data/pcas/pcas_can_585/pca_referenceLayers_can_585/PC01.asc
NCOLS 494 
NROWS 529 
XLLCORNER -117.166666666667 
YLLCORNER -55.5 
CELLSIZE 0.166666666666667 
NODATA_value -3.4e+38 
[rows 184 to 206 of 529, columns 312 to 363 of 494]
3.84781685368603 3.61469720214131 3.54253708982602 3.47509071572694 3.46459421327763 3.46050619555912 3.43886800366773 3.45431951249191 3.52451923275022 3.63868165744281 3.53755903078996 3.59344349568437 3.48280819774633 3.50082090463629 3.47172903592258 3.41301680499936 3.32114116979438 3.29389993798143 3.22018452302865 3.13603866943063 3.05381867203495 3.09300899349266 3.04967711305219 3.01262638759172 2.96748424479108 2.964491463119 2.94667289061664 2.96628523224395 2.91778289364917 2.91396854963884 2.81878186173128 2.75057678513912 2.71362636016419 2.68094064187793 2.66820169067641 2.66605345342654 2.66053786659282 2.66948157049979 2.73628445457446 2.79440011369587 2.7866723295453 2.87207031319627 3.01044114355507 3.06370195855524 3.0901792866733 3.11699665899838 3.12967326473762 3.11382488211351 3.20563018417547 3.22148519072394 3.27326125354772 3.25335519604899
3.66241231849085 3.44360745748417 3.44563927315923 3.40880890727205 3.39123841065262 3.40817736392851 3.36937777624278 3.62521729997042 3.68328852617829 3.65315771232842 3.63552470753317 3.52657417728371 3.44811100789119 3.43325808835933 3.36155620796025 3.31366270744625 3.26823827533649 3.21311242649921 3.08292885031416 2.7233904894874 2.60986586134365 3.08178905487568 3.11886247056776 3.07191968647537 3.05341836372393 3.03263799829542 2.9944285580884 2.99555261853563 3.00298320053985 2.91100056761592 2.79349262393216 2.74242558552209 2.76394511855968 2.69777729837231 2.71382109027353 2.70151166920683 2.6505401761197 2.72671297846819 2.81328485343975 2.869933861279 2.80674858149511 2.90996048601242 3.03738749105027 3.09481857022967 3.12804473637976 3.1553577108563 3.16517790186755 3.1946285875099 3.22753951681065 3.29115391577 3.35003573144179 3.31091832228116
3.43284143193979 3.39196586381689 3.40229568325068 3.3959295346362 3.3355312977843 3.28577517565482 3.47349852626134 3.70662947355824 3.67919551838992 3.67302307431771 3.59666593174877 3.54967951645137 3.42221949194546 3.3663244233302 3.30193687912698 3.26537278694948 3.22818290175409 3.10611792955431 2.82902831952883 2.61693210437756 2.99427804146847 3.19011920226624 3.18254779102319 3.10875519561507 3.10720953022404 3.08894358916765 3.04637271921528 2.97807826754849 2.9801299920254 2.97386589097794 2.88187228874091 2.8232415747483 2.7953654486155 2.74425055223725 2.66830307044891 2.66724893683698 2.70751926292223 2.80525033315375 2.87192201939804 2.90187484586082 2.753090286697 2.70686416821875 2.96703309754034 3.10093808338455 3.17965114637179 3.21556362035697 3.24311001929005 3.25821598861043 3.30532722295584 3.37497135617514 3.4049421060574 3.37788027948043
3.36120391193589 3.35628893934879 3.25011274075151 3.27782748325624 3.41965434406012 3.46002097130043 3.44377003277646 3.67452202735107 3.65646392943199 3.61925153978541 3.56036326007735 3.51271989533839 3.44483954650895 3.33642686685089 3.25573297876962 3.18798931202462 3.20220943420926 3.03235471836167 2.91189437820656 3.00304291970256 3.11877611034649 3.21800270171503 3.18983472019115 3.16642564619198 3.21612632742259 3.16112314297081 3.10177842742284 3.10884543672129 3.05583321616483 2.88488520778238 2.84357112178424 2.85180357412172 2.86648692451922 2.92601500755057 2.84208114119559 2.623168513015 2.6869384833636 2.7985885608759 2.93413438685092 2.91652109606958 2.84993334281754 2.97255815185995 3.00113280664435 3.06867171232542 3.20326725228714 3.29682979851433 3.33033377627282 3.35051112322761 3.40418210394721 3.45485062706189 3.46631813267196 3.49575075077044
3.31012880994263 3.25276664397239 3.14429593414028 3.39804872061068 3.57989785202821 3.63996226925781 3.5134182998388 3.40254385762472 3.24451008774745 3.59698332055294 3.49068706508095 3.41946607271794 3.35073649456442 3.32006513224141 3.18972064679331 3.16029931845579 3.14998963771168 3.04975213389387 3.16190052858575 3.19145674012858 3.26756162195268 3.26082744463336 3.2093843459895 3.19906428216689 3.32557940340304 3.27533549115681 3.21049888917347 3.15080979662973 3.14825287849909 3.09034620289861 3.02910375594106 2.9766993258475 2.94721544026342 2.95587313135473 2.94207302381759 2.94847390834858 2.7650086171491 2.73366782117799 2.94291394538678 2.86671696960638 2.92205052704062 2.87689555032655 2.93246032490098 3.00531462394136 3.1821138817587 3.33310605616059 3.42304374732136 3.47176072287829 3.49881579894113 3.5245191298282 3.5548716591509 3.5414926095205
3.28597386003508 3.36091829674583 3.5276579602365 3.57294468424791 3.57703336964216 3.55256634859435 3.62841609009566 3.64364023284608 3.50162163459544 3.02794697039756 2.88021674429698 3.29604695569105 3.28175111460669 3.22391989509845 3.14672912314018 3.09736405453587 3.04506816391629 3.1232690082373 3.21027681441249 3.19078350501947 3.17043185767152 3.21214878805544 3.1811539884556 3.25783700270399 3.33683386367414 3.2997510879651 3.24339929644387 3.1846104528202 3.18050302389406 3.14565899275681 3.13016380085732 3.07502924594437 2.99701519310821 3.04460688474702 3.00207663569847 3.032983488631 3.00829704601104 2.8827873482951 3.01263795166951 3.16114047145974 3.14145372971866 3.15647235648476 3.01685031059423 3.00443148296324 3.25306324978377 3.3124201863996 3.42859053674243 3.53942986660005 3.61301371606831 3.63576089215524 3.68224173236375 3.6140247472314
3.49850674132055 3.56005294710256 3.57628105304597 3.59519616483129 3.57374520292102 3.64000538359376 3.64026883652995 3.6508689019954 3.66654767241338 3.58964075673844 2.81111641372679 2.772339393594 3.23444557152457 3.17322357063539 3.07060067273316 3.01830814391246 3.07613009963713 3.17330263520807 3.14713293478004 3.22126187554527 3.19840300487157 3.21096857127801 3.19765355470019 3.30130866821012 3.37844650668425 3.36770953787688 3.27215001922961 3.22535355115106 3.27187151346981 3.19094364542206 3.21397198222397 3.24104623909379 3.20610556358467 3.17660821754444 3.11827438530277 3.10223362895362 3.08937125475704 2.96859809332279 2.97794144651511 3.21732289693306 3.21004016829929 3.25834005918524 3.17928814785715 3.21986072295171 3.34693733545917 3.4541799693057 3.55859073332045 3.58032168919503 3.70730989957421 3.74914768145318 3.77924529759691 3.79129805153791
3.55045226851623 3.55680246880725 3.56601469416676 3.61008768913648 3.6169227089584 3.62468522155446 3.70078135394406 3.69304812198045 3.64960053038321 3.61618119722185 3.51287102061669 3.31913246281233 3.31092183441863 3.19762564443474 3.12314323012509 3.07443548046442 3.14455356213698 3.2155764309027 3.22617272064805 3.2242338046089 3.2498949445213 3.23783267906578 3.27062976262167 3.301900329951 3.3538942706506 3.34993682265367 3.33297446238114 3.33256173914741 3.32752384828923 3.30052643995129 3.32074577468411 3.31545181027936 3.31774013335691 3.27116912159049 3.26847536719785 3.26096863316281 3.25070701675757 3.15553674892939 3.08634696151247 3.26465026149436 3.35996601242099 3.40694868010999 3.39598599141533 3.37013971187931 3.49575706801116 3.61791755350458 3.70222252556859 3.74586304665484 3.814240159073 3.87674496387989 3.91742027273567 3.92447475819569
3.5142125407022 3.52850153337149 3.56961248631987 3.61400447439178 3.64081283249395 3.67464025337834 3.6791885258415 3.75334647267422 3.70129262843421 3.65062416010912 3.63308015408484 3.56190796837456 3.41653572274434 3.32214353930655 3.22820520986855 3.22542960990374 3.25001199663514 3.24477817037977 3.27094789243523 3.29520999014044 3.3298860517643 3.30457953869293 3.33357666755432 3.38468375966543 3.41688718460193 3.3496673876742 3.38450358084607 3.38157498076275 3.42525180907697 3.3971299933329 3.39790673454152 3.38046787777881 3.34002276494213 3.32450580240179 3.33140364769357 3.34077859232706 3.35489036522032 3.35865369120969 3.38312075671981 3.43238336374953 3.48867059079606 3.56631847945045 3.62513709344987 3.61187441394826 3.65603347292835 3.743777035766 3.81444551142373 3.90221171288979 3.89921589018286 4.05945160321583 4.11751756570713 4.14491775266913
3.50905141776879 3.52776596777721 3.56430083697697 3.600954616381 3.66607757672287 3.71577261681696 3.72331413684314 3.74769945953389 3.7586843120886 3.71101557768164 3.65944616257215 3.58866401149637 3.48689000570459 3.44195218801657 3.37284380880208 3.37449765351537 3.36778424471686 3.39299786459714 3.36194055936653 3.40107300494127 3.36915454973555 3.44076969373124 3.43875823635025 3.50237435418016 3.51000743121553 3.44592069955242 3.46057641900229 3.48193674220156 3.47530276789671 3.4504658464979 3.39360869962208 3.42614620570186 3.38173009684604 3.39141598375406 3.39015398094855 3.35733028907548 3.39921879320357 3.46725781313302 3.52041278362552 3.55383390053394 3.62875734061067 3.6981253036569 3.75849921571253 3.80275552968685 3.84090036368583 3.96795873197564 4.01719083733479 4.06663385744392 4.14650075357267 4.1993633988003 4.21667292125413 4.27026106413533
3.48941720533911 3.5181155501613 3.55960163037008 3.6047866616331 3.68884072881998 3.7558597509863 3.80410796724668 3.83022492201229 3.75518382252415 3.7214065003483 3.66565309461089 3.60000386797153 3.56143911944925 3.54426475833084 3.50386009034983 3.51834413734396 3.49627755530671 3.51355386312037 3.4811919548802 3.47439281171082 3.47025216708684 3.52084850199273 3.55491288513938 3.57699795247766 3.55673530834511 3.54298576858347 3.50164517468901 3.53357823038388 3.50790351861084 3.49842686130432 3.43898471874931 3.43977637171931 3.44551281687199 3.43265326836187 3.49425898361778 3.50943664007023 3.46755783840663 3.54860429157812 3.625264442675 3.68046221139547 3.75638621193948 3.81303210173156 3.8947602841678 3.94392762320184 4.06562387670752 4.11468015952902 4.16487841393099 4.20395878380492 4.25672346232966 4.29486987807107 4.31290934848649 4.39753134518077
3.44606731003893 3.50775349510162 3.54419827401203 3.61813366855096 3.68273540203554 3.75831349320449 3.78948195131304 3.80673022033221 3.73363263640186 3.70729780901924 3.70230239756855 3.65541014679938 3.66239345990987 3.67331916330542 3.63370268699251 3.66328152893518 3.65705103951775 3.60049849821395 3.54169823760831 3.56169885995295 3.58218127360187 3.62134671078746 3.64742615584047 3.64183925240696 3.62590971662769 3.60138157988756 3.59002972837483 3.54116050792695 3.57150290526835 3.54843992593626 3.53075304958505 3.5291893003997 3.55481784327097 3.56702303046043 3.61127505558154 3.62420339447764 3.56851720252367 3.58665006926354 3.63425007865558 3.73582026360898 3.80896776217457 3.89864888585663 3.91890674332271 4.05133231246739 4.15724403918733 4.25741488028801 4.2830744225448 4.35964951734864 4.37440825527793 4.43329596246602 4.46179500159954 4.49573953403143
3.42268321243804 3.47928867972347 3.53318956404299 3.58937733225499 3.65627270443867 3.72129130306589 3.7564146098383 3.75415573206973 3.72471148977615 3.73795723982348 3.70096920981903 3.73094775622645 3.69212231055627 3.77436627660693 3.78004111501289 3.80956871324311 3.7923135924414 3.73368124682579 3.70285489998207 3.68183487060355 3.71376059722389 3.73532492409654 3.75484695565917 3.70188484752509 3.69552993123165 3.67760441884323 3.71920043792927 3.63653858914066 3.59886534590537 3.62795595070296 3.61881272421897 3.60759832112657 3.60368265913803 3.68848047823697 3.66864127979853 3.71114782579211 3.7323149715648 3.68182907904459 3.68409102818598 3.81037484169395 3.84228990409902 3.99501832188304 4.13596726688698 4.15865715754959 4.18599748263701 4.28990283102307 4.3917195247427 4.48347342974878 4.50485384097591 4.56061256813026 4.60076330257486 4.62399184349272
3.41072695081087 3.46975964271744 3.52233862948141 3.56898002952787 3.65074163659104 3.68960994963366 3.71057142999752 3.71084160238379 3.72463732059297 3.72314079109855 3.67870836891888 3.69894939653776 3.77166755422184 3.82540832013338 3.91754790942754 3.92435668251208 3.88501346646423 3.86980719025162 3.87169848667742 3.88134301359628 3.89107146037097 3.85916350737029 3.85801179428837 3.81224238518096 3.77285979928882 3.74508166591963 3.72805207303894 3.68983440978825 3.67539492050847 3.66776406307466 3.67155491557902 3.66583884037033 3.64819849483623 3.67894866328309 3.69823448468976 3.77662092777068 3.80170398149324 3.72828574099609 3.7417545577026 3.82987389927638 3.93049127031675 4.0875274684684 4.18066214933687 4.13241041726511 4.24849990443942 4.2511259491039 4.40982442642389 4.54681129140385 4.59601242311532 4.61113897371631 4.64437316607663 4.68451798594604
3.39285910120683 3.46361950978658 3.47900707980924 3.52629665928425 3.60991960722876 3.63625450529006 3.67128024212192 3.67043705644633 3.65377244131781 3.62692435829273 3.66568996801702 3.69778281906493 3.75838806687851 3.8601803839161 3.92736920184086 3.9667566907536 3.9725846909228 4.01660066371495 4.0284184224907 4.06445750164167 4.030548355964 3.99250147809933 3.95304892591354 3.9096164288879 3.85402721730324 3.81662328723315 3.77268893368151 3.73866770580096 3.71912253572492 3.68446985262008 3.71326084008661 3.68215515111428 3.69371806098112 3.69068535288769 3.68399135137755 3.80274625103457 3.83614521983985 3.7285724192716 3.78970179016435 3.945290619665 3.93620490711736 4.1032069749632 4.23352377602081 4.25242340561584 4.22790122023491 4.37648501448022 4.48123404380861 4.58496044814084 4.62714518817473 4.71010910890752 4.72950546977808 4.73277598747661
3.43028212566171 3.4776996577851 3.5184020680193 3.57003706504815 3.63665546598466 3.6672694752225 3.67081185008835 3.68482902088681 3.65288689501845 3.5908671786522 3.54772810375554 3.61434286884741 3.73834989401974 3.8130164707794 3.92747819835276 3.95438069039996 3.99155798408323 4.09139750469574 4.17946352162001 4.23350737119111 4.19543223237087 4.11706578761699 4.02967994515641 3.96299832259539 3.90167230529574 3.86911003235016 3.81366051520203 3.7823213674594 3.78244057784112 3.73078824261226 3.66950838125704 3.67494961535577 3.74882458017923 3.74684968629028 3.71382470033165 3.80175885370758 3.85315115237728 3.79746232109829 3.90387100873058 3.99814971829498 4.07868098625101 4.08685240968736 4.23185812456146 4.30083499815725 4.36711509052275 4.47333440841432 4.54087047362945 4.58410515818488 4.66243437221251 4.76264270242785 4.79706865298518 4.8072050229748
3.45061986757811 3.50107568253636 3.53563905667322 3.59341879576133 3.6359894303979 3.66784102982406 3.69261970006963 3.70357335406768 3.70002481327992 3.65846316853529 3.58625449731805 3.592969490629 3.65333323602705 3.72776332489539 3.87812004288693 3.94628313624828 4.02702116188912 4.12302753896502 4.28643256618953 4.39278011010477 4.30291336347409 4.17922062908405 4.08374151870969 4.02691347343653 3.9200882763029 3.89299167446044 3.8401480043959 3.82074965958954 3.79990718719056 3.80624800996773 3.71819419385025 3.72483450762625 3.77870197894105 3.79098613258803 3.76262941961231 3.83811245155875 3.8828034661439 3.88667704543601 3.87881165758674 4.05121321475382 4.0989791959081 4.10118697352914 4.15970533192485 4.28779156478033 4.39235544802833 4.47231068034709 4.56638818590403 4.62814601838208 4.68642249315941 4.77587751580977 4.81805235048649 4.8265964558697
3.49528017853305 3.54526025325605 3.58610799805404 3.64001124278778 3.67537243315499 3.6951243403612 3.70285891248414 3.66335615252372 3.62998499718994 3.6125618344088 3.59006245639974 3.60106739706079 3.61101084131093 3.62435247588283 3.76793096498147 3.90441335512122 3.99752646479461 4.1156036293318 4.23450978638321 4.38111624809447 4.27661529539042 4.16831594327167 4.06875255945936 4.03152990582421 3.92643752862842 3.8931175146862 3.82887046321434 3.81725698738836 3.81099454962748 3.80354602093813 3.71717183003179 3.75036892177243 3.77551122429279 3.81407826056883 3.82156647083868 3.82308946714635 3.8482598327275 3.89481352206138 3.863665925197 3.97612919296851 4.08973439842032 4.14959257459291 4.15104974498658 4.12615693331303 4.23989558673999 4.41867393895114 4.47753036005474 4.634096849681 4.7505619410547 4.78723989503424 4.71779989839269 4.81017660620096
3.53297551601848 3.60411635197243 3.63164381562498 3.68159372138677 3.69491008309955 3.69985227535719 3.69873136503069 3.69412361884439 3.67418327124349 3.65485969345694 3.63509573822597 3.62191965028428 3.64477767039315 3.61760486150472 3.66887570136786 3.75819644578866 3.83483441129073 3.93287343658051 4.01077150420275 4.06524283897336 4.07161330287184 4.02562383800069 4.00455276929106 3.99893086426245 3.91950731592945 3.86659602599066 3.81800754883226 3.81405029027843 3.82613221266056 3.8170447939073 3.80913517869912 3.76889979093449 3.84048139761309 3.85328409718909 3.83213899493735 3.8523825680895 3.80655075208788 3.88084176464467 3.8796741849531 3.95688576170199 3.97783850226287 4.03343806996504 4.14006199799932 4.16148102940947 4.17683478545818 4.2967632752251 4.42996275336654 4.62659924792939 4.79180469559953 4.78557662035902 4.75137813835317 4.75165826303873
3.62070516835788 3.67422523583356 3.70960448745529 3.73453215609134 3.75418349548584 3.76465277906331 3.77290884385688 3.75802154693445 3.71894240941188 3.70790693288902 3.67242382321383 3.66353460502394 3.6648995765841 3.66925449019054 3.68728288367957 3.72559262703708 3.75957950146961 3.74563915517359 3.7054976256899 3.74993263958141 3.85480041131486 3.92984325637648 3.95614557550533 3.928587509531 3.88636580460586 3.84062008471108 3.8257957397141 3.84158920268247 3.87076079455751 3.81772787495029 3.88160931817806 3.852856759663 3.87577340328325 3.86110177313233 3.77752843695709 3.80492476488733 3.82402318345335 3.85152298657923 3.87311942691921 3.94760055946025 3.93627187724698 3.93606366842864 4.10052286749234 4.14166203486666 4.22015088988685 4.28301243716045 4.40888694255149 4.5691031071236 4.65201430621218 4.73095889365875 4.71658666929223 4.74285837800704
3.71157751010282 3.77753273310903 3.81034621813386 3.84669888634621 3.85757979680745 3.84930056429832 3.84704036880649 3.82444011861986 3.79904857421433 3.76524186217108 3.7429446581383 3.73752896308539 3.73740631209948 3.74607325073457 3.744994084788 3.75839707864679 3.70551176875943 3.64678668935286 3.53935123121358 3.52601788180569 3.70364182767824 3.84033526036068 3.90476547740919 3.93130052942466 3.89840930053519 3.87654240723508 3.89446597826124 3.89733789169484 3.89532105723842 3.86699707705107 3.91541016216589 3.89973679825346 3.92041725137571 3.87390791299357 3.78889348002457 3.79762916158342 3.83733822659674 3.86613543113078 3.81543516328385 3.86156631719711 3.90328925860351 3.88402440149721 3.99625316846109 4.10447760297073 4.15950424366939 4.25042795298943 4.27352418703805 4.3660082636751 4.45456575100602 4.55310117352805 4.56010300708536 4.53944569020157
3.84035968198525 3.92759273190443 3.98424838719563 3.97504982073906 3.97496014196878 3.95468642616614 3.92517439079493 3.89713199674185 3.86813679628749 3.84080839880673 3.82147730193267 3.80189224966776 3.81566112563313 3.82657354117367 3.82389615826042 3.81298129963451 3.75762381526614 3.69410369326832 3.62454649852084 3.65290959927301 3.74623970001017 3.83997820882802 3.93192072012484 3.94328722592234 3.94663960826287 3.90405422962299 3.91683424228355 3.91718810806063 3.9258526218995 3.93914779627795 3.97138288309343 3.9678644278992 3.95605086440063 3.94452078562799 3.90024578703389 3.82810540339644 3.74792946293935 3.82664149403612 3.84103251936923 3.89305063507753 3.88196587387768 3.8525621219941 3.8872380425436 3.98681906717195 4.09033443822894 4.18905092082772 4.23111721645549 4.29178350702401 4.32447529554455 4.36192313871146 4.37579999133845 4.36814781565874
4.03027727151957 4.12962101072893 4.16018786377884 4.14083566832338 4.11840154186851 4.07301314128459 4.03011660343484 3.9789979040857 3.92732606469054 3.90144676577858 3.87813747475523 3.87831754802084 3.87290183715643 3.89603067269588 3.90524945296348 3.9171871181365 3.87212334552117 3.81223528295386 3.76629778581686 3.78410313852536 3.85485218700047 3.93133153799985 3.9752102214083 3.98824208601703 3.97887763636065 3.93215027778816 3.95522087991395 3.95251578209895 3.97343151526768 3.91362059532829 3.95526031909984 3.99579661176819 3.96544243392696 3.92654548064416 3.92720561618388 3.78123749486873 3.74124917739702 3.71745510001798 3.73045591297041 3.83885050310757 3.83806858656462 3.83409319965066 3.806425064091 3.87143982216054 3.90319270868021 4.03415972958688 4.13373385829695 4.23490466058948 4.32229544731843 4.31158520712066 4.32129551377515 4.24554266379162
