data/pcas/pcas_can_585/pca_referenceLayers_can_585/PC01.asc
NCOLS 494 
NROWS 529 
XLLCORNER -117.166666666667 
YLLCORNER -55.5 
CELLSIZE 0.166666666666667 
NODATA_value -3.4e+38 
[rows 253 to 275 of 529, columns 364 to 415 of 494]
2.95487708707318 3.02328149613947 3.0514653157954 3.07644430876241 3.04509193684409 3.1098083164983 3.10767335954901 3.10363949086082 3.10004658234304 3.06367292953466 2.97517654971048 2.90555154096749 2.91988069629665 2.91664012271868 2.86628769808241 2.80385639850629 2.91199500612435 2.88755421753508 2.85620213015756 2.79433148532777 2.73547517826154 2.74853844069762 2.60718729095269 2.71620101170497 2.55061338303527 2.53190846264225 2.49629078484675 2.42752724933036 2.39409816359744 2.36982192218383 2.2781127542546 2.26314818025669 2.3457685028072 2.39286889281378 2.4094784363018 2.38145975220724 2.36053494418936 2.34552861850242 2.33738839400365 2.31282780460717 2.22028914143078 2.17207654044901 2.11155973239519 2.05106397870378 1.94296086814189 1.70788031581353 1.66559264332931 1.67374417119531 1.71355871631048 1.56835420257697 1.46938604468141 1.47027890462299
2.93551702811772 2.98845671874365 3.02896178133676 3.06137150370746 3.07491809018128 3.06255663013265 3.11486525811789 3.14826451436467 3.1387983042461 3.12999527928857 3.02171893790397 2.9224220549093 2.90065898321934 2.86459027143597 2.83536490644039 2.81097289500361 2.78901945667845 2.89326718558318 2.85983021963189 2.80000145239829 2.75046431452383 2.71904243748716 2.70730018882109 2.55307729782233 2.52784402609357 2.5135648877075 2.47549857120698 2.43881363753718 2.35860695412097 2.30898222343179 2.26327222852172 2.31654450405372 2.37668329126397 2.39468824457268 2.3806277022077 2.35730672753925 2.34819578977471 2.30715304156147 2.27649592080145 2.24087080425148 2.17795395891417 2.14125652930971 2.03299483715641 1.96725890421067 1.87144280424009 1.64921159201821 1.49727392521885 1.58269106086287 1.6427449309781 1.40832378916738 1.38655828910439 1.41175929528638
2.85884377417704 2.94817185484525 3.02543735980567 3.03504970521536 3.01217825842853 3.04905119634596 3.09138700357686 3.11287775822407 3.12628779062864 3.13345891829192 3.02391119533101 2.97445354462215 2.87818960755203 2.8197959627512 2.84384330119958 2.84549418107494 2.7979086917561 2.91140495544091 2.8518042303391 2.83581497364612 2.76389845272611 2.77416800280755 2.60678657222659 2.53016009390381 2.51380455138635 2.50903145803645 2.44737558894395 2.40999451755892 2.37822401515832 2.28701235999253 2.26288737020425 2.3457373883024 2.37389080537146 2.37610676796911 2.35159067774291 2.33512864364885 2.32076271228177 2.31331696739489 2.23504164207771 2.19916232807897 2.13309375742257 2.06319157478002 1.98208039519642 1.90525537839278 1.78616513885428 1.61954858680876 1.41400121858243 1.53404925079223 1.59022086099199 1.30798949908118 1.3004444363991 1.36420214679953
2.80863134540767 2.86070558770045 2.90980075397284 2.94266691355178 2.9440967658876 2.999616293847 3.11236522639409 3.08732973017928 3.10353374733982 3.06236891641389 3.02251216802879 2.95267485475341 2.86749612931307 2.80093275263065 2.82579808564912 2.81806920276501 2.94978901318149 2.9076001562634 2.8907916709755 2.85850402471442 2.82966164962177 2.78528004898324 2.71644718468655 2.52111766068193 2.50587680425169 2.49833882196512 2.45417837926248 2.41662842617135 2.39043794734888 2.3423933502585 2.30075766521973 2.35255933217769 2.38975713223345 2.3672235864035 2.3380679913634 2.33058269454222 2.29926206903105 2.28067353551588 2.21888487081056 2.17881851402248 2.074085091556 2.00217901681818 1.94521921258255 1.85247965551649 1.7262720594129 1.58119877132548 1.39882086797076 1.41062453221387 1.59447939911619 1.17600276265807 1.07365919552922 1.30819313601319
2.74087243243097 2.75070275276669 2.80145195709712 2.85184438719127 2.88462886801105 2.9452963977366 2.99316836642085 2.98680704232195 3.00155628859863 2.98294233213311 2.93235718604249 2.87480725472334 2.84712092503249 2.76562782570086 2.75411677594753 2.77246226517971 2.9513555087066 2.92254564290262 2.89119706032002 2.85110597107916 2.82921793728825 2.64283713272479 2.71729421728936 2.51968170732569 2.48393574861813 2.47100191324212 2.42456024315025 2.39236673324888 2.34128002458292 2.31544063085046 2.29774699576908 2.34434320949511 2.37096419897849 2.33570958204409 2.31670409116993 2.30576140323598 2.27744919670156 2.26355834815179 2.18448650806095 2.11620483305242 2.03004180716702 1.96891879114232 1.88862418035508 1.80967051267674 1.68514925167204 1.5506933841969 1.13698930397511 1.12870288878745 1.29320722607028 1.28206911980279 1.14686549643195 1.1443014877026
2.61760058993453 2.6417929021662 2.70617503368445 2.76413560814109 2.79480513401659 2.82418871490167 2.86454493918464 2.84176962067395 2.83771989000541 2.83738390712081 2.84114967211816 2.83466560593566 2.75948021038708 2.70528493635364 2.66593917220914 2.87418952867508 2.94593720226704 2.94621723415074 2.89503564806321 2.84881221221625 2.81705642322736 2.75016657672744 2.56379497063427 2.4940179353151 2.46831974799399 2.43823059945356 2.40685967947147 2.37890657164709 2.37122167903748 2.33884228797998 2.28916536850174 2.27208101288625 2.33396647012036 2.32482301109675 2.30074004492669 2.3176032787368 2.29115888431171 2.22579250569198 2.15714256602977 2.09850639544705 2.01644263392762 1.94192294986568 1.83867438323937 1.7705632339249 1.27277249803995 1.19206971758191 1.13440317153274 1.07432951845369 1.2371071189437 0.976691255699695 1.0189800322552 0.822248558802266
2.51709218296951 2.5617063578603 2.59411693054457 2.65225335725788 2.68196447712381 2.70098219360987 2.71891195264483 2.72052992951893 2.69218387163948 2.63651443098393 2.68306234560731 2.70229069235871 2.67526197278959 2.6358646706597 2.65004551159493 2.82506572301485 2.87163736231247 2.89356827559687 2.84097763746639 2.77755506204397 2.7784596429222 2.6914634770158 2.50140361696094 2.45729392723289 2.41229626480016 2.38903193262641 2.38034311858938 2.38422630606987 2.37552228126943 2.37485026108703 2.30416486260922 2.23054218632951 2.31613616607753 2.31179222216334 2.28682752145394 2.29861824990962 2.26994017786811 2.20055030315736 2.12514711210694 2.07289260590295 1.98977773897178 1.90306483415149 1.80802772197269 1.38561260109572 1.25753538905482 1.16657720191171 1.07616886107884 1.03870234384341 1.19748104421701 0.998518672838004 0.813537741085011 0.763561040787344
2.44335288539485 2.47336912314409 2.51108913382498 2.5385912794972 2.52879368254644 2.54670967684065 2.55111711606288 2.53647987418929 2.48723343093156 2.51227754688918 2.51650505410348 2.54586644309314 2.55111124800492 2.7131709564833 2.72133846893217 2.76188173077573 2.76853186470493 2.77784117346995 2.73219411153151 2.68670062553212 2.6876594400392 2.61427792212213 2.45600177460169 2.38718866941873 2.35323362969732 2.33364924060783 2.33542325652178 2.35728417985628 2.35580335755136 2.36989436528914 2.35169210131641 2.3255799075622 2.32096702824575 2.324253868555 2.30646656185478 2.29893772500424 2.23627178982047 2.16357198641758 2.0859531515426 1.68107551230308 1.61718906360744 1.88951123760405 1.45101925688694 1.37830412702232 1.23119102304256 1.15881945017928 1.04981961440909 0.955264641537235 1.19506218686892 0.973701274331542 0.81285169672211 0.706254543909121
2.35267491510355 2.36673150440035 2.38150902947436 2.41433272376691 2.38572226263741 2.37149855946626 2.36316977951497 2.3376468220271 2.30102169143323 2.31389998289267 2.33420636828789 2.36445721497323 2.42094988180977 2.59764062928947 2.62892537631691 2.64466453169125 2.6469453985374 2.64202935710748 2.60944576305415 2.6163360480996 2.55938511358177 2.52986122430059 2.36441779078476 2.31369557264359 2.24852744862676 2.24404299045018 2.26885011174005 2.2998123933665 2.33817483814222 2.35280336425826 2.35404063608699 2.34364617602638 2.34016563905009 2.32899430881694 2.29597901932709 2.28664391190296 2.2283267169403 1.77307963219289 1.72466402902676 1.67120623744339 1.59133309187286 1.54463906313373 1.45008996627925 1.37327859405667 1.24415142962747 1.21636154028927 1.13035306173423 1.13061828485274 1.17368493470517 0.984694169474081 0.909445344715203 0.740264702500836
2.20570161508507 2.18525142156146 2.22568870558687 2.26647493928976 2.25113336599587 2.27013375878118 2.26682298690772 2.26485914947214 2.22774061794704 2.17873212205109 2.20802061416503 2.29439378660171 2.31253076165965 2.4927111398114 2.50586463883755 2.53062266209449 2.5186807976596 2.52068343152274 2.49870549736415 2.48255442210802 2.43068073164129 2.40205276135682 2.37929301356854 2.20816122644224 2.14518674133045 2.15917184070642 2.16874449981497 2.2305257815739 2.26894694453956 2.29507639914752 2.30402116183252 2.30720286026931 2.32727395274325 2.33104174008765 2.3131061613896 2.28260832830079 1.86840816469115 1.78278408349225 1.72265058036989 1.65209141850278 1.58567073202813 1.52651447770945 1.44932664571388 1.3676427675551 1.26780382660824 1.24258306443359 1.22104506916044 1.19804392909909 1.00575097641401 0.970113809813099 0.925381610578232 0.86165216867819
2.14445251873999 2.10532398438434 2.118561456437 2.12159017933884 2.14125071808837 2.15005248713314 2.15959363555807 2.1596420538708 2.12699076962293 2.13134272812117 2.29327405890038 2.31697576432917 2.35085549470476 2.36057646000231 2.36641991136395 2.38720709982469 2.38624087899535 2.35195709453128 2.34835440079717 2.36158594836489 2.2954453620673 2.29728584455766 2.24388344720609 2.09757070654607 2.05789872561296 2.05949501784641 2.07484327462285 2.15506480799027 2.177883715999 2.2169202221695 2.12909807370568 2.14467979593052 2.30998855512879 2.34012250576851 2.30819206739814 1.92748583100531 1.86820267797756 1.78314229633247 1.70960551769728 1.66187875744583 1.60708667549823 1.53671776279906 1.47054844645955 1.38936584706398 1.32949292976093 1.28491105864797 1.24238088503237 1.23727763229724 1.05652073711295 0.980319082216756 0.966848028079541 0.925031314231964
2.09260790253656 2.08645783239964 2.0725182967676 2.04482908735242 2.03038850609704 2.05140775677396 2.06602009290181 2.05689905388369 2.20078366878549 2.05296999191758 2.21292140386123 2.21151168099084 2.21739256489931 2.24893738564014 2.24071275655339 2.25160643062343 2.23526372036149 2.22120708755574 2.25016136508808 2.20938458797599 2.17897363523106 2.16052194945057 2.00858625757343 1.98963360715415 1.95591230677846 1.95236796565929 1.95570132853931 2.0417733296023 2.09517280686006 2.14095921594563 2.0631744303433 2.12190484728446 2.18103715329561 2.31547183693638 1.95511983707148 1.89416458831899 1.83202822125189 1.75809939318933 1.6922423578018 1.63903264660375 1.5690957035366 1.55402799002742 1.47078135550833 1.39789082987507 1.35743953174197 1.28909241451191 1.25597554949409 1.24038022574196 1.05029908612764 1.01595489423428 0.994967339119839 0.905142896944375
2.09560301331161 2.08488074601671 2.05151093997105 2.0001755051162 1.959428817286 1.97169322718096 1.9924128253922 1.95718634130057 2.11696142943623 2.13100682937803 2.13553488034721 2.12157268739594 2.1314326704332 2.13505253221527 2.15338552039226 2.13186304375569 2.11332108640104 2.11261778162908 2.08484954584488 2.06372845616454 2.05111816231826 2.06125272815019 2.0433942960103 1.89815573464607 1.86657336710204 1.84535618395771 1.85319780472317 1.91426730784031 2.00567329709913 1.93731345819455 2.02464802947031 2.07956620691738 2.14257006386097 2.16138612491764 2.27304210822661 1.87636840685908 1.80539999188891 1.76747134286777 1.67045685006061 1.61957491914903 1.57810574013332 1.54258091590553 1.47553567655858 1.36281996731609 1.34106797741225 1.28658235977539 1.29240042010844 1.11097551564464 1.21695933067163 1.01481502881485 0.950155988059533 0.89483487868062
2.28791416921488 2.11613863378432 2.05845397987356 2.01028763849412 1.97597644926196 1.93850870373023 1.92546745534524 1.92406555169897 2.06320930105329 2.05621245534888 2.04030217530446 2.02764776551547 2.03365283471225 2.04596125544606 2.0252852479675 2.01853635627633 1.9766987298478 1.97995326052803 1.91740803090131 1.91428690096797 1.50924842877896 1.46137720945461 1.81867301353255 1.46441707399569 1.80977570456414 1.77405230075505 1.77225923455096 1.82231135577946 1.91251081730067 1.99208820941253 2.0859433290949 1.83895508310532 1.89544441543463 1.89889854698173 1.86288901777327 1.80936419657959 1.75459639512979 1.71662365155263 1.67523711910393 1.61116982223082 1.58931749969464 1.5729097260814 1.47020986116735 1.40480038033184 1.36144238109697 1.32219831731614 1.34788246293713 1.14743205160069 1.08053074029713 1.01998831360043 0.980625776999887 0.893159506592926
2.38743234022946 2.29587281683663 2.2406454638993 2.19330989409258 1.99976984611294 2.11392059280101 2.06894913568308 2.04443512148594 2.00597458499892 2.00113413532634 1.96587562056724 1.96008743635079 1.97594307342676 1.96126639650919 1.92442187647093 1.90309124642586 1.87568363117636 1.38308639337138 1.32486159615983 1.31589913990248 1.33748723499317 1.37661880399049 1.38388430879005 1.39130870405499 1.4110553566212 1.7367853561881 1.76909248745103 1.47387064080915 1.70651936151827 1.89765278605751 1.97922027878408 1.76553028897155 1.81018198666838 1.82498107363962 1.79942287639295 1.7737870919284 1.7133043044562 1.66689950441546 1.6155278542623 1.59255973660582 1.57044549325906 1.54830290019571 1.45681333674378 1.4024810794234 1.35257725251424 1.35915120449308 1.35490513370914 1.18024264460509 1.09411359815346 0.97506117690484 0.916304275444837 0.850643291298736
2.53663933160989 2.38205486289809 2.30335444921751 2.23313109350146 2.00994288537504 2.1306556361162 2.05083538103407 2.00687647514568 1.99110698384117 1.94777891414939 1.9554371270997 1.92193490470623 1.89149896148545 1.85987528591914 1.8570513969352 1.34533306542766 1.31976932289379 1.28342845120914 1.25935324257114 1.24676605269657 1.24442273306294 1.28219750827519 1.30813891777973 1.32428573013168 1.36648828375937 1.4072631222163 1.39109409016391 1.4690854627201 1.80213245100785 1.58618339753087 1.61754174631707 1.67990611420363 1.73669153702779 1.76820265417953 1.7380251608008 1.69253445089892 1.66559772033474 1.63953942855862 1.59519206660892 1.58094530680311 1.56834096597652 1.50704710931268 1.43327158474665 1.38403029811653 1.36665684110102 1.35586876722672 1.34458040379317 1.173926115387 1.09817406368402 0.944714767246212 0.836232489581787 0.737463399618321
2.60801157398049 2.4314997155966 2.33918329169116 2.2772811311536 2.18229573415439 2.14282124012314 2.04845459939506 1.99787203515576 1.96305367612024 1.92545197869445 1.88595052303939 1.85765217372677 1.84539449239528 1.82128520315807 1.30662910432871 1.28330647473635 1.2383871539704 1.22025887292518 1.2091016149985 1.22273695219583 1.20441823586604 1.20889973437743 1.21609440897159 1.24478549299229 1.29145881581794 1.35258442241247 1.34710306197371 1.38558799343089 1.46361177011821 1.51443656491549 1.57921907177598 1.60655986096303 1.64699279501686 1.68623833426272 1.68309572511857 1.65039488767444 1.61309566071853 1.55835296348779 1.528046285925 1.53485038619132 1.51456597621698 1.47554163097757 1.40955167700633 1.38056437964986 1.33796255250249 1.31940071967063 1.30078925596654 1.09517749080686 1.03830146067583 0.933770547375092 0.783025355390998 0.646499561766077
2.56630512703332 2.4400439235319 2.37774231708773 2.2699207231824 2.21688397461887 2.12923259881932 2.03484520439854 1.96277768473977 1.94244408585531 1.8811224832378 1.84214041321067 1.82276120167276 1.31232448431484 1.27842015647414 1.25006187275045 1.21005087491378 1.18725869524543 1.16566822039103 1.17203179939654 1.18404954985284 1.18334350966164 1.15587163786785 1.15853878895262 1.18567276114575 1.22461148576954 1.2632892427978 1.31399459500618 1.32298020841482 1.3895857017201 1.40124752311759 1.49408670344344 1.56602789918922 1.57653060613535 1.59683337010586 1.58762987056487 1.58335554596037 1.55783865615262 1.52543573193661 1.5005975137415 1.44985276623431 1.44899830796867 1.44272508710374 1.40040641208141 1.36770780734467 1.31008937373582 1.28336835181855 1.24313661312709 1.17880910991428 1.08677331283873 1.04364500879891 0.898730492675965 0.785707199914814
2.50779708386921 2.42709192703835 2.36373882805182 2.26932095289198 2.23048857929489 2.11936213247426 2.02512919764439 1.95725287687831 1.89102133595949 1.85131442749927 1.33259239323233 1.31360900193829 1.23737661957679 1.2347097881985 1.19326650013012 1.15776146831061 1.15377014541623 1.12040853323529 1.12181565032616 1.11404072026179 1.13228512994401 1.13349314838133 1.11544880608261 1.11881906964697 1.16202273863828 1.19780686896788 1.22341555281988 1.25163185017365 1.29277301750893 1.34447501228145 1.41374574032118 1.49531400830364 1.53661000041516 1.53885978443004 1.54978307472764 1.50287236067388 1.48660882576643 1.46168422863399 1.44231574531377 1.41309669190748 1.36606987295197 1.38439398963274 1.38179304081485 1.3542638306892 1.27522643604301 1.2564110554762 1.19338183453697 1.09148036789368 1.01862101335752 0.994076508749545 0.892971433227317 0.796998503383686
2.44991169341803 2.40651149842989 2.36899685724208 2.26019841716646 2.20931195440842 2.10526172387768 2.02100608486335 1.91452170429371 1.85464293137521 1.32593899458853 1.28147850052228 1.25422370000473 1.21369056795444 1.16792887732229 1.12391353994795 1.10420521779986 1.08999906077515 1.09003008119117 1.08547796034534 1.09745199213026 1.04439656765573 1.08856250237083 1.06131169587418 1.10050593972878 1.09983549477751 1.12552837623579 1.15592615072362 1.15659253782446 1.21498371355895 1.27645637967853 1.375100172139 1.44292853400642 1.48600111530381 1.47850422749877 1.48616606784564 1.4304182382861 1.42153280524655 1.4836971102212 1.42113929274998 1.35831034574005 1.3340236530875 1.33662157676065 1.33906991870863 1.29081667727327 1.23299162177004 1.21534891116216 1.14046384249689 0.987056695957941 0.754431458306837 0.968556107156441 0.846747023985204 0.807850914453289
2.39962291194888 2.35555150939825 1.97441531234236 2.26138528724491 2.18545748937972 2.08530600000623 1.9636211718571 1.87596301252874 1.82815101679503 1.27160186265715 1.26077137145086 1.19639691408681 1.16597962370373 1.13062423813476 1.09084991789284 1.07956647171603 1.03775954266033 1.03198987958759 1.04188956952666 1.01782107739218 1.00628979345073 1.01992257455951 1.03483518204688 1.03518816521756 1.05776858872689 1.04167059184748 1.07788991897176 1.07758326351994 1.15664732732473 1.22663489197975 1.31231842249361 1.37821973433484 1.403233260477 1.42824626123484 1.39649272327016 1.37064848855355 1.40492256141932 1.4144042672673 1.35938404059822 1.31191526383225 1.30909059101839 1.30957828848163 1.30933805737354 1.2552438071246 1.19972675769775 1.15050000900699 1.06894555013794 0.918626064259175 0.838101310144774 0.944714430791447 0.824950029814521 0.763680796439674
2.37854056044143 2.3349323785732 2.29444223564229 2.2412105356079 2.15962906305409 2.05845731960133 1.92892444799633 1.83950877650646 1.77930546559044 1.24990924945884 1.22419794486377 1.15344252566236 1.13058354878735 1.0617811809963 1.04022717278756 1.01019745867986 0.967069460573887 0.975214729600827 1.00721390630906 0.964880695071099 0.968403113099623 0.976784071124726 0.998101990926259 0.97508367656278 0.984307334869247 0.980481191202914 1.02055178262527 1.04809160302326 1.08519747385716 1.21061086801411 1.27707711272022 1.32738648483793 1.33907011149621 1.36526114107682 1.34162655601831 1.35141581558983 1.36156909003814 1.34775570668331 1.29896625812723 1.25523473425819 1.25404396804036 1.2790707507191 1.24474747519785 1.19661652995 1.14699241588221 1.0972988930778 1.03314814549956 0.899226681627674 0.829475302672629 0.90312995974453 0.902239757457513 0.478407878765014
2.32711855119236 2.28943605735912 2.22889470147921 2.19447791719113 2.09388075767101 2.03284758890454 1.88679921532681 1.79901418184385 1.21518158593265 1.19952372429078 1.13423726641614 1.07749662139595 1.05309731946528 1.01551681400445 0.987195556173672 0.935190718775253 0.898402119101666 0.92358811289936 0.918326387345591 0.894243670849181 0.896956607994337 0.925851138839436 0.916503732637376 0.947513552983182 0.948538587622233 0.963020577259038 1.0024953664963 1.02028652319882 1.04908769989737 1.16908360551683 1.22890345854309 1.25548497878383 1.29721006315858 1.30606251127459 1.31681823597297 1.31091277050203 1.31558397065391 1.26420104727769 1.23923664827526 1.24862872021421 1.24009530392986 1.23303197832466 1.21201171032758 1.13863722516344 1.09456407094627 1.06943225665785 1.01886959973049 0.82921452216065 0.836365443079665 0.884848243675077 0.884193389644876 0.600626239318852
