data/pcas/pcas_can_585/pca_referenceLayers_can_585/PC01.asc
NCOLS 494 
NROWS 529 
XLLCORNER -117.166666666667 
YLLCORNER -55.5 
CELLSIZE 0.166666666666667 
NODATA_value -3.4e+38 
[rows 368 to 390 of 529, columns 312 to 363 of 494]
-2.86350732678607 -2.84282089523033 -2.80839809570037 -2.74772030716707 -2.68199076723334 -2.63413992416568 -2.62505247671982 -2.63365958449688 -2.64515869250913 -2.63899981451855 -2.62515360402914 -2.61087908417793 -2.58694400294653 -2.5621518005162 -2.51313325935302 -2.47618274013283 -2.46348174007938 -2.43880033042575 -2.3924090338924 -2.35033071311611 -2.29288082557547 -2.23968664374817 -2.18145334238819 -2.12633890288286 -2.06108791769384 -1.99152623399772 -1.95018163608752 -1.88293971833142 -1.84952735935391 -1.7808097798612 -1.75742745822029 -1.73163928638134 -1.73334675925113 -1.6957721475292 -1.6619552626371 -1.59955830106165 -1.57954490459821 -1.58425409616541 -1.53656995981839 -1.50191020584492 -1.42685050637587 -1.34445786922762 -1.27158398824873 -1.17607137672505 -1.09992613740183 -1.04315330721155 -0.995933533538839 -0.894295085499435 -0.819697900175462 -0.7719337017895 -0.743351750320808 -0.704400272050846
-2.88828451887362 -2.81932496193678 -2.80760836114388 -2.7275183991709 -2.63090841132964 -2.65330602905368 -2.62910895416464 -2.6204544314509 -2.63370070204431 -2.63698467070237 -2.62753850870891 -2.57793232088862 -2.56781258761478 -2.56177100883438 -2.52321265987731 -2.46749457101081 -2.4622824753036 -2.41726445240321 -2.40039842122384 -2.36492905738811 -2.30705851952818 -2.26048828361758 -2.19382651311333 -2.12457608345663 -2.07450282831076 -2.03891022149874 -1.97058490924859 -1.92055332784452 -1.84989398021422 -1.82629163711168 -1.79114378063937 -1.76292263235321 -1.69835298270819 -1.66135990867862 -1.64966217142025 -1.60275695486035 -1.60249610251652 -1.5788763218136 -1.54909474751741 -1.50926910389321 -1.42694554032876 -1.38521573660863 -1.33694914682272 -1.25773280088337 -1.14998825565533 -1.05755865806802 -0.983061528254788 -0.899713137725103 -0.840823642645191 -0.786513206559889 -0.760321361418938 -0.720360157803008
-2.87489642555996 -2.85470913726876 -2.80133210062401 -2.64950017823013 -2.62618305094609 -2.61802803311981 -2.6010549446731 -2.68422823480267 -2.70784233569338 -2.67457366488472 -2.61306004720414 -2.58916614681636 -2.54796272843659 -2.54230932657747 -2.52256315432122 -2.47916866272512 -2.45674473237821 -2.408691338542 -2.39148837067647 -2.34493491752831 -2.28959641912983 -2.24499040422738 -2.20487318767464 -2.1239956098954 -2.07597919979938 -2.04001101073839 -2.01342375948198 -1.94783854303432 -1.9012002508938 -1.85747659837617 -1.84122730379985 -1.78618005428772 -1.72375236486356 -1.66121632027512 -1.64454473528861 -1.59685719098153 -1.62829400531557 -1.61331154876327 -1.55039506106276 -1.50388396476273 -1.47433158583483 -1.44897349038569 -1.39685115892789 -1.29508605253171 -1.17447612929315 -1.06017597368222 -0.982397604880563 -0.929093257258366 -0.869589434127232 -0.817303512487705 -0.763757962209012 -0.717754070521349
-2.85927069674921 -2.86396385127026 -2.8264778189803 -2.66691441713733 -2.63334658992008 -2.557457710019 -2.68969225124605 -2.76559524047167 -2.80890285545156 -2.75365176627488 -2.62541877256475 -2.58001990244895 -2.52704176492523 -2.52268056970677 -2.51387116572303 -2.47557601152023 -2.4321026223098 -2.40544532706983 -2.37313355641372 -2.3264409145514 -2.28743524540851 -2.26168751559407 -2.21760808743424 -2.14697737110979 -2.09965835821035 -2.05800643468876 -2.02721317222643 -1.96776430682436 -1.9566201315669 -1.90373309703935 -1.86598121436496 -1.80573632072066 -1.76317918809127 -1.6484779676104 -1.61077397034324 -1.62386348733099 -1.66007481826083 -1.61312909432918 -1.55232896294515 -1.52335650721619 -1.49312475914753 -1.4454762122648 -1.40965134286631 -1.30354095184269 -1.17999237658224 -1.05935917045589 -1.00079482864028 -0.919230480971042 -0.872729230635142 -0.828746625942885 -0.765338515142049 -0.727237549982322
-2.80060772750793 -2.7611319432068 -2.83710781979428 -2.65450260854386 -2.58411917117447 -2.59192491810352 -2.71941728911035 -2.88487610558101 -2.9305391853237 -2.8188970839761 -2.6435019504218 -2.55985515382507 -2.51833105130596 -2.48557407783218 -2.48135535230357 -2.46651399898143 -2.42873796000454 -2.40926092523723 -2.38078506721378 -2.34289773036916 -2.30721506425736 -2.27405117049837 -2.22801095927507 -2.15476207332941 -2.1060164046517 -2.08264597216768 -2.04476045377982 -1.98714079740027 -1.97385653704794 -1.92338874417055 -1.90004631189129 -1.8568454457457 -1.79475014936846 -1.68117233842945 -1.674719329632 -1.664360308867 -1.62290276615114 -1.63739321651593 -1.58481971577168 -1.54022855778202 -1.49397527330623 -1.42053079218849 -1.36185171719081 -1.2658578274072 -1.15220144459338 -1.06017577813541 -0.981433240321125 -0.911696785483987 -0.862945737042503 -0.813991226183161 -0.76437296930848 -0.743663233873146
-2.77135614290817 -2.68440035925114 -2.84313513257972 -2.71233702347995 -2.62967170867193 -2.70297758300756 -2.87584277713393 -3.06784262230754 -3.04290816562429 -2.78663927115514 -2.63576195832832 -2.5625358161252 -2.52717566068779 -2.47833861932653 -2.43141998582434 -2.46078157762571 -2.42354473270377 -2.40079557621879 -2.3818477898902 -2.37192439223504 -2.33730357860543 -2.28958656989642 -2.24768705894388 -2.1791918267735 -2.11060515106794 -2.08587177762729 -2.03280812995717 -2.04655818973398 -2.00921036916883 -1.96406497565468 -1.93829642604091 -1.89283639367695 -1.81943089972217 -1.71380679668725 -1.72948989888772 -1.70741656072984 -1.65109653209845 -1.59181722967211 -1.59281293862017 -1.53594089355615 -1.47961985269891 -1.40635569622528 -1.30861108612351 -1.19641413405497 -1.11346969733389 -1.02533224066299 -0.947926829213088 -0.892464961591849 -0.838488714371276 -0.786468318674305 -0.79151801604263 -0.777671749058019
-2.72262184588151 -2.70152795275266 -2.72906999719638 -2.80199525354542 -2.7241395690605 -2.83668106845011 -3.10032120724882 -3.21936911318297 -3.05406885263614 -2.74032899308706 -2.60036794375968 -2.54775555713139 -2.51780287898696 -2.49264591455066 -2.45393105588805 -2.44769036365052 -2.40111103656239 -2.36530283006069 -2.42260894322123 -2.38616936710356 -2.33965927290591 -2.30052920262117 -2.24415676751671 -2.20915016391904 -2.15917717820573 -2.12057261574671 -2.08175476422383 -2.02978485439677 -2.02350733103713 -1.98407048821971 -1.97389550483534 -1.92432262639586 -1.82800450299162 -1.74026842962679 -1.77668674510375 -1.74597659177518 -1.6842996094429 -1.61655659200087 -1.56237813389741 -1.54678779528075 -1.4646607183023 -1.37818847799804 -1.26687443224847 -1.15673531469608 -1.08618886308022 -1.01314099213653 -0.933915177717355 -0.870151763390687 -0.828417763585295 -0.856065954476402 -0.86479622065541 -0.857420083651222
-2.67516579473053 -2.66201997465627 -2.36903942023195 -2.83545540048381 -2.8518989969992 -3.09713004746843 -3.35794812693863 -3.22270212497551 -2.87836358906011 -2.6916813761999 -2.61033943922203 -2.54112416444051 -2.5488765802967 -2.47936886568872 -2.44132603452653 -2.46110774099904 -2.41404127110116 -2.42107870017427 -2.44040796714712 -2.4068224093685 -2.36730505977376 -2.32218982243696 -2.2488865678369 -2.20730974078746 -2.18459872228954 -2.15068938974588 -2.11463071455838 -2.04896452115002 -2.05094150085917 -2.00924260750873 -1.96993995754894 -1.9316989741769 -1.88304875991569 -1.78792978299223 -1.83888751611128 -1.78270454917796 -1.71457870661421 -1.63604622914724 -1.59491295872056 -1.49573119857338 -1.45215711568236 -1.35625060867841 -1.24953742978247 -1.14662579292392 -1.07372941887464 -1.01647538939829 -0.968486331972408 -0.913520008288987 -0.90848596913364 -0.915808023189322 -0.933064988864771 -0.933851204181932
-2.55302723352773 -2.56007793217344 -2.54996215902108 -2.79885667118661 -3.02448789293564 -3.3855104151505 -3.44141834213908 -3.16466268295167 -2.85256350154464 -2.70519078496667 -2.6142189626061 -2.56572580052579 -2.56349262329035 -2.51536978609775 -2.48445628939147 -2.4545308112181 -2.36813446041586 -2.3482196043781 -2.46841165034348 -2.42619570709198 -2.38277657113218 -2.34641412903651 -2.28486357507689 -2.23416092059346 -2.20211612624678 -2.1613781332906 -2.12879968762506 -2.09399806847939 -2.06742203007602 -2.03258735764214 -1.96335643972603 -1.93458363608096 -1.89018368749296 -1.84151170183915 -1.87104606566515 -1.80935119271516 -1.72643108703687 -1.67031016773197 -1.60174329745289 -1.50635533627004 -1.41317066281808 -1.37027238588149 -1.2683931710275 -1.18093940430732 -1.0999369841087 -1.01110553706402 -0.965232541701339 -0.974854610014186 -0.951252221868052 -0.956775364667664 -0.968677358460006 -0.961362744867965
-2.77012339701235 -2.82520211537025 -2.82534053009003 -2.9171463257424 -3.16440250669661 -3.50837877600116 -3.38523759356771 -3.11965393768959 -2.88845173881519 -2.73655507384141 -2.62797338686573 -2.57856233670128 -2.57702442563406 -2.51967552378764 -2.44180033112938 -2.41777625990077 -2.42961511812062 -2.39183322889015 -2.49626443151656 -2.47367094884837 -2.41815551874829 -2.37381378667116 -2.32832238297755 -2.27376292815921 -2.22963774845332 -2.1781353868959 -2.14464808270198 -2.11382920966877 -2.08263735274261 -2.0327169938035 -1.98000428944523 -1.91073927595358 -1.88568769740043 -1.84136459083663 -1.88041669320282 -1.80714366613747 -1.76618676887011 -1.68977734505533 -1.60169735063061 -1.50969898146506 -1.43036494952695 -1.35293860989604 -1.25203996628345 -1.17159592488311 -1.11113274260518 -1.03121662953895 -1.02506900905933 -1.02883920418614 -1.03987840150811 -1.04482676758694 -1.05194309073947 -1.01762513568901
-2.84911715038165 -2.91778080372722 -2.98849560806618 -3.20785690193449 -3.41203457206865 -3.56317024159564 -3.37803574688921 -3.12227131447719 -2.9402974302526 -2.76472477387817 -2.65807894934489 -2.53616935082044 -2.53470696104765 -2.51655065736379 -2.4951821557652 -2.48199070334443 -2.47796698786972 -2.43476908931194 -2.5153042802058 -2.50523108560884 -2.44709308784258 -2.40496007672281 -2.34708313744755 -2.29985123285002 -2.2592446271023 -2.20614755723872 -2.15798567702048 -2.10616195014982 -2.09055634494977 -2.02622060548783 -1.97513377433381 -1.85075302898303 -1.86273038408305 -1.84316715282422 -1.88488667044014 -1.84883687646697 -1.79060412184424 -1.71538441424877 -1.61562074956621 -1.54429489594826 -1.45983966864252 -1.36969781162996 -1.28218460390443 -1.19246355636423 -1.10275983396066 -1.11172442539655 -1.10161268977491 -1.09680116392702 -1.08053933036303 -1.08632822311624 -1.09692687477431 -1.07547649191256
-2.91964050206475 -3.01471424246283 -3.17421465071182 -3.49745109049595 -3.76989789064948 -3.6196400199054 -3.37149534659162 -3.09642863779223 -2.90066534871469 -2.76048536540338 -2.73183071829349 -2.64053512789775 -2.58775694635147 -2.55583579220574 -2.53984404610284 -2.49555739989378 -2.49745134771703 -2.47549956334434 -2.56456085875129 -2.53982207803101 -2.4838504143015 -2.43680365558614 -2.37027945366735 -2.31624087727127 -2.27370689326311 -2.22508701561593 -2.17639332606782 -2.12446509786869 -2.09388459896503 -2.01855371485691 -1.97248070687877 -1.89042235616383 -1.84124293972182 -1.84157679551379 -1.89661761025423 -1.8678667398051 -1.80934749041986 -1.72328824451502 -1.66605441039842 -1.57159265809241 -1.48063024633397 -1.39346978580572 -1.30376025300912 -1.21649973817937 -1.2068966641073 -1.20579561475439 -1.20356584980634 -1.18039131562246 -1.16156014841776 -1.16540156772059 -1.19715018495686 -1.19612391356723
-3.06314591660762 -3.17471799876153 -3.26832512168971 -3.64174031111582 -4.05267428998913 -3.73420968541476 -3.39603912355939 -3.12645674699141 -2.92960266235807 -2.81043235173389 -2.7241925596617 -2.75817013196388 -2.68695121094325 -2.60352234624027 -2.55019967622227 -2.55789093435488 -2.53195699490785 -2.51348807239215 -2.6123963273315 -2.58427161842963 -2.51766527813963 -2.47141391624678 -2.40801442730515 -2.34325809796689 -2.29783212871236 -2.22526648627125 -2.18129271743077 -2.14492205336051 -2.08841698870671 -2.01638187526224 -1.96573491828714 -1.85833250862552 -1.86651642765519 -1.9102939768532 -1.91801674199328 -1.87543942274788 -1.8055240927412 -1.75602246805398 -1.68611304869329 -1.63015925450499 -1.53538015318987 -1.44872634398113 -1.36610798575009 -1.28261695945507 -1.22793311316234 -1.26113730893089 -1.26528172323967 -1.27760766175803 -1.26447534258739 -1.25885897245026 -1.25314326530455 -1.31632709333083
-3.16932879116039 -3.39588170140305 -3.57765266545049 -3.7830165694313 -4.18180724236147 -3.73066913494728 -3.38729273256081 -3.09458492988527 -2.92642308503064 -2.86021510796169 -2.78606791911939 -2.77592242974321 -2.76364806979758 -2.74973747697289 -2.69308013245887 -2.7074090520025 -2.67362432485129 -2.68719905648869 -2.67292121312281 -2.63207957394403 -2.56428358870844 -2.48928348147204 -2.43867177577812 -2.36842002482501 -2.30344253878475 -2.2497940388361 -2.20703738226306 -2.16846912469719 -2.07679074212233 -2.02193700096189 -1.91370937173514 -1.77134515505515 -1.88903044917697 -1.96167972152499 -1.93995050892798 -1.90235885213628 -1.85160616252 -1.78405721151172 -1.73283638486807 -1.64640725870713 -1.56402682221327 -1.50117229037118 -1.40902529882216 -1.29195405030127 -1.28778828883533 -1.28769031907557 -1.29769063217118 -1.28842086611149 -1.2966480264652 -1.34269605277424 -1.36648505569652 -1.37284465020736
-3.30548219611589 -3.79543056275548 -3.98362948151171 -3.89379992776336 -3.97015338250618 -3.55293353461073 -3.24031242693369 -3.05854232866807 -2.95593008638547 -2.88928305932226 -2.83155731090089 -2.82996710836983 -2.8369108794255 -2.86003965608669 -2.82878311348256 -2.81645075607791 -2.78799518255453 -2.78184886619596 -2.73302296712121 -2.67566685390258 -2.60886867398174 -2.52620214203599 -2.46021543458215 -2.39615151348963 -2.35574331062293 -2.28715269986878 -2.21578613305594 -2.13659730041104 -2.05634472169691 -2.01062642309057 -1.87672034702763 -1.87299304006952 -1.97184740428471 -1.98654094582942 -1.95158449311105 -1.92434956942156 -1.88170606121842 -1.82924289303392 -1.7407716314363 -1.6788380425592 -1.61743358057922 -1.54188357468831 -1.45307858819036 -1.36798696936105 -1.41122014246836 -1.39294427203846 -1.36420501741059 -1.36127768093098 -1.35961450230343 -1.36214074921069 -1.3865195719826 -1.38728077702652
-3.5003367757069 -4.1262449790935 -4.42196503297863 -3.79029419740839 -3.55338909980213 -3.18475630849745 -3.06235861627121 -2.97971812847246 -2.95253430529709 -2.92233866019227 -2.90991424864753 -2.90139876592313 -2.90060939747716 -2.87804082929393 -2.90541106747831 -2.87117154491301 -2.85598253917941 -2.84927488119354 -2.78949443327205 -2.71642391528315 -2.64403210415814 -2.56105412863128 -2.48114865610978 -2.40642754813904 -2.35934030951027 -2.30475794673243 -2.24000853226578 -2.14529260584632 -2.05251909179938 -1.99916467679191 -1.92300016503935 -2.01517031516165 -2.01531185038768 -2.00198436288878 -1.98830606948168 -1.97097392138909 -1.92198331400413 -1.86809238382798 -1.82037473667914 -1.74696812814136 -1.69563841594887 -1.59216720968459 -1.50186554972689 -1.4093739094679 -1.46743892230461 -1.46402472054236 -1.45184681427435 -1.41777012797931 -1.40774336984123 -1.41185524023887 -1.44078390412955 -1.47484454612526
-3.70532582930758 -4.41092160475035 -4.43489826187453 -3.6027529990556 -3.32180836276714 -2.9889171682962 -2.93215640516748 -2.95338583625219 -2.9535947955701 -2.95284072169053 -2.96181220143037 -2.96607755361511 -2.95202261202764 -2.95584259169369 -2.99520768285196 -2.94953621237195 -2.915814435365 -2.90390448568732 -2.84093492835756 -2.76948239347028 -2.69872934854244 -2.59386999110882 -2.50044865304119 -2.44572481624712 -2.38593363242333 -2.31319320805628 -2.2186291271601 -2.09880787307009 -2.03638310298517 -1.95525728837717 -2.02885049853619 -2.07426480705498 -2.06778964117798 -2.04147532236145 -2.01972978936318 -1.99534164280921 -1.94363203158379 -1.90453341064207 -1.85575996866946 -1.79793775025921 -1.74548349052165 -1.65214639626719 -1.55949180519174 -1.5503633941479 -1.57121081748527 -1.54525255230562 -1.54028643053777 -1.52383907938826 -1.51046847009809 -1.51241124250047 -1.52774095033895 -1.57213568922552
-3.69014260501643 -4.54847830724372 -4.67468761016455 -3.76006279513595 -3.298415671689 -3.12518131839861 -2.99079562593204 -2.93210610641134 -2.94277170104454 -2.98127091804526 -3.02100733327613 -3.03067304901797 -3.02966135740218 -3.01370844845929 -3.06486112703803 -3.0230794354574 -2.97671053552934 -2.94538477075629 -2.89831499271226 -2.81874554115449 -2.74296565088653 -2.63229850163601 -2.54635859683626 -2.46662298350359 -2.40543799247614 -2.33479268450184 -2.19355372100082 -2.07850519578373 -2.04642495380922 -2.06539416936985 -2.13762106830757 -2.13740905947281 -2.11198785492205 -2.08881135072515 -2.06495530020073 -2.05536848114065 -1.99279320911062 -1.96216302248963 -1.92773333837999 -1.87806033225964 -1.8236915982237 -1.7308812628135 -1.66257490020691 -1.62560355501903 -1.61818467374233 -1.58805152917525 -1.56566449410486 -1.59946800913461 -1.61556178060333 -1.62884023714149 -1.61554426407405 -1.6565908186171
-3.50169081183785 -4.2041896775175 -4.61873176211737 -3.68523472983183 -3.26503132537373 -3.16444937037774 -3.07703366750345 -2.99946702195625 -2.99265677698007 -3.04776801203275 -3.08005943513825 -3.10362405291152 -3.09811775923503 -3.08654210333734 -3.06517751494686 -3.07221809160225 -3.03215126021181 -2.97322835690482 -2.93013939317041 -2.83704162822808 -2.76449070495877 -2.6624962490068 -2.56391091135816 -2.48774988129537 -2.422574283755 -2.31753021407149 -2.17164437027665 -2.10750840731132 -2.15065671308667 -2.15962396839701 -2.15920501993143 -2.17615599008113 -2.15396531063574 -2.12987859014701 -2.11313073403054 -2.09080238693026 -2.03719988422855 -2.02037653247684 -1.98969055530976 -1.9429130522676 -1.86084461118199 -1.79113971131973 -1.69843535433464 -1.70274575993544 -1.68063750821312 -1.64107297296453 -1.63218952962402 -1.61663364316068 -1.66068037272225 -1.69754452836657 -1.72267831144984 -1.71862510113729
-3.21098398891293 -4.53315640471887 -4.06964900861962 -3.64646985479815 -3.46855259778282 -3.28973474936256 -3.1698000165664 -3.10506134705591 -3.09558472993906 -3.1244959203457 -3.1509813504964 -3.16705351619856 -3.17676445292939 -3.15992207664899 -3.12447651875964 -3.13946874249208 -3.08227183482062 -2.99637626730858 -2.94092428023225 -2.87380064717012 -2.80544270548185 -2.69716976794107 -2.57983359430846 -2.51184783276948 -2.4296025834171 -2.27585081486274 -2.09712758374863 -2.22781494174467 -2.24527336199355 -2.22349997819331 -2.23190516606573 -2.23217027723815 -2.20011539878754 -2.17520151098174 -2.16227462779964 -2.12107831016037 -2.09485725612861 -2.07376878951088 -2.05152357160001 -2.00971064117755 -1.93188912969437 -1.81593038122777 -1.76792725642928 -1.75416399280464 -1.72753078783568 -1.6876236721611 -1.65756391317801 -1.6853945284495 -1.6894816751004 -1.71580414172264 -1.74714597968675 -1.78274468057847
-3.20958706974658 -4.59597760702111 -3.79647890415764 -3.53696765910699 -3.52316976958118 -3.40025587335971 -3.2491221950289 -3.21307823092756 -3.19229371663416 -3.20960609015946 -3.2355989638108 -3.25139893431298 -3.25516555039764 -3.23309427179511 -3.19238303905608 -3.18777350860681 -3.11718478494566 -3.04500528213577 -2.98361868968723 -2.91820849328478 -2.83373667451317 -2.72113973737731 -2.59733585675318 -2.52315771901163 -2.42982164467592 -2.23354415302245 -2.13457027617023 -2.23257467081889 -2.27971883316593 -2.29380465658302 -2.28103696146493 -2.25740344142595 -2.23162335732782 -2.22969253313349 -2.19875568146049 -2.1806485064281 -2.13985950282562 -2.13160213168289 -2.10206719879659 -2.05373075053032 -2.01099197656535 -1.89073732270477 -1.79761928790255 -1.77818727816356 -1.7398317307467 -1.69348226190009 -1.6519714004254 -1.67721148791023 -1.69243763559587 -1.72658368056902 -1.76096279238928 -1.78756114016797
-3.27044339449098 -4.54392703364865 -3.79623890994433 -3.47611731714511 -3.47602273895641 -3.421344046526 -3.34821851030429 -3.251973809649 -3.24166207800716 -3.26792768719973 -3.31196232965507 -3.3336313857532 -3.32634324650152 -3.30440556451693 -3.29447701993412 -3.2294323856407 -3.15129721167006 -3.07171629328624 -2.99062698010333 -2.95544102543541 -2.87417444769197 -2.76393751619167 -2.643940786925 -2.53500205196385 -2.44708958744456 -2.29816310356921 -2.15669625813193 -2.21326789196535 -2.32463738041372 -2.34449987573685 -2.34662754207231 -2.30578416845561 -2.28616636999232 -2.27649103771944 -2.24915166031398 -2.23149800522859 -2.17910060681055 -2.18686554370613 -2.16193876211583 -2.11298145136773 -2.06906126081118 -1.92686985263056 -1.8575785273677 -1.83551142822206 -1.78067865830805 -1.71273800797478 -1.67421234389124 -1.68164300414243 -1.70608143806097 -1.73282233308701 -1.77248805970357 -1.81816303032144
-3.38492841211785 -4.41412884748803 -3.91966526593306 -3.58401572364975 -3.57661478344795 -3.51618579435873 -3.3409879145122 -3.26777839723989 -3.26815995170768 -3.30720839776677 -3.36128599837153 -3.38072800803261 -3.41062475257045 -3.35203317687648 -3.33064940071315 -3.26793288155865 -3.11502870995468 -3.05034640855767 -2.96499882145721 -2.98543891838548 -2.91075923490578 -2.81099010551344 -2.69915927072486 -2.60320061009308 -2.47751514682922 -2.37298657071848 -2.21823208633688 -2.22650845307123 -2.29954356122818 -2.37201065211957 -2.37364375157819 -2.37700052607535 -2.32306994847661 -2.33212434872475 -2.31655242597664 -2.2765624156779 -2.22397752218483 -2.24211962245879 -2.21305031754284 -2.17204197135008 -2.07155692841252 -1.98728374895766 -1.894075836228 -1.89408447413829 -1.79855428787547 -1.72944894800792 -1.71855131384818 -1.72563611175006 -1.74801063694118 -1.79321703924421 -1.82081474718441 -1.83945518087335
