data/pcas/pcas_can_585/pca_referenceLayers_can_585/PC01.asc
NCOLS 494 
NROWS 529 
XLLCORNER -117.166666666667 
YLLCORNER -55.5 
CELLSIZE 0.166666666666667 
NODATA_value -3.4e+38 
[rows 0 to 22 of 529, columns 0 to 51 of 494]
-339999999999999996123846586046231871488.000000000000000 -2.77893239896979 -3.01567476866636 -3.57453737390643 -4.03089208961787 -4.28725061341516 -4.21127227833178 -3.39310047827139 -3.2010012237246 -3.40003543316393 -2.86529272640711 -2.97352999921286 -2.98249671557575 -2.93441023372424 -2.90227052688722 -2.82556508240863 -2.73607544723811 -2.7549417935819 -2.96326274061595 -3.00351838485786 -2.9864055225544 -2.87280583522869 -2.8490692014297 -2.70142335043169 -2.636929212274 -2.71134914091152 -2.70609118238057 -2.88068836467022 -3.03655812272115 -3.1790864083529 -3.12336598235574 -3.10507117583044 -3.07607900927274 -3.0775366623817 -2.98443183906369 -2.93925495458431 -2.89719753468217 -3.05828976340197 -3.29064235890824 -3.22479611492017 -3.43399893342026 -3.85467348454228 -3.94121571689463 -4.03770604996283 -4.04254072703843 -3.99821892006317 -3.992196446221 -4.06973388944137 -4.28720925188504 -4.38472166558552 -4.50336170157323 -4.55039591073571
-3.4e+38 -2.81294197126777 -3.03804706888044 -3.38336988827588 -3.78777336918335 -4.30392693179655 -4.90269207027309 -4.52575964066901 -3.21093012031307 -3.06399274499004 -3.37414361732925 -2.91778606760028 -3.07024128498078 -3.05114333973377 -2.8681916862352 -2.86841996403483 -2.8758726182364 -2.87812833584044 -3.02074199927609 -3.02419304569218 -2.99217659492822 -2.95978063955441 -2.86239763084408 -2.77326108207763 -2.63347062835398 -2.62554750465713 -2.74631825053283 -2.92436007350514 -3.0399099526721 -3.14414599182731 -3.16014044348283 -3.13671364861652 -3.12962922702589 -2.9012212771867 -2.87776112806352 -2.99121582439657 -2.86066554904753 -2.99841026277625 -3.65303942526503 -3.29451033951832 -3.38561294937442 -3.63080538775629 -3.88432540890174 -4.05537331791313 -3.95035100219424 -3.94810952969927 -4.04093747996453 -4.07613427287053 -4.18294281701632 -4.45006595450435 -4.48563508861813 -4.45781139721773
-3.4e+38 -3.4e+38 -3.09337233765994 -3.38630761277142 -3.64113330622395 -4.32456145281564 -4.88194303175817 -4.62211425271603 -3.15170334591167 -3.17443346207343 -3.03374270446989 -2.94780848170165 -3.05888702798026 -3.04904773678765 -2.91428439994851 -2.87747822430748 -2.88802314549341 -3.0220447889694 -2.87009141066468 -2.98715470787946 -2.87383774163803 -2.88505619786115 -2.85111717666308 -2.85298406973231 -2.71967734297462 -2.7345081254503 -2.85845293468336 -3.02742332498738 -3.19703135371493 -3.19310304568315 -3.23873015933093 -3.16814380966173 -3.08984890345051 -3.08338143076412 -2.91425018249959 -2.96095450197773 -2.80232816195004 -2.74365308492974 -2.89140450836065 -3.43611295951727 -3.44391629568058 -3.62255849864442 -3.75612273951467 -4.00111505331722 -4.0044794904332 -3.91704407068575 -3.96814311318302 -4.08440055970722 -4.08132079517329 -4.35966005192045 -4.33298687704282 -4.42512752448769
-3.4e+38 -3.4e+38 -3.04451482310323 -3.33181807930611 -3.61710229359288 -4.02435014796226 -4.62694444292723 -4.947840481499 -3.51550300390231 -3.09147998584142 -3.05510830165133 -3.16965780060443 -2.98711156045854 -2.97291053340384 -2.88195174820318 -2.87421456113774 -2.80170563556551 -2.84384617879347 -2.92353021569562 -2.80782720798823 -2.75073461105612 -2.82831086618321 -2.80785182533303 -2.7843257943673 -2.80301412809723 -2.79572078603517 -2.93965070341634 -3.08232562129192 -3.23378607790625 -3.12831417612029 -3.11393241084689 -3.11385704534961 -3.08197563294126 -3.12641154793755 -3.04199605514243 -3.09270455454044 -2.96372219460936 -2.92438994662129 -2.98144522339152 -3.22066304386933 -3.43093998353891 -3.55048425008874 -3.690364120196 -3.928916833597 -4.0104162605215 -3.88370011748128 -3.89425467146889 -4.02008185801331 -4.11793581776524 -4.26092054429745 -4.26548623540731 -4.31829398391648
-3.4e+38 -3.4e+38 -3.4e+38 -3.05909133422114 -3.57641044641417 -3.84950480785721 -4.33459158856284 -4.8780903719741 -4.05347524227022 -3.10356522204541 -2.9017651574458 -2.94454029798002 -2.52891712430679 -2.65121811912885 -2.65987506510414 -2.80025415608558 -2.78733591566644 -2.74177617997868 -2.82574985528714 -2.90809067674773 -2.83720523718762 -2.71755950511443 -2.72477129381357 -2.73093488060737 -2.80667343686953 -2.87415489544475 -2.94595451409853 -2.98569543612371 -3.06877693281416 -3.17526338435247 -3.19592836536068 -3.11291559154722 -3.08164761519548 -3.12030673644761 -3.17649976410335 -3.06660436069996 -3.0054010172411 -3.02047990589067 -3.05337645254998 -3.25253483339848 -3.43124407007304 -3.60582420451752 -3.6107043424783 -3.71434481832316 -3.88579501003476 -3.91674207642528 -3.93899342826222 -4.3462891401019 -4.11306730634491 -4.16640295594396 -4.24173654183206 -4.41398531476617
-3.4e+38 -3.4e+38 -3.4e+38 -3.4e+38 -3.47303733871963 -3.83125549784704 -4.27295622542672 -4.60243623385223 -4.5574481145182 -3.70463053978747 -3.08280630448273 -3.01197650827956 -2.4863945450024 -2.42697111411609 -2.48642403879011 -3.4e+38 -2.67432281366016 -2.73433572572672 -2.76600416047872 -2.83821272268541 -2.8102928258153 -2.58797349573756 -2.5438665677036 -2.74416310929686 -2.84871210483202 -2.83105983830926 -3.00122733845674 -3.02745636466339 -3.12673710490234 -3.12325026634362 -3.18519955510411 -3.17853870003531 -3.12230215343594 -3.11433713093743 -3.207974197412 -3.10467453805137 -3.09408386936939 -3.14811637219089 -3.3681119249777 -3.42929418012337 -3.40933757559915 -3.67894110776552 -3.50887730273678 -3.55944960458546 -3.736287484709 -3.80111567316939 -3.89981278681412 -4.13193786979956 -4.07912010740949 -4.17601513856048 -4.24316950752225 -4.33237908477941
-3.4e+38 -3.4e+38 -3.4e+38 -3.32427257203376 -3.43379135097029 -3.74494244391908 -4.32471772667294 -4.42273641053394 -4.38583745104558 -4.28222278555223 -3.56347264880712 -3.21380155861278 -2.44830236897816 -2.36724376500678 -3.4e+38 -3.4e+38 -3.4e+38 -3.4e+38 -2.69974522403293 -3.4e+38 -3.4e+38 -2.76903623708087 -2.61079337656269 -2.78448001202179 -2.79000176975883 -2.88995754821087 -2.89555862814805 -3.08142606789439 -3.15999444458066 -3.11730269892652 -3.07117914518276 -3.15716455031731 -3.19461337891595 -3.17140720610317 -3.2152351543875 -3.21036121908729 -3.13538990850155 -3.08956150445048 -3.23284690934004 -3.52462792536317 -3.44203009618088 -3.56840066249618 -3.46033501738397 -3.49980002797364 -3.90259883070673 -3.79561126867315 -3.79886867835028 -3.92605414118459 -4.02040980484019 -4.19448246762966 -4.19944149481293 -4.29428882742048
-3.4e+38 -3.4e+38 -3.4e+38 -3.4e+38 -3.38205948715322 -3.44572573257272 -3.56617227416139 -4.11516578412068 -4.27635153585558 -4.33220609537764 -3.9489201117849 -3.00656778090116 -2.56943108061289 -2.35969462983786 -3.4e+38 -3.4e+38 -3.4e+38 -3.4e+38 -3.4e+38 -3.4e+38 -3.4e+38 -3.4e+38 -2.73860648682498 -2.78501116742308 -2.85976474337413 -2.87552023881807 -2.83254371412786 -2.91259507832219 -3.01563722518756 -3.04732372524891 -3.00415963174856 -3.06724477984083 -3.14802789854276 -3.05301109876683 -3.08270695416062 -3.08333315366118 -3.18275789621677 -3.23537911776334 -3.31410257930605 -3.50858855940325 -3.5283368104518 -3.42088076928937 -3.40926479506531 -3.47726761332857 -3.6032856988449 -3.93632320376829 -3.67796864181188 -3.75236181321679 -3.84343681228168 -4.14419927588156 -4.11737294059153 -4.04977369299913
-3.4e+38 -3.4e+38 -3.4e+38 -3.4e+38 -3.4e+38 -3.33344188561071 -3.35543727760611 -3.74219873626576 -4.31948227945605 -4.45788451612574 -3.94760387352784 -3.27742551594438 -2.93691447433695 -3.4e+38 -3.4e+38 -3.4e+38 -3.4e+38 -3.4e+38 -3.4e+38 -3.4e+38 -3.4e+38 -3.4e+38 -3.4e+38 -3.4e+38 -2.71673996768661 -2.82014613105166 -2.83809839917427 -2.78792148543728 -2.91326086268253 -2.81128635880299 -2.90190086480561 -2.90391786568565 -2.97654925873222 -3.04147564917881 -3.00588058939083 -2.98762431877758 -3.10057553680012 -3.17078491141574 -3.20551500267745 -3.28765720619397 -3.4151052572479 -3.34570650166135 -3.36963830594652 -3.47144771304299 -3.4996849688952 -3.7570817108136 -3.52609826103435 -3.53131456407662 -3.68500895664667 -3.95121117340702 -4.29329076121627 -4.19627804014777
-3.4e+38 -3.4e+38 -3.4e+38 -3.4e+38 -3.4e+38 -3.25926875320472 -3.29607839175073 -3.52868241642112 -4.13462303274175 -4.9062065158282 -4.59646584596163 -3.39498339694869 -3.11638073106257 -3.4e+38 -3.4e+38 -3.4e+38 -3.4e+38 -3.4e+38 -3.4e+38 -3.4e+38 -3.4e+38 -3.4e+38 -3.4e+38 -3.4e+38 -3.4e+38 -2.80197663115362 -2.76661625723212 -2.67928039946331 -2.82449083766302 -2.80740445549678 -2.79754278570789 -2.85007856918941 -2.83547434957728 -2.87176882118001 -2.81103689712876 -2.89993595750234 -3.06006070251318 -3.11053309834667 -3.2281631441556 -3.15121940510961 -3.28781165042432 -3.40641027108814 -3.39736894897897 -3.45487211159923 -3.43786976721009 -3.59778859411176 -3.51796951866317 -3.54705741530458 -3.87293315183176 -4.23309060025294 -4.11966810124311 -4.09849240183013
-3.4e+38 -3.4e+38 -3.4e+38 -3.4e+38 -3.4e+38 -3.4e+38 -3.24289759346227 -3.41465353209652 -4.01317701841173 -4.82345133105222 -5.31598689060365 -3.66390750902145 -3.41721557722398 -2.90388590888118 -3.4e+38 -3.4e+38 -3.4e+38 -3.4e+38 -3.4e+38 -3.4e+38 -3.4e+38 -3.4e+38 -3.4e+38 -3.4e+38 -3.4e+38 -2.82666681761817 -2.7975875608953 -2.71596031040164 -2.68165261498521 -2.68150469310187 -2.77539480789811 -2.86514614822293 -2.81167288982122 -2.71188584516661 -2.73882857356571 -2.82167636235039 -2.8668119361883 -2.93152010254242 -3.03746956702261 -3.05229898558872 -3.22503184062616 -3.24429070931119 -3.26988636875021 -3.50249904573666 -3.50853383809844 -3.53180514778414 -3.48245480138029 -3.3699361617919 -3.74354127912336 -3.96516793318608 -4.02149233356579 -4.06704601106013
-3.4e+38 -3.4e+38 -3.4e+38 -3.4e+38 -3.4e+38 -3.4e+38 -3.4e+38 -3.33485719818443 -3.82126380461639 -4.21581007524009 -4.83315928134915 -4.45812448734252 -3.40365083357207 -2.88563723914221 -2.64317506656912 -3.4e+38 -3.4e+38 -3.4e+38 -3.4e+38 -3.4e+38 -3.4e+38 -3.4e+38 -3.4e+38 -3.4e+38 -3.4e+38 -2.80304723893009 -2.77208510303205 -2.67885458581532 -2.77796852958654 -2.73222343083675 -2.71039818765295 -2.73204899512593 -2.68720021253015 -2.70424227971601 -2.77511776284837 -2.77339521522506 -2.79850977561965 -2.77325860724719 -3.07447567725017 -3.08870369161124 -3.29683769117918 -3.24317029802906 -3.27752221412183 -3.29463299487936 -3.45861119529252 -3.46146497225661 -3.20636873958609 -3.27440612513271 -3.3276619366793 -3.74041756429669 -3.90232813194283 -3.94269611953457
-3.4e+38 -3.4e+38 -3.4e+38 -3.4e+38 -3.4e+38 -3.4e+38 -3.4e+38 -3.27265601026944 -3.50732601124743 -3.93465765533283 -4.29801421757314 -4.43637252698825 -3.4700262161349 -3.25405774835782 -2.66699386695216 -3.4e+38 -3.4e+38 -3.4e+38 -3.4e+38 -3.4e+38 -3.4e+38 -3.4e+38 -3.4e+38 -3.4e+38 -3.4e+38 -2.85376165345763 -2.78702627502375 -2.61040050729147 -2.80190205131807 -2.82033774241745 -2.72149273865694 -2.75085077885621 -2.73900019804497 -2.7406666780458 -2.81367318054181 -2.82341040125942 -2.77765320671594 -2.90154617096844 -3.01828129574853 -3.08524631327048 -3.19698430952391 -3.13089719987205 -3.07981834698939 -3.12997527179844 -3.34135969748681 -3.39602306092682 -2.98795647124321 -3.34003503976182 -3.51903782604544 -3.32604259085194 -3.78220070063132 -4.23292297200029
-3.4e+38 -3.4e+38 -3.4e+38 -3.4e+38 -3.4e+38 -3.4e+38 -3.4e+38 -3.4e+38 -3.33786045889882 -3.86759383361199 -4.01442250351291 -4.20854014435815 -4.29928027422486 -3.2220903608375 -2.7613133029961 -3.4e+38 -3.4e+38 -3.4e+38 -3.4e+38 -3.4e+38 -3.4e+38 -3.4e+38 -3.4e+38 -3.4e+38 -3.4e+38 -3.4e+38 -2.79174219434856 -2.77932696248781 -2.74498397088519 -2.83195465637945 -2.78247799602535 -2.71432755398092 -2.81388054301078 -2.89018173079746 -2.85206179539532 -2.89161231815792 -2.9498082142835 -2.87705967260686 -2.86258364493529 -2.92506838630211 -3.09309714415692 -2.93876938674466 -2.90500848383386 -2.97602061434085 -3.0650490374943 -3.17961544995405 -2.78755817499816 -3.01036137985632 -3.47370149264582 -3.14716250085399 -3.54441957486633 -4.17725311967567
-3.4e+38 -3.4e+38 -3.4e+38 -3.4e+38 -3.4e+38 -3.4e+38 -3.4e+38 -3.4e+38 -3.20492820490716 -3.49690334748527 -3.70823045749999 -3.84606469911451 -4.00623557941903 -3.64568176613008 -3.43474354761133 -3.4e+38 -3.4e+38 -3.4e+38 -3.4e+38 -3.4e+38 -3.4e+38 -3.4e+38 -3.4e+38 -3.4e+38 -3.4e+38 -3.4e+38 -3.4e+38 -2.88968523558845 -2.89147306206812 -2.89934932033799 -2.81901114820004 -2.87936646509036 -2.89864622444753 -3.0158115095675 -2.91348106594347 -2.89997764877247 -2.92543760961511 -2.76739164386424 -2.71977782791082 -2.81062217915968 -2.91555294681069 -2.67287487549395 -2.94808085797411 -2.86969736086211 -2.74570478666853 -3.03179245924322 -2.71843564619057 -2.75296688460025 -3.19495092611081 -3.11489566930115 -3.58591951791569 -4.31553260979005
-3.4e+38 -3.4e+38 -3.4e+38 -3.4e+38 -3.4e+38 -3.4e+38 -3.4e+38 -3.4e+38 -3.4e+38 -3.25518957228464 -3.46619486919073 -3.7550297730707 -3.91540817958418 -3.97065699995208 -3.53599451579154 -3.4e+38 -3.4e+38 -3.4e+38 -3.4e+38 -3.4e+38 -3.4e+38 -3.4e+38 -3.4e+38 -3.4e+38 -3.4e+38 -3.4e+38 -3.4e+38 -2.84407057725364 -2.89164422856353 -3.01725633028765 -3.00012384254485 -3.07783191504981 -3.05302166467831 -3.03552174127047 -2.93601067274814 -2.88288239151033 -2.71626454541072 -2.72026263689202 -2.63848788886126 -2.7104956124647 -2.7562448735407 -2.4566863325415 -2.7037276813775 -2.62073102224092 -2.60765212979116 -2.8966222516135 -2.61451167566151 -2.55235047948267 -3.05536630641395 -3.42391720302404 -3.61588721748298 -4.00757888635095
-3.4e+38 -3.4e+38 -3.4e+38 -3.4e+38 -3.4e+38 -3.4e+38 -3.4e+38 -3.4e+38 -3.4e+38 -3.1466700741403 -3.24789149277621 -3.53772319007154 -3.6740277791531 -3.96327185304948 -3.93732392732241 -3.45770623592786 -3.4e+38 -3.4e+38 -3.4e+38 -3.4e+38 -3.4e+38 -3.4e+38 -3.4e+38 -3.4e+38 -3.4e+38 -3.4e+38 -3.4e+38 -2.84381665884257 -2.89127205748361 -3.01653938270004 -3.04127897867887 -3.1777909594263 -3.12081231257904 -2.95714412014649 -3.00130243922012 -2.90002828059614 -2.69530590285709 -2.71368378451944 -2.59468194483987 -2.42625449271943 -2.63079318007876 -2.40334914544758 -2.64272045473438 -2.63741178863293 -2.53620032283284 -2.72924094433538 -2.5974042516177 -2.54095004505538 -2.79903494733085 -3.20604262645362 -3.64017875238072 -3.80713176382432
-3.4e+38 -3.4e+38 -3.4e+38 -3.4e+38 -3.4e+38 -3.4e+38 -3.4e+38 -3.4e+38 -3.4e+38 -2.90660648133806 -3.22237122324052 -3.23989001528015 -3.34541658756033 -3.4801200567785 -3.74679513617656 -3.73537993489491 -3.4e+38 -3.4e+38 -3.4e+38 -3.4e+38 -3.4e+38 -3.4e+38 -3.4e+38 -3.4e+38 -3.4e+38 -3.4e+38 -3.4e+38 -3.4e+38 -2.86126493886226 -2.77757689471236 -2.85693699929571 -2.90297224313826 -2.98779657052074 -2.85099662382298 -2.86117462338087 -2.8003588983594 -2.595405715362 -2.60363495271074 -2.43420346514581 -2.37867336047252 -2.46567495130689 -2.50025883612261 -2.43508403635551 -2.64694313594501 -2.54669683452039 -2.48077702583349 -2.52362085919796 -2.3794493022054 -2.62309953417618 -2.81340296489026 -3.53923866569629 -3.78093584518646
-3.4e+38 -3.4e+38 -3.4e+38 -3.4e+38 -3.4e+38 -3.4e+38 -3.4e+38 -3.4e+38 -3.4e+38 -3.4e+38 -3.4e+38 -3.4e+38 -2.99516213465298 -3.18053094910888 -3.49127764553303 -3.90584899080484 -3.66568946612596 -3.19104972456376 -3.4e+38 -3.4e+38 -3.4e+38 -3.4e+38 -3.4e+38 -3.4e+38 -3.4e+38 -3.4e+38 -3.4e+38 -3.4e+38 -3.4e+38 -2.83819531636644 -2.93595455408244 -2.88899482926127 -2.84094533807712 -2.66473135358529 -2.65535020039421 -2.70009865211502 -2.55904033318037 -2.57005379578981 -2.39577908205852 -2.28190511120569 -2.35379655026548 -2.41902076702031 -2.43925997297204 -2.50716208566395 -2.41369733669433 -2.34081624167852 -2.41654694825917 -2.35342672255567 -2.51273121493747 -2.63038060512898 -2.89403217166915 -3.48665864804549
-3.4e+38 -3.4e+38 -3.4e+38 -3.4e+38 -3.4e+38 -3.4e+38 -3.4e+38 -3.4e+38 -3.4e+38 -3.4e+38 -3.4e+38 -3.4e+38 -3.4e+38 -2.82149097839406 -3.09029228606451 -3.65037418566104 -3.79328388823742 -3.45090091140943 -3.62710086956667 -3.13564674153001 -3.4e+38 -3.4e+38 -3.4e+38 -3.4e+38 -3.4e+38 -3.4e+38 -3.4e+38 -3.4e+38 -3.4e+38 -2.83075113992451 -2.85448846922015 -2.74645340092361 -2.68475593029602 -2.68714589886385 -2.60874839397658 -2.51369425492579 -2.43935708923126 -2.47288249255371 -2.36621397081589 -2.27305282856845 -2.39675024075965 -2.35930779075294 -2.45007419053864 -2.33464081381652 -2.19063962059081 -2.26183367833533 -2.43023462489901 -2.27902658128963 -2.4107988581077 -2.50106522430763 -2.76737527552335 -3.27388046925175
-3.4e+38 -3.4e+38 -3.4e+38 -3.4e+38 -3.4e+38 -3.4e+38 -3.4e+38 -3.4e+38 -3.4e+38 -3.4e+38 -3.4e+38 -3.4e+38 -3.4e+38 -3.4e+38 -3.4e+38 -3.09877951374433 -3.47918260575841 -3.60489381315302 -3.7813290815459 -3.48143020701057 -3.17404914826322 -3.4e+38 -3.4e+38 -3.4e+38 -3.4e+38 -3.4e+38 -3.4e+38 -3.4e+38 -3.4e+38 -3.4e+38 -2.67666683370498 -2.6188521782081 -2.75062440072573 -2.64607394674134 -2.52773465224325 -2.44566411615721 -2.47855187803221 -2.39348470265212 -2.2961307932613 -2.27539777832028 -2.35835379160507 -2.35101348502151 -2.37747961191702 -2.41818019111082 -2.04782774541776 -2.11213086918516 -2.26588698184213 -2.2105671418584 -2.49171508562011 -2.57581843942656 -2.86920086835434 -3.09941161486314
-3.4e+38 -3.4e+38 -3.4e+38 -3.4e+38 -3.4e+38 -3.4e+38 -3.4e+38 -3.4e+38 -3.4e+38 -3.4e+38 -3.4e+38 -3.4e+38 -3.4e+38 -3.4e+38 -3.4e+38 -3.4e+38 -2.93765051964533 -3.38246916750442 -3.44417971246873 -3.42269693609547 -3.26494720530392 -3.4e+38 -3.4e+38 -3.4e+38 -3.4e+38 -3.4e+38 -3.4e+38 -3.4e+38 -2.62631475659341 -3.4e+38 -2.57917529363797 -2.63989316102294 -2.75932416227509 -2.64630477958382 -2.48198210294455 -2.49599167790289 -2.52227240588926 -2.33014451836873 -2.29270183736938 -2.243383254374 -2.41049275454621 -2.2977284447009 -2.28583796090735 -2.26582005587902 -2.03149854887874 -2.0754815846487 -2.08560455811951 -2.21304455505489 -2.43765556432723 -2.70636419691258 -2.68788424252586 -2.99753621294351
-3.4e+38 -3.4e+38 -3.4e+38 -3.4e+38 -3.4e+38 -3.4e+38 -3.4e+38 -3.4e+38 -3.4e+38 -3.4e+38 -3.4e+38 -3.4e+38 -3.4e+38 -3.4e+38 -3.4e+38 -3.4e+38 -3.4e+38 -3.14220642603878 -3.19745849796927 -3.27654978469714 -3.47185556461391 -3.4e+38 -3.4e+38 -3.4e+38 -3.4e+38 -3.4e+38 -3.4e+38 -3.4e+38 -2.51381662630018 -3.4e+38 -3.4e+38 -2.65160355529165 -2.74709365942337 -2.65015575942761 -2.53652718442535 -2.50636699088007 -2.34414890847429 -2.35535801162426 -2.2590390864814 -2.2224105000494 -2.30846231125247 -2.22352092036651 -2.18372304420978 -2.04345130251309 -1.86411140782394 -1.90948860566515 -2.11777172540827 -2.19809987472286 -2.3418490401348 -2.65860246200274 -2.66244885415388 -2.90572775314616
