data/pcas/pcas_can_585/pca_referenceLayers_can_585/PC05.asc
NCOLS 494 
NROWS 529 
XLLCORNER -117.166666666667 
YLLCORNER -55.5 
CELLSIZE 0.166666666666667 
NODATA_value -3.4e+38 
[rows 322 to 344 of 529, columns 306 to 356 of 494]
0.385634266499419 0.234721840523403 0.208719677881108 0.159439606448172 0.118095918548241 -0.140820305039281 -0.0869519657584014 -0.150871942411551 -0.257828257647983 -0.331322772601887 -0.319056767720902 -0.269875258398996 -0.1549505905929 -0.0628943811198841 -0.0162353522058503 -0.00106570734952571 0.0133360213946247 0.0104185253094618 -0.0296355412767524 -0.0720619657219189 -0.113475504932745 -0.15558799201833 -0.192612156684029 -0.214925210007862 -0.192644003703333 -0.193471080136604 -0.221000825214436 -0.272826749992089 -0.316000795470027 -0.381229147776229 -0.438592446549591 -0.478449808513708 -0.528103872751458 -0.576021724952951 -0.615226746099732 -0.667781199698878 -0.743224584139267 -0.770401079841188 -0.784107869934378 -0.819430400563689 -0.842668060108982 -0.843899237076628 -0.869235197161491 -0.899626381847662 -0.899337956540747 -0.910556795769132 -0.912335401938698 -0.9388814059084 -0.947308755974398 -0.947354679030292 -0.931886211112813
0.332742927029441 0.230193276924354 0.297325711662623 0.301160709407761 0.204682671940495 -0.0476611826383232 0.0381082393334479 -0.00513327236001204 -0.115800163341249 -0.170811012034137 -0.199907104463985 -0.197932373230237 -0.0598435652823166 0.00692676143244975 0.0685080096250509 0.0986346578366767 0.143076298406348 0.0941257868915495 0.0339515524212782 -0.0156235889879822 -0.0598175353598542 -0.106254310121683 -0.134895662659756 -0.162419432683414 -0.153923477127886 -0.169232202539299 -0.192307918704736 -0.229576748783526 -0.270773490043488 -0.329608312891098 -0.389466959925044 -0.432665749789058 -0.486554620649709 -0.539686967755556 -0.575054934721609 -0.63334298265556 -0.676287865957519 -0.745502908098261 -0.779462311780674 -0.801799944218881 -0.828803155143198 -0.852993374133135 -0.88456376873625 -0.883463456029427 -0.893301360289898 -0.929055993060875 -0.910288902383933 -0.930335498518738 -0.953228726386604 -0.980964037258947 -0.952569237763505
0.383988658440421 0.285000382161817 0.302250000178428 0.33941229928007 0.341002624354032 0.0808481821184991 0.19055694128474 0.0951709584074263 -0.198598672436124 -0.12972156866338 -0.0875734633714251 -0.128118171882643 -0.00406189955060449 0.0813091010823232 0.199658487614091 0.186148282070185 0.192803862563834 0.13593138478355 0.0794364287404941 0.0330972532283675 -0.0187889446371676 -0.0547151814842386 -0.0761150879861771 -0.102766047638387 -0.116158706052428 -0.244708831873274 -0.28154445879328 -0.205515804787844 -0.245336496728179 -0.278683797551928 -0.467686292983238 -0.381386691291193 -0.429158113758841 -0.480213261499631 -0.536046578788171 -0.586719346404693 -0.632977731502319 -0.717013597398482 -0.744936988849059 -0.797084710968916 -0.821826111980089 -0.841362261444118 -0.857178926941993 -0.877983641145845 -0.900361378295602 -0.935856235071777 -0.938875005073684 -0.949096669346305 -0.951593130978293 -0.986849892144449 -0.967017662608499
0.393043259458743 0.276105494126269 0.387085054474868 0.338893436857761 0.372128477415918 0.176944410478354 0.351871855538286 0.163077136735879 -0.195909477161468 -0.129569225273144 -0.125120802194171 -0.0563526704282701 0.0424461175829676 0.140202215390517 0.293228925888362 0.280205129680089 0.237009066477152 0.195808164851133 0.138630366784971 0.080348392983706 -0.108563328132704 -0.139748848644241 -0.171632280099449 -0.187112144785924 -0.199420037070578 -0.210364279162332 -0.267946897659918 -0.308083673207543 -0.369411107918832 -0.400049845825773 -0.438816114719593 -0.491342756960441 -0.531083387405684 -0.577994230982721 -0.626582191535036 -0.66352005732278 -0.709862000593673 -0.806209308047991 -0.836285405976893 -0.877772766155562 -0.908842995384255 -0.932274333228598 -0.958200137049786 -0.875882872120261 -0.923934865212328 -0.92642123406656 -0.937884844960976 -0.943244059990556 -0.947773526497547 -0.960005307532617 -0.971626031757656
0.396483244813043 0.444872697770414 0.429691411479055 0.463214188248879 0.354173234557231 0.317371817770754 0.45651258468799 0.0358389428725831 -0.120596097621327 -0.0793454942811069 -0.296755537491901 -0.206653487980671 0.141293896885757 0.240480408223363 0.341233194799459 0.353158365512306 0.291692221586149 0.241635473076147 -0.0358599625158642 -0.0600092795485699 -0.0561615038896989 -0.104557281157728 -0.128479479651814 -0.15472890664594 -0.157574034833901 -0.186943633716709 -0.24279547327638 -0.308700849373902 -0.345109886912777 -0.393410510190572 -0.431361751218856 -0.454011212990515 -0.480246778872845 -0.517864556529414 -0.557871274144033 -0.627628336693441 -0.696110527790819 -0.770241977317126 -0.82098464334785 -0.837236449289784 -0.878598329615885 -0.926143139773274 -0.944603406781824 -0.971176210473525 -1.00102534881343 -1.0354949669103 -1.05417898866214 -0.941001779197986 -1.09098331893102 -0.958911236600067 -1.14681186218167
0.453471753431331 0.405652380673924 0.3362234370963 0.568637174515312 0.39721398910262 0.289904337137143 0.490447279017127 0.0844782636830652 -0.0090083657837679 0.00425731738363522 -0.196442710643148 -0.121755263304392 -0.0428188286751601 0.0144306570709505 0.0788646389541809 0.0361044436373298 0.0232648018975449 0.00809096984677626 -0.00663568795691893 -0.0248495632744419 -0.0310978767387475 -0.0628158965787148 -0.0915769139057655 -0.102145549490009 -0.137918342728173 -0.163104132868999 -0.209438447205563 -0.268526341935736 -0.322368215345321 -0.351688704212717 -0.405392275301251 -0.416457893264554 -0.4263386807802 -0.475493669238558 -0.519209892960398 -0.575080502948044 -0.68174138373242 -0.742746681257471 -0.796115150905041 -0.813528776432508 -0.875827377172871 -0.898892900675758 -0.910770115806083 -0.960319323966846 -0.983932075247481 -1.00770879456835 -1.03153773492715 -1.05334032512289 -1.0705898447985 -1.13195120826495 -1.18098995847412
0.468133229257825 0.48099738652129 0.383961164887055 0.396143217634931 0.352886953927892 0.415466451769582 0.526560876938326 0.192406523053034 0.0333293203104464 -0.211114148878912 -0.131908863363983 -0.0737034851024493 -0.024504460829158 0.0166214957306521 0.028703482937354 0.0149252330660566 0.0296803186118975 0.0478424045758752 0.0202560191253843 0.00366528783444142 0.00324356628375033 -0.0124855213898631 -0.0468646318148462 -0.0604972367089893 -0.0978647348792587 -0.137155128439837 -0.191139938130206 -0.240510993150861 -0.293083266511425 -0.333736597198535 -0.366386443483958 -0.379890001945303 -0.375889978379998 -0.404678197308205 -0.463702768053931 -0.544498990334797 -0.655521000026947 -0.704737730664664 -0.757205161321672 -0.778144363245779 -0.816499499741019 -0.858751625911361 -0.901585368881368 -0.929941617093248 -0.971870457608436 -1.01437980330819 -1.04382872448414 -1.04092308411208 -1.10939771876196 -1.12821130404161 -1.17129493283864
0.457661712385239 0.465738673166633 0.424430422426512 0.435596921622483 0.453984964046232 0.441664699161847 0.241957746226707 0.233871730095171 -0.160208452216021 -0.132703909057457 -0.0698194311864082 -0.0169510973336296 0.0131408694551013 0.0722474871725708 0.0666623337846722 0.0570669233146864 0.0840700903794733 0.0843245383065173 0.0680642483338074 0.0507057822236776 0.0466682235114183 0.0343229411171166 -0.00805925322535583 -0.0301141193399611 -0.0527578847340831 -0.0998659025751512 -0.145962432554523 -0.238645445369766 -0.309074737825815 -0.330316701766837 -0.352858290237816 -0.369853631865896 -0.366804105656604 -0.395719911548987 -0.477824174661028 -0.518143730099804 -0.594757384121373 -0.666744270521137 -0.706405290565453 -0.731107751473921 -0.794692662894 -0.850158195851444 -0.880715890955546 -0.936312237840615 -0.971572069596484 -1.00264606224721 -1.02699248768778 -1.05789030010471 -1.11596084436428 -1.12233417931365 -1.16459310598596
0.46992258156726 0.460903938464672 0.444011542789059 0.468895555006858 0.486969446334993 0.489753371028118 0.307448807072839 0.226507455477317 -0.140240033034959 -0.0439582443081826 0.000115297106152046 0.0463908429070828 0.0568095356310403 0.103058312560266 0.0988334377368566 0.106568111011968 0.12117441852351 0.119617062162822 0.105484911622127 0.0866250856164344 0.0780381348596135 0.0709802791527298 0.0245720176334761 -0.000124610709495876 -0.0345970085297308 -0.0631932020524028 -0.134151047973809 -0.219136488122854 -0.279959193140182 -0.300030624776802 -0.305548499188707 -0.329779306103368 -0.365767483764493 -0.402098483294925 -0.427926101994872 -0.499380531030898 -0.56254941604597 -0.619756965027742 -0.6596817868124 -0.719901824243621 -0.776543860390343 -0.810262446730953 -0.82337362751982 -0.86241832409366 -0.900167812131639 -0.968310175013198 -0.992921649657413 -1.03050241247857 -1.10954430725923 -1.11961137444271 -1.16030505996895
0.506745662689351 0.492573723861637 0.483664606672616 0.471086707238265 0.510116983179689 0.38846208459104 0.216235243068052 -0.0815277940243719 -0.0688659364587586 0.00130320040417287 0.0771685098634974 0.120451876197121 0.129263493073948 0.131252660283241 0.138883073609059 0.185833494840177 0.200162008933132 0.174259715093541 0.149526476498622 0.126760753000581 0.112258497719734 0.107183064701839 0.0888134454651284 0.0398116271707042 0.0374991657275868 -0.0261729183814429 -0.105360624510604 -0.200625842405667 -0.213964817221005 -0.240081340861326 -0.266907600181809 -0.302780141044841 -0.328000365500628 -0.370560431659686 -0.410180245516988 -0.462705262507633 -0.543684046308674 -0.602717737429885 -0.645123245130365 -0.688677696190894 -0.692588291328929 -0.749532963398131 -0.799322323848475 -0.840862891198903 -0.869610940351051 -0.8992184807125 -0.937232701226176 -1.02176003455784 -1.08942207574541 -1.14026976562787 -1.16580056992424
0.465570466057171 0.479976948173499 0.510850098466241 0.514166800311182 0.516068833174462 0.376137911966261 0.118767872185208 -0.0279505488453677 0.00257878432289044 0.0624222719567373 0.135291840048799 0.182080404741113 0.182843588776351 0.171777555542734 0.203661939586328 0.236473083116813 0.232750733254766 0.223553035000855 0.1820199259303 0.162853326394027 0.129888102949393 0.107153688103982 0.107289333496991 0.0864729339049983 0.0655025963735071 0.0276722326870839 -0.0619329052846191 -0.0945445766871968 -0.127441795988696 -0.182894552840513 -0.225663522910831 -0.269869201401829 -0.311411988748231 -0.352982910320892 -0.371407485863122 -0.428958303967044 -0.478203437775839 -0.562254782828508 -0.619492789604853 -0.644418858133109 -0.679421972616757 -0.737316117690467 -0.776437896576156 -0.814595017073047 -0.831343588185172 -0.878557473517509 -0.899813811768758 -0.99726809972358 -1.03431316431597 -1.11422573526506 -1.16857931725798
0.512006968631424 0.518377742081086 0.512125686826054 0.511235411481501 0.471818368364342 0.479283481515952 0.283503599246231 0.045854759686291 0.0567910527727403 0.103810447904787 0.14018184177759 0.18132503257069 0.219769195535417 0.225592980568419 0.244546817401325 0.228073527999498 0.218150840677823 0.214154023098777 0.201516057669608 0.144912822083185 0.137074700567854 0.116825868144546 0.120152695019273 0.112675169068286 0.0709195411784777 0.035560038373444 -0.00280535631348283 -0.0620548212489824 -0.105986101380205 -0.152183009834742 -0.203342993404287 -0.235250234595711 -0.282252426946822 -0.329903053708934 -0.385002710330037 -0.425267934154495 -0.483037577759202 -0.528054879030217 -0.560533602089073 -0.599522697857563 -0.653286033630664 -0.693379045199257 -0.738837568930963 -0.768849781227119 -0.798795427184859 -0.833445136186779 -0.852534820078311 -0.963800589446421 -1.00230529211578 -1.05230897935168 -1.15461208832208
0.473836711194717 0.521494473076896 0.541729902597869 0.517395878933247 0.446204910693248 0.497830800323705 0.527342570159661 0.140289722303429 0.0949907470032819 0.127236201187337 0.15072161896983 0.14132833299292 0.209684841374156 0.222740768535099 0.223675274343666 0.210327279982045 0.222288331493221 0.217311406165795 0.175113615791095 0.156342549349822 0.147523478299071 0.137119022101329 0.121802335684099 0.113608665039802 0.0934777114598983 0.082361412851331 0.0239313390779993 -0.0453761794164841 -0.0607598412140561 -0.121499649163623 -0.170845066930131 -0.20282080259193 -0.252179095845207 -0.292756262681118 -0.335387412086745 -0.407219938942725 -0.453806452446422 -0.49467308748568 -0.521720703536928 -0.560224858328941 -0.62462964413089 -0.658100756574955 -0.696450093899785 -0.72710949339074 -0.759627506033185 -0.834575181283287 -0.80430175852824 -0.844806071441718 -0.886935008116247 -1.01551302462163 -1.07044694913143
0.527625798084889 0.51088331843664 0.566675037589204 0.510706478864104 0.415069900221708 0.454184399609933 0.532894369441746 0.238670228956831 0.132126915998576 0.125922860255988 0.135651683160406 0.140892834852924 0.1598756650894 0.221989795756704 0.197185763321938 0.183444492865859 0.189117198503838 0.192118525701023 0.17543330118904 0.165025265394913 0.149375825427909 0.143443684388806 0.122272431729925 0.142719791304014 0.111721808004825 0.0840002562179907 0.0597786202946309 0.0125788546368354 -0.0201280436242163 -0.0710478627923105 -0.13717868908225 -0.183895277418662 -0.229144272920438 -0.268307924260873 -0.330585656295362 -0.374468280736522 -0.424158790747383 -0.453127217968769 -0.479998612888001 -0.512734110377469 -0.534060349003403 -0.617117801024578 -0.657076818247709 -0.703943175929479 -0.75980548402452 -0.793776813241633 -0.754998784998208 -0.78604801136278 -0.829453579020877 -0.881405615821816 -0.942807337731718
0.553427728613106 0.58234273651075 0.618354427639371 0.658189334182995 0.429492229767893 0.446558407422709 0.329677410853441 0.176000604701399 0.157506236110796 0.103542679589336 0.126971374651927 0.158947228233754 0.184839827644618 0.245936168632017 0.177461375719658 0.17498798442306 0.190277826557757 0.172270053911306 0.166500201126962 0.158849805211261 0.161192100981288 0.154577729253285 0.132269128121538 0.132879614565284 0.123260631719688 0.127533170509175 0.0787478853952926 0.020275764929927 0.00157505236018357 -0.060563978440919 -0.109892209386865 -0.142160534012536 -0.199874704710123 -0.231328050613572 -0.276204074983243 -0.343320837667007 -0.384737378312277 -0.438041688701059 -0.473419032818503 -0.499868939328484 -0.497426221386304 -0.544287884698324 -0.578086689215843 -0.641144269297632 -0.694081875758976 -0.7416978181571 -0.69391392427598 -0.729884542029048 -0.771344209988116 -0.834766381286739 -0.899315839634997
0.556941971144835 0.579806374227829 0.606669112501164 0.575322921983203 0.424311407221691 0.418003241657556 0.201055291460107 0.218035555810737 0.211759326041669 0.123006062238289 0.142791243398079 0.161982021721932 0.207803592775563 0.204622089203046 0.193524478651977 0.19248184337862 0.168236443395259 0.170026901714176 0.166113148971044 0.156913924631796 0.141529280236593 0.142480699234968 0.150428303818173 0.140915386336385 0.138275376896975 0.121761098632148 0.0828324327912127 0.0346689365820111 -0.0200095348199674 -0.0360101478255386 -0.0999048970034891 -0.134641533591426 -0.163090958523132 -0.195758555198681 -0.246768418839333 -0.309079255581367 -0.356024214140816 -0.407080243905297 -0.430456938960084 -0.427538009977326 -0.460161488286694 -0.502772565893443 -0.555020445759655 -0.628962767066255 -0.672216806680071 -0.722498254620825 -0.664594280620986 -0.69852291751395 -0.745142789846834 -0.797014132819237 -0.840827425184101
0.490837927781905 0.576492678436004 0.629028533277613 0.483308862428603 0.426946511440406 0.258876373014095 0.250838149256266 0.232713556804954 0.13786147165585 0.154327818189699 0.175953784313491 0.187251363133495 0.230947612292241 0.215969859779325 0.205003956397057 0.194522320542952 0.185040177808091 0.165846450891551 0.152076684836739 0.134345099973417 0.154581766651592 0.142371361653165 0.138943938334038 0.134166898724362 0.135089379960444 0.135398138230475 0.0894558494431499 0.0356359672891558 -0.0259786681147378 -0.0671814011588499 -0.106007451638469 -0.133279119221815 -0.170823385416734 -0.196413617090729 -0.244684801433476 -0.287631571990808 -0.333404372947727 -0.381284349537159 -0.430373427470496 -0.440729515795198 -0.436790844490138 -0.500514477862946 -0.536626413094457 -0.640639272278932 -0.604448969538059 -0.622974445997749 -0.640971265973169 -0.677538856144014 -0.707869321257281 -0.760102419102036 -0.789629320976003
0.593159166098189 0.621481977468851 0.618788841179517 0.494065624862977 0.258845483156409 0.25527152672699 0.271427500986374 0.22514141070195 0.157827286422745 0.190845003665248 0.220729654188626 0.222386400712145 0.224613725510805 0.218708615110379 0.212489551919132 0.190820056633763 0.182222852417799 0.1707870241291 0.170275332842492 0.119353933706888 0.121395810891098 0.134306857138885 0.122172144140618 0.125324510490669 0.136595901722663 0.139546904118341 0.0897716631530923 0.031375697889149 -0.0399917086700521 -0.0842178955170378 -0.114688914978093 -0.16146600099927 -0.171342136098097 -0.207945494990011 -0.250827547161279 -0.337323397556146 -0.343614901682513 -0.371250699601896 -0.386986146059388 -0.415473447118424 -0.463990911377811 -0.49850185158444 -0.588760599753841 -0.62242140772036 -0.650593871290678 -0.599732500685793 -0.630057948103992 -0.652390802180013 -0.686020807790888 -0.715797173156703 -0.750596684122957
0.640446648435784 0.576431218659501 0.644661184753741 0.414020002545116 0.290677260832096 0.326840656383244 0.322948385529426 0.216511286831898 0.204290559387586 0.237745263078592 0.329304846571197 0.282060786435476 0.224574200496962 0.238047601683 0.214374104607317 0.190184234574497 0.176598578058662 0.155268182036141 0.143620213852414 0.122186495581366 0.101463206181041 0.11022875153098 0.116146897635624 0.120906396264903 0.109376503829597 0.103930953607149 0.0718469622104336 0.00853950942963722 -0.0333204774927895 -0.0913925115545459 -0.138844926930459 -0.180194970610686 -0.215070405728144 -0.241565401268226 -0.285780338849388 -0.319859577731248 -0.379866921892586 -0.425314408833118 -0.460528059568181 -0.485215576905585 -0.518444846537043 -0.480342562402452 -0.566027714428512 -0.602931946304153 -0.566763823825682 -0.582869097168109 -0.602752144267453 -0.61488898780614 -0.649774661728281 -0.676798012080571 -0.691841418790995
0.588130277543158 0.546051074781349 0.600835548419313 0.491573043462458 0.335816600299849 0.443009007676035 0.347569003906508 0.263333158138355 0.264598233883991 0.301190972531818 0.387761749295797 0.305301411802251 0.257444487867458 0.259065195460544 0.235474429272355 0.200760562893774 0.183665665385627 0.171804130590694 0.132994650729548 0.119295434447214 0.113646146158198 0.115085167195519 0.12285723232051 0.116297334704139 0.0969635879646253 0.0801207761513453 0.0403321746110131 -0.0129140089638046 -0.048776507104958 -0.102350074079211 -0.13440805333055 -0.169256507580586 -0.200031688257568 -0.232398574758993 -0.276336208422038 -0.30547280917997 -0.369813136134363 -0.397501620897812 -0.437435105554145 -0.483764250703837 -0.519555635698202 -0.544146902869384 -0.61095230956643 -0.627325641198342 -0.653263181425395 -0.610206183043975 -0.63833639665414 -0.674229027664726 -0.705192676849118 -0.736486262471165 -0.754254424287623
0.577997534650659 0.478629693333144 0.55360184076184 0.503066732596693 0.331069868001958 0.391451859880033 0.332330939362712 0.280319140601321 0.31898819828079 0.353873488548921 0.389169307518433 0.299693051397211 0.312187435107226 0.284843325210124 0.244077551185644 0.213892576000901 0.188016468850233 0.158013703006912 0.129338126416679 0.114667272274439 0.106785598895343 0.108249566884416 0.0983513801232382 0.0971897157697343 0.0729417910954507 0.0603835985599082 0.020711190722072 -0.0391607979232521 -0.0711870950428471 -0.108212450092781 -0.121362587851569 -0.152065233611299 -0.17460259064692 -0.208143721856415 -0.25965907786926 -0.300666127781303 -0.357115452475999 -0.383721958045685 -0.409760865810271 -0.452886658310428 -0.542454656520196 -0.563155154186538 -0.590201308893587 -0.597954493484768 -0.635283200413178 -0.593256225043431 -0.633494243760482 -0.666901802009293 -0.689283414270336 -0.722960309266869 -0.766241878205958
0.548452732302383 0.466391245231193 0.473266043540336 0.320043622352496 0.350604730567924 0.350357062210406 0.301820396041573 0.272923580870701 0.315203798704857 0.369288101727046 0.360895232671565 0.364483610252401 0.378288599122206 0.338074471523431 0.279181988601362 0.226901676627362 0.193117832866624 0.166650211025366 0.146377050470816 0.127678842057543 0.114971009953605 0.0935671689894197 0.087960820903327 0.077304389934852 0.0594441596424843 0.0335832804364737 0.00063177172312312 -0.0437256848043762 -0.0827097377899235 -0.11739889891352 -0.117120834084665 -0.144061825981761 -0.159760250524888 -0.176671474942073 -0.238896377875442 -0.273047740881689 -0.326545155622778 -0.444763563540468 -0.468943772537335 -0.499334302676419 -0.524728416317833 -0.54694152338329 -0.559260636468009 -0.58090022962672 -0.605012013535545 -0.667624399456701 -0.619070779996895 -0.659766187155094 -0.700270200937589 -0.732722289221799 -0.809542783594771
0.444093191305389 0.421001297039017 0.367383329517583 0.29735286085005 0.443888838893341 0.380710687119537 0.330865079358173 0.34724748846074 0.384106572164131 0.37075307968445 0.370252796957755 0.4152250895968 0.396214539633131 0.35259968524304 0.294357801178301 0.222336510361339 0.19777682347654 0.194635482007793 0.182617669006147 0.158560391766736 0.138767395564579 0.106996483771216 0.0720303051526893 0.0694749617934665 0.0473369346702809 0.0205008737385688 -0.0106708520366268 -0.055676692367962 -0.0862735967405013 -0.119211826174773 -0.128019807291503 -0.145028053985711 -0.161707148471078 -0.168910153368664 -0.211999091043953 -0.262556913982723 -0.313601278545716 -0.416480076038354 -0.455178917662942 -0.483295905068876 -0.492822913166151 -0.537257340803378 -0.537172380810024 -0.549990009796102 -0.598687412155964 -0.662338575736894 -0.611993764804271 -0.6530822712266 -0.69673702626064 -0.758899084544294 -0.829941126242418
