data/pcas/pcas_can_585/pca_referenceLayers_can_585/PC05.asc
NCOLS 494 
NROWS 529 
XLLCORNER -117.166666666667 
YLLCORNER -55.5 
CELLSIZE 0.166666666666667 
NODATA_value -3.4e+38 
[rows 230 to 252 of 529, columns 357 to 407 of 494]
0.688199677790976 0.639221068617309 0.642020149043415 0.639096738821108 0.63048641400287 0.669771536719118 0.696460603474228 0.788244827703395 0.913841259472116 1.08370735958426 1.2381998291725 1.28966241120144 1.26167805350802 1.18953273499593 1.09603568565934 1.03517903903367 0.937186133352613 0.846856584222225 0.531211195295645 0.508752321847989 0.510372570917312 0.519385235427265 0.506633815108471 0.549578289467173 0.552668525386247 0.550749949002429 0.558034636470919 0.542178003086486 0.555282472366421 0.493960475377349 0.4422980676704 0.497508078485565 0.527158387188476 0.598570733394666 0.626617028776918 0.642345838532642 0.698381098415912 0.692827410815101 0.717419794403908 0.713874778261149 0.66726320893268 1.23169915800512 1.23942260426199 1.18928648214299 1.15072546317335 1.13771858187003 1.13335761830447 1.07117533018909 1.05261425997225 1.0487347652227 1.01935211467048
0.710347853518754 0.699003814499702 0.701053061221295 0.681088405787176 0.680587700468846 0.723992276609366 0.761085877966056 0.819318419725955 0.934772977292006 1.03822404573255 1.14254309036452 1.17946882964565 1.21353593982425 1.16652413472705 1.10080270513267 1.02601323041393 0.936342007711967 0.612949145210543 0.558269912903169 0.53537651992058 0.516676838772624 0.51016553996284 0.507184594724199 0.549779046343082 0.560816688474351 0.537470109632172 0.532589411070534 0.514392148897178 0.449868579224194 0.407795991062334 0.3535511507159 0.418292355810786 0.526598654097466 0.569065068460475 0.605075239459181 0.631374283485191 0.657262374899241 0.641727811045933 0.64416250786198 0.631672283892869 0.576233731142347 1.13869799097152 1.13269179137643 1.10351277041621 1.06992280867981 1.05624916598846 1.02444610969103 1.00652538330085 1.00220581141851 0.914090960695945 0.887823841578506
0.751970988946788 0.76174088388202 0.746496290946124 0.744925154237248 0.722554278025388 0.744039412169055 0.772722587986334 0.843228460871577 0.926216052796512 1.01882483598241 1.07067191236777 1.105304093836 1.16190389052452 1.12973039532143 1.08531812181073 1.0243091081513 0.668888310479246 0.649863982520585 0.594455964047597 0.573659895138637 0.564864654322026 0.534025492306401 0.54421274666575 0.526932368461469 0.557724777989381 0.553132276815433 0.543642795352637 0.481975074126095 0.456989620218599 0.391183795138851 0.322525311620163 0.436334693832497 0.505808280002647 0.554217279397206 0.595947538917021 0.604871114680486 0.621676932559128 0.627355899570647 0.592724005378377 0.525902396376403 0.455198521190613 0.409874917591983 1.0974455746271 1.09242953364832 1.06972080258272 0.994925587157398 0.927272088479541 0.938347247489513 0.852770297191963 0.84276753019392 0.81403143741959
0.809760484631897 0.795058658317986 0.771462029639956 0.786728809365404 0.783989702086344 0.775912270575243 0.804424053453611 0.846324679486671 0.877403111590388 0.960080696006899 1.0282732076539 1.04497525504431 1.10406931385518 1.09644012849882 1.07363039067026 1.03624997292785 0.980141078862273 0.685786479925127 0.646348345632658 0.615633858711727 0.598962055965838 0.556073434700621 0.578600127279119 0.566967033315361 0.556035060696753 0.570326995744009 0.549680764817841 0.503905605511912 0.450687176176956 0.437922556991366 0.395978446220028 0.41067784898547 0.488652822598581 0.580925641230169 0.616306404719937 0.611661077438083 0.596011425729368 0.618315973791413 0.59407721761433 0.486325143544525 0.371252767871177 0.335685551305866 0.308600968897716 1.03501075535223 0.935115293953793 0.877613119910017 0.888817643705236 0.805763194705226 0.798000098947658 0.744608959174203 0.719292349692984
0.873254907536342 0.826797097197384 0.825836330573441 0.815290249886411 0.792150708158232 0.779390040943575 0.81505032944924 0.853982627931214 0.875672153586276 0.927988229417179 0.979558998524677 0.975802255609622 1.03947411258886 1.04552586016861 1.06930549470072 1.01844156105501 0.726065135845638 0.691867328190875 0.667420745807416 0.650996456730248 0.62766192279355 0.592149782742757 0.594018726514099 0.603528263496722 0.592053315721266 0.562080627010465 0.542765771502144 0.503199876432463 0.474598061518327 0.435473788828071 0.423519030497186 0.446400885994153 0.505690563643393 0.585607357769328 0.642492491052316 0.608361388606257 0.598196450114332 0.549952669578378 0.518510962371468 0.430073070204547 0.306837338084394 0.257995371434608 0.206950092591112 0.210083551776956 0.901251009590984 0.824649626278659 0.835856722263833 0.805877660412185 0.776797815353571 0.667010891984759 0.659957191349611
0.902362700342053 0.85471003822685 0.842000219244332 0.831400448270103 0.80501097375288 0.75623633599306 0.798235831831253 0.848190962384548 0.846108542494403 0.88653384445276 0.914015072300277 0.950228061900587 1.0274162865686 1.07272634091475 1.07250951129104 1.06598047415768 1.03701140569074 0.738943743752113 0.722393121803811 0.685663951364517 0.668194849266425 0.643819058432256 0.615160907689361 0.627303766598597 0.608437361787394 0.572673117876918 0.526933498450257 0.510141100576865 0.486460189315867 0.474762280892362 0.493174405304587 0.483664881089009 0.506236929928208 0.572378191367282 0.615623056701627 0.580472869434061 0.527872490603532 0.495729227499326 0.456791907599507 0.370428191343573 0.227160607386206 0.18173015385548 0.118915970078966 0.131287932041259 0.167440805278975 0.148540434954664 0.705807918356509 0.795152625019507 0.667571617916248 0.622495362264731 0.387729294618554
0.950187594113788 0.909020575707518 0.869187144544682 0.873297556659333 0.806297988646783 0.797874874482646 0.799296939264006 0.804069214036188 0.793144868065391 0.831063467915408 0.876886113550557 0.931780315957512 0.970641243745977 1.02451731645232 1.06008956712746 1.08234048005262 0.765381423250441 0.757007511606332 0.760607706336571 0.739158792309067 0.699049179236033 0.675809349174425 0.638519427802266 0.601782555503551 0.611757918908808 0.578847823016735 0.541419857328676 0.515206294082334 0.485632209707915 0.500261558668275 0.491696717811642 0.486479786838774 0.52461735104176 0.53020889801317 0.590520701559436 0.562950929949044 0.497704377841328 0.457585209679342 0.380496208853785 0.308127746508411 0.214229374172088 0.160475446157167 0.103484488534768 0.0920455119001859 0.107058920602751 0.100908882375877 0.0998277510500976 0.761095623770389 0.621130411700869 0.0170035836912932 -0.0201015924181996
1.00676690065208 0.953595095624461 0.935418229848781 0.899170525306863 0.838167019081981 0.796889748587744 0.768540346561852 0.753019950114816 0.763298277390799 0.819588825561229 0.873816512431909 0.90563772257427 0.944801489295562 1.04385934970313 1.05151216012146 1.07576827403887 0.785354070866821 0.810629847581115 0.802893668131442 0.777880163149779 0.726152750460135 0.67368095186444 0.637411801102778 0.596016203876684 0.594974576996629 0.581177386679572 0.551224668549742 0.504554750436465 0.508289454109832 0.518963612975236 0.475617889582127 0.44735387376681 0.433322259059227 0.46984381197932 0.491498644582752 0.445088714620048 0.431276203236575 0.397940592035243 0.290762800248177 0.181361499445624 0.177038274514403 0.173332297968486 0.0702282674137434 0.0571306799659227 0.0609621741572476 0.0333497263359266 0.0319456705943618 0.0446297906850098 0.0204708789759754 -0.0374292781209363 0.0735132374780837
1.11351786111125 1.009094579787 0.953967215592652 0.91695195795512 0.859370788270095 0.810734459724368 0.781868952427274 0.746059014310396 0.743520127735964 0.796420178551762 0.836241748346946 0.878823783518533 0.922201190667501 1.00311101089082 1.04088302468103 1.07959290070856 1.10471573244937 0.840361033637062 0.805875244939598 0.760438041679854 0.71198204804522 0.664631487942321 0.611850309319486 0.573736114292425 0.566256038037954 0.561679488947019 0.517088298807397 0.478774640873372 0.462427358804959 0.422838836357259 0.409071992841085 0.395021181203584 0.402928066593443 0.405373831741653 0.379102320355731 0.32121744183143 0.282980457979389 0.238368932149562 0.174877844343992 0.105270792010741 0.0934654195124628 0.1158634956408 0.0617462410498629 0.0246370687540449 0.0370151896006414 0.0241212649338674 -0.0120239523575331 -0.0205801662293222 -0.0457492286684492 -0.0453113597559934 -0.108925019740885
1.19433950691377 1.10630645557013 1.00753952057946 0.955180989961602 0.881705760454971 0.845664968896179 0.808831036814054 0.750804416907262 0.760155977556677 0.786817231349739 0.815684680078251 0.866501852523028 0.895355247882832 0.918464279670091 1.00571096479322 1.04336977190006 1.12816422675057 0.846590514132727 0.80253132032298 0.737129667547834 0.685433888984795 0.623093420363028 0.585704288223744 0.520395964564703 0.498245857970389 0.510485968243979 0.466941036035118 0.436933545866618 0.398202569375381 0.385551574936002 0.342569129849619 0.327236564819205 0.329765514673723 0.31521058548836 0.300383905015868 0.255956969680007 0.196944812975554 0.138056749806402 0.0851530310660766 0.0234465923618188 0.0166075032687837 0.0485536008704134 0.0306668079911118 0.0151742138796318 -0.00444159584243348 -0.0219093062392743 -0.0815057410994778 -0.0633903537559625 -0.0608014481608327 -0.0535897641266297 0.0820164134006023
1.15006124872736 1.10218897114069 1.02167980147525 0.944353310425008 0.909193393479955 0.864545475249928 0.830376703630857 0.792261235804017 0.74558343905341 0.788918511729433 0.806401806232815 0.819258300453967 0.847675892083465 0.854687731533667 0.914637356289055 0.995155182167544 1.05238308830707 1.08547186375252 0.733707025960259 0.677525005225091 0.6127209304809 0.545238524221975 0.515375928122073 0.476335185064222 0.435656182730535 0.417538112317651 0.413138323876098 0.395886382834614 0.3437771269996 0.319665300595928 0.277062475691862 0.289519101812155 0.334635339197365 0.292382728935048 0.205105626305998 0.176462130366437 0.127210381998622 0.086178890048114 0.011617109384688 -0.0271603202661934 -0.0322670400656975 0.00210250679539503 0.0210864607211473 0.0204843350902472 -0.0463465542397452 -0.048451901176937 -0.0993388475575381 -0.0944009156543186 -0.0739265588265408 -0.0791239112556976 0.0930925911428346
1.01312452302042 1.03357125968589 1.01655408892806 0.949573365721743 0.916881442902629 0.876126055267967 0.837033088840218 0.79382466574197 0.780506637084391 0.794228952474222 0.791458401182271 0.825215673946345 0.817755464574905 0.815839158200962 0.866913156788482 0.924971278439644 0.948257316626026 0.956394858483996 0.905755824307495 0.567946303746012 0.537478759936432 0.471816001075755 0.435261275825435 0.401702020055213 0.358785171983449 0.340707131873548 0.34626294843094 0.318033457756548 0.281610261088411 0.237201338069982 0.227458571409227 0.226567676298355 0.251738985831692 0.213679340417513 0.153751201151412 0.127425516250252 0.0465635621714193 0.0227495864469695 -0.0556175398423704 -0.0317643065158516 -0.0197267137757698 -0.00298890581326516 -0.002643825318281 -0.0116170670080714 -0.0898220229603012 -0.104627461891212 -0.108599371865367 -0.0888136578189786 -0.0817967270104647 -0.107026422630741 0.125303333231307
0.948702778932073 0.921677772970635 0.97670801833096 0.970761311065833 0.945301048027099 0.863437232331124 0.823696860802025 0.80133812413157 0.789762965191289 0.803690561717401 0.81365042504135 0.799597029799494 0.822421116552378 0.841621707260756 0.868488888547601 0.887968378190223 0.874984631305396 0.861903943347552 0.796426467997654 0.736297223816075 0.431297260670631 0.383314200998309 0.344855023855522 0.33094646227273 0.308468080257954 0.294742653763227 0.279433230890963 0.267407829299508 0.235969007550291 0.191128435704005 0.174469991568185 0.153495017287223 0.160924857977625 0.0879340674994271 0.067565288913187 0.1404185770347 0.0919419275824895 -0.0190196443445921 -0.0828533743610783 -0.0975528468269403 -0.089884202067549 -0.027951522315817 -0.0140773980477841 -0.0496926414638239 -0.130854249337607 -0.112003080051852 -0.11219117701434 -0.116472362942444 0.0655959728746418 0.080217109424318 0.0912983814709016
0.872059875800893 0.870697585823248 0.88014120531045 0.91220153599215 0.922128751650717 0.855079612864119 0.814020538901208 0.81025200307945 0.785366954707099 0.796322117076843 0.812309255530422 0.806427878348142 0.818162028101789 0.864902723815919 0.888228765797376 0.895005707713681 0.842080714095022 0.77991121519654 0.708066487307416 0.627681826128877 0.335788121786606 0.311391326786245 0.276680759317797 0.251914288520574 0.242885752799835 0.241891389484407 0.211857943984062 0.206643637955588 0.17550388927839 0.136132373771097 0.133444589112372 0.107236099050123 0.0793418281963587 0.0838057837200242 0.101739367979601 0.0877596138491187 0.0375348001962192 -0.0627332813045196 -0.112960477012273 -0.150096687449872 -0.09191249468184 -0.0484267403331019 -0.0593080431475551 -0.0863524064749093 -0.162273134360244 -0.108466947555862 -0.123790578962207 -0.124320780884682 -0.107080524644929 0.0824390773732189 0.0990841816130658
0.819004582068521 0.814525057181237 0.826465363110706 0.882897962460613 0.890063924404247 0.862089947867253 0.839667666199406 0.827278842069238 0.794427520593116 0.789874776813229 0.793458201032285 0.793388180934631 0.798570939872779 0.832799675725776 0.892715540640442 0.898411072161346 0.808963737191556 0.693154313845568 0.614558662834577 0.518472534591443 0.46963516846298 0.22500639115075 0.191374826166096 0.165341382285111 0.169164838833657 0.175503328448785 0.174696985108464 0.13773643186641 0.154965114765984 0.0845028555095316 0.0896349018483495 0.0868002124120911 0.0534829472246098 0.12029224281829 0.13763457077392 0.0276419706288547 -0.0559346350530305 -0.116778024362493 -0.121088572981567 -0.122657801053059 -0.0686617791077407 -0.0654895058948646 -0.0705843359723692 -0.118515447826188 -0.122287172914266 -0.148908910120711 -0.14204904697605 -0.129507065093424 -0.125741132991205 0.0493362032295008 0.0558998135906664
0.773830648297733 0.761326017099552 0.801858817962504 0.84374671394585 0.862771156936328 0.878432643825382 0.884334280712945 0.877752310577243 0.873265661159832 0.855528129895432 0.804895073412464 0.801365178818038 0.80908137328868 0.80331610722928 0.850701187111015 0.865634123211806 0.755311308362597 0.613298393913312 0.518775015172251 0.417457575209423 0.350476300327073 0.0964985880546675 0.0708860374060285 0.0798174450920401 0.104731765362554 0.125405542723479 0.120124166096218 0.112678569751082 0.0917945560176515 0.0684811889805054 0.0408061588011331 0.0369402621659565 0.0434719788911407 0.153244456265416 0.126178997144468 -0.00165896504497931 -0.0927189075486409 -0.0969214438899266 -0.0834665907673947 -0.102920916773458 -0.123395254974132 -0.10620562359885 -0.119827816530653 -0.127662865056199 -0.144293799807245 -0.142902969791968 -0.148844495608645 0.0137709621657305 0.0252181316929178 0.0506392820112055 0.022361901819215
0.727949567782254 0.72753533264991 0.749914550050212 0.777145373330811 0.805674313569556 0.802825379589284 0.830738444447753 0.850968650759761 0.887178778955995 0.911792026523858 0.879709801801682 0.851837377826564 0.798714756233954 0.798842910258763 0.770893914756436 0.761848330443226 0.647476814351229 0.529746489404874 0.410039364713961 0.325999928322478 0.237156569673331 0.195747906661604 0.0103948945452861 0.0288657568085251 0.0570496776028717 0.0724251139929843 0.0949032623939787 0.0833386314787864 0.0586067845616456 0.0333067256987041 0.00132274050198972 0.0144423689757271 0.0343377102815837 0.0965729553173658 0.0593096407714982 -0.0322867064267101 -0.0961900586247734 -0.0874496464531548 -0.0989586733403998 -0.0988752664159512 -0.098894512547266 -0.15749502115865 -0.132100323173271 -0.161752455470301 -0.169464815877816 -0.161747273786485 0.0110174275349451 0.000101581952296925 0.00953306416438404 0.0173945958748931 0.0160190491107853
0.687616489586711 0.670299039722505 0.693046829835 0.682459011426564 0.687150567896152 0.705877636555962 0.733183855543004 0.766948183249715 0.781164636221568 0.801031975624247 0.82799263381771 0.986346656145582 0.980883296733244 0.918226275114877 0.867333802825291 0.707231494911245 0.601729542571914 0.641695423556964 0.346589819243624 0.238699662913388 0.132599587243838 0.120518166634247 0.1610985496807 -0.00726909953050869 0.0310411363793773 0.0406802242482903 0.0609301973189019 0.0647131891244391 0.0446646049466833 0.030288367415891 -0.00426200748631256 -0.0506503612819315 -0.0487618290575091 -0.0399079207467625 -0.0672304364528313 -0.0593201563406981 -0.10767554941888 -0.0854867323814455 -0.111879774928376 -0.128441863768604 -0.13295235867442 -0.160736078333409 -0.149403050993251 -0.173995102823633 -0.163078915459247 -0.200972259415381 -0.180449273946625 -0.192788655096526 -0.0170128169707351 -0.0444274600609705 0.0227326770967954
0.668784147046598 0.654376535777636 0.63562836525832 0.627498394965339 0.65175113789893 0.648498991576528 0.66468979775732 0.699298931989902 0.729898099104985 0.875357044038318 0.721220344999937 0.907664841409098 0.935674575513351 0.920227386566294 0.932308474362669 0.842638076742744 0.790822815344916 0.719558933967285 0.524416378010594 0.411905984973598 0.323070267726551 0.126618847503796 0.157394553610288 -0.0178545286004464 0.00737533969337928 0.0349300563971095 0.0447271387380804 0.0553872268979202 0.0279326881532517 -0.00239870070038434 -0.0219251981815686 -0.0446067379577357 -0.0899643836645775 -0.0290554814228179 -0.056574992600004 -0.0721220187091317 -0.122521880727524 -0.129905148668255 -0.116558165146651 -0.126199767785986 -0.175418972840365 -0.194258158939512 -0.185000152023556 -0.205178533161671 -0.244697866775691 -0.280068145020835 -0.243013452878244 -0.228941646930459 -0.268441777898046 -0.227152425422484 0.0214971118958737
0.665964190893956 0.628329691538954 0.58971940819112 0.601977171205146 0.616505744040061 0.622869943640001 0.641660950382964 0.826803585466201 0.825863407304987 0.842269750574398 0.864205938869253 0.898976210395957 0.919698416633945 0.900811136327314 0.890887086589061 0.858692740542992 0.848414337800487 0.797882005867551 0.629118815958906 0.456489630884646 0.39618942480467 0.376179126434842 0.418251695899073 -0.0134160294511636 0.0181973799719137 0.0144132310079268 0.0427748383220115 0.0482844744927177 0.0084351747227206 -0.00765739162722784 -0.0397082754088484 -0.048331134879615 -0.0890494357743962 -0.1076848813595 -0.0597458212509867 -0.0582213525334107 -0.0914959673965517 -0.126084020373649 -0.143011234757139 -0.171375145236303 -0.19221773099127 -0.211888552778336 -0.23266370329464 -0.238241013363035 -0.257713191761495 -0.277712447384646 -0.273356685559542 -0.310304667165562 -0.267517885896589 -0.0422986445200871 -0.199219166523412
0.811606264586213 0.619212540849292 0.566213429998885 0.551321830318839 0.597237440761596 0.797756385130518 0.648143868980813 0.813773333744434 0.832046553539119 0.812385127197623 0.843802647613852 0.872513756390898 0.867852425027914 0.888022535071774 0.886868799949423 0.894045520258067 0.884699598919618 0.85901913779611 0.722797839789855 0.574027360512217 0.489108111459232 0.456352546546458 0.464724007809532 0.485242675244383 0.255809939037007 0.0378453237225042 0.0447712385268035 0.0504861810462005 0.0148082057611134 0.017634386762252 -0.017193626315719 -0.0285488189203681 -0.0462930787612955 -0.110414387825159 -0.0689949599339402 -0.0811523882348756 -0.118904850589251 -0.141456259864894 -0.128772799090584 -0.178107176282361 -0.228911659097883 -0.23067372697855 -0.236970855698764 -0.285509719288312 -0.262993468929747 -0.297136803230443 -0.328175941842487 -0.297985237397512 -0.244357174229951 -0.0412054627419565 -0.232551810580387
0.845108086398048 0.615564426392186 0.769109779894926 0.733772923114207 0.765750762894651 0.81442245622727 0.851580703650091 0.836780623312677 0.840311916893851 0.852338725069008 0.856890875418257 0.845044319605305 0.847251604500475 0.87907632121541 0.911753965702239 0.925467662880537 0.922382769963005 0.908855289176379 0.803996147691052 0.669349968212641 0.580956552537299 0.559316477781867 0.560749817341976 0.290530021976661 0.288269695437069 0.289951022729424 0.283794304908821 0.0453836491634892 0.0258307880946653 0.253445399271555 0.00033227937300373 -0.0193621163886365 -0.0553663689208073 -0.0986505314202572 -0.114847196134525 -0.104770181077015 -0.140741782041733 -0.133177000598729 -0.159341911144396 -0.211429655243916 -0.243500272397171 -0.289611110537567 -0.292968776119806 -0.27221682132513 -0.279061900287746 -0.31309217025174 -0.331653026625336 -0.298348946952439 -0.257228786333223 -0.247474452480909 -0.237010044608003
0.839771283629396 0.813415764187684 0.77222455281663 0.765893384428241 0.808398351798488 0.825977473384188 0.870373518707121 0.880172121934303 0.895193909077451 0.892269378775417 0.894033502681185 0.825023997578786 0.845155681553248 0.862951794715211 0.956388395648896 0.991999248508733 0.960308542104291 0.955609437279417 0.885700701572107 0.758531428604473 0.688869359076985 0.657774100389897 0.642175640752167 0.655760971104302 0.346230147470459 0.347394965608924 0.330903674109816 0.318994753754837 0.311683379105376 0.0523121623742023 0.00563934091350249 -0.00874553415947399 -0.054606927689676 -0.0988192466891754 -0.0943832911742373 -0.113171535532469 -0.130092203386168 -0.13008485289587 -0.152692818753992 -0.199974468980812 -0.256248345619541 -0.297363328655447 -0.313898899408469 -0.31602127052556 -0.323504949075906 -0.356002981348503 -0.337774466368035 -0.30823642648851 -0.263218893019148 -0.253580928100135 -0.255150906529058
