data/pcas/pcas_can_585/pca_referenceLayers_can_585/PC05.asc
NCOLS 494 
NROWS 529 
XLLCORNER -117.166666666667 
YLLCORNER -55.5 
CELLSIZE 0.166666666666667 
NODATA_value -3.4e+38 
[rows 253 to 275 of 529, columns 306 to 356 of 494]
0.679568303144404 0.64468554965937 0.541775537444627 0.411843796985557 0.284263850026167 0.246760567006907 0.278713622931944 0.312339280607939 0.39570382705546 0.512757809359437 0.628184457315022 0.736214531845644 0.870955014641684 1.01450554113772 1.10932069784257 1.22106633546191 1.31172463830405 1.38233233381327 1.42366668835464 1.46302110406209 1.46437350345821 1.45193375536363 1.47490071154836 1.49653214586355 1.59229088106515 1.63536726387989 1.53641366186969 1.46257316350881 1.41035120172399 1.36639135112361 1.34120395793269 1.29837982941337 1.25788016470697 1.21962081418988 1.19577068506569 1.2485711413564 1.24199015308967 1.24054816192601 1.21295019266821 1.18445848909154 1.16188429204732 1.14759364977851 1.10608595651726 1.0827056196018 1.0376638946177 0.996067795666921 0.942293963170357 0.900297585138015 0.90145736601725 0.88016102455831 0.856943473831572
0.678263172543892 0.632879744846425 0.507407708142357 0.379528691540101 0.279191203983745 0.252706366137671 0.259171945833273 0.319522064838419 0.401385234298079 0.503403525990965 0.613971307509793 0.720454088153712 0.849656480563568 0.980900313463582 1.07293758521088 1.15705780148888 1.23589101662685 1.29440555708713 1.32591297492277 1.35448419986055 1.34478174595374 1.34697844587414 1.3674097510778 1.46519844136111 1.57926357003513 1.63710482271047 1.55916703059797 1.4763115122742 1.41682725322368 1.37596664633359 1.33550682359441 1.29793889859375 1.25513990322026 1.27026217289669 1.27204231438386 1.28044733606023 1.26210791876756 1.26204942058731 1.2635938315902 1.23549496388933 1.19104110097177 1.18383275782608 1.13785199198771 1.09017768874603 1.07112816551441 1.03606089335301 0.988064800859521 0.93106971182338 0.925329261520374 0.900334745221112 0.897890852759313
0.595080001294026 0.562491617150535 0.473879285318753 0.365129521066402 0.312968227254278 0.283655062698408 0.298004642547355 0.356841208950573 0.424091750362299 0.517236065797043 0.608610709475663 0.718857557826766 0.835690263509033 0.94083874869103 1.02135064137215 1.08664782264668 1.15400789221536 1.19676585358321 1.22382270616747 1.23177476677146 1.2301401625627 1.23128183066518 1.28665765285167 1.37498942205252 1.49516750881779 1.51569366740126 1.49143316256942 1.44243256754633 1.39166440765681 1.36555076008597 1.32151644889576 1.274073729517 1.26825708592004 1.28216994973185 1.22597050941303 1.30224413959494 1.28833973255374 1.18656750275165 1.30967230136813 1.28652491202275 1.26603940395863 1.22802897434923 1.19337188554959 1.14970821404825 1.10078218936887 1.08330128916611 1.03579675885199 0.93213664098734 0.930869608986555 0.923532022656652 0.900138156161951
0.539334994281862 0.512366220747773 0.45400388886897 0.384966768250919 0.34425665464187 0.321116031628051 0.341166824859151 0.393091761528039 0.46183879793731 0.515016218916655 0.613723066356824 0.721535122770314 0.861905923748055 0.94138618717801 1.01476293460012 1.04816644592828 1.07013518901209 1.08587149236264 1.11812804367431 1.12237859922393 1.09227876110826 1.1114732003821 1.17314824945474 1.26096152221456 1.35140137107734 1.39639949381961 1.39723256820939 1.39499786101231 1.35914342697329 1.34822926454252 1.30791811343278 1.26222831694685 1.26057379160705 1.24247913646149 1.2223296047612 1.20933946464661 1.31114486730756 1.34681919117073 1.34691803537106 1.36279031589877 1.32579914094464 1.29905298552333 1.25887927616613 1.20980619851602 1.15920525654282 1.12290859105906 1.05459367697985 0.957293165652341 0.952232591494373 0.939975901610388 0.91189833967392
0.48682208891228 0.461360432963934 0.420798400707255 0.389703212349646 0.367746952998471 0.348446545840879 0.361838758962901 0.428346067596246 0.489200354761347 0.537183641049103 0.620816739583817 0.727136864053973 0.853089265408799 0.956646516063683 1.0258839753428 1.01659875441922 0.983535987050849 0.991173991923274 1.00000393262439 1.02187350805838 1.01526935155924 1.04740906786182 1.10146847722414 1.18106162152933 1.26555065951442 1.32220169091074 1.32060324875819 1.3343111173118 1.33860401812021 1.30599782391963 1.29002366196504 1.25611300624234 1.24741705482958 1.22889571489824 1.21413498983335 1.21804486438853 1.35258086239383 1.37620796146359 1.37325327943795 1.42121937275367 1.42949109145364 1.40988073812606 1.35235081135101 1.29688295232643 1.23664417573086 1.20792114134305 1.11051304402502 1.05280376909049 1.00799789137481 0.969263244385099 0.929870559563302
0.457188064480732 0.421666082959786 0.400409964299866 0.386395642222618 0.366567407553183 0.39188541636126 0.395220478420573 0.444876395178015 0.512675710592251 0.539500598970335 0.620898344112687 0.704527969198575 0.819584963461955 0.941334438948656 1.05561618418511 1.06963484433224 0.943217496594906 0.927961472226024 0.942016080134359 0.961832784508457 1.0068721717145 1.07389800003552 1.1352585162986 1.17735137459522 1.23849617327341 1.270673831609 1.25724662558253 1.28120662700568 1.30701006955141 1.28371967112809 1.26658128393584 1.24475001768059 1.22494350209103 1.21348001717168 1.22033516664759 1.21657315406206 1.38246705218001 1.39304844270886 1.40018064269806 1.42497886733663 1.43403064124507 1.43648506946846 1.44178883035341 1.42045232519815 1.33682178782519 1.25944488878465 1.17008446237013 1.10908413410969 1.09056805968985 1.11464401015132 1.03849994917868
0.428790369266142 0.407960801317189 0.390020890904511 0.380386933065953 0.400685899961099 0.418650459076712 0.422320684467925 0.454185940239556 0.505961447933306 0.537034841475972 0.602300354047295 0.677982252816249 0.774650486192527 0.874026258635367 0.995756430874488 1.02168086154304 0.936587616676913 0.884709552607641 0.916448126265546 0.944521545490247 0.987713019315783 1.05079143260243 1.10754996413331 1.14773202410387 1.19625816905397 1.22895832097106 1.20706399974822 1.23655070376995 1.27618033547745 1.2514798366718 1.22348374774087 1.21915942466262 1.226114057666 1.20970928868502 1.20408379399595 1.38262571890358 1.23515092695855 1.39463605659765 1.23320659335222 1.42980319741808 1.44253383001549 1.45503045401705 1.45903025397542 1.4704988022319 1.41421058699551 1.31536714767952 1.21097682725873 1.16692920751296 1.13845668269412 1.15350600679596 1.13277194544831
0.411391215848727 0.395838736881238 0.368273138274614 0.381020822467431 0.41261533430556 0.436675281503548 0.45044029711326 0.448945356085034 0.480208224929038 0.498957110977275 0.555199682320577 0.610609345864138 0.709238740731139 0.794590217526243 0.877323433464078 0.900931247498161 0.874540458852465 0.841690623915325 0.85435957947124 0.883202063525601 0.92384338132054 0.978667460905286 1.05051925229377 1.10341295492343 1.17500105255513 1.23077910839539 1.25088833440263 1.25242735082842 1.26055151371773 1.22122638605077 1.21204147785437 1.20650347721189 1.2022972504383 1.18336623237031 1.1847208086875 1.20397576900841 1.21758594206512 1.20896078942605 1.2171129037149 1.21700599888958 1.42796438921235 1.43696816082181 1.42631334292891 1.44236812782207 1.39831396141113 1.33905918399787 1.27776885974461 1.22470236765318 1.20024795440726 1.17114517936888 1.17472493163523
0.388924306995537 0.395155795945851 0.37238831965429 0.374730262004921 0.403024983996524 0.398481611614573 0.425411549739407 0.458084217423534 0.496443633000723 0.500984074136213 0.491851454856972 0.522060495020716 0.575316025245097 0.675951833624646 0.773851863244513 0.854503371163625 0.776764549120391 0.76581914458731 0.796308493634241 0.833987175533354 0.869373465607338 0.910782182889464 0.964812422052955 1.04738299564844 1.15643528574535 1.23436550676138 1.25680099111518 1.26950729559167 1.25121917918483 1.20006558063225 1.18609726945183 1.20187058611986 1.19895790251319 1.18048419034828 1.1765623026156 1.19971587701424 1.21800574699623 1.20537559808595 1.41658687951936 1.40579094340351 1.39420058186945 1.41360464033795 1.41154874734128 1.41664889262532 1.40666364044161 1.34021609590554 1.31547526656892 1.2769767199816 1.28360164006248 1.25374368924398 1.26585786267309
0.360250154764174 0.360019987899373 0.350340890354134 0.343211431423114 0.352878401338872 0.368396037737949 0.422119345519194 0.469118646725681 0.502174963813078 0.476825243746684 0.461753134302924 0.435190638133348 0.430519199776739 0.510642468228483 0.637470816736403 0.66774580577624 0.692328809392032 0.712461901515347 0.745566547308943 0.788704090794111 0.809041985387788 0.8219445818949 0.887740717374546 0.986903829829966 1.10356966996105 1.17164174329443 1.2192926513002 1.23189781785984 1.21685862324465 1.17984793570101 1.17474510610862 1.19527949896519 1.20400041077117 1.1825192242363 1.18669572979488 1.16654741578952 1.19535143103353 1.17309953297856 1.2170032877309 1.16587805888836 1.38629815567773 1.39188142476449 1.20620587631824 1.39552101403928 1.3996436665576 1.38897560591282 1.35435809372515 1.34406347166526 1.34274248448809 1.34048641466853 1.34641158558175
0.231168985639861 0.287540912278894 0.297007774687927 0.331373358527545 0.340789637822653 0.376560309977322 0.423322335619026 0.47136257724581 0.464938183129876 0.448076399922044 0.428129345040839 0.426953665099166 0.422921972519478 0.459962873910359 0.546621807044922 0.569955496963486 0.616015477749307 0.688485591720405 0.675748813511165 0.70146920360854 0.724442359559314 0.757761650362119 0.820892533771381 0.895967977041431 0.976835241329991 1.04423048874781 1.1222874748242 1.1905342936792 1.22925315971376 1.18511211489209 1.18049886412746 1.18310683587926 1.2070125461428 1.16473173260047 1.18866470881817 1.2103684217391 1.1924930112531 1.19180228814985 1.18986899339976 1.38785660168196 1.13019187334659 1.12786815309657 1.39215258801569 1.3883926521747 1.21144221079967 1.42192689770853 1.39055962616822 1.15272122374002 1.39218830176314 1.42607717244005 1.4331949364596
0.133535613032895 0.208764851077686 0.251625686407947 0.292033581534598 0.338394943500589 0.344394343337169 0.407949298961262 0.438936211460743 0.439692922171782 0.426203727203786 0.412759027500737 0.401239350884136 0.418857073618962 0.444993244716757 0.492246229557867 0.522528652486611 0.574135274419451 0.618448111958758 0.609035265893989 0.604528512403485 0.65568206357488 0.682397873226938 0.763223934910062 0.817167321409068 0.83445324983539 0.893698004144519 0.983377096550962 1.10534129522711 1.17644642708251 1.15558197687935 1.14067741654773 1.15834066591435 1.19831679230338 1.17000103948341 1.17925258121191 1.20481503420372 1.20660134227991 1.1781457685316 1.17123225203697 1.14553924197905 1.33575427951711 1.09955911412084 1.36473085996217 1.18984991473473 1.2003894651166 1.20701221500914 1.38911566119068 1.40773603227515 1.21214588634111 1.25503143534515 1.54377801226983
0.101802207102109 0.161993857472098 0.207667325366442 0.243676242911728 0.301743779263203 0.316581642593901 0.364517139464062 0.388197703786463 0.408397681103805 0.407534776941558 0.397487339211787 0.401640020950106 0.421356152431059 0.435935443661338 0.497494167937376 0.496556165816243 0.520432642126474 0.537873302919874 0.537537332055896 0.551292410222467 0.566088435511059 0.616027739564759 0.699398693236021 0.735733001683376 0.757396712267051 0.785761916548332 0.822684848319318 0.943688117605531 1.02258197093263 1.04102608694449 1.10303325435613 1.13001011880208 1.16111561599827 1.18907811323717 1.17046292511603 1.19863419216106 1.19318980505976 1.18426498927397 1.16082574438872 1.14571679654615 1.08741780568267 1.06719607214034 1.10255135691223 1.1571637362543 1.19186990360968 1.20060183209147 1.20360927853108 1.26184929710288 1.26476260775567 1.30565200317285 1.35090887902351
0.0742890036105872 0.124901676251336 0.173103963135572 0.218556382567391 0.277006212133826 0.298393292392844 0.310385184771319 0.370485171592713 0.362682610857562 0.376174525319606 0.375563404185382 0.378648575937323 0.390843200691221 0.404526011428025 0.44060550001189 0.4701351496967 0.452843919500955 0.477180011910825 0.532169768349016 0.536720280109175 0.553824547384012 0.58579454476291 0.637126628060021 0.687160476727237 0.689420958572119 0.70511371553905 0.717166509742968 0.787091871812476 0.879380712581977 0.968349632126802 1.02486239652565 1.05722740914033 1.08896701300949 1.13682560531 1.16854166384496 1.199593654075 1.20958206090009 1.22335831000834 1.20068553172311 1.12775708849873 1.07164623817221 1.03039405008699 1.08682923081285 1.12739075149527 1.17613964647572 1.19086080676499 1.21857675700794 1.29101787101641 1.2998772077229 1.32793536065508 1.37206884988589
0.0816048314534932 0.126050879201448 0.167848714047966 0.209300006058125 0.261536542483106 0.289911626124192 0.261795468658932 0.34051810057068 0.352494323876627 0.350959627979159 0.358455842610523 0.357397215336812 0.373587176105039 0.39744366993662 0.419965242300887 0.434608603799858 0.445669827065179 0.446828260545961 0.467656535208553 0.48912457891194 0.501417652932208 0.509905663875037 0.548263518781536 0.632226953807218 0.673232610372833 0.696212306568951 0.685350893396755 0.739102821030448 0.814219110913303 0.897250353017197 0.94602898477774 0.996893280256165 1.03862608184083 1.09611128554985 1.14347099360804 1.18755776753232 1.24271122813464 1.28007462102985 1.27099950590679 1.19382740230357 1.11717587514664 1.07762194396515 1.09309652159536 1.11791171473024 1.16257512578509 1.20496932412062 1.25008686659923 1.32513843373041 1.32348576605132 1.32568549127143 1.36283385066425
0.101072759939951 0.137686750823082 0.188382743480136 0.209155130951488 0.241222048611207 0.273876895848525 0.281554111755865 0.299862588589989 0.321032135434443 0.333995361807342 0.3256340131066 0.347788456596894 0.368949848982902 0.372860972806426 0.394127709097052 0.404529620578237 0.401517321031249 0.402873373507649 0.405990612495094 0.432560512801261 0.427401687442151 0.455405720264221 0.501430391896165 0.624941158045675 0.65493584826401 0.686742684395934 0.700279425641346 0.721939183098966 0.771774760736529 0.826925861014073 0.872230610615314 0.93348710687736 0.995980637296881 1.03936646598369 1.11401653279223 1.16873112302613 1.25227164580084 1.3058575227348 1.36465629659681 1.31795336918996 1.1928248539442 1.15108103489225 1.12409737766301 1.15889349436288 1.17893379486649 1.20162924120774 1.23788618296504 1.30525903198384 1.34548813672995 1.37322704355303 1.38144280351063
0.123142070455475 0.141119290251278 0.193702760356781 0.21706856058928 0.248954229852277 0.232578598374117 0.281268567000166 0.319450895850011 0.311076327751181 0.307372169394711 0.321570460027983 0.346664839034854 0.339774956409421 0.313780524023553 0.356455441629613 0.349664442235598 0.358387801409805 0.340779661493037 0.352233430329905 0.364999512751949 0.381003274786128 0.394567893362152 0.456601463695767 0.530045531195074 0.548453336548645 0.59028686715942 0.669723580249217 0.691878528896914 0.726528818993065 0.783243309573004 0.842953791011854 0.895383167723761 0.947236471072152 1.01205077269597 1.06604641514901 1.1403624694038 1.23297559825716 1.30518528298602 1.36073471667715 1.31196014555247 1.19405830877851 1.16894068438826 1.1699749704695 1.18512001749057 1.22192084012981 1.23546319923581 1.26469612634171 1.31227350613481 1.34532531316254 1.37792447104048 1.41979565991847
0.143805964401932 0.167725368176966 0.202926290074824 0.228229042890503 0.238023984768098 0.23386798462337 0.247362187559503 0.293557525976701 0.298286396210697 0.293131714158895 0.307918040846947 0.306567779877775 0.307806351438229 0.276147722628093 0.269247422446544 0.284397403797153 0.286025274062327 0.306864273226496 0.324572037138232 0.341824219048279 0.360298857083564 0.384857421279339 0.420773869335688 0.444500521480556 0.487853822959623 0.508180034541114 0.59987669178008 0.653789108898285 0.679262480451212 0.775282598426824 0.811745904146218 0.857707768295738 0.898288329092811 0.978396582365784 1.04368183592336 1.1157437558625 1.19143375551956 1.27063443342696 1.29087910600751 1.25695982407996 1.21104539376056 1.1969839049129 1.20834159755995 1.21996318088228 1.26311740722959 1.26658675537664 1.28360741128302 1.33901680710631 1.36141364880624 1.37189082346619 1.41350553683909
0.186897350259492 0.198294813623262 0.206520349725555 0.229622510206014 0.252465396323667 0.258374632155887 0.24568772792261 0.272934010978084 0.316678271894866 0.31435542118784 0.286178049213783 0.271896074105812 0.268740016103393 0.242237749398879 0.25259679051195 0.246455049710309 0.250259210128688 0.26590980397613 0.309977010124723 0.336766992994914 0.366059256037814 0.355918836330951 0.381168441620842 0.391836048566872 0.447128183111595 0.463114788869988 0.50088030664611 0.574109659298108 0.661176200497064 0.739579606832718 0.788748860798467 0.834672831994414 0.881283054681066 0.971098002410677 1.03506408169857 1.10389001878477 1.19116028978889 1.1910954773286 1.18866488220568 1.17635929125374 1.18578376635868 1.19853467441281 1.24320047034378 0.406113023580668 0.431728283889074 0.425039187224093 0.438271697757292 1.36524153070346 1.39995429436922 1.66489216105932 1.00699962917502
-0.00959215573515837 0.209719639398156 0.203119843721789 0.220845564679842 0.243526061416332 0.274772722352487 0.261777840998102 0.318634962551825 0.333993453440037 0.342262734742652 0.311618383974407 0.293200723995418 0.278405269863522 0.246938323034121 0.23915986303823 0.24322378138209 0.248120802516861 0.266866399919939 0.293991614650922 0.32809515541807 0.347769625640255 0.353781466207999 0.370825704102257 0.387586292830418 0.440928042825516 0.466280861190504 0.231752784687556 0.552165573381132 0.627698919191676 0.705569853917808 0.747690991574933 0.233273081637154 0.847677515509643 0.908067921199811 0.998827798419605 1.0545628037742 1.1183839209229 1.10180240605036 1.14230376398573 0.35638614115409 0.368723783150165 0.381809580978629 0.412631069682173 0.42415705669625 0.459272587600328 0.458346352687745 0.44165138143298 0.480998132062226 1.03350168761098 0.491689305693018 0.469014534638917
0.0198255452741449 -0.0108469979287986 0.00728473160446107 0.238878402684363 0.248436538796553 0.278122280732758 0.291536072113371 0.308532186863983 0.36429052704511 0.367588127743281 0.33315163799284 0.279658329920721 0.268062429242098 0.249395814346764 0.228482572804662 0.23667713126761 0.269683105596278 0.27949781348633 0.286722413833801 0.305758168838921 0.328978584992851 0.353861789506605 0.356495849515996 0.371012031507332 0.169004710598452 0.176890905188207 -0.0353181914952021 0.012407124926004 0.359244478045396 0.414375687823806 0.172560598983873 0.231931619794764 0.271927535504457 0.947191919718987 0.32765186139368 0.355319119488776 0.415940450183149 0.450508565237324 0.473032429742651 0.513063866703108 0.382606552798441 0.40000710416172 0.420537294648474 0.44019453886225 0.61342294286311 0.469682827686116 0.467633739584929 0.483063852224532 0.521476319409866 0.484455190270438 0.454664431811916
-0.292014776722326 -0.021401365025948 0.0259089699650899 0.0440509758824536 0.0304642568342805 0.295521193682894 0.318917195558979 0.347801746080803 0.38093482583995 0.382195933381248 0.324349489015171 0.25317785940972 0.24255725970082 0.254344115952294 0.218832482069824 0.236482203662312 0.250709707116863 0.268328128405033 0.282820984605436 0.294360346284608 0.318682771779224 0.329351903616523 0.114205071906323 0.131668718929964 -0.122545033865448 -0.0785969423709089 -0.0512825770349996 0.0386034029704612 0.0910253598503016 0.142321661811276 0.21131842315268 0.273172784120111 0.322482498084984 0.358186187021947 0.339052774366169 0.328258841179701 0.384307786027875 0.438821439550129 0.450824990014814 0.337930181049739 0.351369067004079 0.392041827059164 0.431224010219104 0.441883818525771 0.480850061742441 0.498418582523466 0.508764540424631 0.503226040404899 0.497162921209583 0.495704093079548 0.445152197030024
-0.235572224048562 -0.278986949185278 -0.301165623604237 0.0822170178686989 0.0950184767108163 0.0762118497280722 0.0983992617189347 0.115860262136781 0.146483543367719 0.116439475243435 0.293745802749125 0.222545280527279 0.21149429213102 0.22460634366068 0.228715760187904 0.231666356539036 0.226482234613189 0.257645930703329 0.266619449165912 0.287104218011674 0.319991305390527 0.098661435287989 0.104248264798795 -0.109646286038502 -0.0846274444799623 -0.0358513984237076 0.0346801836719873 0.0470507430250556 0.0805211957384796 0.151454709757377 0.243004496755253 0.294498113922516 0.342142432882841 0.346482366587351 0.341209694670877 0.318389469564998 0.360294513867279 0.428058774514277 0.440415500442408 0.321178842499516 0.344384544265401 0.397801795141213 0.42094816496352 0.45177907913904 0.641236187876599 0.485118272330335 0.51075605832221 0.484136757868967 0.477553008741052 0.466567449357735 0.437868709414684
