data/pcas/pcas_can_585/pca_referenceLayers_can_585/PC05.asc
NCOLS 494 
NROWS 529 
XLLCORNER -117.166666666667 
YLLCORNER -55.5 
CELLSIZE 0.166666666666667 
NODATA_value -3.4e+38 
[rows 276 to 298 of 529, columns 255 to 305 of 494]
0.277849687769216 0.0406588208096577 0.313161668877721 0.322606379049567 0.558893590559555 -0.194565319538511 0.395558482371513 0.298603756045561 0.127555288563533 0.54945764792916 0.827842696226395 0.291477819528635 0.481393581177826 0.532081205816722 0.529998992974405 0.201876446420536 0.297932954441237 0.412677732675895 0.269387384819927 0.544021453884501 0.52555698174075 0.243841454171217 -0.0205050016535381 0.247268510166986 1.00578071364015 1.88072126814655 1.83219852753371 1.53807352022902 1.33372810248325 1.02706749697856 0.746112091718952 0.536625309256436 -0.157625281400115 -0.242041975751874 -0.320318275579504 -0.34781599199112 -0.353319873617632 -0.370095133994308 -0.375901293008672 -0.363677951713494 -0.360503358140243 -0.345755466568024 -0.325785116281664 -0.338196516795556 -0.364931131598608 -0.371480112994244 -0.376695481919542 -0.381889270707176 -0.416722092402942 -0.157349288282547 -0.185388666063762
0.179719677314109 0.132451891630668 0.148700006503703 0.123436084418337 0.217378256459036 0.451724515356054 0.20115561471059 0.703056215004345 0.742871849324113 0.798541958327745 0.15127961100948 0.362722392004929 0.168783270888993 0.318852776845898 0.220351519858837 0.427432974698915 0.312330912035698 0.234771315809153 0.55041909632217 0.518602315970697 0.826983392257604 0.706954299098874 0.180416829815825 0.592726684118469 0.1627631858763 0.357636268882122 0.638943163930913 0.803924225812441 1.00353803534078 0.88214456638691 0.698898223703106 0.509040783139331 0.36111020585382 -0.288622628937196 -0.353851646167589 -0.388736308475269 -0.363051822861006 -0.377446522998759 -0.372841817448965 -0.332881329848137 -0.311562183529127 -0.290691011318902 -0.265465963396239 -0.299829013933629 -0.30219569834048 -0.314811124229446 -0.338468878418566 -0.33450415290154 -0.372104077608025 -0.402006577943175 -0.130298004496506
0.538379589685503 0.388062272595837 0.243979718210149 0.339053135178436 0.204251946920361 0.533802430016534 0.0639703597746886 0.186588227205164 0.269510228426873 0.114298808248414 0.900827357549978 0.650843692772965 0.673806901008181 0.396333832795426 0.471023364102329 0.449496840830572 0.160115290704511 0.507297427984984 0.46948636003161 0.746346328640638 0.895061595139327 1.00537457303415 0.924794243680285 0.861877794864096 0.620433560100797 0.281228541896143 0.130903147569925 -0.0283443794637277 0.333908349103646 0.562238359094998 0.446931014369707 0.331611791422717 0.215424986249429 0.180469136254226 -0.340816445995304 -0.394973449344256 -0.391468947096106 -0.379828567737508 -0.370159048909789 -0.31387338768781 -0.283944732772457 -0.260350800669103 -0.242986924986011 -0.23723528806294 -0.241573277199952 -0.259286659990022 -0.296278521160801 -0.333245916814473 -0.330796572527703 -0.36241485552347 -0.363144944999709
0.593949138388829 0.473762518407816 0.411413673797032 0.53431826950355 0.17395290467003 0.0880687449266542 0.100578936474209 0.35831063837231 0.137763122139201 0.871008621697521 0.322375435785747 0.541072660870765 0.7251538071639 0.738524752790497 0.704765945916024 0.585988357373093 0.38965000390964 0.417278514964467 0.653434064940712 0.741127814806202 0.9485715288728 1.06428525730293 1.04318679407171 0.924724824307626 0.767762293031441 0.755245791664642 0.634529571197504 0.52869456303259 0.182500087298334 -0.219329420896281 0.159186050005809 0.118932290754442 0.0527234073066465 0.0334283124590951 -0.42392442666696 -0.424273652431719 -0.420681296782278 -0.417973405707275 -0.368961066800486 -0.330291632872502 -0.279622540313106 -0.22345759881769 -0.180260261720053 -0.167068714214047 -0.190448359125428 -0.214331843480921 -0.256132681588796 -0.260176251504686 -0.291418198506871 -0.302872154794765 -0.319987234485326
0.633343286954354 0.600437164371876 0.600132059455716 0.565123144831797 0.107441921031271 0.440191898037829 0.0926774342294601 0.396845561778121 0.121497279801265 0.279945672029023 0.6179788101524 0.536150381527011 0.665507374637943 0.780582351732033 0.667745198756377 0.497404591752654 0.751527853418452 0.703313917058091 0.68042202290901 0.6018278706249 0.918813391300833 0.989961997181905 1.00036491679223 0.991087567607255 0.91364526442747 0.829014080026434 0.827967326079533 0.675583664832431 0.393159690625684 -0.0166766072805332 -0.180765717283794 -0.0217787213353288 -0.0267656676481786 -0.453921057263192 -0.0753809886494441 -0.46015049541995 -0.449856866692694 -0.46810648264864 -0.418339207927354 -0.349532426350394 -0.26880695592733 -0.177210647879119 -0.129225254474693 -0.0972178316692728 -0.130480969722848 -0.151406665866153 -0.199490266658437 -0.197408561199529 -0.226203641226627 -0.254658545237477 -0.294544001901675
0.677718724189582 0.661048536563436 0.685777790489221 0.533704533376951 0.303842730790888 0.631135346791262 0.378627464520667 0.377953879118177 0.172458050398867 0.572650499438368 0.540559539274357 0.79427210423053 0.681890466570727 0.930774128316735 0.727637122290872 0.484646657388227 0.77619906978732 0.865097239599372 0.818511944017894 0.781901154883346 0.571204519414283 0.905142160469883 1.00382759142309 0.944236518380873 0.889370813960595 0.838449263457894 0.718277965849129 0.719426785439556 0.658609039556364 0.515293530030992 -0.0240510730358211 -0.263220511876551 -0.0878430743939748 -0.133717029372109 -0.125859048741256 -0.171816168036445 -0.570714258691591 -0.537925117836604 -0.481264374675927 -0.40404067706472 -0.292301753612242 -0.170003976385688 -0.0640466208383441 -0.0148831849774565 -0.0548594769957826 -0.100769911254237 -0.139605030094416 -0.170813477353384 -0.187497743724972 -0.2312955831517 -0.257360642408818
0.334238656832904 0.662764614304349 0.65028088526864 0.736198870826035 0.542825247497918 0.72022334856128 0.772610373789823 0.71537842684203 0.575970776512931 0.701297051286553 0.530896837186876 0.873397525489856 1.03448727621538 1.11851635569886 0.918589487722721 0.64304612510599 0.809821948072287 0.972841654944408 0.964125419524889 0.853362336416039 0.813481206817007 0.898284867578579 0.983826439173753 0.846456803832234 0.726999593672804 0.762011043755558 0.681318005588912 0.627309799872805 0.62002170456875 0.601811025912968 0.28218026982985 0.0294751512660583 -0.244360004682007 -0.370036754572839 -0.104813843429349 -0.194458460936481 -0.648815254766018 -0.157420971737864 -0.131989896283535 -0.468210194903798 -0.299447282350862 -0.196334898869749 -0.0396781626244616 0.041357989426432 -0.0228345381602962 -0.0811514040332199 -0.12292000626004 -0.146846138341565 -0.158187325770414 -0.183496967195589 -0.184017878817891
0.361142915753484 0.554718156244556 0.432446523444067 0.646114886058067 0.804677112865301 0.863257144226967 0.88043083420275 0.850306296009955 0.763209465792814 0.997862267050881 1.01105873111464 1.10464159328448 1.18883562737612 1.21282474753794 1.00300355029604 0.916359930570227 0.945139464972144 1.09141467391913 1.02184189390561 0.881128921032244 0.932173665539988 0.952400785173502 0.877295204595965 0.802416357945294 0.66978381219264 0.583879853210236 0.631540777309354 0.716749813628863 0.665561256929885 0.662953395943873 0.607191151536864 0.512646686560527 0.406560336578301 -0.0339023470708466 -0.219179726539752 -0.336024023018968 -0.290711181890169 -0.220832760318301 -0.123320575781254 -0.537310649356244 -0.40538842548081 -0.220644794485876 -0.0621080230209501 -0.0424361487710696 -0.0280490837570198 -0.0754469458705751 -0.101375069735643 -0.102487179753156 -0.12152168791613 -0.130567122783519 -0.140206017253133
-0.227910669306762 0.475211807442674 0.312073553087541 0.0719971470979079 0.697125911016263 0.883371476461455 0.729559633557357 0.748609798823409 0.859447544003684 0.955677640971979 1.12990074904678 1.21819382743808 1.29708253628687 1.31009490920853 1.29561111633881 1.1504976567891 1.18509522332167 1.06287207250111 0.93105096164591 0.881582697006659 0.949409577341519 0.993619289939396 0.862973593382307 0.757398623172809 0.721893221338201 0.524974349382247 0.454577701139361 0.467710780818416 0.396590823792793 0.56616645946931 0.624834212046998 0.643381994927513 0.664616627950508 0.261229055699912 -0.0899223881417253 -0.333174265007647 -0.396750680766382 -0.343889839298381 -0.15794932003891 -0.213694841351525 -0.497844354044044 -0.324562242965545 -0.183202914957929 -0.110371148718137 -0.111175470720085 -0.116508473936295 -0.116206246330227 -0.0938731522441639 -0.103511430565604 -0.0975579598967943 -0.0697037639006732
-0.805479853150252 0.00438281491186238 -0.32355151646719 0.260293893604961 0.470056220998072 0.610852928432461 0.687691968015284 0.36546124261998 0.884304827038286 1.11824521551907 1.15947171918332 1.12612625090915 1.30960557222014 1.32140763971974 1.30219375014232 1.22391056687353 1.22583231958031 1.13603387867617 0.930966537604133 0.947889198718841 0.940033443206635 0.972294973648078 0.884053005975147 0.758314829440821 0.666568177804325 0.537761024166184 0.411599327342238 0.368261525719211 0.405964742846425 0.256413488764036 0.520767834611215 0.531607275501314 0.600583574121367 0.539036187431217 0.191827356683239 -0.137002155296568 -0.512487240233619 -0.468755374821404 -0.373266767038128 -0.26297455088793 -0.57327610164523 -0.460210116820364 -0.311326388953477 -0.20401199796242 -0.173787761853221 -0.160519858687661 -0.12598828976847 -0.0924506316516328 -0.0684905994473407 -0.0602376896122654 -0.0396686292211256
-1.02965943258964 -1.21171882440932 -0.869287236216022 -0.0785017137419814 -0.435986642030486 0.00999968354416525 0.423365011234295 0.58569217137169 0.664096517664868 1.09572941342617 0.877569357203667 0.675237938038894 1.25316556555008 1.31653755770348 1.26804480310935 1.23548565445823 1.23562943628505 0.252389509891136 0.990588197792296 1.06431477412543 1.05940098922914 0.982395090455423 0.165738828326534 0.926625585223222 0.738809128066206 0.532394816999145 0.37817733938054 0.244168821959276 0.227277438838595 0.179061639256197 0.306110235804988 0.456707773950872 0.509139955941022 0.468818631039886 0.165646612915839 0.029040178411203 -0.412295856912215 -0.56166950525907 -0.482246926581619 -0.325368888938528 -0.250354140201192 -0.547433761117948 -0.382316913320386 -0.295207112334278 -0.246114054755723 -0.180668982955478 -0.144686114279278 -0.119009522900027 -0.0666459088755519 -0.0386425367504199 0.00395033305514131
-1.17299225308067 -1.0310744617459 -1.17747756472253 -1.0782793456128 -0.0429324553610718 0.0821568516109177 0.186823511035951 0.162949851822269 -0.237454223580589 0.269842089545401 0.117445354660883 1.04820048893322 1.24031905737783 0.904118336497591 0.226391471422832 0.322411826247237 0.297479475121896 0.211390338816277 0.202971486411526 0.170440819813958 0.24681285990999 0.221204922474735 0.178158647773934 0.148523127630726 0.752081930435388 0.479576456789854 0.274617861966133 0.12364311601632 0.00179315454885115 0.010035469376 0.145014671703177 0.297167135426119 0.431295353990299 0.432402655353229 0.130122124544286 -0.0323031089604578 -0.208889768084926 -0.569297542254679 -0.567115117681186 -0.44947493483686 -0.293998528140715 -0.613406379800704 -0.485261427577572 -0.343154411760209 -0.294196893007254 -0.221692866733451 -0.150107652178042 -0.103243582293693 -0.0376617664000408 0.00643719258218656 0.0494227900809648
-1.48298216433679 -1.19536986815452 -0.979999371631279 -0.66801127375156 -0.12765753350048 0.152068644180206 0.226396361444317 0.491200926838264 -0.593122084470392 -0.19661516963932 0.843445756317806 0.969102576658774 0.302877649200012 -0.0500305573428506 0.133502473323116 0.258290729681178 0.265196470297656 0.273591204395429 0.217702411473754 0.125610282594126 0.169210050338549 0.233545813713202 0.209565293865268 0.133292864740907 0.0402858445019678 0.447640474865702 0.234955692135617 0.101553399041151 -0.0767565302203678 -0.338884293857683 -0.214687535545813 0.096202522113898 0.255415387927803 0.223703253476591 0.102643498217625 -0.0209875667751949 -0.121806866989562 -0.36706877297593 -0.607827524673644 -0.59634471892541 -0.479271395000413 -0.350440858247584 -0.219267953469358 -0.476101749900766 -0.350637398669042 -0.267094674208162 -0.215120419319672 -0.147292399609902 -0.0480559845796174 0.0257014650362937 0.0760496735226815
-1.96701434550509 -1.32153720871064 -0.98162351732077 -1.08104979314133 -0.682645326446464 -0.757315558866638 -0.126625310015381 -0.0937380325302589 -0.154570777183969 -1.07694322188846 -0.109648759719827 0.228974162916888 0.126976686648126 0.0767130859784978 -0.0276474246669994 -0.0975766942046108 -0.186786783497769 -0.0139775403782727 0.0506476486878645 0.0896145501510315 0.188881759503116 0.237139976113385 0.171586427740865 0.0469955310640812 0.00777535954701475 0.479198691321812 0.178125686603365 0.10697131823753 0.0137059381052055 -0.314208543005979 -0.308557498743419 -0.256032381973027 0.037483045879137 0.122555099512685 0.203567400610239 0.0421077866951928 0.0223985565974752 -0.042344488962454 -0.49680078357507 -0.641936823875547 -0.607553046586492 -0.497064720737323 -0.304781504668154 -0.253704465266197 -0.134786574907161 -0.337574997530619 -0.249802403354208 -0.209464662689456 -0.127158031256277 -0.0296749565662617 0.0623244482088208
-3.4e+38 -3.4e+38 -1.80591560152128 -1.37438535684523 -1.10174952153395 -0.831568763524541 -0.904945890455422 -0.94833335304913 -0.741197058806442 -1.54089081431943 -0.35051639589073 -0.0985578026477785 -0.0711347008966251 -0.4456150916112 -0.692071650665157 -0.112514172486148 0.323366616462101 0.215228225553711 0.222889000740243 0.211709974855609 0.208147189112005 0.216821480021333 0.172166375630413 -0.0785093736256813 -0.125882573078065 0.430552300990549 0.154705514408352 0.0834150018138148 -0.179252615210795 -0.205274800477356 -0.283208535644031 -0.315640092079334 -0.338403930751877 -0.0975134674902655 0.221168297239561 -0.0177377628984753 0.222724145557136 -0.0163082337805485 -0.270586936844831 -0.625349595441084 -0.66347101684615 -0.586641362914606 -0.436791571316318 -0.274307109448883 -0.216536505079417 -0.49648426921651 -0.347717486661511 -0.231235556053504 -0.165493009685458 -0.0453315961570467 0.0570958296718916
-3.4e+38 -3.4e+38 -3.4e+38 -3.4e+38 -1.27964695660639 -1.02312967943015 -1.30991690632129 -1.09076653358292 -1.31970009420284 -1.78981269561055 -1.28143261134986 -0.256779265364295 -0.933879861431668 -1.36802695045276 -0.411528759139627 -0.108191853785775 0.00203707250059421 0.0834947984336272 0.0431647638627388 0.177384570892697 0.14744197657903 0.215753347705171 0.219610416884364 0.0260845700178122 0.556351711608009 0.621182820768254 0.414782001289993 0.279520370829891 0.0868845342812991 -0.0171765856426588 -0.178507435854785 -0.318359620055642 -0.448738404323561 -0.457015309808631 -0.240647217215247 0.00889225073960459 0.380966977288097 0.553131618673598 0.0795996119879208 -0.382331339618705 -0.645922249173346 -0.603659986701354 -0.52931284555274 -0.339865015829416 -0.283434668053803 -0.484830589070542 -0.448149546767651 -0.304724897495416 -0.19011378221493 -0.0920397673837463 0.0259113233476346
-3.4e+38 -3.4e+38 -3.4e+38 -3.4e+38 -3.4e+38 -1.67156541808014 -1.63366629288593 -1.4098532258165 -1.51596009659499 -1.16643167988268 -1.06511566448937 -1.11007173016559 -1.64338260710062 -2.01438172805719 -1.02240072003699 -0.569138412167363 -0.389200243585298 -0.401344107192866 -0.114548539249717 0.0998387566865881 0.0667276622015866 0.0898092279260153 0.185954749539468 0.0226525033725445 -0.131703476087643 0.558367585997042 0.623354988098747 0.264814961804496 0.19510742028669 0.157666788751637 0.0750426278145438 -0.24690185157304 -0.506443779144927 -0.385872188280637 -0.36410716667266 0.13205791475114 0.267917135878388 0.566174533462858 0.397391609806931 -0.293276297165921 -0.519787081541204 -0.625293772815454 -0.538971557723628 -0.420647995236471 -0.331762147239195 -0.575983179340501 -0.480459460687317 -0.357844103034408 -0.222869153444554 -0.10696129671501 0.0188449135108748
-3.4e+38 -3.4e+38 -3.4e+38 -3.4e+38 -3.4e+38 -3.4e+38 -3.4e+38 -3.4e+38 -2.02047508715105 -1.81888211690188 -1.56814503391246 -1.66283275123582 -1.9208402532599 -2.04133649415901 -1.72893468184026 -1.37665276327266 -0.935130328286129 -0.800126934920564 -0.450999654745092 -0.055303765656566 0.139201421254494 0.140513956185122 0.149217223819295 -0.140603241784006 0.047870653612358 -0.0163864501573372 0.62619298624722 0.380082838262611 0.218213927975406 0.191468451857887 0.158922000679897 0.00988412845127284 -0.251292522447479 -0.103465792426497 -0.18245741377987 -0.105936552271725 0.179160657905077 0.455279604039519 0.517287272215902 0.258844660489955 -0.415029300758594 -0.587804292197501 -0.524916429069346 -0.42379510975382 -0.363841369404169 -0.562870246321052 -0.479615319875487 -0.381109129385877 -0.266788491982013 -0.139664437706123 0.0149551468826447
-3.4e+38 -3.4e+38 -3.4e+38 -3.4e+38 -3.4e+38 -3.4e+38 -3.4e+38 -3.4e+38 -3.4e+38 -3.4e+38 -2.13147312330866 -2.13582123061373 -2.0998669289127 -2.00547619090034 -2.06137786379399 -1.85725298964964 -1.58760302752491 -1.22565216989727 -0.931848283278666 -0.404736883397612 0.0757511999322326 0.184198043504525 0.0513332707664892 -0.329896176645322 0.114532348019908 0.0799103300465177 0.665376011691504 0.579820011751466 0.490120717978906 0.396834097088834 0.274615367432708 0.316315641931305 0.198871376561989 0.144162940490562 -0.118604569571185 0.143358504370974 0.362617729671462 0.483254602940227 0.431735494683792 0.362716887809316 0.268354353110896 -0.250225333532746 -0.576248954911392 -0.465463142223304 -0.635181937987516 -0.289236123071269 -0.25455924512623 -0.375433391826924 -0.293739147125405 -0.132508815253053 -0.0196642088257911
-3.4e+38 -3.4e+38 -3.4e+38 -3.4e+38 -3.4e+38 -3.4e+38 -3.4e+38 -3.4e+38 -3.4e+38 -3.4e+38 -3.4e+38 -3.4e+38 -2.28638552507311 -2.23555763852025 -2.23296275064479 -1.99993732773389 -1.77469037085702 -1.28610976914849 -0.738189687686038 -0.466512152661852 -0.218661059398362 -0.255246817893891 -0.071654213021438 -0.31475657446095 0.0509623097620541 0.094472095086975 0.374516458146056 0.698828139478561 0.643523190906532 0.426257518620401 0.426941683893964 0.352086630164555 0.300789376418043 0.296032390401944 -0.204750768578144 0.377921505437608 0.446273643668013 0.505723196598356 0.396524017105985 -0.0724762201274782 0.140252292075513 0.174188905344759 -0.384724986781098 -0.467798908063622 -0.63599372175588 -0.220140608097585 0.249518834277272 -0.188778524097913 -0.0643533325470286 -0.0799331910151624 0.0258163256994328
-3.4e+38 -3.4e+38 -3.4e+38 -3.4e+38 -3.4e+38 -3.4e+38 -3.4e+38 -3.4e+38 -3.4e+38 -3.4e+38 -3.4e+38 -3.4e+38 -3.4e+38 -3.4e+38 -2.36291924496814 -2.21422682567061 -1.88380591317077 -1.72171289571494 -1.24581609662293 -0.887636697641746 -0.757032037472602 -1.00553144557456 -0.913838660186052 -0.540802672098706 0.107296682569323 0.206826280182026 0.394608729380069 0.434378877872506 0.677064829834418 0.419503528486342 0.503557265869459 0.469936196975215 0.404535190742762 0.489701260872771 0.440048922392884 0.487645445653241 0.49027264212 0.451482262003323 0.371189139348683 0.134292606915325 -0.170575708767486 -0.267490953029324 -0.247745572854722 0.0221500152005404 -0.35196412046892 -0.141582892518562 0.244564850182164 -0.0463912621144155 0.465129384580338 0.311335374385289 0.0391792961401261
-3.4e+38 -3.4e+38 -3.4e+38 -3.4e+38 -3.4e+38 -3.4e+38 -3.4e+38 -3.4e+38 -3.4e+38 -3.4e+38 -3.4e+38 -3.4e+38 -3.4e+38 -3.4e+38 -3.4e+38 -2.34305796326152 -2.18505569628012 -1.87072958791147 -1.78631055463907 -1.61902222687603 -1.37778976457135 -1.00026907599294 -0.681498180814441 -0.044829218132595 0.158356687422572 0.233063170583789 0.495847103138442 0.460739347431445 0.391008954327278 0.50151721799467 0.594306404957024 0.427937697543976 0.424411720250911 0.50067101781969 0.478213969343263 0.437620235136517 0.451200764569955 0.425556629866198 0.311254828287683 0.225226052730854 0.0273668117644276 -0.333876854047281 0.132227103530267 0.471924109015833 0.162623243045199 -0.10713913061411 -0.0290111458166506 0.176918288813397 0.57027006885416 0.60200627552743 0.317591444813823
-3.4e+38 -3.4e+38 -3.4e+38 -3.4e+38 -3.4e+38 -3.4e+38 -3.4e+38 -3.4e+38 -3.4e+38 -3.4e+38 -3.4e+38 -3.4e+38 -3.4e+38 -3.4e+38 -3.4e+38 -3.4e+38 -3.4e+38 -2.24475452462934 -1.94389987745085 -1.67246730310464 -1.45010917500799 -1.28517382691389 -1.11948225878478 -0.477343192006442 -0.0240911969011753 0.460070598887833 0.421237117974568 0.458846563395316 0.455206519172913 0.311229541365115 0.525138774065035 0.49719128053869 0.368172964419283 0.398906730226721 0.415499448548318 0.399557737462206 0.391310853641275 0.414655690067646 0.344075993995111 0.267061850646414 0.236937402468157 0.153345177054188 0.105165057005988 0.482337927158804 0.49826629212793 0.122278871539165 0.0610323878956969 0.156597455530699 0.459333055833477 0.632892279617542 0.67461762504208
