data/pcas/pcas_can_585/pca_referenceLayers_can_585/PC07.asc
NCOLS 494 
NROWS 529 
XLLCORNER -117.166666666667 
YLLCORNER -55.5 
CELLSIZE 0.166666666666667 
NODATA_value -3.4e+38 
[rows 460 to 482 of 529, columns 250 to 299 of 494]
-3.4e+38 -3.4e+38 -3.4e+38 -3.4e+38 -3.4e+38 -3.4e+38 -3.4e+38 -3.4e+38 -3.4e+38 -3.4e+38 -3.4e+38 -3.4e+38 -3.4e+38 -3.4e+38 0.173704857724742 -0.0006595672821458 -0.0267774384344949 -0.042700699691161 -0.0620211454523819 -0.116342958317811 -0.287304094127687 -0.344532997778217 -0.456503139956227 -0.446657735510547 -0.504129373463474 -0.513114886658125 -0.596329194396854 -0.686887897803504 -0.67707988893478 -0.665092293165746 -0.488564808447576 -0.590519231635117 -0.474529059226181 -0.510278066265347 -0.721621301490274 -0.736905130133812 -0.778939606675055 -0.884143110408646 -0.893108754928887 -0.918641946472423 -0.977420928758364 -1.03130920428363 -1.03513514837606 -1.05118191311928 -1.05148009941384 -1.01092772461293 -0.955899166590919 -0.817268512326729 -0.74493965038535 -0.69013668141782
-3.4e+38 -3.4e+38 -3.4e+38 -3.4e+38 -3.4e+38 -3.4e+38 -3.4e+38 -3.4e+38 0.319318346152798 0.319607444406195 0.343697646237525 -3.4e+38 -3.4e+38 -3.4e+38 0.212986915836649 0.0984212747873665 -0.0149594699517745 -0.0733633169745949 -0.154016028888748 -0.213892486950756 -0.238947908365434 -0.243745908057781 -0.379076688747301 -0.406308153325158 -0.460620002358704 -0.526059502580677 -0.595438775507496 -0.553429615395501 -0.534617172368807 -0.631336041904872 -0.453820439026985 -0.492057090957724 -0.593496132921429 -0.722536643781215 -0.773568863277685 -0.754581717877642 -0.792716212694277 -0.873969589328017 -0.884790129287268 -0.909967930706726 -0.944909284896986 -0.966122079496003 -0.977354905551021 -1.00577862154159 -1.01817879994457 -1.02220766316554 -0.983999008012428 -0.721266529380563 -0.81857323097613 -0.702563141767021
-3.4e+38 -3.4e+38 -3.4e+38 -3.4e+38 -3.4e+38 -3.4e+38 -3.4e+38 0.316660007999507 0.348553879672789 0.328642754803087 0.348308822805412 -3.4e+38 -3.4e+38 -3.4e+38 0.229256122921132 0.194737451143367 0.105111943770865 0.0670500433353927 -0.237844690424534 -0.238554537041494 -0.292051173708765 -0.385435164312576 -0.443672232225798 -0.472363479673888 -0.492100966457537 -0.501515813072018 -0.514387755831359 -0.507532434491772 -0.615461270087518 -0.546061051083883 -0.534017653050545 -0.549761502901815 -0.572944569393169 -0.778383920934304 -0.84621500499687 -0.736180843009522 -0.748455568462773 -0.872712700060124 -0.892993615127966 -0.903524665505127 -0.959743976439252 -0.878446895949021 -0.977718193878238 -0.986583077810589 -0.94295018517041 -0.935265750131913 -0.91999955432094 -0.8292723226876 -0.761717834204936 -0.867657810398819
-3.4e+38 -3.4e+38 -3.4e+38 -3.4e+38 -3.4e+38 -3.4e+38 -3.4e+38 0.32314322377473 0.326717634664714 -3.4e+38 0.318477650793697 -3.4e+38 -3.4e+38 -3.4e+38 0.180369864033983 0.176074002512817 0.155715512346844 -0.0108662717227153 -0.136777258664377 -0.223115681936258 -0.297316300297053 -0.324486648923509 -0.358642435757999 -0.421993280659061 -0.477097825130343 -0.518791281137536 -0.512591035024264 -0.529981738862093 -0.629647925366504 -0.697299833247657 -0.728579625307081 -0.622419999588328 -0.665818250178734 -0.683899861942331 -0.83026352782703 -0.630420351719732 -0.554660473941775 -0.858329628765035 -0.89573172249957 -0.940318662103383 -0.955767321971809 -0.880635160297303 -0.91987915718807 -0.932112384556853 -0.945857352308657 -0.91251332985462 -0.882377626785858 -0.843573884141715 -0.838230597495979 -0.810017040686493
-3.4e+38 -3.4e+38 -3.4e+38 -3.4e+38 -3.4e+38 -3.4e+38 0.36729888010759 0.347634795834928 0.342331448990679 0.361027544885893 0.359068417566535 -3.4e+38 -3.4e+38 0.249348534263722 0.145568470122379 0.192087200056376 0.165467432883246 0.0143657036193111 -0.143618504195342 -0.1586354998136 -0.245389998825035 -0.332132371537152 -0.399197508819416 -0.490798466850672 -0.537173636758527 -0.526708670842998 -0.518589166048185 -0.574702397967241 -0.698937240814925 -0.76592381644357 -0.727473423886298 -0.805402442058294 -0.849583067716737 -0.70045751389628 -0.721927542489565 -0.669049680639471 -0.755349909208498 -0.914622599489482 -0.887085890758826 -0.936832453359681 -0.993351847047463 -0.887968010538822 -0.929598318802485 -0.881803407058778 -0.902383743089191 -0.921861981651097 -0.879353520730151 -0.825463549339943 -0.623711922472325 -0.75953481517871
-3.4e+38 -3.4e+38 -3.4e+38 -3.4e+38 -3.4e+38 -3.4e+38 -3.4e+38 0.371850005369935 0.339403315087102 0.380173721894746 0.402115272677813 -3.4e+38 -3.4e+38 0.250542769380255 0.18622394089172 0.143986449129406 -0.0145585816463403 -0.0114166932743652 -0.0558834984737873 -0.115227179031427 -0.262514907603413 -0.356114824219726 -0.430434237781824 -0.448638110547535 -0.464363953854277 -0.526431432962195 -0.604130756796749 -0.655239600247871 -0.69461724886914 -0.725013650944191 -0.769969550921887 -0.833084932487642 -0.857646896108093 -0.880375258479271 -0.760105736208468 -0.631599423743878 -0.845684738201152 -0.924413121635421 -0.949419162124601 -0.936067556461447 -0.980276702816944 -0.99644674425849 -0.930512882637292 -0.892065302158354 -0.930009108537568 -0.927388975950022 -0.844581698555352 -0.802432803927197 -0.774440835202489 -0.731873784878328
-3.4e+38 -3.4e+38 -3.4e+38 -3.4e+38 -3.4e+38 -3.4e+38 -3.4e+38 0.389846333849026 0.370608610028186 0.310758588130076 0.347737778949228 -3.4e+38 -3.4e+38 0.188748062286124 0.0452519015991322 0.0810495397162468 -0.078090233180495 -0.0316163274128253 -0.158869622579204 -0.184959555860829 -0.18713668337521 -0.304717805377155 -0.375739115249829 -0.451714641106909 -0.470514597586724 -0.532510036491514 -0.59741245320183 -0.642458959753104 -0.657530207645846 -0.715648190218682 -0.786574073787283 -0.833558521958613 -0.88116259527293 -0.934830974981811 -0.903937653120675 -0.781023339424369 -0.875700067746348 -0.908727539409917 -0.933982079647146 -0.95205291770732 -0.903344641443434 -0.913311737315526 -0.945486041875861 -0.929107030539194 -0.883860964841133 -0.858127598379999 -0.805904937309414 -0.795155687700503 -0.745237327822425 -0.734784869760235
-3.4e+38 -3.4e+38 -3.4e+38 -3.4e+38 -3.4e+38 -3.4e+38 -3.4e+38 0.413645964773438 -3.4e+38 0.32090038175547 0.35164393934525 -3.4e+38 0.29845423398202 0.262454301203667 0.0955357339665514 0.0206737384783874 0.00244837423383118 -0.0756757563838701 -0.169033425886566 -0.15575595886059 -0.235071367057715 -0.317205841173983 -0.297464795065848 -0.403001883536421 -0.449951956710665 -0.477741598154416 -0.548454722258486 -0.627303164766413 -0.671813833754351 -0.710741598425998 -0.74543028085532 -0.812185767272578 -0.877248877356326 -0.935961608273486 -0.930349827573684 -0.910457086467006 -0.934289438947372 -0.876302430651688 -0.853259330481882 -0.881405103252635 -0.904895594375833 -0.895834917228317 -0.932309727513976 -0.927872120927045 -0.897458156065855 -0.834779083061331 -0.802993486006267 -0.744327899585456 -0.747758953160564 -0.68843034150172
-3.4e+38 -3.4e+38 -3.4e+38 -3.4e+38 -3.4e+38 -3.4e+38 -3.4e+38 -3.4e+38 0.403821466047144 0.334461428715893 -3.4e+38 -3.4e+38 -3.4e+38 0.122985302826263 -3.4e+38 0.120080376626246 0.0980383019907731 0.0277564146911115 -0.0473493600596742 -0.186186264861157 -0.241319607015174 -0.33540144370302 -0.437493711881861 -0.477664151823934 -0.474032121849255 -0.473446148030483 -0.533133247466256 -0.586405751794047 -0.618731119801012 -0.699002521115692 -0.773059013016472 -0.806127576734671 -0.881898064290507 -0.948240330455188 -0.971234778168612 -0.933181833220803 -0.920174054096183 -0.843768291565438 -0.810010510569659 -0.833882798807676 -0.762015660840861 -0.889955183150778 -0.924439958028133 -0.919405256734232 -0.887164863768048 -0.858471430875373 -0.802381580127047 -0.81097021318457 -0.771957063756317 -0.643599996897374
-3.4e+38 -3.4e+38 -3.4e+38 -3.4e+38 -3.4e+38 -3.4e+38 0.409920273203639 0.392817275759221 -3.4e+38 0.337636873940836 0.320613231472191 0.2925539909673 0.176781701201039 0.15806508271576 0.087497029475837 0.0106875454838606 -0.0109617361740622 -0.00296487780762256 -0.129454952523147 -0.199979304308975 -0.160662999395067 -0.276129922114748 -0.340134738043658 -0.395775245063913 -0.440313681367799 -0.445550143515854 -0.498450523323976 -0.563943561923115 -0.623466383987815 -0.706168065187856 -0.6770773477826 -0.803715875609761 -0.862422799545386 -0.943468634529178 -0.9951467054758 -0.951430241949852 -0.887157517268397 -0.858238334103269 -0.87310689551894 -0.893723816100508 -0.730671927912035 -0.868178078569686 -0.946284031093962 -0.915212884444432 -0.903249816444297 -0.851647925464332 -0.788484663014731 -0.72339263573589 -0.598348795546133 -3.4e+38
-3.4e+38 -3.4e+38 -3.4e+38 -3.4e+38 -3.4e+38 -3.4e+38 0.426341864180222 0.403588860819444 0.411781041465103 -3.4e+38 0.33815045715891 -3.4e+38 0.186522697734291 0.0963534554683307 0.056826893701086 -0.0488937915093061 -0.136332476873719 -0.102532719375424 -0.154829456297205 -0.162167826633613 -0.190833625876398 -0.263414434673945 -0.344943854992367 -0.425423435255152 -0.372085847228995 -0.414722384245895 -0.533031702672153 -0.507766998764652 -0.571249990239351 -0.649428260981247 -0.698829238606938 -0.773452265285778 -0.873314230138894 -0.921672037963041 -0.979524523766378 -0.937170782709408 -0.830834736049424 -0.961353545474798 -0.971363519989946 -0.913307303109646 -0.919304805356516 -0.95009430759073 -0.939890471707045 -0.902154491689288 -0.847811929009629 -0.79330112519867 -0.775843436869427 -0.686315727023678 -3.4e+38 -3.4e+38
-3.4e+38 -3.4e+38 -3.4e+38 -3.4e+38 0.455822529011655 0.410760328121956 0.422300771455239 0.350537100472822 0.351774685621254 0.360671812261469 0.319557092596178 -3.4e+38 0.142184523062773 0.0760751670766008 -0.0402369113714134 -0.149531110512961 -0.162301666859398 -0.23687637556173 -0.281768742561544 -0.323776589226475 -0.335645732997806 -0.319422325356628 -0.330366735031363 -0.352536130799843 -0.356877751190744 -0.397167234032541 -0.365432104831299 -0.473214410564403 -0.577154396487035 -0.69631920546758 -0.760312814698865 -0.824003376644955 -0.859597793066022 -0.870117200792979 -0.962148411679396 -0.976013388410775 -0.97461996583907 -1.02426370765166 -1.01996720021914 -1.00377869651612 -0.96511945415645 -0.908973309450555 -0.85283373081124 -0.778846152805354 -0.755400955704787 -0.775491480315257 -0.755129162106829 -3.4e+38 -3.4e+38 -3.4e+38
-3.4e+38 -3.4e+38 -3.4e+38 -3.4e+38 0.505037270894719 0.449454940189985 0.410539889174943 0.364448753897644 0.342258596631154 0.341274889683113 0.284591517687494 -3.4e+38 0.113920831133024 0.0110700743417921 -0.0583229085167573 -0.174013253204662 -0.261790463453702 -0.274232665057855 -0.341613321472791 -0.369670913698219 -0.371242077600174 -0.57168927265046 -0.461418777823391 -0.447128496090933 -0.379438586159775 -0.332398491866134 -0.396900566755839 -0.487302263856875 -0.623282085069995 -0.75334892941094 -0.814065944982457 -0.854128233546799 -0.871302930210188 -0.883582112392232 -0.932555243050479 -0.984392143585812 -1.02163540372007 -0.994754045986198 -1.02187129583228 -0.973735733257526 -0.893590638544385 -0.815315613166992 -0.790369183797582 -0.810684464796691 -0.834742386684481 -0.814134955163978 -0.768482162153464 -3.4e+38 -3.4e+38 -3.4e+38
-3.4e+38 -3.4e+38 -3.4e+38 0.533938847208863 0.505884348173805 0.467378331535853 0.463635171993426 0.379068241862658 0.377488178464994 0.347629753767255 -3.4e+38 0.208830891449945 0.0745974589342844 -0.0467321641508442 -0.164982874474578 -0.219363078649197 -0.283218857343697 -0.415384079482979 -0.392516102620145 -0.414488613879584 -0.327550626008009 -0.351279851293799 -0.348054467046648 -0.341562828380958 -0.436390112114311 -0.414628312045195 -0.497042017144121 -0.603734461444594 -0.705973057889998 -0.782872620936489 -0.848805569192562 -0.880223422501126 -0.906457200920759 -0.951823212949854 -0.944122469244244 -0.974435561251453 -0.995304917798982 -0.988801351636139 -0.915208890968613 -0.879789884118176 -0.813043255300553 -0.857657220311678 -0.850324861607081 -0.859985229746416 -0.845778868386369 -0.840910773470473 -0.815529533552533 -3.4e+38 -3.4e+38 -3.4e+38
-3.4e+38 -3.4e+38 0.567580452992516 0.572631691265568 0.549021740819087 0.560219147274336 0.567882559567856 0.49231641918631 0.450653542340904 0.38551195050534 -3.4e+38 0.106948731721676 0.0361837161108323 -0.0279584237895647 -0.1407160872822 -0.255755965197662 -0.284752679678937 -0.42148017154298 -0.483948592052106 -0.517147877278612 -0.449206488823921 -0.163281339909184 -0.0558905887568389 -0.0251108677609164 -0.0668236280838001 -0.244163972197783 -0.481420694241026 -0.629654003965174 -0.74073069872423 -0.819435057713134 -0.867649196723546 -0.905023689357024 -0.928727922937789 -1.00220982783848 -1.00277929732596 -0.973324547331479 -0.945530065741046 -0.938781860247216 -0.855546210671652 -0.884822938830656 -0.884535413520806 -0.874992433999846 -0.894260692514983 -0.860704718240068 -0.856778554170322 -0.856135376879452 -0.828610895218672 -3.4e+38 -3.4e+38 -3.4e+38
0.624033275686124 0.628490563215367 -3.4e+38 0.656149042049618 0.636347921761699 0.644720235512778 0.627479518586752 0.561587209293892 0.497948010713371 -3.4e+38 -3.4e+38 0.147218554380584 -0.160541482597945 -0.166913831899755 -0.208698202370307 -0.301668737616023 -0.359504144190119 -0.333529759522977 -0.375987246459081 -0.397059799685814 -0.458921911177558 -0.505141939511861 -0.366617992406998 -0.22320333636549 -0.130076828463326 -0.207523712575481 -0.46651871741413 -0.614094174554948 -0.719447110712562 -0.81307401291291 -0.843469966654735 -0.90385060674501 -0.600517759437418 -0.662910263232646 -0.666542478908931 -0.651967733206273 -0.688479403286119 -0.980139577538829 -0.955794839855716 -0.921385971806106 -0.8778059194592 -0.856038702654651 -0.829423707637631 -0.812467201197432 -0.834060765730012 -0.833312118518904 -0.807891840880279 -0.767139591600759 -3.4e+38 -3.4e+38
-3.4e+38 -3.4e+38 -3.4e+38 -3.4e+38 0.783514658602292 0.749804960066509 -3.4e+38 -3.4e+38 0.528036372786599 -3.4e+38 0.243514866489857 0.0577579790833386 -0.170604899935525 -0.192080629549465 -0.257148761156026 -0.361702376334962 -0.351565344725902 -0.353074580935873 -0.529452587580573 -0.647784368309739 -0.703792568182745 -0.676421372255562 -0.623277520734056 -0.696026725685353 -0.697109282514869 -0.725818910854928 -0.681575609823171 -0.750911309863484 -0.830701984506797 -0.900013901600875 -0.916041732417457 -0.95677032510684 -0.974914882178947 -0.651671426887993 -0.641038069379696 -0.613548478230772 -0.659793194579221 -0.973628023528561 -0.918551937522523 -0.920099913159531 -0.878824413939039 -0.854818544750515 -0.842076796433336 -0.823006297068983 -0.823546698376303 -0.818421246174267 -0.797784100544158 -0.794354928090107 -0.692593574223172 -0.692129292005405
-3.4e+38 -3.4e+38 -3.4e+38 -3.4e+38 -3.4e+38 -3.4e+38 -3.4e+38 -3.4e+38 -3.4e+38 0.412948938609055 0.162979654272596 -0.126218896514961 -0.293035760885591 -0.224617915633864 -0.320235777514064 -0.402657523407751 -0.466641421683433 -0.553277677056394 -0.59227583893375 -0.619627576340413 -0.652801015414133 -0.67157356651541 -0.769772266358235 -0.830169797489702 -0.801824588045366 -0.776336042855423 -0.729839749012806 -0.713384924802817 -0.868021168489356 -0.946810373822031 -0.635009945855357 -0.99131822708318 -0.942837464784071 -0.958635749062353 -0.668450822435073 -0.682604193849047 -0.857627657979583 -0.825102799192553 -0.873132113757557 -0.89768035044008 -0.886359030783813 -0.867902111380383 -0.861626902766725 -0.851512235153487 -0.824947009502886 -0.815280390677732 -0.800461827858783 -0.815677070316838 -0.78635451192684 -0.694381004799507
-3.4e+38 -3.4e+38 -3.4e+38 -3.4e+38 -3.4e+38 -3.4e+38 -3.4e+38 -3.4e+38 0.645754817572108 0.395584426435232 0.168317954236072 0.0546805826461017 -0.0121741974424269 -0.259298937331031 -0.375220691067166 -0.438241922134782 -0.52014524997115 -0.580359148672332 -0.59034675139289 -0.491293131754328 -0.618830736307917 -0.573678753603547 -0.640718764277984 -0.773449904968592 -0.839830455837216 -0.805009612569927 -0.860320781577039 -0.927869839683859 -0.950138450406042 -0.952568213936985 -0.668513347984293 -0.899513487025756 -0.86751995020646 -0.924451339730467 -0.94507465445238 -0.97869764745549 -0.837079547494726 -0.729044427122127 -0.806388403143015 -0.853848419764415 -0.829895548477504 -0.871771158354569 -0.872645963045702 -0.861258861240069 -0.867000584943048 -0.850670215444445 -0.841750655838906 -0.836881603895079 -0.82651236262731 -0.728334000530972
-3.4e+38 -3.4e+38 -3.4e+38 -3.4e+38 -3.4e+38 -3.4e+38 -3.4e+38 -3.4e+38 0.631095910158414 0.443271606587492 0.387915593323039 0.112155774157865 -0.00776163784462424 -0.225185250677589 -0.382595403882592 -0.432961961186108 -0.496819785303713 -0.541289282460619 -0.586604577006304 -0.505134093036601 -0.480060102904601 -0.487533702361571 -0.469185743427327 -0.47646866328373 -0.536969738627355 -0.594757864277921 -0.615762704216935 -0.60978765365181 -0.628875491009128 -0.63947945533884 -0.654627611630358 -0.948021572037239 -0.931246616803443 -0.967661266779014 -0.965840863761056 -0.967310456114113 -0.913028729054904 -0.890873258419095 -0.688297700678823 -0.695193468146867 -0.871701873501494 -0.868455809363025 -0.829324149909977 -0.853837191300334 -0.847859688823447 -0.86870482370406 -0.857841816732912 -0.844727648007983 -0.854456307505518 -0.769023239285973
-3.4e+38 -3.4e+38 -3.4e+38 -3.4e+38 -3.4e+38 -3.4e+38 -3.4e+38 0.903871864256803 0.653177823842098 0.437583055769625 0.385693854286341 0.264504433983217 0.00995840987737554 -0.0871717216934392 -0.372561525177949 -0.444103512894702 -0.545498622190598 -0.617817918691449 -0.69873907271495 -0.615250019208336 -0.528885160265828 -0.508651596417583 -0.445624077669236 -0.499172464305921 -0.415122783645049 -0.51288323920146 -0.548786453796266 -0.641986315420679 -0.934190376375673 -0.66908327788328 -0.676736160065322 -0.934072279091018 -0.880692441734527 -0.89225294913533 -0.905123615559959 -0.928917405871126 -0.932932763491719 -0.889767239120566 -0.717724727796383 -0.773281381547099 -0.793907236652504 -0.849516477022886 -0.840996629650424 -0.835465600328052 -0.828261615080413 -0.856772470529297 -0.857587846535642 -0.826338711646471 -0.853089632710426 -0.79626356520807
-3.4e+38 -3.4e+38 -3.4e+38 -3.4e+38 -3.4e+38 -3.4e+38 1.22398850943111 0.984170617672904 0.727914216151971 0.561066844625627 0.380889440429407 0.187786823086515 0.0124341876681934 -0.0935478118876657 -0.200879709704511 -0.313354318512674 -0.4638257806818 -0.572971789960348 -0.51144287282345 -0.53668925673153 -0.590756339109621 -0.5925506559207 -0.584986388145606 -0.593952659712313 -0.614724499090293 -0.627697565940155 -0.596272140097245 -0.623693144862198 -0.572266387687647 -0.624651552582534 -0.720083104426341 -0.698314172154317 -0.99206224583487 -0.942772747245156 -0.955488635678107 -0.941349175180657 -0.93805560556177 -0.921247748722444 -0.82414659902905 -0.897472706139242 -0.916387593479495 -0.930577705950037 -0.908047429497405 -0.871581017983625 -0.856284732578546 -0.856175766099008 -0.869116420813524 -0.81629540591004 -0.802034851001673 -0.779874986836626
-3.4e+38 -3.4e+38 2.02165500244084 2.08096388335669 -3.4e+38 1.58449895390475 1.34372084018078 1.13999746510047 0.867354423931218 0.627754503630484 0.454821859000172 0.229111882876923 0.0690365931363614 -0.0555840485784923 -0.225322512747485 -0.371521077708742 -0.450289855571428 -0.375510887045522 -0.458952238403116 -0.50997230741107 -0.558365827013213 -0.64597559620867 -0.635187297812582 -0.56493865499585 -0.571975244185858 -0.59432848546617 -0.621983322032224 -0.662182747846461 -0.650770185434606 -0.674990674050999 -0.705678007239412 -0.742813599019339 -0.725240890154851 -0.994672351995507 -0.911940611304609 -0.949549297190093 -0.938826709396463 -0.889227341371635 -0.847585540538692 -0.903542576196772 -0.917599734350076 -0.924526218398147 -0.940164401030174 -0.921306837385025 -0.868606725521238 -0.890997725415778 -0.881396592264017 -0.813136089656095 -0.793362148946733 -0.802965507724401
