data/pcas/pcas_can_585/pca_referenceLayers_can_585/PC07.asc
NCOLS 494 
NROWS 529 
XLLCORNER -117.166666666667 
YLLCORNER -55.5 
CELLSIZE 0.166666666666667 
NODATA_value -3.4e+38 
[rows 253 to 275 of 529, columns 400 to 449 of 494]
-0.738313158670994 -0.680118838869113 -0.642529641532162 -0.733529497206551 -0.712346235644216 -0.719016594931715 -0.709372320499099 -0.701100382300212 -0.699377879447763 -0.438415072481532 -0.452822962814723 -0.419806268444693 -0.397433473486534 -0.396086756295138 -0.36349046590812 -0.300881783396745 -0.279506599457146 -0.293625877481525 -0.272312575759019 -0.267550965517674 -0.225334623324293 -0.19113304968183 -0.147089853138405 -0.155825612825588 -0.0927635411785771 -0.0380004102364027 -0.0357980388612672 0.0116112095570315 0.0147336675788407 0.0515550897923195 -0.0990518792823671 -0.0439442751962468 -0.0499537163655636 -0.0795377334099592 -0.146470319609271 -0.145658080024 -0.0663321350196987 0.0128966763027903 0.0754695094422714 0.11906477809648 0.174857889645553 0.221853180855827 0.257985346165842 0.285597194232861 0.300394631781909 0.298037421419679 0.269541589008928 0.239187408655035 0.289815833933308 0.398299886150662
-0.687699873999336 -0.647399407486365 -0.607739691562066 -0.71111707397565 -0.710989836484025 -0.714040264491448 -0.699327920689201 -0.694839173431077 -0.685932826032962 -0.416908092128152 -0.384419052962806 -0.395700535416831 -0.358235064369313 -0.343007844691456 -0.325409253059153 -0.29330837040097 -0.267223187369015 -0.278992409047041 -0.257102377052093 -0.255398321615645 -0.216469194595266 -0.191346602314237 -0.214786112366621 -0.167885230142189 -0.0404539501625513 0.0171433729462561 0.0525192587136956 -0.174107354567921 -0.152101387011218 -0.0982346552200152 -0.0586697187523128 -0.041191907127703 0.0012055800328595 -0.0497117063307997 -0.0792259778357878 -0.08716986193997 -0.0405233649422996 0.0202814083973477 0.0732123812180768 0.12144353245921 0.193434976934775 0.210045240960323 0.280619090717377 0.308844600863086 0.332720520427936 0.330417180652081 0.295437680285023 0.276759171889784 0.357093510038942 0.478057115524003
-0.677027803262495 -0.653450899796713 -0.591938308219606 -0.66352966606564 -0.66704514696284 -0.671876265456512 -0.666734618843788 -0.641175052512398 -0.638618127683714 -0.626715498880197 -0.39777352909578 -0.379551521997279 -0.348243038625706 -0.3343304044332 -0.329782496505153 -0.310523596653788 -0.253652439166558 -0.251686702368465 -0.23750014733537 -0.247942986015489 -0.209418677176744 -0.18795080337686 -0.20061596608223 -0.132015284671507 -0.110528724434735 -0.226094631174081 -0.192773130038742 -0.161793062441104 -0.163713790365077 -0.11561881217583 -0.079649655263779 -0.0206158923945125 0.034504611374227 0.00819087763628774 0.00398134386319671 0.00310582715081011 0.00873900410598356 0.0255179316947393 0.121970921732595 0.150054484671605 0.176219182503383 0.189602913932211 0.220618227601397 0.24200082292341 0.279431686735629 0.313104475250569 0.332636599881106 0.335016362632885 0.352942332919962 0.493217739789633
-0.641641511519917 -0.652765057862802 -0.60740703692357 -0.63182181037396 -0.62023564338404 -0.63297753181562 -0.647494852423079 -0.632699708158679 -0.614663218115916 -0.61032230312518 -0.35405129047854 -0.358380415346424 -0.288328562927624 -0.323388387558732 -0.303998849143188 -0.327887911201171 -0.263647348165425 -0.241007756187781 -0.235892202440135 -0.225108634319543 -0.203904890222249 -0.186651200700196 -0.156061628416241 -0.126958451512528 -0.0459375166385239 -0.213934076072555 -0.205501769834233 -0.162415335258191 -0.151871677752296 -0.169046057610029 -0.139031556494537 -0.0787545368343168 -0.0132362903637096 -0.0523916734161233 -0.0386073614855495 -0.0110467007926017 -0.0028840950257133 0.0280406191303747 0.110046383786817 0.162607006125542 0.157224059699492 0.166261642940196 0.198348446562578 0.18962414871721 0.23655496067793 0.273794967435148 0.317440533580788 0.31353490132923 0.413550768404586 0.525789733804224
-0.640967964196352 -0.647162746829835 -0.633989469336141 -0.581136966364157 -0.603580055813748 -0.608911593847073 -0.615191819006378 -0.614418891549178 -0.603065816149901 -0.60480619450288 -0.519775784025482 -0.520369199928775 -0.423474065458425 -0.309009524404669 -0.315697679963133 -0.295816140512901 -0.24660669172063 -0.248287855980969 -0.237188113876003 -0.21487387744945 -0.217151222624879 -0.164441641846395 -0.117668034345938 -0.0615628774820356 -0.299293853949021 -0.290894409558257 -0.288495254038022 -0.274136272167535 -0.273615381028678 -0.281212559225139 -0.177351675257687 -0.12061654775776 -0.0869732127710262 -0.0718175740420604 -0.0614078207363187 -0.0467280679715242 -0.0307580685515881 0.0181023669818313 0.0618325420510088 0.0940209529765781 0.125723008983377 0.131751761666759 0.145459122835936 0.131866803235167 0.201813125317161 0.272643585881699 0.333291968958689 0.334473844588684 0.439277546787228 0.433272692431984
-0.593885653664647 -0.617794586675952 -0.599076724714049 -0.573766776636476 -0.595834748307369 -0.59656328365687 -0.576289547627401 -0.588276710621773 -0.518829008928119 -0.513940673352642 -0.507973655610509 -0.507295909440481 -0.414254431815072 -0.238509957911167 -0.296096829833942 -0.205909958657448 -0.162549884050448 -0.161280040214854 -0.146272092073465 -0.211998942403256 -0.182885750049633 -0.169230064620723 -0.0763039445364615 -0.0728403823669747 -0.292993283244292 -0.296436081158657 -0.296121310283236 -0.31385034860022 -0.287129987951693 -0.28280648525354 -0.223224311667447 -0.173900815947492 -0.155872579300552 -0.106308350677643 -0.0693838114377626 -0.0759760633094296 -0.076715213198512 -0.0632880473521864 -0.0251956859241969 0.0311320360621254 0.047406581744881 0.0660423465281121 0.102480902762576 0.103387846632525 0.198014142390997 0.254351815915414 0.32217661342201 0.362955188694653 0.40525268289665 0.424264404115531
-0.585623422448607 -0.59998835190778 -0.585002539049794 -0.559083690726874 -0.576927549784062 -0.571559342925633 -0.562890574699469 -0.517838024809575 -0.514902837077359 -0.509295177232181 -0.496659214135797 -0.486857581296892 -0.419771151308594 -0.230987815663302 -0.197680168476048 -0.184289293363343 -0.162502005588492 -0.161754410864833 -0.209312253483182 -0.185146670403955 -0.13036266827306 -0.122159362518718 -0.0911825226705223 -0.074315068150317 -0.296882000302774 -0.305670293809863 -0.291664756631864 -0.304084781510887 -0.291258585486858 -0.274359758026958 -0.24837857553814 -0.213181580086618 -0.187167796358364 -0.142914456206237 -0.089187801100343 -0.129931444766433 -0.161682077064395 -0.150695551186767 -0.0695342097444666 -0.0229785472511722 0.00366471260586197 -0.00222400256069433 0.0638211285437519 -0.0947810380444476 0.0093605488356147 0.259541174461572 0.334291251535546 0.386419956364552 0.431109783206273 0.475337068018355
-0.560478805982194 -0.554012841501551 -0.540717186698987 -0.444155513139825 -0.472457415525307 -0.540722358893748 -0.484945680437565 -0.490599248941397 -0.479464602477336 -0.50578974090653 -0.474319988566918 -0.215008706786801 -0.413839081152812 -0.199347897315778 -0.198369104882008 -0.168109127189314 -0.115876951384275 -0.146991348676605 -0.157156670823107 -0.138098299728199 -0.142541305959159 -0.112596721928597 -0.0942431918758593 -0.0829855389325359 -0.0858420282375153 -0.318733207831216 -0.261372991062189 -0.225716633892805 -0.322760359952772 -0.247776780090711 -0.201689391242869 -0.186010884847416 -0.17466000092914 -0.165522516304286 -0.172297446264091 -0.209478203741214 -0.229126231600579 -0.192582511090566 -0.0877110006956549 -0.0339847484979191 -0.0404906180132377 -0.0401069039104875 -0.113754220707736 -0.0860074347383004 0.0418189857822768 0.136813037045704 0.384374352666773 0.395290242460039 0.392230006292019 0.443975177729032
-0.486438195831231 -0.360394937525887 -0.379087679760088 -0.425348519874111 -0.430396514639437 -0.450096398316523 -0.45668543721006 -0.465137520364951 -0.483481622163994 -0.493959661906067 -0.476765899715674 -0.456089483807213 -0.41275423333808 -0.190494988337641 -0.176254000456545 -0.148534636522888 -0.129869269832172 -0.106812759518651 -0.12777875036777 -0.132652929088736 -0.147676826619844 -0.100038073284347 -0.0927238261501474 -0.0826194288724192 -0.0728620920255776 -0.374913593289481 -0.339605850983955 -0.263401860839894 -0.216020648507085 -0.183297796054234 -0.139499225737546 -0.123134105531409 -0.110652352882101 -0.156733753133104 -0.190815032024879 -0.241725826539273 -0.237908845689122 -0.172803133332605 -0.103303508305407 -0.0640950437172383 -0.0272469353403396 -0.00554674852515353 -0.0748480189975213 -0.0345977292551754 0.0666377244007259 0.148330476081853 0.34516253433604 0.397919082699377 0.421927963861272 0.41253237124931
-0.397927445191408 -0.359370574405678 -0.398951611415766 -0.395907598682217 -0.361185183447006 -0.406715617847768 -0.460595060608947 -0.463023154812825 -0.485517147247056 -0.48995657812792 -0.469897384705027 -0.448652284914061 -0.178519361152336 -0.171291109900878 -0.190782313502465 -0.141694086982086 -0.114115882338065 -0.0986642977027742 -0.104067974208133 -0.108379214709714 -0.124387016157823 -0.111408302568142 -0.161558606626303 -0.0787810938250043 -0.251688506272285 -0.247179013441566 -0.31538724525764 -0.246554757928522 -0.215654246709961 -0.146062331109068 -0.0931268810535907 -0.0578122104843996 -0.0753175972304449 -0.165803803225951 -0.221679584235605 -0.253731996462879 -0.235689491485768 -0.157208777267574 -0.0938080585486084 -0.0393114153034111 0.00965992520929501 0.0500670440274934 -0.0276072220093451 -0.0117516311480587 0.06675115964081 0.100116320850119 0.160013431995778 0.347044273331606 0.408427717746873 0.410216392404564
-0.400972971218726 -0.377574565803904 -0.378399297850749 -0.402956132334306 -0.386490007605904 -0.417857568147796 -0.446476275743283 -0.437065977611438 -0.47194679098731 -0.480295083497114 -0.453342986117335 -0.431866521510147 -0.131722957762207 -0.15374509553905 -0.140593639442474 -0.130729853321628 -0.185310836043364 -0.200527750410106 -0.177558344648629 -0.186395367444568 -0.0998387768369254 -0.133564095708602 -0.141634314542607 -0.178449725490392 -0.131077543656247 -0.349555178627919 -0.356812399603452 -0.305270147536319 -0.228012098726771 -0.232333471776312 -0.15650856092059 -0.143272844483938 -0.132731844851349 -0.187337262617117 -0.239463662501369 -0.236170446865465 -0.2152554015899 -0.184902385517557 -0.0773061279282019 -0.0157437258185194 0.0301743321795197 0.064825219903689 0.106959539556814 -0.00405028817736242 0.0206123223314193 0.0801050155190421 0.108937715133912 0.255823713153278 0.361435273130968 0.417209096963531
-0.390965331315966 -0.354732043780356 -0.385419632465354 -0.395926388171102 -0.386465475817034 -0.426854306493298 -0.446717001778059 -0.450237384553482 -0.457047725450949 -0.469491443256746 -0.436629302489768 -0.422815675630265 -0.121822118205174 -0.133718612531141 -0.146151215749219 -0.12331774576818 -0.0913378294816694 -0.0982379060210458 -0.161405815055707 -0.0708230840068735 -0.0642774112302002 -0.0740652053645727 -0.145337518327583 -0.175550386134055 -0.202776959988033 -0.249151830934391 -0.107783664477199 -0.356724959649505 -0.330858765729931 -0.321424492875712 -0.276481959510201 -0.237389478320615 -0.196850594183244 -0.220148277873633 -0.239442509998258 -0.213461695388438 -0.182878210014297 -0.174232223774568 -0.0988727950673075 -0.0249763431654475 0.0157408909863618 0.0642637782738149 0.107048808123004 0.140717936351681 0.127661411279362 0.143348551958417 0.126339495424759 0.159915674697608 0.264467688264838 0.360274515975601
-0.386865475389131 -0.383816899104773 -0.355645697239281 -0.383235463731343 -0.382494144590153 -0.425071853065897 -0.440627240084837 -0.444848188231787 -0.476402218996647 -0.457461478474302 -0.437079579888103 -0.113579541740325 -0.433333553340319 -0.12904194398398 -0.118267744988841 -0.0839927960066367 -0.0931590970561071 -0.0748487030734753 -0.0744224826024592 -0.094142509094827 -0.0583957613745845 -0.0521541703665666 -0.160414507995 -0.174996844410556 -0.160463179237549 -0.208534181483574 -0.189225407605616 -0.0836871671543324 -0.294184054711386 -0.317788022320651 -0.250077080793595 -0.22099367900839 -0.201809434230319 -0.190907221805324 -0.198709657331342 -0.203178391883056 -0.185562408196432 -0.172679059446191 -0.0905462981486869 -0.0367600596414667 -0.0107001768617411 0.0407049893859496 0.109990575506287 0.117844402515242 0.0747405746399816 0.0448738767835886 -0.0133848606510142 0.10498953197036 0.169125655831644 0.284300222396722
-0.38282600908766 -0.394525226728386 -0.376454856541287 -0.367929907758424 -0.388191460545751 -0.383901380894947 -0.430540470346655 -0.458997232321616 -0.490112875650379 -0.464208486721776 -0.467191072317852 -0.126254434510878 -0.12427446906923 -0.115138439199063 -0.0891698947679466 -0.0718672829115353 -0.0593456955434146 -0.0411851039327932 -0.0563529021285899 -0.0615325944771169 -0.0523285299355475 -0.0804188814971553 -0.123981553018875 -0.172899197688199 -0.148172193989759 -0.222493571354178 -0.159594224614901 -0.129079880339245 -0.296783494824241 -0.264094420608085 -0.243442664151686 -0.181167557291246 -0.183394102253553 -0.189712445585191 -0.184509276957392 -0.178634441658084 -0.159796798012882 -0.14105752793283 -0.10950840438249 -0.0627707932213031 -0.0329207588718697 0.0251652532290496 0.0814270962697234 0.0747054046391615 0.0261736012956322 0.0175468979933444 0.0722145209453581 0.164210123843513 0.191266702509973 0.310923387024053
-0.3863315387564 -0.369734651799821 -0.35435761023751 -0.376400020434185 -0.389616484934504 -0.415451083322206 -0.451315057650349 -0.458925146651068 -0.478470481974345 -0.467123459088291 -0.477961331374506 -0.120894592953923 -0.124206797351634 -0.104294365888267 -0.0917018297251005 -0.0540438306873513 -0.043273251239866 -0.034145687249671 -0.0466497071007222 -0.036583188897795 -0.0413541158767154 -0.0537294791567588 -0.129384907173884 -0.110384737041156 -0.139605008225847 -0.177405589928716 -0.15247631951716 0.0179073267838444 0.0486708031338385 -0.233015078339233 -0.227417947808863 -0.214016048705098 -0.187498164193912 -0.164805314375676 -0.179207467054345 -0.164951015858622 -0.174757412587718 -0.15583258668333 -0.127265655466325 -0.11649009750202 -0.0605489538849295 -0.0037149578827941 0.0302696412697332 0.0730680320345569 0.0190942331610049 0.0617056552048138 0.133632101890603 0.211300197125699 0.237806795043253 0.274647414112537
-0.394946446582392 -0.375513642794143 -0.371501472511843 -0.389194979212613 -0.415535858405132 -0.425768019122777 -0.454345649199935 -0.458061526609177 -0.482321254947629 -0.468694697121703 -0.48067541979141 -0.103743847307793 -0.101910886909099 -0.0985827528434285 -0.0603847107233249 -0.0484680405167622 -0.028397691746517 -0.0333603149135777 -0.0271667778514876 -0.0236787906335449 -0.0392454384254616 -0.0390188327238813 -0.050423720231114 -0.10670340110495 -0.148976732877215 -0.188532978311521 -0.136794511968259 -0.0233710405709998 0.0592803219705096 0.0417018216857117 -0.283887157243391 -0.260868217726692 -0.195425594279842 -0.199823127179054 -0.202231482071503 -0.207703408583038 -0.216071031436104 -0.200714207936712 -0.164899680635739 -0.146692581988233 -0.0837383532055354 -0.0481972932478348 0.0142610551813795 0.0638016506387772 0.0370579274838633 0.0880134184687378 0.181401864428799 0.257371589849184 0.264793662458319 0.184877915348798
-0.408538516628677 -0.38920272936271 -0.391976178397689 -0.399111948042524 -0.428246856858898 -0.435196189283283 -0.43581378809931 -0.454564749067189 -0.478057121057384 -0.464772381011626 -0.459366519144053 -0.102758300663155 -0.0567862551940645 -0.0118170222854805 -0.03491818007742 -0.0147964614541054 -0.00527035126488494 -0.000653121327605109 -0.0209048877854913 -0.0198871915782273 -0.0267239049005614 -0.0344156608946323 -0.0454365161875271 -0.102959378207772 -0.167606131889381 -0.196451769277897 -0.13268319751353 -0.0412088340096797 -0.00891468793468412 -0.0396622695866368 -0.0128755844402945 -0.278792280341995 -0.252349082994603 -0.270152346389603 -0.276789935776356 -0.255638587256727 -0.232008645284115 -0.219080367563009 -0.19795744386594 -0.128466315047604 -0.0750462410668731 -0.0487656793240979 0.00806606061062974 0.0286528199383684 0.0434243975084097 0.090892779353232 0.159617149087792 0.238500609176399 0.262800159954939 0.177144929703802
-0.405214485152417 -0.394599260316448 -0.402828158626941 -0.412600907957933 -0.430495635414397 -0.420161083425581 -0.422681923064536 -0.427375062125988 -0.465662296078306 -0.446256355597882 -0.4261077560207 -0.41414846785536 -0.378340579975869 -0.285802564169832 -0.294006766757915 -0.278402123666162 0.0410097632080346 0.0292219186457933 0.011749535993993 -0.00397108758260043 -0.0346834416453333 -0.0187458727982209 -0.0359890874811823 -0.0948992376600538 -0.110501758222605 -0.156650918050311 -0.119940397983046 -0.0627940817791648 -0.055719914644275 -0.0838697285304406 -0.0770404673034484 -0.051297402428247 -0.283095261126143 -0.293986376079779 -0.28440519855479 -0.249621513857782 -0.265860472350511 -0.197072911499685 -0.141753209243562 -0.0397390411519171 0.0200771163322118 -0.00413640531087106 -0.0145104434533434 -0.0126646248235612 -0.0161651718486653 0.065492430400372 0.103832679940721 0.152707043825024 0.229925969764164 0.192967776229371
-0.384409331563401 -0.403685950613542 -0.407132284915241 -0.424760923994832 -0.420173080686451 -0.428567929218636 -0.419117011371587 -0.422679640834244 -0.440686112064158 -0.420688785766363 -0.394819964068711 -0.391534999768351 -0.358580709666086 -0.292346916358513 -0.276285421085589 -0.248863730788732 -0.227331249986204 0.0334537516890046 0.0072216752696838 -0.0150972391479275 -0.0219414331005152 -0.0694208758323359 -0.0325301303931751 -0.087211570124792 -0.0694324594075389 -0.126173703851291 -0.104062242641828 -0.0411198819339727 -0.0513183213812059 -0.0964220610190935 -0.0316255616147167 -0.32319983166937 -0.304161152447863 -0.300868014135994 -0.312111065423449 -0.297083200535875 -0.280476503781643 -0.206391032326335 -0.116291182080205 0.0332301035172148 0.0452365932211819 0.0247585657633768 0.0108556317595294 -0.0134694644683133 -0.0580178905720794 0.0275644589742134 0.0701725568011092 0.151790621378236 0.195796072924567 0.163781966271347
-0.432174724694421 -0.455483773589231 -0.456267461393121 -0.430529766164977 -0.431772889783324 -0.425793567616786 -0.415254029079022 -0.426965103372988 -0.425319781616532 -0.405975214981647 -0.38320036305261 -0.380182059951423 -0.0201911705275318 -0.302914423028474 -0.304231701692841 -0.270379063318207 -0.234862310882504 0.0300951280933559 0.0079540108010025 -0.00956884905406233 -0.016793950935276 -0.0800673466223975 -0.0587404411608925 -0.0780289351677093 -0.0465916842024044 -0.101585735257371 -0.0949786325586146 -0.0143211513681904 -0.0416229276255918 0.00375860898306236 0.0256406883786394 -0.281073744498228 -0.269793114638223 -0.265919644717404 -0.286197813325554 -0.287863055343549 -0.247815237182806 -0.176651780258247 -0.112480345588393 -0.0368063932500889 0.0127464608664698 0.03249353694863 0.0719954838856492 0.0719605685493359 0.0262225553311656 0.0534531296330865 0.0594714860237673 0.127639288624526 0.160159406661111 0.162887636834987
-0.424109239477341 -0.463011656897355 -0.442111230858963 -0.448071287567986 -0.428810458173862 -0.417787872419193 -0.416861745557178 -0.413039674597858 -0.42056900917407 -0.400506927258773 -0.38397202264907 -0.386241953336841 -0.368490517414478 -0.317904599783103 -0.312403786773004 -0.301795125796447 -0.247290959620603 0.034523111436919 0.0113515174689237 0.000857587251027865 -0.0154270888159901 -0.0920005858934953 -0.0963818699262188 -0.0962047024848496 -0.0338118914798486 -0.100808789539338 -0.0936742207831147 -0.0579381408957393 0.0255839865290173 0.0536963409187394 0.0693671470483017 -0.218518228318525 -0.231575435509529 -0.212128102747619 -0.209963851228881 -0.18661393718916 -0.189118378943737 -0.166980990602386 -0.135486182486768 -0.0780390757642352 -0.0289894431652876 0.0566703287772028 0.135303613719105 0.116653764367263 0.0882114740493136 0.0748510332999812 0.0633331298474815 0.107772621666188 0.142333602851116 0.16350922013944
-0.438218162301694 -0.449752466700023 -0.440820385893134 -0.436472064072937 -0.433219811210609 -0.42519949712594 -0.41158869639517 -0.408077299310073 -0.403934650880806 -0.395048258692616 -0.3977425721468 -0.375316114101217 -0.397904517092095 -0.344642379527255 -0.287611366586462 -0.0581886963878911 -0.270609309215501 -0.265273583258008 0.0229264475173 -0.00969407745550983 -0.00322145528435083 -0.0285455795603473 -0.0552759368016866 -0.0919140103896908 -0.0740616578264916 -0.122299504497507 -0.0870987278377183 -0.0431782806704872 0.0451951601088227 -0.204845521484064 -0.155613117892109 -0.151288459222036 -0.136478721094873 -0.132610444799883 -0.118773411500612 -0.0961560494448097 -0.113023722129917 -0.178146515989249 -0.157962108699467 -0.0339865849592379 0.0318099324807067 0.10745158412179 0.153084168552632 0.143722267231784 0.114936122053561 0.0878870151187508 0.0825826266121026 0.088833855397603 0.123620607315264 0.144054268726136
-0.44549114607798 -0.455713231005287 -0.442845343341191 -0.433386728357714 -0.416424859575951 -0.418083765741702 -0.416991592897372 -0.398742607838158 -0.412991030546861 -0.38203539347783 -0.388199473082254 -0.37999987063407 -0.365501315063539 -0.333113090869728 -0.309342161332483 -0.423133815715134 -0.334668382142847 -0.285270412335939 -0.282458474201774 -0.0114468770286459 -0.0145570157766644 -0.031501453264144 -0.0492102279472082 -0.0337632088862297 -0.0668833627132797 -0.122927950655836 -0.0777000083380206 0.00215814176470649 0.0677404833413439 -0.131976319363277 -0.107098055926421 -0.0685239021088662 -0.0525207525079981 -0.0398099516049275 -0.0293961479458025 0.0322176324692889 -0.000252845139956152 -0.103160467887449 -0.098315547866255 0.0577930237546151 0.102041891510253 0.139110425069478 0.162638836198481 0.148535647427064 0.12880075702979 0.115053699551156 0.118693265114465 0.08998573299874 0.0999591247250585 0.114311144191805
