data/pcas/pcas_can_585/pca_referenceLayers_can_585/PC07.asc
NCOLS 494 
NROWS 529 
XLLCORNER -117.166666666667 
YLLCORNER -55.5 
CELLSIZE 0.166666666666667 
NODATA_value -3.4e+38 
[rows 161 to 183 of 529, columns 250 to 299 of 494]
0.276992958609535 0.643473991906673 0.726728552985545 0.379254262538939 0.16190867144769 0.144810605385586 0.283138427488642 0.430082211385831 0.24941353295636 0.191898239482107 -0.18146520707284 -0.14096333083313 -0.207139244175969 -0.178119324130855 -0.265942314011672 -0.275674736358468 -0.210557102092842 -0.346185790528445 -0.397645199999761 -0.404495837896414 -0.479426765048248 -0.758896128381593 -0.662876688051599 -0.695161923394634 -0.704311534841918 -0.58285634285634 -0.55749395666505 -0.569903979331205 -0.481382537305572 -0.455958214382929 -0.544752413643523 -0.577887894569147 -0.477009383391831 -0.567625345371805 -0.581603289341113 -0.588589943864945 -0.605676617930666 -0.6017645579977 -0.560241837581784 -0.516706682252715 -0.533336232799535 -0.511634666596499 -0.516724660476751 -0.496528053843465 -0.510044780339787 -0.481539119380843 -0.401764255139372 -0.429426801252876 -0.513749492685492 -0.539041297455877
0.434824615265558 0.545132555206408 0.574005960728421 0.503646725550108 0.172464840563396 0.279250731381961 0.409401827782061 0.384060488619943 0.205873500180816 -0.0497419456556812 -0.192866104175994 -0.177962960988887 -0.297799411003357 -0.267392864744247 -0.23751124148165 -0.171978513752269 -0.223846424670271 -0.280620722970575 -0.372929620132809 -0.4140726076267 -0.361050453755019 -0.636771999431297 -0.693361649592348 -0.656640292935641 -0.699797837989727 -0.666141305473853 -0.612585278022359 -0.586095376061665 -0.57610012892454 -0.587823160674154 -0.521922244018661 -0.488666509665877 -0.515300900758952 -0.635972396283943 -0.640162295422673 -0.61370821314716 -0.627510102263419 -0.60110688884144 -0.556502709106419 -0.52438049419549 -0.547437413072896 -0.532832960990091 -0.530298931829253 -0.530361481559781 -0.523815076264649 -0.443925051483798 -0.405715319052299 -0.513455921411891 -0.434371594261963 -0.422634690139858
0.33130194850788 -0.203197627752149 0.346131915556417 0.536456678436952 0.286890200725523 0.352725697929965 0.506946900865928 0.251780231245721 0.191601897150051 -0.104842437918225 -0.348399941557701 -0.369384450701423 -0.327800402976195 -0.238146521621766 -0.193839746053674 -0.172828967875973 -0.260191988901429 -0.365974384562366 -0.432209422712289 -0.317614942341923 -0.434729615846539 -0.67696018450503 -0.657154390695951 -0.607413552082666 -0.637436327406297 -0.660748885779026 -0.627981017185733 -0.633201175424363 -0.598703320278344 -0.483497269554783 -0.61458297210606 -0.620024575759815 -0.639317010494703 -0.631386684053687 -0.610406420679492 -0.599395077411108 -0.612333043076218 -0.596875026294252 -0.563940616493262 -0.509277136762672 -0.560722412178542 -0.599512610780043 -0.57769467177596 -0.568800439611171 -0.608787819272867 -0.578091884682887 -0.506840028016324 -0.548096626103331 -0.530125400333479 -0.586727748508623
-0.0884308863100232 -0.160437532033961 0.310469511144366 0.404854994942193 0.217552299392201 0.29766927511141 0.312044363191554 0.32134025344571 -0.0894494060961575 -0.33872042083504 -0.377629378050736 -0.315849234385117 -0.254599961310543 -0.192339159916063 -0.188193191735739 -0.206282793443211 -0.375693741376431 -0.448496456392862 -0.388895024198257 -0.406928783809193 -0.463185674639658 -0.464631929011314 -0.718564032992585 -0.673001942552089 -0.616013472356586 -0.517593247580755 -0.592933628957887 -0.602888462396354 -0.463952745587378 -0.653630185216365 -0.649666183375707 -0.659377478460904 -0.642569572951883 -0.587096792451177 -0.594198018469629 -0.554909526126404 -0.541439142060968 -0.537259465627707 -0.559299099366041 -0.591922718038209 -0.574006262345398 -0.505371973160291 -0.494948649096719 -0.531210539381864 -0.566726894188498 -0.517282541082133 -0.580969360923243 -0.558255469684627 -0.565538438134805 -0.631570201273312
-0.301252404028106 -0.246918460805017 0.132885425910736 0.277424419703994 0.285850162338178 -0.0536912369055363 0.114991975239157 -0.0539105209756606 -0.155754721830186 -0.381377562989052 -0.402738881700251 -0.204821093117864 -0.169508851546206 -0.126428433397401 -0.275432132205975 -0.133219691419347 -0.435513751011166 -0.392922667597993 -0.441250244733264 -0.457040401864 -0.429123508468682 -0.475247971748469 -0.710377584473988 -0.716328686576106 -0.694675861472509 -0.648525490081739 -0.587827512302852 -0.502532992159447 -0.650748567555018 -0.6867498645817 -0.663288191696775 -0.676104347904589 -0.653225719147701 -0.60344518446974 -0.52832318714504 -0.55757053718714 -0.518838364232211 -0.537155632689376 -0.53722642939937 -0.539273727835458 -0.48942359404825 -0.512102544647064 -0.544523715537996 -0.486304261154742 -0.533623564227432 -0.527266718423173 -0.60007057932108 -0.615695681888084 -0.558796183796514 -0.623785372880289
-0.142190155682133 -0.272444645140902 -0.115526137209366 0.0355369078587385 0.167005713091774 -0.0731407878082786 -0.176592917174121 -0.282994729730175 -0.426116140616314 -0.365442855869534 -0.228213302596776 -0.0153738283525199 -0.132693273310079 -0.25379695575582 -0.3049192473738 -0.500321006960159 -0.414500054204362 -0.456902159901177 -0.501774437912612 -0.431487357946761 -0.437629021889325 -0.680047313399885 -0.684134586466362 -0.690760876776806 -0.690493629339804 -0.610790456619498 -0.507142354170766 -0.633882639532756 -0.646808638242556 -0.658250158820525 -0.662839109972285 -0.621127407325847 -0.604804597814671 -0.569527533594955 -0.539650903366363 -0.536339060451838 -0.533042410767575 -0.520618511029294 -0.551399404199862 -0.548054242577979 -0.491547715884993 -0.487440457826411 -0.397383036144492 -0.436106058292228 -0.545286149917899 -0.554051914741761 -0.628210386730535 -0.649231427986765 -0.536832528324649 -0.633843300875116
-0.22856541938685 -0.330073316282264 -0.210881299479006 -0.0720319758691817 -0.0198265105121032 -0.201159244135409 -0.03439358105572 -0.310549281372776 -0.321087634216587 -0.355441153659004 -0.221247911150207 -0.281233635321839 -0.200561213492242 -0.304598134625831 -0.329468876257749 -0.467401875656656 -0.419396498861531 -0.413262934796264 -0.516706444322176 -0.49177811775079 -0.442580927631852 -0.644126002573336 -0.643591185709125 -0.58981658680295 -0.569396635416576 -0.525221232125308 -0.636788772157756 -0.646874279719219 -0.655438839828882 -0.653631223605609 -0.639963419567381 -0.613065282068162 -0.619311702121797 -0.574572335363182 -0.606986716988017 -0.576045403077079 -0.55114408960557 -0.536668702523167 -0.536677190918531 -0.522960391123795 -0.482367544060912 -0.452550453554283 -0.441593032116957 -0.540938147116182 -0.522919918774997 -0.469744958721892 -0.601832773738856 -0.622498351398273 -0.609865482777672 -0.679803790399006
-0.18970404659919 -0.293112059080603 -0.202933612143813 -0.184005944262626 -0.237618808507482 -0.0283919681181594 0.123166706740207 -0.218885695900197 -0.329451688645493 -0.220488410330211 -0.227269767748158 -0.195121773637532 0.0847486209606562 -0.42039100463226 -0.431495317384604 -0.429495717087198 -0.325197002233243 -0.367837812997964 -0.501283386642193 -0.520410216538035 -0.434823359705353 -0.616501584356237 -0.627985847036211 -0.599303443556918 -0.641771853614395 -0.573006031864904 -0.591220463416795 -0.591865940983809 -0.630379901177539 -0.637938491247417 -0.625159154401146 -0.607023221328781 -0.611387774013366 -0.592921107625632 -0.554327671599221 -0.538834785875737 -0.547740480046575 -0.504360688903802 -0.471859080407807 -0.504093064702702 -0.464642693602523 -0.454378899619116 -0.458380032958261 -0.542304939281137 -0.496695918861428 -0.472769709576238 -0.509209126407843 -0.509674322781705 -0.623684850583976 -0.68419334615822
-0.315274764195215 -0.126249525786515 -0.00664615064153637 -0.330825416042569 -0.0170465399078023 0.0513710812523461 0.00555673932131367 -0.00295793221809631 -0.242601115977259 -0.352460180525302 -0.0345086692357458 0.266187096580446 -0.196103319895087 -0.432332031517646 -0.459770682575667 -0.337918419778128 -0.448919872027046 -0.461019269599581 -0.478001469339209 -0.486998830899866 -0.450696077111565 -0.634830147238933 -0.684435708306097 -0.69575908079661 -0.683793244454045 -0.608899733100035 -0.616743983407602 -0.589664280512701 -0.585518123730692 -0.573473500326903 -0.609548732259214 -0.602758295296534 -0.587805930858132 -0.54202169548198 -0.508197533723152 -0.426588168186478 -0.433529929910139 -0.46256212282675 -0.451766806992428 -0.442138082103581 -0.404841816680257 -0.42236032727934 -0.430692581414349 -0.433834714067639 -0.44182975553448 -0.428725487028012 -0.456529499873452 -0.470564636386206 -0.541979796461703 -0.534041973987983
-0.252481051538953 0.0336760052282941 -0.0830802768738661 -0.126109602342082 0.198410081373988 -0.0853153599541054 0.0390538741712844 -0.0256241494911268 -0.052376725354375 -0.089603409749278 0.141078863973601 -0.178781337340353 -0.368461610213934 -0.391259954796783 -0.40501016371648 -0.333629969028878 -0.437010789233863 -0.497374767823941 -0.512499569204298 -0.477485628794565 -0.475859230385707 -0.681710143707748 -0.663584632863836 -0.66886469686242 -0.600430581554325 -0.594559306162889 -0.590486196735639 -0.560896081913159 -0.589603958645818 -0.608805427206109 -0.571060281107313 -0.542868523900924 -0.48545798145802 -0.409012258385347 -0.391923076282287 -0.378369539331362 -0.374052985182049 -0.382597143257082 -0.424647474039852 -0.386340956810972 -0.384934658742036 -0.391421705254081 -0.427963596558158 -0.371535397851028 -0.335454603359038 -0.331456729184502 -0.410605059229232 -0.459443443303125 -0.495575105660861 -0.538553426093039
-0.187745267076878 -0.0648903950917567 -0.00273967378257534 -0.155837143307727 -0.351250297892613 -0.0394924569129408 0.023278260761182 -0.240382074362683 -0.0734726551903192 0.289745172661945 -0.176593444627382 -0.39934906051814 -0.317923989147267 -0.333880534893189 -0.410970903930277 -0.369258109763679 -0.496804571989672 -0.51360736056003 -0.552380042643058 -0.498266277534159 -0.468489385356982 -0.652282651448963 -0.632600305864906 -0.639543816740139 -0.58730998020399 -0.594986670902627 -0.556811966318457 -0.559795740159269 -0.546193151050231 -0.569232620998864 -0.574459551388065 -0.527680035747135 -0.41963910798318 -0.395652111018504 -0.418141066458936 -0.392027316683082 -0.356475468271836 -0.355358495950278 -0.378684215376375 -0.385820605789481 -0.338723384860178 -0.317064435612813 -0.312430532244914 -0.319283506372215 -0.286809226383805 -0.27383196736349 -0.34249367879202 -0.270189379493038 -0.313436993212517 -0.461331852453615
-0.191267764772766 -0.153096958804955 0.0837113339618775 -0.333410468603584 -0.297996853055821 0.0289892542791617 0.0597279863280722 -0.282951663750728 0.101056478936075 0.240056477630843 -0.394765633301103 -0.455364141048602 -0.346486467692623 -0.31221471189279 -0.371990759826641 -0.413237384148575 -0.456542897537664 -0.508628385210079 -0.556605160155849 -0.485812491533147 -0.671373697194137 -0.617273965479989 -0.588967391285374 -0.622520025507998 -0.605590222678688 -0.593403201769596 -0.567289030682227 -0.523578711010011 -0.488109561973838 -0.524060361947198 -0.449217985465335 -0.380389492333677 -0.389205817668458 -0.398109997336754 -0.397218694921495 -0.397037001471388 -0.379107315941937 -0.375729517026796 -0.332814123385468 -0.307162789883645 -0.276057166772148 -0.239678969100166 -0.263800730326525 -0.252515993402818 -0.17166696533777 -0.171175926664031 -0.179949656871983 -0.219833762008325 -0.247669923176431 -0.309095872680436
-0.137971901211089 -0.126965108490245 0.0568383161939176 -0.288712524241095 -0.141889210837638 0.13579899683491 -0.204847238256866 -0.0977443559552824 0.164193512597608 0.0549860107480961 -0.484307037310312 -0.492332946838469 -0.428420841999644 -0.353274327754894 -0.390046783395498 -0.486145588919734 -0.45393916388243 -0.444210274355335 -0.47661681316316 -0.411647255796496 -0.578035256261148 -0.595651251110775 -0.540726968135712 -0.617860270228408 -0.585375483854446 -0.548210933407367 -0.5098727581192 -0.337669867312768 -0.334896109750257 -0.388482165389189 -0.400534355401334 -0.375350330876322 -0.39635702297739 -0.406084465330988 -0.412433879007834 -0.370327303268225 -0.355854308642861 -0.339611366428211 -0.305055419718133 -0.295395026039592 -0.288564283731984 -0.238168079938592 -0.330993973288102 -0.321868715595343 -0.16702458252192 -0.186804594684058 -0.228944136116951 -0.20386518922789 -0.224016772694867 -0.130548335301131
-0.356463048852294 -0.264345202792851 -0.313877238841571 -0.164481884358837 -0.00324823891290578 0.00136702864686919 -0.00920871030111624 0.0056062387865772 0.140503980406928 -0.514421672385175 -0.461959108448801 -0.517885395300812 -0.437953403928953 -0.416655338718275 -0.454816719591241 -0.437601385724037 -0.426626931767631 -0.427166514099059 -0.433391865429555 -0.406379267114305 -0.548303012416033 -0.568402953523734 -0.523832067838087 -0.519214579424638 -0.558569975850065 -0.479580610064037 -0.387760620091085 -0.347714002157196 -0.392116901581293 -0.366246400250783 -0.417631986037383 -0.414203714133285 -0.394485729008187 -0.364119565874017 -0.354265746186581 -0.333524060040088 -0.337586255259253 -0.31689076343305 -0.262230405590857 -0.31219598053426 -0.340945980541182 -0.357155894432642 -0.336675219178367 -0.277629970985849 -0.216754787524509 -0.202651091771504 -0.0756667666592661 -0.162786930764287 -0.123584144145316 -0.024856079216509
-0.345083411158115 -0.343664069510868 -0.283967929216314 -0.214469810488381 -0.0173140291352054 0.153951226489672 0.248050547229317 0.272444789423863 -0.241876878627516 -0.646597953850565 -0.32862951723612 -0.422466521236374 -0.503120577183528 -0.462591356996908 -0.512951568281109 -0.388101323964251 -0.389210097959609 -0.449860264704053 -0.438823849782494 -0.440762912747864 -0.533680134120232 -0.577617879208633 -0.510914862661356 -0.447951774962277 -0.466773231203112 -0.434564132991425 -0.367448388079739 -0.348858767443136 -0.367615752928851 -0.405605209328029 -0.394541918937545 -0.39836058332239 -0.342594013658446 -0.299531174304184 -0.357439115620177 -0.38475592954654 -0.395761224201995 -0.384180318972129 -0.299825213852642 -0.313804510160231 -0.314381146795685 -0.297521692460718 -0.216228983069874 -0.272595815257997 -0.196849977547937 -0.0973513304878295 -0.10560587779156 -0.200717552279389 -0.135573270496914 -0.1308561042986
-0.284588608489561 -0.360756837058575 -0.279557511541273 -0.180456023976608 0.118310201114319 0.279959083948221 0.158968204391116 -0.246828475969825 -0.385025720706869 -0.295295795599947 -0.49592493885885 -0.746114840903477 -0.464649785129696 -0.504277524904468 -0.49019008810864 -0.453179241332761 -0.431874494096287 -0.456518530280983 -0.36952802774643 -0.595735825354938 -0.560878314806953 -0.622578438194366 -0.469076852475451 -0.42948068488296 -0.434191388004595 -0.398673521018616 -0.331268642495001 -0.372235167705175 -0.428769277495585 -0.413413871538139 -0.426792311445294 -0.396485478964859 -0.330516372999105 -0.316541059787386 -0.349079800571602 -0.376782899055408 -0.389113000169825 -0.340954230572707 -0.301600417580015 -0.280157264772214 -0.246019218824921 -0.153008164432135 -0.0605309709018541 -0.048762031218809 -0.069488387042629 -0.0515557811428251 -0.14939189393102 -0.132948315984047 -0.0529016505917071 -0.0070504480133206
-0.330386358877628 -0.329397898527805 -0.118757680464433 -0.0412230034370543 0.136913669614543 0.207175919992433 -0.0888705303134053 -0.306435404208737 -0.352077348373416 -0.161092510570568 -0.582494284082138 -0.658144032985085 -0.463918906983239 -0.461570404962862 -0.415191070666423 -0.35971791928371 -0.214282658168037 -0.433598273213915 -0.464912605988991 -0.522662846514973 -0.543207301505394 -0.595582843237868 -0.589745339475886 -0.519463196684338 -0.501873405903586 -0.44369845828992 -0.399393461642237 -0.42757050180135 -0.419315677242862 -0.424932871670143 -0.48179825317416 -0.34721215634735 -0.357249877004686 -0.351144768730367 -0.329910821383656 -0.339837212700017 -0.313622488236501 -0.279983063955719 -0.250533289421844 -0.0724225313729085 -0.164053636876478 -0.103123711502753 -0.0462558162799782 0.0835598488131183 0.0391880150598354 -0.0415432624186202 -0.0208074786363615 -0.0340377169074982 -0.0436880483310225 -0.0387967494973385
-0.335373987926619 -0.313537098482261 -0.169436374598098 0.139357672465869 0.191498340976009 0.279209960881599 -0.215916922673647 -0.291950851731623 -0.395416813396609 -0.285907792056259 -0.482426742190903 -0.58298127008398 -0.588242138326711 -0.625289893387913 -0.495674680147167 -0.446311340958692 -0.454088739776487 -0.500804102593414 -0.491427527702315 -0.433619505368156 -0.41584793367714 -0.571916459013702 -0.538647580696445 -0.500392226424094 -0.455233107834764 -0.451033890148492 -0.427086914493676 -0.423100955452666 -0.444266838569495 -0.428208316953982 -0.426400293980755 -0.344190598006683 -0.33824131491335 -0.304601049665477 -0.266865898964177 -0.290447950806595 -0.233903051683481 -0.167652521187768 -0.0786281109776261 0.0615631944110277 0.0240226629320454 0.0296219610516809 0.0618219566664379 0.20692449011589 0.0837960473399406 0.0246523723327274 0.0782691011120426 0.0760058343320178 0.0434951121940109 0.0530662185453635
-0.279851764072252 -0.325058770599563 0.0418938791164199 0.0639040749021353 0.110231895538956 0.243417781446012 -0.182291025455826 -0.301123090771477 -0.372752680057848 -0.427029237446114 -0.49191365954086 -0.583863741506655 -0.597884368803905 -0.602589993788432 -0.6431943114925 -0.665005068210859 -0.497773736207303 -0.484626711900599 -0.588789418848611 -0.582408506123739 -0.603562681958814 -0.502160220594744 -0.523075534316267 -0.476372376688932 -0.435283202077668 -0.42736057702528 -0.415475083429138 -0.398224964115598 -0.386803632542731 -0.393295859168774 -0.333844757145722 -0.318905164267102 -0.278639837384555 -0.258850929187561 -0.203461355193227 -0.122651852477118 -0.0418388683788391 -0.033925839511517 0.0685712006522065 0.156590614375612 0.103109500300104 0.193910601036869 0.295180080074884 0.285325977650385 0.251811527709472 0.196324144051115 0.169901832542824 0.0700722328853622 0.112040914143063 0.0994588271611119
-0.341841789903281 -0.102402324368223 0.197340854513139 0.141132754090501 0.165786661841112 0.0772471952757634 -0.217347135787229 -0.312357624540651 -0.338501607665795 -0.398741749631463 -0.472395019916477 -0.525778285905013 -0.597398075586659 -0.562094567595056 -0.630310998981335 -0.615390659913594 -0.63251902363143 -0.450621138915629 -0.624791024644243 -0.63755533071093 -0.5958355996799 -0.52527202221428 -0.52270665455173 -0.483772306279224 -0.45022104854664 -0.441387606764419 -0.412309374445519 -0.390085762294365 -0.359559172068835 -0.325869732739779 -0.269722971032367 -0.256120734714812 -0.226365729216291 -0.119565867082245 -0.0369809061486796 0.000473069863634032 0.083403834136781 0.204451593326325 0.240163366565771 0.292979376924988 0.278958960959065 0.33306120016553 0.304695331468813 0.247954605146246 0.166990679609255 0.107133786005123 0.0565944674870538 -0.00176814051671746 -0.0158955568243977 0.0211967264948678
-0.053687503828709 0.211970436064713 0.111519356196724 0.21135582243477 0.0213235642548218 -0.0526377372353704 -0.170614450980978 -0.273648248657987 -0.19103169729116 -0.355788315331418 -0.46608402193501 -0.484222514638012 -0.548119926119102 -0.561943597206588 -0.573207668859063 -0.58274787471304 -0.629233067969406 -0.642877971545505 -0.619637675999237 -0.585503791072371 -0.551374873989372 -0.525806062525756 -0.497370714338842 -0.476321596179106 -0.442120609115919 -0.410538355290977 -0.362561091430976 -0.356161403275832 -0.310350955392647 -0.261940110566717 -0.186873255184768 -0.168903661001027 -0.0597938052178967 0.0490352747054253 0.123189062669007 0.141118656037422 0.214808856673539 0.218745095241534 0.333372870462592 0.384324838720324 0.332826796302636 0.301442682319127 0.251269059517939 0.215112708024824 0.146866152399486 0.057872544677474 0.0287126390266427 -0.0391326579288956 -0.0748662265716983 -0.0811343913580597
0.2588925412146 0.17070866204673 0.115305952631534 0.213417832472422 0.107487580591509 -0.00626033731018628 -0.084413347779498 -0.19382374266874 -0.212203580310112 -0.294422211690136 -0.400639699940189 -0.491741363599047 -0.513296206322509 -0.542855431718011 -0.541762195378435 -0.573699733595568 -0.607641737680614 -0.610942756327213 -0.592244025266425 -0.555434718270584 -0.535339525780054 -0.498961088998493 -0.484090974212514 -0.433589294091083 -0.411910249846809 -0.336222595910995 -0.280278808290262 -0.249040597309241 -0.185529382902116 -0.163442779663085 -0.103104451635047 -0.0518696571989737 0.0633297309609235 0.237955204463617 0.290433327216461 0.31482136681512 0.32859243776104 0.341135275841056 0.399164019474219 0.358282918159444 0.296753195218283 0.260775217199113 0.194587642916667 0.145304232485199 0.075506121147177 0.0134079872540546 -0.0103640515578683 -0.110100223464477 -0.124265569188822 -0.175468045954294
0.257649200628646 0.145459063263889 0.334509453122552 0.255541367541394 0.139243823953435 0.0267970196280821 -0.0767108033344274 -0.159006265692432 -0.253952369879215 -0.266730635711235 -0.362903650826751 -0.434829029535305 -0.439469310879082 -0.493338998295822 -0.520020960050804 -0.528513018612786 -0.561082732895737 -0.582014960961719 -0.550324542517626 -0.519498831730371 -0.487363582458895 -0.450544091645784 -0.406676561467918 -0.389123057962814 -0.360740545593099 -0.278234502219904 -0.22527427256775 -0.157401882099899 -0.110936410289125 -0.0497705218118715 0.0586970212455526 0.111769521624556 0.288309680369129 0.349523556482428 0.349381684945661 0.393957793413356 0.375336959116651 0.332420890283245 0.28626839818422 0.250637507726552 0.20500794730707 0.176814865679208 0.138962402577725 0.0907158123669486 0.0388295669173261 -0.0381515686654739 -0.0924650505241552 -0.160761659574058 -0.199033079062174 -0.233326933002574
