data/pcas/pcas_can_585/pca_referenceLayers_can_585/PC07.asc
NCOLS 494 
NROWS 529 
XLLCORNER -117.166666666667 
YLLCORNER -55.5 
CELLSIZE 0.166666666666667 
NODATA_value -3.4e+38 
[rows 368 to 390 of 529, columns 250 to 299 of 494]
-3.4e+38 -3.4e+38 -3.4e+38 -3.4e+38 -3.4e+38 -3.4e+38 -3.4e+38 -3.4e+38 -3.4e+38 -3.4e+38 -3.4e+38 -3.4e+38 -3.4e+38 -3.4e+38 -3.4e+38 -3.4e+38 -3.4e+38 -3.4e+38 -3.4e+38 -3.4e+38 -3.4e+38 -3.4e+38 -3.4e+38 -3.4e+38 -3.4e+38 0.850589649107897 0.611990030634192 0.470945434748511 0.28512805196597 0.34465005318969 0.222542862709812 -0.272002322301784 -0.481938112352451 -0.611365575764555 -0.692270927141495 -0.335876656720939 -0.284071532860142 0.0624987269002634 0.261242310207606 0.312477499568365 0.65504137624609 0.775004616915717 0.808290668977954 0.924247267709082 0.935990385603439 0.83947545067345 0.946397394694285 1.04657976558638 1.10017977719287 1.00981978038757
-3.4e+38 -3.4e+38 -3.4e+38 -3.4e+38 -3.4e+38 -3.4e+38 -3.4e+38 -3.4e+38 -3.4e+38 -3.4e+38 -3.4e+38 -3.4e+38 -3.4e+38 -3.4e+38 -3.4e+38 -3.4e+38 -3.4e+38 -3.4e+38 -3.4e+38 -3.4e+38 -3.4e+38 -3.4e+38 -3.4e+38 -3.4e+38 1.19870244068983 0.780036222113932 0.578092388446246 0.38448588202542 0.483420863415638 0.24992741796876 0.0899874948842884 -0.0197782324310386 -0.38970913480744 -0.558899114402882 -0.677907431844231 -0.374399973219778 -0.194386516368033 0.110232800333692 0.196709411962857 0.392340636075565 0.606738326252787 0.629857347860436 0.843973188317375 0.958032472207018 1.01126419971806 0.682140737841563 0.638414420081057 0.993245932012645 1.02710911769417 0.908030652566239
-3.4e+38 -3.4e+38 -3.4e+38 -3.4e+38 -3.4e+38 -3.4e+38 -3.4e+38 -3.4e+38 -3.4e+38 -3.4e+38 -3.4e+38 -3.4e+38 -3.4e+38 -3.4e+38 -3.4e+38 -3.4e+38 -3.4e+38 -3.4e+38 -3.4e+38 -3.4e+38 -3.4e+38 -3.4e+38 -3.4e+38 -3.4e+38 1.26604000365723 0.870876302937287 0.779814611876888 0.643558238103832 0.649085456911867 0.160950573295774 -0.0394293807797192 -0.258722757616347 -0.359766963173564 -0.451428756100102 -0.687649887983412 -0.447440094759904 -0.192349298260227 0.0294136189093296 0.297537164259908 0.225785276345075 0.676162295335834 0.684899919208126 0.87774914585067 0.941272718841749 0.987981786719592 0.674850634769933 0.606182911994921 0.983375994350041 0.998748495124782 0.935185609757488
-3.4e+38 -3.4e+38 -3.4e+38 -3.4e+38 -3.4e+38 -3.4e+38 -3.4e+38 -3.4e+38 -3.4e+38 -3.4e+38 -3.4e+38 -3.4e+38 -3.4e+38 -3.4e+38 -3.4e+38 -3.4e+38 -3.4e+38 -3.4e+38 -3.4e+38 -3.4e+38 -3.4e+38 -3.4e+38 -3.4e+38 -3.4e+38 -3.4e+38 0.998242757173613 0.82803291825207 0.603586781257823 0.773493679981094 0.169621571307227 -0.108128883966151 -0.418914294041282 -0.356256909458395 -0.444447006336596 -0.709456638339515 -0.44778682837007 -0.242881832913369 0.0269624335361734 0.259871706601886 0.364665734051079 0.727908743280371 0.814550290027963 0.863640853998055 0.9597761452358 0.958878068211015 0.896428132707308 0.858848207127213 1.0169808184648 0.939508922984595 0.94704309013154
-3.4e+38 -3.4e+38 -3.4e+38 -3.4e+38 -3.4e+38 -3.4e+38 -3.4e+38 -3.4e+38 -3.4e+38 -3.4e+38 -3.4e+38 -3.4e+38 -3.4e+38 -3.4e+38 -3.4e+38 -3.4e+38 -3.4e+38 -3.4e+38 -3.4e+38 -3.4e+38 -3.4e+38 -3.4e+38 -3.4e+38 -3.4e+38 -3.4e+38 1.15874321533161 0.935198994525968 0.859151280837953 0.832200020831914 0.194585397422762 -0.29827955913993 -0.456157070907736 -0.609270236204871 -0.633686775207012 -0.700840299539951 -0.482925800984532 -0.240074230707079 0.0666892826691798 0.202504210036873 0.374236622257276 0.727227289255083 0.83730298210401 0.88186366536653 0.901841177087667 0.915251312835939 0.964260658954526 0.928253674318963 1.0136451797508 0.907912079444917 0.953101900357025
-3.4e+38 -3.4e+38 -3.4e+38 -3.4e+38 -3.4e+38 -3.4e+38 -3.4e+38 -3.4e+38 -3.4e+38 -3.4e+38 -3.4e+38 -3.4e+38 -3.4e+38 -3.4e+38 -3.4e+38 -3.4e+38 -3.4e+38 -3.4e+38 -3.4e+38 -3.4e+38 -3.4e+38 -3.4e+38 -3.4e+38 -3.4e+38 -3.4e+38 1.18411147455072 1.0759551898571 0.959227954075399 0.788417989777989 0.132944434741449 -0.363643053465596 -0.420032094676632 -0.562366713267665 -0.663714714217708 -0.755073620190108 -0.865766574333413 -0.472577004614822 0.0228329078933446 0.0703742114621387 0.373704764876207 0.68192278109391 0.873216798873392 0.901041986820293 0.887108303585152 0.86334140880225 0.919907815456146 0.902509278034892 0.904336666916026 0.925111696228818 0.941154906734473
-3.4e+38 -3.4e+38 -3.4e+38 -3.4e+38 -3.4e+38 -3.4e+38 -3.4e+38 -3.4e+38 -3.4e+38 -3.4e+38 -3.4e+38 -3.4e+38 -3.4e+38 -3.4e+38 -3.4e+38 -3.4e+38 -3.4e+38 -3.4e+38 -3.4e+38 -3.4e+38 -3.4e+38 -3.4e+38 -3.4e+38 -3.4e+38 -3.4e+38 1.30225982980862 1.10961397233503 0.964518456562549 0.764234182839547 0.19862765384109 -0.201504450159153 -0.485336967610609 -0.602712581397791 -0.609710178221824 -0.77933083924766 -0.857585609596897 -0.448043080826142 0.0118386095855704 0.235052124367146 0.291383140901152 0.595242740807127 0.786610100197124 0.848403158749303 0.932351178214093 0.803776500381129 0.83583738489151 0.903273966693903 0.837037589259097 0.946157709857167 0.931323237942355
-3.4e+38 -3.4e+38 -3.4e+38 -3.4e+38 -3.4e+38 -3.4e+38 -3.4e+38 -3.4e+38 -3.4e+38 -3.4e+38 -3.4e+38 -3.4e+38 -3.4e+38 -3.4e+38 -3.4e+38 -3.4e+38 -3.4e+38 -3.4e+38 -3.4e+38 -3.4e+38 -3.4e+38 -3.4e+38 -3.4e+38 -3.4e+38 -3.4e+38 -3.4e+38 1.19073207308001 1.01762226876749 0.966327974847964 0.570562861588659 -0.0187002944715422 -0.272758829556675 -0.465044049874987 -0.590960550107013 -0.674562971268913 -0.865575290859957 -0.23036705678729 0.163977027698095 0.404473262384802 0.325963397985579 0.654554047798502 0.794734199612416 0.900938513985897 0.893236296121052 0.982896527577406 0.840704387282753 0.835384122310129 0.867709212665913 0.916433144495009 0.964285544797926
-3.4e+38 -3.4e+38 -3.4e+38 -3.4e+38 -3.4e+38 -3.4e+38 -3.4e+38 -3.4e+38 -3.4e+38 -3.4e+38 -3.4e+38 -3.4e+38 -3.4e+38 -3.4e+38 -3.4e+38 -3.4e+38 -3.4e+38 -3.4e+38 -3.4e+38 -3.4e+38 -3.4e+38 -3.4e+38 -3.4e+38 -3.4e+38 -3.4e+38 1.34819592066498 1.13632633192638 1.07280333341912 1.00773304508428 0.641973565406837 0.158286929788037 -0.260500823183534 -0.446682153483881 -0.550756839716341 -0.614100660159543 -0.488627058976276 -0.142391710485877 0.148897167801165 0.471833766882893 0.449626273065915 0.792089540495588 0.89133795631358 0.939048673029867 0.883828838377697 0.984524100387754 0.900376352739863 0.848220373369829 0.925271166115769 0.948104960268852 0.979566052416367
-3.4e+38 -3.4e+38 -3.4e+38 -3.4e+38 -3.4e+38 -3.4e+38 -3.4e+38 -3.4e+38 -3.4e+38 -3.4e+38 -3.4e+38 -3.4e+38 -3.4e+38 -3.4e+38 -3.4e+38 -3.4e+38 -3.4e+38 -3.4e+38 -3.4e+38 -3.4e+38 -3.4e+38 -3.4e+38 -3.4e+38 -3.4e+38 1.40842847534301 1.27312959548068 1.03226183043798 0.968711164222658 0.892233897522801 0.448328038778538 0.0694833937341575 -0.128907296291179 -0.345026713667928 -0.574508182383099 -0.769986479417073 -0.485516275545591 -0.122613531205187 0.214501513202721 0.420059343938195 0.567066151876173 0.789064353980843 0.889285215036781 0.941617738140806 0.838043437820247 0.929925928539851 0.966056870468842 0.94797779952502 0.926788067667101 0.93579975753457 0.972189453554642
-3.4e+38 -3.4e+38 -3.4e+38 -3.4e+38 -3.4e+38 -3.4e+38 -3.4e+38 -3.4e+38 -3.4e+38 -3.4e+38 -3.4e+38 -3.4e+38 -3.4e+38 -3.4e+38 -3.4e+38 -3.4e+38 -3.4e+38 -3.4e+38 -3.4e+38 -3.4e+38 -3.4e+38 -3.4e+38 -3.4e+38 1.31839668194966 1.35344034778321 1.27093745090729 1.20563285183261 1.01626023757031 0.850556578458022 0.348794004346829 0.0460677317532736 -0.153782256209265 -0.380691244161444 -0.488471110805737 -0.677585228467199 -0.550131287554176 -0.156859365313938 0.167131445249999 0.317791307087548 0.397953675737848 0.796593129671053 0.842113293974507 0.91862878784311 0.846025394325323 0.867820758042193 1.02296117716498 0.847260779938778 0.917747826066519 0.92498002228222 0.945884867966143
-3.4e+38 -3.4e+38 -3.4e+38 -3.4e+38 -3.4e+38 -3.4e+38 -3.4e+38 -3.4e+38 -3.4e+38 -3.4e+38 -3.4e+38 -3.4e+38 -3.4e+38 -3.4e+38 -3.4e+38 -3.4e+38 -3.4e+38 -3.4e+38 -3.4e+38 -3.4e+38 -3.4e+38 -3.4e+38 -3.4e+38 1.30304693591653 1.3514218991541 1.34681071521355 1.28026965472968 0.984036245659185 0.68524932101905 0.239018548431152 -0.0677565484485944 -0.232641422747061 -0.41423296151766 -0.639410712793871 -0.753931847512382 -0.977186638219545 -0.222730313082889 0.116499103436461 0.177000653252867 0.402332152633545 0.774408511792305 0.868088447259604 0.889403371186813 0.869228868777703 0.905937071255026 0.969733532762472 0.879894025716577 0.952285412964807 0.936385694394057 1.02367893845803
-3.4e+38 -3.4e+38 -3.4e+38 -3.4e+38 -3.4e+38 -3.4e+38 -3.4e+38 -3.4e+38 -3.4e+38 -3.4e+38 -3.4e+38 -3.4e+38 -3.4e+38 -3.4e+38 -3.4e+38 -3.4e+38 -3.4e+38 -3.4e+38 -3.4e+38 -3.4e+38 -3.4e+38 -3.4e+38 -3.4e+38 1.3380424550014 1.353475793064 1.32142393788781 1.2711606922899 1.1817077996236 0.84930210337146 0.434956543844929 -0.00264207750650661 -0.188303081398056 -0.387867988264879 -0.669483835662639 -0.850691569487003 -0.610339156941462 -0.351107442906613 -0.127936314810446 0.0726591080521214 0.453173052496073 0.673034300580446 0.803319453012422 0.880817554239886 0.887274074231493 0.921251458510491 0.914246435429759 0.928789397334148 0.860457465454293 0.949281328415469 1.03303945820368
-3.4e+38 -3.4e+38 -3.4e+38 -3.4e+38 -3.4e+38 -3.4e+38 -3.4e+38 -3.4e+38 -3.4e+38 -3.4e+38 -3.4e+38 -3.4e+38 -3.4e+38 -3.4e+38 -3.4e+38 -3.4e+38 -3.4e+38 -3.4e+38 -3.4e+38 -3.4e+38 -3.4e+38 -3.4e+38 -3.4e+38 1.26472199737522 1.2997807780326 1.2529529162906 1.16898194422644 0.996005370692196 0.778047039503252 0.400472946708799 0.0401532002168517 -0.143286353194221 -0.359497485800157 -0.610628360873529 -0.808048586058086 -0.508969255034468 -0.216895689196873 -0.178429871150666 -0.106999571546378 0.37213329312964 0.62138332494026 0.792719126830721 0.869935387901536 0.889129570598821 0.891989815747022 0.911712943800752 0.931048185265642 0.893836630139082 0.809735957126776 1.09434337086377
-3.4e+38 -3.4e+38 -3.4e+38 -3.4e+38 -3.4e+38 -3.4e+38 -3.4e+38 -3.4e+38 -3.4e+38 -3.4e+38 -3.4e+38 -3.4e+38 -3.4e+38 -3.4e+38 -3.4e+38 -3.4e+38 -3.4e+38 -3.4e+38 -3.4e+38 -3.4e+38 -3.4e+38 -3.4e+38 -3.4e+38 1.28395186332554 1.23912794061213 1.1494073132642 1.12846426348781 0.867960863522948 0.607789390479383 0.326507909174097 0.0651529375260669 -0.0523488734742324 -0.172173158414285 -0.346260655683261 -0.666412158837022 -0.511788659788636 -0.162332150023696 -0.187399371044774 -0.0442884819685929 0.22773163127531 0.606945422360952 0.788603619407393 0.885557860612536 0.934694421541935 0.925798811432845 0.8093572875279 1.03714616193388 1.04353420404503 0.754904623282577 1.1223225029363
-3.4e+38 -3.4e+38 -3.4e+38 -3.4e+38 -3.4e+38 -3.4e+38 -3.4e+38 -3.4e+38 -3.4e+38 -3.4e+38 -3.4e+38 -3.4e+38 -3.4e+38 -3.4e+38 -3.4e+38 -3.4e+38 -3.4e+38 -3.4e+38 -3.4e+38 -3.4e+38 -3.4e+38 -3.4e+38 -3.4e+38 1.22011485098353 1.13223498604584 1.07661569217798 0.928564699432426 0.714141537038839 0.434225184277046 0.164623688967945 0.0962515488083621 -0.070929125540607 -0.159871208160532 -0.364285101540218 -0.763960454384404 -0.571643244105319 -0.156894787168305 0.0314122596825958 0.229795020501923 0.195194018420866 0.609450939347881 0.735628801180092 0.875014946262933 0.909123018061394 0.852940027789222 0.491704612168747 1.00575406164508 1.02124157615127 0.956970555723825 1.11613683083401
-3.4e+38 -3.4e+38 -3.4e+38 -3.4e+38 -3.4e+38 -3.4e+38 -3.4e+38 -3.4e+38 -3.4e+38 -3.4e+38 -3.4e+38 -3.4e+38 -3.4e+38 -3.4e+38 -3.4e+38 -3.4e+38 -3.4e+38 -3.4e+38 -3.4e+38 -3.4e+38 -3.4e+38 -3.4e+38 -3.4e+38 -3.4e+38 1.11569361857813 1.02224537927989 0.864775473881648 0.618850165484459 0.357482600971309 0.0938359250483782 0.0221545423232713 -0.0442454774346248 -0.18305039953086 -0.461345021405412 -0.980253170915259 -0.616832324617798 -0.22943735984593 -0.363327837748684 0.161253753327157 0.358767616625461 0.672672459096148 0.822282024644302 0.808227740050662 0.962332645938948 0.690887865290366 0.603836896851262 1.02286487370187 0.975109442148958 1.03961299321999 1.07685440911567
-3.4e+38 -3.4e+38 -3.4e+38 -3.4e+38 -3.4e+38 -3.4e+38 -3.4e+38 -3.4e+38 -3.4e+38 -3.4e+38 -3.4e+38 -3.4e+38 -3.4e+38 -3.4e+38 -3.4e+38 -3.4e+38 -3.4e+38 -3.4e+38 -3.4e+38 -3.4e+38 -3.4e+38 -3.4e+38 -3.4e+38 -3.4e+38 1.0669767108135 0.997084413051387 0.925541273515213 0.639297887386574 0.326403375846238 0.0675244251002802 -0.0202054998859994 -0.0245786487573129 -0.0588375127813957 -0.179048712658628 -0.81078460902868 -0.631146822427984 -0.316906514872274 -0.41104807566322 -0.216755282567647 0.299476776890472 0.612071485202035 0.813892913730882 0.83289059427204 0.895287793995028 0.7452369954945 0.831942293046632 0.988823917613944 0.923862631927411 0.967166638655192 1.02256067094173
-3.4e+38 -3.4e+38 -3.4e+38 -3.4e+38 -3.4e+38 -3.4e+38 -3.4e+38 -3.4e+38 -3.4e+38 -3.4e+38 -3.4e+38 -3.4e+38 -3.4e+38 -3.4e+38 -3.4e+38 -3.4e+38 -3.4e+38 -3.4e+38 -3.4e+38 -3.4e+38 -3.4e+38 -3.4e+38 -3.4e+38 -3.4e+38 1.00944410278468 0.969191174627196 0.896611662040657 0.659454221083977 0.396886323989625 0.147658557232238 0.00341073508831703 -0.0447162012127159 -0.147642193544579 -0.152175183926345 -0.770480114866449 -0.558583128195621 -0.390661190044033 -0.432039062707138 -0.388472750232318 0.0243100627509816 0.433394924148648 0.731022763517495 0.782491469122079 0.859917148772293 0.881367090050076 0.966866599747979 0.926798129064362 0.911379766500768 0.890411417820707 0.989272597202366
-3.4e+38 -3.4e+38 -3.4e+38 -3.4e+38 -3.4e+38 -3.4e+38 -3.4e+38 -3.4e+38 -3.4e+38 -3.4e+38 -3.4e+38 -3.4e+38 -3.4e+38 -3.4e+38 -3.4e+38 -3.4e+38 -3.4e+38 -3.4e+38 -3.4e+38 -3.4e+38 -3.4e+38 -3.4e+38 -3.4e+38 -3.4e+38 0.939751730153977 0.913531876988755 0.770241577336686 0.585515807218958 0.430923488383212 0.226761040749155 0.0475161146564722 -0.0099876877924436 -0.129471788982278 -0.333415436827484 -1.07077765316782 -1.21685894745049 -0.42040183273873 -0.4778769784558 -0.423219135545154 0.0182700567197796 0.465649345428025 0.718286607493352 0.759371536802585 0.829132319632639 0.858897720467731 0.947727433270808 0.90992791617966 0.973800653867659 0.841945261974253 0.95194800542757
-3.4e+38 -3.4e+38 -3.4e+38 -3.4e+38 -3.4e+38 -3.4e+38 -3.4e+38 -3.4e+38 -3.4e+38 -3.4e+38 -3.4e+38 -3.4e+38 -3.4e+38 -3.4e+38 -3.4e+38 -3.4e+38 -3.4e+38 -3.4e+38 -3.4e+38 -3.4e+38 -3.4e+38 -3.4e+38 -3.4e+38 -3.4e+38 0.928443229645084 0.836196171403862 0.672622709346084 0.476075040479225 0.384485511560172 0.181765511323671 0.11395156436236 0.0206120455699975 -0.102824454643711 -0.217528549632768 -0.815773718382972 -0.577236560222388 -0.557029101738879 -0.398824642131506 -0.354956150513764 0.134955601280404 0.501321986763886 0.695087371635195 0.756291814884986 0.854015352553548 0.938791236036749 0.944100302759844 0.985285624662094 0.904287034024724 0.874522406230424 0.890227310980245
-3.4e+38 -3.4e+38 -3.4e+38 -3.4e+38 -3.4e+38 -3.4e+38 -3.4e+38 -3.4e+38 -3.4e+38 -3.4e+38 -3.4e+38 -3.4e+38 -3.4e+38 -3.4e+38 -3.4e+38 -3.4e+38 -3.4e+38 -3.4e+38 -3.4e+38 -3.4e+38 -3.4e+38 -3.4e+38 -3.4e+38 -3.4e+38 0.938126958671419 0.798692154894704 0.671823800545575 0.527204983971163 0.401165210948594 0.198520047636162 0.110265456203141 0.0420805414693461 0.072523211460462 -0.0800595710483063 -0.470293461774685 -0.432976643725797 -1.12056126453367 -0.366722928908884 -0.38451481560731 0.109375140394285 0.580526616070784 0.412237778763446 0.719709195744063 0.898607588016267 0.981461292319426 0.985661287660783 0.951208664191417 0.905394960176948 0.86218857705456 0.842895799571643
-3.4e+38 -3.4e+38 -3.4e+38 -3.4e+38 -3.4e+38 -3.4e+38 -3.4e+38 -3.4e+38 -3.4e+38 -3.4e+38 -3.4e+38 -3.4e+38 -3.4e+38 -3.4e+38 -3.4e+38 -3.4e+38 -3.4e+38 -3.4e+38 -3.4e+38 -3.4e+38 -3.4e+38 -3.4e+38 -3.4e+38 -3.4e+38 -3.4e+38 0.817215943808679 0.69583050013285 0.543893144647504 0.35056624076967 0.213960355481483 0.081979771352121 0.0729388239072667 0.0237930532962893 0.00231180767954385 -0.0914877262156968 -0.392510207433576 -1.25678513653176 -0.379529519273763 -0.431737398527933 0.0380281640699315 0.553566730872647 0.444340458295194 0.752370289193384 0.953042739484518 0.987468679339709 0.97050521899608 0.975260289073521 0.936433008808306 0.845044822240043 0.798909920948921
