data/pcas/pcas_can_585/pca_referenceLayers_can_585/PC08.asc
NCOLS 494 
NROWS 529 
XLLCORNER -117.166666666667 
YLLCORNER -55.5 
CELLSIZE 0.166666666666667 
NODATA_value -3.4e+38 
[rows 374 to 395 of 529, columns 255 to 305 of 494]
-3.4e+38 -3.4e+38 -3.4e+38 -3.4e+38 -3.4e+38 -3.4e+38 -3.4e+38 -3.4e+38 -3.4e+38 -3.4e+38 -3.4e+38 -3.4e+38 -3.4e+38 -3.4e+38 -3.4e+38 -3.4e+38 -3.4e+38 -3.4e+38 -3.4e+38 -3.4e+38 -1.07764347709109 -0.98768147018435 -0.958913261594898 -0.865290593609542 -0.392864365281567 -0.223520270406494 0.113302777831594 0.169300927613459 0.182755214855047 0.131178084251907 0.209810890427575 0.816032209240245 0.770114222596742 0.626736234398495 0.588808826180302 0.465246797069486 0.378816937443643 0.353276239254211 0.294888779279997 0.1269304603301 0.290558911417528 0.214598775388458 0.211284166138944 0.158922261203465 0.141305787004503 0.133887717416846 0.0964203884863383 0.0989513983459419 0.0919676780364768 0.0960908929886584 0.09793210503239
-3.4e+38 -3.4e+38 -3.4e+38 -3.4e+38 -3.4e+38 -3.4e+38 -3.4e+38 -3.4e+38 -3.4e+38 -3.4e+38 -3.4e+38 -3.4e+38 -3.4e+38 -3.4e+38 -3.4e+38 -3.4e+38 -3.4e+38 -3.4e+38 -3.4e+38 -3.4e+38 -3.4e+38 -1.07785974953228 -1.00419633026126 -0.980191601110879 -0.683532877929502 -0.330754870727537 -0.255438938816593 -0.0598106925758189 0.181854376255561 0.108984185149889 0.2849460516993 0.732011719362218 0.65214361161409 0.636602539142086 0.568592042491475 0.456680540545463 0.365296388351733 0.322735344305555 0.31097505727443 0.254918380480552 0.282107563075235 0.256241590094437 0.212923367189617 0.18907851429368 0.128921439534302 0.108963011080127 0.10041762505799 0.093627931610778 0.0834387381449899 0.0859959364596916 0.0832150291658127
-3.4e+38 -3.4e+38 -3.4e+38 -3.4e+38 -3.4e+38 -3.4e+38 -3.4e+38 -3.4e+38 -3.4e+38 -3.4e+38 -3.4e+38 -3.4e+38 -3.4e+38 -3.4e+38 -3.4e+38 -3.4e+38 -3.4e+38 -3.4e+38 -3.4e+38 -3.4e+38 -1.18928663587051 -1.0484766694058 -1.03688594903284 -1.06020068941347 -0.710191357014695 -0.494718261685827 -0.21234427174546 -0.0522175384648417 -0.0330644424139557 0.16701293340762 0.851707392205007 0.755213509536514 0.498532402728784 0.625805011451909 0.613342229223433 0.41434817635594 0.34693418355537 0.317242017800988 0.313499046115897 0.262983418941801 0.27838454574483 0.263336298144157 0.196398977870139 0.178042715836094 0.155781621694191 0.114871497488732 0.105665626233025 0.0869004781183502 0.0704037424822539 0.0691019867371588 0.0754075222378996
-3.4e+38 -3.4e+38 -3.4e+38 -3.4e+38 -3.4e+38 -3.4e+38 -3.4e+38 -3.4e+38 -3.4e+38 -3.4e+38 -3.4e+38 -3.4e+38 -3.4e+38 -3.4e+38 -3.4e+38 -3.4e+38 -3.4e+38 -3.4e+38 -3.4e+38 -1.23761298471299 -1.11985660589166 -1.02679913150139 -1.030670952663 -0.937244690484724 -0.557604999023165 -0.421435417094182 -0.305827347299129 -0.219719340937103 0.00557305698424673 0.271362394259399 0.788371009867786 0.836429343059469 0.627169910481956 0.496992883537028 0.549697293135919 0.406872270122083 0.36202791654569 0.334539372340454 0.334151478760856 0.288764117248649 0.253335055636331 0.224657639826694 0.198999902415563 0.180544951154609 0.159094607612661 0.128714495189975 0.113662922693 0.0745225135787855 0.0510428052059923 0.062335768148847 0.0683545552905956
-3.4e+38 -3.4e+38 -3.4e+38 -3.4e+38 -3.4e+38 -3.4e+38 -3.4e+38 -3.4e+38 -3.4e+38 -3.4e+38 -3.4e+38 -3.4e+38 -3.4e+38 -3.4e+38 -3.4e+38 -3.4e+38 -3.4e+38 -3.4e+38 -1.18298530066743 -1.24995837526768 -1.18102273160889 -1.21625433674401 -1.09437308443612 -0.988330585747895 -0.566711911090442 -0.377243879735763 -0.295955945057982 -0.189973497006624 -0.114299899049713 0.316125567834815 0.810577442788096 0.841945121484836 0.814814757648213 0.73423431276067 0.645475071394701 0.417469241144032 0.402187662768805 0.346241349986942 0.363020162931644 0.326781628991952 0.247231035727054 0.273152217851091 0.222236022768693 0.18960797067848 0.162319000463329 0.141959392353864 0.117995797408178 0.102844523578043 0.210091285276121 0.106581696395228 0.23067141691986
-3.4e+38 -3.4e+38 -3.4e+38 -3.4e+38 -3.4e+38 -3.4e+38 -3.4e+38 -3.4e+38 -3.4e+38 -3.4e+38 -3.4e+38 -3.4e+38 -3.4e+38 -3.4e+38 -3.4e+38 -3.4e+38 -3.4e+38 -3.4e+38 -1.20695022839008 -1.27603366926783 -1.30875547252915 -1.26793693211602 -1.07992181006644 -0.875444009372455 -0.513252185691883 -0.369368958666442 -0.283723077826147 -0.285977455589625 -0.158385549071944 0.0364360667825146 0.142594181265826 0.873848327170535 0.843047145304039 0.807629846722259 0.649112795627711 0.432393884040457 0.397863977036366 0.372967064728595 0.372694141834484 0.329208038481578 0.272435317425675 0.289961336691969 0.222918676070384 0.183980976927966 0.291288906951779 0.277583786689247 0.250988697845013 0.256477136694095 0.225770055649538 0.141894377723736 0.231515436921772
-3.4e+38 -3.4e+38 -3.4e+38 -3.4e+38 -3.4e+38 -3.4e+38 -3.4e+38 -3.4e+38 -3.4e+38 -3.4e+38 -3.4e+38 -3.4e+38 -3.4e+38 -3.4e+38 -3.4e+38 -3.4e+38 -3.4e+38 -3.4e+38 -1.24081619837481 -1.31569532553254 -1.27570980966515 -1.27530603439841 -1.26154814736256 -1.03780569346183 -0.820818805652532 -0.444155148600154 -0.351270406336154 -0.310741537114942 -0.178533904261346 -0.00784340579904358 0.722412286506148 0.957507311642364 0.807834827007695 0.867122036828584 0.623485835048435 0.508443727667507 0.424385813890025 0.381790498657284 0.369297769204681 0.325880375174414 0.298665441292971 0.260427862701638 0.27144473874813 0.191794687909957 0.304219158432498 0.285668478878253 0.280534273653013 0.27078462955315 0.27705236403219 0.257683359803002 0.235563169815802
-3.4e+38 -3.4e+38 -3.4e+38 -3.4e+38 -3.4e+38 -3.4e+38 -3.4e+38 -3.4e+38 -3.4e+38 -3.4e+38 -3.4e+38 -3.4e+38 -3.4e+38 -3.4e+38 -3.4e+38 -3.4e+38 -3.4e+38 -3.4e+38 -1.19215309250313 -1.24761632816471 -1.23879608177981 -1.24418450152472 -1.12627446355517 -1.01750355301559 -0.823321896030179 -0.536235899187537 -0.453187643998253 -0.39956011357606 -0.316325310688097 -0.0848502970581609 0.543819434134719 0.871435585059492 1.02594111419241 0.991940519860377 0.674282030230796 0.547146483216357 0.442100964208111 0.389150269481318 0.367799554481752 0.321995444692024 0.288986204206214 0.267982978789424 0.265821464377077 0.273482384525028 0.278729658648026 0.280401303584083 0.283202814921586 0.27156574391557 0.324320781480877 0.277615429395296 0.266155814758973
-3.4e+38 -3.4e+38 -3.4e+38 -3.4e+38 -3.4e+38 -3.4e+38 -3.4e+38 -3.4e+38 -3.4e+38 -3.4e+38 -3.4e+38 -3.4e+38 -3.4e+38 -3.4e+38 -3.4e+38 -3.4e+38 -3.4e+38 -3.4e+38 -1.15354966559804 -1.18548980704316 -1.16340178739001 -1.24274978830277 -1.08930571209842 -0.886275341022184 -0.793886660575362 -0.575876485126409 -0.479200306073099 -0.477453753225251 -0.294357154559163 -0.0830527110257797 0.521910543336366 0.819604305347281 1.05281534033738 0.947751784889325 0.769822665298296 0.562129880681343 0.45022512847496 0.389985339357691 0.362124684168925 0.318507361490065 0.342545290840468 0.399645989343884 0.37745274253017 0.334979412943128 0.280674818471948 0.287221842989773 0.295843978963682 0.305008824787578 0.31287260382779 0.272963749475624 0.28142253238763
-3.4e+38 -3.4e+38 -3.4e+38 -3.4e+38 -3.4e+38 -3.4e+38 -3.4e+38 -3.4e+38 -3.4e+38 -3.4e+38 -3.4e+38 -3.4e+38 -3.4e+38 -3.4e+38 -3.4e+38 -3.4e+38 -3.4e+38 -3.4e+38 -1.1401028752871 -1.13206484176122 -1.16225039560214 -1.10875791969139 -0.951152603405419 -0.758314076870386 -0.708177060803714 -0.632933517915109 -0.456706726259631 -0.347404821947088 -0.2614558081518 -0.262781415057762 0.518823716499132 0.805137463610353 0.902082513867044 0.793641151859985 0.815784214505564 0.550486128942885 0.479497436806469 0.417835871002039 0.381245422143236 0.372791950254491 0.55453531515504 0.384354960608204 0.367787640340537 0.388061987858211 0.27358444659542 0.295105479255949 0.308845616592496 0.305091189198395 0.283467882219757 0.285705834093563 0.302246717789189
-3.4e+38 -3.4e+38 -3.4e+38 -3.4e+38 -3.4e+38 -3.4e+38 -3.4e+38 -3.4e+38 -3.4e+38 -3.4e+38 -3.4e+38 -3.4e+38 -3.4e+38 -3.4e+38 -3.4e+38 -3.4e+38 -3.4e+38 -3.4e+38 -3.4e+38 -1.19304026156232 -1.13647426933501 -1.10472667654166 -0.924459929559655 -0.798910437349283 -0.688133916296462 -0.717529473657374 -0.502096444841931 -0.348366959144762 -0.198202501400694 -0.362694786670975 0.514586346847718 0.854521929563091 1.18096460760889 0.831460250301852 0.714189677619955 0.5343697498468 0.453133212753335 0.452422575017551 0.518396300939078 0.460434043326254 0.495384048454086 0.393146022939455 0.409789228132516 0.368295205482631 0.315668276091142 0.355417761319496 0.320493229245741 0.309367506578418 0.295116824164664 0.304002387178053 0.329353926540449
-3.4e+38 -3.4e+38 -3.4e+38 -3.4e+38 -3.4e+38 -3.4e+38 -3.4e+38 -3.4e+38 -3.4e+38 -3.4e+38 -3.4e+38 -3.4e+38 -3.4e+38 -3.4e+38 -3.4e+38 -3.4e+38 -3.4e+38 -3.4e+38 -3.4e+38 -1.15863470878784 -1.17874944532818 -1.19884548211987 -1.02326802574096 -0.816945611890747 -0.694274888970488 -0.689751187004206 -0.646874725340657 -0.655406470075279 -0.342791023517782 -0.347626573837131 0.539858376863399 0.915732306124964 1.22017886951386 1.07846769270509 0.744835577194077 0.575102321108907 0.457707790766086 0.45194707551724 0.388999331040283 0.452509104289987 0.372380337964686 0.426213711185208 0.434503606531044 0.387818633927543 0.31634097729841 0.377129345329033 0.320627467074508 0.31641422607029 0.313395093102831 0.313024271116869 0.335769936820092
-3.4e+38 -3.4e+38 -3.4e+38 -3.4e+38 -3.4e+38 -3.4e+38 -3.4e+38 -3.4e+38 -3.4e+38 -3.4e+38 -3.4e+38 -3.4e+38 -3.4e+38 -3.4e+38 -3.4e+38 -3.4e+38 -3.4e+38 -3.4e+38 -3.4e+38 -1.08525864984236 -1.18376255172235 -1.21407982432652 -1.12527835658447 -0.96698990044425 -0.810380332560338 -0.711951999199055 -0.73262153531276 -0.647218867813814 -0.410365679872857 -0.456794618345006 0.772121752010719 0.941243160720401 1.24742364283363 1.23646619943476 0.909711895766422 0.658798640522105 0.507890330265607 0.471614497350398 0.42554003036576 0.36991667531005 0.47484971444384 0.47820056759338 0.467028611810371 0.434534136828973 0.350579214610648 0.344200193619931 0.393217051947947 0.420159692366775 0.354364132978642 0.32999545383004 0.356726870945194
-3.4e+38 -3.4e+38 -3.4e+38 -3.4e+38 -3.4e+38 -3.4e+38 -3.4e+38 -3.4e+38 -3.4e+38 -3.4e+38 -3.4e+38 -3.4e+38 -3.4e+38 -3.4e+38 -3.4e+38 -3.4e+38 -3.4e+38 -3.4e+38 -3.4e+38 -1.04529869873391 -1.08101247893515 -1.11336393726041 -1.15654612745316 -1.01555455626093 -0.970223748091711 -0.803292487163556 -0.689505914782995 -0.397339541153054 -0.579906462837004 -0.559335532231799 -0.307542883371843 0.953989243862202 1.27401882762193 1.2623323721526 0.912379852452425 0.652935369531418 0.524620227100534 0.504838162952656 0.619281750324844 0.579968115033476 0.508231583552825 0.483676706028393 0.445858083917392 0.46494592722809 0.393959879298426 0.365276171434015 0.381076548172607 0.0607564651878306 0.437548865211904 0.354239579892335 0.39324160624341
-3.4e+38 -3.4e+38 -3.4e+38 -3.4e+38 -3.4e+38 -3.4e+38 -3.4e+38 -3.4e+38 -3.4e+38 -3.4e+38 -3.4e+38 -3.4e+38 -3.4e+38 -3.4e+38 -3.4e+38 -3.4e+38 -3.4e+38 -3.4e+38 -3.4e+38 -1.08042365819935 -1.09326642543386 -1.00251714511929 -0.968542410851078 -0.973524702218844 -0.930676365164119 -0.887699197477126 -0.829128309401764 -0.395270266008877 -0.501971420535186 -0.588757562590134 -0.467229267446443 1.15982447892651 1.20737158570435 1.1827342364465 0.817323374058567 0.638383033400486 0.533011059772723 0.505111526006597 0.611337400263118 0.555196650835553 0.526265047040137 0.48241149156762 0.487227747398787 0.461805670736431 0.412937176062878 0.412514817771686 0.40280278642823 0.471845160871407 0.43882537316508 0.392794310267966 0.423769734863485
-3.4e+38 -3.4e+38 -3.4e+38 -3.4e+38 -3.4e+38 -3.4e+38 -3.4e+38 -3.4e+38 -3.4e+38 -3.4e+38 -3.4e+38 -3.4e+38 -3.4e+38 -3.4e+38 -3.4e+38 -3.4e+38 -3.4e+38 -3.4e+38 -3.4e+38 -1.05817336961281 -1.07993008348172 -1.15145311537063 -1.07501983145287 -0.999264913605287 -0.935859299561484 -0.890566277671215 -0.83262683917024 -0.961811293869451 -0.77015434665135 -0.562629437658964 -0.436572820327797 0.250000562849744 1.18319806062323 1.2035849926426 0.843994950101593 0.605743782071694 0.141912146072732 0.511578337854039 0.595052033787527 0.548021780022802 0.519368124740269 0.519592004442265 0.520486866794167 0.504776913404568 0.46615089643905 0.450672994272219 0.443693399765336 0.440209535092074 0.428556017347654 0.408199435477845 0.446585287525683
-3.4e+38 -3.4e+38 -3.4e+38 -3.4e+38 -3.4e+38 -3.4e+38 -3.4e+38 -3.4e+38 -3.4e+38 -3.4e+38 -3.4e+38 -3.4e+38 -3.4e+38 -3.4e+38 -3.4e+38 -3.4e+38 -3.4e+38 -3.4e+38 -3.4e+38 -3.4e+38 -1.13153951335573 -1.18839394827501 -1.23498035652924 -1.03757962977651 -0.848508081184903 -0.9423024657154 -0.884368929358584 -0.863706609304261 -0.877909149425616 -0.701948606429186 -0.66962292240854 -0.381556568649449 1.18516192645842 1.25301298450174 0.889093574038293 0.622348341170675 0.150827809342127 0.513404157379979 0.581146041467474 0.555327918262351 0.553800258383238 0.533088488867165 0.516529104919615 0.528442634660646 0.512961866209518 0.482137586306574 0.477601973602625 0.454800266006217 0.44283015028686 0.428163222667065 0.455943784475677
-3.4e+38 -3.4e+38 -3.4e+38 -3.4e+38 -3.4e+38 -3.4e+38 -3.4e+38 -3.4e+38 -3.4e+38 -3.4e+38 -3.4e+38 -3.4e+38 -3.4e+38 -3.4e+38 -3.4e+38 -3.4e+38 -3.4e+38 -3.4e+38 -3.4e+38 -3.4e+38 -1.1289636493848 -1.05517591889304 -1.22313261112656 -1.0770629770129 -0.942323342258651 -0.96755194284574 -0.958025405670226 -0.668186192605241 -0.738657240426794 -0.679476465819003 -0.705540928464512 0.97279185307209 1.22909156212201 1.2063458936002 0.804716028680882 0.596220561650556 0.563901617251736 0.532148710785281 0.459064136058266 0.576258314716442 0.585007075856189 0.569214070959107 0.55583451966583 0.551767318752933 0.575012871601091 0.503411821112649 0.509766376874571 0.493950108223575 0.462366772521704 0.45328480183534 0.468314801492055
-3.4e+38 -3.4e+38 -3.4e+38 -3.4e+38 -3.4e+38 -3.4e+38 -3.4e+38 -3.4e+38 -3.4e+38 -3.4e+38 -3.4e+38 -3.4e+38 -3.4e+38 -3.4e+38 -3.4e+38 -3.4e+38 -3.4e+38 -3.4e+38 -3.4e+38 -1.01738566880342 -1.11760259416872 -1.16433702354582 -1.30833154312751 -1.33878175634759 -1.16313076842893 -0.981872383950483 -0.973053334717446 -0.854433440444301 -0.84264952896504 -0.87192453679588 -0.817642160927678 -0.47855784581445 1.15546179932241 1.2469932263057 0.804692811057317 0.570485429216091 0.554914670305733 0.52942623857058 0.611785422209689 0.609554691149451 0.604290192640877 0.602541673460607 0.601616351296078 0.586424306022886 0.568955579399817 0.554822194902234 0.539355856515854 0.533678499024986 0.498039232461969 0.486098793997262 0.538161078557403
-3.4e+38 -3.4e+38 -3.4e+38 -3.4e+38 -3.4e+38 -3.4e+38 -3.4e+38 -3.4e+38 -3.4e+38 -3.4e+38 -3.4e+38 -3.4e+38 -3.4e+38 -3.4e+38 -3.4e+38 -3.4e+38 -3.4e+38 -3.4e+38 -3.4e+38 -1.01906553647631 -1.12986353919608 -1.18189245940075 -1.29294411508709 -1.17890060997814 -1.08661542421267 -0.906517592989176 -0.998894006436947 -0.938054946694203 -0.902689708567271 -0.950775301878222 -0.7142189816321 -0.666019394677834 1.02772555053179 1.15405775128611 0.833738541133503 0.580731189088066 0.563137114265639 0.535213253704405 0.643759491814016 0.652129027103467 0.64639428158574 0.649717937241248 0.649900654513291 0.647754723510173 0.628844399784288 0.601061301189987 0.582029293064503 0.567290118063735 0.541380466179109 0.531912470416467 0.599639989107454
-3.4e+38 -3.4e+38 -3.4e+38 -3.4e+38 -3.4e+38 -3.4e+38 -3.4e+38 -3.4e+38 -3.4e+38 -3.4e+38 -3.4e+38 -3.4e+38 -3.4e+38 -3.4e+38 -3.4e+38 -3.4e+38 -3.4e+38 -3.4e+38 -1.00562947325289 -1.07614190204414 -1.16149948275455 -1.15676268948672 -1.35542234424873 -1.48623637648685 -1.0317713378898 -0.996899446956883 -0.907310412959079 -0.708913333889849 -0.834409798410418 -0.895359384015558 -0.565196590948288 -0.612951669142125 0.758695518731701 1.07377148004343 0.884059665533028 0.673157506362142 0.593073969450657 0.54881106041618 0.682401211688997 0.677638766703513 0.681563881082638 0.711563533049295 0.709687569381273 0.692307015917404 0.707009967718972 0.659158234291566 0.612092169531469 0.605386718376412 0.574208389773976 0.579711323674637 0.65007461632889
-3.4e+38 -3.4e+38 -3.4e+38 -3.4e+38 -3.4e+38 -3.4e+38 -3.4e+38 -3.4e+38 -3.4e+38 -3.4e+38 -3.4e+38 -3.4e+38 -3.4e+38 -3.4e+38 -3.4e+38 -3.4e+38 -3.4e+38 -3.4e+38 -1.09288845394213 -1.14303275109157 -1.21539894908561 -1.26320163162261 -1.33339513389852 -1.52734712461451 -1.28038449337548 -1.02768315938514 -0.847343590251176 -0.856760076023187 -0.83695021426903 -0.759774509556683 -0.741656612671384 -0.754524882672603 1.05072619428113 1.11002894332302 0.891199857874276 0.747901062426821 0.647416666356952 0.625424451532004 0.748646732994527 0.747513302298554 0.747765069750965 0.761493891584395 0.769787890424767 0.762325925597944 0.752820739753123 0.698566581178315 0.663322226530787 0.64276802708081 0.620836267037052 0.608338879788654 0.647628380308278
