data/pcas/pcas_can_585/pca_referenceLayers_can_585/PC08.asc
NCOLS 494 
NROWS 529 
XLLCORNER -117.166666666667 
YLLCORNER -55.5 
CELLSIZE 0.166666666666667 
NODATA_value -3.4e+38 
[rows 44 to 65 of 529, columns 51 to 101 of 494]
-3.4e+38 -3.4e+38 -0.406001884424749 -0.39079685258625 -0.543818727853151 -0.603816646893568 -0.636218754737534 -0.699194233325297 -0.618107091556154 -0.519465594672398 -0.381608147727829 -0.287588801252799 -0.213570190353383 -0.24159494737213 -0.144814259504703 0.151297517915565 0.127556947986357 -0.101146632524966 -0.217625217466998 -0.26269461724961 -0.268223823166167 -0.229938671590005 -0.301286571835452 -0.339531748581581 -0.389820919329264 -0.376424715274939 -0.39958509883573 -0.389871070757576 -0.410408552106135 -0.40407336024851 -0.318674258803016 -0.242494269381882 -0.20559312875921 -0.131829642145185 -0.105247212164024 -0.074455509849028 -0.0657584510859667 -0.0852235783969724 -0.0953098335199541 -0.0671371690164905 -0.0574155439258926 -0.021557261671687 0.00795587716583951 0.0120800126022851 0.00750576366519667 0.0875265444694374 0.176462184072668 0.207757540228357 0.221300723289837 0.399724463454794 0.312793538672568
-3.4e+38 -3.4e+38 -3.4e+38 -3.4e+38 -0.423909206235832 -0.488590934008647 -0.579407051692149 -0.673054015794913 -0.641837513422201 -0.530168644745165 -0.453552085566652 -0.39647125472472 -0.332633132434938 -0.0908478961572052 -0.0870855279460668 0.189040815610569 0.173319180941223 0.12434754445896 -0.0385377561134786 -0.250700065049123 -0.232257206177642 -0.205531410496552 -0.230761240923993 -0.322722477360237 -0.418180273373462 -0.447213217352996 -0.452995328428568 -0.444652373941068 -0.465207284901933 -0.446988968433057 -0.381286923306713 -0.262550172433205 -0.201505994063273 -0.145589161301414 -0.107047038810461 -0.103375585980841 -0.118459059819965 -0.107490259342252 -0.0976309174738469 -0.0720286855906651 -0.0800691968512808 -0.02906977402411 0.0497976507208958 0.0922027975040882 0.137102375828695 0.164189927749885 0.21726154391731 0.263911505474018 0.459048513197574 0.444456417616966 0.43488106029549
-3.4e+38 -3.4e+38 -3.4e+38 -0.4709333630991 -0.417211835171907 -0.420839973415178 -0.431894297709745 -0.589157356720864 -0.648213839705268 -0.683892427046321 -0.628935802327117 -0.42212252760044 -0.318320591781664 -0.385361714339192 -0.301004397050386 -0.0173547567423116 0.206839296493053 0.12349263756717 0.0750992209977291 -0.12423246514747 -0.114521790436631 -0.257187108434292 -0.261187620002224 -0.310693520383008 -0.42000375814789 -0.468079958932136 -0.474751861992237 -0.494778954500608 -0.49846939830052 -0.501125430339017 -0.430653604860026 -0.32086569789535 -0.217039604349738 -0.177899369868388 -0.11419941510826 -0.117824938612482 -0.128605818791381 -0.0902335338936221 -0.086990529546256 -0.0578085899660351 -0.036392855118516 0.00573409410969761 0.0309672383749777 0.0666967084325542 0.122223549181584 0.192657629819552 0.244107173439103 0.292661642829392 0.504163818257563 0.549996738412372 0.444733354748061
-3.4e+38 -3.4e+38 -3.4e+38 -3.4e+38 -0.387674016793754 -0.349845935867363 -0.393771137217567 -0.481538145597041 -0.61154164249584 -0.664598160047595 -0.63693778391323 -0.55855394937831 -0.498671268660018 -0.611273852271811 -0.27619790198562 -0.0657169638205654 0.10303096676693 0.0896241299887666 0.0867662568570031 -0.070264382849886 -0.102870790984296 -0.119933165107475 -0.250063762372066 -0.305555170585462 -0.425385023038565 -0.46733109162416 -0.43766076506619 -0.510254729302023 -0.503759867221888 -0.484370839761335 -0.429619202494269 -0.348484914282708 -0.240342610445378 -0.168980718117965 -0.125014709573521 -0.0947345633557888 -0.0993556700788495 -0.0884358039825211 -0.0424349453990882 -0.00884878290358027 -0.0288756068147762 0.0291108749535048 0.0670247463710711 0.0763374455458795 0.120062184963994 0.171833966946986 0.437333884288097 0.475457200849854 0.551825829842725 0.579522739145484 0.5418643677557
-3.4e+38 -3.4e+38 -3.4e+38 -3.4e+38 -3.4e+38 -0.367190139299982 -0.351854933321915 -0.400804975536603 -0.496888801049062 -0.608994389688558 -0.642730630015212 -0.706517324007335 -0.596284454188848 -0.621067562617843 -0.484400406882963 -0.0722247912429889 0.0030357005515082 0.0532590517354608 0.0976605051882529 0.014364878436265 -0.0870215459007719 -0.0208641560532742 -0.193825150423382 -0.359274997913148 -0.36598554513364 -0.44979049335028 -0.375985350893639 -0.489927672206995 -0.311827543524451 -0.463351542416342 -0.417233195659902 -0.363854054882059 -0.283813775217661 -0.228856737462908 -0.175892039053914 -0.121785244017442 -0.0956066808517911 -0.0860231810568508 -0.0691196732825461 -0.00338750889723816 -0.00709082203768979 0.260010287037529 0.0930044718013517 0.133486615656313 0.359860859929451 0.20735063216837 0.430454384785294 0.498124852243391 0.547808269103806 0.609725048675225 0.583651288107909
-3.4e+38 -3.4e+38 -3.4e+38 -3.4e+38 -3.4e+38 -3.4e+38 -3.4e+38 -0.333472209649117 -0.341226413600561 -0.52805427332912 -0.621211170289226 -0.628168721655482 -0.668727449020543 -0.436271411604019 -0.21180447963272 0.106808645057522 0.188102316581139 0.187417150958956 0.144627185871328 0.0801700306722814 -0.0294167748577787 -0.0299832152457262 -0.11483085387302 -0.351095442531212 -0.439762630276308 -0.456408020575206 -0.451146665967014 -0.492911911641029 -0.463451425393314 -0.423251639727282 -0.395001719128962 -0.350578907635168 -0.330169208181461 -0.285524684180115 -0.227255480578376 -0.160852370040388 -0.122870871754859 -0.0971846075614975 -0.0668786968124173 -0.0366917438853647 -0.017891957404936 0.0243584768178157 0.0798693034061344 0.353100592701177 0.350724228113073 0.411801306818521 0.452069546894816 0.434934991636825 0.442536250771626 0.555070722633869 0.551592892047134
-3.4e+38 -3.4e+38 -3.4e+38 -3.4e+38 -3.4e+38 -3.4e+38 -3.4e+38 -3.4e+38 -0.347109020687075 -0.421323789140781 -0.552304689518967 -0.662013591675185 -0.640311230200081 -0.486485628548911 -0.509403106268622 -0.0157560931393744 0.0378025881064808 0.00760395645912415 0.101011889092947 0.101339181108465 0.0154620924290573 -0.0372886791473932 -0.102032179687124 -0.355314199005486 -0.467973072281795 -0.503373760848148 -0.500222176183969 -0.469414189219386 -0.379420490958541 -0.360259123738155 -0.378217009542991 -0.36593115309649 -0.354422909872604 -0.333047206894078 -0.264472490936846 -0.203115859732097 -0.156484787329018 -0.108548006593032 -0.0865564047777564 -0.0650127704525845 -0.0301017272119102 0.000606483119444057 0.07885844492719 0.326123867957348 0.364136745891802 0.42428530291667 0.406905357505594 0.39509481074333 0.441224733695155 0.447446098549895 0.447186697053439
-3.4e+38 -3.4e+38 -3.4e+38 -3.4e+38 -3.4e+38 -3.4e+38 -3.4e+38 -3.4e+38 -3.4e+38 -3.4e+38 -0.446944022093009 -0.567548513869288 -0.669970361416516 -0.645833882448319 -0.630175110175245 -0.603964194844865 -0.51201449720503 0.0970616089074318 0.11190712984269 0.075242919085576 0.0500945258931773 0.00762926052553425 -0.120083284858405 -0.316477511153601 -0.427273878354639 -0.459487613645732 -0.474359281304206 -0.426283390982146 -0.340198949724563 -0.302281699358636 -0.319669033012733 -0.370856822344126 -0.356536189914776 -0.34112193139728 -0.304647985707954 -0.235982190743191 -0.18163311422138 -0.142499068939982 -0.112313875882672 -0.0817489262216798 -0.0570203795996969 -0.0121064374303698 0.275430683848235 0.330597135743407 0.390042288022424 0.435715040701359 0.396222253960468 0.411311021421245 0.423111646734244 0.368087876383896 0.395749903668054
-3.4e+38 -3.4e+38 -3.4e+38 -3.4e+38 -3.4e+38 -3.4e+38 -3.4e+38 -3.4e+38 -3.4e+38 -3.4e+38 -3.4e+38 -0.501538527058134 -0.579494182685774 -0.672159015337444 -0.630600808000171 -0.373025003586357 -0.350030544627626 -0.347828430387066 -0.00869599204293633 0.0903589566471645 0.0503978588569609 -0.00938102590110859 -0.0953548296544149 -0.267447034037467 -0.384203137323304 -0.408995208796829 -0.461696300961785 -0.39796900578551 -0.328931106587428 -0.288982570626274 -0.302268801965698 -0.369601078923287 -0.344974303750698 -0.321352231788302 -0.280302204262307 -0.246404995213584 -0.201463173001934 -0.156438675871671 -0.109846603762733 -0.0982413822935495 -0.0822256815026859 -0.045188801860328 0.0213239774304451 0.296834105042393 0.364895785835144 0.39048164029402 0.391550554992695 0.355132575174392 0.338719709658841 0.318162779892174 0.430723877170182
-3.4e+38 -3.4e+38 -3.4e+38 -3.4e+38 -3.4e+38 -3.4e+38 -3.4e+38 -3.4e+38 -3.4e+38 -3.4e+38 -3.4e+38 -0.439361216579443 -0.504720383455847 -0.601735155246477 -0.52597243335222 -0.525773872585053 -0.553915737041689 -0.208401022949277 0.156987765203121 0.187711605957284 0.0337747810430233 0.015754298119594 0.00240343822509251 -0.16362727821823 -0.221206449555613 -0.377041221994656 -0.431811366624662 -0.381607090008916 -0.364108496060348 -0.318948466296463 -0.317785918600111 -0.344382330580478 -0.337808813155255 -0.309235642332586 -0.297612149560337 -0.254707231466656 -0.187818510590516 -0.142777038937318 -0.134294141685359 -0.119564531692685 -0.0847704814330848 -0.0504081510961362 0.000508231298004258 0.283832136846811 0.314840386051001 0.343656998910674 0.335890744014653 0.305400276049613 0.239609555844844 0.270616728105929 0.277083885596119
-3.4e+38 -3.4e+38 -3.4e+38 -3.4e+38 -3.4e+38 -3.4e+38 -3.4e+38 -3.4e+38 -3.4e+38 -3.4e+38 -3.4e+38 -3.4e+38 -0.461463995856542 -0.498479812818862 -0.606525465254659 -0.665806974585913 -0.367376570946776 -0.214708888643723 -0.18317916565965 0.00387860271391985 -0.130284167347067 0.103296796978757 0.073735642449202 -0.0676849903726197 -0.168205523553303 -0.397792866459445 -0.370096934650577 -0.346938651235458 -0.37088302968365 -0.348232326071444 -0.322175317933294 -0.340543317382249 -0.313386215257861 -0.302795794203526 -0.27961329068242 -0.252807395312253 -0.224718859079834 -0.178694082718186 -0.140816613686654 -0.091430087037712 -0.0577706928507725 -0.0261162864289399 0.0132885755864796 0.26007110894095 0.281284948363194 0.295198148112221 0.300583822769967 0.271517754064306 0.18605665983049 0.210773967915758 0.265132790903571
-3.4e+38 -3.4e+38 -3.4e+38 -3.4e+38 -3.4e+38 -3.4e+38 -3.4e+38 -3.4e+38 -3.4e+38 -3.4e+38 -3.4e+38 -3.4e+38 -3.4e+38 -0.510735740129268 -0.600026685949848 -0.62642540150617 -0.457088974614293 -0.451503434803582 -0.376064479419186 -0.129621443790981 -0.247729465806963 -0.221666231149957 0.0580413789303053 -0.0293484201357563 -0.179123118189519 -0.356780588851901 -0.284979915693261 -0.308019819318712 -0.367205386187232 -0.333002803216487 -0.321894774791102 -0.322976811995649 -0.331383210038621 -0.312859863798392 -0.288368447106688 -0.267691402743784 -0.248421055777574 -0.228574172400613 -0.163213523527702 -0.107989414003452 -0.0499766059428049 0.0289643778646761 0.0549760449753386 0.258563574723271 0.257095483831879 0.26744815965596 0.283207302243902 0.206112430295169 0.157567681055395 0.229165422007165 0.198611123589704
-3.4e+38 -3.4e+38 -3.4e+38 -3.4e+38 -3.4e+38 -3.4e+38 -3.4e+38 -3.4e+38 -3.4e+38 -3.4e+38 -3.4e+38 -3.4e+38 -3.4e+38 -3.4e+38 -0.580763980209394 -0.632325383874465 -0.666818372090024 -0.509742571281934 -0.551271322098115 -0.29520592691475 -0.459456271811169 -0.222695544295682 -0.120204168671735 -0.13798886678334 -0.305944878705689 -0.338807596916707 -0.284249328671452 -0.314162191227161 -0.303630939188628 -0.341252724051008 -0.323930597226751 -0.326628659973133 -0.332455885251709 -0.32126297058016 -0.308432389936143 -0.273324773019285 -0.284214760846077 -0.256751908725486 -0.172304073517194 -0.131199701359777 -0.0409706366112504 0.033002133750442 0.260702358544109 0.246315400679721 0.197044899650027 0.219270303712024 0.231139414927045 0.227090352183574 0.301178767049184 0.182563572176212 0.198632245752267
-3.4e+38 -3.4e+38 -3.4e+38 -3.4e+38 -3.4e+38 -3.4e+38 -3.4e+38 -3.4e+38 -3.4e+38 -3.4e+38 -3.4e+38 -3.4e+38 -3.4e+38 -3.4e+38 -3.4e+38 -0.607488010826299 -0.661150725442763 -0.725619067498977 -0.687933014676666 -0.324475919603238 -0.399286458620847 -0.368234312389149 -0.361441961883325 -0.310077401756281 -0.276893831287701 -0.274045995714834 -0.23247205050685 -0.322638192299352 -0.318717034117995 -0.339977150594359 -0.32811704645116 -0.317263411807349 -0.320484730672828 -0.346678950335322 -0.325792893820696 -0.294885861109374 -0.276734803062466 -0.241898518414261 -0.193058399427054 -0.149912754582002 -0.0745821873537159 -0.0204051642743865 0.244719496726008 0.209422387549755 0.1780929409877 0.145931822851668 0.164244980353013 0.173654156894135 0.296587820195652 0.171909688633317 0.173506163092243
-3.4e+38 -3.4e+38 -3.4e+38 -3.4e+38 -3.4e+38 -3.4e+38 -3.4e+38 -3.4e+38 -3.4e+38 -3.4e+38 -3.4e+38 -3.4e+38 -3.4e+38 -3.4e+38 -3.4e+38 -3.4e+38 -0.637942369502957 -0.686650657531765 -0.741379349585417 -0.574756581589009 -0.514172372534977 -0.359686580360122 -0.40913831857296 -0.328116213701668 -0.360980114770177 -0.261275634183414 -0.241135971592466 -0.376661362968283 -0.312175369869248 -0.295625683861537 -0.272598235874165 -0.301201720870354 -0.33225657567835 -0.334280118640645 -0.340708271376141 -0.290585775303622 -0.30744696886795 -0.273674409173262 -0.237878617968771 -0.173160780550828 -0.133712008610596 -0.082211536140442 -0.0820101728988044 -0.0900433935600043 -0.129531080824978 0.0808443349076271 0.102002994388187 0.1200050050138 0.149177473257652 0.157561309807074 0.150481267356291
-3.4e+38 -3.4e+38 -3.4e+38 -3.4e+38 -3.4e+38 -3.4e+38 -3.4e+38 -3.4e+38 -3.4e+38 -3.4e+38 -3.4e+38 -3.4e+38 -3.4e+38 -3.4e+38 -3.4e+38 -3.4e+38 -3.4e+38 -0.637643244954247 -0.696665415298472 -0.649309777653218 -0.582463038640197 -0.368874731473216 -0.565207303685645 -0.409156802503076 -0.370220756770009 -0.380223154799951 -0.301193147638754 -0.497433763321428 -0.389035004654924 -0.310532387970159 -0.295618859732541 -0.326944447451966 -0.33830139997948 -0.338495677052106 -0.327724875319036 -0.310844961588025 -0.326746615133729 -0.280054038360173 -0.244130041291012 -0.185947276991194 -0.147336175987758 -0.134369002640049 -0.139881632388752 -0.131901115563463 -0.170674252419068 0.0420197701649937 0.0598420170574233 0.053700665527741 0.0534735424609876 0.0728600344949064 0.10916159081862
-3.4e+38 -3.4e+38 -3.4e+38 -3.4e+38 -3.4e+38 -3.4e+38 -3.4e+38 -3.4e+38 -3.4e+38 -3.4e+38 -3.4e+38 -3.4e+38 -3.4e+38 -3.4e+38 -3.4e+38 -3.4e+38 -3.4e+38 -3.4e+38 -0.699499869344793 -0.81720714578322 -0.659982118204792 -0.438665080697074 -0.514062938308958 -0.38855146151892 -0.506596322897087 -0.475729362642356 -0.316539114718907 -0.554701285322633 -0.455840241267374 -0.374507672495299 -0.362638387024028 -0.338774207791206 -0.335211036600904 -0.337750145245407 -0.362456238949296 -0.361174929453291 -0.310192195396378 -0.303101059580617 -0.25742526497427 -0.228932147246814 -0.183340738422431 -0.176265732226858 -0.162700500019461 -0.169238673108482 -0.188358615331748 -0.00386625754680392 0.00721294738144374 0.00522536883483943 -0.0206335021643583 -0.0114043344616699 0.040985478188179
-3.4e+38 -3.4e+38 -3.4e+38 -3.4e+38 -3.4e+38 -3.4e+38 -3.4e+38 -3.4e+38 -3.4e+38 -3.4e+38 -3.4e+38 -3.4e+38 -3.4e+38 -3.4e+38 -3.4e+38 -3.4e+38 -3.4e+38 -3.4e+38 -0.633372013335319 -0.757110664464988 -0.803588594629955 -0.56718293271296 -0.420592490603012 -0.445931303659485 -0.540941166333056 -0.60711991900071 -0.36592157627775 -0.544731252863388 -0.452891419635573 -0.483455777304751 -0.401946855489894 -0.391706880780074 -0.393723259336053 -0.405761760693945 -0.413575104589967 -0.337751604783053 -0.312553334695323 -0.329538086498401 -0.298139252667817 -0.278443309535439 -0.243823435992747 -0.210176054964185 -0.175568698582817 -0.190836765343019 -0.229737847604308 -0.0382205302472916 -0.021029727736442 -0.0254415244635061 -0.0450592362036861 -0.0512225579390077 -0.0224667554930708
-3.4e+38 -3.4e+38 -3.4e+38 -3.4e+38 -3.4e+38 -3.4e+38 -3.4e+38 -3.4e+38 -3.4e+38 -3.4e+38 -3.4e+38 -3.4e+38 -3.4e+38 -3.4e+38 -3.4e+38 -3.4e+38 -3.4e+38 -3.4e+38 -0.582650613697642 -0.700152788243327 -0.846097801034458 -0.672120097929914 -0.530543074574252 -0.314155773965975 -0.628357769402504 -0.616524080380641 -0.424242371870419 -0.517922999059108 -0.399061823829307 -0.526319903199389 -0.44554080569925 -0.431396059497036 -0.47985189125408 -0.404998720635642 -0.458204688368791 -0.37875129618971 -0.32250018662018 -0.370481547288975 -0.343155811082898 -0.303534876546408 -0.264787280369228 -0.239070745805361 -0.207070210803827 -0.211675933115419 -0.0528251694503107 -0.0431792848772122 -0.00845727524748735 -0.0197356491283597 -0.114902449013374 -0.0903905299588386 -0.0625554795277746
-3.4e+38 -3.4e+38 -3.4e+38 -3.4e+38 -3.4e+38 -3.4e+38 -3.4e+38 -3.4e+38 -3.4e+38 -3.4e+38 -3.4e+38 -3.4e+38 -3.4e+38 -3.4e+38 -3.4e+38 -3.4e+38 -3.4e+38 -3.4e+38 -0.681728432722353 -0.667650771022905 -0.833311160711803 -0.731526101763845 -0.695617944927437 -0.451235610581564 -0.629362378224205 -0.446001271247515 -0.621891607990414 -0.542067058832622 -0.387995621384384 -0.627169655101275 -0.570066717257304 -0.564963135519777 -0.531622136738148 -0.450459445289072 -0.492769513056627 -0.437822757630477 -0.399917377070065 -0.409749017988166 -0.352096739923711 -0.304227324040725 -0.319475232661374 -0.261992117854165 -0.253032950591936 -0.246992219592442 -0.0446760208086769 -0.0249717937899531 -0.0337382412320351 -0.0104166898590712 -0.0467449220018675 -0.164084590406313 -0.153842600688013
-3.4e+38 -3.4e+38 -3.4e+38 -3.4e+38 -3.4e+38 -3.4e+38 -3.4e+38 -3.4e+38 -3.4e+38 -3.4e+38 -3.4e+38 -3.4e+38 -3.4e+38 -3.4e+38 -3.4e+38 -3.4e+38 -3.4e+38 -3.4e+38 -3.4e+38 -0.629055209142361 -0.763305272840281 -0.893324575273571 -0.626132316909664 -0.763167944762501 -0.804427104074851 -0.581828466969786 -0.609264485874588 -0.628839737770188 -0.522180846562059 -0.575080601093629 -0.515684341135317 -0.565780666722686 -0.540842736228565 -0.467007721523339 -0.519109793363843 -0.46839293309108 -0.440778120302819 -0.420582946670201 -0.440141127911138 -0.353671067057524 -0.32554759972178 -0.310649862892537 -0.301713706140356 -0.294805157062387 -0.0659785885051856 -0.00466078088596944 -0.0211601705798196 -0.0347560118073985 -0.0446281122175552 -0.0901820370982148 -0.081087845550418
-3.4e+38 -3.4e+38 -3.4e+38 -3.4e+38 -3.4e+38 -3.4e+38 -3.4e+38 -3.4e+38 -3.4e+38 -3.4e+38 -3.4e+38 -3.4e+38 -3.4e+38 -3.4e+38 -3.4e+38 -3.4e+38 -3.4e+38 -3.4e+38 -3.4e+38 -0.662570171501572 -0.678031200614667 -0.771013636378705 -0.694531703890248 -0.680822965903316 -0.816893110423461 -0.475700268916604 -0.536015383811335 -0.675212210191682 -0.46598843308143 -0.703066899296681 -0.471888555508469 -0.477774821654018 -0.45698906094994 -0.504296466387473 -0.527389892742513 -0.477547018102592 -0.425091975102966 -0.474229825049806 -0.477260661546815 -0.372469770937733 -0.355064902018731 -0.333412465300311 -0.308745965480138 -0.285185607307726 -0.0649473921686176 -0.035227284464988 -0.059815037884158 -0.0593397984820885 -0.0913791368967499 -0.121272220745237 -0.146529851728337
