data/pcas/pcas_can_585/pca_referenceLayers_can_585/PC08.asc
NCOLS 494 
NROWS 529 
XLLCORNER -117.166666666667 
YLLCORNER -55.5 
CELLSIZE 0.166666666666667 
NODATA_value -3.4e+38 
[rows 396 to 417 of 529, columns 255 to 305 of 494]
-3.4e+38 -3.4e+38 -3.4e+38 -3.4e+38 -3.4e+38 -3.4e+38 -3.4e+38 -3.4e+38 -3.4e+38 -3.4e+38 -3.4e+38 -3.4e+38 -3.4e+38 -3.4e+38 -3.4e+38 -3.4e+38 -3.4e+38 -3.4e+38 -1.14109077155172 -1.22061648771212 -1.32866606268526 -1.4462275821153 -1.45876288346094 -1.6002914253787 -1.48154037141207 -1.09580317513711 -1.04984721085953 -1.01919533553764 -0.877866025218056 -0.491555106384347 -0.713049365387542 -0.821137969012867 0.894066174362912 1.05133137886654 0.88837742272839 0.789656013697258 0.743521912889807 0.674888287468712 0.784750171807969 0.7993740944552 0.806626332562026 0.832758351062061 0.845866661683388 0.82224290285117 0.79713560238586 0.760573452552227 0.707037694159003 0.696320355424108 0.677273120379295 0.664318068419149 0.684176314554163
-3.4e+38 -3.4e+38 -3.4e+38 -3.4e+38 -3.4e+38 -3.4e+38 -3.4e+38 -3.4e+38 -3.4e+38 -3.4e+38 -3.4e+38 -3.4e+38 -3.4e+38 -3.4e+38 -3.4e+38 -3.4e+38 -3.4e+38 -3.4e+38 -3.4e+38 -1.28826106280349 -1.39295783002296 -1.47288469567272 -1.57684606896411 -1.598383086967 -1.51123768479378 -1.19215147930724 -1.08887845528911 -0.969549562309304 -0.853844363654492 -0.878722682802481 -0.734534740885354 -0.842807046612372 0.867850400469122 1.02376882366271 0.901545257645824 0.861075852394484 0.833388532337915 0.753956121030778 0.837399316927696 0.851089013865991 0.863664264132807 0.875349595246377 0.87742716328173 0.86508413639222 0.843584070554084 0.805706084587618 0.75472910251891 0.766298591556603 0.767479522600835 0.719176062009542 0.732984596276401
-3.4e+38 -3.4e+38 -3.4e+38 -3.4e+38 -3.4e+38 -3.4e+38 -3.4e+38 -3.4e+38 -3.4e+38 -3.4e+38 -3.4e+38 -3.4e+38 -3.4e+38 -3.4e+38 -3.4e+38 -3.4e+38 -3.4e+38 -3.4e+38 -1.30998841342828 -1.42870264231034 -1.48267164098057 -1.48197410634228 -1.54946370769397 -1.58387163567126 -1.43839609222134 -1.12177258293866 -1.14047577825572 -0.989751707927333 -0.687489488837261 -0.913934993669309 -0.769574480959261 -0.796282315536568 0.911470716155456 0.798401634937041 0.942069498308765 0.971938077546039 0.882793753387348 0.809161006069212 0.907003503037897 0.893384013618357 0.911909803624951 0.906831607646002 0.89834429171026 0.890271575679016 0.877363427400976 0.849787938367345 0.810073299543523 0.792878792846279 0.782143803522224 0.762093943232175 0.762085470974774
-3.4e+38 -3.4e+38 -3.4e+38 -3.4e+38 -3.4e+38 -3.4e+38 -3.4e+38 -3.4e+38 -3.4e+38 -3.4e+38 -3.4e+38 -3.4e+38 -3.4e+38 -3.4e+38 -3.4e+38 -3.4e+38 -3.4e+38 -1.31280957649545 -1.4319378678504 -1.5287651113246 -1.51349741737026 -1.36484755185367 -1.30340555578223 -1.50539466682488 -1.31367888534214 -1.03489039041925 -1.06000284695614 -1.00787459333349 -0.876098743098573 -0.977151897442372 -0.984541648102036 -0.848437309209988 -0.95739448895255 0.910103095519651 1.06644527116493 1.07429387730555 0.947791412385231 0.852312373067846 0.957917579758979 0.942662091650096 0.945839762233083 0.938435893411448 0.929219989411084 0.904698394050542 0.89536197368831 0.873938591387819 0.844542381543716 0.825549777843103 0.805452613805032 0.806125147221589 0.80083217881817
-3.4e+38 -3.4e+38 -3.4e+38 -3.4e+38 -3.4e+38 -3.4e+38 -3.4e+38 -3.4e+38 -3.4e+38 -3.4e+38 -3.4e+38 -3.4e+38 -3.4e+38 -3.4e+38 -3.4e+38 -3.4e+38 -3.4e+38 -1.37467940666352 -1.50381182815462 -1.57160162526624 -1.57236761162451 -1.53854093806539 -1.33607616827878 -1.55283079898112 -1.34974704855969 -1.09271765012792 -0.971187594730257 -1.00366044634657 -0.895586439866067 -0.897343430327151 -0.845782518218481 -0.866961596088757 -0.95110289251658 0.932984772504812 1.2098799717891 1.11018898266042 1.01746133586645 0.915659451184517 1.00065216082929 0.98124863083687 0.962217282309473 0.95505425005689 0.95059382288106 0.931799250696747 0.921878169733321 0.897450876404331 0.881410945245955 0.85902295378307 0.830999301323859 0.829325302330754 0.836801343878253
-3.4e+38 -3.4e+38 -3.4e+38 -3.4e+38 -3.4e+38 -3.4e+38 -3.4e+38 -3.4e+38 -3.4e+38 -3.4e+38 -3.4e+38 -3.4e+38 -3.4e+38 -3.4e+38 -3.4e+38 -3.4e+38 -1.25084053081794 -1.41240902653552 -1.59506640087656 -1.62857269531301 -1.5418675812805 -1.54221899761885 -1.62617802913869 -1.58036909934047 -1.36161229274636 -1.19362522121105 -1.07853217745715 -0.870381502416964 -0.905655331531732 -0.922348134301056 -0.812986661095262 -0.883472599197393 -0.989840988745517 -0.15807684770591 1.16687768227467 1.15990086544085 1.04833570649419 0.972226564755905 1.04509877141443 1.0143629966171 0.986781246151116 0.984913478391543 0.97087461514329 0.953582595027322 0.943577365614613 0.91839717287238 0.896597188989106 0.872851116924382 0.84949427605678 0.860931393543497 0.851327925988589
-3.4e+38 -3.4e+38 -3.4e+38 -3.4e+38 -3.4e+38 -3.4e+38 -3.4e+38 -3.4e+38 -3.4e+38 -3.4e+38 -3.4e+38 -3.4e+38 -3.4e+38 -3.4e+38 -3.4e+38 -3.4e+38 -1.26877566530457 -1.467994764162 -1.57205678141622 -1.5800411244408 -1.55551324605565 -1.62359964764939 -1.63391572051821 -1.43449438063073 -1.13331201261577 -1.12855562766196 -1.11825635453643 -0.920698061490437 -0.957382959211414 -1.02161698301686 -0.825012983225537 -0.933809170949061 -0.999270968161897 -0.976339445309054 -0.143510417978104 1.20720905187375 1.0933889174825 1.15035324892517 1.08504512909887 1.05589572897589 1.02670863812398 1.01054147701426 0.975466492818285 0.957256601338616 0.963258124355321 0.943277220389073 0.916667490900447 0.891587129915884 0.882591410482315 0.89254616867797 0.873240858676958
-3.4e+38 -3.4e+38 -3.4e+38 -3.4e+38 -3.4e+38 -3.4e+38 -3.4e+38 -3.4e+38 -3.4e+38 -3.4e+38 -3.4e+38 -3.4e+38 -3.4e+38 -3.4e+38 -3.4e+38 -3.4e+38 -1.35266613637045 -1.45022738149792 -1.52743594533758 -1.55208094394425 -1.56884767154551 -1.56453317250677 -1.4989517850253 -1.19979593951489 -1.09204898174901 -0.941233393554952 -0.895123255362011 -0.895469784066175 -0.859966802298411 -1.01429467706914 -1.00819625373895 -1.02093978272043 -1.06394069921688 -0.205228396092658 0.737926340680295 1.23293772657699 1.12079742922299 1.20045469758631 1.12614593454368 1.08070459044818 1.05247243595631 1.01260240341178 0.984275386454955 0.968710726824794 0.960355307119047 0.942577394079089 0.942963512615778 0.915325532367817 0.903501168616159 0.896135592059532 0.903349263003008
-3.4e+38 -3.4e+38 -3.4e+38 -3.4e+38 -3.4e+38 -3.4e+38 -3.4e+38 -3.4e+38 -3.4e+38 -3.4e+38 -3.4e+38 -3.4e+38 -3.4e+38 -3.4e+38 -3.4e+38 -3.4e+38 -1.28475733677019 -1.42370719702523 -1.48234313759848 -1.53897782332653 -1.54680485483721 -1.53318520187187 -1.4839806976874 -1.29034059825824 -1.10096880078918 -1.03676308178849 -0.85328318459778 -1.01763410725543 -0.889994325122592 -0.963176833547379 -1.0474849633095 -1.07347198030313 -1.10249842955745 -1.08612250241508 -0.189030928507278 1.1696779258372 1.19829072471066 1.22098603383347 1.15072666935452 1.11006299243297 1.06844206866543 1.0301635899612 1.00998641365744 0.989121272721227 0.974842186838781 0.965404357458655 0.954072020521066 0.95175874856906 0.920672812666235 0.912897931617526 0.924706783886328
-3.4e+38 -3.4e+38 -3.4e+38 -3.4e+38 -3.4e+38 -3.4e+38 -3.4e+38 -3.4e+38 -3.4e+38 -3.4e+38 -3.4e+38 -3.4e+38 -3.4e+38 -3.4e+38 -3.4e+38 -1.13949428657667 -1.27196335193967 -1.3522419095832 -1.5022460075444 -1.54181072515396 -1.53715344349124 -1.5053584454012 -1.43648501910777 -1.15463260563332 -1.17135286711451 -1.07117240903414 -0.956095329863779 -0.916864108221161 -1.0212521572372 -1.12546296020095 -1.11902651771642 -1.16284208289125 -1.15516758108512 -1.12891397269372 -0.255166727467509 1.21153535114096 1.25654592365858 1.27460759924521 1.18161098103355 1.13159076649279 1.10346494382254 1.0421911262618 1.00853530517681 0.996701712228976 0.988831601147268 0.979239604513662 0.979899389712821 0.967082625399193 0.947934884067516 0.94371557861331 0.944445906428425
-3.4e+38 -3.4e+38 -3.4e+38 -3.4e+38 -3.4e+38 -3.4e+38 -3.4e+38 -3.4e+38 -3.4e+38 -3.4e+38 -3.4e+38 -3.4e+38 -3.4e+38 -3.4e+38 -3.4e+38 -1.13257552426212 -1.24868862080919 -1.34187640020658 -1.4658762861312 -1.49154830499398 -1.47683077135855 -1.45065522525113 -1.2597365716354 -1.2327719481334 -1.18762891994208 -1.09483712287155 -1.12254793973867 -1.00159482680676 -1.05603177511761 -1.19948402169492 -1.24726959393259 -1.2406166613887 -1.24299124520449 -1.2519270673537 -0.27923531049858 0.967527523888603 1.33161851836154 1.21758974510295 1.22436747275474 1.15512608802298 1.14170976812613 1.12026255371769 1.03442052162562 1.01772593352149 1.01186306254823 1.01133633920855 1.00244713196248 0.984482531792982 0.968819226992009 0.967121453761031 0.957554528424361
-3.4e+38 -3.4e+38 -3.4e+38 -3.4e+38 -3.4e+38 -3.4e+38 -3.4e+38 -3.4e+38 -3.4e+38 -3.4e+38 -3.4e+38 -3.4e+38 -3.4e+38 -3.4e+38 -0.978747052168432 -1.1297561380842 -1.21710697624615 -1.3258962941777 -1.36331822804867 -1.43528329174755 -1.41340337635054 -1.37329006713446 -1.25171174226699 -1.21069374528656 -1.06107956967163 -1.12077753023602 -1.14231544423217 -1.0429448189556 -1.02482794181146 -1.21587231067183 -1.28711522260717 -1.25841915304489 -1.26748141597067 -1.22188220237244 -0.28049836706992 -0.011103028396872 0.970282468793646 1.2534326312933 1.24965949331752 1.19535268164768 1.14684428310586 1.13128132182622 1.08037024369276 1.05863062276895 1.05015643240412 1.04088236555809 1.02966135739112 1.00821843241799 0.992725171470007 0.982456402546242 0.971654266533236
-3.4e+38 -3.4e+38 -3.4e+38 -3.4e+38 -3.4e+38 -3.4e+38 -3.4e+38 -3.4e+38 -3.4e+38 -3.4e+38 -3.4e+38 -3.4e+38 -3.4e+38 -0.856673921915797 -1.00666537378878 -1.13141160168908 -1.24434234880407 -1.32901098712469 -1.31929114387709 -1.36806752689032 -1.37568443751633 -1.28632114816669 -1.22511983098623 -1.17441160339873 -1.12854336531236 -1.0672422321266 -1.19379699278305 -1.00256466026779 -1.05523774626997 -1.2252513158155 -1.28599942413229 -1.31392801603604 -1.28396281594619 -1.23828776594133 -1.09829715227087 0.0501292417443684 1.02546021837012 1.29807261245033 1.30413554735234 1.2472128037877 1.19024915690757 1.13920205737927 1.11175341756526 1.09089843547702 1.0727947958694 1.06735579088516 1.05850867646592 1.04685817887968 1.02112270744418 0.991332368333766 0.978559570066643
-3.4e+38 -3.4e+38 -3.4e+38 -3.4e+38 -3.4e+38 -3.4e+38 -3.4e+38 -3.4e+38 -3.4e+38 -3.4e+38 -3.4e+38 -3.4e+38 -3.4e+38 -0.864039433862024 -1.01121424521525 -1.15106910034938 -1.23136898582981 -1.29449219114557 -1.25958685211871 -1.30772219795082 -1.31358776655131 -1.194760456601 -1.22301203938441 -1.06147722658888 -1.09831961993043 -1.04165139635161 -1.19915580206701 -1.14018958156313 -1.14481963354628 -1.22214415435495 -1.27028833160886 -1.29011329842529 -1.25700715049265 -1.23358890030001 -1.09762096761038 -0.990245095008679 -0.845045765526024 1.09972419371745 1.27290251465352 1.27982487510905 1.22805652991627 1.18297669157814 1.15877532670174 1.12693790667276 1.11396073160556 1.09880854828411 1.08100681298016 1.0616532965993 1.02967578353875 1.01277621958096 0.98723717259583
-3.4e+38 -3.4e+38 -3.4e+38 -3.4e+38 -3.4e+38 -3.4e+38 -3.4e+38 -3.4e+38 -3.4e+38 -3.4e+38 -3.4e+38 -3.4e+38 -3.4e+38 -0.91141072911637 -1.06043626022587 -1.19162821987849 -1.24711830754967 -1.26162288025576 -1.28152694989892 -1.26731258206166 -1.21801339237981 -1.25813113194643 -1.27026252306974 -1.24087895773814 -1.16422342074627 -1.10495828433476 -1.16374629900126 -1.27220136741985 -1.13006443702338 -1.17950386438419 -1.18617450654317 -1.22299014834205 -1.22490850464454 -1.26767932901756 -1.06230945753371 -0.956455611378201 -0.0593886451349395 1.0655497272464 1.05081912901192 1.3195599211324 1.27542153540161 1.21534653399202 1.18559910147635 1.15981882407541 1.14302960103548 1.11806293495549 1.09976546831384 1.08007740889672 1.04266431386262 1.02726313817437 0.987786793194246
-3.4e+38 -3.4e+38 -3.4e+38 -3.4e+38 -3.4e+38 -3.4e+38 -3.4e+38 -3.4e+38 -3.4e+38 -3.4e+38 -3.4e+38 -3.4e+38 -0.838868862700947 -1.03635293687887 -1.19668522598 -1.23085671155169 -1.24511915313395 -1.3067718358222 -1.28369786126272 -1.24637242307685 -1.15081600926142 -1.18041842674697 -1.19607755475178 -1.17262930838156 -1.2154102730188 -1.10510460763491 -1.1759805552376 -1.23120412802998 -1.2407430570317 -1.28335340735111 -1.12954729947855 -1.11174928919154 -1.17658700168555 -1.21218475983535 -1.08655690293781 -0.11669594073815 0.132413920301668 1.05735893791462 0.939260035127864 1.23327452803452 1.30319796948477 1.2558973341982 1.21274787080913 1.19344142616736 0.80813396680889 0.782599637625945 1.1313913485315 1.10102637367559 1.06108531642259 1.01776108431589 0.993529060999122
-3.4e+38 -3.4e+38 -3.4e+38 -3.4e+38 -3.4e+38 -3.4e+38 -3.4e+38 -3.4e+38 -3.4e+38 -3.4e+38 -3.4e+38 -3.4e+38 -0.928765899352877 -1.14598170339087 -1.26966244036894 -1.23223617401138 -1.20495044880187 -1.17389911381103 -1.22371335401667 -1.19639774699198 -1.12429284447736 -1.1172058881744 -1.22411924916729 -1.17783568969598 -1.13699343039277 -1.1115077520324 -1.06892911296159 -1.204135059003 -1.18614140827885 -1.30694377288003 -1.20688669147287 -1.07500736613446 -1.17615099681435 -1.18624174520107 -1.10049359965397 -0.143120142987976 1.0779608111342 1.01219956910353 0.952236898290793 0.889551855983605 0.855860847028998 1.16353347085435 0.894494975627993 0.857402800098326 0.828509457238655 0.691137201499181 0.671312783122562 1.10954165535746 1.06954624255236 1.01370297474496 0.991005141782985
-3.4e+38 -3.4e+38 -3.4e+38 -3.4e+38 -3.4e+38 -3.4e+38 -3.4e+38 -3.4e+38 -3.4e+38 -3.4e+38 -3.4e+38 -0.806830589824298 -0.967491822249957 -1.10904901083774 -1.2332452735009 -1.21708869218106 -1.19052787387728 -1.16263184889078 -1.12748289680526 -1.06405299721625 -1.08355077549497 -1.1375295326074 -1.26656787330396 -1.17065994326484 -1.10152475650104 -1.14214065991081 -1.21490692429417 -1.04721957218929 -1.23791845266099 -1.29493893965312 -1.31388823428421 -1.14860415542003 -1.13216190982516 -1.09036758465587 -1.07233974357379 -0.170330172829027 1.06583374869899 1.00710518809697 0.953944722671106 0.922457921435813 0.888579042851062 0.832114708474175 0.786376635749679 0.754746516913508 0.726213230379378 0.710475112946128 0.696872124780251 1.09651651669863 1.05107981569653 1.01519282886145 0.983186489213826
-3.4e+38 -3.4e+38 -3.4e+38 -3.4e+38 -3.4e+38 -3.4e+38 -3.4e+38 -3.4e+38 -3.4e+38 -3.4e+38 -3.4e+38 -0.816481647823836 -0.981620138533733 -1.1051410729725 -1.19774039433977 -1.18079636972426 -1.14943109584707 -1.10876723986468 -1.05671810571955 -1.04897794851388 -1.09059016423661 -1.15383339613165 -1.2090031443947 -1.1824429214509 -1.17882126884651 -1.08605907803778 -1.29720478908453 -1.14699188710713 -1.12839972072757 -1.24332572027765 -1.28597960351049 -1.08153083618328 -0.95112662909236 -0.948384606611531 -1.03804152386054 0.0459887832198717 1.05140210701647 0.998176747106451 0.96989137430128 0.91441634759955 0.88384228588037 0.834031014467963 0.796683430339276 0.765018252729714 0.732231760090087 0.699103613674022 0.670361335249654 1.07097383358939 1.02484743639849 0.999759661499552 0.966660086999854
-3.4e+38 -3.4e+38 -3.4e+38 -3.4e+38 -3.4e+38 -3.4e+38 -3.4e+38 -3.4e+38 -3.4e+38 -3.4e+38 -0.684285533884838 -0.815718664878168 -0.915639592951202 -1.03815827096017 -1.10444066317149 -1.14801486089204 -1.10495200479696 -1.06429983403951 -1.01029540938797 -1.03648761961017 -1.07816651880326 -1.11941582720825 -1.17608869040768 -1.18699552424224 -1.16643751970193 -0.948514223452387 -1.10613369056779 -1.26703094280672 -1.18468873240632 -1.33938389647239 -1.28119424405534 -1.11696963353723 -1.05382115237733 -1.11008704382356 0.0181402048959105 0.293265318125957 1.05016320565761 1.00251113126613 0.954847152451142 0.907648862455468 0.873478347514622 0.836608676881612 0.784980271242693 0.763189535563861 0.728091686847446 1.0495083780178 1.10953921477187 1.05798674393053 1.00822781266339 0.995398653926614 0.972921536696212
-3.4e+38 -3.4e+38 -3.4e+38 -3.4e+38 -3.4e+38 -3.4e+38 -3.4e+38 -3.4e+38 -3.4e+38 -3.4e+38 -0.712243020660843 -0.824956687331242 -0.886002756030759 -0.995051454574154 -1.11162700665138 -1.07201230975645 -1.0446519015186 -1.05631086051685 -0.96040080359142 -0.964040108072026 -1.08195643031196 -1.09441344799937 -1.16578450387936 -1.30075266676777 -1.18489908841736 -1.046324786676 -1.07319212620949 -1.24321775576634 -1.37635045371163 -1.39313779169507 -1.24446546058751 -1.12268123355785 -1.09860318481284 -1.12230327358669 0.0205231914958656 0.279435415159544 1.05051376459422 1.00174707067391 0.949661841718337 0.903792085066794 0.872019165120458 1.0796224963863 0.788588530263485 1.10740050310132 1.08112072204879 1.03760150689224 1.09942026235805 1.06891116800841 1.0291265011542 0.989281780268342 0.98829737966853
-3.4e+38 -3.4e+38 -3.4e+38 -3.4e+38 -3.4e+38 -3.4e+38 -3.4e+38 -3.4e+38 -3.4e+38 -0.647508700419874 -0.727000709886919 -0.812325823362504 -0.883799434331453 -0.96217176084218 -0.997182535225031 -1.07167051641272 -1.05632494102888 -0.986169497506261 -0.947730574695052 -0.908851929390744 -0.985375852154559 -1.07946559139466 -1.2012227871353 -1.31353412235632 -1.20592721815843 -1.21888927475696 -1.12385528952868 -1.17021459656533 -1.29922070119269 -1.34798009982551 -1.2504313544626 -1.23678396421294 -1.18844264263902 -1.15412662734932 0.309421036671487 0.287909406728712 1.05048448316113 0.999688314670802 0.951618666982615 0.892412401887476 0.859742622275029 1.1842316480662 1.15471847602689 1.12030909069531 1.08472422429967 1.15906862721509 1.10677340828631 1.07582983314716 1.05266974574157 1.02373694641848 1.00157401334537
