data/pcas/pcas_can_585/pca_referenceLayers_can_585/PC08.asc
NCOLS 494 
NROWS 529 
XLLCORNER -117.166666666667 
YLLCORNER -55.5 
CELLSIZE 0.166666666666667 
NODATA_value -3.4e+38 
[rows 440 to 461 of 529, columns 255 to 305 of 494]
-3.4e+38 -3.4e+38 -3.4e+38 -3.4e+38 -3.4e+38 -0.350592712336257 -0.383049422149492 -0.506695757083306 -0.61129690199541 -0.686871712537775 -0.70329164603648 -0.725638964569557 -0.743093853013729 -0.694159532023539 -0.579906688481064 -0.644500238733214 -0.736423065849985 -0.800603744188882 -0.864729471705986 -0.934710661111409 -1.06334810908822 -1.1591846926038 -1.20621263740924 -1.26751930590347 -1.29307635711876 -1.29024588093358 -1.22014171170897 -1.19633622554199 -1.13909347697158 -1.10421188971975 -1.11585296690575 -1.1133633846799 -1.09805556397243 -1.08268957139517 0.294501783286879 0.292922701520539 0.451995265832591 1.14747013257568 1.13459692309915 1.11606498424569 1.11627684445513 1.10834513182145 1.10640887636859 1.10517428622958 0.806853854370317 0.383740821519771 0.389898504464837 0.391101786953037 0.38754671201128 0.380969510066443 0.3590382367261
-3.4e+38 -3.4e+38 -3.4e+38 -3.4e+38 -3.4e+38 -0.353166704856344 -0.409279942225573 -0.494492598173443 -0.585421434628549 -0.617742463640893 -0.670720779629901 -0.698623226972329 -0.670174798370626 -0.642515740961335 -0.629506693518947 -0.635519011721289 -0.703464330268147 -0.77105976624417 -0.952814538314956 -0.923153961808156 -1.03599016975352 -1.16977035857744 -1.21337930757546 -1.25559339832744 -1.28036324432292 -1.13585421830587 -1.22490601241442 -1.17786685349579 -1.14579022322131 -1.14990328947518 -1.1430884851122 -1.15568184196188 -1.1610122579676 -1.12239498170452 -1.0630462688772 0.297183192078494 0.435438654346327 1.12476206989317 1.1143958801101 1.11898131599218 1.12068192109146 1.11409832814711 1.10582102164825 0.797545324261357 0.808470046492183 0.805054825901631 0.808487710615674 0.800293890402557 0.795988081258931 0.792158374172641 0.781743200335223
-3.4e+38 -3.4e+38 -3.4e+38 -3.4e+38 -3.4e+38 -0.360741577680223 -0.451662151263693 -0.484683993609615 -0.534817166484954 -0.57331715705634 -0.653382193214732 -0.689702748961637 -0.618367673679524 -0.561671221545284 -0.625635844938971 -0.669105896068813 -0.695925406022905 -0.791369855653405 -0.872015024455289 -0.949924950416941 -1.06302287712299 -1.17704915623661 -1.22837663824997 -1.27941024803072 -1.27776888998461 -1.315726245875 -1.21208938878376 -1.1818239257541 -1.15007257546391 -1.14254317580681 -1.18177514299538 -1.21696933598497 -1.20669587797033 -0.653309393739599 0.261062556653727 0.231089873310612 0.397141846869201 1.12379536022146 1.10466457902771 1.10117867125388 1.10062410621688 1.1026058325497 0.823912726636915 0.813297120623028 0.820524313500836 0.839933964032234 0.835796105145488 0.821714189457288 0.818717014726552 0.805715332407511 0.799131195758632
-3.4e+38 -3.4e+38 -3.4e+38 -3.4e+38 -3.4e+38 -0.368801065225847 -0.428976659040532 -0.45393338403516 -0.498324622887797 -0.569500009736366 -0.648743247047852 -0.659838780659671 -0.650436366261091 -0.625937443014915 -0.624941971482769 -0.658893495486378 -0.707682252105972 -0.82176088835937 -0.861838987838238 -0.926279216629939 -1.05497805521667 -1.17005553998997 -1.24529075380541 -1.28629800280011 -1.28474691357671 -1.20686225905854 -1.22160400844219 -1.1904306995596 -1.18724378208683 -1.17328949086029 -1.19673146647939 -1.20977047102285 -1.2051057897655 -0.68692625669263 -0.0908334685996649 0.193236216687464 0.395055110537009 0.397961462274134 0.391779396816588 0.407163852454059 0.815144375764595 0.851177727210121 0.843515269464841 0.840620905163685 0.859881661594501 0.865571045912874 0.869006723676596 0.863211053965701 0.85387822463843 0.830631432842617 0.820094783750227
-3.4e+38 -3.4e+38 -3.4e+38 -3.4e+38 -3.4e+38 -0.366081590677291 -0.405413865408817 -0.46126057657488 -0.518889116188204 -0.583759959478177 -0.630337612419428 -0.632638616375369 -0.5579662833346 -0.581679354466954 -0.624191908186276 -0.643581068442894 -0.732370012128582 -0.819543513401388 -0.886516583551315 -0.936478998781534 -0.994639976942893 -1.14380326094317 -1.25439502639029 -1.26776914994511 -1.28877984830664 -1.17869718801168 -1.19953540413506 -1.20109512925172 -1.21126276517591 -1.21658678469308 -1.1919324817375 -1.21624031644786 -1.19122687648549 -1.1805403555725 -0.672768950206166 0.193674340330749 0.19591431466548 0.418893557432198 0.400766032139563 0.842919828459914 0.859038568870653 0.848525028372577 0.844425022514528 0.864257125760487 0.879163037992788 0.707043513205473 0.714144798571817 0.884331016375993 0.849549875277394 0.847224741677503 0.835415600585195
-3.4e+38 -3.4e+38 -3.4e+38 -3.4e+38 -3.4e+38 -3.4e+38 -0.431954487127382 -0.446415155054902 -0.48045474455379 -3.4e+38 -3.4e+38 -3.4e+38 -0.551708112355578 -0.607274539573505 -0.650776074158064 -0.671209255532557 -0.762358855108919 -0.828458720586604 -0.930245637230061 -0.971346650607134 -0.982175312586195 -1.09904778877114 -1.22805096529861 -1.26396935889087 -1.18310906905798 -1.18335143766915 -1.1559570965475 -1.14110584886997 -1.17543650249412 -1.18337187096952 -1.1632574241062 -1.16878720074745 -1.14726772342733 -1.12912640756534 -1.13696315841882 -0.664498940212414 -0.653493172629858 -0.34705070309922 0.218752169862949 0.633091556120685 0.839515200492467 0.852998484761858 0.866361300023651 0.862435308675329 0.875254771707767 0.893315041107462 0.704751848343763 0.870319680016466 0.845090913156948 0.825422878988277 0.826539809291873
-3.4e+38 -3.4e+38 -3.4e+38 -3.4e+38 -3.4e+38 -3.4e+38 -0.393294858895863 -3.4e+38 -3.4e+38 -3.4e+38 -3.4e+38 -3.4e+38 -0.588527389847162 -0.598382687426445 -0.668012404301266 -0.737759366193358 -0.786520999561687 -0.823608386858469 -0.93608107558157 -0.984737272973659 -1.0020943171738 -1.11556797264432 -1.20657158867431 -1.26909025425665 -1.19879268694458 -1.22222484838916 -1.18648760410735 -1.18851104802103 -1.18094322866174 -1.15307167176345 -1.14079724147147 -1.148139004047 -1.12251229700116 -1.10821459346399 -1.10162131611692 -0.639704727948653 -0.634868671170715 -0.610859513554887 -0.584201424240983 0.247155885778553 0.434810617626251 0.436363121947337 0.85128247617058 0.868656436496228 0.824117956384011 0.832241844252912 0.856660713234623 0.847530516246164 0.821531379562688 0.825454793061551 0.819653407239863
-3.4e+38 -3.4e+38 -3.4e+38 -3.4e+38 -0.424449204422154 -0.430400205680605 -0.42260252367542 -3.4e+38 -3.4e+38 -3.4e+38 -3.4e+38 -0.62536751360274 -0.579988855250101 -0.634307909845145 -0.609488581263513 -0.738453285965751 -0.830479399087018 -0.830294016666952 -0.964806723083323 -1.00662077315704 -1.06270839018157 -1.19830841473254 -1.2692550273736 -1.18030835985752 -1.19468302913441 -1.237170476709 -1.2322058537862 -1.23675143984865 -1.19866883098531 -1.16323852844675 -1.15495178677637 -1.14227981821197 -1.12494641704752 -1.1223023430407 -1.11310946450128 -1.10647924481113 -1.11239249862153 -1.08502601789309 -1.04830550470701 -0.303065016205635 0.461231170534154 0.455106688412843 0.656466545679951 0.836914430816199 0.835873151097451 0.430415999334083 0.436070552213519 0.829896612596354 0.837774831253112 0.82153833217678 0.8199482272669
-3.4e+38 -3.4e+38 -3.4e+38 -3.4e+38 -0.466205966640907 -0.459673575448446 -0.456402256118345 -3.4e+38 -3.4e+38 -3.4e+38 -3.4e+38 -3.4e+38 -3.4e+38 -0.633371687644472 -0.654287755622164 -0.736396890384226 -0.801618029158793 -0.865177228198916 -1.08892625485161 -1.02293101292013 -1.08982985054995 -1.16973410801971 -1.27830044680014 -1.21639645985997 -1.23372145657455 -1.25218742827939 -1.21430464301409 -1.2569131071544 -1.24131624402025 -1.19441429145807 -1.15437346672407 -1.12860582413015 -1.11776740514936 -1.11679408474198 -1.09908272783305 -1.06795817772862 -1.07132507734279 -1.0716817236899 -1.0396133908276 -1.00203854754485 -1.04556711271488 0.666284798171882 0.674099406588056 0.446717158989222 0.818160270667676 0.418758289433633 0.417653064830498 0.825460936751032 0.836153206528288 0.824625508084232 0.828569547081679
-3.4e+38 -3.4e+38 -3.4e+38 -0.47599215491342 -0.46981209979632 -0.481682402635338 -0.474864284506582 -0.470172307992131 -3.4e+38 -3.4e+38 -3.4e+38 -3.4e+38 -3.4e+38 -3.4e+38 -0.652585408104702 -0.758882496181981 -0.811970784061251 -0.926949457550629 -0.937955396015191 -1.07217269880878 -1.20974424925739 -1.24476666616598 -1.30761673941291 -1.20974539111607 -1.26964685143532 -1.27079904036873 -1.22905739410416 -1.21867470156717 -1.24148477128588 -1.22380550825836 -1.20617907553591 -1.17024192465732 -1.10876370310409 -1.07771221861092 -1.06680642061791 -1.05845409365414 -1.02971630857394 -1.02261611844899 -0.996501057255119 -0.979231358597014 -1.01165419234776 0.255761079137451 0.242509097365334 0.414730710984153 0.424710351763683 0.220346407115538 0.245198053109222 0.255504175716005 0.453712994612144 0.450164729735781 0.453376897065457
-3.4e+38 -3.4e+38 -3.4e+38 -0.505993338021622 -0.494340665123886 -0.500522437972036 -0.499272006414655 -3.4e+38 -3.4e+38 -3.4e+38 -3.4e+38 -3.4e+38 -0.588124383945869 -0.687422886765794 -0.722592615811118 -0.75385768228169 -0.835638505006832 -0.870846720784876 -0.96968948426485 -1.1215763377691 -1.09398654767126 -1.235802988759 -1.27810702186168 -1.22685063068466 -1.29945072201512 -1.25964414893112 -1.19962463729187 -1.19500205295522 -1.21473310734442 -1.20953734621145 -1.18384125219109 -1.17753982636399 -1.1538673812393 -1.09713884504482 -1.05109574435525 -1.06674189114554 -1.05997484914922 -1.05767150922208 -1.04462924803271 -1.03738148653458 -1.04905446565028 -1.03564449362449 -0.312779262141423 0.224603405291607 0.232564215472716 -0.109667835824209 -0.104637740732628 -0.101439534524163 0.238635555796174 0.44977234653206 0.442753311605272
-3.4e+38 -3.4e+38 -3.4e+38 -3.4e+38 -0.550409614326494 -0.523940753670945 -3.4e+38 -3.4e+38 -3.4e+38 -3.4e+38 -3.4e+38 -0.597730109905585 -0.63912353397931 -0.655843970571918 -0.698352414492909 -0.755991360610991 -0.834758565612888 -0.888977558806313 -0.992007400024788 -1.0385424776685 -1.08479394753162 -1.23456531643852 -1.28053958429519 -1.21348085924535 -1.41910014879271 -1.29081332753461 -1.25356074582558 -1.27163854922691 -1.2623606394489 -1.27265781267881 -1.18517798096832 -1.1888333998557 -1.17173483255885 -1.11748103579975 -1.07960636296927 -1.06307931500458 -1.07060105522634 -1.09216928222359 -1.09483803169831 -1.08985540254164 -1.0550977912769 -1.02374428129328 -1.02400200134699 -0.0905370497575061 -0.104287222794755 -0.131148983037463 -0.425891858470201 -0.152950655492612 -0.120706542277505 0.224614305922675 0.235599307098932
-3.4e+38 -3.4e+38 -3.4e+38 -3.4e+38 -0.62174431377602 -0.564188652444366 -3.4e+38 -3.4e+38 -3.4e+38 -3.4e+38 -3.4e+38 -0.611828413186322 -0.632169296098955 -0.645592272870153 -0.748881906664097 -0.800129778326882 -0.883305944700845 -0.944524840558085 -0.940110832383533 -1.0396005497965 -1.0414271161873 -1.2035220245815 -1.26598271448601 -1.32576838553302 -1.39032389338156 -1.23503653199439 -1.22324031402321 -1.23814345840432 -1.20693931652901 -1.2727491117649 -1.27906436503105 -1.18747877261924 -1.17172749579485 -1.1348522326062 -1.11449916823725 -1.0866990771836 -1.07099139059214 -1.04850089936389 -1.07078870650354 -1.0386545018176 -1.02497332037264 -1.0341758943592 -1.06527663936518 -0.405142159059702 -0.448953889038634 -0.464157952490075 -0.453904966104596 -0.453108726130115 -0.421619231165655 -0.131232472896289 0.0795074509620441
-3.4e+38 -3.4e+38 -3.4e+38 -0.668730404206346 -0.641083527033392 -0.622597395999754 -0.585097994821165 -3.4e+38 -3.4e+38 -3.4e+38 -3.4e+38 -3.4e+38 -0.627395374573232 -0.717751525961289 -0.736070884992418 -0.828470570766592 -0.833083688537238 -0.926394878240112 -1.00939342887691 -1.12804770504411 -1.13649006604427 -1.22635228679636 -1.22306000132661 -1.32443747177221 -1.37778599863138 -1.37215750678225 -1.3557311255717 -1.17477728811767 -1.18446039239949 -1.18058792051251 -1.20131301676085 -1.227430777186 -1.165807095729 -1.15773733635087 -1.13955311356796 -1.13168010367184 -1.0964929039882 -1.05801077234655 -1.05463916259529 -1.06552548823033 -1.08290558522558 -1.08603970967612 -1.10626859528964 -0.448365991426705 -0.481799929371657 -0.5123364303264 -0.501661746062034 -0.470128669947149 -0.461047895131298 -0.413384370709093 -0.107612163994951
-3.4e+38 -3.4e+38 -3.4e+38 -0.707999091949047 -0.656598514337944 -0.632367670057715 -0.596482836760498 -3.4e+38 -3.4e+38 -3.4e+38 -3.4e+38 -0.641500039033555 -0.69592219424339 -0.75749752501967 -0.787394425614365 -0.854696050292249 -0.90216504252961 -0.984916916220409 -1.06854752264791 -1.12579421296265 -1.16558305210483 -1.23349675854279 -1.28209750982337 -1.29903845979737 -1.36141351382557 -1.37370375510643 -1.36766990211369 -1.19969881184864 -1.18404697358209 -1.1687314202975 -1.14939782374059 -1.18753785961972 -1.25205305640693 -1.1990556755141 -1.15432576646235 -1.15090194909432 -1.14028391501303 -1.09853394813658 -1.1083841223948 -1.11207786941687 -1.12684864411043 -1.12931191514981 -0.748518759018896 -0.525274396017298 -0.51149142400128 -0.486076940273919 -0.474915774975035 -0.456420784353933 -0.437990374476412 -0.131430007264606 -0.0959979235478055
-3.4e+38 -3.4e+38 -0.819236106763472 -0.735411442590263 -0.682634929968942 -0.66601763298869 -3.4e+38 -3.4e+38 -3.4e+38 -3.4e+38 -3.4e+38 -0.663043037568296 -0.680568649601637 -0.774672099914883 -0.832853409329963 -0.861296943541751 -0.955390963193442 -0.922604529264752 -1.06094273816801 -1.10533740693504 -1.06218178500574 -1.186229717575 -1.27208138194656 -1.25831717635197 -1.3238498822418 -1.36454905129916 -1.34072469491168 -1.32055101738942 -1.19291341166731 -1.17332593099342 -1.15717906421008 -1.14684255146311 -1.22620920149741 -1.2290034316884 -1.17195908193664 -1.16644632349553 -1.17715136808085 -1.11621387346336 -1.13409999452125 -1.17311216567547 -1.19108993821105 -0.949869968965576 -0.979315103617718 -0.508158826651805 -0.477615568817554 -0.461663544937567 -0.428066448599571 -0.409698644444729 -0.393924825007842 -0.130130705357532 -0.0935147465418935
-3.4e+38 -3.4e+38 -3.4e+38 -3.4e+38 -3.4e+38 -3.4e+38 -3.4e+38 -3.4e+38 -3.4e+38 -3.4e+38 -0.658620463753462 -0.682180243155229 -0.721641626764459 -0.792167311729813 -0.839504027338152 -0.894456909355311 -0.890116184847374 -0.947077420311931 -1.03112473395094 -1.02294348350493 -1.03386270982509 -1.11813949190513 -1.26283887660719 -1.25637758509996 -1.30080768827196 -1.33417163282825 -1.31168819771738 -1.31911356450178 -1.18563877472847 -1.18860938928931 -1.16112321299522 -1.13677585462175 -1.20861238190297 -1.22641352799902 -1.13262124047713 -1.16711094832112 -1.17884591110294 -1.19693983179431 -1.19494407377325 -1.19918720917299 -1.1962853403547 -0.939837769787568 -0.920837266852812 -0.903232577954477 -0.46249558696778 -0.451461883315025 -0.428475058367488 -0.410854656162534 -0.39297906916806 -0.125417025496232 -0.117448719034133
-3.4e+38 -3.4e+38 -3.4e+38 -3.4e+38 -3.4e+38 -3.4e+38 -3.4e+38 -3.4e+38 -3.4e+38 -3.4e+38 -0.699364048997322 -0.736958745654251 -0.716723184958818 -0.81252741260723 -0.822576840764896 -0.926672740147448 -0.937780202280703 -1.00297206109585 -1.02134022698198 -1.089289488805 -1.1023171392335 -1.18454456129987 -1.23742773009988 -1.23527538538947 -1.29344264869609 -1.30521605949443 -1.32524256734464 -1.32664171165246 -1.33411391872263 -1.19306399355688 -1.14676244520779 -1.14001420697641 -1.15371699278783 -1.22873253221132 -1.24068222417469 -1.20864488738039 -1.17790631708579 -1.18874420030603 -1.19975648264354 -1.18824395045943 -1.17178076776951 -0.883253492276108 -0.902883556625508 -0.917592426785827 -0.430982463175434 -0.410313344736292 -0.403299166684725 -0.398603253209074 -0.392303832556512 -0.149994097308882 -0.380669782586781
-3.4e+38 -3.4e+38 -3.4e+38 -3.4e+38 -3.4e+38 -3.4e+38 -3.4e+38 -3.4e+38 -3.4e+38 -3.4e+38 -0.733988375243385 -0.759396552512146 -0.743828567271118 -0.808999094713449 -0.861239752503697 -0.906228988770351 -0.914914648971212 -0.965646335331671 -0.923794955090872 -1.04263245442495 -1.15558778541704 -1.18280521374109 -1.22516953795193 -1.24492389576387 -1.2700785338931 -1.32545660125815 -1.34298052476841 -1.34256398437968 -1.33996269556106 -1.35070615575377 -1.18643118418489 -1.16183446884424 -1.17162508761268 -1.20368180305925 -1.25266241399193 -1.24034693939743 -1.22622589315528 -1.17676342243199 -1.18063831875521 -1.18596296257666 -0.921600401598004 -1.14301820853791 -0.944466219062434 -0.926545567892211 -0.457886135332899 -0.661616079092958 -0.402384716686007 -0.377214285518344 -0.384703998550377 -0.386142828539797 -0.106256183519336
-3.4e+38 -3.4e+38 -3.4e+38 -3.4e+38 -3.4e+38 -3.4e+38 -3.4e+38 -3.4e+38 -3.4e+38 -3.4e+38 -0.780406947317309 -0.815169666685995 -0.78492647627257 -0.874062345349158 -0.888782772281174 -0.876286158042665 -0.858312060955546 -0.881362792760109 -0.933486546219623 -1.04540620814977 -1.11772344251223 -1.15890274307283 -1.18160282286806 -1.19681797790315 -1.24925688636082 -1.31091880922765 -1.33854988753492 -1.36043246451564 -1.35822583251144 -1.34602414781402 -1.33842852859644 -1.17926685402068 -1.20032408282748 -1.22252832073759 -1.22822755392295 -1.23666209442416 -1.1924099200434 -1.17109249661355 -1.15797395098149 -1.15637477614346 -1.14809036551671 -1.14686108327715 -0.879995298633177 -0.717063204752083 -0.723474437673188 -0.434168284095137 -0.41128420789724 -0.402611787402315 -0.389144316606396 -0.376595594729338 -0.118373616393327
-3.4e+38 -3.4e+38 -3.4e+38 -3.4e+38 -3.4e+38 -3.4e+38 -3.4e+38 -3.4e+38 -3.4e+38 -0.802154319085156 -0.748776272290069 -0.774269525883228 -0.816390160478638 -0.867781042511965 -0.916809547277115 -0.914172995461189 -0.936352923810115 -0.907278051002633 -0.9911170196661 -1.03824692719981 -1.0942401179992 -1.15876090732046 -1.18621022164373 -1.21972490904739 -1.26348063327315 -1.08261444662609 -1.32109455201585 -1.34262142238548 -1.3334199955162 -1.29621989001293 -1.28186244832619 -1.14568142527088 -1.17435855333801 -1.21659549009536 -1.23031477498491 -1.18686435617066 -1.13084179290472 -1.11853181929364 -1.11999116064403 -1.10022399014256 -1.10306256462334 -1.1257881391221 -0.880047867542591 -0.720039920025933 -0.442907411737331 -0.437356863749636 -0.407716903039193 -0.391589685493314 -0.387557863281437 -0.367895248429994 -0.366618432832251
-3.4e+38 -3.4e+38 -3.4e+38 -0.901369248752307 -0.881238087442281 -0.88755942302669 -3.4e+38 -3.4e+38 -3.4e+38 -0.840631945332502 -0.819718125022147 -0.807498867250979 -0.836066610194354 -0.834679952997257 -0.867416007104884 -0.938376889771951 -0.983639976285248 -1.01270408576345 -1.06167191439319 -1.10327109136116 -1.12534316075198 -1.16314519530128 -1.21789417536497 -1.23629990425991 -1.2738381005822 -1.08296095299393 -1.08283038806432 -1.31327793703272 -1.27784547630295 -1.28357243622926 -1.27064247255885 -1.2653958164256 -1.16305221135954 -1.18371672855964 -1.17211047988175 -1.1850023454658 -1.11210155532725 -1.0763651999566 -1.10657064643297 -1.09450820949536 -1.08630428316485 -1.10358496937855 -0.709174544880256 -0.973152686798586 -0.698531691331803 -0.399316586884335 -0.383389525539982 -0.394976241829675 -0.368381494198062 -0.359963600737296 -0.105277601181469
