data/pcas/pcas_can_585/pca_referenceLayers_can_585/PC09.asc
NCOLS 494 
NROWS 529 
XLLCORNER -117.166666666667 
YLLCORNER -55.5 
CELLSIZE 0.166666666666667 
NODATA_value -3.4e+38 
[rows 22 to 43 of 529, columns 51 to 101 of 494]
-0.351651403855858 -0.317431238354633 -0.313876512788297 -0.255713862673775 -0.240374280992875 -0.225391364874039 -0.179352570205061 -0.16291079115156 -0.209663740610762 -0.21990112958247 -0.210146689257129 -0.194301953160268 -0.299190045138724 -0.245875202662848 -0.149770016770946 -0.181176798572652 -0.108906450661998 -0.098732813563125 -0.120291859575995 -0.124299084568232 -0.1357289326505 -0.117428574571357 -0.101421383481837 -0.0790832833808397 -0.102581419980828 -0.134137281100532 -0.136838549701531 -0.0988866238959456 -0.0921968230635081 -0.0546226722500173 0.0240532746955664 0.053338059099167 0.0732030131870879 0.0278950740207391 0.0762200595237589 0.0938002592275159 -0.0480365626299236 0.0179903776522037 0.00316474006177825 -0.0369051316712922 -0.00551506005990299 -0.00999930352710177 0.0146490238249067 0.0393351853824462 0.132788145020199 0.149338410705107 0.134394730290457 0.136465848608821 0.135022469657722 0.0536652214908912 0.0594119594814817
-0.360800816066251 -0.327326548722986 -0.346848440161853 -0.276021493293932 -0.230220462747641 -0.255088176675368 -0.175542808088351 -0.220593748629119 -0.212784482726415 -0.169088285169031 -0.14785100118554 -0.236996332767821 -0.291931322613595 -0.319809912453487 -0.207743896227891 -0.182563428648097 -0.152626518612295 -0.103675264539938 -0.110415043731257 -0.130492655993537 -0.149019620339977 -0.149593528278243 -0.12257527720415 -0.101017180019845 -0.106652112291539 -0.128454026050172 -0.155568364324982 -0.089265798589154 -0.0481066728796989 -0.0542146635098241 -0.0259762971754214 0.0844915675096599 0.111195322987332 0.102609148231258 0.0856642124410139 0.116060902296486 0.0498064996858644 0.0328688190920106 0.0427246884991747 -0.0256753670740323 0.00680309628071496 -0.00283721249026547 0.0182365520882005 0.0451889118634924 0.145058313821073 0.146546041066541 0.155473537485193 0.13833829298256 0.0544992079067495 0.0603300852240292 0.0376618631642498
-0.379239519437979 -0.347186293088929 -0.364889448893148 -0.32795811188679 -0.253244332980964 -0.258270830503431 -0.243081751264398 -0.167705151189617 -0.184663973800744 -0.215365645908386 -0.163126227139083 -0.245698942219031 -0.241601264684641 -0.292062253498052 -0.285970344194015 -0.204236480897544 -0.19460782438464 -0.162359248179405 -0.186074528803931 -0.114354094332988 -0.164890786229063 -0.141976051220533 -0.130110651655328 -0.141987873216899 -0.154895472467909 -0.122212684911271 -0.11250525629696 -0.0959793929102324 -0.0492594387976172 -0.0210964007751585 -0.0647637180958833 0.0623116591375158 0.160354751191226 0.175016092721521 0.143694789608772 0.120648246509269 1.26979347413458e-05 0.0544445557078415 0.00118220569266547 0.00509672983739407 -0.00394984153087652 -0.00109499076802144 0.0269331033507276 0.130598615203145 0.173808395751216 0.203405237055807 0.11557853908449 0.0917198487229615 0.0617781583805037 0.0367999295881831 0.0231444303579337
-0.407214352620167 -0.397745505137369 -0.394114527798635 -0.340697336915209 -0.268617669495652 -0.228043176116525 -0.232209916788619 -0.214485299943409 -0.148928574961114 -0.171994881516814 -0.166927426128671 -0.215248158625419 -0.23688412243992 -0.242770788596512 -0.249602854777998 -0.311165761173333 -0.19953222655597 -0.161334245821327 -0.192784274722715 -0.195536182796528 -0.13641920894864 -0.14968999041121 -0.188600378423062 -0.172870371929883 -0.172823590371157 -0.153033959147179 -0.141036825024193 -0.115472967123771 -0.050487517356743 -0.0147877192084223 0.054716382835191 0.109485696415437 0.192779794210923 0.10801912012485 0.18749554828751 0.158328069245625 0.0154048962903653 0.0879909809178381 0.0421844331115708 -0.0328613655687406 -0.04461682913665 -0.00671269964256704 0.102992493898536 0.137812791208131 0.198803092468994 0.174297812414048 0.16916476387304 0.128108009611264 0.0870364847031522 0.053310273741323 0.0465644112435751
-0.405377326040108 -0.406879848722093 -0.437656737696038 -0.354476607049618 -0.274884074527537 -0.236284520502636 -0.234611777287229 -0.188942073779602 -0.153386385684848 -0.13178314972169 -0.162721444661517 -0.233555284673152 -0.212532362163968 -0.230629937643429 -0.256362063268883 -0.297510927943532 -0.185928910887985 -0.255969122195921 -0.264651126051374 -0.234009835978958 -0.282558872443265 -0.168347105115201 -0.173094613481054 -0.222829673611486 -0.200088403897356 -0.177447441504933 -0.193039452708841 -0.253134727390583 -0.0637247406741425 0.00577038317991141 -0.0218626562978662 0.00703883879892286 0.310458144417272 -0.0641085642356048 0.158716909835612 0.0272323878745696 -0.0163547560183096 0.0514315789186535 0.0337470964959991 -0.0314951744717969 -0.0620980391296098 -0.0528904311042931 -0.00053587209500372 0.113022697711898 0.176228758137353 0.149002319670729 0.165390643729668 0.14481926620895 0.104135144184565 0.0788037756083171 0.0597866140779023
-0.406724847601404 -0.384067576463993 -0.397775163697299 -0.333832154206098 -0.261993308305876 -0.21139216441469 -0.196148457592212 -0.197618193634209 -0.133637887787978 -0.143995182441799 -0.176716180763253 -0.215058372710845 -0.244584282392964 -0.241525014646473 -0.279180651985516 -0.298527377557629 -0.303599891206738 -0.292158003885834 -0.275160539493263 -0.243939948695153 -0.28652295743778 -0.170392353902473 -0.216103195313224 -0.218576752950031 -0.182832444700535 -0.188503765182406 -0.151931946618124 -0.197610807915324 -0.121394847779393 -0.0778411709954075 0.00624551576903221 0.0771381473669251 0.322449392048907 0.00737543103425364 0.00724579637182887 0.01141925070413 -0.0259322756368814 0.0404434433715697 0.0250294324843093 -0.0384442749208677 -0.0693646112137214 -0.0343156587883959 -0.00671892008630381 0.0396642477984541 0.0913157691887129 0.101335750690791 0.118039417413002 0.113015151627695 0.106360995230167 0.100640203702961 0.0792677350820061
-0.419728559116807 -0.387325192799299 -0.367758682092555 -0.325857322600586 -0.241270562198998 -0.194642884316467 -0.163602392106585 -0.181698607145994 -0.220912977908727 -0.162742591973998 -0.210503747590672 -0.198277541159201 -0.208518909969249 -0.254932557407797 -0.297959220886602 -0.319052748827862 -0.324938068264218 -0.309690617136803 -0.294297908290303 -0.288766541307482 -0.291686096695599 -0.292832887648483 -0.287478721734666 -0.307903099988117 -0.30066042453137 -0.295728517044607 -0.277004788024706 -0.223481589225826 -0.128044177521601 -0.153363463228608 -0.0570814595924699 0.118109088855558 0.170624450352896 0.120073681004638 0.0589110140823584 0.00289487334898086 -0.0021047925864639 -0.0585495069808614 0.0163144680697592 -0.0144034891786956 -0.0718950491639728 -0.0660553591882185 -0.0404509842549741 -0.00432722845552413 0.0384698283520523 0.0659053196676768 0.0906970872914976 0.0884909894640291 0.098548148581287 0.111135585227521 0.0983839541157619
-0.432730417358797 -0.426485074653712 -0.397501290466697 -0.36561823867485 -0.265210129457662 -0.199530644440329 -0.166801456126343 -0.192766399806556 -0.224416028290091 -0.167508848641954 -0.200984578139877 -0.225318225423525 -0.224521559664343 -0.274415238141541 -0.285349674160184 -0.292993833133393 -0.311735761546491 -0.301218797620095 -0.307768852605658 -0.303130186136216 -0.323108497542384 -0.318141219415026 -0.281453109024088 -0.269736218016684 -0.305132033029282 -0.297712546646339 -0.282132216973163 -0.266263145452297 -0.220137314346483 -0.121402046529497 -0.124680930484962 0.0421147859152009 0.128656209609625 0.111830809342761 0.0857344691989778 -0.0443906644469466 -0.0365786845218447 -0.0474118481476319 -0.0797847217211813 0.00179833775113347 -0.00910334624774112 -0.0127931394327043 -0.0482233413277854 -0.0182437445735278 0.0308502733863333 0.0722976622944199 0.100705656259161 0.131763235638819 0.112802460361556 0.111209069890035 0.0996909917835985
-0.42705287077385 -0.428598145262449 -0.400528008249869 -0.347260179969857 -0.31877450393183 -0.288178967560917 -0.225876661680358 -0.227219306783092 -0.243128809730733 -0.255397042862969 -0.186877963112779 -0.211697285206503 -0.244886518814777 -0.271888599400122 -0.307937876425308 -0.304528270226517 -0.322343334028653 -0.31384530809868 -0.354393848417118 -0.329209974879601 -0.272688839815681 -0.272977234544283 -0.277708705074766 -0.282248102053445 -0.304631478682052 -0.28688743690029 -0.274952308369881 -0.23271180155008 -0.291444749342938 -0.162118618211528 -0.153048482569347 -0.053581805474987 0.019460446990626 0.0394898413814466 0.0525802427147631 -0.0981256997734463 -0.0910298237871704 0.0425631658782801 0.00134362021698775 -0.0127300361374306 -0.0258475886744213 -0.0174779879291542 -0.0365134092583603 -0.000787531997685442 0.0265865617976728 0.0435033984106413 0.0868134305212589 0.124286705060137 0.103397082174329 0.102099044858195 0.0857917247480509
-0.442127911136902 -0.443913743204673 -0.42797350298452 -0.40875492270151 -0.356852805806556 -0.361643630489601 -0.313357410375255 -0.277533872486085 -0.246065341162021 -0.250745226876075 -0.195560558418736 -0.220270917983704 -0.25288145839315 -0.293128668245257 -0.325572878710878 -0.3386483790951 -0.115468341854377 -0.137928487882383 -0.156000038675362 -0.149726668490564 -0.0932713331399945 -0.261563598231378 -0.259827362721537 -0.31074043985063 -0.274172709699315 -0.306785784518678 -0.298611483888654 -0.310995674145133 -0.256503528194475 -0.248063152405828 -0.208197681225316 -0.0711269552609928 0.0153416400719466 0.0547795568469174 0.0356767643145041 -0.0729089347707643 -0.120819508856502 0.026320599201654 0.00919794645296979 -0.111658977599088 -0.0479383494918258 -0.0410206729640922 -0.0322745791489553 -0.0203065373574307 0.00631906960747419 0.016418303216493 0.0484003208727395 0.0704600691390652 0.0486324609780937 0.0560919337719876 0.0570183825013716
-0.441576174764823 -0.462736389480072 -0.437355151896073 -0.423302921389375 -0.427296995445552 -0.395327452312865 -0.316720677520226 -0.296734204724538 -0.265738156309311 -0.25339153415905 -0.198364721790511 -0.225840751083144 -0.254596058663059 -0.285499661385311 -0.306039247687265 -0.348150849650568 -0.10996978253469 -0.0835798779231698 -0.0948307055652036 -0.0998802027753174 -0.0829478013338103 -0.0816127357464248 -0.251688380871506 -0.28708114805271 -0.286646238946298 -0.277532145791091 -0.316561355977539 -0.14156780721501 -0.280784378290444 -0.156026855183785 -0.273105938103471 -0.108171931639544 0.0269650075027351 0.0317960723879368 0.0216739453918301 -0.0535396697504059 -0.105305036037009 -0.0858655025604593 0.0354936783011344 -0.148876213002722 -0.144896941390073 -0.0380904838679975 0.00587075059225606 0.00257484465580404 -0.0177583786710624 -0.0191284943199473 0.0143989127041884 0.0513426681500349 0.0633385552569721 0.0672687409326698 0.0538015621399704
-0.450826708054159 -0.46740992969637 -0.451922294926811 -0.439322717081628 -0.44101924475835 -0.427005086762444 -0.37404473965034 -0.326955502560478 -0.273944067339131 -0.266859509554652 -0.269274745112697 -0.206347402718927 -0.246954542303548 -0.27760462977776 -0.297691314161894 -0.319828222545041 -0.0694413520505299 -0.0606535902332052 -0.0625577064892011 -0.0690057623496974 -0.0759939069240549 -0.0731749308444468 -0.240050668285076 -0.255546702015874 -0.11040497933974 -0.2648879334594 -0.138127702839864 -0.152662112537673 -0.234951844419724 -0.20406752279413 -0.117710588598765 -0.00112449878298171 -0.0383613786250532 0.0490852811559203 0.00740434330114204 -0.0470946186328948 -0.13786257834292 -0.176374358668962 -0.122937228406701 -0.13491718572217 -0.148261499749661 -0.0324914178319012 0.032822124576815 -0.00996829883367756 -0.0181629079505224 -0.0377370949977072 -0.0118272489065843 0.0187955608568511 0.0385828520535861 0.0374682805664425 0.0426766794940615
-0.458561204018334 -0.453303102579897 -0.453537069407755 -0.461042356778797 -0.0299080606986206 -0.0211486628396927 -0.373288637959951 -0.334366563075113 -0.306986146563338 -0.273649025652555 -0.286236485598838 -0.207311028460097 -0.229899049142287 -0.283846337489363 -0.308964485256019 -0.311542335710778 -0.01859760573322 -0.0278928064376323 -0.0392239619075585 -0.0411535644355824 -0.0267873334770719 -0.24209093168966 -0.247546316580387 -0.233030268825069 -0.250334146179141 -0.0874491519572098 -0.240511433745224 -0.230605910747408 -0.0838313730021207 -0.046144198840007 -0.0803203297410419 -0.00623539184744271 -0.0255559300903956 0.0618834328639208 0.00429343569034457 -0.0126999927045868 -0.0522991417956672 -0.0945235359440593 -0.0570097510800004 -0.073700977272569 -0.0910953596118855 -0.0451532890952163 -0.039313138724613 -0.0765626478662833 -0.062889159222025 -0.0429835198464573 -0.00245830995171048 0.0220146730190057 0.0334835516761078 0.0167342674363258 0.0314353783456096
-0.460670318754623 -0.411875466906832 -0.435115354278312 -0.448426769408988 -0.456700131193687 -0.461035172434446 -0.442902814989342 -0.408020544319051 -0.333495756527454 -0.323084355892876 -0.334170423295543 -0.233380910397376 -0.257086121167617 -0.281070841697632 -0.287150978335977 0.0590533050085746 0.0507191675966248 -0.0157716238322112 -0.0129401281310718 -0.016042081967431 -0.0122723792151095 -0.0225010492900731 -0.0283330096006891 -0.22456614630952 -0.0717035415520666 -0.224529870907978 -0.18491225808476 -0.0863103516616762 0.0382101370466081 -0.0346112172888149 -0.00392689217023967 0.0192755400202759 0.0520389169575823 0.0046055579363703 0.0262857353585449 -0.0954442639895853 -0.0790785692357726 -0.113365276807818 -0.109733441881025 -0.115701440581952 -0.0995329960400174 -0.165611466757357 -0.0500636297985776 -0.0760398201793001 -0.0582157261063267 -0.0381435390995705 0.0134139004725494 0.0229520737550665 0.0372390036505472 0.0401582858177336 0.0472481220616742
-0.472091771046937 -0.404895691489411 -0.437022355388592 -0.448825406997169 -0.431358817870896 -0.436447360296729 -0.455403447224642 -0.430129130442053 -0.425743792426944 -0.404232194120729 -0.400478546695845 -0.270176502064663 -0.234619525503757 -0.251054231831325 -0.27864648128196 -0.276300548375522 0.0302522560606541 -0.00158503813191213 -0.000475953073152291 -0.00579761830124637 -0.0125159237120285 -8.07420011830207e-05 -0.000513353569371544 -0.0243035465697445 -0.0557801366012086 -0.0563042852491469 -0.0403256949876465 -0.0529496118486779 -0.0478280412284398 -0.0360937996256783 -0.041916082755467 0.00532345333052509 0.0226823738845616 0.0540180953296856 -0.0362732068725055 -0.0189973587691904 0.0102691716797105 0.0207782661692835 -0.0588278951368602 -0.109879423470835 -0.144129294757841 -0.149198737997426 -0.12246165732732 -0.0289677283691357 -0.0162982420975181 0.00474100235501806 0.0291586600242433 0.0401422117252097 0.0382299307738558 0.0345359490352059 0.0552320298762922
-0.447758654496411 -0.440020382842516 -0.457220759452233 -0.437720225815641 -0.451705702795938 -0.458068257175554 -0.450795686768755 -0.431988732075082 -0.398588381572485 -0.417749477241058 -0.349434203607813 -0.301084185808382 -0.24461863574896 -0.221202277811882 -0.268924382302077 -0.249433910262172 -0.272056497063579 -0.00975665181144358 -0.00796703584247804 -0.00653020796483417 -0.00291628644270026 0.022526332936424 -0.00579586497073004 -0.022044909481327 -0.0519799641683376 -0.0590552632679555 -0.0459947914750202 -0.050894801560165 -0.0392547209956465 -0.0330464734134217 -0.0473961879564294 0.00593163112257289 -0.0381360936323115 0.104437665358595 0.00228588576104138 0.0427201953997531 -0.00306900547807998 -0.0311374514547856 -0.0536367246707569 -0.0974019161339611 -0.0771757396798545 -0.155552716400089 -0.170295635147605 0.00013472876041698 0.00500215012636296 0.0445284379927718 0.072776355090636 0.0570750364847692 0.0430720867490451 0.0295021463389766 0.0522653088217677
-0.458043769976717 -0.464718034632192 -0.479588633072487 -0.438676283326482 -0.465737380724833 -0.51427560197457 -0.457789255520228 -0.439900005245039 -0.418718247381893 -0.368601952239002 -0.329222698724685 -0.24505613964115 -0.221263383973319 -0.225678085462024 -0.235616866940611 -0.261568118377296 0.0485535112677641 -0.0174291876705253 -0.0343088317681572 -0.0164094294599849 -0.00435627803598515 0.0263097505938409 -0.0041937779701996 -0.0345374581357053 -0.0540817573087192 -0.0439310574714702 -0.0561655875075361 -0.0501918517794253 -0.0461797579993467 -0.0448369819751467 -0.060522972968134 -0.00619295624165794 -0.0546173842319611 0.0354897362207496 -0.0742664559750461 0.0296297368671383 0.0127456998782302 -0.0398420761762003 -0.0561478052170641 -0.0701221270528319 -0.106950439127859 -0.0848726074418595 -0.0962340269349354 -0.0714767434433407 0.0199430709684896 0.0599111298034549 0.0740735249046075 0.0740228500962071 0.0690340383480348 0.0553919495110108 0.070493992643223
-0.478654334380927 -0.484694466367545 -0.491321398001122 -0.479143810871826 -0.501735384170232 -0.501514401957301 -0.502829382563679 -0.440494258179535 -0.442171555459398 -0.341820343975128 -0.26834787122855 -0.210635501533633 -0.219145271722349 -0.219868778557508 -0.22467501217037 -0.255762661037872 0.0173027147788838 -0.0282976404891757 -0.0615561513048991 -0.0498460356480456 0.0143786097259245 0.0104521468648524 0.0289632553918259 -0.0125938381445135 -0.0482967026731014 -0.0595799177335958 -0.0574726899947153 -0.070541453058763 -0.0619347051619352 -0.0675245820857631 -0.0406111504569537 -0.00473426962627121 0.00951673508847861 0.0329059135167734 0.00918155114368924 -0.0484228794654934 -0.0361957848163512 -0.0365352088964866 -0.029490371409164 -0.0663011348012774 -0.0813690151477511 -0.114320174004091 -0.0990876056995302 0.0273346872921568 0.105936143226092 0.0882336510161334 0.0923492585895186 0.0875187503828804 0.0758642711070556 0.0683483554641063 0.0855039128335243
-0.474899383934978 -0.486164851193344 -0.485528148577447 -0.519526743399621 -0.5581796490461 -0.492084977448561 -0.45081838507405 -0.493384479698697 0.0107317390131529 -0.366253624062503 -0.25684007735773 -0.243431229803101 -0.197017913765687 -0.222461186024587 -0.221214573705277 -0.238092172977778 0.0307021709764809 0.0256548322307545 -0.0540352272027007 -0.0689195199319717 -0.0636050841901287 -0.0322787512422525 0.00652405812263135 0.00379707696909271 -0.0313484960331546 -0.0367792734292395 -0.0542753695169825 -0.0724742003065214 -0.075523994994224 -0.0906528502843106 -0.0493546130829066 -0.0114503686033133 0.00390668549061124 -0.0245424107437904 0.000988765255618196 -0.0318206758348601 -0.0315243171535737 -0.0894360333700471 -0.0916475072054806 -0.0554467249859659 -0.0357485421825574 -0.0802573882170905 -0.109592768623591 0.0108810675626997 0.121156837076586 0.123630889104831 0.106388486052917 0.0832354707469488 0.0687546748596336 0.058323873054734 0.0656861044674332
-0.764129910886147 -0.505179097807712 -0.468357529561713 -0.481918279576215 -0.534309387718286 -0.508631916056062 -0.43290302008545 -0.439719680059541 0.0169999062802678 -0.391454999480972 -0.304208718813372 -0.243560241400127 -0.287234466664316 -0.245782650301562 -0.228233099947594 -0.224596308571558 -0.286862564565529 0.0244881336497473 0.0321468393417532 -0.0467733830008723 -0.0918120557878087 -0.0838443800449813 -0.0386523284070943 0.0093760305623356 0.014077103675546 0.00400281956867021 -0.0221369963438337 -0.0655515816593568 -0.0834069014587273 -0.139950831730347 -0.0650813117277013 -0.0265561938779389 -0.0201260296129997 -0.00677246188463343 0.0223877539119643 -0.00389727569907672 -0.0270826648448692 -0.100561811834965 -0.12485034103107 0.0638906796834783 -0.00192867695773902 0.0543147707148859 0.00696152944202033 0.0043166654566853 0.0680669625107303 0.12970892799214 0.105072396092481 0.0996140765361311 0.0810567248047909 0.0630817929846156 0.0542996873084839
-0.715897929195814 -0.774795301382056 -0.474282303946873 -0.480973018639345 -0.525663126667061 -0.540657218955803 -0.507490511716623 -0.434237512129457 -0.452617952424536 -0.399875651457975 -0.301219210079013 -0.400908692031837 -0.419240562014402 -0.323403877817558 -0.246311219379219 -0.262550716968829 -0.227506414681194 0.0709827413755588 -0.283889640824183 -0.0386479012615106 -0.0536966844982329 -0.109271848750241 -0.0894461874836224 -0.0216685663723577 9.48297617247018e-05 -0.0266713235900662 -0.0443707438913851 -0.06484082414106 -0.100979046715719 -0.107693856489032 -0.103333234213377 -0.0568128089088455 -0.0217393922885465 -0.0739727809471664 -0.0492283488915608 -0.0671822341536287 -0.0556160474156524 -0.0891008641102365 -0.095350520832162 -0.100186581424546 0.00931410803117405 0.0067016035393227 0.00656854978450772 -0.0256297417911305 0.0289108892585795 0.0655558904446591 0.117404158816538 -0.0147548499691729 -0.030453223225434 0.0392056619363564 0.0425502322776953
-0.73609590549128 -0.746322964358856 -0.795470843546865 -0.532877513373724 -0.539983177080002 -0.545511031531816 -0.521224982815784 -0.525172439833709 -0.536443761608196 -0.477074779528389 -0.41170912415903 -0.447775137163988 -0.0399709210629767 -0.444007255480993 -0.276548302336244 -0.235973942683853 -0.252578831588583 0.0353457595050085 -0.249706568200784 -0.00976396025697202 -0.0407541898840644 -0.0450667663746771 -0.067553819806022 -0.074754553356521 -0.0456688728475309 -0.0395463006961912 -0.0601040009498228 -0.0929126502624905 -0.121322478862878 -0.142958451076289 -0.125613315928119 -0.0804464529037958 0.00280409353313049 0.0183880980676369 -0.036881985901383 -0.0433977324511386 -0.0647148477758347 -0.110365399574521 -0.118412043595215 -0.124014901788559 -0.0970273348796985 -0.122821690743462 -0.0176093049262863 -0.0100168332290019 -0.00533981651129134 -0.0358834400489029 0.0551956038432476 -0.0113789559003604 -0.0211198103241381 0.0420962664903359 0.0221968800898124
