data/pcas/pcas_can_585/pca_referenceLayers_can_585/PC09.asc
NCOLS 494 
NROWS 529 
XLLCORNER -117.166666666667 
YLLCORNER -55.5 
CELLSIZE 0.166666666666667 
NODATA_value -3.4e+38 
[rows 242 to 263 of 529, columns 255 to 305 of 494]
-0.140373540483228 -0.155202939578264 -0.167320898969932 -0.186518468186088 -0.186269987882941 -0.192884643164639 -0.201742002279439 -0.196136104372285 -0.193557791240173 -0.193007967566598 -0.189649136755967 -0.18058359051247 -0.202740308133898 -0.217862866519094 -0.231848392749161 -0.243975435191365 -0.246732143423698 -0.269882490912495 -0.259075151276191 -0.400496573132426 -0.392113309047781 0.109059078557593 -0.0663170854612853 -0.084390495152859 -0.111353428895378 -0.110572036829754 -0.132578499218616 -0.14000731224975 -0.138463166210233 -0.13076413685319 -0.123172240849318 -0.150365356320906 -0.146427176631288 -0.149242965958791 -0.150542739441236 -0.149894326743953 -0.154817302919641 -0.148624982841539 -0.140142846447919 -0.132637792059616 -0.129411672323946 -0.121740906716332 -0.131646037984097 -0.154038047967024 -0.150093381065545 -0.167805274463628 -0.181785263163171 -0.187023065782511 -0.174534225833291 -0.162573616383015 -0.19750922268288
-0.154776736474445 -0.152236286412593 -0.170315435668702 -0.177784169422441 -0.180614933749418 -0.188103755193425 -0.196904575630095 -0.205298936086734 -0.205377893053337 -0.19717193991996 0.485326731643817 0.475278089966659 -0.220303150686943 -0.232200691105819 -0.243062118623111 -0.25016784078193 -0.246777656827293 -0.42006925255686 -0.251307269228572 -0.405128171441479 -0.396199682108881 -0.388365108485542 -0.398133376180627 -0.0656979813235943 -0.0966147475219848 -0.131513321886738 -0.155561640514935 -0.159738726127778 -0.157908067000116 -0.148633975309667 -0.149359952524897 -0.139856565009463 -0.167037984877712 0.145717429439442 -0.16373288202497 0.15358982559384 0.155099520600177 -0.162783519528538 0.170638626926122 -0.149376902120987 -0.155356801280442 -0.164055581226826 -0.168999972119964 -0.192955924402187 -0.185014856028997 -0.192838297716458 -0.194516878822114 -0.193233275143633 -0.191572640503447 -0.192996968441567 -0.198207735260368
0.3542723115871 0.156126735427625 0.392351116862279 0.406826934227955 0.427318686011788 -0.183944857843786 -0.185158616656586 0.209369110983141 -0.192383117186238 -0.194800187036144 -0.228629059626402 -0.242153881632358 0.170780172240964 -0.254730386421707 -0.255750511823786 -0.252639636949715 -0.246639336384325 -0.239481221449753 -0.247518373450071 -0.235428537712964 -0.210647016399608 -0.187414963997568 -0.372853353333372 -0.385533601326227 -0.10944057802474 -0.15638905761557 -0.17818803155006 0.0229732568084898 0.0495904044378551 -0.17664373779685 0.106165526919514 0.126020059211235 0.112416845508726 0.130429864433628 0.136066108158242 0.143759168133476 0.146354480658026 0.149130737512924 -0.174826107002397 -0.181380785444405 -0.187544718475862 -0.197196818246176 -0.211509148700918 -0.186017114525799 -0.207651839626173 -0.2106384255608 -0.214164772535092 -0.205979681761152 -0.218461045330657 -0.224963104455315 -0.236540448398084
0.338207385121444 0.369405520878965 0.390028953272971 0.40094018442078 0.415350975541085 0.426120565223753 0.448912111836309 0.467908733445616 0.480311267820373 0.49407716534852 0.480638422522969 0.17687279330753 0.162290958918499 0.154327733751163 -0.258650054630121 -0.2536886165854 -0.242200660542248 -0.240277770500159 -0.227271978455261 -0.402019720279606 -0.197861946016468 0.214190896354261 -0.396167247637481 0.242796358022388 -0.257625506116455 -0.340248190061154 0.000305158046361886 0.00698581769236206 0.0258063241385118 0.0575418602191684 0.0922870094347079 0.119029460892935 0.114723345969139 0.123505123744187 0.125243491273315 0.13539257028308 0.136602717398056 0.140379790659209 0.138721018820214 0.137212574395023 0.129629577826065 -0.218676910478775 -0.191388650952726 -0.212575579296051 -0.223503274127835 -0.220955573059855 -0.225671078909024 -0.231040358080702 -0.245974532373527 -0.252143169475515 -0.251455110050641
0.345270144829404 0.351999390675742 0.387940820821169 0.401384599314184 0.413349045472477 0.41716027859002 0.4413641527743 0.463307655064624 0.479926067862324 0.497755098462929 0.488196429198985 0.186407299191927 0.175133305059833 0.153260709925978 -0.256869674327287 0.143512269135184 0.136042720000837 -0.234646863059598 0.143829227633522 -0.221245367979766 -0.203373841607482 -0.420172320701554 -0.201946480121885 -0.220225595237515 -0.277205275922242 -0.536533300996373 -0.562451428971626 0.00110035434738742 0.0105469800963249 0.0398822117886721 0.0844950782889968 0.124749525568542 0.118690296573925 0.131133726718789 0.128100666541435 0.127049858610103 0.136973793917334 0.134927104689957 0.134081102776873 0.166285431283405 0.15820617765228 -0.197791235307312 -0.206412617051628 -0.228088115064648 -0.236635325854021 -0.241390569310569 -0.246255625764283 -0.25405597537942 -0.256595254136737 -0.258828863122291 -0.261494815729244
0.298324396198444 0.347677159264263 0.38088019194716 0.391993409801023 0.401883226179697 0.412660836396519 0.43024141516238 0.198851404125573 0.480906044599458 0.49683246685641 0.493380626078497 0.478414473948759 0.188869113212365 0.163383671701765 0.153050690098755 0.140604134445734 -0.246150992087151 0.135392785264503 -0.249759748234254 0.144535969107778 -0.232964548085139 -0.230121777696167 0.160415417710998 0.1382467140252 -0.306432290463723 -0.339959417516534 -0.366459617950401 -0.363651381744261 -0.356856450150127 -0.326841209391248 0.0849150290221523 0.122800122762736 0.118377157536935 0.128198889771778 0.126211040349117 0.12702979917003 0.135370226279605 0.165325061249725 0.165421873530237 0.158950469813344 0.152204998901517 -0.207981621519445 -0.235862006034031 -0.25798595545167 -0.263838937440254 -0.266394018920319 -0.264578866911097 -0.265856466535309 -0.260150271752044 -0.255484183463784 -0.258155869880897
0.498747519778781 0.306627611078107 0.346784046709527 0.367003182731074 0.376966843569921 0.398987101588962 0.424092179958715 0.446291900410574 0.476404589561678 0.50029367204733 0.491758221284565 0.487056765508027 0.199272927172075 0.454269653695865 0.154653319223016 0.140176228035551 0.131730825040874 0.124764484352043 0.12656221005676 0.12165113558427 0.134320837784064 0.128751265413268 0.118682462455376 -0.300106362631735 -0.327098575398604 -0.358463491479995 -0.371111044546124 0.347254926304953 -0.368844247180581 -0.330526745807781 0.0758577698635531 0.121436569942658 0.121799220143801 0.818194297844774 0.848178675565277 0.842261895823244 0.170533431061198 0.168862196390851 0.165920590021339 0.164944902675919 0.149741727562872 0.132550743105725 0.112853347411367 -0.27250092459545 -0.263321953127859 -0.276237851269008 -0.275888510719017 -0.268247310084534 -0.270981980281201 -0.261374372709056 -0.251551050244732
0.498395383202502 0.257176278903741 0.295782930280896 0.332979658615929 0.361784036132523 0.387832342943998 0.40810872719951 0.439664576358303 0.472434383762632 0.246160383558656 0.490897185437555 0.489378059579483 0.466791933583268 0.448670341077447 0.431916996173602 0.126164623916458 0.404858339018736 0.392604252399342 0.110788784314204 0.390146055570089 0.107103643058251 0.104828952930799 0.086167191781795 0.0717634480904254 -0.343753211607819 -0.370881782784325 -0.38113789206868 -0.382065035118175 -0.377203494704366 0.374697004747907 0.412305199632192 0.446582129865601 0.831115859416844 0.831749157773168 0.821927642411824 0.830356625476051 0.840332780366756 0.174857016862817 0.169537753210616 0.161559323888216 0.145294981776356 0.1346693902486 -0.240645808684467 -0.257947887273697 -0.265182335963416 -0.272773387928783 -0.276699184000043 -0.281358188977648 -0.272897041463658 -0.267258429475374 -0.257874672336143
0.51220056332521 0.500241919292513 0.531978210327891 0.564051992919328 0.596671697353992 0.375332272709078 0.399236346300913 0.430874563645523 0.46816751546356 0.491720242915048 0.487759515496864 0.479972068655969 0.204332976438988 0.172605287747364 0.146965322938181 0.404890874351787 0.397711066167273 0.387267720685984 0.383334739990865 0.37796476336931 0.0856978505179145 0.0789782206137756 -0.318392684603891 -0.335890899768266 0.335381703911448 -0.382281840679994 -0.398895976734085 0.310907890139212 -0.381799642969818 -0.349524712781133 0.392089059538693 0.419610690614566 0.782869660301464 0.788998043317555 0.795005273165506 0.808053421354802 0.827873898782695 0.172343126375214 0.171044460428664 0.165510999801676 0.157312282330392 0.147345774210602 0.132628997289752 -0.252220813717 -0.256964574081826 -0.262449841841724 -0.280751472056636 -0.280620902292619 -0.278480285192529 -0.270697144830515 -0.266767127343412
-0.166429424263305 0.485595731691563 0.52650589696402 0.557601743377928 0.586454660473799 0.6259445917916 0.396419405847695 0.43010396830042 0.461906710926477 0.490109237289905 0.481858363868208 0.475558927727354 0.458440339181164 0.438459325340899 0.421077342507396 0.398978945812464 0.388047641494381 0.380311383050318 0.367369855234163 0.364401633577087 0.365903312088611 0.355604907246439 0.346482160183827 0.33043005741215 -0.372144006507453 -0.395042667907894 -0.408443560310582 0.295351349366194 0.308954881121613 0.329411760448534 0.36753407052609 0.388367690798879 0.410901664376678 0.739085438177482 0.741558062866227 0.764026796642904 0.789188147834759 0.538796203303761 0.176009645284944 0.178097429026215 0.170439547003381 0.156385101708731 -0.203622863217286 -0.21915033137453 0.165840760624794 -0.237811819917653 -0.263023756696692 -0.269819600282982 -0.276160320200054 -0.279823557200667 -0.272367807521864
-0.0993627501941307 0.486961489114826 0.511929444915151 0.556087040841045 0.584589024843652 0.62029712450406 0.658761318029976 0.687607977570003 0.462993982662691 0.487296852311038 0.476012918286656 0.466428044065451 0.449985569788744 0.439074445258127 0.14274736947563 0.399469064016042 0.373643294108619 0.366385796114251 0.363821596664098 0.356021454939112 0.345436152455011 0.338586758946651 0.328695961301534 0.320115125104612 0.301566453731527 0.282101721244866 0.278771655868095 0.285157907666106 0.288672972914052 0.311808822980294 0.334079870880411 0.358547383591255 0.383881573200326 0.70182296937848 0.715749807382513 0.729107599731649 0.743692296732212 0.765161263051237 0.756993353290704 0.182055465532336 0.186266648928896 0.179677228814419 0.176747318032836 0.186272532474478 -0.191313387148469 -0.227942647535077 -0.252448957850642 -0.267796662302832 -0.287876745050819 -0.282672755291547 -0.276839529236849
-0.0316980411695931 0.517255814619643 0.504395823855433 0.544654053466397 0.590350943252957 0.621530990598014 0.662060828837204 0.698337908314865 0.469811881453635 0.49078073944197 0.478112145227418 0.463952371341636 0.447077147171386 0.444717108685896 0.424468383032395 0.399549941672102 0.382563224382965 0.362848759128446 0.361902525958243 0.344809896434267 0.342382806113342 0.330219039160313 0.321006828687082 0.307778790916194 0.288278838400251 0.273776753813152 0.262164613660342 0.268717584024907 0.279567841013588 0.29160676537419 0.308606487458251 0.3234486945365 0.360564159321138 0.391803749909146 0.684676438333225 0.691340538432011 0.703545796615823 0.719915723821253 0.193611158232362 0.198999920468328 0.213049319131049 0.203940886583024 0.202529606558853 0.189124196381669 -0.169409560831667 -0.211980559587551 -0.250746969487084 -0.271445957406817 -0.28858852959459 -0.284831208828955 -0.283072366257995
0.608514009182178 0.57113976469037 0.517752305970278 0.538518919946831 0.584476222295802 0.624934986398361 0.66498096166788 0.698067566697186 0.474673244858361 0.493167814707826 0.482469487268411 0.463231252380888 0.454268165051559 0.446210972010196 0.427989584443236 0.406851467731859 0.385859773695323 0.367392116530694 0.364695091926653 0.352140945852048 0.338490282991533 0.335424087662923 0.318836950299189 0.30158011628419 0.278102613737853 0.255884141024442 0.245798775954643 0.261264667161165 0.26875126841279 0.282949141712653 0.297029013126495 0.318478661859763 0.342005640304185 0.37259992813026 0.397210409159004 0.668372505524088 0.682290346710023 0.683328231150939 0.68388487204059 0.692973097681136 0.238812316325586 0.243435787358608 0.212885748698241 0.190248694712543 -0.154626480861611 -0.203963883851708 -0.23728734288202 -0.267014931730276 -0.29063421053255 -0.287698400569578 -0.279418092159764
0.52260956138432 0.641718476980438 0.54672159939746 0.522511130117149 0.561113272450704 0.613239478969443 0.65015157409381 0.673376286305511 0.71445586395756 0.726587456168367 0.459043800260502 0.452841120271964 0.440093409156696 0.429355102888613 0.420386835517958 0.411671636414461 0.386856805133361 0.377463830128832 0.366109820998197 0.354092228738208 0.350908222948908 0.341702138564486 0.322215991460993 0.31043911450748 0.291878204411538 0.267757378878224 0.254515238285589 0.266339872261841 0.283090770049335 0.293650771416654 0.300656056830515 0.321783039892844 0.349718694927508 0.375036434480489 0.397332996574902 0.66198114517527 0.666016252713724 0.668984042079846 0.672853921096271 0.506393237284293 0.528601231678942 0.289575374523382 0.227148557146314 0.201555995768815 -0.144994646227973 -0.18650410836199 -0.225002264970783 -0.267473384656972 -0.28593876674242 -0.292553112747817 -0.295722356401982
0.597626478123813 0.67347353031196 0.650069412118022 0.506428422229835 0.546930511325055 0.598488178476836 0.63518539414367 0.654612816660121 0.694517886897872 0.7146086883016 0.702447383301958 0.429115279046258 0.429743031124782 0.416583768275776 0.412419860778683 0.408930974756706 0.395862410432542 0.389686108529876 0.380786235247788 0.364805967458173 0.354920519983532 0.344808463904588 0.334185459648621 0.320598417255344 0.310211164900416 0.281399443650102 0.276301632756387 0.278921576690728 0.292405089197291 0.297217844698769 0.311315554079922 0.327529354338628 0.356330765434399 0.378031078525457 0.64733275658691 0.66201069986514 0.662607069938623 0.661205185661257 0.650296445254648 0.495200896620746 0.518468077687786 0.289040439852097 0.239161993472501 -0.073638489419923 -0.129615326515846 -0.174409802667492 -0.227305766976561 -0.263899180252089 -0.285851503373776 -0.284800947746154 -0.286494068845585
0.656327282172109 0.713882387288877 -0.0281228383536368 0.536736050673418 0.550850746751873 0.594220560354987 0.629307918414544 0.653921853325963 0.692926817686236 0.710578147890213 0.692240552849197 0.695074716247102 0.414831805125118 0.414980118625273 0.411899727200622 0.405706115372842 0.399081799945994 0.393621422125253 0.38909845646835 0.372695670152307 0.362464145060916 0.35297997416377 0.34663526683877 0.336992571971685 0.320655720784186 0.305712698261967 0.297108931169384 0.298741527904831 0.302963912007705 0.301511396805344 0.312340112040751 0.330397320259927 0.351971539487688 0.376389593108204 0.401050436595198 0.666550626079748 0.676235126015266 0.670013519450611 0.653741043962379 0.642380017578115 0.494381449093388 0.497080206554657 0.221979000857905 -0.0854237067131002 -0.131578036570423 -0.184611016146812 -0.227903862011371 -0.254801952413224 -0.274950287921767 -0.28020271663509 -0.277016546208918
0.712521716103666 0.742596855934667 -0.00547963941573398 0.584239617848345 0.561592561615288 0.604546032518972 0.640846117874431 0.655506064567477 0.665304387318791 0.685888363069193 0.690934588429735 0.694971671949885 0.698969181298456 0.413146581783215 0.413953622004465 0.41212671724327 0.404259995150289 0.403483861039739 0.392285423611718 0.385402523689415 0.371725014097451 0.371246019815209 0.363108334198581 0.356042006425453 0.338709041960482 0.323474038179074 0.319242678591264 0.309488903887451 0.313117783217865 0.308222955491477 0.308970946305091 0.331585151601798 0.351903999220953 0.376465026671051 0.406356721474289 0.672329640539977 0.694559523871367 0.686349249648186 0.664462262704872 0.644017784251538 0.471406485383335 0.189717658268425 0.181878860688656 -0.109760598909971 -0.163310379692922 -0.199897006056971 -0.225894822004275 -0.25538404735544 -0.263008282797784 -0.268824780792837 -0.270494872723981
0.768365763797618 0.763238153941636 0.772896975119471 0.664944852794962 0.568945856637074 0.601884030086427 0.64652967059288 0.642217377076115 0.666407968505638 0.684972656360452 0.690193403358191 0.703801031626068 0.705012930268672 0.718126097274582 0.725872087299456 0.40596316820106 0.407403893850843 0.406161217246788 0.404877504850846 0.401214974640855 0.393070858251805 0.391406470771419 0.385598659059971 0.377611690598096 0.364797065224635 0.348347848372811 0.33358217233559 0.324748137440999 0.316521707991487 0.314378526804564 0.316175874620424 0.317900106506737 0.349746159681831 0.371507069402816 0.655322647121058 0.685334674325034 0.718050992994692 0.713277960352628 0.683161560813951 0.663682767312533 0.474489508798741 0.158662783404848 -0.120345945402157 -0.148189783441755 -0.172292035733154 -0.198855016809264 -0.223101851347582 -0.252806498043999 -0.259306987815197 -0.261615075617953 -0.2643114679866
0.835569314749166 0.809016939937521 0.792321495282689 0.785358796230346 0.662135778459531 0.613225374512631 0.614978823256009 0.64151981582616 0.674915259359326 0.704421306607473 0.710166225478128 0.719081200941071 0.725903774024599 0.737501390705622 0.739800675945145 0.41258826463067 0.410627790217601 0.414786089084915 0.417923126793753 0.419415068957992 0.425165110261791 0.415959071378837 0.408379576021178 0.400614649943937 0.390989786282018 0.377034229480158 0.365761562090299 0.350764155706662 0.346341321991347 0.333016294971341 0.320498476729411 0.332800505695616 0.359095064752149 0.640380194283668 0.664371893012822 0.684808413198775 0.720052670879207 0.735044114051092 0.702831482349784 0.661326924283661 0.638527778953568 0.123663121124657 -0.165051419456709 -0.167352556282027 -0.180492624437659 -0.202914971191156 -0.219427212809688 -0.247314193265003 -0.259494971955989 -0.253833459832114 -0.2510056240672
0.813301618756195 0.851638738351677 0.811785028939411 0.77926669786948 0.740584389080503 0.618580106611158 0.625610110916755 0.65846355813029 0.684590884662856 0.709394617421959 0.729270827252708 0.744563003659577 0.750737642343202 0.759050580794065 0.764852383853872 0.768994697859015 0.769099078108242 0.771031182475994 0.437618132652223 0.442097962530666 0.446956889024658 0.447738995209246 0.442522214761274 0.439299367621269 0.420124581117621 0.420554156926646 0.413778583938564 0.394267818693558 0.380427203616948 0.357202942075139 0.349231922989785 0.345950102066042 0.364442133190314 0.642377988530642 0.419571337650306 0.697172720629223 0.710074804662615 0.701476779801096 0.678965485854113 0.660804926475259 0.642525740627968 -0.164060354902317 -0.166897170388897 -0.169902320697412 -0.18073441476829 -0.193436082621497 -0.215644927261072 -0.241086814010542 -0.247233946222066 -0.239760947756552 -0.237373095794476
0.819201642124521 0.761048618788949 0.754738702340296 0.789997441365764 0.804622874728507 0.663630801345604 0.651421128646615 0.678325411001152 0.706037059860909 0.729145465900439 0.751389350282216 0.760854544614122 0.77453253686523 0.78295829581636 0.806356228818101 0.818167294366655 0.824473865882471 0.822112738568254 0.82175506235075 0.471382500877724 0.475044214102534 0.476281669437636 0.478860219490513 0.476319432519768 0.47573748337274 0.468435544996758 0.457482504111522 0.444743295299494 0.424038103884975 0.397049613224909 0.383409474816553 0.377765297660437 0.383113381156406 0.37795654413142 0.402139212095491 0.68835840372566 0.702665839823361 0.686808790532031 0.673338143530954 0.656327806165969 0.640982071523025 0.119632480563833 -0.166084649381451 -0.169748144906815 -0.169861063895853 -0.18267367419351 -0.190446183931899 -0.207056221640787 -0.215469696279955 -0.201964661497107 -0.20808221712669
0.756410910643729 0.749462055175527 0.68064715947985 0.768029816803103 0.719447503353458 0.677493761478355 0.650876798184809 0.705453149045538 0.727688958129889 0.754619128926649 0.7593283895174 0.787013650137877 0.807945337888224 0.822771269112588 0.849265345851831 0.865426956047879 0.868094841798863 0.872323776479333 0.503562279044495 0.879436571703909 0.512336400829635 0.516237404167595 0.882615424716637 0.530232893737328 0.529760739255583 0.526576720040997 0.518067556966455 0.49817696625474 0.475400856829522 0.452342955894684 0.44045782755652 0.697678785609061 0.419626879870026 0.412477505391041 0.684934684830545 0.684275167118568 0.695212291005386 0.686311179040843 0.671929940442771 0.651906074759458 0.646835256316896 0.635082184215957 -0.166546072347022 -0.161392909596357 -0.161043892763281 -0.155921897606612 -0.157056862800036 -0.154833495740577 -0.151476157816941 -0.157364476864476 -0.172716347407404
