data/pcas/pcas_can_585/pca_referenceLayers_can_585/PC09.asc
NCOLS 494 
NROWS 529 
XLLCORNER -117.166666666667 
YLLCORNER -55.5 
CELLSIZE 0.166666666666667 
NODATA_value -3.4e+38 
[rows 352 to 373 of 529, columns 357 to 407 of 494]
-0.0363503251435314 -0.0433221542193038 0.0272695872172285 0.0691328523054956 0.0348188567289288 -0.00135792922920258 -0.020000148941336 0.0925978247925343 0.151178716982658 0.0424889877954577 0.0705004688933514 0.089100236889032 0.253442750833368 0.265016727753394 0.247015300616261 0.218196515377264 0.128023934600094 0.0923570511861225 0.0901805731658513 0.068668512328207 -0.112676585346205 -0.111016656412381 -0.119111411781179 -0.107159363637775 -0.105664882016417 -0.100770109764954 -0.0795950315735454 -0.0564199862029555 -0.0223279346870412 0.00496783545231732 0.00931435638098436 -0.0201391179670671 -0.032672515617941 -0.0483853938531963 0.00103802896486573 0.00990466150246386 -0.00359800702135673 -0.00204027374394385 -0.00217876870512504 0.0057410385117328 0.0120021318681597 0.0254334720465226 -0.0198913308849696 -0.0646919012915367 -0.0854038353791882 -0.0776731560917434 -0.0612012548422723 -0.0780063118402357 -0.116152666742104 -0.149545289965202 -0.189449059275163
-0.0455216288069171 -0.0211177501249684 0.0316833872632315 0.0289555248180692 0.0259240579587455 -0.0145023329220461 0.0358970484093963 0.110359167814713 0.148966800323194 0.170504458868544 0.0613125798626217 0.0703228302475286 0.0776411027063891 0.249403515755898 0.250674575061611 0.157383418781992 0.128982627551072 0.0825951879502519 0.0724050083897892 0.0557529670899461 0.0284919591497081 -0.116886407112453 -0.118266769008353 -0.106829607070985 -0.0895495157358552 -0.0850192425038325 -0.0763059701147128 -0.0495630134585996 -0.0255541744379093 -0.0123614655089705 -0.016719776572023 0.0280437156470231 -0.0526853173067098 0.0379633182721015 0.0485419446125632 0.042210369741164 0.0379691162408348 0.0348592977491724 0.0168717121820916 0.0317251477451604 0.0635522615503368 0.0575661607728229 0.00867184121373443 -0.021798164884952 -0.0489903666199426 -0.0510662913130988 -0.0557686894127412 -0.0697545301878962 -0.106185363234524 -0.140322448930054 -0.178312537859456
-0.0521047506527965 -0.0375682337252002 -0.00952107851262113 0.0154685782739141 -0.0186468796880371 0.0248439621948955 0.0534188135225403 0.0942138674526306 0.108526648245038 0.153454342457104 0.0375718681820754 0.182911545198005 0.0837456299711596 0.195468393084022 0.179817579235606 0.152290137812258 0.131167454369403 0.0742859175144986 0.0518269153111282 0.0378810941717144 0.0195125913285083 -0.123541310313436 -0.108135094643159 -0.117877875541141 -0.0920672588944243 -0.0978811698189646 -0.08302923795556 -0.0670114232791224 -0.0636473319710917 -0.0426481259548745 -0.0519812142113556 -0.0727909301197178 -0.0814380581828957 0.0463727925639757 0.0743160608848768 0.0765428110345407 0.0686055430287143 0.0555112570620131 0.0395041182102753 0.0500896119146294 0.0483817286626435 0.0467363695030038 0.0165016837820111 -0.00301181478153961 -0.0197965120830113 -0.0419921606526626 -0.0526861480236647 -0.0767994249753484 -0.0952252585698906 -0.142749178057001 -0.183785060227855
-0.051563582645519 -0.0521732526321503 -0.0346105939532439 -0.00794437454530761 0.00899189483457835 0.0156485746519207 0.0351592875429818 0.0595279491535298 0.0714166180424575 0.0576586297371553 0.0836786359779394 -0.0348184650800765 0.00315128564737573 0.170028641749572 0.170876718569122 0.162571295871175 0.128358430760698 0.0752872942177416 0.0243471961237291 0.0307729489040738 0.0135410196481847 -0.123476801277282 -0.118453789491878 -0.126606906620951 -0.0985599256236217 -0.12600849239464 -0.101564832526683 -0.0925644379289801 -0.083684832988432 -0.0798294741981636 -0.0664323950754992 -0.0687485250855297 0.0242332092569648 0.0426981255402099 0.0701051109180904 0.0973925928989229 0.100854881085711 0.0680669681996983 0.061273170148617 0.0735776557473372 0.0560055501823248 0.0516690374767055 0.0381584598314654 0.00506468889938264 -0.0227703940508885 -0.0504728361495382 -0.0754014855366328 -0.0836110635992947 -0.111166660798461 -0.148946430253978 -0.125030873390732
-0.0449573362499727 -0.0459207497102462 -0.0400398518234804 -0.026499336765999 -0.00676575326920625 0.00221708981650409 0.014512199415091 -0.00239740659321941 0.0193911064001616 0.0449629793309234 0.0383807977561109 0.0858817972068273 0.118634762732444 -0.00810452870615649 0.00933006001168085 0.163560748705458 0.128597304880858 0.0842005597329051 0.0421268581280091 -0.162345020947111 0.0199538373922262 -0.140078129308674 -0.138260481062149 -0.13633687381681 -0.115331235473436 -0.145033950523458 -0.119123189373949 -0.114957387875766 -0.122465313591426 -0.118960333706476 -0.100266797383588 -0.0925322892321033 0.0349920640732655 0.0464047308646319 0.0623076239341519 0.0923758227708718 0.109094758924684 0.091546987293981 0.0768959810632287 0.0814964052986554 0.0780672087089896 0.0647298075325319 0.0501937070084388 0.0270860881428331 -0.0162876500095074 -0.0496469990120125 -0.0834931288408676 -0.10800768597821 -0.128639192892112 -0.155020414152371 -0.10170550494516
-0.051020316595979 -0.0401605417030857 -0.0306479953983867 -0.0228840260436265 -0.0118348770762746 -0.00401556227824629 -0.0553420870865587 -0.0389914501130993 -0.0246073422061173 0.00588032420052709 0.043536043792243 0.0486829296167526 0.0901905907337771 0.11518011451652 0.15299537486467 -0.00719813234383097 -0.0498576748968603 0.0883959902404061 0.0501335788862948 -0.130830309012701 -0.170693121695149 -0.00349013780054663 -0.169860010850011 -0.159448707054685 -0.126430786180913 -0.153635851715961 -0.125362416712544 -0.13594700437511 -0.144583194036445 -0.146363094324574 -0.152714821142638 -0.000692670643827206 0.0267811921957107 0.0457003740416009 0.0757005884326284 0.089501762206661 0.0905169640158289 0.0861399738232933 0.0861697620383308 0.0810764002441381 0.0892662268493838 0.0768373365329513 0.0586013073358895 0.0451469437251687 -0.00774305017697875 -0.0367795607437942 -0.0732357150463679 -0.115597336683197 -0.139458194300117 -0.167729579652815 -0.0929747640057849
-0.0340769729673078 -0.0323866085392114 -0.0246000114192652 -0.00917628665922432 0.0012602039087608 -0.00353958857721853 -0.0693202731442929 -0.0607742276660863 -0.0587904984321693 -0.032556114045537 -0.00706459676221419 0.0234573134096738 0.0380943603119589 0.071621191494851 -0.0401522654311712 -0.0331171914027742 -0.0526539965051428 -0.0721383474449369 -0.0886021407547531 -0.115343238988035 0.00191907593967827 -0.187257291007245 -0.169451354088768 -0.171878705791151 -0.149586322859867 -0.160414124883601 -0.140558037541911 -0.139255728332836 -0.146809199088936 -0.158290424942233 -0.181188511348672 -0.174226742445087 0.0123123946160107 0.045715837990534 0.0706803325718319 0.0873023208761962 0.0856175392372268 0.0769510156722382 0.0832356784253402 0.0855204247790741 0.0940622676243072 0.0787778243760447 0.0686878732516364 0.0478646226573863 0.00134471326199725 -0.0297703516419989 -0.0668885581138511 -0.105906962921905 -0.136888711182076 -0.175255287243931 -0.12441184237314
-0.0113144485507322 0.0134509660005399 0.013657741506932 0.0163566022447603 0.00592953480669989 0.00308739345002018 -0.0490851734364768 -0.0667018660513173 -0.0966992558367341 -0.0979308090975656 -0.0554934274103765 -0.0172392472079453 0.00477394555753799 0.0551073320427998 -0.075263206147309 0.10187083076111 -0.0659696261851342 0.0721428228981909 -0.111285981351886 0.027978240144198 0.010069220529563 -0.0126199809531996 -0.0316834346978322 0.00407810462158838 -0.161125188686422 -0.142406693438802 -0.135147486662534 -0.137011576942178 -0.140507752743794 -0.153050340841122 -0.180734163646444 -0.115467169768719 -0.0174611598995669 0.0289193612674387 0.0708853798363534 0.0953084686741301 0.0988603765904372 0.10214784684782 0.106918256488339 0.0965336568720325 0.0979309574450802 0.0757416967346376 0.0678342317762659 0.0472428229063538 0.0164275576054691 -0.0267585208207485 -0.0581679736933938 -0.0986454836873713 -0.117928426148699 -0.152232040130612 -0.127167533980234
-0.00965649077348119 0.018805045734664 0.0316793561525241 0.0211240830944804 0.0129895245113165 -0.0113272616345527 -0.0865155947765172 -0.114615691744626 -0.109759577873789 -0.0913647457561167 -0.0997144382014896 -0.0403707810808051 -0.00380084857668644 0.0423652734289942 0.0739401983038994 0.0881654339774106 0.0607138064916259 0.0456332492198852 0.0252810465010517 0.0198205979508113 0.0127250611458457 -0.0132773377683455 0.0187232851699119 0.0157982988459029 -0.140699367303838 -0.131787439941714 -0.138624692304301 -0.140088864710039 -0.130539364435288 0.00893687798465873 -0.129125875706342 -0.0070931324550816 0.00910493701303072 0.031519917945324 0.0503290074229126 0.129085120671748 0.164484460728866 0.177573011441265 0.127888544001318 0.115034292235265 0.086796568099172 0.0718400553726943 0.0699459174778302 0.0554863996399656 0.0265443203189464 0.000868277193186967 -0.0385787724858978 -0.0768486541012026 -0.0969333986805471 -0.0756866856045027 -0.113957596547731
-0.00675399362936835 0.0155045802893753 0.039738817294277 0.0406452673427586 0.0325155786635324 0.00579239778184282 -0.0438744270466511 -0.0616992085897486 -0.0367314136386773 -0.0346686850502528 -0.0201462591595122 0.0102420060935837 0.0263096268826523 0.0561498249138972 0.0826388892005311 0.0725724674527249 0.0430067676920438 0.0199295117536077 0.0201770110892097 0.0152726660174936 -0.0128546162641751 -0.0230413607946581 0.0247116921651215 0.0288549823210453 0.0220339529855832 0.0228972821795268 0.00687671767968743 -0.128207128714361 0.0112624475073154 0.0112368112352003 0.0179649638231498 0.0275804188209892 0.0406431647897058 0.0558689371555777 0.0637318435608139 0.126985210143194 0.147997415759185 0.146979330235258 0.104515344756694 0.0952618909570955 0.0882745691754183 0.0822732953247642 0.072993304024842 0.0602339989708327 0.0348301390907225 0.0142158722760212 -0.0213018610038164 -0.0601812718582709 -0.0394606767568779 -0.0763341142001825 -0.103803815162268
-0.00327888286840111 0.00133388295208092 0.0187616491049845 0.032791333338339 0.039273222277184 0.0269386297032471 0.0248712518008945 0.0146312888576852 0.00684643296759141 0.0205465724131049 0.0455258309070549 0.0481011240764757 0.0721767820234349 0.0820608722315558 0.0790558394716959 0.0523704552923854 0.0286541211992613 0.0174218036348624 0.0201229550156971 0.00722430825027952 -0.00515616815395607 -0.0319856348223166 0.0227375808713271 0.0311418809177223 0.0271609586343692 0.0232994439040894 0.0200074672674044 0.00289600407989297 0.00812197507424268 0.0150469400428526 0.0819954865785276 0.077957066133297 0.0907187171921025 0.0595773121474324 0.104215384496923 0.127564754882897 0.149827297657221 0.154096309350496 0.101324432810402 0.0937022913819079 0.101174089644159 0.0925281277507537 0.0784986672151097 0.0605439662625763 0.0493583558931028 0.0224710211622776 0.0341656310606461 0.010686914568473 -0.0274650150248529 -0.0638103734595445 -0.0983727866767914
0.0193629864829586 0.0265110533644126 0.0315685539322079 0.0408874278302113 0.0467806290176647 0.0544328090836886 0.0631251355567572 0.0448098378430788 0.0564377993631491 0.0723182027690508 0.0716412307656051 0.107351357168709 0.125269824081459 0.116970683307755 0.0811283937222275 0.0474297480576809 0.0270328016318683 0.0112759541148379 0.0113556930882667 0.0079714267972681 -0.00108830286986455 -0.0176582502720022 0.0219150896363675 0.0278034134673961 0.0201351541801161 0.0158328738095505 0.0136457906992581 0.00183730685301839 0.00756054531767802 0.0753668618748622 0.0844652518612593 0.0944836386320481 0.0959319918717323 0.0840373281900759 0.0987027554111485 0.128410663639269 0.143031630733504 0.154084200348602 0.112251908862804 0.0920147592073391 0.0915579364583826 0.0857763589945401 0.0774877227750306 0.0675302486315778 0.0607437988363023 0.0892518584839516 0.0571382095469915 0.0074678468537957 -0.013573561998741 -0.0421871258756639 -0.108144628678484
0.0553405790557894 0.0557219457457501 0.0502791398115071 0.0508345170386114 0.0557931700667036 0.0695698797049152 0.111337922780246 0.126122631750291 0.102217132744239 0.125707635962249 0.118022908943454 0.137750734955303 0.142009064890442 0.11786669502255 0.0793718138155436 0.0342920323742582 0.0154554809640671 -0.00324387195023084 -0.00549687478372217 0.0013188325033883 0.00477272974002078 -0.0035347430422258 -0.00557562286087665 0.0277345740422883 0.0178778971374545 0.00867903743876406 0.0122093798998017 0.0110499161872388 0.0258616885543512 0.0747471131151128 0.0935572989732508 0.103707004338197 0.0985262409415004 0.10164713500673 0.107250775874782 0.131279319765462 0.130458063017595 0.142495990658862 0.112587012254836 0.109391048687785 0.0771160802177623 0.0714027300775859 0.0893525083636282 0.077170733412353 0.0609666697019372 0.0907622127164526 0.0720507064999866 0.0538528867589221 0.00547006014773832 -0.0687614069294952 -0.128586483653395
0.0649285535001772 0.0597778898918204 0.0665442045043115 0.0742969536787404 0.0849753184654353 0.102716358699578 0.138779408338391 0.159379883171154 0.191647280219825 0.144118839557388 0.157006786430363 0.148113007776657 0.148175846484696 0.1189050840329 0.0611011087046785 0.0115997830955457 0.015534306047802 -0.0132976022331033 -0.015947752153114 -0.0163789856235017 -0.0158368523345282 -0.0120624071789342 -0.0225713846764581 0.0203289548187757 0.00442517833802313 0.000210968175933961 0.0108893528658243 0.0142391901639341 0.0232136449931293 0.0647111696230474 0.0771417331985317 0.0802977089737839 0.093570801128441 0.0966775688253307 0.0776060155904346 0.0759980507641767 0.0769777399835024 0.0895431611395246 0.0931866558010673 0.0967177231804797 0.0825962075512625 0.0613036254891787 0.100100788670269 0.102422121706834 0.0805936871439536 0.0729675993720405 0.075910988536684 0.0435560595240564 0.0070081362088578 -0.0576929591396269 -0.108808595601427
0.068626086718399 0.075980580135774 0.0764081448453398 0.0829748980310668 0.11332165655754 0.133973058001442 0.161741599795486 0.193505337530001 0.19511248895772 0.234372489059588 0.226462891056572 0.168331930721312 0.143645252843984 0.10637016356967 0.0546241723764413 0.0302444262166541 -0.00327701201715673 0.00970542517967202 0.00610097990849943 -0.0183784078061385 -0.0233705305277876 -0.0158995402490848 -0.0290917812083574 -0.0461030764243625 0.0117072748583605 0.00197999621644037 0.00452096467055203 -0.00201084568536128 0.00335162511559976 0.00754453683689962 0.0455855551808413 0.0524835351081812 0.0612356211417938 0.0843530335775711 0.058248504637691 0.0633261796273102 0.0726541755393212 0.0727256013369696 0.0829904910481516 0.0769372257541051 0.0829884361157473 0.0727393321983569 0.0778698444983188 0.0581162066830841 0.0449824894348464 0.0483295937313159 0.0306105224520605 0.0223673914017694 -0.0066373110554906 -0.0476797361981128 -0.0983629165237411
0.0876467884935676 0.0942154095183154 0.105020493084813 0.112559618011977 0.13095614387643 0.150669003673876 0.176026782465193 0.20326608444641 0.205426286811704 0.236350847957585 0.249071680537746 0.221331018678332 0.141555338805366 0.102162307998286 0.0796034641722321 0.0305273933857348 0.0129087076672747 0.00750372366958408 0.0102069590418062 -0.0151259246048656 -0.0179380754557096 -0.0197777359895572 -0.0145530353879353 -0.0433322519744786 -0.052011959299314 -0.0109191689031167 -0.0203961118092966 -0.0238760630304116 -0.0268168056036907 -0.0290364498456302 -0.0319028455526272 0.000237797222743197 0.000181789135094916 0.0118088906338763 0.0321073002739124 0.0353924597176263 0.0615665602197713 0.0526979956565103 0.0756201842500428 0.063875075697693 0.0499679647684532 0.0731840008191646 0.0685797306049645 0.0534917066074618 0.0443144896483131 0.0450641971553203 0.0268346198449023 -0.00522385446185789 -0.0488999418321869 -0.0360215379063969 -0.0571658100365542
0.12244336020561 0.133222829518601 0.127144486536768 0.125592169314732 0.133876893488876 0.159488366512241 0.182628908954905 0.211583212374555 0.202191196034032 0.232211968362545 0.231274024605462 0.221760125395438 0.146654705358396 0.102458067584237 0.0934481527820973 0.0513475117994644 0.0277624756405722 0.0151022878511623 0.0182091838504033 -0.0136521095425548 -0.0168002197127412 -0.0106432948037839 -0.0141100577588356 -0.0226368600468887 -0.00338290667457719 -0.0286513224602069 -0.0433795494655401 -0.0635505468136662 -0.0628393257217661 -0.0708237210842241 -0.062561584430803 -0.0376454314307956 -0.0205466582100219 -0.0440242984498916 -0.0157563541592765 0.00747315639176909 0.0317873262887459 0.0395387342608912 0.0647894119632429 0.0540626374233518 0.0199157766912382 0.0148845529236034 0.00556167519868696 0.00587174463397083 0.0143782833934935 0.0119304070524793 -0.0133669462956008 -0.0324978405763116 -0.0219987873575984 -0.00837406338244517 -0.0354768132492249
0.122220089186076 0.122495629709692 0.119847991554889 0.128719760917778 0.138794276540234 0.158888550940388 0.184812402256114 0.202285849318056 0.224275116619901 0.240298304611519 0.210941490529992 0.201874300590763 0.184461852786055 0.135748443738982 0.101739671425808 0.0715594255560043 0.048292801822907 0.0300960217991685 -7.32507342360404e-05 0.00305731311317778 -0.0142559520913269 -0.0133153166778121 -0.0245871480958368 -0.0413113595271127 -0.0215162123764572 -0.0425409534018432 -0.0730121353560646 -0.107177857232979 -0.095810867894892 -0.0937599960744217 -0.0929003566692378 -0.0865409992882511 -0.0901073918201427 -0.0809892894811803 -0.0712417877210871 -0.0372461749027135 0.00403252787657233 0.0107410436614449 0.0152377397233167 0.055170467334844 0.0536165408051241 0.0159650247436567 -0.0112146889251575 -0.0195382434299756 -0.0231555378281958 -0.0270045713796479 -0.0401976643754158 -0.0257297582205487 -0.0102269330463218 -3.4e+38 -3.4e+38
0.114317802021525 0.110260683189966 0.115535319462268 0.125679247992479 0.134047631847671 0.1467428108991 0.169280383955993 0.190591754907332 0.207904177033318 0.218331978921925 0.220723662707656 0.219790052556113 0.181557932968815 0.17595905968263 0.112719244294471 0.0833518295614264 0.0663548525091274 0.0535842251152759 0.046109966903074 0.0307606203015383 -0.0100479825675828 -0.0147564389042503 -0.0393643434315429 -0.0233179292221168 -0.0402857399507903 -0.0529708984876699 -0.0897652703970067 -0.117292251191191 -0.141550293141225 -0.135668009092783 -0.169036490188722 -0.194720597712224 -0.188254669730869 -0.154909127912212 -0.135227455417076 -0.0975090275991278 -0.0570894077017383 -0.00848767207375169 0.0291543411027657 0.061962805578641 0.050466651997114 0.0197074141509449 -0.0188939553573041 -0.034649022631653 -0.0360392243623308 -0.039662051637227 -0.0551876329835193 -0.0495915559819325 -3.4e+38 -3.4e+38 -3.4e+38
0.101065109911116 0.0997146606249127 0.0946842659815803 0.104853154101845 0.125098006206665 0.133063016361658 0.15586766309201 0.174714810443034 0.193384006729484 0.210485851609677 0.205678015653585 0.19956844871402 0.192068094577963 0.179487774907624 0.118152288525325 0.0911830540405557 0.0755580183002949 0.0547517887137913 0.0443145951612695 0.0256686978642619 0.021981092583621 -0.0262973137275161 -0.0184751534046205 -0.0307295797722021 -0.0436709396236959 -0.0664363487871888 -0.106577325012853 -0.134945813580911 -0.162341203456664 -0.194922784464672 -0.225580699116519 -0.261093265413291 -0.288490433838892 -0.251804760019747 -0.2040605201102 -0.145911429765269 -0.0654452239351268 -0.0243978731175479 0.0321238153375276 0.0242568671764434 0.0140575578261004 -0.0115160221502507 -0.0492202547502943 -0.0754305041642273 -0.0764327922314087 -0.0785597704546785 -0.0747051637518624 -0.0780865610353295 -3.4e+38 -3.4e+38 -3.4e+38
0.0800808786766858 0.0721334704296814 0.0744041605322527 0.0852610974830085 0.0902153193458833 0.103498711288949 0.124352576097449 0.147419260013472 0.169437759255144 0.183419222918484 0.191241155870349 0.194147387160378 0.191439715728512 0.171856425951092 0.153526085670633 0.0939995195781358 0.077951585416177 0.0509289944809075 0.0369301534875054 0.0146292399739571 -0.00621970451196525 -0.0215682939659654 -0.032242048144133 -0.047784427541505 -0.0669839181514278 -0.0972042771943582 -0.132125122602422 -0.149286282175494 -0.179951663516339 -0.232762589206341 -0.280663069915599 -0.299049943224436 -0.338535674453278 -0.265844757919283 -0.224745612252878 -0.188198494855899 -0.12020879279721 -0.0672535554572345 -0.049533169134187 -0.0262819405562347 -0.0310071971265741 -0.0634096551553402 -0.087827096319874 -0.10311851952262 -0.0960082957207982 -0.107705683026861 -0.0970312285171625 -3.4e+38 -3.4e+38 -3.4e+38 -3.4e+38
0.0409019335012443 0.0325657768431302 0.0399389490650635 0.0507038002241939 0.0537355174486606 0.0731304908165656 0.0918179772010877 0.1133602848932 0.136202186099978 0.161949802809521 0.180587500411517 0.18976074428953 0.185138067005436 0.167931809191016 0.115859758449545 0.0979170389323419 0.089530849497764 0.0602482217785665 0.0401465122902839 0.0188726385769357 -0.001892270771528 -0.0198313130356178 -0.0272565284200938 -0.033963203880849 -0.062191779881494 -0.0955854958447594 -0.133663126088203 -0.165043386554015 -0.202841600899873 -0.248376808501478 -0.288805876108327 -0.326750086717252 -0.302327967090267 -0.263647245011919 -0.232460321260866 -0.194363278586534 -0.146705376745727 -0.0984971044095336 -0.0687444881091138 -0.0670827784711026 -0.0711597866133241 -0.0670428097024691 -0.0857665593367576 -0.122594011055675 -0.113001183823432 -0.105884863011301 -3.4e+38 -3.4e+38 -3.4e+38 -3.4e+38 -3.4e+38
