data/pcas/pcas_can_585/pca_referenceLayers_can_585/PC09.asc
NCOLS 494 
NROWS 529 
XLLCORNER -117.166666666667 
YLLCORNER -55.5 
CELLSIZE 0.166666666666667 
NODATA_value -3.4e+38 
[rows 418 to 439 of 529, columns 255 to 305 of 494]
-3.4e+38 -3.4e+38 -3.4e+38 -3.4e+38 -3.4e+38 -3.4e+38 -3.4e+38 -3.4e+38 -3.4e+38 -0.192986384797675 -0.228374265892928 -0.242365775293751 -0.244549625958244 -0.243896491627833 -0.249505324320731 -0.21193053716796 -0.165461199880678 -0.162093438521799 -0.184821706991024 -0.197327385977457 -0.209993643265092 -0.232522171550067 -0.230760120839349 -0.252770903439328 -0.263444677919138 -0.272172449699649 -0.259466784854728 -0.246019625935429 -0.193418259724151 -0.163740198700666 -0.106874514689747 -0.0545269697993682 -0.036877463192042 0.313314787520825 0.34052090765558 0.480213006629432 0.500459712809884 0.468154881892458 0.440652064804118 0.456724538099594 0.437031737850678 0.412448762151541 0.373183598276133 0.348478632492447 0.333763126747094 0.344191457149998 0.302480148732142 0.273774129024998 0.265905488934859 0.250607188605247 0.236646002533447
-3.4e+38 -3.4e+38 -3.4e+38 -3.4e+38 -3.4e+38 -3.4e+38 -3.4e+38 -3.4e+38 -3.4e+38 -0.173343513390972 -0.201117105386545 -0.248742138881613 -0.271991905908807 -0.267114760980896 -0.236271998696741 -0.204160270596411 -0.170419465289427 -0.154329343724959 -0.169979878088591 -0.1814125243315 -0.207026496564528 -0.21786009226653 -0.23729224144923 -0.23483968528258 -0.269608213488255 -0.263934573148701 -0.243694550801558 -0.227928267629191 -0.202917409788701 -0.163860302488868 -0.0924959618553157 -0.0531243156510588 -0.0440181502986975 0.270075610044553 0.431683496520306 0.45345214038289 0.485698095076399 0.48094774734517 0.446294627757709 0.434234066091248 0.431771016356179 0.402300869402102 0.375286312207476 0.349065150022878 0.337530528154451 0.33997658292671 0.319952897080616 0.29458351674833 0.28483982277246 0.245028765432011 0.241808793210099
-3.4e+38 -3.4e+38 -3.4e+38 -3.4e+38 -3.4e+38 -3.4e+38 -3.4e+38 -0.115010649950509 -0.134002761052344 -0.15740897735529 -0.180851617574564 -0.236839821693997 -0.265979115823196 -0.262097489392366 -0.234512144139108 -0.182710003108826 -0.146716042256744 -0.111879413940931 -0.147112078193647 -0.160430630419032 -0.169329351871516 -0.195452905472902 -0.219599349424095 -0.234577822891012 -0.2543608065925 -0.266293732005272 -0.252353670188198 -0.215462903171246 -0.173458982244716 -0.111697797303611 -0.057775350799364 -0.0524568560945723 0.170047335175727 0.327527604685573 0.412515967934688 0.532545461243912 0.47881295558653 0.461984760598596 0.446712935514604 0.413609676803331 0.409927840303074 0.393695820382773 0.405093050392944 0.363911637490456 0.347766003241812 0.319715805049187 0.320289969097461 0.311200301240603 0.293316818603877 0.269904266411722 0.255770499268117
-3.4e+38 -3.4e+38 -3.4e+38 -3.4e+38 -3.4e+38 -3.4e+38 -3.4e+38 -0.0979432681171666 -0.138722691578477 -0.148875731137999 -0.175389573977912 -0.227775679521625 -0.287653461197891 -0.284576467502458 -0.259293203440962 -0.190906929937635 -0.148921638418151 -0.0995951956162261 -0.122371258707026 -0.15842935109553 -0.175022487708026 -0.199711319883343 -0.217785413926066 -0.240973515293017 -0.258909213708997 -0.266611662890126 -0.233662451976343 -0.208132209172314 -0.157965771881397 -0.106156282793027 0.125336578473837 0.142057572817533 0.340550890938641 0.444751967331476 0.477376036094866 0.530872097262413 0.487753283520093 0.452490445170088 0.423576173604992 0.402230432178663 0.389409173485954 0.373594388240238 0.37141058643159 0.359697098270955 0.336281689752399 0.322412463924899 0.289944325591701 0.330882850291027 0.315880285062668 0.298156178154213 0.281299986303914
-3.4e+38 -3.4e+38 -3.4e+38 -3.4e+38 -3.4e+38 -3.4e+38 -3.4e+38 -0.075241252508036 -0.11583037964417 -0.139490343888742 -0.142874993859197 -0.200749012860192 -0.284150504228869 -0.298979211723832 -0.236439039448616 -0.169296863380509 -0.135435275468218 -0.0900951483162984 -0.104593772935926 -0.112700934040751 -0.157467473412606 -0.191817413635817 -0.209701272967231 -0.209115422515341 -0.215917807278383 -0.240633471903488 -0.215764465237393 -0.194280655471819 -0.170840309600144 -0.103082161675828 0.13309557037466 0.127802072325769 0.324350877984394 0.432702630313571 0.521690490121102 0.507155401430334 0.47364202615488 0.443121918189716 0.416547834409941 0.405634784197081 0.381649858074489 0.359743968698722 0.36127877856419 0.355442376337311 0.344449495356021 0.368489077304325 0.31238794865809 0.346378905211421 0.328876437751513 0.316964429804849 0.301055861094331
-3.4e+38 -3.4e+38 -3.4e+38 -3.4e+38 -3.4e+38 -3.4e+38 -3.4e+38 -0.0774787562306883 -0.0998969616506016 -0.131714610711748 -0.156764264938438 -0.226005755859481 -0.24102222711935 -0.22226224933046 -0.19374489706437 -0.137064146245442 -0.0581540401849956 -0.052349170995779 -0.0476471114922757 -0.112967357589934 -0.136885603821427 -0.171173799986067 -0.199022028392132 -0.181406778361492 -0.196405289273095 -0.224381691337118 -0.19504432769337 -0.18020345587333 -0.141423734320194 -0.112207638213617 -0.000684584436011493 0.178153883832691 0.163316774443918 0.366514877828784 0.498621951864974 0.472124547767942 0.462148826423353 0.446379900882784 0.414688633384067 0.406098775628448 0.391399256062716 0.368796984555881 0.365916216031814 0.355554788366321 0.334113657912563 0.343247553430129 0.333966049053133 0.36957156100925 0.354884945467518 0.338417466811113 0.320796478168152
-3.4e+38 -3.4e+38 -3.4e+38 -3.4e+38 -3.4e+38 -3.4e+38 -3.4e+38 -3.4e+38 -0.10440476335915 -0.127394800314435 -0.181107313927116 -0.20464795708739 -0.19890116724816 -0.16195385564558 -0.138332981542496 -0.0894603852132821 -0.0461540964106609 -0.0303665191445175 -0.0792652809872123 -0.0712452893838236 -0.115376603489402 -0.164503104332147 -0.211259603875913 -0.182086777879712 -0.197819617463535 -0.209901077827307 -0.195591217929869 -0.166989958970625 -0.149978068280981 0.0931253516221432 0.0300643902347038 0.408416149618076 0.386316492831315 0.131116452256416 0.075942117173603 0.479689209343672 0.467987198040236 0.440270432682764 0.39464812209439 0.397338704282111 0.395937935991063 0.382385685363583 0.362947505729803 0.357915399052398 0.339346121598005 0.351340300331191 0.365162833958532 0.350443045007775 0.380522970446004 0.368621194645192 0.341473088732191
-3.4e+38 -3.4e+38 -3.4e+38 -3.4e+38 -3.4e+38 -3.4e+38 -3.4e+38 -3.4e+38 -0.134019838295267 -0.139452876000722 -0.17315420507839 -0.170230008198532 -0.159786163831308 -0.120095730527694 -0.0750309611106548 -0.0515297460124554 -0.0341388204739975 -0.0565000145828374 -0.0680205190994891 -0.0845533719693636 -0.113387757335788 -0.155310591422484 -0.206734349041998 -0.206943154433182 -0.207124305446682 -0.213750549507969 -0.192661007810662 -0.176131626327224 -0.120420036266826 0.0825785605264404 0.0296311349484857 0.415228134948976 0.380993651200079 0.353931568427277 0.487549636106643 0.461088444065082 0.427643198608021 0.396031007233676 0.378650510002781 0.375520377018067 0.371404910351679 0.388181606164362 0.329300665661162 0.344611755724714 0.303617039023285 0.337159357587924 0.351391339824558 0.371422695292264 0.396782092745758 0.37608257179172 0.352751966299329
-3.4e+38 -3.4e+38 -3.4e+38 -3.4e+38 -3.4e+38 -3.4e+38 -3.4e+38 -0.154617695213928 -0.144924406202486 -0.154549018320061 -0.193184060885268 -0.17118638920194 -0.122402002538426 -0.0806512362831258 -0.0665251035664847 -0.042383845692518 -0.0185208016729492 -0.0302912097064045 -0.0625429185522728 -0.092320115879795 -0.0778453963738449 -0.162846178583094 -0.209118445366903 -0.211137704312262 -0.201356820294987 -0.210869456624447 -0.198285268125496 -0.179173335714022 -0.117276858450068 -0.0832110374394908 -0.0265811392110258 0.368412812499997 0.371301987992413 0.359837045982309 0.432661436700594 0.382702935865095 0.382142097484711 0.352015621001003 0.387910007158463 0.394348374149067 0.349844993643565 0.356973955476228 0.374900583105466 0.389685519138714 0.363702679618897 0.362860818798446 0.363818542329536 0.345406594537568 0.346100044763578 0.41545872483544 0.406493503073321
-3.4e+38 -3.4e+38 -3.4e+38 -3.4e+38 -3.4e+38 -3.4e+38 -3.4e+38 -0.170845131039357 -0.148706149249066 -0.150522894317266 -0.17484548305289 -0.140177105431762 -0.104103852733867 -0.0765366612140673 -0.0431915583378678 -0.0384567394168067 -0.0474099371632865 -0.0480543893322073 -0.085584954495911 -0.101814492075455 -0.110309729167548 -0.144539416491177 -0.219378615960698 -0.242613397851061 -0.216439833219106 -0.223139723397976 -0.206927353023951 -0.172267068833354 -0.113089035138399 -0.0930186046397206 -0.031298388112343 0.362121203850474 0.35991764059458 0.381388876043547 0.384585774363105 0.332147689331175 0.327515181611869 0.292423994019969 0.287998722735156 0.290621145169082 0.324805555888546 0.366873495468856 0.399908996025083 0.383114030249034 0.390219965764799 0.391129472847058 0.376129038275606 0.370084715705459 0.361976489129432 0.371111268443922 0.44106834268673
-3.4e+38 -3.4e+38 -3.4e+38 -3.4e+38 -3.4e+38 -3.4e+38 -3.4e+38 -3.4e+38 -0.191365651897326 -0.182733224360927 -0.151435137222141 -0.101231608763097 -0.0678985713940564 -0.0392900079863741 -0.0214392331648612 -0.0345439752118571 -0.0651197779471614 -0.0797365331193818 -0.100713214413646 -0.143614319414221 -0.135866910776104 -0.1628859995042 -0.239178080997838 -0.260285428403078 -0.245006335982272 -0.21630560789318 -0.200059294839404 -0.127152050267679 -0.107725990893167 -0.0725017329533253 -0.0450189249991086 -0.0347124781190929 0.344078746486901 0.349986128227959 0.459888370509366 0.400638180345972 0.355590108957325 0.300892559755598 0.254859938923971 0.231686080439389 0.308232483428413 0.388381906163485 0.426584705678095 0.423114533741993 0.406038947576117 0.398251547919174 0.39292693740647 0.384145818117974 0.375382730404897 0.376005687720836 0.377392757514841
-3.4e+38 -3.4e+38 -3.4e+38 -3.4e+38 -3.4e+38 -3.4e+38 -3.4e+38 -3.4e+38 -0.194550092783605 -0.161860165775831 -0.129303089933056 -0.0830467914324857 -0.0481736273255009 -0.0207784362554261 -0.0151678572250611 -0.0452078629827372 -0.0768489702266569 -0.100742571332875 -0.125350379093742 -0.166729192339785 -0.176794450940589 -0.186462801581695 -0.25133055425745 -0.276562167109762 -0.281742700522175 -0.236498740166529 -0.206783428561466 -0.118467932647207 -0.0936639389848792 -0.0932545871842989 -0.031053428933711 -0.0493099632752078 -0.0770816858349825 0.380604608995929 0.449489888999234 0.396190190578834 0.349977425769692 0.287903286712594 0.221938589974894 0.210415122474011 0.300077689231694 0.414536441257668 0.423926932802214 0.428163050354049 0.411995894827044 0.38584930832155 0.379863161430245 0.373998618137677 0.378112503622868 0.381527519834752 0.387366122682637
-3.4e+38 -3.4e+38 -3.4e+38 -3.4e+38 -3.4e+38 -3.4e+38 -3.4e+38 -3.4e+38 -3.4e+38 -0.158034769053981 -0.136030153006539 -0.101040884479518 -0.0612767906271546 -0.0260899034600899 -0.0414687667592771 -0.0608145358442411 -0.0939960020218841 -0.121763115440609 -0.153583265154954 -0.189324178845742 -0.218433304376033 -0.219327123423656 -0.250376856058172 -0.272983689292115 -0.286011714081158 -0.253178476608707 -0.21651273121995 -0.178556188288792 -0.102412979566779 -0.0818980095348794 -0.0475067307696521 -0.0225563774290597 0.321613947809555 0.340005002629312 0.347601061398257 0.389730704009194 0.321284095906753 0.289812144412765 0.272196583741142 0.268131451202669 0.335845173262558 0.425257509688876 0.431194563883142 0.425339216909691 0.371561873364731 0.348169784709258 0.354788079273521 0.347368040250651 0.362917281757452 0.376932284844137 0.384146732228681
-3.4e+38 -3.4e+38 -3.4e+38 -3.4e+38 -3.4e+38 -3.4e+38 -3.4e+38 -3.4e+38 -3.4e+38 -0.153699098920083 -0.144567866765691 -0.11028536835545 -0.0762862836197717 -0.0343975789745942 -0.0438039717092473 -0.0859387990610228 -0.0815273799811029 -0.103501142345607 -0.14916573313396 -0.179727006536722 -0.220061559981768 -0.231497389664096 -0.267826528332778 -0.281942655329391 -0.285826173015136 -0.245188843618015 -0.231007861593742 -0.174389093224401 -0.128656035790383 -0.110174091353244 -0.0558619523532613 -0.0319632103232875 0.330155488473184 0.370876709805226 0.329825422985056 0.348224883212889 0.355116207609254 0.353725255328326 0.322682566371938 0.329236342133467 0.361159089116627 0.420378687514588 0.457366365243738 0.41821331417744 0.39394808778515 0.370764756173804 0.35243387527041 0.347037850502915 0.362771734850494 0.375894697864754 0.39500462719516
-3.4e+38 -3.4e+38 -3.4e+38 -3.4e+38 -3.4e+38 -3.4e+38 -3.4e+38 -3.4e+38 -3.4e+38 -0.141069715614385 -0.124469450782857 -0.111219179575465 -0.0846216820076562 -0.0514992087162507 -0.0435095386049524 -0.0486231857206346 -0.0892026415494592 -0.110701266637961 -0.136950028441067 -0.185464888889954 -0.21868933856173 -0.233488459945737 -0.252994003655344 -0.281090206740903 -0.250851970523918 -0.243873515226815 -0.232951240622385 -0.213587848581803 -0.13870638866496 -0.125412066023455 -0.0439381036021158 -0.0399118030950864 -0.0467291471422828 -0.0518998538262395 0.138654715330399 0.251657985018499 0.377403153625524 0.381469110736785 0.36022141686906 0.352582337336144 0.382918178501801 0.414793773055742 0.438490119310536 0.42099583624901 0.395193850102017 0.37339456162631 0.368575711740304 0.368723835379031 0.373547962226938 0.3882472046361 0.405790860086632
-3.4e+38 -3.4e+38 -3.4e+38 -3.4e+38 -3.4e+38 -3.4e+38 -3.4e+38 -3.4e+38 -3.4e+38 -0.108272962491808 -0.115139780981112 -0.114319562780081 -0.085729474074369 -0.0435443287944622 -0.0485533762144356 -0.0820530283604701 -0.0944234703493428 -0.129048656596969 -0.152318178962412 -0.176661912083881 -0.197178721374183 -0.222657840332642 -0.240770552260168 -0.254568289882023 -0.223263813271354 -0.227306616689047 -0.214574860423851 -0.202192364411744 -0.148743293114147 -0.150570708635741 -0.0742719430474899 -0.0887450716437351 -0.132211679409577 -0.061757352147499 0.202217048217136 0.32119848409616 0.393914657226141 0.382287120098005 0.375789118712956 0.376540503114414 0.402413314995447 0.411342532434261 0.431902057148041 0.351931807015143 0.395051055991548 0.323565797177746 0.360664047825523 0.360212703389909 0.371878895571589 0.392113023159764 0.398205445182576
-3.4e+38 -3.4e+38 -3.4e+38 -3.4e+38 -3.4e+38 -3.4e+38 -3.4e+38 -3.4e+38 -0.143981363940876 -0.143708184412367 -0.116341599416843 -0.0790769828974801 -0.055766381091235 -0.0565826051132978 -0.0889397281843382 -0.107418638842582 -0.0944655760703766 -0.123359323103655 -0.153847263440587 -0.171883552822578 -0.181732068307011 -0.188215836676162 -0.213304622918677 -0.215740819246311 -0.199299495900753 -0.211870234990038 -0.215014894394178 -0.21220240056469 -0.156747981100211 -0.0837611905532203 -0.082025925447921 -0.0849090244428081 -0.0533238725836713 0.0392243159437202 0.249746800543795 0.334902647020808 0.401591215768676 0.391618672042799 0.38589691602663 0.389869203302718 0.403936271341215 0.412642619780601 0.42671935165637 0.351235012005213 0.34347071724896 0.325420186053791 0.318101796298979 0.312440647249399 0.363427417204885 0.380300040414363 0.388280591931901
-3.4e+38 -3.4e+38 -3.4e+38 -3.4e+38 -3.4e+38 -3.4e+38 -3.4e+38 -0.130194843948248 -0.15397434364794 -0.198436804236481 -0.164593011733461 -0.0627180110307521 -0.0431340489479861 -0.100328068901175 -0.100790511852684 -0.0750200189521162 -0.0872829654799063 -0.114799152354704 -0.140960131152688 -0.171231988222497 -0.163160761078411 -0.168452240647281 -0.1916190076704 -0.203657601455275 -0.220379816557776 -0.204154973626032 -0.209757388912105 -0.21941892276037 -0.213785830126163 -0.0731258300779203 -0.0574714551181437 -0.0435885477254313 -0.0126529933762768 0.0531781671514486 0.266424300043728 0.419789049355118 0.413567919496099 0.40028047019181 0.400214638588863 0.401277318594971 0.408621939814155 0.420174371378991 0.418466557482486 0.341512293189301 0.342467194975924 0.328216496311981 0.328730837769369 0.324196056306746 0.322288890097984 0.375655555295564 0.388063758058636
-3.4e+38 -3.4e+38 -3.4e+38 -3.4e+38 -3.4e+38 -3.4e+38 -0.123210472588917 -0.160394703826256 -0.17884235485873 -0.197713193387776 -0.143542162714464 -0.0798880089067268 -0.0657872488986894 -0.0986176287121514 -0.095319342657104 -0.0892744683421027 -0.0912410398530876 -0.120508050354427 -0.138223584941897 -0.161131702287361 -0.170726258441435 -0.17678116223024 -0.180057832761225 -0.19529290787148 -0.220539068901518 -0.206975254298531 -0.20390269217056 -0.214147706248981 -0.153167338452607 -0.133918206555228 -0.0998501248304282 -0.02640411559198 -0.00175217091833679 0.2807945082523 0.289278136576925 0.278163115608553 0.419068199929155 0.402062822750136 0.398151514857498 0.395613238885018 0.405748257456055 0.414861738362313 0.414370679626854 0.335691566224315 0.333405107528481 0.330766365504404 0.320175261072032 0.326103596602939 0.322387413681329 0.324424952467913 0.327710965151206
-3.4e+38 -3.4e+38 -3.4e+38 -3.4e+38 -3.4e+38 -3.4e+38 -0.143103244952823 -0.163158264021697 -0.153503733725041 -0.176136316976735 -0.15868580390663 -0.108092687713203 -0.106838850809498 -0.137492968163544 -0.103450440246176 -0.0953399509355231 -0.0787932454823906 -0.125651781760895 -0.145989161048183 -0.167064584324053 -0.195691401208254 -0.20296173322845 -0.165741617058195 -0.17770380047082 -0.195658170616963 -0.205393911835449 -0.201770993930552 -0.224021013984828 -0.161133387442291 -0.146123389605044 -0.106489599173676 -0.0776217179249793 -0.074242736212683 0.282839945863954 0.287721345318954 0.282502749358812 0.417245101481815 0.409961732753647 0.400212895066316 0.403345046409726 0.402825075604683 0.406731140901633 0.41258587761858 0.410881048444507 0.333755112495278 0.324621230886126 0.323660733879052 0.327222390655304 0.325349717028892 0.320258833707112 0.315355519978037
-3.4e+38 -3.4e+38 -3.4e+38 -3.4e+38 -3.4e+38 -3.4e+38 -0.144158577823794 -0.119347653941465 -0.126341322166688 -0.14286381087842 -0.161226655872286 -0.114916209197883 -0.0914147836471335 -0.0918880148760846 -0.0716930881919634 -0.0594572573529936 -0.0776926510901996 -0.118516187645822 -0.158755458405148 -0.178476049864192 -0.211233245079727 -0.220817057568132 -0.177422153930631 -0.179647197157458 -0.215666715150286 -0.218618247472166 -0.220875924823808 -0.191816835544788 -0.1671152617823 -0.141305506377601 -0.112680856937649 -0.0888459803484927 -0.0784305812398837 -0.0669838009910741 0.290999675342483 0.283427969229855 0.411035282979051 0.406843729712249 0.36545606846894 0.393635682357966 0.392308956107071 0.400029236005862 0.402713233149879 0.399843973606022 0.318809254495078 0.319443107420173 0.317166703889165 0.314767740812282 0.316515449415192 0.315771282165068 0.313693188840569
-3.4e+38 -3.4e+38 -3.4e+38 -3.4e+38 -3.4e+38 -3.4e+38 -0.127813150823761 -0.115554120099342 -0.117746497548352 -0.122590760214826 -0.126579190118914 -0.115912954452058 -0.0943449898825227 -0.108018571611865 -0.0675630019467027 -0.0511240827139536 -0.0931174309531997 -0.104937588468464 -0.150810926276135 -0.177443801893052 -0.225130774614905 -0.242842631991415 -0.199555313220537 -0.191158822124541 -0.213297723834218 -0.230621865849408 -0.190347199870844 -0.171215477887121 -0.159092885535713 -0.147253864616506 -0.110817568763832 -0.0742702209155097 -0.0656689880774368 -0.0568237241877564 0.287465390304216 0.342427476889515 0.409008221794452 0.406256509590451 0.392913046173535 0.383741968106657 0.380323340135222 0.388962503699763 0.396396537347325 0.311596246038892 0.316621039442263 0.31503983222267 0.314895287470892 0.312465528229357 0.31862221434764 0.317198413792927 0.312294137776218
