data/pcas/pcas_can_585/pca_referenceLayers_can_585/PC10.asc
NCOLS 494 
NROWS 529 
XLLCORNER -117.166666666667 
YLLCORNER -55.5 
CELLSIZE 0.166666666666667 
NODATA_value -3.4e+38 
[rows 299 to 321 of 529, columns 400 to 449 of 494]
-0.247908191768881 -0.194647289650589 -0.1630094486836 -0.149840298107988 -0.149777472243105 -0.134315637811646 -0.116547581046197 -0.13276156005421 -0.112463093367196 -0.14001547688336 -0.108516904491084 -0.0985449797573344 -0.0858478402880879 -0.0991189138517211 -0.0935229195626039 -0.097541767004773 -0.0921930842105919 -0.0837203599997346 -0.0837585734550536 -0.0920084199640657 -0.11839613333725 -0.119664792413148 -0.129138983660549 -0.146476589791258 -0.129159627099321 -0.0768436254213213 -0.0873806603458845 -0.148728174386473 -0.15394551278095 -0.165966050393144 -0.191298775418911 -0.190493187371548 -0.180803728326547 -0.20941664938888 -0.217290798796404 -0.213296247095248 -0.16532439724368 -0.165412875145987 -0.155515427242441 -0.129908304650626 -0.107007596597633 -0.0976544465202707 -0.0635132091359917 -0.0660882553588677 -0.0721455614717029 -0.0736780320924388 -0.068123866715271 -0.0570025330512321 -0.0531381007107449 -0.0532491877874819
-0.199666759479244 -0.1897706919782 -0.167475168850675 -0.16592227261172 -0.149760630168323 -0.125782646529124 -0.121142269263039 -0.116390557534462 -0.122717728480007 -0.138213617273078 -0.129224924913413 -0.101679771987409 -0.093296306603664 -0.0894159007664317 -0.0879315163049469 -0.0994233250643236 -0.0840345294316106 -0.0700874631208392 -0.0777745262242814 -0.0719959142175528 -0.106623264702783 -0.115178449626063 -0.118784661305196 -0.120132849158923 -0.100473076274223 -0.0732291497247273 -0.088777683667281 -0.119915421626691 -0.129658372018233 -0.144259682491479 -0.155607749863381 -0.15217061308986 -0.187614919150059 -0.197931278383002 -0.214384228510032 -0.193782589707528 -0.172007882119568 -0.144224926339269 -0.159857847735879 -0.124179114659575 -0.123085951013469 -0.113398055740241 -0.101215404015462 -0.0842100964602298 -0.075528551739763 -0.0786259777002571 -0.0683694061287299 -0.0556434697989645 -0.0396892190175494 -0.0406737114327539
-0.198241992943736 -0.193524860469928 -0.182416612559766 -0.172412099530603 -0.152064081772276 -0.142575153601593 -0.133993794233066 -0.13474146526167 -0.125634398842638 -0.130305480391843 -0.127487173735741 -0.113514804936247 -0.102204058800211 -0.0814004824034537 -0.0738034677792831 -0.0818098874040095 -0.0791160238847078 -0.0714946933954465 -0.0567755555644848 -0.060799136656923 -0.074288855513515 -0.108651316438873 -0.108434545696558 -0.110169859047613 -0.0824075665747483 -0.0662403719985859 -0.0696217925088331 -0.090465804653713 -0.104443223900881 -0.135681359932894 -0.148877133398776 -0.14016963334388 -0.184810332062464 -0.19277043752481 -0.203344278904032 -0.175162118018662 -0.149018187277772 -0.131323191779716 -0.164154877774962 -0.152404910799617 -0.10383161088196 -0.114990845518787 -0.100977963687105 -0.0802769507826823 -0.0780145085250656 -0.0695580969059295 -0.0697051837884122 -0.0361200346975094 -0.0597180388987474 -0.0432597884920957
-0.188867967175673 -0.196643811463932 -0.176184592944796 -0.168703123046525 -0.166522872935636 -0.145765785390111 -0.142239364524304 -0.12223019164816 -0.123475296460544 -0.13104928127174 -0.114283156336566 -0.104446051214857 -0.0878454555834671 -0.0861133551496395 -0.061827168200652 -0.0750226159149582 -0.0699323697751807 -0.0666078144947556 -0.0706785337487546 -0.0449769895446178 -0.064831521564703 -0.0911629583184672 -0.0919835842715225 -0.0954122947439205 -0.084905203690721 -0.0534675045803663 -0.0447737228865121 -0.0726891129791375 -0.109996171437992 -0.126169985936837 -0.139440373263868 -0.158862962307009 -0.181421156481556 -0.181494473023532 -0.199193058516401 -0.191984088221771 -0.133920305810456 -0.119098769538027 -0.175618874190508 -0.142749688850377 -0.0925173816602976 -0.125534985005973 -0.089422295119807 -0.0771878527796123 -0.0664036285208106 -0.0478649275965875 -0.024386862454106 -0.0449739042616001 -0.041526584647807 -0.0320243216285365
-0.195226523326343 -0.194372515174974 -0.185453644760274 -0.189244016049552 -0.180518193633951 -0.168122799601056 -0.159406961166091 -0.150655726583824 -0.142486570638539 -0.139674710738712 -0.113475283846375 -0.115317520195574 -0.0971759419724067 -0.0917129224841284 -0.0898180601895394 -0.0945659131913222 -0.0871341814348939 -0.0689855289176375 -0.0788474464990985 -0.0413545694154331 -0.0627828567828358 -0.0709052904560865 -0.0788636622446594 -0.0878837730037789 -0.0476947018163135 -0.050605530257137 -0.0418581056070162 -0.0692742327158886 -0.10658247797424 -0.110068869545244 -0.149733843368247 -0.158360424694032 -0.187712003149283 -0.169897172360346 -0.178808506100271 -0.193604164748428 -0.119649565464073 -0.149573431027918 -0.179866075108987 -0.0880703359605583 -0.0719375571179297 -0.118268111945869 -0.108748625316449 -0.0923973006528849 -0.0644018401353266 -0.0178687717811055 -0.0178276675504948 -0.0192317117241621 -0.0394273361088047 -0.0568169728168643
-0.185559997410004 -0.194481399789609 -0.194150911301517 -0.185830032764537 -0.168402801927611 -0.162929562022345 -0.167714734867987 -0.166898974257805 -0.147507905897809 -0.146907298349496 -0.137208027352845 -0.120359604386965 -0.118190942031969 -0.126451715916919 -0.109676663630987 -0.10589241771837 -0.099361659357406 -0.0741713525634196 -0.0669248079391321 -0.0576326513409245 -0.0290305547864569 -0.0337451543879289 -0.035680723663565 -0.0484303683696326 -0.0406958702908294 -0.0522826164724988 -0.0678452183947315 -0.0771419855857201 -0.0981109957842959 -0.116958737125217 -0.134657820434915 -0.160157002883867 -0.175518454009759 -0.158190105377804 -0.145739240997637 -0.175062791227466 -0.142409515358997 -0.172918115723345 -0.139437848061523 -0.0573111234845389 -0.0501590614267347 -0.0679586591340854 -0.0974389529391344 -0.095822005285622 -0.0603139254203815 -0.0122291478430565 -0.0164439409662438 -0.0272171775294457 -0.0449854657327314 -0.0451267876347433
-0.167517274428935 -0.176490596805053 -0.173696741968562 -0.174123015237679 -0.181059339181967 -0.18620953808785 -0.16534922372176 -0.173467741635662 -0.150295682184308 -0.131777164089534 -0.134694043622811 -0.138053666155529 -0.116647071936104 -0.116412905803839 -0.123100258933846 -0.101994278334687 -0.0941440143110324 -0.0811459578328858 -0.0690887882124093 -0.0451140630342131 -0.0197839256076486 -0.0212545114935655 -0.00857161206898527 -0.0146551147482886 -0.0469874556203342 -0.071498996995979 -0.0579870978213135 -0.0911280017197205 -0.107989967777622 -0.129425926576616 -0.131523947871926 -0.137841194972893 -0.163840867971646 -0.152594820827347 -0.158308780318148 -0.179616156905038 -0.196115984051354 -0.191202135213576 -0.153171191540642 -0.0461343845031008 0.00232495640460773 -0.0054451149728757 -0.0441102880414355 -0.0693829487313163 -0.0210916690321637 -0.0094691687003314 0.011550869476187 -0.0107412790806461 -0.0247850428582139 -0.0232500936074312
-0.172471168317942 -0.205705168182676 -0.185962729401424 -0.185136355189616 -0.183997681280922 -0.174977689362255 -0.172522137875838 -0.175550407239035 -0.12937349838492 -0.139336956949795 -0.148617115111306 -0.134536850823747 -0.121268436694149 -0.0981716348967178 -0.114251138375264 -0.07604454693179 -0.0932110782630312 -0.0828253726283727 -0.0564130128956371 -0.0364071259887709 -0.0345170719348549 -0.0214473293314064 -0.0341557040712861 -0.0542302049002263 -0.0573662874730066 -0.0730548672305348 -0.0844807977572142 -0.109015465844784 -0.121672701805052 -0.124965661073484 -0.143203527619345 -0.144040912217485 -0.152056872480684 -0.146461139061406 -0.14844435503195 -0.174042407052008 -0.159304153436153 -0.182636148454065 -0.115557051410309 -0.0276549253015329 -0.012798331128476 -0.00988065358738088 -0.0234355219049441 -0.0637959798114905 0.00100646192048051 0.0346911308998385 0.0350097862069131 0.0351925965109216 0.00583574652306321 -0.021770363528614
-0.175943692309699 -0.176886190105785 -0.179157732824975 -0.170528232697928 -0.185374194653848 -0.182440906310353 -0.184292121231419 -0.180306685252838 -0.175126374477763 -0.169109230402228 -0.157858629339308 -0.151454646880437 -0.104463385681568 -0.0435806438322785 -0.0505005439426424 -0.0636343847748662 -0.0718797793419441 -0.059330152055057 -0.068535776088318 -0.0399183259221681 -0.0218476610034323 -0.0389847969217856 -0.0448104466937711 -0.0693673686135812 -0.0718154602913675 -0.0923004270675659 -0.102279026101733 -0.121987148738095 -0.119573565887576 -0.125108509727926 -0.130891435479518 -0.15223190262825 -0.157052916631518 -0.132726691150216 -0.148604030155104 -0.138468859556667 -0.14341898107881 -0.162164634803851 -0.112807539743823 -0.0338340363220191 -0.0420260883111254 -0.0138754459337612 -0.0576207351389832 -0.0475726259379774 0.0174024887003514 0.0322482313445631 0.0444483621807604 0.0299911679443965 0.0202712308420165 -0.00352849462565541
-0.166198258577491 -0.161633768371316 -0.166145713242088 -0.176373433906161 -0.192973930111875 -0.187887490927484 -0.194252633177718 -0.185453218917448 -0.188832548696952 -0.194624268931443 -0.17884868121819 -0.1469400243764 -0.107570755557117 -0.0690279623857039 -0.0370240805750705 -0.041712651606472 -0.0682620609378885 -0.0695867698789243 -0.0642795863153407 -0.0561837275590552 -0.0628135900015837 -0.0446722703803347 -0.0854227694075432 -0.093218528853946 -0.0979092027066182 -0.120520664461798 -0.123669368702488 -0.126246950638489 -0.1272657980449 -0.129965369651503 -0.165136907745691 -0.156260331545882 -0.159543832573519 -0.160268862573087 -0.145302330722278 -0.118615166622336 -0.0849797626831884 -0.100856385812863 -0.101950830399625 -0.0545484481156465 -0.019426797075837 -0.0248456295222057 -0.0749026138581843 -0.0500947503997846 0.0228034177470267 0.0417721259126787 0.0351073442531933 0.0379919739311669 0.0245322402892471 0.0254440601316277
-0.163129131365224 -0.189366035698265 -0.191641126737543 -0.195737464030536 -0.18762788303925 -0.185360689528348 -0.186088008312505 -0.192914033983801 -0.198715654515872 -0.193171421161901 -0.178341297590631 -0.143418274502838 -0.111869415201398 -0.042023640798119 -0.0663168077115286 -0.0599653800603372 -0.0542514429528983 -0.0673781435793215 -0.0877607402740453 -0.0730762933847369 -0.0700143995817046 -0.067907686037005 -0.0950698035007012 -0.122717989687674 -0.129246329626058 -0.12942040463635 -0.137345237661841 -0.131212078343206 -0.136353443821269 -0.162902286653892 -0.181215516273754 -0.167665406216337 -0.157943738237772 -0.171559558094956 -0.141567622010144 -0.102215432742461 -0.0904421180094216 -0.086940086317661 -0.0801500688697057 -0.042584854057386 -0.0196971594875882 -0.051265471448077 -0.0709097379646481 -0.0472540883558874 -0.00679932317184331 0.0539538166184204 0.0494476669847979 0.0329551677855626 0.0325294539236225 0.0166324016501265
-0.181681713324809 -0.180909792473438 -0.194729818847327 -0.190372510978504 -0.196785961026037 -0.193135400211396 -0.18959159780078 -0.198067498421622 -0.212084492583623 -0.195400116721868 -0.17786997883179 -0.155229624324205 -0.127252970531668 -0.0931812616854898 -0.0943279448776158 -0.0931758197372486 -0.0873272415227322 -0.0781604946478626 -0.0763529489673409 -0.0691339804174974 -0.0820108842165927 -0.0771999851612594 -0.0870230984749716 -0.113083400527768 -0.134121766618786 -0.136493674636778 -0.147152445870015 -0.142675968516042 -0.16018299273027 -0.178950389958218 -0.183888812172231 -0.194266193811875 -0.1920041211595 -0.174579648595256 -0.157380588255807 -0.12560389806598 -0.103051152098772 -0.0949143195919519 -0.0831953466685549 -0.0467660113806863 -0.0224812267075913 -0.00645985596015022 -0.0396994071150444 -0.0178527159215399 0.00984325896408494 0.043851932891795 0.0415533862940987 0.0257127348454153 0.033145768321568 0.0250963310475148
-0.179879792120957 -0.196013959421285 -0.192060764368329 -0.196792188378411 -0.209110384778338 -0.202753032235074 -0.190456782715095 -0.184144270459459 -0.192059580186312 -0.183562031599261 -0.182562186215733 -0.167799323201087 -0.147728432117507 -0.125542422358486 -0.112119926853359 -0.115587544250207 -0.105503894134124 -0.0944060675150117 -0.091698523366995 -0.0892903909535922 -0.0806234171029483 -0.0950352140482497 -0.117921469508372 -0.125078772414928 -0.141674378829817 -0.144008509578122 -0.159015311555635 -0.144619216662891 -0.144025081185146 -0.171617149654138 -0.194068140200575 -0.216988503547595 -0.218374892101175 -0.19976956256947 -0.177711518578256 -0.150683956926968 -0.1226289249361 -0.114988520034935 -0.0894763030548442 -0.0664879020500212 -0.0377204955398047 0.0151445846880305 -0.00290770386160638 0.000463570149236842 0.0235185931826961 0.0256959398890541 0.0652087638890653 0.0533894599124612 0.0361049302290392 0.0425081793142632
-0.192153186371535 -0.19910696109446 -0.213828840835233 -0.218264297243587 -0.216811966627259 -0.201993162515691 -0.199992624972099 -0.199034697467548 -0.181908114913392 -0.183865997595257 -0.182150921833295 -0.168106136697913 -0.159271802211293 -0.141999527503891 -0.122167636843037 -0.131647187461819 -0.147705621102996 -0.122231696665186 -0.14290319786312 -0.111117698119623 -0.0828238348858557 -0.0784652833911552 -0.0979470527889633 -0.139175684050624 -0.144802528544329 -0.142768173677628 -0.147321811349589 -0.148879041614114 -0.157080709271469 -0.17274727841258 -0.196187403294509 -0.220110532097195 -0.225084539935344 -0.216578544633853 -0.194540019353027 -0.161259098016464 -0.133777755542322 -0.0947014994597884 -0.0991282167895694 -0.0828312121295111 -0.0446732551804079 0.0142825852121551 0.030558965703386 0.0340736433582412 0.0391810776374628 0.0608269691473967 0.0682330387606418 0.0508434439647601 0.06191491458311 0.018351113711475
-0.210116647382888 -0.210985499473475 -0.22437472433218 -0.226288320569873 -0.224443537629761 -0.221979740203882 -0.207778026717171 -0.193814636516297 -0.19047345581854 -0.178621662450214 -0.184343094811727 -0.167773660829848 -0.160385206866033 -0.160785918961717 -0.147220368127177 -0.157991032002221 -0.14926839878928 -0.165673668556329 -0.15591877909803 -0.122640433547964 -0.0923239423826169 -0.0795742940770856 -0.102417710938223 -0.135741878166827 -0.155955825967705 -0.1469638799146 -0.16518812447346 -0.160575057587737 -0.163575030732476 -0.167933208648707 -0.1963205518567 -0.21193136359399 -0.210948622040911 -0.218984243686393 -0.19485305440222 -0.173027765011927 -0.128396428907255 -0.105045324880645 -0.111306580832316 -0.0880602708074689 -0.0496341725292947 0.00329918534537751 0.0125351620808885 0.0596979594781222 0.0617990845556036 0.0512641432431236 0.0250744776646615 0.0589365620362968 0.042975927785696 0.00167839504106143
-0.121500891520415 -0.141209818453972 -0.131217751612999 -0.139986597835339 -0.233046333727098 -0.22936327818484 -0.212536535994525 -0.20367601792948 -0.193138879870712 -0.173204871019355 -0.195989090567126 -0.171571988371741 -0.174831089564972 -0.178188553552307 -0.178072786419624 -0.168767899852082 -0.171854655587741 -0.168852920770891 -0.165758293740783 -0.153504995872055 -0.13434401649054 -0.126827079788615 -0.12057725803256 -0.150760678336025 -0.158576962491803 -0.165900267310751 -0.175304918608141 -0.168257418784869 -0.175410372497533 -0.174971649976211 -0.201542179323414 -0.187786582359799 -0.20454069389039 -0.207342502378453 -0.15855850035714 -0.14757586698485 -0.133387140820606 -0.0903448622974231 -0.0884920132163396 -0.0644189643354886 -0.0418519078608381 -0.00312315556023501 0.0156518628176646 0.0505548716390534 0.0587271106016143 0.0334010677237872 0.0503004480680818 0.0584779728476372 0.0288982277855183 -0.00739689984204145
-0.130659634249152 -0.138245169807556 -0.148987804058341 -0.134614531337815 -0.134747859350457 -0.228071034696131 -0.209650677870378 -0.213237278122548 -0.204421359601285 -0.188319108751255 -0.203691709638894 -0.20611843957975 -0.205021073380795 -0.198684434084336 -0.197894176157293 -0.173581838775136 -0.178894184674815 -0.176964685632032 -0.187706507045056 -0.182980308525749 -0.181138956683977 -0.177377295865295 -0.174327691475458 -0.166788359007523 -0.179258178975987 -0.180245332577198 -0.181105231921427 -0.18754732337827 -0.179197509820375 -0.182464664488359 -0.201485001997364 -0.194737833326174 -0.201297953325901 -0.204716482539366 -0.175966536741448 -0.131401613197685 -0.105826968467342 -0.0985076150820742 -0.0445885092117566 -0.0430909049333035 -0.04006610438468 -0.0157673643113953 -0.00586331923814509 0.0239566887012191 0.0180008761128047 0.0241837582090629 0.0101145200030492 0.0073519443931252 0.00678855985283383 -0.0215709354365246
-0.141591402464019 -0.164367565808089 -0.171389054141311 -0.150403144933135 -0.143372228911521 -0.247281227581375 -0.234684699426379 -0.228330381515778 -0.201486487797298 -0.197514914241801 -0.221944619915622 -0.225444650769841 -0.207385108779374 -0.200961980932799 -0.179999242222642 -0.155785656015541 -0.185737275963075 -0.176400933057913 -0.180763958751602 -0.195973559540253 -0.200476712712662 -0.200452131626066 -0.186386288865294 -0.180646842038119 -0.199160520286453 -0.208978003437659 -0.207631230469864 -0.199494473719737 -0.195632982884713 -0.204271914832474 -0.201284718177943 -0.196980507767532 -0.202072819278705 -0.20946614419756 -0.18666726600072 -0.142522144216536 -0.113116504654544 -0.0892383565704873 -0.0635098824047082 -0.0514742472552695 -0.0572148999772912 -0.0445655970790754 -0.0216242869083791 -0.0152419905888232 -0.0202836885223097 -0.0124553235394262 -0.0113691885749188 0.00240103321179291 0.0200146505214906 -0.00633678559374745
-0.14390206033508 -0.150283842887843 -0.167849416114332 -0.147780647323986 -0.132714860566884 -0.12102947396633 -0.251140863115795 -0.241215116818908 -0.222593173261617 -0.209866144655478 -0.22499874007828 -0.239035760581141 -0.241825275488172 -0.2276743091562 -0.198671861894231 -0.177501971336348 -0.183123660494781 -0.215847972286736 -0.227836530245526 -0.21781887012717 -0.212446643350612 -0.190772455883906 -0.206062403018412 -0.177176463597737 -0.188430401850728 -0.198220464710079 -0.205993141355299 -0.206398730018268 -0.22517782706235 -0.214142764232649 -0.212265007303342 -0.198054389707018 -0.208541189713641 -0.202880556055518 -0.185969286108821 -0.151380697943606 -0.137885124290117 -0.104825188359557 -0.115583147886603 -0.0602184666738836 -0.0871758354831562 -0.0511072856750638 -0.0535302783105786 -0.0412225163891235 -0.0646928692618532 -0.04077676677304 -0.0235979698908238 0.0184178202725219 0.0163375303745683 0.00538855067412003
-0.132192791392645 -0.148829916359528 -0.143621950520807 -0.149553235712197 -0.124016099177807 -0.125617851069329 -0.118448026899476 -0.258266675369046 -0.251661036796452 -0.239150118164995 -0.232060274126545 -0.259270897260554 -0.250793509573244 -0.229838217462242 -0.204173024466734 -0.176540628275023 -0.185912982014069 -0.232755083810159 -0.2507123746839 -0.236808193625166 -0.23556324327368 -0.207609571764937 -0.18654834699044 -0.195583028004375 -0.17722376489358 -0.190420979697007 -0.19602338372432 -0.202793941655656 -0.218839404435126 -0.244434752215063 -0.220031169725062 -0.20533178773738 -0.219932796515825 -0.204949288971423 -0.17297313767905 -0.172500537279686 -0.145113151727662 -0.135790270992016 -0.121583637543619 -0.0964736119171968 -0.0965395294542876 -0.0505434659296236 -0.092216685498352 -0.0877330009591967 -0.0801624593067881 -0.0645880933631813 -0.0568163212778156 -0.00771955758113715 0.0104858640932504 0.00909212442302373
-0.120079562919447 -0.122266212430677 -0.123745968193107 -0.130031939413324 -0.12069337444211 -0.115626362302072 -0.124734900034288 -0.129041813740366 -0.262294477549615 -0.243901004768153 -0.245995011047155 -0.258043094126302 -0.130054022807839 -0.223763471222714 -0.191448359129158 -0.190396324266014 -0.204948483553239 -0.245581206478414 -0.262376071957192 -0.246730740574331 -0.235908898683883 -0.233346334061684 -0.223189637947906 -0.193844489768873 -0.204542194422727 -0.206831206174512 -0.200317519175725 -0.22440986865697 -0.243105050531523 -0.245098568339215 -0.242953262030443 -0.21784922256911 -0.215000181620341 -0.184867414668039 -0.176612440629317 -0.17376710940827 -0.146764459699966 -0.135050269965777 -0.127908777641391 -0.129498098066516 -0.112367958864494 -0.0859269496651577 -0.115268646758306 -0.108714465465274 -0.102732518487351 -0.0905798496523988 -0.0879118725996441 -0.0493434145779865 0.0275731637293556 0.0183761750109175
-0.0998550827307452 -0.100199075386458 -0.110216228998804 -0.10585169946147 -0.121234792747005 -0.146845447403992 -0.121995349267047 -0.122610885625063 -0.109372913550535 -0.22744437332714 -0.110511996118057 -0.134557264769329 -0.127755056199785 -0.104684901134215 -0.188360261788568 -0.200871948529664 -0.229729000274183 -0.248095104535605 -0.240210389765084 -0.237111527773813 -0.242093382268953 -0.240466153729772 -0.22504274404382 -0.223795546931378 -0.224875516437951 -0.239044700987599 -0.204421060389881 -0.217217245289381 -0.237720087977472 -0.246779110526729 -0.254001251005533 -0.237199526076669 -0.215714379928114 -0.206480083055403 -0.168442831213462 -0.154095755297909 -0.157141010191137 -0.16246079516509 -0.163268121773196 -0.136589934494845 -0.130160411196025 -0.151088229166971 -0.133116375017966 -0.130708220551421 -0.111485746426933 -0.106881564663724 -0.0807950224193058 -0.0723287744649611 0.0255005369982991 0.0435740383472651
-0.0773966223528723 -0.0890857031459514 -0.0973294045094603 -0.109397767101625 -0.12030914387395 -0.131387541586227 -0.131470214485569 -0.123364449310775 -0.236590896495686 -0.212649734283498 -0.0967094997243681 -0.0959305717249843 -0.117030210561103 -0.115928340459959 -0.214826836521971 -0.218798286813395 -0.23702709456949 -0.259919636934487 -0.253609507506457 -0.240259693641786 -0.242733356340039 -0.240413649131496 -0.239938158911715 -0.233807427210996 -0.240715877666019 -0.245934757595597 -0.246941295684621 -0.253944095152034 -0.234232091845804 -0.252416682682496 -0.271134989108119 -0.264749757477485 -0.250177300677204 -0.193441550077436 -0.140772163235592 -0.125972549982362 -0.152560080509294 -0.173265112814348 -0.174108071837062 -0.159590638610847 -0.151432793055681 -0.147270575313303 -0.129168812173831 -0.140164619269235 -0.10934473853141 -0.113348512655461 -0.108185720023314 -0.0502792847075881 0.00287333799335251 0.0421394221575238
