data/pcas/pcas_can_585/pca_referenceLayers_can_585/PC10.asc
NCOLS 494 
NROWS 529 
XLLCORNER -117.166666666667 
YLLCORNER -55.5 
CELLSIZE 0.166666666666667 
NODATA_value -3.4e+38 
[rows 230 to 252 of 529, columns 250 to 299 of 494]
0.121623820090896 0.0971518731456243 0.0755865957753186 0.0501647890847932 -0.00291449410282654 -0.0117864122258576 -0.0509790944800056 -0.0630632280337589 -0.108414113836668 -0.139078637443933 -0.16049855214005 -0.187431232555757 -0.213664855481437 -0.242322963539861 -0.259487731268258 -0.263233379030499 -0.271940446242158 -0.253751555203167 -0.271023825900991 -0.267001951738108 -0.269287289303602 -0.270218519958477 -0.274506014439958 -0.251756790703076 -0.272028712217792 -0.261779325373354 -0.251164627907308 -0.348623585494092 -0.331811018513803 -0.327782028986521 -0.329945921288856 -0.326182011269504 -0.330778710743607 -0.332124711956443 -0.307320468401483 -0.302100663235895 -0.301490934743459 -0.29587666293514 -0.280008671218399 -0.282655247710268 -0.305148028573713 -0.305768708362547 -0.308499743362092 -0.296685432372261 -0.295957727463321 -0.290615666229637 -0.283639216887707 -0.278343116694459 -0.290139501065052 -0.287886119081961
0.139801614772276 0.118420792722856 0.116806843177019 0.0751387061475582 0.0368390109471061 0.0251333532862664 -0.03015606982071 -0.0503187780766804 -0.0749788997733776 -0.105754036173531 -0.140533930882167 -0.154454889108106 -0.183274513341957 -0.212682719104817 -0.240379052398279 -0.237713531355137 -0.252575904790462 -0.232986423621723 -0.245193859872227 -0.256236860808457 -0.253052449093034 -0.241308376730538 -0.245641253553357 -0.248120569815165 -0.252057660690055 -0.343461944505787 -0.329143278907366 -0.332624488410835 -0.326370846238322 -0.323620518622607 -0.325867085717307 -0.323897480916746 -0.326875210418588 -0.306325953473799 -0.300828928395469 -0.29352947504342 -0.295081601682344 -0.294215520230129 -0.289631247872338 -0.311134712628434 -0.298254109231628 -0.306026884421621 -0.295481040970425 -0.288060159821499 -0.280574715211742 -0.285056674264476 -0.269746424288311 -0.279138859738467 -0.27820368812786 -0.276752395759156
0.175335479488651 0.161128982096515 0.160843043957365 0.125545320900995 0.101756534609219 0.0537269405557741 0.00782603224803224 -0.0117259757578185 -0.0351430688711276 -0.073087727213273 -0.11992959622195 -0.123703657164691 -0.150447243007359 -0.173706163258412 -0.191299097660554 -0.217178752266044 -0.219336507829207 -0.221912978782506 -0.21843909068791 -0.233181791221277 -0.227390554436334 -0.22469613075444 -0.254341272003433 -0.260244628098603 -0.335569273298545 -0.332274678642006 -0.317352584454824 -0.315675770178161 -0.30774820735478 -0.312004875105253 -0.309396937652724 -0.32115019312351 -0.305455340828382 -0.305764084951224 -0.293629957232902 -0.295302922208928 -0.296209543009381 -0.299931779774851 -0.280921147955663 -0.305100363080969 -0.288751895819403 -0.281492642863412 -0.289150417811949 -0.282455998322096 -0.27587513378339 -0.267219045374357 -0.272928835805607 -0.279717866879384 -0.269248514670981 -0.242364516231676
0.1851279385764 0.177169267929305 0.154528331073706 0.148855888819641 0.125874416406441 0.0955135000846429 0.0676091007161572 0.0157088067090197 -0.00591351780165425 -0.0267442204936444 -0.0776536349243488 -0.105394754626236 -0.117158250367131 -0.144176707411129 -0.170648905038166 -0.166291057183242 -0.191439418329363 -0.200964660280553 -0.188784933754431 -0.216820175489497 -0.205039573470102 -0.218852911756362 -0.22585520731237 -0.254799425506163 -0.222831253863734 -0.33921312187479 -0.315130088195961 -0.301101362898358 -0.302061090203488 -0.299300462541234 -0.294181777478815 -0.304496601744302 -0.298747112932409 -0.294246717204442 -0.276026438836487 -0.289108744588654 -0.285456330799538 -0.289302802481937 -0.303757426156304 -0.307276821926268 -0.291365418468605 -0.267672050048975 -0.26207323340875 -0.260804588429361 -0.268410675333041 -0.273948291638185 -0.262837405956172 -0.26621305969679 -0.250992434102208 -0.246059290773133
0.21235574560053 0.158804840026753 0.142613537547416 0.144160956692342 0.149611221257227 0.116522436561079 0.0769305864355716 0.0470414028301587 0.0297447259975183 -0.0105840025657645 -0.0346075589042013 -0.0596205849619398 -0.0925064412612541 -0.120890651888038 -0.140399030223494 -0.142626506339246 -0.168830982089969 -0.172420345730197 -0.187574646077281 -0.190867929880779 -0.193880948096816 -0.313838593336434 -0.234266015508655 -0.23075439899055 -0.249805192445019 -0.221259787580501 -0.291968003129694 -0.30363887584611 -0.305805810038682 -0.360225755232169 -0.361887934522017 -0.356213737904969 -0.366036331622771 -0.377537883639165 -0.289485924977731 -0.298888212589524 -0.285741657499271 -0.288706775964692 -0.295890128978626 -0.287558932965563 -0.291176681171037 -0.275566215140866 -0.265126634690771 -0.248659500508837 -0.263536148337061 -0.264137421959218 -0.259132354150259 -0.258133229934077 -0.233289092793318 -0.235458762291607
0.203807007264379 0.181138194173613 0.162580895913136 0.161329709770923 0.119515436918313 0.0780704369967959 0.067090088559332 0.0394511210690109 0.0629847226478369 -0.0196976931032501 0.0002799257144315 -0.0465405816229268 -0.0668113156041671 -0.123979742394132 -0.157715570232411 -0.123058190037488 -0.191554584593414 -0.147126285400777 -0.14955701295187 -0.179377984390413 -0.22984128754891 -0.258885719600379 -0.286384291888663 -0.316291691888342 -0.312733861601559 -0.311682219855472 -0.312722615157351 -0.301108743878118 -0.356263620512291 -0.346679709707517 -0.351945228018632 -0.360963874677043 -0.369934504099322 -0.37168065692762 -0.371085692776619 -0.286476146543357 -0.2832488487209 -0.299148265739349 -0.271834535032806 -0.28573984989649 -0.285028465177737 -0.270828192846412 -0.25523089645936 -0.26184917023741 -0.258293875574866 -0.251595991369403 -0.245637317620678 -0.239535313278793 -0.232721758111 -0.226376018552899
0.213745094722855 0.179288151292488 0.177404421275798 0.182589520262048 0.180457356386972 0.109403115586594 0.0806029979294919 0.0564493401316564 0.0459897799851745 -0.00168457326288934 -0.0229090526307862 -0.0616140611342375 -0.0800105062140173 -0.10869754848908 -0.127774024649049 -0.150327726827742 -0.164947220640764 -0.176089338770455 -0.211014593789513 -0.189900213325544 -0.205614570698584 -0.33441973238147 -0.331312881786137 -0.276723095133957 -0.295683150145918 -0.293959680115327 -0.305303102543129 -0.302428573215795 -0.266445120275074 -0.340424632979168 -0.355668998426925 -0.348401130247526 -0.362338089414168 -0.36620353376027 -0.352764130448397 -0.2963264555098 -0.298928364480741 -0.301632178495392 -0.283471433235454 -0.288719032354886 -0.289209844701708 -0.286252086830076 -0.261837679829677 -0.262782956192561 -0.263791652369339 -0.255478950468254 -0.240112525069891 -0.229676601175868 -0.217232532452107 -0.222628032926949
0.204861618857079 0.212136942585738 0.213205554406704 0.180513410820528 0.148815777845427 0.13917442471789 0.129532156280057 0.0684848499396446 0.0545259309724412 0.0280325076922521 -0.0103170968732166 -0.0269151793058752 -0.0565562361784978 -0.0859411779085976 -0.110901170449081 -0.116160275686887 -0.141134679924751 -0.151188576890587 -0.168454101877212 -0.182176450025752 -0.212639374310036 -0.182373685615874 -0.300452487686224 -0.304204413947282 -0.261090071321226 -0.279635647709202 -0.286833409642012 -0.304013639482435 -0.298421468913161 -0.343735227353544 -0.353778206893854 -0.365142445368782 -0.377460724647134 -0.358225430948845 -0.362606765218835 -0.291476043863542 -0.28462084750936 -0.290765209729293 -0.292696491408165 -0.293456924284454 -0.284448257248365 -0.270693769991622 -0.267430071115996 -0.259463214934407 -0.263138114025217 -0.248887668418927 -0.239574186223004 -0.230209411892673 -0.222318414842918 -0.219585574835454
0.222072201251292 0.23280131929153 0.201015398211973 0.175384113850131 0.149316291605576 0.114177024172796 0.131609333147413 0.0869476365528472 0.0700239386007912 0.0501255917428088 0.0118457409445319 -5.88646183427299e-05 -0.0258361880441685 -0.074198275783414 -0.070333615169956 -0.108058791825167 -0.120077257020036 -0.143378684876244 -0.149099997607741 -0.152418680101047 -0.153173894944429 -0.16929220555303 -0.204210048727192 -0.278533870947565 -0.228241878691863 -0.253004284387836 -0.247074599903064 -0.276416839313266 -0.297532038127153 -0.316460816780375 -0.306873575293492 -0.379985804549691 -0.375041682415728 -0.362919657663701 -0.379008936933697 -0.285476242300189 -0.307334693550601 -0.30222401801455 -0.30148214343976 -0.28689914127355 -0.285308737695816 -0.268596090581531 -0.287408845084869 -0.271986331230085 -0.262143344404224 -0.259406106067842 -0.230333274974699 -0.209028746583447 -0.215440536426573 -0.218301642401706
0.239113283954688 0.24522124404108 0.210574467794342 0.17349250576934 0.143871680492658 0.117491822394343 0.0914922751261712 0.0936006883574775 0.0726175399175891 0.061011908281613 0.0349225837538421 -0.00849835768313667 -0.0142655746071194 -0.0280820227338276 -0.0678835309196691 -0.0864142468951292 -0.104097528873146 -0.116040039999155 -0.14358319986096 -0.165313471189826 -0.159178582257081 -0.167865945522225 -0.249410391884066 -0.205716498387952 -0.214202022451531 -0.225857201736896 -0.222497971105943 -0.254555862507995 -0.266798834825503 -0.303185558130083 -0.307596990396058 -0.303069917166185 -0.361359105273544 -0.362248482530701 -0.358704183624449 -0.315560979831333 -0.312165999519666 -0.286541782888362 -0.304898120429633 -0.288209768906515 -0.291086196182577 -0.283710374792731 -0.278128238603729 -0.2772995355599 -0.266218811497937 -0.233892774579206 -0.237275132478683 -0.216848485239326 -0.21297100473757 -0.229303305302473
0.255578760426748 0.231251131211044 0.215377539460062 0.168069166228467 0.146800631787126 0.131703136246256 0.0958539039602729 0.0891011915696517 0.0750230463685364 0.0437387757344885 0.0384954112451542 0.0178738934856889 0.00121056649914725 -0.0277131836650251 -0.0608549909955548 -0.0720728138663225 -0.098683155802228 -0.106256790567042 -0.117853712036414 -0.150462233647154 -0.141917032413701 -0.232808619876568 -0.247217327734624 -0.217680522690776 -0.213471488396036 -0.222475821080878 -0.210333734000598 -0.229416560022677 -0.255377253251362 -0.27785223477966 -0.301195060843482 -0.299007933494583 -0.366197350570102 -0.353720181963499 -0.352367552935915 -0.299521638856245 -0.293610254623073 -0.296858649108487 -0.312904033238543 -0.297337550113371 -0.295498411986094 -0.290900950456668 -0.283933829226702 -0.275008042294008 -0.265104878511317 -0.256625439481496 -0.235363382960559 -0.220035876816126 -0.227167252962872 -0.234008797365826
0.262584636182341 0.266332108304767 0.212799802665927 0.160998050683529 0.145286779225753 0.134041945020354 0.079585509993976 0.0634742663909918 0.0652349748925601 0.0229507607825573 0.0234314428127754 0.0121411345169546 0.00564729775692299 -0.00714867088316007 -0.0337641474903117 -0.0711087388475449 -0.0763230993392722 -0.0864355891377898 -0.100556431691696 -0.128693292817864 -0.124362419736551 -0.151806329256644 -0.1141101723294 -0.187916267137029 -0.180434912454676 -0.21147334220576 -0.207780059855014 -0.215469916606713 -0.245452306704072 -0.25201515387329 -0.282841022579218 -0.346102465236633 -0.352558743094237 -0.358316006410127 -0.360554514617525 -0.299306477705001 -0.29837720532548 -0.29242853423701 -0.304516957697426 -0.306261862869382 -0.297497776159264 -0.296683134156361 -0.294218524463728 -0.282989099930456 -0.268051353174125 -0.25747703686038 -0.240333999180645 -0.239284868443959 -0.228341087115195 -0.23790979723278
0.272168850442713 0.253354122390514 0.230546166280648 0.194304057185879 0.131616310959442 0.120718434319704 0.0870543787844289 0.0575442510101126 0.058477137454702 0.0323363786380259 0.0162169099866213 0.0172345885288632 -0.0188903248889268 -0.0268970136136292 -0.0314190925041453 -0.0551437397738944 -0.0844124362427214 -0.0616927475118042 -0.0877813525898434 -0.119050559649293 -0.130353099553852 -0.137655209436437 -0.0801215063619368 -0.118451803453235 -0.178877037862663 -0.163386202968427 -0.154088527600397 -0.226242956294559 -0.237467670486248 -0.243116227855388 -0.322528227517969 -0.331032102251474 -0.333524814286705 -0.352719927412093 -0.348220301996857 -0.368248948207179 -0.30287648754652 -0.315707719929031 -0.30268825989617 -0.301819720536756 -0.302081022330284 -0.295352047810554 -0.30409658063544 -0.292223653702505 -0.282183053450783 -0.26241413610771 -0.250492447154395 -0.245819489518668 -0.261579013975364 -0.334692586970027
0.311971592474655 0.287286587699115 0.2077078646079 0.194942421738436 0.14223441474126 0.111655827816649 0.0777382245224216 0.0585641420619632 0.0229695173318336 0.0247699727417953 0.0292206951199491 0.0233550100250303 0.0118596933352865 0.00270401328508302 -0.030826090888549 0.212605517976711 0.19460692723447 -0.0709669915169996 -0.0908545361208948 -0.0977014014936853 -0.106828230600341 -0.129697610036325 -0.201919336144795 -0.107998859302748 -0.167713964104682 -0.166638765915462 -0.167702960206075 -0.178307934754643 -0.280967554438108 -0.292509588101395 -0.306156408375362 -0.32903077826413 -0.341879488457171 -0.351607108885084 -0.362943159725698 -0.355643382299245 -0.372310770689797 -0.305789542363903 -0.216312531466848 -0.303034156706555 -0.184280488336643 -0.186028494160637 -0.299220351023827 -0.171366769920359 -0.279316256900179 -0.267255224061258 -0.26318390290895 -0.261650740664954 -0.261753196966909 -0.322214503683886
0.229142028894416 0.286035988690146 0.183555196074344 0.211203737783021 0.265274709569985 0.284480930549281 0.18795185827594 0.246390393107563 0.231470275921438 0.223224150659481 0.022680704501521 0.0112022034132329 0.133788999160176 -0.00832989858379346 -0.0215060785711903 -0.0330794874826404 -0.0549293997283241 0.0942956064048774 -0.0632052131417945 -0.0886072642835245 -0.0948252434667594 -0.113254928655182 -0.121617233350027 -0.0917972886728506 -0.0932607052763415 -0.112785710967803 -0.108397364365284 -0.231108339864929 -0.260569917290828 -0.288466407034333 -0.314976650390864 -0.330939595617971 -0.262278492408686 -0.267443118752011 -0.346444802847512 -0.283604348655509 -0.270235145665786 -0.190270190271926 -0.198311708938002 -0.201031953653366 -0.193070288807641 -0.188839478086156 -0.181378980888314 -0.303067048690144 -0.286990705583789 -0.28572780277107 -0.281269933002107 -0.270692990174637 -0.34097077944275 -0.330453174786772
0.213754407074041 0.206790221217478 0.300334224252971 0.205862150287963 0.255662658340742 0.274092516336755 0.232119554145497 0.227965063391247 0.233650018119919 0.230542287996913 0.257425290711672 0.237146574873765 0.228575643046657 0.23576830349139 0.243983990678358 0.251847432289781 0.12171874354145 0.109785005684309 0.0764708984747864 -0.0809562482777296 -0.0917409255993936 -0.121887691686899 -0.103276908393625 -0.127903060243019 -0.199774602570729 -0.144168377786166 -0.0132641300377453 -0.237820398475355 -0.0105104868443775 -0.178081329239198 -0.217480702201413 -0.261319108206939 -0.270772787858636 -0.264735301440551 -0.269214621718704 -0.268805796862519 -0.269885164237393 -0.20381104193982 -0.198237362712469 -0.199219892774 -0.211108237359298 -0.181133090778237 -0.190980093881696 -0.17782172498441 -0.17156876078407 -0.159662514057988 -0.270417886859414 -0.339783991525068 -0.328674001788119 -0.32332339146826
0.17595242204865 0.200481495459402 0.2070259097402 0.340791386561735 0.329462474172675 0.246762417777794 0.234784188051787 0.223143125308734 0.236999623358454 0.218580339791523 0.250411721990947 0.224046739033827 0.223124634104203 0.226971682522935 0.225150571298786 0.227829407777772 0.127031292001098 0.106790963850675 0.0949912673502415 -0.0800040979510405 0.0500882949760038 0.0368694420695508 -0.126402083981151 0.0196384423200347 -0.122740176969755 -0.145402269795984 -0.22541105253052 -0.146135213493456 -0.162454788488404 -0.187083027053682 -0.273736047958128 -0.294170282919535 -0.263983120195663 -0.258353152955977 -0.286790676871034 -0.252231659678717 -0.267318364999984 -0.19444034769444 -0.196764725276378 -0.201368935473269 -0.200800370928259 -0.195915713669193 -0.178609240052168 -0.178185924213729 -0.258628296676261 -0.246112603088785 -0.353102094318029 -0.354457226941074 -0.338659925561076 -0.337158294258746
0.0521837107826075 0.11425268836679 0.182544815874057 0.238141598665442 0.331802478095761 0.302949654557212 0.255421847337896 0.24167165521214 0.227346007160712 0.228008197062938 0.226080972831077 0.233793219820346 0.137588287475948 0.224934612362729 0.219050279905148 0.216450077502805 0.219204181398472 0.0950647271487888 0.0948981913230507 0.0646059069831157 0.0625320066363932 -0.086970067198348 0.0306751931835005 -0.112603220294682 0.0169712336564042 -0.116640742819626 -0.128480205127226 -0.00903240652916169 -0.0137373067800975 -0.171751617978851 -0.188924379109515 -0.227996135335546 -0.219017758295246 -0.224178307297803 -0.233762026280022 -0.267970876190192 -0.251066712974639 -0.18512499210616 -0.190240266800181 -0.20493061482969 -0.203631287417448 -0.19202119198762 -0.251774781439743 -0.254207856927138 -0.253684821816993 -0.253640213045908 -0.362377116089026 -0.34250039316107 -0.325842365775108 -0.336866565287418
0.0205101191777429 0.0846726248490696 0.153675046821643 0.173340647450174 0.391458006253898 0.314820528262951 0.280409152380494 0.257349280991061 0.234692068001385 0.236333828083286 0.237137825011429 0.230759399068831 0.224849996774332 0.21594596776776 0.205809296209073 0.201075409930496 0.18681268561921 0.0741801078432928 0.172197386132726 0.0610267352430791 0.0640904685043507 0.050193422408562 0.0426072652217832 0.0233155628426922 0.0317883325130184 0.00626422612164396 0.00199176445663175 -0.0132248194014908 -0.162333813696683 -0.190944022279273 -0.19209578780247 -0.204194080907912 0.0181117337665064 -0.221016700379136 -0.223886415790026 -0.240271711056878 -0.234744419495989 -0.165452303971008 0.0636772401221218 -0.0209298869736933 -0.0254881391225298 -0.276960778432662 -0.273490676697728 -0.266016858178724 -0.266460672498029 -0.241546702732368 -0.245375823697006 -0.214655529659602 -0.328585846363984 -0.369113943082362
-0.0587454852847473 0.0280106507794351 0.142546027790049 0.186951629046315 0.427413747270945 0.326640990085954 0.294078297371603 0.266948064318871 0.245434127935321 0.239495858295105 0.235338355830649 0.236756551700786 0.215576281298733 0.201139625281606 0.10064386597236 0.191668083500452 0.178207596155654 0.182176117808548 0.163814298689953 0.16778350538345 0.0818792172859408 0.151129310520341 0.148068118973278 0.0203996199317625 0.115639727277224 -0.0032005062080845 -0.013534330218563 -0.0192630955553874 -0.0217254462682466 -0.190312768347188 -0.188446733061499 -0.20282570714028 -0.228533042982096 -0.224567525623036 0.0266260860333043 0.0435663981707608 0.0405080154605133 0.00802747404830012 0.000649521000515185 -0.0267302337974552 -0.0492492089414701 -0.0382713176708176 -0.286672170806432 -0.276195847102744 -0.271780629510672 -0.247309132438171 -0.242732019701222 -0.362961684946051 -0.369616859057266 -0.364885197738472
-0.0746631376414433 0.0425898688466647 0.126527579522572 0.162491705728725 0.141447975390292 0.323437533258578 0.281684295014792 0.255937105058861 0.23834814698476 0.212499222124947 0.2206643625718 0.21849030665294 0.198217834734886 0.1880929269361 0.184660361017234 0.174181651745486 0.167373519277815 0.0757946407659504 0.0752404050891426 0.0662513288859033 0.168949594882476 0.142954275659776 0.144017503863608 0.126339810194822 0.134057315892365 0.00140028367802701 -0.0127579439196801 -0.151819996614894 -0.184389316930373 0.0663231890323257 -0.188313900493528 -0.194041623922798 0.0413653770684471 -0.232569424954975 -0.208699509180227 0.0355245878359851 0.0281316823429699 -0.0117854292696429 -0.0115488639432956 -0.0419217717204589 -0.0508786663320577 -0.0586247734291963 -0.280899147208779 -0.279459173382948 -0.275592362386652 -0.284768326724648 -0.276649205511979 -0.278210409865966 -0.383722388739975 -0.386346294709974
-0.0642366407251332 0.0219163456174368 0.0574677590018011 0.420050194197234 0.0342958289044913 0.0391745774982115 0.283079674794133 0.233003248571571 0.24231345435531 0.23447538877292 0.204301307827732 0.223601858002843 0.180246052257459 0.1819746076471 0.170324119121497 0.172588935066157 0.162704668458245 0.176963385313402 0.168422671011776 0.176970090089171 0.175404230470511 0.148601792054308 0.137802405815994 0.144285778734602 0.127480189025742 0.115628847774109 0.0873110653753971 0.068777332795838 0.0744880517539286 -0.176687607293225 -0.189293479522961 -0.192034297180298 0.0372915673221892 0.0182797604075741 0.0252110953383107 0.0149012757538766 0.0187735433502677 0.0127605118155921 -0.0351626508355767 -0.0485636220788143 -0.0573327480207048 -0.0688668168947466 -0.171009362716606 -0.302747740167094 -0.295065108931396 -0.2951861398099 -0.293254434217449 -0.410834282520075 -0.385133865373316 -0.249401106640671
-0.0754078377015361 0.390305881990826 0.369005370837883 0.354724197415718 -0.0778339877907664 -0.0772001756062937 0.2427855493174 0.235397212548835 0.203828803607048 0.2088934974698 0.196456443703321 0.17465491889995 0.156864024120753 0.166873817228875 0.154706735428158 0.163369330855311 0.155540090692264 0.172478331096003 0.162975755464541 0.0650860939421587 0.165438773199626 0.155444318152207 0.148619489354966 0.138885933117597 0.129071921668323 0.116827624256131 0.104661619886409 0.10559667542673 0.0771647288243578 0.0683669610946549 0.0493110479146466 0.0409922549634231 0.0334385906112671 0.0333876925304003 0.0106552429010272 0.00957092809671456 0.0035275118628304 -0.00981291562386896 -0.0612988381740932 -0.0642251852805954 -0.0784521529398895 -0.0663410722165921 -0.101943738344634 -0.116259021831344 -0.31377227800183 -0.317469845594566 -0.317628445528858 -0.294048686688715 -0.270734704279629 -0.400413855376072
