data/pcas/pcas_can_585/pca_referenceLayers_can_585/PC10.asc
NCOLS 494 
NROWS 529 
XLLCORNER -117.166666666667 
YLLCORNER -55.5 
CELLSIZE 0.166666666666667 
NODATA_value -3.4e+38 
[rows 69 to 91 of 529, columns 100 to 149 of 494]
-0.392336661370759 -0.36057631652642 -0.346330990528135 -0.426623429140549 -0.391594556264661 -0.276938083647801 -0.226682410919154 -0.168569057982375 -0.079775325446534 0.0556443476567951 0.164012406387691 0.21809339978663 0.244343404768552 0.202883826565694 0.139890562751234 0.164455811462441 0.177720585675076 0.191623476237491 -3.4e+38 -3.4e+38 -3.4e+38 -3.4e+38 -3.4e+38 -3.4e+38 -3.4e+38 -3.4e+38 -3.4e+38 -3.4e+38 -3.4e+38 -3.4e+38 -3.4e+38 -3.4e+38 -3.4e+38 -3.4e+38 -3.4e+38 -3.4e+38 -3.4e+38 -3.4e+38 -3.4e+38 -3.4e+38 -3.4e+38 -3.4e+38 -3.4e+38 -3.4e+38 -3.4e+38 -3.4e+38 -3.4e+38 -3.4e+38 -3.4e+38 -3.4e+38
-0.369463129860722 -0.296817009213258 -0.323700341411515 -0.356231512718556 -0.457467683348222 -0.274932147559838 -0.29222384423268 -0.233561157097633 -0.181755683970025 -0.0769903919820826 0.0279750689828591 0.115625262355279 0.227273749222614 0.277975272675275 0.226244477624237 0.178061900136534 0.141754576892871 0.12845421191498 0.280067610263419 -3.4e+38 -3.4e+38 -3.4e+38 -3.4e+38 -3.4e+38 -3.4e+38 -3.4e+38 -3.4e+38 -3.4e+38 -3.4e+38 -3.4e+38 -3.4e+38 -3.4e+38 -3.4e+38 -3.4e+38 -3.4e+38 -3.4e+38 -3.4e+38 -3.4e+38 -3.4e+38 -3.4e+38 -3.4e+38 -3.4e+38 -3.4e+38 -3.4e+38 -3.4e+38 -3.4e+38 -3.4e+38 -3.4e+38 -3.4e+38 -3.4e+38
-0.358747348264715 -0.378780487672107 -0.396458605859837 -0.389472295605525 -0.437989652602895 -0.297835677927837 -0.32315623741995 -0.258660351098462 -0.212426397090964 -0.203880984985653 -0.0710821363898543 0.048370452891903 0.184390586119837 0.273294954861138 0.177168117480803 0.181360556010264 0.126292678638661 0.22535075363236 0.243483137944836 -3.4e+38 -3.4e+38 -3.4e+38 -3.4e+38 -3.4e+38 -3.4e+38 -3.4e+38 -3.4e+38 -3.4e+38 -3.4e+38 -3.4e+38 -3.4e+38 -3.4e+38 -3.4e+38 -3.4e+38 -3.4e+38 -3.4e+38 -3.4e+38 -3.4e+38 -3.4e+38 -3.4e+38 -3.4e+38 -3.4e+38 -3.4e+38 -3.4e+38 -3.4e+38 -3.4e+38 -3.4e+38 -3.4e+38 -3.4e+38 -3.4e+38
-0.339181222807659 -0.218935686974998 -0.406035849326367 -0.473056877346506 -0.356449858312418 -0.44983409351154 -0.435200540025888 -0.39385162846718 -0.397749994819332 -0.276319135074602 -0.19397180370637 -0.046685150553871 0.266409840677561 0.266911167391798 0.278355795473312 0.213593514449361 0.147791781369414 0.0554466792319954 0.0714137138281049 0.213627900038394 -3.4e+38 -3.4e+38 -3.4e+38 -3.4e+38 -3.4e+38 -3.4e+38 -3.4e+38 -3.4e+38 -3.4e+38 -3.4e+38 -3.4e+38 -3.4e+38 -3.4e+38 -3.4e+38 -3.4e+38 -3.4e+38 -3.4e+38 -3.4e+38 -3.4e+38 -3.4e+38 -3.4e+38 -3.4e+38 -3.4e+38 -3.4e+38 -3.4e+38 -3.4e+38 -3.4e+38 -3.4e+38 -3.4e+38 -3.4e+38
-0.181343692107172 -0.163918109089841 -0.362508217382401 -0.349134912653663 -0.435596451037463 -0.409386072598322 -0.447060902692841 -0.436448986860584 -0.429672017280619 -0.408823323906297 -0.332826936517065 -0.259050617624887 -0.0673359126369807 0.173839353302733 0.338202651584567 0.300880639170761 0.218653477704474 0.10349444741028 0.0987221990117977 0.0556000516461319 0.16998141723602 -3.4e+38 -3.4e+38 -3.4e+38 -3.4e+38 -3.4e+38 -3.4e+38 -3.4e+38 -3.4e+38 -3.4e+38 -3.4e+38 -3.4e+38 -3.4e+38 -3.4e+38 -3.4e+38 -3.4e+38 -3.4e+38 -3.4e+38 -3.4e+38 -3.4e+38 -3.4e+38 -3.4e+38 -3.4e+38 -3.4e+38 -3.4e+38 -3.4e+38 -3.4e+38 -3.4e+38 -3.4e+38 -3.4e+38
-0.160210818034713 -0.147813970667431 -0.325661248208466 -0.345614897766742 -0.35436636122608 -0.41454644056624 -0.430907755517381 -0.455586340898673 -0.465702549623001 -0.458591825257361 -0.342411321573815 -0.318127137060043 -0.338202045793521 -0.186772390810476 0.177258750552416 0.347690333887068 0.332792297063636 0.179202711552798 0.135202552748052 0.0991594695128877 0.194451451700649 0.174806222741258 -3.4e+38 -3.4e+38 -3.4e+38 -3.4e+38 -3.4e+38 -3.4e+38 -3.4e+38 -3.4e+38 -3.4e+38 -3.4e+38 -3.4e+38 -3.4e+38 -3.4e+38 -3.4e+38 -3.4e+38 -3.4e+38 -3.4e+38 -3.4e+38 -3.4e+38 -3.4e+38 -3.4e+38 -3.4e+38 -3.4e+38 -3.4e+38 -3.4e+38 -3.4e+38 -3.4e+38 -3.4e+38
-0.139131813493554 -0.153229144008007 -0.334930724526709 -0.303106704914053 -0.391610584451051 -0.397073392318785 -0.44447491820829 -0.466702584298816 -0.480626909852919 -0.487566249814028 -0.435073245125407 -0.244186236044655 -0.416239947937967 -0.388827152625143 -0.214661523973291 0.115272227140526 0.257470635976326 0.276176159887319 0.195227851223109 0.120153747145984 0.222795825929202 0.202798703044737 0.189049588071252 -3.4e+38 -3.4e+38 -3.4e+38 -3.4e+38 -3.4e+38 -3.4e+38 -3.4e+38 -3.4e+38 -3.4e+38 -3.4e+38 -3.4e+38 -3.4e+38 -3.4e+38 -3.4e+38 -3.4e+38 -3.4e+38 -3.4e+38 -3.4e+38 -3.4e+38 -3.4e+38 -3.4e+38 -3.4e+38 -3.4e+38 -3.4e+38 -3.4e+38 -3.4e+38 -3.4e+38
-0.183247616754014 -0.179421844036443 -0.320667222329449 -0.322488563508566 -0.309807198403558 -0.365874224454929 -0.363936499201008 -0.470602522436128 -0.520890316694093 -0.548876126098066 -0.508358002363719 -0.438076481984855 -0.382687436950477 -0.354432548797238 -0.355771213475607 -0.155610523488133 -0.0102084430627216 -0.017932573310434 0.0287800073148245 0.0972719710229219 0.210304467034735 0.153602998516625 0.150556762094764 -3.4e+38 -3.4e+38 -3.4e+38 -3.4e+38 -3.4e+38 -3.4e+38 -3.4e+38 -3.4e+38 -3.4e+38 -3.4e+38 -3.4e+38 -3.4e+38 -3.4e+38 -3.4e+38 -3.4e+38 -3.4e+38 -3.4e+38 -3.4e+38 -3.4e+38 -3.4e+38 -3.4e+38 -3.4e+38 -3.4e+38 -3.4e+38 -3.4e+38 -3.4e+38 -3.4e+38
-0.150734943801837 -0.0720014261251937 -0.197842454168074 -0.343074867825869 -0.273784623481428 -0.22544465716382 -0.312471904888138 -0.430133633892822 -0.501168847598123 -0.536182663723074 -0.493180370177363 -0.481407920485054 -0.458521145466974 -0.306575757334854 -0.309203468094874 -0.295184833115843 -0.275632758883663 -0.354436827927636 -0.228777585642797 -0.158330971881219 -0.0198572630569297 0.125486484401777 0.16179480175074 0.105373225622156 -3.4e+38 -3.4e+38 -3.4e+38 -3.4e+38 -3.4e+38 -3.4e+38 -3.4e+38 -3.4e+38 -3.4e+38 -3.4e+38 -3.4e+38 -3.4e+38 -3.4e+38 -3.4e+38 -3.4e+38 -3.4e+38 -3.4e+38 -3.4e+38 -3.4e+38 -3.4e+38 -3.4e+38 -3.4e+38 -3.4e+38 -3.4e+38 -3.4e+38 -3.4e+38
-0.145156006140607 -0.0204717885607801 -0.236178525178035 -0.32719366606905 -0.160783069884423 -0.218598810838872 -0.196122856679146 -0.391045216618941 -0.438296294258678 -0.520662255961632 -0.405748455094674 -0.454538712742411 -0.502071761841533 -0.445038154965642 -0.343445841342238 -0.282284519227041 -0.256478619795275 -0.449908792067044 -0.358807977509989 -0.353002352115894 -0.0736065695574596 0.0189457379831246 0.0672390843849146 0.0535150463774415 -3.4e+38 -3.4e+38 -3.4e+38 -3.4e+38 -3.4e+38 -3.4e+38 -3.4e+38 -3.4e+38 -3.4e+38 -3.4e+38 -3.4e+38 -3.4e+38 -3.4e+38 -3.4e+38 -3.4e+38 -3.4e+38 -3.4e+38 -3.4e+38 -3.4e+38 -3.4e+38 -3.4e+38 -3.4e+38 -3.4e+38 -3.4e+38 -3.4e+38 -3.4e+38
-0.200512149030097 -0.062035414899582 -0.175773227819205 -0.206413075150546 -0.353873110773116 -0.360388935283727 -0.195873051411498 -0.302945951109137 -0.42148033087953 -0.481607361572206 -0.220535295069444 -0.265702136984279 -0.39468299714642 -0.400597988145891 -0.423540188475094 -0.42145930883935 -0.354844666692758 -0.433189254605498 -0.439157714734514 -0.300308851484915 -0.0463768038881054 0.140374049617654 0.0693502916048593 0.104892363246323 0.190133705060144 -3.4e+38 -3.4e+38 -3.4e+38 -3.4e+38 -3.4e+38 -3.4e+38 -3.4e+38 -3.4e+38 -3.4e+38 -3.4e+38 -3.4e+38 -3.4e+38 -3.4e+38 -3.4e+38 -3.4e+38 -3.4e+38 -3.4e+38 -3.4e+38 -3.4e+38 -3.4e+38 -3.4e+38 -3.4e+38 -3.4e+38 -3.4e+38 -3.4e+38
-0.212185249404341 -0.18648182369384 -0.0679596686059141 -0.0930539425849521 -0.324165958442084 -0.376009547785402 -0.254066546509404 -0.191176378326268 -0.440641090165001 -0.516046533029865 -0.269980936896539 -0.205424454027609 -0.435107249399455 -0.420164585406475 -0.243243734462471 -0.380426493227245 -0.456587863037181 -0.469112255777432 -0.398496748433981 -0.11992824725206 -0.0641078348119947 0.183063627849899 0.105862102892992 0.0647085372664422 0.093557205487747 -3.4e+38 -3.4e+38 -3.4e+38 -3.4e+38 -3.4e+38 -3.4e+38 -3.4e+38 -3.4e+38 -3.4e+38 -3.4e+38 -3.4e+38 -3.4e+38 -3.4e+38 -3.4e+38 -3.4e+38 -3.4e+38 -3.4e+38 -3.4e+38 -3.4e+38 -3.4e+38 -3.4e+38 -3.4e+38 -3.4e+38 -3.4e+38 -3.4e+38
-0.191138737013384 -0.165746051332533 -0.0734296194017697 -0.0593923984744769 -0.0335408892791619 -0.283518970256797 -0.228676426643581 -0.147486017262623 -0.208141676422285 -0.344570744376717 -0.318964972083839 -0.0888326604990879 -0.402913287435859 -0.341915631924624 -0.356877892954267 -0.347572634716763 -0.327344521956523 -0.398874834276625 -0.40211368040677 -0.0206327631849035 -0.0370735580699215 0.112068946432791 0.179192855287367 0.0523980670100975 0.0490959621581748 0.11110876853165 -3.4e+38 -3.4e+38 -3.4e+38 -3.4e+38 -3.4e+38 -3.4e+38 -3.4e+38 -3.4e+38 -3.4e+38 -3.4e+38 -3.4e+38 -3.4e+38 -3.4e+38 -3.4e+38 -3.4e+38 -3.4e+38 -3.4e+38 -3.4e+38 -3.4e+38 -3.4e+38 -3.4e+38 -3.4e+38 -3.4e+38 -3.4e+38
-0.113652838667249 -0.158723909021533 -0.110303967462794 -0.0971609465402487 -0.130813076967887 -0.217171116521305 -0.23299016566247 -0.234461164759161 -0.226836771791757 -0.27398368476534 -0.205054905287989 -0.170717841501678 -0.319036841080621 -0.293782569273614 -0.307648925320893 -0.324428226367033 -0.373598495858765 -0.376504351557498 -0.401222454286565 -0.221870146456246 0.0279836510510064 0.281111181606952 0.255719540776764 0.0723199837907434 0.0412279569575555 0.0677614140360082 0.174987756041267 -3.4e+38 -3.4e+38 -3.4e+38 -3.4e+38 -3.4e+38 -3.4e+38 -3.4e+38 -3.4e+38 -3.4e+38 -3.4e+38 -3.4e+38 -3.4e+38 -3.4e+38 -3.4e+38 -3.4e+38 -3.4e+38 -3.4e+38 -3.4e+38 -3.4e+38 -3.4e+38 -3.4e+38 -3.4e+38 -3.4e+38
-0.127258978009616 -0.12920961184713 -0.0498623866753104 -0.200500691802219 -0.16233342432554 -0.249343730498142 -0.0724481021317117 -0.109252025755155 -0.104348956528617 -0.266670070550206 -0.249495730941594 -0.25584856534156 -0.310279596694591 -0.299566641994 -0.329186281786328 -0.330151035063029 -0.381226450184191 -0.373174940915498 -0.370006362531508 -0.201508046410284 0.100756600338024 0.310746168994253 0.328937737448499 0.227230168811086 0.0827191794579087 0.0595528163281117 0.111952995026933 0.164387720319021 -3.4e+38 -3.4e+38 -3.4e+38 -3.4e+38 -3.4e+38 -3.4e+38 -3.4e+38 -3.4e+38 -3.4e+38 -3.4e+38 -3.4e+38 -3.4e+38 -3.4e+38 -3.4e+38 -3.4e+38 -3.4e+38 -3.4e+38 -3.4e+38 -3.4e+38 -3.4e+38 -3.4e+38 -3.4e+38
-0.09767366857357 -0.11571277743329 -0.0874072020411733 -0.0783119873795269 -0.154708059323371 -0.0953965472847494 -0.0454149663109638 -0.109332580472189 -0.114999237992294 -0.291054607201691 -0.289992084150977 -0.315576696998262 -0.283527443098277 -0.324049949276014 -0.344147515535833 -0.362945869166223 -0.33606076238853 -0.375501600726473 -0.351795029289894 -0.192687739241978 -0.0382312876219532 0.328948709839185 0.324292695613907 0.316262160690299 0.175102415520805 0.079892403862313 0.0638379477724549 0.0740221036115835 0.0858500929598907 0.0840055369854238 0.139292978693336 0.165759616332816 -3.4e+38 -3.4e+38 -3.4e+38 -3.4e+38 -3.4e+38 -3.4e+38 -3.4e+38 -3.4e+38 -3.4e+38 -3.4e+38 -3.4e+38 -3.4e+38 -3.4e+38 -3.4e+38 -3.4e+38 -3.4e+38 0.207600591660022 0.22324251421812
-0.115470739202042 -0.115629015974498 -0.097660198564836 -0.151612145777829 -0.200494134062943 -0.2234403239739 -0.194859330214347 -0.204125499875532 -0.254952955155843 -0.225461820160557 -0.393737665864029 -0.230518674572943 -0.314145484705657 -0.41150786453386 -0.341366395100967 -0.321242942985911 -0.332249709569353 -0.333303129780712 -0.274331221601623 -0.250922587581822 -0.0478041847894294 0.275539393580148 0.279146739696003 0.281011301573775 0.278581662610914 0.126728294612824 0.0744815170247264 0.0468872182431248 0.0318072980248483 0.0165586523152932 0.077761980946151 0.117869261181687 0.0649528358028696 0.072620105030725 -3.4e+38 -3.4e+38 -3.4e+38 -3.4e+38 -3.4e+38 -3.4e+38 -3.4e+38 -3.4e+38 -3.4e+38 -3.4e+38 -3.4e+38 -3.4e+38 0.304821722726081 0.200709737551283 0.198536101185542 0.211401043800502
-0.163238453718066 -0.109183842088243 -0.16716678513786 -0.163134384131442 -0.245016388364538 -0.148391422377331 -0.299078972485785 -0.249619161586999 -0.28814052474824 -0.274616569753411 -0.276189111565376 -0.308573855886092 -0.368099156888772 -0.359288506092111 -0.391477379179917 -0.431847715792064 -0.366717652436311 -0.343004296344423 -0.271868584496139 -0.341039417720075 -0.203864820820907 0.169948584589121 0.491430248745036 0.325393364779474 0.401038783010162 0.242378961940641 0.138114778160161 0.0705800113462322 0.0387049398937748 0.0128579902583145 0.00664328230909086 0.00305543302078887 -0.0329811499010282 -0.0389781954990327 0.00851567947877677 -3.4e+38 -3.4e+38 -3.4e+38 -3.4e+38 -3.4e+38 -3.4e+38 0.34332151225905 0.368525607931053 0.351462930247519 0.334808445818064 0.336756327218994 0.200354040742078 0.190624457660689 0.180065657466948 0.198183671497629
-0.0962838304727499 -0.102823994936058 -0.136513154870262 -0.144225395252538 -0.114691275102073 -0.253683231918731 -0.268782356101163 -0.269704365250902 -0.282312480675921 -0.235091046295454 -0.253353764992797 -0.348599099495825 -0.360381030428843 -0.374275428129163 -0.403700857871886 -0.386144813451077 -0.393160476741882 -0.355049142581837 -0.295480746690312 -0.276018199968618 -0.19972916396065 0.0543877039404468 0.336602567253979 0.493560391480246 0.481646444073433 0.38558685795311 0.271706186330046 0.154677608289703 0.0655314839702961 0.00496973444617324 -0.0365286733012642 -0.0256453489783333 -0.0123902823536202 0.00294729942198232 0.0429215949264791 0.0790166874497844 0.191043558406333 0.268944666071139 0.462663891885966 0.43206207578145 0.365245086681925 0.327441515957411 0.339601553217542 0.361710932472911 0.333684456264073 0.308261311337957 0.165983951576918 0.156276661601682 0.173609436979988 0.177231390835386
-0.0230361936993446 -0.0563449593463313 -0.0200010361727976 -0.0188421279625015 -0.0298888017242288 -0.18310220075678 -0.218933002361393 -0.213820633725006 -0.212349351653294 -0.220493742548594 -0.290576647239286 -0.295942819730448 -0.306239767971248 -0.34256222729945 -0.364642080447328 -0.4168217881696 -0.357274887147949 -0.343620203519649 -0.393554387166092 -0.293545294186824 -0.230615971690059 -0.154288830766599 0.198957121079376 0.369139150401865 0.388622909919767 0.388287418710709 0.359355589400129 0.25847722385997 0.147781029891639 0.0600410199338818 -0.00905011124665639 -0.0383396288180105 -0.00645343428256706 0.0500782788860448 0.0671976267025888 0.0697758666796146 0.13724828198281 0.188239589803072 0.227852923383591 0.212158320789843 0.288328232275481 0.305213059196259 0.327023532584838 0.347838226968167 0.303780996229006 0.157395287917931 0.11944932201421 0.144726415268782 0.168687345233509 0.168009477588868
0.0670651229295841 0.0231185106968571 3.79557775159189e-05 -0.075032319061075 -0.0496704070875428 -0.0795206233453752 -0.232594727748146 -0.199603720252925 -0.167896043186517 -0.194539058361179 -0.243555318902205 -0.280441250814531 -0.312034087372477 -0.325580158700999 -0.368369690811217 -0.340086921647476 -0.365227175231631 -0.384254771824936 -0.407023517420303 -0.390610480102191 -0.269227773052219 -0.200651022787347 0.0522303904152652 0.252580430960717 0.314040486540173 0.381382340667937 0.416064108509039 0.370596358171596 0.237189319822254 0.161163616471263 0.118648604001464 0.07270031748667 0.0275003264835069 0.0273180144643093 0.0677151678669122 0.0615426882391538 0.0956217453711571 0.135908339768651 0.173438328080993 0.152940200916652 0.295432988331124 0.336667315807851 0.294078977429091 0.296405437388687 0.307743196996123 0.266252179863138 0.256019781136178 0.258926644686026 0.280862287731968 0.186643815524083
0.212474326612253 0.163672732263005 0.11675523570127 0.108171141052166 0.0959983101850699 0.00194820093933798 -0.0608397494569752 -0.0968794458826532 -0.0524752565379664 -0.061586346033851 -0.150076696732035 -0.318689156383351 -0.347365479319954 -0.337752523266835 -0.383132827174634 -0.365893135884821 -0.350273919006792 -0.348028783356363 -0.325200938305852 -0.361535195919526 -0.260273004276645 -0.211567141418786 -0.125339574830868 -0.0875929508193952 0.227352354289871 0.286482186261562 0.35992941871774 0.385354024116194 0.321081434966594 0.279048185822576 0.252581011600239 0.204294931381671 0.161969909684702 0.0854775173136872 0.0944210932004894 0.0570342507946714 0.0655224103614863 0.0990887101653347 0.115550370177619 0.242613061064548 0.275478121959185 0.307584299133083 0.315651182848169 0.299434346819378 0.28742656479441 0.31989216864456 0.296488322552323 0.304809725952986 0.287437918434682 0.162340841086586
0.434749960083195 0.397161874274468 0.298187862799547 0.299829734511059 0.307780753284783 0.235182160957512 0.134759589140493 0.111640023541966 0.146371836568207 -0.0152320155644146 -0.0422236533140111 -0.257227944867039 -0.275260722028788 -0.204039289507535 -0.333297947440527 -0.327469502678462 -0.222414841062501 -0.268939781130869 -0.184223106298795 -0.358594723433882 -0.33246146574607 -0.218009560913945 -0.0983574470620036 -0.206062117228217 -0.0518897511873585 0.215428198217228 0.257006756179014 0.289164151420909 0.359543966089331 0.377937976192258 0.34703409834059 0.312853602046762 0.295017630777219 0.173929352390263 0.12648889883838 0.0514459787459463 0.0524528533731454 0.0848387178365756 0.0875118510416288 0.210384662239172 0.242150955048873 0.243850645876493 0.279887026184149 0.264821914753545 0.297249669532147 0.305662264541395 0.297248717157016 0.136939616610725 0.138312473286649 0.171210599086077
