data/pcas/pcas_can_585/pca_referenceLayers_can_585/PC10.asc
NCOLS 494 
NROWS 529 
XLLCORNER -117.166666666667 
YLLCORNER -55.5 
CELLSIZE 0.166666666666667 
NODATA_value -3.4e+38 
[rows 276 to 298 of 529, columns 300 to 349 of 494]
-0.0761891560530605 -0.187089576433002 -0.200289011781573 -0.189360748313971 -0.228048141582783 -0.25197496230871 -0.263252143402575 -0.255803465922583 -0.239896242662922 -0.240046927676261 -0.236319582159581 -0.220490814045357 -0.411164892889206 -0.40115469249479 -0.379154886051579 -0.377526756967887 -0.361865624876343 -0.46893861545095 -0.442546406407349 -0.451248019936461 -0.461111917610487 -0.468337106732671 -0.473294546262995 -0.460486216706264 -0.467737679729965 -0.354924739344589 -0.203204371017905 -0.310702050425394 -0.212717970664646 -0.23562621366263 -0.21518804963724 -0.24134959334985 -0.25834245076076 -0.209222028411325 -0.196110095605483 -0.20400590937074 -0.179984272169104 -0.158557164467302 -0.146847961090792 -0.154408015267232 -0.166435398174761 -0.0948846240923579 -0.112512400249419 -0.168141581259085 -0.164639811586685 -0.094131129802928 -0.0771281810428009 -0.152906064364915 -0.0729985513184387 -0.146259432176601
-0.0774916141988579 -0.0932461656857715 -0.211245100523587 -0.20211937352557 -0.209846499801823 -0.247991885497986 -0.253780246231284 -0.263530244995886 -0.255198289080842 -0.23695600960785 -0.255378039948795 -0.233148601750629 -0.246276092801224 -0.225879909158998 -0.188150059863716 -0.367569119635204 -0.390733221014942 -0.372039550623598 -0.477504295592598 -0.475260130534369 -0.458425144273418 -0.480691105546701 -0.46706191716581 -0.344690482662367 -0.355189461188474 -0.271472134621802 -0.233838972451376 -0.230828158258904 -0.216034123673806 -0.231906013591184 -0.210192313272043 -0.207141276267193 -0.229719835280723 -0.205196537189193 -0.141974809107217 -0.183637504258921 -0.102185688102545 -0.148952871149332 -0.154281563325054 -0.0905449929795142 -0.0992840391802143 -0.10905288557684 -0.163859534335148 -0.106167928211837 -0.175150873213549 -0.0885595218321709 -0.07659715114291 -0.165189853841905 -0.090951059393016 -0.155715555508333
-0.0610933506951014 -0.0754902023354856 -0.0828619109891849 -0.200880919049585 -0.208854373815288 -0.222993457304785 -0.26382100500401 -0.25438613321906 -0.270909141160064 -0.27901405408654 -0.269493608322498 -0.241675128068939 -0.256120342468006 -0.203777407703984 -0.190853118122793 -0.19532160580599 -0.186191399490987 -0.184093326561968 -0.337925766571916 -0.382347164698093 -0.366061523460955 -0.3642259922106 -0.374702159637804 -0.242216900644218 -0.256617096417462 -0.283029012171731 -0.260510826876621 -0.235767736416556 -0.232912149178462 -0.23472241804111 -0.243366923209877 -0.227283543551854 -0.192897030462606 -0.193537382872525 -0.158325730896883 -0.189925807491415 -0.118517427880523 -0.167600132562916 -0.162342847071601 -0.107167386305379 -0.10660394219347 -0.100936547671659 -0.0960596029195304 -0.111144430597543 -0.15860945019407 -0.0994250180205472 -0.0891188009125762 -0.157130127659847 -0.0963692891356049 -0.0834418655441651
-0.0678548531696476 -0.0702621258901163 -0.0826706036781307 -0.205623143539139 -0.231721189239212 -0.234761831681101 -0.237461099074308 -0.27650730239502 -0.26002976741577 -0.269142834810261 -0.277650880343411 -0.229922558184442 -0.210352329683697 -0.216433965691763 -0.208950954952609 -0.204947882962424 -0.197186735691276 -0.184554482076137 -0.177495420729913 -0.181220626949657 -0.261630186078603 -0.242207861686633 -0.242660784001242 -0.210499775490916 -0.258870871301916 -0.233407319528033 -0.263854582951214 -0.216655610579879 -0.250479437561863 -0.241766557145779 -0.236687351124343 -0.19403312992169 -0.185422715470658 -0.20739874086392 -0.176301450257842 -0.154901833400537 -0.147518123406921 -0.177469242148699 -0.174983494782823 -0.101540032754606 -0.114284957022074 -0.10939724735035 -0.106366660201801 -0.0912232210274964 -0.0910089313501185 -0.0924176334011771 -0.0881071271417413 -0.0983387312270199 -0.0914175497079054 -0.0881049023209723
-0.0549388649215579 -0.0759389590570242 -0.0955015215919024 -0.110956619115615 -0.229107425727012 -0.220241693734199 -0.228566087394945 -0.234922573533721 -0.239516754794952 -0.2425520906861 -0.248662237154176 -0.240753454048014 -0.20512836202653 -0.22093344914236 -0.215366808119294 -0.193345866451673 -0.18157022494573 -0.170104372679197 -0.167156795199477 -0.184749724344312 -0.192985540054021 -0.163978698766954 -0.169782482499894 -0.2084251113793 -0.20352349853472 -0.210358286033864 -0.220128704004106 -0.220320441748061 -0.20548239704702 -0.217209012699459 -0.213829336291245 -0.197891300086788 -0.198927729541209 -0.180280529201394 -0.177499601879685 -0.17212413149698 -0.158514129946917 -0.144161011144971 -0.147117073535338 -0.114522651011212 -0.128875907203922 -0.126211511094905 -0.117096203302413 -0.109615572338566 -0.110491706685945 -0.092559561231757 -0.0896011683455014 -0.104049106868298 -0.0881514153436412 -0.0729257116277011
-0.0629428861499703 -0.0793246668904548 -0.0753043616225014 -0.105555872928387 -0.20537845937088 -0.19667423254006 -0.21013363902304 -0.222226580995279 -0.247252091080292 -0.242199705134783 -0.248416481654264 -0.238996700412489 -0.214690814516651 -0.208387185706732 -0.203068877344883 -0.18267801133684 -0.168683898186498 -0.170232871464967 -0.176015862911591 -0.206637040957295 -0.192402178982656 -0.178611592032619 -0.174037136842698 -0.185185522320706 -0.195391580439248 -0.232927859236772 -0.239618602906581 -0.227883584360444 -0.242928426040435 -0.233240078507967 -0.226657237092354 -0.220770318230765 -0.205410677740536 -0.202453332121829 -0.188699786871563 -0.174793331266328 -0.152710265292997 -0.143022373222816 -0.20335653568957 -0.148628887514814 -0.131602750044668 -0.139679099988192 -0.141330390717983 -0.114717802292838 -0.113966027822303 -0.0970890852598472 -0.0944235375598717 -0.0922918412831747 -0.0947967021425988 -0.0845037289056061
-0.0560602851877018 -0.0621617683161498 -0.0719805524153366 -0.08829238315833 -0.108554271435146 -0.211878202019205 -0.215024116478045 -0.221503077406598 -0.245984176899541 -0.245785689436427 -0.249045136381898 -0.245401852986949 -0.206715346273192 -0.208026641578038 -0.19107752992032 -0.198761548525624 -0.189728634021032 -0.168068819756251 -0.174694413364254 -0.18344797694508 -0.188533743808652 -0.194863220317712 -0.183511194595993 -0.185901414603474 -0.188641398554367 -0.204976363213613 -0.229639340184457 -0.228546869678918 -0.232100411026421 -0.227735699923344 -0.240763539464323 -0.240379759378884 -0.218005981691129 -0.205990306418446 -0.202894668240772 -0.192783075264954 -0.174045612709253 -0.161398571192867 -0.165418466178906 -0.153951486767063 -0.153297760304468 -0.13953903483743 -0.128844174495027 -0.132853257706608 -0.113933691638232 -0.108652358122389 -0.113749971599292 -0.111895160028377 -0.0991518146842927 -0.095628311595287
-0.03565183745157 -0.0653620914183358 -0.0767733865953226 -0.0829418173287061 -0.0909529191083402 -0.085227987457422 -0.186073780530747 -0.217746375265704 -0.236277620866145 -0.223907028718372 -0.229276928410791 -0.21827487298949 -0.203308596494792 -0.17952448029564 -0.188147516990233 -0.173679569933734 -0.181124257162917 -0.157456805841894 -0.171088570452172 -0.191690964800274 -0.19240610778847 -0.19204460767507 -0.197910208116029 -0.204825101417987 -0.197132778814271 -0.21668252770483 -0.244057729887724 -0.210850957291464 -0.247227251498946 -0.238890891509564 -0.246270052075901 -0.225666405444824 -0.231908911019371 -0.215980610939943 -0.21868497753737 -0.206638529327942 -0.189166093201394 -0.178419951582824 -0.172278612549528 -0.164903192562752 -0.166734779550246 -0.147037154210475 -0.149839166507114 -0.12971757663369 -0.111592548451257 -0.126288560912002 -0.109130453129052 -0.115799587469796 -0.110538617452301 -0.094973983199473
-0.0237768437930617 -0.049591203504399 -0.0572440874833718 -0.0596451983932968 -0.074069720473633 -0.0817140504281366 -0.0914904229445347 -0.103098121359903 -0.208078558360476 -0.209877561000887 -0.20580836563155 -0.202097658096527 -0.184497083073548 -0.162022897486776 -0.178448000102139 -0.178921878721577 -0.172646851393252 -0.173671528203281 -0.17067020952136 -0.171894810071109 -0.194888101023435 -0.193997046054917 -0.188447568674174 -0.19726406196539 -0.218059016288664 -0.219445760716613 -0.217969421954203 -0.22737547407537 -0.221937431337127 -0.244518623828504 -0.251809554346346 -0.248238407540806 -0.246154993286006 -0.228081421120138 -0.227584028275099 -0.217373443583357 -0.228962228875747 -0.20438260786954 -0.188645033410702 -0.161978141409315 -0.165413986163133 -0.147907626501971 -0.103950186332114 -0.146852782377281 -0.133300811936717 -0.119712629624551 -0.0832529319385772 -0.110806718294025 -0.0776542407472233 -0.0761658907642002
-0.0109746623145987 -0.038027237120115 -0.0451614874314551 -0.0532234482453684 -0.0410299368500807 -0.0667561279386585 -0.0588148692642307 -0.0671217349064479 -0.0911352631472483 -0.0914851114093761 -0.196157416526148 -0.202185746361894 -0.180126316355096 -0.159029222154438 -0.150392218437263 -0.157249869538664 -0.147012384317168 -0.150773209898614 -0.147171213523447 -0.171545870677058 -0.184559588211195 -0.185285478129982 -0.201736446335706 -0.212498801222084 -0.218188816034452 -0.213269228936762 -0.228272467374639 -0.236505732367429 -0.233335216757304 -0.226012805332526 -0.229435426269178 -0.253139799881278 -0.257900315144911 -0.244684061218773 -0.22815283392994 -0.23463089493571 -0.22934814909095 -0.20667416441368 -0.196788287903283 -0.18166943907425 -0.128630717231868 -0.172777566768753 -0.14761863801708 -0.117269434812229 -0.114518337721602 -0.129179444880666 -0.0957390646878505 -0.0931010546894331 -0.0829083309989532 -0.0819001350710893
-0.0170383672768599 -0.0129170966000971 -0.0109738514818905 -0.0264538674061374 -0.0138641571752021 -0.031959123731896 -0.045181858003387 -0.0575777975668451 -0.0587417413052311 -0.0648150417465952 -0.177798472952126 -0.159963270968235 -0.142378888728936 -0.137600528250856 -0.13918447142393 -0.138573134557954 -0.145181459001281 -0.143932389958102 -0.149007040011635 -0.16515249578121 -0.174455806098554 -0.181252888706118 -0.197978994181016 -0.223327396325474 -0.223223592946098 -0.229484879510183 -0.232996416100621 -0.236175087687224 -0.24086624910016 -0.232958154624211 -0.233062477455197 -0.227579106054625 -0.232711158463104 -0.257075984447754 -0.249205710446291 -0.237976499654482 -0.201324163427239 -0.223031629987078 -0.212725818277425 -0.160921319623644 -0.159372476245363 -0.15692995359055 -0.134612782067591 -0.142075169275894 -0.121480497023632 -0.121387231990347 -0.115453615712765 -0.107763481848148 -0.0982671893126784 -0.0862350665639728
-0.105474855523331 0.00286252200347993 0.00639930003644311 0.000337324763940938 0.0054659292712582 -0.00896133145222977 -0.00610979859080414 -0.0245084857287926 -0.0345289374207831 -0.142701787791406 -0.153621060991865 -0.132639285980176 -0.128403235879468 -0.0887177402213418 -0.121620092279836 -0.102783027705017 -0.125417089643095 -0.133193061539212 -0.136203370838012 -0.158122449830145 -0.177903077994241 -0.185643394278697 -0.204676603218663 -0.135643501153945 -0.12739071963415 -0.133830823062737 -0.133597349248284 -0.141130428801216 -0.245377443225711 -0.241089795011814 -0.241094699572625 -0.24113647353814 -0.233208439027754 -0.256062127850889 -0.260401415682011 -0.217757610320933 -0.2000500642983 -0.202221152728225 -0.180662771976434 -0.179849248955853 -0.164364068493478 -0.160571197296257 -0.156589300994197 -0.149077536744545 -0.145189470945298 -0.130638611750007 -0.11620901170898 -0.109383401837704 -0.104331351338561 -0.100145060205855
-0.0781660682057444 -0.0812444215916127 -0.076510227569372 -0.078414689841066 0.0245139398697258 0.0274087492233965 0.0289535105702627 0.0208300551566974 -0.00060803168339639 -0.0962901748834368 -0.0903265339730614 -0.0706519626604833 -0.071746082799797 -0.069685196525502 -0.0668396087792668 -0.0711915412620743 -0.0890925457204166 -0.124974289557244 -0.140206835359013 -0.143980923476704 -0.168104361189681 -0.186576404618549 -0.11314045663398 -0.133675487236247 -0.142776926641243 -0.142789768189957 -0.138166683296739 -0.144868926585299 -0.139925122448023 -0.248736239305027 -0.238471108741121 -0.248950676089741 -0.244108313790148 -0.237440707113683 -0.235589661990325 -0.22890099543308 -0.223995076464197 -0.204930348169982 -0.202517238693455 -0.205345528524324 -0.180918343739111 -0.160322578159894 -0.163528727003347 -0.152224026600853 -0.150870449145115 -0.140245637248722 -0.128741158368935 -0.120464674718316 -0.130425521215172 -0.117657164950253
-0.0651849211227288 -0.0428416319990708 -0.0353546760301217 -0.0160269309564338 -0.0373340266787545 0.0702169466890774 0.0713876622308583 0.0640127327876377 0.0489644787706135 0.0423654776505731 -0.0372669774150181 -0.0352831164378954 -0.0316646195947306 -0.0336712398896592 -0.0269483976545764 -0.0438929881806017 -0.063269701710513 -0.102281893713392 -0.115533089493348 -0.144907072106467 -0.167629095580759 -0.0835946461287344 -0.114374373904185 -0.150596781523356 -0.158763167636005 -0.152932625603862 -0.152200500446177 -0.155391161939405 -0.152782102338239 -0.138657711224374 -0.256581790760424 -0.256899633810584 -0.257064349321217 -0.254758345592734 -0.252689969210374 -0.232414136572884 -0.223270978558152 -0.213496361440998 -0.211329046524645 -0.19004987794005 -0.18432777201452 -0.171970228569946 -0.156318041606887 -0.161778573111704 -0.153031755012985 -0.128466801910901 -0.134092566771936 -0.124986563920865 -0.132660456632071 -0.130545144146047
-0.0217057215097835 -0.0155981237349865 -0.0118198222936024 0.0107769370791709 -0.0110480390616254 0.102651553868298 0.111302880678926 0.113138082311178 0.0935661711143844 0.0887358773033534 0.100532786525991 0.00819013422467926 0.011809435647444 -0.00812604276634693 -0.00218596471727638 0.00193703414127191 -0.0267254689345252 -0.064651292746069 -0.102986035911549 -0.134335394344502 -0.153446098633043 -0.0783381480467623 -0.108847443657926 -0.133445064734135 -0.158367032198834 -0.157676168317892 -0.152400386002651 -0.147425594673379 -0.156817725024518 -0.164932314714573 -0.270518121114484 -0.274812225640059 -0.271843232854674 -0.267936861555849 -0.256207205474945 -0.240312532580965 -0.228914763592694 -0.237363869310287 -0.22719129923593 -0.202028447951741 -0.191841513171039 -0.193604279794709 -0.16828625333149 -0.178854322493608 -0.150154710732486 -0.144374094939516 -0.135471732840221 -0.140191936799667 -0.131822979972218 -0.129134525538745
0.0279463919761164 0.0226899005281924 0.031798021814833 0.0380357991903569 0.0443618089259904 0.0418418640380892 0.169149943775681 0.166625450340692 0.1661198840491 0.168315545223135 0.165270215015436 0.13705366167437 0.140262464927932 0.0363140127267759 0.040256106525746 0.0209315347989227 -0.00686774092334862 -0.0391642618096567 -0.0759478282819531 -0.0113107804652813 -0.0443192660090159 -0.0743795773404169 -0.108598107435673 -0.127214145703274 -0.140251892764362 -0.148114107112729 -0.153277245377188 -0.16541302938442 -0.164663606327481 -0.160266904553408 -0.281956018627041 -0.29585540010527 -0.292458635569518 -0.268543266395565 -0.261118979736148 -0.257004338419892 -0.242539928151085 -0.230560094310451 -0.216596383086711 -0.207449007232992 -0.202252017581544 -0.188569345189924 -0.16944316386178 -0.166992809075154 -0.153139439481548 -0.143018344348021 -0.132405927810558 -0.126878892527402 -0.124100338178297 -0.127996548341206
0.063120641173898 0.0529484483888961 0.0386697281143361 0.0488111557017412 0.0598541664260582 0.0896272078183545 0.219648020663993 0.218635426396516 0.222045877584085 0.220345474936306 0.226964218449503 0.217823143069854 0.203744067335494 0.179653365994626 0.0732403903162507 0.033038469756007 0.0324809098053176 -0.0112376511563639 0.0365769062763362 0.000332348973446889 -0.043093380839641 -0.056570606561332 -0.0873211921626765 -0.118722988737146 -0.132575711611151 -0.146276348022271 -0.154386517767038 -0.14908549597095 -0.167705259935514 -0.166862408430256 -0.279112975655265 -0.307279182976654 -0.297637942903596 -0.28065266934532 -0.271996534853131 -0.252081534046032 -0.270151322868689 -0.237096212770021 -0.223404794482233 -0.201777141738008 -0.210396820550118 -0.180773074868119 -0.163295597429338 -0.161370116499287 -0.0609434730727846 -0.0665670648993932 -0.0624242004795271 -0.0573290331370019 -0.0554547793419192 -0.0643774212131814
0.0604382630818951 0.0536050646436754 0.0548125758368796 0.0497527624515264 0.0612267118490003 0.11068438013536 0.260636668706245 0.278734189753228 0.273933865746693 0.276533016997118 0.268701514754372 0.251999741720776 0.255924911116108 0.235847928889839 0.210692304823717 0.172669302456394 0.146700710441062 0.0928311926387089 0.0520076517022843 0.0230141556452914 -0.00411346152507626 -0.0493325676489757 -0.0842449655991686 -0.118129807245046 -0.128366608268998 -0.130457515232783 -0.149797811625923 -0.15145845405918 -0.165935218082635 -0.172401250454997 -0.287549534946963 -0.306442413705296 -0.291983420342443 -0.283778364410831 -0.273939319650579 -0.271675746652195 -0.262965047804345 -0.242501688116289 -0.222233660744565 -0.222073350015284 -0.196610220623913 -0.190111786750749 -0.0786004447309425 -0.0686759424880927 -0.0577911994950646 -0.0713813788310472 -0.058779202883251 -0.0595053214022598 -0.0620940938108984 -0.0617683862618919
-0.00337651013721788 0.000285502596201553 0.0614364243219631 0.0662398185629176 0.0382486870133453 0.0758426388499665 0.180056062762387 0.327621674041741 0.338126023953704 0.351299710253888 0.325932241413437 0.314340517081175 0.288400047936681 0.280880992786291 0.264123989181738 0.207301204072643 0.168479462626392 0.123812132892284 0.0746615445763231 0.0433934682826966 0.0123384970522752 -0.0101122422526135 -0.0547387391511584 -0.092890207765849 -0.119320456325442 -0.123834001533736 -0.13969459915676 -0.155531703224055 -0.168501854650214 -0.165515083446353 -0.283585876088798 -0.297332851233751 -0.297363884360959 -0.290608625442606 -0.282963676150262 -0.282752297209119 -0.257537464621577 -0.252741725752006 -0.22996993545585 -0.228290164008341 -0.109628263610195 -0.0877178692132402 -0.0841114345717726 -0.0597068414618607 -0.0615852630757176 -0.067649689073288 -0.0591898644228808 -0.0671611477418962 -0.060041283190073 -0.0683926646454834
-0.0363530258969557 -0.150754086904902 0.00599334220544051 -0.0133008041493672 0.0211918855062728 0.0336862333289477 0.104301993765208 0.328973953389733 0.392046274246836 0.402538406059262 0.3901218129916 0.353495157525139 0.326841071292325 0.320552556621533 0.28866810125655 0.251608122536709 0.1814139920071 0.134368299489106 0.0907138653698281 0.0414603942097177 0.00779289200349099 -0.00824254187381333 -0.0254774760493926 -0.057487018890811 -0.0891290941744325 -0.108043304218466 -0.128323241986287 -0.153129240970526 -0.165928013349031 -0.172744097176099 -0.172334687376303 -0.183373756324271 -0.172481396875654 -0.291997978259405 -0.283826366972295 -0.279018032192916 -0.270805818406396 -0.270964066068178 -0.240616442648677 -0.124690867681415 -0.108975700592122 -0.0812129679210167 -0.0732851763765693 -0.0595962735830902 -0.0566584521752597 -0.0506242945516225 -0.0516176224024722 -0.0659681147722528 -0.0502387811204422 -0.0536507131359232
-0.0578770008490013 -0.160066782252565 -0.0522331757974602 -0.190469376254713 -0.121129250456236 0.0188545224096617 0.014257835428158 0.155464542876978 0.40694094853991 0.457758324292733 0.453793437150512 0.379683640295567 0.337218185053443 0.334509224171624 0.315229270324977 0.267939090227149 0.202764669891438 0.162303367342778 0.0967524672673029 0.0570024233187411 0.0365534388777205 0.00542781389523755 -0.0156512883324387 -0.041694666637186 -0.0745473493529728 -0.0971461921904349 -0.131582496898173 -0.159334303652387 -0.160417156261056 -0.168632368123391 -0.173072623313371 -0.186144491882481 -0.17175970166629 -0.17729428356256 -0.170302699975107 -0.176597757037619 -0.174020744120463 -0.147413349228493 -0.142710648503277 -0.118400290931118 -0.0969121656590475 -0.0819474108138323 -0.0617394854111425 -0.0627204698074652 -0.0399114316281586 -0.0379683584093001 -0.042408234462925 -0.0522751436964684 -0.0589690759179594 -0.0608110959038133
-0.0697887630204962 -0.0789114528077174 -0.105929049689828 -0.271612992139269 -0.249162551926591 -0.0974243342625851 -0.092306163844767 0.104624688359458 0.250602872757378 0.450332497474185 0.491882537531547 0.408362518223315 0.356762662939399 0.345856040560475 0.3015993471235 0.250022956151033 0.196154830161122 0.143171881915981 0.079912814990784 0.0625067649383066 0.0349575600868092 0.0161141038671168 -0.0072152622702582 -0.0371804063713484 -0.0630884908259085 -0.0955877633477488 -0.128667576035044 -0.153184241887308 -0.162988751938649 -0.182542599809029 -0.18647290653963 -0.173439889911124 -0.185309923751648 -0.182384459585289 -0.176268322866804 -0.171108483721724 -0.163958100207508 -0.133882013562123 -0.134059804404519 -0.121569821227434 -0.096534837165715 -0.0819376179433098 -0.060414204033449 -0.0459263970161945 -0.0481024189358742 -0.0385002592782067 -0.0508753231920248 -0.0527082005442895 -0.0538299782755131 -0.0690395333585041
-0.153882209202816 -0.0976720239183143 -0.112782363547767 -0.179252900206138 -0.280907620338427 -0.282165273270923 -0.168938061130945 -0.0466015525233572 0.184007977814186 0.239258306386592 0.435037250429485 0.40600812589411 0.37694172183971 0.32489561812927 0.271184096677217 0.235830691874724 0.186447707712706 0.142683001574762 0.0951069100257729 0.0695367461578912 0.0417058300055077 0.0305443242924834 -0.000188566449512872 -0.0218705176588182 -0.0410852587030413 -0.0889570960308039 -0.138203625422701 -0.15008713249551 -0.154124860737922 -0.17705831978255 -0.175259753544302 -0.189097387767286 -0.182132737907061 -0.167529970466827 -0.184445333324874 -0.170841812852161 -0.168669148313411 -0.149344534255672 -0.135270714785727 -0.114129382604547 -0.112713570846105 -0.0924467393959168 -0.0607943022392452 -0.0459794966722618 -0.0473617096107196 -0.0487699746451727 -0.0546462265157236 -0.0548866241371775 -0.0648290166926978 -0.0595151412421103
