data/pcas/pcas_can_585/pca_referenceLayers_can_585/PC11.asc
NCOLS 494 
NROWS 529 
XLLCORNER -117.166666666667 
YLLCORNER -55.5 
CELLSIZE 0.166666666666667 
NODATA_value -3.4e+38 
[rows 0 to 21 of 529, columns 50 to 99 of 494]
0.649239735699227 0.599075435245571 0.550326708450668 0.248803442188114 0.253038621024341 0.24565773213726 0.21958723541062 0.238098540877525 0.266928989717584 0.257672609186661 0.0373092448253642 0.0792655716358227 0.0787006579666527 0.0208193207569905 0.0286655028030892 0.0902479302236694 0.0749213537756352 0.0565473062578621 0.0319661976177886 0.0473851876440022 0.0420446288052299 0.0415901707593468 0.0285311115539796 -0.159153534663706 -0.163756751050417 -0.137503186785251 -0.126176793821047 -0.101344114257605 -0.120501945255604 -0.104010878606017 -0.102673990681697 -0.10954751283648 -0.106034240577742 -0.0960077479286809 -0.0893471918106661 -0.0815161430323853 -0.091755982935787 -0.111220960830734 -0.351201666938103 -0.389796056412989 -0.398076019680665 -0.402986386963386 -0.394862881064768 -0.430468497570631 -0.428852616381637 -0.427762994293475 -0.4201794558832 -0.410368026180466 -0.39506196105806 -0.397635918119275
0.666154172676967 0.619694656117651 0.58826984934311 0.247170569954159 0.247932420243551 0.264611169066548 0.242712340284125 0.23179691418679 0.243938485810411 0.247687861084927 0.268543594755852 0.0404272594278641 0.0523741795687756 0.0100497119830707 0.0546770110220838 0.074001805225191 0.0548007181641982 0.0494319214006514 0.0395706900751368 0.065290763563383 0.0613896571000078 0.0604766083236869 0.0318418057613729 0.0149836706107934 -0.177476242867693 -0.151777943802125 -0.136070819628621 -0.102270961621367 -0.0850816417984524 -0.106408873423016 -0.0822137448647691 -0.0891146982364728 -0.0862656548812888 -0.0883101204440311 -0.0855775478540885 -0.0827815582577395 -0.0862684245946396 -0.0996754780006206 -0.127947152938254 -0.143855189348011 -0.36726230792658 -0.380373574649117 -0.393486057609151 -0.426164178855168 -0.425663354902234 -0.417612206588561 -0.422114609220518 -0.41637695169575 -0.391554880332999 -0.358450374364453
0.633835905625494 0.651014449180599 0.26739664502023 0.255140488471303 0.262476861229774 0.27006582693774 0.259631794569253 0.2557179331985 0.267336697496641 0.269273325188225 0.286950982653046 0.0513251783682045 0.0824509194496957 0.023827620324282 0.0448216184344168 0.064766802693209 0.0583960854846478 0.0523609217271214 0.0457322587465501 0.0599608377848628 0.0672230618295981 0.0569786924381893 0.0621291872657139 0.036750191238447 -0.190449648924681 -0.162192808450828 -0.133281369808657 -0.110830960309641 -0.0728369876020838 -0.0955379577266269 -0.0809668872185664 -0.0813874213568657 -0.0882739400385129 -0.0707735521523319 -0.0623727660189236 -0.0649003136276448 -0.0542673790186068 -0.0949646164958861 -0.107883614656029 -0.139278355160125 -0.157316813867108 -0.16609084275909 -0.391229418261754 -0.421746767770579 -0.452354162535424 -0.420108980612732 -0.409940508653736 -0.419132486642005 -0.396090859017457 -0.389320573206937
0.620752466287702 0.641366915910559 0.267154464181036 0.262059551427444 0.246637010425079 0.247795520084956 0.248306309281616 0.217049761773752 0.258364636633444 0.26193836155241 0.264639768925252 0.0425677496510997 0.065176919033848 0.0464154455453207 0.0593195015727172 0.0756006439925444 0.044744908107327 0.0340322995975312 0.0348741333405549 0.0456207671933917 0.0685274004278798 0.0758226646487027 0.0732026219357278 0.0459301837614551 -0.1671974373254 -0.131948448969802 -0.110844426755587 -0.112382313011387 -0.106911037062702 -0.0963410785762639 -0.0718569504293943 -0.0711078003976906 -0.0823246172201415 -0.0808462913031215 -0.0639058202426584 -0.0515281552887942 -0.0411668864542763 -0.0517622172566551 -0.106266133204974 -0.12261756557377 -0.13355020255153 -0.141441675133545 -0.159400997039888 -0.183009373040853 -0.200745305268676 -0.414328082819815 -0.405443377205886 -0.389535482669662 -0.394896425578037 -0.38274941532323
0.597505958548864 0.259254246186361 0.245534955581149 0.232631245694586 0.221553620135837 0.237456767404007 0.223010399495266 0.245627624664646 0.25842732638353 0.239034979416556 0.251784460351649 0.281971662026075 0.315381241671174 0.0515458713697164 0.061463278320122 0.0836424440502307 0.0489388471155823 0.0388172318965492 0.0451120181261183 0.0599746709037473 0.0696314240913921 0.0953572943447981 0.105785785169537 0.0730375386223481 0.0480138963280608 -0.146141047267212 -0.123406739598816 -0.117261188263693 -0.115904278231594 -0.114364080147022 -0.100109420654578 -0.0863968612816608 -0.0843981491090888 -0.0739829371338566 -0.0686396383690513 -0.0555968351093433 -0.0461700536716629 -0.0409783475535646 -0.0380745777950388 -0.106459272650694 -0.103537520703254 -0.129397290864942 -0.140197818376242 -0.141987545644907 -0.164898231904712 -0.174499778829966 -0.384147511919639 -0.366035941159851 -0.368871563016108 -0.371219044288778
0.590299558918752 0.240571700834787 0.250541825359953 0.226549911654293 0.22938732624602 0.226068335006068 0.209562126202373 0.22954295539525 0.246016352476585 0.267376510982752 0.27583839164527 0.30567262933478 0.31982023110248 0.312140599081453 0.0720585212680394 0.080324382842593 0.0755933614949207 0.0459300347760763 0.0563198114520805 0.071598900085018 0.0880108909648362 0.0817923768480163 0.104661952984842 0.098995755330766 0.0474803688193835 0.0777360556735016 -0.137878741229175 -0.123877991920005 -0.0960119634264737 -0.0946525328800788 -0.093977552554561 -0.0889904744772009 -0.0995639347254106 -0.087147730137007 -0.070783400126218 -0.0378114860306905 -0.0276510472352686 -0.0291528678200967 -0.0285933126735538 -0.0222136303879535 -0.0247122727579742 -0.0385329488582992 -0.112578590136821 -0.106022684404556 -0.135047137677944 -0.160052525784768 -0.14552090080792 -0.352287284110205 -0.355004994265627 -0.352613829360954
0.541915430949032 0.233490766545242 0.236820856150047 0.233418886369279 0.237826185227586 0.221621800243029 0.230037155649543 0.238346356205541 0.243461759208104 0.271583333431834 0.285154453494294 0.304901550724599 0.311532978860426 0.306288822527685 0.308840954730465 0.329538423941643 0.337310164708296 0.0887721928723278 0.0721219550279619 0.0678681395510422 0.0778250704084095 0.0861120436771531 0.0742059095684448 0.0944002065479614 0.0814441657198267 0.0492682645160386 0.101916698576158 0.124505590281261 -0.10345295641021 -0.0939663670386644 -0.0855925972688191 -0.0714891420646864 -0.0701387640036229 -0.0716798132848812 -0.0526065180918092 -0.0384425627918655 -0.0227176668771907 -0.0205265286195738 -0.027151296913859 -0.0187863921763255 -0.0254534677880162 -0.0202509128990162 -0.0229370111155784 -0.0840970002679988 -0.115660467974557 -0.149277290805788 -0.147220453537561 -0.139964041456254 -0.347292433668326 -0.623892969134166
0.553576340190261 0.589393435526241 0.230861850989834 0.237712936143662 0.234653657161413 0.227827727716701 0.223560099142672 0.247194773360484 0.254295817852973 0.252008806491288 0.291227225727671 0.313559924004801 0.315278573875938 0.313373401131545 0.301910085946871 0.319852894030185 0.337639946300154 0.0836353847780521 0.0723178814982484 0.0596621853325679 0.0827992330463467 0.0792065989659904 0.0619360077769786 0.0664414348022062 0.110966463566358 0.0906678710318432 0.0971940724981076 0.134918302268042 0.149739470812926 -0.071781656589504 -0.0787304728609984 -0.0361147690531184 -0.0422013216538125 -0.0503897387854059 -0.0413467974472327 -0.0492537446117478 -0.0193375879551742 -0.242833817004384 -0.25556490978126 -0.234997661747281 -0.252432588336627 -0.255124005088148 -0.264938798394446 -0.105974088594283 -0.10105720176277 -0.121683359992765 -0.122861880542947 -0.116654209442149 -0.48317382618485 -0.608433806378679
0.213137951136876 0.241246115427551 0.236071696832186 0.231291768427061 0.227939939452459 0.233349919667573 0.209750257484771 0.223808137098039 0.231743878295628 0.23248497994621 0.289629604343861 0.303324816624175 0.317782502967492 0.30555411185605 0.309959102495654 0.291513603612874 0.296850678629766 0.0552797671562654 0.0932420843030962 0.0812881024252752 0.0661650097471431 0.0771780349999337 0.0732190169861943 0.0734231863683032 0.116397414093005 0.107435940497433 0.108093128691571 0.126272434353007 0.154894820829388 -0.0554045687585524 -0.0535660516815071 -0.00714462177677214 -0.0370806270884921 -0.0435408216413163 -0.0197528482601572 -0.0246374789260733 -0.204856851808909 -0.232435583037537 -0.242677014385112 -0.228457332142667 -0.249562084666241 -0.250086247004742 -0.243041294570354 -0.0202733002152727 -0.310291434090664 -0.309547733215215 -0.313030038269773 -0.315093270398739 -0.331303572421126 -0.587687153401172
0.227845773578832 0.225454437595042 0.227842255850172 0.229342683770018 0.239837011576202 0.243598207923648 0.216780696508974 0.209822475065381 0.219374350046094 0.236599375019244 0.254646517685691 0.299378372472576 0.295657182153756 0.290596350412949 0.291048059909115 0.283584378537163 0.301994973834326 0.0225849558025121 0.0676444164233506 0.0680740271344727 0.0673048613320896 0.0894663209144866 0.0998439832022193 0.0907450586198037 0.122169092041818 0.126909484537911 0.10811424600038 0.110666159178255 -0.0842657448123662 -0.0440495986962148 -0.0323596791449241 -0.0324281061796869 -0.0217705293967861 -0.0327380824314143 -0.0306077707068539 -0.0272210899980969 -0.21653080902435 -0.231093469477044 -0.241292709321959 -0.248971248516758 -0.246995556191615 -0.251204359612796 -0.255355165201659 -0.238619579339008 -0.461567148850231 -0.447405113793082 -0.434948176634027 -0.433594108939858 -0.294129737577375 -0.295580487559711
0.223561201590374 0.237025696020382 0.228984257560313 0.229975922136148 0.229760491021929 0.224763370820206 0.20769877204214 0.226456234659429 0.234545309783582 0.256855493269535 0.263470438205757 0.295694034780928 0.297025779469127 0.283934123566192 0.313988391724434 0.300425478114998 0.0228937525513462 0.0273981593795648 0.0289701036365358 0.0539284812933689 0.0480952922164595 0.075127506789483 0.0797787033977053 0.107233756656769 0.128278161433627 0.131794888345118 0.124816603484955 0.0994558404160506 -0.0998923548690581 -0.0461727653079461 -0.028938340924072 -0.0197351875816985 -0.0147717573956139 -0.00572454824611647 -0.00845090430823032 0.00213158602674453 -0.208017781622342 -0.219525593802028 -0.226752841969787 -0.239700645370554 -0.245199052843711 -0.244353825579292 -0.230038115178143 -0.23997394727557 -0.429351621802071 -0.425351270429247 -0.421118778057145 -0.405510291953203 -0.394036671809482 -0.275794022300345
0.207494290887764 0.208946551979697 0.216729935166303 0.22020696490857 0.229288469138329 0.240231296653491 0.225368379722408 0.227511595884698 0.248026193593325 0.25317566524045 0.281112106948885 0.298490674108042 0.287216025034606 0.326668534595906 0.332563687963149 0.300078182691472 0.0252872249271887 0.0361320339077534 0.0366134737559958 0.0431516389059507 0.0316616550504993 0.0664997973235191 0.111985638375735 0.123521549091159 0.142878762733083 0.155855354578585 0.146331017237816 -0.109657295817125 -0.107804966368339 -0.0784164061937045 -0.0428534976335202 -0.00838634506108549 0.000671119965449919 -0.0127764073567743 -0.0139969088034192 0.00281556331778788 -0.0013068234919197 -0.209190398588031 -0.205842701571931 -0.215928718737483 -0.224347011955336 -0.227768132533976 -0.217254540088124 -0.193817539942723 -0.409811588850043 -0.408776753215573 -0.395949199228961 -0.387522652327677 -0.393537981138764 -0.37635666205565
0.204408446530048 0.224575069784549 0.217338003045006 0.222966352600731 0.231354038552325 0.247024297761979 0.215891030579475 0.220787456456441 0.253493378845223 0.278566984417255 0.263351261611995 0.289322238442542 0.282719661849229 0.320869397820129 0.303397928783515 0.291630754393623 0.302199249324298 0.0179292182942036 0.0246088165051787 0.0340576959689881 0.054548348109321 0.0738275214606261 0.111188451103947 0.124065758423534 0.141350516746382 0.175910490295198 0.175696755622773 -0.0877479830267044 -0.104264971455869 -0.0549335608019558 -0.0474901208445411 -0.00743352196279628 0.0138535516508616 -0.00105510441789444 -0.00182564962238264 0.0229710480832241 0.0320953150028049 -0.165768420564341 -0.176074694652782 -0.195106065593606 -0.195358646446385 -0.203482270210347 -0.195056469393601 -0.396445677615959 -0.39715725892412 -0.388335661531909 -0.376371626365928 -0.377139307680691 -0.362814171592672 -0.275603848676208
0.199482479494921 0.222318004852908 0.221562059594536 0.224770476636569 0.212791544643364 0.244654301019749 0.211552257900394 0.233016375205347 0.25969139049281 0.2720662476246 0.295275751813961 0.269323027554568 0.286839453678366 0.297835466186016 0.265138115209845 0.28351570563811 0.33466382628844 0.0124080832118928 0.0446902910665374 0.0451752837557021 0.0508471867442361 0.0909988631403176 0.117595951747167 0.107397083985964 0.138542325600664 0.14874182255151 0.182572717744071 -0.0500222459893533 -0.0506863837134883 -0.0502431282995061 -0.0288616000569886 -0.0177485940971103 0.0119290511547861 0.00971212217470402 0.0170010403864332 0.0271307943670924 0.0450038761294898 0.051881665775696 -0.1540824584933 -0.15966783243038 -0.179142065878744 -0.17621556545018 -0.182463714518901 -0.169129477141402 -0.381400599454272 -0.374319737997185 -0.368761167194241 -0.366291744112165 -0.350546382737271 -0.269803738504645
0.218870126991806 0.228388454694723 0.242359761824702 0.217477158973516 0.225615682965527 0.222025805527788 0.223155144388289 0.247011051855916 0.261230556999779 0.255847022981243 0.268526640134198 0.282877087616964 0.277300992486963 0.248615864161905 0.24596467792115 0.268586730838973 0.310146275848093 0.0256808985742312 0.0518183114648105 0.0706034993441567 0.0668981414987248 0.0825161872733738 0.124751814696104 0.096984420726553 0.116291895820318 -0.076873137804341 -0.0675845114675247 -0.0571671129779114 -0.0376068966173462 -0.019914418677391 -0.0284396452192793 -0.0212310605498972 0.0171463060026836 0.0312426756675972 0.0521866984852087 0.0458765307027454 0.0622868951224186 0.061622589586553 -0.129483589629662 -0.139176021387111 -0.159376951626132 -0.156497539087363 -0.170587009577118 -0.15693957233341 -0.373484614353531 -0.365388340718097 -0.362470036096271 -0.338266270616576 -0.270698639502908 -0.262993028254502
0.230253614690387 0.251832691492826 0.257787865955524 0.0123301726905769 0.223304143145446 -0.0130362171503092 0.224015763274797 0.245718910245837 0.250315941717794 0.265303504175713 0.0348048819067441 0.045303459194113 0.0160016160282309 -0.0202082015756116 0.256780076043726 0.274983971709639 0.295663623954059 0.0614728416969363 0.0738858289266833 0.0788342499109663 0.0655759570890566 0.058863913306731 0.111607312464065 0.106551690418062 -0.117204063919429 -0.0972226300055919 -0.0946816596449465 -0.0785695089837377 -0.0345460889191324 -0.0265594627528574 -0.0181638671253126 0.0117980895031295 0.0319594541974618 0.0384483514870578 0.0388619594567531 0.0416619360192891 0.0491303385945595 0.0499308076672552 -0.124240499675199 -0.129716941290595 -0.14186877469071 -0.159638252589967 -0.144143376432795 -0.381238486604889 -0.35761632796954 -0.349982874415071 -0.349692544494104 -0.326926435758706 -0.26390403607305 -0.254011372762745
0.259857432487014 0.251342918970362 0.254832392283264 -0.00615537429135286 0.227170779508839 -0.0106193903851697 -0.0151735634594875 0.2462506941019 0.00907827770004393 0.030009526080277 -0.185274206654396 -0.178215829724933 0.0397464944209586 0.0172582247335247 0.0174113310287104 0.0288745626530251 0.0203024543903329 0.0556968337408387 0.0857262129325249 0.0866292559614241 0.0808153691803439 0.0706138080492315 0.0931899701471707 -0.13878979681724 -0.125171869406926 -0.103688151330133 -0.0985007374128561 -0.057681019042421 -0.0448673650787164 -0.0264027714683556 0.00630980764505292 0.0261632868535944 0.0213150277964574 0.0306801188882987 0.0438612191239419 0.0415414821945624 0.0373835045815709 0.0402068761991594 -0.14518561050281 -0.136665868717436 -0.132164837312515 -0.133335385434996 -0.131135925052178 -0.379449976484479 -0.378499758457606 -0.346751048434423 -0.344389934658322 -0.272883256407701 -0.269083778271924 -0.253268637622776
0.251969906491545 0.261969943798977 0.263594565486254 0.256397508930256 0.230296713613804 0.00091927744256242 0.0163257277640889 -0.00564639134107944 0.00397743058579423 -0.000977198919404988 0.012274414139522 0.0053599251271578 0.0363930394269399 0.0396336316823821 0.0351725157744236 0.0236817083826565 0.0400278258254037 0.0465398857251023 0.0885061714298161 0.0977330326412638 0.0862731175223163 0.112573999420902 -0.148433034263657 -0.152065078297875 -0.143182136989395 -0.093113583253914 -0.0815791358784289 -0.0798937981286713 -0.053216567707633 -0.0269826702233968 -0.00582840743974617 -0.00659771418187802 0.00671672956303342 0.0218387034676668 0.0294294263343842 0.0249706486324447 0.0394006372125478 0.0330293113764524 0.0537335949277518 0.0532118771374377 -0.126660664207385 -0.126957251567906 -0.121152007354434 -0.144960288230726 -0.385419595096773 -0.349475296896175 -0.339723661382142 -0.275945953829316 -0.262907169933891 -0.245322850042182
0.207327886643658 0.251753226090586 0.26168829360704 0.24857964868649 0.232872924445484 -0.00265117852985366 0.020969557317279 -0.0184479817653603 -0.000577178086363525 -0.0114033790066143 0.0104116191110514 0.00152350246832765 -0.0167407714660747 0.0313694169574775 0.0439919044989564 0.0360475087130124 0.0595923197995985 0.0798431638268085 0.110744347987611 -0.142343063834451 -0.142714724720884 -0.137894013668304 -0.145645971640509 -0.149153266612149 -0.133864158893165 -0.0849197793260437 -0.0733581213012359 -0.0647757212905375 -0.0706710708342386 -0.060438478417083 -0.0429633859206657 -0.0191634082862863 0.00379659500210373 0.00146317391550499 0.00406596517570908 0.0164054557718855 0.0247155651432229 0.0586502196047446 0.0913657485874986 0.0796977198943861 0.0812054331922619 0.0803891226262282 0.0767747395052515 -0.101920093718276 -0.365280018797424 -0.356618905194025 -0.3494915950373 -0.272992734202695 -0.251207450973748 -0.253265206731179
0.198455108801931 0.219434780232389 0.245511623946171 0.240071745779017 0.265831969191318 0.277501382315403 0.269377456860396 -0.000624167357096736 0.0184485397809587 0.000366217588918021 0.01505155295951 0.01673956549876 0.0127408075937556 0.0015616356093857 0.0533454493145166 0.0634256489849567 0.0812390222915507 -0.141569044207345 -0.131201416541353 -0.133318278034776 -0.121973234624719 -0.125642266849991 -0.149761724604828 -0.141275476891596 -0.161309733290254 -0.133403532079706 -0.105709551583302 -0.0827974973206367 -0.0825037696377717 -0.0665636825576215 -0.0614569699683254 -0.0351142936943839 -0.0101681631598991 0.0151371199295922 0.023146819361612 0.0107742039270912 0.0217097388353883 0.0472271154283104 0.096350852126979 0.108850483837068 0.104415784263486 0.112050483147442 0.0973974943983479 -0.0797313591942885 -0.353542973920034 -0.371287338850521 -0.374232773761085 -0.270164845193028 -0.263555923133961 -0.453896051100284
0.210491199510472 0.214101745030038 0.254655008359748 0.242682269255267 0.256520952590545 0.25771620945162 0.270834614241816 -0.00992774601586541 0.0251206177381269 0.0309300488664408 0.0383797233254131 0.0452705762077708 0.042306776696888 0.0182208362024051 0.0476165355494816 0.0874596585665214 0.0620275135691801 -0.12456425977572 -0.12310413057327 -0.123489165684303 -0.131049264789729 -0.136657196819638 -0.147695852204288 -0.158455184684487 -0.162273412276405 -0.1475752678437 -0.13794731528692 -0.121044646658848 -0.105283987091978 -0.0808542851985262 -0.0616637499072747 -0.0274751066580368 -0.00743863115760822 0.0118138120184413 0.0215909391630527 0.00685214755032609 0.0392678636498887 0.0604143437658071 0.0848692128315549 0.128028578465083 0.124943496183401 0.122917684042762 0.126496800027976 0.116925128002879 -0.317323403774099 -0.344086620121115 -0.366969173943005 -0.273636038309877 -0.278182237910353 -0.465826630341888
0.191977033625121 0.215450210234367 0.242758063388444 0.254596445068612 0.272574820226916 0.275441626696849 0.262703511948919 0.0155965409707976 0.0553373894819828 0.032058555085849 0.0352613817666527 0.0470386616933058 0.0535930239336193 0.0242852840717722 -0.177666587007799 -0.147861716949996 -0.161816124857979 -0.127252039946862 -0.149358559255016 -0.143560434885776 -0.128858227712748 -0.132554752884291 -0.15162303340577 -0.152218588595316 -0.137737210877884 -0.135635280895602 -0.142440999095589 -0.104610430047996 -0.0835214353832998 -0.0901602519759467 -0.0723372449584837 -0.042880727014114 -0.00987512756660094 0.00783855105194123 -0.00339314607341989 0.00986860887303562 0.0494481809808624 0.0749677487454305 0.0905468530991174 0.127261305680986 0.145681961616095 0.152705726660767 0.142498925836692 0.111241322258104 -0.131474513416275 -0.335013835016549 -0.378096592163202 -0.372633171067356 -0.503033409558495 -0.475476877313339
