data/pcas/pcas_can_585/pca_referenceLayers_can_585/PC11.asc
NCOLS 494 
NROWS 529 
XLLCORNER -117.166666666667 
YLLCORNER -55.5 
CELLSIZE 0.166666666666667 
NODATA_value -3.4e+38 
[rows 0 to 21 of 529, columns 150 to 199 of 494]
0.270156684303181 0.263934357321625 0.276773531491876 0.260056698882271 0.299803870933364 0.305161724615734 0.292949060230486 0.283187379453601 0.278697534111962 0.278727848974547 0.272538480618493 0.272572159518527 0.275100121438471 0.281133860745512 0.264407121078214 0.274415413789566 -0.0567531972579552 -0.0536332747040473 -0.0603727302882942 -0.0613300030122493 -0.420459657707637 -0.419942235225572 -0.41229381560876 -0.427711668124591 -0.417448273878073 -0.402210680111263 -0.405820877799094 -0.722920822432907 -0.706731756032684 -0.697037817087928 -0.694014436362536 -0.687523408392705 -0.360930289046996 -0.350305131660696 -0.352272398885016 -0.352595409505884 -0.359743677969645 -0.346258038447406 -0.349256882443612 -0.350810334526801 -0.357629501243459 -0.360981665206928 -0.335406808267647 -0.332429548456136 -0.654079874847203 -0.634176748705953 -0.640960095159323 0.696995357759868 0.695499846076261 -0.64354651693788
0.274161970278821 0.271311095268774 0.264373780644682 0.273825653913112 0.297436843508374 0.324616957447473 0.303075861142712 0.287461854623064 0.30018928960052 0.292322394937312 0.283020393063525 0.279311703018385 0.289230718139528 0.289263139778397 0.291303704103893 -0.0285373061334585 -0.398846347373504 -0.386244993272023 -0.382972477978344 -0.395556491345769 -0.0541773598290895 -0.39247960908664 -0.399458102869191 -0.406050415939314 -0.391587252799024 -0.388754661243591 -0.693449799427993 -0.684330187610616 -0.688326731530436 -0.675555998860292 -0.661451018941885 -0.667068868138065 -0.662657045272877 -0.347490213789273 -0.334076258257208 -0.328839276936898 -0.333987153720242 -0.34128558891354 -0.342546571175612 -0.343715028050929 -0.337693160922469 -0.327918255086486 -0.638383533809277 -0.641385076151498 -0.625528605244426 -0.623065793597829 0.700587221263677 0.704108846069028 0.707202966887335 0.717185045043459
0.297024325952252 0.300602625593421 0.282634214048595 0.287542220642762 0.307644108377495 0.31773275025586 0.321653104574602 0.318855854234961 0.298692840631412 0.30569982532012 0.302012316380844 0.305555690313054 0.308799331957657 0.306054510476428 -0.365000815729249 -0.37754225396327 -0.372559914915635 -0.368057991861273 -0.374682506727367 -0.383950538377272 -0.368944219677178 -0.376716700007125 -0.372717752426952 -0.378371240024315 -0.679385208570311 -0.669300782789842 -0.664760277778624 -0.652343973968223 -0.660544248838674 -0.660015626758487 -0.657107341125375 -0.651253813238808 -0.647005583385393 -0.6370194724975 -0.630549783764034 -0.30987822006891 -0.321575311309617 -0.333392243355421 -0.323203848999595 -0.641194407518258 -0.637689832222192 -0.626836421234633 -0.625509079426832 -0.618011005037603 0.707471185400914 0.7075745783716 0.718400091431161 0.711787031949259 0.714293436225148 0.70708938670372
-0.536409620329061 0.298099670382063 0.291146825187909 0.315005090963114 0.322353312524937 0.345232647437429 0.31481300193516 0.322707543486665 0.324396734170394 0.313760632753572 0.313960027702776 0.320010716059692 -0.026150690284444 -0.0353291448978513 -0.358248629817933 -0.345432035824534 -0.356206845661594 -0.359109012889643 -0.347879193400571 -0.360763678152289 -0.346217075870774 -0.349815410458337 -0.681428623972735 -0.660152878828676 -0.662096915777472 -0.648545379400501 -0.633431425467791 -0.631776808616449 -0.627187257988311 -0.635637300083423 -0.632724416079098 -0.637426987689776 -0.627565987726062 -0.625088329324822 -0.960969898076002 -0.958062018876029 -0.981900731902531 -0.979942103857084 -0.975013317503969 -0.620626707973388 -0.624763845667591 -0.624242554306257 -0.612958474215076 0.705238704315158 0.707082476469186 0.703996028567925 0.712667339986215 0.714859341341055 0.718945696951349 0.706398056578209
-0.519989619665297 -0.519670547920803 0.30640878753942 0.327096434867739 0.335248272899508 0.327820556637272 0.315669238993524 0.303909734672073 0.300736542720747 0.313676485180262 0.31677714616467 -0.0195073255124746 -0.0288705903467888 -0.0297986306373604 -0.349101752064242 -0.341594672264036 -0.346692950361294 -0.346975234166433 -0.340788412328376 -0.338710377445314 -0.658536865899245 -0.651387263832093 -0.660081874605739 -0.65115673888139 -0.639314230713354 -0.636451636545518 -0.620005445866454 -0.629775686886721 -0.624936482837539 -0.628913247528776 -0.619356721964363 -0.621598042292472 -0.607166724725814 -0.961530703675172 -0.95283244610942 -0.958036516660738 -0.968163102631973 -0.976734409063111 -0.621053116432748 -0.614200035019561 0.677263386495928 0.686351113403967 0.694018831705475 0.694211529367181 0.706720569910745 0.707888025118512 0.716648099914278 0.713258783568469 0.706825190252601 0.701665588639932
-0.397895645481342 -0.39690743394373 -0.383784811085476 0.325362185077044 0.325994481088143 0.317132989675394 0.314563762732299 0.322525423517519 0.323033405674792 0.324794420475954 -0.0284672295308496 -0.0284990752945461 -0.0273628899496199 -0.0242684613610279 -0.0272594668855281 -0.314472186131039 -0.31999559092629 -0.0215095424661181 -0.644473274706331 -0.642653296412714 -0.295253153031127 -0.625829354109248 -0.625597451711401 -0.634766772353307 -0.624957176993445 -0.621023208114748 -0.607802366828576 -0.605875350527165 -0.609809362158389 -0.611903815411877 -0.612152134402768 -0.612164688945808 -0.617295710960682 -0.9667973791234 -0.956203161820177 -0.953203195393938 -0.953292981475683 0.323884978725409 -0.615408682529515 0.675433420250836 0.680597057976009 0.691418307528761 0.685739230357521 0.689904492374053 0.605734321467275 0.621213590098083 0.626101478531475 0.69899123696578 0.700659150122063 0.693721373096659
-0.386484852740344 -0.386807225191386 -0.381725500558532 -0.371763260704114 0.328363021998003 0.323813150420321 0.320901663942622 0.329808382281369 0.340419014555908 -0.0039051643595742 -0.00707812086628606 -0.020184670592036 -0.0292877641184794 -0.0230397695701232 -0.013169999298188 -0.0123407516247841 -0.0109735830867096 -0.0127150437420726 -0.631988000899776 -0.618302520701505 -0.618395103522928 -0.637262988363319 -0.626440108652051 -0.620597132386813 -0.615731745107529 -0.609105353386269 -0.605841801710023 -0.61303507083653 -0.610678774035297 -0.603628410976973 0.59222544952014 0.666933686747627 0.303648722382845 0.301853028244865 0.318376249335475 0.312260991069038 -0.939856585158063 0.328671397492747 0.666646192160917 0.670916344105067 0.684323281679096 0.678325138151541 0.680842976553213 0.693204297779866 0.695496005892153 0.701426280291365 0.611925698767066 0.68636262221355 0.358498613645756 0.36203834777355
-0.369640189032121 -0.371637749625555 -0.363550422317607 -0.333917557731717 -0.329241016605104 0.328358084619209 0.323183447951598 0.331628239107653 -0.00242442022188989 0.00917271247036016 0.000221281541433305 -0.0154206938652394 -0.0225438966793551 -0.0257549032981295 -0.00485184170763591 -0.0255882696947 -0.0218056494372953 -0.634544460770451 -0.618083190601533 -0.623262105944546 0.634771707653881 0.633131115174153 0.571695980509888 0.568627974612643 0.564058925023238 0.57937689460717 0.575022712093784 0.57885943767894 0.225981231855252 0.205050803830598 0.213073822996811 0.212439279169884 0.29540633858677 0.288657611130803 0.31238275074839 0.315826479369013 0.318064317881365 0.348637439690084 0.358778229404012 0.691114504707349 0.676146065549937 0.667091843953523 0.679407339399119 -0.588670964187854 0.691476401596123 0.697837147347695 0.692204439374655 0.688388172374066 0.34903344090457 0.36237138893379
-0.362584257978115 -0.358837016085684 -0.333677947188835 -0.319234656143246 -0.443019972632951 0.3237568163346 -0.603173432501884 -0.598154486296024 -0.758747404940232 -0.00619584342963038 -0.000647906150250297 0.00227746645888678 -0.0117962448357131 -0.00497724635243676 -0.0119916131806398 -0.00560534237037607 -0.61506393550542 -0.622393838293728 0.274929232932664 0.274075699350089 0.266030919023633 0.253566969044311 0.259969682687158 0.26193346579298 0.282278042614909 0.293427191203585 0.287196063695303 0.286456355977552 0.225847608852251 0.283622004110562 0.287363082220164 0.28571107723477 0.284583710203494 0.279215313919926 0.291341795119621 0.305345459709646 0.328761758004665 0.357727671919799 0.37229804763133 0.374263150441223 0.674149004563536 0.685495327975588 0.665556996000109 0.677035426111871 0.693253824555424 0.693300731899743 0.685116828349247 0.682224672950813 0.686870280525246 0.360862842445108
-0.349344933549311 -0.341201352943731 -0.323828856177586 -0.441291587228116 -0.748995778288265 -0.752381681108075 -0.765066793266861 -0.757742377889892 -0.748124241765977 -0.00248649052557588 6.63861014527332e-05 -0.00602959337236831 0.590126596517244 0.580658013790803 -0.589652678523599 0.577441433758236 0.578069609946771 0.257968223273312 0.275772575955177 0.265756417922645 0.26402840802346 0.262268421000984 0.260057185115116 0.264449261528331 0.263353703350718 0.280862828742524 0.276904382490805 0.276185911736809 0.281911179144683 0.263112208909348 0.26284009773439 0.273998692631047 0.273465162573403 0.279839569797873 0.277148554180673 0.286894905664518 0.321276443603759 0.337049217840315 0.360080970127226 0.360043353274716 0.350388873609996 0.327138488140646 0.338797261545147 0.355087314719045 0.361017599151751 0.36018775719954 0.353254582950009 0.339832378885438 0.355960216806299 0.359364894963294
-0.353288827371425 -0.334172123468562 -0.62965810888425 -0.752856184163047 -0.751109182977507 -0.743322360121171 -0.738799933262244 0.625228067136256 0.630223504111084 0.628835176716402 0.00450856964180919 0.642701706026886 0.643596032289649 0.632603548697877 0.650394107744876 0.597453268267687 0.292103921052183 0.27122710524084 0.269722852802066 0.259411931343126 0.25316802394467 0.259005578414503 0.249315270722909 0.260920370966268 0.259877760586556 0.26669708256057 0.273741446001604 0.270656941081743 0.251196129134313 0.248551501249696 0.245483693791268 0.251852185770762 0.263368943350488 0.267321599039551 0.27936573254745 0.280227664796415 0.298782827844001 0.311072287006941 0.329596179511222 0.330215046879797 0.327613543994507 0.327851953258677 0.329942930995251 0.349832663354288 0.360758863707838 0.351645600089386 0.339654109489502 0.331215309021008 0.342562863017671 0.354168198075462
0.177736269673431 0.195591863678721 0.194434341433573 0.585325422319044 0.301443105368951 0.283360940502557 0.290597029534404 0.273229841233737 0.272479652139007 0.266961514423834 0.278226221316026 0.640766752780694 0.642098936274598 0.656344124220044 0.288821296416687 0.293193361680577 0.280833300348999 0.274566943766601 0.268694374130374 0.250934941495152 0.264285465215635 0.261083233328925 0.259735143223026 0.270640557498665 0.266824860276294 0.278503809992947 0.27066979539215 0.250511310094945 0.245972467461617 0.237758634837979 0.239527039348104 0.253445949923869 0.259754160001816 0.254930451585403 0.265223757682672 0.260540683299302 0.271924003127794 0.287664934314104 0.302561053565152 0.297566990992913 0.309123244701141 0.31936715006841 0.328026259919998 0.337508633034462 0.34304564512336 0.339189032192829 0.343982426140157 0.338402585047444 0.333603874750588 0.342281928030812
0.200484555425521 0.20029882783728 0.190315909919791 0.249770604381021 0.27874944999608 0.278803297172598 0.272400993581993 0.269917408560524 0.268515512041455 0.265719158752311 0.265734855874083 0.280907489227503 0.298454667864386 0.286449084940455 0.296581941756088 0.303680304819728 0.292760974207739 0.284142296108613 0.28146066843494 0.266889873071826 0.261747094287008 0.263959891996301 0.28392513885311 0.266176329260986 -3.4e+38 -3.4e+38 0.263042965978751 0.259437403120411 0.255915298505634 0.24567159700272 0.247263586552766 0.26994938736705 0.265495649107335 0.268120122348435 0.277728039420183 0.271857181329935 0.267319341914411 0.272701098575235 0.282595723968294 0.287417100526235 0.300170483369006 0.313188644528226 0.329536089669066 0.337212218047147 0.336325689875516 0.325815818075498 0.313447915239769 0.313480432566843 0.318395567404595 0.320640435667063
0.201745282573568 0.195386282821448 0.261177376192257 0.258359565023042 0.251126307724875 0.269822292969459 0.258828692811335 0.255496453337681 0.262219952079684 0.273407751893335 0.268218725770658 0.290452926364346 0.283921769372289 0.299862295967677 0.307234314018777 0.31399765458535 0.314219798313801 0.298077745087447 -3.4e+38 -3.4e+38 0.302902390637128 0.298814653994461 -3.4e+38 0.287529188572389 -3.4e+38 -3.4e+38 0.278676367448909 0.268238852846913 0.271611151179794 -3.4e+38 -3.4e+38 -3.4e+38 -3.4e+38 -3.4e+38 -3.4e+38 -3.4e+38 0.27923458364136 0.275431726821593 0.274368319824399 0.282885961859057 0.285422071450184 0.299623184171963 0.321853795174493 0.31791617463554 0.313087587244543 0.308536429093623 0.287038029875716 0.299812363216127 0.309921750531039 0.323483826464594
0.206768334013752 0.259872942351584 0.259945691033408 0.261435351795208 0.248176859179781 0.272625649352854 0.268423207285728 0.2663651249738 0.270794359317335 0.279201074502402 0.296183556306866 0.328161001503665 0.342056127626046 0.315675749060912 0.319790446684919 0.315776326306015 -3.4e+38 -3.4e+38 -3.4e+38 -3.4e+38 -3.4e+38 -3.4e+38 -3.4e+38 -3.4e+38 -3.4e+38 -3.4e+38 -3.4e+38 -3.4e+38 -3.4e+38 -3.4e+38 -3.4e+38 -3.4e+38 -3.4e+38 -3.4e+38 -3.4e+38 -3.4e+38 -3.4e+38 -3.4e+38 0.282338516391026 0.283236251552979 0.293542550949411 0.279093290125856 0.309516966312733 0.311248333582141 0.303148855051165 0.289428585694799 0.286790077507035 0.279634203912222 0.286794578007975 0.298980976671463
0.255037223036943 0.249755865177684 0.25130419778719 0.258201911105074 0.234204518448729 0.236029957614495 0.273670736144808 0.284313552408031 0.284775114872943 0.290280739762851 0.304619407303651 0.31682092982811 0.334339183659379 0.321899706498867 -3.4e+38 -3.4e+38 -3.4e+38 -3.4e+38 -3.4e+38 -3.4e+38 -3.4e+38 -3.4e+38 -3.4e+38 -3.4e+38 -3.4e+38 -3.4e+38 -3.4e+38 -3.4e+38 -3.4e+38 -3.4e+38 -3.4e+38 -3.4e+38 -3.4e+38 -3.4e+38 -3.4e+38 -3.4e+38 -3.4e+38 -3.4e+38 -3.4e+38 -3.4e+38 -0.020491071963207 -0.03219415288507 -0.0208410572365488 -0.0124874089656577 0.285610917601897 0.298829677402972 0.283848904089558 -3.4e+38 -3.4e+38 -3.4e+38
0.262770119909535 0.25493276046639 0.257776444048959 0.245649550608773 0.245502515032672 0.221214758538221 0.229668860217556 0.284768367941268 0.282381152979086 0.292013567646467 0.305283950462945 0.314283702239294 0.329792018692289 0.323181547177006 -3.4e+38 -3.4e+38 0.349144515292598 -3.4e+38 -3.4e+38 -3.4e+38 -3.4e+38 -3.4e+38 -3.4e+38 -3.4e+38 -3.4e+38 -3.4e+38 -3.4e+38 -3.4e+38 -3.4e+38 -3.4e+38 -3.4e+38 -3.4e+38 -3.4e+38 -3.4e+38 -3.4e+38 -3.4e+38 -3.4e+38 -3.4e+38 -3.4e+38 -3.4e+38 -3.4e+38 -0.00985650500288857 -0.00416425088031985 -0.00551132142625843 -0.00340047598728985 -3.4e+38 -3.4e+38 -3.4e+38 -3.4e+38 -3.4e+38
-3.4e+38 -3.4e+38 -3.4e+38 -3.4e+38 0.264600196024031 0.251167347265296 0.24298800763085 0.241712018242088 0.286281790336087 0.294026609621815 0.306035580427378 0.319645530126488 0.332725983791943 0.330938908484453 0.335402641855236 0.343402679715306 -3.4e+38 -3.4e+38 -3.4e+38 -3.4e+38 -3.4e+38 -3.4e+38 -3.4e+38 -3.4e+38 -3.4e+38 -3.4e+38 -3.4e+38 -3.4e+38 -3.4e+38 -3.4e+38 -3.4e+38 -3.4e+38 -3.4e+38 -3.4e+38 -3.4e+38 -3.4e+38 -3.4e+38 -3.4e+38 -3.4e+38 -3.4e+38 -3.4e+38 0.0354422144022465 -3.4e+38 -3.4e+38 -3.4e+38 -3.4e+38 -3.4e+38 -3.4e+38 -3.4e+38 -3.4e+38
-3.4e+38 -3.4e+38 -3.4e+38 -3.4e+38 0.283185675708673 0.285966424179015 0.275453595498252 0.264695007598521 0.295750028339929 0.317142230170553 0.333952196173549 0.340320054179477 0.350773481695103 0.369508438808595 0.2702153589694 -3.4e+38 -3.4e+38 -3.4e+38 -3.4e+38 -3.4e+38 -3.4e+38 -3.4e+38 -3.4e+38 -3.4e+38 -3.4e+38 -3.4e+38 -3.4e+38 -3.4e+38 -3.4e+38 -3.4e+38 -3.4e+38 -3.4e+38 -3.4e+38 -3.4e+38 -3.4e+38 -3.4e+38 -3.4e+38 -3.4e+38 -3.4e+38 -3.4e+38 -3.4e+38 -3.4e+38 -3.4e+38 -3.4e+38 -3.4e+38 -3.4e+38 -3.4e+38 -3.4e+38 -3.4e+38 -3.4e+38
-3.4e+38 -3.4e+38 -3.4e+38 -3.4e+38 -3.4e+38 -3.4e+38 0.300951025818784 0.295038512592554 0.296281583620927 0.289000099726835 0.294249144868435 0.29213493930948 0.285847402933802 -3.4e+38 0.30862693215043 -3.4e+38 -3.4e+38 -3.4e+38 -3.4e+38 -3.4e+38 -3.4e+38 -3.4e+38 -3.4e+38 -3.4e+38 -3.4e+38 -3.4e+38 -3.4e+38 -3.4e+38 -3.4e+38 -3.4e+38 -3.4e+38 -3.4e+38 -3.4e+38 -3.4e+38 -3.4e+38 -3.4e+38 -3.4e+38 -3.4e+38 -3.4e+38 -3.4e+38 -3.4e+38 -3.4e+38 -3.4e+38 -3.4e+38 -3.4e+38 -3.4e+38 -3.4e+38 -3.4e+38 -3.4e+38 -3.4e+38
-3.4e+38 -3.4e+38 -3.4e+38 -3.4e+38 -3.4e+38 -3.4e+38 -3.4e+38 0.352558440376073 0.328995359957076 -3.4e+38 -3.4e+38 -3.4e+38 0.330771907648631 -3.4e+38 -3.4e+38 -3.4e+38 0.327986364194015 0.323790134983778 -3.4e+38 -3.4e+38 -3.4e+38 -3.4e+38 -3.4e+38 -3.4e+38 -3.4e+38 -3.4e+38 -3.4e+38 -3.4e+38 -3.4e+38 -3.4e+38 -3.4e+38 -3.4e+38 -3.4e+38 -3.4e+38 -3.4e+38 -3.4e+38 -3.4e+38 -3.4e+38 -3.4e+38 -3.4e+38 -3.4e+38 -3.4e+38 -3.4e+38 -3.4e+38 -3.4e+38 -3.4e+38 -3.4e+38 -3.4e+38 -3.4e+38 -3.4e+38
-3.4e+38 -3.4e+38 -3.4e+38 -3.4e+38 -3.4e+38 -3.4e+38 -3.4e+38 -3.4e+38 -3.4e+38 -3.4e+38 -3.4e+38 -3.4e+38 -3.4e+38 -3.4e+38 -3.4e+38 -3.4e+38 -3.4e+38 -3.4e+38 -3.4e+38 -3.4e+38 -3.4e+38 -3.4e+38 -3.4e+38 -3.4e+38 -3.4e+38 -3.4e+38 -3.4e+38 -3.4e+38 -3.4e+38 -3.4e+38 -3.4e+38 -3.4e+38 -3.4e+38 -3.4e+38 -3.4e+38 -3.4e+38 -3.4e+38 -3.4e+38 -3.4e+38 -3.4e+38 -3.4e+38 -3.4e+38 -3.4e+38 -3.4e+38 -3.4e+38 -3.4e+38 -3.4e+38 -3.4e+38 -3.4e+38 -3.4e+38
