data/pcas/pcas_can_585/pca_referenceLayers_can_585/PC11.asc
NCOLS 494 
NROWS 529 
XLLCORNER -117.166666666667 
YLLCORNER -55.5 
CELLSIZE 0.166666666666667 
NODATA_value -3.4e+38 
[rows 44 to 65 of 529, columns 50 to 99 of 494]
-3.4e+38 -3.4e+38 -3.4e+38 0.190636320457989 0.16960172334575 0.176571677964342 0.155936888068142 0.173178513090631 0.179745645393142 0.21366328301406 0.234655534229735 0.29180146702264 0.300550362959166 0.264540064419097 0.266577881058661 0.302583931227163 0.167232825940516 0.17143542385507 0.146426857611934 0.144809611437147 0.170414198447045 0.164237961486569 0.163388937598361 0.179149503294825 0.190737492512905 0.21167386595685 0.186143136990293 0.204828071465906 0.232187261998887 0.236479642018231 0.234524617810114 0.281196585661762 0.301652238863915 0.283632624135595 0.318490827930427 0.337174985710578 0.345554714493814 0.344480546122584 0.340430431069595 0.31803457551411 0.282953757029089 0.270143264526972 0.279135708053928 0.271992929500021 0.277792164468227 0.315022900964603 0.317580179663299 0.276067031090211 0.343354597619912 0.294545349067315
-3.4e+38 -3.4e+38 -3.4e+38 -3.4e+38 -3.4e+38 0.184250418069416 0.177465417557812 0.169091348270877 0.170474171146994 0.183025622696837 0.22531352520145 0.278368913091893 0.293345986789171 0.306977609265972 0.282417880312121 0.322166417084278 0.185004191096126 0.190611892097723 0.19446167544414 0.157975562166627 0.195987431918272 0.191284690508863 0.189607155752788 0.19320072736743 0.198751197875038 0.195853387939801 0.188990995061029 0.182542983926915 0.175254853084365 0.206699782997962 0.226846445135354 0.246216516315213 0.289495785868677 0.277034708449253 0.316313574287584 0.352073246196305 0.319149855117461 0.339758046312605 0.310180380120011 0.325886194192187 0.314364037225496 0.313286033800627 0.301665595098945 0.278143227470166 0.292837520741063 0.307059101930522 0.337877817262602 0.340708214852645 0.399344826174799 0.213192857074766
-3.4e+38 -3.4e+38 -3.4e+38 -3.4e+38 0.185821507551685 0.157347972401825 0.139656562752717 0.170063882514922 0.178533696597588 0.186144400663084 0.191986729401653 0.211361169415978 0.285096919051066 0.228188427882068 0.282905407043546 0.29473554385363 0.125138587526204 0.18355746704653 0.196844695829991 0.180108483226209 0.192690581984213 0.184753955479677 0.226028880431411 0.204132336422874 0.190530166116908 0.19157328413755 0.165440227507461 0.170432876672118 0.176803833151786 0.182074785176209 0.214258215237539 0.243603148507947 0.284862010640832 0.314892811661257 0.287883248011777 0.348173377294244 0.319963731500362 0.327785913384249 0.325747112892974 0.281641014412419 0.297632749119264 0.315914319070418 0.297089760677468 0.320782221055387 0.329114197127289 0.363684058473108 0.382874233595147 0.365404211223807 0.418529315802597 0.250889597147737
-3.4e+38 -3.4e+38 -3.4e+38 -3.4e+38 -3.4e+38 0.163376330244915 0.137067823066781 0.138854683778847 0.171216907512189 0.180665586171437 0.184668175820346 0.191141757497995 0.26083857777777 0.266272869142656 0.265657587208282 0.304435337100978 0.161429703062582 0.165630133286536 0.183386450169746 0.206238221572286 0.165488170326168 0.198431813112447 0.191908031913727 0.204024877200089 0.18273793916644 0.176891284033156 0.134949036924961 0.131616169855352 0.145385148584118 0.152759798541262 0.15957172543113 0.185986896280287 0.211186208966825 0.2983056216932 0.318353340658587 0.34497078550893 0.330163851466951 0.348601136636395 0.343490878382798 0.288322493014078 0.296209734656714 0.316937365222444 0.311409486826457 0.288253625121348 0.357214945677266 0.369207947970124 0.410062704028418 0.226156492783823 0.211957215736637 0.244675313417047
-3.4e+38 -3.4e+38 -3.4e+38 -3.4e+38 -3.4e+38 -3.4e+38 0.143978200409118 0.141683993603744 0.149183662914404 0.181542312174152 0.178520478066377 0.180481668411813 0.188110771642065 0.252651154560918 0.259006855219732 0.269156073910899 0.145585223263243 0.140081476255034 0.173644554564315 0.20551945222138 0.186141308852706 0.21886990635119 0.190167922975788 0.196509148961067 0.187453289496811 0.156007801678236 0.146269108873433 0.136408121681707 0.139199323050454 -0.0608449865367783 0.146899698502544 0.165655366896521 0.220752406683941 0.230866081501696 0.258971584962351 0.278127516197221 0.318629087970649 0.335826648541864 0.359573847980255 0.309905006727622 0.292203718904064 0.312025223242439 0.089511090447576 0.308327226117281 0.321841833626915 0.172516950650398 0.335537394882225 0.22806884078524 0.259347686202286 0.254198210425704
-3.4e+38 -3.4e+38 -3.4e+38 -3.4e+38 -3.4e+38 -3.4e+38 -3.4e+38 -3.4e+38 0.17288897360473 0.146740964157236 0.186999446712143 0.17385497400059 0.23842945320651 0.243045498630102 0.265979340319459 0.263668628302275 0.146802404052442 0.182953656761062 0.210920339131055 0.212121126797312 0.207220133100282 0.179256877591989 0.218296730322855 0.198814466823474 0.186757990304749 0.162133125608119 0.155904784181241 0.153304641464055 0.149082245727542 0.13674173472587 0.146751069795701 0.172634819865057 0.203988921304445 0.207292492342132 0.211886574731811 0.262401787673528 0.301455017156473 0.305527642246808 0.351416506954265 0.367021408619364 0.309901709770745 0.316356021032331 0.31853363138552 0.349482033473418 0.153162098559926 0.186094898516234 0.20824255831328 0.246332436233759 0.265537981919959 0.256944832048934
-3.4e+38 -3.4e+38 -3.4e+38 -3.4e+38 -3.4e+38 -3.4e+38 -3.4e+38 -3.4e+38 -3.4e+38 0.147147311989362 0.174604712029892 0.180009723954152 0.186423267225477 0.23042542372817 0.251904295046546 0.260016463958788 0.124511885383783 0.141547887256403 0.171856943389175 0.201336497502574 0.200297805918364 0.199463690504761 0.228526416403993 0.20334926163267 0.177173802352066 0.177674723394137 0.164433199241545 0.127592156585502 0.131679079324634 0.142344599064612 0.163982026148702 0.16536902452815 0.1767118016232 0.163993248867496 0.193613852384516 0.24770340723444 0.25854775668231 0.310604154386311 0.343271767315516 0.336213795559394 0.342400584356596 0.337455471270584 0.348250846957701 0.343081967986329 0.174707735646929 0.179421657125621 0.188269175233525 0.226406789204494 0.240833732584979 0.222884208827433
-3.4e+38 -3.4e+38 -3.4e+38 -3.4e+38 -3.4e+38 -3.4e+38 -3.4e+38 -3.4e+38 -3.4e+38 -3.4e+38 -3.4e+38 0.188065622463501 0.181377235295164 0.173149275199819 0.231904132740705 0.239083748391192 0.259942540236303 0.279522487575619 0.176278830508523 0.198949262981422 0.205973773108589 0.21820433988326 0.227934640839755 0.213064943341374 0.185346262360963 0.177831773207658 0.165964661011237 0.164963543044423 0.161656627353449 0.156212036839265 0.133763795582186 0.166194502149201 0.177278937897187 0.183299092727201 0.171337119689035 0.215590140862769 0.213341731677346 0.27064360466957 0.314710251970223 0.335843682169604 0.332115161700541 0.347745889368853 0.350190214633502 0.144949496793175 0.169056638804203 0.191418800453855 0.208415738258499 0.215998901912816 0.193901013441231 0.21108459182849
-3.4e+38 -3.4e+38 -3.4e+38 -3.4e+38 -3.4e+38 -3.4e+38 -3.4e+38 -3.4e+38 -3.4e+38 -3.4e+38 -3.4e+38 -3.4e+38 0.200230616937931 0.196425433054292 0.190001084482779 0.25200319942536 0.28873615591088 0.294590262585749 0.32563850723674 0.17373657923829 0.225143725676295 0.231101875022334 0.204099344651665 0.218774270066498 0.193354717120711 0.180093548317581 0.155850971927061 0.159495124767676 0.185511394013803 0.16036247032111 0.188691246820643 0.187195512806571 0.172942377759629 0.197214457285612 0.203281802096333 0.235803466728937 0.250839441638808 0.246171304419838 0.2960025122568 0.320260430713148 0.323792404770862 0.324351580932998 0.341407182450766 0.350097566733022 0.160547917769391 0.198735713309149 0.213897074819177 0.216388864429384 0.192599567349849 0.185673652885298
-3.4e+38 -3.4e+38 -3.4e+38 -3.4e+38 -3.4e+38 -3.4e+38 -3.4e+38 -3.4e+38 -3.4e+38 -3.4e+38 -3.4e+38 -3.4e+38 0.176939014352783 0.17918050448485 0.168468868828124 0.240102384860299 0.242619755446575 0.262516731054745 0.306015277915853 0.206659454870528 0.228483922637093 0.202752973812806 0.192551547933483 0.217840044246602 0.205555254299604 0.160932428907521 0.160726344467607 0.153322319284449 0.167955731914273 0.180016743812558 0.162719619834727 0.170644970251713 0.180525109221332 0.210325244119189 0.233317505687267 0.249557267004154 0.279956233810776 0.304588555713822 0.314389342422443 0.317573857767727 0.326106518240283 0.313955216573926 0.318363608775701 0.345492265119028 0.164141258758694 0.185029604468198 0.19465777074836 0.156529126005457 0.154587550574769 0.161138364493965
-3.4e+38 -3.4e+38 -3.4e+38 -3.4e+38 -3.4e+38 -3.4e+38 -3.4e+38 -3.4e+38 -3.4e+38 -3.4e+38 -3.4e+38 -3.4e+38 -3.4e+38 0.146092735576612 0.155731261946738 0.149214402040251 0.163440044553577 0.278804652402623 0.343518864758425 0.366647687577166 0.349097857280177 0.391248657708236 0.229420785933428 0.202601570976597 0.175119581521538 0.156086129361802 0.172089583361494 0.143074162932236 0.152226991581608 0.177257393624334 0.165178452939306 0.174497656681541 0.177020174679646 0.228771307295371 0.240006716355532 0.272076622301737 0.296206281391491 0.309223306858277 0.315907361160488 0.324695297544169 0.335436611144262 0.338250599036923 0.326798265784732 0.366839533052551 0.162201933742408 0.163588340931446 0.166170258268449 0.131602430830988 0.128539366901394 0.1331898086166
-3.4e+38 -3.4e+38 -3.4e+38 -3.4e+38 -3.4e+38 -3.4e+38 -3.4e+38 -3.4e+38 -3.4e+38 -3.4e+38 -3.4e+38 -3.4e+38 -3.4e+38 -3.4e+38 0.126528154366866 0.127662627854926 0.145772181053421 0.260765976795061 0.284673020408129 0.312691357741044 0.37685296068308 0.359700603734852 0.387613217046447 0.220559610448898 0.191623108528526 0.173340045569803 0.155789431882453 0.147585519330377 0.154265828587841 0.157547337279177 0.161351286368606 0.162229209814598 0.17901457986467 0.196181362363921 0.226697558689129 0.276143401656051 0.277915599192821 0.30239411184694 0.299891530215601 0.324199789456298 0.33775257267 0.337953992930079 0.346728732726589 0.377166136696447 0.175494131796998 0.162983167842044 0.165490970193673 0.118059407447648 0.129414468484406 0.138565073097634
-3.4e+38 -3.4e+38 -3.4e+38 -3.4e+38 -3.4e+38 -3.4e+38 -3.4e+38 -3.4e+38 -3.4e+38 -3.4e+38 -3.4e+38 -3.4e+38 -3.4e+38 -3.4e+38 -3.4e+38 0.120149846768535 0.13012359101408 0.149781543877961 0.243424882371792 0.254990916354169 0.333118129780944 0.317943975628998 0.377461405334323 0.328767156033118 0.167862841732611 0.176704265326847 0.169814906887721 0.17032864509651 0.17079235739583 0.157538544083121 0.19049607010023 0.183879939877525 0.198423266639772 0.226788613948699 0.252716232187813 0.250903382051189 0.28843379331124 0.285384614136583 0.303534233032331 0.335484113138153 0.32990714123588 0.341161365376809 0.344502709942912 0.178491623021281 0.183126358841268 0.140051071404079 0.13305856498966 0.144443586916059 0.13662514510225 0.01568537929709
-3.4e+38 -3.4e+38 -3.4e+38 -3.4e+38 -3.4e+38 -3.4e+38 -3.4e+38 -3.4e+38 -3.4e+38 -3.4e+38 -3.4e+38 -3.4e+38 -3.4e+38 -3.4e+38 -3.4e+38 -3.4e+38 0.130167936467105 0.14183830826358 0.143342318984808 0.175409672158032 0.309712835433968 0.123188056996945 0.147441089783083 0.164101423095964 0.174603094258522 0.189392360381777 0.175126541074025 0.152484966238794 0.185626440838347 0.181347600176795 0.185055161218599 0.156466437438049 0.192837773421564 0.230175350715483 0.224016755559769 0.211176845903033 0.283585971315864 0.29282373331548 0.314245020333362 0.325869008397279 0.327698474332443 0.32250290205231 0.346757859587635 0.190016279337606 0.172070255725424 0.116302374291212 0.124588466877934 0.124615035819318 0.124246646186013 0.0163649115454224
-3.4e+38 -3.4e+38 -3.4e+38 -3.4e+38 -3.4e+38 -3.4e+38 -3.4e+38 -3.4e+38 -3.4e+38 -3.4e+38 -3.4e+38 -3.4e+38 -3.4e+38 -3.4e+38 -3.4e+38 -3.4e+38 -3.4e+38 0.118626903473164 0.139307251173388 0.163508898220682 0.236433207282355 0.11475799348629 0.151565069494057 0.169412558361686 0.327518714494474 0.350528915205192 0.177398808071564 0.163150980988371 0.190152614457525 0.179906695858215 0.173792756163771 0.175792727454874 0.226320853763221 0.209365001958252 0.221403426474966 0.218743287297569 0.270429904582439 0.247867079298779 0.302484257204034 0.310194609239531 0.344239734387464 0.325659020823025 0.376541387429739 0.386193599116389 0.350227619441937 0.32428710714537 0.133706398749331 0.12451787380897 0.112091060527268 0.119779219238345
-3.4e+38 -3.4e+38 -3.4e+38 -3.4e+38 -3.4e+38 -3.4e+38 -3.4e+38 -3.4e+38 -3.4e+38 -3.4e+38 -3.4e+38 -3.4e+38 -3.4e+38 -3.4e+38 -3.4e+38 -3.4e+38 -3.4e+38 -3.4e+38 0.11658403719019 0.124639814611345 0.222438987318382 0.248569076040379 0.333714605454494 0.146660877744704 0.325739939160706 0.158808536419447 0.169976621285817 0.133360856058163 0.187506924149793 0.18257224268938 0.179648264063065 0.219696515933295 0.213968121195621 0.184616032067794 0.195409397045043 0.217654611556542 0.244395479251927 0.225217765804287 0.268143911678666 0.302646541960731 0.318462167884156 0.347833879258294 0.356316641348132 0.362511681569133 0.347565817665118 0.345274100595051 0.12091205052446 0.115347525239506 0.0848680726258891 0.090563776011591
-3.4e+38 -3.4e+38 -3.4e+38 -3.4e+38 -3.4e+38 -3.4e+38 -3.4e+38 -3.4e+38 -3.4e+38 -3.4e+38 -3.4e+38 -3.4e+38 -3.4e+38 -3.4e+38 -3.4e+38 -3.4e+38 -3.4e+38 -3.4e+38 -3.4e+38 0.107257048637692 0.125909341992469 0.212782557984904 0.279263796122622 0.123766947666471 0.331890498241815 0.16172968283084 0.144779533493311 0.14736081438993 0.156307696576297 0.184903515550439 0.191466526417404 0.210880475454391 0.196462864878139 0.162509907929695 0.209427586252592 0.198181130900332 0.208884354572832 0.244901787647149 0.270577037090493 0.307979545265107 0.322539140729279 0.317325986029812 0.338175802851835 0.337772660553109 0.334848682710002 0.312556383473745 0.103578599535916 0.101830900024856 0.0894074582727965 0.0913342684956413
-3.4e+38 -3.4e+38 -3.4e+38 -3.4e+38 -3.4e+38 -3.4e+38 -3.4e+38 -3.4e+38 -3.4e+38 -3.4e+38 -3.4e+38 -3.4e+38 -3.4e+38 -3.4e+38 -3.4e+38 -3.4e+38 -3.4e+38 -3.4e+38 -3.4e+38 0.0931694420086823 0.119414722095405 0.111093533235472 0.105199895560568 0.129645063408978 0.316297141612181 0.142494650432064 0.147079561553564 0.142542353253363 0.131478504830198 0.156079723057122 0.180838540052173 0.1827513321136 0.205774171048792 0.190619477888292 0.197879018074623 0.204791604925457 0.225050206752947 0.196178386918013 0.253554896374583 0.300798778637997 0.294814089847895 0.294298533655209 0.310699692507476 0.303967401286193 0.301189556687404 0.311869680142699 0.0859112744320766 0.101468230866141 0.0894191821462584 0.104837690295763
-3.4e+38 -3.4e+38 -3.4e+38 -3.4e+38 -3.4e+38 -3.4e+38 -3.4e+38 -3.4e+38 -3.4e+38 -3.4e+38 -3.4e+38 -3.4e+38 -3.4e+38 -3.4e+38 -3.4e+38 -3.4e+38 -3.4e+38 -3.4e+38 -3.4e+38 0.0504364754289354 0.0833743182066318 0.0887773285963293 0.19945392800797 0.117899947628476 0.160190447116032 0.140982466336847 0.142169356515805 0.141797110566232 0.115309159218261 0.137141447915058 0.161824374546461 0.16215228893316 0.179929916900412 0.170878943473003 0.218190793842389 0.197089131316858 0.199591910273113 0.203688520704672 0.248379068808161 0.277204918862539 0.272264341270229 0.274100696941164 0.301315195296567 0.2896007614278 0.291222889461951 0.0905795619262749 0.075875705388715 0.0990763988072201 0.0914610032041061 0.0651550203405612
-3.4e+38 -3.4e+38 -3.4e+38 -3.4e+38 -3.4e+38 -3.4e+38 -3.4e+38 -3.4e+38 -3.4e+38 -3.4e+38 -3.4e+38 -3.4e+38 -3.4e+38 -3.4e+38 -3.4e+38 -3.4e+38 -3.4e+38 -3.4e+38 -3.4e+38 -0.0279872563989317 0.0225397224064325 0.0675013258450322 0.158669704587941 0.201723625229056 0.125397583712702 0.128025449773473 0.136976491723848 0.112753642291653 0.139075530166349 0.12190321265905 0.132884397619303 0.149708320486365 0.145996243188702 0.16233077750852 0.20092810540225 0.190155380121434 0.186326315139739 0.202068832722406 0.227596691549858 0.279848477087074 0.29743567999009 0.262178893037438 0.273638159562121 0.296365029005885 0.298053606983797 0.0973353836636222 0.0829685416423751 0.0828430153076411 0.0881909920313595 0.0708180189554084
-3.4e+38 -3.4e+38 -3.4e+38 -3.4e+38 -3.4e+38 -3.4e+38 -3.4e+38 -3.4e+38 -3.4e+38 -3.4e+38 -3.4e+38 -3.4e+38 -3.4e+38 -3.4e+38 -3.4e+38 -3.4e+38 -3.4e+38 -3.4e+38 -3.4e+38 -3.4e+38 0.0571539865377763 0.0654921406661607 0.0573082736408673 0.175459449078778 0.211287271135126 0.248172682683246 0.128318673023915 0.116481852099924 0.138733594450747 0.10446547059919 0.154189832276213 0.189299642778442 0.149750899473935 0.147817165606367 0.165835569519026 0.200168384915 0.202502259457351 0.203750766977559 0.238966175203066 0.228776897705865 0.276310777900545 0.265206486687663 0.272705416391219 0.284356325454256 0.284137537931951 0.0977636902029566 0.085106745117581 0.0875286493221223 0.072354732337228 0.0586844267744795
-3.4e+38 -3.4e+38 -3.4e+38 -3.4e+38 -3.4e+38 -3.4e+38 -3.4e+38 -3.4e+38 -3.4e+38 -3.4e+38 -3.4e+38 -3.4e+38 -3.4e+38 -3.4e+38 -3.4e+38 -3.4e+38 -3.4e+38 -3.4e+38 -3.4e+38 -3.4e+38 -0.0021528895661859 0.0488771592662713 0.0233171312655608 0.160976874838826 0.19714500113733 0.241001572953487 0.140072125008653 0.12197966299193 0.141982805314062 0.155170148955174 0.154460083572203 0.17828189162682 0.215046512837512 0.191072467782342 0.169993805095518 0.221140438637992 0.191431597659287 0.224877256950805 0.225077598159738 0.218811584505972 0.281918387200055 0.251768105873093 0.257272205424845 0.288959124617873 0.302111024841878 0.0582869889795538 0.0804276986686487 0.0735771001426916 0.0591663952840563 0.0569017133695402
