data/pcas/pcas_can_585/pca_referenceLayers_can_585/PC11.asc
NCOLS 494 
NROWS 529 
XLLCORNER -117.166666666667 
YLLCORNER -55.5 
CELLSIZE 0.166666666666667 
NODATA_value -3.4e+38 
[rows 308 to 329 of 529, columns 400 to 449 of 494]
-0.0778441211129417 -0.0785256425044321 -0.0750333637985986 -0.0771239440119708 -0.0621424708425614 -0.0681359879176491 -0.0658209333259652 -0.0494319675482248 -0.0505873895066632 -0.0499117065687061 -0.0545679443401048 -0.0630992972292506 -0.0764834152280005 -0.0845149873666673 -0.0845663837724458 -0.078062415811042 -0.0635298198840245 -0.0711306346106055 -0.0684612211973042 -0.0716528586213282 -0.0744715057937681 -0.0741954571582328 -0.0723403240975359 -0.0680120436301516 -0.0515647810586761 -0.0447933717856444 -0.0321620518179975 -0.0323715940909677 -0.032249735567523 -0.0216633154872089 -0.01118440689218 -0.0173154649746134 -0.0240979825504942 -0.00959930750983692 -0.00876452879919346 -0.0121781011269931 -0.0152117305531928 -0.00157343448504123 -0.0100872415622918 -0.0149050841812576 0.0663703675752054 0.0730927712305137 0.0245866812400606 0.0282565124320818 -0.0175594126268592 -0.00279985116774597 -0.00186565405377565 0.00595035013109622 0.0553297951583308 0.0442399559546839
-0.0774612480024206 -0.0634985490719556 -0.0569403098620469 -0.0621252769297545 -0.0587353286465471 -0.0510057455914178 -0.0632206140856876 -0.0604042228167271 -0.0388214027583521 -0.047292990448222 -0.0379188985299653 -0.0524508460423925 -0.0737274795977841 -0.0777927787579344 -0.0759148291883068 -0.0879947744093096 -0.0789396275448965 -0.0645276903046073 -0.0641510130267043 -0.0727682387565108 -0.0719653527555209 -0.0603995692166669 -0.0665607458087213 -0.05980165129829 -0.0441233860290075 -0.0329538518238809 -0.0204287856588782 -0.022778223478944 -0.0179039481782086 -0.0107532584019644 -0.0053490675363887 -0.0175540938508528 -0.016211849043697 -0.00478007123733397 -0.000935029741270008 -0.00868943674210586 -0.0042085504288567 -0.00275715525139313 -0.00347766095321412 0.0420562763764361 -0.00665582884926365 0.0195511220665797 0.0201308016590762 0.0234313808335273 0.020792306992471 -0.0117803552493812 0.00734553073363103 0.00709088339746337 0.0503066931713501 0.0534084963174843
-0.054783245581018 -0.0455556840115193 -0.0598115115535212 -0.0588057013159193 -0.0512693602897929 -0.0594615858407785 -0.0645483553517899 -0.0383638467887369 -0.0353830871592144 -0.0337104867987451 -0.0409197692076847 -0.0425382453388097 -0.0659095750910415 -0.067600624977564 -0.0693119995108242 -0.0701309676204335 -0.0728790689629303 -0.0809747951680889 -0.0772904310970563 -0.0742604707047934 -0.0656647037053914 -0.0658433113551316 -0.0677870740010664 -0.0501674156607877 -0.0356753052999634 -0.0184339849510581 -0.00661810473277247 -0.013034680804643 -0.0105204497206591 -0.00243030674104209 0.00291913604309566 0.00314281415757404 -0.00303439918998707 -0.00701428181394453 -0.0039349168409501 -0.0115196787776073 -0.0133870636320292 -0.0117156316387925 0.0456202988548232 0.0351851083300121 0.0468497675963356 0.00795456414215744 0.018983246652515 0.0192768308049691 0.0223241841878932 -0.0161660198205204 -4.44499320148839e-05 -0.00120566615602279 0.0314939176676953 0.0456514885931286
-0.0340027741407956 -0.0435630560157924 -0.0380339382255457 -0.0536181631743442 -0.0462342813960507 -0.0459775532890882 -0.0482242913698027 -0.0592402262955987 -0.0349125087164966 -0.0395538704002276 -0.0348644298901229 -0.0289358996048829 -0.0467707418084541 -0.0557370024498095 -0.0687836746060479 -0.0735707271578933 -0.0726030587659626 -0.0680835223984654 -0.0649450265797138 -0.068423370552305 -0.0653915609388876 -0.0503730585465364 -0.0486579760573658 -0.04355420711998 -0.0304864205604974 -0.013572327692012 -0.0123718857651859 -0.00835991758660738 -0.00449353987687036 0.00548682161373555 0.00127564957772976 0.00895074503194449 -0.000182548540434278 -0.00204679811128781 0.000703515858359108 -0.00592695536123085 -0.0185943993282446 -0.0193114592263765 0.0466790783761915 0.0419624805062301 -0.0238702713989763 -0.0120987140958064 0.0130033666298196 0.0108933515443094 0.0279138788679335 0.0191215191074272 0.000370199820125303 0.00609630651452201 0.0347883787082181 0.043988234905633
-0.0462674362661937 -0.0374991443344714 -0.0433636409519348 -0.0426504097447507 -0.0447918348671488 -0.0519125261494199 -0.0357021594137721 -0.0358599763322763 -0.0367694637295412 -0.0426496218642278 -0.0422689317381108 -0.0451720316457184 -0.0259081702544583 -0.0546043936171356 -0.0588072286952106 -0.0577549405619511 -0.0578901935576879 -0.0604146504645981 -0.0612642152385638 -0.046392421059328 -0.0599407435190082 -0.0608005282155663 -0.0533192346581048 -0.0326427447442265 -0.0225646053304697 -0.0120025797139085 0.00397244962887411 0.0152760957272536 0.0107703904705787 0.00330028167533382 0.00257938826414073 0.000103828831653753 -0.00884870298288988 -0.0153833478059885 -0.018306207548918 -0.021549941276612 -0.0345459740456926 -0.0301793526581572 -0.043691372708437 -0.0285235619455629 -0.0314337474011083 -0.0227253845255886 0.00223331879049371 0.0183370703630627 0.0211985119649098 0.000773834941307304 -0.0012877899824594 0.00439045371662918 0.0326172145560575 0.0644819244935292
-0.0417090527933468 -0.0471495614237175 -0.0480445909793534 -0.0430161773774478 -0.0368349045623699 -0.0382830363968199 -0.0436898984139864 -0.0332969936891576 -0.0423771819986912 -0.0419404724497512 -0.0408656295282379 -0.0375845253464719 -0.0290773205756949 -0.0484725257701196 -0.0430705464009005 -0.0401508523176896 -0.050032664210541 -0.0414325704000654 -0.0548628096440625 -0.0497617703282166 -0.0482005447034128 -0.044692911907962 -0.0347512563917416 -0.0322815199788512 -0.00549996456987074 -0.00161987626965415 0.00326061441611487 0.0076289951390113 0.0150973829936428 0.0171465311440989 0.0112545809694838 0.00398862600403833 -0.00257835456515267 -0.00437023399029537 -0.023119154739319 -0.0374519733372332 -0.0394161609315764 -0.040494724993766 -0.0471194212928046 -0.0421934612297637 -0.0301986825220704 -0.0338299156392582 -0.0021428898862587 0.000836522766938914 0.0167559793701885 0.0252715748495545 0.0307910848138851 -0.00583811592398301 0.0382761796123545 0.0644557414628994
0.10671213320213 0.0954567803170265 0.101378044908208 0.10244789021404 -0.0338055269751947 -0.0395814655545839 -0.0350731374778775 -0.0437834429423031 -0.0355080799049276 -0.0334655890347873 -0.0459428225493245 -0.0299130817214307 -0.0381362627177082 -0.0475806644169716 -0.0289731378377643 -0.0272233658158373 -0.0343560919561452 -0.048184063409778 -0.0406560683990135 -0.0396536220639239 -0.0456044950423045 -0.0412703298531261 -0.023973921949984 -0.0118005618335745 -0.0123653048081594 0.00274547748092171 0.0246414649121101 0.0193597037657094 0.0313195986432588 0.0186576743098463 0.0065283975485394 0.00790227270557644 -0.00222267400659974 -0.0254177883449686 -0.0243612550055294 -0.0276933312907398 -0.0419973730322547 -0.0513856930771274 -0.0544520404148148 -0.0521853041806875 -0.0448352918437802 -0.0160186591386842 -0.00954934327081836 0.0130149600733649 0.00714717511257768 0.0247094314358431 0.00760315219784014 0.00398999533463892 0.0441897577441612 0.0854036801433745
0.10949540853698 0.0899788084375182 0.0899103867392785 0.0936677245697042 0.107471439456324 -0.0434671815591144 -0.0395522958150324 -0.0414895331463791 -0.0416859647810745 -0.0306538561873059 -0.0279352125163236 -0.0289901230044206 -0.0384295015434284 -0.0453018642186044 -0.0476100469540011 -0.042347306698528 -0.045688883487283 -0.0411570291882807 -0.0481698761104442 -0.0401516962843301 -0.0309110420820872 -0.0176763822905208 -0.0109271972880736 0.0043760208200871 0.00898260727548127 0.00900882239962476 0.0300469327773064 0.0369530746499264 0.0278647317973319 0.0349460063678249 0.0170772359171806 0.000873667602322742 -0.00259746211341433 -0.0289053027657117 -0.0205037672920244 -0.0346045973339388 -0.0426292408834798 -0.0493246171148729 -0.0549878828343987 -0.0455233697184822 -0.0401468859020237 -0.00550119578801326 0.00294416699979223 0.00592612250408592 0.0198577451158664 0.0444400677457642 0.0505518520226384 0.0418738559470718 0.0452025052998684 0.0854410453036626
0.108359779293608 0.103044560934465 0.110323187530756 0.105406275506018 0.104931961075437 -0.0458335672310109 -0.0384735060695344 -0.0420400534119246 -0.0342169211039538 -0.0403609245106373 -0.0413843187822296 -0.0488353315595119 -0.04268380663896 -0.0482507066963752 -0.0400763126279494 -0.0477501342233466 -0.0386804321475627 -0.0382243197726716 -0.0353574834363093 -0.0296196054005093 -0.0202786182632968 -0.000683243515943087 -0.0101752709334413 -0.000515235170235787 0.0154139847952706 0.0237855850089023 0.0269192166585103 0.0390104109281722 0.02803415116837 0.0383585344889757 0.0108463903352386 0.00587636709921498 -0.0163218385761495 -0.0167512274746759 -0.0252001087958225 -0.0317337044040684 -0.05105624329763 -0.054554607496992 -0.0483283954091388 -0.0253957079783323 -0.03213332706036 0.00329497793311746 0.00295601692926096 0.0152625215957674 0.0286894050383206 0.0493146923404782 0.0384280919065733 0.0599495367186837 0.0470504953112105 0.0732674667662757
0.124107725385726 0.128808059953931 0.122049429530779 0.112390325006416 0.104535251953248 0.115056666355702 -0.0490759447334515 -0.0512214824356233 -0.0587706019923696 -0.0490279460625979 -0.042004433062002 -0.040746257081483 -0.0496260547364298 -0.0447426856473534 -0.0371937779349277 -0.0441798470232702 -0.0358220302204771 -0.0267829362253877 -0.0235158078713253 -0.0198705035255179 -0.0252545822264921 -0.0224325463852984 -0.00518404590122647 0.0108395139632803 0.0142882160795825 0.0186957831701186 0.0203293974131882 0.0310880205284876 0.031735241151784 0.0194853105004681 0.0011022797421936 0.00203155679366721 -0.0102242236411512 -0.0320419176688427 -0.0304157659342817 -0.0300719822194187 -0.0335023317808417 -0.0347049548692597 -0.0311348923230588 -0.0189031978302696 -0.0060912982227601 -0.00641110637173984 0.00667078529565769 0.00913270982737662 0.0262299419119131 0.0442616738338901 0.0526070839668302 0.0366687367023075 0.0446176815152164 0.0713741500421297
0.123713049990934 0.1180736945277 0.123940108198491 0.125400911564522 0.108710892153203 0.111890293366426 0.0908023318512808 -0.0409296039062618 -0.039252409338295 -0.0516165138791361 -0.0417837808949555 -0.023229025551491 -0.0385327344087738 -0.047350635534616 -0.0363421393894412 -0.0339818209098844 -0.0352227161794271 -0.0238079605736005 -0.00730839464751842 -0.0240199718692515 -0.0059354350547413 -0.0311026103116399 -0.0221927555246256 -0.00716265466348935 0.0199733462848151 0.0206424905787216 0.0278237162004741 0.026692331075922 0.0230513518248603 0.0220054623350526 0.00791293346280738 -0.00200150159498064 -0.0128446233147907 -0.0326369773384941 -0.0297243060021928 -0.0395138258841974 -0.032360986827047 -0.0202801214710994 -0.0262648002073353 -0.0151459264771076 0.00600034885995476 0.00846115941449408 0.0142574620346988 0.0227588307995582 0.0364784288653154 0.0472176889375529 0.0427473071877424 0.0341835127913905 0.0509924550167712 0.0573069797391031
0.13419445038893 0.131475508123252 0.129156335969757 0.130280639758142 0.122361371417883 0.108362935487442 0.116801755034137 0.106494200233008 -0.0398071481785767 -0.0255919087001096 -0.0348795399563257 -0.0430171952885094 0.113746389046833 -0.0469128905005397 -0.0361787165225751 -0.0316505817491728 -0.0299000881473572 -0.0162070492263723 -0.008860535020931 -0.0207141123931399 -0.00876407152319977 -0.0166157593991899 -0.00803541065763995 -0.0111337926796445 0.0023887483585485 0.0167804246970041 0.0112011195377725 0.0067869787339691 0.0162515803717495 0.00923787891654976 0.000837039685098954 -0.00934457610383958 -0.0272003100109234 -0.030652191708159 -0.0265626352947934 -0.0349006428471469 -0.0339689817141915 -0.0137189947546203 -0.00834678978214722 -0.00830724373675956 0.00434871872871853 0.012491198487061 0.0144712253478607 0.0184609689355353 0.0341099937959127 0.0483300878630221 0.06299359973033 0.0708742474464099 0.0364797863242193 0.0556889824604092
0.130596589950419 0.141330683952385 0.150094281417355 0.139951596076462 0.136272216729418 0.13528623127963 0.124784703179219 0.113082020920346 0.122612816501367 -0.0358595941897509 0.113208824196139 0.124488898513926 0.115002848681221 0.108854467366785 -0.0330638410657965 -0.0292155844701937 -0.0257192187232619 -0.0263980196214337 -0.0161915727630073 -0.0172459216752051 -0.00191693206603921 -0.0112271511229316 -0.00055539315445103 0.00348931441578482 0.00568971984672136 0.00314862012260468 0.00270261528894705 0.0056702861327622 0.000758860519724305 0.0105760341860106 0.00261971857790363 -0.0176784151636371 -0.0168126420210867 -0.030623435811658 -0.0293281979363088 -0.0217241144495091 -0.0328116446654836 -0.0169072267300543 -0.0061633955542205 -0.0120056167440747 0.00790286121363942 0.00813414030634658 0.0153803531785926 0.0241500919109915 0.0249330393883276 0.0554144634050105 0.0539245295124008 0.0655264168382667 0.0416377735651592 0.0452766403698573
0.1307855307672 0.145188120181339 0.14297358639987 0.133240942102268 0.148599752102343 0.128887918999899 0.136964915057377 0.125852584898448 -0.0240690554316104 -0.0277630123351361 0.120913832769015 0.110151198048756 0.097576231158788 0.110415798450861 -0.0288943530281923 -0.0359754057213099 -0.0329915651058725 -0.0172509183860351 -0.0251801577249062 -0.0216382084278154 -0.0236861709197204 -0.0145842789210439 -0.00490906061660485 -0.00536806436862421 -0.00293156756716023 0.00643050775382413 -0.00290207212976598 0.00613395540871308 0.00399105883066722 0.0027238251795322 -0.0058368210606147 -0.0181875616018699 -0.0215529329161265 -0.0407596419386362 -0.0372189853426985 -0.0256566646415227 -0.0132719487483905 -0.00576852687107957 -0.0149837539542811 -0.00200135746228963 -0.00313434156680942 0.00648374013315619 0.014872967489706 0.0235921164278496 0.0306114937565852 0.0386252284670036 0.0562109172604163 0.0697694099030275 0.0335716813680736 0.0317259935355162
0.135066410459785 0.146983921425974 0.141465784569211 0.14244517256428 0.155957116510688 0.148913682551827 0.147167475781021 0.130819109064751 -0.00564892182787343 -0.0214416719261602 -0.0157702997253527 0.125213345979999 0.117958568319923 -0.0395170642763575 -0.029022866214892 0.114870937164732 0.116621785646482 -0.0254400146816322 -0.0204451726909687 -0.0154564606912269 -0.00893403989941776 -0.00894875386244073 0.00120823763137527 0.014961317454788 0.000833194532415107 0.0101705373122956 0.00661957052441771 0.00206952775026379 0.00802768102086805 0.00967669275142142 0.000629127665267237 -0.00457760682327853 -0.0154157985243313 -0.0194760965124374 -0.0315173902407284 -0.0313177210495515 -0.011558904500426 -0.00682261703076962 -0.00991305306717528 0.00336360314339881 0.0150214082328183 0.0113530650123925 0.0199684800665963 0.00953036540487133 0.0271866294671943 0.0598286925048941 0.0633828222298685 0.0346147650715292 0.0412053649480965 0.0119196569320729
0.143783678830397 0.153796354778568 0.143229637664798 0.149858909144319 0.154605013378904 0.154449690590604 0.156648097928575 0.152936162525707 0.00613971481919034 0.00209495132056661 -0.0166860662691355 0.120488678273535 0.118342952329543 -0.0340403950979309 0.118342250017975 0.137220248972776 0.133697225793869 -0.0137924800045793 -0.0187988751212272 -0.00171644300646309 0.00488205411164626 -0.00220037935039807 -0.00484618721066509 0.00389459593734688 0.0075647999682936 0.0157465442693941 0.0219339156040658 0.00559521888403098 0.017264989471494 0.0180150600371733 0.0158755675825349 0.00726934479056697 -0.00949828444040764 -0.00243877560569717 -0.00452757010909958 -0.00734500630805778 0.0159503528600488 0.012100149996712 0.00895354710364835 0.00291684401557001 0.0103300071502586 0.0145938958826637 0.00951759710948593 0.023925755622752 0.0389458955497378 0.0551742564759928 0.0170020532888458 0.0289734279686747 0.0264485990147168 0.0208598421596902
0.148282643432212 0.1493688362948 0.151826670860799 0.166122261214326 0.173634792223928 0.155360425937529 0.157524322261123 0.163667728582097 0.168128153366121 0.0125414607912786 0.14123779496233 0.141760324217147 0.124020733113694 -0.0120493358673129 -0.00998919874613281 0.146513514021215 -0.0155224133003796 0.00498012181449965 -8.71516621482674e-05 -0.00477178994975488 0.00979095342865891 0.00222666636833797 0.00581812887621384 0.00634662954584877 0.00619429661562636 0.0133184777980421 0.00967348568892941 0.0256341502253592 0.0230720834979435 0.0270329319157679 0.0225178787596496 0.0256507741616785 0.0156116449665327 0.0153510514592139 0.0132402232576169 0.0272144084193791 0.0187052136037248 0.0272719837884564 0.0360211481218559 0.0114128121808856 0.0171031648505227 0.0104666691763793 0.0197827483137224 0.0235901121865618 0.047806661785674 -0.00922902929477907 0.0344605615758668 0.0382134475316851 0.022125520445463 0.0143084764058017
0.16000500170018 0.158362482430346 0.16544944697953 0.178385097392736 0.164675878711777 0.174308263650858 0.16171185683915 0.158072061303692 0.161182701708892 0.166662298217217 0.146799617666853 0.152744845161572 0.135550146202419 0.137607632776636 0.141169602237814 0.00358574601682242 -0.000257660873467007 -0.00107058289807802 -0.00322206044864847 0.00694808695355605 0.17379982273274 0.00945412399111384 0.00919185829623703 -8.08194347665589e-05 0.0217288972616162 0.0299797368280166 0.0260852067555035 0.0332053115635891 0.0435781159574643 0.0315233904190112 0.0281127520894625 0.030470916853461 0.0179147882464024 0.0244760287171552 0.0335319917914192 0.0330624142853704 0.0302863314167204 0.0390764783230192 0.0414054834907946 0.0369313539054043 0.0328691507167742 0.0236087662540695 0.0214691399646179 -0.0221457975102134 -0.0195647811443046 -0.00344694076701529 0.0279982351654699 0.00673099684427339 0.0162435689412676 0.0149208205076052
0.183872048542982 0.188403922381761 0.177652320114953 0.190850353093577 0.175740563469923 0.185639073601174 0.180310983886651 0.176484178861415 0.171393535398169 0.159898122733271 0.163611961348255 0.138433391796821 0.144629116107729 0.153095756542888 0.147902060070023 0.141881504756501 0.154942782978813 0.00789501806652129 0.00698761994629458 0.00507175700063666 0.158260167926157 0.171430736166519 0.030518102686057 0.0178539144633438 0.0289663079260203 0.0450343757772467 0.043595954878814 0.0402731530048069 0.055991688722207 0.0481466848520843 0.0536525661596164 0.0384907224875816 0.0333042505370661 0.0404549169640164 0.0421693712777462 0.0524178670923741 0.0570182252486595 0.0542118368146519 0.0575804583176999 0.0581562687737163 0.0312440219524824 0.000832622523550666 -0.0189478398703594 -0.0281525012152826 -0.0142505633410997 -0.017366370501044 -0.00497679214653669 0.0115349723742791 0.00645151612380195 0.00857472693057718
0.189683495395578 0.18034956219249 0.178767825407123 0.187808502700841 0.206007159916017 0.195843698139324 0.182261557391948 0.178293970214008 0.180141438370076 0.168307773152179 0.167514157422604 0.159419171710829 0.160755573642071 0.149667914601376 0.149455513319054 0.156316272898893 0.167161342618649 0.169774937516513 0.170751662181157 0.179186274951887 0.17291449448018 0.182129894523588 0.0317101645560514 0.0448941204187671 0.049080686049748 0.0507645550693892 0.086179103928869 0.0773138793504201 0.0697170837019141 0.0511934544587041 0.0537135269620945 0.0622564256366316 0.0472412789921449 0.0529613727820207 0.0900662200086294 0.0713831501006449 0.0756081792109241 0.070704729083651 0.0630432838816774 0.0186887559462167 0.0130369869445453 -0.0126250563116878 -0.00577379466093048 -0.0127710810946284 -0.0131684402431434 -0.0171175118773144 0.00253383152797164 0.000338827903263866 0.0121126396737713 0.00648221138640354
0.19801624767238 0.191145583358835 0.189252811202188 0.199304394761238 0.191724988946407 0.189588239933329 0.173326193261078 0.172971964825344 0.168817160389889 0.165866427043318 0.159040582451858 0.172954017672117 0.16134092757127 0.161051549755601 0.159752683934898 0.16302096848072 0.176220857634779 0.174078116537287 0.179913991130526 0.183836794527066 0.180244241024188 0.188333318240971 0.0351550822146157 0.0491696797045925 0.0669872924940622 0.0735203669988493 0.0941642124303039 0.0803824880528639 0.0863577940465793 0.0861011435217144 0.105575127124666 0.085208619443317 0.0866171675215294 0.100722262846302 0.123398260485444 0.0788349507487303 0.0632829347200251 0.0543150001538972 0.0195757207692697 0.00715195278789406 0.0129504400161436 0.00724594547822341 0.00185850422379071 -0.0108142633459182 0.00275211078318583 -0.00892594278568324 0.00125782064930367 0.0113734622105857 0.0261897148796455 0.0255632342257239
0.200294840484738 0.199554670592992 0.201517853417271 0.183298055862798 0.184446396837961 0.186651190372295 0.187976936482365 0.174728220728471 0.164135750621719 0.181415428172289 0.168624576839778 0.166211905931156 0.162533793627941 0.160618318310264 0.159900702875587 0.175206329312019 0.170708555050607 0.182453263850713 0.169427872140979 0.166845187888092 0.185564806989372 0.185449713288069 0.0426923916856208 0.0493851298411263 0.0620153781204851 0.0803489485640077 0.0837133068893244 0.0930624039611817 0.101755931410619 0.113106121303528 0.0845121340518356 0.118065390097666 0.117111773090125 0.114493643134961 0.104538440562769 0.103241922497452 0.0595936212372672 0.0334841298105881 0.0216009996500636 0.0126281973652238 0.00890048961440698 0.0181004222712557 0.0170174284975676 0.00540871665675855 0.00324609497977615 0.0138780783118315 0.012460819711541 0.0344741126141245 0.0468704779942026 0.0463101018547699
