data/pcas/pcas_can_585/pca_referenceLayers_can_585/PC15.asc
NCOLS 494 
NROWS 529 
XLLCORNER -117.166666666667 
YLLCORNER -55.5 
CELLSIZE 0.166666666666667 
NODATA_value -3.4e+38 
[rows 308 to 329 of 529, columns 400 to 449 of 494]
-0.0134152160815958 -0.0192784304489821 -0.0208293078243843 -0.0205014245234885 -0.0214952013741089 -0.0153611620480767 -0.0140641802410098 -0.0136949621239755 -0.0203288186014533 -0.0165525034493414 -0.0106265286628021 0.00132243301326999 0.0101960501863613 0.00898128558123575 0.0119786005677024 0.00215576527184062 -0.00261896785108036 -0.00556020890752981 -0.00618051710680554 -0.0100180719406888 -0.00613356538022612 0.00349146710779935 -0.00828908090070439 -0.0193384001156008 -0.0242837385945205 -0.0273849585069615 -0.0215618370346774 -0.0186103205234953 -0.0261852849037608 -0.0353903641933914 -0.0414789327349359 -0.0420306351969721 -0.0429514923412822 -0.0420839692799102 -0.0419375746961223 -0.0436162293086433 -0.041571254097464 -0.0393369580534304 -0.0399318501294914 -0.0360827240591734 -0.0332528585312133 -0.0405842064642122 -0.0451876406425532 -0.0532046510423161 -0.0382990719896635 -0.0386017027020648 -0.0378491651754631 -0.0407774994414998 -0.0351469650952671 -0.0191315334942509
-0.0156954948776022 -0.0188718407373788 -0.019858655055919 -0.015827561559547 -0.0138265844920457 -0.0112215295221802 -0.0139436371912873 -0.0142117429720602 -0.0192934850556334 -0.0230175675161825 -0.0134682836187234 0.000824519932965111 0.0109311241384282 0.0169419393426268 0.00864057724650336 0.00495865174415579 -0.00410231919268626 -0.00648279000042309 -0.00756337374568048 -0.00532685679004927 -0.00850299824925802 -0.000917298460114107 -0.00950441973129264 -0.0234516704674061 -0.0266435367618237 -0.0268116860889971 -0.0235996360734794 -0.0254279987318172 -0.0264756793083044 -0.0409264492654649 -0.0429424059124614 -0.0401813969119119 -0.0395982340250131 -0.0422024621160639 -0.0469632778694602 -0.0419689171704824 -0.0419328540309492 -0.0487369883482551 -0.0442422751736377 -0.0347169633026771 -0.037223139240201 -0.0408185021791169 -0.0406396127571058 -0.0489978926243606 -0.0580033597402921 -0.0408778956210093 -0.0373127381210201 -0.0401314991749503 -0.0275873987221657 -0.000977475929579353
-0.0102838338330118 -0.00715881379822185 -0.00242540281637013 -0.00255506667300092 -0.00202709842706086 -0.00282873715547354 -0.001304479944457 -0.0103047936584067 -0.0164892437859531 -0.0168014497485884 -0.0101183742758702 9.89169788578811e-05 0.00858102302630552 0.0152054673239878 0.00467514474234178 0.00370992916838365 -0.00452991670546059 -0.00629615247732043 -0.00413973275722387 -0.00255796066345352 -0.00775130728806354 -0.0112776374129979 -0.00858435410130083 -0.00585538466957062 -0.0213858584452743 -0.0173497065744246 -0.0299968843196976 -0.0262068566337552 -0.0300642064900613 -0.0363796458195471 -0.0440381000034436 -0.0387823239348045 -0.0444422026128958 -0.0385434411636988 -0.038689681653157 -0.0327665554456624 -0.0346587644995737 -0.040908100040212 -0.0317965547483422 -0.0266401854014599 -0.0235923634888666 -0.0316873463427916 -0.0393033230162359 -0.0480941728181251 -0.0529098320932755 -0.0434981917126428 -0.034854513821643 -0.0377279802981554 -0.0159485651277636 0.00313903754852642
-0.00758340578823578 0.00380799417929958 0.00906263795443119 0.00642313275092058 0.0132087517632553 0.00125221408122061 -0.00040319225732002 -0.00514339418827506 -0.00984681630805972 -0.00857377334409375 -0.00750691892054509 -0.00558028548954026 -0.00290385497306702 0.000744265287768137 0.0047125638530274 -0.00372658579787388 -0.00374367960000203 -0.00616767259802772 -0.00751097000986267 -0.00558205767090164 -0.00292181305221413 -0.00391219908646925 -0.00885914014300387 -0.0119329699481869 -0.0186076749640665 -0.0193606424599669 -0.033720978495534 -0.0316112225524109 -0.0191997135036413 -0.0246059511008402 -0.0340215526591614 -0.0335524799275302 -0.0401441701142343 -0.028261733417813 -0.0234813199412125 -0.017103281416273 -0.01110363690888 -0.0214281875042365 -0.0206416933844654 -0.0192701004998073 -0.0203087144090128 -0.0214512082749825 -0.0328331457369381 -0.0429158604760396 -0.0420774539215047 -0.0484783692632652 -0.0299106439227341 -0.0290776859008085 -0.0104556722081606 -0.00446548450238922
0.00664485497004329 0.0195072039993988 0.0213937442172819 0.0167908363725255 0.0216446691912156 0.0150962772266366 0.00660808990753439 0.00435076049633359 0.000664323413517336 -0.000409124862247336 -0.00157067583925494 -0.00502080243902807 -0.00593278630665704 -0.00627108964027335 0.00303622699624253 0.0105455655355344 0.00517391344516628 0.000622835686035984 0.0035402318658364 -0.00426248358178188 -0.00710149580738864 -0.0022652438267394 -0.00384697177034159 -0.0159144386836888 -0.0107783423138015 -0.0139051717624143 -0.0264727243270731 -0.0292672188648109 -0.0210288329396286 -0.00942119967910189 -0.0271835207471575 -0.033753775516158 -0.0273268167681005 -0.0125760349983253 -0.00220888125563773 -0.00599206089097593 0.00527529458321221 0.00473725775116516 -0.00444882232278033 -0.00827733464455452 -0.0265446447580569 -0.0167300453658745 -0.0326798379148337 -0.0425885977095596 -0.0461196545662404 -0.0298756074973358 -0.0330775041570685 -0.0206647286515803 -0.00651730992528429 -0.00677297880376878
0.0233407684851474 0.0336573542762679 0.0361806927853926 0.0383346325742411 0.0371033563064858 0.0258394444115871 0.0207230334021056 0.00887277333541525 0.00250994501135461 0.00260623784463557 0.00313621305213836 -3.51900103442229e-05 -0.0100009431965348 -0.00215086274267625 0.0113383072399866 0.0173689968480084 0.0162174677823403 0.00275029028341313 0.00288950906516918 0.00154071397707719 0.000513886626916867 -0.00665508176953716 0.000353297534547665 -0.00967998448652733 -0.0100382396822504 -0.015396836963257 -0.0200013542855989 -0.0292909958581328 -0.0349498987827112 -0.0293866332954377 -0.0263867170439128 -0.0276524989942683 -0.0143791904534962 -0.000806983658641632 0.00534853450736843 0.00644439941037558 0.00981652533235149 0.0183919628491709 0.0172369573114179 0.00543649855920818 -0.0160354835239789 -0.0208323702849708 -0.0303638852268949 -0.0364438355597208 -0.0433035309614004 -0.0482406190567531 -0.0487375931743892 -0.0135610637677921 -0.00204415898170402 -0.00707669575745219
0.0242414797238873 0.0367724337894491 0.0417513672587895 0.0476812125663063 0.0499869782588513 0.0408893331996859 0.031601555485789 0.0202576523762772 0.0127226830797392 0.0165190029870781 0.0116440318301105 0.00340002977887425 -0.00518340600634103 -0.0156470835124991 0.0014717968653737 0.0168278216400283 -0.000904942647926975 -0.00701002429676102 -0.000968187617858527 0.00511327977439341 0.00208389670919283 0.00707943207231012 0.000907088445352644 0.00365618655408503 0.0060248813971488 -0.00772326209645864 -0.0183792400466733 -0.0307973097016184 -0.033751788971076 -0.0349211927327884 -0.0289579283684533 -0.0238616185254209 -0.0110589795128973 0.00352440411461284 0.00746291186641035 0.00755141203684621 0.0123005052304557 0.0276706070384636 0.0298486873128046 0.0124009484045147 -0.0106155961631679 -0.0182258955903112 -0.0245927219578423 -0.0318286399228577 -0.0433843640905916 -0.0485275255883814 -0.0301275615085736 -0.0207302795866303 -0.00391064279219894 -0.000759502361170887
0.0164719963229412 0.0368123575868549 0.0507878426693586 0.0506629833992759 0.0532040224794931 0.0522312347705934 0.041160609626615 0.0348011464086411 0.0304996356885061 0.0296974493064463 0.0212877554413386 0.0158125709755966 0.00910812161564128 0.0033443310257637 -0.00730848397345671 -0.00746069378922668 0.00737885768474548 0.00822201598484601 0.00275299959089422 0.0025693837359574 0.00665738858460443 0.0114924813287997 0.0041229051791144 0.00928877665711642 0.0132158557841636 0.0045470059716996 -0.0240633718408769 -0.0416824135585481 -0.0363193905372446 -0.0266270092301204 -0.0181677244031846 -0.0124333348120578 -0.00346058554406592 0.00682514193439211 0.0129434456254569 0.018331776751198 0.0155809821066309 0.0204807794894174 0.0298536353771213 0.0229958254501451 -0.00606562111771106 -0.0110405637236119 -0.0237489518258962 -0.0258479465692288 -0.042038446720666 -0.0488405931396938 -0.0449533138644205 -0.0330935417247696 -0.0137181217606043 -0.00354275221455587
0.0145417846711031 0.0392904638075728 0.0554634169025114 0.0484078859567042 0.0478142260477522 0.0490371872149076 0.0463206553981383 0.0432250735858988 0.041354108123208 0.0350480537702039 0.0337882529223753 0.0288288333242546 0.0262448671917221 0.0200728014451772 0.0185095309463132 0.0204531738324018 0.0288883374289662 0.0226708546942578 0.0146271568406309 -0.00198958369155228 0.00180218232672499 0.00758682561355499 0.00816979181891501 0.0100165960613819 0.0144289050014453 0.00493202853064688 -0.0208861990756497 -0.0402586893414299 -0.0334306234107239 -0.0232088008998337 -0.0175603828999138 -0.0123028258109946 -0.00105371256127431 0.00577439809619475 0.0144829623744789 0.0178882756358278 0.0230923234874857 0.0191498677381394 0.00378491707679045 -0.000620516745340055 0.00494357088341963 0.00598689488742054 -0.00786354712976612 -0.020924894644382 -0.0375755952481068 -0.0467731589688565 -0.0394415526938467 -0.0408620042328352 -0.0189632448618438 -0.0117382232337286
0.000680401663935633 0.0248851275412965 0.0437891119892892 0.0505050083555219 0.0428573453455614 0.0511123618365121 0.0596535067073388 0.0510899616842293 0.0556013294878525 0.0568589852949173 0.0525882514772819 0.0460467704691864 0.0416054893715735 0.0350878588814901 0.0283076748103914 0.0265610533156239 0.0267864672926006 0.0206486485910486 0.00598857160970105 0.00127156754014454 0.000443761592025325 -7.59083063302211e-05 0.00408690771730185 0.00426200476343659 0.00632081615441469 0.00833952842106211 -0.0149848895761462 -0.0378251858526296 -0.033764111777587 -0.0294536105745034 -0.01737109510545 -0.00814669366681282 -0.00477108076870388 0.00789327490272188 0.016705467607393 0.0289966032597715 0.0299832783827064 0.0143393852084224 0.00943933090893095 0.00283619570503486 0.0165842111523412 0.0109361226751553 -0.00945744319093902 -0.0246203965046987 -0.0259069967261311 -0.0286181916258344 -0.038781604060394 -0.0203265467753945 -0.0160429465303432 -0.0152860300995715
0.00495533049338117 0.0199230597387118 0.0439167079195948 0.0506760828555728 0.0460549936189297 0.056974680981012 0.0784582579675723 0.0754244637273041 0.0821217334405709 0.0764192163853541 0.0666197034986822 0.0595302388070559 0.0548205111537319 0.0488840865231956 0.0330504113770882 0.0236697291287595 0.0235007730572394 0.0195089651256859 0.00854952389227217 -0.00568887838908992 -0.000393395507359433 -0.0074638420101021 0.00548420995018395 0.00952058642468886 0.00174552199208855 -0.0110193755443344 -0.0210931255383788 -0.034680231919093 -0.0333916364113356 -0.0184013407173652 -0.00788512768061448 0.000443374793681429 -0.00477461360310277 0.00339800027239631 0.0173062089673878 0.0236853904734991 0.023021805156682 0.00798345947128749 0.0130519387024337 0.0110685863102897 0.0155893498102023 0.0128699051544215 -0.00273710276107338 -0.0191031927861278 -0.0235272615043994 -0.0250937092058129 -0.0351072977903317 -0.00864430593242813 -0.00471547495701207 -0.00827359511219764
0.0225324728395772 0.031529689102869 0.0504668796958827 0.0562619204903287 0.059396880825797 0.0656835307356357 0.0686572586703611 0.0829964911827175 0.0872126236461894 0.0833920919640134 0.075787899899219 0.0718015262366833 0.0638909451290963 0.0617449460665339 0.0494469930820132 0.0343762378656355 0.020557108843993 0.0165730681582591 0.00566198619670769 -0.0043309104458172 -0.000406966680983403 -0.0027035078155152 -0.0037510573494152 0.00455918917858612 0.00255755251110719 -0.00932184349451582 -0.0185489002438197 -0.0182706380977076 -0.0269103377690079 -0.0154054665532877 -0.00242135549705998 0.00601423385834269 0.0130721969191632 0.0127099184434045 0.0311273699993057 0.0298781586184662 0.019834348373948 0.0163068786669411 0.00753276533728081 0.00490275549621672 0.00879856466210635 0.013010668920168 0.00408324508726059 -0.0143100969218239 -0.0195721790427419 -0.0159682820188213 -0.0257941472921601 -0.0141475431298213 -0.00566578603221533 0.00229015396701516
0.0304878409182038 0.0436533843645101 0.0515802583918424 0.0593251151466526 0.0681976170943239 0.0712761511168955 0.0686059550911964 0.069800738830307 0.0743736156368653 0.0730270859155434 0.0636624597572749 0.0598562903161693 0.0596602156426898 0.0570996978202113 0.0544161837029646 0.0398297443903285 0.029534332656481 0.0222940879342537 0.0216354666652189 0.00584301875124734 -0.007379994729697 -0.00372835713333315 -0.00143169084283182 0.0021979862317316 -0.00219125890840844 -0.0144955737147785 -0.0120302219513892 -0.0194470070388409 -0.0156882205230309 -0.00571737858778658 0.00429099406518396 0.0219348774395743 0.0363406143873178 0.0390563370830261 0.0474421282533631 0.0440309129917819 0.0332640602898364 0.0288187962095814 0.0129050624741829 0.0109459059786214 0.012962148080388 0.0177980758813641 0.0112206228792876 0.0005018804835746 0.00472478449291695 -0.00914746792595896 -0.0147932505081553 -0.00970554872403211 0.00433005101338249 -0.00314216468807819
0.041968422666192 0.0531313962445809 0.0581266749980894 0.0598048736687138 0.0669817666826801 0.0711494394994919 0.07190485154287 0.0711236490269765 0.0566665079061448 0.0518996857871176 0.0449125356146492 0.043293775257871 0.0596914051268665 0.0616808206462761 0.0609980160256721 0.0602386752786042 0.0429182711101591 0.0318486836952206 0.0216992721570848 0.0161881998714941 0.0077283896062172 -0.0038376694148196 -0.000240864809737514 0.00166683213490245 -0.00448845586309298 -0.00502871133628655 -0.00370435698762283 -0.00184119691923543 0.000812983992655322 0.0124819752396928 0.0287960078911676 0.0358061754806862 0.0442185496232731 0.0643005255598537 0.0592595988450473 0.0601602089352408 0.047911239982084 0.0349164750808589 0.0270432253761439 0.0170073190392891 0.0166216806546555 0.0171570382500983 0.0217320585302586 0.0176439374180841 0.012786151403659 0.00730816344022363 0.0100261876110869 -0.0125849244689425 -0.00141625503577804 -0.0140422210933433
0.0525701729815844 0.0575381855380979 0.056444170957709 0.0612004158008886 0.0662598677008324 0.0721298252802534 0.0758273181210755 0.0683742725005082 0.0443112898657311 0.0257753162470437 0.0383688828128532 0.0433681296909341 0.0539273797812762 0.0657992166408101 0.0626688020817406 0.0626618617435093 0.0550079318883877 0.0475453042624868 0.0304081482196511 0.0181991130089179 0.00469296830214937 0.00370756195474472 0.00314164027524795 0.00128282592738543 0.00242796596968884 0.000866353722250936 0.00319609648337727 0.00454124597712192 0.0107286898665864 0.0208284973460347 0.0351070764843565 0.0399692322951244 0.0437640296561864 0.0549975134500053 0.0680797633943035 0.0625374540699583 0.049320932830757 0.0417875881453466 0.0330151231652681 0.023923027270813 0.0189344635371132 0.0261909390833603 0.023989083204538 0.0128596435182866 0.0166497802088878 0.0254289814469196 0.0185388809346765 0.0122403233563687 0.0360764527937012 0.0186820183867706
0.0509426443478375 0.0522946426848612 0.0589855398160757 0.0557967397541373 0.0590345266149791 0.0672451851784317 0.0724126680142544 0.0701399405956612 0.0493500724929569 0.0382451408049381 0.0480136472212168 0.0484932315600436 0.057853788024975 0.0589915219167128 0.0633614150685803 0.0589941719019243 0.0444895848635786 0.037176658282543 0.0187670176751701 0.01868151080444 0.0132398632127039 0.0139839741813795 0.0116844800151314 0.0108659277154783 0.00988330217077065 0.00306628688630812 0.0133694199995528 0.0165589164103677 0.0167302682412764 0.0266369485650747 0.0350457779184006 0.0322938894520921 0.0311847090746243 0.0441352290408707 0.0565914538561191 0.0535336287427568 0.0445829321049447 0.0410705247401917 0.0332801621515651 0.0298380280804542 0.0232806405805059 0.0277000884355472 0.0234859992344202 0.0123105825507376 0.0185135565870926 0.0246789068569254 0.0465282134917742 0.0563015008928772 0.0329419282475335 0.015217294418772
0.0421082569908522 0.0568563218938051 0.062284714114097 0.0584560870941961 0.0544888937584741 0.0621705146726252 0.0658530951618891 0.0695493774138754 0.0592192847355766 0.0555149313963303 0.0541109430985203 0.0531474736340178 0.0634781433657181 0.06382986999802 0.0591067922872971 0.0504849473222939 0.0346159520350089 0.00847750787832875 0.0163283108236234 0.0210780688091359 0.0268395650967896 0.0181904173654203 0.0179547721937803 0.00596351227381934 0.00747409036985149 0.00305860457713289 0.0107458424351454 0.0123519455350491 0.0142978437296854 0.0236849695045812 0.0299696371316809 0.0275391433330989 0.0185087607594968 0.0254535667968322 0.0317659571209839 0.0453940995391038 0.0353481779591553 0.0294316185068994 0.0276669518091956 0.0232166892652291 0.0292646487692764 0.0402420046967508 0.0255895405227369 0.0107108420215902 0.0213585626894994 0.0322551490379871 0.0428963102190083 0.037699158983392 0.026789766365304 0.0266435750870555
0.045170286567803 0.0449146858539395 0.0471819668721358 0.0545774412203893 0.0525280669440568 0.0643462291800754 0.0639231718384203 0.064203892446727 0.0613958697788612 0.0572545776163631 0.0519949682856201 0.0533414953101299 0.0666757107545571 0.0599659411509423 0.0495817397708693 0.0396863642183219 0.0227453295736812 0.0120665647843041 0.0160137394070569 0.0260593959153813 0.019899702513722 0.0251892137956316 0.0177344040652256 0.0130527504184702 0.00242679862782732 -0.00265507345009176 0.000898141878154502 0.00384473135239136 0.00256699295617875 0.0112159981893974 0.017501676364278 0.0161512549573929 0.0255220172563313 0.0330976896118796 0.0220946682502485 0.0309297878883224 0.0302496555891224 0.0280565719606858 0.0205949534448509 0.020338217484367 0.0274175027518821 0.0294904650895018 0.0198208222571473 0.0232878790052473 0.0338924884455254 0.0366201296652861 0.0310421263731395 0.0374631430015481 0.0114698735819056 0.0155865558710217
0.0456612538319684 0.0367603320797397 0.0439843706936255 0.0515309765368915 0.0657443171009449 0.0657924383860712 0.0656673397661472 0.0605524505791005 0.0502878348391303 0.0519993467773297 0.0432220222689015 0.0494950960261892 0.0495926024831056 0.0500663986699575 0.0464932831976599 0.0361384727982891 0.028424936498785 0.0238006847343993 0.030898638041588 0.0311310338748045 0.0184151982454414 0.0273991620959625 0.0186084346461417 0.00191812440277633 0.00487954505433346 0.00568300865144262 0.00814092367398349 -0.000933402427136774 0.000678854000080477 0.00658906197886123 0.0131125492796809 0.0216793598630264 0.0222878753726976 0.0341886768693353 0.0206833607072054 0.017923268234826 0.0171751794003769 0.00785513456457213 0.00880093980836957 0.0151656192959317 0.0257076108624428 0.0342561683212315 0.0367900408343668 0.034796161047358 0.0222915590610896 0.0238075074525586 0.0238529090590281 0.0155897426133071 0.00655917989946587 0.0111967506120366
0.0444108248321587 0.0452048861424279 0.0488062412583837 0.053376629676182 0.0503196963051912 0.0647213016881587 0.0586285155145918 0.0418569817184212 0.0404084807944563 0.0394616272164391 0.040773008882678 0.0392304371410951 0.0437792014541858 0.0388127474328276 0.0420494298937962 0.0278705718012001 0.0247465861992415 0.0230808792715112 0.0250141203807918 0.0273332006542293 0.021027904083616 0.022539079226623 0.0218773668691314 -0.000572279153409093 0.0101018069612201 0.00590962933808124 0.000362086764287502 0.00442034913168253 0.00531370089089908 0.014851000081411 0.0233251051992584 0.0186435967638291 0.0182599193726571 0.014962085997177 0.018218362692645 0.00681751867448382 0.00637345757585795 -0.00262152370810748 0.000379406897559834 0.0200775765597672 0.0269803247361195 0.029180199179627 0.0146284109446556 0.0155124927753571 0.0253305420830494 0.022971211001705 0.0145043003688488 0.00331585227633037 -0.00834644368217882 -0.00222455859620687
0.0434722746043884 0.0547702386442666 0.055324785513785 0.0470812533162498 0.0513434019783656 0.0651963538185489 0.0438409326048961 0.025058312984436 0.0351394621103368 0.0387705203591371 0.0459648672126549 0.0458010531429083 0.0455701943597378 0.0426691189396515 0.0356549341859433 0.029882318919372 0.0220410670608901 0.0157998069987397 0.0283083677829368 0.0201874831011767 0.0200275054866004 0.0178804146475336 0.0255125914520779 0.0124075580537441 0.00562746074936569 0.00173255669816354 0.00317640334688672 0.00833150380790257 0.0137929902818247 0.0214253843860886 0.032932598037093 0.0222584462368345 0.0100765528154812 0.0120820191702595 0.0166169792062088 0.0352675124118057 0.0129018481655545 0.0154087422065422 0.0205556580998245 0.021638403410182 0.0138310487862316 0.00572058236257905 0.012023054352052 0.0130385014677866 0.0192743713617296 0.0231129297010917 0.00771011177274401 0.00191301921106795 -0.00048978481896227 -0.00574710127202969
0.0445524059221737 0.0372620665356964 0.0346333149117024 0.0522815866060521 0.0663722961320859 0.0649481155694472 0.0373443799909501 0.0346696183323652 0.0352149148427639 0.0439286272673216 0.0582369401484119 0.0616742628091895 0.0603125678245931 0.0505246133530995 0.0400298714100165 0.0317288340093979 0.0231288106447826 0.017631575923968 0.0221883341656181 0.0231060194776485 0.0170584973484268 0.0109848225424777 0.0302221220431607 0.0223350804805785 0.0162176604595783 0.012680669733168 0.0156670211946984 0.0145194249297435 0.028245465301884 0.0354500304669691 0.0527777322396843 0.0545743879641032 0.0132438320793107 0.009187457390413 0.0384534063267784 0.024717240563692 0.0153602163674306 0.0207963770610862 0.0211891794079276 0.0281104689351247 0.0154345503195103 0.0124311471100075 0.0116819534739194 0.0219859610436431 0.0217703982535445 0.0235360724717883 0.0103285546166378 -0.00860158170031738 -0.00291950419473411 -0.00308481932396633
