data/pcas/pcas_can_585/pca_referenceLayers_can_585/PC15.asc
NCOLS 494 
NROWS 529 
XLLCORNER -117.166666666667 
YLLCORNER -55.5 
CELLSIZE 0.166666666666667 
NODATA_value -3.4e+38 
[rows 66 to 87 of 529, columns 100 to 149 of 494]
-0.00981533488821394 -0.0205766484958917 -0.0189169579771098 -0.0289365361031515 -0.0497743712338594 -0.0626884269029759 -0.104495750043568 -0.12155330309738 -0.144396261815738 -0.182154923048658 -0.171334903769372 -0.129844486910036 -0.0889465561136858 -0.0766584564482518 -0.0746144516249708 -0.0734111656399635 -0.0710568736903333 -3.4e+38 -3.4e+38 -3.4e+38 -3.4e+38 -3.4e+38 -3.4e+38 -3.4e+38 -3.4e+38 -3.4e+38 -3.4e+38 -3.4e+38 -3.4e+38 -3.4e+38 -3.4e+38 -3.4e+38 -3.4e+38 -3.4e+38 -3.4e+38 -3.4e+38 -3.4e+38 -3.4e+38 -3.4e+38 -3.4e+38 -3.4e+38 -3.4e+38 -3.4e+38 -3.4e+38 -3.4e+38 -3.4e+38 -3.4e+38 -3.4e+38 -3.4e+38 -3.4e+38
0.00967864570976324 -0.00665077190003458 -0.0118205035475561 -0.0255574575673071 -0.0341953185749408 -0.0629624088481033 -0.106414664898977 -0.0851406634548709 -0.130063810555945 -0.222830146414575 -0.235208866264455 -0.197970451293162 -0.134533651987859 -0.0879827616784243 -0.0579440788839061 -0.0493860230650347 -0.0428044179808503 -0.035365125232788 -3.4e+38 -3.4e+38 -3.4e+38 -3.4e+38 -3.4e+38 -3.4e+38 -3.4e+38 -3.4e+38 -3.4e+38 -3.4e+38 -3.4e+38 -3.4e+38 -3.4e+38 -3.4e+38 -3.4e+38 -3.4e+38 -3.4e+38 -3.4e+38 -3.4e+38 -3.4e+38 -3.4e+38 -3.4e+38 -3.4e+38 -3.4e+38 -3.4e+38 -3.4e+38 -3.4e+38 -3.4e+38 -3.4e+38 -3.4e+38 -3.4e+38 -3.4e+38
0.0140439159959343 -0.000471603225681783 -0.012801576845499 -0.0224343458047973 -0.0253387970838904 -0.0410190754561515 -0.0711376448469074 -0.0719548797245945 -0.132007645595064 -0.175191005512806 -0.232636660239059 -0.222891263026264 -0.174651042056396 -0.121985461635535 -0.0731634062994524 -0.103187231988766 -0.0644458718506299 -0.0490134041547589 -3.4e+38 -3.4e+38 -3.4e+38 -3.4e+38 -3.4e+38 -3.4e+38 -3.4e+38 -3.4e+38 -3.4e+38 -3.4e+38 -3.4e+38 -3.4e+38 -3.4e+38 -3.4e+38 -3.4e+38 -3.4e+38 -3.4e+38 -3.4e+38 -3.4e+38 -3.4e+38 -3.4e+38 -3.4e+38 -3.4e+38 -3.4e+38 -3.4e+38 -3.4e+38 -3.4e+38 -3.4e+38 -3.4e+38 -3.4e+38 -3.4e+38 -3.4e+38
0.0113249161849662 0.0123617649420336 -0.00405553422345449 -0.022682054645941 -0.0341536664006975 -0.04304418991754 -0.0494136749307188 -0.0721494406960867 -0.112856299786121 -0.159195700186934 -0.181873678566393 -0.190752175317857 -0.192930394298805 -0.160500989226116 -0.113439604262918 -0.0797921795564582 -0.0640597057549143 -0.0555484509697646 -3.4e+38 -3.4e+38 -3.4e+38 -3.4e+38 -3.4e+38 -3.4e+38 -3.4e+38 -3.4e+38 -3.4e+38 -3.4e+38 -3.4e+38 -3.4e+38 -3.4e+38 -3.4e+38 -3.4e+38 -3.4e+38 -3.4e+38 -3.4e+38 -3.4e+38 -3.4e+38 -3.4e+38 -3.4e+38 -3.4e+38 -3.4e+38 -3.4e+38 -3.4e+38 -3.4e+38 -3.4e+38 -3.4e+38 -3.4e+38 -3.4e+38 -3.4e+38
0.0163934260571629 0.0105559777731083 0.00219990189365052 -0.0235811319990448 -0.0272381962663391 -0.0421468593889421 -0.046862743602139 -0.0539598375592929 -0.0955318356028352 -0.104833703074141 -0.158524340990355 -0.184324539250107 -0.179501483879061 -0.138380852271584 -0.114443110239754 -0.110095871107024 -0.0725706646126464 -0.0682699360254167 -0.0813222652565592 -3.4e+38 -3.4e+38 -3.4e+38 -3.4e+38 -3.4e+38 -3.4e+38 -3.4e+38 -3.4e+38 -3.4e+38 -3.4e+38 -3.4e+38 -3.4e+38 -3.4e+38 -3.4e+38 -3.4e+38 -3.4e+38 -3.4e+38 -3.4e+38 -3.4e+38 -3.4e+38 -3.4e+38 -3.4e+38 -3.4e+38 -3.4e+38 -3.4e+38 -3.4e+38 -3.4e+38 -3.4e+38 -3.4e+38 -3.4e+38 -3.4e+38
0.017078108532429 0.0181465700554987 0.020122164283996 -0.0124973721595642 -0.0285783606544589 -0.0443703902334512 -0.0530406693063464 -0.0549537536672719 -0.0721577505936035 -0.0841349001073728 -0.115302042866728 -0.147228811771881 -0.142962735858885 -0.139925592174034 -0.163206073731243 -0.123202803865502 -0.114028928762722 -0.083752154583372 -0.0705658272482301 -3.4e+38 -3.4e+38 -3.4e+38 -3.4e+38 -3.4e+38 -3.4e+38 -3.4e+38 -3.4e+38 -3.4e+38 -3.4e+38 -3.4e+38 -3.4e+38 -3.4e+38 -3.4e+38 -3.4e+38 -3.4e+38 -3.4e+38 -3.4e+38 -3.4e+38 -3.4e+38 -3.4e+38 -3.4e+38 -3.4e+38 -3.4e+38 -3.4e+38 -3.4e+38 -3.4e+38 -3.4e+38 -3.4e+38 -3.4e+38 -3.4e+38
0.0113440604596583 0.0192310948544368 0.00931129253424932 -0.00416125977468654 -0.0268947928519841 -0.0365726833721825 -0.0467798336950411 -0.0531031925682317 -0.0615450935500419 -0.0690273162751132 -0.0963398181477604 -0.126784773331305 -0.132366188035198 -0.149188793896012 -0.164795432237353 -0.117685452018593 -0.117282776246428 -0.0955474060942001 -0.0765331128247698 -0.0729554163460867 -3.4e+38 -3.4e+38 -3.4e+38 -3.4e+38 -3.4e+38 -3.4e+38 -3.4e+38 -3.4e+38 -3.4e+38 -3.4e+38 -3.4e+38 -3.4e+38 -3.4e+38 -3.4e+38 -3.4e+38 -3.4e+38 -3.4e+38 -3.4e+38 -3.4e+38 -3.4e+38 -3.4e+38 -3.4e+38 -3.4e+38 -3.4e+38 -3.4e+38 -3.4e+38 -3.4e+38 -3.4e+38 -3.4e+38 -3.4e+38
0.024944148192289 0.0451460446708458 0.0173222882653107 0.00392156812223199 -0.00175629870144871 -0.022215562900588 -0.0371120883538965 -0.0571533334505645 -0.0532425228035218 -0.0539158966214021 -0.073816199138364 -0.101922031392243 -0.1145735156905 -0.143898835941762 -0.173697590473479 -0.199661204358994 -0.136820522622068 -0.111452079820517 -0.0876873144814956 -0.0441665128104987 -0.0136976997951777 -3.4e+38 -3.4e+38 -3.4e+38 -3.4e+38 -3.4e+38 -3.4e+38 -3.4e+38 -3.4e+38 -3.4e+38 -3.4e+38 -3.4e+38 -3.4e+38 -3.4e+38 -3.4e+38 -3.4e+38 -3.4e+38 -3.4e+38 -3.4e+38 -3.4e+38 -3.4e+38 -3.4e+38 -3.4e+38 -3.4e+38 -3.4e+38 -3.4e+38 -3.4e+38 -3.4e+38 -3.4e+38 -3.4e+38
0.0342493874956298 0.0298168937063992 0.013943888685269 0.00185401929477927 -0.00648000297747954 -0.0188367198303434 -0.029723220416851 -0.0586482898833819 -0.0525238957830097 -0.0523539597494641 -0.0804169664786187 -0.0857022549474092 -0.0941516099285126 -0.114982227925501 -0.162532426572093 -0.193896808468268 -0.173909035469828 -0.135368818070687 -0.0971268465546713 -0.0386258236246752 0.0384594438447204 0.0339961532402455 -3.4e+38 -3.4e+38 -3.4e+38 -3.4e+38 -3.4e+38 -3.4e+38 -3.4e+38 -3.4e+38 -3.4e+38 -3.4e+38 -3.4e+38 -3.4e+38 -3.4e+38 -3.4e+38 -3.4e+38 -3.4e+38 -3.4e+38 -3.4e+38 -3.4e+38 -3.4e+38 -3.4e+38 -3.4e+38 -3.4e+38 -3.4e+38 -3.4e+38 -3.4e+38 -3.4e+38 -3.4e+38
0.0202963811160475 0.0209664761555628 -0.00720613515484633 -0.0183080169142013 -0.0340926945511875 -0.021324909067337 -0.0504314457753646 -0.0713148587705913 -0.0485124718602311 -0.0380504576407068 -0.0521865822074613 -0.0900734438339578 -0.0790604688194139 -0.0890561505188228 -0.110452742495912 -0.166779986177187 -0.19559681425579 -0.158216590346213 -0.139581810774746 -0.0947682876165376 -0.00203885164105181 -0.00710555078943554 -0.0782933222907833 -3.4e+38 -3.4e+38 -3.4e+38 -3.4e+38 -3.4e+38 -3.4e+38 -3.4e+38 -3.4e+38 -3.4e+38 -3.4e+38 -3.4e+38 -3.4e+38 -3.4e+38 -3.4e+38 -3.4e+38 -3.4e+38 -3.4e+38 -3.4e+38 -3.4e+38 -3.4e+38 -3.4e+38 -3.4e+38 -3.4e+38 -3.4e+38 -3.4e+38 -3.4e+38 -3.4e+38
0.0226167554353784 0.0144974270506813 -0.0110798089464418 -0.028513944991312 -0.0245518516664925 -0.0299956786282891 -0.0361216300293518 -0.0552224373285788 -0.0615281972434941 -0.0474345428156889 -0.0470383605340437 -0.0717371073187914 -0.0791942418321623 -0.0839643006734983 -0.0950095035918091 -0.109589165574238 -0.138912729027436 -0.13218163585613 -0.131325330493838 -0.109444397405373 -0.0966869622151083 -0.0856583143962631 -0.113631286391748 -3.4e+38 -3.4e+38 -3.4e+38 -3.4e+38 -3.4e+38 -3.4e+38 -3.4e+38 -3.4e+38 -3.4e+38 -3.4e+38 -3.4e+38 -3.4e+38 -3.4e+38 -3.4e+38 -3.4e+38 -3.4e+38 -3.4e+38 -3.4e+38 -3.4e+38 -3.4e+38 -3.4e+38 -3.4e+38 -3.4e+38 -3.4e+38 -3.4e+38 -3.4e+38 -3.4e+38
0.0396791204532235 0.00287444869798885 -0.00528690830847778 -0.015885884558987 -0.00452689541498971 -0.0045046760005141 -0.0247378201277866 -0.045974617975772 -0.0581921321476345 -0.0475976147014319 -0.0463208344020702 -0.0592111667834178 -0.0747787172573055 -0.0941179480744727 -0.0954770240621595 -0.120960140439471 -0.107181655371263 -0.100585133230007 -0.104038298567935 -0.106159114673449 -0.108659660825417 -0.127239544749247 -0.154701824926141 -0.13583589089057 -3.4e+38 -3.4e+38 -3.4e+38 -3.4e+38 -3.4e+38 -3.4e+38 -3.4e+38 -3.4e+38 -3.4e+38 -3.4e+38 -3.4e+38 -3.4e+38 -3.4e+38 -3.4e+38 -3.4e+38 -3.4e+38 -3.4e+38 -3.4e+38 -3.4e+38 -3.4e+38 -3.4e+38 -3.4e+38 -3.4e+38 -3.4e+38 -3.4e+38 -3.4e+38
0.0266013152225774 -0.00521013920188728 -0.00490542510954818 -0.0115295054205441 -0.0108776663403342 -0.00159036626615833 -0.014113924699571 -0.0366119143718257 -0.0367449706761745 -0.0409669717776706 -0.0510700468552259 -0.073733690264614 -0.0931090928958461 -0.0882790332889256 -0.0978004005200674 -0.0996359683990982 -0.108309777619042 -0.107945027301152 -0.100552308480942 -0.102290759088955 -0.0972972464594204 -0.141888050559727 -0.111598142840776 -0.0551335227278956 -3.4e+38 -3.4e+38 -3.4e+38 -3.4e+38 -3.4e+38 -3.4e+38 -3.4e+38 -3.4e+38 -3.4e+38 -3.4e+38 -3.4e+38 -3.4e+38 -3.4e+38 -3.4e+38 -3.4e+38 -3.4e+38 -3.4e+38 -3.4e+38 -3.4e+38 -3.4e+38 -3.4e+38 -3.4e+38 -3.4e+38 -3.4e+38 -3.4e+38 -3.4e+38
0.0379777030880134 0.00521501085719336 -0.00424594462353188 -0.0274444133929018 -0.0299412004850378 -0.00431164592779461 0.000906864130396059 -0.00977736790144146 -0.0304088677504262 -0.0248269538965217 -0.0515361535332811 -0.078390261853929 -0.0921217367344829 -0.088814406028442 -0.0928680243905191 -0.0964957557837394 -0.0946299079368865 -0.0731428099748884 -0.0749984426031458 -0.0754387530362038 -0.113281354287069 -0.128721179268405 -0.0667302023738971 0.00856185466216801 0.033518809638735 -3.4e+38 -3.4e+38 -3.4e+38 -3.4e+38 -3.4e+38 -3.4e+38 -3.4e+38 -3.4e+38 -3.4e+38 -3.4e+38 -3.4e+38 -3.4e+38 -3.4e+38 -3.4e+38 -3.4e+38 -3.4e+38 -3.4e+38 -3.4e+38 -3.4e+38 -3.4e+38 -3.4e+38 -3.4e+38 -3.4e+38 -3.4e+38 -3.4e+38
0.0166192783262855 0.0065346618884951 -0.0102961465352641 -0.0157425383305813 -0.00736551191424502 -0.00330343018267869 0.0105029204841734 0.0043792021534164 -0.00776607398995854 -0.00252197415482889 -0.0239802745069978 -0.0537215794423255 -0.0675058148001844 -0.0814954839334979 -0.0894215978617604 -0.0961668349153901 -0.0832649791877543 -0.0694796621355424 -0.0783330609484491 -0.06063821018441 -0.107128966650893 -0.110798770886585 -0.0399722688206333 0.0125957038165631 0.0391085008296086 -3.4e+38 -3.4e+38 -3.4e+38 -3.4e+38 -3.4e+38 -3.4e+38 -3.4e+38 -3.4e+38 -3.4e+38 -3.4e+38 -3.4e+38 -3.4e+38 -3.4e+38 -3.4e+38 -3.4e+38 -3.4e+38 -3.4e+38 -3.4e+38 -3.4e+38 -3.4e+38 -3.4e+38 -3.4e+38 -3.4e+38 -3.4e+38 -3.4e+38
0.0025135986116828 -0.00789000586432865 -0.0183636588057886 -0.0365632242827901 -0.00663187918772573 0.0106245177689751 0.0241368439964652 0.0135056432547246 -0.00568882484433752 0.0161913419941777 -0.0101928701993572 -0.0422192077337352 -0.0644646798733772 -0.078567291700341 -0.0939508973099386 -0.0971563199958361 -0.0790362947214557 -0.0721799121557027 -0.0762644662942288 -0.0510772178796911 -0.103951758279244 -0.0996673752910649 -0.0633552902021762 0.00269559192986438 0.0336106921467715 -0.011427939036588 -3.4e+38 -3.4e+38 -3.4e+38 -3.4e+38 -3.4e+38 -3.4e+38 -3.4e+38 -3.4e+38 -3.4e+38 -3.4e+38 -3.4e+38 -3.4e+38 -3.4e+38 -3.4e+38 -3.4e+38 -3.4e+38 -3.4e+38 -3.4e+38 -3.4e+38 -3.4e+38 -3.4e+38 -3.4e+38 -3.4e+38 -3.4e+38
-0.00634513110562245 -0.00988751145146982 -0.018622584513041 -0.0277622834398014 -0.0185392318888909 0.00716246891785141 0.0131888692424927 0.00163483498330709 -0.0148445260281492 -0.00983432197628131 -0.0420924561128587 -0.0517366482096233 -0.038212115494087 -0.0653354344027572 -0.0873758438927702 -0.0866312364991164 -0.0642089716561807 -0.0423125728006574 -0.0538237563827135 -0.0576480437931121 -0.106140567644044 -0.114731064126119 -0.100283840800918 -0.0172751333719575 0.0439676472339058 0.0242228561846743 -0.0150034034317424 -3.4e+38 -3.4e+38 -3.4e+38 -3.4e+38 -3.4e+38 -3.4e+38 -3.4e+38 -3.4e+38 -3.4e+38 -3.4e+38 -3.4e+38 -3.4e+38 -3.4e+38 -3.4e+38 -3.4e+38 -3.4e+38 -3.4e+38 -3.4e+38 -3.4e+38 -3.4e+38 -3.4e+38 -3.4e+38 -3.4e+38
0.0288876912711015 0.00305450302685268 -0.0213231444487537 -0.0447308148081034 -0.00386445514790131 0.000500040839299071 -0.00771877192785107 -0.0315880744887482 -0.0313079714941138 -0.0319035650533559 -0.0191935765669549 -0.0275240101002123 -0.0316583971628425 -0.041532493842587 -0.0553476254368061 -0.0600851406971083 -0.0362145636679259 -0.0208937520942415 -0.0132175850134344 -0.0458077341959224 -0.0526108165233574 -0.114476559562874 -0.109020218176018 0.00462489968207472 0.0390927413669163 0.0453427592545648 0.0150495361456386 -0.0201703643686121 -3.4e+38 -3.4e+38 -3.4e+38 -3.4e+38 -3.4e+38 -3.4e+38 -3.4e+38 -3.4e+38 -3.4e+38 -3.4e+38 -3.4e+38 -3.4e+38 -3.4e+38 -3.4e+38 -3.4e+38 -3.4e+38 -3.4e+38 -3.4e+38 -3.4e+38 -3.4e+38 -3.4e+38 -3.4e+38
0.0378266499304996 0.0157431211770452 -0.001730974730747 -0.00691944168838623 -0.0352820990348065 -0.00175926555145281 -0.0139061506616977 -0.0336968506044113 -0.0297128554441554 -0.0471596613484875 -0.0397747768633205 -0.0469020666636473 -0.0341977423649202 -0.0409935673993096 -0.0474471331498794 -0.0496125381828499 -0.0265533211379705 -0.0312043703938972 -0.0452798795558572 -0.026634779960565 -0.0154916883988496 -0.103836585720038 -0.0740705169505276 0.0149264099840491 0.0378309681327653 0.0526668292201652 0.0386323207841094 -0.00368872706681729 -0.0593193216336436 -0.0770522915933718 -0.0841665270864474 -0.0806412832227444 -3.4e+38 -3.4e+38 -3.4e+38 -3.4e+38 -3.4e+38 -3.4e+38 -3.4e+38 -3.4e+38 -3.4e+38 -3.4e+38 -3.4e+38 -3.4e+38 -3.4e+38 -3.4e+38 -3.4e+38 -3.4e+38 -0.0136065369949716 -0.0101553840539457
0.0383973948607309 0.0366991231328489 0.016689195981503 -0.0160193765863754 -0.0201761892519032 -0.037662388977136 -0.0271441457588547 -0.0177490336753896 -0.0456869953556875 -0.0337967004059323 -0.0475128722491527 -0.0501284184421339 -0.0561899813595243 -0.0581842851606895 -0.0363064786340875 -0.0395890337481018 -0.0407368888009678 -0.0273667682298628 -0.055338677386907 -0.0492108000039708 0.0122918644552964 -0.0854272459950201 -0.0374516481288379 0.00209816965355844 0.0229737536892839 0.0464964319528769 0.0443977485696646 0.0138457180736214 -0.0358229598544889 -0.0430590079693086 -0.038928112946724 -0.0791268545314779 -0.0587087616123455 -0.0385049595332821 -3.4e+38 -3.4e+38 -3.4e+38 -3.4e+38 -3.4e+38 -3.4e+38 -3.4e+38 -3.4e+38 -3.4e+38 -3.4e+38 -3.4e+38 -3.4e+38 -0.0202136875505293 -0.0225922110710038 -0.0195004700513291 -0.0110317258962803
-0.00451154237055485 0.028631982157259 -0.0039241005121791 0.000113080478479705 -0.00845226167624075 -0.0442918501569897 -0.0417563734660664 -0.0327100551743579 -0.0440106934697053 -0.0405052206689194 -0.0470700510121405 -0.0559283729010949 -0.0555917401773266 -0.0700587593025954 -0.0436801633603506 -0.0273381011419283 -0.0292833740893963 -0.0392773947800022 -0.0451830602618424 -0.0363701967643025 -0.0142903509034942 -0.0603804567913496 -0.119541398508188 0.000496532329127653 0.0263083394766684 0.0316035355969329 0.0395868310423348 0.0230507100529272 -0.0319397098163773 -0.0592702019425774 -0.0465742846114924 -0.0525913495349182 -0.0345278975708434 -0.00595085677271565 -0.022751608094081 -3.4e+38 -3.4e+38 -3.4e+38 -3.4e+38 -3.4e+38 -3.4e+38 -0.0607622602837196 -0.0667111903671417 -0.0761323162841647 -0.0685189888363303 -0.0313057456305625 -0.00863563087935337 -0.0198311532996305 -0.0163336327642839 -0.00945642520908915
0.0080984878481851 0.00762078715936429 0.0137259179689314 0.0179453084124533 -0.00815397755058145 -0.0348676815536045 -0.0328852242961323 -0.0227566058573791 -0.0408587069453892 -0.0303080326574969 -0.0386523439985503 -0.0437363161949392 -0.0540116377683054 -0.0633295599029239 -0.0546693961679708 -0.0254069457187214 -0.0550515031247614 -0.0545585708928044 -0.0489594233770966 -0.0320317969151172 -0.0350134766001518 -0.0589012174660664 -0.108024902042452 -0.124450192929825 -0.0324901835869246 -0.0239796818196063 0.00318028534926697 0.00253589638937403 -0.011861754775676 -0.0183235493475152 -0.0290757688970641 -0.0192769064998362 -0.040421875004826 -0.0187117122150506 -0.0561102679608934 -0.0510376752431938 -0.0680700808175448 -0.0656967321085969 -0.10411938237081 -0.0838284670414288 -0.071207225870468 -0.0752383190679538 -0.0564669275662923 -0.0308531129188965 -0.0257892355083361 0.000574274183803167 -0.0140420047786527 -0.00170322276423316 0.00648384545521288 -0.0188445886009525
