data/pcas/pcas_can_585/pca_referenceLayers_can_585/PC15.asc
NCOLS 494 
NROWS 529 
XLLCORNER -117.166666666667 
YLLCORNER -55.5 
CELLSIZE 0.166666666666667 
NODATA_value -3.4e+38 
[rows 88 to 109 of 529, columns 150 to 199 of 494]
-0.0331348648196905 -0.0445842021954447 -0.0530642424637913 -0.0217642215991462 -0.0303984061083727 -0.0416557059097399 -0.0540398231645663 -0.0536317688956754 -0.0366091302779898 -0.0294580095308846 -0.0445724483372801 -0.063947345158919 -0.0800124189888275 -0.104274674040788 -0.106887838118761 -0.107825835908471 -0.10514957134798 -0.0884748505673839 -0.0927339506125205 -0.123444399651661 -0.157698871297559 -0.152001455441769 -0.134076208843994 -3.4e+38 -3.4e+38 -3.4e+38 -3.4e+38 -3.4e+38 -3.4e+38 -3.4e+38 -3.4e+38 -3.4e+38 -3.4e+38 -3.4e+38 -3.4e+38 -3.4e+38 -3.4e+38 -3.4e+38 -3.4e+38 -3.4e+38 -3.4e+38 -3.4e+38 -3.4e+38 -3.4e+38 -3.4e+38 -3.4e+38 -3.4e+38 -3.4e+38 -3.4e+38 -3.4e+38
-0.0316997219819392 -0.0788750333741138 -0.0724954174649589 -0.0463054582708045 -0.0387609262437194 -0.0580823957293497 -0.0750497293619825 -0.0686191821158959 -0.0614900660657789 -0.0485557127450476 -0.0587177803538478 -0.0720394635896379 -0.0948427850701692 -0.103197442993903 -0.103851460339309 -0.112627908444515 -0.105309370975169 -0.103985861683505 -0.103298370527723 -0.147126122610548 -0.165315482260962 -0.122905495141241 -0.106375737763896 -3.4e+38 -3.4e+38 -3.4e+38 -3.4e+38 -3.4e+38 -3.4e+38 -3.4e+38 -3.4e+38 -3.4e+38 -3.4e+38 -3.4e+38 -3.4e+38 -3.4e+38 -3.4e+38 -3.4e+38 -3.4e+38 -3.4e+38 -3.4e+38 -3.4e+38 -3.4e+38 -3.4e+38 -3.4e+38 -3.4e+38 -3.4e+38 -3.4e+38 -3.4e+38 -3.4e+38
-0.075749594000897 -0.115423135539312 -0.0998168322908422 -0.0757563658418891 -0.078668456441159 -0.0863942307916203 -0.0752779173921481 -0.0692582789129963 -0.0596658760117982 -0.0645163991955877 -0.0695096362691297 -0.0854286103324353 -0.0930942518943562 -0.101639269910413 -0.107504011136375 -0.118278446804997 -0.113969581337303 -0.100527685376869 -0.117979016079673 -0.145179990736145 -0.155249979515497 -0.118866393784159 -0.107980264002568 -3.4e+38 -3.4e+38 -3.4e+38 -3.4e+38 -3.4e+38 -3.4e+38 -3.4e+38 -3.4e+38 -3.4e+38 -3.4e+38 -3.4e+38 -3.4e+38 -3.4e+38 -3.4e+38 -3.4e+38 -3.4e+38 -3.4e+38 -3.4e+38 -3.4e+38 -3.4e+38 -3.4e+38 -3.4e+38 -3.4e+38 -3.4e+38 -3.4e+38 -3.4e+38 -3.4e+38
-0.136936030786286 -0.135851735193046 -0.114839323709139 -0.0998209933351594 -0.0843499206339428 -0.0872220068223319 -0.0856697517604078 -0.0819980497770856 -0.0728241965571353 -0.0748028502598689 -0.0737456796378635 -0.0853075658198357 -0.0943462208135 -0.110208800178676 -0.11850939784344 -0.120920836852211 -0.117467959648828 -0.116236639098264 -0.132316728434521 -0.158546872944007 -0.165126317874537 -0.153616755489606 -0.132442097712529 -3.4e+38 -3.4e+38 -3.4e+38 -3.4e+38 -3.4e+38 -3.4e+38 -3.4e+38 -3.4e+38 -3.4e+38 -3.4e+38 -3.4e+38 -3.4e+38 -3.4e+38 -3.4e+38 -3.4e+38 -3.4e+38 -3.4e+38 -3.4e+38 -3.4e+38 -3.4e+38 -3.4e+38 -3.4e+38 -3.4e+38 -3.4e+38 -3.4e+38 -3.4e+38 -3.4e+38
-0.101738931234877 -0.106279452554752 -0.0952730623641989 -0.0940906849812806 -0.0955023860720681 -0.103767738281233 -0.104991745509969 -0.0941828961621238 -0.0915507465408851 -0.0912274846195537 -0.0903534238009728 -0.0939903561548113 -0.104641533949079 -0.115393629743652 -0.121273624474299 -0.117998234490111 -0.129261047953522 -0.138950387980932 -0.13352240471628 -0.156432372189236 -0.157969641035538 -0.161966161589122 -0.147057789823482 -3.4e+38 -3.4e+38 -3.4e+38 -3.4e+38 -3.4e+38 -3.4e+38 -3.4e+38 -3.4e+38 -3.4e+38 -3.4e+38 -3.4e+38 -3.4e+38 -3.4e+38 -3.4e+38 -3.4e+38 -3.4e+38 -3.4e+38 -3.4e+38 -3.4e+38 -3.4e+38 -3.4e+38 -3.4e+38 -3.4e+38 -3.4e+38 -3.4e+38 -3.4e+38 -3.4e+38
-0.0728867284868258 -0.0848337762575555 -0.099188316989859 -0.104197810062558 -0.115004142924493 -0.127202035401741 -0.126929927352683 -0.112536795376476 -0.107364959007004 -0.104801886493885 -0.108187509998281 -0.12020052006853 -0.122702574641754 -0.108091582559178 -0.109849427515291 -0.122934032110297 -0.140572718934418 -0.144404647088919 -0.140014742436599 -0.141168869488418 -0.125329277216229 -0.13375561534787 -0.121600016779551 -3.4e+38 -3.4e+38 -3.4e+38 -3.4e+38 -3.4e+38 -3.4e+38 -3.4e+38 -3.4e+38 -3.4e+38 -3.4e+38 -3.4e+38 -3.4e+38 -3.4e+38 -3.4e+38 -3.4e+38 -3.4e+38 -3.4e+38 -3.4e+38 -3.4e+38 -3.4e+38 -3.4e+38 -3.4e+38 -3.4e+38 -3.4e+38 -3.4e+38 -3.4e+38 -3.4e+38
-0.110594082519924 -0.0991730616022095 -0.102892136862224 -0.116300165660543 -0.125547553440829 -0.146452692417275 -0.149963696609178 -0.118090494672141 -0.123405670257038 -0.139099855566818 -0.150221662133423 -0.171168614801728 -0.132757407612949 -0.101089541170034 -0.114119399710995 -0.124418574253387 -0.122438882916815 -0.115295703486224 -0.14233168528773 -0.132083153883015 -0.09128181875688 -0.113630130056329 -0.144769601227421 -3.4e+38 -3.4e+38 -3.4e+38 -3.4e+38 -3.4e+38 -3.4e+38 -3.4e+38 -3.4e+38 -3.4e+38 -3.4e+38 -3.4e+38 -3.4e+38 -3.4e+38 -3.4e+38 -3.4e+38 -3.4e+38 -3.4e+38 -3.4e+38 -3.4e+38 -3.4e+38 -3.4e+38 -3.4e+38 -3.4e+38 -3.4e+38 -3.4e+38 -3.4e+38 -3.4e+38
-0.135872435073988 -0.129301959396106 -0.12555544661459 -0.13727766277509 -0.148417439583241 -0.148687595967672 -0.157926932856652 -0.147120419728827 -0.151425137611475 -0.176540691363017 -0.174411241932228 -0.150858409417727 -0.147553831729453 -0.128335362582306 -0.107813006152526 -0.107883381597262 -0.10194617820999 -0.10213366742808 -0.134904277550602 -0.159542804921514 -0.145628183515564 -0.161553315767761 -0.163894905131795 -3.4e+38 -3.4e+38 -3.4e+38 -3.4e+38 -3.4e+38 -3.4e+38 -3.4e+38 -3.4e+38 -3.4e+38 -3.4e+38 -3.4e+38 -3.4e+38 -3.4e+38 -3.4e+38 -3.4e+38 -3.4e+38 -3.4e+38 -3.4e+38 -3.4e+38 -3.4e+38 -3.4e+38 -3.4e+38 -3.4e+38 -3.4e+38 -3.4e+38 -3.4e+38 -3.4e+38
-0.14824334685769 -0.160655674967904 -0.133426508680312 -0.140855841766075 -0.152262633169223 -0.159448184570829 -0.159763927037473 -0.177213272239765 -0.190518895478294 -0.176577627082203 -0.170350172289196 -0.161049186993545 -0.152559605068745 -0.12807345526855 -0.0978459946046141 -0.0845908183929924 -0.0790411107203453 -0.0828756152707957 -0.111480588819716 -0.133923523528419 -0.125402180491507 -0.161443629185102 -0.175470999075716 -3.4e+38 -3.4e+38 -3.4e+38 -3.4e+38 -3.4e+38 -3.4e+38 -3.4e+38 -3.4e+38 -3.4e+38 -3.4e+38 -3.4e+38 -3.4e+38 -3.4e+38 -3.4e+38 -3.4e+38 -3.4e+38 -3.4e+38 -3.4e+38 -3.4e+38 -3.4e+38 -3.4e+38 -3.4e+38 -3.4e+38 -3.4e+38 -3.4e+38 -3.4e+38 -3.4e+38
-0.124264753939698 -0.147694129159443 -0.111389950266381 -0.15145197986561 -0.123952181608539 -0.158561087122153 -0.165335703907987 -0.201223838628831 -0.200906280198853 -0.186490025188896 -0.16913220237444 -0.161227072645876 -0.153305979359174 -0.112325182188059 -0.0861915544178584 -0.0662891873307494 -0.0514575448050653 -0.0788081884723695 -0.0674133520204486 -0.0396934549047225 -0.0784306893822561 -0.135001368907915 -3.4e+38 -3.4e+38 -3.4e+38 -3.4e+38 -3.4e+38 -3.4e+38 -3.4e+38 -3.4e+38 -3.4e+38 -3.4e+38 -3.4e+38 -3.4e+38 -3.4e+38 -3.4e+38 -3.4e+38 -3.4e+38 -3.4e+38 -3.4e+38 -3.4e+38 -3.4e+38 -3.4e+38 -3.4e+38 -3.4e+38 -3.4e+38 -3.4e+38 -3.4e+38 -3.4e+38 -3.4e+38
-0.101226502744983 -0.109900856850232 -0.104861232128204 -0.152625501786603 -0.131506587701787 -0.152726908059246 -0.196928917623674 -0.221767101790613 -0.216084593503072 -0.193246026341392 -0.176223983075775 -0.168478326202512 -0.153628190017428 -0.10730705169074 -0.0728227595109156 -0.0494506945578048 -0.0288882987811888 -0.0190124280025905 0.0191174653048728 0.0272215833553604 -3.4e+38 -3.4e+38 -3.4e+38 -3.4e+38 -3.4e+38 -3.4e+38 -3.4e+38 -3.4e+38 -3.4e+38 -3.4e+38 -3.4e+38 -3.4e+38 -3.4e+38 -3.4e+38 -3.4e+38 -3.4e+38 -3.4e+38 -3.4e+38 -3.4e+38 -3.4e+38 -3.4e+38 -3.4e+38 -3.4e+38 -3.4e+38 -3.4e+38 -3.4e+38 -3.4e+38 -3.4e+38 -3.4e+38 -3.4e+38
-0.108246474693422 -0.128754145774327 -0.0889621080170126 -0.154528530224589 -0.196946279133495 -0.219317351950287 -0.187892967321388 -0.236066501356326 -0.22186681849225 -0.205809879328938 -0.180745546264177 -0.16835126111802 -0.155857095103353 -0.119402652978315 -0.0733650670617706 -0.0460594382810721 -0.0219429574669443 0.0120670531352896 0.0289283299465679 0.0250578120351208 -3.4e+38 -3.4e+38 -3.4e+38 -3.4e+38 -3.4e+38 -3.4e+38 -3.4e+38 -3.4e+38 -3.4e+38 -3.4e+38 -3.4e+38 -3.4e+38 -3.4e+38 -3.4e+38 -3.4e+38 -3.4e+38 -3.4e+38 -3.4e+38 -3.4e+38 -3.4e+38 -3.4e+38 -3.4e+38 -3.4e+38 -3.4e+38 -3.4e+38 -3.4e+38 -3.4e+38 -3.4e+38 -3.4e+38 -3.4e+38
-0.127470921626733 -0.142721289856371 -0.144540639208164 -0.139151314544906 -0.126312865853107 -0.249236647718269 -0.208701169100219 -0.261382661962341 -0.230914604054767 -0.189948740745611 -0.137703246375129 -0.160874454884663 -0.187716168347975 -0.139923688380197 -0.102989111019679 -0.0734219133243223 -0.0386036749349753 -0.00903562275183135 -0.0198165984880339 -3.4e+38 -3.4e+38 -3.4e+38 -3.4e+38 -3.4e+38 -3.4e+38 -3.4e+38 -3.4e+38 -3.4e+38 -3.4e+38 -3.4e+38 -3.4e+38 -3.4e+38 -3.4e+38 -3.4e+38 -3.4e+38 -3.4e+38 -3.4e+38 -3.4e+38 -3.4e+38 -3.4e+38 -3.4e+38 -3.4e+38 -3.4e+38 -3.4e+38 -3.4e+38 -3.4e+38 -3.4e+38 -3.4e+38 -3.4e+38 -3.4e+38
-0.13398076008399 -0.154248977734404 -0.149522986575486 -0.137057996894398 -0.112307058941329 -0.201914302712764 -0.29322428751048 -0.317235077127 -0.261423934433759 -0.171869760060056 -0.0948305595692754 -0.149255121837752 -0.201728492667492 -0.172199144795706 -0.148917245534121 -0.114314223191365 -0.0707442277937021 -0.0323262106935966 -0.0461780409943397 -0.091721642435391 -0.119951871511014 -3.4e+38 -0.119744668528022 -3.4e+38 -3.4e+38 0.0987770748912261 0.0966135782372264 0.091014597190335 -3.4e+38 0.0401886301838739 -3.4e+38 -3.4e+38 -3.4e+38 0.115721661087579 -3.4e+38 0.0498119656693345 0.114823092823909 0.0722280850702617 0.00528939613471389 -0.0204020741945784 -0.0662231527726964 -0.106230488678433 -0.15008644851636 -0.110150045155384 -0.101076691270076 -3.4e+38 -0.0871392554082471 -3.4e+38 -3.4e+38 -3.4e+38
-0.132136306446266 -0.153159574499801 -0.167204679443162 -0.130702829599194 -0.142727549438887 -0.113760007577486 -0.145945290256035 -0.27716415517613 -0.331677432828209 -0.226324333358731 -0.144543674816323 -0.209147823455188 -0.223534890075311 -0.203197219167364 -0.082034346757163 -0.124280749196269 -0.0870126430722106 -0.060404758965609 -0.0755589597463369 -0.0946739345082422 -0.111994527424819 -0.140995914215936 -0.110078523689636 -0.0967451665779382 -0.0613120665047592 0.0252501504080055 -0.000247078213803092 0.0492901900121926 0.0251398681195011 0.0698488588923871 0.0673708884402323 -0.0120814504722486 -0.020351857577302 -0.0361280835232904 0.00159603574226457 0.13871381337206 0.0992855609102897 -0.0636160601681257 -0.0685047467560439 0.0617065394823947 -0.00459950314830848 -0.055047413618567 -0.0672631876373656 -0.0891319734026533 -0.0979919315878475 -0.0761599831365584 -0.037909846876561 0.015539398982705 -3.4e+38 -3.4e+38
-0.194224943865473 -0.184398397944935 -0.230830991384256 -0.158340184398243 -0.13743443321404 -0.14134037149558 -0.137081494036315 -0.122409007816194 -0.160659718822975 -0.228412887651563 -0.149304101666385 -0.136250871587182 -0.158899915339601 -0.150377449952369 -0.0305667620013823 0.0344895028645185 0.00792443991848576 -0.0335945543864892 -0.0890647517226779 -0.0957910165332672 -0.120321272174698 -0.0847353125240846 -0.0555591275295898 -0.0578696294480759 -0.0545600014822273 -0.0489960923798096 2.18840272020009e-05 0.0461566882635569 0.0107829737677278 0.00428585968144103 0.0319897266802053 0.032556235196119 -0.0123647944433296 -0.0461693655090532 -0.0480197745781217 -0.0370293284261297 -0.0120632668680727 -0.0209731172528366 -0.0724782321707066 -0.115426794535922 -0.104635448044567 -0.0285072861339886 -0.0464913793474865 -0.0539317961343071 -0.06920920137034 -0.0588503555648757 -0.0209295939445238 0.020962196262714 -3.4e+38 -3.4e+38
-0.176567318574009 -0.165974498535495 -0.177610563629752 -0.210996986537397 -0.226491460322163 -0.227133427733414 -0.207111811372201 -0.184114127374797 -0.142477566171899 -0.164975592250574 -0.169952382043961 -0.122120371797156 -0.086625091418945 -0.0591114114694858 -0.0208141465977657 -0.00515857739008431 -0.0265737134979594 -0.0601334162420103 -0.102281720098994 -0.120992810198607 -0.091845965967206 -0.0462966171193509 -0.020745592104976 -0.0248932783992055 -0.0241481234497647 -0.0246557568672164 0.00191348712940077 0.0286436455074437 0.033595809875335 0.0436554967974498 0.032506835560126 0.0165886591422446 -0.00466638564424723 -0.0222316659729987 -0.025640077741212 -0.0283273419852659 -0.0207216255157165 -0.0231652853333136 -0.0700221175328567 -0.0797835121489633 -0.0982391312708747 -0.0879882141435192 -0.067896393461685 -0.0597351722541586 -0.0694064899061155 -0.0372430704330223 -0.0109118801118983 -0.0250293675248857 -0.0373078392537607 -0.0282097894925058
-0.233908569177965 -0.201839815361665 -0.174440824095589 -0.151484900340098 -0.155479351825423 -0.200919469146755 -0.199282166027055 -0.202537121609642 -0.166225677178526 -0.169824169415775 -0.17572104349349 -0.155196261081229 -0.0919426116951047 -0.0751296947221328 -0.0950960548329074 -0.0629182362027582 -0.0616895421711072 -0.0550822522966565 -0.064724752846229 -0.0849341711428725 -0.0604582423212477 -0.0335937799293819 -0.0205590851095238 -0.0251910661902088 -0.024108508470756 -0.0100370361791704 0.0163900083671125 0.0392497814516894 0.04327756183331 0.0251426799156049 0.0113583563262276 0.0193021778751711 -0.0117364047608424 -0.030997347369724 -0.0385692415815533 -0.0425230793963272 -0.00676574181884636 -0.0280405663567021 -0.0581268988072179 -0.0660084746640552 -0.0724603024290937 -0.0684302271723739 -0.0332567890684566 -0.037496635258432 -0.0357364197271558 -0.0565166656921849 -0.05038305558061 -0.087317598809942 -0.0928629702054401 -0.0772383161002644
-0.275832547663056 -0.347635374823373 -0.197581387831066 -0.14266922935154 -0.123015626316882 -0.124615697234313 -0.221437973974647 -0.188748703872384 -0.163729939084137 -0.182456085194829 -0.173200110075156 -0.135055679416088 -0.11960595380271 -0.0775029743741738 -0.0479164195782559 -0.0472154712094876 -0.0494988808897321 -0.0478615995660641 -0.0318537935679626 -0.0462384974987148 -0.0375085089152515 -0.00578481969271283 0.00773911975217622 -0.0238901275046745 -0.0148918621785058 -0.0344940102633426 -0.0160728813937214 0.0415874958661788 0.0043365900926157 -0.0130321492002865 -0.00252203011897296 0.0191936576934166 -0.00624225378674519 -0.0233782800367884 -0.0365715035508141 -0.0415027544615425 -0.0658370464767725 -0.0500431147299133 -0.0127845663905968 -0.0368171103510984 -0.0398506687385181 -0.0298856518097706 -0.0196228067925564 -0.0192353409980733 -0.0269085413625913 -0.0359646778388539 -0.0414473102708626 -0.0605464737710604 -0.0721308220393443 -0.0860864198196147
-0.198641671086861 -0.3138219181402 -0.348978725370261 -0.219599307434577 -0.177947918838812 -0.205898115259133 -0.196649287262056 -0.160734001040756 -0.138272046101408 -0.120470266664446 -0.135023618605276 -0.120676838624738 -0.0950353328979187 -0.0772222935229696 -0.0684579732350432 -0.0506789717367233 -0.0565784284287211 -0.0670557415831492 -0.05364883778235 -0.0643106751216842 -0.0391521372679714 0.00319582036405037 0.0160444820418784 -0.0327592651039384 -0.0557515736076175 0.00618572600751828 -0.00361304741621539 0.0257779659997762 0.0174394852495123 -0.0182642814765946 0.0021930948799668 0.00100351815336955 0.0115630339042037 -0.0179265060593645 -0.034173472397985 -0.0184729603760019 -0.0168464221240896 -0.00604196040327831 -0.0125214628233663 -0.025610927711859 -0.0176156308924444 -0.00918235125037153 -0.0077223671504704 -0.0135284692096788 -0.00944829116909288 -0.0200249966790751 -0.0373554753460594 -0.0544962108649017 -0.0595169108501803 -0.0685676102877069
-0.161057805631486 -0.212082097031525 -0.313258925670288 -0.36308069184417 -0.330552409895716 -0.275403040646269 -0.261776889333238 -0.181906228361535 -0.132189409057371 -0.106370473261855 -0.122379729292421 -0.125591480400702 -0.100648642032121 -0.0896300075359932 -0.0625879702605082 -0.0417697821117778 -0.0750930434218286 -0.0789151371832726 -0.0477122623061654 -0.0829995200021713 -0.0195829968022336 -0.0638196149690532 -0.0344319089634451 -0.0448990331350164 -0.0372730321536003 -0.0301566942752489 -0.0244308250750826 -0.0255610093626626 -0.00954019287635121 -0.00197925077782663 0.000723616353219953 -0.000654087349766415 0.0196514630429205 0.000313675307652804 -0.00574091721374396 -0.0050855867790752 -0.0096596983596788 -0.012999955798818 -0.0259382331364242 -0.0173586290352355 -0.0109464370183544 -0.00335768880639223 0.00389101503482114 0.000548062813559754 0.0086759920581719 -0.00875416276674157 -0.0251301609981503 -0.0234536785569633 -0.052486370342077 -0.0631367393510112
-3.4e+38 -0.168531235144021 -0.218660917962268 -0.25814980775228 -0.298261631574083 -0.335010705127863 -0.365345349923325 -0.333890181558798 -0.249269345790532 -0.143534841830532 -0.167896374184301 -0.145940168305337 -0.10817320216224 -0.103537346608191 -0.0822237143958259 -0.054767316881378 -0.0795703036375554 -0.0854672491656549 -0.0836669720189812 -0.0842205680830271 -0.082394987241285 -0.0900758739143979 -0.0713062148796061 -0.0674939611680491 -0.0811205474346521 -0.0709162221948911 -0.0614003680105972 -0.0460384594097096 -0.00377410015103944 -0.00133071464927901 -0.0037718973531954 -0.00156249563752501 0.0123548584865821 0.00605601446107564 0.01058393939101 -0.000359731137718752 -0.0301523310367796 -0.0369724910125566 -0.0325236949381669 -0.02549653376272 -0.00724944088762895 0.00492571309231662 0.0154856526947084 0.0131445728099013 0.0212326674184541 0.00168157510545402 -0.015350901103174 -0.0218408161204719 -0.0392802802832848 -0.05269980831141
