data/pcas/pcas_can_585/pca_referenceLayers_can_585/PC15.asc
NCOLS 494 
NROWS 529 
XLLCORNER -117.166666666667 
YLLCORNER -55.5 
CELLSIZE 0.166666666666667 
NODATA_value -3.4e+38 
[rows 374 to 395 of 529, columns 250 to 299 of 494]
-3.4e+38 -3.4e+38 -3.4e+38 -3.4e+38 -3.4e+38 -3.4e+38 -3.4e+38 -3.4e+38 -3.4e+38 -3.4e+38 -3.4e+38 -3.4e+38 -3.4e+38 -3.4e+38 -3.4e+38 -3.4e+38 -3.4e+38 -3.4e+38 -3.4e+38 -3.4e+38 -3.4e+38 -3.4e+38 -3.4e+38 -3.4e+38 -3.4e+38 -0.0479795058704033 -0.037536774510286 -0.0452932006119392 -0.0408610107997338 -0.0265680952208032 -0.0188482535573439 -0.0171538016104776 -0.0137467586937241 -0.00231926488127967 0.00141534353975453 -5.98919172312903e-05 0.0600620153060215 0.0489700457042633 0.0304510340971632 0.0365070779747454 0.0251727940568681 0.0124209782132839 0.00561043152783191 0.0161884694937232 0.0201242492773191 0.0265219989292702 0.0313973914478523 0.0362428696923123 0.0333392326388403 0.0225307485499906
-3.4e+38 -3.4e+38 -3.4e+38 -3.4e+38 -3.4e+38 -3.4e+38 -3.4e+38 -3.4e+38 -3.4e+38 -3.4e+38 -3.4e+38 -3.4e+38 -3.4e+38 -3.4e+38 -3.4e+38 -3.4e+38 -3.4e+38 -3.4e+38 -3.4e+38 -3.4e+38 -3.4e+38 -3.4e+38 -3.4e+38 -3.4e+38 -3.4e+38 -3.4e+38 -0.046617497266053 -0.0348074387107679 -0.0422965340746994 -0.0369651284787615 -0.0265511772346149 -0.0197407939666888 -0.013018809983024 -0.0111698846295937 -0.00293314674366211 -0.00330709498292012 0.0554551443036288 0.0278951793686418 0.022501433758614 0.0320808091649757 0.0132653529042983 0.0142555966860072 0.00311304201561038 0.00952044047520924 0.0145731757781709 0.028227414707684 0.0316846923106232 0.0359964421720538 0.0358231980335991 0.024946368113554
-3.4e+38 -3.4e+38 -3.4e+38 -3.4e+38 -3.4e+38 -3.4e+38 -3.4e+38 -3.4e+38 -3.4e+38 -3.4e+38 -3.4e+38 -3.4e+38 -3.4e+38 -3.4e+38 -3.4e+38 -3.4e+38 -3.4e+38 -3.4e+38 -3.4e+38 -3.4e+38 -3.4e+38 -3.4e+38 -3.4e+38 -3.4e+38 -3.4e+38 -0.0478254879576044 -0.0386919925980844 -0.0383195569202928 -0.0439281987092684 -0.0327576517913496 -0.0310602168496288 -0.0211685396836516 -0.0140038691310304 -0.0183943033591013 -0.00838072426269861 0.0528095389641058 0.0479536482288801 0.0207831019218805 0.0151925239932058 0.027495902282934 0.000844375236039481 4.83499256945588e-05 0.00504512454606193 0.00679714485886989 0.0141633367911762 0.018591077803286 0.0241674554510612 0.0340577751331737 0.0278987892234443 0.0265900983397075
-3.4e+38 -3.4e+38 -3.4e+38 -3.4e+38 -3.4e+38 -3.4e+38 -3.4e+38 -3.4e+38 -3.4e+38 -3.4e+38 -3.4e+38 -3.4e+38 -3.4e+38 -3.4e+38 -3.4e+38 -3.4e+38 -3.4e+38 -3.4e+38 -3.4e+38 -3.4e+38 -3.4e+38 -3.4e+38 -3.4e+38 -3.4e+38 -0.0491409202585503 -0.0412680846497987 -0.0376621283757378 -0.0390445076181403 -0.0378797015557839 -0.0273765286934242 -0.0295426366379122 -0.0277929217406062 -0.0150248538099327 -0.01859872815667 -0.00527382191260914 0.0566946199633921 0.042087212918054 0.0224896377165695 0.0134757654876957 0.0144822922510531 -0.00743677715361723 -0.000647878251962133 0.00282184793681189 0.0101280072112828 0.015318215589993 0.0235517010334253 0.0229375526650199 0.0229251766878061 0.0237808122120459 0.02218130641268
-3.4e+38 -3.4e+38 -3.4e+38 -3.4e+38 -3.4e+38 -3.4e+38 -3.4e+38 -3.4e+38 -3.4e+38 -3.4e+38 -3.4e+38 -3.4e+38 -3.4e+38 -3.4e+38 -3.4e+38 -3.4e+38 -3.4e+38 -3.4e+38 -3.4e+38 -3.4e+38 -3.4e+38 -3.4e+38 -3.4e+38 -0.0335327262420078 -0.0416126978061069 -0.0390643967771264 -0.0419753536749843 -0.0358179022688389 -0.0376400210062634 -0.0272133042097425 -0.0269844231120479 -0.0237190622397885 -0.0212253734270524 -0.0150566876604018 -0.0265014055203666 0.0507949951826038 0.0387637474701721 0.0219686737637478 0.0180994292297089 0.0225679170525005 -0.000109110333139522 0.00243356668338745 0.00540459458422189 0.00410094536089804 0.00954543908448079 0.0181763827564951 0.0193827259763201 0.0233955587963822 0.0168729129833799 0.0162427007124725
-3.4e+38 -3.4e+38 -3.4e+38 -3.4e+38 -3.4e+38 -3.4e+38 -3.4e+38 -3.4e+38 -3.4e+38 -3.4e+38 -3.4e+38 -3.4e+38 -3.4e+38 -3.4e+38 -3.4e+38 -3.4e+38 -3.4e+38 -3.4e+38 -3.4e+38 -3.4e+38 -3.4e+38 -3.4e+38 -3.4e+38 -0.0321661020630672 -0.0402713727548001 -0.0495766009520443 -0.0407275763129435 -0.0315294466363448 -0.0298359622825268 -0.0211353961523157 -0.01974781044142 -0.0155453207094742 -0.00945656111781246 -0.00773817680969499 -0.010931228739578 -0.0040700808324577 0.041114796073367 0.0232886255889873 0.0266230087964764 0.024146446394904 0.00613649752664023 0.0040854910163606 0.00706579924762217 0.00618439025787513 0.00943176986980236 0.0124383546030007 0.0250362830925884 0.0163099894877382 0.0167668905094656 0.0373116457420819
-3.4e+38 -3.4e+38 -3.4e+38 -3.4e+38 -3.4e+38 -3.4e+38 -3.4e+38 -3.4e+38 -3.4e+38 -3.4e+38 -3.4e+38 -3.4e+38 -3.4e+38 -3.4e+38 -3.4e+38 -3.4e+38 -3.4e+38 -3.4e+38 -3.4e+38 -3.4e+38 -3.4e+38 -3.4e+38 -3.4e+38 -0.0357432715069683 -0.0411267907840044 -0.0429823796668045 -0.042021926987232 -0.0450180476364987 -0.0265280076098103 -0.0205721038313393 -0.0205313895180935 -0.0158145869884433 -0.00920908792230344 -0.00855037498853052 -0.00793887779634231 0.0595829101696613 0.0504893622686109 0.0290888561817052 0.0292006529328521 0.0157133284717318 0.00980567498942966 0.00636114545422053 0.00900367100737752 0.0125809511748668 0.0169295488817548 0.0168547362666096 0.0279457355463361 0.0215804902087746 0.0184685413551954 0.0386262344944108
-3.4e+38 -3.4e+38 -3.4e+38 -3.4e+38 -3.4e+38 -3.4e+38 -3.4e+38 -3.4e+38 -3.4e+38 -3.4e+38 -3.4e+38 -3.4e+38 -3.4e+38 -3.4e+38 -3.4e+38 -3.4e+38 -3.4e+38 -3.4e+38 -3.4e+38 -3.4e+38 -3.4e+38 -3.4e+38 -3.4e+38 -0.0271770766003619 -0.0309555382718647 -0.0349404887536368 -0.0349481083590929 -0.0326237176172084 -0.0221025546316845 -0.0192269723142475 -0.0166624841759717 -0.010673290527167 -0.0092558889938656 -0.00598020620941857 -0.00963718909216867 0.0562401261558244 0.0438684422251516 0.0385918214172454 0.0398548886070885 0.0102414890340964 0.0117145366754432 0.00688166829763946 0.00879325586329694 0.0127458947507069 0.0173793484758798 0.0209897434520715 0.0208997515634141 0.0299692248859165 0.0247416393118405 0.033730904560493
-3.4e+38 -3.4e+38 -3.4e+38 -3.4e+38 -3.4e+38 -3.4e+38 -3.4e+38 -3.4e+38 -3.4e+38 -3.4e+38 -3.4e+38 -3.4e+38 -3.4e+38 -3.4e+38 -3.4e+38 -3.4e+38 -3.4e+38 -3.4e+38 -3.4e+38 -3.4e+38 -3.4e+38 -3.4e+38 -3.4e+38 -0.028852751781938 -0.0303700638237517 -0.0288558994785323 -0.0349442886728898 -0.0230893663802469 -0.0240131131614115 -0.0150598090501037 -0.0114411127307913 -0.0134888377754296 -0.0149592140472942 -0.0221488496450509 -0.00666144760690236 0.055311018482538 0.0406102677596685 0.0431944459097045 0.0386058748070408 0.0232381423489808 0.0117788141779032 0.010659750194789 0.00776249294759077 0.00982860857710319 0.0124035324125531 0.0255242614949269 0.0376768082073704 0.0466320334952748 0.0275001675123182 0.0416881922680454
-3.4e+38 -3.4e+38 -3.4e+38 -3.4e+38 -3.4e+38 -3.4e+38 -3.4e+38 -3.4e+38 -3.4e+38 -3.4e+38 -3.4e+38 -3.4e+38 -3.4e+38 -3.4e+38 -3.4e+38 -3.4e+38 -3.4e+38 -3.4e+38 -3.4e+38 -3.4e+38 -3.4e+38 -3.4e+38 -3.4e+38 -0.028024173453834 -0.0210310830725794 -0.0221775962316333 -0.021444559178098 -0.0180226180885188 -0.0265988668827468 -0.015084371365998 -0.0121914148591635 -0.0133667252537085 -0.0238856952249025 -0.0229433398622825 -0.00457124335113215 0.0598040108628784 0.0384031610421562 0.0329023224638286 0.0287389849335095 0.0276918250490545 0.0144990695092505 0.00852646251018147 0.0094479287337722 0.00696073247428197 0.0208262446793135 0.0294188125501354 0.0347276511888756 0.0468282553997234 0.0464522630000344 0.0465234215751067
-3.4e+38 -3.4e+38 -3.4e+38 -3.4e+38 -3.4e+38 -3.4e+38 -3.4e+38 -3.4e+38 -3.4e+38 -3.4e+38 -3.4e+38 -3.4e+38 -3.4e+38 -3.4e+38 -3.4e+38 -3.4e+38 -3.4e+38 -3.4e+38 -3.4e+38 -3.4e+38 -3.4e+38 -3.4e+38 -3.4e+38 -3.4e+38 -0.025984257192467 -0.016414365222717 -0.0146681030696271 -0.0102061983860383 -0.0172738918470721 -0.0107457187928378 -0.0095131514141066 -0.0166408523747065 -0.0282022715724062 -0.0252691672649247 -0.00700934381344547 0.0681778850639961 0.0489286963795014 0.0461650353236668 0.0310880713601422 0.0270904050585707 0.0107002673053053 0.00537250237469735 -0.00402023935924986 0.0166851752383706 0.0210552581255608 0.02555881390935 0.0323347247418859 0.0409589125918783 0.0471481758005895 0.04990105443034
-3.4e+38 -3.4e+38 -3.4e+38 -3.4e+38 -3.4e+38 -3.4e+38 -3.4e+38 -3.4e+38 -3.4e+38 -3.4e+38 -3.4e+38 -3.4e+38 -3.4e+38 -3.4e+38 -3.4e+38 -3.4e+38 -3.4e+38 -3.4e+38 -3.4e+38 -3.4e+38 -3.4e+38 -3.4e+38 -3.4e+38 -3.4e+38 -0.026007969942831 -0.0228451349424989 -0.0192909010620688 -0.00457984126216754 -0.00903585308360379 -0.0121181456580729 -0.00816553134684125 -0.00766810850750556 -0.0117066394629637 -0.0310839065857869 -0.00955082168599483 0.0751162480986969 0.0562862545018675 0.0571149585709989 0.0393721032388552 0.0172390952163176 0.0119666469172917 0.00014936033508722 -0.00823008656963983 0.00152198417724441 0.0184694850858383 0.0180225672053141 0.0305577160911336 0.0406922309637469 0.0404235431280472 0.0441470632815734
-3.4e+38 -3.4e+38 -3.4e+38 -3.4e+38 -3.4e+38 -3.4e+38 -3.4e+38 -3.4e+38 -3.4e+38 -3.4e+38 -3.4e+38 -3.4e+38 -3.4e+38 -3.4e+38 -3.4e+38 -3.4e+38 -3.4e+38 -3.4e+38 -3.4e+38 -3.4e+38 -3.4e+38 -3.4e+38 -3.4e+38 -3.4e+38 -0.0219856667370984 -0.0191536012901127 -0.018318786990533 -0.00503770367646069 -0.00122318687673952 -0.0126268067363536 -0.0213697040569308 -0.00896767235397299 -0.00941710600758516 -0.0307228563668396 -0.00193357058848966 0.0759460880565624 0.0597776477554086 0.0589405451427426 0.0595729865142113 0.0227520219958033 0.0166363152971907 9.0615690212275e-05 -0.00391234371184177 -0.0104566758138142 0.0158465719004033 0.0312985897873602 0.0376503843376823 0.0387464238369838 0.0491512476505122 0.0443059582347766
-3.4e+38 -3.4e+38 -3.4e+38 -3.4e+38 -3.4e+38 -3.4e+38 -3.4e+38 -3.4e+38 -3.4e+38 -3.4e+38 -3.4e+38 -3.4e+38 -3.4e+38 -3.4e+38 -3.4e+38 -3.4e+38 -3.4e+38 -3.4e+38 -3.4e+38 -3.4e+38 -3.4e+38 -3.4e+38 -3.4e+38 -3.4e+38 -0.0118167718773417 -0.00502425256486084 0.00291315354425918 0.000389065455816035 0.00217359351030007 0.00201967023538392 -0.014848396357526 -0.020541258724005 -0.0381077743328787 -0.00716405197753457 0.0111614260011209 0.00636749422062316 0.0671544495091273 0.0825028849466949 0.0759837590639627 0.0347970114051603 0.0151454095208987 0.0172741556364564 0.00227574454730129 0.0260914051803205 0.0357248959425104 0.0287359865418959 0.0353052528812932 0.0321936525050849 0.0585852558044082 0.042047035489023
-3.4e+38 -3.4e+38 -3.4e+38 -3.4e+38 -3.4e+38 -3.4e+38 -3.4e+38 -3.4e+38 -3.4e+38 -3.4e+38 -3.4e+38 -3.4e+38 -3.4e+38 -3.4e+38 -3.4e+38 -3.4e+38 -3.4e+38 -3.4e+38 -3.4e+38 -3.4e+38 -3.4e+38 -3.4e+38 -3.4e+38 -3.4e+38 -0.00705015615795057 -0.0038598239018803 0.00717037249640782 0.00901937895327453 -0.00273092393433137 -0.00454699960306936 -0.0187007081372766 -0.0159419864938725 -0.0392156952708815 -0.0207435642415338 0.00310493875691327 -0.018502515759109 0.088142457558094 0.067587492468349 0.0500984013728759 0.0392741134394688 0.0217707223938349 0.0114371701494686 0.00449539484153787 0.021880023451544 0.0206182600825888 0.0215085078326357 0.0264883903095996 0.0335065619354143 0.0396337989677863 0.0375507532974413
-3.4e+38 -3.4e+38 -3.4e+38 -3.4e+38 -3.4e+38 -3.4e+38 -3.4e+38 -3.4e+38 -3.4e+38 -3.4e+38 -3.4e+38 -3.4e+38 -3.4e+38 -3.4e+38 -3.4e+38 -3.4e+38 -3.4e+38 -3.4e+38 -3.4e+38 -3.4e+38 -3.4e+38 -3.4e+38 -3.4e+38 -3.4e+38 -0.00349569590639135 -0.00197223659900255 0.00999269952445276 0.0174665198401323 0.00463852374189561 0.000684346257758709 -0.0161154595090776 -0.027881136538134 -0.0222931976875523 -0.0282787971600862 -0.0193547215489502 -0.0361794989036789 0.00487159018222353 0.0556835413518151 0.0523748010714226 0.0478849569941029 0.0246668313327526 0.0290909973843814 0.0163666689764805 0.0188605545174555 0.0131940683333834 0.0233851984130029 0.0244805288960823 0.0340680894515027 0.0363155509508291 0.0335372261999861
-3.4e+38 -3.4e+38 -3.4e+38 -3.4e+38 -3.4e+38 -3.4e+38 -3.4e+38 -3.4e+38 -3.4e+38 -3.4e+38 -3.4e+38 -3.4e+38 -3.4e+38 -3.4e+38 -3.4e+38 -3.4e+38 -3.4e+38 -3.4e+38 -3.4e+38 -3.4e+38 -3.4e+38 -3.4e+38 -3.4e+38 -3.4e+38 -3.4e+38 -0.00299517749053666 0.0019465274977515 0.0122040022335789 0.0140925437063242 0.0133845626025472 -0.0130156682225629 -0.0317415687409684 -0.030001671907684 -0.0303683938223043 -0.0494608518075047 -0.0324864580016074 0.00775316891562957 0.0639654283289824 0.0559612222397418 0.0511242635988632 0.0364795490493971 0.0296186217889544 0.0140078119942109 0.0134991237368007 0.0185786356339251 0.0198428755854592 0.0251143041265829 0.0232788077950419 0.0337648145987432 0.0357584176661744
-3.4e+38 -3.4e+38 -3.4e+38 -3.4e+38 -3.4e+38 -3.4e+38 -3.4e+38 -3.4e+38 -3.4e+38 -3.4e+38 -3.4e+38 -3.4e+38 -3.4e+38 -3.4e+38 -3.4e+38 -3.4e+38 -3.4e+38 -3.4e+38 -3.4e+38 -3.4e+38 -3.4e+38 -3.4e+38 -3.4e+38 -3.4e+38 -3.4e+38 0.00282982380478219 0.0101801602985464 0.0200302602164564 0.0177687341500223 0.0121120504017096 -0.0170259023320349 -0.0341087916360204 -0.0443573441505163 -0.0477528025391033 -0.0519331294537615 -0.0319864848309039 0.100177215703694 0.0748094430162497 0.0574645816389723 0.0421431441653707 0.0241807085688321 0.00954207771154371 0.0176602585772005 0.00310423380944715 0.0209519937572404 0.0206569341811137 0.0194232760914817 0.0238028139699714 0.0278014463497223 0.0395857161050525
-3.4e+38 -3.4e+38 -3.4e+38 -3.4e+38 -3.4e+38 -3.4e+38 -3.4e+38 -3.4e+38 -3.4e+38 -3.4e+38 -3.4e+38 -3.4e+38 -3.4e+38 -3.4e+38 -3.4e+38 -3.4e+38 -3.4e+38 -3.4e+38 -3.4e+38 -3.4e+38 -3.4e+38 -3.4e+38 -3.4e+38 -3.4e+38 0.01690875995872 0.00469386670552875 0.0100032499883412 0.00952148657802705 0.0140933152712258 0.0112313882361384 0.00508170968797917 -0.0235713617617665 -0.0459150620015854 -0.0381574477457125 -0.0365535461426179 -0.031767014634216 -0.0247028843988898 0.0728830080756557 0.0530096115402724 0.0409221471669923 0.0124722455791347 0.00541227139473553 0.00658837098246125 0.0133951583001404 0.0201514905066202 0.0197599103864679 0.0212756949380664 0.0227322516407884 0.0232661236163319 0.0288222765936009
-3.4e+38 -3.4e+38 -3.4e+38 -3.4e+38 -3.4e+38 -3.4e+38 -3.4e+38 -3.4e+38 -3.4e+38 -3.4e+38 -3.4e+38 -3.4e+38 -3.4e+38 -3.4e+38 -3.4e+38 -3.4e+38 -3.4e+38 -3.4e+38 -3.4e+38 -3.4e+38 -3.4e+38 -3.4e+38 -3.4e+38 -3.4e+38 0.00308663066522216 -0.000704018252663783 0.00487407060614428 0.0101448761361917 0.0221410065296195 0.0196573723224636 0.00865919356090014 -0.0154224748057151 -0.0477537328821695 -0.0463639016521788 -0.0422293070642965 -0.0621646860305776 -0.0435443062519878 0.0913130154863216 0.0619859826511654 0.0459685834144122 0.0117358542636565 0.0100087886928822 0.00761672267141881 0.0205183993491697 0.0273429639999178 0.0197051190235727 0.0212444792659398 0.0267985307695486 0.028553912454939 0.0320545173713526
-3.4e+38 -3.4e+38 -3.4e+38 -3.4e+38 -3.4e+38 -3.4e+38 -3.4e+38 -3.4e+38 -3.4e+38 -3.4e+38 -3.4e+38 -3.4e+38 -3.4e+38 -3.4e+38 -3.4e+38 -3.4e+38 -3.4e+38 -3.4e+38 -3.4e+38 -3.4e+38 -3.4e+38 -3.4e+38 -3.4e+38 -0.0101396245898792 -0.00406736785696892 0.00458583907951019 0.00658040551398082 0.0092962734635754 0.00591951229386523 0.0207005466297494 -0.0237896779057876 -0.047307349908026 -0.0570008010391028 -0.0533668754368225 -0.0411031515260897 -0.0664101476260784 -0.0371633253901418 0.0971921335329203 0.0736363360821964 0.0419622527307883 0.0200744788302477 0.0137180140353524 0.00334922717883653 0.0199461497431834 0.0259950044798577 0.0257315020391881 0.0305190084697661 0.0314965729065597 0.0330048239679058 0.0394733788388628
-3.4e+38 -3.4e+38 -3.4e+38 -3.4e+38 -3.4e+38 -3.4e+38 -3.4e+38 -3.4e+38 -3.4e+38 -3.4e+38 -3.4e+38 -3.4e+38 -3.4e+38 -3.4e+38 -3.4e+38 -3.4e+38 -3.4e+38 -3.4e+38 -3.4e+38 -3.4e+38 -3.4e+38 -3.4e+38 -3.4e+38 -0.011951471560931 -0.00775382146744525 -0.00110527371581049 0.00529949285174485 0.00623311589865641 -0.00729493605715284 0.0159837636770356 -0.00694073508555136 -0.0378060324434799 -0.0396729453776288 -0.0513015070321885 -0.0505821951676993 -0.0416787849467895 -0.0051723760304659 0.0954716260697937 0.081844066585901 0.0447786015463444 0.0268223561132171 0.0163980539301349 0.0110223333784048 0.0212568450547513 0.0238500817590264 0.0303349556736547 0.0352391927455251 0.0404436146160258 0.0416486701659285 0.0420142833589326
