data/pcas/pcas_can_585/pca_referenceLayers_can_585/PC17.asc
NCOLS 494 
NROWS 529 
XLLCORNER -117.166666666667 
YLLCORNER -55.5 
CELLSIZE 0.166666666666667 
NODATA_value -3.4e+38 
[rows 352 to 373 of 529, columns 300 to 349 of 494]
-0.00222347145416004 0.00445569596710011 0.0068124408900416 0.00789321041498685 -4.15023092973522e-05 -0.00716243677876113 0.00235406994243771 0.0101584172537921 0.00628095059542004 -0.0010871781807479 -0.00752412214717295 -0.00237595023244528 0.0119750242269088 0.00410280377753168 0.0218807923591968 0.0332285085053193 0.0455484246488767 0.031872690878978 0.0367048980274268 0.0373571898900704 0.0397399946608344 0.0345971919371163 0.0301197813064611 0.0305810667583644 0.0298289977430374 0.0315954482500491 0.0260117640891801 0.0316325023032979 0.0321567747575887 0.0260405501203646 0.0268191089846331 0.0281155344244468 0.0341098449689924 0.0260629742830668 0.0255329776439678 0.0281572903689743 0.0220653319065823 0.0126891598210825 0.0149797379672382 0.0198924129018733 0.00514377974227679 0.0170276967450907 0.0206018957561055 0.0125814822729466 0.0110101857861589 0.00981063355268514 0.0126131418871565 0.0161328321477561 0.0121736383054666 0.00622141257452608
-0.00109462592235317 0.0060280097644865 0.00110291482481535 -0.0027846696112729 -0.00458231202958329 -0.00855962643011438 -0.00508164979156165 0.00945108140012191 0.00403984705960657 -0.00317178330914898 -0.01130572355769 -0.00802908487945341 0.00558528996121019 0.0087673680075916 0.0416242736668574 0.033539752157872 0.0410158969289563 0.0469886217388849 0.036113281287931 0.0338418541958443 0.0364837282342578 0.0307787292859733 0.028782126207913 0.0234621039572106 0.036950763604439 0.0344949955357177 0.0264896839518287 0.0262938290137332 0.0296177972218127 0.0347485708585851 0.0211168077298863 0.0336429690689269 0.0225794892883896 0.0346015545376159 0.0172756756450916 0.0315245254231929 0.0230422907913144 0.0165325466314317 0.0193201246222991 0.0111876615203574 0.0169302172746022 0.011728074705757 0.0121640874317376 0.0114238942422516 0.0159871468743307 0.013324414841434 0.0115108029653266 0.0134851918614823 0.00706266956145216 0.00910257022810284
-0.00150782824045033 0.00171051719080739 0.0034158703516657 -0.000265593090193935 0.000446370375071812 -0.00311039036809176 0.00227458217578751 0.00507061798302073 0.00492838975542396 -0.000158221353045971 -0.00561822375319023 -0.0100491724936758 0.0085738570672935 0.0124989654451781 0.0473819825644331 0.0389404031156461 0.0457622705633491 0.0414226192081312 0.0432798973385698 0.0391425545579971 0.0332967173560764 0.0452917691517708 0.0376734260266027 0.0385805301986534 0.0319814303029942 0.0304249478177653 0.0270506606742884 0.0272922173099045 0.0181203924276697 0.0244370346631372 0.021713954998048 0.0293501873987262 0.023245300646601 0.0288017357400616 0.0243244036204642 0.0236531978700611 0.0163497111943552 0.0154834954665389 0.0202406565093912 0.0166688850284706 0.00991090932383358 0.00696227900434301 0.013278981493513 0.0160666871757745 0.00968581302509077 0.00646936929832706 0.0119289651703527 0.0177288562495292 0.0107385482082459 0.01439606710628
-0.00250515539785019 0.0102146482851469 0.007825442864785 0.00393067033728656 0.00495560950632181 0.00838519523030628 0.0113947764356693 0.0142676200448015 -0.00378250586154855 0.00826716552000762 0.00406787433814833 0.0129088628260441 0.00872592469734272 0.0283493406157174 0.0384236242243273 0.0461475816192751 0.0333310852557291 0.0476042640936376 0.0455923634108696 0.04441954582348 0.0382519122093842 0.0395431659879937 0.0300494776969092 0.0319860690043068 0.0314907332092134 0.0335469694622357 0.0205303592605139 0.0318257331054122 0.0241488004747372 0.0273565570842887 0.0191739466755832 0.0234461551767748 0.02291489953552 0.0267667387419364 0.0183318401515448 0.0185633655677138 0.0216991264981956 0.0204231068045778 0.0152670204952304 0.0092523431413726 0.00886379135473257 0.00708394620314488 0.012246582065678 0.0205543133331819 0.0131100037749334 0.00710976210604538 0.00544803601682476 0.00958974100169513 0.0147150034112093 0.0100870852606492
0.00457609227809444 0.0127010473902113 0.00032986565307935 -0.00236453002228254 0.00936698540133524 -0.00130712078201295 0.0124185591846353 0.00938614082768627 -0.00672055322018654 -0.00473609395787455 0.00455135889481311 0.0235628898194077 0.0335561946307049 0.0413491615474399 0.0402999828928365 0.0368927432883757 0.0349445622551272 0.0404422990636393 0.0421315407073982 0.0313637908364256 0.0378586099389803 0.0376354606986651 0.0341543058578708 0.0232215194660818 0.032418154366299 0.0210805840574368 0.0183088481131819 0.0236174484509969 0.0251049090153263 0.027733025017551 0.0339377247804035 0.0293638095662383 0.0284435910630608 0.0265840633157872 0.0172592339827643 0.0221486417787776 0.0153632727613313 0.0141482027606811 0.0170967572271533 0.00829984226123869 0.0134293123291947 0.0133712980551898 0.00592250129274358 -0.000659170655596509 0.00680982080752148 0.0108712943663651 0.0179218101651434 0.0120702189919741 0.0105270867327069 0.0109455081248557
-0.00105510316883664 0.00455025309730144 0.00564507711468213 0.00406970285780863 0.0166447688984186 0.0184908780233243 0.00665498066378026 -0.00378328404288148 -0.00353938662301759 0.000969331752917792 0.0250502749928665 0.0228474475725521 0.0352927462215296 0.0309745522280904 0.0318293637801352 0.0414087568818695 0.0328408100844549 0.0369820460914994 0.0409449300281033 0.0387843911312571 0.0350570956434635 0.0404820861653621 0.0359227262155993 0.0373680972875867 0.0341123113004174 0.0339196179082012 0.0367075519101658 0.0324512655482608 0.0269188401830333 0.0263071465917652 0.0326102318038194 0.0273612480083514 0.0199313354877171 0.0222016957017524 0.0212884032430819 0.0185920593025143 0.00998448404378235 0.00675348739532589 0.0165511601952499 0.0119606388977421 0.00603450666802594 0.0140567943520672 0.00936593343207995 0.00515476185374772 0.00487125048721255 0.00410244583962756 0.00530325185335628 0.0148231305645202 0.00188730650905512 0.00803541724018866
0.00646362496620362 0.004971085137532 0.00788928702606955 0.0178468342724375 0.0190679518579129 0.01307201827065 0.00142113848730608 -0.00714029908466107 0.0106805419083186 0.0247933390468868 0.024794890683309 0.0287797029477458 0.0247544346823664 0.0346038379862917 0.0324433147336565 0.0440357714520402 0.0415881028619679 0.0351032847123846 0.0402279521063429 0.0445990398128874 0.0382909340579146 0.0404932637510477 0.0405878049777071 0.0311610254410589 0.03026105427853 0.038061942135366 0.0267748407263622 0.025491847715878 0.0258695834267126 0.0289463386923094 0.0308370351017219 0.0223010984349895 0.0183798310746421 0.0226059678107833 0.00773663011609293 0.0132318848637834 0.00380637646031887 0.00404945709197956 0.000260154401745339 0.00245239271141534 0.00796930241280647 0.0124611014054112 0.00166848289483676 0.00468685146845114 -0.00182716506841951 0.00376411460668487 0.0108046899514496 0.00599566005548836 0.0173057961451998 0.00533504051295738
0.0054777604027692 0.0298104524470882 0.0160017672593664 0.00157972394853486 0.00545069646140099 0.00483294061801733 -0.00370212218775465 0.0213606004618327 0.0254544852140248 0.0188514143104575 0.0167844134071311 0.0244054326465429 0.0274008933144644 0.0224150841013459 0.0373736101249424 0.0368620870122633 0.0303118085262908 0.0365274973501435 0.0348178915241746 0.0462491716297094 0.040479709534951 0.0265527011756683 0.0400272919746306 0.0361526173703328 0.035854925211945 0.0315542836111917 0.0292112326759206 0.02861659976041 0.0303182616380067 0.0292571519277991 0.0204822394532821 0.0265109325016962 0.0228105541987732 0.00861138401807269 0.00957825087087047 -0.00846290176778502 -0.004904695767343 -0.00502281508685112 -0.00837947832590456 0.00508585613892127 -0.00474383512826154 0.00748623675895455 -0.00120010670589247 0.00794201225945744 -5.10746580476996e-05 -0.00202993680910812 0.00328064856439135 0.0138049372273094 0.007551964597836 0.0125967816822635
0.0162493308159693 0.0291478492237333 0.0208808549644409 0.0181769162709266 0.0150525922893198 -0.00213145859228966 0.00293951607378849 0.0150946540391992 0.0222781836115571 0.0257158600372379 0.0103324508163505 0.0213663038709076 0.0233884802064566 0.0237548898352573 0.0337814285349077 0.0281138850970122 0.0411734896015028 0.0365175962887403 0.0376541067478136 0.0335813937524765 0.0400481112064407 0.0415680354943217 0.04167165604335 0.0346658803455154 0.0366060997846257 0.0227588537050636 0.0289811414782268 0.0310050031289797 0.0294931600499559 0.0175939789724103 0.0311668865624226 0.0146939086385449 0.0244257681217167 0.00877593542064817 0.00429118693813262 0.00201775755421107 -0.00617412504014974 -0.0138063333885484 -0.00815594495762363 -0.0177169664663544 -0.00498933618879618 0.00462447426072149 0.00447457331463897 -0.00227130892634337 0.000272685093967927 0.0127694036737049 0.00841300975278792 0.00776474278693785 0.008402431685245 0.000929167407737894
0.0257848507478013 0.0298940876748934 0.0311337020449824 0.0275224221678336 0.0349542368127246 0.0340768551224167 0.0178261557958724 0.0216404185487323 0.0164079413116886 0.0169504602742132 0.0279867438655627 0.0240014967304412 0.0296800665828225 0.0388804027675644 0.0281950252420261 0.0297357990016181 0.0394205206520558 0.046009649808601 0.0478810097525694 0.0349700158400846 0.0335758754286948 0.0329487404331704 0.0366931736792503 0.0283293504384167 0.0349745321011428 0.032977916291839 0.0185057483887836 0.029116759480145 0.0185121373655372 0.0227585146869851 0.0225037216118347 0.0193099205531563 0.0205066042434555 -0.00178961678435634 0.00105331034370092 -0.000650234989377506 -0.00546423096618341 -0.0099286886831168 -0.0131856284799209 -0.00428402518339418 -0.00992828775178287 -0.000355680128703783 0.00527584619986701 0.000352093371997613 0.00413044509759018 0.0106223796325289 0.00326699547673238 0.0133972205123642 0.00680560266646432 0.0111959960241152
0.0266541841547633 0.033030427416646 0.0406703292935163 0.0416390267852313 0.0444068508833073 0.0357530134039767 0.0300179179854246 0.0158926939251287 0.0196306235607672 0.0252130567588152 0.0223499080929414 0.0331558011408036 0.0187866592435648 0.0219998461183597 0.0331973235107674 0.0346201915460442 0.027868288764667 0.0402912776196299 0.0402397548925205 0.037955973856345 0.030590282779133 0.0330497105094725 0.0299217407565106 0.024448013093848 0.0223978041261297 0.0227382752105597 0.0224030952233007 0.0191151746909642 0.0242094515370305 0.0149469098910917 0.0147814123205801 0.0148157099356886 0.0114676395411632 0.00187650589955216 -0.000660636434809052 -0.00748880849277258 -0.0118780169069508 -0.00747347235712756 -0.0150809170263351 -0.014659218482487 -0.00612750254466839 -0.00807729604786326 -0.00257177153882258 0.00432593625104901 -0.00280005015932696 0.00318029074399922 0.00194265277529405 0.00226072823604266 0.00527088428973127 0.00988680108760144
0.0221216011646981 0.029057038228714 0.0259889503975978 0.0383496487547653 0.038179622376729 0.0362187407692666 0.0229262841343105 0.015895347452365 0.025687418055788 0.022933744373804 0.0186256228691323 0.0220726581922159 0.0248023734507654 0.0277799981791445 0.0252076814847523 0.0332623560147846 0.0276874186036313 0.0391816386316699 0.0327130633860789 0.032835904119057 0.0339031663177618 0.0338102751845825 0.0296661173578988 0.0370389796062923 0.0348116300811115 0.021817084319023 0.0217119379978485 0.022769236342611 0.0217499276281233 0.0248537071138435 0.0272915866773569 0.0114108562925758 0.00436401504485336 0.00126592111935857 -0.00646987234494029 -0.00293652801171848 -0.00808938819113514 -0.0186749346221489 -0.0158804667945882 -0.0122936677404712 -0.00593386706404183 -0.0102220163629451 -0.00489165936701348 -0.00469799392946857 -0.00580023902276221 0.00331739412352605 0.00190942304998796 0.00391208715123293 -0.00282222157108223 -0.00444241735731956
0.0196772314751397 0.0174918795028399 0.0339058842850636 0.0357272179764342 0.0350064237428416 0.0400521287835508 0.00968907524842364 0.0211820841475456 0.0274037889422816 0.0179092986825276 0.0288845946043522 0.0338367513325773 0.0308580613446165 0.0264749473762536 0.0268891315306011 0.0255910568512653 0.0388688781441109 0.0328566584917053 0.0245934455877778 0.0393561694019723 0.0357736718143728 0.0347738532798014 0.0208264081515201 0.0279892422517259 0.0175313020715681 0.0213866525858104 0.0240480201986111 0.0153638369972435 0.0194103704279515 0.0148490553697475 0.00211429112564105 0.00705051855276544 0.00650919343897161 -0.00178903178621272 -0.00383012198156283 -0.00408887034492498 -0.0114588066339853 -0.00647324350891658 -0.0136841422975796 -0.0146850877998372 -0.0160209026943476 -0.0165615472261163 -0.00557467438388641 -0.00991771305038418 -0.0123034564749178 -0.00674211781732619 0.00167602891410613 0.00325087062736572 8.91771817524787e-05 0.00175533929961005
0.0181359805841773 0.0203858761144227 0.0329093413600252 0.0354882263430579 0.0380331398777188 0.0346723828791677 0.0130655725553197 0.0182138249409298 0.0261527868359744 0.0289956041251869 0.0218460594242792 0.0219291044616768 0.0244467950791264 0.0198860755571219 0.0299240087109095 0.0279435237916646 0.033842484879832 0.0335209286880346 0.0284665926002099 0.0332537244975828 0.0309102916531413 0.0284081880005591 0.0235068786694497 0.0223125745406858 0.0267336191039857 0.0153477297176985 0.0174623048649186 0.0153726977887217 0.0226584995547293 0.00791329683216886 0.0147670878471655 0.00194199993760113 -0.00133430085370449 -0.00184698413500848 -0.00660087092655164 -0.0133667338613201 -0.00767946490692828 -0.0069640390123764 -0.0108428065586692 -0.017687875473668 -0.0242094134074544 -0.00807181295990802 -0.0126447286906904 -0.0071662027487189 -0.00147405387129351 -0.0162467232521483 0.000170096266213728 -0.0130717601288737 -0.00871856478760084 -0.0055373710025875
0.0142778729716732 0.0263041151001676 0.0211511672472544 0.0296286163548349 0.0426841905890862 0.0322808493358172 0.00877826288220074 0.012247273090782 0.0362289383405016 0.0303071090966981 0.0238272161014431 0.0265166568821211 0.0177912474088809 0.0258554121065135 0.0339543244999211 0.0335873087907649 0.0374037117753129 0.0261180319629627 0.0194077023225822 0.0332353461944847 0.0284904591686259 0.0296750723835139 0.0274052911217975 0.0272424035156367 0.0292407231684254 0.0153469487639533 0.0186093033142396 0.00778841929280527 0.0155315442483198 0.00951477015810379 0.00690620646762359 0.00255038802041149 0.000590122930274039 -0.00513887463129025 -0.00821085274135711 -0.0145638981770579 -0.0215997680666698 -0.0132668504302945 -0.00992198128777635 -0.00737686868968197 -0.0153823969441424 -0.0218246953936527 -0.00682244282569943 -0.00954265662119724 -0.014923432686879 -0.00407907402460791 -0.00743457687507322 -0.0153709485017812 -0.0084591930453468 0.00122581429744553
-0.0107226271627671 0.0126203159249779 0.0172667875917131 0.0272826804257859 0.0360938045709865 0.0176362035934935 0.00346471629824282 0.0283078041457731 0.0393485779025775 0.0363728587018693 0.0264884274881776 0.0367529051127383 0.036197431328029 0.0243616218186815 0.0316228811364238 0.0337983933454835 0.0257253481542943 0.0270604655362154 0.0354935667758974 0.0216652503743277 0.0302033136042143 0.0281081748182524 0.0179681948862479 0.0235300771561931 0.0207945267845039 0.0266451391047922 0.0158552305264737 0.0127674503558692 0.0136299921279308 0.0175219006441906 0.0119506908205698 0.00235681603581047 -0.0069366399000932 -0.00565142468798432 -0.00144752859228309 -0.0096325633430396 -0.0135171324602407 -0.0143609118079874 -0.0201374877963407 -0.00720780480192001 -0.00880858691091249 -0.0179148297894171 -0.0158128323655368 -0.018310869514221 -0.00186456192982037 -0.00363731134659114 -0.00796909627028116 -0.00844251165019454 -0.00755558079864122 -0.00659698047652132
-0.0175870855730662 0.00783346683299715 0.0126737728418886 0.0211068282280325 0.027253591737415 0.026956042414638 0.0339804377975666 0.0442164933660583 0.0405372719504052 0.0211005661715094 0.0364271443824485 0.0216826639529613 0.0362796499450109 0.025607101483048 0.025253774919857 0.0235101140410641 0.0321174710765429 0.0271520561004888 0.0207458742274514 0.0227295986441434 0.0178226940646272 0.0301272460467023 0.0251877966583034 0.0153250631787652 0.0220328490160098 0.0204212839937641 0.00595632266370246 0.0131505999830589 0.00666343326718036 0.0170783681829324 0.0041907045816665 0.00803216637139082 0.0044032513230118 -0.0047156297196523 -0.00899948755680327 -0.0128206594922184 -0.00852499707212451 -0.0147396144933913 -0.0152175773496767 -0.0198575173389502 -0.00925869780232006 -0.0177264509843171 -0.0197685206982367 -0.0192598930536701 -0.00459910910084655 -0.0100173169644639 -0.00436877984326014 -0.0045274491779665 -0.0136951029652877 -0.0019800759655804
-0.0170660660655464 0.00717691290980511 0.00704631458467341 0.0214948012864045 0.027122835444901 0.0382278078497089 0.0331962175943338 0.0389075998503956 0.0284916100546952 0.023658125524199 0.0260250933290017 0.0265822814743907 0.0297368460669751 0.0337985041506092 0.0265806963051497 0.0257443063543397 0.0282065019520133 0.0256454497769913 0.0232541938081151 0.0296967436587987 0.014900346834432 0.0232911258753536 0.0155932482176584 0.0237073678318141 0.0226796565201506 0.0177643368311714 0.0145846403760197 0.0135646092147814 0.00408802998646151 0.0116460030212205 0.0136102510086319 -0.00145185447705707 -0.00500338485522627 -0.00682388273448067 -0.0137063765170946 -0.0049856364287477 -0.0126472889948168 -0.0137876100057199 -0.00732581979131791 -0.0219666034013695 -0.00919895241672618 -0.0183439592365577 -0.0146124222243633 -0.0143819278304002 -0.0141674987599834 -0.0138039437502438 -0.0110934971485123 -0.00573916176074044 -0.00202661615075849 -0.0027179878896929
-0.00283971013048888 -0.0107490991654857 0.0152712561171296 0.0278402277709123 0.038746380305654 0.0300388903336188 0.0416732187819224 0.0476252480085047 0.0339060324558356 0.0294942523845203 0.0289465077488464 0.021755902326152 0.0325284393351826 0.0240096235481651 0.0257631703996537 0.0258039896955858 0.0253125021207726 0.0334288857607113 0.0240433688637416 0.0174890065349114 0.017305959625929 0.00962070911122169 0.0112572544578709 0.0142121484196436 0.0174785129076639 0.0203754040621431 0.00949154732557572 0.00626148352398031 0.0136119617326294 0.0128033641516179 0.00281972846529913 0.00723629753496344 0.000795284085639768 -0.00321902561767838 -0.00105265524705215 -0.00931444519220316 -0.0154165849701849 -0.0118218725459171 -0.0171200934933223 -0.00877241549805187 -0.0227534855210441 -0.0174438254912002 -0.0246308204106101 -0.0184321604323495 -0.00789995801765213 -0.00709208345888972 -0.0132216782082189 -0.0073633005229176 -0.00147322969293602 -0.000772640043103482
-0.000388447208221204 0.00317599543254547 0.0335191939203151 0.0264348413480573 0.0316495281656394 0.0383119632574126 0.0420711917881047 0.046798792387269 0.0385471481310117 0.035886115784603 0.020928145652656 0.0242960099159086 0.0227523221967145 0.0212622849440363 0.0265549187193924 0.0243078424585981 0.0318227692033141 0.018134689571515 0.0240478779056678 0.021872558315645 0.0180953126566733 0.0108873210104282 0.0183392128928717 0.0151808150660167 0.0202481895628957 0.0115547140501911 0.008364320727728 0.0187467006306669 0.00401872247106266 0.0112225403179061 0.0094409753722817 -0.0030582777689648 -0.0113488044507014 -0.00685894359428501 -0.00664418932494383 -0.0132105675851338 -0.0164913758982096 -0.00911072070813982 -0.0134712323565255 -0.0212958806594007 -0.018562175585309 -0.0117536464719332 -0.0189442623855655 -0.0166801080440562 -0.010961654640145 -0.0220779064866178 -0.00951335101196035 -0.00950246124535744 0.00222650346970636 -0.0105874378372621
-0.0153294416043253 0.0102884646254851 0.0292763202341198 0.0257606199604249 0.0275741791462996 0.0284232518943764 0.0353599640735259 0.0367938241646058 0.0391732914648698 0.0364892128795592 0.026421297859698 0.0302145242080038 0.0221497658491273 0.0196107176752547 0.0212176145650046 0.0192648049984037 0.0219100613376208 0.017897089853923 0.0169494327256534 0.0153439461643263 0.0240986444271946 0.0127672168814915 0.00964238107041105 0.0107365178242822 0.010409084998814 0.0102834086294148 0.00966993401377918 0.00734340274270988 0.0134425568894383 0.00355035947825023 0.00455877571247718 0.00908474866878441 0.00778206864136334 0.00168476232355891 -0.00644856893729637 -0.00774660215217186 -0.0134911116271215 -0.0179773137975623 -0.0146088705744497 -0.0217526705476552 -0.0171395368380963 -0.0237638456231935 -0.023027332760948 -0.0112857748843347 -0.0123605922493753 -0.00874083856680701 -0.00862798983564514 -0.00611209545758648 -0.00783293576795462 -0.00121418972470171
-0.0128127106397635 0.0165642391366754 0.0219116838599893 0.0339986423755007 0.0420303558800205 0.0285335438130805 0.0295725203746859 0.0356569197309003 0.0421002240493673 0.0329723787929518 0.0236344374547238 0.0290094963071332 0.0182044568733958 0.00967529665886839 0.011469038004403 0.0121553332688742 0.00944574442156573 0.0173614288603031 0.00878201222934635 0.00460759004292844 0.0022215268722686 0.00916923225081474 0.00836195732385949 0.00734992124486142 0.00969771429232495 0.0110878716178606 0.00934749950437479 0.00591582715409679 0.00509619889696638 0.00722519605186027 0.00389973142159012 0.00980833221668103 0.00412042660783438 0.00974762215145939 -0.0107951169750673 -0.0164071958033405 -0.0114529035853988 -0.0174962908764623 -0.0121592137716424 -0.0196532089465184 -0.0234413766662231 -0.0211133932786519 -0.0300001160785629 -0.0119057945222645 -0.013631427476865 -0.0151191603324417 -0.0225125504477242 -0.0140871315519538 -0.0102657770488488 -0.00488670314940053
