data/pcas/pcas_can_585/pca_referenceLayers_can_585/PC17.asc
NCOLS 494 
NROWS 529 
XLLCORNER -117.166666666667 
YLLCORNER -55.5 
CELLSIZE 0.166666666666667 
NODATA_value -3.4e+38 
[rows 88 to 109 of 529, columns 150 to 199 of 494]
0.068310139889137 0.0602041654156388 0.05676494264162 0.055487205528591 0.0650650614278324 0.0540051462466074 0.0737018420207338 0.0669175979584617 0.0651906764159028 0.0669518348692245 0.0663469929993057 0.065258591293789 0.0680209710601299 0.0742740217476393 0.0572677993765455 0.0652997816730349 0.0539984162677712 0.0525450969885335 0.0412267442985574 0.0352300102874482 0.0401746616589447 0.0207745549207428 0.0306601180465851 -3.4e+38 -3.4e+38 -3.4e+38 -3.4e+38 -3.4e+38 -3.4e+38 -3.4e+38 -3.4e+38 -3.4e+38 -3.4e+38 -3.4e+38 -3.4e+38 -3.4e+38 -3.4e+38 -3.4e+38 -3.4e+38 -3.4e+38 -3.4e+38 -3.4e+38 -3.4e+38 -3.4e+38 -3.4e+38 -3.4e+38 -3.4e+38 -3.4e+38 -3.4e+38 -3.4e+38
0.0576203840531199 0.0709376794124255 0.0698178961811118 0.0654637612044088 0.063443562442515 0.064964045573516 0.0745249031425293 0.0635787065011664 0.0617805936154413 0.0593023769370847 0.0557013841074612 0.0479005342987851 0.0599748183036294 0.051884288270079 0.0581155978673382 0.0561366169123479 0.0554396498086395 0.0482599985718116 0.034807316810685 0.0371410099073195 0.0347516726533103 0.0253667037044806 0.0278932981710731 -3.4e+38 -3.4e+38 -3.4e+38 -3.4e+38 -3.4e+38 -3.4e+38 -3.4e+38 -3.4e+38 -3.4e+38 -3.4e+38 -3.4e+38 -3.4e+38 -3.4e+38 -3.4e+38 -3.4e+38 -3.4e+38 -3.4e+38 -3.4e+38 -3.4e+38 -3.4e+38 -3.4e+38 -3.4e+38 -3.4e+38 -3.4e+38 -3.4e+38 -3.4e+38 -3.4e+38
0.0559436483086676 0.0643279998661319 0.0638825678768364 0.0611931663133524 0.0677314102660763 0.0743355376090575 0.0710194378127848 0.0695939595076374 0.0620746006953769 0.0693032335407627 0.0572332021298425 0.0537526162379374 0.0496152907274997 0.0541825848861655 0.0469116714636445 0.0594377974437497 0.0560542320643806 0.0524955168190772 0.0483791180582472 0.0269264350682538 0.0361285955143343 0.0210182504107589 0.030553481873734 -3.4e+38 -3.4e+38 -3.4e+38 -3.4e+38 -3.4e+38 -3.4e+38 -3.4e+38 -3.4e+38 -3.4e+38 -3.4e+38 -3.4e+38 -3.4e+38 -3.4e+38 -3.4e+38 -3.4e+38 -3.4e+38 -3.4e+38 -3.4e+38 -3.4e+38 -3.4e+38 -3.4e+38 -3.4e+38 -3.4e+38 -3.4e+38 -3.4e+38 -3.4e+38 -3.4e+38
0.0595823198484673 0.0590553554439683 0.053285332023592 0.0688100904147837 0.0750140182966184 0.0801059394066641 0.0720312581261607 0.0654958928360753 0.0688515024934415 0.055478318188563 0.0501980347301308 0.0515500508768028 0.048920870820007 0.0458514533376465 0.0528980527826474 0.0505607296340673 0.0387603495147211 0.0421399861854531 0.0310902687906245 0.0400241731011981 0.0236410624443357 0.0284932269662613 0.0378599520780223 -3.4e+38 -3.4e+38 -3.4e+38 -3.4e+38 -3.4e+38 -3.4e+38 -3.4e+38 -3.4e+38 -3.4e+38 -3.4e+38 -3.4e+38 -3.4e+38 -3.4e+38 -3.4e+38 -3.4e+38 -3.4e+38 -3.4e+38 -3.4e+38 -3.4e+38 -3.4e+38 -3.4e+38 -3.4e+38 -3.4e+38 -3.4e+38 -3.4e+38 -3.4e+38 -3.4e+38
0.0577709548395893 0.059274797529815 0.0687445159326 0.0656629107125579 0.0674117868314798 0.0644272225101422 0.0713732271618207 0.0656861747015274 0.0705296260191787 0.0497636474004836 0.0503020896553289 0.0422328882319372 0.0331046282912606 0.0399158731578526 0.0461031361954112 0.042616661248345 0.0399832925208288 0.0294949503994132 0.0366493917842241 0.0320221355422812 0.0329237814483975 0.0247639259052756 0.0273768651294304 -3.4e+38 -3.4e+38 -3.4e+38 -3.4e+38 -3.4e+38 -3.4e+38 -3.4e+38 -3.4e+38 -3.4e+38 -3.4e+38 -3.4e+38 -3.4e+38 -3.4e+38 -3.4e+38 -3.4e+38 -3.4e+38 -3.4e+38 -3.4e+38 -3.4e+38 -3.4e+38 -3.4e+38 -3.4e+38 -3.4e+38 -3.4e+38 -3.4e+38 -3.4e+38 -3.4e+38
0.0529923003345617 0.0580913984857337 0.0628962728080737 0.0679235922210789 0.067414836719941 0.0750123027935482 0.078880750278739 0.0704836827366357 0.063570909427488 0.0528782392710035 0.0482601485195979 0.0364812767985017 0.0424543131144141 0.0398677617506572 0.0288107494910785 0.0262646996068173 0.0284051158857633 0.0272513140465744 0.0232267100905153 0.0275937401379606 0.0322167441697436 0.0289552145617275 0.0317445260463885 -3.4e+38 -3.4e+38 -3.4e+38 -3.4e+38 -3.4e+38 -3.4e+38 -3.4e+38 -3.4e+38 -3.4e+38 -3.4e+38 -3.4e+38 -3.4e+38 -3.4e+38 -3.4e+38 -3.4e+38 -3.4e+38 -3.4e+38 -3.4e+38 -3.4e+38 -3.4e+38 -3.4e+38 -3.4e+38 -3.4e+38 -3.4e+38 -3.4e+38 -3.4e+38 -3.4e+38
0.0474154496458559 0.0560766733618687 0.0542291644468176 0.0629796613246697 0.057455404468718 0.0677198717455147 0.0739268912990277 0.0747052141533947 0.0674111462992851 0.0461334748608602 0.0393253144492497 0.0382319013697802 0.0280952562374599 0.014434204025552 0.0310790845722181 0.0226870319344945 0.0287162927448303 0.0177497362702516 0.0193971480253628 0.0249343874906096 0.0288464193771767 0.0259764873255367 0.0367024811364137 -3.4e+38 -3.4e+38 -3.4e+38 -3.4e+38 -3.4e+38 -3.4e+38 -3.4e+38 -3.4e+38 -3.4e+38 -3.4e+38 -3.4e+38 -3.4e+38 -3.4e+38 -3.4e+38 -3.4e+38 -3.4e+38 -3.4e+38 -3.4e+38 -3.4e+38 -3.4e+38 -3.4e+38 -3.4e+38 -3.4e+38 -3.4e+38 -3.4e+38 -3.4e+38 -3.4e+38
0.0418371858696384 0.0409616460155879 0.0498180296333384 0.0588006068159922 0.0570132573091259 0.0511314150867803 0.0606929040514435 0.070806359545471 0.0728986987835031 0.0533777909597221 0.0468590707356375 0.0321771178719477 0.0313718593042736 0.0100326327268788 0.0135824485170506 0.0131606274431824 0.0241717725283213 0.0188004400582775 0.0242402492267011 0.00854601066163296 0.0154092858874406 0.0174645464009101 0.0236952523786119 -3.4e+38 -3.4e+38 -3.4e+38 -3.4e+38 -3.4e+38 -3.4e+38 -3.4e+38 -3.4e+38 -3.4e+38 -3.4e+38 -3.4e+38 -3.4e+38 -3.4e+38 -3.4e+38 -3.4e+38 -3.4e+38 -3.4e+38 -3.4e+38 -3.4e+38 -3.4e+38 -3.4e+38 -3.4e+38 -3.4e+38 -3.4e+38 -3.4e+38 -3.4e+38 -3.4e+38
0.0342398450529404 0.0308432413346895 0.0438109006574099 0.0530001524937026 0.0529395887437213 0.0511337259607319 0.0475844146745011 0.0673279599546081 0.0593289185853336 0.0530340288281279 0.0391325190543947 0.030764955452356 0.0304552772511081 0.0252636812278174 0.0211335846762703 0.0174972761186646 0.0264182520029636 0.0270767435210293 0.0324222660101348 0.0128465592287364 0.0238029333461546 0.033860946498809 0.0271627550203438 -3.4e+38 -3.4e+38 -3.4e+38 -3.4e+38 -3.4e+38 -3.4e+38 -3.4e+38 -3.4e+38 -3.4e+38 -3.4e+38 -3.4e+38 -3.4e+38 -3.4e+38 -3.4e+38 -3.4e+38 -3.4e+38 -3.4e+38 -3.4e+38 -3.4e+38 -3.4e+38 -3.4e+38 -3.4e+38 -3.4e+38 -3.4e+38 -3.4e+38 -3.4e+38 -3.4e+38
0.0214795216961752 0.0379673979995018 0.036884821717497 0.0429544450590873 0.0603887988326266 0.0569617016600264 0.0557256107176331 0.0577071089388086 0.0497521686746582 0.0428498881989983 0.0432345181771172 0.0314421920597557 0.0245984378721197 0.0243992289874262 0.0266200173727969 0.0244458865352533 0.028379546601526 0.0236647864372127 0.0293035764932663 0.0392725990569009 0.035774434899765 0.0346555785152601 -3.4e+38 -3.4e+38 -3.4e+38 -3.4e+38 -3.4e+38 -3.4e+38 -3.4e+38 -3.4e+38 -3.4e+38 -3.4e+38 -3.4e+38 -3.4e+38 -3.4e+38 -3.4e+38 -3.4e+38 -3.4e+38 -3.4e+38 -3.4e+38 -3.4e+38 -3.4e+38 -3.4e+38 -3.4e+38 -3.4e+38 -3.4e+38 -3.4e+38 -3.4e+38 -3.4e+38 -3.4e+38
0.0191174075072121 0.0277398669729015 0.0292303777816765 0.0468077893691535 0.0501676274063589 0.0487756337901088 0.0515050111186183 0.0598164667783362 0.0515139629219459 0.0433883753454168 0.0331240378204282 0.0348644237651689 0.035544134992841 0.0320271986506659 0.0291556324346777 0.0391262246963704 0.0377828455600549 0.0445734649942832 0.0435973944511951 0.050081592421599 -3.4e+38 -3.4e+38 -3.4e+38 -3.4e+38 -3.4e+38 -3.4e+38 -3.4e+38 -3.4e+38 -3.4e+38 -3.4e+38 -3.4e+38 -3.4e+38 -3.4e+38 -3.4e+38 -3.4e+38 -3.4e+38 -3.4e+38 -3.4e+38 -3.4e+38 -3.4e+38 -3.4e+38 -3.4e+38 -3.4e+38 -3.4e+38 -3.4e+38 -3.4e+38 -3.4e+38 -3.4e+38 -3.4e+38 -3.4e+38
0.00983485712580663 0.0233380140864274 0.0339442338632317 0.0330174314063721 0.0403789029086595 0.0445189085521006 0.0587876024107549 0.0567211965374843 0.0392296361176533 0.0429427348795324 0.0308357352031489 0.0180903695186681 0.0306568406783259 0.0333839808571623 0.0398352645999135 0.04006827003876 0.0536441081724688 0.0451683031143798 0.0551586837772625 0.0466331792444914 -3.4e+38 -3.4e+38 -3.4e+38 -3.4e+38 -3.4e+38 -3.4e+38 -3.4e+38 -3.4e+38 -3.4e+38 -3.4e+38 -3.4e+38 -3.4e+38 -3.4e+38 -3.4e+38 -3.4e+38 -3.4e+38 -3.4e+38 -3.4e+38 -3.4e+38 -3.4e+38 -3.4e+38 -3.4e+38 -3.4e+38 -3.4e+38 -3.4e+38 -3.4e+38 -3.4e+38 -3.4e+38 -3.4e+38 -3.4e+38
0.0117560180738984 0.00676455373554958 0.00983950112401922 0.0324852851859885 0.0327864375142081 0.0467728604873149 0.0439133543439442 0.04361156943311 0.031727508242672 0.0264973379962516 0.0305674731111723 0.0198632480321063 0.038291068747311 0.0397756248967079 0.0447986100113987 0.0524198844953413 0.0493669449387773 0.0547221473273943 0.0429767409514074 -3.4e+38 -3.4e+38 -3.4e+38 -3.4e+38 -3.4e+38 -3.4e+38 -3.4e+38 -3.4e+38 -3.4e+38 -3.4e+38 -3.4e+38 -3.4e+38 -3.4e+38 -3.4e+38 -3.4e+38 -3.4e+38 -3.4e+38 -3.4e+38 -3.4e+38 -3.4e+38 -3.4e+38 -3.4e+38 -3.4e+38 -3.4e+38 -3.4e+38 -3.4e+38 -3.4e+38 -3.4e+38 -3.4e+38 -3.4e+38 -3.4e+38
0.023712583358619 0.0199244148785438 0.0204547331881602 0.0232631058437618 0.0300939360395761 0.0450341038165029 0.0425773255601428 0.0309111666598015 0.0303814353917237 0.0254101031931427 0.0205443798995378 0.0334717052885713 0.039292642207412 0.0544972027322623 0.0517989907381372 0.0568143381147055 0.0562104680744916 0.0498439940368088 0.0526682480200857 0.0569769072460039 0.0569848986093156 -3.4e+38 0.0486103643982839 -3.4e+38 -3.4e+38 0.0429573132962326 0.0441736816061724 0.0439806730489117 -3.4e+38 0.0561540037921881 -3.4e+38 -3.4e+38 -3.4e+38 0.032650850036068 -3.4e+38 0.0467297419013901 0.0379544207408453 0.0399540110589864 0.038522037365596 0.0287014856609622 0.0320704213383717 0.0258090368131091 0.0308247973697391 0.0338342829698793 0.0379681581272394 -3.4e+38 0.0301169891463659 -3.4e+38 -3.4e+38 -3.4e+38
0.0122776519167623 0.0122906167351397 0.00547587598143835 0.0222632729776802 0.0274166124141267 0.0242208148402424 0.0294452446255213 0.0482357705804882 0.0228875909064154 0.0223579017286261 0.0288884059538721 0.0414281260400333 0.0419691730904385 0.0468168028338785 0.0499150088127323 0.0585381862728877 0.0579645222857151 0.0558843305740952 0.0552649788233649 0.0574656399751012 0.0409730120905788 0.0463999064546999 0.0494556856705675 0.0313873129380907 0.0322003669903782 0.0374544246390598 0.0348311524043894 0.034402224674494 0.0477110930545089 0.0429049357074622 0.0409967529357793 0.0331249361709947 0.0343757785941635 0.0343233991622725 0.0324316410448908 0.0296313627561957 0.035303445819643 0.0325604448365856 0.0385430009498005 0.0395912952630626 0.0292543142504808 0.029722058989687 0.0319628108393072 0.0386427425232977 0.045904473579011 0.0338068644979998 0.030678358358229 0.0320882985833026 -3.4e+38 -3.4e+38
0.000309651494606235 0.00584109830747708 0.0187103547738034 0.0125272268039069 0.0182067183737445 0.0120361100656929 0.0307647850100827 0.0279433385162007 0.0267159799703139 0.0331231018044774 0.0341692659908442 0.0277974645537899 0.0370728878388486 0.0335016055175215 0.0422176391331957 0.0538239338210116 0.0529119885950982 0.0560834648699772 0.0564990812798034 0.0505566678830292 0.0487446843385341 0.0388794513634752 0.0264404783514398 0.0346440975977879 0.0296214153872998 0.0371858452736438 0.0206068436631205 0.0298577350944194 0.0233753878545187 0.0306987528093106 0.033856947640315 0.0434598306614606 0.0521414654890827 0.0373149100405025 0.0317823753334468 0.0280596323148711 0.023074723421716 0.0208512350457074 0.0353567745922355 0.0390843337623747 0.0337465689756131 0.0308263562394106 0.0371224201912763 0.0381851526968803 0.0348419249998613 0.03959879150001 0.0462287365015234 0.0380246426452136 -3.4e+38 -3.4e+38
0.0138142684655036 0.0102486994245311 0.0123087225726413 0.0170590928798301 0.0120222710792477 0.0151071299923468 0.0248138623537429 0.0137950260771441 0.00720517034498108 0.0220112212134122 0.0207398291574179 0.0184043320777762 0.016993806657935 0.0389313091427321 0.0493957229952237 0.0485348952097834 0.0381796066200686 0.0422151606019579 0.0424836002351786 0.0437658598456955 0.0414439334707465 0.0360019135422947 0.0313753323998038 0.0253396349325474 0.0366950857396778 0.033397653609931 0.0308896504546174 0.0221750794920915 0.033523054477917 0.0329464114591593 0.0331974821029467 0.0410868638799688 0.0339007886668345 0.0320090188845287 0.0381309541077741 0.0247681061666317 0.0306856803238181 0.0288073135136358 0.0215747488163063 0.0167303005644007 0.0367688849142783 0.0217587615690725 0.0290758924422333 0.028197310046753 0.0340597485407814 0.0259883749335194 0.0326031388466964 0.0306706300486352 0.0176925536343422 0.0223172303011662
0.00122858945537197 0.00412688600243651 0.011798453303014 0.0175813506924709 0.0216163782529068 0.00769170439057797 0.0144054306922876 0.0191387412960063 0.0130978566086301 0.0117183989633673 0.018946717307884 0.0101665943554973 0.0196602285689398 0.0164024542393387 0.0246908040635747 0.0290694103542719 0.0434628056799555 0.0446842741080168 0.0356528907719376 0.0281561923516889 0.0270481026803446 0.0334096026690761 0.0232133084226296 0.0272814645198637 0.0283750736377902 0.036215210510404 0.0352444179463709 0.0259028712115938 0.0264760812621981 0.0364166581900834 0.0334084069318478 0.0217529512232218 0.0281750562626923 0.0193579152432023 0.0255985833185142 0.0217242297267882 0.0266501501882347 0.0283394736084854 0.0248941359949327 0.0347211577399714 0.0233505110401021 0.0230692240464027 0.0262665514359301 0.0254189565412884 0.0259360013568758 0.0202338545714821 0.0122451726377133 0.0159496949398638 0.0304896100569122 0.025796131806898
0.00610323678960699 0.00746588283716202 0.00467981873488311 0.00694640854429894 0.021563359600865 0.0199590293132363 0.0145633498424044 0.00240733571351459 0.00243410479626625 0.0106873185855633 0.00911549059948592 0.00295039495303759 -0.000557767371393217 0.0094943567294403 0.00966373524584697 0.0129643350178614 0.0285941113054954 0.0334833635624628 0.0315150562966278 0.0358919394892828 0.0259002460354012 0.0306688083112917 0.0261600647741546 0.0285387304783165 0.0166915833031982 0.0307169729510214 0.0348721773157381 0.0289776050973833 0.0381776994900067 0.0371789433925363 0.0325355809605565 0.0228728870668824 0.0319466365005266 0.0222312041362665 0.0209616352199823 0.0231398753783223 0.0253278434885005 0.0304905975263292 0.0229949316382062 0.0293635924688762 0.0254421893965503 0.0321198234138132 0.0307685581932352 0.0314334013716887 0.0184216300324963 0.0208117905479585 0.0146747584532356 0.0150921751544954 0.017843810083204 0.0121406847348055
0.00449258625471618 0.00229717896999122 0.00577555251873847 -0.00189401894538037 0.0041399128843871 -0.00835806361404731 0.00667686216928397 0.00895021425296679 0.00371509113625518 0.00693385729487532 0.000470517063118084 0.00653595784791084 0.0104856076916137 0.0199806143722935 0.0145247683831114 0.0138117818037519 0.0211563416370979 0.0343834404043614 0.0316862957113743 0.0293571290215911 0.0312863824999016 0.0336437307047766 0.031629501578827 0.0276586643642848 0.0353608273133009 0.0235192151101007 0.0311283144552051 0.0311136050483453 0.0430467944378343 0.0349441970319961 0.0403039230463503 0.0420082167353353 0.0232360552044742 0.0360992550277567 0.0225290042114129 0.0279745949917458 0.026200830408822 0.0210471542004039 0.0271117039011304 0.0255121282040536 0.0263416374150039 0.0321216288459348 0.0241264039241428 0.0227508097162147 0.0144139315132816 0.0191886332755274 0.0196628015281695 0.0155622872233717 0.0224394040105898 0.0196010906053586
0.01470720757687 -0.00723547283945719 -0.0201030390396283 -0.0222103877575997 -0.0240779430355087 -0.0180364753834685 -0.0261123718116499 -0.00391428732988555 0.00258219697977574 0.00202364426033773 -0.000516412367159926 0.00248601146431247 0.0130186432025253 0.000430450606497966 0.00400630124423723 0.00610667414135995 0.00406001810735961 0.0173629007833925 0.0206170973538083 0.0286821001583812 0.0245113033189404 0.027228869691511 0.0284247781118072 0.0278832893177769 0.0372725317112918 0.0377885344654349 0.0341504456723772 0.0417971321538667 0.0497919590499053 0.041448698705488 0.0421030199269383 0.0333345346835566 0.0320521279211708 0.0197943084086013 0.0320476793058326 0.0240827985657819 0.0197332493532173 0.0244095605993165 0.0333636985526449 0.0225539707394514 0.0175877460351321 0.0179333646583338 0.023659903034747 0.0170054216331499 0.0212204650212103 0.0262016455770366 0.0252864356509294 0.0189125918309892 0.0138369046954522 0.021503672880382
-3.4e+38 -0.0134618316774099 -0.0126766985598005 -0.00876343127079948 -0.00685017339140808 -0.0187827288068196 -0.030362116867886 -0.0197655717899528 -0.0152870166291223 0.000416640515661698 -0.00409624662848667 0.012649318207057 -0.00423227091147177 0.00570637663285237 0.0107124715534119 0.00284977919047831 0.00652305440836753 0.00778696319821343 0.00446363807230046 0.0322318862545544 0.0266792692512099 0.0330966256535711 0.0322347838795335 0.0255012280320357 0.0387703057678363 0.0355549143139043 0.0408522879428991 0.0396119937988007 0.0359080147754421 0.0430570362119852 0.0507110090929955 0.0368973054134991 0.0329256028751162 0.0215815982034951 0.027159398418274 0.0205817147496712 0.023974712566496 0.0346453073156181 0.0324987120281866 0.0159711825078194 0.0225762291878153 0.0259318603894279 0.0255971302410898 0.0231058523307874 0.0284751881427301 0.0243139778368871 0.0297101478086276 0.0234801159269534 0.0305342128552239 0.0257264442402649
