data/pcas/pcas_can_585/pca_referenceLayers_can_585/PC17.asc
NCOLS 494 
NROWS 529 
XLLCORNER -117.166666666667 
YLLCORNER -55.5 
CELLSIZE 0.166666666666667 
NODATA_value -3.4e+38 
[rows 396 to 417 of 529, columns 300 to 349 of 494]
-0.00824317774531871 -0.0153106454805642 -0.0162302530042921 -0.0181083112370469 -0.0219206121119671 -0.0234121974289399 -0.026174490022292 -0.0222109501940356 -0.016644981512798 -0.0304173573431871 -0.0196289102355185 -0.0289720393845505 -0.0296994968143005 -0.0257061273713646 -0.0320792525354372 -0.0321399890381901 -0.0309143303362263 -0.0288830950057967 -0.0267495509279706 -0.0234487451935632 -0.021709435164814 -0.0235714132430293 -0.0177389840053979 -0.0163773983459068 -0.0158882133564799 -0.00788719002083998 -0.0169484131210097 -0.0177011007564579 -0.0174109838300457 -0.0133330321789001 -0.0140969981649868 -0.0164429203945398 -0.00667210918447711 -0.0135890714675998 -0.00660017051184144 -0.00946607169370766 -0.0114687877998043 -0.00930415707733767 0.000366261764534926 -0.00507198506331287 -0.0020997058687545 0.00718758625267196 -0.00598061040959861 -0.000716982198406036 0.00675092732777414 0.0076854688077142 0.00556397743278984 0.00843536494531351 0.00508320436611702 0.00947290955741875
-0.00695754140726615 -0.00786341999627043 -0.00813740012003015 -0.0112259686165178 -0.0120986239332623 -0.0165422064159031 -0.0168986270816467 -0.0248990331399042 -0.0261458948917706 -0.029835315247117 -0.0316127352530302 -0.0269614802630427 -0.0319829555258047 -0.0287516891148573 -0.0391985590246339 -0.0278750710645215 -0.0330276621526054 -0.0307612768185095 -0.0224616083144821 -0.0206145856407677 -0.0280428770081551 -0.0236751488872098 -0.0182535917680161 -0.0239049460645948 -0.0110769751601932 -0.00916749867136662 -0.0154801141934776 -0.0151811004515792 -0.0195057606270307 -0.0188051239273976 -0.0132483381349097 -0.014016512585985 -0.00497255157964491 -0.008678245266082 -0.000849452100188767 -0.00817129759240316 -0.00108212557166274 -0.00589978407309165 -0.00416410025775571 -0.000545297779434084 -0.00715366716876709 -0.0111787868134023 0.00583472637357927 -0.00376198779040815 0.00895485497737575 0.00464663643794118 0.0165967274762118 0.0113730666648518 0.00995245368570874 0.00462502324837068
-0.00709076409893505 -0.00822529151334253 -0.0068803618664658 -0.00627526727795325 -0.00752797789060521 -0.0114801065312394 -0.0262306114245864 -0.0201726848242312 -0.0173059844567351 -0.0229440775228545 -0.0278285928500839 -0.0207123877719338 -0.026273632575805 -0.0208604248376331 -0.0262268176717148 -0.0267257651127827 -0.0373973011900515 -0.0274232528140165 -0.022906653454467 -0.0176243528955066 -0.0189820087604714 -0.0142034362343227 -0.0152682182171366 -0.00867654039142485 -0.00923127374120723 -0.00982796527598414 -0.0208686393087817 -0.0155433359844909 -0.010249656060309 -0.00534039599782139 -0.0108455607538316 -0.0027793923478477 -0.0117177009480633 -0.0150258073408361 -0.00703522707990998 -0.00256674726665686 -0.00239668339786213 -0.00859862729520973 -0.00242235097029857 0.00639732164410047 0.00438304390148749 0.00830319999389075 0.00357938251974645 0.0134345717802239 0.00906435054045632 0.00298602119520048 0.0108815346884452 0.015045157397885 0.00822055926916795 0.00390058542469879
-0.00930201042934668 -0.00903692843012463 -0.00327266957111885 -0.00262737241145095 -0.0047411974177625 -0.0135618638435768 -0.020823502939932 -0.0147282098924126 -0.0111970448782463 -0.0251369776706558 -0.0284137399443342 -0.0240040970183722 -0.0208454020095782 -0.0269525073020517 -0.0204356911158568 -0.0249239755833522 -0.0230564109705296 -0.033546526539436 -0.0239988235513059 -0.0234961568277899 -0.0134868313265339 -0.0202609856867812 -0.011429412576661 -0.0175231153950839 -0.0136259104364548 -0.0169222469551396 -0.0163438408495602 -0.0183824837149682 -0.0133325745435263 -0.0122723702275903 -0.00941753672077972 -0.0107305439268942 -0.00943712609869175 -0.0117729262313135 -0.0159137562747602 -0.00024030563859141 0.000650873209030812 -0.00306291054025023 -0.000614934014402622 0.00334383002652937 0.00475235579704999 0.00912954821525589 0.000906743832421298 0.00821266773425562 0.0149685829056583 0.00973085202043263 0.0139426102083623 0.0103615496419751 0.00676260705743148 -0.00163566017126147
-0.0061980882486651 0.00287455239787338 -0.000581475932975429 -0.0136946076321977 -0.00608193553149964 -0.00927513054191753 -0.018839395761929 -0.00942266267735137 -0.0174768504789775 -0.0151405915447804 -0.0142127873819084 -0.0200865557738066 -0.0294311267704967 -0.0306077032657265 -0.0292001088735399 -0.0186743696448838 -0.023668776274218 -0.0213437207155126 -0.0214742893836795 -0.0133929478361631 -0.0199451191433763 -0.0217038224971139 -0.0128295037405212 -0.012261145617923 -0.0233824385823428 -0.0211331174089674 -0.0142325520704254 -0.019614209252867 -0.0129679015413799 -0.0256914758685682 -0.013023314416566 -0.00798392263971389 -0.0143322326184023 -0.00160532917738499 -0.00825346532391864 -0.00179290197124337 -0.0121360493104614 0.00286428122555408 -0.00647870106708763 -0.00402709084295895 0.000494372023042438 -0.00256635867006543 0.0133772603347286 0.007376161604194 0.00590662664883677 0.00493655295605667 0.000548411690785722 0.00595910964326774 0.00644916957264597 -0.00195282688762883
-0.00571833055369111 0.00676065687781986 -0.00443354757651667 -0.00203313815962115 -0.000803256488358573 -0.0134367662814659 -0.00259663618716221 -0.0154356983167396 -0.017009810986001 -0.0192389539412642 -0.020586717801901 -0.0227508009319274 -0.0229275042910821 -0.0246580874816108 -0.027372530619475 -0.0269384592873484 -0.0312924569504897 -0.0240353843485726 -0.0303540026487211 -0.0274901724705103 -0.0216221451764706 -0.0160922978960493 -0.0179548216535759 -0.02477566141218 -0.0211999672648693 -0.0224038525143319 -0.0118935071283644 -0.00873880943713315 -0.023575995347796 -0.0224793899690805 -0.00991204151954412 -0.0135038675200907 -0.00710804534804898 -0.0059560501955843 -0.0106609068436762 -0.00543731380663411 -0.0115983069021609 0.00365905571423911 -0.000744071551670247 -0.00388410024760119 0.00123905481620445 -0.00337469352002886 0.0115672858503772 0.00900535334947997 0.00471976529357421 0.0178952996446244 0.0133392245339758 0.00728846267495485 0.00436480839333986 0.0107066278762422
-0.000592786211233399 1.2502304574411e-05 0.00525396839967491 -0.00522625132358145 -0.00168350773378776 -0.00264162828453068 -0.0052333786378153 -0.0111961017763168 -0.0112943588540747 -0.015155906260175 -0.0049972362691187 -0.0141197533755626 -0.0235926853079975 -0.0208554864464688 -0.0269927313078231 -0.0293602989379467 -0.0334520477272376 -0.0195192565759332 -0.0209324094259764 -0.0239661803910758 -0.0243443811682445 -0.025420329981368 -0.0234462229595186 -0.0195916412969176 -0.0277429902535982 -0.0208285039608516 -0.0175168224358801 -0.0226722976801207 -0.0137662651647142 -0.0224054575218867 -0.00815491163882879 -0.012445170724095 -0.00575967396221373 -0.00956907496236026 -0.00455832861728332 -0.00596607130358916 -0.00748292452192635 -0.00277491541196118 0.000861362562565216 0.00210037376528433 -0.000198891373601428 0.00230889233210117 -0.00554397777772687 0.00529447334410837 0.00789358477931681 0.000497635316665304 0.0123062099981882 0.00305241365080701 0.00515039049385588 0.00613354736834116
-0.00562408725725265 0.000914506881496368 -6.14913937497666e-05 0.00146033208316508 -0.00988338466766799 0.000521494450028807 -0.0047044963961112 -0.00695446816860839 -0.00259207200365045 -0.0107552169485859 -0.00899853410640389 -0.0118051491232284 -0.0186855705382163 -0.0206441435676347 -0.0237488122008311 -0.0220444901603653 -0.0299221949746232 -0.0304816588260417 -0.0195572196192096 -0.0197140060604451 -0.0178365487929409 -0.0157758370952536 -0.02499956039132 -0.0351430775250545 -0.0267621309599171 -0.0331552657179438 -0.0211949504662621 -0.0262460465047262 -0.0211850093041414 -0.0229172493888959 -0.010340640687273 -0.00539678374843904 -0.0042550121584417 -0.0103112451503184 -0.00508751090109594 -0.00964911942848694 0.00664655444987792 -0.000910377082023063 -0.00519319794213368 -0.00027099133470755 0.000975590521499763 0.0055109304515664 0.00366443524885643 0.00182848703435291 0.00212125274413884 0.00529599904227866 0.00554142868310629 0.00591606085043519 -0.00318830530705758 0.00813258914496763
0.00292096597890069 0.00302140859105754 0.00579251232533893 0.00492891578644837 0.0046377282476382 0.00167995540178546 0.0027324941664091 0.00132923904110131 -0.00647968587509047 -0.00420998651549707 -0.00638784711733062 -0.0130041563984975 -0.0218991752410833 -0.0235670876847544 -0.0257157168195365 -0.018729019807784 -0.0303368261119986 -0.03079269389666 -0.0239812369751353 -0.0215872213121202 -0.024347277663911 -0.0220391107730831 -0.0292610186995294 -0.027885526570555 -0.0206857156449654 -0.0286107847926962 -0.0177455817885257 -0.0208121953433375 -0.0245520136203616 -0.0157088871722728 -0.0243329505082322 -0.0124847985344915 -0.0124080249088942 -0.00694924611052557 -0.0105088481365302 -0.0113743180509773 0.00719202667418816 -0.00430316010540904 -0.00915767644965188 -0.0104417627228986 -0.00037495551522436 -0.00640359362603481 0.00157230526631454 -0.00247812098975009 0.00362775753430248 0.0106923517765277 0.00664569366209485 0.000823240240092474 0.0134683511210031 0.00520976275757533
-0.00614641793532733 0.00779308643396168 0.000962924931303479 0.00736047410984973 -0.000815540065156731 0.00668101873179272 -0.00500737078145942 -0.00110835824967894 0.0035763788686365 -0.00427714371075916 -0.0142369716510986 -0.00949257772941423 -0.0140879765837873 -0.0201307740135461 -0.0226086261688208 -0.0254814108546035 -0.0233420138315059 -0.0383360946901412 -0.0165472388939521 -0.0262955069420221 -0.0173297851438564 -0.0281203864688456 -0.0245027220339872 -0.027553810368194 -0.0267551547275645 -0.0274766824280315 -0.0341099902333983 -0.0260701525300947 -0.0147237938341261 -0.0121408634742467 -0.0229353909541155 -0.0143583320203314 -0.00079851266193822 -0.017276008013588 -0.00322671950041901 -0.0118717101837415 0.00243404387522199 -8.39379639916626e-05 0.00537130156559332 -0.000775877515713152 -0.00204161349914467 -0.00055118361280381 0.00449935573539245 0.00209034448744993 0.00355273954191077 0.00943565227560994 0.00970199539498974 0.0065876454032059 -0.00364395969209798 0.0112895277439539
0.0112620252769626 0.003888766676191 0.0113356300839765 0.0111813608629088 0.00598806217622484 0.00433012890384778 0.00286868425325481 0.0112920276054359 0.0137547515868995 0.00300455090770252 -0.0031708477244236 -0.0202645662954791 -0.00736425827591072 -0.0223271742375915 -0.0318660900726673 -0.0354816837170446 -0.0261445087127586 -0.0354253125814541 -0.0285940564712245 -0.0193786534811991 -0.0252386716379965 -0.0280468787989813 -0.0209881539500944 -0.0268095472271158 -0.0328779892057765 -0.0250835279730857 -0.0337905951236115 -0.0269757259368706 -0.0180956393116277 -0.0131596284490953 -0.017517459195337 -0.013190277456366 -0.00808204504490427 -0.0106118679705142 -0.00345859888075909 -0.0116663051616113 0.00161908553498588 0.000589157707594352 -0.00154619097324849 0.0018470641708251 0.00178841221050556 0.000681477536147044 -0.00328829484880016 0.0012490898978715 0.0103296304290551 0.00951681947120129 0.0077402993183783 0.0041452663919755 0.00820951418224533 0.00246554259820955
0.00723162081551674 -0.000278768157464848 0.0124534392542961 0.00820139156871792 0.00533045494828857 0.0115006961381906 0.00825657610785236 0.00715921843517842 0.00481605752885958 0.00163038960689374 -0.0134792672383447 -0.00959057640032614 -0.0141914600427943 -0.0269412262216628 -0.0315822490954524 -0.0208875795625582 -0.0245584816430815 -0.0209938946586622 -0.0317258583579478 -0.02164164974745 -0.0293225249572961 -0.0282628557912129 -0.0267432892169109 -0.0332719686860335 -0.0261645863489992 -0.0381701046745892 -0.022739430780984 -0.0278370104777277 -0.0199605361206235 -0.0201172777987757 -0.00816482312211178 -0.0134615826958826 -0.0137924495110855 -0.000750751479721578 -0.00952048776461225 -0.00261420680902471 -0.0103638444899065 -0.00727872108895459 0.00712412451056048 -0.00445210674912817 -0.00505315460796507 -0.00357587915502407 -0.00395123493612918 0.00632476255030149 0.00069884158044369 -0.00268958774558105 0.00625918406939758 0.0024893807931314 -0.00410143784538127 0.00303758953769567
0.00169032812642542 0.00537904915254502 0.00314377829969309 0.00170924054073376 0.011272915152771 0.00301099890802602 0.0104838634749529 0.00381517220486286 -0.000774683223566784 -0.00028213181156999 -0.00970041815564288 -0.00720294937059921 -0.0155029943453579 -0.0203362152886823 -0.0264531672030409 -0.0319959553981575 -0.0192871805373661 -0.02486647428506 -0.0356079367314789 -0.0282726626899968 -0.0287612393849244 -0.0305602744032906 -0.0349710986122658 -0.029493288531964 -0.0391145348810784 -0.0240340778715395 -0.0279140426922276 -0.0274177770500435 -0.0225838105882357 -0.0146051963071149 -0.0207824506064148 -0.011907502356466 -0.0135100657731143 -0.0123524059571121 0.0012277820295255 -0.0164909023196665 -0.0106342091606588 -0.00104879114693442 -0.00256238619604222 -0.00626871312363201 -0.0022128012036968 -0.00259119376152772 -0.00318011485218054 0.00134531379006918 0.00509877590160191 0.0038526406695812 0.00119963138297358 0.00369634760135207 -0.000671712064518612 0.00613088868544759
0.00277526700757058 0.00684335536723351 0.00625545066538171 0.00163489463023481 0.0105606363265367 0.00380293114637921 0.00505819015239699 0.00500253167624991 -0.000864483396851488 0.000784869934829006 -0.00640542526538809 -0.00461895938468 -0.0178223377340083 -0.0241395015182215 -0.0259755262806222 -0.0276957518902987 -0.0275249613415307 -0.0217963665450765 -0.0329177046130278 -0.0292405172291365 -0.0315773636718077 -0.0356251805774739 -0.0289785866200602 -0.0343692398323465 -0.0334911803957112 -0.0273098313084623 -0.0286517117284182 -0.0270872082077641 -0.013805437392902 -0.0260805688563592 -0.0137849908068209 -0.0105239575036102 -0.0102000271908251 -0.00842543144315288 -0.0129202442228965 -0.00717922594491876 0.000637597641139329 -0.00271188308933506 -0.00706020468531018 -0.000708369081929583 -0.0126399967471564 -0.00856299651175233 0.000557099216045607 -0.00133276353166327 -0.00659650760370403 0.0081920249953005 0.00626548434375253 0.000431084084953019 -0.00161338275412342 -0.00247497431677175
0.00261509091547816 -0.00073952100388072 0.00908344457839942 0.00334547578947007 0.00428395938858649 0.00905354883962157 0.00231347764685106 -0.00329162400682581 -0.00139779485182471 0.0019393277459798 -0.00657034592629557 -0.00934548476868598 -0.0199392705576053 -0.0228399249142346 -0.0211465425848452 -0.0329010147642763 -0.0272938897683854 -0.0326655657048547 -0.0364518783256562 -0.0218457177847226 -0.0303727578156091 -0.0284350371125415 -0.0329783046205396 -0.037400316267441 -0.0363500222974485 -0.031967805895037 -0.0273884665866583 -0.0201206389999201 -0.028146642848091 -0.0146589960793876 -0.02248720807139 -0.00906677463783307 -0.0180218917675865 -0.0166236246467877 -0.00576625944119912 -0.0114071621131916 -0.00514011278062926 -0.00338884290083312 -0.00853582603794046 -0.00129576975491785 -0.0113263328320205 0.00265533222536645 -0.00607844302647206 -0.0108946566571979 -0.00304448631537161 -0.00919514152807407 -0.00447911222545166 0.00879737786805366 0.00263619721609286 0.0102854492101257
-0.00072901655086879 0.000403479603701958 0.00179032879942311 0.00167520092025435 0.00466274075054671 0.00772775748581996 0.00732608977160283 0.00619460439741275 0.00701642819990901 -0.00322812035075499 -0.0038232655147532 -0.00849373325153407 -0.0177858173338679 -0.0250751153568279 -0.0221567281200692 -0.0294344459249594 -0.0279794822014379 -0.0211487714656876 -0.0238304862705793 -0.028230805393893 -0.0313197353287132 -0.0279862078570157 -0.0270536519044541 -0.0405125419096692 -0.0379666928391128 -0.0293920807681582 -0.0244262638264402 -0.022332115396668 -0.0221549448535887 -0.0212196745718324 -0.0206797207884134 -0.0134736591174503 -0.0182353228597479 -0.0048738463961768 -0.00948447325007509 -0.00189464175221507 -0.0093586342300451 -0.00371547444851623 -0.0134528918210615 -0.0104529912045331 0.00229774163256951 -0.00836068603686183 -0.004779120122087 -0.00745247466540292 -0.00537867441879131 0.00262900263185036 -0.00571950014482166 0.00320727787517596 -0.00230212790619863 0.00440874160444208
-0.00435748695472538 0.0120529956344049 -0.00744526695191629 0.002874486199632 0.000995957121260361 0.00896750844872421 0.00106100532619924 -0.00422100818058563 -0.0042112393617628 -0.00158538295494333 -0.0154174155626266 -0.0156824027888387 -0.0129844103832941 -0.0221271503842053 -0.0280629681782787 -0.0199382092370709 -0.0316992860009433 -0.022236484815956 -0.028991606354111 -0.0275209019755662 -0.0274835140663321 -0.04335987070324 -0.0370356735909058 -0.0366247485680757 -0.0310904802427229 -0.0284215511789478 -0.0253141820870552 -0.0226397026314925 -0.0247692376376639 -0.0209681640223927 -0.0215131491773555 -0.0105175362185226 -0.0196653411810464 -0.0196481140957837 -0.00910627776860739 -0.0101113621556166 -0.0105334070698855 -0.00556839751071864 -0.0120924161363204 -0.00356085469551787 -0.00962685376105599 -0.00931775732604473 0.000202452208859388 0.00117916703823689 -0.000335750795693208 -0.00303224143336578 0.00417887984643493 0.000316036353992811 0.00418294137078906 0.00837183598084941
0.0105687951523497 0.00456544950471731 0.00573335394718052 -0.00737380455217954 0.00454452174747974 0.0048166036054011 -0.00340162126814298 0.00548210087078481 0.00513251678085526 -0.0137074487910476 -0.00797657418165188 -0.0138366591778953 -0.0248772761924895 -0.0205919140845834 -0.0244871726716732 -0.0310200904235569 -0.0305716745259012 -0.0355706905738933 -0.0218957394788186 -0.0355280315517684 -0.0279661116396222 -0.0446557161153449 -0.0360680030805111 -0.0327801804903412 -0.0421079183401151 -0.0290737752010238 -0.0280037995059643 -0.0278312318116409 -0.018145884346232 -0.0176464446785789 -0.0131438192864635 -0.0116474081630463 -0.0221853884779893 -0.0070659560559026 -0.0128531710857096 -0.00808060205018142 -0.0239347612368113 -0.00875963278174034 -0.0119358854890574 -0.0163114263412799 -0.00654830070013573 -0.00333111018975314 -0.00710195215208058 -0.00573052309203239 0.00129992751600328 -0.00262631748904571 0.00399612922359171 0.00403864556702609 -0.00140559447318537 -0.00314573001760712
0.00117835624658026 0.00128169886607911 -0.00620657147963348 0.00616324308945224 0.00374640767888525 -0.00293405629460018 0.0114294575125718 0.00230635990618939 -0.00517810243936359 -0.0124856640942145 -0.00554296209692459 -0.00915592012656521 -0.0159522552429623 -0.014209733327926 -0.027406953878959 -0.0237443613198361 -0.0250629927067341 -0.0276817882148129 -0.0202432321085257 -0.0343106010074348 -0.0272165231421935 -0.0316455304076764 -0.0328059081567407 -0.0307589148632368 -0.0360030019858842 -0.0331544605571923 -0.0262257781879125 -0.0303909893401604 -0.0226521227835897 -0.0235522687652892 -0.00959227860867991 -0.0157335788438264 -0.0166600924266976 -0.0131282279302982 -0.0108958174588341 -0.0238330474116454 -0.0169770208179286 -0.0182505074559481 -0.0114883730945184 -0.0215212380547696 -0.0124446428158955 -0.00380072159229008 -0.00299045628152993 -0.00899017965126956 0.000472259926260201 -0.00365987641307494 0.00438068055384828 -0.00818308179147564 -0.011291865194133 -0.00241780210222639
0.00387818666892593 0.00293597001281396 0.0045576446816992 0.00901854279154869 0.00911457666514759 0.0120257412760367 -0.000295819376822565 -0.0115032084545304 0.00158207012516322 0.000669955898407359 -0.0107256474416792 -0.00965735436588784 -0.0149443086693154 -0.010299790050712 -0.0227999051323233 -0.0255758168802503 -0.0288192911395597 -0.0318123072537735 -0.0283647508083652 -0.028109303822367 -0.0317409168585856 -0.036633382984859 -0.0314067935808792 -0.0239819366304493 -0.0349272481772462 -0.0245238462050339 -0.0234013843016426 -0.0276630176444491 -0.031789608460377 -0.0161084906716951 -0.0247192532020212 -0.0230499802545102 -0.0169622736109903 -0.0171305741599043 -0.00740256422480481 -0.0100340696588842 -0.010581693863267 -0.0126921853830054 -0.015969901912634 -0.0146426932342657 -0.00966971749506661 -0.00636960368545719 -0.00384254750387449 -0.00749228945804101 -0.00698185357182921 -0.00460450638811851 0.00389462246135712 -0.00159174163389736 -6.43707719861818e-05 0.00782389310099091
-0.00681408025876461 -0.00721707662189767 -1.13035568579086e-05 0.00677619170848284 0.00502582549350633 0.000465119285593699 -0.00254638646143129 -0.0086899461785567 0.000391941116002464 -0.0159403690350789 -0.00539540025749049 -0.00957148380366821 -0.0155299169376417 -0.0151635586282785 -0.011150129225781 -0.0235812604271745 -0.0136607008067412 -0.0270870826769938 -0.0371098102553431 -0.0402485271431422 -0.0332249344281392 -0.0348800501357759 -0.0341598145780197 -0.0396143726884231 -0.0291486162445995 -0.0309959270412427 -0.0329373399656463 -0.0288137063720863 -0.0209804189941157 -0.019842138221134 -0.0229424740023123 -0.0189462949628691 -0.0145015347816196 -0.00946428974590314 -0.0219808765993523 -0.0121623601800438 -0.011268373781502 -0.00156118961213498 -0.00546108645910069 -0.00656607905907689 -0.0143326840241927 -0.0113280143873226 -0.00935256249870108 -0.0199774071402355 -0.0084168430334388 0.00031167661553542 -0.00588850379646179 -0.00777466805862093 -0.000939299232053196 -0.00239382535546027
-0.00919845835400582 -0.00386799143364686 -0.00113351585390596 0.00934477524648368 -0.00100055422443267 0.00827623226012616 0.00567099571116045 -0.00104382398700404 -0.00645785142297814 -0.00321532740496053 -0.00546129590861124 -0.00804984334929144 -0.0133317211809154 -0.00683140374094404 -0.00806646356518152 -0.00989927018554495 -0.00804606764465197 -0.010635645151627 -0.0320649123327851 -0.0311300076228988 -0.0356447130194655 -0.0398937478063815 -0.0335497090725659 -0.0347673331199637 -0.0281902847540669 -0.0315262714796393 -0.0404787820429643 -0.0261059124109966 -0.0329220553262644 -0.0247126172429164 -0.0292541197335136 -0.021227201719406 -0.0267308190157661 -0.0203034017614591 -0.0177229132364023 -0.0110303567657738 -0.0120167570493584 -0.00421830607816752 -0.00912789700635761 -0.00278007522938392 -0.0144952199008378 -0.0104478186450425 -0.023360224571683 -0.0107370240930654 -0.0147311068930383 -0.0179218968754421 -0.00605696230270735 -0.00698707084460137 -0.000645794761123839 -0.00877582599179958
