data/pcas/pcas_can_585/pca_referenceLayers_can_585/PC17.asc
NCOLS 494 
NROWS 529 
XLLCORNER -117.166666666667 
YLLCORNER -55.5 
CELLSIZE 0.166666666666667 
NODATA_value -3.4e+38 
[rows 220 to 241 of 529, columns 250 to 299 of 494]
0.00988240339407184 -0.00102267515599981 0.000806198500506311 0.00441495486080543 0.00613389815144023 -0.000739262430672741 0.00168857042035846 -0.00348774877482533 0.00146855610330617 0.00508124244909518 0.00150061602639018 0.0022518504670511 0.00286375983448111 -0.00210966805168808 -0.000367965519993465 -0.00491146554847314 0.00654126992546594 -0.0010562932428077 0.00869506687900994 -0.00178306005266226 -0.00366819046305499 -0.00700943494814773 -0.015909268576142 -0.00347477085721509 0.00315335926544281 -0.00426401239249779 -0.00282380316817941 -0.0103647046104674 -0.00134571881936201 0.00545687478886269 0.00404966585778525 -0.00111168014670119 0.00210239301299691 0.00323399092751161 0.00660022113034512 0.00825372805188956 0.0070287184547308 0.0100009328465413 0.0156153136242947 0.00245400431132906 0.00376986118928525 0.0111485882791263 -0.0013221285344549 0.00940411172295456 -0.00107047613069302 -0.00745303663894877 0.00525523029970705 -0.000645727564185156 0.00723181559763578 -0.00299576616078335
-0.00261206453076997 -0.000121746095229617 -0.00235276086214829 -0.00580973043003937 0.00223285180634333 -0.00337173447029208 0.0017729479322222 -0.013724857445673 -0.0062617743355865 0.00311035405731451 0.000669844679889585 -0.00283184745940768 -0.00120759046643546 0.00323180305517141 0.00649472475247241 0.00631162596913942 0.00389053080281751 0.00409674296836858 -0.00287279144722458 0.00888187875932365 -0.00467123063260134 -0.00490783121332187 -0.00531984505624706 -0.00769468381045339 -0.00502625175017777 -0.00876781014165739 -0.00515445047960956 -0.00736007297874203 -0.0149883851202054 -0.00353638803940863 0.0125729521290482 0.013996646368599 5.84867819228129e-05 0.00841960160771389 0.00106772541321191 0.0183680032862724 0.00740602518376256 0.0053117615180577 0.00532722397192497 0.00386319213908548 0.00279306571270974 0.00142066847898049 0.000324053748059723 0.00885118405724907 -0.00159664365160893 0.00415524540584559 0.00602632422393222 0.00748222217660534 -0.00261170729839242 0.0114727207742182
-0.00676863635455944 -0.00412359274842795 -0.00590871091479454 0.00273638380527196 -0.00469799814608824 -0.00903489536752799 -0.0176095038522202 -0.00893618565098194 -0.00702272622032175 -0.00162592280186236 -0.00562489804234125 -6.19136938964562e-05 -0.00510555128326411 0.000368843200900838 -0.0041687681849913 -0.00323970307924492 -0.00103173803981163 -0.00234833997396075 0.00630798394970436 0.00290336478926967 -0.00593437124292192 -0.00621236781471025 -0.00787439075655276 -0.0044358837065583 0.00103252671243284 -0.0119455967525192 -0.0141849002970032 -0.0139740602963519 -0.00693002908048832 -0.00122830450331518 0.00337338439580407 0.00339724850367579 0.000693414299578464 0.00479821195454562 -0.00418331633644367 0.0102612753967579 0.003126522563165 0.00475798385881167 0.011419558817711 0.0123938234523279 0.0025669891664553 0.00775926246904431 -0.00153503889559853 0.00556490764065245 -0.00601650017143569 -0.00142561605112168 -0.00756614689215382 -0.00763949777641558 -0.00649422093496139 0.00786614504156607
0.00314977378187827 -0.00234776543790602 0.00370265880939741 -0.0149556706480535 -0.0111006639346012 -0.0042792388002054 -0.00974402269967569 -0.0177347332157409 -0.00203165122605053 -0.00363158730871332 0.00152443247028294 -0.00428630195977291 -0.00851030657399635 -0.0121636571243832 -0.00197418537473536 -0.00568788005600756 0.000881743109226497 -0.00531136345641775 0.0055450742119058 0.0104583858037785 0.000534665495382466 0.00386986006735496 -0.000333155471258893 -0.000706029139596991 -0.0147524904579378 -0.00260579984551025 -0.0044714481691813 -0.0168517629211865 -0.00916958922698302 -0.0108675764814565 -0.000485426246317366 0.000305663427260374 -0.00959407900016675 0.00359529728085758 0.00693819651736007 0.0043575509936498 0.00432087025764426 -0.00279372327990359 -0.00238216207685158 0.00287511434264009 0.0115466550703935 0.00225827131235072 0.0107151039536833 0.00991788137215221 0.00623069039030655 -0.00475217124906313 -0.00235987895251888 -0.00633268994124809 0.00579514709391696 0.00418515082609697
-0.00506941798190674 -0.0073177746539821 -0.00307485248059964 -0.00825730713828868 -0.0051529009313059 -0.0100895325022454 -0.0156902204376973 -0.0158223312204883 -0.0109365397691278 -0.0108257922567368 -0.000953514622589479 0.0013274000865864 -0.00279761146514246 -0.0135620743993989 -0.00538465804191936 0.00265713021256326 -0.00226535426443371 -0.000678405681251965 0.0020295310350083 0.00378778460999349 -0.00502664062240711 -0.0042427017189496 0.0081326208207361 -0.00519439525617337 -0.00542440865897584 -0.00880218449316793 0.00298461965034265 -0.00827616229157313 -0.0156329379031955 0.00244538381154248 0.00456173589919691 0.00112815438893075 -0.00362592598151496 -0.00435895916401979 0.00227694196844373 0.00294194979059007 -0.000350477881362492 0.00411497391804004 -0.00114508696921243 0.00473027892447298 -0.000627648727396958 0.0107154801150817 0.00538408575874559 -0.00329996070068286 -0.00332557400820181 -0.00480793568270664 0.00603055044033612 -0.00445007575121841 -0.00623274534113978 -0.00523658620123729
-0.00740898779810237 -0.00235188115596576 -0.00840263053097484 -0.00159729497457545 -0.00492183948901736 -0.0061650375289853 -0.00981115437112598 -0.00549798283236485 -0.00967992167866535 -0.00372840770362069 -0.00254785663508981 -0.00298119991959283 0.00259968071169616 -0.00478015519908969 -0.00271905567442319 -0.0111254513661398 -0.00235448396899059 -0.000287977756143781 -0.00285907797840322 -0.0025606606779921 -0.00186857138149445 -0.00433768136867417 -0.00259827902120054 0.00234500563318351 0.00582522311739794 0.00429695396125284 -0.00889515941419464 0.00423400838069678 0.00471859854141948 0.00652078848901576 0.000267673384908783 -0.0127498663308048 0.00227508741282289 -0.00811988556695237 -0.00497582185675585 -0.00521326544135932 -0.00512062223627492 -0.0019114772634351 -0.00134987420864532 -0.00239154266268811 -0.00250390975829625 -0.00642437713664041 0.00338240396129891 -0.000957353529284395 0.00211035487280444 -0.00185713954950665 -0.00399257850249082 -0.00135270439510372 0.00681575712141989 -0.0015792560133573
-0.00922210228742726 -0.0168908131059351 -0.00620766940746125 -0.00430252118157173 -0.00638553476186238 0.000353128341158962 -0.00303593099196938 -0.00816099734061248 -0.00843377361697628 0.00413080281856176 0.00443844901952949 -0.00444774994526545 -0.012930439113757 -0.0124068344418862 -0.00719006649207136 -0.00415803333070644 -0.00364517210060526 -0.0017502100045903 -0.00303983591712196 -0.00777096197529553 -0.0124116667433957 0.00438970539971699 0.000354209370829608 -0.00532956561414299 -0.00537116675007498 -0.00511464460518225 -0.00109631857368824 0.00170761637316307 -0.0108145589010561 -0.0101494597905137 -0.00836316891200235 -0.00694907968058891 -0.00468228444393389 -0.0139913119361638 -0.0111802753508025 -0.00660593300671029 -0.00486778948185874 -0.0041292865472138 -0.00275282987410166 0.00219639092896674 0.00404251490754483 0.000822876331762923 0.000165416059113419 -0.00983413444104081 -0.00760990977996203 -0.00446367501935858 -0.00256219799149247 0.000586043606349802 0.00172230984389463 -0.00501312747745411
-0.0100751971344579 -0.00688566682923647 -0.00227156772864892 -0.00332398877030556 0.00307641222929369 -0.000235681815688747 -0.0044527842999464 0.00566207906731982 0.00307602230905383 -0.00429247236036188 -0.00381644128830027 -0.00879510283665365 -0.00679653286456844 -0.00702287587805353 -0.00260100072313383 -0.0116916408913436 -0.0119195739169454 0.000153268238850757 -0.00672879578814799 -0.0104325773776739 -0.0174766092313427 -0.0022387861233818 -0.00296161453181516 -0.00236998118929486 -0.00801307523665166 -0.00862627546304799 -0.0135842297988574 -0.00937905189384788 -0.0174499128303079 -0.00628433058929811 -0.0015653036473402 0.00350061780902779 -0.00498437799966382 -0.00612983041377849 -0.000163741317062057 -0.0115046398070893 0.00187931385888643 -0.00576940920244448 -0.00751206115857014 -0.00154449036129923 -0.0116189827301845 -0.0076514134835287 -0.00818640022987087 -0.00624579375071665 -0.00381761245177711 -0.00594932300540319 -0.00243698443093723 0.000266859235368202 -0.0127430578800496 0.00725157042999052
-0.00954130752610001 -0.00559280472945202 -0.00147043872722172 -0.00755888832107327 0.002165232784631 -0.000240248650563948 0.00747120981082377 0.0130535307072989 -1.76244413527173e-06 -0.00076659902763341 0.00541929766712095 -0.00544663986991466 -0.0116234996414059 -0.00911883781646058 -0.00785304764693973 -0.01171185119903 -0.0033968595355326 -0.00391014159093387 -0.00159653706870168 -0.0135455330212077 -0.013599210312876 -0.00761958559099672 -0.00981530806720178 -0.00415430574773201 0.00118003628525632 -0.00712697980874528 -0.0112701546547715 -0.0152753278972233 -0.0127654586827172 -0.00915135898208169 -0.0047351024603185 -0.0143490600674057 -0.0120944366840222 -0.00723856649710848 -0.00770030181879689 -0.00155354733391585 -0.00676587897541939 -0.00792783194951285 -0.00807089619904773 -0.00961139288241355 -0.00445192251892637 0.00322224816275407 -0.00921837760054369 -0.0044417560041712 -0.00501526916753033 -0.00628557024282603 -0.00261140242255786 0.00120861157752167 -0.000247858119446075 -0.00220167668426355
-0.0161295937839143 0.00203599659522992 -0.00200458429846672 0.00334635458717381 -0.00551595732184192 0.00206535038959656 -0.00657983024608155 0.00280627865056811 0.00105509228010684 -0.00829315142797109 -0.00370493607391171 -0.0102780307032 -0.00607330020112164 -0.0117475794721258 -0.0126648457333362 -0.00774631204250126 -0.0110878556421532 -0.0119173166867109 -0.0196878417768984 -0.0197509373790327 -0.00663646319132437 -0.00378386580478603 -0.00386972917878675 -0.0136046801883548 -0.0085474641696801 -0.000688950803102903 -0.00683659929562772 -0.0136854605399154 -0.0146870810560225 -0.0115936141251983 -0.017774565776007 -0.0033342376917571 -0.00173901432719918 -0.000470383118613863 -0.0027632835842878 -0.00698895591066858 -0.0003228771898125 -0.00856629036855891 -0.00830419141180035 -0.00624200517315254 -0.00442242073843621 0.000382228622645451 0.00294542287129618 -0.00983878322257699 -0.00701052480256974 -0.00481591397056784 -0.0129343079294494 -0.00488394679194987 0.000592705250808229 -0.000232392366732889
-0.00148883611610139 -0.00175453812986273 -0.00664627741259341 0.000742064308296335 0.00177590569184647 -0.00437236164433339 -0.0035721095901464 -0.0163966857956771 0.00117109041766089 -0.0142991539874844 -0.000322448719201672 -0.00685684774125307 -0.0128306565772452 -0.0101652400442192 -0.0154868075212877 -0.0162070977104204 -0.00299562677969097 -0.0144087810054759 -0.0134291903330399 -0.0136332128460521 -0.0113143154207473 -0.0126643172769548 -0.0110653660692341 -0.00807521549723864 -0.00442893158981793 -0.00261369667160588 -0.0141235731931823 -0.0162773388456887 -0.0163311027226339 -0.00313355200678308 -0.0109745934881055 -0.00561019744642021 -0.00174327431401732 -0.000319599133912442 -0.00685993803659025 -0.00293945794697883 -0.00389467723351238 -0.00157306193990785 -0.0073797926025454 -0.0071734336382953 -0.00318505748591163 0.00357720276729205 0.00103287368145442 -0.00590017538220974 -0.0108318616150512 -0.00723445071280416 -0.00232978765779481 0.000565173274126401 0.00159905820349026 -0.00172916670097275
-5.27733459009232e-06 -0.000744657599645106 0.00162064716096386 -0.00392496409519233 0.00331583402776794 -0.00812468225874496 -0.00773370327343933 -0.0138432046880484 -0.00469176164625365 -0.0106101377423825 -0.00510999081458221 -0.00452634384978462 -0.00752390721411106 -0.0135937594655206 -0.0139211271864341 -0.0246641852244635 -0.0110364060331357 -0.0111762105409549 -0.0185375236312884 -0.0114678845968262 -0.00442530084351845 -0.0160645626887948 -0.00297853861132508 -0.0120429038252472 -0.00875877848453879 -0.0129914324640483 -0.00846123571313939 -0.00518709080198994 -0.0114379652026798 -0.011383932037896 -0.013802290162597 -0.0106837144893403 -0.0156832161266301 -0.0097262873329896 0.00543513911013758 -0.00618372775687936 -0.00509025828229513 -0.00401963019838037 -0.00668140625241362 -0.00175120097708017 -0.00463340324365554 -0.0105239354934697 0.000528466500465202 -0.000908057122501523 -0.00915064310851048 -0.00794730469376934 -0.00165151338311394 -0.00132189701766723 -0.0117413336103808 -0.0146896161144437
0.00366694615075445 -0.0016601982972672 0.000495787364858955 0.002328710263326 -0.00912064467413689 -0.0108391678126521 -0.0105323403782283 -0.0165569874822845 -0.00939132976246728 -0.0149399003317519 -0.00997892056796271 -0.0194988824620716 -0.013886077401382 -0.0105536274163948 -0.0110797024069135 -0.0181710962238249 -0.0171544294090625 -0.0137703927010167 -0.0124392536312745 -0.0107774742249501 -0.0125794912497899 -0.0149871875877813 -0.0106000801480779 -0.0146779573014341 -0.0160282799832606 -0.0126507711451058 -0.0149490157364109 -0.0100351961608235 -0.00660040529693669 -0.0107113107465331 -0.00442035495789145 0.000125329492124718 -0.00681416392198228 -0.0008370943773378 -0.0066906039704148 0.00601563702768485 -0.00257556911879954 -0.010369858587625 0.00236362218867676 0.00206457165183212 -0.000550191064063961 -0.00301423903723513 -0.0153874948995136 -0.0150881334415552 -0.00153702685870573 -0.0085448831357661 -0.00684414047458828 -0.00604078164361508 -0.0144041467684063 -0.0169676649050641
0.00258925046768825 0.00281794291880989 -0.00301992811960531 -0.00298010020762048 -0.0122933491721872 -6.12133377864837e-06 -0.0130009234320689 -0.0135192151996381 -0.0150071996639195 -0.0222137148240351 -0.0187355012801537 -0.0183532050550277 -0.0227602500150467 -0.00786973730728625 -0.0135960333331176 -0.0140453907770787 -0.0115557117343527 -0.0121307119460229 -0.00788414574874844 -0.0139537860029318 -0.0150918375480765 -0.00581063264817627 -0.0119544251816411 -0.0157914341027359 -0.0157588274293934 -0.0112287783745794 -0.0128208095754953 -0.0109697899420286 -0.00913473329523215 -0.0132549996436812 -0.00947161118183943 -0.000671413628957385 -0.00455674962765908 -0.00211870579855067 0.00372839789266573 0.00785061025008096 -0.00359849522265944 0.00362492917957502 -0.00714132953269509 -0.00702422426963156 -0.00630891880305797 -0.00572731638483402 -0.0128217806504012 -0.00588736100481832 -0.0147703059345023 -0.0112828310758279 -0.00927709654233594 -0.0142087477716872 -0.0119249454228699 -0.016836982645018
-0.00406168120261616 -0.00289024188463848 -0.00284111681967782 -0.00977318822274973 -0.00522704275464017 -0.000845609245563574 -0.0091461013995712 -0.0131055538200854 -0.0178051010994982 -0.00841936442327463 -0.0160432438846272 -0.0164344665014804 -0.0174099650835804 -0.0226659350837595 -0.0226556204934057 -0.0313018002926265 -0.0182107064351757 -0.0262616901699603 -0.013193321097598 -0.0170096797066652 -0.0239332919501623 -0.0247335529799383 -0.0197916794506906 -0.0143385715761794 -0.00794137357040798 -0.0162678285141492 -0.00701440059427628 -0.0132760836215736 -0.00860097532498834 -0.00554237958253334 -0.00832574129004555 -0.00137645622750606 -0.00533167642161471 -0.00513218314823622 -0.000213246545063165 0.00429344835190013 0.00688353134761871 -0.000209864830719353 0.00194566016303137 -0.0038752038966234 -0.0120465958740811 -0.0100509154507423 -0.0114530991748141 -0.0183594710170776 -0.0134231312878505 -0.0111672051665067 -0.0180192144143217 -0.0113276283392514 -0.00429941210331704 -0.0131067234915421
0.0010468500948438 0.00774491765177767 -0.00517819247075818 -0.000381281415784617 -0.0110188806170415 -0.0107472806824809 -0.0129636191251653 -0.0172785227766836 -0.0202708670194894 -0.0245562003748939 -0.0199634743372035 -0.0171312138578391 -0.0212899356879118 -0.0165882786371108 -0.0198842989183038 -0.0256068617379394 -0.0201489037051852 -0.0235878480494881 -0.0204905807860245 -0.0205312459828979 -0.0189747428584586 -0.0160726049377807 -0.0148914078512414 -0.0190084872742789 -0.0150830231547842 -0.0146231521630867 -0.0190848028314046 -0.0143086149653403 -0.0145142835388285 -0.00824489975156019 -0.0105461756564503 -0.0052912017683016 -0.00833333193691021 0.00768858071461724 0.00245490264293578 -0.00567181425867924 0.00485588579458167 0.00773079852047931 0.000128601301313853 0.00386055713372021 -0.00611404637770615 -0.0129847019875341 -0.0123698604229204 -0.0188538427738946 -0.015381247561221 -0.0112501229492059 -0.00925633438608771 -0.0144306165699457 -0.0177182778342079 -0.0173468130473531
-0.00153205534108164 3.27019649673868e-07 -0.00530834035146266 -0.0116805129136464 -0.00776384741900191 -0.014632893323432 -0.0189508885486246 -0.0162897222801085 -0.0081094555367906 -0.0139602253678322 -0.0127579981124656 -0.0183251270000332 -0.0159526648303508 -0.0104001422938037 -0.0196754288613835 -0.0166750008693322 -0.0161852526975116 -0.0151149656194233 -0.0141603067789628 -0.0210573303882493 -0.0125690367686549 -0.0102042170503479 -0.017105315798481 -0.0158328259827906 -0.0129389330699909 -0.0177105169446451 -0.00121924655451506 -0.0124925425399796 -0.0207766995398586 -0.0164911767333987 -0.0057752880166706 -0.00824556962068999 -0.00216709918309658 0.00537288547632088 0.00715899525798275 0.000559252128594501 0.000504560228972804 -0.00563883391292831 -0.00663354577954013 -0.00877146184346348 -0.000346775952208016 -0.0131956781784763 -0.0107992427329435 -0.00504817209415181 -0.01208733955299 -0.00933537972482765 -0.0107184052753907 -0.0169148230359124 -0.0191503886290968 -0.00809035808853392
-0.001295907018617 -0.00153512843730754 -0.00790808315969403 -0.00455853976214506 0.000422028745231263 -0.00760896839451449 -0.0147062840609152 -0.0116392985221368 -0.0137639222744039 -0.0230051408992127 -0.0168104674667463 -0.0239726256155294 -0.0184478041587176 -0.0224556157172972 -0.0231302148693384 -0.0222226671149406 -0.0181816397811837 -0.02565866427396 -0.0140579275597614 -0.0152426556928605 -0.0146886849968962 -0.0259512656929031 -0.0268294411828371 -0.0251498389335651 -0.0230976945508109 -0.0178907989643164 -0.00877064508886386 -0.0122060162599352 -0.0124250703394965 -0.0195065359644258 -0.0105493012615366 -0.00155375865016755 -0.00486993167552502 0.00380529238828391 -0.00613802396671496 -0.00104571192974458 0.000712781144653752 0.00051770906120123 -0.00414513661394043 -0.0020946370470356 -0.0125691982168742 -0.0107209106766204 -0.0176225055934409 -0.0046274804500291 -0.0137608101732098 -0.0107636457654633 -0.0200221364990516 -0.0168828326427748 -0.0187952667158199 -0.0213219469249721
0.00303964518321109 -0.00341955410644126 -0.00155115290667873 -0.00563265972456526 -0.00198504981769864 -0.011458691608949 -0.00817003891373125 -0.0128053228298109 -0.019407958539449 -0.0238102284201984 -0.0234075504177444 -0.0160347935599231 -0.0131766587960311 -0.0323331844273408 -0.028802427137282 -0.0221177097686354 -0.0130365794103634 -0.0190937960917916 -0.0152617736463818 -0.00897320119269223 -0.0173967675897544 -0.0172291764101276 -0.0272380068182687 -0.0298608050760796 -0.0209744357998347 -0.0103034658116686 -0.0172760437238086 -0.0116738679412256 -0.00665870444903646 -0.00621367588280452 -0.0077934200091101 0.0056352324642567 0.0027378356104565 -0.00554791511275103 -0.00186968364862391 -0.0107776938736764 -0.00360441916614996 -0.00196367777601695 -0.0112548673688783 -0.00738687070312156 -0.0147379729877908 -0.0019526674721122 -0.0140789607474371 -0.00860176662068098 -0.0163085996315766 -0.0114559173261638 -0.0137892185067482 -0.0208517949096789 -0.0210745005724427 -0.0194362939777196
-0.00185341460731396 -0.00324599955342218 -0.0113684481402413 -0.00014975478439157 -0.00731241288010814 -0.0139157170310681 -0.00802331584858008 -0.00919410046463175 -0.0171471727575064 -0.019250812863415 -0.0248530162128701 -0.0136690050916509 -0.0149397803142547 -0.0270354195674552 -0.023841933444538 -0.0165661242695233 -0.0207113959125541 -0.0114570872423903 -0.0226482648317308 -0.0096279723722613 -0.0110011089470866 -0.0134323366769223 -0.024330992102304 -0.0230667816894254 -0.02942870186488 -0.0296112634303004 -0.0242830930737284 -0.019817185230491 -0.0154022110468147 -0.0133497482179929 -0.00408517264364522 0.000922183913981051 -0.0061656026602175 -0.0118858203776689 -0.0064813845690949 -0.00469397142634035 -0.00326546557307496 -0.00554344110896397 -0.00203263864782011 -0.00983948179143752 -0.0092454768517296 -0.00913407759699331 -0.00386272113935053 -0.0254434071938294 -0.0100582243612977 -0.0156730949184445 -0.0277908904811078 -0.014901836703725 -0.02422963695514 -0.013245550245335
-3.01267392757835e-05 0.00219318426895325 -0.00761225622343028 -0.00866361676862192 -0.00937776768804638 -0.010252604545773 -0.0198842537342782 -0.0227737337189159 -0.0200140118360461 -0.0162962432817767 -0.0181377341851632 -0.0298915357095539 -0.0273633890662544 -0.0195120286240106 -0.0189270121468238 -0.0248391412736382 -0.0210083512223081 -0.0149355589488995 -0.0184296283973963 -0.0155616142315299 -0.0259657064271817 -0.0296506818344419 -0.0147405964389649 -0.0212382070084113 -0.0209477496621598 -0.0221156197503549 -0.0222646012569054 -0.0272035700670038 -0.0157618150125485 -0.0234495358952728 -0.0141215139432091 -0.00503605248083043 -0.0106402055267116 -0.00912589275993497 -0.00254187194246422 -0.00232410411908913 -0.0133246077007106 -0.0127525170720449 -0.00844280008372641 -0.0129594498361723 -0.0128217416997719 -0.02079875903085 -0.0207365913154621 -0.0156248533442894 -0.0218285831380858 -0.0208722112859916 -0.0290001936143519 -0.0284807200603792 -0.0165799631887283 -0.0153223894191017
0.00647003491901288 -0.00715023948165593 -0.00178798723882489 -0.00761063516069276 -0.00034243168739423 -0.0165157617454323 -0.0144744601342565 -0.0224865641513456 -0.0196070398247697 -0.024942460452438 -0.0270190770976531 -0.0242797833194916 -0.0315163842468565 -0.0255309589450735 -0.0213557053684969 -0.0185298150377916 -0.0159648046819936 -0.022149267174913 -0.0215388305058099 -0.017297138120785 -0.0151369032837582 -0.0159076659678028 -0.0139756538875617 -0.0259045218179106 -0.0241862180825494 -0.0232007521329851 -0.0221504134463167 -0.027862249356492 -0.0222997486283669 -0.0187572479290814 -0.0225310944085214 -0.0132411010916542 -0.00359570224699855 -0.0133134932133628 -0.00887835697488113 -0.0184001793403482 -0.0115649120237412 -0.0141797592400392 -0.00858274745228844 -0.0198966001340723 -0.00787280065493141 -0.0130055388424877 -0.0199776537568928 -0.0208091524717049 -0.00963670678107776 -0.0292469083377866 -0.0230293499331504 -0.0168118475652364 -0.0181337786543374 -0.0156266197353873
