data/pcas/pcas_can_585/pca_referenceLayers_can_585/PC18.asc
NCOLS 494 
NROWS 529 
XLLCORNER -117.166666666667 
YLLCORNER -55.5 
CELLSIZE 0.166666666666667 
NODATA_value -3.4e+38 
[rows 264 to 285 of 529, columns 400 to 449 of 494]
0.0230250819601798 0.0146626902872861 0.0251985132623296 0.0300700320536536 0.0186587055210035 0.0317441634434016 0.025879849169601 0.0259132684295628 0.0308760060596444 0.0306060853890282 0.0334018778558596 0.0267417033791376 0.0262505670996321 0.0277095924475293 0.0382167341507246 0.0310292402176234 0.0312247391783957 0.0310532078015787 0.0318025340641068 0.025034445852029 0.0340283725022063 0.031812637189005 0.022994169712963 0.0216774258642902 0.0296514240133577 0.0290564098182037 0.029313841380335 0.0311922326467169 0.00710955431807295 -0.00256383527577914 -0.0133186640774399 -0.0213295863712279 -0.0246020902627262 -0.0271467895595211 -0.0281650831254705 -0.0340158364989593 -0.0332439909661791 -0.0271791815084534 -0.0246275462715921 -0.0265572835469432 -0.0318613741081099 -0.0261849129542048 -0.0198320531700548 -0.0217589696992939 -0.0233421255385225 -0.0149046504330115 -0.0285627547499947 -0.0248636161713171 -0.0151360626346341 -0.0116251874674156
0.0217582393190703 0.0150162443503681 0.0165840051143372 0.0183312617860448 0.0192051455482898 0.0275019152349435 0.0243988693444126 0.027977947742284 0.0318355683468062 0.0302039593533915 0.0400415567592761 0.0398814403909859 0.0380733384514625 0.029537359796663 0.0327710025458075 0.0317951527446403 0.0347129174919446 0.028159238631915 0.0290374530005893 0.0310017819717896 0.0348246312202551 0.0302843205644505 0.0250610365056989 0.0311588248324237 0.0318610008865744 0.0276768954562278 0.0262718616996666 0.0287486487994263 0.0275348967401288 0.0155004249622094 -0.00530491323662049 -0.00777991904936343 -0.0135823650097515 -0.0215468580999408 -0.0234675818879641 -0.0261630196818812 -0.0288347502357858 -0.0228380804566944 -0.0271631307224617 -0.026615085526101 -0.0184068602012411 -0.0298879483972006 -0.0234982887791212 -0.0263070237270167 -0.0169469093343462 -0.021173438039481 -0.0259961604690237 -0.0186413733976852 -0.0252097982297215 -0.0232563728635351
0.0174906558319579 0.0201356469154333 0.0211989234762561 0.0178956308805453 0.0199607625973011 0.0158823514039479 0.0217541398385073 0.0278491724055184 0.0319382429861708 0.0354949958976342 0.0349786944883697 0.0310857005367835 0.0391671189925007 0.0382348993190121 0.0341414837916308 0.037555907095666 0.035585916771589 0.0324861027690122 0.0324361492539127 0.0285616183631229 0.0357232988264244 0.0216354437598569 0.0235937574091959 0.0226636618705131 0.0203492964776345 0.0211108601764497 0.0222341530968607 0.0222823888138024 0.0210152213932288 0.018273812962542 0.00483078298331081 -0.0181500531798699 -0.0135574844967337 -0.0218147080863757 -0.0213802953692625 -0.0166265760019269 -0.0255765755853791 -0.0208712078207717 -0.0234916861545125 -0.017520777692645 -0.0209213228432033 -0.0258803838628776 -0.0193106035966303 -0.0212811970309891 -0.0161748592731106 -0.0216805598826229 -0.0289797290156675 -0.0222843527085976 -0.0154025547103043 -0.0182450907926637
0.0221061846145206 0.0146193223687405 0.00909807746596981 0.0159949857471021 0.0194910874833334 0.0291684162330735 0.0216256483611365 0.0338617104930521 0.0293584145147457 0.0381204398228924 0.0385172535764153 0.0398773177468014 0.0410438032130511 0.0400445720927919 0.0368231795941112 0.0312573294275399 0.0320727279450235 0.0325981562399806 0.0268523300731162 0.0343849052963611 0.0293732542886986 0.0247837167287684 0.0273817233469744 0.0264626242139838 0.0110720134619568 0.00963656701135692 0.0159485929132836 0.0276057561916156 0.0256879977445781 0.0184383802205527 0.00201065810776326 0.00334480591088334 -0.00399037215238529 -0.0193624257848214 -0.0200042495247973 -0.0235930447906666 -0.0233092687749045 -0.0196150510471692 -0.021415819660313 -0.0164627376684825 -0.0151777866495867 -0.0237296355780477 -0.0217754178239582 -0.0184331253044307 -0.0171960694582408 -0.0184454738049012 -0.0237240937320452 -0.0250526798039299 -0.0215634861644204 -0.0225293882899805
0.0152524460258162 0.0134437278940613 0.0104417422817043 0.0148039531360457 0.0203837617316138 0.0344225667473389 0.0250598553915431 0.0266047730596367 0.0328366753297636 0.0404003434198974 0.0304761289621669 0.0414078077206454 0.033120013630096 0.0419872301842546 0.0291598981598305 0.0372030690544247 0.0360710477833161 0.029778232493274 0.0290366067727953 0.0235059013277127 0.0193274135322008 0.0323516877761689 0.0312490970987256 0.0178259424000573 0.0110571732985544 0.00255061617000044 0.0104752017226092 0.0188574627997344 0.02867432646098 0.027985308472215 0.0252490419205733 0.0148187502168269 -0.00622361476709666 -0.00861628069575466 -0.0149027600493373 -0.01429092048545 -0.0208619219639311 -0.0163930946678408 -0.0136339226798203 -0.0110125719563535 -0.0142465321647622 -0.00656319076869939 -0.0108075100393766 -0.0150377451871256 -0.00910141013206758 -0.0233810954720744 -0.023246097004554 -0.0188546080428551 -0.020742153296846 -0.025341540926757
0.00733513871275277 0.00971148394681225 0.00701928154368156 0.0110945113769575 0.0187315887355612 0.024490930075421 0.0294885388071719 0.029214762908502 0.0259031400471127 0.0349697022198588 0.0256512764802792 0.0280969391623726 0.026758247510716 0.0306663430656945 0.0333893924267719 0.0304266630215351 0.0266620716145342 0.0329781891516883 0.0269618481777059 0.0347140674672114 0.0309486306049025 0.0270666136575908 0.0239990767698692 0.020930441967996 0.00288337153460382 -0.000362291698332302 0.00780998968702958 0.0163295132231041 0.0242793092723137 0.0312337711731988 0.0198719031020864 0.00884133519247837 0.000154452021621075 -0.0038404035565415 -0.018312448585996 -0.0135755826883761 -0.0196928204540343 -0.0178761714273748 -0.0139763328041885 -0.0158449030336154 -0.0122263927422211 -0.00710825751282505 -0.00132171503410668 -0.01231795252941 -0.0064998178276068 -0.0153322894054785 -0.017125752453212 -0.0154985837556854 -0.0182194245399949 -0.0273412279884864
0.011281506291889 0.00230280938013713 0.0111319504263255 0.0218300355981664 0.0238938032944333 0.0185482472998037 0.02335041838738 0.0255150605681303 0.0262582479805189 0.02734378493051 0.0284302114133804 0.0279919263964982 0.0326559597292592 0.0319756931876487 0.0304063291298607 0.0270233749849834 0.0279808598622832 0.023853076085358 0.0252345595574396 0.0313018574296762 0.0255632160294744 0.0199197957106815 0.0254176613991957 0.0115754378530959 0.00846277396111609 0.000688617990256459 0.00608455740396376 0.0173469333264811 0.021783910209319 0.0194272954307875 0.0247008735059388 0.0200145965267305 0.0104202906388743 0.0108844810648738 -0.00166821931257989 -0.00392208875777919 -0.00702161967216007 -0.0102251841897079 -0.0175094809422338 -0.00532660446987171 -0.0086243476618918 -0.00355566485142616 -0.00675934419609689 -0.00519227352768952 -0.00634694362799589 -0.00873944012784109 -0.0219863110401913 -0.0141559611217365 -0.00931047089483547 -0.0183632022539945
0.0100445809498863 0.00504949826842364 0.0065357506459304 0.0286077576404462 0.0172639067888634 0.0216127407583536 0.0191833055145711 0.0206136952391801 0.0312072093433121 0.0293884014906665 0.0223826038948668 0.0301763889950454 0.0259566442211861 0.0188811796549984 0.020497436823923 0.0251680997601206 0.0223939519935367 0.0200793378787696 0.029973593841812 0.0300902035524192 0.0245198000510448 0.019111748632291 0.0206643130883821 0.0161630962607066 0.00909267333379328 0.00977615057148632 0.00620520191845204 0.00904241561991637 0.018612472861043 0.025654088116877 0.026493059420798 0.0221365606949961 0.00507394544426153 0.00494350141638671 0.00602800921284081 -0.00864315957419754 -0.00148486796384064 -0.0129228471491614 -0.0060079315858316 -0.0120030890579104 -0.00648297545284576 -0.00378892461872475 -0.00411045169927972 -0.00458755757533297 -0.00876003994614524 -0.0122224243404513 -0.00719159452635845 -0.0211046690147234 -0.020931333805124 -0.0137814065224747
0.00249837050326152 0.01174207312333 0.0171800021990974 0.0148216503421311 0.0188387678985539 0.0197192500939507 0.0222528518206425 0.0246094339935447 0.0237316161357181 0.0302376529432801 0.0218995787081803 0.0282964872683143 0.0366205629219165 0.0242495608048171 0.0324546085617983 0.0199385164428198 0.0209073338694672 0.0243058701323419 0.0247020608500804 0.0176328324501798 0.0316043111463011 0.0261399408655156 0.0287762809562273 0.0160658863727338 0.0179623210981332 0.00819664083126781 0.0158092725292579 0.0198376705691278 0.0153714130245226 0.0324429850586234 0.0179120581113525 0.0179888210461008 0.0075899776363211 0.0096107520275848 -0.00170470431344099 -0.00109152756654366 -0.00694049282816474 -0.0120248087578859 -0.0118418218615121 -0.00630424538248546 -0.00346852481133749 -0.00755066256759 -0.00281172487433054 -0.00858229009378498 -0.00644706850148731 -0.0190047584558055 -0.0155647348167626 -0.0141541717645906 -0.0181011073682188 -0.0153610925826064
0.00982702253658534 0.0136538345643694 0.0151674268363524 0.0231225044263885 0.0157762461164109 0.0169045919781416 0.0185492588950769 0.0298826437379765 0.0159450152066748 0.027713836208598 0.0290378768485787 0.0226899739960958 0.0338571971027305 0.0146614227021547 0.0253904206861489 0.0309286237106708 0.0176294477613648 0.0228054545587358 0.0274440271835908 0.0265940317767928 0.0267201174024677 0.036605603816047 0.019259205856169 0.0113830309439545 0.0152881293418481 0.0106050514584318 0.0142319373862205 0.013944867498896 0.0264554670856677 0.0188260913331992 0.0248945331524316 0.00834713173575895 0.000422578829906894 0.00459952459091256 -0.00436361733629773 -0.0143476007799202 -0.0113467097862426 -0.00800755349105308 -0.000519732609153697 -3.60057007391112e-05 -0.0017648277485088 -0.00480364281649304 -0.0133398067810606 -0.0134749703609124 -0.00977789202041357 -0.0127338823906635 -0.0196269052408299 -0.0205265638702807 -0.0226308612305647 -0.0139934548244572
0.00460738546767014 0.0148374753449626 0.017777534087193 0.0189508730993427 0.0207206313643635 0.0193400321766315 0.0195304501721374 0.0211742320353118 0.021839172549929 0.0226140472236147 0.027993837954361 0.0271077445068678 0.0172167495223165 0.0249617697218517 0.0199866787982163 0.0401370634978976 0.021231673385292 0.022296757514223 0.0299951198758775 0.0244547904893769 0.0259368283379475 0.0269938793249893 0.0326917551546556 0.0272306680734129 0.013598366557827 0.0227996006606818 0.0178230889917946 0.0309414887018356 0.0300436651666259 0.0242949643840938 0.0208252113947215 0.00695053924607586 -0.000275435965995206 -0.00190373455494505 -0.0136800195153351 -0.00856915902518665 -0.015584893120884 -0.011082712053322 -0.00199955331658669 -0.0126775944323764 -0.00247939054318067 -0.00626651611139453 -0.00225466667355079 -0.00815537799041217 -0.0101623687756396 -0.00770286956929487 -0.0117620941207029 -0.0182834079781523 -0.0205099084063218 -0.019990327366554
0.00938032864356867 0.0219347646724677 0.0143068285348887 0.014656724764434 0.0164314203941894 0.0131172807700437 0.0191472680746195 0.0216840261420322 0.0141892268441726 0.0152491367214165 0.0247228339216429 0.0227020869429179 0.022526156138452 0.0171275069254561 0.0224361731153585 0.0229491710744129 0.0223579645619166 0.0178783086237976 0.0150026162955083 0.0321045827968537 0.0208477950553956 0.0293756631649933 0.0346983046125419 0.0246447505993431 0.0180066684873767 0.0184450484875976 0.0257557440601514 0.0261821737002536 0.0255960137625053 0.0149454239408975 0.0123819174189757 0.00300900409572813 -0.0021301235142693 -0.00771926476388585 -0.00749717776729135 -0.0025300000035691 -0.0131340287064364 -0.01213059963774 -0.00448513919509606 -0.00436999317365436 -0.00711416002787972 -0.00430303901489114 -0.0106027705159904 -0.00802167608201711 -0.00888091202289501 -0.0173689181384277 -0.0236885249360707 -0.0150708428010121 -0.0277268669297658 -0.0251469217906834
0.00581114942520286 0.0179185796206197 0.0157469204443344 0.0121326492600929 0.0110318758202698 0.0155979868483643 0.014622322021161 0.0153912853140234 0.0187226719134992 0.0109323099101898 0.0169270578856666 0.0249946355835753 0.0145765994894535 0.0155308893764768 0.0222857828496779 0.0234265837228011 0.0314996294919945 0.035776858609793 0.0217208446044715 0.0187190682072624 0.0296602045095208 0.0258421719807664 0.0151082348727497 0.0288253031570242 0.0306883205205681 0.0377916039186585 0.0265268135207846 0.0230002544771 0.0111002653792997 0.0123181442127553 -0.00279987160144762 0.00238365298452281 -0.00846090488725048 -0.011154385044852 -0.0103061588298977 -0.0148113065312533 -0.00837497812329227 -0.00917262201518621 -0.0142023258722332 -0.0093105105742644 -0.0111054589724061 -0.0167856288411446 -0.0109000336301833 -0.016341810694077 -0.0218852482064985 -0.0235622118717475 -0.0181911725182677 -0.018990877946468 -0.0151949707716693 -0.0267226458958433
0.00786456747260813 0.00910244633397629 0.00724793281803954 0.0145971751204761 0.0122194142626565 0.0163356071345216 0.0111563548977044 0.0122406323049412 0.0114738637488999 0.0121305644359143 0.0182802716559836 0.0241832948362469 0.0193510994565379 0.0234514556025512 0.0147898224653124 0.0175474865620076 0.0263138742259353 0.0296103663208677 0.0218616526843619 0.016560795715777 0.0238600725097377 0.0223280465367616 0.0246302281672724 0.0299061354431219 0.0309462891244605 0.0309222746854612 0.0278371277307147 0.0215245246250808 0.0131348724899402 0.00491663572029949 0.00619766067855136 -0.00677751107580768 -0.0164709159932801 -0.011260598266326 -0.0158054849760783 -0.0187455416287686 -0.0106623401947033 -0.0102527700883246 -0.0100457429278345 -0.0159583455498245 -0.00992401442353082 -0.0196457691838591 -0.0261795362907266 -0.0116248564243214 -0.0214174057649841 -0.0206561687064771 -0.0247570658944099 -0.0284113583474111 -0.0181966338249627 -0.0204592113018914
0.0118350180344658 0.00643265175918011 0.00355326796866856 0.00843000544469357 0.00787826055616206 0.00702242168485568 0.0149133281453829 0.00535485099820261 0.0144759843271948 0.00926035687699157 0.0140829440897208 0.0200545379181832 0.0185830822076294 0.0204458900458994 0.0167181923610677 0.0201365325663283 0.0193777084278201 0.0211979986046133 0.0206510326605471 0.0205487493604096 0.0240572436475655 0.0179958036924751 0.0147012010902899 0.0213419386680535 0.0231755693905258 0.024366937329926 0.0251647779856035 0.0149510817669386 0.00404545719352062 0.00375339317500601 -0.0130122552805933 -0.0158739394160963 -0.0193599198480443 -0.0253540499570852 -0.0194523521824055 -0.0156117343923506 -0.0178227757093295 -0.0151872739364935 -0.0194546790830893 -0.0114700757202641 -0.0225513344248583 -0.0217885129472714 -0.0241555009378017 -0.0200665421487944 -0.0306172579807572 -0.0286304095350861 -0.0140870913342453 -0.0243721282818385 -0.0147785375008626 -0.0220769807667811
0.00897372065323869 0.0165188023742269 0.0169438143184439 0.0153608637367855 0.0114123421736675 0.0213989611735902 0.0168960470097558 0.023796120345327 0.00936994911532588 0.0163929750501865 0.0145448779679432 0.0157662226304126 0.00989049508877244 0.014185250365678 0.0120407893014495 0.00550981401362292 0.0112005270945581 0.0166812530671678 0.0264438377955268 0.0213717647896368 0.017974782323633 0.0117091760101795 0.017757659682786 0.0236002314246269 0.032123823112064 0.0272681864540732 0.0113212128964693 -0.00181522678160364 -0.0032428648873175 -0.00976045291957222 -0.011069718967036 -0.0196779715861602 -0.0115645802819595 -0.0170162971095098 -0.0159075870096278 -0.0278108331038233 -0.023243517619863 -0.0225156604651826 -0.0208871625554303 -0.0202694072990774 -0.0201024938342434 -0.0269193708981636 -0.0252221286703716 -0.0249979462252291 -0.0314336949207784 -0.028397928993661 -0.0229027550262608 -0.0172338951723916 -0.023785837726646 -0.0201260436839373
0.00736019382164755 0.0206214323612457 0.0191020363059667 0.00978711514384725 0.0180549252838445 0.0153864926408749 0.0153204266441471 0.013428550070566 0.0145894516617861 0.00677783221287245 0.00768699475237575 0.0124789863601602 0.00674678060670164 0.00360973968573745 0.0136905912994246 0.00598745626517115 0.0142480634775289 0.0189146092760188 0.0148593767917908 0.01047650924662 0.00322390091142798 0.000713108387387089 0.0124628095923977 0.0147994118936089 0.0181155360660288 0.00498973462924022 0.0106613293655874 0.0080508019203216 -0.00607174711395546 -0.0114097294426358 -0.0121087355795252 -0.0185126523024023 -0.0254931259035338 -0.0255606553479784 -0.0262544162156823 -0.0245958032786629 -0.0207883344696852 -0.0238188043047257 -0.0197056090304556 -0.0136547849191302 -0.0254318185634733 -0.0221557550247705 -0.0267167675370748 -0.0313836879496451 -0.0283886366957638 -0.0280845127935722 -0.0226082598733166 -0.0175259865302639 -0.0129264420829521 -0.0213726716647197
0.0107349582916723 0.0185054827071576 0.0200373411714729 0.0138385087985325 0.0132483576014972 0.00476736781992668 0.00758656825832384 0.0174587366738371 0.00636450615753695 0.00778906923689918 0.0122638046172213 0.0164047139364288 0.00309733493282961 0.00137805951161156 0.00857826803424939 0.0102116981919443 0.0115204258697062 0.00327139484381617 0.00416643839714942 -0.0015174796219951 -0.00768511284597942 0.00654485011776778 0.000873412686764071 0.0111781266039599 0.0201193518453805 -0.000356956237599798 -0.00432138471757122 -0.00845585824566971 -0.0115950923669149 -0.0184983126422701 -0.0184148220548743 -0.0178739717541647 -0.0156325401827224 -0.0250879103690883 -0.0239698679169937 -0.0237108970558018 -0.0262455665608111 -0.0280986348086072 -0.0225088710538446 -0.0228738450046473 -0.0281219031028402 -0.0295675884600865 -0.020590132791786 -0.026047266520986 -0.0233547185714756 -0.0217932302007036 -0.0170784561635583 -0.013637994440974 -0.0207780133690111 -0.0222682279109114
0.0156239841779341 0.0118653299770095 0.00891637486604469 0.00757136073055832 0.0105718320709343 0.0157654682638821 0.0113298331138088 0.00562687694742135 0.00372775557712876 0.0113356162629769 0.0111278656309064 0.011003065862014 0.00832163132425148 0.00128523122200382 0.00358363644419898 0.0127911761053987 0.0120068898367686 0.00256731122473442 0.00214267373211834 -0.00801812405958699 -0.00858936814720914 -0.00158745680343486 -0.0132370307689475 0.00167015096527388 -0.000405606621866161 -0.00531099589266132 -0.0140346993652937 -0.0113746533421933 -0.0184893694671716 -0.024101056753935 -0.0133884918318093 -0.0281120666750006 -0.0276848947669033 -0.0243237944460562 -0.0349720571113502 -0.0298177290499973 -0.0244612398785414 -0.0214737399936123 -0.0233406493889896 -0.0268727434658948 -0.0247611740206278 -0.0208645262635196 -0.0274917242597818 -0.0246110837651963 -0.0213674403583832 -0.0235830673315338 -0.0215487419981564 -0.0235683209324715 -0.0163336790222652 -0.0157574780112266
0.0133514018409136 0.0180332712283924 0.0207829802376384 0.0199984585206258 0.0128917767423828 0.015966704851505 0.0160982383745602 0.0116674712871671 0.0058920690563137 0.0110542992699663 0.0113314833889833 0.00467586023078479 0.0109229403785086 0.00362064636444417 -0.00018051956633632 0.00950510065771639 0.000682211680723257 0.00106167768809093 0.00459572688627576 -0.00804306816618469 -0.011330445955924 -0.00838232287933878 -0.0114011437140713 -0.0089686242347017 -0.00253074101488773 -0.00715949350784355 -0.00946416987900327 -0.0229943505170583 -0.0186762944140745 -0.0238561656276391 -0.0201778601958664 -0.0261786048403938 -0.0310206742310055 -0.0206837394001997 -0.0329154302060971 -0.0231482276034034 -0.0198991858502594 -0.0280807802184953 -0.0291738293463278 -0.0254407502529307 -0.0256015105423952 -0.0297554848363198 -0.0245904545401933 -0.0293222467633517 -0.0307923513444057 -0.0241191649814617 -0.0314940023640977 -0.0115266491480898 -0.0215245562085816 -0.0177900454430924
0.0250327298213946 0.0271195069981841 0.0135346881735157 0.0133531106526936 0.0201652862763409 0.0212125990983171 0.00880915522283538 0.0134135059708781 0.00276088778529504 0.00586265291986931 0.00545864655192768 0.0119961549766915 0.00408439696933576 0.00772639455951935 0.00220635863210583 0.00541035494316504 -0.00029012363784955 0.00234584608161746 -0.00372578278093815 -0.0169550019795671 -0.0163163091152056 -0.00839046292387812 -0.0164305817608585 -0.0156031899894034 -0.014070072729969 -0.0155391313670994 -0.0223457650351088 -0.0203437199975496 -0.0268435374832517 -0.0319875955639584 -0.0259007124727223 -0.0289748854896482 -0.023204980759564 -0.0312537127301976 -0.0328516290319234 -0.026745227823066 -0.0288814352699398 -0.0294588905189631 -0.0331285218790642 -0.0218792650380451 -0.024918011627006 -0.0337506145864075 -0.0338266560152787 -0.0320181924683785 -0.0216287497656622 -0.0266299463773153 -0.0232718247541635 -0.0237085849294269 -0.0204169343908777 -0.00800047474512351
0.0184684066278078 0.0249985478772099 0.0164612909796386 0.0217434700637939 0.0268351607736111 0.0214236805458173 0.00862809563349517 0.0058190265319206 0.0118516535957989 0.0144725300008291 0.00512927506697009 -0.000246501758962799 0.0051082921457913 0.00124194566735994 0.00803477634681893 -0.000530027531219655 0.00142765693937694 -0.00923808309868416 -0.012425149455341 -0.0194062531240732 -0.0130258065755423 -0.00973772438808173 -0.01743938220115 -0.0156241444352009 -0.0137640529072358 -0.0258159713567079 -0.0212648577564897 -0.0265008483042637 -0.0206624658078672 -0.0299050704739045 -0.0337133486262311 -0.0261142475694107 -0.0272778779149181 -0.0326757704117188 -0.0277081649806204 -0.0280944243935841 -0.0256313713027099 -0.0267368089082211 -0.0255699127192491 -0.0242578705598163 -0.0297378449363037 -0.0310472702050931 -0.0247019662304857 -0.0264266416542028 -0.0278565343593292 -0.0206719151572971 -0.0124176131884879 -0.0170717362201863 -0.0126969748047472 -0.0130191839595777
