data/pcas/pcas_can_585/pca_referenceLayers_can_585/PC18.asc
NCOLS 494 
NROWS 529 
XLLCORNER -117.166666666667 
YLLCORNER -55.5 
CELLSIZE 0.166666666666667 
NODATA_value -3.4e+38 
[rows 176 to 197 of 529, columns 350 to 399 of 494]
0.0254097636801808 0.0160681450671015 0.024626134378403 0.0238103270717435 0.0205291570883538 0.0202416655862824 0.0176935073816578 0.0232997831602228 0.0218160466635185 0.0211052197546421 0.0217276821449296 0.0229476950627518 0.0167509214774572 0.0181351009590672 0.0205797209816514 0.0181600824029534 0.0127415048552693 0.0129660077725014 0.0134611293093442 0.0122661194133228 0.0132718265550719 0.0140417480524705 0.0109496024073024 0.0109184026157814 0.0159924901245044 0.0130061782414959 0.0103561332055548 0.0106684012880733 0.0116834576365643 0.00582742993362569 0.0104267547527041 0.00860075039530903 0.00374191619667329 0.0015822047830522 0.00441134508079673 0.000264157612699223 0.00912724690703121 0.00618643912568436 0.0119646214426392 -0.000557065320405266 0.00457149668125422 0.00426883882667541 0.00259062796454691 -0.00306046205462515 -0.00149190790342345 -0.00700748767779378 -3.4e+38 -3.4e+38 -3.4e+38 -3.4e+38
0.0197708691352582 0.0184029464181451 0.0161676784453348 0.0240271955337573 0.0217864131137162 0.0140671375116471 0.0184769353809649 0.0249597036152977 0.0130832847632606 0.0206014657135264 0.0163065856817125 0.0174966690558961 0.0141445212622064 0.014213552987548 0.0231680229001796 0.013249656708076 0.0185131594933484 0.0197300307642045 0.0111327532858435 0.0131364103295517 0.0164341151762724 0.00513691351180768 0.0168323799133047 0.0211240433733132 0.0104557673835839 0.0095501595028718 0.00834871792085194 0.00785447130373104 0.00914252533141523 0.00325328570783727 0.00585837701551611 0.0113043495351083 0.0110137953410478 0.00531043797105148 0.0120119761150924 0.00189541722949252 -0.000865542843180342 0.00575830448968761 0.00553629922321908 0.00385511530920645 -0.00158513987505718 0.0042418841054585 -0.000930021834219248 0.00425376995501397 0.00900764650946402 -0.00120764914916193 -3.4e+38 -3.4e+38 -3.4e+38 -3.4e+38
0.019017577920123 0.0159890730713068 0.0170675239639373 0.0147349742523509 0.0141166346587268 0.0128382866588205 0.0111639420543359 0.0112816373612941 0.0256014222179139 0.0145141707569896 0.0244592506993599 0.0149043351044192 0.0165588951189198 0.016416272599124 0.0259844735877405 0.0149952082427968 0.0182049373180364 0.0112492868965833 0.0129509550457518 0.014282380757971 0.0120930821629199 0.0155666169996151 0.00687721293637989 0.0128158791797877 0.00660189004770783 0.0120424909379259 0.0115556091736964 0.00502045868986993 0.00876344271896873 0.00820506424786781 0.00467762282940465 0.00843032747039485 0.00799307950101424 0.00871547527270408 0.000815007689352846 -0.00287553083970383 -0.00383331551421904 0.00709421393021147 0.000837303422912104 0.00626760852817313 0.00159928994151025 0.00732880501560873 0.00354833681985917 -0.00232650890131428 0.00252753678531766 0.0014769200613644 -0.00214171883444145 -3.4e+38 -3.4e+38 -3.4e+38
0.0116394063368145 0.0112969690859161 0.00911365425625663 0.00851218852840682 0.0131858843199994 0.0146185709983753 0.0213446018079133 0.019766288105963 0.0181741710218347 0.0158618249016102 0.0170881521212524 0.0154440262153571 0.0131539422536596 0.0123398066492141 0.0130490401175232 0.0157431155788769 0.0186185251549472 0.0124056954042219 0.0125755057511738 0.0120819287005251 0.0134030005765582 0.0170841022932762 0.0184187028239039 0.0141270662533979 0.00945332629114649 0.0184241609684964 0.00958393183965834 0.00894276427996975 0.0133324503734142 0.0159675518040795 0.0110809466760548 0.0136833324672426 0.00193777975311696 -0.00406534831481279 3.18473261687433e-05 0.00106230319406679 -0.000768158364039178 0.00283212118162628 -0.00188136438300692 0.00143776406743963 -0.00106394899505482 -0.0032460243078663 -0.000102608886502274 -0.00343852674184255 -0.00665978437124566 -0.00175028502301498 0.00564941947144674 -3.4e+38 -3.4e+38 -3.4e+38
0.00584244004485546 0.0155014599667476 0.018677378889667 0.010988970019503 0.0165407873729602 0.0185768155853914 0.00581858468802568 0.0202692499015755 0.0206655949416889 0.0101966968768545 0.0159012874453021 0.0158830845162446 0.0163100811321819 0.0137260676167328 0.0133380793995344 0.0204939172696003 0.0204383734001908 0.0215677052602474 0.0125117181959338 0.0166991988668762 0.016104249591763 0.0175147866751254 0.0141993851007423 0.0189232765211714 0.0154921852113978 0.0115057334832023 0.0055016277708229 0.00794697793773903 0.00917656852284926 0.0052711999569284 0.00779000297718683 0.000853569275088515 0.00747010984290943 -0.000385276112987535 0.00584894802860293 0.00132231271120286 0.00165267249974216 -0.0023327116222498 -0.0043622362247407 -0.00732088402666306 -0.00599376747722818 0.000104739903872543 -0.00432279371617712 -0.000878305098436804 -0.00148876381196989 0.00144648256348194 0.00222521947188838 0.000891963772072492 -3.4e+38 -3.4e+38
0.00712522354901192 0.00694408789986326 0.013224480622351 0.00442883644549188 0.0104616745475224 0.00735160220542408 0.0149407751082471 0.0146883544668026 0.0121360217167981 0.0122615807347723 0.0116711406844447 0.0173226271691808 0.0133093970377889 0.0156279001600721 0.0221866293479806 0.0203118801334402 0.0182932247666184 0.0142894606360095 0.0252377564970957 0.0187173609022881 0.010560900115011 0.0108832163677739 0.0121329142929979 0.0108017671310073 0.0101482968062087 0.00799053741369154 0.00778097798811907 0.0136455763272085 0.00905640140423449 0.00946435877810008 0.00775882532679253 0.0081121092353711 0.00550181591096889 0.00975240122565685 0.00204495485884648 0.00394202906219959 -0.00293720868539293 0.00291216045511762 -0.00259666812188781 0.000566798559743581 -0.00793859029061926 -0.00448672921470212 0.00245849562102517 0.000125276135238073 7.86257360325653e-05 0.0061418406276702 -0.00233364125352034 -0.00326100670782501 -3.4e+38 -3.4e+38
0.0112183372848429 0.00122167504383378 0.0149785546930633 0.00548228131756807 0.00570018753978509 0.0129322933962225 0.0119039568385021 0.0173307428957918 0.0162574864877383 0.0142157460132737 0.0116152884680589 0.0196545072418053 0.0158728423620421 0.0147903547151324 0.0189945032061203 0.0198457675819708 0.00954702749470806 0.00912861578417643 0.023414556596142 0.0228243041167204 0.0101989545643841 0.00860608978447465 0.00472550689040348 0.0117301557272997 0.0131513903563858 0.00458273501114122 0.00810141499241011 0.00154560902606258 0.00465523346879762 0.00650768654684482 0.00396253493296382 0.00879194192831024 0.000635133612014499 -0.00190993744666017 0.00380197209122319 -0.000160813137936584 0.00142479750318371 -0.000878059320192959 -0.00738014763083385 -0.00241755111566605 0.00172824943336098 -0.00125651173868906 -0.00299008951347092 -0.00610658747413252 -0.00196072613049795 0.00200765347132543 0.00033973641811256 -0.00340008723279713 -3.4e+38 -3.4e+38
0.00470419439673116 0.00203586602470878 0.00303311828936294 0.00890220164787911 0.00596829337083991 0.00711257202613063 0.0130934511698535 0.0119390172431467 0.0091568315736118 0.0197179345335834 0.00645683705397368 0.00558907120812165 0.0111786238962164 0.0168689945799119 0.0159130656180416 0.0133061983489775 0.0123455453714666 0.00623682607182256 0.0115298439751211 0.0158180974719422 0.0174928619179255 0.00844318774250811 0.0117134849445869 0.0128234067806053 0.01792288379308 0.0118763699035034 0.00410690658317231 0.014982398444335 0.0102648621190675 0.012962758203787 0.00866105162479678 0.00327659782722035 0.00760641451222862 -0.00183582460493903 0.0031372173636555 -0.00353164558924377 -0.00227262817455744 0.00289350367959865 -0.00115709866453298 -0.00379186987414856 -0.00103444145130935 -0.00908392964072817 -0.00990184610872932 -0.00315902194763841 0.000160898829573168 -0.00477913485575706 0.0012110056605954 -0.00182775848023346 0.00205272139123945 -3.4e+38
0.0073697313511291 0.00295784576884059 0.00487212711132223 0.0118170318274792 0.0125355719015237 0.010203118235542 0.00694971439992305 0.00704676694134978 0.0155195507572077 0.0130402115761528 0.0194289784206665 0.0190347987254757 0.0147203625987492 0.0133631061896313 0.0113555976086625 0.0151597271347163 0.00412159808252887 0.0149401122024233 0.0148594249714817 0.00726114081460253 0.0177974009630465 0.0194768637012653 0.0127633754002556 0.00923461083536816 0.0121986042916994 0.00482092634366453 0.017224560060106 0.00810501910199705 0.00574481626167077 0.0110213597974547 0.00182370883902852 0.00754222075737883 0.00466946564777843 0.00429236751832652 0.00163579111567064 0.00118438711877211 -0.00694436955144087 -0.00180811219109007 -0.00704063405597333 -0.00604528740361525 -0.00644691862244961 -0.0098587334471277 -0.00687706646909781 -0.00935920237781404 -0.00831140347851331 -0.00399053049956613 -0.00583233102738367 -0.00492341493077872 -0.0044896312969641 -3.4e+38
0.00952363979338057 0.00785735852557381 0.00719502995587554 0.00753608408814529 0.00458713178380193 0.0112583940568715 0.0138826823014201 0.0206571165418366 0.00829779590854088 0.0159557139728349 0.018134888448332 0.0116116540163493 0.0126427192721405 0.0172376436564178 0.00624834801993184 0.0141812609514609 0.0179119967560653 0.00986299201568617 0.0114144879250813 0.0054508359333792 0.0152347761363691 0.0139718737522973 0.00854178248943324 0.0130922185392127 0.0170106777100961 0.00411741770107038 0.00499570426343856 0.00650244016915293 0.00914581958925364 0.013752787715511 0.00874822147604496 0.0038200400785753 0.00862280466911234 0.00468041204468319 0.00454176987530286 -0.00284447784124144 -0.000826773217486206 -0.00669531301511082 -0.00357787045092925 0.00170221514824266 -0.0105748731562924 -0.00595301520282514 -0.0015719055022349 -0.00689076141904513 -0.00391026689017094 -0.00571807559066167 -0.00200479020770572 -0.00385932418172209 -0.00231746160911992 0.000578006689793723
0.00478331270841458 0.013123766611547 0.0132382659852544 0.013473940017392 0.011472518652095 0.0100962735477969 0.0137483884613173 0.0147906408485041 0.00772213405283796 0.0119395590710068 0.0116556388660853 0.0158570071944319 0.0147309469437288 0.0145074553781192 0.0114380566010688 0.0123816025526787 0.0127602504629448 0.0125659622856929 0.0177041321854764 0.011279692884423 0.0103169335391905 0.00860962840001449 0.0113893430138134 0.0160580976943683 0.012354415394854 0.00801301589685891 0.00948522781315053 0.0100755170668603 0.00524448700792792 0.00685354600456931 0.00278642478872519 0.00821668113944602 0.00141106785905094 0.00554078271230717 -0.000860616819251301 -0.00569647213040754 -0.00427428511279542 -0.000662119196706613 -0.00590949210411409 -0.00454228886211914 -0.00916805056994524 -0.00507542689781713 -0.00161516718887113 -0.00518296639036969 -0.00876400625982544 -0.00366142430850336 -0.0066180268618967 -0.00725682703438084 -0.00810717162479031 -0.00233355080478555
0.00725613697271441 0.00595889707913918 0.0074119882746838 0.0146823160324703 0.0132924927476399 0.011846374955207 0.0208542377372787 0.0178311385807452 0.00924514634866444 0.0188374543474717 0.0153035564037611 0.0137344019824778 0.0128055276382474 0.0192845359576755 0.0101484323278854 0.0158480341976627 0.0103399235563944 0.0109199554245125 0.00519006424320495 0.00974839777277869 0.0139463941841648 0.00679366153530828 0.0101217148332835 0.00487957709215125 0.00649206985641658 0.0116201791255376 0.00490556516088584 0.00882853928593748 0.000698148322602169 0.00608106016633605 0.00620338509886271 0.00314419236768959 0.0088790000674509 -0.000586642928880076 0.00655047821428018 -0.00152041538603521 -0.000888467709774985 -0.00930698458200299 -0.0027576560641036 -0.00171393151432095 0.00318906877615795 -0.00186846275285509 -0.00523633415097174 -0.0123677208992969 -0.00825427369378004 -0.00470673056074826 -0.0136674236766707 -0.00703529201796599 -0.00896103831733443 -0.0100398566135724
0.0109092008871271 0.00570478823978226 0.00929912150236591 0.0105613689091792 0.0103843553902858 0.0113225869083824 0.00766376198109654 0.00902237253345149 0.0151460107094997 0.0142429149970425 0.0122285863617808 0.00968053442341208 0.0181368903984262 0.0153748258536885 0.0132236252745322 0.0140383298239758 0.0102147470959207 0.0105280666156689 0.00608092791730411 0.00845435437438444 0.0102986353550917 0.00686082259670776 0.00666474280338481 0.0108727106906862 0.00566167794045332 0.0166914665417087 0.00266915770166041 0.00200216182130981 0.011326877908413 0.00466836110790932 0.00533370886341499 0.00120867822263319 0.00611923325738614 0.00964661546355544 0.0027158136845657 -0.0026412255063398 -0.0118962795837066 0.0023107297399057 -0.00313943370375218 -0.00778534619419972 -0.00344735480820564 -0.00835044085938051 -0.00506773166590819 -0.00988268844188928 -0.0149925251734766 -0.00343835677914969 -0.00635352142717372 -0.00970789680927501 -0.00790016021140552 0.000567592360105867
0.00550324345935509 0.00577238393634726 0.00447892177823467 0.00288567808218394 0.0139695494830763 0.01274797113297 0.0121763540918864 0.0201153526095991 0.00672281025092036 0.00601503682527654 0.00450772418327811 0.0123764864549658 0.00960336623112668 0.012127607218459 0.0157782418364999 0.00802737469863284 0.00561594424413409 0.00980543183028403 0.0157098841962958 0.011080549160919 0.00496219014312706 0.0108530747155361 0.0104882165972162 0.00603153336923152 0.0119186895313592 0.00692039161574869 0.00841308909083874 0.000438684202957772 0.00431710649983617 0.0119837386746684 0.00131898935228868 -0.00125414092200277 -0.00349090799402334 -0.00274990858766857 0.000293226223048941 -0.00223924231745052 -0.01022276249087 -0.00896781995312099 -0.0033897829435242 -0.000558056575961726 -0.00275723899576885 -0.00737625565615886 -0.00448776813773482 -0.0124855700962848 -0.00762203896879489 -0.00663070596043788 -0.00432094173746284 -0.0180520146254382 -0.00685791842749564 -0.00999303658896955
0.00408218090669339 0.00808282239879605 0.0188198763593043 0.016793545548585 0.0154301083017285 0.0068205912026249 0.0158177327541193 0.015274834713714 0.00899778976503086 0.00978483863064252 0.0089934254020432 0.00729184247935025 0.0143332990479913 0.00437949005454336 0.0122609045008381 0.00927950284030553 0.00552846490626539 0.0116504147587593 0.0113115764184652 0.00676044685796748 0.00268238662587466 0.00455616123671472 0.00971242860415999 0.00457705085819874 0.00948808984686973 0.0130259971434313 0.00585566883570721 0.00191129393282184 -0.00539813165056738 0.000788805584588551 0.00322032628491061 0.000794718428089784 -0.000110955460304857 -0.00287778145662349 0.000782962583979452 -0.00355498969566535 -0.00020479999782366 -0.00801559267148356 -0.00470985312845201 -0.0051916404316354 -0.00327638136801306 -0.00858688967332233 -0.0078226666075247 -0.00248859323014239 -0.0128750146150626 -0.00609668447069397 -0.0155811921981236 -0.00720683719705277 -0.00640605139437041 -0.00984217242995802
0.000581476054934558 0.00601226255897043 0.0123373541262819 0.013484716027914 0.00911464802501488 0.0110374634127227 0.00826981093329687 0.0174238334467756 0.00503844504536007 0.0122240828809504 0.0104890566929506 0.00975057082031547 0.0161602764585487 0.00858818209866027 0.0142346332661588 0.0154962238913885 0.00887626298503001 0.0114219214179453 0.00944472080181269 0.0144331495376412 0.00663077331031752 0.00980328990295889 0.0141469666540719 0.00981347208782866 0.0120682905338674 0.0076735476631847 0.00266923799636496 -0.002009911907099 0.00662379715688541 -0.00121051538182499 0.00429275126760095 0.00657692123230322 0.00465742719798485 0.00260826693661416 -0.00160979133401237 0.00347947154374527 -0.00932958325356288 -0.00726175390687719 -0.00555499837381813 -0.00799082857950399 -0.015023660510367 -0.0114193340597168 -0.00626073865019534 -0.0140923006238083 -0.0083408341915393 -0.0107243941463359 -0.0147975546383325 -0.00481525973859775 -0.00818153169302493 -0.0161656118986384
0.0125097551416493 0.0110420849671337 0.00755282156248994 0.00905311827853487 0.00435695807506846 0.00372777421990853 0.0108011395438788 0.00103420256847523 0.00812946491449595 0.0071627388231308 0.00731357992724716 0.00474733414574298 0.0107356898946934 0.0075497969469173 -0.00187960007965497 0.00761852204570465 0.0125721911567727 0.00970403333061849 0.00866047205163736 0.00851167232405413 0.00466482800862606 0.00718175151430462 0.00363084192230565 0.00497325091221244 0.000120222277130356 0.00292578992184691 0.00943285043399982 -0.00485490623682251 -0.0054755424126983 -0.00162658788274516 -0.000566207771644887 0.0019957610003849 -0.00110503805893508 -0.00522978926436097 -0.00341973722111689 -0.00772598010978992 -0.0102713249267492 -0.00838253298109664 -0.00528145566700378 -0.00134465085927348 -0.00680422663985654 -0.0129277162706575 -0.0105122374970244 -0.0116864778448974 -0.0159213715822996 -0.00280755793348827 -0.0101884844413732 -0.00588929136388988 -0.00876119523784591 -0.00883651170604112
0.00994702165886004 0.00578021534367511 0.004762660490472 -0.00378446522696668 0.0106093740118134 0.00669855565166486 0.00944041407826443 0.0067494430145819 0.00306854844789468 0.00277624644798494 0.00812379125822583 0.00666310486795073 0.00795388744544953 0.00320350192182241 0.0142300582677251 0.000949503711472064 0.00536932165452719 0.00368910547951682 -0.000290772012971709 0.0124277753400425 -0.00299879226327081 0.00342154199979086 0.008159360920968 0.00454173325248695 -0.00218107562841693 0.00115367501781753 -0.00319178977085334 0.00359628284847989 -0.00270081123833109 -0.00652756733818333 -0.00163304378019089 0.0011505951105343 -0.00501325299462653 -0.00246354324277917 -0.0113433922197132 -0.00701838690903319 -0.00600933504294742 -0.00228830964292037 -0.00507878431414165 -0.004134539722334 -0.00839638618410114 -0.00440105846296647 -0.0188101412972764 -0.013745888389488 -0.0161752576598917 -0.0149213875213563 -0.0140180764373418 -0.00833362786375771 -0.0119521970778756 -0.00300714256060953
0.0109412274085995 0.00139562661314001 -0.00174654975920515 0.00171209046108412 -0.00345388911148085 -0.00572454294805226 0.00622223428376609 0.00269448184555559 0.00101579853781029 -0.00255851814968841 -0.00600395854335762 0.00294723457982274 0.000908039514163942 0.00571884656191371 0.00705570369316015 0.00449205556590461 0.0110482237303359 -0.002081714646764 0.0113968586276305 0.00607497515634372 0.0045128940653027 0.00205867291621267 0.0038112667853908 0.00147302987954265 -0.00245430680946444 0.00275650463796922 -0.00516228583197718 -0.000985149501593778 -0.00319333725377546 -0.000795938934696482 -0.00104127011169564 -0.00663915099065727 0.0054924482187042 -0.00941746117014036 -0.00727704470211868 -0.00381550896571102 -0.00827838809945859 -0.0111898493911421 -0.00616502088411117 -0.0123042721025644 -0.00935253505493037 -0.00699970014150451 -0.0116788289747121 -0.0148468973533031 -0.00511242343920272 -0.00612215416145574 -0.00992326545646728 -0.00422780357876955 -0.0110872785723584 -0.00478349271811388
0.000309596449263768 0.000207114727503828 0.00858989597941545 0.0049292768241505 -0.0046194379615646 -0.00186432673402433 -0.00203071280528462 0.00394627151931728 0.00254837920033643 0.00126010745176115 -0.00223533274050589 -0.00129143542186017 0.00434993342802102 0.00217299749454816 0.00313728861244831 0.0106755924464926 0.00746204985906791 0.00334024775097342 -0.00209330518669859 0.00300266373472712 0.00952507939952441 -0.00071536115775394 0.00214004249855313 -0.000409466635778305 0.00413411384244032 0.00333446738724466 -4.02897440721747e-05 -0.00473460945580831 -0.00115264390810751 -0.00202066230964417 -0.00548654141437548 -0.00246391980456301 -0.00803465051398351 -0.00201077936861559 -0.00704671816620852 -0.00681498315580624 -0.00870067928192292 -0.00806712558769944 -0.000693610862186325 -0.00589842298390906 -0.00342433172454983 -0.0157637435789584 -0.0131151548248172 -0.0131519311091637 -0.0136891201013924 -0.00816142745924128 -0.0105312761636701 -0.00759516327355786 -0.0118533239496963 -0.00660625804328831
0.00517954164292608 -0.0073753830651901 0.000632610026089803 0.00681609223064065 -0.00199062833847222 0.00293545881118071 0.00190078442153443 0.000595150553461408 -0.00380682456421634 0.00165797906280656 0.000696107895824785 0.00125732872442483 -0.00112088344889637 -0.00282108426549166 -0.00270918561186861 0.00422102281033723 -0.00176923015836926 -0.00065172918712163 0.0114924869932236 0.000608913309142214 0.00659535075971349 0.00264550792317677 -0.00219617706658862 0.00253947262989217 0.0092990647017569 -0.00758706630618576 -0.000984490288628823 0.00304142593212103 -0.00359085677030806 -0.00576979094948654 -0.00771419685344253 -0.00442222412749066 0.00376387884842862 -0.00281849939389714 -0.00888764526328436 0.00125496672232198 -0.00351269150445144 -0.0101183939140292 -0.0136255401236243 -0.00774901158317374 -0.0140039474302142 -0.00866618077360662 -0.016369001637874 -0.00880401519415554 -0.0121173309063122 -0.0193926882190074 -0.0113839999541749 -0.00664251533926883 -0.00821809338264846 -0.00143889918103819
0.00175538685422589 0.00118158820157077 0.00569032163699453 0.00512357253851526 0.00586083774562926 0.00174307762732845 -0.00270341243252754 -0.00476819102530201 0.00397523940546014 0.00158381521310863 -0.00424081899721707 -0.00235277610687351 -0.00378037281953065 0.000478451524778475 -0.000416559549071843 -0.00112838437385196 0.00372822892835251 0.00231770433911843 -0.000308448425838529 0.00221447929021518 0.000816890375746159 0.00805934735921128 0.00234611752527081 -0.00209399393896711 -0.00531320614854298 -0.00144036724561356 -0.00186884389625992 -0.000964729337388306 -0.00321184009778674 -0.000695479611094644 -0.00263894395806622 -0.0066368638706666 0.0012240241710522 0.00320004746290962 -0.00307990909232674 -0.00775596195724987 -0.00521416976672469 -0.00262782343557488 -0.00350106623934987 -0.00792675362237958 -0.0029815531187627 -0.00950924474667605 -0.0158248443746707 -0.00741113300559884 -0.0157174954307061 -0.0107912275876422 -0.0133344136138032 -0.0156282379664141 -0.00804770253775252 -0.00526192409093072
