data/pcas/pcas_can_585/pca_referenceLayers_can_585/PC18.asc
NCOLS 494 
NROWS 529 
XLLCORNER -117.166666666667 
YLLCORNER -55.5 
CELLSIZE 0.166666666666667 
NODATA_value -3.4e+38 
[rows 352 to 373 of 529, columns 300 to 349 of 494]
0.00693573062669006 0.011463252792368 0.00978011782781422 0.0104893230970677 0.00837437318389192 0.00770498057157898 0.0120726839187944 0.0108493382460742 0.0103308641750394 0.00674809348996997 0.00572775298394236 0.00586312961105147 0.00249239316265468 0.00335562230284421 -0.00231795757645119 0.00280324660404814 0.00402804822104451 0.00143922572600097 0.00145325512219522 0.0116284475066392 0.0150974536785022 0.0145884638434856 0.0126884216829464 0.0148303599471498 0.0176113757730894 0.0194008913215732 0.0142024686549227 0.0243567413493607 0.025634158124534 0.0240990234888799 0.0283437569237593 0.0291965067139914 0.0318171765673209 0.026577887245338 0.0319086095268455 0.0255555006410103 0.0215681112932032 0.0163398646389735 0.0240414160181321 0.0248308885574397 0.0132353018549331 0.0165308763064343 0.0146323609363518 0.00570211122778774 0.00465512593411865 0.0105465780978673 0.0056670104818446 0.003598034127934 0.00486581585197512 0.0072573256863381
0.00987570009148261 0.0192936640342047 0.0150578479466517 0.0135376616060498 0.00447932878204679 0.00702974728316688 0.0110338220463138 0.0086547669477454 0.0117365340391537 0.0061565516216698 0.0168345939756142 0.0132003859516617 0.0070485959278569 0.00663451954166039 0.00138595901697411 -0.00462470498833135 0.000451748767427345 0.0102347928875741 0.00851333063683526 0.000711464178455214 0.00379142834685824 0.00204315317941401 0.016431842100389 0.00774647083505195 0.011737278527077 0.0187852756322987 0.0157955642554279 0.0182124512533211 0.0122571933545832 0.0214865704649749 0.0255045822688378 0.0275664276942268 0.0368258710962326 0.0402817641371945 0.0274622646507419 0.0310587137567508 0.0267772842897252 0.0236257257074923 0.0167393309616623 0.0203548315012941 0.0191171969728821 0.0210135497893289 0.0177061990589011 0.00422256814665857 0.0156768939463978 0.00596111270052055 0.00458789966326791 0.00752417648474521 -0.00383487030282899 0.00472404895373377
0.0139877307491042 0.0121948622286098 0.0152406994145697 0.0120753978482836 0.0106527202579578 0.0105513952971976 0.0109757414337622 0.0158118009347734 -0.00131920779627673 0.0100885759182888 0.00761845254839989 0.00216331045002897 -0.00138796622767059 0.000959508762677856 0.000176030538455358 -0.00341611670603626 -0.0029750248613128 0.00360846260272562 0.0118963909935724 0.00947211142351665 0.00790410176019633 0.0106324726580968 0.0150638889611172 0.0117525260622286 0.00650675595269887 0.00474769785050379 0.0170359536291878 0.0226307411507107 0.0184369313705605 0.01590380783643 0.0277658952410504 0.0282085603305244 0.0281471124441543 0.0385109932448765 0.0305700237546467 0.0272973295961292 0.022823379826046 0.0247930190120786 0.0234273887093598 0.0154825972688748 0.0162229464769172 0.00927855399120937 0.0104855285769885 0.0142169174813158 0.0143740419891402 0.00254554752013364 0.00466842309329683 0.0053378000389651 0.00100903982973484 -0.0014778293885605
0.00859313196154599 0.0137801746071947 0.00962052197623726 0.0187110567269035 0.010702072975364 0.0158359296945378 0.0105894255824652 0.0139045825543661 0.00812084340715984 0.013174448230315 0.0166765562423607 -0.000416076769217487 0.00852300948917497 0.00539359303561811 -0.0086795627816728 -0.0012719826999107 -0.000454554339426409 0.0134375916447441 0.000518389122509277 0.0108101016920828 0.00643283703580749 0.0100055619746174 0.0134902031836541 0.0153278084591237 0.0108858050819456 0.0125624535072388 0.010277073473093 0.0160967344387515 0.0142060773994917 0.0266099550619777 0.0191831859946362 0.01906483559605 0.0286730541388581 0.0284881246181766 0.0228216400353967 0.0282879718383355 0.0197881833758974 0.025997084090404 0.0143583527361568 0.00987780641632856 0.0170354767572766 0.00948855474661455 0.0132592533256458 0.00856012393931087 0.00943384764706584 0.00618561712735549 0.00125971416368324 0.000543298876819657 -0.00345947858128769 -0.00182737011448723
0.0092358016584724 0.0185039292102678 0.0114621973665401 0.00968394241587857 0.0065986786209665 0.0081305225695656 0.0128727288004757 0.00955763883196813 0.0140859624241952 0.0122269719258921 0.0126953262306603 0.0140087122151013 0.0121760506839574 0.0101511816324165 -0.00226225424672407 -0.00408723286035732 0.00343146825221944 0.00536440137489569 0.00857244669602801 0.0084575549848035 0.00364556067705333 0.00178637676875739 0.0105681786660382 0.00921766734044785 0.0145130729516496 0.0139215646058164 0.0171188132669348 0.0136636516455368 0.0176989306073716 0.0206027495896461 0.0342899514261539 0.0277154765427333 0.0371309124355041 0.028147938874958 0.0262955176569203 0.0258992776343774 0.0223289475022261 0.0246006446408144 0.0198044892447186 0.0158266995830465 0.0153547388244522 0.0105553607664541 0.00573431895490017 0.00684174744180383 0.00521948564547514 0.00401273885932312 0.00208598862793742 0.00242504239134512 -0.00344267828493827 0.00304122729505983
0.0129345042796459 0.00870155813956425 0.0176415310821288 0.00340367427274652 0.020196671829851 0.0115483759633241 0.0181871566994316 0.00900182827999027 0.00986796660094553 0.0175241869899671 0.0185757978526516 0.0138346502020649 0.0160687868232531 0.00624656069442851 0.00453763512372547 0.0093234940343583 0.0100487412570771 0.0156461679753036 0.0098734257076773 0.0155878754411229 0.0095725895024068 0.00690077899264341 0.0164168163520054 0.0143670206258125 0.021827632660427 0.0213385615741925 0.0131393517412044 0.0240604066662404 0.0216909038039273 0.0266507660763436 0.0292452072621632 0.029017286131972 0.0339446932669222 0.0220236965679027 0.0209657494223328 0.0256415211927866 0.0257743654716227 0.0251816374792489 0.0256742381070877 0.0138812435628817 0.0131252781733952 0.0151632127426814 0.00208335542358563 0.0036709028851485 0.010447921046294 -0.00329700131702487 0.00688980597629337 -0.00103155024225087 -0.00663134768551519 -0.00984111814524866
0.011122754885867 0.00599257033324966 0.00985401740561893 0.0220285641904697 0.0228955804085272 0.0275362651338855 0.0126593716527601 0.00502417226416842 0.0232843730725216 0.0184744287935118 0.0194798230956869 0.0141556961230557 0.0107978736401511 0.00482918590213469 0.00590869398615433 0.0129362277854966 0.0122999749827782 0.0140267199040032 0.0160739826900628 0.0111149531654634 0.0126083074483936 0.0152471844880869 0.0135140041685682 0.0170807623497233 0.0126116666482704 0.0183662309640323 0.0209006519168169 0.0229184563666904 0.0227165697695459 0.0168618581946525 0.0210337329252876 0.0230833123415469 0.0210657821901073 0.0252618090206487 0.0266303863247982 0.0250509979562424 0.0224582515610436 0.0237418036572036 0.0127922787702628 0.0134303160921009 0.0100882157245889 0.0180535924920271 0.00105364331005494 0.00437807357713513 0.0053793353565111 0.000502222555823151 0.00647064138999586 0.00566923031969439 -0.00143989801160701 0.00276954745522947
0.0121232114878584 0.0186153001685014 0.0132488062239846 0.0158434143712114 0.0127062557576231 0.0154636023639344 0.00815994668511176 0.0198306167495305 0.0200783082206259 0.013522324748386 0.0162665027377389 0.0157666987163313 0.0208164120272193 0.00732092981590442 0.0159067604523828 0.0164764457519748 0.0104690760927723 0.00830203978907388 0.0198776288457603 0.0151697916787609 0.0153825967409049 0.00898906196669311 0.010257747301613 0.0133799145041098 0.012662741413922 0.0196522782167084 0.0146680857161517 0.0153512271142403 0.0232822719484857 0.0212247096562452 0.027754655948234 0.0313009734504793 0.0278998027475133 0.0252925524874411 0.0213716913932889 0.0206980499266265 0.0214671602598087 0.0264691483327445 0.0131805878768696 0.0193256814257771 0.0141153294188278 0.00781705070363479 0.0127107229228943 0.011274211998855 0.00648790977824294 0.00230676974280698 0.00512049958230816 0.0050903046967472 0.00588423727120918 0.00226095627434917
0.0123360927092464 0.0215036940827219 0.0209034293462897 0.0140374800376115 0.01769521264169 0.0212511387005591 0.0214431098064067 0.0230971275256131 0.0189555017687042 0.0184328599319484 0.0168739877963015 0.0271048364771756 0.0195961071129634 0.0162260997347756 0.0151753388765336 0.015329498130846 0.0176075181526953 0.0162612754652541 0.0144603211792504 0.0207931992137486 0.0217372789461822 0.019236981582836 0.0158026752751483 0.0222833489551834 0.0168612756936121 0.0166277173671314 0.019795208732999 0.0195372089341214 0.022474052167342 0.0248955872387123 0.0293530017236558 0.0274533982794453 0.0218577189042167 0.0257512610182367 0.0180051875424127 0.0269831520841176 0.022905816598572 0.0247089006147292 0.027359878354116 0.020811064410155 0.0108360476059201 0.0197751434921188 0.00975493297062221 0.00862822082836319 0.0120203565117224 0.00725678482685561 0.00817144494475021 0.0061613718106707 -0.00174392904153637 -0.00437308705459289
0.0165528003003979 0.0217001963048721 0.0249469138181596 0.0251221478581836 0.0348678217210739 0.0301086325829535 0.0250516716810668 0.0314598407173198 0.0210373508639595 0.022788967299454 0.0233510312794144 0.0151633162187007 0.0226666833772644 0.02019110667579 0.0176463265819109 0.0242616992447775 0.015552655692971 0.0169592286084488 0.0175630568311432 0.0151357321762636 0.0188042776371904 0.0161908123921014 0.0268437142009403 0.0161662025817533 0.0221240273771053 0.0165883603819704 0.0138067614972022 0.0229136508240759 0.0172214164327843 0.0192807775578104 0.0245368640109477 0.0227771139118358 0.0250758138155727 0.0190824250557862 0.0248286586055511 0.0271996947876525 0.0275590012057041 0.0216453036834365 0.0196670653271678 0.028641956329166 0.0206171802997356 0.0209062311917014 0.0138807386338122 0.0137973883849449 0.00827786447618743 0.00954394945920641 -0.00213532338517584 0.00440564935445056 0.0015170812733221 -0.00530118148380704
0.0257438256614908 0.0354145359480638 0.0288855059220611 0.0372134998014463 0.0335408406162512 0.0354072169637212 0.0244415993783855 0.0231157929238268 0.0309558530045085 0.019198265086341 0.0110322088738838 0.0227472317163817 0.0143029962447939 0.0133688725301311 0.0230748698337816 0.0224034422669418 0.0215718253323946 0.0216842199687818 0.0250632513508445 0.0204564475025269 0.0214160681324315 0.019789008333632 0.0125987659499881 0.017214507709189 0.0133705082344689 0.0121461163463428 0.0116850873947254 0.0205459799568664 0.0121094136435567 0.0149876439444207 0.0198235795181786 0.0164730011199434 0.0162818786708987 0.0229008418600637 0.0268220004965373 0.0244127616430382 0.016529328738707 0.019577572311111 0.0157656895921444 0.0193130500847673 0.0173675397959442 0.0159012319627892 0.00836446343165732 0.00766867561742455 0.00517103619772295 0.00380113202522896 0.000388693616519203 -0.00198809396031674 0.00167723694990955 0.000137004750017477
0.0238106250476509 0.0234851099877505 0.0309682985525296 0.0299444217956926 0.0408653825035888 0.0380550712431953 0.0314009386904089 0.0233652373085137 0.0184813121222942 0.0211603839119051 0.0135004354978728 0.0160889705033141 0.0137015797561255 0.0227918446768149 0.0144089525110525 0.0196908202924769 0.0255431757722819 0.0240039094818355 0.0205252852329639 0.0193288239760273 0.0202833265553405 0.0124371772990506 0.0186360148172919 0.0219265392455042 0.015272248073468 0.0130281940080363 0.0115798540395975 0.0148843437680615 0.0257160752417019 0.0204111962932855 0.02011867372625 0.0195572113710525 0.0217823513474892 0.0238192915033176 0.0213817794648945 0.0149328598834178 0.0128131679666102 0.0212688997499917 0.0149909869298188 0.0243332124164049 0.0207802630971429 0.00746462896800968 0.0107088563816671 0.00532883869559688 0.00947340983314327 0.00751656134600477 0.00419578268658781 0.000923604229123175 -0.00324344869224045 -0.00327203532362203
0.024348106087294 0.0265868083048795 0.0239485810535117 0.0341570120267321 0.0296361465406149 0.0277886222054701 0.031072757975442 0.0182643388655388 0.016905469425485 0.0268068461100915 0.0214521731796602 0.0204839783381184 0.0166637317805001 0.0175201537815474 0.0203083687326146 0.0186798134782861 0.0295990516262168 0.0213245635092245 0.0197414625431294 0.0196120561948656 0.0247688185625699 0.0186293729196771 0.0103017545469611 0.0179314290748717 0.0191723073209858 0.0181646787754853 0.0222339569165702 0.0111206184134355 0.0167487425538092 0.0188473436739022 0.0163159546264033 0.0110349018335277 0.0202004392778292 0.0190269581677734 0.0123972936295085 0.0157462643235964 0.0202324329811948 0.0154972866271234 0.0168734184580457 0.00904257468596264 0.0150320163706933 0.00628324424680706 0.0155616152205689 0.0110372462436872 0.00246946324075312 0.00367497271733137 0.00599971131388112 0.00113147534600229 -0.00281771167956329 -0.00187479143727548
0.0327349867273149 0.0333313584465108 0.0243439871921366 0.0316371000603508 0.0372813661206645 0.0358505053544078 0.0298987458238206 0.017894438019058 0.0303466012210687 0.0241514683151949 0.0203589080776733 0.0231830234522069 0.0217694629055707 0.0141205843446616 0.0286885045189351 0.0237414176691006 0.0252977861218833 0.0251282957685496 0.0236727262877507 0.0161102689113991 0.0209178155021745 0.0152218199989753 0.0144883363057561 0.0142164147881582 0.0165239984527305 0.0128001701262577 0.0146272751626862 0.014190733209397 0.0117469706095797 0.0100059353598842 0.0163200436675582 0.0185541981263986 0.00760796945096341 0.0167747473715244 0.0107644285669761 0.0119460085376992 0.00924974674130438 0.0169345222880902 0.0079102795017757 0.00538265497948012 0.00240421690712046 0.0101637847764635 0.00497190415232786 0.00210286211467676 0.000771489175514968 -0.00618707824466358 0.00498974054073237 -0.00172841534033763 -0.00198890634459744 0.00211818944860695
0.0240258841295397 0.0289410134816775 0.0312226081782213 0.0341238137117709 0.0355040145473226 0.0301761179346789 0.0168147970028103 0.0263692714888551 0.0251603512179258 0.0272332651485715 0.032015345572151 0.0177644634242795 0.0212971995725493 0.0136248943233759 0.0258782863873857 0.0234463520899071 0.0183611232485726 0.0206340751155024 0.0176520868931009 0.0134832371834818 0.0191901679573607 0.0153208430500118 0.0119244450122937 0.00960734441955368 0.018159854909157 0.0136876713562853 0.00365592509215987 0.00580111580406629 0.0133956540146734 0.00644664751457678 0.00770910536721883 0.0145651495776605 0.00916673479811596 0.0248714077092292 0.00449554093942583 0.00809975678841736 0.00816890271855166 0.00878794944325391 0.00596114697495947 0.0134428116827912 0.0106285687070923 0.00789103391199024 0.0125532876409842 0.00431974995791232 0.00332073603806251 -0.00295866490285356 -0.00139059337567138 -0.00617782701094919 -0.00522935903737607 -0.00307959078363754
0.0146005955955086 0.0210187492063623 0.0227308106395311 0.0225995063936363 0.0249850033099642 0.0286252327845678 0.0162769826869111 0.0340990600281989 0.0285628507856179 0.0246932378825551 0.0305991563403124 0.0247083487584065 0.0205574334203619 0.0191312056176404 0.0191705631680636 0.0255834550571644 0.0203523868877219 0.0193158626763495 0.0238270711483462 0.0117887266227751 0.0208001877320988 0.0108512233411695 0.0146848144767364 0.0157820410600688 0.0131491201321142 0.013327610703881 0.0150266190188425 0.0124968966986974 0.0145540119162004 0.0154774262806562 0.0210405701457424 0.0115942440674901 0.0159177817180044 0.0151206868668106 0.0110976394926547 0.0116999222165098 0.0182013491602668 0.0107159329364692 0.0122945671628039 0.0139754327351241 0.00427501463426487 0.000544154059060024 -0.00623780946147053 -0.00299191247266317 0.00838387659893136 0.00289277050695199 0.00151841703115542 -0.000606233805610524 0.00145548740516186 -0.00473175686050667
0.013556286496957 0.0263264203815443 0.0231663764041122 0.0215662826085194 0.0281228157014394 0.0309744381210481 0.0381313128394131 0.0308413007957067 0.0267868817099026 0.0254571453862902 0.0210487462974525 0.0222166233937405 0.0238700863537764 0.0273579180566113 0.0158915785263931 0.0164489308871575 0.012169565953651 0.0145307266284204 0.015874031682498 0.0134268654276499 0.0160085119629292 0.013842971011311 0.0169442619531176 0.0060128066561558 0.0116212808111087 0.00516996569842439 0.000603332778530213 0.0103044238992652 0.00710200645963229 0.0139672526726802 0.0119711457582176 0.0213657540906115 0.011313441625512 0.0148130276826688 0.00351293573680752 0.00918079310818027 0.00806445315272671 0.00887939422851425 0.00432937080832282 0.0105358784787914 0.00508857283581288 -0.00143414802186463 0.00301123453904034 0.00244324387425746 -0.00433064905295498 -0.00300352272800918 -0.00455922360022763 -0.00602700994509091 0.00209200489667443 -0.00868132192680303
0.00890094942907362 0.0273063794452575 0.0127922964208413 0.0307372830474031 0.0260792909476376 0.0357233751653899 0.0276616883740885 0.0341753026921514 0.032345618742817 0.0250874182540087 0.0280079113814089 0.0229049994962716 0.0247727318517748 0.0245956800095428 0.0186235046114617 0.0210135940500445 0.011938830688849 0.016359936193398 0.0114306392991734 0.0125825632853441 0.0108193775153143 0.016531658708223 0.0081490494974897 0.0130806608762263 0.00903873485954123 0.0159091626892658 0.0111434532772274 0.00863966016240569 0.0107895851475006 0.017737296426135 0.0141821895109387 0.0110589813450157 0.00390790467730657 0.00903998930087496 0.0121122932277637 0.0158703159062175 0.0177709813301088 0.00720265535278466 0.00754422510845705 0.0033883241016487 0.00137628118702569 0.00428010515937842 -0.00148606042920818 -0.00368436169357297 -0.00548720747229774 0.000703589459223916 -0.00052900163780188 -0.00387442168075375 -0.00460466684949243 -0.00311744002367864
0.02001915363876 0.0186796163563965 0.0298901319499337 0.0312481249939174 0.0328458330971382 0.0316298964129203 0.0348353514606517 0.0312403936470856 0.0226235032836953 0.02312655584337 0.0321309939852636 0.0204370356708186 0.0290468211929024 0.0168818159240771 0.0184341970995668 0.0134647854870504 0.0106423019892416 0.0132094805187928 0.00907492100129173 0.0154926643716094 0.0079676936923903 0.00637972278429447 0.0111077878982792 0.00102302840554402 0.012119536836061 0.00395165501129556 0.00710903737339945 0.00296106285085869 0.00892915511624763 0.0107443375627032 0.00420245429620254 0.00658533005270589 0.00803118943732343 -0.00237299945309252 0.0114837919906446 -0.00183480634777371 0.00151368510810996 0.0116270832733718 -6.0891790298473e-05 0.00140323638245189 0.00746176940775058 0.00285578216162742 0.00556928749139677 -0.00353212636082344 -0.0119624247072941 -0.00834022241010478 -0.0057778514662546 -0.00368573566482523 0.00401094215112336 0.00310142831690201
0.0228657304592821 0.0185144094842972 0.0274230354218727 0.0307414481753532 0.0285321151230556 0.0260374315980494 0.0277788274497101 0.0304333849033867 0.030105205880018 0.0177596700466647 0.0246348392548346 0.0232846688866363 0.0271432649064453 0.0206699128311558 0.0158212217983941 0.0223002718150176 0.0148524910272013 0.00753570095915149 0.0119162262626554 0.00491096012956008 0.0117150994624297 0.00374820173410232 0.00436628316512389 -0.00162419249776086 0.0129968945139582 0.00633140468870784 0.00636170142809509 0.00251207696647384 -0.0015532396398339 0.00821183244316253 0.00861484222315735 0.00667280673771777 0.0053371584817408 0.00805631576599559 0.00412919947906412 0.00741581082849162 0.00357132131492961 0.00310166941050029 0.00628160247524267 0.00196067699838642 0.00140026635176719 0.000531986832392959 0.00153767867122504 -0.00124197999133538 -0.00087982445117902 -0.00182846253786813 0.00203388195920879 -0.00662759114346358 0.00160380285013645 -0.00195076905904852
0.0124105251372078 0.0169436689387646 0.0307322655499749 0.0231970139708692 0.0311708913916823 0.0268530674211977 0.0304359383921254 0.0241031433540002 0.0257540288797222 0.0215641055421433 0.0196847883831891 0.0153665650102964 0.0140256894071911 0.018600793601319 0.0107849073907575 0.0101524936176214 0.0140468879974005 0.00971233411081882 0.0103378280842963 0.00239150379935429 0.0075338076178402 0.0117831301766156 0.00424189738342409 0.0029049816845239 0.00199351950862794 0.00282078682356548 0.00458107642277638 -0.000120159899271839 0.00597020648995312 0.000952540844055527 0.00338299903640111 0.00665043569612365 0.00317605261543915 0.00618755171404297 0.00569289094972219 0.000563688461981016 -0.00273532388503904 0.00445288546983715 0.00228854780990313 0.00123697982665925 0.00184591092253098 0.00185235032362717 0.00176175230390367 -0.00766258399944514 -0.0045742302728755 -0.00255366672977313 -0.00262366363055383 0.000833767149715429 -0.000705045856447919 -0.00299954447398665
0.0112638830681865 0.0250332071304531 0.0262450811990791 0.0315874592859624 0.0278834817230916 0.0239205369257479 0.0290140124761115 0.0243158719220496 0.0263360245133716 0.0230099766855178 0.0194446855836401 0.0127438379288812 0.0190752192229142 0.0111697360246629 0.00788621413163083 0.0101666983137413 0.00596760311230883 0.00734879366249712 -0.000641193413604746 -0.00578324007920725 0.00563293948929336 -0.00151204561385373 -0.00127610455229022 -0.00451392245370646 0.000775550505629807 0.000633509806198149 -0.00153288003646763 -0.000409870211186349 0.000536346121032004 0.00051914578320054 0.0020703291525883 0.00581745887040655 0.00736073781101609 0.0020578086641854 0.00128044328632185 0.000727047478861155 -8.59581435635448e-05 0.00117894646888989 0.00262587418130452 0.00355298461017915 -0.00222001976534674 0.00504050065914846 -0.00452913194294857 -0.0077131640311913 -0.00323086454309853 -0.0042867975359186 -0.0123318934326612 -0.000691725764320173 -0.00786850687775143 -0.00428192720624127
