data/pcas/pcas_can_585/pca_referenceLayers_can_585/PC18.asc
NCOLS 494 
NROWS 529 
XLLCORNER -117.166666666667 
YLLCORNER -55.5 
CELLSIZE 0.166666666666667 
NODATA_value -3.4e+38 
[rows 198 to 219 of 529, columns 350 to 399 of 494]
0.00191005210866221 0.00500692277533729 -0.00516115045797094 -0.00936531229900851 -0.00109035037992914 -0.00367231778576957 -0.00114669798185726 -0.00727311481230032 -0.00305807169110385 -0.00375288702563429 -0.00531826942044088 0.000201138440146579 -0.00206551417382461 0.00699823699384854 -0.00459722530246594 -0.00552269298195963 0.00201846424003949 0.000635604916775933 0.00485217918089861 0.0084132139394117 0.00147243420930273 0.00317267572649853 8.3435026092581e-06 -0.00174561715425884 -0.00847867203113215 0.00563521712674615 0.00350754500759051 0.00682114124898349 -0.00370520980026631 -0.000560346539606698 0.00424295373814647 -0.0068142782233338 -0.000398495306668881 0.00303967055176028 -0.00389871068070508 -0.00623957701766753 -0.0122132509102987 -0.00127248426073676 -0.00121785231462927 -0.00129547101405266 -0.0092359248896711 -0.00687652754279001 -0.0104503597744298 -0.0137989868175006 -0.0111843759945144 -0.0115842524289784 -0.00863030125191795 -0.0109135298402125 -0.0108256954227167 -0.00672489616260866
-0.00433036297047833 0.000265053375634389 0.0012597645524673 -0.00406326077344856 -0.00659928720138629 -0.00670180629578514 -0.00155896758471144 -0.00389283788220311 -0.00507895699401994 -0.00649354152084371 -0.00176437237156579 0.0046523120532412 0.00380929116697292 0.00337296423497936 -5.14299623216065e-07 -0.00300478028889507 -0.000357528682666607 0.00301516374604863 -0.00032093835978908 0.00404872594448022 0.00571866302828158 -0.00111755340041556 0.00705280662044 -0.00500335536347939 -0.00106095527449481 -0.00754480622231214 0.0112559734716973 -0.000314282700966448 -0.00420992207260552 0.00150525103194019 0.00226675349946235 0.00224880062716038 0.00134419612062792 0.0054875262966719 0.00398621676791432 -0.00318622612076583 -0.00539316714399738 -0.0114530148495771 -0.00843059903797973 -0.0120828219487823 -0.0114183742948141 -0.00717373456394943 -0.00918921759860082 -0.00685326032753733 -0.00195094943936152 -0.00656436077087586 -0.00674558911088001 -0.00336642930167507 -0.00587818890855079 -0.0103268403988723
0.00288467922893687 0.000145681897139325 -0.00303569007150131 -0.00122895779805508 -9.18238861426167e-05 -0.000306976156789864 -0.0123546067466238 -0.00528837472908274 -0.000485079775495295 -0.0011521412009543 -0.00418665373294594 0.00338821702982387 -0.00220232089349437 -0.00224915998639641 0.00477443739885005 0.00363117824511323 0.00300114617499059 0.00672390612753744 0.00670347968262223 0.00258784726961815 0.00875597864940293 -0.00388255585619982 0.00440273453815119 0.00113736459884831 0.00243863638051651 0.0048314321158697 0.00117254040197665 0.00424612899100858 -0.00421040949100609 -0.00502168663958309 -0.00315519093126537 0.002245852496267 -0.00371466100111285 -0.00309518319625532 0.00440601964860636 0.000673208970574375 0.00480111899416322 -0.00793986025685281 -0.00742361353766431 -0.00523513209409394 -0.00213945654439794 -0.0043441188892567 -0.0112876968476321 0.000168138578298221 -0.00624426157259344 -0.00806986560714852 -0.00188592823183564 -0.00457823560028507 0.00137288180562864 -0.00337608600463542
-0.00628402477368296 -0.00356035813095081 -0.00306407058017301 -0.00810862912310613 -0.000460496743647952 -0.000739523924724322 0.00419512845235294 -0.00749700763414673 -0.0049400458151156 -0.004322902109136 -0.00821560231203793 -0.000748175150752445 -0.00109271821655841 0.00189845903904455 0.000879217039067343 -0.0011447302160206 0.00613976229790883 0.00320311491216973 0.00451717517354365 0.00144458790631169 -0.0031290107325101 0.00453569026001577 0.00681562141941174 0.00210545688939196 -0.00494520379854791 0.00377179457146417 -0.00237962869183092 -0.00382200177078156 -0.0021601416146326 -0.00202893930267268 0.00149715656939238 0.00720167424898103 -0.000337652891320852 0.00620043966562562 -0.0024144136355359 -0.000183296938964723 0.00246002422548861 -0.00027195247730207 -0.00181512108061881 0.00476406776643195 -0.00418752800015414 -0.00213489954313892 0.00305294163610963 -5.37399348053648e-05 -0.00697297184380047 0.00136838870114959 0.00547126587967974 0.00298300736445328 -0.00869041479625951 0.000223319783810884
-0.00196174066639526 -0.00242873614056624 -0.00553062053718089 0.00270793329579675 -0.0023625102718425 -0.0050984274464192 -0.00618698899146991 -0.0029404315968145 -0.00624193201524731 -0.00927011116629627 -0.00412811345196467 -0.00690346698031617 -0.00398308840329691 -0.000590681353775767 0.00799667608373181 0.00522939983354564 0.00553716851340417 0.00356312326245843 0.00723813075986414 0.00487660717654538 0.0109502639372106 0.00825297886631196 -0.00445967958226707 -0.00133263465259331 0.00281549817904021 -0.00226727871639501 0.00778862412790994 0.00614386290987434 0.00347340934641084 0.00495662713652907 0.0064134751327423 6.41220133967084e-05 -0.00205286652136124 0.0100903406227347 -0.00297739516066052 -0.00177424999398189 0.00161480419085426 -0.00505861565688439 0.00156136113823192 0.00404031264433944 0.00383629660790691 -0.000778820935883334 0.00307908825001787 0.00515898110507352 -0.0073843593516971 -0.00934699569327309 0.00283892106944329 -0.00686470948545295 0.00747412377699511 -0.00352085665871361
-0.00294137328003164 0.00309318702051053 0.00316282276921075 -0.00879350686673491 -0.00620080253727835 0.00161655411121884 -0.00338794145018843 -0.00375461361378595 -0.00813066104397973 -0.00222873123716173 -0.00602940948906734 0.000788278252123652 -0.00254063929626447 0.00285137368824317 0.0042386671603572 0.00243362743146707 0.00571524272699469 0.00860406217400197 0.00314728104105081 0.000386538094262126 0.0088887162670097 -0.00443490291318136 0.00117914615491852 0.000753316548131126 0.00722466292779192 0.00116477685788464 0.00460807993700679 -0.000831791984727906 0.00643852319164064 0.00712172808187424 0.00763476472277683 0.0037653149297366 0.00831805377507551 0.0117571282280091 0.00548045393981478 0.00925371473799864 0.00947053041239321 0.00467792752864743 -3.5625780484212e-05 0.000684644755253627 0.00625989012797461 -0.00097707644523492 -0.00751674641426273 0.00718854783982793 -0.00421925131200836 -0.000403739955758355 0.00312286285095703 0.000269891024575777 0.00712421077839407 0.00150502751451857
0.00111518101228597 -0.00522420733061056 -0.00111601945971948 0.00556051610857209 0.00176233684486665 0.00154166710177849 -0.00438397385597663 -0.00716249405409478 -0.00222557624187358 -0.00612593292087593 0.000790154217402499 -0.00129604184716389 0.00653401038120257 0.00359101860613224 -0.000636343263452464 0.00497105667655198 0.00775474884068274 -0.00445423931398409 0.00773897742421988 -0.00138222662289696 0.0120594076865286 0.000677734846121943 -0.000212946280774869 -0.000330837246303042 0.0045153729465586 0.00580252406037112 0.00765162248830627 0.00165197565189514 0.0010970076303289 -0.00190985142444112 -0.000849498970863626 0.00511680729657823 0.00695512035629535 0.00167967504537667 0.000615327479549333 -0.000850199118016151 0.0103360504100852 0.00338289446690822 -0.00352668937587763 0.00272113964610854 0.00237343978401018 0.00221507816172992 -0.00538836965482817 0.00151398598332994 0.00156677956580693 0.00333432987923008 -0.00236228077188148 0.00341522783809535 0.00805202790649821 0.00239204929510121
-0.0023047095467568 -0.00163328349226774 0.00332612001684355 -0.00045240326346413 -0.00358676035467673 0.00138565786601997 -0.00354996046202752 -0.00821323433538327 -0.00141349823207606 -0.00259660131567256 -0.00788558354513846 -0.00190473696646322 0.00153061711344049 0.00125374560009523 0.00797266623454092 0.00377654839646645 0.00279042472247348 0.000294403429559291 0.000374062708561009 -0.00150886500929093 0.00667854662111167 0.000128046670240957 -3.15680751649017e-05 0.00514347872941999 -0.00377637602636871 -0.000385370881940012 0.000798777178988117 0.000573973097901529 -0.000230604778225603 0.003710680712233 0.000704787683869331 0.000929009464052244 0.000876430423520588 0.00820370846577787 0.00196505774402378 0.00935747817659311 -3.51140517496325e-05 0.00587697802776039 -0.00443608308142573 0.00789252588727567 0.00433507583974244 0.00034576496003792 0.00324050194826342 -0.00390163354664559 0.00361576671388456 -0.00681610069244127 3.48799488124989e-05 0.000971480841157716 0.0055186307771251 0.00663385898673223
-0.00717961447827537 0.00649237016890938 -0.00337367667800279 0.00122355508529188 -0.00474236159451395 -0.00786166971028231 -0.000971589939864952 -0.00557763264744468 -0.0076002509468319 -0.00507132175237654 -0.00736420292474197 -0.0102686933258767 -0.00546146371231383 -0.000874411836638836 -0.004077545479786 -0.00491707093551681 0.00294732300860666 -0.00530422483048193 -0.00468777311985674 0.00701053570789982 0.00245592253706674 0.000334343779722618 0.00491671166037537 0.00472718280278339 -0.00262794377621908 0.00364783372110099 -0.00438231622003544 -0.00144434287866096 -0.00467897793582285 -0.00235086650388217 0.00342650742243604 -0.00123547117937267 0.00395812828424 0.00695345003265998 0.00959327567716119 0.000462831844722999 -0.00558337109352702 0.00113004440165891 0.0016031361641703 0.000116615500605507 0.000193143203585482 -0.00614521755804914 -0.000674284219397139 -0.00941806919215417 -0.00354389170482349 -0.00614430890861419 -0.00345666766275851 0.000212983601793689 0.00757318479608107 0.0144254619526785
-0.00361731993226361 0.00166304743265403 0.00367584851779082 -0.00640920662956614 -0.000654997563791693 -0.00499714157270899 -0.0092752985747922 -0.0138507169492411 -0.00910448603576906 -0.0131623422654954 -0.0067221460889144 -0.000629245801474103 -0.00432013887192925 0.000244336364964043 -0.00865889944161568 -0.00205116373125633 -0.00351577134014904 -0.00343125633527667 0.00821467889459247 0.00301094561873686 -0.00833478809341053 0.00225726559164315 0.000328841239067579 0.00202329639149144 -0.00698370717381407 0.0060812321702622 -0.00295796183854539 0.00091201795672643 0.00146180846459065 0.00215224916112829 -0.00501991975132817 0.00194878005479692 0.00751951798897611 0.00375985620086419 0.00196216411228162 -0.00350327441339277 -0.00920733742158477 -0.000405073250891152 -0.00228278047708419 0.00142410350705702 -0.000360604603486001 -0.00644349941594424 -0.000154664890168056 -0.0018776112085842 -0.000985695362251007 -0.0028960032569507 0.00541539909106795 0.00170261821665904 0.0109776274672002 0.0114524525489475
-0.00335479554470935 -0.00583448553361964 0.00150076217321698 -0.00751004742469586 -0.00196511455239543 -0.00381122374637454 -0.00887550456807067 -0.00335425281517815 -0.00681750341332693 -0.00431688906049988 -0.00402927521313772 -0.00807357828874291 -0.00891393190959719 -0.0105405634554405 -0.00784043456691366 0.00121721936249222 0.000303505211730028 -0.00271340414418934 -0.00364037086118834 -0.00428000490484238 0.00385193312699516 -0.00207078507533534 0.00431155818821385 0.00412719261269643 0.00413111215061685 0.0028656493637042 0.000922416296217472 0.00624523997524248 0.00174399023485136 0.00436189726789203 0.008675760482715 0.00471644893888341 0.00545277822682487 -0.000587383888398991 0.0025630553180664 0.00785984941485949 -0.0023006022993825 -0.00618069151433764 -0.0017758629296081 -0.000236116183444273 0.000416800831725009 -0.00596529862531121 -0.00317638208379287 -0.0024324363322772 -0.00693349738333323 0.00585442412286586 -0.000394217792583239 -0.00184989152471394 -0.00131127352051754 -0.00018106663393504
0.000695062049901873 -0.00331920820369153 -0.00519736079691487 -0.00347714882216543 0.00184445818619821 -0.00341865362182707 -0.00703755780695436 -0.0110900426480648 -0.00754329643505527 -0.0103386340023534 -0.0149667770269937 -0.00718699225334118 0.00121704829249811 -0.00776122823197365 -0.00463752173491557 -0.00761659627999821 -0.00351787669813326 -0.00973973970590679 -0.00808201416871211 -0.00227120096591753 -0.00137668724129802 0.00224609843328607 0.00218206752532179 -0.00233866825431148 0.00556637937139436 -0.00615808064581703 0.00217413217843567 0.000430005578080065 0.000244275957828136 0.00161234302574313 -0.00433089991918388 0.00236739152119169 0.00159943421364093 0.00587578655719973 -0.00594646036688754 -0.00130170190303806 -0.000963792302607938 -0.00689089077808691 -0.0010350638343311 -0.00590938905063599 0.00112267262089693 0.00305173425097208 0.000380150381142511 0.00530812024797843 -0.00721674136383381 0.00411447485579689 -0.00523587995903276 0.00139478292273886 0.00596767605635716 0.000241335890609296
-0.00740128970989306 -0.00277296974395377 -0.00384098712375195 -0.00601324668675488 -0.00438490856363958 -0.0106257542001724 -0.00211632026363325 -0.0083341541924311 -0.0103000786955823 -0.0171476006319225 -0.0112740679223882 -0.0136241520094742 0.000727333334692203 -0.0160291394811616 -0.00318449834501165 -0.00335059221776413 -0.00185084379546627 -0.00509879146109217 -0.00670458619988958 -0.000729173878055343 -0.00231329977864961 -0.000790002619262045 0.0067716930922506 -0.00193231957884166 0.00904487240524012 0.000545098386748732 0.00382167959926327 -0.00274485163928474 0.00380449584670222 0.00253115479984488 -0.00119482566276767 -0.00200579228305849 0.00339267120297369 0.00165779066040747 -0.00415374921413348 0.00244711441208646 -0.00492544303381345 -0.00819807580690399 -0.00275215154618463 -0.00265384752580761 -0.00792384898330187 -0.00294353063338353 0.000998220519529668 -0.00245212821786821 -0.00508874485063321 -0.00282191263826077 -0.00544535279231759 -0.00271648836019059 0.00239402265691618 0.000350796572631963
-0.00175588805856554 -0.000886815371855444 0.00500940884007934 0.000629338137789088 -0.00733934465086111 -0.00298530798075435 -0.0096122023939764 -0.00869528729718812 -0.0117035399164853 -0.0148164988115898 -0.00701098151159971 -0.0117314500658515 -0.0086238229119281 -0.00303151484911526 -0.00970068026322959 -0.00594721167877106 -0.00164763675307435 -0.00671442780408431 -0.00219118279256346 -0.0117676797052825 0.00164549630941467 0.00430709379026101 0.00459313648724125 0.00306045912229382 -0.00370072968145273 -0.000870544983372605 -0.00200520518384553 0.00249891595160556 0.00839352225831063 0.00546666275466104 0.00264510395141877 0.00244887227241032 0.00147811643130198 -0.00084562062318564 -0.00185779079960302 0.00349621975993936 -0.00769018288289622 0.0015106355316629 -0.00987110935489205 -0.00142374923025076 -0.00378516357533833 -0.0124644727795538 0.00416275705255551 -0.0003138718237813 0.00225616943861707 -0.00402120769299547 0.00142303151482634 0.000315863983428848 -0.00322078716003179 -0.00617520269095301
-0.00216207138543885 -0.005669815908782 -0.00151029855206273 -0.0110369455737913 -0.00880190296493203 -0.00355968428935736 -0.00641032190854788 -0.0174120393781259 -0.0109414411183248 -0.00401900824752444 -0.0166256845105007 -0.0048552219319923 -0.0017313113101992 -0.00963338134234835 -0.00751960604739215 -0.0110696114080685 -0.00660193505533215 -0.0108008786106863 -0.00589666617052739 -0.00571470851549155 -0.00154495551132371 0.00676740796365513 0.00435624749537703 0.00674101597962784 -0.000493183535463922 0.00723853609316072 0.00643829273019238 0.00575989774858507 0.00383536106156216 0.000775586914445939 0.000527556851932376 0.00735627212531606 -0.00281501142206169 0.00729582809592473 -0.0067519266374455 -0.00627435635311237 0.00197612287151193 -0.00837454479278242 -0.00511605198178657 -0.00654951959890417 -0.00551243946163795 -0.00799472080360935 -0.00471998405609127 0.000657259314717685 -0.00677754405598154 -0.00121094624683547 0.00278813295102828 -0.000882245503907286 -0.00326335821407096 -0.00578249200414571
-0.00122426745700484 -0.0042924647059286 -0.00501925989204634 -0.00425060091469291 -0.00980168343112743 -0.00271862371489949 -0.0124663179542146 -0.0065279365513148 -0.00648188435899675 -0.00760500481267685 -0.00465962903261945 -0.0109293662551828 -0.0102604643260505 -0.0119761009147382 -0.00560245196142928 -0.012462002305596 -0.00474607897177894 -0.00939907868166771 -0.00915113713344894 -0.00892515582447545 -0.00356727959194994 -0.00339626695694733 0.00342384203515514 -4.72530166726369e-05 0.00220274945679064 0.000819338076422869 0.00263624913613757 0.00517177423337266 -0.00195401899751625 -0.00104353280571695 -0.00119456166902389 0.00650260546453384 0.00105611722044826 0.00327837759015015 0.000987883234448785 0.000583648869305586 -0.00469876901730757 -0.0057573193504443 -0.013192976604189 -0.00477657130853608 -0.00518606632244737 -0.00950093520537217 -0.00208264132479427 0.000747551749478285 0.00348108082389589 -0.000767344789407689 0.000769463398588386 -0.00300715021683607 -0.00567162434974252 -0.00548816371449777
-0.00534101591048232 -0.00507508118496036 -0.010455586950928 -0.00285958266300908 -0.00819551635292559 -0.00664303956119677 -0.0133118764751104 -0.0113375175930332 -0.00833514413761868 -0.0105102168266171 -0.00633382878196213 -0.014415561998892 -0.015392883083207 -0.0142540966870318 -0.0146702722238152 -0.0136795243906524 -0.00838689574347711 -0.0121406040366776 -0.00701954917575444 -0.002985084507288 -0.00557064782548607 -0.00183321716582796 0.00379046648649483 -0.00517956573221453 -0.00304672889338613 0.00273277290348373 0.00372401267047078 -6.61430516475806e-05 -0.000202980332576165 0.00523372054498881 0.00101919746171743 0.0021894606562223 0.00364260205381603 0.00053917355169774 -0.00162445978755904 0.000801664166798373 -0.00563105863139565 -0.00736213996606489 -0.00670333278414849 -0.0116245056927363 -0.0110722811070026 -0.00206784638741825 -0.0025388559285997 0.00121028135875218 -0.00589834454204619 -0.00756728332321193 -0.00354776925218129 0.000732154850654541 -0.00344259168755889 -0.00449126240596344
-0.012032030197036 -0.00659379596856606 -0.00431163095256758 -0.0102775077470603 -0.00217359600369498 -0.00407525364984526 -3.28687819063213e-05 0.000344652453458886 -0.00834178603865788 -0.0106604290108921 -0.00964689201808311 -0.0148763504730752 -0.00548788242031303 -0.0158335792974174 -0.017107140912927 -0.0132160230402769 -0.0122350899761576 -0.00429203870795735 -0.0111632729464019 -0.00348591924928574 -0.00363965133704091 -0.00108948193553532 -0.00324402956904666 -0.00620230022765646 -0.00301555047905991 -0.0040270718572805 -0.00656735849630575 -0.0003240670580221 0.00490158166061245 -0.0069658602750087 0.0117665522711009 0.00978870414186117 0.00692069602349882 0.00916515738644654 -0.00129422157765996 -0.00502390701751489 -0.00995868447363936 0.00332758215317988 -0.0036989972634301 -0.00868567348971472 -0.00231514383550675 0.000617116505324314 -0.00392695264275086 -0.00185126907839 -0.00483188461623504 0.000928032017387166 -0.00190957587819699 -0.00558371024292082 0.00618602338898737 -0.00634933465105018
-0.011724816038099 -0.0107120182578171 -0.0064978623855014 -0.0142383287630076 -0.0105878909477957 -0.00604791113307569 -0.000222579733895193 -0.0070446151811443 -0.00688437793101168 -0.00708921710092095 -0.00927501165610631 -0.00917672826469994 -0.00678417839160782 -0.0135697825993164 -0.0194427034784865 -0.00740583131095243 -0.0113743942069121 -0.00706563406428006 -0.0136521710001743 -0.00564412409295978 -0.00634784272736347 -0.00508307755886702 -0.00520050277096118 -0.00484348892319299 -0.00605928359223468 -0.0030290345655098 0.00111818129330083 -0.00192565566160812 -0.00503356707877193 0.00401420654569932 0.000175870556052154 0.0058823184682719 -0.00516347584922541 0.00660088603648935 0.00253390852662261 0.00201167273247718 -0.0014421900554233 -0.00850489762012358 -0.00389453248640639 -0.00902512447405072 -0.00810343801191569 -0.00783743577377587 -0.00449943763137681 0.00186405786451807 -0.00303422140564341 -0.00247457204734675 -0.00140118172894069 -0.00564421868166739 0.00705211048261464 -0.00205164220319988
-0.0158450786488214 -0.00905679377755541 -0.00883463052057688 -0.0139463999567515 -0.00316356990496132 -0.00842130194162763 -0.0114320197236571 -0.0110539725538867 -0.00679273433567723 -0.00676547319773078 -0.0104958733043984 -0.0107215610083786 -0.0151605660966257 -0.00572476938206195 -0.0131023805022299 -0.0139739380858379 -0.0130840993996878 -0.00767779028652307 -0.0033309246092094 -0.00693400544493712 -0.013290860346876 -0.00983418395288981 -0.00971031721381247 -0.00612971745444265 -0.000936762294501852 0.001159503559291 -0.00636714517330442 0.00746533886512947 0.00342419421360533 -0.00832159418141749 0.00215310656662235 0.0109390480548395 0.00769246891931473 0.00305315231037494 0.00193604332899203 -0.000321813192257524 -0.00237724882120371 0.000622250678660951 -0.00983205635972157 -0.000724299314352994 0.00327431075897587 -0.00751049022935666 0.0047302433718266 0.00748230356708698 0.000843290585866414 0.00170128121365273 -0.00491131305691754 0.00251573583405267 0.00258890386329283 -0.00836099551403386
-0.0126026712935565 -0.00912851201832135 -0.0162233671212964 -0.0113921910356338 -0.012468176200732 -0.0174128629862994 -0.0152959713097531 -0.00958386105523481 -0.0140597898842458 -0.0136781899039722 -0.00541980483092978 -0.011090332054777 -0.016471883612523 -0.0141811114206347 -0.0124206596604943 -0.010885870756753 -0.00701773176978754 -0.0100138269181791 -0.0130677543464261 -0.0139938678728699 -0.00607302849615159 -0.0102523782567251 -0.00495818421763211 9.2243235066366e-05 -0.00665960815178009 0.00318016674545089 -0.0029779709269645 0.00479710533988786 -0.00457816597660922 0.00147154550997553 0.0069836969885145 0.00345188288284396 -0.00133218202021957 -0.00252350928678177 -0.00634698873384856 0.00766534961084173 0.00306877508654991 -0.00181058309618749 0.000312641568624726 -0.00208694302501253 0.00947080071155014 0.00258153903072895 0.00870953940111817 0.00134683076871672 0.00661372240380171 0.00843109058851739 -0.000812195221905417 0.00301998972716029 -0.0059469729756399 -0.00452736227257526
-0.0190497310929889 -0.0156295338314011 -0.0137387230854461 -0.00597111795824344 -0.0183450264652533 -0.0113281187134827 -0.00788149789186776 -0.0109985347813687 -0.0112282864261405 -0.0193423547875782 -0.00854058623602721 -0.0130892887509884 -0.0114099451910507 -0.0164777853181712 -0.0129196700724306 -0.0115861672500588 -0.0119006140701609 -0.00423259076391909 -0.00261336458419735 -0.0124707727042372 -0.0112007742629355 -0.0113786387899613 -0.00632380929417663 -0.00300405893147577 -0.00984748106931084 -0.00592876640915295 -0.000998057365494783 -0.0043195396004525 0.000555058327545442 -0.000526633830066356 0.00434794471118654 0.00993557379291763 0.000122250020677802 0.0018956565433103 -0.00492129060228603 0.000507991081343266 0.00484151930555712 0.00222982686165626 -0.00285695633821088 0.0018620558938724 -0.00470994264964903 0.00663338073838529 0.00559494896467946 0.00876922285274215 -0.00011941274629513 0.000137299062562842 0.00351037118607905 -0.00199604356199171 -0.00640947536348794 -0.00355927613235235
