data/layers/future_layer_mc_585_60/bio15.asc
NCOLS 494 
NROWS 529 
XLLCORNER -117.166666666667 
YLLCORNER -55.5 
CELLSIZE 0.166666666666667 
NODATA_value -3.4e+38 
[rows 288 to 311 of 529, columns 275 to 329 of 494]
102.400001525879 101.099998474121 99.5 98.5 97.3000030517578 95.5999984741211 92.3000030517578 88.5 87 85.8000030517578 85.3000030517578 83.3000030517578 80.8000030517578 77.6999969482422 79.1999969482422 77.9000015258789 77.3000030517578 68.5 59.7999992370605 58 58.0999984741211 56.7999992370605 55.9000015258789 57.0999984741211 58.5999984741211 58.7000007629395 59.2000007629395 60.2999992370605 60.4000015258789 60.5 60.5999984741211 60.5 60.5 60.2999992370605 60 59.7999992370605 59.5999984741211 59.5 59.2999992370605 59.0999984741211 59 59.2000007629395 59.7000007629395 60.5999984741211 61.7000007629395 62.5 63.0999984741211 63.9000015258789 64.8000030517578 65.6999969482422 66.1999969482422 67 67.5999984741211 68 68.5
104 104.099998474121 103.400001525879 101.599998474121 99.5999984741211 97.6999969482422 95.1999969482422 91.8000030517578 88.5999984741211 86.3000030517578 84.6999969482422 82.5999984741211 80.0999984741211 77.5999984741211 84.9000015258789 87.9000015258789 77.4000015258789 74.3000030517578 65.6999969482422 59.2999992370605 58.2999992370605 58.5999984741211 56.7999992370605 56.5 57.9000015258789 59 58.9000015258789 59.5999984741211 60.0999984741211 59.7999992370605 60 60 60 59.4000015258789 59 58.9000015258789 58.7000007629395 58.5 58.5 58.5999984741211 58.7999992370605 59 59.0999984741211 59.7000007629395 60.2999992370605 61.2000007629395 61.7000007629395 62.9000015258789 63.2000007629395 64 65.3000030517578 66 66.5999984741211 67 67.4000015258789
105.699996948242 105.599998474121 104.900001525879 104.800003051758 102.400001525879 100.400001525879 98.6999969482422 95.4000015258789 90.6999969482422 87.0999984741211 84.3000030517578 81.4000015258789 78.6999969482422 77.1999969482422 75.5999984741211 85 78.3000030517578 75.8000030517578 71.5 62.5999984741211 59.0999984741211 58.7000007629395 59.4000015258789 58.2000007629395 57.7999992370605 58.9000015258789 59 58.9000015258789 59.7000007629395 59.5999984741211 59.2999992370605 59.5999984741211 59.5 58.7999992370605 58.4000015258789 58.0999984741211 57.9000015258789 57.7999992370605 57.5999984741211 57.7000007629395 58.0999984741211 58.5 58.5 58.9000015258789 59.2999992370605 60 60.9000015258789 61.4000015258789 62.0999984741211 62.9000015258789 64.3000030517578 65 65.3000030517578 65.9000015258789 66.0999984741211
107.699996948242 107.099998474121 106 106 104.599998474121 102 99.8000030517578 96.8000030517578 92.8000030517578 88.1999969482422 84 80.3000030517578 77.1999969482422 75.4000015258789 74.9000015258789 74.0999984741211 76.8000030517578 77 73.5 69.6999969482422 63.0999984741211 59.9000015258789 60 60 59.4000015258789 59 58.4000015258789 58.7999992370605 58.5999984741211 59.0999984741211 59 58.7000007629395 58.7999992370605 58.4000015258789 57.9000015258789 57.5 57.2000007629395 57.0999984741211 56.9000015258789 57 57.4000015258789 57.5999984741211 57.7999992370605 58.4000015258789 58.7000007629395 59.2999992370605 59.5999984741211 60.2000007629395 61 61.5999984741211 62.7000007629395 63.2999992370605 63.7999992370605 64.3000030517578 64.5999984741211
112.199996948242 110.699996948242 108.800003051758 107.900001525879 107.199996948242 104.5 101.5 98.5 94.1999969482422 90.4000015258789 84.4000015258789 79.4000015258789 76.9000015258789 75.0999984741211 75.3000030517578 77.0999984741211 78.9000015258789 79.5999984741211 76 71.8000030517578 67.5999984741211 63 60.5 60.7999992370605 60.5999984741211 61 59.5 58 58.5999984741211 58 58.7000007629395 58.5 58.4000015258789 58.0999984741211 57.5 57.2000007629395 56.5999984741211 56.4000015258789 56.0999984741211 56.0999984741211 56.2000007629395 56.7999992370605 57.2000007629395 57.5 57.7000007629395 58.2999992370605 58.9000015258789 59 59.9000015258789 60.7000007629395 61.5 62.2000007629395 62.2000007629395 63 63.0999984741211
116 113.800003051758 112.199996948242 112.5 109.099998474121 107.300003051758 105 103 99.0999984741211 94.6999969482422 89.9000015258789 85.0999984741211 80.5999984741211 79.3000030517578 79 80.8000030517578 82.6999969482422 83 79.4000015258789 76.4000015258789 71.8000030517578 66.1999969482422 65.5999984741211 64.5 64.3000030517578 62.5999984741211 60.5 60.7000007629395 58.9000015258789 58.4000015258789 57.7999992370605 58.0999984741211 58 57.4000015258789 57 56.5 56.0999984741211 55.7000007629395 55.4000015258789 55.2999992370605 55.4000015258789 55.9000015258789 56.2999992370605 56.5 56.5999984741211 56.5999984741211 57.4000015258789 58 58.4000015258789 59.0999984741211 59.9000015258789 60.7000007629395 61.2000007629395 61.5 61.2999992370605
120.900001525879 117.099998474121 117.099998474121 118.199996948242 112.099998474121 110.699996948242 108.800003051758 107.199996948242 105.099998474121 101.699996948242 97.9000015258789 92.9000015258789 88 86 86.0999984741211 87.3000030517578 88.1999969482422 89.0999984741211 84.5 81.0999984741211 76.3000030517578 70.8000030517578 66.9000015258789 67.9000015258789 67.4000015258789 68.5 66.8000030517578 63.4000015258789 60.7000007629395 60.0999984741211 58.7000007629395 57.2999992370605 57.2999992370605 57 56.5999984741211 56.0999984741211 55.5 55.2000007629395 54.7999992370605 54.7000007629395 55.0999984741211 55.0999984741211 55.5 55.7999992370605 55.7000007629395 55.5999984741211 55.7999992370605 56.7000007629395 57.5 57.7999992370605 58.2999992370605 58.9000015258789 59 59.2999992370605 59.5
136.899993896484 129 122.699996948242 124.599998474121 117.099998474121 115 112.300003051758 110.300003051758 108.900001525879 108.300003051758 104.800003051758 99.3000030517578 95.3000030517578 94.5 94.0999984741211 92 91.4000015258789 91.3000030517578 87.9000015258789 88.3000030517578 85.5 76.3000030517578 74 70 69.5 72.0999984741211 74.9000015258789 69.6999969482422 66.8000030517578 64 63.2000007629395 60.2000007629395 56.9000015258789 56.9000015258789 56.4000015258789 55.9000015258789 55.2999992370605 54.7000007629395 54.4000015258789 54.4000015258789 54.5 54.5 54.5999984741211 54.7999992370605 54.7999992370605 55 55.0999984741211 55.5999984741211 56.4000015258789 57 57.2999992370605 57.0999984741211 57 57.2999992370605 58.0999984741211
141.100006103516 135 133 132.899993896484 121.099998474121 118.900001525879 117.400001525879 115.099998474121 113.699996948242 114.199996948242 109.099998474121 105 102 100.699996948242 99.1999969482422 95.9000015258789 92.5999984741211 92.3000030517578 89.5999984741211 88.4000015258789 89 84.8000030517578 81 75.9000015258789 74.1999969482422 75.9000015258789 76.5999984741211 75 74.8000030517578 69.9000015258789 67.3000030517578 66.3000030517578 58.5999984741211 56.7000007629395 56.2999992370605 55.7000007629395 55.2000007629395 54.4000015258789 54 54 54 54 53.9000015258789 53.9000015258789 54.2000007629395 54.5 54.7000007629395 54.7999992370605 54.9000015258789 55.9000015258789 56.2000007629395 55.5999984741211 55.2999992370605 55.7999992370605 57
125.900001525879 140.100006103516 142.100006103516 136.199996948242 124.800003051758 121.900001525879 122.099998474121 119.800003051758 118.400001525879 117.900001525879 111.800003051758 109.400001525879 106.900001525879 105.099998474121 102.599998474121 100.300003051758 97.8000030517578 95 92.3000030517578 90.4000015258789 89.5 88.6999969482422 90.4000015258789 78.0999984741211 78.5999984741211 80.4000015258789 79.3000030517578 80 69.3000030517578 70.8000030517578 71.8000030517578 72 62.9000015258789 57.7999992370605 56 55.7000007629395 54.7999992370605 54.2000007629395 53.7999992370605 53.7000007629395 53.5999984741211 53.2999992370605 53.2000007629395 53.0999984741211 53.2000007629395 53.7000007629395 54.5 54.9000015258789 54.5999984741211 54.7000007629395 54.5999984741211 54.2999992370605 53.7999992370605 54.5 54.9000015258789
112.300003051758 128.600006103516 140 144 134.100006103516 126.5 127.099998474121 123.5 121.400001525879 118.199996948242 115.5 111.800003051758 109.900001525879 108.099998474121 105.400001525879 102.599998474121 100.5 96.9000015258789 94.0999984741211 93.8000030517578 91.4000015258789 92 94.3000030517578 89.5999984741211 82.9000015258789 83.5999984741211 84.6999969482422 84.5999984741211 78 70 67.4000015258789 75.0999984741211 70.6999969482422 60.2000007629395 57.5999984741211 55.7000007629395 54.5 54 53.4000015258789 53.0999984741211 53 53 52.5999984741211 52.4000015258789 52.2000007629395 53.2000007629395 54 54.2999992370605 54.2999992370605 54.4000015258789 52.9000015258789 52.7999992370605 51.9000015258789 52.5 53.2000007629395
92.1999969482422 109.199996948242 126.699996948242 141 145.399993896484 142.100006103516 139.399993896484 132.5 124.5 121.800003051758 118.5 113.900001525879 112.400001525879 110.199996948242 107.599998474121 104.599998474121 101.699996948242 99.1999969482422 96 93.1999969482422 91.9000015258789 93.6999969482422 98.0999984741211 96.0999984741211 87.4000015258789 84.8000030517578 88.9000015258789 88.9000015258789 82.6999969482422 71.3000030517578 74.8000030517578 74.5999984741211 76.5 72.6999969482422 68.6999969482422 57.7999992370605 54.7000007629395 53.7000007629395 52.9000015258789 52.4000015258789 52.5 52.4000015258789 52.2000007629395 52.0999984741211 52.5 53.4000015258789 53.5 53.4000015258789 53.2999992370605 52.7000007629395 51.2000007629395 51.2000007629395 51.0999984741211 51.4000015258789 52.9000015258789
61.2999992370605 76.1999969482422 97.5 111.800003051758 122 132.199996948242 137.899993896484 139.399993896484 126.699996948242 121.400001525879 121 117.900001525879 115.400001525879 111.900001525879 109.400001525879 106.599998474121 102.800003051758 99.9000015258789 97 93.3000030517578 92.1999969482422 98.5 102 98.3000030517578 92.5 87.8000030517578 88.6999969482422 90.5999984741211 88.4000015258789 94.4000015258789 97.8000030517578 90.4000015258789 87.6999969482422 88 81.8000030517578 75.3000030517578 62.7000007629395 57.2000007629395 55.4000015258789 54.7999992370605 53.7000007629395 52.7000007629395 51.9000015258789 52.0999984741211 52.5999984741211 52.7999992370605 52.5999984741211 52.0999984741211 50.5999984741211 49.5999984741211 49.9000015258789 50.2000007629395 50.9000015258789 51.5 52.7000007629395
24.2999992370605 42.4000015258789 43.4000015258789 56.5999984741211 88.0999984741211 104 138.5 150.300003051758 135.100006103516 123.5 125.199996948242 122.699996948242 118.5 115.300003051758 112 109.599998474121 105.300003051758 102.199996948242 100.199996948242 98.3000030517578 96.1999969482422 97.5999984741211 98 98.5999984741211 97.5 93.0999984741211 87.1999969482422 89.8000030517578 98.3000030517578 101.800003051758 99.4000015258789 90.3000030517578 82.1999969482422 89 91 92.1999969482422 89.9000015258789 80.4000015258789 72.5 71.8000030517578 56.0999984741211 55.9000015258789 53.9000015258789 52.5 51.9000015258789 51.7000007629395 51.5 50.5999984741211 50.5999984741211 51.5999984741211 51.0999984741211 50.5999984741211 50.9000015258789 52.0999984741211 53
-3.4e+38 45.2000007629395 30.6000003814697 45.0999984741211 46.9000015258789 48.7999992370605 99.8000030517578 132 147.600006103516 132.600006103516 126.300003051758 124.699996948242 121.099998474121 117.400001525879 115.300003051758 112.400001525879 109.599998474121 105.900001525879 104.400001525879 102.699996948242 100.5 99.5 98.9000015258789 97.3000030517578 98.3000030517578 98.9000015258789 93.9000015258789 93.8000030517578 97.5999984741211 101.5 99.4000015258789 95.6999969482422 92.6999969482422 95.9000015258789 93.9000015258789 94 97.3000030517578 98.5 93.8000030517578 79.6999969482422 66.5999984741211 65.5999984741211 63 57.7000007629395 54.4000015258789 52.4000015258789 50.9000015258789 49.4000015258789 47.9000015258789 48.7999992370605 50.4000015258789 50.9000015258789 51.5 52.4000015258789 53.2000007629395
-3.4e+38 -3.4e+38 -3.4e+38 46.2999992370605 51.0999984741211 43.9000015258789 51.4000015258789 94.4000015258789 155.800003051758 143.800003051758 141.800003051758 128.100006103516 124.199996948242 120.099998474121 117.699996948242 115.900001525879 113.400001525879 111.099998474121 109 107.5 105.5 103.199996948242 101.800003051758 99.9000015258789 97.6999969482422 98.5 99.9000015258789 96.8000030517578 101.300003051758 101.900001525879 103.400001525879 96.3000030517578 89.6999969482422 94.6999969482422 94.5 95.5999984741211 98.5999984741211 97.4000015258789 94.5 92.0999984741211 87.4000015258789 83.8000030517578 75.8000030517578 66.5 61.7999992370605 56 55.5 51.7999992370605 48.9000015258789 48.7000007629395 50 51 52.0999984741211 52.5999984741211 53.7000007629395
-3.4e+38 -3.4e+38 -3.4e+38 -3.4e+38 62.7999992370605 52.5 43.7999992370605 68.1999969482422 148.100006103516 161.300003051758 148.600006103516 131 128.300003051758 121.5 120.599998474121 120.699996948242 118.400001525879 114.699996948242 112.5 110.800003051758 109.400001525879 106.599998474121 104.300003051758 102.800003051758 100.400001525879 98.8000030517578 99.4000015258789 97 104 106.300003051758 104.599998474121 104.400001525879 99.6999969482422 95.1999969482422 95.6999969482422 98.5 100.300003051758 98.9000015258789 94.9000015258789 92.6999969482422 89.6999969482422 84.4000015258789 76.6999969482422 71.9000015258789 70.6999969482422 64.1999969482422 60.4000015258789 54.5 53 50.7999992370605 51.0999984741211 52.0999984741211 53.2000007629395 53.7999992370605 54.7000007629395
-3.4e+38 -3.4e+38 -3.4e+38 -3.4e+38 -3.4e+38 -3.4e+38 37.4000015258789 58.2000007629395 129.800003051758 161 161.300003051758 139 133.399993896484 128.5 128.5 126.400001525879 123.300003051758 120 116.800003051758 114.900001525879 113.099998474121 111 108.199996948242 106.199996948242 105.699996948242 105.300003051758 106.300003051758 101.199996948242 106 111.300003051758 104.599998474121 104.199996948242 101.099998474121 97.8000030517578 98.0999984741211 99.5 100.099998474121 100.699996948242 98.6999969482422 98.1999969482422 95.1999969482422 86.8000030517578 83.5 73.3000030517578 71.1999969482422 68.9000015258789 63.7000007629395 58 55.7000007629395 55 54.4000015258789 54.5 54.9000015258789 55.2000007629395 55.5999984741211
-3.4e+38 -3.4e+38 -3.4e+38 -3.4e+38 -3.4e+38 -3.4e+38 31.7999992370605 54.9000015258789 100.099998474121 159.300003051758 166.399993896484 149.899993896484 146.399993896484 131 136.100006103516 133.600006103516 130.399993896484 126.900001525879 123.900001525879 120.5 117.900001525879 116.300003051758 113.5 111.400001525879 111 111.300003051758 110.099998474121 104.900001525879 108.599998474121 111.5 110.900001525879 109 104.699996948242 100.400001525879 99.6999969482422 100.099998474121 100.300003051758 100.400001525879 99.1999969482422 98.5 97.5999984741211 88.5999984741211 84.5999984741211 78.1999969482422 76.6999969482422 70.9000015258789 67.3000030517578 60.0999984741211 58.5 58.2000007629395 58.2000007629395 58 57.7000007629395 57.2000007629395 57.0999984741211
-3.4e+38 -3.4e+38 -3.4e+38 -3.4e+38 -3.4e+38 -3.4e+38 7.5 36.5 92.6999969482422 151.199996948242 171.300003051758 159.899993896484 151.199996948242 148.899993896484 147 140.300003051758 135.800003051758 131.800003051758 128.800003051758 126.099998474121 123.599998474121 120.5 118.800003051758 116.900001525879 113.599998474121 115.199996948242 115.800003051758 109.199996948242 109.099998474121 112.300003051758 116.800003051758 109.199996948242 105.5 102.400001525879 100.300003051758 98.5999984741211 99.1999969482422 100 99.3000030517578 96.0999984741211 92.6999969482422 87.5 81.6999969482422 84.5999984741211 81.0999984741211 70.5 65.6999969482422 60.5999984741211 60.5 61.7999992370605 62.5 61.7999992370605 60.7999992370605 59.7999992370605 58.9000015258789
-3.4e+38 -3.4e+38 -3.4e+38 -3.4e+38 -3.4e+38 -3.4e+38 1.70000004768372 31.8999996185303 86.1999969482422 135.800003051758 169 166.399993896484 156.399993896484 151.100006103516 146.300003051758 144.699996948242 140.399993896484 136.699996948242 133.399993896484 130.199996948242 127.699996948242 125.199996948242 122.800003051758 120.400001525879 117.099998474121 116.800003051758 116.400001525879 113.900001525879 110.900001525879 111.800003051758 115.300003051758 113.599998474121 105.599998474121 103.199996948242 99.4000015258789 96.5 97.6999969482422 101.099998474121 98 100.300003051758 94.8000030517578 90 84.3000030517578 84.6999969482422 76.0999984741211 68.8000030517578 62.5999984741211 63 62.5 64.1999969482422 65.0999984741211 64.3000030517578 63.5 62.2000007629395 60.7999992370605
-3.4e+38 -3.4e+38 -3.4e+38 -3.4e+38 -3.4e+38 -3.4e+38 0 37.2000007629395 78.5 117.300003051758 153.300003051758 170.5 163.899993896484 151.5 147 145 144.600006103516 140.699996948242 137.600006103516 134.399993896484 131 129.100006103516 126.800003051758 124.199996948242 122 118.099998474121 115.199996948242 114.099998474121 113.400001525879 110.199996948242 109.5 111 104.300003051758 101.900001525879 98.5 94.6999969482422 95.4000015258789 100.300003051758 96.4000015258789 100.800003051758 98.8000030517578 94.8000030517578 82.1999969482422 79.3000030517578 73.5999984741211 66.9000015258789 64.8000030517578 65.0999984741211 64.6999969482422 66.0999984741211 66.9000015258789 66.6999969482422 66 64.8000030517578 63
-3.4e+38 -3.4e+38 -3.4e+38 -3.4e+38 -3.4e+38 -3.4e+38 -3.4e+38 25.6000003814697 57.4000015258789 104.400001525879 154.300003051758 171.800003051758 166.699996948242 153.199996948242 152.300003051758 146.800003051758 146.5 144.600006103516 137 129.199996948242 127.800003051758 132.100006103516 130.100006103516 127.199996948242 125 119.199996948242 115.800003051758 116.199996948242 115.800003051758 113.099998474121 109.699996948242 108.300003051758 105.300003051758 101.300003051758 97.1999969482422 93.9000015258789 93.1999969482422 93.8000030517578 92.6999969482422 97.8000030517578 99.9000015258789 95.5 88 77.5 72.9000015258789 68.5 68.5 69 68.1999969482422 68.5 69.1999969482422 68.8000030517578 67.9000015258789 67 65
-3.4e+38 -3.4e+38 -3.4e+38 -3.4e+38 -3.4e+38 -3.4e+38 -3.4e+38 20.7999992370605 47.2999992370605 84.9000015258789 136.600006103516 167.300003051758 170.100006103516 159.300003051758 156.199996948242 156.199996948242 153.199996948242 143.399993896484 134.300003051758 133.899993896484 135.5 135.5 132.899993896484 130.199996948242 127.5 124.199996948242 120.800003051758 120 118.900001525879 116.800003051758 112.900001525879 108.900001525879 105.699996948242 100.5 97.8000030517578 94 93.8000030517578 93.3000030517578 93.3000030517578 91.6999969482422 93.6999969482422 92.6999969482422 88.0999984741211 77.1999969482422 74 71.8000030517578 71.8000030517578 72.3000030517578 71.8000030517578 72.3000030517578 72.5999984741211 71.5999984741211 69.9000015258789 68.6999969482422 67
