data/layers/future_layer_mc_585_60/bio17.asc
NCOLS 494 
NROWS 529 
XLLCORNER -117.166666666667 
YLLCORNER -55.5 
CELLSIZE 0.166666666666667 
NODATA_value -3.4e+38 
[rows 336 to 359 of 529, columns 324 to 377 of 494]
24.6000003814697 24.8999996185303 24.1000003814697 24.7999992370605 25.8999996185303 26.3999996185303 27.2999992370605 28.3999996185303 29.8999996185303 30.7999992370605 32.2999992370605 33.0999984741211 33.0999984741211 32.9000015258789 33.7000007629395 34.2999992370605 37.7999992370605 44.4000015258789 50.2999992370605 57.9000015258789 66.4000015258789 75.1999969482422 82.0999984741211 85.0999984741211 84.8000030517578 84.6999969482422 90.8000030517578 98.8000030517578 106.699996948242 107.699996948242 110.5 115.099998474121 121.099998474121 129 137.699996948242 145.100006103516 151.100006103516 161.899993896484 172.300003051758 181.399993896484 191.300003051758 199.199996948242 209.199996948242 216.699996948242 224.399993896484 230.899993896484 235.899993896484 239.399993896484 238.800003051758 238.899993896484 237.800003051758 236.300003051758 234.699996948242 234.5
23.7999992370605 24.1000003814697 24.7999992370605 25.2000007629395 26.2999992370605 27.7999992370605 29.2999992370605 31.3999996185303 32.7000007629395 33.2000007629395 33.5 33.7999992370605 33.7999992370605 34.2999992370605 34 34.2999992370605 38.0999984741211 45.2999992370605 51.5999984741211 60.2999992370605 69.4000015258789 79.5999984741211 88.8000030517578 92.0999984741211 89 87.9000015258789 91.4000015258789 95.5 99.3000030517578 100.099998474121 104.599998474121 111.599998474121 119.099998474121 126.900001525879 134.199996948242 142.399993896484 150.300003051758 161.899993896484 172.600006103516 182.100006103516 192.100006103516 203.5 214.5 223.300003051758 232 239.399993896484 243.100006103516 246.600006103516 246.800003051758 246.399993896484 243.600006103516 242.899993896484 242.899993896484 243.100006103516
22.3999996185303 23.6000003814697 24.8999996185303 25.8999996185303 26.7999992370605 29.2000007629395 31.2999992370605 33.5999984741211 34.5999984741211 34.7999992370605 35.7999992370605 35.4000015258789 34.2999992370605 35.0999984741211 35.5999984741211 37.7999992370605 41.7000007629395 46.9000015258789 54.0999984741211 63.5 72.8000030517578 82.5 90.0999984741211 92.6999969482422 91.5999984741211 91.0999984741211 92.5 95 95.5 96.8000030517578 102.099998474121 109.900001525879 117.800003051758 124.300003051758 133.199996948242 142.899993896484 151.800003051758 161.300003051758 172.800003051758 183.600006103516 193.899993896484 207.600006103516 218.300003051758 229.5 239.899993896484 247.399993896484 253.300003051758 255 254.899993896484 252.300003051758 248.800003051758 248.600006103516 248.100006103516 249.199996948242
21.2000007629395 22.7999992370605 24.1000003814697 25.2999992370605 26.8999996185303 29.3999996185303 31.7999992370605 34.2999992370605 36.2999992370605 36.0999984741211 37.2999992370605 36.7999992370605 36.0999984741211 37.7999992370605 38.4000015258789 40.5999984741211 44.7999992370605 50 56.7000007629395 64.5999984741211 75.4000015258789 84.3000030517578 90.1999969482422 92.3000030517578 92.9000015258789 93.8000030517578 94.8000030517578 96.3000030517578 97.5 99.3000030517578 102.699996948242 108.599998474121 116.900001525879 124.099998474121 132.399993896484 141.399993896484 151.600006103516 162 172.100006103516 184.899993896484 197.600006103516 210.800003051758 223.5 235.399993896484 247 256.600006103516 261.5 263.200012207031 261.899993896484 258.600006103516 254.600006103516 254.100006103516 252.5 250.699996948242
20.6000003814697 21.2000007629395 23.2000007629395 24.7999992370605 26.2000007629395 29.2999992370605 31.3999996185303 33.7000007629395 35.9000015258789 37.5999984741211 38.2999992370605 38.9000015258789 39.2999992370605 39.7999992370605 42 44.9000015258789 47.2999992370605 53.5999984741211 60.7000007629395 67 74.0999984741211 82 88.9000015258789 91.9000015258789 94.9000015258789 96.5999984741211 97.0999984741211 99.3000030517578 100.300003051758 101.699996948242 104.699996948242 109.099998474121 116.5 124.400001525879 134 141.600006103516 152 162.100006103516 172.600006103516 185.800003051758 201.800003051758 216 229 242.600006103516 254.899993896484 264.600006103516 267.899993896484 270.399993896484 269.100006103516 265.299987792969 262.600006103516 260 255 253.600006103516
18.8999996185303 20.5 21.6000003814697 23.8999996185303 25.6000003814697 28.3999996185303 31.2999992370605 32.9000015258789 35.7000007629395 37.7999992370605 38.7999992370605 40 41.2999992370605 41.5999984741211 43.9000015258789 46.5 51.2000007629395 56.9000015258789 63 69.4000015258789 75.3000030517578 82.4000015258789 88.4000015258789 92.5 95.8000030517578 99.4000015258789 100.400001525879 101.599998474121 102.300003051758 103.400001525879 105.400001525879 108.900001525879 116.099998474121 125.599998474121 136.899993896484 144.600006103516 152.100006103516 162.100006103516 174.300003051758 188.800003051758 203.800003051758 219.899993896484 234.300003051758 248.699996948242 258.299987792969 267.899993896484 271.899993896484 275.600006103516 274.899993896484 274.600006103516 272.399993896484 269.899993896484 264.899993896484 262.899993896484
18.2999992370605 20.1000003814697 21.7999992370605 23.5 26 27.8999996185303 30.2999992370605 32.9000015258789 35.2999992370605 37.2999992370605 38.9000015258789 40.5 43.7999992370605 44.7000007629395 46.9000015258789 50.7000007629395 54.4000015258789 59.5999984741211 65.0999984741211 70.8000030517578 76.9000015258789 83.0999984741211 87.8000030517578 93 97.1999969482422 100.400001525879 103.099998474121 105.099998474121 103.900001525879 104.5 104.800003051758 108.599998474121 115.900001525879 127.300003051758 140.399993896484 148.899993896484 153.100006103516 162.300003051758 175.600006103516 190.899993896484 206.800003051758 222.5 236.300003051758 247.100006103516 259.5 265.700012207031 270.200012207031 273.799987792969 278.399993896484 281.299987792969 280.5 277.799987792969 274.200012207031 271.899993896484
17.8999996185303 18.8999996185303 21.3999996185303 23 25.7999992370605 27.5 30.1000003814697 33.0999984741211 35.4000015258789 37 39.7000007629395 41.9000015258789 44.7000007629395 47.4000015258789 50.4000015258789 54 57.2999992370605 60.7999992370605 65.9000015258789 70.5 77.5999984741211 83.6999969482422 89.5999984741211 94.1999969482422 97.4000015258789 103.5 109.699996948242 110.300003051758 107.599998474121 105 101.900001525879 104.800003051758 115.300003051758 129 144.100006103516 152 158 166.600006103516 178.300003051758 193.699996948242 210.300003051758 224.300003051758 235.899993896484 247.699996948242 257.700012207031 263.200012207031 266.600006103516 273.200012207031 279.799987792969 285.200012207031 289.5 285.899993896484 279 276.899993896484
18.5 19.3999996185303 21.1000003814697 22.3999996185303 25 27 29.6000003814697 32.2999992370605 34.2000007629395 36.5999984741211 39.5 43.0999984741211 46.5 49.4000015258789 52.9000015258789 57 59.2999992370605 62.9000015258789 67.5999984741211 71.9000015258789 78.1999969482422 84.6999969482422 90.3000030517578 95.3000030517578 98.5 104.300003051758 112.5 114.400001525879 111.699996948242 106.5 101.800003051758 102.900001525879 117.599998474121 133.600006103516 147.800003051758 158.100006103516 164.899993896484 172.899993896484 183 196.600006103516 212.399993896484 227.699996948242 236 247.399993896484 252.899993896484 258.399993896484 262.399993896484 268.100006103516 280.200012207031 290.299987792969 291.399993896484 289.399993896484 279.799987792969 281.299987792969
18 19.3999996185303 20.8999996185303 23.2999992370605 24.1000003814697 25.7999992370605 29.2000007629395 31.7999992370605 33.5999984741211 36.2999992370605 39.2000007629395 42.5 46.2000007629395 49.0999984741211 52.7999992370605 56.4000015258789 60.5999984741211 64.4000015258789 69.3000030517578 74.4000015258789 78.5 83.4000015258789 90.1999969482422 94.8000030517578 98.6999969482422 103 110 119.599998474121 117.400001525879 111.599998474121 112.599998474121 127.900001525879 135.300003051758 145.100006103516 154.899993896484 163.899993896484 170.899993896484 178.399993896484 188.199996948242 202.100006103516 215.199996948242 226.5 234.800003051758 245 250.199996948242 253 256.600006103516 265.600006103516 277.399993896484 293.399993896484 296.899993896484 293.299987792969 285.700012207031 288.799987792969
18 20.1000003814697 21.2999992370605 22.6000003814697 24.8999996185303 26.1000003814697 29.1000003814697 31.6000003814697 33.5999984741211 36.5999984741211 39.7999992370605 42.7000007629395 46.5999984741211 49.4000015258789 53.2999992370605 56.5999984741211 60.2999992370605 65.4000015258789 71.4000015258789 75.0999984741211 80.4000015258789 83.8000030517578 89.8000030517578 95.3000030517578 99.5999984741211 103.900001525879 110.099998474121 118.199996948242 118.900001525879 115.300003051758 126.800003051758 145.699996948242 156 163.100006103516 167 170.600006103516 177.399993896484 186.300003051758 195.600006103516 206.800003051758 219.699996948242 230.300003051758 240.600006103516 248 249.899993896484 252.100006103516 252.800003051758 264.299987792969 279.600006103516 296.799987792969 302.5 302.100006103516 299.399993896484 305.399993896484
18.3999996185303 20.1000003814697 21.2999992370605 22.6000003814697 24.8999996185303 25.3999996185303 28.6000003814697 30.8999996185303 33.2000007629395 36.0999984741211 39.5 42.5 46.4000015258789 49.2999992370605 53.2000007629395 57 61 65.5999984741211 69.8000030517578 74.5999984741211 80.0999984741211 85.0999984741211 89.9000015258789 96.1999969482422 101.800003051758 106.800003051758 112.199996948242 118.199996948242 121.099998474121 124.599998474121 136.300003051758 153.300003051758 169.100006103516 180.600006103516 180.300003051758 176.300003051758 180.600006103516 191.100006103516 203.300003051758 216.100006103516 229.300003051758 239.899993896484 247.199996948242 252.5 252.899993896484 256.200012207031 259.399993896484 266.600006103516 283.600006103516 299.700012207031 310.100006103516 313.200012207031 315.799987792969 323.100006103516
18.2999992370605 19.5 21.2999992370605 22.7999992370605 24.6000003814697 26.5 29.1000003814697 31.2999992370605 33.2999992370605 35.7999992370605 39.5 43.5 47.4000015258789 49.5999984741211 52.4000015258789 56.9000015258789 60.2999992370605 65.8000030517578 69.9000015258789 74.9000015258789 79 84.8000030517578 89.9000015258789 95.3000030517578 102.400001525879 108.099998474121 114.599998474121 120.699996948242 127 134.300003051758 144.899993896484 159.800003051758 175.899993896484 187.699996948242 189.600006103516 188.100006103516 184.600006103516 197.899993896484 210.800003051758 224.600006103516 237.399993896484 249.100006103516 254.100006103516 257.399993896484 259.100006103516 261.899993896484 266.100006103516 274 289.5 306.5 317.700012207031 323.100006103516 329.600006103516 337.100006103516
17.8999996185303 18.8999996185303 20.7999992370605 22.5 24.3999996185303 26.7999992370605 29.2000007629395 31.7999992370605 33.9000015258789 36.9000015258789 40.4000015258789 43.7999992370605 47.5999984741211 49.7999992370605 52.2000007629395 56.4000015258789 60.7999992370605 65.9000015258789 70.5999984741211 73.9000015258789 78.8000030517578 84.9000015258789 91.8000030517578 96.9000015258789 103.900001525879 109.699996948242 116.699996948242 123.099998474121 130.800003051758 140.5 152.800003051758 166.300003051758 181.100006103516 193.399993896484 201.800003051758 207.800003051758 208.399993896484 210.800003051758 220.5 232.199996948242 245.699996948242 254.399993896484 259 263.100006103516 264.600006103516 266.600006103516 272.399993896484 282.5 296.899993896484 310.799987792969 319.899993896484 326.299987792969 331 334.600006103516
17.8999996185303 18.7999992370605 21.6000003814697 22.8999996185303 25.2999992370605 27.7999992370605 29.7000007629395 31.8999996185303 34.2999992370605 37.0999984741211 41 44.4000015258789 47.4000015258789 50.9000015258789 53.5 56.4000015258789 60.5999984741211 66.9000015258789 72.5999984741211 77.6999969482422 81.3000030517578 86.9000015258789 93.1999969482422 98.5999984741211 105.400001525879 110.900001525879 118.300003051758 127 136.399993896484 145.800003051758 158.300003051758 170.600006103516 183.5 197.300003051758 207.300003051758 219.100006103516 229.600006103516 219.899993896484 224.600006103516 237.100006103516 250.600006103516 257.600006103516 262.399993896484 264.600006103516 267.600006103516 271.600006103516 277.100006103516 285.100006103516 299.600006103516 311.700012207031 316.399993896484 317.799987792969 323.399993896484 332.100006103516
18.7000007629395 19.3999996185303 21.7999992370605 23.1000003814697 26.3999996185303 28.7999992370605 30.1000003814697 31.8999996185303 34.5999984741211 37.2000007629395 40.4000015258789 44 48.4000015258789 51.5 54.7999992370605 58.0999984741211 61.5999984741211 67.4000015258789 73.5999984741211 79.5999984741211 84.3000030517578 88.4000015258789 95.3000030517578 100.900001525879 105.800003051758 112.199996948242 119.300003051758 130.600006103516 140.899993896484 151.800003051758 161.899993896484 173.699996948242 185.600006103516 198.300003051758 208.899993896484 214.699996948242 211.899993896484 212.600006103516 220.600006103516 230.699996948242 243.399993896484 251.899993896484 259.799987792969 266 269.299987792969 274.799987792969 279.799987792969 287.899993896484 297.899993896484 308.799987792969 309.899993896484 307.799987792969 312.799987792969 321.5
19.3999996185303 20.5 23 24.8999996185303 28.3999996185303 29.2000007629395 30.6000003814697 31.3999996185303 34.7000007629395 37.7000007629395 40.7000007629395 44 49.0999984741211 51.2999992370605 55.4000015258789 59.7000007629395 64.0999984741211 69.4000015258789 74.8000030517578 80.4000015258789 86.8000030517578 92.9000015258789 97.9000015258789 103.400001525879 109.099998474121 114.800003051758 122.599998474121 131.899993896484 143.399993896484 155.399993896484 166.699996948242 176.600006103516 186.800003051758 197.800003051758 211.100006103516 219.100006103516 212.399993896484 212.100006103516 219.899993896484 223.800003051758 228.699996948242 244.300003051758 255 263.5 269.200012207031 277.399993896484 284.100006103516 289.200012207031 294.899993896484 299.299987792969 295.799987792969 292.200012207031 302.5 320.100006103516
19.6000003814697 21.2999992370605 23.6000003814697 26.1000003814697 27.7999992370605 29.8999996185303 31.7999992370605 33 36 38.7999992370605 41.5999984741211 44.9000015258789 49.2999992370605 52.0999984741211 56.5999984741211 62.2000007629395 66.8000030517578 71.8000030517578 77.0999984741211 81.9000015258789 88.5 94.3000030517578 101.300003051758 107.599998474121 113.5 119.300003051758 124.599998474121 135.199996948242 146.899993896484 158.399993896484 168.600006103516 175.899993896484 185.300003051758 196.899993896484 217.5 232.899993896484 234.100006103516 226.600006103516 227.100006103516 226.100006103516 229.199996948242 242.600006103516 254 263.399993896484 268.799987792969 275.600006103516 284.100006103516 289.399993896484 290.899993896484 285.799987792969 278 273.899993896484 288.100006103516 311.899993896484
20.1000003814697 22.2000007629395 24.2000007629395 26.1000003814697 28.7999992370605 30.2999992370605 32.0999984741211 36.0999984741211 38.9000015258789 41.2000007629395 43.9000015258789 46.0999984741211 50.7999992370605 54.2999992370605 59.5 64.5999984741211 69.3000030517578 74.6999969482422 80.4000015258789 84.0999984741211 90.8000030517578 96.9000015258789 104.199996948242 109.800003051758 118.099998474121 123.800003051758 128.600006103516 138.800003051758 150.899993896484 160 169.600006103516 177.399993896484 186.100006103516 200.899993896484 219.5 236 242.899993896484 240.199996948242 240.399993896484 238.600006103516 242.100006103516 250.399993896484 260.100006103516 265.799987792969 269.100006103516 279.600006103516 284.100006103516 282.5 280.399993896484 275.600006103516 265.799987792969 259.5 281.700012207031 316.799987792969
20.1000003814697 22.7999992370605 25.2000007629395 27.7000007629395 30.1000003814697 31.6000003814697 33.7999992370605 37.7999992370605 40.5999984741211 42.9000015258789 45.9000015258789 48.0999984741211 51.7999992370605 56.0999984741211 62.5999984741211 67.8000030517578 72.9000015258789 78.3000030517578 83.4000015258789 87.1999969482422 93.4000015258789 100.300003051758 106.099998474121 112.099998474121 120.099998474121 127.300003051758 133.899993896484 142.600006103516 153.800003051758 162.699996948242 171.800003051758 180.5 192.800003051758 207.100006103516 223.5 238.399993896484 249.699996948242 249.300003051758 249.399993896484 251.600006103516 257.899993896484 264.600006103516 271.100006103516 274.100006103516 276.700012207031 281.5 278.899993896484 276.700012207031 274.799987792969 271.5 266.700012207031 272.700012207031 288.799987792969 324.399993896484
20.8999996185303 23.3999996185303 25.8999996185303 28.1000003814697 30.7999992370605 32.2999992370605 34.5999984741211 38.2000007629395 40.9000015258789 44.9000015258789 47.5999984741211 51.0999984741211 54.2999992370605 58.0999984741211 64.4000015258789 71.0999984741211 77.3000030517578 82 86.3000030517578 90 96.0999984741211 103 108.599998474121 116.099998474121 124.599998474121 131.399993896484 138.699996948242 146.800003051758 156.100006103516 164.899993896484 173.699996948242 182.100006103516 193 208.5 222.100006103516 237.899993896484 249.300003051758 252.800003051758 256.600006103516 261.700012207031 267.600006103516 273.299987792969 277.399993896484 282.100006103516 285.600006103516 281.799987792969 279.100006103516 272.299987792969 273.299987792969 273.100006103516 275.399993896484 288.299987792969 315.5 340
21 23.5 25.7999992370605 28.8999996185303 31.2999992370605 34.7999992370605 35.9000015258789 39 41.7999992370605 45.0999984741211 47.7000007629395 50.7000007629395 55.5999984741211 60.7999992370605 66.3000030517578 72.9000015258789 78.5999984741211 84.0999984741211 87.8000030517578 92.4000015258789 99.3000030517578 105.599998474121 110.900001525879 118.300003051758 128.5 136.399993896484 144.399993896484 151.199996948242 159.199996948242 168.399993896484 174.5 182.600006103516 192.5 202.899993896484 215.899993896484 229.699996948242 240.600006103516 250.600006103516 260.100006103516 266.600006103516 274.200012207031 280.899993896484 288.200012207031 290.899993896484 292.100006103516 290.100006103516 281.399993896484 274 273.399993896484 282.200012207031 290.299987792969 305.399993896484 330.799987792969 344.600006103516
20.6000003814697 23.2999992370605 25.7000007629395 28.7999992370605 30.7999992370605 34.0999984741211 37.4000015258789 40.5999984741211 43.2999992370605 46.2999992370605 48.9000015258789 52.7999992370605 57.0999984741211 62.0999984741211 66.9000015258789 72.5 77.8000030517578 83.3000030517578 89 93.9000015258789 100.800003051758 107.300003051758 113.599998474121 122.300003051758 129.600006103516 138.800003051758 148.100006103516 155 162.300003051758 169.100006103516 175.199996948242 182 189.100006103516 198.300003051758 207.300003051758 219.399993896484 232.300003051758 246.300003051758 261.600006103516 270.299987792969 281.700012207031 291.5 298.100006103516 301.899993896484 302.899993896484 297.399993896484 288.799987792969 285.200012207031 287 299.899993896484 316.100006103516 326 338.700012207031 346.799987792969
21.2999992370605 23.8999996185303 26 28.8999996185303 32 34.9000015258789 38.7000007629395 42.7000007629395 45.0999984741211 47.0999984741211 50.9000015258789 54.9000015258789 58.9000015258789 62.5999984741211 67.5 72.9000015258789 77.9000015258789 82.5999984741211 88 95.1999969482422 100.900001525879 106.900001525879 114.099998474121 123.400001525879 130.600006103516 139.800003051758 149.399993896484 158.600006103516 165.899993896484 170.800003051758 177.899993896484 184.800003051758 189.5 196.899993896484 200 210.399993896484 225.300003051758 240.5 258.799987792969 271.700012207031 287.299987792969 301.100006103516 305.5 309.299987792969 310.399993896484 304.200012207031 297.100006103516 301.399993896484 311.100006103516 316.100006103516 321.600006103516 332 344.399993896484 356.899993896484
