data/layers/future_layer_mc_585_60/bio19.asc
NCOLS 494 
NROWS 529 
XLLCORNER -117.166666666667 
YLLCORNER -55.5 
CELLSIZE 0.166666666666667 
NODATA_value -3.4e+38 
[rows 168 to 191 of 529, columns 270 to 323 of 494]
1104.69995117188 1031.30004882812 1039.40002441406 1052.40002441406 1110.5 1098.30004882812 1182.90002441406 1221.40002441406 1300.30004882812 1217.90002441406 1305.30004882812 1381.5 1340.09997558594 1258.80004882812 1189.19995117188 1246.40002441406 1248.90002441406 1179 1167.5 1192.59997558594 1171.30004882812 1166.09997558594 1149.40002441406 1153.30004882812 1166.19995117188 1150.5 1160.80004882812 1132 1127.90002441406 1152.19995117188 1134.30004882812 1082.40002441406 1097.5 1178.09997558594 1213.80004882812 1224.09997558594 1257.80004882812 1261.40002441406 1189.90002441406 1164.09997558594 1081.59997558594 858.900024414062 802 364.899993896484 304 312.600006103516 330.299987792969 320.5 827.700012207031 1196.40002441406 1142.5 1142.30004882812 1150.30004882812 1108.5
1024.40002441406 1041.5 1168.09997558594 1223.69995117188 1136.59997558594 1113 1173.30004882812 1156.30004882812 1196.90002441406 1227.59997558594 1251.30004882812 1282.30004882812 1308.30004882812 1171.19995117188 1166.09997558594 1134.69995117188 1145.80004882812 1163 1159.5 1153.40002441406 1160.09997558594 1152 1155.59997558594 1162.80004882812 1161 1163.09997558594 1154.30004882812 1140.69995117188 1141.59997558594 1154 1121.69995117188 1147 1168 1206 1244.09997558594 1245 1263.90002441406 1254.59997558594 1159.30004882812 1084.90002441406 810 364.899993896484 358.600006103516 348.299987792969 346.600006103516 364.5 416.399993896484 774.799987792969 1087.09997558594 1178.90002441406 1119.40002441406 1072.69995117188 1127.30004882812 1110.19995117188
1095.90002441406 1109.30004882812 1111 1116.90002441406 1067.80004882812 1106.30004882812 1103.59997558594 1156.09997558594 1182.09997558594 1166.5 1202.40002441406 1180 1118.59997558594 1120.90002441406 1105.40002441406 1119.80004882812 1134.69995117188 1146.40002441406 1146.09997558594 1141.19995117188 1168.19995117188 1162.40002441406 1160.19995117188 1166.5 1171.40002441406 1181.90002441406 1153.5 1172 1165.90002441406 1163.40002441406 1169.40002441406 1182.69995117188 1211.80004882812 1213.59997558594 1206.90002441406 1238.59997558594 1219 1194.40002441406 1177.09997558594 1144.59997558594 1111.30004882812 461.799987792969 378.200012207031 371.600006103516 374.100006103516 396.399993896484 767.900024414062 1128.59997558594 1147.90002441406 1146.30004882812 1115.09997558594 1088.40002441406 1109.90002441406 1098.40002441406
1057.30004882812 1119.19995117188 1082.90002441406 1046.09997558594 1040.30004882812 1061.59997558594 1090.80004882812 1123.09997558594 1137.30004882812 1151.80004882812 1148.40002441406 1152.30004882812 1130.30004882812 1124.90002441406 1112 1121.40002441406 1134.69995117188 1137.5 1139.59997558594 1138.30004882812 1157.30004882812 1161.30004882812 1153.59997558594 1164.59997558594 1168.19995117188 1160.59997558594 1143.40002441406 1163.30004882812 1177.5 1169.59997558594 1185.80004882812 1187.30004882812 1204.09997558594 1222.19995117188 1230.30004882812 1218.80004882812 1150.69995117188 1153.69995117188 1092.19995117188 1154.30004882812 1144.90002441406 951.099975585938 464.299987792969 377.200012207031 379.799987792969 535.099975585938 1062.40002441406 1151.40002441406 1101.90002441406 1068 1088 1078.5 1063.59997558594 1031.80004882812
1081.69995117188 1082.30004882812 1058.59997558594 1064.09997558594 1038.90002441406 1041.69995117188 1058.90002441406 1077.19995117188 1096.59997558594 1144.40002441406 1116.40002441406 1115 1126.40002441406 1118.69995117188 1140.90002441406 1134.09997558594 1142.09997558594 1138.5 1145.90002441406 1142.80004882812 1147.59997558594 1146.80004882812 1141.5 1154.59997558594 1145.80004882812 1148.09997558594 1154.80004882812 1169.09997558594 1159.90002441406 1179.90002441406 1186.30004882812 1203 1210.09997558594 1219.5 1230.5 1202.90002441406 1174.40002441406 1159.09997558594 1095.09997558594 1084.90002441406 1133 1070.69995117188 1145.5 906.900024414062 394 582.5 1075.59997558594 1082.09997558594 1085.80004882812 1095.5 1040.40002441406 1041 1059.30004882812 1043.09997558594
1088.80004882812 1034.19995117188 1087.69995117188 1097.80004882812 1072.59997558594 1065.59997558594 1068.30004882812 1024.59997558594 1074.19995117188 1104.90002441406 1110.40002441406 1120.90002441406 1126.19995117188 1124.19995117188 1141.30004882812 1142 1137.30004882812 1136.19995117188 1150.09997558594 1142.30004882812 1136.80004882812 1142.80004882812 1155.19995117188 1159.59997558594 1148.19995117188 1157.90002441406 1184.40002441406 1169.59997558594 1183.30004882812 1195.80004882812 1210.09997558594 1207.09997558594 1206.30004882812 1186.69995117188 1196.80004882812 1176.59997558594 1168.40002441406 1170.90002441406 1130.19995117188 1132.30004882812 945.299987792969 999.900024414062 1108.90002441406 1117.59997558594 968.099975585938 1091.5 706.099975585938 962.099975585938 1067.19995117188 1032.30004882812 1038.69995117188 920.799987792969 958.900024414062 1016.59997558594
1063.90002441406 1071.59997558594 1055.90002441406 1040.09997558594 1059.5 1049.5 1022.09997558594 1038.40002441406 1068.59997558594 1082.09997558594 1091.30004882812 1111 1146.40002441406 1114.90002441406 1122.69995117188 1130.80004882812 1147.90002441406 1150.59997558594 1147.80004882812 1157.69995117188 1161.80004882812 1156.40002441406 1168.5 1179.69995117188 1179.09997558594 1161.40002441406 1190.40002441406 1178.09997558594 1182.80004882812 1202.90002441406 1207.09997558594 1189.30004882812 1160.30004882812 1190 1180.80004882812 1118.40002441406 1152.30004882812 1166.40002441406 1121.09997558594 1063.40002441406 934.400024414062 979.200012207031 1027.80004882812 1106.30004882812 1057.80004882812 1084.90002441406 904.900024414062 1036 997.099975585938 970.799987792969 1027.09997558594 1018.29998779297 943.900024414062 948.799987792969
1069.40002441406 1077.59997558594 1040.09997558594 1033.90002441406 1029.09997558594 1025.30004882812 1040.30004882812 1024.40002441406 1046.30004882812 1059 1062.40002441406 1107.90002441406 1133.90002441406 1120.90002441406 1143.90002441406 1148 1155.40002441406 1161.19995117188 1151.30004882812 1155.80004882812 1151.90002441406 1153.5 1163.09997558594 1176.09997558594 1171.90002441406 1181.90002441406 1196.30004882812 1187.80004882812 1185.09997558594 1192.30004882812 1197.30004882812 1195 1169.30004882812 1168.09997558594 1153.5 1118.09997558594 1134.09997558594 1151 1078.09997558594 988.599975585938 949.299987792969 907.900024414062 946.599975585938 1071.40002441406 1068.69995117188 898.200012207031 972.200012207031 965 978.400024414062 962.5 949.099975585938 984.200012207031 962.400024414062 925.799987792969
1065.90002441406 1048.30004882812 951.900024414062 991.900024414062 1013.29998779297 1017.40002441406 1021.40002441406 1045.40002441406 1054.59997558594 1058.59997558594 1089.09997558594 1088.80004882812 1113.09997558594 1153.30004882812 1132.30004882812 1132.90002441406 1151.30004882812 1159.90002441406 1143.40002441406 1140.30004882812 1139.30004882812 1148.69995117188 1160.09997558594 1172 1170.30004882812 1183.09997558594 1199.09997558594 1191.80004882812 1186.40002441406 1195.30004882812 1194.80004882812 1194.09997558594 1188.5 1162.40002441406 1165.40002441406 1168.80004882812 1118.40002441406 1105.30004882812 1096.09997558594 1041.19995117188 922.799987792969 909.799987792969 942.900024414062 1011.90002441406 973.700012207031 939.900024414062 919.099975585938 942.700012207031 891.299987792969 932.400024414062 928.299987792969 957.200012207031 944.799987792969 913.599975585938
1066.80004882812 1033.09997558594 1010.90002441406 1006.09997558594 1020.09997558594 1018.5 1010.5 1023.79998779297 1041.40002441406 1087.09997558594 1154.59997558594 1093.09997558594 1116.5 1130.40002441406 1132.90002441406 1137.59997558594 1138.80004882812 1136.09997558594 1135 1134 1141.59997558594 1139.59997558594 1153.09997558594 1155.30004882812 1174.90002441406 1180.09997558594 1185.30004882812 1189.09997558594 1189.90002441406 1195.90002441406 1187.80004882812 1180.30004882812 1172.19995117188 1169.59997558594 1118.59997558594 1088.09997558594 1052.69995117188 1047.69995117188 986.400024414062 939 899.099975585938 896.799987792969 897.799987792969 993.299987792969 904.900024414062 906.400024414062 981.400024414062 998.099975585938 978.400024414062 962.099975585938 941.799987792969 938.599975585938 954.200012207031 922.799987792969
1048.5 994.400024414062 971.400024414062 995.099975585938 997.400024414062 1002 1006.29998779297 1019.5 1046.90002441406 1087.59997558594 1127.59997558594 1087.90002441406 1107.30004882812 1114 1119.5 1133.59997558594 1137.30004882812 1136.40002441406 1116.69995117188 1114.09997558594 1130.5 1147.30004882812 1159.19995117188 1162.90002441406 1169.90002441406 1172.80004882812 1178.40002441406 1183.59997558594 1186.30004882812 1189.69995117188 1183.90002441406 1175.09997558594 1150.19995117188 1164.09997558594 1163.09997558594 1148.19995117188 1106.40002441406 1061.40002441406 1005.09997558594 929.599975585938 874.700012207031 886.799987792969 860.799987792969 856.299987792969 856.099975585938 901.400024414062 981.299987792969 974.299987792969 959.599975585938 947.599975585938 941.299987792969 927.900024414062 868.099975585938 873.299987792969
1029.59997558594 965.799987792969 972.799987792969 998.099975585938 1004.20001220703 994.400024414062 1000.90002441406 1002.20001220703 1021.40002441406 1073.30004882812 1048.19995117188 1082.09997558594 1090.40002441406 1091.80004882812 1104.09997558594 1122.19995117188 1123.59997558594 1104 1113 1110.59997558594 1123.09997558594 1144.19995117188 1148.59997558594 1159.40002441406 1170.40002441406 1169.90002441406 1167.80004882812 1175.80004882812 1174.90002441406 1170.5 1176.19995117188 1151.5 1167.19995117188 1147.40002441406 1143.40002441406 1135.40002441406 1087.59997558594 1058.80004882812 1011.20001220703 921.299987792969 876.799987792969 870.099975585938 810.900024414062 814.099975585938 821.799987792969 848.299987792969 858.400024414062 938.900024414062 931 928.599975585938 920.5 909.200012207031 869.799987792969 835.299987792969
985.099975585938 969.5 972.799987792969 998.799987792969 1005.59997558594 1007.70001220703 1015.20001220703 1029 1032.19995117188 1053.5 1054.59997558594 1086.69995117188 1084.30004882812 1078 1098 1089.09997558594 1114.5 1098.90002441406 1115.09997558594 1104.09997558594 1117.40002441406 1143.40002441406 1151.40002441406 1151.59997558594 1149.90002441406 1172.09997558594 1198.90002441406 1172.5 1166.90002441406 1206.90002441406 1187.69995117188 1155.59997558594 1175.19995117188 1157.5 1170.5 1096.30004882812 1058.09997558594 1034.5 985.900024414062 939.099975585938 899.599975585938 796.099975585938 808.099975585938 760 866.900024414062 899.599975585938 819.400024414062 887.299987792969 906 910.700012207031 903.299987792969 894.400024414062 891.599975585938 861.099975585938
952 940.799987792969 949.700012207031 968.200012207031 975.400024414062 1002.90002441406 1010.20001220703 1018.70001220703 1026.59997558594 1022.90002441406 1042.5 1070.59997558594 1072.30004882812 1065.09997558594 1070.09997558594 1089.59997558594 1097.09997558594 1092.30004882812 1086.09997558594 1085.5 1102 1110.5 1134.30004882812 1143.30004882812 1155.69995117188 1178.09997558594 1238.40002441406 1219.09997558594 1244.30004882812 1221.69995117188 1229.80004882812 1228.30004882812 1198.80004882812 1174.5 1188.90002441406 1116.5 1055.90002441406 981.200012207031 925.599975585938 894.299987792969 928.700012207031 812.900024414062 771.099975585938 756.400024414062 816.599975585938 818.200012207031 765.900024414062 794.400024414062 880.299987792969 891.799987792969 871.900024414062 866.400024414062 865 833.400024414062
962 963.5 950.099975585938 956.700012207031 964.299987792969 994.799987792969 976.099975585938 987 992.900024414062 1014.09997558594 1028.09997558594 1050.40002441406 1051 1058.69995117188 1070.59997558594 1075.30004882812 1072.69995117188 1062.90002441406 1075 1078.5 1087.69995117188 1121.19995117188 1135.90002441406 1172.5 1162.09997558594 1193.80004882812 1205.59997558594 1214.80004882812 1223.09997558594 1201.59997558594 1201.40002441406 1202.80004882812 1189.30004882812 1178.40002441406 1154.69995117188 1116.30004882812 1093.30004882812 958.599975585938 896.700012207031 888.799987792969 828.599975585938 756 771.099975585938 787.799987792969 739.299987792969 733.799987792969 739.200012207031 737.599975585938 753.400024414062 792.5 808.5 840.599975585938 854.599975585938 833.799987792969
951.599975585938 937.099975585938 931.900024414062 938.5 965.400024414062 999.099975585938 997.700012207031 968.700012207031 990.900024414062 1017.90002441406 1025.09997558594 1038.09997558594 1038.80004882812 1058.19995117188 1066.09997558594 1056.09997558594 1046.59997558594 1038.80004882812 1063.59997558594 1069.90002441406 1061.80004882812 1130.40002441406 1169.5 1197.30004882812 1182.5 1209.90002441406 1207 1204.09997558594 1202.5 1176.59997558594 1160.59997558594 1157.69995117188 1152.40002441406 1147.19995117188 1138.09997558594 1109.09997558594 1042 970.200012207031 865.799987792969 880.799987792969 857.900024414062 748.700012207031 758.599975585938 825.400024414062 793.799987792969 740.900024414062 763.400024414062 774.599975585938 762.400024414062 793.900024414062 815.400024414062 821.400024414062 831.700012207031 784.900024414062
896.700012207031 913.5 927.400024414062 929.900024414062 956.799987792969 981.200012207031 937.299987792969 951.599975585938 992.900024414062 1014.20001220703 1020.90002441406 1032.30004882812 1034.80004882812 1038.30004882812 1042.80004882812 1038.30004882812 1016.59997558594 1014.70001220703 1055.59997558594 1061.59997558594 1117.30004882812 1165.90002441406 1182.59997558594 1213 1183.19995117188 1198.5 1193.59997558594 1189.80004882812 1179.69995117188 1155.59997558594 1123.59997558594 1128.59997558594 1112.80004882812 1103.69995117188 1105.09997558594 1079.09997558594 990.900024414062 909.900024414062 900.400024414062 887.799987792969 850.799987792969 737.099975585938 792.599975585938 853.099975585938 836.599975585938 819.900024414062 818.799987792969 810.400024414062 799.599975585938 790.299987792969 736.400024414062 730.400024414062 742.099975585938 750.299987792969
862.099975585938 866.900024414062 906.900024414062 955.900024414062 938.099975585938 972.099975585938 919.200012207031 968.599975585938 995.799987792969 997.900024414062 1018.09997558594 1016.5 1008.29998779297 1025.5 1024.40002441406 1015.70001220703 1003.09997558594 1011.59997558594 983.099975585938 1100.69995117188 1076.30004882812 1142.90002441406 1153.59997558594 1182.30004882812 1176.09997558594 1193.30004882812 1179.30004882812 1171.59997558594 1148.5 1137.80004882812 1120.90002441406 1112.59997558594 1101.19995117188 1073.80004882812 1061.69995117188 1055.59997558594 950.200012207031 904.799987792969 901.799987792969 921.299987792969 837.900024414062 734.400024414062 814.799987792969 797.200012207031 740.299987792969 776.799987792969 780.400024414062 777.900024414062 775.900024414062 721 715.700012207031 714.700012207031 725.400024414062 754.400024414062
841.099975585938 850.200012207031 881.799987792969 914 919.5 914.5 925.799987792969 948.700012207031 962.700012207031 974.400024414062 996.700012207031 1000.79998779297 994.799987792969 1014.79998779297 1009.70001220703 1002.90002441406 983.700012207031 1008.40002441406 1047.90002441406 1084.30004882812 1028.59997558594 1076.5 1145.90002441406 1169.30004882812 1181.09997558594 1181 1162.19995117188 1148.40002441406 1123.5 1115.5 1113.30004882812 1083.90002441406 1077 1044.69995117188 1030.59997558594 1009.79998779297 950.099975585938 1020.29998779297 857.700012207031 913.200012207031 860.099975585938 814.799987792969 783.799987792969 742.400024414062 776.599975585938 792.099975585938 796.400024414062 797.299987792969 765.299987792969 716.599975585938 719.099975585938 741.299987792969 749.700012207031 776.099975585938
842.599975585938 869.599975585938 875.900024414062 884.5 898.099975585938 921.599975585938 943.5 911.200012207031 923.400024414062 946.400024414062 971.799987792969 995.799987792969 990.200012207031 987.5 994.799987792969 981.599975585938 1005.09997558594 1046.40002441406 1051.09997558594 1048.19995117188 1029.30004882812 1075.40002441406 1119.90002441406 1158.30004882812 1174.09997558594 1156.09997558594 1139.30004882812 1121.59997558594 1102.40002441406 1089.09997558594 1088 1055.09997558594 1045.5 1029.19995117188 1001.70001220703 978.799987792969 944.200012207031 926.099975585938 938.700012207031 869.599975585938 862.799987792969 819.099975585938 853.599975585938 798.200012207031 841.400024414062 844.400024414062 823 828 845.900024414062 765.599975585938 797.299987792969 769.400024414062 720.299987792969 771.700012207031
862.599975585938 855.900024414062 860.400024414062 882.099975585938 911.700012207031 902.799987792969 891.400024414062 896.299987792969 898.599975585938 923.400024414062 953.099975585938 974.799987792969 970.5 977.799987792969 987.799987792969 959.700012207031 1006.90002441406 1008.40002441406 1054.5 1040.09997558594 1018.40002441406 1047.90002441406 1094.09997558594 1135.90002441406 1146.80004882812 1132.90002441406 1113.09997558594 1095.59997558594 1071.40002441406 1059.90002441406 1049.40002441406 1015.29998779297 1006.29998779297 1002.09997558594 981.400024414062 924.799987792969 931.400024414062 953.400024414062 909.799987792969 885.700012207031 863.700012207031 883.900024414062 878.5 833.599975585938 917.099975585938 863.200012207031 795.700012207031 836.599975585938 894.900024414062 900.599975585938 880.400024414062 838.799987792969 826.599975585938 800.900024414062
842.799987792969 838.299987792969 852.700012207031 854.200012207031 862.900024414062 865.200012207031 876.900024414062 909.5 885.599975585938 915.299987792969 923 954.900024414062 943.900024414062 958.599975585938 950.299987792969 1000 1001.40002441406 1021.20001220703 1036.40002441406 1044.80004882812 1033.30004882812 1048.40002441406 1076.30004882812 1096.59997558594 1107.30004882812 1098.30004882812 1086.59997558594 1066.59997558594 1044.09997558594 1026.09997558594 1013.40002441406 992.900024414062 983.400024414062 980.599975585938 970.900024414062 970 962.599975585938 997.200012207031 914.900024414062 912.400024414062 897.599975585938 892.900024414062 881.5 882.5 795.599975585938 818.799987792969 826.200012207031 845.5 854.200012207031 876.900024414062 912.900024414062 920.799987792969 919.799987792969 822.400024414062
815.299987792969 817.099975585938 847.700012207031 842.599975585938 858.799987792969 856.599975585938 863.200012207031 876 875.799987792969 887.5 905.099975585938 905.799987792969 917.599975585938 937.799987792969 984 986.299987792969 1032.80004882812 1024.30004882812 1031.90002441406 1031.59997558594 1028.40002441406 1041.09997558594 1055.40002441406 1069.90002441406 1073.30004882812 1064.30004882812 1050 1035.40002441406 1012.29998779297 985.700012207031 973.099975585938 960.299987792969 953.099975585938 957.400024414062 946.5 947.400024414062 989 990.900024414062 850.400024414062 871.400024414062 887.5 876.099975585938 823.299987792969 834.900024414062 834.299987792969 837.099975585938 840.5 858.099975585938 870.700012207031 864.900024414062 875.900024414062 890.599975585938 907.599975585938 898.299987792969
794.200012207031 802.299987792969 811.299987792969 822.099975585938 839.900024414062 845.900024414062 844.599975585938 871 904.200012207031 864 872.400024414062 877.099975585938 877.599975585938 903.099975585938 950.5 997.400024414062 1009.09997558594 1018.59997558594 1017.40002441406 1011.90002441406 1020.90002441406 1028.5 1037.59997558594 1042.30004882812 1046.40002441406 1033.30004882812 1015.59997558594 1001 980.299987792969 951.299987792969 945.5 942.299987792969 929.900024414062 923.400024414062 915.299987792969 914.799987792969 986.400024414062 883.400024414062 823.099975585938 882.299987792969 834.599975585938 804.400024414062 805.900024414062 814.400024414062 834.099975585938 846.400024414062 860.799987792969 873.5 892.900024414062 888.799987792969 874.700012207031 864.400024414062 840.400024414062 838.799987792969
