data/layers/future_layer_mc_585_60/bio12.asc
NCOLS 494 
NROWS 529 
XLLCORNER -117.166666666667 
YLLCORNER -55.5 
CELLSIZE 0.166666666666667 
NODATA_value -3.4e+38 
[rows 96 to 119 of 529, columns 162 to 215 of 494]
2433.60009765625 2361.39990234375 2366.30004882812 2424.19995117188 2460.39990234375 2460.80004882812 2364.30004882812 2215.60009765625 2103.80004882812 2142.30004882812 2118.10009765625 -3.4e+38 -3.4e+38 -3.4e+38 -3.4e+38 -3.4e+38 -3.4e+38 -3.4e+38 -3.4e+38 -3.4e+38 -3.4e+38 -3.4e+38 -3.4e+38 -3.4e+38 -3.4e+38 -3.4e+38 -3.4e+38 -3.4e+38 -3.4e+38 -3.4e+38 -3.4e+38 -3.4e+38 -3.4e+38 -3.4e+38 -3.4e+38 -3.4e+38 -3.4e+38 -3.4e+38 -3.4e+38 -3.4e+38 -3.4e+38 -3.4e+38 -3.4e+38 -3.4e+38 -3.4e+38 -3.4e+38 -3.4e+38 -3.4e+38 -3.4e+38 -3.4e+38 -3.4e+38 -3.4e+38 -3.4e+38 -3.4e+38
2769.60009765625 2727.89990234375 2744.10009765625 2789.5 2801.60009765625 2700.89990234375 2596.30004882812 2522.30004882812 2499.60009765625 2375.30004882812 -3.4e+38 -3.4e+38 -3.4e+38 -3.4e+38 -3.4e+38 -3.4e+38 -3.4e+38 -3.4e+38 -3.4e+38 -3.4e+38 -3.4e+38 -3.4e+38 -3.4e+38 -3.4e+38 -3.4e+38 -3.4e+38 -3.4e+38 -3.4e+38 -3.4e+38 -3.4e+38 -3.4e+38 -3.4e+38 -3.4e+38 -3.4e+38 -3.4e+38 -3.4e+38 -3.4e+38 -3.4e+38 -3.4e+38 -3.4e+38 -3.4e+38 -3.4e+38 -3.4e+38 -3.4e+38 -3.4e+38 -3.4e+38 -3.4e+38 -3.4e+38 -3.4e+38 -3.4e+38 -3.4e+38 -3.4e+38 -3.4e+38 -3.4e+38
3066.39990234375 3027.10009765625 3043.39990234375 3083.80004882812 3044.30004882812 2958 2944.30004882812 2968.19995117188 -3.4e+38 -3.4e+38 -3.4e+38 -3.4e+38 -3.4e+38 -3.4e+38 -3.4e+38 -3.4e+38 -3.4e+38 -3.4e+38 -3.4e+38 -3.4e+38 -3.4e+38 -3.4e+38 -3.4e+38 -3.4e+38 -3.4e+38 -3.4e+38 -3.4e+38 -3.4e+38 -3.4e+38 -3.4e+38 -3.4e+38 -3.4e+38 -3.4e+38 -3.4e+38 -3.4e+38 -3.4e+38 -3.4e+38 -3.4e+38 -3.4e+38 -3.4e+38 -3.4e+38 -3.4e+38 -3.4e+38 -3.4e+38 -3.4e+38 -3.4e+38 -3.4e+38 -3.4e+38 -3.4e+38 -3.4e+38 -3.4e+38 -3.4e+38 -3.4e+38 -3.4e+38
3307.89990234375 3244.39990234375 3224.80004882812 3222.69995117188 3143.80004882812 3089.60009765625 3101.80004882812 3162.30004882812 -3.4e+38 -3.4e+38 -3.4e+38 -3.4e+38 -3.4e+38 -3.4e+38 -3.4e+38 -3.4e+38 -3.4e+38 -3.4e+38 -3.4e+38 -3.4e+38 -3.4e+38 -3.4e+38 -3.4e+38 -3.4e+38 -3.4e+38 -3.4e+38 -3.4e+38 -3.4e+38 -3.4e+38 -3.4e+38 -3.4e+38 -3.4e+38 -3.4e+38 -3.4e+38 -3.4e+38 -3.4e+38 -3.4e+38 -3.4e+38 -3.4e+38 -3.4e+38 -3.4e+38 -3.4e+38 -3.4e+38 -3.4e+38 -3.4e+38 -3.4e+38 -3.4e+38 -3.4e+38 -3.4e+38 -3.4e+38 -3.4e+38 -3.4e+38 -3.4e+38 -3.4e+38
3531.69995117188 3359.19995117188 3283.19995117188 3244.80004882812 3134.60009765625 3037.89990234375 3024.10009765625 -3.4e+38 -3.4e+38 -3.4e+38 -3.4e+38 -3.4e+38 -3.4e+38 -3.4e+38 -3.4e+38 -3.4e+38 -3.4e+38 -3.4e+38 -3.4e+38 -3.4e+38 -3.4e+38 -3.4e+38 -3.4e+38 -3.4e+38 -3.4e+38 -3.4e+38 -3.4e+38 -3.4e+38 -3.4e+38 -3.4e+38 -3.4e+38 -3.4e+38 -3.4e+38 -3.4e+38 -3.4e+38 -3.4e+38 -3.4e+38 -3.4e+38 -3.4e+38 -3.4e+38 -3.4e+38 -3.4e+38 -3.4e+38 -3.4e+38 -3.4e+38 -3.4e+38 -3.4e+38 -3.4e+38 -3.4e+38 -3.4e+38 -3.4e+38 -3.4e+38 -3.4e+38 -3.4e+38
3891.19995117188 3527.80004882812 3312.80004882812 3133.5 2987.10009765625 2858.89990234375 2800.19995117188 2742.10009765625 2537 -3.4e+38 2268.89990234375 -3.4e+38 -3.4e+38 1985.30004882812 2110.80004882812 2248.39990234375 -3.4e+38 2214 -3.4e+38 -3.4e+38 -3.4e+38 1582.80004882812 -3.4e+38 1366.80004882812 1566.30004882812 1616.5 1474.69995117188 1684.09997558594 2114 2431.10009765625 2871.60009765625 2917.69995117188 2941.39990234375 -3.4e+38 2856.69995117188 -3.4e+38 -3.4e+38 -3.4e+38 -3.4e+38 -3.4e+38 -3.4e+38 -3.4e+38 -3.4e+38 -3.4e+38 -3.4e+38 -3.4e+38 -3.4e+38 -3.4e+38 -3.4e+38 -3.4e+38 -3.4e+38 -3.4e+38 -3.4e+38 -3.4e+38
3506.60009765625 3503.10009765625 3125.89990234375 3009.30004882812 2758.80004882812 2567 2515.60009765625 2384.69995117188 2073.5 1928.09997558594 1790.30004882812 1677.80004882812 1549.90002441406 1484.80004882812 1601.40002441406 1455.09997558594 1693.09997558594 1622.09997558594 1546.69995117188 1273.80004882812 1256.09997558594 1202.30004882812 1181.09997558594 1376 1350.80004882812 1251.30004882812 1340.5 1606.59997558594 1851.90002441406 2329.30004882812 2397.10009765625 2836.89990234375 2885.10009765625 2907.69995117188 2880.80004882812 2879.19995117188 -3.4e+38 -3.4e+38 -3.4e+38 -3.4e+38 -3.4e+38 -3.4e+38 -3.4e+38 -3.4e+38 -3.4e+38 -3.4e+38 -3.4e+38 -3.4e+38 -3.4e+38 -3.4e+38 -3.4e+38 -3.4e+38 -3.4e+38 -3.4e+38
2508.39990234375 2984.69995117188 2834.60009765625 2412.60009765625 2258.30004882812 2196.60009765625 2164.39990234375 2104.89990234375 1843.30004882812 1648.5 1497.59997558594 1449.40002441406 1343.19995117188 1262.90002441406 1320.69995117188 1161.59997558594 1141.19995117188 1144.90002441406 1073.90002441406 1143.80004882812 1140.40002441406 1113.40002441406 1135.09997558594 1227.80004882812 1295.80004882812 1274 1333.30004882812 1534.09997558594 1783.40002441406 2074.80004882812 2390.39990234375 2668 2782.60009765625 2834 2856.89990234375 2865.10009765625 -3.4e+38 -3.4e+38 -3.4e+38 -3.4e+38 -3.4e+38 -3.4e+38 -3.4e+38 -3.4e+38 -3.4e+38 -3.4e+38 -3.4e+38 -3.4e+38 -3.4e+38 -3.4e+38 -3.4e+38 -3.4e+38 -3.4e+38 -3.4e+38
2611.5 2315.89990234375 2163.69995117188 2019.59997558594 2001.69995117188 1770.19995117188 1826.59997558594 1820.80004882812 1688.09997558594 1438 1367.90002441406 1414.19995117188 1460.40002441406 1305 1348.30004882812 1227.40002441406 1093.90002441406 990.599975585938 1084.90002441406 1178.30004882812 1249.09997558594 1265.09997558594 1226.30004882812 1233.30004882812 1216.09997558594 1191.80004882812 1306.19995117188 1564 1716.80004882812 1921.59997558594 2239.69995117188 2532.30004882812 2682.30004882812 2763 2812.39990234375 2828.30004882812 2846.10009765625 2956.80004882812 -3.4e+38 2905.89990234375 -3.4e+38 -3.4e+38 -3.4e+38 -3.4e+38 -3.4e+38 -3.4e+38 -3.4e+38 -3.4e+38 -3.4e+38 -3.4e+38 -3.4e+38 -3.4e+38 -3.4e+38 -3.4e+38
1643.69995117188 1663.40002441406 1647.59997558594 1403.5 1261.80004882812 1415.80004882812 1588.30004882812 1636.30004882812 1506.19995117188 1515.80004882812 1491.40002441406 1486.90002441406 1695.59997558594 1507.09997558594 1480.69995117188 1290 1200.09997558594 1092.40002441406 1199.69995117188 1250.40002441406 1352.59997558594 1372.69995117188 1317.09997558594 1374.59997558594 1107.30004882812 1251.30004882812 1470.80004882812 1525.09997558594 1734.59997558594 1998.09997558594 2259.60009765625 2455.60009765625 2589.39990234375 2685.60009765625 2730.19995117188 2772.30004882812 2816 2929.80004882812 2975.30004882812 2901.5 2789.80004882812 -3.4e+38 -3.4e+38 -3.4e+38 -3.4e+38 -3.4e+38 -3.4e+38 -3.4e+38 -3.4e+38 -3.4e+38 -3.4e+38 -3.4e+38 -3.4e+38 -3.4e+38
1199.59997558594 1042.5 918.400024414062 886 1253.80004882812 1389.30004882812 1500.40002441406 1536.90002441406 1485.19995117188 1383.5 1420.80004882812 1539.40002441406 1630.30004882812 1890 1691.30004882812 1336.09997558594 1172.30004882812 1080.40002441406 1219.80004882812 1247.30004882812 1357.19995117188 1337.80004882812 1239.69995117188 1220.90002441406 1418.90002441406 1520 1404.80004882812 1568.59997558594 1767.69995117188 2005.5 2211.10009765625 2362.60009765625 2508.19995117188 2610.60009765625 2662.89990234375 2707.80004882812 2723.60009765625 2748.30004882812 2773.30004882812 2781.10009765625 2742.30004882812 -3.4e+38 -3.4e+38 -3.4e+38 -3.4e+38 -3.4e+38 -3.4e+38 -3.4e+38 -3.4e+38 -3.4e+38 -3.4e+38 -3.4e+38 -3.4e+38 -3.4e+38
1187.59997558594 1331.90002441406 1179 974.700012207031 1166.09997558594 1259.09997558594 1369.09997558594 1389.30004882812 1322.90002441406 1318.69995117188 1380 1555.80004882812 1779.80004882812 1569.59997558594 1572.69995117188 1359.80004882812 1150.5 1073.59997558594 1051.09997558594 1120.90002441406 1178.40002441406 1202.80004882812 1212.59997558594 1149 1239.80004882812 1357.09997558594 1487.69995117188 1632.19995117188 1813.59997558594 1997.69995117188 2181.10009765625 2329.10009765625 2459.60009765625 2570.89990234375 2616.30004882812 2621.19995117188 2614.10009765625 2600.89990234375 2647.30004882812 2693.89990234375 2626.80004882812 -3.4e+38 -3.4e+38 -3.4e+38 -3.4e+38 -3.4e+38 -3.4e+38 -3.4e+38 -3.4e+38 -3.4e+38 -3.4e+38 -3.4e+38 -3.4e+38 -3.4e+38
1374.90002441406 1247.80004882812 1116.90002441406 1044.90002441406 1184.59997558594 1254.09997558594 1367.5 1289.19995117188 1382.5 1228.80004882812 1348.09997558594 1482.90002441406 1644.59997558594 1377.80004882812 1293.30004882812 1275.59997558594 1109.19995117188 1059.30004882812 1026.80004882812 1077.19995117188 1133.90002441406 1058.09997558594 1029.09997558594 1116.19995117188 1279.09997558594 1432.80004882812 1571.80004882812 1698.80004882812 1853.90002441406 2009.19995117188 2166 2311.39990234375 2429.10009765625 2513.30004882812 2556.89990234375 2568.89990234375 2622.30004882812 2608.60009765625 2610.89990234375 2637.80004882812 2621.10009765625 -3.4e+38 -3.4e+38 -3.4e+38 -3.4e+38 -3.4e+38 -3.4e+38 -3.4e+38 -3.4e+38 -3.4e+38 -3.4e+38 -3.4e+38 -3.4e+38 -3.4e+38
1447.30004882812 1362.80004882812 1140.40002441406 1023.40002441406 1246.30004882812 1321.90002441406 1448.69995117188 1338.69995117188 1390 1323.59997558594 1386.59997558594 1491.09997558594 1523.19995117188 1481.09997558594 1294.19995117188 1130.30004882812 1180 1038.59997558594 1003.70001220703 1066.59997558594 1065.5 1092.80004882812 1008.59997558594 1144.40002441406 1318.80004882812 1505.90002441406 1640.19995117188 1769.59997558594 1890.80004882812 2016.59997558594 2164.69995117188 2305.89990234375 2451 2523.5 2582 2593.89990234375 2611.80004882812 2621 2609.60009765625 2618.10009765625 2614.89990234375 -3.4e+38 -3.4e+38 -3.4e+38 -3.4e+38 -3.4e+38 -3.4e+38 -3.4e+38 -3.4e+38 -3.4e+38 -3.4e+38 -3.4e+38 -3.4e+38 -3.4e+38
1601.69995117188 1399.80004882812 1250.30004882812 1193.09997558594 1258.59997558594 1363.69995117188 1450.40002441406 1507.90002441406 1489.59997558594 1462.40002441406 1483.80004882812 1530.69995117188 1498 1442.40002441406 1294.69995117188 1134.40002441406 1114.30004882812 984.799987792969 1096.80004882812 961 1009.59997558594 963.099975585938 1191.19995117188 1154.90002441406 1355.19995117188 1513.5 1657.40002441406 1802.30004882812 1912.09997558594 2000.09997558594 2149.10009765625 2326.80004882812 2438.60009765625 2551.89990234375 2614 2606.80004882812 2612.5 2625 2638.89990234375 2633.60009765625 2587.80004882812 -3.4e+38 -3.4e+38 -3.4e+38 -3.4e+38 -3.4e+38 -3.4e+38 -3.4e+38 -3.4e+38 -3.4e+38 -3.4e+38 -3.4e+38 -3.4e+38 -3.4e+38
1648.40002441406 1499.30004882812 1474.40002441406 1441.09997558594 1488.59997558594 1536 1610.80004882812 1672.09997558594 1715.30004882812 1687.90002441406 1697.09997558594 1703.5 1635.09997558594 1544.59997558594 1399 1244.19995117188 1255.30004882812 1071.40002441406 1164.59997558594 759.099975585938 1036.5 1133.90002441406 1019.90002441406 1171.19995117188 1450.30004882812 1550.59997558594 1668.5 1757.90002441406 1897.90002441406 1981.90002441406 2144.10009765625 2296.69995117188 2449.39990234375 2604.69995117188 2637.89990234375 2605.19995117188 2613.5 2612.60009765625 2626.80004882812 2614.69995117188 2563.60009765625 -3.4e+38 -3.4e+38 -3.4e+38 -3.4e+38 -3.4e+38 -3.4e+38 -3.4e+38 -3.4e+38 -3.4e+38 -3.4e+38 -3.4e+38 -3.4e+38 -3.4e+38
1657.69995117188 1697.09997558594 1743.80004882812 1685.09997558594 1617.40002441406 1651.59997558594 1729 1803.19995117188 1846.69995117188 1828.5 1806.69995117188 1825.59997558594 1800.90002441406 1693.30004882812 1650.90002441406 1401.09997558594 1265.80004882812 1209.40002441406 1121.09997558594 1171.90002441406 850.900024414062 1047.09997558594 1109 1347.09997558594 1435.80004882812 1514.69995117188 1606.09997558594 1812.90002441406 1897.69995117188 2015 2149.89990234375 2228.19995117188 2380.5 2544.10009765625 2557.5 2563.80004882812 2578.39990234375 2562.60009765625 2560.30004882812 2503.30004882812 -3.4e+38 -3.4e+38 -3.4e+38 -3.4e+38 -3.4e+38 -3.4e+38 -3.4e+38 -3.4e+38 -3.4e+38 -3.4e+38 -3.4e+38 -3.4e+38 -3.4e+38 -3.4e+38
-3.4e+38 1710.80004882812 1722.30004882812 1750.30004882812 1708 1791.40002441406 1792.40002441406 1857.40002441406 1887.59997558594 1849.30004882812 1832.40002441406 1883.69995117188 1870.5 1848.80004882812 1829.59997558594 1588.40002441406 1434.69995117188 1259.59997558594 1115.40002441406 1098.09997558594 877.700012207031 1171.40002441406 1293.30004882812 1260.30004882812 1363.69995117188 1546.09997558594 1614.09997558594 1828.80004882812 1859.5 2045.09997558594 2132.69995117188 2101.5 2227.89990234375 2327.69995117188 2449.69995117188 2497.10009765625 2511.30004882812 2507.19995117188 2501.5 2389.30004882812 -3.4e+38 -3.4e+38 -3.4e+38 -3.4e+38 -3.4e+38 -3.4e+38 -3.4e+38 -3.4e+38 -3.4e+38 -3.4e+38 -3.4e+38 -3.4e+38 -3.4e+38 -3.4e+38
-3.4e+38 -3.4e+38 1728.09997558594 1763.09997558594 1837.19995117188 1845.30004882812 1856.09997558594 1912.30004882812 1922.19995117188 1881.69995117188 1886 1808.40002441406 1792 1768.40002441406 1720 1614.90002441406 1466.30004882812 1310.30004882812 1141 983.5 1074.30004882812 1012.70001220703 1038.19995117188 1200.59997558594 1329.59997558594 1450.80004882812 1684.30004882812 1820.40002441406 1930.59997558594 2019.30004882812 2096.39990234375 2032.59997558594 2186.89990234375 2299.80004882812 2406 2465.30004882812 2486.89990234375 2480.39990234375 2435.10009765625 2232.80004882812 -3.4e+38 -3.4e+38 -3.4e+38 -3.4e+38 -3.4e+38 -3.4e+38 -3.4e+38 -3.4e+38 -3.4e+38 -3.4e+38 -3.4e+38 -3.4e+38 -3.4e+38 -3.4e+38
-3.4e+38 -3.4e+38 -3.4e+38 -3.4e+38 -3.4e+38 -3.4e+38 -3.4e+38 1831.09997558594 1824.80004882812 1886.5 1867.19995117188 1789.90002441406 1690.80004882812 1695.40002441406 -3.4e+38 1578.80004882812 1475.40002441406 1395.40002441406 1247.40002441406 1198.59997558594 1164.30004882812 1125 1093.80004882812 1213.30004882812 1338.19995117188 1449.5 1649.90002441406 1834.90002441406 1989.80004882812 2022.59997558594 2099.39990234375 2110.89990234375 2213.30004882812 2304.89990234375 2380.30004882812 2434.10009765625 2451.89990234375 2446.30004882812 2396.30004882812 -3.4e+38 -3.4e+38 -3.4e+38 -3.4e+38 -3.4e+38 -3.4e+38 -3.4e+38 -3.4e+38 -3.4e+38 -3.4e+38 -3.4e+38 -3.4e+38 -3.4e+38 -3.4e+38 -3.4e+38
-3.4e+38 -3.4e+38 -3.4e+38 -3.4e+38 -3.4e+38 -3.4e+38 -3.4e+38 -3.4e+38 -3.4e+38 -3.4e+38 1813.19995117188 1811.59997558594 1761.40002441406 -3.4e+38 -3.4e+38 -3.4e+38 -3.4e+38 1499 1406 1360.90002441406 1291.19995117188 1228.09997558594 1133.40002441406 1270.80004882812 1428.80004882812 1613.80004882812 1823.5 1923.80004882812 1958 2050 2106.80004882812 2142.89990234375 2251.60009765625 2308.30004882812 2356.89990234375 2390.30004882812 2433.19995117188 2371.39990234375 2368.60009765625 -3.4e+38 -3.4e+38 -3.4e+38 -3.4e+38 -3.4e+38 -3.4e+38 -3.4e+38 -3.4e+38 -3.4e+38 -3.4e+38 -3.4e+38 -3.4e+38 -3.4e+38 -3.4e+38 -3.4e+38
-3.4e+38 -3.4e+38 -3.4e+38 -3.4e+38 -3.4e+38 -3.4e+38 -3.4e+38 -3.4e+38 -3.4e+38 -3.4e+38 -3.4e+38 -3.4e+38 -3.4e+38 -3.4e+38 -3.4e+38 -3.4e+38 -3.4e+38 1507.90002441406 1600.80004882812 1604 1572.09997558594 1362.90002441406 1161.30004882812 1128 1230.80004882812 1679 1705.80004882812 1834.09997558594 1945.30004882812 2030.59997558594 2115.89990234375 2171.10009765625 2244.10009765625 2322.60009765625 2374.60009765625 2404.80004882812 2429.80004882812 2444.5 2395.5 -3.4e+38 -3.4e+38 -3.4e+38 -3.4e+38 -3.4e+38 -3.4e+38 -3.4e+38 -3.4e+38 -3.4e+38 -3.4e+38 -3.4e+38 -3.4e+38 -3.4e+38 -3.4e+38 -3.4e+38
-3.4e+38 -3.4e+38 -3.4e+38 -3.4e+38 -3.4e+38 -3.4e+38 -3.4e+38 -3.4e+38 -3.4e+38 -3.4e+38 -3.4e+38 -3.4e+38 -3.4e+38 -3.4e+38 -3.4e+38 1752.59997558594 -3.4e+38 1629.09997558594 1687.09997558594 1702.09997558594 1665.30004882812 1586.59997558594 1241.90002441406 1162.59997558594 1153.80004882812 1489.90002441406 1666.40002441406 1696 1820.30004882812 1941.69995117188 2118 2199.89990234375 2269.89990234375 2361.60009765625 2420.60009765625 2476.89990234375 2496.10009765625 2527.19995117188 2501.39990234375 2352.80004882812 -3.4e+38 -3.4e+38 -3.4e+38 -3.4e+38 -3.4e+38 -3.4e+38 -3.4e+38 -3.4e+38 -3.4e+38 -3.4e+38 -3.4e+38 -3.4e+38 -3.4e+38 -3.4e+38
-3.4e+38 -3.4e+38 -3.4e+38 -3.4e+38 -3.4e+38 -3.4e+38 -3.4e+38 -3.4e+38 -3.4e+38 -3.4e+38 -3.4e+38 -3.4e+38 -3.4e+38 -3.4e+38 -3.4e+38 -3.4e+38 -3.4e+38 1754.40002441406 1666.80004882812 1685.80004882812 1647.30004882812 1564.90002441406 1397.59997558594 1221.40002441406 1207.59997558594 1457.30004882812 1545.40002441406 1573.69995117188 1622 1879.69995117188 2076 2177 2237.30004882812 2353 2453.39990234375 2489 2560.39990234375 2621.30004882812 2583.39990234375 -3.4e+38 -3.4e+38 -3.4e+38 -3.4e+38 -3.4e+38 -3.4e+38 -3.4e+38 -3.4e+38 -3.4e+38 -3.4e+38 -3.4e+38 -3.4e+38 -3.4e+38 -3.4e+38 -3.4e+38
