data/layers/future_layer_mc_585_60/bio17.asc
NCOLS 494 
NROWS 529 
XLLCORNER -117.166666666667 
YLLCORNER -55.5 
CELLSIZE 0.166666666666667 
NODATA_value -3.4e+38 
[rows 216 to 239 of 529, columns 216 to 269 of 494]
-3.4e+38 -3.4e+38 -3.4e+38 -3.4e+38 -3.4e+38 8.19999980926514 19.2000007629395 42.7000007629395 47 36.5999984741211 48.2999992370605 65.9000015258789 98.5999984741211 189.899993896484 203.800003051758 304.899993896484 266 280.399993896484 340.399993896484 485 511.799987792969 500.700012207031 512.299987792969 513.400024414062 513.900024414062 503.899993896484 487.799987792969 470.5 461.200012207031 464.299987792969 473.100006103516 490.200012207031 502.799987792969 515.900024414062 527.599975585938 534.799987792969 548.099975585938 561.900024414062 574 575.299987792969 577.599975585938 568.5 557.5 543.400024414062 525.099975585938 507.600006103516 489.899993896484 479.100006103516 478.799987792969 485.899993896484 490.299987792969 486.700012207031 486.799987792969 474.600006103516
-3.4e+38 -3.4e+38 -3.4e+38 -3.4e+38 4.40000009536743 10 22.5 37.5999984741211 22.8999996185303 41.0999984741211 112.099998474121 132.600006103516 170.100006103516 196.199996948242 233.800003051758 326.799987792969 290 349 429.100006103516 484.299987792969 498 502.899993896484 497.5 502.299987792969 499.200012207031 491 476.399993896484 460.299987792969 452 452.600006103516 462.799987792969 475.899993896484 487.399993896484 499.600006103516 509.100006103516 518.700012207031 532.099975585938 547.900024414062 557.299987792969 562.700012207031 558 547.799987792969 533.299987792969 514.900024414062 493.5 477.299987792969 456.799987792969 446.399993896484 447.100006103516 460.299987792969 470.799987792969 468.5 463.299987792969 457.899993896484
-3.4e+38 -3.4e+38 -3.4e+38 2.79999995231628 2.29999995231628 4.90000009536743 14.8999996185303 23.2999992370605 21.2999992370605 33.0999984741211 87.3000030517578 185.600006103516 214.899993896484 236.5 320 309.899993896484 288.700012207031 387.399993896484 428.799987792969 481 499.299987792969 498.700012207031 492.299987792969 492.399993896484 489.399993896484 479.5 468 455.899993896484 449.899993896484 448.600006103516 456.399993896484 466.600006103516 474.899993896484 488.899993896484 495.799987792969 504.899993896484 516.299987792969 527.200012207031 540.700012207031 546.299987792969 540.099975585938 528.099975585938 506.899993896484 487.799987792969 465.899993896484 449.5 428.600006103516 422.600006103516 419.899993896484 435.700012207031 446.799987792969 447 444.700012207031 448.799987792969
-3.4e+38 -3.4e+38 2.59999990463257 0.899999976158142 1 2.59999990463257 5.80000019073486 10.8000001907349 16.2999992370605 24.2999992370605 62.7999992370605 165.300003051758 203.600006103516 264.899993896484 339.899993896484 287.700012207031 311.5 405.899993896484 400 458.399993896484 494.100006103516 510.100006103516 491.799987792969 483.399993896484 484.899993896484 477.399993896484 466.600006103516 457.399993896484 450.799987792969 449.399993896484 456.700012207031 461.299987792969 466.299987792969 475.600006103516 480.799987792969 488.299987792969 499.899993896484 507.799987792969 511.200012207031 513.900024414062 507.799987792969 501.5 484.799987792969 461.799987792969 442.399993896484 424.600006103516 411.899993896484 399.299987792969 402.899993896484 415.600006103516 423.899993896484 428.899993896484 432.299987792969 435.799987792969
-3.4e+38 2.09999990463257 2.20000004768372 0.100000001490116 0.699999988079071 2 5.19999980926514 9.80000019073486 17.1000003814697 28.1000003814697 41.5 125.599998474121 217.399993896484 244.899993896484 286.700012207031 359.899993896484 377.799987792969 360.799987792969 417.299987792969 473.700012207031 495.600006103516 505.5 494.600006103516 485.399993896484 481 476.399993896484 466.100006103516 460.100006103516 454.200012207031 448 456.700012207031 458.299987792969 463.799987792969 465.399993896484 470.100006103516 478.200012207031 482.799987792969 483.5 482.700012207031 479.5 473.700012207031 469.899993896484 459.399993896484 440.799987792969 426.899993896484 412.700012207031 398.299987792969 388.399993896484 393 400.399993896484 407.100006103516 413.799987792969 418.200012207031 422.799987792969
1.79999995231628 1.70000004768372 0.100000001490116 0.100000001490116 0 1 3.29999995231628 8.60000038146973 15.3999996185303 28.8999996185303 66.5999984741211 77.8000030517578 221.100006103516 243.399993896484 291.100006103516 385.399993896484 424.100006103516 425.600006103516 419.600006103516 488.5 499.5 502.299987792969 496.700012207031 483.399993896484 480.399993896484 475.399993896484 469.100006103516 464.100006103516 455.600006103516 452.100006103516 456.100006103516 454.700012207031 460.299987792969 457.799987792969 457.399993896484 461.399993896484 464.200012207031 462.899993896484 454.299987792969 447.799987792969 443.399993896484 438.799987792969 434.799987792969 423.100006103516 408.399993896484 395.899993896484 383.100006103516 376.799987792969 384.399993896484 388.799987792969 394.399993896484 399.399993896484 404.100006103516 409.600006103516
1.60000002384186 0.800000011920929 1.10000002384186 1.29999995231628 1.20000004768372 1.10000002384186 2 6.40000009536743 15.8999996185303 23.8999996185303 50.5999984741211 157.5 222.800003051758 236.399993896484 285.5 379.799987792969 432.700012207031 456.899993896484 475.399993896484 488.600006103516 499.399993896484 504.700012207031 489.600006103516 481.799987792969 478.600006103516 473.700012207031 466.399993896484 466.100006103516 458.299987792969 456.899993896484 452.299987792969 453.899993896484 450.5 454.100006103516 454.200012207031 453.700012207031 447.799987792969 441.799987792969 430.200012207031 417.100006103516 410.600006103516 410.600006103516 414.200012207031 409.100006103516 396.200012207031 380.200012207031 368.700012207031 372.5 376.700012207031 379.399993896484 381.799987792969 386.200012207031 391.100006103516 395.600006103516
1.29999995231628 0.600000023841858 2.70000004768372 2.79999995231628 1.20000004768372 0.600000023841858 2 8.89999961853027 24.3999996185303 30.1000003814697 76.4000015258789 180.699996948242 177.100006103516 238.800003051758 286.600006103516 358.100006103516 420.899993896484 456.700012207031 475.399993896484 482.399993896484 498.100006103516 489.600006103516 472.5 473.200012207031 475.600006103516 476.299987792969 470.799987792969 464.600006103516 458.799987792969 455.100006103516 452.100006103516 451.600006103516 448.100006103516 447.799987792969 448.299987792969 443.5 436.299987792969 426.799987792969 410.700012207031 397.399993896484 384 393.799987792969 403.600006103516 400.100006103516 387.799987792969 372.899993896484 367.5 367.799987792969 368.299987792969 367.799987792969 368.100006103516 371.899993896484 378.700012207031 384.600006103516
0.800000011920929 2.29999995231628 3.40000009536743 1.89999997615814 1 0.600000023841858 4 19.7999992370605 25.7999992370605 53.2000007629395 133.899993896484 175.100006103516 171.800003051758 265.899993896484 264.100006103516 346.899993896484 412.299987792969 457.700012207031 470.399993896484 484.100006103516 472.600006103516 470.600006103516 464.299987792969 460.700012207031 465.399993896484 467.299987792969 464.399993896484 462.399993896484 456.100006103516 454.100006103516 453.100006103516 449.399993896484 444.100006103516 439.600006103516 435.799987792969 429.600006103516 423 415.299987792969 403.799987792969 390.299987792969 380.600006103516 384.600006103516 394.600006103516 395.399993896484 391.899993896484 381.600006103516 375.799987792969 366.5 363.5 357.600006103516 358.299987792969 361.899993896484 371.5 374.600006103516
-3.4e+38 1 2.09999990463257 0.800000011920929 1.89999997615814 1.29999995231628 4.59999990463257 28.7000007629395 35.2000007629395 46.9000015258789 140.800003051758 151.199996948242 154.800003051758 239.699996948242 248.199996948242 328.5 402.899993896484 445.5 459.100006103516 469.600006103516 453.799987792969 470.700012207031 450.399993896484 449.100006103516 450.600006103516 453.100006103516 456.299987792969 451.899993896484 444.299987792969 442.399993896484 444.600006103516 443.600006103516 436.600006103516 433 425.100006103516 422.299987792969 413 406 398.5 388.799987792969 381.200012207031 382.799987792969 391 397 400.700012207031 399.600006103516 384.299987792969 369.899993896484 359.600006103516 349.100006103516 348.600006103516 353.600006103516 360.299987792969 366.100006103516
-3.4e+38 1.39999997615814 2.59999990463257 2.5 1.10000002384186 2.29999995231628 0.800000011920929 8 39.9000015258789 73.0999984741211 152.800003051758 194 141.699996948242 204.600006103516 260.399993896484 281.100006103516 394.100006103516 422.200012207031 420.399993896484 425.299987792969 394.799987792969 439.100006103516 438.399993896484 426.799987792969 431.399993896484 433 436.5 438.299987792969 435.600006103516 433.399993896484 430.700012207031 425 419.600006103516 415 415.899993896484 408.899993896484 403 396.200012207031 389.100006103516 382.299987792969 379.100006103516 381.600006103516 387.700012207031 394.700012207031 402.899993896484 404.5 386.600006103516 368.200012207031 353.899993896484 341.100006103516 336.799987792969 344 353.399993896484 361.100006103516
-3.4e+38 0 1.39999997615814 1.10000002384186 0.400000005960464 0.300000011920929 0.800000011920929 0.600000023841858 4.90000009536743 67.3000030517578 152.199996948242 189.899993896484 198.600006103516 173.800003051758 221.399993896484 259.100006103516 363.299987792969 380.299987792969 361.399993896484 361.700012207031 357.600006103516 379.799987792969 394.799987792969 420.100006103516 413.399993896484 410.899993896484 414.299987792969 420.899993896484 422.399993896484 422.899993896484 414.600006103516 414.799987792969 407.399993896484 405.200012207031 400 395.399993896484 390.5 387.299987792969 383.899993896484 380 380.100006103516 377.200012207031 383.399993896484 388.600006103516 397.5 393.799987792969 381.100006103516 366.399993896484 350.799987792969 338.100006103516 336.399993896484 341.299987792969 349.299987792969 356.100006103516
-3.4e+38 -3.4e+38 1.29999995231628 0.100000001490116 0.400000005960464 0 0 0 2.29999995231628 40 121.300003051758 200 129.100006103516 138.600006103516 181.5 203.199996948242 260.5 264.299987792969 252.399993896484 277.600006103516 292.399993896484 317.200012207031 335.100006103516 360.399993896484 384.100006103516 400.100006103516 390.799987792969 392.799987792969 400.399993896484 398.899993896484 392.899993896484 393.899993896484 391.799987792969 394.600006103516 390.899993896484 383.399993896484 377.399993896484 377.100006103516 376.399993896484 376.100006103516 376.799987792969 379.399993896484 380.799987792969 383.299987792969 390 386.600006103516 373.5 363.600006103516 351.299987792969 343.299987792969 341.100006103516 342.899993896484 344.899993896484 351.399993896484
-3.4e+38 -3.4e+38 0.100000001490116 0 0.100000001490116 0.300000011920929 0.100000001490116 0.400000005960464 1.20000004768372 27.6000003814697 86.6999969482422 179.899993896484 173.800003051758 143.800003051758 119.300003051758 196.399993896484 210.100006103516 249.800003051758 240.699996948242 228.899993896484 240 259.799987792969 291.299987792969 316.299987792969 338.700012207031 358.799987792969 378.799987792969 368.100006103516 367.100006103516 366.600006103516 369.200012207031 369.200012207031 379.5 381.799987792969 381.399993896484 373.799987792969 366.600006103516 365.600006103516 369.100006103516 373.100006103516 372.600006103516 378.899993896484 379.100006103516 378.799987792969 383.299987792969 377.899993896484 370.299987792969 361.5 353.299987792969 348.299987792969 346.399993896484 343.299987792969 343.799987792969 346.700012207031
-3.4e+38 -3.4e+38 0 0 0 1.39999997615814 3.09999990463257 1.89999997615814 2.09999990463257 35.5999984741211 45.9000015258789 141.399993896484 121.300003051758 167.899993896484 87.9000015258789 127.900001525879 151.699996948242 169.800003051758 231.399993896484 193.199996948242 238.699996948242 234.800003051758 260 282.100006103516 298.399993896484 323.399993896484 350.899993896484 349.399993896484 343.100006103516 340.899993896484 342.700012207031 349.299987792969 358.200012207031 362.600006103516 367.899993896484 363.899993896484 359.399993896484 357.600006103516 362.899993896484 362.100006103516 371.5 379.299987792969 375.899993896484 375.100006103516 376.600006103516 370 367.100006103516 359.899993896484 352.600006103516 347.799987792969 345.299987792969 344.600006103516 345.399993896484 348.200012207031
0 0 0 0 0 0.100000001490116 2.79999995231628 2.79999995231628 3.20000004768372 5.5 57.0999984741211 60.7999992370605 116.699996948242 92.0999984741211 78.4000015258789 135.100006103516 176.699996948242 120.800003051758 151.600006103516 184.100006103516 220.600006103516 232.600006103516 228 259 265.399993896484 286.799987792969 318.299987792969 329.600006103516 331.799987792969 330.5 332.299987792969 337.399993896484 345.200012207031 349.700012207031 353.399993896484 350.399993896484 349.100006103516 347.200012207031 349.600006103516 356.100006103516 366.299987792969 372.100006103516 368.899993896484 370.299987792969 366.700012207031 364.299987792969 360 357.200012207031 351.299987792969 347.100006103516 347.799987792969 345.399993896484 346.899993896484 346.600006103516
-3.4e+38 0.600000023841858 0.100000001490116 0 0 0 0.300000011920929 4.30000019073486 2.90000009536743 5.09999990463257 85.5999984741211 140.800003051758 69.6999969482422 93 131.800003051758 86.5999984741211 110.599998474121 145.699996948242 169.300003051758 142.800003051758 203.100006103516 247 235.800003051758 231.399993896484 251.100006103516 258.5 280.600006103516 313.899993896484 333.100006103516 342.100006103516 346.100006103516 334.799987792969 334.899993896484 341.399993896484 343.799987792969 342.399993896484 340.5 338.399993896484 342.600006103516 354.399993896484 360.200012207031 366 364.200012207031 363.600006103516 364.600006103516 359.799987792969 357.600006103516 351.899993896484 350.299987792969 347.799987792969 344.899993896484 343.799987792969 345.299987792969 343.600006103516
-3.4e+38 -3.4e+38 -3.4e+38 0 0 0 0 2.09999990463257 5.80000019073486 4.80000019073486 43.2999992370605 130.600006103516 114.099998474121 142.100006103516 166.800003051758 118.400001525879 86.6999969482422 105.400001525879 161.600006103516 133.600006103516 165.100006103516 194.600006103516 205.899993896484 191.300003051758 224.300003051758 243.699996948242 256.399993896484 285.799987792969 328.600006103516 373.600006103516 364.200012207031 356.700012207031 329.899993896484 338.299987792969 337.700012207031 332.899993896484 334.700012207031 336.100006103516 341.600006103516 345.5 349.600006103516 353.5 356.799987792969 358.600006103516 357.700012207031 353.299987792969 352.299987792969 347.200012207031 346.600006103516 345.100006103516 342.100006103516 341.899993896484 338.700012207031 336.899993896484
-3.4e+38 -3.4e+38 -3.4e+38 -3.4e+38 -3.4e+38 0 0 2 3.70000004768372 2.79999995231628 7.30000019073486 60.0999984741211 116.699996948242 111.199996948242 127.400001525879 114.800003051758 104.400001525879 77.1999969482422 141.800003051758 151.300003051758 183 121.800003051758 148.300003051758 197 195.300003051758 226 254.300003051758 279 290.399993896484 328.799987792969 353.5 360.100006103516 344.399993896484 333.200012207031 330.399993896484 319.100006103516 317 325.399993896484 330.600006103516 336.899993896484 337.100006103516 344.100006103516 347.600006103516 349.299987792969 346.5 343.100006103516 341 339.299987792969 336.600006103516 338.399993896484 333.899993896484 330.700012207031 330.100006103516 330.600006103516
-3.4e+38 -3.4e+38 -3.4e+38 -3.4e+38 -3.4e+38 -3.4e+38 0.100000001490116 2.09999990463257 1.10000002384186 1.60000002384186 2.5 10.8000001907349 47.4000015258789 79.8000030517578 101.800003051758 114.900001525879 114.599998474121 118.199996948242 97.4000015258789 158 180.600006103516 142.5 132.399993896484 156.800003051758 193.300003051758 218.600006103516 266.899993896484 285.799987792969 252.899993896484 275.5 293.100006103516 321.399993896484 332.600006103516 311.600006103516 309.600006103516 305.600006103516 301.299987792969 312.299987792969 315.600006103516 321.799987792969 327.299987792969 329.100006103516 333.399993896484 334.700012207031 333.899993896484 335.299987792969 330.799987792969 328.299987792969 326.799987792969 322.299987792969 317.100006103516 318.5 319.399993896484 321.100006103516
-3.4e+38 -3.4e+38 -3.4e+38 -3.4e+38 -3.4e+38 -3.4e+38 -3.4e+38 -3.4e+38 2.40000009536743 2.79999995231628 1.89999997615814 10.3999996185303 79.5999984741211 123.300003051758 102.099998474121 94.9000015258789 114.5 81.3000030517578 72.5999984741211 128.600006103516 154.800003051758 114.900001525879 124.5 156.699996948242 187.399993896484 236.899993896484 261.100006103516 261.299987792969 248.5 246 303.100006103516 288.600006103516 315.5 305.5 288.100006103516 286.600006103516 283.899993896484 291.600006103516 301.899993896484 309.399993896484 314.200012207031 318.5 328.5 323.600006103516 324.600006103516 324.399993896484 320.299987792969 317.5 317.299987792969 308.600006103516 303.399993896484 304.399993896484 306.799987792969 307.299987792969
-3.4e+38 -3.4e+38 -3.4e+38 -3.4e+38 -3.4e+38 -3.4e+38 -3.4e+38 -3.4e+38 0.200000002980232 2.90000009536743 0.800000011920929 7.30000019073486 49.5999984741211 58.7999992370605 60.4000015258789 73 103.699996948242 101.900001525879 65.5 106.800003051758 164.600006103516 134.300003051758 123.599998474121 156.600006103516 195.100006103516 239.100006103516 256.299987792969 243.899993896484 217.399993896484 220.100006103516 286 287.399993896484 291.299987792969 315.299987792969 273.399993896484 265.299987792969 272.5 282.399993896484 291 297.899993896484 298.100006103516 303.100006103516 312.399993896484 326.399993896484 311.100006103516 315.899993896484 309.799987792969 306.200012207031 305.399993896484 295.299987792969 291.600006103516 293.799987792969 289.399993896484 289.700012207031
-3.4e+38 -3.4e+38 -3.4e+38 -3.4e+38 -3.4e+38 -3.4e+38 -3.4e+38 -3.4e+38 -3.4e+38 1 0.400000005960464 2.29999995231628 22.5 37.0999984741211 48.7000007629395 50.9000015258789 62.0999984741211 94.5 88.5 71.8000030517578 134.899993896484 155.300003051758 137.899993896484 163.100006103516 214.600006103516 242.600006103516 251.300003051758 242.600006103516 232 247.100006103516 279.799987792969 257.5 266.299987792969 277.299987792969 248.699996948242 246 269.899993896484 282.399993896484 287.799987792969 301.100006103516 290.899993896484 295.399993896484 296.700012207031 314.100006103516 309.399993896484 303.399993896484 301.100006103516 298.100006103516 292.899993896484 283.899993896484 277.600006103516 274.399993896484 271 272.399993896484
-3.4e+38 -3.4e+38 -3.4e+38 -3.4e+38 -3.4e+38 -3.4e+38 -3.4e+38 -3.4e+38 -3.4e+38 -3.4e+38 0.5 0.600000023841858 5.09999990463257 14.5 19 27.3999996185303 35.5 47.9000015258789 83.3000030517578 57.7999992370605 97.8000030517578 144.600006103516 121.900001525879 152.100006103516 213.899993896484 248.5 260.200012207031 265.799987792969 267.200012207031 287.299987792969 289.5 288.799987792969 260.399993896484 254.800003051758 243.800003051758 243.5 264.600006103516 288.899993896484 281.100006103516 293.899993896484 294.899993896484 288.100006103516 292.100006103516 297.899993896484 314.399993896484 297.299987792969 290.100006103516 283.299987792969 278.299987792969 263.700012207031 255.800003051758 253 251.800003051758 252.800003051758
