data/layers/future_layer_mc_585_60/bio16.asc
NCOLS 494 
NROWS 529 
XLLCORNER -117.166666666667 
YLLCORNER -55.5 
CELLSIZE 0.166666666666667 
NODATA_value -3.4e+38 
[rows 408 to 431 of 529, columns 324 to 377 of 494]
370.899993896484 367.5 366.700012207031 370.700012207031 378.799987792969 388.899993896484 401.100006103516 411.899993896484 420.299987792969 427.399993896484 433.600006103516 438.100006103516 443.700012207031 444.700012207031 426.899993896484 403.799987792969 382.899993896484 365.299987792969 351.799987792969 345.799987792969 344.200012207031 344.299987792969 346.399993896484 345.600006103516 345.200012207031 343.799987792969 342.600006103516 340.799987792969 339.5 337.200012207031 334.299987792969 329.100006103516 322.100006103516 313.100006103516 304.399993896484 289.600006103516 -3.4e+38 -3.4e+38 -3.4e+38 -3.4e+38 -3.4e+38 -3.4e+38 -3.4e+38 -3.4e+38 -3.4e+38 -3.4e+38 -3.4e+38 -3.4e+38 -3.4e+38 -3.4e+38 -3.4e+38 -3.4e+38 -3.4e+38 -3.4e+38
346.399993896484 341.100006103516 339.600006103516 346.899993896484 358.899993896484 374.600006103516 390.899993896484 404.600006103516 415.299987792969 421.399993896484 426.899993896484 431.5 438.100006103516 439.899993896484 424.399993896484 404.399993896484 385.600006103516 370.299987792969 358.100006103516 351.799987792969 348 346 345.899993896484 344.899993896484 342.5 340.399993896484 338.5 336.899993896484 334.600006103516 331.299987792969 327.399993896484 321 314.399993896484 306.100006103516 295.799987792969 -3.4e+38 -3.4e+38 -3.4e+38 -3.4e+38 -3.4e+38 -3.4e+38 -3.4e+38 -3.4e+38 -3.4e+38 -3.4e+38 -3.4e+38 -3.4e+38 -3.4e+38 -3.4e+38 -3.4e+38 -3.4e+38 -3.4e+38 -3.4e+38 -3.4e+38
320.799987792969 313.100006103516 310.299987792969 319.399993896484 337.100006103516 358.399993896484 379.399993896484 398.600006103516 408.100006103516 412.899993896484 416.799987792969 420.100006103516 423.399993896484 421.799987792969 412.299987792969 399 384.5 372.399993896484 361.5 355.100006103516 351.399993896484 349 346.600006103516 345 342 340.100006103516 337.600006103516 334.600006103516 330.399993896484 326 321.600006103516 315.200012207031 309 299.299987792969 -3.4e+38 -3.4e+38 -3.4e+38 -3.4e+38 -3.4e+38 -3.4e+38 -3.4e+38 -3.4e+38 -3.4e+38 -3.4e+38 -3.4e+38 -3.4e+38 -3.4e+38 -3.4e+38 -3.4e+38 -3.4e+38 -3.4e+38 -3.4e+38 -3.4e+38 -3.4e+38
298.299987792969 289.799987792969 283.200012207031 296.5 321.399993896484 342.200012207031 366.899993896484 388.600006103516 397.299987792969 401.100006103516 404.100006103516 406.299987792969 407 404.799987792969 398.899993896484 389.299987792969 379.399993896484 369.600006103516 362.700012207031 356.899993896484 353.100006103516 350.200012207031 347.100006103516 342.799987792969 339.600006103516 337.799987792969 334.799987792969 331.399993896484 327.600006103516 324 317.399993896484 311.399993896484 304.299987792969 294.299987792969 -3.4e+38 -3.4e+38 -3.4e+38 -3.4e+38 -3.4e+38 -3.4e+38 -3.4e+38 -3.4e+38 -3.4e+38 -3.4e+38 -3.4e+38 -3.4e+38 -3.4e+38 -3.4e+38 -3.4e+38 -3.4e+38 -3.4e+38 -3.4e+38 -3.4e+38 -3.4e+38
282.5 277.600006103516 275.399993896484 287.299987792969 308 328.5 350.700012207031 368 380.299987792969 385.299987792969 389.399993896484 390.100006103516 389.399993896484 388.299987792969 384.399993896484 379.100006103516 372.799987792969 365.799987792969 360.799987792969 356.799987792969 354.299987792969 351.399993896484 349.100006103516 343.100006103516 339 336.299987792969 333.5 328.799987792969 323.399993896484 317.799987792969 312.299987792969 307.5 300.299987792969 290.200012207031 278.100006103516 -3.4e+38 -3.4e+38 -3.4e+38 -3.4e+38 -3.4e+38 -3.4e+38 -3.4e+38 -3.4e+38 -3.4e+38 -3.4e+38 -3.4e+38 -3.4e+38 -3.4e+38 -3.4e+38 -3.4e+38 -3.4e+38 -3.4e+38 -3.4e+38 -3.4e+38
272.100006103516 271.200012207031 274.200012207031 284.299987792969 300.100006103516 317.799987792969 336.399993896484 351.899993896484 362.799987792969 369.399993896484 373.399993896484 373.799987792969 372.899993896484 373.299987792969 371.899993896484 368.600006103516 364.5 360.100006103516 357.100006103516 355.100006103516 354.299987792969 352 347.899993896484 343.399993896484 339.399993896484 335.700012207031 330.899993896484 325.899993896484 320 315.200012207031 310.399993896484 307.100006103516 299.399993896484 287.399993896484 275.799987792969 261.100006103516 -3.4e+38 -3.4e+38 -3.4e+38 -3.4e+38 -3.4e+38 -3.4e+38 -3.4e+38 -3.4e+38 -3.4e+38 -3.4e+38 -3.4e+38 -3.4e+38 -3.4e+38 -3.4e+38 -3.4e+38 -3.4e+38 -3.4e+38 -3.4e+38
266.700012207031 267.799987792969 272.799987792969 281.399993896484 293.5 309.799987792969 325.100006103516 338.100006103516 347.700012207031 355.100006103516 360.200012207031 360.799987792969 361.100006103516 361.5 359.899993896484 358.299987792969 356.100006103516 353.200012207031 353.200012207031 353.299987792969 353.799987792969 352.5 349.100006103516 344.799987792969 340.100006103516 335.200012207031 328.799987792969 322.700012207031 316.799987792969 311.600006103516 306.700012207031 303.799987792969 297.700012207031 284.600006103516 272.399993896484 260.600006103516 257.5 266.600006103516 -3.4e+38 -3.4e+38 -3.4e+38 -3.4e+38 -3.4e+38 -3.4e+38 -3.4e+38 -3.4e+38 -3.4e+38 -3.4e+38 -3.4e+38 -3.4e+38 -3.4e+38 -3.4e+38 -3.4e+38 -3.4e+38
261.399993896484 265.100006103516 270.299987792969 279.100006103516 289.5 302.700012207031 315.799987792969 327.100006103516 337.100006103516 343.600006103516 348.100006103516 349.700012207031 350.200012207031 349.799987792969 348.299987792969 347 344.799987792969 343.5 346 349.799987792969 352.299987792969 351.399993896484 347.899993896484 344.100006103516 339.600006103516 334.299987792969 327.100006103516 319.899993896484 314.100006103516 308.299987792969 302.799987792969 297.799987792969 290.399993896484 281.399993896484 271.899993896484 262.299987792969 261.799987792969 268.899993896484 276.399993896484 -3.4e+38 -3.4e+38 -3.4e+38 -3.4e+38 -3.4e+38 -3.4e+38 -3.4e+38 -3.4e+38 -3.4e+38 -3.4e+38 -3.4e+38 -3.4e+38 -3.4e+38 -3.4e+38 -3.4e+38
256.5 261.399993896484 267.5 275.5 285.899993896484 296.700012207031 307.899993896484 317.799987792969 327.5 332.799987792969 336.700012207031 338.799987792969 341.100006103516 341 338.100006103516 335.899993896484 333.299987792969 332.100006103516 338.600006103516 345.799987792969 351 348.799987792969 346.200012207031 343.799987792969 339.200012207031 332.600006103516 324.799987792969 316.5 309.899993896484 303.799987792969 297.399993896484 292.700012207031 286.600006103516 278.799987792969 272.600006103516 268.200012207031 264.799987792969 269.399993896484 273.700012207031 -3.4e+38 -3.4e+38 -3.4e+38 -3.4e+38 -3.4e+38 -3.4e+38 -3.4e+38 -3.4e+38 -3.4e+38 -3.4e+38 -3.4e+38 -3.4e+38 -3.4e+38 -3.4e+38 -3.4e+38
252.300003051758 258.299987792969 265.5 273.799987792969 285.299987792969 293.799987792969 303.399993896484 313.100006103516 321.200012207031 326.5 328.600006103516 330.700012207031 331.799987792969 331 328.700012207031 325.399993896484 322.700012207031 321.299987792969 327.399993896484 334.899993896484 341.600006103516 343.299987792969 343.600006103516 341.899993896484 337.100006103516 328.899993896484 319.399993896484 312 304.600006103516 298.5 293.200012207031 288.299987792969 282.700012207031 278.600006103516 275.5 272.5 270.799987792969 270.399993896484 -3.4e+38 -3.4e+38 -3.4e+38 -3.4e+38 -3.4e+38 -3.4e+38 -3.4e+38 -3.4e+38 -3.4e+38 -3.4e+38 -3.4e+38 -3.4e+38 -3.4e+38 -3.4e+38 -3.4e+38 -3.4e+38
249.800003051758 256.5 264.100006103516 272.600006103516 285.5 293 300.799987792969 309.200012207031 316.799987792969 321.100006103516 322.299987792969 324.100006103516 324.100006103516 323.799987792969 321.5 317.899993896484 314.200012207031 314.100006103516 316.399993896484 321.600006103516 328.100006103516 332.700012207031 337.100006103516 340.600006103516 334.799987792969 324.799987792969 314.700012207031 306.899993896484 298.899993896484 292.899993896484 288 284.399993896484 281.200012207031 278 276.600006103516 276 275.299987792969 274 -3.4e+38 -3.4e+38 -3.4e+38 -3.4e+38 -3.4e+38 -3.4e+38 -3.4e+38 -3.4e+38 -3.4e+38 -3.4e+38 -3.4e+38 -3.4e+38 -3.4e+38 -3.4e+38 -3.4e+38 -3.4e+38
244.100006103516 254.399993896484 262.299987792969 273.100006103516 283.200012207031 292.600006103516 300.799987792969 308.100006103516 313.5 316.299987792969 317.600006103516 318.600006103516 318.200012207031 316.100006103516 312.899993896484 310.799987792969 308.100006103516 306.299987792969 306.700012207031 307.899993896484 311.100006103516 316.399993896484 324.200012207031 333.799987792969 329.100006103516 318.899993896484 309 299.399993896484 292.299987792969 285.799987792969 282.600006103516 281.299987792969 280.700012207031 279.5 278.100006103516 277.100006103516 277.399993896484 -3.4e+38 -3.4e+38 -3.4e+38 -3.4e+38 -3.4e+38 -3.4e+38 -3.4e+38 -3.4e+38 -3.4e+38 -3.4e+38 -3.4e+38 -3.4e+38 -3.4e+38 -3.4e+38 -3.4e+38 -3.4e+38 -3.4e+38
239.800003051758 251.100006103516 262.100006103516 273.799987792969 285.5 295.399993896484 301.399993896484 307.600006103516 311.299987792969 313.200012207031 313.399993896484 313.100006103516 312.700012207031 309.799987792969 306.799987792969 303.700012207031 300.899993896484 298.799987792969 296.700012207031 294.899993896484 294.100006103516 295.299987792969 303.899993896484 313 312.899993896484 307.100006103516 300.399993896484 291.799987792969 284.799987792969 278 275.399993896484 275.399993896484 278.399993896484 280.799987792969 282.299987792969 281.200012207031 -3.4e+38 -3.4e+38 -3.4e+38 -3.4e+38 -3.4e+38 -3.4e+38 -3.4e+38 -3.4e+38 -3.4e+38 -3.4e+38 -3.4e+38 -3.4e+38 -3.4e+38 -3.4e+38 -3.4e+38 -3.4e+38 -3.4e+38 -3.4e+38
236.300003051758 248.800003051758 262.600006103516 277 290.600006103516 299.5 303.600006103516 307 309.700012207031 310.399993896484 310 309.899993896484 306.399993896484 302.600006103516 299.600006103516 297.399993896484 294.200012207031 290.399993896484 288.200012207031 285.399993896484 281.799987792969 279.299987792969 287.700012207031 296.299987792969 298.299987792969 296.399993896484 290.5 283.899993896484 276.399993896484 271.600006103516 272.399993896484 274.399993896484 277.100006103516 282.600006103516 284.100006103516 -3.4e+38 -3.4e+38 -3.4e+38 -3.4e+38 -3.4e+38 -3.4e+38 -3.4e+38 -3.4e+38 -3.4e+38 -3.4e+38 -3.4e+38 -3.4e+38 -3.4e+38 -3.4e+38 -3.4e+38 -3.4e+38 -3.4e+38 -3.4e+38 -3.4e+38
232.899993896484 245.399993896484 259.600006103516 274.700012207031 290 301.799987792969 306.600006103516 308 308.600006103516 307.700012207031 306.200012207031 304.100006103516 300.399993896484 297.200012207031 293.799987792969 291.399993896484 287.700012207031 284.700012207031 282.399993896484 279.600006103516 277.299987792969 275.899993896484 279.600006103516 285.799987792969 288.100006103516 286.700012207031 282.200012207031 276.5 269.899993896484 267.700012207031 272.399993896484 276.700012207031 280.299987792969 286.700012207031 -3.4e+38 -3.4e+38 -3.4e+38 -3.4e+38 -3.4e+38 -3.4e+38 -3.4e+38 -3.4e+38 -3.4e+38 -3.4e+38 -3.4e+38 -3.4e+38 -3.4e+38 -3.4e+38 -3.4e+38 -3.4e+38 -3.4e+38 -3.4e+38 -3.4e+38 -3.4e+38
228.5 241.800003051758 255.699996948242 268.799987792969 283.799987792969 299.899993896484 306.899993896484 308.100006103516 307.399993896484 303.100006103516 302.600006103516 299.399993896484 295.899993896484 292.799987792969 289 284.200012207031 282 280.100006103516 276.399993896484 274.600006103516 273 273.299987792969 274.899993896484 277.600006103516 280.399993896484 279.700012207031 276.799987792969 273.399993896484 269.299987792969 269.799987792969 274 278.100006103516 281.899993896484 -3.4e+38 -3.4e+38 -3.4e+38 -3.4e+38 -3.4e+38 -3.4e+38 -3.4e+38 -3.4e+38 -3.4e+38 -3.4e+38 -3.4e+38 -3.4e+38 -3.4e+38 -3.4e+38 -3.4e+38 -3.4e+38 -3.4e+38 -3.4e+38 -3.4e+38 -3.4e+38 -3.4e+38
222.300003051758 235 248.600006103516 263.5 278.899993896484 294.299987792969 301.299987792969 302.299987792969 302.5 300.299987792969 297.299987792969 293.899993896484 290.600006103516 286.600006103516 282.399993896484 278.799987792969 276.600006103516 273.700012207031 271.899993896484 270.899993896484 269.5 269.799987792969 271.299987792969 273.399993896484 275.899993896484 275.799987792969 274.299987792969 272.299987792969 271 271.399993896484 274 278.399993896484 281.299987792969 -3.4e+38 -3.4e+38 -3.4e+38 -3.4e+38 -3.4e+38 -3.4e+38 -3.4e+38 -3.4e+38 -3.4e+38 -3.4e+38 -3.4e+38 -3.4e+38 -3.4e+38 -3.4e+38 -3.4e+38 -3.4e+38 -3.4e+38 -3.4e+38 -3.4e+38 -3.4e+38 -3.4e+38
213.300003051758 225.899993896484 239.800003051758 255.199996948242 270.600006103516 284.299987792969 292.899993896484 296.600006103516 295.100006103516 293.899993896484 291.399993896484 288 284.100006103516 281 276.799987792969 273.899993896484 272.399993896484 270.600006103516 267.299987792969 266.100006103516 266.200012207031 266.200012207031 267.899993896484 270.799987792969 272.200012207031 273.100006103516 272.899993896484 272.299987792969 272.899993896484 272.899993896484 275.100006103516 277.299987792969 -3.4e+38 -3.4e+38 -3.4e+38 -3.4e+38 -3.4e+38 -3.4e+38 -3.4e+38 -3.4e+38 -3.4e+38 -3.4e+38 -3.4e+38 -3.4e+38 -3.4e+38 -3.4e+38 -3.4e+38 -3.4e+38 -3.4e+38 -3.4e+38 -3.4e+38 -3.4e+38 -3.4e+38 -3.4e+38
201.899993896484 213.899993896484 228.399993896484 243.800003051758 260.600006103516 272.600006103516 281.399993896484 286.299987792969 285.299987792969 284.899993896484 283.100006103516 280.899993896484 277.600006103516 274.100006103516 271.399993896484 270.799987792969 268.899993896484 266.899993896484 264.200012207031 261.399993896484 261.399993896484 262.700012207031 265.299987792969 268.100006103516 269.799987792969 271.700012207031 273.100006103516 273.600006103516 273.100006103516 -3.4e+38 -3.4e+38 -3.4e+38 -3.4e+38 -3.4e+38 -3.4e+38 -3.4e+38 -3.4e+38 -3.4e+38 -3.4e+38 -3.4e+38 -3.4e+38 -3.4e+38 -3.4e+38 -3.4e+38 -3.4e+38 -3.4e+38 -3.4e+38 -3.4e+38 -3.4e+38 -3.4e+38 -3.4e+38 -3.4e+38 -3.4e+38 -3.4e+38
186.100006103516 198.800003051758 213.399993896484 228.100006103516 244.100006103516 260.299987792969 270.600006103516 274.299987792969 274.799987792969 275.5 274.600006103516 271.799987792969 269.600006103516 267.799987792969 266.399993896484 266.399993896484 263.299987792969 262.299987792969 259.899993896484 259.299987792969 260 260.600006103516 263.299987792969 264.899993896484 266.100006103516 268.600006103516 -3.4e+38 -3.4e+38 -3.4e+38 -3.4e+38 -3.4e+38 -3.4e+38 -3.4e+38 -3.4e+38 -3.4e+38 -3.4e+38 -3.4e+38 -3.4e+38 -3.4e+38 -3.4e+38 -3.4e+38 -3.4e+38 -3.4e+38 -3.4e+38 -3.4e+38 -3.4e+38 -3.4e+38 -3.4e+38 -3.4e+38 -3.4e+38 -3.4e+38 -3.4e+38 -3.4e+38 -3.4e+38
175.100006103516 186.300003051758 196.300003051758 210.800003051758 224.800003051758 243.600006103516 256.399993896484 261.399993896484 261.899993896484 262.200012207031 262.200012207031 260.899993896484 260.299987792969 261 261.299987792969 259.399993896484 257.399993896484 257.5 258 257 257.5 -3.4e+38 -3.4e+38 -3.4e+38 -3.4e+38 -3.4e+38 -3.4e+38 -3.4e+38 -3.4e+38 -3.4e+38 -3.4e+38 -3.4e+38 -3.4e+38 -3.4e+38 -3.4e+38 -3.4e+38 -3.4e+38 -3.4e+38 -3.4e+38 -3.4e+38 -3.4e+38 -3.4e+38 -3.4e+38 -3.4e+38 -3.4e+38 -3.4e+38 -3.4e+38 -3.4e+38 -3.4e+38 -3.4e+38 -3.4e+38 -3.4e+38 -3.4e+38 -3.4e+38
164.399993896484 173.699996948242 184.399993896484 195.5 208.100006103516 -3.4e+38 -3.4e+38 -3.4e+38 246.899993896484 248 249.300003051758 250.699996948242 252.100006103516 252.600006103516 -3.4e+38 -3.4e+38 -3.4e+38 -3.4e+38 -3.4e+38 -3.4e+38 -3.4e+38 -3.4e+38 -3.4e+38 -3.4e+38 -3.4e+38 -3.4e+38 -3.4e+38 -3.4e+38 -3.4e+38 -3.4e+38 -3.4e+38 -3.4e+38 -3.4e+38 -3.4e+38 -3.4e+38 -3.4e+38 -3.4e+38 -3.4e+38 -3.4e+38 -3.4e+38 -3.4e+38 -3.4e+38 -3.4e+38 -3.4e+38 -3.4e+38 -3.4e+38 -3.4e+38 -3.4e+38 -3.4e+38 -3.4e+38 -3.4e+38 -3.4e+38 -3.4e+38 -3.4e+38
153.899993896484 161.399993896484 169.800003051758 181.399993896484 194.300003051758 -3.4e+38 -3.4e+38 -3.4e+38 -3.4e+38 -3.4e+38 -3.4e+38 -3.4e+38 -3.4e+38 -3.4e+38 -3.4e+38 -3.4e+38 -3.4e+38 -3.4e+38 -3.4e+38 -3.4e+38 -3.4e+38 -3.4e+38 -3.4e+38 -3.4e+38 -3.4e+38 -3.4e+38 -3.4e+38 -3.4e+38 -3.4e+38 -3.4e+38 -3.4e+38 -3.4e+38 -3.4e+38 -3.4e+38 -3.4e+38 -3.4e+38 -3.4e+38 -3.4e+38 -3.4e+38 -3.4e+38 -3.4e+38 -3.4e+38 -3.4e+38 -3.4e+38 -3.4e+38 -3.4e+38 -3.4e+38 -3.4e+38 -3.4e+38 -3.4e+38 -3.4e+38 -3.4e+38 -3.4e+38 -3.4e+38
143.800003051758 150.699996948242 157.800003051758 166.800003051758 180.300003051758 -3.4e+38 -3.4e+38 -3.4e+38 -3.4e+38 -3.4e+38 -3.4e+38 -3.4e+38 -3.4e+38 -3.4e+38 -3.4e+38 -3.4e+38 -3.4e+38 -3.4e+38 -3.4e+38 -3.4e+38 -3.4e+38 -3.4e+38 -3.4e+38 -3.4e+38 -3.4e+38 -3.4e+38 -3.4e+38 -3.4e+38 -3.4e+38 -3.4e+38 -3.4e+38 -3.4e+38 -3.4e+38 -3.4e+38 -3.4e+38 -3.4e+38 -3.4e+38 -3.4e+38 -3.4e+38 -3.4e+38 -3.4e+38 -3.4e+38 -3.4e+38 -3.4e+38 -3.4e+38 -3.4e+38 -3.4e+38 -3.4e+38 -3.4e+38 -3.4e+38 -3.4e+38 -3.4e+38 -3.4e+38 -3.4e+38
