data/layers/future_layer_mc_585_60/bio14.asc
NCOLS 494 
NROWS 529 
XLLCORNER -117.166666666667 
YLLCORNER -55.5 
CELLSIZE 0.166666666666667 
NODATA_value -3.4e+38 
[rows 156 to 181 of 529, columns 290 to 347 of 494]
8.89999961853027 9.39999961853027 9.30000019073486 8.80000019073486 9.80000019073486 9.60000038146973 10.1000003814697 10.1000003814697 8.10000038146973 9.89999961853027 9.80000019073486 11.1000003814697 10.5 10.1000003814697 10.3000001907349 18.6000003814697 23.1000003814697 18.2999992370605 17.7000007629395 23 31.1000003814697 30.8999996185303 31 29.1000003814697 29.8999996185303 30.2000007629395 28.8999996185303 32.2000007629395 36.0999984741211 33.9000015258789 35.5 35.9000015258789 33.7999992370605 38.7999992370605 39.4000015258789 50.7999992370605 40.5999984741211 38.4000015258789 41.5 42.4000015258789 33.0999984741211 35.9000015258789 30.6000003814697 39.5 55.5999984741211 54.4000015258789 56.0999984741211 54.2999992370605 54.5 56.7999992370605 62.2999992370605 48.4000015258789 45.5 45.4000015258789 56.9000015258789 61.2999992370605 60.2000007629395 57.5
9.30000019073486 9.60000038146973 10.3999996185303 10.3999996185303 11.3000001907349 9.80000019073486 10.8999996185303 10.1000003814697 11.6999998092651 11.8000001907349 14.8000001907349 11.1999998092651 10.8999996185303 11.3000001907349 14.1000003814697 18.6000003814697 27.1000003814697 21.2999992370605 22.6000003814697 24.3999996185303 30.1000003814697 34.9000015258789 32.2999992370605 32.7999992370605 33.9000015258789 36.4000015258789 35.5999984741211 32.5999984741211 41.0999984741211 37.5999984741211 34 38.7999992370605 39.2000007629395 40.5 40.2999992370605 43.5999984741211 48.2999992370605 48.5999984741211 43.7999992370605 36.9000015258789 37.7000007629395 39.0999984741211 47.9000015258789 50.5999984741211 56.2999992370605 52 53.2999992370605 44.0999984741211 46.5 58.5999984741211 63.2999992370605 58 49.2999992370605 65.8000030517578 55.0999984741211 50.2999992370605 52.4000015258789 63.4000015258789
11.3000001907349 11.3000001907349 11.6000003814697 12.8000001907349 12.6000003814697 12.8000001907349 14.3999996185303 14.3000001907349 15 16.8999996185303 15.6000003814697 14.3999996185303 13.6999998092651 15.5 19.2000007629395 23.2999992370605 21.3999996185303 20.6000003814697 20.6000003814697 23.1000003814697 26.5 38.5999984741211 35.9000015258789 36.7999992370605 36 39.5999984741211 42.0999984741211 35.7999992370605 44.0999984741211 36 36.4000015258789 39.2999992370605 41.5 43.9000015258789 40.2999992370605 44.2000007629395 47.9000015258789 43.7999992370605 43.4000015258789 45.7999992370605 42.7999992370605 47.7999992370605 63.2999992370605 72.8000030517578 65.9000015258789 55.9000015258789 58.0999984741211 62.7999992370605 65.4000015258789 65.5999984741211 49 68.6999969482422 57.5999984741211 55.9000015258789 51.0999984741211 58 56.2999992370605 56.7999992370605
13.3999996185303 12.6000003814697 13.8000001907349 15.3999996185303 14.3999996185303 17.1000003814697 17 19.8999996185303 19.2999992370605 17.7999992370605 18.6000003814697 17.6000003814697 15.8000001907349 20.1000003814697 23.2999992370605 25.3999996185303 23.6000003814697 25.5 26.2999992370605 27.3999996185303 36.4000015258789 45 36.0999984741211 40.4000015258789 41.4000015258789 42.4000015258789 45.4000015258789 37.2000007629395 48.4000015258789 46.7999992370605 48.2999992370605 47.4000015258789 54.0999984741211 47.9000015258789 45.2000007629395 42.5999984741211 50.2999992370605 56.5 48.0999984741211 52.2999992370605 56.2999992370605 49.2000007629395 52.2999992370605 66.5 62.2000007629395 59.2999992370605 61.2000007629395 60.0999984741211 62.9000015258789 46.2000007629395 64.1999969482422 65.1999969482422 81.0999984741211 69.6999969482422 75.9000015258789 73.8000030517578 59.7999992370605 58.2000007629395
15.3999996185303 15.3999996185303 17.7999992370605 20.8999996185303 18.2999992370605 18.3999996185303 20.2000007629395 26.8999996185303 23.7999992370605 19.3999996185303 23.1000003814697 22.7999992370605 19.3999996185303 16.8999996185303 20 25.2999992370605 30.2999992370605 32.5 29.5 28.8999996185303 38.7999992370605 48.5 39.7999992370605 43.0999984741211 44.2000007629395 44.9000015258789 47.0999984741211 45.9000015258789 40.0999984741211 46.5 47.5999984741211 52.2999992370605 50.0999984741211 45.9000015258789 44.0999984741211 45.9000015258789 48.2000007629395 56.0999984741211 60.2999992370605 67.9000015258789 59 56.2999992370605 68.0999984741211 52.2000007629395 52.7000007629395 38.2999992370605 40.5999984741211 37.2999992370605 59.0999984741211 79.3000030517578 64.5999984741211 56.5 64.5999984741211 80.5999984741211 81.5999984741211 85.5 57.4000015258789 55.7999992370605
19.6000003814697 19.6000003814697 21.1000003814697 20.7999992370605 22 25.8999996185303 36.0999984741211 27.1000003814697 23.7999992370605 24 24.2999992370605 23.7999992370605 20.8999996185303 19.2000007629395 21.1000003814697 25.2000007629395 28 29.8999996185303 30.7999992370605 25.2000007629395 31.3999996185303 50.5999984741211 48.0999984741211 51 48.7000007629395 47.2000007629395 51.0999984741211 48.4000015258789 44.2999992370605 50.7999992370605 59 54.2999992370605 50.4000015258789 49.4000015258789 48.7999992370605 57.5 58.0999984741211 50.4000015258789 54.7999992370605 61.4000015258789 70.5 68.5 67.5999984741211 58.5 61.4000015258789 59.7000007629395 57.5999984741211 52.9000015258789 55.7999992370605 72.6999969482422 74.3000030517578 75.3000030517578 53.0999984741211 60 72.4000015258789 69.5999984741211 63.5999984741211 61.5999984741211
21.7999992370605 21.6000003814697 23.1000003814697 24 24.7999992370605 33.7999992370605 39.5 26.2000007629395 26.2000007629395 25.5 23 23.6000003814697 22.2999992370605 25 24.8999996185303 26.5 23.3999996185303 29.5 29.1000003814697 27 34.2999992370605 44.5999984741211 51.9000015258789 56.0999984741211 51.5 50.5 54.2999992370605 53.5 59.7999992370605 62.7999992370605 54 51.9000015258789 58.5999984741211 54.2999992370605 50.5999984741211 54.2000007629395 56.2999992370605 56.5999984741211 59.7999992370605 68.5999984741211 69.6999969482422 71.0999984741211 82.3000030517578 60.2999992370605 55 61.7000007629395 62.7000007629395 51 55.9000015258789 66.0999984741211 75.4000015258789 66 67.9000015258789 39.0999984741211 62.9000015258789 89.0999984741211 94.4000015258789 92.3000030517578
23.5 22.6000003814697 24.3999996185303 25.3999996185303 22.6000003814697 27.7999992370605 30.8999996185303 27.2000007629395 26.2000007629395 27.1000003814697 27.3999996185303 27.6000003814697 24.7999992370605 24.1000003814697 24.8999996185303 26.7999992370605 30.6000003814697 38.5999984741211 29.7999992370605 30.8999996185303 43.5999984741211 49.4000015258789 58.4000015258789 58.9000015258789 54.5 54.2999992370605 54.4000015258789 56.0999984741211 63.4000015258789 63.2000007629395 53.9000015258789 55.7999992370605 56.0999984741211 54.4000015258789 57.0999984741211 54.4000015258789 60.4000015258789 58.7999992370605 59.0999984741211 53 57.7999992370605 69.3000030517578 70.4000015258789 63.5999984741211 68.5 57.4000015258789 66.4000015258789 51.7999992370605 70.0999984741211 70 67.6999969482422 51.7000007629395 52.2999992370605 32.0999984741211 33.4000015258789 42.7999992370605 56.5 88.1999969482422
26.2999992370605 29.3999996185303 30.6000003814697 30.7000007629395 28.2999992370605 33.2999992370605 27 26.2999992370605 28.7999992370605 26.3999996185303 27.1000003814697 25.7999992370605 26.3999996185303 26.5 26.5 28.8999996185303 30.5 30.2000007629395 30.1000003814697 35.2999992370605 40.5 50.2000007629395 60.5999984741211 59.7000007629395 55.5999984741211 56.4000015258789 57.2999992370605 61.7999992370605 66 70.8000030517578 86.4000015258789 74.5999984741211 57.5 55.5999984741211 57.7999992370605 57.7999992370605 62.2000007629395 66 68.9000015258789 52.2000007629395 53 62.2999992370605 61.2999992370605 66.4000015258789 57.7999992370605 61.9000015258789 59.2999992370605 65.1999969482422 59.7999992370605 52.0999984741211 53.2000007629395 41.9000015258789 37.2999992370605 32.0999984741211 36.5 46.2000007629395 68.4000015258789 57.9000015258789
29.1000003814697 28.3999996185303 31.2999992370605 33.7000007629395 35.2000007629395 38.2999992370605 29.7000007629395 27.3999996185303 31.7000007629395 29.6000003814697 28.2000007629395 29.2999992370605 32.4000015258789 28.6000003814697 29.2999992370605 29.7999992370605 30.7999992370605 30.7999992370605 35.4000015258789 36.7999992370605 41.9000015258789 52.5 66.8000030517578 61.9000015258789 60.4000015258789 60.7999992370605 69.6999969482422 64.9000015258789 71.4000015258789 68.4000015258789 76.9000015258789 78.5999984741211 86.5999984741211 71.5999984741211 68 62 60.7000007629395 73.4000015258789 72.1999969482422 72.9000015258789 68.0999984741211 66.6999969482422 63.5999984741211 76.9000015258789 54.2999992370605 59.9000015258789 65.9000015258789 61.4000015258789 61.9000015258789 63.9000015258789 71.4000015258789 71.0999984741211 52.4000015258789 43.5999984741211 49.4000015258789 58.7999992370605 88.1999969482422 60.7999992370605
32.2999992370605 33.0999984741211 42.5999984741211 41.0999984741211 34.5 35 28.8999996185303 28.6000003814697 39.2000007629395 34 41.5999984741211 42.0999984741211 42.2999992370605 33.2000007629395 31.6000003814697 33.5999984741211 44.2999992370605 39.2000007629395 42.4000015258789 46.9000015258789 55.5999984741211 59 72.8000030517578 66.0999984741211 59.4000015258789 61.5999984741211 72.4000015258789 76.9000015258789 72.8000030517578 67.9000015258789 72.8000030517578 107.5 101.800003051758 90.1999969482422 81.0999984741211 67.8000030517578 70.1999969482422 68.6999969482422 72.5 70.1999969482422 66.9000015258789 73.5 62.2999992370605 68.4000015258789 73.1999969482422 64.9000015258789 62.5999984741211 55.4000015258789 69.0999984741211 61.9000015258789 74.3000030517578 71.8000030517578 64.6999969482422 64 72.0999984741211 67.8000030517578 66.5999984741211 69.0999984741211
35.0999984741211 36.7999992370605 41.0999984741211 35.5999984741211 39.7999992370605 46.4000015258789 33.9000015258789 37.9000015258789 35.5999984741211 32.9000015258789 46.4000015258789 53.2999992370605 47.4000015258789 36.0999984741211 36.4000015258789 39.5 43.5999984741211 43.5999984741211 47.2999992370605 53.5999984741211 64.4000015258789 65.3000030517578 72.5999984741211 65.5 63.9000015258789 67.6999969482422 77.5999984741211 88.0999984741211 88.3000030517578 72.4000015258789 92.4000015258789 101.900001525879 100.099998474121 114.900001525879 102.300003051758 83.0999984741211 94.9000015258789 81.0999984741211 76.3000030517578 80.8000030517578 75.8000030517578 64.9000015258789 62 66.3000030517578 66.5999984741211 60 85.5 66.8000030517578 75.0999984741211 72.9000015258789 64.5999984741211 60 63.7999992370605 64.5999984741211 69.3000030517578 79.5 68.6999969482422 72.5
37.9000015258789 41.5999984741211 41.9000015258789 37.2999992370605 44.7000007629395 48.5 50.4000015258789 51.2999992370605 40.5999984741211 37.2999992370605 48.7999992370605 57.5 43.2999992370605 46.7999992370605 49.5999984741211 40.4000015258789 42.2999992370605 48.4000015258789 55.4000015258789 63.9000015258789 74.3000030517578 77.8000030517578 71.0999984741211 68.0999984741211 57.4000015258789 67.9000015258789 81.0999984741211 83.9000015258789 85.4000015258789 90.4000015258789 85.0999984741211 89.8000030517578 95.8000030517578 98.3000030517578 109.099998474121 104.099998474121 89.1999969482422 92.9000015258789 78.3000030517578 80.3000030517578 74.8000030517578 70.1999969482422 66.9000015258789 66.3000030517578 59.7999992370605 64.8000030517578 76.4000015258789 65.1999969482422 68.0999984741211 67.0999984741211 59.5999984741211 62.4000015258789 59.9000015258789 58.4000015258789 59.0999984741211 78.5999984741211 76.8000030517578 65.5999984741211
43.5999984741211 43.7000007629395 48 50.5999984741211 50.5999984741211 55 53.9000015258789 56.4000015258789 52.4000015258789 54.7999992370605 56.7999992370605 45.7999992370605 45.4000015258789 60.0999984741211 60.5 51.2999992370605 52.2999992370605 53.5 70.3000030517578 80.4000015258789 81.8000030517578 81.3000030517578 75.0999984741211 63.2999992370605 63.5999984741211 86.9000015258789 88.4000015258789 94.9000015258789 88.5 108.300003051758 90.0999984741211 81.6999969482422 87 90.5999984741211 114.099998474121 102.800003051758 91.1999969482422 101.099998474121 91.1999969482422 86.5999984741211 80.3000030517578 79.9000015258789 79.1999969482422 84.4000015258789 77.4000015258789 72.6999969482422 58.2999992370605 60.9000015258789 58.0999984741211 50.0999984741211 56 50.5999984741211 52.7999992370605 54.9000015258789 57.5999984741211 59.7000007629395 66.6999969482422 64.0999984741211
46.4000015258789 48.5999984741211 47.5999984741211 55.7999992370605 60 64.0999984741211 56.5999984741211 59.2000007629395 60.2000007629395 57 50.0999984741211 53.5 65.3000030517578 66.0999984741211 53.0999984741211 55.0999984741211 57.7000007629395 59.9000015258789 69.4000015258789 72.0999984741211 71.9000015258789 88.4000015258789 84.8000030517578 79.5999984741211 80.5 104.400001525879 107.099998474121 113 119.699996948242 114.800003051758 103.199996948242 85.6999969482422 92.1999969482422 88.1999969482422 93.5999984741211 116 110.400001525879 111.800003051758 88.4000015258789 86 87.5 82.3000030517578 74.8000030517578 73.1999969482422 74.3000030517578 65.0999984741211 60.2999992370605 50.2999992370605 48.7999992370605 46.4000015258789 48.2999992370605 50.5999984741211 51.7000007629395 48.4000015258789 55.2000007629395 63.9000015258789 59.4000015258789 68.9000015258789
52 55.9000015258789 58.9000015258789 59.5999984741211 64 67.5999984741211 63.9000015258789 73.4000015258789 75.0999984741211 65 58.7999992370605 70.4000015258789 58.7999992370605 58.2000007629395 64.5 60.5999984741211 63.4000015258789 70.3000030517578 71.1999969482422 67 71.4000015258789 92.8000030517578 96.8000030517578 95.1999969482422 93.4000015258789 97.5999984741211 100.5 99 100.599998474121 108.900001525879 131.800003051758 101 94.0999984741211 96 100.300003051758 96.9000015258789 96.5999984741211 110.300003051758 93.9000015258789 84.3000030517578 84.4000015258789 79.1999969482422 72.5999984741211 71 66.1999969482422 53 50.5999984741211 42.2000007629395 42.5999984741211 32.2000007629395 35.5999984741211 46.9000015258789 48.2999992370605 58.2999992370605 50.9000015258789 53.4000015258789 62.0999984741211 67.6999969482422
57.2999992370605 61.2999992370605 61.5 62.7999992370605 70.8000030517578 72.4000015258789 77.4000015258789 78.0999984741211 77.9000015258789 75.3000030517578 77.5999984741211 82 63.4000015258789 73.4000015258789 74.5 70.3000030517578 75.4000015258789 76.5 79.8000030517578 74.8000030517578 100.599998474121 104.099998474121 106.099998474121 100.300003051758 102.699996948242 102.800003051758 104 105.400001525879 102.599998474121 106.099998474121 106.400001525879 99.4000015258789 101.099998474121 101.400001525879 121.800003051758 105.400001525879 104.400001525879 103.599998474121 101.900001525879 102.5 84.3000030517578 81.9000015258789 72.5 71.1999969482422 56.7999992370605 42.7999992370605 40.5999984741211 39.4000015258789 46.7999992370605 42.7999992370605 37.5999984741211 39.9000015258789 53.2000007629395 44.2999992370605 43 45.5999984741211 53.5 59.4000015258789
56.0999984741211 61.5 55.4000015258789 56.2999992370605 71.9000015258789 73.5 73.4000015258789 78.8000030517578 80.0999984741211 93.1999969482422 94.3000030517578 89.5999984741211 78.8000030517578 88.1999969482422 85.1999969482422 75.4000015258789 81.3000030517578 80.4000015258789 81.5999984741211 92.9000015258789 106.099998474121 93.5 114 116.599998474121 112.199996948242 119.199996948242 106.599998474121 106.5 108.5 111.800003051758 109.199996948242 108.699996948242 105.900001525879 105.099998474121 101.300003051758 97.5 104.199996948242 111.800003051758 114.400001525879 104.099998474121 86.9000015258789 80.4000015258789 83.3000030517578 74.9000015258789 58.2999992370605 47.2999992370605 39.0999984741211 37.9000015258789 46.9000015258789 42.4000015258789 42.5999984741211 44.5 41.5 38.4000015258789 41.4000015258789 35.7999992370605 45 56.7999992370605
53.0999984741211 54.7999992370605 58.4000015258789 64.3000030517578 71.9000015258789 73.3000030517578 85.9000015258789 83.4000015258789 91 100.599998474121 100.900001525879 101.5 105.300003051758 104.800003051758 108.199996948242 88.0999984741211 86.0999984741211 105 107.900001525879 107.800003051758 104.400001525879 94.6999969482422 103.5 121 126.099998474121 114 112 113.300003051758 109.300003051758 114.900001525879 109.300003051758 110.400001525879 111.400001525879 110.699996948242 104 101.699996948242 103 111.900001525879 106.199996948242 110.099998474121 101.099998474121 97.5999984741211 91.5 69.3000030517578 59.4000015258789 51.7999992370605 46.2999992370605 42.2000007629395 47.5999984741211 42.0999984741211 43.0999984741211 45.7999992370605 54 42.5999984741211 39.2000007629395 40 50.7999992370605 51.7999992370605
56.2999992370605 60.9000015258789 69.6999969482422 67.1999969482422 74.5999984741211 85.1999969482422 87.4000015258789 84.0999984741211 92.9000015258789 96.1999969482422 99 102.400001525879 105.900001525879 105.5 111.800003051758 115.699996948242 117.699996948242 119.300003051758 113.599998474121 110.300003051758 102.900001525879 88.0999984741211 94.5 128.199996948242 121.900001525879 112.800003051758 121.099998474121 118.900001525879 109.099998474121 109.900001525879 109.5 109.300003051758 112.199996948242 112 110.699996948242 106.800003051758 116 110.099998474121 110.099998474121 106.400001525879 105.800003051758 98.0999984741211 93.3000030517578 98.8000030517578 71.0999984741211 54.5 48.2000007629395 44.9000015258789 45.5999984741211 44.7999992370605 41.4000015258789 46.2000007629395 48.2000007629395 44.9000015258789 38.5 46.9000015258789 53.5999984741211 53.4000015258789
62.2999992370605 72 83.5999984741211 87.5999984741211 86.6999969482422 89.0999984741211 86.5999984741211 89.6999969482422 99.3000030517578 106.099998474121 105.800003051758 106.099998474121 108.800003051758 114.300003051758 117.300003051758 123.400001525879 120.900001525879 125.800003051758 126.800003051758 124.099998474121 99.9000015258789 97.8000030517578 124.199996948242 127.599998474121 121.900001525879 123.300003051758 132 121.599998474121 103.599998474121 112.699996948242 113 113.400001525879 117.099998474121 115.300003051758 111.400001525879 110.900001525879 113.099998474121 114.599998474121 114 112.599998474121 109 104.300003051758 102.699996948242 98.5 74 61.5 50.7999992370605 46.0999984741211 43.7999992370605 43.5999984741211 45 44.7999992370605 42.5999984741211 44.0999984741211 49.7000007629395 53.2999992370605 52.4000015258789 55.2999992370605
71.3000030517578 75.4000015258789 84.5999984741211 98.9000015258789 100.5 95.9000015258789 102.199996948242 104.099998474121 103.699996948242 106.699996948242 113.300003051758 115.300003051758 118.800003051758 124.699996948242 126.599998474121 128.199996948242 132.199996948242 133.699996948242 132.300003051758 109.099998474121 103.699996948242 117.099998474121 129.800003051758 128.399993896484 131.300003051758 129.899993896484 130.399993896484 119.599998474121 110.800003051758 109.199996948242 117.099998474121 115.400001525879 114.400001525879 115.400001525879 115 111.400001525879 104.699996948242 107.5 113.599998474121 115.800003051758 114.5 107.400001525879 97.1999969482422 81.3000030517578 69.5999984741211 59 48.9000015258789 45.2000007629395 45 46.2999992370605 40.7000007629395 44.2999992370605 46.9000015258789 43.4000015258789 42.2000007629395 49.5999984741211 51.4000015258789 54
85.3000030517578 88.8000030517578 96.5999984741211 112.099998474121 105.800003051758 104.099998474121 112.099998474121 112.800003051758 112.400001525879 116.800003051758 117.900001525879 122.099998474121 127 134.899993896484 137.399993896484 134.800003051758 136.800003051758 134.300003051758 137.399993896484 118.099998474121 110.300003051758 118.599998474121 116.800003051758 123.099998474121 127.400001525879 133.100006103516 129.600006103516 125.5 118.599998474121 113.400001525879 118.599998474121 117.699996948242 117.800003051758 114 114.900001525879 113.800003051758 111.300003051758 105.5 101.300003051758 102 106.300003051758 107.800003051758 83.3000030517578 79.6999969482422 76 59.0999984741211 51.5999984741211 52.5 44.7999992370605 46.5999984741211 39.5999984741211 38.9000015258789 40.0999984741211 40.5999984741211 41.5999984741211 42.2999992370605 42.2000007629395 45.7999992370605
94.4000015258789 104.099998474121 116.599998474121 123.900001525879 126.300003051758 117.099998474121 131.100006103516 137.800003051758 131.899993896484 123.400001525879 126.900001525879 135.800003051758 137.699996948242 140.399993896484 148.100006103516 151.199996948242 148.399993896484 138.800003051758 140.100006103516 130.600006103516 114.800003051758 118.400001525879 116.900001525879 115.300003051758 120.900001525879 135.600006103516 137.899993896484 131.899993896484 126.800003051758 119.900001525879 120.599998474121 120.099998474121 120.599998474121 119.099998474121 117.800003051758 113.900001525879 106.800003051758 104.900001525879 100.5 96.4000015258789 106.800003051758 97.3000030517578 87.9000015258789 80 74.4000015258789 58.7999992370605 52.5999984741211 56.9000015258789 47.4000015258789 43.0999984741211 41.5999984741211 41.5999984741211 41.4000015258789 43.0999984741211 42.0999984741211 39.2000007629395 42.2000007629395 41
110.900001525879 118.300003051758 132.699996948242 135.300003051758 138.800003051758 144.5 148.800003051758 152.199996948242 156.199996948242 142.399993896484 141.800003051758 163.699996948242 149.699996948242 151.600006103516 158.300003051758 156.699996948242 154.300003051758 146.699996948242 141.800003051758 142 132.300003051758 123.199996948242 124.699996948242 120.5 133.600006103516 139.800003051758 139.899993896484 136.600006103516 132.399993896484 126.800003051758 126.300003051758 124.099998474121 120.900001525879 117.199996948242 115.400001525879 113.699996948242 109.699996948242 106.400001525879 101.599998474121 97.4000015258789 98.9000015258789 94.8000030517578 85.4000015258789 79 71.8000030517578 62.2999992370605 55.2999992370605 52.4000015258789 46.4000015258789 45.2000007629395 42.0999984741211 45.4000015258789 43.7999992370605 41.7999992370605 40.4000015258789 40.2999992370605 40.4000015258789 45.9000015258789
122.699996948242 132.800003051758 141.300003051758 144.5 148.600006103516 152.899993896484 157.199996948242 159 167 160.899993896484 157 161.899993896484 160.699996948242 162 160.300003051758 162 159.600006103516 149.300003051758 144.100006103516 141.399993896484 143.300003051758 136.100006103516 132.399993896484 130.800003051758 139 142.399993896484 142.600006103516 140.399993896484 136.100006103516 132.600006103516 128.699996948242 127.199996948242 122.800003051758 119.199996948242 116.699996948242 113.400001525879 108.099998474121 112.099998474121 105.400001525879 98.0999984741211 98.0999984741211 92.9000015258789 82.8000030517578 77.4000015258789 71.8000030517578 64.9000015258789 59.5999984741211 55.0999984741211 51.2999992370605 50.7000007629395 48.7000007629395 53.0999984741211 46.0999984741211 40.5999984741211 40.7999992370605 40.9000015258789 43.0999984741211 51.4000015258789
