data/layers/future_layer_mc_585_60/bio12.asc
NCOLS 494 
NROWS 529 
XLLCORNER -117.166666666667 
YLLCORNER -55.5 
CELLSIZE 0.166666666666667 
NODATA_value -3.4e+38 
[rows 168 to 191 of 529, columns 216 to 269 of 494]
-3.4e+38 -3.4e+38 -3.4e+38 -3.4e+38 -3.4e+38 -3.4e+38 -3.4e+38 -3.4e+38 -3.4e+38 -3.4e+38 -3.4e+38 -3.4e+38 -3.4e+38 -3.4e+38 -3.4e+38 -3.4e+38 -3.4e+38 -3.4e+38 -3.4e+38 -3.4e+38 -3.4e+38 -3.4e+38 -3.4e+38 6998.2998046875 7198.89990234375 6841.39990234375 6478 5140 3361.80004882812 1953.40002441406 1797.69995117188 1765.59997558594 2012.30004882812 1995.19995117188 1579.90002441406 1553.30004882812 1973.5 2027.30004882812 2017.30004882812 2060.30004882812 2023.5 1284 1326.80004882812 1660.30004882812 1609.30004882812 2068.10009765625 2878.39990234375 3564.5 3312.39990234375 3012.69995117188 2903.30004882812 2963.60009765625 2894.30004882812 2859.89990234375
-3.4e+38 -3.4e+38 -3.4e+38 -3.4e+38 -3.4e+38 -3.4e+38 -3.4e+38 -3.4e+38 -3.4e+38 -3.4e+38 -3.4e+38 -3.4e+38 -3.4e+38 -3.4e+38 -3.4e+38 -3.4e+38 -3.4e+38 -3.4e+38 -3.4e+38 -3.4e+38 -3.4e+38 -3.4e+38 -3.4e+38 7098 7100.10009765625 6533.2998046875 5967.89990234375 4606.7001953125 2465.10009765625 1937.30004882812 1653.80004882812 1728.30004882812 1897.80004882812 1685 1763.30004882812 1914.59997558594 1892.80004882812 1927.30004882812 1968.5 1999.90002441406 1806.69995117188 1413.59997558594 1423.09997558594 1731.30004882812 1827.80004882812 2354.89990234375 3437.60009765625 3452.69995117188 3220.10009765625 3002.69995117188 2899.39990234375 2897.10009765625 2760.69995117188 2709.60009765625
-3.4e+38 -3.4e+38 -3.4e+38 -3.4e+38 -3.4e+38 -3.4e+38 -3.4e+38 -3.4e+38 -3.4e+38 -3.4e+38 -3.4e+38 -3.4e+38 -3.4e+38 -3.4e+38 -3.4e+38 -3.4e+38 -3.4e+38 -3.4e+38 -3.4e+38 -3.4e+38 -3.4e+38 -3.4e+38 -3.4e+38 7071.89990234375 7032.10009765625 6418.2998046875 5505.2998046875 3822.80004882812 2026.30004882812 1735.30004882812 1614.5 1842 1789.40002441406 1460.40002441406 1620.40002441406 1864.59997558594 1809.59997558594 1809.59997558594 1945.59997558594 1953.90002441406 1816.40002441406 1444.19995117188 1540.30004882812 1875.80004882812 2368 3350.5 3438.10009765625 3152.80004882812 3060.10009765625 2969.69995117188 2854 2781.19995117188 2790.30004882812 2770
-3.4e+38 -3.4e+38 -3.4e+38 -3.4e+38 -3.4e+38 -3.4e+38 -3.4e+38 -3.4e+38 -3.4e+38 -3.4e+38 -3.4e+38 -3.4e+38 -3.4e+38 -3.4e+38 -3.4e+38 -3.4e+38 -3.4e+38 -3.4e+38 -3.4e+38 -3.4e+38 -3.4e+38 -3.4e+38 -3.4e+38 6256.7998046875 7089.39990234375 6332.60009765625 4744.89990234375 2464.10009765625 1850.09997558594 1587.19995117188 1717.90002441406 1685.59997558594 1502.09997558594 1519.90002441406 1737.80004882812 1820.09997558594 1758.40002441406 1784.80004882812 1888.80004882812 1834.40002441406 1555.59997558594 1225.59997558594 1573.80004882812 2023.40002441406 3381.60009765625 3299.30004882812 3183.10009765625 2986.5 2907.10009765625 2903.30004882812 2903.80004882812 2798.69995117188 2812.30004882812 2703.5
-3.4e+38 -3.4e+38 -3.4e+38 -3.4e+38 -3.4e+38 -3.4e+38 -3.4e+38 -3.4e+38 -3.4e+38 -3.4e+38 -3.4e+38 -3.4e+38 -3.4e+38 -3.4e+38 -3.4e+38 -3.4e+38 -3.4e+38 -3.4e+38 -3.4e+38 -3.4e+38 -3.4e+38 -3.4e+38 -3.4e+38 6072.89990234375 5693 5876.89990234375 3818.89990234375 1828.5 1648.59997558594 1638 1702.30004882812 1502.30004882812 1523.59997558594 1559.09997558594 1713.40002441406 1777.5 1936 1852.40002441406 1861.09997558594 1746.59997558594 1376.09997558594 1314.40002441406 1662.09997558594 2413.30004882812 3673.69995117188 3227.89990234375 2935 2867.69995117188 2857.30004882812 2894.30004882812 2818.80004882812 2802.39990234375 2799.69995117188 2721.39990234375
-3.4e+38 -3.4e+38 -3.4e+38 -3.4e+38 -3.4e+38 -3.4e+38 -3.4e+38 -3.4e+38 -3.4e+38 -3.4e+38 -3.4e+38 -3.4e+38 -3.4e+38 -3.4e+38 -3.4e+38 -3.4e+38 -3.4e+38 -3.4e+38 -3.4e+38 -3.4e+38 -3.4e+38 -3.4e+38 -3.4e+38 -3.4e+38 4871 4491.2998046875 2235.30004882812 1596.90002441406 1594.90002441406 1547.5 1557.69995117188 1442.40002441406 1541.5 1759.69995117188 1830.40002441406 1795.5 1932.80004882812 1817.30004882812 1768.90002441406 1502.59997558594 1168.59997558594 1479.40002441406 1760.09997558594 2882.89990234375 3333 3061.60009765625 2930.69995117188 2839.19995117188 2858.60009765625 2848.60009765625 2766.89990234375 2744.80004882812 2722.5 2678.80004882812
-3.4e+38 -3.4e+38 -3.4e+38 -3.4e+38 -3.4e+38 -3.4e+38 -3.4e+38 -3.4e+38 -3.4e+38 -3.4e+38 -3.4e+38 -3.4e+38 -3.4e+38 -3.4e+38 -3.4e+38 -3.4e+38 -3.4e+38 -3.4e+38 -3.4e+38 -3.4e+38 -3.4e+38 -3.4e+38 -3.4e+38 -3.4e+38 4939.7001953125 3484.89990234375 1897.40002441406 1823.80004882812 1538.59997558594 1528.40002441406 1609.09997558594 1577.90002441406 1634.80004882812 1868.59997558594 1869.19995117188 1794.09997558594 1706.09997558594 1701.5 1661.59997558594 1321.5 1417.90002441406 1480.5 2218.60009765625 2977.39990234375 2880 2924.39990234375 2875 2868.10009765625 2905.10009765625 2854.60009765625 2794.39990234375 2776.10009765625 2731.30004882812 2774.5
-3.4e+38 -3.4e+38 -3.4e+38 -3.4e+38 -3.4e+38 -3.4e+38 -3.4e+38 -3.4e+38 -3.4e+38 -3.4e+38 -3.4e+38 -3.4e+38 -3.4e+38 -3.4e+38 -3.4e+38 -3.4e+38 -3.4e+38 -3.4e+38 -3.4e+38 -3.4e+38 -3.4e+38 -3.4e+38 -3.4e+38 5877.10009765625 4284.5 2703.39990234375 1870.09997558594 1904.80004882812 1619.90002441406 1579.5 1548.09997558594 1663 1785.40002441406 1974.59997558594 1883.90002441406 1776.59997558594 1671.59997558594 1710 1678.09997558594 1664.80004882812 1911.09997558594 2120.10009765625 2804.30004882812 2968.30004882812 2824.10009765625 2751.60009765625 2878.30004882812 2887.30004882812 2949.80004882812 2886.60009765625 2848.89990234375 2805.30004882812 2708.19995117188 2760.19995117188
-3.4e+38 -3.4e+38 -3.4e+38 -3.4e+38 -3.4e+38 -3.4e+38 -3.4e+38 -3.4e+38 -3.4e+38 -3.4e+38 -3.4e+38 -3.4e+38 -3.4e+38 -3.4e+38 -3.4e+38 -3.4e+38 -3.4e+38 -3.4e+38 -3.4e+38 -3.4e+38 -3.4e+38 -3.4e+38 6077.2001953125 5605.89990234375 4264.7998046875 2461.5 1955.30004882812 1958.80004882812 1744.19995117188 1651.30004882812 1562.80004882812 1659.59997558594 1736.19995117188 1876.30004882812 1895.90002441406 1722.30004882812 1631.80004882812 1624.5 1671.30004882812 2035.09997558594 2302.80004882812 2555.89990234375 2747.69995117188 2983.89990234375 2889.69995117188 2761.39990234375 2802.30004882812 2895.80004882812 2859.10009765625 2800.60009765625 2783.89990234375 2726.30004882812 2751.30004882812 2753.69995117188
-3.4e+38 -3.4e+38 -3.4e+38 -3.4e+38 -3.4e+38 -3.4e+38 -3.4e+38 -3.4e+38 -3.4e+38 -3.4e+38 -3.4e+38 -3.4e+38 -3.4e+38 -3.4e+38 -3.4e+38 -3.4e+38 -3.4e+38 -3.4e+38 -3.4e+38 -3.4e+38 -3.4e+38 -3.4e+38 6205.2998046875 5542.10009765625 3827.10009765625 2568.30004882812 2316.80004882812 2179.39990234375 1857.40002441406 1747.19995117188 1505.59997558594 1607.5 1675.69995117188 1734.30004882812 1825.30004882812 1599.69995117188 1545.69995117188 1621.40002441406 1766.30004882812 2087.80004882812 2273.39990234375 2490.39990234375 2614.80004882812 2810.19995117188 2784.5 2710.30004882812 2764.69995117188 2782.30004882812 2906.30004882812 2908.89990234375 2879.80004882812 2762.80004882812 2777.80004882812 2838.10009765625
-3.4e+38 -3.4e+38 -3.4e+38 -3.4e+38 -3.4e+38 -3.4e+38 -3.4e+38 -3.4e+38 -3.4e+38 -3.4e+38 -3.4e+38 -3.4e+38 -3.4e+38 -3.4e+38 -3.4e+38 -3.4e+38 -3.4e+38 -3.4e+38 -3.4e+38 -3.4e+38 -3.4e+38 6022.7001953125 6116.10009765625 5314.2998046875 4158.7001953125 2622.30004882812 2442.60009765625 2231.10009765625 1920.40002441406 1645 1531.40002441406 1611.40002441406 1582.90002441406 1727.80004882812 1638.59997558594 1604.80004882812 1653.80004882812 1644.80004882812 1749.30004882812 2039.59997558594 2199.10009765625 2306.30004882812 2499 2670.60009765625 2627 2586.69995117188 2647.89990234375 2644.89990234375 2788.30004882812 2830.89990234375 2822.80004882812 2803.69995117188 2786.80004882812 2787.39990234375
-3.4e+38 -3.4e+38 -3.4e+38 -3.4e+38 -3.4e+38 -3.4e+38 -3.4e+38 -3.4e+38 -3.4e+38 -3.4e+38 -3.4e+38 -3.4e+38 -3.4e+38 -3.4e+38 -3.4e+38 -3.4e+38 -3.4e+38 -3.4e+38 -3.4e+38 -3.4e+38 -3.4e+38 5963.89990234375 5617 4552.10009765625 3507.60009765625 2614.80004882812 2488.30004882812 2191.10009765625 1761 1578.59997558594 1644.5 1634.59997558594 1635.5 1650.90002441406 1620.30004882812 1656.90002441406 1656.59997558594 1763.59997558594 1814.09997558594 2005.40002441406 2086.5 2208.80004882812 2320.80004882812 2460.30004882812 2458.10009765625 2478.80004882812 2521.10009765625 2593 2638.89990234375 2664.10009765625 2763.19995117188 2752.10009765625 2667.80004882812 2687.19995117188
-3.4e+38 -3.4e+38 -3.4e+38 -3.4e+38 -3.4e+38 -3.4e+38 -3.4e+38 -3.4e+38 -3.4e+38 -3.4e+38 -3.4e+38 -3.4e+38 -3.4e+38 -3.4e+38 -3.4e+38 -3.4e+38 -3.4e+38 4754.89990234375 4974.60009765625 5259.60009765625 5438.39990234375 5136.89990234375 4473.10009765625 3132.5 2685.69995117188 2733.69995117188 2447.60009765625 2173.30004882812 1772.80004882812 1628.19995117188 1691 1616.5 1592.30004882812 1592.30004882812 1593.40002441406 1689.09997558594 1718.69995117188 1824.80004882812 1881.40002441406 1980.59997558594 2095.10009765625 2197.5 2281.60009765625 2401.10009765625 2452.30004882812 2448.80004882812 2525.69995117188 2536.60009765625 2589.89990234375 2620.5 2637.80004882812 2641.89990234375 2748.60009765625 2799.39990234375
-3.4e+38 -3.4e+38 -3.4e+38 -3.4e+38 -3.4e+38 -3.4e+38 -3.4e+38 -3.4e+38 -3.4e+38 -3.4e+38 -3.4e+38 -3.4e+38 -3.4e+38 -3.4e+38 -3.4e+38 -3.4e+38 4297.39990234375 4863.60009765625 5050.10009765625 5155.10009765625 5046.5 4327.7998046875 2787 2553.19995117188 2578.30004882812 2508.39990234375 2290.10009765625 2130.30004882812 1798.19995117188 1708.69995117188 1782.90002441406 1628.09997558594 1565.40002441406 1573.30004882812 1685.40002441406 1736.69995117188 1798.19995117188 1842.59997558594 1962.90002441406 2066.19995117188 2134 2209 2296.80004882812 2396.19995117188 2385.30004882812 2400.89990234375 2448.60009765625 2497.60009765625 2503.30004882812 2582.89990234375 2719.39990234375 2749.10009765625 2690.80004882812 2657.30004882812
-3.4e+38 -3.4e+38 -3.4e+38 -3.4e+38 -3.4e+38 -3.4e+38 -3.4e+38 -3.4e+38 -3.4e+38 -3.4e+38 -3.4e+38 -3.4e+38 -3.4e+38 -3.4e+38 -3.4e+38 3748.69995117188 4325.2001953125 4842.7998046875 5005.10009765625 4970.39990234375 4708.7998046875 3482 2399.89990234375 2427.89990234375 2324.89990234375 2176 2137.80004882812 1911.90002441406 1736.90002441406 1844.59997558594 1844.09997558594 1692 1492.59997558594 1563.40002441406 1793.40002441406 1782.40002441406 1803.09997558594 1991.40002441406 2130.60009765625 2193.89990234375 2236.19995117188 2285.10009765625 2313.30004882812 2408.60009765625 2414.69995117188 2423.10009765625 2442.69995117188 2486.10009765625 2530.60009765625 2621.89990234375 2660.80004882812 2688.80004882812 2657 2657.30004882812
-3.4e+38 -3.4e+38 -3.4e+38 -3.4e+38 -3.4e+38 -3.4e+38 -3.4e+38 -3.4e+38 -3.4e+38 -3.4e+38 -3.4e+38 -3.4e+38 -3.4e+38 -3.4e+38 -3.4e+38 3630.80004882812 4240.2001953125 4755.39990234375 4966.89990234375 4856 4235.5 2889.10009765625 2358.10009765625 2172.89990234375 1959 1992 1985.59997558594 1876.19995117188 1882.90002441406 1949.90002441406 1847.30004882812 1596.59997558594 1462.90002441406 1740.09997558594 1830.09997558594 1771.59997558594 1996.30004882812 2345.39990234375 2357.89990234375 2314.80004882812 2310.89990234375 2360.30004882812 2342.89990234375 2445.19995117188 2457.60009765625 2389.39990234375 2402.80004882812 2444.39990234375 2496 2533.80004882812 2574.30004882812 2693.39990234375 2626.60009765625 2640.30004882812
-3.4e+38 -3.4e+38 -3.4e+38 -3.4e+38 -3.4e+38 -3.4e+38 -3.4e+38 -3.4e+38 -3.4e+38 -3.4e+38 -3.4e+38 -3.4e+38 -3.4e+38 -3.4e+38 -3.4e+38 -3.4e+38 4108.7001953125 4704.2998046875 4988.5 4660.39990234375 3565.80004882812 2690.5 2153.10009765625 1780.09997558594 1715.40002441406 1849.69995117188 1839.5 2005.59997558594 1969.40002441406 1879.59997558594 1663.40002441406 1680.90002441406 1689.5 1875.09997558594 1837.69995117188 2253.69995117188 2838.60009765625 2687.5 2545.69995117188 2468.60009765625 2417.10009765625 2426.19995117188 2433 2424.19995117188 2376 2360.69995117188 2363.80004882812 2438 2495.39990234375 2448.60009765625 2506.89990234375 2631.10009765625 2602.89990234375 2575
-3.4e+38 -3.4e+38 -3.4e+38 -3.4e+38 -3.4e+38 -3.4e+38 -3.4e+38 -3.4e+38 -3.4e+38 -3.4e+38 -3.4e+38 -3.4e+38 -3.4e+38 -3.4e+38 -3.4e+38 -3.4e+38 4062.39990234375 4898.89990234375 5080.10009765625 4247.60009765625 3352 2326.60009765625 1950.69995117188 1649.40002441406 1777.90002441406 1797 2003.80004882812 2021.19995117188 2129.19995117188 2118.5 1950.40002441406 1939 2075.5 2297.39990234375 2146.80004882812 2804.60009765625 2871.80004882812 2790.80004882812 2683.89990234375 2572.80004882812 2496.30004882812 2412.10009765625 2479.5 2479.5 2448.30004882812 2388.10009765625 2361.80004882812 2446.89990234375 2451.30004882812 2411.89990234375 2481.5 2501.39990234375 2563.89990234375 2575.10009765625
-3.4e+38 -3.4e+38 -3.4e+38 -3.4e+38 -3.4e+38 -3.4e+38 -3.4e+38 -3.4e+38 -3.4e+38 -3.4e+38 -3.4e+38 -3.4e+38 -3.4e+38 -3.4e+38 2883.19995117188 3326 3963.30004882812 4592.60009765625 4638.60009765625 3981.60009765625 2832.39990234375 1791 1688.30004882812 1724.40002441406 1799.90002441406 1982.09997558594 2302.30004882812 2219.69995117188 2262.89990234375 2356.80004882812 2349.39990234375 2581.30004882812 2794.80004882812 3219.89990234375 2854.69995117188 3044.19995117188 2901.5 2824 2737.30004882812 2625 2560.89990234375 2476.80004882812 2517.10009765625 2455.89990234375 2400.80004882812 2365.10009765625 2371.30004882812 2429.69995117188 2452.39990234375 2444.39990234375 2428.39990234375 2478.10009765625 2550.19995117188 2602.19995117188
-3.4e+38 -3.4e+38 -3.4e+38 -3.4e+38 -3.4e+38 -3.4e+38 -3.4e+38 -3.4e+38 -3.4e+38 -3.4e+38 -3.4e+38 -3.4e+38 -3.4e+38 -3.4e+38 2809.39990234375 3205.5 3704.60009765625 4082.39990234375 3900.60009765625 3273.19995117188 2405.60009765625 1598.59997558594 1656.5 1596.30004882812 1710.90002441406 2242.60009765625 2344.5 2858.80004882812 2821.69995117188 2612.89990234375 2750.89990234375 3311.5 3398.30004882812 3355.89990234375 3230.19995117188 3091.80004882812 2962 2848 2773 2672.60009765625 2581.30004882812 2604.30004882812 2520.89990234375 2419.80004882812 2401.80004882812 2388.60009765625 2405.60009765625 2442.89990234375 2516.89990234375 2635.19995117188 2488.60009765625 2506.39990234375 2566.89990234375 2631.60009765625
-3.4e+38 -3.4e+38 -3.4e+38 -3.4e+38 -3.4e+38 -3.4e+38 -3.4e+38 -3.4e+38 -3.4e+38 -3.4e+38 -3.4e+38 -3.4e+38 -3.4e+38 2485.10009765625 2670.30004882812 2967.10009765625 3379.60009765625 3841.5 2841.10009765625 2009.5 1560.5 1464.30004882812 1519.40002441406 1569.80004882812 1998.40002441406 2324.69995117188 2540.60009765625 3551.30004882812 3265.30004882812 3584 3728.10009765625 3760.60009765625 3525.30004882812 3364.10009765625 3259.89990234375 3103.69995117188 2959.80004882812 2857.89990234375 2752.89990234375 2677.39990234375 2571.60009765625 2600.30004882812 2502.69995117188 2463.19995117188 2442.5 2408.30004882812 2434.39990234375 2488.89990234375 2511.10009765625 2592 2483.10009765625 2540.60009765625 2577.39990234375 2644.69995117188
-3.4e+38 -3.4e+38 -3.4e+38 -3.4e+38 -3.4e+38 -3.4e+38 -3.4e+38 -3.4e+38 -3.4e+38 -3.4e+38 -3.4e+38 -3.4e+38 -3.4e+38 2479.89990234375 2505.39990234375 2712.30004882812 3085.80004882812 3095 1907.09997558594 1355.09997558594 1180.59997558594 1201.69995117188 1366.19995117188 1635.5 2020.59997558594 2356.89990234375 3349.60009765625 4191.2998046875 3895.30004882812 3847.80004882812 3802.39990234375 3748.30004882812 3581.39990234375 3407.39990234375 3170.69995117188 3029.39990234375 2897.39990234375 2825.89990234375 2733.89990234375 2668.39990234375 2592.69995117188 2583.60009765625 2523 2501 2478.60009765625 2444.5 2470.5 2488.60009765625 2526.39990234375 2543.39990234375 2623.60009765625 2576.30004882812 2586.69995117188 2650.80004882812
-3.4e+38 -3.4e+38 -3.4e+38 -3.4e+38 -3.4e+38 -3.4e+38 -3.4e+38 -3.4e+38 -3.4e+38 1326.09997558594 1715.40002441406 2113.80004882812 2528.89990234375 2561.30004882812 2386 2472.19995117188 2306.60009765625 1702.40002441406 1233.40002441406 1101.80004882812 1067.80004882812 1105.09997558594 1342.19995117188 1731.69995117188 2103.30004882812 2923.39990234375 3817.89990234375 4028.39990234375 3921.30004882812 3843.10009765625 3814.30004882812 3674.89990234375 3493 3322.80004882812 3117.10009765625 2882.69995117188 2808.89990234375 2764.30004882812 2714.60009765625 2660.80004882812 2604.80004882812 2568.69995117188 2569.5 2531.69995117188 2495.5 2483.89990234375 2516.89990234375 2514.80004882812 2527.10009765625 2552.89990234375 2655.19995117188 2592 2588.19995117188 2639.89990234375
-3.4e+38 -3.4e+38 -3.4e+38 -3.4e+38 -3.4e+38 -3.4e+38 -3.4e+38 1417.30004882812 1368 1532.90002441406 1804.59997558594 2113.30004882812 2326.69995117188 2324.80004882812 2123.60009765625 1982.59997558594 1741.59997558594 1430.19995117188 1057.40002441406 1044.59997558594 1100.40002441406 1151.19995117188 1433.80004882812 1919.40002441406 2988.80004882812 3598.39990234375 3567.89990234375 3697.60009765625 3789.80004882812 3835.89990234375 3740.5 3604.60009765625 3458.30004882812 3248.19995117188 2992.10009765625 2760 2720.39990234375 2717.39990234375 2696.39990234375 2675.10009765625 2649.10009765625 2630.19995117188 2610.39990234375 2572.39990234375 2530.89990234375 2543.89990234375 2563.80004882812 2558 2528.39990234375 2582.30004882812 2607.89990234375 2635.69995117188 2607.80004882812 2635.89990234375
