data/layers/future_layer_mc_585_60/bio11.asc
NCOLS 494 
NROWS 529 
XLLCORNER -117.166666666667 
YLLCORNER -55.5 
CELLSIZE 0.166666666666667 
NODATA_value -3.4e+38 
[rows 24 to 47 of 529, columns 56 to 111 of 494]
8.80000019073486 8.80000019073486 9.10000038146973 8.69999980926514 8.89999961853027 9.80000019073486 9.69999980926514 10.3000001907349 10 11.5 12.5 12.1999998092651 12.8999996185303 13.3999996185303 13.3999996185303 12.5 12.3999996185303 12.6999998092651 12.6999998092651 12.3999996185303 12.6000003814697 12.6000003814697 12.6999998092651 12.6000003814697 12.6000003814697 12.6000003814697 14 14.8000001907349 15.1000003814697 15.5 15.1000003814697 13.3999996185303 13.8999996185303 14.1999998092651 15.6000003814697 15.8999996185303 15.6000003814697 15.3000001907349 15.3999996185303 15.5 15.5 15.3000001907349 15.1999998092651 15.5 15.6000003814697 15.8000001907349 15.8999996185303 16.2000007629395 16.2999992370605 16.2000007629395 16 15.8999996185303 15.8000001907349 15.6999998092651 15.8999996185303 15.8999996185303
9.10000038146973 8.5 9.19999980926514 9 9 9.69999980926514 10.3000001907349 10.6000003814697 11.8000001907349 11.8999996185303 11.3000001907349 12.5 13.1999998092651 13.6000003814697 13.6000003814697 13.3999996185303 13.1000003814697 12.3000001907349 12 12 12.3000001907349 12.3999996185303 12.6999998092651 13 12.8000001907349 13.3999996185303 14.1000003814697 14.3999996185303 14.1000003814697 15.3999996185303 15.5 13.6000003814697 14 14.1000003814697 14.1999998092651 15.3999996185303 15.5 15.6999998092651 15.6000003814697 15.6000003814697 15.6000003814697 15.3000001907349 15.3000001907349 15.3999996185303 15.6000003814697 15.8999996185303 16.1000003814697 16.2000007629395 16.3999996185303 16.2000007629395 16.1000003814697 16.2000007629395 16.2000007629395 16.2000007629395 16.1000003814697 16.2000007629395
7.80000019073486 7.59999990463257 9.10000038146973 8.69999980926514 9.30000019073486 9.69999980926514 10.8000001907349 11.8000001907349 12 12.5 12.1000003814697 13 13.3000001907349 13.6000003814697 13.6000003814697 13.5 13.1999998092651 13.1999998092651 12.1999998092651 12.1000003814697 12.1000003814697 12.3999996185303 12.6999998092651 13.1000003814697 13.1000003814697 13.5 13.6999998092651 14.6000003814697 12.8999996185303 14.8000001907349 14.6999998092651 14.3999996185303 13.8000001907349 14.1999998092651 14.1999998092651 15.1000003814697 15.5 15.6000003814697 15.6999998092651 15.6999998092651 15.6000003814697 15.5 15.5 15.3999996185303 15.6999998092651 15.8999996185303 16 16.2999992370605 16.3999996185303 16.2000007629395 16.1000003814697 16.2000007629395 16.2999992370605 16.2999992370605 16.2999992370605 16.2999992370605
7.5 7.40000009536743 8.10000038146973 8.60000038146973 9.39999961853027 9.80000019073486 11.1000003814697 11.6000003814697 12.1999998092651 12.6999998092651 12.6999998092651 13.1000003814697 13.5 13.6999998092651 13.6999998092651 13.6000003814697 13.5 13.3000001907349 12.8000001907349 12.6999998092651 12.6000003814697 13 13.3999996185303 13.5 13.6000003814697 13.8999996185303 14.1999998092651 14.8000001907349 13.8000001907349 13.8000001907349 14.1999998092651 14.1000003814697 14.1000003814697 14.1999998092651 14.8000001907349 15.1999998092651 15.6999998092651 15.8000001907349 15.8000001907349 15.8000001907349 15.6999998092651 15.6000003814697 15.6000003814697 15.6000003814697 15.6000003814697 15.8999996185303 16.2000007629395 16.5 16.5 16.2999992370605 16.2000007629395 16.2999992370605 16.5 16.3999996185303 16.5 16.5
7.69999980926514 7.69999980926514 7.69999980926514 8.80000019073486 10.1000003814697 10.1000003814697 12.3000001907349 12.3999996185303 12.6999998092651 12.8000001907349 13 13.1999998092651 13.3000001907349 13.5 13.6999998092651 13.8999996185303 13.8000001907349 13.6000003814697 12.8999996185303 12.8000001907349 13 12.8000001907349 13.5 13.8000001907349 13.6999998092651 14 14.8999996185303 15.3999996185303 15.1000003814697 14.8999996185303 13.8999996185303 14.3000001907349 14.1000003814697 14.1000003814697 14.5 14.1999998092651 15.1000003814697 15.6000003814697 16 16.1000003814697 16 16 15.6999998092651 15.6999998092651 15.8999996185303 16.2000007629395 16.2999992370605 16.5 16.5 16.6000003814697 16.3999996185303 16.6000003814697 16.7000007629395 16.7000007629395 16.6000003814697 16.3999996185303
8.60000038146973 8.5 8.69999980926514 9.5 10.6999998092651 9.60000038146973 11.5 12.3999996185303 12.1000003814697 13 12.8999996185303 13 13.3999996185303 13.6999998092651 13.8000001907349 13.8000001907349 13.8999996185303 13.6999998092651 13.6000003814697 13.1000003814697 13.1999998092651 13 13.5 13.6000003814697 14.1000003814697 14.3000001907349 15.1000003814697 15.3999996185303 15.1999998092651 15.3000001907349 13.8000001907349 14.1000003814697 14.3000001907349 14 14.3999996185303 15 15.5 15.3999996185303 15.8000001907349 16.1000003814697 16.1000003814697 16.1000003814697 16.2000007629395 16.2000007629395 16.2999992370605 16.5 16.5 16.6000003814697 16.7000007629395 16.7000007629395 16.7999992370605 16.8999996185303 16.8999996185303 16.8999996185303 16.6000003814697 16.2999992370605
12.3000001907349 10.1000003814697 9.89999961853027 10.8000001907349 11.1000003814697 11.6999998092651 12.6000003814697 12.8000001907349 12.6000003814697 12.8999996185303 12.8999996185303 13.5 14 14 14.3000001907349 14.3999996185303 14.3000001907349 14 13.8000001907349 13 13.1999998092651 13.6999998092651 14 13.3999996185303 14.5 14.6000003814697 14.8999996185303 15.3000001907349 15 15.3000001907349 13.5 13.3999996185303 14.3000001907349 14.1000003814697 14.3999996185303 14.8999996185303 15.6000003814697 15.6999998092651 16 16.1000003814697 16.2000007629395 16.2999992370605 16.2000007629395 16.2999992370605 16.5 16.6000003814697 16.7999992370605 16.7000007629395 16.7999992370605 17.1000003814697 17.2000007629395 17 17.1000003814697 16.7999992370605 16.5 16.5
14.5 12.6000003814697 11.6000003814697 10.8000001907349 10.5 11.5 12.8999996185303 12.1999998092651 13.3000001907349 13.3999996185303 13.3000001907349 13.3999996185303 13.3999996185303 13.6999998092651 14.3000001907349 14.5 14.3000001907349 14.3000001907349 13.3999996185303 13.3999996185303 13 13.6999998092651 13.5 14.3999996185303 14.3000001907349 14.8000001907349 15.3000001907349 15.6999998092651 15.6000003814697 15.3000001907349 14.1000003814697 12.8999996185303 14.3999996185303 14.8000001907349 14.6999998092651 14.1999998092651 15.3999996185303 16.1000003814697 16.1000003814697 16.2000007629395 16.2000007629395 16.2999992370605 16.3999996185303 16.2999992370605 16.7000007629395 16.7999992370605 17.1000003814697 16.8999996185303 17 17.3999996185303 17.3999996185303 17.2999992370605 17.3999996185303 17 16.7999992370605 16.7999992370605
15.3999996185303 12.6999998092651 11.5 11.6999998092651 11.3999996185303 11.5 12.3000001907349 11.1000003814697 13.5 13.6000003814697 13.1000003814697 13.3000001907349 12.8999996185303 13.3000001907349 13.8000001907349 14.3000001907349 14.1999998092651 14.1000003814697 13.6999998092651 13.1000003814697 13.5 13.3999996185303 12.5 14.3999996185303 13.8000001907349 14.6000003814697 15.3000001907349 15.8000001907349 15.8999996185303 15.6999998092651 14.6999998092651 13.5 14.5 15.1000003814697 14.1000003814697 14.3000001907349 15.5 16.5 16.5 16.5 16.2000007629395 16 16.2999992370605 16.7999992370605 16.7999992370605 17 17.2000007629395 17.3999996185303 17.3999996185303 17.5 17.5 17.5 17.5 17.2999992370605 17.2000007629395 17.2000007629395
18.2999992370605 14.8999996185303 12.8999996185303 11.6000003814697 11.5 11.5 11.8000001907349 11.5 13.6999998092651 13.6999998092651 12.6999998092651 12.8999996185303 12.6999998092651 13.3000001907349 13.6000003814697 13.8999996185303 14 14.1000003814697 13.6999998092651 13.3000001907349 13.8999996185303 13.3000001907349 14 14.8000001907349 15.1999998092651 15.6000003814697 15.8999996185303 15.3999996185303 16.1000003814697 15.6999998092651 15 13.6000003814697 13.1999998092651 14.3000001907349 14.6999998092651 14.8999996185303 15.6999998092651 16.2999992370605 16.5 16.7000007629395 16 15.6000003814697 15.8999996185303 16.7999992370605 16.6000003814697 17 17.3999996185303 17.5 17.6000003814697 17.7000007629395 17.7000007629395 17.7999992370605 17.7999992370605 17.6000003814697 17.3999996185303 17.3999996185303
20 15 12.3999996185303 11.8999996185303 11.1999998092651 11.1999998092651 11.5 11.8000001907349 13.6999998092651 13.3999996185303 11.8999996185303 11.8999996185303 12.3000001907349 12.8000001907349 13.1000003814697 13.5 13.6999998092651 13.8000001907349 13.6000003814697 13.6999998092651 14.1000003814697 14.3999996185303 14.8000001907349 15.1000003814697 15.5 15.6999998092651 15.8999996185303 15.1999998092651 16.2000007629395 15.6999998092651 15.5 15.1000003814697 15 15.8000001907349 16.2000007629395 16.5 15.5 16.2000007629395 16.3999996185303 15.8999996185303 16.3999996185303 16.1000003814697 15.8999996185303 17 16.2999992370605 16.8999996185303 17.2999992370605 17.5 17.6000003814697 17.7999992370605 17.8999996185303 17.8999996185303 17.8999996185303 17.7999992370605 17.7000007629395 17.7999992370605
19 18.5 15.8999996185303 12.3999996185303 12.5 11.8999996185303 11.1999998092651 11.3999996185303 12.1999998092651 12.6999998092651 11.3999996185303 10.6000003814697 11.3999996185303 12.3999996185303 12.8000001907349 13.1000003814697 13.1999998092651 13.1000003814697 13.3000001907349 13.5 14 14.6000003814697 15 15.1999998092651 15.3999996185303 15.5 15.6000003814697 15.6000003814697 15.1000003814697 15.1000003814697 15.1000003814697 15.5 15 15.3000001907349 15.5 16.1000003814697 14.6999998092651 15.5 15.8000001907349 15 15.6999998092651 16.3999996185303 16.5 16.7999992370605 16.7000007629395 16.7000007629395 17.3999996185303 17.6000003814697 17.7999992370605 17.8999996185303 18.1000003814697 17.8999996185303 18 17.8999996185303 17.7999992370605 17.7999992370605
15.5 17.6000003814697 15.1000003814697 14.8000001907349 13.6999998092651 13 11.1999998092651 9.39999961853027 9.30000019073486 11.1999998092651 9.69999980926514 10.8000001907349 11.3999996185303 11.8999996185303 12.1999998092651 12.6999998092651 12.6999998092651 12.8999996185303 13.1000003814697 13.8000001907349 14.1999998092651 14.3999996185303 15 15.3000001907349 15.3000001907349 15.1999998092651 15.5 15.3999996185303 15.3000001907349 14.3999996185303 16.2999992370605 16.5 16.7000007629395 16.1000003814697 15.6999998092651 15.3999996185303 15 15 15.5 15.8999996185303 16.1000003814697 16.6000003814697 17 16.7000007629395 17.1000003814697 17 17.5 17.7000007629395 17.8999996185303 17.7999992370605 18 18 18 18 18 17.8999996185303
18.1000003814697 15.8999996185303 15.1000003814697 13 13.6000003814697 11.5 11.8000001907349 9.60000038146973 8.10000038146973 10.1999998092651 8.5 9 11.1000003814697 12 12.3999996185303 12.3000001907349 12.3000001907349 12.8000001907349 13.3999996185303 13.6999998092651 14.3000001907349 14.6999998092651 15 15.1999998092651 15.3000001907349 15.1999998092651 15.5 15.1999998092651 15.8999996185303 15.6999998092651 17 16.6000003814697 15.8000001907349 15.1000003814697 15.6999998092651 16 14.8000001907349 14.3000001907349 15.5 15.6999998092651 16.5 17.2000007629395 17.2000007629395 16.8999996185303 17 17.2000007629395 17.5 17.7000007629395 17.5 17.6000003814697 17.7999992370605 18.1000003814697 18.2000007629395 18.2999992370605 18.2000007629395 18.2999992370605
19.6000003814697 17.2000007629395 16.2999992370605 14.6999998092651 12.6999998092651 11.6000003814697 10.3999996185303 8.5 8 8.80000019073486 9.39999961853027 10.1000003814697 11.8999996185303 12.1999998092651 12 11.6000003814697 11.8999996185303 12.6000003814697 13.3999996185303 14 14.6000003814697 15 15.3999996185303 15.5 15.6000003814697 15.3000001907349 15.6000003814697 15.3000001907349 15.8000001907349 14.6999998092651 16.7999992370605 16.2000007629395 15.3000001907349 14.8999996185303 14.8999996185303 15.8000001907349 16.2999992370605 15.8000001907349 15.8000001907349 15.6000003814697 16.6000003814697 17.1000003814697 17.2000007629395 17.1000003814697 16.8999996185303 17.2000007629395 17.5 17.2999992370605 17.5 17.7999992370605 18 18.1000003814697 18.2000007629395 18.1000003814697 18.5 18.6000003814697
19.6000003814697 19.2999992370605 17.7000007629395 17.8999996185303 12.8000001907349 9.80000019073486 9.19999980926514 8.80000019073486 7.40000009536743 7 8.39999961853027 11.1999998092651 11.8999996185303 13.1000003814697 12.6000003814697 12.1000003814697 11.6000003814697 12.5 13.1999998092651 14 14.6999998092651 15.5 16 16 15.8000001907349 15.3999996185303 15.6000003814697 15.6999998092651 16 16.2000007629395 15.8999996185303 16 15.8000001907349 16 15.3999996185303 15.1000003814697 15.6000003814697 14.5 15.6999998092651 16.5 16.7999992370605 17 17.2999992370605 17.2999992370605 17.3999996185303 17.7000007629395 17.7999992370605 17.1000003814697 17.5 17.8999996185303 18.2000007629395 18.3999996185303 18.5 18.5 18.6000003814697 18.5
20.2999992370605 17.2999992370605 19.3999996185303 18.8999996185303 14.6999998092651 9.80000019073486 9.10000038146973 9 7.80000019073486 7.30000019073486 8 11.3000001907349 11.5 12.8999996185303 13.6999998092651 13.1999998092651 12.8000001907349 12.3000001907349 13.6000003814697 14.1000003814697 14.8999996185303 15.6999998092651 16.2000007629395 16.2000007629395 15.8999996185303 15.3999996185303 15.5 15.6999998092651 16 16.6000003814697 16.3999996185303 16.2999992370605 16.3999996185303 16.3999996185303 16.2000007629395 16.2000007629395 15.6999998092651 14.3000001907349 15.6000003814697 16.5 17 17.2999992370605 17.6000003814697 17.2000007629395 17.3999996185303 17.7999992370605 18 17.8999996185303 17.7000007629395 18 18.2000007629395 18.6000003814697 18.7000007629395 18.7000007629395 18.6000003814697 18.3999996185303
20.7000007629395 17.7999992370605 18.2000007629395 19.2000007629395 15.3999996185303 12.3000001907349 10.3000001907349 10.6000003814697 9.89999961853027 8.60000038146973 9 11.3000001907349 12.1000003814697 11.1000003814697 13.3000001907349 14.1999998092651 14.6999998092651 13.3999996185303 13.6000003814697 13.8999996185303 14.6999998092651 15.6000003814697 15.8000001907349 15.6999998092651 15.6999998092651 15.8000001907349 15.6000003814697 16 16.2999992370605 16.8999996185303 16.8999996185303 16.7999992370605 16.7000007629395 16.7000007629395 16.3999996185303 16.2999992370605 16.2000007629395 15.8000001907349 15.8999996185303 16.2000007629395 16.6000003814697 16.7999992370605 16.8999996185303 17.2999992370605 17.7999992370605 18.3999996185303 17.8999996185303 17.8999996185303 18 17.8999996185303 18.2000007629395 18.5 18.7000007629395 18.7999992370605 18.5 18.2000007629395
21.5 21 19.2999992370605 19.2000007629395 16.1000003814697 10 13.6000003814697 14.1999998092651 9.80000019073486 8.69999980926514 9.89999961853027 8.89999961853027 11.1999998092651 10.1999998092651 13.8000001907349 14.8000001907349 15.3999996185303 15.6999998092651 13.8000001907349 14.3999996185303 15 16.1000003814697 15.3000001907349 14.8000001907349 16.7999992370605 16.7000007629395 16.7000007629395 16.7000007629395 16.7999992370605 17 16.7000007629395 16.8999996185303 17 16.7999992370605 16.7999992370605 16.6000003814697 16.3999996185303 16.2000007629395 16.1000003814697 15.8000001907349 15.8000001907349 16.1000003814697 15 14.1000003814697 16.3999996185303 17.2000007629395 17.6000003814697 17.7999992370605 17.8999996185303 18 18 18.2999992370605 18.6000003814697 18.8999996185303 18.8999996185303 18.7000007629395
21.6000003814697 21.3999996185303 21.2000007629395 20.7999992370605 18.2000007629395 14.1000003814697 16 16.7999992370605 13.3000001907349 9 8.89999961853027 10.8999996185303 12.3000001907349 8.89999961853027 13.1000003814697 15 14.6999998092651 15.5 15.8000001907349 15.5 15.5 17 17 16.3999996185303 16.7000007629395 17 17.1000003814697 17.2000007629395 17.3999996185303 17.3999996185303 17.2999992370605 17.2000007629395 15.8999996185303 15.1999998092651 15.6999998092651 15.6000003814697 16 15.8000001907349 15.8999996185303 15.6000003814697 15.1999998092651 14.6000003814697 13.3000001907349 12 13.3999996185303 15.8999996185303 17.5 18 17.7999992370605 17.7999992370605 18 18.2999992370605 18.7000007629395 19 19.1000003814697 19
22 21.7999992370605 22.2000007629395 21.3999996185303 20.5 19.7999992370605 17.8999996185303 14 13.1000003814697 11 9 9 11.6000003814697 13 13.3999996185303 13 12.1999998092651 13.1000003814697 14.5 16.7999992370605 15.6999998092651 17 17.2000007629395 17.5 17.6000003814697 17.6000003814697 17 16.5 17.1000003814697 17.2000007629395 17.2000007629395 17.5 17.5 17.5 16.2000007629395 15.1000003814697 14.3999996185303 13.6999998092651 13.6000003814697 14.5 14.3000001907349 12.3000001907349 13.5 13 11.6999998092651 14.5 16.7000007629395 17.7999992370605 18 18 17.8999996185303 18.2000007629395 18.6000003814697 19 19.2000007629395 19.1000003814697
21.7000007629395 21.8999996185303 22.2999992370605 21.7999992370605 21 21.1000003814697 20.2000007629395 17.7000007629395 11.5 10.1000003814697 8.60000038146973 8.19999980926514 8.69999980926514 10.3999996185303 13.6000003814697 12.5 12 12.3000001907349 13.6000003814697 16.5 16.7999992370605 16.7000007629395 16.2000007629395 17.2000007629395 17.7000007629395 17.2000007629395 17.2999992370605 16.2000007629395 17 17.2999992370605 17 17.5 17.1000003814697 17.3999996185303 16.6000003814697 16.5 15.6000003814697 13.8999996185303 13.3999996185303 13.5 13.8999996185303 13.6000003814697 14 13.8000001907349 12.5 13.6000003814697 16.3999996185303 17.3999996185303 17.8999996185303 18 18.2000007629395 18.3999996185303 18.7999992370605 19.2999992370605 19.3999996185303 19.2999992370605
21.2999992370605 21.7000007629395 22.2999992370605 22.2000007629395 22.2000007629395 21.8999996185303 20.1000003814697 15.8999996185303 18.2000007629395 16.5 12.8000001907349 8 8.89999961853027 9 12.3999996185303 11.3999996185303 13 13.3999996185303 13.6000003814697 15.6000003814697 16.2999992370605 16 16.5 16.7999992370605 17.6000003814697 17.5 17.3999996185303 17.5 17.2000007629395 17.7999992370605 17.5 17.2000007629395 16.7000007629395 16.2999992370605 16.2999992370605 16.2000007629395 15.3000001907349 15.1000003814697 15 14.5 14.6000003814697 14 14 13.8999996185303 13.8999996185303 12.5 15.6000003814697 16.5 17.7999992370605 18.2000007629395 18.6000003814697 18.6000003814697 18.6000003814697 19.1000003814697 19.2999992370605 19.3999996185303
21 21.1000003814697 21.8999996185303 22.2999992370605 22.3999996185303 22.1000003814697 21.7999992370605 20.6000003814697 21.2999992370605 15.3000001907349 14.8999996185303 10 9.69999980926514 9.10000038146973 11.1000003814697 11.8999996185303 10.8999996185303 13 13.5 15.1000003814697 15.6000003814697 14.3999996185303 15.8999996185303 15.8000001907349 16 15.8000001907349 16.2999992370605 17.7000007629395 18 18.2000007629395 18 17.5 16.7999992370605 15.5 15.1999998092651 16.2000007629395 15.3000001907349 13.8999996185303 15 14.8999996185303 14.3999996185303 14.6000003814697 13.6999998092651 13.8999996185303 13.8999996185303 14.1000003814697 15 15.8999996185303 17.2000007629395 18.2000007629395 18.7000007629395 18.7999992370605 18.2999992370605 18.2999992370605 18.6000003814697 19.1000003814697
