data/layers/future_layer_mc_585_60/bio11.asc
NCOLS 494 
NROWS 529 
XLLCORNER -117.166666666667 
YLLCORNER -55.5 
CELLSIZE 0.166666666666667 
NODATA_value -3.4e+38 
[rows 0 to 23 of 529, columns 56 to 111 of 494]
8 8.80000019073486 8.89999961853027 8.80000019073486 9.10000038146973 8.69999980926514 8.30000019073486 8.19999980926514 9 9 9.10000038146973 9.19999980926514 7.80000019073486 6.80000019073486 7.40000009536743 7.80000019073486 7.80000019073486 8.39999961853027 8.89999961853027 9.19999980926514 9.30000019073486 9.39999961853027 9.39999961853027 9.69999980926514 9.80000019073486 9.80000019073486 9.69999980926514 9.89999961853027 9.80000019073486 9.60000038146973 9.60000038146973 9.69999980926514 9.60000038146973 9.30000019073486 9.10000038146973 9.10000038146973 9.39999961853027 9.89999961853027 10 9.89999961853027 9.80000019073486 9.80000019073486 9.89999961853027 10.1000003814697 10.3000001907349 10.6000003814697 10.6999998092651 10.8000001907349 10.6999998092651 10.6000003814697 10.6999998092651 10.8000001907349 10.8000001907349 10.6000003814697 10.3999996185303 10.3999996185303
9.5 9.60000038146973 9.19999980926514 9 9 9 9.10000038146973 8.5 9.39999961853027 9.19999980926514 9.39999961853027 9.10000038146973 8.69999980926514 8.69999980926514 8.19999980926514 8.39999961853027 8.10000038146973 7.80000019073486 8.69999980926514 9.39999961853027 9.69999980926514 10 10.1000003814697 10.1000003814697 10.3000001907349 10.1000003814697 10.1000003814697 10.1999998092651 10.1999998092651 10 10.1000003814697 10.3000001907349 10.1000003814697 10 9.80000019073486 9.69999980926514 9.5 9.60000038146973 9.80000019073486 10.1000003814697 10.1000003814697 10.1000003814697 10.1000003814697 10.1999998092651 10.1999998092651 10.3000001907349 10.6000003814697 10.8999996185303 10.8999996185303 10.6000003814697 10.6999998092651 10.8999996185303 10.8000001907349 10.5 10.3000001907349 10.5
9.89999961853027 10 9.80000019073486 9.5 9.19999980926514 9.10000038146973 9.69999980926514 8.89999961853027 9.60000038146973 9.19999980926514 9.30000019073486 8.89999961853027 8.69999980926514 9 9 8.89999961853027 9.10000038146973 8 8.30000019073486 9.39999961853027 9.80000019073486 10.1999998092651 10.3999996185303 10.6000003814697 10.6000003814697 10.3000001907349 10.3999996185303 10.3999996185303 10.3000001907349 10.1999998092651 10.1999998092651 10.3999996185303 10.3000001907349 10.1999998092651 10 9.80000019073486 10 9.89999961853027 10 10.1999998092651 10.3000001907349 10.3999996185303 10.3999996185303 10.1000003814697 10 10.1000003814697 10.1000003814697 10.1999998092651 10.5 10.5 10.6000003814697 10.6000003814697 10.6000003814697 10.6000003814697 10.6000003814697 10.6999998092651
9.89999961853027 9.89999961853027 10.1000003814697 9.69999980926514 9.69999980926514 9.30000019073486 9.60000038146973 9.80000019073486 9.5 9.30000019073486 9.30000019073486 8.60000038146973 8.80000019073486 8.80000019073486 9.19999980926514 9.30000019073486 9.30000019073486 7.90000009536743 7.59999990463257 9.5 10.3000001907349 10.3999996185303 10.5 10.8000001907349 10.8000001907349 10.6999998092651 10.6999998092651 10.6999998092651 10.3000001907349 10.3999996185303 10.3999996185303 10.5 10.3999996185303 10.3000001907349 10.3000001907349 10 10 9.89999961853027 9.89999961853027 10.1000003814697 10.3000001907349 10.5 10.6000003814697 10.3000001907349 10.1999998092651 10.1999998092651 10.3999996185303 10.5 10.6999998092651 10.8000001907349 10.8000001907349 10.8000001907349 10.6999998092651 10.6999998092651 10.8000001907349 10.8999996185303
10 10.3999996185303 10.1999998092651 9.89999961853027 10 9.69999980926514 9.39999961853027 10.1000003814697 10 9.5 9.30000019073486 8.60000038146973 8.89999961853027 9 9.30000019073486 9.60000038146973 9.69999980926514 8.60000038146973 8.80000019073486 10.1000003814697 10.5 10.8000001907349 10.6999998092651 10.8999996185303 10.8999996185303 10.6999998092651 10.8999996185303 10.6999998092651 10.5 10.3000001907349 10.6000003814697 10.6000003814697 10.6000003814697 10.6000003814697 10.5 10.3000001907349 10.1999998092651 10 9.89999961853027 10.1000003814697 10.1999998092651 10.1999998092651 10.3000001907349 10.6999998092651 10.6999998092651 10.8000001907349 10.8999996185303 10.8000001907349 10.8000001907349 10.8000001907349 11 11 10.8000001907349 10.8000001907349 11 11.1999998092651
10.1999998092651 10.3999996185303 10.3000001907349 10.1000003814697 9.80000019073486 9.69999980926514 9.39999961853027 9.80000019073486 10.6000003814697 9.89999961853027 9.39999961853027 8.80000019073486 8.80000019073486 9.10000038146973 9.39999961853027 9.5 9.60000038146973 9.39999961853027 9 9.69999980926514 10.3000001907349 10.6999998092651 10.8999996185303 11.1000003814697 11.1000003814697 10.8999996185303 10.6999998092651 10.6999998092651 10.6999998092651 10.6000003814697 10.6999998092651 10.6999998092651 10.6999998092651 10.6999998092651 10.8000001907349 10.6000003814697 10.3000001907349 10.1000003814697 10 10.1000003814697 10.3000001907349 10.3999996185303 10.3999996185303 10.3000001907349 10.6999998092651 11 11.1000003814697 11 11.1000003814697 11 11.1999998092651 11.1000003814697 11.1000003814697 11.1000003814697 11.1000003814697 11.3000001907349
10.5 10.6000003814697 10.3000001907349 10 9.69999980926514 9.60000038146973 9.60000038146973 9.60000038146973 10 10.1000003814697 9.39999961853027 9.19999980926514 8.80000019073486 9.10000038146973 9.30000019073486 9.30000019073486 9.30000019073486 9.69999980926514 9.39999961853027 9.30000019073486 10.1999998092651 10.6000003814697 10.8000001907349 11.1000003814697 11.1000003814697 11.1000003814697 11 10.8000001907349 10.6999998092651 10.8000001907349 11.1000003814697 10.8999996185303 10.8000001907349 11 10.8000001907349 10.6000003814697 10.3999996185303 10.3000001907349 10.1000003814697 10.1000003814697 10.3000001907349 10.5 10.6000003814697 10.8000001907349 10.8999996185303 11.1999998092651 11.3999996185303 11.5 11.3000001907349 11.3000001907349 11.5 11.3999996185303 11.3999996185303 11.3999996185303 11.3999996185303 11.5
10 10.3999996185303 10.3999996185303 10.1000003814697 10 9.80000019073486 9.69999980926514 9.69999980926514 9.60000038146973 9.80000019073486 9.89999961853027 9.5 9.30000019073486 9 9.10000038146973 9 8.80000019073486 8.89999961853027 9.89999961853027 9.5 10 10.5 10.8999996185303 11.1000003814697 11.1999998092651 11.3000001907349 11.1999998092651 10.8999996185303 10.8999996185303 10.8000001907349 11 11.1999998092651 11.6000003814697 11.5 11.1000003814697 10.8999996185303 10.6999998092651 10.6000003814697 10.3999996185303 10.3999996185303 10.5 10.6000003814697 10.8999996185303 11.1000003814697 11.5 11.6999998092651 11.8000001907349 11.8000001907349 11.8000001907349 11.8000001907349 11.8000001907349 11.6000003814697 11.6000003814697 11.8000001907349 11.6999998092651 11.6999998092651
9.89999961853027 10.3999996185303 10.5 10.3000001907349 10.1000003814697 9.80000019073486 9.89999961853027 9.80000019073486 9.30000019073486 9.19999980926514 9.5 9.69999980926514 9.80000019073486 9.5 9.10000038146973 9.10000038146973 8.80000019073486 9 9.89999961853027 9.80000019073486 9.80000019073486 10.6000003814697 11 11.3000001907349 11.3999996185303 11.6000003814697 11.3000001907349 11.1000003814697 11.3000001907349 11.1000003814697 11.1999998092651 11.3999996185303 11.6999998092651 11.6000003814697 11.3000001907349 11.1999998092651 11.1000003814697 10.8000001907349 10.6000003814697 10.6000003814697 10.3999996185303 10.5 10.8000001907349 11.1999998092651 11.3000001907349 11.5 11.6999998092651 11.6000003814697 11.6000003814697 11.6999998092651 11.6999998092651 11.6000003814697 11.6999998092651 11.8000001907349 11.8999996185303 11.8000001907349
10 10.3999996185303 10.8000001907349 10.8999996185303 10.5 9.89999961853027 10 10.1000003814697 9.80000019073486 9.39999961853027 9.19999980926514 9 9.69999980926514 10 9.60000038146973 9.39999961853027 9.5 9.80000019073486 10.1999998092651 10.1000003814697 9.69999980926514 10.1999998092651 10.8000001907349 11.3999996185303 11.6000003814697 11.6999998092651 11.3999996185303 11.3000001907349 11.5 11.3999996185303 11.6000003814697 11.8000001907349 11.8999996185303 11.8999996185303 11.6000003814697 11.1000003814697 10.8999996185303 10.6999998092651 10.6000003814697 10.6000003814697 10.6000003814697 10.6999998092651 10.6999998092651 10.8999996185303 11.1000003814697 11.1000003814697 11.3000001907349 11.5 11.6000003814697 11.6000003814697 11.6000003814697 11.6000003814697 11.6000003814697 11.8000001907349 11.8000001907349 11.8000001907349
9.5 10.3000001907349 11 11 10.8000001907349 10.1999998092651 10.1000003814697 10.3999996185303 10.1999998092651 9.69999980926514 9.10000038146973 9 9.10000038146973 9.69999980926514 10.1999998092651 10.1999998092651 9.69999980926514 9.89999961853027 10.1999998092651 10.3000001907349 10.1999998092651 9.89999961853027 10.1000003814697 11.3999996185303 11.6000003814697 11.6000003814697 11.5 11.5 11.6000003814697 11.8000001907349 11.8999996185303 11.8999996185303 12 11.8999996185303 11.6000003814697 11.5 11.1000003814697 10.8000001907349 10.8000001907349 10.8000001907349 10.8000001907349 10.8000001907349 10.8000001907349 10.8999996185303 11.1000003814697 11.1999998092651 11.3000001907349 11.5 11.6000003814697 11.6000003814697 11.6000003814697 11.6999998092651 11.8000001907349 11.8999996185303 12 12
9.89999961853027 10.1999998092651 10.8000001907349 10.8999996185303 10.8999996185303 9.89999961853027 10.1999998092651 10.1000003814697 10.1000003814697 9.69999980926514 9.10000038146973 9 8.89999961853027 9 9.80000019073486 10.6999998092651 11 10.6999998092651 10.3999996185303 10.5 10.5 9.69999980926514 9.5 10.1999998092651 10.6999998092651 11.3999996185303 11.6000003814697 11.3999996185303 11.5 11.5 11.6000003814697 11.5 11.3000001907349 11.3000001907349 11.3999996185303 11.5 11.3999996185303 11.1999998092651 11 10.8999996185303 11 10.8999996185303 11 11 11.1000003814697 11.3000001907349 11.3999996185303 11.5 11.6000003814697 11.6999998092651 11.6999998092651 11.8000001907349 12.1000003814697 12.3000001907349 12.3999996185303 12.5
9.60000038146973 10 10.8999996185303 10.8000001907349 10.8000001907349 10.8000001907349 10.6000003814697 10.5 10.3999996185303 9.80000019073486 9.39999961853027 9.19999980926514 9.19999980926514 9.19999980926514 9.5 10.5 11 11.3999996185303 11.3999996185303 10.6999998092651 10.6999998092651 10.1999998092651 9.69999980926514 10.3999996185303 10.6000003814697 11.1000003814697 11.5 11.3999996185303 11.3000001907349 11.3000001907349 11.6000003814697 11.5 11.3999996185303 11.3999996185303 11.6000003814697 11.6999998092651 11.6999998092651 11.5 11.3000001907349 11.1999998092651 11.1999998092651 11.1999998092651 11.1999998092651 11.1999998092651 11.3999996185303 11.5 11.5 11.6000003814697 11.6999998092651 11.8999996185303 11.8999996185303 12.1999998092651 12.3000001907349 12.6000003814697 12.6999998092651 12.6000003814697
10.3000001907349 10.6999998092651 11.1000003814697 11 10.8999996185303 10.6999998092651 10.5 10.6000003814697 10.1000003814697 9.69999980926514 9.39999961853027 8.89999961853027 9.39999961853027 9.80000019073486 9.89999961853027 10.6999998092651 11.1000003814697 11.5 12.1999998092651 10.6999998092651 10.6999998092651 10.6000003814697 10.3000001907349 10.3999996185303 10.8000001907349 11.1000003814697 11.1999998092651 10.6999998092651 10.6999998092651 10.8999996185303 11.3000001907349 11.5 11.5 11.6000003814697 11.8000001907349 11.8999996185303 11.8999996185303 11.6999998092651 11.6000003814697 11.5 11.5 11.5 11.6999998092651 11.6999998092651 11.6999998092651 11.6999998092651 11.6999998092651 11.8000001907349 11.8999996185303 11.8999996185303 12 12.1000003814697 12.1999998092651 12.3000001907349 12.6000003814697 12.6999998092651
10.5 11 11.3000001907349 11.1000003814697 10.8000001907349 10.8000001907349 10.6000003814697 10.1999998092651 9.89999961853027 9.30000019073486 9.19999980926514 9.30000019073486 9.60000038146973 10 10 10.8000001907349 11.3999996185303 11.3000001907349 12.3999996185303 12 10.6000003814697 10.5 10.5 10.3999996185303 10.5 10.6000003814697 10.8999996185303 11.1000003814697 11.1000003814697 11.1000003814697 11.5 11.6999998092651 11.6999998092651 11.8999996185303 12.1000003814697 12.1999998092651 12.1000003814697 12 11.8999996185303 12 12 12.1000003814697 12.3000001907349 12.1000003814697 12.1000003814697 12.1999998092651 12 11.8999996185303 11.8999996185303 11.8999996185303 12 12 12.1999998092651 12.5 12.6999998092651 12.6999998092651
10.6000003814697 11.3000001907349 11.3000001907349 11.3999996185303 11 10.8000001907349 10.1000003814697 9.39999961853027 9.5 9.30000019073486 9.60000038146973 9.89999961853027 10.1000003814697 10.3999996185303 10.1999998092651 10.6999998092651 11.5 11.3000001907349 12.6000003814697 12.3999996185303 10.6999998092651 10.6999998092651 11.1000003814697 10.8999996185303 10.8000001907349 11.1000003814697 11.5 11.6999998092651 11.6999998092651 11.6999998092651 11.8999996185303 12.1999998092651 12.3999996185303 12.5 12.6999998092651 12.6999998092651 12.6000003814697 12.6000003814697 12.6000003814697 12.6000003814697 12.5 12.6000003814697 12.6000003814697 12.5 12.3999996185303 12.5 12.1999998092651 12.1000003814697 12.1000003814697 12.1000003814697 12 12.1000003814697 12.1999998092651 12.5 12.6999998092651 12.6999998092651
8.80000019073486 11 11 11.1000003814697 11.1000003814697 10.8000001907349 10.6999998092651 9.89999961853027 9.19999980926514 9.39999961853027 9.39999961853027 9.60000038146973 10.1000003814697 10.3999996185303 10.1000003814697 10 11 11.3000001907349 12.8000001907349 13.1999998092651 11.5 11.6000003814697 12 11.8000001907349 11.8999996185303 11.6999998092651 11.6999998092651 12.3000001907349 12 12.3000001907349 12.5 12.8000001907349 13.1999998092651 13.1999998092651 13.1000003814697 13.1000003814697 13.1000003814697 13 13.1999998092651 13.3000001907349 13.1999998092651 13.1999998092651 13 12.8000001907349 12.6000003814697 12.5 12.5 12.1999998092651 12.1999998092651 12.1000003814697 12.1999998092651 12.3000001907349 12.5 12.6000003814697 12.8000001907349 12.8999996185303
8.5 9.19999980926514 10.8000001907349 10 10.8999996185303 10.1999998092651 10.6000003814697 10 9.30000019073486 9.69999980926514 9.89999961853027 10 10.3999996185303 10.5 10.1999998092651 10.1000003814697 11.1000003814697 12 12.5 14.3000001907349 14 13.1000003814697 12.8000001907349 12.3999996185303 12.3999996185303 11.8999996185303 12 12.5 13.1000003814697 13 13.1999998092651 13.3999996185303 13.6000003814697 13.6999998092651 13.6999998092651 13.6999998092651 13.6999998092651 13.6999998092651 13.8000001907349 13.8999996185303 13.6999998092651 13.6999998092651 13.5 13.1999998092651 12.8999996185303 12.6999998092651 12.8000001907349 12.6999998092651 12.6999998092651 12.6999998092651 12.6000003814697 12.8999996185303 13 13 13 13.1000003814697
8.39999961853027 8.30000019073486 10.3000001907349 9.30000019073486 10.3999996185303 9 8.80000019073486 9.80000019073486 10.1999998092651 10.1999998092651 10.8000001907349 10.8999996185303 10.6999998092651 10.6999998092651 10.1999998092651 10.5 11.8999996185303 13.1000003814697 13.1999998092651 14.3999996185303 14.6999998092651 14.6000003814697 13.5 12.3999996185303 12.5 12.6999998092651 12.6999998092651 13.1000003814697 13.1999998092651 13.6000003814697 13.8000001907349 13.6000003814697 13.8000001907349 14.1999998092651 14.1999998092651 14.1999998092651 14.3000001907349 14.3000001907349 14.1999998092651 14.3999996185303 14.3999996185303 14.5 14.3000001907349 14.1000003814697 13.5 13.3000001907349 13.3000001907349 13.1999998092651 13.1999998092651 13.3000001907349 13.3000001907349 13.3000001907349 13.3000001907349 13.3999996185303 13.6000003814697 14.1999998092651
8.19999980926514 8.30000019073486 10.3000001907349 9.80000019073486 9.89999961853027 9.39999961853027 8.30000019073486 8.89999961853027 10.3999996185303 10.6999998092651 11.3000001907349 11.6999998092651 11.6000003814697 11.1999998092651 10.6999998092651 11.1999998092651 12.3999996185303 13.3999996185303 12.8000001907349 13.5 14.6999998092651 14.6999998092651 14 13.1000003814697 12.8000001907349 13.6000003814697 13.3000001907349 13.3999996185303 13.6000003814697 13.6000003814697 14.1999998092651 13.8999996185303 14.3999996185303 14.3999996185303 14.8999996185303 15 14.8999996185303 15 14.8000001907349 14.8000001907349 14.6999998092651 14.6999998092651 14.6000003814697 14.3999996185303 14.3999996185303 14.1000003814697 13.8999996185303 14 13.8999996185303 14.1000003814697 13.8999996185303 13.8999996185303 14 14.1999998092651 14.3000001907349 14.8999996185303
8.10000038146973 8.19999980926514 10.1000003814697 9.80000019073486 9.89999961853027 9.89999961853027 9.10000038146973 8.5 10.1000003814697 10.8999996185303 11.3000001907349 12.1000003814697 11.8999996185303 11.8000001907349 11.6999998092651 12.3999996185303 13.1000003814697 13.1000003814697 12.6000003814697 12.3000001907349 13.8999996185303 14 13 13.8999996185303 14.1999998092651 14.3999996185303 13.8999996185303 13 14.8000001907349 14.3999996185303 13.3000001907349 13.8999996185303 14.6999998092651 14.8999996185303 15.1999998092651 15.6999998092651 15.8000001907349 15.5 15.3000001907349 15.1000003814697 15 14.8999996185303 14.8000001907349 14.6999998092651 14.6999998092651 14.6000003814697 14.5 14.6000003814697 14.6000003814697 14.6000003814697 14.6000003814697 14.5 14.6000003814697 14.6000003814697 14.8000001907349 14.8000001907349
8.39999961853027 8.89999961853027 10 9.10000038146973 9.5 9.60000038146973 9.30000019073486 8.80000019073486 10.5 11.1999998092651 11.3000001907349 12.1999998092651 11.8999996185303 11.8999996185303 12 13 13.5 12.8000001907349 12.8999996185303 13.1000003814697 13.3000001907349 12.5 12.1000003814697 13.5 14.3999996185303 14 14.8999996185303 15.1000003814697 14.8000001907349 14.8000001907349 13.8000001907349 12.6999998092651 14.8000001907349 14.3999996185303 13.3000001907349 15.3999996185303 15.8999996185303 15.6999998092651 15.6000003814697 15.3000001907349 15.1000003814697 15.1000003814697 15 14.8999996185303 15 15.1000003814697 15.1999998092651 15.1000003814697 15 14.8999996185303 14.8999996185303 14.8000001907349 14.8000001907349 15 15.1000003814697 15.1000003814697
8.80000019073486 9.19999980926514 10 9.19999980926514 9.10000038146973 9 9 8.5 10.3000001907349 11.6000003814697 11.8000001907349 12.6000003814697 12.3999996185303 12.5 12.8999996185303 13.1999998092651 12.8000001907349 13 13.3000001907349 13.3000001907349 13 12.1000003814697 12.1999998092651 13.1999998092651 13.6999998092651 14.5 15.1000003814697 15.3000001907349 14.3999996185303 14.8000001907349 15.1000003814697 13 14.1999998092651 14.1999998092651 13.8000001907349 15.1000003814697 15.3000001907349 15.6000003814697 15.5 15.5 15.3000001907349 15.3000001907349 15.1999998092651 15.1000003814697 15.3000001907349 15.3000001907349 15.5 15.6000003814697 15.5 15.3000001907349 15.1999998092651 15 15.1999998092651 15.1999998092651 15.3999996185303 15.5
8.80000019073486 9 8.60000038146973 9.30000019073486 9.69999980926514 9.69999980926514 9 8.80000019073486 9.80000019073486 11.5 12.5 12.6999998092651 13 13.3000001907349 13.1000003814697 12.3999996185303 12.3000001907349 13.1000003814697 13.3000001907349 13.1999998092651 13 12.3999996185303 12.3000001907349 12.6000003814697 12.6999998092651 13.5 14.8000001907349 15.1000003814697 14.8999996185303 15 14.8999996185303 14.3999996185303 14.3999996185303 15.1999998092651 14.5 15.5 15.5 15.3999996185303 15.5 15.6000003814697 15.3999996185303 15.3000001907349 15.1999998092651 15.5 15.6999998092651 15.6999998092651 15.6999998092651 16 16 15.8999996185303 15.6000003814697 15.5 15.5 15.5 15.6000003814697 15.6999998092651
