data/layers/future_layer_mc_585_60/bio13.asc
NCOLS 494 
NROWS 529 
XLLCORNER -117.166666666667 
YLLCORNER -55.5 
CELLSIZE 0.166666666666667 
NODATA_value -3.4e+38 
[rows 408 to 431 of 529, columns 270 to 323 of 494]
177.100006103516 178.699996948242 181.100006103516 181.100006103516 181.800003051758 176.899993896484 165.300003051758 158.800003051758 138.600006103516 114.900001525879 97.4000015258789 101.300003051758 93 98.4000015258789 80.0999984741211 65.3000030517578 65.4000015258789 53.9000015258789 45.5999984741211 37 36.0999984741211 37.5999984741211 38.2999992370605 38.2000007629395 38.9000015258789 40.2000007629395 41.9000015258789 42.9000015258789 45 47.7999992370605 51.0999984741211 54.7999992370605 59.5 63.9000015258789 67.9000015258789 72.5 75.8000030517578 79.4000015258789 81.5999984741211 85.4000015258789 91.0999984741211 96.5 102.800003051758 108.800003051758 114.800003051758 120.599998474121 125.900001525879 131.100006103516 134.100006103516 137.199996948242 142 145.800003051758 147.800003051758 147.899993896484
175.800003051758 176.399993896484 177.800003051758 180.800003051758 181.199996948242 174.300003051758 168.399993896484 155.699996948242 125.900001525879 114.300003051758 99.5999984741211 100.800003051758 96.1999969482422 102 80 62.9000015258789 55 49.7000007629395 45.0999984741211 37.9000015258789 36.7999992370605 38.4000015258789 40.5999984741211 38.9000015258789 38.9000015258789 40.2999992370605 42.2000007629395 43.7999992370605 45.5999984741211 47.4000015258789 50.2999992370605 54.0999984741211 59.0999984741211 63.9000015258789 68.0999984741211 72.5 75.8000030517578 79.5 84.9000015258789 90.9000015258789 96.9000015258789 101.300003051758 105.300003051758 110.199996948242 115.5 120.599998474121 124.800003051758 128.300003051758 131.300003051758 136.199996948242 142.100006103516 142.300003051758 141.199996948242 139.5
171.399993896484 172.100006103516 174.399993896484 179.300003051758 185.5 177.899993896484 173.100006103516 155.800003051758 137.100006103516 117.300003051758 102.699996948242 97.8000030517578 101.699996948242 96.6999969482422 79.3000030517578 66 54.5999984741211 49.5 47.0999984741211 38.7999992370605 37.0999984741211 37.5 38.7999992370605 38.9000015258789 39.4000015258789 40.5999984741211 43.0999984741211 44.5999984741211 46.2999992370605 48.2999992370605 50.0999984741211 53.4000015258789 58.4000015258789 63.7999992370605 68.3000030517578 72.5 76.0999984741211 83.0999984741211 89.3000030517578 95.8000030517578 102 105.300003051758 109.099998474121 112.199996948242 114.5 118.800003051758 122 124.400001525879 126.699996948242 132.5 137.899993896484 135.600006103516 132.699996948242 130.899993896484
164.800003051758 170.5 178.300003051758 187.699996948242 191.600006103516 183.800003051758 174.899993896484 154.699996948242 133.399993896484 119.599998474121 102.599998474121 97.8000030517578 105.599998474121 94.9000015258789 68.1999969482422 70.5 57 47.4000015258789 43.5 37.7999992370605 35.9000015258789 36.4000015258789 37.7999992370605 38.4000015258789 39.4000015258789 40.7999992370605 43.2000007629395 44.9000015258789 47 49 50.9000015258789 52.7999992370605 57.9000015258789 63.9000015258789 69.4000015258789 73.4000015258789 78.4000015258789 86.3000030517578 93.5 100.300003051758 105.900001525879 109.199996948242 111 112.199996948242 113.400001525879 117.199996948242 119.099998474121 119.300003051758 120.599998474121 124.900001525879 126.800003051758 124.599998474121 123.099998474121 122.699996948242
163.300003051758 172.199996948242 186.100006103516 205.100006103516 205.300003051758 187.300003051758 161.600006103516 151.399993896484 126.300003051758 111.699996948242 104.5 97.8000030517578 98.4000015258789 95.9000015258789 63.5 60.0999984741211 56.7000007629395 45.9000015258789 41.2999992370605 37.0999984741211 35.2999992370605 35.4000015258789 36.5 37.5999984741211 39.0999984741211 40.5 43.0999984741211 45.4000015258789 47.4000015258789 49.7999992370605 52.0999984741211 54.2000007629395 58.2999992370605 65.8000030517578 71.3000030517578 74.4000015258789 80.3000030517578 89.1999969482422 96.3000030517578 104.300003051758 109.400001525879 111.599998474121 111.400001525879 111.800003051758 111.599998474121 113 114.099998474121 113.599998474121 113.900001525879 117.099998474121 117.400001525879 114.800003051758 114.699996948242 114.300003051758
169.899993896484 179.600006103516 195.899993896484 222.300003051758 213.399993896484 185.699996948242 159.800003051758 150.899993896484 124.900001525879 110.199996948242 100.900001525879 97.5999984741211 94.4000015258789 82.4000015258789 64 51.0999984741211 49.7000007629395 42.7999992370605 39.7999992370605 35 33.2999992370605 33.7999992370605 35.5999984741211 36.9000015258789 38.5 40.4000015258789 42.5999984741211 45.7000007629395 47.7000007629395 50.2000007629395 53 55.7000007629395 61.2999992370605 70.5999984741211 74.5999984741211 76.0999984741211 81.5999984741211 89.0999984741211 96.5 104.599998474121 110.599998474121 110 108.900001525879 107.300003051758 107.300003051758 108.300003051758 109 108.099998474121 109.099998474121 110.400001525879 110.599998474121 110.099998474121 109.400001525879 109.599998474121
180.100006103516 188.199996948242 206.899993896484 224.800003051758 206.100006103516 185.300003051758 161.699996948242 143.399993896484 124.5 109.800003051758 101.599998474121 94.5999984741211 94.0999984741211 85.3000030517578 60.2000007629395 49.7999992370605 52.5 58.9000015258789 43.7999992370605 32.7999992370605 31.1000003814697 32.5999984741211 34.4000015258789 36 37.5999984741211 39.7999992370605 41.9000015258789 45.0999984741211 47.9000015258789 50.2999992370605 52.9000015258789 57.5999984741211 68.9000015258789 77.0999984741211 77.6999969482422 78.0999984741211 82.4000015258789 87.5999984741211 93.5 99.4000015258789 104.099998474121 104.800003051758 103.699996948242 102.099998474121 102 102.900001525879 106.199996948242 107.199996948242 104.699996948242 105.599998474121 105.599998474121 105.800003051758 106 106.800003051758
188.899993896484 198.100006103516 215.600006103516 224.300003051758 206.899993896484 189.800003051758 174.300003051758 142.800003051758 125.099998474121 113.099998474121 100.5 93.4000015258789 76.9000015258789 67.3000030517578 50.0999984741211 48.2999992370605 44.9000015258789 38.0999984741211 32.5999984741211 29.2999992370605 29.2999992370605 31.2999992370605 33.2000007629395 34.9000015258789 36.4000015258789 38.5999984741211 41 44.4000015258789 47.0999984741211 49.5999984741211 52.5999984741211 59.7000007629395 71.3000030517578 77.8000030517578 77 76.8000030517578 78.9000015258789 84.6999969482422 88.8000030517578 92.5 95.9000015258789 96.9000015258789 96.4000015258789 95.1999969482422 94.9000015258789 96.8000030517578 103.199996948242 106.400001525879 99.8000030517578 99.3000030517578 100.800003051758 101.800003051758 102.599998474121 103.400001525879
202.800003051758 211.899993896484 219.600006103516 217.800003051758 209.300003051758 198.600006103516 166.199996948242 140.300003051758 126.599998474121 111.800003051758 96.8000030517578 92.9000015258789 69.8000030517578 53.5999984741211 46.4000015258789 43.7999992370605 39.4000015258789 34.5999984741211 29 26.6000003814697 27.6000003814697 29.8999996185303 31.7999992370605 33.4000015258789 35.4000015258789 37.7999992370605 40.0999984741211 42.7999992370605 46.0999984741211 48.5999984741211 52.2999992370605 58.4000015258789 65.9000015258789 71.0999984741211 72.8000030517578 72.5999984741211 74.9000015258789 78 82.3000030517578 85.4000015258789 88 88.9000015258789 88.8000030517578 87.0999984741211 86.8000030517578 89 92.4000015258789 93.3000030517578 92.0999984741211 93.8000030517578 95.1999969482422 97.4000015258789 98.9000015258789 100.599998474121
218.399993896484 226.600006103516 225.300003051758 221.100006103516 200.300003051758 188.800003051758 164.199996948242 146.399993896484 127.300003051758 115.300003051758 96.5999984741211 94.4000015258789 81.8000030517578 52.2999992370605 44.2000007629395 40.7999992370605 33 30 27.2999992370605 25.2999992370605 26.5 28.7999992370605 30.6000003814697 32.2999992370605 34.2999992370605 36.5999984741211 38.9000015258789 41.5 44.7999992370605 47.4000015258789 50.9000015258789 55.0999984741211 60.2999992370605 64 65.5999984741211 67.3000030517578 70.5999984741211 73.0999984741211 75.9000015258789 78.5999984741211 79.9000015258789 80.6999969482422 80.3000030517578 78.8000030517578 78.5 79.9000015258789 81.8000030517578 83.3000030517578 84.8000030517578 87.8000030517578 91.4000015258789 93.4000015258789 95.4000015258789 98.0999984741211
231.300003051758 233.199996948242 225.899993896484 225.100006103516 210.300003051758 193.800003051758 165.699996948242 142.5 123.599998474121 111.900001525879 88.4000015258789 87.3000030517578 92.3000030517578 54.2999992370605 40.0999984741211 34.5 31.2999992370605 27.7999992370605 25.1000003814697 24.1000003814697 25.3999996185303 27.3999996185303 29.2000007629395 31.1000003814697 33 35.5 37.5999984741211 40 43 45.7999992370605 48.9000015258789 52.2000007629395 55 57.7000007629395 60.2999992370605 63.2000007629395 66 68.3000030517578 70.3000030517578 72.6999969482422 73.6999969482422 73.3000030517578 72.5 72.3000030517578 73.9000015258789 75.0999984741211 75.5999984741211 76.4000015258789 78.4000015258789 82.8000030517578 87.3000030517578 90.9000015258789 92.8000030517578 95.5999984741211
226.300003051758 227.699996948242 227.600006103516 231.100006103516 214.800003051758 199.600006103516 173.100006103516 148.300003051758 121.099998474121 108.300003051758 76.0999984741211 64.3000030517578 77.3000030517578 53.9000015258789 38.7000007629395 31.7999992370605 28.3999996185303 27.5 26.6000003814697 22.3999996185303 24.1000003814697 25.8999996185303 27.8999996185303 29.7999992370605 31.7999992370605 34 36.4000015258789 38.4000015258789 40.7999992370605 43.7000007629395 46.4000015258789 48.7999992370605 51.0999984741211 53.7999992370605 56.5999984741211 59.0999984741211 62.9000015258789 64.3000030517578 65.5999984741211 66.4000015258789 66.5999984741211 66.4000015258789 67.0999984741211 68.3000030517578 69.3000030517578 70.9000015258789 72.1999969482422 72.9000015258789 74.9000015258789 79.0999984741211 83.5 88.0999984741211 89.3000030517578 92.1999969482422
215.100006103516 221.300003051758 249 251.600006103516 215.600006103516 202.600006103516 175.300003051758 154.100006103516 124.599998474121 97.4000015258789 71.8000030517578 50.2000007629395 45.0999984741211 40.0999984741211 35.2999992370605 29.7999992370605 27.1000003814697 26.1000003814697 24 23.1000003814697 23.1000003814697 24.7000007629395 26.6000003814697 28.3999996185303 30.6000003814697 32.7000007629395 34.9000015258789 37.4000015258789 39.7000007629395 41.7999992370605 44.0999984741211 46.9000015258789 48.4000015258789 50.5999984741211 52.9000015258789 54.7999992370605 57.2000007629395 59.5 61.5 62.2999992370605 62 61.9000015258789 63.0999984741211 64.5999984741211 65.9000015258789 66.9000015258789 68.3000030517578 70.9000015258789 73.4000015258789 76.6999969482422 80.3000030517578 83.1999969482422 86.0999984741211 89.8000030517578
215.800003051758 234.100006103516 283.100006103516 277.200012207031 232.800003051758 203.699996948242 182.699996948242 163.800003051758 144.199996948242 112.400001525879 87.5 53.9000015258789 40.2999992370605 33.5 31.3999996185303 27.1000003814697 25.8999996185303 22.3999996185303 20.1000003814697 20.6000003814697 21.8999996185303 23.7999992370605 25.7999992370605 27.7999992370605 29.8999996185303 31.6000003814697 33.7000007629395 35.7999992370605 37.7999992370605 39.9000015258789 42.0999984741211 44.7999992370605 46.7999992370605 48.2999992370605 49.9000015258789 51.5999984741211 54 56.5 58.9000015258789 59.2999992370605 59.5999984741211 59.5999984741211 59.7000007629395 61.2999992370605 63.2000007629395 64.5999984741211 66.3000030517578 68.3000030517578 72.1999969482422 75.0999984741211 77.8000030517578 80.5 83.6999969482422 87.5999984741211
232.800003051758 265 306.200012207031 297.399993896484 275 236.300003051758 191.300003051758 165.399993896484 131.100006103516 99.9000015258789 81.8000030517578 53.0999984741211 39.5 32 28.2999992370605 24.2999992370605 24 21.2999992370605 18.7999992370605 21.1000003814697 21.1000003814697 22.8999996185303 26.2000007629395 28.3999996185303 30.3999996185303 32.0999984741211 33 34.5999984741211 36.5999984741211 38.5999984741211 40.4000015258789 42.5999984741211 45.0999984741211 46.7000007629395 48 49.4000015258789 51.5 54.2000007629395 55.0999984741211 55.4000015258789 56.4000015258789 56.2999992370605 57 58.2000007629395 59.5999984741211 61.7000007629395 64.6999969482422 66.9000015258789 70.4000015258789 74 76.8000030517578 78.8000030517578 82 85.9000015258789
261.600006103516 329.299987792969 342 332.100006103516 246.600006103516 221.899993896484 180.899993896484 170.899993896484 125.099998474121 93.5 76.9000015258789 52.2999992370605 40.4000015258789 32.2000007629395 25.8999996185303 23 21.2999992370605 21.3999996185303 20.5 20.5 21.7999992370605 25.6000003814697 27.1000003814697 29.6000003814697 32.2000007629395 32.9000015258789 32.9000015258789 33.5 34.9000015258789 36.9000015258789 38.7999992370605 40.7999992370605 42.7999992370605 45.0999984741211 46.7000007629395 48.2999992370605 49.5999984741211 51.4000015258789 52.4000015258789 52.9000015258789 52.7000007629395 52.9000015258789 53.5999984741211 55.7999992370605 57.5 59.2999992370605 61.7999992370605 64.9000015258789 68.3000030517578 72.9000015258789 76.5 77.9000015258789 80.9000015258789 84
283.600006103516 347.200012207031 354.5 310.100006103516 312.399993896484 241.399993896484 184.5 167.800003051758 122.5 90.0999984741211 70.5999984741211 48.0999984741211 36.9000015258789 30.3999996185303 24.8999996185303 21.3999996185303 19 19.2999992370605 22.6000003814697 25.7000007629395 26.3999996185303 27.8999996185303 27.7000007629395 29.7999992370605 31.8999996185303 33.5 33.2999992370605 32.7999992370605 33.2999992370605 35.2999992370605 37.2999992370605 39.4000015258789 41.2999992370605 43.5999984741211 45.5999984741211 46.9000015258789 48.4000015258789 50.0999984741211 50.4000015258789 50.7000007629395 50.5 51.0999984741211 51.9000015258789 53.5999984741211 55 56.5999984741211 58.9000015258789 61.7000007629395 65.5 69 73.3000030517578 75.6999969482422 78.0999984741211 81.8000030517578
270.700012207031 332.100006103516 313.899993896484 304.100006103516 275.600006103516 244.300003051758 186.600006103516 162.399993896484 123.800003051758 84.5999984741211 69.3000030517578 47.5999984741211 34.2000007629395 28.1000003814697 23.7999992370605 19.3999996185303 17.6000003814697 17.6000003814697 20.6000003814697 22.3999996185303 25.3999996185303 27.2000007629395 26.2999992370605 28.5 29.8999996185303 31.8999996185303 32.7999992370605 31.1000003814697 31.8999996185303 33.7000007629395 35.5999984741211 37.9000015258789 40 41.7000007629395 44.0999984741211 45.7999992370605 47.5 48.2000007629395 48.5 48.5999984741211 48.9000015258789 49.5999984741211 50.4000015258789 52 53.4000015258789 54.9000015258789 56.9000015258789 59.2000007629395 62.2999992370605 65.5999984741211 69.0999984741211 71.5999984741211 74.6999969482422 78.0999984741211
239.5 294 316.299987792969 273.600006103516 256.799987792969 249.199996948242 188.5 156.300003051758 115.5 74.9000015258789 55.2999992370605 41.4000015258789 32.2999992370605 26.6000003814697 23.1000003814697 19.2000007629395 17.2000007629395 17.2000007629395 18 20.3999996185303 24.2000007629395 27.8999996185303 29.6000003814697 31 32.5999984741211 31.8999996185303 30.7000007629395 29.3999996185303 30.2999992370605 32.2000007629395 34.0999984741211 36.2999992370605 38.5999984741211 40.5 42.4000015258789 44.0999984741211 45.4000015258789 46.0999984741211 46.2000007629395 46.9000015258789 47.4000015258789 48 48.5999984741211 49.4000015258789 51.5 52.9000015258789 54.4000015258789 56.2999992370605 58.5 61.2000007629395 64.3000030517578 67.3000030517578 70.4000015258789 73.9000015258789
257.399993896484 298.899993896484 298 269.799987792969 255.5 217.899993896484 186.600006103516 153.300003051758 118.800003051758 73.4000015258789 47.5999984741211 38.2000007629395 30.5 25.2000007629395 23.3999996185303 19.2999992370605 17.2000007629395 16 16.3999996185303 20.2000007629395 23.2000007629395 28.6000003814697 33.2999992370605 36.7000007629395 37.4000015258789 34.7000007629395 30.2000007629395 27.8999996185303 28.8999996185303 30.7999992370605 32.7999992370605 35 37.2000007629395 39.0999984741211 40.7000007629395 42.7000007629395 43.5 44.2999992370605 44.4000015258789 44.7999992370605 45.2999992370605 45.7000007629395 46.2999992370605 47.4000015258789 49.0999984741211 50.2999992370605 51.7999992370605 53.2999992370605 54.9000015258789 57.2999992370605 59.9000015258789 63 66.4000015258789 69.3000030517578
283.299987792969 290.600006103516 258.399993896484 254.600006103516 226.300003051758 205.199996948242 171.600006103516 151.100006103516 128.600006103516 92.3000030517578 54.4000015258789 38.2999992370605 29.2999992370605 24.7999992370605 21.2999992370605 18.8999996185303 16.8999996185303 16.2999992370605 16.1000003814697 17.7999992370605 19.7999992370605 29.2999992370605 35.5999984741211 40.9000015258789 41.9000015258789 36.5999984741211 29.2000007629395 26.1000003814697 27.2000007629395 29.2999992370605 31.3999996185303 34 36.9000015258789 38.9000015258789 39.7999992370605 41.0999984741211 41.5999984741211 41.9000015258789 42.2999992370605 42.5999984741211 43.0999984741211 43.4000015258789 44.2999992370605 45.0999984741211 46 47.4000015258789 48.9000015258789 49.9000015258789 51.0999984741211 53.5999984741211 56.7999992370605 59.4000015258789 61.9000015258789 65.5999984741211
303 287.799987792969 267.299987792969 237.899993896484 211 182.699996948242 150.800003051758 138.5 121.199996948242 95 57.0999984741211 41 30.2999992370605 24.1000003814697 21.6000003814697 18.7999992370605 16.7999992370605 17.2000007629395 16.1000003814697 18.5 24 28 37.2999992370605 44.5 45.5999984741211 36.7999992370605 27.7999992370605 24.3999996185303 25.7000007629395 27.7000007629395 30.2999992370605 34.4000015258789 38.7999992370605 40.9000015258789 40.7999992370605 40.0999984741211 40.2000007629395 40.2999992370605 40.5 40.5 41.0999984741211 41.4000015258789 42.0999984741211 42.9000015258789 43.4000015258789 44.2999992370605 45.2000007629395 46.7000007629395 48 49.9000015258789 53.0999984741211 56.5999984741211 58.7999992370605 61.0999984741211
324.399993896484 291.399993896484 261.799987792969 219.100006103516 193.100006103516 163.800003051758 134.600006103516 113.800003051758 110.099998474121 92.8000030517578 57.5999984741211 41.5999984741211 31.6000003814697 26.1000003814697 22.2000007629395 19.6000003814697 16.3999996185303 15.8000001907349 15.6000003814697 18.6000003814697 24.2999992370605 30.6000003814697 35.0999984741211 39.4000015258789 38.2000007629395 33.4000015258789 26 23.3999996185303 24.5 26.1000003814697 29.8999996185303 36.7999992370605 41.9000015258789 42.2999992370605 41.4000015258789 40.0999984741211 38.9000015258789 38.5999984741211 38.5999984741211 38.5 38.9000015258789 39.4000015258789 39.7000007629395 40.4000015258789 41 41.5999984741211 42.4000015258789 43.4000015258789 45 47.2000007629395 50 52.0999984741211 54.4000015258789 57.0999984741211
344.899993896484 309.399993896484 276.899993896484 220.800003051758 190.300003051758 154.899993896484 125.800003051758 98.8000030517578 103.099998474121 74.5999984741211 54.5 39.5 32.4000015258789 27.1000003814697 23.3999996185303 20.3999996185303 18 15.5 14.3999996185303 16.1000003814697 22 25.1000003814697 27.3999996185303 28.2000007629395 29.3999996185303 28.6000003814697 25.7000007629395 23.7999992370605 24.3999996185303 26.3999996185303 31.1000003814697 38.2999992370605 44 43.7000007629395 41.7999992370605 39.9000015258789 38.2999992370605 36.7000007629395 36.5 36.5999984741211 36.9000015258789 37.2000007629395 37.5999984741211 38 38.5 39.2000007629395 39.9000015258789 41 42.2000007629395 44.0999984741211 46.9000015258789 49.2999992370605 51.5999984741211 53.2000007629395
