data/layers/future_layer_mc_585_60/bio19.asc
NCOLS 494 
NROWS 529 
XLLCORNER -117.166666666667 
YLLCORNER -55.5 
CELLSIZE 0.166666666666667 
NODATA_value -3.4e+38 
[rows 312 to 335 of 529, columns 378 to 431 of 494]
173.399993896484 172.300003051758 169.699996948242 165.399993896484 162.800003051758 157.800003051758 152.800003051758 148.899993896484 141.800003051758 136.600006103516 133.300003051758 128.800003051758 124.599998474121 119 115.099998474121 109.300003051758 106.300003051758 102.900001525879 99.1999969482422 95.3000030517578 93.1999969482422 90.3000030517578 87.9000015258789 87.4000015258789 84.6999969482422 83.3000030517578 82.0999984741211 79.5999984741211 81.1999969482422 82.9000015258789 82.9000015258789 83.5 82.9000015258789 81.5 79.8000030517578 78.6999969482422 77.9000015258789 77.9000015258789 75.0999984741211 71.5999984741211 72.0999984741211 55.5 40.5999984741211 42.0999984741211 43.4000015258789 44.9000015258789 47.9000015258789 51.5999984741211 53.5999984741211 45.5999984741211 38.4000015258789 35 33.0999984741211 31.3999996185303
180.399993896484 179.699996948242 177.100006103516 171.399993896484 164.600006103516 161.199996948242 157.100006103516 152.399993896484 146.399993896484 140.399993896484 136.800003051758 132.399993896484 127.400001525879 122.599998474121 118.599998474121 113.300003051758 108.699996948242 104.800003051758 102 97 95.8000030517578 93.5999984741211 90.6999969482422 90.5 88.0999984741211 86.4000015258789 84 81.3000030517578 83 85.0999984741211 86.0999984741211 89 90.4000015258789 89.3000030517578 87.9000015258789 87.0999984741211 87.9000015258789 89 85.5999984741211 81.5999984741211 78.1999969482422 55.9000015258789 46.2000007629395 47.5999984741211 48.5999984741211 47.5999984741211 49.5999984741211 52.5999984741211 54.5999984741211 46.7999992370605 38.2999992370605 36.4000015258789 35.5999984741211 34.2000007629395
188.600006103516 183.800003051758 181.399993896484 177.699996948242 170.100006103516 164.100006103516 161.300003051758 156.600006103516 149.899993896484 145.100006103516 140.899993896484 136.100006103516 130.800003051758 126.800003051758 122.400001525879 118.800003051758 113.199996948242 108.900001525879 104.300003051758 102.300003051758 99.3000030517578 97.1999969482422 94.4000015258789 92.9000015258789 91.6999969482422 88.6999969482422 87.0999984741211 84.5999984741211 86 88.9000015258789 90.6999969482422 94.5999984741211 95.5999984741211 93.9000015258789 93.6999969482422 93.3000030517578 96.0999984741211 99.5999984741211 90.8000030517578 85.0999984741211 83.3000030517578 57.7999992370605 53.0999984741211 54.5999984741211 54.2999992370605 51.7999992370605 54.5999984741211 54.5999984741211 51.4000015258789 47.2000007629395 42.2999992370605 40.5999984741211 40.7999992370605 41.9000015258789
196.399993896484 189.100006103516 187.300003051758 182.5 176.100006103516 169.199996948242 163.800003051758 159.699996948242 154.100006103516 148.399993896484 143.800003051758 139.399993896484 135.100006103516 130.600006103516 126.099998474121 121.900001525879 117.099998474121 111.800003051758 107.900001525879 99.5999984741211 100.599998474121 99.3000030517578 99.3000030517578 97.0999984741211 94.0999984741211 91.8000030517578 87.9000015258789 85.8000030517578 86.4000015258789 89.1999969482422 95.8000030517578 101.900001525879 101.400001525879 97.8000030517578 94.3000030517578 94.5 94 90.5999984741211 85.3000030517578 81 77 62.9000015258789 55.5999984741211 57.5999984741211 60.4000015258789 58.7999992370605 55.7000007629395 57.2999992370605 48.2999992370605 46.7000007629395 47.5999984741211 48 48 48.7999992370605
204.399993896484 197.800003051758 193.199996948242 186.199996948242 180.300003051758 174.399993896484 169 162.300003051758 158 151.300003051758 147.399993896484 143.800003051758 138.800003051758 134.100006103516 130.199996948242 125.400001525879 120.099998474121 115.099998474121 106.900001525879 101.199996948242 100.400001525879 100.199996948242 103.400001525879 105.099998474121 99.5 94.4000015258789 89.0999984741211 85.3000030517578 84.1999969482422 87.0999984741211 95.8000030517578 102.900001525879 101.900001525879 97.4000015258789 95.3000030517578 90.0999984741211 86.9000015258789 83.3000030517578 82.0999984741211 77 61.7999992370605 54 60.7999992370605 60.5999984741211 63.2999992370605 61.7999992370605 55.0999984741211 52.7999992370605 51.0999984741211 51.7999992370605 52.0999984741211 53.4000015258789 54 53.2000007629395
209.399993896484 203.800003051758 197.600006103516 192.300003051758 187.300003051758 180.800003051758 174.399993896484 167.399993896484 162 155.699996948242 150.899993896484 147.600006103516 141.600006103516 136.5 134.600006103516 131.199996948242 126.599998474121 110.900001525879 87.4000015258789 103.900001525879 105.099998474121 103.5 110.900001525879 116.800003051758 107.5 98.8000030517578 87.8000030517578 84.4000015258789 83.9000015258789 85.5999984741211 92.5999984741211 97.1999969482422 99.4000015258789 95.5999984741211 93.8000030517578 90.3000030517578 83.1999969482422 81.1999969482422 81.9000015258789 86.8000030517578 84.5999984741211 47.4000015258789 52.0999984741211 51.5 58.7999992370605 66.3000030517578 63.5 54.2000007629395 55.9000015258789 55.5999984741211 55.0999984741211 54.4000015258789 55.5999984741211 56.4000015258789
215.899993896484 209.199996948242 201.899993896484 195.100006103516 191.300003051758 184.199996948242 178.800003051758 172.600006103516 167.300003051758 161.100006103516 155.800003051758 151.600006103516 145.300003051758 140.800003051758 138 136.899993896484 125.5 115.300003051758 120.699996948242 119.900001525879 114.800003051758 113.800003051758 116.599998474121 119.199996948242 114.900001525879 110.099998474121 96.5 89.3000030517578 87.9000015258789 90.0999984741211 96.6999969482422 98.1999969482422 96.8000030517578 95.4000015258789 91.8000030517578 88.4000015258789 83.3000030517578 77.5999984741211 81.1999969482422 93.1999969482422 91.9000015258789 58.4000015258789 63.4000015258789 49.7999992370605 51.4000015258789 62.2999992370605 64.5999984741211 59.2999992370605 60.7000007629395 63.4000015258789 61.7000007629395 60.5999984741211 60.0999984741211 59
219 212.800003051758 204.800003051758 198.5 193.800003051758 186.800003051758 182.600006103516 177.100006103516 170.600006103516 164.100006103516 158.899993896484 153.800003051758 150.199996948242 145.800003051758 142.800003051758 140.600006103516 139.300003051758 122.099998474121 128.800003051758 129.100006103516 123 120.5 119.300003051758 119.099998474121 120.900001525879 119.099998474121 106 102.300003051758 101.599998474121 98.8000030517578 98.6999969482422 97.5 95.3000030517578 93.9000015258789 90.5 88.1999969482422 88.3000030517578 89.8000030517578 86.6999969482422 97.5 106.5 70.5999984741211 66.8000030517578 55.5999984741211 53.5 53.4000015258789 60.5999984741211 66.8000030517578 65.8000030517578 70 66.6999969482422 62.9000015258789 61.2999992370605 61.2999992370605
221.300003051758 215.800003051758 208.199996948242 203.300003051758 196.899993896484 189.899993896484 184.100006103516 178.199996948242 172.300003051758 165.899993896484 160.899993896484 156.800003051758 153.199996948242 148.899993896484 146.600006103516 145.600006103516 147.100006103516 143.399993896484 119.400001525879 115.900001525879 127.599998474121 123.400001525879 121 120.199996948242 117.900001525879 113.800003051758 112 115.599998474121 114 106.099998474121 100.099998474121 92.9000015258789 92.4000015258789 93.4000015258789 90.6999969482422 89.3000030517578 89.6999969482422 100.800003051758 104.900001525879 101.599998474121 91.6999969482422 65.9000015258789 68.0999984741211 59.7999992370605 57.4000015258789 58.4000015258789 57.9000015258789 60.7999992370605 64.5999984741211 67.5999984741211 68.1999969482422 67 66.1999969482422 67.3000030517578
222.899993896484 216.5 211.399993896484 207 200.600006103516 194.600006103516 187.300003051758 179.899993896484 176.300003051758 169.899993896484 163.100006103516 159.800003051758 154.600006103516 150.300003051758 147.699996948242 148.100006103516 151.699996948242 151.300003051758 145 128.899993896484 120.099998474121 125.699996948242 123.400001525879 120.699996948242 118.300003051758 114.199996948242 111.400001525879 112.800003051758 110.800003051758 106.300003051758 102.599998474121 95.4000015258789 94.8000030517578 96.9000015258789 93.3000030517578 91.1999969482422 96.1999969482422 104.599998474121 115.300003051758 119.900001525879 108.800003051758 67.3000030517578 68.9000015258789 65.4000015258789 66.1999969482422 65.8000030517578 66.5999984741211 71.8000030517578 72.5999984741211 74.4000015258789 73.8000030517578 73.5999984741211 74 72.0999984741211
224.899993896484 219.5 214.899993896484 209.300003051758 203.899993896484 200.399993896484 191.800003051758 185.699996948242 182.199996948242 174.699996948242 168.399993896484 163.899993896484 158.699996948242 153.899993896484 150.600006103516 149.699996948242 152.5 151.600006103516 146 139 134 130.800003051758 127.900001525879 124.099998474121 120.800003051758 119 117 114.199996948242 109.900001525879 108.800003051758 107.800003051758 102.400001525879 95.8000030517578 95.4000015258789 97.3000030517578 96.6999969482422 101.400001525879 114.199996948242 126.199996948242 127.800003051758 122.099998474121 102.699996948242 76.4000015258789 71.9000015258789 70.4000015258789 69.0999984741211 72.1999969482422 76.8000030517578 78.0999984741211 76.0999984741211 76.8000030517578 79.9000015258789 77.5999984741211 77
227.100006103516 221.899993896484 218.899993896484 212.5 206.899993896484 201.5 194.699996948242 189.300003051758 185.600006103516 179.600006103516 172.899993896484 170.300003051758 166.699996948242 158.899993896484 156.699996948242 153.300003051758 155.600006103516 155.800003051758 148.100006103516 141.100006103516 136.800003051758 135.399993896484 133.899993896484 130.5 129.300003051758 129.899993896484 127.199996948242 123.699996948242 118.800003051758 114.900001525879 111.599998474121 105.099998474121 95.8000030517578 97.6999969482422 101.900001525879 101.099998474121 108.099998474121 124.099998474121 138.600006103516 137.699996948242 128.800003051758 122.099998474121 89.3000030517578 72.0999984741211 69.5 75.6999969482422 77.8000030517578 82.0999984741211 83.4000015258789 82.5999984741211 83.4000015258789 83.5999984741211 81.4000015258789 79.0999984741211
231.300003051758 225.899993896484 220.100006103516 215.300003051758 210 204.100006103516 197.199996948242 193.300003051758 188.699996948242 185.300003051758 182.100006103516 180.600006103516 176.100006103516 173.5 167.300003051758 171.899993896484 173.600006103516 167.600006103516 154.100006103516 146 142.800003051758 142.899993896484 139 137.399993896484 138.100006103516 141.899993896484 144.100006103516 139.899993896484 132.399993896484 126.099998474121 117.900001525879 110.900001525879 105.300003051758 105.400001525879 106.300003051758 104.300003051758 110.800003051758 125.5 138.5 142.899993896484 134.800003051758 119.599998474121 87.3000030517578 76.3000030517578 70.9000015258789 72.5 76.8000030517578 82.4000015258789 85.6999969482422 88.5999984741211 87.5 86 81 77.0999984741211
235.300003051758 228.100006103516 221.600006103516 217.100006103516 213.899993896484 208.899993896484 203.5 198.899993896484 196.199996948242 191.100006103516 188.899993896484 189.800003051758 188.100006103516 176.600006103516 179.899993896484 188.100006103516 191.899993896484 180.899993896484 163.399993896484 150.399993896484 154.199996948242 159.399993896484 154.800003051758 150.399993896484 151.699996948242 155.399993896484 161.199996948242 152.600006103516 146.199996948242 141.600006103516 129.600006103516 118.400001525879 114.400001525879 114.599998474121 108 98.5999984741211 93.5999984741211 110.400001525879 133.800003051758 135.899993896484 127.099998474121 114.400001525879 96.6999969482422 93.5 92 82.1999969482422 92.3000030517578 101.5 100.900001525879 100.599998474121 92.0999984741211 84.4000015258789 74.8000030517578 69.0999984741211
235.699996948242 225 225.399993896484 222.899993896484 218.800003051758 214.800003051758 209.100006103516 204.300003051758 201.100006103516 196.699996948242 197.600006103516 210.300003051758 199.300003051758 186.600006103516 190.399993896484 194.5 193.399993896484 185.100006103516 175.399993896484 171.699996948242 176.300003051758 179.800003051758 173.399993896484 164.800003051758 164.800003051758 167.300003051758 167.399993896484 160.399993896484 149.600006103516 143.899993896484 135.800003051758 126.300003051758 120.300003051758 123.400001525879 93.9000015258789 89.0999984741211 90.5999984741211 94.3000030517578 104.800003051758 124.5 117.400001525879 106.300003051758 102.5 112.099998474121 119.900001525879 129.5 128 131.800003051758 136.300003051758 105.099998474121 95.5999984741211 85.4000015258789 73.4000015258789 63.7000007629395
225.600006103516 194.100006103516 215.100006103516 228.399993896484 225.100006103516 220.899993896484 217.899993896484 212.399993896484 207.100006103516 203.100006103516 204.600006103516 202.600006103516 197.100006103516 192.800003051758 197.199996948242 202.800003051758 197.300003051758 191.699996948242 187.600006103516 190 191.899993896484 191.5 182.399993896484 172.199996948242 172.899993896484 175.800003051758 177.199996948242 164.600006103516 154.600006103516 146.199996948242 137.699996948242 133.300003051758 127.699996948242 112.400001525879 100.099998474121 94.0999984741211 97.5 101.800003051758 102.099998474121 108.300003051758 117.199996948242 110.400001525879 103.599998474121 110.699996948242 124 135.800003051758 141.699996948242 139 141.600006103516 124.099998474121 98.5999984741211 88.6999969482422 81.5999984741211 72.9000015258789
217.800003051758 198.5 206.5 227.100006103516 230.600006103516 227.899993896484 222.800003051758 218.100006103516 212.100006103516 210.800003051758 208.899993896484 202.100006103516 200.899993896484 203.800003051758 208.399993896484 209.300003051758 202.100006103516 198.100006103516 197.800003051758 197.399993896484 197.100006103516 195.300003051758 186.100006103516 173.600006103516 174.899993896484 189.100006103516 190.899993896484 174.300003051758 160.600006103516 152.800003051758 145.600006103516 139.100006103516 133.300003051758 119.400001525879 99.0999984741211 101.300003051758 101.400001525879 105.599998474121 105.300003051758 96.8000030517578 108.199996948242 110.900001525879 95.6999969482422 96.3000030517578 106.900001525879 119.599998474121 141.100006103516 146.5 138.600006103516 113.900001525879 101.400001525879 94.0999984741211 94.0999984741211 88
192.899993896484 187.899993896484 205.199996948242 237.100006103516 237.100006103516 234.100006103516 230.600006103516 224.600006103516 224.699996948242 220 213.199996948242 207.899993896484 208.399993896484 215.899993896484 221.600006103516 219.800003051758 211.699996948242 206.800003051758 205.100006103516 205.800003051758 204.699996948242 201.5 193.300003051758 184.699996948242 181.5 188.5 186.899993896484 171.800003051758 161.199996948242 153.399993896484 150.699996948242 148.600006103516 145.600006103516 132.300003051758 111.599998474121 105.300003051758 106 104.099998474121 100.900001525879 96.0999984741211 96.5999984741211 93 92.3000030517578 97.1999969482422 105.400001525879 116.800003051758 121.300003051758 119.300003051758 117.5 113.099998474121 107.300003051758 101 100.199996948242 107
211.899993896484 207.100006103516 248.800003051758 246.600006103516 244.600006103516 241.899993896484 238.199996948242 234.699996948242 231.399993896484 227.199996948242 222.800003051758 219.399993896484 219.899993896484 229 235.399993896484 234.899993896484 227.100006103516 220.399993896484 218 215.699996948242 212.5 210.399993896484 200.100006103516 188.5 187.100006103516 190.800003051758 188.600006103516 177.800003051758 161.100006103516 154.399993896484 154.199996948242 154.300003051758 153.5 127.900001525879 122.800003051758 118.800003051758 111.800003051758 108.900001525879 98.5 93.9000015258789 96.1999969482422 97.9000015258789 100 103.300003051758 106.699996948242 113.300003051758 117.300003051758 128.100006103516 131.399993896484 120.699996948242 115.199996948242 104.800003051758 100.900001525879 115.400001525879
244.300003051758 249.399993896484 260.799987792969 258.5 255.800003051758 250.600006103516 246.800003051758 248.399993896484 246.600006103516 243.399993896484 241 240.399993896484 241.600006103516 250.600006103516 254.399993896484 246.100006103516 234.100006103516 227.199996948242 225.699996948242 221.399993896484 214.399993896484 208.899993896484 203.899993896484 199.699996948242 193.899993896484 195.699996948242 197.600006103516 190.600006103516 175.899993896484 164.899993896484 160.300003051758 162.399993896484 160.899993896484 144.100006103516 124.300003051758 123 116.599998474121 107.199996948242 100.5 98.6999969482422 97.5 100.5 105.900001525879 113.099998474121 119.800003051758 120.300003051758 126.099998474121 135.5 135 139.800003051758 132.399993896484 137.699996948242 131.100006103516 123.599998474121
281 271.799987792969 274.399993896484 271.399993896484 267 262.600006103516 262.100006103516 260.600006103516 260.799987792969 261.600006103516 263.299987792969 265.899993896484 272.799987792969 277 273.600006103516 258.799987792969 242.399993896484 232.300003051758 230.300003051758 224.300003051758 216.399993896484 214 213.100006103516 208.300003051758 204.300003051758 204.399993896484 213.600006103516 207.699996948242 190.100006103516 174.399993896484 166.100006103516 165.5 160.800003051758 139.899993896484 122 116.800003051758 114.5 108.300003051758 103.599998474121 103.800003051758 103.699996948242 105.699996948242 112.400001525879 120.099998474121 130.600006103516 130.800003051758 132.399993896484 132.899993896484 142.100006103516 158.600006103516 149.300003051758 160 129.899993896484 95.3000030517578
301.799987792969 297.899993896484 291.799987792969 288.799987792969 284.299987792969 277.700012207031 275.299987792969 276.700012207031 279.100006103516 280.100006103516 282 286.799987792969 294.5 297.700012207031 286.700012207031 273.600006103516 262.100006103516 249.100006103516 240.100006103516 227.199996948242 222.300003051758 219 219.100006103516 219.300003051758 218.600006103516 218.800003051758 222.800003051758 216.800003051758 196.600006103516 177.800003051758 169.399993896484 171.800003051758 164.300003051758 141.800003051758 135.600006103516 117.300003051758 110.900001525879 106.599998474121 104.900001525879 108.800003051758 111.900001525879 116.800003051758 121.900001525879 123.800003051758 133.800003051758 135.800003051758 133.399993896484 134.5 149.600006103516 153.699996948242 151.800003051758 113.900001525879 98.5 99.1999969482422
320.799987792969 317.100006103516 313.399993896484 310.299987792969 304.399993896484 294.899993896484 292.600006103516 295.399993896484 297.799987792969 298.600006103516 296.200012207031 297.5 299.100006103516 296.299987792969 293.799987792969 287.5 284.5 275.700012207031 266.799987792969 248.5 237.399993896484 231 228.300003051758 235.699996948242 239.899993896484 232.800003051758 218.300003051758 214.399993896484 203 182.699996948242 181.699996948242 188.199996948242 163.699996948242 147.5 145.600006103516 122.900001525879 112.400001525879 109.900001525879 111.800003051758 115.599998474121 121.199996948242 128.300003051758 125.099998474121 124.400001525879 132.100006103516 130.800003051758 129.199996948242 140.100006103516 137.199996948242 125.900001525879 114.099998474121 104.199996948242 101.599998474121 112.5
339.100006103516 336 332.899993896484 333.600006103516 328.200012207031 317.600006103516 317.399993896484 317.5 319.100006103516 317.299987792969 310.299987792969 302.399993896484 295.100006103516 292.799987792969 293.399993896484 300.600006103516 307.100006103516 310 294.399993896484 274.600006103516 267.899993896484 268.799987792969 259.700012207031 273.100006103516 279.200012207031 267 249.800003051758 223.600006103516 215.100006103516 197.300003051758 172.199996948242 164.899993896484 161.800003051758 141.399993896484 137.699996948242 130 125.900001525879 122.900001525879 120.5 124.900001525879 137.100006103516 142.800003051758 133.600006103516 135.399993896484 131.5 129.5 130.699996948242 137.600006103516 130.899993896484 124.300003051758 117.400001525879 123.800003051758 120.800003051758 138.899993896484
