data/layers/future_layer_mc_585_60/bio15.asc
NCOLS 494 
NROWS 529 
XLLCORNER -117.166666666667 
YLLCORNER -55.5 
CELLSIZE 0.166666666666667 
NODATA_value -3.4e+38 
[rows 144 to 167 of 529, columns 275 to 329 of 494]
52.7999992370605 57.2999992370605 59.7000007629395 43.2000007629395 49.2999992370605 56.5 58.2999992370605 68.5 71.4000015258789 73.1999969482422 73.3000030517578 74.0999984741211 75.3000030517578 76.0999984741211 75.5999984741211 76 75.4000015258789 75.9000015258789 78.5999984741211 79.0999984741211 80.9000015258789 82.6999969482422 83 84.5999984741211 86.6999969482422 87.3000030517578 86.5 86.5999984741211 87.0999984741211 87 87.1999969482422 87.3000030517578 86.3000030517578 86.5 86 85.9000015258789 84 81.3000030517578 80.3000030517578 80.5999984741211 80.5999984741211 80.5 80.0999984741211 78.0999984741211 77.4000015258789 73.1999969482422 71.9000015258789 71.6999969482422 69.9000015258789 68.1999969482422 67.9000015258789 66.4000015258789 58.5999984741211 53.5 47.9000015258789
52.7000007629395 54 46.2999992370605 45.5 53 59.2000007629395 63.2000007629395 68.6999969482422 71.1999969482422 71.8000030517578 73.1999969482422 73.8000030517578 73.1999969482422 74.5 74.0999984741211 73.5999984741211 73.8000030517578 75.0999984741211 80.4000015258789 82.4000015258789 82.8000030517578 83.9000015258789 83.4000015258789 85.0999984741211 86.5 87.3000030517578 88.1999969482422 87 84.1999969482422 86 86.9000015258789 87.5 86.0999984741211 86.5 85.9000015258789 86.1999969482422 85 83.3000030517578 82.4000015258789 81.6999969482422 81.5999984741211 79.9000015258789 80.1999969482422 78.4000015258789 78.3000030517578 76.6999969482422 73.5 70.3000030517578 70.6999969482422 66.5999984741211 67.9000015258789 61.2000007629395 55.4000015258789 53 49.5999984741211
51.4000015258789 51.4000015258789 45.4000015258789 52 56.4000015258789 59.5999984741211 65.8000030517578 70.0999984741211 68.5999984741211 71 72.6999969482422 73.4000015258789 73.0999984741211 74.4000015258789 74.9000015258789 77.0999984741211 78.8000030517578 79 80.8000030517578 83.4000015258789 84.0999984741211 83.5999984741211 83.5999984741211 84.3000030517578 85 86.3000030517578 86.5 86.1999969482422 86.5999984741211 85 85.5 84.1999969482422 84.3000030517578 81.4000015258789 84.5999984741211 84.3000030517578 85.5999984741211 82.9000015258789 82.8000030517578 81.9000015258789 81.6999969482422 80 79.3000030517578 76.6999969482422 76.5 75.9000015258789 73.0999984741211 71.0999984741211 68.1999969482422 66.6999969482422 65.0999984741211 61.2999992370605 57.7999992370605 53.2000007629395 47.2999992370605
48.7000007629395 49.9000015258789 50.7999992370605 56.5 61.7999992370605 61.2999992370605 68.9000015258789 70 70.1999969482422 69.1999969482422 69.5999984741211 72.5999984741211 73.4000015258789 72.9000015258789 74.3000030517578 76.4000015258789 79.8000030517578 80 81.9000015258789 82.5999984741211 84.1999969482422 85.4000015258789 84.6999969482422 85.1999969482422 85.4000015258789 86.6999969482422 85.1999969482422 86.3000030517578 85 82 84.5 80.5 79.9000015258789 82 80.6999969482422 82.3000030517578 82.1999969482422 80.4000015258789 80.6999969482422 80.3000030517578 80.3000030517578 78.5999984741211 77.3000030517578 76.4000015258789 76.0999984741211 73.5 74 72 72.0999984741211 70.6999969482422 63.2999992370605 58.2000007629395 54.9000015258789 54.2999992370605 49.4000015258789
51 55.4000015258789 59.5 61.7000007629395 65.5999984741211 66.4000015258789 66.1999969482422 70.5999984741211 69.9000015258789 69.0999984741211 71.6999969482422 74.9000015258789 75 73.4000015258789 73.8000030517578 77.3000030517578 77 77.5 78.9000015258789 82.8000030517578 83.8000030517578 84.0999984741211 84.3000030517578 85 85.1999969482422 85.5999984741211 86.4000015258789 85.3000030517578 85.8000030517578 81.4000015258789 83.1999969482422 78.5999984741211 79.5 80.6999969482422 79.6999969482422 78.3000030517578 79.0999984741211 79.5999984741211 78.1999969482422 79.4000015258789 80.1999969482422 80 78.4000015258789 76.4000015258789 76.8000030517578 76.4000015258789 77.5 75.5 71.6999969482422 67.1999969482422 63.9000015258789 58.9000015258789 59.5999984741211 56.5999984741211 58.0999984741211
55.7000007629395 59.5999984741211 61.9000015258789 63.2000007629395 64.8000030517578 66.1999969482422 66.6999969482422 67.5999984741211 68.5999984741211 71.3000030517578 73.5 74.4000015258789 76 76.5999984741211 77.0999984741211 79.5999984741211 79 78.4000015258789 82.5999984741211 83.4000015258789 86.1999969482422 85.8000030517578 85.4000015258789 85 85.5 84.9000015258789 85.5 85.0999984741211 85.3000030517578 83.3000030517578 82 82 82.4000015258789 83.5999984741211 79.5 79 78.3000030517578 78.8000030517578 78.4000015258789 78.5999984741211 79.6999969482422 79.1999969482422 78.6999969482422 77.9000015258789 77.8000030517578 77.8000030517578 76.9000015258789 74.5 73.5 67 54.0999984741211 53.2000007629395 56.4000015258789 63.4000015258789 62.7000007629395
57.7999992370605 60.5 62.5 63.4000015258789 66.1999969482422 67 64.5 68.6999969482422 71.5 72.8000030517578 74 74.8000030517578 76.0999984741211 75.0999984741211 77.1999969482422 77.8000030517578 76.4000015258789 76.0999984741211 78.3000030517578 79.4000015258789 80.0999984741211 81 85.5999984741211 84.9000015258789 84.0999984741211 83.9000015258789 84.1999969482422 83.3000030517578 81.5999984741211 81.0999984741211 81.8000030517578 81.5999984741211 80.6999969482422 77.5999984741211 77.1999969482422 77.5999984741211 77.9000015258789 78.0999984741211 79.8000030517578 79.9000015258789 80.3000030517578 79.3000030517578 79.1999969482422 78.4000015258789 78.1999969482422 77.0999984741211 77.8000030517578 75.0999984741211 71.5 62.2999992370605 51.5999984741211 49.0999984741211 59.2999992370605 68.3000030517578 61.7000007629395
58.4000015258789 61.4000015258789 62.5 65.0999984741211 65.6999969482422 67.4000015258789 68 69.1999969482422 71.5 71.4000015258789 74.0999984741211 74.4000015258789 73.1999969482422 74.8000030517578 74.8000030517578 75.0999984741211 75.1999969482422 76 77.1999969482422 79.5999984741211 82.1999969482422 82.3000030517578 82.9000015258789 83 82.6999969482422 81.9000015258789 82.5 82.5 81.1999969482422 82.3000030517578 81 81.6999969482422 82.3000030517578 80.4000015258789 76.4000015258789 78.9000015258789 76.4000015258789 74.5 78.1999969482422 78.5 77.8000030517578 78.6999969482422 77.4000015258789 78.3000030517578 77.1999969482422 76.5999984741211 74.9000015258789 71.6999969482422 68.6999969482422 67.1999969482422 56 51.5 64.5999984741211 68.4000015258789 63.2000007629395
58.7000007629395 61.5 61.9000015258789 64.4000015258789 64.8000030517578 67.0999984741211 69 70.0999984741211 70.5999984741211 72.5 73.9000015258789 73.1999969482422 72.6999969482422 73.5999984741211 74 77.4000015258789 78.6999969482422 78.0999984741211 80.6999969482422 81.4000015258789 81.8000030517578 82.0999984741211 82.1999969482422 82.0999984741211 82.3000030517578 81.3000030517578 78.6999969482422 79.0999984741211 80.5 82 80.6999969482422 79.9000015258789 78.0999984741211 80.1999969482422 79.1999969482422 72.1999969482422 75.1999969482422 76.9000015258789 78.3000030517578 76.8000030517578 76.3000030517578 76.4000015258789 74.0999984741211 74 75.6999969482422 75 72.6999969482422 72.5 70.5999984741211 66.1999969482422 57 55.2999992370605 65.5999984741211 66.4000015258789 64.5
59.9000015258789 60.7000007629395 61.2000007629395 65.5999984741211 67.4000015258789 65.8000030517578 66.4000015258789 66.6999969482422 68.9000015258789 69.6999969482422 70.6999969482422 72.1999969482422 70.3000030517578 73.3000030517578 77 77.9000015258789 78.6999969482422 78.6999969482422 79.3000030517578 80.3000030517578 81.0999984741211 81.0999984741211 81.0999984741211 79.8000030517578 81 77.3000030517578 79.5 80.1999969482422 80.8000030517578 79.3000030517578 75.9000015258789 75.1999969482422 75.0999984741211 78.4000015258789 74.0999984741211 69.5 74.5999984741211 76.5 75.5999984741211 73.5 74.4000015258789 73 71.0999984741211 70.9000015258789 72.5 73.8000030517578 72.5999984741211 71.5999984741211 67.6999969482422 53.5999984741211 50.9000015258789 54.5 63.0999984741211 60.4000015258789 60.5999984741211
59.4000015258789 60.5999984741211 61.4000015258789 67.6999969482422 68.0999984741211 68.5999984741211 68.5 70 70.6999969482422 72.5 73.1999969482422 74.6999969482422 73.6999969482422 75.6999969482422 75.9000015258789 77.0999984741211 77.4000015258789 77.8000030517578 78.0999984741211 78.8000030517578 79.3000030517578 79.6999969482422 80.3000030517578 79.9000015258789 78.1999969482422 77.1999969482422 78.6999969482422 76.1999969482422 79.1999969482422 75.8000030517578 73.0999984741211 72.5999984741211 77.5 76.3000030517578 75.0999984741211 68.6999969482422 72.6999969482422 75.1999969482422 74.5 74.0999984741211 73.5 71.5999984741211 70.8000030517578 70.0999984741211 70.9000015258789 71.5 71.1999969482422 68.5999984741211 66.1999969482422 60.7999992370605 55.5999984741211 55.0999984741211 58.5999984741211 57 56.4000015258789
63 63.0999984741211 64.6999969482422 68.8000030517578 67 71.0999984741211 71.5 72.5 72.9000015258789 73.9000015258789 74.5 74.1999969482422 74.5999984741211 75.3000030517578 75.5999984741211 75.5 75.4000015258789 76.5 74.3000030517578 77.0999984741211 77.5999984741211 78.8000030517578 78.6999969482422 79.4000015258789 78.6999969482422 76 76.5 77 76.5 75.3000030517578 67.3000030517578 69.9000015258789 74.3000030517578 74.8000030517578 73 64 65.3000030517578 69.9000015258789 70.6999969482422 72.3000030517578 71.5999984741211 71.3000030517578 69.4000015258789 67.5 68.9000015258789 70 69.0999984741211 65.5999984741211 61.7999992370605 59.0999984741211 54.2999992370605 55.5 54.7000007629395 56.4000015258789 50.9000015258789
63 63.7999992370605 66.6999969482422 69.1999969482422 70.5999984741211 70.9000015258789 72.1999969482422 73.5 72.9000015258789 73.1999969482422 73.1999969482422 73.4000015258789 73 74.5999984741211 75 75.1999969482422 75.4000015258789 75.5 75.4000015258789 75.0999984741211 75.8000030517578 76.5 77.3000030517578 77.3000030517578 76.4000015258789 75.4000015258789 75.5999984741211 75.6999969482422 74.5 74.1999969482422 70.9000015258789 69.9000015258789 73.5999984741211 72.6999969482422 69.5 62.5999984741211 61.7000007629395 66.3000030517578 69.5999984741211 70.5 68.3000030517578 69.5 68.5999984741211 66.5 66.8000030517578 69.0999984741211 67.8000030517578 68.3000030517578 57.7999992370605 55.2999992370605 51 50.7999992370605 51.7000007629395 53.7999992370605 50.9000015258789
60 62.0999984741211 67.4000015258789 69.1999969482422 70.0999984741211 71 71.6999969482422 72.0999984741211 72.5999984741211 72.4000015258789 73.0999984741211 72.4000015258789 71.9000015258789 72.4000015258789 73.4000015258789 73.9000015258789 73.9000015258789 73.9000015258789 73.8000030517578 73.5 75.1999969482422 75.5999984741211 75.9000015258789 74.8000030517578 73.5999984741211 74.1999969482422 72.5 71.6999969482422 73.0999984741211 72 71 68.5 71.4000015258789 71.4000015258789 71.4000015258789 65.6999969482422 60.5999984741211 62.7000007629395 67.4000015258789 67.6999969482422 65.9000015258789 67.5 68.0999984741211 65.8000030517578 64.3000030517578 66.3000030517578 64.5 62.2000007629395 61.5999984741211 55.4000015258789 59.4000015258789 53.7999992370605 50.5999984741211 49.2000007629395 50.5
60.7000007629395 63.9000015258789 68 69.1999969482422 70.3000030517578 71.5 71.0999984741211 70.5999984741211 72.0999984741211 72.1999969482422 71.1999969482422 71.4000015258789 71.5 69.8000030517578 71.8000030517578 72.5 72.5999984741211 71.6999969482422 71.0999984741211 71.1999969482422 71.5 72.0999984741211 71.3000030517578 71.0999984741211 71.3000030517578 71.4000015258789 67.6999969482422 70.5999984741211 70.0999984741211 69.8000030517578 69.5999984741211 69.1999969482422 69.9000015258789 71.6999969482422 71.5999984741211 69 60.2000007629395 59.7000007629395 63.4000015258789 67.0999984741211 63.4000015258789 65.5 66 63 64.9000015258789 64.0999984741211 63.2000007629395 62.7999992370605 61.4000015258789 53.9000015258789 53.7999992370605 55.7999992370605 51 52 49.0999984741211
62.7000007629395 67 68.0999984741211 69.5999984741211 70.1999969482422 70.3000030517578 69.5 69.4000015258789 67 68.5 68.5 67.0999984741211 68.3000030517578 69.8000030517578 69.6999969482422 69.6999969482422 70.0999984741211 70.3000030517578 70.8000030517578 71.1999969482422 71.4000015258789 72.0999984741211 69.5 69.8000030517578 70.0999984741211 68.3000030517578 67.4000015258789 68.5999984741211 69.1999969482422 68.0999984741211 69 69.1999969482422 67.3000030517578 67.9000015258789 69.1999969482422 62.4000015258789 55.5 60 61.9000015258789 60.7999992370605 61.4000015258789 64.5999984741211 63 61.2000007629395 60.7999992370605 60.7999992370605 58 57.7000007629395 58.2000007629395 57.2000007629395 59.2000007629395 53.7000007629395 47.2000007629395 48.5 44.5999984741211
62 66.5 68.8000030517578 68.4000015258789 69.5 71.0999984741211 71.3000030517578 69.3000030517578 66.6999969482422 68.3000030517578 69.8000030517578 69.5999984741211 71 68.4000015258789 67.5999984741211 68.6999969482422 68.6999969482422 68.8000030517578 69.3000030517578 70 70.0999984741211 67.8000030517578 65.5999984741211 66.8000030517578 68 66.3000030517578 66 68 68.9000015258789 69.0999984741211 67.1999969482422 64.1999969482422 63.2999992370605 67.4000015258789 69.5999984741211 62.2999992370605 53.9000015258789 58.7999992370605 59.2000007629395 60.5999984741211 58.7999992370605 62.0999984741211 62.2000007629395 59.9000015258789 59.2000007629395 55.0999984741211 54.7000007629395 57.5 58 60 56.2000007629395 55.2000007629395 52.5999984741211 46.7999992370605 44.0999984741211
64.3000030517578 65.6999969482422 67.6999969482422 67.3000030517578 68.1999969482422 70.5999984741211 71 67 67.1999969482422 68.1999969482422 68.5999984741211 67.4000015258789 67.4000015258789 66.9000015258789 67 66.8000030517578 67.1999969482422 67.3000030517578 69 67.5999984741211 66.3000030517578 64.6999969482422 65.5999984741211 65.5999984741211 65.0999984741211 66.1999969482422 66.3000030517578 67.5 68.6999969482422 67.1999969482422 66.4000015258789 66.0999984741211 65.4000015258789 67.9000015258789 68.3000030517578 64.4000015258789 57 56.0999984741211 58.7000007629395 60.0999984741211 59.7999992370605 59.0999984741211 60.5 59.2999992370605 58.4000015258789 54.9000015258789 55.9000015258789 58.5999984741211 58.5999984741211 60.0999984741211 54.2000007629395 52.7000007629395 55.7000007629395 47.2999992370605 48.0999984741211
66 66 65.9000015258789 67.6999969482422 68 66.3000030517578 66.1999969482422 66 67.3000030517578 66.6999969482422 66.1999969482422 66 66.3000030517578 66.8000030517578 66.1999969482422 66.4000015258789 67.0999984741211 66.5 67.1999969482422 66.9000015258789 63.7000007629395 62.7000007629395 64.9000015258789 63 65.9000015258789 65.9000015258789 65.8000030517578 66.9000015258789 66.5 66.4000015258789 65.5 67.0999984741211 66.5999984741211 65.9000015258789 66.0999984741211 63.7000007629395 58.9000015258789 56 56.2999992370605 58.2000007629395 59.2000007629395 58.5999984741211 59 57.5999984741211 58.9000015258789 59.5 57 56.5 57.5 59.2999992370605 57.0999984741211 54 53.9000015258789 49.5999984741211 47.2999992370605
65.8000030517578 65.1999969482422 65.6999969482422 66.5 64.6999969482422 67.0999984741211 67.1999969482422 67.3000030517578 66.0999984741211 66.6999969482422 66.4000015258789 66.3000030517578 66.1999969482422 65.4000015258789 65.3000030517578 64 64.5999984741211 64.0999984741211 64.3000030517578 65.0999984741211 63.7999992370605 62.4000015258789 63.5 63 63.5999984741211 63.0999984741211 64 64.6999969482422 66 66.0999984741211 65.5999984741211 65.5999984741211 65.5 65.8000030517578 66.0999984741211 59.4000015258789 55.9000015258789 54.5 54 54.4000015258789 55.5999984741211 57 57.5 56.2000007629395 56.7999992370605 58 56.0999984741211 54.9000015258789 56.4000015258789 55.7999992370605 55.9000015258789 50.4000015258789 51 50 52.5999984741211
63.0999984741211 63.5 65.6999969482422 63.0999984741211 66 67.5 68 69.3000030517578 68.0999984741211 67.3000030517578 67 65.3000030517578 65 63 63.2999992370605 64.5 64.3000030517578 64.3000030517578 63.5999984741211 63 62.4000015258789 62.2999992370605 63.5999984741211 60.9000015258789 63 63.7000007629395 63.4000015258789 63.7000007629395 65.5999984741211 65.1999969482422 63.9000015258789 64.6999969482422 66 66.1999969482422 65.4000015258789 63.7999992370605 56.9000015258789 54.2000007629395 54.9000015258789 53.9000015258789 54.5999984741211 55 55.7999992370605 56.0999984741211 54.5 53.5999984741211 52.2999992370605 51.0999984741211 53.7000007629395 54.5 55.0999984741211 54.9000015258789 50.5999984741211 49.7999992370605 53.2000007629395
62 62.2999992370605 64 68 66.9000015258789 68 67.0999984741211 68.1999969482422 66 65.9000015258789 65.0999984741211 64 63.2999992370605 62.2999992370605 63.4000015258789 63.9000015258789 62.7000007629395 61.2999992370605 62.2000007629395 60.7000007629395 60.5 60.2999992370605 62.5999984741211 61.5 61.7999992370605 62.2999992370605 62 61 63.2999992370605 64 64.3000030517578 64.5 65.4000015258789 64.9000015258789 65.4000015258789 64.1999969482422 56.7000007629395 53.2000007629395 51.5999984741211 53.2000007629395 52 53.5 55 55 55.7000007629395 54.4000015258789 52.0999984741211 49.5999984741211 50.7999992370605 50.5 50.7999992370605 50.4000015258789 47.7000007629395 45.9000015258789 44.5
62 62 64.5 65.8000030517578 66.9000015258789 67.5999984741211 68.0999984741211 66.4000015258789 65.5 64.0999984741211 65.3000030517578 64.1999969482422 64.5999984741211 63.2000007629395 62.2999992370605 61.2000007629395 61.4000015258789 59 59.0999984741211 59.7999992370605 59 58.9000015258789 60.5999984741211 58.5 59.5 58.5999984741211 58.9000015258789 57.7000007629395 61.2999992370605 62.5 63.5999984741211 60.7999992370605 63.7999992370605 63.2000007629395 61.7000007629395 57.5 56 52.5999984741211 51 54.2000007629395 54.7999992370605 52.7000007629395 50.2000007629395 54.9000015258789 52.9000015258789 51.2000007629395 45.9000015258789 45.4000015258789 47.7999992370605 46.7999992370605 48 46.7000007629395 47.0999984741211 46.5 45.7000007629395
60.5999984741211 64.8000030517578 68.4000015258789 71.0999984741211 68.4000015258789 69 68.3000030517578 64.5999984741211 64.5 63.4000015258789 63.4000015258789 62.9000015258789 61.4000015258789 63.5999984741211 61 60.7000007629395 58.5 57.0999984741211 56.9000015258789 56.2999992370605 55.0999984741211 55.9000015258789 55.9000015258789 58.5 60 56.4000015258789 55.9000015258789 55.5999984741211 59.4000015258789 60.4000015258789 61.0999984741211 60.2000007629395 61.4000015258789 61.0999984741211 59.5 54.5999984741211 52 50.0999984741211 50.7999992370605 53.5999984741211 53.5 49.7999992370605 47.7000007629395 48.7000007629395 51.7000007629395 45.7999992370605 45.7999992370605 43.9000015258789 40.2999992370605 45.2000007629395 43.7000007629395 43.7000007629395 43 44.7000007629395 43.5
