data/layers/future_layer_mc_585_60/bio13.asc
NCOLS 494 
NROWS 529 
XLLCORNER -117.166666666667 
YLLCORNER -55.5 
CELLSIZE 0.166666666666667 
NODATA_value -3.4e+38 
[rows 312 to 335 of 529, columns 270 to 323 of 494]
-3.4e+38 -3.4e+38 -3.4e+38 -3.4e+38 -3.4e+38 -3.4e+38 -3.4e+38 -3.4e+38 -3.4e+38 -3.4e+38 -3.4e+38 -3.4e+38 1 1.79999995231628 4.59999990463257 11.1000003814697 25.7000007629395 47.7999992370605 61.4000015258789 68.4000015258789 64.5 63.0999984741211 61.9000015258789 61.7999992370605 62.0999984741211 64.5999984741211 66.8000030517578 68.1999969482422 68.3000030517578 66.5 64.0999984741211 62.9000015258789 59.9000015258789 54.2999992370605 52.5 59.5999984741211 79.3000030517578 94.8000030517578 108.900001525879 102.199996948242 120.199996948242 126.699996948242 124.400001525879 121.900001525879 120.900001525879 131.100006103516 133.800003051758 133.199996948242 128.5 125 124 120.300003051758 116.900001525879 114.900001525879
-3.4e+38 -3.4e+38 -3.4e+38 -3.4e+38 -3.4e+38 -3.4e+38 -3.4e+38 -3.4e+38 -3.4e+38 -3.4e+38 -3.4e+38 -3.4e+38 0.600000023841858 1.60000002384186 3.5 7.80000019073486 16 34.0999984741211 57.9000015258789 63.0999984741211 62.5999984741211 62.0999984741211 58.0999984741211 57.2000007629395 60.0999984741211 61.5999984741211 63.9000015258789 62.5999984741211 62.4000015258789 61.2999992370605 57.5999984741211 54.4000015258789 52.4000015258789 50.7000007629395 49.4000015258789 50.4000015258789 60.4000015258789 80.8000030517578 86.5999984741211 99.1999969482422 110.199996948242 116.5 111.400001525879 116.400001525879 116.599998474121 126.400001525879 132.199996948242 132.199996948242 126.400001525879 125.400001525879 123.300003051758 120.400001525879 115.800003051758 113.300003051758
-3.4e+38 -3.4e+38 -3.4e+38 -3.4e+38 -3.4e+38 -3.4e+38 -3.4e+38 -3.4e+38 -3.4e+38 -3.4e+38 -3.4e+38 -3.4e+38 0.899999976158142 2.40000009536743 2.79999995231628 5.80000019073486 12.8000001907349 27.1000003814697 48.4000015258789 56.7999992370605 61.4000015258789 57.9000015258789 53.7999992370605 56.2000007629395 56.7000007629395 58.2999992370605 59.5999984741211 57.0999984741211 55.0999984741211 55 54.0999984741211 49.7999992370605 47.5999984741211 48.7000007629395 49.0999984741211 52.5 60.9000015258789 71 74.5 85.9000015258789 103.900001525879 107.300003051758 103.900001525879 113.699996948242 115.699996948242 126.099998474121 129.399993896484 128.399993896484 125.800003051758 125.699996948242 123.5 119.099998474121 114.599998474121 112.099998474121
-3.4e+38 -3.4e+38 -3.4e+38 -3.4e+38 -3.4e+38 -3.4e+38 -3.4e+38 -3.4e+38 -3.4e+38 -3.4e+38 -3.4e+38 -3.4e+38 0.600000023841858 1.70000004768372 2.79999995231628 4.19999980926514 9.89999961853027 21.1000003814697 40.2999992370605 49.4000015258789 50.9000015258789 50.5999984741211 52.7000007629395 50.7000007629395 49 50.9000015258789 52.9000015258789 52.5 50.7000007629395 50.7999992370605 51.9000015258789 49.2999992370605 46.7999992370605 47.9000015258789 49.0999984741211 56.4000015258789 64.1999969482422 68.4000015258789 82.8000030517578 90.8000030517578 94.9000015258789 99.4000015258789 106.599998474121 107.599998474121 114.199996948242 122.800003051758 134 130.300003051758 125.599998474121 125.900001525879 122.699996948242 118.099998474121 113.099998474121 109
-3.4e+38 -3.4e+38 -3.4e+38 -3.4e+38 -3.4e+38 -3.4e+38 -3.4e+38 -3.4e+38 -3.4e+38 -3.4e+38 -3.4e+38 -3.4e+38 0.400000005960464 1.20000004768372 1.89999997615814 3.20000004768372 7.40000009536743 16.6000003814697 39.4000015258789 45.7999992370605 47.0999984741211 49.4000015258789 47.4000015258789 45.5999984741211 44.4000015258789 45.4000015258789 46.4000015258789 48 47.9000015258789 48.5999984741211 51.0999984741211 51.5999984741211 47.5 47.0999984741211 51.7999992370605 57.9000015258789 69.4000015258789 71.8000030517578 81.9000015258789 90.0999984741211 94.4000015258789 94.6999969482422 102.800003051758 99 103.400001525879 122.5 129.800003051758 128.100006103516 126 124.699996948242 121.400001525879 118.199996948242 111.300003051758 106.900001525879
-3.4e+38 -3.4e+38 -3.4e+38 -3.4e+38 -3.4e+38 -3.4e+38 -3.4e+38 -3.4e+38 -3.4e+38 -3.4e+38 -3.4e+38 -3.4e+38 0.300000011920929 0.800000011920929 1.5 2.79999995231628 5.40000009536743 12.1000003814697 32.2999992370605 39.4000015258789 42 43.9000015258789 40.9000015258789 41.2999992370605 40.9000015258789 41.9000015258789 42.5999984741211 44.5999984741211 45.7999992370605 47.0999984741211 50.5 54.7999992370605 50.2000007629395 50.2999992370605 55.2999992370605 59.5999984741211 65.8000030517578 72.4000015258789 86.3000030517578 91.4000015258789 96.8000030517578 93 97.9000015258789 101.800003051758 116.300003051758 122.800003051758 128.699996948242 127.300003051758 126.699996948242 124.599998474121 122.400001525879 120.300003051758 112.099998474121 107.300003051758
-3.4e+38 -3.4e+38 -3.4e+38 -3.4e+38 -3.4e+38 -3.4e+38 -3.4e+38 -3.4e+38 -3.4e+38 -3.4e+38 -3.4e+38 -3.4e+38 0.100000001490116 0.800000011920929 1.70000004768372 3.20000004768372 4 9.10000038146973 26.5 35.9000015258789 36.4000015258789 36.0999984741211 38.9000015258789 37.5 38.5999984741211 38.7999992370605 39.5999984741211 40.5 43.0999984741211 45.5 49.7000007629395 56.4000015258789 55.5999984741211 57.5 56.0999984741211 60.5999984741211 66.9000015258789 72.4000015258789 86.9000015258789 94.3000030517578 96.4000015258789 88.9000015258789 97.9000015258789 103 121.599998474121 122.300003051758 124.800003051758 126.800003051758 128.300003051758 127.300003051758 126.300003051758 124.099998474121 114.800003051758 106.900001525879
-3.4e+38 -3.4e+38 -3.4e+38 -3.4e+38 -3.4e+38 -3.4e+38 -3.4e+38 -3.4e+38 -3.4e+38 -3.4e+38 -3.4e+38 -3.4e+38 0.100000001490116 0.600000023841858 1.39999997615814 2.70000004768372 3.70000004768372 7 18.3999996185303 30.6000003814697 33.9000015258789 34.7999992370605 39.2999992370605 37.2999992370605 38.4000015258789 36.5999984741211 39.4000015258789 38 39.4000015258789 43.4000015258789 48.4000015258789 54.7999992370605 58.7999992370605 61 58.7999992370605 60 68.0999984741211 75.0999984741211 83.8000030517578 93.5999984741211 94.0999984741211 95.3000030517578 99 99.9000015258789 120.599998474121 122.599998474121 128 130.199996948242 130.800003051758 129.100006103516 129.399993896484 126.800003051758 119.800003051758 107.400001525879
-3.4e+38 -3.4e+38 -3.4e+38 -3.4e+38 -3.4e+38 -3.4e+38 -3.4e+38 -3.4e+38 -3.4e+38 -3.4e+38 -3.4e+38 -3.4e+38 0 0.400000005960464 1.10000002384186 2.09999990463257 3.40000009536743 5.90000009536743 14.1000003814697 29.3999996185303 32 34.5999984741211 37.5999984741211 37.5999984741211 36.2999992370605 34.5999984741211 37.7999992370605 35.2999992370605 36.7999992370605 41 46.0999984741211 51.0999984741211 56.2999992370605 59.7000007629395 59.0999984741211 60.2000007629395 68.6999969482422 75.5999984741211 84.4000015258789 92 95.0999984741211 99.3000030517578 98.6999969482422 104.300003051758 114 121.599998474121 132.100006103516 134.100006103516 134.100006103516 132.100006103516 132.300003051758 129.199996948242 119.900001525879 107.5
-3.4e+38 -3.4e+38 -3.4e+38 -3.4e+38 -3.4e+38 -3.4e+38 -3.4e+38 -3.4e+38 -3.4e+38 -3.4e+38 -3.4e+38 -3.4e+38 0 0.300000011920929 1 1.79999995231628 3.09999990463257 5.09999990463257 11.3000001907349 27.5 33.7999992370605 35.2999992370605 37 35.7999992370605 37.4000015258789 33.2000007629395 32.2000007629395 31.3999996185303 35.5999984741211 38.7999992370605 43.7999992370605 48.7999992370605 54.0999984741211 56.2999992370605 58.2999992370605 63.2999992370605 65.8000030517578 74.0999984741211 84.1999969482422 89.8000030517578 88.1999969482422 99.8000030517578 103.099998474121 102.099998474121 125.599998474121 126.400001525879 132.899993896484 140.100006103516 138.899993896484 137.100006103516 135.300003051758 131.600006103516 124.800003051758 113.800003051758
-3.4e+38 -3.4e+38 -3.4e+38 -3.4e+38 -3.4e+38 -3.4e+38 -3.4e+38 -3.4e+38 -3.4e+38 -3.4e+38 -3.4e+38 -3.4e+38 -3.4e+38 0.200000002980232 1 1.70000004768372 2.79999995231628 4.69999980926514 8.69999980926514 23.3999996185303 32.5999984741211 32.9000015258789 35.2999992370605 34.9000015258789 34.5999984741211 34.2999992370605 32.5 33.0999984741211 34.7000007629395 38.7999992370605 42.0999984741211 47.2000007629395 51.5999984741211 55.5999984741211 57.2999992370605 61.0999984741211 66.4000015258789 71.1999969482422 80.5999984741211 87.1999969482422 89.4000015258789 102.5 102.900001525879 105.400001525879 118.400001525879 131.100006103516 135 143.699996948242 145.800003051758 146.899993896484 143.100006103516 136.800003051758 132.899993896484 121.900001525879
-3.4e+38 -3.4e+38 -3.4e+38 -3.4e+38 -3.4e+38 -3.4e+38 -3.4e+38 -3.4e+38 -3.4e+38 -3.4e+38 -3.4e+38 -3.4e+38 -3.4e+38 0 0.899999976158142 1.60000002384186 2.5 4.19999980926514 7.30000019073486 21 29.2999992370605 33.7999992370605 35.9000015258789 34.5999984741211 34.4000015258789 35.5 35.4000015258789 37.0999984741211 34 36.2999992370605 39.7999992370605 45.7000007629395 49.7999992370605 53.7000007629395 56.2999992370605 60.4000015258789 69.0999984741211 75 82 86.4000015258789 90.3000030517578 104.300003051758 103.199996948242 104.599998474121 113.599998474121 122.5 130.800003051758 145 153.699996948242 153.899993896484 152.699996948242 146.800003051758 143.899993896484 130.600006103516
-3.4e+38 -3.4e+38 -3.4e+38 -3.4e+38 -3.4e+38 -3.4e+38 -3.4e+38 -3.4e+38 -3.4e+38 -3.4e+38 -3.4e+38 -3.4e+38 -3.4e+38 0 0.899999976158142 1.29999995231628 2.5 4 7.09999990463257 20.7999992370605 26.6000003814697 28 30.7999992370605 32.2999992370605 35.7000007629395 36.7999992370605 35.4000015258789 32.7999992370605 33.0999984741211 34.7999992370605 39.2999992370605 44.7999992370605 49.4000015258789 52.4000015258789 56.0999984741211 61 69.4000015258789 74.3000030517578 85.0999984741211 89.0999984741211 89 101.599998474121 99.3000030517578 104.800003051758 125.699996948242 123.5 123.5 145.600006103516 160.699996948242 162 162.100006103516 157.300003051758 148.899993896484 136.100006103516
-3.4e+38 -3.4e+38 -3.4e+38 -3.4e+38 -3.4e+38 -3.4e+38 -3.4e+38 -3.4e+38 -3.4e+38 -3.4e+38 -3.4e+38 -3.4e+38 -3.4e+38 0.200000002980232 1 1.29999995231628 2.29999995231628 3.59999990463257 8.60000038146973 19.1000003814697 23.3999996185303 26.1000003814697 32.2999992370605 30.2999992370605 33.4000015258789 37.2999992370605 38.2999992370605 34.9000015258789 35 35.5999984741211 39.2999992370605 43.9000015258789 48.0999984741211 51.7000007629395 55.5999984741211 61.7000007629395 69.4000015258789 77.6999969482422 86.5999984741211 92.9000015258789 92.9000015258789 100.599998474121 94.0999984741211 104.400001525879 133.899993896484 133.899993896484 132.699996948242 153.399993896484 162.199996948242 166.300003051758 174.5 165.699996948242 153.5 141.100006103516
-3.4e+38 -3.4e+38 -3.4e+38 -3.4e+38 -3.4e+38 -3.4e+38 -3.4e+38 -3.4e+38 -3.4e+38 -3.4e+38 -3.4e+38 -3.4e+38 0.100000001490116 0.600000023841858 1.10000002384186 1.29999995231628 2.29999995231628 3.79999995231628 8.60000038146973 17 20.2000007629395 20.2000007629395 27.2000007629395 30.5 33.5 35.7999992370605 36.9000015258789 37.2999992370605 34 36.2999992370605 39.0999984741211 42.9000015258789 46.7999992370605 50.7000007629395 56.5999984741211 64.6999969482422 69.5 78.8000030517578 85.4000015258789 94.8000030517578 95.9000015258789 96.3000030517578 90.9000015258789 115.699996948242 133.300003051758 134.399993896484 155.699996948242 164.300003051758 170.100006103516 175.199996948242 179.800003051758 170.699996948242 158.600006103516 146.199996948242
-3.4e+38 -3.4e+38 -3.4e+38 -3.4e+38 -3.4e+38 -3.4e+38 -3.4e+38 -3.4e+38 -3.4e+38 -3.4e+38 -3.4e+38 -3.4e+38 0.200000002980232 1 1 1.29999995231628 2.29999995231628 3.90000009536743 10 17.1000003814697 20.5 17.8999996185303 27.1000003814697 29.2000007629395 33.4000015258789 34.5999984741211 36.9000015258789 36.7999992370605 34.2999992370605 38.0999984741211 40.9000015258789 45.2999992370605 46.2999992370605 50.2999992370605 55.5999984741211 63.0999984741211 68.1999969482422 76.4000015258789 85.5999984741211 94.0999984741211 94.3000030517578 91.5 90.0999984741211 114.400001525879 125.300003051758 129.100006103516 170.199996948242 174.5 178.600006103516 182.800003051758 181.699996948242 176.600006103516 165.699996948242 152.100006103516
-3.4e+38 -3.4e+38 -3.4e+38 -3.4e+38 -3.4e+38 -3.4e+38 -3.4e+38 -3.4e+38 -3.4e+38 -3.4e+38 -3.4e+38 -3.4e+38 0 0.699999988079071 1 1.29999995231628 2.29999995231628 3.70000004768372 7 13.1000003814697 16.2999992370605 15.3999996185303 21.5 26.3999996185303 29.7000007629395 33.7999992370605 36.7999992370605 35.7999992370605 34.5 38.0999984741211 40.9000015258789 42.5 44.5999984741211 48.2000007629395 54.5999984741211 59.5 67.5999984741211 75.4000015258789 82.4000015258789 90 90.5999984741211 85.5999984741211 86.6999969482422 108.400001525879 127.800003051758 144.5 175.800003051758 185.399993896484 188.800003051758 189.600006103516 191.100006103516 187.199996948242 175.899993896484 161.100006103516
-3.4e+38 -3.4e+38 -3.4e+38 -3.4e+38 -3.4e+38 -3.4e+38 -3.4e+38 -3.4e+38 -3.4e+38 -3.4e+38 -3.4e+38 -3.4e+38 0 0.600000023841858 1 1.29999995231628 2.29999995231628 3.59999990463257 6.59999990463257 10.3999996185303 9.89999961853027 12.3000001907349 15.3999996185303 19.3999996185303 26.3999996185303 33.5 31.2999992370605 37.2000007629395 36.0999984741211 37.9000015258789 39.5 40.7000007629395 44.7999992370605 48.0999984741211 53.2000007629395 56.7999992370605 64.0999984741211 70.8000030517578 75.0999984741211 81.5 84.0999984741211 79.4000015258789 89.9000015258789 102.900001525879 132 168.100006103516 184.899993896484 189.399993896484 202.600006103516 197.600006103516 200.899993896484 201.399993896484 187.899993896484 169.5
-3.4e+38 -3.4e+38 -3.4e+38 -3.4e+38 -3.4e+38 -3.4e+38 -3.4e+38 -3.4e+38 -3.4e+38 -3.4e+38 -3.4e+38 -3.4e+38 0 1 1 1.29999995231628 2.29999995231628 3.40000009536743 5.59999990463257 7.30000019073486 8.69999980926514 11 14.6000003814697 19.7000007629395 26 33.2000007629395 34.5 34.4000015258789 36.4000015258789 37.2999992370605 40.2999992370605 41.4000015258789 43.5999984741211 45.4000015258789 50.2999992370605 54.5 61.9000015258789 66.0999984741211 70.9000015258789 74.5999984741211 77.4000015258789 74.5 83.3000030517578 105.599998474121 148.899993896484 189.600006103516 196 208.300003051758 211.399993896484 207.600006103516 212.600006103516 208.199996948242 194.5 179.399993896484
-3.4e+38 -3.4e+38 -3.4e+38 -3.4e+38 -3.4e+38 -3.4e+38 -3.4e+38 -3.4e+38 -3.4e+38 -3.4e+38 -3.4e+38 -3.4e+38 0 0.600000023841858 1 1.39999997615814 2.20000004768372 3.29999995231628 4.90000009536743 7.59999990463257 8.80000019073486 10.8999996185303 15.8999996185303 18.8999996185303 24.6000003814697 31.2999992370605 33.5999984741211 31.8999996185303 34.9000015258789 35.7999992370605 39.9000015258789 40.0999984741211 42 45.2000007629395 48.7999992370605 52.7999992370605 57.4000015258789 61.4000015258789 65.3000030517578 68.4000015258789 70.8000030517578 74.8000030517578 84.3000030517578 123.400001525879 164.5 187.300003051758 209.899993896484 221.399993896484 217.600006103516 216.399993896484 224.100006103516 219.399993896484 206.100006103516 187.5
-3.4e+38 -3.4e+38 -3.4e+38 -3.4e+38 -3.4e+38 -3.4e+38 -3.4e+38 -3.4e+38 -3.4e+38 -3.4e+38 -3.4e+38 -3.4e+38 0 0.600000023841858 1 1.29999995231628 2.20000004768372 3.29999995231628 5.59999990463257 8.19999980926514 8.80000019073486 11.1999998092651 15.1000003814697 15.3999996185303 19.1000003814697 28.2000007629395 29.7999992370605 33.2000007629395 34.7999992370605 35.2000007629395 36.5 39.0999984741211 40.2999992370605 44.0999984741211 46.4000015258789 51.2000007629395 54.0999984741211 58.2999992370605 60 63.7999992370605 66.0999984741211 73.1999969482422 90.9000015258789 130.899993896484 173.899993896484 199.100006103516 217.899993896484 226.100006103516 219.699996948242 221.800003051758 228.100006103516 221 208.600006103516 194
-3.4e+38 -3.4e+38 -3.4e+38 -3.4e+38 -3.4e+38 -3.4e+38 -3.4e+38 -3.4e+38 -3.4e+38 -3.4e+38 -3.4e+38 -3.4e+38 0 0.800000011920929 1 1.29999995231628 2 3.29999995231628 4.69999980926514 6.69999980926514 9.30000019073486 11.3999996185303 12.6000003814697 14.3000001907349 17 22.7000007629395 30.1000003814697 33.2999992370605 32 32.5999984741211 35.7999992370605 38.7999992370605 38.7999992370605 43.0999984741211 44.9000015258789 48.5 52.2000007629395 53.5 56.4000015258789 59.5 61.9000015258789 65.4000015258789 79.8000030517578 113.800003051758 177.300003051758 195.800003051758 211.600006103516 215.199996948242 219.399993896484 221.399993896484 225.399993896484 215.699996948242 204.100006103516 190.899993896484
-3.4e+38 -3.4e+38 -3.4e+38 -3.4e+38 -3.4e+38 -3.4e+38 -3.4e+38 -3.4e+38 -3.4e+38 -3.4e+38 -3.4e+38 0.300000011920929 0 0.300000011920929 1 1.20000004768372 2 3.29999995231628 5 8.10000038146973 10.5 11.6999998092651 11.3000001907349 14.1000003814697 16.5 20.7000007629395 30 32.0999984741211 31.1000003814697 31.2000007629395 34.2999992370605 35.9000015258789 37.4000015258789 39.4000015258789 43.2000007629395 46 48.9000015258789 50.2999992370605 54.7000007629395 56.9000015258789 57.4000015258789 61.4000015258789 67.9000015258789 101 171.800003051758 191.399993896484 201.399993896484 207.100006103516 213.699996948242 217.399993896484 212.300003051758 205.600006103516 197.100006103516 187.100006103516
-3.4e+38 -3.4e+38 -3.4e+38 -3.4e+38 -3.4e+38 -3.4e+38 -3.4e+38 -3.4e+38 -3.4e+38 -3.4e+38 1.20000004768372 0 0.100000001490116 0.200000002980232 1 1.10000002384186 2.09999990463257 3.29999995231628 5.80000019073486 7.69999980926514 8.89999961853027 9.10000038146973 10.5 13.6000003814697 16.1000003814697 18.7000007629395 26.3999996185303 30.6000003814697 31.7999992370605 29.2999992370605 31.1000003814697 34 36.2000007629395 38.0999984741211 42 43.7999992370605 46.9000015258789 47.4000015258789 53 53.5 55 57.5 65.0999984741211 89.5999984741211 170.800003051758 185.800003051758 192.399993896484 198.399993896484 202.899993896484 204.399993896484 200.600006103516 198.5 191.100006103516 180.800003051758
