data/layers/future_layer_mc_585_60/bio18.asc
NCOLS 494 
NROWS 529 
XLLCORNER -117.166666666667 
YLLCORNER -55.5 
CELLSIZE 0.166666666666667 
NODATA_value -3.4e+38 
[rows 336 to 359 of 529, columns 270 to 323 of 494]
-3.4e+38 -3.4e+38 -3.4e+38 -3.4e+38 -3.4e+38 -3.4e+38 -3.4e+38 -3.4e+38 -3.4e+38 -3.4e+38 0 0 0 0 1.70000004768372 2.29999995231628 3.59999990463257 6 10.1000003814697 13.3999996185303 16.3999996185303 18.8999996185303 22.8999996185303 29.6000003814697 35.5999984741211 41.5 57.0999984741211 60.2999992370605 65.5 71.5999984741211 73.4000015258789 81.3000030517578 84.5 80.5999984741211 73 78.8000030517578 86.3000030517578 91 98.5999984741211 114.099998474121 120.599998474121 128.800003051758 156.800003051758 244.699996948242 379.899993896484 419.299987792969 479.299987792969 495.899993896484 543.099975585938 561.099975585938 545.700012207031 529.900024414062 504.100006103516 473.600006103516
-3.4e+38 -3.4e+38 -3.4e+38 -3.4e+38 -3.4e+38 -3.4e+38 -3.4e+38 -3.4e+38 -3.4e+38 -3.4e+38 -3.4e+38 0 0 0 1.29999995231628 2 3.79999995231628 5.40000009536743 8.89999961853027 11.3999996185303 15.3000001907349 18.6000003814697 21.7999992370605 28.7000007629395 34.9000015258789 40.2000007629395 55.7999992370605 61.5999984741211 66.3000030517578 69.4000015258789 74.9000015258789 79.8000030517578 83.5999984741211 74.3000030517578 70.6999969482422 78.3000030517578 83.5999984741211 88.8000030517578 97.5999984741211 112.5 129.600006103516 142.300003051758 275.399993896484 293.399993896484 362.799987792969 405.600006103516 424.100006103516 448.299987792969 492.5 515.099975585938 516.900024414062 513.099975585938 494.200012207031 477.100006103516
-3.4e+38 -3.4e+38 -3.4e+38 -3.4e+38 -3.4e+38 -3.4e+38 -3.4e+38 -3.4e+38 -3.4e+38 -3.4e+38 -3.4e+38 0 0 0 1 2 3.40000009536743 5.30000019073486 8.89999961853027 10.8999996185303 16 18.2999992370605 21.6000003814697 27.7000007629395 33.7999992370605 41.0999984741211 54.5999984741211 68.9000015258789 66.3000030517578 68.4000015258789 73.8000030517578 81.3000030517578 81.5999984741211 64.5 69.1999969482422 76.3000030517578 82.1999969482422 88.5999984741211 97.9000015258789 118.199996948242 138.399993896484 203.899993896484 367 371.700012207031 352.399993896484 360.799987792969 406.700012207031 443.399993896484 452.799987792969 450.200012207031 501.799987792969 488.299987792969 473.200012207031 454.399993896484
-3.4e+38 -3.4e+38 -3.4e+38 -3.4e+38 -3.4e+38 -3.4e+38 -3.4e+38 -3.4e+38 -3.4e+38 -3.4e+38 0 0 0 0 1.10000002384186 2 3.09999990463257 5.90000009536743 9.10000038146973 10.8000001907349 15.6000003814697 17.5 22.8999996185303 27 32.9000015258789 42.7999992370605 47.7999992370605 57.2999992370605 63.9000015258789 65.8000030517578 67.9000015258789 78.3000030517578 82.1999969482422 70.3000030517578 69.0999984741211 76.0999984741211 82.4000015258789 90.8000030517578 98.9000015258789 122.699996948242 218.600006103516 319.600006103516 375.5 342.799987792969 317.200012207031 339 386.700012207031 407.799987792969 439.100006103516 477.299987792969 479.200012207031 465.399993896484 451.600006103516 436.700012207031
-3.4e+38 -3.4e+38 -3.4e+38 -3.4e+38 -3.4e+38 -3.4e+38 -3.4e+38 -3.4e+38 -3.4e+38 -3.4e+38 0 0 0 0 0.600000023841858 2 2.79999995231628 5.09999990463257 8.89999961853027 13.3000001907349 15.3999996185303 17.8999996185303 23.1000003814697 26.2000007629395 35.7000007629395 48.7000007629395 50.0999984741211 52.7000007629395 63.9000015258789 66.8000030517578 65.5999984741211 75.4000015258789 81.4000015258789 87.9000015258789 72.5999984741211 75 83.3000030517578 90.5999984741211 102.699996948242 136.699996948242 305.600006103516 365.200012207031 372.899993896484 309.100006103516 285.100006103516 332.899993896484 371.799987792969 388.799987792969 447.100006103516 465.399993896484 460.399993896484 448.399993896484 431.299987792969 413.600006103516
-3.4e+38 -3.4e+38 -3.4e+38 -3.4e+38 -3.4e+38 -3.4e+38 -3.4e+38 -3.4e+38 -3.4e+38 -3.4e+38 0 0 0 0 0.400000005960464 2 2.90000009536743 6 10.1000003814697 13.3999996185303 15.3999996185303 22.3999996185303 22.7000007629395 27.3999996185303 46.7999992370605 40.9000015258789 50.0999984741211 49.2999992370605 59.0999984741211 65.0999984741211 68.0999984741211 73.9000015258789 94.3000030517578 93.8000030517578 71.5999984741211 74.5 82.9000015258789 91.5999984741211 99.3000030517578 131.399993896484 327.899993896484 393.799987792969 359.5 291.200012207031 280.5 331.299987792969 364.600006103516 413.399993896484 440.299987792969 446.399993896484 450.100006103516 434.399993896484 419.600006103516 401.100006103516
-3.4e+38 -3.4e+38 -3.4e+38 -3.4e+38 -3.4e+38 -3.4e+38 -3.4e+38 -3.4e+38 -3.4e+38 -3.4e+38 0 0.100000001490116 0.400000005960464 0 0.5 1.89999997615814 2.70000004768372 6.09999990463257 10.3999996185303 11.8999996185303 15.8000001907349 24.7999992370605 27.6000003814697 34 44.5999984741211 42.5999984741211 41.7999992370605 48.4000015258789 53.5999984741211 64.5999984741211 65.6999969482422 75 88.8000030517578 92.3000030517578 82.6999969482422 78.9000015258789 87.9000015258789 94.9000015258789 102 131.600006103516 289 364.899993896484 298.799987792969 272.600006103516 279.899993896484 332.100006103516 359.200012207031 433.600006103516 442.299987792969 444 432.299987792969 420.299987792969 405.899993896484 388.899993896484
-3.4e+38 -3.4e+38 -3.4e+38 -3.4e+38 -3.4e+38 -3.4e+38 -3.4e+38 -3.4e+38 -3.4e+38 -3.4e+38 0 0.400000005960464 0.699999988079071 0.300000011920929 0.400000005960464 1.79999995231628 2.5 7.69999980926514 10.1999998092651 12 17.1000003814697 28 35.2999992370605 33.7999992370605 41.0999984741211 38.0999984741211 44 51.9000015258789 52.7000007629395 61.7000007629395 63 74.3000030517578 77.3000030517578 83.8000030517578 100.400001525879 81.9000015258789 89.9000015258789 99.0999984741211 109.599998474121 173.399993896484 328.299987792969 336.799987792969 254.100006103516 251.899993896484 289.399993896484 342.600006103516 390.600006103516 405.100006103516 389.5 391.600006103516 416.899993896484 405.899993896484 389.600006103516 377.700012207031
-3.4e+38 -3.4e+38 -3.4e+38 -3.4e+38 -3.4e+38 -3.4e+38 -3.4e+38 -3.4e+38 -3.4e+38 -3.4e+38 0 0.100000001490116 0 0.5 1 1.79999995231628 3.20000004768372 8.10000038146973 11.8999996185303 11.6999998092651 19.2999992370605 35.0999984741211 31.7999992370605 32.7999992370605 37.5999984741211 44.7000007629395 54.7000007629395 49.5999984741211 51.9000015258789 60.9000015258789 64.3000030517578 69.8000030517578 75.5999984741211 83.8000030517578 91.0999984741211 82.5999984741211 88.8000030517578 101.099998474121 134.600006103516 257.200012207031 358.700012207031 342.299987792969 261.200012207031 281 333.200012207031 354.799987792969 380.899993896484 352.600006103516 350.299987792969 363.100006103516 389.399993896484 384.799987792969 377.700012207031 372.899993896484
-3.4e+38 -3.4e+38 -3.4e+38 -3.4e+38 -3.4e+38 -3.4e+38 -3.4e+38 -3.4e+38 -3.4e+38 -3.4e+38 0.100000001490116 0 0.100000001490116 0.400000005960464 1.10000002384186 2.79999995231628 3.40000009536743 7.90000009536743 13.8999996185303 14.8999996185303 20.8999996185303 28.2000007629395 32.4000015258789 32.2000007629395 35.9000015258789 40.4000015258789 51.5999984741211 50.7999992370605 51.4000015258789 61.5999984741211 65.0999984741211 76.3000030517578 77.3000030517578 89.8000030517578 76.5999984741211 88.8000030517578 100.400001525879 103.300003051758 165.800003051758 302.600006103516 341.700012207031 326.899993896484 297.700012207031 304.799987792969 337.299987792969 364.899993896484 360.100006103516 311.799987792969 326.799987792969 340.299987792969 374.799987792969 372.399993896484 370.899993896484 366.200012207031
-3.4e+38 -3.4e+38 -3.4e+38 -3.4e+38 -3.4e+38 -3.4e+38 -3.4e+38 -3.4e+38 -3.4e+38 -3.4e+38 0.300000011920929 0 0 0 1 2.90000009536743 5.30000019073486 13.6000003814697 16.3999996185303 15.8999996185303 20.1000003814697 26.8999996185303 36.9000015258789 34.0999984741211 34.5999984741211 42.4000015258789 42.9000015258789 46.5999984741211 50.0999984741211 58.5999984741211 63.0999984741211 79 79.3000030517578 91.5999984741211 71.8000030517578 88.0999984741211 96.5999984741211 101.900001525879 152.5 261.799987792969 303.899993896484 294.899993896484 302.299987792969 315.799987792969 337.200012207031 365 351.399993896484 319.100006103516 326.200012207031 344.600006103516 356.5 360.600006103516 359.799987792969 356.399993896484
-3.4e+38 -3.4e+38 -3.4e+38 -3.4e+38 -3.4e+38 -3.4e+38 -3.4e+38 -3.4e+38 -3.4e+38 -3.4e+38 -3.4e+38 0 0 0 0.699999988079071 1.89999997615814 5.40000009536743 14.3999996185303 17.7999992370605 16.3999996185303 19.7999992370605 32.9000015258789 36.4000015258789 36.2000007629395 33.9000015258789 46.7999992370605 47.0999984741211 53.5999984741211 52.4000015258789 60.9000015258789 64.9000015258789 72.5999984741211 80.8000030517578 83.3000030517578 75.9000015258789 87.3000030517578 91.3000030517578 102.300003051758 140.899993896484 213.600006103516 274.799987792969 285 297.399993896484 328.899993896484 377.200012207031 366.5 356.799987792969 344.899993896484 330.299987792969 344.100006103516 348.799987792969 352.5 354.399993896484 350.600006103516
-3.4e+38 -3.4e+38 -3.4e+38 -3.4e+38 -3.4e+38 -3.4e+38 -3.4e+38 -3.4e+38 -3.4e+38 -3.4e+38 -3.4e+38 0 0 0 0.300000011920929 1.5 4.90000009536743 9.89999961853027 17.2999992370605 20.7999992370605 21.3999996185303 32.2000007629395 33.4000015258789 38.7000007629395 41.2000007629395 47.0999984741211 49.7999992370605 51.0999984741211 51.5999984741211 64.3000030517578 65.4000015258789 70.8000030517578 85.6999969482422 81.0999984741211 76.5999984741211 81.8000030517578 86.3000030517578 103.300003051758 137.100006103516 214.600006103516 245.100006103516 231.100006103516 314.799987792969 357.399993896484 347.700012207031 387.700012207031 387.799987792969 364.299987792969 346.399993896484 350.700012207031 354.899993896484 356.299987792969 352 348
-3.4e+38 -3.4e+38 -3.4e+38 -3.4e+38 -3.4e+38 -3.4e+38 -3.4e+38 -3.4e+38 -3.4e+38 0 0 0 0 0 0.300000011920929 1.79999995231628 5.80000019073486 10.8000001907349 18.7999992370605 18.2999992370605 24.7999992370605 31.2999992370605 28.6000003814697 35.4000015258789 42.2999992370605 60.0999984741211 49.7999992370605 43.0999984741211 63.2000007629395 65.8000030517578 72.5 76.1999969482422 85.5999984741211 74.4000015258789 70.0999984741211 76.9000015258789 81.9000015258789 94.8000030517578 123.400001525879 183.100006103516 184.699996948242 204.300003051758 318.299987792969 361.799987792969 398.399993896484 415.899993896484 416.100006103516 379.799987792969 364.600006103516 358.100006103516 357.100006103516 356.799987792969 353.899993896484 350.5
-3.4e+38 -3.4e+38 -3.4e+38 -3.4e+38 -3.4e+38 -3.4e+38 -3.4e+38 -3.4e+38 -3.4e+38 0 0 0 0 0 0.100000001490116 1.60000002384186 5.30000019073486 10.5 20.1000003814697 18.7999992370605 26.2999992370605 27.6000003814697 33.0999984741211 35.2999992370605 34.5999984741211 42.5999984741211 38.0999984741211 54.2999992370605 61.7000007629395 67.5999984741211 78.0999984741211 83.5 87.1999969482422 83.6999969482422 70.5999984741211 69.9000015258789 80.5999984741211 92.3000030517578 120.800003051758 130.699996948242 166.5 228.399993896484 358.700012207031 409.899993896484 422.799987792969 425.200012207031 416.899993896484 399.299987792969 379.299987792969 369.200012207031 364.100006103516 360.899993896484 355.299987792969 350.600006103516
-3.4e+38 -3.4e+38 -3.4e+38 -3.4e+38 -3.4e+38 -3.4e+38 -3.4e+38 -3.4e+38 -3.4e+38 0 0 0 0 0 0 1.39999997615814 5.80000019073486 12.6000003814697 19.1000003814697 22.1000003814697 26.5 31.2000007629395 34.5999984741211 35.2999992370605 33.7999992370605 34.2999992370605 41 52.9000015258789 50.2999992370605 63.9000015258789 81.6999969482422 91.5999984741211 91.0999984741211 93.1999969482422 73.1999969482422 74.8000030517578 89 102 108.699996948242 135.300003051758 184.800003051758 278.799987792969 312.600006103516 377.600006103516 432.399993896484 424.799987792969 422.399993896484 411.799987792969 399.100006103516 385.299987792969 373.5 366 358.5 352.100006103516
-3.4e+38 -3.4e+38 -3.4e+38 -3.4e+38 -3.4e+38 -3.4e+38 -3.4e+38 -3.4e+38 -3.4e+38 0.100000001490116 0 0 0 0 0 1.29999995231628 6.90000009536743 14.3000001907349 17.3999996185303 26.5 29.1000003814697 35.2000007629395 39.2999992370605 41.2000007629395 38.0999984741211 38.4000015258789 51.5 48.9000015258789 49.0999984741211 65.1999969482422 79.9000015258789 88.9000015258789 94.5999984741211 89.3000030517578 76.0999984741211 84.5 96.9000015258789 106.800003051758 113 180.300003051758 246.100006103516 253.600006103516 294.100006103516 303.600006103516 427.299987792969 436.200012207031 430.899993896484 420.899993896484 409 393.899993896484 379.299987792969 369.399993896484 363.100006103516 354.100006103516
-3.4e+38 -3.4e+38 -3.4e+38 -3.4e+38 -3.4e+38 -3.4e+38 -3.4e+38 -3.4e+38 -3.4e+38 0.300000011920929 0 0 0 0 0.100000001490116 3 8.10000038146973 12.1999998092651 14.3999996185303 22.6000003814697 32.4000015258789 34.4000015258789 41.5999984741211 49.5999984741211 37.2999992370605 40.0999984741211 49.2999992370605 46.4000015258789 47.7999992370605 60.7999992370605 77.0999984741211 83.0999984741211 90 91.3000030517578 79.3000030517578 89.1999969482422 99.3000030517578 109.199996948242 117.400001525879 194.5 241.800003051758 276.299987792969 301.799987792969 391.799987792969 426.399993896484 440.200012207031 447.899993896484 425 409.299987792969 394.899993896484 380.899993896484 372.299987792969 363.100006103516 354.5
-3.4e+38 -3.4e+38 -3.4e+38 -3.4e+38 -3.4e+38 -3.4e+38 -3.4e+38 -3.4e+38 -3.4e+38 0.100000001490116 0 0 0 0 0.200000002980232 3.40000009536743 8.30000019073486 14.8000001907349 17.2999992370605 25.1000003814697 32.5999984741211 39.7999992370605 46.5 46.0999984741211 40.7999992370605 52.0999984741211 51 46.4000015258789 48.4000015258789 60.5999984741211 84.6999969482422 72.4000015258789 64.5999984741211 70.5999984741211 84 88.3000030517578 102 117.099998474121 125 213.899993896484 279.799987792969 311.100006103516 394.700012207031 441.799987792969 434 446 455.899993896484 424.700012207031 406.100006103516 393.299987792969 381.200012207031 371.399993896484 362.200012207031 353.399993896484
-3.4e+38 -3.4e+38 -3.4e+38 -3.4e+38 -3.4e+38 -3.4e+38 -3.4e+38 -3.4e+38 -3.4e+38 0.100000001490116 0 0 0 0 1.29999995231628 9.89999961853027 15 20.7000007629395 20.3999996185303 26.2999992370605 34 43.5 46.2999992370605 43.7999992370605 47.2999992370605 58.4000015258789 53.7999992370605 52.4000015258789 54.7999992370605 64.3000030517578 91.5999984741211 71.0999984741211 63.5999984741211 74.8000030517578 83.8000030517578 85.9000015258789 101.300003051758 113.199996948242 131.899993896484 218.600006103516 339.899993896484 403.899993896484 459.5 455.299987792969 424.899993896484 420.399993896484 423.899993896484 408.5 397.799987792969 387.399993896484 378.299987792969 368.399993896484 361.799987792969 353.200012207031
-3.4e+38 -3.4e+38 -3.4e+38 -3.4e+38 -3.4e+38 -3.4e+38 -3.4e+38 -3.4e+38 -3.4e+38 0 0 0 0 0.100000001490116 2.79999995231628 9.30000019073486 15.1000003814697 24 23.6000003814697 29.1000003814697 35 41.7999992370605 47.2999992370605 50.5999984741211 57.0999984741211 56.7999992370605 58.4000015258789 65.5 65.5999984741211 70.0999984741211 79.0999984741211 77.9000015258789 72.5999984741211 83 72.4000015258789 85.9000015258789 97.9000015258789 116.900001525879 137.800003051758 263.5 499.600006103516 486.299987792969 501.200012207031 467.899993896484 409.399993896484 399.600006103516 402.100006103516 390 384.799987792969 379.100006103516 374.700012207031 364 357.899993896484 351.899993896484
-3.4e+38 -3.4e+38 -3.4e+38 -3.4e+38 -3.4e+38 -3.4e+38 -3.4e+38 -3.4e+38 0.899999976158142 0 0 0 0 0.5 4.59999990463257 9.30000019073486 15.1000003814697 22.6000003814697 23.6000003814697 31.8999996185303 36.7999992370605 42.5 45.7000007629395 50.5999984741211 50.9000015258789 58.2999992370605 55.5 67.3000030517578 74.5999984741211 80.5999984741211 85.0999984741211 71 69.9000015258789 79.0999984741211 72.5999984741211 88.5 105.900001525879 124.599998474121 174.399993896484 369.600006103516 463.700012207031 482.600006103516 508.899993896484 465.299987792969 401.600006103516 370.899993896484 375.799987792969 371.899993896484 374.600006103516 372.799987792969 368.399993896484 358.899993896484 354.100006103516 349.299987792969
-3.4e+38 -3.4e+38 -3.4e+38 -3.4e+38 -3.4e+38 -3.4e+38 -3.4e+38 -3.4e+38 1 0.100000001490116 0 0 0.100000001490116 0.300000011920929 3.40000009536743 8.10000038146973 15.1000003814697 24 24.7999992370605 33.4000015258789 50.7000007629395 55.0999984741211 55.5999984741211 54.4000015258789 52.9000015258789 58.4000015258789 51.5999984741211 68.8000030517578 74.5 82.3000030517578 77.1999969482422 63.0999984741211 69.0999984741211 72.5999984741211 80.3000030517578 92.6999969482422 114.900001525879 146.300003051758 343.299987792969 406.200012207031 409.600006103516 445 458.100006103516 440.399993896484 401.299987792969 359.200012207031 364.100006103516 362.700012207031 364.200012207031 366.600006103516 362.100006103516 354.399993896484 349.100006103516 345.600006103516
-3.4e+38 -3.4e+38 -3.4e+38 -3.4e+38 -3.4e+38 -3.4e+38 -3.4e+38 -3.4e+38 0.699999988079071 0 0 0 0 0.699999988079071 7.40000009536743 9.80000019073486 19.5 26.6000003814697 31.1000003814697 36.0999984741211 41.4000015258789 55.4000015258789 52.7000007629395 52.9000015258789 54.2000007629395 65.3000030517578 52.5 58.9000015258789 61.5999984741211 79.5999984741211 66.0999984741211 91.5999984741211 71.5999984741211 80.6999969482422 89.8000030517578 106.099998474121 130.300003051758 260.399993896484 352.700012207031 360.600006103516 387.5 413 426.100006103516 423.100006103516 397.899993896484 366.799987792969 365.299987792969 359.799987792969 359.799987792969 357.299987792969 351.799987792969 348.799987792969 345.200012207031 342
