data/layers/future_layer_mc_585_60/bio16.asc
NCOLS 494 
NROWS 529 
XLLCORNER -117.166666666667 
YLLCORNER -55.5 
CELLSIZE 0.166666666666667 
NODATA_value -3.4e+38 
[rows 312 to 335 of 529, columns 378 to 431 of 494]
664.400024414062 677.099975585938 686.400024414062 682.400024414062 687.799987792969 685.400024414062 687.299987792969 686.299987792969 682.700012207031 679.200012207031 682.299987792969 687.599975585938 690.799987792969 691.799987792969 697.900024414062 698.299987792969 703.5 704.900024414062 696.099975585938 681.299987792969 675.299987792969 672.400024414062 666.599975585938 668.099975585938 669.799987792969 676.5 688.299987792969 701.799987792969 715.700012207031 729.400024414062 744.599975585938 758.099975585938 765.900024414062 774.200012207031 782.900024414062 789.400024414062 797.799987792969 815.400024414062 824.799987792969 831.900024414062 849.099975585938 855.5 852.099975585938 850.599975585938 839.099975585938 821.400024414062 814.400024414062 819.5 806.099975585938 785.5 768.799987792969 767.700012207031 737.799987792969 707.299987792969
658.799987792969 666.099975585938 671.900024414062 670.099975585938 668.200012207031 672.599975585938 669.799987792969 668.599975585938 658.900024414062 660.299987792969 666.599975585938 670.099975585938 674.400024414062 679.299987792969 685.400024414062 687.900024414062 693.799987792969 696.299987792969 688.099975585938 666.299987792969 661.200012207031 651.099975585938 647.599975585938 648.900024414062 651.5 659.799987792969 672.599975585938 687.299987792969 706 723.099975585938 743.700012207031 759.799987792969 770.400024414062 774.400024414062 775.400024414062 778.299987792969 785.5 798.599975585938 816.400024414062 831.799987792969 843.5 855.299987792969 857.900024414062 865 852.400024414062 828.599975585938 817.700012207031 816.400024414062 808.400024414062 785.299987792969 764.099975585938 765.200012207031 761.200012207031 754.400024414062
654 656.099975585938 661.599975585938 657.299987792969 653.099975585938 653.599975585938 649.5 651.299987792969 648.799987792969 651.299987792969 651.400024414062 652.299987792969 657.099975585938 661.900024414062 668.599975585938 672.900024414062 677.799987792969 680.200012207031 665 653.200012207031 640.400024414062 628.5 625.099975585938 626.099975585938 629.099975585938 640.099975585938 654.900024414062 672.099975585938 695.299987792969 721 745.200012207031 765.900024414062 768.700012207031 769 768.400024414062 767.900024414062 774.200012207031 788.099975585938 801.400024414062 817.200012207031 835.299987792969 849.400024414062 862.200012207031 865.900024414062 858.299987792969 834.900024414062 829.900024414062 811.5 789.299987792969 776.700012207031 764.299987792969 766.099975585938 779.200012207031 804.099975585938
645.599975585938 642.900024414062 647.799987792969 646 639 635.599975585938 629.799987792969 630.900024414062 633.099975585938 636.900024414062 634 631.799987792969 637.700012207031 639.700012207031 646.299987792969 649.400024414062 651.5 651.799987792969 638.400024414062 623.299987792969 608.400024414062 601.799987792969 600.099975585938 597.200012207031 599 614.099975585938 629.200012207031 649.099975585938 675.299987792969 705.599975585938 744.799987792969 772.400024414062 763.400024414062 754.400024414062 752.299987792969 758.099975585938 767.599975585938 780 792.599975585938 802.900024414062 816.5 839.900024414062 848.799987792969 858.700012207031 858.599975585938 845.700012207031 827.099975585938 814.200012207031 765.599975585938 762.099975585938 765.299987792969 767.799987792969 784.799987792969 811.799987792969
634 630.5 635.099975585938 632.900024414062 626.900024414062 622.5 617.900024414062 616.299987792969 616.099975585938 615.299987792969 616.900024414062 614 614.099975585938 617.599975585938 622.900024414062 625.599975585938 624.799987792969 621.700012207031 611.400024414062 595 586.799987792969 580.400024414062 582.599975585938 585.400024414062 588.799987792969 598.599975585938 613.599975585938 640.799987792969 663.299987792969 687.900024414062 728.5 759.799987792969 744.799987792969 728.200012207031 728.5 737.299987792969 752.400024414062 765.599975585938 790.599975585938 791.599975585938 795.700012207031 816.700012207031 840.299987792969 845.799987792969 847.700012207031 839.599975585938 813.299987792969 782.400024414062 761 766.200012207031 761.299987792969 761.799987792969 785.400024414062 806.099975585938
619.400024414062 617 614.700012207031 618.799987792969 619.299987792969 608.599975585938 604 605.200012207031 603.799987792969 597.299987792969 596.599975585938 593.5 592.5 592.900024414062 597.799987792969 597.400024414062 596.5 592.299987792969 579.099975585938 575.200012207031 564.599975585938 561.599975585938 569.700012207031 580.5 583.700012207031 593.400024414062 604 627.599975585938 651.700012207031 666.599975585938 690.5 707.400024414062 712.400024414062 698.599975585938 705 724.799987792969 745.299987792969 764.200012207031 779.099975585938 785.900024414062 793.299987792969 792.700012207031 805.599975585938 810.599975585938 832.900024414062 843.799987792969 832.099975585938 791.900024414062 767.099975585938 759.200012207031 756.799987792969 755.900024414062 784.299987792969 809.099975585938
606.599975585938 601 599.5 600.200012207031 598.5 591.299987792969 587.900024414062 586 583.099975585938 576.599975585938 575.5 571.099975585938 567.799987792969 568.400024414062 567.700012207031 573.099975585938 567.599975585938 566.099975585938 567 563.400024414062 556.400024414062 554.200012207031 560.299987792969 571.400024414062 584.200012207031 600.099975585938 613.700012207031 634.599975585938 657.400024414062 665.5 679.799987792969 682.700012207031 687.900024414062 673.900024414062 686.400024414062 714.5 742.799987792969 761.599975585938 772.5 774.099975585938 778.900024414062 785.799987792969 800.299987792969 785.400024414062 801.099975585938 829.400024414062 830.099975585938 806.099975585938 777.700012207031 773.799987792969 764.299987792969 767.400024414062 792.299987792969 814.099975585938
597.200012207031 591.700012207031 583.5 578.5 577.900024414062 574.900024414062 573 570.400024414062 560.799987792969 560.900024414062 555.5 550.099975585938 549.400024414062 545.400024414062 545.099975585938 542.599975585938 549.099975585938 551.900024414062 553.099975585938 550.099975585938 549.099975585938 549.400024414062 556.299987792969 565.400024414062 581.400024414062 597.700012207031 619.299987792969 645.200012207031 659.299987792969 668.900024414062 673.599975585938 680.5 680.099975585938 677.400024414062 684.299987792969 713.099975585938 745.400024414062 763 763.799987792969 765.599975585938 771.900024414062 777.299987792969 790.299987792969 784.400024414062 789.400024414062 789.400024414062 807.900024414062 810.700012207031 785.900024414062 790.299987792969 766.200012207031 766.900024414062 783.099975585938 814.099975585938
581.599975585938 577 568.400024414062 565.200012207031 561.099975585938 561.799987792969 555.900024414062 551.900024414062 546.599975585938 538.400024414062 533.400024414062 531.799987792969 528.599975585938 524.900024414062 524.200012207031 520.299987792969 532.599975585938 533.299987792969 530.700012207031 532.599975585938 539.099975585938 546 552.900024414062 560.900024414062 572.200012207031 583.299987792969 599 617.299987792969 625.799987792969 642.700012207031 658.5 677.299987792969 680.099975585938 682.400024414062 687.299987792969 709.599975585938 740.700012207031 756.900024414062 751.700012207031 755.799987792969 760.900024414062 767.299987792969 777.099975585938 773.599975585938 779 784.400024414062 779.200012207031 776.799987792969 773.099975585938 762.900024414062 759.400024414062 761.900024414062 782.799987792969 820
565.099975585938 558.900024414062 551.900024414062 549.099975585938 542.900024414062 542.299987792969 540.5 533.099975585938 527.799987792969 524.299987792969 511.100006103516 508 506.899993896484 502.399993896484 496.899993896484 498.399993896484 515.700012207031 517.900024414062 513.099975585938 518.200012207031 526.099975585938 536.200012207031 547.5 554.099975585938 560.299987792969 565.599975585938 572.099975585938 576.5 588.200012207031 614.5 639.200012207031 662.299987792969 682.700012207031 694.400024414062 689.299987792969 701.200012207031 724.900024414062 739.400024414062 742 747.799987792969 750.900024414062 754 763.400024414062 768.099975585938 778.099975585938 778.900024414062 779.700012207031 776 766.900024414062 777.299987792969 781.599975585938 762.400024414062 775 800.599975585938
549.700012207031 544.700012207031 534.200012207031 532 527 524.799987792969 522 516.900024414062 512.400024414062 505.899993896484 500.200012207031 494.100006103516 491.899993896484 485.100006103516 472.5 477.200012207031 489.100006103516 499.200012207031 505.299987792969 517 530 536.099975585938 543.200012207031 549.099975585938 550.599975585938 552.099975585938 555.799987792969 561.599975585938 575.299987792969 596.099975585938 618.099975585938 643.299987792969 663.900024414062 677.299987792969 679.299987792969 692.900024414062 711.099975585938 726.099975585938 735.900024414062 734.099975585938 734.099975585938 740.099975585938 751.700012207031 761.799987792969 769 770.400024414062 778.299987792969 773.599975585938 756.700012207031 753 757.400024414062 756.099975585938 762.799987792969 776.400024414062
535.099975585938 529.799987792969 525.900024414062 519.099975585938 514.400024414062 509.5 505.899993896484 501.100006103516 496.399993896484 490.600006103516 489.399993896484 484.799987792969 484.299987792969 465.899993896484 470 459 473.299987792969 491.5 507.299987792969 520 530.599975585938 540.5 553.099975585938 551.299987792969 547.200012207031 544.400024414062 545.400024414062 555.900024414062 571.5 589.5 604.299987792969 622.599975585938 643.900024414062 660.900024414062 667.599975585938 678.400024414062 692.799987792969 705 720.400024414062 712 711.599975585938 729 736.299987792969 740.900024414062 750.900024414062 754.299987792969 756.700012207031 757.599975585938 758.099975585938 751.299987792969 758.799987792969 757.400024414062 760.599975585938 771.099975585938
521.900024414062 519.799987792969 513.099975585938 507.700012207031 499.399993896484 497.899993896484 491.299987792969 487.5 482.700012207031 478.100006103516 475.600006103516 475.799987792969 469.799987792969 461.5 471.899993896484 476.799987792969 484.600006103516 494.5 507.299987792969 522.5 533.900024414062 545.799987792969 556 560.400024414062 566.400024414062 555.200012207031 548.400024414062 554 570.700012207031 588.099975585938 597.299987792969 612.299987792969 632.799987792969 656.299987792969 668.200012207031 672.400024414062 679.099975585938 685.900024414062 691.900024414062 694.900024414062 695.400024414062 696.799987792969 703 723.599975585938 744.799987792969 758.299987792969 763.900024414062 762.299987792969 760.099975585938 761.099975585938 751.599975585938 752.099975585938 766.799987792969 779.099975585938
528.200012207031 522.299987792969 513.299987792969 501.600006103516 490.600006103516 483.600006103516 476.399993896484 472.399993896484 468.399993896484 465.299987792969 465.100006103516 462.299987792969 452.600006103516 462.100006103516 469.399993896484 482.299987792969 490.299987792969 495.600006103516 506.799987792969 524.5 532.700012207031 543.400024414062 551.900024414062 558.099975585938 557.599975585938 553.5 550.700012207031 558.599975585938 576.099975585938 592.900024414062 593 598.200012207031 619.099975585938 645.400024414062 665.299987792969 664.900024414062 664.299987792969 668.299987792969 677 687.299987792969 696.900024414062 682.400024414062 677.299987792969 711.299987792969 752.799987792969 768.799987792969 773.400024414062 777.799987792969 779.400024414062 773.799987792969 765.900024414062 761.5 772.900024414062 787.400024414062
540.200012207031 536.5 529.299987792969 512.799987792969 495.600006103516 481.100006103516 468.299987792969 459.799987792969 455.799987792969 453.100006103516 452.899993896484 444.899993896484 451.799987792969 465 471.100006103516 475.299987792969 483.600006103516 491.600006103516 500.600006103516 512.900024414062 529.5 539.599975585938 541.299987792969 532.900024414062 534.599975585938 551.200012207031 556.400024414062 559.299987792969 573.700012207031 577.900024414062 572.099975585938 577.5 601.799987792969 635.400024414062 651.900024414062 651.900024414062 652.799987792969 659.900024414062 667.400024414062 684.400024414062 699.099975585938 670.099975585938 642.799987792969 694.099975585938 778.299987792969 814.200012207031 805.799987792969 812.900024414062 808.099975585938 782.799987792969 772.900024414062 780.299987792969 784.200012207031 790.299987792969
559.5 554.299987792969 541.400024414062 525.700012207031 506.299987792969 488.299987792969 470.899993896484 455.799987792969 449.899993896484 444.799987792969 439.299987792969 438.100006103516 453.399993896484 460.799987792969 465.299987792969 467.100006103516 479.799987792969 490.899993896484 498.600006103516 504.799987792969 519.900024414062 535.400024414062 539.299987792969 533.099975585938 536.5 549.900024414062 552.799987792969 560.299987792969 561.099975585938 555.099975585938 552.299987792969 557.5 586.200012207031 618.599975585938 638.900024414062 643.900024414062 648.799987792969 660.799987792969 665.099975585938 671.900024414062 677.900024414062 663.099975585938 653.200012207031 683 761.099975585938 830.799987792969 828.599975585938 819.5 828 796.799987792969 772.099975585938 783.799987792969 810.599975585938 808
583.5 582.799987792969 564 536.400024414062 515.900024414062 493.600006103516 473.5 453.700012207031 438.700012207031 433.299987792969 425.100006103516 438 444.899993896484 452.299987792969 456.700012207031 463.200012207031 484.299987792969 500 506.299987792969 512.799987792969 518.700012207031 525.5 532.299987792969 533.5 540.400024414062 551 560.099975585938 572.599975585938 558.799987792969 536.900024414062 533.299987792969 543.099975585938 574.900024414062 605.299987792969 625.900024414062 641.400024414062 648.900024414062 660.599975585938 662.900024414062 661.700012207031 664.799987792969 658.599975585938 666 694.900024414062 742.900024414062 786.200012207031 810.299987792969 818.900024414062 812.5 777.400024414062 761.200012207031 772.400024414062 818.400024414062 801.900024414062
603.099975585938 605.900024414062 579.900024414062 543.5 520.700012207031 496.700012207031 473.799987792969 452.399993896484 433.299987792969 421.600006103516 428.399993896484 431.899993896484 439 446.899993896484 454.399993896484 466.899993896484 485.299987792969 504.5 512.5 521.400024414062 523.099975585938 520.799987792969 521.799987792969 525.299987792969 536.900024414062 570.900024414062 590.200012207031 587 558.099975585938 536.900024414062 535.700012207031 542.299987792969 567.900024414062 599.5 626.400024414062 639.299987792969 654.900024414062 661 660.200012207031 653 661.400024414062 657.099975585938 665.900024414062 691.799987792969 734.299987792969 757.200012207031 762.400024414062 764.099975585938 759.400024414062 751.299987792969 759.099975585938 770.099975585938 795.900024414062 840.799987792969
604.099975585938 605.299987792969 578.799987792969 544.900024414062 515.900024414062 491.799987792969 468.299987792969 445.600006103516 439.100006103516 431.700012207031 426.799987792969 428.600006103516 434.399993896484 442.5 453.399993896484 466.5 484.600006103516 507.799987792969 527.700012207031 530.799987792969 523.799987792969 516.799987792969 512.900024414062 516.299987792969 525.5 549.099975585938 573.599975585938 577.900024414062 560.099975585938 543.799987792969 544.400024414062 552.299987792969 573.900024414062 599.299987792969 627.900024414062 645.599975585938 658.099975585938 659.299987792969 657.299987792969 635.099975585938 642 644.400024414062 652.299987792969 669.099975585938 685.299987792969 715.599975585938 738.099975585938 788.799987792969 784.799987792969 748.5 754.099975585938 752.299987792969 773.400024414062 836.400024414062
590.799987792969 583.799987792969 563.299987792969 533.599975585938 507.799987792969 482.600006103516 461.600006103516 450.899993896484 437.799987792969 428.399993896484 420.299987792969 414.600006103516 424 433.899993896484 447.899993896484 460 474.600006103516 508.100006103516 545.299987792969 539.900024414062 521.599975585938 506.600006103516 501.399993896484 498.899993896484 506.399993896484 532.5 563.400024414062 573.799987792969 563.400024414062 548.099975585938 546.799987792969 560.700012207031 583.700012207031 603.599975585938 609.700012207031 617.400024414062 628.900024414062 636.700012207031 634.5 619.599975585938 623.700012207031 627.400024414062 630.400024414062 629.400024414062 652.299987792969 674.200012207031 739.599975585938 803.299987792969 757.299987792969 779.599975585938 775.299987792969 800.799987792969 812.400024414062 804
574.700012207031 565.900024414062 544.900024414062 517.700012207031 494.899993896484 477.200012207031 466.5 455.100006103516 442.299987792969 433.799987792969 423.700012207031 419.600006103516 425.200012207031 440.100006103516 449.299987792969 455.5 461.799987792969 488.100006103516 526.599975585938 523.599975585938 508.600006103516 495.100006103516 484.700012207031 481.700012207031 492.700012207031 524.799987792969 569.200012207031 580.5 564.200012207031 545.400024414062 543.099975585938 557.599975585938 586.5 613.599975585938 607.099975585938 601.599975585938 600.5 604.400024414062 601.400024414062 604.400024414062 612.799987792969 624.700012207031 619.599975585938 613.200012207031 626.299987792969 662.799987792969 726.099975585938 742.700012207031 777.799987792969 830.900024414062 785.200012207031 811.799987792969 753.200012207031 687.799987792969
562.599975585938 550.400024414062 527.099975585938 504.299987792969 492.100006103516 478.5 466 453.899993896484 444.899993896484 435.600006103516 425.799987792969 419.200012207031 424.100006103516 439.600006103516 455.399993896484 468 480.200012207031 496.5 512.299987792969 503.700012207031 491.600006103516 478.200012207031 465.399993896484 462.799987792969 479.799987792969 519.099975585938 569.099975585938 576.900024414062 549.299987792969 527.599975585938 527 550.400024414062 577.299987792969 594.900024414062 602.5 590 577.799987792969 574.599975585938 572.799987792969 578.299987792969 590.900024414062 606.599975585938 617.799987792969 615.799987792969 612.200012207031 628 674.200012207031 718.299987792969 776.900024414062 744.599975585938 743.200012207031 633.299987792969 617.099975585938 639.799987792969
550.900024414062 535.700012207031 510.299987792969 493.899993896484 487.399993896484 469.899993896484 459.5 451.299987792969 440.600006103516 433.799987792969 428.899993896484 421.299987792969 423.200012207031 436.299987792969 454.299987792969 475.899993896484 498.100006103516 511.700012207031 516.900024414062 502.100006103516 489.399993896484 469.399993896484 456.200012207031 451.100006103516 471.899993896484 504.600006103516 536.099975585938 544.299987792969 532.799987792969 510.399993896484 509.799987792969 545.099975585938 566.900024414062 578.099975585938 585.099975585938 574.599975585938 565.400024414062 561.099975585938 557.700012207031 559.5 573.400024414062 592.700012207031 605 615.099975585938 609.400024414062 620.099975585938 648.400024414062 681.299987792969 651.599975585938 620.599975585938 593.400024414062 586.599975585938 601.599975585938 644.599975585938
540.599975585938 516.400024414062 494.600006103516 483.399993896484 472.799987792969 459.700012207031 453.600006103516 444.899993896484 438.299987792969 433.700012207031 429.299987792969 422.600006103516 417.600006103516 430.799987792969 451.399993896484 481.200012207031 512.400024414062 543.5 540.299987792969 511.200012207031 488.700012207031 466.399993896484 451.600006103516 453.100006103516 471.399993896484 492.899993896484 512.700012207031 523.400024414062 528.099975585938 500.799987792969 486.700012207031 509.799987792969 539.299987792969 555.099975585938 559.099975585938 560.099975585938 554 544.900024414062 539.799987792969 549.299987792969 568.900024414062 591.099975585938 609.5 625.900024414062 621.400024414062 635.599975585938 643.799987792969 642.5 632.5 605.099975585938 598.299987792969 620.400024414062 624.200012207031 689.599975585938
