data/layers/future_layer_mc_585_60/bio19.asc
NCOLS 494 
NROWS 529 
XLLCORNER -117.166666666667 
YLLCORNER -55.5 
CELLSIZE 0.166666666666667 
NODATA_value -3.4e+38 
[rows 192 to 215 of 529, columns 216 to 269 of 494]
-3.4e+38 -3.4e+38 -3.4e+38 -3.4e+38 -3.4e+38 -3.4e+38 -3.4e+38 164.100006103516 131.100006103516 170.399993896484 211.100006103516 241.600006103516 275.600006103516 301.899993896484 379.200012207031 408.899993896484 339.700012207031 290.700012207031 245.800003051758 149 213.5 327.700012207031 470.600006103516 707 1067.30004882812 1056.69995117188 1034.80004882812 1077.40002441406 1143.80004882812 1177.40002441406 1172.30004882812 1148.59997558594 1070.90002441406 874.700012207031 834.099975585938 785.900024414062 785.700012207031 796.900024414062 796.599975585938 808.900024414062 806.299987792969 799.099975585938 791.900024414062 787.400024414062 771.799987792969 772.099975585938 770.799987792969 783.400024414062 764.599975585938 767.099975585938 779.599975585938 792.299987792969 760.099975585938 769.200012207031
-3.4e+38 -3.4e+38 -3.4e+38 -3.4e+38 -3.4e+38 -3.4e+38 -3.4e+38 139.600006103516 125.800003051758 163.600006103516 212.800003051758 225.600006103516 225 372.100006103516 429.299987792969 379.5 265.600006103516 209.600006103516 213 170.899993896484 281.299987792969 393.399993896484 523 867.299987792969 908.900024414062 964.400024414062 1009.90002441406 1059.80004882812 1106.90002441406 1137.80004882812 1137.09997558594 1125.09997558594 1083.40002441406 913.599975585938 824.200012207031 806.099975585938 791 797.400024414062 810.099975585938 819.599975585938 814.900024414062 813.400024414062 811.400024414062 802.400024414062 787.799987792969 772.799987792969 767.900024414062 770.599975585938 765.299987792969 763.799987792969 793.200012207031 765.900024414062 755.599975585938 758.900024414062
-3.4e+38 -3.4e+38 -3.4e+38 -3.4e+38 -3.4e+38 -3.4e+38 -3.4e+38 98.1999969482422 107.900001525879 146.899993896484 188.699996948242 204.800003051758 195.300003051758 268.100006103516 385.399993896484 417.399993896484 280.100006103516 237.399993896484 164.300003051758 215.800003051758 325.100006103516 591.799987792969 839.599975585938 869.700012207031 902.5 944.099975585938 996.599975585938 1044.30004882812 1094.40002441406 1113.19995117188 1104.09997558594 1085.80004882812 1050.40002441406 926.700012207031 818 815.599975585938 814 813.799987792969 825.900024414062 835.200012207031 833.299987792969 819.200012207031 813.099975585938 804 790.5 783.299987792969 773.099975585938 761.400024414062 758.599975585938 759.599975585938 785.200012207031 764 749.900024414062 756.099975585938
-3.4e+38 -3.4e+38 -3.4e+38 -3.4e+38 -3.4e+38 -3.4e+38 -3.4e+38 66.4000015258789 85.6999969482422 108 155.600006103516 187.899993896484 192.800003051758 339.200012207031 422.100006103516 343.200012207031 245.5 190.899993896484 161.5 253.899993896484 359.299987792969 704.900024414062 877.400024414062 929 944 990.700012207031 1019.09997558594 1045.59997558594 1073.59997558594 1072.30004882812 1066.40002441406 1046.80004882812 1024.80004882812 910.700012207031 833.700012207031 814.700012207031 815.799987792969 827.299987792969 839.200012207031 850.700012207031 843 832.599975585938 825.099975585938 810.900024414062 798.299987792969 787.700012207031 778.099975585938 767.400024414062 757.099975585938 758.599975585938 757.400024414062 738.299987792969 746.700012207031 747.299987792969
-3.4e+38 -3.4e+38 -3.4e+38 -3.4e+38 -3.4e+38 -3.4e+38 39.2999992370605 54.5999984741211 73.9000015258789 94.5999984741211 146.899993896484 181.399993896484 211.100006103516 397.299987792969 407.200012207031 279.5 228.300003051758 196.300003051758 215.300003051758 310.100006103516 445.5 707.900024414062 981.5 964.299987792969 996.5 1037.09997558594 1023.90002441406 1016.90002441406 1027.30004882812 1025.40002441406 1026.59997558594 1021.40002441406 1006.90002441406 863.299987792969 799.900024414062 800.299987792969 808 818.700012207031 846.299987792969 850.900024414062 836.799987792969 823.400024414062 824.099975585938 807.900024414062 794.799987792969 783 772.099975585938 764.299987792969 757.400024414062 749.5 740.200012207031 735.200012207031 744.599975585938 732.299987792969
-3.4e+38 -3.4e+38 -3.4e+38 -3.4e+38 -3.4e+38 28.6000003814697 36.0999984741211 52.0999984741211 79.3000030517578 122.599998474121 176.899993896484 186.800003051758 266.200012207031 402.899993896484 369.799987792969 278.600006103516 303.399993896484 210.600006103516 286.799987792969 376.299987792969 624.400024414062 786.599975585938 1090.40002441406 1001.70001220703 1013.59997558594 1030.80004882812 1008.09997558594 981.900024414062 985.5 995.400024414062 991.5 979.099975585938 971.400024414062 834 782.299987792969 792.400024414062 794.5 793.900024414062 814.900024414062 832.700012207031 832.900024414062 815.599975585938 805.400024414062 794.099975585938 783.599975585938 772 758.799987792969 749.299987792969 748.299987792969 736.799987792969 738.400024414062 746.099975585938 727.900024414062 715.200012207031
-3.4e+38 -3.4e+38 -3.4e+38 -3.4e+38 -3.4e+38 24 28.7000007629395 51.5 80.9000015258789 120.400001525879 171.300003051758 192.300003051758 350.799987792969 458.799987792969 365.899993896484 294 289.600006103516 200.800003051758 324.399993896484 482 670.700012207031 901.599975585938 1159.90002441406 1055.59997558594 1039.09997558594 1025.40002441406 990.400024414062 950.299987792969 962.400024414062 968 968.200012207031 950.400024414062 915.5 832.900024414062 761.400024414062 774.299987792969 780.900024414062 788.700012207031 802.900024414062 810.299987792969 812.599975585938 806.700012207031 796.400024414062 780.599975585938 770.799987792969 754.900024414062 745.400024414062 738.900024414062 731.900024414062 721.5 720.099975585938 734.799987792969 720.900024414062 697.099975585938
-3.4e+38 -3.4e+38 -3.4e+38 -3.4e+38 -3.4e+38 25 29 45.2999992370605 63.9000015258789 81.4000015258789 107.900001525879 178.399993896484 341.600006103516 292 211.300003051758 160.399993896484 165.300003051758 235.600006103516 342.399993896484 576.900024414062 828.299987792969 1029.80004882812 1254.90002441406 1137.09997558594 1089.69995117188 1070.19995117188 1032 993.799987792969 974.200012207031 966 950.400024414062 926.799987792969 872.299987792969 785.299987792969 768.799987792969 750.400024414062 769.799987792969 779.799987792969 789.200012207031 799.799987792969 791.299987792969 790.799987792969 785.099975585938 773.5 766.400024414062 747.099975585938 729.5 717.599975585938 707.700012207031 700.599975585938 703.700012207031 713.799987792969 689.5 671.400024414062
-3.4e+38 -3.4e+38 -3.4e+38 -3.4e+38 25.6000003814697 26.6000003814697 26.8999996185303 34.7999992370605 47.7999992370605 65.8000030517578 91 129.5 269.899993896484 100.199996948242 125.599998474121 125.400001525879 206.899993896484 299.799987792969 434.600006103516 723.599975585938 1056.80004882812 1230.40002441406 1270.09997558594 1191.59997558594 1152.09997558594 1111.90002441406 1073.90002441406 1037.69995117188 1000.79998779297 980.5 957.099975585938 927.099975585938 868.900024414062 821.799987792969 828.599975585938 821.400024414062 802.400024414062 789.299987792969 775.299987792969 789.299987792969 782.5 776.400024414062 770.099975585938 755.799987792969 745.599975585938 729.299987792969 718.200012207031 711.299987792969 704.099975585938 695.400024414062 690.799987792969 683.299987792969 673.299987792969 663.299987792969
-3.4e+38 -3.4e+38 -3.4e+38 -3.4e+38 34 23.8999996185303 21.6000003814697 26.3999996185303 34.7000007629395 52.4000015258789 76.4000015258789 100.5 298.600006103516 86.9000015258789 123.800003051758 113.800003051758 264.299987792969 350.700012207031 580.900024414062 967.299987792969 1352.30004882812 1349.80004882812 1288.90002441406 1247.5 1203.90002441406 1160.80004882812 1105.09997558594 1066.09997558594 1044.30004882812 990.400024414062 961.900024414062 931.900024414062 905.599975585938 888.900024414062 899.799987792969 907.900024414062 917.299987792969 882.799987792969 861.099975585938 833.900024414062 780.900024414062 762.599975585938 756.599975585938 745.299987792969 727.099975585938 714.099975585938 703.200012207031 689.700012207031 681.099975585938 676.799987792969 673.299987792969 665.099975585938 659.900024414062 654.299987792969
-3.4e+38 -3.4e+38 19.8999996185303 23 28.7000007629395 21.6000003814697 19.2999992370605 18.8999996185303 23 38.4000015258789 63.4000015258789 101.800003051758 284.100006103516 77.1999969482422 148.899993896484 118.400001525879 306.700012207031 402.100006103516 714.099975585938 1128.40002441406 1351.30004882812 1364.40002441406 1334.40002441406 1271.19995117188 1217.80004882812 1159 1114 1070.09997558594 1060.40002441406 1022.29998779297 983.799987792969 947.599975585938 925.700012207031 913.400024414062 923.5 920.599975585938 912.099975585938 911.099975585938 910.400024414062 901.200012207031 890.799987792969 821.700012207031 754.299987792969 723.799987792969 713.299987792969 698.099975585938 686.400024414062 672.900024414062 667.299987792969 657.200012207031 657.5 649.900024414062 645.599975585938 645.799987792969
-3.4e+38 -3.4e+38 -3.4e+38 27 27.1000003814697 23.3999996185303 17.1000003814697 12.1000003814697 12.3999996185303 22.2999992370605 42.9000015258789 82.9000015258789 206.399993896484 86 163.699996948242 145.399993896484 304.399993896484 434.5 752.299987792969 1175.80004882812 1263.80004882812 1322.59997558594 1324.90002441406 1267.69995117188 1218.90002441406 1182.30004882812 1122.30004882812 1074.59997558594 1043.30004882812 1013.5 983.599975585938 954.799987792969 939.799987792969 929.400024414062 930.700012207031 919.400024414062 914.400024414062 903.400024414062 900.700012207031 896.900024414062 880.700012207031 860.900024414062 817.900024414062 741.700012207031 693.099975585938 677.900024414062 666.400024414062 655.599975585938 648.799987792969 641.799987792969 641.599975585938 642.5 638.299987792969 635.5
-3.4e+38 -3.4e+38 -3.4e+38 33.5 38.0999984741211 22.3999996185303 17.3999996185303 10.8999996185303 9.30000019073486 14.1000003814697 33 66.9000015258789 121.400001525879 68.5999984741211 151.800003051758 226.399993896484 330.899993896484 630.299987792969 1006.40002441406 1192 1241.09997558594 1244.19995117188 1277.30004882812 1262.69995117188 1206.09997558594 1158.69995117188 1122.80004882812 1079.90002441406 1050.80004882812 1022.79998779297 989.599975585938 958.700012207031 944.599975585938 931.400024414062 927 918.099975585938 911.900024414062 901.900024414062 889.900024414062 885.400024414062 873.400024414062 856.599975585938 831.400024414062 788.5 711.400024414062 665.400024414062 648.599975585938 639.200012207031 637.599975585938 627.099975585938 623.099975585938 626.700012207031 629.099975585938 631.099975585938
-3.4e+38 -3.4e+38 19.3999996185303 26.8999996185303 24.1000003814697 17.2999992370605 15.8999996185303 12.8000001907349 11 15.6999998092651 28.1000003814697 59.9000015258789 50.5 68 136.899993896484 185.5 315.5 584.400024414062 1043.80004882812 1124.09997558594 1136.5 1164.59997558594 1218.09997558594 1241.19995117188 1199.90002441406 1148.59997558594 1112.09997558594 1072.59997558594 1038.40002441406 1012.59997558594 981.799987792969 952.5 930.299987792969 924.900024414062 918.599975585938 907.900024414062 903.900024414062 895 886.799987792969 878.099975585938 874.900024414062 851.599975585938 830 803.799987792969 767 676.099975585938 629.299987792969 615.599975585938 616.299987792969 617.299987792969 617 615.799987792969 626.400024414062 626.799987792969
-3.4e+38 -3.4e+38 -3.4e+38 19.7999992370605 17.5 12.1000003814697 9.39999961853027 10.8999996185303 13.3000001907349 20.7999992370605 33.0999984741211 54.9000015258789 47.2999992370605 79.4000015258789 120.300003051758 193.399993896484 299.299987792969 589.200012207031 966.299987792969 1051.5 1080.90002441406 1082.5 1108.30004882812 1187.09997558594 1165.09997558594 1132.90002441406 1085 1049.40002441406 1017.59997558594 994.799987792969 971.799987792969 946.5 926.299987792969 929.5 922.099975585938 912.299987792969 897.5 893.400024414062 882.599975585938 881.299987792969 872.400024414062 856 833.400024414062 808.200012207031 773.400024414062 723.299987792969 626.400024414062 595.5 601.799987792969 602.099975585938 608.400024414062 610.299987792969 616.299987792969 617.700012207031
-3.4e+38 -3.4e+38 -3.4e+38 17.2999992370605 14.8999996185303 8.5 7.59999990463257 9.19999980926514 13.6999998092651 22.6000003814697 35.2999992370605 52.4000015258789 66.5999984741211 72.6999969482422 111.099998474121 215.699996948242 353.299987792969 600.599975585938 895.099975585938 986.400024414062 1021.29998779297 1028.09997558594 1052.19995117188 1128.30004882812 1119.40002441406 1092.40002441406 1053.90002441406 1021.79998779297 995.5 972.299987792969 948.200012207031 931 913.400024414062 911.799987792969 904.5 895.799987792969 889.099975585938 887.5 887.200012207031 872 871.400024414062 862.799987792969 844.599975585938 813.5 783.200012207031 742.200012207031 681.700012207031 604.700012207031 602.400024414062 604.299987792969 605.400024414062 609 608.900024414062 609.200012207031
-3.4e+38 -3.4e+38 -3.4e+38 16.2999992370605 19.3999996185303 14.8999996185303 10.5 14.3000001907349 17 24.1000003814697 35.5999984741211 58.5999984741211 70.1999969482422 144.600006103516 92.3000030517578 206.800003051758 375.899993896484 613.400024414062 829.099975585938 938.700012207031 983.200012207031 977.299987792969 975.400024414062 1064.59997558594 1058.40002441406 1043.30004882812 1017.29998779297 992.900024414062 964.400024414062 948.799987792969 927.099975585938 916.799987792969 901.599975585938 889.900024414062 882.900024414062 883 874.900024414062 866.5 870.5 869.099975585938 865.400024414062 862 854.799987792969 831.599975585938 800.299987792969 763 719.299987792969 656.799987792969 604.900024414062 609.799987792969 609.400024414062 611.900024414062 609.599975585938 605.099975585938
-3.4e+38 -3.4e+38 9.10000038146973 17.5 31.8999996185303 27.1000003814697 14.1999998092651 9.89999961853027 21.6000003814697 26.7999992370605 38.5999984741211 63.5 127.400001525879 290.799987792969 132.100006103516 225 476.600006103516 628.799987792969 768.5 907.900024414062 932.5 930.200012207031 920.599975585938 1000.90002441406 993.599975585938 986.299987792969 973.5 963.799987792969 946.599975585938 922.700012207031 902.799987792969 887.099975585938 880.900024414062 873.900024414062 864.599975585938 861.299987792969 862.799987792969 860.400024414062 866 862.400024414062 865 873 871.700012207031 852.900024414062 824 788.599975585938 754.900024414062 680.900024414062 621.900024414062 616.900024414062 612.400024414062 623.700012207031 632.599975585938 609.799987792969
-3.4e+38 -3.4e+38 -3.4e+38 -3.4e+38 45.2999992370605 30.1000003814697 12.6999998092651 9.69999980926514 17.7000007629395 27 41.4000015258789 78.3000030517578 207.399993896484 130.800003051758 174.100006103516 315.799987792969 515.700012207031 633.900024414062 732.900024414062 847.099975585938 847.200012207031 840.900024414062 881.299987792969 933.5 932.299987792969 934.900024414062 931.099975585938 917.5 913.5 897.900024414062 878.799987792969 858.200012207031 849.599975585938 849.200012207031 844.099975585938 839.099975585938 845.200012207031 849.299987792969 851 855.700012207031 863.900024414062 878.799987792969 878.5 858.099975585938 835.200012207031 806.900024414062 775.099975585938 733.900024414062 661.700012207031 622.900024414062 619.099975585938 631.599975585938 641.200012207031 604.700012207031
-3.4e+38 -3.4e+38 -3.4e+38 -3.4e+38 -3.4e+38 12.6000003814697 -3.4e+38 9.39999961853027 16.2999992370605 29.8999996185303 55.0999984741211 82.0999984741211 165.100006103516 181.399993896484 246.899993896484 395.100006103516 553.900024414062 636.099975585938 738.799987792969 779.5 743.299987792969 759.599975585938 825.099975585938 876.5 880.099975585938 877.400024414062 867.700012207031 862.599975585938 862.400024414062 865.700012207031 847.099975585938 835.5 816.799987792969 813.099975585938 822 823.599975585938 818.799987792969 833.900024414062 835.400024414062 835.599975585938 845.400024414062 860.700012207031 857.599975585938 847.299987792969 834.299987792969 804.400024414062 775.5 758.099975585938 694.200012207031 692.799987792969 650.299987792969 643.400024414062 650.400024414062 643.900024414062
-3.4e+38 -3.4e+38 -3.4e+38 -3.4e+38 -3.4e+38 -3.4e+38 10.6999998092651 -3.4e+38 -3.4e+38 52.7999992370605 125.099998474121 160.600006103516 230.300003051758 173.5 250.399993896484 391.100006103516 549.799987792969 643.5 738.099975585938 746.799987792969 694.400024414062 721.700012207031 808.299987792969 829.599975585938 830.599975585938 820.799987792969 817.799987792969 818.400024414062 799.900024414062 839.400024414062 828.099975585938 810.599975585938 786.5 781.200012207031 789.599975585938 801.200012207031 797.200012207031 811.599975585938 821.400024414062 820.799987792969 825.400024414062 832.599975585938 829.299987792969 825.5 812.799987792969 791.599975585938 769.099975585938 752.099975585938 735.200012207031 716.400024414062 703.200012207031 633.599975585938 663.400024414062 656.099975585938
-3.4e+38 -3.4e+38 -3.4e+38 -3.4e+38 -3.4e+38 -3.4e+38 -3.4e+38 -3.4e+38 66.3000030517578 83.1999969482422 125.099998474121 225.300003051758 168.100006103516 133.899993896484 233.800003051758 369.100006103516 536.799987792969 633.900024414062 701.299987792969 665.700012207031 661.599975585938 723.799987792969 775.599975585938 781.799987792969 777.700012207031 767.900024414062 762 771.799987792969 772.599975585938 784.400024414062 788.799987792969 786.200012207031 749.400024414062 756.5 760.400024414062 765.900024414062 772.900024414062 785.400024414062 793.5 795.400024414062 802.799987792969 806.900024414062 796.599975585938 792.299987792969 780.299987792969 767.099975585938 746.099975585938 737.400024414062 732.299987792969 690.700012207031 719.799987792969 664.599975585938 686.900024414062 687.900024414062
-3.4e+38 -3.4e+38 -3.4e+38 -3.4e+38 -3.4e+38 -3.4e+38 -3.4e+38 -3.4e+38 72.6999969482422 132.300003051758 125.599998474121 186.399993896484 124.5 125 242.300003051758 376.700012207031 541.400024414062 603.900024414062 632.700012207031 621.099975585938 645.599975585938 719 737 740.700012207031 741.099975585938 758.799987792969 751.700012207031 728.5 721.599975585938 725.400024414062 730.400024414062 751.400024414062 728.200012207031 719.599975585938 732.299987792969 730.299987792969 740.700012207031 752.400024414062 763 766.900024414062 775.099975585938 776.900024414062 766.799987792969 758 748.200012207031 738 725.200012207031 716.400024414062 716.799987792969 719.799987792969 720.400024414062 705.099975585938 699.200012207031 700.599975585938
-3.4e+38 -3.4e+38 -3.4e+38 -3.4e+38 -3.4e+38 -3.4e+38 -3.4e+38 45.7999992370605 70.1999969482422 141.399993896484 226.600006103516 227.100006103516 122.699996948242 183.899993896484 258.799987792969 410.299987792969 536.299987792969 600 634.400024414062 624.599975585938 677.900024414062 695 703.299987792969 739 753.700012207031 734.900024414062 709.799987792969 686.799987792969 667.599975585938 672.900024414062 686.400024414062 711.5 714.599975585938 711.799987792969 697 701.599975585938 714.599975585938 733.700012207031 742.099975585938 739.799987792969 743.700012207031 743.700012207031 736.299987792969 726.299987792969 712.799987792969 702.599975585938 693.5 689.799987792969 699.900024414062 701.299987792969 712.099975585938 704.900024414062 699.400024414062 686.299987792969
