data/layers/future_layer_mc_585_60/bio16.asc
NCOLS 494 
NROWS 529 
XLLCORNER -117.166666666667 
YLLCORNER -55.5 
CELLSIZE 0.166666666666667 
NODATA_value -3.4e+38 
[rows 336 to 359 of 529, columns 324 to 377 of 494]
470.299987792969 443.899993896484 415.799987792969 390.899993896484 370.299987792969 355.299987792969 346.100006103516 339.100006103516 326.5 314.899993896484 309.299987792969 298 287.100006103516 275.200012207031 263.600006103516 255.399993896484 253.100006103516 257 268.799987792969 277.200012207031 285.600006103516 297.600006103516 311.200012207031 318.299987792969 315.899993896484 316.799987792969 326.899993896484 348.5 369.700012207031 377.700012207031 390.600006103516 408.799987792969 429 448.799987792969 470.799987792969 482.799987792969 476.600006103516 491 509 520.900024414062 529.099975585938 537.700012207031 549.400024414062 555.799987792969 567.900024414062 580 585.400024414062 590.299987792969 590.5 586.900024414062 584.700012207031 574.799987792969 562.900024414062 547.400024414062
453.700012207031 428.200012207031 403.100006103516 383 369 357.399993896484 351.100006103516 344.600006103516 334.799987792969 323 311.600006103516 303.100006103516 290.899993896484 279.200012207031 269.299987792969 257.399993896484 257.100006103516 264.799987792969 274.399993896484 283.399993896484 292.600006103516 310.200012207031 327.600006103516 333.899993896484 326.600006103516 326 329.899993896484 339.299987792969 350.100006103516 359.600006103516 373.100006103516 396.799987792969 420.700012207031 442.899993896484 461.299987792969 475.899993896484 481.899993896484 494.5 514.099975585938 524.400024414062 535.700012207031 542.900024414062 550.799987792969 559.400024414062 569.900024414062 581.599975585938 589.799987792969 592.099975585938 590.799987792969 588.299987792969 585.900024414062 579.200012207031 566.5 545.599975585938
428.200012207031 408.299987792969 392.899993896484 374 362.299987792969 355.399993896484 353.700012207031 351.600006103516 343.399993896484 329.799987792969 317.399993896484 305.799987792969 297 287.299987792969 278.399993896484 273.399993896484 270.799987792969 276.899993896484 284.399993896484 293.600006103516 300.299987792969 317.299987792969 330 333.399993896484 329.799987792969 329.899993896484 332.399993896484 337.799987792969 342.600006103516 350.100006103516 364 389.299987792969 416.799987792969 441.299987792969 461.600006103516 477.200012207031 488 501.600006103516 515.700012207031 527.5 538.400024414062 546.299987792969 550.900024414062 560.900024414062 569.099975585938 577.900024414062 588.799987792969 591.299987792969 587.400024414062 587.299987792969 585 581.5 570.099975585938 547.700012207031
415.700012207031 384.899993896484 372.200012207031 365.200012207031 354.600006103516 349.600006103516 351.799987792969 353.899993896484 346.600006103516 333.299987792969 322.899993896484 313.799987792969 304.899993896484 297.700012207031 293.100006103516 288.399993896484 288.700012207031 290.299987792969 295.700012207031 303.299987792969 317.5 324.399993896484 330.5 333.799987792969 332.799987792969 331.5 333.899993896484 335.799987792969 341.299987792969 346.5 359.899993896484 386.299987792969 414 441.700012207031 464.399993896484 481.399993896484 497.299987792969 510.100006103516 521.5 530.400024414062 537.299987792969 543.5 552.099975585938 557.299987792969 566.099975585938 577.599975585938 586.400024414062 588.299987792969 586.900024414062 584.900024414062 584.400024414062 582.799987792969 579.900024414062 552.099975585938
393.899993896484 370.399993896484 355.399993896484 351.799987792969 348.299987792969 344.100006103516 345 345.399993896484 341.200012207031 333.100006103516 326.700012207031 319.899993896484 314.700012207031 310.299987792969 307.700012207031 306.200012207031 306.5 306.600006103516 307.799987792969 312.799987792969 316.100006103516 322.600006103516 327.799987792969 332.399993896484 334 332.799987792969 333.700012207031 338.600006103516 343.600006103516 354.100006103516 364.200012207031 387.299987792969 415.899993896484 444.600006103516 472.100006103516 489.899993896484 506.899993896484 520.200012207031 529.400024414062 535.799987792969 540.900024414062 545 549.599975585938 554 559.599975585938 572.200012207031 576.799987792969 579.599975585938 580.400024414062 580.5 581.200012207031 581.599975585938 576.599975585938 550.599975585938
376.299987792969 358.600006103516 348.899993896484 344.700012207031 341.700012207031 338.600006103516 337.100006103516 337.600006103516 334.399993896484 330.600006103516 327.100006103516 324.399993896484 325.299987792969 324.399993896484 323.299987792969 323.600006103516 324.600006103516 323.299987792969 322.200012207031 324.299987792969 324.799987792969 326.799987792969 329 330.100006103516 334.600006103516 337.5 339.600006103516 343.399993896484 345.100006103516 350.700012207031 360.399993896484 380.799987792969 410.200012207031 445.899993896484 481.799987792969 504.100006103516 520.900024414062 534.400024414062 540.700012207031 544.599975585938 544.400024414062 546.599975585938 545.400024414062 548.400024414062 547.599975585938 554.799987792969 561.400024414062 564.299987792969 565.799987792969 569.5 567.799987792969 568.799987792969 562.799987792969 544.5
370.299987792969 356.399993896484 345.600006103516 340.799987792969 337.700012207031 334.700012207031 333.299987792969 332.299987792969 329.299987792969 327.700012207031 327.200012207031 327.899993896484 333.100006103516 337.100006103516 341.399993896484 343.100006103516 341.899993896484 338.899993896484 335.5 334.600006103516 335.299987792969 336.600006103516 334.399993896484 336.200012207031 338.799987792969 342.600006103516 345.700012207031 346.100006103516 346 349.5 357.799987792969 376 403.799987792969 445 491.200012207031 520.200012207031 535 542.5 545.299987792969 546.799987792969 548.299987792969 546.200012207031 541.099975585938 536.400024414062 531.799987792969 537.099975585938 546.5 551.299987792969 556.900024414062 559.200012207031 555.5 552.299987792969 545.599975585938 535.799987792969
365.399993896484 354.799987792969 345.299987792969 338.399993896484 334.5 331.100006103516 331.200012207031 330.200012207031 328.200012207031 328.299987792969 327.700012207031 331.899993896484 337.600006103516 345.799987792969 356.299987792969 364.399993896484 358.899993896484 353.399993896484 348.200012207031 345.600006103516 342.700012207031 342.200012207031 343.100006103516 340.799987792969 341.899993896484 346.299987792969 351.799987792969 351.600006103516 353.799987792969 352.399993896484 352.299987792969 365.299987792969 395.600006103516 440.200012207031 491.299987792969 522.200012207031 535.099975585938 540.900024414062 546.099975585938 546.5 548.700012207031 545.599975585938 540.400024414062 531.700012207031 523.799987792969 529.799987792969 539.099975585938 546.299987792969 549.900024414062 547 538.700012207031 534.900024414062 533.599975585938 531.400024414062
365.100006103516 353.899993896484 345.299987792969 337.200012207031 333.399993896484 328.799987792969 326.899993896484 328.100006103516 327.600006103516 327.899993896484 330.700012207031 336.200012207031 344.299987792969 353.799987792969 365.600006103516 377.600006103516 371.299987792969 362.799987792969 358.399993896484 354.399993896484 351.100006103516 348.200012207031 349.399993896484 349.700012207031 349.799987792969 350.600006103516 354.600006103516 356.399993896484 361.399993896484 361.5 356.799987792969 361.799987792969 393.600006103516 436.700012207031 482.200012207031 509.799987792969 525.599975585938 533.599975585938 538.700012207031 540.799987792969 542.900024414062 543.299987792969 540.200012207031 534.299987792969 531.299987792969 534.200012207031 539.5 545 550.5 545.799987792969 538.200012207031 533.299987792969 524.299987792969 528.200012207031
357.200012207031 346.600006103516 340.399993896484 334.899993896484 331.100006103516 328.299987792969 325.600006103516 325.200012207031 327.299987792969 328.600006103516 333.399993896484 339.899993896484 350.100006103516 357.299987792969 369.299987792969 374 374.399993896484 370.299987792969 365.600006103516 362.5 357.899993896484 356.600006103516 356.399993896484 356.600006103516 359.700012207031 360.100006103516 362.100006103516 362.600006103516 370.100006103516 378.399993896484 382.100006103516 403.600006103516 413.700012207031 445.799987792969 478.899993896484 502.5 520.400024414062 525.400024414062 532.099975585938 536.299987792969 538.200012207031 540.599975585938 541.5 539.299987792969 538.900024414062 541.599975585938 544.799987792969 548.299987792969 550.299987792969 550.400024414062 544.400024414062 541 532.299987792969 536.299987792969
349.299987792969 343.5 337.899993896484 332.899993896484 328.600006103516 326.200012207031 324.899993896484 324.600006103516 326 328.899993896484 336.600006103516 343.100006103516 351.5 359.100006103516 367.200012207031 373.5 373.799987792969 373.299987792969 372.399993896484 368.899993896484 365.600006103516 365 363.799987792969 363.899993896484 365.899993896484 367.799987792969 369.200012207031 372.700012207031 385.5 402.200012207031 408.600006103516 427.100006103516 443.399993896484 463.600006103516 484.399993896484 503.899993896484 516.099975585938 520.400024414062 526.799987792969 531.700012207031 536.200012207031 538.900024414062 541.299987792969 542.400024414062 543.900024414062 545.299987792969 548.799987792969 551.599975585938 553.400024414062 556.599975585938 553.599975585938 552.299987792969 547.799987792969 559.299987792969
345.600006103516 340.299987792969 335.299987792969 330.5 326.700012207031 324.899993896484 324.100006103516 323.600006103516 325.100006103516 328.399993896484 335.899993896484 343.600006103516 352.399993896484 360.399993896484 367.399993896484 371.600006103516 374.299987792969 376 375.600006103516 377.5 374.5 372.799987792969 370.399993896484 371.799987792969 371.299987792969 374.799987792969 375.799987792969 381 393.899993896484 408.700012207031 415.799987792969 432.700012207031 458.700012207031 487.700012207031 495.299987792969 507.100006103516 516.5 519.700012207031 523.400024414062 529.799987792969 534.099975585938 537.400024414062 538.799987792969 544.5 545.799987792969 548.099975585938 552.700012207031 552.700012207031 557.400024414062 561.900024414062 564.200012207031 562.799987792969 561.400024414062 571.799987792969
343.299987792969 337.299987792969 332.5 328.899993896484 324 322.799987792969 322.399993896484 321.399993896484 323 327.299987792969 334.899993896484 344.399993896484 352.399993896484 360.399993896484 367.299987792969 371.799987792969 375.700012207031 377.399993896484 380.100006103516 380.600006103516 380.899993896484 380.899993896484 379.899993896484 379.899993896484 379.799987792969 381 383.899993896484 389.100006103516 400.899993896484 411.600006103516 425.399993896484 447.200012207031 468.899993896484 491.600006103516 505.299987792969 512.200012207031 514.799987792969 517.099975585938 520 527.599975585938 534 537.400024414062 541.400024414062 544.299987792969 547.299987792969 550.400024414062 551.599975585938 554.700012207031 557.900024414062 562.400024414062 563.599975585938 562.900024414062 567 573.099975585938
341.399993896484 335.299987792969 330.799987792969 327.299987792969 322.600006103516 320.100006103516 319 320 322.5 328.600006103516 335 345.299987792969 353.100006103516 362.399993896484 367.5 373.200012207031 376.899993896484 380.399993896484 384.399993896484 385.799987792969 387.799987792969 386.600006103516 388.100006103516 389.299987792969 390.100006103516 391.399993896484 396 402.700012207031 411.299987792969 425.5 442.799987792969 463.299987792969 479.200012207031 494.399993896484 511 521.799987792969 517.099975585938 513.700012207031 516.700012207031 524.099975585938 531.599975585938 535.700012207031 539.900024414062 541.099975585938 543.900024414062 547.099975585938 550.299987792969 551.799987792969 553 555.700012207031 556.200012207031 556.799987792969 552 547.799987792969
343 335.600006103516 329 325.100006103516 320.899993896484 318.100006103516 317 318.700012207031 322.600006103516 330.899993896484 337 345 354.799987792969 365.299987792969 373.100006103516 374.899993896484 379.700012207031 384.700012207031 389.700012207031 390.399993896484 393.100006103516 394.100006103516 395.399993896484 396.100006103516 397.899993896484 398.700012207031 404.899993896484 417.100006103516 432.299987792969 446.299987792969 462.299987792969 476.299987792969 485.799987792969 495.600006103516 509.100006103516 526.099975585938 514.799987792969 502.700012207031 508.799987792969 519.299987792969 529.799987792969 531.799987792969 532.400024414062 532.900024414062 535.299987792969 537.900024414062 541 542 545.099975585938 547.700012207031 545.099975585938 534.900024414062 531.900024414062 533.900024414062
344.100006103516 335.399993896484 328 323.100006103516 319.399993896484 317.700012207031 318.100006103516 319.899993896484 323.899993896484 331.5 339.899993896484 348.399993896484 357.600006103516 365.799987792969 378.299987792969 385.799987792969 385.5 391 396.299987792969 399.100006103516 400.899993896484 402.899993896484 404.600006103516 406.299987792969 406.299987792969 407.799987792969 413.700012207031 427.200012207031 448.299987792969 467.299987792969 481.799987792969 487.600006103516 490.5 491.600006103516 492.399993896484 494.399993896484 482.700012207031 485.5 498 508.399993896484 515.299987792969 520.299987792969 524.299987792969 526 529.900024414062 532.599975585938 531.5 530.099975585938 528.799987792969 534.099975585938 529.599975585938 520.299987792969 517.599975585938 521.200012207031
343.899993896484 336.899993896484 329 322.600006103516 319.899993896484 318 318.5 321.799987792969 328 335.100006103516 343.700012207031 353.200012207031 362.100006103516 371.799987792969 380.299987792969 389.399993896484 394.100006103516 400.600006103516 403.700012207031 410.100006103516 411.100006103516 415.5 417.700012207031 418.899993896484 419.299987792969 418.799987792969 419.5 434.299987792969 464 491.899993896484 496.700012207031 494.899993896484 493.100006103516 484.200012207031 473.200012207031 469.600006103516 460 469.299987792969 487.100006103516 498 501.100006103516 502.799987792969 508.799987792969 512.700012207031 516.599975585938 518.900024414062 516.799987792969 514 514.299987792969 520.700012207031 517.299987792969 511.899993896484 509.600006103516 514.299987792969
346.100006103516 335.5 329.700012207031 323.700012207031 322.100006103516 323.100006103516 324.799987792969 326.600006103516 332 339.899993896484 347.299987792969 359.700012207031 369.299987792969 379.299987792969 388.399993896484 398.299987792969 406.299987792969 409.100006103516 413.700012207031 419.100006103516 425.700012207031 429.700012207031 435.200012207031 435.299987792969 435.200012207031 433.200012207031 431.299987792969 444.799987792969 475.299987792969 508.200012207031 508.100006103516 501.5 493.100006103516 480.899993896484 468.100006103516 467.399993896484 464.899993896484 474.600006103516 484.600006103516 492.600006103516 492.299987792969 494.700012207031 500.399993896484 505.600006103516 505.600006103516 503.100006103516 504.399993896484 505.399993896484 510.600006103516 515.299987792969 518.599975585938 517.400024414062 514.799987792969 510.200012207031
344.299987792969 335.100006103516 329.399993896484 323.399993896484 323.299987792969 328.299987792969 329.200012207031 336.399993896484 342.5 347.399993896484 357.799987792969 366.299987792969 377.399993896484 388.100006103516 399.700012207031 406.5 415.399993896484 422.799987792969 427.799987792969 432.600006103516 440 443.100006103516 448.700012207031 450.899993896484 452 451.700012207031 452.5 462.600006103516 486.799987792969 502.299987792969 509.5 504.899993896484 497.600006103516 484.399993896484 480.799987792969 485.399993896484 488.600006103516 491 492.799987792969 494.700012207031 495.600006103516 495.899993896484 500.399993896484 500 499.5 500.700012207031 499.100006103516 497.899993896484 500.899993896484 510.100006103516 515.599975585938 521.599975585938 520.099975585938 516.599975585938
342.5 333.600006103516 326.600006103516 324.600006103516 326.100006103516 334.799987792969 336.5 343.200012207031 351.700012207031 356.799987792969 365.5 376.5 386.799987792969 397.799987792969 411 419.399993896484 426.100006103516 434.600006103516 442.700012207031 447.399993896484 454.299987792969 458.5 464.299987792969 468.100006103516 471.899993896484 474.100006103516 473.5 479.299987792969 493.299987792969 501.799987792969 507.600006103516 504.799987792969 496.799987792969 491.399993896484 495 509.299987792969 515.900024414062 508.600006103516 503.100006103516 501.100006103516 501.700012207031 502.600006103516 502.700012207031 501.600006103516 498.399993896484 495.899993896484 488.600006103516 487.299987792969 490.100006103516 499 507.799987792969 516.400024414062 519.900024414062 521
342.200012207031 333.899993896484 327.799987792969 327.5 331.399993896484 336.5 343.100006103516 349.799987792969 355.100006103516 363.799987792969 372.299987792969 387.100006103516 398.5 409.100006103516 419.299987792969 431.700012207031 442.399993896484 446.600006103516 454.100006103516 459.899993896484 465.899993896484 471.700012207031 477.200012207031 482.700012207031 488.399993896484 493.700012207031 493.100006103516 493.799987792969 500.399993896484 505.700012207031 505.299987792969 497.700012207031 491.399993896484 492.700012207031 503.299987792969 519.5 526.900024414062 518.799987792969 509.700012207031 507.399993896484 507.600006103516 508.700012207031 511.100006103516 510.899993896484 506.600006103516 494.600006103516 479.700012207031 473.399993896484 479.600006103516 486.299987792969 498.200012207031 511 518.900024414062 528.400024414062
341.399993896484 335.299987792969 331.700012207031 333.299987792969 339.399993896484 343.100006103516 346.899993896484 354.700012207031 362.899993896484 371.299987792969 378.399993896484 390.100006103516 406 418.799987792969 429.799987792969 442.399993896484 449.100006103516 457.100006103516 465 471.600006103516 476.100006103516 483.100006103516 491.399993896484 498.100006103516 503.299987792969 509.799987792969 511.299987792969 507.799987792969 504.299987792969 508.799987792969 500.200012207031 490.600006103516 487.5 490.100006103516 496.899993896484 506.399993896484 515.400024414062 516.400024414062 513.900024414062 509.899993896484 511.200012207031 515.900024414062 522.599975585938 527.299987792969 518.799987792969 500.399993896484 475.899993896484 465.600006103516 470.799987792969 485.399993896484 498.100006103516 510.700012207031 522.799987792969 531.799987792969
340.799987792969 334 335.600006103516 337.5 339.399993896484 344.700012207031 352.899993896484 363 371.399993896484 379 386.299987792969 400.200012207031 413.799987792969 421.799987792969 433.600006103516 444.399993896484 449.399993896484 459.899993896484 468.899993896484 476.399993896484 482.399993896484 491.700012207031 501.700012207031 511.700012207031 519.400024414062 524.200012207031 524.900024414062 515.299987792969 507.299987792969 500.799987792969 492.200012207031 483.399993896484 482.799987792969 483.100006103516 484.299987792969 489 498.399993896484 506.600006103516 512 511.799987792969 512.299987792969 520.099975585938 536.5 545.599975585938 535.299987792969 511.399993896484 482.100006103516 473.100006103516 477.899993896484 494.5 509.899993896484 517.799987792969 523.700012207031 531.400024414062
339.200012207031 337.100006103516 338 342 346.299987792969 351.799987792969 358.799987792969 369.899993896484 380.100006103516 383.600006103516 393.100006103516 406.5 421.899993896484 426.5 437.799987792969 445.299987792969 450.100006103516 460.600006103516 468.399993896484 474.899993896484 484.899993896484 496.100006103516 506.799987792969 521.099975585938 533 539.599975585938 535.599975585938 521.900024414062 508.899993896484 495 484.100006103516 478 475.700012207031 473.899993896484 469.899993896484 473.600006103516 485 496.5 505.899993896484 512.799987792969 511.200012207031 518.099975585938 544.299987792969 566.400024414062 556.900024414062 526.099975585938 499.399993896484 490.399993896484 500.700012207031 507.600006103516 512.900024414062 519.299987792969 528.099975585938 542.799987792969
