data/layers/future_layer_mc_585_60/bio15.asc
NCOLS 494 
NROWS 529 
XLLCORNER -117.166666666667 
YLLCORNER -55.5 
CELLSIZE 0.166666666666667 
NODATA_value -3.4e+38 
[rows 216 to 239 of 529, columns 275 to 329 of 494]
28.1000003814697 28.7000007629395 28.8999996185303 29 29.2999992370605 29.2999992370605 28.8999996185303 28.5 28.6000003814697 28.6000003814697 28.7999992370605 29.2000007629395 29.1000003814697 28.5 28.2000007629395 28.1000003814697 27.7999992370605 27.7999992370605 28.1000003814697 28.3999996185303 28.7999992370605 29 28.7999992370605 28.7999992370605 28.7999992370605 29.1000003814697 29.7000007629395 30.6000003814697 31.5 32.4000015258789 33.2999992370605 33.9000015258789 33.9000015258789 33.7999992370605 33.2000007629395 32.9000015258789 32.9000015258789 33 33.5 33.5 33.9000015258789 34.5 35.4000015258789 35.5 35.7000007629395 36.2999992370605 36.5 36.5999984741211 35.7999992370605 35.7999992370605 36.5 37.7999992370605 38.7999992370605 39.9000015258789 40.9000015258789
28.2999992370605 28.8999996185303 29.5 29.7000007629395 30.1000003814697 30 29.3999996185303 29.2000007629395 29.3999996185303 29.5 30.1000003814697 31.1000003814697 30.7000007629395 29.8999996185303 29.7000007629395 29.2000007629395 29 28.7999992370605 28.8999996185303 29.1000003814697 29.3999996185303 29.3999996185303 29.7000007629395 30 30.1000003814697 30.3999996185303 31.2999992370605 31.7999992370605 32.9000015258789 34.0999984741211 35.0999984741211 35.7000007629395 35.7000007629395 35.5 35 34.7999992370605 34.5999984741211 34.7999992370605 34.9000015258789 35 35.4000015258789 36.0999984741211 36.7999992370605 37.4000015258789 37.9000015258789 38.2000007629395 37.5999984741211 37.2000007629395 37.2000007629395 36.9000015258789 37.2999992370605 38.2999992370605 39.5999984741211 40.5999984741211 41.7000007629395
28.2999992370605 28.6000003814697 29.3999996185303 29.8999996185303 30.2000007629395 30.3999996185303 30 29.3999996185303 29.7000007629395 30.2999992370605 31.1000003814697 32.2000007629395 31.6000003814697 31.1000003814697 31.2999992370605 30.5 30.2999992370605 30.2000007629395 30 29.7999992370605 30.1000003814697 30.3999996185303 30.7999992370605 31.1000003814697 31.2999992370605 31.7000007629395 32.5 33.2999992370605 34.2999992370605 35.4000015258789 36.4000015258789 37.2000007629395 37 36.9000015258789 36.9000015258789 36.7999992370605 36.4000015258789 36.5 36.4000015258789 36.5999984741211 37.0999984741211 37.4000015258789 38.2000007629395 39.7999992370605 40.5 40.7000007629395 39.5 37.9000015258789 37 36.9000015258789 37.5 38.5 39.7999992370605 41.5999984741211 42.9000015258789
27.3999996185303 27.7999992370605 28.7000007629395 29.6000003814697 29.7999992370605 30 30.2999992370605 29.8999996185303 30.1000003814697 31.1000003814697 31.7999992370605 32.7000007629395 32.5 32.5 32.2999992370605 31.6000003814697 31.2999992370605 31.1000003814697 30.8999996185303 30.7000007629395 30.8999996185303 31.2999992370605 31.7999992370605 32 32.7000007629395 33.2000007629395 33.9000015258789 34.7999992370605 35.7999992370605 36.9000015258789 37.5999984741211 38 38 38.2999992370605 38.2999992370605 38.0999984741211 38.2000007629395 38.2999992370605 38.2000007629395 38.2999992370605 38.5 38.7999992370605 39.5999984741211 40.4000015258789 41.5 41.9000015258789 40.2000007629395 38.7999992370605 37.5 36.7999992370605 37.7999992370605 39.0999984741211 40.2999992370605 41.4000015258789 42.5999984741211
26.2000007629395 26.3999996185303 26.8999996185303 28 28.8999996185303 29.7999992370605 30.6000003814697 31 30.7000007629395 32.2000007629395 33.2000007629395 33.7000007629395 33.5999984741211 33.9000015258789 33.2000007629395 32.7000007629395 32.2999992370605 32.0999984741211 31.7000007629395 31.6000003814697 31.8999996185303 32.0999984741211 32.5999984741211 33.4000015258789 34.0999984741211 34.7999992370605 35.5999984741211 36.5 37.4000015258789 38.2000007629395 38.7999992370605 39.2999992370605 39.5 39.5999984741211 39.5999984741211 39.7999992370605 39.7999992370605 40 39.9000015258789 39.7999992370605 40 40.0999984741211 40.5999984741211 41.2999992370605 42 41.9000015258789 40.7000007629395 39.5 38.0999984741211 37.2000007629395 38 39.0999984741211 40.4000015258789 41.4000015258789 42.2000007629395
25.2999992370605 25 24.8999996185303 26.3999996185303 28.2999992370605 29.8999996185303 31.7999992370605 32.7999992370605 33 34.4000015258789 34.9000015258789 35 34.7999992370605 34.7000007629395 34.0999984741211 34 33.7000007629395 33.4000015258789 33 32.5999984741211 33 33.2999992370605 33.7999992370605 34.9000015258789 35.4000015258789 36.2000007629395 37.0999984741211 38 39.0999984741211 39.5999984741211 40.0999984741211 40.5999984741211 40.9000015258789 41.2000007629395 41.0999984741211 41.4000015258789 41.9000015258789 41.7000007629395 41.4000015258789 41.5 41.5 41.2999992370605 41.5999984741211 41.7999992370605 42.4000015258789 42 41 40.0999984741211 38.7000007629395 38.5999984741211 38.9000015258789 39.9000015258789 41 41.7999992370605 42.2000007629395
25.1000003814697 24.6000003814697 24.3999996185303 25.8999996185303 28.1000003814697 30.6000003814697 32.9000015258789 34.5999984741211 35.4000015258789 35.7999992370605 36 36.0999984741211 36.0999984741211 35.5999984741211 35.2000007629395 35.2999992370605 35.2000007629395 34.7999992370605 34.5999984741211 34.2999992370605 34.5999984741211 34.7000007629395 35.4000015258789 36.2999992370605 37.0999984741211 37.7999992370605 38.4000015258789 39.4000015258789 40.5999984741211 41.0999984741211 41.5999984741211 42 42.4000015258789 42.7000007629395 42.7999992370605 42.7999992370605 42.9000015258789 43 42.7999992370605 42.7000007629395 42.2000007629395 42.2999992370605 42.5 42.5 42.7000007629395 42.0999984741211 41.9000015258789 41.2000007629395 40.5999984741211 40.2999992370605 40.5 41.2000007629395 41.7999992370605 42.2000007629395 42.7999992370605
25.5 25.1000003814697 25.5 26.7999992370605 28.8999996185303 31.2000007629395 33.5 35.0999984741211 35.7999992370605 36.2999992370605 36.7999992370605 36.7999992370605 37 36.7999992370605 36.7999992370605 36.7000007629395 36.4000015258789 36.2000007629395 36.0999984741211 36.2000007629395 36.2000007629395 36.4000015258789 37.2000007629395 37.9000015258789 38.4000015258789 39.0999984741211 40.2000007629395 41.0999984741211 41.7999992370605 42.5999984741211 43.0999984741211 43.7000007629395 44.0999984741211 44 44.2000007629395 44 44 44.0999984741211 43.9000015258789 43.5999984741211 43.5 43.4000015258789 43.2999992370605 43.2000007629395 43 42.9000015258789 42.7000007629395 42.2999992370605 42.5 42.2999992370605 42.5 42.9000015258789 43.2000007629395 43.2999992370605 43.5
26.3999996185303 26.3999996185303 27 28.1000003814697 29.7999992370605 32 34.2000007629395 35.5999984741211 36.4000015258789 37 37.5999984741211 38 38.2999992370605 38.2000007629395 38.2999992370605 38.2000007629395 37.9000015258789 38 37.7999992370605 37.9000015258789 38 38.4000015258789 39 39.5999984741211 40.0999984741211 40.9000015258789 41.5 42.7999992370605 43.5999984741211 44.2000007629395 44.7999992370605 45.4000015258789 45.5 45.4000015258789 45.4000015258789 45.2000007629395 45.2000007629395 45 44.7999992370605 44.5999984741211 44.4000015258789 44.2000007629395 44.0999984741211 44 43.9000015258789 44 43.7999992370605 43.7000007629395 43.7999992370605 44.2000007629395 44.7999992370605 45.2000007629395 45.4000015258789 45.2000007629395 44.7999992370605
27.3999996185303 27.7000007629395 28.2000007629395 29.3999996185303 30.8999996185303 32.7999992370605 34.5999984741211 36 37 37.9000015258789 38.5 38.7999992370605 39.0999984741211 39.4000015258789 39.5 39.7999992370605 39.7000007629395 39.5 39.4000015258789 39.5 39.9000015258789 40.0999984741211 40.7000007629395 41.2000007629395 42.0999984741211 42.7000007629395 43.5 44.5999984741211 45.5999984741211 46.5 47.2000007629395 47.2999992370605 47.0999984741211 46.9000015258789 46.5 46.2999992370605 45.9000015258789 45.7000007629395 45.5999984741211 45.2999992370605 45 44.7999992370605 45 45.2000007629395 45.2000007629395 45.0999984741211 45 45 45.0999984741211 45.9000015258789 47.0999984741211 47.5999984741211 47.0999984741211 46.7000007629395 45.9000015258789
28.7000007629395 28.7000007629395 29.5 30.7999992370605 32.0999984741211 33.7000007629395 35.2000007629395 36.0999984741211 37.4000015258789 38.5999984741211 39.4000015258789 39.7999992370605 40.4000015258789 40.7000007629395 40.7999992370605 40.7999992370605 40.7999992370605 40.9000015258789 41.0999984741211 41.2000007629395 41.7000007629395 41.9000015258789 42.5999984741211 43.2000007629395 44.0999984741211 44.7999992370605 45.7000007629395 46.7999992370605 48.2000007629395 49.0999984741211 49.4000015258789 49 48.2999992370605 47.9000015258789 47.5 47.2000007629395 46.7000007629395 46.5999984741211 46.2000007629395 46.0999984741211 45.7999992370605 45.7000007629395 45.7999992370605 45.7999992370605 46 45.7999992370605 46 46 46.4000015258789 47.5999984741211 48.5 48.7999992370605 48 47.5 46.7999992370605
30 30.2999992370605 31.1000003814697 32 33.2000007629395 34.5 35.9000015258789 36.7999992370605 37.9000015258789 39.4000015258789 40.0999984741211 40.9000015258789 41.5 41.7000007629395 42 42.0999984741211 42.2999992370605 42.4000015258789 42.7000007629395 42.9000015258789 43.2000007629395 43.5 44.0999984741211 45 45.7999992370605 46.5999984741211 47.4000015258789 48.7000007629395 50.0999984741211 50.5 50.5999984741211 49.9000015258789 49.4000015258789 48.7999992370605 48.2000007629395 47.9000015258789 47.4000015258789 47.0999984741211 46.7999992370605 46.5 46.0999984741211 46.0999984741211 46.2999992370605 46.2999992370605 46.5 46.7000007629395 46.7000007629395 46.7999992370605 47.5999984741211 48.7000007629395 49.4000015258789 49 48.5 48 47.5999984741211
31 31.5 32.2999992370605 32.7999992370605 34 35.4000015258789 36.7000007629395 37.7000007629395 38.7000007629395 40.0999984741211 41 41.9000015258789 42.2999992370605 43 43.2999992370605 43.5 43.5999984741211 43.7999992370605 44 44.4000015258789 44.7000007629395 45 45.7000007629395 46.5 47.2000007629395 47.7000007629395 48.7999992370605 50 50.7999992370605 51.0999984741211 51 50.7999992370605 50.2000007629395 49.7000007629395 49.0999984741211 48.5 48.2000007629395 47.5999984741211 47.2999992370605 46.9000015258789 46.7999992370605 46.7000007629395 46.7000007629395 46.9000015258789 47.2000007629395 47.4000015258789 47.5999984741211 47.7999992370605 48.5 49.2999992370605 49.7000007629395 49.5 49.2000007629395 48.5 48
32.2000007629395 32.5999984741211 33.4000015258789 34.0999984741211 35.2999992370605 36.5999984741211 37.5 38.9000015258789 39.7999992370605 41 42 42.5999984741211 43.4000015258789 43.9000015258789 44.0999984741211 44.5999984741211 44.7999992370605 45.2000007629395 45.2999992370605 45.5999984741211 46.0999984741211 46.9000015258789 47.2999992370605 47.7000007629395 48.4000015258789 49.0999984741211 49.9000015258789 50.7000007629395 51.4000015258789 51.5999984741211 51.5 51.4000015258789 50.5999984741211 50.2999992370605 49.4000015258789 48.9000015258789 48.5 48.2999992370605 48.0999984741211 47.7000007629395 47.5 47.5999984741211 47.9000015258789 48.0999984741211 48.2999992370605 48.5 48.5999984741211 49 49.2000007629395 49.5999984741211 49.5999984741211 49.7999992370605 49.5999984741211 49 48.7000007629395
32.9000015258789 33.5 34.2000007629395 35 36.2000007629395 37.5999984741211 38.5999984741211 40 40.9000015258789 42 43 43.7000007629395 44.4000015258789 44.5 45 45.4000015258789 46.0999984741211 46.5999984741211 46.7999992370605 47.2000007629395 47.9000015258789 48.4000015258789 48.5999984741211 49.2000007629395 49.5 50.2000007629395 50.7999992370605 51.4000015258789 51.7999992370605 52 52.0999984741211 51.7999992370605 51.4000015258789 50.9000015258789 50.0999984741211 49.5999984741211 49.2000007629395 48.7999992370605 48.5999984741211 48.5 48.5999984741211 48.9000015258789 49 49.2999992370605 49.4000015258789 49.7000007629395 49.5999984741211 49.7999992370605 50.2999992370605 50.2000007629395 50 49.9000015258789 49.9000015258789 49.5999984741211 49.2000007629395
33.5999984741211 34.2999992370605 35.2000007629395 36.0999984741211 37.4000015258789 38.7000007629395 39.7000007629395 41 42.2999992370605 43.2000007629395 44.0999984741211 44.5999984741211 44.7999992370605 45.0999984741211 46 46.5 47.2000007629395 47.9000015258789 48.2999992370605 48.7999992370605 49.4000015258789 49.7999992370605 49.9000015258789 50.4000015258789 50.7999992370605 51.2999992370605 51.5999984741211 51.7999992370605 52.0999984741211 52.5 52.5 52.0999984741211 51.9000015258789 51.2000007629395 50.7000007629395 50.2999992370605 49.7999992370605 49.5999984741211 49.4000015258789 49.2999992370605 49.7999992370605 50.0999984741211 50.2999992370605 50.5999984741211 50.9000015258789 50.7999992370605 50.7000007629395 50.7999992370605 51 50.7999992370605 50.7000007629395 50.4000015258789 50.4000015258789 50.2000007629395 49.9000015258789
34.2999992370605 35.0999984741211 35.9000015258789 37.0999984741211 38.5 39.2000007629395 40.5999984741211 41.7999992370605 43.2000007629395 44.2999992370605 44.9000015258789 45.2000007629395 45.4000015258789 45.9000015258789 46.7999992370605 47.5 48.2999992370605 49.2000007629395 49.7999992370605 50.5 50.9000015258789 51 51 51.5999984741211 51.7999992370605 52.2000007629395 52.2999992370605 52.4000015258789 52.5999984741211 52.7999992370605 52.7000007629395 52.4000015258789 52.2000007629395 51.7999992370605 51.2999992370605 50.7999992370605 50.2000007629395 49.7999992370605 49.7999992370605 49.9000015258789 50.5 51.2999992370605 51.7999992370605 51.9000015258789 51.9000015258789 51.9000015258789 52.2000007629395 52.0999984741211 51.7999992370605 51.7999992370605 51.5999984741211 51.2000007629395 51.0999984741211 50.9000015258789 50.4000015258789
34.5999984741211 35.5999984741211 36.7000007629395 37.9000015258789 39.2999992370605 40.2000007629395 41.7999992370605 43 44.2999992370605 45.2000007629395 45.7000007629395 45.7999992370605 45.9000015258789 46.4000015258789 47.2000007629395 48.4000015258789 49.4000015258789 50.2999992370605 51.2000007629395 51.7999992370605 52.0999984741211 52 52.4000015258789 52.7999992370605 52.7999992370605 52.9000015258789 53 53.2999992370605 53.4000015258789 53.5 53.2999992370605 52.7999992370605 52.5999984741211 52.2000007629395 51.7999992370605 51.2000007629395 50.5999984741211 50.2999992370605 50.2000007629395 50.5 51.5999984741211 52.5999984741211 53 53.4000015258789 53.5 53.4000015258789 53.5 53.2999992370605 52.9000015258789 52.7000007629395 52.2999992370605 52 51.7999992370605 51.5999984741211 51.0999984741211
35.2999992370605 36.0999984741211 37.2999992370605 38.5 39.9000015258789 41.2000007629395 42.9000015258789 44.4000015258789 45.9000015258789 46.5 46.5999984741211 46.5999984741211 46.5999984741211 46.9000015258789 48 49.4000015258789 51 52 52.5999984741211 52.9000015258789 53 53.2000007629395 53.4000015258789 53.7000007629395 53.7000007629395 53.9000015258789 53.9000015258789 53.7999992370605 53.9000015258789 53.7000007629395 53.5999984741211 53.2999992370605 53.0999984741211 52.9000015258789 52.5999984741211 52 51.5999984741211 51.4000015258789 51.0999984741211 51.7000007629395 52.9000015258789 54.2999992370605 54.7000007629395 54.5999984741211 54.9000015258789 54.7000007629395 54.4000015258789 54.2000007629395 53.9000015258789 53.7999992370605 53.4000015258789 53.0999984741211 52.7999992370605 52.5999984741211 52.0999984741211
35.9000015258789 36.9000015258789 38 39 40.5999984741211 42.2000007629395 43.7999992370605 45.7999992370605 47.4000015258789 48.2999992370605 48 47.7999992370605 47.5 47.5999984741211 48.9000015258789 50.4000015258789 52 53 53.5999984741211 53.7999992370605 53.7999992370605 54.2000007629395 54.5 54.4000015258789 54.5 54.7000007629395 54.5 54.2999992370605 54.0999984741211 54.2999992370605 54.2999992370605 54 53.7000007629395 53.2000007629395 52.9000015258789 52.5 52 52.0999984741211 52.4000015258789 53.0999984741211 54.4000015258789 55.9000015258789 56 56.0999984741211 56 55.7000007629395 55.7000007629395 55.2999992370605 55 54.7000007629395 54.2999992370605 54.0999984741211 53.7000007629395 53.7999992370605 53.2000007629395
36.4000015258789 37.5999984741211 38.7999992370605 39.9000015258789 41.4000015258789 43.0999984741211 44.7000007629395 46.7999992370605 48.7000007629395 49.2000007629395 48.5 48.2999992370605 48.2999992370605 48.7999992370605 49.5999984741211 51 52.5 53.5 54.2000007629395 54.5999984741211 54.9000015258789 55 55.2000007629395 55.2999992370605 55.2000007629395 55.5 55.2000007629395 54.9000015258789 54.7999992370605 54.7000007629395 54.7000007629395 54.5 54.2000007629395 53.7000007629395 53.2000007629395 53 52.9000015258789 52.9000015258789 53.2999992370605 54.2999992370605 55.7000007629395 56.5999984741211 57.0999984741211 57.2999992370605 57.4000015258789 56.9000015258789 56.7999992370605 56.2000007629395 55.7999992370605 55.5 55.0999984741211 55 55 54.9000015258789 54.5
37.7000007629395 38.7999992370605 39.5 40.7000007629395 42.0999984741211 43.5 45.2000007629395 47 48.2999992370605 49 48.7999992370605 49 49.2999992370605 50 50.7000007629395 51.7999992370605 53.0999984741211 54.2000007629395 54.9000015258789 55.7000007629395 55.9000015258789 56.2000007629395 56.4000015258789 56.2000007629395 55.7000007629395 55.7000007629395 55.4000015258789 55.4000015258789 55.2999992370605 55 55.0999984741211 55.0999984741211 54.9000015258789 54.4000015258789 53.7999992370605 53.7000007629395 53.4000015258789 53.5999984741211 54.2000007629395 55.2000007629395 56.5 57.5999984741211 58.5 58.5999984741211 58.5 58 57.4000015258789 56.7999992370605 56.2999992370605 56.0999984741211 55.7000007629395 55.7999992370605 55.9000015258789 55.9000015258789 55.9000015258789
38.9000015258789 40 41 41.9000015258789 42.7999992370605 44.2000007629395 45.7999992370605 47.2999992370605 48.2000007629395 49.0999984741211 49.2999992370605 49.7000007629395 50.2000007629395 51 51.9000015258789 52.7000007629395 53.7000007629395 54.7000007629395 55.5999984741211 56.2000007629395 56.5999984741211 57.0999984741211 57.2999992370605 57 56.5 56.2999992370605 55.9000015258789 55.7000007629395 55.7999992370605 55.5 55.7000007629395 55.7999992370605 55.5999984741211 55.2000007629395 54.7000007629395 54.4000015258789 54.2000007629395 54.2999992370605 54.7999992370605 55.7999992370605 57.2000007629395 58.5 59.9000015258789 59.9000015258789 59.5999984741211 59 58.2000007629395 57.5999984741211 57 56.5999984741211 56.7000007629395 56.7999992370605 57 57.0999984741211 57.2999992370605
40.7000007629395 41.9000015258789 42.7000007629395 43 43.4000015258789 44.7000007629395 45.9000015258789 47.2999992370605 48.4000015258789 49.2000007629395 50.2000007629395 50.5999984741211 51.0999984741211 51.9000015258789 52.9000015258789 53.9000015258789 54.5999984741211 55.2000007629395 56.0999984741211 56.9000015258789 57.4000015258789 57.9000015258789 58.0999984741211 57.7000007629395 57 56.5 56.2999992370605 56.0999984741211 56 56 56.4000015258789 56.5 56.2999992370605 55.9000015258789 55.5999984741211 55.0999984741211 54.5999984741211 54.5 55 55.7000007629395 57.5 59.2999992370605 61.4000015258789 61.2999992370605 60.5999984741211 60 59.0999984741211 58.2000007629395 57.5 57 57.2999992370605 57.5 58.0999984741211 58.5999984741211 58.7000007629395
