data/layers/future_layer_mc_585_60/bio17.asc
NCOLS 494 
NROWS 529 
XLLCORNER -117.166666666667 
YLLCORNER -55.5 
CELLSIZE 0.166666666666667 
NODATA_value -3.4e+38 
[rows 72 to 95 of 529, columns 108 to 161 of 494]
29.1000003814697 30.3999996185303 36.7999992370605 66.4000015258789 110.900001525879 149.800003051758 156.100006103516 133.600006103516 136.5 122.300003051758 121.400001525879 141.300003051758 -3.4e+38 -3.4e+38 -3.4e+38 -3.4e+38 -3.4e+38 -3.4e+38 -3.4e+38 -3.4e+38 -3.4e+38 -3.4e+38 -3.4e+38 -3.4e+38 -3.4e+38 -3.4e+38 -3.4e+38 -3.4e+38 -3.4e+38 -3.4e+38 -3.4e+38 -3.4e+38 -3.4e+38 -3.4e+38 -3.4e+38 -3.4e+38 -3.4e+38 -3.4e+38 -3.4e+38 -3.4e+38 -3.4e+38 -3.4e+38 -3.4e+38 -3.4e+38 -3.4e+38 -3.4e+38 -3.4e+38 -3.4e+38 -3.4e+38 -3.4e+38 -3.4e+38 -3.4e+38 -3.4e+38 40.2999992370605
24.3999996185303 30.8999996185303 33.4000015258789 42.4000015258789 68.3000030517578 126.199996948242 156.300003051758 156.899993896484 149.899993896484 138.100006103516 150.399993896484 170.899993896484 192.100006103516 -3.4e+38 -3.4e+38 -3.4e+38 -3.4e+38 -3.4e+38 -3.4e+38 -3.4e+38 -3.4e+38 -3.4e+38 -3.4e+38 -3.4e+38 -3.4e+38 -3.4e+38 -3.4e+38 -3.4e+38 -3.4e+38 -3.4e+38 -3.4e+38 -3.4e+38 -3.4e+38 -3.4e+38 -3.4e+38 -3.4e+38 -3.4e+38 -3.4e+38 -3.4e+38 -3.4e+38 -3.4e+38 -3.4e+38 -3.4e+38 -3.4e+38 -3.4e+38 -3.4e+38 -3.4e+38 -3.4e+38 -3.4e+38 -3.4e+38 -3.4e+38 -3.4e+38 39.9000015258789 47.9000015258789
23.7000007629395 26.2000007629395 35.0999984741211 35 34.5 64.6999969482422 125.699996948242 159 172.899993896484 155.800003051758 159.600006103516 187.5 223.899993896484 233.399993896484 -3.4e+38 -3.4e+38 -3.4e+38 -3.4e+38 -3.4e+38 -3.4e+38 -3.4e+38 -3.4e+38 -3.4e+38 -3.4e+38 -3.4e+38 -3.4e+38 -3.4e+38 -3.4e+38 -3.4e+38 -3.4e+38 -3.4e+38 -3.4e+38 -3.4e+38 -3.4e+38 -3.4e+38 -3.4e+38 -3.4e+38 -3.4e+38 -3.4e+38 -3.4e+38 -3.4e+38 -3.4e+38 -3.4e+38 -3.4e+38 -3.4e+38 -3.4e+38 -3.4e+38 -3.4e+38 -3.4e+38 -3.4e+38 -3.4e+38 -3.4e+38 45.7999992370605 55.0999984741211
24.6000003814697 29 28.1000003814697 40.2000007629395 30.5 38.2999992370605 66.3000030517578 125.599998474121 157.600006103516 176.199996948242 183 203.600006103516 210.600006103516 226.5 211.300003051758 -3.4e+38 -3.4e+38 -3.4e+38 -3.4e+38 -3.4e+38 -3.4e+38 -3.4e+38 -3.4e+38 -3.4e+38 -3.4e+38 -3.4e+38 -3.4e+38 -3.4e+38 -3.4e+38 -3.4e+38 -3.4e+38 -3.4e+38 -3.4e+38 -3.4e+38 -3.4e+38 -3.4e+38 -3.4e+38 -3.4e+38 -3.4e+38 -3.4e+38 -3.4e+38 -3.4e+38 -3.4e+38 -3.4e+38 -3.4e+38 -3.4e+38 -3.4e+38 -3.4e+38 -3.4e+38 -3.4e+38 -3.4e+38 -3.4e+38 51.2999992370605 60.2999992370605
21.7999992370605 22.7000007629395 20.1000003814697 30.3999996185303 40.9000015258789 42.4000015258789 47.9000015258789 68.5 97.0999984741211 111.199996948242 143.199996948242 191.5 212.600006103516 229.300003051758 213 -3.4e+38 -3.4e+38 -3.4e+38 -3.4e+38 -3.4e+38 -3.4e+38 -3.4e+38 -3.4e+38 -3.4e+38 -3.4e+38 -3.4e+38 -3.4e+38 -3.4e+38 -3.4e+38 -3.4e+38 -3.4e+38 -3.4e+38 -3.4e+38 -3.4e+38 -3.4e+38 -3.4e+38 -3.4e+38 -3.4e+38 -3.4e+38 -3.4e+38 -3.4e+38 -3.4e+38 -3.4e+38 -3.4e+38 -3.4e+38 -3.4e+38 -3.4e+38 -3.4e+38 -3.4e+38 -3.4e+38 -3.4e+38 -3.4e+38 56.2000007629395 64
20.1000003814697 18.6000003814697 18.1000003814697 21.2999992370605 27.6000003814697 42.0999984741211 41.9000015258789 42.0999984741211 42.9000015258789 45.7999992370605 61.0999984741211 97.3000030517578 143.199996948242 152.899993896484 164 126.900001525879 -3.4e+38 -3.4e+38 -3.4e+38 -3.4e+38 -3.4e+38 -3.4e+38 -3.4e+38 -3.4e+38 -3.4e+38 -3.4e+38 -3.4e+38 -3.4e+38 -3.4e+38 -3.4e+38 -3.4e+38 -3.4e+38 -3.4e+38 -3.4e+38 -3.4e+38 -3.4e+38 -3.4e+38 -3.4e+38 -3.4e+38 -3.4e+38 -3.4e+38 -3.4e+38 -3.4e+38 -3.4e+38 -3.4e+38 -3.4e+38 -3.4e+38 -3.4e+38 -3.4e+38 -3.4e+38 -3.4e+38 -3.4e+38 60.9000015258789 67.5999984741211
21.3999996185303 18.7000007629395 25 28.1000003814697 24.3999996185303 27.6000003814697 32.2999992370605 34.7999992370605 34 27.5 33.2999992370605 53.9000015258789 100.099998474121 133.5 122.599998474121 75.8000030517578 -3.4e+38 -3.4e+38 -3.4e+38 -3.4e+38 -3.4e+38 -3.4e+38 -3.4e+38 -3.4e+38 -3.4e+38 -3.4e+38 -3.4e+38 -3.4e+38 -3.4e+38 -3.4e+38 -3.4e+38 -3.4e+38 -3.4e+38 -3.4e+38 -3.4e+38 -3.4e+38 -3.4e+38 -3.4e+38 -3.4e+38 -3.4e+38 -3.4e+38 -3.4e+38 -3.4e+38 -3.4e+38 -3.4e+38 -3.4e+38 -3.4e+38 -3.4e+38 -3.4e+38 -3.4e+38 -3.4e+38 55.0999984741211 63.0999984741211 72.9000015258789
21.6000003814697 20.7999992370605 38.9000015258789 34.0999984741211 26.3999996185303 23.7999992370605 22.3999996185303 24.1000003814697 25.6000003814697 21.5 21.8999996185303 52.7999992370605 109 114.199996948242 82.9000015258789 36.5999984741211 28.2999992370605 -3.4e+38 -3.4e+38 -3.4e+38 -3.4e+38 -3.4e+38 -3.4e+38 -3.4e+38 -3.4e+38 -3.4e+38 -3.4e+38 -3.4e+38 -3.4e+38 -3.4e+38 -3.4e+38 -3.4e+38 -3.4e+38 -3.4e+38 -3.4e+38 -3.4e+38 -3.4e+38 -3.4e+38 -3.4e+38 -3.4e+38 -3.4e+38 -3.4e+38 -3.4e+38 -3.4e+38 -3.4e+38 -3.4e+38 -3.4e+38 -3.4e+38 -3.4e+38 -3.4e+38 -3.4e+38 56.7999992370605 64.3000030517578 74.1999969482422
25.3999996185303 22.8999996185303 34.5 39.2000007629395 19 17.8999996185303 33.7000007629395 29.3999996185303 22.7999992370605 19.3999996185303 24.2999992370605 66 100.699996948242 111.400001525879 71.1999969482422 39.0999984741211 32.2999992370605 -3.4e+38 -3.4e+38 -3.4e+38 -3.4e+38 -3.4e+38 -3.4e+38 -3.4e+38 -3.4e+38 -3.4e+38 -3.4e+38 -3.4e+38 -3.4e+38 -3.4e+38 -3.4e+38 -3.4e+38 -3.4e+38 -3.4e+38 -3.4e+38 -3.4e+38 -3.4e+38 -3.4e+38 -3.4e+38 -3.4e+38 -3.4e+38 -3.4e+38 -3.4e+38 -3.4e+38 -3.4e+38 -3.4e+38 -3.4e+38 -3.4e+38 -3.4e+38 -3.4e+38 -3.4e+38 59.5999984741211 65.4000015258789 72.9000015258789
33.4000015258789 29.7999992370605 32.2000007629395 47.7000007629395 19.2999992370605 17.3999996185303 22.1000003814697 23.2999992370605 22.8999996185303 21.5 31.1000003814697 74.9000015258789 102.199996948242 118.5 82.3000030517578 51.5999984741211 37.2999992370605 40.2999992370605 -3.4e+38 -3.4e+38 -3.4e+38 -3.4e+38 -3.4e+38 -3.4e+38 -3.4e+38 -3.4e+38 -3.4e+38 -3.4e+38 -3.4e+38 -3.4e+38 -3.4e+38 -3.4e+38 -3.4e+38 -3.4e+38 -3.4e+38 -3.4e+38 -3.4e+38 -3.4e+38 -3.4e+38 -3.4e+38 -3.4e+38 -3.4e+38 -3.4e+38 -3.4e+38 -3.4e+38 -3.4e+38 -3.4e+38 -3.4e+38 -3.4e+38 60.0999984741211 61.5999984741211 64.4000015258789 68.5999984741211 72.4000015258789
17.7999992370605 18.7999992370605 23.3999996185303 27.2000007629395 17.3999996185303 16.6000003814697 16.2999992370605 18.6000003814697 20.7999992370605 19.1000003814697 26 62.0999984741211 100.800003051758 120.900001525879 115.800003051758 81.5999984741211 42.2999992370605 37.9000015258789 43 -3.4e+38 -3.4e+38 -3.4e+38 -3.4e+38 -3.4e+38 -3.4e+38 -3.4e+38 -3.4e+38 -3.4e+38 -3.4e+38 -3.4e+38 -3.4e+38 -3.4e+38 -3.4e+38 -3.4e+38 -3.4e+38 -3.4e+38 -3.4e+38 -3.4e+38 -3.4e+38 -3.4e+38 -3.4e+38 -3.4e+38 -3.4e+38 -3.4e+38 -3.4e+38 -3.4e+38 -3.4e+38 -3.4e+38 66.3000030517578 67 68.0999984741211 68.8000030517578 73.3000030517578 74.5999984741211
14.8999996185303 14.8000001907349 17.5 17.8999996185303 15.6000003814697 15.1999998092651 15.6000003814697 17.3999996185303 17.1000003814697 15.6999998092651 24.7000007629395 54.5 90.4000015258789 134.600006103516 172.199996948242 106.5 42.7999992370605 36.0999984741211 39.7999992370605 49 -3.4e+38 -3.4e+38 -3.4e+38 -3.4e+38 -3.4e+38 -3.4e+38 -3.4e+38 -3.4e+38 -3.4e+38 -3.4e+38 -3.4e+38 -3.4e+38 -3.4e+38 -3.4e+38 -3.4e+38 -3.4e+38 -3.4e+38 -3.4e+38 -3.4e+38 -3.4e+38 -3.4e+38 -3.4e+38 -3.4e+38 -3.4e+38 -3.4e+38 -3.4e+38 -3.4e+38 -3.4e+38 69.8000030517578 72.9000015258789 73.8000030517578 74.4000015258789 76.9000015258789 77.4000015258789
13.6999998092651 13.6000003814697 12.5 12.1000003814697 12.8999996185303 13.3999996185303 14.6999998092651 18.1000003814697 14.1000003814697 15.5 21.2999992370605 40.2999992370605 75.8000030517578 142.899993896484 165.300003051758 114 51.7000007629395 41.2000007629395 45.5 55.2999992370605 75.1999969482422 76.5999984741211 87.8000030517578 127.099998474121 -3.4e+38 -3.4e+38 -3.4e+38 -3.4e+38 -3.4e+38 -3.4e+38 -3.4e+38 -3.4e+38 -3.4e+38 -3.4e+38 -3.4e+38 -3.4e+38 -3.4e+38 -3.4e+38 -3.4e+38 -3.4e+38 109.099998474121 106.199996948242 101.699996948242 93.5 -3.4e+38 -3.4e+38 -3.4e+38 -3.4e+38 73.3000030517578 74 76.3000030517578 77.5999984741211 78.5999984741211 79.0999984741211
13.1999998092651 13.5 11.3999996185303 13.1999998092651 13.1000003814697 13.8000001907349 16.7999992370605 16.6000003814697 13.1000003814697 13.8999996185303 22.2999992370605 30.8999996185303 58.9000015258789 131.800003051758 137.899993896484 127.099998474121 82.5999984741211 56.5999984741211 53.0999984741211 60.7999992370605 73.9000015258789 72.5 76.5999984741211 90 94.5999984741211 123.699996948242 -3.4e+38 -3.4e+38 -3.4e+38 -3.4e+38 -3.4e+38 -3.4e+38 -3.4e+38 -3.4e+38 -3.4e+38 -3.4e+38 -3.4e+38 -3.4e+38 146.399993896484 130.800003051758 129.399993896484 127.800003051758 121.300003051758 113.300003051758 103.099998474121 -3.4e+38 87.3000030517578 82.8000030517578 80 78.3000030517578 76.8000030517578 77.4000015258789 80.4000015258789 81.6999969482422
11.8000001907349 11.8999996185303 12.6000003814697 12.3999996185303 13 16 14.8999996185303 12.6000003814697 12.5 14.8000001907349 20.3999996185303 12 45.4000015258789 106.599998474121 206 134.399993896484 125 93.9000015258789 76.9000015258789 65.8000030517578 70.9000015258789 67.9000015258789 59.2000007629395 62.5999984741211 78.5999984741211 86.5 99.0999984741211 -3.4e+38 -3.4e+38 -3.4e+38 -3.4e+38 -3.4e+38 -3.4e+38 168.899993896484 161.300003051758 153.399993896484 157.600006103516 173.199996948242 169 157.199996948242 154.399993896484 152.300003051758 142.699996948242 132.899993896484 121.400001525879 106.699996948242 98.3000030517578 92.8000030517578 89.9000015258789 85.4000015258789 80.5999984741211 80.4000015258789 82.5999984741211 86.3000030517578
12.6000003814697 13.3000001907349 13.1000003814697 12.8000001907349 14.1000003814697 13.8999996185303 13.6000003814697 15.8999996185303 15.5 14.6000003814697 18.7999992370605 20.2999992370605 34.4000015258789 86 160.899993896484 218.600006103516 172.600006103516 155.399993896484 115.400001525879 91.4000015258789 81.5999984741211 68.5999984741211 58.2000007629395 52.9000015258789 63.7999992370605 72.9000015258789 88.5999984741211 130.699996948242 171.899993896484 181.300003051758 176.800003051758 174.600006103516 174.800003051758 171.300003051758 171 169.899993896484 171.699996948242 181.300003051758 183.100006103516 184.600006103516 185.800003051758 181.399993896484 169.300003051758 150.800003051758 132.699996948242 118.199996948242 111.599998474121 108.300003051758 102.400001525879 93.4000015258789 88.0999984741211 88.6999969482422 89.6999969482422 92.5999984741211
14.1000003814697 14 14.8999996185303 14.3000001907349 13.6999998092651 12.8000001907349 12.8999996185303 17.3999996185303 16.2999992370605 14.1000003814697 16.5 19.6000003814697 29.6000003814697 58.9000015258789 122.300003051758 198.5 209.199996948242 194.699996948242 166.600006103516 118.800003051758 92.9000015258789 77.5 67.3000030517578 64.4000015258789 71.9000015258789 83.4000015258789 92.4000015258789 129.399993896484 157.600006103516 163 170 182.899993896484 183.699996948242 182.300003051758 188.899993896484 192.699996948242 190 179.100006103516 198.399993896484 219.199996948242 229 222 199.100006103516 172 148.300003051758 146.800003051758 136.399993896484 128.199996948242 117.400001525879 104.900001525879 99.0999984741211 97.9000015258789 97.9000015258789 99
17.1000003814697 15.3000001907349 17.3999996185303 15.3000001907349 16.7000007629395 16.2999992370605 14.3999996185303 16.6000003814697 14.3999996185303 13.8000001907349 15.3000001907349 15.3999996185303 27 37.4000015258789 73.8000030517578 149.600006103516 194.899993896484 198.100006103516 197.399993896484 144.199996948242 109.699996948242 88.9000015258789 73.4000015258789 77.1999969482422 90.1999969482422 104.900001525879 124.099998474121 151.100006103516 170.300003051758 170.199996948242 183.800003051758 201 204.800003051758 210.399993896484 225.600006103516 240.600006103516 246.300003051758 247.100006103516 259.299987792969 283.100006103516 297.799987792969 281.399993896484 239.899993896484 212.600006103516 200.199996948242 178.399993896484 162.100006103516 149.100006103516 134.800003051758 122.800003051758 114.300003051758 109.5 107.099998474121 106
19.2999992370605 20.1000003814697 22.7999992370605 15.6999998092651 14.8000001907349 15.8999996185303 15.3999996185303 15.6000003814697 15.8999996185303 16.1000003814697 16.2999992370605 13.3000001907349 17.6000003814697 32.0999984741211 49.7999992370605 79.0999984741211 142.399993896484 180.699996948242 182.300003051758 158.399993896484 131.600006103516 96.9000015258789 82.4000015258789 90.5999984741211 107.300003051758 131.800003051758 162.600006103516 194 214.899993896484 217 222.100006103516 237.800003051758 251.800003051758 265 294.299987792969 334.899993896484 381.100006103516 394.899993896484 374.100006103516 366.600006103516 363.399993896484 347.799987792969 298.100006103516 259.700012207031 234.100006103516 208.800003051758 185.5 168.300003051758 153.100006103516 139.899993896484 129.600006103516 121.5 117.400001525879 115.5
16.6000003814697 25.8999996185303 27.1000003814697 21.7000007629395 21.6000003814697 23.1000003814697 22.6000003814697 18.2999992370605 18.2999992370605 16.1000003814697 17.8999996185303 11.8999996185303 14.8000001907349 21.3999996185303 30.7999992370605 51.0999984741211 83.5 142.800003051758 166.600006103516 152.800003051758 121.400001525879 103.199996948242 93.6999969482422 102.300003051758 116.699996948242 156.800003051758 203.300003051758 248 275.799987792969 268.399993896484 260.5 266.899993896484 288.700012207031 313.399993896484 375.100006103516 444.100006103516 502.299987792969 484.799987792969 446.899993896484 339.399993896484 345.799987792969 358.600006103516 312.600006103516 277.100006103516 248 224.199996948242 203.300003051758 182.899993896484 166 155.800003051758 143.5 134.300003051758 127.400001525879 123.099998474121
17.6000003814697 22.8999996185303 26.6000003814697 28.7000007629395 29.7999992370605 28.8999996185303 26.8999996185303 25.1000003814697 18.8999996185303 16.2999992370605 16.7999992370605 16 16.5 17.2999992370605 21.8999996185303 36 45.5 99.3000030517578 117.900001525879 148.899993896484 113.900001525879 105.800003051758 101.900001525879 111.400001525879 130.399993896484 168.600006103516 220.5 271.299987792969 286 275.399993896484 251.600006103516 239.600006103516 270.700012207031 282.5 318.100006103516 300 198.800003051758 180.600006103516 321.200012207031 267.899993896484 229.300003051758 261.5 284.799987792969 255.399993896484 234.100006103516 219.399993896484 207 197.899993896484 184.300003051758 169.399993896484 157.600006103516 146.399993896484 137.800003051758 130.699996948242
11.8000001907349 16.2000007629395 21.2999992370605 21.8999996185303 23.8999996185303 19.1000003814697 25.5 21.5 25.8999996185303 24.3999996185303 19.6000003814697 16.8999996185303 19 17.2000007629395 15.1999998092651 19.3999996185303 29.5 53.0999984741211 63.7999992370605 108.400001525879 117.099998474121 110.900001525879 95.0999984741211 103.099998474121 117 153.600006103516 196.399993896484 186.800003051758 177.5 208.5 198.800003051758 169.399993896484 194.100006103516 184.199996948242 189.399993896484 164.399993896484 116.400001525879 75.5999984741211 162.5 211.699996948242 186.699996948242 206.899993896484 218.300003051758 211.5 206.5 196.100006103516 194.300003051758 199.600006103516 198.600006103516 189.899993896484 174.5 167.199996948242 157.899993896484 145
10.5 17.1000003814697 14.8000001907349 16 14.3999996185303 14.6999998092651 15.3999996185303 14.3999996185303 25.2999992370605 26.7999992370605 22.7000007629395 21.2999992370605 23 20.8999996185303 11.8000001907349 12.1999998092651 13.1000003814697 22 31 54.9000015258789 61.5999984741211 77.9000015258789 85.6999969482422 82.5999984741211 81.8000030517578 119.699996948242 154.300003051758 143.300003051758 118 111.599998474121 111.900001525879 111.199996948242 107.199996948242 87.8000030517578 91.6999969482422 85.8000030517578 83.4000015258789 39.7000007629395 64.8000030517578 75.0999984741211 114.400001525879 142.600006103516 163 178.300003051758 175.600006103516 179.5 174.899993896484 185.100006103516 202.399993896484 197.399993896484 189.399993896484 183.600006103516 178.800003051758 170.399993896484
8.89999961853027 10.3000001907349 12.5 12.3999996185303 12.3999996185303 10.5 11.6000003814697 17.6000003814697 20.5 26 26.7000007629395 27.7000007629395 24.8999996185303 19.2999992370605 12.1999998092651 10.3999996185303 9.30000019073486 14.1000003814697 19 24.2999992370605 35.4000015258789 47.9000015258789 44.9000015258789 45.7999992370605 39.2999992370605 73.9000015258789 100.300003051758 69 60.7999992370605 72.8000030517578 80.0999984741211 73.8000030517578 58.0999984741211 44.2999992370605 39.2999992370605 31.7999992370605 30.6000003814697 30.1000003814697 35.2999992370605 42.7999992370605 59 84.4000015258789 123.900001525879 143.899993896484 161.699996948242 163.199996948242 173.600006103516 172.399993896484 192.399993896484 199.800003051758 199.5 200.699996948242 200.800003051758 196.300003051758
