data/layers/future_layer_mc_585_60/bio18.asc
NCOLS 494 
NROWS 529 
XLLCORNER -117.166666666667 
YLLCORNER -55.5 
CELLSIZE 0.166666666666667 
NODATA_value -3.4e+38 
[rows 216 to 239 of 529, columns 378 to 431 of 494]
119.199996948242 119.099998474121 120.900001525879 119.900001525879 118.400001525879 115.699996948242 112.800003051758 109.599998474121 108.199996948242 106.599998474121 105.900001525879 103.400001525879 110.800003051758 114.400001525879 115.400001525879 115.900001525879 108 100.699996948242 101.300003051758 104.900001525879 105.599998474121 108.800003051758 110.900001525879 114.599998474121 118.599998474121 123.300003051758 127 127.699996948242 129 132.899993896484 138.399993896484 136.600006103516 134.100006103516 136.100006103516 136.699996948242 133.399993896484 131.100006103516 128.100006103516 123 121.300003051758 118.400001525879 117.300003051758 115.099998474121 108.599998474121 106.099998474121 102.599998474121 104 97.4000015258789 107.800003051758 118.599998474121 118.699996948242 123.900001525879 125.599998474121 118.800003051758
125.599998474121 127 126.599998474121 126.699996948242 124.400001525879 118.699996948242 116 111.800003051758 108.099998474121 108.300003051758 103.400001525879 114.199996948242 120.199996948242 124.599998474121 125.800003051758 124.400001525879 116.900001525879 108.099998474121 104.199996948242 103.199996948242 102.900001525879 102.300003051758 104.300003051758 108.800003051758 113.400001525879 118.099998474121 121.300003051758 126 129.800003051758 131 134 132.899993896484 130.300003051758 131.399993896484 131.100006103516 128.800003051758 126 122.800003051758 117.699996948242 115.400001525879 114.599998474121 109.599998474121 105.5 100.800003051758 96.8000030517578 95.5 91.9000015258789 87.0999984741211 111.699996948242 119.5 115.400001525879 116.099998474121 129.699996948242 126.400001525879
131.699996948242 133.699996948242 131.699996948242 129.899993896484 126.300003051758 119.900001525879 116.900001525879 112.900001525879 109.599998474121 108.199996948242 111.900001525879 119.900001525879 130.199996948242 137.800003051758 136.699996948242 129.100006103516 122.199996948242 114.099998474121 108.800003051758 105.599998474121 102.5 99.5999984741211 101.099998474121 105.099998474121 108.400001525879 114.099998474121 119.900001525879 126.300003051758 126.099998474121 129.100006103516 131.399993896484 128.800003051758 128.199996948242 127.699996948242 125.900001525879 125.099998474121 123.099998474121 121 114.900001525879 111.300003051758 109.800003051758 103.599998474121 99.8000030517578 93.4000015258789 91.0999984741211 88.0999984741211 83 77.9000015258789 108.400001525879 120 115.599998474121 112.900001525879 117.599998474121 113.699996948242
139.600006103516 137.100006103516 133.899993896484 133.899993896484 127.900001525879 122.699996948242 119 114.800003051758 113.800003051758 113.199996948242 118.199996948242 124.800003051758 133.300003051758 140 140.100006103516 130.899993896484 123.900001525879 116.400001525879 111.5 107.800003051758 104.900001525879 101.300003051758 100.900001525879 105.300003051758 108.300003051758 111.599998474121 115.300003051758 117.900001525879 123 127.900001525879 128.300003051758 126.699996948242 124.400001525879 124.400001525879 123.900001525879 121.300003051758 119.599998474121 115.400001525879 110.599998474121 106.300003051758 101.900001525879 98.6999969482422 93.8000030517578 87.3000030517578 83.5 82.0999984741211 76.5999984741211 87.4000015258789 121.800003051758 119.800003051758 115 110.300003051758 105.400001525879 102.599998474121
143.600006103516 140.100006103516 137.800003051758 134 129.899993896484 125.599998474121 121.900001525879 120.800003051758 119.300003051758 119.5 123.400001525879 128.399993896484 133.100006103516 137.899993896484 136.899993896484 130.899993896484 124.900001525879 117.599998474121 114.599998474121 112.599998474121 109 106.400001525879 106.900001525879 110.800003051758 110.599998474121 115.099998474121 115.900001525879 114.5 124.300003051758 123.599998474121 126.900001525879 124.599998474121 125.099998474121 121.5 122.099998474121 118.900001525879 116.199996948242 112.599998474121 109.300003051758 105.599998474121 99.4000015258789 94.5999984741211 87.5 83.5999984741211 79.4000015258789 75.8000030517578 70.8000030517578 109.800003051758 124.099998474121 120.699996948242 115.599998474121 110.599998474121 102.900001525879 99.9000015258789
145.100006103516 140.899993896484 140.100006103516 135.600006103516 129.699996948242 129.699996948242 127.199996948242 126.199996948242 123.5 123.400001525879 126.599998474121 129.399993896484 132.5 133.100006103516 133.600006103516 129.699996948242 125 120.099998474121 116 115.099998474121 112.099998474121 112.400001525879 113.599998474121 115.900001525879 119.199996948242 121.900001525879 115.800003051758 114.199996948242 122.800003051758 126.099998474121 127.599998474121 128.600006103516 122 119.800003051758 118.900001525879 116.300003051758 114.800003051758 111.300003051758 107.699996948242 101.800003051758 97.3000030517578 91 85.0999984741211 81.4000015258789 75.8000030517578 70.3000030517578 64.3000030517578 104.599998474121 125.599998474121 121.699996948242 116.800003051758 112.300003051758 103.900001525879 97.4000015258789
147.199996948242 143.600006103516 142.699996948242 138.399993896484 136.300003051758 133.600006103516 131.699996948242 128.899993896484 126.199996948242 126.5 129.300003051758 131.300003051758 132.399993896484 132.800003051758 129.699996948242 126.800003051758 125.599998474121 122.599998474121 119.800003051758 120.800003051758 119.400001525879 119.900001525879 121.099998474121 122.599998474121 123.400001525879 124 122.099998474121 119.800003051758 121.800003051758 126.800003051758 128.699996948242 128.5 123.800003051758 118.800003051758 115.699996948242 113.5 112 108.400001525879 104.199996948242 97.9000015258789 95.0999984741211 87.5999984741211 83.5999984741211 80.3000030517578 73.1999969482422 66.9000015258789 67.4000015258789 118.599998474121 127.099998474121 121.900001525879 116.400001525879 112.699996948242 107.699996948242 104.300003051758
152.100006103516 149.899993896484 145.899993896484 143.199996948242 140.399993896484 138.100006103516 136.399993896484 132.300003051758 127.800003051758 131.199996948242 132 134 133.899993896484 133.399993896484 130.399993896484 127 125 123.699996948242 124 125.300003051758 126.599998474121 126.300003051758 127.900001525879 128.800003051758 127.400001525879 128.800003051758 130.399993896484 125.599998474121 125.599998474121 129.399993896484 129.600006103516 127.300003051758 124 118.800003051758 117 112.900001525879 109.400001525879 109.699996948242 103.699996948242 99.8000030517578 96.4000015258789 88.4000015258789 82.9000015258789 77.9000015258789 71.5999984741211 65.0999984741211 75.3000030517578 124.800003051758 129.199996948242 122.5 117.900001525879 114.599998474121 110.099998474121 106.599998474121
159.5 156.100006103516 152.199996948242 148.600006103516 145.199996948242 144.600006103516 141.800003051758 138.100006103516 133.899993896484 136.899993896484 137.699996948242 138.600006103516 137.300003051758 136.600006103516 131.800003051758 128.800003051758 126.800003051758 126.699996948242 128.600006103516 130.399993896484 132.300003051758 134.800003051758 136.100006103516 134.600006103516 136.399993896484 136.399993896484 137.100006103516 136.100006103516 130.100006103516 132.899993896484 130.199996948242 126.699996948242 123.5 120.699996948242 117.800003051758 112.300003051758 109.599998474121 107 100 98.0999984741211 93.4000015258789 86.1999969482422 83.9000015258789 78 72.5999984741211 64.9000015258789 84.4000015258789 129.699996948242 127.900001525879 123.800003051758 121.599998474121 117.800003051758 112.300003051758 110.900001525879
167.899993896484 163.100006103516 160 155.600006103516 151.800003051758 151.899993896484 147.300003051758 145.100006103516 145.199996948242 144.100006103516 144.5 144.399993896484 144.5 141.899993896484 136.800003051758 134.300003051758 130.600006103516 132.899993896484 134.800003051758 138.399993896484 142.399993896484 145.600006103516 142.800003051758 142.899993896484 144.100006103516 145 144.5 142 136.100006103516 137.100006103516 135.100006103516 130.5 126.199996948242 120.599998474121 116.400001525879 111.800003051758 108.800003051758 105.099998474121 101.699996948242 97.3000030517578 91.9000015258789 87.8000030517578 83 79.0999984741211 70.5 63.9000015258789 70.3000030517578 135.800003051758 128.399993896484 127.699996948242 122.099998474121 115.699996948242 114.900001525879 116.300003051758
176.399993896484 172.100006103516 167.600006103516 164.100006103516 161.600006103516 160.600006103516 157.5 154.399993896484 154.899993896484 154.600006103516 154.199996948242 154 153.600006103516 149.600006103516 145.899993896484 143.800003051758 140.899993896484 143 144.699996948242 150 155.100006103516 157.699996948242 155.199996948242 151.899993896484 153.600006103516 155.300003051758 151.800003051758 148.300003051758 145.800003051758 143.699996948242 142.100006103516 129.100006103516 132.399993896484 129.399993896484 123.599998474121 114.800003051758 111.300003051758 102.699996948242 98.4000015258789 94.4000015258789 94.3000030517578 91.5999984741211 88.0999984741211 80 71.4000015258789 66.3000030517578 88.5 138.600006103516 134 128.399993896484 121.300003051758 117.400001525879 118.300003051758 120.800003051758
185.399993896484 180.899993896484 177.300003051758 175.800003051758 172.600006103516 171.399993896484 169.100006103516 166.199996948242 166.100006103516 167.399993896484 168.100006103516 167.399993896484 165.899993896484 161.5 159.100006103516 156.899993896484 155.699996948242 156.399993896484 158.100006103516 162.199996948242 166.199996948242 170.5 170.899993896484 167.5 166.300003051758 164.699996948242 164.600006103516 159 155.300003051758 149 146.600006103516 134.5 135.800003051758 127.800003051758 122.800003051758 116.199996948242 108.599998474121 101.699996948242 99.3000030517578 94.4000015258789 94.4000015258789 96.3000030517578 91.9000015258789 86.1999969482422 78 70.5999984741211 123.300003051758 143.399993896484 137.800003051758 129 125.400001525879 121.400001525879 119.800003051758 118.199996948242
195.800003051758 192.100006103516 188 186.899993896484 184.399993896484 182.399993896484 180.100006103516 178.399993896484 179.300003051758 181.100006103516 181.600006103516 181.399993896484 180.399993896484 177.399993896484 175.399993896484 172.899993896484 172.800003051758 173.300003051758 174.100006103516 179.399993896484 183 183.199996948242 182.199996948242 183.300003051758 180.600006103516 179.899993896484 178.399993896484 171.199996948242 168.600006103516 159.800003051758 153.100006103516 146.600006103516 139.600006103516 133.600006103516 125.699996948242 121.900001525879 117.699996948242 110.699996948242 100.699996948242 94.9000015258789 94.8000030517578 95.5 96.4000015258789 90.8000030517578 84.5 85.3000030517578 154.600006103516 151.800003051758 144.5 137.100006103516 130.600006103516 128.199996948242 123.5 118.599998474121
205.899993896484 202 200.399993896484 198 196.300003051758 194.800003051758 195.100006103516 195.899993896484 197.100006103516 198 199.300003051758 197.899993896484 197.300003051758 194.600006103516 192.300003051758 191.399993896484 192 195.899993896484 197.300003051758 196.100006103516 194.100006103516 193.600006103516 196.699996948242 198.300003051758 194.899993896484 189.800003051758 183.600006103516 178.899993896484 175.399993896484 168.699996948242 163.600006103516 156.600006103516 151.600006103516 144 136.300003051758 127.300003051758 123.800003051758 119.400001525879 108.5 104.300003051758 105.099998474121 103.699996948242 106.599998474121 99.9000015258789 91.4000015258789 88.8000030517578 124.099998474121 159.600006103516 156.100006103516 147.899993896484 138.600006103516 133.199996948242 126.699996948242 123.900001525879
214.399993896484 213.100006103516 211.600006103516 212.399993896484 210 210.199996948242 210.399993896484 215.300003051758 214.5 213.800003051758 217.300003051758 216.800003051758 216.100006103516 212.300003051758 211.199996948242 213.300003051758 209.899993896484 213.399993896484 213.600006103516 212.300003051758 210.600006103516 212 208.800003051758 206.100006103516 209.399993896484 201.899993896484 194.199996948242 191.399993896484 186.899993896484 177.899993896484 172 164.300003051758 159.199996948242 153.899993896484 147.399993896484 134.399993896484 131.600006103516 123 118.800003051758 114.300003051758 113.599998474121 119 120.599998474121 110.5 135.300003051758 104 136.399993896484 173.600006103516 169.600006103516 158.899993896484 149.600006103516 140.800003051758 130.600006103516 128.899993896484
223.399993896484 221.899993896484 225.300003051758 222.5 224.199996948242 227.300003051758 226.399993896484 232.600006103516 232.399993896484 233.100006103516 232.800003051758 234.199996948242 233.5 226.600006103516 229.100006103516 231.100006103516 229.600006103516 231.899993896484 231.800003051758 227.5 227.199996948242 229.5 228.899993896484 228.899993896484 225.100006103516 218.300003051758 210.300003051758 206.399993896484 196.600006103516 189.899993896484 180.600006103516 176.100006103516 163.899993896484 156.800003051758 152.199996948242 142.100006103516 137.199996948242 133.399993896484 127.599998474121 123.699996948242 123.800003051758 148.899993896484 139.600006103516 131.699996948242 154.199996948242 145.600006103516 114.300003051758 170.300003051758 155.199996948242 170.300003051758 160.899993896484 154.600006103516 147.699996948242 150.600006103516
233.399993896484 232.300003051758 233.399993896484 233.600006103516 234.800003051758 237.300003051758 240.399993896484 245.699996948242 249.100006103516 251.199996948242 253.600006103516 255.100006103516 248 242.800003051758 243.699996948242 247.300003051758 248.5 247.699996948242 244 240.899993896484 238.300003051758 247.600006103516 249 245.699996948242 235.199996948242 228.899993896484 225.899993896484 221 211.300003051758 203.600006103516 194.899993896484 186.399993896484 178.800003051758 170.899993896484 159.899993896484 152.100006103516 145.600006103516 139.5 142.600006103516 166.300003051758 225.800003051758 242.5 236.800003051758 156.300003051758 136.199996948242 120.099998474121 119.599998474121 130.100006103516 160.600006103516 162.899993896484 182.100006103516 178.899993896484 175.600006103516 175.399993896484
241.100006103516 242.899993896484 242.800003051758 245.100006103516 247.600006103516 251.100006103516 252.800003051758 260.100006103516 262.200012207031 262.700012207031 263.299987792969 268.100006103516 268.700012207031 266.5 259.899993896484 257.799987792969 266.799987792969 270.799987792969 262.399993896484 258.100006103516 255.800003051758 258.100006103516 264.5 256.299987792969 247.199996948242 246.399993896484 239.899993896484 234.300003051758 222.600006103516 214.300003051758 205.399993896484 195.100006103516 188.199996948242 178.899993896484 167.899993896484 165.300003051758 156.199996948242 150 146.800003051758 242 254.800003051758 256.799987792969 250.199996948242 192.699996948242 124.900001525879 116.199996948242 90.1999969482422 92.3000030517578 129.300003051758 107.400001525879 165.399993896484 164.600006103516 200.300003051758 196.100006103516
249.899993896484 250.600006103516 253.399993896484 253.399993896484 254.699996948242 259.899993896484 261.600006103516 267.700012207031 268.600006103516 271.399993896484 271.399993896484 278 277.600006103516 280.600006103516 274.799987792969 277.399993896484 279.700012207031 288.299987792969 284.100006103516 274.5 276.700012207031 272 273.899993896484 271.899993896484 259.5 257.100006103516 246.300003051758 239.800003051758 225.800003051758 224.399993896484 214.300003051758 203.600006103516 194.600006103516 184.300003051758 176 171.399993896484 165.199996948242 162.5 154.899993896484 233.5 265.399993896484 238.399993896484 191.399993896484 127.199996948242 115.099998474121 101.099998474121 96.0999984741211 98.9000015258789 99.3000030517578 103.800003051758 114.099998474121 129.600006103516 157.300003051758 189.100006103516
257.200012207031 259.600006103516 261.899993896484 262.399993896484 264.299987792969 267.100006103516 267.899993896484 271.799987792969 277 281.600006103516 284.600006103516 284.100006103516 284 288.399993896484 280.299987792969 282.100006103516 292.100006103516 298.799987792969 299.200012207031 290.899993896484 295.100006103516 293.600006103516 296.299987792969 292.5 280.600006103516 273.700012207031 261.799987792969 247.899993896484 236.5 229.399993896484 217.100006103516 212.100006103516 199.300003051758 192.300003051758 188.399993896484 181.800003051758 170.300003051758 171.800003051758 165.300003051758 156.399993896484 180.300003051758 159.399993896484 137 132.100006103516 125.5 113.400001525879 104.800003051758 105.199996948242 104.900001525879 110.400001525879 121.099998474121 122.800003051758 146.100006103516 192.699996948242
264.299987792969 263.700012207031 266.100006103516 270 271.399993896484 272.5 273.899993896484 274.700012207031 282.100006103516 287.600006103516 287.399993896484 291.200012207031 290.299987792969 293.600006103516 294.799987792969 295.100006103516 302.799987792969 306.899993896484 310.799987792969 314.600006103516 316.799987792969 322.200012207031 316.100006103516 306.100006103516 290.899993896484 279.600006103516 269.899993896484 254.600006103516 243.699996948242 233.5 226.899993896484 216.300003051758 205.899993896484 201.300003051758 196.600006103516 187.100006103516 180.399993896484 185.800003051758 174.800003051758 160.300003051758 157.699996948242 150.100006103516 144.100006103516 138.699996948242 128.699996948242 120.800003051758 113.099998474121 108.400001525879 108.900001525879 115.300003051758 121.599998474121 120 116.900001525879 109.300003051758
270.299987792969 270.899993896484 270.799987792969 275 277.5 280.100006103516 280.600006103516 282.299987792969 292.299987792969 292.299987792969 291.899993896484 295.299987792969 296.299987792969 301.399993896484 298 302.799987792969 309.899993896484 311.299987792969 306.899993896484 323.399993896484 330.100006103516 331.799987792969 329.600006103516 314.600006103516 294.700012207031 286.100006103516 273.600006103516 258.899993896484 247.100006103516 239.899993896484 227.699996948242 221.800003051758 215.100006103516 209.600006103516 205.300003051758 194.899993896484 191.5 189.100006103516 182.300003051758 171.300003051758 166.600006103516 158.300003051758 148.100006103516 140.600006103516 127.400001525879 123.099998474121 116.199996948242 109.300003051758 109 110.800003051758 113 107.599998474121 109.300003051758 105.900001525879
275.700012207031 277.600006103516 278.700012207031 282.899993896484 285.5 285.100006103516 287.5 290 292.799987792969 291.899993896484 292.299987792969 298.399993896484 297.5 297.200012207031 295.899993896484 298 302.600006103516 305.799987792969 309.399993896484 320.700012207031 333.299987792969 330.399993896484 324.399993896484 314.899993896484 299.200012207031 288.399993896484 275.899993896484 263.100006103516 255.899993896484 238.800003051758 231.399993896484 230.300003051758 224.800003051758 219.399993896484 216.699996948242 202.800003051758 203.199996948242 191.300003051758 182.800003051758 173.899993896484 172.199996948242 161.300003051758 152.399993896484 140.300003051758 130.5 126.400001525879 121.400001525879 115.400001525879 113.300003051758 116.900001525879 110.099998474121 101.800003051758 94.8000030517578 86.0999984741211
280.700012207031 283.299987792969 285.299987792969 286.399993896484 292.100006103516 293.600006103516 291.899993896484 293.200012207031 294.899993896484 293.700012207031 298.799987792969 300.600006103516 299.5 299.799987792969 298.899993896484 300.100006103516 301.200012207031 304.299987792969 306.700012207031 310.100006103516 322.100006103516 317.899993896484 315.299987792969 309.299987792969 297.600006103516 282.399993896484 273.100006103516 266.200012207031 258.299987792969 244.399993896484 240.899993896484 234.100006103516 234.100006103516 228.800003051758 225.300003051758 216.399993896484 209.399993896484 198.600006103516 185.399993896484 177.199996948242 171.100006103516 165.300003051758 156.300003051758 146.800003051758 138.300003051758 136.899993896484 128.300003051758 121.199996948242 117.699996948242 117.199996948242 106.599998474121 99.8000030517578 92.6999969482422 86.8000030517578
