data/layers/future_layer_mc_585_60/bio11.asc
NCOLS 494 
NROWS 529 
XLLCORNER -117.166666666667 
YLLCORNER -55.5 
CELLSIZE 0.166666666666667 
NODATA_value -3.4e+38 
[rows 336 to 359 of 529, columns 280 to 335 of 494]
16 15.3000001907349 15.1999998092651 15.6000003814697 15.1000003814697 14.3999996185303 14.1000003814697 13 11.1999998092651 10.5 9.80000019073486 11.8000001907349 12.1000003814697 11.8999996185303 11.8999996185303 8.69999980926514 2.09999990463257 2.59999990463257 2.20000004768372 2 3.59999990463257 3.29999995231628 4.40000009536743 4.5 5.80000019073486 6.19999980926514 6.90000009536743 7.40000009536743 6.90000009536743 4.59999990463257 8.10000038146973 6.59999990463257 8.30000019073486 11.3000001907349 14.8999996185303 17.1000003814697 18.1000003814697 18.3999996185303 18.6000003814697 18.7000007629395 18.6000003814697 18.6000003814697 18.7000007629395 18.7000007629395 18.7000007629395 18.7999992370605 18.7999992370605 18.7999992370605 18.8999996185303 19 19.1000003814697 19.2000007629395 19.2000007629395 19.2000007629395 19.2999992370605 19.3999996185303
-3.4e+38 15.6000003814697 15.1999998092651 15.6999998092651 15.6000003814697 14.8999996185303 14.1000003814697 13.5 12.1000003814697 11.8000001907349 10.5 12 12.3000001907349 12.1000003814697 11.8999996185303 8.5 2.09999990463257 2 1.79999995231628 2.29999995231628 2.70000004768372 3.70000004768372 4.80000019073486 4.09999990463257 5.69999980926514 6.30000019073486 7.30000019073486 7.09999990463257 6.5 5.19999980926514 8.80000019073486 6.69999980926514 12.3000001907349 12.3999996185303 14.1999998092651 17 17.8999996185303 18.1000003814697 18.2999992370605 18 18.2000007629395 18.3999996185303 18.3999996185303 18.5 18.6000003814697 18.6000003814697 18.7000007629395 18.7999992370605 18.7999992370605 18.8999996185303 19 19.1000003814697 19.2000007629395 19.2000007629395 19.2000007629395 19.2000007629395
-3.4e+38 15.6000003814697 15.6000003814697 16 16 15 14.3999996185303 13 11.6000003814697 11.6999998092651 9.5 11.6000003814697 11.3999996185303 11.8999996185303 11.3000001907349 7.19999980926514 2.40000009536743 -1 1.89999997615814 3.20000004768372 3.09999990463257 2.79999995231628 4.80000019073486 4.19999980926514 5.40000009536743 7.19999980926514 6.90000009536743 6.90000009536743 5.59999990463257 7.09999990463257 8 9.80000019073486 13.8999996185303 15.1999998092651 17 17.5 17.6000003814697 17.7000007629395 17.7999992370605 17.7000007629395 18.1000003814697 18.2999992370605 18.3999996185303 18.2999992370605 18.2999992370605 18.3999996185303 18.6000003814697 18.6000003814697 18.7000007629395 18.7999992370605 18.8999996185303 19.1000003814697 19.1000003814697 19.1000003814697 19.1000003814697 19.1000003814697
15.3000001907349 15.3999996185303 15.1000003814697 15.8000001907349 16 15.6999998092651 14.6999998092651 12.1999998092651 11.5 11.3999996185303 9.19999980926514 11.1999998092651 9 10.1999998092651 9.5 5.40000009536743 4 2.5 2.40000009536743 4.30000019073486 5.30000019073486 3.59999990463257 4.59999990463257 3.59999990463257 4.80000019073486 6.40000009536743 6.09999990463257 4.90000009536743 4.69999980926514 6.09999990463257 11.1000003814697 12.6000003814697 14.6000003814697 15.8000001907349 17.2999992370605 17.2000007629395 16.2000007629395 17.1000003814697 17.5 17.7999992370605 18 18.2000007629395 18.2000007629395 18.2000007629395 18.2000007629395 18.1000003814697 18.2999992370605 18.5 18.6000003814697 18.7000007629395 18.7999992370605 19 19 19 19 19
14.8000001907349 15.1999998092651 15.1999998092651 15.6000003814697 15.8000001907349 15.6000003814697 14.8999996185303 13.1999998092651 11.3999996185303 9 9.10000038146973 9.69999980926514 8 9 6.5 2.40000009536743 3.20000004768372 5 2.70000004768372 3.59999990463257 6.09999990463257 4.40000009536743 4.30000019073486 2 3 6 4.5 5.69999980926514 2.70000004768372 6.90000009536743 12.3999996185303 13 14 16.1000003814697 17.1000003814697 16.1000003814697 14 15.6999998092651 17.2999992370605 17.7999992370605 17.8999996185303 18 18 18.1000003814697 18.1000003814697 18.1000003814697 18.1000003814697 18.2999992370605 18.5 18.6000003814697 18.7000007629395 18.7999992370605 18.7999992370605 18.7999992370605 18.8999996185303 18.8999996185303
14.3000001907349 13.8999996185303 14.8999996185303 15.6000003814697 15.8000001907349 15.1999998092651 14.1000003814697 11.8999996185303 9.5 8.39999961853027 9.19999980926514 6.40000009536743 8.30000019073486 7.5 1.20000004768372 5.09999990463257 3.59999990463257 7.19999980926514 4.30000019073486 4 4.80000019073486 4.5 0.400000005960464 1.70000004768372 3.5 5 5.09999990463257 6.09999990463257 4.40000009536743 4.90000009536743 12.3999996185303 13.8999996185303 14.1999998092651 16 16.7999992370605 15.3000001907349 13.3000001907349 15.6000003814697 17.2999992370605 17.7000007629395 17.7999992370605 17.7999992370605 17.8999996185303 17.8999996185303 17.8999996185303 18 18.1000003814697 18.2999992370605 18.3999996185303 18.3999996185303 18.5 18.6000003814697 18.7000007629395 18.7000007629395 18.7999992370605 18.7999992370605
13.6000003814697 12.6000003814697 13.1000003814697 15.3999996185303 15.6000003814697 15.1000003814697 14 11.8999996185303 9 9.39999961853027 8.39999961853027 5 5.5 4.19999980926514 1.60000002384186 4.59999990463257 6.59999990463257 6.80000019073486 7.09999990463257 4.19999980926514 5.80000019073486 4 1.79999995231628 2.90000009536743 2.20000004768372 2.40000009536743 3.70000004768372 7.40000009536743 5.19999980926514 5 11.6000003814697 14.1000003814697 15.3999996185303 15.8000001907349 16.5 14.6000003814697 13.1999998092651 16 17.2999992370605 17.6000003814697 17.6000003814697 17.7000007629395 17.7000007629395 17.7000007629395 17.7999992370605 17.8999996185303 18 18.1000003814697 18.2000007629395 18.2999992370605 18.3999996185303 18.3999996185303 18.5 18.6000003814697 18.6000003814697 18.7000007629395
13.3000001907349 12 12.1999998092651 14.3000001907349 15.3000001907349 15.1000003814697 14.1999998092651 10.1999998092651 9.39999961853027 9.80000019073486 7.30000019073486 3.29999995231628 1.89999997615814 4.30000019073486 2.79999995231628 6.5 6.80000019073486 7.19999980926514 6.90000009536743 4.80000019073486 5.90000009536743 4 5 4.69999980926514 1.20000004768372 3.5 3.29999995231628 7.09999990463257 7.30000019073486 9.19999980926514 12.5 14.1000003814697 15.3999996185303 15.8999996185303 15.3999996185303 13.6000003814697 15.1000003814697 16.5 17.2000007629395 17.3999996185303 17.5 17.6000003814697 17.5 17.6000003814697 17.7000007629395 17.7999992370605 18 18 18.1000003814697 18.2000007629395 18.2000007629395 18.2999992370605 18.2999992370605 18.3999996185303 18.3999996185303 18.5
13.3000001907349 12.8000001907349 13.1999998092651 13.6999998092651 14.6999998092651 14.3999996185303 12.8999996185303 9.60000038146973 8.10000038146973 9.19999980926514 6 0.699999988079071 3.09999990463257 4.59999990463257 4.09999990463257 7.30000019073486 7.19999980926514 7.19999980926514 6.40000009536743 4.59999990463257 5.19999980926514 5.5 4.90000009536743 4.09999990463257 0.100000001490116 5.90000009536743 6 7.90000009536743 8.89999961853027 11.8000001907349 13.1999998092651 13.6999998092651 15.1000003814697 14.6000003814697 13.1000003814697 14.8000001907349 15.6999998092651 16.6000003814697 17 17.2999992370605 17.3999996185303 17.3999996185303 17.3999996185303 17.5 17.7000007629395 17.7999992370605 17.8999996185303 17.8999996185303 18 18 18 18.1000003814697 18.1000003814697 18.1000003814697 18.2999992370605 18.3999996185303
14.6999998092651 13.5 13.3000001907349 13.8999996185303 13.5 12.3999996185303 12.5 9.89999961853027 6.90000009536743 7.30000019073486 5.19999980926514 3.20000004768372 2.70000004768372 4.5 5 6.80000019073486 7.30000019073486 7.09999990463257 6.30000019073486 4.59999990463257 5 3.09999990463257 4.59999990463257 2 0.300000011920929 6.19999980926514 9.80000019073486 6.09999990463257 10.1000003814697 13.1000003814697 13.3999996185303 13.3000001907349 14.5 14.3999996185303 13.3000001907349 14.6999998092651 15.8000001907349 16.6000003814697 16.8999996185303 17.1000003814697 17.2000007629395 17.2999992370605 17.2999992370605 17.3999996185303 17.5 17.6000003814697 17.7000007629395 17.7999992370605 17.8999996185303 17.8999996185303 17.8999996185303 17.8999996185303 17.8999996185303 18 18.1000003814697 18.2000007629395
15.6000003814697 14.3999996185303 14.6999998092651 15 13.6000003814697 12 10.8000001907349 6.30000019073486 5.80000019073486 6.80000019073486 5.69999980926514 4 1.20000004768372 3.90000009536743 5.30000019073486 4.19999980926514 6.5 6.40000009536743 6.59999990463257 5.09999990463257 5.40000009536743 2.59999990463257 4 0.5 4.59999990463257 7.59999990463257 10.1000003814697 6.5 9.30000019073486 13.1999998092651 13.8000001907349 13.1999998092651 14.6000003814697 14.3000001907349 14.5 15.3999996185303 16 16.6000003814697 16.7999992370605 16.8999996185303 17.1000003814697 17.1000003814697 17.2000007629395 17.2999992370605 17.3999996185303 17.5 17.6000003814697 17.7000007629395 17.7999992370605 17.8999996185303 17.8999996185303 17.7999992370605 17.7999992370605 17.8999996185303 18 18.2000007629395
-3.4e+38 15.3999996185303 15.5 15.3999996185303 14.8000001907349 13.3999996185303 10.8000001907349 5.69999980926514 5.19999980926514 6.59999990463257 6.09999990463257 1.70000004768372 1.70000004768372 3 5.30000019073486 2.40000009536743 4.09999990463257 3.70000004768372 5.59999990463257 4.59999990463257 4.40000009536743 4.09999990463257 3.40000009536743 2.20000004768372 8.60000038146973 10.3999996185303 9.69999980926514 8.19999980926514 10.6000003814697 12.8000001907349 14.1999998092651 13.6000003814697 13.1999998092651 14.8000001907349 14.6999998092651 15.6999998092651 16 16.2000007629395 16.6000003814697 16.7999992370605 16.8999996185303 17 17.1000003814697 17.2000007629395 17.2999992370605 17.3999996185303 17.5 17.6000003814697 17.7000007629395 17.7999992370605 17.7999992370605 17.7999992370605 17.7999992370605 17.7999992370605 17.8999996185303 18.1000003814697
-3.4e+38 15.6000003814697 15.6000003814697 15.6000003814697 15.3999996185303 14 11.5 8.39999961853027 5.30000019073486 4.69999980926514 5.5 2 2.90000009536743 2 2.79999995231628 2.29999995231628 2.79999995231628 4.59999990463257 5.69999980926514 3.5 4.5 4.19999980926514 2.20000004768372 3.29999995231628 9.5 11.8000001907349 9.30000019073486 8.69999980926514 10.6999998092651 13.8999996185303 14.1000003814697 12.3000001907349 12.8000001907349 14.8000001907349 15.3999996185303 15.5 15.5 16 16.5 16.7000007629395 16.7999992370605 16.8999996185303 17 17.1000003814697 17.2000007629395 17.2999992370605 17.3999996185303 17.6000003814697 17.6000003814697 17.7000007629395 17.7000007629395 17.7999992370605 17.7999992370605 17.7999992370605 17.7999992370605 17.8999996185303
15.6999998092651 15.5 15.5 15.3000001907349 15 13.6999998092651 10.8999996185303 8.10000038146973 4.69999980926514 6.30000019073486 4.19999980926514 2.59999990463257 5.09999990463257 3.5 2.40000009536743 -1.39999997615814 3.5 7.19999980926514 2.40000009536743 3 2.5 3.20000004768372 2.59999990463257 5.59999990463257 10.1000003814697 11.3999996185303 11.1999998092651 10.3000001907349 10.8999996185303 13.6000003814697 12.1999998092651 11.8999996185303 12.8000001907349 14.6999998092651 15.1000003814697 15.1000003814697 15 15.8999996185303 16.2999992370605 16.6000003814697 16.7000007629395 16.8999996185303 16.8999996185303 17.1000003814697 17.2000007629395 17.2999992370605 17.3999996185303 17.5 17.6000003814697 17.7000007629395 17.7000007629395 17.7000007629395 17.7999992370605 17.7999992370605 17.7999992370605 17.7999992370605
15.5 15.5 15.5 15.3000001907349 15 13.6999998092651 11.8000001907349 8.60000038146973 4.30000019073486 6.5 3.79999995231628 4.5 3.20000004768372 3.70000004768372 5.5 4.19999980926514 7.90000009536743 3.5 2.90000009536743 2.5 1 1.5 2.59999990463257 3.90000009536743 8.60000038146973 10.3999996185303 12.1999998092651 11.8999996185303 12 11.6999998092651 12.5 13.1999998092651 14 14.5 14.8999996185303 15.1999998092651 15.3999996185303 15.8999996185303 16.2000007629395 16.5 16.6000003814697 16.7999992370605 16.8999996185303 17 17.1000003814697 17.2999992370605 17.3999996185303 17.5 17.6000003814697 17.6000003814697 17.6000003814697 17.7000007629395 17.7000007629395 17.7000007629395 17.7000007629395 17.7000007629395
15.3999996185303 15.3999996185303 15.3000001907349 15.3999996185303 15.1000003814697 14.1000003814697 11.5 7.80000019073486 5.09999990463257 5 3.90000009536743 3 2.79999995231628 4.09999990463257 6.19999980926514 7.40000009536743 6.80000019073486 4.19999980926514 6.5 3.5 0 -0.699999988079071 1.79999995231628 2.09999990463257 7 8.30000019073486 9.5 13.1999998092651 12.3000001907349 11.1000003814697 13 13.8999996185303 14.3999996185303 13.6999998092651 14.6999998092651 15.1999998092651 15.3999996185303 15.8000001907349 16.1000003814697 16.2999992370605 16.5 16.7000007629395 16.7999992370605 17 17.1000003814697 17.2000007629395 17.3999996185303 17.5 17.5 17.6000003814697 17.6000003814697 17.6000003814697 17.7000007629395 17.7000007629395 17.7000007629395 17.7000007629395
15.3000001907349 15.1999998092651 15.3000001907349 15.1999998092651 14.8999996185303 13.8000001907349 10.8000001907349 7 6.40000009536743 3.29999995231628 3.09999990463257 1.5 1.5 2.40000009536743 4.90000009536743 6.40000009536743 3.5 5.90000009536743 7.5 3.79999995231628 1 0.100000001490116 1 2.29999995231628 5.40000009536743 4.19999980926514 7.30000019073486 13.3000001907349 10.1999998092651 12.1999998092651 14.8000001907349 15.1000003814697 14.5 12.3000001907349 14.3000001907349 15.1000003814697 15.3999996185303 15.8000001907349 16 16.2000007629395 16.5 16.6000003814697 16.7999992370605 17 17.1000003814697 17.2999992370605 17.2999992370605 17.3999996185303 17.3999996185303 17.5 17.6000003814697 17.7000007629395 17.6000003814697 17.6000003814697 17.6000003814697 17.6000003814697
15 14.8999996185303 15 15 14.5 12.8000001907349 10.3999996185303 8.5 8.19999980926514 5.5 1.70000004768372 2.20000004768372 0.800000011920929 -0.400000005960464 6.19999980926514 6.19999980926514 4.59999990463257 7.40000009536743 8.39999961853027 5.69999980926514 2.20000004768372 2.5 2.79999995231628 1.60000002384186 2.5 3.09999990463257 6.19999980926514 12.8000001907349 9.5 12.3999996185303 15 15.6000003814697 13.6000003814697 13.1999998092651 14.6000003814697 15.1000003814697 15.5 15.6999998092651 15.8999996185303 16.1000003814697 16.3999996185303 16.6000003814697 16.7000007629395 16.8999996185303 17.1000003814697 17.2000007629395 17.2999992370605 17.3999996185303 17.3999996185303 17.5 17.6000003814697 17.6000003814697 17.6000003814697 17.5 17.5 17.5
14.8999996185303 14.8000001907349 14.8999996185303 14.6999998092651 13.8999996185303 12.5 10.6000003814697 7.40000009536743 7.19999980926514 4.5 1.79999995231628 0.400000005960464 -0.899999976158142 1.29999995231628 5.19999980926514 2.59999990463257 4.69999980926514 8.30000019073486 9 6.30000019073486 0.699999988079071 4.5 4.80000019073486 3.90000009536743 2.20000004768372 6 8 12.5 7.90000009536743 12 14.6000003814697 15.6000003814697 13.5 13.5 14.5 15 15.3999996185303 15.6000003814697 15.8000001907349 16 16.2999992370605 16.5 16.7000007629395 16.8999996185303 17.1000003814697 17.2000007629395 17.2999992370605 17.2999992370605 17.2999992370605 17.3999996185303 17.3999996185303 17.5 17.5 17.3999996185303 17.3999996185303 17.3999996185303
14 13.8999996185303 14 14 12.6999998092651 8.60000038146973 6.59999990463257 4.5 6.09999990463257 4.19999980926514 1.29999995231628 -0.899999976158142 -0.300000011920929 2.70000004768372 3 1.10000002384186 4.90000009536743 7.59999990463257 8.10000038146973 5.80000019073486 0.200000002980232 7.09999990463257 6.19999980926514 3.29999995231628 6 7.69999980926514 10.6999998092651 11.6000003814697 4.90000009536743 11.1000003814697 13.8000001907349 15.1000003814697 14.1999998092651 14.3999996185303 14.8000001907349 15 15.3000001907349 15.6000003814697 15.6999998092651 15.8999996185303 16.1000003814697 16.3999996185303 16.6000003814697 16.7999992370605 17 17.1000003814697 17.2000007629395 17.2000007629395 17.2000007629395 17.2999992370605 17.2999992370605 17.2999992370605 17.2000007629395 17.2999992370605 17.2999992370605 17.2999992370605
13.5 13.3000001907349 12.8000001907349 12.8999996185303 11.6000003814697 9.30000019073486 7.19999980926514 3.20000004768372 4.90000009536743 2.90000009536743 1.10000002384186 0.100000001490116 -0.400000005960464 0.300000011920929 -0.300000011920929 2.5 3.70000004768372 4.80000019073486 4.59999990463257 4.90000009536743 4.69999980926514 6.30000019073486 5.59999990463257 3.5 9.30000019073486 8.80000019073486 11 7.90000009536743 6.09999990463257 10.8000001907349 13.6999998092651 14.8999996185303 14.8000001907349 14.8000001907349 15 15.1000003814697 15.3999996185303 15.6000003814697 15.6999998092651 15.8999996185303 16.1000003814697 16.2000007629395 16.3999996185303 16.6000003814697 16.7999992370605 16.8999996185303 17 17 17.1000003814697 17.1000003814697 17.1000003814697 17.1000003814697 17 17.1000003814697 17.1000003814697 17.1000003814697
12.8000001907349 12.3999996185303 12.5 11.8000001907349 10.6000003814697 9.39999961853027 7.69999980926514 4.40000009536743 5.40000009536743 1.89999997615814 0.800000011920929 0.400000005960464 0.800000011920929 1 3.09999990463257 4.19999980926514 7 3.09999990463257 2.79999995231628 3.20000004768372 4.40000009536743 6.59999990463257 7.09999990463257 7.59999990463257 10.3999996185303 9.60000038146973 10.3000001907349 3.59999990463257 9.30000019073486 12 14.8000001907349 15.1000003814697 14.8000001907349 14.8000001907349 15 15.1999998092651 15.3000001907349 15.3999996185303 15.6000003814697 15.8000001907349 16 16.2000007629395 16.2999992370605 16.5 16.7000007629395 16.7999992370605 16.7999992370605 16.8999996185303 16.8999996185303 17 16.8999996185303 16.8999996185303 16.8999996185303 17 16.8999996185303 17
12.6000003814697 12 12 11.6999998092651 11.3000001907349 10.1999998092651 8 3.79999995231628 4.69999980926514 1.60000002384186 -3.40000009536743 -3.90000009536743 -2.70000004768372 0.699999988079071 3.29999995231628 5.90000009536743 10.5 6.69999980926514 4.80000019073486 4.40000009536743 6 10.1999998092651 9.80000019073486 10 10.3000001907349 10 5.5 5 12.3000001907349 14.8000001907349 15.1999998092651 15.1000003814697 14.8999996185303 14.8000001907349 14.8000001907349 15.1000003814697 15.1999998092651 15.3999996185303 15.5 15.6999998092651 15.8000001907349 16 16.1000003814697 16.2999992370605 16.5 16.5 16.6000003814697 16.7000007629395 16.7000007629395 16.7000007629395 16.7000007629395 16.7999992370605 16.7000007629395 16.7999992370605 16.7999992370605 16.7999992370605
13.1000003814697 12.3999996185303 12.6000003814697 11.8000001907349 9.39999961853027 9.60000038146973 5.5 2.70000004768372 1.70000004768372 0.899999976158142 0.300000011920929 -4.09999990463257 -0.300000011920929 2.20000004768372 3.79999995231628 5.80000019073486 11.8999996185303 11.3999996185303 8.60000038146973 4.69999980926514 9.19999980926514 12.1000003814697 11 9.5 9 6.5 2.70000004768372 11.6999998092651 14.6999998092651 15.3000001907349 15.1999998092651 15 14.8999996185303 14.8000001907349 14.8000001907349 14.8999996185303 15 15.1999998092651 15.3999996185303 15.6000003814697 15.6999998092651 15.8999996185303 16 16.2000007629395 16.2999992370605 16.3999996185303 16.3999996185303 16.5 16.5 16.6000003814697 16.5 16.6000003814697 16.5 16.6000003814697 16.6000003814697 16.6000003814697
