data/layers/future_layer_mc_585_60/bio18.asc
NCOLS 494 
NROWS 529 
XLLCORNER -117.166666666667 
YLLCORNER -55.5 
CELLSIZE 0.166666666666667 
NODATA_value -3.4e+38 
[rows 240 to 263 of 529, columns 324 to 377 of 494]
311.399993896484 302 291.399993896484 283.5 275.899993896484 277 285.899993896484 299.700012207031 315.100006103516 331.100006103516 346.200012207031 356.899993896484 364.100006103516 364.399993896484 362.5 357.299987792969 347.5 329.700012207031 303.299987792969 286.5 272.299987792969 269.899993896484 271.799987792969 273 272.700012207031 275.100006103516 279.899993896484 284.799987792969 286.600006103516 291 293.299987792969 296 304.399993896484 313.200012207031 304.399993896484 292.899993896484 284.399993896484 277.299987792969 270.799987792969 265.200012207031 260.399993896484 257.600006103516 258 257.899993896484 259.399993896484 262.899993896484 263.700012207031 232.100006103516 231.399993896484 253.5 274.600006103516 278.100006103516 281.700012207031 283.899993896484
322.899993896484 296.100006103516 284.399993896484 270.899993896484 262.100006103516 262.100006103516 272.100006103516 288.5 308.700012207031 328.200012207031 344.700012207031 357.100006103516 364.200012207031 362.100006103516 357.299987792969 349.600006103516 338.100006103516 319.600006103516 301.5 285.5 276.700012207031 271.899993896484 272.5 272.799987792969 273 274.899993896484 276.5 280 283.600006103516 286 289.600006103516 291.399993896484 295.5 295.799987792969 298.200012207031 290.899993896484 284.200012207031 276.899993896484 272.600006103516 266.899993896484 260.899993896484 258.799987792969 258.899993896484 257.899993896484 260.200012207031 259.799987792969 261.799987792969 267.299987792969 230.199996948242 261.899993896484 274.799987792969 280.899993896484 283.899993896484 289.700012207031
305.799987792969 285.299987792969 274.799987792969 262 250.699996948242 244.800003051758 261.399993896484 281.899993896484 306.100006103516 330.100006103516 348.799987792969 361.299987792969 366.799987792969 360.600006103516 350.299987792969 340.600006103516 328.200012207031 312.600006103516 297.799987792969 285.600006103516 278.299987792969 273.299987792969 271.899993896484 269.899993896484 272 271.5 273.5 276.200012207031 279.100006103516 281.299987792969 285.200012207031 285.799987792969 287.299987792969 287.700012207031 286.899993896484 288.100006103516 284.100006103516 279.5 270.799987792969 266.600006103516 262.100006103516 259.799987792969 260.5 259.899993896484 259.5 261.200012207031 267.100006103516 267.600006103516 267.5 271 275.899993896484 271.799987792969 287.100006103516 293.5
289.399993896484 278.899993896484 270.899993896484 259.399993896484 248.899993896484 244.5 261.600006103516 282.600006103516 306.399993896484 332.600006103516 351.799987792969 362.700012207031 363.899993896484 354.100006103516 345.700012207031 334.100006103516 320.600006103516 308.700012207031 296.899993896484 286.600006103516 279.799987792969 275.600006103516 270.799987792969 268.799987792969 268.600006103516 268.200012207031 271.100006103516 271.5 273.799987792969 277.100006103516 280.600006103516 280.899993896484 281.600006103516 281.600006103516 281.100006103516 281.600006103516 282.899993896484 279.600006103516 272.299987792969 267.700012207031 264.399993896484 261.899993896484 262.5 261.399993896484 260.100006103516 259.799987792969 268.200012207031 269.399993896484 269.200012207031 272.399993896484 277.399993896484 284.799987792969 291.700012207031 297.200012207031
279.899993896484 276.200012207031 270.799987792969 265.399993896484 260.5 262.100006103516 274 290.899993896484 310.600006103516 328.5 343.299987792969 352.100006103516 353.299987792969 345.899993896484 337.299987792969 326.100006103516 315.100006103516 303.100006103516 293.100006103516 284.799987792969 278.299987792969 272.100006103516 268.299987792969 267.200012207031 266.399993896484 265.100006103516 267.299987792969 265.799987792969 268.700012207031 271.299987792969 274.600006103516 275.299987792969 274.899993896484 276.100006103516 276.899993896484 277.799987792969 282.100006103516 279.5 275.5 271.799987792969 270.700012207031 265.399993896484 263.899993896484 264.5 263.299987792969 263.600006103516 264.299987792969 269.5 275.899993896484 278.299987792969 281.299987792969 289.100006103516 295.899993896484 301.299987792969
276.299987792969 278.200012207031 276.600006103516 276.100006103516 277.399993896484 280.200012207031 288.799987792969 302.799987792969 332.600006103516 333.299987792969 334.799987792969 339.799987792969 339.299987792969 335 327.299987792969 317.700012207031 307.899993896484 297.700012207031 288.100006103516 279.899993896484 272.899993896484 267 264.600006103516 264.100006103516 263.799987792969 262.5 263.700012207031 261.5 264 267.299987792969 267.700012207031 270.299987792969 269.200012207031 271.100006103516 271.899993896484 274.299987792969 277.5 279.299987792969 278.299987792969 280.700012207031 277.299987792969 275.399993896484 272.799987792969 267.200012207031 267.299987792969 266.399993896484 267.200012207031 271.399993896484 279.299987792969 286.100006103516 285.700012207031 293.100006103516 302.600006103516 307.700012207031
276.399993896484 279.799987792969 282.799987792969 286.799987792969 292.299987792969 297.899993896484 306.200012207031 323 340.799987792969 343.399993896484 341.600006103516 329.899993896484 327.100006103516 322.299987792969 315.799987792969 307.799987792969 298.799987792969 290.600006103516 281.299987792969 273.899993896484 268.299987792969 264.299987792969 261.299987792969 260.200012207031 258.899993896484 258.899993896484 258.100006103516 257.399993896484 258.899993896484 262 261.799987792969 263.5 264.899993896484 265.600006103516 266.399993896484 272.100006103516 272.799987792969 274.5 276.399993896484 278 280.299987792969 281.899993896484 281.299987792969 278.399993896484 275.399993896484 272.399993896484 271.399993896484 273.399993896484 281.200012207031 284.299987792969 291.5 297.899993896484 307.600006103516 314.399993896484
279.799987792969 284.899993896484 290.899993896484 298.600006103516 306 314.899993896484 332.299987792969 349.399993896484 341.899993896484 328.299987792969 338.399993896484 332.299987792969 317.100006103516 311.399993896484 304.700012207031 297.399993896484 289.200012207031 282.399993896484 273.799987792969 268.600006103516 263.700012207031 259.899993896484 256.200012207031 254.300003051758 254.300003051758 253.399993896484 250.899993896484 253.399993896484 253.899993896484 257.600006103516 256.299987792969 257.700012207031 261.299987792969 259.299987792969 262.100006103516 265.899993896484 266.899993896484 269.5 271.100006103516 271.899993896484 273 274.5 276.799987792969 278.299987792969 281.100006103516 281.899993896484 277.299987792969 279.299987792969 289.200012207031 291.600006103516 297.200012207031 303.600006103516 312.799987792969 322.100006103516
282.600006103516 290.899993896484 299.200012207031 309.100006103516 318.899993896484 329.899993896484 357 356.5 342.799987792969 320.899993896484 316.600006103516 310.100006103516 303.799987792969 298.700012207031 295.5 297.899993896484 279.600006103516 273.399993896484 267.399993896484 261.399993896484 256.799987792969 253.100006103516 249.600006103516 247.399993896484 249.300003051758 244.899993896484 244.100006103516 247.300003051758 247.899993896484 251.699996948242 249.300003051758 253.899993896484 255.300003051758 256.899993896484 259.299987792969 261.100006103516 262.600006103516 264.899993896484 266.299987792969 268.100006103516 269.799987792969 272.399993896484 274.100006103516 274.700012207031 279.899993896484 284.200012207031 287.600006103516 295.299987792969 295.700012207031 303.899993896484 307.600006103516 308.600006103516 317.299987792969 324.399993896484
287.5 296.600006103516 305.600006103516 316.5 327.299987792969 338.299987792969 352.899993896484 352.799987792969 328.799987792969 314.200012207031 306.700012207031 297.399993896484 290.5 285.299987792969 280 276.5 268.200012207031 263.799987792969 260.100006103516 253.300003051758 249.699996948242 246.100006103516 242.600006103516 240.699996948242 241.699996948242 239.899993896484 239.800003051758 239.600006103516 240.100006103516 244 242.899993896484 246.699996948242 248.600006103516 251.399993896484 255.899993896484 257.100006103516 259.899993896484 262.299987792969 264.5 266.600006103516 269.5 271.600006103516 273.399993896484 276.899993896484 281.799987792969 286.100006103516 290.700012207031 294.799987792969 299.399993896484 310.600006103516 318.899993896484 317.399993896484 318.799987792969 324.799987792969
292.100006103516 303.399993896484 316.200012207031 328 331.899993896484 333.100006103516 340.899993896484 330.799987792969 315.100006103516 305 296.200012207031 285.200012207031 279.399993896484 278.600006103516 269.399993896484 263.799987792969 259.399993896484 253.600006103516 250.199996948242 247.800003051758 243.399993896484 240.399993896484 237.399993896484 234.899993896484 236 235.399993896484 233.899993896484 233.100006103516 234.5 237.399993896484 238.699996948242 241.300003051758 247.5 249.399993896484 260.799987792969 255.800003051758 257.5 263.700012207031 267 269.600006103516 270.299987792969 271.600006103516 274.600006103516 279 282.899993896484 287.399993896484 291.600006103516 296.799987792969 303.799987792969 313.100006103516 322.399993896484 322.700012207031 320.799987792969 324
295.399993896484 302.899993896484 316.5 327.700012207031 325.399993896484 319.200012207031 320.899993896484 308.600006103516 294.399993896484 283.399993896484 276.799987792969 270.399993896484 267.799987792969 260.600006103516 257.600006103516 253.699996948242 252.800003051758 247.399993896484 242.800003051758 240.300003051758 238.600006103516 236.100006103516 235.399993896484 233 230.600006103516 233.600006103516 229 228.399993896484 231.399993896484 233.899993896484 236.399993896484 239.100006103516 247 249.199996948242 256.100006103516 259.200012207031 259.600006103516 263.899993896484 268.799987792969 274.700012207031 274.700012207031 278.200012207031 280.700012207031 282.399993896484 283.299987792969 287.5 293.299987792969 298.799987792969 305.799987792969 314.299987792969 323.100006103516 323.5 321.600006103516 323.299987792969
294.899993896484 299.899993896484 314.100006103516 324.799987792969 323.799987792969 312.100006103516 297.600006103516 281.299987792969 266.899993896484 262.600006103516 260.700012207031 257.100006103516 254.899993896484 250.399993896484 244.899993896484 242.600006103516 240.800003051758 236.5 234.5 232.100006103516 231.899993896484 230.5 230.5 238.199996948242 233.100006103516 231.600006103516 224 223.100006103516 224.300003051758 236.300003051758 231.899993896484 236.600006103516 242.100006103516 249.899993896484 257.799987792969 261.100006103516 261.799987792969 267.799987792969 269.899993896484 273.899993896484 280.600006103516 283.299987792969 283.399993896484 288.799987792969 285.899993896484 289.600006103516 292.299987792969 301.299987792969 306.399993896484 313.799987792969 321.299987792969 324.100006103516 319.600006103516 321.600006103516
297.600006103516 302.899993896484 308.899993896484 312.600006103516 317 294.799987792969 268.700012207031 256.100006103516 245.899993896484 245.899993896484 246.600006103516 244.300003051758 242.300003051758 238.800003051758 234.800003051758 232.300003051758 229.899993896484 228.600006103516 227.600006103516 225.399993896484 224.300003051758 221.600006103516 222.800003051758 226.100006103516 225.300003051758 225.399993896484 218.800003051758 218.800003051758 220.100006103516 221.300003051758 227.600006103516 234.699996948242 240.600006103516 249.699996948242 257.299987792969 259.100006103516 262.600006103516 267.899993896484 272.799987792969 279.100006103516 284.100006103516 285.299987792969 285 284.899993896484 289.899993896484 290.299987792969 295.200012207031 302.799987792969 307.700012207031 314.600006103516 320.5 322.299987792969 322.600006103516 321.100006103516
291.100006103516 296.100006103516 298.700012207031 299.799987792969 293.899993896484 278.299987792969 250.100006103516 236.600006103516 232.300003051758 235.399993896484 236.899993896484 236.300003051758 233.899993896484 230.100006103516 226.100006103516 223.800003051758 223.699996948242 221.5 220.100006103516 219.600006103516 218.199996948242 215.600006103516 214.300003051758 217.199996948242 219.600006103516 215.899993896484 217.800003051758 218.399993896484 217.300003051758 216.800003051758 230.800003051758 236.100006103516 246.800003051758 251.100006103516 256.399993896484 260.299987792969 266.200012207031 265.299987792969 274.899993896484 280.600006103516 286.799987792969 293.399993896484 294.399993896484 291.700012207031 294.200012207031 293.899993896484 299.600006103516 300.399993896484 308.299987792969 313.5 318.200012207031 321.299987792969 325.5 322.299987792969
289.899993896484 288.399993896484 289.899993896484 288.100006103516 279.899993896484 266.200012207031 252.399993896484 231.300003051758 229.899993896484 231.699996948242 233.800003051758 235.100006103516 230.100006103516 225.100006103516 221.100006103516 219.5 219.5 217.800003051758 218.100006103516 221.100006103516 216.600006103516 213.600006103516 212.699996948242 209.399993896484 215.399993896484 213.899993896484 215.199996948242 221.399993896484 221.100006103516 219.100006103516 226.5 239.600006103516 250.199996948242 254.699996948242 262.5 263.100006103516 268.600006103516 269.100006103516 277.299987792969 281.899993896484 285.899993896484 291.200012207031 298.899993896484 296.700012207031 296.100006103516 291.600006103516 296.299987792969 304.799987792969 308 312.799987792969 315.200012207031 317.899993896484 319.100006103516 321
286.899993896484 287 285.600006103516 280.5 266.899993896484 257.899993896484 251.399993896484 236.199996948242 232.100006103516 233.399993896484 233.800003051758 231.399993896484 229.300003051758 224.100006103516 223.300003051758 223.5 219.300003051758 216 214.300003051758 214.5 211.100006103516 214.399993896484 210.399993896484 210.600006103516 209.800003051758 210.300003051758 215.100006103516 221.899993896484 226 225.100006103516 232.300003051758 244.800003051758 251.600006103516 260.700012207031 270 267.399993896484 269.600006103516 270.899993896484 274.399993896484 278.100006103516 277.399993896484 286.600006103516 290.5 288.799987792969 290 288 294.399993896484 296.600006103516 301.799987792969 307.100006103516 306.299987792969 308 316.899993896484 318.799987792969
286.100006103516 284.600006103516 285.899993896484 280 259.799987792969 253 251.699996948242 243.100006103516 236.800003051758 237.800003051758 237.399993896484 232.899993896484 227.899993896484 224.199996948242 225.699996948242 223.600006103516 217.600006103516 216.699996948242 214.800003051758 212.600006103516 210.600006103516 212.800003051758 215 213 210.699996948242 211.600006103516 216.5 231.100006103516 233.800003051758 236.300003051758 245.699996948242 252.300003051758 258.799987792969 269.5 274.899993896484 275.200012207031 269.200012207031 270.100006103516 269.899993896484 273.5 274.899993896484 278.100006103516 281.399993896484 279.600006103516 277.399993896484 282.299987792969 290.100006103516 288.799987792969 296.200012207031 300 296.100006103516 300.399993896484 305.799987792969 315.600006103516
281.700012207031 280.299987792969 277.399993896484 271.200012207031 261.299987792969 259.600006103516 258.200012207031 256.399993896484 244.800003051758 241 246.300003051758 236.100006103516 235.399993896484 227.199996948242 223.800003051758 223.199996948242 220.300003051758 217.300003051758 215.600006103516 212.199996948242 210.399993896484 213.100006103516 212.399993896484 206.600006103516 208.899993896484 210.600006103516 215.600006103516 227.100006103516 235 238.899993896484 250.899993896484 263.600006103516 273.100006103516 278.399993896484 279.700012207031 274.899993896484 269.600006103516 267.799987792969 265.799987792969 273.799987792969 270.299987792969 271.600006103516 274.899993896484 271.600006103516 274.600006103516 275.899993896484 280.299987792969 283.100006103516 285.799987792969 288.299987792969 290.100006103516 294.600006103516 303.399993896484 306.600006103516
276.299987792969 273.799987792969 270.5 265.100006103516 263.700012207031 266.600006103516 267.899993896484 269.700012207031 252.600006103516 246.199996948242 248.199996948242 240.199996948242 232.399993896484 228.800003051758 226.300003051758 223.800003051758 220.800003051758 218 216.199996948242 213.100006103516 211.800003051758 209.300003051758 211.600006103516 210.300003051758 205.800003051758 206.899993896484 212.199996948242 221.399993896484 228.399993896484 235.300003051758 247.300003051758 262.700012207031 275.200012207031 283.5 281.799987792969 273.899993896484 268.399993896484 265.200012207031 261.399993896484 260.899993896484 262.600006103516 263.399993896484 263.600006103516 263.899993896484 263.899993896484 265.200012207031 266.700012207031 268.100006103516 272 273.899993896484 276.799987792969 283.399993896484 289.600006103516 291.600006103516
262.299987792969 262.799987792969 260.100006103516 258.700012207031 264.100006103516 274.799987792969 280.5 281.100006103516 273.299987792969 257.100006103516 247.5 241.300003051758 233.199996948242 230.300003051758 229.300003051758 224.899993896484 222 219.800003051758 217.699996948242 215.399993896484 212.899993896484 210.600006103516 211.300003051758 209.199996948242 207.100006103516 208.800003051758 214.100006103516 222.600006103516 229.600006103516 231.899993896484 240.699996948242 252.199996948242 262.899993896484 268.100006103516 269.299987792969 265.299987792969 262 257.799987792969 254.899993896484 251.899993896484 251.399993896484 250 250.100006103516 248.899993896484 254.800003051758 255.300003051758 255.800003051758 253.199996948242 254.800003051758 256.100006103516 262 271 275.799987792969 277.600006103516
255.399993896484 256.5 251.600006103516 252.100006103516 264.100006103516 278.600006103516 292.600006103516 297.799987792969 280.100006103516 265.5 250.5 237.899993896484 234 234.5 232.600006103516 227.800003051758 225.100006103516 222.100006103516 220.100006103516 217.600006103516 213.899993896484 212 209.600006103516 209.600006103516 212.800003051758 214.899993896484 218.899993896484 224.300003051758 231.800003051758 229.5 236.5 244.399993896484 251.600006103516 246.899993896484 249.600006103516 252.5 255.199996948242 250 248.899993896484 247.800003051758 241.600006103516 241.300003051758 240.300003051758 239.100006103516 238.800003051758 237.899993896484 241.100006103516 243.5 240.899993896484 241.100006103516 243.399993896484 258.299987792969 259.799987792969 265.200012207031
249.300003051758 247.699996948242 249.5 248.399993896484 266.299987792969 280.399993896484 293.200012207031 292.799987792969 276.5 261.899993896484 249.5 237.899993896484 236.600006103516 244.800003051758 238.699996948242 230.300003051758 227.399993896484 224.399993896484 222.100006103516 219.199996948242 217 213.600006103516 212.800003051758 215.100006103516 219.800003051758 218.600006103516 224.300003051758 229.899993896484 230.600006103516 231.100006103516 233.100006103516 238.800003051758 240 241 238.699996948242 239.600006103516 247.800003051758 247.100006103516 242 240.800003051758 244.100006103516 243.300003051758 233.699996948242 231.600006103516 228.399993896484 226.100006103516 223.100006103516 227.100006103516 222.600006103516 224.800003051758 227.899993896484 238.100006103516 247.100006103516 247.899993896484
245.100006103516 241.800003051758 240.300003051758 251.399993896484 263.100006103516 273.899993896484 280.299987792969 279.200012207031 265.799987792969 254.399993896484 248.600006103516 241.699996948242 245.899993896484 245.100006103516 244.100006103516 235.100006103516 231.300003051758 228.600006103516 224.300003051758 221.399993896484 221.100006103516 217.800003051758 215.800003051758 217.800003051758 225.399993896484 226.5 231.699996948242 235.899993896484 231.899993896484 229.800003051758 230 234.899993896484 233.600006103516 233 238.100006103516 237.399993896484 238.699996948242 243.800003051758 241 230.399993896484 239.399993896484 242.100006103516 232.100006103516 229.600006103516 221.899993896484 221.600006103516 215.899993896484 217.600006103516 211.699996948242 214.100006103516 212.899993896484 219.100006103516 231.199996948242 238.800003051758
