data/layers/future_layer_mc_585_60/bio15.asc
NCOLS 494 
NROWS 529 
XLLCORNER -117.166666666667 
YLLCORNER -55.5 
CELLSIZE 0.166666666666667 
NODATA_value -3.4e+38 
[rows 264 to 287 of 529, columns 275 to 329 of 494]
51.0999984741211 51.5 51.7999992370605 52.4000015258789 52.7999992370605 53.4000015258789 54.0999984741211 54.7000007629395 55.2000007629395 55.5 55.5 56.7999992370605 58.0999984741211 59.0999984741211 60.0999984741211 60.5999984741211 60.9000015258789 60.7999992370605 60.9000015258789 60.2999992370605 59.5999984741211 59.4000015258789 59.2999992370605 59.2999992370605 59.5999984741211 60.0999984741211 61.4000015258789 62.7000007629395 64.1999969482422 65 65.5 65.8000030517578 66.0999984741211 66 66 65.9000015258789 66.4000015258789 66.4000015258789 66.1999969482422 66 65.4000015258789 64.5999984741211 64.3000030517578 64.4000015258789 64.8000030517578 65.5999984741211 66.4000015258789 66.9000015258789 67.3000030517578 68.5 68.9000015258789 69.4000015258789 70 70 70.8000030517578
50.4000015258789 50.7000007629395 51.0999984741211 51.7000007629395 52.7000007629395 53.2999992370605 53.5 53.9000015258789 54.5999984741211 54.9000015258789 55.5 56.5999984741211 57.5999984741211 58.5999984741211 59.4000015258789 60.0999984741211 60.4000015258789 60.5999984741211 60.2999992370605 60.2000007629395 60.2000007629395 59.9000015258789 59.7999992370605 60.0999984741211 60.5999984741211 61.2000007629395 62.2999992370605 63.7000007629395 64.8000030517578 65.5999984741211 65.1999969482422 66.3000030517578 66.4000015258789 66.3000030517578 66.3000030517578 66.5 66.6999969482422 66.5999984741211 66.4000015258789 66.3000030517578 66.0999984741211 65.8000030517578 65.4000015258789 65.0999984741211 64.9000015258789 65.6999969482422 66.8000030517578 67.5 68 68.5 69.3000030517578 70 70.1999969482422 70.5 71.4000015258789
49.9000015258789 50.0999984741211 50.4000015258789 51.0999984741211 52 52.7999992370605 53.2999992370605 53.5999984741211 54 54.7999992370605 55.7000007629395 56.5 57.5 58.4000015258789 59.2000007629395 59.7999992370605 60.2000007629395 60.4000015258789 60.7000007629395 60.5999984741211 60.2999992370605 60.2000007629395 60.0999984741211 60.5 61.2999992370605 62 62.9000015258789 64.3000030517578 64.8000030517578 65.9000015258789 65.5 66.5999984741211 66.6999969482422 66.4000015258789 66 66.5 66.3000030517578 67.0999984741211 66.9000015258789 66.6999969482422 66.5999984741211 66.5 66.0999984741211 66.0999984741211 66.0999984741211 66.4000015258789 67.0999984741211 68 68.3000030517578 68 68.9000015258789 69.5999984741211 70.0999984741211 70.4000015258789 71.4000015258789
49.2999992370605 49.2999992370605 49.5999984741211 50.2999992370605 51.2000007629395 52.0999984741211 52.9000015258789 53.5999984741211 53.9000015258789 54.9000015258789 55.7999992370605 56.5999984741211 57.5999984741211 58.2999992370605 59.2000007629395 59.7000007629395 60.2000007629395 60.2999992370605 60.7000007629395 60.4000015258789 60.7999992370605 60.5999984741211 60.5999984741211 60.9000015258789 61.5999984741211 62.2000007629395 63.2000007629395 64.1999969482422 64.3000030517578 65.8000030517578 65.5 66.5999984741211 67 66.6999969482422 66.0999984741211 66.5999984741211 66.4000015258789 67.5 67.5 67.4000015258789 67.1999969482422 67.0999984741211 67.1999969482422 67 66.5999984741211 66.9000015258789 67.1999969482422 68 68.8000030517578 69.0999984741211 69.6999969482422 70.0999984741211 71 71.3000030517578 71.8000030517578
47.7999992370605 48.4000015258789 48.5 49.2999992370605 50.4000015258789 51.4000015258789 52.0999984741211 52.9000015258789 53.9000015258789 54.7999992370605 56.0999984741211 57.0999984741211 58.0999984741211 58.9000015258789 59.2999992370605 59.7000007629395 60.4000015258789 60.5999984741211 60.5 60.5999984741211 60.9000015258789 61 60.9000015258789 61.4000015258789 62 62.7000007629395 63.5999984741211 63.0999984741211 64.1999969482422 65.4000015258789 66 66.1999969482422 66.5 66 66 65.6999969482422 66.0999984741211 67.4000015258789 66.8000030517578 67.8000030517578 67.9000015258789 68 67.9000015258789 67.4000015258789 67.6999969482422 68 68 68.6999969482422 69.5 70.0999984741211 70.5999984741211 71.3000030517578 71.8000030517578 72.1999969482422 71.9000015258789
46.7999992370605 47.2000007629395 48 48.5999984741211 49.5 50.5999984741211 51.7000007629395 52.5999984741211 53.5999984741211 54.7999992370605 55.7999992370605 57.2000007629395 58.5999984741211 59.2999992370605 59.7999992370605 60.4000015258789 60.5999984741211 60.5 60.5999984741211 60.7999992370605 61.0999984741211 61 61.2000007629395 61.7000007629395 62.2999992370605 62.7000007629395 63 63 63.5 64.6999969482422 65.8000030517578 65.9000015258789 66.3000030517578 65.5 65.0999984741211 65.3000030517578 66.4000015258789 67.1999969482422 66.8000030517578 68 68.4000015258789 68.3000030517578 68.3000030517578 68.8000030517578 69 68.9000015258789 69.1999969482422 69.5999984741211 70.5 71.0999984741211 71.6999969482422 72.0999984741211 72.5 72.5999984741211 72.3000030517578
46.5 46.4000015258789 46.9000015258789 48 48.9000015258789 49.9000015258789 51.2000007629395 52.2000007629395 53.4000015258789 54.7999992370605 56.0999984741211 57.4000015258789 58.9000015258789 59.5 60 60.5999984741211 61 61 60.7000007629395 60.7000007629395 60.7999992370605 61.0999984741211 61.2000007629395 61.5999984741211 62.0999984741211 62.2000007629395 62.9000015258789 62.5 62.7000007629395 63.7999992370605 65.1999969482422 65 65.6999969482422 65.1999969482422 65.6999969482422 65.5999984741211 66.0999984741211 67.6999969482422 67.5999984741211 68.4000015258789 69 69.0999984741211 68.8000030517578 69.4000015258789 70 70.0999984741211 70.4000015258789 70.4000015258789 70.9000015258789 71.6999969482422 72.3000030517578 72.5999984741211 72.8000030517578 73 73.1999969482422
45.0999984741211 45.9000015258789 46.2000007629395 47 48.2000007629395 49.5 50.7000007629395 52 53.2000007629395 54.5 55.9000015258789 57.2999992370605 58.9000015258789 60.0999984741211 60.4000015258789 60.7000007629395 60.7999992370605 60.9000015258789 61 60.9000015258789 60.9000015258789 60.9000015258789 60.7000007629395 60.7999992370605 61.5 62.5999984741211 62.5999984741211 62.0999984741211 62.5999984741211 63.4000015258789 63.7999992370605 64.0999984741211 64.5 65.3000030517578 65.0999984741211 65.3000030517578 66 67.8000030517578 68.4000015258789 68.1999969482422 68.6999969482422 69.3000030517578 69.9000015258789 70 70.5 70.6999969482422 71.0999984741211 71.5 71.6999969482422 72.3000030517578 73.0999984741211 72.8000030517578 73.3000030517578 73.6999969482422 73.9000015258789
44.7999992370605 45.0999984741211 45.9000015258789 46.7999992370605 47.7999992370605 48.9000015258789 50 51.2999992370605 52.7000007629395 54.2000007629395 55.5 57 58.7000007629395 59.5999984741211 59.7999992370605 60.2999992370605 60.4000015258789 60.7000007629395 60.2999992370605 60.4000015258789 59.7999992370605 60.0999984741211 60.4000015258789 61 61 61.4000015258789 62.0999984741211 61.5999984741211 62.5999984741211 63.0999984741211 63.2000007629395 63.5 64.4000015258789 65 65.6999969482422 65.4000015258789 65.6999969482422 67.4000015258789 67.6999969482422 68.3000030517578 68.0999984741211 69.3000030517578 69.8000030517578 69.5999984741211 70.5999984741211 71.3000030517578 71.5999984741211 72.3000030517578 72.6999969482422 73.4000015258789 73.5999984741211 73.5999984741211 73.6999969482422 74.0999984741211 74.3000030517578
44.2000007629395 42.5999984741211 44.7000007629395 46.5 47.4000015258789 48.4000015258789 49.7000007629395 50.7999992370605 51.9000015258789 53.2999992370605 54.9000015258789 56.5 57.9000015258789 58.9000015258789 59.2000007629395 59.5999984741211 60 59.9000015258789 59.7999992370605 59.7999992370605 59.7999992370605 59.9000015258789 60.0999984741211 60.9000015258789 60.7000007629395 61.4000015258789 61.5999984741211 61.9000015258789 62.0999984741211 62.7000007629395 62.5 63.0999984741211 64.4000015258789 64.4000015258789 65.8000030517578 65.5999984741211 66.5 67.4000015258789 68.4000015258789 67.6999969482422 68.6999969482422 69.3000030517578 70 70.3000030517578 71 71.5999984741211 72.1999969482422 72.6999969482422 73.3000030517578 73.6999969482422 74.1999969482422 74 73.5 74.0999984741211 74.3000030517578
44.7000007629395 43.2000007629395 43.7000007629395 45.2000007629395 46.5999984741211 48 49.2000007629395 50.2999992370605 51.4000015258789 52.5 54.0999984741211 55.7999992370605 57 58.0999984741211 58.9000015258789 59.2000007629395 59.5 59.7999992370605 60.0999984741211 59.5999984741211 59.9000015258789 59.5999984741211 59.5 60 60.2999992370605 61.7000007629395 61.2000007629395 61.5999984741211 61.4000015258789 61.7999992370605 62.4000015258789 62.7000007629395 65 64.0999984741211 64.5 64.4000015258789 65 67.0999984741211 67.1999969482422 68.4000015258789 68.9000015258789 69.1999969482422 70.0999984741211 70.3000030517578 70.8000030517578 71.6999969482422 72.4000015258789 72.8000030517578 73.3000030517578 73.8000030517578 74.1999969482422 74.3000030517578 74.3000030517578 74.1999969482422 74.4000015258789
55.9000015258789 52.5999984741211 44.2000007629395 45.9000015258789 47.7000007629395 48.2999992370605 48.7999992370605 48.9000015258789 50.0999984741211 51.9000015258789 53.2000007629395 54.5999984741211 56.0999984741211 57.2999992370605 58.2000007629395 58.9000015258789 59.2999992370605 59.2999992370605 59.5 59.7000007629395 59.7000007629395 60 59.5999984741211 59.0999984741211 60.4000015258789 61.5 60.9000015258789 61 61 61.5 61.9000015258789 62.4000015258789 63.2999992370605 63.9000015258789 63.4000015258789 64 65.5999984741211 66.0999984741211 66.5 67.5 68.6999969482422 69.9000015258789 69.8000030517578 70.4000015258789 71 71.3000030517578 72.4000015258789 72.9000015258789 73.0999984741211 73.4000015258789 73.9000015258789 74.1999969482422 74.5 74.5 74.5999984741211
83.8000030517578 78.1999969482422 54.4000015258789 52.5 45.9000015258789 47.5 48.4000015258789 48.0999984741211 48.7999992370605 49.7999992370605 51.7000007629395 53.2000007629395 54.7000007629395 56 57.0999984741211 57.9000015258789 58.4000015258789 58.5 58.7999992370605 59.0999984741211 59.4000015258789 59.7000007629395 59.9000015258789 59.9000015258789 60.5 60.7999992370605 60.5999984741211 60.2999992370605 61 61.2999992370605 61.7000007629395 62.0999984741211 62.2999992370605 62.7999992370605 63 63.5 65.4000015258789 65.3000030517578 66 67 67.8000030517578 68.5 70 70.5999984741211 70.8000030517578 70.4000015258789 71.0999984741211 71.9000015258789 72.3000030517578 72.9000015258789 72.8000030517578 74 74.4000015258789 74.6999969482422 74.5
87.8000030517578 85.4000015258789 76.6999969482422 81.5 69.4000015258789 53 49.4000015258789 48.5999984741211 48.2999992370605 49.4000015258789 50.7000007629395 51.2999992370605 53.0999984741211 54.4000015258789 55.7999992370605 56.5999984741211 56.9000015258789 57.9000015258789 58.2999992370605 58.5 58.7999992370605 58.5999984741211 58.7999992370605 59.7000007629395 60 60.4000015258789 60.2000007629395 60.4000015258789 60.7000007629395 61 61.5999984741211 61.7000007629395 61.9000015258789 62.5 63 63.2999992370605 65.0999984741211 65.3000030517578 65.8000030517578 66.0999984741211 67 67.5999984741211 69.3000030517578 70.5999984741211 70.0999984741211 70.0999984741211 70.3000030517578 71.3000030517578 72.1999969482422 72.4000015258789 72.1999969482422 73.5 74.4000015258789 74.5 73.8000030517578
88.6999969482422 86.5999984741211 85.5999984741211 85.5 80.5 74.3000030517578 66.5999984741211 60.4000015258789 50.7000007629395 49.5999984741211 49.5 50.7999992370605 51.2999992370605 53.0999984741211 53.7000007629395 55.2999992370605 56.2999992370605 56.2000007629395 57 57.4000015258789 57.5999984741211 58.2999992370605 58.7999992370605 59.2999992370605 59.9000015258789 60.5 60.7000007629395 61.4000015258789 60.7999992370605 61.2000007629395 61.2000007629395 61.5 61.7999992370605 62.0999984741211 62.4000015258789 63.2999992370605 65 65.0999984741211 65.3000030517578 65.5999984741211 66 67.3000030517578 68.4000015258789 70.1999969482422 70.0999984741211 70.3000030517578 70.5 71.3000030517578 71.8000030517578 72.3000030517578 71.9000015258789 72.5 73.6999969482422 73.9000015258789 74
91.0999984741211 89.9000015258789 88.3000030517578 86.6999969482422 86.5 83.8000030517578 80.6999969482422 79.0999984741211 69.5 55.2999992370605 51.4000015258789 51.7000007629395 52.2000007629395 53 55.2000007629395 55.2000007629395 55.4000015258789 56.4000015258789 56.7999992370605 56.5999984741211 57.4000015258789 57.7999992370605 58.4000015258789 59 59.4000015258789 59.5999984741211 60.7000007629395 61.2999992370605 61.2999992370605 61.2000007629395 61.2999992370605 61.7000007629395 62.2000007629395 62.2999992370605 62.5 62.7000007629395 64.8000030517578 65.1999969482422 65.3000030517578 65.3000030517578 65.5 67 68 69.5 69.5 69.5 71.0999984741211 71.6999969482422 71.9000015258789 71.9000015258789 72 72.1999969482422 73.0999984741211 73.5 73.8000030517578
92.4000015258789 91.1999969482422 89.5999984741211 87.6999969482422 86.5 86 83.6999969482422 81.3000030517578 76.5999984741211 66.6999969482422 60.5 55 54.2000007629395 54 55.7999992370605 57.4000015258789 57.2000007629395 56.7999992370605 57 57.0999984741211 56.5999984741211 57.4000015258789 57.7999992370605 58.4000015258789 58.7999992370605 59.4000015258789 60.2000007629395 60.9000015258789 61.5 61.0999984741211 61.7000007629395 62.2999992370605 62.4000015258789 62.5999984741211 62.2999992370605 62.7000007629395 63.7000007629395 65.0999984741211 64.3000030517578 64.0999984741211 65.4000015258789 66.8000030517578 67.9000015258789 68.9000015258789 69 69.5999984741211 70.6999969482422 71.0999984741211 71.5999984741211 71.8000030517578 72.1999969482422 72.3000030517578 72.5999984741211 73 73.4000015258789
90.4000015258789 92.6999969482422 90.6999969482422 89.1999969482422 88 86.6999969482422 85.3000030517578 83.4000015258789 81.8000030517578 78.5999984741211 66.4000015258789 61.0999984741211 57.5 56.2000007629395 57.2999992370605 58.2000007629395 58.2999992370605 58.7999992370605 58.5999984741211 57.7999992370605 57 56.5 57.2000007629395 57.5999984741211 57.7999992370605 58.5 59.4000015258789 59.7999992370605 60.7999992370605 61.2999992370605 62.5999984741211 62.7999992370605 62.5 63 62.9000015258789 63.2000007629395 63.2999992370605 64.3000030517578 63.5999984741211 63.0999984741211 64.5999984741211 66.6999969482422 67.5999984741211 68.0999984741211 67.8000030517578 68.5999984741211 69.8000030517578 70.5999984741211 71 71.3000030517578 71.5999984741211 71.8000030517578 72.1999969482422 72.4000015258789 72.5999984741211
93 92.8000030517578 91.5 90.3000030517578 88.9000015258789 87.4000015258789 86.5 84.1999969482422 82.8000030517578 80.9000015258789 74.1999969482422 69.4000015258789 63.9000015258789 60.9000015258789 61.2999992370605 59.9000015258789 59.5999984741211 62.0999984741211 61.4000015258789 59.0999984741211 56.5999984741211 56.2000007629395 56.2999992370605 57.2000007629395 58.0999984741211 59.0999984741211 59.7999992370605 60.2999992370605 60.7999992370605 61.9000015258789 62.7000007629395 62.5999984741211 63.2999992370605 63 63.2000007629395 62.9000015258789 62.9000015258789 63.7000007629395 63.5999984741211 62.7999992370605 63.0999984741211 65.3000030517578 66.8000030517578 67 67.1999969482422 68.0999984741211 68.9000015258789 69.8000030517578 70.4000015258789 70.9000015258789 71 71.1999969482422 71.5999984741211 71.9000015258789 72.0999984741211
94.9000015258789 94.0999984741211 92.5999984741211 91.4000015258789 89.5999984741211 88.5999984741211 87.1999969482422 85.3000030517578 83.5 81.5999984741211 80.5 78.5 75.5 68.1999969482422 64.5999984741211 62.5999984741211 62.7999992370605 64.6999969482422 63.2000007629395 59.7999992370605 57.0999984741211 55.9000015258789 55.9000015258789 57.4000015258789 58.5999984741211 59.7999992370605 60.4000015258789 60.5999984741211 61.0999984741211 62.2999992370605 63.0999984741211 63.0999984741211 63 62.9000015258789 63.4000015258789 63.0999984741211 63 62.9000015258789 62.7999992370605 62.2999992370605 62.4000015258789 63.9000015258789 65.5999984741211 66.3000030517578 66.6999969482422 67.5 68.1999969482422 68.9000015258789 69.5999984741211 70 70.5 70.8000030517578 71 71.4000015258789 71.6999969482422
95.9000015258789 95.4000015258789 93.9000015258789 92.5999984741211 91.3000030517578 88.5999984741211 86.8000030517578 85.4000015258789 83.0999984741211 82.9000015258789 81.1999969482422 80.5 79 73 67.6999969482422 64.6999969482422 63 64.6999969482422 65.9000015258789 60.7999992370605 59.0999984741211 56.4000015258789 56.0999984741211 57.2000007629395 58.0999984741211 60 60.7999992370605 60.9000015258789 62 62.5 62.4000015258789 62.7000007629395 63.2000007629395 63.7000007629395 63.7000007629395 63.0999984741211 62.5999984741211 62.5 61.7000007629395 61.4000015258789 62.2000007629395 62.5999984741211 64.3000030517578 65.4000015258789 65.8000030517578 66.6999969482422 67.3000030517578 68.1999969482422 68.8000030517578 69.1999969482422 69.6999969482422 70.3000030517578 70.4000015258789 70.6999969482422 71.3000030517578
98.3000030517578 97.6999969482422 96.4000015258789 94.8000030517578 93.3000030517578 90.4000015258789 88.4000015258789 86.5 85 82.9000015258789 82.5 80.5999984741211 80.0999984741211 77.5999984741211 72.8000030517578 67.5 62.7000007629395 63.5999984741211 64.6999969482422 61.7999992370605 57.0999984741211 57.7999992370605 57.4000015258789 56.7999992370605 58.5 59.2999992370605 60.5 61 61.7000007629395 61.7000007629395 61.7000007629395 62.0999984741211 62.7999992370605 63.2999992370605 63.7000007629395 63.2000007629395 62.2000007629395 61.7000007629395 61.2000007629395 60.7000007629395 61.4000015258789 62.2000007629395 63.2999992370605 64.5 65 65.6999969482422 66.4000015258789 67.0999984741211 67.9000015258789 68.3000030517578 69.0999984741211 69.4000015258789 69.9000015258789 70.0999984741211 70.4000015258789
100.099998474121 99.9000015258789 98.5 96.1999969482422 94.9000015258789 92.5 89.5999984741211 87.5 85.8000030517578 84.1999969482422 84 81.9000015258789 80.5999984741211 78.5999984741211 75.5999984741211 71.8000030517578 64.5 61.5 62.2000007629395 63.5999984741211 57.5 55.9000015258789 57.9000015258789 57.7000007629395 58.7999992370605 58.9000015258789 60.2000007629395 60.9000015258789 61.5 61.5999984741211 61.7000007629395 62 62.0999984741211 62.5 62.5999984741211 61.9000015258789 61.4000015258789 61.0999984741211 60.9000015258789 60.2000007629395 60.4000015258789 61.0999984741211 62.2999992370605 63.2000007629395 64.1999969482422 64.6999969482422 65.5999984741211 66.0999984741211 66.8000030517578 67.4000015258789 68.0999984741211 68.9000015258789 69.0999984741211 69.6999969482422 69.9000015258789
100.5 99.4000015258789 98.5 97.1999969482422 96.6999969482422 93.8000030517578 90.4000015258789 87.5 85.9000015258789 85.5999984741211 84.6999969482422 83.0999984741211 80.5 78.5999984741211 76.5999984741211 77 70.4000015258789 61.4000015258789 59.9000015258789 60.9000015258789 59 54.5999984741211 56.4000015258789 58.4000015258789 58.7999992370605 59.0999984741211 59.9000015258789 60.7000007629395 61 61.0999984741211 61.2000007629395 61.4000015258789 61.4000015258789 61.2999992370605 60.9000015258789 60.9000015258789 60.5 59.9000015258789 60.2999992370605 59.2999992370605 59.5999984741211 59.9000015258789 60.7000007629395 62.0999984741211 62.9000015258789 63.5999984741211 64.1999969482422 64.9000015258789 65.6999969482422 66.5 67.0999984741211 68 68.3000030517578 68.9000015258789 69.4000015258789
