data/layers/future_layer_mc_585_60/bio19.asc
NCOLS 494 
NROWS 529 
XLLCORNER -117.166666666667 
YLLCORNER -55.5 
CELLSIZE 0.166666666666667 
NODATA_value -3.4e+38 
[rows 144 to 167 of 529, columns 324 to 377 of 494]
107.599998474121 113.400001525879 123.900001525879 140.899993896484 145.300003051758 154.399993896484 169.600006103516 167.300003051758 177.699996948242 184.199996948242 200.100006103516 220 227.300003051758 243.399993896484 245.899993896484 -3.4e+38 -3.4e+38 -3.4e+38 -3.4e+38 -3.4e+38 -3.4e+38 -3.4e+38 -3.4e+38 -3.4e+38 -3.4e+38 -3.4e+38 -3.4e+38 -3.4e+38 -3.4e+38 -3.4e+38 -3.4e+38 -3.4e+38 -3.4e+38 -3.4e+38 -3.4e+38 -3.4e+38 -3.4e+38 -3.4e+38 -3.4e+38 -3.4e+38 -3.4e+38 -3.4e+38 -3.4e+38 -3.4e+38 -3.4e+38 -3.4e+38 -3.4e+38 -3.4e+38 -3.4e+38 -3.4e+38 -3.4e+38 -3.4e+38 -3.4e+38 -3.4e+38
114.5 116.400001525879 124.400001525879 139.300003051758 161.899993896484 168.199996948242 184.600006103516 199.600006103516 194.399993896484 192.800003051758 195.899993896484 217.600006103516 225.699996948242 244.300003051758 250.600006103516 256.600006103516 276.799987792969 293.899993896484 294.299987792969 -3.4e+38 -3.4e+38 -3.4e+38 -3.4e+38 -3.4e+38 -3.4e+38 -3.4e+38 -3.4e+38 -3.4e+38 -3.4e+38 -3.4e+38 -3.4e+38 -3.4e+38 -3.4e+38 -3.4e+38 -3.4e+38 -3.4e+38 -3.4e+38 -3.4e+38 -3.4e+38 -3.4e+38 -3.4e+38 -3.4e+38 -3.4e+38 -3.4e+38 -3.4e+38 -3.4e+38 -3.4e+38 -3.4e+38 -3.4e+38 -3.4e+38 -3.4e+38 -3.4e+38 -3.4e+38 -3.4e+38
112.900001525879 117.800003051758 136.600006103516 152.800003051758 163.100006103516 180.800003051758 181.100006103516 171.600006103516 173.600006103516 172.899993896484 193.100006103516 221.300003051758 223.600006103516 238 253.600006103516 264.100006103516 265.899993896484 271.399993896484 280.299987792969 277.600006103516 275.299987792969 -3.4e+38 -3.4e+38 -3.4e+38 -3.4e+38 -3.4e+38 -3.4e+38 -3.4e+38 -3.4e+38 -3.4e+38 -3.4e+38 -3.4e+38 -3.4e+38 -3.4e+38 -3.4e+38 -3.4e+38 -3.4e+38 -3.4e+38 -3.4e+38 -3.4e+38 -3.4e+38 -3.4e+38 -3.4e+38 -3.4e+38 -3.4e+38 -3.4e+38 -3.4e+38 -3.4e+38 -3.4e+38 -3.4e+38 -3.4e+38 -3.4e+38 -3.4e+38 -3.4e+38
110.300003051758 122.099998474121 150.399993896484 158 159.5 174.5 172.300003051758 176.399993896484 196.600006103516 174.699996948242 200.199996948242 213.800003051758 215.300003051758 232.600006103516 246.5 259.100006103516 263.899993896484 263.299987792969 273.899993896484 274.700012207031 271.700012207031 268.299987792969 275 -3.4e+38 -3.4e+38 -3.4e+38 -3.4e+38 -3.4e+38 -3.4e+38 -3.4e+38 -3.4e+38 -3.4e+38 -3.4e+38 -3.4e+38 -3.4e+38 -3.4e+38 -3.4e+38 -3.4e+38 -3.4e+38 -3.4e+38 -3.4e+38 -3.4e+38 -3.4e+38 -3.4e+38 -3.4e+38 -3.4e+38 -3.4e+38 -3.4e+38 -3.4e+38 -3.4e+38 -3.4e+38 -3.4e+38 -3.4e+38 -3.4e+38
122.800003051758 140.100006103516 142.899993896484 143.899993896484 154.800003051758 152.399993896484 164.600006103516 184.300003051758 218.399993896484 193.899993896484 191.399993896484 194.600006103516 220.300003051758 224.100006103516 236.199996948242 245.300003051758 252.100006103516 250.600006103516 260.200012207031 264.799987792969 264 277 272.200012207031 282.899993896484 -3.4e+38 -3.4e+38 -3.4e+38 -3.4e+38 -3.4e+38 -3.4e+38 -3.4e+38 -3.4e+38 -3.4e+38 -3.4e+38 -3.4e+38 -3.4e+38 -3.4e+38 -3.4e+38 -3.4e+38 -3.4e+38 -3.4e+38 -3.4e+38 -3.4e+38 -3.4e+38 -3.4e+38 -3.4e+38 -3.4e+38 -3.4e+38 -3.4e+38 -3.4e+38 -3.4e+38 -3.4e+38 -3.4e+38 -3.4e+38
122.400001525879 126.900001525879 112.300003051758 136.199996948242 146.800003051758 144.399993896484 161.399993896484 173.699996948242 211 210.199996948242 182.899993896484 185.100006103516 207.300003051758 219.100006103516 225.800003051758 233.100006103516 232 229.100006103516 234.800003051758 245.100006103516 250.100006103516 264.299987792969 268.299987792969 274.399993896484 294.5 -3.4e+38 -3.4e+38 -3.4e+38 -3.4e+38 -3.4e+38 -3.4e+38 -3.4e+38 -3.4e+38 -3.4e+38 -3.4e+38 -3.4e+38 -3.4e+38 -3.4e+38 -3.4e+38 -3.4e+38 -3.4e+38 -3.4e+38 -3.4e+38 -3.4e+38 -3.4e+38 -3.4e+38 -3.4e+38 -3.4e+38 -3.4e+38 -3.4e+38 -3.4e+38 -3.4e+38 -3.4e+38 -3.4e+38
124.5 117.800003051758 108.400001525879 133.899993896484 147.199996948242 152.300003051758 156.300003051758 159.5 180.5 210.399993896484 199.100006103516 199.800003051758 207.899993896484 221.100006103516 217.100006103516 217.800003051758 217.800003051758 222.899993896484 229 229.100006103516 237.199996948242 243.899993896484 255.800003051758 266.600006103516 265.299987792969 269.299987792969 -3.4e+38 -3.4e+38 -3.4e+38 -3.4e+38 -3.4e+38 -3.4e+38 -3.4e+38 -3.4e+38 -3.4e+38 -3.4e+38 -3.4e+38 -3.4e+38 -3.4e+38 -3.4e+38 -3.4e+38 -3.4e+38 -3.4e+38 -3.4e+38 -3.4e+38 -3.4e+38 -3.4e+38 -3.4e+38 -3.4e+38 -3.4e+38 -3.4e+38 -3.4e+38 -3.4e+38 -3.4e+38
131.100006103516 132.100006103516 135 143.399993896484 148.300003051758 155.5 169.100006103516 180.800003051758 184.899993896484 188.100006103516 217.600006103516 202.600006103516 212.100006103516 219.800003051758 219.100006103516 222.100006103516 223.100006103516 225.800003051758 228.399993896484 228.5 231 238.399993896484 247.800003051758 251.300003051758 270.299987792969 282.100006103516 302.399993896484 -3.4e+38 -3.4e+38 -3.4e+38 -3.4e+38 -3.4e+38 -3.4e+38 -3.4e+38 -3.4e+38 -3.4e+38 -3.4e+38 -3.4e+38 -3.4e+38 -3.4e+38 -3.4e+38 -3.4e+38 -3.4e+38 -3.4e+38 -3.4e+38 -3.4e+38 -3.4e+38 -3.4e+38 -3.4e+38 -3.4e+38 -3.4e+38 -3.4e+38 -3.4e+38 -3.4e+38
140.199996948242 138.699996948242 158.800003051758 153.800003051758 165.300003051758 179.100006103516 180.5 195 188.600006103516 189.5 197.199996948242 199.300003051758 203.5 211.399993896484 223.300003051758 206.899993896484 215.800003051758 223.100006103516 232.5 239.300003051758 231.800003051758 229.800003051758 242.800003051758 251.800003051758 257.799987792969 259.700012207031 283.700012207031 296.5 -3.4e+38 -3.4e+38 -3.4e+38 -3.4e+38 -3.4e+38 -3.4e+38 -3.4e+38 -3.4e+38 -3.4e+38 -3.4e+38 -3.4e+38 -3.4e+38 -3.4e+38 -3.4e+38 -3.4e+38 -3.4e+38 -3.4e+38 -3.4e+38 -3.4e+38 -3.4e+38 -3.4e+38 -3.4e+38 -3.4e+38 -3.4e+38 -3.4e+38 -3.4e+38
123.699996948242 116.300003051758 166.699996948242 152.600006103516 157.600006103516 174.800003051758 177.800003051758 178.399993896484 194.199996948242 198 192.600006103516 198.800003051758 210.600006103516 214.800003051758 209.100006103516 205.399993896484 206.800003051758 222.800003051758 225.399993896484 223.899993896484 232.899993896484 230.100006103516 237.300003051758 247.199996948242 243.300003051758 277.100006103516 314.299987792969 294.100006103516 -3.4e+38 -3.4e+38 -3.4e+38 -3.4e+38 -3.4e+38 -3.4e+38 -3.4e+38 -3.4e+38 -3.4e+38 -3.4e+38 -3.4e+38 -3.4e+38 -3.4e+38 -3.4e+38 -3.4e+38 -3.4e+38 -3.4e+38 -3.4e+38 -3.4e+38 -3.4e+38 -3.4e+38 -3.4e+38 -3.4e+38 -3.4e+38 -3.4e+38 -3.4e+38
245.5 161.100006103516 159.100006103516 157.100006103516 156.899993896484 163.800003051758 172.300003051758 166.100006103516 175.899993896484 185.600006103516 189.699996948242 202.899993896484 207.100006103516 218.800003051758 193.699996948242 197.899993896484 200.300003051758 202.600006103516 207.300003051758 219.399993896484 225.600006103516 226.899993896484 239.800003051758 255.399993896484 280.899993896484 305.600006103516 308.100006103516 277.299987792969 -3.4e+38 -3.4e+38 -3.4e+38 -3.4e+38 -3.4e+38 -3.4e+38 -3.4e+38 -3.4e+38 -3.4e+38 -3.4e+38 -3.4e+38 -3.4e+38 -3.4e+38 -3.4e+38 -3.4e+38 -3.4e+38 -3.4e+38 -3.4e+38 -3.4e+38 -3.4e+38 -3.4e+38 -3.4e+38 -3.4e+38 -3.4e+38 -3.4e+38 -3.4e+38
422.600006103516 191.399993896484 172.600006103516 183.300003051758 186.100006103516 191.300003051758 179.300003051758 184.899993896484 179.300003051758 193 205.100006103516 232.300003051758 267.799987792969 223.800003051758 215.100006103516 210.699996948242 204.5 205.899993896484 216.399993896484 215.5 219.399993896484 240.5 267.100006103516 249.399993896484 276.600006103516 295.200012207031 300.899993896484 281.200012207031 314.399993896484 318.399993896484 353.299987792969 -3.4e+38 -3.4e+38 -3.4e+38 -3.4e+38 -3.4e+38 -3.4e+38 -3.4e+38 -3.4e+38 -3.4e+38 -3.4e+38 -3.4e+38 -3.4e+38 -3.4e+38 -3.4e+38 -3.4e+38 -3.4e+38 -3.4e+38 -3.4e+38 -3.4e+38 -3.4e+38 -3.4e+38 -3.4e+38 -3.4e+38
679.799987792969 405.600006103516 187.300003051758 180.399993896484 197.800003051758 198.399993896484 180.399993896484 211.100006103516 213.100006103516 216 244.100006103516 263.600006103516 253.100006103516 229.600006103516 228.399993896484 243.100006103516 259.399993896484 253.600006103516 260.600006103516 261.899993896484 242.5 235.699996948242 249.100006103516 236.600006103516 266.299987792969 304.5 291.899993896484 280.799987792969 338.899993896484 330.100006103516 324.799987792969 303.399993896484 -3.4e+38 -3.4e+38 -3.4e+38 -3.4e+38 -3.4e+38 -3.4e+38 -3.4e+38 -3.4e+38 -3.4e+38 -3.4e+38 -3.4e+38 -3.4e+38 -3.4e+38 -3.4e+38 -3.4e+38 -3.4e+38 -3.4e+38 -3.4e+38 -3.4e+38 -3.4e+38 -3.4e+38 -3.4e+38
832.599975585938 984.900024414062 409.200012207031 206.600006103516 203.399993896484 294.100006103516 324 331.399993896484 244.100006103516 255.100006103516 264.5 259.799987792969 240 213.300003051758 223.899993896484 256.600006103516 268.5 286.100006103516 277.399993896484 310.899993896484 281.399993896484 280.399993896484 287 260 273.899993896484 251.100006103516 262.100006103516 276.299987792969 320.399993896484 354.100006103516 330.200012207031 321.700012207031 295.200012207031 -3.4e+38 -3.4e+38 -3.4e+38 -3.4e+38 -3.4e+38 -3.4e+38 -3.4e+38 -3.4e+38 -3.4e+38 -3.4e+38 -3.4e+38 -3.4e+38 -3.4e+38 -3.4e+38 -3.4e+38 -3.4e+38 -3.4e+38 -3.4e+38 -3.4e+38 -3.4e+38 -3.4e+38
861.599975585938 882.299987792969 698.200012207031 413.100006103516 492.299987792969 288.399993896484 446.200012207031 657.099975585938 714 667.400024414062 626.5 401.799987792969 400.399993896484 259 277.100006103516 276.100006103516 245.199996948242 308.899993896484 304.399993896484 293.200012207031 283.299987792969 292.899993896484 286 285.100006103516 270.899993896484 244.100006103516 255.100006103516 254.600006103516 322.600006103516 350.299987792969 345.799987792969 323.600006103516 297.100006103516 294.799987792969 -3.4e+38 -3.4e+38 -3.4e+38 -3.4e+38 -3.4e+38 -3.4e+38 -3.4e+38 -3.4e+38 -3.4e+38 -3.4e+38 -3.4e+38 -3.4e+38 -3.4e+38 -3.4e+38 -3.4e+38 -3.4e+38 -3.4e+38 -3.4e+38 -3.4e+38 -3.4e+38
1028.80004882812 1026 743.299987792969 657.299987792969 582.799987792969 581.799987792969 615.599975585938 753.799987792969 711.799987792969 746.799987792969 739.099975585938 724.099975585938 697.099975585938 464.399993896484 299.200012207031 223.399993896484 280.100006103516 275.200012207031 339.299987792969 331.100006103516 348.200012207031 378.100006103516 333.799987792969 291.299987792969 271.299987792969 232.600006103516 242.300003051758 265.899993896484 315.5 339.799987792969 369.100006103516 359.799987792969 320.299987792969 313 302.799987792969 307.5 -3.4e+38 -3.4e+38 -3.4e+38 -3.4e+38 -3.4e+38 -3.4e+38 -3.4e+38 -3.4e+38 -3.4e+38 -3.4e+38 -3.4e+38 -3.4e+38 -3.4e+38 -3.4e+38 -3.4e+38 -3.4e+38 -3.4e+38 -3.4e+38
1154.90002441406 1022.90002441406 899.299987792969 256.299987792969 410.100006103516 716 689.200012207031 761.900024414062 774 637.700012207031 671.299987792969 546.799987792969 742.900024414062 736.700012207031 611.599975585938 593 334.399993896484 293.299987792969 247.399993896484 357 333.100006103516 388.5 296.399993896484 244.899993896484 231.199996948242 289.5 298.899993896484 291.799987792969 323.799987792969 354.600006103516 348 336.100006103516 309.399993896484 335.100006103516 311.399993896484 307.299987792969 -3.4e+38 324.399993896484 331.100006103516 -3.4e+38 -3.4e+38 -3.4e+38 -3.4e+38 -3.4e+38 387.200012207031 391.600006103516 386.799987792969 -3.4e+38 405.399993896484 423.899993896484 438.700012207031 -3.4e+38 -3.4e+38 -3.4e+38
1205.09997558594 936.599975585938 806.900024414062 569.400024414062 580.400024414062 800.599975585938 774.299987792969 775.299987792969 687.200012207031 686.700012207031 685.099975585938 753.900024414062 744.799987792969 747.200012207031 762.099975585938 734.599975585938 664.400024414062 420.5 217 257.299987792969 334.299987792969 366.299987792969 323.899993896484 324.399993896484 298.5 360.200012207031 308.600006103516 286.899993896484 274 299.600006103516 304.899993896484 350.799987792969 322.899993896484 330.100006103516 324.100006103516 320.299987792969 353.899993896484 351.799987792969 359.100006103516 360.799987792969 370.899993896484 384.600006103516 384.399993896484 383.899993896484 411.100006103516 416.5 426.5 437.299987792969 435.100006103516 447.399993896484 462.799987792969 476.200012207031 491.600006103516 499.799987792969
1229.59997558594 1129.40002441406 966.400024414062 806.799987792969 821.900024414062 872.799987792969 827.799987792969 785.299987792969 765.799987792969 726.799987792969 726.700012207031 750.299987792969 724.599975585938 760.900024414062 759.799987792969 744.299987792969 730.299987792969 526.099975585938 261.399993896484 171 272.100006103516 354.100006103516 439.899993896484 441.899993896484 361.700012207031 364.399993896484 273.100006103516 306.100006103516 292.700012207031 287.700012207031 368.100006103516 316.200012207031 354.799987792969 360.399993896484 325.899993896484 329.600006103516 360.799987792969 363.100006103516 358.600006103516 370.200012207031 403.799987792969 422.799987792969 405.399993896484 398.200012207031 409.399993896484 421.399993896484 430.5 433.200012207031 432.700012207031 444.299987792969 461.399993896484 477.399993896484 492.299987792969 511
1216.80004882812 1167.90002441406 922.200012207031 980.299987792969 754.900024414062 669.099975585938 344.799987792969 829.900024414062 798.099975585938 752.599975585938 737.900024414062 732.799987792969 733.200012207031 770.799987792969 768.299987792969 749 749.599975585938 464.899993896484 285.899993896484 165.600006103516 183.399993896484 204.899993896484 257.299987792969 416.399993896484 443.600006103516 335.200012207031 282.899993896484 335.200012207031 318.100006103516 329.899993896484 339.100006103516 297.100006103516 349.100006103516 327.600006103516 319.5 326.100006103516 369.600006103516 370.299987792969 373.600006103516 381.899993896484 398.200012207031 403.799987792969 397.799987792969 407.200012207031 415.5 420.700012207031 430 442 437.899993896484 453.700012207031 468.100006103516 483.899993896484 504.100006103516 515.099975585938
1241.69995117188 1208.90002441406 1150.30004882812 1021.5 960.400024414062 452.899993896484 541.900024414062 817.900024414062 821.799987792969 788.400024414062 762 743.799987792969 786.099975585938 734.099975585938 685.599975585938 736 728.5 431.100006103516 281.200012207031 162.800003051758 186.100006103516 222.5 304.5 261.899993896484 402.299987792969 377.399993896484 360.600006103516 395.299987792969 389.299987792969 381.899993896484 304.399993896484 322 315.299987792969 306.600006103516 314.799987792969 319.100006103516 347.100006103516 357.899993896484 370.799987792969 384.299987792969 388.200012207031 395.399993896484 403.899993896484 409.5 396.799987792969 426.899993896484 435.700012207031 439.899993896484 441.700012207031 450.399993896484 465.799987792969 481.799987792969 493.799987792969 516
1246.40002441406 1161.90002441406 1067.09997558594 977.900024414062 872.200012207031 866.099975585938 863.299987792969 844.599975585938 834.299987792969 795.299987792969 776.299987792969 733.400024414062 773.900024414062 734.700012207031 711.400024414062 701.299987792969 729.799987792969 733.5 404.399993896484 287.399993896484 220.899993896484 256 388.899993896484 283.399993896484 407.600006103516 337.200012207031 418.799987792969 404.600006103516 396 344.299987792969 360.299987792969 329.700012207031 321.299987792969 333.299987792969 316.899993896484 319.100006103516 348 370.899993896484 373.600006103516 385.899993896484 397.600006103516 408.799987792969 407.899993896484 411.299987792969 415 429.600006103516 438.899993896484 446.100006103516 445.799987792969 456.100006103516 471.600006103516 487.799987792969 500.799987792969 527.599975585938
1194.80004882812 1212.09997558594 1080.59997558594 914 909.599975585938 918.299987792969 917.799987792969 909.799987792969 846.900024414062 808.299987792969 784.900024414062 746 743.700012207031 730 728.5 701.099975585938 735.099975585938 751.900024414062 771.099975585938 674.799987792969 469.299987792969 298.399993896484 248.899993896484 329.799987792969 358.100006103516 302.899993896484 429.399993896484 421.399993896484 391.399993896484 383.600006103516 377.799987792969 340.700012207031 313.399993896484 303.600006103516 322.299987792969 369.700012207031 383.399993896484 370.799987792969 390.899993896484 407.899993896484 416.899993896484 413.799987792969 415.399993896484 420.399993896484 412.399993896484 433.799987792969 444.899993896484 447 409.100006103516 439.399993896484 463.799987792969 497.5 510.600006103516 525.900024414062
1175.09997558594 1165.30004882812 1093.40002441406 969.599975585938 853.400024414062 893.599975585938 934.799987792969 888.099975585938 869.799987792969 825.700012207031 803.299987792969 758.099975585938 759.099975585938 735.400024414062 771.700012207031 724.5 727.099975585938 710.400024414062 687.799987792969 742.299987792969 707.099975585938 443.5 335.5 351.399993896484 412.399993896484 394.399993896484 437.600006103516 400.399993896484 397.299987792969 405.799987792969 381.799987792969 359.200012207031 357.799987792969 340.799987792969 358.399993896484 391.100006103516 376.399993896484 393.600006103516 420.600006103516 443 434.600006103516 430.200012207031 434.200012207031 436.100006103516 436.600006103516 445.899993896484 451.399993896484 422.100006103516 409.899993896484 441.299987792969 483 488 515.599975585938 536.299987792969
