data/layers/future_layer_mc_585_60/bio12.asc
NCOLS 494 
NROWS 529 
XLLCORNER -117.166666666667 
YLLCORNER -55.5 
CELLSIZE 0.166666666666667 
NODATA_value -3.4e+38 
[rows 384 to 407 of 529, columns 270 to 323 of 494]
-3.4e+38 -3.4e+38 -3.4e+38 -3.4e+38 145 153.199996948242 155.800003051758 171.899993896484 181 189.800003051758 194.300003051758 211.699996948242 241.899993896484 217.300003051758 134.199996948242 121.599998474121 124.400001525879 147 155.300003051758 176.899993896484 212.5 237.899993896484 265.600006103516 279.200012207031 274.799987792969 295.799987792969 327.799987792969 361.600006103516 358.899993896484 373.5 402.100006103516 388.899993896484 419.299987792969 444 468.200012207031 497.100006103516 520.799987792969 545.400024414062 571 597.900024414062 628.299987792969 664.299987792969 680.900024414062 688.400024414062 712.099975585938 752.400024414062 791.700012207031 852.200012207031 859 858.700012207031 860.900024414062 862.200012207031 864.200012207031 866.700012207031
-3.4e+38 -3.4e+38 -3.4e+38 -3.4e+38 148.199996948242 154 154.699996948242 164.300003051758 171.100006103516 194.699996948242 209.199996948242 200 219.300003051758 259.799987792969 171.100006103516 128.399993896484 132.399993896484 148.600006103516 171.100006103516 196.399993896484 220.399993896484 255.100006103516 272 287.5 291.700012207031 310.600006103516 342 373.899993896484 377.399993896484 381.399993896484 411.899993896484 403.399993896484 411.700012207031 441.100006103516 472.600006103516 504 531.299987792969 560.599975585938 589.299987792969 620 654.299987792969 682.299987792969 699.099975585938 685.299987792969 709.099975585938 753.799987792969 791.700012207031 824.400024414062 846.400024414062 858.599975585938 860.299987792969 861.599975585938 858.400024414062 860.400024414062
-3.4e+38 -3.4e+38 -3.4e+38 -3.4e+38 164.399993896484 158.899993896484 159 166.399993896484 176.100006103516 191 221 232.100006103516 201.300003051758 263.600006103516 172.600006103516 133.800003051758 135.300003051758 150.100006103516 183.899993896484 212.199996948242 229.899993896484 252.399993896484 278.5 294.899993896484 315.5 328.5 353.399993896484 371.899993896484 392.399993896484 383.899993896484 404.899993896484 433.299987792969 442.899993896484 447.100006103516 478.100006103516 504.799987792969 536.5 569.900024414062 604.400024414062 639.099975585938 677.900024414062 719.299987792969 727 714 718.299987792969 753.099975585938 775.900024414062 806.599975585938 835.599975585938 849.900024414062 854.900024414062 854.400024414062 853.599975585938 853.400024414062
-3.4e+38 -3.4e+38 -3.4e+38 -3.4e+38 173.399993896484 173.699996948242 176.300003051758 178.600006103516 186.5 190.399993896484 220.600006103516 266.100006103516 279.299987792969 197.300003051758 139 138.100006103516 141.300003051758 160.399993896484 198.899993896484 223.5 240.600006103516 266 268.399993896484 303.799987792969 321 333 351.700012207031 354.700012207031 396.600006103516 382.100006103516 387.399993896484 400.299987792969 459.100006103516 485.600006103516 482.399993896484 509.899993896484 545.799987792969 579 613.400024414062 649.900024414062 700.799987792969 748.799987792969 765.799987792969 712.799987792969 739.200012207031 747.400024414062 754.400024414062 784.799987792969 823.299987792969 842.599975585938 846.400024414062 846.400024414062 843.299987792969 843.599975585938
-3.4e+38 -3.4e+38 -3.4e+38 -3.4e+38 183.300003051758 185.699996948242 204.100006103516 215.300003051758 212.800003051758 215.199996948242 228.899993896484 253.199996948242 311.399993896484 265.100006103516 159.800003051758 214 152.300003051758 154.800003051758 191.600006103516 238.100006103516 245 262.299987792969 267.399993896484 291.799987792969 305.799987792969 322.399993896484 329.899993896484 356.299987792969 380.600006103516 379.100006103516 379.799987792969 391.299987792969 446.399993896484 471.899993896484 482.899993896484 515.400024414062 551.900024414062 589.599975585938 624.599975585938 658.700012207031 700 743.700012207031 765.900024414062 719.900024414062 742.900024414062 731.299987792969 723.900024414062 766.099975585938 821.400024414062 838.099975585938 839.200012207031 835.900024414062 831.099975585938 829.700012207031
-3.4e+38 -3.4e+38 -3.4e+38 -3.4e+38 214.699996948242 204.899993896484 200.300003051758 208.899993896484 220.399993896484 217.600006103516 241.100006103516 267.5 275.600006103516 276.899993896484 225.899993896484 262.100006103516 155.399993896484 156.899993896484 182.699996948242 246.300003051758 247.699996948242 274.399993896484 272.299987792969 279.399993896484 290.600006103516 302.100006103516 324.600006103516 337.700012207031 360.600006103516 376.600006103516 369.600006103516 390.899993896484 421.899993896484 457.899993896484 483.5 518.599975585938 555.799987792969 593.799987792969 631.200012207031 662.900024414062 696.5 729.900024414062 746.099975585938 719.900024414062 742.099975585938 726.400024414062 718.599975585938 766.400024414062 819.900024414062 833.400024414062 833.299987792969 826.900024414062 817.599975585938 812.299987792969
-3.4e+38 -3.4e+38 -3.4e+38 -3.4e+38 -3.4e+38 231.699996948242 216 220 244.100006103516 236.800003051758 236.199996948242 281.100006103516 293.700012207031 284.100006103516 312.899993896484 250.899993896484 162.600006103516 161 199.100006103516 258.799987792969 249.399993896484 261.5 255.800003051758 262.299987792969 277.799987792969 286.700012207031 303.899993896484 325.200012207031 353.600006103516 374.100006103516 364.100006103516 393.5 422.399993896484 453.600006103516 483.100006103516 520.5 560.400024414062 596.799987792969 619.5 652.400024414062 684.5 714.400024414062 730.400024414062 726.400024414062 741.400024414062 740.599975585938 753.299987792969 775.400024414062 814.099975585938 830.799987792969 832.799987792969 824.900024414062 810 801.099975585938
-3.4e+38 -3.4e+38 -3.4e+38 -3.4e+38 -3.4e+38 255.600006103516 273.399993896484 257.600006103516 275 269.299987792969 259.5 281 343.799987792969 333.100006103516 322.5 242.100006103516 153.699996948242 168.399993896484 231.600006103516 250.600006103516 238.100006103516 231.100006103516 249.800003051758 246.100006103516 265.299987792969 280.299987792969 296.200012207031 312.799987792969 341.299987792969 376 361.600006103516 394.700012207031 422.299987792969 447.899993896484 479.799987792969 518.799987792969 560.5 575.900024414062 609.599975585938 641.299987792969 672.200012207031 700.299987792969 720.799987792969 725.099975585938 745.799987792969 759.400024414062 779.599975585938 798.099975585938 824.900024414062 837.5 835.900024414062 828.400024414062 819 810.200012207031
-3.4e+38 -3.4e+38 -3.4e+38 -3.4e+38 281.899993896484 266.399993896484 275.899993896484 262.5 280.799987792969 302.600006103516 282.100006103516 282.700012207031 319.399993896484 326.5 314.100006103516 229.399993896484 220.399993896484 190.199996948242 225 251.699996948242 227.699996948242 220.199996948242 221.699996948242 237.600006103516 255.5 270.5 285.5 305.399993896484 329.799987792969 358.799987792969 357.399993896484 384.600006103516 416.100006103516 443.899993896484 472.399993896484 512.200012207031 550.599975585938 566.599975585938 596.099975585938 631.099975585938 667.900024414062 695.799987792969 716.299987792969 730.799987792969 754.299987792969 778.099975585938 802.900024414062 828.299987792969 846.099975585938 852.400024414062 850.599975585938 843.599975585938 838.299987792969 835.400024414062
-3.4e+38 -3.4e+38 -3.4e+38 -3.4e+38 293.799987792969 286 294.700012207031 299.100006103516 331.600006103516 343.700012207031 324.5 294.299987792969 323.100006103516 337 297.399993896484 348.899993896484 302 233.100006103516 246.899993896484 258 229.100006103516 214.800003051758 211.399993896484 230 245.100006103516 260.399993896484 278.200012207031 299 325.299987792969 353.899993896484 359.600006103516 379.799987792969 410.799987792969 437.600006103516 463.299987792969 499.100006103516 530.799987792969 560 591.299987792969 623.799987792969 659.700012207031 689.599975585938 711.599975585938 739.5 767.599975585938 797.200012207031 827.5 855.299987792969 869.099975585938 869.900024414062 865.799987792969 860.799987792969 860.599975585938 862.200012207031
-3.4e+38 -3.4e+38 -3.4e+38 318.799987792969 321.700012207031 316.600006103516 334.600006103516 321.299987792969 309.799987792969 367.399993896484 327.100006103516 342.799987792969 375.299987792969 353.399993896484 339.600006103516 396.799987792969 341.100006103516 257.200012207031 261.799987792969 251.600006103516 237.300003051758 214.800003051758 206.899993896484 221.100006103516 240.899993896484 256.5 273.5 291 311.899993896484 345.100006103516 350.799987792969 372.399993896484 403.600006103516 427 453.399993896484 496.799987792969 529.799987792969 553.799987792969 583.400024414062 615.900024414062 652.599975585938 680.5 706.700012207031 738.599975585938 774.700012207031 807.900024414062 848.5 880.700012207031 888.400024414062 886.299987792969 880.799987792969 877.700012207031 877.700012207031 883.299987792969
-3.4e+38 -3.4e+38 -3.4e+38 344.899993896484 359.600006103516 343.600006103516 346.799987792969 344.600006103516 289.700012207031 386.899993896484 356.5 354 350.899993896484 368.899993896484 377.299987792969 325.899993896484 299.399993896484 276.299987792969 274.399993896484 262.5 248.399993896484 232.800003051758 220 224.399993896484 237.399993896484 254.300003051758 270.299987792969 287.299987792969 305.799987792969 331 346.899993896484 373.799987792969 396.700012207031 419.399993896484 448.600006103516 487.299987792969 521.799987792969 544.200012207031 575 603.799987792969 641 675.400024414062 707.299987792969 742 773.400024414062 810.599975585938 848.5 877.799987792969 889 889.099975585938 890.299987792969 892.299987792969 895.799987792969 902.5
-3.4e+38 -3.4e+38 -3.4e+38 353.100006103516 367.399993896484 360.600006103516 343.399993896484 342.799987792969 285.899993896484 372.399993896484 412.5 359.899993896484 352.100006103516 371.200012207031 423 379.899993896484 315.899993896484 298.299987792969 286 278.700012207031 269 264 250.300003051758 244.399993896484 247.600006103516 256.799987792969 268.600006103516 282.200012207031 304.299987792969 327.399993896484 345.399993896484 372.100006103516 392.399993896484 413.899993896484 441.100006103516 476.399993896484 513.299987792969 535.400024414062 562.400024414062 595 632.5 665.400024414062 700 734.599975585938 766.799987792969 802 834.900024414062 861.400024414062 881.599975585938 889.299987792969 895.599975585938 903.799987792969 912.200012207031 920.599975585938
-3.4e+38 -3.4e+38 -3.4e+38 -3.4e+38 357.899993896484 379.399993896484 372.600006103516 350.100006103516 344.5 416.899993896484 476.100006103516 419.799987792969 369.100006103516 386.600006103516 389.399993896484 422.799987792969 351.200012207031 318.399993896484 304.100006103516 302.200012207031 295.600006103516 289.100006103516 274.799987792969 262.700012207031 263.600006103516 270.5 278 287.100006103516 296.600006103516 319.399993896484 343.100006103516 369.100006103516 390.899993896484 425 438.100006103516 470.799987792969 496.600006103516 524.799987792969 552.099975585938 585 616.799987792969 648.099975585938 684.299987792969 719.5 753.799987792969 787.299987792969 820.099975585938 846.200012207031 870.200012207031 884.400024414062 896.799987792969 911.200012207031 923.900024414062 935.099975585938
-3.4e+38 -3.4e+38 -3.4e+38 341.100006103516 350.799987792969 371.799987792969 395.200012207031 403.299987792969 399.700012207031 488.799987792969 507.299987792969 469 409.299987792969 419.299987792969 402.799987792969 403 380.600006103516 336.799987792969 326.899993896484 324 314.700012207031 304.100006103516 287.100006103516 276.899993896484 272.799987792969 277.399993896484 286.600006103516 297.799987792969 306.100006103516 317.899993896484 339.100006103516 363.399993896484 383.600006103516 407.799987792969 438.399993896484 463.899993896484 484.299987792969 507.299987792969 534.200012207031 568.799987792969 601.099975585938 634.400024414062 671.599975585938 702.5 739.299987792969 772.400024414062 806.400024414062 837.599975585938 865.599975585938 884.799987792969 901.099975585938 918.099975585938 933 945.599975585938
-3.4e+38 -3.4e+38 384.200012207031 352.5 326.299987792969 388.100006103516 474.5 520.700012207031 488.399993896484 525.200012207031 469.700012207031 450.399993896484 418.200012207031 404.100006103516 417.399993896484 393.600006103516 375.899993896484 358.399993896484 337.5 333.399993896484 326.799987792969 316.200012207031 297.600006103516 287.100006103516 278.600006103516 281.100006103516 287.100006103516 298 314.799987792969 321 338.700012207031 359.100006103516 379.100006103516 408.600006103516 434.600006103516 458.200012207031 479.5 495.700012207031 520.400024414062 553.799987792969 586.299987792969 618.200012207031 651.5 687.900024414062 722.799987792969 760.5 792.5 825.900024414062 856.799987792969 884.900024414062 905.5 926.799987792969 945.400024414062 956.299987792969
-3.4e+38 -3.4e+38 426.100006103516 401.100006103516 383.799987792969 422.100006103516 475.399993896484 556.799987792969 522.599975585938 579.299987792969 513.200012207031 433.100006103516 446.700012207031 420.799987792969 429.899993896484 440.700012207031 406.899993896484 367.299987792969 348 340.700012207031 332.399993896484 321.5 306.600006103516 295.700012207031 283.799987792969 283 289.399993896484 303.600006103516 318 325.600006103516 340.600006103516 358 387.399993896484 409.5 434.100006103516 452.799987792969 470.100006103516 490.899993896484 511.799987792969 544.299987792969 571.900024414062 599.200012207031 633.299987792969 668.5 708.099975585938 747.900024414062 782.799987792969 816.900024414062 851.5 882.299987792969 906.400024414062 931 954.099975585938 967.299987792969
-3.4e+38 494.299987792969 482.600006103516 463.899993896484 449.200012207031 465.299987792969 513.599975585938 528.200012207031 562.799987792969 614.099975585938 581.299987792969 476.600006103516 438.600006103516 429.399993896484 423.899993896484 442.799987792969 393.799987792969 381.600006103516 361.799987792969 347.899993896484 336.299987792969 322.399993896484 310.100006103516 304.700012207031 297.799987792969 293.299987792969 298 306.299987792969 315.700012207031 328.799987792969 343.700012207031 360.200012207031 390.100006103516 413.100006103516 432.299987792969 450.799987792969 465.399993896484 485.299987792969 505 531.400024414062 556.099975585938 582.099975585938 618.400024414062 657.700012207031 697.900024414062 735.200012207031 773.099975585938 809 846.099975585938 880.299987792969 906.900024414062 932.700012207031 954.400024414062 973.799987792969
-3.4e+38 545.900024414062 541.599975585938 535.799987792969 527.400024414062 489.399993896484 499.299987792969 552.400024414062 618.799987792969 611.900024414062 556.799987792969 513.299987792969 445.399993896484 424.100006103516 416.600006103516 433.799987792969 414.899993896484 389.899993896484 364.200012207031 352.799987792969 337.200012207031 323.399993896484 311.399993896484 306.600006103516 303.299987792969 300.299987792969 300.600006103516 309 319.799987792969 333.100006103516 347.899993896484 362.200012207031 389.799987792969 413.899993896484 434.299987792969 448.299987792969 457.299987792969 480.799987792969 498.700012207031 521.299987792969 540.400024414062 565.799987792969 602.099975585938 643.400024414062 688.700012207031 729.099975585938 766.799987792969 804.5 843.599975585938 875.599975585938 903.400024414062 929.900024414062 953.599975585938 971.900024414062
-3.4e+38 621 599.700012207031 582.700012207031 596.200012207031 589.599975585938 618.700012207031 649.299987792969 660.099975585938 593 519.700012207031 480.799987792969 450 422 430.700012207031 434.899993896484 415.200012207031 378.600006103516 355.600006103516 344.100006103516 332.200012207031 319 304.600006103516 302.200012207031 301.299987792969 304.299987792969 306.299987792969 314.899993896484 327.200012207031 342.100006103516 354.5 365.200012207031 392.399993896484 412.899993896484 432.399993896484 443.399993896484 452.899993896484 477.5 496.399993896484 510.100006103516 523.5 548.799987792969 587.599975585938 631.599975585938 679.599975585938 722.799987792969 763.799987792969 803.900024414062 842.099975585938 874.599975585938 902.200012207031 927.299987792969 950.299987792969 970.400024414062
-3.4e+38 658.299987792969 645.599975585938 619 619.700012207031 634.799987792969 707.099975585938 705.400024414062 656.099975585938 593.400024414062 526.200012207031 466.600006103516 464.600006103516 441.899993896484 452.299987792969 442.299987792969 411.399993896484 385.899993896484 364.299987792969 346.899993896484 333 324.799987792969 306.399993896484 301.200012207031 301.700012207031 304.200012207031 310.700012207031 317.299987792969 327.799987792969 345.299987792969 356.600006103516 371.700012207031 389.5 407.700012207031 426 438.299987792969 452.5 475.299987792969 495.600006103516 506.600006103516 520.700012207031 538 579.799987792969 629.599975585938 677.5 721.799987792969 763.799987792969 805.099975585938 845.200012207031 876.700012207031 903.599975585938 928.599975585938 947.599975585938 964.799987792969
676.099975585938 667.099975585938 662.900024414062 641.900024414062 642.700012207031 648.099975585938 701.5 689.400024414062 659 599.099975585938 528.099975585938 471.299987792969 454 464.200012207031 452.200012207031 429.899993896484 401.700012207031 377.399993896484 361.200012207031 348.600006103516 334.600006103516 322.299987792969 315.5 305.5 309.299987792969 311.100006103516 316.399993896484 323.200012207031 333.899993896484 347.5 363.399993896484 371.200012207031 391.200012207031 413.600006103516 427.899993896484 439.299987792969 455.799987792969 479.100006103516 496.399993896484 510.899993896484 527.900024414062 551.900024414062 588.400024414062 632.900024414062 680.400024414062 724.400024414062 768.299987792969 809.599975585938 847.299987792969 878.700012207031 907 926.099975585938 944.799987792969 959.900024414062
665.900024414062 661.700012207031 668.200012207031 657.099975585938 659.900024414062 659.400024414062 680.799987792969 685.299987792969 666.599975585938 597.599975585938 533.400024414062 493.100006103516 482.700012207031 490.700012207031 461 421.399993896484 401.100006103516 403.299987792969 390.899993896484 351.899993896484 332.299987792969 326.600006103516 321.200012207031 306.899993896484 305.899993896484 317.600006103516 323.100006103516 321.799987792969 331.299987792969 348.600006103516 361.200012207031 373.299987792969 397.399993896484 415.600006103516 428.899993896484 444.799987792969 465.299987792969 486.899993896484 507.299987792969 526.799987792969 546.200012207031 572.799987792969 605 647.799987792969 688.200012207031 730.799987792969 774.299987792969 814.900024414062 851.400024414062 882.400024414062 906.799987792969 922.400024414062 935.200012207031 944.900024414062
669.799987792969 672 682.599975585938 684.700012207031 711.099975585938 714.799987792969 686.099975585938 695.099975585938 653.700012207031 558.799987792969 529.400024414062 505.700012207031 501.399993896484 508.600006103516 475 421.200012207031 407.899993896484 399.100006103516 370.299987792969 347.799987792969 335.5 327.200012207031 318.399993896484 307.299987792969 307.5 313.899993896484 321.299987792969 320.100006103516 328.799987792969 343.399993896484 360.799987792969 374.799987792969 401.100006103516 419.100006103516 432.899993896484 452 472.899993896484 499.700012207031 520.5 543.400024414062 565.599975585938 591.400024414062 622.099975585938 659.400024414062 696.299987792969 738.5 780.799987792969 821.299987792969 857.599975585938 887.299987792969 910.299987792969 918.799987792969 921.700012207031 921.200012207031
