data/layers/future_layer_mc_585_60/bio13.asc
NCOLS 494 
NROWS 529 
XLLCORNER -117.166666666667 
YLLCORNER -55.5 
CELLSIZE 0.166666666666667 
NODATA_value -3.4e+38 
[rows 264 to 287 of 529, columns 324 to 377 of 494]
265.5 267.200012207031 272.299987792969 279 291.100006103516 303.600006103516 315.100006103516 326.600006103516 341 360.100006103516 367.799987792969 354.899993896484 344.600006103516 336.299987792969 330.399993896484 327.100006103516 326.799987792969 327 326.799987792969 326.399993896484 327.299987792969 325.799987792969 322.899993896484 320.600006103516 315.899993896484 312.600006103516 314.200012207031 316.399993896484 317.299987792969 318.799987792969 322 325.399993896484 328.899993896484 330.700012207031 333.600006103516 333.600006103516 331.200012207031 325.399993896484 318.799987792969 310.600006103516 304.200012207031 303.600006103516 303.799987792969 304.100006103516 303.5 298.600006103516 301.899993896484 306.100006103516 305.799987792969 307.799987792969 311.100006103516 318.299987792969 325.200012207031 330.399993896484
261.299987792969 263.799987792969 267.899993896484 273.899993896484 280.600006103516 288.600006103516 295.5 300.799987792969 311.799987792969 331.600006103516 341.600006103516 337.600006103516 330.399993896484 324.299987792969 320.5 320.700012207031 320.799987792969 323.100006103516 323.799987792969 326.399993896484 326.799987792969 327.299987792969 325.899993896484 322.600006103516 317.899993896484 312.799987792969 312.399993896484 315.600006103516 318 321.399993896484 324.600006103516 328.799987792969 332.899993896484 337.799987792969 340.600006103516 339.399993896484 335 327.100006103516 321 316.100006103516 309.100006103516 308.5 309.600006103516 309 303.5 300.100006103516 308.700012207031 310.100006103516 309.899993896484 310.600006103516 312.5 316.299987792969 321.5 325.100006103516
259.299987792969 262.399993896484 266 269.100006103516 272.399993896484 275.899993896484 278.399993896484 277.600006103516 281.799987792969 301.200012207031 313.600006103516 315.899993896484 314 310.100006103516 312.100006103516 316.100006103516 318.600006103516 320.899993896484 323.100006103516 325.899993896484 328.100006103516 328.899993896484 329.399993896484 325.899993896484 321 317.299987792969 314.299987792969 314.799987792969 318.299987792969 322.700012207031 326.399993896484 330.600006103516 334.600006103516 339.200012207031 341.200012207031 341.799987792969 339.100006103516 335.899993896484 336.299987792969 338.399993896484 329.299987792969 321.100006103516 319.5 314.399993896484 307.399993896484 307.100006103516 316.100006103516 313.799987792969 311.799987792969 311.100006103516 313 314.899993896484 317.200012207031 317.399993896484
256.700012207031 259.399993896484 262.100006103516 263.299987792969 266.299987792969 267.299987792969 268.899993896484 269.200012207031 272.100006103516 282.799987792969 293.799987792969 298.799987792969 299.100006103516 300.600006103516 306.5 312.600006103516 316.799987792969 320.100006103516 324.799987792969 327.200012207031 329.600006103516 331.399993896484 331.299987792969 328.899993896484 324.600006103516 320.399993896484 318.799987792969 320.100006103516 321.600006103516 326.299987792969 327.799987792969 330.799987792969 334.799987792969 339.799987792969 342.399993896484 343.299987792969 342.899993896484 347.600006103516 358.799987792969 369.600006103516 363.100006103516 343.899993896484 330.299987792969 322.899993896484 318.200012207031 313.600006103516 313.399993896484 312.600006103516 312.100006103516 311.200012207031 312.200012207031 311.799987792969 312.899993896484 313.299987792969
253.399993896484 255.800003051758 257.299987792969 259.200012207031 259.899993896484 262.200012207031 263.5 264.600006103516 268.5 274.299987792969 282 285.899993896484 289.100006103516 292 298.399993896484 306.5 312.700012207031 318.100006103516 324.600006103516 329.799987792969 334.399993896484 333.600006103516 332.200012207031 330.700012207031 327.200012207031 324.200012207031 322.899993896484 323.399993896484 325.700012207031 327.899993896484 331.299987792969 333.899993896484 335.899993896484 340.100006103516 345.100006103516 346.700012207031 351.100006103516 365.899993896484 381.600006103516 395.700012207031 394.899993896484 369.899993896484 342.799987792969 334.100006103516 329.899993896484 321.5 317 311.799987792969 309.899993896484 309.899993896484 308.200012207031 308.200012207031 309.399993896484 308.700012207031
251.5 253 255.300003051758 256.899993896484 258.600006103516 259.799987792969 261.200012207031 263.100006103516 266.799987792969 270.399993896484 274.5 278 282 285.799987792969 291.399993896484 299 307.100006103516 313.299987792969 321.200012207031 327.899993896484 332.600006103516 331 329.799987792969 329.600006103516 329.600006103516 328.200012207031 328.200012207031 327.600006103516 327.899993896484 331.299987792969 332.799987792969 335.600006103516 338.100006103516 339.899993896484 345.100006103516 351.799987792969 358.600006103516 376.299987792969 397.399993896484 416.399993896484 413.100006103516 382.700012207031 354.5 342.299987792969 338.299987792969 330.200012207031 323.200012207031 317.600006103516 311.100006103516 307.399993896484 306.600006103516 306.299987792969 305.799987792969 305.700012207031
249 251.100006103516 254.199996948242 255.399993896484 256.899993896484 257.600006103516 260.899993896484 262.700012207031 265.299987792969 269.100006103516 271.100006103516 274.200012207031 275.299987792969 281.399993896484 288.600006103516 295.299987792969 301.399993896484 307.799987792969 314.700012207031 320.5 323.299987792969 328.5 330 329.5 330.799987792969 331.100006103516 331.600006103516 331.600006103516 331.299987792969 335.299987792969 336.299987792969 336.700012207031 338 338.100006103516 342.5 351.799987792969 359.600006103516 374.399993896484 392.799987792969 398.399993896484 392.299987792969 376.200012207031 358.899993896484 355 344.700012207031 337.600006103516 330.700012207031 324.399993896484 316.799987792969 312.700012207031 307.399993896484 303.299987792969 303.100006103516 302.100006103516
249.199996948242 251.199996948242 253.899993896484 255.300003051758 255.800003051758 257.5 261.100006103516 262.700012207031 264.299987792969 268.799987792969 273 275.799987792969 278.5 284.200012207031 290.299987792969 296.399993896484 299.399993896484 302.200012207031 308.899993896484 313 319.600006103516 323.600006103516 327.899993896484 329.700012207031 332.5 333.100006103516 334.200012207031 334.899993896484 334.399993896484 337.399993896484 338.600006103516 338.799987792969 337.600006103516 336.899993896484 340.600006103516 349.5 357.299987792969 366.200012207031 381.299987792969 385.700012207031 377.299987792969 369.899993896484 363 361.899993896484 352.700012207031 345.5 336.899993896484 327.799987792969 321.399993896484 314.299987792969 308.899993896484 303.799987792969 299.799987792969 297
247.899993896484 251 252.800003051758 254.199996948242 255.399993896484 257.899993896484 261.100006103516 264.299987792969 265.899993896484 271.799987792969 276.799987792969 280.799987792969 285.200012207031 292.5 296.200012207031 300.399993896484 300.399993896484 301.600006103516 312.399993896484 311.799987792969 317.399993896484 322.899993896484 328.100006103516 329.899993896484 332.899993896484 334.600006103516 338.399993896484 337.899993896484 336.600006103516 339.600006103516 340.700012207031 339.600006103516 338.399993896484 335.5 338 345.899993896484 353.600006103516 355.299987792969 362.899993896484 367.100006103516 370.600006103516 373.5 370.299987792969 367.100006103516 359 350.799987792969 342 330.600006103516 323.799987792969 315.100006103516 310.100006103516 304.299987792969 299.100006103516 296.799987792969
246.600006103516 249.199996948242 251.5 253.399993896484 254.699996948242 256.899993896484 260.100006103516 263.399993896484 267.700012207031 273.799987792969 282.299987792969 288.799987792969 294.799987792969 302.299987792969 306.299987792969 306.100006103516 307.799987792969 306.600006103516 312.299987792969 314.299987792969 316.399993896484 321.899993896484 327.899993896484 330.799987792969 334.899993896484 336.700012207031 340.899993896484 340.5 339.200012207031 340 341.600006103516 339.700012207031 338.299987792969 336.299987792969 337.700012207031 340.600006103516 347.399993896484 352.100006103516 355.399993896484 361.299987792969 368.600006103516 375.299987792969 377.799987792969 374.100006103516 363.799987792969 354 344.600006103516 334.299987792969 324 317.299987792969 309.799987792969 304.600006103516 298.600006103516 297
244.399993896484 246.100006103516 248.899993896484 251.600006103516 252.899993896484 256 257.799987792969 262.799987792969 269.200012207031 275.5 283.799987792969 293.5 304.399993896484 313.600006103516 316.799987792969 315.799987792969 315.299987792969 313.899993896484 311.600006103516 314.600006103516 317.5 322.299987792969 326.799987792969 329.899993896484 336.299987792969 338.899993896484 340.700012207031 339.799987792969 341 341.799987792969 342.100006103516 341.399993896484 340 337.700012207031 333.5 335.899993896484 342.100006103516 345.600006103516 349 356 359.899993896484 368.200012207031 378.899993896484 378.899993896484 365.600006103516 352.899993896484 345.5 335.100006103516 323.799987792969 317.299987792969 309.100006103516 303.799987792969 298.299987792969 296.799987792969
241.800003051758 244.399993896484 246.600006103516 249.300003051758 251.600006103516 255.300003051758 258.399993896484 264.700012207031 270.899993896484 277.399993896484 285.799987792969 296.100006103516 308.899993896484 320.600006103516 327.899993896484 321.399993896484 319.5 314.5 313.600006103516 315.299987792969 317.799987792969 321.200012207031 324.399993896484 330.299987792969 334.5 336.700012207031 340.700012207031 339.899993896484 343.100006103516 341.600006103516 342.200012207031 340.899993896484 339.700012207031 337.899993896484 333.799987792969 331.100006103516 333.700012207031 338.799987792969 343.299987792969 347.600006103516 355.399993896484 358.600006103516 371.200012207031 371.299987792969 361.399993896484 345.799987792969 341.299987792969 332.899993896484 322.899993896484 315.299987792969 307.299987792969 301.899993896484 298.799987792969 297.799987792969
238.899993896484 241.600006103516 243.300003051758 246.199996948242 250.699996948242 254.600006103516 257.799987792969 263.399993896484 269.799987792969 276.399993896484 286.299987792969 295.600006103516 306.399993896484 317.299987792969 324.200012207031 321.899993896484 318.700012207031 314.399993896484 314 314.5 317.399993896484 319.399993896484 323 327.399993896484 332 333.799987792969 338.399993896484 339.100006103516 341.799987792969 341.200012207031 341.399993896484 341.299987792969 340.399993896484 338.899993896484 336.899993896484 330.700012207031 328.899993896484 332.700012207031 336.899993896484 338.899993896484 345.399993896484 351.799987792969 358.799987792969 355.799987792969 347.5 340 329.600006103516 327.100006103516 319.700012207031 312.399993896484 307.100006103516 301.299987792969 302.399993896484 300.100006103516
236.600006103516 239.199996948242 241.800003051758 244.199996948242 247.899993896484 252.800003051758 256.600006103516 261.5 267.299987792969 273.100006103516 281.100006103516 289.899993896484 298.899993896484 307.799987792969 315.5 313.799987792969 313.100006103516 312.299987792969 310.799987792969 312.899993896484 315.799987792969 318.100006103516 321.299987792969 323.100006103516 328.100006103516 330.799987792969 333.899993896484 336.899993896484 339.200012207031 342.100006103516 343.100006103516 342.600006103516 341.299987792969 340.799987792969 336.799987792969 331.899993896484 327.799987792969 326.100006103516 326.799987792969 330.100006103516 332.899993896484 337.399993896484 342.799987792969 341 336 329.399993896484 323.700012207031 316.899993896484 313.5 310 305.399993896484 301.100006103516 302.299987792969 302
234.600006103516 236.800003051758 239.600006103516 240.899993896484 243.600006103516 248.100006103516 252.100006103516 257.600006103516 264.200012207031 270.799987792969 278.299987792969 284.799987792969 291.799987792969 296.600006103516 302.299987792969 304.700012207031 306.5 308.299987792969 306.899993896484 310.100006103516 312.799987792969 315.700012207031 317.799987792969 320.299987792969 322.799987792969 327.700012207031 330.100006103516 334.799987792969 337.700012207031 341.100006103516 342.5 342.600006103516 342.899993896484 342.399993896484 339.299987792969 334.600006103516 328.100006103516 322.200012207031 318.399993896484 320.100006103516 320.799987792969 324.700012207031 326.299987792969 326.899993896484 324.399993896484 320.299987792969 316.299987792969 311.600006103516 305.200012207031 304.299987792969 304.700012207031 301 302.799987792969 302.299987792969
233.699996948242 234.600006103516 236.100006103516 237.699996948242 239.800003051758 244.100006103516 248.399993896484 253.5 259.200012207031 265.899993896484 270.5 277.399993896484 283.600006103516 288.200012207031 292.5 296.399993896484 297.899993896484 300.299987792969 303.799987792969 304.799987792969 306.600006103516 310.600006103516 313.5 315.700012207031 318.600006103516 322.299987792969 325.899993896484 332.399993896484 335.700012207031 338 340 340.899993896484 342.600006103516 343.799987792969 339.899993896484 335.100006103516 326.700012207031 319.100006103516 312.700012207031 309.799987792969 306.399993896484 308.5 313.899993896484 312.700012207031 314.700012207031 310 307.600006103516 304.5 299.5 298.299987792969 303.799987792969 301.799987792969 304 305.100006103516
230.899993896484 231 232 234.100006103516 235.600006103516 239.199996948242 243.100006103516 248.300003051758 252.800003051758 258.299987792969 264.399993896484 269.299987792969 275.100006103516 280.100006103516 284.399993896484 287.899993896484 290.899993896484 294 296.799987792969 300.100006103516 300.100006103516 303.299987792969 309.899993896484 311.399993896484 314.100006103516 319.600006103516 324.100006103516 327.5 329.5 331.899993896484 335.600006103516 337.799987792969 342.100006103516 343.299987792969 339.600006103516 330.600006103516 322 312.600006103516 305.899993896484 302.799987792969 297.200012207031 293.100006103516 293.399993896484 295.200012207031 295.200012207031 295.299987792969 299.200012207031 297.299987792969 294.299987792969 296.600006103516 299.799987792969 302.899993896484 305.799987792969 309.299987792969
228.600006103516 228.100006103516 228.5 229.800003051758 231.600006103516 234.899993896484 238.300003051758 242.199996948242 246.600006103516 251.800003051758 256.899993896484 260.899993896484 266.399993896484 271.399993896484 277.799987792969 278.899993896484 283.399993896484 286.100006103516 288.5 290.799987792969 294.100006103516 298.5 305 307.100006103516 311.100006103516 314.299987792969 317.600006103516 319.600006103516 323.100006103516 325 329.600006103516 332.5 335.799987792969 335.200012207031 326.5 315.799987792969 309.799987792969 301.700012207031 296.100006103516 295 289.600006103516 281.200012207031 278.5 280.899993896484 282.5 285.200012207031 286.600006103516 287.799987792969 291.5 294.399993896484 298.5 303.399993896484 305.899993896484 310.299987792969
226.5 224.100006103516 224.399993896484 224.600006103516 226.199996948242 229.300003051758 232.300003051758 236.300003051758 240.600006103516 245.300003051758 249 253.600006103516 258.399993896484 262.899993896484 268.799987792969 271.5 272.299987792969 279.200012207031 280.399993896484 284.600006103516 288.100006103516 292.799987792969 299.399993896484 303.600006103516 306.399993896484 309.200012207031 311.299987792969 315.799987792969 316.399993896484 319.299987792969 321.399993896484 322.899993896484 317.399993896484 310.399993896484 305.399993896484 299.299987792969 294.200012207031 286.600006103516 281.299987792969 279.5 273.799987792969 269.600006103516 265.100006103516 265.399993896484 268.299987792969 268.200012207031 274.299987792969 281.600006103516 287.899993896484 294.600006103516 300.399993896484 306.399993896484 312.600006103516 320.100006103516
222.899993896484 220.5 219.800003051758 219.800003051758 221.399993896484 223.100006103516 226.100006103516 230 233.699996948242 238.5 241.600006103516 246.199996948242 250.300003051758 254.899993896484 260.200012207031 264.200012207031 266 270.399993896484 274.100006103516 278.799987792969 282.100006103516 285.100006103516 290.799987792969 298.399993896484 301.299987792969 305.600006103516 305.899993896484 310.200012207031 311.899993896484 312.299987792969 309.899993896484 304.899993896484 299.200012207031 296.399993896484 294.200012207031 288.100006103516 277 263.799987792969 254.699996948242 251.600006103516 252.699996948242 248.600006103516 240.100006103516 244.300003051758 252.600006103516 262.899993896484 271.100006103516 283.5 289 298.299987792969 306.100006103516 315.299987792969 328.700012207031 347.100006103516
218.399993896484 216 214.100006103516 214.100006103516 215.899993896484 216.899993896484 220.800003051758 224.5 227.5 231.5 235.5 238.899993896484 244 248.199996948242 250.399993896484 256.299987792969 262.700012207031 264.799987792969 267.799987792969 272.100006103516 277.899993896484 278.600006103516 280.899993896484 289.100006103516 295.200012207031 298.5 303.200012207031 303.100006103516 304.700012207031 303.100006103516 298.600006103516 291.899993896484 284.100006103516 282.799987792969 274.799987792969 264.5 254.300003051758 243 233.600006103516 228.899993896484 218.600006103516 213.399993896484 218.100006103516 228.800003051758 239.800003051758 251.600006103516 262.600006103516 273.200012207031 283.299987792969 295.600006103516 310.899993896484 327.100006103516 347.600006103516 363.299987792969
213.600006103516 210.800003051758 209.100006103516 209.899993896484 210.899993896484 212.199996948242 214.899993896484 218.800003051758 222.199996948242 225.600006103516 229.5 233.300003051758 237.899993896484 240.899993896484 243.800003051758 247.399993896484 252.899993896484 260.299987792969 264.799987792969 265.799987792969 270.799987792969 276.899993896484 276.700012207031 281.899993896484 289.200012207031 291.299987792969 295.399993896484 296.299987792969 297.299987792969 295.600006103516 291.600006103516 282 273.299987792969 269.799987792969 261.299987792969 249.100006103516 237.100006103516 223.399993896484 213.199996948242 200.399993896484 187.300003051758 192.600006103516 204.899993896484 218.399993896484 228.600006103516 244.399993896484 261.299987792969 275.299987792969 284.299987792969 295.899993896484 315.299987792969 335.5 349.299987792969 360.100006103516
209.800003051758 205.699996948242 204.300003051758 203.899993896484 205.300003051758 206.899993896484 210.100006103516 213.800003051758 217.100006103516 219.800003051758 223 226.600006103516 231.5 235.100006103516 239.399993896484 243.899993896484 248.300003051758 254.600006103516 260.299987792969 262 268.399993896484 272.299987792969 277 278.399993896484 281.5 286.899993896484 288.899993896484 290.100006103516 288.5 289.100006103516 283.399993896484 274.899993896484 265.399993896484 259.399993896484 251.399993896484 238.699996948242 223.800003051758 211.399993896484 198.600006103516 181.300003051758 173.800003051758 187.399993896484 211.100006103516 216.899993896484 227.300003051758 240.600006103516 255.5 273.799987792969 296.399993896484 307.799987792969 319.5 330 338.700012207031 347
205.5 200 198.100006103516 197.899993896484 200.199996948242 202.300003051758 205.199996948242 208.399993896484 211.399993896484 214.199996948242 217.100006103516 221.100006103516 226.100006103516 232.399993896484 235.5 241.300003051758 247.699996948242 252.100006103516 256.299987792969 261.799987792969 267.100006103516 270.100006103516 273.600006103516 275.5 277.799987792969 283.100006103516 282.799987792969 283.100006103516 280.899993896484 278.399993896484 272.399993896484 266.200012207031 259.299987792969 251.699996948242 243.300003051758 230.600006103516 218.699996948242 212.300003051758 204.800003051758 178.899993896484 171.899993896484 177.300003051758 197.899993896484 220.600006103516 234.399993896484 242.899993896484 257.200012207031 273.399993896484 292 302.700012207031 311.700012207031 320.799987792969 332.700012207031 337.899993896484
