data/layers/future_layer_mc_585_60/bio17.asc
NCOLS 494 
NROWS 529 
XLLCORNER -117.166666666667 
YLLCORNER -55.5 
CELLSIZE 0.166666666666667 
NODATA_value -3.4e+38 
[rows 240 to 263 of 529, columns 378 to 431 of 494]
71.5 72.9000015258789 73.0999984741211 72.8000030517578 74.9000015258789 75.5999984741211 75.3000030517578 75.9000015258789 77.4000015258789 78.5999984741211 80 82.5999984741211 82.0999984741211 80.9000015258789 79.5999984741211 79.1999969482422 78.5999984741211 78.4000015258789 79.3000030517578 83.0999984741211 89.6999969482422 90.3000030517578 89.8000030517578 88.0999984741211 84.5 80.8000030517578 79.0999984741211 77.5999984741211 76.1999969482422 73.0999984741211 72.5 71.6999969482422 69.3000030517578 67.0999984741211 64.5 65.9000015258789 59.0999984741211 54.7999992370605 49.4000015258789 42.7999992370605 40.7000007629395 38.0999984741211 35.4000015258789 34.2999992370605 32.2999992370605 29.1000003814697 27.3999996185303 22.1000003814697 17.6000003814697 17 15.3999996185303 14.1000003814697 14.1999998092651 11.3999996185303
69.0999984741211 69.1999969482422 69 69.8000030517578 71.3000030517578 72.4000015258789 71.9000015258789 72.4000015258789 73.6999969482422 74.4000015258789 75 78.0999984741211 76.5999984741211 74.8000030517578 76.3000030517578 73.0999984741211 72.8000030517578 72.0999984741211 75.0999984741211 79.3000030517578 82.4000015258789 82.4000015258789 82.3000030517578 77.8000030517578 76.5999984741211 75.0999984741211 76.8000030517578 74.5999984741211 69.0999984741211 70.5999984741211 67.4000015258789 65.8000030517578 64.5999984741211 63.5999984741211 61.4000015258789 60.7999992370605 53.7999992370605 49.2000007629395 45 40.2999992370605 37.9000015258789 34.9000015258789 29.6000003814697 25.3999996185303 24.7000007629395 23.6000003814697 23.2999992370605 18.8999996185303 14.8000001907349 14.6000003814697 14.1999998092651 12.8999996185303 9.80000019073486 8.30000019073486
65.5999984741211 65.9000015258789 66 67 67.8000030517578 68.8000030517578 69.5 69.3000030517578 70.5999984741211 70.9000015258789 70.4000015258789 70.3000030517578 68.8000030517578 68.9000015258789 75.6999969482422 72.3000030517578 67.8000030517578 66.3000030517578 67 67.8000030517578 72.8000030517578 73.5999984741211 72 70 69.5999984741211 69.4000015258789 70.5999984741211 66.8000030517578 64.8000030517578 63.4000015258789 62.5 61.5999984741211 59.9000015258789 59.5 58.2000007629395 56.2999992370605 50.0999984741211 45.7999992370605 42.7999992370605 38.5999984741211 35.7999992370605 33.4000015258789 27.7999992370605 20.7999992370605 19.2000007629395 20.2999992370605 21.3999996185303 17.2999992370605 14.6000003814697 13 12.8000001907349 11.8000001907349 8.30000019073486 9.89999961853027
62.7999992370605 62.4000015258789 62.7000007629395 62.9000015258789 64.3000030517578 64.8000030517578 65.6999969482422 64.9000015258789 65.5999984741211 65.9000015258789 65.8000030517578 64.5999984741211 64.1999969482422 65.4000015258789 65.4000015258789 65.6999969482422 61.5999984741211 59.5 59.7999992370605 61.0999984741211 64.5999984741211 65 63.2999992370605 62 63.9000015258789 63.5 61.4000015258789 58.4000015258789 58.4000015258789 57.2999992370605 56.4000015258789 55.2999992370605 54.5 55.7000007629395 53.4000015258789 50.7000007629395 44.9000015258789 41.2000007629395 38.5999984741211 35.0999984741211 32.2999992370605 28.7999992370605 25.6000003814697 22.1000003814697 19.2000007629395 17.8999996185303 18.2999992370605 15.3999996185303 14.1000003814697 12.6000003814697 12.3000001907349 9.39999961853027 9 8.39999961853027
60.0999984741211 59.0999984741211 59.4000015258789 59.4000015258789 60 61.4000015258789 62.2999992370605 62.0999984741211 60.4000015258789 59.7000007629395 59.9000015258789 60.5 62.5 61.4000015258789 59.7999992370605 58.5999984741211 56.2999992370605 56 57.9000015258789 58.5999984741211 61.9000015258789 61.4000015258789 59.5 59.7000007629395 59.7999992370605 58.4000015258789 55.5 52.9000015258789 51 48.4000015258789 50 50.5 51.4000015258789 50.5999984741211 49.2999992370605 45.0999984741211 40 37.5999984741211 35.5 32.0999984741211 29.2999992370605 26.1000003814697 23.3999996185303 20.2000007629395 19.8999996185303 19.1000003814697 16.8999996185303 14.8999996185303 13.8999996185303 12.1000003814697 11.6000003814697 10 9.5 9.89999961853027
57.5999984741211 55.9000015258789 55.5999984741211 55.7999992370605 56.0999984741211 57 57.2000007629395 57.2000007629395 56.0999984741211 56.4000015258789 56 57.7999992370605 61.7999992370605 58.9000015258789 55.9000015258789 53.4000015258789 52.7999992370605 53.9000015258789 55.9000015258789 55.2999992370605 57.0999984741211 55.4000015258789 54.5999984741211 55 53.5999984741211 53.7999992370605 49.0999984741211 48 47.0999984741211 43.4000015258789 43.7999992370605 45.4000015258789 45.4000015258789 43.9000015258789 41.9000015258789 40 35.0999984741211 32.5999984741211 31.7000007629395 30 28 24.3999996185303 22.3999996185303 19.7999992370605 21.1000003814697 19.1000003814697 16.5 14 12.8000001907349 10.3000001907349 10.1000003814697 9.60000038146973 9.39999961853027 9.69999980926514
54.2999992370605 53.2000007629395 53.2999992370605 52.2000007629395 52.0999984741211 53.7000007629395 53.2999992370605 54.2999992370605 52.7999992370605 53.5999984741211 53.4000015258789 54.2999992370605 55.7999992370605 54.7000007629395 52.2000007629395 50.5999984741211 50.4000015258789 51.2999992370605 52.2999992370605 53.4000015258789 52 51.2000007629395 51 50.2000007629395 48.4000015258789 49.7000007629395 47.2999992370605 44.4000015258789 42.5999984741211 40.2000007629395 40.7999992370605 40.4000015258789 40.4000015258789 38.0999984741211 38 36.2000007629395 29.8999996185303 28.6000003814697 27.2999992370605 26.5 25 22.2000007629395 20.6000003814697 19.6000003814697 21.7999992370605 18.3999996185303 15.8000001907349 13.5 13.1000003814697 10.8999996185303 8.10000038146973 9.30000019073486 10.1000003814697 9.30000019073486
52.4000015258789 51.2999992370605 50.2999992370605 49.2999992370605 49.4000015258789 49.7999992370605 49.9000015258789 51.0999984741211 50.0999984741211 49.5999984741211 49.2999992370605 49.4000015258789 49.7999992370605 48.7999992370605 48.4000015258789 48.5999984741211 49 49.5999984741211 49.2999992370605 48.9000015258789 49.0999984741211 48.9000015258789 48.2000007629395 46.0999984741211 44 46.5999984741211 42.5999984741211 38.9000015258789 38 38.0999984741211 37.2000007629395 36.7000007629395 35.4000015258789 34 29.8999996185303 29.8999996185303 26.6000003814697 25.3999996185303 24.3999996185303 23.3999996185303 21.8999996185303 19.8999996185303 18.3999996185303 20.2999992370605 21.7000007629395 17.5 14.1999998092651 12.6000003814697 11.8000001907349 9.10000038146973 7.19999980926514 7.90000009536743 8.39999961853027 8.30000019073486
49.5999984741211 49 48.0999984741211 47.9000015258789 47.7000007629395 47.0999984741211 47.7000007629395 47.4000015258789 47.2000007629395 46.7999992370605 46.4000015258789 46.4000015258789 47.9000015258789 46.7000007629395 46.5 45.0999984741211 45.7999992370605 46.7999992370605 46.4000015258789 45.9000015258789 45.2999992370605 45.0999984741211 44.2000007629395 41.4000015258789 39.7000007629395 40.5999984741211 39.2999992370605 36.2000007629395 36.7000007629395 35.4000015258789 33.2000007629395 32.4000015258789 31.1000003814697 30.2999992370605 26.7999992370605 25.8999996185303 22.8999996185303 22.3999996185303 21.2000007629395 20.3999996185303 19.3999996185303 18.7000007629395 18 17.8999996185303 17.6000003814697 15.3000001907349 12.8000001907349 11.5 9.39999961853027 7.59999990463257 7.59999990463257 9 8.10000038146973 8.5
46.9000015258789 46.9000015258789 46.9000015258789 45.7999992370605 45.5 45.5 45.2000007629395 44.0999984741211 44.0999984741211 44.0999984741211 43.5999984741211 43.0999984741211 42.4000015258789 44.2999992370605 44.5 44.4000015258789 42.4000015258789 42.5 41.7999992370605 42.7999992370605 42.2999992370605 41.9000015258789 41.5 40.0999984741211 38.0999984741211 37.2999992370605 34.2000007629395 34.4000015258789 33.2999992370605 32.5999984741211 30.7999992370605 29.6000003814697 28.2000007629395 27.6000003814697 25.7999992370605 23.5 21.2999992370605 19.3999996185303 18.7999992370605 18.1000003814697 16.6000003814697 16 15.8000001907349 16.6000003814697 14.8000001907349 13.8999996185303 13.1999998092651 9.89999961853027 7.90000009536743 7.59999990463257 8.69999980926514 8.80000019073486 8.69999980926514 7.40000009536743
44.7000007629395 44.5999984741211 44 43.7999992370605 42.7999992370605 43.2999992370605 42.4000015258789 42.0999984741211 41.2999992370605 41.9000015258789 41.4000015258789 41.2999992370605 40.2999992370605 40.9000015258789 41.9000015258789 40.2999992370605 39.9000015258789 40.0999984741211 39.9000015258789 39.0999984741211 38.7999992370605 38.0999984741211 37.2000007629395 38.5999984741211 35.9000015258789 33.7000007629395 32.9000015258789 34 31.1000003814697 30.5 28.8999996185303 27.3999996185303 25.7000007629395 25.2000007629395 24.1000003814697 21.7000007629395 20.2000007629395 17.8999996185303 17.5 16.7999992370605 15.3999996185303 14.3999996185303 14.3999996185303 13.8999996185303 12.3000001907349 11.1000003814697 9.89999961853027 9.30000019073486 8.30000019073486 9 10.3000001907349 9.39999961853027 8.19999980926514 7.5
43.2999992370605 42.5999984741211 41.7000007629395 40.9000015258789 40 40.2000007629395 39.5 39.5 39 39.5999984741211 39.5 38.9000015258789 38.0999984741211 38.7999992370605 39.4000015258789 38.4000015258789 38.4000015258789 37.7000007629395 37.4000015258789 37.5 36.5 34.0999984741211 35.2999992370605 35.2000007629395 33.9000015258789 31.8999996185303 30.6000003814697 30.5 29.6000003814697 28.5 27.2999992370605 25.2999992370605 24.1000003814697 23.2999992370605 22.3999996185303 20.6000003814697 20.2999992370605 17.2999992370605 15.5 15 14.1000003814697 13.6000003814697 12.8999996185303 11.3999996185303 11.1000003814697 9.30000019073486 8.5 8.30000019073486 9.39999961853027 9.60000038146973 11.1000003814697 9.60000038146973 7.59999990463257 6.19999980926514
40.9000015258789 40 39.7000007629395 38.0999984741211 38.0999984741211 37.5 37.5999984741211 37.0999984741211 36.9000015258789 37.0999984741211 36.9000015258789 35.9000015258789 35.9000015258789 35.9000015258789 36.7000007629395 36 36.5 36.7000007629395 37 36.2000007629395 33.5 31.7999992370605 32.7000007629395 31.1000003814697 29.7999992370605 30.1000003814697 28.7999992370605 29.3999996185303 28 25.8999996185303 25.2000007629395 23.8999996185303 22.8999996185303 21.8999996185303 19.8999996185303 19.7000007629395 19.6000003814697 16.3999996185303 15.8999996185303 14.8000001907349 13.8000001907349 12.8999996185303 11.3000001907349 10.1999998092651 9.60000038146973 9 8.30000019073486 7.80000019073486 7.80000019073486 8.39999961853027 8.30000019073486 7.30000019073486 5.69999980926514 4.80000019073486
38 37.9000015258789 37.5999984741211 36.4000015258789 35.7999992370605 35.5999984741211 35.2999992370605 34.7999992370605 34.4000015258789 34.2999992370605 34.0999984741211 34.0999984741211 33.9000015258789 33.9000015258789 33.9000015258789 33.5999984741211 32.9000015258789 33.4000015258789 33.5999984741211 33.7999992370605 32.4000015258789 30.8999996185303 30.1000003814697 28.1000003814697 27.3999996185303 29.6000003814697 28.2000007629395 27.2000007629395 27.1000003814697 25.3999996185303 24.5 22.7000007629395 21.7999992370605 20.3999996185303 19.3999996185303 19.7000007629395 18.1000003814697 15.8999996185303 15.3000001907349 14.5 12.6999998092651 12.1999998092651 10.6999998092651 9.60000038146973 8.60000038146973 8.60000038146973 7.90000009536743 7.80000019073486 7.19999980926514 6.90000009536743 6.09999990463257 4.5 4.40000009536743 4.30000019073486
36.7999992370605 35.7999992370605 35.2999992370605 34.9000015258789 33.7999992370605 34.2999992370605 33.5999984741211 33.2999992370605 32.4000015258789 32.4000015258789 32.5999984741211 32.4000015258789 31.8999996185303 32.0999984741211 31.6000003814697 31.3999996185303 31.3999996185303 31 30.7000007629395 30.6000003814697 29.6000003814697 27.6000003814697 28 26.3999996185303 25.8999996185303 28.1000003814697 27.8999996185303 27.5 25.8999996185303 24.7000007629395 23.8999996185303 22.7999992370605 21.2999992370605 20.1000003814697 19.3999996185303 18.8999996185303 17.3999996185303 15.8000001907349 14.8999996185303 14 12.8999996185303 11.8999996185303 10 9.10000038146973 9.10000038146973 8.30000019073486 7.09999990463257 6.59999990463257 6.30000019073486 5.90000009536743 4.59999990463257 3.70000004768372 3.59999990463257 3.20000004768372
34.4000015258789 33.0999984741211 32.5 32 32 33.0999984741211 32.4000015258789 32.2999992370605 32.2999992370605 32 31.3999996185303 30.8999996185303 29.3999996185303 29.5 29.7999992370605 28.7999992370605 28.7999992370605 28.7999992370605 29 28.3999996185303 27.2000007629395 26.1000003814697 25.7000007629395 25.3999996185303 24.2999992370605 25.2999992370605 25.3999996185303 24.6000003814697 24.2000007629395 24.2999992370605 23.2999992370605 22.1000003814697 21.1000003814697 19.7999992370605 19.2999992370605 19.2999992370605 17.7000007629395 16.6000003814697 14.6999998092651 14.3000001907349 12.6999998092651 12.1000003814697 10 9.10000038146973 8.80000019073486 8.30000019073486 7.69999980926514 7 6 5.40000009536743 4.90000009536743 4.5 3.20000004768372 2.20000004768372
32.5 31.1000003814697 31.3999996185303 30.2999992370605 28.6000003814697 29.1000003814697 30.2000007629395 30.3999996185303 31.7999992370605 31.1000003814697 30.8999996185303 30.2999992370605 28.2000007629395 27.6000003814697 27.1000003814697 26.8999996185303 26.6000003814697 26.3999996185303 26.8999996185303 26.2999992370605 25.3999996185303 24.3999996185303 24.2999992370605 24 22.8999996185303 23.7999992370605 24 24.2999992370605 24.2999992370605 24.2999992370605 23.2000007629395 22.8999996185303 21.6000003814697 20.2999992370605 19.3999996185303 19.7999992370605 17.8999996185303 16.7999992370605 14.3999996185303 14.3000001907349 12.6000003814697 11.6000003814697 10.3000001907349 9.10000038146973 8.80000019073486 8.60000038146973 7.59999990463257 6.5 6.09999990463257 5.30000019073486 4.90000009536743 4.80000019073486 3.70000004768372 2.79999995231628
30.6000003814697 28.3999996185303 27.7000007629395 27.7999992370605 26.7000007629395 27.5 28.3999996185303 29.7999992370605 30.8999996185303 30.7000007629395 30.1000003814697 29.1000003814697 27 26.6000003814697 25.2000007629395 25.1000003814697 24.1000003814697 23.5 23.7000007629395 23.2999992370605 23.6000003814697 22.8999996185303 22.7000007629395 22.8999996185303 22.3999996185303 21.3999996185303 21.3999996185303 22.2000007629395 23.3999996185303 23.8999996185303 23.1000003814697 23.2999992370605 21.8999996185303 21.3999996185303 20.1000003814697 19.7999992370605 19 17.1000003814697 14.5 14.1999998092651 12.6000003814697 11.8999996185303 11.1000003814697 9.60000038146973 8.30000019073486 8 8 7.09999990463257 6.90000009536743 6.19999980926514 5.40000009536743 5.09999990463257 3.79999995231628 2.79999995231628
28.8999996185303 26.1000003814697 23.8999996185303 23.6000003814697 24.3999996185303 26 27 28.7000007629395 30.8999996185303 31.5 30.6000003814697 28.1000003814697 26 25.3999996185303 24.3999996185303 23.2000007629395 23 22.6000003814697 21.7000007629395 21.2000007629395 20.7000007629395 20.8999996185303 21.1000003814697 21.2000007629395 21.3999996185303 21.2999992370605 21.6000003814697 21.7999992370605 21.7999992370605 22.2999992370605 22.3999996185303 22.3999996185303 21.8999996185303 22 20.8999996185303 19.8999996185303 19.8999996185303 18.2000007629395 15.1000003814697 13.8999996185303 12.6000003814697 11.6999998092651 11.1000003814697 10.3000001907349 8.69999980926514 8.10000038146973 8 7.09999990463257 6.69999980926514 6.30000019073486 5.5 5 4.80000019073486 2.79999995231628
26.7999992370605 24.8999996185303 22.6000003814697 22.1000003814697 23.6000003814697 25.2999992370605 27 28.8999996185303 30.7999992370605 31.6000003814697 29.8999996185303 26.8999996185303 24.6000003814697 23.3999996185303 21.7999992370605 20.6000003814697 20.3999996185303 20.2999992370605 19.1000003814697 18.7999992370605 18.5 19.2000007629395 20.2000007629395 20.2000007629395 20.7999992370605 20.2999992370605 20.1000003814697 20.5 20.7999992370605 21.2000007629395 21.6000003814697 21.3999996185303 21.7000007629395 21.6000003814697 20.7999992370605 20.1000003814697 19.7000007629395 18.7000007629395 15.8999996185303 14.3999996185303 13.5 12.6000003814697 11.1000003814697 10.1000003814697 9.39999961853027 8.60000038146973 7.59999990463257 7.30000019073486 6.5 6.09999990463257 5.40000009536743 4.90000009536743 4.30000019073486 2.90000009536743
24.3999996185303 23.2000007629395 21.6000003814697 21.1000003814697 22.7999992370605 24.2999992370605 26.3999996185303 29.2999992370605 32.2999992370605 30.3999996185303 28.3999996185303 25.3999996185303 22.7999992370605 21.7999992370605 20.1000003814697 19.1000003814697 18.3999996185303 17.6000003814697 17.2999992370605 16.8999996185303 17.7999992370605 17.7000007629395 18.8999996185303 18.7000007629395 19.1000003814697 18.1000003814697 19.1000003814697 20 20.5 20.7999992370605 21.1000003814697 21.1000003814697 21.7000007629395 21.1000003814697 19.5 20.2999992370605 20.2999992370605 19.3999996185303 16.2000007629395 14.8000001907349 13.6000003814697 12.1000003814697 10.8999996185303 10.5 9.39999961853027 8.60000038146973 7.90000009536743 7.09999990463257 6.09999990463257 6 5.90000009536743 4.30000019073486 3.5 2.79999995231628
21.8999996185303 21.2999992370605 20.3999996185303 20.7000007629395 21.6000003814697 22.8999996185303 24.8999996185303 28.1000003814697 30.6000003814697 29.5 25.6000003814697 22.5 20.2999992370605 19.7999992370605 18.3999996185303 17.5 16.8999996185303 16.6000003814697 16.2999992370605 15.6999998092651 15.8999996185303 16.2999992370605 17.1000003814697 16.2000007629395 17.1000003814697 17.2999992370605 17.5 18.6000003814697 19.1000003814697 19.7999992370605 20.2000007629395 20.6000003814697 21.1000003814697 20.2999992370605 19 19 18.7000007629395 18.6000003814697 16.5 14.8000001907349 13.3999996185303 11.8000001907349 11 10.3999996185303 9.80000019073486 8.30000019073486 7.5 7.69999980926514 6.80000019073486 6 5.40000009536743 4.09999990463257 2.59999990463257 1.5
20.1000003814697 19.6000003814697 20.2000007629395 20.6000003814697 20.8999996185303 22.2999992370605 23.3999996185303 25.2000007629395 27 26 22.6000003814697 20.2999992370605 18.1000003814697 17.7999992370605 15.6999998092651 15.3000001907349 15.1000003814697 14.3000001907349 14.3999996185303 14.6000003814697 14.8000001907349 15.3000001907349 15.3999996185303 15.6000003814697 16.3999996185303 17 17.1000003814697 17.8999996185303 18.7000007629395 19.2999992370605 19.3999996185303 19.5 19.6000003814697 18.8999996185303 19 18.7999992370605 17.7000007629395 17.2000007629395 16.6000003814697 14.8000001907349 13.1000003814697 11.8000001907349 11.1000003814697 10.8999996185303 10.1000003814697 9.30000019073486 9.89999961853027 8.30000019073486 7.09999990463257 6 5.30000019073486 4.09999990463257 2.09999990463257 0.800000011920929
17.7000007629395 18.1000003814697 18.6000003814697 19.2999992370605 20.7000007629395 21.3999996185303 21.7999992370605 22.3999996185303 23.1000003814697 22.6000003814697 21.3999996185303 18.6000003814697 16.8999996185303 15.6999998092651 13.8000001907349 12.3999996185303 12.8000001907349 12.1999998092651 12.6000003814697 13.5 14 15 15.3000001907349 15.1000003814697 15.3000001907349 16 16.8999996185303 17.1000003814697 17.6000003814697 18 18.6000003814697 18.8999996185303 18.7999992370605 18.6000003814697 17.2000007629395 17.1000003814697 16.8999996185303 16.2000007629395 15.5 14.8999996185303 14.1999998092651 11.8999996185303 11 10.5 9.80000019073486 10.3000001907349 9.39999961853027 8.30000019073486 7.40000009536743 6.90000009536743 5.30000019073486 4.90000009536743 2.79999995231628 2.20000004768372
