data/layers/future_layer_mc_585_60/bio12.asc
NCOLS 494 
NROWS 529 
XLLCORNER -117.166666666667 
YLLCORNER -55.5 
CELLSIZE 0.166666666666667 
NODATA_value -3.4e+38 
[rows 192 to 215 of 529, columns 216 to 269 of 494]
-3.4e+38 -3.4e+38 -3.4e+38 -3.4e+38 -3.4e+38 -3.4e+38 -3.4e+38 1732.30004882812 1638.19995117188 1818.09997558594 2012.59997558594 2124.89990234375 2130.60009765625 2014.09997558594 1929.5 1612.90002441406 1133.40002441406 955.900024414062 925.299987792969 1102.30004882812 1169.59997558594 1293.30004882812 1541.5 2576 3288.89990234375 3423.60009765625 3421.5 3541.10009765625 3714.39990234375 3770.89990234375 3700.80004882812 3563.5 3383.60009765625 3174.89990234375 2974.19995117188 2782.19995117188 2724 2712.89990234375 2705.30004882812 2709.39990234375 2696.89990234375 2662.89990234375 2648.39990234375 2621 2580.89990234375 2598.69995117188 2597.10009765625 2608.80004882812 2584.10009765625 2607.10009765625 2645.80004882812 2685 2633.39990234375 2666.60009765625
-3.4e+38 -3.4e+38 -3.4e+38 -3.4e+38 -3.4e+38 -3.4e+38 -3.4e+38 1705.40002441406 1799.09997558594 2032.59997558594 2266.30004882812 2301.5 2101.39990234375 2014.40002441406 1704.5 1307.30004882812 1028.19995117188 872.200012207031 766 855 1188.59997558594 1479.80004882812 2019.69995117188 2939 3085.10009765625 3239.69995117188 3374.80004882812 3540.80004882812 3686.80004882812 3751.89990234375 3669.10009765625 3536.80004882812 3339.69995117188 3160.10009765625 2978.30004882812 2838.5 2759.19995117188 2734.10009765625 2739.10009765625 2734.5 2717.10009765625 2713.19995117188 2701.10009765625 2665.5 2636.10009765625 2617.19995117188 2611.19995117188 2621.60009765625 2608.39990234375 2617.39990234375 2680.39990234375 2658.89990234375 2651.5 2681.89990234375
-3.4e+38 -3.4e+38 -3.4e+38 -3.4e+38 -3.4e+38 -3.4e+38 -3.4e+38 1518.09997558594 1873.30004882812 2172.69995117188 2456.39990234375 2470.30004882812 2166.10009765625 1948.80004882812 1928.40002441406 1526.69995117188 1019.79998779297 901.5 958.700012207031 1055.09997558594 1306.90002441406 2105.5 2778 2978.39990234375 3114.69995117188 3239.80004882812 3387.89990234375 3548.60009765625 3690.80004882812 3723.89990234375 3602.69995117188 3448.69995117188 3295.39990234375 3130.19995117188 2966.30004882812 2864.60009765625 2801.39990234375 2782.5 2788.10009765625 2797.19995117188 2781.5 2746.19995117188 2718.5 2690.60009765625 2660 2651.10009765625 2639.10009765625 2634.69995117188 2620.19995117188 2632 2687.89990234375 2669.39990234375 2661.10009765625 2692.19995117188
-3.4e+38 -3.4e+38 -3.4e+38 -3.4e+38 -3.4e+38 -3.4e+38 -3.4e+38 1467.40002441406 1888.30004882812 2235.80004882812 2678 2689.89990234375 2339.60009765625 2587.89990234375 2288.5 1433.69995117188 891 928.799987792969 949.5 1093.30004882812 1400.5 2393.89990234375 2923.89990234375 3130.39990234375 3274.19995117188 3428 3500.39990234375 3564.60009765625 3617.60009765625 3587.89990234375 3497.10009765625 3355.5 3211.80004882812 3084.89990234375 2961.60009765625 2866.89990234375 2814.30004882812 2812.10009765625 2840.39990234375 2858.89990234375 2830.60009765625 2788.60009765625 2758.80004882812 2723.30004882812 2698.10009765625 2678.30004882812 2665.60009765625 2653.10009765625 2641.69995117188 2652.80004882812 2674.60009765625 2650.10009765625 2683.60009765625 2706.60009765625
-3.4e+38 -3.4e+38 -3.4e+38 -3.4e+38 -3.4e+38 -3.4e+38 1070.40002441406 1467.09997558594 1910.30004882812 2322.30004882812 2813.30004882812 2815.69995117188 2618.5 2750.80004882812 2110.69995117188 1090.30004882812 825.599975585938 862.599975585938 1004.90002441406 1178.69995117188 1617.40002441406 2383.39990234375 3112 3271.10009765625 3435.69995117188 3589.10009765625 3542.69995117188 3498.89990234375 3484.60009765625 3436.80004882812 3364.5 3260.80004882812 3140.60009765625 3011.30004882812 2901.19995117188 2834.60009765625 2794.89990234375 2784 2860.5 2885.30004882812 2840.80004882812 2801.89990234375 2780 2740.10009765625 2713.30004882812 2694.69995117188 2677.89990234375 2668.69995117188 2664.19995117188 2660.60009765625 2657 2667.30004882812 2703.89990234375 2710.10009765625
-3.4e+38 -3.4e+38 -3.4e+38 -3.4e+38 -3.4e+38 807.200012207031 1111.69995117188 1485.19995117188 1981 2483.5 2930.39990234375 2869.60009765625 2738.89990234375 2548.30004882812 1668.90002441406 1143.19995117188 1082.19995117188 1020.79998779297 1130.09997558594 1389.80004882812 2238.10009765625 2651.39990234375 3312.30004882812 3395.80004882812 3486.39990234375 3553.69995117188 3487.89990234375 3395.60009765625 3351.19995117188 3316.5 3243.5 3138.69995117188 3040.89990234375 2937.69995117188 2844.5 2804.60009765625 2768.39990234375 2734.89990234375 2774.10009765625 2829.60009765625 2830.30004882812 2797.10009765625 2770.69995117188 2743.19995117188 2716 2696.69995117188 2676.60009765625 2667.89990234375 2670.10009765625 2661 2675.80004882812 2710.5 2706 2712
-3.4e+38 -3.4e+38 -3.4e+38 -3.4e+38 -3.4e+38 831.400024414062 1095.69995117188 1532.59997558594 2008.80004882812 2439 2800.69995117188 2865.80004882812 2434.39990234375 2362.19995117188 1575.59997558594 1194 1200.90002441406 991.700012207031 1259.30004882812 1709.40002441406 2209.69995117188 2846.89990234375 3572.89990234375 3526.30004882812 3535.60009765625 3517.39990234375 3417.5 3290.39990234375 3267.60009765625 3226.30004882812 3158 3047.60009765625 2939.5 2841.39990234375 2777.10009765625 2758.60009765625 2749.39990234375 2744.89990234375 2767.80004882812 2794 2806.5 2795.10009765625 2772.80004882812 2738.10009765625 2716.69995117188 2693.89990234375 2682.10009765625 2672.30004882812 2667.80004882812 2661.30004882812 2674.80004882812 2723.30004882812 2711.80004882812 2708.30004882812
-3.4e+38 -3.4e+38 -3.4e+38 -3.4e+38 -3.4e+38 840.299987792969 1173.90002441406 1608.40002441406 1992.30004882812 2350.39990234375 2672.30004882812 2821.10009765625 2197.5 1332.30004882812 1060.19995117188 1123.59997558594 979.900024414062 1001.70001220703 1219.09997558594 1913.40002441406 2631.60009765625 3188.60009765625 3813.5 3699.19995117188 3625.39990234375 3578.80004882812 3474.39990234375 3355.69995117188 3266.10009765625 3193.39990234375 3097.89990234375 2980.10009765625 2863.5 2750.19995117188 2709.89990234375 2721.89990234375 2748.89990234375 2761.80004882812 2777.10009765625 2798.19995117188 2793.30004882812 2790.80004882812 2773.10009765625 2747.10009765625 2731.19995117188 2700.89990234375 2675.39990234375 2662.19995117188 2652.89990234375 2650.60009765625 2671 2708.19995117188 2686.60009765625 2691.39990234375
-3.4e+38 -3.4e+38 -3.4e+38 -3.4e+38 628.200012207031 853.900024414062 1252.69995117188 1645.80004882812 1957.30004882812 2278 2621.5 2844.39990234375 2326.10009765625 978.299987792969 969.700012207031 917.5 999.799987792969 1166.09997558594 1505.90002441406 2363.60009765625 3660.39990234375 3872.5 3959.30004882812 3831.80004882812 3751.30004882812 3655 3547.60009765625 3429.30004882812 3306.80004882812 3205.89990234375 3092.19995117188 2961.10009765625 2823.80004882812 2678.10009765625 2682.30004882812 2735.10009765625 2770.89990234375 2780.89990234375 2791 2800.30004882812 2803.60009765625 2793.30004882812 2775.10009765625 2746.19995117188 2727.39990234375 2699.89990234375 2679.39990234375 2665.5 2659.39990234375 2656.80004882812 2670.5 2672.60009765625 2685.60009765625 2700.5
-3.4e+38 -3.4e+38 -3.4e+38 -3.4e+38 629.900024414062 984.799987792969 1350.69995117188 1666.80004882812 1905.80004882812 2208.60009765625 2531.89990234375 2784.5 2090.19995117188 872.799987792969 847.299987792969 707.5 1068.59997558594 1201 1941 3206.80004882812 4121.7998046875 4107.60009765625 4070.89990234375 3970.39990234375 3866.60009765625 3753.69995117188 3609.39990234375 3482.80004882812 3382.39990234375 3226 3106.60009765625 2979.89990234375 2862.30004882812 2770.60009765625 2780.80004882812 2793.39990234375 2812.10009765625 2816.80004882812 2819.80004882812 2822.39990234375 2817.69995117188 2796.10009765625 2781.10009765625 2756.89990234375 2725.39990234375 2699.19995117188 2674.89990234375 2651.69995117188 2646.60009765625 2649.5 2658.60009765625 2664.30004882812 2680 2703.89990234375
-3.4e+38 -3.4e+38 367.799987792969 538.799987792969 778.400024414062 1151.59997558594 1452.40002441406 1609.59997558594 1831.40002441406 2097.19995117188 2386.89990234375 2493.80004882812 1876.90002441406 789.099975585938 834.400024414062 639.5 1069.09997558594 1236.30004882812 2287.19995117188 4052.69995117188 4313.60009765625 4280.89990234375 4191.2001953125 4052.89990234375 3920.10009765625 3770.10009765625 3637.60009765625 3500.30004882812 3421.39990234375 3287.5 3153.80004882812 3027.5 2933.10009765625 2872.89990234375 2870.10009765625 2860.19995117188 2845.10009765625 2849.60009765625 2856.19995117188 2851.60009765625 2842.80004882812 2820.80004882812 2788.60009765625 2755.69995117188 2730.80004882812 2695.5 2662.69995117188 2639.89990234375 2635.39990234375 2633.89990234375 2650.60009765625 2657.80004882812 2678.89990234375 2707.30004882812
-3.4e+38 -3.4e+38 -3.4e+38 771.200012207031 1014.29998779297 1313.59997558594 1422.30004882812 1478.40002441406 1729.5 2015.30004882812 2250.80004882812 2302.80004882812 1531 788.799987792969 809.099975585938 632.5 992.400024414062 1258.40002441406 2300.10009765625 4318.7998046875 4378.7998046875 4344.10009765625 4235.7998046875 4079.60009765625 3940.89990234375 3823.89990234375 3661.39990234375 3515.89990234375 3401.5 3287 3170.80004882812 3066.60009765625 2993.80004882812 2947.30004882812 2928.89990234375 2905.60009765625 2894.80004882812 2880.89990234375 2888.5 2890.80004882812 2871.89990234375 2844.80004882812 2813.89990234375 2777.80004882812 2726.89990234375 2684.10009765625 2650.80004882812 2625.10009765625 2619.30004882812 2623.89990234375 2641.89990234375 2662.5 2681.89990234375 2708.89990234375
-3.4e+38 -3.4e+38 -3.4e+38 898.799987792969 1215.59997558594 1349.09997558594 1374.40002441406 1383.90002441406 1668.30004882812 2069.89990234375 2228.19995117188 2055.69995117188 1128.59997558594 703.900024414062 832.5 817.900024414062 1011.79998779297 1860.19995117188 3390.89990234375 4462 4437.10009765625 4373.10009765625 4228.89990234375 4087 3931.5 3793.39990234375 3664.60009765625 3533.39990234375 3423 3310.10009765625 3199.89990234375 3100.39990234375 3039.80004882812 2993.10009765625 2967.5 2945.10009765625 2935.30004882812 2928 2921.60009765625 2923.89990234375 2911.19995117188 2886.30004882812 2849.89990234375 2805.39990234375 2753.10009765625 2689 2642.30004882812 2613.89990234375 2616.5 2622.89990234375 2637 2659 2690.30004882812 2718.69995117188
-3.4e+38 -3.4e+38 595.299987792969 903.700012207031 1088.90002441406 1195.19995117188 1208.80004882812 1299.90002441406 1596.30004882812 1983.80004882812 2225.89990234375 1967.40002441406 1050.19995117188 746 789.599975585938 768.799987792969 1116.90002441406 1705.19995117188 3971.10009765625 4363.7998046875 4310.2998046875 4270.2998046875 4176.7998046875 4048 3915.89990234375 3767.89990234375 3644.30004882812 3520.39990234375 3408.39990234375 3306.10009765625 3207 3114.89990234375 3047.10009765625 3014.10009765625 2990.80004882812 2970 2967.89990234375 2962.39990234375 2960 2960.10009765625 2964.80004882812 2932.39990234375 2900.60009765625 2855.10009765625 2790.89990234375 2709.60009765625 2632.60009765625 2600 2611.10009765625 2631.30004882812 2653.30004882812 2670.89990234375 2704.89990234375 2729.80004882812
-3.4e+38 -3.4e+38 -3.4e+38 881.400024414062 1024.90002441406 1066.90002441406 1071.19995117188 1202.30004882812 1521.30004882812 1897.69995117188 2168.30004882812 2004.80004882812 955.799987792969 745.599975585938 754.799987792969 892.900024414062 1174 1688.80004882812 3534.60009765625 4091.60009765625 4136.2998046875 4077.89990234375 4021.10009765625 3936.10009765625 3836.69995117188 3720 3587.39990234375 3477.10009765625 3374.10009765625 3287 3199.30004882812 3119.60009765625 3060.60009765625 3043.60009765625 3023.39990234375 3004.69995117188 2987.89990234375 2995.10009765625 2994.39990234375 3009.89990234375 3012.89990234375 2997.30004882812 2970.30004882812 2924.80004882812 2851.39990234375 2750.10009765625 2650.19995117188 2602.19995117188 2623.89990234375 2650.10009765625 2672.80004882812 2692.39990234375 2716.89990234375 2736.80004882812
-3.4e+38 -3.4e+38 -3.4e+38 766.400024414062 953.400024414062 1004.40002441406 1097.40002441406 1230.59997558594 1448.40002441406 1738.80004882812 2018.80004882812 1969.30004882812 1054.09997558594 745.700012207031 729.099975585938 965.700012207031 1298.09997558594 1730.40002441406 3047.39990234375 3749.80004882812 3871.60009765625 3884.39990234375 3847.89990234375 3789 3719.89990234375 3621.10009765625 3509.19995117188 3412.60009765625 3322.60009765625 3246.39990234375 3166.80004882812 3104.69995117188 3053.60009765625 3035.30004882812 3017.69995117188 3007.10009765625 3005.80004882812 3018.80004882812 3039.10009765625 3042.89990234375 3068.30004882812 3071.5 3057.60009765625 3008.39990234375 2946.80004882812 2843.10009765625 2740.60009765625 2687 2684.60009765625 2698.39990234375 2708.60009765625 2724.30004882812 2733.30004882812 2745.60009765625
-3.4e+38 -3.4e+38 -3.4e+38 671 842.900024414062 1024.09997558594 1159.90002441406 1299.59997558594 1395.5 1578.40002441406 1855.19995117188 2079.39990234375 1307.59997558594 792.599975585938 651.400024414062 1046.90002441406 1429.69995117188 1716.69995117188 2720.89990234375 3256 3534.80004882812 3657.60009765625 3643 3618.39990234375 3561.10009765625 3495.5 3413.39990234375 3333 3253.60009765625 3195 3126.69995117188 3077.10009765625 3037.89990234375 3012.60009765625 2998.80004882812 3001.89990234375 3004.80004882812 3017.69995117188 3049.89990234375 3079.80004882812 3109 3140.39990234375 3155.10009765625 3126.10009765625 3066.89990234375 2973.10009765625 2879.60009765625 2810.19995117188 2771 2768.80004882812 2764.60009765625 2768.19995117188 2764.89990234375 2760.80004882812
-3.4e+38 -3.4e+38 437.299987792969 614.599975585938 755.799987792969 895.900024414062 1037.40002441406 1164 1340.80004882812 1551.40002441406 1804.59997558594 2059.30004882812 1610.69995117188 723.599975585938 786.299987792969 1149.90002441406 1477.40002441406 1781.5 2575.39990234375 2746.60009765625 3175.69995117188 3424.80004882812 3433 3425 3389 3348.80004882812 3294.39990234375 3248.60009765625 3197.80004882812 3139.5 3085.60009765625 3034.10009765625 3004.10009765625 2988.89990234375 2977.60009765625 2985.80004882812 3007.19995117188 3033.10009765625 3075.39990234375 3111 3160.30004882812 3220.30004882812 3257.60009765625 3251.10009765625 3209.60009765625 3125.39990234375 3026.30004882812 2941 2882.10009765625 2853.69995117188 2832.39990234375 2825.30004882812 2808.19995117188 2795.10009765625
-3.4e+38 -3.4e+38 -3.4e+38 -3.4e+38 653.599975585938 736.700012207031 838.599975585938 995.900024414062 1207.80004882812 1482.5 1802 1744.90002441406 933.5 853.900024414062 1045 1259.09997558594 1597.5 1921.69995117188 2339.60009765625 2607.39990234375 3008.39990234375 3216 3226.39990234375 3238.30004882812 3219.10009765625 3196.39990234375 3168.30004882812 3128.89990234375 3111.10009765625 3076.30004882812 3026.60009765625 2971 2949.80004882812 2947.10009765625 2946.10009765625 2955.89990234375 2989.60009765625 3028.89990234375 3074.30004882812 3127.69995117188 3190.19995117188 3270.39990234375 3322.39990234375 3325.60009765625 3315.80004882812 3250.60009765625 3147.30004882812 3049.19995117188 2979.30004882812 2921.5 2891.30004882812 2871.80004882812 2848.80004882812 2830.39990234375
-3.4e+38 -3.4e+38 -3.4e+38 -3.4e+38 -3.4e+38 549.299987792969 -3.4e+38 853.400024414062 1018.40002441406 1228.90002441406 1461.90002441406 1096.09997558594 977.400024414062 975.299987792969 1049.59997558594 1239.80004882812 1634.80004882812 2106.60009765625 2213.39990234375 2571.39990234375 2931.30004882812 3023.10009765625 3052.69995117188 3068.60009765625 3063 3039.60009765625 3006.69995117188 2987.10009765625 2978.39990234375 2973.39990234375 2934.69995117188 2895.80004882812 2873.80004882812 2873.30004882812 2895.5 2925.10009765625 2953.5 3008.60009765625 3060.19995117188 3110.39990234375 3177 3257.89990234375 3309.80004882812 3338.80004882812 3344.69995117188 3281.19995117188 3194.60009765625 3117.89990234375 3046.19995117188 2991.10009765625 2955.19995117188 2932.69995117188 2902.30004882812 2878.10009765625
-3.4e+38 -3.4e+38 -3.4e+38 -3.4e+38 -3.4e+38 -3.4e+38 618.700012207031 -3.4e+38 -3.4e+38 1128.80004882812 911.599975585938 1111.40002441406 1224.40002441406 933.400024414062 1005.09997558594 1271.40002441406 1752 2296.39990234375 2133.80004882812 2575.30004882812 2828.30004882812 2877.30004882812 2904.30004882812 2923.5 2912.5 2885.10009765625 2856.89990234375 2824.69995117188 2808.60009765625 2801.80004882812 2788.5 2783.30004882812 2787.39990234375 2794.30004882812 2826.10009765625 2872.89990234375 2907.10009765625 2971.60009765625 3033.39990234375 3082.80004882812 3139.89990234375 3205.30004882812 3253.60009765625 3285.89990234375 3290.80004882812 3247.19995117188 3189.60009765625 3135.10009765625 3083.10009765625 3035.60009765625 3003.60009765625 2968 2938.39990234375 2909.80004882812
-3.4e+38 -3.4e+38 -3.4e+38 -3.4e+38 -3.4e+38 -3.4e+38 -3.4e+38 -3.4e+38 856.700012207031 1027.5 917.200012207031 1239.09997558594 986.400024414062 823.599975585938 989.5 1256.19995117188 1718 2103.69995117188 2253.89990234375 2611 2698.30004882812 2755.89990234375 2784.89990234375 2791.19995117188 2769.19995117188 2732.80004882812 2690.80004882812 2654.69995117188 2621.69995117188 2626.60009765625 2627.30004882812 2652.89990234375 2684.10009765625 2716.39990234375 2751.80004882812 2798.30004882812 2854.39990234375 2913.89990234375 2976.80004882812 3031.10009765625 3087.69995117188 3143.80004882812 3174.39990234375 3203.30004882812 3205.10009765625 3184.89990234375 3143.30004882812 3115.89990234375 3087.30004882812 3064.89990234375 3039.89990234375 2999.30004882812 2969.89990234375 2948.39990234375
-3.4e+38 -3.4e+38 -3.4e+38 -3.4e+38 -3.4e+38 -3.4e+38 -3.4e+38 -3.4e+38 846.299987792969 922.099975585938 1041.69995117188 1117 857.400024414062 795.799987792969 1053 1278.5 1874.40002441406 2092.80004882812 2346.60009765625 2522.60009765625 2610.39990234375 2648.80004882812 2676 2675.69995117188 2642.10009765625 2595.39990234375 2541.39990234375 2493.60009765625 2457.39990234375 2461.10009765625 2479 2528.80004882812 2571.10009765625 2622.60009765625 2675.60009765625 2718.10009765625 2781.30004882812 2846.89990234375 2911.30004882812 2965.19995117188 3024.10009765625 3069 3092.19995117188 3107.30004882812 3110.60009765625 3101.39990234375 3082 3067.60009765625 3063.80004882812 3066.80004882812 3061.60009765625 3027.89990234375 2991.80004882812 2959.69995117188
-3.4e+38 -3.4e+38 -3.4e+38 -3.4e+38 -3.4e+38 -3.4e+38 -3.4e+38 578.599975585938 823.400024414062 884.5 777.799987792969 732.799987792969 848.799987792969 945 988.200012207031 1365 1733.30004882812 1885.19995117188 2000.30004882812 2457.69995117188 2542.89990234375 2560.30004882812 2580.39990234375 2571.39990234375 2541.10009765625 2491.89990234375 2425.60009765625 2361.10009765625 2313.39990234375 2321.30004882812 2360.80004882812 2426 2485.30004882812 2534.80004882812 2592.5 2643.30004882812 2710.19995117188 2789.60009765625 2853.30004882812 2899.5 2952.5 2990.30004882812 3008.60009765625 3013.60009765625 3006 3002 2995.30004882812 2997.60009765625 3025.60009765625 3044.10009765625 3069.60009765625 3048.10009765625 3000.39990234375 2956.10009765625
