data/layers/future_layer_mc_585_60/bio16.asc
NCOLS 494 
NROWS 529 
XLLCORNER -117.166666666667 
YLLCORNER -55.5 
CELLSIZE 0.166666666666667 
NODATA_value -3.4e+38 
[rows 240 to 263 of 529, columns 216 to 269 of 494]
-3.4e+38 -3.4e+38 -3.4e+38 -3.4e+38 -3.4e+38 -3.4e+38 -3.4e+38 -3.4e+38 -3.4e+38 -3.4e+38 21.8999996185303 146.100006103516 281.299987792969 271.700012207031 307.200012207031 320.899993896484 380.899993896484 367.200012207031 364.700012207031 379.299987792969 381.799987792969 527.799987792969 451.100006103516 421.399993896484 452 531.599975585938 589.099975585938 594.599975585938 581.099975585938 558.599975585938 577.400024414062 585.700012207031 594.099975585938 592.299987792969 580.299987792969 569.900024414062 572.099975585938 588.400024414062 617.099975585938 643.799987792969 674.900024414062 702.299987792969 736.599975585938 780.099975585938 826.299987792969 855.400024414062 849.599975585938 840.400024414062 831.400024414062 822.799987792969 813.599975585938 811.799987792969 810.200012207031 804.400024414062
-3.4e+38 -3.4e+38 -3.4e+38 -3.4e+38 -3.4e+38 -3.4e+38 -3.4e+38 -3.4e+38 -3.4e+38 -3.4e+38 -3.4e+38 43.2999992370605 149.800003051758 128.899993896484 219.899993896484 279.799987792969 338.299987792969 358.5 390.100006103516 462.799987792969 399 485.799987792969 475.700012207031 421.399993896484 437.299987792969 506.899993896484 681.400024414062 664.400024414062 666.5 623.5 628.099975585938 647.299987792969 652.900024414062 646.900024414062 627.900024414062 611.5 603.900024414062 606.299987792969 624.799987792969 642.599975585938 667.5 692.799987792969 724.5 764.900024414062 806.5 832.599975585938 835.900024414062 831.900024414062 824.799987792969 814.799987792969 802.599975585938 795.700012207031 797.299987792969 791.700012207031
-3.4e+38 -3.4e+38 -3.4e+38 -3.4e+38 -3.4e+38 -3.4e+38 -3.4e+38 -3.4e+38 -3.4e+38 -3.4e+38 -3.4e+38 14.1000003814697 37.0999984741211 131.800003051758 248.399993896484 262.200012207031 300.200012207031 375.899993896484 380.200012207031 451.799987792969 439.399993896484 449.399993896484 494.600006103516 439.799987792969 421.799987792969 474.899993896484 745 648.900024414062 655.400024414062 684.299987792969 693.400024414062 726.700012207031 721.900024414062 719.900024414062 691.599975585938 660.599975585938 640.799987792969 627.5 630 641.599975585938 658.599975585938 679.900024414062 707.900024414062 740.599975585938 773.099975585938 797.599975585938 812.799987792969 817.400024414062 817 812.400024414062 804.299987792969 795.400024414062 793.400024414062 784.599975585938
-3.4e+38 -3.4e+38 -3.4e+38 -3.4e+38 -3.4e+38 -3.4e+38 -3.4e+38 -3.4e+38 -3.4e+38 -3.4e+38 -3.4e+38 -3.4e+38 38.9000015258789 156.899993896484 194.800003051758 192.5 259.600006103516 405.600006103516 448.100006103516 433 474.799987792969 373.899993896484 477.899993896484 428.899993896484 425.600006103516 489.600006103516 699.599975585938 616.900024414062 644 722.799987792969 727.700012207031 698.900024414062 815.299987792969 807 769.599975585938 723.400024414062 679.900024414062 644.799987792969 629.099975585938 632.900024414062 645.299987792969 662.299987792969 685.099975585938 714.099975585938 739.900024414062 767.599975585938 786.700012207031 799.299987792969 809.400024414062 814.400024414062 811.599975585938 805.299987792969 795.599975585938 782.099975585938
-3.4e+38 -3.4e+38 -3.4e+38 -3.4e+38 -3.4e+38 -3.4e+38 -3.4e+38 -3.4e+38 -3.4e+38 -3.4e+38 -3.4e+38 -3.4e+38 -3.4e+38 44.0999984741211 143.899993896484 147.399993896484 222.399993896484 345.700012207031 303.100006103516 453.299987792969 458.100006103516 365.899993896484 459.5 431.799987792969 409.899993896484 435.100006103516 624.400024414062 782.599975585938 666.299987792969 734 683.200012207031 735.5 938.5 911.299987792969 866.099975585938 797.099975585938 727.299987792969 667.799987792969 630.299987792969 616.099975585938 626.900024414062 642.799987792969 665.599975585938 689.900024414062 711.799987792969 738.599975585938 762.400024414062 781.900024414062 801.299987792969 816.799987792969 824.400024414062 815.799987792969 798.599975585938 781.299987792969
-3.4e+38 -3.4e+38 -3.4e+38 -3.4e+38 -3.4e+38 -3.4e+38 -3.4e+38 -3.4e+38 -3.4e+38 -3.4e+38 -3.4e+38 -3.4e+38 -3.4e+38 -3.4e+38 75.5999984741211 163.100006103516 181.600006103516 289.100006103516 233.399993896484 323.600006103516 460.5 348.200012207031 356.799987792969 396.600006103516 393.100006103516 406.299987792969 486 830.799987792969 904.200012207031 763 682.099975585938 660.299987792969 956.5 1044.09997558594 976.5 879.400024414062 777.599975585938 687.400024414062 627.799987792969 599.400024414062 607.400024414062 625.5 645.900024414062 667 688 713.400024414062 739.299987792969 763 788.099975585938 810.900024414062 831 817.900024414062 795.5 777.799987792969
-3.4e+38 -3.4e+38 -3.4e+38 -3.4e+38 -3.4e+38 -3.4e+38 -3.4e+38 -3.4e+38 -3.4e+38 -3.4e+38 -3.4e+38 -3.4e+38 -3.4e+38 -3.4e+38 25.7999992370605 65.1999969482422 151 184.100006103516 202.899993896484 402.899993896484 419.700012207031 356.299987792969 335.100006103516 389.799987792969 423.899993896484 392.899993896484 429 671.700012207031 1096.40002441406 1023.09997558594 638.299987792969 698.799987792969 1119.80004882812 1210.09997558594 1110.69995117188 974.799987792969 831.599975585938 708.200012207031 627.400024414062 595.400024414062 592.299987792969 613 632 651.299987792969 668.400024414062 690.099975585938 717.799987792969 740.400024414062 766.599975585938 789.299987792969 803.5 796.599975585938 780.299987792969 765.099975585938
-3.4e+38 -3.4e+38 -3.4e+38 -3.4e+38 -3.4e+38 -3.4e+38 -3.4e+38 -3.4e+38 -3.4e+38 -3.4e+38 -3.4e+38 -3.4e+38 -3.4e+38 -3.4e+38 -3.4e+38 42.2000007629395 114.300003051758 144.800003051758 178 214.300003051758 341.299987792969 267.899993896484 306 349.700012207031 390.899993896484 386.100006103516 401.600006103516 529.700012207031 920.599975585938 1003.40002441406 806.200012207031 916.700012207031 1236.90002441406 1402.09997558594 1278.80004882812 1098.30004882812 912.099975585938 751 645.799987792969 594.5 594.599975585938 606.099975585938 620.200012207031 635.299987792969 650.900024414062 671.299987792969 695.799987792969 718.5 740 757.099975585938 767.799987792969 767.400024414062 758.299987792969 747.400024414062
-3.4e+38 -3.4e+38 -3.4e+38 -3.4e+38 -3.4e+38 -3.4e+38 -3.4e+38 -3.4e+38 -3.4e+38 -3.4e+38 -3.4e+38 -3.4e+38 -3.4e+38 -3.4e+38 -3.4e+38 25.1000003814697 58.2999992370605 143.899993896484 186.600006103516 217.800003051758 381.100006103516 351.899993896484 329.600006103516 340.600006103516 409.399993896484 379.100006103516 391.399993896484 408.700012207031 655.900024414062 1059.90002441406 934.5 763.400024414062 1202.59997558594 1619.40002441406 1459.59997558594 1237.40002441406 1024.80004882812 841.400024414062 715.400024414062 627.599975585938 596.799987792969 601.700012207031 609.200012207031 619.099975585938 634.099975585938 654.900024414062 675.900024414062 697.400024414062 714.299987792969 727 735.299987792969 737.400024414062 734 727.599975585938
-3.4e+38 -3.4e+38 -3.4e+38 -3.4e+38 -3.4e+38 -3.4e+38 -3.4e+38 -3.4e+38 -3.4e+38 -3.4e+38 -3.4e+38 -3.4e+38 -3.4e+38 -3.4e+38 -3.4e+38 10.5 37.7999992370605 124.300003051758 217.600006103516 281.799987792969 354.399993896484 440.399993896484 317.100006103516 338.200012207031 368.399993896484 408 390.299987792969 393.5 501.5 1000.09997558594 1094.09997558594 649.099975585938 1239.59997558594 1772.09997558594 1613.09997558594 1345.40002441406 1111.80004882812 920 784.599975585938 686.599975585938 625.099975585938 601.099975585938 601.299987792969 608.599975585938 623.299987792969 643.400024414062 660.5 678.099975585938 691.799987792969 700 705.200012207031 710.200012207031 710 706.599975585938
-3.4e+38 -3.4e+38 -3.4e+38 -3.4e+38 -3.4e+38 -3.4e+38 -3.4e+38 -3.4e+38 -3.4e+38 -3.4e+38 -3.4e+38 -3.4e+38 -3.4e+38 -3.4e+38 -3.4e+38 -3.4e+38 26.2999992370605 68.5 146.800003051758 280.799987792969 268.299987792969 440.799987792969 365.899993896484 375.299987792969 371.399993896484 375.299987792969 383.299987792969 395.399993896484 441.399993896484 742.799987792969 1146.09997558594 819.400024414062 950.099975585938 1687.30004882812 1627.30004882812 1370.30004882812 1142.90002441406 958.200012207031 825.799987792969 726.299987792969 661.900024414062 629.5 612.400024414062 610.5 618.200012207031 633.599975585938 647.900024414062 663.200012207031 675.799987792969 681.400024414062 686.799987792969 688.700012207031 690.299987792969 688.799987792969
-3.4e+38 -3.4e+38 -3.4e+38 -3.4e+38 -3.4e+38 -3.4e+38 -3.4e+38 -3.4e+38 -3.4e+38 -3.4e+38 -3.4e+38 -3.4e+38 -3.4e+38 -3.4e+38 -3.4e+38 -3.4e+38 17.8999996185303 46.0999984741211 134.600006103516 305.399993896484 307.100006103516 348.5 422.299987792969 419 396.700012207031 394.299987792969 391.299987792969 382 489 651.200012207031 969.099975585938 1065.5 639.400024414062 1152.59997558594 1480.40002441406 1303.30004882812 1114.90002441406 954.400024414062 817.299987792969 724.400024414062 683.400024414062 650.299987792969 632 623.299987792969 621.900024414062 628.099975585938 639.099975585938 649.599975585938 660.400024414062 665.799987792969 670.200012207031 671.5 672.099975585938 670.799987792969
-3.4e+38 -3.4e+38 -3.4e+38 -3.4e+38 -3.4e+38 -3.4e+38 -3.4e+38 -3.4e+38 -3.4e+38 -3.4e+38 -3.4e+38 -3.4e+38 -3.4e+38 -3.4e+38 -3.4e+38 -3.4e+38 -3.4e+38 32.2000007629395 90.1999969482422 243.399993896484 366.799987792969 339.799987792969 431 415.399993896484 385.899993896484 408 395.100006103516 406.299987792969 393.100006103516 398.100006103516 554.5 616.599975585938 554.700012207031 961.099975585938 1313.40002441406 1192.59997558594 1048.09997558594 917.099975585938 727.599975585938 700.299987792969 697.599975585938 662.099975585938 645.400024414062 634.400024414062 629.799987792969 629.5 633.299987792969 640.099975585938 648.299987792969 652.900024414062 656.599975585938 656.900024414062 656.900024414062 660.599975585938
-3.4e+38 -3.4e+38 -3.4e+38 -3.4e+38 -3.4e+38 -3.4e+38 -3.4e+38 -3.4e+38 -3.4e+38 -3.4e+38 -3.4e+38 -3.4e+38 -3.4e+38 -3.4e+38 -3.4e+38 -3.4e+38 -3.4e+38 28.5 58.0999984741211 147.800003051758 324.799987792969 351.799987792969 379.700012207031 417.600006103516 413 401.899993896484 384.899993896484 446.600006103516 423.299987792969 394.799987792969 377.799987792969 472.100006103516 348.5 726.599975585938 1169.09997558594 1079.5 963.599975585938 854.900024414062 793.599975585938 670.299987792969 698.299987792969 671.599975585938 652 641.700012207031 634.400024414062 632.099975585938 633.099975585938 636.700012207031 640.599975585938 644.599975585938 647.099975585938 647.599975585938 650.900024414062 655.599975585938
-3.4e+38 -3.4e+38 -3.4e+38 -3.4e+38 -3.4e+38 -3.4e+38 -3.4e+38 -3.4e+38 -3.4e+38 -3.4e+38 -3.4e+38 -3.4e+38 -3.4e+38 -3.4e+38 -3.4e+38 -3.4e+38 -3.4e+38 -3.4e+38 42.2999992370605 122.900001525879 338.299987792969 364.299987792969 354.299987792969 413.399993896484 419.700012207031 399.100006103516 396.799987792969 434.299987792969 455.299987792969 401.100006103516 326.899993896484 342.5 338.600006103516 610.799987792969 1024.40002441406 982.099975585938 877.099975585938 784.700012207031 770 733.900024414062 708.400024414062 680.099975585938 655.799987792969 646 637.400024414062 634.299987792969 632.200012207031 634.200012207031 636.299987792969 640.400024414062 641.599975585938 645.900024414062 649.5 654.599975585938
-3.4e+38 -3.4e+38 -3.4e+38 -3.4e+38 -3.4e+38 -3.4e+38 -3.4e+38 -3.4e+38 -3.4e+38 -3.4e+38 -3.4e+38 -3.4e+38 -3.4e+38 -3.4e+38 -3.4e+38 -3.4e+38 -3.4e+38 -3.4e+38 27.7999992370605 71.9000015258789 197.100006103516 373 358.600006103516 418.899993896484 418.799987792969 395.399993896484 409.5 425.299987792969 400.600006103516 305.200012207031 370.700012207031 406.299987792969 368.5 540.400024414062 855.400024414062 918.400024414062 837.900024414062 761.700012207031 758.900024414062 743.099975585938 702 689.099975585938 658.400024414062 646.599975585938 639.400024414062 634.700012207031 632.5 633.099975585938 636.099975585938 638.099975585938 641 644.700012207031 650.299987792969 655.299987792969
-3.4e+38 -3.4e+38 -3.4e+38 -3.4e+38 -3.4e+38 -3.4e+38 -3.4e+38 -3.4e+38 -3.4e+38 -3.4e+38 -3.4e+38 -3.4e+38 -3.4e+38 -3.4e+38 -3.4e+38 -3.4e+38 -3.4e+38 -3.4e+38 18.8999996185303 41.0999984741211 160.199996948242 325.100006103516 372.799987792969 358.899993896484 400.399993896484 425.100006103516 420.299987792969 435.200012207031 466.399993896484 345.399993896484 502.700012207031 451.899993896484 385.100006103516 532.900024414062 741.099975585938 889.299987792969 859.900024414062 828.700012207031 797.900024414062 738.400024414062 699.099975585938 686.700012207031 660.900024414062 644.799987792969 636.599975585938 631.900024414062 630.900024414062 634.400024414062 637.900024414062 638.200012207031 641.599975585938 646.599975585938 651.400024414062 657.599975585938
-3.4e+38 -3.4e+38 -3.4e+38 -3.4e+38 -3.4e+38 -3.4e+38 -3.4e+38 -3.4e+38 -3.4e+38 -3.4e+38 -3.4e+38 -3.4e+38 -3.4e+38 -3.4e+38 -3.4e+38 -3.4e+38 -3.4e+38 -3.4e+38 -3.4e+38 30.2000007629395 145.100006103516 150.699996948242 377.100006103516 393.899993896484 384.600006103516 438.100006103516 430.299987792969 444.600006103516 441.100006103516 387.100006103516 496.299987792969 450.200012207031 370 400.5 678.200012207031 859.400024414062 866.799987792969 899.099975585938 836.599975585938 741.299987792969 698.200012207031 680.599975585938 655.599975585938 637 632.799987792969 633.799987792969 633.400024414062 637.599975585938 642.599975585938 644.099975585938 646.200012207031 652.099975585938 656.900024414062 661.200012207031
-3.4e+38 -3.4e+38 -3.4e+38 -3.4e+38 -3.4e+38 -3.4e+38 -3.4e+38 -3.4e+38 -3.4e+38 -3.4e+38 -3.4e+38 -3.4e+38 -3.4e+38 -3.4e+38 -3.4e+38 -3.4e+38 -3.4e+38 -3.4e+38 -3.4e+38 17.2999992370605 38.5999984741211 116.800003051758 342.100006103516 367.399993896484 368.600006103516 429 450.5 448.799987792969 446.899993896484 462.100006103516 567.099975585938 580.200012207031 483.100006103516 419.799987792969 498.100006103516 740.599975585938 805.599975585938 862.400024414062 803.5 739.799987792969 705.599975585938 688.200012207031 654.799987792969 630.400024414062 632.900024414062 637.599975585938 635.900024414062 639.5 644.400024414062 649.599975585938 653.400024414062 659.799987792969 665.799987792969 669.799987792969
-3.4e+38 -3.4e+38 -3.4e+38 -3.4e+38 -3.4e+38 -3.4e+38 -3.4e+38 -3.4e+38 -3.4e+38 -3.4e+38 -3.4e+38 -3.4e+38 -3.4e+38 -3.4e+38 -3.4e+38 -3.4e+38 -3.4e+38 -3.4e+38 -3.4e+38 -3.4e+38 18.3999996185303 60.5999984741211 170.600006103516 265.100006103516 394.5 418.899993896484 435.200012207031 437.5 453.899993896484 494.100006103516 572.299987792969 592.299987792969 507.299987792969 436.600006103516 501 591.900024414062 723.900024414062 779.099975585938 758.200012207031 731.5 716.799987792969 705.400024414062 666.799987792969 623 630.200012207031 639.299987792969 636.799987792969 644.099975585938 652.299987792969 659.799987792969 666.299987792969 673.599975585938 680.099975585938 684.5
-3.4e+38 -3.4e+38 -3.4e+38 -3.4e+38 -3.4e+38 -3.4e+38 -3.4e+38 -3.4e+38 -3.4e+38 -3.4e+38 -3.4e+38 -3.4e+38 -3.4e+38 -3.4e+38 -3.4e+38 -3.4e+38 -3.4e+38 -3.4e+38 -3.4e+38 -3.4e+38 -3.4e+38 30.3999996185303 126.099998474121 349.100006103516 417.299987792969 418.799987792969 430.399993896484 451.299987792969 439.799987792969 465.600006103516 535.599975585938 567.799987792969 445.100006103516 445.899993896484 563.599975585938 665.599975585938 712.099975585938 737.099975585938 741.099975585938 734.900024414062 725.900024414062 715.799987792969 699.799987792969 657.599975585938 631.900024414062 631.799987792969 642 652.799987792969 665.099975585938 674.799987792969 684.400024414062 691.799987792969 700.099975585938 705.799987792969
-3.4e+38 -3.4e+38 -3.4e+38 -3.4e+38 -3.4e+38 -3.4e+38 -3.4e+38 -3.4e+38 -3.4e+38 -3.4e+38 -3.4e+38 -3.4e+38 -3.4e+38 -3.4e+38 -3.4e+38 -3.4e+38 -3.4e+38 -3.4e+38 -3.4e+38 -3.4e+38 -3.4e+38 23.2999992370605 57.9000015258789 255 330.399993896484 391.700012207031 430.700012207031 456.399993896484 453.200012207031 466.299987792969 501.399993896484 531.099975585938 487.299987792969 438.299987792969 548.700012207031 687.099975585938 727.400024414062 733.700012207031 739.700012207031 721.5 730.400024414062 720.400024414062 706.599975585938 688.900024414062 632.799987792969 637.599975585938 651.799987792969 662.599975585938 675.400024414062 689.400024414062 700.599975585938 710.299987792969 719.400024414062 727.700012207031
-3.4e+38 -3.4e+38 -3.4e+38 -3.4e+38 -3.4e+38 -3.4e+38 -3.4e+38 -3.4e+38 -3.4e+38 -3.4e+38 -3.4e+38 -3.4e+38 -3.4e+38 -3.4e+38 -3.4e+38 -3.4e+38 -3.4e+38 -3.4e+38 -3.4e+38 -3.4e+38 -3.4e+38 -3.4e+38 40.2000007629395 74.4000015258789 183.300003051758 413.100006103516 443.899993896484 461.600006103516 474.200012207031 468.899993896484 462.600006103516 500.100006103516 491.799987792969 431.299987792969 602.200012207031 681.900024414062 639.5 756.799987792969 726 730.400024414062 693.200012207031 684.299987792969 704.099975585938 719.599975585938 650 647.099975585938 661.400024414062 674.099975585938 687.5 703.5 715.599975585938 728.599975585938 740.700012207031 751.700012207031
-3.4e+38 -3.4e+38 -3.4e+38 -3.4e+38 -3.4e+38 -3.4e+38 -3.4e+38 -3.4e+38 -3.4e+38 -3.4e+38 -3.4e+38 -3.4e+38 -3.4e+38 -3.4e+38 -3.4e+38 -3.4e+38 -3.4e+38 -3.4e+38 -3.4e+38 -3.4e+38 -3.4e+38 -3.4e+38 42.7999992370605 42.0999984741211 141.199996948242 258.100006103516 370.399993896484 461 498.899993896484 467.299987792969 463.700012207031 459.399993896484 414.200012207031 381.799987792969 517 554.299987792969 475.600006103516 634.599975585938 743.900024414062 700.200012207031 683.400024414062 644.299987792969 699.900024414062 674.900024414062 655.400024414062 646.599975585938 676.299987792969 687.900024414062 700.599975585938 713.799987792969 732.400024414062 748.099975585938 762.799987792969 775.799987792969
