data/layers/future_layer_mc_585_60/bio14.asc
NCOLS 494 
NROWS 529 
XLLCORNER -117.166666666667 
YLLCORNER -55.5 
CELLSIZE 0.166666666666667 
NODATA_value -3.4e+38 
[rows 260 to 285 of 529, columns 406 to 463 of 494]
6 6 6 6 6 5.30000019073486 4.30000019073486 3.79999995231628 3 3 2.90000009536743 3 2.90000009536743 2.09999990463257 2 2 1.39999997615814 1 1 1 1 1 1 0.600000023841858 0.5 0.200000002980232 0.100000001490116 0 0 0 0 0.100000001490116 0 0.300000011920929 0.899999976158142 0.600000023841858 0.400000005960464 0.800000011920929 1 1 1 0.899999976158142 1 1 1 0.600000023841858 0 1.20000004768372 2.29999995231628 2.40000009536743 1.89999997615814 1.29999995231628 5.09999990463257 14 21.7999992370605 21.7000007629395 19.3999996185303 18.6000003814697
5.90000009536743 6 5.90000009536743 5.80000019073486 5.80000019073486 5.09999990463257 4.19999980926514 3.70000004768372 3 3 3 3 2.79999995231628 2.09999990463257 2 2 1.70000004768372 1 1.10000002384186 1 1 1 1 0.400000005960464 0 0 0 0 0 0.200000002980232 0.600000023841858 0 0 0.100000001490116 0.400000005960464 0 0.100000001490116 0.800000011920929 1.39999997615814 1.29999995231628 1.10000002384186 0.300000011920929 0.800000011920929 1 1 0.899999976158142 1 1.10000002384186 1.10000002384186 1.70000004768372 1 1.39999997615814 6.90000009536743 19.6000003814697 24.5 22.2999992370605 18.1000003814697 15.1999998092651
5.59999990463257 5.5 5.40000009536743 5.40000009536743 5.30000019073486 4.90000009536743 4.40000009536743 4 3.40000009536743 3 3 3 2.40000009536743 2 2 2 2 1.39999997615814 1.89999997615814 1.20000004768372 1 1 1 0.300000011920929 0 0 0 0 0 0.300000011920929 1 0.200000002980232 0.100000001490116 0 0 0 0.100000001490116 1.79999995231628 2.79999995231628 1.39999997615814 0.800000011920929 0.800000011920929 1 1 1 1 1 1.10000002384186 1 4.59999990463257 1.89999997615814 3.5 11.3000001907349 20.3999996185303 25.2999992370605 23.3999996185303 17.2999992370605 13.6999998092651
5 5 5 5 5.09999990463257 4.90000009536743 4.09999990463257 4 3.5 3 3 3 2.90000009536743 2 2 2 1.89999997615814 2 1.89999997615814 1.29999995231628 1.10000002384186 1 1 0.800000011920929 0.300000011920929 0.300000011920929 0 0 0 0 0.800000011920929 0.600000023841858 0.699999988079071 0.400000005960464 0 0 0 0.899999976158142 1.20000004768372 0.899999976158142 0.899999976158142 1 1.10000002384186 1 1.10000002384186 1.29999995231628 1.10000002384186 1 1.60000002384186 8.69999980926514 8.89999961853027 9.19999980926514 14.6999998092651 19.2999992370605 24.8999996185303 22.1000003814697 16.1000003814697 14
4.69999980926514 5 5 5 5 4.40000009536743 4 3.90000009536743 3.79999995231628 3.09999990463257 3 3 2.59999990463257 2 2 2 2 2 2 1.89999997615814 1.89999997615814 1.79999995231628 1.10000002384186 1 1 0.899999976158142 0.600000023841858 0.200000002980232 0 0 0.600000023841858 1 0.899999976158142 0.5 0 0 0 0 0.100000001490116 0.100000001490116 0.800000011920929 1.29999995231628 1.5 0.800000011920929 1.5 1.20000004768372 1.10000002384186 1.39999997615814 2.79999995231628 14.3000001907349 19.8999996185303 21.7000007629395 19.1000003814697 19.1000003814697 23.1000003814697 20.6000003814697 18.2999992370605 16.3999996185303
4.19999980926514 4.90000009536743 4.90000009536743 4.80000019073486 4.40000009536743 4 3.90000009536743 3.20000004768372 3 3 3 2.29999995231628 2 2 2 2 2 2 2 2 2 2 1.70000004768372 1.70000004768372 1.10000002384186 1 0.800000011920929 0.300000011920929 0 0 0.600000023841858 1 1 0.899999976158142 0.300000011920929 0 0 0 0 0.400000005960464 0.899999976158142 1.29999995231628 2.70000004768372 1.89999997615814 2.09999990463257 1.89999997615814 1.70000004768372 2.40000009536743 5.59999990463257 19.7999992370605 24.6000003814697 24.7000007629395 21.8999996185303 22.5 23.7999992370605 22.3999996185303 20.1000003814697 17.1000003814697
4 4.09999990463257 4.40000009536743 4 4 4 3.79999995231628 3.09999990463257 3 2.90000009536743 2.5 2 2 2 2 2 2 2 2 2.29999995231628 2.20000004768372 2 2.09999990463257 2 1.70000004768372 1 1 0.899999976158142 0 0 0.400000005960464 1 1 1 0.100000001490116 0 0 0 0 0.300000011920929 0.899999976158142 0.899999976158142 2.79999995231628 1.79999995231628 1.89999997615814 1.79999995231628 2.70000004768372 5.40000009536743 12.8000001907349 22.8999996185303 26.7999992370605 29.5 31.6000003814697 25.1000003814697 27.7999992370605 25.6000003814697 20.2999992370605 15.1999998092651
4 4 4 4 4 4 3.79999995231628 3 2.90000009536743 2.40000009536743 2 2 2 2 2 2 2 2 2.20000004768372 2.59999990463257 2.70000004768372 2.59999990463257 2.90000009536743 2.59999990463257 2 1.89999997615814 1.60000002384186 1 0.699999988079071 0.300000011920929 1 1 1 1 0.800000011920929 0.200000002980232 0.100000001490116 0 0.100000001490116 1 1 1 1.10000002384186 1.79999995231628 2.09999990463257 2.29999995231628 4.5 9.69999980926514 21.7999992370605 29.5 24.8999996185303 26.1000003814697 30.1000003814697 28.1000003814697 28.7999992370605 23.8999996185303 19.7999992370605 15.5
4 4 4 4 4 3.90000009536743 3.29999995231628 2.90000009536743 2.09999990463257 2 2 2 1.89999997615814 2 2 2 2 2 2.29999995231628 2.90000009536743 3 3 3 2.90000009536743 2.70000004768372 2.09999990463257 2 1.29999995231628 1 1 1 1 1 1 0.899999976158142 0.100000001490116 0.200000002980232 0.100000001490116 0.899999976158142 0.899999976158142 0.600000023841858 0.800000011920929 0.699999988079071 2.90000009536743 2.59999990463257 3.90000009536743 5.30000019073486 10.1999998092651 25.6000003814697 26.2999992370605 17 23.1000003814697 24.8999996185303 25.1000003814697 25.3999996185303 21.3999996185303 17.8999996185303 17.2999992370605
4 3.59999990463257 3.70000004768372 3.40000009536743 3.59999990463257 3.09999990463257 3 2.29999995231628 2 1.89999997615814 1.60000002384186 1.39999997615814 1.79999995231628 1.89999997615814 2 2 2 2 2.09999990463257 3 2.90000009536743 2.90000009536743 3 3 3 2.20000004768372 2 1.60000002384186 1 1 1 1 1 1 1 0.899999976158142 0.800000011920929 0.600000023841858 0.800000011920929 0.5 0 0.100000001490116 0.300000011920929 1.60000002384186 2.90000009536743 5.09999990463257 8.5 6.90000009536743 26.7999992370605 21.1000003814697 17.6000003814697 21.7000007629395 21.8999996185303 22.7999992370605 23.1000003814697 18.6000003814697 16.2000007629395 17.7999992370605
3.79999995231628 3 3 3 3 3 2.09999990463257 2 1.79999995231628 1.10000002384186 1 1 1.10000002384186 1.60000002384186 1.89999997615814 2 2 2 2 2.29999995231628 2.09999990463257 2.20000004768372 2.29999995231628 2.59999990463257 2.29999995231628 2.09999990463257 2 1.60000002384186 1 0.899999976158142 1 1 1 0.699999988079071 0.600000023841858 0.600000023841858 0.5 0.200000002980232 0.100000001490116 0.600000023841858 0 0 0.100000001490116 0.699999988079071 2.70000004768372 6.09999990463257 8 10.1000003814697 20.6000003814697 21.3999996185303 15.8999996185303 18.7999992370605 19.3999996185303 19.3999996185303 19.1000003814697 16.8999996185303 15.3999996185303 20.1000003814697
3.09999990463257 3 3 3 3 2.90000009536743 2 2 1.39999997615814 1 1 1 1 1.60000002384186 2 2 2 2 2 2 2 2 2 2 2 2 1.70000004768372 1.10000002384186 0.899999976158142 0.200000002980232 0.100000001490116 0.699999988079071 1 0.800000011920929 0.5 0.600000023841858 0.400000005960464 0 0 0.600000023841858 0.600000023841858 0.800000011920929 0.899999976158142 0.699999988079071 2.40000009536743 4.69999980926514 5.90000009536743 13.3000001907349 25.1000003814697 23.7999992370605 16.5 16.7000007629395 16.2000007629395 16.2999992370605 16.2999992370605 14.8999996185303 15.3999996185303 19.2999992370605
3 3 3 3 3 2.79999995231628 2.40000009536743 2 1.60000002384186 1.10000002384186 1 1 1.20000004768372 1.79999995231628 2 2 2 2 2 2 2 1.79999995231628 1.79999995231628 1.89999997615814 1.79999995231628 1.60000002384186 1.10000002384186 1 0.800000011920929 0 0 0 0.699999988079071 0.800000011920929 0.100000001490116 0.600000023841858 0.600000023841858 0.5 0.5 1 1.39999997615814 1 1 1 1.89999997615814 5 5.80000019073486 12.8999996185303 23.7999992370605 16.5 16 16.2999992370605 17 16.2000007629395 16.2000007629395 12.3000001907349 11.3000001907349 11.8999996185303
3 3 3 3 3 3 2.59999990463257 2 2 1.60000002384186 1 1.29999995231628 1.89999997615814 2 2 2 2 2 2 2 1.89999997615814 1.5 1.10000002384186 1.10000002384186 1.10000002384186 1 1 1 0.300000011920929 0 0 0 0.600000023841858 0.300000011920929 0 0.100000001490116 1 1 1 1 1.60000002384186 1 1 1 1.29999995231628 7.80000019073486 11.3000001907349 16.8999996185303 23.2000007629395 16.1000003814697 12.8999996185303 13.3999996185303 15.6999998092651 15.6999998092651 15.8000001907349 13.3999996185303 12.6999998092651 16.2999992370605
3 3.09999990463257 3.09999990463257 3 3 3.09999990463257 2.79999995231628 2 2 2.59999990463257 1.89999997615814 2 2.09999990463257 2.09999990463257 2 2.20000004768372 2.09999990463257 2.09999990463257 2 2 1.89999997615814 1.5 1.20000004768372 1 1 1 1 1 0.300000011920929 0 0.100000001490116 0.200000002980232 0.100000001490116 0 0 0.600000023841858 1 1 1 1 1 1 1 1.10000002384186 1.89999997615814 15.6000003814697 20.1000003814697 20.3999996185303 22.1000003814697 26.1000003814697 12.3000001907349 12.5 12.8999996185303 13.3999996185303 15.3000001907349 20.5 20 29.6000003814697
3.79999995231628 3.79999995231628 3.29999995231628 3 3 3.29999995231628 2.90000009536743 2.09999990463257 2.29999995231628 3.20000004768372 2.59999990463257 2.09999990463257 2.09999990463257 2.59999990463257 2.09999990463257 2.20000004768372 2.29999995231628 2.29999995231628 2.40000009536743 2 1.89999997615814 1.39999997615814 1 1 1 1 1 1 1 0.800000011920929 0.600000023841858 0.300000011920929 0.100000001490116 0 0.100000001490116 0.899999976158142 1 1 0.899999976158142 1 1 1 1 1.5 3.29999995231628 16.8999996185303 17 14.8999996185303 25.3999996185303 29.1000003814697 13.3000001907349 13.5 10.5 11.3999996185303 18.1000003814697 22.5 28.1000003814697 39.7999992370605
4 3.79999995231628 3.5 3 3 3.59999990463257 3.09999990463257 2.59999990463257 2.29999995231628 3.29999995231628 3.79999995231628 3.79999995231628 2.90000009536743 2.90000009536743 2.20000004768372 2.90000009536743 2.90000009536743 2.29999995231628 2.5 1.79999995231628 1.10000002384186 1.10000002384186 1 1 1 1 1 0.899999976158142 0.800000011920929 1 1 0.800000011920929 0 0 0.400000005960464 0.899999976158142 0.5 0.699999988079071 0.5 0.800000011920929 1 1 1 1.10000002384186 4.30000019073486 17 15.8999996185303 10.3000001907349 30 30.1000003814697 13.6999998092651 10.8999996185303 7.90000009536743 11.8000001907349 21.6000003814697 23.2999992370605 33.4000015258789 50.0999984741211
4 4 3.59999990463257 3.09999990463257 3.09999990463257 3.40000009536743 3.09999990463257 3.09999990463257 2.79999995231628 3.40000009536743 4 4.5 3.90000009536743 3.20000004768372 3.09999990463257 3 3 3 2.29999995231628 1.60000002384186 1 1 1 1 1 1 1 0.600000023841858 0 0.100000001490116 0.300000011920929 0.100000001490116 0.200000002980232 0.400000005960464 1 0.300000011920929 0 0.300000011920929 0.400000005960464 0.600000023841858 1 1 1.10000002384186 1.70000004768372 4.09999990463257 9.60000038146973 7.40000009536743 6.90000009536743 26.6000003814697 23 11.8000001907349 7.69999980926514 6.80000019073486 9.5 18.5 24.8999996185303 39.4000015258789 57.2999992370605
4 4 4 3.79999995231628 4.09999990463257 3.90000009536743 3.20000004768372 3.59999990463257 3.20000004768372 3.29999995231628 3.29999995231628 3.59999990463257 4.40000009536743 4 3.59999990463257 3.09999990463257 3 3 2.59999990463257 1.70000004768372 1 1 1 1 1 1 0.899999976158142 0.400000005960464 0 0 0 0 0.699999988079071 1 1 0.800000011920929 1 1.20000004768372 1.29999995231628 0.899999976158142 0.899999976158142 1.29999995231628 2.09999990463257 2.90000009536743 2.59999990463257 2.29999995231628 3.5 5.09999990463257 14.8999996185303 17.1000003814697 6 4.90000009536743 4.19999980926514 7.90000009536743 15.3999996185303 23.6000003814697 41.2000007629395 65.5
4.5 4.40000009536743 4 4.30000019073486 4.30000019073486 4 3.5 3.40000009536743 3.5 3 3.09999990463257 4.19999980926514 5.59999990463257 4.80000019073486 4.19999980926514 3.40000009536743 3.20000004768372 3 3 2.20000004768372 1.60000002384186 1.29999995231628 1.10000002384186 1 1 1 1 0.800000011920929 0 0 0 0.100000001490116 0.800000011920929 0.899999976158142 1 1 1.39999997615814 2.59999990463257 2.59999990463257 1.20000004768372 1.20000004768372 3.09999990463257 3.40000009536743 2.70000004768372 1.89999997615814 1.79999995231628 1.39999997615814 3.90000009536743 7.40000009536743 9.30000019073486 5.90000009536743 3.79999995231628 3.90000009536743 5.69999980926514 11.3000001907349 19.3999996185303 35.4000015258789 67.4000015258789
4.69999980926514 4.09999990463257 4.09999990463257 4.09999990463257 4 4 3.90000009536743 3.79999995231628 3.70000004768372 3.09999990463257 4.59999990463257 5.80000019073486 5.69999980926514 4.40000009536743 4.09999990463257 3.79999995231628 3.90000009536743 3.90000009536743 3.79999995231628 2.70000004768372 2 2 1.39999997615814 1.20000004768372 1 1 1 1 0.600000023841858 0.400000005960464 0.5 1 0.899999976158142 1 0.800000011920929 0.699999988079071 1.10000002384186 2.29999995231628 1.79999995231628 0.800000011920929 1.29999995231628 4.40000009536743 4.80000019073486 2.40000009536743 2 2.29999995231628 2.40000009536743 3.20000004768372 3.70000004768372 4.59999990463257 4.5 4.19999980926514 4.30000019073486 7.40000009536743 15.3000001907349 20.1000003814697 37.5999984741211 63.9000015258789
4.59999990463257 4.09999990463257 4 3.90000009536743 4 4.09999990463257 4.40000009536743 4 4 4.19999980926514 5.40000009536743 5.59999990463257 5.80000019073486 4.59999990463257 4 4 4 4 3.79999995231628 3.09999990463257 2.40000009536743 2 2 1.89999997615814 1.29999995231628 1.10000002384186 1 1 1 1 1 1 1 1 0.899999976158142 0.600000023841858 1 1 1 0.899999976158142 0.800000011920929 2.20000004768372 3.59999990463257 1.70000004768372 2 2.59999990463257 3.29999995231628 3.79999995231628 4.59999990463257 5.30000019073486 3.79999995231628 3.70000004768372 5.09999990463257 9.30000019073486 14 20.6000003814697 37.5999984741211 56.5
4.80000019073486 4.30000019073486 4 4 4 4.30000019073486 4.59999990463257 4 4.09999990463257 4.59999990463257 5.19999980926514 5.40000009536743 5.59999990463257 4.40000009536743 4.09999990463257 4 4 4 3.79999995231628 3 2.40000009536743 2 2 2 2 1.89999997615814 1.20000004768372 1.10000002384186 1 1 1 1 1 1 0.899999976158142 0.600000023841858 0.699999988079071 0.300000011920929 0.5 1.10000002384186 1 2.09999990463257 2.70000004768372 1.79999995231628 1.10000002384186 2.09999990463257 2.40000009536743 3.20000004768372 4.19999980926514 5.40000009536743 4.19999980926514 4.69999980926514 6.40000009536743 11.5 14.1000003814697 20.6000003814697 37.4000015258789 48.7999992370605
5 4.90000009536743 4.09999990463257 4 4 4.5 4.90000009536743 4.90000009536743 4.59999990463257 5.30000019073486 5 5 5.5 4.09999990463257 4 4 3.79999995231628 3.90000009536743 4 3 2.29999995231628 2 2 2 2 2.09999990463257 1.89999997615814 1.89999997615814 1.39999997615814 1 1 1 1 1 1 0.800000011920929 0.5 0 0.100000001490116 0.800000011920929 1 2.29999995231628 2.79999995231628 2 1.60000002384186 1.20000004768372 1.29999995231628 2.09999990463257 3.09999990463257 4.09999990463257 5.19999980926514 8.30000019073486 11.6000003814697 15.6000003814697 19.2000007629395 26.3999996185303 37.4000015258789 45.5999984741211
5 4.90000009536743 4.40000009536743 4 4.40000009536743 4.90000009536743 5.30000019073486 5.5 5.40000009536743 6 5.90000009536743 5.69999980926514 5 4.30000019073486 4 4 4 4 3.79999995231628 3.09999990463257 2.5 2.09999990463257 2 2.20000004768372 2.09999990463257 2.70000004768372 2.09999990463257 2 2 1.5 1 1 1 1 0.899999976158142 0.699999988079071 0.899999976158142 0.600000023841858 1 1 0.699999988079071 1.5 2.29999995231628 1.70000004768372 1.70000004768372 1.29999995231628 1 1.5 2.59999990463257 3.5 7.5 11.1000003814697 17.1000003814697 21.7999992370605 26.2999992370605 33 39.9000015258789 45.0999984741211
5 4.90000009536743 4.40000009536743 4.59999990463257 5 5.09999990463257 6 6 6.40000009536743 5.90000009536743 5.40000009536743 5.69999980926514 4.80000019073486 4.19999980926514 4 4 4 4 3.29999995231628 2.79999995231628 2.20000004768372 2 2.09999990463257 2.59999990463257 2.79999995231628 2.90000009536743 2.90000009536743 2.09999990463257 2 1.79999995231628 1.10000002384186 1 1 1 1 0.699999988079071 0.800000011920929 1 1 1 0.5 1.10000002384186 2.29999995231628 1.79999995231628 1.29999995231628 1 1.70000004768372 2.09999990463257 2.90000009536743 4.40000009536743 8.69999980926514 15.8999996185303 21.2000007629395 25.8999996185303 34 39.2999992370605 42.9000015258789 42.5999984741211
