data/layers/future_layer_mc_585_60/bio18.asc
NCOLS 494 
NROWS 529 
XLLCORNER -117.166666666667 
YLLCORNER -55.5 
CELLSIZE 0.166666666666667 
NODATA_value -3.4e+38 
[rows 168 to 191 of 529, columns 216 to 269 of 494]
-3.4e+38 -3.4e+38 -3.4e+38 -3.4e+38 -3.4e+38 -3.4e+38 -3.4e+38 -3.4e+38 -3.4e+38 -3.4e+38 -3.4e+38 -3.4e+38 -3.4e+38 -3.4e+38 -3.4e+38 -3.4e+38 -3.4e+38 -3.4e+38 -3.4e+38 -3.4e+38 -3.4e+38 -3.4e+38 -3.4e+38 1578.80004882812 1628 1554.30004882812 1487.09997558594 1203.69995117188 825.200012207031 372.399993896484 318.100006103516 321.899993896484 342 310.600006103516 346.299987792969 393.200012207031 319.299987792969 333.399993896484 334.299987792969 355.399993896484 381.600006103516 408.5 404.100006103516 472.899993896484 433.100006103516 565.400024414062 505.700012207031 318.600006103516 280.799987792969 246.899993896484 232.600006103516 217.699996948242 194.300003051758 165.800003051758
-3.4e+38 -3.4e+38 -3.4e+38 -3.4e+38 -3.4e+38 -3.4e+38 -3.4e+38 -3.4e+38 -3.4e+38 -3.4e+38 -3.4e+38 -3.4e+38 -3.4e+38 -3.4e+38 -3.4e+38 -3.4e+38 -3.4e+38 -3.4e+38 -3.4e+38 -3.4e+38 -3.4e+38 -3.4e+38 -3.4e+38 1575.30004882812 1602.80004882812 1501.90002441406 1423.80004882812 1115.40002441406 625.900024414062 336.899993896484 302.299987792969 294.399993896484 309.100006103516 304.799987792969 309.799987792969 302.100006103516 294.399993896484 297.600006103516 328.600006103516 340.799987792969 464 430 404.299987792969 450.299987792969 482.899993896484 594 378.200012207031 310.299987792969 266.899993896484 257.899993896484 231.600006103516 212.600006103516 195.5 172
-3.4e+38 -3.4e+38 -3.4e+38 -3.4e+38 -3.4e+38 -3.4e+38 -3.4e+38 -3.4e+38 -3.4e+38 -3.4e+38 -3.4e+38 -3.4e+38 -3.4e+38 -3.4e+38 -3.4e+38 -3.4e+38 -3.4e+38 -3.4e+38 -3.4e+38 -3.4e+38 -3.4e+38 -3.4e+38 -3.4e+38 1572.09997558594 1541.59997558594 1467.69995117188 1266.09997558594 935.299987792969 428.399993896484 292.299987792969 280.799987792969 284.600006103516 279.700012207031 388.399993896484 267.600006103516 286.799987792969 276.899993896484 286.100006103516 322.700012207031 311.700012207031 393.100006103516 438.600006103516 424.5 482.200012207031 535.799987792969 401.399993896484 327 292.399993896484 265.100006103516 252.600006103516 230.100006103516 205.199996948242 185.5 174.199996948242
-3.4e+38 -3.4e+38 -3.4e+38 -3.4e+38 -3.4e+38 -3.4e+38 -3.4e+38 -3.4e+38 -3.4e+38 -3.4e+38 -3.4e+38 -3.4e+38 -3.4e+38 -3.4e+38 -3.4e+38 -3.4e+38 -3.4e+38 -3.4e+38 -3.4e+38 -3.4e+38 -3.4e+38 -3.4e+38 -3.4e+38 1395.90002441406 1551.40002441406 1425.30004882812 1155.5 618.900024414062 366.299987792969 270.399993896484 281.799987792969 264.799987792969 357.899993896484 374.100006103516 256.600006103516 265.100006103516 259 264.299987792969 280.600006103516 293.799987792969 462.5 351.799987792969 415.299987792969 495.600006103516 408.899993896484 354.700012207031 316.600006103516 285.899993896484 265.100006103516 250.600006103516 219.800003051758 197.699996948242 184.600006103516 170.5
-3.4e+38 -3.4e+38 -3.4e+38 -3.4e+38 -3.4e+38 -3.4e+38 -3.4e+38 -3.4e+38 -3.4e+38 -3.4e+38 -3.4e+38 -3.4e+38 -3.4e+38 -3.4e+38 -3.4e+38 -3.4e+38 -3.4e+38 -3.4e+38 -3.4e+38 -3.4e+38 -3.4e+38 -3.4e+38 -3.4e+38 1304.09997558594 1279.09997558594 1358.90002441406 939 491 382.100006103516 280.5 281.5 305.600006103516 384.399993896484 287.899993896484 240.5 247.800003051758 267.100006103516 268.600006103516 270.5 393.799987792969 426.600006103516 367 466.899993896484 514.5 408.700012207031 344.100006103516 309.200012207031 288.299987792969 264.600006103516 245.100006103516 222.300003051758 204.100006103516 190.100006103516 175.399993896484
-3.4e+38 -3.4e+38 -3.4e+38 -3.4e+38 -3.4e+38 -3.4e+38 -3.4e+38 -3.4e+38 -3.4e+38 -3.4e+38 -3.4e+38 -3.4e+38 -3.4e+38 -3.4e+38 -3.4e+38 -3.4e+38 -3.4e+38 -3.4e+38 -3.4e+38 -3.4e+38 -3.4e+38 -3.4e+38 -3.4e+38 -3.4e+38 1124.80004882812 1073.80004882812 608.099975585938 427.700012207031 297.700012207031 241.5 321.200012207031 373.899993896484 382.799987792969 243.399993896484 249.699996948242 242.5 249.5 244.899993896484 304.299987792969 469.100006103516 330.100006103516 406.899993896484 435.600006103516 470.100006103516 381.700012207031 334.799987792969 301.299987792969 282.899993896484 264.399993896484 240.600006103516 227.300003051758 216.899993896484 198.899993896484 203.100006103516
-3.4e+38 -3.4e+38 -3.4e+38 -3.4e+38 -3.4e+38 -3.4e+38 -3.4e+38 -3.4e+38 -3.4e+38 -3.4e+38 -3.4e+38 -3.4e+38 -3.4e+38 -3.4e+38 -3.4e+38 -3.4e+38 -3.4e+38 -3.4e+38 -3.4e+38 -3.4e+38 -3.4e+38 -3.4e+38 -3.4e+38 -3.4e+38 1168.30004882812 876.200012207031 556.200012207031 433.299987792969 235.300003051758 230.699996948242 300.899993896484 410.399993896484 310.799987792969 241.600006103516 249.399993896484 238.399993896484 219.899993896484 246.600006103516 401.299987792969 382.700012207031 376.600006103516 409.600006103516 421.799987792969 366.299987792969 333.899993896484 317.100006103516 298.700012207031 285.799987792969 272.100006103516 257.200012207031 237.699996948242 232.899993896484 215.800003051758 224.600006103516
-3.4e+38 -3.4e+38 -3.4e+38 -3.4e+38 -3.4e+38 -3.4e+38 -3.4e+38 -3.4e+38 -3.4e+38 -3.4e+38 -3.4e+38 -3.4e+38 -3.4e+38 -3.4e+38 -3.4e+38 -3.4e+38 -3.4e+38 -3.4e+38 -3.4e+38 -3.4e+38 -3.4e+38 -3.4e+38 -3.4e+38 1313.30004882812 1056.30004882812 733.799987792969 535.599975585938 300.799987792969 236.100006103516 219.699996948242 345.799987792969 414.700012207031 253.300003051758 246.800003051758 242.899993896484 229 213.399993896484 340.399993896484 418.5 435.299987792969 428.100006103516 412.899993896484 384.200012207031 358.399993896484 339.100006103516 316.100006103516 299.899993896484 294.700012207031 278.600006103516 279.100006103516 268.200012207031 228.899993896484 210.899993896484 226
-3.4e+38 -3.4e+38 -3.4e+38 -3.4e+38 -3.4e+38 -3.4e+38 -3.4e+38 -3.4e+38 -3.4e+38 -3.4e+38 -3.4e+38 -3.4e+38 -3.4e+38 -3.4e+38 -3.4e+38 -3.4e+38 -3.4e+38 -3.4e+38 -3.4e+38 -3.4e+38 -3.4e+38 -3.4e+38 1370.90002441406 1268.09997558594 1005.79998779297 614.700012207031 514.799987792969 288.799987792969 231.399993896484 218.199996948242 345.899993896484 380.399993896484 271 230.100006103516 245.399993896484 199.100006103516 201.600006103516 338.5 418.399993896484 407.600006103516 374.899993896484 355.299987792969 350.399993896484 370.100006103516 324.100006103516 311 308.700012207031 296.899993896484 278.899993896484 265.899993896484 244.300003051758 229.100006103516 233.300003051758 217.199996948242
-3.4e+38 -3.4e+38 -3.4e+38 -3.4e+38 -3.4e+38 -3.4e+38 -3.4e+38 -3.4e+38 -3.4e+38 -3.4e+38 -3.4e+38 -3.4e+38 -3.4e+38 -3.4e+38 -3.4e+38 -3.4e+38 -3.4e+38 -3.4e+38 -3.4e+38 -3.4e+38 -3.4e+38 -3.4e+38 1435.40002441406 1244.80004882812 849.400024414062 473.799987792969 409.899993896484 335 228.300003051758 231.100006103516 384.299987792969 414 371.700012207031 296.600006103516 223.800003051758 165.699996948242 197.300003051758 419.399993896484 466.600006103516 376.5 355.100006103516 345 304.399993896484 344.100006103516 339.399993896484 318.700012207031 309.899993896484 285.899993896484 304.600006103516 295.600006103516 289.899993896484 233.800003051758 227.600006103516 234.600006103516
-3.4e+38 -3.4e+38 -3.4e+38 -3.4e+38 -3.4e+38 -3.4e+38 -3.4e+38 -3.4e+38 -3.4e+38 -3.4e+38 -3.4e+38 -3.4e+38 -3.4e+38 -3.4e+38 -3.4e+38 -3.4e+38 -3.4e+38 -3.4e+38 -3.4e+38 -3.4e+38 -3.4e+38 1465.59997558594 1416.59997558594 1201.30004882812 845.599975585938 626.599975585938 408.299987792969 317 235.5 307.899993896484 397.100006103516 418.799987792969 432.399993896484 280.399993896484 174.100006103516 168.800003051758 331.399993896484 483 454.399993896484 413.799987792969 329.299987792969 328.100006103516 295.799987792969 299.899993896484 338.5 318.5 298.899993896484 278.5 279.399993896484 275.299987792969 258.799987792969 238.300003051758 230.199996948242 247.699996948242
-3.4e+38 -3.4e+38 -3.4e+38 -3.4e+38 -3.4e+38 -3.4e+38 -3.4e+38 -3.4e+38 -3.4e+38 -3.4e+38 -3.4e+38 -3.4e+38 -3.4e+38 -3.4e+38 -3.4e+38 -3.4e+38 -3.4e+38 -3.4e+38 -3.4e+38 -3.4e+38 -3.4e+38 1424.90002441406 1284 962.400024414062 609.900024414062 589.799987792969 372.799987792969 271.299987792969 309.700012207031 401.600006103516 460.899993896484 455.799987792969 439.399993896484 255.300003051758 193.800003051758 267.5 489 455.399993896484 401.799987792969 389.700012207031 316.600006103516 300.399993896484 291 279.799987792969 292.200012207031 292.299987792969 285.399993896484 273.600006103516 250.300003051758 240.100006103516 245.100006103516 234.399993896484 234.300003051758 231.699996948242
-3.4e+38 -3.4e+38 -3.4e+38 -3.4e+38 -3.4e+38 -3.4e+38 -3.4e+38 -3.4e+38 -3.4e+38 -3.4e+38 -3.4e+38 -3.4e+38 -3.4e+38 -3.4e+38 -3.4e+38 -3.4e+38 -3.4e+38 1160.09997558594 1232.80004882812 1330.40002441406 1350.19995117188 1252.40002441406 993.799987792969 549.099975585938 404.100006103516 605.400024414062 342.200012207031 239.800003051758 370.5 405.100006103516 453.399993896484 365.200012207031 347.799987792969 326.799987792969 321.200012207031 403.799987792969 506.299987792969 452.399993896484 331.100006103516 336 314.399993896484 298.600006103516 304.799987792969 290.899993896484 289.799987792969 300.899993896484 286.700012207031 283 260.399993896484 239.800003051758 240.800003051758 230 227.100006103516 229.399993896484
-3.4e+38 -3.4e+38 -3.4e+38 -3.4e+38 -3.4e+38 -3.4e+38 -3.4e+38 -3.4e+38 -3.4e+38 -3.4e+38 -3.4e+38 -3.4e+38 -3.4e+38 -3.4e+38 -3.4e+38 -3.4e+38 1332.59997558594 1264.30004882812 1412.09997558594 1382.90002441406 1266.80004882812 1060.30004882812 732.299987792969 550.700012207031 516.900024414062 413.700012207031 264.299987792969 321.399993896484 441.5 426.600006103516 520.599975585938 379.799987792969 332.600006103516 336.899993896484 413.799987792969 515.599975585938 480.399993896484 366.799987792969 345.899993896484 349.5 333.799987792969 309 327.299987792969 284.700012207031 282.399993896484 291.200012207031 287.200012207031 273.299987792969 250.800003051758 255.5 251.300003051758 242.5 228.800003051758 221
-3.4e+38 -3.4e+38 -3.4e+38 -3.4e+38 -3.4e+38 -3.4e+38 -3.4e+38 -3.4e+38 -3.4e+38 -3.4e+38 -3.4e+38 -3.4e+38 -3.4e+38 -3.4e+38 -3.4e+38 1158.30004882812 1355 1393.40002441406 1354.30004882812 1337.09997558594 1203.80004882812 764.799987792969 679.799987792969 653.799987792969 413.700012207031 260.100006103516 229.399993896484 465.899993896484 450.899993896484 515.700012207031 505.600006103516 423.899993896484 359.899993896484 377.100006103516 503.399993896484 516.900024414062 454 372.299987792969 378.899993896484 382.799987792969 365 332.700012207031 319.200012207031 316.799987792969 300.100006103516 283.399993896484 273.799987792969 263.600006103516 247.100006103516 255.600006103516 257.799987792969 249.800003051758 232.100006103516 231.600006103516
-3.4e+38 -3.4e+38 -3.4e+38 -3.4e+38 -3.4e+38 -3.4e+38 -3.4e+38 -3.4e+38 -3.4e+38 -3.4e+38 -3.4e+38 -3.4e+38 -3.4e+38 -3.4e+38 -3.4e+38 1129.09997558594 1331.30004882812 1339.90002441406 1348.59997558594 1339 1002.70001220703 464.299987792969 487.100006103516 475.799987792969 222.5 227.800003051758 394.899993896484 500.899993896484 517.599975585938 580.200012207031 532.400024414062 391.399993896484 320.299987792969 495.600006103516 522.299987792969 455.399993896484 449.299987792969 446.600006103516 428.100006103516 393.100006103516 369.299987792969 358.600006103516 323 329.600006103516 316.600006103516 281.100006103516 264.399993896484 251 243.800003051758 245.600006103516 252.399993896484 260.200012207031 237.399993896484 242.600006103516
-3.4e+38 -3.4e+38 -3.4e+38 -3.4e+38 -3.4e+38 -3.4e+38 -3.4e+38 -3.4e+38 -3.4e+38 -3.4e+38 -3.4e+38 -3.4e+38 -3.4e+38 -3.4e+38 -3.4e+38 -3.4e+38 1245.59997558594 1277.90002441406 1317.69995117188 1319.90002441406 846.299987792969 376.799987792969 343.600006103516 229.100006103516 210.300003051758 200.100006103516 498.100006103516 555 572.599975585938 440.299987792969 341 372.899993896484 449.5 551.799987792969 502 470.200012207031 481.700012207031 481.799987792969 449.399993896484 410.100006103516 383.299987792969 367.799987792969 353.299987792969 320.299987792969 292.899993896484 276.100006103516 263.399993896484 252.800003051758 248.899993896484 240.600006103516 254.100006103516 271.899993896484 248.899993896484 247.800003051758
-3.4e+38 -3.4e+38 -3.4e+38 -3.4e+38 -3.4e+38 -3.4e+38 -3.4e+38 -3.4e+38 -3.4e+38 -3.4e+38 -3.4e+38 -3.4e+38 -3.4e+38 -3.4e+38 -3.4e+38 -3.4e+38 1322.30004882812 1375 1397.30004882812 1254.59997558594 819.5 340.399993896484 241.100006103516 194.699996948242 181.899993896484 330.299987792969 548 575.599975585938 610.900024414062 634.200012207031 535 477.899993896484 546 459.600006103516 450.100006103516 448.700012207031 394.600006103516 419.5 409.399993896484 437.200012207031 401.899993896484 378.5 367.299987792969 344.5 321.899993896484 286.899993896484 273.100006103516 267.299987792969 264.299987792969 257.899993896484 267.200012207031 258.899993896484 265.100006103516 267.100006103516
-3.4e+38 -3.4e+38 -3.4e+38 -3.4e+38 -3.4e+38 -3.4e+38 -3.4e+38 -3.4e+38 -3.4e+38 -3.4e+38 -3.4e+38 -3.4e+38 -3.4e+38 -3.4e+38 1028.30004882812 1146.59997558594 1327.09997558594 1367.09997558594 1366.40002441406 1196.90002441406 839.400024414062 499.600006103516 199.300003051758 213.800003051758 333.399993896484 539 657.200012207031 589.5 679.200012207031 721.099975585938 707.400024414062 540.799987792969 526.099975585938 482.399993896484 446.700012207031 423.399993896484 386.700012207031 375.100006103516 373.600006103516 435.399993896484 413.100006103516 374.799987792969 381 347.700012207031 314.799987792969 300.299987792969 282.100006103516 276.399993896484 278.399993896484 277.700012207031 286.200012207031 282.899993896484 288.299987792969 299.200012207031
-3.4e+38 -3.4e+38 -3.4e+38 -3.4e+38 -3.4e+38 -3.4e+38 -3.4e+38 -3.4e+38 -3.4e+38 -3.4e+38 -3.4e+38 -3.4e+38 -3.4e+38 -3.4e+38 1029.5 1141.80004882812 1226.69995117188 1264.5 1181.80004882812 962.799987792969 616.599975585938 321.5 278.600006103516 208.699996948242 362.399993896484 645.700012207031 636.700012207031 636.599975585938 626.799987792969 738.400024414062 694.900024414062 607.299987792969 514.799987792969 483.399993896484 445.399993896484 414.100006103516 390.899993896484 370.399993896484 378.299987792969 404.600006103516 404.600006103516 408.899993896484 376 337.5 319.399993896484 311.100006103516 306.100006103516 300.5 308.799987792969 321.299987792969 308.899993896484 305.100006103516 314.5 329.5
-3.4e+38 -3.4e+38 -3.4e+38 -3.4e+38 -3.4e+38 -3.4e+38 -3.4e+38 -3.4e+38 -3.4e+38 -3.4e+38 -3.4e+38 -3.4e+38 -3.4e+38 933.299987792969 975.799987792969 1033.09997558594 1083 1167.90002441406 842.900024414062 535.099975585938 449.100006103516 328.799987792969 381.799987792969 483.399993896484 595.099975585938 676.099975585938 702 743.5 744.700012207031 758.400024414062 765.5 715.099975585938 603.400024414062 511.200012207031 457.799987792969 418.399993896484 387.899993896484 370.200012207031 352.299987792969 370.299987792969 424.899993896484 416.100006103516 374.100006103516 355.799987792969 345.100006103516 329.100006103516 326.700012207031 328.899993896484 340.5 358.100006103516 340.600006103516 340.600006103516 342.100006103516 350.100006103516
-3.4e+38 -3.4e+38 -3.4e+38 -3.4e+38 -3.4e+38 -3.4e+38 -3.4e+38 -3.4e+38 -3.4e+38 -3.4e+38 -3.4e+38 -3.4e+38 -3.4e+38 911.599975585938 884.299987792969 912.400024414062 988.700012207031 957.400024414062 491.799987792969 365.399993896484 383.700012207031 391.799987792969 356.600006103516 495.100006103516 603.799987792969 674.599975585938 772.599975585938 860.599975585938 870.099975585938 876.099975585938 794.400024414062 729.5 636.299987792969 561.5 471.899993896484 434.399993896484 384.600006103516 365.700012207031 351.100006103516 341.100006103516 410.399993896484 417.399993896484 386.299987792969 380.200012207031 376.299987792969 357.899993896484 357.200012207031 356.5 364.100006103516 370.899993896484 365.899993896484 368 362.600006103516 372.299987792969
-3.4e+38 -3.4e+38 -3.4e+38 -3.4e+38 -3.4e+38 -3.4e+38 -3.4e+38 -3.4e+38 -3.4e+38 537.900024414062 680.799987792969 811.799987792969 923.200012207031 923.400024414062 845.799987792969 851.299987792969 738 471.200012207031 264.299987792969 349.5 341 346.899993896484 402.799987792969 508.700012207031 593.900024414062 664.799987792969 798.099975585938 889.099975585938 891.599975585938 877.299987792969 856.599975585938 777.700012207031 656.299987792969 577.799987792969 517.799987792969 473.100006103516 401.899993896484 386.299987792969 367.200012207031 369.799987792969 410.399993896484 416.700012207031 405.899993896484 394.399993896484 391.100006103516 384.100006103516 383.799987792969 384.100006103516 387.899993896484 381.799987792969 391.899993896484 381 386.299987792969 399.200012207031
-3.4e+38 -3.4e+38 -3.4e+38 -3.4e+38 -3.4e+38 -3.4e+38 -3.4e+38 639.299987792969 566.900024414062 625.099975585938 720.299987792969 818.799987792969 877.299987792969 860.099975585938 779.299987792969 656.200012207031 537.400024414062 257.5 271 323 348.600006103516 352.700012207031 426 482.5 610.400024414062 743.900024414062 775.099975585938 836.400024414062 875.400024414062 882.5 844.299987792969 790.299987792969 750.700012207031 646.299987792969 592.400024414062 544.799987792969 515.900024414062 397.799987792969 386.799987792969 380.100006103516 392.799987792969 425.299987792969 429.200012207031 417.399993896484 412.200012207031 409.899993896484 408.200012207031 405.100006103516 402.399993896484 403.600006103516 413.700012207031 416.100006103516 408.799987792969 422.100006103516
