data/layers/future_layer_mc_585_60/bio13.asc
NCOLS 494 
NROWS 529 
XLLCORNER -117.166666666667 
YLLCORNER -55.5 
CELLSIZE 0.166666666666667 
NODATA_value -3.4e+38 
[rows 240 to 263 of 529, columns 432 to 485 of 494]
160.600006103516 170.300003051758 178.600006103516 180.100006103516 176.899993896484 174 172.600006103516 170.199996948242 167.399993896484 172.699996948242 189.600006103516 205.699996948242 198.399993896484 182.300003051758 176.300003051758 175.100006103516 160.600006103516 147.699996948242 143.100006103516 143.600006103516 157.399993896484 167.600006103516 168.399993896484 166.199996948242 162.600006103516 157.600006103516 160 165.5 166.199996948242 169.199996948242 176.899993896484 186.300003051758 195.100006103516 208.800003051758 219.300003051758 227.100006103516 224.600006103516 202.600006103516 194.399993896484 205.899993896484 213.800003051758 218.600006103516 219.300003051758 208.600006103516 198.300003051758 177.899993896484 158.899993896484 143.399993896484 134.300003051758 126.900001525879 112.599998474121 95.3000030517578 83.1999969482422 79
164.399993896484 175.600006103516 186 185.899993896484 176.899993896484 169.800003051758 165.300003051758 159.300003051758 158.100006103516 164.300003051758 180.5 187.899993896484 181.300003051758 172.800003051758 169.800003051758 166.100006103516 152.699996948242 135.600006103516 133.899993896484 150 175.899993896484 195.399993896484 182.300003051758 161.300003051758 153.800003051758 151.100006103516 156.199996948242 166.399993896484 174.600006103516 174.699996948242 187.399993896484 174.300003051758 176.100006103516 184.100006103516 195.800003051758 204.600006103516 199.100006103516 190.399993896484 191.100006103516 195.300003051758 201.699996948242 203 201.800003051758 190.300003051758 177.600006103516 159.800003051758 136.5 135.600006103516 141.800003051758 132.399993896484 116.400001525879 98 81.8000030517578 76.1999969482422
170.300003051758 176.399993896484 182.899993896484 182.399993896484 174.100006103516 165.399993896484 156.600006103516 152 149.399993896484 160.600006103516 170.800003051758 173.100006103516 168.100006103516 162.800003051758 162.399993896484 159.300003051758 150.199996948242 143.800003051758 146.899993896484 164.399993896484 189.800003051758 209.399993896484 184.5 156.800003051758 143.699996948242 142.199996948242 148.699996948242 159 172.600006103516 178.199996948242 176.600006103516 163.800003051758 160.800003051758 166.699996948242 175.899993896484 186.699996948242 185.899993896484 180.600006103516 183 186.899993896484 186.600006103516 190.399993896484 192.300003051758 179.100006103516 175.100006103516 158.600006103516 135.800003051758 139.899993896484 145.399993896484 134.5 118.300003051758 99.5999984741211 78.6999969482422 70.4000015258789
174 176.600006103516 179.600006103516 177.399993896484 171.600006103516 161.800003051758 153 146.399993896484 148.100006103516 159.300003051758 165.300003051758 165.699996948242 161.600006103516 157.300003051758 159 158.300003051758 154.100006103516 152.300003051758 157.800003051758 171.300003051758 183.899993896484 189.800003051758 175.399993896484 154.600006103516 139.399993896484 130.899993896484 136.199996948242 147.399993896484 158.100006103516 156.600006103516 148.699996948242 144.5 145.399993896484 150.399993896484 163.199996948242 175.100006103516 174.899993896484 172.300003051758 171.5 172.800003051758 168.899993896484 166.899993896484 162.800003051758 153.399993896484 159.800003051758 161.199996948242 152.600006103516 147.899993896484 142 134.399993896484 120.599998474121 100.099998474121 78 67.6999969482422
174.600006103516 175 175.800003051758 175.100006103516 170.100006103516 165.800003051758 153.199996948242 144.100006103516 145.699996948242 155.100006103516 161 156.699996948242 154.800003051758 152.199996948242 155.399993896484 159.800003051758 155.899993896484 156.100006103516 160.800003051758 166.5 169.300003051758 167.300003051758 156.399993896484 147.699996948242 137.199996948242 130.100006103516 133.300003051758 142.899993896484 148.300003051758 140.899993896484 130.600006103516 130.800003051758 135.800003051758 140.300003051758 151.699996948242 157.600006103516 157.300003051758 157.899993896484 159.800003051758 158.800003051758 154.100006103516 150.800003051758 143.899993896484 135.5 139.800003051758 141.5 141.899993896484 143.899993896484 137.800003051758 135.399993896484 126.199996948242 113.199996948242 95.9000015258789 81.4000015258789
173.800003051758 171 170.699996948242 172.600006103516 169.800003051758 168 159.5 150.399993896484 145.899993896484 151.899993896484 154.600006103516 152.899993896484 150 148.300003051758 148.699996948242 150.399993896484 151.600006103516 153.300003051758 154.600006103516 155.800003051758 153.5 147.800003051758 140.800003051758 136.5 132.199996948242 129 131.800003051758 134.899993896484 135.899993896484 131.399993896484 123 121.900001525879 129.600006103516 138.300003051758 148.300003051758 144.399993896484 140.300003051758 143.100006103516 147 144.100006103516 141.899993896484 140.100006103516 136.100006103516 126.800003051758 123.5 121.599998474121 121.900001525879 119.099998474121 122.900001525879 123.400001525879 121.199996948242 115 114.300003051758 91.5999984741211
172.300003051758 167.699996948242 163 164 170.800003051758 165.100006103516 159.800003051758 151.699996948242 147.199996948242 150.800003051758 150.399993896484 149.100006103516 147.100006103516 146 144.600006103516 141.399993896484 143.399993896484 144.699996948242 144.600006103516 143.600006103516 142 132.100006103516 123.400001525879 127.5 129.300003051758 129.399993896484 128.699996948242 130.100006103516 129.100006103516 127.5 123.300003051758 119.099998474121 120.099998474121 130.100006103516 138 134.600006103516 131.199996948242 134.399993896484 136.100006103516 125.099998474121 123.199996948242 131.600006103516 129.899993896484 125.800003051758 124.400001525879 121.099998474121 112.400001525879 106.599998474121 111.900001525879 113.199996948242 104 101.599998474121 98.4000015258789 83.4000015258789
170.199996948242 164.5 161 157.600006103516 161.199996948242 156.399993896484 151.600006103516 148.899993896484 147.600006103516 148.800003051758 147.600006103516 147.800003051758 146.100006103516 147.199996948242 146.399993896484 142.100006103516 138.800003051758 137.399993896484 135.399993896484 135.100006103516 131.100006103516 119.400001525879 112.800003051758 123.400001525879 131.899993896484 127.400001525879 124.900001525879 124.800003051758 125.699996948242 126.300003051758 120.699996948242 114.300003051758 112.400001525879 117.5 125.199996948242 125.599998474121 122.900001525879 124.599998474121 122.099998474121 120.099998474121 118.900001525879 123.400001525879 123.099998474121 121.699996948242 121.900001525879 115.300003051758 107.400001525879 110.599998474121 103.599998474121 92.0999984741211 92.5999984741211 89.8000030517578 87.4000015258789 93.8000030517578
167.899993896484 162.300003051758 157.5 155.899993896484 148.800003051758 147.399993896484 147.300003051758 145.600006103516 146.899993896484 146.899993896484 145.600006103516 145.699996948242 146.199996948242 148.100006103516 149.899993896484 144.199996948242 138.5 134.699996948242 131.699996948242 128.399993896484 122.599998474121 117.300003051758 119.099998474121 125.800003051758 127.599998474121 121.300003051758 115.900001525879 115.099998474121 125.300003051758 128.899993896484 119.400001525879 110.300003051758 105.699996948242 110.400001525879 119.800003051758 118.800003051758 116.300003051758 110.699996948242 103.400001525879 106.699996948242 108.400001525879 113.699996948242 113.099998474121 109.800003051758 105.400001525879 110.5 107.900001525879 101.599998474121 81.1999969482422 79 86.6999969482422 98.0999984741211 110.199996948242 118.5
165.300003051758 161.699996948242 156.699996948242 152.300003051758 148.699996948242 149.699996948242 151.100006103516 146.5 145.100006103516 145.199996948242 143.100006103516 143.5 144.100006103516 145 144.5 140.100006103516 136.600006103516 133.300003051758 130.199996948242 125.199996948242 118.900001525879 116.199996948242 119.800003051758 123.800003051758 123.599998474121 118.900001525879 113.300003051758 115.900001525879 127.300003051758 130.699996948242 115.400001525879 102.099998474121 101.400001525879 111 120.699996948242 113.800003051758 106.300003051758 105 97.4000015258789 97.3000030517578 102.199996948242 105.099998474121 103.400001525879 97.0999984741211 94.8000030517578 99.0999984741211 98.1999969482422 91.0999984741211 72.8000030517578 69.4000015258789 99.0999984741211 129.899993896484 148.800003051758 165.800003051758
162.600006103516 158.800003051758 158.100006103516 157.800003051758 155.399993896484 156 154.600006103516 147.899993896484 144.699996948242 143.5 142.199996948242 140.199996948242 138.300003051758 137.800003051758 138.100006103516 134.699996948242 139.600006103516 138.5 131.399993896484 125.800003051758 118.099998474121 116.800003051758 119.699996948242 123.099998474121 121.800003051758 117.800003051758 114.300003051758 118.300003051758 125.5 124.5 106.599998474121 96.4000015258789 93.8000030517578 102.5 112.599998474121 110.599998474121 105.5 100.300003051758 101.199996948242 101.699996948242 99.9000015258789 98.8000030517578 93.5999984741211 85.0999984741211 97.8000030517578 83.1999969482422 80.3000030517578 85.8000030517578 89.8000030517578 81.5999984741211 124.599998474121 179.199996948242 209.300003051758 234.300003051758
155.800003051758 156.100006103516 159.300003051758 162.399993896484 159.399993896484 157.899993896484 151.600006103516 145.899993896484 144.199996948242 142.399993896484 141.199996948242 135.600006103516 133.800003051758 133.300003051758 131.300003051758 126 131.800003051758 135.5 131.300003051758 126.099998474121 120.099998474121 119.599998474121 122.199996948242 122.599998474121 119.199996948242 114.900001525879 114.5 117.5 118.599998474121 119.599998474121 108.5 98.1999969482422 93.1999969482422 93.5999984741211 99.9000015258789 107.900001525879 107.800003051758 98.9000015258789 95.8000030517578 95.5999984741211 97.1999969482422 81.9000015258789 76.0999984741211 92.8000030517578 87.8000030517578 75.9000015258789 87.3000030517578 103.699996948242 102 97.0999984741211 134.899993896484 201.100006103516 234.899993896484 268.899993896484
156.699996948242 163.5 170.399993896484 176.199996948242 166.5 156.800003051758 150.5 143.5 141.600006103516 144.300003051758 141.800003051758 135.800003051758 132.100006103516 129.5 127.800003051758 125.099998474121 127.099998474121 132.399993896484 130.5 127.5 123.800003051758 121.599998474121 121.900001525879 120.099998474121 114.300003051758 106.599998474121 114.099998474121 111.400001525879 111.199996948242 112.300003051758 110.800003051758 103.300003051758 95.6999969482422 89.8000030517578 91.8000030517578 99.9000015258789 101.400001525879 97.4000015258789 95.4000015258789 93.0999984741211 91.8000030517578 82.0999984741211 74.8000030517578 72.4000015258789 81 83.6999969482422 96.5 108.900001525879 105.300003051758 103.400001525879 123.599998474121 178.699996948242 231.300003051758 250.600006103516
176.600006103516 174.800003051758 188 187.600006103516 168.100006103516 157.399993896484 151.399993896484 143 137.399993896484 139.300003051758 140.800003051758 136.199996948242 130.300003051758 127 124.800003051758 123.099998474121 124.099998474121 128.899993896484 132.300003051758 129.100006103516 122.800003051758 114.800003051758 113.900001525879 113.300003051758 104.900001525879 103.099998474121 104.400001525879 102.800003051758 103.099998474121 104 103 98.9000015258789 90.5999984741211 90.9000015258789 93.9000015258789 94.9000015258789 93.5 94.9000015258789 91.9000015258789 87.4000015258789 86.4000015258789 78.5999984741211 71.9000015258789 66.0999984741211 71.6999969482422 76.3000030517578 91.4000015258789 103.099998474121 101.599998474121 104.199996948242 113.599998474121 147.199996948242 191 217.899993896484
183.600006103516 172.199996948242 173.199996948242 176.5 169.399993896484 159.899993896484 153.600006103516 144.899993896484 133.699996948242 132.600006103516 136.600006103516 135 130.899993896484 128.199996948242 127 125.599998474121 121.599998474121 125.400001525879 133.600006103516 132.100006103516 122.099998474121 110.800003051758 107.800003051758 105.300003051758 97.0999984741211 95 95.0999984741211 93.4000015258789 93.3000030517578 96.9000015258789 92.1999969482422 89.5 90.0999984741211 91.0999984741211 95.5999984741211 95.4000015258789 92.0999984741211 89.0999984741211 86.0999984741211 82.5999984741211 80.0999984741211 77.6999969482422 68.3000030517578 67.9000015258789 71.6999969482422 77.0999984741211 80.4000015258789 88.1999969482422 97.9000015258789 111.800003051758 127.699996948242 145.5 173.899993896484 194.300003051758
180.5 171.399993896484 167.199996948242 165.800003051758 168.699996948242 169.100006103516 159.199996948242 149.399993896484 139.600006103516 132.300003051758 130.300003051758 130.699996948242 129.699996948242 129.399993896484 130.399993896484 133.100006103516 129.199996948242 127.599998474121 136.399993896484 134 124.699996948242 115.699996948242 105.5 98.3000030517578 93.5999984741211 90.4000015258789 89.5999984741211 87.4000015258789 87.5999984741211 95.6999969482422 91.8000030517578 88.1999969482422 89.9000015258789 92 93.8000030517578 93 89.3000030517578 84.3000030517578 78.5999984741211 76.8000030517578 77.6999969482422 76.8000030517578 71 75.0999984741211 75.0999984741211 95.6999969482422 102.699996948242 86.3000030517578 93 118.800003051758 140.899993896484 158.199996948242 176.100006103516 184.800003051758
178.800003051758 173.899993896484 168.699996948242 169.399993896484 171.100006103516 174.800003051758 162.800003051758 151.699996948242 147.100006103516 139.899993896484 133.300003051758 128.199996948242 128.5 131.100006103516 132.699996948242 136.5 136.399993896484 133 132.100006103516 126.900001525879 119.199996948242 110.400001525879 101.199996948242 94.5 91.8000030517578 86.1999969482422 80.3000030517578 78.5999984741211 86.0999984741211 97.4000015258789 97.9000015258789 91.4000015258789 91.3000030517578 91.9000015258789 91.8000030517578 87.3000030517578 84.0999984741211 78.4000015258789 76.4000015258789 73.4000015258789 75.8000030517578 76.9000015258789 69.9000015258789 72.1999969482422 77.3000030517578 108.900001525879 117.800003051758 108.300003051758 112.800003051758 119.800003051758 146.300003051758 169.399993896484 196.199996948242 206.899993896484
187.300003051758 177.899993896484 174.899993896484 178.399993896484 176.600006103516 175.100006103516 167.699996948242 159.899993896484 156.5 151.5 145 135.699996948242 129 128.899993896484 130 132.399993896484 129.800003051758 125.800003051758 121.800003051758 119.800003051758 114.800003051758 106.599998474121 101.599998474121 94.4000015258789 90.5999984741211 80.4000015258789 73.5 74.8000030517578 87.5999984741211 98 102.599998474121 96.9000015258789 93.4000015258789 93.5 92.5 86 79.3000030517578 75.9000015258789 77.5 80.5 82.5999984741211 75.5999984741211 68.0999984741211 66.0999984741211 74.6999969482422 99.8000030517578 116 122.900001525879 135.399993896484 136.699996948242 152.899993896484 178.899993896484 197.600006103516 -3.4e+38
187.699996948242 181.100006103516 181.5 185.600006103516 188.699996948242 182.899993896484 175.600006103516 170.399993896484 168.399993896484 164.300003051758 156.300003051758 142.899993896484 134.5 130.100006103516 125.800003051758 124.300003051758 126.199996948242 123.900001525879 113 110.699996948242 106.800003051758 105.300003051758 104.599998474121 96.5999984741211 85.1999969482422 78.5 79.0999984741211 86.5 94.3000030517578 103.900001525879 104.300003051758 98.5 97.0999984741211 94.8000030517578 88.3000030517578 82 80.0999984741211 76.3000030517578 81.0999984741211 88.3000030517578 90.3000030517578 78.5 70.6999969482422 70.3000030517578 84.5999984741211 102.699996948242 119.800003051758 142.399993896484 155.600006103516 165.300003051758 180.899993896484 190.300003051758 193.5 -3.4e+38
187.199996948242 187.600006103516 192.800003051758 199.699996948242 206.5 199.899993896484 183.699996948242 177.800003051758 179.100006103516 177.100006103516 163.800003051758 150.800003051758 143.899993896484 135.399993896484 129.399993896484 124.900001525879 119.800003051758 116.199996948242 111.099998474121 106.400001525879 100.900001525879 102.5 101.099998474121 96.0999984741211 84.5 81.0999984741211 87.4000015258789 101.099998474121 103.199996948242 108.599998474121 102.099998474121 96.8000030517578 94.8000030517578 86.8000030517578 78.0999984741211 69.5999984741211 70.4000015258789 71.9000015258789 81.5999984741211 88.8000030517578 97 82.9000015258789 81.6999969482422 92.3000030517578 101.300003051758 126.800003051758 151.300003051758 184.5 205.300003051758 220.300003051758 212.899993896484 -3.4e+38 -3.4e+38 -3.4e+38
190.800003051758 192.600006103516 200.100006103516 206.800003051758 212 202.800003051758 181.399993896484 178.600006103516 180.100006103516 178 162.800003051758 153.899993896484 148.399993896484 142.600006103516 131.100006103516 123.900001525879 117.099998474121 110.099998474121 107.400001525879 103.800003051758 99.3000030517578 99.6999969482422 98.9000015258789 92.8000030517578 85 83.4000015258789 91.5 104.400001525879 109.400001525879 102.800003051758 95.8000030517578 94.3000030517578 89.0999984741211 78.9000015258789 65.4000015258789 59.2000007629395 63.9000015258789 70.4000015258789 83.0999984741211 86.9000015258789 95.6999969482422 85.8000030517578 98.0999984741211 120.800003051758 131 158.100006103516 195.899993896484 226.100006103516 233.800003051758 -3.4e+38 -3.4e+38 -3.4e+38 -3.4e+38 -3.4e+38
199 199.600006103516 201.100006103516 200.100006103516 197.800003051758 188.300003051758 177.600006103516 172.5 166.899993896484 155.600006103516 147.899993896484 143.300003051758 155.399993896484 151.899993896484 138.100006103516 125.900001525879 113.900001525879 109 107.800003051758 105.699996948242 104.900001525879 102.5 96.9000015258789 90.1999969482422 85.0999984741211 86 94.4000015258789 108.5 117.699996948242 105.800003051758 92.0999984741211 88.0999984741211 86.5999984741211 77.9000015258789 68 68.3000030517578 72.6999969482422 73.5999984741211 82.4000015258789 101.599998474121 109.300003051758 101 104.699996948242 147.100006103516 150.600006103516 188.399993896484 244.800003051758 267.100006103516 237.100006103516 -3.4e+38 -3.4e+38 -3.4e+38 -3.4e+38 -3.4e+38
203.100006103516 202.100006103516 199.300003051758 196.399993896484 189.600006103516 178.800003051758 169.800003051758 167.899993896484 154.100006103516 146.800003051758 136.699996948242 130.399993896484 151.600006103516 154.5 141.800003051758 126.800003051758 118.300003051758 113.400001525879 111.400001525879 109.699996948242 107.300003051758 101.599998474121 97.0999984741211 94.8000030517578 92.5999984741211 95.5999984741211 100.599998474121 110.099998474121 119.599998474121 110.800003051758 97.1999969482422 88.8000030517578 83.0999984741211 78.1999969482422 77.0999984741211 78.5999984741211 79.4000015258789 79.5 81.8000030517578 102.099998474121 111.300003051758 112.300003051758 108.900001525879 126.400001525879 155.600006103516 202.800003051758 261.299987792969 276.799987792969 -3.4e+38 -3.4e+38 -3.4e+38 -3.4e+38 -3.4e+38 -3.4e+38
207.800003051758 206.600006103516 202.600006103516 196.199996948242 186.600006103516 176.899993896484 168.5 169.100006103516 154.399993896484 145.800003051758 135.800003051758 136.300003051758 144.899993896484 145.600006103516 142.399993896484 139.600006103516 127.599998474121 121.599998474121 119.5 115.300003051758 110.400001525879 105.099998474121 100.5 99.3000030517578 100.599998474121 103.300003051758 101.900001525879 105.900001525879 113.400001525879 110 98.9000015258789 89.9000015258789 81.5999984741211 77.9000015258789 77.3000030517578 77.6999969482422 80 82 81.4000015258789 92.3000030517578 103.800003051758 106.5 114.099998474121 125.300003051758 154.100006103516 205.600006103516 263.600006103516 -3.4e+38 -3.4e+38 -3.4e+38 -3.4e+38 -3.4e+38 -3.4e+38 -3.4e+38
