data/layers/future_layer_mc_585_60/bio14.asc
NCOLS 494 
NROWS 529 
XLLCORNER -117.166666666667 
YLLCORNER -55.5 
CELLSIZE 0.166666666666667 
NODATA_value -3.4e+38 
[rows 156 to 181 of 529, columns 232 to 289 of 494]
-3.4e+38 -3.4e+38 -3.4e+38 -3.4e+38 -3.4e+38 -3.4e+38 -3.4e+38 174.300003051758 354.799987792969 343.899993896484 196.600006103516 243.199996948242 138.300003051758 105.099998474121 89.0999984741211 80.3000030517578 79.5999984741211 89.1999969482422 90.8000030517578 103.699996948242 115.5 113.800003051758 114.300003051758 100.400001525879 86.4000015258789 83.5999984741211 97.8000030517578 94.9000015258789 93.0999984741211 95.8000030517578 55.0999984741211 66.9000015258789 55.5999984741211 56.5 34.5 22.2000007629395 7.80000019073486 9.5 18.1000003814697 92.8000030517578 51.0999984741211 25 17.6000003814697 21.2999992370605 19.2999992370605 15.3999996185303 13.5 12.1999998092651 12.1000003814697 12 11.5 10.6000003814697 10.1999998092651 10 9.60000038146973 9.39999961853027 9.30000019073486 9.19999980926514
-3.4e+38 -3.4e+38 -3.4e+38 -3.4e+38 -3.4e+38 -3.4e+38 -3.4e+38 208.899993896484 407.100006103516 424.100006103516 327.799987792969 282.700012207031 177.300003051758 139.899993896484 92.8000030517578 97.4000015258789 80.3000030517578 94.3000030517578 103.900001525879 119.800003051758 126.099998474121 119.900001525879 111.800003051758 104.900001525879 84.0999984741211 107.300003051758 109.099998474121 104.900001525879 90.4000015258789 75.4000015258789 56.9000015258789 70.3000030517578 61.2000007629395 42.2999992370605 30.3999996185303 24.2999992370605 11.8999996185303 3.09999990463257 26.8999996185303 45.4000015258789 29 21.2999992370605 18.5 22 21.1000003814697 18.1000003814697 14.6000003814697 14.3999996185303 14.1999998092651 13.6999998092651 12.8999996185303 12.6999998092651 12.5 11.3000001907349 10.3999996185303 9.60000038146973 10.1000003814697 9.89999961853027
-3.4e+38 -3.4e+38 -3.4e+38 -3.4e+38 -3.4e+38 -3.4e+38 -3.4e+38 177.199996948242 389.100006103516 353.100006103516 408.299987792969 379.200012207031 230.699996948242 124.800003051758 105.900001525879 94.5 101.5 112.199996948242 102.800003051758 117.099998474121 150.600006103516 128.300003051758 105.300003051758 91.5 94.0999984741211 95.3000030517578 98.8000030517578 103.099998474121 102 73.9000015258789 75.5999984741211 70.0999984741211 67.4000015258789 24.3999996185303 21.7999992370605 22.6000003814697 9 23.2000007629395 96.4000015258789 53.0999984741211 24.7999992370605 20.2000007629395 19.2999992370605 18.8999996185303 17.8999996185303 17.5 17.7999992370605 15.6999998092651 15.1000003814697 14.6999998092651 14.3999996185303 15.1000003814697 13.8000001907349 11.8999996185303 12.1000003814697 11.8000001907349 11.8000001907349 11.1999998092651
-3.4e+38 -3.4e+38 -3.4e+38 -3.4e+38 -3.4e+38 -3.4e+38 -3.4e+38 189.100006103516 346.600006103516 451.399993896484 458.899993896484 457.399993896484 349.5 184.399993896484 116.5 105.300003051758 105.800003051758 117.699996948242 97.0999984741211 144.800003051758 158.800003051758 129.199996948242 107.400001525879 101.900001525879 95.9000015258789 97.0999984741211 106.599998474121 95.3000030517578 67.3000030517578 73.8000030517578 79.5999984741211 58.4000015258789 41.4000015258789 16.3999996185303 21.1000003814697 20.1000003814697 17 62.5999984741211 65.3000030517578 64.9000015258789 24.1000003814697 20.2000007629395 19.2000007629395 19.2000007629395 18.7999992370605 18.7999992370605 18 18 17.2999992370605 16.1000003814697 14.6999998092651 15.6000003814697 14.6999998092651 14.1000003814697 13 12.8999996185303 11.8999996185303 12.8999996185303
-3.4e+38 -3.4e+38 -3.4e+38 -3.4e+38 -3.4e+38 -3.4e+38 -3.4e+38 207.600006103516 267 485.200012207031 483.700012207031 441.799987792969 361.299987792969 149.600006103516 129.399993896484 100.599998474121 95.6999969482422 113.900001525879 115.599998474121 153.899993896484 136 128.5 101.599998474121 98.8000030517578 101.199996948242 114.300003051758 106.400001525879 68.4000015258789 72.3000030517578 81.3000030517578 54.9000015258789 39.7000007629395 20.2000007629395 24.2999992370605 19 15.5 19.8999996185303 36.0999984741211 39.9000015258789 31.7999992370605 20.2999992370605 19.1000003814697 21 21.7999992370605 19.6000003814697 19 19.7999992370605 18.6000003814697 18.3999996185303 15.6000003814697 14.5 14.8999996185303 14.3000001907349 13 13.1000003814697 12.8999996185303 13.6000003814697 15.8000001907349
-3.4e+38 -3.4e+38 -3.4e+38 -3.4e+38 -3.4e+38 -3.4e+38 -3.4e+38 -3.4e+38 308.799987792969 485.399993896484 490.399993896484 455 409.399993896484 226.800003051758 116.800003051758 115.800003051758 115.599998474121 93.4000015258789 123.300003051758 139.399993896484 154.800003051758 121.900001525879 100.800003051758 95.9000015258789 107.099998474121 118.900001525879 99.1999969482422 74.8000030517578 37.0999984741211 47.4000015258789 28.7999992370605 27.1000003814697 31.8999996185303 28.2999992370605 15.3999996185303 20.3999996185303 22.2999992370605 22.2999992370605 21.5 21.1000003814697 20.3999996185303 19.2999992370605 17.6000003814697 20.3999996185303 21.1000003814697 18.6000003814697 19.7999992370605 19.8999996185303 16.7999992370605 15.8999996185303 17.2000007629395 15.5 14.8999996185303 14.3999996185303 14.3999996185303 15.1000003814697 17 18.6000003814697
-3.4e+38 -3.4e+38 -3.4e+38 -3.4e+38 -3.4e+38 -3.4e+38 -3.4e+38 234.399993896484 385.600006103516 481.100006103516 504 490.5 463.799987792969 295.100006103516 133.399993896484 122.400001525879 118.900001525879 109.099998474121 118 134.300003051758 131.699996948242 123.900001525879 97.3000030517578 102.5 117.599998474121 113.300003051758 95.4000015258789 61.4000015258789 31.3999996185303 50.5 23.7999992370605 23.2999992370605 21.5 18.1000003814697 15.3000001907349 30.7000007629395 25.8999996185303 25.6000003814697 22.7000007629395 22.7000007629395 19.3999996185303 19.6000003814697 19 18.3999996185303 18.6000003814697 18.5 18.7999992370605 18.2999992370605 17.3999996185303 18.1000003814697 17.7999992370605 16.3999996185303 17.1000003814697 17.6000003814697 16.5 18.6000003814697 19.5 22.2999992370605
-3.4e+38 -3.4e+38 -3.4e+38 -3.4e+38 -3.4e+38 -3.4e+38 -3.4e+38 231.100006103516 346.100006103516 467.299987792969 522.599975585938 496.799987792969 457.600006103516 237.899993896484 149.199996948242 131.5 127.199996948242 117.900001525879 109.400001525879 82.9000015258789 135 117.800003051758 100.900001525879 111 128.300003051758 106.300003051758 76.5999984741211 51.4000015258789 31.2999992370605 28.2999992370605 29.5 34.7000007629395 22.8999996185303 22.2000007629395 37.0999984741211 30 26.2000007629395 27.6000003814697 23.8999996185303 21.5 20.1000003814697 20 19.2999992370605 19.2000007629395 18.3999996185303 19.3999996185303 19.8999996185303 21.1000003814697 18.7000007629395 18.1000003814697 18.6000003814697 19.2000007629395 19.2000007629395 19.2999992370605 19.8999996185303 20.3999996185303 21.3999996185303 23.2999992370605
-3.4e+38 -3.4e+38 -3.4e+38 -3.4e+38 -3.4e+38 -3.4e+38 -3.4e+38 312.299987792969 377.100006103516 462.5 454.899993896484 494.799987792969 376.100006103516 217.699996948242 129.5 127.5 125.199996948242 115.199996948242 84.5999984741211 94.6999969482422 122.599998474121 111.900001525879 90.1999969482422 103.300003051758 104.599998474121 86.3000030517578 59.5999984741211 39.9000015258789 34.4000015258789 41.7999992370605 33.2999992370605 47.5999984741211 52.2999992370605 50.2000007629395 45 26.6000003814697 23.7000007629395 30.8999996185303 20.6000003814697 22.2000007629395 20.2999992370605 19.3999996185303 21.7999992370605 23.8999996185303 20.3999996185303 20.1000003814697 21.2000007629395 19.7999992370605 19.3999996185303 19 20 20.2999992370605 20.7999992370605 21.1000003814697 21.7999992370605 22.7000007629395 24.2000007629395 23.7000007629395
-3.4e+38 -3.4e+38 -3.4e+38 -3.4e+38 -3.4e+38 -3.4e+38 -3.4e+38 380.700012207031 418.899993896484 489.5 515.799987792969 461.100006103516 309.100006103516 144.199996948242 107.199996948242 119.300003051758 116.199996948242 104.900001525879 70.5999984741211 85.5999984741211 111.199996948242 97.0999984741211 87.4000015258789 80.5 69.4000015258789 78.6999969482422 48.5999984741211 42.4000015258789 35.5999984741211 48.4000015258789 45.5999984741211 58.4000015258789 46 61.2999992370605 32 26 20.2999992370605 21.1000003814697 20.3999996185303 19.7999992370605 20.6000003814697 18.6000003814697 19 19.8999996185303 19.8999996185303 21.2999992370605 20.1000003814697 20.2000007629395 20 20 20.5 21.3999996185303 22.2000007629395 22.6000003814697 24.2999992370605 25.6000003814697 28.6000003814697 27.1000003814697
-3.4e+38 -3.4e+38 -3.4e+38 -3.4e+38 -3.4e+38 -3.4e+38 -3.4e+38 383.899993896484 416.899993896484 498.200012207031 484.700012207031 363.299987792969 187.199996948242 138.899993896484 119.300003051758 110.800003051758 103.099998474121 97.5 69.5999984741211 56.7999992370605 88.1999969482422 77.9000015258789 79 78.0999984741211 74.4000015258789 53.5999984741211 45.9000015258789 41.5999984741211 42.4000015258789 68 48.5999984741211 50 47.9000015258789 37.9000015258789 34.7999992370605 22.7999992370605 26.7000007629395 23.7999992370605 24.1000003814697 20.7000007629395 21.1000003814697 19.7999992370605 19.8999996185303 21.7999992370605 21.3999996185303 21.1000003814697 20.2000007629395 20.8999996185303 21.2000007629395 20.8999996185303 20.3999996185303 21.1000003814697 23.5 23.5 27.2000007629395 26.8999996185303 26.7999992370605 28.2000007629395
-3.4e+38 -3.4e+38 -3.4e+38 -3.4e+38 -3.4e+38 -3.4e+38 -3.4e+38 404.600006103516 450.100006103516 467.700012207031 418.299987792969 285.600006103516 162.399993896484 119.5 101.300003051758 97.9000015258789 93.0999984741211 80.0999984741211 54.0999984741211 58.5 77.6999969482422 65.9000015258789 70.5999984741211 67.8000030517578 72.9000015258789 51.5999984741211 50.9000015258789 43.7999992370605 45.5 52.7000007629395 60.9000015258789 55 46.5999984741211 37.9000015258789 35.7999992370605 28.3999996185303 28.6000003814697 23.6000003814697 26 20.8999996185303 22.2000007629395 21.2999992370605 20.2999992370605 22.1000003814697 20.2999992370605 19.1000003814697 18 16.6000003814697 21.5 22.8999996185303 22.6000003814697 23.6000003814697 25.7999992370605 27.8999996185303 28.3999996185303 31.2000007629395 29.3999996185303 32.2000007629395
-3.4e+38 -3.4e+38 -3.4e+38 -3.4e+38 -3.4e+38 -3.4e+38 -3.4e+38 394.899993896484 427.799987792969 425.100006103516 419.899993896484 308.899993896484 158.300003051758 95.9000015258789 81.0999984741211 76.5999984741211 88.4000015258789 71.8000030517578 67.8000030517578 59.7000007629395 68.5999984741211 68.3000030517578 65.3000030517578 73.0999984741211 91.4000015258789 56.5999984741211 52.4000015258789 57 37.2999992370605 51.9000015258789 91.6999969482422 52.5 41.2000007629395 29.6000003814697 34.2999992370605 33.0999984741211 29.2999992370605 18.7999992370605 25.2999992370605 20.1000003814697 18.6000003814697 16.1000003814697 14.8000001907349 18.7999992370605 14.6000003814697 23.2000007629395 19.3999996185303 17.7000007629395 21.7999992370605 23.3999996185303 25.1000003814697 23.6000003814697 27.8999996185303 28.1000003814697 29.7999992370605 33.5 36.7000007629395 34.0999984741211
-3.4e+38 -3.4e+38 -3.4e+38 -3.4e+38 -3.4e+38 -3.4e+38 -3.4e+38 396.899993896484 396.600006103516 404.100006103516 379 267.899993896484 111.5 88.0999984741211 69.5999984741211 70.4000015258789 78.8000030517578 68.3000030517578 66.3000030517578 71.0999984741211 61.5999984741211 53.7999992370605 66.9000015258789 76.3000030517578 83.9000015258789 71.3000030517578 52.7999992370605 59.0999984741211 64.5999984741211 90.5999984741211 72.3000030517578 48.2999992370605 36.2999992370605 38.0999984741211 30 28.8999996185303 23.1000003814697 16.3999996185303 17.1000003814697 16.1000003814697 11.6999998092651 11.6000003814697 10.8000001907349 11.8999996185303 14 15.6000003814697 19.8999996185303 21.7000007629395 20.2000007629395 21.1000003814697 22.8999996185303 24.8999996185303 27.8999996185303 33.5 35.4000015258789 36.2999992370605 37.7000007629395 40.7000007629395
-3.4e+38 -3.4e+38 -3.4e+38 -3.4e+38 -3.4e+38 -3.4e+38 -3.4e+38 373.799987792969 378.899993896484 350.5 325.600006103516 223.100006103516 91.0999984741211 72.0999984741211 65.8000030517578 70 65.8000030517578 72.3000030517578 62.4000015258789 65 48.7999992370605 58.4000015258789 74.5999984741211 68.6999969482422 81.0999984741211 63.7000007629395 59.2000007629395 74.3000030517578 90.5 81.5 52.9000015258789 40.5 33.7999992370605 35.5999984741211 28.7999992370605 20.8999996185303 17.1000003814697 16.6000003814697 14.3999996185303 10.8000001907349 10 10 10.6000003814697 10.8000001907349 13.8999996185303 17.6000003814697 17 18.7000007629395 21.3999996185303 24 29.2999992370605 33.5999984741211 35.5 36.5999984741211 37.7000007629395 40 39.7999992370605 43.7999992370605
-3.4e+38 -3.4e+38 -3.4e+38 -3.4e+38 -3.4e+38 -3.4e+38 -3.4e+38 321.600006103516 353.899993896484 342.5 249.699996948242 117.300003051758 82.5999984741211 63.4000015258789 72.8000030517578 62.5 75.8000030517578 69.1999969482422 60.4000015258789 51.9000015258789 53.7999992370605 54.7000007629395 55.0999984741211 73.3000030517578 82.6999969482422 45.5 42.7000007629395 79.8000030517578 86.5999984741211 61.7000007629395 48.7999992370605 38.2000007629395 35.2999992370605 36.9000015258789 22.1000003814697 17.1000003814697 13.1999998092651 12 12.8000001907349 10.6000003814697 10.6000003814697 10.1000003814697 10.3999996185303 10.3000001907349 13 14.6000003814697 18.7999992370605 19.2999992370605 20.2999992370605 26.7000007629395 34 35.7000007629395 37.2000007629395 39.0999984741211 41.7000007629395 44.5999984741211 45.2000007629395 46.7999992370605
-3.4e+38 -3.4e+38 -3.4e+38 -3.4e+38 -3.4e+38 -3.4e+38 -3.4e+38 276.700012207031 276.799987792969 294.799987792969 206.899993896484 84.8000030517578 69.3000030517578 71.8000030517578 67.9000015258789 66.9000015258789 77.0999984741211 60.4000015258789 53.7999992370605 42.7999992370605 58.5999984741211 44.7000007629395 54.7999992370605 80.0999984741211 67.9000015258789 36.2000007629395 58.5999984741211 98.5 77.6999969482422 53.0999984741211 48.2999992370605 43.2000007629395 36.2000007629395 28.7999992370605 22 17.2999992370605 14.8000001907349 13 12.6000003814697 10.8000001907349 10.3999996185303 10 10.1000003814697 10.8999996185303 15.6000003814697 19.7999992370605 24 22.6000003814697 31.3999996185303 34.4000015258789 37.0999984741211 38.5999984741211 40.4000015258789 42.2000007629395 44.9000015258789 45.5999984741211 50.0999984741211 53.7000007629395
-3.4e+38 -3.4e+38 -3.4e+38 -3.4e+38 -3.4e+38 -3.4e+38 -3.4e+38 -3.4e+38 247.399993896484 221.300003051758 107.099998474121 66.1999969482422 56.7999992370605 58.5999984741211 67.5 71.5 74.3000030517578 53.7999992370605 45.2000007629395 45.4000015258789 55.4000015258789 44.0999984741211 57.4000015258789 80.0999984741211 49.4000015258789 50.2999992370605 71.0999984741211 103.400001525879 60.4000015258789 45.2999992370605 40.2999992370605 37.5 34.2999992370605 23.7999992370605 22 24.2999992370605 16.3999996185303 16.7999992370605 15.1000003814697 13.1000003814697 12.3999996185303 10.6000003814697 13.3999996185303 17.8999996185303 20.7999992370605 30.2000007629395 32.7999992370605 32.5999984741211 32 35.2000007629395 38.2999992370605 40.4000015258789 41.7999992370605 44.5 46.4000015258789 47.9000015258789 51.4000015258789 52.4000015258789
-3.4e+38 -3.4e+38 -3.4e+38 -3.4e+38 -3.4e+38 -3.4e+38 -3.4e+38 -3.4e+38 250.800003051758 183.300003051758 74.9000015258789 67.0999984741211 50 57.0999984741211 64.5999984741211 74.6999969482422 66.6999969482422 50.5999984741211 45.9000015258789 46.2000007629395 41.9000015258789 44.9000015258789 65.0999984741211 72.8000030517578 68.9000015258789 56.9000015258789 84.0999984741211 67 47.2999992370605 40.9000015258789 39.4000015258789 36.7000007629395 30.6000003814697 28.7999992370605 25.7000007629395 25.2999992370605 19.7000007629395 19.2999992370605 17.7999992370605 18.6000003814697 19.3999996185303 19.3999996185303 14 21.8999996185303 27.7999992370605 29.2999992370605 27.7000007629395 33.0999984741211 31.6000003814697 33.5 38.7999992370605 42.2999992370605 43.9000015258789 46.0999984741211 47.5 50.5999984741211 55.7999992370605 53.7999992370605
-3.4e+38 -3.4e+38 -3.4e+38 -3.4e+38 -3.4e+38 -3.4e+38 -3.4e+38 301.799987792969 214.399993896484 137.800003051758 79.9000015258789 69.1999969482422 51.2999992370605 49.5 68.3000030517578 77.5999984741211 56.7999992370605 50.7999992370605 47.2999992370605 41.0999984741211 42.5 52.2999992370605 64.8000030517578 91.1999969482422 91.5999984741211 90.3000030517578 84.0999984741211 59.4000015258789 56.5999984741211 43.5999984741211 39.0999984741211 36.9000015258789 29 35.9000015258789 29.8999996185303 20.7999992370605 18.7999992370605 15.5 18.7000007629395 18.7999992370605 21.6000003814697 26.3999996185303 25.3999996185303 26.8999996185303 31.7999992370605 30.3999996185303 30.7999992370605 30.2999992370605 32.4000015258789 36.7000007629395 41.4000015258789 45.4000015258789 45.9000015258789 45.0999984741211 44.2000007629395 47.9000015258789 54.2999992370605 53.2000007629395
-3.4e+38 -3.4e+38 -3.4e+38 -3.4e+38 -3.4e+38 -3.4e+38 315.399993896484 305.600006103516 234.600006103516 87.0999984741211 88 66.1999969482422 49.0999984741211 51.4000015258789 69.8000030517578 78.3000030517578 66.3000030517578 52.4000015258789 51.5999984741211 40.7000007629395 46.5 55.4000015258789 86.5999984741211 94.4000015258789 92.9000015258789 77.4000015258789 71.6999969482422 81.9000015258789 44.2999992370605 38.2999992370605 40.2999992370605 36 31.7999992370605 29 26.6000003814697 20.6000003814697 28.3999996185303 16.8999996185303 21.3999996185303 15.3999996185303 22.7999992370605 27.2000007629395 27.7999992370605 29.2999992370605 34.9000015258789 31.6000003814697 28.7999992370605 31.3999996185303 32.0999984741211 36.4000015258789 42.0999984741211 47.5999984741211 46.2999992370605 45.4000015258789 46.5999984741211 51.5999984741211 55.2999992370605 57.7000007629395
-3.4e+38 -3.4e+38 -3.4e+38 -3.4e+38 -3.4e+38 -3.4e+38 352.899993896484 332.100006103516 212.199996948242 92.1999969482422 83.6999969482422 75.5999984741211 52.2999992370605 54.9000015258789 70.3000030517578 76.5999984741211 74.5999984741211 62.7999992370605 46 39 45.7999992370605 86.4000015258789 93.0999984741211 91.5999984741211 80.3000030517578 66.8000030517578 62.9000015258789 83.8000030517578 51.0999984741211 39.5999984741211 37.0999984741211 34.7999992370605 41.7999992370605 41.5999984741211 52.5999984741211 23.2999992370605 18.1000003814697 24.7999992370605 21.8999996185303 16.8999996185303 16.8999996185303 20.2000007629395 21.7000007629395 26.7999992370605 29.7999992370605 29.1000003814697 31.3999996185303 33.2999992370605 34.4000015258789 39 43.4000015258789 45.4000015258789 47.2999992370605 48.2999992370605 52.5 55.9000015258789 59.5999984741211 74.5999984741211
-3.4e+38 -3.4e+38 -3.4e+38 -3.4e+38 -3.4e+38 349.600006103516 366.200012207031 299.299987792969 231.600006103516 97.3000030517578 84.0999984741211 70.0999984741211 57.9000015258789 63.4000015258789 76.8000030517578 73.1999969482422 82.5 58.5999984741211 37.5999984741211 41.9000015258789 68.5999984741211 86.8000030517578 84.6999969482422 90.9000015258789 68.3000030517578 63.5 57.9000015258789 68.0999984741211 51.2000007629395 40.2000007629395 38.5 34.7999992370605 30.2999992370605 30.7000007629395 27.2000007629395 18.6000003814697 18.1000003814697 34.4000015258789 32.9000015258789 18.7999992370605 17.8999996185303 19.1000003814697 21.6000003814697 24.1000003814697 26.6000003814697 27.7000007629395 29.7999992370605 33.7000007629395 36.0999984741211 41.2999992370605 45.2000007629395 47.9000015258789 52.2999992370605 52.7999992370605 57.7999992370605 65.0999984741211 72.1999969482422 85.5999984741211
-3.4e+38 -3.4e+38 -3.4e+38 -3.4e+38 -3.4e+38 348.600006103516 303.100006103516 264.700012207031 170.100006103516 85.5 81 62.2000007629395 56.7999992370605 75.8000030517578 71.0999984741211 78.9000015258789 75.5 50.0999984741211 37.0999984741211 62.7999992370605 92.6999969482422 98.1999969482422 92.3000030517578 89.5 70.4000015258789 61.0999984741211 55.2999992370605 51.7000007629395 45.7999992370605 39 36.7999992370605 33.5999984741211 29.2000007629395 24.1000003814697 19.8999996185303 17.7999992370605 19.2999992370605 18.6000003814697 18.7999992370605 22.1000003814697 21.1000003814697 21.8999996185303 23.8999996185303 25 26.7000007629395 28.1000003814697 31.6000003814697 35.4000015258789 38.7999992370605 43.7000007629395 48.5999984741211 51.7999992370605 56.5999984741211 63.5 71.9000015258789 71.5999984741211 83.6999969482422 97.4000015258789
-3.4e+38 286.200012207031 292.399993896484 320 318.299987792969 291.200012207031 243 126 87.5 80.8000030517578 72.4000015258789 55.5999984741211 72.5 83.5999984741211 77.5 62.2000007629395 52.5999984741211 43.5 47 82.9000015258789 93.9000015258789 99.5 86.8000030517578 83.8000030517578 67.8000030517578 59.9000015258789 58.0999984741211 52.5999984741211 49.2000007629395 40.7000007629395 35.0999984741211 35.5999984741211 28.1000003814697 23.3999996185303 19.6000003814697 17.8999996185303 17.2999992370605 17.8999996185303 19.8999996185303 22.2999992370605 21.7000007629395 22.7999992370605 24.5 26.3999996185303 29.2999992370605 32 35.2999992370605 41.0999984741211 45.2999992370605 47.7999992370605 52.0999984741211 61.0999984741211 69.6999969482422 73 82.0999984741211 96.3000030517578 101.099998474121 108.900001525879
210.800003051758 292.600006103516 313.399993896484 323.399993896484 307.200012207031 245.100006103516 107.400001525879 69.0999984741211 68.4000015258789 68.3000030517578 58.4000015258789 61.9000015258789 90.5999984741211 85.6999969482422 94.8000030517578 70.8000030517578 56.0999984741211 50.7000007629395 80.8000030517578 92.8000030517578 98.3000030517578 90.8000030517578 87.8000030517578 80.5999984741211 71.1999969482422 62.7000007629395 70.4000015258789 52.9000015258789 45.5999984741211 41.4000015258789 36.0999984741211 32.4000015258789 28 23.8999996185303 20.6000003814697 18.2999992370605 18.8999996185303 19.3999996185303 20.6000003814697 21.7999992370605 23.6000003814697 24.3999996185303 26.7999992370605 29.7999992370605 32.9000015258789 36.9000015258789 41.9000015258789 45.2000007629395 51.9000015258789 54 64.3000030517578 74.4000015258789 81.5999984741211 87.1999969482422 95.8000030517578 98.8000030517578 109.300003051758 114.800003051758
