data/layers/future_layer_mc_585_60/bio14.asc
NCOLS 494 
NROWS 529 
XLLCORNER -117.166666666667 
YLLCORNER -55.5 
CELLSIZE 0.166666666666667 
NODATA_value -3.4e+38 
[rows 338 to 363 of 529, columns 290 to 347 of 494]
0 0 0 0 0 0 0 0.100000001490116 0 0.100000001490116 0 0 0 0 0 0 0.100000001490116 0 0 0.100000001490116 0.100000001490116 2.5 6.09999990463257 5.59999990463257 3.90000009536743 3.20000004768372 3.79999995231628 4 4 4 4 4 4.09999990463257 4.80000019073486 5 5.09999990463257 5.40000009536743 6 6.19999980926514 6.90000009536743 7.19999980926514 7.90000009536743 8 8 8 7.90000009536743 7.40000009536743 7.5 7.5 7.90000009536743 8.80000019073486 9.80000019073486 11.1999998092651 13.6999998092651 16.3999996185303 19.8999996185303 22.7999992370605 24.5
0 0 0 0 0 0 0 0 0 0.100000001490116 0 0 0 0 0 0 0 0 0 0.100000001490116 2.40000009536743 5.40000009536743 5.90000009536743 4.80000019073486 3.59999990463257 3.09999990463257 4.30000019073486 4 4 4 4 4 4 4.40000009536743 4.5 4.90000009536743 5 5.30000019073486 6 6.90000009536743 7.30000019073486 8.10000038146973 8.5 8.10000038146973 8.60000038146973 8.60000038146973 8.39999961853027 8.60000038146973 8.60000038146973 9.5 10.6000003814697 11.1999998092651 12.5 14.3999996185303 17.1000003814697 19.7999992370605 21.2999992370605 22.5
0 0 0 0 0 0 0 0 0 0 0 0 0 0 0 0 0 0 0.200000002980232 0.5 5.09999990463257 6.30000019073486 6.30000019073486 4.30000019073486 3.59999990463257 3.70000004768372 5.09999990463257 4.09999990463257 3.79999995231628 4 4 4 4.09999990463257 4 4 4.19999980926514 4.69999980926514 5 5.5 6.59999990463257 7.09999990463257 7.90000009536743 8.39999961853027 9 9 9.30000019073486 9.80000019073486 10.1000003814697 10.6000003814697 11.3999996185303 11.3000001907349 12.6000003814697 13.8000001907349 15.1999998092651 16.8999996185303 18.6000003814697 19.7999992370605 20.3999996185303
0 0 0 0 0.100000001490116 0 0 0 0 0 0 0 0.300000011920929 0 0 0 0 0 0.200000002980232 0.699999988079071 5.5 6.40000009536743 5.59999990463257 3.90000009536743 3.09999990463257 3.70000004768372 4.90000009536743 3.79999995231628 3.09999990463257 3.59999990463257 3.59999990463257 4 4 3.90000009536743 3.5 4 4 4.59999990463257 5.09999990463257 6 7 7.30000019073486 8.19999980926514 8.89999961853027 9.39999961853027 10.1000003814697 10.5 10.6999998092651 11.8000001907349 12.3000001907349 13.3999996185303 14.3999996185303 15 15.6999998092651 16.7000007629395 18 18.7000007629395 19
0 0 0 0 0 0 0 0.100000001490116 0 0 0.200000002980232 0 0.100000001490116 0 0 0 0.100000001490116 0 0.300000011920929 0.800000011920929 4.59999990463257 5.5 3.79999995231628 3.29999995231628 3 3.79999995231628 4.40000009536743 3 3 3 3 3.20000004768372 4 3.90000009536743 3.90000009536743 4.09999990463257 4.59999990463257 4.90000009536743 5.40000009536743 6 6.80000019073486 7.40000009536743 8.30000019073486 8.80000019073486 9.60000038146973 10.1000003814697 11 11 11.5 12.5 14 16.1000003814697 16.7000007629395 16.8999996185303 17.1000003814697 17.6000003814697 17.7999992370605 17.6000003814697
0 0 0 0 0 0 0.5 1.29999995231628 0.100000001490116 0 0.100000001490116 0.100000001490116 0 0 0.300000011920929 0.200000002980232 0.100000001490116 0 0 1.39999997615814 4.90000009536743 4.59999990463257 2.79999995231628 2.40000009536743 3.20000004768372 4.30000019073486 3.09999990463257 2.79999995231628 2.79999995231628 2.70000004768372 2.5 2.90000009536743 3.09999990463257 3.70000004768372 4 4 4.40000009536743 4.90000009536743 5.40000009536743 6.09999990463257 6.90000009536743 7.69999980926514 8.39999961853027 9.10000038146973 9.89999961853027 10.3000001907349 11.1000003814697 11.8000001907349 11.8000001907349 12.1999998092651 13.3999996185303 15.8000001907349 17.7999992370605 17.5 17.7999992370605 17.6000003814697 17.3999996185303 16.6000003814697
0 0.100000001490116 0 0 0 1.10000002384186 2 0.600000023841858 0 0 0.100000001490116 0.300000011920929 0 0 0.600000023841858 0 0 0 0.300000011920929 3.09999990463257 4.30000019073486 4.09999990463257 2.40000009536743 2.79999995231628 4 2.79999995231628 2.09999990463257 2.09999990463257 2 2 2 2.09999990463257 2.79999995231628 3.29999995231628 4 4 4.69999980926514 5 5.40000009536743 6 6.80000019073486 7.30000019073486 8 9.10000038146973 10 10.6000003814697 11.3999996185303 12 12.1000003814697 11.8999996185303 13.1000003814697 15.8000001907349 18.2000007629395 18.2000007629395 17.7999992370605 17.2999992370605 17 16.2000007629395
0 0 0 0 0 0.5 1.5 0.899999976158142 0 0 0 0.100000001490116 0 0.200000002980232 0.800000011920929 0.100000001490116 0 0.100000001490116 1.29999995231628 2.90000009536743 3.59999990463257 3.70000004768372 2.40000009536743 2.20000004768372 3.29999995231628 2.29999995231628 1.79999995231628 1.29999995231628 1 1.29999995231628 1.89999997615814 2 2.29999995231628 3 3.09999990463257 3.90000009536743 4 4.90000009536743 5.09999990463257 5.5 6.40000009536743 7.09999990463257 7.80000019073486 8.80000019073486 10.6000003814697 10.8999996185303 11.3000001907349 11.8000001907349 12.8999996185303 12.6000003814697 13.6000003814697 16.1000003814697 18.3999996185303 18.2000007629395 17.8999996185303 17.2000007629395 16.8999996185303 16.2999992370605
0 0 0 0 0.100000001490116 0 0.300000011920929 0.200000002980232 0 0 0 0.100000001490116 0.100000001490116 0.800000011920929 0.100000001490116 0.100000001490116 0 0.100000001490116 1.10000002384186 2.29999995231628 2.20000004768372 3 2.09999990463257 2.29999995231628 2.29999995231628 1.79999995231628 1 0.899999976158142 0.5 1 1.10000002384186 1.79999995231628 2 2.59999990463257 3 3.79999995231628 4 4.40000009536743 5 5.59999990463257 6.40000009536743 7 7.5 8.60000038146973 10.5 11.5 12.1000003814697 12.5 13.3999996185303 13.8999996185303 14.8999996185303 16.7000007629395 18.8999996185303 19.1000003814697 18.3999996185303 17.7999992370605 17.1000003814697 16.6000003814697
0 0 0 0 0 0 0 0.200000002980232 0 0 0 0 0.100000001490116 0.300000011920929 0 0 0 0 0.600000023841858 1.60000002384186 1.5 2 2.59999990463257 2.40000009536743 2.29999995231628 1.5 1 1 0.600000023841858 1 1 1.60000002384186 2 2.29999995231628 3 3.29999995231628 4 4 4.90000009536743 5.19999980926514 6.09999990463257 7 7.69999980926514 8.80000019073486 10.3000001907349 11.8000001907349 12.6999998092651 13.1999998092651 14.3000001907349 14.8999996185303 16.2999992370605 17.6000003814697 19.1000003814697 19.2999992370605 18.7000007629395 18 17.6000003814697 17.3999996185303
0 0 0 0 0.100000001490116 0.100000001490116 0 0.100000001490116 0 0.100000001490116 0.400000005960464 0 0.200000002980232 0 0 0 0 0 0.699999988079071 1 1.29999995231628 1.20000004768372 2.09999990463257 2.40000009536743 2 1.79999995231628 1.20000004768372 1 1 1 1.29999995231628 1.89999997615814 2 2.29999995231628 3 3 3.59999990463257 4 4.40000009536743 5 5.80000019073486 6.90000009536743 7.40000009536743 8.60000038146973 10.3999996185303 12.1999998092651 13.3999996185303 14.3000001907349 14.8000001907349 15.8999996185303 17.1000003814697 18.5 19.1000003814697 19.3999996185303 19 18.8999996185303 18.8999996185303 18.6000003814697
0 0 0 0 0.100000001490116 1 0.100000001490116 0 0.400000005960464 0.300000011920929 0.100000001490116 0.100000001490116 0.100000001490116 0 0 0 0 0 0.400000005960464 1 1 1 2 2.70000004768372 2 2 1.79999995231628 1 1.10000002384186 1.10000002384186 1.60000002384186 2 2 2.09999990463257 2.90000009536743 3 3.59999990463257 4 4.09999990463257 5 5.40000009536743 6.40000009536743 7.30000019073486 8.5 10.3000001907349 12.1000003814697 13.6000003814697 14.6999998092651 15.6000003814697 16.3999996185303 17.7999992370605 19.1000003814697 19.3999996185303 19.5 19.8999996185303 19.6000003814697 19.6000003814697 19.7000007629395
0 0 0.100000001490116 0 0 0.100000001490116 0 0.400000005960464 0.300000011920929 0.300000011920929 0.600000023841858 0.5 0.100000001490116 0.200000002980232 0 0 0 0 0 0.800000011920929 1 1.39999997615814 2.29999995231628 3 2.79999995231628 2.09999990463257 2 1.89999997615814 1.79999995231628 2 2 2 2 2.70000004768372 3 3.09999990463257 3.90000009536743 4 4.30000019073486 5 5.30000019073486 6.09999990463257 6.80000019073486 8.5 10 12 13.6000003814697 14.8999996185303 16.2000007629395 16.7999992370605 18 19.6000003814697 20.2000007629395 20.8999996185303 20.7999992370605 20.7999992370605 20.5 21.2999992370605
0 0 0 0 0 0 0 0.100000001490116 0 0.300000011920929 1.10000002384186 1.29999995231628 0.400000005960464 0.699999988079071 0.100000001490116 0.100000001490116 0.100000001490116 0 0 0.600000023841858 1.20000004768372 1.89999997615814 2.20000004768372 2.79999995231628 3 2.79999995231628 2 2 2 2.09999990463257 2 2 2.70000004768372 3 3.09999990463257 3.40000009536743 3.90000009536743 4 4.30000019073486 4.69999980926514 5 5.80000019073486 6.30000019073486 7.90000009536743 9.89999961853027 12 14.1000003814697 15.3000001907349 16.7000007629395 18.2999992370605 18.8999996185303 20.6000003814697 21.2000007629395 22.2999992370605 22.6000003814697 22.5 22.5 22.8999996185303
0.200000002980232 0.600000023841858 0.600000023841858 0.5 0 0.100000001490116 0.400000005960464 0 0 0.400000005960464 1 1 1 0.800000011920929 0.300000011920929 0.600000023841858 0.400000005960464 0 0.100000001490116 1.29999995231628 2 2 2.09999990463257 2.40000009536743 3 2.79999995231628 2.70000004768372 2.29999995231628 2.29999995231628 2.40000009536743 2.29999995231628 2.90000009536743 3 3.29999995231628 3.90000009536743 4 4.40000009536743 4.40000009536743 5 5 5 5.09999990463257 6.30000019073486 7.80000019073486 9.80000019073486 12.1000003814697 14.3000001907349 15.3999996185303 16.7999992370605 18.3999996185303 20.1000003814697 21.2999992370605 22.2999992370605 23.1000003814697 23.5 23.8999996185303 23.7999992370605 24.2999992370605
0.899999976158142 0.800000011920929 1 1 0.100000001490116 0 0.300000011920929 0 0 0.300000011920929 1 1 0.800000011920929 1 1 0.699999988079071 0.400000005960464 0 0.100000001490116 2 2.70000004768372 2 2.79999995231628 3.40000009536743 3 3 3 3 3 3 3 3 3.09999990463257 3.90000009536743 4.09999990463257 4.40000009536743 4.80000019073486 4.90000009536743 5 5 5.19999980926514 5.40000009536743 6.30000019073486 8.19999980926514 10.1999998092651 12.6000003814697 14.6000003814697 16.1000003814697 17.3999996185303 19.2999992370605 20.7999992370605 21.8999996185303 23.2999992370605 23.7000007629395 24.3999996185303 25.1000003814697 25.1000003814697 25.6000003814697
0.899999976158142 1.10000002384186 1.10000002384186 1 0.600000023841858 0.899999976158142 0.5 0 0 0.100000001490116 1.5 0.400000005960464 0.300000011920929 0.5 1 0.400000005960464 0.300000011920929 0 0.200000002980232 2.59999990463257 4 3.09999990463257 4.69999980926514 4.59999990463257 3.29999995231628 3 3.09999990463257 3 3 3 3 3 3.59999990463257 4 4.30000019073486 5 5 5 5.30000019073486 5.09999990463257 5.59999990463257 6.40000009536743 7.09999990463257 8.80000019073486 10.6000003814697 12.5 15 16.3999996185303 18.1000003814697 19.6000003814697 21.1000003814697 22.7000007629395 24.2999992370605 24.7999992370605 25.5 25.7999992370605 26.3999996185303 26.7999992370605
1 1.10000002384186 1.10000002384186 1 0.899999976158142 1 0.899999976158142 0.5 0.400000005960464 0.300000011920929 1.60000002384186 0.100000001490116 0.400000005960464 0.899999976158142 0.5 0.300000011920929 0.100000001490116 0 0.899999976158142 2.59999990463257 6 6.19999980926514 6.19999980926514 4.80000019073486 3.79999995231628 3 3 3 3 3 3 3.20000004768372 3.79999995231628 4 4.5 5.09999990463257 5.59999990463257 5.90000009536743 6 6.09999990463257 6.5 7.40000009536743 8.10000038146973 9.5 11.3000001907349 13.1000003814697 15.3999996185303 16.7999992370605 18.7000007629395 20.1000003814697 21.7999992370605 23.2999992370605 24.6000003814697 25.5 26.6000003814697 26.6000003814697 27.2999992370605 27.6000003814697
1.20000004768372 1.10000002384186 1.10000002384186 1.10000002384186 1.20000004768372 1.10000002384186 1 1.79999995231628 0.800000011920929 0.200000002980232 0.400000005960464 0.400000005960464 0.400000005960464 1.10000002384186 0.100000001490116 0.400000005960464 0 0.400000005960464 1 3.79999995231628 10.8000001907349 9.89999961853027 7.80000019073486 5.59999990463257 3.59999990463257 3 3 3 3 3 3.09999990463257 3.59999990463257 4 4.40000009536743 5 5.69999980926514 6 6.09999990463257 6.59999990463257 6.90000009536743 7.19999980926514 8.10000038146973 8.60000038146973 10.1999998092651 11.8000001907349 13.8999996185303 16.2999992370605 17.6000003814697 19.2999992370605 20.1000003814697 22.5 24.3999996185303 25.7999992370605 26.1000003814697 27.5 28.2999992370605 28.3999996185303 29.2999992370605
1.20000004768372 1.29999995231628 1 1.20000004768372 1 1 1 1.10000002384186 1 1 0.899999976158142 0.600000023841858 0.800000011920929 0.699999988079071 0 0.300000011920929 0.100000001490116 1.39999997615814 1.60000002384186 8.69999980926514 15.5 13.6000003814697 10.1000003814697 6.59999990463257 3 2.09999990463257 2 2.29999995231628 2.90000009536743 3 3.09999990463257 3.90000009536743 4.09999990463257 5 5 5.90000009536743 6 6.59999990463257 7.09999990463257 7.90000009536743 7.80000019073486 8.39999961853027 9.30000019073486 10.6000003814697 12.3000001907349 14 16.3999996185303 18.3999996185303 19.7000007629395 21 23.1000003814697 25 26.1000003814697 27.2000007629395 28.6000003814697 29.7000007629395 29.7999992370605 31.2000007629395
2.79999995231628 3.29999995231628 2.09999990463257 1.29999995231628 1.10000002384186 1.10000002384186 1 1 1 1 1 1 0.899999976158142 0.5 0 0 1.10000002384186 2 9.10000038146973 21.1000003814697 22.6000003814697 17.3999996185303 12.6999998092651 7.5 3.70000004768372 2.20000004768372 2 2.29999995231628 3.09999990463257 3.29999995231628 3.40000009536743 4.09999990463257 4.5 5 5.30000019073486 6 6.69999980926514 7.09999990463257 7.59999990463257 8 8.39999961853027 9.30000019073486 9.89999961853027 11 12.5 14.3999996185303 16.2000007629395 18.2999992370605 19.8999996185303 21.7000007629395 23.3999996185303 24.7999992370605 26.2999992370605 27.6000003814697 29.2000007629395 30.3999996185303 31.6000003814697 33.5999984741211
1.5 2.70000004768372 1.60000002384186 1.10000002384186 1.29999995231628 1.39999997615814 1 1 0.800000011920929 1 1 1.39999997615814 1 0.899999976158142 0.400000005960464 0.899999976158142 2.29999995231628 8.30000019073486 21.2999992370605 29 26.6000003814697 20.2000007629395 14.3000001907349 9.10000038146973 5.09999990463257 3.59999990463257 2.90000009536743 3.90000009536743 3.79999995231628 4.80000019073486 4.09999990463257 4.19999980926514 4.90000009536743 5.59999990463257 5.90000009536743 6.59999990463257 7 7.90000009536743 8.60000038146973 8.69999980926514 9.30000019073486 10.1000003814697 10.8999996185303 11.3999996185303 13 14.5 15.8999996185303 17.6000003814697 19.2999992370605 21.7999992370605 23.6000003814697 24.7999992370605 26.2999992370605 27.6000003814697 29.2000007629395 30.5 32.2999992370605 34.7999992370605
1.60000002384186 1.89999997615814 1.70000004768372 1.39999997615814 1.39999997615814 1.29999995231628 1 1 1.10000002384186 1.39999997615814 1.39999997615814 1.89999997615814 1.29999995231628 1.29999995231628 1.39999997615814 1.60000002384186 3.09999990463257 10 23.7999992370605 30.1000003814697 27.2999992370605 20 14.3000001907349 9.5 6.09999990463257 4.09999990463257 3.20000004768372 3.09999990463257 3.29999995231628 4.40000009536743 4.19999980926514 4.69999980926514 5.30000019073486 6 6.5 7.09999990463257 8 8.39999961853027 8.89999961853027 9 9.60000038146973 10.8000001907349 11.3999996185303 12.1999998092651 13.5 14.6000003814697 16.2000007629395 17.5 18.8999996185303 20.2000007629395 22.2999992370605 24.1000003814697 25.7999992370605 27.2999992370605 29.5 31.2999992370605 32.7999992370605 35.5999984741211
2 2 2 1.89999997615814 1.79999995231628 1.39999997615814 1 1.10000002384186 1.10000002384186 1.10000002384186 1.89999997615814 2.09999990463257 2.40000009536743 3.40000009536743 5.40000009536743 4.09999990463257 4.40000009536743 7.09999990463257 16.3999996185303 21.6000003814697 20.7999992370605 16.8999996185303 12.6000003814697 9.10000038146973 6.30000019073486 4.59999990463257 3.90000009536743 3.70000004768372 3.79999995231628 4.09999990463257 4.30000019073486 4.90000009536743 5.19999980926514 6.19999980926514 6.69999980926514 7.40000009536743 8.30000019073486 8.80000019073486 9.30000019073486 9.89999961853027 10.3999996185303 11.3000001907349 11.8999996185303 12.6999998092651 13.8999996185303 14.8999996185303 16.2999992370605 17.6000003814697 18.8999996185303 19.3999996185303 21.6000003814697 23.3999996185303 25.7000007629395 27.7999992370605 29.7000007629395 31.6000003814697 33.2999992370605 35.7000007629395
3.09999990463257 2.40000009536743 2 2 1.39999997615814 1.29999995231628 1 1 1 1.79999995231628 2.70000004768372 3.40000009536743 4.19999980926514 6.40000009536743 7.09999990463257 7.19999980926514 3.5 6.09999990463257 10.3999996185303 10.1000003814697 12.6000003814697 11.8999996185303 10 7.59999990463257 6.09999990463257 5.19999980926514 4.09999990463257 3.90000009536743 4 4.90000009536743 4.80000019073486 5 5.40000009536743 6.40000009536743 6.90000009536743 7.59999990463257 8.39999961853027 9 10 10.5 11.1000003814697 11.8999996185303 12.3000001907349 13.5 14.6000003814697 15.3999996185303 16.3999996185303 18 18.8999996185303 19.2999992370605 21.2999992370605 23.7999992370605 25.6000003814697 28.1000003814697 30.1000003814697 31.8999996185303 33.9000015258789 35.9000015258789
3.59999990463257 2.20000004768372 2 2 1.29999995231628 1.10000002384186 1.10000002384186 1.20000004768372 1 2 3.09999990463257 3.59999990463257 3.5 4.80000019073486 6.90000009536743 7.30000019073486 3 6.30000019073486 8.39999961853027 7.5 8 8.5 8.10000038146973 6.80000019073486 5.90000009536743 4.90000009536743 4.90000009536743 4.5 4.90000009536743 5 5.09999990463257 5.59999990463257 6 6.59999990463257 7.30000019073486 7.80000019073486 8.69999980926514 9.60000038146973 10.3000001907349 11.1999998092651 11.8999996185303 12.3000001907349 12.8000001907349 14 15.6000003814697 16.3999996185303 17.2999992370605 18.7000007629395 19.2000007629395 19.7999992370605 21.6000003814697 23.7999992370605 25.2000007629395 27.3999996185303 29.5 31.7999992370605 33.9000015258789 35.5
