data/layers/future_layer_mc_585_60/bio4.asc
NCOLS 494 
NROWS 529 
XLLCORNER -117.166666666667 
YLLCORNER -55.5 
CELLSIZE 0.166666666666667 
NODATA_value -3.4e+38 
[rows 312 to 335 of 529, columns 330 to 384 of 494]
291.200012207031 294.600006103516 295.600006103516 294.100006103516 292.299987792969 291.899993896484 288.700012207031 287.899993896484 286.600006103516 284.100006103516 278.899993896484 277.600006103516 277.299987792969 276 273.299987792969 269.799987792969 266 261.899993896484 259.200012207031 261.299987792969 262.200012207031 262.299987792969 260.700012207031 260.600006103516 261.5 261.799987792969 263.600006103516 261 260.600006103516 262.700012207031 263.399993896484 261 258.399993896484 256.899993896484 254.699996948242 251.300003051758 247.199996948242 241.199996948242 237.100006103516 230.199996948242 224.600006103516 210.399993896484 204.5 200.800003051758 187.399993896484 187.600006103516 187.899993896484 193.899993896484 194.300003051758 188.399993896484 190.800003051758 195.199996948242 193.5 194.100006103516 198.300003051758
298.799987792969 301.399993896484 301.100006103516 300.899993896484 301.100006103516 300 298.100006103516 296.5 295.200012207031 291.799987792969 288.299987792969 284.5 283.899993896484 281.799987792969 278.399993896484 276.700012207031 273.299987792969 267.299987792969 264 267.299987792969 269.5 269.600006103516 269.5 271.100006103516 272.200012207031 272 273.700012207031 271.600006103516 270.600006103516 272.600006103516 270.399993896484 268.399993896484 263.700012207031 261.100006103516 259.200012207031 256.100006103516 252 247.5 240.5 234.300003051758 225.800003051758 206.699996948242 206.5 195.5 193.300003051758 185.5 183.600006103516 188 190.5 187.699996948242 191.600006103516 196.300003051758 197.199996948242 199 202
308 308 308.799987792969 307.799987792969 309.299987792969 308.799987792969 306.799987792969 305.100006103516 301.600006103516 298.299987792969 295.5 292.700012207031 289.700012207031 288.700012207031 285.799987792969 284.5 281.600006103516 275.5 273.700012207031 275.399993896484 277.100006103516 277.799987792969 278.700012207031 279.600006103516 279.200012207031 279.299987792969 280.5 277.700012207031 280.100006103516 278.600006103516 275.200012207031 273.700012207031 272.799987792969 268.799987792969 266 262.600006103516 257.399993896484 250.800003051758 244.800003051758 238.399993896484 221.699996948242 211.899993896484 206.199996948242 197.5 197.699996948242 193.600006103516 186.199996948242 187.600006103516 189.699996948242 191.100006103516 196.100006103516 200 202 203.699996948242 206.800003051758
318.5 319.700012207031 318.399993896484 316.799987792969 317.399993896484 315.899993896484 315.200012207031 313.399993896484 309.799987792969 305.100006103516 301.700012207031 299.200012207031 297.399993896484 296.600006103516 294.899993896484 293 290.600006103516 288.299987792969 286.700012207031 286.700012207031 285.200012207031 284.299987792969 283.899993896484 285.299987792969 288.700012207031 286.899993896484 287.700012207031 286.700012207031 285.600006103516 278.899993896484 272.600006103516 273.899993896484 277.600006103516 276.299987792969 269.399993896484 267 264.200012207031 257 249.5 237.800003051758 222.800003051758 218.5 204.199996948242 204.5 198.300003051758 192.5 185.899993896484 189.100006103516 192.699996948242 196.199996948242 195.699996948242 201.899993896484 206.800003051758 210.899993896484 209.199996948242
330.799987792969 331.399993896484 329.299987792969 329.399993896484 326 324.5 322.600006103516 319.899993896484 315.700012207031 311.600006103516 308.600006103516 306.600006103516 303.700012207031 302.200012207031 300.200012207031 300.600006103516 298.600006103516 296 294.200012207031 292.700012207031 292.399993896484 292.299987792969 291 292 292.700012207031 294.399993896484 297.5 294.100006103516 292.700012207031 283.200012207031 274.399993896484 271.200012207031 280.399993896484 281.700012207031 276.200012207031 272.399993896484 269.399993896484 264.100006103516 253.699996948242 240.899993896484 235.5 218 213.5 207.100006103516 198.100006103516 189.600006103516 185.699996948242 191.300003051758 194.899993896484 198.600006103516 201.5 205.699996948242 211.100006103516 216.300003051758 216.199996948242
342.799987792969 343.5 340.899993896484 338 335.799987792969 333.799987792969 330.399993896484 326 322 317.600006103516 311.799987792969 310.399993896484 310.700012207031 308.700012207031 306.700012207031 306.399993896484 303.700012207031 301.700012207031 300.299987792969 299.799987792969 300.100006103516 298.600006103516 298.600006103516 298.399993896484 298.399993896484 302.100006103516 303.200012207031 299.799987792969 298.600006103516 292.200012207031 285.700012207031 278.799987792969 285.100006103516 287.799987792969 284.399993896484 277.899993896484 274.299987792969 271.5 255.800003051758 246.899993896484 240.800003051758 228.100006103516 216.5 208.199996948242 193 182.699996948242 187.300003051758 192.800003051758 197.899993896484 201.600006103516 206.600006103516 206.899993896484 212.899993896484 217.100006103516 223
354.299987792969 354.600006103516 351.399993896484 346.399993896484 343.799987792969 341.799987792969 338.600006103516 334.200012207031 329.100006103516 325.100006103516 317.5 315.799987792969 318.200012207031 315.200012207031 313 312.299987792969 310.399993896484 307.700012207031 306.600006103516 306.299987792969 305.5 306 305 304.299987792969 304.100006103516 307.899993896484 308.5 306.5 304.299987792969 296.5 290.399993896484 283.200012207031 292.5 291.700012207031 291.700012207031 283.399993896484 278.799987792969 277.100006103516 266.299987792969 247.5 246.399993896484 234.600006103516 222.899993896484 206.199996948242 190.899993896484 187.5 191.399993896484 197.600006103516 203.199996948242 207.399993896484 212.199996948242 212.899993896484 216.899993896484 222.600006103516 225.899993896484
365.5 367.600006103516 362.799987792969 357.299987792969 352.399993896484 349 345.299987792969 341.100006103516 336.100006103516 332 326.899993896484 325.100006103516 325.399993896484 322 319.600006103516 317.700012207031 315.700012207031 314.399993896484 313.399993896484 314.399993896484 314.200012207031 313.200012207031 310.799987792969 310.600006103516 310.200012207031 313 314 311.200012207031 305.899993896484 299.600006103516 295.299987792969 286.200012207031 290.600006103516 295.200012207031 294.600006103516 290.899993896484 285.600006103516 281.200012207031 272 260 250.199996948242 238.899993896484 226.600006103516 209.699996948242 198.699996948242 194.800003051758 197.5 202.600006103516 205.899993896484 212.100006103516 216.899993896484 219.399993896484 219.699996948242 223.5 227.699996948242
374.899993896484 376.799987792969 372.299987792969 367.200012207031 361.399993896484 355.899993896484 351.799987792969 346.600006103516 343.100006103516 339.799987792969 335.5 332.700012207031 332.100006103516 328.600006103516 325.899993896484 323.899993896484 322.700012207031 322.5 321.399993896484 319.399993896484 319.299987792969 318.200012207031 317.399993896484 316.200012207031 315.5 317.200012207031 317.600006103516 310.600006103516 308.299987792969 306.899993896484 300 288.899993896484 288.100006103516 294.399993896484 290.299987792969 292.5 291.399993896484 283.899993896484 273.600006103516 262.700012207031 252.5 244.699996948242 231.899993896484 214.399993896484 209.100006103516 205.800003051758 204.100006103516 206.100006103516 211 215.600006103516 219.100006103516 224.699996948242 228 229.800003051758 232.5
378.399993896484 379.399993896484 376 371.600006103516 367.5 362.200012207031 357.299987792969 352.399993896484 349.200012207031 345.899993896484 343.200012207031 340.100006103516 338.5 334 332.5 331.200012207031 329.700012207031 328.600006103516 326.700012207031 324.200012207031 324.600006103516 324.299987792969 323.100006103516 323 322.5 322.899993896484 322.700012207031 318.899993896484 315.200012207031 312.799987792969 308.299987792969 295.100006103516 289.399993896484 293.899993896484 297.899993896484 299.299987792969 294.899993896484 286 276.399993896484 266 251.5 243.100006103516 232.899993896484 219.199996948242 218.899993896484 217.399993896484 213 217 219.100006103516 221.899993896484 222.600006103516 229 233.800003051758 236.100006103516 235.800003051758
385.100006103516 383.100006103516 379.799987792969 376 373.299987792969 368.100006103516 363.399993896484 359.700012207031 355.600006103516 352.700012207031 349 344.700012207031 344.700012207031 341.600006103516 340.200012207031 336.899993896484 336.200012207031 335.299987792969 333.100006103516 332.600006103516 332.899993896484 333.200012207031 332.899993896484 330.5 329 330 329.200012207031 326.399993896484 319.200012207031 311.799987792969 316.299987792969 304 295.899993896484 298.600006103516 305.600006103516 305.5 297.299987792969 287.899993896484 279.700012207031 264.5 255.300003051758 244.800003051758 241.100006103516 235.300003051758 227.600006103516 223.399993896484 227 226.100006103516 227.100006103516 228 230.5 231.699996948242 236.100006103516 240.5 242.100006103516
390.600006103516 388.399993896484 385 383.299987792969 378.700012207031 374.5 370.5 366.5 361.299987792969 357.5 353.899993896484 351.100006103516 348.700012207031 347.200012207031 345.399993896484 343.700012207031 341.700012207031 340.799987792969 338.399993896484 340.799987792969 339.100006103516 335.899993896484 339 338.600006103516 335.799987792969 336.799987792969 335 330.399993896484 327.299987792969 323.799987792969 320.899993896484 307.899993896484 300.899993896484 309.100006103516 312.200012207031 310.399993896484 297.899993896484 294 282.600006103516 265.899993896484 262.600006103516 256.399993896484 248.600006103516 244.899993896484 240.800003051758 232.899993896484 234.300003051758 235.5 233.600006103516 236.800003051758 238.399993896484 238.699996948242 241.699996948242 243.699996948242 248.300003051758
395.100006103516 393.100006103516 389.299987792969 386.399993896484 383.5 380.600006103516 377 371.700012207031 366.399993896484 362 358.700012207031 355.799987792969 354.899993896484 353.100006103516 352.200012207031 348.899993896484 347.600006103516 347.399993896484 347.200012207031 346.5 344.100006103516 343.100006103516 342.700012207031 342.5 343 341.899993896484 341.5 337.200012207031 330.399993896484 321.299987792969 324.5 315.299987792969 309.100006103516 318.600006103516 318.100006103516 314.399993896484 306 296.600006103516 282.399993896484 274.799987792969 270.399993896484 267.100006103516 260.700012207031 256 250.800003051758 246.300003051758 242.199996948242 244.199996948242 243.800003051758 243.699996948242 245.399993896484 245.899993896484 247 249.699996948242 252.399993896484
400.799987792969 397.799987792969 394.100006103516 389.200012207031 385.600006103516 382.700012207031 379.700012207031 374.700012207031 370.600006103516 366.200012207031 363.700012207031 361.200012207031 359.600006103516 357.600006103516 356.5 354.299987792969 352.5 351.799987792969 351.100006103516 350.100006103516 348.600006103516 348.5 348.799987792969 348.899993896484 348.799987792969 349.200012207031 348.100006103516 338.700012207031 337.200012207031 327 330.100006103516 324.5 318.5 322 321.600006103516 315.700012207031 311 299.200012207031 287.100006103516 280.899993896484 280 276.5 273.700012207031 265.100006103516 259.399993896484 258.899993896484 256.299987792969 251.199996948242 251.300003051758 252.899993896484 251.600006103516 253.600006103516 255 256 256.100006103516
404.5 402.5 397.799987792969 392.700012207031 389.700012207031 385.299987792969 382.100006103516 378.899993896484 374.799987792969 372.200012207031 370.799987792969 366.700012207031 362.799987792969 362.899993896484 360.700012207031 360.299987792969 358.700012207031 356.799987792969 356.200012207031 355.600006103516 354.700012207031 353.799987792969 353.899993896484 353.700012207031 352.899993896484 356 355.100006103516 348.100006103516 344.899993896484 338.200012207031 337.700012207031 328 327 329.700012207031 323.399993896484 317.100006103516 312.5 299.700012207031 290.200012207031 287.899993896484 285.799987792969 284.200012207031 281.399993896484 276.700012207031 270.700012207031 267.299987792969 263.799987792969 261.100006103516 260.399993896484 260 260 258.399993896484 258.899993896484 257.200012207031 258.600006103516
408.899993896484 405.799987792969 401.899993896484 397 393.700012207031 389.399993896484 385.200012207031 382.600006103516 380.299987792969 375.899993896484 374.299987792969 374 369.299987792969 367.600006103516 366 365.200012207031 362.600006103516 361.899993896484 361.5 360.600006103516 360.200012207031 360 359.5 358.100006103516 358 360.799987792969 359.200012207031 352.200012207031 348.5 347.700012207031 339.899993896484 335.200012207031 334.299987792969 334.600006103516 330 323 310.100006103516 299 294.5 293 294.700012207031 294.600006103516 290.200012207031 285.899993896484 282.700012207031 278.299987792969 274.100006103516 268.5 267.299987792969 265.700012207031 266.200012207031 264.200012207031 263.100006103516 263 264.399993896484
415 409.700012207031 405.100006103516 401.200012207031 396.899993896484 392.899993896484 389.100006103516 387.5 386.5 383.700012207031 380.100006103516 377 374.399993896484 373.299987792969 371.5 371.399993896484 370 368.299987792969 366.799987792969 365.299987792969 363.799987792969 362.299987792969 361.899993896484 362.299987792969 364.5 365.399993896484 363.700012207031 357.399993896484 356.799987792969 353.799987792969 347.100006103516 340.299987792969 340.5 339.200012207031 334.899993896484 326.600006103516 313.5 303.700012207031 302 301.299987792969 301.600006103516 300.5 296.100006103516 294.100006103516 289.5 286.200012207031 281.600006103516 277.399993896484 271.200012207031 270.399993896484 271.5 269.5 265.200012207031 269 268.899993896484
420.899993896484 415.200012207031 410.399993896484 401.299987792969 397.399993896484 395.5 393.200012207031 391.700012207031 390.700012207031 387.200012207031 382.399993896484 381.100006103516 380.600006103516 379.700012207031 378.299987792969 376.799987792969 374.200012207031 371.799987792969 371.299987792969 367.600006103516 366.299987792969 365.100006103516 365.5 366.200012207031 367.600006103516 369.100006103516 368.399993896484 359.799987792969 361.799987792969 358.100006103516 351.700012207031 346.700012207031 345.899993896484 342.799987792969 334.100006103516 328.899993896484 319.600006103516 306.799987792969 306.200012207031 304.399993896484 307.299987792969 306.299987792969 305.600006103516 300.200012207031 296.100006103516 292.299987792969 288.399993896484 282.5 276.700012207031 276 276.200012207031 275.700012207031 273.299987792969 275.5 274.100006103516
426.700012207031 420.600006103516 411.600006103516 404.299987792969 401.200012207031 399.5 398.399993896484 396.700012207031 393.799987792969 391.299987792969 388.799987792969 384.799987792969 384.200012207031 384.600006103516 382.899993896484 379.299987792969 377.600006103516 376.799987792969 374.299987792969 371.799987792969 371 370.700012207031 371.299987792969 370.100006103516 370.399993896484 371 369.899993896484 363.299987792969 359.799987792969 358.399993896484 352.399993896484 351.5 351.100006103516 345.299987792969 337.899993896484 328.5 319.399993896484 312 306.700012207031 307.899993896484 308.899993896484 308.899993896484 310.299987792969 306.799987792969 303 299.399993896484 293 287.899993896484 284.899993896484 281 280.200012207031 283 283.299987792969 283.5 282.5
434.299987792969 426.200012207031 417.600006103516 407.799987792969 410 408.299987792969 405.200012207031 402.299987792969 399.899993896484 396.100006103516 393.399993896484 391.299987792969 389.399993896484 387.299987792969 386.600006103516 383.799987792969 382.100006103516 380 377.799987792969 376.299987792969 375.299987792969 373.5 374.5 374.399993896484 373.600006103516 373.100006103516 371.5 365.100006103516 357.700012207031 356.200012207031 354 356.899993896484 355.399993896484 349.899993896484 339.5 337.899993896484 331.100006103516 320.600006103516 312.899993896484 310.799987792969 311.399993896484 311.100006103516 309.299987792969 306.399993896484 303.799987792969 300.299987792969 297 296 291.799987792969 289.600006103516 288.399993896484 291.200012207031 290.200012207031 288.5 284.399993896484
440.100006103516 433 426.700012207031 424.299987792969 422.5 415.700012207031 410.100006103516 406.799987792969 403.799987792969 400.899993896484 400.5 397.200012207031 394.600006103516 391.700012207031 388.899993896484 385.600006103516 383.299987792969 381.299987792969 381.399993896484 379.899993896484 378.899993896484 378.100006103516 377.399993896484 375.899993896484 376.100006103516 375.600006103516 374.399993896484 369.600006103516 365.600006103516 363.899993896484 363.100006103516 362.5 359.600006103516 355.299987792969 347.899993896484 337.700012207031 334.799987792969 329.399993896484 324.5 315.299987792969 316.799987792969 315.899993896484 313.5 312.200012207031 308.399993896484 306.5 303.799987792969 300.5 298.200012207031 298.100006103516 297.299987792969 295.799987792969 294.600006103516 291.799987792969 287.200012207031
439.799987792969 436.299987792969 433.5 429.299987792969 425.899993896484 421 416 414.5 409.700012207031 405.299987792969 400.600006103516 397.299987792969 394.899993896484 391.799987792969 391.899993896484 390 386.600006103516 385.5 384.399993896484 383.399993896484 383.299987792969 382.5 381.100006103516 380 378.399993896484 378.200012207031 376.700012207031 375 372.899993896484 373.600006103516 369.600006103516 367 363.100006103516 359.600006103516 351.5 341.200012207031 346.399993896484 339.5 332.200012207031 322.799987792969 325.200012207031 325.700012207031 322.5 319 316.600006103516 315.899993896484 312.5 307.399993896484 305.799987792969 305 304 299.399993896484 296.399993896484 295 291.899993896484
441.700012207031 436.700012207031 434.799987792969 431.600006103516 428.299987792969 423.399993896484 420.700012207031 416.899993896484 412.700012207031 409.600006103516 407.100006103516 402.5 398.100006103516 395.399993896484 394.899993896484 393.600006103516 388.5 387.399993896484 387.299987792969 386.100006103516 387.600006103516 385.5 384.5 382 380.100006103516 379.299987792969 378.399993896484 378.5 377.600006103516 375.799987792969 374 371 366.399993896484 360.5 357.200012207031 355.899993896484 347.799987792969 345.100006103516 339.899993896484 331.299987792969 331.700012207031 328.600006103516 326.5 323.700012207031 322.299987792969 321.299987792969 318.899993896484 316.600006103516 314.200012207031 312.700012207031 310.899993896484 307.600006103516 306.299987792969 303.899993896484 300.700012207031
442.200012207031 436.299987792969 433.700012207031 432 429.399993896484 426.799987792969 424.600006103516 420.5 417.600006103516 414.899993896484 410.5 406.899993896484 402.299987792969 399.600006103516 397.5 396.299987792969 391.200012207031 390 388.700012207031 389.399993896484 389.299987792969 387.899993896484 384.399993896484 382.899993896484 382.700012207031 379.700012207031 379.799987792969 378.299987792969 377.299987792969 377.399993896484 375.600006103516 368.399993896484 364.299987792969 365.600006103516 363.100006103516 362.5 356.799987792969 353.5 344.799987792969 338.200012207031 336.600006103516 334.200012207031 336 331.799987792969 329.399993896484 325.100006103516 323.200012207031 321.799987792969 320.399993896484 320.5 319.299987792969 316.600006103516 315.299987792969 313.100006103516 310.600006103516
