data/layers/future_layer_mc_585_60/bio4.asc
NCOLS 494 
NROWS 529 
XLLCORNER -117.166666666667 
YLLCORNER -55.5 
CELLSIZE 0.166666666666667 
NODATA_value -3.4e+38 
[rows 384 to 407 of 529, columns 330 to 384 of 494]
527.599975585938 522.799987792969 517.400024414062 516 513.599975585938 511.200012207031 507.299987792969 504.899993896484 499.5 493.399993896484 491.200012207031 485.899993896484 487.700012207031 489.399993896484 487.299987792969 486.600006103516 484.700012207031 484 484.200012207031 484 484.899993896484 487.700012207031 487.600006103516 485.600006103516 485.799987792969 489.5 490.899993896484 490.399993896484 488.299987792969 487 487 488.200012207031 484.700012207031 481 476.899993896484 470.700012207031 465.5 465.5 460.5 459.399993896484 458.299987792969 457.399993896484 453.299987792969 448.700012207031 446.299987792969 442.700012207031 436.899993896484 430.100006103516 425.899993896484 425 423.299987792969 422 418.700012207031 411.600006103516 410.600006103516
531.400024414062 525.900024414062 521.599975585938 520.400024414062 516.400024414062 513.400024414062 506.799987792969 504.100006103516 501.600006103516 491.299987792969 487.5 488.100006103516 491.5 490 489.600006103516 487.200012207031 485.399993896484 485.299987792969 486.799987792969 487.399993896484 488.600006103516 489 487.600006103516 487.899993896484 486.200012207031 488.200012207031 490.899993896484 490.5 490.200012207031 489.399993896484 486.899993896484 487.899993896484 487.600006103516 483.899993896484 480.5 476.700012207031 470.299987792969 467 464.899993896484 463.200012207031 462.5 457.799987792969 453.700012207031 451.399993896484 449.600006103516 444.799987792969 439.799987792969 435.200012207031 433.299987792969 430.399993896484 426.200012207031 422.700012207031 415.299987792969 411.600006103516 412.200012207031
530.799987792969 527.099975585938 521.900024414062 520.599975585938 517.700012207031 514.5 507.299987792969 506 497.399993896484 492.200012207031 495.299987792969 495.100006103516 493.899993896484 491.700012207031 490.5 488.5 487.899993896484 488.799987792969 488.799987792969 489.899993896484 490.600006103516 490.200012207031 488 487.5 485 488.299987792969 487.899993896484 489.299987792969 491.899993896484 491.899993896484 490.299987792969 489.799987792969 488.299987792969 486.299987792969 483.799987792969 481.600006103516 474.399993896484 470.700012207031 467.600006103516 467 463.399993896484 458.799987792969 455.5 452.5 450.5 447.600006103516 444.100006103516 442.200012207031 439.600006103516 434.399993896484 429.5 421.799987792969 416.399993896484 412.899993896484 412.600006103516
531.799987792969 527 524.799987792969 522 517.900024414062 512 508.200012207031 504.700012207031 494.200012207031 496 497.700012207031 497 494.399993896484 492.5 492.200012207031 491.399993896484 490.600006103516 490.899993896484 491.100006103516 491.899993896484 492.299987792969 491.600006103516 489.899993896484 486 487.799987792969 490.200012207031 488 485.600006103516 488.399993896484 491.5 491 492.5 489.600006103516 486.399993896484 486.200012207031 484 476.299987792969 472.5 472.5 472.299987792969 467.399993896484 463.200012207031 463.100006103516 457.100006103516 454.299987792969 451.200012207031 445.700012207031 443.600006103516 441.799987792969 437.899993896484 432.399993896484 424.100006103516 420.600006103516 417 415.100006103516
533.400024414062 526.099975585938 523 520.900024414062 521.200012207031 512.400024414062 508.5 501.899993896484 493.700012207031 496.5 498 496.799987792969 496.299987792969 494.5 492.600006103516 493.100006103516 493.100006103516 492.100006103516 492.600006103516 494.399993896484 493.799987792969 493.5 492.299987792969 488.700012207031 486.200012207031 490.200012207031 490.5 488.799987792969 488.799987792969 495 495.899993896484 494.399993896484 492.5 490 488.600006103516 485.700012207031 481 474 476.5 471.799987792969 468.100006103516 468.5 463.399993896484 461.399993896484 456.799987792969 453.899993896484 452.399993896484 450 446 442.799987792969 435.799987792969 425.200012207031 420.100006103516 417.5 415.399993896484
538.5 527.099975585938 522.5 521.299987792969 518.700012207031 515.400024414062 509.600006103516 501.899993896484 492.799987792969 493 497 497.200012207031 497.600006103516 497.299987792969 495.299987792969 494.600006103516 494.399993896484 494.700012207031 495.299987792969 496.5 495.700012207031 492.200012207031 494 491.399993896484 487.100006103516 490.299987792969 490.399993896484 488.899993896484 488.5 495 496 496.700012207031 494.399993896484 493.100006103516 490 487.100006103516 485.5 479 476.399993896484 471.899993896484 468.299987792969 468 465.200012207031 461.899993896484 457.299987792969 457 453.899993896484 452.100006103516 449.899993896484 442.700012207031 435.700012207031 433.600006103516 427.200012207031 421.299987792969 418.899993896484
539 529.5 523.400024414062 520.799987792969 518.599975585938 514.900024414062 511.799987792969 503.700012207031 493.899993896484 491.899993896484 494.600006103516 494.799987792969 496.200012207031 497 497 496.899993896484 496.899993896484 497.899993896484 497.200012207031 499.100006103516 498.200012207031 496.799987792969 496.299987792969 492 490.700012207031 492.100006103516 491.399993896484 489 488 491.299987792969 491.700012207031 493.700012207031 493.700012207031 495.399993896484 493.200012207031 489.299987792969 487.600006103516 485.399993896484 477.600006103516 472.200012207031 469.100006103516 468.100006103516 465.600006103516 460.299987792969 459.700012207031 459.399993896484 457 455.600006103516 451.299987792969 442.399993896484 438.799987792969 434.799987792969 428.799987792969 423.600006103516 419.600006103516
533.799987792969 535.400024414062 525.799987792969 522.700012207031 519.599975585938 515.5 510.899993896484 503.299987792969 497 495.799987792969 493.299987792969 494.200012207031 495.700012207031 496.700012207031 497.399993896484 497.100006103516 498 498.799987792969 498 501.100006103516 501.700012207031 500.399993896484 499.600006103516 494.100006103516 494.100006103516 495.399993896484 494.600006103516 494.799987792969 493.5 492.299987792969 493.5 496.399993896484 497.399993896484 498.799987792969 494.700012207031 490.700012207031 483.600006103516 476.799987792969 475.700012207031 474.299987792969 470.899993896484 466.799987792969 462.899993896484 461.799987792969 459.899993896484 456.899993896484 454.399993896484 450.899993896484 447.399993896484 443.799987792969 438.100006103516 433.799987792969 427.299987792969 421.700012207031 416.100006103516
535.299987792969 533.200012207031 528.700012207031 524.799987792969 521.599975585938 518.400024414062 514.200012207031 511.700012207031 507.100006103516 501.399993896484 498.299987792969 495.5 495 496.700012207031 497.399993896484 495.899993896484 499.200012207031 500.399993896484 499.799987792969 503.200012207031 504 504.799987792969 503 499.299987792969 494.100006103516 499.100006103516 499.700012207031 498.600006103516 498.600006103516 497 495.899993896484 498.5 497.899993896484 500.899993896484 492 483.200012207031 480.299987792969 479.100006103516 476.100006103516 474.200012207031 471.200012207031 466.799987792969 465 461.700012207031 455.299987792969 451.100006103516 447.200012207031 445.799987792969 442.899993896484 441.299987792969 437.299987792969 431.200012207031 423.899993896484 417.799987792969 411.799987792969
537.599975585938 535.5 532.599975585938 527.200012207031 524.299987792969 523.599975585938 519.799987792969 520.700012207031 521.900024414062 508.299987792969 501.799987792969 498.299987792969 496.899993896484 497.600006103516 498.700012207031 497 498.600006103516 499.5 501.200012207031 504.299987792969 506.600006103516 508.399993896484 507.700012207031 503.700012207031 493.799987792969 499.600006103516 500.600006103516 500.100006103516 499.700012207031 498.600006103516 498.5 500.200012207031 498.700012207031 498.799987792969 497 490.5 487.200012207031 485.299987792969 478.899993896484 475 471.100006103516 468.200012207031 463.600006103516 457.399993896484 451.399993896484 449.799987792969 447 443.799987792969 441.899993896484 439.200012207031 433.799987792969 428.700012207031 421.5 414.399993896484 414.5
540.900024414062 538.599975585938 535.299987792969 532.299987792969 528.400024414062 525.200012207031 523.799987792969 523.200012207031 524 517 506.399993896484 500.600006103516 498.100006103516 496.600006103516 498 498.299987792969 499.100006103516 499.100006103516 501.399993896484 504.200012207031 507.200012207031 509.200012207031 -3.4e+38 505.299987792969 502.299987792969 503.600006103516 502 501.200012207031 499.5 496.700012207031 496.5 499.799987792969 499.700012207031 497.299987792969 494.899993896484 493.200012207031 490.100006103516 485.600006103516 482.700012207031 476.799987792969 472.200012207031 467.100006103516 461 456.299987792969 454 451.600006103516 448 443.899993896484 440.299987792969 436.799987792969 430.799987792969 422.799987792969 416.200012207031 413.899993896484 411.799987792969
542.900024414062 539.799987792969 536.400024414062 532.900024414062 530.299987792969 528.099975585938 526.900024414062 526 524.299987792969 520.799987792969 516 507.399993896484 499.799987792969 496.5 495 494.799987792969 497.100006103516 498.200012207031 498.5 504.799987792969 506.200012207031 507.600006103516 -3.4e+38 506 505.399993896484 505.299987792969 502.5 500.700012207031 499.799987792969 498.700012207031 499 498.600006103516 497.899993896484 497.200012207031 495.100006103516 492.299987792969 486.399993896484 484.700012207031 482.100006103516 477.5 472.700012207031 467 458.700012207031 454.399993896484 453 450.5 446.799987792969 442.799987792969 437.899993896484 431.600006103516 427.399993896484 420.399993896484 416.700012207031 416.299987792969 412.600006103516
544.799987792969 540.900024414062 539.099975585938 536.099975585938 533.5 530.900024414062 529.200012207031 527.799987792969 526.200012207031 522.799987792969 519 515.200012207031 504.899993896484 498.700012207031 496.799987792969 491.899993896484 490.899993896484 493.700012207031 497.700012207031 500.600006103516 502.200012207031 499.899993896484 -3.4e+38 503 503.600006103516 501.299987792969 501.700012207031 499.799987792969 498.200012207031 497.200012207031 497.799987792969 497.799987792969 498.399993896484 497.299987792969 495.5 492.899993896484 489.100006103516 484.899993896484 481.600006103516 476.700012207031 471.299987792969 464.200012207031 455.5 452.399993896484 450.700012207031 447.299987792969 443.799987792969 437.799987792969 433.100006103516 428.200012207031 426.200012207031 419.799987792969 413.899993896484 414.600006103516 410.399993896484
545 542.400024414062 540 538.599975585938 536.299987792969 533.599975585938 531.700012207031 529.200012207031 527.299987792969 524.099975585938 520.799987792969 516.900024414062 512.299987792969 505.399993896484 496.799987792969 492.700012207031 491.100006103516 494 493.700012207031 493.200012207031 492.799987792969 -3.4e+38 -3.4e+38 502.100006103516 500.299987792969 498.299987792969 497.5 497.200012207031 496.600006103516 495.799987792969 495.799987792969 495 496.899993896484 497.100006103516 495.899993896484 493.399993896484 489.200012207031 485.299987792969 480 474.600006103516 467 461.100006103516 454 449.200012207031 446.299987792969 445.399993896484 441.600006103516 436.200012207031 431.399993896484 426.799987792969 422.799987792969 418.5 414.200012207031 -3.4e+38 -3.4e+38
548.900024414062 546 541.700012207031 541.299987792969 537.099975585938 533.400024414062 531.799987792969 531.200012207031 527.599975585938 525.700012207031 522 518.900024414062 514.099975585938 510 506 499.299987792969 492.399993896484 488.299987792969 491.399993896484 488.899993896484 487.799987792969 -3.4e+38 -3.4e+38 499.600006103516 497.200012207031 495.600006103516 494.399993896484 494.299987792969 493.899993896484 493.200012207031 492.799987792969 493.299987792969 494.100006103516 494.700012207031 494.899993896484 493.200012207031 489.100006103516 483.299987792969 477.399993896484 469.799987792969 462.399993896484 459.100006103516 454.5 448.200012207031 445.299987792969 442.799987792969 437.799987792969 435.5 428.399993896484 426.200012207031 417.200012207031 414.700012207031 -3.4e+38 -3.4e+38 -3.4e+38
551.299987792969 547.299987792969 543.200012207031 539.5 536.5 534.400024414062 532.599975585938 529.200012207031 528.900024414062 528 522.200012207031 517.599975585938 513.299987792969 509.100006103516 506 503.100006103516 499.5 492.399993896484 487.799987792969 486.200012207031 485.600006103516 484.399993896484 486.799987792969 492.700012207031 491.899993896484 491.600006103516 490.899993896484 490.299987792969 490.100006103516 489.399993896484 489.600006103516 490.600006103516 492.5 492.100006103516 492.299987792969 493.600006103516 489.100006103516 481.600006103516 473.899993896484 465.299987792969 458.200012207031 453.100006103516 450.5 444.299987792969 441.100006103516 436.700012207031 435.5 430.799987792969 427.299987792969 423.799987792969 416.899993896484 414 -3.4e+38 -3.4e+38 -3.4e+38
555.599975585938 550.599975585938 545.200012207031 541.400024414062 535.799987792969 532.700012207031 531 529.599975585938 527.299987792969 524.700012207031 521.299987792969 517.400024414062 514.400024414062 509.399993896484 505.700012207031 502 499.600006103516 498.299987792969 494.5 485.600006103516 484 481.100006103516 478.899993896484 -3.4e+38 487.299987792969 486.799987792969 487 486.700012207031 487.200012207031 487.200012207031 487.200012207031 487.700012207031 489 490.200012207031 491.600006103516 493.5 487.100006103516 479.299987792969 472 464.200012207031 456.799987792969 448.600006103516 441.600006103516 438.399993896484 436.299987792969 434 429.600006103516 425.799987792969 422 417.799987792969 415 -3.4e+38 -3.4e+38 -3.4e+38 -3.4e+38
557 553.599975585938 548.299987792969 543.599975585938 539.400024414062 535.299987792969 531.099975585938 529.099975585938 527.200012207031 523.299987792969 521 516.400024414062 512.099975585938 509.299987792969 506.299987792969 502.5 500.200012207031 499.200012207031 497.799987792969 492.899993896484 485.799987792969 480.399993896484 -3.4e+38 -3.4e+38 -3.4e+38 479.200012207031 482.799987792969 484.899993896484 484.799987792969 485.700012207031 486 486.399993896484 486.600006103516 486.700012207031 487.399993896484 485.399993896484 480.399993896484 474.600006103516 468.399993896484 461.100006103516 454.600006103516 445.100006103516 438.100006103516 433.5 430.899993896484 425.5 421.299987792969 419.399993896484 418.299987792969 415.899993896484 -3.4e+38 -3.4e+38 -3.4e+38 -3.4e+38 -3.4e+38
557.5 553.900024414062 549.599975585938 544.5 540.599975585938 537 532.200012207031 527.900024414062 524.599975585938 522 518.5 514.799987792969 513.5 511.5 505.799987792969 501.200012207031 499.600006103516 498.200012207031 497.5 496.100006103516 495.299987792969 489.200012207031 -3.4e+38 -3.4e+38 -3.4e+38 -3.4e+38 -3.4e+38 -3.4e+38 -3.4e+38 -3.4e+38 -3.4e+38 483.399993896484 482.600006103516 481.5 480.200012207031 477.700012207031 474.399993896484 468.700012207031 462.200012207031 454.700012207031 447.5 437.5 431 425.100006103516 421.200012207031 416.700012207031 418.5 418.899993896484 416.200012207031 -3.4e+38 -3.4e+38 -3.4e+38 -3.4e+38 -3.4e+38 -3.4e+38
561.299987792969 556 549.5 545 541 537 531.799987792969 528.599975585938 523.299987792969 520.5 518.200012207031 514.299987792969 511.799987792969 508.799987792969 507.100006103516 502.399993896484 499.700012207031 498.5 498.5 496.399993896484 497.200012207031 497.899993896484 -3.4e+38 -3.4e+38 -3.4e+38 -3.4e+38 -3.4e+38 -3.4e+38 -3.4e+38 -3.4e+38 -3.4e+38 -3.4e+38 481.299987792969 478.399993896484 473.600006103516 471.5 467.700012207031 461.799987792969 454.799987792969 448.700012207031 441.600006103516 429.299987792969 424.100006103516 422.399993896484 419.899993896484 417.799987792969 417.700012207031 415.799987792969 -3.4e+38 -3.4e+38 -3.4e+38 -3.4e+38 -3.4e+38 -3.4e+38 -3.4e+38
562.900024414062 558.099975585938 551.299987792969 545.400024414062 541.400024414062 535.900024414062 531.200012207031 525.900024414062 522.200012207031 519.900024414062 516.799987792969 514.799987792969 511.299987792969 509.399993896484 507.799987792969 503.5 500.399993896484 500.200012207031 499.399993896484 497.899993896484 497.5 497.200012207031 497.200012207031 -3.4e+38 -3.4e+38 -3.4e+38 -3.4e+38 -3.4e+38 -3.4e+38 -3.4e+38 -3.4e+38 -3.4e+38 -3.4e+38 -3.4e+38 -3.4e+38 464.600006103516 458.700012207031 -3.4e+38 -3.4e+38 -3.4e+38 -3.4e+38 424.700012207031 421.5 418.5 417.299987792969 -3.4e+38 -3.4e+38 -3.4e+38 -3.4e+38 -3.4e+38 -3.4e+38 -3.4e+38 -3.4e+38 -3.4e+38 -3.4e+38
563.200012207031 557.799987792969 550.400024414062 545.799987792969 541.299987792969 535.200012207031 531.299987792969 526.5 523.599975585938 519 516.700012207031 514.200012207031 512 508.799987792969 507.200012207031 504.299987792969 503.799987792969 502.600006103516 500.299987792969 499.899993896484 499.100006103516 495.899993896484 496.100006103516 495.299987792969 495.899993896484 498.799987792969 -3.4e+38 -3.4e+38 -3.4e+38 -3.4e+38 -3.4e+38 -3.4e+38 -3.4e+38 -3.4e+38 -3.4e+38 -3.4e+38 -3.4e+38 -3.4e+38 -3.4e+38 -3.4e+38 -3.4e+38 -3.4e+38 -3.4e+38 -3.4e+38 -3.4e+38 -3.4e+38 -3.4e+38 -3.4e+38 -3.4e+38 -3.4e+38 -3.4e+38 -3.4e+38 -3.4e+38 -3.4e+38 -3.4e+38
564.900024414062 557 550.599975585938 545.700012207031 540.599975585938 535.700012207031 530.299987792969 527.599975585938 523.900024414062 520.599975585938 518.299987792969 515 512.099975585938 510.200012207031 507.600006103516 506.299987792969 505.899993896484 504.200012207031 503.100006103516 502.100006103516 500.799987792969 498.299987792969 498.399993896484 499.600006103516 501.799987792969 502.600006103516 500.799987792969 497.5 -3.4e+38 -3.4e+38 -3.4e+38 -3.4e+38 -3.4e+38 -3.4e+38 -3.4e+38 -3.4e+38 -3.4e+38 -3.4e+38 -3.4e+38 -3.4e+38 -3.4e+38 -3.4e+38 -3.4e+38 -3.4e+38 -3.4e+38 -3.4e+38 -3.4e+38 -3.4e+38 -3.4e+38 -3.4e+38 -3.4e+38 -3.4e+38 -3.4e+38 -3.4e+38 -3.4e+38
564.400024414062 556.799987792969 549 543.200012207031 538.599975585938 534.900024414062 529.299987792969 526.400024414062 523.799987792969 521.700012207031 517.299987792969 515.299987792969 513.599975585938 512.099975585938 509.600006103516 507.200012207031 505.700012207031 504.799987792969 504.5 503.600006103516 502.100006103516 500.700012207031 500.799987792969 501.799987792969 502.399993896484 503.399993896484 501.700012207031 501.100006103516 498.600006103516 -3.4e+38 -3.4e+38 -3.4e+38 -3.4e+38 -3.4e+38 -3.4e+38 -3.4e+38 -3.4e+38 -3.4e+38 -3.4e+38 -3.4e+38 -3.4e+38 -3.4e+38 -3.4e+38 -3.4e+38 -3.4e+38 -3.4e+38 -3.4e+38 -3.4e+38 -3.4e+38 -3.4e+38 -3.4e+38 -3.4e+38 -3.4e+38 -3.4e+38 -3.4e+38
