data/layers/future_layer_mc_585_60/bio4.asc
NCOLS 494 
NROWS 529 
XLLCORNER -117.166666666667 
YLLCORNER -55.5 
CELLSIZE 0.166666666666667 
NODATA_value -3.4e+38 
[rows 168 to 191 of 529, columns 330 to 384 of 494]
61 65.0999984741211 65.5 65.5 64.0999984741211 63.9000015258789 66.8000030517578 65.5999984741211 64.8000030517578 64.6999969482422 68.0999984741211 68.8000030517578 68.0999984741211 69.0999984741211 68.4000015258789 70.9000015258789 71.0999984741211 71.5 73.0999984741211 72.9000015258789 72.5 71.8000030517578 72.0999984741211 71.8000030517578 71.5999984741211 71.0999984741211 70.4000015258789 69.6999969482422 69.4000015258789 69.6999969482422 69.8000030517578 70.3000030517578 70 68.8000030517578 68.5 68.3000030517578 69.4000015258789 70.5999984741211 71.1999969482422 72.1999969482422 72.9000015258789 75.4000015258789 78.3000030517578 75.8000030517578 75.8000030517578 77.0999984741211 78.6999969482422 79.1999969482422 80.1999969482422 81 81.8000030517578 82.9000015258789 83.5999984741211 80.1999969482422 77.0999984741211
64.9000015258789 67.1999969482422 68.5999984741211 68.0999984741211 65.8000030517578 68.0999984741211 69.4000015258789 72.5 73 73 72.5999984741211 72.5999984741211 73.3000030517578 75 75.4000015258789 75 75 76.4000015258789 77.4000015258789 77.9000015258789 77.6999969482422 76.1999969482422 76 75.5999984741211 75.0999984741211 75.0999984741211 74 74 74 73.9000015258789 74.1999969482422 74.5 74.1999969482422 73.5 73.5 73.0999984741211 73.5999984741211 74.5999984741211 74.8000030517578 74.5999984741211 74.1999969482422 75 76.4000015258789 75.8000030517578 76.6999969482422 77 78.8000030517578 78.6999969482422 79.3000030517578 80 81.3000030517578 82.3000030517578 83.4000015258789 81.5 78.8000030517578
65.8000030517578 69.0999984741211 69.8000030517578 69.9000015258789 72.5999984741211 75.6999969482422 79.1999969482422 80.4000015258789 78.8000030517578 79.0999984741211 78.4000015258789 77.5 77.9000015258789 78.4000015258789 80 78.6999969482422 79.5999984741211 81.1999969482422 82.5 81.8000030517578 82.0999984741211 80.9000015258789 80.4000015258789 79.9000015258789 79.9000015258789 79.3000030517578 78.3000030517578 78.0999984741211 78 77.8000030517578 78.1999969482422 79.3000030517578 78.4000015258789 77.6999969482422 77.8000030517578 78.6999969482422 78 77.9000015258789 78.1999969482422 77.0999984741211 76 75.6999969482422 75.8000030517578 75.1999969482422 75.9000015258789 77 78.3000030517578 78.1999969482422 78 78.5999984741211 80.3000030517578 81.4000015258789 83.1999969482422 82.0999984741211 79.9000015258789
65 67.5 71.5 74.5999984741211 78.0999984741211 82.1999969482422 83.0999984741211 83.8000030517578 83.5999984741211 84.0999984741211 84.8000030517578 84.3000030517578 83.8000030517578 82.6999969482422 84.3000030517578 85.5 85.6999969482422 86.1999969482422 87.8000030517578 86.8000030517578 86.5999984741211 85.6999969482422 84.9000015258789 85 84.5999984741211 83.8000030517578 83 82 81.6999969482422 81.8000030517578 82.5999984741211 82.6999969482422 83.1999969482422 82.8000030517578 82.3000030517578 82.4000015258789 81.5999984741211 81.1999969482422 80.9000015258789 79.1999969482422 78.1999969482422 77.5999984741211 76.1999969482422 75 75.1999969482422 75.8000030517578 76.0999984741211 76.3000030517578 76.3000030517578 76.8000030517578 79.0999984741211 80.6999969482422 82.5999984741211 82.9000015258789 82.0999984741211
67.5 71.5999984741211 73.8000030517578 76.5999984741211 81.4000015258789 84.1999969482422 86.3000030517578 87.0999984741211 89 89.4000015258789 89.1999969482422 89 88.8000030517578 91.1999969482422 92.4000015258789 93.8000030517578 93.5999984741211 93.6999969482422 94.1999969482422 93.8000030517578 91.6999969482422 90.6999969482422 90.3000030517578 89.8000030517578 89.5 88.1999969482422 87.3000030517578 86.5 85.9000015258789 85.5999984741211 86.8000030517578 86.3000030517578 87.4000015258789 87 86.5 87.1999969482422 86.3000030517578 84.9000015258789 82.9000015258789 81 79.5 78.4000015258789 76.5999984741211 74.6999969482422 74.1999969482422 74.1999969482422 74.5999984741211 75.5 74.5 75.1999969482422 76.8000030517578 79.9000015258789 82.1999969482422 83.5 83.8000030517578
67.3000030517578 71.5999984741211 73.6999969482422 78.5999984741211 82.5 84.8000030517578 88.3000030517578 90.1999969482422 91.5 92.5999984741211 94.4000015258789 94.8000030517578 96.6999969482422 98.5999984741211 99 99.4000015258789 100 99.4000015258789 99.3000030517578 98.3000030517578 97.4000015258789 96.0999984741211 95.0999984741211 95.0999984741211 94.1999969482422 93.4000015258789 92.0999984741211 90.6999969482422 89.5999984741211 89.1999969482422 88.9000015258789 89.4000015258789 89.5999984741211 90.4000015258789 89.5 89.6999969482422 89.0999984741211 87.1999969482422 84.1999969482422 82.4000015258789 80 78.8000030517578 77 74.5999984741211 73.6999969482422 73.4000015258789 73 72.5 73.4000015258789 73.8000030517578 75.5999984741211 79.4000015258789 82.3000030517578 83.5 85.1999969482422
66.6999969482422 70.9000015258789 74.3000030517578 79.9000015258789 82.3000030517578 86.1999969482422 89.3000030517578 92 94.9000015258789 97.3000030517578 99.0999984741211 101 103.300003051758 105.400001525879 106.699996948242 106.599998474121 105.5 104.800003051758 105 104 102.599998474121 101.800003051758 100.900001525879 99.9000015258789 99 98.0999984741211 97 95.5999984741211 94.0999984741211 93.0999984741211 92.4000015258789 92.3000030517578 91.1999969482422 91.3000030517578 90.9000015258789 90 88.8000030517578 86.5999984741211 85 82.9000015258789 81.0999984741211 78.9000015258789 76.9000015258789 74.0999984741211 73.4000015258789 72.9000015258789 71.9000015258789 71.3000030517578 70.9000015258789 73.5 75.5 79.3000030517578 81.1999969482422 84.9000015258789 86.6999969482422
66.5 70.0999984741211 73.1999969482422 77 80.6999969482422 86.5 90.5 93.9000015258789 96.0999984741211 99.9000015258789 102.800003051758 105 108.300003051758 110.5 112 110.099998474121 106.699996948242 107.400001525879 107.300003051758 106.5 105.599998474121 104.699996948242 103.400001525879 102.5 101.699996948242 101 99.5999984741211 98.5999984741211 96.5999984741211 95.4000015258789 94.3000030517578 93.5 92.1999969482422 92.3000030517578 91 89.5999984741211 89.5999984741211 87.1999969482422 85.1999969482422 83.6999969482422 81.5999984741211 79.0999984741211 76.6999969482422 74.0999984741211 73 72.0999984741211 71.3000030517578 71.3000030517578 71.1999969482422 72.0999984741211 74 76.4000015258789 79.5 83 86.3000030517578
65.5 69.8000030517578 73.3000030517578 76.8000030517578 81.6999969482422 88.6999969482422 91.8000030517578 96 99.5999984741211 101.5 105 107.900001525879 110 110.5 107.699996948242 102.800003051758 105.5 105.900001525879 106.199996948242 106.300003051758 105.400001525879 104.5 103.800003051758 103.099998474121 102.400001525879 100.900001525879 100.199996948242 98.6999969482422 96.8000030517578 96 94.8000030517578 94.3000030517578 92.8000030517578 92.4000015258789 91.5999984741211 90 89.1999969482422 87.1999969482422 85 83.3000030517578 81.5999984741211 79 77.1999969482422 74.6999969482422 72.8000030517578 71.5 70.6999969482422 69.9000015258789 70.5 70.9000015258789 72.8000030517578 74.0999984741211 76.9000015258789 80.5 84.1999969482422
64.9000015258789 69 72.8000030517578 77.4000015258789 82.9000015258789 88.5 93.1999969482422 96.8000030517578 99.9000015258789 102.300003051758 105.900001525879 107.199996948242 109.5 109 110.599998474121 107.800003051758 107.900001525879 107.800003051758 108 106.800003051758 105.5 104.800003051758 103.699996948242 103.300003051758 102.599998474121 102 100.900001525879 99.9000015258789 98.1999969482422 96.8000030517578 95.6999969482422 94.8000030517578 94.3000030517578 92.3000030517578 91.6999969482422 89.8000030517578 88.0999984741211 86.6999969482422 84.8000030517578 83.0999984741211 81.5999984741211 80.0999984741211 77.8000030517578 75.1999969482422 72.4000015258789 71.4000015258789 70.8000030517578 70 70.1999969482422 70.3000030517578 70.8000030517578 72.1999969482422 74.5999984741211 78 80.8000030517578
64.8000030517578 68.5999984741211 73.4000015258789 77.5 82.3000030517578 88.5999984741211 93.4000015258789 97.5 101.800003051758 105 105.699996948242 106.699996948242 106.5 111.099998474121 113.099998474121 112.099998474121 112.599998474121 111.800003051758 109.400001525879 105.900001525879 105 104.400001525879 104.300003051758 102.800003051758 102.900001525879 102.199996948242 101.800003051758 100.900001525879 99.3000030517578 97.0999984741211 96.6999969482422 95.3000030517578 94.6999969482422 93 91.5 91.1999969482422 88.9000015258789 86.4000015258789 84.8000030517578 83 81 79.3000030517578 77.0999984741211 74.9000015258789 71.9000015258789 71.4000015258789 70.4000015258789 69.5 69.5999984741211 69.5999984741211 70 71.0999984741211 72.9000015258789 75 76.5999984741211
64.8000030517578 69.5 73.3000030517578 77 81.0999984741211 86.9000015258789 92.5999984741211 98 102.599998474121 105.300003051758 105.400001525879 107.099998474121 107.199996948242 110.800003051758 112 112.400001525879 113.5 113.300003051758 108.699996948242 105.5 105 104.199996948242 104.199996948242 103.699996948242 103.300003051758 103.199996948242 102.699996948242 101.699996948242 100.199996948242 98.6999969482422 97.8000030517578 96.3000030517578 94.9000015258789 93.8000030517578 92.8000030517578 91.8000030517578 90.3000030517578 86.9000015258789 85.0999984741211 82.5999984741211 80.9000015258789 79.1999969482422 78.5 74.8000030517578 73 71.0999984741211 70 69.5999984741211 68.6999969482422 68.5999984741211 69.3000030517578 69.5 70.6999969482422 71.9000015258789 74.3000030517578
64.8000030517578 69 73.0999984741211 77.5999984741211 81.0999984741211 86.0999984741211 91.4000015258789 97.1999969482422 100.5 102.599998474121 104.099998474121 105.599998474121 109.699996948242 111.199996948242 112.599998474121 112.400001525879 113.5 112.699996948242 105.300003051758 104.900001525879 104.800003051758 104.400001525879 104.199996948242 104 103.699996948242 103.699996948242 103.599998474121 102.900001525879 101.400001525879 100.199996948242 98.6999969482422 97.0999984741211 96.1999969482422 94.9000015258789 93.6999969482422 91.8000030517578 90.5 87.6999969482422 85.8000030517578 83.0999984741211 81 79.8000030517578 78.5 76.3000030517578 74.5999984741211 71.9000015258789 70.4000015258789 69.5 68.0999984741211 68.1999969482422 68.0999984741211 68.0999984741211 69.0999984741211 69.9000015258789 71.5999984741211
64.5999984741211 68.4000015258789 72 77.3000030517578 79.0999984741211 85.6999969482422 90.1999969482422 95.5 98.6999969482422 101.699996948242 103.400001525879 103.400001525879 107.900001525879 110.699996948242 112.099998474121 112.900001525879 113.699996948242 108.300003051758 104.5 104.800003051758 104.400001525879 104.199996948242 104.300003051758 104.5 104.099998474121 104.699996948242 104.599998474121 103.900001525879 103.199996948242 101.599998474121 100.199996948242 98.6999969482422 97.8000030517578 96.4000015258789 95.5 93.4000015258789 90.8000030517578 89 87 84.4000015258789 82.4000015258789 80.6999969482422 78.5 77.8000030517578 75.5999984741211 72.6999969482422 70.6999969482422 69.3000030517578 68.5 68.0999984741211 67.9000015258789 66.5 66.9000015258789 68.3000030517578 69.5
63.5999984741211 66.6999969482422 71.3000030517578 75.8000030517578 80.5 85.0999984741211 90.5 94.3000030517578 97.4000015258789 101.599998474121 104.300003051758 104.199996948242 106.199996948242 108 110.900001525879 111.699996948242 108.099998474121 104.599998474121 103.900001525879 103.599998474121 103.699996948242 103.800003051758 104.400001525879 104.699996948242 105.199996948242 105.599998474121 105.5 105.400001525879 104.199996948242 103.5 102.599998474121 101.400001525879 100 98.6999969482422 97.5 96 94.0999984741211 95.9000015258789 91.4000015258789 87.5 83.8000030517578 81.8000030517578 79.3000030517578 77.3000030517578 75.5999984741211 73.6999969482422 72 69.1999969482422 68.1999969482422 67.6999969482422 66.1999969482422 65.1999969482422 65.0999984741211 66.1999969482422 66
62 65.5 69.9000015258789 74.6999969482422 79.6999969482422 84.9000015258789 89.1999969482422 92.5 96.3000030517578 100.599998474121 103.400001525879 103.699996948242 104.900001525879 106.5 108.199996948242 105.599998474121 103.599998474121 103.400001525879 103.099998474121 103.300003051758 103.199996948242 103.199996948242 104.300003051758 104.599998474121 104.599998474121 105.800003051758 106.300003051758 105.599998474121 105.199996948242 104.599998474121 104 103.599998474121 102.199996948242 101.400001525879 100.199996948242 100.099998474121 101.099998474121 102.5 99.6999969482422 91 85.6999969482422 82.9000015258789 80.4000015258789 78.8000030517578 76.6999969482422 74.3000030517578 71.9000015258789 70.1999969482422 68.4000015258789 66.5999984741211 65.4000015258789 64.3000030517578 63.0999984741211 64.3000030517578 64.6999969482422
61.5 64 67.6999969482422 72.5 77.1999969482422 82.4000015258789 86.0999984741211 88.9000015258789 92.5 96.5999984741211 99.3000030517578 99.9000015258789 100.300003051758 101.300003051758 99.9000015258789 99.5 98.8000030517578 99.3000030517578 98.4000015258789 98.5 99.5 99.8000030517578 100 100.599998474121 101 102 102.800003051758 102.800003051758 103.099998474121 102.5 101.599998474121 101.400001525879 101 100.900001525879 100.400001525879 100.699996948242 104.5 105.900001525879 102.699996948242 94.5 86.4000015258789 84.0999984741211 81.3000030517578 80 77.8000030517578 76 73.0999984741211 70.8000030517578 69.3000030517578 67.0999984741211 65.4000015258789 64.5 63.5999984741211 64 65.4000015258789
60.2999992370605 60 61.7000007629395 70.6999969482422 74.9000015258789 78.5 82.3000030517578 85.5999984741211 88.4000015258789 91.4000015258789 94.4000015258789 94.8000030517578 95.0999984741211 94.9000015258789 94.9000015258789 94.1999969482422 94.0999984741211 94.9000015258789 93.8000030517578 94.8000030517578 95.3000030517578 95.8000030517578 96.3000030517578 96.8000030517578 97.5 98.1999969482422 99 99.1999969482422 100 99.8000030517578 99.5999984741211 99.6999969482422 100.599998474121 100.599998474121 100.400001525879 100.400001525879 104.900001525879 106.900001525879 103.5 97.6999969482422 88 85.3000030517578 83 81.5999984741211 80 77.1999969482422 74.4000015258789 72.0999984741211 70 68.0999984741211 66.3000030517578 64.9000015258789 64.4000015258789 65.4000015258789 65.5
56.5999984741211 57.7999992370605 64.0999984741211 68.9000015258789 72.9000015258789 75.1999969482422 79.1999969482422 82.1999969482422 84.0999984741211 87.5999984741211 89.5 89.6999969482422 90.0999984741211 90.1999969482422 90.6999969482422 90.4000015258789 89.9000015258789 89.4000015258789 89.5999984741211 90.0999984741211 91.0999984741211 92.0999984741211 92.1999969482422 92.9000015258789 93.5 94.1999969482422 95.4000015258789 96.1999969482422 97.4000015258789 97.9000015258789 98.0999984741211 98.4000015258789 99.1999969482422 99.8000030517578 100.300003051758 100.699996948242 105.599998474121 106.900001525879 103.199996948242 95.9000015258789 89 86.4000015258789 85.3000030517578 83.8000030517578 81.5999984741211 78.6999969482422 75.9000015258789 73.4000015258789 71.1999969482422 68.6999969482422 67.3000030517578 65.5999984741211 64.1999969482422 64.6999969482422 65.8000030517578
56.7000007629395 60.7000007629395 63.5999984741211 66.5 70.1999969482422 72.3000030517578 76.0999984741211 78.9000015258789 80.3000030517578 83.1999969482422 85 85.3000030517578 85.5 85.5999984741211 85.8000030517578 86.8000030517578 86.6999969482422 85.3000030517578 85.0999984741211 86.3000030517578 87.5 88.1999969482422 88.5 89.5 90.5999984741211 91.5 92 93.0999984741211 94.5999984741211 95.5999984741211 97 97.5 98 99.1999969482422 99.9000015258789 101 106 106.300003051758 98.3000030517578 93.3000030517578 90.4000015258789 88.8000030517578 87.3000030517578 85.5999984741211 83.5999984741211 81.0999984741211 78.1999969482422 76 72.6999969482422 70.1999969482422 68.3000030517578 66 65.0999984741211 64.8000030517578 66.0999984741211
59.0999984741211 61.4000015258789 62.7999992370605 64.9000015258789 67.1999969482422 69.3000030517578 73.9000015258789 74.9000015258789 77.4000015258789 78 79.8000030517578 80.6999969482422 81.1999969482422 81.0999984741211 81.5 82 82.1999969482422 82.3000030517578 81.8000030517578 82.5999984741211 83.3000030517578 84.9000015258789 84.9000015258789 86.1999969482422 86.6999969482422 88 89.0999984741211 90.5999984741211 91.6999969482422 94 95.0999984741211 96.5 97.4000015258789 99 100.400001525879 101.699996948242 102.599998474121 104.099998474121 96.6999969482422 93.6999969482422 91.9000015258789 90.1999969482422 88.5999984741211 87.6999969482422 85.8000030517578 83.1999969482422 79.5 77.1999969482422 74.5999984741211 71.6999969482422 69 66.0999984741211 65.3000030517578 65 65.5
58.2000007629395 59.0999984741211 60.5 62.7999992370605 64.5 66.1999969482422 70 71.5 73.1999969482422 73.5 75.1999969482422 76.0999984741211 76.5999984741211 76.9000015258789 77 77.5 77.5999984741211 78.0999984741211 78.8000030517578 78.0999984741211 79 80.5999984741211 82.0999984741211 82.8000030517578 84 84.5999984741211 86 87.5999984741211 89.6999969482422 91.5999984741211 93.4000015258789 95.4000015258789 97 99.0999984741211 100.400001525879 102.199996948242 102.300003051758 103.099998474121 98 95.3000030517578 94.1999969482422 92.4000015258789 91.4000015258789 90.3000030517578 87.9000015258789 85.6999969482422 81.1999969482422 77 74.9000015258789 74 70.8000030517578 67.9000015258789 66.3000030517578 65.3000030517578 65.4000015258789
54.7000007629395 57.5999984741211 58.4000015258789 60.2000007629395 61.4000015258789 63.2000007629395 66 68.6999969482422 68.9000015258789 69.6999969482422 71.0999984741211 71.6999969482422 72.5 72.9000015258789 73.9000015258789 74.6999969482422 74.8000030517578 75.3000030517578 74.5 75.4000015258789 76.0999984741211 77.5 79 80.1999969482422 81.1999969482422 81.6999969482422 83.0999984741211 85 87.5 89.4000015258789 91.6999969482422 94.5999984741211 96.5999984741211 99.3000030517578 100.699996948242 102.599998474121 102.199996948242 102.199996948242 98.4000015258789 96.8000030517578 95.8000030517578 94.5999984741211 93.5 92.4000015258789 89.6999969482422 86.5 83.0999984741211 79.3000030517578 76 73.5999984741211 72.3000030517578 69 66.1999969482422 66 66
53.9000015258789 55.4000015258789 56.9000015258789 57.7999992370605 59.2000007629395 60.5999984741211 62.5999984741211 63.5999984741211 64.1999969482422 65.3000030517578 66.5999984741211 67.6999969482422 68.3000030517578 68.9000015258789 69.9000015258789 70.5999984741211 70.9000015258789 70.1999969482422 70.3000030517578 71.6999969482422 72.9000015258789 74.5 76.0999984741211 77.4000015258789 78.5 79.9000015258789 80.5999984741211 82.3000030517578 85 87.6999969482422 90.6999969482422 93.4000015258789 95.8000030517578 98.9000015258789 101.300003051758 104.199996948242 102.300003051758 101.300003051758 102 100.300003051758 97.4000015258789 96.3000030517578 95.6999969482422 94.4000015258789 92.4000015258789 88.5 84.4000015258789 81.8000030517578 78.5 74.9000015258789 72.0999984741211 69.8000030517578 67.4000015258789 65 65.3000030517578
