data/layers/future_layer_mc_585_60/bio4.asc
NCOLS 494 
NROWS 529 
XLLCORNER -117.166666666667 
YLLCORNER -55.5 
CELLSIZE 0.166666666666667 
NODATA_value -3.4e+38 
[rows 216 to 239 of 529, columns 220 to 274 of 494]
-3.4e+38 134.199996948242 119.900001525879 104.800003051758 63.5 25.6000003814697 25.7999992370605 24.3999996185303 46.7999992370605 47.7999992370605 32.2000007629395 20.2000007629395 22.7000007629395 21.6000003814697 21.8999996185303 23.2999992370605 23 22.7999992370605 22.6000003814697 24.7000007629395 28.2999992370605 32 36.0999984741211 39.0999984741211 43 47.2999992370605 51.5999984741211 55.5999984741211 57.2999992370605 58.5 60.5999984741211 63.2999992370605 64.4000015258789 64.3000030517578 64 64.0999984741211 62.4000015258789 59.0999984741211 56.2999992370605 53.7000007629395 51.2999992370605 49 47 46.0999984741211 44.7999992370605 45.4000015258789 46.2999992370605 46.5999984741211 46.0999984741211 45.0999984741211 44.2999992370605 44.5 43.2000007629395 43.5 43.5999984741211
139.199996948242 116.900001525879 106 85.6999969482422 31.7000007629395 23.2000007629395 32.0999984741211 32.7999992370605 46.7000007629395 26 25.3999996185303 21 20.6000003814697 20.2999992370605 19.7999992370605 20.2999992370605 21 21.1000003814697 21.2999992370605 24.2000007629395 28 31.1000003814697 34.9000015258789 38.7000007629395 42.7000007629395 46.7000007629395 51.2999992370605 54.7000007629395 56.5 58.0999984741211 60.2999992370605 63.9000015258789 64.6999969482422 64.1999969482422 63.2999992370605 63.5 61.5999984741211 58.5 55.7999992370605 52.7999992370605 50.5 47.5999984741211 46 44.5 43.7999992370605 45 46 46.2999992370605 46 44.7000007629395 45.0999984741211 44.4000015258789 43.2999992370605 43.9000015258789 43.7000007629395
118.400001525879 104 85.5 57.2000007629395 29 23.8999996185303 24.2000007629395 38 40.0999984741211 23.3999996185303 20.2000007629395 20.2999992370605 20.6000003814697 19.5 18.6000003814697 18.6000003814697 19.3999996185303 20.5 20.8999996185303 23.2999992370605 27.1000003814697 30.2999992370605 33.7000007629395 37.4000015258789 41.5999984741211 45.4000015258789 49.4000015258789 53.2999992370605 54.7000007629395 56.5999984741211 59.2000007629395 61.7999992370605 62.4000015258789 62.0999984741211 62 61.9000015258789 60.2000007629395 57.4000015258789 54.7999992370605 52 49.7000007629395 47.2999992370605 45 43 42.5999984741211 44.0999984741211 45 44.9000015258789 45.0999984741211 44.9000015258789 44.4000015258789 43.7999992370605 43.4000015258789 43 42.9000015258789
104.699996948242 86.0999984741211 65.5 38.5999984741211 25.7000007629395 20.3999996185303 20.6000003814697 32.2000007629395 34.7000007629395 25.7000007629395 21.2000007629395 22.5 20.8999996185303 17.8999996185303 18.7000007629395 18.2999992370605 18.6000003814697 19.6000003814697 20.2000007629395 22.7000007629395 26.6000003814697 29.7999992370605 33 36.7999992370605 40.5 44.2000007629395 47.9000015258789 51.5 53.0999984741211 54.7999992370605 57.2000007629395 59.2000007629395 59.5999984741211 59.7000007629395 59.5999984741211 60 58.5999984741211 55.7999992370605 54.2000007629395 51.2999992370605 49.2999992370605 47.0999984741211 44.5 42.5999984741211 41.5999984741211 42.9000015258789 44.2999992370605 44.2000007629395 44.2999992370605 43.5999984741211 43.9000015258789 43.5 43.5999984741211 43.0999984741211 43.5999984741211
111.400001525879 93.6999969482422 57.2000007629395 29.8999996185303 26.2999992370605 20.6000003814697 20.5 25.7000007629395 32.2999992370605 25.2999992370605 24.1000003814697 21.1000003814697 19.5 19.1000003814697 18 17.7999992370605 17.6000003814697 19.8999996185303 19.8999996185303 22.3999996185303 25.6000003814697 28.7000007629395 32.0999984741211 35.9000015258789 39.7999992370605 43 46.5999984741211 50 51.5999984741211 53 54.9000015258789 56.4000015258789 56.9000015258789 57.2000007629395 57.2999992370605 57.7000007629395 56.5999984741211 54.7000007629395 52.5999984741211 50.9000015258789 48.7999992370605 47.0999984741211 44.7000007629395 42.7000007629395 40.9000015258789 42.2999992370605 43.2999992370605 43.9000015258789 43.9000015258789 43.7999992370605 43.5999984741211 42.7000007629395 43.0999984741211 43.2000007629395 42.9000015258789
131.600006103516 118.300003051758 89.5 49.4000015258789 24.7999992370605 22.2999992370605 21.3999996185303 21.7000007629395 29.6000003814697 28.5 23.1000003814697 21.8999996185303 20.8999996185303 19.5 17.8999996185303 16.7999992370605 16.6000003814697 19.5 19.3999996185303 21.6000003814697 24.2999992370605 27.8999996185303 31.2999992370605 35 38.5 42.2000007629395 45.5 49.2999992370605 50.4000015258789 51.7999992370605 52.7999992370605 54.2999992370605 54.4000015258789 54.9000015258789 55.0999984741211 56.0999984741211 54.2999992370605 52.7999992370605 51.7000007629395 49.9000015258789 48.7999992370605 46.7999992370605 44.4000015258789 41.5999984741211 40.7999992370605 41.0999984741211 42 43 43.5999984741211 43.5999984741211 43.2999992370605 43.2999992370605 42.7000007629395 43 43.4000015258789
159.300003051758 144.600006103516 107.5 78.1999969482422 36.5999984741211 25.1000003814697 23.1000003814697 24.8999996185303 28.5 26.5 24.2000007629395 24.2999992370605 25 23.1000003814697 18.8999996185303 18 16.6000003814697 18.1000003814697 18.6000003814697 20.1000003814697 23.2000007629395 26.7999992370605 30.2999992370605 33.9000015258789 37.7000007629395 41.2999992370605 45.0999984741211 48.2999992370605 49.4000015258789 49.9000015258789 50.7000007629395 52 52.7999992370605 52.5 52.7999992370605 53.9000015258789 52.7000007629395 51.0999984741211 50.2000007629395 49.0999984741211 47.7000007629395 46.2000007629395 44 42 41.9000015258789 41.5 41.2999992370605 41.5999984741211 42.5 43.2000007629395 43.5999984741211 43.2000007629395 43.5999984741211 43.7000007629395 43.5
182.5 157.399993896484 112.800003051758 68.0999984741211 31.2999992370605 25.3999996185303 24.6000003814697 25.7000007629395 27.2999992370605 26.3999996185303 25.3999996185303 25.2000007629395 25.6000003814697 23.8999996185303 22.6000003814697 20.2000007629395 17 16.6000003814697 16.8999996185303 18.7999992370605 22.7000007629395 25.3999996185303 29.1000003814697 32.7999992370605 37.2000007629395 40.5999984741211 44.2000007629395 47.7000007629395 48.5 48.9000015258789 49.7000007629395 50.2999992370605 50.7999992370605 50.5999984741211 52.5 52.9000015258789 51.7000007629395 50.4000015258789 49.2999992370605 48.2999992370605 46.7999992370605 45.4000015258789 43.4000015258789 42.2999992370605 41.5 41.5 41.5999984741211 41.9000015258789 41.9000015258789 42.7999992370605 43 43.2999992370605 43.0999984741211 43.4000015258789 43.2999992370605
199.100006103516 183.899993896484 112 36.7999992370605 29 26.1000003814697 25.8999996185303 25.5 32.2000007629395 26.2000007629395 25 28.7000007629395 26.6000003814697 30.6000003814697 26.3999996185303 22.7000007629395 17.2000007629395 15.3999996185303 15.8000001907349 18.2000007629395 21.2999992370605 24.3999996185303 28.7000007629395 32.7000007629395 36.5999984741211 39.7999992370605 43.7000007629395 46.5 47.7999992370605 48.2999992370605 49.2000007629395 49.7000007629395 50.2999992370605 50.7999992370605 51.4000015258789 51.4000015258789 50.4000015258789 50.0999984741211 48.7000007629395 48.2000007629395 46.5 45.2000007629395 43.7999992370605 42.5999984741211 42 41.5999984741211 41.9000015258789 42 42.2999992370605 42.5999984741211 42.9000015258789 43.2000007629395 42.7999992370605 43.2000007629395 43.7000007629395
214.100006103516 200.399993896484 119.900001525879 34 25.8999996185303 27.2999992370605 26.1000003814697 27 40.2999992370605 27 28.1000003814697 31.7000007629395 32.5 32.2999992370605 30.7000007629395 26.5 18.3999996185303 16 15.3999996185303 16.8999996185303 19.5 23.2999992370605 27.1000003814697 32.2000007629395 35.5 39.5999984741211 43.4000015258789 45.9000015258789 47.0999984741211 47.7999992370605 48.9000015258789 49.0999984741211 49.2000007629395 50 50.0999984741211 50.0999984741211 50 48.5 47.2000007629395 46.7000007629395 45.9000015258789 45 43.9000015258789 42.7999992370605 41.7999992370605 41.7999992370605 41.5 41.7999992370605 42.5 42.5 42.7999992370605 42.9000015258789 43.0999984741211 43.5999984741211 43.5999984741211
216.5 202.800003051758 177.199996948242 93.6999969482422 33.5999984741211 24.3999996185303 26.7999992370605 25.7000007629395 38.5999984741211 37.9000015258789 30.5 29 40.0999984741211 36.2000007629395 27.5 25.8999996185303 20.5 18.2000007629395 16.5 17.1000003814697 19.3999996185303 22.6000003814697 27.2999992370605 31.2999992370605 35.2999992370605 39.2000007629395 43 45.7000007629395 47.2000007629395 48.2999992370605 47.7000007629395 47.5999984741211 47.4000015258789 48.2999992370605 48.7000007629395 49.9000015258789 48.2999992370605 47.2000007629395 46.9000015258789 46 46.0999984741211 45.2999992370605 43.7000007629395 42.9000015258789 42.7999992370605 41.7999992370605 41.9000015258789 41.7999992370605 42.7000007629395 42.7999992370605 43.0999984741211 43.0999984741211 43.2000007629395 43 43.5
222.5 202.800003051758 191.399993896484 164.699996948242 123.099998474121 37.5999984741211 26 26.7000007629395 28.1000003814697 36.5999984741211 42.4000015258789 28.5 44.4000015258789 39 27.7999992370605 23.6000003814697 21.7999992370605 19.8999996185303 19.2999992370605 20 20 22.5 27 31.7000007629395 35.9000015258789 39.9000015258789 43.0999984741211 46.4000015258789 47 47.9000015258789 47.4000015258789 47.2000007629395 47.2999992370605 47.9000015258789 47.7999992370605 48.0999984741211 46.9000015258789 46.4000015258789 46.2999992370605 46.2999992370605 45.7999992370605 45 43.9000015258789 43 42.0999984741211 42 42.0999984741211 42.0999984741211 42.4000015258789 42.5999984741211 42.4000015258789 43.2000007629395 43 43 43.2000007629395
235.600006103516 208.300003051758 194.199996948242 167.100006103516 138.899993896484 49.7000007629395 28.6000003814697 27.5 38.7999992370605 45.7000007629395 63.5999984741211 43.2999992370605 41.0999984741211 28.6000003814697 27 26.1000003814697 24.8999996185303 23.3999996185303 22.5 21 24.6000003814697 26.8999996185303 27.6000003814697 31.8999996185303 37 40.9000015258789 44.4000015258789 47.2999992370605 48.2000007629395 48.5999984741211 47.9000015258789 47.5 46.9000015258789 47.7000007629395 47.5999984741211 47.5 46.2999992370605 45.7000007629395 45.7000007629395 45.5 45.4000015258789 44.7999992370605 43.7999992370605 43 42.2999992370605 42.2999992370605 42.2999992370605 43.2000007629395 43.2000007629395 43 42.7999992370605 42.9000015258789 43.7999992370605 43.7999992370605 43.9000015258789
246.199996948242 221.600006103516 200.199996948242 177 137.600006103516 57.5 28.6000003814697 27.7000007629395 32.4000015258789 38.2999992370605 63 69.8000030517578 41.5 31.2000007629395 29.7000007629395 29.2000007629395 26.7999992370605 24.5 25.1000003814697 25.6000003814697 27.1000003814697 30.1000003814697 31.1000003814697 32 36.9000015258789 41.7999992370605 44.7999992370605 47.7999992370605 49 48.7999992370605 48.5 47.7999992370605 46.0999984741211 46.2000007629395 45.5999984741211 46.0999984741211 45.4000015258789 45.2999992370605 45.0999984741211 45.0999984741211 45.4000015258789 44.7999992370605 44.0999984741211 43.5 42.7999992370605 42.9000015258789 43.2999992370605 43 43.2999992370605 43.5 43.4000015258789 44.0999984741211 44.2000007629395 44.2000007629395 44.5999984741211
252.300003051758 234.600006103516 215.199996948242 199.699996948242 162.100006103516 48.2000007629395 39.5 30.2999992370605 39.2999992370605 35.2000007629395 69.3000030517578 65.1999969482422 57.2999992370605 40.5999984741211 32.4000015258789 31.5 31.7000007629395 26.8999996185303 23.7000007629395 23.7999992370605 26.5 31 33.7000007629395 31.7000007629395 36.7999992370605 43.2000007629395 47.2999992370605 49.5 49.0999984741211 48.4000015258789 47.9000015258789 46.4000015258789 45.0999984741211 45.7000007629395 45.7000007629395 45.9000015258789 45.5999984741211 44.5999984741211 44.7999992370605 45.5 45.2000007629395 44.9000015258789 44.4000015258789 44.2999992370605 43.4000015258789 43.7000007629395 43.7000007629395 44.2000007629395 43.5999984741211 44.2999992370605 44 44.4000015258789 43.9000015258789 44.2000007629395 44.4000015258789
257.5 245.899993896484 230.699996948242 210.600006103516 188.199996948242 108.599998474121 39.4000015258789 48.5 41.9000015258789 53.5 67.9000015258789 50.7999992370605 34.2999992370605 37.5 32.7999992370605 33.2999992370605 33.9000015258789 32.2999992370605 26.8999996185303 24.2999992370605 26.1000003814697 31.5 36.5 35.2999992370605 35.9000015258789 42.5999984741211 47 48.5999984741211 48 47.5 46.4000015258789 45.7999992370605 45 44.4000015258789 44.9000015258789 44.9000015258789 43.5 43.2999992370605 44.4000015258789 44.7999992370605 44.5999984741211 44.5999984741211 44.7000007629395 44.7000007629395 44.5 44.5 44.7000007629395 44.5 45 44.7000007629395 44.9000015258789 44.9000015258789 44.7999992370605 44.9000015258789 44.9000015258789
260.399993896484 253.199996948242 242.199996948242 222.100006103516 197.100006103516 139.600006103516 40.2999992370605 38.0999984741211 61.7999992370605 59.4000015258789 49.0999984741211 61.0999984741211 44.5 31.2999992370605 32.5999984741211 35 36.5 35.7999992370605 32.5 27.7000007629395 26.7999992370605 31.2000007629395 36.2000007629395 37.7000007629395 34.7999992370605 39.4000015258789 43.4000015258789 45.2999992370605 45.9000015258789 45.7999992370605 45.4000015258789 44.0999984741211 44.2000007629395 43.9000015258789 43.9000015258789 43.7000007629395 42.9000015258789 42.9000015258789 43.5 44.5 44.5 44.0999984741211 44.9000015258789 45.2999992370605 45.7000007629395 45.5 45 45.5 45.0999984741211 45 45.5 45.2999992370605 45.7000007629395 46.0999984741211 46
261.899993896484 257.100006103516 250 237.800003051758 218.899993896484 165.199996948242 52.7000007629395 35.5 48.7999992370605 52 37.7000007629395 42.7000007629395 44.4000015258789 35.5 31.7000007629395 34.2999992370605 37.0999984741211 37.7000007629395 34.2000007629395 30.7999992370605 30.3999996185303 34.4000015258789 34.7999992370605 37.5 38.5 36.5 39.7000007629395 42.7999992370605 43.2999992370605 44 43.5999984741211 41.5999984741211 42.2999992370605 42.0999984741211 42.9000015258789 43.0999984741211 43.5 43.2000007629395 43.5 44.0999984741211 44.2999992370605 44.0999984741211 45.0999984741211 45.5999984741211 46.0999984741211 46.4000015258789 46 45.7999992370605 46 45.7000007629395 45.9000015258789 46.5999984741211 46.7000007629395 47 47.2000007629395
-3.4e+38 259.200012207031 255.899993896484 247.300003051758 229.300003051758 194 125.5 51.4000015258789 43.7999992370605 44.0999984741211 31 29.5 32 37 31.2999992370605 33.2000007629395 36.2999992370605 34.9000015258789 34.2000007629395 34.7000007629395 33.2999992370605 34.7999992370605 35.5999984741211 37.5999984741211 40.4000015258789 42.9000015258789 42.5 41.4000015258789 42.0999984741211 42.7000007629395 42 41.5999984741211 41.5 41.2000007629395 42.4000015258789 43.2999992370605 43.7000007629395 43.7000007629395 44 44.2000007629395 44.4000015258789 45.2999992370605 45.7000007629395 46.4000015258789 46.5999984741211 46.9000015258789 46.5 46.2999992370605 46.2999992370605 46.9000015258789 46.7000007629395 47.0999984741211 47.2999992370605 47.5 47.5
-3.4e+38 -3.4e+38 258.700012207031 247.100006103516 237 212.5 190 133 55.5999984741211 46.5999984741211 27.5 25.7000007629395 26.1000003814697 25.8999996185303 34.5 32.5999984741211 36.0999984741211 33.9000015258789 32.0999984741211 32 33.7000007629395 33.0999984741211 35.2000007629395 38.7999992370605 38.9000015258789 42.0999984741211 41.9000015258789 44.4000015258789 43.4000015258789 41.7999992370605 42 41.7999992370605 41 41.2999992370605 42.5999984741211 43.2000007629395 44.0999984741211 44.2000007629395 44.2000007629395 44.7000007629395 45.0999984741211 46 46.7999992370605 47 47.7000007629395 47.4000015258789 46.7999992370605 47 47.2000007629395 47.5 47 47.2000007629395 47.4000015258789 47.5 47.2999992370605
-3.4e+38 -3.4e+38 -3.4e+38 -3.4e+38 244.5 229.100006103516 197.800003051758 153.699996948242 45.9000015258789 34.7999992370605 30.1000003814697 26.7999992370605 27.5 23.6000003814697 27.7000007629395 28.7999992370605 32.2999992370605 31 29.8999996185303 29.2000007629395 30.7999992370605 31.6000003814697 35 38.0999984741211 39.9000015258789 41.2999992370605 46.7000007629395 46.2999992370605 47.9000015258789 45 41.7000007629395 41 40.2000007629395 40.4000015258789 42.2999992370605 43.0999984741211 43.5999984741211 44.5 45.4000015258789 45.5999984741211 46 46.4000015258789 47.2999992370605 47.7000007629395 48.0999984741211 48.0999984741211 47.2999992370605 48.2000007629395 47.9000015258789 48 47.7999992370605 47.5 47.9000015258789 47.5999984741211 46.9000015258789
-3.4e+38 -3.4e+38 -3.4e+38 -3.4e+38 251.399993896484 241.699996948242 218.100006103516 160.600006103516 55.7999992370605 36 31.5 34.2000007629395 34.2999992370605 25.1000003814697 24.5 28.5 34 29.8999996185303 28.6000003814697 28.1000003814697 29.1000003814697 32 35.7000007629395 38.0999984741211 38.4000015258789 39.2000007629395 46.2000007629395 47 47.7999992370605 48.7999992370605 41.7000007629395 40.0999984741211 39.2000007629395 40.5999984741211 42.0999984741211 43 43.5 44.4000015258789 45.7000007629395 47.2000007629395 46.7999992370605 47.7000007629395 48 48.4000015258789 48.7000007629395 48.5999984741211 48.2999992370605 48.7000007629395 48.5 48.5 48.2999992370605 48.7000007629395 48.5 48.0999984741211 47
-3.4e+38 -3.4e+38 -3.4e+38 -3.4e+38 -3.4e+38 244.600006103516 218.399993896484 175.899993896484 85.6999969482422 48.2999992370605 30.6000003814697 30 25.3999996185303 30.7999992370605 25.5 24.1000003814697 32.7000007629395 32.7000007629395 29.7000007629395 26.8999996185303 29.2999992370605 31.2000007629395 36.5 38 38.4000015258789 40.5999984741211 45.2000007629395 40.0999984741211 40.7999992370605 41.9000015258789 38.9000015258789 39.2999992370605 40.2999992370605 42 42.2999992370605 44.5999984741211 44 44.7000007629395 45.4000015258789 47.5 47.5999984741211 47.9000015258789 48.5 49.5 49.5999984741211 49 48.7999992370605 48.5999984741211 48.9000015258789 49.2000007629395 48.7999992370605 48.9000015258789 48.5 47.2999992370605 47.2000007629395
-3.4e+38 -3.4e+38 -3.4e+38 -3.4e+38 -3.4e+38 -3.4e+38 213 179.399993896484 119.599998474121 64.1999969482422 43.5 26.7999992370605 20.5 22.1000003814697 27 22.7000007629395 27.3999996185303 36.2000007629395 28.6000003814697 25.8999996185303 27.8999996185303 30.8999996185303 35.9000015258789 37.7999992370605 37.7000007629395 41.5999984741211 43.2999992370605 42.0999984741211 36.7000007629395 36.5999984741211 36.7999992370605 36.5 37.5999984741211 41.9000015258789 42 44.7000007629395 45.5 45.0999984741211 45.5999984741211 46.7000007629395 49.2000007629395 48.2000007629395 49.0999984741211 50.2999992370605 50.2999992370605 50.2000007629395 49.4000015258789 49.7000007629395 49.2000007629395 49.0999984741211 49.0999984741211 49.0999984741211 48.5999984741211 48.2000007629395 47.5999984741211
