data/layers/future_layer_mc_585_60/bio8.asc
NCOLS 494 
NROWS 529 
XLLCORNER -117.166666666667 
YLLCORNER -55.5 
CELLSIZE 0.166666666666667 
NODATA_value -3.4e+38 
[rows 300 to 324 of 529, columns 275 to 329 of 494]
21.7999992370605 22.6000003814697 22 21.1000003814697 19.8999996185303 17.6000003814697 16.1000003814697 13 7.30000019073486 7 9.80000019073486 10.3000001907349 10.8000001907349 10.6000003814697 12 12.6999998092651 13.1000003814697 13.1000003814697 12.8000001907349 13 13.3000001907349 12.6999998092651 12.6999998092651 11.8999996185303 11.3999996185303 11.3000001907349 13 13.8999996185303 14 16.3999996185303 19.7999992370605 18.7000007629395 15.3999996185303 15.1999998092651 13.5 16.2999992370605 21.5 24.2999992370605 25 25.8999996185303 26.7999992370605 27.3999996185303 28.1000003814697 28.7000007629395 28.7000007629395 28.7999992370605 28.7999992370605 28.8999996185303 28.8999996185303 28.8999996185303 28.8999996185303 28.8999996185303 29 29.1000003814697 29.2000007629395
22 22.3999996185303 23.2999992370605 23.2000007629395 21.8999996185303 20.6000003814697 16.7999992370605 14.1000003814697 8.69999980926514 7 10 11.1000003814697 10.8999996185303 11 11.6000003814697 11.3000001907349 12.1999998092651 12.8999996185303 12.8999996185303 12.8000001907349 13.1000003814697 13.1999998092651 13.1999998092651 12.6999998092651 12.8000001907349 12.1999998092651 11.1999998092651 12.5 15.5 18.2999992370605 19.7999992370605 18.7000007629395 19.5 17.7999992370605 14.6999998092651 16.7000007629395 17 17.5 18.7999992370605 20.1000003814697 24.2999992370605 24.2000007629395 25.3999996185303 26.8999996185303 27.8999996185303 28.2999992370605 28.6000003814697 28.7000007629395 28.7999992370605 28.8999996185303 29.1000003814697 29.1000003814697 29.2000007629395 29.2000007629395 29.2000007629395
-3.4e+38 19.7999992370605 21.7999992370605 21.2000007629395 19.8999996185303 20.3999996185303 20.7000007629395 17.8999996185303 11.6999998092651 8.69999980926514 8.19999980926514 9.19999980926514 9.80000019073486 8.89999961853027 10.1999998092651 10.8000001907349 11 12.3999996185303 12.1000003814697 11.8000001907349 12.8000001907349 13.3000001907349 13.3999996185303 13.6000003814697 13.8000001907349 13.8999996185303 12.1999998092651 12.3000001907349 13.6999998092651 16.3999996185303 19.5 18.5 18.2999992370605 16.2999992370605 15.5 18.6000003814697 19.8999996185303 18.6000003814697 19.5 19.6000003814697 21.2999992370605 20.7999992370605 22.2999992370605 24.7000007629395 25.7999992370605 26.5 27.7000007629395 28.3999996185303 28.7000007629395 28.8999996185303 29.1000003814697 29.2000007629395 29.2999992370605 29.2999992370605 29.2999992370605
-3.4e+38 -3.4e+38 -3.4e+38 17.6000003814697 17.7000007629395 17.2999992370605 20.6000003814697 20.7999992370605 13.8999996185303 9.60000038146973 10.1999998092651 8.10000038146973 8.80000019073486 8.19999980926514 7.69999980926514 10.1999998092651 10.3000001907349 10.5 11.1000003814697 11.5 11.6000003814697 12.8000001907349 13.6000003814697 13.6999998092651 14.1000003814697 14.1999998092651 12.8999996185303 12.1000003814697 13.3999996185303 14.8999996185303 16.6000003814697 19 20.3999996185303 18.7999992370605 18.5 20.7999992370605 21.8999996185303 21.3999996185303 21.7999992370605 21.2000007629395 21.3999996185303 21.2999992370605 22.2999992370605 23.7999992370605 23.7000007629395 25.6000003814697 26 27.8999996185303 28.5 28.8999996185303 29.2000007629395 29.2000007629395 29.3999996185303 29.2999992370605 29.2999992370605
-3.4e+38 -3.4e+38 -3.4e+38 -3.4e+38 17.5 17.2999992370605 17.3999996185303 22 16 11 9.89999961853027 6.80000019073486 7.69999980926514 5.90000009536743 7.5 10.1999998092651 10.5 8.60000038146973 9.89999961853027 11.5 12.1999998092651 10.6999998092651 13.3000001907349 13.8999996185303 14.1000003814697 14.1000003814697 11.8000001907349 10.8999996185303 13.3999996185303 14.6999998092651 14.6999998092651 17.2000007629395 17.2999992370605 21.2999992370605 20.7000007629395 21.1000003814697 21.6000003814697 22.6000003814697 23.2999992370605 23.5 23.7000007629395 23.3999996185303 23.5 24.1000003814697 23.1000003814697 24.2999992370605 25.7000007629395 27.7999992370605 28.2000007629395 29.1000003814697 29.2999992370605 29.2999992370605 29.3999996185303 29.2999992370605 29.2000007629395
-3.4e+38 -3.4e+38 -3.4e+38 -3.4e+38 -3.4e+38 -3.4e+38 17.8999996185303 22.2999992370605 18.7000007629395 14.5 12.1000003814697 7.19999980926514 6.90000009536743 6.90000009536743 9.30000019073486 10.5 10 10 11.5 12.1000003814697 12.5 12.1000003814697 13.1000003814697 14 14.1000003814697 14.1000003814697 13 11.1000003814697 13.3000001907349 15.3000001907349 12.8999996185303 16.3999996185303 18.8999996185303 19.7999992370605 21.2999992370605 20.3999996185303 20.8999996185303 21.2000007629395 22.7000007629395 22.2000007629395 21.7999992370605 23.3999996185303 21.3999996185303 23.2000007629395 23.7000007629395 24.2000007629395 25.7999992370605 27.5 28.3999996185303 29.1000003814697 29.2000007629395 29.2999992370605 29.2999992370605 29.2999992370605 29.2999992370605
-3.4e+38 -3.4e+38 -3.4e+38 -3.4e+38 -3.4e+38 -3.4e+38 19.2000007629395 22.1000003814697 20.2000007629395 15.3999996185303 13.6999998092651 7.90000009536743 8.30000019073486 5.5 9.60000038146973 11.1999998092651 11.8000001907349 12.1000003814697 12.3000001907349 12.3000001907349 12.3999996185303 12.6000003814697 13.1999998092651 13.6999998092651 14.1999998092651 14.1999998092651 12.5 10.6999998092651 12.6999998092651 14 14.3000001907349 14.8999996185303 18.2000007629395 20.2000007629395 21.7000007629395 21.7000007629395 22 21.3999996185303 22.8999996185303 22.1000003814697 21.6000003814697 22.8999996185303 22 22.5 21.5 23.7999992370605 25.2999992370605 27.7000007629395 28.5 29.2000007629395 29.2000007629395 29.2000007629395 29.2999992370605 29.2999992370605 29.3999996185303
-3.4e+38 -3.4e+38 -3.4e+38 -3.4e+38 -3.4e+38 -3.4e+38 21.5 22.1000003814697 20.1000003814697 16.1000003814697 13.1999998092651 9.10000038146973 8.19999980926514 9 11 11.3999996185303 12 12.1999998092651 12.3999996185303 12.5 12.6999998092651 12.8000001907349 13.1000003814697 13.5 14.1999998092651 14.5 13.6999998092651 11.1999998092651 11.8000001907349 13.6999998092651 15.3999996185303 14.1999998092651 15 18.3999996185303 20.2999992370605 20 22.8999996185303 23 22.7999992370605 24.2000007629395 24.1000003814697 24.3999996185303 24.7000007629395 21.1000003814697 21.5 24.6000003814697 26.2999992370605 28.2999992370605 28.7999992370605 29.2000007629395 29.2000007629395 29.2999992370605 29.3999996185303 29.3999996185303 29.3999996185303
-3.4e+38 -3.4e+38 -3.4e+38 -3.4e+38 -3.4e+38 -3.4e+38 22.1000003814697 21.7999992370605 20.1000003814697 17.7000007629395 13.5 9.60000038146973 8.10000038146973 8.19999980926514 8.39999961853027 9.89999961853027 11.6000003814697 12.1999998092651 12 12.6999998092651 12.8000001907349 12.8999996185303 12.8999996185303 13.6000003814697 14.1999998092651 14.5 14.6000003814697 13.5 11.5 12.8000001907349 14.6000003814697 14.8000001907349 13.1999998092651 14.8000001907349 15.8999996185303 18.6000003814697 20.7000007629395 22.7000007629395 19.8999996185303 21.7999992370605 23.3999996185303 24.1000003814697 24.2999992370605 21.7999992370605 24 26 28.2999992370605 28.2999992370605 29.2000007629395 29.2999992370605 29.3999996185303 29.3999996185303 29.3999996185303 29.5 29.5
-3.4e+38 -3.4e+38 -3.4e+38 -3.4e+38 -3.4e+38 -3.4e+38 21.5 21.2999992370605 20.2999992370605 18.7999992370605 16.1000003814697 11.8000001907349 9.60000038146973 7.40000009536743 7.19999980926514 8.39999961853027 10.6999998092651 12.1999998092651 12.1999998092651 12.8999996185303 13.1000003814697 13.1999998092651 13 13.5 13.6999998092651 14.3999996185303 14.6999998092651 12.8000001907349 11 10 11.3999996185303 14.3999996185303 11.3999996185303 13.6000003814697 15.6999998092651 17.2999992370605 20 21.5 19.2999992370605 21.2000007629395 21.6000003814697 21.2000007629395 24.8999996185303 24.6000003814697 25.6000003814697 27.6000003814697 28.2000007629395 28.6000003814697 29.1000003814697 29.3999996185303 29.5 29.5 29.5 29.5 29.6000003814697
-3.4e+38 -3.4e+38 -3.4e+38 -3.4e+38 -3.4e+38 -3.4e+38 -3.4e+38 21.3999996185303 21.2000007629395 19.2999992370605 15.8000001907349 11.1000003814697 10.1999998092651 7 8.10000038146973 7.90000009536743 10 11.1000003814697 12.8000001907349 13 13.3000001907349 13.3000001907349 13.3999996185303 13.5 13.6999998092651 14.3000001907349 14.6000003814697 13.3999996185303 11.1999998092651 10.6999998092651 10.8999996185303 12.3999996185303 14.1000003814697 13.6000003814697 16.7999992370605 17.8999996185303 19.6000003814697 19.2000007629395 17.8999996185303 20 22 21.1000003814697 22.7000007629395 25.6000003814697 26.7000007629395 27.7999992370605 28.1000003814697 28.1000003814697 28.7999992370605 29.2999992370605 29.6000003814697 29.6000003814697 29.5 29.6000003814697 29.5
-3.4e+38 -3.4e+38 -3.4e+38 -3.4e+38 -3.4e+38 -3.4e+38 -3.4e+38 21.2000007629395 21.3999996185303 20.2999992370605 17.2999992370605 13.8000001907349 10.6000003814697 8.39999961853027 8.89999961853027 10.5 11.8999996185303 12.3999996185303 12.3000001907349 12.8000001907349 13.3000001907349 13.3999996185303 13.3999996185303 13.5 13.8000001907349 14.1999998092651 14.3999996185303 13.6999998092651 9.89999961853027 10.8000001907349 11.8000001907349 12.3999996185303 12.1000003814697 16 15.3999996185303 17.8999996185303 19.7999992370605 19.1000003814697 18.2999992370605 17.6000003814697 20 21.8999996185303 22.5 25.5 26.7999992370605 26.8999996185303 27.6000003814697 27.6000003814697 28.3999996185303 29 29.3999996185303 29.5 29.6000003814697 29.5 29.5
-3.4e+38 -3.4e+38 -3.4e+38 -3.4e+38 -3.4e+38 -3.4e+38 -3.4e+38 20.7000007629395 20.8999996185303 20.1000003814697 18.3999996185303 15.6999998092651 12.3000001907349 9.80000019073486 8.30000019073486 10.6999998092651 11.6999998092651 12.1999998092651 12.1000003814697 12.5 13 13.6000003814697 13.3999996185303 13.6999998092651 13.6000003814697 13.8000001907349 14 12.8000001907349 9.60000038146973 9 9.89999961853027 12.6000003814697 14.1999998092651 15.1999998092651 13.1000003814697 16.1000003814697 19.5 19.3999996185303 20.8999996185303 18.5 19.7000007629395 21.8999996185303 22.7999992370605 24.3999996185303 26.2999992370605 27.1000003814697 27.6000003814697 27.2000007629395 27.6000003814697 28.7999992370605 29.1000003814697 29.5 29.6000003814697 29.6000003814697 29.6000003814697
-3.4e+38 -3.4e+38 -3.4e+38 -3.4e+38 -3.4e+38 -3.4e+38 -3.4e+38 20.6000003814697 20.7000007629395 20.2999992370605 19.2000007629395 17.2999992370605 14 9.19999980926514 8 9.30000019073486 10.1999998092651 12 12.6000003814697 12.1000003814697 13 12.6000003814697 12.8000001907349 13.5 13.8999996185303 13.3999996185303 13.8000001907349 13.3000001907349 10.8999996185303 9.30000019073486 9.10000038146973 10.1999998092651 13.1999998092651 12.6999998092651 14.1000003814697 16.8999996185303 18.5 15.5 18.2000007629395 19.1000003814697 17.7999992370605 22 22.8999996185303 25.2999992370605 26 27 27.5 27.2000007629395 27.2999992370605 28.6000003814697 29 29.3999996185303 29.5 29.5 29.5
-3.4e+38 -3.4e+38 -3.4e+38 -3.4e+38 -3.4e+38 -3.4e+38 -3.4e+38 20.2999992370605 20.5 20.7999992370605 19.8999996185303 17.8999996185303 14.8000001907349 10.5 8.39999961853027 6 9.30000019073486 12.1000003814697 11.8999996185303 12.6000003814697 12.6000003814697 12.1999998092651 13.1999998092651 13.8000001907349 14.1000003814697 13.5 13.3999996185303 13.6999998092651 11.1999998092651 9.5 10.8000001907349 11.6000003814697 12.5 11.6999998092651 12.6999998092651 17.5 17.7000007629395 15 18.7000007629395 20.8999996185303 18.7000007629395 22.7999992370605 23.5 25.2999992370605 26 26.7000007629395 26.8999996185303 27.1000003814697 27.1000003814697 28.7000007629395 29.2000007629395 29.2999992370605 29.3999996185303 29.3999996185303 29.5
-3.4e+38 -3.4e+38 -3.4e+38 -3.4e+38 -3.4e+38 -3.4e+38 -3.4e+38 19.7999992370605 20.2999992370605 20.8999996185303 20.6000003814697 18.2999992370605 15.5 11.3000001907349 8.89999961853027 8.80000019073486 10.6000003814697 10.3000001907349 11.8000001907349 12.5 12.6000003814697 12.6999998092651 12.8000001907349 13.6000003814697 13.8999996185303 14 13.6999998092651 12.6000003814697 9.60000038146973 11.5 14.3999996185303 14.3999996185303 13.1000003814697 15 16.7000007629395 16.8999996185303 17 18.1000003814697 17.5 19.5 20 20.3999996185303 22.6000003814697 25 26.6000003814697 26.3999996185303 27.1000003814697 27.6000003814697 27.7000007629395 28.8999996185303 29.1000003814697 29.2999992370605 29.3999996185303 29.5 29.6000003814697
-3.4e+38 -3.4e+38 -3.4e+38 -3.4e+38 -3.4e+38 -3.4e+38 -3.4e+38 19.6000003814697 20.2000007629395 20.8999996185303 21.1000003814697 19.2999992370605 16.2000007629395 10.1000003814697 8.60000038146973 8.60000038146973 8.69999980926514 10.6000003814697 11.8999996185303 12.3999996185303 12.6000003814697 12.8999996185303 13.1000003814697 13.5 13.8000001907349 14.1999998092651 14 11.6000003814697 11.6000003814697 13.8999996185303 14.6999998092651 16.3999996185303 15 15.8000001907349 17.2000007629395 17.5 16.2000007629395 18.2000007629395 15.5 14.3999996185303 22 19.6000003814697 23.1000003814697 24.6000003814697 26.7000007629395 26.8999996185303 27.3999996185303 28.2000007629395 28.1000003814697 28.8999996185303 29.2999992370605 29.2999992370605 29.5 29.6000003814697 29.6000003814697
-3.4e+38 -3.4e+38 -3.4e+38 -3.4e+38 -3.4e+38 -3.4e+38 -3.4e+38 20.1000003814697 20.6000003814697 21.1000003814697 21.3999996185303 20.2999992370605 17.2999992370605 11.3999996185303 9.60000038146973 9.10000038146973 9.39999961853027 11.6000003814697 11.6999998092651 12.3999996185303 12.8000001907349 12.8999996185303 13.1999998092651 13.5 13.8000001907349 14.3999996185303 14.8000001907349 12.1000003814697 12.1000003814697 14.8000001907349 14.8999996185303 15 15.5 18.2999992370605 18.3999996185303 18.8999996185303 16.3999996185303 17.2999992370605 16.8999996185303 18.2000007629395 23 20.5 23.8999996185303 25.2999992370605 26.8999996185303 27.1000003814697 26.7000007629395 27.8999996185303 27.7000007629395 28.6000003814697 29.1000003814697 29.2999992370605 29.5 29.6000003814697 29.6000003814697
-3.4e+38 -3.4e+38 -3.4e+38 -3.4e+38 -3.4e+38 -3.4e+38 -3.4e+38 20.3999996185303 20.7999992370605 21.2000007629395 21.7000007629395 21.5 18.6000003814697 12.5 9.80000019073486 9.89999961853027 11.3000001907349 10.6999998092651 11.8000001907349 12.5 13.1000003814697 13.1000003814697 13.3000001907349 13.5 13.8000001907349 14.3999996185303 15.5 14.1000003814697 14.6999998092651 13.3000001907349 14.3000001907349 15.3999996185303 15.6000003814697 19 20 19.2999992370605 14.6000003814697 17.7000007629395 17.3999996185303 21.7999992370605 24.3999996185303 24.1000003814697 25.6000003814697 25.8999996185303 26.3999996185303 26.2000007629395 26.2000007629395 27.3999996185303 27.6000003814697 28.1000003814697 28.7000007629395 29.2000007629395 29.5 29.6000003814697 29.7000007629395
-3.4e+38 -3.4e+38 -3.4e+38 -3.4e+38 -3.4e+38 -3.4e+38 -3.4e+38 21.1000003814697 20.7999992370605 21 21.7000007629395 21.7999992370605 19.5 14.5 10.6999998092651 9.80000019073486 10.3999996185303 9.39999961853027 11.1000003814697 11.6999998092651 13.1000003814697 12.5 13.1000003814697 13.5 13.8999996185303 14.6999998092651 15.8999996185303 15.8000001907349 15.8000001907349 14.6999998092651 14.1000003814697 15.3000001907349 16.7000007629395 18.2000007629395 20.3999996185303 19.1000003814697 18 18.1000003814697 17 21.5 21.7000007629395 23 26.2000007629395 26.1000003814697 26.3999996185303 26.1000003814697 25.8999996185303 26.1000003814697 27.5 27.8999996185303 28.5 28.7999992370605 29.5 29.7000007629395 29.7999992370605
-3.4e+38 -3.4e+38 -3.4e+38 -3.4e+38 -3.4e+38 -3.4e+38 -3.4e+38 21.7999992370605 21.2000007629395 21.2999992370605 21.8999996185303 21.8999996185303 19.7999992370605 15.6999998092651 10.3000001907349 9.80000019073486 9.69999980926514 9.60000038146973 10.1999998092651 11.5 12.8000001907349 11.3999996185303 13.6000003814697 14.1000003814697 14.3999996185303 14.6000003814697 15.3999996185303 15.8999996185303 15.6999998092651 14.6999998092651 13.8000001907349 15.3000001907349 16.7999992370605 18.7999992370605 20.2000007629395 20.1000003814697 20.3999996185303 18.2000007629395 18.7999992370605 19.7000007629395 20.1000003814697 24.2000007629395 26.5 26.5 27 26.2000007629395 25.8999996185303 27 28 28.1000003814697 28.6000003814697 28.7000007629395 29.3999996185303 29.7999992370605 29.7999992370605
-3.4e+38 -3.4e+38 -3.4e+38 -3.4e+38 -3.4e+38 -3.4e+38 -3.4e+38 21.7000007629395 21.7000007629395 21.2999992370605 22.1000003814697 22.2000007629395 20.3999996185303 16.6000003814697 10.6000003814697 8.19999980926514 9 8.89999961853027 11.3000001907349 10.1999998092651 12.8999996185303 13 13.6999998092651 13.6999998092651 14.1999998092651 14.5 15 15.1999998092651 14.8000001907349 14.3000001907349 14.8999996185303 14.1999998092651 15.6999998092651 19 19.8999996185303 16.5 20.3999996185303 20.6000003814697 18.7000007629395 23.3999996185303 22.7999992370605 23 26.3999996185303 27.2999992370605 27.6000003814697 27.2000007629395 26.7000007629395 27.2000007629395 28.5 28.2999992370605 28.7000007629395 28.7999992370605 28.8999996185303 29.8999996185303 29.8999996185303
-3.4e+38 -3.4e+38 -3.4e+38 -3.4e+38 -3.4e+38 -3.4e+38 -3.4e+38 -3.4e+38 21.6000003814697 21.7000007629395 22.6000003814697 22.5 20.7000007629395 17.5 12.1999998092651 8.30000019073486 9.19999980926514 9 11.8000001907349 11.8000001907349 11.8000001907349 12.5 12.6000003814697 13 12.6999998092651 14.1000003814697 14.5 14.5 14.6999998092651 13.6000003814697 13.6000003814697 14.1999998092651 14.3999996185303 17.1000003814697 18.3999996185303 16.7999992370605 21.2000007629395 20.2999992370605 20 20.7999992370605 23.7999992370605 24.2999992370605 25.3999996185303 26.7000007629395 28.2000007629395 28.1000003814697 27.3999996185303 28 29 28.5 28.7999992370605 29 29 30 30
-3.4e+38 -3.4e+38 -3.4e+38 -3.4e+38 -3.4e+38 -3.4e+38 -3.4e+38 -3.4e+38 21.7999992370605 22.3999996185303 22.7999992370605 22.7000007629395 21.2000007629395 18.2999992370605 12.6999998092651 9.80000019073486 8.19999980926514 8 11.3999996185303 11.1000003814697 10.6000003814697 11 10.6999998092651 12.8000001907349 13.6000003814697 14.1000003814697 14.3000001907349 13.8999996185303 13.8999996185303 12.6000003814697 12.3000001907349 15 15.6999998092651 17.2000007629395 17.5 16.8999996185303 21.6000003814697 19.8999996185303 18.8999996185303 20.2000007629395 20.5 22.1000003814697 24 26.7999992370605 27.3999996185303 28.2000007629395 27.8999996185303 29.2000007629395 29.3999996185303 28.7999992370605 28.7999992370605 29.2000007629395 29.2000007629395 30.1000003814697 30.2000007629395
-3.4e+38 -3.4e+38 -3.4e+38 -3.4e+38 -3.4e+38 -3.4e+38 -3.4e+38 -3.4e+38 22.1000003814697 22.6000003814697 22.8999996185303 22.7000007629395 21.3999996185303 18.2999992370605 12.1999998092651 10.6999998092651 10.6999998092651 11.1000003814697 11.3999996185303 9 9.10000038146973 10.1999998092651 12.3999996185303 12.8000001907349 13.6999998092651 13.8999996185303 13.8999996185303 13.1999998092651 13.3999996185303 13 13 14.8000001907349 15 18.7999992370605 18.1000003814697 15.6999998092651 20.6000003814697 18.2999992370605 18.2000007629395 22.3999996185303 21.6000003814697 20.8999996185303 23.6000003814697 26 25.8999996185303 27.2000007629395 27.2000007629395 29.1000003814697 29.5 29 29.1000003814697 29.2999992370605 29.2999992370605 30.2999992370605 30.3999996185303
