data/layers/future_layer_mc_585_60/bio8.asc
NCOLS 494 
NROWS 529 
XLLCORNER -117.166666666667 
YLLCORNER -55.5 
CELLSIZE 0.166666666666667 
NODATA_value -3.4e+38 
[rows 325 to 349 of 529, columns 385 to 439 of 494]
27.6000003814697 27.6000003814697 27.6000003814697 27.6000003814697 27.7999992370605 27.8999996185303 27.8999996185303 27.7999992370605 27.5 27.2000007629395 27 26.8999996185303 26.7999992370605 26.7999992370605 26.6000003814697 26.3999996185303 26.2999992370605 26.2000007629395 26.2999992370605 26.2999992370605 26.2999992370605 26.3999996185303 26.3999996185303 26.2999992370605 26.2000007629395 26.1000003814697 25.7999992370605 25.3999996185303 25.1000003814697 25.3999996185303 25.5 25.2000007629395 25 24.7000007629395 24.8999996185303 25.2999992370605 24.2999992370605 23.5 23.5 23.6000003814697 23.7000007629395 23.7999992370605 24.1000003814697 24.2000007629395 24.2999992370605 24.2000007629395 23.8999996185303 23.8999996185303 23.6000003814697 23.3999996185303 23 23.3999996185303 23.1000003814697 22.8999996185303 22.1000003814697
27.3999996185303 27.6000003814697 27.6000003814697 27.7999992370605 27.8999996185303 27.8999996185303 27.7000007629395 27.6000003814697 27.6000003814697 27.5 27.2999992370605 27 26.7000007629395 26.5 26.6000003814697 26.5 26.3999996185303 26.2999992370605 26.2000007629395 26 26.2000007629395 26.1000003814697 26.3999996185303 26.2999992370605 26.2000007629395 26.1000003814697 25.7999992370605 25.3999996185303 25 24.8999996185303 25.1000003814697 25.2999992370605 25.2999992370605 25.1000003814697 24.8999996185303 25 24.2999992370605 22.6000003814697 22.5 23.1000003814697 23 23.2000007629395 24 24.2999992370605 24.1000003814697 24.2000007629395 24.2000007629395 24.1000003814697 23.6000003814697 23.3999996185303 23.2999992370605 23.2999992370605 22.7000007629395 22.3999996185303 22.3999996185303
26.7000007629395 27.2999992370605 27.2999992370605 27.7000007629395 27.7999992370605 27.7000007629395 27.5 27.3999996185303 27.3999996185303 27.3999996185303 27.2999992370605 27.2000007629395 27 26.5 26.2999992370605 26.2000007629395 26.1000003814697 26.2000007629395 26 26 26 26.1000003814697 26.2000007629395 26.1000003814697 26.2000007629395 26.1000003814697 26 25.6000003814697 25.3999996185303 24.5 24.2000007629395 24.3999996185303 25 25.7000007629395 25.5 25.1000003814697 24.7000007629395 23.2999992370605 21.8999996185303 22.7000007629395 23 22.7000007629395 23.6000003814697 24.2999992370605 24.1000003814697 23.7000007629395 24 24.1000003814697 23.8999996185303 23 22.7999992370605 22.7000007629395 22.3999996185303 22.2000007629395 22.7000007629395
26 26.7999992370605 27.6000003814697 27.7000007629395 27.6000003814697 27.3999996185303 27.5 27.5 27.3999996185303 27.3999996185303 27.2000007629395 27 26.7999992370605 26.6000003814697 26.5 26.2000007629395 25.8999996185303 25.7999992370605 25.8999996185303 25.7000007629395 25.7000007629395 25.7000007629395 26 25.7999992370605 26 25.8999996185303 25.7000007629395 25.5 25 24.6000003814697 24 23.7000007629395 24.2999992370605 25.2000007629395 25.5 25 24.6000003814697 23.8999996185303 23.1000003814697 22.7000007629395 22.7000007629395 22.8999996185303 23.8999996185303 24.3999996185303 24.2000007629395 23.2999992370605 23.7999992370605 23.8999996185303 23.2999992370605 21.5 21.3999996185303 21.8999996185303 21.8999996185303 23.2999992370605 23.7000007629395
26.1000003814697 26.2000007629395 26.7000007629395 26.7999992370605 26.6000003814697 27 27.2999992370605 27.3999996185303 27.2999992370605 27.1000003814697 27 26.7000007629395 26.6000003814697 26.2999992370605 26.1000003814697 26.1000003814697 26.2000007629395 25.8999996185303 25.3999996185303 25.1000003814697 25.1000003814697 25.7000007629395 25.7999992370605 25.7000007629395 25.7000007629395 25.7999992370605 25.5 24.7999992370605 25.1000003814697 24.3999996185303 24 24.2000007629395 24.7999992370605 24.7999992370605 25 24.7999992370605 24.6000003814697 23.7000007629395 23.2000007629395 23.3999996185303 23.5 23.7999992370605 24.2999992370605 24.2000007629395 24 23.3999996185303 22.3999996185303 23.6000003814697 23.2999992370605 20.5 20.7000007629395 22.2999992370605 23.7999992370605 24.1000003814697 24.1000003814697
26 25.7999992370605 25.7000007629395 25.8999996185303 26.2000007629395 26.6000003814697 27.3999996185303 27.2000007629395 27.2000007629395 27.1000003814697 27 26.7999992370605 26.7999992370605 26.5 26.2000007629395 25.8999996185303 25.6000003814697 25.5 25.3999996185303 25.2000007629395 25.3999996185303 25.5 25.3999996185303 25.3999996185303 25.2000007629395 25.6000003814697 25.3999996185303 24.7000007629395 24.3999996185303 23.7999992370605 23.6000003814697 24.6000003814697 25 24.6000003814697 24.7000007629395 24.6000003814697 24.5 24.1000003814697 23.2999992370605 23.1000003814697 22.2000007629395 22.7999992370605 24 24.1000003814697 24.2000007629395 23.7000007629395 22 21.7000007629395 21.7000007629395 20.7000007629395 22.2999992370605 25.2999992370605 25.2000007629395 25 24.7000007629395
25.7000007629395 25.7000007629395 25.7000007629395 25.6000003814697 25.5 26.5 27.1000003814697 27.2000007629395 27.2000007629395 27.1000003814697 27 26.7999992370605 26.7999992370605 26.6000003814697 26.2999992370605 25.7000007629395 25.7000007629395 25.5 25.3999996185303 25.6000003814697 25.5 25.3999996185303 25.2999992370605 25 24.8999996185303 25.2000007629395 25.3999996185303 25.7000007629395 25.5 25.2000007629395 25.2000007629395 25.2999992370605 25 25 24.7999992370605 24.7000007629395 24.2999992370605 23.3999996185303 23.2999992370605 22.2999992370605 21.2999992370605 23 23.1000003814697 23.3999996185303 22.7000007629395 22.1000003814697 22.3999996185303 24.6000003814697 25 24.7000007629395 24.8999996185303 24.8999996185303 25.1000003814697 25.2000007629395 25.1000003814697
25.2000007629395 25.1000003814697 25 24.8999996185303 25.1000003814697 26.3999996185303 26.7000007629395 26.7000007629395 26.7999992370605 26.7999992370605 27 27 27 26.6000003814697 26.2999992370605 26 25.7999992370605 25.6000003814697 25.3999996185303 25.6000003814697 25.5 25.3999996185303 25.1000003814697 24.8999996185303 24.6000003814697 24.6000003814697 24.3999996185303 25.3999996185303 25.5 25.5 25.3999996185303 25.3999996185303 25.2000007629395 25.1000003814697 25 24.7999992370605 24.1000003814697 23.1000003814697 22.6000003814697 22 22.2000007629395 21.8999996185303 20.8999996185303 22.8999996185303 21.7999992370605 23 25.5 25.5 23.8999996185303 21.6000003814697 21 22.2000007629395 23.1000003814697 24.5 25
24.7000007629395 24.5 24.2999992370605 24.2999992370605 24.2999992370605 25.6000003814697 26.1000003814697 26 25.8999996185303 26.1000003814697 26.3999996185303 26.6000003814697 26.8999996185303 26.7999992370605 26.6000003814697 26.2999992370605 26.1000003814697 25.8999996185303 25.8999996185303 25.7000007629395 25.3999996185303 25.1000003814697 25 24.8999996185303 24.6000003814697 24.2999992370605 23.8999996185303 24.2000007629395 25.2000007629395 25.5 25.3999996185303 25.2000007629395 24.8999996185303 24.7999992370605 24.8999996185303 24.7000007629395 23.6000003814697 23.1000003814697 22.8999996185303 22.7000007629395 22.2999992370605 21.5 22.7000007629395 23.3999996185303 24.8999996185303 25.3999996185303 24.6000003814697 23.3999996185303 22.7000007629395 21.5 23.2000007629395 24.7999992370605 24.8999996185303 25 -3.4e+38
24.7999992370605 24.5 24.2000007629395 23.6000003814697 23.2999992370605 23.3999996185303 25.1000003814697 25.2999992370605 25.2999992370605 25.5 25.8999996185303 26.3999996185303 26.6000003814697 26.5 26.1000003814697 26.2999992370605 26 25.6000003814697 25.6000003814697 25.5 25.1000003814697 25.1000003814697 24.8999996185303 24.6000003814697 24.2999992370605 24 23.7000007629395 23.7999992370605 25 25.2000007629395 25.1000003814697 25.1000003814697 24.8999996185303 24.7000007629395 24.7000007629395 24.1000003814697 23.6000003814697 23.1000003814697 23 22.7999992370605 22.6000003814697 23.6000003814697 24.2000007629395 24.7999992370605 24.7000007629395 24 23.1000003814697 23.1000003814697 22.1000003814697 23.7000007629395 -3.4e+38 -3.4e+38 -3.4e+38 -3.4e+38 -3.4e+38
25 24.7000007629395 24.2000007629395 23.6000003814697 22.6000003814697 22.7000007629395 24.7999992370605 24.3999996185303 24.5 24.7000007629395 25.2999992370605 26.1000003814697 26.3999996185303 26.1000003814697 25.6000003814697 25.8999996185303 25.6000003814697 25.3999996185303 25.2000007629395 25.1000003814697 24.7000007629395 24.6000003814697 25.2000007629395 25.2000007629395 25.2000007629395 25 24.8999996185303 24.7000007629395 24.6000003814697 24.7000007629395 24.7000007629395 24.7000007629395 24.6000003814697 24.6000003814697 24.2000007629395 23.2000007629395 22.7999992370605 22.8999996185303 22.2999992370605 22.2999992370605 23.2000007629395 23.8999996185303 24.5 24 23.2999992370605 23.3999996185303 22.7000007629395 21.6000003814697 23.1000003814697 25.6000003814697 -3.4e+38 -3.4e+38 -3.4e+38 -3.4e+38 -3.4e+38
24.2999992370605 24.2000007629395 24.1000003814697 24 22.8999996185303 22.7999992370605 24.2000007629395 24.2999992370605 24.3999996185303 24.1000003814697 25.2000007629395 26 25.8999996185303 25.1000003814697 25.2000007629395 25.3999996185303 25.5 25.7999992370605 25.2999992370605 25.6000003814697 25.7000007629395 25.2000007629395 25.1000003814697 25.1000003814697 25.1000003814697 25.1000003814697 25 24.7000007629395 24.3999996185303 24.2000007629395 24.3999996185303 24.5 24.1000003814697 24.2000007629395 23.2000007629395 23.1000003814697 22.8999996185303 23 22.8999996185303 23.2000007629395 23.2999992370605 23.6000003814697 23.5 23.3999996185303 23.3999996185303 23.1000003814697 23 25.6000003814697 -3.4e+38 -3.4e+38 -3.4e+38 -3.4e+38 -3.4e+38 -3.4e+38 -3.4e+38
24 23.7000007629395 23.5 23.7999992370605 23.5 23.7000007629395 24.7000007629395 24.2000007629395 24 24.1000003814697 24.8999996185303 25.2999992370605 25.3999996185303 24.5 24 25.6000003814697 25.5 25.7999992370605 25.2999992370605 25.3999996185303 25.7999992370605 25.7000007629395 25.2000007629395 25.1000003814697 24.7999992370605 24.7999992370605 25 24.7999992370605 24.3999996185303 24.2000007629395 24.2000007629395 24.2999992370605 23.8999996185303 23.2000007629395 22.2999992370605 22.1000003814697 22.7000007629395 23.5 23.7000007629395 23.2000007629395 23 22.8999996185303 22.6000003814697 21.8999996185303 23.1000003814697 25 -3.4e+38 -3.4e+38 -3.4e+38 -3.4e+38 -3.4e+38 -3.4e+38 -3.4e+38 -3.4e+38 -3.4e+38
23.7000007629395 23.3999996185303 23.2000007629395 23 23.3999996185303 24.6000003814697 25.2999992370605 24.7999992370605 24.8999996185303 24.7999992370605 24 24.1000003814697 24.6000003814697 23.3999996185303 23.5 25.3999996185303 25.2999992370605 25.6000003814697 25.6000003814697 25.2000007629395 25.8999996185303 25.7999992370605 25.2999992370605 25 24.6000003814697 24.6000003814697 24.7999992370605 24.7000007629395 24.5 24.2000007629395 23.8999996185303 23.8999996185303 23.2000007629395 22.1000003814697 21.8999996185303 21.8999996185303 22.1000003814697 22.8999996185303 22.8999996185303 23 22.6000003814697 24.8999996185303 -3.4e+38 -3.4e+38 -3.4e+38 -3.4e+38 -3.4e+38 -3.4e+38 -3.4e+38 -3.4e+38 -3.4e+38 -3.4e+38 -3.4e+38 -3.4e+38 -3.4e+38
23.8999996185303 23.3999996185303 23.1000003814697 23.1000003814697 23.7000007629395 25.3999996185303 25.7999992370605 25.6000003814697 25.2999992370605 24.3999996185303 23.1000003814697 23.2000007629395 24.5 24.5 24.5 25 24.7999992370605 24.8999996185303 25.2000007629395 25.1000003814697 25.7999992370605 25.6000003814697 25.3999996185303 24.8999996185303 24.7000007629395 24.6000003814697 24.7999992370605 24.5 24.6000003814697 24.2999992370605 23.7999992370605 23.2000007629395 22.6000003814697 22.5 22.8999996185303 22.8999996185303 22.6000003814697 22.6000003814697 23.3999996185303 26.7999992370605 26.7999992370605 -3.4e+38 -3.4e+38 -3.4e+38 -3.4e+38 -3.4e+38 -3.4e+38 -3.4e+38 -3.4e+38 -3.4e+38 -3.4e+38 -3.4e+38 -3.4e+38 -3.4e+38 -3.4e+38
23.8999996185303 23.6000003814697 23.1000003814697 22.8999996185303 23.1000003814697 24.7999992370605 25.8999996185303 25 25.2999992370605 25.1000003814697 25.1000003814697 24.1000003814697 23.8999996185303 24.7999992370605 24.3999996185303 24.1000003814697 24.3999996185303 24.6000003814697 24.7999992370605 24.6000003814697 25.1000003814697 25.2000007629395 24.8999996185303 24.2999992370605 24.2000007629395 24 24.2999992370605 24.2999992370605 24.2000007629395 23.7999992370605 23.8999996185303 25.3999996185303 25.2000007629395 24.6000003814697 25.1000003814697 24.2999992370605 25.2999992370605 26.8999996185303 -3.4e+38 -3.4e+38 -3.4e+38 -3.4e+38 -3.4e+38 -3.4e+38 -3.4e+38 -3.4e+38 -3.4e+38 -3.4e+38 -3.4e+38 -3.4e+38 -3.4e+38 -3.4e+38 -3.4e+38 -3.4e+38 -3.4e+38
24.5 24.6000003814697 24 23.3999996185303 24.1000003814697 25.2000007629395 24.6000003814697 23 23.8999996185303 24.8999996185303 24.5 24.2999992370605 22.3999996185303 22.2999992370605 22.7000007629395 23.7000007629395 23.5 23.7999992370605 23.7999992370605 23.6000003814697 23.3999996185303 23.5 23.3999996185303 23.3999996185303 23.7000007629395 23.7999992370605 23.7999992370605 23.7000007629395 24.1000003814697 26.6000003814697 28 27.8999996185303 27.6000003814697 26.7999992370605 26.6000003814697 26.5 -3.4e+38 -3.4e+38 -3.4e+38 -3.4e+38 -3.4e+38 -3.4e+38 -3.4e+38 -3.4e+38 -3.4e+38 -3.4e+38 -3.4e+38 -3.4e+38 -3.4e+38 -3.4e+38 -3.4e+38 -3.4e+38 -3.4e+38 -3.4e+38 -3.4e+38
25.8999996185303 25.3999996185303 24.7999992370605 24.1000003814697 24.6000003814697 23.8999996185303 23 22.3999996185303 22.7999992370605 24.3999996185303 22 22.6000003814697 22.1000003814697 21.7000007629395 21.8999996185303 22.7000007629395 23.7000007629395 23 22.7000007629395 23.2000007629395 23.3999996185303 23.3999996185303 23.8999996185303 24.3999996185303 23.7999992370605 23.7000007629395 25.3999996185303 25.6000003814697 27 28.5 28.7000007629395 28.5 27.7999992370605 27 25.8999996185303 -3.4e+38 -3.4e+38 -3.4e+38 -3.4e+38 -3.4e+38 -3.4e+38 -3.4e+38 -3.4e+38 -3.4e+38 -3.4e+38 -3.4e+38 -3.4e+38 -3.4e+38 -3.4e+38 -3.4e+38 -3.4e+38 -3.4e+38 -3.4e+38 -3.4e+38 -3.4e+38
26.1000003814697 25.5 25.1000003814697 24.6000003814697 24.1000003814697 24.7000007629395 23 21.7999992370605 22.1000003814697 22.8999996185303 22.1000003814697 21.7000007629395 21.3999996185303 21.5 21.2999992370605 21.8999996185303 22.8999996185303 22.8999996185303 23 23.2000007629395 23.2999992370605 24.2000007629395 25.3999996185303 26.2000007629395 26.1000003814697 26 27.3999996185303 27.3999996185303 28.5 28.7000007629395 28.7000007629395 28.5 28.1000003814697 27.8999996185303 -3.4e+38 -3.4e+38 -3.4e+38 -3.4e+38 -3.4e+38 -3.4e+38 -3.4e+38 -3.4e+38 -3.4e+38 -3.4e+38 -3.4e+38 -3.4e+38 -3.4e+38 -3.4e+38 -3.4e+38 -3.4e+38 -3.4e+38 -3.4e+38 -3.4e+38 -3.4e+38 -3.4e+38
26 25.8999996185303 25.6000003814697 25.2000007629395 24.7999992370605 24.1000003814697 23.2999992370605 23.1000003814697 21.7999992370605 22.2000007629395 22.5 22.2999992370605 21.2999992370605 21.3999996185303 21.3999996185303 21.5 22.7000007629395 22.8999996185303 23.2000007629395 23.2000007629395 24.1000003814697 25.6000003814697 26.7000007629395 25.8999996185303 26.7999992370605 26.2999992370605 26.5 26 26.7999992370605 28.2000007629395 28.2999992370605 28.2999992370605 -3.4e+38 -3.4e+38 -3.4e+38 -3.4e+38 -3.4e+38 -3.4e+38 -3.4e+38 -3.4e+38 -3.4e+38 -3.4e+38 -3.4e+38 -3.4e+38 -3.4e+38 -3.4e+38 -3.4e+38 -3.4e+38 -3.4e+38 -3.4e+38 -3.4e+38 -3.4e+38 -3.4e+38 -3.4e+38 -3.4e+38
24.7999992370605 25.2999992370605 25.2000007629395 24.7000007629395 24.2999992370605 23.3999996185303 22.3999996185303 21.2999992370605 21 21.3999996185303 22.3999996185303 22.7999992370605 22.1000003814697 21.2000007629395 21.2000007629395 21.3999996185303 23.6000003814697 23 23.2000007629395 23.7000007629395 25.3999996185303 26.2999992370605 25.5 24.2999992370605 24.2999992370605 24.2000007629395 25.7999992370605 24.8999996185303 24.7000007629395 27.3999996185303 28.2000007629395 -3.4e+38 -3.4e+38 -3.4e+38 -3.4e+38 -3.4e+38 -3.4e+38 -3.4e+38 -3.4e+38 -3.4e+38 -3.4e+38 -3.4e+38 -3.4e+38 -3.4e+38 -3.4e+38 -3.4e+38 -3.4e+38 -3.4e+38 -3.4e+38 -3.4e+38 -3.4e+38 -3.4e+38 -3.4e+38 -3.4e+38 -3.4e+38
21.5 21.7999992370605 23.8999996185303 24.2999992370605 22.7999992370605 21 20.7999992370605 20.3999996185303 20.1000003814697 20.2999992370605 20.8999996185303 22 22.2000007629395 21.5 21.3999996185303 21.7000007629395 24 23.6000003814697 23.5 24.3999996185303 25.1000003814697 24.7999992370605 24.3999996185303 23.2000007629395 23.5 24.5 24.7999992370605 25.6000003814697 26.2999992370605 28 -3.4e+38 -3.4e+38 -3.4e+38 -3.4e+38 -3.4e+38 -3.4e+38 -3.4e+38 -3.4e+38 -3.4e+38 -3.4e+38 -3.4e+38 -3.4e+38 -3.4e+38 -3.4e+38 -3.4e+38 -3.4e+38 -3.4e+38 -3.4e+38 -3.4e+38 -3.4e+38 -3.4e+38 -3.4e+38 -3.4e+38 -3.4e+38 -3.4e+38
21.8999996185303 21.2999992370605 21.2999992370605 21.1000003814697 21 21.2000007629395 21.1000003814697 20.5 20.2999992370605 19.7000007629395 19.7999992370605 21.7000007629395 21.7999992370605 21.3999996185303 21.3999996185303 22.7000007629395 24 23.8999996185303 23.2999992370605 23.7000007629395 24.2999992370605 23.5 23.1000003814697 23.5 23.5 26.1000003814697 27 27.5 27.2999992370605 -3.4e+38 -3.4e+38 -3.4e+38 -3.4e+38 -3.4e+38 -3.4e+38 -3.4e+38 -3.4e+38 -3.4e+38 -3.4e+38 -3.4e+38 -3.4e+38 -3.4e+38 -3.4e+38 -3.4e+38 -3.4e+38 -3.4e+38 -3.4e+38 -3.4e+38 -3.4e+38 -3.4e+38 -3.4e+38 -3.4e+38 -3.4e+38 -3.4e+38 -3.4e+38
22.2000007629395 22 21.7999992370605 21.2999992370605 21.7000007629395 21.7999992370605 21.1000003814697 20.8999996185303 20.7999992370605 19.5 19.6000003814697 21 21.7000007629395 21.2999992370605 21.5 23.5 23.7999992370605 23.7000007629395 23.5 23 23.2999992370605 23.2999992370605 23.8999996185303 23.6000003814697 24.6000003814697 27.2999992370605 -3.4e+38 -3.4e+38 -3.4e+38 -3.4e+38 -3.4e+38 -3.4e+38 -3.4e+38 -3.4e+38 -3.4e+38 -3.4e+38 -3.4e+38 -3.4e+38 -3.4e+38 -3.4e+38 -3.4e+38 -3.4e+38 -3.4e+38 -3.4e+38 -3.4e+38 -3.4e+38 -3.4e+38 -3.4e+38 -3.4e+38 -3.4e+38 -3.4e+38 -3.4e+38 -3.4e+38 -3.4e+38 -3.4e+38
22.6000003814697 22.3999996185303 22.2000007629395 21.8999996185303 22.1000003814697 21.2999992370605 21.1000003814697 20.8999996185303 20.5 18.1000003814697 18.6000003814697 19.8999996185303 21 21.5 22.7999992370605 23.5 23.5 23.6000003814697 23.6000003814697 23.2999992370605 23.2999992370605 23.3999996185303 23.7999992370605 23.3999996185303 24 25.7999992370605 26.7000007629395 -3.4e+38 -3.4e+38 -3.4e+38 -3.4e+38 -3.4e+38 -3.4e+38 -3.4e+38 -3.4e+38 -3.4e+38 -3.4e+38 -3.4e+38 -3.4e+38 -3.4e+38 -3.4e+38 -3.4e+38 -3.4e+38 -3.4e+38 -3.4e+38 -3.4e+38 -3.4e+38 -3.4e+38 -3.4e+38 -3.4e+38 -3.4e+38 -3.4e+38 -3.4e+38 -3.4e+38 -3.4e+38
