data/layers/future_layer_mc_585_60/bio8.asc
NCOLS 494 
NROWS 529 
XLLCORNER -117.166666666667 
YLLCORNER -55.5 
CELLSIZE 0.166666666666667 
NODATA_value -3.4e+38 
[rows 450 to 474 of 529, columns 275 to 329 of 494]
1.79999995231628 3.20000004768372 2.70000004768372 3.79999995231628 4.40000009536743 3.5 2.20000004768372 1.89999997615814 2.79999995231628 3 2.5 2.79999995231628 2.90000009536743 2 1.39999997615814 2.20000004768372 2.29999995231628 2.59999990463257 2.29999995231628 2.09999990463257 3 2.90000009536743 7.69999980926514 8.19999980926514 9.39999961853027 8.10000038146973 10.3999996185303 10.1999998092651 12.3999996185303 13.1000003814697 13.6999998092651 14.1000003814697 14.3999996185303 14.5 14.6999998092651 15.1000003814697 15.1000003814697 15.1999998092651 15.1000003814697 15.1999998092651 -3.4e+38 -3.4e+38 -3.4e+38 -3.4e+38 15.3000001907349 15.1999998092651 -3.4e+38 -3.4e+38 -3.4e+38 -3.4e+38 -3.4e+38 -3.4e+38 -3.4e+38 -3.4e+38 -3.4e+38
0.200000002980232 2.70000004768372 3 3.59999990463257 4.40000009536743 4.30000019073486 3.5 3.59999990463257 3.79999995231628 4.19999980926514 2.79999995231628 3 3.09999990463257 2.59999990463257 2.09999990463257 1.79999995231628 2.29999995231628 2.90000009536743 3 3 2.5 2 3.40000009536743 6.09999990463257 5.40000009536743 8 9.39999961853027 10.1000003814697 10.5 13.3999996185303 14.1999998092651 14.3999996185303 14.6000003814697 14.8000001907349 14.8999996185303 15 15 15.1000003814697 -3.4e+38 -3.4e+38 -3.4e+38 -3.4e+38 -3.4e+38 15.1000003814697 15.3000001907349 15.1000003814697 -3.4e+38 -3.4e+38 -3.4e+38 -3.4e+38 -3.4e+38 -3.4e+38 -3.4e+38 -3.4e+38 -3.4e+38
-0.800000011920929 2.40000009536743 3.20000004768372 3.5 4.30000019073486 3.40000009536743 2.79999995231628 3.29999995231628 2.5 4.19999980926514 4.30000019073486 2.5 2.59999990463257 2.5 2.40000009536743 1.60000002384186 1.60000002384186 1.70000004768372 1.89999997615814 2 2.20000004768372 3.09999990463257 4.09999990463257 7.59999990463257 9.30000019073486 10.1999998092651 10 9.69999980926514 10.1000003814697 10.6999998092651 11.6000003814697 13.1000003814697 14.8000001907349 14.8000001907349 14.8000001907349 14.8000001907349 14.8000001907349 13.8999996185303 -3.4e+38 -3.4e+38 -3.4e+38 -3.4e+38 -3.4e+38 15 15 15.1000003814697 -3.4e+38 -3.4e+38 -3.4e+38 -3.4e+38 -3.4e+38 -3.4e+38 -3.4e+38 -3.4e+38 -3.4e+38
2 3.20000004768372 2.09999990463257 3.5 4.40000009536743 3.90000009536743 3.29999995231628 2.5 2.09999990463257 2.09999990463257 3.09999990463257 4.19999980926514 2.5 2.70000004768372 3.09999990463257 3.59999990463257 3.20000004768372 2 2.09999990463257 3.40000009536743 4.09999990463257 4.59999990463257 5.69999980926514 7.5 9.60000038146973 10.3000001907349 10.3000001907349 10.5 10.3999996185303 10.3000001907349 10.6999998092651 11.6000003814697 12.3999996185303 14.5 15.8999996185303 15.6000003814697 14.8999996185303 15 14.5 -3.4e+38 -3.4e+38 -3.4e+38 -3.4e+38 -3.4e+38 -3.4e+38 -3.4e+38 -3.4e+38 -3.4e+38 -3.4e+38 -3.4e+38 -3.4e+38 -3.4e+38 -3.4e+38 -3.4e+38 -3.4e+38
2.90000009536743 3.29999995231628 3.29999995231628 3.20000004768372 3.90000009536743 4.09999990463257 3.59999990463257 2.79999995231628 2.20000004768372 2 1.89999997615814 3 4.80000019073486 4.09999990463257 3.70000004768372 4.09999990463257 3.59999990463257 3 4.19999980926514 4.40000009536743 5.09999990463257 5.80000019073486 7.30000019073486 9.39999961853027 9.30000019073486 9.10000038146973 10.1000003814697 10.1000003814697 10.1000003814697 10 11.8999996185303 12.1999998092651 11.3999996185303 14.1999998092651 15 15.6999998092651 15.5 15 15.1000003814697 15.1000003814697 -3.4e+38 -3.4e+38 -3.4e+38 -3.4e+38 -3.4e+38 -3.4e+38 -3.4e+38 -3.4e+38 -3.4e+38 -3.4e+38 -3.4e+38 -3.4e+38 -3.4e+38 -3.4e+38 -3.4e+38
1.20000004768372 2.20000004768372 3.20000004768372 1.79999995231628 3.09999990463257 3.70000004768372 3.09999990463257 2.20000004768372 2.90000009536743 2.20000004768372 1.10000002384186 2.09999990463257 4.59999990463257 4.69999980926514 3.90000009536743 4.40000009536743 4.90000009536743 4.09999990463257 5.19999980926514 5.90000009536743 6.90000009536743 7.40000009536743 9.39999961853027 9.60000038146973 9.10000038146973 8.60000038146973 9.30000019073486 9.89999961853027 9.80000019073486 9.89999961853027 9.80000019073486 9.89999961853027 13 14.5 14.6000003814697 15.1999998092651 15.6000003814697 14.8999996185303 -3.4e+38 -3.4e+38 -3.4e+38 -3.4e+38 -3.4e+38 -3.4e+38 -3.4e+38 -3.4e+38 -3.4e+38 -3.4e+38 -3.4e+38 -3.4e+38 -3.4e+38 -3.4e+38 -3.4e+38 -3.4e+38 -3.4e+38
0.5 1 3.20000004768372 2.20000004768372 2.59999990463257 3.09999990463257 2 1.60000002384186 2.70000004768372 3 1.79999995231628 2.5 4.59999990463257 4.69999980926514 3.29999995231628 4.40000009536743 5.19999980926514 5.59999990463257 5.80000019073486 6.30000019073486 6.80000019073486 7.90000009536743 8.69999980926514 8.80000019073486 8.19999980926514 8.5 9.60000038146973 9.60000038146973 9.60000038146973 9.69999980926514 9.80000019073486 10.1000003814697 10.3999996185303 11.6999998092651 14.1000003814697 14 14.3000001907349 -3.4e+38 -3.4e+38 -3.4e+38 -3.4e+38 -3.4e+38 -3.4e+38 -3.4e+38 -3.4e+38 -3.4e+38 -3.4e+38 -3.4e+38 -3.4e+38 -3.4e+38 -3.4e+38 -3.4e+38 -3.4e+38 -3.4e+38 -3.4e+38
2.20000004768372 2.29999995231628 2.79999995231628 1.89999997615814 2.59999990463257 2.70000004768372 2.90000009536743 2.90000009536743 3.20000004768372 3.29999995231628 2.29999995231628 2.29999995231628 3.59999990463257 5 5.59999990463257 5 5 5.5 5.80000019073486 5.90000009536743 6.09999990463257 6.40000009536743 8.5 9.10000038146973 6.69999980926514 7.59999990463257 8.80000019073486 9.5 9.5 9.80000019073486 10.1000003814697 10.1999998092651 9.69999980926514 10.1000003814697 13.6000003814697 13.6999998092651 -3.4e+38 -3.4e+38 -3.4e+38 -3.4e+38 -3.4e+38 -3.4e+38 -3.4e+38 -3.4e+38 -3.4e+38 -3.4e+38 -3.4e+38 -3.4e+38 -3.4e+38 -3.4e+38 -3.4e+38 -3.4e+38 -3.4e+38 -3.4e+38 -3.4e+38
2.59999990463257 1.79999995231628 2.09999990463257 0.800000011920929 2.09999990463257 2.5 3.09999990463257 2.79999995231628 3.09999990463257 3.90000009536743 3.40000009536743 3.09999990463257 3.90000009536743 4.59999990463257 5.80000019073486 5.69999980926514 5.80000019073486 5.30000019073486 5.80000019073486 6.19999980926514 6.5 6.40000009536743 9 9.39999961853027 7.90000009536743 5.90000009536743 6.59999990463257 8.5 9.5 9.80000019073486 9.5 9.39999961853027 9.39999961853027 9.69999980926514 10.1999998092651 10.6999998092651 -3.4e+38 -3.4e+38 -3.4e+38 -3.4e+38 -3.4e+38 -3.4e+38 -3.4e+38 -3.4e+38 -3.4e+38 -3.4e+38 -3.4e+38 -3.4e+38 -3.4e+38 -3.4e+38 -3.4e+38 -3.4e+38 -3.4e+38 -3.4e+38 -3.4e+38
1.5 1.70000004768372 1.79999995231628 1.10000002384186 2.59999990463257 2 1.60000002384186 1.60000002384186 1.89999997615814 3.59999990463257 2.90000009536743 3.29999995231628 4.40000009536743 4.90000009536743 5.19999980926514 5.5 5.40000009536743 5.59999990463257 5.69999980926514 5.80000019073486 5.90000009536743 6.5 8.69999980926514 8.89999961853027 9.19999980926514 8.10000038146973 7.90000009536743 9.39999961853027 9.5 9.5 9.30000019073486 9.19999980926514 9.30000019073486 9.39999961853027 9.39999961853027 9.80000019073486 -3.4e+38 -3.4e+38 -3.4e+38 -3.4e+38 -3.4e+38 -3.4e+38 -3.4e+38 -3.4e+38 -3.4e+38 -3.4e+38 -3.4e+38 -3.4e+38 -3.4e+38 -3.4e+38 -3.4e+38 -3.4e+38 -3.4e+38 -3.4e+38 -3.4e+38
1.39999997615814 2.09999990463257 2.5 2.59999990463257 3.29999995231628 4.90000009536743 2.20000004768372 1.29999995231628 1.39999997615814 2.29999995231628 2 2.90000009536743 4 4.59999990463257 5.09999990463257 4.80000019073486 4.5 4.80000019073486 5.09999990463257 5 5.30000019073486 6.19999980926514 7.09999990463257 8.60000038146973 8.89999961853027 9.30000019073486 9.19999980926514 9.30000019073486 9.39999961853027 9.30000019073486 9.10000038146973 9.10000038146973 9.19999980926514 9.30000019073486 9.39999961853027 10 -3.4e+38 -3.4e+38 -3.4e+38 -3.4e+38 -3.4e+38 -3.4e+38 -3.4e+38 -3.4e+38 -3.4e+38 -3.4e+38 -3.4e+38 -3.4e+38 -3.4e+38 -3.4e+38 -3.4e+38 -3.4e+38 -3.4e+38 -3.4e+38 -3.4e+38
2.70000004768372 2.5 2.29999995231628 2.20000004768372 4 5.80000019073486 5.80000019073486 2.79999995231628 3.5 2.90000009536743 2.20000004768372 2.59999990463257 4.09999990463257 4.59999990463257 4.40000009536743 4.69999980926514 3.90000009536743 3.70000004768372 4.90000009536743 5 5.19999980926514 5.69999980926514 7.40000009536743 7.5 8.10000038146973 6.69999980926514 8.30000019073486 8.10000038146973 7.69999980926514 8.60000038146973 9 9.10000038146973 9.10000038146973 9.19999980926514 9.5 10.3999996185303 -3.4e+38 -3.4e+38 -3.4e+38 -3.4e+38 -3.4e+38 -3.4e+38 -3.4e+38 -3.4e+38 -3.4e+38 -3.4e+38 -3.4e+38 -3.4e+38 -3.4e+38 -3.4e+38 -3.4e+38 -3.4e+38 -3.4e+38 -3.4e+38 -3.4e+38
1.29999995231628 1.5 1.79999995231628 3.40000009536743 4.09999990463257 6.40000009536743 6.09999990463257 5.59999990463257 4.90000009536743 5.59999990463257 2.5 2.90000009536743 3.90000009536743 4.80000019073486 4.90000009536743 3.90000009536743 2.70000004768372 4.59999990463257 5.09999990463257 5.5 5.69999980926514 6 7.59999990463257 7.09999990463257 6.40000009536743 5.90000009536743 6.40000009536743 6.30000019073486 6.80000019073486 6.19999980926514 7.59999990463257 9 9.39999961853027 9.60000038146973 9.80000019073486 10.3999996185303 -3.4e+38 -3.4e+38 -3.4e+38 -3.4e+38 -3.4e+38 -3.4e+38 -3.4e+38 -3.4e+38 -3.4e+38 -3.4e+38 -3.4e+38 -3.4e+38 -3.4e+38 -3.4e+38 -3.4e+38 -3.4e+38 -3.4e+38 -3.4e+38 -3.4e+38
1.79999995231628 1.60000002384186 1.89999997615814 2.59999990463257 3.70000004768372 5.5 5.90000009536743 6.30000019073486 6.59999990463257 4.59999990463257 1.79999995231628 2 3.70000004768372 4.80000019073486 4.69999980926514 3.40000009536743 2.79999995231628 3.90000009536743 4.19999980926514 5 5.80000019073486 5.69999980926514 6 6.30000019073486 6.30000019073486 6.09999990463257 6.30000019073486 5.80000019073486 6.40000009536743 5.90000009536743 5.90000009536743 7.80000019073486 9.5 10.3999996185303 -3.4e+38 -3.4e+38 -3.4e+38 -3.4e+38 -3.4e+38 -3.4e+38 -3.4e+38 -3.4e+38 -3.4e+38 -3.4e+38 -3.4e+38 -3.4e+38 -3.4e+38 -3.4e+38 -3.4e+38 -3.4e+38 -3.4e+38 -3.4e+38 -3.4e+38 -3.4e+38 -3.4e+38
-0.5 0.200000002980232 1.60000002384186 3.09999990463257 3.5 4 4.80000019073486 4.59999990463257 6.09999990463257 2.59999990463257 2.09999990463257 2.59999990463257 4.69999980926514 4.69999980926514 4.90000009536743 4.80000019073486 4.80000019073486 4.40000009536743 5.5 5.19999980926514 5.5 5.59999990463257 6.40000009536743 7.80000019073486 6 6.19999980926514 5.80000019073486 5.59999990463257 5.90000009536743 6.19999980926514 6.80000019073486 8 10 10.6999998092651 -3.4e+38 -3.4e+38 -3.4e+38 -3.4e+38 -3.4e+38 -3.4e+38 -3.4e+38 -3.4e+38 -3.4e+38 -3.4e+38 -3.4e+38 -3.4e+38 -3.4e+38 -3.4e+38 -3.4e+38 -3.4e+38 -3.4e+38 -3.4e+38 -3.4e+38 -3.4e+38 -3.4e+38
1.10000002384186 1.5 2.29999995231628 3.20000004768372 3.5 3.79999995231628 3.90000009536743 4.5 4.90000009536743 2.40000009536743 2.09999990463257 2.70000004768372 4.09999990463257 4.69999980926514 4.40000009536743 4.90000009536743 4.90000009536743 4.80000019073486 5.59999990463257 5.40000009536743 5.19999980926514 5.09999990463257 5.40000009536743 6.80000019073486 6.30000019073486 5.59999990463257 5.5 6.40000009536743 7.09999990463257 7.40000009536743 8 9.10000038146973 10.3000001907349 -3.4e+38 -3.4e+38 -3.4e+38 -3.4e+38 -3.4e+38 -3.4e+38 -3.4e+38 -3.4e+38 -3.4e+38 -3.4e+38 -3.4e+38 -3.4e+38 -3.4e+38 -3.4e+38 -3.4e+38 -3.4e+38 -3.4e+38 -3.4e+38 -3.4e+38 -3.4e+38 -3.4e+38 -3.4e+38
1.29999995231628 2.09999990463257 2.79999995231628 3.09999990463257 3.29999995231628 3.59999990463257 3.90000009536743 4.09999990463257 5.19999980926514 3.5 2.29999995231628 2.90000009536743 3.70000004768372 4.59999990463257 4 3.90000009536743 4.5 4.69999980926514 4.90000009536743 4.40000009536743 4.5 5.19999980926514 6 6.09999990463257 5.19999980926514 5.5 6.90000009536743 7.30000019073486 7.69999980926514 -3.4e+38 -3.4e+38 -3.4e+38 -3.4e+38 -3.4e+38 -3.4e+38 -3.4e+38 -3.4e+38 -3.4e+38 -3.4e+38 -3.4e+38 -3.4e+38 -3.4e+38 -3.4e+38 -3.4e+38 -3.4e+38 -3.4e+38 -3.4e+38 -3.4e+38 -3.4e+38 -3.4e+38 -3.4e+38 -3.4e+38 -3.4e+38 -3.4e+38 -3.4e+38
1.79999995231628 2 2.5 2.79999995231628 3.09999990463257 3.40000009536743 3.59999990463257 4.19999980926514 4.69999980926514 3.20000004768372 3.29999995231628 4.19999980926514 5.09999990463257 5.09999990463257 5 4.69999980926514 4.90000009536743 5.19999980926514 5 4.90000009536743 5.19999980926514 5.90000009536743 6.30000019073486 5.40000009536743 5.19999980926514 6.80000019073486 -3.4e+38 -3.4e+38 -3.4e+38 -3.4e+38 -3.4e+38 -3.4e+38 -3.4e+38 -3.4e+38 -3.4e+38 -3.4e+38 -3.4e+38 -3.4e+38 -3.4e+38 -3.4e+38 -3.4e+38 -3.4e+38 -3.4e+38 -3.4e+38 -3.4e+38 -3.4e+38 -3.4e+38 -3.4e+38 -3.4e+38 -3.4e+38 -3.4e+38 -3.4e+38 -3.4e+38 -3.4e+38 -3.4e+38
1.60000002384186 2 2.59999990463257 3.09999990463257 3.5 3.79999995231628 4.09999990463257 4.19999980926514 4.5 3.79999995231628 3.40000009536743 3.90000009536743 5.09999990463257 5.09999990463257 5.19999980926514 5.40000009536743 5.40000009536743 5.19999980926514 5 5.40000009536743 5.59999990463257 5.5 5.09999990463257 5.09999990463257 6.69999980926514 -3.4e+38 -3.4e+38 -3.4e+38 -3.4e+38 -3.4e+38 -3.4e+38 -3.4e+38 -3.4e+38 -3.4e+38 -3.4e+38 -3.4e+38 -3.4e+38 -3.4e+38 -3.4e+38 -3.4e+38 -3.4e+38 -3.4e+38 -3.4e+38 -3.4e+38 -3.4e+38 -3.4e+38 -3.4e+38 -3.4e+38 -3.4e+38 -3.4e+38 -3.4e+38 -3.4e+38 -3.4e+38 -3.4e+38 -3.4e+38
1.89999997615814 2.40000009536743 2.90000009536743 3.40000009536743 3.70000004768372 4 4.19999980926514 4.40000009536743 4.5 4.5 3.29999995231628 3.40000009536743 5.19999980926514 5.19999980926514 5.40000009536743 5.59999990463257 5.5 5.19999980926514 5.30000019073486 5.19999980926514 4.40000009536743 4.40000009536743 4.80000019073486 6.30000019073486 -3.4e+38 -3.4e+38 -3.4e+38 -3.4e+38 -3.4e+38 -3.4e+38 -3.4e+38 -3.4e+38 -3.4e+38 -3.4e+38 -3.4e+38 -3.4e+38 -3.4e+38 -3.4e+38 -3.4e+38 -3.4e+38 -3.4e+38 -3.4e+38 -3.4e+38 -3.4e+38 -3.4e+38 -3.4e+38 -3.4e+38 -3.4e+38 -3.4e+38 -3.4e+38 -3.4e+38 -3.4e+38 -3.4e+38 -3.4e+38 -3.4e+38
1.39999997615814 2.5 2.90000009536743 3.29999995231628 3.70000004768372 4.09999990463257 4.30000019073486 4.5 4.69999980926514 4.90000009536743 3.90000009536743 3.5 5.19999980926514 5.30000019073486 5.30000019073486 5.19999980926514 5.30000019073486 5 4.5 4.19999980926514 4.30000019073486 5.30000019073486 6.59999990463257 -3.4e+38 -3.4e+38 -3.4e+38 -3.4e+38 -3.4e+38 -3.4e+38 -3.4e+38 -3.4e+38 -3.4e+38 -3.4e+38 -3.4e+38 -3.4e+38 -3.4e+38 -3.4e+38 -3.4e+38 -3.4e+38 -3.4e+38 -3.4e+38 -3.4e+38 -3.4e+38 -3.4e+38 -3.4e+38 -3.4e+38 -3.4e+38 -3.4e+38 -3.4e+38 -3.4e+38 -3.4e+38 -3.4e+38 -3.4e+38 -3.4e+38 -3.4e+38
2.40000009536743 2.20000004768372 2.29999995231628 3.09999990463257 3.5 3.90000009536743 4.19999980926514 4.40000009536743 4.69999980926514 5.09999990463257 5 5.69999980926514 5.30000019073486 5.09999990463257 5.09999990463257 4.69999980926514 4.5 4.09999990463257 4.09999990463257 4.30000019073486 5.19999980926514 6.30000019073486 -3.4e+38 -3.4e+38 -3.4e+38 -3.4e+38 -3.4e+38 -3.4e+38 -3.4e+38 -3.4e+38 -3.4e+38 -3.4e+38 -3.4e+38 -3.4e+38 -3.4e+38 -3.4e+38 -3.4e+38 -3.4e+38 -3.4e+38 -3.4e+38 -3.4e+38 -3.4e+38 -3.4e+38 -3.4e+38 -3.4e+38 -3.4e+38 -3.4e+38 -3.4e+38 -3.4e+38 -3.4e+38 -3.4e+38 -3.4e+38 -3.4e+38 -3.4e+38 -3.4e+38
0.699999988079071 1.5 2.20000004768372 2.79999995231628 3.29999995231628 3.70000004768372 4.09999990463257 4.5 5 5.09999990463257 5.69999980926514 5.69999980926514 5.5 5.59999990463257 5 4.59999990463257 4.40000009536743 4.80000019073486 5.5 6.5 6.40000009536743 7 -3.4e+38 -3.4e+38 -3.4e+38 -3.4e+38 -3.4e+38 -3.4e+38 -3.4e+38 -3.4e+38 -3.4e+38 -3.4e+38 -3.4e+38 -3.4e+38 -3.4e+38 -3.4e+38 -3.4e+38 -3.4e+38 -3.4e+38 -3.4e+38 -3.4e+38 -3.4e+38 -3.4e+38 -3.4e+38 -3.4e+38 -3.4e+38 -3.4e+38 -3.4e+38 -3.4e+38 -3.4e+38 -3.4e+38 -3.4e+38 -3.4e+38 -3.4e+38 -3.4e+38
1.89999997615814 1.89999997615814 2.09999990463257 2.70000004768372 3.29999995231628 3.79999995231628 4.30000019073486 4.69999980926514 4.90000009536743 4.90000009536743 5.5 5.80000019073486 5.80000019073486 5.80000019073486 5.09999990463257 4.90000009536743 6 6.59999990463257 7 7 6.90000009536743 7.19999980926514 -3.4e+38 -3.4e+38 -3.4e+38 -3.4e+38 -3.4e+38 -3.4e+38 -3.4e+38 -3.4e+38 -3.4e+38 -3.4e+38 -3.4e+38 -3.4e+38 -3.4e+38 -3.4e+38 -3.4e+38 -3.4e+38 -3.4e+38 -3.4e+38 -3.4e+38 -3.4e+38 -3.4e+38 -3.4e+38 -3.4e+38 -3.4e+38 -3.4e+38 -3.4e+38 -3.4e+38 -3.4e+38 -3.4e+38 -3.4e+38 -3.4e+38 -3.4e+38 -3.4e+38
4.59999990463257 3.70000004768372 3.5 3.5 3.79999995231628 4.30000019073486 5 6.5 6.5 6.59999990463257 5.59999990463257 6.69999980926514 6.40000009536743 5.90000009536743 6 6.30000019073486 6.59999990463257 7 6.90000009536743 6.59999990463257 6.5 6.59999990463257 -3.4e+38 -3.4e+38 -3.4e+38 -3.4e+38 -3.4e+38 -3.4e+38 -3.4e+38 -3.4e+38 -3.4e+38 -3.4e+38 -3.4e+38 -3.4e+38 -3.4e+38 -3.4e+38 -3.4e+38 -3.4e+38 -3.4e+38 -3.4e+38 -3.4e+38 -3.4e+38 -3.4e+38 -3.4e+38 -3.4e+38 -3.4e+38 -3.4e+38 -3.4e+38 -3.4e+38 -3.4e+38 -3.4e+38 -3.4e+38 -3.4e+38 -3.4e+38 -3.4e+38
