data/layers/future_layer_mc_585_60/bio8.asc
NCOLS 494 
NROWS 529 
XLLCORNER -117.166666666667 
YLLCORNER -55.5 
CELLSIZE 0.166666666666667 
NODATA_value -3.4e+38 
[rows 350 to 374 of 529, columns 275 to 329 of 494]
-3.4e+38 -3.4e+38 -3.4e+38 -3.4e+38 15.1000003814697 15.1999998092651 15.1000003814697 15 14.6999998092651 14.3000001907349 13.6999998092651 15.3999996185303 13.8999996185303 10 12.6000003814697 10 11 9.80000019073486 10.3999996185303 12.6000003814697 11.5 16.3999996185303 11.1999998092651 11 10.8000001907349 9.39999961853027 10 11.3000001907349 12.5 17.7000007629395 20 22.3999996185303 22.3999996185303 22.2000007629395 21.5 22.3999996185303 23.3999996185303 24.7999992370605 26 26.6000003814697 26.8999996185303 27.2999992370605 27.8999996185303 28.3999996185303 28.7000007629395 28.7999992370605 29 29 29.2000007629395 29.2000007629395 29.3999996185303 29.3999996185303 29.3999996185303 29.3999996185303 29.1000003814697
-3.4e+38 -3.4e+38 -3.4e+38 -3.4e+38 14.8999996185303 15.1000003814697 15 14.8000001907349 14.8999996185303 14.3999996185303 13.6999998092651 16.2999992370605 13.1000003814697 10.8999996185303 11 10.1999998092651 9.39999961853027 9.39999961853027 10.8999996185303 13.3999996185303 15.3999996185303 15.1000003814697 12.1000003814697 15.1999998092651 11.8999996185303 7.90000009536743 7.30000019073486 10.3999996185303 10.6000003814697 16 17.6000003814697 18.8999996185303 24.1000003814697 22.7999992370605 20.7000007629395 23.2000007629395 24.2000007629395 25.3999996185303 24.5 26.1000003814697 27 27.3999996185303 28 28.3999996185303 28.7000007629395 28.7999992370605 29 29.1000003814697 29.2000007629395 29.2999992370605 29.2999992370605 29.3999996185303 29.3999996185303 29 28.2000007629395
-3.4e+38 -3.4e+38 -3.4e+38 -3.4e+38 15.1000003814697 15 14.8999996185303 15 14.6999998092651 14.1999998092651 13.1000003814697 13.6999998092651 12.5 12.1999998092651 9.30000019073486 9.5 8 8 9.10000038146973 12 14.3999996185303 11.3000001907349 14.3999996185303 16.5 12.3000001907349 9.39999961853027 8.39999961853027 9.5 10.8999996185303 14.1999998092651 12.8000001907349 16.2999992370605 24.1000003814697 20.2000007629395 21.8999996185303 25.2000007629395 25.7999992370605 25.2000007629395 22.6000003814697 25.3999996185303 27.1000003814697 27.5 28.1000003814697 28.3999996185303 28.7000007629395 28.8999996185303 29 29.2000007629395 29.2000007629395 29.2999992370605 29.3999996185303 29.5 29.3999996185303 28.7000007629395 28.2000007629395
-3.4e+38 -3.4e+38 -3.4e+38 -3.4e+38 15 14.6999998092651 14.6000003814697 14.6999998092651 14.6000003814697 14.1999998092651 12.8000001907349 14.8000001907349 13.8000001907349 14.1999998092651 11.5 8.10000038146973 8.89999961853027 7.5 6.30000019073486 13.6000003814697 14.1000003814697 12.3999996185303 16.1000003814697 17.7999992370605 14.8000001907349 10.6000003814697 11.1000003814697 11.5 10.1000003814697 11 11.6000003814697 15.1999998092651 23.7000007629395 19.5 22.2999992370605 25.3999996185303 26.2000007629395 24 23.7000007629395 26.1000003814697 27.1000003814697 27.7999992370605 28.2000007629395 28.3999996185303 28.7000007629395 28.8999996185303 29 29.2000007629395 29.2000007629395 29.3999996185303 29.3999996185303 29.5 29.3999996185303 28.7999992370605 28.1000003814697
-3.4e+38 -3.4e+38 -3.4e+38 -3.4e+38 14.8999996185303 14.6000003814697 14.6000003814697 14.6000003814697 14.3999996185303 13.3999996185303 12.6000003814697 14.8999996185303 13 13.1999998092651 10.6999998092651 8.30000019073486 7 5.69999980926514 8.10000038146973 12.3000001907349 9.60000038146973 12.6000003814697 17.3999996185303 18.7000007629395 15.6000003814697 8.69999980926514 13.1999998092651 13.8000001907349 13 10.8000001907349 15.1000003814697 17.7000007629395 23.7999992370605 17.6000003814697 22.2000007629395 25.1000003814697 26.5 24.2000007629395 24.2999992370605 26.2999992370605 27.5 28 28.3999996185303 28.5 28.7000007629395 29 29.1000003814697 29.2000007629395 29.2999992370605 29.3999996185303 29.5 29.5 29.1000003814697 28.1000003814697 28.1000003814697
-3.4e+38 -3.4e+38 -3.4e+38 -3.4e+38 14.3999996185303 13.8000001907349 13.6999998092651 13.8000001907349 13.8000001907349 12.3999996185303 12.6000003814697 12 10.3000001907349 12.3000001907349 10.6000003814697 7.80000019073486 5.59999990463257 6.30000019073486 9.60000038146973 10 8.10000038146973 12.8999996185303 16.6000003814697 17.7000007629395 15.1000003814697 8.19999980926514 16.6000003814697 15.8000001907349 12.3999996185303 15.3000001907349 17.6000003814697 21.5 22.8999996185303 14.1000003814697 21.3999996185303 24.5 26.3999996185303 25.5 26 27.1000003814697 27.7999992370605 28.2999992370605 28.6000003814697 28.6000003814697 28.7999992370605 28.8999996185303 29.1000003814697 29.2999992370605 29.2999992370605 29.3999996185303 29.5 29.5 28.8999996185303 28 28
-3.4e+38 -3.4e+38 -3.4e+38 -3.4e+38 13.6000003814697 13.3000001907349 13.1000003814697 12.6000003814697 12.8000001907349 11.1999998092651 14.1000003814697 12.6000003814697 9 11.1999998092651 9.39999961853027 7.80000019073486 6.80000019073486 6.30000019073486 7.09999990463257 6.5 9.60000038146973 11.1000003814697 12.8000001907349 13.3999996185303 14 13.6999998092651 15.6999998092651 15.1000003814697 12.5 20.1000003814697 19.2000007629395 22.2000007629395 18.1000003814697 15.6999998092651 21.2999992370605 24.7999992370605 26.7999992370605 27 26.8999996185303 27.3999996185303 28.1000003814697 28.3999996185303 28.2999992370605 28.6000003814697 28.8999996185303 29.1000003814697 29.1000003814697 29.2000007629395 29.2000007629395 29.2999992370605 29.3999996185303 29.3999996185303 29 27.8999996185303 27.8999996185303
-3.4e+38 -3.4e+38 -3.4e+38 14.3000001907349 13.1999998092651 12.6000003814697 12.1999998092651 12.1999998092651 11.6999998092651 12 14.8999996185303 13.3000001907349 10.1999998092651 11.1999998092651 8.39999961853027 7.5 7 7.59999990463257 7.80000019073486 10.1000003814697 11.1000003814697 14.3999996185303 10.8000001907349 11.3000001907349 12 13.3999996185303 15.6999998092651 16.6000003814697 17.5 22.3999996185303 20.8999996185303 21.6000003814697 12.6999998092651 19.7999992370605 23 26.1000003814697 26.5 26.2999992370605 26.2000007629395 26.5 27 27.2999992370605 27.5 28.3999996185303 29 29.2000007629395 29.1000003814697 29.1000003814697 29.2000007629395 29.2999992370605 29.2999992370605 28.8999996185303 28.2000007629395 28.2000007629395 27.7999992370605
-3.4e+38 -3.4e+38 -3.4e+38 14.3999996185303 12.8999996185303 12.3000001907349 11.8000001907349 11.8000001907349 11.5 11.1999998092651 15.1999998092651 13.6999998092651 9.80000019073486 11.1000003814697 8.10000038146973 3 2.09999990463257 3.90000009536743 7.5 10.3999996185303 13 18.7999992370605 15 13.3000001907349 13.1999998092651 15.1000003814697 20.8999996185303 20.5 21.3999996185303 22.5 22 15.3000001907349 14.5 23.7000007629395 26 26.7000007629395 26.7000007629395 26.6000003814697 26.3999996185303 26.6000003814697 27.1000003814697 27.2000007629395 27.3999996185303 28.2000007629395 29.1000003814697 29.1000003814697 29.1000003814697 29.1000003814697 29.1000003814697 29.1000003814697 28.2999992370605 28 27.7000007629395 27.7000007629395 27.6000003814697
-3.4e+38 -3.4e+38 -3.4e+38 13.8999996185303 13 12.8999996185303 12.1999998092651 12.3999996185303 11.6000003814697 12.5 15.6999998092651 11.3999996185303 8.89999961853027 8.10000038146973 7.5 6.80000019073486 2.29999995231628 6.30000019073486 9.10000038146973 11 13.1999998092651 22.2000007629395 21.7000007629395 18 13.3000001907349 19.5 24 22.7999992370605 20.5 20.2000007629395 16.8999996185303 11.8999996185303 22.8999996185303 26.1000003814697 26.7999992370605 26.7999992370605 26.7999992370605 26.7999992370605 26.6000003814697 26.7000007629395 27.1000003814697 27.1000003814697 27.8999996185303 28.7000007629395 28.7999992370605 29 28.5 28.2999992370605 28.6000003814697 27.8999996185303 27.8999996185303 27.5 27.6000003814697 27.6000003814697 27.5
-3.4e+38 -3.4e+38 -3.4e+38 14 13.3000001907349 12.6999998092651 12.6999998092651 11.5 10.6999998092651 11.6999998092651 11.1999998092651 11.8000001907349 5.69999980926514 7.09999990463257 6.59999990463257 7.69999980926514 7.09999990463257 6.69999980926514 10.3000001907349 11.8000001907349 15.6999998092651 22.5 24.1000003814697 17.5 12 21.3999996185303 23.8999996185303 22.2000007629395 21.8999996185303 20 17.7000007629395 19.5 24.2000007629395 26.5 26.8999996185303 26.8999996185303 26.8999996185303 26.8999996185303 26.7999992370605 26.8999996185303 27 27.3999996185303 28.3999996185303 28.8999996185303 29 28.8999996185303 28.5 28.1000003814697 27.5 27.5 27.5 27.5 27.5 27.3999996185303 27.5
-3.4e+38 -3.4e+38 -3.4e+38 13.8999996185303 13.3000001907349 12 12 10.6000003814697 9.60000038146973 10.8999996185303 11 11 6.69999980926514 5.80000019073486 5.80000019073486 7.80000019073486 9.19999980926514 7.30000019073486 8.89999961853027 12.1000003814697 15.6999998092651 22.7000007629395 24.1000003814697 16.2000007629395 18.3999996185303 23.2999992370605 23.8999996185303 24.2000007629395 24.8999996185303 26.5 24.8999996185303 23.6000003814697 23.5 26.1000003814697 26.8999996185303 27 26.8999996185303 26.8999996185303 26.8999996185303 26.7999992370605 27.1000003814697 28.3999996185303 28.6000003814697 28.7000007629395 28.8999996185303 28.7000007629395 27.8999996185303 27.3999996185303 27.3999996185303 27.3999996185303 27.3999996185303 27.3999996185303 27.2999992370605 27.3999996185303 27.3999996185303
-3.4e+38 -3.4e+38 13.8999996185303 13.6999998092651 13.1999998092651 11.3000001907349 10.8000001907349 9.69999980926514 9 12.3000001907349 12.6000003814697 9.69999980926514 6.30000019073486 5 1.29999995231628 3 6.40000009536743 7.90000009536743 11.6000003814697 14.6000003814697 16.1000003814697 22.7000007629395 23.7000007629395 19.7000007629395 22.7000007629395 25.7999992370605 26.3999996185303 26.6000003814697 27.3999996185303 27.5 27.2000007629395 23.2000007629395 22.7999992370605 24.7000007629395 26.6000003814697 26.7999992370605 26.8999996185303 26.8999996185303 26.6000003814697 26.3999996185303 27.8999996185303 28.3999996185303 28.6000003814697 28.5 28.7000007629395 28.3999996185303 27.3999996185303 27.2999992370605 27.2999992370605 27.2999992370605 27.2999992370605 27.2999992370605 27.2000007629395 27.2000007629395 27.2000007629395
-3.4e+38 -3.4e+38 13.5 13.6000003814697 13.3000001907349 11.6000003814697 9.60000038146973 9.5 9.5 10.6000003814697 10.3000001907349 11.1000003814697 9.30000019073486 6.09999990463257 2.20000004768372 2 7.30000019073486 8.30000019073486 10.6999998092651 15.1000003814697 16.8999996185303 22.7000007629395 24.3999996185303 23.5 24 26.5 26.8999996185303 27.1000003814697 27.5 27.5 27.2999992370605 21.8999996185303 23.1000003814697 23.8999996185303 25.8999996185303 26.6000003814697 26.6000003814697 26.6000003814697 26.2000007629395 26 27.6000003814697 28.2999992370605 28.5 28.5 28.7000007629395 28 27.2000007629395 27.2000007629395 27.1000003814697 27.2000007629395 27.1000003814697 27.1000003814697 27.2000007629395 27.2000007629395 27.1000003814697
-3.4e+38 13.6000003814697 13 13.3000001907349 12.8000001907349 11 9.30000019073486 8.19999980926514 8.60000038146973 9 5.69999980926514 6.80000019073486 7.90000009536743 6.19999980926514 4.09999990463257 4.09999990463257 10.1000003814697 9.89999961853027 11.1999998092651 12.5 13 19.8999996185303 26.7999992370605 24.8999996185303 23.2000007629395 26.6000003814697 27.2000007629395 27.5 27.5 27.3999996185303 26.8999996185303 20.1000003814697 22.1000003814697 24.2000007629395 25.3999996185303 26.3999996185303 26.2999992370605 26.3999996185303 26 26.2000007629395 27.7999992370605 28.3999996185303 28.5 28.6000003814697 28.5 27.6000003814697 27.1000003814697 27.1000003814697 27.1000003814697 27.1000003814697 27.1000003814697 27.1000003814697 27.1000003814697 27.2000007629395 27.2000007629395
-3.4e+38 13.6000003814697 12.8999996185303 13.3000001907349 12.5 10.3000001907349 8.39999961853027 6.69999980926514 6.30000019073486 6.59999990463257 1.20000004768372 4.69999980926514 8.69999980926514 7 7 7.5 11.8999996185303 12.3999996185303 15.3999996185303 13.8999996185303 14.1999998092651 19.5 25.1000003814697 25.7000007629395 25.3999996185303 26.6000003814697 27.2999992370605 27.5 27.6000003814697 27.2999992370605 26.5 18.7000007629395 21.2000007629395 24.6000003814697 24.3999996185303 24.7000007629395 25.6000003814697 26.2000007629395 26 26.6000003814697 28.2000007629395 28.5 28.7000007629395 28.7000007629395 28.2999992370605 27.1000003814697 27.1000003814697 27.1000003814697 27.1000003814697 27.1000003814697 27 27.1000003814697 27 27.1000003814697 27.1000003814697
-3.4e+38 13.5 12.8000001907349 12.6999998092651 10.8999996185303 9.60000038146973 7.69999980926514 4.5 3.59999990463257 -0.100000001490116 -0.600000023841858 8.10000038146973 9.10000038146973 9.19999980926514 7.40000009536743 9.19999980926514 14.1000003814697 17.2000007629395 17.1000003814697 18.1000003814697 15.6999998092651 18.6000003814697 24.3999996185303 25.6000003814697 25.7999992370605 24.7999992370605 26.2999992370605 27.3999996185303 27.3999996185303 27.1000003814697 25.5 16.8999996185303 22.1000003814697 26.2999992370605 23.6000003814697 24.1000003814697 25.7000007629395 26.3999996185303 26.2999992370605 27.2000007629395 28.3999996185303 28.6000003814697 28.7999992370605 28.7000007629395 27.8999996185303 27.1000003814697 27.1000003814697 27.1000003814697 27 26.8999996185303 27 26.8999996185303 27 26.8999996185303 26.8999996185303
-3.4e+38 12.8999996185303 13.3999996185303 13.1000003814697 10.6000003814697 7.80000019073486 6.5 2.59999990463257 1.5 -2.40000009536743 3.09999990463257 7.59999990463257 8.69999980926514 9.69999980926514 8.10000038146973 13.5 17.2999992370605 20.3999996185303 20.2000007629395 21.3999996185303 13.8999996185303 17.7999992370605 23 25 24.1000003814697 20.1000003814697 24.3999996185303 26.7999992370605 27.1000003814697 26.7999992370605 22.3999996185303 21.2000007629395 25.3999996185303 26.8999996185303 23.3999996185303 25 26.3999996185303 26.7000007629395 27.3999996185303 28 28.5 28.7999992370605 28.8999996185303 28.7999992370605 27.7000007629395 27.2999992370605 27 27 26.8999996185303 26.8999996185303 26.7999992370605 26.7999992370605 26.7999992370605 26.7999992370605 26.7000007629395
12.3999996185303 11 11.6999998092651 11.6999998092651 10.3999996185303 8.89999961853027 6.69999980926514 2.70000004768372 2.09999990463257 -1.10000002384186 6.09999990463257 6.40000009536743 10.3000001907349 11 10.1000003814697 14.3999996185303 18.1000003814697 20.2000007629395 21.8999996185303 22.5 13.3999996185303 16.8999996185303 20.2000007629395 24.8999996185303 19.1000003814697 15.1999998092651 24.2000007629395 26.1000003814697 26.6000003814697 25.2000007629395 23.2000007629395 26.2000007629395 27.2000007629395 26.2999992370605 23.7999992370605 25.6000003814697 26.7999992370605 27.7999992370605 28.3999996185303 28.3999996185303 28.6000003814697 28.8999996185303 28.8999996185303 28.7999992370605 28.5 27.3999996185303 27 26.8999996185303 26.7999992370605 26.7999992370605 26.7000007629395 26.6000003814697 26.6000003814697 26.6000003814697 26.5
12.6000003814697 11.3999996185303 11.6999998092651 10.6000003814697 7.80000019073486 7.69999980926514 7.80000019073486 5.5 2.5 -1.39999997615814 6.09999990463257 8.19999980926514 11.5 10.6999998092651 11.3000001907349 13 13.5 18.8999996185303 23.2999992370605 21.5 11.6000003814697 10.6000003814697 20.3999996185303 25.3999996185303 17.2999992370605 15.5 23.8999996185303 24.7000007629395 26.1000003814697 26.5 27.2000007629395 27.5 27.5 26.8999996185303 23.6000003814697 26.1000003814697 28.2999992370605 28.6000003814697 28.6000003814697 28.5 28.7999992370605 28.8999996185303 28.7999992370605 28.7000007629395 28.6000003814697 27.7999992370605 26.7999992370605 26.7000007629395 26.7000007629395 26.6000003814697 26.6000003814697 26.6000003814697 26.6000003814697 26.5 26.5
12.5 11.1999998092651 11.1999998092651 9.60000038146973 6.80000019073486 5.40000009536743 3.59999990463257 3.59999990463257 -0.600000023841858 -1.5 6.59999990463257 9.10000038146973 11.1000003814697 12.6000003814697 9.69999980926514 15.8000001907349 14.5 20.2999992370605 23.7999992370605 21.2000007629395 11.1999998092651 10.3999996185303 21.2000007629395 25.6000003814697 19.3999996185303 20.7999992370605 22.3999996185303 24 27 27.3999996185303 27.5 27.6000003814697 27.7000007629395 28 25.2000007629395 27.2999992370605 28.6000003814697 28.7000007629395 28.6000003814697 28.7000007629395 29 28.8999996185303 28.7000007629395 28.5 28.1000003814697 27 26.6000003814697 26.6000003814697 26.6000003814697 26.5 26.5 26.5 26.3999996185303 26.3999996185303 26.3999996185303
13.1000003814697 11.3000001907349 11.5 9.5 5.40000009536743 2.70000004768372 -0.400000005960464 -1.29999995231628 -1.89999997615814 -1.39999997615814 8.19999980926514 8.89999961853027 11 12.3999996185303 11.3000001907349 19.1000003814697 20.3999996185303 20.1000003814697 23.7999992370605 22.6000003814697 18 17.3999996185303 24 26.1000003814697 22.5 22.7000007629395 22.6000003814697 26.6000003814697 27.2000007629395 27.3999996185303 27.6000003814697 27.7999992370605 28.2999992370605 29.3999996185303 27.3999996185303 28.2999992370605 28.7000007629395 28.7000007629395 28.5 28.7000007629395 28.8999996185303 28.7999992370605 28.6000003814697 27.8999996185303 27.3999996185303 25.7000007629395 25.8999996185303 26.1000003814697 26.3999996185303 26.3999996185303 26.6000003814697 26.3999996185303 26.2999992370605 26.2999992370605 26.2999992370605
13.1000003814697 12.3000001907349 11.6000003814697 9.39999961853027 4.59999990463257 1.70000004768372 2.20000004768372 -1.89999997615814 -2.09999990463257 -2.70000004768372 4.40000009536743 9.19999980926514 12.8000001907349 12.3999996185303 12.3000001907349 19.8999996185303 23.1000003814697 21.5 24.2000007629395 23.8999996185303 22.6000003814697 19.5 23.8999996185303 26.3999996185303 25.6000003814697 21.1000003814697 25.2000007629395 27.1000003814697 27.2999992370605 27.5 27.5 28.6000003814697 29.2999992370605 29.3999996185303 28.7000007629395 28.6000003814697 28.7999992370605 28.7999992370605 28.7999992370605 28.5 28.8999996185303 28.7999992370605 28.3999996185303 27.6000003814697 26.7999992370605 25.3999996185303 25.5 25.8999996185303 26.6000003814697 26.6000003814697 26.2999992370605 26.2999992370605 26.2000007629395 26.2000007629395 26.2000007629395
12.5 10.5 10.6000003814697 8.5 4.5 -0.699999988079071 -0.5 -0.699999988079071 -3.40000009536743 -3 -0.600000023841858 -0.200000002980232 13.5 10.5 12.5 17.7999992370605 23.6000003814697 24.1000003814697 24.7000007629395 24.5 23.5 20.6000003814697 20.2000007629395 26.2999992370605 26.5 22.7999992370605 26.2999992370605 27.2000007629395 27.3999996185303 27.6000003814697 28.2999992370605 29.2000007629395 28.6000003814697 29.1000003814697 29.2000007629395 29 28.8999996185303 28.8999996185303 28.7999992370605 28.2999992370605 28.7000007629395 28.6000003814697 27.8999996185303 26.7999992370605 25.8999996185303 25.2000007629395 25 26.3999996185303 26.6000003814697 27.1000003814697 26.8999996185303 26.5 26.5 26.3999996185303 26.2000007629395
12.6999998092651 11.8999996185303 10.6000003814697 8.69999980926514 4.40000009536743 3.29999995231628 -1.29999995231628 -2.40000009536743 -3.40000009536743 -1.89999997615814 -2.5 2.70000004768372 13.1999998092651 13.8000001907349 12.3999996185303 16.5 20.1000003814697 24.7999992370605 24.6000003814697 24.6000003814697 23.7999992370605 22.2000007629395 19.1000003814697 22.7999992370605 26.5 24 26.7000007629395 27.5 28 28.6000003814697 29.2999992370605 29.1000003814697 28.3999996185303 28.7999992370605 29.1000003814697 29 28.8999996185303 28.7999992370605 28.7000007629395 28.2999992370605 28.2999992370605 28.2999992370605 27.2000007629395 25.7999992370605 25.1000003814697 25.1000003814697 25.7999992370605 27.2000007629395 27.6000003814697 27.6000003814697 27.6000003814697 26.7000007629395 26.8999996185303 27.2999992370605 27.2000007629395
