G_Variables/Set_1/Current/PC07.asc
NCOLS 271 
NROWS 235 
XLLCORNER -74 
YLLCORNER -33.8333333333333 
CELLSIZE 0.166666666666667 
NODATA_value -9999 
[rows 36 to 71 of 235, columns 82 to 163 of 271]
1769 1769 609 609 609 609 609 609 609 609 103 103 103 2440 2440 2440 2440 2440 2440 2440 2440 2440 2440 2440 2780 2780 2780 2780 2780 2780 4940 4940 4940 4940 561 561 561 561 1093 1093 1093 1093 1093 1093 1093 1093 1093 427 427 427 1169 1169 1346 1346 1346 5082 5082 5082 5082 1666 1666 1666 1666 1666 1666 2841 175 816 816 344 344 120 945 626 567 911 441 210 521 521 -9999 -9999
1769 1769 1769 609 609 609 609 609 609 609 1316 103 103 103 103 2440 2440 2440 2440 2440 2440 2440 2440 2440 2440 2780 2780 2780 2780 2780 4940 4940 4940 4940 561 561 561 561 1093 1093 1093 1093 1093 1093 1093 1093 1093 264 264 264 264 264 1346 1346 1346 5082 5082 5082 5082 1666 1666 1666 1666 1666 1666 2841 2841 2841 816 816 344 344 465 945 567 911 441 1756 521 388 3072 4538
1769 1769 1769 1769 609 609 609 609 609 609 609 1316 103 103 103 103 2440 2440 2440 2440 2440 2440 2440 2440 2440 2440 2780 2780 2780 2780 4940 4940 4940 4940 561 561 561 561 561 1211 1093 1093 1093 1093 1093 1093 1093 1093 264 264 264 264 1346 1346 1346 5082 5082 5082 5082 5082 5082 5082 1666 1666 1666 2484 2484 2841 816 816 816 601 883 883 1117 686 2126 906 718 920 3072 4538
1769 1769 1769 1769 1769 1769 408 609 609 609 609 609 1316 1316 103 103 103 2440 2440 2440 2440 2440 2440 2440 2440 2440 2780 2780 2780 2780 4940 4940 4940 4940 561 561 561 561 561 1211 1211 1093 1093 1093 1093 1093 1093 1093 1093 1093 1093 1346 1346 1346 1346 1759 1759 5082 5082 5082 5082 5082 2382 1666 2382 2484 2484 2841 2841 2841 601 287 447 1213 1117 686 2126 906 718 3072 4538 4538
1769 1769 1769 1769 1769 408 408 408 609 609 609 609 1316 1316 1316 103 103 103 2440 2440 2440 2440 2440 2440 2440 2440 2440 2440 2780 2780 4940 4940 4940 4940 561 561 561 561 561 1211 1211 1093 1093 1093 1093 1093 1093 1093 1093 1093 1346 1346 1346 1346 1759 1759 1759 5082 5082 5082 2941 2941 2941 2941 2382 2484 2484 2841 2841 2841 3120 601 211 1213 534 1117 1217 1086 1086 1159 1131 4538
1769 1769 1769 1769 1769 1769 1769 408 408 408 609 609 609 1316 1316 1316 103 103 103 103 2440 2440 2440 2440 2440 2440 2440 2440 2780 2780 495 4940 4940 4940 4940 4940 561 561 561 1211 1211 1211 1093 1093 1093 1093 1584 1584 1584 1346 1346 1346 1346 1759 1759 1759 1759 1759 5082 5082 2941 2941 2941 2941 2382 2484 2484 2484 9410 3120 3120 6373 2955 2955 2955 2250 2250 2250 1159 2418 1131 4241
1769 1769 1769 1769 1769 1769 1769 408 408 408 408 609 609 609 1316 1316 1316 1316 1316 103 103 103 572 2440 2440 2440 2440 2440 2780 2780 2780 495 4940 4940 4940 4940 561 561 561 1211 1211 1211 1093 1093 1584 1584 1584 1584 1584 1584 1346 1759 1759 1759 1759 1759 1759 1759 1759 5082 2941 2941 2941 2941 2382 3813 3813 9410 9410 9410 5831 6373 6373 2955 1183 3151 3151 2356 2418 2418 1131 4241
1769 1769 1769 1769 1769 1769 1769 408 408 408 408 408 609 609 1316 1316 1316 1316 1316 1316 103 103 572 572 572 2440 2440 2780 2780 2780 2780 495 4940 4940 4940 561 561 561 561 1211 1211 1211 1211 1584 1584 1584 1584 1584 1584 1584 1584 1759 2348 2348 2348 2348 2348 2348 2348 1759 1468 1468 3725 3725 3813 3813 3863 3863 9410 5831 5831 6373 6373 6373 1183 3151 802 2356 2356 2211 1131 4241
1943 1943 1769 1769 1769 1769 1769 408 408 408 408 408 408 609 609 1316 1316 1316 1316 1316 1316 1316 572 572 1316 1486 1486 1486 2780 2780 2780 495 4940 4940 7379 561 561 561 1211 1211 1211 1211 1584 1584 1584 1584 1584 1584 1584 1584 2348 2348 2348 2348 2348 2348 2348 2348 2348 1468 1468 1468 3725 3725 12889 12889 12889 3863 5831 5831 6373 6373 6373 6373 3151 2364 2364 2418 2418 2211 1131 1378
1943 1943 1004 1004 1004 1769 1769 408 408 408 408 408 408 408 609 609 1316 1316 1316 1316 1316 1316 1316 1316 1486 1486 1486 1486 7379 7379 7379 7379 7379 7379 7379 561 561 561 1211 1211 1211 1211 1211 1584 1584 1584 1584 1584 1584 1584 2348 2348 2348 2348 2348 2348 2348 2348 2348 1468 1468 1468 3725 3725 12889 12889 3863 5831 5831 5831 6373 6373 3050 3050 2364 2364 2364 2418 2418 2211 1378 1378
1943 1943 1004 1004 1004 1004 1769 226 226 226 226 226 408 408 408 609 609 609 2742 2742 1316 2742 2742 1486 1486 1486 1486 7379 7379 7379 7379 7379 7379 7379 7379 7379 1211 1211 1211 1211 1211 1211 1584 1584 1584 1584 1584 1584 1584 1584 1584 2348 2348 2348 2348 2348 2348 2348 2348 2348 1468 3725 3725 3725 12889 12889 3863 5831 5831 6373 6373 3050 3050 3050 2151 2151 2151 2418 2418 1378 1378 1446
1943 1943 1004 1004 1004 1004 1004 2442 226 226 226 226 226 408 408 609 531 2742 2742 2742 2742 2742 2742 1486 1486 1486 7379 7379 7379 7379 7379 7379 506 7379 7379 7379 1211 1211 1211 1211 1211 1211 1211 1584 1584 1584 1584 1584 1584 1584 2224 2348 2348 2348 2348 2348 2348 2348 2348 2348 2348 1468 3725 3725 1480 1480 5831 5831 5831 939 939 3050 3050 3050 2151 1446 2151 2151 1378 1378 1446 1446
1943 1943 1943 1004 1004 1004 2442 2442 502 502 502 502 502 226 609 531 531 1579 1579 1579 2742 2742 2742 1486 1486 1486 7379 7379 7379 7379 7379 506 506 7379 7379 7379 7379 1211 1211 1211 1211 1211 1211 3457 1855 1855 1855 1584 1584 1584 2224 2348 2348 2348 2348 2348 2348 2348 2348 2348 2348 1468 3725 2820 2820 5831 5831 5831 939 939 939 3050 3050 3050 2151 1446 2151 2151 1378 1446 1446 1446
1943 1943 1943 1943 1004 2442 2442 2442 2442 502 502 502 502 531 531 531 1119 1579 1579 1579 2742 2742 1486 1486 1486 7379 7379 7379 7379 7379 7379 506 506 7379 7379 7379 7379 3993 3993 3457 3457 3457 3457 3457 3457 1855 1855 1855 1075 1075 2224 2224 2403 2403 2348 2348 2348 2348 2348 2348 2348 1468 1468 2820 2820 5831 5831 5831 939 939 939 3050 3050 2151 2151 1446 1446 1446 1446 1446 1446 1446
1399 1943 1943 1842 1943 1943 2442 2442 2442 2442 2442 2442 502 531 1119 1119 1119 1579 1579 1579 2742 2742 1486 1486 1486 7379 7379 7379 7379 7379 7379 506 506 7379 7379 7379 7379 7379 3993 3993 3457 3457 3457 3457 3457 1855 1855 1855 3896 1075 1075 2224 2403 2403 2403 2348 2348 2348 2348 2348 2348 2348 1468 2820 5831 5831 5831 5831 939 939 939 3050 2151 2151 1446 1446 1446 1446 1446 1446 1446 1446
1399 1399 1399 1842 1842 1842 1842 2442 2442 2442 2442 2442 2442 2442 1119 1779 1119 1579 1579 1579 2742 1486 1486 1486 7379 7379 7379 1151 1151 1151 1151 1151 506 7379 7379 7379 7379 3993 3993 3993 3993 3457 3457 3457 3457 1855 1855 3896 3896 1075 1075 1075 2403 2403 2403 4422 4422 2348 2348 2348 2348 2348 2820 2820 2820 5831 5831 5831 939 939 2151 2151 1446 1446 1446 1446 1446 1446 1446 1446 1446 536
2291 2291 2291 2291 1842 1842 2583 2583 2583 2442 2442 2442 2442 1779 1779 1779 1779 1119 1579 1579 1579 1151 1151 1151 1151 1151 1151 1151 1151 1151 1151 506 506 7379 2722 2722 3993 3993 3993 3993 3993 3457 3457 3457 3457 3457 1855 3896 3896 3896 1075 2403 2403 2403 2403 4422 4422 2348 2348 4422 4422 4422 4422 2820 2490 2490 2490 2490 2151 1446 1446 1446 1446 1446 1446 1446 1446 1446 1446 1446 536 536
2291 2291 2291 2583 2583 2583 2583 2583 1392 2442 2442 2442 1779 1779 1779 1779 1779 1779 1579 1579 1151 1151 1151 1151 1151 1151 1151 1151 1151 1151 1151 506 506 2722 2722 2722 3993 3993 3993 3993 3993 3993 3993 3457 3457 1855 1855 3896 3896 2224 2224 2224 2403 2403 2403 4422 4422 4422 4422 4422 4422 4422 4422 2820 2490 2490 2490 2490 1357 1446 1446 1446 1446 1446 1446 1446 1246 1246 1246 1446 536 536
2291 2291 2291 2583 2583 2583 2583 2583 1392 1392 1392 1392 1779 1779 1779 1779 1779 1779 1779 1779 1597 1151 1151 1151 1151 1151 1151 1151 1151 1151 1151 506 2722 2722 2722 2722 2722 3993 3993 3993 3993 3993 3993 1855 1855 1855 1855 3896 2224 2224 2224 2224 2224 2403 2403 4422 4422 4422 4422 4422 4422 4422 1410 1410 2490 2490 1357 1357 1357 1357 1446 1446 1446 1446 1246 1246 1246 1246 1246 1246 536 536
2291 2291 2291 2583 2583 2583 2583 1392 1732 1392 1392 1779 1779 1779 1779 1779 1779 1779 1779 1779 1597 1151 1151 1151 1151 1151 1151 1151 1151 1151 2660 506 2660 2722 2722 2722 2722 3993 3993 3993 3993 3993 3896 3896 3896 3896 3896 3896 2224 2224 2224 2224 2224 2224 4422 4422 4422 5424 4422 4422 4422 4422 1410 1410 2490 2490 2490 1357 1357 1357 1357 1357 567 567 1246 1246 1246 1246 1246 655 536 1044
2291 2583 2583 2583 1732 1732 1732 1732 1732 1732 1392 1392 1779 1779 1779 1779 1779 1779 1779 1597 1597 1597 1151 1151 1151 1597 1597 1597 2660 1151 2660 2660 2660 2722 2722 2722 2722 2722 3993 3993 3993 3896 3896 3896 3896 3896 3896 3896 3896 3896 2224 2224 2224 2403 2403 4422 4422 4422 5424 5424 5424 5424 5424 5424 1357 1357 1357 2490 1357 1357 1357 1850 567 567 567 567 1246 1246 655 655 536 1044
2583 2583 1732 1732 1732 1732 1732 1732 1732 1732 1392 1392 1392 1779 1779 1779 1779 1779 1779 1597 1597 1597 1151 1597 1597 1597 1597 2660 2660 2660 2660 2660 2660 2722 2722 2722 2722 3896 3896 3896 3896 3896 3896 3896 3896 3896 3896 3896 3896 3896 2224 2224 2224 2224 2403 2403 4422 5424 5424 5424 5424 5424 5424 5424 5424 1357 1357 1357 1357 1850 1850 1850 1850 567 567 567 567 567 655 1617 1044 1044
1732 1732 1732 1732 1732 1732 1732 1732 1732 1732 1392 1392 1732 1779 1779 1779 1779 1779 1597 1597 1597 1597 1597 1597 1597 1597 1597 1597 2660 2660 2660 2660 2660 2722 3896 3896 3896 3896 3896 3896 3896 3896 3896 3896 3896 3896 3896 3896 3896 3896 3896 3896 2224 2224 2403 2403 2403 5424 5424 5424 5424 5424 5424 5424 5424 1357 1357 731 1850 1850 1850 1850 1850 1850 567 567 567 655 655 1617 1044 781
1732 1732 1732 1732 1732 1732 1732 1732 1732 1732 1732 1732 1732 1779 1779 1779 1779 1779 1597 1597 1597 1597 1597 1597 726 1597 726 1597 1597 2660 2660 2660 3896 3896 3896 3896 3896 3896 3896 3896 3896 3896 3896 3896 3896 3896 3896 3896 3896 3896 2224 2224 2224 2224 2403 2403 2403 5424 5424 5424 5424 5424 5424 5424 5424 731 731 731 1850 1850 1850 1850 1850 1850 1850 567 655 655 655 1617 781 781
1732 1732 1732 1732 1732 1732 1732 1732 1732 1732 1732 1732 1779 1779 1779 1779 1779 1597 1597 1597 1597 1597 1597 726 726 1597 726 726 726 3896 3896 3896 3896 3896 3896 3896 3896 3896 3896 3896 3896 3896 3896 3896 3896 3896 3896 3896 3896 2224 2224 2224 2224 2224 2403 2403 5424 5424 5424 5424 5424 5424 5424 5424 5424 1428 731 731 1850 1294 1850 1850 1850 1850 1617 1617 1617 1617 1617 1617 781 781
1732 1732 1006 1732 1732 1732 1732 1732 1732 1732 1732 1732 1779 1779 1779 1779 1779 1597 1597 1597 1597 1597 1597 726 726 726 726 726 726 3896 3896 3896 3896 3896 3896 3896 3896 3896 3896 3896 3896 3896 3896 3896 3896 3896 3896 3896 3896 3896 2224 2224 2224 2403 2403 2403 2403 5424 5424 5424 3318 3318 3318 3318 3318 3318 1428 1428 1294 1294 1294 186 186 698 816 1617 1617 1617 1617 1617 2305 2305
1006 1006 1006 1732 1732 1732 1732 1732 1732 1732 1732 1779 1779 1779 1779 1779 1597 1597 1597 1597 1597 1597 1597 726 726 726 726 726 726 726 3896 3896 3896 3896 3896 3896 3896 3896 3896 3896 3896 3896 3896 3896 3896 3896 3896 3896 3896 3896 2224 2224 2224 2224 2403 2403 2403 5424 5424 3318 3318 3318 3318 3318 3318 3318 1428 5305 1294 1294 1294 186 236 698 816 816 816 508 1617 679 679 2305
1006 1006 1006 1006 1732 1732 1732 1732 1732 1732 1779 1779 1779 1779 1779 1779 1597 1597 1597 1597 1597 1597 726 726 726 726 726 726 3896 3896 3896 3896 3896 3896 3896 3896 3896 3896 3896 3896 3896 3896 3896 3896 3896 3896 6375 6375 3896 3896 6375 6375 6375 6375 6375 6375 6375 5305 5305 3318 3318 3318 3318 3318 3318 3318 1428 5305 1294 1294 236 277 277 698 330 709 709 709 508 509 509 2305
1006 1006 1006 1006 1732 1732 1732 1732 1732 1779 1779 1779 1779 1779 1779 1597 1597 1597 1597 1597 1597 1597 726 726 726 726 1597 726 726 3896 3896 3896 3896 3896 3896 3896 3896 3896 3896 3896 3896 3896 3896 3896 3896 3896 6375 6375 6375 6375 6375 6375 6375 6375 6375 6375 6375 5305 5305 5305 5305 5305 3318 3318 3318 3318 5305 5305 1220 1220 2295 1220 2114 214 421 190 709 679 509 509 588 2305
1006 1006 1006 1006 1006 1732 1732 1732 1732 1779 1779 1779 1779 1779 1779 434 434 1597 1597 1597 1597 1597 1597 726 726 726 1597 1597 1597 1597 3896 3896 3896 3896 3896 3896 3896 3896 3896 3896 3896 3896 3896 3896 3896 3896 6375 6375 6375 6375 6375 6375 6375 6375 6375 6375 5305 5305 5305 5305 5305 5305 5305 5305 5305 5305 5305 5305 1016 1016 1016 608 608 2114 421 323 280 214 214 588 2305 2305
1006 1006 1006 1006 1732 1732 1732 1732 1732 1779 1779 1779 1779 1779 434 434 434 434 1597 1597 1597 1597 1597 1597 1597 1597 1597 1597 1597 1597 1597 3896 3896 3896 3896 3896 3896 3896 3896 3896 3896 3896 3896 3896 6375 6375 6375 6375 6375 6375 6375 6375 6375 6375 6375 6375 5305 5305 5305 5305 5305 5305 5305 5305 5305 5305 5305 5305 5305 1016 608 608 2114 2114 2114 323 475 314 314 717 -9999 2305
1006 1006 1006 1006 1006 1732 1732 1732 1732 1779 1779 1779 1779 1779 434 434 434 434 434 434 1597 1597 1597 1597 1597 1597 1597 1597 1597 1597 1597 1597 3896 3896 3896 3896 3896 3896 3896 3896 3896 3896 3896 6375 6375 6375 6375 6375 6375 6375 6375 6375 6375 6375 6375 5305 5305 5305 5305 1297 1297 1297 1297 5305 312 2600 2600 2600 2600 1213 608 433 433 399 2114 399 475 423 423 717 717 271
1006 1006 1006 1006 1006 1006 1732 1732 1732 1779 1779 1779 1779 1779 434 434 434 434 434 434 434 434 1597 1597 1597 1597 1597 1597 1597 1597 3896 3896 3896 3896 3896 3896 3896 3896 3896 3896 3896 3896 6375 6375 6375 6375 6375 6375 6375 6375 6375 6375 6375 6375 5305 5305 1297 1297 1297 1297 1297 1297 1297 312 312 2600 2600 2600 1213 1213 1213 433 374 399 201 201 304 423 423 691 691 691
1006 1006 1006 1006 1006 1006 1732 1732 1732 1779 1779 1779 1779 434 434 434 434 434 434 434 434 434 1597 1597 1597 1597 1597 1597 1597 1597 3896 3896 3896 3896 3896 3896 3896 3896 3896 3896 3896 3896 6375 6375 6375 6375 6375 6375 6375 6375 6375 6375 6375 6375 6375 1297 1297 1297 1297 1148 1148 1148 1148 312 312 2600 2600 1213 1213 1213 1213 374 374 374 187 215 220 220 207 953 953 1058
1006 1006 1006 1006 1006 1006 1732 1091 1091 1779 1779 1779 1779 434 434 434 434 434 434 434 434 1597 1597 1597 1597 1597 1597 1318 1318 1597 1597 3896 3896 3896 3896 3896 3896 3896 3896 3896 3896 3896 3896 6375 6375 6375 6375 6375 6375 6375 6375 6375 6375 6375 6375 1297 1614 1297 1297 1148 1148 1148 1148 1148 312 2600 1334 1334 1334 1334 1213 464 490 374 158 187 169 953 953 1058 1058 1058
1006 1006 1732 1732 1732 1732 1091 1091 1091 1779 1779 1779 434 434 434 434 434 434 434 434 434 1597 1597 1597 1597 1597 1318 1318 1318 1318 1597 3896 3896 3896 3896 3896 3896 3896 3896 3896 3896 6375 6375 6375 6375 6375 6375 6375 6375 6375 6375 6375 6375 6375 6375 1207 1614 1614 1614 1614 1148 1614 1148 1148 312 918 1334 1334 1334 1334 464 464 430 490 294 546 546 1327 1327 1058 1058 271
