G_Variables/Set_1/Current/PC07.asc
NCOLS 271 
NROWS 235 
XLLCORNER -74 
YLLCORNER -33.8333333333333 
CELLSIZE 0.166666666666667 
NODATA_value -9999 
[rows 36 to 71 of 235, columns 164 to 245 of 271]
-9999 -9999 -9999 -9999 -9999 -9999 -9999 -9999 -9999 -9999 -9999 -9999 -9999 -9999 -9999 -9999 -9999 -9999 -9999 -9999 -9999 -9999 -9999 -9999 -9999 -9999 -9999 -9999 -9999 -9999 -9999 -9999 -9999 -9999 -9999 -9999 -9999 -9999 -9999 -9999 -9999 -9999 -9999 -9999 -9999 -9999 -9999 -9999 -9999 -9999 -9999 -9999 -9999 -9999 -9999 -9999 -9999 -9999 -9999 -9999 -9999 -9999 -9999 -9999 -9999 -9999 -9999 -9999 -9999 -9999 -9999 -9999 -9999 -9999 -9999 -9999 -9999 -9999 -9999 -9999 -9999 -9999
-9999 -9999 4241 -9999 -9999 -9999 -9999 -9999 -9999 -9999 -9999 -9999 -9999 -9999 -9999 -9999 -9999 -9999 -9999 -9999 -9999 -9999 -9999 -9999 -9999 -9999 -9999 -9999 -9999 -9999 -9999 -9999 -9999 -9999 -9999 -9999 -9999 -9999 -9999 -9999 -9999 -9999 -9999 -9999 -9999 -9999 -9999 -9999 -9999 -9999 -9999 -9999 -9999 -9999 -9999 -9999 -9999 -9999 -9999 -9999 -9999 -9999 -9999 -9999 -9999 -9999 -9999 -9999 -9999 -9999 -9999 -9999 -9999 -9999 -9999 -9999 -9999 -9999 -9999 -9999 -9999 -9999
3531 3531 4241 4241 -9999 -9999 -9999 -9999 -9999 -9999 -9999 -9999 -9999 -9999 -9999 -9999 -9999 -9999 -9999 -9999 -9999 -9999 -9999 -9999 -9999 -9999 -9999 -9999 -9999 -9999 -9999 -9999 -9999 -9999 -9999 -9999 -9999 -9999 -9999 -9999 -9999 -9999 -9999 -9999 -9999 -9999 -9999 -9999 -9999 -9999 -9999 -9999 -9999 -9999 -9999 -9999 -9999 -9999 -9999 -9999 -9999 -9999 -9999 -9999 -9999 -9999 -9999 -9999 -9999 -9999 -9999 -9999 -9999 -9999 -9999 -9999 -9999 -9999 -9999 -9999 -9999 -9999
3531 4241 4241 379 379 226 -9999 -9999 -9999 -9999 -9999 -9999 -9999 -9999 -9999 -9999 -9999 -9999 -9999 -9999 -9999 -9999 -9999 -9999 -9999 -9999 -9999 -9999 -9999 -9999 -9999 -9999 -9999 -9999 -9999 -9999 -9999 -9999 -9999 -9999 -9999 -9999 -9999 -9999 -9999 -9999 -9999 -9999 -9999 -9999 -9999 -9999 -9999 -9999 -9999 -9999 -9999 -9999 -9999 -9999 -9999 -9999 -9999 -9999 -9999 -9999 -9999 -9999 -9999 -9999 -9999 -9999 -9999 -9999 -9999 -9999 -9999 -9999 -9999 -9999 -9999 -9999
4241 4241 4241 379 273 226 433 1895 -9999 -9999 -9999 -9999 -9999 -9999 -9999 -9999 -9999 -9999 -9999 -9999 -9999 -9999 -9999 -9999 -9999 -9999 -9999 -9999 -9999 -9999 -9999 -9999 -9999 -9999 -9999 -9999 -9999 -9999 -9999 -9999 -9999 -9999 -9999 -9999 -9999 -9999 -9999 -9999 -9999 -9999 -9999 -9999 -9999 -9999 -9999 -9999 -9999 -9999 -9999 -9999 -9999 -9999 -9999 -9999 -9999 -9999 -9999 -9999 -9999 -9999 -9999 -9999 -9999 -9999 -9999 -9999 -9999 -9999 -9999 -9999 -9999 -9999
4241 4241 4241 379 210 433 1895 1895 -9999 173 443 -9999 -9999 -9999 -9999 -9999 -9999 -9999 -9999 -9999 -9999 -9999 -9999 -9999 -9999 -9999 -9999 -9999 -9999 -9999 -9999 -9999 -9999 -9999 -9999 -9999 -9999 -9999 -9999 -9999 -9999 -9999 -9999 -9999 -9999 -9999 -9999 -9999 -9999 -9999 -9999 -9999 -9999 -9999 -9999 -9999 -9999 -9999 -9999 -9999 -9999 -9999 -9999 -9999 -9999 -9999 -9999 -9999 -9999 -9999 -9999 -9999 -9999 -9999 -9999 -9999 -9999 -9999 -9999 -9999 -9999 -9999
2028 2028 188 188 210 433 1895 1895 437 498 498 443 -9999 -9999 -9999 -9999 -9999 -9999 -9999 -9999 -9999 -9999 -9999 -9999 -9999 -9999 -9999 -9999 -9999 -9999 -9999 -9999 -9999 -9999 -9999 -9999 -9999 -9999 -9999 -9999 -9999 -9999 -9999 -9999 -9999 -9999 -9999 -9999 -9999 -9999 -9999 -9999 -9999 -9999 -9999 -9999 -9999 -9999 -9999 -9999 -9999 -9999 -9999 -9999 -9999 -9999 -9999 -9999 -9999 -9999 -9999 -9999 -9999 -9999 -9999 -9999 -9999 -9999 -9999 -9999 -9999 -9999
2028 2028 2028 195 197 433 1895 1895 1895 498 498 443 401 -9999 -9999 -9999 -9999 -9999 -9999 -9999 -9999 -9999 -9999 -9999 -9999 -9999 -9999 -9999 -9999 -9999 -9999 -9999 -9999 -9999 -9999 -9999 -9999 -9999 -9999 -9999 -9999 -9999 -9999 -9999 -9999 -9999 -9999 -9999 -9999 -9999 -9999 -9999 -9999 -9999 -9999 -9999 -9999 -9999 -9999 -9999 -9999 -9999 -9999 -9999 -9999 -9999 -9999 -9999 -9999 -9999 -9999 -9999 -9999 -9999 -9999 -9999 -9999 -9999 -9999 -9999 -9999 -9999
2028 2028 536 197 550 550 1895 697 697 1285 707 707 449 -9999 -9999 -9999 -9999 -9999 -9999 -9999 -9999 -9999 -9999 -9999 -9999 -9999 -9999 -9999 -9999 -9999 -9999 -9999 -9999 -9999 -9999 -9999 -9999 -9999 -9999 -9999 -9999 -9999 -9999 -9999 -9999 -9999 -9999 -9999 -9999 -9999 -9999 -9999 -9999 -9999 -9999 -9999 -9999 -9999 -9999 -9999 -9999 -9999 -9999 -9999 -9999 -9999 -9999 -9999 -9999 -9999 -9999 -9999 -9999 -9999 -9999 -9999 -9999 -9999 -9999 -9999 -9999 -9999
2028 536 536 425 427 222 697 697 1285 1285 367 449 1570 1570 -9999 -9999 -9999 -9999 853 -9999 -9999 -9999 -9999 -9999 -9999 -9999 -9999 -9999 -9999 -9999 -9999 -9999 -9999 -9999 -9999 -9999 -9999 -9999 -9999 -9999 -9999 -9999 -9999 -9999 -9999 -9999 -9999 -9999 -9999 -9999 -9999 -9999 -9999 -9999 -9999 -9999 -9999 -9999 -9999 -9999 -9999 -9999 -9999 -9999 -9999 -9999 -9999 -9999 -9999 -9999 -9999 -9999 -9999 -9999 -9999 -9999 -9999 -9999 -9999 -9999 -9999 -9999
1378 536 425 425 427 833 1285 1285 2186 2186 2009 2009 1570 1570 -9999 -9999 -9999 853 853 452 725 -9999 -9999 -9999 -9999 -9999 -9999 -9999 -9999 -9999 -9999 -9999 -9999 -9999 -9999 -9999 -9999 -9999 -9999 -9999 -9999 -9999 -9999 -9999 -9999 -9999 -9999 -9999 -9999 -9999 -9999 -9999 -9999 -9999 -9999 -9999 -9999 -9999 -9999 -9999 -9999 -9999 -9999 -9999 -9999 -9999 -9999 -9999 -9999 -9999 -9999 -9999 -9999 -9999 -9999 -9999 -9999 -9999 -9999 -9999 -9999 -9999
1446 536 536 427 833 833 1285 1420 2186 2186 633 2009 416 817 817 959 1429 1429 853 452 725 725 2457 2457 -9999 -9999 -9999 -9999 -9999 -9999 -9999 -9999 -9999 -9999 -9999 -9999 -9999 -9999 -9999 -9999 -9999 -9999 -9999 -9999 -9999 -9999 -9999 -9999 -9999 -9999 -9999 -9999 -9999 -9999 -9999 -9999 -9999 -9999 -9999 -9999 -9999 -9999 -9999 -9999 -9999 -9999 -9999 -9999 -9999 -9999 -9999 -9999 -9999 -9999 -9999 -9999 -9999 -9999 -9999 -9999 -9999 -9999
536 536 536 536 760 760 1285 3130 2186 1924 1207 416 416 817 817 695 1429 1429 853 452 725 725 2457 2457 947 2396 2396 2266 2266 -9999 -9999 -9999 -9999 -9999 -9999 -9999 -9999 -9999 -9999 -9999 -9999 -9999 -9999 -9999 -9999 -9999 -9999 -9999 -9999 -9999 -9999 -9999 -9999 -9999 -9999 -9999 -9999 -9999 -9999 -9999 -9999 -9999 -9999 -9999 -9999 -9999 -9999 -9999 -9999 -9999 -9999 -9999 -9999 -9999 -9999 -9999 -9999 -9999 -9999 -9999 -9999 -9999
536 536 536 760 760 760 3130 3130 3130 1052 2009 2365 781 166 490 695 1266 1266 853 452 452 2457 2457 947 947 2396 2396 790 2266 1269 3197 489 887 887 2184 2184 2184 1425 1425 5029 2307 -9999 -9999 -9999 -9999 -9999 -9999 -9999 -9999 -9999 -9999 -9999 -9999 -9999 -9999 -9999 -9999 -9999 -9999 -9999 -9999 -9999 -9999 -9999 -9999 -9999 -9999 -9999 -9999 -9999 -9999 -9999 -9999 -9999 -9999 -9999 -9999 -9999 -9999 -9999 -9999 -9999
536 536 760 760 529 529 3130 3130 2692 2012 2012 2365 1662 1608 1608 780 904 1266 1266 892 1370 2457 2457 824 2396 2396 2266 2266 2266 1269 3197 3197 459 2184 4367 4367 4367 2593 2593 5029 2307 3529 3529 -9999 -9999 -9999 -9999 -9999 -9999 -9999 -9999 -9999 -9999 -9999 -9999 -9999 -9999 -9999 -9999 -9999 -9999 -9999 -9999 -9999 -9999 -9999 -9999 -9999 -9999 -9999 -9999 -9999 -9999 -9999 -9999 -9999 -9999 -9999 -9999 -9999 -9999 -9999
536 536 877 877 877 877 877 2795 2795 2692 2692 1662 1662 2131 1608 2131 771 1266 1353 2944 2944 1370 1370 824 824 1684 930 930 1198 1198 527 3197 4367 4367 4367 1377 1377 647 1399 1545 2307 3529 6629 3367 3367 -9999 -9999 -9999 -9999 -9999 -9999 -9999 -9999 -9999 -9999 -9999 -9999 -9999 -9999 -9999 -9999 -9999 -9999 -9999 -9999 -9999 -9999 -9999 -9999 -9999 -9999 -9999 -9999 -9999 -9999 -9999 -9999 -9999 -9999 -9999 -9999 -9999
536 877 877 315 315 315 877 934 934 2149 2149 1260 1662 2131 2131 2131 660 660 1353 2944 1114 1370 1183 1183 1370 1684 930 1464 1622 466 3861 3861 4367 5737 4367 1377 754 2045 3169 3169 3529 6629 6629 3367 1776 591 -9999 -9999 -9999 -9999 -9999 -9999 -9999 -9999 -9999 -9999 -9999 -9999 -9999 -9999 -9999 -9999 -9999 -9999 -9999 -9999 -9999 -9999 -9999 -9999 -9999 -9999 -9999 -9999 -9999 -9999 -9999 -9999 -9999 -9999 -9999 -9999
359 359 1044 1044 1044 1044 1044 1044 934 361 1132 1260 260 1369 1369 1369 1813 1813 4314 4314 1074 1114 2416 2416 892 789 2396 1464 948 948 3861 1449 5737 5737 3652 1271 612 1087 5720 3169 574 6629 6629 1068 1192 1192 1192 -9999 -9999 -9999 -9999 -9999 -9999 -9999 -9999 -9999 -9999 -9999 -9999 -9999 -9999 -9999 -9999 -9999 -9999 -9999 -9999 -9999 -9999 -9999 -9999 -9999 -9999 -9999 -9999 -9999 -9999 -9999 -9999 -9999 -9999 -9999
1044 1044 1044 747 747 747 129 282 201 686 1132 484 595 595 972 972 1813 1813 4314 4314 4314 2946 2416 2416 765 703 646 2295 538 2030 2030 1449 3652 3652 3652 1271 5720 5720 5720 5720 2100 2100 2024 1755 2483 2483 2699 2699 244 -9999 -9999 -9999 -9999 -9999 -9999 -9999 -9999 -9999 -9999 -9999 -9999 -9999 -9999 -9999 -9999 -9999 -9999 -9999 -9999 -9999 -9999 -9999 -9999 -9999 -9999 -9999 -9999 -9999 -9999 -9999 -9999 -9999
1044 1044 1044 747 747 220 282 933 431 686 615 615 568 595 2826 2826 1813 1813 4314 4314 4314 2946 2946 2946 1162 1162 2295 3367 3367 2030 2030 2030 316 2545 1814 1103 1751 1751 764 5720 2100 2100 888 1247 1247 2483 2699 2699 1305 4325 -9999 -9999 -9999 -9999 -9999 -9999 -9999 -9999 -9999 -9999 -9999 -9999 -9999 -9999 -9999 -9999 -9999 -9999 -9999 -9999 -9999 -9999 -9999 -9999 -9999 -9999 -9999 -9999 -9999 -9999 -9999 -9999
1044 1044 837 220 220 220 220 933 431 451 615 568 568 568 2826 2826 1381 1381 4314 4314 974 263 263 3972 1399 3967 3367 3367 3367 2030 753 753 316 1021 1021 1744 1836 1751 4621 4621 5720 2100 888 380 852 1458 3047 3047 637 754 2550 -9999 -9999 -9999 -9999 -9999 -9999 -9999 -9999 -9999 -9999 -9999 -9999 -9999 -9999 -9999 -9999 -9999 -9999 -9999 -9999 -9999 -9999 -9999 -9999 -9999 -9999 -9999 -9999 -9999 -9999 -9999
1044 837 747 220 220 220 413 933 933 900 1964 1964 1964 209 2826 2826 1381 4808 4808 4808 280 974 3972 3972 3967 3967 3967 3967 3460 3460 3460 688 688 2036 2036 2356 1011 4621 4621 4621 4621 5847 5847 5847 1458 1458 258 2983 1753 1383 2550 3365 -9999 -9999 -9999 -9999 -9999 -9999 -9999 -9999 -9999 -9999 -9999 -9999 -9999 -9999 -9999 -9999 -9999 -9999 -9999 -9999 -9999 -9999 -9999 -9999 -9999 -9999 -9999 -9999 -9999 -9999
781 837 837 220 220 220 697 933 710 900 1622 1622 1622 824 824 2826 4808 4808 4808 1362 1362 974 4567 3781 798 1360 1360 657 3460 3460 3644 3644 3644 1684 1684 2356 2356 2683 4621 4621 4621 4621 5847 5847 5847 5847 2189 2757 2757 2506 3365 3365 596 -9999 -9999 -9999 -9999 -9999 -9999 -9999 -9999 -9999 -9999 -9999 -9999 -9999 -9999 -9999 -9999 -9999 -9999 -9999 -9999 -9999 -9999 -9999 -9999 -9999 -9999 -9999 -9999 -9999
781 837 837 220 382 382 710 710 710 1010 496 456 602 719 746 4808 4808 4808 1362 1362 1362 4567 4567 3781 798 3426 692 557 504 902 3644 1327 3644 3282 3282 3282 1992 1992 2683 1139 4621 4621 2251 5847 5847 2235 2235 2757 2506 2506 4738 3365 3055 3055 -9999 -9999 -9999 -9999 -9999 -9999 -9999 -9999 -9999 -9999 -9999 -9999 -9999 -9999 -9999 -9999 -9999 -9999 -9999 -9999 -9999 -9999 -9999 -9999 -9999 -9999 -9999 -9999
781 837 837 220 1402 382 382 1010 1010 2241 2241 2241 456 1521 746 4808 4808 4567 4567 4567 4567 4567 3781 3426 3426 3426 2232 2232 885 1534 1327 1327 3644 2144 2144 1613 1992 2719 1139 2143 4621 6176 1772 1772 1805 4880 4880 1639 1639 4738 4262 4262 904 2648 3055 1156 -9999 -9999 -9999 -9999 -9999 -9999 -9999 -9999 -9999 -9999 -9999 -9999 -9999 -9999 -9999 -9999 -9999 -9999 -9999 -9999 -9999 -9999 -9999 -9999 -9999 -9999
2305 2305 2305 2305 1402 1402 1402 595 1010 2241 1423 1423 738 1521 410 4808 4808 930 930 4567 4567 4567 2544 5171 1668 1668 2232 2232 885 1534 882 1183 1183 2144 1805 1805 1805 2719 2719 2143 6176 6176 1772 1772 1805 4880 4880 4880 998 4738 4738 4262 4262 2648 793 1966 85 -9999 -9999 -9999 -9999 -9999 -9999 -9999 -9999 -9999 -9999 -9999 -9999 -9999 -9999 -9999 -9999 -9999 -9999 -9999 -9999 -9999 -9999 -9999 -9999 -9999
2305 2305 2305 1402 1402 799 799 799 742 742 2459 1146 738 631 410 1023 930 930 4567 4567 4567 4567 2544 5171 1668 1668 573 2232 1534 1718 1718 1183 1183 1183 6457 6457 6457 6457 2719 2143 6176 6176 6848 6848 6848 4880 4880 4880 4738 4738 4738 1888 628 628 793 1966 1966 210 172 172 122 122 -9999 80 219 -9999 -9999 -9999 -9999 -9999 -9999 -9999 -9999 -9999 -9999 -9999 -9999 -9999 -9999 -9999 -9999 -9999
2305 2305 1402 1402 1402 799 932 932 2459 2459 2459 1552 1552 969 1023 229 229 2280 2280 2280 2280 2544 2544 5171 661 661 1936 1936 555 1718 1718 1183 1183 1183 6457 6457 6457 3529 3529 3529 6176 6176 6848 6848 6848 6848 1104 1777 4738 4738 730 1597 1888 695 793 1966 1966 854 482 482 192 122 47 80 210 239 1400 1400 -9999 -9999 -9999 -9999 -9999 -9999 -9999 -9999 -9999 -9999 -9999 -9999 -9999 -9999
2305 2305 3216 3216 799 3216 932 2459 2459 2459 1552 1552 334 969 459 1114 1114 1771 1771 2280 2280 2280 870 5171 566 1002 1936 1936 734 1718 1718 1718 1718 2632 6457 6457 6457 3529 3529 3529 4004 4004 2524 6848 6848 6848 1777 1777 1777 1564 1564 1597 1597 2227 695 695 1966 856 856 512 512 389 389 213 888 1400 600 138 -9999 -9999 -9999 -9999 -9999 -9999 -9999 -9999 -9999 -9999 -9999 -9999 -9999 -9999
2305 2305 3216 3216 3216 3216 932 2459 2459 2459 1552 334 334 1219 1219 179 317 1771 1771 1771 1771 2280 463 925 925 1002 1936 734 734 2632 2632 2632 2632 2632 2632 3588 3529 3529 3529 6322 4004 6196 2524 2524 6848 1745 2491 1777 1082 1564 1564 1564 2227 295 396 1195 1195 856 856 502 199 389 389 1079 888 888 387 1288 1288 -9999 -9999 -9999 -9999 -9999 -9999 -9999 -9999 -9999 -9999 -9999 -9999 -9999
271 3216 3216 3216 3216 3216 3216 2459 2459 2459 1552 1552 1552 1219 1219 317 899 899 1771 1771 1771 2044 1489 1489 468 525 293 2632 2632 2632 2632 2632 2632 1254 3588 3513 3513 3529 6322 6322 6196 6196 6196 2504 1745 2491 2491 1777 2698 701 1072 1072 327 2227 396 753 753 125 363 945 199 78 430 110 371 139 746 1192 80 -9999 -9999 -9999 -9999 -9999 -9999 -9999 -9999 -9999 -9999 -9999 -9999 -9999
271 3216 3216 3216 3216 3216 3216 3216 2459 758 758 1552 1198 1198 528 1198 899 899 1012 1012 694 2044 2044 1489 468 525 293 338 268 268 2632 2632 1254 1254 1254 3513 6322 6322 6322 6322 6322 6196 6196 2504 1594 2491 2491 2698 2698 1620 701 93 86 289 396 753 169 169 363 945 945 104 962 536 200 456 424 943 10 -9999 -9999 -9999 -9999 -9999 -9999 -9999 -9999 -9999 -9999 -9999 -9999 -9999
271 3216 3216 3216 3216 3216 3216 758 758 758 758 1552 1566 1566 1198 1198 1258 1258 1012 1012 694 694 2044 457 548 525 1372 1372 564 564 2632 2632 1254 1894 1894 3513 4389 6322 6322 6322 1361 6034 6034 6034 6034 2112 2698 2698 2698 810 411 227 305 203 310 71 298 720 471 471 1938 962 536 536 271 780 523 561 612 -9999 -9999 -9999 -9999 -9999 -9999 -9999 -9999 -9999 -9999 -9999 -9999 -9999
271 3216 3216 1949 3216 758 758 758 758 758 758 1566 1566 1566 1566 1198 1258 1258 1258 1012 694 694 694 1835 929 548 1372 1372 1154 564 1894 1894 1894 1894 1894 4389 4389 6322 1361 1361 1222 1909 6034 3734 2112 3734 1951 6024 6024 278 489 350 349 735 298 90 248 175 780 471 505 505 579 1937 1937 241 386 348 181 64 -9999 -9999 -9999 -9999 -9999 -9999 -9999 -9999 -9999 -9999 -9999 -9999
271 1949 1949 1949 1949 758 758 758 1566 1566 1566 1566 1566 1566 710 668 627 543 195 195 872 694 694 1835 929 929 659 1372 887 1154 1097 1097 1894 1894 1894 4389 4389 4389 2932 2932 1909 2211 2211 2211 3734 6024 6024 6024 6024 696 266 527 374 735 735 1207 136 780 780 355 226 1209 286 1738 147 520 380 809 258 13 -9999 -9999 -9999 -9999 -9999 -9999 -9999 -9999 -9999 -9999 -9999 -9999
271 1949 1949 1949 1949 1566 1566 1566 1566 1566 1566 1566 1566 710 668 668 668 543 543 195 872 872 872 615 680 680 528 704 887 2269 2269 406 1894 1894 1894 3584 2932 2932 2932 2932 1909 2211 2740 2740 4126 2829 3214 6024 620 696 528 1937 296 815 815 442 442 780 444 444 167 1209 793 1738 640 1348 1022 582 834 73 -9999 -9999 -9999 -9999 -9999 -9999 -9999 -9999 -9999 -9999 -9999 -9999
