G_Variables/Set_1/Current/PC07.asc
NCOLS 271 
NROWS 235 
XLLCORNER -74 
YLLCORNER -33.8333333333333 
CELLSIZE 0.166666666666667 
NODATA_value -9999 
[rows 72 to 107 of 235, columns 164 to 245 of 271]
519 1949 1949 1088 589 589 1566 1566 1566 1566 619 239 239 668 668 138 138 250 543 872 872 1382 1382 615 680 539 444 3588 3588 2269 2269 406 520 3584 3584 3584 3584 2932 2932 2932 400 1567 2740 2740 4126 3214 3214 764 1285 1601 1726 521 842 1334 210 458 91 91 278 97 394 1194 353 1484 1484 1645 2020 338 843 1123 -9999 -9999 -9999 -9999 -9999 -9999 -9999 -9999 -9999 -9999 -9999 -9999
1019 519 1088 1088 589 589 589 589 579 579 619 619 239 363 138 217 217 250 250 1382 1382 1382 1382 531 531 3588 3588 3588 510 412 3014 863 131 1628 1908 3584 3584 2676 2676 2676 2643 2643 2401 2401 597 3214 2633 731 1544 1601 796 796 1334 336 232 458 497 569 220 152 260 -9999 550 292 875 1702 120 995 723 1123 191 -9999 -9999 -9999 -9999 -9999 -9999 -9999 -9999 -9999 -9999 -9999
1019 343 343 1088 589 589 589 492 579 579 619 363 363 363 161 217 421 191 191 191 1382 1382 1382 531 1210 1210 3588 3588 3588 597 3014 3014 892 1628 547 547 969 2676 3245 1376 1376 1337 2649 2649 2643 2633 1913 1605 1671 1671 851 851 667 113 363 616 497 99 338 161 1377 960 550 1782 502 1682 1459 1237 1651 1855 1608 -9999 -9999 -9999 -9999 -9999 -9999 -9999 -9999 -9999 -9999 -9999
1515 1515 343 1488 1088 589 589 492 579 579 619 619 363 1220 161 161 853 853 191 191 1382 1382 1382 397 1210 1210 1100 1100 833 541 594 919 919 1183 869 549 1085 3245 3073 3073 3073 1337 2649 2649 2936 1913 1913 3639 3639 670 1231 892 892 654 363 544 1272 516 1033 1033 396 245 1295 2431 2431 1858 946 481 599 1824 908 -9999 -9999 -9999 -9999 -9999 -9999 -9999 -9999 -9999 -9999 -9999
1515 1515 1488 1488 1488 1488 492 579 579 579 363 1220 1220 1220 502 853 502 502 484 484 1476 1476 1476 397 397 397 1100 717 717 541 2166 2166 2637 2637 829 434 7375 7375 1941 3568 3568 2597 2649 2936 4408 4408 1913 3639 1595 1595 555 4004 703 1136 1099 813 2765 1468 541 541 487 487 629 544 3401 1094 837 1372 745 745 836 -9999 -9999 -9999 -9999 -9999 -9999 -9999 -9999 -9999 -9999 -9999
1515 1515 1488 1488 1488 492 579 579 345 345 1220 1220 1220 1220 1220 502 413 413 484 1476 1476 1476 1476 579 397 207 207 717 1555 1555 719 719 2637 1310 2082 2082 7375 7375 1941 3568 3568 2597 2597 2936 2615 1534 1682 3639 1595 581 696 1146 717 1136 1741 2765 2765 525 905 951 487 332 505 1487 1487 1292 871 848 804 232 1546 -9999 -9999 -9999 -9999 -9999 -9999 -9999 -9999 -9999 -9999 -9999
1515 1488 1488 1488 1488 492 492 345 345 345 1220 1220 1220 1220 1220 502 413 493 484 484 857 857 579 590 635 207 807 1636 1555 1717 1717 1273 1406 837 837 2082 7375 7375 5143 3568 3568 553 779 2223 2829 287 2975 2975 282 4229 1280 718 1356 2647 1882 626 1598 334 905 905 396 396 505 475 1048 1903 1044 419 389 57 101 -9999 -9999 -9999 -9999 -9999 -9999 -9999 -9999 -9999 -9999 -9999
655 1488 1488 1488 1488 378 378 345 913 913 913 1220 1220 1220 502 502 413 493 493 647 647 857 590 590 464 635 597 1636 837 1636 700 1406 1406 1406 2476 741 2082 5143 5143 5143 3568 10 10 2223 2223 1988 2975 2975 2975 4229 4229 620 3373 3373 3789 1598 3203 3203 698 698 415 435 435 1584 1336 2442 338 1721 898 898 408 -9999 -9999 -9999 -9999 -9999 -9999 -9999 -9999 -9999 -9999 -9999
655 1488 1488 378 1488 378 378 345 913 913 913 1220 1220 1220 502 494 494 302 493 2160 2160 2160 2160 590 464 1311 597 899 899 837 1196 1406 2476 2476 1153 1153 2030 1937 1937 5143 5143 10 10 457 1988 1988 1243 988 4229 4229 4229 4229 1808 3789 3789 3589 3589 266 347 587 1094 1442 1442 1406 1419 2407 1897 1834 1834 727 242 -9999 -9999 -9999 -9999 -9999 -9999 -9999 -9999 -9999 -9999 -9999
655 1515 1488 378 378 378 345 913 913 913 913 1220 1220 1220 502 494 494 302 302 2160 2160 2160 592 799 464 1311 597 1311 1004 1196 1196 1196 2476 1734 1734 2030 2030 1937 1937 10 10 10 10 1466 1466 1988 1988 2098 988 4229 4229 1808 1808 3789 3789 3589 3589 3589 587 895 2600 1502 1502 1684 1406 1750 1897 2108 1873 1873 -9999 -9999 -9999 -9999 -9999 -9999 -9999 -9999 -9999 -9999 -9999 -9999
1488 1488 1488 378 378 378 345 345 913 913 913 765 765 1220 376 376 376 376 2160 2160 2160 592 592 799 640 640 1311 1311 843 843 1004 1877 1877 1734 1734 3037 3037 3037 1937 4359 4359 4359 1535 1466 1466 1620 1620 2098 2098 2033 2033 1808 2033 1741 1741 3589 2635 737 2600 2600 873 4101 571 2851 1141 1086 341 1839 613 1489 -9999 -9999 -9999 -9999 -9999 -9999 -9999 -9999 -9999 -9999 -9999 -9999
1488 1488 1488 378 378 2030 2030 345 913 913 913 759 765 765 765 376 376 376 2160 2160 592 592 799 799 640 640 640 1876 843 843 1004 1877 1877 3460 3460 3037 3037 1412 1412 4359 4359 4359 1535 4655 1620 1620 1620 1620 2033 2033 2033 2033 2033 1741 1741 1741 5652 5652 1834 915 4101 4101 1029 2851 557 1086 540 571 718 718 -9999 -9999 -9999 -9999 -9999 -9999 -9999 -9999 -9999 -9999 -9999 -9999
1488 1488 378 378 378 2030 2030 2030 913 913 913 759 759 759 765 495 495 495 850 1443 1130 1130 3664 3664 732 732 732 1876 1876 1876 1004 1004 7509 3460 3460 7018 7018 7018 1412 1412 4359 4359 4655 1885 1885 1885 1620 297 2033 2033 1579 3061 2023 2023 1741 1741 2635 5652 1834 4463 2706 1780 1531 1130 557 892 1234 1234 571 -9999 -9999 -9999 -9999 -9999 -9999 -9999 -9999 -9999 -9999 -9999 -9999 -9999
1488 447 447 447 2030 2030 2030 913 913 913 759 759 759 759 435 495 495 850 850 1443 1130 1073 3664 3664 3664 732 732 1876 1876 1876 1876 7509 7509 7509 7509 7018 7018 7018 1412 4359 4359 4655 4655 1885 1885 1172 997 997 997 1579 1579 3061 2023 3260 2877 4232 4232 2635 3060 2031 3055 3055 708 2180 419 354 281 444 1180 -9999 -9999 -9999 -9999 -9999 -9999 -9999 -9999 -9999 -9999 -9999 -9999 -9999
1488 447 447 447 2030 2030 2030 913 913 146 146 146 146 146 146 435 435 850 850 850 1443 1073 1073 3664 860 860 732 1876 1876 1876 7509 7509 7509 7509 7509 7018 7018 7018 7288 7288 4655 4655 4655 4655 1172 996 996 997 997 1498 1579 3061 3260 3260 1692 278 4232 3060 1832 2710 850 1291 1291 1650 1650 751 312 241 158 -9999 -9999 -9999 -9999 -9999 -9999 -9999 -9999 -9999 -9999 -9999 -9999 -9999
447 447 447 447 447 2030 2030 761 146 146 146 146 146 146 146 146 435 850 850 1443 1443 1306 1139 3664 860 1561 1561 732 1876 7509 7509 7509 7509 7509 7509 7509 7018 7018 7288 7288 7288 4655 4655 4655 1172 1172 996 996 997 1498 528 757 863 1745 1692 982 1486 3060 1832 2710 2710 800 420 543 594 558 883 111 -9999 -9999 -9999 -9999 -9999 -9999 -9999 -9999 -9999 -9999 -9999 -9999 -9999 -9999
447 447 447 447 447 2030 2030 761 761 1608 146 624 624 624 146 146 146 850 5178 5260 5260 5260 1149 1149 1561 3713 3713 3713 3713 7509 7509 7509 7509 2248 561 7018 7018 7288 7288 7288 7288 4655 4655 4655 1172 1172 996 996 997 1797 1797 973 973 722 1558 1558 2351 1156 774 2676 3492 337 22 252 73 44 84 -9999 -9999 -9999 -9999 -9999 -9999 -9999 -9999 -9999 -9999 -9999 -9999 -9999 -9999 -9999
535 447 447 447 447 761 761 761 1608 1608 1608 1608 624 624 624 624 576 5178 5178 5260 5260 5260 5260 1149 3713 3713 3713 3713 3713 7509 7509 7509 7509 2248 561 7288 7288 7288 7288 7288 7288 4655 4655 4655 1172 1172 996 997 997 1797 1797 1797 1229 1074 1539 2468 538 1985 1985 2932 1712 460 290 440 599 44 -9999 -9999 -9999 -9999 -9999 -9999 -9999 -9999 -9999 -9999 -9999 -9999 -9999 -9999 -9999 -9999
447 447 447 447 447 245 761 761 1608 1608 1608 429 624 1183 1183 576 576 5178 5178 5178 5178 5178 5178 5178 3713 3713 3713 3713 2248 7509 2248 2248 2248 2248 561 7288 7288 7288 7288 7288 7288 4655 3215 3215 3215 1741 4169 4169 4169 4169 2136 2136 1229 4077 4077 1539 498 3367 3163 1583 2930 1985 337 148 101 -9999 -9999 -9999 -9999 -9999 -9999 -9999 -9999 -9999 -9999 -9999 -9999 -9999 -9999 -9999 -9999 -9999
134 447 447 447 447 245 245 245 761 761 429 429 1040 1183 1183 576 576 576 5178 5178 5178 5178 5178 5178 5178 5178 3713 2248 2248 2248 2248 2248 2248 2248 561 5840 5840 5840 2007 2007 2007 2007 3215 3215 3215 1741 1741 4169 4169 4169 4169 1788 1229 4077 4077 2647 2647 3163 3163 1302 25 529 224 224 -9999 -9999 -9999 -9999 -9999 -9999 -9999 -9999 -9999 -9999 -9999 -9999 -9999 -9999 -9999 -9999 -9999 -9999
134 447 447 447 447 245 245 367 367 367 429 1040 1040 1040 1183 1256 1256 5178 5178 5178 5178 5178 5178 5178 5178 5178 2248 2248 2248 2248 2248 2248 2248 5840 5840 5840 5840 5840 2007 2007 2007 6488 3215 3215 1741 1741 1741 4169 4169 4169 4169 1788 1788 1162 1162 2992 2253 727 467 898 1414 1445 700 700 -9999 -9999 -9999 -9999 -9999 -9999 -9999 -9999 -9999 -9999 -9999 -9999 -9999 -9999 -9999 -9999 -9999 -9999
216 216 216 216 216 216 1352 367 1469 1469 1469 1040 1040 1040 1183 889 1256 5178 5178 2211 5178 5178 5178 5178 5178 5178 1429 2248 2248 2248 2248 2248 2248 5840 5840 5840 5840 5840 5840 2007 2401 6488 6488 6488 6488 1741 1741 1741 1741 4169 2839 2839 2222 1883 2011 2992 942 1516 358 637 1445 1445 700 -9999 -9999 -9999 -9999 -9999 -9999 -9999 -9999 -9999 -9999 -9999 -9999 -9999 -9999 -9999 -9999 -9999 -9999 -9999
216 216 216 216 216 1352 1352 1469 1469 1469 1469 1040 1040 1040 889 889 1256 2211 2211 2211 2904 2904 5178 5178 5178 2453 1429 2248 2248 2248 2248 2248 5840 5840 5840 5840 5840 5840 5840 1487 2401 3432 6488 6488 6488 5686 5686 5686 4711 1195 1823 2839 2222 1883 917 1847 1415 252 331 983 976 206 -9999 -9999 -9999 -9999 -9999 -9999 -9999 -9999 -9999 -9999 -9999 -9999 -9999 -9999 -9999 -9999 -9999 -9999 -9999 -9999
216 216 216 216 1352 1352 1352 1469 1469 1469 578 1040 1040 1040 889 889 2211 2211 2211 2211 2904 2904 2904 2904 2453 2453 1429 1429 2248 2248 2248 1367 1367 1367 5840 5840 5840 843 843 1487 3432 3579 3579 6488 6488 5686 5686 5686 1754 4711 2480 3249 5088 2852 917 3262 1415 492 859 983 -9999 -9999 -9999 -9999 -9999 -9999 -9999 -9999 -9999 -9999 -9999 -9999 -9999 -9999 -9999 -9999 -9999 -9999 -9999 -9999 -9999 -9999
216 216 216 1352 1352 1352 1352 1352 789 789 789 578 2368 2368 2368 1237 2211 2211 2211 2211 2904 2904 2904 2904 2453 2453 1429 1429 2248 2248 2248 1367 1279 1279 1777 1777 1777 986 986 697 3432 3432 3579 3579 4268 4268 4268 5007 5010 5010 2036 2105 3491 3491 842 3262 371 94 734 -9999 -9999 -9999 -9999 -9999 -9999 -9999 -9999 -9999 -9999 -9999 -9999 -9999 -9999 -9999 -9999 -9999 -9999 -9999 -9999 -9999 -9999 -9999
216 216 1352 1352 1352 1352 1352 1352 1352 1352 789 2368 2368 2368 2368 1237 2904 2904 2904 2904 2904 2904 2453 2453 2453 1429 1429 1429 1765 1765 2038 2471 1279 1279 1279 2294 1777 870 1431 1431 3401 3432 3401 1107 3579 4268 5007 5007 5007 2769 5073 3545 3594 6909 6909 1780 946 114 -9999 -9999 -9999 -9999 -9999 -9999 -9999 -9999 -9999 -9999 -9999 -9999 -9999 -9999 -9999 -9999 -9999 -9999 -9999 -9999 -9999 -9999 -9999 -9999
216 1352 1352 1352 1352 1352 1352 1352 1352 1352 2368 2368 2368 2368 2368 1237 2904 2904 2904 2904 2904 2453 2453 871 871 1429 1429 1994 1765 2038 2038 1347 1542 1542 1542 2294 2294 1035 1597 1597 3401 3401 3401 2589 4779 4779 5007 5007 5007 2769 5073 5073 3545 3594 2555 1844 1780 -9999 -9999 -9999 -9999 -9999 -9999 -9999 -9999 -9999 -9999 -9999 -9999 -9999 -9999 -9999 -9999 -9999 -9999 -9999 -9999 -9999 -9999 -9999 -9999 -9999
1352 1352 1352 1352 1352 1352 1352 1352 1352 1352 2368 2368 2368 2368 1237 1237 1237 2904 2904 2904 2904 2453 2453 871 871 1429 1429 1837 2038 800 1347 1301 2471 2471 1542 1542 2294 2294 2294 2294 3401 3401 2589 2589 5603 4779 4779 5007 3537 3537 5073 5073 3591 3591 983 1844 1780 -9999 -9999 -9999 -9999 -9999 -9999 -9999 -9999 -9999 -9999 -9999 -9999 -9999 -9999 -9999 -9999 -9999 -9999 -9999 -9999 -9999 -9999 -9999 -9999 -9999
453 1352 1352 1352 1352 1352 1352 1352 1352 1628 1628 1628 1913 1913 1237 1237 1913 2904 2904 2904 2904 2453 2453 871 871 871 2207 1837 2432 2432 1301 1301 2471 2471 2471 2074 2074 2074 1080 980 1087 2589 842 1511 5603 4779 1961 2325 3537 2038 4237 5073 3434 1243 1794 1172 -9999 -9999 -9999 -9999 -9999 -9999 -9999 -9999 -9999 -9999 -9999 -9999 -9999 -9999 -9999 -9999 -9999 -9999 -9999 -9999 -9999 -9999 -9999 -9999 -9999 -9999
453 453 453 1352 1628 1628 1628 1628 1628 1628 1628 1628 1913 1913 1913 1660 1660 2904 2904 2904 828 2453 2453 871 871 871 2207 2207 2571 2432 1301 2471 2471 2471 2471 2471 1582 2074 586 2272 1237 592 1124 5603 5603 1589 386 2577 2325 4151 4237 4237 3434 213 213 -9999 -9999 -9999 -9999 -9999 -9999 -9999 -9999 -9999 -9999 -9999 -9999 -9999 -9999 -9999 -9999 -9999 -9999 -9999 -9999 -9999 -9999 -9999 -9999 -9999 -9999 -9999
174 174 2192 2192 2192 2192 1628 1628 1628 1628 1628 1628 1913 1913 1913 1660 1660 1660 2904 2904 1503 828 828 1066 1066 871 1995 1995 2207 444 2227 2227 2471 2471 2471 1582 1582 1710 2316 2316 1483 1237 1677 2509 2509 514 1619 2165 4151 4151 2633 2493 2493 908 908 -9999 -9999 -9999 -9999 -9999 -9999 -9999 -9999 -9999 -9999 -9999 -9999 -9999 -9999 -9999 -9999 -9999 -9999 -9999 -9999 -9999 -9999 -9999 -9999 -9999 -9999 -9999
372 372 372 2192 429 429 2192 2192 2192 2192 1628 1292 1292 1913 1913 1913 1660 1660 2904 1488 1503 2854 828 1640 1640 1066 1995 1995 2458 1866 3116 1086 1086 2471 806 806 1710 1710 2642 2642 1483 6199 1677 2509 891 568 1411 2165 4151 4151 4151 498 2493 908 -9999 -9999 -9999 -9999 -9999 -9999 -9999 -9999 -9999 -9999 -9999 -9999 -9999 -9999 -9999 -9999 -9999 -9999 -9999 -9999 -9999 -9999 -9999 -9999 -9999 -9999 -9999 -9999
372 372 429 429 429 429 2192 2192 2192 2192 2192 1292 1292 1292 1913 1274 1660 1488 1488 1488 1503 1503 2854 2854 1640 1640 1640 1995 2458 2458 2458 3116 1086 1049 1049 1710 1710 873 873 2642 6199 6199 6199 1760 1760 9191 9191 3294 1048 2546 851 498 171 2493 -9999 -9999 -9999 -9999 -9999 -9999 -9999 -9999 -9999 -9999 -9999 -9999 -9999 -9999 -9999 -9999 -9999 -9999 -9999 -9999 -9999 -9999 -9999 -9999 -9999 -9999 -9999 -9999
764 764 429 429 429 429 2192 2192 2192 2192 2192 515 515 1274 1274 1274 1488 1488 1488 1488 1503 1503 2854 2854 2854 2854 1640 1995 3253 3253 2987 2987 497 724 223 223 223 223 223 6199 6199 6199 6199 6199 9191 9191 9191 2583 192 2546 851 851 498 -9999 -9999 -9999 -9999 -9999 -9999 -9999 -9999 -9999 -9999 -9999 -9999 -9999 -9999 -9999 -9999 -9999 -9999 -9999 -9999 -9999 -9999 -9999 -9999 -9999 -9999 -9999 -9999 -9999
764 764 429 429 429 2305 2305 2305 2192 2305 2305 2305 2130 2130 1701 1701 1410 1410 1488 1488 3621 3621 2854 2854 2854 2854 2178 2178 3253 3253 3253 497 497 499 499 499 223 2996 2996 2996 6199 3085 3085 3085 4973 2064 2279 323 457 989 515 311 515 -9999 -9999 -9999 -9999 -9999 -9999 -9999 -9999 -9999 -9999 -9999 -9999 -9999 -9999 -9999 -9999 -9999 -9999 -9999 -9999 -9999 -9999 -9999 -9999 -9999 -9999 -9999 -9999 -9999
764 204 2305 2305 2305 2305 2305 2305 2305 2305 2305 2305 2130 2130 1701 1701 1410 1410 1410 1410 1488 3621 3621 3082 2178 2178 2178 2178 3253 3253 462 497 954 954 582 582 2536 2996 2996 2996 1675 708 616 3085 3118 2144 1989 2963 1166 1166 194 1175 -9999 -9999 -9999 -9999 -9999 -9999 -9999 -9999 -9999 -9999 -9999 -9999 -9999 -9999 -9999 -9999 -9999 -9999 -9999 -9999 -9999 -9999 -9999 -9999 -9999 -9999 -9999 -9999 -9999 -9999
