G_Variables/Set_1/Current/PC07.asc
NCOLS 271 
NROWS 235 
XLLCORNER -74 
YLLCORNER -33.8333333333333 
CELLSIZE 0.166666666666667 
NODATA_value -9999 
[rows 36 to 71 of 235, columns 0 to 81 of 271]
-9999 -9999 -9999 -9999 -9999 -9999 -9999 -9999 -9999 -9999 -9999 -9999 -9999 -9999 -9999 -9999 -9999 -9999 -9999 -9999 -9999 -9999 -9999 -9999 -9999 -9999 302 302 302 302 302 302 302 3928 302 3928 3928 3928 3928 3928 3928 3928 3928 3928 1149 1149 1149 1149 1149 1149 1149 1149 1149 1149 1149 932 932 932 932 932 932 932 932 932 932 932 932 932 932 1199 1199 1199 1199 1919 1919 241 241 241 241 1919 1919 1919
-9999 -9999 -9999 -9999 -9999 -9999 -9999 -9999 -9999 -9999 -9999 -9999 -9999 -9999 -9999 -9999 -9999 -9999 -9999 -9999 -9999 -9999 -9999 -9999 -9999 -9999 -9999 302 302 302 302 302 302 302 302 3928 3928 3928 3928 3928 3928 3928 3928 3928 1149 1149 1149 1149 1149 1149 1149 1149 1149 1149 1149 932 932 932 932 932 932 932 932 932 932 932 932 932 932 932 1199 1199 1199 1919 1919 241 241 241 241 1769 1769 1769
-9999 -9999 -9999 -9999 -9999 -9999 -9999 -9999 -9999 -9999 -9999 -9999 -9999 -9999 -9999 -9999 -9999 -9999 -9999 -9999 -9999 -9999 -9999 -9999 -9999 -9999 -9999 302 302 302 302 302 302 302 302 3928 3928 3928 3928 3928 3928 3928 1149 1149 1149 1149 1149 1149 1149 1149 1149 1149 1149 1149 932 932 932 932 932 932 932 932 932 932 932 932 932 932 932 932 932 1199 1199 1919 1919 241 241 241 241 1769 1769 1769
-9999 -9999 -9999 -9999 -9999 -9999 -9999 -9999 -9999 -9999 -9999 -9999 -9999 -9999 -9999 -9999 -9999 -9999 -9999 -9999 -9999 -9999 -9999 -9999 -9999 -9999 -9999 302 302 302 302 302 302 302 302 3928 3928 3928 3928 3928 1149 1149 1149 1149 1149 1149 1149 1149 1149 1149 1149 1149 1149 1149 932 932 932 932 932 932 932 932 932 932 932 932 932 932 932 932 932 932 1199 1919 241 241 241 241 241 1769 1769 1769
-9999 -9999 -9999 -9999 -9999 -9999 -9999 -9999 -9999 -9999 -9999 -9999 -9999 -9999 -9999 -9999 -9999 -9999 -9999 -9999 -9999 -9999 -9999 -9999 -9999 -9999 -9999 302 302 302 302 302 302 302 302 3928 3928 3928 3928 1149 1149 1149 1149 1149 1149 1149 1149 1149 1149 1149 1149 1149 1149 1149 932 932 932 932 932 932 932 932 932 932 932 932 932 932 932 932 932 932 932 932 1919 241 241 241 241 1769 1769 1769
-9999 -9999 -9999 -9999 -9999 -9999 -9999 -9999 -9999 -9999 -9999 -9999 -9999 -9999 -9999 -9999 -9999 -9999 -9999 -9999 -9999 -9999 -9999 -9999 -9999 -9999 -9999 302 302 302 302 302 302 302 302 302 302 302 1149 1149 1149 302 1149 1149 302 302 302 302 725 725 1149 1149 932 932 932 932 932 932 932 932 932 932 932 932 932 932 932 932 932 932 932 932 932 932 932 241 241 241 241 241 241 1769
-9999 -9999 -9999 -9999 -9999 -9999 -9999 -9999 -9999 -9999 -9999 -9999 -9999 -9999 -9999 -9999 -9999 -9999 -9999 -9999 -9999 -9999 -9999 -9999 -9999 -9999 -9999 302 302 302 302 302 302 302 302 302 302 302 302 302 302 302 302 302 302 302 302 302 725 725 725 725 932 932 932 932 932 932 932 932 932 932 932 932 932 932 932 932 932 932 932 932 932 932 932 241 241 241 241 241 1769 1769
-9999 -9999 -9999 -9999 -9999 -9999 -9999 -9999 -9999 -9999 -9999 -9999 -9999 -9999 -9999 -9999 -9999 -9999 -9999 -9999 -9999 -9999 -9999 -9999 -9999 -9999 -9999 302 302 302 302 302 302 302 302 302 302 302 302 302 302 302 302 302 302 302 302 302 725 725 725 725 725 932 932 932 932 932 932 932 932 932 932 932 932 932 932 932 932 932 932 932 932 932 241 241 241 241 241 241 241 1769
-9999 -9999 -9999 -9999 -9999 -9999 -9999 -9999 -9999 -9999 -9999 -9999 -9999 -9999 -9999 -9999 -9999 -9999 -9999 -9999 -9999 -9999 -9999 -9999 -9999 -9999 -9999 302 302 302 302 302 302 302 302 302 302 302 302 302 302 302 302 302 302 881 881 881 725 725 725 725 725 725 932 725 932 932 932 932 932 932 932 932 932 932 932 932 932 932 932 241 241 241 241 241 241 241 241 241 1943 1943
-9999 -9999 -9999 -9999 -9999 -9999 -9999 -9999 -9999 -9999 -9999 -9999 -9999 -9999 -9999 -9999 -9999 -9999 -9999 -9999 -9999 -9999 -9999 -9999 -9999 -9999 -9999 302 302 302 302 302 302 302 302 302 302 302 302 302 367 302 881 881 881 881 881 881 725 725 725 725 725 725 725 725 725 725 1130 1130 932 932 932 932 932 932 932 932 932 241 241 241 241 241 241 241 241 241 241 241 1943 1943
-9999 -9999 -9999 -9999 -9999 -9999 -9999 -9999 -9999 -9999 -9999 -9999 -9999 -9999 -9999 -9999 -9999 -9999 -9999 -9999 -9999 -9999 -9999 -9999 -9999 -9999 302 302 302 302 302 302 302 302 302 302 302 302 302 367 367 881 881 881 1100 1100 881 881 881 881 881 881 803 725 725 725 725 2173 1130 1130 932 932 241 932 932 932 932 241 241 241 241 241 241 241 241 241 241 241 241 1943 1943 1943
-9999 -9999 -9999 -9999 -9999 -9999 -9999 -9999 -9999 -9999 -9999 -9999 -9999 -9999 -9999 -9999 -9999 -9999 -9999 -9999 -9999 -9999 -9999 -9999 -9999 -9999 754 754 302 302 302 302 302 302 367 367 302 302 367 367 367 881 881 881 1100 1100 881 881 881 836 881 836 803 803 725 725 725 2173 2173 2173 1130 241 241 241 241 241 241 241 241 241 241 241 241 241 241 241 241 241 241 1943 1943 1943
-9999 -9999 -9999 -9999 -9999 -9999 -9999 -9999 -9999 -9999 -9999 -9999 -9999 -9999 -9999 -9999 -9999 -9999 -9999 -9999 -9999 -9999 -9999 -9999 -9999 -9999 754 754 754 302 302 302 367 367 367 367 367 367 367 367 1100 1100 1100 1100 1100 881 881 881 836 836 836 836 803 803 803 725 725 2173 2173 2173 1130 1130 241 1130 241 241 241 241 241 241 241 213 213 213 241 241 2357 241 241 1943 1943 1943
-9999 -9999 -9999 -9999 -9999 -9999 -9999 -9999 -9999 -9999 -9999 -9999 -9999 -9999 -9999 -9999 -9999 -9999 -9999 -9999 -9999 -9999 -9999 -9999 -9999 -9999 754 754 754 754 754 754 754 754 754 367 367 367 367 1100 1100 1100 1100 1100 881 881 881 836 836 836 803 803 803 803 803 725 725 2173 2173 2173 2173 1130 1130 1130 1130 1130 1130 241 241 213 213 213 213 213 213 213 2357 2357 1399 1399 1943 1943
-9999 -9999 -9999 -9999 -9999 -9999 -9999 -9999 -9999 -9999 -9999 -9999 -9999 -9999 -9999 -9999 -9999 -9999 -9999 -9999 -9999 -9999 -9999 -9999 -9999 -9999 754 754 754 754 754 754 754 754 754 754 754 1100 1100 1100 1100 1100 1100 1100 881 881 881 836 836 836 803 803 803 803 803 803 725 725 2173 2173 2173 1130 1130 1130 1130 1130 1130 1130 241 213 213 213 213 213 213 213 2357 2357 2357 1399 1399 1943
-9999 -9999 -9999 -9999 -9999 -9999 -9999 -9999 -9999 -9999 -9999 -9999 -9999 -9999 -9999 -9999 -9999 -9999 -9999 -9999 -9999 -9999 -9999 -9999 -9999 754 754 754 754 754 1052 1052 538 538 538 538 754 1100 1100 1100 1100 1100 836 836 836 836 836 836 836 803 803 803 803 803 1002 1002 725 725 725 2173 2173 2173 1130 1130 1130 1130 1130 1130 1130 213 213 213 213 213 213 213 213 2357 2357 2357 2357 2357
-9999 -9999 -9999 -9999 -9999 -9999 -9999 -9999 -9999 -9999 -9999 -9999 -9999 -9999 -9999 -9999 -9999 -9999 -9999 -9999 -9999 -9999 -9999 -9999 -9999 754 754 754 1052 1052 1052 1052 538 538 538 538 538 1100 1100 1100 1100 1100 836 836 836 836 836 836 803 803 803 803 803 1002 1002 1826 1826 725 725 2173 2173 2173 2173 1130 1130 1130 1130 1130 1130 213 1130 1130 622 622 622 213 213 213 2357 2357 1281 1281
-9999 -9999 -9999 -9999 -9999 -9999 -9999 -9999 -9999 -9999 -9999 -9999 -9999 -9999 -9999 -9999 -9999 -9999 -9999 -9999 -9999 -9999 -9999 -9999 -9999 754 754 1052 1052 1052 1052 1052 538 538 538 538 1100 1100 1100 1100 1100 1100 1100 836 836 836 836 836 803 803 803 1002 1002 1002 1826 1826 1826 1826 725 725 2173 2173 2173 2173 2173 1130 1130 1130 1130 1130 1130 1130 622 622 622 622 2357 2357 2357 2357 1281 1281
-9999 -9999 -9999 -9999 -9999 -9999 -9999 -9999 -9999 -9999 -9999 -9999 -9999 -9999 -9999 -9999 -9999 -9999 -9999 -9999 -9999 -9999 -9999 -9999 -9999 1889 1052 1052 1052 1052 1052 1100 1100 538 1100 538 1100 1100 1100 1100 1100 1100 836 836 836 836 836 836 803 803 1002 1002 1002 1002 1826 1826 1826 1826 1826 1826 2173 2173 2173 2173 2173 2173 2173 2173 1130 1130 1130 1130 1130 749 749 1017 1017 2357 2357 1281 1281 2291
-9999 -9999 -9999 -9999 -9999 -9999 -9999 -9999 -9999 -9999 -9999 -9999 -9999 -9999 -9999 -9999 -9999 -9999 -9999 -9999 -9999 -9999 -9999 -9999 -9999 1889 1889 1889 1052 1052 1052 1100 1100 1100 1100 1100 1100 1100 1100 1100 1100 1100 836 836 836 836 836 836 803 1002 1002 1002 1002 1826 1826 1826 1826 1826 2173 2173 2173 2173 2173 2173 2173 2173 2173 2173 2173 1130 1130 1130 1130 749 749 1017 1017 1281 1281 1281 2291 2291
-9999 -9999 -9999 -9999 -9999 -9999 -9999 -9999 -9999 -9999 -9999 -9999 -9999 -9999 -9999 -9999 -9999 -9999 -9999 -9999 -9999 -9999 -9999 -9999 -9999 1889 1889 1052 1052 1052 1052 1100 1100 1100 1100 1100 1100 1100 1100 1100 1100 1100 836 836 836 836 836 836 836 1002 1002 1826 1826 1826 1826 1826 2173 2173 2173 2173 2173 2173 2173 2173 2173 2173 2173 2173 2173 2173 749 1130 749 749 749 1017 1017 1281 1281 1281 2291 2291
-9999 -9999 -9999 -9999 -9999 -9999 -9999 -9999 -9999 -9999 -9999 -9999 -9999 -9999 -9999 -9999 -9999 -9999 -9999 1252 1252 1252 -9999 -9999 1889 1889 1889 1052 1052 1052 1100 1100 1100 1100 1100 1100 1100 1100 1100 1100 1100 1100 836 836 836 836 836 836 1002 1826 1826 1826 1826 1826 1826 2173 2173 2173 2173 2173 2173 2173 2173 2173 2173 2173 2173 2173 2173 749 749 749 749 1017 1017 1017 1017 1017 1017 1732 1732 1732
-9999 -9999 -9999 -9999 -9999 -9999 -9999 -9999 -9999 -9999 -9999 -9999 -9999 -9999 -9999 -9999 1252 1252 1252 1252 1252 1252 1252 1210 1210 1210 1210 1052 1052 1052 1100 1100 1100 1100 1100 1100 1100 1100 1100 1100 1100 1100 1100 1505 1505 1505 1505 1826 1826 1826 1826 1826 1826 1826 2173 2173 2173 2173 2173 2173 2173 2173 2173 2173 2173 2173 2173 2173 749 749 749 1017 1017 1017 1017 1017 1017 1017 1732 1732 1732 1732
-9999 -9999 -9999 -9999 -9999 -9999 -9999 -9999 -9999 -9999 -9999 -9999 1252 1252 1252 1252 1252 1252 1252 1252 1252 1252 1252 1210 1210 1210 1052 1052 1052 1052 1100 1100 1100 1100 1100 1100 1100 1100 1505 1505 1505 1505 1505 1505 1505 1505 1505 1826 1826 1826 1826 1826 1826 2173 2173 2173 2173 2173 2173 2173 2173 2173 2173 2173 2173 2173 749 749 749 749 1017 1017 1017 1017 1017 1017 1017 1732 1732 1732 1732 1732
-9999 -9999 -9999 -9999 -9999 -9999 -9999 -9999 -9999 -9999 -9999 1252 1252 1252 1252 1252 1252 1252 1252 1252 1252 1252 1252 1210 1210 1052 1052 1052 1052 1100 1100 1100 1100 1100 1100 1100 1100 1505 1505 1505 1505 1505 1505 1505 1505 1505 1826 1826 1826 1826 1826 2173 2173 2173 2173 2173 2173 2173 2173 2173 2173 2173 2173 2173 2173 1089 1089 1017 1017 1017 1017 1017 1017 1017 1017 1017 1732 1732 1732 1732 1732 1732
-9999 -9999 -9999 -9999 -9999 -9999 -9999 -9999 -9999 1252 1252 1252 1252 1252 1252 1252 1252 1252 1252 1252 1252 1252 1252 1210 1052 1052 1052 1052 1100 1100 1100 1100 1100 1100 1100 1100 1505 1505 1505 1505 1505 1505 1505 1505 1505 1826 1826 1826 1826 1826 1826 2173 2173 2173 2173 2173 2173 2173 2173 2173 2173 2173 2173 2173 1089 1089 1089 1089 1017 1017 1017 1017 1017 1017 1017 2650 2650 1732 1732 1732 1732 1732
-9999 -9999 -9999 -9999 -9999 -9999 -9999 -9999 1252 1252 1252 1252 1252 1252 1252 1252 1252 1252 1252 1252 1252 1252 1252 1210 1052 1052 1052 1100 1100 1100 1100 1100 1100 1100 1100 1505 1505 1505 1505 1505 1505 1505 1505 1826 1826 1826 1826 1826 1826 1826 2173 2173 2173 2173 2173 2173 2173 2173 2173 2173 2173 2173 2173 2173 1089 1089 1089 1089 1089 1017 1017 1017 1017 1017 2650 2650 2650 2650 1732 1732 1006 1006
-9999 -9999 -9999 -9999 -9999 -9999 -9999 1252 1252 1252 1252 1252 1252 1252 1252 1252 1252 1252 1252 1252 1252 1252 1210 1052 1052 1052 1100 1100 1100 1100 1100 1100 1100 1100 1100 1505 1505 1505 1505 1505 1505 1505 1505 1826 1826 1826 1826 1826 1826 1826 2173 2173 2173 2173 2173 2173 2173 2173 2173 2173 1089 1089 1089 1089 1089 1089 1089 1089 1089 1089 1017 1017 1017 2650 2650 2650 2650 2650 2650 1006 1006 1006
-9999 -9999 -9999 -9999 -9999 -9999 1252 1252 1252 1252 1252 1252 1252 1252 1252 1252 1252 1252 1252 1252 1252 1252 1210 1052 1052 1100 1100 1100 1100 1100 1100 1100 1100 1100 1100 1505 1505 1505 1505 1505 1505 1505 1826 1826 1826 1826 1089 1089 1826 2173 2173 2173 2173 2173 2173 2173 2173 2173 2173 1089 1089 1089 1089 1089 1089 1089 1089 1089 1089 1089 1089 1017 2650 2650 2650 2650 2650 2650 2650 2650 1006 1006
-9999 -9999 -9999 -9999 -9999 -9999 1252 1252 1252 1252 1252 1252 1252 1252 1252 1252 1252 1252 1252 1252 1252 1210 1210 1052 1052 1100 1100 1100 1100 1100 1100 1100 1100 1100 1100 1505 1505 1505 1505 1505 1505 1089 1089 1089 1089 1089 1089 1089 1089 1089 2173 2173 2173 2173 2173 2173 2173 1089 1089 1089 1089 1089 1089 1089 1089 1089 1089 1089 1089 1089 1089 2650 2650 2650 2650 2650 2650 2650 2650 2650 1006 1006
-9999 -9999 -9999 -9999 -9999 -9999 1252 1252 1252 1252 1252 1252 1252 1252 1252 1252 1252 1252 1252 1252 1252 1210 1052 1052 1100 1100 1100 1100 1100 1100 1100 1100 1100 1100 1100 1505 1505 1505 1505 1505 1505 1089 1089 1089 1089 1089 1089 1089 1089 1089 1089 1089 1089 1089 2173 2173 1089 1089 1089 1089 1089 1089 1089 1089 1089 1089 1089 1089 1089 1089 2650 2650 2650 2650 2650 2650 2650 2650 2650 2650 2650 1006
-9999 -9999 -9999 -9999 -9999 1252 1252 1252 1252 1252 1252 1252 1252 1252 1252 1252 1252 1252 1252 1252 1252 1210 1052 1052 1100 1100 1100 1100 1100 1100 1100 1100 1100 1100 1100 1505 1505 1505 1505 1089 1089 1089 1089 1089 1089 1089 1089 1089 1089 1089 1089 1089 1089 1089 1089 1089 1089 1089 1089 1089 1089 1089 1089 1089 1089 1089 1089 1089 1089 2650 2650 2650 2650 2650 2650 2650 2650 2650 2650 2650 2650 1006
-9999 -9999 -9999 -9999 -9999 1252 1252 1252 1252 1252 1252 1252 1252 1252 1252 1252 1252 1252 1252 1252 1210 1210 1052 1100 1100 1100 1100 1100 1100 1100 1100 1100 1100 1100 913 913 913 913 1089 1089 1089 1089 1089 1089 1089 1089 1089 1089 1089 1089 1089 1089 1089 1089 1089 1089 1089 1089 1089 1089 1089 1089 1089 1089 1089 1089 1089 1089 1089 2650 2650 2650 2650 2650 2650 2650 2650 2650 2650 2650 1006 1006
-9999 -9999 -9999 -9999 -9999 1252 1252 1252 1252 1252 1252 1252 1252 1252 1252 1252 1252 1252 1252 1252 1210 1210 1052 1100 1100 1100 1100 1100 1100 1100 1100 1100 913 913 913 913 913 913 1089 1089 1089 1089 1089 1089 1089 1089 1089 1089 1089 1089 1089 1089 1089 1089 1089 1089 1089 1029 1089 1089 1089 1089 1089 1089 1089 1089 1089 1089 2650 2650 573 573 2650 573 2650 2650 2650 2650 2650 2650 2650 1006
-9999 -9999 -9999 -9999 -9999 1252 1252 1252 1252 1252 1252 1252 1252 1252 1252 1252 1252 1252 1252 1210 1210 1100 1100 1100 1100 1100 1100 1052 913 913 913 1100 913 913 913 913 913 1089 1089 1089 913 913 913 1089 1089 1089 1089 1089 1089 1089 1089 1089 1089 1089 1089 1089 1029 1029 1029 1029 1089 1089 1089 1089 1089 1089 1089 2650 2650 573 573 573 573 2650 2650 2650 2650 2650 2650 2650 2650 1006
-9999 -9999 -9999 -9999 -9999 1252 1252 1252 1252 1252 1252 1252 1252 1252 1252 1252 1252 1252 1210 1210 1052 1100 1100 1100 1052 1052 1052 1052 913 913 913 913 913 913 913 913 913 913 913 913 913 913 913 913 913 1089 1089 1089 1089 1089 1089 1089 1089 1089 1089 1089 1029 1029 1029 1029 1029 1089 1089 1089 1089 1089 573 573 573 573 573 573 573 573 2650 2650 2650 2650 2650 2650 2650 1006
