data/pcas/pcas_can_126/pca_referenceLayers_can_126/PC01.asc
NCOLS 494 
NROWS 529 
XLLCORNER -117.166666666667 
YLLCORNER -55.5 
CELLSIZE 0.166666666666667 
NODATA_value -3.4e+38 
[rows 368 to 390 of 529, columns 312 to 363 of 494]
-2.93492515884163 -2.90092428080295 -2.89720196918518 -2.82512923018971 -2.75271623904321 -2.70634080662757 -2.68525349868052 -2.68684570861708 -2.68766968118631 -2.67291424088915 -2.65792595488772 -2.63562814747243 -2.60791206751567 -2.58415398976598 -2.53910193047988 -2.50788539483669 -2.47347343077154 -2.44399576722017 -2.41437150810269 -2.35339481609159 -2.30775587924894 -2.24218739519696 -2.19482376613653 -2.13206893679201 -2.07242837921757 -2.0219175133748 -1.95944622545408 -1.90111340633295 -1.86312720794976 -1.79201816069015 -1.77807021212201 -1.74933200701947 -1.69803920928231 -1.73968709159368 -1.6883438555279 -1.62452973801671 -1.59919168100314 -1.6090576513594 -1.56119155417932 -1.52085372287204 -1.45169733622956 -1.36806100929837 -1.28618815183102 -1.2063379022591 -1.1326843427208 -1.08381545548655 -1.03116973538156 -0.921522151107174 -0.863285428495519 -0.812081495323862 -0.778172047892758 -0.751013293286676
-2.96620614702955 -2.90852740283953 -2.87913738108507 -2.80085317970033 -2.67659657525898 -2.70584466292848 -2.66730846492375 -2.66032608891739 -2.6743965813896 -2.67227184407612 -2.65912228273644 -2.60929494420362 -2.60219191683255 -2.57439932145942 -2.54569907727244 -2.49868391521042 -2.48909121574954 -2.43568431762887 -2.40487219229973 -2.37446212107397 -2.30695369304688 -2.26070937195926 -2.20307858591235 -2.1418039122976 -2.08874429246769 -2.0458306106758 -2.00518513682441 -1.9340553469378 -1.87844067605963 -1.85626687818937 -1.81736837529719 -1.76766080142909 -1.73377028482074 -1.69572727906739 -1.67726965279637 -1.61533344576747 -1.61307877068396 -1.60609463100551 -1.57350136389312 -1.53077539924265 -1.46387277357175 -1.40571716563891 -1.35975113132837 -1.27877285542009 -1.16864332031301 -1.09642520230669 -1.01265634849111 -0.942454630248539 -0.882938916368944 -0.815332710631252 -0.796712640258746 -0.743846960272896
-2.97649115636016 -2.94933350676981 -2.87245699051705 -2.71853947748816 -2.68179477834107 -2.67907489026266 -2.66506498078985 -2.72277427662883 -2.73346579346899 -2.69018420237522 -2.62487030474743 -2.60185836197067 -2.55777261498165 -2.55783192733036 -2.53733341853662 -2.50417934908536 -2.46963649560478 -2.43591801577851 -2.40149341408735 -2.3550981639673 -2.29529153001893 -2.25046121914369 -2.21893683619299 -2.15704696443709 -2.10104694958771 -2.05724648700025 -2.02692257508918 -1.96012299573908 -1.92884054552507 -1.88612493342036 -1.84139245010804 -1.80693705228607 -1.74935392246424 -1.67336942681374 -1.66541712108583 -1.62416182600308 -1.650152263751 -1.63145254064832 -1.58066008008602 -1.54152910382261 -1.49659370738053 -1.46937497821749 -1.42187007379528 -1.32539583186511 -1.20549016322754 -1.10254338390364 -1.02633515974856 -0.973028616051564 -0.906558669256616 -0.840722467684532 -0.809062370916183 -0.762052207972288
-2.92376395437675 -2.90144515753147 -2.85925673175454 -2.73022828201454 -2.69271113675979 -2.61748042494867 -2.73588303617445 -2.82575342434145 -2.83497936303173 -2.79292174506416 -2.65206444185529 -2.59748931934381 -2.54259125397833 -2.53571666336744 -2.52899779163959 -2.50077448411292 -2.46255496736564 -2.43259120322354 -2.40636713492755 -2.3587670589289 -2.30855503212926 -2.26956148191678 -2.22206104486473 -2.17173497419191 -2.12187795063924 -2.06496539413061 -2.0279715222772 -1.98333842118727 -1.95494952757379 -1.90876321245145 -1.87822817847054 -1.83275403739615 -1.77792099028171 -1.66697376498894 -1.6159649844889 -1.64449707597449 -1.68512558581331 -1.64115963694896 -1.59011534698505 -1.55095329629806 -1.51322382816133 -1.47675782186159 -1.42254089961705 -1.33206713236937 -1.19834803650411 -1.10038008875285 -1.03604541517206 -0.957100245578014 -0.909645422472255 -0.857739688012988 -0.787920242540534 -0.762735013943571
-2.89639539577343 -2.84239186379769 -2.85642939318704 -2.66841227632802 -2.63973298245467 -2.63296756657351 -2.78017248349441 -2.92427683651442 -2.96495784012617 -2.84828391075169 -2.66606329970143 -2.57043155839037 -2.529395358675 -2.50907685176726 -2.50605067787408 -2.48927683387368 -2.46791100322993 -2.4266570036383 -2.39763620093248 -2.37641365040505 -2.32663092191877 -2.28521753914881 -2.23868995396218 -2.18312790586069 -2.13281911882971 -2.08620133874458 -2.06715946187944 -2.00259096075646 -1.98813924075221 -1.95009252690685 -1.90767491143837 -1.87295264839057 -1.821854982245 -1.69721966067529 -1.69493083385401 -1.69239869310245 -1.65525972927178 -1.66159641821113 -1.61402302176578 -1.57417599688199 -1.53282155407382 -1.4707958057969 -1.3933522996802 -1.30695678393779 -1.19363309196347 -1.09407597110594 -1.02340579238988 -0.940259195033799 -0.8999509041255 -0.84683267065634 -0.79371106517165 -0.771419042353775
-2.8619893483937 -2.76360060376036 -2.86716715636362 -2.72481569904497 -2.65055067037663 -2.75605064308473 -2.92282558488539 -3.11084302541987 -3.07506556868958 -2.82959570410858 -2.65153114893314 -2.57031090228354 -2.55569322963937 -2.49831793256121 -2.46726898783206 -2.48644933398368 -2.45353448038913 -2.42790301682233 -2.39804554134163 -2.39008170351499 -2.3675366920376 -2.31015010369524 -2.26790612389006 -2.19466371329567 -2.14682883429285 -2.12123076353426 -2.05559072788841 -2.05364239764454 -2.03313194305561 -1.98949268626056 -1.95852302326815 -1.91973696338385 -1.84308651799287 -1.73717029150013 -1.75355554764155 -1.71739394859932 -1.66622583958737 -1.61577892031932 -1.62127823632698 -1.58678643568375 -1.52668634126665 -1.44440528645284 -1.35310822178742 -1.23500446938876 -1.15898956247814 -1.06486403950713 -0.992955786545014 -0.939562468790632 -0.892528481047875 -0.837689337064045 -0.83076146886734 -0.827513210463577
-2.79447042818986 -2.77342597980627 -2.79827379136084 -2.80742727108133 -2.74814347159263 -2.88349288108427 -3.14401565829127 -3.24156879420121 -3.09746420341834 -2.77671879386555 -2.64189499931863 -2.59292913593286 -2.54436448104791 -2.51899314993897 -2.48344003080982 -2.47095740862918 -2.43451214592549 -2.39878055891525 -2.45917002920489 -2.43162213607664 -2.36654234852013 -2.32520926864862 -2.26978410231079 -2.23755284126952 -2.19883506766991 -2.15548529832531 -2.11636667182909 -2.06413028919295 -2.0578241465665 -2.02140605616501 -1.98607204050853 -1.95437663863449 -1.85624266083495 -1.75991638328329 -1.80189961374899 -1.76951960401102 -1.71185491653449 -1.64479658258902 -1.5935205398523 -1.60493951014697 -1.5171571462513 -1.42159369861136 -1.30973862128436 -1.20677317046389 -1.12093442581927 -1.06247013041319 -0.984357500209298 -0.91068295064186 -0.859048311769672 -0.913766573119281 -0.916005643258545 -0.910062885604439
-2.7523183169154 -2.62718083986003 -2.53515890659927 -2.82764062999696 -2.85657071551522 -3.13417119249843 -3.4071301833206 -3.26065636503979 -2.91461122619473 -2.7418348453672 -2.65174445969928 -2.56263206219362 -2.57913580186494 -2.51161114908409 -2.49484247653506 -2.50160467172251 -2.4554324451763 -2.44595407634998 -2.48927261059507 -2.42515689387344 -2.40272322058597 -2.35782496120312 -2.28845751258928 -2.2445633457056 -2.21898242414233 -2.17831631812839 -2.14976737474573 -2.09748909706262 -2.08690495477116 -2.04047271192294 -2.00689146633601 -1.96444302004823 -1.91549074938609 -1.8170969776198 -1.86364932761157 -1.81919532998581 -1.74811193577567 -1.67768245751181 -1.62083944923909 -1.53198619092603 -1.51384194335488 -1.42426774581442 -1.30692614647271 -1.21443131278789 -1.11957837460026 -1.05963622708334 -1.027208975818 -0.974766341615836 -0.959058672694457 -0.978219489740566 -0.992302797478143 -0.986875538249161
-2.62925136211773 -2.61515258364196 -2.60581887141377 -2.86184844458549 -3.020212182648 -3.43133517789486 -3.48129911957563 -3.19814453580764 -2.9093054363519 -2.7474320513051 -2.65816564936283 -2.59273894201329 -2.59738875364561 -2.56258335374176 -2.52077569766131 -2.51859830882459 -2.40166145326629 -2.3905418456637 -2.50263395069242 -2.46181442601106 -2.42606433307686 -2.37891134665544 -2.31762660353065 -2.27557768904563 -2.2471171897499 -2.20513749023038 -2.16886862497002 -2.14797193379788 -2.10228489996377 -2.07692387171072 -2.00849917721762 -1.97911805972415 -1.94410489778732 -1.90168256901511 -1.90963936359721 -1.83910726489072 -1.76561852354617 -1.70926702854068 -1.63574349823525 -1.5548039814308 -1.46440489597473 -1.37793842070285 -1.33195681314766 -1.24561753108907 -1.15641259984907 -1.07840280399658 -1.0241706412711 -1.03819901848083 -1.03198694201903 -1.03046127687924 -1.02789893271509 -1.02250023662017
-2.85507804645217 -2.90133466769426 -2.89058161539836 -2.9719201518683 -3.16284605278537 -3.54858639426441 -3.42572100216382 -3.16099864723646 -2.89223029925361 -2.73331292631645 -2.67058713478208 -2.62904420138018 -2.60962408084513 -2.56985720566167 -2.48725036326278 -2.45180203408384 -2.46193549154194 -2.41642782314921 -2.53788366847943 -2.51009720320853 -2.45751419845362 -2.39614339688056 -2.3592866634877 -2.32580956130622 -2.2655583246583 -2.22533285622566 -2.18427550627371 -2.15398284802621 -2.12787988775046 -2.07595422448524 -2.01315394088943 -1.96120430177007 -1.92438504645536 -1.89811230922252 -1.91531278455356 -1.85406162504462 -1.8044136013826 -1.73276583561207 -1.63793303071624 -1.57453468941822 -1.48933098050294 -1.41350884970125 -1.31386991448675 -1.23537244377744 -1.12348123012022 -1.09355968528076 -1.09565337709952 -1.09469226013724 -1.11034289726056 -1.11495007037456 -1.12476035215898 -1.08637766551063
-2.94080456451347 -2.98005255500367 -3.04371911839981 -3.2136805861879 -3.41318893021302 -3.56624055435099 -3.37271103602786 -3.11925460196466 -2.9261216253846 -2.77440049323165 -2.65303359061889 -2.52981476221403 -2.54744604365551 -2.55424732491306 -2.52947633192055 -2.53089235639912 -2.5142087056889 -2.47583126616329 -2.55007523762477 -2.54304082383421 -2.48696637892091 -2.45273379985134 -2.38871251869155 -2.34502076208963 -2.29826868294229 -2.26498122883622 -2.20794885199806 -2.15495205685007 -2.13830562444124 -2.07512935102975 -2.02610433931273 -1.88604961287819 -1.90888141099477 -1.88185603304987 -1.92867571239092 -1.88989438267152 -1.84542789402058 -1.76639705446783 -1.67749969526834 -1.6001000302903 -1.51272851431652 -1.43475583879122 -1.34558547381109 -1.25343191941154 -1.16705861671178 -1.18071479391758 -1.17414968839103 -1.1517768667768 -1.14966247863422 -1.15924810481221 -1.16699020784306 -1.14322464077553
-3.00722338838893 -3.08614502145577 -3.23084982176995 -3.50299057649101 -3.76302140823942 -3.62716498449258 -3.3692546270639 -3.14499945988092 -2.9510209039518 -2.80929917830371 -2.71918669269553 -2.62515102825494 -2.59136643144941 -2.59612687026231 -2.56470144844485 -2.54263900097978 -2.52814533405421 -2.51496530426186 -2.60724961115173 -2.59338057311105 -2.53796080487918 -2.49550800373339 -2.41856175889775 -2.36105365810211 -2.31796337046194 -2.27182478270512 -2.22333205127748 -2.18823727260301 -2.14058964489837 -2.07127154354818 -2.03142069690582 -1.95946800095189 -1.90668731231934 -1.89951303486907 -1.9438430099754 -1.93271269130623 -1.8606742670121 -1.79097330107646 -1.71516479759694 -1.63696504256898 -1.53968210277254 -1.46633011475149 -1.37538912716042 -1.27938633966121 -1.27578681618478 -1.27932640032578 -1.27552132532028 -1.24802275145025 -1.23419136032536 -1.24227346428081 -1.26389490968144 -1.27223435984173
-3.13381880410639 -3.22773184892531 -3.32125675197171 -3.64282450830014 -4.04264710314807 -3.73043706120022 -3.44176212839435 -3.16474892699385 -2.96522086019074 -2.84640060362494 -2.78067803579925 -2.73619619700838 -2.68653946611495 -2.5895491178929 -2.59086364795754 -2.57884027738735 -2.55650439205793 -2.54923909647821 -2.64898974517167 -2.62017141569295 -2.55211026406011 -2.51573535375625 -2.46201655215245 -2.39109401510145 -2.33717469180405 -2.28354867846793 -2.23704554099467 -2.19769751316717 -2.14337014564895 -2.06217510590888 -2.01055303004258 -1.91330603077458 -1.92003357688089 -1.96704017188749 -1.96749632901475 -1.93642891346463 -1.86762565939894 -1.82428341579999 -1.75552507513033 -1.6772498147067 -1.59555776800718 -1.52167841443015 -1.44500783993414 -1.3487309349298 -1.29831499439858 -1.33152086600869 -1.3378635751847 -1.33500131048267 -1.34303351426972 -1.3456159706041 -1.33485548103716 -1.37223637538116
-3.22463676799237 -3.44879410022945 -3.59529489454001 -3.75593791507824 -4.18434058645576 -3.72293416388409 -3.43197884945612 -3.14873673497894 -2.98293115261039 -2.89003289238462 -2.83355322285213 -2.80629822396419 -2.79718213078878 -2.75629378986266 -2.70623426159364 -2.74570435842051 -2.71357949286793 -2.74866961272429 -2.71957051744238 -2.67860503016547 -2.6172491489426 -2.5471907901527 -2.50099512550838 -2.42739733861614 -2.35918324826334 -2.30495767670541 -2.27017236674798 -2.21926227438632 -2.14128528540089 -2.07732208301444 -1.98264764233235 -1.8436617683077 -1.9507685595197 -2.03058080862421 -2.01355860068288 -1.96050666503974 -1.90575629706568 -1.85222422342144 -1.79951244787857 -1.72249468765687 -1.63574964918954 -1.5780965792113 -1.47645567039251 -1.35290262076162 -1.35486449887693 -1.37303024346634 -1.37722625619719 -1.38269040906475 -1.37570425344514 -1.41470802092323 -1.42260373624268 -1.45634706168021
-3.38172320138144 -3.81015111008096 -3.99005706894397 -3.90122632453943 -3.94864281965336 -3.59255065666912 -3.29056624650466 -3.10871925121031 -2.99878356192231 -2.94011381047901 -2.89696042126634 -2.88774960574867 -2.87053974089157 -2.8693521071176 -2.85242806055545 -2.8593647828557 -2.84177906833077 -2.84110707000295 -2.77484724254047 -2.72220980700958 -2.64636284251143 -2.58592574751593 -2.5318762872608 -2.46755468350705 -2.39372864018544 -2.34522500581375 -2.28340427883545 -2.20019517165219 -2.12899545492816 -2.0837001062024 -1.93869164541178 -1.93893770241623 -2.04811091359976 -2.05233047691835 -2.02211840406212 -2.00031469126505 -1.94554365874686 -1.8973770080578 -1.81861425136597 -1.7659253022262 -1.70890173020358 -1.6254098207449 -1.54475407654633 -1.45293270624041 -1.49724640999848 -1.46878434731657 -1.44745007114111 -1.43409519714536 -1.4444317199211 -1.43420826814163 -1.45807394385438 -1.47573025525921
-3.52851398500354 -4.14135854254716 -4.40997708600062 -3.78131099326998 -3.60458639287404 -3.24016037132367 -3.08472710860115 -3.03092949814561 -3.00300792099763 -2.97097075471702 -2.94061649883974 -2.95027267846456 -2.95062009138238 -2.93113931079348 -2.91204877108591 -2.94116958488809 -2.92078292246979 -2.89504976778307 -2.8575534654928 -2.78741676820984 -2.71377761377538 -2.60569927320987 -2.53218518137196 -2.48524683622559 -2.42149731892368 -2.36434745241114 -2.29542786050614 -2.19453571390303 -2.118109384526 -2.07519826622252 -1.98836814938877 -2.07960266841478 -2.09695422841709 -2.09240890478177 -2.06608110635441 -2.04790799951758 -1.99742438778527 -1.94160585208297 -1.8880053935298 -1.82648500758735 -1.77319392901897 -1.67571108240786 -1.57344076964168 -1.48651332229717 -1.55991061944925 -1.56857706297673 -1.54920707771398 -1.50906285839212 -1.49177665066469 -1.48493637734091 -1.51952053111511 -1.55655357593234
-3.73617839776057 -4.42268328075045 -4.44326794789326 -3.65210452756687 -3.35882247785018 -3.01889839004357 -2.98373821656819 -3.00694366026072 -3.00355442479488 -2.99791711154589 -3.01440881324809 -3.01795771418918 -2.99756780480924 -2.98912310735318 -3.00822009704067 -2.98047867881126 -2.97815776424926 -2.96673297413418 -2.91140858487012 -2.83698797315049 -2.7739893642871 -2.6547889739111 -2.58089697950315 -2.50796856313724 -2.46370212239119 -2.3726243333341 -2.28858680079058 -2.17915239986547 -2.09856117383759 -2.02138703543928 -2.10869515728708 -2.16332024501332 -2.1533201763831 -2.11007052577378 -2.10161076719687 -2.07364724939692 -2.02947108998347 -1.98926464155357 -1.93854536708736 -1.88290010668504 -1.8271901526901 -1.73049366739414 -1.64107887845064 -1.6473060988939 -1.65292729706173 -1.62735618826556 -1.6180162389674 -1.60400932798159 -1.58816036527076 -1.58966311705568 -1.62392779987897 -1.65562262932773
-3.70435638249425 -4.55450028045013 -4.66938341429397 -3.77198321472697 -3.34144924368869 -3.16772918439192 -3.04829382692281 -3.00019484647793 -3.00059509557027 -3.03083324872182 -3.06450184789262 -3.07691099759408 -3.07556963362335 -3.07564766028726 -3.06707866239048 -3.0528197900158 -3.03593623190537 -3.00334459733498 -2.94871399918124 -2.89137492358038 -2.80346895101776 -2.6948600251289 -2.61553825579117 -2.5366678296458 -2.46985600626984 -2.40424868998848 -2.2511055211721 -2.13418234185541 -2.11386376654434 -2.14374085035737 -2.21554009291324 -2.21655140479711 -2.19367009757167 -2.16481275872966 -2.14089085572196 -2.13556351932988 -2.07403621113514 -2.05114222624198 -2.00743423568437 -1.95197589974469 -1.88588175126441 -1.82173287959965 -1.74594668958267 -1.71648852620123 -1.71126833842093 -1.66409869028844 -1.64886820456148 -1.67926831771833 -1.70810581890998 -1.71197482001044 -1.68024129118203 -1.74662118746016
-3.53770378899682 -4.21060141200599 -4.61801960069453 -3.68193341095534 -3.32143512332952 -3.21844264979124 -3.13358518655305 -3.05185078491119 -3.03327465575917 -3.10529267767428 -3.13860086980919 -3.14011362232068 -3.14245825437728 -3.12468695432354 -3.11076534245131 -3.08469305352222 -3.09775459065187 -3.03186364266574 -2.99217680718432 -2.90101743673142 -2.82574638939417 -2.73386979101089 -2.63734874652909 -2.54447847487061 -2.48928947491183 -2.38294730387115 -2.24010110337557 -2.173943769111 -2.22343673287517 -2.23651531020753 -2.24111136055313 -2.26290560061429 -2.25543940730327 -2.21398794375936 -2.19992830272261 -2.17810721354769 -2.14106891132173 -2.11528953650962 -2.06898904399076 -2.02853341496019 -1.95137952918222 -1.86916708162406 -1.7808624612174 -1.79507530392303 -1.77005352069005 -1.73906116540721 -1.72098169997226 -1.71451571722682 -1.74392262419633 -1.77553158677601 -1.80547501817398 -1.8128653767986
-3.23334049729171 -4.53101483539418 -4.07926389369752 -3.67432404187541 -3.46741348386702 -3.34478764686102 -3.23552854755722 -3.14737026248832 -3.16216333640338 -3.18041822548809 -3.20329012278843 -3.21939120177959 -3.21368385874281 -3.20293935755717 -3.17297792851421 -3.1523108158096 -3.10106649143068 -3.07021148556302 -3.00855826357628 -2.94556314456168 -2.86211343044546 -2.76023177077892 -2.66589782358737 -2.58499204798083 -2.49896599021403 -2.35013818446487 -2.16776214275592 -2.30188347710182 -2.33238317278463 -2.31700361642362 -2.30728900427436 -2.31032486715014 -2.30631583873901 -2.27795029110584 -2.23800756989095 -2.22221886859299 -2.16492130295581 -2.16714845034219 -2.14970998296098 -2.08789861054023 -2.01562625773762 -1.90787516082163 -1.86379955644264 -1.84472442929722 -1.81442191854065 -1.77312580031941 -1.75090255296613 -1.77304203421198 -1.78191329968684 -1.80284457737181 -1.83226520869298 -1.85264617088297
-3.23962674939979 -4.61805700976276 -3.81572115969177 -3.52397557558631 -3.51983737359839 -3.39362707337087 -3.31094050597066 -3.26102323466682 -3.262983688579 -3.26725474105828 -3.28686753056157 -3.29876944918792 -3.30839435335826 -3.27920507137914 -3.25013529292273 -3.20472142968332 -3.13553876304901 -3.0580834682639 -3.02039328363082 -2.98426676539623 -2.89133001437867 -2.79545951458816 -2.66701922807543 -2.6028529898578 -2.50577669725835 -2.30660671604146 -2.2105833404479 -2.31850562391979 -2.36311883826067 -2.37709925032272 -2.36763021450234 -2.36486728927694 -2.32990697960704 -2.32536053202648 -2.30217254240276 -2.27790854614249 -2.22956967858514 -2.22634758076741 -2.20889267009917 -2.14341667629727 -2.08458050590033 -1.97805974220974 -1.88562898573517 -1.87856237063055 -1.83284741307755 -1.7785115298286 -1.75570590428693 -1.7675887488459 -1.77812602700141 -1.80669856917636 -1.84275398392064 -1.86930384107884
-3.30493235067655 -4.54224441166247 -3.80078884780063 -3.4749907782562 -3.46678976693269 -3.4530721098758 -3.37374453830833 -3.2959770056777 -3.30877860147809 -3.33491253185815 -3.34575150291187 -3.38589666568884 -3.37691438332851 -3.34289953701287 -3.30792267947293 -3.24416305184696 -3.17061242102494 -3.0721171602223 -3.00931512149673 -2.98596439013355 -2.94763415741694 -2.84460982428332 -2.71419495034436 -2.61442549180963 -2.52160874740061 -2.3772351144778 -2.22533501755335 -2.30416407109925 -2.41562124018855 -2.44664221059311 -2.43095165655145 -2.40128288878398 -2.36519154366301 -2.36876485104979 -2.35113525509028 -2.31463671801458 -2.26426045704358 -2.27885832636637 -2.24908646720602 -2.20459563636318 -2.09440142893793 -2.00991630195775 -1.88592765034313 -1.92947613091928 -1.86034140673247 -1.78836080183585 -1.68343316765913 -1.77239182293079 -1.81536429368621 -1.81608222410655 -1.85590998016163 -1.89134562020553
-3.4011344211198 -4.43114046326265 -3.93158624688174 -3.60103124476916 -3.56635203727908 -3.53085653677329 -3.4034741731411 -3.35124904631959 -3.33502367232369 -3.35438345782366 -3.39007815904612 -3.42650456766296 -3.43800689330564 -3.3983472316209 -3.35090029986339 -3.27289330940922 -3.19327036281535 -3.09758690590062 -3.02137568494767 -2.98913657013137 -2.97399007359879 -2.89006447973066 -2.77681570561285 -2.66702698341507 -2.55045077801649 -2.45640320430188 -2.31016094819586 -2.29679771624765 -2.36203323476383 -2.45818732047179 -2.47796834502806 -2.47045528770783 -2.42091454545974 -2.40632837348943 -2.39504651905494 -2.36020722079488 -2.31057370202926 -2.32366273124079 -2.30145366034902 -2.24245092145152 -2.15242999796225 -2.05862782119531 -1.96283182529796 -1.90519433107919 -1.83029628911783 -1.74307248809033 -1.8077270701965 -1.73847793221601 -1.83770226922837 -1.88557544982781 -1.90579504996483 -1.9262280956237
