data/pcas/pcas_can_126/pca_referenceLayers_can_126/PC01.asc
NCOLS 494 
NROWS 529 
XLLCORNER -117.166666666667 
YLLCORNER -55.5 
CELLSIZE 0.166666666666667 
NODATA_value -3.4e+38 
[rows 184 to 206 of 529, columns 312 to 363 of 494]
4.05871481559777 3.8598958562405 3.69838602783074 3.59574159112329 3.66185201442676 3.66206702646667 3.63462691732202 3.66898437843216 3.68724652593222 3.7947624371877 3.76180455150837 3.81327930246892 3.71813210539263 3.7164056603337 3.65331487679347 3.58759385530612 3.54017426629764 3.51719934229008 3.46471160895811 3.3979908265749 3.29284090238133 3.33958433884858 3.28735540454204 3.26088083853232 3.21049788593724 3.14842181458588 3.13498824313077 3.15589768092055 3.11654969295447 3.11584234560987 3.03202868933187 2.95218403688747 2.91211210053575 2.8034877057716 2.82960941199016 2.8065346988572 2.80587605997288 2.79779176088004 2.81146788296761 2.91537840334178 2.90990755879142 2.96841852979748 3.06219506589322 3.08694612532945 3.07160920655802 3.08944482580913 3.05447334424581 3.03599600729589 3.04957350732619 3.08795418948799 3.11890386769387 3.07632646430334
3.95567587008288 3.74674121580274 3.59403180106508 3.62556054094008 3.56732382423702 3.56800210171765 3.53595282083339 3.8178820426535 3.82300921380295 3.79701420974171 3.78201301815397 3.76928944333628 3.65484860978738 3.641594346634 3.58113994660022 3.52531174837974 3.50030890036242 3.45375800390604 3.34509908470506 3.00099011043569 2.81372033952515 3.3333869707873 3.30741742759325 3.24791215362564 3.24921443800659 3.21395584070055 3.17277264859637 3.17179898617152 3.18820463533344 3.10718510522183 2.99729690111095 2.93658923753029 2.94445825177072 2.86046739756669 2.874780851367 2.84369246869452 2.75700493159332 2.81349563587772 2.93425247714652 2.980590542507 2.8907955499195 2.95630998565407 3.06065717849183 3.09369700274051 3.09037610178554 3.09201984222751 3.067215912626 3.08377236020781 3.12004735689643 3.14687992592279 3.18740630906679 3.12545278972896
3.69755428341697 3.66966245753579 3.60436770921649 3.64993795321732 3.55539930908134 3.48575810943963 3.74035555978339 3.94291804757671 3.84511224293158 3.84932627740829 3.75834398408356 3.7159011561933 3.6371902889909 3.59161350859217 3.51891931410384 3.48154657440904 3.42908266018908 3.35521564173522 3.10813993515753 2.82453415759735 3.18209561062328 3.37930726777842 3.35492298734773 3.26941429515845 3.2858142334466 3.27173617792791 3.22854050880671 3.16443709964514 3.14971064889585 3.15629093926688 3.07712104281951 2.99836769170838 2.97749305256705 2.88366115834805 2.82325290947179 2.7916403305752 2.81473158261391 2.8686512412423 2.97200347293878 2.98839908726935 2.79910763174561 2.72931018455242 2.96048728984924 3.06645767715929 3.13404522556016 3.14342430435236 3.15184121513266 3.15155559562935 3.16529158785935 3.2191877949798 3.22661155157748 3.19929069350167
3.63650739236505 3.61634613223121 3.54107355117638 3.50645809564363 3.68600811669541 3.67693886034987 3.72314911759074 3.87540720529525 3.85844329619714 3.81070638214355 3.74515259289103 3.67005684235819 3.58457271268737 3.55655175673302 3.43058204674467 3.37806057797437 3.41177001293086 3.27443392299738 3.15415494348174 3.16158002666362 3.28736804819915 3.37837450448992 3.34365031775285 3.31576404325316 3.35557768628508 3.31530234064418 3.28497966432125 3.29502316395843 3.24174896650294 3.07543235579277 3.02951743977359 3.03549786914723 3.04189889848966 3.01273955023081 2.96489890587565 2.71986241944069 2.81511559943319 2.8929126801653 3.00730343108374 2.9485834285305 2.86582071499657 2.97322566421221 2.96107709888784 3.02601025512054 3.13437175554502 3.21461766046439 3.24561524568015 3.23384229658141 3.26251323346166 3.29203173565929 3.29155487349478 3.30413726257546
3.58223196918981 3.50740705271902 3.42163636248937 3.65837980678767 3.82494138748805 3.86899843554164 3.72505960033391 3.62529380533407 3.47542873268441 3.79111240867384 3.67081120721757 3.57235694745908 3.51356915117153 3.45727104908215 3.39225787213233 3.34741185724777 3.36356672606057 3.27816118322495 3.36877504096856 3.39353333613863 3.39816676435741 3.42059447717199 3.36300110295686 3.35838198255015 3.47935740498282 3.38845589676048 3.36423345533604 3.35134667808969 3.33216146169655 3.28037916970424 3.21696825975574 3.1399897952407 3.11834684235288 3.1174608771794 3.04078902165243 3.04253442441297 2.87364064498837 2.75485074526313 2.98548505135726 2.90208240070303 2.9324057451665 2.87162525190314 2.91075025644593 3.00036320307876 3.13470443102273 3.28705616708068 3.31294713519755 3.32807482157824 3.36765954319271 3.37859917672067 3.39108323456319 3.35692048016443
3.5633661606662 3.62971568807543 3.7656445031186 3.83276043041349 3.80633596403589 3.83676435115641 3.81272703166064 3.85763549874933 3.71115841707156 3.28467720153391 3.1401442107696 3.51628835359176 3.44103185472662 3.34120186218626 3.26598769704108 3.22119542793777 3.25108752020943 3.33535552815481 3.43549277396711 3.43016171552158 3.40404271061599 3.42495513181637 3.37432314275289 3.37790990294932 3.46878212981629 3.436342748434 3.4250927083108 3.37077238931802 3.38731664418647 3.34825461070214 3.29198137502965 3.24229331770147 3.13748733934026 3.16693636264488 3.08247686356764 3.10813949993674 3.0676121650865 2.93779175935611 3.04736692344978 3.13995363506357 3.13451603433122 3.15549639225676 3.01846144552143 3.00655887759621 3.20277278676047 3.25965656049199 3.32847048186932 3.41545906473904 3.45766909980943 3.49195295059057 3.52667636850717 3.47322061812735
3.75001656978845 3.82519476165796 3.82042224903579 3.83612917623463 3.81473677690968 3.87069085221686 3.8765801270009 3.8537784972425 3.86929044225846 3.85192844444509 3.05192973243559 3.01022739291092 3.44332856777802 3.32315865279152 3.25837101653695 3.20708559448675 3.21518168797717 3.34805581612846 3.37841983704948 3.45773950765326 3.42375710333024 3.4242373720207 3.39802444899878 3.44576724754543 3.49067070982851 3.48897033293953 3.41507713391543 3.40292229964196 3.44658039871479 3.36357474053537 3.34160260709277 3.37854804386893 3.3334004156857 3.27098143857218 3.19783353327087 3.15208506310149 3.13421784017964 3.02970864679066 2.98329637389529 3.2414256584643 3.22198829031334 3.24917563218324 3.14800981779345 3.15887152782103 3.29118373126982 3.38895919313217 3.46923441617361 3.48274504550904 3.58851116681301 3.62640990206894 3.63360089699052 3.63764915372338
3.80443318960733 3.79595195796456 3.82747541823757 3.88546308167795 3.8854966593689 3.93298158530835 3.96717090583895 3.942325972625 3.89741104929262 3.83246682322862 3.72466699599235 3.49767398676678 3.51513701175714 3.39018243317438 3.32036661256529 3.24459226015192 3.28286264662092 3.37266940899074 3.37127059770055 3.43200911954471 3.46073646257021 3.44869367742522 3.47293166264697 3.50868800035098 3.55160788080901 3.50623554398039 3.45139766801934 3.44535930384192 3.43071717800332 3.42294453123258 3.4279327000315 3.43882652336726 3.40443381856664 3.34240176525557 3.32026177562052 3.29895152957675 3.29034315890463 3.17949407858742 3.14320022825879 3.29611486949321 3.38037082398986 3.38224633188014 3.35201389041697 3.34357953565645 3.44740769735757 3.5592235195592 3.61048563310998 3.66116070475044 3.72334089848338 3.76512168657975 3.8078036805374 3.80287799953796
3.77205342637084 3.79854317822911 3.83545884862032 3.89656618598927 3.9487510419017 3.98872343917723 4.01345867663849 4.02153932682881 3.94971377482189 3.86249009299939 3.83414323697086 3.72321135793878 3.63109541395041 3.52572467787455 3.40130948402048 3.41859427305263 3.44294253296688 3.42804776686892 3.40955570467395 3.44847773003531 3.46852711255588 3.49806815801755 3.53814927377907 3.56421086775532 3.58846258347665 3.53287481360711 3.50607116266679 3.49023856637449 3.5090831229307 3.48439220097418 3.4771241817742 3.44958042291975 3.41157012958813 3.39107339450539 3.39608735042628 3.39020469819823 3.39163278878414 3.38269340457171 3.40349095589326 3.43225229052274 3.46700190637909 3.55478020056057 3.58103993841642 3.58994197646031 3.60955811015598 3.69779305024163 3.75116131316372 3.83502917763308 3.83243441921658 3.91094268082318 3.94100824889387 3.96170975364462
3.74587677751915 3.80360159681682 3.83095203525086 3.88503227497296 3.95087309851841 4.04703784486316 4.06315408194116 4.09263579118631 4.03322817359589 3.94746463173677 3.88183210292434 3.78545591849063 3.67097370434905 3.66507939214111 3.56923846913977 3.563074217519 3.54897151508977 3.57268350806344 3.5380883675194 3.5345639702405 3.50018908698933 3.5841302127043 3.58370139083045 3.63971357545593 3.62617406376058 3.5792061077476 3.55847261418071 3.53150379741004 3.55407882461123 3.52837917360873 3.47607705029274 3.50041217754993 3.45786659830814 3.46190395974523 3.48319287402387 3.41037407752189 3.4362374892451 3.4671846626155 3.55766464753877 3.54286179797338 3.63266024485739 3.67162342553844 3.75546243855504 3.80830178857568 3.82720833935193 3.87879833446541 3.90654991560345 3.97936827997306 4.01024502367941 4.04885967612955 4.08241707908294 4.11891899958719
3.73336833076775 3.79174496967457 3.8303488447074 3.88474597854616 3.98050463025923 4.0710321665107 4.15181504876682 4.1806078235289 4.08023288997826 3.9645627457168 3.88848570002326 3.80597689458927 3.74735698796312 3.75837199577111 3.70670924000153 3.69642199565163 3.6643961420787 3.69319570736622 3.65357667422225 3.65649659375348 3.66228839702503 3.64648305022572 3.6788724628691 3.69464231517679 3.66392264680239 3.65084242309883 3.60402705904951 3.61766657056352 3.5978870560518 3.59290066026965 3.52104054152402 3.53285321812608 3.53107373649785 3.49738848949649 3.55042850158324 3.53683176112258 3.48900480166151 3.52813278194538 3.62601397382327 3.68768575766107 3.73614605982105 3.83892023602588 3.88602721082572 3.93202818888242 3.99996442811993 4.0551804941898 4.06375924259752 4.09999654275835 4.15130310552395 4.18479146114159 4.21733469318972 4.26323216134868
3.68760050749401 3.76059992172218 3.82282506685808 3.88836211115001 3.96282723703759 4.06833993690632 4.12636863763794 4.12930617821767 4.03934931622704 3.96991193417973 3.89486947432638 3.815589774146 3.84716404730461 3.84228187776959 3.83730525891374 3.85355709164751 3.83520416456333 3.79639871084262 3.73275398147544 3.74569426182333 3.77520076042314 3.80361739682893 3.8381685739106 3.81422298619741 3.78177892935037 3.77147942417424 3.761990380227 3.70826066684988 3.67507931829588 3.6342747893122 3.6426551607324 3.59178927427271 3.61557366149107 3.62593267517678 3.64993836913876 3.64268758799794 3.57759722908032 3.61843391330299 3.66572742035142 3.78415167950556 3.85084189664536 3.93583829397861 3.94566536064681 3.97348075576962 4.1035905428953 4.19871009749279 4.21244083215109 4.30098615567546 4.33715536944325 4.38968900890639 4.39514196769411 4.39327863452116
3.66166177786043 3.77624616694618 3.82351116070386 3.85071090783869 3.93269145061893 3.98957477070659 4.0472568852802 4.03285556477998 3.98701293283656 3.95497091415631 3.87970021172289 3.89650682112483 3.84587641700827 3.91855636951363 3.91497327689252 3.98281729526129 3.96345091163977 3.9057343590017 3.88017244724199 3.86816211854481 3.88897032324465 3.92450164459238 3.94862202245392 3.88948260621148 3.86231550539756 3.84812866098409 3.8593085402713 3.76537403738481 3.72290853643336 3.70778290244085 3.68023737902838 3.65248976455745 3.6583434195349 3.72542779823618 3.70782252296154 3.77552177308485 3.74205493221536 3.73168430476895 3.71885997020607 3.84767228188365 3.86991661282964 4.00593831532237 4.10401011740958 4.12180757398054 4.14434276071187 4.24467001998734 4.3904595677831 4.44953863950584 4.46229599281603 4.54303148812048 4.54165999109328 4.56480784753442
3.65017864922621 3.76464317173912 3.81340061219649 3.86499642995784 3.93606348073677 3.96002537584855 3.95393806798887 3.96387912509809 3.95218820521268 3.94639700736248 3.89576056154259 3.88236996756451 3.94304343895856 3.98616998533321 4.05935102564772 4.11471636635786 4.05734794491412 4.03146257205774 4.04476667266422 4.04330263275602 4.06180096585308 4.03531433966207 4.03016619409503 3.98943593166248 3.94629184227235 3.89677544149414 3.86491806989809 3.80412838585238 3.77734955092788 3.75595724637594 3.74375862946787 3.72019589713941 3.74782933426615 3.76708005445894 3.78778092980295 3.84435996959689 3.85973185812235 3.77761135295546 3.78534601716447 3.90127797215834 3.97489261720455 4.06685713009989 4.15304556756055 4.11450207441406 4.22848207201666 4.24517003605329 4.40131947083716 4.54600943636583 4.57009902769307 4.60397431373203 4.63594690050296 4.63371221769659
3.69022783751167 3.75924788841282 3.78031966515126 3.83633496186638 3.85491745456572 3.89600754887041 3.92842953769208 3.92512683255062 3.88877423028381 3.85570057290768 3.86696233250668 3.90047309741699 3.93086361068903 4.01414321570443 4.09890847163084 4.09875203539411 4.13724589419727 4.1776436536047 4.22172860023008 4.22983082533445 4.22480236705396 4.1462384546156 4.13519698225072 4.06719649295287 4.00945949131651 3.96862566097557 3.94789759082017 3.83671917319141 3.80157747983997 3.83985022058266 3.81844911694488 3.80715858456707 3.78844591550328 3.79434801226937 3.7666277090427 3.88751760888104 3.90566267120044 3.78655451399639 3.85778793658603 3.98894878712047 3.98701007320914 4.08576588603007 4.23120483711808 4.24436416118078 4.26645796055271 4.39608874974931 4.4867135429401 4.57309606927304 4.63033050398998 4.71316001327653 4.7351855086046 4.69605725675887
3.72468617962188 3.79206096701721 3.83947274922852 3.89368800957131 3.94218756446817 3.93400406138673 3.97707741145172 3.90861217775084 3.8809012414209 3.83147537260438 3.71400011923988 3.7881058430288 3.91416952170721 3.99028951913729 4.07678301734497 4.11505653994394 4.16006055313347 4.26199079592787 4.35113261681633 4.42053306374123 4.37202031292652 4.27353690008896 4.19569360410288 4.11432735018351 4.08381291661928 3.99835720398068 3.99268397206077 3.93834088976842 3.9282355706111 3.88940713297168 3.79042037388411 3.80004666377178 3.85534273444541 3.86112115890781 3.81928730967137 3.89165180549623 3.93528467205182 3.87935386571406 3.96783985229528 4.07199859659239 4.08159039644476 4.10867530141987 4.23646639247904 4.34361293136559 4.39353394609667 4.49652556128503 4.57015099014489 4.60028385862132 4.65505837102557 4.7486024835279 4.77671810140783 4.79018155775294
3.75076361689178 3.83046569526134 3.86259901720558 3.90183208791706 3.94675595928082 3.96566829137808 3.94325658664455 3.99001989270886 3.89368910727957 3.85671156218755 3.76171874289839 3.7683262907457 3.78937418992581 3.89355941581326 4.03341475039045 4.11349661911829 4.17826730944898 4.29368867599671 4.50115853908871 4.5800361271534 4.51671764503599 4.37436316837774 4.28713750590822 4.23430070699264 4.12446334147972 4.07992319856545 4.03317240540518 3.99259146347204 3.96928311849271 3.95996338545389 3.8823516309639 3.84649869885346 3.912635263121 3.88569880051 3.87549554939168 3.93696101879047 3.97024525670326 3.96936982296628 3.9593134423316 4.09703090239644 4.14678382259042 4.11445288540432 4.19801614331673 4.33227992934013 4.43351810698946 4.49073193081597 4.61235391339323 4.63400028873546 4.69432869246662 4.76403759080579 4.79783219914191 4.79169017885132
3.77725083063847 3.82724141203976 3.86193065654657 3.90954854935266 3.95006207465269 3.96174746804272 3.97348348026046 3.94547629277124 3.92179421941159 3.8714618276215 3.84949940079314 3.8480285801739 3.75847875228326 3.83656013197045 3.98350426072527 4.12729376272695 4.20884272973533 4.33847495502978 4.48019360049849 4.62034479358492 4.50206361469367 4.37055342745808 4.27977887561846 4.24153451011055 4.12709286923342 4.08374915311996 4.02885719050163 3.98618878965946 3.99419432080588 3.97231038759337 3.88923484357976 3.89879636852333 3.90463083810889 3.9558852470229 3.95334483534578 3.944585086496 3.96435366258324 4.01137032365539 3.96672006112845 4.02985147381854 4.14067856939915 4.16539601197451 4.21409609218285 4.1811535627259 4.29389345619867 4.46143611227405 4.51383358244295 4.66642707414554 4.74854321995663 4.77448881318 4.67290935024292 4.74985663412148
3.83064125041176 3.88115175998673 3.91825003625406 3.98381063697491 3.99435724839044 4.01011938019638 4.0121258069949 3.9904165255983 3.9580381967435 3.92268141981371 3.89322429155275 3.89634976946667 3.88683626342253 3.84051922139535 3.8978626949825 3.9808415297393 4.06169149541707 4.14616368084372 4.22081035354214 4.29467676555636 4.27630969155459 4.24502265728475 4.22224581134809 4.20948697878314 4.13569290865098 4.0869623577272 4.00961498103574 4.01763944661119 4.02676773992488 3.99679846242374 3.979273177417 3.93794551265101 3.99986756977584 3.97572318053901 3.96427344654112 3.97321322125186 3.9387547983553 3.98534805453133 3.99282741697086 4.02386877819022 4.02009846379974 4.08933605412524 4.19466611017658 4.22962338247825 4.24183175358212 4.33695215160652 4.47093296272284 4.61066272209925 4.74635800463492 4.74944092215358 4.72365549775984 4.71355968132307
3.89715846143017 3.96272711052715 3.9901133557362 4.05016432038067 4.05346069785704 4.07687360265538 4.05527010866599 4.0235584494017 3.9856883443236 3.97064466343399 3.93609870880081 3.93191729953322 3.92176508145086 3.92039464305535 3.95715454804 3.97045272983054 3.96606165876618 3.9379443367591 3.89065151451866 3.93927159850623 4.01424281907431 4.12169415195193 4.14129563376393 4.14991859869709 4.12929302328626 4.04677468396438 4.06199679098831 4.05303629342776 4.02931579000257 4.0120945688047 4.068730468749 4.04976856056879 4.02984858026503 3.99643592729984 3.95105232780559 3.95173781642039 3.95557794227123 3.96576180162328 3.97012931820287 4.00373073233674 4.00674851600521 4.01655668278043 4.14056068114465 4.16992651907951 4.22745018826497 4.28920286995743 4.40854625277528 4.52733545066594 4.60479469819834 4.66935398468522 4.66265066957799 4.66403626497563
3.98518838222737 4.05831440701237 4.10970565601782 4.15026103710771 4.15964291882273 4.15405973774907 4.1358401042598 4.10074750909623 4.07024317706051 4.04489780596989 4.01501736398498 3.98366100620002 3.98581316919961 4.00027336231097 3.99452383511779 3.99755491304113 3.93434059847986 3.83487109345132 3.7243854443565 3.69586123751857 3.85908548674089 3.97905630678866 4.08555145187569 4.11462478322709 4.10111484368899 4.07326027568861 4.0727456801467 4.08453077112067 4.07669672918411 4.04938563443565 4.09988217615188 4.0929562338837 4.08779460440478 4.06553357997139 3.92318595931392 3.89762752074875 3.93761940111701 3.97055481479921 3.90360750919457 3.89775166693953 3.93496239175273 3.91313968934905 4.00997603606065 4.12124792599095 4.18149689844247 4.25446507872248 4.30341896547356 4.39152303397373 4.45980407954482 4.55250996919865 4.556178096959 4.58405439414456
4.13422285785876 4.22400611252631 4.27889086409775 4.29089413321916 4.27579548223015 4.2678881470794 4.22132490107769 4.17736790509473 4.13525341010792 4.1061368618873 4.09174385161549 4.0629800772575 4.08155141527618 4.07293278529473 4.07761622536836 4.04641842322342 4.00625940298495 3.91962624364739 3.82733179090165 3.82700326398904 3.91920260019883 4.02811785283816 4.10710470041932 4.10722764560092 4.12789515438001 4.08970089278185 4.10409170939503 4.11429886113301 4.11833401644258 4.11955270848195 4.15359682498872 4.14028470460738 4.09738164511321 4.08315198022649 4.00653261132583 3.92194023503858 3.85808557938155 3.86441953868009 3.88558877087519 3.90795769270074 3.90325034579548 3.89088164070432 3.93591230100121 4.01150430416977 4.09288770243997 4.19068793108403 4.27255249443077 4.313265541577 4.37781066720351 4.4171141041483 4.41783177347921 4.4003397250931
4.3611979234293 4.46000049572256 4.46455109103977 4.46808156776813 4.44843092521873 4.37862837480555 4.32862912015805 4.26776249733643 4.22185295271842 4.17877030577984 4.13455961188279 4.13645833437705 4.13587012708918 4.14254715947881 4.15266261369078 4.1439643103981 4.14068305507608 4.0635198157261 3.98677908244992 3.98026991285467 4.02332075039481 4.10458224490044 4.16298444224399 4.17363607299862 4.17313075523562 4.12265602867314 4.14004407007613 4.13796578360491 4.14299127742979 4.10922510634278 4.15437794452455 4.16384307997696 4.11506704258142 4.07924551686033 4.07513570651818 3.90670468147882 3.785410888677 3.77655195985309 3.78906134510087 3.89575343293035 3.89972932929854 3.88808268467962 3.85497861563662 3.87547223529576 3.96206764653138 4.07127368137542 4.16239735824439 4.27374805893764 4.35192688530011 4.3485814322332 4.3370954709629 4.2727932024241
