data/pcas/pcas_can_126/pca_referenceLayers_can_126/PC01.asc
NCOLS 494 
NROWS 529 
XLLCORNER -117.166666666667 
YLLCORNER -55.5 
CELLSIZE 0.166666666666667 
NODATA_value -3.4e+38 
[rows 322 to 344 of 529, columns 260 to 311 of 494]
-3.4e+38 -3.4e+38 -3.4e+38 -3.4e+38 -3.4e+38 -3.4e+38 -3.4e+38 -3.4e+38 -3.4e+38 -3.4e+38 -3.4e+38 -3.4e+38 -3.4e+38 -3.4e+38 -3.4e+38 -3.4e+38 -3.4e+38 -3.4e+38 -3.4e+38 -3.4e+38 -3.4e+38 -3.4e+38 -3.4e+38 -2.8519418575128 -2.94710814419526 -2.88983476155583 -3.05097842499731 -3.49464798366737 -4.38432285224222 -5.88305435203867 -7.02817476091032 -6.88087017171874 -6.91643585931812 -6.33351516307327 -6.34401516897834 -6.30409067515343 -6.14838112815695 -6.11782673388126 -6.04189649839118 -6.0630021885071 -6.00593501318692 -5.94734571656411 -5.874932898919 -5.84521619249929 -5.96210635115594 -5.728839484899 -5.53148812503567 -5.23022297650992 -4.36061875963071 -4.03728292979401 -4.22065030437088 -3.05152430429621
-3.4e+38 -3.4e+38 -3.4e+38 -3.4e+38 -3.4e+38 -3.4e+38 -3.4e+38 -3.4e+38 -3.4e+38 -3.4e+38 -3.4e+38 -3.4e+38 -3.4e+38 -3.4e+38 -3.4e+38 -3.4e+38 -3.4e+38 -3.4e+38 -3.4e+38 -3.4e+38 -3.4e+38 -3.4e+38 -3.4e+38 -2.83179160055834 -2.7806484036433 -2.78616174386553 -2.98922303467864 -3.37894654575373 -4.21503672915481 -5.7715567708889 -6.70604575716026 -7.04429810827525 -7.10922573972466 -6.45279309644807 -6.50256747278742 -6.5551489868427 -6.42881455258581 -6.47220697113892 -6.08050357573836 -5.8800112725271 -6.04424229421851 -5.99739177557927 -5.96175785290841 -6.01852348968065 -6.19492209277063 -5.99076515886163 -5.24672137242622 -4.91417050111786 -4.41460168553452 -4.34101336781327 -4.32702690749897 -3.06390461403376
-3.4e+38 -3.4e+38 -3.4e+38 -3.4e+38 -3.4e+38 -3.4e+38 -3.4e+38 -3.4e+38 -3.4e+38 -3.4e+38 -3.4e+38 -3.4e+38 -3.4e+38 -3.4e+38 -3.4e+38 -3.4e+38 -3.4e+38 -3.4e+38 -3.4e+38 -3.4e+38 -3.4e+38 -3.4e+38 -3.4e+38 -2.73723836685646 -2.73654873226633 -2.74872246978384 -3.01187288168623 -3.31542230254276 -4.21037759798034 -5.95341548770024 -6.50835621700478 -6.5352624514762 -6.46430260517294 -6.46137764498534 -6.90293134954043 -6.86518723340594 -6.6221822043512 -6.20323877334975 -6.08688537443948 -5.87246316332971 -6.10041890011104 -6.06620562256356 -6.11239361907936 -6.11116312496554 -6.13415963677316 -5.90882719405303 -5.34174838813595 -5.1185871086208 -4.12690534129602 -4.3190831504016 -4.69310614665261 -3.40181567825418
-3.4e+38 -3.4e+38 -3.4e+38 -3.4e+38 -3.4e+38 -3.4e+38 -3.4e+38 -3.4e+38 -3.4e+38 -3.4e+38 -3.4e+38 -3.4e+38 -3.4e+38 -3.4e+38 -3.4e+38 -3.4e+38 -3.4e+38 -3.4e+38 -3.4e+38 -3.4e+38 -3.4e+38 -3.4e+38 -3.4e+38 -3.14185686393705 -3.12110365234114 -2.83538445603483 -3.00242488530438 -3.37976265672818 -4.59323158008867 -5.94562450455162 -6.28437308868053 -6.47803861698739 -7.00599550222673 -6.48399278413912 -6.87004956744978 -7.16539934153141 -7.01731930484175 -6.44172346719129 -6.27980651802075 -6.16639236408557 -6.16163401035803 -6.18548966479074 -6.19344699920477 -6.44431895360447 -6.26780680694881 -5.7616227947109 -5.40904731350074 -4.85802891840623 -4.19641594225776 -4.02101832824828 -4.56305542987329 -3.55921721113056
-3.4e+38 -3.4e+38 -3.4e+38 -3.4e+38 -3.4e+38 -3.4e+38 -3.4e+38 -3.4e+38 -3.4e+38 -3.4e+38 -3.4e+38 -3.4e+38 -3.4e+38 -3.4e+38 -3.4e+38 -3.4e+38 -3.4e+38 -3.4e+38 -3.4e+38 -3.4e+38 -3.4e+38 -3.4e+38 -2.88786269009454 -3.59294324702135 -3.59759397883404 -3.02334880916776 -3.04897281108507 -3.57003634253455 -4.90491802897627 -5.8876966570461 -6.09305925931367 -5.89438297608561 -6.5603779832333 -6.83968439562269 -7.08933256686946 -7.28008587832652 -7.0878863501872 -6.82851927645812 -6.22453020245821 -6.25788979331216 -6.32643962931234 -6.33910106746128 -6.36329571167486 -6.75088783305478 -6.20148244964364 -5.34230910903163 -5.31124616708238 -4.78601684925512 -4.67065684300529 -4.39213222891085 -4.11241823870165 -4.16586714863638
-3.4e+38 -3.4e+38 -3.4e+38 -3.4e+38 -3.4e+38 -3.4e+38 -3.4e+38 -3.4e+38 -3.4e+38 -3.4e+38 -3.4e+38 -3.4e+38 -3.4e+38 -3.4e+38 -3.4e+38 -3.4e+38 -3.4e+38 -3.4e+38 -3.4e+38 -3.4e+38 -3.4e+38 -3.4e+38 -3.48086510348534 -3.89247009040235 -3.50543019992107 -3.00090750047315 -3.10524128785871 -3.74335047435281 -5.29226158846735 -6.00811340676982 -6.16554982305219 -5.66511550939971 -6.60280369030055 -6.79572213793698 -7.25183974442155 -7.26060372078016 -7.28649162741871 -6.88103464389615 -6.32738179812791 -6.56753189640699 -6.77269557833106 -7.05508891280241 -6.64772678992755 -6.3282562825285 -5.77814165029191 -5.37979246944399 -5.5085734855405 -5.12297459531766 -4.85191582920115 -4.72387716825142 -4.27929477849882 -4.73957461860843
-3.4e+38 -3.4e+38 -3.4e+38 -3.4e+38 -3.4e+38 -3.4e+38 -3.4e+38 -3.4e+38 -3.4e+38 -3.4e+38 -3.4e+38 -3.4e+38 -3.4e+38 -3.4e+38 -3.4e+38 -3.4e+38 -3.4e+38 -3.4e+38 -3.4e+38 -3.4e+38 -3.4e+38 -3.4e+38 -3.09155357815895 -3.67229369372098 -3.46473693764535 -3.09128133833876 -3.1595294439843 -3.72767275316436 -4.88055313589029 -5.62777557471854 -5.79472011432768 -5.42110441523976 -5.96958152986016 -6.48874254277681 -6.87225451348657 -7.24694745391419 -7.32634948866354 -6.96423371741632 -6.43986235777523 -6.74271940750468 -7.00037247840515 -6.92561064860911 -6.71307432931241 -6.45899358744131 -5.61735476219231 -5.66189282871906 -5.4949842394534 -5.29571301731387 -5.0276785721987 -4.84083280565102 -4.80368182926938 -5.30698985673625
-3.4e+38 -3.4e+38 -3.4e+38 -3.4e+38 -3.4e+38 -3.4e+38 -3.4e+38 -3.4e+38 -3.4e+38 -3.4e+38 -3.4e+38 -3.4e+38 -3.4e+38 -3.4e+38 -3.4e+38 -3.4e+38 -3.4e+38 -3.4e+38 -3.4e+38 -3.4e+38 -3.4e+38 -3.4e+38 -3.33755233416934 -3.53038726400315 -3.44445730605944 -3.18214870985609 -3.33832116421939 -3.80944114045321 -4.76461751431527 -5.2857111656772 -5.02303892389271 -5.02585348422841 -5.1757351238074 -5.49688529059899 -6.34754421249203 -7.29000107933519 -6.7511779663652 -7.2708371570487 -6.78369125058243 -6.83951486087252 -7.01385202001688 -6.85374785757054 -6.89252747278489 -6.52903239602628 -5.66822935294915 -5.99200786638568 -5.60155972742964 -5.35905409507968 -5.27824713751197 -5.09917413088171 -5.17185411687532 -5.6788715586412
-3.4e+38 -3.4e+38 -3.4e+38 -3.4e+38 -3.4e+38 -3.4e+38 -3.4e+38 -3.4e+38 -3.4e+38 -3.4e+38 -3.4e+38 -3.4e+38 -3.4e+38 -3.4e+38 -3.4e+38 -3.4e+38 -3.4e+38 -3.4e+38 -3.4e+38 -3.4e+38 -3.4e+38 -3.4e+38 -3.42370344652322 -3.86261204158034 -3.54911038306556 -3.2671216004631 -3.39703348103796 -3.74290108700945 -4.45596444824302 -4.68032137200615 -4.87726849316087 -4.91290720201805 -5.14995578849039 -5.69923378019949 -6.59300337929072 -7.35707672849144 -7.31114350116086 -7.02715951130394 -6.97453599663333 -6.96851685230022 -7.17345906604676 -7.04876968599699 -6.8089517760831 -6.09222479328703 -5.81657319391972 -6.1550343889681 -5.47768190177278 -5.45816361752864 -5.30055750748468 -5.23341127541594 -5.410950671512 -5.96557468223876
-3.4e+38 -3.4e+38 -3.4e+38 -3.4e+38 -3.4e+38 -3.4e+38 -3.4e+38 -3.4e+38 -3.4e+38 -3.4e+38 -3.4e+38 -3.4e+38 -3.4e+38 -3.4e+38 -3.4e+38 -3.4e+38 -3.4e+38 -3.4e+38 -3.4e+38 -3.4e+38 -3.4e+38 -3.4e+38 -3.11799313908461 -3.65046897624233 -3.6007990778346 -3.43042716748195 -3.45379290321281 -3.77498814207236 -4.24073581502189 -4.85009736413148 -5.01385366541804 -5.00676253549336 -5.48868041450691 -5.76569952058422 -6.45200918428168 -7.16979217404184 -7.27997420735558 -6.87562728589162 -6.95777869011023 -6.9846281437291 -7.33959823500068 -6.92596368013231 -6.86348084413776 -6.80664579993909 -6.13269869974029 -6.01568010577505 -5.58322069946215 -5.59775687145474 -5.312509398821 -5.36993034454708 -5.71378643406101 -5.4222853826293
-3.4e+38 -3.4e+38 -3.4e+38 -3.4e+38 -3.4e+38 -3.4e+38 -3.4e+38 -3.4e+38 -3.4e+38 -3.4e+38 -3.4e+38 -3.4e+38 -3.4e+38 -3.4e+38 -3.4e+38 -3.4e+38 -3.4e+38 -3.4e+38 -3.4e+38 -3.4e+38 -3.4e+38 -3.4e+38 -3.23419277713507 -3.48590305262078 -3.58604848477493 -3.57129541113811 -3.58335786060475 -3.85702205988594 -4.68125213975843 -5.11199443336167 -5.04511371854321 -5.21835551916681 -5.51197962411803 -5.06201920416185 -5.4382129322257 -6.84701914817166 -6.92301655790415 -7.13374719532855 -7.10832743198201 -7.06735753455803 -7.07054819548307 -6.98755300360726 -6.84856377630878 -6.80265175824638 -6.39637882070586 -6.10587652020949 -5.61281143541937 -5.40755883883884 -5.36240271636124 -5.53532932009306 -5.74369890755994 -5.25010802076325
-3.4e+38 -3.4e+38 -3.4e+38 -3.4e+38 -3.4e+38 -3.4e+38 -3.4e+38 -3.4e+38 -3.4e+38 -3.4e+38 -3.4e+38 -3.4e+38 -3.4e+38 -3.4e+38 -3.4e+38 -3.4e+38 -3.4e+38 -3.4e+38 -3.4e+38 -3.4e+38 -3.4e+38 -3.4e+38 -3.18662331256039 -3.60935541883415 -3.62884323377961 -3.67286252755306 -3.61321595109173 -3.81356372732925 -4.39519100506534 -4.86956380368053 -5.19703514574917 -5.30703345239902 -4.80954552096789 -4.53538395023435 -4.64057221409558 -5.87361799142036 -7.0600633017177 -7.10802578116234 -6.79661122343812 -6.73898557260433 -7.01168927191974 -6.98396261004179 -6.65075502249205 -6.90537936364232 -6.56082825613144 -6.33999190312273 -5.86026197083779 -5.40901978018063 -5.45470459532 -5.59173191646753 -5.48132889946443 -5.71752487062438
-3.4e+38 -3.4e+38 -3.4e+38 -3.4e+38 -3.4e+38 -3.4e+38 -3.4e+38 -3.4e+38 -3.4e+38 -3.4e+38 -3.4e+38 -3.4e+38 -3.4e+38 -3.4e+38 -3.4e+38 -3.4e+38 -3.4e+38 -3.4e+38 -3.4e+38 -3.4e+38 -3.4e+38 -2.8833444549383 -3.17708173971654 -3.41871146800863 -3.4968688063564 -3.51266427284163 -3.53415357890926 -3.94549297113542 -4.62053365997739 -5.21777760839986 -5.46943678849903 -5.32967233364054 -4.44533100970046 -4.45086237383849 -4.44238197459764 -5.52680925311498 -6.99896885793092 -7.03339473903196 -6.71466307694333 -6.56498932043438 -6.79916086296858 -6.67857748498822 -6.37713067082655 -6.23637127051203 -6.23314920813525 -5.97321314487381 -5.62119384334685 -5.42048789244868 -5.76183827112316 -5.68261592457292 -5.38460695360811 -5.71940466109867
-3.4e+38 -3.4e+38 -3.4e+38 -3.4e+38 -3.4e+38 -3.4e+38 -3.4e+38 -3.4e+38 -3.4e+38 -3.4e+38 -3.4e+38 -3.4e+38 -3.4e+38 -3.4e+38 -3.4e+38 -3.4e+38 -3.4e+38 -3.4e+38 -3.4e+38 -3.4e+38 -2.6679789085489 -2.93699865719227 -3.40264158972478 -3.29174521138538 -3.30009996935615 -3.54337585934425 -3.79602654292508 -4.18156502995513 -4.88415879609378 -5.17555067978767 -5.22311054123242 -4.62604148365387 -4.31201544052647 -4.27365777288536 -4.34477252202442 -5.00352672342183 -6.49039032635099 -6.99438452887993 -6.73665514549757 -6.43365693008157 -6.38708110830314 -6.52060493299131 -6.21816647638754 -6.15503352179084 -6.03827476340305 -5.81684479155872 -5.81037097581498 -5.41194626303999 -5.88510965073047 -5.57891020723743 -5.23132257598112 -5.38681831729216
-3.4e+38 -3.4e+38 -3.4e+38 -3.4e+38 -3.4e+38 -3.4e+38 -3.4e+38 -3.4e+38 -3.4e+38 -3.4e+38 -3.4e+38 -3.4e+38 -3.4e+38 -3.4e+38 -3.4e+38 -3.4e+38 -3.4e+38 -3.4e+38 -3.4e+38 -3.4e+38 -2.74796191802978 -2.92834021282279 -3.02287605680053 -3.03208341591161 -3.30298564524462 -3.53750864877897 -3.6778246750341 -4.14090554015234 -4.61162132935539 -4.81544464727583 -4.94954936089554 -4.41209540409582 -4.18898251874788 -4.0915729377641 -4.24233573916315 -5.04763049249058 -6.6360694254531 -6.50332726456434 -6.64249308945464 -6.64072870009027 -6.31016958947622 -6.46520149442582 -5.97320648808157 -6.11067624166494 -5.82391586636641 -5.69865948595672 -5.59905892486272 -5.49740176108775 -5.61256582427394 -6.11493834573472 -5.16143136230898 -5.4985706582755
-3.4e+38 -3.4e+38 -3.4e+38 -3.4e+38 -3.4e+38 -3.4e+38 -3.4e+38 -3.4e+38 -3.4e+38 -3.4e+38 -3.4e+38 -3.4e+38 -3.4e+38 -3.4e+38 -3.4e+38 -3.4e+38 -3.4e+38 -3.4e+38 -3.4e+38 -3.4e+38 -3.4e+38 -2.8628375172743 -3.09417990959568 -2.99470882584609 -3.10519487116668 -3.36241923527761 -3.70839341133621 -3.97125283008364 -4.36364308099704 -4.48297440454492 -4.75067443940309 -4.33211681864658 -4.10877644804902 -4.05597162663959 -4.17856479950781 -5.08616112556458 -6.61487135247103 -6.63875720673485 -6.6862769290994 -6.56831912227286 -6.50684436909467 -6.28747647631386 -6.06701014079997 -6.2270664700014 -5.84924835922692 -5.6528566446752 -5.48568448202411 -5.51572588461559 -5.67467235902787 -5.90477485866521 -4.94073444989012 -5.41408287758421
-3.4e+38 -3.4e+38 -3.4e+38 -3.4e+38 -3.4e+38 -3.4e+38 -3.4e+38 -3.4e+38 -3.4e+38 -3.4e+38 -3.4e+38 -3.4e+38 -3.4e+38 -3.4e+38 -3.4e+38 -3.4e+38 -3.4e+38 -3.4e+38 -3.4e+38 -3.4e+38 -3.4e+38 -2.82529583212284 -2.89794282899462 -2.84594494662413 -3.03124486960507 -3.36738242257375 -3.59017895115227 -4.08965263602916 -4.4591787761901 -4.42644591883652 -4.97811745119727 -4.3856483553846 -4.41456709774825 -4.19468827709096 -4.36088661172349 -5.3971189893609 -6.48247531374003 -7.23711418155931 -6.66272179979858 -6.3603431079939 -6.40339734113367 -6.56957792693931 -6.08515043411735 -6.21524543162299 -5.91143891995676 -5.47588759315467 -5.37873151635668 -5.52924876056778 -5.86707274612564 -5.36219381665655 -5.06574458662004 -4.21211444272325
-3.4e+38 -3.4e+38 -3.4e+38 -3.4e+38 -3.4e+38 -3.4e+38 -3.4e+38 -3.4e+38 -3.4e+38 -3.4e+38 -3.4e+38 -3.4e+38 -3.4e+38 -3.4e+38 -3.4e+38 -3.4e+38 -3.4e+38 -3.4e+38 -3.4e+38 -3.4e+38 -3.03409594817976 -3.11556055530735 -3.33560791914343 -3.15029479323977 -3.08785773826851 -3.17079733335334 -3.49505477767771 -4.29501250952478 -4.52039246622851 -4.49547142021951 -5.03597999517699 -4.52987502320892 -5.05294450524065 -4.72159184979401 -4.87869132920714 -5.860413475499 -6.1282596510256 -6.45977725648375 -6.48525116174809 -6.06434863190859 -5.85303871230954 -6.26947605857016 -6.12985531753976 -6.35731923853509 -6.0663374631004 -5.67032952590283 -5.7614633745889 -6.02481249325399 -6.04000599219941 -5.5610600979745 -3.80484754664677 -2.98688276160647
-3.4e+38 -3.4e+38 -3.4e+38 -3.4e+38 -3.4e+38 -3.4e+38 -3.4e+38 -3.4e+38 -3.4e+38 -3.4e+38 -3.4e+38 -3.4e+38 -3.4e+38 -3.4e+38 -3.4e+38 -3.4e+38 -3.4e+38 -3.4e+38 -3.4e+38 -3.4e+38 -3.28150745566099 -3.25882440466893 -3.33301786727782 -3.267342228355 -3.1463126113941 -3.26960731537565 -3.50952187615738 -3.99405706070562 -4.52941665670688 -5.0899198899548 -5.09391676288607 -4.88646028083443 -5.30707372988136 -5.01937734048548 -5.60612132483503 -6.51142693057846 -6.30789858974344 -5.82320633240037 -6.41796467334589 -6.2054626663921 -5.57980593112126 -6.15217999707318 -6.21970753640454 -6.74107219545252 -6.46676136341526 -5.78895561379778 -6.12669839240152 -5.81874553630667 -6.44565071028227 -5.32169585952826 -3.09428401224923 -2.68742306501569
-3.4e+38 -3.4e+38 -3.4e+38 -3.4e+38 -3.4e+38 -3.4e+38 -3.4e+38 -3.4e+38 -3.4e+38 -3.4e+38 -3.4e+38 -3.4e+38 -3.4e+38 -3.4e+38 -3.4e+38 -3.4e+38 -3.4e+38 -3.4e+38 -3.4e+38 -3.4e+38 -3.47574573308465 -3.70919182639912 -3.46920540681971 -3.33025027851115 -3.41936814597765 -3.5920061185816 -3.71982245289201 -4.28691583117065 -4.90809424108027 -5.20781387202281 -5.07297367020538 -5.6037561874715 -5.12038757783293 -5.33659909368189 -6.81271824108391 -5.87576486089947 -6.20238758509632 -5.32087471642036 -6.00949337757202 -6.11166177052342 -5.93510010624055 -6.04981685679904 -7.09985989706028 -6.84844601378392 -6.35311376259394 -6.03538451127096 -5.97517760073336 -5.6788720692702 -6.06308796694171 -5.83690748389812 -3.05859386494825 -2.38147760031511
-3.4e+38 -3.4e+38 -3.4e+38 -3.4e+38 -3.4e+38 -3.4e+38 -3.4e+38 -3.4e+38 -3.4e+38 -3.4e+38 -3.4e+38 -3.4e+38 -3.4e+38 -3.4e+38 -3.4e+38 -3.4e+38 -3.4e+38 -3.4e+38 -3.4e+38 -3.4e+38 -3.70304193066568 -4.20673617303131 -4.08307074695078 -3.43469421245766 -3.52201047678078 -3.59440729131563 -3.77315744422224 -4.2588696693979 -4.96600496997984 -4.99705811963292 -5.15376967235542 -5.91099162684909 -5.82142985349723 -6.14552689246336 -6.71022031643433 -6.02551050823321 -5.5176822224463 -5.36711766273802 -5.31687759230323 -6.07371588380482 -5.67066747560859 -6.13489788730327 -6.73182949553249 -6.50434588617384 -6.65352584902073 -6.60143063258711 -6.26945187842776 -5.33534537291935 -5.83150047599172 -5.78034001719218 -3.35943884100959 -2.42504346523538
-3.4e+38 -3.4e+38 -3.4e+38 -3.4e+38 -3.4e+38 -3.4e+38 -3.4e+38 -3.4e+38 -3.4e+38 -3.4e+38 -3.4e+38 -3.4e+38 -3.4e+38 -3.4e+38 -3.4e+38 -3.4e+38 -3.4e+38 -3.4e+38 -3.4e+38 -3.4e+38 -3.82895604716395 -4.38029011439164 -4.30275377876053 -3.8339624781991 -3.63821694283895 -3.68369010603056 -3.72743544277731 -4.61859268087706 -4.85518625624618 -4.73606558195862 -5.39252635439939 -6.31647329948236 -6.64696177589486 -6.15152582296156 -6.44066216428451 -5.56133135039226 -5.33306756095758 -5.15004216120879 -5.47504582608069 -5.94736861160641 -5.74504995233887 -6.11437425707269 -5.88115699190777 -6.11746437125503 -6.90333207000208 -6.25543126713904 -6.30522876857862 -5.40982982738965 -5.27810157026724 -4.54700880434965 -2.97740736013004 -2.49788046546352
-3.4e+38 -3.4e+38 -3.4e+38 -3.4e+38 -3.4e+38 -3.4e+38 -3.4e+38 -3.4e+38 -3.4e+38 -3.4e+38 -3.4e+38 -3.4e+38 -3.4e+38 -3.4e+38 -3.4e+38 -3.4e+38 -3.4e+38 -3.4e+38 -3.4e+38 -3.4e+38 -3.85765529488794 -4.17513506999312 -4.0972199896223 -4.08263737306667 -3.74511295890989 -3.89879977270972 -4.00405945050816 -4.76968887572214 -5.18417911251355 -4.94068052205852 -5.68692141991544 -6.92104070051102 -6.38171587954457 -6.0327057089366 -6.11125438292109 -5.09936358764314 -5.05730766379559 -5.34433474146677 -5.60498952197592 -5.99110238572422 -5.87208993036167 -5.78601953422496 -5.89615148670114 -6.22097545697546 -7.08925705039491 -5.63183427215145 -5.6137882073539 -5.15763471950912 -4.76028670628937 -3.49724681684845 -2.78853253485892 -2.5822931115728
