data/pcas/pcas_can_126/pca_referenceLayers_can_126/PC01.asc
NCOLS 494 
NROWS 529 
XLLCORNER -117.166666666667 
YLLCORNER -55.5 
CELLSIZE 0.166666666666667 
NODATA_value -3.4e+38 
[rows 0 to 22 of 529, columns 156 to 207 of 494]
-1.8859860832059 -1.83113615192718 -1.85734511295601 -1.89880316139764 -1.92550648958758 -1.96075741575586 -2.01136089591213 -2.05913233282285 -2.10311925589149 -2.09573096795721 -2.18779165096071 -2.38695574388914 -2.38684831710698 -2.37575526031327 -2.35644298605741 -2.34347822111097 -2.33963574318753 -2.33701912281764 -2.32808291414451 -2.31462902827983 -2.4062192411866 -2.38810895487397 -2.42833307839361 -2.41751646253454 -2.37714111567076 -2.34963487301349 -2.34850199210197 -2.20437935279114 -2.1360445156991 -2.10330875485557 -2.11924206024717 -2.11152505924776 -2.14619666661999 -2.17023350604767 -2.1752707474904 -2.28510693991471 -2.32829825931957 -2.48766753853345 -2.5722878077198 -2.61159153243115 -2.64193493317841 -2.13672965066706 -2.14182691713496 -2.64916924218537 -2.59111135446917 -2.53852906107168 -2.59223560086001 -2.5993943197036 -2.07955979337664 -2.05767176655901 -2.03982390033027 -2.01868854649292
-1.83804286010775 -1.84898025727276 -1.89918214369077 -1.91915147408759 -1.93315188761715 -1.92088089610593 -1.91701298482056 -2.01915228940045 -2.03014471036993 -2.30866945139311 -2.29945170901808 -2.31675835292395 -2.33230474732947 -2.31390320537062 -2.25378832718842 -2.25448968141701 -2.25678216700429 -2.2524401760008 -2.27328322678682 -2.26656401106234 -2.39967513150848 -2.40735814911378 -2.4064657262317 -2.37452422600374 -2.31343773580591 -2.26894481031139 -2.25875325203112 -2.22595324306403 -2.05593430464168 -1.98815894319063 -2.0565703279654 -2.06892167014789 -2.08152500795225 -2.11567191479572 -2.18790284521552 -2.38398015053362 -2.43071671706564 -2.44334022771598 -2.52329694029365 -2.56540219016897 -2.08725739871989 -2.10258978477009 -2.10233058315591 -2.09365062510115 -2.56659747087206 -2.54448106190141 -2.52925230677947 -1.99291087635166 -1.98081512102449 -1.98290648782323 -1.9955222912138 -1.95604819967186
-1.79880167290689 -1.84044017476598 -1.86423927552518 -1.89850435033179 -1.88350425644129 -1.86256360302203 -2.12392381121097 -2.16831433594534 -2.28174894554317 -2.22080894298573 -2.22016975335959 -2.25964558225502 -2.28186591345866 -2.28530763781075 -2.23155829230644 -2.21070562912896 -2.2929154747255 -2.30356939798915 -2.30294027490595 -2.30480525007663 -2.35562642886934 -2.38822976788317 -2.37286242324382 -2.32937248867742 -2.28365631063449 -2.25273047825593 -2.21235722814141 -2.1899869897458 -2.17310286628274 -2.14643100483898 -2.14869623352962 -2.16763748069005 -2.17918151931384 -2.23458366417385 -2.29520832396483 -2.39079770729391 -2.44580293233003 -2.46125862155541 -2.00481399939761 -2.02886595170876 -2.01686658861765 -2.03377556916895 -2.04373362216123 -2.03269044625287 -2.0071022392529 -1.9819200654254 -1.92433518180484 -1.8749982781251 -1.89558508223519 -1.94479316757447 -1.97423582822458 -1.92489185615378
-1.77947342480581 -1.79864040272431 -1.81040408803989 -1.82298650843447 -1.80549918020809 -2.02390071646674 -2.07322164809093 -2.10484204017734 -2.21079648850801 -2.16231232114845 -2.17122606313313 -2.19216474369465 -2.21687805113021 -2.2306803294759 -2.21562266094546 -2.27290586613481 -2.20929537095 -2.21178180536426 -2.21069401870069 -2.25674294630927 -2.28859612857354 -2.31214076889176 -2.29300028903628 -2.25878914183355 -2.24492891863416 -2.22688948293919 -2.19476061911999 -2.16273149375653 -2.14269363536714 -2.1383647555577 -2.14516088614126 -2.16049923468006 -2.16475932452124 -2.23438424708674 -2.29286150372097 -2.35271860504693 -2.38866733109281 -1.93222846255122 -1.96362120272808 -1.95253984369975 -1.95628201248974 -1.95240758450273 -1.94802081706667 -1.93620030610943 -1.91405956745091 -1.90748709838687 -1.85234201443374 -1.99026473937517 -1.81364247132445 -1.85775888402473 -1.88655218090384 -1.8399840652729
-1.70534537657848 -1.73154555816248 -1.74469881816572 -1.73156080084788 -1.91490832773221 -1.94947908135312 -1.9771857793368 -2.01822325186278 -2.12793814520631 -2.14960527652773 -2.12017180470802 -2.13001888203181 -2.15562924794639 -2.29539411979051 -2.28951882981438 -2.23364900798299 -2.1834022560088 -2.16417847593075 -2.1326412082571 -2.15061425369838 -2.18194188805477 -2.19357981081028 -2.22249739304752 -2.23919721841946 -2.21628982417204 -2.16478104829647 -2.13973278664731 -2.11859986217443 -2.12443430351004 -2.13182745829578 -2.14178168093353 -2.138975009978 -2.16970486613252 -2.22431028317346 -2.26249642295823 -2.27465041590893 -2.24518327922024 -1.82499620170565 -1.83552413950706 -1.83826569354099 -1.83107762160602 -1.83615480963969 -1.83795719969372 -1.81133316091769 -1.82322294609316 -1.82844733035346 -1.96002774367208 -1.93334944212808 -1.9095454456994 -1.74299863247514 -1.71481189613192 -1.68165404014451
-1.62830224707942 -1.65161870927609 -1.67415373572002 -1.88332266758379 -1.87087301146158 -1.88240592505855 -1.87904158306049 -1.93088112478442 -1.9379536151261 -2.03867077124738 -2.03811222817331 -2.15498598551761 -2.15182698882281 -2.2224879195389 -2.23188932093642 -2.17795306024356 -2.14463646279005 -2.09679665588405 -2.06971672369403 -2.07603719616156 -2.08406984367241 -2.10388128689996 -2.12290635876316 -2.15317895673685 -2.12872102107933 -2.10664325771382 -2.06095925943968 -2.05531172382416 -2.06077739818446 -2.07133308837388 -2.10448687072694 -2.11445878799533 -2.13212877234013 -2.18390296490822 -1.72967643986602 -1.68385344641163 -1.60718755786437 -1.68973073708149 -1.68934541171525 -1.69745508234343 -1.6939469958941 -1.69727376092718 -1.70050423227463 -1.72123197987088 -1.74287669659439 -1.91262777303238 -1.89625761468168 -1.86589088975229 -1.82881773502276 -1.62126336557152 -1.59847856453174 -1.57987813748878
-1.55261916095845 -1.60465807290868 -1.81671267476811 -1.84740837054757 -1.83481746960589 -1.79952296134538 -1.75873541948996 -1.79352419991951 -1.79463436861759 -1.79707481444325 -1.79033897243231 -2.0589940178319 -2.08174941262205 -2.12480580440105 -2.13844507527763 -2.11273194503499 -2.06886021527452 -2.01367111099604 -1.96741251705916 -1.94572844181398 -1.97237261244283 -1.99416984794157 -2.03538030854868 -2.02885267682203 -2.01851471807121 -1.9828226457929 -1.47829125392584 -1.97402724915205 -1.99149178198701 -2.01480341906917 -2.08335944517208 -2.08465912067102 -1.58415782035929 -1.59303225693979 -1.61066126142742 -1.57445189026146 -1.50911041087255 -1.55179750368883 -1.56021048114757 -1.56558750424397 -1.56878526649985 -1.54222698485567 -1.72429628856936 -1.7933935520485 -1.81297865504626 -1.83797829691581 -1.82575899206268 -1.79094328633989 -1.75551825044599 -1.70183991431164 -1.49118580037741 -1.46906038738932
-1.46552461359357 -1.94239425806299 -1.99141381215979 -1.79703875436035 -1.77746135707889 -1.74247019368799 -1.67513870953024 -1.64755251295145 -1.67729943206136 -1.67358896806233 -1.88977593436573 -1.91344704076832 -1.97315393744402 -2.01808518570686 -1.5448326866544 -1.50689439992047 -1.46484493786619 -1.87900675116694 -1.84842344842752 -1.77950882155697 -1.81734151838003 -1.38985391967356 -1.43258350909647 -1.42335699583737 -1.36061892452358 -1.33052078331372 -1.36295075068756 -1.39056320948105 -1.43321761182558 -1.50773363707987 -1.75825394259063 -1.77092421195516 -1.74026385158151 -1.51936706193835 -1.50284092182437 -1.4747946617675 -1.44038222626205 -1.89675350280283 -1.45824274228856 -1.47335107547871 -1.46308380569268 -1.46475570656108 -1.47738579738144 -1.68690067328435 -1.72730798329212 -1.73461426695889 -1.76107780312751 -1.75291953772724 -1.70577584646696 -1.61880445684487 -1.58718304494141 -1.55998594510563
-1.81179269082071 -1.93412809538624 -1.96030596621933 -1.71096232915568 -1.68259275860515 -1.66063671398188 -1.61178963402426 -1.76680498775519 -1.74978397600517 -1.77197765925753 -1.76782917366368 -1.76564050877688 -1.82504586526116 -1.41069616632044 -1.40226398177391 -1.51979082738857 -1.50051383729001 -1.26263211647541 -1.21484328735777 -1.08315377002575 -1.11329433956101 -1.35997863250299 -1.39708374581377 -1.42204864834918 -1.37662032983301 -1.36982416895965 -1.40908602929915 -1.45092929208949 -1.50357584000724 -1.54819836654983 -1.62684169547999 -1.69359444459566 -1.73696219161572 -1.664669174686 -1.35836238896132 -1.35499649826381 -1.32414825808675 -1.36420803542854 -1.3988149209642 -1.39767589773139 -1.36745428386107 -1.37136228478262 -1.39752979823608 -1.4363151830689 -1.61259329632453 -1.65258322359322 -1.68610362880767 -1.69294685930603 -1.6660834807855 -1.5915869653496 -1.55464073302298 -1.50458166086052
-1.7552476094796 -1.92110209354381 -1.92004826847705 -1.59870688310774 -1.57103381238716 -1.64347892307236 -1.77389875944337 -1.66767322245193 -1.64015682446343 -1.6686468853719 -1.66311796352242 -1.19474027571259 -1.39374488269482 -1.40721967882573 -1.43691475472499 -1.387893448486 -1.36174890536795 -1.30302407572283 -1.22253635541703 -1.07264990015329 -1.12821097694282 -1.15198801477943 -1.16390335714305 -1.18227063681728 -1.17565633467107 -1.20721415539922 -1.25309761394742 -1.28746548184129 -1.34624057846509 -1.38395219545728 -1.45261755358235 -1.53310932876855 -1.56596883903068 -1.53465823854109 -1.45080430222396 -1.41648152691659 -1.4307803260397 -1.4705495993471 -1.49413860805367 -1.47588131859982 -1.458362654118 -1.44387902426926 -1.47923814459847 -1.49224292838488 -1.51231993927665 -1.54914228978109 -1.60687737581975 -1.65189265001355 -1.60509892773948 -1.55910813048929 -1.46600792778594 -1.41991909386426
-1.70004117765565 -1.76601184881426 -1.24230198937601 -1.20661139550065 -1.43545683244176 -1.19800033615271 -1.13714292671865 -1.09939800478331 -1.10196744967801 -1.10087805834036 -1.08958079203812 -1.2460408232581 -1.20945343652591 -1.22447964003528 -1.23802391222343 -1.24262269274826 -1.19682744215134 -1.15869815730988 -1.05324317686926 -0.890698670608113 -0.935262071898813 -0.950228007550166 -0.968952632380234 -0.933988157945008 -0.97411081808124 -1.03514093151627 -1.0646722444825 -1.1064886472532 -1.14998340469183 -1.16666153864436 -1.2173770473107 -1.29057910698814 -1.34711506429768 -1.33543737831341 -1.31828297410766 -1.31449410839632 -1.35485343105512 -1.34554885034417 -1.35905775246338 -1.34242189620055 -1.3417177273069 -1.33594304372022 -1.37443784809761 -1.41558355864332 -1.42219981007436 -1.44912377734302 -1.50193683744227 -1.55506490391619 -1.53763580171243 -1.45628694111818 -1.37558297215618 -1.33272302663779
-1.05328828278466 -1.05638099862234 -1.05395536862913 -1.04528916438249 -1.05802982130819 -1.10411673099099 -1.07238293909598 -1.06831026059145 -1.058365094425 -1.22217428915763 -1.17425273809007 -1.08687447777191 -1.04014847810538 -1.04401146681635 -1.03294069620509 -1.0376022543584 -1.01433421086896 -0.978578874901021 -0.850088061646153 -0.779318343723408 -0.817308375303911 -0.802697623742084 -0.771876248999578 -0.724078078339952 -0.787546054758726 -0.862568729816824 -0.882981695909582 -0.886485523306758 -0.950875652810742 -0.955869163633254 -0.947035945045986 -1.01272054772011 -1.09462709390822 -1.13400218190589 -1.15368081533181 -1.19459800402678 -1.2309846142174 -1.15059643554558 -1.20204799787928 -1.2354588624854 -1.20078699375552 -1.18396844853465 -1.2429773295896 -1.28100193539781 -1.28316639172808 -1.31643406182101 -1.37392819016095 -1.38031616946106 -1.39700277894789 -1.34638283610476 -1.30013448697362 -1.22506982984892
-1.08399533556782 -1.08091581431907 -1.07935660951742 -1.08229668351275 -1.12250275201844 -1.14991143048748 -1.1672800693269 -1.20158618160977 -1.20648741200552 -1.16838082265473 -1.0667873038643 -0.975378549184244 -0.880032635516747 -0.869348492173387 -0.885527945644833 -0.825047162242837 -0.85590683054865 -0.842329088391576 -3.4e+38 -3.4e+38 -0.69507170747887 -0.656049221396519 -0.623875050631773 -0.553667866341936 -0.607377981868754 -0.682970885059592 -0.705568311506533 -0.741238590471042 -0.758186907636217 -0.759393467950011 -0.7874535191712 -0.813812260098334 -0.884256806170012 -0.932380572898511 -0.989883813473252 -1.03818153123061 -1.11328173977877 -1.11048022871221 -1.11102823188278 -1.03649018042756 -0.9753685296345 -0.957075978971602 -1.07142569039319 -1.11057818261365 -1.16451534714543 -1.19135438605662 -1.21716382972367 -1.23624982550551 -1.23855272643483 -1.21479633144646 -1.16688823787548 -1.14112262716316
-0.924958629770722 -0.963991910352068 -0.959367676697662 -0.935972491330998 -0.954693851644178 -1.01094038994907 -1.0448415744944 -1.13634763996139 -1.12098863201246 -1.09418340267882 -0.986095079338361 -0.864867417850376 -3.4e+38 -3.4e+38 -0.711361483981031 -0.636045585484513 -3.4e+38 -0.697837462918087 -3.4e+38 -3.4e+38 -0.575743249491642 -0.528861627545932 -0.472835729798081 -3.4e+38 -3.4e+38 -3.4e+38 -3.4e+38 -3.4e+38 -3.4e+38 -3.4e+38 -0.579974545898644 -0.642021210211722 -0.715954958566624 -0.747176534252612 -0.772771791907447 -0.872485312180208 -0.955296413502344 -0.989810051877715 -0.938961922830866 -0.811947375132792 -0.762091462080831 -0.783303743735189 -0.904527329099896 -0.989656714268015 -1.02019198684627 -1.04089712125998 -1.07402473128608 -1.10204228027509 -1.10403793254245 -1.08088675718137 -1.0388872339078 -1.06100867135771
-0.872582876937967 -0.879909350021914 -0.835519134533847 -0.769554948525276 -0.747985028364959 -0.570438353246561 -0.613203845842648 -0.892434683712047 -0.922631300016502 -0.944657001924028 -3.4e+38 -3.4e+38 -3.4e+38 -3.4e+38 -3.4e+38 -3.4e+38 -3.4e+38 -3.4e+38 -3.4e+38 -3.4e+38 -3.4e+38 -3.4e+38 -3.4e+38 -3.4e+38 -3.4e+38 -3.4e+38 -3.4e+38 -3.4e+38 -3.4e+38 -3.4e+38 -3.4e+38 -3.4e+38 -0.471916146785054 -0.502000596341493 -0.555570516201671 -0.582491693111563 -0.657868924600803 -0.767703447296848 -0.75835389775435 -0.725658575913175 -0.676836259699354 -0.692880586628987 -0.758400786471495 -0.801202693279876 -0.852679755498207 -0.895301324210293 -0.946884193005996 -0.963158302902294 -0.975997774239006 -0.981800030121523 -0.985556697350181 -0.98483209671372
-0.778208027252339 -0.7676648383352 -0.74570488630107 -0.76278046868865 -0.692078619459682 -0.557702634766474 -0.538019242537795 -0.703096942579566 -3.4e+38 -3.4e+38 -3.4e+38 -3.4e+38 -3.4e+38 -3.4e+38 -3.4e+38 -3.4e+38 -3.4e+38 -3.4e+38 -3.4e+38 -3.4e+38 -3.4e+38 -3.4e+38 -3.4e+38 -3.4e+38 -3.4e+38 -3.4e+38 -3.4e+38 -3.4e+38 -3.4e+38 -3.4e+38 -3.4e+38 -3.4e+38 -3.4e+38 -3.4e+38 -0.330114882863099 -0.319929550102402 -0.382903363988908 -0.562286993789758 -0.614274838516717 -0.580328226199228 -0.549956762515992 -3.4e+38 -3.4e+38 -3.4e+38 -0.682855813689446 -0.72937305514578 -0.793539901746979 -0.823593486659495 -0.849865962120912 -0.88291362579741 -0.896434448585205 -0.906273822825721
-0.56968648832423 -0.5909865338225 -0.585708784722151 -0.558179482344257 -0.624707017667881 -0.632498183863136 -0.627651605984625 -0.656407620577403 -3.4e+38 -3.4e+38 -0.507162660597159 -3.4e+38 -3.4e+38 -3.4e+38 -3.4e+38 -3.4e+38 -3.4e+38 -3.4e+38 -3.4e+38 -3.4e+38 -3.4e+38 -3.4e+38 -3.4e+38 -3.4e+38 -3.4e+38 -3.4e+38 -3.4e+38 -3.4e+38 -3.4e+38 -3.4e+38 -3.4e+38 -3.4e+38 -3.4e+38 -3.4e+38 -3.4e+38 -0.278374710757397 -0.320612120977855 -0.458769051034221 -0.485923758533702 -3.4e+38 -3.4e+38 -3.4e+38 -3.4e+38 -3.4e+38 -3.4e+38 -0.595824632637741 -0.638831626584159 -0.684851622640596 -0.731013123222042 -0.748916361600459 -0.801514198605391 -0.839278852570875
-0.373982596685216 -0.438821016661882 -0.474009614749502 -0.504503130150191 -0.539831376144622 -0.462047096401455 -0.527136168744638 -0.476990836832002 -0.475656026492257 -0.506386080006467 -3.4e+38 -3.4e+38 -3.4e+38 -3.4e+38 -3.4e+38 -3.4e+38 -3.4e+38 -3.4e+38 -3.4e+38 -3.4e+38 -3.4e+38 -3.4e+38 -3.4e+38 -3.4e+38 -3.4e+38 -3.4e+38 -3.4e+38 -3.4e+38 -3.4e+38 -3.4e+38 -3.4e+38 -3.4e+38 -3.4e+38 -3.4e+38 -3.4e+38 -0.33640019576738 -3.4e+38 -3.4e+38 -3.4e+38 -3.4e+38 -3.4e+38 -3.4e+38 -3.4e+38 -3.4e+38 -3.4e+38 -3.4e+38 -0.521362939289277 -0.581500247449873 -0.627931336944439 -0.644847223302494 -0.686890350548299 -0.735943007822521
-0.277556679035016 -0.283245407822008 -0.3925622078233 -0.411379421215228 -0.430509496239812 -0.415979968433182 -0.358689113099378 -0.391554575060367 -0.375283443418188 -3.4e+38 -3.4e+38 -3.4e+38 -3.4e+38 -3.4e+38 -3.4e+38 -3.4e+38 -3.4e+38 -3.4e+38 -3.4e+38 -3.4e+38 -3.4e+38 -3.4e+38 -3.4e+38 -3.4e+38 -3.4e+38 -3.4e+38 -3.4e+38 -3.4e+38 -3.4e+38 -3.4e+38 -3.4e+38 -3.4e+38 -3.4e+38 -3.4e+38 -3.4e+38 -3.4e+38 -3.4e+38 -3.4e+38 -3.4e+38 -3.4e+38 -3.4e+38 -3.4e+38 -3.4e+38 -3.4e+38 -3.4e+38 -3.4e+38 -3.4e+38 -0.434490535785601 -0.474679436871786 -0.471459962175648 -0.535063487096727 -0.641899076233992
-0.215141788188191 -0.184654948825862 -0.20127876362756 -0.169867552878432 -0.224838359692122 -0.280690740095412 -0.219851601398021 -3.4e+38 -0.255586518372163 -3.4e+38 -3.4e+38 -3.4e+38 -3.4e+38 -3.4e+38 -3.4e+38 -3.4e+38 -3.4e+38 -3.4e+38 -3.4e+38 -3.4e+38 -3.4e+38 -3.4e+38 -3.4e+38 -3.4e+38 -3.4e+38 -3.4e+38 -3.4e+38 -3.4e+38 -3.4e+38 -3.4e+38 -3.4e+38 -3.4e+38 -3.4e+38 -3.4e+38 -3.4e+38 -3.4e+38 -3.4e+38 -3.4e+38 -3.4e+38 -3.4e+38 -3.4e+38 -3.4e+38 -3.4e+38 -3.4e+38 -3.4e+38 -3.4e+38 -3.4e+38 -3.4e+38 -0.310552069538182 -0.352216490341476 -0.386041817969781 -0.548804966727572
-3.4e+38 -0.0456135268671545 -0.0495575139076923 -3.4e+38 -3.4e+38 -3.4e+38 -0.124167527949548 -3.4e+38 -3.4e+38 -3.4e+38 -0.358116601298541 -0.406171049257217 -3.4e+38 -3.4e+38 -3.4e+38 -3.4e+38 -3.4e+38 -3.4e+38 -3.4e+38 -3.4e+38 -3.4e+38 -3.4e+38 -3.4e+38 -3.4e+38 -3.4e+38 -3.4e+38 -3.4e+38 -3.4e+38 -3.4e+38 -3.4e+38 -3.4e+38 -3.4e+38 -3.4e+38 -3.4e+38 -3.4e+38 -3.4e+38 -3.4e+38 -3.4e+38 -3.4e+38 -3.4e+38 -3.4e+38 -3.4e+38 -3.4e+38 -3.4e+38 -3.4e+38 -3.4e+38 -3.4e+38 -3.4e+38 -3.4e+38 -0.268341829563617 -0.325961566622512 -0.486438419849818
-3.4e+38 -3.4e+38 -3.4e+38 -3.4e+38 -3.4e+38 -3.4e+38 -3.4e+38 -3.4e+38 -3.4e+38 -3.4e+38 -3.4e+38 -3.4e+38 -3.4e+38 -3.4e+38 -3.4e+38 -3.4e+38 -3.4e+38 -3.4e+38 -3.4e+38 -3.4e+38 -3.4e+38 -3.4e+38 -3.4e+38 -3.4e+38 -3.4e+38 -3.4e+38 -3.4e+38 -3.4e+38 -3.4e+38 -3.4e+38 -3.4e+38 -3.4e+38 -3.4e+38 -3.4e+38 -3.4e+38 -3.4e+38 -3.4e+38 -3.4e+38 -3.4e+38 -3.4e+38 -3.4e+38 -3.4e+38 -3.4e+38 -3.4e+38 -3.4e+38 -3.4e+38 -3.4e+38 -3.4e+38 -3.4e+38 -3.4e+38 -3.4e+38 -0.396558137064175
-3.4e+38 -3.4e+38 -3.4e+38 -3.4e+38 -3.4e+38 -3.4e+38 -3.4e+38 -3.4e+38 -3.4e+38 -3.4e+38 -3.4e+38 -3.4e+38 -3.4e+38 -3.4e+38 -3.4e+38 -3.4e+38 -3.4e+38 -3.4e+38 -3.4e+38 -3.4e+38 -3.4e+38 -3.4e+38 -3.4e+38 -3.4e+38 -3.4e+38 -3.4e+38 -3.4e+38 -3.4e+38 -3.4e+38 -3.4e+38 -3.4e+38 -3.4e+38 -3.4e+38 -3.4e+38 -3.4e+38 -3.4e+38 -3.4e+38 -3.4e+38 -3.4e+38 -3.4e+38 -3.4e+38 -3.4e+38 -3.4e+38 -3.4e+38 -3.4e+38 -3.4e+38 -3.4e+38 -3.4e+38 -3.4e+38 -3.4e+38 -3.4e+38 -0.346586269624574
