data/pcas/pcas_can_126/pca_referenceLayers_can_126/PC02.asc
NCOLS 494 
NROWS 529 
XLLCORNER -117.166666666667 
YLLCORNER -55.5 
CELLSIZE 0.166666666666667 
NODATA_value -3.4e+38 
[rows 368 to 390 of 529, columns 260 to 311 of 494]
-3.4e+38 -3.4e+38 -3.4e+38 -3.4e+38 -3.4e+38 -3.4e+38 -3.4e+38 -3.4e+38 -3.4e+38 -3.4e+38 -3.4e+38 -3.4e+38 -3.4e+38 -3.4e+38 -3.4e+38 -0.338594366968607 -0.55732046752157 -0.272617575545097 -0.244729155943715 -0.578079775765806 -0.997008126651991 -1.81831596099616 -3.20434577141686 -3.3722055437138 -4.56236001131512 -3.87621487920825 -3.77161617830947 -2.55660573233545 -2.25807448553594 -2.46652285487388 -1.10014650738127 0.0984757366909861 0.696855479417144 1.17358166412924 1.4083311654129 -1.19610851851666 -0.0865839239140891 0.817186336281099 2.07908268345751 0.434805734746115 -0.815101663656625 1.76003680852889 2.16949278744403 2.14017289552928 1.79391942407929 1.1346725784458 1.76542284050518 1.96888603509772 1.72337272430087 1.1182010126812 1.46205363119354 1.72349716059911
-3.4e+38 -3.4e+38 -3.4e+38 -3.4e+38 -3.4e+38 -3.4e+38 -3.4e+38 -3.4e+38 -3.4e+38 -3.4e+38 -3.4e+38 -3.4e+38 -3.4e+38 -3.4e+38 0.0312759055239808 -0.22577230651492 -0.443792889181854 -0.129492806435755 -0.308704931016684 -1.26789388190397 -1.37585033534051 -1.33013329742814 -2.27106499288324 -3.25237441096132 -4.37514355906418 -3.62585905529625 -3.30269762881846 -2.18388787703536 -2.36203232922957 -2.091772009061 -1.5262652797994 -1.32887218477699 0.213337420618812 1.51168249950355 1.00278080510466 -1.74288350345645 -1.9467806164186 0.835511539117314 2.14917253112648 -0.122907196619448 -0.695441671985719 1.68158951391411 1.72699384590428 1.94166342693147 1.90653684141945 2.0455131270548 2.05843145677002 2.02835664868026 1.89342713435239 1.05282261973725 1.55013338170302 1.82740847649273
-3.4e+38 -3.4e+38 -3.4e+38 -3.4e+38 -3.4e+38 -3.4e+38 -3.4e+38 -3.4e+38 -3.4e+38 -3.4e+38 -3.4e+38 -3.4e+38 -3.4e+38 -3.4e+38 0.154971481134491 -0.199643402540175 -0.340069398864664 -0.11291636384819 -0.522905156543624 -1.55458683951103 -2.15966612495038 -2.79971276757472 -2.89284435346401 -4.03429637921742 -4.51732636385401 -3.81689615073092 -3.04713603892427 -2.33647712409716 -1.82627223829778 -2.66118051413466 -0.769724141783934 -1.10072209407851 0.535509080187049 1.5581010903621 0.897042043276012 -1.96098153033486 -2.11239654399224 0.93230270538926 2.11383177140968 0.401151647044676 0.797793464709155 1.23107307287352 1.4046208200288 2.06573562603989 2.14527788696348 2.14883812195989 2.12657134931091 2.10236583569817 2.059676272869 1.31180141784736 1.59611787154477 1.86021074413443
-3.4e+38 -3.4e+38 -3.4e+38 -3.4e+38 -3.4e+38 -3.4e+38 -3.4e+38 -3.4e+38 -3.4e+38 -3.4e+38 -3.4e+38 -3.4e+38 -3.4e+38 -3.4e+38 -3.4e+38 -0.077708335207321 -0.323998597171435 -0.103436437646462 -0.534028584869848 -2.04357858154032 -2.91507875553178 -4.00607307930218 -4.23109220927197 -4.30984729108305 -4.29093468408109 -3.39842432745705 -3.18906652934897 -2.40364794332563 -1.95456378349409 -2.24906478113449 0.0259778991633793 0.50160856261381 0.462892179204481 1.59065303777287 1.30327954905034 0.00896843487584156 -0.105437493560601 1.63493258665371 2.18032481633277 1.24357987680404 1.29028696133304 1.12262467308374 1.93790277805613 2.06965152541675 2.10315356604979 2.17544460368928 2.21203850242746 2.18653839231109 2.13640766296164 1.60222435961246 1.79606376075345 1.88485295730551
-3.4e+38 -3.4e+38 -3.4e+38 -3.4e+38 -3.4e+38 -3.4e+38 -3.4e+38 -3.4e+38 -3.4e+38 -3.4e+38 -3.4e+38 -3.4e+38 -3.4e+38 -3.4e+38 -3.4e+38 -0.192665386897978 -0.111878579928247 -0.0880628673797764 -0.572511582165327 -2.17394380181753 -3.1917722202209 -3.17574259625919 -4.38912364207751 -4.28694970915405 -4.50327568521066 -3.43594361858495 -3.17241778833129 -1.91355316773856 -2.01322643177653 -1.95126510433139 0.236924741431646 1.23114441792026 0.792330270445302 1.62097525703968 1.64678969461138 1.31595729460791 0.452386692971942 1.57747457992129 2.20061521502289 2.02771772374177 0.839650282412618 1.65260478152277 2.10180408117825 2.11030164483804 2.1233390857546 2.1651573701231 2.17573260887109 2.1892505774059 2.1644048158939 1.88112577470449 1.84478018523199 1.96316285861889
-3.4e+38 -3.4e+38 -3.4e+38 -3.4e+38 -3.4e+38 -3.4e+38 -3.4e+38 -3.4e+38 -3.4e+38 -3.4e+38 -3.4e+38 -3.4e+38 -3.4e+38 -3.4e+38 -3.4e+38 -0.370193829147205 -0.457765180061718 -0.234157770592858 -0.75379949758256 -2.14938605720471 -3.95249731538298 -3.85158564802445 -3.87353887567068 -4.59770827311571 -4.50301869032704 -3.78440628219017 -4.71450199287932 -1.81748039300836 -2.63418233538463 -1.92226758739833 -0.36490766057358 1.32236425590994 1.5537184076959 1.7906981343134 1.82543564042252 1.59565010345406 0.815924381410327 0.594828135940139 2.10053431458349 2.23668967517147 1.18424892870611 1.85501399317142 2.107136846128 2.1103967723623 2.17303321763895 2.15882020703065 2.10868188145858 1.94419518940817 2.06755456099183 2.06895361215824 1.98205101118302 1.97380588900917
-3.4e+38 -3.4e+38 -3.4e+38 -3.4e+38 -3.4e+38 -3.4e+38 -3.4e+38 -3.4e+38 -3.4e+38 -3.4e+38 -3.4e+38 -3.4e+38 -3.4e+38 -3.4e+38 -3.4e+38 -0.232839684130167 -0.195013790922306 -0.1493930652263 -0.555475750553583 -2.13993152894849 -2.6166729839615 -4.12032741089026 -4.33689464705605 -4.62405681202163 -4.04126643640592 -4.35463761997122 -4.23681399445205 -1.88105954149384 -1.65870964844817 -1.86685364948372 -0.617686364207088 0.332854352110586 1.70358414188681 1.74006638800316 1.83162592967372 1.64956282637122 1.25462345878519 0.376267275814237 1.22363176126967 2.08901593940055 1.4569498549777 1.98252080775005 2.12506875374933 2.13509531692655 2.19408423490496 2.12958412689563 1.97854641257309 1.83351096721198 2.01125938536043 2.03547384361911 1.97057318193711 1.90843828377404
-3.4e+38 -3.4e+38 -3.4e+38 -3.4e+38 -3.4e+38 -3.4e+38 -3.4e+38 -3.4e+38 -3.4e+38 -3.4e+38 -3.4e+38 -3.4e+38 -3.4e+38 -3.4e+38 -3.4e+38 -3.4e+38 -0.0567189181890511 -0.00548188056981236 -0.296316442415581 -1.12163621833936 -2.39670751179951 -2.62551170406544 -3.02003626338995 -4.81445652886624 -4.2024585390186 -4.92011421815412 -2.35651925390381 -0.77589346119404 -0.638402549163828 -1.63094585960651 -0.196248213739685 0.337720919491439 1.6764720422207 1.93403517165855 1.55324241933375 1.53948857114085 1.43266311512776 0.721405149618763 0.934093041456896 1.79257319714865 2.00746783265062 2.11273051726627 2.11596556155785 2.09290079183378 2.10756414972578 2.04401382270025 1.76954216456607 1.88553278739007 1.99437382553415 1.97769054052552 1.89331372927534 1.77932246756847
-3.4e+38 -3.4e+38 -3.4e+38 -3.4e+38 -3.4e+38 -3.4e+38 -3.4e+38 -3.4e+38 -3.4e+38 -3.4e+38 -3.4e+38 -3.4e+38 -3.4e+38 -3.4e+38 -3.4e+38 0.0200105119861054 -0.122499698383403 -0.0146941558187232 0.119239545045803 -0.934253490821117 -2.17343784627513 -3.61846187529391 -3.16435177609868 -4.86475548139475 -4.93074220741893 -4.19566173544394 -1.48733283632587 -0.147435487665069 0.155812913751658 -0.985810815120379 0.864470699977648 1.14149300738739 1.80184944679795 2.02829937559257 1.72714190466086 1.45264599371774 1.51457856281346 1.3410740693997 1.62258618429034 1.55914867402572 2.05649218730831 2.14311115766221 2.10716983909281 2.10654898039395 2.05153564615856 2.01631351118068 1.94498966792203 1.9072599993297 1.97056411335609 1.68444814690589 1.56389484681977 1.38837312790267
-3.4e+38 -3.4e+38 -3.4e+38 -3.4e+38 -3.4e+38 -3.4e+38 -3.4e+38 -3.4e+38 -3.4e+38 -3.4e+38 -3.4e+38 -3.4e+38 -3.4e+38 -3.4e+38 0.204252554160013 -0.0503293620789113 -0.21514926728634 -0.112114785898602 -0.635723538233257 -2.02848269764309 -2.83847570066847 -3.91286311348543 -4.07084004804571 -5.1481763344984 -5.30661680988554 -3.57065905834702 -1.34427744084498 -0.0914955414679008 0.217281925295977 0.0921268701948237 1.24860715413032 1.43946213746577 1.85010760916324 2.10174581866479 2.06018086460303 1.27792804908795 1.36432545927933 1.70465272221295 1.87008106885326 1.84634363774828 1.96515560834592 2.06530138560306 2.13149857773212 1.95412529849798 1.82697365694298 1.82552858244168 1.83320146906562 1.88011806698857 1.8772913942525 1.65354259126575 1.46318788625077 1.4654129497495
-3.4e+38 -3.4e+38 -3.4e+38 -3.4e+38 -3.4e+38 -3.4e+38 -3.4e+38 -3.4e+38 -3.4e+38 -3.4e+38 -3.4e+38 -3.4e+38 -3.4e+38 0.272893298478635 0.268197792525244 0.027892171598088 0.2062504723777 -0.0356943089000887 -0.398906674574678 -2.14494661024216 -3.876364005682 -4.32355087210122 -4.65995090941278 -4.71628121133606 -5.91478586914754 -3.51825901758161 -1.34845496488254 -0.247354893514395 -0.652235869678667 -0.766845647212387 1.2848504576797 1.61688018356541 1.84348462947862 2.14597266040245 2.17459331300055 2.01728935754521 0.766537878017623 1.79263963495672 1.90722624936936 1.89494931409019 1.92998754001955 2.0864111317669 2.07969216746431 1.84803301516223 1.22980561550194 1.65307466117108 1.71771339199969 1.76146960526751 1.80220376538414 1.67650685194617 1.55178241274615 1.57645291124471
-3.4e+38 -3.4e+38 -3.4e+38 -3.4e+38 -3.4e+38 -3.4e+38 -3.4e+38 -3.4e+38 -3.4e+38 -3.4e+38 -3.4e+38 -3.4e+38 -3.4e+38 0.271466523842975 0.30642841383916 0.392892043258708 0.248975288030715 -0.20403437510355 -1.1429006308678 -2.77041177402551 -3.74074937773579 -4.21962024368161 -4.02179138781873 -3.98748909516615 -5.34085500941933 -4.00462194793072 -1.52716232078418 -0.58068305759417 -1.24471120461834 -0.686979963817731 1.18712877036774 1.78592573747206 2.04207925936295 2.23183725027256 2.32801415768369 2.2689733401855 0.906953710974796 1.60921782989826 1.96158497609174 2.06501895231624 2.02776202351077 2.08013202088453 2.0185037408934 1.63655933772956 1.01114755640145 1.46060392667874 1.67276845555878 1.71242364121649 1.69751711508323 1.66307241531826 1.5226210754643 1.39732695627782
-3.4e+38 -3.4e+38 -3.4e+38 -3.4e+38 -3.4e+38 -3.4e+38 -3.4e+38 -3.4e+38 -3.4e+38 -3.4e+38 -3.4e+38 -3.4e+38 -3.4e+38 0.315773750711356 0.548791697936887 0.315850457332838 0.163422413495656 0.144233834539977 -0.481956209299919 -1.45026764206455 -3.60597766291225 -4.18847024913598 -3.89420172766913 -4.02214580008946 -3.5394590254832 -2.94365871292301 -1.3381957973667 -1.0623865386762 -1.23831962787561 0.288692347261719 0.79208994317892 1.8570065092896 1.97758870398593 2.19468274582026 2.32600946477107 2.354938113791 1.48182419126534 0.961647454888888 1.66187339241105 2.10492606477708 2.09127382566904 1.98596280434908 1.85851003486782 1.12454680790712 1.31800243621686 1.35146705099884 1.59477991292285 1.62191224949356 1.60135245600611 1.5692392320427 1.37625842192338 1.1686418095503
-3.4e+38 -3.4e+38 -3.4e+38 -3.4e+38 -3.4e+38 -3.4e+38 -3.4e+38 -3.4e+38 -3.4e+38 -3.4e+38 -3.4e+38 -3.4e+38 -3.4e+38 0.210412439501247 0.230547686507581 0.16802738055622 0.0940411341819549 -0.256018119408907 -0.614440614283072 -1.73134418315674 -3.16993443832165 -3.96387819037152 -3.43315430807765 -3.18514475693848 -3.11779351976914 -1.27895737996625 -0.935751659051008 -1.56845201009888 -1.9860296982079 0.242935241625167 0.592443603391639 1.65755058518805 1.98610889789732 2.18088810887919 2.35429012040947 2.45421828211709 2.38092563058345 1.14632208898693 0.711646872085606 1.97870893801648 2.11764046862322 1.93202797010939 1.61025113293933 0.877433903775277 1.16324541585832 1.49071439655443 1.59221122983494 1.59509236609078 1.56874768104054 1.54851985399488 1.13775468384478 0.652513151906735
-3.4e+38 -3.4e+38 -3.4e+38 -3.4e+38 -3.4e+38 -3.4e+38 -3.4e+38 -3.4e+38 -3.4e+38 -3.4e+38 -3.4e+38 -3.4e+38 -3.4e+38 0.0395846395820259 0.0621201047791941 -0.0691185150424136 0.110686380198752 -0.350714431107711 -1.32429835817506 -1.99318578808978 -3.385058036961 -4.12506392875337 -3.63562858477208 -4.41928274978385 -3.6978170378757 -0.975250264164668 -0.526203468382277 -1.82507043173605 -1.69887168495986 -0.580433960666713 0.902065759336421 1.61274626223379 2.04306708588354 2.30648509564079 2.01506529187159 1.00054972905797 2.12664164316377 1.7915303812262 0.255591473748888 1.87606700477644 2.18681587790039 1.99536772198275 1.51749454830122 0.992332076569871 1.1994980836815 1.53086947658312 1.53860197422533 1.54910618824011 1.49136080401564 1.44317155636984 0.771841463124928 0.352632458891502
-3.4e+38 -3.4e+38 -3.4e+38 -3.4e+38 -3.4e+38 -3.4e+38 -3.4e+38 -3.4e+38 -3.4e+38 -3.4e+38 -3.4e+38 -3.4e+38 -3.4e+38 0.0659959094402525 -0.169687747507625 -0.0954795475532187 -0.198958494513921 -0.963550669868179 -2.69627337765344 -3.4445243648611 -3.5690805687271 -4.46327126589461 -4.77389163687747 -4.78598353882999 -3.66371951822067 -0.930342686236848 -0.0514345325137327 -0.555016963647824 -0.404956380974961 -0.9435988086229 1.10428765724261 1.36711762892993 2.04491266651806 2.31097445482915 1.28192111380759 -0.881385147940524 1.6580723482562 2.05204993787682 1.09062248899294 2.13236535508882 2.25203820271461 2.10369544545764 1.79159499260016 1.41945022441709 1.44261217839267 1.52993213597729 1.51461325814133 1.52146044944213 1.46515162733346 1.35391536260456 0.58737173901748 0.0802287200086289
-3.4e+38 -3.4e+38 -3.4e+38 -3.4e+38 -3.4e+38 -3.4e+38 -3.4e+38 -3.4e+38 -3.4e+38 -3.4e+38 -3.4e+38 -3.4e+38 -3.4e+38 -3.4e+38 0.259325473322752 -0.0560851753739787 -0.18938905493335 -1.25745183528807 -2.82755184897401 -3.58032811659403 -3.63568840269502 -4.27905435107167 -4.96578691918361 -5.03436002828106 -2.537603867067 -0.707130313791922 -0.0647391338305168 -2.62574630963653 -0.511410940363513 -0.0298375474738174 1.33134142339924 1.75486411609494 2.07246611839794 2.13353362324695 0.533165985312531 -0.207040634791683 2.07993462464978 2.30682286075123 2.1082181915261 2.26935586184888 2.14383820610194 2.17125450477136 1.96508246149238 1.75757393429394 1.55492097895063 1.50420872421272 1.5494877057466 1.50640542751383 1.39540749772697 1.25042257694872 0.635374073940736 0.0837773572842892
-3.4e+38 -3.4e+38 -3.4e+38 -3.4e+38 -3.4e+38 -3.4e+38 -3.4e+38 -3.4e+38 -3.4e+38 -3.4e+38 -3.4e+38 -3.4e+38 -3.4e+38 -3.4e+38 0.478063567066914 0.298308372417029 0.291066649658599 -0.425056604284787 -1.85032432286407 -3.76240166349975 -3.95636818255246 -3.40628190483121 -3.32387651046603 -5.12366793032145 -3.25155056712407 -0.794495143599262 -0.419832303066327 -2.5398504289609 -1.95503684114656 -0.0405700839762138 1.12151881611315 1.93935530665471 2.09578754922102 1.93612010095101 0.806883290936789 1.29569324308695 2.28579160867585 2.23532335457048 2.16750353205317 2.21860582244533 2.14808485131138 2.20548450319162 2.01350009815817 1.88347987460266 1.61840303501366 1.38555188976865 1.59704547178985 1.52734092670286 1.35587143017661 1.20311681167766 0.924193715144918 0.0209769693254359
-3.4e+38 -3.4e+38 -3.4e+38 -3.4e+38 -3.4e+38 -3.4e+38 -3.4e+38 -3.4e+38 -3.4e+38 -3.4e+38 -3.4e+38 -3.4e+38 -3.4e+38 -3.4e+38 0.217722060592893 0.454852533858033 0.473919256436021 0.0159803941586366 -0.844098871975627 -2.6943153883674 -4.34973809810571 -4.13265621307726 -3.16191439695747 -4.85699760833306 -2.84945282656316 -0.64814437823856 -0.656513137411561 -2.23996034032382 -3.14317042337777 -1.06152457268209 0.520527381422546 1.62771715493839 2.12893454404431 2.16484950647692 2.09930235115359 2.08173654873754 2.3130886144125 2.17854391617457 2.08441952596216 2.13787174482717 2.1989650282698 2.06319185119225 1.88687540421192 1.92962016691626 1.66158700035442 1.35916482033827 1.55339274597814 1.43564121464982 1.26765417548133 1.09231892422641 0.865614736049951 0.369284775169533
-3.4e+38 -3.4e+38 -3.4e+38 -3.4e+38 -3.4e+38 -3.4e+38 -3.4e+38 -3.4e+38 -3.4e+38 -3.4e+38 -3.4e+38 -3.4e+38 -3.4e+38 -3.4e+38 0.265986873739507 0.186984255945323 0.212557470481675 0.250042961267226 -0.492432331475125 -1.10316130544965 -3.83404866300541 -4.79133710370408 -5.21926074232687 -3.24715724225335 -1.61297772576388 -1.90370171238239 -0.659569130177695 -2.25552444783234 -3.07147843371296 -0.912633079246316 0.756346833557195 1.73931640013566 2.02407970623248 2.09872312879753 2.25327178061244 2.27510720264761 2.25275925487474 2.25074089274143 2.03731426600944 2.01196169881396 2.04165833121815 2.11427637558903 1.82055775411436 1.58493214290425 1.67298597280663 1.49045386059779 1.52807374761474 1.36544625734154 1.14931488609351 0.962461999843753 0.779718011246304 0.496359910241398
-3.4e+38 -3.4e+38 -3.4e+38 -3.4e+38 -3.4e+38 -3.4e+38 -3.4e+38 -3.4e+38 -3.4e+38 -3.4e+38 -3.4e+38 -3.4e+38 -3.4e+38 -3.4e+38 0.400333128531499 0.204245544742583 -0.273737753393689 -0.682643921462055 -1.16696509685697 -2.02913220170309 -3.37919116607192 -4.09860763823062 -5.69324433957967 -4.28092628075172 -2.18549803902585 -3.83752837197324 -1.70329002018338 -1.59515619048979 -2.21870181621198 0.0337145877405119 1.04454597392168 1.87526222193511 2.02933808322821 2.10612842935773 2.30223993033679 2.23158240597469 2.2529944299283 2.14837751446572 2.10619283810088 2.01857191750531 1.80724249874061 1.94522716666832 1.78847871627177 1.6490959563301 1.62475445603098 1.51226767216634 1.42527113770144 1.27546722923413 1.11672383754199 0.923612422622902 0.694102688198058 0.449980059067321
-3.4e+38 -3.4e+38 -3.4e+38 -3.4e+38 -3.4e+38 -3.4e+38 -3.4e+38 -3.4e+38 -3.4e+38 -3.4e+38 -3.4e+38 -3.4e+38 -3.4e+38 -3.4e+38 0.451629121404159 0.337202457258242 0.413176883530707 0.43180127664329 -0.181697849172897 -1.71101623085371 -3.70309566964339 -4.35255641927933 -3.32594006463245 -4.052962830252 -3.40292799871239 -4.76168985195586 -2.23678392820759 -1.33602680416491 -1.89422465486827 0.10048147577817 1.55687674857142 1.89107431802442 2.12776290630543 2.16576902818204 2.25349130063249 2.24133208633656 2.1925499585505 2.06151781111825 1.99424076640637 2.00222909581471 1.7940760910336 1.81809828452709 1.92374429237628 1.79462051683317 1.58768774787093 1.41822681532869 1.26616922568774 1.10396837219575 0.792149389290336 0.631517681363202 0.427293269434531 0.416490725198946
-3.4e+38 -3.4e+38 -3.4e+38 -3.4e+38 -3.4e+38 -3.4e+38 -3.4e+38 -3.4e+38 -3.4e+38 -3.4e+38 -3.4e+38 -3.4e+38 -3.4e+38 -3.4e+38 -3.4e+38 0.712673289669445 0.718923099251329 0.765798790080418 0.386793836487387 -1.21170058905317 -2.86489198453256 -4.34596532133954 -4.28745893697757 -3.70891882890274 -4.87213336598104 -4.25077938196115 -2.25784117433118 -1.44103718982068 -2.19225945454733 0.022150150132509 1.57056114048672 1.8781810503462 2.0491636939137 2.10656565756956 2.17127840081565 2.1314362907239 2.13052207812723 2.107906955042 2.01645814553669 1.969602710562 1.75634833041417 1.72587293881834 1.84133122123509 1.79252413851616 1.51748653538373 1.35872953374073 1.17240410307406 0.402225940133642 0.187895239018664 0.270836903739845 0.320286124361585 0.421083921261202
