data/pcas/pcas_can_126/pca_referenceLayers_can_126/PC02.asc
NCOLS 494 
NROWS 529 
XLLCORNER -117.166666666667 
YLLCORNER -55.5 
CELLSIZE 0.166666666666667 
NODATA_value -3.4e+38 
[rows 276 to 298 of 529, columns 260 to 311 of 494]
-1.43306476672891 -1.00605443072239 -0.867592727798709 -0.359252346173092 -0.839351917117744 -1.14283283264679 -2.05267120930283 -2.37670443477579 -2.04575781449185 -1.47766971131134 -1.14845500803743 -1.43848243888583 -1.53005016869973 -1.02963976706842 -1.94437267325749 -2.27110168469716 -2.07598382009673 -2.18730724913745 -2.89923078268835 -4.25053356326503 -5.12207634405394 -4.7691799423563 -4.61414668145068 -4.03875257184011 -3.40664380518015 -2.66659946914141 -2.12539862026544 -1.57914712615301 -1.11359800299999 -0.756204889364807 -0.482049631481691 -0.244252611736128 -0.0783768134260246 0.0946028842754243 0.252369438160538 0.381688836022648 0.540890079948509 0.655309123674763 0.751528747582485 0.821781005657247 0.927074192373211 1.04174625288413 1.15488034492211 1.23968130936714 1.29174358581503 1.48741673227657 1.53797109055394 1.58206767365515 1.68478331144465 1.73831616558747 1.79113955942617 1.78539923184342
-0.783481682551791 -2.34469811480546 -1.24752687842093 -1.270380297574 -1.08650132004191 -1.60112126960371 -1.74566891715828 -0.64646687509647 -1.19781827401411 -1.5536046139682 -1.83142964218293 -1.40154393270832 -1.18262197917198 -1.58786975664698 -1.3788719746777 -2.47348688448189 -2.52876720025245 -1.74653480432782 -2.50393453414845 -1.90276817716172 -2.85991568036525 -3.39393825393463 -3.64656487854511 -3.87437205315123 -3.4513519681767 -2.93071633601365 -2.46948984148768 -1.93864087549176 -1.40916318910455 -0.963950540174504 -0.662990349614632 -0.541979372931323 -0.200242404347775 0.00051972266003119 0.197495258665267 0.334732345809844 0.460384877204602 0.571976742446588 0.627154005842033 0.733301393455319 0.869542478323806 0.947975358657111 1.08289012123232 1.15677883543303 1.21479755699332 1.28761961524098 1.48297648505655 1.53290908804788 1.61306831170573 1.65978224529388 1.69164510492371 1.71396977855698
-0.801366736370598 -1.6427067541763 -1.835135472989 -2.80579790289751 -2.42916357683497 -0.728956220940068 -2.54354700626359 -2.25311982883624 -1.27195826848159 -1.29445376900277 -1.25225671324146 -1.16128642780335 -1.79306293645752 -1.50965544373349 -1.96060741369501 -2.73709863267509 -3.58169437823314 -3.25197833812814 -2.88359727864033 -2.51366566175731 -1.94038250717393 -1.94240650811649 -2.24810909669892 -2.93856590878533 -3.13188656341042 -2.81535890697887 -2.44516534696298 -2.15773184609233 -1.76901462469915 -1.4396732915245 -0.954649469132878 -0.623885297745991 -0.477865407674801 -0.170751209667314 0.14433261048177 0.252437627930322 0.350837421713883 0.481187849077288 0.562799133034986 0.69651380041654 0.788549395096404 0.883230874110928 0.946631731856721 1.07649950432984 1.15943745357328 1.24053633767963 1.42789971154716 1.47523487988899 1.54502353005896 1.5891174471125 1.62662138845849 1.6335295815164
-1.41044874885002 -2.04374476677513 -2.69800566611691 -2.36278083430987 -1.134588152942 -1.69323585871788 -2.70447089762988 -2.10431460645508 -1.86232669053514 -2.41805156721826 -1.40694227018243 -1.54600762129222 -1.45992313638078 -1.92313287646355 -2.22836990946276 -2.70256051099459 -2.97999964560376 -3.02945154991098 -3.08037024794938 -2.2122792439239 -2.82637682320158 -2.44938700103432 -2.21972157539689 -2.21499810402121 -2.3779677352251 -2.44025644715772 -2.22226329000924 -1.98547201886448 -1.79820857016291 -1.42451769290326 -1.25181506514263 -0.964806497488609 -0.556021153901729 -0.403589111548894 -0.171415022185964 0.153164188726854 0.27890331473003 0.417693948390756 0.520723237512181 0.61516670885996 0.725664554039847 0.779819000529854 0.907794560292396 1.00555163349557 1.06880993694348 1.15458186425735 1.22337403975595 1.29617934405851 1.47650106189666 1.51360327131594 1.54378240419534 1.44810203527817
-2.42056635755595 -1.75100080017768 -2.61097324950982 -1.37586345754233 -2.41438394902868 -2.92406812093118 -2.45411338804215 -1.73413128636378 -2.480807876476 -2.02724512432516 -1.82081573260897 -2.19948060054835 -1.9870251964942 -1.91759744112695 -1.76521908462654 -2.52505364285049 -2.6803058251315 -2.97438848585404 -3.24901395162535 -2.77335431706616 -2.31044446172655 -2.84165259601026 -2.60276179287617 -2.32804354608343 -1.99806379972968 -1.98593869152827 -1.87200977737131 -1.761724878732 -1.67153519097733 -1.37832972614929 -1.18054406798767 -1.07244951240287 -0.776391394434066 -0.417322393413857 -0.227584212212225 -0.0614505130813408 0.210612579865733 0.350189928847988 0.461274464726135 0.550474124862013 0.664508020497336 0.784128744873045 0.898682130480688 0.963660371723798 1.03369349895019 1.06801323847461 1.15362252213638 1.21834593944194 1.27868552170047 1.318704743084 1.34951592195568 1.40271221249031
-2.82848211346961 -1.986982954332 -2.21939137311074 -1.98529044832113 -2.11176642721015 -2.48307040068095 -2.62186174249221 -2.23274308126629 -2.79170539573485 -2.12899215562371 -1.56355376457353 -1.96217552276964 -2.00235613725059 -1.92651677506126 -1.886002341167 -1.65409709624186 -2.26635010924526 -2.8360142593896 -2.81241380009832 -2.63309357591558 -2.45709601799672 -2.16370738627423 -2.27523657016621 -2.66734206371462 -2.83988667454883 -1.97245750174723 -1.7183104025498 -1.54756208786282 -1.49249376956772 -1.4294000370881 -1.08015125801464 -0.663709376028166 -0.631249513563363 -0.520785315744631 -0.244784740758117 -0.087426346027025 0.0396269692737078 0.267555443265948 0.406750079596237 0.546300573258012 0.659898611592641 0.720657301454694 0.835836280197731 0.875881527315182 0.950964231373456 1.0051955384132 1.07892837368868 1.14715414568713 1.18338203485383 1.24887291703539 1.27403596132879 1.31241214781171
-2.77454395272646 -2.9211699693115 -2.72760795190267 -2.54202689193841 -2.68266230676824 -2.21391551328197 -2.62439771942736 -2.77787534211774 -2.71835794169826 -2.31758911793819 -1.77637160344774 -1.82729100182849 -2.25249422301561 -2.25477738751852 -2.00861470985263 -2.21584256450165 -2.870665705827 -3.18617810443086 -2.26555721261769 -2.12098757665196 -2.42677377781936 -2.18482711394509 -1.9893997944018 -2.11186238372914 -2.44874775132011 -2.24213692187299 -2.03385380324741 -1.8690795345659 -1.71374280550972 -1.42750946690564 -1.12800689533941 -0.602698541706523 -0.726974008276287 -0.711620241515966 -0.453153432135372 -0.0495115049861729 -0.0163898297679623 0.12547610829534 0.339943428789068 0.465060546751463 0.583238746481097 0.679728624407626 0.760830516600698 0.822758822566054 0.853226312665414 0.92148273062654 0.982715336630927 1.05129907046257 1.09989820194442 1.14603524038368 1.17052050584988 1.2099410655539
-2.82726269150633 -2.9301423408176 -2.79843132120589 -2.61146411326399 -3.07482773708192 -2.94581383982581 -3.42783146984327 -3.48744561993529 -3.11377762221421 -2.31382746041031 -2.06757770068677 -2.10537593411589 -2.97150239779453 -2.7758685916882 -1.80552782855353 -2.45223722458721 -2.73645749189638 -2.65690552249971 -2.36108191981304 -1.89373974752617 -1.84220854846517 -2.23921830057752 -2.73009312998961 -2.55869162928096 -2.45416435593963 -2.50124372251622 -3.00913677780588 -2.99711888369759 -2.22253743649323 -1.02371095327189 -0.61320431253931 -0.567278324458335 -0.331813380697437 -0.663092007423619 -0.343881149302064 -0.148138062737291 0.0450065612982635 0.0997751247962594 0.167132342862182 0.417552320176204 0.534438550579051 0.649076222197893 0.722936593691051 0.749692434485507 0.754811919016376 0.8135365740865 0.840525808953476 0.952254038488917 1.00973421764475 1.03446456225787 1.09077470612827 1.09605826701962
-3.3366591353111 -2.4555136716261 -2.43352727650878 -2.86840818774627 -3.18641398576225 -3.44122341653665 -3.53875728955137 -3.44335357754465 -3.56965927647259 -3.17805899786799 -2.77404126360177 -2.9718221527315 -2.69357984997486 -2.18270755026622 -1.8997397620487 -2.00533885580322 -2.67684153582442 -2.39146093398808 -1.87624124896757 -2.0137410972114 -1.77682416293751 -1.652953058159 -1.89750777300731 -1.95697030463694 -2.56906451526923 -2.74435078392554 -2.86499339426894 -3.3136928497993 -2.6951800426095 -1.53772514938411 -0.712330924189899 -0.525758667069076 -0.087701648825704 -0.456811556198483 -0.541974658653398 -0.23021696809647 -0.0243893101776285 0.108438096999929 0.201327701778449 0.221083274638957 0.465474525881418 0.612211549178372 0.686505166271956 0.650083705085177 0.680059701652476 0.753317772557792 0.767598266020007 0.822008163908534 0.876634850981416 0.894698271559084 0.924723012461097 0.94960034421124
-2.48949687943175 -2.54574140029794 -1.70420485884986 -3.0206010821424 -3.13262364259209 -3.32565191159363 -3.05458937062001 -3.34131006275862 -3.35407556822674 -3.33393478894167 -2.906132039715 -3.00707197989117 -2.91489605281438 -2.29806665297164 -2.11868738883901 -2.03520604766884 -2.22304766222053 -2.4596892799066 -1.97723113621054 -1.75277676814507 -1.66093586582024 -1.71839011832951 -1.69376897446517 -2.02268430444794 -1.75842134203551 -2.49647899751772 -2.45046895026896 -2.68024510884486 -3.22240658461165 -2.49589279141904 -1.36280596997333 -0.429115405675374 -0.170445041976386 -0.140827324858654 -0.467557497498703 -0.205068367362597 -0.125610249136871 0.0834779744714002 0.200719136746575 0.233015360658013 0.402838858287017 0.549050145744484 0.619802773634643 0.607304820432132 0.591224328261393 0.599194422465298 0.605547525425941 0.663997850934833 0.701531462913165 0.757143646868905 0.786574701029374 0.789394249558958
-1.18671794214087 -1.96518549406402 -2.42624232375773 -2.41705406753174 -3.11382360326014 -2.55440659899777 -2.26323127318029 -2.87678100722947 -2.8400765818014 -2.93314135375371 -3.15028547151925 -3.28579573594951 -3.05618034753753 -2.55366920832165 -2.94623947806983 -2.81266575182569 -2.44574545826802 -2.64829921107913 -3.12752424562136 -2.57734105133035 -1.7594835919246 -1.54811222887505 -1.74173930992235 -1.85104619163485 -1.75514286741607 -2.06753293663172 -2.34501936928471 -2.36474204598132 -2.69884854403884 -2.2583902309992 -1.6938608272477 -0.681035278836976 -0.210607070466955 -0.0333172603588506 -0.265185635382162 -0.383010540771817 -0.0403201041417663 -0.145304344579822 0.0485230151488883 0.152168497068608 0.223503135306258 0.419934775633087 0.423893902427971 0.430147722272008 0.434243646615111 0.438195421874794 0.45866127106579 0.504475112629392 0.539915877097855 0.58105338549671 0.601014711503705 0.576702374936391
-1.31107697713399 -1.37881817700825 -1.44760406460485 -0.641338019259451 -1.7541620200635 -1.13023062862822 -2.9171528874209 -3.16594895570314 -2.27797677499895 -2.78750332398671 -2.88666379865326 -3.05599026495624 -2.72038693444067 -2.57262197574276 -2.35768491389881 -2.95946136125371 -3.2879334641985 -3.27110298177656 -3.44475565540814 -2.72383603302736 -1.86232652264224 -1.47158783746195 -1.3923274347101 -1.63423438083697 -1.85485686907689 -2.03931470470972 -2.20183605715289 -2.50036914945433 -2.48885560919032 -2.09814689029079 -0.982993357846947 -1.02947742521882 -0.331382766886637 -0.0768007082084235 -0.185916282091254 -0.411828794164747 -0.249570980540482 0.00678380235912637 -0.0309427683258579 0.0208176313913848 0.0458286114748958 0.275945028591987 0.272188981495516 0.276988620158751 0.27826002051989 0.262681622670797 0.278784222248986 0.310483818449677 0.343045636477402 0.341720887243402 0.371500306007252 0.366043162843696
-1.30002300215723 -1.29041726964065 -1.89469490095495 0.0365683930295967 -0.619223900947296 -2.75104088721896 -2.41996093977757 -2.71112555600057 -1.85112259022076 -2.70704967404763 -3.12822678674244 -3.18874573086568 -3.29725027803362 -2.90463400304953 -2.48079253625404 -2.53481584411387 -2.97094150400858 -3.28762801309477 -3.36820094801597 -3.21638290980276 -1.73837824020745 -1.42484647924058 -1.19621916085029 -1.75650357300786 -2.24458764948439 -2.36377072876144 -2.29756950573468 -2.28066724997548 -2.22591214716228 -1.94521347146761 -1.64602054175639 -0.604499099785461 -0.655865010727673 -0.255655686736834 -0.0655340724185243 -0.0853767366890541 -0.124185026954742 0.011786093480266 0.00251572979304596 -0.0550485121642946 -0.146583752846475 0.0503383349041138 0.188007342750889 0.0922382537867732 0.107133138042725 0.0738346753035829 0.0675925998923465 0.0796136917220012 0.114392255590699 0.0931463248513409 0.0908200528305438 0.113435899083926
-0.175088681253883 -0.573131797255985 -0.601271655625925 -0.595682018763141 0.65370768786687 -0.690957934087479 -2.75003079066338 -3.12474512740457 -2.23408280908482 -1.10711376043685 -0.958765683831953 -1.86838710547291 -2.20215346891884 -2.18938630768278 -2.07264167559206 -2.66098340840161 -2.49082330571939 -2.59738586321644 -2.86942232649053 -2.76548774679617 -2.34691969693759 -1.17044181257601 -1.12951855445646 -1.55170321192025 -2.25335523887197 -2.48837069746844 -2.50019983902117 -2.32089516997183 -2.20937119474021 -0.874161936668399 0.000247332997344335 -1.7559914842137 -1.17715837356315 -0.471769961965635 -0.180024159296073 -0.0318589636288034 -0.015060148878465 -0.303886005461265 -0.0578346170148927 0.02005933488925 -0.223460321829977 -0.341877412240248 -0.0968553732522468 -0.0221307376111936 -0.139514219336531 -0.129924601025305 -0.146499900101216 -0.168434924832732 -0.140776777481598 -0.179487862374606 -0.199327161414527 -0.219385197211975
0.299876575648158 0.420144997117787 0.660580102426851 0.568508323216931 1.01245351447364 -0.129135183560351 -1.44318376246854 -0.547841241131478 -0.253873336773295 0.266025464469324 -1.50398639209648 -3.19956159025046 -2.53657743639082 -2.68023334538479 -2.33073736633525 -2.39814226368202 -2.54309109497521 -2.47672460433336 -2.44420479360031 -2.36366613844155 -1.91543831445772 -1.29127761686952 -1.34937040086781 -1.79853406688328 -2.24363285227523 -2.58388571203441 -2.64137108788541 -2.58470470505122 -2.43375029657875 -2.49093887618194 -0.978129551111545 -2.42188303663705 -1.9624678011031 -1.67488632465731 -0.302586914149827 -0.214321279635944 -0.0937503981318483 -0.117124445554465 -0.37133425841297 -0.292148136924766 -0.101273827005158 -0.375562731933462 -0.425727564792263 -0.244600462275578 -0.257811654213389 -0.353214052312746 -0.360214162541669 -0.417197307665634 -0.416045866285254 -0.471292705305197 -0.5316253479083 -0.510777196266123
0.945340921479051 1.0423015148218 1.12456378993941 1.17818718313546 1.10143733841776 1.01598625971366 -0.0277408730007096 0.838339471469081 0.878264220820174 -0.431177915669064 -1.19835311063434 -1.52654670163291 -1.94080602632848 -1.91129963801819 -2.26815062036628 -1.96752963506899 -2.39149351740274 -2.64261885844178 -2.32887749071021 -2.16298514757253 -2.6012126442244 -2.05992267410897 -1.77101674867995 -1.7852896120992 -1.94070878029702 -2.39506571719439 -2.58851281551644 -2.69962177336636 -2.81981622486574 -2.67918888345266 -2.25664725123254 -2.7241245441669 -3.47439971635718 -2.27246400974783 -0.844114917509993 -0.326059510632417 -0.364289891151999 -0.141542214151512 -0.436835355278602 -0.324675761317558 -0.495874280187485 -0.407970274063083 -0.556231631006734 -0.581520056246423 -0.456701440775581 -0.535020014943481 -0.61157938894713 -0.677891612473962 -0.736748747354093 -0.807666147291351 -0.817697898225165 -0.827060256330178
0.657887775076175 0.818885215279962 1.09422575161577 1.12282671897664 1.14973092377097 1.17091111285264 1.12752530489178 1.16056344402934 1.06863361580496 0.940607546020754 0.38290394136423 0.0431227873549603 -0.383895612585961 -1.35003353849068 -1.360157642197 -1.73941465474292 -1.91066081479977 -2.42491204137721 -2.33165653879753 -2.15011518100189 -2.42991757400069 -2.88217619579957 -1.77326951566264 -1.59434102852063 -1.91142269278404 -1.9473856284859 -2.46207684067128 -2.68822459793295 -2.55191021527684 -2.64250816910545 -2.2526946821832 -2.08852668190614 -2.7711696330545 -2.95121125455794 -1.60826025206262 -0.715697768207398 -0.400715954362982 -0.582787798425283 -0.559709532014459 -0.56759371734303 -0.364977281190996 -0.471583808411526 -0.696583634155509 -0.806231320194582 -0.81160911107409 -0.743693114153476 -0.813061350012478 -0.929848099090862 -0.985184324903294 -1.05153027875062 -1.07640375365088 -1.07925231440266
-3.4e+38 -3.4e+38 -3.4e+38 0.608954108415963 0.838632956508561 1.0361043934956 1.06089275909971 1.05885471632254 1.11490922430241 1.13101723202162 1.22504571498993 1.01187308100248 0.773252615098782 -0.802462802045179 -1.23931682311375 -1.84123268597345 -2.0525804007575 -2.2485135096653 -1.80510358359189 -2.60427759839164 -2.64254590662868 -2.63673057229578 -1.91993744044063 -1.70847328178086 -1.73347895681434 -1.97382545834934 -2.3181236038227 -2.35555398375862 -2.27900168654246 -2.34609673743489 -2.49941751968148 -2.07884389974844 -1.89798848541715 -2.64420100482401 -2.57005439924762 -1.34788045836213 -0.598144143549076 -0.494221013714127 -0.623474742459166 -0.505133505994116 -0.540791659744319 -0.6437951963284 -0.634940601069141 -0.849945659398589 -0.985010302944216 -1.08867375066785 -1.07890599935472 -1.18163453781126 -1.25960843691239 -1.327591307045 -1.37261032697893 -1.36670117684098
-3.4e+38 -3.4e+38 -3.4e+38 -3.4e+38 -3.4e+38 0.662305908199252 0.689962527467488 0.810812419970198 0.958878622559774 0.933506025036469 1.15131811788196 1.35169554697345 1.25782393309421 0.996539525156165 0.142463027507147 -2.02792414801117 -2.16655754508492 -1.98229267569448 -1.30256545571459 -2.53259083879942 -2.38282278918134 -2.47863875040586 -2.13207372799055 -2.1097701660662 -2.03391714646507 -1.87097045478569 -2.08730019299742 -1.99992635802756 -2.14127909025252 -2.54620760488551 -2.15368860463504 -1.71732977271692 -1.51246489147421 -1.7232419505259 -2.04806652862648 -2.36752992337904 -1.14646107662993 -0.454950835736056 -0.401035613124934 -0.358687171610309 -0.891363257273084 -0.872153684791497 -0.635276766522962 -0.813984761474072 -0.96602767706797 -1.15589079015919 -1.39419786267464 -1.45629426584867 -1.49772348311522 -1.61378767855814 -1.66875358512715 -1.61199346907847
-3.4e+38 -3.4e+38 -3.4e+38 -3.4e+38 -3.4e+38 -3.4e+38 -3.4e+38 0.429808963216924 0.587434845800062 0.725437248491369 1.06955344197742 1.32806586395853 1.3435642758429 0.783601928500953 0.322218147572035 -0.573742567234001 -1.22502737191698 -1.67686712037235 -0.860603677166574 -2.16303907023789 -2.16650388247085 -2.64152032286834 -2.75754643933441 -2.43461846555896 -1.67316445644955 -1.79264539475175 -1.84253177671012 -1.69732908623836 -1.92919826852109 -2.21989492966851 -1.99116661991451 -1.7222097277214 -1.37298925028663 -1.31846723777101 -0.894468882511197 -1.39921662397232 -2.1459075441173 -0.921019770630123 -0.362249001610767 -0.317871057472941 -0.765970563435024 -1.12524125392063 -0.611825449148276 -0.944462042988824 -0.822001118507704 -0.939109860281487 -1.21428429646147 -1.69634986846778 -1.73824372404855 -1.86510975349527 -1.90277440187006 -1.77130751313332
-3.4e+38 -3.4e+38 -3.4e+38 -3.4e+38 -3.4e+38 -3.4e+38 -3.4e+38 -3.4e+38 -3.4e+38 0.299116057335463 0.760651404737638 1.08347945605493 1.19547783135126 1.10130158891147 0.897439702619073 0.851830899732005 1.05318440601491 0.890879542915427 0.0278649395409636 -2.28608059203555 -2.18681127472287 -2.46456068134562 -2.57097163415574 -2.31083062448205 -1.44469455194128 -1.93007533674338 -1.85661606746282 -1.56773204440146 -1.44657192155905 -1.56948949916422 -1.85890122355875 -1.93146201404313 -1.4219446602493 -1.20098682517709 -1.09873025721725 -0.536456545576514 -0.552826723280519 -0.687888536967573 -1.45759079082059 -0.699872452927053 -0.651450817774652 -1.07680271700065 -0.406197854124739 -1.28409510244288 -1.29108332456086 -0.676007269279584 -0.812029266999783 -1.53701869068761 -1.94560819962376 -2.10796194207468 -2.20411112300932 -1.83262768733688
-3.4e+38 -3.4e+38 -3.4e+38 -3.4e+38 -3.4e+38 -3.4e+38 -3.4e+38 -3.4e+38 -3.4e+38 -3.4e+38 0.222345922720548 0.644921422801278 0.973372134856022 1.15071256527451 1.33587128061048 1.25903460248901 0.907522497879561 0.626580188044167 -1.08118645556722 -2.19250892058163 -2.32950113729862 -2.2114893449671 -2.37697030301703 -2.2359180589848 -1.65836752344772 -2.24733267946447 -1.64817325565083 -1.29484328224165 -1.18111508459059 -1.23617855530111 -1.21562539694798 -1.47525232045684 -1.505472118558 -1.27159734377428 -1.19313001735962 -0.925535041947667 0.00155912551760354 -0.846440253399397 -2.88926429630051 -1.40982118106532 -0.3919107523333 -0.367075154087847 -0.459848766241046 -2.00951239405822 -1.76963295613493 -1.01567350818064 -0.972258321891553 -1.09009344947747 -1.76582166594041 -2.07927005235056 -2.20665325815034 -1.89086178693148
-3.4e+38 -3.4e+38 -3.4e+38 -3.4e+38 -3.4e+38 -3.4e+38 -3.4e+38 -3.4e+38 -3.4e+38 -3.4e+38 -3.4e+38 -3.4e+38 0.0249360040686611 0.801891704489496 1.2142480784875 1.32329523137684 1.18972094334588 0.929736025178818 -0.144620151263595 -1.73790065166826 -2.38344076733482 -2.11141864638986 -2.4189204087158 -2.15886557615863 -2.04473742824013 -1.78911221330878 -1.80772375729344 -1.25050513670152 -1.05821702206865 -1.11274757822426 -0.983515291436508 -1.23694062702118 -1.54689081558524 -1.45146014756856 -0.948538390882821 -1.09545220785917 -0.991819720552964 -0.689299087697596 -1.72567804316969 -1.8203048883657 -0.590903828792787 -0.208259477038107 -0.0635409702231313 -1.12897272316332 -1.79165086482826 -1.83216787257624 -0.926270469288366 -0.571389911580602 -1.38553894154196 -1.8943034162258 -1.9787742782749 -1.80935829367228
