data/pcas/pcas_can_126/pca_referenceLayers_can_126/PC02.asc
NCOLS 494 
NROWS 529 
XLLCORNER -117.166666666667 
YLLCORNER -55.5 
CELLSIZE 0.166666666666667 
NODATA_value -3.4e+38 
[rows 253 to 275 of 529, columns 416 to 467 of 494]
1.63986113351513 1.74231914831899 1.83794262949344 1.85090630110158 1.9023369012751 1.90581335601309 1.89098479454639 1.87470329581819 2.23343607965107 2.35557823871635 2.3990389306078 2.31483791553505 2.41614070335961 2.45106519118209 2.35850356334722 2.41078769736091 2.5223213756494 2.50451187784821 2.4986911516114 2.5573414106283 2.46478364073681 2.29959978146013 2.07158202362757 2.15436430575692 2.37799856424584 2.58727281585796 2.60395487125252 2.70992650994536 2.82015095201862 2.84298165215312 2.81841706384304 2.75372661011069 2.82118091405808 2.87861699696572 2.85388449717807 2.72391132115168 2.92132587335216 3.02358494924808 3.01207843117018 2.98205528093002 2.79308509364928 2.70637655599397 2.85706813792857 2.66212765917517 2.48104136074419 2.27050831485786 2.06370181669542 1.95180284483051 1.87240613737316 1.76782500476445 1.70725141896912 1.49200322412544
1.61003274845739 1.71975445063611 1.80099397598879 1.89707199971376 1.9466285701592 1.92033242910099 1.85355820740958 1.84697944439587 2.28601709503299 2.35214258782412 2.31800689630036 2.34673257522302 2.38227695641997 2.40854471682492 2.51091811484103 2.53695660095327 2.57106224955187 2.56942520091412 2.53302736841349 2.59670985526777 2.29982440933494 2.1068606267291 2.22897277134488 2.39370656866197 2.54764618429861 2.66028763100552 2.69913386439049 2.78714514363236 2.82295809114882 2.85049057119979 2.87620268123933 2.80900361649726 2.8768638476714 2.85146428730203 2.57998059345645 2.70340518334318 2.65957354458095 2.75585143689445 2.79078567474897 2.86221242090432 2.72485550882802 2.66226222231909 2.40258687698288 2.49692091820423 2.42667979818605 2.2371177881574 2.05528135488573 1.95908243234932 1.71472753711161 1.58845710275434 1.65753735333864 1.5567293607133
1.66110603289011 1.74745314521944 1.84898745107066 1.91430392404615 1.95278593487978 1.98554942778938 2.31823328159107 2.21644101848042 2.08535326682527 2.25243182577726 2.36703806656143 2.40191400438134 2.41206009062624 2.43048621972066 2.60369928300361 2.51904307704877 2.53746902034732 2.42592709657521 2.43178418976337 2.54735708428697 2.50253200929505 2.49392183391706 2.55490808534371 2.59331317984091 2.55968705805525 2.60831151650444 2.69845059514106 2.79752057012682 2.8631169888531 2.91678898177346 2.92787303391673 2.93198539750816 2.96590371850974 2.79961056872475 2.66107088993364 2.59328775631403 2.52557246268381 2.60274185570779 2.32818178557553 2.28510109833349 2.00977001985166 2.0681747889906 2.09820710087113 2.16205799220001 1.92536631432272 1.91386410968326 1.75727254267051 1.58394172102377 1.36093586972289 1.43592690537104 1.52050932961971 1.53317911449864
1.64105315506507 2.03380347985098 2.15009219159328 2.20539555921657 2.27704612563086 2.31931732941229 2.30324618069346 2.21401257773034 2.16464290820651 2.19787890664306 2.08688500132302 2.32021418597748 2.34817953670403 2.26020868499524 2.33046362433746 2.31702979019077 2.50134380163533 2.53363180230414 2.51183885102098 2.50178469752278 2.55793333280387 2.61179491995363 2.63162188547621 2.65274864820636 2.48056633454504 2.53092816120542 2.56783437151161 2.70759261491285 2.81866126044958 2.9139487518044 2.98201924370038 3.07076940620344 3.04214691830307 2.86086091151376 2.76666033452673 2.4038722426047 2.49479247960882 2.7631504132886 2.48379505363684 1.81066992743113 1.5903692021573 1.92584132657784 2.27124407922523 1.97829083627595 1.34011854601813 1.27019862226601 1.21222663578255 1.2011863875745 1.22499103690084 1.16097850199374 1.11065356476549 1.19920712644557
1.91102484599296 1.97593762376375 2.11651937921942 2.18650427887799 2.23957535939977 2.29421844410237 2.26634260495657 2.33829689231093 2.21525711148328 2.09822257846593 1.87319712215819 2.04928391164726 2.01246048181772 1.9733474010797 2.22485975819396 2.19224219444071 2.29183926939763 2.49931403445853 2.62385874636102 2.57844210311465 2.50100939800321 2.51722153130654 2.43389145711421 2.45093145522458 2.34059018513401 2.4444018145358 2.44628369599135 2.60405549741804 2.69254731302161 2.79528199244946 2.89758502883547 3.04159343465639 3.03579656815333 3.0330346165426 2.90552059308495 2.80136024162551 2.73883514706869 2.12006598907571 1.54045835292761 1.41601517082967 1.3999784577429 2.0260374137952 2.1609618968402 1.72449773000248 0.883567718969376 0.431070824763043 0.919312644825315 1.04221779451574 1.21748100773987 1.10221782367026 0.73589369671937 0.687365922402996
1.86382670890882 1.98911299731446 2.07518467964057 2.18395218659484 2.14686064032782 2.21993426967071 2.29307364460644 2.2073210265739 2.2205751400862 2.12745231757528 1.94711164125088 1.95162532656307 1.9367749034871 1.9397461921064 1.96138744477 2.31535757828388 2.46948976544334 2.5854205500363 2.61639264350156 2.58286717277737 2.43754177136981 2.47042985227226 2.32569341675209 2.16251678340085 2.21127949404301 2.32176161947474 2.31920367389062 2.59030926355483 2.63332956499035 2.68884581211037 2.80677562351763 2.95219619448245 2.9890457091927 2.89551776370689 2.79902984523333 2.73657030260752 2.4846663070721 1.56724682217634 1.13608620272385 1.27738955609241 1.78550519872117 2.06909086012208 1.99580209776282 1.36152451191852 0.426718227113121 0.182389071434959 0.919586171291234 1.0425617517845 1.21549795731719 1.06325082974333 0.899693009083225 0.842166448857339
1.8112345736474 1.94199786014816 2.01945637700626 2.12707931642236 2.21692620353073 2.12119750939486 2.25999129573077 2.12104719036699 2.24415548059472 2.1489303233946 1.99453351796687 2.00718221853747 2.01770901640678 2.01752455266318 1.98928227857934 2.3292795382017 2.5556542422855 2.63922223227175 2.57104241740763 2.37544766984422 2.19216754774297 2.23971723328514 2.30784724246977 2.24235762918579 2.21768166323912 2.36410789368154 2.21332929006166 2.50247209879115 2.63000129529564 2.70974460727821 2.79791792622236 2.76314546832186 2.75170625924409 2.8118400985778 2.75006197178111 2.70284797445089 2.4848203680581 1.55616180776885 1.24947287542991 1.25675704202268 1.71130165010573 2.07651005739203 1.60803044617515 0.873358915325731 0.251010947280792 0.421125167339945 1.01095099562582 1.0644960120147 1.131255890307 1.19844376338615 1.07471202999004 1.0698327859391
1.82242341179427 1.96063933103211 2.10816897105944 2.14287427548932 2.22527521246963 2.12558277225378 2.21183945805402 2.21661083544794 2.07202058195458 2.14602006407014 2.19973683243788 2.06442019129234 2.08876362837855 2.20350934661221 2.07409084828719 2.27323748189616 2.47554535926471 2.54342477216559 2.34159934504694 2.30484097680742 2.32753282551472 2.39353759151189 2.47124218254673 2.25351037443074 2.36789047060966 2.43696880292405 2.27404063507142 2.3430021268404 2.41803207119071 2.68108569511412 2.77016361048278 2.73309287589204 2.77337717782241 2.73662728142882 2.72706315540929 2.63490610689025 2.47329042766902 1.84331155873199 1.52116207209742 1.59424816844218 1.7716611518006 2.02430394403778 1.52076754778121 0.729838154585452 0.38522515528633 0.825301532584073 1.07593547281723 1.10363714571552 1.12192734766414 1.24815471372978 1.07596310622413 1.32241205028408
1.76159274467426 1.88620804423857 2.0128590083759 2.08031706975006 2.15542454862014 2.14772554470518 2.07714802337733 2.1913247667443 2.12875941023266 2.07544077977254 2.15786434382014 2.06207423278017 2.21061244112822 2.38583746717415 2.2970376008139 2.32862747891323 2.46779711060609 2.39005697769288 2.36100372794244 2.49029479365295 2.4980622361412 2.53503629828452 2.51516340044561 2.37482211091445 2.36652440056801 2.44136828105656 2.29981526600509 2.50586715265441 2.52792116659794 2.62511867334777 2.7914928465524 2.61559991084801 2.68958714656967 2.69430256509129 2.60039440120802 2.49332640736778 2.1594038107309 2.04955410161091 1.78118044589457 1.65100833369571 1.94952683685228 1.91730134216394 1.39221662007842 0.3064434138241 0.283604216227414 0.858262374230616 1.10729400353461 1.26648024631126 1.24634244341364 1.24996675283169 1.2581131727543 1.24773358347863
1.78889702724576 1.86056433436083 1.98466240817619 2.01265087556973 2.06453510110379 2.05894965610601 1.95580918704042 2.05198316758717 1.88544631142274 2.01817343929478 2.16671629237026 2.08933059769478 2.11476328253366 2.35414337646169 2.48885986948139 2.51342073421207 2.4616111072429 2.46989339589367 2.48804149169584 2.49280359601737 2.55729234529885 2.64345243737995 2.68174099885978 2.48892065510937 2.52584732825966 2.53151405627433 2.44018800938279 2.48385920172876 2.46197448013896 2.62987927151833 2.50011928186192 1.98218298740994 2.29077989907804 2.55227466884366 2.26385437209354 2.14962834328807 1.83209380013617 1.80663692827904 1.71078859847337 0.954574959803389 1.72708986575888 1.68267210551324 0.858543208103841 0.540406375754715 0.196064907293309 0.698091905065208 1.05105022870619 1.25935477405281 1.25926152620453 1.18357647016576 1.12812018556861 1.01532642061668
1.73257525207554 1.66163444766584 1.78213019600534 1.85045386052527 1.95211438120493 2.04702304225451 1.92538606514945 1.79945061764192 1.92489697191257 2.07471278317695 2.09916925124275 2.10368762311594 2.05767213931133 2.22223021447685 2.33217132136722 2.24214484602828 2.41317782413157 2.33362237415374 2.48791769626544 2.5092221005547 2.62311217820157 2.72688304448492 2.74476274085745 2.64345288584436 2.65104666126374 2.57226477348302 2.57887044345079 2.47758115375824 2.52467053877607 2.63486087412021 2.1564471883909 1.55379617655385 1.97588289213629 2.09254677479536 2.27297815246012 1.97120981530902 1.7551356954575 1.63389273941025 1.55959639532036 0.604150314972091 1.05256603099056 1.09850745922147 0.392794953412566 0.669296578582759 0.366320684488965 0.836762946814105 1.09389755462531 1.17142448525114 1.12565564414371 1.05715688768537 0.908475790453851 0.833801767855153
1.89859251074451 1.81066217054226 1.69358054617444 2.07336568036098 2.01569982761389 1.98382188379252 2.01039910039142 1.74757191041825 1.82965551300219 1.93790221715641 2.00209881259266 2.10606765965398 2.19066291130501 2.13750795408371 2.16245247406209 2.17078156077062 2.10972205592932 2.40932906489295 2.59213560078094 2.61418287995753 2.6599664622065 2.72730365325905 2.72573162389376 2.73110440741977 2.6376046381799 2.51296018556636 2.63895626385034 2.6568423726395 2.62097916234256 2.58565619609942 1.94941533123854 1.42530876263676 1.63130123498706 2.06074038957919 1.7629804879024 1.9534183615495 1.67449537986538 1.61557399024314 1.40027888539513 0.110656835616339 0.0130598999508612 -0.0619239112582546 0.21905825410726 0.389843697820764 0.412162282895758 0.839575573451165 0.91174341273277 0.953789666434727 1.19659298651243 1.05051164104384 0.835510054055863 0.773436822555129
2.01453191554381 1.91409636792306 2.05578552822683 2.09294132618446 2.06992539189385 1.9546008019596 1.94144213911415 1.91846293197528 1.87326362956232 1.88727855510219 1.96870775469764 2.04137061207478 2.16682822411685 2.22699341121736 2.14841909986309 2.16465406015878 2.25640733493845 2.44641762499773 2.56805145266877 2.64967910805556 2.67185376222438 2.7276858237294 2.69071088361808 2.68535658984459 2.55308926179658 2.64310977191193 2.72168725033931 2.71930821032684 2.5880475061036 2.30839186841892 1.62776042764472 1.31495475595009 1.22933715693901 1.87210521927697 1.77653390803364 1.84335851512069 1.71162943804539 1.59174110365629 1.16932285335882 -0.233405105218347 -0.321868201964645 -0.10281955162826 0.426479593092378 0.353763915627757 0.356883616899391 0.62864807288303 0.690120191740878 0.756246665135373 0.899514096413605 1.09304277207852 0.922229644313615 0.567680971482599
2.03663838616897 2.02491051996725 2.13465404747559 2.15242199990193 2.16029965405074 2.03894712625203 1.8506757447185 1.91017078123266 1.95489770597106 1.59741859869147 1.9562456515481 2.03450931118623 2.07153170921418 2.15363658184802 2.08694559443644 2.26662639824893 2.06031800130378 2.2344236834859 2.54019572337546 2.61849446677152 2.65222723573971 2.65722925398961 2.67696205257375 2.65849034530718 2.61515394349704 2.64534147935577 2.74194336293407 2.70993449795696 2.58783971709604 2.41223046007743 2.0995500195734 1.88700217038396 1.3635789092514 1.47939307569085 1.82172770104188 1.83753279334677 1.70580284672617 1.38326573008141 0.635075598451248 -0.159230836977076 -0.352007797947627 -0.340903043897061 -0.216649547872396 0.224865070735564 0.0992600248243205 0.248446537801529 0.546652962293035 0.801769413931991 0.909542025243917 1.06484309773604 0.861441549712481 0.517862638760977
2.08458439983868 2.16268324269777 2.17846922494432 2.1684310837279 2.17470007281236 2.12015489082717 2.07244961156952 1.9494814067274 1.99743722984243 1.58697660201529 1.94210226949812 1.94341624100069 1.97333015746905 2.05871821913075 2.12664529087945 2.03247014790133 2.19777065644298 2.29324687865209 2.52666018063613 2.54765003820946 2.57182153273691 2.57973449660828 2.55850775635322 2.63916303984385 2.62759017956076 2.47211800962192 2.5993062510196 2.68512912666445 2.657072785838 2.48630606962349 1.82429545915943 1.85948205934851 1.45661589804429 1.20133924263224 1.43979248923236 1.44920127600642 1.48889180487239 0.979930819853938 -0.0574795163458842 -0.409308530473701 -0.0485611131820197 0.00921826507035951 -0.191016919770724 -0.0274679718720954 -0.0260763509263383 0.328523458345626 0.516333122367414 0.840017138579108 0.734502992558665 0.808360089372657 0.670162940792762 0.365344890153478
1.93931467295681 2.07384644061442 2.17029721516222 2.17742518448001 2.1286901522143 2.12432695855204 2.16456106579401 2.06278600892999 1.81418421983296 1.51162017996473 1.6135404351987 1.9284848773385 1.98613855624314 1.98815862405158 2.01591422863861 2.06572926809906 2.03755787648949 2.25209955526726 2.10615674726883 2.06600922176983 2.25553147167833 2.20534516419482 2.08543929344925 2.41536174190126 2.51241599719516 2.71666104129667 2.57034693886525 2.67724435251624 2.33872564703066 2.50165873338766 2.23114220677671 1.9457559805159 1.66597653245184 0.97273652589056 1.23200099934156 1.12244859649541 1.2161747089917 0.829040344025072 -0.168536688508217 -0.0981173741958755 0.711439574337213 0.20849019256378 0.106264791030875 0.133682977266159 0.190588941901888 0.413701786668372 0.6376967286131 0.695488157653073 0.376306107439567 0.419650477485201 0.307090193031111 0.118563990588792
2.02216286743323 2.08127215113599 2.07910771839983 2.11639804241858 2.12324178072242 2.16050085445953 2.18217330219583 2.16000980658202 1.83071159889918 1.43977190143567 1.80732566254751 1.89634170992229 1.90847415535052 1.89900296271263 1.942111476932 2.04846761163641 2.15417651044565 2.11950139934774 1.91879682533174 2.02096082583659 2.05342227704615 2.05818686248805 1.97232569739067 1.92314235606317 2.30834963309913 2.69110678427512 2.49289908862006 2.66772724710239 2.30870832455597 2.22905627493193 2.68940543795991 2.35933711023924 2.12028071661778 1.29821627174382 1.18868912040191 0.982380201952076 0.882750461354409 1.15314123671064 -0.14211623612807 0.364106586693184 0.737746967136073 0.215281348518027 0.379343131966935 0.323814483379992 0.386002177589545 0.539252986254062 0.630243269818547 0.579917058663659 0.285895815898878 0.229686205213285 0.119704026179614 -0.300287418546071
2.19485048663621 2.2125324250873 2.20108289688198 2.20300068961416 2.21079173844334 2.19232247553557 2.15640447826882 2.11447025494701 1.91226754663749 1.44117361999349 1.78824585068005 1.88335249331226 1.85914994822547 1.83267878604274 1.87690069554609 1.97894606683736 2.13628263629434 2.17118399268252 1.98480548483555 2.01307530958902 2.0681179046685 2.07660597434523 1.96270049745963 2.22633407333759 2.5830224111748 2.69837799654468 2.54635505343551 2.61586800703166 2.21458410138144 2.03060782343231 2.60321818457391 2.62977834394615 2.36958297255309 1.52365388670348 1.2057138283494 0.915828135596803 0.996784587941103 0.950859042716589 0.394917671668512 0.544057694519773 0.825116672301227 0.477041541997617 0.513267891015283 0.401879696272441 0.440737411453057 0.645341158206596 0.720155685942979 0.42936354875544 0.237621979677178 0.137612661371993 -0.00101535631323352 -0.317459236029261
2.26644628829847 2.22151154752072 2.18903699128912 2.18833212477657 2.09111690147671 2.02878351180593 2.17922448834868 2.17989425382441 2.07721874167934 1.58486793526433 1.55291975008854 1.86402572976407 1.83275895637675 1.85683585344601 1.85758485693873 1.93807595397394 2.04798007016783 2.06377228206247 2.08298112075117 1.9598950770065 1.94558258184233 1.94995022088525 2.06028319223665 2.63121466326459 2.69214836997253 2.73688691298485 2.84651086370047 2.7692095949033 2.63734041920329 2.11723479701332 2.42636960334152 2.57186071946677 2.45459145333693 1.60189900487587 1.18565211095281 1.06891746135945 1.11852744260541 0.464701359837732 0.117028383399153 0.730135364851456 0.879408779608263 0.652057676013496 0.662119313962995 0.644495078225038 0.463499085352605 0.721239807236019 0.730093664157437 0.382652046031522 0.209310903127618 0.0398910170364082 -0.185771205976796 -0.573142169719804
2.22318530181777 2.21448004166823 2.13534696109612 2.06835451756137 2.05878428572624 1.70546474921294 1.99146237064525 2.16317975308367 2.0131958657766 1.69194502763682 1.74192765646979 1.83570862935484 1.84166828259414 1.852805988103 1.87404794208618 1.95505437661416 2.04500528989283 2.02259822778775 1.92130333721029 1.92300253370306 1.87830298405905 1.83287307891595 2.16181111872716 2.55329484630399 2.66531810622469 2.84443246289163 2.87104811045338 2.83614045038191 2.61317104658761 2.21211899910984 2.19164613827838 2.52346825274125 2.54588580466466 1.75448276875811 1.26516192591349 0.929857068377556 0.995528895618538 0.449733332102462 -0.153629385559708 0.997877934415571 0.974371981325377 0.686857002848497 0.553920742401148 0.734627565198496 0.632225550552105 0.75803298826351 0.839262078503783 0.640897751540756 0.131260946873708 -0.222690048394064 -0.525411587947081 -0.912803065688831
2.18931873144725 2.19012681962451 2.12465077833769 2.03810277064109 1.74571436729774 1.57665331254135 1.66859298553205 1.93398317565034 1.84350347456044 1.68052005826649 1.7066686000299 1.80973556734471 1.81879619584996 1.85917693604237 1.89517923329492 1.95503343465903 1.99799527763149 1.88837916512872 1.9592361809739 1.94875210188813 1.8617853413566 1.82869684464045 2.14259910457245 2.42986548320927 2.75907531585519 2.82769383804818 2.86012095643629 2.83754324173272 2.59810640284945 2.06436094579803 1.79123289326067 2.42873847918394 2.50283490308454 2.00009312758631 1.28498705380393 0.611960411205209 0.557382471508484 0.299633617521571 -0.182408556392462 0.687009595610615 1.14671724428349 0.973879841608188 0.674333295722186 0.678977727011105 0.545513930969042 0.450692486156787 0.357404956343661 0.0268558271683474 -0.393985716342411 -0.804739603685434 -1.03497010598692 -1.11960849648762
2.05583570797329 2.11594798562824 1.94604828997779 1.82259069842631 1.92227800360118 1.75245477132163 1.75619939373798 1.7260043486056 1.6715917420235 1.5715341474717 1.69571585655152 1.79756838097334 1.81807360430766 1.8594525384246 1.88602375664141 1.96831679075783 2.01068610291803 1.96051286967981 2.05895084629791 2.02371205363186 1.88704400826918 1.94378053828166 2.22257638766315 2.43950178142462 2.54183664910394 2.75928577858599 2.82612177498007 2.71813834993327 2.65139675366968 2.03487839831576 1.73039880696042 2.28606810623821 2.38726197739497 2.16562792780336 1.29340321118868 0.187298679243544 0.201032085793177 0.174531879607083 -0.0508335169343758 -0.253074770017463 1.12294584507291 1.0718868436059 1.06238554267973 0.969070432780185 0.341341774911619 -0.412412250384489 -0.288596804181396 -0.882736735282189 -1.37536764501338 -1.37619126757431 -1.34490222788151 -1.55532986153348
1.64247325872282 1.94320432406859 1.99405070184494 1.66183576675908 1.80506538788595 1.84891056718216 1.87854398726286 1.90840723950259 1.7002435498863 1.52984939459791 1.68077329425595 1.75006365558322 1.82966270817818 1.85644498831878 1.9534463373581 1.98026392709123 1.87196059216726 1.90754836792204 2.02276261768964 2.17817328651089 1.9860696331141 1.99540319374489 2.20331471781172 2.48964968106088 2.55223575067117 2.61391664603881 2.74320249799728 2.65584948724923 2.40408133897358 2.02715404993531 1.755859365477 1.91387105710067 2.21894396047036 1.86574734268089 1.08417772602928 0.107425891274415 0.516009510891111 0.684822755827987 -0.0532800353954432 -0.388880464116021 0.932400631778169 0.829393329406929 1.04880776496404 0.773937732447007 -0.162615828997588 -0.52277294837165 -0.656508203593063 -1.07888302673425 -1.52349273869556 -1.64312726840864 -1.83960345117684 -2.05409967271318
