data/pcas/pcas_can_126/pca_referenceLayers_can_126/PC02.asc
NCOLS 494 
NROWS 529 
XLLCORNER -117.166666666667 
YLLCORNER -55.5 
CELLSIZE 0.166666666666667 
NODATA_value -3.4e+38 
[rows 299 to 321 of 529, columns 416 to 467 of 494]
0.901994985715348 0.965394687865349 1.02316038142829 0.97384746089398 1.33170722097602 1.28928363996931 1.42415679352562 1.60884032668639 1.67837905196463 1.77939141055985 1.63416747354433 1.90352949226203 1.87649530774395 1.80734201498245 1.86776771993752 1.82834053586856 1.80497069429297 2.06889162505125 2.04729421438328 1.96676021652201 1.73900583178253 1.73044824746592 1.57830490853798 1.4987582621042 1.29839776107261 1.24915739400821 1.23005856302379 1.20740599426355 1.34515522039279 1.17243510519943 1.38952227307209 1.4524835531808 1.24151881917218 1.52573315662005 1.07967589737935 0.819077215920657 0.705348581660076 0.697594702380629 0.927262239292622 0.844834361407526 0.928315088788386 0.899618523576284 0.688621718106453 0.503197606112024 0.369865844266689 0.236874614706081 0.00966366319118377 -0.163058431569033 -0.414663285539207 -0.639777458783637 -0.921328538256591 -3.4e+38
0.913953535530659 0.983614688805465 0.97504990808605 0.802521474408832 1.17902161524637 1.41206913558932 1.50048631338276 1.64699904918517 1.67136463782306 1.71919568194017 1.76063022996392 1.86908718100803 1.72796902646369 1.71874976698057 1.67423992477722 1.55729364290128 1.84532647526206 2.02014141470389 2.1074940978596 1.8426222789163 1.48857070835491 1.22658797247591 1.60469716659438 1.35253311549423 1.15221503289767 1.23649750749737 1.17241625021897 1.33042202569707 1.0980361760554 1.25645664171477 1.28819040955564 1.16076481035192 0.985988079375729 0.996703559570651 0.880292631785886 0.798288623188429 0.551684551143143 0.690140325574536 0.938085428585559 1.10593344943313 0.944023820814373 0.803222132037384 0.709826776665478 0.504274325816012 0.389745170066794 0.383665410349453 0.2257186259236 -0.0574404871516305 -0.376960465983724 -0.613029296350192 -0.941098516335608 -3.4e+38
0.924752526568005 0.956970478811307 0.791416972330566 0.766606403548226 1.03095144556766 1.35231127721457 1.52665319297478 1.60408294789928 1.63641690379464 1.67514240564914 1.62629443500331 1.62987315621015 1.55903108488238 1.5731101372474 1.42214397448761 1.50970492250199 1.83432208822178 1.97599004294271 2.08884747691891 1.7262267160534 1.20144367954355 0.899946740714733 1.54244449914097 1.48869086207095 0.653868335081221 1.13275149278153 1.16051979224339 1.02511982528884 1.09606283266592 1.16087083082955 1.09176018253986 0.904894034174073 0.829610364712619 0.598490721449181 0.755901611368109 0.735023195294294 0.816448303380143 0.907519334145887 1.0303978927568 0.979640552271572 0.969808221386108 0.818483791666471 0.702760201419767 0.561536003915663 0.411716034200728 0.336121596909261 0.207119723618245 -0.104267959059293 -0.398610575615484 -0.708195701620914 -1.01112959489723 -1.07447530945523
0.907543029536002 0.897823158421505 0.880984101421299 0.85324302214787 1.18377255310167 1.34564350184234 1.32303668209671 1.52851147191545 1.57992622908068 1.46438955990276 1.31829676188065 1.38309599019221 1.4711586697596 1.42854086906883 1.37214342046002 1.56985674874176 1.87866359224401 1.70222204334591 1.92671336926142 1.87661562626306 1.01979378371477 0.821768157939376 1.44836755450352 1.31775572665134 0.368597154078193 0.944540089439129 0.779033069886527 0.878584668726567 1.06493725533496 0.832757270946111 0.633639911363487 0.805209403278118 0.712735532326712 0.634020601660299 0.531659076984543 0.755495397252192 0.87124068792504 0.774017575943718 0.847457454589834 0.904973992417381 0.860034045880888 0.819818599135439 0.733996147955999 0.653699451303041 0.456022331632 0.229061578981965 0.0953906322539743 -0.253736112288824 -0.644010926250125 -0.98035618897275 -1.1830227728864 -3.4e+38
0.951368978308499 0.859583489767932 1.01377614435215 0.844540359852422 1.08886619805529 1.15118173268774 1.23774834684311 1.38498485950574 1.47876154698552 1.42587663124245 1.13984876756596 1.25047158608106 1.34577947256064 1.31734346561668 1.35208571355767 1.67958936624005 1.79276689191926 1.50314073033678 1.49935404007662 1.8516193654647 0.96645368662352 1.02246206853122 1.55070246650532 0.730570461559598 0.17938309640715 0.817962609182319 0.757285775184294 0.851503397520023 0.81390796100355 0.649891142830401 0.52376077963688 0.620701210143717 0.904687458851523 1.31041001458885 1.06691576041944 1.05651926090645 0.564631845117685 0.733726899540637 0.869694299303814 0.739808140560887 0.76207299553013 0.731539343415767 0.555372444685114 0.475359124272352 0.412011100274825 0.232352601196096 -0.0072986497346256 -0.403864352794472 -0.832599833079844 -1.23174921288066 -3.4e+38 -3.4e+38
0.957352814458751 0.908541062125646 1.00316326019934 0.962180480570018 0.780729614756037 0.949209986770402 0.997777724659458 1.23382587834347 1.09189002486091 1.30660502187433 1.06570562240849 1.15409874635801 1.22285635278778 1.35645885321581 1.47401308062363 1.76344654106054 1.57722689977797 1.41246294969496 1.29246949424719 1.67703211457819 1.31760443579293 1.6592195817246 1.28772590695205 0.367267470992566 0.167411627829015 0.50987189590508 0.6312627357508 0.661701325193981 0.241544193761005 0.308526154617934 0.3986168001359 0.89980823922782 1.17063664061541 1.34458854314274 1.29571414613916 1.1432552397676 0.927053493332312 0.702369458148231 0.659446612858143 0.697984104634321 0.794309590082347 0.731085659214071 0.600787512284032 0.431673173084411 0.354637427300598 0.199680186306736 -0.0919507939661707 -0.518734137998677 -0.92636379960954 -3.4e+38 -3.4e+38 -3.4e+38
0.996195085319016 1.04761318662072 0.928814053956043 0.872779004837644 0.753370362119793 0.770181872281194 0.693690442165341 0.809716325792265 1.02736920337098 1.06630964141902 0.976813516390852 0.893391622550593 1.2424167747089 1.32055166933269 1.38605981042073 1.52691453529449 1.42710618268331 1.34090527281801 1.44595378013381 1.81329293478435 1.83210789846632 1.82775060607209 1.42850060417606 0.518228131279685 -0.0236077869151153 0.0440266368638709 0.237321598437282 -0.135602787542108 0.444389333988323 0.51282814593556 0.614083246914465 0.829156243655646 1.05665502795892 0.757253623633274 1.35654911633024 1.11976110652158 1.13265867439984 0.850522706568269 1.01992596834292 0.880734756859925 0.75107897859761 0.628218951331092 0.588783393716811 0.434018826587111 0.291617789454446 0.20412596622352 -0.0487375958273356 -0.430616536637487 -0.879942277135275 -3.4e+38 -3.4e+38 -3.4e+38
1.02850523384855 1.01716843553789 0.843148200002636 0.656920599987788 0.733672472883564 0.605366448889416 0.779509998505747 0.862274524067288 0.842462059256584 1.07342548905395 0.793968431658273 0.999586516866631 1.20027970209094 1.23967073126916 1.43981838574013 1.44463357317291 1.31534556200732 1.2493934558723 1.47758026270771 1.6996637552222 1.63624189138556 1.7220982743353 1.29688890999267 0.306835328762675 0.166749419216179 0.175852033612431 0.0190951687564781 0.206759137548262 0.396991774282546 0.432850243853069 0.594291551953806 0.731351812453127 1.01303457405185 1.12509706105681 1.32023441364032 1.21457527547681 1.14160834122784 0.914306612306962 0.89173166895866 0.644814096830563 0.301831131307217 0.220089092128004 0.551516817879669 0.423730840779671 0.28685770469399 0.18971488396472 -0.0328158373860759 -0.385954282781095 -3.4e+38 -3.4e+38 -3.4e+38 -3.4e+38
1.02769294732404 0.960593364741269 0.819532425811202 0.659084458550412 0.490839565421048 0.268600831586583 0.527377712821048 0.810560212077868 0.785182652126545 0.803027096673334 0.769293939633812 0.94699440022968 1.06809804217057 1.21957235803293 1.45937212654469 1.50972924675235 1.44240129467304 1.33744266954862 1.47354219939926 1.58235812434269 1.57100367343498 1.65107785946856 1.42189165643233 0.468001797363808 0.381758042713887 0.0184147478330548 0.306684739577727 0.391673362750925 0.148030064887275 0.134029200179593 0.276102493628466 0.27846588420035 0.255633730799574 0.614527213227465 1.25702018385202 1.25992853889678 1.13668930359836 0.817352708476727 0.619680599708081 0.629899932212192 0.483068257499172 0.546751911382964 0.526972791293941 0.382024099767311 0.281145452709902 0.21025928134338 0.00787154674786772 -0.305515282874686 -3.4e+38 -3.4e+38 -3.4e+38 -3.4e+38
0.689330527398319 0.678791484358214 0.662555287410637 0.602234261521414 0.439150497520256 0.157971318733259 0.34974697538815 0.621213310235016 0.666763823414428 0.798460777708045 0.85329434757607 0.848272021121578 0.854912650613388 1.16981309094702 1.46561329930585 1.48633632552554 1.47643888479774 1.53150817373021 1.4767950672308 1.45106115241274 1.50756089342833 1.53454837831354 1.39388795135504 0.804528190346503 0.126905788840336 -0.0415741708299459 0.464459440774598 0.385104557284598 0.256123351486287 0.155758045819589 0.216220516018436 0.147082343606885 0.210890320155827 0.697754826476417 1.0604814576671 1.2103206935577 1.14516406453887 1.02013493008222 0.844549493697638 0.761774924184927 0.505692295716488 0.581995249254786 0.461288288278301 0.342692798010454 0.223834320187887 0.126336839749293 -0.00466437360912723 -0.196339673210196 -3.4e+38 -3.4e+38 -3.4e+38 -3.4e+38
0.484544637092754 0.473427694147929 0.454832289979241 0.435126662533639 0.472232479917487 0.233403660625819 0.326877955684 0.602531117351859 0.615260629506458 0.445266180937939 0.640870400026817 0.641328414404425 0.848568653928537 1.19521088588371 1.40539858950166 1.43631312845127 1.44912765523785 1.48461340005734 1.48728499548851 1.37579673415734 1.31938609157059 1.31055263234317 1.37769712416434 1.16837246055338 0.122779312801178 0.256528207104747 0.603331197787014 0.464619793846127 0.289642096924324 0.120268448300964 0.212241414084351 0.234539445075341 0.655316966393281 1.17344311878741 1.26128863989064 1.20020127069968 1.19441347762306 1.1149615917113 0.901287575369313 0.68712992527965 0.142237990722333 0.102554916919084 0.317213855525334 0.309826296687385 0.156650218588924 0.0972351683889428 -0.00654132691550006 -0.195200375827919 -3.4e+38 -3.4e+38 -3.4e+38 -3.4e+38
0.556270792412374 0.450148076456878 0.488140060484265 0.492426649458702 0.465538297046334 0.237313716786257 0.271925829263621 0.234272700216713 0.55139639647102 0.324861705768493 0.443347242638295 0.477130552878743 0.779944253713486 1.17519951709203 1.33454703036683 1.36896865780875 1.43779998418861 1.35451916032496 1.36680029371268 1.25255772940774 1.08134516498468 1.20974929335144 1.27273500367749 1.06752489296913 0.588148354381936 -0.12137319049119 0.471275452004435 0.379376976034048 0.262723769457542 0.405958913974815 0.768958516205547 0.552123295536166 0.782540786512537 1.20386994628835 1.19772123425975 1.00294106868631 1.10462767188953 1.1413308983547 0.732197945033315 0.887379199816228 0.534989172977869 0.111798714745092 0.417021093116328 0.287054230603468 0.168468104931681 0.109590529384823 -0.0512294122970104 -0.226749087228511 -3.4e+38 -3.4e+38 -3.4e+38 -3.4e+38
0.362159277577098 0.351893186331013 0.290738749404021 0.362087617363602 0.419092484198113 0.4017695939414 0.416508872428099 0.278037256584337 0.400576942069581 0.263859122734501 0.1800830857339 0.406461760645078 0.75455503743451 1.14723787627452 1.23594027020519 1.36083248572645 1.41647647088387 1.31070506040768 1.30408561109473 1.25776762253123 1.0763812257911 1.0193801245014 1.13612994462842 0.971674188094375 0.810159386271468 -0.046815846628125 0.304786916992366 0.552564638722044 0.55416404286217 0.383979105504513 0.503195443585608 0.737150805713302 1.20163687742588 1.16548251801725 0.909985505546184 0.723833379784641 0.85423464806473 0.375323023674094 0.529046151872656 0.805540789223805 0.748361739659205 0.0762527374782494 0.37467496147924 0.049706259333067 -0.0528576990062651 0.0653751818973974 -0.0241034561015355 -0.238930275786454 -3.4e+38 -3.4e+38 -3.4e+38 -3.4e+38
0.280201121300218 0.283691836993894 0.151638184651497 0.148110072779452 0.352877222741969 0.30649666062489 0.31860480674602 0.371201290261687 0.25770980827078 0.0701408761971978 0.166477836318495 0.563056789072463 0.985112019580118 1.13214403678946 1.249830127594 1.28705020254556 1.36489549467597 1.37271799006346 1.20486490724921 1.20680896600158 1.05387120784231 0.860680292766144 0.97674087397771 1.01420593452563 0.872086821637451 0.0579558824443334 0.0144977807685372 0.395370655867534 0.320794025168136 -0.121979496306299 -0.192404580034452 0.755087323579849 1.12401814939807 0.723636637540795 0.694334855961531 0.627273589130702 0.277613591286798 0.263418613924972 0.316344545516562 0.771864032651742 0.792612641825949 0.191446055217304 0.262222926306771 0.181984935547916 -0.0971623881733482 0.0616189930896773 -0.0373879796883226 -0.329553876814688 -3.4e+38 -3.4e+38 -3.4e+38 -3.4e+38
0.162950960564135 0.0945130517604477 0.103273364292689 0.0516628504042199 0.204285008072211 0.112227313820277 0.0685384603854718 0.261872382226751 0.237932885032078 0.109521111550603 0.118440622815482 0.513814179692808 1.03531170812918 1.10921206554493 1.16283794119101 1.21371408257218 1.22074748204292 1.211153037309 1.03766071772702 1.05844032403015 0.904561047713218 0.652567605210866 0.787196528853261 0.92303542559212 0.786842857365494 0.0139641836973876 0.540865792791797 0.0606005989107662 -0.00663456883356608 0.0739933287186267 0.552682457140371 0.994123796702802 0.951340245281763 0.461491172410806 0.229264576756894 0.290267489559963 0.486346877161077 0.80292461596076 0.755162906621431 0.681153397147415 0.442960717417788 0.37144424865541 0.341684184911367 0.182279218075224 0.129674579533969 0.00737089361434241 -0.128493296173515 -0.375684791192008 -3.4e+38 -3.4e+38 -3.4e+38 -3.4e+38
0.311279390096176 0.203553699769573 0.016808890381443 -0.00799238153112303 -0.128407008366852 -0.22187497340064 -0.122973704291586 0.0943128149177255 -0.016717573733508 0.0924471964247064 0.30039943664337 0.637749571193454 1.00820405296112 1.09865802286102 1.07995948768607 0.995536051207247 1.01233381804044 1.10251116519504 0.900050660919552 0.882191689165448 0.862691222540601 0.629244155991635 0.630196541078841 0.820448816865091 0.555827087596172 0.119291119677233 0.475202235256201 0.11903560205741 0.254571454806236 0.179908263586476 0.388095583158364 0.966490451194759 0.832776263862309 0.440121560519923 -0.0628540644408896 0.0717549483508776 0.435060286605401 0.599625827966461 0.600756176718118 0.41553941081603 0.371612212333211 -0.085857895164048 -0.0719167875430428 -0.422112401344065 -0.320034491803276 -0.126714414071341 -3.4e+38 -3.4e+38 -3.4e+38 -3.4e+38 -3.4e+38 -3.4e+38
0.724438431489417 0.589392389633096 0.341282591199597 -0.172050539823294 -0.117761557889929 -0.282314691997823 -0.335822875683147 -0.123495571201258 0.0979296455585122 0.0664184498082206 0.655910513856501 0.912001172295523 0.958823394243872 1.00036813598634 0.950872358615017 0.727398008882629 0.860907174302736 1.00283446414356 0.90317838400558 0.574689922922252 0.626825856032578 0.643659257623443 0.559653188741854 0.504940386878883 0.248091371811088 -0.207626410373168 0.222307465552058 0.0659495017875031 0.160719844888166 0.139792573766141 0.740243511586488 0.986323810265593 0.618135953221239 0.238871461336194 -0.316157348780907 -0.0864513856477962 0.387310962882232 0.332814332046871 0.329179987268907 -0.222095884781666 0.1385083017769 -0.258555194304051 -0.77052452679565 -1.14617672683457 -0.370554960089609 -0.245025193348482 -3.4e+38 -3.4e+38 -3.4e+38 -3.4e+38 -3.4e+38 -3.4e+38
0.798275344725693 0.731640723765453 0.55055713688001 0.0520675669877439 -0.337003236459252 -0.284156213582444 -0.295323023705227 -0.0729800953999823 0.282371371399203 0.477591799368423 0.695060097797303 0.813611582268419 0.892050083902226 0.940087830805127 0.728734699963072 0.595918163649239 0.666904149721742 0.883824470118884 0.77986161403729 0.520706352002572 0.434766459778166 0.516197474478789 0.304969653844051 -0.0744379502295226 -0.0239049655007582 -0.489540142699449 -0.0856278859768808 0.0865831090258811 0.173265259613415 0.189763059062024 0.828597304875601 0.824648055316368 0.597817424902266 0.151660167334332 -0.448077903821834 0.060460419474212 0.17173254227053 -0.114304996762677 -0.195719390731487 -0.477767641549495 -0.3492574239784 -1.2720359188357 -1.15699521945351 -0.925991060804856 -0.26066895375453 -0.323577779035393 -3.4e+38 -3.4e+38 -3.4e+38 -3.4e+38 -3.4e+38 -3.4e+38
0.706073016418543 0.255200392193184 0.0087770749476473 0.397225258330522 0.177393250516933 0.231900655840003 -0.140075627221373 -0.381488175970465 -0.0391892193896993 0.517797746405433 0.619862967194284 0.749096573557606 0.816607016718405 0.820663611456127 0.521623257035018 0.425123982320523 0.640463739451593 0.757678263455603 0.678598355782025 0.311615026292525 0.227019052021134 0.435701919315164 0.468473638178091 -0.191371558410244 0.172697918819891 -0.39073199696269 0.0691978331302018 0.171770982655659 0.390688277550713 0.539703614235471 0.582733279436068 0.54193620083725 0.198123706541424 0.0354032066791821 -0.167588981252217 -0.0669838834013765 -0.2187593864505 -0.322421950334578 -0.865656628912627 -0.939245621092251 -0.960073672428861 -1.18255692898885 -1.03990329329314 -1.01075178594047 -0.354037120800328 -3.4e+38 -3.4e+38 -3.4e+38 -3.4e+38 -3.4e+38 -3.4e+38 -3.4e+38
0.766295088894635 0.226644153808011 -0.0351375272837859 0.0734928981369523 -0.177149078088152 0.42840481831462 0.356698072356944 -0.159446674640992 -0.0114139662993102 0.404570413105372 0.544576693909665 0.469974816530251 0.586613089967301 0.546538873387585 0.37923527782805 0.280583604180209 0.505210745208794 0.644422295864183 0.488616936031843 0.482307872694141 0.274369361436967 0.286963395583234 0.357821647417882 -0.0426962798079194 -0.123334644155775 -0.478513488583755 -0.128544116272076 0.321089710742134 0.271879539914329 0.420229508782785 0.432218585378609 0.208357094061916 -0.182601852564308 -0.252517100687889 -0.546370714498808 -0.354243002015384 -1.3576582343372 -0.173920536448902 -0.327647999550391 -0.298692483675897 -1.12046836648203 -1.32865270582855 -1.07747751369714 -0.619022167590128 -0.272966001173669 -3.4e+38 -3.4e+38 -3.4e+38 -3.4e+38 -3.4e+38 -3.4e+38 -3.4e+38
0.708993926269744 0.306187883948143 -0.10681600534036 -0.00423560747097657 -0.165862626554012 0.360524569327833 0.443815681385664 0.50208275972494 0.180240918785859 -0.0081692946392764 0.282922625080839 0.117419651913393 0.43717404320875 0.499800438969977 0.465951205562011 0.257253731886926 0.293857170441011 0.332645478731054 0.219675927271795 0.375239922724323 0.238870228409958 0.0325663246704857 0.186148699871382 0.222200207158252 0.0786183867236392 -0.315380839367348 -0.0165811035534869 0.0328548325675567 0.109017910624704 0.0953743265001217 0.154305353979051 0.043001361862015 -0.72549844299363 -0.141965513224623 -0.227976829302119 -0.227914934219801 -0.504994123905247 0.115196203728016 -0.0273952261005465 0.263464467002474 -0.623818430844294 -0.997563071365152 -0.568466109315623 -0.52480165657952 -3.4e+38 -3.4e+38 -3.4e+38 -3.4e+38 -3.4e+38 -3.4e+38 -3.4e+38 -3.4e+38
0.4087001484994 0.415186207285223 0.346937763856564 0.217505235797064 -0.0633734978496827 0.315344226100298 0.335413439363865 0.398758957178415 0.474367618679462 0.398409019782804 0.29657780019403 0.354027353850248 0.343039537618213 0.459617427581151 0.428772800946835 0.219217299128631 0.167563215021434 0.169088599579112 0.0538963511415311 0.0549708383002838 -0.0269244416008373 -0.0240847558777687 0.160668027255919 0.0749279524384314 -0.00400616405372531 0.211396102676368 0.0934801018579548 0.0131061777814782 0.0312050075024073 0.000607283992371616 -0.0127010040582068 -0.133678392700287 -0.441511429606543 -0.0113967916471742 0.114946002990082 0.0513768404818211 -0.121387062010392 0.16021283541031 0.461794394610374 0.573292587343416 0.118552770751492 -0.54213188242011 -0.0493532642757399 -3.4e+38 -3.4e+38 -3.4e+38 -3.4e+38 -3.4e+38 -3.4e+38 -3.4e+38 -3.4e+38 -3.4e+38
0.448053693020351 0.142711771746964 0.172323316378143 0.296716055097502 0.071065587151854 0.10619947536798 -0.0431037952826633 0.00601055171111681 0.122060160814677 0.150165472591622 0.215821970667482 0.151501296734565 0.0698746000684638 0.332366730212606 0.360776286743456 0.331179968563266 0.249120861270858 0.0289685533936771 -0.023096140639147 -0.00201984619034901 0.0177234207997718 0.0668343803470551 0.0379507324181497 -0.0696507930950946 -0.0966795590939226 0.103438887388088 0.107013767054623 -0.0736928223770729 -0.0501052110678873 0.0830377742128026 0.450319954795341 -0.284309517267019 0.0928979432055148 0.0288814299759713 0.489446530591643 0.181239609407188 0.0619870996699525 -0.300818973353203 -0.000516172762510925 0.176273690448952 0.363903441606521 0.1740222671014 -3.4e+38 -3.4e+38 -3.4e+38 -3.4e+38 -3.4e+38 -3.4e+38 -3.4e+38 -3.4e+38 -3.4e+38 -3.4e+38
