data/pcas/pcas_can_126/pca_referenceLayers_can_126/PC03.asc
NCOLS 494 
NROWS 529 
XLLCORNER -117.166666666667 
YLLCORNER -55.5 
CELLSIZE 0.166666666666667 
NODATA_value -3.4e+38 
[rows 440 to 461 of 529, columns 255 to 305 of 494]
-3.4e+38 -3.4e+38 -3.4e+38 -3.4e+38 -3.4e+38 -1.92843306763811 -1.903278975844 -1.64118714243482 -1.420192360225 -1.24221479054947 -1.01041900486502 -0.742498799103535 -0.440420450239482 -0.208309676958912 -0.8961630341081 -1.10009086213574 -1.4161506255854 -1.04041809674132 -1.38745019620895 -1.68475475425995 -1.30119542871205 -0.917176318576238 -0.885819864062065 -0.559380835077505 -0.540492621253513 -0.377085650929387 -0.0970276067814809 -0.204583267349972 -0.394309454905508 -0.325952918363598 -0.109037554921896 -0.0140542973974952 0.0459535419279658 0.0069199118027158 0.18869903609189 0.218322835434319 0.414822091613196 0.769408943679486 0.868677263495065 0.975108190887603 0.989764247030928 1.04459374367981 1.12283381756044 0.90880066062359 1.12907001852808 1.01691954584439 1.05232545672171 1.08509421215887 1.15058374692453 1.16938751256661 1.14795155156501
-3.4e+38 -3.4e+38 -3.4e+38 -3.4e+38 -3.4e+38 -2.04223307399505 -1.82739043727019 -1.54532164181164 -1.37948586523042 -1.22881309648874 -1.00416626880107 -0.708814181419484 -0.430180693329131 -0.344086958247467 -0.491457610749975 -0.752798173320383 -1.27822834548231 -1.47467300853122 -1.21502106857687 -1.46439434451422 -1.57397128787936 -0.917810316060677 -1.0133678596563 -0.775687147229101 -0.674765680736881 -0.729944924601445 -0.217794124371962 -0.33292091464463 -0.445524981158519 -0.208138796867866 -0.0200058813668429 0.114935116920027 0.193230100235604 0.0411004352304321 -0.216858955646481 0.0735826729802925 0.312994818515625 0.430731218692106 0.862392621354868 0.902927547735989 0.926322966442741 0.994276410776222 1.02004363733816 0.920570502791949 0.966637780233192 0.968876624998491 1.01056525325038 1.0487155432781 1.10395940984603 1.11812111824926 1.17672820182077
-3.4e+38 -3.4e+38 -3.4e+38 -3.4e+38 -3.4e+38 -1.88125733458421 -1.59952077553064 -1.49095565108519 -1.31899185478979 -1.15276347000093 -0.97569720984127 -0.832489615513294 -0.644549849530212 -0.599279694094778 -0.118612994243647 -0.262627769416736 -1.07782757587134 -1.27343500001905 -1.33827872556105 -1.12124062360586 -1.02630587843244 -0.907893086061312 -0.984346038863814 -0.926581335114476 -0.73569238574319 -0.526775150997484 -0.381467895676311 -0.487516766590625 -0.490604541340414 -0.365107630584268 -0.080186603674828 0.155577202865276 0.273041731374694 0.156255960648979 0.313697113245591 0.3299506323775 0.39172039692299 0.444819499204473 0.849941214283759 0.84876979138925 0.890167395856966 0.921074865521204 0.760140690533535 0.733592117374037 0.693498454206483 0.682985667446892 0.733295121108757 0.784067289878308 0.865934581773164 0.945920742006851 1.00933975218309
-3.4e+38 -3.4e+38 -3.4e+38 -3.4e+38 -3.4e+38 -1.74346579997832 -1.53675783128129 -1.37956543222439 -1.25531796658951 -1.01528773652175 -0.907823460506594 -0.712917056102552 -0.537846062373083 -0.461425282699365 -0.601502557628229 -0.745744644420133 -1.37931332880455 -1.39723165680276 -1.50503164862877 -1.63306747430457 -1.39627226581983 -1.12366067836791 -1.09410721998772 -1.03831280818812 -0.942741023897969 -0.623740356203645 -0.585809476694238 -0.59667147020186 -0.436587071510951 -0.282986054039632 -0.0569455467686416 0.125020582620532 0.221565799699165 0.23335147921534 0.216568825812734 0.504446815850787 0.517574923959643 0.429521194267461 0.427520289595143 0.363640740400978 0.644994398565714 0.488284029454826 0.464154288837603 0.509291943308679 0.478191322992898 0.428237870917673 0.370558030165081 0.412109589262608 0.535421392489974 0.74215895317188 0.887481100771645
-3.4e+38 -3.4e+38 -3.4e+38 -3.4e+38 -3.4e+38 -1.58181893488952 -1.44586229953762 -1.30653950369325 -1.09676432378303 -0.908783367539094 -0.704912129612874 -0.631459837509119 -0.778151978655631 -0.664303331645175 -0.4934147097986 -1.10463537639169 -1.19943462566769 -1.1860171085938 -1.37540443442611 -1.61792828560421 -1.75462829804064 -1.40442478342561 -1.09728240279188 -0.876011577553 -0.930367813805281 -0.89197130134703 -1.09317571083434 -0.910288853607964 -0.457577859217199 -0.208736384431391 -0.207844617888785 0.0601117237886862 0.11879934260291 0.132382753039199 0.120986323391029 0.495176247410309 0.45264974058423 0.400491994240685 0.375283504604284 0.484833888970761 0.450028380980382 0.466358120242531 0.425235008380673 0.437348565219629 0.4235191819511 0.261451632231483 0.170069747178113 0.269265270189992 0.450451968339211 0.663250979018088 0.759798072504318
-3.4e+38 -3.4e+38 -3.4e+38 -3.4e+38 -3.4e+38 -3.4e+38 -1.32320375450073 -1.22028326052357 -1.0942021644583 -3.4e+38 -3.4e+38 -3.4e+38 -0.894772839342275 -0.713070726083448 -0.563916376393922 -1.12967114251899 -0.973974951160717 -1.17059770543052 -0.909645448488755 -1.31338411847178 -1.72046017830113 -1.58926537285957 -1.24939334478385 -0.933721741777091 -0.693539244785481 -0.775893565717754 -0.823420595062702 -0.849175520370963 -0.623568333974152 -0.507575488362959 -0.531980358934745 -0.212458420908212 -0.203911525242619 -0.338485916878752 -0.194637987909753 0.116939376940241 0.0917718374904944 0.00963453688480864 0.325941573269987 0.483338728356715 0.515448949252145 0.514613922616318 0.368389266578182 0.364996700243905 0.387783429029671 0.311403014059954 0.246618198782259 0.341450114084732 0.486318131669525 0.662037446165364 0.766578721787315
-3.4e+38 -3.4e+38 -3.4e+38 -3.4e+38 -3.4e+38 -3.4e+38 -1.27442315758641 -3.4e+38 -3.4e+38 -3.4e+38 -3.4e+38 -3.4e+38 -0.802791130368838 -0.899360536174399 -0.926742521908305 -0.604473834337717 -1.03133435909343 -1.50770021923267 -1.26937860070401 -1.29489450770129 -1.70002140292003 -1.42298240549533 -1.02657837202717 -0.816979476823195 -0.672574501041045 -0.633360764294042 -0.705371278229157 -0.608066737625475 -0.664529329784325 -0.637212565878418 -0.518948007757244 -0.34884841877381 -0.418555579481932 -0.664969261515724 -0.350925984249872 -0.085815923815543 0.037735540705663 -0.102096364273098 -0.233338851804075 0.233757912887353 0.304844262769234 0.496710159941284 0.397377531387673 0.385586669237323 0.62425772847643 0.614994500528953 0.501712600148811 0.528311176216097 0.647193121145757 0.682470068915818 0.749928531796441
-3.4e+38 -3.4e+38 -3.4e+38 -3.4e+38 -1.33010329086249 -1.15670383751112 -1.13612178504237 -3.4e+38 -3.4e+38 -3.4e+38 -3.4e+38 -0.628843521698976 -0.90519430438597 -0.80507342025172 -1.53042698545504 -1.25785866562789 -0.761920629416596 -1.62146106783154 -1.04323288579899 -1.12111333556701 -1.18386060565413 -0.82919760549005 -0.737444967895297 -0.610275569353468 -0.648161885313913 -0.541863477140596 -0.497889518176875 -0.435898584180479 -0.434324038180792 -0.647887611604489 -0.521030748794018 -0.550013830108276 -0.61335913453093 -0.47550754006071 -0.32102549851923 -0.377013628833504 -0.255677046152469 -0.229811563075273 -0.559858875414683 -0.206430716618188 0.0817741729016862 0.422083380080172 0.351739886830347 0.440290628902514 0.512824994337085 0.773881813172468 0.614308155583779 0.752722078631094 0.745456231090136 0.715749338079383 0.772373863116588
-3.4e+38 -3.4e+38 -3.4e+38 -3.4e+38 -1.26857756151248 -1.135603073384 -1.10377866172935 -3.4e+38 -3.4e+38 -3.4e+38 -3.4e+38 -3.4e+38 -3.4e+38 -0.971126299529695 -1.50512659532879 -1.50053636530997 -1.11978752904936 -1.28382374048 -0.738343665239236 -1.24389654800931 -1.14897107599075 -1.08378442835707 -0.762746352123506 -0.487323713606035 -0.48718647400457 -0.501466288246378 -0.632329874589618 -0.431462556617408 -0.343615572437854 -0.421486596413213 -0.405012699221051 -0.656664847762947 -0.848288382126169 -0.643668133898505 -0.694679343611288 -0.939437915169991 -0.776671017221086 -0.597628047164948 -0.599642996399343 -0.474796739277237 0.197467351982638 0.26764452253879 0.202979218835502 0.399442815461084 0.647224482495893 0.5286327582767 0.547277665009505 0.76332266108553 0.708948622907866 0.695188635311509 0.731643581904007
-3.4e+38 -3.4e+38 -3.4e+38 -1.57733072419477 -1.55997138501435 -1.20003398295109 -1.1124568965514 -1.0419868710411 -3.4e+38 -3.4e+38 -3.4e+38 -3.4e+38 -3.4e+38 -3.4e+38 -1.25308211120713 -1.54085434423336 -1.2512172995848 -1.11899180600934 -1.40319344602351 -1.12942006653363 -0.773407655026934 -0.938500210630995 -0.712496926776389 -0.583018248586788 -0.408378727093131 -0.421836649014603 -0.576569475048459 -0.589581374736853 -0.484331548528668 -0.399905245510989 -0.221582315082096 -0.309751670116844 -0.39733591241884 -0.639723856500053 -0.592103932649351 -0.524202011390597 -0.653718899245064 -0.441684598536779 -0.455386798189176 -0.565891827219045 -0.275206039322496 0.216271063051732 0.283377110459629 0.440548319922726 0.577049897620982 0.633037464967643 0.443118139787253 0.503564419407225 0.56203830312461 0.599838536072592 0.621369935396973
-3.4e+38 -3.4e+38 -3.4e+38 -1.60835573306247 -1.52934961251626 -1.19811154329012 -1.1003857257166 -3.4e+38 -3.4e+38 -3.4e+38 -3.4e+38 -3.4e+38 -1.19097225278832 -0.871132584590068 -1.04592640501013 -1.65407477456946 -1.62950331370908 -1.4740655164583 -1.34398813570887 -0.89194116358436 -1.19635777572698 -0.888504368410446 -0.953869192483561 -0.558208009727742 -0.363674368996417 -0.496130458887067 -0.732443760321676 -0.829612590157755 -0.514804297852058 -0.391540114904793 -0.394854858308109 -0.268578752586719 -0.185348652738699 -0.349713311022809 -0.542848275557984 -0.264655214634801 -0.202130968879926 -0.131017324156753 -0.163544728781547 -0.228773775217932 -0.16938034648232 -0.183471230307476 -0.108514241974752 0.263069216838286 0.404218998508189 0.478523989635774 0.498662737869217 0.410545471788926 0.371852181117538 0.416117122264332 0.650292233706503
-3.4e+38 -3.4e+38 -3.4e+38 -3.4e+38 -1.30734405490893 -1.1307884743207 -3.4e+38 -3.4e+38 -3.4e+38 -3.4e+38 -3.4e+38 -0.940134335338036 -1.0057525271863 -1.05623326983275 -1.27759273153096 -1.44177020110335 -1.41284229805472 -1.48932397674004 -1.2710033428064 -1.30931606844601 -1.63963853786118 -0.975112859169913 -0.774294591278506 -0.588609938781242 -0.315653825426953 -0.320550221720275 -0.459236712548392 -0.420493604179587 -0.342963932140536 -0.180135049647876 -0.375757930230082 -0.278265143577183 -0.218998539603473 -0.265159004378092 -0.386038705921787 -0.457719378944762 -0.29811266112536 -0.167473060259915 -0.0764013215342109 -0.0595320202459931 -0.162386665479246 -0.370605465030775 -0.208669446907116 0.23367563547301 0.373975609293616 0.464343872908556 0.632716918478579 0.64547465601543 0.518316852237347 0.521811156232246 0.573758185187494
-3.4e+38 -3.4e+38 -3.4e+38 -3.4e+38 -1.10493819035139 -1.05348504346254 -3.4e+38 -3.4e+38 -3.4e+38 -3.4e+38 -3.4e+38 -0.843969756129654 -1.04597556381596 -1.31189051126386 -1.03904317547721 -1.3402358097664 -1.24157695923509 -1.22120189999551 -1.49036230140284 -1.31793826693754 -1.71404008739114 -1.04299234838088 -0.710050513426644 -0.594319408783831 -0.348787660960847 -0.514569084418106 -0.627093967743716 -0.463430020760723 -0.651218033253881 -0.186299937873854 -0.115466399364958 -0.479011968455292 -0.380910443531392 -0.3485564102886 -0.378318922553682 -0.633822084592058 -0.586835520427897 -0.511523331917141 -0.4166412997973 -0.387757383730695 -0.352684248095657 -0.181777459683619 0.00118166761093732 0.344213826870821 0.54084344753972 0.720904007359544 0.739858128850865 0.713426602397966 0.66860693153007 0.61730888195404 0.632801268275375
-3.4e+38 -3.4e+38 -3.4e+38 -1.13661366567419 -1.08862140740542 -0.960646140077128 -0.858682982910224 -3.4e+38 -3.4e+38 -3.4e+38 -3.4e+38 -3.4e+38 -1.11417097767829 -1.09279638612109 -1.34211381018505 -1.26962574931438 -1.51165597781576 -1.31274994874648 -1.1780404670526 -0.866738814748684 -1.17287676118377 -0.887854411140135 -1.0540152536408 -0.614705906804351 -0.315963837486747 -0.374710188716993 -0.480276111952896 -0.667273686111707 -0.759287545593845 -0.708180281179172 -0.381121084043107 -0.10612180674905 -0.460828602594084 -0.378998816026208 -0.252324049588094 -0.0935543457266615 -0.179362349539262 -0.495921816816095 -0.457436168094494 -0.172735162183361 -0.0247023188761617 0.053528336636093 0.307135193970513 0.496757347670924 0.678384233833396 0.661169241162563 0.657630513565992 0.674325267825509 0.654506785518078 0.603688141913177 0.577664039095885
-3.4e+38 -3.4e+38 -3.4e+38 -1.02473120794393 -0.988061126094026 -0.8643808177388 -0.741747881474197 -3.4e+38 -3.4e+38 -3.4e+38 -3.4e+38 -0.923835016624483 -0.845606845411691 -0.827531899121185 -1.13951788406924 -1.14788545768305 -1.20161152426354 -1.09295932497048 -0.940848683292871 -0.533215078674909 -0.945125131878253 -0.862233248322616 -0.798560597829242 -0.76962922744747 -0.456325922454727 -0.376026761035896 -0.420827424861425 -0.571250169773151 -0.733937965755073 -0.743241762152164 -0.719768501366144 -0.451393477666509 -0.004675445906459 -0.0940936710660612 -0.169099162266425 -0.0533987658048133 -0.11920385358316 -0.33040855679989 -0.0592501220548272 -0.035432355743927 0.1199108941784 0.259832944021783 0.498386670253248 0.594142629512676 0.601582504330935 0.620276685001737 0.620628502310991 0.603683046392122 0.541098453690168 0.526822348227756 0.519170216530503
-3.4e+38 -3.4e+38 -1.02194813440176 -0.936317695043752 -0.861360250290947 -0.781837972620405 -3.4e+38 -3.4e+38 -3.4e+38 -3.4e+38 -3.4e+38 -0.878968717861248 -1.11527442429667 -0.823301435167276 -0.977132604433448 -1.26576374542918 -0.729919209379102 -1.36391860572075 -0.948765290475341 -0.945857761014878 -1.48629278621988 -1.16946082583988 -0.838219519787526 -1.15267280837192 -0.734763666471491 -0.463938194612441 -0.550628326729514 -0.802906580408598 -0.581706132337687 -0.672038937936176 -0.989013810445122 -0.742774125622818 -0.0320395254760358 0.0288069272465338 -0.119891658414098 -0.00795320629346774 0.105003283110095 -0.0995753705288323 0.11421745355756 0.252231425160036 0.291236006845946 0.429299315094886 0.475768547172546 0.476020826291058 0.506007906695849 0.511527886903131 0.481813755103795 0.474316600374102 0.449263129798466 0.447887789108912 0.450991830767635
-3.4e+38 -3.4e+38 -3.4e+38 -3.4e+38 -3.4e+38 -3.4e+38 -3.4e+38 -3.4e+38 -3.4e+38 -3.4e+38 -0.640913547534779 -0.94790780374941 -1.00917631697933 -1.01911935660275 -0.863596591961936 -0.898467638887748 -1.38446804534198 -1.35479208486777 -0.882373670827478 -1.30184717173572 -1.61812795825613 -1.47506683126798 -0.755674323222351 -1.00303881205612 -0.895182599699118 -0.639629779163689 -0.887345382270656 -1.03749249930502 -0.648328035726612 -0.489085587625438 -0.821192456197675 -0.643499487631907 -0.0709306717178736 0.00714088556246445 -0.307596289028707 -0.0490138827475651 0.138644089632833 0.178445138986891 0.187626470259295 0.268803856897541 0.24962677497765 0.349536084573759 0.301417544866291 0.333765218645091 0.348424642026179 0.380672733762708 0.388510736601528 0.364556045823058 0.35298132563697 0.329738612236187 0.324716445063498
-3.4e+38 -3.4e+38 -3.4e+38 -3.4e+38 -3.4e+38 -3.4e+38 -3.4e+38 -3.4e+38 -3.4e+38 -3.4e+38 -0.548116869067787 -0.628658680772691 -1.19910395997206 -1.02402332193088 -1.24343757320659 -0.740929065829695 -0.969038057028713 -0.847408383520006 -1.13463342297086 -1.07975567635919 -1.27381086644556 -1.12957747376935 -0.904550282002735 -1.09248428240019 -0.949398445024075 -0.821397378250238 -0.723497721684147 -0.657767124629773 -0.523465264586469 -0.427336334051146 -0.685878573138443 -0.772505628051401 -0.351314577331772 -0.0127535155759631 0.149068960900073 0.05391412474266 0.0492574710597468 0.114147076454447 0.16101876339636 0.185878376941567 0.248066178156908 0.191073834850331 0.197674089624268 0.215088431934755 0.250358346310571 0.242941603155676 0.233837791419127 0.273498695123454 0.259977760968974 0.231135235077981 0.25038387040351
-3.4e+38 -3.4e+38 -3.4e+38 -3.4e+38 -3.4e+38 -3.4e+38 -3.4e+38 -3.4e+38 -3.4e+38 -3.4e+38 -0.538185670464227 -0.681416878987278 -1.04028445014911 -1.00992346716568 -0.855931448099054 -1.08428817138804 -1.33933240379363 -1.20601330805132 -1.69372744823822 -1.37632957859268 -1.0301580876282 -1.20431209733318 -1.10946090533858 -1.42798790775358 -1.10051727483677 -0.875902588645503 -0.696858907020095 -0.731763936593244 -0.597018545148352 -0.351929521525153 -0.416470638725704 -0.526739628401514 -0.309764677461011 -0.126628649108001 0.164481500029929 0.170059332136359 0.192521498041694 0.0932201141356538 0.123528456089266 0.171395389862893 0.239723248786628 0.239257471109037 0.246711329680455 0.232468155302576 0.195612634143848 0.130769418871343 0.0921159718974425 0.0983114666241192 0.111266278677086 0.093782200188032 0.0775132014541328
-3.4e+38 -3.4e+38 -3.4e+38 -3.4e+38 -3.4e+38 -3.4e+38 -3.4e+38 -3.4e+38 -3.4e+38 -3.4e+38 -0.402638318976105 -0.467203681602056 -0.855860712216413 -0.559413766412335 -0.751824157263785 -1.30112038425911 -1.59750881070889 -1.61573124011033 -1.60894821901427 -1.3664424549842 -1.2817909928405 -1.20480658754506 -1.14606790674426 -1.34520917792974 -0.93555123197623 -1.04063731484182 -1.11088625385913 -1.13787988647297 -1.04691316160519 -0.479008145004319 -0.575050233424437 -0.529307343845616 -0.203036497255894 -0.0566623343243778 0.0201030607751002 0.110289691291185 0.100229218035954 0.124039597392131 0.118196257522946 0.0978609795900713 0.0330031827499147 0.0611058079897031 0.199067873503585 0.218549708064576 0.144935260812647 0.0851925131220998 0.042252874200343 0.0494846535557781 0.0493538942996355 0.00405932161547212 -0.0383154795348143
-3.4e+38 -3.4e+38 -3.4e+38 -3.4e+38 -3.4e+38 -3.4e+38 -3.4e+38 -3.4e+38 -3.4e+38 -0.366572049064279 -0.856042143631578 -0.881100958188451 -0.764235459734236 -0.721662025038319 -0.720959679226236 -1.21685420189336 -1.28953154283966 -1.62430836589991 -1.38966584338174 -1.38752797521534 -1.40140996470238 -1.14935200184636 -0.978947472104619 -0.998163643575864 -0.940199467881966 -0.737255116274963 -1.05454785105645 -1.29532437060205 -1.24356687383156 -0.881408773632712 -0.900474531099796 -0.663751835076468 -0.291876570323208 -0.118483786881969 0.000684425776757973 -0.0134966956403809 -0.0973454541898847 -0.0735875083935336 -0.0212505881190992 -0.0665090472272829 -0.0649804943306588 -0.0535925804984569 0.138977830236738 0.134120388653529 0.16791845502129 0.108755866508307 0.0314316152444983 -0.00514788203091051 -0.0334336941077498 -0.09343075133416 -0.186907324905365
-3.4e+38 -3.4e+38 -3.4e+38 -0.42690030084229 -0.25087362641971 -0.113246569102653 -3.4e+38 -3.4e+38 -3.4e+38 -0.253533338086518 -0.54833414315715 -0.799157757638869 -0.883778115640408 -1.05190045402764 -1.1608207180597 -1.1177467768072 -0.892452047676288 -1.12849741086009 -1.1215395184447 -1.16147713600024 -1.14806617785918 -1.08264119920067 -1.14413086431566 -1.18788627524148 -0.955995033817341 -0.73391723954977 -0.711270839946144 -1.0590610186911 -0.853868863727969 -0.825488730859325 -0.875327885627903 -0.748967563631458 -0.325401183113562 -0.157118373554069 -0.208115145688714 -0.0720867730097011 -0.28214380329559 -0.401063054943084 -0.124207914148156 -0.0881099179184555 -0.109968889595259 -0.0687066050595367 -0.0561038446872804 -0.0916254426186842 0.00900990226102055 -0.120400032388973 -0.0278654126176535 -0.0626313678520525 -0.203892770304004 -0.280473041596675 -0.334461333873186
