data/pcas/pcas_can_126/pca_referenceLayers_can_126/PC03.asc
NCOLS 494 
NROWS 529 
XLLCORNER -117.166666666667 
YLLCORNER -55.5 
CELLSIZE 0.166666666666667 
NODATA_value -3.4e+38 
[rows 374 to 395 of 529, columns 306 to 356 of 494]
1.64135797562235 1.40573527813203 1.58700077551291 1.63700774376783 1.60493335264877 1.61027072485222 1.66435669871023 1.68051195612196 1.60245847415554 1.45966261354315 1.48050305340619 1.16758936363839 1.00084632836911 0.966844724058592 1.0289995122095 1.2567308500413 1.45536432207294 1.51072457636709 1.5141348817761 1.51652783681244 1.50951054591008 1.50848865043946 1.51761287619523 1.53998450592726 1.53355178776727 1.57841487623416 1.59464345107654 1.61276066132247 1.63606562951215 1.63465869135212 1.64809550282089 1.63797821995343 1.65139818718156 1.66530418584688 1.66545950574087 1.69556173199715 1.75211118570322 1.72247165116492 1.64878903744556 1.6080182749794 1.71494138848338 1.76789965016587 1.8045581451611 1.79624412053185 1.88190653578739 1.90748530540543 1.94279966966891 1.99536038375587 2.0625074658284 2.11482871482641 2.13423122101829
1.78171982823183 1.4850967657036 1.62065447679741 1.67330314984909 1.65728639988444 1.65936718687883 1.70299826848787 1.87809175430598 1.83463071054241 1.34331600825797 1.27746932528492 0.980251264626006 0.796246179707183 0.923917739199513 1.11326507424402 1.40835861430978 1.47979166722881 1.48429307794347 1.49855930749085 1.47216373820961 1.44124574216238 1.53239542210219 1.53429052288207 1.51580760067056 1.55956134332363 1.57138153869588 1.58087979828685 1.58549325333085 1.61385038131795 1.63645294710856 1.64289185706168 1.62697077094999 1.6372582739874 1.67383767215582 1.70124042782298 1.75022198303475 1.77542204845219 1.74942047883682 1.65800916487329 1.6437201418933 1.72432181782512 1.76916756482799 1.81919128041235 1.86136986551139 1.93326125180245 1.98503222277262 1.96472827178864 2.00401652536162 2.04502188065837 2.10678033497616 2.14978247877849
1.63381210774796 1.56048577606732 1.66372542954389 1.82951293844512 1.78678771291728 1.80395317792178 1.82656594100132 1.88883735143948 1.70989013768909 1.29599274785957 1.0672559009131 0.702920732258368 0.681099172975978 0.815868121751359 1.20141994246676 1.37824948420421 1.41415948367812 1.45434008794043 1.45940831845222 1.49006080688151 1.46501689477483 1.50070999259237 1.62353721601549 1.67863673953794 1.54193838547465 1.54287238865891 1.5603637770706 1.56562222588493 1.58319834590229 1.62383584779344 1.6312375243811 1.63149809795611 1.64746360361558 1.67615239440773 1.71722605887478 1.71535642037744 1.77409544809012 1.72640775117306 1.68531710313095 1.69219575573743 1.73672144995663 1.78793680868273 1.78451611391978 1.88984518337075 1.96532940332458 2.0007110921746 2.04151342595028 2.13030674524984 2.06122945005916 2.14193648749426 2.19065742621059
1.50263206073951 1.59383317314462 1.59298230375111 1.69052859325858 1.81475946549774 1.6999954150163 1.49154147003078 1.3562660532266 1.289075073558 1.15015336951226 0.964236672602398 0.596534229694949 0.619506141903329 0.894756899387815 1.23551932642619 1.38147021012337 1.36078542410988 1.42103548663205 1.4394191069108 1.52957713200971 1.5622719852061 1.41035598932776 1.42231594928951 1.50453999301914 1.54836410777657 1.55909052086721 1.55981279138318 1.54534972740188 1.57246425129809 1.63376001031285 1.63418617994452 1.63326520711546 1.64999949699189 1.69234260036164 1.71597678209643 1.7490834187954 1.76572921048041 1.71393491770577 1.69942916442079 1.73716665671625 1.80506075554855 1.84285263572327 1.86412499202812 1.91855173252949 1.9723125495243 1.99549611792374 2.06277770303512 2.11433345503255 2.14263046849415 2.19564507520267 2.21077506714943
1.46164192027585 1.53527107146412 1.58514618587675 1.63588052124408 1.63855044145296 1.41506856835558 1.33823852745149 1.2580102770307 1.12022886724596 0.909243563108614 0.744837077281682 0.560012668610724 0.685457565286309 0.973146910472543 1.17357599007773 1.31287855670253 1.36205283002272 1.42860989473738 1.4586865745213 1.40713029982109 1.3330236263719 1.27218600341696 1.27494287508504 1.33591757913621 1.50667031222361 1.5471431481751 1.53579534430258 1.5805155443666 1.60909016842043 1.63433781705839 1.65054519089884 1.63982218735771 1.65488707156612 1.70528893374082 1.73576705158366 1.78009210837675 1.76665767526267 1.77535458106905 1.73316057102931 1.74886687041251 1.80506467905012 1.85646379115331 1.89269744053502 1.91857224547188 1.99556461605146 2.02188938693849 2.07999747764966 2.11963540894952 2.16130012761196 2.17100087770465 2.1543335122142
1.46174065427648 1.53882033722935 1.55937899905136 1.56000120406355 1.41661346102729 1.32134874906173 1.27776822250151 1.15817165615686 0.978806038867561 0.653534284389727 0.444135054368913 0.509734615714287 0.657156049868648 0.952792068578117 1.1157849126479 1.24959810853054 1.35467418367124 1.41997345608454 1.36080861659141 1.2369912266045 1.20333074302882 1.24114637206891 1.26756954523232 1.31616492353396 1.50749891509885 1.53650501709342 1.55777724629439 1.59828648785176 1.61375364660518 1.64377938791856 1.65407243380459 1.6526930222831 1.64911483336738 1.68265848375405 1.73506675716337 1.75766068253056 1.77316782124722 1.77203248796821 1.78628086366071 1.78424855065047 1.8416226970431 1.86873374190616 1.8891089152051 1.93241741814071 1.97910367871708 2.03192620407541 2.05369742128643 2.10757781194883 2.1525049069507 2.13668787010301 2.18723758292755
1.45263993285661 1.53147068461657 1.5523411109142 1.55875091084356 1.39111418269989 1.23386165967681 1.14176174043893 1.00642932900793 0.851208967439923 0.519775754729732 0.186723787117214 0.358262902977303 0.651040834081599 0.893231048892019 1.05797430232349 1.22486691242184 1.36207511258318 1.38190216753804 1.38240953222256 1.27545432425921 1.19256419876694 1.22850360124458 1.28074232250073 1.30548128629435 1.49136445611632 1.52514500970019 1.55866207138341 1.59042752915676 1.59970596570849 1.62973667392075 1.65179113727061 1.63872371959328 1.6521702984958 1.687607659516 1.72296367640974 1.74066464386182 1.71888262503438 1.76528722137419 1.75541304846369 1.84513318600397 1.88059586695489 1.87775961196242 1.90190821259782 1.95703984501431 1.9961495494463 2.04512731172521 2.06978851380662 2.09334599172894 2.17280929068671 2.16594330396282 2.19717515593583
1.50066016466125 1.55812004651207 1.58066103826921 1.59960758165697 1.30154432886813 0.99904785147942 1.03126295305347 0.764026558881816 0.65803213815267 0.42426740176356 0.045548798341252 0.317123719539906 0.603529439718493 0.82210558012139 1.00865167725474 1.17118675591994 1.29079859724099 1.34589557641274 1.36508922037138 1.37769340642622 1.35298052579639 1.38992689455726 1.43763020334359 1.43876586675178 1.46473556014948 1.48730668654585 1.52836137962015 1.57543462651539 1.54951303372139 1.62313320417755 1.64331957859226 1.6063055057204 1.62007434296598 1.62641370754094 1.70740046994394 1.69550008501366 1.68629890775312 1.78108632986859 1.75898868424978 1.84328352274914 1.88183864476913 1.88544411855246 1.9156294959466 1.95510936922858 2.01906388974358 2.057788298797 2.07484646761607 2.12201988544191 2.16405729819472 2.13751591995595 2.17129547356987
1.50841249999016 1.6034060339275 1.58881132251161 1.60626388469057 1.15615706456535 0.883113281366924 0.928617663750807 0.474386491695747 0.337484425386579 0.348926771540584 0.172037166507164 0.385674703845389 0.667425917474863 0.822037475661082 0.966114172005599 1.10502124127323 1.192334445928 1.26629955228677 1.31611289758201 1.38735124740907 1.45726508169345 1.46409531806518 1.45672273805218 1.50149711238852 1.48140691116558 1.48572363149698 1.53001901167976 1.55406421879863 1.55107701009382 1.60354982770507 1.62177471468116 1.62512460465984 1.63494690151544 1.63489743138392 1.67524182578853 1.68019163428503 1.68482360845175 1.64651456766923 1.74915149915866 1.81123342055858 1.81765668596172 1.87831774809893 1.91280945424238 1.95276994870335 1.98599350952107 2.0362508168378 2.08989518430718 2.1174250750215 2.13815098413718 2.13433878217237 2.24618718943904
1.54630970127251 1.63313534877039 1.67365667383198 1.65370745668994 1.10620986630157 0.772219040749665 0.816431484741673 0.24272955114634 0.0225226349154865 0.406225200117848 0.377368130057431 0.577479658499144 0.759844850519429 0.88279999299369 0.93774449139145 1.01454107563916 1.13739290794139 1.24663709373511 1.30314507639962 1.38102306617478 1.45394061907646 1.48751711947202 1.46881539661701 1.47213686544151 1.49774786683431 1.49958981524314 1.49764763638998 1.5045350018164 1.55989603860162 1.6060123143885 1.62957698963641 1.62594885468579 1.60527984711312 1.60735091325195 1.61977595595941 1.5976881362754 1.54026028305295 1.67641691038938 1.73615038905713 1.77122769203992 1.81231699111954 1.83600405021984 1.88973079035743 1.93577559208778 1.99101484503611 2.02541874944437 2.07177756594528 2.0960716892377 2.11148895685422 2.10626243979932 2.26042562238336
1.62319222640344 1.69335140533804 1.69931272749604 1.66563156448522 1.22982960765045 0.872269520525924 0.705331198940511 0.0383109466346757 0.00877644345916576 0.51776093302147 0.561065199758996 0.758563078917603 0.821523429957723 0.856322705260977 0.917221937939161 0.998351214849666 1.09240244133337 1.21870479750245 1.30397328946923 1.36646277904523 1.45119050554653 1.51293394102422 1.50241976300311 1.48704417075501 1.49321124463509 1.48418139623611 1.47686604993525 1.52133134814224 1.57269093527104 1.60259078697128 1.60228658064218 1.62249735632158 1.59153676456811 1.55007318369806 1.54534059338506 1.53389385664307 1.52717556248429 1.64722100596851 1.68430582762701 1.74643307081656 1.77336443897724 1.83883417468577 1.88124078201515 1.91704324446434 1.96616455453215 2.00494640334519 2.09468311061643 2.07626291461837 2.10849683333279 2.21625291956423 2.25751293468621
1.72544087405203 1.7700649188039 1.73998250426924 1.71793988378986 1.57727298020668 0.913226792922911 0.789081956009671 -0.0308354278657865 -0.179789879136143 0.470761947515481 0.68574032027753 0.777955617826612 0.853270267960908 0.888671668434158 0.947554632400561 1.02399845056023 1.11215935836166 1.22894537848997 1.30251656094796 1.37323350400815 1.4240429658064 1.50755202425702 1.51555614849178 1.53464371560541 1.53127462271721 1.5134883379652 1.51353749907625 1.59636712910841 1.58283997867442 1.62552385029256 1.57145012359767 1.5917637206642 1.60439408119669 1.51380711743324 1.50161173590159 1.52794461952713 1.60113228409461 1.63109479975557 1.68705225410737 1.73291805735913 1.76631457756382 1.8202462401252 1.86994612674276 1.92134890889507 1.96596624019468 2.00945807508959 2.04622435554373 2.10611584872765 2.11379205911742 2.1637130515316 2.26115507727769
1.70317021416587 1.74670462414055 1.73974179354648 1.71255276003054 1.65202339077608 1.39565064877891 0.957369665431163 0.315327446590383 -0.154670973779755 0.545808437727528 0.771666658950403 0.878250673874854 0.911352490498814 0.898467178771278 0.966849151638815 1.04800318989502 1.13408752923478 1.22527687969531 1.30934664057193 1.39290626587725 1.44377936236684 1.53190774044063 1.52405045062965 1.54949871425049 1.52243153523471 1.54045837470878 1.50798180039137 1.56597476044742 1.57961075723842 1.59883888457343 1.54970885308147 1.58549367008216 1.52400592522224 1.5135683591728 1.60213494163659 1.62749750911208 1.62734576858837 1.63266216634279 1.70686221971933 1.73249412829272 1.77080398539998 1.82985666665525 1.87096724448184 1.92589116834328 1.95466108417514 2.00317493064424 2.05743986325943 2.09931440246446 2.1011295970056 2.1773658536686 2.19103007062364
1.67935605014778 1.68622153203413 1.66882777896012 1.63633078015677 1.65001072020516 1.6300812450013 1.25325792565037 -0.0211993480803701 0.316825586526813 0.644009073240992 0.71191698380547 0.864528699752555 0.911581965270301 0.953535180010026 1.01738360423262 1.08929343228433 1.18188594102735 1.26988067968942 1.33736775234366 1.42449756021639 1.48821638214171 1.53922825284832 1.55675767063513 1.57504345708427 1.51590276178662 1.51921420556747 1.55568142214864 1.55060922014003 1.57995521483114 1.55673169606142 1.56169349788735 1.57401321945243 1.55943382716621 1.56291258672544 1.59802546606138 1.63581400582976 1.65171035495507 1.64819351173979 1.70669254014536 1.75273611166557 1.78486068290238 1.83039045651532 1.86587896556678 1.91928312780799 1.98620649778849 1.99924946138161 2.04070181676961 2.07869624199048 2.13933371923494 2.18748119916168 2.16637239300296
1.59945255390738 1.62082867761341 1.62769875074234 1.62753367602329 1.58134872558075 1.5591044454125 1.31071880838162 -0.105156640221682 0.574441674280931 0.78079054767626 0.738148786487201 0.897897254056511 0.972873555914817 1.00795240863294 1.05715183099482 1.12649372293071 1.22775012387622 1.28676419847982 1.36624814756544 1.43299042611171 1.48592275185659 1.57646639191552 1.61699592924409 1.65590765713663 1.57244779840954 1.48978401682604 1.46858886062625 1.52899537239319 1.59471071170294 1.54834011777126 1.56520685676222 1.50749041674743 1.50141391769384 1.56020234131685 1.62074377219695 1.61968075339876 1.6623871497178 1.6934067961233 1.73206902728134 1.76253323077498 1.80297798850504 1.84083508939581 1.88038651743822 1.93932039558471 1.99528950502701 2.02616716540888 2.07489464666562 2.11347795556584 2.10446321574753 2.18141830933147 2.22822827554216
1.43746126494853 1.4725693075778 1.38078340569066 1.37661754468529 1.35266603761112 1.4523024733445 1.21989513198096 -0.0209878768531016 0.625009563633856 0.909796380386852 0.856008140235014 0.966894937776925 1.02522489113209 1.06583143131104 1.09438607331283 1.17961492259221 1.2199082630987 1.28899539764123 1.39225783857227 1.48901844615842 1.53776093967 1.57476936263999 1.59567553223161 1.61975318019239 1.63308038012164 1.53980594326811 1.45991477479905 1.49831365855608 1.52225581606786 1.54886264458603 1.53846545540717 1.48884970328732 1.48935338003284 1.50751666164035 1.59184081535318 1.62565891606652 1.66897754107877 1.73991291686532 1.77584164131235 1.78985478459385 1.84384449982958 1.8621096944988 1.90641556582559 1.98552438444377 2.00771978281484 1.99759406164959 2.07156899579752 2.10028509940391 2.0918474943057 2.18585768352545 2.22924367993068
1.33038811706703 0.976242735625153 0.914032240488772 1.03802334055885 1.2003631674547 1.34890866000815 1.13954654760181 0.165715762398725 0.547517099822106 0.84351856103512 0.876162774007776 0.891632590085677 1.00661400355748 1.05400577066543 1.13986694578484 1.17899602688725 1.22643181252246 1.31080478852054 1.38177213704956 1.51514598142938 1.58327948701072 1.59838279841171 1.60497225554956 1.54564030006433 1.64768022437335 1.55689482062064 1.45191324336633 1.47152002762156 1.49718409423094 1.50416479461448 1.52529164903394 1.47336576329029 1.41659776500939 1.48804431518565 1.56805058722735 1.59959479932079 1.68444815443065 1.72989691886242 1.78475338555491 1.80051460533667 1.84267436688425 1.90137408454276 1.94979681722333 1.9697068332349 2.00260900926396 2.02973400630127 2.05105200079148 2.0565145247187 2.12265607204961 2.18398927990974 2.23206496214327
0.975721940093409 0.551118994375796 0.844324814243836 0.970086395682995 1.12581363349423 1.2625626113479 1.06340519693352 0.310280898704734 0.609211739954808 0.805554915323771 0.866842106378985 0.901778345749417 0.991751932702387 1.08086464146134 1.18303546648321 1.22922758819837 1.26569188655944 1.33706371021579 1.3825292107118 1.44235054748492 1.49011068597883 1.54230294377521 1.56079096948886 1.52912140987484 1.54955864803246 1.64646183609434 1.45412970368086 1.45863364535766 1.4605745672473 1.44983414199312 1.47423072024012 1.41642401213718 1.42428100943572 1.49049718699859 1.62528331638934 1.63830220315494 1.68758267124441 1.72376884973209 1.76863059763198 1.80754041028729 1.87380973219624 1.92658200984668 1.94980247374914 1.981581924661 1.99981455725031 2.01281317267757 2.05345403380401 2.03669167314383 2.13187517997603 2.24115645846668 2.29436649457777
0.37230386555655 0.486785964823954 0.700528020188022 0.939679464796837 1.1164115472327 1.18585075106909 0.988707416037827 0.382406793417985 0.757086615342373 0.87948502973987 0.923243692473216 0.983215419995406 1.04662061135281 1.11950678780786 1.21564967130855 1.29091251072032 1.34099682394427 1.36809304243008 1.40971573542324 1.44071752689773 1.46571670496549 1.50168971567602 1.57725490240891 1.60111861854689 1.55703046599139 1.5969607484322 1.48590234884249 1.43892435450087 1.44408843257116 1.42932710467094 1.44474904810605 1.4992854946023 1.51327426317323 1.53580740748317 1.57142430734156 1.64060811261533 1.74832441941085 1.75092935269568 1.78331119792601 1.81397088060589 1.90209297505702 1.94506591998785 1.93999931014566 1.97818833545451 1.98706668814444 2.01740699416021 2.07171139708153 2.07572701552738 2.12186948128803 2.22323776577349 2.33882103166261
0.361877501703598 0.618131264561948 0.744177541484215 1.00509863432637 1.08519169938381 1.07705637121433 0.840310794019018 0.677053437512408 0.959154972879411 0.996215806007124 1.00067893246962 1.03589276529593 1.11546528864973 1.19707531210648 1.22730601115416 1.29086841487039 1.36579451077983 1.38822396743202 1.44517686916643 1.4775861612962 1.47798352712067 1.53368063026045 1.57138963361653 1.58655404867894 1.56899412855238 1.56950821997503 1.51884374953854 1.4465659675092 1.44320227919595 1.48096541573361 1.43473061566297 1.53370618111552 1.63997430976583 1.55080146020184 1.60585218619984 1.63931338972215 1.70355835684226 1.76890803300499 1.83048426570313 1.83766533250805 1.90795090265054 1.94867927045748 1.95015831581744 1.96641917380029 1.98058778453407 2.03360935739339 2.05712870887355 2.08281610290571 2.06266000222143 2.2042650115822 2.2958664835526
0.656297811419105 0.87141263196587 0.917210423913695 1.04835678043536 0.885815342186822 0.950454103129063 0.808107434976203 0.845718189392639 1.01227982071126 1.04593516469536 1.06966976701935 1.07853277192185 1.14192327944716 1.20548689388425 1.26475134189363 1.3247536874552 1.35734356084357 1.44144132164323 1.46524996328781 1.4978240582725 1.48532835236876 1.52796757779125 1.56913948950369 1.55989564541692 1.5569082523234 1.5092452304152 1.5225039814073 1.5220749084557 1.46929673243404 1.44126755031296 1.4732102492771 1.52399516987799 1.63856247311602 1.61912822704613 1.5852858455761 1.62896975627896 1.70236115949861 1.73096058761096 1.82299955718323 1.91222311957764 1.93500679458819 1.9716422233134 1.97675477474886 1.97330127454611 1.98357448779118 2.02848513317309 -3.4e+38 2.04601205838809 2.09740392420197 2.21306609192168 2.26413269371544
0.980275649002781 1.12683224043832 1.14449336585065 1.06797437614219 0.89858438562586 1.01826479765003 1.03103592082319 1.05779619650924 1.05532799115843 1.10314520753532 1.14162375973681 1.13889562553183 1.1493710561923 1.23496121971917 1.29967579433002 1.35522167791795 1.4014897273783 1.46154067793549 1.48410416613896 1.51284339830249 1.50208358942851 1.52084285998677 1.51015240908597 1.50406292383999 1.51378791603756 1.49076371341686 1.4760159496087 1.47526739696281 1.46337554373801 1.47103086866749 1.52058339952473 1.57584882816998 1.61862526882101 1.6378135667224 1.65560433850837 1.633544691722 1.65459047952005 1.75785039729105 1.79823595413316 1.89252546666859 1.97272368874845 1.97819155486018 1.95120861099516 1.99477566638687 1.9709982704508 1.95920118758812 -3.4e+38 1.99319958670445 2.08256145856695 2.16136363126784 2.21872664006618
