data/pcas/pcas_can_126/pca_referenceLayers_can_126/PC03.asc
NCOLS 494 
NROWS 529 
XLLCORNER -117.166666666667 
YLLCORNER -55.5 
CELLSIZE 0.166666666666667 
NODATA_value -3.4e+38 
[rows 462 to 483 of 529, columns 255 to 305 of 494]
-3.4e+38 -3.4e+38 -0.522217397545723 -0.340221554917587 -0.218791258192474 -0.0517609490362188 -3.4e+38 -3.4e+38 -3.4e+38 -0.204843880951468 -0.270018011291646 -0.463487221200729 -0.460749847188235 -1.55383829703929 -1.33598373802702 -1.32098644339093 -1.58756571790603 -1.66593758543755 -1.41622637056739 -1.49809329897975 -1.45758659424564 -1.35941479802746 -1.31558971411241 -1.01029953382541 -0.677553839746899 -0.65963465359438 -0.648653215158935 -0.612971281846696 -0.564615183167569 -0.598325313450256 -0.847509163344416 -0.754954339384002 -0.372226642998225 -0.15462463418887 -0.105361017897809 -0.305435027688276 -0.637952086327955 -0.252673957197498 -0.107024535086542 -0.0986348703102263 -0.0722741430354653 -0.0651351085196297 -0.00607046184416699 -0.150113758158318 -0.147472417407298 -0.210187683511681 -0.187162327986955 -0.280046610370374 -0.444764830695576 -0.495815090202302 -0.45464449400458
-3.4e+38 -3.4e+38 -0.469703740453449 -0.302216732671389 -3.4e+38 -0.195741991926722 -3.4e+38 -3.4e+38 -3.4e+38 -0.339422348673353 -0.352761300044523 -0.292082181286424 -0.763568547782774 -1.03784785895787 -1.26816818497628 -1.43726401057581 -1.48077750298968 -1.30779866261736 -1.38715019835938 -1.33746937108317 -1.34298925264125 -1.37796060130527 -1.30141397984145 -1.05562178500266 -0.799642302366136 -0.687976709637987 -0.518235726923478 -0.458878446923119 -0.426243552809719 -0.624052605718474 -1.05639143881271 -1.13840391319519 -0.473255811312213 -0.145525326204215 -0.135855643815668 -0.435304789551027 -0.667570995774621 -0.448822126315728 -0.395776485787597 -0.231116703430311 -0.186530726691884 -0.163194668356731 -0.151008903146784 -0.174068503084707 -0.2053371665362 -0.256126460096746 -0.299187389628517 -0.428982919056553 -0.522198545499622 -0.640137956365583 -0.710278631969898
-3.4e+38 -0.419118226142748 -0.364079571336909 -0.271450121471032 -0.13767063540197 -0.150713749578359 -3.4e+38 -3.4e+38 -0.227250967970638 -0.505867692392064 -0.282011625602115 -0.224740000110372 -0.670601866468108 -1.07048516651282 -1.02059266620614 -1.22525849617463 -1.52336929270811 -1.64373237456737 -1.72446772480278 -1.87530619992318 -1.80332378612255 -1.63071869077537 -1.30752157278524 -0.86715738046428 -0.720544725787323 -0.695643767109202 -0.599330508654432 -0.545105169211998 -0.442730127018829 -0.870352109438221 -1.02824045504318 -0.873523443897741 -0.276032377126453 -0.214330798175339 -0.167417982559091 -0.175003436684891 -0.251329749126465 -0.326220030488914 -0.169190280871437 -0.234946959183504 -0.19285521977162 -0.234396004177192 -0.228976826431067 -0.233674300126013 -0.279370535759326 -0.298285875113736 -0.445521352499068 -0.583763829532581 -0.642513743438982 -0.709901374002287 -0.718546074589983
-3.4e+38 -3.4e+38 -0.217415025592148 -0.278724274696507 -0.122387763009731 -0.0210883856637693 -3.4e+38 -3.4e+38 -0.274665805943318 -0.364781827267605 -0.420515470239329 -0.889299900780224 -0.811870257474204 -0.862351955973884 -0.955509408050901 -1.34863992816303 -1.68068686618161 -1.78414354256518 -1.69253743060674 -1.67393879024133 -1.50961362135537 -1.30118861066427 -1.0972165386325 -0.829480508501903 -0.743326388457756 -0.688244813967384 -0.562189736641505 -0.541942026303993 -0.578504952694188 -0.907981951501648 -1.07762076943147 -0.788589312772442 -0.417766563744628 -0.252747461802658 -0.272023321496268 -0.182152786913897 -0.18969960599216 -0.261078772149124 -0.145378502086498 -0.205395215209191 -0.273087128362288 -0.355904089373812 -0.341314350615993 -0.274173012542272 -0.330224209368797 -0.500886286176289 -0.649554499285204 -0.570033042945583 -0.535334053426501 -0.562020643538016 -0.631957767591221
-3.4e+38 -3.4e+38 -0.212154344060169 -0.155126163706268 -0.186157522993553 0.0348924906710265 -3.4e+38 -3.4e+38 -0.44137870051384 -0.742849486033481 -0.659990049991087 -1.11531447330597 -0.921243231818483 -1.20926731626353 -1.22623027721817 -1.11209581460863 -1.45498102521848 -1.55472662139863 -1.66420528027104 -1.65365614069582 -1.42887608113744 -1.18793946324953 -1.03391406337843 -0.94290379910204 -0.842716772727214 -0.685158603074418 -0.591957945235019 -0.505188327557764 -0.49146829693728 -0.670212826141228 -0.960498613145979 -0.757879369509703 -0.558533195132601 -0.310277488590852 -0.396186173589695 -0.494440011523877 -0.383275385453136 -0.331622191055443 -0.330027262420282 -0.49744147764974 -0.532130478444244 -0.417898935118035 -0.297697028525278 -0.347947897562438 -0.550714572503777 -0.671643273109018 -0.474530630345895 -0.482741284485847 -0.517224392354354 -3.4e+38 -3.4e+38
-3.4e+38 -3.4e+38 -0.0514600629418898 -3.4e+38 -0.10738377832251 0.131346205648931 -3.4e+38 -0.0967826310117552 -0.0879602919437895 -0.667040479438295 -0.854295775243289 -0.863650951643811 -1.01101859576152 -1.30743450864127 -1.14844534375403 -1.29808154913005 -1.50845584841945 -1.32641855831591 -1.21537121620008 -1.33375069994365 -1.34037670987714 -1.24135712341248 -1.07483445903535 -0.961688194616361 -0.849562108312979 -0.77894281008823 -0.684008764103082 -0.506263682708375 -0.455161390052147 -0.677453162449786 -0.726294938925254 -0.498363614418412 -0.390397492127425 -0.395018831410442 -0.359528978510813 -0.375227232081904 -0.34307556674535 -0.261005938529639 -0.337501974387638 -0.434000637716617 -0.444719294004686 -0.356823297626951 -0.376493004458372 -0.505737333852932 -0.686341327417179 -0.511055403980112 -3.4e+38 -3.4e+38 -3.4e+38 -3.4e+38 -3.4e+38
-3.4e+38 -3.4e+38 -3.4e+38 0.000672123789542366 0.0179800623326401 -3.4e+38 -3.4e+38 -3.4e+38 -0.50719994795694 -3.4e+38 -0.419387486104537 -0.275353870039263 -0.413748585422819 -0.782284059288086 -1.36233258736822 -1.36751856984353 -1.50366975871084 -1.70602610269428 -1.4568338411124 -1.35179035346178 -1.39168958895404 -1.27150016272344 -1.09545797494301 -0.958564650330307 -0.804879820318589 -0.68518452066481 -0.595116618445409 -0.534554597912209 -0.44462910758343 -0.584418714066154 -0.695272646627294 -0.593438217438452 -0.500033483760272 -0.5201980764532 -0.412225044708651 -0.491760043632165 -0.288851506985673 -0.276458918582736 -0.369085125663425 -0.355929829855418 -0.364825556593928 -0.501015836551299 -0.549848728864996 -0.692171106825775 -0.525704540611727 -3.4e+38 -3.4e+38 -3.4e+38 -3.4e+38 -3.4e+38 -3.4e+38
-3.4e+38 -0.11088957350547 -0.0693081828276961 -3.4e+38 0.0187064581526075 0.0156517683407436 -0.0141355168233684 -0.427539584099884 -0.310528496238701 -0.563912399784266 -0.770794045007968 -0.749039931838687 -0.712455601541054 -1.15232831066761 -1.42408882431825 -1.118736762459 -1.40001569320475 -1.45312151006906 -1.39227253123999 -1.35383420281886 -1.35724354067796 -1.21492623555412 -1.05907500435253 -0.908364980992564 -0.801084287684345 -0.679333741668953 -0.582686332685773 -0.529554412031695 -0.433067268799967 -0.429207467844227 -0.757753603428505 -0.750860339330724 -0.452030759750935 -0.380565955195804 -0.379597494503657 -0.554343742829614 -0.355630993884778 -0.328193691372709 -0.32586114462078 -0.419860559680753 -0.656538265999989 -0.749761719973903 -0.739617208312058 -0.642401475336266 -3.4e+38 -3.4e+38 -3.4e+38 -3.4e+38 -3.4e+38 -3.4e+38 -3.4e+38
-3.4e+38 -0.0456842744440199 0.0780365165986038 0.0943738769655102 -3.4e+38 0.0479893077681879 -3.4e+38 -0.279438580832223 -0.568612807868315 -0.534988804838469 -0.916834251108913 -1.24135397721193 -1.06194978054014 -1.2485016435731 -1.19829842941104 -1.15524334634996 -1.44309507568985 -1.66822561050755 -1.85095138504975 -1.77640295574247 -1.54136401973379 -1.18841074341616 -1.02663125594538 -0.900641350317128 -0.786585360827316 -0.686181758799836 -0.558377205358587 -0.490729785867673 -0.417462434587631 -0.370397920533167 -0.60875290884418 -0.81960023202448 -0.311229686669436 -0.270387240681005 -0.300365860699856 -0.355444278376236 -0.318530486812698 -0.39474727127099 -0.555269005135558 -0.683723693958394 -0.761842507207822 -0.647873319334446 -0.472044102716299 -3.4e+38 -3.4e+38 -3.4e+38 -3.4e+38 -3.4e+38 -3.4e+38 -3.4e+38 -3.4e+38
-0.20041752662788 0.0272119919285998 -0.123704917502965 0.0395226931808797 0.115009836043794 0.0408452275763573 -3.4e+38 -0.281141941703925 -0.436021937945211 -0.83047251309307 -1.40345157064989 -1.26234768810641 -1.52149340680397 -1.56452541123966 -1.60248682384469 -1.72338883624853 -1.71542614297082 -1.51263574227654 -1.44167223429549 -1.47109988836448 -1.37235290054862 -1.34618853957666 -1.22231238844998 -1.01465192391686 -0.858671570356998 -0.696337764563059 -0.572314323991964 -0.511245757493551 -0.458568558903748 -0.368724637541908 -0.410243230441419 -0.26892798273474 -0.327352814423259 -0.335330678877799 -0.316959081916449 -0.449098039788531 -0.544413573565093 -0.684225062261501 -0.798769318083164 -0.8200761282086 -0.682449647214287 -0.523638221148991 -3.4e+38 -3.4e+38 -3.4e+38 -3.4e+38 -3.4e+38 -3.4e+38 -3.4e+38 -3.4e+38 -3.4e+38
-0.0263741801217913 -0.0786690129295196 -0.095066160354505 0.0196373864264828 0.036447739343723 -0.10145601964203 -3.4e+38 -0.420794575016051 -0.62562930115389 -1.03141057219226 -1.20354868888044 -1.33776602006525 -1.31847246241903 -1.63162408060544 -1.70907521494588 -1.74496236058375 -2.01832615394981 -1.86238879988203 -1.72907365649859 -1.72916220343877 -1.70942824536365 -1.55267020579603 -1.30285541876698 -1.08630383181243 -0.890272860082026 -0.752737637168342 -0.624983964115927 -0.531777429692833 -0.429972871986812 -0.422069171837148 -0.295040764689449 -0.269836244903308 -0.307556608438213 -0.280731271111715 -0.424943225743114 -0.589339430072934 -0.716351301322335 -0.680370659365496 -0.556114712963758 -0.357388894080889 -0.419786920418771 -0.40124068295821 -3.4e+38 -3.4e+38 -3.4e+38 -3.4e+38 -3.4e+38 -3.4e+38 -3.4e+38 -3.4e+38 -3.4e+38
-0.00109929192693655 0.110356682275623 -0.034677661311916 0.129169005776794 0.0652504425094085 -3.4e+38 -0.268485805937902 -0.513847031481861 -0.78812713335466 -1.1444138872461 -1.26645002127953 -1.24051899008407 -1.65745076010726 -1.62625714802755 -1.7242352094501 -1.67106909622075 -1.72471041693804 -1.7162838203958 -1.34731055736442 -1.37443912987649 -1.37727122310192 -1.3285423373193 -1.23779256157375 -1.05945576357521 -0.893868978308715 -0.756008900414119 -0.622311387708413 -0.51572207128375 -0.471849202326806 -0.48800232055161 -0.377552432314029 -0.297704949385192 -0.336012407948153 -0.387816705225034 -0.551084519881588 -0.670623795299273 -0.448218377053471 -0.341334023312083 -0.243810405062974 -0.231256093858592 -0.296418136758886 -0.31852507512799 -3.4e+38 -3.4e+38 -3.4e+38 -3.4e+38 -3.4e+38 -3.4e+38 -3.4e+38 -3.4e+38 -3.4e+38
0.183516560699293 0.296893039454653 0.204498962566993 0.29096222436901 0.216706408613245 -3.4e+38 -0.574802131412828 -0.607522647589235 -0.534262039028202 -0.82306689564839 -1.27617762737553 -1.0937557909123 -1.61133608623588 -1.8082769201142 -1.88845118253288 -1.93754988977421 -1.56941735026202 -1.61781465531851 -1.66944372127143 -1.46145925140171 -1.29123234549913 -1.09848404069846 -1.03158464812005 -0.93775094453204 -0.808395234023942 -0.683425225562868 -0.521095339991487 -0.412780871715653 -0.400306431428507 -0.396282666784255 -0.384758338135029 -0.354818857892454 -0.3543537412793 -0.446437169576137 -0.464823633753128 -0.409152668521143 -0.367804641315302 -0.263933419132337 -0.285275759244379 -0.360656718410141 -0.399974316933624 -0.445473890379539 -3.4e+38 -3.4e+38 -3.4e+38 -3.4e+38 -3.4e+38 -3.4e+38 -3.4e+38 -3.4e+38 -3.4e+38
0.474543601922659 0.450656475888026 0.413822215032654 0.465815173806027 -3.4e+38 -3.4e+38 -0.795840729344395 -1.85304403507122 -1.47167182347625 -1.16354344099301 -1.36363344273864 -1.29685044065578 -1.38644315090368 -1.55625178827856 -1.53221265271224 -1.72388789546656 -1.73916246983558 -1.53233270975051 -1.38958915129816 -1.41506828701994 -1.33409854995482 -1.06420711627936 -0.955900087340549 -0.830321117172638 -0.740359661609314 -0.599523614550793 -0.428218418390583 -0.0708320834734189 -0.000778410487879248 -0.00332621171411513 0.019964176364881 0.139363485109734 -0.0993350789334515 -0.195441142287752 -0.312300982822575 -0.372487250967694 -0.414343207673647 -0.43200997907245 -0.454427072708546 -0.477067522354669 -0.489991021094375 -0.542116007233458 -0.518068175537701 -3.4e+38 -3.4e+38 -3.4e+38 -3.4e+38 -3.4e+38 -3.4e+38 -3.4e+38 -3.4e+38
0.644814399534374 -3.4e+38 -3.4e+38 0.594330299962965 -3.4e+38 -0.46643530593303 -1.21781784192969 -1.77742362752874 -1.46868792694405 -1.25917713842347 -1.19386877440423 -1.1938977526177 -1.26225586895255 -1.50243370481016 -1.74394513025425 -1.93808143360267 -1.81787572143057 -1.64135389215047 -1.63774612981387 -1.63736799647031 -1.44035212642951 -1.35578030126975 -1.10024208384873 -0.849238042651827 -0.778697408914991 -0.612425473262107 -0.514542384648832 -0.486137397859433 -0.0542594400301468 0.0202340348297279 0.171289931932502 0.174018770307438 -0.0949103065806081 -0.152013692039747 -0.23756505618281 -0.281484163119054 -0.297215661980395 -0.328924912668625 -0.384109890998919 -0.465043058993736 -0.475319349673944 -0.525065524112426 -0.587878233339579 -0.593991099373991 -0.60852888098597 -3.4e+38 -3.4e+38 -3.4e+38 -3.4e+38 -3.4e+38 -3.4e+38
-3.4e+38 -3.4e+38 -3.4e+38 -3.4e+38 0.129215422597373 -0.512750808054361 -1.381807834654 -1.66518899895311 -1.39659448051402 -1.29976764325255 -1.28693204511754 -1.28651642022556 -1.62547364988366 -1.70573951412795 -1.79715540280381 -1.79120650783991 -1.79618141805197 -1.8767020895203 -2.00126140944699 -1.87231088067229 -1.81325101296976 -1.70483856846169 -1.40112269157343 -0.881601174529729 -0.692628834572509 -0.440815571974508 -0.778114044311971 -0.724675045563618 -0.530650394335827 -0.167738701276706 -0.14259959252748 -0.703129099576976 -0.774931035759611 -0.596843230320612 -0.365759091424282 -0.337073568502823 -0.347939350695483 -0.35773894297428 -0.388026521711903 -0.399858670331224 -0.483574485481429 -0.518990382651485 -0.561042207941272 -0.643931985138516 -0.665204696739216 -0.713684300499065 -3.4e+38 -3.4e+38 -3.4e+38 -3.4e+38 -3.4e+38
-3.4e+38 -3.4e+38 -3.4e+38 0.496788652533272 0.0966135602795774 -0.516769273157351 -1.55247720388965 -1.46150342802843 -1.02349388366192 -1.21970313824277 -1.27898424228288 -1.2462460058717 -1.4111048430433 -1.38977130870258 -1.38504885848396 -1.53630404847106 -1.66985631151135 -1.71636448340432 -1.98004576765639 -1.80652711877518 -1.69085746557171 -1.52809153836777 -1.10429719030078 -0.802497421915388 -0.812549368578413 -0.573011977815119 -1.01733903519341 -0.953499133872309 -0.728825175791806 -0.535661498583926 -0.533468013613777 -0.834173106068364 -1.03757576028639 -0.758569984842928 -0.547455907581492 -0.581109101843597 -0.362682377015359 -0.292904502641942 -0.372810560890754 -0.420203335307958 -0.4283414696612 -0.457333435245125 -0.494809428805792 -0.527765002074831 -0.643548693976353 -0.690247455211128 -0.69089982083126 -0.719961515654467 -3.4e+38 -3.4e+38 -3.4e+38
-3.4e+38 -3.4e+38 -3.4e+38 0.332995204184984 0.0995826478329201 -0.57868010035668 -1.30951625580088 -1.64162336788831 -0.871592517899976 -1.26668216127964 -1.1543166291719 -1.20589826033044 -1.25855382533728 -1.37498535124694 -1.4069071588355 -1.37480806191821 -1.27181022001417 -0.997536264553077 -1.04491700850204 -1.03429603906325 -0.978420602210902 -0.798073222410075 -0.647974340046292 -0.639022054426224 -0.534287741933842 -0.6224911080997 -1.0182110563522 -0.891010705974365 -0.705549189730711 -0.621497892437432 -0.580691744912695 -0.687046332355783 -0.737860173919609 -1.01023781182066 -1.01370623803432 -0.464047459751343 -0.338424139237154 -0.362688922714637 -0.438106723908518 -0.497956987951205 -0.460317154620773 -0.4826780035136 -0.491661316530446 -0.550827659820647 -0.556017320358834 -0.657741206054577 -0.730776506015411 -0.766274805418168 -0.82379754701232 -0.897321965429353 -0.965072740575515
-3.4e+38 -3.4e+38 0.752458914613961 0.366964382854641 0.0442758098546002 -0.204271747870539 -0.700501433912842 -1.17476696956932 -0.985477784945821 -1.11428274352519 -1.01939081349472 -1.22431054926998 -1.42772603702416 -1.46390231001526 -1.51632342738151 -1.62180039952112 -1.18759240970259 -0.947692007474231 -1.03384941794114 -0.608100004967479 -0.657903136689854 -0.632372466337191 -0.70507791235749 -1.03952721265674 -0.628422133994663 -0.659089106797404 -1.03120915589001 -1.02575441123153 -0.933675678222854 -0.842398779938318 -0.710262837663504 -0.702692417505223 -0.804749356116705 -1.01707252342486 -0.96892269413555 -0.815618249296571 -0.531528431414665 -0.453282285836218 -0.566997979266449 -0.559878420591348 -0.474535918778792 -0.443801871989304 -0.48001484696313 -0.550274803843369 -0.585594782363568 -0.604855306852849 -0.720089263531153 -0.794267232683486 -0.817225076487649 -0.859375949862471 -0.937050852540273
-3.4e+38 1.17093319442055 0.913189712953182 0.562688909218409 0.0986556044316486 -0.00532077409903761 -0.155365460510035 -0.622481848902614 -0.827331737070712 -0.730014418715054 -0.965610784853154 -1.32018916385774 -1.38704867285622 -1.72307717259524 -1.88576106175822 -1.7895566335592 -1.43081607721025 -0.923086942093417 -0.855209795556392 -0.852546029736406 -0.905972000929819 -0.993812426315929 -0.819792288761188 -0.70754292214042 -0.572717090257577 -0.538707339401756 -0.619727493831776 -0.502597068373955 -0.916593085576209 -0.798306269015992 -0.781952733728682 -0.727852205609882 -0.737331949755362 -0.915113348737326 -0.73309864938745 -0.584432246396667 -0.488237817456754 -0.427069660170292 -0.408911535667994 -0.424873369752833 -0.419386070502666 -0.397543545279316 -0.478412277962092 -0.532715970272207 -0.587069539202484 -0.633523444654787 -0.706325498628892 -0.753096350329751 -0.816483919438668 -0.864813311348654 -0.907725885314195
1.65123956534126 1.28619412676148 1.04912168776467 0.671886165431613 0.331514076924381 0.210801592274417 -0.1010325382233 -0.396063237367484 -0.5523237070785 -0.717454739846749 -1.03097987358965 -1.10924923474796 -1.50972350889539 -1.60884318779669 -1.74674748486267 -1.56248431840994 -1.81349726813115 -2.02796886273248 -1.4883303492793 -1.27832116332979 -1.05825492201035 -0.996104637076896 -0.813662410157166 -0.7126927738664 -0.602381145425542 -0.44905648580435 -0.442339695421731 -0.480397793545419 -0.837387083590283 -0.920658057693671 -0.804668966319897 -0.769848687009974 -0.769889815091836 -0.887062882967269 -0.765157041423709 -0.658900823715985 -0.560572640407459 -0.443160678400005 -0.354298089168191 -0.330518128181888 -0.383828408346646 -0.41957139679375 -0.511742805122786 -0.56950956643645 -0.614548810844405 -0.647020868777815 -0.700094055896161 -0.743792324395515 -0.80258457671154 -0.828948929258273 -0.865876031892348
-3.4e+38 -3.4e+38 0.961306716579392 0.812902989605278 -3.4e+38 -3.4e+38 0.0920072441874525 -0.248489115557467 -0.613256770020247 -0.915559241545964 -0.927126469891326 -1.32566942172961 -1.28956552534987 -1.55909036833207 -1.69127614698998 -1.5535185028365 -1.26749336075354 -1.63276998784643 -1.47782263329859 -1.25823280905406 -0.984991905302241 -0.867826914613913 -0.781942958366377 -0.74043589157159 -0.493236117110616 -0.360855917542339 -0.426366247678271 -0.569359466092592 -0.831609129918291 -0.870714593461731 -0.902789716785539 -0.872251336051332 -0.81065435855401 -0.932737181649653 -0.6870728165106 -0.481580038306829 -0.38968697171709 -0.377051222276469 -0.354089091871337 -0.343642908755625 -0.376326911865564 -0.415665898190872 -0.482873407498917 -0.536172228248812 -0.582473463118757 -0.690011594343761 -0.690907535487906 -0.746751855741875 -0.768787511241933 -0.818148070710036 -0.885449312109254
