data/pcas/pcas_can_126/pca_referenceLayers_can_126/PC03.asc
NCOLS 494 
NROWS 529 
XLLCORNER -117.166666666667 
YLLCORNER -55.5 
CELLSIZE 0.166666666666667 
NODATA_value -3.4e+38 
[rows 176 to 197 of 529, columns 204 to 254 of 494]
-3.4e+38 -3.4e+38 -3.4e+38 -3.4e+38 -3.4e+38 -3.4e+38 -3.4e+38 -3.4e+38 -3.4e+38 -3.4e+38 -3.4e+38 -3.4e+38 -3.4e+38 -3.4e+38 -3.4e+38 -3.4e+38 -3.4e+38 -3.4e+38 -3.4e+38 -3.4e+38 -3.4e+38 -3.4e+38 -3.4e+38 -3.4e+38 -3.4e+38 -3.4e+38 -3.4e+38 -3.4e+38 -3.4e+38 -3.4e+38 -3.4e+38 -3.4e+38 -3.4e+38 -3.4e+38 3.9712055129711 3.71345744212308 2.52594352793273 -1.17987606218411 -1.95905767201446 -0.905819213073301 -0.934960080054616 -1.17333887844667 -2.61063035425575 -2.17429121279068 -1.90867565321022 -1.34632223782936 -0.801913381199578 -0.251530720290802 -0.293974853914542 -0.900491330268581 -0.977827221578252
-3.4e+38 -3.4e+38 -3.4e+38 -3.4e+38 -3.4e+38 -3.4e+38 -3.4e+38 -3.4e+38 -3.4e+38 -3.4e+38 -3.4e+38 -3.4e+38 -3.4e+38 -3.4e+38 -3.4e+38 -3.4e+38 -3.4e+38 -3.4e+38 -3.4e+38 -3.4e+38 -3.4e+38 -3.4e+38 -3.4e+38 -3.4e+38 -3.4e+38 -3.4e+38 -3.4e+38 -3.4e+38 -3.4e+38 -3.4e+38 -3.4e+38 -3.4e+38 -3.4e+38 -3.4e+38 4.55839468370974 4.43040782560901 1.76050949045221 -0.458653496837101 -0.932498804559012 -0.357172821905181 -0.852790690170527 -1.79585497306244 -2.86240469490607 -2.50221621534821 -1.91459019319313 -1.78953230890528 -0.677263807128333 -0.340171923287857 -0.880676689256713 -1.22215868155528 -1.24314216490707
-3.4e+38 -3.4e+38 -3.4e+38 -3.4e+38 -3.4e+38 -3.4e+38 -3.4e+38 -3.4e+38 -3.4e+38 -3.4e+38 -3.4e+38 -3.4e+38 -3.4e+38 -3.4e+38 -3.4e+38 -3.4e+38 -3.4e+38 -3.4e+38 -3.4e+38 -3.4e+38 -3.4e+38 -3.4e+38 -3.4e+38 -3.4e+38 -3.4e+38 -3.4e+38 -3.4e+38 -3.4e+38 -3.4e+38 -3.4e+38 -3.4e+38 -3.4e+38 -3.4e+38 4.4315040459841 4.76915108625952 4.15440058356631 2.58949436058334 -1.04172808582747 -0.859221596865289 -0.70330005770971 -1.65439169880481 -2.06842675321056 -2.83115559355944 -2.74066932507694 -2.15328318614289 -1.41540852169388 -0.581229797057227 -0.478990718938947 -1.09318718000857 -1.76262128973006 -1.79177127063365
-3.4e+38 -3.4e+38 -3.4e+38 -3.4e+38 -3.4e+38 -3.4e+38 -3.4e+38 -3.4e+38 -3.4e+38 -3.4e+38 -3.4e+38 -3.4e+38 -3.4e+38 -3.4e+38 -3.4e+38 -3.4e+38 -3.4e+38 -3.4e+38 -3.4e+38 -3.4e+38 -3.4e+38 -3.4e+38 -3.4e+38 -3.4e+38 -3.4e+38 -3.4e+38 -3.4e+38 -3.4e+38 -3.4e+38 -3.4e+38 -3.4e+38 -3.4e+38 -3.4e+38 4.423319142022 4.23524960579333 3.31786715284189 1.32879327416436 -1.27174612230311 -0.76695014322871 -1.1064752611338 -2.06667935576903 -2.29942949327009 -1.86776943721099 -1.88831701449488 -1.76153992737183 -1.02106404886832 -0.729905574872721 -0.73205874893714 -1.32850824288779 -0.81143914372142 -0.675276725999637
-3.4e+38 -3.4e+38 -3.4e+38 -3.4e+38 -3.4e+38 -3.4e+38 -3.4e+38 -3.4e+38 -3.4e+38 -3.4e+38 -3.4e+38 -3.4e+38 -3.4e+38 -3.4e+38 -3.4e+38 -3.4e+38 -3.4e+38 -3.4e+38 -3.4e+38 -3.4e+38 -3.4e+38 -3.4e+38 -3.4e+38 -3.4e+38 -3.4e+38 -3.4e+38 -3.4e+38 -3.4e+38 -3.4e+38 2.9663279449601 3.25590462557257 3.79983353368093 3.85938112588476 3.63977871255791 3.05761585472574 0.0491062859413219 -0.537040028877982 -1.28286079909522 -0.841941494504846 -1.44553751043681 -1.83653369703239 -2.55587593694922 -1.523162713324 -1.31176386328658 -1.06229314839885 -0.642117573866584 -0.617633755646054 -1.02048836410814 -1.49949005639555 -0.605574100854911 0.0745153369624593
-3.4e+38 -3.4e+38 -3.4e+38 -3.4e+38 -3.4e+38 -3.4e+38 -3.4e+38 -3.4e+38 -3.4e+38 -3.4e+38 -3.4e+38 -3.4e+38 -3.4e+38 -3.4e+38 -3.4e+38 -3.4e+38 -3.4e+38 -3.4e+38 -3.4e+38 -3.4e+38 -3.4e+38 -3.4e+38 -3.4e+38 -3.4e+38 -3.4e+38 -3.4e+38 -3.4e+38 -3.4e+38 2.60486177901071 3.78855703079111 3.96449288719841 4.10170350943303 3.7554406521969 2.8495290879614 -0.908136963542954 -1.60228425794173 -1.46283060088612 -1.06021137703931 -1.15375919213824 -1.38969815823304 -1.74505678943313 -2.44630345974688 -1.48408366340579 -0.819820806622788 -0.723867781670559 -0.552949989436517 -1.08937972048112 -1.42151926352274 -0.701242908722271 0.272082890438471 0.394326900095896
-3.4e+38 -3.4e+38 -3.4e+38 -3.4e+38 -3.4e+38 -3.4e+38 -3.4e+38 -3.4e+38 -3.4e+38 -3.4e+38 -3.4e+38 -3.4e+38 -3.4e+38 -3.4e+38 -3.4e+38 -3.4e+38 -3.4e+38 -3.4e+38 -3.4e+38 -3.4e+38 -3.4e+38 -3.4e+38 -3.4e+38 -3.4e+38 -3.4e+38 -3.4e+38 -3.4e+38 1.7359508639132 2.48216207148726 3.37266749717819 3.96044048530769 3.92609793454078 3.47536179416014 1.01436260450216 -2.14791772992789 -2.09116737600491 -1.38527458968397 -0.396442061261286 -1.34546453266661 -1.72952282932088 -2.29920225509176 -1.85057194814234 -1.06865773729236 -0.997091886225977 -0.529312601240688 -0.657009979288493 -1.78034957723048 -0.824342735746642 -0.12313154094251 0.314860516982603 0.511935656301264
-3.4e+38 -3.4e+38 -3.4e+38 -3.4e+38 -3.4e+38 -3.4e+38 -3.4e+38 -3.4e+38 -3.4e+38 -3.4e+38 -3.4e+38 -3.4e+38 -3.4e+38 -3.4e+38 -3.4e+38 -3.4e+38 -3.4e+38 -3.4e+38 -3.4e+38 -3.4e+38 -3.4e+38 -3.4e+38 -3.4e+38 -3.4e+38 -3.4e+38 -3.4e+38 -3.4e+38 1.45831939307739 2.36488648452304 3.3466188484639 3.7161618509098 3.57664313693068 2.63429944946173 -0.166755419073401 -2.00230909749037 -2.06786834274362 -0.776812857929604 -1.14731696998179 -1.76765787537388 -1.9371230479068 -1.89519438907584 -1.20319216303781 -1.02912456473201 -0.671853610467198 -0.496610686272407 -1.04498424374718 -1.2499429133494 -0.0580213357543575 0.0605048629043219 0.681703016762795 0.649210672661241
-3.4e+38 -3.4e+38 -3.4e+38 -3.4e+38 -3.4e+38 -3.4e+38 -3.4e+38 -3.4e+38 -3.4e+38 -3.4e+38 -3.4e+38 -3.4e+38 -3.4e+38 -3.4e+38 -3.4e+38 -3.4e+38 -3.4e+38 -3.4e+38 -3.4e+38 -3.4e+38 -3.4e+38 -3.4e+38 -3.4e+38 -3.4e+38 -3.4e+38 -3.4e+38 -3.4e+38 -3.4e+38 2.22737187833214 3.18766974018729 3.68208365340798 3.22653843396414 1.12645807787972 -0.435644597227727 -1.98619529560918 -1.29034414229393 -0.85328240442237 -1.70666551049856 -2.00030310750033 -1.84779069026244 -1.09308270765169 -0.635826433784485 -0.475301760562974 -0.565625253058069 -0.61779693755793 -0.733622362006795 -0.576991517135185 0.16623792389576 0.957852462518588 0.874626055757294 0.670763312298397
-3.4e+38 -3.4e+38 -3.4e+38 -3.4e+38 -3.4e+38 -3.4e+38 -3.4e+38 -3.4e+38 -3.4e+38 -3.4e+38 -3.4e+38 -3.4e+38 -3.4e+38 -3.4e+38 -3.4e+38 -3.4e+38 -3.4e+38 -3.4e+38 -3.4e+38 -3.4e+38 -3.4e+38 -3.4e+38 -3.4e+38 -3.4e+38 -3.4e+38 -3.4e+38 -3.4e+38 -3.4e+38 2.14973695307713 3.44527877023057 3.69881821122762 2.60519878248538 1.12882353742618 -1.24881689773687 -2.01266035083868 -1.23835717187041 -1.70712256948016 -2.02425963897982 -1.65659788109464 -1.23588056195866 -1.17261421989043 -0.83148888015611 -0.496093642880319 -0.538024301812889 -0.598700654500773 0.443673454371525 0.0759736308714142 0.796890417553245 0.966863251170311 0.856026291961748 0.785740248136518
-3.4e+38 -3.4e+38 -3.4e+38 -3.4e+38 -3.4e+38 -3.4e+38 -3.4e+38 -3.4e+38 -3.4e+38 -3.4e+38 -3.4e+38 -3.4e+38 -3.4e+38 -3.4e+38 -3.4e+38 -3.4e+38 -3.4e+38 -3.4e+38 -3.4e+38 -3.4e+38 -3.4e+38 -3.4e+38 -3.4e+38 -3.4e+38 -3.4e+38 -3.4e+38 0.507115497058121 1.10194666213176 2.0393993836469 3.05458508392868 3.07791693219166 2.30160653397866 0.20221787698685 -2.66251648364459 -1.51279874878209 -1.81783458294642 -2.19110259779679 -1.70311113476462 -1.2326278137604 -0.458309168699747 -0.677805550117281 -0.773488940835906 -0.633473651807239 0.604896442764376 1.03867636624298 1.38016031786715 0.717502792102663 1.01772608538588 0.900376898667838 0.862212089186979 0.772759882521901
-3.4e+38 -3.4e+38 -3.4e+38 -3.4e+38 -3.4e+38 -3.4e+38 -3.4e+38 -3.4e+38 -3.4e+38 -3.4e+38 -3.4e+38 -3.4e+38 -3.4e+38 -3.4e+38 -3.4e+38 -3.4e+38 -3.4e+38 -3.4e+38 -3.4e+38 -3.4e+38 -3.4e+38 -3.4e+38 -3.4e+38 -3.4e+38 -3.4e+38 -3.4e+38 0.408924337023337 1.05266008969035 1.87808709643387 2.16760142910371 1.6470402196977 0.618002983175478 -1.07475596428544 -2.5943304701649 -1.99949441445651 -1.96412806593744 -1.82527976727783 -1.32740077218597 -0.612576841479567 0.840827242989205 0.451353268045082 -0.209941856363836 0.0179083217229656 1.7579425650048 1.73481927097115 1.52605964013745 1.24637173567077 1.06116964077141 0.921400710003234 0.876644411264193 0.849574377084128
-3.4e+38 -3.4e+38 -3.4e+38 -3.4e+38 -3.4e+38 -3.4e+38 -3.4e+38 -3.4e+38 -3.4e+38 -3.4e+38 -3.4e+38 -3.4e+38 -3.4e+38 -3.4e+38 -3.4e+38 -3.4e+38 -3.4e+38 -3.4e+38 -3.4e+38 -3.4e+38 -3.4e+38 -3.4e+38 -3.4e+38 -3.4e+38 -3.4e+38 -0.0583648811512091 0.32501079702092 0.898392846986527 1.5464902531384 1.62043755629463 -0.683775668708883 -1.97734854320086 -2.89815075864887 -2.81803667487194 -2.36329201932177 -2.23654691610377 -1.53126552199342 -1.1273306996963 -0.40627479504137 1.46903491070833 0.824785105518912 1.43322282838858 2.30898895360186 2.3983734161203 1.94956600742565 1.55743680195366 1.3580664973748 1.1528178918944 0.920988502120496 0.841854382151988 0.805843409557668
-3.4e+38 -3.4e+38 -3.4e+38 -3.4e+38 -3.4e+38 -3.4e+38 -3.4e+38 -3.4e+38 -3.4e+38 -3.4e+38 -3.4e+38 -3.4e+38 -3.4e+38 -3.4e+38 -3.4e+38 -3.4e+38 -3.4e+38 -3.4e+38 -3.4e+38 -3.4e+38 -3.4e+38 -3.4e+38 -3.4e+38 -3.4e+38 -3.4e+38 0.100294042905748 0.298695116555137 0.675634730839201 0.904001131178935 0.0902793641283012 -2.15836576605699 -3.11322456330851 -3.34966287939172 -2.97114646484305 -2.23479268548684 -2.00908892266101 -1.50648334140232 -0.85447187924902 0.501003076254967 2.19469179702154 2.08856920313274 2.73873310723367 2.7510511611776 2.52166865163521 2.09687691491502 1.71213018165714 1.34998137628596 1.13028892207283 0.899746499175027 0.78421774287561 0.739229639251098
-3.4e+38 -3.4e+38 -3.4e+38 -3.4e+38 -3.4e+38 -3.4e+38 -3.4e+38 -3.4e+38 -3.4e+38 -3.4e+38 -3.4e+38 -3.4e+38 -3.4e+38 -3.4e+38 -3.4e+38 -3.4e+38 -3.4e+38 -3.4e+38 -3.4e+38 -3.4e+38 -3.4e+38 -1.6631617858737 -1.08177015283559 -0.511632465025773 0.129151172699297 0.319677528968649 0.187303744328922 -0.0734457660359586 -1.16360619256461 -2.31805740888392 -3.10604942293136 -3.55000794128822 -3.08275608698098 -2.69336357928293 -2.35880990791278 -2.13180350828425 -1.5724366698411 0.175985077591481 1.7095818556511 2.5948171638485 2.5671497792227 2.69971746439756 2.72362251728759 2.4685641026849 2.08679394807048 1.75107451578015 1.32809000932089 1.08719805112366 0.896755579214403 0.771387961728605 0.767401492566671
-3.4e+38 -3.4e+38 -3.4e+38 -3.4e+38 -3.4e+38 -3.4e+38 -3.4e+38 -3.4e+38 -3.4e+38 -3.4e+38 -3.4e+38 -3.4e+38 -3.4e+38 -3.4e+38 -3.4e+38 -3.4e+38 -3.4e+38 -3.4e+38 -3.4e+38 -1.46581587145899 -1.70853705546274 -1.41860425520428 -0.946830873387785 -0.478336778873681 -0.0956770728416501 0.0126727328298252 -0.594772526209527 -1.85503815578971 -2.17148244594845 -2.53402563085491 -3.49612331913435 -3.54211638995683 -2.99775200887187 -2.541595175149 -2.21803344992351 -1.15332661607898 0.679840702572421 1.6944606325481 2.01189415156671 2.2306115209337 2.44024755817358 2.56990661362873 2.56053528814196 2.42206299281721 2.14318565627982 1.82112566560968 1.41104664692944 1.10608158115155 0.923886843029988 0.800009762230572 0.733675918316257
-3.4e+38 -3.4e+38 -3.4e+38 -3.4e+38 -3.4e+38 -3.4e+38 -3.4e+38 -3.4e+38 -3.4e+38 -3.4e+38 -3.4e+38 -3.4e+38 -3.4e+38 -3.4e+38 -3.4e+38 -3.4e+38 -3.4e+38 -3.4e+38 -3.4e+38 -0.990783262827317 -1.42208552148613 -1.03193176866846 -0.690664752613669 -0.643899664605225 -0.512897866739659 -0.95539311099612 -1.66803539020042 -2.5489773110742 -3.56672281548729 -3.44300827057235 -3.05621887212808 -2.97216158119261 -2.72704082018436 -2.55785930654173 -2.15319889659214 0.204387931976271 1.48770344259786 1.78453318332346 2.03596231931569 2.20335653968915 2.4787113166762 2.65501906231768 2.65565558211632 2.44456734611028 2.11582940659606 1.77633567395891 1.42787968716469 1.1847885297839 0.999165127575878 0.8387893988858 0.809487168760929
-3.4e+38 -3.4e+38 -3.4e+38 -3.4e+38 -3.4e+38 -3.4e+38 -3.4e+38 -3.4e+38 -3.4e+38 -3.4e+38 -3.4e+38 -3.4e+38 -3.4e+38 -3.4e+38 -3.4e+38 -3.4e+38 -3.4e+38 -3.4e+38 -3.4e+38 -1.06054769884684 -1.39022880661925 -1.02027669782588 -0.577713715250815 -0.555529774784309 -0.85720045953193 -1.93901954280637 -2.99493738309788 -3.2736885271275 -3.68440155543572 -3.25465721606576 -2.75964848410351 -2.74369737985673 -2.71069882395973 -1.70654264802443 -0.717196139611537 1.12704534716933 1.47085886627743 1.82399292927158 2.04722954815218 2.33156487519788 2.55004757874723 2.68389272822212 2.70706216154145 2.47647620521135 2.11853023410917 1.78496756541346 1.48198760980168 1.25031094333993 1.11005081587565 0.973187330120374 0.894536723747778
-3.4e+38 -3.4e+38 -3.4e+38 -3.4e+38 -3.4e+38 -3.4e+38 -3.4e+38 -3.4e+38 -3.4e+38 -3.4e+38 -3.4e+38 -3.4e+38 -3.4e+38 -3.4e+38 -3.4e+38 -3.4e+38 -3.4e+38 -3.4e+38 -3.4e+38 -1.40025533421686 -1.48048019573059 -1.03904980612142 -0.656772335158767 -0.583237569929578 -1.03464663657068 -1.6791498102962 -2.11755750453461 -2.73641222079318 -3.38466587902969 -3.29186842210379 -3.35392788065014 -3.06664619775378 -2.07745306647402 -0.426716288707899 0.731302005783479 1.18890965510769 1.60103653702761 1.87992903459584 2.131866721248 2.3970950516641 2.54186692242702 2.64187137640025 2.65291532768517 2.47284585703627 2.14879598445116 1.86457311549361 1.55400280161938 1.28021753270683 1.13814448539797 1.05632050104815 0.962236523448938
-3.4e+38 -3.4e+38 -3.4e+38 -3.4e+38 -3.4e+38 -3.4e+38 -3.4e+38 -3.4e+38 -3.4e+38 -3.4e+38 -3.4e+38 -3.4e+38 -3.4e+38 -3.4e+38 -3.4e+38 -3.4e+38 -3.4e+38 -3.4e+38 -3.4e+38 -1.74357405397172 -1.59665790477834 -1.29351354454832 -0.761412385091873 -0.661113339242581 -1.20182313782855 -1.27532597889573 -2.11066477154431 -2.85552477227635 -3.14677448049447 -3.35886887560279 -3.48685909594125 -3.23540943337509 -1.95575591123681 -0.05987506600947 0.904407814487914 1.30325362041028 1.73814179631761 2.02848814170611 2.18523553289684 2.38008300042332 2.46330087702023 2.55562047080207 2.52305105865491 2.40198513986047 2.17409853927904 1.8522861391399 1.58113119081007 1.40934486158782 1.24719780099858 1.1613886717214 1.00882242734436
-3.4e+38 -3.4e+38 -3.4e+38 -3.4e+38 -3.4e+38 -3.4e+38 -3.4e+38 -3.4e+38 -3.4e+38 -3.4e+38 -3.4e+38 -3.4e+38 -3.4e+38 -3.4e+38 -3.4e+38 -3.4e+38 -3.4e+38 -3.4e+38 -2.04429475610956 -1.90837251280979 -1.65483479458366 -1.39008961291029 -0.783334430614554 -0.690253218902794 -1.05657240860028 -1.43496166544325 -2.49400633747056 -3.6243271590483 -3.13693220211401 -3.42503349785671 -3.32802586651486 -3.11047008624332 -1.57008973346229 -0.522092399265923 0.976046549351508 1.40420270100686 1.79977125186649 2.08559754331636 2.21895560831334 2.30369416583767 2.37682585391742 2.42431861353662 2.37635513209718 2.25056670836091 2.07463329845782 1.84844430410489 1.6420960413881 1.49473425130282 1.34314572959446 1.23795519876277 1.10776176869625
-3.4e+38 -3.4e+38 -3.4e+38 -3.4e+38 -3.4e+38 -3.4e+38 -3.4e+38 -3.4e+38 -3.4e+38 -3.4e+38 -3.4e+38 -3.4e+38 -3.4e+38 -3.4e+38 -3.4e+38 -3.4e+38 -3.4e+38 -2.25459494632595 -2.20698639594726 -1.95877230461286 -1.5799730072454 -1.08448194125482 -0.583411671737864 -0.697353375795499 -1.13593777010207 -1.78442287733981 -2.97412593939842 -3.7893753710722 -3.01847004664024 -3.50083706143631 -3.26719736402517 -2.3631877442748 -0.824065343170202 -0.485115557824053 1.01319513336751 1.57216018933643 1.80211920347727 2.10895942405138 2.20978162074999 2.19458188636781 2.19823118395868 2.20631442497846 2.20234425230102 2.10894508695049 1.93521382710534 1.76222814862494 1.60487810677036 1.4439474803259 1.35627925983724 1.31182968863193 1.23559546235039
