data/pcas/pcas_can_126/pca_referenceLayers_can_126/PC04.asc
NCOLS 494 
NROWS 529 
XLLCORNER -117.166666666667 
YLLCORNER -55.5 
CELLSIZE 0.166666666666667 
NODATA_value -3.4e+38 
[rows 184 to 206 of 529, columns 255 to 305 of 494]
-0.140433493401687 -0.232225495963201 -0.278257526943928 -0.264313514470808 -0.343784409284813 -0.45793016006704 -0.478545705385324 -0.48762683590067 -0.446069247887973 -0.44986238905243 -0.85277273444936 -0.804282587183083 -0.712067487026698 -0.75436307607808 -0.803981828996506 -0.805811719241439 -0.831139393169447 -0.780897444997601 -0.741748396324593 -0.660155846523012 -0.599692938120926 -0.611695873568122 -0.557299481696999 -0.491847752894152 -0.382376246280613 -0.303720106922309 -0.208980888229839 -0.0763037183375486 -0.0122103506148462 0.119914089569353 0.219147543655067 0.264538976883613 0.323331250042913 0.36727435329423 0.383243080184454 0.448422090640856 0.499745314852803 0.582388046568697 0.633577202163534 0.69481691820774 0.703476228810657 0.686922498234066 0.711428682271377 0.737074873471142 0.767948445083313 0.766521580937072 0.747181218065682 0.614511610761548 0.511319503314855 0.442815727883394 0.3334064848303
-0.138848602111677 -0.220253439391917 -0.370848344221245 -0.271340502882812 -0.308733232014171 -0.384379089097581 -0.473121195947967 -0.506457498052996 -0.476371941803918 -0.47083311021482 -0.569484568057784 -0.866174196609827 -0.814220934095165 -0.73833810591685 -0.783366452915588 -0.758610879135061 -0.780910237586828 -0.724966070667286 -0.619782146522227 -0.606168745931396 -0.516890634861088 -0.572082956693274 -0.479583337497391 -0.406733975919881 -0.276766878005319 -0.205585666570467 -0.0973789736866321 -0.00274080431876944 0.203492172267774 0.258512750858361 0.305747545274561 0.325877315117646 0.350968756182383 0.366216367298562 0.376274708718723 0.404344704928088 0.457557241463766 0.586814218794244 0.683601659626865 0.727763392010964 0.788553424843784 0.72867282210196 0.697807841905527 0.663637012535871 0.652284000276113 0.663958998140225 0.623136351826735 0.52799959672878 0.413017567998354 0.294655850921083 0.199654413630871
-0.155903657999354 -0.264924000931497 -0.382493814802646 -0.295956188950071 -0.377685939703727 -0.47428438462429 -0.503169390017494 -0.485513935257357 -0.466597065009868 -0.451310716467786 -0.522770727504446 -0.605937971075843 -0.860948300487627 -0.791234288881195 -0.755086480129737 -0.75632664318309 -0.684017440505312 -0.641919655604361 -0.597948323043919 -0.500554239792446 -0.508176483999091 -0.488240216794796 -0.400662707804602 -0.279975440834701 -0.192587310458196 -0.1124179679532 0.00208290326840335 0.0915179883214145 0.23466240033193 0.328646157250658 0.382042229413949 0.328135906326363 0.333292325984574 0.329750471571337 0.343031652360123 0.394725383342094 0.473676466159362 0.619087484805986 0.754250190058305 0.794239453785423 0.775472973714917 0.713831444235906 0.671526254781025 0.5849394905633 0.516201574134128 0.49726195128759 0.410931292324624 0.364416463959301 0.270097096668458 0.165747975289817 0.0281714129984831
-0.183476006976197 -0.312060006970176 -0.256415304367273 -0.372102283481015 -0.482534028362626 -0.510688702361997 -0.53925482512755 -0.518889354160926 -0.484336496091479 -0.439710922523642 -0.302947739666903 -0.480970841790362 -0.521419402929049 -0.50066026182066 -0.415232997945802 -0.629286785520701 -0.51282407302023 -0.537763474036971 -0.499515029301576 -0.468022672297797 -0.374509728637403 -0.287551531010216 -0.28216020359634 -0.172638240299561 -0.116629153089726 0.0246732001581277 0.167466274641098 0.29962468554389 0.392158925944105 0.47897781987884 0.346891633390473 0.315059632867581 0.318652128622335 0.299767798671775 0.304883516481866 0.301018042833482 0.406882160691513 0.628858404883547 0.798616683023836 0.84368708401821 0.764297076119347 0.671217653483503 0.58373874723167 0.456984736659475 0.369046444337933 0.308410187967491 0.19179266576775 0.166920469093313 0.111894389435028 0.0198292099184595 -0.0825381254596752
-0.216297881364048 -0.40864768977132 -0.330351787411121 -0.441036427979916 -0.508365953808112 -0.515112167748537 -0.549562831391705 -0.512268348323126 -0.482537120519814 -0.497055290788038 -0.426894504796536 -0.554609081448286 -0.519696421864018 -0.517786614959044 -0.422177257430429 -0.388365955791549 -0.488306061015081 -0.503798296771008 -0.387119748967039 -0.268329421053067 -0.218552195500959 -0.284428133695023 -0.0970769989931701 -0.040860829169306 0.0224944717406975 0.174233453398211 0.301433757331309 0.415993414513099 0.543802571370001 0.545702163490388 0.346279975616876 0.320529975826117 0.3023006310354 0.2873555655272 0.281455821897064 0.301916299228668 0.397937089033016 0.563812701116543 0.734054092213298 0.765338193337126 0.693935336581879 0.5590814920643 0.458048602698214 0.370936889337328 0.244814534296398 0.124523464836868 -0.0257599589731427 -0.0339338576624999 -0.06939360766278 -0.111329656383588 -0.20016420210273
-0.248741052826907 -0.369505638581578 -0.35718961338585 -0.481265518390788 -0.514165823333789 -0.557725966101894 -0.553009677307929 -0.540677691310309 -0.558874997239841 -0.534149628800216 -0.547544080093194 -0.415296602893819 -0.48712603457724 -0.512913562050588 -0.44783942042089 -0.456849112744969 -0.463059347212166 -0.4435647833017 -0.359230826855407 -0.269270929307783 -0.254670927874984 -0.218217996389734 0.00340029187752386 0.0146019422583275 0.105825545401439 0.207698544482228 0.397795813869876 0.57726645121041 0.618356033432824 0.580789058873741 0.604622993084796 0.308726855963422 0.273652346485841 0.293977813493893 0.290143640711519 0.335314510064821 0.411079882679114 0.531821922657792 0.626412449951659 0.636415452318112 0.568445234202523 0.437429113789714 0.286450903583884 0.212890530302224 0.0771706588253516 -0.031103309216137 -0.129489945601141 -0.160840419538522 -0.182868579149646 -0.208064407730143 -0.247676128494534
-0.306371202718793 -0.390727604211127 -0.442122877258296 -0.476195705505382 -0.524022409261408 -0.565636130024828 -0.579592753762394 -0.562654617969274 -0.574206653799977 -0.559419529559904 -0.527376069523307 -0.381785830289486 -0.478424974498719 -0.5095890600716 -0.477934353327518 -0.530715030602284 -0.437710766468796 -0.327845189647554 -0.261423966361326 -0.222240743332398 -0.179598806836998 -0.133434674126785 -0.0148748687327984 0.0751547659216577 0.196796269726142 0.322791812061511 0.425986875713702 0.573092650488908 0.620855354620802 0.652596833281809 0.351855745067162 0.301512887874153 0.249971226956875 0.271307663902171 0.307408362851165 0.344925503333266 0.405519182954836 0.480283622401913 0.502040555907286 0.488450690365102 0.430543111602735 0.314124207315821 0.197085818341338 0.0813648133591381 -0.0725971980745936 -0.160641450716324 -0.228143601133331 -0.273378307465404 -0.261463218638334 -0.306519111703225 -0.339157037304551
-0.372543370429458 -0.402581491411564 -0.441415324486097 -0.457995133224313 -0.508891490902234 -0.564961574720745 -0.546120544111623 -0.546797132909937 -0.568034059029197 -0.565341376714238 -0.480642717603179 -0.452879715161701 -0.435984029961398 -0.488077402657874 -0.48546217033456 -0.429186112498231 -0.357291928932239 -0.330551901319051 -0.256305493799923 -0.197364480918568 -0.121483433588351 -0.0531680114237453 0.0536922570137461 0.189763898562308 0.259890628636419 0.355529927398019 0.453087113235179 0.527574652142857 0.61902850309357 0.311777706017458 0.689467077122374 0.264848512042073 0.235770492437051 0.247971545164039 0.303743736239471 0.339672073011255 0.38696629325018 0.42663171580931 0.435017075642229 0.397461307335661 0.321443687456781 0.20515060617394 0.0633558933260689 -0.0570353512777672 -0.197340868790589 -0.21367584897472 -0.250048400583727 -0.274064443148816 -0.300227152712944 -0.35245882863183 -0.405633206473305
-0.32595304869644 -0.368936073913296 -0.416819436826795 -0.43073993725835 -0.48637481351062 -0.551187903437072 -0.519804511747405 -0.529594193653792 -0.511792327766121 -0.506694053149018 -0.481283300293823 -0.423770450813343 -0.399083236569614 -0.490325609410462 -0.455529132482607 -0.419393757812876 -0.364827980216999 -0.342658494171554 -0.27988848671948 -0.165603738084634 -0.0961253001923511 -0.0273493937370232 0.081764524456226 0.206086819948445 0.27079431107544 0.398140190055512 0.480149031663211 0.530469651523265 0.623374420188933 0.23044435735981 0.219440571218152 0.213282866134717 0.186421919790081 0.204004341377345 0.310462141473337 0.343456061762213 0.394865700018345 0.411791650367366 0.404707437376252 0.327459522818656 0.251074912111149 0.114644536465859 -0.0295990312173968 -0.182080432373572 -0.288748870916545 -0.31206251222178 -0.260403160185374 -0.268732207584725 -0.309603540297621 -0.365778533759473 -0.507251172548678
-0.341572326612674 -0.381570568819915 -0.402686092256086 -0.414881857966096 -0.446900575619762 -0.496273592647871 -0.520686670066474 -0.529711738518525 -0.524428835138031 -0.515658386271715 -0.510388131806178 -0.378830515907535 -0.45405690459086 -0.48893584746166 -0.457192047710161 -0.406004522748367 -0.382566614686024 -0.354252223512123 -0.313867474883826 -0.165461054636116 -0.212654801041092 -0.0018924059037819 0.0981076012522933 0.192077746083695 0.274205474030186 0.401482196431786 0.489380034719442 0.591388965697139 0.652629440996283 0.167627096954067 0.185652643553075 0.204551541518215 0.186493525824936 0.16706372032248 0.246595247443069 0.304897413664754 0.382132915944761 0.398930023736479 0.365823466491558 0.319544266770588 0.219867213228678 0.0564343569159589 -0.0990316494027499 -0.285454324816536 -0.401545660827153 -0.377199690284476 -0.331686483323388 -0.282276394292004 -0.334230116732177 -0.471747705800599 -0.591149938971454
-0.303128593009633 -0.348339184616757 -0.384931575635815 -0.429473049469413 -0.43633737920565 -0.473585569963169 -0.497490814367797 -0.514880132815534 -0.542646277460253 -0.535198070278575 -0.519433241689991 -0.421018084211258 -0.467820193028995 -0.497914828685184 -0.496596383870018 -0.447423513331712 -0.384058753115045 -0.359136671848339 -0.327442260349913 -0.279685168229466 -0.229794512451572 0.0088551793838714 0.117640579088637 0.251733143758157 0.339989193458982 0.423088797870867 0.520655673540252 0.612130667345466 0.075879097572178 0.105096058397359 0.742832132467876 0.155271509108262 0.190211199823253 0.23466186112885 0.292587154336862 0.327151361685045 0.343008131670507 0.386537764304892 0.395855447409369 0.299360195093706 0.182477435343925 0.0225606397592965 -0.167286611899625 -0.308076446262409 -0.429783654044368 -0.399930511853558 -0.379293324830395 -0.392332023651892 -0.4608909325724 -0.619802739073236 -0.746207357652804
-0.270975626321047 -0.296423141734331 -0.376338864556163 -0.39800873621397 -0.434861737562909 -0.471459110742693 -0.501201494393636 -0.515802106548232 -0.529094369460206 -0.544043050663375 -0.526233730894273 -0.488115450921783 -0.554750107126965 -0.527442862335343 -0.519502748372735 -0.458433632122076 -0.413206299906499 -0.379160596402866 -0.342761801362819 -0.297318971836187 -0.0447760094230888 -0.215000344498647 0.176639525676295 0.277225893310118 0.349941726311297 0.452705496130393 0.544643369974845 0.0886976989702012 0.109151839674864 0.101356327313281 0.127540827617007 0.154667820926043 0.190810361188789 0.245375113015763 0.292398961405641 0.320287652205697 0.362492020440617 0.367112569458663 0.371985673892719 0.251008874420891 0.151363177705865 -0.0182648089849921 -0.202293786229502 -0.315112023265782 -0.425803350537016 -0.420047867605725 -0.456214213403007 -0.497615739979109 -0.637568805090102 -0.790216229413952 -0.90550043537904
-0.258986852860616 -0.316543884357724 -0.378611418278572 -0.40074892746111 -0.420132311409489 -0.452858907606079 -0.477966530726267 -0.523745739117667 -0.557459424217496 -0.568693074731446 -0.572283202964583 -0.568260788548595 -0.577405894536857 -0.510558017999169 -0.530542007295382 -0.456377384300062 -0.420004956531178 -0.377269052425176 -0.346883310438931 -0.301717533901527 -0.242384339353489 -0.198977071793315 -0.145308372959988 -0.0749929144421406 0.392298771637807 0.479923475735527 0.567148422042481 0.115484222821497 0.100287716299723 0.13236207453292 0.174784351608226 0.202481819168166 0.221405108264594 0.266466437756542 0.305095729666806 0.333139491453112 0.352878268817609 0.348413348245721 0.317765638037171 0.243993617922663 0.121587467551149 -0.0159422934508271 -0.176955110453896 -0.297609144436302 -0.397813348801345 -0.459352477606687 -0.541182971383865 -0.613368834026563 -0.767567009040769 -0.914395842782085 -1.06277231131448
-0.310509112456665 -0.328427298481793 -0.402925270538952 -0.441304352403128 -0.441942363561014 -0.506333829144698 -0.527843689349285 -0.559019487622013 -0.58006620365904 -0.575324787310731 -0.584941531994878 -0.540265797394452 -0.471291876147764 -0.492850769707679 -0.494284346110465 -0.445639330508116 -0.431322234269901 -0.393974386963641 -0.349661542761914 -0.311264580520604 -0.253501079773657 -0.202961543119544 -0.180637552391761 -0.102297073202883 0.404041906985389 0.525174128554165 0.606105347231022 0.0643184557505205 0.1325512766986 0.153337499458526 0.195692495994799 0.20414195210528 0.232345422307299 0.25873179077786 0.28547876818603 0.315573870210032 0.335022904969622 0.304575019710438 0.257317710122059 0.161865977020021 0.0639698349801473 -0.0693444984549627 -0.18044132704689 -0.306419114323953 -0.391059869875185 -0.505245298716041 -0.617637657747368 -0.739802495917749 -0.889292615470376 -1.03348831187868 -1.23808165154347
-0.382559233080845 -0.379003502432261 -0.396942234096405 -0.433592985611169 -0.503076519879702 -0.539325183020393 -0.570830410152667 -0.563738245803924 -0.605057504738036 -0.599205839711554 -0.597954804597064 -0.56706995836003 -0.428790845633447 -0.473328538764474 -0.500196809688673 -0.46598499699529 -0.444305381121802 -0.402713107827746 -0.363726177523904 -0.310402311270773 -0.248873635171155 -0.219877165259401 -0.183520254877525 -0.134027475375718 -0.0820740769873177 -0.0185836807724119 0.659195494695387 0.100702048108443 0.14409899780216 0.187895415817702 0.218493716859181 0.240779885583191 0.266416682281805 0.273074945398198 0.287071958246398 0.301967873203052 0.275102227954915 0.253416585925863 0.177949135328706 0.0997795591012662 -0.00251146502608293 -0.101416742459014 -0.218314590861317 -0.329270240462774 -0.410197006130361 -0.508427327412103 -0.629174868007984 -0.754621522552916 -0.915642514569245 -1.12731776496212 -1.24270207723345
-0.358084018070843 -0.410091951056105 -0.39649666183222 -0.433284356763165 -0.494076288291328 -0.522032954171756 -0.557870018809123 -0.582307678455348 -0.632113353542613 -0.616250517578984 -0.611604847125812 -0.550950620488832 -0.471102617402058 -0.513649776211045 -0.526793466306216 -0.509393685936562 -0.432859270228754 -0.407503697750371 -0.365495093066218 -0.30986800513734 -0.265884942298319 -0.227646932062459 -0.173570138883761 -0.124888549377659 -0.0745914771191153 -0.0112888430132847 0.749214752254469 0.167577428009457 0.206302756117392 0.233586056701631 0.236571659984378 0.28070497734933 0.269705051518287 0.276502314905842 0.270805438539792 0.247991599120576 0.238454579904854 0.185721892912655 0.134103757166875 0.0441947110162634 -0.0461981604191299 -0.151575211969637 -0.255280904260123 -0.340468873875717 -0.446198127799292 -0.544384734810116 -0.649477626442194 -0.773815622660165 -0.903341839668162 -1.04744290306311 -1.15737937852738
-0.349508725986284 -0.384246835786017 -0.394858100317473 -0.450805903243127 -0.478635521757266 -0.520027418087214 -0.541429231037358 -0.565315619286096 -0.570004159901741 -0.595544602718404 -0.584058631741542 -0.562967270889524 -0.554181774501769 -0.52096997577745 -0.517571765811665 -0.500036577337891 -0.469972846817827 -0.387723550211828 -0.358176555099529 -0.30058270854714 -0.259297882069592 -0.193030261017854 -0.170744666956003 -0.118366644264891 -0.0453392828077127 0.0279558086736407 0.12146496402856 0.191789476309018 0.256355705853299 0.260135610168624 0.272906857393637 0.280224561639273 0.290882678958534 0.266100482932783 0.261528192424598 0.215565441153182 0.186538165633171 0.141569252727839 0.0744526162302566 0.00612963725225768 -0.0946633784777732 -0.170603613002622 -0.27631693801811 -0.381449651604946 -0.480030709624774 -0.559460026024548 -0.653446962503814 -0.774148845495482 -0.874960920586986 -0.987058110994872 -1.09757492424352
-0.313610887000706 -0.34788525801509 -0.413030272301228 -0.439809030581477 -0.474795518100729 -0.490482564751364 -0.518207106254898 -0.539605417738008 -0.564459932661626 -0.594132322842668 -0.582089426042566 -0.560205012151052 -0.546218142782781 -0.531960270236767 -0.497618070662995 -0.478859761508339 -0.437798643510045 -0.421747194100048 -0.366890925911026 -0.300061189872271 -0.259344337178697 -0.209888194571062 -0.163875963190365 -0.104967415618793 -0.0293217535841847 0.706546272553441 0.0851938146491026 0.169165827829997 0.22233880236834 0.272242012156478 0.276624548478996 0.266511995600992 0.289685562711462 0.270799474457823 0.245077297065813 0.206987098039362 0.173219391845423 0.0976469307419035 0.0324802676176189 -0.0546378689885861 -0.130012336795257 -0.227702437496173 -0.317804611605348 -0.393501598560098 -0.479098430412058 -0.566377146794548 -0.656760089595211 -0.734349161879877 -0.823238015155125 -0.934870015983305 -0.998500362399146
-0.291416928355258 -0.290917339206672 -0.332177151468065 -0.395277272545496 -0.432767078375077 -0.466366993534374 -0.529258417837692 -0.564949208754479 -0.58130330632819 -0.591822470974241 -0.605112058702471 -0.572190427730211 -0.550407597481068 -0.516849776176856 -0.496307638299033 -0.449526860563232 -0.422299886245857 -0.375124674043952 -0.364182557249972 -0.311208368049371 -0.28217172555856 -0.199418483604085 -0.141396468784538 -0.0787776335703487 -0.0100458834869992 0.0560769198253125 0.101937440469027 0.161258834678808 0.208452991284134 0.228997968590159 0.249097880403427 0.252338833607376 0.287846334508801 0.256974624646169 0.222754880146933 0.190486141842085 0.153790256797839 0.0810104604116089 0.0171848633515403 -0.0827749891403787 -0.160725674753155 -0.253586746089746 -0.329420097151275 -0.413983660017568 -0.465130163920963 -0.547638378889892 -0.621709341972239 -0.693565196321552 -0.790209755470527 -0.88890646487416 -0.971829901978957
-0.245699733447801 -0.301342002841612 -0.339003676839619 -0.366118008355917 -0.391283660692627 -0.470080103634431 -0.528744134109118 -0.559241587493041 -0.582113949130469 -0.609067340577373 -0.59809313450463 -0.557758047691199 -0.544697630744139 -0.512504374113466 -0.48477506049378 -0.44666438128133 -0.41134617276051 -0.36618449001754 -0.345005813201019 -0.287504420906777 -0.234922301579025 -0.186113862582386 -0.154737552629467 -0.0517894808328191 0.0134346249106003 0.0818131362010047 0.0980211943341594 0.137162946281411 0.1633295082286 0.209508475814938 0.209323914339559 0.22102041195103 0.283061803008264 0.249532815722067 0.226032296929131 0.151448609554307 0.105457627913831 0.0575024950779163 -0.025000538557204 -0.119186441524605 -0.202188905205646 -0.251929813539491 -0.330430603413934 -0.40313161749398 -0.469080226722959 -0.537414651589693 -0.605753225411842 -0.668616505816293 -0.722194284033971 -0.845384887393174 -0.899537379426729
-0.189559189520229 -0.237969391491117 -0.260469835099808 -0.2969548120758 -0.35067446934241 -0.414046399954024 -0.517739157116274 -0.572970027266454 -0.592288828628279 -0.590423005538001 -0.561202709435801 -0.555987385482052 -0.542026510050515 -0.494976678985303 -0.473392640915198 -0.440373067070177 -0.412624851966819 -0.358164959489034 -0.327518141539068 -0.275706792107563 -0.230460913365111 -0.167031970541623 -0.140191063411442 -0.103351512451965 -0.0040948858893796 0.0325283419582644 0.0689000039952502 0.136323559978531 0.175697273357803 0.207749411010221 0.234632271654321 0.210421508431727 0.259971149784608 0.255307548846667 0.217542049727881 0.181903026438885 0.117930467060447 0.0346060874182098 -0.034685500421605 -0.135024816866955 -0.21059814441646 -0.256035911096196 -0.328429309989915 -0.393159453927384 -0.446480284847701 -0.50031598181159 -0.572208765299 -0.620733375633135 -0.706284053630736 -0.761051367611333 -0.792553054130436
-0.133585413614025 -0.131370289128521 -0.174711978815407 -0.210418392048047 -0.279087853923261 -0.329850681392175 -0.447921666549846 -0.538363745094392 -0.566771767072378 -0.566534759691003 -0.538616705905803 -0.520583131539731 -0.494523278074499 -0.474015350500578 -0.428648912000893 -0.417730825082241 -0.40596996623605 -0.352927829913803 -0.319749557787701 -0.296655968466772 -0.232085950262863 -0.188072177372957 -0.123677917862176 -0.0650374984733845 -0.0163211839465641 0.0285904771568242 0.0724277719637813 0.114487718631921 0.150422210054679 0.204651583062971 0.210708371954868 0.202593329251971 0.224550686103138 0.264782991625631 0.230975589609445 0.179741900905603 0.138083499477927 0.0616064626431363 -0.0521615190628109 -0.159229849424762 -0.229743172364697 -0.293948551838284 -0.324686860321818 -0.375362719115532 -0.413970184305394 -0.457218767999006 -0.492517680433672 -0.572683126809667 -0.639697777664133 -0.709026202901567 -0.732884446517896
-0.0418443357600047 -0.0374042224905769 -0.0524371663416324 -0.0972403111857228 -0.145379462385383 -0.236829210175909 -0.355466158358278 -0.47901588619118 -0.574237549738296 -0.525931962104415 -0.485854480483202 -0.464476935865604 -0.457999403318815 -0.468000551981515 -0.435015973602742 -0.394641435953401 -0.387399683512067 -0.329278407320848 -0.301066283695935 -0.2472731914568 -0.195081902947591 -0.122984010721077 -0.0806567357890344 -0.044277057829105 0.00166097716119687 0.0435871907302249 0.0839951113943383 0.115228206363512 0.149644881916835 0.202409312012472 0.220114858777704 0.246369771769426 0.231597169187586 0.219088541517527 0.213113888522512 0.168682195460156 0.0986373652069874 0.0373632368896269 -0.060752511456723 -0.112283447158736 -0.196766006859241 -0.25588527236659 -0.341612038602081 -0.372902428814141 -0.382197084024725 -0.444793834045303 -0.508402904663752 -0.546347609727146 -0.581523917282365 -0.621490235204612 -0.619597495712701
