data/pcas/pcas_can_126/pca_referenceLayers_can_126/PC04.asc
NCOLS 494 
NROWS 529 
XLLCORNER -117.166666666667 
YLLCORNER -55.5 
CELLSIZE 0.166666666666667 
NODATA_value -3.4e+38 
[rows 230 to 252 of 529, columns 306 to 356 of 494]
0.0472597390271284 0.0493639835568183 0.059413609673563 0.0434276219725299 0.0734994048874899 0.0667768701231026 0.0405773733790152 0.000283110915215323 -0.0774769295964166 0.284402711159936 0.0987904226632019 0.0544799454064973 0.0437950344949675 0.0237263367572328 -0.464301246189883 -0.501500065653259 -0.545279259861878 -0.602570125897584 -0.616930115126489 -0.665861812604589 -0.744292663744592 -0.785418277758756 -0.826299971677507 -0.903181307037797 -0.891743213767084 -0.906954218455155 -0.923706875059406 -0.860613755133785 -0.77834868857817 -0.705967249935602 -0.6617871341759 -0.63344020051281 -0.607107825678522 -0.601930764328078 -0.625594139243722 -0.681333120304365 -0.667833016420525 -0.756398588032695 -0.809221423498336 -0.892270892107207 -0.897808555860698 -0.913152187526236 -0.919857967104559 -0.896002884581934 -0.89962916189784 -0.867074525519837 -0.818787621618501 -0.76324499097263 -0.766925138478455 -0.739102989532976 -0.69758325568188
0.0720300585798691 0.121396298841842 0.139552640559495 0.165034309751799 0.162044720302484 0.176069822468255 0.163523440319526 0.118183038980314 0.525657123727454 -0.135180450416137 -0.287467011022566 -0.33825930645631 -0.350313059455212 -0.39255614794645 -0.395809824425161 -0.445289831407614 -0.515638251627492 -0.556877166019857 -0.590307756064609 -0.644115842604039 -0.719842664871602 -0.761677752338881 -0.812225426150714 -0.932566573755897 -0.97275677936507 -0.998842591996659 -0.971557466347025 -0.895885242697575 -0.745414500359439 -0.647878393502997 -0.610553888703178 -0.578217369922778 -0.559573369632989 -0.549067720611109 -0.573046397350434 -0.577413382348664 -0.611608533893196 -0.669559405658774 -0.732279441841698 -0.81296622860941 -0.843869364718604 -0.864079288305994 -0.875987634494822 -0.84639033468291 -0.848529323879836 -0.817546632046377 -0.763703508544163 -0.715554370891144 -0.717952319302941 -0.665556309170705 -0.660222115746103
0.052989304795571 0.158730125666605 0.207339717031808 0.224555306829388 0.265715347461116 0.300098557497389 0.324333177543105 0.289684540296091 0.15558124206124 0.0238434777075913 -0.150781218588792 -0.253577476622191 -0.282054376366935 -0.331989418179278 -0.370046234076429 -0.421245511543889 -0.465712919335575 -0.52696881968712 -0.566641508085146 -0.633531489557001 -0.711303948264627 -0.783387994264897 -0.833012673942659 -0.916283228669973 -0.980967747414647 -1.04732515669865 -0.98887018329181 -0.811823629343017 -0.680341648743516 -0.594720520304404 -0.549758320350917 -0.524527987515719 -0.508677422332882 -0.504686725767849 -0.508207922668747 -0.540575212826299 -0.560420010342572 -0.618532131128695 -0.676231045123976 -0.752545719597207 -0.81514113524393 -0.824016119120615 -0.844683553646236 -0.80201072638529 -0.772310974437809 -0.713912422092746 -0.714062226516857 -0.667674043000767 -0.645608954578489 -0.610107349132347 -0.633569526477539
0.123670968230535 0.171625186534666 0.226108586979272 0.280477380900503 0.26090547202743 0.394833452205601 0.438842172209516 0.462907154079918 0.29860758156222 0.114267951564944 -0.069798337223028 -0.205372947697078 -0.23991202827458 -0.299331158639877 -0.33290698007487 -0.389062428625815 -0.431307987040346 -0.465225715265731 -0.58249127495944 -0.628478941670377 -0.687972781358506 -0.729128014382435 -0.796665780599599 -0.889943683398424 -0.941793230500739 -1.0048738368099 -0.840254380893021 -0.658417732534692 -0.589016733706961 -0.505636266194552 -0.46804731572558 -0.445054514641755 -0.451129895536644 -0.47439689027385 -0.468514048224928 -0.523977724656556 -0.554901522013623 -0.617082763811937 -0.655529850137459 -0.710605010791303 -0.738351135620172 -0.756585200248208 -0.810995619336959 -0.746814073208374 -0.707462190387743 -0.653903786912014 -0.652309238895715 -0.639628831158161 -0.62567435843433 -0.587645731074743 -0.607752403420489
0.144439194004634 0.0950084308021071 0.236706051861305 0.203468409214874 0.34105945636681 0.402484996755364 0.445986687248286 0.465546170113737 0.357497501811868 0.0780675740313447 -0.141048685199566 -0.188139909575491 -0.214178253947465 -0.311512859398259 -0.347372026532451 -0.353461525797442 -0.441450748393052 -0.503623627525545 -0.5338905672401 -0.575242967614218 -0.640760655802352 -0.70791023991425 -0.739015717910276 -0.792535187060334 -0.767462584396574 -0.6978437024317 -0.539699570014801 -0.459763471558765 -0.453109164633271 -0.420204913487096 -0.396830160734769 -0.387141036403792 -0.396560713911454 -0.404582583136526 -0.461285819370361 -0.492331942085423 -0.543948708810558 -0.59981383423317 -0.641823858279111 -0.69696064852063 -0.726662440660453 -0.73674621166989 -0.761044324149875 -0.716384801083759 -0.663370222696669 -0.62220680734805 -0.58898972222779 -0.600510616508485 -0.597962276727258 -0.561494556051292 -0.509676872794786
0.0636354709438906 0.0985401654265025 0.159526739573647 0.215498846084864 0.341241881404205 0.312760174963507 0.367319067157698 0.412470320437691 0.214155765724979 0.0389785155989427 -0.163845649682918 -0.214868662719521 -0.254983181771305 -0.234987611957689 -0.328309699412384 -0.312770530683837 -0.344471580768055 -0.457382507996602 -0.485356045686808 -0.524166236519428 -0.577895686977939 -0.605450110626172 -0.67717722906128 -0.6408170567453 -0.609874712269722 -0.5377429989616 -0.453508661568493 -0.390075322063337 -0.356660349706179 -0.316444849428071 -0.298699719611224 -0.306065736321439 -0.299642869639048 -0.358798761969043 -0.447434290286765 -0.468730068430973 -0.553226903691409 -0.600364944390455 -0.66064612002368 -0.696193820192258 -0.697892419717985 -0.721790791261283 -0.7237199100747 -0.665022184355632 -0.610294075861002 -0.577484822633028 -0.579901473438031 -0.539059004167344 -0.453909518081229 -0.441786798751478 -0.400243276482629
0.0542858173811701 0.0952832872670358 0.147061364469298 0.195178951599055 0.340595116511309 0.304266560062918 0.285277729814566 0.266423377392569 0.172157498352887 0.0106455885826097 -0.0780957302582642 -0.158931908016756 -0.200391570700534 -0.243926007362953 -0.282661425053685 -0.319056497134434 -0.379187536250339 -0.408019327460479 -0.422560494293367 -0.447030355410401 -0.525017149911684 -0.567110399509888 -0.590668517916303 -0.51664523173848 -0.498638841237823 -0.439738863405696 -0.392186411714709 -0.3281090560419 -0.254784958441935 -0.237467062510683 -0.225989350342109 -0.204014416924448 -0.240787161206448 -0.308589335154067 -0.387501770706118 -0.459396690837991 -0.543651150260023 -0.604731847338257 -0.674080001861582 -0.710332844575057 -0.666606917751825 -0.677061860005698 -0.677834292151157 -0.627627863286924 -0.565115896820796 -0.520001726451884 -0.496542283751982 -0.393481195565246 -0.325841450580874 -0.307595978514169 -0.25839246064525
0.0534490204568339 0.133951819451 0.159824364390907 0.178539582958971 0.205808724605461 0.22760785077697 0.225006100010234 0.199573326435795 0.11646729330313 0.0265761562077145 -0.0244338444651886 -0.12297765509156 -0.146197315588942 -0.195631683110585 -0.240105613093575 -0.298642300811337 -0.33548548534053 -0.358516564104286 -0.391044409123964 -0.417651572192229 -0.435971064512789 -0.500882003090655 -0.46535279825311 -0.433279867579897 -0.389341182807453 -0.363803484103833 -0.307894855223552 -0.237331155735842 -0.16697434260204 -0.132660050541583 -0.133636600569059 -0.139429713678923 -0.176766344156497 -0.246140013943728 -0.317458827849961 -0.433242689178615 -0.551273407170739 -0.61022567986179 -0.681375252617634 -0.723009161631138 -0.654222732003294 -0.64600212169425 -0.664719989642862 -0.617222232698204 -0.536940545557887 -0.442243856377171 -0.45572428211879 -0.341216954873824 -0.262809590674068 -0.188903166230657 -0.106119791541103
0.0801742124160465 0.117467586379332 0.148359562905786 0.154009481195582 0.175733962441001 0.184271468963899 0.174508109794231 0.153321825051879 0.0914664881241246 0.0282124180123905 0.0374701302565391 -0.0321656131260253 -0.0738492375902486 -0.13955095536771 -0.200354435814449 -0.233779577312819 -0.285506502251741 -0.298864113641029 -0.317033103450566 -0.369044543643984 -0.408517442477108 -0.407119502580926 -0.391085771589626 -0.370724172731139 -0.330284286711706 -0.300382171922072 -0.234094969630575 -0.17343854994062 -0.0679796794902512 -0.0637951902894049 -0.049341139605045 -0.0556887145906546 -0.106323996304973 -0.145865265274507 -0.205574894005677 -0.370454121299461 -0.550217745838373 -0.65127506391624 -0.703192907356005 -0.669823975169578 -0.639385960895414 -0.609134724084492 -0.60712663705118 -0.573192471694505 -0.495368314898363 -0.401857109759497 -0.355419696120632 -0.31339227183779 -0.253206949099497 -0.150153064020264 -0.0355942892895889
0.135919019599692 0.0801261820456832 0.103555622182285 0.127971043836723 0.143655856544255 0.136920274552356 0.098839390379339 0.0606857792751141 0.16333833135729 0.0603683965658837 0.0482731064378405 0.0348637923524899 -0.0335600620671408 -0.0877017586617994 -0.154499330533551 -0.194986427983078 -0.247291629640833 -0.272990140576507 -0.29600530261646 -0.342758655940486 -0.339081010902818 -0.327186853607644 -0.317900267814757 -0.296968478717526 -0.273838251632032 -0.238448150115977 -0.123929201056417 -0.0539212279808799 -0.0173768584001969 0.0124798020696226 0.0501304355067696 0.0226848198880434 -0.00638470659028406 -0.0509980916343585 -0.100832207753231 -0.241414549822652 -0.429573354035067 -0.597932571304276 -0.649008027558005 -0.651176786666509 -0.616449672430273 -0.57814938907475 -0.573607960077255 -0.530340462169513 -0.460925839901098 -0.357052352359654 -0.312333783580004 -0.270422927993992 -0.23627129143442 -0.133056651511639 0.0165218011115497
0.126334423809893 0.136774267126394 0.0848131892527629 0.0750663819697106 0.0799293615468981 0.0433956671169314 0.06501536416633 0.03975882129657 0.0820502405308858 0.0512167151648855 0.0535048930890149 0.0376470997396473 -0.0150979790818246 -0.0565022079485751 -0.107908637439998 -0.149054528251592 -0.178312616466939 -0.200310771694584 -0.229646206010604 -0.27167088671295 -0.276109582512665 -0.251539761100302 -0.271388038077844 -0.268662481736588 -0.223001137066332 -0.1625084423607 -0.0685490711930038 0.0129223617761605 0.0555146827739861 0.110326173956653 0.13406626055271 0.0905199043522196 0.0471565641673556 -0.0139487639417016 -0.0620781244984504 -0.190045096065361 -0.370267007281236 -0.489466658618084 -0.580399271392659 -0.603734994967056 -0.548253742778082 -0.500042535576901 -0.510080548894877 -0.479573240576277 -0.405382337332179 -0.311800522773747 -0.269103624507433 -0.222903337956931 -0.205758714883933 -0.140094998160713 -0.0149647177986822
0.0825504532504038 0.116220830751773 0.0400078443491667 0.0233479035555911 0.0155691289511521 0.0371070841698328 0.0333493608006314 -0.0078904865314971 0.0275287647954795 0.033011926588969 0.0310157436680186 0.0138204671432505 -0.0102010569436458 -0.0349597561564498 -0.0504548559340845 -0.104797007536431 -0.132560262889869 -0.147139358937759 -0.123059504263616 -0.246030064737964 -0.193783936697935 -0.235495085391947 -0.234520955662269 -0.238953739537416 -0.184768738125879 -0.0933099409266839 -0.0122821096276881 0.100086624728814 0.147386318888022 0.192691450526483 0.217400016444092 0.162774070899604 0.0856353921526713 0.0430515852827626 -0.0515801927740347 -0.20166148820825 -0.334446948822797 -0.409055881234455 -0.467053605014181 -0.50165558088769 -0.468099714099938 -0.443893812386715 -0.445936641191816 -0.374109664905636 -0.367946098450829 -0.301335833735309 -0.254087391107594 -0.218200718770668 -0.161210633095802 -0.134074214532708 -0.0457167157847257
-0.0224134204383468 0.0643371954776736 -0.0145870095149659 -0.0133165458056277 0.0137708832236542 0.0129844535756372 0.037521455969199 -0.00670800076238678 0.0037839728123561 0.00611328628485572 0.0344503611888684 0.00349892854165537 -0.0161969854016501 -0.020278462454327 0.0243280650620931 -0.0636463710080598 -0.0828973261676989 -0.0745849208058572 -0.0647681804992764 -0.187090173503874 -0.141427384861625 -0.183774471362183 -0.193826360621098 -0.214559497320962 -0.158570641793103 -0.0547653951310151 0.0544236394689344 0.16536174104439 0.253999263154321 0.298187950484996 0.314647018173709 0.225197064650605 0.149703884019493 0.0351000474523426 -0.0565816095617549 -0.168178393357585 -0.278832863330731 -0.357082565842545 -0.355221397416397 -0.39335127750736 -0.37643099809692 -0.368131082229369 -0.336129372396467 -0.353153918119553 -0.309028360354763 -0.267544345148635 -0.235804246360776 -0.214739627883977 -0.136646169688841 -0.1320385575761 -0.100101114678608
-0.0189058596982733 0.0537626148155279 -0.0245928416328037 -0.0238203080907602 -0.00435245926459515 -0.0463241888343499 -0.0237361786708235 -0.02005283013663 -0.0154489443594773 0.0108356782047139 -0.0106135768110631 -0.0109039147750198 -0.018638785972541 -0.00444261282968625 0.0246002700739326 -0.0299595791827695 -0.0289065345331762 0.0108151248449296 -0.0247288631962129 -0.128034054104143 -0.0821439653017455 -0.11610231932229 -0.161527033088525 -0.166840498590183 -0.114714590359841 -0.00991665422939406 0.0954729781059707 0.22723675198661 0.318055318817983 0.35958162665682 0.354403704385202 0.25831679973108 0.189319540786512 0.0856121607505334 -0.00880276529604335 -0.110985518621624 -0.189090221213027 -0.25428039714113 -0.280419306829957 -0.31955474622669 -0.322065994855558 -0.323005147155743 -0.304960223489748 -0.294076551360519 -0.250866231922568 -0.228173895773316 -0.226363991125835 -0.18734798709947 -0.153884955471756 -0.133841458074833 -0.121126811144275
-0.0141895967223567 0.0231856501633717 0.0352023594916561 -0.0432880495531802 -0.0568838720841393 -0.0753922203843726 -0.0690516072250667 -0.067155021956873 -0.0432271534499765 -0.0346011770403646 -0.0304235683323966 -0.0262984758968842 -0.0152622757685338 0.00842188376985042 0.0599999833508061 0.0171903141954529 -0.00676929907542922 0.0198810793699025 -0.0119037140473244 -0.0754481737897106 -0.0578973839196992 -0.0454622610682205 -0.0615429864795109 -0.0347562303317226 -0.0105007843141569 0.048026468631225 0.135202558964833 0.20920459470963 0.298567987980698 0.33587025693909 0.320514293626827 0.259476711443569 0.186516821223328 0.10363753502432 0.00719349239394138 -0.0656009550782732 -0.15066699949896 -0.204238020588157 -0.22638200713909 -0.277071820480514 -0.286042680548782 -0.246117136259713 -0.243021077323706 -0.255136026107427 -0.201530605774065 -0.220091435381462 -0.17611656532677 -0.182644230958959 -0.124321846420218 -0.101776887086919 -0.156332151526956
-0.0791457161814222 -0.0358264060431456 0.0200597040998633 -0.00880140454990606 -0.00906493333591087 -0.120175548526733 -0.0364453585845497 -0.0989397197828366 -0.0709307499138691 -0.06165593271231 -0.0244554001222168 -0.0305086552098245 -0.0138772645805913 0.0209963889113954 0.0586118352422143 0.0322373141932219 0.0125790432389853 0.0311871750010392 0.0318065150142686 0.0577372736366439 0.0190248080371536 0.0354386915955369 0.0177390472851772 0.0140303234554579 0.0501762193150925 0.108856333821691 0.26569948859757 0.252974344622386 0.262175614258073 0.295749485831245 0.276314349730849 0.219164045005379 0.174929503633375 0.0997499185071086 0.027885341749741 -0.0274637690400219 -0.105538568072642 -0.178635628391732 -0.210171005479357 -0.241778542347542 -0.238611702839293 -0.220861363965021 -0.210047934972203 -0.204541798893332 -0.173911731286864 -0.193765201224248 -0.153159364536111 -0.1338082007093 -0.129070019215057 -0.115795488764157 -0.125294366632053
-0.146967518316415 -0.114312962040472 -0.0541296547176486 -0.0479920311341504 -0.0662420161576735 -0.0858201182483636 -0.140886139401908 -0.156868705435971 -0.127934916174733 -0.0144580716016202 -0.0669710998129751 -0.0666563230275168 -0.0123072712738176 0.0299125450575477 0.0294671197660598 0.0318388675687438 0.0642546970290629 0.130458326862607 0.141009291401847 0.119715114367252 0.125351097615369 0.10461634113406 0.107613630992852 0.0749237567311276 0.0957484227059602 0.206239797188691 0.301466247979254 0.375321544481687 0.358409272931806 0.254148079920863 0.251510729764928 0.185857229235424 0.149274961961667 0.0975413488633116 0.0527631097836949 -0.0140440456502044 -0.0712058352431981 -0.127797127940058 -0.159954048766828 -0.180010193674069 -0.182574316531507 -0.152779378756323 -0.159636119659881 -0.153420812309626 -0.152939303061267 -0.159666866847038 -0.138757326472271 -0.111563482076145 -0.14491248517006 -0.137327324420884 -0.121001231036644
-0.25236064261288 -0.218656469228862 -0.173867388917206 -0.150584033842461 -0.125937458184265 -0.133758873950558 -0.141736546983204 -0.132008131801976 -0.188808317179681 -0.165896139346042 -0.0895048189295175 -0.060835009255575 -0.0174603905522006 0.01555622613894 0.0475904856794692 0.0681251416552401 0.158134724571136 0.193383877423894 0.20128820978957 0.203581369995325 0.194343564402995 0.191680589655186 0.151355242555505 0.144904073262428 0.199952313162436 0.273114134855366 0.28336706479497 0.224705984035847 0.352143121658239 0.328673288658099 0.235288234777461 0.186388153088224 0.158720848051003 0.11350335874699 0.038367159547969 0.0264840097844311 -0.0482188805384628 -0.0855924023840313 -0.117502072989057 -0.149203334502119 -0.171481057804348 -0.161524935732931 -0.112711118953423 -0.128010264666884 -0.167451842422168 -0.11249809427381 -0.122258338485859 -0.0685814633470367 -0.119433515309396 -0.124661355173829 -0.0733310559087987
-0.283160797534236 -0.31682459163021 -0.271405918710418 -0.247356291686012 -0.284075745803207 -0.177875870253268 -0.151107783870663 -0.112684692611602 -0.141202378468965 -0.208873869154685 -0.141229158775221 -0.095811589076103 -0.00693479988026829 0.0547956855561073 0.153269106235118 0.192343234409071 0.173019035852555 0.259341239770898 0.28094558884081 0.2953876810446 0.30403050960011 0.276408005738404 0.224303029702698 0.166725413891741 0.250278793839308 0.298075409975229 0.281531926829389 0.222823455942406 0.227593924792407 0.231147504426273 0.190717546601301 0.172412204196594 0.187312644377711 0.209369439157352 0.0565784824371831 0.0328209080953031 -0.0127741679295535 -0.0527327376246527 -0.0632735428377112 -0.104935850146312 -0.139869078519526 -0.135592500369475 -0.0870614466810554 -0.132542093695901 -0.126704710219238 -0.08231344518111 -0.118717158592794 -0.0521182732221949 -0.119604551905147 -0.089169255034609 -0.0964700367252049
-0.3221085583062 -0.355448668803355 -0.389922132037977 -0.311271612236068 -0.255728284753355 -0.344818843104372 -0.231367300121162 -0.304002082507936 -0.305441884438907 -0.245822416934016 -0.195430050966647 -0.118615838810535 -0.0661196322128478 0.0394743345393526 0.0984492020305289 0.184420897151935 0.261697717473867 0.273280415391744 0.354269672335544 0.389601683124506 0.397186696774544 0.351842605473816 0.295685789293115 0.24147658548933 0.227681937190277 0.277729522426584 0.243356044817992 0.222969148753135 0.231793196769689 0.195655645435635 0.200078966931567 0.177438791579681 0.127573767276904 0.129926232134173 0.0580875702165822 0.0346398991694777 0.0292014589701122 -0.0252063152460701 -0.0511945850915908 -0.0736584899381782 -0.100908847950658 -0.11332849477869 -0.0946359666168514 -0.0820594412633031 -0.063684891691078 -0.0954763411350394 -0.122657867122433 -0.0742185016368332 -0.111142024012077 -0.0860730251388376 -0.113700717978859
-0.286397855938482 -0.285316310812457 -0.367901632070968 -0.376044865556383 -0.361395288794317 -0.431792792825663 -0.363412356536142 -0.40268225887653 -0.364224657197506 -0.317339748170026 -0.241814657453617 -0.176037105401826 -0.0503720585005975 0.0400115699309188 0.0816916310638904 0.163733795203148 0.324766069732752 0.3526235759413 0.408897099070042 0.477591433331416 0.505796787789824 0.50329109827558 0.417812291636696 0.323921748767755 0.318256419870877 0.293720286588514 0.290450292061801 0.286303347916958 0.277323464508799 0.226015917186122 0.20985607973134 0.235366578190646 0.150800481277886 0.107230548131411 0.0642908099212982 0.0401522198948103 0.0264114663091242 0.0211495861344709 -0.0159799574981093 -0.0377078991638186 -0.0592297119512372 -0.0783068055089221 -0.0518949637204866 -0.0527370205745378 -0.0387533394041086 -0.0788877809176414 -0.0525812690554362 -0.0666759698162765 -0.106000283237673 -0.0911154248820611 -0.0999905012563972
-0.24701965548681 -0.273807326126538 -0.292541474603192 -0.357166096173485 -0.427878719226476 -0.487227233114559 -0.503161639489318 -0.467342766614467 -0.44209057538232 -0.278799807327238 -0.24756773150816 -0.1566450963168 -0.111923042297925 -0.00949488152373845 0.0561072823675885 0.162362462678605 0.296755457769499 0.37759962229361 0.4577579312572 0.501279202239926 0.545132619296602 0.583646877619317 0.49393170052964 0.43968184019728 0.462665571535902 0.425729699340957 0.358138581519489 0.33385156845531 0.278793599221503 0.247774241033825 0.241838273900683 0.175165163557216 0.14216988727989 0.119477574738403 0.100032822394856 0.0693902476345364 0.0482869257169278 0.0405002749405035 0.0201774821631851 0.016130592553445 -0.0175347587358922 -0.0120190759325738 0.00849616461303018 0.00123787171501394 0.00288144716651426 -0.0836166236177485 -0.0510326013374006 -0.0533618868726756 -0.0572328084611354 -0.0444880016876652 -0.0534089953633939
-0.216103138004763 -0.234098580322176 -0.277417776723684 -0.351644784767603 -0.499982571697141 -0.521089740660299 -0.510166149448061 -0.566326190159574 -0.418018765416496 -0.344209914238052 -0.310197109528974 -0.231272076295395 -0.133846144631985 -0.0544185869067187 0.0339804013804502 0.153199499975975 0.285989587181905 0.338566334591612 0.416860974831639 0.469130091626211 0.558283075306203 0.627775678055015 0.605061440033157 0.582254146047454 0.563361303441205 0.510946039384726 0.397677804588538 0.36520379617343 0.311965818747735 0.258695082803333 0.252605725058634 0.199760601436926 0.143077496840377 0.107331726767918 0.104410155365682 0.0830508710756414 0.0574252358517909 0.0553061313122557 0.0738974338560642 0.0568269997241246 0.0653211324513988 0.111778829164459 0.0952607720903676 0.0977744869241127 -0.00992688512974699 -0.0545125072764969 -0.0652140419842608 0.0657586428498898 -0.0654306212487097 -0.0524042286167278 -0.0451336160241932
