data/pcas/pcas_can_126/pca_referenceLayers_can_126/PC04.asc
NCOLS 494 
NROWS 529 
XLLCORNER -117.166666666667 
YLLCORNER -55.5 
CELLSIZE 0.166666666666667 
NODATA_value -3.4e+38 
[rows 184 to 206 of 529, columns 306 to 356 of 494]
0.174373890526701 0.00821791842291136 -0.0796236921050604 0.00456704814818903 -0.00954748279434611 -0.349674714657189 -0.304527890355803 -0.188104176376724 -0.108360260422492 -0.196448450605587 -0.270293405703769 -0.0494089474890483 -0.102149782616389 -0.14883661447091 -0.379794450611233 -0.486615725310989 -0.540710880320938 -0.560631771699031 -0.568177502349238 -0.632111783459557 -0.659845683402111 -0.693838983048813 -0.750495249762018 -0.78663634756097 -0.848889113390219 -0.939891357829886 -1.02046102764103 -1.11680573537593 -1.20559392528833 -1.22838358593434 -1.30847224475058 -1.36135103396911 -1.29369398572291 -1.26134906466508 -1.25938347953692 -1.27236163954473 -1.25963229098926 -1.29502728255901 -1.3273432353394 -1.37133915327944 -1.42533836792319 -1.44015605749927 -1.48585337045416 -1.46112045098602 -1.46201164088235 -1.21667296383669 -1.20043091844055 -1.18791453922067 -1.17966950452454 -1.16521334690981 -1.13393092667615
0.0581615257422507 -0.0389844057925834 -0.162791554642689 0.0553832391599216 -0.0546890009086079 -0.404657097072234 -0.209439834842601 -0.167238555238816 -0.228217036019067 -0.323669525733644 -0.367265849493567 -0.105456147651045 -0.18464260836886 -0.453761123047545 -0.55089952210813 -0.579379928890735 -0.609991906258404 -0.639435112401623 -0.720776834577112 -0.751651099861514 -0.760003170568082 -0.757360605881397 -0.809461730498506 -0.806452173354956 -0.80162305729226 -0.762573585407795 -0.777716533304956 -1.14639751282692 -1.21880814689128 -1.29200002906663 -1.29719397120792 -1.29014932958061 -1.28046419609524 -1.244481253635 -1.24680612761324 -1.27357661263627 -1.26226856523796 -1.29913038309089 -1.34328102920083 -1.36975460670633 -1.40798905600802 -1.40071779340435 -1.39750886293063 -1.43274366524166 -1.20118836752189 -1.20018090512645 -1.17613352008741 -1.17739664303327 -1.1894991465053 -1.16135781404438 -1.16040738493911
0.00834113967770628 0.1209105848329 -0.127512622895255 0.0247832970946618 -0.117442645705342 -0.201605237171068 -0.244262258105246 -0.291677314923344 -0.315575694467837 -0.307729053591415 -0.389739424373601 -0.392418239638962 -0.348997065874867 -0.538084400502415 -0.566002045133095 -0.600221086900916 -0.679613379138059 -0.725007123503406 -0.775055878228764 -0.757495243017161 -0.806069204831316 -0.855793010417263 -0.88273779453265 -0.790179100973155 -0.788647033563463 -0.746123214110358 -1.04884952930588 -1.16810745509699 -1.20398881302948 -1.30480958003282 -1.26177405101017 -1.25176247093047 -1.23483286804593 -1.251219861727 -1.2425317730063 -1.25898309455901 -1.2750822097488 -1.31581542098832 -1.34271250878769 -1.35730961173963 -1.36579598866977 -1.34235677925681 -1.37266436149516 -1.41489238472777 -1.20811300599265 -1.18824134541106 -1.12383337375771 -1.11149200043021 -1.16834003764316 -1.17138363535765 -1.13786656952227
-0.183939468559856 -0.0645150445548061 -0.0463962203689564 -0.15243538088812 -0.211153068603531 -0.236230418751738 -0.226670021388476 -0.289146932492825 -0.303011908226102 -0.382550114429551 -0.456707026025602 -0.544784734825233 -0.364399749749711 -0.49900282977784 -0.520712271283104 -0.635145370301211 -0.720099165175605 -0.770728160442123 -0.848454406744516 -0.88817427520615 -0.957905420173597 -0.962042730328325 -0.964400331325204 -0.906358674070612 -0.939330853219055 -1.03879068024826 -1.15194207971581 -1.14768578055533 -1.22407797898386 -1.27347515138285 -1.20580013357357 -1.23135562910766 -1.23916367165067 -1.18411545499929 -1.21283914314526 -1.16781410879303 -1.26035376736674 -1.29287938581184 -1.3441735387624 -1.40132369064583 -1.36078960418118 -1.31664748055307 -1.12474954004782 -1.18257063804631 -1.21294964243359 -1.18571136723484 -1.12946276176756 -1.13942032313006 -1.11358875347356 -1.10685950336648 -1.09805390474854
-0.247696361599538 -0.0885704145505752 -0.124310177106255 -0.195444685714669 -0.225477998242794 -0.260092010452867 -0.294632412387834 -0.373386963458715 -0.354315482839787 -0.588007847209461 -0.764053726336789 -0.752977243902837 -0.673601794112111 -0.653930036707913 -0.460463314206681 -0.653754617459022 -0.729165357506605 -0.858667708101107 -0.959159265934498 -0.992832206209704 -1.02972345441002 -1.08305278789757 -1.0923618695569 -1.02422088337438 -1.02455959391163 -1.03899170150194 -1.11542377090879 -1.18278488701915 -1.22434979176137 -1.25208894870603 -1.16018717899582 -1.19983372746552 -1.18040147595002 -1.19246628952053 -1.14921850092698 -1.18448206286822 -1.25008800763563 -1.33163066742804 -1.35348568658744 -1.39526195452054 -1.38775209121608 -1.39993278026293 -1.13639207539178 -1.31521113530118 -1.13754093801191 -1.10015951300099 -1.07098789061705 -1.01682213689729 -0.998778541103421 -1.003636565263 -1.01716654700759
-0.297500559040054 -0.0491468581889185 -0.173354465267313 -0.216965210731359 -0.281146907236559 -0.323783209812651 -0.440672419765846 -0.54422339599837 -0.771899000060885 -0.796508853582304 -0.82503495222385 -0.840962373555625 -0.787564549134498 -0.835192144499197 -0.779443444299995 -0.431475248311593 -0.451824179005767 -0.866305029672946 -0.998308852593624 -1.10382669575434 -1.18782269448495 -1.2072777729058 -1.21855546951918 -1.15944164508098 -1.07353866285576 -1.12442808384642 -1.17907227657022 -1.16935853394247 -1.23616954503206 -1.22064509441249 -1.18462733989088 -1.17924381615279 -1.15190410981216 -1.19986478530408 -1.15157220318795 -1.17709840178454 -1.22239321629512 -1.27340513679089 -1.28633749446555 -1.35349911188705 -1.40052030391305 -1.40455486275257 -1.39730429587796 -1.13975912325781 -1.17150789615547 -1.18655271183935 -1.16547688737865 -1.14302908958845 -0.989987246403903 -0.946415769645053 -0.971784263703933
-0.0751191051834203 0.217169620685099 -0.383087812013155 -0.439430485555232 -0.362874714544464 -0.421575189251335 -0.721117319160023 -0.744628297241227 -0.786574269978797 -0.821285767778051 -0.875141371956911 -0.850238975038846 -0.848684892456804 -0.876551782389082 -0.874875155767597 -0.723568235951374 -0.403402505250471 -0.518726751126678 -1.03809442162821 -1.15580088782122 -1.27716555444353 -1.35053637350887 -1.26073920336389 -1.18952631164937 -1.21694347089418 -1.20195122927456 -1.19203807510781 -1.2156380044008 -1.28129310488029 -1.25087827281341 -1.15989498604913 -1.09407548859073 -1.2182392146009 -1.19296314000079 -1.13963748063097 -1.19085782461295 -1.20044487349154 -1.26161597990818 -1.30235665432143 -1.31468384485324 -1.38855634737431 -1.42313294479824 -1.34211242697146 -1.13857788728888 -1.08863210898534 -1.18435871167355 -1.15529260803288 -1.13282009099072 -1.03738266248785 -0.957848968408316 -0.942643618538438
0.0202386548831067 -0.306378444615628 -0.656425655630652 -0.404999879692783 -0.473794094229469 -0.762619365688542 -0.822591879402289 -0.837956488490164 -0.856842692408728 -0.82257728297659 -0.851303733724518 -0.849747189468664 -0.837901510375102 -0.873045839609978 -0.910807158806221 -0.930010374442047 -1.02611391289888 -1.0307119179389 -1.05724702254604 -1.19163449656378 -1.25608099608795 -1.36727490875751 -1.24891742212713 -1.23241343405759 -1.23487057367522 -1.23217619667833 -1.21283125995889 -1.2820871593336 -1.25337535980383 -1.21256143138441 -1.16269839725881 -1.18749945106408 -1.23567426226687 -1.22673661770096 -1.1934281103248 -1.21245400463284 -1.24337904972987 -1.31226616571836 -1.29533839429684 -1.3069262580622 -1.35814983754068 -1.37708712457964 -1.34214037376625 -1.28780458025092 -1.14422159154068 -1.17229973652994 -1.1495232192106 -1.09082847071183 -1.04002497995311 -0.97664048828541 -0.946967278010484
-0.660600708034413 -0.659875677281993 -0.628449042203735 -0.475445552340623 -0.330856938541873 -0.754056532628104 -0.879303643707672 -0.879296551870386 -0.873825791845325 -0.855284257201377 -0.82136283465972 -0.815560907511829 -0.831073933937952 -0.811326030558622 -0.879503333921033 -0.957431835886055 -1.00027924452915 -1.08032445003105 -1.01415457589613 -1.10752347349302 -1.22190076922583 -1.28320432424875 -1.26159728683922 -1.27707111095174 -1.22692254639122 -1.25994165234295 -1.25682361861351 -1.28955660605062 -1.2424521011304 -1.26083317566238 -1.16841152591077 -1.19188897486291 -1.27064933346947 -1.26110358847458 -1.23789232109448 -1.26151083186763 -1.31436882221525 -1.32064019851781 -1.32660162533776 -1.34234680549386 -1.36264333483539 -1.36530532241766 -1.37955475242986 -1.34861816383444 -1.29658709857859 -1.16835517349401 -1.14664538547768 -1.08836870178458 -1.03296517672238 -0.977242329928324 -0.922392126570988
-0.617891538625621 -0.764164049297533 -0.642197851335187 -0.456948298984146 -0.480819371389269 -0.675520082466546 -0.91853898528142 -0.85436282360671 -0.869152360443244 -0.903737112323077 -0.850435521348591 -0.811694955563272 -0.811568289864301 -0.785916345072409 -0.835008125144018 -0.920353503197127 -0.992285763895219 -1.0690689147612 -1.16780354124217 -1.07545277148102 -1.15943448761088 -1.18976348569013 -1.22562904283333 -1.18874870093746 -1.23942410000815 -1.2677885264003 -1.28142430924715 -1.22671845584243 -1.24009444697556 -1.23481562345269 -1.18377143093892 -1.25096467170243 -1.22246092819879 -1.27503124861032 -1.29599052055333 -1.3199927512164 -1.293393385053 -1.31654301545235 -1.31728971146623 -1.31750865982405 -1.31883606426465 -1.30366451527111 -1.30293873974789 -1.28503222866961 -1.13861626529991 -1.12232541926437 -1.09133687786194 -1.03615142858936 -0.997066515659819 -0.947852213597735 -0.885675802515252
-0.882495653440369 -0.93931508586128 -0.952851169871276 -0.962936125767816 -0.984998509090331 -0.968926767650007 -0.964902965351315 -0.940852072325724 -0.905296760654215 -0.893755312505319 -0.836326163131725 -0.80615956877701 -0.765085187032824 -0.744647811541592 -0.835154155433387 -0.919001814669245 -1.00455802453025 -1.08349497228682 -1.16439917504522 -1.05130362625998 -1.09284508783075 -1.10148028878971 -1.22025506187286 -1.15448817797216 -1.17069056994916 -1.26044645548698 -1.27866827907814 -1.19799909540269 -1.20053585328104 -1.183145703448 -1.18559658633842 -1.22501671776828 -1.23524429731652 -1.28894155982841 -1.29719068138351 -1.26899010667281 -1.26522920632533 -1.28725438921395 -1.28900493214686 -1.28627824381485 -1.30172441607086 -1.28725559489162 -1.2464431489544 -1.20816738042403 -1.18159733823452 -1.04773735565569 -1.01546762484984 -1.01266887518726 -0.942347417081023 -0.894104122601685 -0.84450992574533
-1.02652778523498 -1.05369918811851 -1.06425008709554 -1.04805440030218 -1.06625783125078 -1.04641674131455 -1.01939406678425 -0.963671712080844 -0.958243629040324 -0.913545294955445 -0.861517096399826 -0.821096406257451 -0.790351443695266 -0.803835868164492 -0.889246214451434 -0.935301996431552 -1.00784116649195 -1.07697854053855 -1.08447664847269 -1.0875808881023 -0.980753748542413 -0.976484475602702 -1.03996393200446 -1.11120309299327 -1.16872838854214 -1.16718478350765 -1.21545638634302 -1.17232408146335 -1.15474369930571 -1.16347984187214 -1.18256073798507 -1.18516241088956 -1.21522939466604 -1.23773863316969 -1.25723479652884 -1.25995463620952 -1.27773932108077 -1.2548654903465 -1.25183688282958 -1.26927023816859 -1.26660271902138 -1.23963401282008 -1.18753890594075 -1.16689114317658 -1.11315434440971 -1.0176461673317 -0.985507613587653 -0.936934860397365 -0.895060247628076 -0.811383083285066 -0.776289184461835
-1.18015765910833 -1.17114335327423 -1.15894071379917 -1.12698223438033 -1.09783639049361 -1.07435304939851 -1.03320078642296 -1.03047561297049 -0.997511696041697 -0.97195186072577 -0.916929431954611 -0.86914432910313 -0.88125431074022 -0.872483627380769 -0.924340294963833 -0.941526317203667 -1.01528601970986 -1.0367751779738 -1.04198415529299 -1.00182733464971 -1.03627879442605 -0.884564283815947 -0.943581743133662 -1.01606860021349 -1.07103861044226 -1.10058364114795 -1.13722834579584 -1.11190369719502 -1.12567292214502 -1.1449784495689 -1.16443387944269 -1.19003430490615 -1.17086442379291 -1.22692924267139 -1.22694819669332 -1.2323256481539 -1.23285804521278 -1.22014647717926 -1.23334121692838 -1.24364097328566 -1.24316544343784 -1.23410776155534 -1.18132353812511 -1.11352240844598 -1.05436792510932 -0.949481260847095 -0.890854721530862 -0.874244066381447 -0.838667755761114 -0.768510254421314 -0.706523855729422
-1.35171539946116 -1.31476521290237 -1.26551683199194 -1.23767427963359 -1.18752406300884 -1.12454605390264 -1.06050676425644 -1.05663919203904 -1.03269491009669 -0.988119427290383 -0.974752640205474 -0.961527566788534 -0.999550914928461 -0.989499158047672 -0.991362135933431 -0.970091643678825 -0.997037254820032 -1.01323043733615 -0.997796692980156 -0.948110946851112 -0.939158731162156 -0.826722183449078 -0.879646211952001 -0.927869527938205 -0.974262256417898 -1.01636600006648 -1.03513330336473 -1.02701852652086 -1.06034281376978 -1.08283594149208 -1.13094765897004 -1.13838685079336 -1.15518790650942 -1.1950817149942 -1.19601941246916 -1.22616885121187 -1.20849605680915 -1.21558703805469 -1.22864572341041 -1.22758620550446 -1.24115715702476 -1.21464500547247 -1.18730446001997 -1.08551387088758 -1.03650217746423 -0.946172048206633 -0.909847383530039 -0.853449376457802 -0.799512143368003 -0.711069429560289 -0.667631960540473
-1.2971173604273 -1.28913933539939 -1.24219498225871 -1.21873447988305 -1.20858883166491 -1.20473879369617 -1.14525295237514 -1.1246311547956 -1.10954377111475 -1.11813031201802 -1.07603982328174 -1.02313710765698 -0.993777064694524 -1.0091249956825 -1.04648106559054 -1.13343837808486 -1.08740168426464 -1.03897186831938 -0.989793672682123 -0.967021254895103 -0.901101125461173 -0.907329633434261 -0.834857947883673 -0.838077675826798 -0.847009933378183 -0.891320473926088 -0.947742135551408 -0.965513018841701 -0.988742427400565 -1.05455533752378 -1.09123253314893 -1.12327098411945 -1.15635811702295 -1.16213659507293 -1.17514725065454 -1.2187689961487 -1.2194194926412 -1.22345916167398 -1.19770142392375 -1.19188420370312 -1.18261089410275 -1.19708726454074 -1.16274538152861 -1.07453165733507 -1.04397278990705 -1.02601636631053 -0.903091725430595 -0.862674779203372 -0.813980556274321 -0.707610653384173 -0.645550425366551
-1.2074892523285 -1.21086392292574 -1.18760117960427 -1.19838923373109 -1.17926962921918 -1.16634235658534 -1.12866139919871 -1.12399944332329 -1.05839285805526 -1.00990702673877 -0.991176903679679 -0.946371674400906 -0.980163752498472 -0.932778126257281 -0.957378046205995 -1.02141856687475 -1.10793351001383 -1.13976787384213 -1.03246979933903 -0.97718572374081 -0.895694303599038 -0.886734779633001 -0.875126926928519 -0.862131767636971 -0.753108540583679 -0.789400724016509 -0.819178997603136 -0.880633386988844 -0.967146604064706 -1.01594538582171 -1.09223168743077 -1.09642766066089 -1.1469964292928 -1.17453939575544 -1.18763979575964 -1.19924937336594 -1.14181707627925 -1.16021088596567 -1.19759422370325 -1.18300011304455 -1.15918404587921 -1.17413153593907 -1.13306575499031 -1.08659461701231 -1.07302335709651 -1.02387724994447 -0.924426536640578 -0.857708423148351 -0.829495962324777 -0.770782563565932 -0.71868730566529
-1.13830587919209 -1.16943666084653 -1.14193534939055 -1.14858229431434 -1.1403163281332 -1.10087398015298 -1.08563114462752 -1.05469084782201 -1.03121962543466 -0.988747812879411 -0.972796082155465 -0.953785018224343 -0.93671429368492 -0.960659599244444 -0.918529272164678 -0.931349867418276 -0.969166022102255 -1.03450243503024 -1.08899691246921 -1.01954963060265 -0.900293709526342 -0.880977991192174 -0.864375289379099 -0.80758713010639 -0.729169824651471 -0.701694274453905 -0.75462870214402 -0.892728262165925 -0.961181480820729 -1.00566611302486 -1.06565836992712 -1.09618462602713 -1.13047682463901 -1.13450946883542 -1.17651393847457 -1.18338900020997 -1.1356329116122 -1.16013029877369 -1.20838509155597 -1.15077339642085 -1.15034646906168 -1.16465555324149 -1.16005357843201 -1.10942362451329 -1.05587996446192 -1.01195289560968 -0.934982748095012 -0.896510320497313 -0.861815633853578 -0.783927781998336 -0.726962419543125
-1.05286748707071 -1.1199620596849 -1.12793493361512 -1.11694406865698 -1.08895153365963 -1.05381493443745 -1.02071597923092 -1.01011366718685 -0.975129509034345 -0.941929289656116 -0.919871166057586 -0.923126436240402 -0.910829885047065 -0.944609555437209 -0.970993008850759 -0.988265374914709 -1.02324616758072 -1.01020463135634 -0.970283377897799 -1.0802439983877 -1.05044951888807 -0.97127954142889 -0.899869387338217 -0.882935278500876 -0.758204921131601 -0.740670683208066 -0.783220805923327 -0.938183947428153 -0.96985084005267 -0.998261453970253 -1.06839961771406 -1.08598861700971 -1.1191600977398 -1.15911031151704 -1.16145252119603 -1.16609131660076 -1.14630447425038 -1.15484690831575 -1.14668151540793 -1.17379119191795 -1.15110119353999 -1.14005477513853 -1.15617125164906 -1.1386730374324 -1.06802875919197 -1.03582329529299 -0.985693305671939 -0.911959770520937 -0.889921535826361 -0.78789176898673 -0.727673164338104
-1.01808781440619 -1.04827772117296 -1.05609247182687 -1.0571338526291 -1.03505095124897 -0.996677758670014 -0.990306767312447 -0.965222226887001 -0.931962003029487 -0.901324189291573 -0.892677726335531 -0.880481737613037 -0.907770955917767 -0.921691629601249 -0.934186983492608 -0.970830868414571 -0.963978966603924 -0.93607182055188 -0.943470388336443 -0.966031516018611 -1.04291238922375 -1.07882116592521 -1.0663489342628 -0.994116384995434 -0.962087646474167 -0.957930406274456 -0.928223887549609 -0.99150801397276 -1.00068539706094 -1.03109208450793 -1.07662159709329 -1.09783370113042 -1.12570720238542 -1.15508223808862 -1.19937189278878 -1.18647562567581 -1.16608793938343 -1.14449325400934 -1.17898352631247 -1.18744890524021 -1.16900723062434 -1.15910470003308 -1.13908736714298 -1.1410929758856 -1.12091047942984 -1.09576304823981 -0.985766038488542 -0.953034708148785 -0.922354484155196 -0.855548525662214 -0.772310218681941
-0.935931365373828 -0.96008594278406 -0.981258883816399 -0.982748109821487 -0.970364882829975 -0.974070114888886 -0.938763174115019 -0.899028814824541 -0.863363701559273 -0.854311716247447 -0.867373381249689 -0.85242662115225 -0.848814303312986 -0.855735398427368 -0.865182276960452 -0.892991953457464 -0.897842800293074 -0.916574741322893 -0.935067389704235 -0.955020935190587 -0.977252318116477 -0.98386743425264 -1.0806381183195 -1.20011347504729 -1.25955973230538 -1.25811534767733 -1.10201162234567 -1.1143203097837 -1.05042633187093 -1.05352991285762 -1.06619015065715 -1.09680382832131 -1.12409791432797 -1.1810618699109 -1.22817067711615 -1.24230620567057 -1.197763518415 -1.1745234713124 -1.20425059167129 -1.21090541237506 -1.14118550548961 -1.15573090776012 -1.16855217750183 -1.14833073757503 -1.14072188807957 -1.10445370518631 -1.043165854939 -1.00456735711806 -0.967466544644106 -0.904080288875769 -0.845520384106801
-0.832860882521979 -0.865582156271211 -0.896150196165902 -0.933442352214847 -0.940340118570915 -0.906508720259509 -0.867367530315847 -0.814128117778733 -0.80443313136902 -0.778016800316562 -0.764924645407866 -0.788360198820611 -0.787324899358339 -0.82515429975401 -0.83846899145694 -0.866146028392185 -0.878914328628444 -0.89485983275638 -0.887198793387112 -0.908606068391063 -0.923089816076797 -0.967189640318683 -1.03991662840534 -1.13950817000447 -1.28225186948802 -1.37841264382622 -1.27066053156357 -1.21843062290236 -1.10955099043821 -1.09141063171151 -1.0843731628537 -1.09589269568694 -1.12147019270262 -1.15812271683173 -1.15948893711515 -1.18253611177396 -1.28595965535996 -1.23182040128355 -1.28920264411656 -1.23758775131034 -1.12826804579231 -1.15764967428187 -1.19957032373685 -1.1955031967141 -1.16562998393195 -1.13799919596902 -1.08100498578358 -1.03676131734804 -1.02474290319953 -1.01642144878858 -0.960825560495697
-0.747194456572433 -0.795787513180507 -0.823736772159962 -0.845292859989306 -0.862484452810875 -0.818831521822611 -0.74586326154775 -0.714610309408354 -0.674601259442526 -0.663480295999882 -0.667081046929664 -0.700675523213243 -0.722046611751287 -0.770747519727845 -0.806976048254627 -0.8185110619217 -0.850795585338246 -0.857818573854413 -0.875040717899331 -0.900424885397016 -0.902835774060606 -0.929165087120712 -0.990563566515013 -1.08245165118736 -1.14295537235862 -1.2343598293076 -1.17377232085815 -1.20559627403382 -1.16213755938545 -1.0897030308711 -1.09500475754373 -1.08569808883685 -1.12349620461891 -1.13498557540981 -1.14610278589502 -1.11075400004108 -1.2093195258423 -1.26499985321719 -1.2735137814041 -1.21895899220772 -1.18907411416993 -1.18320413714792 -1.19492702923956 -1.2113152219892 -1.19391803814478 -1.16082752574986 -1.14028792229336 -1.10558205950927 -1.10618017896186 -1.07643686373357 -1.0239213453788
-0.67863244460511 -0.745923016372493 -0.763264185280545 -0.738590506295869 -0.761654533656865 -0.699544980504363 -0.589268103936285 -0.544445920156054 -0.50444582655028 -0.535531071054533 -0.573558651889507 -0.604016609274441 -0.662874054608889 -0.707673870888144 -0.731753635987696 -0.766545479423751 -0.777738195144056 -0.799710556211024 -0.810159015274385 -0.859106464127644 -0.888067588104108 -0.895206775207183 -0.949215790651983 -1.03436594723337 -1.07231895759818 -1.16834012890066 -1.09953475774661 -1.07783826801344 -1.15537272161568 -1.0830478385402 -1.08307609532788 -1.08776152171491 -1.11896890353742 -1.11957053872115 -1.12877987296775 -1.09341282628056 -1.0957671001975 -1.16222252095151 -1.21630628143191 -1.24997767056216 -1.21675647011955 -1.17394243650863 -1.2044268025527 -1.19283611541844 -1.18227285945495 -1.21497913162931 -1.1971576504076 -1.17684552842668 -1.16040514140434 -1.13558797408306 -1.07019678416359
