data/pcas/pcas_can_126/pca_referenceLayers_can_126/PC04.asc
NCOLS 494 
NROWS 529 
XLLCORNER -117.166666666667 
YLLCORNER -55.5 
CELLSIZE 0.166666666666667 
NODATA_value -3.4e+38 
[rows 276 to 298 of 529, columns 306 to 356 of 494]
-0.362327950392702 -0.367747266236093 -0.324653050282772 -0.311042908283123 -0.308360692045849 -0.442665666065506 -0.364696337281258 -0.370030283775545 -0.37672334688955 -0.4080865581196 -0.4927049084789 -0.58515463073919 -0.559660681845288 -0.547050392994118 -0.521223939845549 -0.522720113096857 -0.49166719666365 -0.50567922891607 -0.444612510209729 -0.401362055294552 -0.403198937763662 -0.346593611252159 -0.325072530819893 -0.244477989541919 -0.263337257921585 -0.207317075698541 -0.0985484210892268 -0.0540848146632841 0.0563517664341651 0.163335607464686 0.259650123246623 0.361653252405276 0.438922678801727 0.494999152434842 0.487174034471102 0.518178893830768 0.609799206025684 0.749943807197504 0.807015009075429 0.800255395802715 0.83026471219441 1.00430624922586 1.014668737668 1.10969626166833 1.15858639361167 1.1786226648402 1.20399147830437 1.1519340283456 1.22185453308952 1.3234731027727 1.31085182583981
-0.30755501291501 -0.29797034623829 -0.27827510998215 -0.291673149153976 -0.30960256502424 -0.418195613115611 -0.381679851741299 -0.38710899476015 -0.371941185894812 -0.388876140838466 -0.450614250571538 -0.523141813951173 -0.547783565367904 -0.529259153649345 -0.550278122495874 -0.497400112468579 -0.51459383330596 -0.540398416485958 -0.501457429775269 -0.42038042118835 -0.397664287468811 -0.394504014723033 -0.3562110068459 -0.254168495813565 -0.171422649337698 -0.238948203730341 -0.188284111639397 -0.142273383893776 -0.0681641142275836 0.0280381787757541 0.104384118011143 0.193495288017277 0.331816515470379 0.325177169760083 0.36371891429762 0.437070502439596 0.487726586302297 0.694965996349934 0.823680239493079 0.808127783258084 0.830637696561775 0.981995810512886 1.02316282751316 1.08944071192319 1.13233434495425 1.16869287956465 1.09990013789538 1.21126503159741 1.21611419647696 1.30099397600022 1.26704284974862
-0.275547177632265 -0.251170427365314 -0.236788830546065 -0.269459880633018 -0.298849943123259 -0.412260586947277 -0.369133760809288 -0.378126188385164 0.0571276430708762 0.0472040313233147 -0.439787474465709 -0.481217646867213 -0.555045832262689 -0.558850082169558 -0.530137258842866 -0.539568868759066 -0.566674285730008 -0.543876828915021 -0.543332142446513 -0.463936772361203 -0.424689101623006 -0.449024637872438 -0.379891853209569 -0.366101027403719 -0.302325452463071 -0.284530291513453 -0.225040604642338 -0.141478988785613 -0.0295490537663243 -0.0109482085179566 0.0448229015779429 0.239278601593581 0.279788419010126 0.210910579004867 0.281187715137949 0.34148795367555 0.371983459000554 0.593484523502121 0.722026338112452 0.820988325240649 0.806991174303175 0.9615151883035 0.972397851108838 1.03605502531379 1.07374842213833 1.10407271168476 1.10315291096797 1.19301525090604 1.19737943259556 1.2469694867946 1.1947569457041
0.174759974080534 0.186777394737622 -0.220692013830744 -0.231685983205821 -0.255745769441533 0.0510210467027926 0.0539865188601889 0.0690917385626152 0.0798644463200916 0.0624959691505167 0.00650846166949751 -0.026438666794841 -0.0624984264628614 -0.519102445910243 -0.489006258405008 -0.59201099883845 -0.581325864596355 -0.5880136134095 -0.518507672058657 -0.490111207065854 -0.470550831599224 -0.466888373343082 -0.440890730201967 -0.403739749131853 -0.359871826105005 -0.333537536831809 -0.28247322330477 -0.178763696953625 -0.176871930538788 -0.0914549366532054 -0.0228973768635671 0.195134667969522 0.338981996665947 0.208847731693182 0.180133199678881 0.231225328666875 0.391829868758957 0.376110150592382 0.522207785094785 0.689478332543934 0.795228854462595 0.927726022823505 0.937357829818797 0.965181166774347 1.03206508754728 1.04326589414736 1.07158701523155 1.10952313951114 1.15955392465366 1.24410888970767 1.19653209249607
0.181700203756975 0.216885238848107 0.219622606983048 0.199752190901446 0.177761665008145 0.153971156436142 0.0837880326281468 0.130611314249748 0.133689616368575 0.0806460174139527 0.0231629409996078 -0.0418385260603193 -0.0965172698177824 -0.0960649623766405 -0.0900447732150076 -0.165492007208434 -0.174279696540671 -0.60562976550848 -0.59613574200783 -0.579881745553846 -0.533912786482388 -0.533467625762343 -0.504782067641096 -0.483967875290683 -0.416567832675684 -0.363133287525028 -0.333716627150474 -0.28314959933454 -0.229765111945614 -0.16388016004364 -0.114714302321027 0.0746207657306978 0.32246263436404 0.237315039326341 0.192127216348698 0.224312514900509 0.298114497846224 0.384786854182942 0.341939753227314 0.498767611428455 0.758914451846711 0.844235114512951 0.867573103006716 0.956293401031747 0.957744007941573 0.975817906513069 1.01679931970158 1.07293502637314 1.10703178081159 1.15413174460666 1.1868886648124
0.226248477176997 0.257916764316516 0.214959938279617 0.268253350084209 0.225579466664063 0.226450601747045 0.151355991864378 0.164219013947952 0.199339027960859 0.121069404581205 0.0381264927751327 -0.00614473156734445 -0.0569206204468393 -0.0327488154662057 -0.0814813655073327 -0.162753020710796 -0.193870110954047 -0.195618352354104 -0.181528469428901 -0.602664766252186 -0.589753760384039 -0.591089186802003 -0.559924511572753 -0.522984593203453 -0.471097187524634 -0.416219822037226 -0.357431824550273 -0.339148174709014 -0.289790010744247 -0.227696896427315 -0.169398548143894 -0.061432331024952 0.293592205062963 0.159489070171338 0.167521612246653 0.192440179127541 0.218939112226127 0.24609978998432 0.317594842623185 0.481676202174853 0.737692129548968 0.824880717863362 0.834732212075414 0.915893883605192 0.899606516751589 0.93415201221121 0.985140233892082 0.988914591977642 1.05584299080623 1.07752679977751 1.74025269696101
0.272354702425656 0.283591509220917 0.285951583088598 0.297606475845284 0.274637487695656 0.279428458853661 0.23828966933026 0.177255939579515 0.259943700297773 0.187307641386195 0.0985873564603208 0.0315682202450747 -0.00860217143358961 -4.6200719765202e-05 -0.0471783903558462 -0.124013953326606 -0.239203204359769 -0.224310887500087 -0.218827891782609 -0.225456131621855 -0.21601897585794 -0.648255799081247 -0.609120566052903 -0.580208594363188 -0.544923831309449 -0.487317552858425 -0.41990598920841 -0.374649440752507 -0.352718964881766 -0.308285825559939 -0.272474035435104 -0.185039323546795 0.222777780333298 0.179736164779733 0.0828290518490104 0.186752645037199 0.133365240455505 0.192326742184291 0.250352757986932 0.354700264442662 0.635437945960095 0.754895083892459 0.766681726343932 0.816775308495165 0.855780522453204 0.877531282135113 0.927841177300453 0.921750321945509 1.55658151937488 1.53829793130213 1.36462518726897
0.305517284389068 0.360812230537291 0.371431159545653 0.35703596559701 0.364501239935852 0.325454126950937 0.32609010307286 0.274792913165323 0.283357270789444 0.257906661470443 0.179459345921927 0.0941615839204385 0.0506044635958853 -0.0212535600375555 -0.0737978025661492 -0.156463274870829 -0.217313719199834 -0.242778427108429 -0.267917006337955 -0.277631668586184 -0.686319923615736 -0.257011101998029 -0.651435551467219 -0.610740098524974 -0.575822701646146 -0.531688685834693 -0.468193086666584 -0.432393312313142 -0.387161519634857 -0.375955281133475 -0.323282665158262 -0.233218390129872 0.047775587535791 0.207468239841937 0.145164818585047 0.0910102657095595 0.103225009034885 0.14610739469148 0.214324448199704 0.270550849264874 0.425661345328791 0.673465377102386 0.736420347435978 0.776155474979509 0.798863299964756 0.79211548538072 0.827116312960584 1.36645073559459 1.27992356870229 1.17038225461827 1.15105168370196
0.423069883168713 0.436425496161399 0.419861971660524 0.411485520760911 0.43175696276732 0.431591049955615 0.381599050652034 0.396804583420057 0.37419430391932 0.341987697456215 0.297120892782445 0.178760125596633 0.0659516089381968 -0.00153913083822425 -0.0917928226013507 -0.172333518367029 -0.243318135431787 -0.298286746917508 -0.306952727472704 -0.30972331012547 -0.310263643918921 -0.305969705260139 -0.674371040797911 -0.642007657461426 -0.629499355995168 -0.593513471316468 -0.542421612738202 -0.483244654549879 -0.458733281922161 -0.428039908362468 -0.311377518652583 -0.277214273512974 -0.269093719839064 -0.0890156429533296 0.197493473914766 0.0852054368329822 0.518009540968124 0.0832783580687525 0.224245361895416 0.165789713688446 0.125439105473796 0.379698547412402 0.620335404161052 0.63889174000509 0.691966063926755 1.21621191574345 1.24743749481636 1.23646618427334 1.07257875689902 0.97958780740266 0.896756519934567
0.525737478174519 0.556799546168202 0.534903863365309 0.558256773610254 0.585198978181282 0.589357319489953 0.553251986191581 0.534884077369864 0.526235685049881 0.458961797949428 0.372608057778125 0.280477745420566 0.145294624105652 0.0332468012656158 -0.080034102375941 -0.196937075817288 -0.258027219117895 -0.31701390159569 -0.360826579126008 -0.364914364088095 -0.386599100479518 -0.366997085032657 -0.336945750333625 -0.299906126831416 -0.281782179197825 -0.657055616326086 -0.604614485503295 -0.548087994736066 -0.495156677959558 -0.465673114071406 -0.378425856346941 -0.345185091347331 -0.328554230846557 -0.298979681482165 -0.232342324488542 -0.0508779149494246 0.0675988509383936 0.461857845993691 0.0598658093844413 0.11246430514965 0.0571528046461508 0.223871036975675 0.410210509313733 0.483366968687577 1.06713137016137 1.07301631938534 1.10735092078874 1.10538212967002 1.00520899926416 0.834104348153831 0.760687764884832
0.654992260450858 0.729384659484717 0.76409194646895 0.763163607284977 0.791388524130797 0.768572092645412 0.745706718339931 0.681416298971882 0.717818091505194 0.660570918923136 0.540539954736332 0.395161162867685 0.260935543766192 0.122506240826391 -0.0458389967451017 -0.198203945457649 -0.303682021092673 -0.36826627781478 -0.432177286684339 -0.416075332319912 -0.45487307205142 -0.464920662312816 -0.430255404772945 -0.371045189668715 -0.330127714813332 -0.279724271139688 -0.66466675724246 -0.597807511403983 -0.543705261817039 -0.506659062424838 -0.446218794842217 -0.421772295459989 -0.364002066932982 -0.323608196474165 -0.267774250812317 -0.127365219130396 -0.0582893155307319 0.380209362890738 0.478991605423114 0.0660890109400098 0.194431311942969 0.183423091291521 0.686055242219474 0.836361012888064 0.920591316101001 0.948666987568622 0.922923457917078 0.993047214446202 0.899831718049002 0.781951677271627 0.63424022070687
0.852774202188083 0.937404446563701 1.02156367522548 1.01164748974428 1.04314042631246 1.07193692740012 1.01835496970661 0.877574222593047 0.931734796756866 0.814265699483927 0.704332792181829 0.546773199601896 0.340060996545595 0.176904825044286 0.0259716216193462 -0.160729822049423 -0.311654085008648 -0.420512171931432 -0.484278160937394 -0.499167425384434 -0.52357051436661 -0.52865864271453 -0.488890311410278 -0.435075991301951 -0.388992971243523 -0.338130467341691 -0.306460710633044 -0.254087684859043 -0.579265445098306 -0.56198754155936 -0.50845707861609 -0.418791103830649 -0.408546571732068 -0.334020775775366 -0.253177151723847 -0.150212084989939 0.315131464289482 0.358260171436994 0.447948643976499 0.461185880322229 0.047720035087356 0.082185234824945 0.605471266876562 0.769556746202292 0.779439215712589 0.796873314710821 0.734667725609387 0.736134838768003 0.668813311890623 0.650859744682186 0.57343411209151
1.08424874845174 1.17153317319248 1.27337484090849 1.30546465988376 1.32204037430986 1.37588316422018 1.25769631445867 1.1519907156632 1.05627306215712 0.964966106407514 0.856143541005783 0.696898835791862 0.474738040500813 0.257507934582312 0.0812094953098908 -0.119297505171811 -0.327672571874092 -0.532590759125078 -0.617011499535726 -0.652053543828995 -0.617325970093788 -0.545491557135922 -0.519678399512951 -0.501782074211162 -0.442923168298532 -0.397146595972454 -0.350047277061484 -0.303891013321754 -0.247077787649141 -0.195514917036544 -0.157011036375073 -0.48861129530792 -0.426669472435855 -0.388410329304117 -0.347289401078346 -0.289375935971441 -0.217533481421332 0.299508125376281 0.394756755382542 0.453049335031283 0.482115369367666 0.530504254049661 0.619689874754261 0.672360374135787 0.641105909475193 0.602821816145615 0.66102449874517 0.64235007159988 0.562085858904618 0.531557246344271 0.513841983535622
1.31637511262832 1.4225818544941 1.6077879891202 1.58547139531969 1.64538664656271 1.61055436821164 1.53426763703254 1.44296748817107 1.2847876208234 1.18981754684455 0.992622638933428 0.82802904872272 0.598125797567168 0.364565155065473 0.112489045656834 -0.113563724108757 -0.391632691129244 -0.551753174129568 -0.667277014912078 -0.722919325715253 -0.690235048812528 -0.630781354064826 -0.533721957220826 -0.51271181112689 -0.489275321426355 -0.411997304285527 -0.370383304459566 -0.34765156922056 -0.307505665486956 -0.255904202398344 -0.222451631090204 -0.158608453706862 -0.517124583010103 -0.425191081893237 -0.373585061776179 0.0574406137802029 0.163907813787821 0.224998343665558 0.324512678696092 0.378768555554407 -0.00200759818679856 0.483470933341813 0.538968189879579 0.570474628742514 0.553890641273577 0.517640272268453 0.53395035388385 0.56509979320519 0.509069758155744 0.476590193761588 0.437414129089617
1.5806651148584 1.69957834302254 1.8754909240385 1.9195206854841 1.92985098862664 1.92443215992094 1.8917966792755 1.73662025799595 1.53945800332679 1.40663957013268 1.20474890805409 0.950872056311915 0.679980971146244 0.436850547490983 0.179325234957917 -0.117719770556085 -0.347512737158901 -0.558218200964915 -0.695436148492921 -0.755785664726453 -0.706046828189815 -0.629540437261427 -0.586895749914794 -0.534074566135884 -0.512706458777276 -0.467289401392293 -0.392575939065394 -0.357402329173488 -0.317540298023466 -0.356069278089759 -0.305823113813307 -0.226594814444696 -0.148516088098191 -0.0448328751972644 0.0265401551207881 0.0901930953054677 0.0734200900068206 0.197079290368762 0.258030665259547 0.336918878304706 0.519567742226869 0.445174718327048 0.445222134584401 0.482720982774293 0.476685622944826 0.470819091134728 0.464288716082312 0.46730145291155 0.484010636276093 0.451870166217015 0.361505591453724
1.82627071608869 1.97502110050314 2.140105191101 2.21657485168747 2.28949744439749 2.25564947841215 2.255489526173 2.14209873451382 1.85529529637866 1.65991276764278 1.40037249106135 1.12103916553178 0.819823287850964 0.4920612165272 0.237319153514772 -0.0520373683603487 -0.316181731513201 -0.495116562562773 -0.607232496252585 -0.667670690925448 -0.683939270974541 -0.629951438449327 -0.610958823577352 -0.532103442124645 -0.502946327952179 -0.516511460117807 -0.483539215308745 -0.392581660413791 -0.331888226381611 -0.370873323089185 -0.354021644984638 -0.244045181862378 -0.20454625284374 -0.103015244692573 0.000983568875412094 0.0512219382737914 0.123053548213978 0.153268076508216 0.241522964132239 0.298542830566928 0.508169681690436 0.489449239183827 0.381190017230051 0.406969775075585 0.415696804721645 0.395581032070501 0.368661234122496 0.352616200484367 0.419747860362156 0.382436296882665 0.321542527073605
2.10622436634416 2.28707615332153 2.3875798824618 2.50323760275655 2.58396101636607 2.59950253174484 2.5912893290149 2.46960785971375 2.22174431710934 1.98453401994812 1.61973766135903 1.28275366064627 0.975112819007349 0.666189747427167 0.299928558722688 -0.0320307456186622 -0.258210498419693 -0.452058244933191 -0.561789714574073 -0.615155142122068 -0.573049041833545 -0.554609429075197 -0.566797981509976 -0.536873904600557 -0.491197523736765 -0.529347968783189 -0.542540233892216 -0.505481131991212 -0.406466274055909 -0.375448146919776 -0.297037386867482 -0.289693914414648 -0.254729878816978 -0.177238146255252 -0.0674301767838777 0.0159329580575421 0.147501147232964 0.160748285062551 0.226411706163179 0.2926256534858 0.415895306166844 0.320522406086533 0.288191303021276 0.335610638705531 0.335397080987742 0.348639143743686 0.329736217236611 0.309390801807174 0.2835973521574 0.315023343566 0.260130898596368
2.34357021497907 2.56565712346501 2.69441506327274 2.86841235664537 2.91331151626341 2.91909967063394 2.8638438347431 2.75707493807334 2.55380059771707 2.23472685955113 1.8608289418266 1.47923543746003 1.14513373552389 0.765543504710017 0.414471299920909 0.0685285418228043 -0.226102854032021 -0.406162923395635 -0.549636791581322 -0.587058332052052 -0.556613851491766 -0.490243723969611 -0.538129719801533 -0.53740316680385 -0.526704890417984 -0.569694484252595 -0.58295107940366 -0.538402719332697 -0.45168976964858 -0.427451815455522 -0.352317113263665 -0.292608693976157 -0.255895111609937 -0.176367278029752 -0.0937802858213793 -0.00170427286200073 0.142541781106447 0.150121062339385 0.205123818846289 0.182666979462613 0.162503817575569 0.176864662041833 0.205097529218691 0.235477289269069 0.266462012747405 0.245618270988686 0.225619440384541 0.237072059983027 0.254387900482058 0.226842082717572 0.148530799597282
2.53339357578783 2.85769991386753 3.07127309430018 3.21074125062915 3.24402439483056 3.19079262013298 3.15752039607254 3.05468519134431 2.84359976192608 2.49131004989843 2.08612206573789 1.60921457329921 1.17236413969044 0.75788533196317 0.497663329829618 0.189385759262902 -0.161059992936694 -0.397659565904467 -0.486160297594699 -0.629476522093486 -0.66914517402638 -0.644601164838389 -0.670369561664029 -0.644216120107754 -0.561424141886398 -0.589871311637994 -0.615191880935333 -0.576027869607824 -0.511503011320862 -0.441600092323472 -0.393266625599033 -0.32128432505715 -0.282408784712301 -0.208433135313482 -0.140180570752665 -0.112226917697699 -0.0591319135595812 0.0163303478589026 0.0379322049995691 0.0888596611450317 0.114593604484011 0.0890288825718072 0.0978638341610946 0.0834691710047554 0.0938349256153461 0.0765243934011203 0.0528937439333277 0.126450200729683 0.154797148760803 0.168077754577892 0.104327652598141
2.28814060202824 2.9192935706334 3.35807128922895 3.58826922094191 3.6053846758526 3.37570992292412 3.27072416507709 3.36052022099702 3.21842045965704 2.70424060266823 2.13785932197829 1.59967593238818 1.16534351176974 0.75997658039542 0.417044581695878 0.168177171445584 -0.0983220016059466 -0.378353261208424 -0.548548810417897 -0.624135801155905 -0.67380232740847 -0.738779366497808 -0.78100056950991 -0.747965130403041 -0.673697795305107 -0.668083056729272 -0.677200127158775 -0.625893306005443 -0.569907696726854 -0.49663443608414 -0.387603784067501 -0.292896015430109 -0.245714775607468 -0.189569527754081 -0.199862034421847 -0.116096444636339 -0.0412054078035718 0.0232295882315143 0.064154141447204 0.0779128977491177 0.0664711924953755 0.0496776248640706 0.0401972595495215 0.0315278105169486 0.0127129089669693 -0.0039831485059529 -0.0476665079212296 0.0240674822904934 0.0723491678656343 0.0440512165663156 0.0393003515753681
1.94896084505603 2.58374962211878 3.3877854924965 3.91721319263495 4.08656790234194 3.52425701607755 3.2711900139788 3.42251607526941 3.30942497248303 2.73079993351239 2.11080777085309 1.56439097394907 1.10380400824408 0.738501790599824 0.391344094547068 0.111672830604732 -0.117149061998406 -0.324346978331811 -0.566191230447811 -0.708933118011451 -0.742024254393615 -0.786137875730987 -0.898325314852316 -0.879709487667321 -0.85538541101332 -0.803675173227006 -0.774038023534603 -0.672131682035554 -0.631965249961148 -0.543803530052253 -0.441685966753545 -0.39739179733949 -0.288782639766028 -0.180352139786704 -0.129705816170471 -0.0804939105702405 -0.0154873135137295 0.0537880275720445 0.0811610204123806 0.0644252689089807 0.047635791567982 0.0117338096071852 0.00793121864178334 -0.0197417191186537 -0.0353243109129529 -0.0788560740373451 -0.066452143077295 0.0241585156155871 0.0263037872058043 -0.0373859956850884 -0.0988447877243403
1.91305148551859 2.26860306579044 2.99673067557733 3.60289275117074 4.06852683585421 3.57789810858665 3.23034665028029 3.15571406358757 2.90673073939939 2.50585294883034 1.95881878124453 1.45790168043387 1.01861462361853 0.698890683386968 0.360042979835586 0.0518804418595858 -0.178796583362039 -0.393571788779607 -0.600281100831983 -0.772059703859673 -0.867650431743224 -0.872627818323279 -0.89861044497039 -0.916176687884808 -0.931948687734103 -0.844704079033445 -0.812023133107754 -0.795735732308381 -0.72609050613937 -0.654995935819933 -0.587900368465128 -0.513440914637449 -0.383497302783817 -0.237651668791651 -0.127249032088551 -0.0389374619822773 0.0337818743366254 0.0672661108903965 0.0846932062396105 0.075513932700931 0.0529136535672318 0.00775562172459503 -0.0139810639822988 -0.0416364310472705 -0.0607117432723874 -0.0973776649995016 -0.194973428935138 -0.0533330101385083 -0.047352448533158 -0.0767203290010891 -0.163838423867073
2.12670406737404 1.83374782409275 2.63006238982005 3.06172390863745 3.42139151382432 3.21233309216834 2.97751417135515 2.83032377466659 2.51502497811726 2.1602808779605 1.72039170093148 1.31396654634699 0.906049694486064 0.589919055321709 0.321997162572496 0.010152392013335 -0.226874378588563 -0.436985816996143 -0.668784298664065 -0.888202935086512 -0.961142411717683 -0.957516831221959 -0.926720681473002 -0.911530378372963 -0.899495058932668 -0.927122866081349 -0.893132724308917 -0.833344141987655 -0.757564767194349 -0.723733351323238 -0.644932235483089 -0.552965975984306 -0.422368401105342 -0.283770002610426 -0.181976319457884 -0.044572571046311 0.105160213788027 0.155693163793301 0.150847214933025 0.0892571088892587 0.0298356666806109 -0.0104293095186589 -0.0609858367448841 -0.103210935706771 -0.151002237534613 -0.188878263904534 -0.339616483912268 -0.196168996095728 -0.143210022997466 -0.12908308871502 -0.181511636625816
