data/pcas/pcas_can_126/pca_referenceLayers_can_126/PC05.asc
NCOLS 494 
NROWS 529 
XLLCORNER -117.166666666667 
YLLCORNER -55.5 
CELLSIZE 0.166666666666667 
NODATA_value -3.4e+38 
[rows 0 to 22 of 529, columns 153 to 203 of 494]
1.07575272456808 1.07041384349865 1.0747302107349 1.09512307685249 1.06497938350378 1.0502861070465 1.05158593310448 1.06397365583791 1.08271263449628 1.1074832760394 1.10379634339978 1.10044688569866 1.07706900273238 1.17194686959372 1.11492675074244 1.12188269742358 1.12556897941283 1.13315897293023 1.13478323316824 1.11061656695176 1.12584527291564 1.11336466423745 1.1000572752554 1.21023746672743 1.2283355805967 1.2064350673476 1.18142753806902 1.13839599762775 1.11294673486901 1.10693091254104 1.00731294529612 0.997569044328677 1.0000673177132 1.00585706075791 1.02423924886347 1.02830881209554 1.01436255823532 0.983551847240867 0.952194317073973 0.916619895299623 1.01542643662426 0.996634992593731 0.994533709243196 0.959211037930784 0.465616434808884 0.488949534967893 0.948619643881346 0.933847843851663 0.896048481979937 0.899651328171885 0.915626053494685
1.0152718226585 1.02201393056192 1.05681206845645 1.07050733214079 1.0422028949408 1.01824394892283 1.01020817778879 1.01851066379534 1.0057139396091 1.00081341490811 1.03244348040055 1.04389995776028 1.07079065067689 1.07686894692636 1.08144235087797 1.11022721878484 1.10832374317691 1.11828679787487 1.108966207203 1.09651126505715 1.08789197461251 1.08628834612166 1.07723111904453 1.21371416902372 1.23013857984871 1.21250537903936 1.17910120851361 1.13507373264281 1.09864661925474 1.06844494713504 1.06058839301454 0.953788490901175 0.943862851763435 0.964624839127998 0.973604713147683 0.952535020837056 0.929847860669576 0.91072830235207 1.00490599527125 0.991842481405198 0.978151401400123 0.967892399134645 0.957256171260971 0.479538766482687 0.459244303237914 0.47088740911902 0.473764481955217 0.901552208318404 0.877394185684785 0.878929131780809 0.415192893607231
0.980813842291465 0.95286303796855 0.99528121029564 1.00163223234528 0.999234351789598 0.979687153676649 0.978381273990049 0.951063654902148 0.959540367270531 0.934902229868793 0.939488238515038 1.04595084505762 1.00821021477266 1.02414112654205 1.06388111771317 1.08584275707805 1.09906656006021 1.10202109492364 1.10495465550922 1.18761274488512 1.19543251236575 1.17201914410077 1.1605148384882 1.1963922962905 1.19440440790658 1.17153406287042 1.14351776028194 1.09836511593897 1.06791569639852 1.05619068048581 1.0637383230257 1.05173899505758 1.01563789314338 0.995203839370981 0.990173316036125 0.985522942309149 0.966319808395027 0.959037700712084 0.96047982629076 0.94322474908993 0.931262264432805 0.479392026266455 0.486172984994612 0.462756320225217 0.451794577020519 0.459185348909757 0.46163370554379 0.437931542636453 0.420512085897608 0.401773315792104 0.368056919016903
0.924673174727593 0.921495122656741 0.968704264871962 0.959607577178472 0.953618441421765 0.934273379496715 0.926517773920565 0.900047370801085 0.883055136219865 0.890640418608005 0.894399446376446 1.0048586916239 0.981331802042133 0.998652729125201 1.01586740519248 1.02236056266254 1.06112868617199 1.11120092091866 1.19539826519739 1.15642758205921 1.1471102341244 1.14703466697563 1.15098140447232 1.14312654861115 1.16811307643939 1.12974432077277 1.09371926661184 1.05781378750977 1.04244730963806 1.02017192460492 1.02457086102512 0.999995074400675 0.959149987077353 0.918613373792056 0.911317457214323 0.894117783751312 0.905984461175456 0.913539847332891 0.919704293408519 0.922447604802415 0.46741960551171 0.482151040598998 0.484996306975899 0.473831416287101 0.464451800174343 0.440506061709061 0.433004621577972 0.408461348357217 0.381514703891736 0.358574501228747 0.301602728857218
0.873750831216209 0.901053252484782 0.897715536565662 0.8960299600648 0.914467573270806 0.906890966821952 0.889224686094858 0.837809967388507 0.863429134607005 0.870055353509028 0.867412751143324 0.967937727813347 0.984083676511736 0.963174131915882 0.961534874006952 0.942365752500666 1.08641654562035 1.13960593696903 1.14021010683953 1.13503626922176 1.1277647015942 1.10727031573997 1.10615254266586 1.10367893007146 1.0921687734599 1.09344754515239 1.04852056119727 1.01880200225799 0.990952607117385 0.975856020572859 0.962445825200453 0.949438676867054 0.912978868458894 0.871429248954689 0.852815886315282 0.84952296659831 0.852329519926907 0.853234672425758 0.859649644897714 0.862942487850106 0.446576141196447 0.458028849996766 0.464170645262555 0.46385720878561 0.450922437552928 0.430750057385428 0.386418731686694 0.373588790511137 0.339339415837983 0.278477274910864 0.259521419580734
0.829147072422706 0.826575411904792 0.830797086384101 0.861320798278922 0.854937046512036 0.858639439863639 0.819412273181049 0.836090614248745 0.854559358688923 0.837025531408328 0.839863826005136 0.817843686760411 0.897993220698835 0.877887562055919 0.961564822953001 0.951263880847705 0.997165807609627 1.03581379076899 1.03533648164551 1.05250733091845 1.05831330993515 1.06427709950867 1.08037137188812 1.0693991275591 1.04107955841514 1.01169810337202 0.990045042795673 0.947507850802731 0.942867032280217 0.917749934328874 0.90946213886905 0.898343427403003 0.870617001216244 0.822723389654905 0.796700108878805 0.811226711419261 0.805001691019184 0.387274276613308 0.391883052449959 0.384774149718362 0.42033808052716 0.433565024973415 0.449625863603523 0.436458513473572 0.419074278929846 0.397888804773941 0.354175478533009 0.310513946693031 0.245623012982531 0.200546218890385 0.182064627090037
0.752805202040062 0.76045593022475 0.780672355604436 0.802396798345399 0.816459872159813 0.776371721336835 0.796479849477613 0.823073585893836 0.82134137000057 0.820267576286355 0.792287398803983 0.752304589600328 0.72909267949557 0.683809494004726 0.885341050720684 0.903362179629895 0.927494888359874 0.942016376120251 0.970070915707397 0.986261076175529 0.994097752525365 0.987017425387969 0.985579804068489 0.993037136502776 0.973835876056761 0.93345864136496 0.896733963568512 0.900707394924857 0.900080755582164 0.426745416328305 0.839266883882179 0.815755452647493 0.781650141176773 0.74685252727303 0.718438186668993 0.305798622134182 0.31289318439369 0.339417905158538 0.373486851713118 0.382131793560875 0.419257415781844 0.411808633802367 0.406886587096828 0.38833531655754 0.382891170821667 0.335674467519846 0.285337156383903 0.232004648185191 0.191504000136188 0.145403417754179 0.141614750834948
0.949202685394682 0.675645084816123 0.724492768414101 0.739717124414046 0.917816337242047 0.921349790013577 0.738717167483764 0.743680571057612 0.74708055251556 0.733311742182502 0.714274231072833 0.690707885044364 0.652372123996634 0.837000649057353 0.846494272740128 0.878541957412087 0.900526742958649 0.475526387539765 0.475096895632522 0.47475853253662 0.889616801240027 0.89313587033505 0.859432354864773 0.849562787891951 0.420269141331028 0.421674761906839 0.428942426459162 0.418625713505205 0.418843179996307 0.396742581426421 0.36379608521546 0.323018051029501 0.292679272133728 0.18400158934407 0.176753337596261 0.21821821472777 0.276165475366834 0.317988118210358 0.367516479550465 0.381300167127658 0.836854446861685 0.372826094284784 0.362045049534344 0.353273452242368 0.34754934957313 0.326540027844714 0.244827721919921 0.211592967165645 0.152901121771858 0.124528907221374 0.132331050180868
0.883072284030687 0.850799515051453 0.812184180307916 0.826786144681697 0.857954069414487 0.860703534508126 0.645866436368279 0.647309967111216 0.650209077177464 0.649322678581402 0.841674979502048 0.821279353441772 0.781453129056917 0.778747928443262 0.788596458942769 0.814256412726783 0.464014572033026 0.463877934124408 0.392727449455337 0.383435045216873 0.397703861660549 0.392893722848842 0.319193170601903 0.328525051835376 0.294467039687347 0.296035334095826 0.305765509773223 0.299705996385146 0.303733094237554 0.286186687571195 0.273039041243423 0.248946957025658 0.192949104391116 0.167742184512296 0.175586258964804 0.221856473313898 0.219936558105947 0.258501784883582 0.307628198695599 0.309949984622192 0.326275497103354 0.316663126682766 0.318266521993306 0.310618132654732 0.316925945123482 0.291364355584228 0.26077988041563 0.179895030038969 0.130594411707094 0.109009787566575 0.11192149706557
0.735272725359187 0.741279396286637 0.736446642776089 0.758692577536872 0.83136343862328 0.8277785863772 0.56880992091196 0.577605604483026 0.682960759373485 0.848746133369167 0.776990956740777 0.743501112167175 0.715245665387735 0.712143908108272 0.316229321582082 0.310062380808567 0.336426857789283 0.369641124280236 0.347985439212022 0.331066047859609 0.299262472177607 0.274189229487469 0.20880961518932 0.23620785740559 0.227033351714266 0.220236365474644 0.212571985396574 0.207209462027964 0.212223295108258 0.205498775698998 0.19515689386459 0.186648235216985 0.157936088103541 0.151936277443362 0.181791974898349 0.195375089529501 0.194315755319376 0.186551200775211 0.204134718907688 0.21335317600375 0.224556882064111 0.221537145813519 0.219234988321511 0.225791389183417 0.212292251176126 0.210101811118095 0.191070745878342 0.160027547382229 0.11807260606115 0.102071025450048 0.105783880661966
0.652763993263343 0.655366073916707 0.696616773524235 0.723085398000862 0.760763086060128 0.301245388437858 0.311790296978035 0.524281764136197 0.310998747271678 0.324884969821789 0.310236283844363 0.256747335665034 0.242088337202965 0.248510502403243 0.235987773847192 0.244397855962745 0.264485671675297 0.27316882752322 0.279114802456853 0.242623231060778 0.221346771442357 0.184955514496582 0.13254094768666 0.157328591603051 0.141820163590949 0.139241487887512 0.117595006805852 0.128160310212101 0.133210143420462 0.126319891871335 0.124677101309224 0.131047316685274 0.121783717947208 0.121799189063605 0.137152652081291 0.162743437499432 0.15227116434074 0.167338232796873 0.162895933099571 0.181667982368963 0.157404254635057 0.161394272967351 0.149616971332057 0.158021308946192 0.156305194705538 0.16676332941426 0.164272680210177 0.137914879390207 0.107958569293774 0.0728730554367376 0.0724822236363114
0.0931115929456475 0.119257200877903 0.16383176439152 0.184931425203893 0.206234931908521 0.227581638197727 0.242089252012869 0.230990192972098 0.247573825375955 0.24886108526115 0.244991949632065 0.217604501184042 0.178489141785194 0.182152685204384 0.184287663290312 0.205000426909884 0.185103662050568 0.15794134342037 0.150034241935951 0.130914439263486 0.116852513804364 0.0916178805687037 0.0607583763700368 0.083522787365806 0.0594156182819971 0.0453077803196103 0.0224018485910735 0.0445456583535714 0.0437801500199319 0.042146289365869 0.0464173451514755 0.0890327323294262 0.094353398866693 0.0796208340084464 0.0839827937665585 0.107524733379539 0.131514802654421 0.143589827047112 0.140200661855853 0.133780045525762 0.0729240257305138 0.0849679992062042 0.108123776577258 0.111992069396953 0.111962049203711 0.112139254368407 0.106333651356148 0.0901104257974168 0.0805564293679135 0.0482668154756303 0.0324706254919968
0.0222362734615946 0.0337063312142901 0.0324990761116804 0.0592501385388664 0.106689344608788 0.146219966831056 0.170000074479713 0.153742288137766 0.131567687188536 0.140390053758669 0.147196477159758 0.159848936736007 0.170477811379599 0.160412326243997 0.140385551783024 0.115412014817468 0.0748762445833861 0.0547612657088273 0.00788687899130673 0.0265094000651978 0.0168824286206577 -3.4e+38 -3.4e+38 0.00444559628876368 -0.0233677074823801 -0.053456720582489 -0.0832344992119863 -0.0686995080779648 -0.0463953828842945 -0.0257991812297751 -0.00941323214855495 0.0103857594678736 0.0229437791549468 0.0462751884708754 0.0402883942456821 0.0724162522719138 0.110292368128678 0.129821977379637 0.116565081826296 0.117157026388763 0.0904828775866223 0.0873926648228008 0.0713365023850563 0.0627177305160751 0.0594475154821216 0.0776465135516336 0.0590902846567627 0.057842876012305 0.0422268054287388 0.0249211386782968 0.0145051193312198
-0.104235899232639 -0.0570191133815719 -0.027203056129544 0.00203531096666257 0.0474620665853475 0.0996712702035081 0.117343913041347 0.0683296793556411 0.0593458638938574 0.0639942406905159 0.097098346218918 0.101031676534085 0.119902115324107 0.107606126449905 0.0553632731677363 -3.4e+38 -3.4e+38 -0.07981886694683 -0.114433250397686 -3.4e+38 -0.108006300024627 -3.4e+38 -3.4e+38 -0.10621309936677 -0.130861605694499 -0.168557115126055 -3.4e+38 -3.4e+38 -3.4e+38 -3.4e+38 -3.4e+38 -3.4e+38 -3.4e+38 -0.0561615717089787 -0.0174419192415895 0.0370052916186551 0.0764236116615873 0.0855178466607115 0.0885190852307762 0.0775981532188058 0.0787721666132128 0.0650656475634834 0.0182334166065327 0.0387644309119723 0.0499512280559119 0.0498079153551375 0.040695449379817 0.0229419322969805 0.0105006188485557 -0.0056923224151303 0.00704484496514639
-0.163389686848466 -0.160186451767136 -0.0924001859162308 -0.0673104460329508 -0.0145654269819603 -0.00414831025963569 -0.0256855776343568 -0.051200555825865 -0.109147659083654 -0.0955269195781363 -0.0068227248183378 0.00361057947912304 0.0250006911516316 -3.4e+38 -3.4e+38 -3.4e+38 -3.4e+38 -3.4e+38 -3.4e+38 -3.4e+38 -3.4e+38 -3.4e+38 -3.4e+38 -3.4e+38 -3.4e+38 -3.4e+38 -3.4e+38 -3.4e+38 -3.4e+38 -3.4e+38 -3.4e+38 -3.4e+38 -3.4e+38 -3.4e+38 -3.4e+38 -0.0656261162383777 -0.0296328909689313 0.00457475223680033 0.0270664913489835 0.0236536755734037 0.0254433759716148 0.00576041748597243 0.00172839297417155 0.00881169624892417 0.01276452363993 0.0107697001118926 -0.00345049841619954 0.0043682702226505 0.00899127535399254 -0.00176099980090176 0.00592754490454216
-0.234437307600144 -0.218129920726014 -0.195745701568773 -0.11808943653715 -0.0871113901626695 -0.0742027167867129 -0.065045848365695 -0.0997670442686069 -0.143464441770329 -0.138035647778696 -0.0913536679130149 -3.4e+38 -3.4e+38 -3.4e+38 -3.4e+38 -3.4e+38 -3.4e+38 -3.4e+38 -3.4e+38 -3.4e+38 -3.4e+38 -3.4e+38 -3.4e+38 -3.4e+38 -3.4e+38 -3.4e+38 -3.4e+38 -3.4e+38 -3.4e+38 -3.4e+38 -3.4e+38 -3.4e+38 -3.4e+38 -3.4e+38 -3.4e+38 -3.4e+38 -3.4e+38 -0.0870574350392265 -0.0405886889497097 -0.058563500588706 -0.0345948509150047 -0.0444634366809563 -0.0697425990217918 -0.0743697738843921 -3.4e+38 -3.4e+38 -3.4e+38 -0.0192539365707767 0.0184366324406782 0.0040359488650853 -0.00393321873246297
-0.252994473688093 -0.256772684230913 -0.252438078401611 -0.188610101536847 -0.166782932628414 -0.14277483946724 -0.163810608797897 -0.129255319466292 -0.148172553761734 -0.108974105215701 -0.111771615467137 -3.4e+38 -3.4e+38 -0.197799264797157 -3.4e+38 -3.4e+38 -3.4e+38 -3.4e+38 -3.4e+38 -3.4e+38 -3.4e+38 -3.4e+38 -3.4e+38 -3.4e+38 -3.4e+38 -3.4e+38 -3.4e+38 -3.4e+38 -3.4e+38 -3.4e+38 -3.4e+38 -3.4e+38 -3.4e+38 -3.4e+38 -3.4e+38 -3.4e+38 -3.4e+38 -3.4e+38 -0.135541525412354 -0.14442025548382 -0.11553075960781 -0.115423140849658 -3.4e+38 -3.4e+38 -3.4e+38 -3.4e+38 -3.4e+38 -3.4e+38 -0.0343581762831875 -0.0294726233397907 -0.029805358284404
-3.4e+38 -0.258767177805857 -0.242209089393819 -0.244372660190066 -0.201072860982016 -0.152611955238989 -0.157542983102644 -0.139858561694499 -0.22647333619981 -0.193883478196992 -0.201893111686049 -0.212587094104734 -0.207121797065947 -3.4e+38 -3.4e+38 -3.4e+38 -3.4e+38 -3.4e+38 -3.4e+38 -3.4e+38 -3.4e+38 -3.4e+38 -3.4e+38 -3.4e+38 -3.4e+38 -3.4e+38 -3.4e+38 -3.4e+38 -3.4e+38 -3.4e+38 -3.4e+38 -3.4e+38 -3.4e+38 -3.4e+38 -3.4e+38 -3.4e+38 -3.4e+38 -3.4e+38 -0.266870494601523 -3.4e+38 -3.4e+38 -3.4e+38 -3.4e+38 -3.4e+38 -3.4e+38 -3.4e+38 -3.4e+38 -3.4e+38 -3.4e+38 -0.0538852841306161 -0.0237272994101332
-3.4e+38 -0.288741194158818 -0.2667930826717 -0.281095395917602 -0.277020597748926 -0.213446967975513 -0.217883664617054 -0.213547923708685 -0.240526038875103 -0.291504485890545 -0.257098556847068 -0.26599748454394 -3.4e+38 -3.4e+38 -3.4e+38 -3.4e+38 -3.4e+38 -3.4e+38 -3.4e+38 -3.4e+38 -3.4e+38 -3.4e+38 -3.4e+38 -3.4e+38 -3.4e+38 -3.4e+38 -3.4e+38 -3.4e+38 -3.4e+38 -3.4e+38 -3.4e+38 -3.4e+38 -3.4e+38 -3.4e+38 -3.4e+38 -3.4e+38 -3.4e+38 -3.4e+38 -3.4e+38 -3.4e+38 -3.4e+38 -3.4e+38 -3.4e+38 -3.4e+38 -3.4e+38 -3.4e+38 -3.4e+38 -3.4e+38 -3.4e+38 -3.4e+38 -0.0917863294801234
-3.4e+38 -3.4e+38 -3.4e+38 -0.345563149803987 -0.35228905588058 -0.345600983459799 -0.383042273616069 -0.360150448357539 -0.340631489077088 -0.379282937871381 -3.4e+38 -0.349796375141273 -3.4e+38 -3.4e+38 -3.4e+38 -3.4e+38 -3.4e+38 -3.4e+38 -3.4e+38 -3.4e+38 -3.4e+38 -3.4e+38 -3.4e+38 -3.4e+38 -3.4e+38 -3.4e+38 -3.4e+38 -3.4e+38 -3.4e+38 -3.4e+38 -3.4e+38 -3.4e+38 -3.4e+38 -3.4e+38 -3.4e+38 -3.4e+38 -3.4e+38 -3.4e+38 -3.4e+38 -3.4e+38 -3.4e+38 -3.4e+38 -3.4e+38 -3.4e+38 -3.4e+38 -3.4e+38 -3.4e+38 -3.4e+38 -3.4e+38 -3.4e+38 -3.4e+38
-3.4e+38 -3.4e+38 -3.4e+38 -3.4e+38 -0.482004210358348 -0.476405845602794 -3.4e+38 -3.4e+38 -3.4e+38 -0.476120914974201 -3.4e+38 -3.4e+38 -3.4e+38 -0.262247660770686 -0.254938058279968 -3.4e+38 -3.4e+38 -3.4e+38 -3.4e+38 -3.4e+38 -3.4e+38 -3.4e+38 -3.4e+38 -3.4e+38 -3.4e+38 -3.4e+38 -3.4e+38 -3.4e+38 -3.4e+38 -3.4e+38 -3.4e+38 -3.4e+38 -3.4e+38 -3.4e+38 -3.4e+38 -3.4e+38 -3.4e+38 -3.4e+38 -3.4e+38 -3.4e+38 -3.4e+38 -3.4e+38 -3.4e+38 -3.4e+38 -3.4e+38 -3.4e+38 -3.4e+38 -3.4e+38 -3.4e+38 -3.4e+38 -3.4e+38
-3.4e+38 -3.4e+38 -3.4e+38 -3.4e+38 -3.4e+38 -3.4e+38 -3.4e+38 -3.4e+38 -3.4e+38 -3.4e+38 -3.4e+38 -3.4e+38 -3.4e+38 -3.4e+38 -3.4e+38 -3.4e+38 -3.4e+38 -3.4e+38 -3.4e+38 -3.4e+38 -3.4e+38 -3.4e+38 -3.4e+38 -3.4e+38 -3.4e+38 -3.4e+38 -3.4e+38 -3.4e+38 -3.4e+38 -3.4e+38 -3.4e+38 -3.4e+38 -3.4e+38 -3.4e+38 -3.4e+38 -3.4e+38 -3.4e+38 -3.4e+38 -3.4e+38 -3.4e+38 -3.4e+38 -3.4e+38 -3.4e+38 -3.4e+38 -3.4e+38 -3.4e+38 -3.4e+38 -3.4e+38 -3.4e+38 -3.4e+38 -3.4e+38
-3.4e+38 -3.4e+38 -3.4e+38 -3.4e+38 -3.4e+38 -3.4e+38 -3.4e+38 -3.4e+38 -3.4e+38 -3.4e+38 -3.4e+38 -3.4e+38 -3.4e+38 -3.4e+38 -3.4e+38 -3.4e+38 -3.4e+38 -3.4e+38 -3.4e+38 -3.4e+38 -3.4e+38 -3.4e+38 -3.4e+38 -3.4e+38 -3.4e+38 -3.4e+38 -3.4e+38 -3.4e+38 -3.4e+38 -3.4e+38 -3.4e+38 -3.4e+38 -3.4e+38 -3.4e+38 -3.4e+38 -3.4e+38 -3.4e+38 -3.4e+38 -3.4e+38 -3.4e+38 -3.4e+38 -3.4e+38 -3.4e+38 -3.4e+38 -3.4e+38 -3.4e+38 -3.4e+38 -3.4e+38 -3.4e+38 -3.4e+38 -3.4e+38
