data/pcas/pcas_can_126/pca_referenceLayers_can_126/PC05.asc
NCOLS 494 
NROWS 529 
XLLCORNER -117.166666666667 
YLLCORNER -55.5 
CELLSIZE 0.166666666666667 
NODATA_value -3.4e+38 
[rows 46 to 68 of 529, columns 51 to 101 of 494]
-3.4e+38 -3.4e+38 -3.4e+38 -0.191843075123251 -0.198363117347852 0.209273828725769 0.199225138423167 0.16957093646062 0.131818564934849 0.108179871485352 -0.0228640143143929 0.395651340361595 0.535487085445203 0.417421501594735 0.488549290531439 0.166303900214887 0.508846276995637 0.568978993632606 0.574963284789069 0.553504752566088 0.90375376039991 1.01552860472743 0.92420559291888 0.916927123274414 0.884826292325514 0.843222832427183 0.806893331487825 0.726004618975873 0.629030045418288 0.568532706816291 0.514694692532734 0.423876538599151 0.317193101891331 0.15038141703756 0.126093627423878 0.0463103089591776 0.0359652659726534 0.0678535566046475 0.0544175386542334 0.0676571691383908 0.0489827210363533 0.0715014832613289 0.0933533673343663 0.0427660156605734 0.0472384328215131 0.0177358296750132 -0.0981412423677031 -0.0200640151141245 -0.121531818069925 -0.286461420020618 -0.438070676526921
-3.4e+38 -3.4e+38 -3.4e+38 -3.4e+38 -0.22702808364135 -0.143639102316252 0.172512447205663 0.14970115398709 0.115868295068018 0.0583438279449144 0.479357716158553 0.440672774653318 0.374499248040902 0.380385581499906 0.609750322706077 0.604794052679899 0.404463351626528 0.527536664018916 0.638421053477701 0.580377208236034 0.940261301000874 0.944258619081795 0.99002625173108 0.909342456235242 0.889503433357972 0.81450032192907 0.72304029284563 0.726252006534061 0.705444745061933 0.625717674247847 0.518601771480036 0.422224818122441 0.29380002250411 0.151142124280992 0.0542432744455923 -0.00389935163958882 0.0526066550244405 0.0813363082414181 0.0972324489630552 0.122513451357103 0.0948574058124776 0.0272678230352356 0.0588376308419493 0.0809312867526496 0.026275011287809 0.0560875648967048 0.0403320858922857 -0.146294532654951 -0.174055831055541 -0.284670125103963 -0.349399443669294
-3.4e+38 -3.4e+38 -3.4e+38 -3.4e+38 -3.4e+38 -0.24824065562119 -0.222279353439547 0.0861650114407491 0.0837129410952469 -0.0284480699103797 -0.133753286545737 -0.156031435863933 0.400735727588236 0.441792827489898 0.475727482362323 0.604410135480353 0.246051223407589 0.436508373133493 0.681022021972381 0.635990414940062 0.65649599421107 0.559900656502553 0.91763081909015 0.90650888032643 0.837107985238116 0.817691633716111 0.649859612753263 0.798557843654977 0.784646184891282 0.61845526012488 0.564181652212926 0.527060550151113 0.32524756275333 0.202914588449245 0.0588507758516257 -0.0528606585662734 0.0332966721515891 0.0920418065746709 0.0695262743445483 0.160378632765558 0.111699400250388 0.0511459947091175 0.0587783487238167 -0.0176923260631683 0.0311515603731826 -0.103428932208965 -0.0212148312000094 -0.105353262324744 -0.197612250489555 -0.208221297819421 -0.288735553606896
-3.4e+38 -3.4e+38 -3.4e+38 -3.4e+38 -3.4e+38 -3.4e+38 -3.4e+38 -0.316272957638628 -0.0187284578679443 -0.0475779432613566 -0.183708776679422 0.400122948795624 0.399157962742645 0.45004195364727 0.107889347619272 0.312957947088381 0.557379494570081 0.655167794939177 0.700980131446231 0.71652623246013 0.650819449658386 0.589444913735998 0.941824733880561 0.877998912840536 0.897044864313539 0.835976365615911 0.745758729808177 0.830825132576824 0.688087231007342 0.612166446153323 0.569324005433421 0.579667318505027 0.450573032851868 0.281370311176203 0.160109309328061 0.115710244850864 0.153607787961605 0.118598817622815 0.165853090075559 0.168468055322642 0.230120540298397 0.173828902863977 0.138799537158258 0.0776826046625551 0.0589121754087958 -0.0311804315688975 -0.029073395070509 0.113360968079631 -0.0399038299938889 -0.178936587510003 -0.286721464224736
-3.4e+38 -3.4e+38 -3.4e+38 -3.4e+38 -3.4e+38 -3.4e+38 -3.4e+38 -3.4e+38 -0.391533841969517 -0.114261884658106 -0.284776648534977 -0.24144561354965 0.378167289827657 0.408825117686505 0.432505959071844 0.141057766000178 0.229115808128055 0.295374174677804 0.635477705143353 0.672128563284782 0.652390406974255 1.06521159787976 0.908146943634292 0.788232895772249 0.827005413266187 0.792324225728802 0.72839082546138 0.686346521631683 0.550392826701775 0.525465187149453 0.513322513625873 0.489355379238619 0.426592336825579 0.35132855500866 0.266903428189555 0.271397904246403 0.307251225289646 0.31699159182322 0.294386005023305 0.285878417163799 0.331756616688002 0.295297941061641 0.172229073462475 0.157310204148022 0.0471505138457369 -0.0815721121721191 0.0159479884749115 0.0477116958774122 -0.105470861159111 -0.117007509030047 -0.211636748424457
-3.4e+38 -3.4e+38 -3.4e+38 -3.4e+38 -3.4e+38 -3.4e+38 -3.4e+38 -3.4e+38 -3.4e+38 -3.4e+38 -0.0953051278870966 -0.213669628319284 -0.240187105432339 0.421031122800942 0.415792435467891 0.392720924479621 0.44165493834145 0.390886565862951 0.590135723742696 0.654244233921999 0.65428471296707 0.621507009178595 0.899047592726242 0.720095932810149 0.736168350097762 0.728421108262839 0.685149043544911 0.639114750644759 0.466388522339792 0.33969690598901 0.423830307834918 0.489338530223501 0.471393620028523 0.392444478890305 0.370015143911278 0.326574789795222 0.353304160807096 0.399790484326279 0.414223054270694 0.407447891811416 0.380778791344715 0.306377252326847 0.242049183798954 0.170470358253816 0.0882461845604353 0.0079690833396176 0.0702586953345007 -0.126062381776507 -0.14220657369352 -0.120552039182021 -0.198040513795123
-3.4e+38 -3.4e+38 -3.4e+38 -3.4e+38 -3.4e+38 -3.4e+38 -3.4e+38 -3.4e+38 -3.4e+38 -3.4e+38 -3.4e+38 -0.0861609537112226 -0.131595335049257 -0.14279662059026 0.452518227231359 0.506147262942381 0.528069258797965 0.634311745570321 0.352306327401555 0.672249614565805 0.672959687384455 0.573140790415978 0.903654792715084 0.702733295690021 0.667331698831034 0.625217894155932 0.616007751075796 0.66122565298299 0.491234448586099 0.42082041710151 0.444365887006362 0.455891962828342 0.558613547002207 0.480570383181758 0.498545824102109 0.47147209861322 0.425657983707306 0.462278490464047 0.493005908911122 0.441755901744414 0.375883114280811 0.282262417228322 0.222118483623371 0.168226865667655 0.146044683038342 0.0302732145541535 0.0633822118946345 -0.0562049646244536 -0.108184992757502 -0.133288882256209 -0.301804827935004
-3.4e+38 -3.4e+38 -3.4e+38 -3.4e+38 -3.4e+38 -3.4e+38 -3.4e+38 -3.4e+38 -3.4e+38 -3.4e+38 -3.4e+38 -0.101286201334256 -0.156255355155461 -0.217532923622635 0.402457335304019 0.40208282524683 0.426363529261115 0.190932375957479 0.505255132897881 0.648544470879351 0.502118976076528 0.499862393247328 0.861772886273637 0.748131237800894 0.604507802806132 0.526964356844521 0.513767810170676 0.576340912345875 0.591485029136829 0.456520574246102 0.481723820220636 0.465069779269062 0.579976582225953 0.5713293695921 0.580848208418111 0.598717355708215 0.556112525493547 0.54044482505573 0.472397299249599 0.46129670433151 0.3657329647102 0.276591402197408 0.210086249786589 0.161666850452585 0.105211222617294 0.0226696952695862 -0.0866684553620262 -0.137124276224979 -0.06285880773985 -0.157315684703075 -0.308811084083189
-3.4e+38 -3.4e+38 -3.4e+38 -3.4e+38 -3.4e+38 -3.4e+38 -3.4e+38 -3.4e+38 -3.4e+38 -3.4e+38 -3.4e+38 -3.4e+38 -0.276270861964895 -0.225412419282969 -0.223909557058551 -0.249435366447693 0.521732813361777 0.687372256376307 0.800028088853243 0.440450401198945 0.808552828714551 0.321669854863209 0.274857159698974 0.666636840748098 0.578930114248805 0.520349246132123 0.502148767504384 0.520138385462856 0.596760996711557 0.483138068537736 0.479379490202933 0.475774084539688 0.545829792723336 0.590326729353055 0.601374334572917 0.579494222588014 0.513007160493935 0.468112201042614 0.420584969472625 0.396995422783373 0.339229982151285 0.296473312219073 0.231830402960627 0.136523096599116 0.0184967587685099 -0.0167369661931209 -0.192779771289337 -0.244141845367798 -0.0444987704126702 -0.131513435856531 -0.231480280523818
-3.4e+38 -3.4e+38 -3.4e+38 -3.4e+38 -3.4e+38 -3.4e+38 -3.4e+38 -3.4e+38 -3.4e+38 -3.4e+38 -3.4e+38 -3.4e+38 -3.4e+38 -0.207647418883229 -0.183842172080845 -0.270230955701128 -0.212305334115172 0.581460354911153 0.641435671130986 0.7583909595505 0.706823641826824 0.733341979164737 0.741471525745093 0.684973993052424 0.552745808331912 0.489195360398213 0.536973681146249 0.504331488937828 0.566998816665747 0.479585611083691 0.453577097944755 0.400932301305142 0.462946700879509 0.487217162571282 0.596656696929253 0.493502493267554 0.440563694681153 0.403005664262176 0.337668659555463 0.289601641615972 0.249732193658014 0.202901351451492 0.188602164277635 0.0782186903444199 -0.0407987410408505 -0.114300683103165 -0.24883346125298 -0.162479565944546 -0.0911911754793109 -0.236025134027492 -0.253300680809291
-3.4e+38 -3.4e+38 -3.4e+38 -3.4e+38 -3.4e+38 -3.4e+38 -3.4e+38 -3.4e+38 -3.4e+38 -3.4e+38 -3.4e+38 -3.4e+38 -3.4e+38 -3.4e+38 -0.212229062692205 -0.239135100716795 -0.249248392975276 0.467806514888334 0.544178276260793 0.636526764533339 0.641362772028941 0.695421905546473 0.646019463671309 0.505082888875586 0.523502086196175 0.518894919058493 0.584665498341467 0.515550846021008 0.470392835349914 0.588368182677612 0.545638609827565 0.532181334069961 0.584772438355131 0.575308811952318 0.483044966383241 0.464265054630225 0.394699848209786 0.322804267452603 0.269623583624038 0.189975666322821 0.131791552072619 0.14001659276566 0.0869451017854699 0.0329433716807855 -0.0467826176085038 -0.188009536059949 -0.184049436164881 -0.200140753120419 -0.0550430597719648 -0.251817442886165 -0.285886756367763
-3.4e+38 -3.4e+38 -3.4e+38 -3.4e+38 -3.4e+38 -3.4e+38 -3.4e+38 -3.4e+38 -3.4e+38 -3.4e+38 -3.4e+38 -3.4e+38 -3.4e+38 -3.4e+38 -3.4e+38 -0.250209604674196 -0.224127425657085 -0.211193064705979 -0.195154541802683 0.620672371272767 0.621138866545107 0.650954254685797 0.631667927606494 0.591354785807299 0.619485415927605 0.563952508962158 0.550645134000639 0.500011765888996 0.546760476718535 0.640949825700865 0.526149650207481 0.528196122300032 0.596269000340962 0.46416554162383 0.327672379850125 0.390185568838668 0.298617587060674 0.256969998538635 0.16228511974842 0.0901499467193606 0.0298158601533987 0.0196034606449575 0.00301941901178099 -0.00121419998665578 -0.141901191321637 -0.157042241345738 -0.232639846872939 -0.260893121022532 -0.154534804514783 -0.238011280474233 -0.357607093299328
-3.4e+38 -3.4e+38 -3.4e+38 -3.4e+38 -3.4e+38 -3.4e+38 -3.4e+38 -3.4e+38 -3.4e+38 -3.4e+38 -3.4e+38 -3.4e+38 -3.4e+38 -3.4e+38 -3.4e+38 -3.4e+38 -0.25835560721512 -0.242109384311847 -0.164094489649431 0.57932939962445 0.551920562268163 0.678881431456955 0.67536472738253 0.612402539957422 0.63072484042159 0.54200312916612 0.543442380835128 0.551419924440966 0.621831962741211 0.546186158265931 0.506967308578415 0.635516042606319 0.548525049130618 0.484797471126287 0.382378027527995 0.351471545384575 0.209249481629315 0.155394078921039 0.107159987413639 0.0322290294595799 0.023138025965238 0.0673859541257988 0.0208665371121791 -0.0525329768992353 0.0405455976306081 -0.12107363883164 -0.143534501125812 -0.285828395355709 -0.26637434096773 -0.333537171140115 -0.390393445006041
-3.4e+38 -3.4e+38 -3.4e+38 -3.4e+38 -3.4e+38 -3.4e+38 -3.4e+38 -3.4e+38 -3.4e+38 -3.4e+38 -3.4e+38 -3.4e+38 -3.4e+38 -3.4e+38 -3.4e+38 -3.4e+38 -3.4e+38 -0.300116327968547 -0.233321263948331 -0.172001968571664 0.60465109438359 0.647447413352793 0.664300235702481 0.582546766764908 0.483940859222315 0.477085176516977 0.551701340933672 0.543092068667286 0.637273983452993 0.585676496643233 0.735140232940963 0.616277475011808 0.426656404014972 0.360177045163995 0.413828505255781 0.317728585968014 0.172729276913389 0.0921639744879761 0.0829853924753449 0.0263784500792992 0.0216178058723157 0.0594608295498461 0.0415980805520635 -0.0583146909523557 -0.0920588209411861 -0.163797548708481 -0.136716372078978 -0.100606461684462 -0.156828348112049 -0.207849083623176 -0.419778869810477
-3.4e+38 -3.4e+38 -3.4e+38 -3.4e+38 -3.4e+38 -3.4e+38 -3.4e+38 -3.4e+38 -3.4e+38 -3.4e+38 -3.4e+38 -3.4e+38 -3.4e+38 -3.4e+38 -3.4e+38 -3.4e+38 -3.4e+38 -3.4e+38 -0.350107599529545 -0.189064199715163 -0.210748846079039 0.568869533600769 0.556343631248838 0.625154114934974 0.504568262018551 0.469545211688165 0.563843797976905 0.5330623985216 0.687050537829957 0.692908234258486 0.716353469129277 0.601185282608426 0.347458704500645 0.453065683890192 0.380148043460234 0.305735153176199 0.268789260029237 0.402876309249935 0.117125529755384 0.109535611941845 0.0690965161214144 0.0735931168031863 0.0284629378324114 -0.0236311789385036 -0.0184152265624441 -0.088523772513206 -0.174253347856181 -0.0893820223249377 -0.00336028667140553 -0.146945631503311 -0.386250391707034
-3.4e+38 -3.4e+38 -3.4e+38 -3.4e+38 -3.4e+38 -3.4e+38 -3.4e+38 -3.4e+38 -3.4e+38 -3.4e+38 -3.4e+38 -3.4e+38 -3.4e+38 -3.4e+38 -3.4e+38 -3.4e+38 -3.4e+38 -3.4e+38 -0.34440784245637 -0.166763023141819 -0.26374405754695 0.611078189316095 0.566963120695479 0.67635136163224 0.483539327753057 0.431847194665506 0.554253603180437 0.476882575453509 0.663870461112732 0.692905379684189 0.669620714910351 0.644557824140853 0.513100668619081 0.522483376044058 0.472956917130269 0.29917271217515 0.537554828268061 0.497204541496066 0.229207097743943 0.152495298593949 0.129840274848186 0.0971036275044593 -0.00398394854429635 0.0985206119001726 -0.00537150690370553 -0.0838171575116855 -0.0938704787541582 -0.0991720651228964 0.0125863400158266 -0.130358060697727 -0.0921354314465334
-3.4e+38 -3.4e+38 -3.4e+38 -3.4e+38 -3.4e+38 -3.4e+38 -3.4e+38 -3.4e+38 -3.4e+38 -3.4e+38 -3.4e+38 -3.4e+38 -3.4e+38 -3.4e+38 -3.4e+38 -3.4e+38 -3.4e+38 -3.4e+38 -0.461179144962703 -0.318569654263365 -0.314080365165282 0.519567521239903 0.503980321214069 0.573120329676915 0.437171949278308 0.4161980716944 0.510818569880306 0.441976938334904 0.565926084379017 0.627012246231768 0.621619035843089 0.702530382905835 0.600722683483578 0.515209116108757 0.506010831600655 0.311565155068612 0.582347709264155 0.561534381951534 0.3092861884274 0.225782114001015 0.159698634039004 0.180488633794641 0.052513306055556 0.180325733657231 0.110092645796296 -0.055849464765392 -0.0396986442692357 -0.0989129822326603 0.0265502802384193 -0.0624331732395683 -0.0469086486907178
-3.4e+38 -3.4e+38 -3.4e+38 -3.4e+38 -3.4e+38 -3.4e+38 -3.4e+38 -3.4e+38 -3.4e+38 -3.4e+38 -3.4e+38 -3.4e+38 -3.4e+38 -3.4e+38 -3.4e+38 -3.4e+38 -3.4e+38 -3.4e+38 -0.60824671730702 -0.512008321429156 -0.28560117817341 0.618645667876663 0.411811321328485 0.403733178892693 0.354805116060806 0.413119990827607 0.333886083690405 0.479775537540473 0.481194314002313 0.499820256113146 0.642197246446833 0.647099640026577 0.621242834713777 0.5278181875675 0.385922591245856 0.287507245380494 0.670954276560641 0.595834586623008 0.407688366479007 0.362393687185967 0.246048900701027 0.411999986154028 0.414734874142901 0.318744533872293 0.190940126259456 -0.0499281052173823 -0.122164972382791 -0.103732054348694 -0.181425261301533 -0.00216988483482805 -0.0706577674188154
-3.4e+38 -3.4e+38 -3.4e+38 -3.4e+38 -3.4e+38 -3.4e+38 -3.4e+38 -3.4e+38 -3.4e+38 -3.4e+38 -3.4e+38 -3.4e+38 -3.4e+38 -3.4e+38 -3.4e+38 -3.4e+38 -3.4e+38 -3.4e+38 -3.4e+38 -0.505339701554688 -0.300558389110814 -0.353633281869881 -0.509167644837389 0.213857716467578 0.19850446681604 0.295930554126913 0.377099171203992 0.441622739986616 0.433914047258285 0.393425193675676 0.537112154622007 0.647042516907007 0.541841388341679 0.449475433761364 0.437165627659677 0.359979727999444 0.717603828565629 0.359632682857223 0.397219780993164 0.457666895411495 0.254106550724024 0.504087852726319 0.466897176128551 0.386196197699503 0.230524240607812 -0.0661408694680295 -0.0826511589726667 -0.193724873946003 -0.272920876417002 -0.230222012621388 -0.304160700346811
-3.4e+38 -3.4e+38 -3.4e+38 -3.4e+38 -3.4e+38 -3.4e+38 -3.4e+38 -3.4e+38 -3.4e+38 -3.4e+38 -3.4e+38 -3.4e+38 -3.4e+38 -3.4e+38 -3.4e+38 -3.4e+38 -3.4e+38 -3.4e+38 -3.4e+38 -1.07904332843591 -0.423298147052501 -0.481141502222214 -0.573431709923902 0.170167857397914 0.150633898464465 0.386252663974322 0.448906772848501 0.483651681251036 0.37215576466205 0.855264454037782 0.509737211795369 0.607170891190678 0.500367232528213 0.401894058957779 0.491948328553755 0.36193049259742 0.373120918650177 0.484246095117364 0.501363686050251 0.493400384046992 0.28747064809373 0.488820607277051 0.495200985505712 0.414787231258013 0.204007534798123 0.00571817299233401 -0.0241150279557494 -0.176765261052779 -0.243608099602468 -0.285308219304604 -0.220334467170374
-3.4e+38 -3.4e+38 -3.4e+38 -3.4e+38 -3.4e+38 -3.4e+38 -3.4e+38 -3.4e+38 -3.4e+38 -3.4e+38 -3.4e+38 -3.4e+38 -3.4e+38 -3.4e+38 -3.4e+38 -3.4e+38 -3.4e+38 -3.4e+38 -3.4e+38 -3.4e+38 -1.16655612589346 -0.511719687280245 -0.324930843671551 -0.268122333639994 0.210903036390894 0.324692744677707 0.430400130511883 0.435397325267405 0.866030238646675 0.913833385643168 1.15065450133984 0.537813396815739 0.983226106440145 0.46083527606002 0.411630095727782 0.852413959158365 0.588267694716993 0.672049981197482 0.562102001520008 0.410113121053226 0.595394813961651 0.490378096724375 0.433047861754786 0.380072780050852 0.218550116282859 0.109575963503023 -0.0251841505766874 -0.075149291998141 -0.17986908850375 -0.23572776913646 -0.0591363580226417
-3.4e+38 -3.4e+38 -3.4e+38 -3.4e+38 -3.4e+38 -3.4e+38 -3.4e+38 -3.4e+38 -3.4e+38 -3.4e+38 -3.4e+38 -3.4e+38 -3.4e+38 -3.4e+38 -3.4e+38 -3.4e+38 -3.4e+38 -3.4e+38 -3.4e+38 -3.4e+38 -3.4e+38 -1.04656566816435 -0.151221161248997 -0.0794970237088096 0.435736908854299 0.184063139330402 0.346693180375626 0.352456652360162 0.84437340799712 0.921253625724201 0.975403482242704 0.991138747979507 0.916704833400472 0.451012270702113 0.873214706314009 0.544096378430532 0.744042109784847 0.760453326135831 0.601138525960982 0.769265368193883 0.33030335476589 0.480802225965399 0.487833204385912 0.498402121236308 0.275385778577258 0.186897002810574 0.0922098079254342 0.0323383234467985 -0.0610357191687693 -0.162157224912842 -0.175064382467487
-3.4e+38 -3.4e+38 -3.4e+38 -3.4e+38 -3.4e+38 -3.4e+38 -3.4e+38 -3.4e+38 -3.4e+38 -3.4e+38 -3.4e+38 -3.4e+38 -3.4e+38 -3.4e+38 -3.4e+38 -3.4e+38 -3.4e+38 -3.4e+38 -3.4e+38 -3.4e+38 -3.4e+38 -0.58924549135856 -0.275637687641469 0.526229364630794 0.463466373868584 0.256843211796281 0.198916734795646 0.81063618021074 0.8376666733175 0.880584711688466 0.927570286632182 0.923009563157736 0.917727934757433 0.911612858625313 0.995529020326151 0.644250620649138 0.792321184583205 0.76394597643788 0.621126511792307 0.517612504247737 0.734935968147801 0.505549893142088 0.488850134783482 0.479545745895685 0.399917739202117 0.319452108676177 0.250767111846477 0.179421107841518 0.123624938168173 -0.0197765791733035 -0.146248182921783
