data/pcas/pcas_can_126/pca_referenceLayers_can_126/PC05.asc
NCOLS 494 
NROWS 529 
XLLCORNER -117.166666666667 
YLLCORNER -55.5 
CELLSIZE 0.166666666666667 
NODATA_value -3.4e+38 
[rows 207 to 229 of 529, columns 306 to 356 of 494]
0.74941114744757 0.722708000349812 0.691806946131409 0.666361317936458 0.704654769148771 0.801388535270452 0.909788561384419 0.96689226995463 0.981440274867179 0.960444193399023 0.906752680974394 0.853005848677476 0.804959106338248 0.756716598899841 0.733693193174001 0.736881256995336 0.698781342203543 0.699427205157082 0.694931813385804 0.697111897091448 0.664495597148033 0.618198553593039 0.6038600868792 0.587378375756012 0.618460779315186 0.741455178995075 0.791300931764224 0.847272757496308 0.814469567711727 0.79221167266929 0.784365939014503 0.73629772959065 0.68535036471775 0.665830304613709 0.685981001493337 0.71494156995445 0.76845721141982 0.840978727329262 0.932752882684571 1.06061928429627 1.11793684470937 1.0686874244011 1.01543716625929 1.00853064459843 1.03308799732922 1.06035553491034 1.10618295232835 1.06212351081917 1.15640340222027 1.2608776551685 1.3157187092481
0.763558098146065 0.743297160778558 0.752452351602149 0.788831087551699 0.859628177835049 0.939725855694096 1.06811551319077 1.08657716350457 1.07880606149202 1.01821571733156 0.92957003777233 0.874785538337912 0.82056558386984 0.762653031589376 0.733002274434759 0.704221171086246 0.696815130256731 0.693063957462924 0.687657771573808 0.687509121427156 0.658444595195142 0.658448081518392 0.651665662792996 0.646114071325416 0.663546412181546 0.820269101750874 0.88251123941586 0.934837340984701 0.908726721758072 0.818795931643856 0.784242854164421 0.766197408302056 0.712415933763458 0.68996100321965 0.698895981510888 0.729406227307554 0.746617618971003 0.785879010812293 0.855767900581082 1.00011240319594 0.981789725994364 0.941054196897477 0.972853804782674 0.979684007406947 1.00988280800073 1.01196423183227 1.10956581416067 1.10642804597944 1.12535472832157 1.18239209177025 1.29905241726171
0.720838725570494 0.739044612031565 0.781722723352151 0.867964946448102 0.97826633435523 1.10727987188214 1.24709500723947 1.2058126609314 1.12701283197817 1.03759174832064 0.954024430703815 0.871584527587888 0.797472943398945 0.729270911572967 0.690180646541859 0.677370768519679 0.680814534388165 0.675301005248208 0.663719100808509 0.659381427683513 0.669664472048993 0.657928210056692 0.687177201544645 0.704226321311294 0.728173027443811 0.918794500495111 0.923858692731084 0.939186433224439 0.915685824921172 0.889150258009359 0.841089089554825 0.822167687040982 0.776250478149969 0.72873656648527 0.721211003326461 0.699094454341407 0.729607005546694 0.759126811788819 0.833909266759999 0.88870421326094 0.896473619767455 0.873269614758394 1.00008153382881 0.928684104044415 1.05108592089679 1.07437527337515 1.09255255739504 1.11052511684333 1.0977865660076 1.13668671610694 1.17982368799671
0.584187520232714 0.685185020776791 0.775289056477441 0.891904204578824 1.01399758584073 1.18063561759837 1.29304233015671 1.23370576017488 1.12690037889502 1.02138083570241 0.941081565178154 0.842992221422953 0.773499030809392 0.709253764706682 0.679479367181054 0.641936302046529 0.640158930032468 0.637554611178812 0.650765600871522 0.66884777809959 0.688082613010802 0.691038833330507 0.721745724670908 0.748582232112686 0.790764308223019 0.814280293851054 0.989132550991681 0.99308786783153 0.975409957442289 0.962082237301107 0.88966240214352 0.857846747060597 0.821034364383538 0.803207456367258 0.783401395753547 0.768982850273559 0.759719026403423 0.802621825450666 0.825575545210214 0.831386016906878 0.854371475120338 0.862418574952391 0.899282966482622 0.929766748124473 1.06596385573373 1.11204188039162 1.09852495215783 1.08256863718545 1.08280442458735 1.07151059543987 1.10552026838144
0.559237914741138 0.65320090091423 0.760846665483095 0.887011337760935 0.992510106956938 1.117851596983 1.16244471642513 1.13762578802425 1.08025211688974 0.977562359116012 0.89561094121855 0.797402731717214 0.721414187613647 0.666042591317821 0.645141493362944 0.61545769756581 0.594565109727006 0.601616947788347 0.627453385315849 0.657797105767082 0.676231403277743 0.724383029424057 0.749867979294361 0.768156570321248 0.833771886102743 1.03828651584369 1.07162450658287 1.07701905559682 1.07350502294832 1.05203535187525 0.988953613911034 0.889689371865432 0.857352598525947 0.870898578372452 0.845023197675006 0.827426924493879 0.822490586813654 0.830520588332858 0.825660744780241 0.878475770367604 0.866336362068681 0.904494461758058 0.963377530148599 1.02687664665592 1.08181302173384 1.13283714396737 1.14114469311919 1.11432432709138 1.06940840997724 1.03018884525143 1.03052176945948
0.615487300964927 0.693425187209222 0.799210619999106 0.901081366428753 0.974032447649407 1.01968315627246 1.05276549195086 1.02561496536608 0.975492055899845 0.881916356845641 0.813337683622261 0.743596092960558 0.650413102988025 0.606255029118616 0.575681007117207 0.558908264205761 0.555293621515748 0.575357614153184 0.604495352086396 0.641983184044276 0.681242276405136 0.727109980765099 0.783519969960714 0.819695963122221 0.885514910807328 0.917319809998436 1.14618622027185 1.17552670582821 1.17006547451215 1.14587347382583 1.10275241510233 1.01158979558023 0.907634922407071 0.906652541215187 0.907064895821557 0.887863238895602 0.885991154497298 0.873006360457692 0.917561065346356 0.864721993862544 0.846491551633022 0.875497416504772 0.92879183146156 1.00929569233633 1.10063148567053 1.15823574873576 1.18475526618717 1.12460864220816 1.07774277009831 1.04557270793891 1.0845777782382
0.692210179651399 0.734942860269274 0.82259642580604 0.899567713317917 0.938628528322477 0.953329143883851 0.929648577859196 0.907618493614442 0.861821513907187 0.790702092609549 0.720547241068812 0.653464899133261 0.583794810611957 0.5224894692909 0.502319129770874 0.48916080973932 0.502898415895817 0.536092879404001 0.579613153175908 0.642047441217935 0.697375667771928 0.742414382827765 0.816040771309786 0.863347933126224 0.920149085481786 0.965731628663758 1.20983006685582 1.24380572153236 1.24494181681389 1.25155874826531 1.19171750791772 1.11769355676167 1.02768401644758 0.910337040388176 0.9493813781191 0.934847491186279 0.930864191957102 1.02438831463114 0.949546476739003 0.874712394107786 0.861188578329045 0.89403991237988 0.905682314086193 1.01214111099535 1.11780702386874 1.2021866728112 1.20557495741929 1.09500357508458 1.00421786719396 0.972798193221075 1.05741658410075
0.776298986624669 0.809690086116802 0.844861922568157 0.882009536476814 0.896879085276433 0.891777548352447 0.86013961480968 0.812193082150798 0.739991388726575 0.697814206504171 0.610520657970639 0.54176094425393 0.484473434742968 0.443772013327188 0.412500072740384 0.416735748727886 0.4592530959646 0.491369208057556 0.549418594368787 0.622776561805636 0.69365312454709 0.770179796967821 0.839125114922803 0.890701478549211 0.936761117610111 0.992364342237402 1.26789967680683 1.27725843865176 1.3117479116762 1.321684229059 1.25399692528817 1.16137228555504 1.07386238803217 0.980135835660392 0.932482576210039 0.932777859628838 0.962154467986361 1.08824196488355 0.944278274278027 0.892396384304129 0.877143681261782 0.887454631642332 0.94965079864028 1.0189382354891 1.14944845631617 1.2299080996979 1.2750713962891 1.08347542927115 0.894806367533581 0.779578838513286 0.782889244988864
0.863423963036434 0.866973872667726 0.878195504115906 0.852380241711186 0.848983542089032 0.814490892097412 0.789424131417099 0.751607297204675 0.653627413686289 0.584707792062889 0.521122534455563 0.443696523163208 0.388736490894921 0.348738048663821 0.329312547105618 0.347591940543159 0.384161947047833 0.435636338856081 0.50270510863397 0.557245237799572 0.657608945360643 0.758316140381349 0.860502140949315 0.919919660311848 0.972577794445523 1.01760942302713 1.28394458859543 1.30088795762717 1.35373895331641 1.38264223194281 1.28982688131455 1.13640757875507 1.01760370506839 0.969090158644826 0.907820868245639 0.908768333575981 1.0759717266201 1.01151907609461 0.936416976306765 0.878036461976109 0.878925803073633 0.900799833746534 0.953405560369017 1.04332785627275 1.12170708649941 1.17813450409944 1.13762590758612 0.966860338449408 0.743131417191857 0.481487100612198 0.329177928436832
0.918066985995965 0.939125932454629 0.897652160509073 0.849601732026173 0.795351566774354 0.743897310625886 0.685497435771329 0.619008236237288 0.571818949875075 0.512739116442758 0.435660847215422 0.335683553702019 0.293413737709858 0.255086289603541 0.229963487613335 0.249373720201459 0.296975816774726 0.391249977938584 0.482590565179945 0.545898832344202 0.632885701651946 0.752593653365166 0.882783336641708 0.965131025395105 1.01486194817131 1.02876347282319 1.2638091803917 1.25497389462035 1.26614007988036 1.27142698346763 1.17543789354967 1.06365121082535 0.965894348867179 0.878884180276816 0.847248214471544 0.996744914401211 0.974554018508372 0.949193165674799 0.8737869310586 0.863812560025415 0.882106644708796 0.919690903670172 0.980076896397004 1.02375620038733 1.04778307019477 1.07801885861997 1.01397163096886 0.863118792283939 0.61266418660277 0.284327253029968 -0.00544495013809809
1.01119169159938 0.979813960692609 0.898779829305087 0.812192680550553 0.744523890079325 0.663709687683676 0.592296070919425 0.549275321896736 0.530668985921492 0.468298951612217 0.37867044247509 0.279469506572989 0.205622373128497 0.155203696610137 0.140496239137935 0.18374557777859 0.242029496087739 0.312046456471627 0.424429896059241 0.534118796844616 0.625784007935817 0.749829411201067 0.873564646620924 1.00458595756503 1.04526643707564 1.01792864160767 1.19365778574032 1.11258317009491 1.05474580191211 1.04373838964601 1.0001814740587 0.944268090338593 0.901187702360502 0.830287965616306 0.794029003090856 0.931699552683044 0.687471730020936 0.809423948957701 0.813709331951625 0.778743581283557 0.807496218762148 0.872740742877433 0.968001656141647 1.01165641948655 1.02735189942452 1.04486936361868 0.960057042116202 0.829651387476761 0.612704435201341 0.379590833845282 0.239494072734467
0.971589982097925 0.943352593323552 0.861119751596581 0.779539862951292 0.693609185713115 0.621353847370308 0.543957522282328 0.502133097209474 0.468055113975862 0.407064800096994 0.342472825952691 0.261503685486462 0.147895006851908 0.0531209342535452 -0.0274785764001051 0.0749263627441452 0.192095530950741 0.304904148956988 0.399002023239207 0.517485121989699 0.634670102640696 0.740510017062381 0.850864152605281 0.98744550671081 1.08218264639152 1.01121140161154 1.10534356151708 0.951198903255147 0.81453951464687 0.798653513837247 0.836516283840514 0.822820436811297 0.807356383040977 0.760524692207981 0.701280149241869 0.648579853049298 0.76338393648322 0.709274202303663 0.648420497159796 0.634788351873727 0.692619470831509 0.798538474207067 0.912358218918317 0.958838040287892 0.994482012515044 0.982185624158747 0.92854737393729 0.847337193496399 0.723909443543027 0.591468894975375 0.555728378094748
0.878799547851028 0.855729248782464 0.788133448314681 0.714545638190824 0.62935864046755 0.546184949928747 0.497284357225807 0.453659667030923 0.426076003553256 0.385445355941362 0.320359840058505 0.240969733494548 0.16308848316387 0.0529558284941565 -0.0220371779705842 0.086455086489412 0.171399311471652 0.275229991340873 0.397987986494454 0.506145864531783 0.615207027297004 0.715698463649272 0.836852584056152 0.950994570649925 1.01314455414746 0.912043770138662 1.01653505063559 0.827079860078521 0.643658013143852 0.658639283585291 0.723774595915433 0.734144314675137 0.723284471382417 0.692035991879662 0.637979673325261 0.591917821437543 0.662251052804918 0.56950951805721 0.507552781469567 0.504393798690075 0.5590912837678 0.647026776696531 0.760540568482566 0.849888649927642 0.909119059753411 0.946387469906723 0.943860586593954 0.920002264866312 0.842023667608435 0.790886692302705 0.788339433139989
0.802932977967978 0.768500842179504 0.723627371495742 0.650359206735809 0.560444930687874 0.492622395733135 0.428906972161585 0.433515396013539 0.418197973109811 0.382307987446861 0.32814018106455 0.271450402347029 0.204295188086297 0.125119731415984 0.0949307217813871 0.130612724107557 0.187360129656293 0.291003753358412 0.380388237273604 0.509333777935618 0.631035432353612 0.712056541473532 0.783213704329721 0.862332351687871 0.87570469891745 0.826247202821711 0.949120814210411 0.80101682791247 0.701447570563225 0.667768040172482 0.657768260365295 0.692411273174366 0.677158922578352 0.656452702643142 0.596219174789302 0.514840110474674 0.572312057931845 0.467388640903886 0.382254005673831 0.350670924075627 0.394721207204873 0.516849951972039 0.6437696241791 0.76972801654375 0.85637817478337 0.943797869679884 0.973202532410923 0.991173737555689 0.988009751320022 0.958052822447476 0.966612562201109
0.720362987224055 0.708921784732198 0.662118847271802 0.583288831824939 0.514443558095552 0.414045249965387 0.390842596066787 0.412112135687016 0.404081453696541 0.390289239567535 0.35406108976176 0.313406196154629 0.268862268577087 0.221683482722644 0.198767627848574 0.203114366311122 0.235937132886278 0.332124944207888 0.395924697722302 0.484306337094161 0.579732093424483 0.653325421701398 0.718114501135996 0.767214473459874 0.76100742912091 0.697552257821017 0.900808376073176 0.816107406692007 0.736546517413153 0.698288547638036 0.682662826367557 0.678884520619044 0.664586410877058 0.633741610998018 0.574888124337418 0.470207004193383 0.503984262688117 0.339336233804299 0.222159409298925 0.151550639804811 0.236485226310545 0.409974947865596 0.592467302647632 0.697037091152397 0.83356182586129 0.943731093269666 1.01833765010785 1.07339017158793 1.0979198817551 1.06248547024753 1.03185133663856
0.686753923846929 0.658040955030422 0.604276346677409 0.536767679432299 0.473957484581901 0.421385935464016 0.410342969367277 0.41050660125866 0.414221419158973 0.406578981986098 0.383617428900102 0.378160546913583 0.34804094485683 0.325048876468325 0.3092753868213 0.291962123996147 0.295880663638335 0.347181986480722 0.402308505019253 0.477354581678167 0.536245267704804 0.593685039002565 0.627801510475495 0.648749882587461 0.64543277401861 0.640119958377603 0.888927935240284 0.815965408988384 0.752466572143005 0.729985087262797 0.712830931544252 0.698905256911571 0.690514810931294 0.624308500430681 0.730874124164928 0.634459989269593 0.476477780699121 0.317321157625976 0.135166241268079 0.0483932681244674 0.166600062514013 0.351296832553394 0.524648766382516 0.649076816295944 0.801931210151922 0.904517347460795 1.01586083730606 1.1284207823325 1.15956430310697 1.12668156893936 1.06538359808966
0.656634944062461 0.629759002051296 0.595412095105202 0.542972950098753 0.503205711269373 0.457140153841451 0.445800559790221 0.433088684045079 0.433117209313235 0.429138706205058 0.433156417689522 0.434217809431182 0.423817714152411 0.424521651847941 0.407604613812819 0.344281811567626 0.385993192930316 0.391657086690281 0.43426550235056 0.463991702233871 0.489778304666774 0.523710383852381 0.55881854975993 0.577044586751766 0.581675390540824 0.588374527000397 0.848141119862229 0.814610787763248 0.779219870239646 0.761263463102468 0.747206302372195 0.715504055846994 0.710697581900019 0.687503298479622 0.609279968433944 0.683209707121203 0.531518439270291 0.366866343877801 0.255513096232591 0.169404997814291 0.236628920494418 0.369548869288668 0.529044600843097 0.65158397701073 0.772182981894426 0.87610470022472 0.99937617913669 1.08280346478181 1.13244463821468 1.08691824933265 1.02480255781351
0.622801434941009 0.631384905422535 0.589538361970403 0.561014077492681 0.52136640737164 0.49181123738958 0.464360607608617 0.471494346559562 0.46839650465433 0.486790461665193 0.506838119559678 0.524820328538646 0.542003866624681 0.52779980958143 0.493178364144355 0.471283268701125 0.439088842753031 0.439746110896805 0.431419246610151 0.432645291149898 0.450174124839965 0.462103574478915 0.467940187785514 0.49145436836596 0.525951096063213 0.841098943475928 0.833129473237357 0.821760912818931 0.769438969653183 0.78750868063228 0.783189557314436 0.787698198273056 0.779528995395399 0.946861706650242 0.881522453548203 0.765240137677575 0.647269838115102 0.475116618815081 0.386249665501052 0.337869774284415 0.354015267163837 0.432509851003307 0.555326842650622 0.664067344529917 0.778694726307154 0.8866766293457 0.963383085191561 1.0254397982714 1.04420332956296 1.02991206548363 0.988082804303055
0.934201560041523 0.632997474729044 0.607162221217591 0.583491362159203 0.566261656036688 0.526515495785021 0.534564696939716 0.517674300644947 0.525907834620308 0.546164728090208 0.552074745423503 0.61939337655688 0.647330141300642 0.642346445812367 0.602190430277885 0.535584062145142 0.489447164675033 0.453697977495578 0.421764525344261 0.378306895834809 0.343682907438447 0.389525132802969 0.411635180218832 0.443676343203627 0.787804960036468 0.790372163786782 0.796971253152546 0.799344968798478 0.803054414316019 0.810952042418705 1.04244271793412 0.852440235970627 1.06138170678414 1.062259066974 1.02314438601279 0.875115393534884 0.75339731246142 0.610976838159298 0.521786166990854 0.457052390246943 0.444784989765128 0.495698923316329 0.623745105092409 0.691520421701711 0.775612003557065 0.860256922832584 0.910326221592737 0.959728986399062 0.987658521344628 0.987269230617543 0.971778828554157
0.992145514915893 0.981105329589248 0.943439648239853 0.591879055072531 0.595162005058324 0.56560950037945 0.547411923919409 0.531537488564234 0.556132401105988 0.563965391333325 0.577482505473511 0.640785243511291 0.727329945691813 0.73114776965956 0.63953875067853 0.555405738019842 0.488640804960091 0.447883728367567 0.404148667283501 0.326048459660204 0.32764924532393 0.335746969262497 0.390419658494246 0.719199863782361 0.736026451098126 0.757272885897101 0.767981654053106 0.775334058121507 0.810756596099331 1.03928902280897 1.06485881065824 1.10578035639711 1.15383807171711 1.16984901174468 1.14770652581419 1.02484358157754 0.880662378301605 0.73924066735069 0.629665309584668 0.572674931985694 0.541649307028809 0.589856161732584 0.65382910656429 0.724502369643827 0.777048161455163 0.838506494352309 0.879929497718764 0.927407645601399 0.95605404647626 0.969849074779195 0.942479971465368
1.02113757536166 1.02096423731738 0.992339246308671 0.967371003782576 0.930155046823612 0.593312526855581 0.593743482750325 0.567791509345436 0.557845686052601 0.556074005628602 0.549004235895215 0.606948902597904 0.663811924378611 0.672323854877526 0.608618977079413 0.53487968502333 0.472006877673281 0.413762599225703 0.366648612802207 0.310571753466085 0.316273546818845 0.310078228246881 0.35283874050041 0.666694901732388 0.695676485779459 0.713750285222192 0.740085653107524 0.754225825894275 1.01176456450815 1.05972848247245 1.08899758049599 1.14215917932441 1.16566920387398 1.17446756721752 1.14806690646087 1.10961160126498 0.948794661123538 0.839433511522657 0.725815843475494 0.654070260623045 0.641037626691724 0.667899183604262 0.692582048007005 0.738880304256552 0.767425281609783 0.814544617962684 0.873774161226555 0.923092383561746 0.913873427691093 0.911600948827386 0.917924387957396
1.05358719745519 1.04256479029325 1.02899338872361 1.01762935802067 0.988088478008023 0.622289380611744 0.603935779918151 0.575002758369172 0.557945877232969 0.521173574936143 0.488561869712176 0.498701177868849 0.550688693967036 0.560991073745787 0.542744992890408 0.507774886942914 0.428506221345943 0.387733674144092 0.31896761116438 0.312491157437315 0.289877525413137 0.603380121015714 0.609111711607355 0.597333148162099 0.626750030658676 0.667296476664922 0.711910404553665 0.725375998532882 1.01853154004229 1.0984569969862 1.13973548008938 1.14190435357517 1.1808592274708 1.18218488013437 1.13343156022084 1.08601818580014 1.0118902295348 0.896355782991131 0.80400091533923 0.750177986953756 0.734458237048701 0.72658949325653 0.752295631258735 0.780436733109371 0.800845216166672 0.846469736409697 0.876898269945354 0.904098196702731 0.921796080383651 0.914766651094773 0.917990036148348
1.06012512983347 1.06271013292077 1.03946485615604 1.04442644013476 1.03363412026624 0.671529080123097 1.00184172187416 0.607407913066797 0.559160628425628 0.496774379817646 0.406659832575408 0.383654608926255 0.421303075889559 0.443600119681745 0.461337786015965 0.429592618961293 0.396644450324163 0.348053108485255 0.325537379721668 0.638739767888757 0.602033925889349 0.582012508376462 0.563478720111947 0.549817219921315 0.570367254722418 0.585905402927213 0.629187825989606 0.952620756383923 1.00435818616942 1.06842412469426 1.11979263211202 1.16275626794086 1.1822929630192 1.18133486805527 1.14798762504032 1.09686513976067 1.02897742042431 0.939547581797526 0.867895163475213 0.796432813649245 0.792188905079185 0.784375724893257 0.795482523556567 0.801678330687955 0.817917236878013 0.861134677539099 0.881244992403852 0.907005087642404 0.94733144590551 0.942248956674418 0.937306584277133
