data/pcas/pcas_can_126/pca_referenceLayers_can_126/PC05.asc
NCOLS 494 
NROWS 529 
XLLCORNER -117.166666666667 
YLLCORNER -55.5 
CELLSIZE 0.166666666666667 
NODATA_value -3.4e+38 
[rows 138 to 160 of 529, columns 306 to 356 of 494]
-1.28796718340859 -1.28385297684144 -1.24190208485497 -1.19975003616413 -1.14350856565599 -1.12500439002328 -1.11008158027142 -1.14689398666456 -1.13862934486547 -1.16168148281603 -1.5666826658482 -1.51223989187733 -1.43660532818144 -1.45134692277121 -1.46599176670156 -1.54005191808345 -1.68437986156944 -1.40544133904596 -1.57970889123249 -1.60244908770639 -1.58006415300548 -1.61580054348915 -1.63197497424545 -1.59983687718844 -1.54272717793471 -1.63042427983891 -1.49276337236149 -1.66482235987906 -1.70385376717995 -3.4e+38 -3.4e+38 -3.4e+38 -3.4e+38 -3.4e+38 -3.4e+38 -3.4e+38 -3.4e+38 -3.4e+38 -3.4e+38 -3.4e+38 -3.4e+38 -3.4e+38 -3.4e+38 -3.4e+38 -3.4e+38 -3.4e+38 -3.4e+38 -3.4e+38 -3.4e+38 -3.4e+38 -3.4e+38
-1.3384278883687 -1.27781855664298 -0.574184618401567 -0.552877033173491 -0.503241543468246 -0.425675451537436 -1.03368289088331 -1.05312791884231 -1.14061529526063 -1.13459389599259 -1.17239656890154 -1.53015708556658 -1.68221363549309 -1.52692552704104 -1.71393138728311 -1.69079626239848 -1.75065051919785 -1.45012108891137 -1.35050504566302 -1.51455743246361 -1.57360821700657 -1.59107792402464 -1.58798596228284 -1.5799134822514 -1.54246782600111 -1.63017851606844 -1.57237108673603 -1.59479548634344 -1.59444155127952 -1.63553753344885 -1.69775728270246 -3.4e+38 -3.4e+38 -3.4e+38 -3.4e+38 -3.4e+38 -3.4e+38 -3.4e+38 -3.4e+38 -3.4e+38 -3.4e+38 -3.4e+38 -3.4e+38 -3.4e+38 -3.4e+38 -3.4e+38 -3.4e+38 -3.4e+38 -3.4e+38 -3.4e+38 -3.4e+38
-0.638266738436968 -0.560470735940362 -0.523301507344343 -0.514456636974091 -0.466045084993675 -0.41950395922081 -1.05186965581736 -1.08289503214397 -1.15030872754757 -1.16362170057186 -1.18486978021654 -1.17547015782848 -1.17827180838375 -1.20288476079843 -1.47068736654054 -1.68800780244226 -1.69614361874843 -1.42816661562031 -1.42567426020296 -1.43388447241262 -1.32268910530351 -1.34610330168817 -1.53419707995553 -1.49743069940293 -1.5327036765079 -1.50727750034348 -1.5341084224396 -1.55711389571036 -1.5848949844669 -1.60286123176352 -1.66387125741291 -1.73159808249676 -3.4e+38 -3.4e+38 -3.4e+38 -3.4e+38 -3.4e+38 -3.4e+38 -3.4e+38 -3.4e+38 -3.4e+38 -3.4e+38 -3.4e+38 -3.4e+38 -3.4e+38 -3.4e+38 -3.4e+38 -3.4e+38 -3.4e+38 -3.4e+38 -3.4e+38
-0.611522568681235 -0.532021923639851 -0.510301875737426 -0.54029252022667 -0.457894501788943 -0.477514356099355 -1.12643566846234 -1.19843505885648 -1.19395997109624 -1.18929637345813 -1.16427988984664 -1.47939311927227 -1.48348941398913 -1.49103128745644 -1.4992565499348 -1.5136665212299 -1.47973637454634 -1.46376666998264 -1.43246968824851 -1.41978512173943 -1.42210234728609 -1.33518260307588 -1.19943544670248 -1.41998033065458 -1.3768156619046 -1.22159907965543 -1.44366078412501 -1.46434035682438 -1.58376571069405 -1.60547816340707 -1.61841468725339 -1.70800729764641 -1.67556025996802 -3.4e+38 -3.4e+38 -3.4e+38 -3.4e+38 -3.4e+38 -3.4e+38 -3.4e+38 -3.4e+38 -3.4e+38 -3.4e+38 -3.4e+38 -3.4e+38 -3.4e+38 -3.4e+38 -3.4e+38 -3.4e+38 -3.4e+38 -3.4e+38
-0.604661954813772 -0.556643963557592 -0.512270046065408 -1.20069704508587 -1.21211002310175 -1.21833636280477 -1.16446405990755 -1.18910225054111 -1.22078894828711 -1.23018144702342 -1.1365759490337 -1.15180260988148 -1.4607928958705 -1.4530608306398 -1.50543895312357 -1.45810294941709 -1.49028008021543 -1.48224169264411 -1.42336814580706 -1.38965040617839 -1.38123894851632 -1.39402691964658 -1.17089369375729 -1.07885944677669 -1.13959892908307 -1.20689723724921 -1.20804922656102 -1.22091323766293 -1.32676051885179 -1.56747173011984 -1.593313535615 -1.65935082654515 -3.4e+38 -3.4e+38 -3.4e+38 -3.4e+38 -3.4e+38 -3.4e+38 -3.4e+38 -3.4e+38 -3.4e+38 -3.4e+38 -3.4e+38 -3.4e+38 -3.4e+38 -3.4e+38 -3.4e+38 -3.4e+38 -3.4e+38 -3.4e+38 -3.4e+38
-0.53972547052621 -0.554935734044959 -0.515717092130379 -1.23797219769577 -1.83349124770769 -1.85732016346968 -1.22770753999129 -1.18631222366406 -1.25617035013648 -1.27987964166381 -1.19747691325565 -1.16725306032767 -1.44764490151986 -1.43141198351571 -1.46631117435004 -1.4691181966296 -1.4967058023404 -1.45486734083245 -1.42283778764992 -1.3364704304094 -1.28063447038443 -1.26592586422592 -1.18456007962609 -1.01486060403999 -1.10769334742343 -1.04157786985882 -1.17015039530795 -1.19945084543466 -1.29260098163453 -1.49755487229288 -1.61533844670176 -1.62980127070746 -1.55204406497789 -3.4e+38 -3.4e+38 -3.4e+38 -3.4e+38 -3.4e+38 -3.4e+38 -3.4e+38 -3.4e+38 -3.4e+38 -3.4e+38 -3.4e+38 -3.4e+38 -3.4e+38 -3.4e+38 -3.4e+38 -3.4e+38 -3.4e+38 -3.4e+38
-0.652383543309716 -0.653006475715966 -0.409588550233829 -0.371249945637259 -1.17005937399839 -1.21959016724742 -1.27342251364897 -1.27784587946126 -1.26949852085933 -1.28805973727369 -1.22235962503396 -1.19122930933242 -1.47874117326685 -1.46155916815665 -1.46222182577726 -1.46511313308249 -1.41670396886039 -1.41064727184299 -1.37537529179814 -1.3175247992071 -1.21944409490033 -1.2135818316869 -1.27826852156059 -1.30013979273162 -1.17247783093666 -1.08132335419091 -1.10527420317269 -1.10162793696871 -1.18416309845914 -1.25912650520744 -1.32421951242822 -1.504270854895 -1.51831453445931 -3.4e+38 -3.4e+38 -3.4e+38 -3.4e+38 -3.4e+38 -3.4e+38 -3.4e+38 -3.4e+38 -3.4e+38 -3.4e+38 -3.4e+38 -3.4e+38 -3.4e+38 -3.4e+38 -3.4e+38 -3.4e+38 -3.4e+38 -3.4e+38
-0.5358370549753 -0.583304799736077 -0.575653346761913 -0.308531051248652 -0.311954255822936 -0.368155571666429 -0.455966807659453 -1.29455894816191 -1.32457080308625 -1.24124498925755 -1.30352749318602 -1.50612834240642 -1.48084108793793 -1.44384633134854 -1.44582132757677 -1.43793033113049 -1.43407610936763 -1.37206852697728 -1.35925778861006 -1.26126861698161 -1.29896130281968 -1.29960025740652 -1.18131599989712 -1.13488329590266 -1.06170844860566 -1.04382824170548 -0.963292625114063 -1.14385440713463 -1.17675024630716 -1.21974584023415 -1.32137127871247 -1.34539494058183 -1.4702276018133 -1.53305026350892 -1.50000329567176 -1.49209461541874 -1.50081769459539 -3.4e+38 -3.4e+38 -3.4e+38 -3.4e+38 -3.4e+38 -3.4e+38 -3.4e+38 -3.4e+38 -3.4e+38 -3.4e+38 -3.4e+38 -3.4e+38 -3.4e+38 -3.4e+38
-0.475799236520494 -0.522619168185757 -0.258024040847845 -0.256286614897054 -0.286172076589672 -0.267786812415615 -0.363229673724157 -0.749321205972731 -0.534708799745608 -1.27042381723437 -1.32075425047763 -1.54331938111909 -1.49944868870769 -1.47259480534769 -1.43435278824035 -1.38586687527734 -1.40337196910265 -1.416371300002 -1.3778381448604 -1.28815914393956 -1.22075597855389 -1.20538205469785 -1.18515206722307 -1.16297749982221 -1.14759911002623 -1.13658603245276 -1.12021626025344 -1.15477516994049 -1.21486791319195 -1.17313323123708 -1.21923710849084 -1.27297425745868 -1.33691074334301 -1.32438819056423 -1.35216080806775 -1.28209705767305 -1.35138700203754 -1.40038573546773 -1.51977058303959 -3.4e+38 -3.4e+38 -3.4e+38 -3.4e+38 -3.4e+38 -3.4e+38 -3.4e+38 -3.4e+38 -3.4e+38 -3.4e+38 -3.4e+38 -3.4e+38
-0.46272287736356 -0.47756961073463 -0.514079901041478 0.0940626424080213 0.053960195433699 -0.223648180447706 -0.277389134544798 -0.651675851387028 -0.742394830458867 -0.805962929640709 -0.835295168990722 -1.59966367585875 -0.694229414831484 -1.48351986850776 -1.51849999773307 -1.41281053307831 -1.40445716861878 -1.33975034207212 -1.29610825557344 -1.29259193155122 -1.24036983633247 -1.22441780557158 -1.18475618724144 -1.18070892116831 -1.14923598405807 -1.07906497290968 -1.07682395931404 -1.06703167008663 -1.11067595221665 -1.1231680278447 -1.13179653697097 -1.09515458370786 -1.11884115072875 -1.05387269803048 -1.03363325664248 -1.07505516967297 -1.20529382825359 -1.30162037810395 -1.37331567353552 -1.41352223581514 -1.47124610918883 -3.4e+38 -3.4e+38 -3.4e+38 -3.4e+38 -3.4e+38 -3.4e+38 -3.4e+38 -3.4e+38 -3.4e+38 -3.4e+38
-0.430788048748532 -0.494517449067759 -0.600970678708316 -0.737210110410792 -0.696561871448182 -0.684978756189665 0.0136060686574354 -0.0194883689574412 -0.0577419972997083 -0.811025172253145 -0.760467119464423 -0.734952780395069 -0.72692204855083 -1.47099586429224 -1.39421624978375 -1.36361260421052 -1.33831884788138 -1.33813443167539 -1.32466616709772 -1.26519831443042 -1.22759476620552 -1.18210836798214 -1.14895433210301 -1.04513575298963 -1.03057035612688 -1.04017521887137 -1.02712195653331 -1.01719142274237 -0.998871338283171 -1.05575567514684 -1.08791869447461 -1.06811186139464 -1.06035560806984 -1.03613207561295 -1.01326052127437 -1.0433255524861 -1.07831768832254 -1.1353771040714 -1.07927693634627 -1.22331219088746 -1.31746459066424 -1.43317427363647 -3.4e+38 -3.4e+38 -3.4e+38 -3.4e+38 -3.4e+38 -3.4e+38 -3.4e+38 -3.4e+38 -3.4e+38
-0.614640796526993 -0.655499256511214 -0.542547590986902 -0.470400719752488 -0.481104716378432 -0.649655619061633 -0.777301500093903 -0.719046544377833 -0.719332626116401 -0.750838879386523 -0.738511306502099 -0.704622336778207 -0.617991956578161 -0.595427090088325 -1.41824757719861 -1.33718784093698 -1.33897027214374 -1.26504654648838 -1.32892768554207 -1.63826253758378 -1.73071200883682 -1.36778947812279 -1.04778587579352 -1.029913335833 -0.981407526745146 -1.0078545983084 -1.060586922717 -1.02694517315029 -1.0482720648261 -1.00374949921363 -0.980282270547763 -0.947854731361034 -0.987114569505248 -0.967778403146311 -0.929512442577957 -0.966056980001983 -1.00300716525256 -1.03761860193868 -1.25241144988655 -1.19724802196542 -1.22811390787129 -1.3044575989318 -1.292037733987 -3.4e+38 -3.4e+38 -3.4e+38 -3.4e+38 -3.4e+38 -3.4e+38 -3.4e+38 -3.4e+38
-0.439757826612854 -0.481609136741533 -0.430165698467137 -0.463825768894007 -0.408121827712998 -0.476628256390564 -0.641470594391188 -0.737871225144817 -0.683668506393195 -0.682020036155386 -0.674236313889997 -0.667463933871714 -0.651415002183692 -0.570010160779463 -1.39475096122076 -0.420652158636722 -1.25350658288831 -1.20498352220265 -1.41175314554304 -1.31076304303357 -1.3557870517507 -0.596865534496572 -0.0899171256101194 -0.210487151233289 -0.959970297211579 -0.921518511116943 -0.880950487999361 -0.922308430470909 -1.01631730100656 -0.996602244256206 -0.926798437606414 -0.926263990304256 -0.93037293387563 -0.913269534778641 -0.891375451779125 -0.807103789897111 -0.832492263799131 -0.874800248687 -0.983900762236038 -1.11189196419867 -1.13913970878577 -1.319880868644 -1.34722628768375 -1.29888910386506 -3.4e+38 -3.4e+38 -3.4e+38 -3.4e+38 -3.4e+38 -3.4e+38 -3.4e+38
-0.275165044675943 -0.301451355175162 -0.393452852125507 -0.430632646365538 -0.414195856876124 -0.510559643677231 -0.480710422231014 -0.560613534125423 -0.675597203267489 -0.671193008516984 -0.555497438984987 -0.600921051018628 -0.538860439734489 -0.513456434958561 -0.509925323330385 -0.481750410786843 -0.39935470960553 -1.23324099677044 -1.23458918035252 -0.806171299866089 -0.817603466059309 -0.213428744529634 -0.00856284678724073 -0.0987324476461171 -0.952716749225207 -0.882232653522612 -0.858811395565394 -0.916618325848481 -0.940031722298926 -0.869361603626668 -0.831431205278674 -0.876303248808586 -0.921801565711632 -0.925894537936961 -0.920687837006211 -0.899027383093655 -0.931089709933297 -0.896157862349417 -0.994410154413837 -0.966335819135845 -1.09536703343401 -1.22822536956012 -1.27669894377275 -1.24939693017894 -1.19375221208716 -3.4e+38 -3.4e+38 -3.4e+38 -3.4e+38 -3.4e+38 -3.4e+38
-0.198735360670891 -0.243399625015183 -0.232153022762414 -0.329714284185401 -0.434463487071343 -0.519263974871171 -0.537761290501656 -0.550311843321848 -0.562861213581457 -0.685319712191241 -0.593567030686496 -0.589071294162665 -0.564933251016067 -0.466948869668262 -0.461708845709616 -0.320779193541467 -0.291988712783607 -0.287187039139816 -0.376625068802348 -0.664760545512895 -0.469981529257225 -0.14815733658253 0.0253023732751472 0.0420012568499615 -0.106800813037894 -0.962297561397947 -0.880306802951347 -0.828783370005368 -0.852506393122974 -0.796540119193802 -0.827386499285934 -0.807218552134213 -0.890434662842184 -0.872451095476211 -0.874838205251376 -0.819066803164605 -0.927542031759538 -0.92562349994379 -0.886117572281894 -0.958913302660527 -0.998733685767201 -1.15031872624637 -1.19316351057538 -1.22496211783382 -1.17588304354405 -1.27843463318114 -3.4e+38 -3.4e+38 -3.4e+38 -3.4e+38 -3.4e+38
-0.0524306139194938 -0.15732174708532 -0.180314642124361 -0.275934447100552 -0.387272141169574 -0.349149307795959 -0.434267528076563 -0.524556132374649 -0.547166506081573 -0.564363020511385 -0.550903434972033 -0.527245201515981 -0.541677372803107 -0.443589189932389 -0.330141739905758 -0.250564695722535 -0.253615004201524 -0.289470086775297 -1.02486333305865 -1.30725006395659 -0.498586272617149 0.0494168848600427 0.0230666284678512 0.0400724375403237 0.0242530250402362 -0.001014029079073 -0.785419054625264 -0.745358776259442 -0.785519774168252 -0.750169192906539 -0.800599313028838 -0.791382190475532 -0.788693162018624 -0.807640784350411 -0.831689203885354 -0.850200237556578 -0.805495567909486 -0.814807850607644 -0.921756290125117 -0.917739625961298 -1.12162683012928 -1.15532176760261 -1.23292221492369 -1.05892916565725 -1.05291696891875 -1.14969457130613 -3.4e+38 -3.4e+38 -3.4e+38 -3.4e+38 -3.4e+38
0.0387977771988374 -0.0801564104926529 -0.078521418659382 -0.205244148542184 -0.301283203463488 -0.282001534365967 -0.299325570302044 -0.413613337956143 -0.444589509817094 -0.415048447734405 -0.415602788469865 -0.423644606444948 -0.362145633350341 -0.252905504331132 -0.245664254057248 -0.19659435010207 -0.202826620770457 -0.179137793716541 -0.282676267367303 -0.46192941176944 -0.123189708987593 0.0952784525220659 0.0782185507193597 0.0513522757926113 0.0721908037371314 -0.821648931230474 -0.781206901958691 -0.773295578290387 -0.761373046039045 -0.695533097259287 -0.652935619592201 -0.712082232160528 -0.834988650439054 -0.817092857835527 -0.818956448804157 -0.834509435200013 -0.810599224816261 -0.791080252322386 -0.854527405585941 -0.888583425407126 -0.914357379025983 -1.21582239847141 -1.19761313651542 -1.07716456256301 -1.12644721103243 -1.2823451452016 -3.4e+38 -3.4e+38 -3.4e+38 -3.4e+38 -3.4e+38
0.106368737288539 0.091318632212977 -0.019599977786391 -0.108744887625232 -0.241829819197749 -0.332432889193939 -0.226406225254808 -0.323530319803981 -0.317741206535688 -0.323063344396125 -0.280703998557543 -0.364140661248712 -0.353011859388384 -0.171820768869149 -0.152040739006023 -0.111368988353334 -0.118481655885115 -0.143068703458097 -0.170142779807379 -0.111855868426339 -0.0544470037835554 -0.0536686362391715 0.0709203566136809 -0.0938202122879528 0.193404298274566 0.212791758454559 -0.792798191287391 -0.707714379445215 -0.66850435556723 -0.840750359911682 -0.861854176676496 -0.821016542084016 -0.751686518318876 -0.876745104702113 -0.868784779461902 -0.862271018862768 -0.853324335466669 -0.868820680903442 -0.829762852597121 -0.83806383226121 -0.722354595122203 -0.735889848040111 -0.976116427224581 -1.05283627028997 -1.09856260719208 -1.20370026038461 -0.607848126695131 -0.53198981251447 -0.974670036827153 -3.4e+38 -3.4e+38
0.183857275496233 0.181884236114023 0.0184784237805277 -0.00699908866942134 -0.0937003383434397 -0.295564168354269 -0.136741250705508 -0.168892134340974 -0.196294126412596 -0.188443290877656 -0.185999592440261 -0.211065480558092 -0.287376563752001 -0.128792219707143 0.0482446071297938 0.0848128430988707 -0.0039890971130363 -0.215091044775576 -0.206404499508109 -0.303870837062224 -0.266302669564005 -0.0871914205890698 0.0321457946330427 0.0692269930763055 0.16746743202754 0.0662092092742644 0.142496143328565 -0.836708122267029 -0.860396787345127 -0.81828425938649 -0.771451999422725 -0.779646127720648 -0.799435585332696 -0.80575016692287 -0.843413545361995 -0.760275925115245 -0.822745167149939 -0.749210642897965 -0.850298944531408 -0.84788320140382 -0.910875302291261 -1.04237409217302 -0.952481952489094 -1.02987405830609 -1.09907360584495 -0.832886852361132 -0.512854687198598 -0.484885424432385 -0.597911123313412 -1.13609014971162 -3.4e+38
0.246065329317892 0.0909740942994045 0.0478228346452171 0.0314805903984583 -0.11005697537141 -0.186532756948231 -0.130745427585888 -0.100543145742411 -0.173433995303552 -0.108544863055684 -0.0534009044233148 -0.0773960305609357 -0.158420267575141 -0.107661282838245 0.156367943632945 0.036330561253787 -0.0332015874836595 0.100354808940406 -0.202325623951771 0.154569127675009 -0.0652806838900208 -0.0321594869611301 -0.0742199482432285 0.0495015420055576 0.100594271191209 0.0333935111698048 0.0604195721141483 -0.700628094099853 -0.708818567836476 -0.519007927239548 -0.808923344132448 -0.818071204717416 -0.698573387568953 -0.686861197185011 -0.726840797249694 -0.750727981924155 -0.761989743571363 -0.576776501495353 -0.813229814788601 -0.865225829428009 -0.827467827240785 -1.10110595501474 -1.01195275153562 -1.10114530613589 -1.05865154026442 -0.957315995627879 -0.603428046023549 -0.157835124293864 -0.2663714352202 -0.650345513392938 -0.814337487376698
0.116131405538663 0.0988031492697805 0.136545938705689 0.0227320974529932 -0.0620858699077661 -0.00418066065992495 -0.109877719367293 -0.0564850347753764 -0.0338420258147257 -0.0176314632921738 0.0791351119430679 -0.0344236391829726 -0.102249056240895 0.0633762766416048 0.186471267756373 0.156290244880439 0.184350265836508 0.234306591468545 -0.123303183156243 -0.0393015927277406 0.0357949650934204 -0.0633394620632965 0.0550745767812338 0.051100278666918 0.11412672167593 0.160848548172761 0.136720640609924 0.267552634006843 0.370841365519423 -0.796729292875056 -0.766478090613647 -0.657360540246333 -0.679005285656685 -0.544779689177604 -0.536077612560161 -0.707322080912179 -0.755186222018769 -0.757416642997258 -0.767505770579937 -0.728510411406041 -0.817536632314516 -1.03416986456492 -1.05604544218706 -0.98282976790384 -0.948061981362684 -0.865054420126731 -0.626939952049691 -0.193550187969652 -0.0059520010473878 -0.431238850588736 -0.619809790484538
0.207975824702543 0.201121354563961 0.125664574398325 0.0748354342777372 0.0960837313561291 0.0720515167584092 -0.0134288759148615 0.00622200039286103 -0.11417010750933 0.0217332909226705 0.0708031446390174 -0.109469896065867 -0.135861131796097 -0.0541262850245486 0.194136102839122 0.108921714052638 0.0723964943285389 0.383350948760821 0.212845747163351 0.241034203808876 0.0600257692783023 -0.0370245686505847 -0.0715883365542413 -0.0878853321909058 -0.0881677461814462 0.195852370400869 0.13742865384053 0.0578574288126379 0.0600445213777656 0.136427419733196 -0.746872757911097 -0.735141220008432 -0.612481286080384 -0.405201465624005 -0.411159669401362 -0.530075254858431 -0.669152159661509 -0.450266575595762 -0.0991112522143026 -0.402602655970765 -0.709137538136107 -0.88103977499942 -0.926701342359228 -0.94191750399196 -0.87048554153041 -0.674651223333585 -0.419192672716768 -0.096364812593408 -0.0389883421176207 -0.135160772876436 -0.438495146369512
0.338337447163516 0.244360791387761 0.169801039060468 0.198240236334839 0.105663171825555 0.113637413932572 0.00500801226888803 -0.0370726461041326 0.021666564927592 0.0619232097955001 0.140460769468935 -0.0461166151115531 -0.154335117764112 0.112492150613208 0.0077505922708232 -1.01390840714519 0.152861920456591 0.329617097850832 0.50959930204372 0.20965679716544 0.193346279621896 -0.949030113959203 -0.953979622441338 0.0549762218148601 0.103861263780185 0.105568884160004 0.195899814098468 0.104635362876866 -0.846883548071453 -0.607352095873903 0.379981720814714 -0.60810570121975 -0.557516778921314 -0.472349500566456 -0.285681933541051 -0.270440861934412 -0.31422770618043 -0.518041135917144 -0.394651046104085 -0.366147481000694 -0.678666818135549 -0.786586742010759 -0.67984907264283 -0.557419531679676 -0.673277599288206 -0.554162347208166 -0.369877899619698 -0.127372900959648 -0.0652684015188785 -0.0727255652809604 -0.337741772686357
