data/pcas/pcas_can_126/pca_referenceLayers_can_126/PC06.asc
NCOLS 494 
NROWS 529 
XLLCORNER -117.166666666667 
YLLCORNER -55.5 
CELLSIZE 0.166666666666667 
NODATA_value -3.4e+38 
[rows 299 to 321 of 529, columns 306 to 356 of 494]
-0.94833824019367 -0.647916727700377 -0.511458476534602 -0.257810192440744 0.548350619433999 0.640144812756494 0.715746280524595 0.86847157846428 0.866760606609331 0.945946519682499 0.898617568408568 0.843270570538262 0.795169937170973 0.747901180881403 0.711354278640043 0.700504486120079 0.623290188601784 0.587527551506233 0.420356418950643 0.249135706211791 0.254096749077147 0.186999872144282 0.14086198022478 0.151549398236134 0.127005324676665 0.130386864992694 0.230323981640405 0.220776905552011 0.225739371169023 0.217963346465073 0.253122354172002 0.231635981022095 0.282003723370395 0.206763831548664 0.262589582492833 0.271830291546705 0.258274909031758 0.255196690359061 0.243514940362074 0.232930713372634 0.203092110167946 0.251011854740523 0.206718666187784 0.22631898442348 0.241047119876352 0.237666573656084 0.288847453679699 0.359372009396754 0.321287030954096 0.361669270420703 0.472338565726989
-0.841265891858655 -0.822204549431944 -0.937243755500374 -0.776410665314773 -0.592554553425089 0.0821335250678515 0.285088802696032 0.300723330894221 0.329669906001355 0.407507576511421 0.518585191272088 0.61164062916447 0.657846251452174 0.663070196430971 0.689105260583475 0.674155819482925 0.650400048223576 0.627180638293902 0.501462246067427 0.333365379139291 0.278117930152449 0.204515223921564 0.147805253640486 0.170526934324897 0.0762033036991733 0.0841183380872229 0.153340284237869 0.14824382049698 0.182133242240609 0.190299058316394 0.202236609599445 0.240747099341348 0.205946052679652 0.112009965542342 0.194969844686652 0.176098472888311 0.240007828415469 0.25040192052256 0.249631368090512 0.233010712825295 0.212057113222031 0.252060341617941 0.214834842217485 0.23237641446359 0.21665412123702 0.270184560198521 0.258699230782447 0.307228399473248 0.45380183553711 0.504827298485899 0.588291864391758
-0.842909100977551 -0.962102862035183 -0.953104844538686 -0.933989333702483 -0.854563060508086 -0.748036531892397 -0.583690509798775 -0.44345176766051 -0.313677266860765 -0.15074026019216 -0.181524265350691 0.00192601500026653 0.306757332810893 0.52958994778359 0.635417181412107 0.703480754165806 0.711599726081901 0.690018629167107 0.580492889691488 0.397971031362237 0.332816545326718 0.170653029132524 0.145522108578555 0.113532195461409 0.126189280556699 0.131617643870233 0.113347062931767 0.161493267977365 0.185875838949972 0.151532993983849 0.152006789255966 0.130472377476303 0.152022026185365 0.105415692136517 0.110143810923491 0.184294400032804 0.18007931180647 0.174054657782819 0.193773990258933 0.184985977299838 0.198658577856113 0.23102770507476 0.229458033677505 0.203452313376557 0.230915514942731 0.290866840710124 0.313726719262491 0.341566854676134 0.383858998223049 0.475254750279258 0.587049622256696
-0.74500450559525 -0.916848742624237 -0.901632711205473 -0.909123040966105 -0.892052513017227 -0.879386156003714 -0.813647959341776 -0.682207912901812 -0.485309759302371 -0.451770124876484 -0.4447501084559 -0.356549759209936 -0.141684951671786 0.0571700364480195 0.250878441728187 0.558348657770027 0.671171229444059 0.661852346628574 0.542492877213235 0.398282307596836 0.314772381534277 0.194046998808411 0.163120717176582 0.0829361436705077 0.151253611460547 0.1552390267862 0.137260217282285 0.0722683092656646 0.0932739208259033 0.126252091857559 0.141659901210323 0.0771438986637843 0.0682982287059196 0.060310141075361 0.0680251830120571 0.0675048154237589 0.0672710164193572 0.103781905118191 0.16705028776643 0.167934312304903 0.197476617800878 0.237989979470452 0.204831726053615 0.184060107431325 0.218297706027604 0.287225506603618 0.308701390173047 0.348271200268206 0.385925929592156 0.457150694320181 0.589830161684058
-0.759331654960653 -0.680034945564329 -0.776963468045483 -0.852053882328646 -0.760482531459831 -0.650065665556346 -0.627257967950825 -0.643143339473217 -0.560351030197212 -0.504487304999332 -0.521705704339691 -0.470273809137833 -0.323677744846954 -0.208869797036224 0.0233998831678458 0.2047625923342 0.523041839840007 0.511939288251426 0.455057459756238 0.347493519228295 0.293493789740293 0.166604946647002 0.13173805758703 0.143068241704121 0.128617676799843 0.119831429296884 0.124087689597076 0.118217809846147 0.139469707132502 0.0917892121781188 0.0845050170525857 0.0676529414977029 0.0958319616756973 0.0782212284879107 0.0329173377425652 -0.0363617889447527 0.0152332709635529 0.00228672454783799 0.0906537752263066 0.179962278696817 0.235697616598201 0.253778377365708 0.249979717469088 0.227175424109375 0.201329233401223 0.286772684139508 0.264806472560585 0.326728732136676 0.386767775430508 0.395701847078696 0.456010552571274
-0.814511576376574 -0.782710381361663 -0.612745445998329 -0.665084472442159 -0.715914796531772 -0.678666144388112 -0.588319397835604 -0.52291698700189 -0.558722980371327 -0.624903602340992 -0.685853434468562 -0.544919957269971 -0.401562711378817 -0.263965649636063 -0.0910930286466649 0.130597362765856 0.418287604978211 0.401408664388746 0.256576304906017 0.208631413999623 0.219701468928117 0.113240644946887 0.135126773709714 0.121246639401824 0.107744483892211 0.0854326221299022 0.097116942747455 0.0913202755037472 0.0757683345652451 0.0606793853627302 0.0797105710084815 0.0037796590508653 -0.0123317078826557 -0.0394021245291781 -0.0521484006695914 -0.0325735794266553 -0.0199006113726475 -0.0023538463281506 0.00687794501567235 0.079164659719356 0.137295175350881 0.158334541224439 0.198853564762199 0.230080218861461 0.208003043167537 0.250302138108618 0.287037187065768 0.330851898880605 0.388908584849633 0.46463947292305 0.497452613808771
-0.786358739580667 -0.692171570601482 -0.577266528131024 -0.483970411420068 -0.617152672493743 -0.608052241907183 -0.617552515491871 -0.518324235305714 -0.551162977674653 -0.544319341664479 -0.466986429937406 -0.389439027752156 -0.370747182406374 -0.274254182758586 -0.131367062366289 0.0818401585974431 0.257304408358015 0.216426201090815 0.116435025014688 0.181221795060495 0.116504796963431 0.0882129219997054 0.0920939508081715 0.0557185090658291 0.0955080065754283 0.10463275026772 0.0487239972210193 0.0423489358392906 0.0233227691966286 0.0251380563414141 -0.00582473222721756 -0.0444279930976833 -0.058218939140029 -0.107073095120582 -0.132923968856412 -0.133878555533289 -0.080088446777399 -0.0776704343045204 0.0215499866456999 0.0411174749884678 0.0124362150901639 0.0612713949717242 0.120022871264587 0.220725881874342 0.215169507038496 0.255138703471016 0.30845996284049 0.337772309008816 0.352497024342768 0.443323779149867 0.502541705681241
-0.850059223063197 -0.689764813219079 -0.564743020224558 -0.397297553237414 -0.351038576285786 -0.332572734304946 -0.39669982747263 -0.338854254570507 -0.37145092218718 -0.42329025997402 -0.348156503374297 -0.295819692970077 -0.305565874035939 -0.113008658708249 -0.0141993462921462 0.0629901954571863 0.192714444739916 0.115076590282872 0.000735648323488575 0.0542195973518654 0.0564670375074412 0.0628174713289788 0.0304183596732679 0.0294155443964609 0.0431107941714382 0.0650132556679151 0.00627633930439456 -5.04206602158774e-06 0.00644255812300615 -0.0165208648676937 -0.0552847978054411 -0.0549749723567981 -0.0968873645489753 -0.117901740661496 -0.155921729945801 -0.196782480438691 -0.146648848158812 -0.176321170477979 -0.105055906134357 -0.0296506382650654 0.0284666373127786 0.0548637153820958 0.0635827383796921 0.143086266750262 0.21989072607903 0.280539709098473 0.333421664583471 0.375973357137759 0.427261708257916 0.449965278188274 0.498822879898569
-0.918417240513072 -0.798328511227395 -0.546496738470376 -0.462750287866474 -0.433992614034716 -0.185398336102066 -0.209538988563621 -0.209570994650664 -0.245080021813386 -0.226745261865633 -0.206311735901791 -0.176563184077649 -0.072736285377961 0.00492592013234677 0.0731397538791184 0.188261600953707 0.146195571050498 0.00579069835620585 -0.0704553739553784 -0.052991548509196 -0.0372818872142888 -0.033516890151301 -0.00533232329101654 -0.000554099001921687 0.0130795868069076 -0.0051355907578782 -0.0364449222295594 -0.0394145342000801 -0.0410277580779559 -0.0581260579158868 -0.078866854604881 -0.103114314007545 -0.127083103737793 -0.173650874890641 -0.174436518834431 -0.225082635117654 -0.188566072329447 -0.235647362590663 -0.1877414410147 -0.141918182559877 -0.098621920531824 -0.0436127571776378 0.0172431209465068 0.0868165266713048 0.162534246196996 0.206437803927684 0.259815393978715 0.333631557993014 0.395534657382139 0.43452926058134 0.506102812913484
-0.743404863085868 -0.951804218965008 -0.793133731268086 -0.683357314614389 -0.565452416533795 -0.31992644065764 -0.180779000423286 -0.325031967970372 -0.220440492833615 -0.230588059632518 -0.142468916151407 -0.0294598616974803 0.0945677475930626 0.154726312517569 0.222420479904133 0.240952770390369 0.159500587390595 0.0316787110128893 -0.0788490352237008 -0.131978480195821 -0.0833894063448399 -0.0616301322886673 -0.0458860759306206 -0.0342323513577099 -0.0329436437440364 -0.0488250312678737 -0.0469883314546168 -0.0797011002061027 -0.0836162896320816 -0.0912402725647432 -0.122031429930611 -0.123653097599662 -0.168685297175853 -0.184595969697219 -0.222631004217413 -0.215826090217307 -0.289448441143566 -0.246140227470527 -0.233573544717822 -0.177372167721322 -0.119171391193709 -0.0754256911764536 -0.0267842647136837 0.0456672466116519 0.112242820419115 0.194693688434999 0.266121994110425 0.334508247929156 0.386891245032501 0.442636962135728 0.508307761690446
-0.868089664206747 -0.970471822490723 -0.895015974234979 -0.745823943188457 -0.584385252527771 -0.430928602311858 -0.219446762544514 -0.377597523397262 -0.175369059658314 -0.115841274348975 0.0364276532794126 0.20119338900629 0.279107522433595 0.290405323195383 0.283899582934082 0.231169182798981 0.143096212298461 -0.0227518982750835 -0.0901303854168388 -0.108616722446071 -0.0989916182187514 -0.0684213343202059 -0.0212811921080144 -0.0753875905583985 -0.0547631502545029 -0.0520229339792781 -0.0550556057772896 -0.0830635792553278 -0.0611407552315645 -0.0940897829796634 -0.106273484910891 -0.134612827969946 -0.166264433632729 -0.26134152641971 -0.20284467720861 -0.267563687845538 -0.283240602034306 -0.300530823060683 -0.255862581469002 -0.218512916171013 -0.190729959800389 -0.138526282457298 -0.0695529371429813 -0.00265258485948021 0.113404725508459 0.151611801880536 0.213731554323556 0.323500191702074 0.401553687998982 0.464876419456646 0.581343762325498
-1.05331850877168 -0.826836505418609 -0.927233315711504 -0.669559125572648 -0.567641029498361 -0.495733790092545 -0.479279127719808 -0.510567805929395 -0.278894231784605 0.0293730546133431 0.0996676903555272 0.330073594936845 0.382042111412253 0.368062749259255 0.314128592267285 0.255518782808465 0.121514546468225 -0.0286436629662847 -0.129153260280343 -0.155632599742294 -0.106924796221626 -0.100127665806469 -0.125354136138291 -0.106963618584951 -0.0830802774979859 -0.0762090899456911 -0.0846835937744648 -0.0843460099218214 -0.0936866684064714 -0.121869956693694 -0.131336398673549 -0.136155864792261 -0.17301944677542 -0.232191114909847 -0.267448635508749 -0.302530289678308 -0.268679431181051 -0.284239138537745 -0.299741509078923 -0.251510759529754 -0.212561641041434 -0.203116238365534 -0.104317293461735 -0.0315198966746458 0.0679696231016926 0.13759656199106 0.226640666713115 0.323871518681356 0.398795439887544 0.454009790959095 0.480609238927512
-1.0796671045896 -1.09232183326239 -0.769054759476905 -0.761526144539775 -0.507802768163914 -0.423697989243146 -0.502742141208139 -0.411031096741376 -0.428531214524028 -0.0881335200298552 0.23814608313187 0.411858005251695 0.48240259434327 0.442226631111887 0.34108862510961 0.258001569254405 0.135875204959409 0.0387550848415894 -0.0856085868661658 -0.174832177460602 -0.15539530954987 -0.140935737176606 -0.123570847514455 -0.0955389516050496 -0.0980208781647705 -0.0958965661465368 -0.102212182453221 -0.114289223640431 -0.127869445650188 -0.15609820088273 -0.185416386583146 -0.187629789821086 -0.201686767716771 -0.209447428224328 -0.270503502152976 -0.285284974745428 -0.276659423676493 -0.311177137402602 -0.315534365612257 -0.316499013721081 -0.280133833513446 -0.220199672739406 -0.174139970764329 -0.0861682923033274 0.0344427983044775 0.134929235268686 0.198302271404371 0.262598084017361 0.348896421206946 0.383147861120432 0.459715040259865
-1.14325235443931 -0.948677405162564 -0.69814777731654 -0.901445493694927 -0.707418249153286 -0.459938607850202 -0.424789904550866 -0.139316972364498 -0.246537249585051 -0.0609755548051909 0.291808531315605 0.429622895171934 0.589023268810859 0.46509731812608 0.351142982427183 0.212094943758161 0.18081126526391 0.140459655292924 -0.0271490282096488 -0.0773246571504992 -0.106118320201107 -0.126353607412187 -0.111294062728051 -0.115750851822966 -0.0987161882288852 -0.125938820969487 -0.128098610860002 -0.147079938705831 -0.149761513729378 -0.18210791453472 -0.19472862056417 -0.233184339728448 -0.265176099653767 -0.254501675188011 -0.241177119475572 -0.305866816591866 -0.314495399265231 -0.326073623128138 -0.306739871126777 -0.324576194078137 -0.320418054721715 -0.279286333080147 -0.20636336250064 -0.146995242125096 -0.0174874475118371 0.117170690251134 0.198237145898296 0.25964953176045 0.276306760042364 0.307609128633523 0.33218310417427
-1.30312151976278 -1.08457563791187 -1.01259000134016 -0.946482571992391 -0.783516299830351 -0.605050839107141 -0.684346403449071 -0.362062704301765 -0.187059192616403 -0.196197069605577 0.308589098280535 0.422887184190914 0.568301201881275 0.50342828733068 0.368680475922495 0.26534373388011 0.179255720315384 0.227470074077553 0.0588293655001535 -0.0143773296359561 -0.076388056802399 -0.110660615262741 -0.0897347636934137 -0.101240744356385 -0.111628728018559 -0.116119168769937 -0.101428336501265 -0.138070769440628 -0.177782720509685 -0.167420987686861 -0.212748498797537 -0.227210510524419 -0.25538203789162 -0.267136527150765 -0.293389571739796 -0.295776962212304 -0.321926638931703 -0.319691201359801 -0.309217438314016 -0.318583370888141 -0.3072425148135 -0.186002386925882 -0.139378228287887 -0.0940289265860502 0.035784463839034 0.0807561922995167 0.186884139545601 0.231066430009974 0.231669054265989 0.260155779400011 0.289618610915762
-1.29549665731652 -1.11751542157332 -1.11215033328591 -0.846909964546501 -0.720905156676262 -0.630635848888262 -0.742509553058594 -0.408192915413837 -0.0845893901199333 -0.0943393461256853 0.328569802247081 0.451994336897796 0.520066922186619 0.487264122439247 0.39997438296859 0.324085474758852 0.209411999208394 0.310782954024186 0.0822999568549619 -0.0566354004493622 -0.040479616020724 -0.069552881767162 -0.0941657512140941 -0.0773453295446888 -0.0891456738129079 -0.0918030077678272 -0.0801492049034074 -0.0975238855383928 -0.129092214054857 -0.162622699461513 -0.206040533815461 -0.210567395404682 -0.201924299745851 -0.218009007616564 -0.250387185971035 -0.284456736402139 -0.319912986248981 -0.268468817129504 -0.312446793177298 -0.308665399690879 -0.216328526164678 -0.170982029407562 -0.153867030707344 -0.0934463656991475 0.00755666142477386 0.103697746891802 0.148060853693335 0.1442103246173 0.204152837896001 0.229975354100149 0.233312752260686
-0.994940637712489 -1.01689694622016 -0.81867145869449 -0.811492000354581 -0.865197164362479 -0.753782525612996 -0.599346621481442 -0.611792327497918 -0.270073667214937 -0.0286472871162929 0.123876093364229 0.385393521267092 0.490941478152498 0.424261103492769 0.418031146920767 0.400096679449871 0.27361467869758 0.326637989409999 0.119274487151903 0.00840552030375144 -0.0679561804244975 -0.0954970536018776 -0.101590252206692 -0.0899595228631526 -0.132230123169894 -0.107753860675019 -0.0873282637343251 -0.13124312581528 -0.179050533944033 -0.159566501032943 -0.190676524970679 -0.219218051142888 -0.223469733978475 -0.230058676090887 -0.227565289086619 -0.277817944475267 -0.228549077933542 -0.253696285043556 -0.317721374227608 -0.243619065995998 -0.194437565241664 -0.164829275796228 -0.146797673452416 -0.0767496674711177 0.0457985722431703 0.115587635620329 0.171732579655837 0.166066868762444 0.184076925745204 0.216345319733769 0.234565378795169
-0.772250294049843 -0.799938605300094 -0.709112287463012 -0.648001780076244 -0.767706883743783 -0.772705402638242 -0.656727311282177 -0.736684447930728 -0.60065305537445 0.0537010570419292 -0.0181971321775972 0.357786066454925 0.440806657330381 0.418429739591082 0.410113394524528 0.38061956865891 0.215521096460158 0.22894340777389 0.108820926197186 0.000534402058669947 -0.0417468115143097 -0.0983922445280254 -0.103710629884978 -0.0882174815470437 -0.117244635849519 -0.140045639859737 -0.13265474951019 -0.115942491452875 -0.166743846788973 -0.13714968538419 -0.182784757011668 -0.206078950481058 -0.224370728049933 -0.225866891390597 -0.228815957788638 -0.231006906342053 -0.207814090852851 -0.228559295869446 -0.21757697154951 -0.235079674093658 -0.215909657239529 -0.129126884089029 -0.104549368580184 -0.0177786376622566 0.0903834789454543 0.121492284456678 0.169131965689436 0.255530385990554 0.259663406692663 0.201021000134914 0.175497794460215
-0.805805140926997 -0.771466678478893 -0.564488857534652 -0.520826331138734 -0.64870745967111 -0.752243543960994 -0.757048269845442 -0.715049479439255 -0.30688511741223 0.0979627107475678 0.0565793205472689 0.325716385491378 0.409321639000018 0.422023477501733 0.364792066935358 0.373162759346672 0.187597093183468 0.224189978829016 0.146181115442631 0.0599257478389528 0.00225403899167251 -0.0863962551862305 -0.116083994662885 -0.0768802190580201 -0.130474697548186 -0.137523698111012 -0.136125505364837 -0.128677751010083 -0.171605809830927 -0.180836495693756 -0.208960742962132 -0.205876189403211 -0.211505766567093 -0.207044874805396 -0.183078325068347 -0.214013936003635 -0.200678794395691 -0.230846417262921 -0.20852954786637 -0.200934258695829 -0.165078113674765 -0.118509946318059 -0.0747621898536612 -0.0200786964358605 0.0666041437842254 0.11015166180798 0.187061565529096 0.282076238492348 0.301541820866256 0.197845775440388 0.147387324024905
-0.772414898547531 -0.738999660393366 -0.566203161527049 -0.531281556090864 -0.572807969299624 -0.740614651843129 -0.651657525902548 -0.667648369352285 -0.149765811638123 0.0672514946544036 0.207440760813597 0.339953242239127 0.361537759323468 0.40275208030675 0.372418120400578 0.313377166788969 0.189999992536021 0.133093691760853 0.110214851573356 0.0347218032178568 0.017544364655169 -0.0125150148510544 -0.0726567592362859 -0.0912692607758447 -0.108822997795471 -0.0709752972856453 -0.095345108939273 -0.123823013366488 -0.12138830254734 -0.170820916874306 -0.196031346847223 -0.242992919436224 -0.224059774353662 -0.223105272660298 -0.174110588571811 -0.177170350785794 -0.219105351877122 -0.227880460632114 -0.225663909920978 -0.221271659187476 -0.190485154973244 -0.113793043828669 -0.0733045958867607 -0.0189898209737357 0.0355505725139944 0.0914755068826308 0.155583449374877 0.230447722762322 0.270304946518512 0.181107393937468 0.138465340438369
-0.776253953516318 -0.669558584523462 -0.613875531928064 -0.57024978666905 -0.522597244082099 -0.55531588469521 -0.598176410961004 -0.685858490020232 -0.20781104710302 -0.0644725026537994 0.212317865178424 0.37805657620125 0.395445343077814 0.392173090110043 0.346957049961804 0.340550355583102 0.320480653089762 0.196309856436489 0.136145716847654 0.0633048663921453 0.031326761313023 0.00198153061471451 -0.0798242149337292 -0.0616524957723227 -0.0466612581793777 -0.0624313707311478 -0.0838700757164795 -0.120106106237534 -0.136723858245912 -0.177049998963997 -0.20066575696871 -0.23712066758561 -0.253655565268267 -0.228882426627538 -0.217985544143628 -0.222984936162326 -0.239502555897024 -0.207872366173516 -0.209866602949301 -0.204498252871162 -0.154850083309585 -0.108477902580117 -0.0648257110918628 -0.0424194424003351 0.00202300055137947 0.0560697049534572 0.154496238925582 0.18944274125767 0.194213767081685 0.1646256714381 0.109234141794028
-0.782492075202895 -0.668607847298789 -0.554964524208413 -0.587672963180929 -0.565985204612969 -0.40992967009387 -0.647165336295909 -0.659761418990268 -0.334059773619512 -0.144421433725044 0.25770278450625 0.410710865254001 0.433799725893043 0.392422348621851 0.372866479388729 0.344359917494339 0.282407297809945 0.165229791228496 0.134132180003446 0.0507612618160587 0.0433627576393593 0.0139332882079881 -0.0555454945201111 -0.0345133204058066 -0.0130055726132289 -0.0165476559878501 -0.0502469635361376 -0.1201912672843 -0.150983627467592 -0.152132344812625 -0.173851048987814 -0.229951869939122 -0.235070940793379 -0.266520195855442 -0.27493980645545 -0.291230581413361 -0.273453187799969 -0.276224993579455 -0.27798778604719 -0.20422144681021 -0.170347417003198 -0.133409378263142 -0.110636142327007 -0.0449901469600993 -0.000797275513890361 0.0408221793561701 0.086090502701489 0.112419118787461 0.131190575885363 0.162632264120374 0.114856734456494
-0.827806591541923 -0.731334867856763 -0.612374176623479 -0.648366362074442 -0.6131795152113 -0.46893892561573 -0.588162633095342 -0.656417298894964 -0.0633784005483388 -0.0332708823803038 0.139543332937783 0.380794978456276 0.447763643712436 0.379434161763531 0.36046725169477 0.330360202756681 0.312052830474389 0.146471647190741 0.130312878390265 0.0803805514582326 0.0466633489337165 0.0106698214973676 -0.0268474598178443 -0.0248325806068163 -0.011222578574866 -0.0498328857435425 -0.0674679311901107 -0.0684004725287884 -0.123110475988605 -0.150101863264131 -0.176067567466984 -0.226411098636707 -0.255124719416499 -0.26652617303763 -0.28422793504445 -0.295548552405876 -0.31002440419016 -0.296228484152825 -0.286741845348204 -0.143102952107747 -0.122747750801755 -0.181413816453708 -0.0460525767884298 -0.0601044357741779 -0.00766201986048826 0.0078866406406678 0.0421272411374043 0.078746161969992 0.105727355595541 0.249927375417535 0.224662569812319
