data/pcas/pcas_can_126/pca_referenceLayers_can_126/PC06.asc
NCOLS 494 
NROWS 529 
XLLCORNER -117.166666666667 
YLLCORNER -55.5 
CELLSIZE 0.166666666666667 
NODATA_value -3.4e+38 
[rows 161 to 183 of 529, columns 357 to 407 of 494]
0.171093077207293 0.278070096551753 0.264310262401526 0.278863011108137 0.280452276231668 0.271591446876032 0.280703543256143 0.344837981832985 0.299031580982314 0.218024617697734 0.184753602178457 0.124851381493558 0.164364762727088 0.292888771799961 0.280221494072441 0.321402274302258 0.325784314323154 0.346758852428181 0.394158404226786 0.379225175836168 0.412915340737732 0.273000809028784 -3.4e+38 -3.4e+38 -3.4e+38 -3.4e+38 -3.4e+38 -3.4e+38 -3.4e+38 -3.4e+38 -3.4e+38 -3.4e+38 -3.4e+38 -3.4e+38 -3.4e+38 -3.4e+38 -3.4e+38 -3.4e+38 -3.4e+38 -3.4e+38 -3.4e+38 -3.4e+38 -3.4e+38 -3.4e+38 -3.4e+38 -3.4e+38 -3.4e+38 -3.4e+38 -3.4e+38 -3.4e+38 -3.4e+38
0.0571384534047951 0.121656958765746 0.232260068468223 0.258119100457197 0.252559936023812 0.349775928039819 0.356099210685754 0.329235074885235 0.162460392219059 0.115494939123591 0.156505839088354 0.104894182933577 0.0686706361946794 0.077686067616289 0.142446479734655 0.134661424759687 0.188168873618996 0.175279982895487 0.221173968915679 0.243962997890793 0.302415442557382 0.301371527527115 0.412164984859217 0.441984518216584 -3.4e+38 -3.4e+38 -3.4e+38 -3.4e+38 -3.4e+38 -3.4e+38 -3.4e+38 -3.4e+38 -3.4e+38 -3.4e+38 -3.4e+38 -3.4e+38 -3.4e+38 -3.4e+38 -3.4e+38 -3.4e+38 -3.4e+38 -3.4e+38 -3.4e+38 -3.4e+38 -3.4e+38 -3.4e+38 -3.4e+38 -3.4e+38 -3.4e+38 -3.4e+38 -3.4e+38
0.131502273888166 0.175847293498485 0.317857971354705 0.254479358972532 0.243844616415274 0.280552517086839 0.296698191253199 0.346086796884868 0.224299991002784 0.21272921624587 0.175484698788171 0.142257324249464 0.116491846026178 0.0534284264884558 0.0341089715368959 0.0653550670912151 0.124739099243362 0.124810081085244 0.151541196591731 0.147495985439326 0.187635635306318 0.261766002056567 0.33561517592851 0.449846904364592 0.523422409819928 0.654473733380811 0.826469991416842 -3.4e+38 -3.4e+38 -3.4e+38 -3.4e+38 -3.4e+38 -3.4e+38 -3.4e+38 -3.4e+38 -3.4e+38 -3.4e+38 -3.4e+38 -3.4e+38 -3.4e+38 -3.4e+38 -3.4e+38 -3.4e+38 -3.4e+38 -3.4e+38 -3.4e+38 -3.4e+38 -3.4e+38 -3.4e+38 -3.4e+38 -3.4e+38
0.151074753602951 0.226065433609187 0.289075872644867 0.262017866607553 0.248365815281775 0.300699305448822 0.36544251742534 0.476296042351288 0.3628879016342 0.253263672817317 0.195348358461415 0.182122224062979 0.0695556558226279 0.0354535711700225 0.0239695150599856 0.0448744609967803 0.0721689041062547 0.0904308326841916 0.1333405602408 0.150724355531169 0.233427323690392 0.203387633111334 0.224649500101245 0.325694705393214 0.491415993797584 0.661285384705084 0.706244268684247 0.962282253662288 1.08907667718541 -3.4e+38 -3.4e+38 -3.4e+38 -3.4e+38 -3.4e+38 -3.4e+38 -3.4e+38 -3.4e+38 -3.4e+38 -3.4e+38 -3.4e+38 -3.4e+38 -3.4e+38 -3.4e+38 -3.4e+38 -3.4e+38 -3.4e+38 -3.4e+38 -3.4e+38 -3.4e+38 -3.4e+38 -3.4e+38
0.223223423518504 0.282896410102253 0.290304186242848 0.317486860014067 0.336404361104537 0.328573201066857 0.392997022733472 0.4020312296091 0.395101279991878 0.350916190476248 0.256814561121149 0.249265500944829 0.216418761964929 0.0560685207888684 0.0197589465082347 0.071738625554265 0.10074002067418 0.135854447648728 0.136274648943104 0.207788030651823 0.233852354961465 0.235462953434251 0.234125576686248 0.351933514936232 0.464181287896597 0.552973758609919 0.789100222622284 0.854920269848194 1.05017504083194 1.14784085464548 -3.4e+38 -3.4e+38 -3.4e+38 -3.4e+38 -3.4e+38 -3.4e+38 -3.4e+38 -3.4e+38 -3.4e+38 -3.4e+38 -3.4e+38 -3.4e+38 -3.4e+38 -3.4e+38 -3.4e+38 -3.4e+38 -3.4e+38 -3.4e+38 -3.4e+38 -3.4e+38 -3.4e+38
0.280742392982078 0.313052125786273 0.32284867930454 0.344063080635626 0.354815961345532 0.399423234357917 0.373091955317965 0.349610422966407 0.37938593340302 0.370835397741015 0.310487332628107 0.245562140685805 0.277047666988639 0.112862478165636 0.103498362907963 0.22347043270726 0.149142506485871 0.178296061578446 0.125749050263998 0.154115141699671 0.238802653118265 0.202933580645907 0.206939291619036 0.301512516798493 0.369788314043228 0.436427555774553 0.56419521238691 0.739127534738981 0.855350196169925 0.991113835357644 1.12905787599946 -3.4e+38 -3.4e+38 -3.4e+38 -3.4e+38 -3.4e+38 -3.4e+38 -3.4e+38 -3.4e+38 -3.4e+38 -3.4e+38 -3.4e+38 -3.4e+38 -3.4e+38 -3.4e+38 -3.4e+38 -3.4e+38 -3.4e+38 -3.4e+38 -3.4e+38 -3.4e+38
0.277499839477579 0.281127709827805 0.35901315874989 0.344552562064695 0.289374055696162 0.322358419517396 0.376425594743172 0.376962991443178 0.376156752904624 0.326167260185645 0.30796847707874 0.236287315857966 0.25471227498294 0.178611752627323 0.123051777227258 0.182169601619846 0.23775597605721 0.19212639408172 0.187984287423895 0.200385536446468 0.213446221866494 0.273779714890418 0.255177907570146 0.337908211457049 0.301822723915408 0.396859736656292 0.478718956114224 0.650018876758388 0.778764214873225 0.875619291588922 1.05882502516796 1.18211188547388 1.11654668980929 -3.4e+38 -3.4e+38 -3.4e+38 -3.4e+38 -3.4e+38 -3.4e+38 -3.4e+38 -3.4e+38 -3.4e+38 -3.4e+38 -3.4e+38 -3.4e+38 -3.4e+38 -3.4e+38 -3.4e+38 -3.4e+38 -3.4e+38 -3.4e+38
0.322350919682544 0.2924193185433 0.388682469434067 0.361103438008469 0.342355073904159 0.360660462350699 0.363468228635788 0.350693397866719 0.342177533523789 0.347231516009497 0.317366344336946 0.289960560598173 0.255095128512447 0.227843865476829 0.14417723494095 0.229446201845787 0.217804135335718 0.152944135770683 0.215247049645083 0.243216240057351 0.227367459823514 0.241310599473649 0.267009303872439 0.285656379608654 0.287009436528695 0.36897183815082 0.510366541267465 0.663994535191302 0.691358098287158 0.823813565009263 0.938281132064385 1.07957034922918 1.14763326994108 1.01348460423284 1.04065233642949 -3.4e+38 -3.4e+38 -3.4e+38 -3.4e+38 -3.4e+38 -3.4e+38 -3.4e+38 -3.4e+38 -3.4e+38 -3.4e+38 -3.4e+38 -3.4e+38 -3.4e+38 -3.4e+38 -3.4e+38 -3.4e+38
0.400909006748265 0.424751803857114 0.413337961428714 0.3622873234166 0.355059268529026 0.389384044724527 0.40113057924816 0.367829581352106 0.327058788671509 0.331246968463564 0.328631336603211 0.323027067222618 0.282650632052098 0.240289927216598 0.176440324912784 0.199640972393841 0.188704759141587 0.14668422636112 0.161534957435579 0.221377868749433 0.22864680167947 0.232574961772906 0.189554750077235 0.234453880061553 0.245799054100741 0.228765570948804 0.409007781228931 0.553424800452003 0.604536430959841 0.639353705521702 0.755885711512914 0.845477019029846 0.872656729065398 0.987762939507158 1.01722773499312 -3.4e+38 -3.4e+38 -3.4e+38 -3.4e+38 -3.4e+38 -3.4e+38 -3.4e+38 -3.4e+38 -3.4e+38 -3.4e+38 -3.4e+38 -3.4e+38 -3.4e+38 -3.4e+38 -3.4e+38 -3.4e+38
0.373729382337514 0.382674882536127 0.430692497747867 0.395808493671042 0.45559672074826 0.451646845265579 0.431557977992084 0.397245636239166 0.407986410141393 0.446823517552047 0.335699239450807 0.354035124879965 0.28012880695774 0.230308850663943 0.219164368425673 0.18919572229351 0.16584065556687 0.193999860677106 0.178472352581111 0.244656893318058 0.179885763694191 0.162807776434609 0.132184483339195 0.138496627756834 0.166843605120371 0.214001591670559 0.275960499361272 0.461187551555647 0.54055175699312 0.57978084539496 0.732559550616094 0.749518959440706 0.864381036869935 0.847858160126535 0.956999282669947 0.857581306230424 -3.4e+38 0.871094786550989 -3.4e+38 -3.4e+38 -3.4e+38 -3.4e+38 -3.4e+38 -3.4e+38 -3.4e+38 -3.4e+38 -3.4e+38 -3.4e+38 -3.4e+38 -3.4e+38 -3.4e+38
0.464216962253204 0.432092551497208 0.423025821663999 0.387501140643807 0.429758205092881 0.43930502483705 0.432545451875292 0.406820045179765 0.453026470706555 0.484957705114489 0.364973727777337 0.388086458917902 0.312390205282428 0.275597605027158 0.178137459996996 0.194392794488344 0.189341580383454 0.22215289949319 0.134756204168456 0.139432120238189 0.117530481557417 0.0707415839330982 0.116488917703582 0.136833426027049 0.227105424460645 0.20890405201754 0.242487971353145 0.378695713161321 0.476280407701354 0.525228026888871 0.655391693867309 0.682743507147083 0.757919437900516 0.760062317605127 0.856037813641437 0.89145856038603 0.981383784065606 0.929142366299989 -3.4e+38 -3.4e+38 -3.4e+38 -3.4e+38 -3.4e+38 -3.4e+38 -3.4e+38 -3.4e+38 -3.4e+38 -3.4e+38 -3.4e+38 -3.4e+38 -3.4e+38
0.432529988697081 0.406983864939431 0.50016685862533 0.476896760648349 0.472959919474571 0.447426669337233 0.446526854228479 0.460297031878534 0.472668986582251 0.4841068898519 0.418346070871616 0.432646994198849 0.315640687379026 0.305229048068006 0.225591027647291 0.164218668958065 0.165701423370387 0.164118869362679 0.126769330803798 0.0599661973293255 0.11116812646581 0.0921122653850482 0.141599181541269 0.157926413402043 0.177137547130512 0.256049771080199 0.250899678087885 0.451864961861222 0.372912828326096 0.511810033501312 0.586148663244238 0.657012863422355 0.691498623134392 0.68869123980413 0.795718823172599 0.881915116946099 0.946485489472581 0.952045415723091 0.904908736473964 -3.4e+38 -3.4e+38 -3.4e+38 -3.4e+38 -3.4e+38 -3.4e+38 -3.4e+38 -3.4e+38 -3.4e+38 -3.4e+38 -3.4e+38 -3.4e+38
0.18144151631349 0.486770707504417 0.4643843310598 0.440119602162083 0.477965277349938 0.483443821154401 0.469050491640046 0.527401855100298 0.493380894392761 0.521129192741459 0.523244054943067 0.406091618851847 0.372091669774785 0.305291726690183 0.273770831876354 0.235571401881569 0.177329604931886 0.169637144275946 0.0851267858558842 0.0484117649835244 0.0410447277300167 0.0550087636730427 0.10294337045791 0.0988124806096013 0.152578695231206 0.291941056163444 0.364985546756598 0.435547753608498 0.433918962130075 0.455709994759539 0.603378318337877 0.608014846088495 0.568379713566117 0.6284866836514 0.720642217320286 0.79156007786055 0.953639766559321 0.96386984786941 0.993357730726899 -3.4e+38 -3.4e+38 -3.4e+38 -3.4e+38 -3.4e+38 -3.4e+38 -3.4e+38 -3.4e+38 -3.4e+38 -3.4e+38 -3.4e+38 -3.4e+38
0.291444923615409 0.260625481229552 0.210166218700281 0.232715087651426 0.492296060212664 0.48664665258221 0.477102882347994 0.549696158466067 0.543351564390281 0.545292521840216 0.530978820497236 0.486276195190881 0.411169777595925 0.344498963412819 0.290187642301118 0.256310035808565 0.197065849040227 0.155598668012886 0.0992575602878869 0.108059694477031 0.0912347398488207 0.06550994222143 0.117466075512673 0.191637903072397 0.223108884042457 0.250466950167676 0.351087147038072 0.416678173889597 0.421478329534681 0.493183161462942 0.552323306406184 0.584799290720842 0.586996871548484 0.60917634317505 0.643673614998441 0.730789699033323 0.824656680233735 0.970710420806195 1.01611696456109 -3.4e+38 -3.4e+38 -3.4e+38 -3.4e+38 -3.4e+38 -3.4e+38 -3.4e+38 -3.4e+38 -3.4e+38 -3.4e+38 -3.4e+38 -3.4e+38
0.31324000582012 0.270605903645599 0.242411298250013 0.237360329229577 0.238431193223558 0.488001631175271 0.499358407364395 0.57330637558502 0.531362302162269 0.539516107651775 0.546770735613795 0.506520668375829 0.440861003548408 0.365110871495533 0.307975751317825 0.262342530548834 0.213963840796339 0.163450079491193 0.153467209742432 0.105671842131447 0.108098013708284 0.109859244399582 0.0927355568648173 0.154237858248873 0.172592952589382 0.232508143869661 0.273200566230453 0.379623029522803 0.393493718018009 0.436590553759302 0.450293425996893 0.541280398374732 0.530858898652864 0.575178231886758 0.638277416121517 0.727975887653551 0.792890859568586 0.929739975316139 1.02553191941887 -3.4e+38 -3.4e+38 -3.4e+38 -3.4e+38 -3.4e+38 -3.4e+38 -3.4e+38 -3.4e+38 -3.4e+38 -3.4e+38 -3.4e+38 -3.4e+38
0.272752964898001 0.269601543779098 0.247891242343342 0.26475210044021 0.528241977953469 0.541899661859705 0.513939888827683 0.53238935770386 0.523007913449143 0.517560996668653 0.506726496727967 0.493069296715103 0.436570007301725 0.433682517182756 0.320437147781908 0.261696462583955 0.285465678740978 0.280855782224689 0.183819915314837 0.200079504035573 0.146281268880402 0.143349050446064 0.160929001774047 0.0768802548450395 0.254349698746834 0.289561777499418 0.330058828881841 0.344892089572354 0.353564377174423 0.380670406585775 0.436670569509855 0.512911099207592 0.505826969674959 0.534950604739108 0.602723971715461 0.660452226393981 0.772558817513961 0.873674059776618 0.971431346290028 -3.4e+38 -3.4e+38 -3.4e+38 -3.4e+38 -3.4e+38 -3.4e+38 -3.4e+38 -3.4e+38 -3.4e+38 -3.4e+38 -3.4e+38 -3.4e+38
0.256060717701403 0.263431118195138 0.269094856092157 0.252128109593616 0.249793060620933 0.297914191780911 0.51505160049747 0.502890724471238 0.524935947284383 0.484305970629373 0.47411946220453 0.489408621409154 0.436336366014629 0.412143169034224 0.397263468566059 0.362420197406684 0.297299680989922 0.275601463647699 0.100741187198232 0.0995882817510328 0.182416612592706 0.042680613322009 0.162161511187883 0.0500845341692269 0.0779871386099125 0.151358090832185 0.167117259000179 0.319556678101491 0.357602240732779 0.391672527017327 0.428836652832625 0.44480485905065 0.50278040941137 0.573194903121041 0.581216648674716 0.650011495671657 0.745670798582236 0.870392058586848 0.935616346901016 -3.4e+38 -3.4e+38 -3.4e+38 -3.4e+38 -3.4e+38 -3.4e+38 -3.4e+38 -3.4e+38 -3.4e+38 -3.4e+38 -3.4e+38 -3.4e+38
0.266364359099384 0.272119446274264 0.284983111066767 0.28163923489508 0.250841767571135 0.294793243084046 0.290899774457672 0.470774890041836 0.531601461090473 0.506198154362383 0.455484675973974 0.458969691194353 0.445313426626707 0.398411672238595 0.410240242296572 0.38673143756893 0.315585713604533 0.166569809984331 0.104911390348353 0.124721256196075 0.105415265990335 0.0776003081984279 0.0438816196129459 0.0736387591854299 0.108230853120316 0.119549215471808 0.118489539544227 0.190971498992455 0.191748082308095 0.395293642504176 0.2486744992197 0.425685253463428 0.494094056088769 0.579120166455414 0.638117026842058 0.661920265436176 0.751415496970874 0.868335153068361 0.946341536671746 1.03764786896388 -3.4e+38 -3.4e+38 -3.4e+38 -3.4e+38 -3.4e+38 -3.4e+38 -3.4e+38 -3.4e+38 -3.4e+38 -3.4e+38 -3.4e+38
0.257148707010343 0.262000461689583 0.274513514312696 0.278684470279168 0.262830337829014 0.291873043189868 0.268931732068345 0.480335860184588 0.481009463835187 0.471682024557834 0.438167968981424 0.43486046088282 0.410694286549639 0.266387189839997 0.270094485448134 0.373113947283888 0.215436191357578 0.164968386102211 0.135670813448017 0.135197685611894 0.103198502701518 0.0789972211613816 0.0698148547955945 0.0913891388378068 0.135498800641997 0.150598265130267 0.150250643036798 0.168924308116483 0.170908833194698 0.197644728894168 0.407315136986255 0.455059543024422 0.519017548897485 0.576763008928541 0.632367223750889 0.635296518807574 0.722018456128596 0.847399551599791 0.917907091003684 0.984394456439411 -3.4e+38 -3.4e+38 -3.4e+38 -3.4e+38 -3.4e+38 -3.4e+38 -3.4e+38 -3.4e+38 -3.4e+38 -3.4e+38 -3.4e+38
0.277898741030058 0.280896365967444 0.277317959477104 0.27806649438366 0.310955219935565 0.276273538469618 0.284824148635799 0.218658234117161 0.197773474822813 0.315484878769025 0.425978569429579 0.298657708653477 0.409327221464439 0.240172511832509 0.248469222284658 0.24826018705555 0.190144394149226 0.173977867912372 0.170609284436788 0.137310472908658 0.0895827730183888 0.0829793791411668 0.102297803114055 0.131087292973637 0.138989786821991 0.152924245230484 0.179022060552888 0.156377197038107 0.152604676073625 0.231339597823881 0.252171990620881 0.34310900523772 0.535637961899847 0.585836495317379 0.49937578309212 0.659280474241466 0.731776824498812 0.860182564603092 0.919568417524587 0.980372388856789 0.922184347414409 -3.4e+38 -3.4e+38 -3.4e+38 -3.4e+38 -3.4e+38 -3.4e+38 -3.4e+38 -3.4e+38 -3.4e+38 -3.4e+38
0.280885170663393 0.281842829581933 0.252960964007464 0.272950411588707 0.298316848480895 0.287403983686585 0.264500102974763 0.250800891077002 0.360125356464372 0.320426998321022 0.284255466257459 0.293071447363935 0.265522020628692 0.239968518654435 0.240303648169326 0.223914370058872 0.233064946898718 0.194830218980708 0.168306038804772 0.156858729464065 0.103663603758175 0.112213230114315 0.172933407999349 0.173950903121045 0.146295074909423 0.177446834933383 0.158056142872668 0.137904856786419 0.165500137450029 0.213557137601178 0.243252327128189 0.316548040523184 0.388910755498626 0.434999503832616 0.473728366634882 0.534278659083785 0.574855030718167 0.83067236090224 0.786469119413505 1.01764256950722 1.08740125402187 -3.4e+38 -3.4e+38 -3.4e+38 -3.4e+38 -3.4e+38 -3.4e+38 -3.4e+38 -3.4e+38 -3.4e+38 -3.4e+38
0.292262952232147 0.267249594060886 0.270785844267922 0.284842952054094 0.288399096933776 0.272159636996388 0.2728816216256 0.214191264205498 0.223342364448223 0.293534190233996 0.101145770940078 0.246804312180238 0.263056162950933 0.248550330469801 0.240179523175069 0.203018908059703 0.198556597049105 0.193178834235015 0.167523358297352 0.177151313271589 0.133799001423448 0.132715501022581 0.157062550467729 0.130149113081218 0.152124889552574 0.163252297595784 0.15456666140632 0.132337165119496 0.167491141824329 0.219769451383301 0.275760408430357 0.294609603460361 0.377469238510315 0.430751903767121 0.485923335827461 0.538892957877421 0.556150998092203 0.648832795354808 0.919964487464419 0.848421397729118 0.931950892826732 -3.4e+38 -3.4e+38 -3.4e+38 -3.4e+38 -3.4e+38 -3.4e+38 -3.4e+38 -3.4e+38 -3.4e+38 -3.4e+38
0.267224670224813 0.259179003744348 0.270340163224039 0.273554360844023 0.295204596018979 0.277048500943141 0.260066242176818 0.245751069555913 0.234058350177556 0.216056590227523 -0.0603650711791752 -0.0304107527770546 0.26972071896144 0.282135027507178 0.265997877578263 0.213559501442137 0.205757163169639 0.208840715176938 0.20381888656492 0.208919712818902 0.187510599813947 0.156071874485594 0.159931772743578 0.153243527487704 0.169628646023243 0.148282083281988 0.1850670440902 0.17584422398725 0.162948231520528 0.211232196254256 0.289699929120483 0.282211893061815 0.371125713186875 0.437248632502839 0.487486004490289 0.524786862037401 0.537833461103476 0.66171081943571 0.731493123462689 0.839313404690406 0.962709753620921 1.02778675783307 -3.4e+38 -3.4e+38 -3.4e+38 -3.4e+38 -3.4e+38 -3.4e+38 -3.4e+38 -3.4e+38 -3.4e+38
