data/pcas/pcas_can_126/pca_referenceLayers_can_126/PC06.asc
NCOLS 494 
NROWS 529 
XLLCORNER -117.166666666667 
YLLCORNER -55.5 
CELLSIZE 0.166666666666667 
NODATA_value -3.4e+38 
[rows 345 to 367 of 529, columns 357 to 407 of 494]
0.571466692101999 0.687627333609534 0.819664459137053 0.753839429594682 0.816765785628054 0.637913462323666 0.419334941748789 0.172570842530752 0.0792779537055955 0.0190700403471579 -0.124092063328671 -0.22612902940119 -0.298730432591862 -0.3219199432057 -0.344416564974941 -0.435630621125696 -0.603490880567183 -0.671942479129335 -0.599529775121234 -0.424908512914593 -0.588028100369232 -0.552826236186164 -0.62352983387015 -0.676088999964305 -0.654670554607228 -0.518180744543152 -0.400931332140594 -0.302091652532259 -0.12557213637159 -0.0249239299534119 -0.0168791890938836 -0.108759020461436 -0.217802267029412 -0.238595430620522 -0.167112456226998 -0.186109270619851 -0.271486782238777 -0.285674423903073 -0.264572348746458 -0.325137377259501 -0.362158666904504 -0.359790087471791 -0.333617307490256 -0.32720297626678 -0.267312857291131 -0.161389668334556 -0.0827033802445712 0.117290300932511 0.122351930755805 0.0905584618139442 0.339641073994591
0.601331878131621 0.682906995878708 0.75734376937572 0.718784418970625 0.697556784610016 0.569207605941245 0.400091182489705 0.206312285907831 0.0869778500720038 -0.00541931073042629 -0.141146290741776 -0.243465712879115 -0.255729321870872 -0.163052625660453 -0.288218570266935 -0.414207307382821 -0.585920057893484 -0.669196218302883 -0.612050897549931 -0.469467076453373 -0.634586173955286 -0.542734703209619 -0.613239029004635 -0.593619322198204 -0.702634758091649 -0.662726831612005 -0.588326169308168 -0.511557275132041 -0.404898046521555 -0.315912273762175 -0.220389860556626 -0.259016917745163 -0.29063687558356 -0.30864828045375 -0.241900876102193 -0.240868840719021 -0.245721473054032 -0.253227523451464 -0.228127765821914 -0.364532370593548 -0.361185589108395 -0.359103534552653 -0.278027775657362 -0.300041045033123 -0.216966991395991 -0.0594231462642703 0.0944631620987752 0.220470684986311 0.265389939802315 0.432283896291479 0.614678078605642
0.713279052657903 0.722762551006733 0.796445531625337 0.722397926306783 0.665273773487121 0.489001835892094 0.349609838117334 0.23498413734052 0.0757321162870436 0.0159332650294068 -0.14041042642011 -0.201644839919607 -0.162699958401575 -0.226609675359565 -0.0582804079536097 -0.284774780572238 -0.523589120260233 -0.655105643098569 -0.579390151477286 -0.456816731557185 -0.692836326784136 -0.601012367584374 -0.592719968052001 -0.537844253210419 -0.784453617125968 -0.762080070541694 -0.700695394922856 -0.574117272392341 -0.478725337593269 -0.441790643745981 -0.45173369444295 -0.464213309493791 -0.448302452250896 -0.428549668437186 -0.36726882458926 -0.361762526256932 -0.377840896832662 -0.297682222194365 -0.287168221497607 -0.350184052148373 -0.352708170889141 -0.324068815031127 -0.215292705161552 -0.156300446049389 -0.0968237387931186 0.0151517346019078 0.164308940705918 0.296635979129464 0.425345893965099 0.606067333872605 0.632630104025487
0.732135289317619 0.704277886008101 0.735974627145726 0.77924124667286 0.595091660446828 0.45019231236388 0.310221555661479 0.178915474547913 0.101199504080453 0.00267886085318465 -0.10671013589255 -0.183503924053618 -0.205532220636214 -0.183662566771227 -0.282012881523362 -0.316980633542078 -0.487344625878822 -0.629832554665155 -0.49927973358283 -0.703608220242838 -0.837045336802419 -0.700865571366644 -0.650903371315543 -0.556029248903094 -0.7784447918995 -0.748373383709882 -0.669747227299736 -0.514282009783115 -0.601023348664094 -0.581387403607867 -0.604369096875639 -0.609021790391521 -0.559715868971525 -0.491421463234463 -0.481654279428348 -0.53335078749903 -0.459612798534266 -0.378339852804485 -0.346180712298202 -0.317738503028742 -0.342823020023492 -0.241955592219398 -0.107626273198296 -0.0427264177617196 -0.0414203948187579 0.0440519417764825 0.137062271559034 0.226584884064372 0.37854436978975 0.441096490234145 0.433766152219618
0.679307316126845 0.607378773244229 0.618965048143352 0.594420942829576 0.50526955840187 0.389657692131539 0.300360675533366 0.191929351463088 0.0942018239723809 0.00337642124064577 -0.107720432497603 -0.190090025597743 -0.233776372019642 -0.276491449768551 -0.350618577570728 -0.447928879488495 -0.573226120668896 -0.675361027225935 -0.637448399108455 -0.677276952823113 -0.556431157780296 -0.46260187643316 -0.533056167502994 -0.577907567005748 -0.666690507744557 -0.602615656885499 -0.594588756913705 -0.536631948813268 -0.499480668361543 -0.58428171120075 -0.564728874694104 -0.652308828962732 -0.553135756705983 -0.630252247108348 -0.608053166298988 -0.577281232616159 -0.51881259930222 -0.379512345693995 -0.329828040760631 -0.307586820908454 -0.296238851615866 -0.243320571278974 -0.16207277241945 -0.0240272529724961 0.00231328920849967 0.0654013829868031 0.0552306769469903 0.0765668707615635 0.239247267271488 0.381135341871827 0.436876587943298
0.665973263596145 0.611751791603931 0.534751423897642 0.350463611621465 0.401727491730198 0.351319091059158 0.296576633181293 0.253196690556467 0.203074302810759 0.0323193583884122 -0.0869671458102088 -0.213233586869011 -0.266239663213515 -0.311810051794952 -0.373134133012341 -0.529058827059779 -0.584528752683126 -0.674619970298548 -0.564723145941324 -0.525156125034747 -0.473327186519961 -0.495310121015099 -0.510722131948464 -0.582731997198035 -0.600606295210334 -0.69590412843508 -0.69110299735592 -0.753445510205864 -0.715354256085071 -0.816403393985932 -0.766341370399272 -0.686874470284806 -0.663480666824881 -0.635609754754187 -0.695187522154613 -0.637276432450008 -0.487845772207789 -0.400806614228651 -0.420942865561789 -0.337845456869367 -0.318012141720427 -0.289211754708502 -0.217320307755724 -0.0931268409634189 -0.00912847409665024 0.0115256551671027 0.047221656168187 -0.0222303895652379 0.188874176727772 0.356038898628487 0.518412439579351
0.659449781915386 0.624970517227613 0.466677017947416 0.386473946378134 0.451626360685342 0.374140047485773 0.308907436022031 0.256070186797516 0.219275995549432 0.12090696865464 -0.0590206916881128 -0.208325982047739 -0.3330197105826 -0.403414844222938 -0.469000311683476 -0.550569874068655 -0.565411427442156 -0.618896380061315 -0.490481762946821 -0.458244778155149 -0.45117564850381 -0.383093378934566 -0.49520105797656 -0.612286860051449 -0.601106494126586 -0.811695619614734 -0.863435152115397 -0.897276052509057 -0.91220135192847 -0.92571900280761 -0.953520329012247 -0.88732232384443 -0.842691675057602 -0.645281365987603 -0.57549577753552 -0.589690779063752 -0.538363818752577 -0.54685495601723 -0.462711400250837 -0.371976672360963 -0.394690731130991 -0.348820714073108 -0.272604841280075 -0.124569428959192 -0.0578385771207777 -0.0379338819383093 -0.0779382280730778 -0.0776501171122882 0.0689073332350382 0.303675406674509 0.466917917544534
0.660839953054068 0.552770005056834 0.359148468027813 0.308345761277703 0.376524987247148 0.332263399839235 0.312332963175932 0.31196635336808 0.19503430919018 0.0819665188215117 -0.021315736235316 -0.116479015782104 -0.246020560020627 -0.34405455282437 -0.455603421528378 -0.504894135403036 -0.508859046977297 -0.439593511938656 -0.348067424204435 -0.369095896758885 -0.368123453110357 -0.388130867109871 -0.49831217965681 -0.73161188168182 -0.77436912266666 -0.853482963056557 -1.04096488586751 -1.00065952966325 -1.07846465410511 -1.12187179543503 -1.01703150226704 -1.00319236934854 -0.954704424376312 -0.760597500931899 -0.647033132984274 -0.606685448691308 -0.673683536933886 -0.677979446491963 -0.582081602189382 -0.482714764220228 -0.482219077188791 -0.53343554473563 -0.412726318604176 -0.285225622071329 -0.174960048859574 -0.109836354171409 -0.192348062644727 -0.0502806819585423 0.122350705625864 0.238657553947244 0.440856770414604
0.711457528544299 0.628260250715901 0.379671493959 0.255786845413277 0.265189417697256 0.303444230449539 0.324032022788617 0.311217800413282 0.214484874371366 0.0880675771586237 -0.011827763760301 -0.113147251670091 -0.189002136093634 -0.344316427479056 -0.427936930324173 -0.456633561494291 -0.455835881845491 -0.34580287954183 -0.184394813715068 -0.204626232019248 -0.286029802730287 -0.425757278829137 -0.590258823169002 -0.831652854114276 -1.03964348607173 -1.09191901391559 -1.17688531340867 -1.17318800624805 -1.23288618869716 -1.22633554614612 -1.20479447872943 -1.08224495460176 -0.964017316558851 -0.813995887273889 -0.754581760182167 -0.665053037575611 -0.650625256365972 -0.679447712207097 -0.63212332061351 -0.625745245232988 -0.669968680011901 -0.634302906149188 -0.489841243867534 -0.383049663787351 -0.255455151329613 -0.215079055253827 -0.146415345934112 -0.098236539610937 0.0838551143065959 0.250345312227758 0.498455704893552
0.753892514429414 0.631653013648308 0.520580341542281 0.402854905582441 0.364095419706249 0.352756598353894 0.310441935702855 0.278542273777295 0.182878572847769 0.104970830997777 -0.00499573265976352 -0.00307525880555032 -0.215236746332412 -0.363184370703242 -0.439275890468797 -0.481837131304162 -0.38608153559377 -0.227162766452316 -0.086670241054989 -0.185650399161878 -0.272314600511252 -0.471657967798137 -0.701453417713033 -0.804318125653849 -1.05186056797692 -1.05325206833319 -1.18753853633183 -1.26536013006252 -1.20421344806106 -1.20792573849795 -1.27146395594787 -1.1857518535891 -0.988806796263445 -0.852972043461349 -0.795519566968369 -0.745738683913173 -0.712419027786334 -0.686995563234479 -0.619540048574938 -0.58329324525486 -0.561842446976446 -0.500712005182982 -0.3340489091964 -0.377377275234177 -0.325638298906311 -0.181783452823708 -0.0512963550366233 -0.00417172191641736 0.13705003795511 0.378029027886934 0.728459798090276
0.70867079655786 0.664498942243198 0.624930293824247 0.474546100336002 0.393227048785841 0.374857140197218 0.335274853510959 0.272147388206306 0.144816358747768 0.0627912992000197 -0.0217956539177797 -0.0805198215907142 -0.288554528079781 -0.437576932783843 -0.460260781259087 -0.479629504541577 -0.374094370008549 -0.184405288216533 -0.127749749461063 -0.188605633667274 -0.351348279138633 -0.550039630616997 -0.730725885689091 -0.78932244268912 -1.00897859128328 -0.967821034561642 -1.05184066056165 -1.12312542540422 -1.12476331605924 -1.13011780340028 -1.19802112324647 -1.22906935297108 -1.1100884463595 -0.863113009155425 -0.798404971841138 -0.845115040269229 -0.815669497001908 -0.691403962978302 -0.650460807960011 -0.563767996074259 -0.537374720035817 -0.46005985603564 -0.353217860254232 -0.278728004044132 -0.242191864656109 -0.119359744516008 0.0326990052288789 0.0815413933660714 0.238586923328285 0.426511700849013 0.644137794008321
0.711969746709668 0.635518255352409 0.565790932475191 0.529530006454337 0.430968627646041 0.364827499089948 0.31542473676838 0.213339153637875 0.143581571760494 0.0572785581586587 -0.0204528480045811 -0.205020795429424 -0.357441753541499 -0.453315502281382 -0.48849873830782 -0.457748552849795 -0.311831830245439 -0.245388426331575 -0.212000517410221 -0.304575253147655 -0.477789724408382 -0.541369489365376 -0.658458221723464 -0.70615482798225 -0.906797516553933 -0.92429459109013 -0.999541839615757 -1.0588132054023 -1.00455700645671 -1.01667586084839 -1.07141197314198 -1.23137573156538 -1.14829325374175 -0.916895099567656 -0.771775051737501 -0.780775701332687 -0.820738020267098 -0.665011980963173 -0.572444121622678 -0.501236447404652 -0.507673669153723 -0.446759052421329 -0.394285886984444 -0.282559632216681 -0.140335965456297 -0.130119164828106 -0.00557415935450037 0.177162097345071 0.350051109352057 0.451564558459794 0.547857998553385
0.754663764101327 0.684698452265727 0.543680453965064 0.430550344464879 0.380421302696123 0.329009431734094 0.346007633666211 0.213107644271643 0.137809850577516 0.0117064890085527 -0.1224172457473 -0.253266424442303 -0.358720539659691 -0.396761578328563 -0.408864327731018 -0.363010955078332 -0.317911729861345 -0.277585006786082 -0.285747009641679 -0.437419210027419 -0.424470561697374 -0.46215297877221 -0.509611632923789 -0.606111674964836 -0.853805996417853 -0.870614513247802 -0.914685438559961 -0.915756145923017 -0.8586872309716 -0.843903539098972 -0.960864423446639 -1.08074217822519 -1.02255588909962 -0.888026880015851 -0.793105187477832 -0.709490197820375 -0.657132483931314 -0.587947222193466 -0.541656114296865 -0.533583619463142 -0.506031527458612 -0.406598543244614 -0.30488730257113 -0.241786213525064 -0.150025880430756 -0.151432591981135 -0.0467565555561264 0.0770409714972873 0.316878607777571 0.419634223219231 0.485412732315252
0.67142376024691 0.659121894466174 0.610833181241563 0.472314788328478 0.342357167245687 0.266291723466768 0.211762269234346 0.192253150357007 0.126686093770839 0.00486339247850239 -0.088040078203345 -0.187258383495982 -0.232546818662645 -0.266857033597067 -0.359470012552338 -0.359785334798838 -0.301364045799747 -0.415418753646788 -0.417501279274669 -0.459370342418089 -0.409557422577945 -0.469184531200533 -0.472273448612311 -0.639832506897289 -0.732299494123139 -0.77538650040695 -0.835810621006951 -0.793830229676847 -0.779120141774739 -0.736446466588801 -0.783210891222842 -0.811264139590645 -0.833659214034866 -0.795819028031828 -0.690533526664361 -0.633355311415957 -0.582204304706181 -0.527779800366277 -0.562750571601039 -0.542645674223665 -0.535643649623388 -0.467874509861376 -0.419459163947745 -0.285910416449406 -0.188432681088866 -0.194432032832776 -0.143027691457458 0.0312619120097751 0.188387370384657 0.315777334656214 0.563920462054996
0.617555932437882 0.537138026849531 0.535359822527868 0.46919017367533 0.414994821291324 0.348925460607672 0.241706910510343 0.209049184225085 0.25205030179622 0.167738736924712 0.0594030663005772 -0.0559039190185934 -0.0992769644521692 -0.194713829163696 -0.213376852175094 -0.329683159734105 -0.363068404097295 -0.348292589536916 -0.350677591678305 -0.400828726400372 -0.448368957597533 -0.481511567968374 -0.525121593741807 -0.637878852019562 -0.636204232969795 -0.723898970882838 -0.754419297471432 -0.715508236263736 -0.671326918330857 -0.630114305206134 -0.639492071397209 -0.722641714376336 -0.665572726389435 -0.708541063741921 -0.642290953735136 -0.548408783719694 -0.492784732005462 -0.500302394818707 -0.506905041781095 -0.494282743385191 -0.565161108088546 -0.50086423510333 -0.393568074310066 -0.279775947955595 -0.171039729636625 -0.131117876701267 -0.170738289083348 -0.0083249354888464 0.155138008057909 0.386025544823688 0.584137661018905
0.622959499767284 0.561964233228915 0.539530932414079 0.495702817571321 0.457167297154895 0.476377209387654 0.523807455732199 0.563288293877658 0.43127744674653 0.107606766821474 0.135878728594947 0.0820894813694987 -0.0332087896554151 -0.100202397983668 -0.199724128285335 -0.328245332449835 -0.277294039081333 -0.323111003500436 -0.314747630059839 -0.401568697144251 -0.444265974063321 -0.5109095700802 -0.619873474160831 -0.671005402647786 -0.617735246076408 -0.701310346960228 -0.706840789646791 -0.621420433448968 -0.662498644078902 -0.589956910205569 -0.579443763166649 -0.615993362197359 -0.611164471063201 -0.632767147185871 -0.52509254976395 -0.430970151353927 -0.491968548097956 -0.591651455263596 -0.605349770509119 -0.576940025007679 -0.510656528074113 -0.482215797166485 -0.410373301625868 -0.287128792977517 -0.163613539663276 -0.102440847934347 -0.00153127420841629 0.0668210295665403 0.0825761851368898 0.327193117843129 0.583114207982219
0.571650817000561 0.522002085047747 0.423032244324705 0.381835158711262 0.381719483056298 0.368722483350598 0.321187902433188 0.389254746647623 0.112772085282351 0.054495299639183 0.0650775691386298 0.0220025175359363 0.0387288020584138 -0.0587646342188421 -0.156849029990014 -0.22202830842661 -0.208039899177869 -0.292622875108597 -0.381084445345233 -0.496072424524364 -0.487070434995504 -0.500441574919735 -0.641477048669901 -0.690861282587753 -0.6296836947913 -0.654194772062269 -0.647410294304728 -0.603165502895792 -0.572594374769417 -0.532186640886726 -0.591194780290934 -0.632851009449 -0.626350994253736 -0.605428144637941 -0.526580236875924 -0.459964989447349 -0.491198558143135 -0.475406759771264 -0.473155374940437 -0.51410526339909 -0.555677203882905 -0.424485505246714 -0.314580911078343 -0.295024445828973 -0.146217518826312 -0.0935875394933117 0.0330059193688277 0.176783209333476 0.212175702066252 0.354674595223557 0.577863949392419
0.637270061912094 0.58501728514482 0.43795838347148 0.418795362921881 0.357269513336263 0.397837866447365 0.386069409189048 0.129554995704518 0.0929712339781102 0.0497100232940685 0.061645574948652 0.0144045863874506 0.0558408839296676 0.0212215902581484 -0.0899492446832832 -0.0974164181783471 -0.179995016293175 -0.290453818608045 -0.394375041627716 -0.436979084355243 -0.457526717581527 -0.482761728204426 -0.578119123691846 -0.662180500883974 -0.680347780891866 -0.656332009755522 -0.654124280942952 -0.575773244302629 -0.573680401848611 -0.538361878687093 -0.660524982681003 -0.643093528802854 -0.70720590773088 -0.645146741785619 -0.540637547507117 -0.527598939421619 -0.60811833154776 -0.614751241766617 -0.437569638282807 -0.458121446953707 -0.51578715183152 -0.482504465796717 -0.308905327152526 -0.14801595273289 -0.0785263878441095 -0.033689826115602 0.0968620838610176 0.0982273983543092 0.273218977535877 0.380177292491491 0.533073122889445
0.677677719581787 0.530051589984199 0.514965454725277 0.473505352452628 0.43650975805044 0.420461372024165 0.352115271355613 0.11760818296588 0.0796431333730659 0.0594417365689946 0.0521464008827132 -0.00689543931841737 0.0271570049445659 0.0248071486287639 -0.0818723388606741 -0.0922661444452674 -0.202656945618575 -0.281541731997753 -0.363801791670369 -0.406070820607912 -0.456949764876406 -0.504830063864029 -0.55962574521416 -0.589200399313632 -0.624468107576194 -0.633134596648272 -0.589744942457226 -0.551496265581401 -0.502553931237546 -0.568167095920833 -0.619936100735893 -0.641854123983649 -0.680948737366264 -0.607505402272611 -0.553541760277994 -0.631746068980542 -0.623842842887074 -0.664434944769054 -0.586453724601279 -0.495706388451371 -0.408225994532735 -0.392272980877263 -0.283899311091181 -0.184038931939377 -0.105181707488495 -0.131307066611899 -0.050663045987769 0.0888407523802236 0.221723722085217 0.327561109816939 0.651672738017077
0.607387998204337 0.571147335479018 0.5575895834004 0.569713255726962 0.516162230857623 0.469874315851202 0.204550547520804 0.133470064168903 0.0911497757002048 0.041582438130077 0.0429919581546822 0.0464782863932509 0.0333275215156071 -0.00485430824542975 -0.0963962953164002 -0.137346751053185 -0.209045465841617 -0.282243746795724 -0.327908136288969 -0.372665053157927 -0.450537176887374 -0.479254001270989 -0.498416468154067 -0.527999136815307 -0.540797954465101 -0.526002259480437 -0.547886749346662 -0.507449251390051 -0.477224121565162 -0.491902698073178 -0.585740696627665 -0.596561270498875 -0.667617970693877 -0.644065905920798 -0.677256422061159 -0.716576948123716 -0.672398857875592 -0.697410853857934 -0.695816721526081 -0.697600850313595 -0.443810898997475 -0.326285316450478 -0.36402352171916 -0.276921278208654 -0.260861335049478 -0.158972099788507 -0.11248868693666 -0.0969273166495169 0.0750231750916385 0.476263876477175 0.667974282415279
0.668105299826798 0.644899616235604 0.669926735816401 0.615808585268574 0.557606405725329 0.424469301662044 0.227748528294918 0.18990516097398 0.0854616764022203 0.0192063910777258 -0.0176889340799357 0.0485436010923709 -0.0392733416774199 -0.103336996634347 -0.115503368567014 -0.130411399309481 -0.192977332026961 -0.276417489586851 -0.306035674718277 -0.327723143556209 -0.409092961450372 -0.419609568349082 -0.410451054771354 -0.445754150706571 -0.432531834686107 -0.411743788466634 -0.458152577940547 -0.469557401816689 -0.394739396542329 -0.406255731119573 -0.432769106058785 -0.475279264089101 -0.556214889909973 -0.628943891844619 -0.694116969642133 -0.735204553940164 -0.720718570119673 -0.734195571534749 -0.731297177030774 -0.70715704854148 -0.602671507811381 -0.364034269076669 -0.342029580200864 -0.395402891782906 -0.215818138474134 -0.157751841430007 -0.166814658351157 -0.0743578682602198 0.106908877721307 0.502510474985437 0.532437661256457
0.782055963105205 0.730006416356177 0.737107302529011 0.694649188665643 0.500329723727189 0.353552475814675 0.247043044585345 0.153213105897291 0.107667727078282 0.0602188091685829 0.0180149336442582 0.0386183480783376 -0.0236431414423195 -0.0843691162049724 -0.109975598997117 -0.181286947064494 -0.203784218877997 -0.266063256462801 -0.288395913254046 -0.290517637270999 -0.324904241065753 -0.356488462165477 -0.349951345621423 -0.394404813150007 -0.375540249197194 -0.39354537775004 -0.375766978712496 -0.33805867064396 -0.274069815326927 -0.280321009725822 -0.272249266824899 -0.310467084667517 -0.397387443438855 -0.55838513674883 -0.623863880430589 -0.667677047298334 -0.726955970357328 -0.735918697539038 -0.702143119628099 -0.693940324106835 -0.687124934264699 -0.597686134314046 -0.453865357670547 -0.325465867951986 -0.185162839168647 -0.159209851705416 -0.0577341444799963 0.00566165623376297 0.0923870748255149 0.399800607651636 0.472189068707828
0.803896286755643 0.729085444630244 0.645063129201023 0.60002612256817 0.515154965194901 0.396407971770445 0.304162225972408 0.208444864841496 0.175093822135295 0.101465115466231 0.0510351422457749 -0.0160179831504712 -0.0610407322064535 -0.101808408756726 -0.15367627208909 -0.146511280721643 -0.187595681599604 -0.251613781213596 -0.258458998040033 -0.297184706705385 -0.332578656840216 -0.339917662722531 -0.336839291475697 -0.347672256559023 -0.314743606960726 -0.323966405590526 -0.194988562145131 -0.167711163352722 -0.116924795855518 -0.0813754864967131 -0.0173995863211992 -0.191714517819679 -0.287362939472156 -0.4013265398615 -0.55160242944538 -0.60602374112348 -0.717727592920081 -0.58687602480254 -0.64256555643186 -0.632267230687741 -0.593610354372845 -0.607759390862777 -0.577616532064594 -0.446370743337983 -0.343839690984222 -0.295359378252847 -0.17395513764221 0.0380759602044719 0.336883901800003 0.367002834251409 0.451139413080261
