data/pcas/pcas_can_126/pca_referenceLayers_can_126/PC06.asc
NCOLS 494 
NROWS 529 
XLLCORNER -117.166666666667 
YLLCORNER -55.5 
CELLSIZE 0.166666666666667 
NODATA_value -3.4e+38 
[rows 368 to 390 of 529, columns 306 to 356 of 494]
0.591114800362549 0.611549691866581 0.673317676420355 0.5763064949752 0.709559109370399 0.634853806384584 0.624486797864618 0.662427144895315 0.725489881013845 0.723914962699788 0.703088205206368 0.686293423390062 0.678839549452722 0.665332885633106 0.697075130453807 0.663892732347701 0.705812540531797 0.744737157448104 0.739491807172097 0.730989661531828 0.733831646783885 0.769616843837009 0.664265864786271 0.634215929058552 0.682313097462096 0.75935359980137 0.780306056383003 0.786595666494047 0.831870331826535 0.874075787864809 0.91868459042386 0.929590884820679 0.99289557006516 1.02059824375444 1.02831841766487 1.13577654435032 1.14587731139182 1.11434421056411 1.04160631700124 0.996266420019094 1.00234062583902 1.03130413821188 1.01542626606309 0.823209953271454 0.789447910405758 0.782338587906253 0.799803647482304 0.827702894302319 0.790103596983502 0.775830456543176 0.707528437581425
0.534761142000265 0.636352312947577 0.674162177923781 0.649151718808796 0.705700651506296 0.548277875383743 0.600586131716177 0.647822789960948 0.68639201127586 0.713639550276551 0.652900200004809 0.658782583244307 0.653111279822811 0.669518903132651 0.700958776071888 0.690970279293205 0.704185399766721 0.783493408238975 0.784989888374141 0.735305640058956 0.703591533635765 0.734084621790406 0.685767594017203 0.680480999943481 0.718001329797696 0.747718685693055 0.787350611976047 0.816487556518771 0.860534684321534 0.902086354075889 0.909479269350899 0.913993059254196 0.952176099119936 1.0121817275097 1.03550466854432 1.10033114599803 1.13873839053731 1.10456623052886 1.05952985455776 1.01299554892704 1.08469740205444 1.09645338174385 0.974509480555937 0.904973817006025 0.830015107294752 0.774969617528996 0.783077826347302 0.736109474248877 0.647427825174288 0.661868006386379 0.715866503018727
0.513004481511749 0.547094274879511 0.632188930262715 0.744457292113404 0.73089502568845 0.577594490788872 0.591723146619113 0.611525521552335 0.695537452742201 0.65118257297777 0.594558904260518 0.617049369908061 0.703807725967729 0.703122894714609 0.702179597482953 0.733350417159667 0.703640610155523 0.714736542614364 0.79053740921037 0.748688826174927 0.732769139472578 0.736227188742053 0.739090554196996 0.740113101639197 0.768269024418931 0.789349777724891 0.820423302830318 0.861898364445511 0.900058556680173 0.918917364978824 0.947055122992854 0.941813836417198 0.971466270601122 1.00302407765373 1.06066090271321 1.09685018943144 1.13096838259672 1.08587749366425 1.0887031399732 1.08859360218578 1.21081273162774 1.14949830656267 0.962585942032237 0.905709187184968 0.823689476277056 0.796939809712222 0.74140265342372 0.664759013787454 0.647491619440236 0.647278086289966 0.676997830337587
0.45481879743763 0.467847229246473 0.560793710120502 0.77030465009598 0.67414088296563 0.637738149390219 0.652386276354193 0.691530055189427 0.683747799886314 0.608697517780187 0.558631609059988 0.585087288129149 0.767592511006264 0.690167174272233 0.728724021479956 0.701851597602096 0.752764426898139 0.727995934822213 0.791762535320629 0.720043178280261 0.735678886452264 0.770446257821683 0.808693993411168 0.806238954214644 0.851175883521835 0.878730056151294 0.879106884351368 0.915094821182785 0.914950500909071 0.961219513172319 0.960910872344578 0.974110304689294 0.978679203301501 1.05549970624661 1.04922424158449 1.04655548185634 1.06545299177031 1.04538611361116 1.08498189527898 1.22859218520072 1.25092868584167 1.02381088380421 0.942001900758517 0.923391851667547 0.857300321879963 0.82865857049247 0.730237577933058 0.688264971448448 0.672797410498993 0.697587876519034 0.726504316279327
0.486304016748537 0.460738580440484 0.53566336078986 0.769628006511279 0.680190275030497 0.659910691598933 0.62921344735549 0.598951748188719 0.703844345981933 0.629518215618413 0.579328024695178 0.660180738001904 0.703122947829872 0.678600717765196 0.667156936706604 0.704959768620195 0.736050849724517 0.742695457322445 0.780244489539955 0.816387554700723 0.807894071096856 0.786635321505297 0.81397454747031 0.839567366006962 0.90596932499077 0.930088817649414 0.900513661320079 0.967411248045386 0.930207058940075 0.968837820973368 0.950152629656116 0.970010800167249 0.955499861270176 1.05995129676812 1.01585677788976 1.033245864113 0.988983920611119 1.00277010397545 1.0475941175082 1.26209615179394 1.17649610739697 0.956036365041679 0.964888766415887 0.939101401740274 0.86981597117848 0.754260588473717 0.692768646166159 0.679615139174021 0.664854107947847 0.704634562178782 0.740750437172604
0.584447840798272 0.605708137587193 0.57229503149827 0.710323928604846 0.710192262011888 0.648595171197744 0.562724769011539 0.516716093633639 0.68309781644232 0.600132924176739 0.59542240397632 0.655722593340491 0.679858478847958 0.618478453573982 0.616216219372995 0.701972319540134 0.68753291332878 0.717519521942149 0.747099319519922 0.832203338932966 0.886391971766186 0.844478518076645 0.88352909366374 0.944609196599212 0.952747601747904 0.911467850639813 0.908002116960913 0.999588540710669 0.965254223763642 0.971167160039407 0.978975779470567 0.950369151538035 1.04251262976073 1.00796715568864 0.966519785808839 0.992850234651805 0.93664944970402 0.942567337464043 1.04135269943943 1.21076382515246 1.07953219562489 0.957281672777115 0.928704691279356 0.906354393182563 0.855845789205921 0.750652616894967 0.703581777737342 0.679230578113589 0.711940617776962 0.748131991155885 0.791866938426792
0.603593133528221 0.697911398362819 0.64888953599616 0.684768056174635 0.70277552180994 0.649108504440716 0.573084386499305 0.499186538747094 0.637346578142913 0.663082941940833 0.649195573662658 0.723555772467607 0.641922874094956 0.577482387703012 0.666083234239857 0.682414426128926 0.654502737480231 0.736296932638462 0.778506402542025 0.836236353268594 0.887958351940984 0.901045941769577 0.969884010540212 1.02224028824002 0.90127114544876 0.906838894048351 0.934042535351601 0.969775975405254 0.994527715149657 0.963390796249879 0.946069608587935 0.955583260165037 0.944824399044971 1.00553927154396 0.93669259559877 0.905701630072021 0.861075598805029 0.895172455025453 1.0610743395123 1.20958195163303 1.00594191172771 0.916877016825375 0.877866562753258 0.916849695369806 0.833855312077142 0.716006561839599 0.726858571980249 0.715959407806208 0.723106698413452 0.758292874772638 0.815354684185379
0.559884195379628 0.720909651275283 0.660032564795672 0.645508167766359 0.623062023689309 0.599120478787495 0.521734820812802 0.335153139842444 0.516915824307163 0.69647179824621 0.647727736337568 0.657064442557824 0.609374383208144 0.617880139743653 0.697272274540804 0.616996887189483 0.655383909243341 0.805605544157023 0.808232192569872 0.919858483718526 1.00754981077578 0.916592046995635 1.00666103770135 1.00260561398975 0.918886408326277 0.938120492002492 0.940817523692548 0.966761449972191 0.962717927251386 0.988645763077747 0.949553761513337 0.965294476457968 0.953269451887455 0.947016217854129 0.89644921296102 0.862158349435384 0.834254550002595 0.866391792235386 0.989766093414504 1.13571717818683 0.934837248064589 0.886895212957891 0.841340153286524 0.854584551740984 0.759949711036701 0.735808419161786 0.715841725513768 0.741150452089919 0.795841959165346 0.786855605938061 0.880957802157644
0.698372727029871 0.730855145479917 0.665413798884256 0.485732806180815 0.466153456524149 0.446743637141212 0.394511981497891 0.360800116469719 0.497027520024586 0.65969921583157 0.679159550301779 0.662456872110889 0.646099580513358 0.709858910514686 0.628818494822057 0.627040093207931 0.716385437093238 0.834805398092269 0.829409202925688 0.898269125584915 0.976232162927133 0.97892912128717 1.0199359843875 0.973396417435279 0.89699968622803 0.919646548725813 0.930233423575388 0.952777619388868 0.977102514592887 1.01615929242268 0.9538840393015 0.949619687371996 0.943056083091848 0.875687345205557 0.872684800387824 0.836420912839787 0.880235957612215 0.866289693162997 0.936352827712197 0.985858096198317 0.853556129757058 0.855131476419079 0.852883039233402 0.763218823727624 0.745269307998724 0.714609180872225 0.770311539028241 0.745991198704405 0.814031565172833 0.854569475402924 0.881192288949233
0.775178151272104 0.757387722991573 0.759182444716749 0.662059679677345 0.445582860383964 0.535647381599119 0.655989293950264 0.666966964127877 0.648326901428406 0.616965363264955 0.648520611767165 0.685682607097692 0.708639137354834 0.65824250673146 0.616740678323609 0.678421639108388 0.784579598522395 0.891292750953465 0.888140211047928 0.925517387918856 1.00898894220644 1.2577427521589 1.31742884518793 1.26234899846699 0.950700719654298 0.938181804796808 0.918668337079222 0.97146181565331 0.973226536544672 0.913642233525409 0.948709309530703 0.954950440322042 0.948488394721788 0.888910930436025 0.823153353030237 0.814327685638231 0.843996662978886 0.919081457432774 0.891046565396338 0.911936528011816 0.771740583971228 0.790147286470576 0.736834775753461 0.705873259116582 0.735446016568349 0.731919578710219 0.755921692764603 0.754482328859879 0.818639677701599 0.879428257469562 0.963385357645971
0.767137031478297 0.776810948682921 0.748462227626391 0.644801544968662 0.612595703944699 0.704553023582481 0.672287601628782 0.637885410258766 0.635758808720028 0.678197542427768 0.628742935200448 0.701208818023187 0.668577299001806 0.603502875222629 0.626651501614138 0.72215473483007 0.894846803241676 1.14834418396847 1.07424620431272 1.20141502387107 1.32448116715931 1.47975728515651 1.5184976147578 1.45377694343962 0.987399390869672 0.949950389257077 0.954623891016403 0.90574974924737 0.908472926773067 0.923379444296298 0.926919164060939 0.955808549446459 0.927058826823534 0.891144325737483 0.798424931693817 0.823676882096792 0.804636181554835 0.877227322698389 0.849255474052876 0.848027009867923 0.676458496633336 0.664040036308432 0.645448364279197 0.717838950820652 0.69107035037107 0.703831966538456 0.720624134691861 0.749767258383169 0.846452039255969 0.937730309726243 1.01525006926473
0.706964444913034 0.739146578386372 0.753665594813547 0.741655246171929 0.753118197854784 0.696699134886615 0.640815098324729 0.614110812621742 0.677944805214331 0.724014484224777 0.704577867886862 0.662929664770175 0.68556666799211 0.606135589596894 0.685382164075638 0.7421202005458 0.820680617439158 0.979180307840547 1.22581199058171 1.43122671246817 1.51554826720634 1.55332308508068 1.55623027899737 1.47161942534853 0.9640897117596 0.9288334390061 0.911028766666659 0.899613079372477 0.868789283950792 0.906957701691925 0.91538377489873 0.913999172465422 0.880508204828742 0.854054893464932 0.786987395143547 0.825404495881479 0.780948944608555 0.818036601426146 0.787586759796771 0.724987118726251 0.613289398050629 0.579961600224356 0.652659703032702 0.698714653504098 0.702410434169181 0.712546278809055 0.707249959014435 0.769423517864695 0.837740278875224 0.983867231645794 0.890879575631712
0.729723666912168 0.74599268616318 0.77204614172852 0.759933238403927 0.784734094343215 0.652569360820834 0.653793459716195 0.687847548155547 0.711398253253165 0.800791483893853 0.801338489611198 0.724215786863604 0.648916229235351 0.711832438218245 0.757350809108141 0.774347001188421 0.836580760969852 0.892514077457938 1.02569654326734 1.43046803226918 1.5560920060295 1.56148857672728 1.56469304814804 1.51214138706087 0.976197491724853 0.942438412887877 0.926047884752225 0.918004435612615 0.900237458178545 0.908863818063895 0.910872492162851 0.937676856399263 0.907662749494079 0.819917646782437 0.811250405043622 0.845516350010503 0.801605449167184 0.85728726831947 0.746896102505366 0.588929823054254 0.51650631363864 0.582163749231648 0.623435694591879 0.668605443145399 0.683397097315832 0.675511734116341 0.722571421013261 0.757695882721001 0.83173858208361 0.934200264638469 0.888568012162356
0.705867880003917 0.721770144990196 0.740500543673568 0.717360076907749 0.814580747533328 0.739651071466925 0.67985984185202 0.790921544844484 0.723177047026213 0.77791946502266 0.839334659590773 0.782720218812043 0.763030482667249 0.795050606062206 0.844512265902378 0.831638972070199 0.86473553456019 0.870019548755679 0.905285062423239 1.02665632003396 1.22885431370569 1.09403449552968 1.11101880366328 1.01060484646674 0.912815065620672 0.929041419978931 0.94409640271855 0.942205091743577 0.925754591071426 0.928471781566663 0.930966150696321 0.89560232051577 0.90246871490956 0.832729146262836 0.874142621078972 0.89264362257696 0.937768361127354 0.930650736367375 0.740975257340037 0.543961412863695 0.543944208079823 0.592000737078791 0.630608116639396 0.604805409022289 0.641275542289726 0.657592212081567 0.727000005996065 0.737371152037951 0.819102226500978 1.03400497268121 0.908130688629652
0.718559598912862 0.709767868129512 0.718547791443332 0.725769943909409 0.742858140658706 0.63728736208426 0.678368330135653 0.804293179898441 0.74726888843422 0.783699581389687 0.8754531772011 0.857700275512232 0.861436134289074 0.906353656167476 0.898099784984504 0.899617051109647 0.924985028812518 0.926490547747585 0.895028787147519 0.889139701288986 0.905662382781825 0.901540071199705 0.873891440471073 0.858662128892152 0.876861754093254 0.914491496061905 0.921761942114029 0.936872433826587 0.946984889412805 0.94966815551101 0.952105398454832 0.948321653396262 0.926115650617192 0.917052846077537 0.974263985946321 0.923566450451087 1.03470523173297 1.00497432003531 0.656204620791386 0.59895240406193 0.577974171544739 0.596460578958285 0.619812714755596 0.597692981553856 0.655479683532411 0.673009108948623 0.667979947058018 0.726592453196148 0.849488924200084 0.935482507104734 0.738643869694564
0.70692487533849 0.67802838220751 0.64676792509261 0.679781572654114 0.725655108392118 0.620205590399898 0.64180079357395 0.78557395600739 0.784494315593111 0.808627085790398 0.967932058999392 1.04044128710143 0.983521160771156 0.968138659459059 0.946904337006558 0.974701191780452 0.992165598777348 0.927220748885357 0.890262217260309 0.912127363958195 0.919907201085321 0.85475639676505 0.818739239169404 0.808574294965138 0.855945177333424 0.873767804699434 0.918155565946044 0.971159051045457 0.984448458497318 0.964152530683338 0.962972236785162 0.967173720285559 0.934467975899982 0.996172336265621 1.06108559999178 1.05401528192897 1.15162233349564 0.836235357390703 0.65161005122554 0.614616018384609 0.615484984343341 0.596936329968413 0.590831607733257 0.617599698093908 0.58917089141516 0.597292393969292 0.617226976193011 0.748725659645978 0.856389185110242 0.980172828134079 0.699927325217182
0.65698750984791 0.599855950719253 0.585415046395874 0.61499081548856 0.694613415856752 0.50735316345857 0.620107491987357 0.796778201172858 0.801553038938871 0.787628334985745 0.9695781251432 1.10120510876029 1.11355408737564 1.06483526137363 1.01979170315664 1.0228417904335 1.00026194746513 0.976585695052841 0.953838143540057 0.930153462929658 0.88698447064957 0.848916559613472 0.83985473382938 0.810781103734381 0.867580070664483 0.875052598268947 0.883238021291009 0.94762868652571 0.962428656109499 0.997855924021492 0.975409063933534 1.00332593468901 1.02060114504481 1.20193441912923 1.24234198669104 1.26214809396378 1.02000442121001 0.798693475811495 0.718745117965538 0.672520541826574 0.624008828530755 0.598248312748749 0.603381381832789 0.567308757605948 0.57356062447396 0.610608717503708 0.595441777858036 0.705602622763467 0.794005598093229 0.748018033226231 0.644000130658595
0.545592480077879 0.507800858889053 0.508566776015138 0.50002803483865 0.576066194768902 0.551656981800539 0.559074369977625 0.860905922788897 0.814306556235253 0.771013217260623 0.848422230831298 0.912172478659182 1.05928910897572 1.11575679934334 1.10035713444986 1.06269754776988 1.00067815075793 0.970961785958627 0.909606072721685 0.887161169952853 0.860934417169015 0.83960139313916 0.862874090431136 0.855926831791842 0.867746280527598 0.876678490117793 0.903693059644567 0.965793425356442 0.987212768577624 1.02825463885234 1.03233650129226 1.07291014255202 1.18210619374497 1.39714416109124 1.33729450108508 1.16688800447584 0.922210535734096 0.831453486119891 0.755414471430504 0.692340024947701 0.650529767250204 0.589961193125522 0.593999617903215 0.529352229949045 0.557698039655578 0.567426200271104 0.600468516977745 0.647285394168566 0.735241217890968 0.719996623759697 0.609541947363189
0.512981143530197 0.461914777320167 0.450005348560276 0.433515365772056 0.473817179740898 0.5996808436942 0.555413780536339 0.799600055896599 0.837388773683377 0.780958560178698 0.876375020697379 0.853687411443325 0.964043289343733 1.07995040445321 1.09995681868824 1.04828079754331 0.956980731105673 0.918084152045703 0.891151589019093 0.876588224977227 0.851650720869595 0.860060549381665 0.849245663261702 0.865790026446461 0.861329158765739 0.90672210966709 0.915339494080567 0.954750577735596 1.00815345525531 1.07615002253627 1.06877374711808 1.19450433918889 1.44867264193077 1.47462683480589 1.21692623358127 1.0005654063114 0.88409023236611 0.7969948535262 0.732255945707475 0.702789074711736 0.640394734933163 0.556591531517185 0.555599453893 0.519601888521994 0.497246495112361 0.529473597386144 0.566145762001401 0.63189687146955 0.741861564964531 0.657160873320105 0.634882396327281
0.449802526785812 0.433241869219982 0.439350839116089 0.395325825124955 0.393508400915401 0.415763104104744 0.561755983793885 0.845143526955483 0.784830800606116 0.746835961615677 0.883746821003577 0.751420835948052 0.87740572345374 0.978551613924733 0.994299786598269 0.975616750337178 0.922462682474089 0.889322184626865 0.857186355165341 0.857322894412548 0.842668874307378 0.802534886124532 0.810177456726808 0.866625317692644 0.853530637853996 0.888889484806896 0.929453790122289 0.987474321784397 1.03488613620394 1.03540784915722 1.102583795563 1.28507265578361 1.49236214119877 1.22215757670596 1.09060321135802 0.955663404119478 0.856705740096983 0.78795650322565 0.728489363371221 0.665147544824766 0.616551643479347 0.543563150394564 0.540036524069509 0.464250090322251 0.464855446022091 0.513947879679214 0.536363083271864 0.616083335815708 0.63040696183971 0.621388309204375 0.646084690914362
0.383942227643281 0.340333354532238 0.328868789239116 0.353130170229111 0.391169329087748 0.38030673978539 0.48082806208549 0.859999756059491 0.697026679760409 0.773805488718801 0.897527852800557 0.797125689498174 0.8915809011885 0.927270643936916 0.929966109100443 0.934603010315194 0.917845628426688 0.891642106923731 0.845945067685706 0.798415236770703 0.792140274660813 0.794497338748096 0.833393397623079 0.888699311282406 0.872504962507324 0.87598478581413 0.940456681642475 0.978446826776825 1.07382772122033 1.04516186213076 1.08331137203762 1.42525623946981 1.53783146317961 1.16559546921964 0.99990249051071 0.909162383645193 0.808870003480035 0.715176070464505 0.709991201308439 0.649674013242166 0.607242004276779 0.519601819447053 0.541116102490643 0.458380649189677 0.404367497682114 0.45558996997349 0.476040071267745 0.577408809304958 0.673194098744848 0.585045164153657 0.57274313902758
0.29931828045392 0.33445561979575 0.434399857886785 0.447717056099574 0.441555146387605 0.392220634079376 0.523945467374488 0.833729989028221 0.6918791483057 0.772872248233416 0.850730007388435 0.799452147980762 0.869333835958289 0.932781244810802 0.918773061793476 0.937366421368677 0.913121185452714 0.857317874794766 0.804063323646543 0.78724687134686 0.754330512933049 0.752920827861755 0.788766591878484 0.869935012085474 0.943496514700888 0.902257181388197 0.921766470066723 0.957910299987739 1.03133259635128 1.05677237400953 1.09154594459061 1.27318972071422 1.45953417714414 1.23570427995317 0.924963374010408 0.841229612310239 0.720390151133565 0.656644731065119 0.622520568431993 0.594367503926596 0.558888154824194 0.492704838272833 0.517130368153163 0.455997396395584 0.389790911086366 0.418435843390582 0.415399696060626 0.448434208976726 0.647107678316902 0.602972553403604 0.569515596003911
0.253085191611809 0.474572302012166 0.503489579084757 0.356976113391221 0.430348348330579 0.352078573657595 0.494140404230484 0.804715774000244 0.742518045945123 0.735282337954178 0.687337885451805 0.830016709699191 0.86482173206612 0.89083703744623 0.877025561488734 0.895936224792204 0.882719173976938 0.853138218509078 0.740189989207091 0.729984930264806 0.715580784880136 0.748854118091922 0.776667494755563 0.802307174684969 0.924677358189751 0.916415920769497 0.914445531037573 0.942509076730231 0.996136607032759 1.04136457631095 1.09067648139821 1.09671867736893 1.35394082669987 1.26063999687824 0.972088119306347 0.716543588123935 0.630097158762881 0.613118484906148 0.576524175507008 0.561691462747391 0.531126318075667 0.456513014592324 0.519836970375271 0.454950019229713 0.429432871885256 0.417013015281388 0.366239531395899 0.450810051146574 0.500802710236818 0.490381402212331 0.472157771758735
