data/pcas/pcas_can_126/pca_referenceLayers_can_126/PC07.asc
NCOLS 494 
NROWS 529 
XLLCORNER -117.166666666667 
YLLCORNER -55.5 
CELLSIZE 0.166666666666667 
NODATA_value -3.4e+38 
[rows 308 to 329 of 529, columns 306 to 356 of 494]
0.308129804238864 0.258309777757232 0.230175416295173 0.153832933827837 0.112970195795119 0.395577813641018 0.719172555943987 0.490323908195121 0.797955611247808 0.722202877513948 0.683769746302764 0.573684482123792 0.605080810052301 0.516380767504896 0.371615408870553 0.259072159534858 0.237978220003405 0.198961698014229 0.221247594547562 0.250853328301062 0.288513920700006 0.288482121970033 0.265297456783822 0.254078056059175 0.243207843983857 0.214396004148461 0.188249420147051 0.155710576167791 0.123023241347445 0.0991850338134488 0.0684031718742262 0.0329760217601172 0.000429487401404529 -0.0326730345087216 -0.0584081227309521 -0.0744052300388333 -0.131706052668359 -0.128691112986144 -0.14414523574006 -0.103485227492036 -0.0677824357147877 -0.0515622695136869 -0.0320797022504106 0.00261724311884807 0.0410871196158489 0.0869398651450602 0.137121976032679 0.176941576509397 0.20295121090131 0.255752988592927 0.284885998773886
0.278320893631853 0.115510371392011 0.204190666004622 0.131580802297324 0.078199945299394 0.252132100974896 0.64815389652122 0.410728827214455 0.820670167017801 0.829800045281669 0.765632317433908 0.667422138392255 0.649514448375954 0.523711846031132 0.369143532959996 0.309858992925034 0.278879538551137 0.237895610348392 0.257780796862615 0.2855392414158 0.310284934892817 0.33549186652483 0.343393546094766 0.278319163321672 0.272614489898704 0.253212024036309 0.222133547938235 0.180738253955072 0.160926041863788 0.124028388131904 0.101026294889326 0.0589785900533768 0.0237452639789965 -0.0432176479498649 -0.0234121851951269 -0.0630790025881477 -0.0967826534374934 -0.13795086738852 -0.132061081601905 -0.113675118059747 -0.0958557572571609 -0.0831028381057073 -0.0377595912970111 0.000464396461126497 0.0556142979192635 0.080517237679052 0.119625171977442 0.184425168386605 0.227184141165742 0.275152579478115 0.352016021915871
0.258028628681637 0.2190965544103 0.218892185034459 0.146247180537057 0.0870385246030616 0.171613520043761 0.242490332949872 0.196724242191104 0.599124933388979 0.910350524278424 0.7664770204892 0.791653472860292 0.667929709709526 0.514772608240153 0.413069431575266 0.399725263399527 0.357826453143877 0.28625988554434 0.272677746367778 0.290952102759522 0.341026331468425 0.340692346739623 0.330230555499751 0.305624127656748 0.303641271817333 0.272985256348384 0.241412617230382 0.213486511528585 0.18486100990996 0.139757512949723 0.114796338840463 0.0905089777460979 0.0511382699647226 -0.00398751036878462 -0.0276578020483866 -0.0562217497175857 -0.0669347539560786 -0.0918255070620494 -0.127796305861486 -0.117346564950272 -0.0972311327846368 -0.0942949092008907 -0.0479599034527601 -0.00546262733083762 0.0442645617518153 0.0938544065307678 0.144386345807392 0.20596094594281 0.247613469932816 0.278115593798952 0.303259664568825
0.327929299569603 0.201384731605589 0.326043685057911 0.213237436433461 0.201601895757456 0.297133291852998 0.224752682607587 0.285211195090848 0.232232729140751 0.577365743118056 0.769681112548628 0.742854596485374 0.687997385311408 0.594040457495464 0.487250200649702 0.461949506286007 0.413276011922969 0.391381590501098 0.365451604312948 0.333624314611373 0.366857754140375 0.353057631606605 0.356338943991493 0.362401581230301 0.337459477136014 0.316671982262452 0.27436881277233 0.228452461832418 0.186991532951775 0.141696807632738 0.0992944440833888 0.0752680404391821 0.0594401275580837 0.0389074631925576 -0.0147800576510085 -0.021025293682975 -0.0405903627327569 -0.0923561963081293 -0.10808352760303 -0.133218696521244 -0.122415069945354 -0.0879413118459873 -0.0760481012354453 -0.0399485747123642 0.0312720719134678 0.0958100754900898 0.138326233182467 0.183209285368633 0.225521862305218 0.226383476593896 0.28868196417769
0.373066313904971 0.308760077916811 0.27444184279758 0.250160837866928 0.164728713251311 0.304839977806309 0.350707219127479 0.600712188597931 0.425289303089985 0.395250734614203 0.608083159937354 0.62546951126855 0.687721412240623 0.594159808221921 0.505228998883642 0.463688803488828 0.472672893204174 0.4678570989083 0.43934620825727 0.447027585713238 0.435495369157448 0.407369613093775 0.39423905665835 0.364800779378004 0.336370843403833 0.286787721849964 0.243721844722918 0.202698294407007 0.165370496945139 0.1053984580266 0.0592878010446996 0.02031304046872 -0.0156063839928664 0.0311090860322564 0.0148258124894995 -0.0289531117896138 -0.042832371817326 -0.0673358354666332 -0.0857072146831348 -0.110585047386676 -0.12663533357115 -0.113811491671147 -0.0849718691183408 -0.0673833187714716 0.0168794790367411 0.0900473529576226 0.137909911215673 0.17621257957839 0.175456478753728 0.179238564979898 0.213172413930872
0.393372334782045 0.328653971235238 0.232451989113187 0.238944842130303 0.172877397987635 0.229052750670719 0.140409994766287 0.330221784337637 0.435165911175015 0.182138288982344 0.472629779295696 0.507063064520818 0.640231702700871 0.577759431213946 0.5352921019 0.511457406203991 0.493757762559694 0.565398389247225 0.555162419791684 0.535868179026484 0.506550348899312 0.468064703321621 0.453548387464593 0.410075305337426 0.358780369521944 0.317304954542185 0.279114226597821 0.224763339433704 0.174954136903725 0.183783137521501 0.0831691885215594 0.0528669518774926 0.0124790717595736 -0.0166775377330411 -0.0498251990212308 -0.0212646325319926 -0.0375570956393927 -0.0452762531324296 -0.0603286855008689 -0.0936027082313371 -0.112341461704295 -0.00862748548207069 0.00255900230588194 0.00893205240800672 0.0716152568139749 0.0834438284633792 0.157771070417715 0.159141559390414 0.163870576957925 0.151224766816241 0.152394146240774
0.428321353576742 0.348539096843359 0.267667212145918 0.226257624392887 0.241536769333209 0.244630610483164 0.161450102665439 0.30370285229779 0.460651424962473 0.206135445095319 0.403718378278584 0.493175186605797 0.548618786028643 0.536638656636758 0.530787229781916 0.527843337488038 0.502261184044538 0.615113164803705 0.627082869130236 0.525697480551214 0.554591596363172 0.513051491984084 0.482550390980261 0.446971275858324 0.396480599723772 0.348636468968739 0.304633713009698 0.26224046931793 0.254445649241783 0.204522008475673 0.150683235499498 0.122583613878926 0.0965880056733583 0.0611205100000623 0.0289120190765475 -0.00123319891558726 -0.027432021802832 0.0417453613067339 -0.0458639280206307 -0.0742323056950943 -0.00739033551078612 0.00962650459089529 -0.00237981410109124 0.00668280434170322 0.0572231157394051 0.116822375114091 0.125019571144883 0.118575121951116 0.119417719974535 0.117709937715869 0.112276055142259
0.688683915520228 0.500450116120112 0.424268950141524 0.266871470006724 0.252942897248877 0.231818378606977 0.247733274681773 0.202993031387413 0.306502494708368 0.298513727504086 0.136007827734092 0.329016349354642 0.492607279362655 0.512694526468115 0.52459430792437 0.5814807947204 0.590607894559582 0.676912939766117 0.634696027680572 0.595921471145659 0.537122564205001 0.517976368752574 0.491734184626651 0.47193492572485 0.397983335497494 0.36197025700969 0.332855288811994 0.272026730697636 0.213468031504526 0.222000589910988 0.179303828851121 0.133559586887762 0.108333801599447 0.0787252628717831 0.0519049598916443 0.0253571042189719 0.0798785285335361 0.0536574386436025 -0.0376973968741115 0.013075877329386 0.0208905831857946 0.00784706112267423 0.00470642589139749 0.0242024612376988 0.0777056709742092 0.108497688640461 0.122496415559737 0.118524428406855 0.133612479456637 0.104689686768102 0.0944144242802988
0.844089309561752 0.660086572342391 0.520414463981899 0.418778395591937 0.382020133608805 0.304221908390973 0.26663709496897 0.191861515994384 0.153824922875935 0.348029349261372 0.116811074049013 0.336538576374902 0.450347410740209 0.476506426535464 0.512425402525462 0.556614644965468 0.560828034313593 0.61270246229498 0.62353493808091 0.582379423235388 0.563290624341593 0.51712550293959 0.497332739314003 0.48538964533611 0.426552617268713 0.354121423705699 0.31549745593531 0.293946106263477 0.229867591660769 0.25318436826526 0.199279704879392 0.155329691811828 0.121779958421128 0.0939554517484256 0.0691438774497899 0.0487473890498099 0.103228910110124 0.0753840197549006 0.067873912352055 0.0303428691209834 0.00928442679121501 0.0340800754026072 0.0171307744411562 0.0582170180087283 0.0914255500303144 0.0876545216539147 0.0945320172523087 0.116881264442458 0.158494086816732 0.0781030992711851 0.0356196594931323
0.854548863310236 0.715110038020264 0.638482031663916 0.535505779987952 0.511829219187833 0.37985097762784 0.283190837149141 0.212696568221088 0.217905555606542 0.378039509048599 0.172851497097586 0.371843478081892 0.471525628500032 0.488624520775548 0.496440113439638 0.513978832713563 0.515291589907123 0.582647856345376 0.622058548387146 0.617319882979231 0.590508200001508 0.537644205206676 0.511990249817735 0.51346390477114 0.442015649384609 0.386158140308145 0.32866840607776 0.294180635246447 0.234218734980678 0.203987505791361 0.166367984906268 0.173243706057174 0.143939388064716 0.111448610305871 0.0977565125024271 0.0595258098375963 0.120735407182151 0.0856609909243534 0.0801628439401295 0.0587381291603078 0.04638174332552 0.0391539688795699 0.0396408422207273 0.0396301808066711 0.0543184026078936 0.0616882568147684 0.0710383287896383 0.100363361486917 0.123532726374199 0.0878567334754915 0.0120360055866399
0.924298270417201 0.790507091574041 0.698539913755502 0.707803760158626 0.600518162486934 0.445090854485431 0.386852876522888 0.252370983262031 0.307350728395026 0.432256884838428 0.382054959895612 0.44509067223197 0.447697417870732 0.47108345025465 0.469143561652995 0.44951454464106 0.49165310491722 0.549935921668274 0.603138834752605 0.600696340326292 0.598104672920242 0.582449774906287 0.553237994142943 0.52860637232882 0.472599104782668 0.432307088713941 0.364117372109205 0.310899259307314 0.280721967433748 0.226725699536609 0.185662004728966 0.125459142937111 0.147900709653535 0.123264634059723 0.112004148956035 0.089817878061051 0.114808177600453 0.0950430540654154 0.0671221916352114 0.0503535823408252 0.0369269942595463 0.0490630962020327 0.0420345798638417 0.0384313570927938 0.0381927379283043 0.0282708567316254 0.0525363286598203 0.0668089976689034 0.0873719154703338 0.069417224564485 0.0166826765471717
0.938196067884589 0.889192161727984 0.763871977013267 0.74883234927809 0.687190925356127 0.577213815600949 0.456608155947428 0.312953945634963 0.295327246105446 0.30454541330606 0.351328084193046 0.465114488185788 0.467094234442303 0.488899531299244 0.46000740265957 0.470979386267002 0.519065896044198 0.584454687973387 0.60962975071743 0.610159176667514 0.611515169824526 0.602513664708292 0.551913357722443 0.540776597379018 0.506048836605022 0.428440167626471 0.379696822857409 0.321531703717529 0.279809711588953 0.224236100413347 0.193883103394769 0.140104965353264 0.104218815608056 0.12680286289229 0.112566928044068 0.0844327329562669 0.115306148731263 0.105614724172743 0.0822897684084502 0.0566139601203255 0.0587641810146836 0.0538219306179467 0.039424020475864 0.0212393253518118 0.0150563201324263 0.0101991493265559 0.0387819956105499 0.0346538319016356 0.0454702188773056 0.0459245877900012 -0.0128262773248232
0.951799557411065 0.905612850069723 0.85098631188478 0.815446342402996 0.708358693121542 0.662384665953983 0.48660447491961 0.33237850940148 0.327468282105978 0.302766061178715 0.38945596529621 0.47987334521369 0.486235267795815 0.4968150791082 0.486194134861933 0.485921538676412 0.542996654852895 0.578253606069391 0.60812411930575 0.614978729998861 0.626202080321696 0.619154549616484 0.580711624793535 0.565425227886171 0.527405463158747 0.45917703604542 0.400427536373604 0.336901867980468 0.283880313042164 0.258292392613736 0.210310017928057 0.151573345743155 0.116711638890425 0.0782177493480457 0.047621289003696 0.016929584081989 0.0601460880653087 0.034797186176612 0.0145130956104187 0.0626539639718651 0.0517259903857468 0.0424580339247244 0.00964816909814104 0.0160291574916405 0.00500316056621528 -0.000243671517025935 -0.00395360865888608 -0.0139643455546297 -0.00675424842434562 0.0190281365529833 -0.0106529259874703
0.918608576310149 0.886352210483114 0.876462822945731 0.879877170514522 0.627056016628294 0.667685860466072 0.523528030342454 0.406489870171811 0.460553017804101 0.417792826550115 0.375123423763974 0.44222026846352 0.498151600832089 0.494100725310692 0.502588146313823 0.501613564257169 0.555782469924751 0.572150390041351 0.60995171699856 0.61877857591153 0.628563629159633 0.629863186366589 0.612245405129324 0.593757771543678 0.559317215197695 0.484255952458618 0.421114999106641 0.376828424005559 0.309060003494229 0.270494451875823 0.218405017992928 0.163489749813451 0.112748086278099 0.0739040084553496 0.0424770106851057 0.0200265932366991 0.0431660597491351 0.0215601222335062 -0.00129767814387549 0.014199285453785 -0.00436805521762449 0.0108950638068829 -0.0400214285810879 0.0123315842797467 0.00298353744327203 -0.0177086431424519 -0.0346902589671646 -0.0300321766011763 -0.0411440264881274 -0.0927860829777946 -0.1384765505331
0.864911553513281 0.843426645560331 0.852742529897059 0.868088120534409 0.660982550369945 0.710587486799133 0.580255947116079 0.40816932726004 0.398594798552744 0.453819674698822 0.445198396129676 0.420730361759524 0.439314441911714 0.470541516344825 0.48712969307381 0.515019179008475 0.531925435599855 0.575295136230037 0.599360460233636 0.597575102814849 0.612179981812263 0.632018038689544 0.624570224381503 0.605566763675961 0.569946442138648 0.530029725042013 0.468710516711708 0.39011841957808 0.329217201405034 0.225462303234949 0.233067392859835 0.0987483027000253 0.0628048880353668 0.0158518567234376 -0.0183502995552935 -0.0339220267617708 -0.00887088501976727 -0.0293910093965728 -0.075992735977975 0.00100357264407727 -0.0216621750217152 -0.0426372935261491 -0.0423424969565009 -0.0333631472761767 -0.0604997236839416 -0.0408392705887361 -0.0630729731601287 -0.0658529390489269 -0.119047328855153 -0.131827914351762 -0.219899416681538
0.967246067230734 0.936704461784923 0.900962293120235 0.760019423757836 0.758483323813239 0.71202660248895 0.609443013860598 0.506964306851514 0.425972719110761 0.361553421619769 0.358557638650007 0.338605067465145 0.417537461682143 0.433600317463099 0.462899195445457 0.517184425692469 0.510564080907575 0.533225788200374 0.571665688016485 0.584362695425075 0.597948374249071 0.625683436453608 0.618285047092167 0.546359766739471 0.512316934408624 0.472591126562376 0.394534046475616 0.319224860959897 0.267182097595023 0.215851012307733 0.148173002131465 0.0810686912508136 0.0771678220774092 0.0197068404025908 -0.0112093753300849 -0.0290632915034617 -0.0367638440558017 -0.0388933016378468 -0.0610569567158641 -0.0759654574962585 -0.0203651151371171 -0.0455752676945472 -0.0429348073162764 -0.0700477177507596 -0.0690442722150809 -0.0823949001945394 -0.119783728310118 -0.114750915297223 -0.119006484881403 -0.16895530693803 -0.24723320344297
0.938832884763584 0.887866045125171 1.06371550518403 0.899164522324487 0.673800104058347 0.762896389540653 0.54074848990072 0.474406615851545 0.427868661219692 0.423421244342307 0.354962352326732 0.285685787457234 0.383826942161644 0.389551199587302 0.410885379228371 0.460136129889564 0.457972004794381 0.51040257581798 0.561223159211307 0.504633084317301 0.52054305801613 0.540562100898208 0.519658355831717 0.508833731012942 0.485348244378781 0.42117516613031 0.368290528556174 0.320143242427394 0.257534678131649 0.167950445901549 0.111487877038359 0.083135958394446 0.0758894434264472 0.0384911532703078 -0.00446713804218002 -0.0422725983894707 -0.0673887592001631 -0.0478295594264128 -0.088468394741204 -0.0785990755412796 -0.0989138680247987 -0.118353467350182 -0.128874133735458 -0.149578853220404 -0.0982175558675915 -0.128270287363077 -0.153221258226704 -0.172685141513031 -0.191239731148704 -0.178626051358343 -0.204975352192346
0.966482405304705 0.958424558713462 0.975888139364578 1.00723129266899 0.737342888458154 0.710572489950532 0.555293605692654 0.498016977163174 0.3355381003829 0.315538220540975 0.389833455845068 0.20016734416221 0.243450220374791 0.268455174617334 0.377932980923217 0.309665331671521 0.303370103634713 0.358804907039195 0.423287420712463 0.451045830511546 0.489233893581576 0.516153771498639 0.510136276219915 0.48937864464399 0.465950512328534 0.407034563100198 0.361684933525183 0.307329884351237 0.252793212232611 0.181466760316854 0.130375463940013 0.109773660195824 0.0835236259171945 0.0376568253328589 -0.0208645860646786 -0.0570568712731135 -0.0840350787140528 -0.0573949884282342 -0.106831543936386 -0.0915762685806889 -0.105678589694507 -0.11629581831556 -0.13238330931638 -0.137300403158861 -0.144249432559142 -0.150127483450254 -0.173516503535887 -0.204478012820764 -0.219598681089613 -0.214014831016365 -0.254948416070302
0.994933232009265 0.954974330118478 0.883352795411751 0.78864513912986 0.822910228811635 0.679541015321113 0.498014455586566 0.492537045282641 0.345302050617878 0.350083003757973 0.259278079704722 0.254981882423337 0.25946735543985 0.241623452697475 0.248863618306731 0.213657119264342 0.243720604629772 0.31931927375223 0.403340048932499 0.460269889096496 0.44737994721838 0.477519116227434 0.504670669088874 0.47399665974851 0.443073694622465 0.400701377081389 0.364575328790922 0.307776680433669 0.232616604605319 0.185650373451468 0.140287530936808 0.0983863344391031 0.0639885607739057 -0.00356461933270889 -0.0682269385346133 -0.083479991462095 -0.10920462907909 -0.0908217146575962 -0.0927817393972236 -0.116277716542538 -0.115285612341638 -0.0980179580527645 -0.131709011155925 -0.153412630786696 -0.168664122085614 -0.195223467923444 -0.194516938156804 -0.215239593037816 -0.219098337497177 -0.226642494253185 -0.285975569535229
0.902477850118572 0.797967266504147 0.801275211908281 0.678125060596059 0.757658633901283 0.632506497578239 0.525348676559915 0.533837333576399 0.375707064313074 0.303327457553787 0.254593002243435 0.25354681358246 0.23828726513608 0.236775177609043 0.222741842395115 0.185803642375322 0.24506689464742 0.320645008070043 0.363720100398227 0.42371119991263 0.439915499708886 0.464478091970692 0.472941725901223 0.422521433560006 0.42096966365814 0.376811256585115 0.324170287883062 0.253358965762216 0.186891699139029 0.155600659739239 0.125697596571723 0.0864483762704904 0.0242772353638722 0.00384515003917996 -0.060390589670441 -0.144502820858016 -0.113626930890248 -0.113806876002521 -0.122941251956119 -0.13992182424598 -0.120550978785776 -0.145643220939536 -0.181472240624939 -0.182085301053722 -0.199972338688051 -0.185629230548371 -0.212069005681652 -0.213593034647371 -0.228159157532544 -0.242317989036335 -0.277132306756825
0.897230345895173 0.720370064043895 0.737212826652886 0.624826231012241 0.653172183545129 0.58247718135852 0.493782073485436 0.558639447412412 0.398547025814842 0.307753416683116 0.244528823288427 0.235822013699551 0.244106295106557 0.199590042685045 0.216786929446334 0.208206606640864 0.223427934085436 0.250006419891294 0.365405634673211 0.413353765572179 0.439903637593929 0.439759360070762 0.445611719623013 0.424081448132409 0.382662000870313 0.348840861902498 0.297929301665528 0.204278815480399 0.149592074324094 0.131965688179545 0.105329360532006 0.0754753209402915 3.42914010847562e-05 -0.0423105489484256 -0.103267022262166 -0.156076522681453 -0.145102385543124 -0.1522570740036 -0.149397697818494 -0.172240347438506 -0.187854807529835 -0.203899990803789 -0.1911939524567 -0.203645202663003 -0.206505678798333 -0.16951119644556 -0.206590063611294 -0.228985491274276 -0.244442915242322 -0.247445838510287 -0.283791726651155
0.879083750473709 0.773853368836398 0.725572983369963 0.630329568230832 0.605779248198585 0.590868609302453 0.569135240679599 0.485861118789358 0.383355369643797 0.293967278018424 0.251593967113151 0.257068654125157 0.216691427853412 0.192978146545621 0.196524776750377 0.165244592916831 0.176960804412121 0.241753219648085 0.341741158568651 0.394658154607033 0.419134914449251 0.442173640702951 0.447353433508041 0.426300622170899 0.360090637294322 0.310862725745064 0.233627724496373 0.208120836279546 0.140420967160644 0.100478442184676 0.0795673825840158 0.0344124313209135 -0.02695899074745 -0.062435677495403 -0.116572754318166 -0.136825398217122 -0.201419109524321 -0.196228841304626 -0.199527090998942 -0.207872412317999 -0.200764247561181 -0.179568392130044 -0.185842872604406 -0.180207515653891 -0.188572465782225 -0.182758949730863 -0.213475930677584 -0.227154433289666 -0.24438783585051 -0.260135464670635 -0.28281460087969
