data/pcas/pcas_can_126/pca_referenceLayers_can_126/PC07.asc
NCOLS 494 
NROWS 529 
XLLCORNER -117.166666666667 
YLLCORNER -55.5 
CELLSIZE 0.166666666666667 
NODATA_value -3.4e+38 
[rows 330 to 351 of 529, columns 357 to 407 of 494]
-0.287761335376762 -0.307956558553833 -0.328467726801967 -0.304863931369448 -0.35536813103239 -0.383224190019183 -0.37573899799631 -0.388123478224273 -0.405048970837848 -0.440857326010704 -0.465221520689698 -0.507689940564339 -0.49705318853243 -0.480940468269613 -0.394409812078986 -0.372961323097447 -0.35955158544204 -0.366020927731841 -0.356641681241778 -0.356784496855818 -0.421400658591923 -0.464224336681161 -0.495676446282497 -0.500246230897638 -0.540237233767622 -0.539981171475774 -0.539603230787332 -0.492401448302665 -0.329939196051482 -0.410094716039079 -0.476663762858977 -0.433516245958577 -0.399605470144039 -0.426512319250522 -0.430236922022818 -0.421160637696535 -0.401063903104591 -0.373220039028951 -0.363979239502692 -0.364100534072435 -0.38887047401252 -0.386838290282461 -0.408940009182554 -0.372682310673286 -0.299871797165769 -0.239085768591918 -0.244046013883137 -0.285789795752819 -0.319442090992337 -0.295643684045483 -0.280134273707126
-0.293895164162618 -0.315165713447911 -0.320829430037233 -0.291327163511959 -0.332493563039053 -0.355836915393571 -0.329188340584384 -0.362373210351093 -0.413115582883541 -0.424846432426064 -0.443808573531651 -0.491416066010548 -0.499284158916705 -0.465573188382885 -0.40535827195325 -0.382701943333569 -0.369161746573367 -0.369158364530845 -0.363391416684012 -0.384581335320716 -0.398880574671408 -0.415971015570834 -0.497465730179149 -0.536215246550307 -0.528954860426422 -0.524219138653228 -0.512244217435469 -0.458524985723734 -0.490338013285652 -0.447616201769254 -0.424318325571267 -0.412816812971747 -0.354394339845608 -0.42736328742864 -0.439186864157519 -0.457111893430056 -0.445062010335769 -0.413887828405159 -0.409240166679424 -0.442432772193763 -0.425163510406151 -0.411356127483564 -0.391087398943951 -0.361991783300008 -0.332513340749101 -0.267908180274017 -0.29156220548304 -0.339385570780724 -0.346302500867694 -0.336699785651367 -0.328804280818485
-0.304213613650877 -0.319779604532289 -0.300906097291147 -0.316996587081293 -0.330098220195664 -0.337927105857582 -0.335545074113297 -0.356514147729557 -0.371362307240103 -0.397746502395757 -0.413941810972253 -0.431325034237342 -0.466338374416358 -0.469688812012797 -0.430354770751705 -0.360418009437197 -0.367647263028174 -0.374421747951976 -0.35555151965286 -0.368009558706291 -0.381241492610271 -0.453467220271979 -0.489543224151986 -0.505411156635091 -0.498270671522615 -0.503839863205443 -0.50901196660801 -0.533763454445271 -0.542121878319093 -0.539986563298101 -0.520058103904805 -0.487999466831889 -0.476122614398167 -0.479245097477926 -0.508340306674337 -0.517559226258941 -0.493334180901668 -0.430559083814246 -0.367928065594874 -0.397187846981402 -0.392845610516024 -0.436021205998845 -0.391581618570479 -0.389235848792419 -0.367440532695243 -0.332434058766749 -0.371005768252137 -0.389265321260835 -0.407475181025121 -0.387196077706324 -0.399557881621557
-0.283395510353358 -0.302763439130441 -0.29500782562409 -0.313636861582714 -0.312922502837196 -0.304521802256647 -0.32275026710431 -0.344727026033329 -0.357935085797575 -0.398909681057016 -0.394593266832644 -0.393742440329356 -0.443945524957359 -0.430219209372355 -0.410217130067193 -0.360723410345972 -0.364613687566732 -0.364855583261633 -0.337666271406561 -0.401307200066611 -0.412539829105632 -0.432999828106414 -0.475450556471337 -0.475926844787452 -0.438435769981833 -0.536614994129178 -0.611572918226504 -0.610013331928336 -0.589631450549885 -0.569717559502744 -0.572493057270808 -0.551926003670585 -0.517925798178217 -0.501129872636044 -0.545110829858579 -0.569333087935733 -0.566542355173935 -0.541412605832393 -0.53666087355231 -0.516232840531014 -0.43824234483807 -0.403918946766054 -0.387662876774154 -0.368240911761438 -0.35459372806309 -0.36915043974839 -0.376735803369681 -0.405990135371258 -0.434461501935119 -0.395580104264053 -0.411598110433981
-0.246160056245319 -0.275643560370665 -0.271407834840414 -0.292427068719114 -0.295912885384902 -0.301602564556244 -0.31992396288825 -0.373168833584931 -0.351741116528571 -0.316178699039017 -0.368049525141149 -0.338986654120273 -0.375369759400654 -0.329511289334197 -0.371808133393214 -0.36799718711183 -0.367565801870322 -0.372727520038261 -0.420747096602485 -0.397214468759752 -0.39440084998057 -0.411245730572023 -0.432268794814416 -0.429302703101136 -0.458294246581873 -0.586095274530794 -0.628020110080385 -0.62173734663857 -0.616562988405044 -0.607175489931843 -0.5934166362548 -0.578313978686996 -0.556039628199806 -0.559138185601579 -0.572063356812239 -0.599518452512536 -0.592978951181226 -0.62735328774965 -0.628870513956567 -0.599525925099675 -0.538003852059834 -0.494511856340454 -0.436936518520732 -0.401132701863503 -0.421210487807169 -0.407541299908889 -0.446562377990229 -0.352661655723627 -0.380746942357896 -0.366973809745891 -0.345170483256421
-0.199225142672138 -0.237962854964101 -0.305240108308972 -0.309952996329934 -0.303933835809362 -0.337719995416054 -0.352399913818425 -0.344242777044253 -0.315930883038529 -0.345341308378646 -0.327385817473043 -0.285312860789671 -0.320946473987136 -0.325907816349093 -0.390244473039339 -0.354570955822956 -0.400303930491313 -0.398876630959925 -0.441344950637923 -0.440385087792733 -0.442365791991476 -0.467544209349794 -0.464557833652283 -0.44284491472042 -0.522729204692055 -0.56988599934574 -0.589518218841536 -0.602951875112134 -0.597716165441647 -0.593751966971296 -0.58085477783657 -0.579599901944248 -0.605662484994982 -0.608750630356694 -0.638658289524019 -0.652583344049801 -0.626177730845399 -0.656501301204547 -0.683796958598882 -0.651490706086281 -0.5739744494431 -0.546905712838783 -0.487520077275976 -0.432489259440278 -0.44181025439885 -0.415661769121246 -0.469983906867642 -0.420321381962193 -0.342156642300381 -0.360948569605976 -0.275203733057064
-0.215148856002997 -0.198115100135378 -0.259828925496071 -0.269686135285538 -0.328601604998266 -0.350668171779913 -0.331405423480342 -0.329050709869141 -0.322621050720397 -0.33344851187807 -0.256014929881705 -0.275939141471358 -0.331369224152388 -0.361957369431287 -0.362624076885735 -0.40763710070227 -0.409548515355384 -0.434659463882794 -0.468239672664022 -0.481057939249704 -0.469860947251763 -0.477115320362617 -0.418048371401235 -0.522555697986643 -0.604479052583336 -0.615548520544213 -0.628551361422934 -0.628275792665351 -0.608085885345565 -0.581201768185305 -0.578837340884422 -0.576826663571246 -0.628242948328855 -0.618938367513264 -0.623108664596229 -0.654614904450233 -0.685465855038021 -0.691210477284843 -0.675840435651492 -0.64016029212699 -0.620929797693567 -0.602550682332854 -0.512350056254993 -0.462204215830323 -0.528851505305357 -0.521987363166509 -0.499229160782389 -0.392031015909122 -0.365956603403142 -0.399615326811396 -0.355887723069245
-0.27921943832772 -0.234835565998492 -0.279474310038937 -0.315694393843089 -0.308417459415075 -0.357385254018422 -0.353675495980135 -0.382696679778923 -0.353525722798571 -0.331072178106128 -0.327380729860969 -0.27132093350929 -0.333523114164653 -0.354285563603908 -0.397118474554363 -0.391011821916168 -0.405897394877464 -0.42826992751512 -0.442982221884178 -0.501913005953799 -0.499335287686678 -0.457653392045829 -0.436354089714026 -0.552632604099605 -0.603002762291728 -0.681886560049777 -0.686214646662051 -0.638159458137354 -0.601047596416306 -0.59613874004203 -0.587024471444517 -0.56168544897895 -0.555599811093927 -0.59696133282643 -0.589371088182497 -0.619334613370851 -0.666405153035009 -0.695755051814736 -0.710772947479176 -0.64922579270149 -0.635420691948607 -0.621336741170719 -0.559061606224999 -0.569987326000468 -0.544605538273761 -0.512567740789736 -0.478723176333521 -0.391876535714126 -0.341254615504014 -0.431880393927062 -0.366617266848803
-0.321084468144644 -0.344312125563898 -0.313307745713309 -0.352348316209011 -0.368609532283018 -0.377612061061313 -0.368965417685804 -0.369506683464292 -0.371872018319965 -0.309688046492514 -0.329512549723399 -0.336990992439025 -0.288328584432024 -0.37970430756198 -0.402754368555427 -0.38886625322061 -0.426925248351721 -0.442759500030908 -0.450865848566305 -0.444597373668726 -0.515653960764317 -0.41871876615861 -0.428575052219523 -0.582505157620628 -0.646927977145063 -0.662171973772244 -0.653329550326352 -0.597484264263179 -0.556330055124111 -0.552233868710922 -0.569757558571953 -0.536705598972385 -0.493119275216181 -0.491505326943969 -0.492003016384733 -0.560152979353221 -0.618347004880661 -0.656858894552772 -0.698458883386903 -0.695096451957397 -0.602332023501475 -0.633319639497443 -0.607391120660028 -0.555783843541323 -0.535832464751276 -0.520159384761215 -0.436050887442233 -0.415630215723353 -0.392631351739784 -0.395861295932661 -0.396809553248952
-0.354186334707059 -0.373504148807439 -0.336336795574578 -0.3878136881534 -0.386601255483712 -0.376645781101001 -0.353658779527694 -0.349173272641782 -0.32277449708964 -0.323321132069074 -0.300054639263129 -0.263215488162933 -0.270474058326212 -0.333313363035213 -0.375467269504996 -0.375619118697246 -0.431671901159756 -0.443342742749019 -0.454338431719338 -0.465282649918403 -0.443827690424059 -0.386846361010259 -0.518085022526094 -0.577946554302303 -0.637091140928335 -0.641352953069527 -0.604016942624309 -0.521789781600486 -0.507501880274303 -0.505712093607751 -0.497524959630555 -0.439558541563239 -0.466929702315868 -0.417010216794133 -0.432676362043868 -0.501135192371651 -0.576861502569648 -0.64314673170734 -0.647990592631399 -0.619409607938119 -0.574678690545748 -0.585119438826699 -0.593899484022871 -0.572015532323918 -0.520456157102213 -0.488650863100913 -0.433510306386513 -0.419356791185502 -0.383624781502485 -0.380767761531767 -0.368301480153658
-0.353242409282091 -0.311600080364643 -0.327474774808968 -0.359250763826347 -0.345606733591992 -0.345711335012098 -0.345450037458043 -0.338610199080345 -0.340984977409127 -0.298913502430185 -0.263124590960541 -0.233915043243374 -0.28103737839211 -0.232950992012065 -0.326445926225498 -0.306626134790686 -0.358604952112964 -0.393264204400118 -0.427867690633983 -0.427624461049611 -0.388521023111123 -0.469382518090645 -0.542471269031695 -0.583083185080847 -0.606838873924078 -0.58797724548486 -0.533402005927709 -0.470697084326898 -0.454977760026966 -0.47070392220153 -0.467751791848118 -0.44894704462424 -0.412933988776661 -0.388203131126969 -0.432861619828748 -0.485002985091578 -0.528236399901519 -0.53284357690409 -0.540262561044364 -0.560187024575425 -0.581577400017259 -0.560168983995981 -0.552157338905524 -0.546365925442017 -0.511418269967786 -0.445282205805362 -0.434518573874361 -0.429166044902825 -0.400557499763278 -0.374238845167281 -0.35959444798456
-0.260170806713034 -0.283414828774002 -0.261014576062514 -0.2792219535498 -0.323102115280896 -0.333080235138767 -0.357416969447068 -0.339326051298629 -0.317361722636843 -0.303729636463332 -0.263711796639139 -0.293070510344446 -0.271645636992716 -0.234221007963419 -0.223618699860465 -0.27454753774474 -0.361027928950856 -0.407385850122074 -0.438152021529453 -0.438038808990468 -0.4830498896698 -0.55073235153335 -0.562359415906806 -0.561853638051779 -0.563665075800646 -0.520052313887166 -0.488717470041605 -0.465930180655595 -0.455161808160663 -0.467452832698929 -0.449967181659961 -0.462446627462695 -0.415377717188751 -0.370157153393059 -0.384280248390154 -0.475823996228687 -0.509791264569928 -0.476032346630885 -0.494874296640222 -0.516494663535147 -0.571849397412402 -0.5471330494032 -0.543717778415045 -0.510489525174732 -0.545364621114146 -0.517359076141372 -0.454098827558261 -0.437389183287119 -0.397579446752907 -0.340614914666494 -0.294607561166028
-0.227042457000363 -0.239380353943173 -0.215862479807117 -0.199485396276154 -0.251884467642709 -0.302286546766738 -0.317777618285761 -0.33137711878476 -0.313795106536333 -0.29826690824603 -0.211495023080992 -0.239387411463685 -0.253976942998798 -0.216427051393943 -0.208534636129815 -0.243899093509358 -0.333101944156027 -0.388824957503961 -0.408579400264645 -0.42781562971144 -0.452925869794212 -0.53050821567186 -0.558719100529785 -0.577565775715677 -0.544869896348979 -0.484135669932098 -0.439909910582114 -0.428159797169874 -0.41985658070863 -0.429886667731733 -0.426678438480584 -0.442545425004855 -0.429798924664798 -0.360658287682675 -0.338837906904394 -0.375503120494257 -0.407119314638371 -0.426298762832398 -0.449625586229237 -0.4527045555134 -0.501423439506543 -0.523363060260183 -0.529104122406171 -0.531429986764959 -0.564803264683513 -0.514019129731836 -0.459726648564052 -0.400838888844153 -0.341111357643253 -0.312421124145444 -0.280769865176638
-0.168959709014217 -0.217124944068128 -0.180775924721449 -0.162378022932505 -0.211813829213751 -0.287649226756699 -0.292108402308825 -0.308284600353661 -0.31271469627089 -0.224195300265647 -0.198707272332984 -0.142174771601182 -0.159680387218872 -0.178171900667978 -0.215694361769396 -0.243879618401268 -0.339902902633374 -0.35110552413053 -0.394421213368085 -0.434938182876108 -0.464490461386675 -0.513971175376816 -0.556415068677354 -0.593276368054471 -0.563104103639318 -0.508839400886803 -0.42995237905133 -0.366739965556227 -0.341060506531334 -0.356646451758231 -0.356019521562859 -0.409430193040328 -0.393740986358751 -0.345034173419016 -0.305096646797125 -0.300265106449378 -0.295896417709362 -0.35182659958329 -0.401270275480092 -0.403004892334252 -0.465569329794145 -0.481577497024241 -0.514832600201502 -0.543080949233045 -0.497506992502699 -0.441948631763995 -0.416561003052847 -0.417574606745757 -0.296207598191624 -0.2855764616749 -0.25099146257468
-0.124382980753626 -0.154735097987188 -0.156182985911422 -0.161341191503378 -0.173965535370595 -0.225813554630557 -0.27537132093413 -0.279356649747834 -0.22540973121864 -0.209464129432784 -0.181105655819258 -0.124160163689384 -0.149208759124322 -0.168672920455369 -0.186136141868302 -0.227797337882327 -0.29859260356094 -0.377147647217766 -0.441256107253109 -0.352842083465696 -0.487024935594344 -0.52651141461722 -0.568839041838913 -0.607902372850829 -0.595311753646191 -0.527583253069757 -0.454362601109636 -0.400290987222365 -0.338134995598135 -0.330891366804937 -0.31487715865853 -0.338425765499768 -0.337372520996406 -0.297891472311673 -0.269774334345071 -0.293592005166163 -0.302584828045415 -0.299077574904914 -0.343380217477825 -0.359540942635184 -0.4386260825265 -0.459540548467248 -0.467249336351435 -0.472849595921175 -0.445639306976971 -0.387473441391999 -0.414585531646766 -0.385690765061429 -0.310992280851643 -0.260399179010664 -0.214325862829113
-0.0799240859793736 -0.10549697303908 -0.102731023553793 -0.18604218566386 -0.13350374086931 -0.185192777743087 -0.214790750477408 -0.236463810745543 -0.178707221577621 -0.165829337263295 -0.159911314610337 -0.140265394490163 -0.152644841263705 -0.16132954684081 -0.172343447135505 -0.220641709822846 -0.292846576423377 -0.363335327603031 -0.390062149210957 -0.372295475293249 -0.512214804820365 -0.534456827637411 -0.591420854695706 -0.608727859660537 -0.602746760273988 -0.56737815940343 -0.513781124811157 -0.486809026119204 -0.421315232022282 -0.373417258444184 -0.35169310679367 -0.350654750077108 -0.33071619099318 -0.30705283701794 -0.282440030314792 -0.295935866726046 -0.309337179334717 -0.299869550257051 -0.290866144159055 -0.329208693623648 -0.366088921381006 -0.399149261639336 -0.42469519237377 -0.421692271036974 -0.410417384539458 -0.345339062099439 -0.347002725810911 -0.273938985690733 -0.249389907088442 -0.217442020103824 -0.192504617822113
-0.0420115106522084 -0.0206545753258527 -0.0817756845458071 -0.151539741965108 -0.146569088730171 -0.165939331617289 -0.176878486145206 -0.184753632625716 -0.134944849468138 -0.130709736907029 -0.1462556484773 -0.142841207039445 -0.113425417433129 -0.107001025317039 -0.136706233050669 -0.193172095246656 -0.272098326097752 -0.337096008458593 -0.359322982439637 -0.316975706032264 -0.468048122298782 -0.51041269540786 -0.585778332497183 -0.528469003628363 -0.541843081009003 -0.532056389866867 -0.532323178187617 -0.530426088066213 -0.507086669395685 -0.458917803448668 -0.407136530691903 -0.372088136320676 -0.311620975927269 -0.28486868858079 -0.259911492742199 -0.264668873723574 -0.268401419106596 -0.268502154951514 -0.244783513696443 -0.312356002261376 -0.339872840125648 -0.396099483510771 -0.387759823216579 -0.405558418118557 -0.360656949409316 -0.32066403944084 -0.270911130851335 -0.216144628078648 -0.207028279278978 -0.219312726986466 -0.167349882107292
-0.0217101555308837 0.00268447814410504 -0.00600900021929651 -0.115491943037842 -0.134868878858875 -0.161400794853538 -0.150462971923729 -0.122786419728495 -0.0856750382751563 -0.0661571243484181 -0.119177301911234 -0.0963516911791306 -0.0567125058814448 -0.0795151695945588 -0.0114525960267896 -0.121784891242091 -0.24220690556338 -0.328567987419147 -0.298796107184084 -0.20387214595654 -0.344076059697617 -0.455855288223815 -0.514393759906861 -0.416906196663854 -0.467418621334179 -0.470626491643955 -0.506359929662273 -0.516345484035796 -0.499735235703356 -0.444639993065271 -0.418209626142414 -0.355602462271273 -0.305970963261519 -0.302895781161416 -0.285092562255712 -0.278631095328752 -0.283006412845052 -0.244104010846032 -0.246146090060562 -0.276940050955792 -0.328172683241766 -0.371131660916317 -0.381459007120242 -0.372817889781255 -0.351201337473382 -0.315106459437499 -0.281539053822882 -0.224733024566887 -0.189727815812068 -0.190421550463677 -0.151705914113555
-0.089184997650525 -0.0957967771178291 -0.0666977204009674 -0.129313677345819 -0.10328001469988 -0.103241757686515 -0.0931019669243216 -0.0747146088823274 -0.027181331635574 -0.0357584418196796 -0.0629182836739132 -0.0739919450553457 -0.0512346538508639 -0.0231618883755065 -0.0824610725489342 -0.0905435069709627 -0.194724407779453 -0.292772800430138 -0.228812169163404 -0.266515149289696 -0.336070453102833 -0.3547516691549 -0.3954392943552 -0.349570944126178 -0.422138661361591 -0.40664876888781 -0.445981260169519 -0.470612658935469 -0.530658815447891 -0.473660554444769 -0.431764262964225 -0.353178731254344 -0.325021059022429 -0.292987551043406 -0.270480729148065 -0.302810833893613 -0.268953452918794 -0.232160574699265 -0.252680064055895 -0.243843262714542 -0.310555268686818 -0.354722989004969 -0.350969068529653 -0.337169665196317 -0.334955049928246 -0.307369129304852 -0.298513100777021 -0.262784265708195 -0.226945225168137 -0.199701697882984 -0.153934591655997
-0.075757594565487 -0.0895492620100213 -0.0852192662422316 -0.0932100308904815 -0.129199986702486 -0.0608663660322939 -0.0721850903560474 -0.0733871068963317 -0.0428099463692879 -0.0178762643511908 -0.00554245728750174 -0.0103368518147694 -0.0166389871714453 -0.0254143546371803 -0.0782404081586241 -0.134730678748152 -0.195233997935876 -0.275505025057288 -0.271825121198268 -0.268081382660021 -0.246004182886515 -0.243146456222258 -0.304187145876295 -0.334011336336711 -0.38079923796274 -0.34584575039938 -0.374747747520099 -0.417222492082255 -0.398337425370359 -0.420923572965264 -0.360218353335643 -0.343023887930863 -0.280743783680463 -0.283383818308616 -0.285375700951622 -0.271500891901071 -0.262535346246699 -0.21727313568655 -0.223119059296817 -0.233020178763822 -0.273866325956381 -0.316678758509405 -0.358059879765416 -0.317834481966396 -0.297417390225323 -0.271328388735496 -0.299066691941292 -0.305271581592831 -0.250581071044259 -0.191606055064528 -0.185349578107198
-0.0530184461669759 0.00110712884313173 -0.0124330852310891 -0.238790396071216 -0.214820850536302 -0.0253673664767784 -0.0413134821154803 -0.0467405567094042 0.00109264960393045 0.00909709073964838 -0.150602385239135 -0.159423532741549 -0.155711195153732 -0.00480071921914834 -0.0705734200824042 -0.1598836683938 -0.196774856018734 -0.273743874210753 -0.223897480178259 -0.222136235054039 -0.261451336727545 -0.309364434796893 -0.330869534296792 -0.393375870924331 -0.379818487639409 -0.363232782781111 -0.363144425744942 -0.421884608167147 -0.425822899886268 -0.429479798764986 -0.360366644019782 -0.286979438802375 -0.25268107022595 -0.232200949169071 -0.269559911117121 -0.266735417867912 -0.213433583048638 -0.175252449110046 -0.190959484297105 -0.218405660762317 -0.250760867199833 -0.292951438711723 -0.306366451029433 -0.295477698284334 -0.250983796151316 -0.262603445912451 -0.258562078954693 -0.298000618544224 -0.225478769989173 -0.16986722765737 -0.111940191045429
-0.0331868876079291 -0.0167725314982402 -0.16666359695828 -0.195867361440864 -0.214591978827078 -0.195386152184323 -0.0159437421954081 -5.42244859387457e-05 -0.150062910890664 -0.137170814466808 -0.151162298927528 -0.157892287404419 -0.186445520755934 -0.224808276982719 -0.275276351750958 -0.330005243994877 -0.372462536456512 -0.449463981572998 -0.445923639823489 -0.296774812648181 -0.30694603041439 -0.289193457583105 -0.327826095354306 -0.402074426376354 -0.367277760065288 -0.365362636325082 -0.342217667344295 -0.375487746020092 -0.411368068293022 -0.353096078255018 -0.341504991257456 -0.304026942031823 -0.276026111122742 -0.18219732378183 -0.15471599158804 -0.119141351881976 -0.119123347680186 -0.131581710053258 -0.180585221459541 -0.200363705902036 -0.220322941136913 -0.261759807187394 -0.271376558053606 -0.254210146664645 -0.257130859085382 -0.237734122346025 -0.250742816929309 -0.249554621921652 -0.204611557756965 -0.0998519040757814 -0.0280151273375994
