data/pcas/pcas_can_126/pca_referenceLayers_can_126/PC07.asc
NCOLS 494 
NROWS 529 
XLLCORNER -117.166666666667 
YLLCORNER -55.5 
CELLSIZE 0.166666666666667 
NODATA_value -3.4e+38 
[rows 418 to 439 of 529, columns 306 to 356 of 494]
-0.170745062672458 -0.205815305672418 -0.192679994765147 -0.176353352765153 -0.145650927384375 -0.139848025504998 -0.0750649428516467 -0.1413862967942 -0.065504207058753 -0.111875652165169 -0.112747410785863 -0.116921337306275 -0.138844088448118 -0.199297743434571 -0.270883165734277 -0.273531164044208 -0.257719496440521 -0.248491169399652 -0.225078975964418 -0.108239974965279 -0.12626629278266 -0.0721263701838212 -0.10857818429447 -0.15439879663931 -0.160781201769338 -0.157633571965023 -0.133979373891648 -0.13363816630376 -0.11712176532379 -0.101327034756923 -0.0921447898674667 -0.0620192210474658 -0.0485757529851882 -0.0390785613928561 -0.0385772877474879 -0.0323519714490673 -0.0593065279972593 -0.0877371719136387 -0.0800569991222472 -0.117681054060768 -0.098648413942817 -0.0934266927780224 -0.0992575474534162 -0.0949214671404068 -0.0956749922325874 -0.0919094439452176 -0.0835924579845934 -0.0680766599615131 -0.0463235932213189 -0.0145759586043477 -0.00961832967749014
-0.241451210889009 -0.182327122405025 -0.167313998812382 -0.154511362195336 -0.140687803251038 -0.154095843919909 -0.172763740253992 -0.16429093437727 -0.176842901961393 -0.173077549880898 -0.168558553748919 -0.166047738644853 -0.185656393171933 -0.213218554462176 -0.267821384136891 -0.265117020696388 -0.267003815754847 -0.238139889998637 -0.198075542523672 -0.19755143377733 -0.174884635439973 -0.17082118909839 -0.194411255391789 -0.176329059819677 -0.162993173686941 -0.167902863134396 -0.148274144473513 -0.133729401174414 -0.117059662074921 -0.0938776909105089 -0.0826916835514999 -0.0552359950437303 -0.0442811566418948 -0.0388435604122324 -0.0468117597109931 -0.0474441040120002 -0.0677494622778095 -0.0959121481508389 -0.128949132683327 -0.141504472952091 -0.12841772374855 -0.105949486039785 -0.090899566084235 -0.0922682913119017 -0.100182724050327 -0.101055271363925 -0.0873182366712667 -0.0806555426283814 -0.0555011592362218 -0.0202277061290344 -0.0135268386488666
-0.210329188414328 -0.171603182789346 -0.178846480933155 -0.182650972610411 -0.176756594114078 -0.154433927973385 -0.161715384698153 -0.195965307344898 -0.202579181171734 -0.187745454412854 -0.167920465819354 -0.202449296943577 -0.237488457895699 -0.256531894857939 -0.265938478274441 -0.263182913993906 -0.267778099236516 -0.218536069758481 -0.222057245870953 -0.189371804631542 -0.180217076776731 -0.173481066465713 -0.187352999277278 -0.18240822294666 -0.160274110713323 -0.154426665309931 -0.144092538696364 -0.135181108195785 -0.126365041721029 -0.0885967235196367 -0.0650536391566621 -0.043679677363455 -0.0384960453065754 -0.0385111450504549 -0.0534882647184103 -0.0439706555367602 -0.0546142555652706 -0.0779083960177265 -0.100621795372323 -0.128768299191132 -0.139341954038908 -0.117659332992623 -0.0908042312137541 -0.109569120432309 -0.119332745783404 -0.110087800400964 -0.0973472299790944 -0.0810876809883232 -0.0609514328636945 -0.0451580111390217 -0.0130048832203132
-0.224205729026731 -0.19712881646696 -0.194359211071349 -0.189357960696179 -0.191242721986436 -0.172599562427978 -0.188135572716091 -0.189662515248367 -0.209390510874157 -0.207051751763409 -0.20782650260556 -0.201579969045884 -0.206180474381083 -0.212730021647916 -0.242604657892643 -0.429272353662405 -0.409145153287818 -0.234965339977427 -0.206703970752849 -0.194656903435327 -0.179796224027679 -0.173972847889066 -0.177596610549719 -0.191723067306271 -0.194751079737517 -0.166619255801601 -0.153217247640461 -0.146377096791552 -0.120397750754939 -0.104348980917883 -0.0687506405400296 -0.0493589001961889 -0.0353778270571182 -0.043450192171846 -0.0469939465511573 -0.0562973469354611 -0.0672588418603269 -0.0798343576302208 -0.0892611776899569 -0.0932745710706631 -0.111145752828813 -0.117642811121112 -0.105461746571865 -0.129860706813224 -0.117747266880672 -0.103502774209344 -0.0896246361862966 -0.0781672622680397 -0.150346160331327 -0.152468649119451 -0.0140900590974751
-0.178411460193251 -0.183538895035715 -0.190898718382341 -0.194425394082422 -0.198729916232853 -0.194973902373096 -0.177108270540947 -0.206175288225964 -0.200520135796798 -0.200111589908573 -0.194069070761087 -0.171724784587464 -0.16616945533404 -0.174460056760444 -0.173835788954966 -0.199496260861402 -0.218054601358526 -0.223469965375303 -0.203279679182034 -0.186466798186953 -0.18253847720963 -0.161207756216256 -0.159799311574531 -0.133800031211427 -0.137909587121533 -0.185268736457681 -0.172065819372817 -0.144810977623681 -0.129942577290281 -0.0886466501435214 -0.0765062436911646 -0.0607569614022902 -0.0425145243402955 -0.0437082882700472 -0.0463450316270032 -0.0499857949934451 -0.0736639484797562 -0.0809015631952046 -0.0925182445332864 -0.0832518151083921 -0.0859785015201218 -0.0936466319625561 -0.0993664232289278 -0.109390060357831 -0.0947552459154275 -0.0843883338851969 -0.0897092185759666 -0.157020724186629 -0.128193692799626 -0.125626759172947 -0.108284805757493
-0.224597896077096 -0.145073118531385 -0.157153615843695 -0.174427293142295 -0.197517359954869 -0.210621814436167 -0.208277496187996 -0.211905317247822 -0.205382701105648 -0.184798008327086 -0.174618170193096 -0.173406896585296 -0.161488848229516 -0.175380841921875 -0.1556613912668 -0.182836993537243 -0.209403971732526 -0.220466541559189 -0.200339044677009 -0.182572830819862 -0.194344021641925 -0.157736691818783 -0.174806784968074 -0.153550449369534 -0.0837606312088105 -0.14553558191768 -0.138226502527226 -0.146242369707807 -0.11792915566337 -0.101459322357869 -0.0683311069578711 -0.0539619443915669 -0.0401938267902881 -0.0330767639539195 -0.0526918956122839 -0.0446889589647302 -0.0642033644487985 -0.0815876607790792 -0.0752495127974034 -0.0826153355132144 -0.0750848312666491 -0.0719351560612509 -0.0697825029653942 -0.0675472014006421 -0.0771336521080889 -0.0604360076261401 -0.0537301357320767 -0.14213652146039 -0.0840325308034026 -0.0595874256113376 -0.0703332058271984
-0.223401075005227 -0.170853004722712 -0.161745602498099 -0.182294813492017 -0.249153864485118 -0.273946538898352 -0.250604232952713 -0.243934245688811 -0.237488556939477 -0.212677457492671 -0.188955636566051 -0.17859948127677 -0.177712830316407 -0.155358717585539 -0.134814683819087 -0.1863659698954 -0.195937670521386 -0.207006645592902 -0.206711901147387 -0.190782459284893 -0.200613858468308 -0.169655068595232 -0.153370217869548 -0.159189422085904 -0.110560524235453 -0.080090857080292 -0.1146519842806 -0.135909554951592 -0.124520364041005 -0.103723419908314 -0.0763372634145297 -0.0560884976887867 -0.0298946453577144 -0.0163107773934378 -0.0486927498256843 -0.0505817081662942 -0.048257578038614 -0.069441678529043 -0.0753081598570331 -0.0624427988679162 -0.0575511772405747 -0.050524783146156 -0.06581647165292 -0.0363553807991375 -0.0469660999588614 -0.0418393981743257 -0.154825945984065 -0.131932005162404 -0.0990943069656501 -0.0865763725402474 -0.0778156676284235
-0.200971101680076 -0.221185758120524 -0.231932331852353 -0.244878042248713 -0.279649170708358 -0.287795868587632 -0.294122143661213 -0.277643391579899 -0.277269105828707 -0.26857313900011 -0.244339353524817 -0.199512546836922 -0.164531690692857 -0.165146465386655 -0.174894490501617 -0.152778154266111 -0.192297508277192 -0.195528560974127 -0.204467157846842 -0.195750145377352 -0.197342177839459 -0.190853632671903 -0.15786352399574 -0.155368338007178 -0.137345754537351 -0.0860057304213402 -0.111920677477906 -0.0944512968377444 -0.0903861461540457 -0.0892668418676517 -0.0709860052775376 -0.0707197227447796 -0.0502146312044442 -0.0418664804269459 -0.0384623358254238 -0.0384206647839097 -0.0454040389288855 -0.0541488466137078 -0.0631895344245616 -0.0481410267777776 -0.0309147545159217 -0.0391483641902072 -0.0284568802455743 -0.0894857673326665 -0.0649777260743315 -0.0593473733861633 -0.155051331601373 -0.148933967897726 -0.123240132478651 -0.0950304148781612 -3.4e+38
-0.368099656466216 -0.336512129658494 -0.304069067971668 -0.323098732613549 -0.326107443727006 -0.320717221966391 -0.323241557351078 -0.301985035880516 -0.276623301527532 -0.286655538045591 -0.258934123091546 -0.221038284157218 -0.201504019650987 -0.171025644215947 -0.163308893170098 -0.182530950399153 -0.196146153835369 -0.210232183536543 -0.186533229853828 -0.208405576786611 -0.208863988234009 -0.182634421906013 -0.168539022938412 -0.146979153497849 -0.147296406873403 -0.108606117205447 -0.0729671589018267 -0.110600391130012 -0.0954963836849716 -0.0836446053873286 -0.0708809662397895 -0.0677880656343659 -0.0587989058276523 -0.162156494467148 -0.149056180352607 -0.146563055353022 -0.135527815370223 -0.0240021914861243 -0.0460637380566468 -0.0301694120152101 -0.0198650478538283 -0.00835276746607378 -0.0376020516271481 -0.0337091356125271 -0.0349282200559198 -0.137225323240478 -0.118794544885991 -3.4e+38 -3.4e+38 -3.4e+38 -3.4e+38
-0.619929178892504 -0.462721616608121 -0.408325407343796 -0.406849832423441 -0.40590995639644 -0.386099955705404 -0.381924662541973 -0.360419692883394 -0.30881219814661 -0.303092456886838 -0.288717172875986 -0.272597402990995 -0.22565592149183 -0.206274192508035 -0.204448614875227 -0.209751507643743 -0.224995504499394 -0.266104367353884 -0.191193773307069 -0.200741718105471 -0.213664267591563 -0.188794276260102 -0.15912011773669 -0.149031117389024 -0.137628567871528 -0.12405458910917 -0.109523784560343 -0.0783840835405725 -0.0801152200976409 -0.078282825032743 -0.0821237686087347 -0.17926198443334 -0.172956617968843 -0.153877600682131 -0.139954709422941 -0.1314179265168 -0.117352584954416 -0.120070745007437 -0.124885659574406 -0.111784686331742 0.00878297904482016 -0.0265227596877621 -0.124298111427099 -0.0927990451274221 -3.4e+38 -3.4e+38 -3.4e+38 -3.4e+38 -3.4e+38 -3.4e+38 -3.4e+38
-0.630581388352963 -0.660508550695264 -0.645921100331505 -0.631562260971141 -0.477495318920998 -0.457877748922337 -0.421156221051538 -0.392516439021316 -0.352540729888847 -0.338622553200749 -0.33910069331935 -0.460644461025543 -0.273848151742561 -0.242537063923065 -0.24954898692425 -0.243864408398766 -0.387561042517733 -0.426055654114766 -0.373792604178454 -0.351073244934739 -0.391072631718518 -0.193451325295078 -0.106683208501513 -0.0688334725353772 -0.115557151816776 -0.109720802782199 -0.0851758028734277 -0.0673010026234288 -0.0581158528605351 -0.0678047668121882 -0.16643649507414 -0.170996494309938 -0.150849168851664 -0.147944685759601 -0.13133015070366 -0.109853633776127 -0.103137466738575 -0.104054057949444 -0.0892061571535422 -3.4e+38 -3.4e+38 -3.4e+38 -3.4e+38 -3.4e+38 -3.4e+38 -3.4e+38 -3.4e+38 -3.4e+38 -3.4e+38 -3.4e+38 -3.4e+38
-0.742702543629489 -0.72574219437462 -0.719474096426496 -0.696817688046247 -0.66352351582504 -0.64800156894463 -0.605214495126741 -0.57097350124245 -0.542008210280448 -0.508089921649788 -0.509829130583165 -0.474555878192757 -0.451525063884931 -0.29959691964531 -0.423879862649563 -0.406053088910266 -0.427156838391454 -0.431662991726321 -0.430827167826882 -0.429873653931719 -0.403629249483435 -0.385102443780022 -0.148698932781111 -3.4e+38 -3.4e+38 -3.4e+38 -0.0330961591512806 -0.0268315795550422 -0.131576101355229 -0.138475014825959 -0.13266996305999 -0.120116552823694 -3.4e+38 -3.4e+38 -3.4e+38 -3.4e+38 -3.4e+38 -3.4e+38 -3.4e+38 -3.4e+38 -3.4e+38 -3.4e+38 -3.4e+38 -3.4e+38 -3.4e+38 -3.4e+38 -3.4e+38 -3.4e+38 -3.4e+38 -3.4e+38 -3.4e+38
-0.747532330000318 -0.744020059762376 -0.757479460317967 -0.768792317084061 -0.742650116914682 -0.704518745170518 -0.660913747339885 -0.619175867846455 -0.580517280372775 -0.542749342227762 -0.519172680275796 -0.513349653579034 -0.492382636016766 -0.451489346058703 -0.440940676270581 -0.423999307948407 -0.424829009838392 -0.435027742775143 -0.449823583263914 -0.428567143795181 -0.403556332753158 -0.395688839826541 -0.335624506307394 -3.4e+38 -3.4e+38 -3.4e+38 -3.4e+38 -3.4e+38 -3.4e+38 -3.4e+38 -3.4e+38 -3.4e+38 -3.4e+38 -3.4e+38 -3.4e+38 -3.4e+38 -3.4e+38 -3.4e+38 -3.4e+38 -3.4e+38 -3.4e+38 -3.4e+38 -3.4e+38 -3.4e+38 -3.4e+38 -3.4e+38 -3.4e+38 -3.4e+38 -3.4e+38 -3.4e+38 -3.4e+38
-0.757964276206105 -0.739732525261668 -0.741032487637654 -0.794776366007556 -0.761491534214277 -0.73055693603582 -0.669427853907814 -0.637431028326562 -0.652639804536608 -0.611513040264829 -0.56802232345773 -0.535331339866519 -0.514535686651289 -0.470374005941133 -0.466169928973526 -0.450298328590816 -0.439769309366281 -0.438189209087762 -0.425906716621067 -0.405225023566224 -0.386500057525128 -0.361731313296527 -0.324334198034997 -3.4e+38 -3.4e+38 -3.4e+38 -3.4e+38 -3.4e+38 -3.4e+38 -3.4e+38 -3.4e+38 -3.4e+38 -3.4e+38 -3.4e+38 -3.4e+38 -3.4e+38 -3.4e+38 -3.4e+38 -3.4e+38 -3.4e+38 -3.4e+38 -3.4e+38 -3.4e+38 -3.4e+38 -3.4e+38 -3.4e+38 -3.4e+38 -3.4e+38 -3.4e+38 -3.4e+38 -3.4e+38
-0.782944731227553 -0.767715213763328 -0.74931320953116 -0.726013101422871 -0.744793127414448 -0.712500325922909 -0.670434983751679 -0.659812337148755 -0.638059945890529 -0.616926590481108 -0.589594677867786 -0.568609435077848 -0.53597802430354 -0.526061673743684 -0.473389628856422 -0.460323123632878 -0.42726734754908 -0.418450712026139 -0.396602332340455 -0.342934774202809 -0.30902403522498 -0.296478511382624 -0.285436041177303 -0.203119128576656 -3.4e+38 -3.4e+38 -3.4e+38 -3.4e+38 -3.4e+38 -3.4e+38 -3.4e+38 -3.4e+38 -3.4e+38 -3.4e+38 -3.4e+38 -3.4e+38 -3.4e+38 -3.4e+38 -3.4e+38 -3.4e+38 -3.4e+38 -3.4e+38 -3.4e+38 -3.4e+38 -3.4e+38 -3.4e+38 -3.4e+38 -3.4e+38 -3.4e+38 -3.4e+38 -3.4e+38
-0.787315610590653 -0.794484331974178 -0.788087348698431 -0.743975150416624 -0.701063442534123 -0.7061440934237 -0.693851958998519 -0.66624612000706 -0.654034151113047 -0.623169964809973 -0.623838877154451 -0.59082815256657 -0.553787794104302 -0.514475575661822 -0.486038388136836 -0.466295396848441 -0.437874383754908 -0.416136967449576 -0.406773598819315 -0.357077241048954 -0.317526149210748 -0.265847783926557 -0.254906619388955 -0.221856302319992 -3.4e+38 -3.4e+38 -3.4e+38 -3.4e+38 -3.4e+38 -3.4e+38 -3.4e+38 -3.4e+38 -3.4e+38 -3.4e+38 -3.4e+38 -3.4e+38 -3.4e+38 -3.4e+38 -3.4e+38 -3.4e+38 -3.4e+38 -3.4e+38 -3.4e+38 -3.4e+38 -3.4e+38 -3.4e+38 -3.4e+38 -3.4e+38 -3.4e+38 -3.4e+38 -3.4e+38
-0.748565342782004 -0.976523312685596 -0.985428832573949 -0.988974078277657 -0.917287096140136 -0.91285791857538 -0.668147543809856 -0.651560383475247 -0.640217966901736 -0.644885719042175 -0.633638413322621 -0.604386688582448 -0.575473481570328 -0.508607035166101 -0.475992470335114 -0.677577257782709 -0.438575225069186 -0.423828941626801 -0.398719873675438 -0.367142076784173 -0.315518423987115 -0.278844419306397 -0.240095161497963 -0.179711563775856 -3.4e+38 -3.4e+38 -3.4e+38 -3.4e+38 -3.4e+38 -3.4e+38 -3.4e+38 -3.4e+38 -3.4e+38 -3.4e+38 -3.4e+38 -3.4e+38 -3.4e+38 -3.4e+38 -3.4e+38 -3.4e+38 -3.4e+38 -3.4e+38 -3.4e+38 -3.4e+38 -3.4e+38 -3.4e+38 -3.4e+38 -3.4e+38 -3.4e+38 -3.4e+38 -3.4e+38
-0.96369114250496 -0.954828632325048 -0.945624301969315 -0.950697336685442 -0.910393163248466 -0.851403025888356 -0.623627734917802 -0.873513281557945 -0.656339072983309 -0.638556521986488 -0.638576555233402 -0.61662637504456 -0.581959778069993 -0.554163232907455 -0.491082753040442 -0.458781103978881 -0.436429139420265 -0.420995359129085 -0.390009710049934 -0.3630112268564 -0.340043975995913 -0.285460538536711 -0.231131756851371 -3.4e+38 -3.4e+38 -3.4e+38 -3.4e+38 -3.4e+38 -3.4e+38 -3.4e+38 -3.4e+38 -3.4e+38 -3.4e+38 -3.4e+38 -3.4e+38 -3.4e+38 -3.4e+38 -3.4e+38 -3.4e+38 -3.4e+38 -3.4e+38 -3.4e+38 -3.4e+38 -3.4e+38 -3.4e+38 -3.4e+38 -3.4e+38 -3.4e+38 -3.4e+38 -3.4e+38 -3.4e+38
-0.916343955438768 -0.919038611173268 -0.906699300475123 -0.667993777866278 -0.648441332327164 -0.622857795737296 -0.629411592977626 -0.601115637183654 -0.616016887675979 -0.607383061860678 -0.852334148188639 -0.816915721517208 -0.576589222130217 -0.535701632705251 -0.48604769328792 -0.456252907412431 -0.420117129601098 -0.409279064100897 -0.361654438661385 -0.334951649038144 -0.321198731410681 -0.276040392139587 -0.207472231268565 -3.4e+38 -3.4e+38 -3.4e+38 -3.4e+38 -3.4e+38 -3.4e+38 -3.4e+38 -3.4e+38 -3.4e+38 -3.4e+38 -3.4e+38 -3.4e+38 -3.4e+38 -3.4e+38 -3.4e+38 -3.4e+38 -3.4e+38 -3.4e+38 -3.4e+38 -3.4e+38 -3.4e+38 -3.4e+38 -3.4e+38 -3.4e+38 -3.4e+38 -3.4e+38 -3.4e+38 -3.4e+38
-0.879402020219564 -0.883808363176508 -0.882320050329148 -0.874380252690224 -0.591200517456346 -0.565379528285325 -0.558519059439573 -0.581984041786735 -0.605347580931473 -0.834298462657234 -0.856213034997385 -0.806927759368866 -0.528461796592444 -0.508318852943155 -0.46466792818867 -0.443355200913154 -0.398462438871573 -0.368458243291792 -0.345808731338302 -0.317023215622766 -0.306971436514877 -0.252659811484738 -0.145387904971303 -3.4e+38 -3.4e+38 -3.4e+38 -3.4e+38 -3.4e+38 -3.4e+38 -3.4e+38 -3.4e+38 -3.4e+38 -3.4e+38 -3.4e+38 -3.4e+38 -3.4e+38 -3.4e+38 -3.4e+38 -3.4e+38 -3.4e+38 -3.4e+38 -3.4e+38 -3.4e+38 -3.4e+38 -3.4e+38 -3.4e+38 -3.4e+38 -3.4e+38 -3.4e+38 -3.4e+38 -3.4e+38
-0.85059406818287 -0.836543121343659 -0.83100055381041 -0.818702516717052 -0.76319485295617 -0.581227600885984 -0.674768437687545 -0.497207594417185 -0.5489005877308 -0.58826165521153 -0.565916054885656 -0.782768953133449 -0.537600743419934 -0.477242922791925 -0.443578718303391 -0.404024051969161 -0.368487211181576 -0.345666684937758 -0.325778451447439 -0.285095525200227 -0.280343447814539 -0.223966241263067 -3.4e+38 -3.4e+38 -3.4e+38 -3.4e+38 -3.4e+38 -3.4e+38 -3.4e+38 -3.4e+38 -3.4e+38 -3.4e+38 -3.4e+38 -3.4e+38 -3.4e+38 -3.4e+38 -3.4e+38 -3.4e+38 -3.4e+38 -3.4e+38 -3.4e+38 -3.4e+38 -3.4e+38 -3.4e+38 -3.4e+38 -3.4e+38 -3.4e+38 -3.4e+38 -3.4e+38 -3.4e+38 -3.4e+38
-0.862287821536855 -0.808175652082546 -0.569119507541659 -0.531119456768868 -0.486804537455916 -0.458355485286029 -0.418299662950505 -0.39783664033874 -0.439010054959985 -0.510154308553465 -0.525750270552043 -0.531153477446905 -0.504520600918959 -0.46654690002821 -0.422256374666886 -0.373281051771264 -0.358597914943481 -0.320437250888157 -0.281916563019556 -0.270576855249263 -0.219533016341461 -0.185549798330175 -0.0904815793416162 0.00376750542897114 -3.4e+38 -3.4e+38 -3.4e+38 -3.4e+38 -3.4e+38 -3.4e+38 -3.4e+38 -3.4e+38 -3.4e+38 -3.4e+38 -3.4e+38 -3.4e+38 -3.4e+38 -3.4e+38 -3.4e+38 -3.4e+38 -3.4e+38 -3.4e+38 -3.4e+38 -3.4e+38 -3.4e+38 -3.4e+38 -3.4e+38 -3.4e+38 -3.4e+38 -3.4e+38 -3.4e+38
