data/pcas/pcas_can_126/pca_referenceLayers_can_126/PC07.asc
NCOLS 494 
NROWS 529 
XLLCORNER -117.166666666667 
YLLCORNER -55.5 
CELLSIZE 0.166666666666667 
NODATA_value -3.4e+38 
[rows 330 to 351 of 529, columns 306 to 356 of 494]
0.865793163497367 0.853035880783364 0.735441141629667 0.702697426270628 0.633162653717003 0.582170806496968 0.57793570446451 0.511001835026539 0.438055655516347 0.264748101600662 0.243462183780724 0.215063356210528 0.206400563921352 0.185727043154794 0.149020536311431 0.14630753718526 0.199909639469198 0.242404297725823 0.331785314018443 0.395125969499452 0.402686455399149 0.46888129827563 0.527015456940125 0.49494681636898 0.448408922497989 0.357160169684827 0.235943180852561 0.150723056494383 0.116694616486903 0.083245560961655 0.05498179427552 0.0143007172931862 -0.0292052065872111 -0.0710235317056455 -0.162972642825288 -0.14589002000432 -0.208075361998393 -0.216142514135119 -0.223772461569573 -0.226313827626646 -0.215298124483989 -0.212266744433513 -0.200841513479469 -0.200903981046101 -0.222290058093545 -0.228490437333367 -0.24566494415581 -0.238472609367671 -0.251734343223876 -0.269582781818473 -0.293389146321134
0.84731395725111 0.838753763245196 0.786654438512962 0.804495789308909 0.689282128893743 0.683542242661217 0.682173481885571 0.485484694968566 0.397315597012107 0.330598269594223 0.242421102102326 0.204113587385647 0.205717031836245 0.180854660289557 0.091004250691937 0.0695790974707826 0.12756461443679 0.240573614783461 0.30639952633013 0.3649299595204 0.406303690512356 0.472385334673638 0.464459616316325 0.501693285838743 0.429914132744299 0.369205926967477 0.278524242723313 0.157562314311512 0.0857583598420745 0.0704486653481796 0.0452431571999145 0.0101930802417006 -0.0405621594910877 -0.0763900380893659 -0.153774364227297 -0.151825612546207 -0.187238600970472 -0.184722753325238 -0.201298401655696 -0.218312531422662 -0.231521301574337 -0.258378701709158 -0.256733325083784 -0.260574510083824 -0.279078183232883 -0.303366282214467 -0.257533278276441 -0.268915782933765 -0.26665512478654 -0.267781510543358 -0.277656869617856
0.975487738125162 0.934434727107326 0.843649319122625 0.808778055447121 0.756642794224523 0.722846296014429 0.687508796421029 0.504786726052212 0.406449964576594 0.325425901452474 0.25360446100825 0.162112077112772 0.201723129520685 0.178701395762934 0.0360833431594192 0.0710937511416481 0.169786065244874 0.216262203310446 0.294935749644002 0.358281197242598 0.455185548484179 0.472571922746399 0.449451488438923 0.430946848825685 0.376593202090522 0.354285987383025 0.292559368421205 0.236567697554393 0.112192747009395 0.0749641801963919 0.0553723618870878 0.0184298055632762 -0.0181120631140763 -0.0702213252458505 -0.15536748933186 -0.196123447608719 -0.171751564849294 -0.195959903541605 -0.199766920806746 -0.240332875345695 -0.261679728101868 -0.257935272708618 -0.232081824413342 -0.262326015243146 -0.284144596682382 -0.302396224276898 -0.324022818871127 -0.273150606774603 -0.271204313420015 -0.267182804359871 -0.29013201005615
0.952300246363533 0.933341077559999 0.896096241192895 0.853723566632231 0.860184655076809 0.725401907273537 0.664500867070122 0.481147465023204 0.387376408489539 0.352768331062523 0.278550184120618 0.256071704352934 0.175608913493924 0.131013975060193 0.104083645955702 0.207398926643256 0.292127454685603 0.327701805584978 0.301902541178121 0.420521081709549 0.432749080136876 0.453568055204222 0.426419561311695 0.406876441020584 0.398027362167674 0.355470876041642 0.289186285398882 0.185733294027999 0.155262003328467 0.105628840379875 0.0703001267701386 0.0122696143230126 -0.00718934076646681 -0.0360902467884275 -0.0823757607064161 -0.128593653233224 -0.170796520094248 -0.199359865034319 -0.233385920644147 -0.244913355859169 -0.224536016208732 -0.233112101004165 -0.237550528425896 -0.246928632979407 -0.295222107700855 -0.296430798830447 -0.328386357663667 -0.323584102492517 -0.270630178398907 -0.284678581943222 -0.27105034218986
1.07092355927752 0.977933115720208 0.919860678636028 0.894419811498898 0.925664626133213 0.796867437680916 0.656710259867628 0.560634741614461 0.428738945932418 0.374281930505623 0.299248091474303 0.291803103411341 0.273669846780087 0.217268843340994 0.256910480094329 0.301699459093852 0.334117766801941 0.33879532314997 0.35984263788103 0.425967262849464 0.446363718076054 0.446042328725441 0.444099865098557 0.420236375786101 0.406715193183105 0.346027914317153 0.292107155990302 0.197668214258293 0.161504675613245 0.135892052980249 0.0970947325304793 0.0570870045811671 0.0322923704626221 -0.00264837099380017 -0.0164674299135856 -0.0446162561957737 -0.153406128510838 -0.187035692285287 -0.23407107545351 -0.276059286459731 -0.305011930627779 -0.286977620728525 -0.299358471694174 -0.239337335367906 -0.283646840245437 -0.296626878334494 -0.359016077698072 -0.347102798319912 -0.332283716363709 -0.261661453953154 -0.227251340422044
1.03616613848244 1.06290851284645 0.959457157977079 0.970054289776313 0.99024491699411 0.914361779688433 0.716823713153609 0.602823804530443 0.460579402221858 0.505860153619326 0.425674265636819 0.36725680492607 0.344441769565355 0.304208877133665 0.358187563060027 0.355200407869104 0.343289043235101 0.359643338257165 0.402057500518392 0.417655692449722 0.418266538065632 0.435610144110336 0.439529006432211 0.345345037172012 0.399741593150667 0.317790665209275 0.244252857500238 0.201684251831642 0.166473905263564 0.147231801929409 0.168182050999504 0.138654907440697 0.0883313619547173 0.0776154751811318 0.0435179868965954 -0.0236822167301015 -0.0950972587792857 -0.153522953168447 -0.264614452775749 -0.359445320296276 -0.313555000387237 -0.301191716006581 -0.262800591433386 -0.26600192112343 -0.24728034168321 -0.301177108776704 -0.359885217576325 -0.360145360367547 -0.338054753634295 -0.315003906842197 -0.234597720431279
1.01087896402336 1.0429822531346 0.961722320424148 0.830863819904725 0.994586414237395 0.89548129098708 0.839250749948011 0.677817572273184 0.525546586242599 0.569957007743062 0.474474677653445 0.402666016282159 0.33724960790447 0.273287101922773 0.383937279601185 0.418566677955991 0.391664085108704 0.421395779059138 0.412626678309039 0.423646146464422 0.431585143113864 0.425964734902046 0.433654596673215 0.353931992526505 0.332834640819514 0.319932484738194 0.265248280050002 0.253930811150992 0.172017632882494 0.164573896073969 0.18556632393729 0.161525045901753 0.128387401277615 0.0983322703445515 0.056445963213638 -0.0109566930111319 -0.114100403566876 -0.152409502079443 -0.299538920487687 -0.311574772755464 -0.31384410030605 -0.298761521207962 -0.294117556306561 -0.26938412915485 -0.314553441026938 -0.326822480324721 -0.37136073782265 -0.361997056875422 -0.345436663085825 -0.311287179593675 -0.272024734178837
1.03349406874385 1.08276493547517 1.00998899899112 0.958855519440843 1.04139763149604 0.833699957826579 0.732138856402923 0.709001985470859 0.597233720164098 0.65054361762828 0.566289076284577 0.498592103186128 0.380296464538562 0.423155322008941 0.427820636181882 0.434055203951663 0.443594733354103 0.455103107821898 0.443235536671659 0.451991920821439 0.453146917701567 0.437789736237535 0.349265353351393 0.347530905558397 0.346909185121232 0.331133679834216 0.287338739135724 0.251637804038447 0.246159029909834 0.228518939081906 0.20560861645132 0.166850622527709 0.13188377042043 0.105873899827475 0.0218091384756736 -0.0377527327089761 -0.106947357521418 -0.153717682808357 -0.303521397763859 -0.328852438875146 -0.31631531459492 -0.331424753583632 -0.304665480203975 -0.322796633569149 -0.324577147096209 -0.313962959446088 -0.326616018877564 -0.315725863239908 -0.313693327096403 -0.315441624358879 -0.297054506993264
1.07508915618517 1.11633586233821 1.01105586658788 1.04111867853459 1.0122528899976 0.784432613707812 0.659683817984601 0.699168441735982 0.737599443096407 0.718441545171051 0.644772996912244 0.567690153374495 0.465868455668117 0.486662096165774 0.462184131144596 0.457107753945489 0.462229276439718 0.477931427604255 0.490458000718182 0.487521807871372 0.459848676088802 0.438264071732435 0.37772455168438 0.346742423488572 0.347286882521908 0.340053046865329 0.302718600330117 0.251846699468126 0.2259656240402 0.287838254494857 0.224077593038952 0.157566191136196 0.13458663690863 0.0536760620139661 0.0234419799812994 -0.0510481516030292 -0.105157675230625 -0.166500714287787 -0.184062898246009 -0.347963446438556 -0.344594374309421 -0.343728530472599 -0.340777768713358 -0.331915373216838 -0.352652876278151 -0.365311825041843 -0.293785239173683 -0.287340223594236 -0.301444994550169 -0.312352895029053 -0.32780704872932
1.07936835147882 1.03681756999495 1.00683737177022 0.999384110462821 0.877584815520359 0.737415758198001 0.726045939590072 0.78664624386229 0.864004398784416 0.810117577334558 0.68655456806874 0.600909021319395 0.550025556270843 0.513531139963268 0.5188518184157 0.521429412467649 0.508914753420093 0.494859790146813 0.483949921066533 0.520212416589083 0.501778493562761 0.462006561647245 0.433230537881032 0.350055416649242 0.342063273097634 0.334733109274046 0.295185343188648 0.248114644741555 0.273479723268047 0.260168770502906 0.232239212975014 0.191559200617304 0.0972722704919662 0.0696764218992577 0.0247190972544545 -0.026278124618593 -0.077763341205724 -0.135769100070519 -0.221306358516289 -0.331092969795274 -0.395197379298499 -0.39168077527892 -0.384768997399405 -0.364133233416636 -0.371957327350141 -0.296437110087083 -0.300505154122725 -0.286667234008403 -0.294380531902349 -0.311702450556312 -0.328465200759047
1.06096188168136 1.11413581556665 0.973228757231729 0.947046008038431 0.822909070240783 0.749116003582086 0.738786218333574 0.938979254359073 0.945307812509863 0.837279793777669 0.613044267771308 0.672152256020861 0.628067580155986 0.536396315474948 0.557117287873731 0.547105535587114 0.537505839978995 0.52573204770927 0.506187247766037 0.504271066842425 0.524197546178889 0.491138622846374 0.439194412303257 0.411297509342549 0.33533397435957 0.310908286452853 0.272005442963845 0.233172418635061 0.253683939977984 0.235635010153692 0.207578888224781 0.150464215879551 0.128145228928325 0.0980513140096407 0.0184603718168775 -0.0325511590844685 -0.0761985954173419 -0.118050914846434 -0.149544080374123 -0.203063695456344 -0.312970070319687 -0.401235555697657 -0.406927039244249 -0.407894542393646 -0.32719036719875 -0.316836656603553 -0.317864303134212 -0.327901674034164 -0.31185704904552 -0.324680029198813 -0.337308788403327
1.07951144169091 1.1323052459576 1.00164294880012 0.860290024492712 0.739543683302412 0.702729020131539 0.802280128461405 0.994596352336357 1.0068967883156 0.864052090977368 0.623241810054416 0.760572262184171 0.642670049070147 0.530531086611951 0.556647827408716 0.575946213500354 0.551123161454216 0.514061267203588 0.523600464406626 0.519546822139075 0.486111499179351 0.464671511762479 0.431554488864455 0.408662436270602 0.39518958044788 0.359680314908875 0.248213206473242 0.276064343249332 0.261351147696692 0.175264883619186 0.144399556992506 0.127083683759437 0.101519707934488 0.0962862804638316 0.0572655832435579 -0.0165620984004156 -0.0633294001626562 -0.113397995533401 -0.151230048096805 -0.184840520577435 -0.273558197911388 -0.30743436774335 -0.329314439757653 -0.345191995152377 -0.342933777574314 -0.339695043046517 -0.322160679994509 -0.289712849428168 -0.265052545557537 -0.272238685666493 -0.289153094343977
1.00365570102949 1.15731697314388 1.06512865167199 0.944218922096139 0.851491708128538 0.777064278522921 0.897587361174383 1.02668275467294 0.996560029659399 0.824536405492291 0.698700558170794 0.840019955555167 0.634934959365363 0.566431468775291 0.610385384550159 0.586409783690675 0.559554580257371 0.559250435917129 0.556768756365556 0.52377556121981 0.494256167764817 0.464868648173986 0.433463688466868 0.391897002685614 0.364576109252439 0.327761182723039 0.30123334551961 0.270041988577839 0.238675373513824 0.162574766880301 0.12329101368024 0.10252295150151 0.0719359774435533 0.0431931880994899 0.0424758569156496 0.0223990084482217 -0.0398445638564471 -0.098205456275102 -0.160359423570991 -0.19371833801612 -0.274740753163627 -0.301150759456282 -0.333268428125478 -0.346496277293771 -0.358828539055403 -0.344354878216318 -0.313643776446556 -0.28411699880442 -0.268431647418004 -0.2520231534313 -0.241750135664308
1.00347262999072 1.12420099830796 1.15477351151946 1.03849682775817 0.89552119903752 0.95408411310013 1.02845954553061 1.14095706198228 1.01878383707394 0.840376900971355 0.940445068472328 0.865638275387755 0.598394635242162 0.569649508925386 0.594950424607272 0.608592913864377 0.61355582648148 0.599969073940028 0.56153528568429 0.528028554952478 0.487729467602322 0.46365952990028 0.434041217134617 0.395824035637784 0.364808421124441 0.31622635843354 0.285598436299809 0.257111791769979 0.198798687716029 0.166757621134045 0.142459132334259 0.121434878711271 0.068884679552468 0.0265185224426904 0.0285420366151252 -0.00897191569632142 -0.0245775818158856 -0.0691976850118779 -0.132028775794047 -0.199287268982132 -0.225485964879035 -0.307092337925799 -0.319725204586465 -0.354439500946311 -0.381939329356368 -0.368407665244288 -0.312444994069696 -0.262604967501897 -0.202138003457709 -0.174524362002955 -0.137046228448538
1.17743947680857 1.18493918695297 1.18754483902413 1.08194436587948 0.949996931234449 0.948964760478343 1.09376745787179 1.00232694670843 0.847918444111425 0.997742327297647 1.00348039557129 0.814712668823727 0.650983711460533 0.581789286137681 0.600869786880344 0.652335984151948 0.630452450634993 0.580209174569917 0.509908593916604 0.487182695409534 0.48469297157653 0.471215930541947 0.43083126061121 0.396603257701216 0.354528011808054 0.321235462478554 0.245411579906244 0.231516677521555 0.199383967143281 0.174296836968646 0.152163995344176 0.122815742881762 0.0798008225919949 0.0266891256760089 -0.00311705206480039 -0.0166801130714946 -0.032405070895647 -0.0685804195587654 -0.100477267513063 -0.175111077205963 -0.209984006930761 -0.281330496836564 -0.306110513589683 -0.342294270973413 -0.361514922979918 -0.346022890983455 -0.295349446548012 -0.225835582564626 -0.156320576582124 -0.144701023688657 -0.0604770784666266
1.35461952475103 1.09124343763602 1.17909142201461 1.03920552965876 0.965864539859214 1.04613028188711 1.0572304836176 1.00579231674181 0.880055156758379 0.999084108128178 0.960024542470576 0.775835335821767 0.70964906770848 0.614182216950451 0.628580770594946 0.620028795760713 0.587655371434979 0.560063856585111 0.522752095548553 0.524561986460293 0.503139864370864 0.469173839944775 0.433427366301303 0.400028321716763 0.328972436293517 0.297965378135185 0.267746928409265 0.23313653954643 0.203167152114439 0.168530558797957 0.139438462306651 0.135050815498178 0.0757333257833388 0.0487357994916105 0.0192624991770491 -0.0167554438922686 -0.0255999907580548 -0.0677507738871918 -0.0797600350569318 -0.132616403479804 -0.188771612728698 -0.213883977503402 -0.2344860482877 -0.308817632236699 -0.331102413022196 -0.31136677439662 -0.261048693838132 -0.189603384549684 -0.123323203756097 -0.154661625878184 -0.0349723969048595
1.40319311042866 1.14682387020695 1.17968584859751 1.25911817888424 1.11468910051516 1.10839655536251 1.07800382752753 1.02781040782545 1.01345542531498 1.01840480909319 0.956952201338016 0.815118475265495 0.745622720808263 0.658574999986464 0.602399866143879 0.647129535556576 0.6175225309636 0.581637951714836 0.561849637417529 0.535533271103174 0.486910119282357 0.456395552835331 0.429652117604806 0.397527472449927 0.340552440606303 0.294730531894767 0.259188870072863 0.237939948781329 0.224351373212893 0.189227161684852 0.161021516575331 0.13450594228119 0.103574839600459 0.0519570447821509 0.0208922746736988 0.00454709398660831 -0.0205516140435837 -0.0398838378360323 -0.0771355463101722 -0.0950830938688199 -0.124623829371779 -0.161928368549705 -0.188967921442661 -0.224615030590138 -0.294624541357303 -0.281628128467861 -0.224395591268539 -0.158439745520728 -0.185766911528976 -0.165129830095401 -0.142360766365727
1.44752797923462 1.22211246032062 1.28741041007577 1.3753410285312 1.3257701766993 1.14569644295666 1.08696846964444 1.02149538555202 0.943439378837851 0.976827287693959 0.926838449120746 0.815993075523602 0.742904190206547 0.659385584436166 0.647409011233331 0.617380803822383 0.566850229441512 0.582987581763471 0.560014904054742 0.530120633611161 0.471347869201628 0.45030326407082 0.431280910232767 0.404917084325852 0.371041004473363 0.301814355641583 0.267065634821027 0.238530260019755 0.221445428262498 0.19557296637056 0.159195938097229 0.119587703025523 0.097858545336434 0.0782291559391451 0.0630997362841887 0.0142326381782771 0.00293950505750145 -0.0393882570794575 -0.0732384477475048 -0.0959480319477684 -0.1049803942263 -0.107722675767769 -0.133811352182373 -0.165689037938153 -0.174859388800929 -0.150142880131095 -0.116503809893811 -0.0960291445094454 -0.127838941702939 -0.132629382539065 -0.130644793957974
1.46379632564208 1.33016220735898 1.3338005289485 1.42967173501954 1.34336915663279 1.20921319626118 1.06280038418442 0.825242856140599 0.78719344910583 0.855985637526095 0.832175851220969 0.801837865384602 0.756443209575455 0.668122001507327 0.594576259319077 0.591485457390814 0.649321573621523 0.601019552918302 0.566445443103026 0.522603154849048 0.492460659723626 0.449950809512256 0.42879727389549 0.409268210537966 0.36975767223989 0.309231716925435 0.279796539876965 0.24317047741404 0.223715153229221 0.169516916933004 0.165606971078854 0.136941897066354 0.115617762694989 0.0802075291213463 0.0643600254396373 0.052669957532701 0.0227927340313457 -0.025089816901467 -0.0441297224827323 -0.0680923664691055 -0.0922123655009775 -0.0993944591475663 -0.0979478203097695 -0.184170373320045 -0.174089982556863 -0.170443752819358 -0.138022488048657 -0.148120257285644 -0.114892999701104 -0.133856672155405 -0.127913112941154
1.61771789956802 1.47770118023931 1.39335715585324 1.42940157882179 1.29958733112051 1.25111414257124 1.070695859759 0.742651750361754 0.76013499269054 0.827400296348879 0.840887565652122 0.804210065337 0.759514367521162 0.76243627617067 0.731252100073386 0.672483479794757 0.652329541808548 0.600137629901016 0.583829112534417 0.534358260708051 0.509932225536928 0.462052069459311 0.437016072366373 0.403632116999571 0.373368156447275 0.309453166983855 0.274876460273851 0.247486975573743 0.213787216274474 0.179422232229034 0.150497261353948 0.130496759188506 0.121269747837589 0.0928888729754905 0.0792691162521534 0.0497446642979938 0.031685618949561 0.00799813604975379 -0.0455804244896934 -0.0470862973653865 -0.140738456977083 -0.151420034735424 -0.171704552498468 -0.149410433686166 -0.156239857515595 -0.134298241736524 -0.112638838861256 -0.0894127871613897 -0.120961694785068 -0.142064529033905 -0.109627551889489
1.69738024421029 1.60192051352943 1.44230681722421 1.37392063389788 1.36739234168944 1.26724910612748 1.00257945205084 0.809163842804711 0.788915914965546 0.772419584127812 0.796177246672612 0.790850786845612 0.813761495531926 0.776510542405658 0.752150432719375 0.715989464153623 0.675745855764697 0.631006121229741 0.58375540946271 0.528480289389369 0.498222763602475 0.481042109706699 0.437279577494886 0.404680949785454 0.344884549860629 0.328191013597092 0.288682414489142 0.243078297397411 0.202330243386835 0.199685322713095 0.157273302461136 0.117307385775164 0.0951675746733201 0.08801421476758 0.0809914340206546 0.0520132506142107 0.0333645994258373 0.0162664808978393 -0.0185777405886745 -0.110829182419982 -0.111494765806352 -0.128251054444972 -0.137015142480396 -0.119754668633182 -0.131353679992269 -0.133802574784112 -0.121756320748775 -0.101253455921172 -0.119312264805765 -0.117367112729398 -0.0849770474493859
1.45797854242 1.67922252682862 1.56394053042515 1.32966879901195 1.35798392422796 1.19564597411652 0.963368934654449 0.876503513818343 0.816490522033006 0.839145123594598 0.841730189936956 0.783112561735212 0.748062433650524 0.759259550430659 0.75535574405704 0.725777383002299 0.679895620561395 0.628772541955064 0.583237123575672 0.522912528056771 0.487554294144962 0.452707976245965 0.416853125858617 0.356879335423947 0.326698752560806 0.332878473543451 0.288105817246535 0.258871241263771 0.220612208002401 0.185909299680013 0.180979317649339 0.138718992030075 0.0707792391968694 0.049688665388475 0.0794195899541523 0.0594361776899915 0.0282867365744212 0.00364092564640278 -0.0732687031089639 -0.0846424780662844 -0.0851974758264889 -0.110737461688823 -0.108043343413805 -0.0980259914076639 -0.10390373649578 -0.108212259494372 -0.0831641606021235 -0.0942047664883755 -0.109596705200725 -0.0731385734916226 -0.069345430929855
