data/pcas/pcas_can_126/pca_referenceLayers_can_126/PC08.asc
NCOLS 494 
NROWS 529 
XLLCORNER -117.166666666667 
YLLCORNER -55.5 
CELLSIZE 0.166666666666667 
NODATA_value -3.4e+38 
[rows 460 to 482 of 529, columns 255 to 305 of 494]
-3.4e+38 -3.4e+38 -3.4e+38 -3.4e+38 -3.4e+38 -3.4e+38 -3.4e+38 -3.4e+38 -3.4e+38 0.767355029326843 0.710505327126202 0.733383697262774 0.794005358694768 0.854844090343281 0.903829136612723 0.872874221378713 0.950387406596136 0.911977216843709 1.01518859492268 1.08022815096679 1.13078332495551 1.22186568434017 1.26346874059894 1.29058740197642 1.33569286406324 1.14101781550582 1.39461549374842 1.40727503272644 1.40419440675279 1.41147963424458 1.23828908246336 1.24313081077571 1.28325416916706 1.31739375707505 1.33472965158097 1.31001307433571 1.26839740218509 1.27200660867299 1.26894045860145 1.24632512332907 1.2407039200071 1.25774563861016 1.00762827979472 1.01430075728088 0.547088364181396 0.534893920642488 0.4984608126517 0.483905554360396 0.487956502327797 0.458684139557555 0.448239023927832
-3.4e+38 -3.4e+38 -3.4e+38 0.818608559752377 0.838565073489616 0.813463605604546 -3.4e+38 -3.4e+38 -3.4e+38 0.813931197292557 0.78642951930323 0.768066728292142 0.802431394938539 0.805653894862028 0.829542363253955 0.897469631772937 0.991492309083762 1.02305298431826 1.0888030265237 1.14498962855417 1.18483797744485 1.23721164594629 1.27504074886375 1.28927534139155 1.35138705096013 1.15539585225205 1.1539152919232 1.38291235056595 1.37516889775683 1.37662254823423 1.36762178917603 1.37252732412036 1.27788848358003 1.30212174524096 1.27745551087275 1.30607358829839 1.23727017178217 1.19569077537214 1.24974698875186 1.23161113766626 1.21749179937138 1.24087302492818 1.25095717144426 1.26240753711879 0.962502910783462 0.756411724455244 0.481270087969687 0.48250228993888 0.455790015870163 0.452484742657801 0.436620478754884
-3.4e+38 -3.4e+38 0.855560133718007 0.857181743144597 0.867241821459026 0.869672385227946 -3.4e+38 -3.4e+38 -3.4e+38 0.853676235221453 0.865702414614193 0.862349989337873 0.87846823708218 0.737263983873613 0.857212204551666 0.904104287977238 0.892411341221401 0.922011863233405 1.02636576802685 1.05607140828479 1.11532686398471 1.17713169365939 1.22980758387057 1.28094613899853 1.10507421474828 1.11833691657228 1.13503304594296 1.13932448131207 1.13733844034684 1.37905691640995 1.38086940808471 1.38076326912927 1.24409445064552 1.28570226853701 1.31132503784613 1.248012397015 1.17977468233641 1.22263144489566 1.24176872914331 1.26330661729506 1.25390106701617 1.25558237212223 1.01781976969276 1.25278598783987 1.03609518069713 0.725025739192165 0.737496019305057 0.713944223048485 0.697955774334151 0.689879565820589 0.411423671015311
-3.4e+38 -3.4e+38 0.887464016305532 0.880812522115439 -3.4e+38 0.863079492698505 -3.4e+38 -3.4e+38 -3.4e+38 0.857594725585901 0.864532818066915 0.906046568902644 0.846109187398845 0.823545817118665 0.87415976938427 0.880231499886714 0.917170489300155 1.00248318069222 1.02134139495206 1.09323217046261 1.12792307008619 1.16493368784502 1.19499751970964 1.27267015539442 1.32930414102889 1.37113138572487 1.13936050922667 1.13609923964849 1.1440243313638 1.37128151903424 1.37517408007779 1.3508377866961 1.21951618351789 1.29752722946189 1.28199799265511 1.204237438683 1.17034567747944 1.19304170059729 1.20173691157354 1.22377818545204 1.23238752188675 1.24523946276366 1.23638775789773 1.21550522957717 1.04648480326539 0.743312952298903 0.743194661079154 0.689239265327447 0.683453217278992 0.667387774969832 0.66600534518408
-3.4e+38 0.934475873884891 0.911957113793883 0.901393995982326 0.911119801238474 0.894421925317695 -3.4e+38 -3.4e+38 0.877210867307013 0.832575335215326 0.90103690101965 0.926671391491473 0.877878559194027 0.844186221887237 0.895288268558063 0.928694193301755 0.91198087933966 0.924860577662423 0.959099172703639 0.955608595215345 1.01576606523579 1.10086893069491 1.20610412829543 1.29045353597933 1.32924995072324 1.36179353283079 1.37230940484799 1.36594148496327 1.12640740980999 1.35950468263781 1.34664166946504 1.30570257818704 1.39705566995889 1.27667947489889 1.25824639443479 1.24869907447607 1.25118905138095 1.20035009007357 1.24352533130463 1.22993407836826 1.21575850632125 1.21872065202508 1.20499967231748 1.21286597175271 1.03134875077714 0.746971952958606 0.694334917799959 0.674977360895276 0.675317486785049 0.681749282542256 0.681868271705502
-3.4e+38 -3.4e+38 0.932216200478849 0.919619056889055 0.92514260691656 0.941421696219532 -3.4e+38 -3.4e+38 0.887686603722068 0.866856789817265 0.875012568497172 0.811892288317757 0.858730093838314 0.892906320420835 0.912117817479885 0.917261415936025 0.867372369362854 0.88942557906316 0.950059529130174 0.980091764796566 1.07899842049146 1.14929333796535 1.21782584879253 1.29234903614912 1.3314234156794 1.33037437436329 1.36065471863117 1.3489102400405 1.33323337474915 1.32497143489693 1.33066354852998 1.29887907436122 1.33916151753769 1.37769742652982 1.21696448303857 1.23662729175795 1.22851751488993 1.20304962603201 1.24757577241956 1.21639529265783 1.18641753043446 1.1578444740365 1.16243852152013 1.19835047922926 1.00815295519588 0.965424955216914 0.646803973421483 0.674227024209941 0.696730209789366 0.707867030356038 0.69902769751772
-3.4e+38 -3.4e+38 0.944507016517963 0.963546814423815 0.931094434057404 0.978183275764239 -3.4e+38 -3.4e+38 0.86516447662804 0.812815716211783 0.85930805403143 0.818831442705421 0.842783167537675 0.86587428306987 0.915545893295659 0.933580866424971 0.941148116281206 0.96301999119341 0.984215084511348 1.02979931880061 1.11553531420405 1.17632717818749 1.21908383725244 1.2594887328346 1.2904303090076 1.30501588056953 1.3235197138674 1.33369189036531 1.32471177021381 1.30714355170921 1.26390849645715 1.25642306068837 1.28770289471857 1.36234448891614 1.33429331868887 1.18238353379601 1.1968715429837 1.18788006807413 1.18500869644985 1.15304888678724 1.14103611031254 1.14369866697159 1.17262489653218 1.16743186152175 0.938369651013784 1.07643223533818 0.954907149749845 0.709040336122471 0.702358432293277 -3.4e+38 -3.4e+38
-3.4e+38 -3.4e+38 0.989004236120656 -3.4e+38 0.965781775296528 0.989758346896223 -3.4e+38 0.928266630409616 0.931711247113469 0.82828848045098 0.80706618158849 0.8375996498795 0.838007294363771 0.851398531460793 0.907870334101025 0.950930144018056 0.953917466889351 1.03213090106008 1.09544057215281 1.10901308337425 1.14087695607373 1.1802515458722 1.22790608616916 1.24657228703898 1.27416427526749 1.28694230607386 1.29229561555327 1.32389008245143 1.31742010760795 1.28231781317989 1.25833956575623 1.27595746443156 1.30725355797963 1.31590144011528 1.32854660690758 1.33356197979723 1.33127637173753 1.21036918194631 1.17532113877613 1.14376850834348 1.14662242595406 1.18880690191997 1.17366242522676 1.11845014888152 1.06103367147748 0.925219158861929 -3.4e+38 -3.4e+38 -3.4e+38 -3.4e+38 -3.4e+38
-3.4e+38 -3.4e+38 -3.4e+38 0.984158563417552 0.989224182623429 -3.4e+38 -3.4e+38 -3.4e+38 0.858006715375927 -3.4e+38 0.901121026893351 0.933150915403231 0.951142583647218 0.914798184555209 0.907079398299101 0.946681387191628 0.939193921513275 0.938948754761637 1.04509171035991 1.11918327159391 1.13968359459012 1.18081648665353 1.22589218710597 1.26115120506026 1.28290191905407 1.29281616811567 1.3120643724913 1.30683952193563 1.29949381394321 1.25479070523962 1.24528459616124 1.25478385648371 1.2466261118805 1.26690493186571 1.30944832883213 1.29174049794977 1.33884818754312 1.20078309023786 1.15949180381 1.16352220928303 1.1645024364381 1.11599770410353 1.10332443652873 1.03649545581719 0.907268397997945 -3.4e+38 -3.4e+38 -3.4e+38 -3.4e+38 -3.4e+38 -3.4e+38
-3.4e+38 1.02022139262234 1.02982552723826 -3.4e+38 0.995804964281781 0.978393340422202 0.955541309338932 0.876574963451618 0.907555362900013 0.870173351777614 0.84483687822018 0.873527576699631 0.908406850811424 0.887397891301459 0.896019802814171 0.977081179258126 0.996486835590708 1.02674429448087 1.08481375847178 1.1308620421265 1.16310200037621 1.19527520742402 1.22244371966239 1.27373320355417 1.27477152670084 0.955081803735863 1.30297407328179 1.30333130531148 1.29052307203418 1.26800341204031 1.21894776409202 1.23020955525597 1.25682319987983 1.28784745772358 1.2887484948059 1.25357874829868 1.29625651527452 1.29331358173038 1.28836008950798 1.13053731489801 1.08951903991886 1.0621709684253 1.04864658645868 1.06011104581985 -3.4e+38 -3.4e+38 -3.4e+38 -3.4e+38 -3.4e+38 -3.4e+38 -3.4e+38
-3.4e+38 1.04451575461336 1.06523606399742 1.00500383848023 -3.4e+38 0.967576399977768 -3.4e+38 0.914382425307967 0.882638050438694 0.86818527890159 0.831389452626471 0.806219818933146 0.869270597359037 0.889407629460326 0.943887527139496 0.968141995702605 1.00105843915707 0.976066035742466 0.96548681493331 1.04653406214591 1.13628806618194 1.20253606228609 0.92207131620644 0.939271478869495 0.929272675481536 0.939859326931972 0.949641017006785 1.13547856523023 1.11973750987865 1.12501442902239 1.06989572212636 1.23795140274802 1.29925436950519 1.29850278579995 1.31188648788443 1.30447140506852 1.28155734177738 1.25490557926934 1.22232931215903 1.19979173475069 1.05576430237515 1.06697058995409 1.09223321237718 -3.4e+38 -3.4e+38 -3.4e+38 -3.4e+38 -3.4e+38 -3.4e+38 -3.4e+38 -3.4e+38
0.995549993750354 1.03875988409248 0.990986352101546 1.03463437299768 1.01064204529416 0.981564799376972 -3.4e+38 0.937711153756248 0.906116529637365 0.834758380855977 0.747240805041578 0.815403969667603 0.790796811504663 0.822421299310273 0.85003612998163 0.878096329542412 0.949665760912167 1.06692213490083 1.13074553068015 1.16484260238249 1.18818087527907 0.889885693663593 0.878667579199966 0.896394181691073 0.912387078445127 0.919938968406093 0.908629948918574 0.907587028188583 1.1121560284359 1.11845637456617 1.09485661734438 1.13256600050217 1.2494203127312 1.24887572024202 1.26430536714872 1.26167615363961 1.23262367978856 1.22419391102209 1.21700660895545 1.18663435225693 1.0451021398703 1.08849589012518 -3.4e+38 -3.4e+38 -3.4e+38 -3.4e+38 -3.4e+38 -3.4e+38 -3.4e+38 -3.4e+38 -3.4e+38
1.04252207487525 1.0065658607234 0.998995691129247 1.02624779775376 1.01389687343969 0.969921247406268 -3.4e+38 0.909669216860947 0.867305764595555 0.815698843346131 0.80648268335676 0.817625565982101 0.845090271781325 0.817365301457064 0.853771536732286 0.904294527312573 0.828144063915359 0.965308775521266 1.05148525730484 1.09656826688348 1.13771228112693 0.861835069655673 0.87238594884891 0.866406918533163 0.878179844597273 0.879083354594207 0.884984165339313 0.885908084525043 0.902680109904481 1.09453800258604 1.10637945063535 1.1026187551234 1.10260673716063 1.24962319095999 1.2426434763827 1.22314195802793 1.21389520837092 1.21169385953064 1.22036405908175 1.25132621147037 1.23550300030321 1.10058159793583 -3.4e+38 -3.4e+38 -3.4e+38 -3.4e+38 -3.4e+38 -3.4e+38 -3.4e+38 -3.4e+38 -3.4e+38
1.02367367633085 1.05477787246426 1.00367186010389 1.02998123618135 1.01493459944348 -3.4e+38 0.893401888819745 0.865058237615905 0.845003342500119 0.792429563843574 0.795680875649628 0.826278684157577 0.781311852060834 0.828979506186746 0.829059967245922 0.94277712664853 0.973697794306387 1.02999961195632 1.21051423026031 0.910368275179272 0.885306888691199 0.867348042559564 0.853303987230831 0.833567417783037 0.856254850119234 0.852791357340951 0.862551294075631 0.856302284124248 1.04616835477272 1.04771425685468 1.06705680933714 1.08177600842167 1.08582653299826 1.1000686097643 1.21880289302243 1.20524456190102 1.22122067543787 1.24826787633087 1.26901641088276 1.1410222266707 1.12930476971428 1.10119947758116 -3.4e+38 -3.4e+38 -3.4e+38 -3.4e+38 -3.4e+38 -3.4e+38 -3.4e+38 -3.4e+38 -3.4e+38
1.06993657670989 1.08723768164263 1.04212234653026 1.0702291146059 1.04960620706795 -3.4e+38 0.82525792265375 0.853383856036084 0.881301915736019 0.835672742412931 0.784762684159317 0.843443775227136 0.77463094296706 0.780335912554497 0.810736797005991 0.841041289763507 1.04161768331582 1.09151594830031 1.10676355870089 0.897895549292351 0.910882241186506 0.909151502532769 0.875459244910885 0.830283554634881 0.84098170758016 0.853570974168908 0.854498421668306 0.860134526146169 1.04032871595838 1.01679653306216 1.03191234974543 1.04652342305446 1.06607998591572 1.08278720717206 1.21538851438762 1.21854713683671 1.22577626349837 1.24469033126732 1.24850411952612 1.10130673630831 1.08767654819121 1.07155609031966 -3.4e+38 -3.4e+38 -3.4e+38 -3.4e+38 -3.4e+38 -3.4e+38 -3.4e+38 -3.4e+38 -3.4e+38
1.13059367271818 1.11375433150226 1.09160282659552 1.09258617419141 -3.4e+38 -3.4e+38 0.812817075415506 0.566225458862883 0.665215512998329 0.78137261546242 0.782654966767763 0.810731748676382 0.811104883384868 0.823520081914206 0.882563692844972 0.882780667164157 0.961516757670876 1.12800656645776 1.24931950824829 0.912001424090356 0.87244631430789 0.928947832849242 0.902033238729924 0.867422603462309 0.828713725869402 0.864901055116195 0.886000622023088 0.383870710035077 0.572744304555923 0.573655745947406 0.586815729145985 0.587122436741913 1.06606068340138 1.0665478476548 1.22298704552834 1.2286725734124 1.2425744112017 1.23518200002556 1.23381586991295 1.20930449418325 1.07730315722235 1.06748507645333 1.03617576326304 -3.4e+38 -3.4e+38 -3.4e+38 -3.4e+38 -3.4e+38 -3.4e+38 -3.4e+38 -3.4e+38
1.14911256622672 -3.4e+38 -3.4e+38 1.08365280138659 -3.4e+38 0.85143612913936 0.705064591901836 0.563106210980666 0.668794695313329 0.756833260943805 0.842311647117492 0.819904245616357 0.827843993902768 0.800127047319034 0.525448491650149 0.776851878352218 0.926189458587 1.03806868997 1.00592712612362 1.02775437414263 0.928690776845528 0.766030576276279 0.794295459805212 0.807432377817643 0.794395361242383 0.831998125768426 0.839278874712118 1.02945872207278 0.567338816990427 0.601417439779954 0.633345390147792 0.607895809949762 1.0564916471473 1.07981752098525 1.2240868393635 1.24328687501924 1.24732658593697 1.25369915214353 1.23266914120673 1.21906124143709 1.0747584505356 1.07027408185573 1.03906750336302 1.02411949725734 1.00442236645008 -3.4e+38 -3.4e+38 -3.4e+38 -3.4e+38 -3.4e+38 -3.4e+38
-3.4e+38 -3.4e+38 -3.4e+38 -3.4e+38 0.938418165934457 0.781078512072417 0.413995952404737 0.0969531437084196 0.705951489415807 0.769656089185015 0.800972012023266 0.824881908498603 0.784998076295467 0.78267122062449 0.492287235705171 0.537485698128319 0.566174199320484 0.554725547527368 0.850232291889054 0.956032991690507 0.86178380531701 0.889919422883278 0.751953100911473 0.789947374803707 0.799748084231361 0.285922521180956 0.9808135831678 0.99221319163477 1.02414561391806 0.555149806797167 0.55000240962681 1.01560658699224 1.00276393327866 1.03498153620416 1.20761670527729 1.21910733271174 1.22335586113358 1.2393702899864 1.22714535129528 1.22339747961827 1.20201521259661 1.06955821116201 1.0547792712859 1.02678321105898 1.01679758255279 0.786582472761068 -3.4e+38 -3.4e+38 -3.4e+38 -3.4e+38 -3.4e+38
-3.4e+38 -3.4e+38 -3.4e+38 1.06085246500517 0.947301654563124 0.599856399878984 0.1204053244399 0.161376526595686 0.77419861514134 0.786945542158801 0.789491184777793 0.831710384279796 0.837231071718436 0.891023091585549 0.661103351284139 0.608287807556406 0.268407553766562 0.288454875750911 0.554241816198473 0.906172116777417 0.862861485154637 0.874818119669256 0.734531395614982 0.782103002323677 0.778241715859114 0.258340214221573 0.965368743390166 0.983093110582286 1.00909956696854 1.02571834830466 1.0106395270178 0.996119745174394 1.00985353170883 1.01850871036203 1.03223495928641 1.04535913072967 1.08171550347876 1.22798822924395 1.20865450975003 1.20204783258441 1.20011973630424 1.07736816256722 1.05247065288371 1.04134505592252 1.00825829688443 0.805607857137995 0.7778323064371 0.764874650224039 -3.4e+38 -3.4e+38 -3.4e+38
-3.4e+38 -3.4e+38 -3.4e+38 0.985998376894912 0.945479723581944 0.340495288424441 0.180437108924935 0.122956456599021 0.595374128805953 0.749027711190786 0.822879298830748 0.825355491023611 0.874838500734892 0.603565776434942 0.623929240502605 0.673425973595131 0.752819597525635 0.499519035097447 0.387713753844253 0.376742255237626 0.383698640466929 0.388778693217385 0.230391497231818 0.232804946134259 0.267958523511922 0.44263300715892 0.949622101033331 0.970039329743941 0.991344985451763 1.00397494422047 1.01408390057431 1.01690824098217 1.00775451434091 1.03884808365116 1.0101863062041 1.05035817634354 1.08446316075049 1.09256312289261 1.06732805036653 1.17085934110456 1.0553043289966 1.04441068941201 1.0398931647283 1.0296501069663 1.02182768728784 0.987600501602063 0.956931790266831 0.53268504637044 0.51302204490227 0.480927093488239 0.663509427634818
-3.4e+38 -3.4e+38 1.08091422582302 0.999901364102476 0.766986536829646 0.436890824202449 0.32129966652503 0.499941891447547 0.573439058693644 0.547562334642109 0.825548631339123 0.79374424867118 0.78281550118011 0.562071228743394 0.562516876887761 0.246491441065434 0.738593609289364 0.397718393687621 0.371922589635848 0.327711535792296 0.296248307328271 0.450602956172822 0.431457879905123 0.95884184984413 0.452208045479757 0.434515389593333 0.949324666379055 0.963149767126922 0.985929999068561 0.992297269027781 1.00765009958417 0.998507801187807 0.996078770825793 1.02397536975589 1.00346345897835 1.00331751785596 1.04267871460749 1.07431672087318 1.05032961529935 1.04848277035712 1.04915736608522 1.06260324693493 1.0370414210079 1.01794213322492 1.00237233124548 0.990424883946924 0.964413498990381 0.948904237036957 0.520466231604136 0.489501250692357 0.464689229666695
-3.4e+38 1.13603176364717 0.91797469107594 0.840796453191276 0.75741073009565 0.758048147986225 0.695715124261173 0.352503864512458 0.594031461380814 0.630961191047988 0.59374585070044 0.530629486347855 0.226946936232026 0.175207863418522 0.162333839869111 0.210960932201065 0.323450393339153 0.449668154063651 0.385543140655203 0.388802549201837 0.392933404053613 0.37350708048435 0.398078863099938 0.445041251942028 0.446715220396276 0.460165919853268 0.451573813612387 0.12533808552395 0.975386823469531 0.988826657678569 0.991446825878871 1.00991423654472 1.00308375415153 1.00537912268865 0.986735626413216 1.01277445044796 1.02991533647042 1.05552954595954 1.06897033350498 1.07028406033991 1.06606726387315 1.06786134078831 1.05313820199709 1.0289985279996 1.02226220620465 0.9892890405742 0.558432214356385 0.543552066018449 0.522841925300601 0.500916491042391 0.497220107251931
1.11757769901959 1.14654189792485 1.13946830461647 1.05971565527218 0.57889410099826 0.53662422115248 0.474062712827574 0.673684554804966 0.645188612891723 0.618480804104306 0.290944961497022 0.26898293131158 0.217545393346517 0.224507815418678 0.217440048812335 0.30742261073811 0.213274983864525 0.175028020090019 0.26357501804152 0.312768211675616 0.367676636821482 0.386166945749204 0.405228311261199 0.424635179880791 0.445742769494341 0.48343913837598 0.47068940661563 0.459646665075629 0.975995853293101 0.989725046442235 0.989214683595333 1.01438565117586 1.03490138502051 1.01607084841427 0.990004360134 1.00186855789918 1.01182674718114 1.03116700983871 1.06200497911242 1.08302405218363 1.0697148710568 1.0674303309023 1.03939640343342 1.03321308072486 1.00057651429949 0.573245511417556 0.557128321319002 0.554093801435799 0.532830899316003 0.522476399030479 0.51986745009717
