data/pcas/pcas_can_126/pca_referenceLayers_can_126/PC08.asc
NCOLS 494 
NROWS 529 
XLLCORNER -117.166666666667 
YLLCORNER -55.5 
CELLSIZE 0.166666666666667 
NODATA_value -3.4e+38 
[rows 69 to 91 of 529, columns 102 to 152 of 494]
0.0107058356662684 0.0470883203417104 0.0397032867866592 0.163533114570865 0.183259790772292 0.200163135236771 0.159784541749764 0.177813314320434 0.205372316860205 0.209326229201074 0.196249259753647 0.189148293775962 0.158587384719809 0.166890255605323 0.112219836897015 0.332286052317899 -3.4e+38 -3.4e+38 -3.4e+38 -3.4e+38 -3.4e+38 -3.4e+38 -3.4e+38 -3.4e+38 -3.4e+38 -3.4e+38 -3.4e+38 -3.4e+38 -3.4e+38 -3.4e+38 -3.4e+38 -3.4e+38 -3.4e+38 -3.4e+38 -3.4e+38 -3.4e+38 -3.4e+38 -3.4e+38 -3.4e+38 -3.4e+38 -3.4e+38 -3.4e+38 -3.4e+38 -3.4e+38 -3.4e+38 -3.4e+38 -3.4e+38 -3.4e+38 -3.4e+38 -3.4e+38 -3.4e+38
0.10565717615127 0.031999827923906 0.0383827837589994 0.00826302690425162 0.176353449359207 0.161629506428556 0.189621016389193 0.178637829183189 0.176407659029524 0.193365966078833 0.271347888419446 0.280607294837682 0.249050274787005 0.174707753454999 0.132146333448266 0.0732917679273627 0.313377788403265 -3.4e+38 -3.4e+38 -3.4e+38 -3.4e+38 -3.4e+38 -3.4e+38 -3.4e+38 -3.4e+38 -3.4e+38 -3.4e+38 -3.4e+38 -3.4e+38 -3.4e+38 -3.4e+38 -3.4e+38 -3.4e+38 -3.4e+38 -3.4e+38 -3.4e+38 -3.4e+38 -3.4e+38 -3.4e+38 -3.4e+38 -3.4e+38 -3.4e+38 -3.4e+38 -3.4e+38 -3.4e+38 -3.4e+38 -3.4e+38 -3.4e+38 -3.4e+38 -3.4e+38 -3.4e+38
0.165077202632833 0.0516555732940973 0.0349808561366005 -0.0306334826983437 0.0196509706366344 0.120002179961245 0.124750427516082 0.198078737914948 0.156688537402339 0.170760360454938 0.219072382008631 0.260483314067212 0.299416088238522 0.205300467830935 0.131909696594635 0.244705324386972 0.269728232132106 -3.4e+38 -3.4e+38 -3.4e+38 -3.4e+38 -3.4e+38 -3.4e+38 -3.4e+38 -3.4e+38 -3.4e+38 -3.4e+38 -3.4e+38 -3.4e+38 -3.4e+38 -3.4e+38 -3.4e+38 -3.4e+38 -3.4e+38 -3.4e+38 -3.4e+38 -3.4e+38 -3.4e+38 -3.4e+38 -3.4e+38 -3.4e+38 -3.4e+38 -3.4e+38 -3.4e+38 -3.4e+38 -3.4e+38 -3.4e+38 -3.4e+38 -3.4e+38 -3.4e+38 -3.4e+38
0.190016681025956 0.0471998414349393 0.00574911308194814 -0.0219712066124065 -0.0410418256344511 -0.0767834284570427 -0.0481775192782369 0.0459544126876623 0.0718960254775537 0.168089252373987 0.184444736757446 0.271786206460799 0.28426343107428 0.252541077526225 0.163583978111945 0.0376089151689298 0.0488517385006917 0.273662120680163 -3.4e+38 -3.4e+38 -3.4e+38 -3.4e+38 -3.4e+38 -3.4e+38 -3.4e+38 -3.4e+38 -3.4e+38 -3.4e+38 -3.4e+38 -3.4e+38 -3.4e+38 -3.4e+38 -3.4e+38 -3.4e+38 -3.4e+38 -3.4e+38 -3.4e+38 -3.4e+38 -3.4e+38 -3.4e+38 -3.4e+38 -3.4e+38 -3.4e+38 -3.4e+38 -3.4e+38 -3.4e+38 -3.4e+38 -3.4e+38 -3.4e+38 -3.4e+38 -3.4e+38
0.237747474624074 0.17225365352023 0.00413372155771247 -0.0279914443969827 -0.0660589899699824 -0.11076986246198 -0.0982069423926487 -0.044740058908061 0.0601461012959235 0.105616310464327 0.135143321416521 0.229858208704081 0.30564496132804 0.329138882328705 0.215403527322789 0.134908638922466 0.0867847345477273 0.0736549751284824 0.433375228647608 -3.4e+38 -3.4e+38 -3.4e+38 -3.4e+38 -3.4e+38 -3.4e+38 -3.4e+38 -3.4e+38 -3.4e+38 -3.4e+38 -3.4e+38 -3.4e+38 -3.4e+38 -3.4e+38 -3.4e+38 -3.4e+38 -3.4e+38 -3.4e+38 -3.4e+38 -3.4e+38 -3.4e+38 -3.4e+38 -3.4e+38 -3.4e+38 -3.4e+38 -3.4e+38 -3.4e+38 -3.4e+38 -3.4e+38 -3.4e+38 -3.4e+38 -3.4e+38
0.216202996327567 0.167924446737014 0.00529400542976516 -0.0143400945163976 -0.0488586266559307 -0.11187139796218 -0.11715044901786 -0.104027702148243 -0.058916754233313 0.0482634489007416 0.0671786052573364 0.129316309863498 0.244609056088545 0.292397429863051 0.279023732649002 0.198104389775354 0.110780376206893 0.0633694461543195 0.407725014269276 0.393604432049804 -3.4e+38 -3.4e+38 -3.4e+38 -3.4e+38 -3.4e+38 -3.4e+38 -3.4e+38 -3.4e+38 -3.4e+38 -3.4e+38 -3.4e+38 -3.4e+38 -3.4e+38 -3.4e+38 -3.4e+38 -3.4e+38 -3.4e+38 -3.4e+38 -3.4e+38 -3.4e+38 -3.4e+38 -3.4e+38 -3.4e+38 -3.4e+38 -3.4e+38 -3.4e+38 -3.4e+38 -3.4e+38 -3.4e+38 -3.4e+38 -3.4e+38
0.132553367813556 0.0712999630255952 -0.00462589734326269 -0.0227623326181997 -0.0481624618412159 -0.100416341350878 -0.0909704043071534 -0.131517314856405 -0.171085685783868 -0.17118236533945 -0.0809488497636828 -0.067487814377128 0.0640082399695225 0.197390146641083 0.228126071401577 0.219381337108024 0.163042422646423 0.106576750616093 0.402831264683323 0.405040330474746 0.422167863961594 -3.4e+38 -3.4e+38 -3.4e+38 -3.4e+38 -3.4e+38 -3.4e+38 -3.4e+38 -3.4e+38 -3.4e+38 -3.4e+38 -3.4e+38 -3.4e+38 -3.4e+38 -3.4e+38 -3.4e+38 -3.4e+38 -3.4e+38 -3.4e+38 -3.4e+38 -3.4e+38 -3.4e+38 -3.4e+38 -3.4e+38 -3.4e+38 -3.4e+38 -3.4e+38 -3.4e+38 -3.4e+38 -3.4e+38 -3.4e+38
0.0835874744284322 0.0630274620296965 -0.04205783168132 -0.0177442256898527 -0.0323670429576111 -0.0328925056360329 -0.0672230249348028 -0.0975246344766822 -0.122160310548166 -0.141820988783075 -0.139566010808587 -0.117786187898945 -0.105146653204496 0.0307585143161097 0.0905901682979804 0.0639687122428408 0.0553966215340448 0.115386693033821 0.340145179851697 0.296920081079928 0.301008271335165 -3.4e+38 -3.4e+38 -3.4e+38 -3.4e+38 -3.4e+38 -3.4e+38 -3.4e+38 -3.4e+38 -3.4e+38 -3.4e+38 -3.4e+38 -3.4e+38 -3.4e+38 -3.4e+38 -3.4e+38 -3.4e+38 -3.4e+38 -3.4e+38 -3.4e+38 -3.4e+38 -3.4e+38 -3.4e+38 -3.4e+38 -3.4e+38 -3.4e+38 -3.4e+38 -3.4e+38 -3.4e+38 -3.4e+38 -3.4e+38
0.172339639776047 0.0883321351436969 0.0724164285455537 -0.0654791147773662 -0.00513696220794108 0.000315321638301613 -0.0216255666313599 -0.0160171377837423 -0.0777784371090381 -0.103236749819468 -0.119661925534792 -0.140681544553779 -0.166389255242755 -0.164716247308722 -0.154906246099255 -0.121549514376284 -0.0592284471649803 -0.0217031689111945 0.0290614552362478 0.190565584340823 0.283132733070984 0.407292206522477 -3.4e+38 -3.4e+38 -3.4e+38 -3.4e+38 -3.4e+38 -3.4e+38 -3.4e+38 -3.4e+38 -3.4e+38 -3.4e+38 -3.4e+38 -3.4e+38 -3.4e+38 -3.4e+38 -3.4e+38 -3.4e+38 -3.4e+38 -3.4e+38 -3.4e+38 -3.4e+38 -3.4e+38 -3.4e+38 -3.4e+38 -3.4e+38 -3.4e+38 -3.4e+38 -3.4e+38 -3.4e+38 -3.4e+38
0.188289770784377 0.0513258053648744 0.280126058866701 -0.0957436543489977 -0.129559532698635 0.0549074255047625 0.0487229392179209 0.0568808087645503 -0.054697185296618 -0.0385473789567654 -0.00453595832756498 -0.0396431663435146 -0.102394697420309 -0.150232594742224 -0.21027917076722 -0.18792545199942 -0.201952000890793 -0.145877094268337 -0.066545125184119 0.125178973870311 0.442850296470502 0.470621561843967 -3.4e+38 -3.4e+38 -3.4e+38 -3.4e+38 -3.4e+38 -3.4e+38 -3.4e+38 -3.4e+38 -3.4e+38 -3.4e+38 -3.4e+38 -3.4e+38 -3.4e+38 -3.4e+38 -3.4e+38 -3.4e+38 -3.4e+38 -3.4e+38 -3.4e+38 -3.4e+38 -3.4e+38 -3.4e+38 -3.4e+38 -3.4e+38 -3.4e+38 -3.4e+38 -3.4e+38 -3.4e+38 -3.4e+38
0.141407813442922 -0.00317389802603141 0.0348228510895245 0.0122930956849912 -0.0845906200827997 0.0718698641683572 0.0875424184727789 0.0852151664187576 -0.120989511909452 -0.0932382920636911 0.0158890737007374 -0.0324503879941562 -0.0412551603141159 -0.108109694042608 -0.190800083246474 -0.285313109001516 -0.281869049714183 -0.0918318721260516 -0.0464622387883589 0.347632961752369 0.454655963994853 0.540197547006629 0.496992703696705 -3.4e+38 -3.4e+38 -3.4e+38 -3.4e+38 -3.4e+38 -3.4e+38 -3.4e+38 -3.4e+38 -3.4e+38 -3.4e+38 -3.4e+38 -3.4e+38 -3.4e+38 -3.4e+38 -3.4e+38 -3.4e+38 -3.4e+38 -3.4e+38 -3.4e+38 -3.4e+38 -3.4e+38 -3.4e+38 -3.4e+38 -3.4e+38 -3.4e+38 -3.4e+38 -3.4e+38 -3.4e+38
0.186565022951803 -0.130299941463131 -0.0972539223631604 0.0192356641954654 0.00178277597159227 -0.0340955924014453 0.138228369658648 0.160174881027658 -0.0220209535085112 -0.118956037830298 0.0928550465076238 0.0787275614568806 -0.126934927775764 -0.134585671302992 -0.241420467733584 -0.251668392040109 -0.165501232164797 -0.0372180127897374 -0.0187089117128067 0.343567977000248 0.480174771529442 0.581273568093009 0.565719849424886 -3.4e+38 -3.4e+38 -3.4e+38 -3.4e+38 -3.4e+38 -3.4e+38 -3.4e+38 -3.4e+38 -3.4e+38 -3.4e+38 -3.4e+38 -3.4e+38 -3.4e+38 -3.4e+38 -3.4e+38 -3.4e+38 -3.4e+38 -3.4e+38 -3.4e+38 -3.4e+38 -3.4e+38 -3.4e+38 -3.4e+38 -3.4e+38 -3.4e+38 -3.4e+38 -3.4e+38 -3.4e+38
0.305498206762334 -0.0763183804911063 -0.153576033671527 -0.00251282113595025 0.0261219874412998 -0.0100286046927174 0.0210553575711099 0.154813956271449 0.0829854115664335 -0.142640786660504 0.166025842768516 0.118571149053781 0.00825870441462767 -0.0721370365148449 -0.238528627512946 -0.16340352687964 -0.0578516800506773 -0.0914142575764356 0.0118583506793256 0.145268853979289 0.480424026526532 0.56568670019773 0.617120938854731 0.582634200503556 -3.4e+38 -3.4e+38 -3.4e+38 -3.4e+38 -3.4e+38 -3.4e+38 -3.4e+38 -3.4e+38 -3.4e+38 -3.4e+38 -3.4e+38 -3.4e+38 -3.4e+38 -3.4e+38 -3.4e+38 -3.4e+38 -3.4e+38 -3.4e+38 -3.4e+38 -3.4e+38 -3.4e+38 -3.4e+38 -3.4e+38 -3.4e+38 -3.4e+38 -3.4e+38 -3.4e+38
0.629683923628471 0.111016148005791 0.205952599589141 0.270087475707243 0.350358047343885 0.426638817751494 0.451208861079703 0.426539353132578 0.19841879510048 0.208472406487903 0.200322876215901 0.145026480378634 0.0597044069390883 -0.0118649612488071 -0.153902393434039 -0.241853228366687 -0.14255948668593 -0.0344334616265819 0.08013857435612 0.216037005637368 0.466927163807398 0.556734503882995 0.655112374624205 0.653247405075775 0.581614747932703 -3.4e+38 -3.4e+38 -3.4e+38 -3.4e+38 -3.4e+38 -3.4e+38 -3.4e+38 -3.4e+38 -3.4e+38 -3.4e+38 -3.4e+38 -3.4e+38 -3.4e+38 -3.4e+38 -3.4e+38 -3.4e+38 -3.4e+38 -3.4e+38 -3.4e+38 -3.4e+38 -3.4e+38 -3.4e+38 -3.4e+38 -3.4e+38 -3.4e+38 -3.4e+38
0.649136489165115 0.392922304642892 0.406518635665999 0.420204673257216 0.851094489611356 0.85575038615698 0.798592142214341 0.442750573019306 0.509271910281157 0.361373462334201 0.320349209228947 0.278008357953686 0.201704211646067 0.0953434576057962 -0.0608211419007987 -0.163366090691741 -0.220370160000193 0.0499663984428576 0.0960732965376798 0.464833148397384 0.531984283140869 0.640389250560945 0.716245931365866 0.732805206762239 0.628900983258554 0.575099704589173 -3.4e+38 -3.4e+38 -3.4e+38 -3.4e+38 -3.4e+38 -3.4e+38 -3.4e+38 -3.4e+38 -3.4e+38 -3.4e+38 -3.4e+38 -3.4e+38 -3.4e+38 -3.4e+38 -3.4e+38 -3.4e+38 -3.4e+38 -3.4e+38 -3.4e+38 -3.4e+38 -3.4e+38 -3.4e+38 -3.4e+38 -3.4e+38 -3.4e+38
0.816221185849937 0.828271465917716 0.301316463851898 0.469403516959651 0.541612784159128 0.90117987024668 0.516153320274134 0.586877319077433 0.42885725809061 0.377950834478339 0.350470810993311 0.368469260477579 0.303701036715424 0.196428158106863 0.0137305675755512 -0.0166802346966897 0.0351267220232568 0.010544200719393 0.243928721220551 0.479860332299178 0.446881638465215 0.728553701336445 0.778773927425545 0.753285030496257 0.676974524780478 0.540740702491505 0.5026874158155 0.451600547540631 0.439110837367858 0.286401458050423 -3.4e+38 -3.4e+38 -3.4e+38 -3.4e+38 -3.4e+38 -3.4e+38 -3.4e+38 -3.4e+38 -3.4e+38 -3.4e+38 -3.4e+38 -3.4e+38 -3.4e+38 -3.4e+38 -3.4e+38 -3.4e+38 0.345910574060373 0.369487993258789 0.342448872057862 0.274424851946098 -3.4e+38
0.900592265567748 0.778217264415576 0.558335106955637 0.645066149881083 0.595657419547038 0.577469152611987 0.658166222115704 0.521775100177081 0.467945577651322 0.393869083376232 0.409050261376961 0.386534839080011 0.29171938154742 0.244532495771389 0.192821267988509 0.000908875336297077 0.158230249323876 0.270152677839726 0.330095262713938 0.455024841105969 0.506572224294273 0.53449817957938 0.740804812370359 0.764754750333103 0.676068643856754 0.581808793979455 0.511531282651067 0.474096571404947 0.480769687814081 0.470195739618184 0.352013761658585 0.190865941490221 -3.4e+38 -3.4e+38 -3.4e+38 -3.4e+38 -3.4e+38 -3.4e+38 -3.4e+38 -3.4e+38 -3.4e+38 -3.4e+38 -3.4e+38 -3.4e+38 0.461277147701433 0.31864420501208 0.352060705244755 0.343557580594494 0.339031017678169 0.360467025594171 0.27373870918436
0.814836556968591 0.782734841719609 0.820214398082034 0.956166230556407 0.716646966053954 0.631510692259026 0.676393607042262 0.600296851899465 0.578152487243957 0.578672675339791 0.44938325262992 0.427170283296939 0.354292183247709 0.334940530077741 0.297768537011479 0.209469121186326 0.282914715929011 0.27960196564841 0.275832496356933 0.431438969416515 0.621331350350887 0.533773396025929 0.737989245899043 0.730364563235398 0.695676779704671 0.612220824937012 0.583180052872128 0.542032830402061 0.535457551706277 0.577798860179409 0.435607603310427 0.344812933888337 0.350126899356028 -3.4e+38 -3.4e+38 -3.4e+38 -3.4e+38 -3.4e+38 -3.4e+38 0.499166766538984 0.444534278098481 0.426200827462088 0.420110395095069 0.408071655454814 0.277674842415114 0.221686857358397 0.2578284824931 0.262782338915946 0.261879374536684 0.379149562747407 0.403079710394252
0.919755481348241 0.842419279875847 0.921430054179719 0.774967603098488 0.68435128100816 0.644117688397332 0.68084167847591 0.54781742494575 0.568656948743223 0.465783931447578 0.451147767602907 0.458428897081302 0.410531360974671 0.450617658393596 0.317434328455719 0.204585581920499 0.333740535104422 0.335181241077949 0.423438131633656 0.49605485195978 0.580324634613514 0.68947539046704 0.793468679221539 0.736329458007376 0.68196443813923 0.655478594112852 0.632337886128628 0.576521490007383 0.584758515469867 0.599745622925582 0.581061516158241 0.523597722464008 0.451823880393302 0.327935462029713 0.276939396982513 0.214441636302492 0.339557352431957 0.334145922340405 0.490380229567963 0.526356098926166 0.529356017460181 0.485930502294654 0.451132070436064 0.319713616120257 0.204541460848337 0.213254309555159 0.259662799077817 0.314807400508534 0.335845191528694 0.297804604966928 0.296490897612137
0.928843999773742 0.878323726931145 0.785286172728406 0.70242475514602 0.655403929677605 0.601555404216941 0.636368246403214 0.557178273860533 0.447213649334353 0.450020188394297 0.428279264537115 0.432386367618232 0.383814434374121 0.338873537755853 0.287639936364066 0.16052042995417 0.185652235077581 0.262037546161565 0.415130759070275 0.387153767430554 0.488760637732543 0.597846462756353 0.68573743560516 0.679105107993196 0.688503876276254 0.69230083226927 0.649940155894776 0.641220531056677 0.606261357955871 0.621143257125917 0.621730117468117 0.522507316438291 0.431052718766357 0.345415933621049 0.301073292870039 0.223018868702725 0.198387151843913 0.232593207381841 0.401646802101978 0.427016015500132 0.395572328620949 0.380273337165014 0.347638764165451 0.19249555940887 0.236193835521265 0.260467905533574 0.29073863851366 0.31431970578304 0.343605856312482 0.297616428450984 0.292691949563119
0.699901312433857 0.557450758115704 0.588250509870876 0.751137893535314 0.473112043708252 0.467713001895367 0.489201403020969 0.443739228055804 0.381451320192504 0.465197920597195 0.418834550236928 0.416791660211623 0.371840829802396 0.291900497270501 0.272586930790135 0.189460202388057 0.173847286032959 0.115557166334193 0.331653822260137 0.393409269168694 0.43263000244981 0.504069830517567 0.590940258802219 0.676649279931675 0.680807470127661 0.681120722111813 0.667240077456279 0.66120778452471 0.648211849989386 0.63543883657073 0.57451888532638 0.510281830007418 0.426346686570242 0.359776789020163 0.317221264985031 0.268967358128927 0.247457309696642 0.262993888723642 0.453325017074891 0.451849958624759 0.426862390200359 0.411332258317293 0.367041165923002 0.375450608383859 0.416326627457166 0.454641778970954 0.481309162719891 0.420922995736002 0.362918708654103 0.356962097259973 0.336279820687215
0.411733005067497 0.400461743349734 0.419402814912769 0.471249635590057 0.566272933961463 0.446412950822882 0.431710137891758 0.443002083837013 0.458454765734863 0.469299611175971 0.479907664747956 0.419409196378307 0.376274141132443 0.269297252947778 0.215548296874214 0.115181437723145 0.0801536906821214 0.0978197836050185 0.159185990268558 0.39770450530003 0.283791859354822 0.264128553481111 0.314476240596656 0.567731995700933 0.612089884025005 0.645616333737993 0.635532724900958 0.676355384604411 0.671930778555799 0.656310861127864 0.591901077412361 0.536585731365959 0.45897820511423 0.391451117152241 0.350673997303523 0.324157291560988 0.310036336056133 0.502170265959692 0.479502654934579 0.466930629064761 0.443069592584278 0.39282110893792 0.394371668200558 0.435044592631598 0.456856840248362 0.496606406656464 0.486665942969404 0.38590183709868 0.410599370400852 0.431158678535919 0.418510709617239
0.154591046414456 0.384253626294289 0.532405487661827 0.351540449944409 0.477114542018641 0.586833584728305 0.610281016856685 0.369940203946547 0.39608271352688 0.402571086107607 0.374549872773078 0.256753026486812 0.264935954243608 0.228165894592805 0.0979438930517005 0.0800265947678174 -0.0126565784925968 0.128532578716726 0.175070414709529 0.311947777312231 0.161813449813821 0.224628079636375 0.0487313361372672 0.543542815427385 0.487165497697687 0.525459227324714 0.582750358382497 0.648604483888557 0.662325658233905 0.692266530321993 0.654655884069937 0.578712861130726 0.463518495599399 0.372187498100427 0.363292396186368 0.358708944246592 0.331425591229979 0.498435879479493 0.47357135231188 0.460904675663074 0.448387356071333 0.525288212436379 0.483273880990157 0.494214981296618 0.551877920077538 0.309191715742135 0.363242490599232 0.469631375024446 0.424412868610238 0.420837776743975 0.41021918601325
