data/pcas/pcas_can_126/pca_referenceLayers_can_126/PC08.asc
NCOLS 494 
NROWS 529 
XLLCORNER -117.166666666667 
YLLCORNER -55.5 
CELLSIZE 0.166666666666667 
NODATA_value -3.4e+38 
[rows 207 to 229 of 529, columns 255 to 305 of 494]
0.408101104232417 0.383827249624392 0.399137049416066 0.403752782693465 0.427467242852766 0.418207684043111 0.427848731994469 0.501930808271311 0.439488608699277 0.454436397628652 0.451128076244776 0.511897692054635 0.429685813137281 0.452806263007875 0.447674169450147 0.51109187527901 0.447392816697157 0.459720806265414 0.463065440738057 0.482125266496243 0.50317956444425 0.502843540551478 0.498166288144854 0.503626237321058 0.522658876150342 0.525479963857159 0.475498266486758 0.495912975084946 0.50581527672474 0.519340461460181 0.508018108681282 0.513553593526621 0.481883590534976 0.481572814741062 0.465244889494886 0.432879310651292 0.414478116585971 0.386207884248022 0.354414525772012 0.322038701478844 0.403488510581327 0.375550786158197 0.34992567351131 0.361856172716997 0.386307430150356 0.246778831596027 0.196526588298502 0.197584049795119 0.189973710796999 0.167604009657826 0.190828472717907
0.401971574883782 0.423261208252288 0.429287172478415 0.439109399595804 0.455502470559874 0.4544851957038 0.462832580618608 0.466693457028163 0.49262085238016 0.481833024538483 0.480286775899338 0.465343047249916 0.457843543929942 0.461392103911917 0.462896094872837 0.456417225519275 0.467990410079773 0.476165586781456 0.482041583629747 0.495622354465375 0.501459466749159 0.488492453882582 0.489107394604597 0.509973273133075 0.521179046092192 0.519598324715086 0.489159590080665 0.510667138779812 0.524864413656125 0.51751422569129 0.529036190962232 0.524211054473298 0.505850725949779 0.506468793260992 0.495850015815589 0.464530256848308 0.451758760146666 0.408324211184308 0.389867987601464 0.348620045495037 0.420353993479952 0.420676580498107 0.406497475517284 0.428300432031246 0.252298931937718 0.241154718305696 0.229886675964195 0.233086244545814 0.200977444278513 0.21268010358758 0.229421432046949
0.429477199345952 0.440829128208641 0.445923234145541 0.448691902672734 0.476500249495892 0.499600341559701 0.497886704390483 0.502153806045992 0.508325416984034 0.502877649240244 0.502494441440143 0.49888047870655 0.479212408037248 0.490867225259107 0.488492260542331 0.490405526100635 0.502906961216636 0.499443727038024 0.515685534571695 0.512434705209611 0.516486049089597 0.511118789440206 0.532022874963111 0.531702695078609 0.529832524452143 0.538832427986695 0.496605707419739 0.511915464895746 0.530082861757536 0.52751317507197 0.535863374340019 0.534210502137016 0.508488029758212 0.522707635922644 0.498140949135616 0.482150348522122 0.461651071905665 0.419582931676726 0.4040085071018 0.390057740697816 0.459263641749517 0.446611629952054 0.287889938982134 0.288660056607797 0.271174277230613 0.274444276928864 0.265981899309553 0.25889424734689 0.246206350365871 0.247834376930003 0.247785163488094
0.43916271647385 0.460545000246233 0.47484752045603 0.495612636084661 0.518187163027857 0.525688219814599 0.532536536827746 0.551209430307342 0.539888239478786 0.535187214835332 0.542818114228462 0.530431015047896 0.511355040684372 0.52745354451826 0.527291082352453 0.525394749627206 0.517061628972102 0.522816812650515 0.541018235390862 0.529651500957092 0.5410876591159 0.519167102760502 0.529529195846642 0.546239737770126 0.554413757062056 0.571160060718099 0.507902990013409 0.528712923598459 0.539936872238887 0.538620361721145 0.544359664910162 0.543397659072321 0.542389595297612 0.549584362870839 0.527930828005448 0.511273210477868 0.490061344606046 0.462150200128754 0.424605647440144 0.413600091384635 0.48662617162597 0.315086119418032 0.30269414004492 0.310432229417583 0.308958999870865 0.310056884675314 0.312435168061843 0.295255637525125 0.296766777253372 0.28542872395221 0.296353153260434
0.450673747361452 0.479084138175647 0.488330089675236 0.510885500092044 0.527301114678482 0.558838458716731 0.574278747097722 0.574523463050188 0.560321934954592 0.563253019647356 0.562423998161478 0.561276839897254 0.552942755000177 0.547708844030625 0.553576063201763 0.554811393535114 0.552825078495502 0.55131639299024 0.55544689681322 0.541644342009109 0.548515611741068 0.542821182558432 0.546331797284799 0.55123615392008 0.569778008047257 0.546156454024077 0.558837597810206 0.54033953138608 0.551745553240598 0.568289826477636 0.557547884633864 0.561134769908537 0.579715430380789 0.568816405788982 0.55333902331353 0.537616634415284 0.503950405215056 0.50172294203058 0.464422938968762 0.249515506322237 0.321702276064761 0.31229572962107 0.330633117800844 0.352618624004318 0.367090877753255 0.359219458324504 0.354732042409162 0.333761257978169 0.335496023569977 0.32893210689271 0.350490117345168
0.46688804860435 0.487764694935409 0.511712277247146 0.530428115279147 0.558615534184032 0.57738121221233 0.585222757782859 0.590700953130009 0.580409131503775 0.584869787252078 0.588958077460763 0.56921345764965 0.583213151889892 0.584311342983439 0.582778100730547 0.585690406007865 0.595038669284149 0.595420725841311 0.572867384192029 0.588984191601228 0.594103572356523 0.567041938531161 0.575578762285918 0.586380662513275 0.548297169056486 0.552809605671056 0.574152375797523 0.583391342814814 0.595126568593386 0.58857315563573 0.577191900100507 0.585321987219823 0.579739434154899 0.582910192930684 0.581537845184883 0.571401719954436 0.533660072609807 0.504411322337815 0.285826562607272 0.245885952512628 0.328306351162353 0.328203945839789 0.353882484089584 0.354617632284649 0.359932171449241 0.374286869195318 0.37397192928217 0.373998938197965 0.370750402309061 0.369077133601166 0.366843861792182
0.470292090074527 0.501768181790989 0.517882762200741 0.561725808500755 0.57360360880156 0.589461098568036 0.6098810616134 0.608223258441194 0.595716550901127 0.597361134488605 0.599189416425698 0.599684614343118 0.608052791577689 0.60605876128699 0.606965793830245 0.614505033739926 0.612653926169227 0.619630706997124 0.611633339884404 0.610580512049708 0.615188308657135 0.606983794135137 0.605929615633737 0.548417192387592 0.567148071645673 0.576086450226649 0.591863917956547 0.60183172158748 0.612532457980427 0.614972229154195 0.390630078980146 0.621003299210699 0.425867026935752 0.602322898897333 0.61795919565836 0.601994403831896 0.389908798398169 0.525172764116122 0.279072373096406 0.331965016702419 0.320581202965473 0.33213674796569 0.328203035330661 0.346046324510113 0.352608196776407 0.379259267652729 0.369916669299804 0.377815172000668 0.36661893990249 0.382210614081016 0.38441836524261
0.499950637470701 0.517546424872843 0.53036986318646 0.572335866573203 0.6046723799269 0.604259023333019 0.621563253114616 0.621357693555252 0.627909084009598 0.634852101030967 0.627621698388557 0.638116614665794 0.627746522319458 0.63503372703671 0.655613753738786 0.647404195161106 0.642582112769106 0.647384406608815 0.626961752658297 0.624922596082563 0.627744726166069 0.568134592426118 0.573234053118074 0.571461639167877 0.606010857653641 0.617844348752457 0.628101345280788 0.641451893684286 0.637681816551188 0.396690618790865 0.415325604914796 0.416617229900258 0.421853348508444 0.412205052141588 0.616667308262471 0.584912221434644 0.356001331017606 0.320444571717498 0.302824599351855 0.328065891019944 0.315971417279552 0.307078286226399 0.320456229471258 0.333214972440704 0.358778385503515 0.377495296002489 0.378735350328773 0.372095034171936 0.374684441047749 0.384524279949698 0.390411148357389
0.516420187380553 0.538077725825518 0.56094693988704 0.584799676924439 0.615654726347243 0.629498883871837 0.623144600689351 0.643573536212327 0.650217085860071 0.645137567032827 0.649919198593928 0.660524544291129 0.655101389304129 0.656226750551222 0.668490948797256 0.674062464745002 0.681539846696048 0.600480477465919 0.592597892758974 0.587859579516788 0.589405126181058 0.585448897870626 0.596667682944448 0.616405053642918 0.632809611451092 0.641205283729937 0.656048749976918 0.400721720073346 0.419329517799341 0.421984972986888 0.405227918993996 0.405690026361057 0.386805244048507 0.373064307735888 0.5525996165171 0.33623718746741 0.318777973830067 0.301375840886027 0.330074251950304 0.329018209705891 0.32369455526321 0.314076266708374 0.311580148947188 0.338140533880131 0.356723728953494 0.379935976393757 0.366042820605294 0.369493698005759 0.362668143420001 0.386254994923591 0.386059986687912
0.363722667732584 0.493130611552599 0.51670458836233 0.550472246231507 0.637367289623039 0.637137887673999 0.658716226934081 0.671619322299718 0.67307741227816 0.672181569278342 0.67576032032337 0.689162504887464 0.686551356305758 0.691847557388284 0.702260529954331 0.70469683458744 0.64780698495437 0.63256888082603 0.617230544621945 0.610250393457028 0.599119055872424 0.607973426017633 0.608894883492537 0.627441670963631 0.6529362175253 0.672573958684115 0.6793713029205 0.424396841668888 0.453029839581294 0.43883249652459 0.417617589296483 0.381754192038629 0.385332038176626 0.365031156968827 0.327078801704872 0.312404419139058 0.313573825743339 0.36973569826889 0.362146020503082 0.345625437364831 0.334647185936363 0.323647310684797 0.333325649296116 0.361473634343947 0.355199753810098 0.359974870198746 0.373118994648093 0.368346851174367 0.383514167445856 0.295449733501165 0.314573915921697
0.400984678184881 0.437192924607232 0.435789667451446 0.463879250183031 0.475304616679543 0.484615820272254 0.559684731241271 0.570156988581405 0.544135573286654 0.573337008648866 0.692592397213892 0.694310268571459 0.703249031647155 0.735452710925688 0.712510523394268 0.660099895083615 0.651011082316968 0.654824332037832 0.633337609861262 0.624149793857104 0.616696081993103 0.606767948568548 0.639532742526511 0.652811568634852 0.678902706528304 0.696332527169497 0.691434506654502 0.458859871398985 0.471129272618783 0.385837152234855 0.361419037629997 0.31881239260791 0.281644429655937 0.351880283631823 0.323673290689438 0.345644175772469 0.352157248722176 0.361677518224559 0.357408811739748 0.354064666058244 0.354241863304608 0.34765419178561 0.342286876224024 0.352129532132617 0.366050934369051 0.367730563775375 0.270520108316926 0.286979789099697 0.297800069596478 0.300751600343566 0.299846469001995
0.430619885992501 0.436177991508577 0.464270601818254 0.486954343083326 0.489841374528738 0.499647752951327 0.559166547809688 0.576639319468722 0.580829654055908 0.562629737313468 0.580343887574321 0.70595993485434 0.714806448919175 0.726223194050859 0.729206039535702 0.73141106299053 0.668358385356351 0.662465723629357 0.654993945683821 0.634025220798912 0.635810151248157 0.614225189226236 0.640025842822013 0.650039769673559 0.694347832715301 0.720697528349685 0.743628450000403 0.475400989299423 0.38522505874851 0.391017302289709 0.363382716115037 0.337377933286897 0.311916692532081 0.273888628661762 0.264993724313111 0.301602603761426 0.381467698323472 0.365057119412795 0.358951860838342 0.372308744061161 0.363413294143056 0.353052175820155 0.36086848309682 0.371001917459617 0.376425230022755 0.296140040696752 0.280035649788248 0.280983601925099 0.284582962502144 0.29953760319239 0.291516066933915
0.381784650532571 0.412461768491357 0.433076223041461 0.45718367205416 0.491062082045346 0.498891989611583 0.557681408484348 0.563524319337266 0.568013530794315 0.573598606061732 0.57313915601518 0.599195610035299 0.616134461823681 0.617884628537658 0.747288398670078 0.724269847846351 0.720334092220497 0.725173673674747 0.644415985738797 0.642803976398684 0.636577856819393 0.621007048643606 0.641742737131165 0.659518692787263 0.716624008081071 0.733859187141616 0.687170172282105 0.703409130437855 0.697771459833759 0.402314569130483 0.378490070379904 0.356480958028279 0.308895255497174 0.293509861020136 0.283261417484806 0.313453762471409 0.322704014880415 0.392003849734044 0.37472557266191 0.391145348856018 0.388593395201248 0.39270697322673 0.211633201478519 0.209844956179821 0.202028684726312 0.188880585203399 0.184917867179325 0.280540064849427 0.278018115018875 0.288537600955543 0.273252377324504
0.346897563089007 0.401176899836428 0.432352830060629 0.446131632350746 0.467727370615972 0.275928917846922 0.54251314548339 0.464358897362332 0.472514972064275 0.557562637800241 0.566315018820504 0.578894808973615 0.585838119390655 0.594403992012673 0.615987327333259 0.623958665714989 0.727482547393387 0.712808163009613 0.694908499336498 0.687510262479188 0.610030648564997 0.62579431872739 0.639139094738143 0.66342435925793 0.701489901926993 0.742944507616344 0.680557409962114 0.724385099181152 0.73458399260501 0.521553389499041 0.37746814402566 0.368618016700456 0.322962012128989 0.319691173047405 0.291817065640222 0.198739006873439 0.232349187251062 0.235275812889934 0.22678533468528 0.231092733285214 0.228342366758518 0.221847553725107 0.220497960246497 0.201896352612683 0.184652585524709 0.174984119451831 0.161194806723772 0.161491072452328 0.162122751270237 0.175939997277336 0.270806099401876
0.323168641245532 0.355733630486187 0.407236811266388 0.149516987459813 0.3616880786784 0.376450620837963 0.385599359711369 0.45717989300069 0.445119412155227 0.437485912818243 0.468328324669526 0.553901433803611 0.577161266852569 0.598258690361396 0.603188741537438 0.613128404120583 0.62399830816399 0.724911177567906 0.699665243346942 0.683179367990965 0.657554603802019 0.64103890037199 0.641506230201356 0.640030503603839 0.709365784801164 0.761387049837341 0.668810780751684 0.614218906665337 0.615897797851985 0.582028287531904 0.268385812233827 0.249671157084517 0.250970237002431 0.240118927242519 0.207338467935987 0.213397586056528 0.240767354668999 0.245113057111368 0.241945744655342 0.239829345880001 0.22682692107857 0.212454455468425 0.198018321018876 0.189745689009069 0.185517995900371 0.168612435521578 0.164416768922867 0.139580630120023 0.143871132748047 0.146135539026664 0.151037678855544
0.0846486602488884 0.292601021405036 0.0877620905285346 0.143890052924106 0.147996477540032 0.151659562972931 0.366392369263995 0.379671453993173 0.432056282465594 0.432729020281128 0.439381710119231 0.449268543985017 0.459403157542328 0.572032771302781 0.580577670352767 0.611261462733592 0.612121048948498 0.612456517162198 0.606909541956648 0.701090098775903 0.681558347893573 0.648012189557961 0.64199555081241 0.681936927085226 0.705881057552201 0.625235557064072 0.649115276914516 0.543062859994937 0.551693216329654 0.540758975724611 0.225695373405754 0.222808901383927 0.216085896963986 0.223735313493758 0.216847525464738 0.22007466752779 0.195016314678298 0.229284255915884 0.224682653607146 0.23353205894118 0.210422775378321 0.20587553941689 0.21079658438967 0.180743415518591 0.181858703263254 0.172722194532084 0.153481841395346 0.151308296235698 0.154290638377291 0.136613088751077 0.144434909952385
0.055877884440041 0.0549839998224993 0.0616930113660948 0.133486048064658 0.148909589873721 0.148960274489683 0.141607872184054 0.358650018941404 0.431176496104084 0.414638249633273 0.421907088549593 0.424442605593856 0.441283124394578 0.476299390688972 0.479167898025241 0.594734638026756 0.589041611561813 0.603168369330587 0.605658251212784 0.609221001938632 0.699703338116971 0.680790633097279 0.677852745683458 0.722803710376205 0.639450535149964 0.604847073650884 0.525964875063952 0.522755744573344 0.533257347783408 0.519519270306366 0.201698276064666 0.207072421494176 0.214596877727683 0.198440200287611 0.20181663850417 0.189326508865366 0.167087959717374 0.195744030921885 0.223638253122485 0.205720498763595 0.191224306659959 0.197900803761121 0.17177292750838 0.182556522152003 0.0736395606100695 0.138535656208472 0.126301335012296 0.119465591802128 0.138236825314551 0.13030245272557 0.137856136858056
0.0569092508355895 0.0646721986845529 0.0511703973677263 0.0970934913329943 0.118755166325515 0.372123161831743 0.157182476352068 0.359576841306547 0.398574411238878 0.406402665135681 0.41336286023573 0.430274872566978 0.436337844440628 0.455058248222656 0.480438438578213 0.473156218520879 0.492588949859906 0.591249034841147 0.594851696267388 0.600113819904099 0.612246938416882 0.612256120853646 0.6139173028104 0.635665789408519 0.623119343647551 0.512306880810267 0.502175499358231 0.525297770698453 0.519986557294249 0.519541518771257 0.525404118377914 0.183629204366285 0.183617248051966 0.16652332278306 0.148383757161633 0.154461901550944 0.167676577045024 0.159860086452818 0.141949968270797 0.17061554474261 0.155511635234558 0.156275642087292 0.0487105549836453 0.133922454418052 0.11939362539827 0.104586257221948 -0.00520518368096423 0.0826152798827906 0.11968413582068 0.13173852708445 0.134212708504828
-0.00289537595727529 0.0246610389549237 0.0363011927005609 0.091750054417365 0.118916022251401 0.135225541681108 0.357826243150547 0.352210585692213 0.346436211512841 0.416543620723074 0.416073110461755 0.412286970536655 0.439510889946387 0.448953381458685 0.45687616337044 0.475180414384489 0.472361738194082 0.505340481279803 0.506079435596605 0.603905147684765 0.603300607997848 0.614508329886732 0.621864088386047 0.617758332197297 0.516720597649457 0.512083518299153 0.518416955787866 0.521234120110898 0.509580253111227 0.515778180491156 0.501241522168161 0.167894557370572 0.152652125677814 0.165630498712269 0.136893617167552 0.148178247869383 0.138063545614504 0.122670042807066 0.125466360578347 0.118242633960285 0.0894639324886555 0.104302792953452 0.134168281583285 0.108559613950202 0.00618029874386261 0.0853779114931774 -0.0120277890084773 0.0874801068844233 0.0952079605426874 0.115861726155666 0.115409190918736
0.0263882136749731 0.0416177629990724 0.0772072061655007 0.119046505900572 0.121814655220567 0.11330444046499 0.115004781833432 0.0909520468553568 0.35104550506662 0.35114565026826 0.344015902531952 0.413268277007644 0.428340326057315 0.455332125424821 0.440127965047794 0.456880491726735 0.453557324727623 0.48546135540781 0.48185565964897 0.49809597930446 0.518848608064785 0.51244848828547 0.52128411577616 0.51882784542739 0.512819986891973 0.501740998540112 0.511721851343446 0.51704675373154 0.499935557995793 0.143536244306304 0.517624210777919 0.16417419870504 0.13521434443879 0.138059805691828 0.13188394839787 0.113451912768415 0.115133569155996 0.108135314990249 0.107588550530256 0.0887435566958004 0.0930656493613516 0.0791588401267651 0.0682399103910627 0.0449391240340977 -0.0658338068429658 -0.0665620164460916 0.0413232061009192 -0.106253285571787 0.0408190886958178 0.0443719673117814 0.050969158020183
0.0234194213271436 0.0536523983554753 0.102358967730092 0.118055469328977 0.116451406960203 0.123446210730585 0.0895204320863501 0.0794235403561181 0.346911890841416 0.0513308534520855 0.360925222039559 0.36272414390213 0.420555481691192 0.43164760672724 0.437179040155783 0.449603512929531 0.460193613769898 0.475421476309817 0.483515783627589 0.474487144510663 0.495235027650908 0.494961650864 0.507401900369269 0.487180289463943 0.493183394584147 0.498139160780147 0.179624977397801 0.49545246821577 0.148934168199474 -0.00590573578329379 0.13510377699229 -0.0114881211551865 -0.0251201590771722 0.138767084019788 -0.0399879687125418 0.115649939599169 0.100529790460632 -0.0507300091142485 0.0825633758098394 -0.0575586120611482 0.0677679755680189 0.0532896417192565 -0.0627298351136283 0.0532836554581155 -0.0731031852336913 -0.0860448991930445 -0.11151280975012 -0.123783653395419 -0.144066503580488 0.0487091342069292 0.0445997550914792
0.0263807096503936 0.0517122084581554 0.106691593164862 0.121259435279942 0.110530135012386 0.0995730699889586 0.351373877372948 0.357170417543517 0.0631869264861274 0.0356375676091604 0.02327628577688 0.340391889903834 0.0827216841302804 0.0863708964332311 0.41514882940839 0.442616926435109 0.453866309210588 0.447397062777024 0.491309883455361 0.168216183907146 0.496199940875429 0.497020225442811 0.140826351770691 0.168093262189605 0.146641192060167 0.491970669281309 0.156311397127474 0.151388175619238 0.133332869255156 0.499970174461714 -0.0195685501493051 -0.0249554356066665 0.135424725498282 -0.0553051274081586 -0.0586044120324112 -0.0621851142047907 0.0820671077704882 0.0625946538642991 0.0630562302672564 -0.0732043819388659 0.0645292729693607 0.0447132332983496 0.0601515438121143 -0.0777978855624649 -0.0979338731942208 -0.122046390313835 -0.120768391720037 -0.129224930991821 -0.14986841380758 0.0643758233136136 0.0325163500125105
-0.00133228444428057 0.0244433330218838 0.0675889503083199 0.0840279360370967 0.0858468377382268 0.0815372929264216 0.0748566738815016 0.0638580695882358 0.0582744855279839 0.338447975922087 0.352138340745918 0.0257287238144897 0.406217806040887 0.40699327689955 0.413745617217137 0.426637041495015 0.121014627912302 0.13112142955447 0.474575859178767 0.479782609503096 0.478737249116896 0.487445290797676 0.128897433027364 0.135705463361202 0.393722759036367 0.409874074739837 0.0475088090627456 -0.116096321413441 0.0383869077932483 -0.103671304071571 -0.0362818201873945 -0.032044315434327 -0.0466159947996651 -0.0536402533218477 -0.0803067234452499 -0.0886463100311876 0.0674082838589718 0.0616263456136579 -0.111048445888846 -0.101827129062692 -0.105849860642584 -0.0823587785041237 -0.0909461666132251 -0.0974539924088857 -0.120505055684505 -0.124657000475081 -0.135548556043817 -0.131990644049021 -0.153462318194671 0.0486027476933658 0.0682567765585482
