data/pcas/pcas_can_126/pca_referenceLayers_can_126/PC08.asc
NCOLS 494 
NROWS 529 
XLLCORNER -117.166666666667 
YLLCORNER -55.5 
CELLSIZE 0.166666666666667 
NODATA_value -3.4e+38 
[rows 184 to 206 of 529, columns 204 to 254 of 494]
-3.4e+38 -3.4e+38 -3.4e+38 -3.4e+38 -3.4e+38 -3.4e+38 -3.4e+38 -3.4e+38 -3.4e+38 -3.4e+38 -3.4e+38 -3.4e+38 -3.4e+38 -3.4e+38 -3.4e+38 -3.4e+38 -3.4e+38 -3.4e+38 -3.4e+38 -3.4e+38 -3.4e+38 -3.4e+38 -3.4e+38 -3.4e+38 -3.4e+38 -3.4e+38 -3.4e+38 -3.4e+38 0.248129489105848 0.468282010948722 0.473034547563111 0.318384662067503 -0.1415127092431 -0.498033523280541 -0.699075337467465 -0.397217243851389 -0.253817636072149 -0.540290618181277 -0.535534231628266 -0.482387702190732 -0.375856882584703 -0.346767353851075 -0.267218875866853 -0.207439058568227 -0.138047760722614 -0.10262251064235 -0.069283703000382 -0.0732754800666361 0.0177796915269849 0.0327127172948681 0.0185263459444222
-3.4e+38 -3.4e+38 -3.4e+38 -3.4e+38 -3.4e+38 -3.4e+38 -3.4e+38 -3.4e+38 -3.4e+38 -3.4e+38 -3.4e+38 -3.4e+38 -3.4e+38 -3.4e+38 -3.4e+38 -3.4e+38 -3.4e+38 -3.4e+38 -3.4e+38 -3.4e+38 -3.4e+38 -3.4e+38 -3.4e+38 -3.4e+38 -3.4e+38 -3.4e+38 -3.4e+38 -3.4e+38 0.245352268295146 0.521458461165396 0.45892202089658 0.156729540163525 -0.0830408396164523 -0.626261928950111 -0.63699957930745 -0.347724101078765 -0.46372872863597 -0.625836309045593 -0.467975366138355 -0.434209081323526 -0.314802958959636 -0.256794931573582 -0.120209742879742 -0.158002859710796 -0.113927530152195 0.0532849804771838 -0.0739075939981202 0.00246232352681708 0.0329411695008536 0.00696674931747754 0.0279613313774182
-3.4e+38 -3.4e+38 -3.4e+38 -3.4e+38 -3.4e+38 -3.4e+38 -3.4e+38 -3.4e+38 -3.4e+38 -3.4e+38 -3.4e+38 -3.4e+38 -3.4e+38 -3.4e+38 -3.4e+38 -3.4e+38 -3.4e+38 -3.4e+38 -3.4e+38 -3.4e+38 -3.4e+38 -3.4e+38 -3.4e+38 -3.4e+38 -3.4e+38 -3.4e+38 0.00219466852998278 -0.0231598858090095 0.200492362539654 0.430391493852459 0.30119949713167 0.121633849242419 -0.380953144544804 -0.801690096101291 -0.471040280404543 -0.483811537511365 -0.646500374769243 -0.508180082994292 -0.366730525058817 -0.178576829573004 -0.17948250073274 -0.187420896588788 -0.137836955496115 0.117515415781038 0.0988102608262397 0.078211809345384 -0.0333586244737277 0.0138166437571274 0.0317413627322338 0.0197825253731296 0.0916976158276995
-3.4e+38 -3.4e+38 -3.4e+38 -3.4e+38 -3.4e+38 -3.4e+38 -3.4e+38 -3.4e+38 -3.4e+38 -3.4e+38 -3.4e+38 -3.4e+38 -3.4e+38 -3.4e+38 -3.4e+38 -3.4e+38 -3.4e+38 -3.4e+38 -3.4e+38 -3.4e+38 -3.4e+38 -3.4e+38 -3.4e+38 -3.4e+38 -3.4e+38 -3.4e+38 -0.191834506339613 -0.0384624200793686 0.167540248576717 0.144422912216946 -0.104166340524722 -0.347591803937131 -0.586108127607676 -0.690089022540453 -0.520683496953465 -0.520904614812435 -0.569415118816586 -0.402003699097161 -0.251744801964989 0.131702520019491 0.163341926164438 -0.0576452698268188 -0.0932473759088003 0.206266631620433 0.167847406069042 0.0902371722230269 0.050353017792425 0.0076395792658176 0.0249526551840966 0.0153699235718852 0.0397820233463771
-3.4e+38 -3.4e+38 -3.4e+38 -3.4e+38 -3.4e+38 -3.4e+38 -3.4e+38 -3.4e+38 -3.4e+38 -3.4e+38 -3.4e+38 -3.4e+38 -3.4e+38 -3.4e+38 -3.4e+38 -3.4e+38 -3.4e+38 -3.4e+38 -3.4e+38 -3.4e+38 -3.4e+38 -3.4e+38 -3.4e+38 -3.4e+38 -3.4e+38 -0.262698655839571 -0.063766876291366 -0.0721443424828951 0.0548529345345691 -0.0883126025781622 -0.669596790374256 -0.727133766259763 -0.838667439231699 -0.73314439572724 -0.67722269816618 -0.489391460640788 -0.482128965010742 -0.284102827805489 -0.146072759180211 0.330218054778197 0.310189401261158 0.13703416331391 0.432704808685652 0.355401880699808 0.242219316943944 0.120635484833706 0.0684282571610176 0.056673134985835 0.0183050951482915 -0.00785038288163675 0.103438636057527
-3.4e+38 -3.4e+38 -3.4e+38 -3.4e+38 -3.4e+38 -3.4e+38 -3.4e+38 -3.4e+38 -3.4e+38 -3.4e+38 -3.4e+38 -3.4e+38 -3.4e+38 -3.4e+38 -3.4e+38 -3.4e+38 -3.4e+38 -3.4e+38 -3.4e+38 -3.4e+38 -3.4e+38 -3.4e+38 -3.4e+38 -3.4e+38 -3.4e+38 -0.240097819943443 -0.219521670135042 -0.11950322510554 -0.152816223674631 -0.504523463167197 -0.786430809407611 -0.835329051660786 -0.704215791817795 -0.587660260392588 -0.480245939258883 -0.573698016300766 -0.336517982141727 -0.205601050506055 -0.0671199427899435 0.238394059577717 0.29716537956971 0.557850953566716 0.50178648801287 0.422772171550533 0.298347341197657 0.180931095516417 0.110084454675183 0.0823390486198209 0.0220700757036993 -0.00371678421517141 0.0910563347859502
-3.4e+38 -3.4e+38 -3.4e+38 -3.4e+38 -3.4e+38 -3.4e+38 -3.4e+38 -3.4e+38 -3.4e+38 -3.4e+38 -3.4e+38 -3.4e+38 -3.4e+38 -3.4e+38 -3.4e+38 -3.4e+38 -3.4e+38 -3.4e+38 -3.4e+38 -3.4e+38 -3.4e+38 -0.134750968296492 -0.118513213888809 -0.276244620899194 -0.245490943427788 -0.204186929977883 -0.225806243579947 -0.348673025310559 -0.724527589231699 -0.83491888458028 -0.814086251880252 -0.827460250338404 -0.701434476624609 -0.622611186119892 -0.608868679596379 -0.447093012442167 -0.353219092416762 -0.0177972475408751 0.160704868172194 0.405592238383071 0.386034979018938 0.554400913152636 0.600613051799336 0.427735375310857 0.327849485904647 0.23576462837831 0.129874643117766 0.110704117525855 0.0664251141461337 0.0176750107816883 0.11349038902952
-3.4e+38 -3.4e+38 -3.4e+38 -3.4e+38 -3.4e+38 -3.4e+38 -3.4e+38 -3.4e+38 -3.4e+38 -3.4e+38 -3.4e+38 -3.4e+38 -3.4e+38 -3.4e+38 -3.4e+38 -3.4e+38 -3.4e+38 -3.4e+38 -3.4e+38 -0.00943775061543786 -0.0199430548444704 -0.0234255412871376 -0.0299805146033137 -0.2194030544135 -0.236075362687969 -0.243915785210147 -0.371882545642314 -0.716608471522599 -0.814763282135803 -0.778195040306591 -0.887757910357139 -0.849128260248146 -0.703945233608637 -0.664092578699949 -0.609400752831761 -0.260862707277891 -0.00219683505286405 0.143045942444874 0.228171886015339 0.292987866023297 0.372514257180752 0.418391215295781 0.575974152094909 0.449571062225388 0.37036816601241 0.284318752483599 0.21577971421104 0.150049525518781 0.0911981073095387 0.125217548642979 0.0983478559570545
-3.4e+38 -3.4e+38 -3.4e+38 -3.4e+38 -3.4e+38 -3.4e+38 -3.4e+38 -3.4e+38 -3.4e+38 -3.4e+38 -3.4e+38 -3.4e+38 -3.4e+38 -3.4e+38 -3.4e+38 -3.4e+38 -3.4e+38 -3.4e+38 -3.4e+38 0.0353353502694966 0.0259285952144253 0.00507639596706921 0.0680238049823367 0.0347349703568362 0.0136882128788235 -0.361814410671011 -0.595940463351144 -0.798015784970149 -0.915444761582313 -0.819899959133226 -0.720590254061039 -0.641284754876213 -0.6849018350559 -0.695437536145713 -0.469279580798061 -0.067800531052346 0.160610102386461 0.213860045673024 0.301607349495702 0.342209214005936 0.431307819949842 0.49371717081676 0.516403394443984 0.456508623096342 0.387572352409764 0.32201071287477 0.227555543248898 0.177825000715063 0.120724405741065 0.072963144133409 0.131984751091135
-3.4e+38 -3.4e+38 -3.4e+38 -3.4e+38 -3.4e+38 -3.4e+38 -3.4e+38 -3.4e+38 -3.4e+38 -3.4e+38 -3.4e+38 -3.4e+38 -3.4e+38 -3.4e+38 -3.4e+38 -3.4e+38 -3.4e+38 -3.4e+38 -3.4e+38 0.115162835281174 0.0248434893125182 0.0662760883211079 0.10754262447601 0.0997494858857167 0.000823136951509151 -0.615970390305636 -0.829689858180619 -0.866353684521399 -0.904772491257648 -0.757641587058745 -0.621552899042833 -0.619551215802135 -0.711455811273575 -0.497317694419422 -0.217279898424683 0.110580360919885 0.194168807000469 0.273016106421144 0.323356816324237 0.423851122422095 0.474929347657359 0.514831619325577 0.560368232461665 0.481409963864334 0.429833688309219 0.320557244127829 0.249199393134663 0.185381507741963 0.156884545084759 0.183096045713317 0.153070250901863
-3.4e+38 -3.4e+38 -3.4e+38 -3.4e+38 -3.4e+38 -3.4e+38 -3.4e+38 -3.4e+38 -3.4e+38 -3.4e+38 -3.4e+38 -3.4e+38 -3.4e+38 -3.4e+38 -3.4e+38 -3.4e+38 -3.4e+38 -3.4e+38 -3.4e+38 0.114451788226547 0.0572558316614345 0.106671893983913 0.149056057508478 0.147498031555638 0.0250928972574263 -0.491112165662017 -0.664074302860939 -0.694784122776693 -0.83131118324015 -0.774436164104429 -0.737739400756363 -0.801518930083003 -0.588044413106716 -0.217695757032103 0.0194000741046503 0.130191844176167 0.238336096444954 0.318205448031216 0.388647579181764 0.460035398792045 0.476391503369984 0.503207754413151 0.557400977754362 0.623930820212802 0.460867096736168 0.377732946942746 0.285459469233669 0.188051677690441 0.140015164677269 0.207602607504536 0.169112883969812
-3.4e+38 -3.4e+38 -3.4e+38 -3.4e+38 -3.4e+38 -3.4e+38 -3.4e+38 -3.4e+38 -3.4e+38 -3.4e+38 -3.4e+38 -3.4e+38 -3.4e+38 -3.4e+38 -3.4e+38 -3.4e+38 -3.4e+38 -3.4e+38 -3.4e+38 0.149648370872502 0.189452603924056 0.160610724670057 0.201436440392542 0.184575735284925 0.0242072874954682 -0.244210896704496 -0.609419445463854 -0.652055625852074 -0.690163387230563 -0.847580900416289 -0.782141093891435 -0.840729782150587 -0.548081415944384 -0.135505778303817 0.0476060028559503 0.157019922768944 0.270353033326098 0.346401300960326 0.391730084595812 0.432565793060857 0.46902857474857 0.502724161737019 0.528979245604676 0.603529194285693 0.486343007797229 0.380907416586583 0.284529588543204 0.232512826403389 0.172946924983313 0.253356441718766 0.169267281729097
-3.4e+38 -3.4e+38 -3.4e+38 -3.4e+38 -3.4e+38 -3.4e+38 -3.4e+38 -3.4e+38 -3.4e+38 -3.4e+38 -3.4e+38 -3.4e+38 -3.4e+38 -3.4e+38 -3.4e+38 -3.4e+38 -3.4e+38 -3.4e+38 0.173842701151986 0.163156544603744 0.218337953547288 0.260905809813593 0.255221707872594 0.229986901334973 0.0698884940511704 -0.551391480532694 -0.628264090988743 -0.873198553413177 -0.648523474513384 -0.843280283196321 -0.876133148845664 -0.891204932581781 -0.442600566967129 -0.253863478504168 0.0504295728980921 0.160532822063511 0.250309762649912 0.329356996997947 0.382474896364232 0.426434304740432 0.44843939660177 0.485666114567726 0.489363263136733 0.559619353785538 0.528107107981074 0.391359943914503 0.32918699766704 0.279940378611996 0.230021703557783 0.180717652784468 0.183415533691257
-3.4e+38 -3.4e+38 -3.4e+38 -3.4e+38 -3.4e+38 -3.4e+38 -3.4e+38 -3.4e+38 -3.4e+38 -3.4e+38 -3.4e+38 -3.4e+38 -3.4e+38 -3.4e+38 -3.4e+38 -3.4e+38 -3.4e+38 0.201098677396021 0.161726393205153 0.178847968704182 0.245216728145327 0.242891773778005 0.279513936699275 0.237673847960268 -0.0409393049124789 -0.57198264498437 -0.803479986173904 -1.00750235532943 -0.727250402857123 -0.852370209253773 -0.924088277382588 -0.689835291821438 -0.324167216274326 -0.286329779793009 0.0590654573881069 0.190549748603884 0.264782797710957 0.341338961893559 0.397010020760422 0.390903889784505 0.397705877813262 0.424012324846282 0.441397433240543 0.523736496176669 0.490640841221236 0.448560807185983 0.412205465550286 0.357349463959835 0.329225924989759 0.314574196587574 0.367713732860169
-3.4e+38 -3.4e+38 -3.4e+38 -3.4e+38 -3.4e+38 -3.4e+38 -3.4e+38 -3.4e+38 -3.4e+38 -3.4e+38 -3.4e+38 -3.4e+38 -3.4e+38 -3.4e+38 -3.4e+38 -3.4e+38 -3.4e+38 0.187708740470641 0.21155204085458 0.220981213906985 0.256101805104613 0.232004975204007 0.254552137468484 0.200687237597028 -0.574869631246596 -0.541425909576438 -0.6850055083789 -0.964860724107293 -0.921972169073248 -0.964915675988588 -0.842670068976356 -0.507881657373483 -0.431272235763808 -0.306717698214849 0.122995414666476 0.229690306466243 0.285666334183435 0.342696909186413 0.354125233138177 0.357313496349056 0.374766632053216 0.391774406051505 0.485014287120696 0.485397131803172 0.437499659085023 0.398457623665144 0.393974003311553 0.355388997735906 0.340121227460849 0.308307094961035 0.399312791533259
-3.4e+38 -3.4e+38 -3.4e+38 -3.4e+38 -3.4e+38 -3.4e+38 -3.4e+38 -3.4e+38 -3.4e+38 -3.4e+38 -3.4e+38 -3.4e+38 -3.4e+38 -3.4e+38 -3.4e+38 -3.4e+38 -3.4e+38 0.241771854928634 0.236162257907457 0.237714359195638 0.255710690466123 0.234022891413197 0.248114345668939 0.151243656897673 -0.575359481627844 -0.694823231474572 -0.976845527196671 -0.818081826767927 -0.950058900681071 -0.992376136014401 -0.89746460579411 -0.555703563340134 -0.363870289230079 -0.16693505998571 0.183535815800124 0.2650941576775 0.321603584101074 0.33327379990175 0.333633140791764 0.35359975484574 0.354001119277218 0.344323624440249 0.443482956969651 0.443761233961266 0.412446810889915 0.392687651589339 0.360824178563916 0.354666814444761 0.329436516118835 0.329439503499354 0.303288267296611
-3.4e+38 -3.4e+38 -3.4e+38 -3.4e+38 -3.4e+38 -3.4e+38 -3.4e+38 -3.4e+38 -3.4e+38 -3.4e+38 -3.4e+38 -3.4e+38 -3.4e+38 -3.4e+38 -3.4e+38 -3.4e+38 0.240069169321516 0.260395725656513 0.258881191449006 0.245690703625645 0.263369958456425 0.234349342462811 0.240638912784678 0.22219969719354 -0.556409632660077 -0.649199492535509 -0.852082078788482 -0.784765586805035 -0.989189223071201 -0.867618445367546 -0.664675838933203 -0.360112863623556 0.0297352693006134 0.0145450082431052 0.243460862974866 0.280963025550978 0.320031565830832 0.341831652753521 0.360189846796175 0.347812218372447 0.349925212778289 0.434702965790294 0.425844491158616 0.38951220198254 0.387391089499338 0.354805571544529 0.330115776638759 0.34164227282055 0.344092851567732 0.341582148507683 0.442770087373115
-3.4e+38 -3.4e+38 -3.4e+38 -3.4e+38 -3.4e+38 -3.4e+38 -3.4e+38 -3.4e+38 -3.4e+38 -3.4e+38 -3.4e+38 -3.4e+38 -3.4e+38 -3.4e+38 -3.4e+38 -3.4e+38 0.151070077574445 0.197006983974223 0.246697440521758 0.242754589246139 0.256408669744622 0.27527710903129 0.235851031733869 0.206856277889618 -0.556226581670362 -0.799272525034013 -0.860617316779813 -0.761411998877944 -0.956750352414722 -0.792408169095335 -0.449755927816201 -0.0244667857832334 0.183292507660519 0.162523239510522 0.322021580561766 0.330005812346408 0.336390866144285 0.333811373153037 0.355536481599445 0.348004427800325 0.404076295142815 0.408702463635045 0.401781868325148 0.383907168942063 0.362833475813764 0.341448110786395 0.31629813476901 0.33843773947643 0.348894185249298 0.347146085532984 0.351033578313496
-3.4e+38 -3.4e+38 -3.4e+38 -3.4e+38 -3.4e+38 -3.4e+38 -3.4e+38 -3.4e+38 -3.4e+38 -3.4e+38 -3.4e+38 -3.4e+38 -3.4e+38 -3.4e+38 0.152888082029167 0.129058761349707 0.127105509014594 0.236757275759741 0.226614633866281 0.258161019845968 0.263812817282257 0.261642811007888 0.190403086174642 0.115625257024475 -0.524177979208701 -0.771604155466361 -0.946209123638308 -0.76412569578022 -0.825526534277949 -0.704660155011841 -0.327872683562068 0.1582786636645 0.374929185085305 0.374840229571323 0.358211344145807 0.368334129959423 0.37073122180674 0.366880906364065 0.353696052745071 0.342187108579509 0.405602286254294 0.402306731520896 0.386084356745175 0.392549660314105 0.358073831648197 0.34347404171177 0.329615668185137 0.32907877917576 0.320571284945713 0.325908578712558 0.307295179220665
-3.4e+38 -3.4e+38 -3.4e+38 -3.4e+38 -3.4e+38 -3.4e+38 -3.4e+38 -3.4e+38 -3.4e+38 -3.4e+38 -3.4e+38 -3.4e+38 -3.4e+38 -3.4e+38 -3.4e+38 0.0409634809970467 0.111170577825924 0.192636452052293 0.260205858124231 0.324825974190447 0.281401194937607 0.266956771588865 0.219476159080361 0.0859187571236327 -0.737872032299709 -0.798301319495481 -0.899462530183966 -0.734585362076933 -0.819650458380319 -0.73342249014756 -0.382751225881058 0.380119248072849 0.326888728334284 0.404215048124474 0.410434970001026 0.386793105500197 0.368732853209979 0.370095432232002 0.344132849086391 0.343351041110003 0.410194839928784 0.379542022872355 0.361848246544358 0.376080218853206 0.339416645573218 0.337413124916645 0.319928398593988 0.334338839547758 0.321950433339739 0.337226489860371 0.339603818725804
-3.4e+38 -3.4e+38 -3.4e+38 -3.4e+38 -3.4e+38 -3.4e+38 -3.4e+38 -3.4e+38 -3.4e+38 -3.4e+38 -3.4e+38 -3.4e+38 -3.4e+38 -3.4e+38 -3.4e+38 -0.00545814213129836 0.078167155990321 0.213665762001167 0.251771712255762 0.323797437178137 0.353476322556168 0.304894785496013 0.234578754859655 0.0167168665624668 -0.436954391949844 -0.897265566392783 -1.00492547239113 -0.765514056565487 -0.734446644612293 -0.423046005728893 0.00456306592127748 0.413717796799616 0.4720713144566 0.414534007649107 0.414135755780044 0.387721020367024 0.385870243496537 0.354837380386029 0.34121110461714 0.344135990657599 0.389039678992184 0.378274222572983 0.372508788349463 0.35749727530483 0.359783237446532 0.358962119313531 0.334527760742458 0.341113861275932 0.338935241709457 0.340912159671089 0.345473917569823
-3.4e+38 -3.4e+38 -3.4e+38 -3.4e+38 -3.4e+38 -3.4e+38 -3.4e+38 -3.4e+38 -3.4e+38 -3.4e+38 -3.4e+38 -3.4e+38 -3.4e+38 -3.4e+38 0.12860377067904 0.0874676630342948 0.163706530406411 0.214947219072022 0.244894734422581 0.309110948992396 0.323418710425583 0.301613220667597 0.267227643539044 0.0435675989546227 -0.633436458665275 -0.760826199543102 -0.850248646157356 -0.764429339880235 -0.844468022643725 -0.531673773812634 0.204389170912072 0.393493703341544 0.352308970487666 0.387794636059269 0.394031717814404 0.376526630408684 0.369982741415769 0.348400975883273 0.331259387804992 0.31582204944498 0.371944229918377 0.357541259329506 0.380921695168282 0.37513728762891 0.361392975901693 0.344464361106631 0.346744528094371 0.366978890368482 0.368359299758237 0.367641346079547 0.369005902069106
-3.4e+38 -3.4e+38 -3.4e+38 -3.4e+38 -3.4e+38 -3.4e+38 -3.4e+38 -3.4e+38 -3.4e+38 -3.4e+38 -3.4e+38 -3.4e+38 -3.4e+38 -3.4e+38 -3.4e+38 0.135297782570446 0.209324987583968 0.222263832294478 0.288703255114911 0.301500877432812 0.294425975475964 0.331801070428065 0.306109553622557 0.112267035749544 -0.526783596565696 -0.774710986774825 -0.835496677917281 -0.764624521761368 -0.850407328230715 -0.531723257109217 0.0947542507374324 0.282282168626879 0.391821124268287 0.338329935752633 0.368317620856619 0.359511891347131 0.344399042127555 0.333390474977334 0.313161337943278 0.307460238255825 0.380772567373144 0.363609974195392 0.368814910564198 0.373192795599887 0.34890568206472 0.340302479651359 0.34976341142219 0.353654671734247 0.381562734496514 0.374027727610491 0.374860273488526
