data/pcas/pcas_can_126/pca_referenceLayers_can_126/PC09.asc
NCOLS 494 
NROWS 529 
XLLCORNER -117.166666666667 
YLLCORNER -55.5 
CELLSIZE 0.166666666666667 
NODATA_value -3.4e+38 
[rows 276 to 298 of 529, columns 357 to 407 of 494]
0.937685214848973 0.934538296091867 0.283559604167431 0.275251402055283 0.272572543439631 0.272189497698076 0.256229590509436 0.258041507596792 0.273026488892801 0.982166759391618 0.287408459019874 0.241379786499122 0.222586118443112 0.192188572959243 0.206601305364374 0.185051531205381 0.169731318188126 0.169665131304123 0.140503519919998 0.140594410618481 0.13950816885939 0.128485949738799 0.132986593352964 0.116334886375224 0.122683589291797 0.138079806277097 0.139271090899985 0.134800636126272 0.118341420577014 0.093498287109527 0.086881190123543 0.0764630182203661 0.0768818766049985 0.0649428733053472 0.0324864111729453 -0.0169827337305319 -0.0416340325718645 -0.0640561516001592 -0.0771601995786547 -0.0895581342173499 -0.114563215187017 -0.132527350665806 -0.124284851983488 -0.132887233047362 -0.138492208579485 -0.142864594980874 -0.153269056617209 -0.150888955666666 -0.147279335638582 0.458108540370019 0.463574442200722
0.943079784996175 0.915817506848628 0.263110673749397 0.25640428880259 0.251909844260772 0.231219857668208 0.225992404947866 0.216986301327502 0.228094657141244 0.247252376714205 0.239642678645896 0.210281949175897 0.193221036206209 0.177207727409905 0.160055295456632 0.162493233677027 0.167734929278977 0.160630407621313 0.135513747767933 0.128093545500526 0.134434504795631 0.121069251986653 0.118654910275597 0.115712301347721 0.118700532897828 0.134317080728889 0.151509479923251 0.13600241250826 0.120903819959884 0.0978331305364354 0.0992624675600492 0.0830248727775466 0.0854523182833721 0.072619777868963 0.0314701534928297 -0.0231586962764718 -0.0563774776867679 -0.0802949886337312 -0.0853259354829496 -0.111145362015957 -0.123912427016574 -0.13603272131377 -0.139101704651777 -0.150681543095293 -0.156264796246704 -0.158311341064233 -0.160567771741555 -0.1614390683418 0.438440955451223 0.446396132453019 0.445902550613743
0.949857305556434 0.922089699120326 0.889838130855446 0.865873753979522 0.233700141000553 0.206687698010137 0.197602908982953 0.182284033083216 0.193538392722882 0.195164930418771 0.202993773473098 0.183949893489313 0.17350647211053 0.163290723438167 0.158837651872301 0.14646128930478 0.147322167835456 0.14582080569756 0.125517806933812 0.117514995630752 0.112014495416446 0.104425072592856 0.095943171221703 0.100273983506265 0.101542219151059 0.121341626080019 0.144014126543375 0.134463588746964 0.111905945379824 0.0929107255385953 0.101421350212694 0.0927217282155831 0.0728619342369216 0.0473256877015655 0.000592863769920626 -0.030279231289023 -0.0680299574188861 -0.0861844108263217 -0.104151311097853 -0.12420694571614 -0.141737387517607 -0.139723244236402 -0.149543976500307 -0.154963885886731 -0.159320267274272 -0.164605904019514 0.434417680880817 0.429659575890176 0.4339161416842 0.432951716633309 0.43007377098466
0.949306224358246 0.922340744478884 0.894602069796209 0.84668906687703 0.207930681365173 0.174014178069184 0.160854715116499 0.143098829153454 0.142660126224478 0.169829155962055 0.1697690169767 0.184948176649394 0.148870356991291 0.15164424387865 0.143773665368492 0.130187711595692 0.118117691927401 0.117455853449718 0.117818252713173 0.111171509095854 0.101855577239728 0.0888892207304395 0.0659761874142152 0.0663375241367696 0.0685152260803238 0.0757434584543394 0.106687015189176 0.101379724253465 0.0759709817401547 0.0726320571122231 0.0778820003607064 0.0782573289505099 0.032897659819377 -0.0169886828897575 -0.0364575159034507 -0.0631948043198728 -0.0838485697938234 -0.0973181141172998 -0.122031168459417 -0.12853092905058 -0.148711604813919 -0.148217870445987 -0.153924658294821 -0.163054012089439 -0.16667716974656 -0.177027663412463 0.416647827827528 0.41195060584779 0.423796131093916 0.411076975746664 0.418905430979406
0.945616926713992 0.920254337850329 0.288604284032202 0.243769563370157 0.190932743344169 0.148814443418783 0.139640799862749 0.125159161982384 0.0820286247215513 0.099229790159323 0.110973421393977 0.117822120547709 0.113509676029639 0.136864811000251 0.130542369751479 0.114733185823721 0.10680717349837 0.102556024632684 0.108579233127723 0.113699223305171 0.120900934057318 0.105518637293845 0.090786969535548 0.076711221939429 0.0662675446700861 0.0471816949739141 0.0421925094152558 0.057481493665451 0.0472100785907886 0.0539381822621883 0.0521667340305298 0.0270705902746352 -0.0240816622230815 -0.0636641748358933 -0.0789517626596535 -0.0922639410972986 -0.103642568204601 -0.116181903749622 -0.129958124265902 -0.141846602358732 -0.16240923721516 -0.155399481479037 -0.166675604374141 -0.172130356269353 0.431203313709242 0.421361086874736 0.402425209816272 0.411479964772905 0.412255966857511 0.407877203510367 0.400153443074456
0.331785038215275 0.292294494072609 0.253244279650117 0.219627366856748 0.184715406059118 0.138489139690832 0.118264174140628 0.0921202983529372 0.0561686168257434 0.0930608318072718 0.089587103736583 0.0962618595198675 0.101754236250449 0.10261575276843 0.100719985466887 0.0955661912529983 0.0982147187462601 0.108969221922813 0.120636480477207 0.131708705775449 0.129979354357367 0.128568400127909 0.113954675377488 0.084439899511776 0.0639934210505019 0.0483035654308239 0.0422776269696171 0.0336906747817757 0.0342224190020834 0.0284628015694856 0.0230926730159181 -0.00350977861957569 -0.044576016242545 -0.0808622031824129 -0.102926815485241 -0.112375675649481 -0.11834277820516 -0.131259090410014 -0.139287247331384 -0.153117731722399 -0.168041259426142 -0.164457908391768 -0.17318336289515 0.43056835523774 0.420195658447735 0.407767994010981 0.403020912364664 0.402592525920638 0.402651100124691 0.40297435726314 0.395037188959249
0.277081193410865 0.253428357607514 0.234361231706115 0.212002676728783 0.172638233125544 0.132236814804387 0.0992753841019081 0.0695188882920257 0.0838688602585354 0.0863082199888234 0.0829302035381479 0.0735750852903531 0.0697002085203157 0.0751916107795829 0.0851473073437396 0.0920310398976421 0.112308760696876 0.110715343104578 0.121829707449065 0.131632769915481 0.145431468133403 0.144723070514277 0.129171235995315 0.101749360201655 0.0634764641571171 0.048032508803752 0.0385358408745891 0.0267595916928684 0.030801632148767 0.0270694645022199 0.000965879639353129 -0.0218837960672664 -0.0519050860605117 -0.0899813869732233 -0.109857265020431 -0.117129297856067 -0.130218895383859 -0.142554015864706 -0.150665773898877 0.448399255208032 -0.174142482800545 -0.175819188013073 0.432149073945145 0.428697651782502 0.409444159634464 0.40168030564119 0.400191388595502 0.400145603773216 0.402898259632071 0.383011911258424 0.374979865221029
0.261243188303799 0.254707215146753 0.225674913191997 0.188370150057581 0.158615180512086 0.119475532923124 0.0927743791475402 0.0841694020485966 0.0761854024767827 0.0657079066016368 0.0654332757923381 0.0783024030186867 0.0688230753486729 0.0681120372319455 0.0834264174671422 0.0972344164049249 0.104116768112127 0.112369281342618 0.12272163862809 0.136658074325594 0.150094203920353 0.164324285459915 0.156163510801595 0.121937717698558 0.0913042580405108 0.0682607288888367 0.0580126343173148 0.0383416791659991 0.0348307354105147 0.0199011827667209 0.00316767549996222 -0.025444393522963 -0.0556213651155615 -0.0920725465892633 -0.107539011476686 -0.116317281713098 -0.13940476262687 -0.150043588612669 -0.171651705086773 0.438742202840484 0.434403598948589 0.432331541779254 0.428636885535186 0.417396466161475 0.41237106206453 0.389638055323819 0.397719936231291 0.392007799333384 0.391762755474503 0.379325894014829 0.376371545450217
0.228923214614136 0.209614551116566 0.194201663664035 0.170918346412266 0.145583526193313 0.11003478865159 0.097343702153306 0.0804679168949711 0.0775249920551985 0.0787772124131182 0.0744852204616382 0.0702080290397193 0.0529101519935478 0.0625323415987661 0.0719196010313148 0.0791184082067544 0.0955907083240214 0.113899779029747 0.13145285782993 0.166108124042155 0.169373675576688 0.183218558305511 0.163745089980238 0.135814251445777 0.112275311094772 0.0975945285191539 0.0802030875562688 0.0548176514852998 0.0449298806221208 0.0213118498123941 0.00348532503186594 -0.0234733795787857 -0.0436203204595906 -0.0694761534390628 -0.0956450357255795 -0.116009015192023 -0.143465320071239 -0.157981934081275 -0.182624671205223 0.441579105613977 0.439619487329517 0.429317168700834 0.421286448553932 0.416559202330203 0.402570140592188 0.390919881032398 0.397282208636406 0.392487986273906 0.38010901299408 0.38572011974851 0.385880803050583
0.220213874666511 0.20919253501395 0.176964465698318 0.153878239030155 0.138848236203491 0.113227003059295 0.110990440588788 0.150046152530078 0.12599951476388 0.0837036722116824 0.0806712623967848 0.0545495090024143 0.047596131571691 0.0693056764134177 0.0795768638210567 0.0850974906789036 0.103820987194581 0.119900248004745 0.156314475139216 0.174089688161271 0.169554286597586 0.168649736314904 0.15227281793503 0.138440881472119 0.124915435010587 0.108385676046202 0.0873072720954576 0.071375378352465 0.0647607327994061 0.0464702491865893 0.0316925601223741 -0.00851856001465201 -0.0332471142155923 -0.0692855353504603 -0.0925278301781051 0.47484645614955 -0.137876622207223 0.458546063098725 0.451379469537724 0.433243523601824 0.440987059659431 0.431804662115297 0.427916909644371 0.423139858143295 0.406964768440983 0.399653002361445 0.39654119364914 0.395576588578151 0.390217452869832 0.391621552409404 0.388634452667904
0.204732694914698 0.196923699537202 0.167505114999578 0.14392822906995 0.13488878786874 0.132218470562277 0.173393780868932 0.168891877581871 0.151091480979511 0.0943648803912491 0.102375133578732 0.0646202879600796 0.0602154805480336 0.0675123316204072 0.0871631148028714 0.125214591562486 0.132507671492927 0.145456675599793 0.154794623003953 0.152744100063442 0.148961751188634 0.151296531782575 0.144355828116977 0.130998981027407 0.131019226266276 0.127253485233171 0.115297104866645 0.0975942693592538 0.0832780992563896 0.0650062420868318 0.0568957563235208 0.0115990868061058 -0.0174607181719837 -0.0485949578062016 0.487879996087347 0.472825587278425 0.466458043942525 0.461720922964494 0.449893695250796 0.442343795159321 0.44596985926942 0.442122226678241 0.433565734937196 0.425017559205307 0.415903047385501 0.406123647953056 0.415082040627433 0.409769480671943 0.407848710863285 0.40225784748963 0.380157389691372
0.199372001689766 0.180261999465471 0.160428695190539 0.145584813433025 0.127517774500654 0.127684885964949 0.176516331964565 0.164439502999183 0.155755503380689 0.104730324768651 0.0979393466485984 0.0898328416628547 0.0759828696980904 0.0784014615081738 0.092805840515981 0.125990820260844 0.137016614699752 0.136513730597709 0.133838206169858 0.140333365565712 0.13581152950524 0.13492507986277 0.128683314814912 0.125627610620377 0.126284544209896 0.122102325614755 0.128520261739656 0.116884846930176 0.101629747549767 0.0852581319406228 0.0837201421718729 0.0567817164081554 0.569453646164701 0.52959820702292 0.513838931859661 0.473580006955551 0.461801728520015 0.466956060569478 0.46040367917683 0.447260300042662 0.445591620013829 0.440451592713086 0.436714508796378 0.434690278330158 0.42326213220976 0.421611295429953 0.423762517688255 0.425929141886324 0.422506458605217 0.403974623058505 0.368191519903936
0.185079790614521 0.167936648357645 0.145454103015316 0.137220133228921 0.140026181099141 0.128504923545459 0.124658527553578 0.125303570447355 0.114656902540916 0.111356407466445 0.0902194286689245 0.0949247131383014 0.0907182425630338 0.0996383808872677 0.117330974714877 0.130506161329253 0.133211680267292 0.132856639485746 0.123632614063742 0.132815848868649 0.12737944593201 0.119724731849634 0.115961093343945 0.123623486564519 0.130484642373506 0.133072620359301 0.135995799658133 0.134300787419921 0.117452952980124 0.110389793221361 0.0950880387497601 0.631111313458116 0.583001153810814 0.552905794529436 0.526921026639098 0.483980882552363 0.477249146541984 0.469966456052389 0.465112952359396 0.451083754009799 0.446536227503714 0.439438690687335 0.440678404497155 0.436556358907605 0.446243645005604 0.447578808004489 0.448120360289469 0.451075788588153 0.446390859026263 0.429211227684218 0.416685200320167
0.168094709643103 0.15035659835362 0.140236995357103 0.147517573106893 0.142820269545945 0.134399666790643 0.110449511708828 0.104710983323041 0.102851284013151 0.0999102787438604 0.0891969737816367 0.0718852417977984 0.0813146258737205 0.123676776817511 0.123535047502351 0.114932934745692 0.106572289000737 0.102732511470753 0.111471202149449 0.109629030866728 0.111074721628711 0.112321852739727 0.105082865415732 0.117599437677369 0.13627494736908 0.139083635679085 0.15067103422069 0.146727064202006 0.141498880365496 0.125958734101469 0.10201871338041 0.625343754836295 0.593587212588817 0.560130702972072 0.53826144742808 0.496829679185642 0.487158545333722 0.476028489932857 0.46421340537206 0.457482323578925 0.460344096242064 0.451417681184924 0.452999631838104 0.456216574549002 0.46212089785955 0.462431496786888 0.464109777001795 0.460867907930974 0.460034518467224 0.449515330847626 0.433534096447333
0.160166243596343 0.139158128227542 0.151563041018381 0.146516881098139 0.132123709107942 0.124589488821552 0.112934214534475 0.0900363249172437 0.0895347428751097 0.0787000811586943 0.0744832889769385 0.0656171053826756 0.0742717700103864 0.112530177797885 0.131527218448469 0.102066441508873 0.0946175755548481 0.10053925828295 0.10805117701228 0.105038052014007 0.101608469624941 0.1162821313323 0.110322603270256 0.129892507145125 0.134665561530165 0.143907975217904 0.150293488899316 0.147119378011298 0.149434461711853 0.141111585714155 0.11662676529409 0.634284453615836 0.593624234014115 0.566535657777669 0.544176278907302 0.521749683525806 0.507278465382472 0.484949101496562 0.472168438937458 0.463143162065984 0.467675711043757 0.457254157313655 0.472479940963876 0.478378504216416 0.489049310795388 0.482878629692603 0.481821522897206 0.473391494971984 0.478133421550739 0.478825409928704 0.481416018954148
0.151795361975822 0.150236197533327 0.145525729242652 0.126591784070107 0.126032668215369 0.112825351765352 0.100313595769219 0.0906026675664433 0.0759713916015324 0.0550823265366013 0.0502525518926117 0.0633532498248552 0.0654926861329868 0.0965115517351451 0.128107483227929 0.107596781737975 0.0868010434215818 0.0891818356701461 0.0986213895199448 0.0998837518096425 0.0945137330969567 0.0958046251043878 0.106822725376539 0.131522223885246 0.144446312551186 0.141574600419545 0.154584257328175 0.15972257624135 0.159221039894482 0.145930518311765 0.665281831069779 0.627823061778604 0.599372840893081 0.565325296837074 0.553941381550135 0.541542759193791 0.515396812030292 0.502514068830327 0.493763091566747 0.479328266958097 0.467754429416253 0.47303598636146 0.475932362748745 0.489828408330994 0.494172146821438 0.488805709460153 0.488510671128574 0.494046960972679 0.488821458650111 0.492520558200815 0.504010666869094
0.154635279015089 0.159147134324826 0.142800671270798 0.122930446547817 0.121233056151087 0.102676468701666 0.0899274244952474 0.0843608377521284 0.0677901278073664 0.0679061007835584 0.0541078799365591 0.0561125408957608 0.0642668020542319 0.0816332354248925 0.125423853767866 0.120228730541836 0.0912813096974642 0.0958711686532158 0.0971504989800034 0.102975946054743 0.0974639647916392 0.107427339465437 0.11351900564629 0.137932068347733 0.144169906177628 0.146832654629676 0.15399666879953 0.158497599088664 0.154381942439701 0.148277517790334 0.669581328849492 0.644431699247155 0.610883198582668 0.579912492198168 0.559406002194969 0.544167055646405 0.528117629257888 0.510994585291728 0.491874636472212 0.485061931532649 0.480833173998274 0.479058458081683 0.476864525067098 0.48339436515864 0.494494488237435 0.49782634708723 0.492156543803397 0.499908692691697 0.470921087414627 0.488380166432501 0.474825309851717
0.151040715715947 0.143679393419524 0.135895627221472 0.105853681500291 0.0991410561611089 0.104362855428595 0.0986215207635884 0.0876110336636243 0.0809636964668773 0.0689511708486936 0.0470656046640476 0.0593563720489211 0.0688705863040244 0.113024004727873 0.129629760015917 0.115015963817213 0.0926909448076116 0.106208838561727 0.104587836216385 0.101116426746358 0.109320887760091 0.107167863338623 0.11945050965382 0.143654917448619 0.153895357254973 0.167971692499395 0.169515845625688 0.163238321056551 0.161294129326327 0.161024126801174 0.66953066146951 0.644678736697535 0.619949888935485 0.599156563920186 0.57781337231555 0.558209824621349 0.533345206321119 0.513454598418279 0.503633897844397 0.4888270356511 0.49020572955651 0.474257404497738 0.475051695684492 0.49634455762915 0.494505623506329 0.493893803958501 0.485084498433026 0.493624866267237 0.480480815826762 0.474289210586806 0.456380456905188
0.147871662182921 0.130525379489347 0.11788326953593 0.099476322326428 0.0873042326020759 0.0857282039029508 0.0846280177894476 0.0832000683437076 0.0724888151414118 0.070071634856425 0.0681365906157955 0.074799807459687 0.0788327390345439 0.0761148913408058 0.114347190057143 0.108036004811531 0.0896297162568332 0.106464946356571 0.110818487211375 0.112778559730033 0.118434498650833 0.117779912701056 0.126456948106349 0.15731907127787 0.165571974002866 0.18461158063736 0.185761872791102 0.188100407658806 0.181076600986389 0.168250810925001 0.677854042027357 0.670525181294902 0.657250729003223 0.612897038314658 0.583314175384619 0.563027154745966 0.544937259046099 0.522205941636297 0.517754144888432 0.503724086813583 0.486101175586631 0.475170697343232 0.470951056841075 0.489518018273904 0.49462020594181 0.494673617054796 0.498377764623954 0.502766344701274 0.48482658284816 0.492285333707179 0.470607843544875
0.123041742514104 0.104773324735756 0.107148278216062 0.0983431650423117 0.0950244056644001 0.0922128759390087 0.0859933299629589 0.135957608784884 0.134992127399124 0.074967087848167 0.0729650607738113 0.0788679065691395 0.0826528465015059 0.0844457751111943 0.0929522250169528 0.0848769029688275 0.110342570720595 0.116183236104049 0.1181146679772 0.125431804294681 0.126702140449767 0.123782394902826 0.135314264734624 0.164391144679453 0.184845326332214 0.184402455936264 0.194187781878385 0.199723440569012 0.183393032233298 0.167429924260882 0.679788858241816 0.666868839926489 0.654836500637217 0.633983822789592 0.60190500126392 0.57355046254931 0.560301038320072 0.53181872795908 0.516729040628626 0.50556163718689 0.493045419051079 0.480725440307863 0.476331036383957 0.483965991192788 0.493346142465854 0.494938523135982 0.500606803596976 0.499418038765769 0.501235582063694 0.495771356336881 0.493597395840494
0.100404151108037 0.0916563669979234 0.0977620064530171 0.0899930624391059 0.0930382875272168 0.142381736109903 0.137204693068625 0.13334636741962 0.0897574855319742 0.146013163189537 0.128753941518622 0.13465663149482 0.0827125616315803 0.09553265416219 0.100079203609789 0.0998022802557588 0.117563225390849 0.1361106677881 0.131249628019085 0.12590651025425 0.129731687312191 0.151899221218565 0.177949462739934 0.196431630178543 0.203671551821626 0.197001093402662 0.198528505078361 0.197303360681245 0.187046696445871 0.180729023817011 0.694324529136997 0.671590509708968 0.658593367631021 0.640420243465635 0.613717938883768 0.593406690418641 0.57110999872114 0.543761727489194 0.524353302995773 0.498509092373392 0.500224886397083 0.490605892644935 0.479771220996241 0.48049367995067 0.495552506631413 0.496756083163513 0.498611907363948 0.49718474949146 0.500288811174131 0.49206906956686 0.514976079371113
0.0951340269645297 0.0912609102848601 0.13895886320745 0.0893191666005481 0.131616915408271 0.137924677364999 0.129465031247279 0.134675951307468 0.0804540144344594 0.140367119597015 0.129377209362246 0.0839004018476019 0.095143655259328 0.09789519534433 0.101753309328021 0.107859868722002 0.119731350184795 0.145005325487572 0.137109876705676 0.130997355722915 0.13487100842895 0.175879897094856 0.191820781570424 0.204791210864948 0.21378062818545 0.209206637969598 0.210189067895991 0.206316744413728 0.201948369640471 0.197429181838927 0.709342321655294 0.686580906361747 0.666015774634434 0.642711108276175 0.620106241335823 0.594863331797513 0.569281330227778 0.530558879715666 0.517869342797579 0.496246775445515 0.488177252118536 0.479026635863046 0.476446644237592 0.475733552281188 0.485490809219036 0.491916514054862 0.49631981580588 0.499444756504967 0.499107008736518 0.502801994212102 0.505771701668973
0.0809132023288256 0.129080536267866 0.134537508900143 0.129400995493168 0.133781329437801 0.132313377134291 0.132264640816317 0.138558465696607 0.141311160413002 0.142210333397304 0.151873553053213 0.0855830513491228 0.0950496136215246 0.0942371625731303 0.106904854383205 0.11337162583154 0.119785271133305 0.147699859275086 0.152226280034494 0.154755961281114 0.176272649396947 0.180927502551289 0.191226164360277 0.214389431468146 0.232248296452052 0.240798474105115 0.240656215665819 0.223012540206377 0.214862357419333 0.208841446212244 0.709403026803862 0.695248395077225 0.67716576378677 0.656229188799409 0.633836322796257 0.59283327420634 0.558720036253687 0.52724220412731 0.506676040735118 0.495310653881028 0.490140115856803 0.472105444005307 0.471049748358741 0.478749403180154 0.477972371446341 0.493063986731185 0.498550904749039 0.501354559718736 0.507958857381348 0.510854512130531 0.523045191026442
