data/pcas/pcas_can_126/pca_referenceLayers_can_126/PC09.asc
NCOLS 494 
NROWS 529 
XLLCORNER -117.166666666667 
YLLCORNER -55.5 
CELLSIZE 0.166666666666667 
NODATA_value -3.4e+38 
[rows 92 to 114 of 529, columns 153 to 203 of 494]
0.295045866406378 0.269373641924938 0.248360355610573 0.244454984763404 0.243951805095719 0.203441527281544 0.134746357005484 0.0638602973296872 0.0237030272813935 -0.00344765755357274 -0.0198169101358789 -0.0300960775686377 -0.0267381657749812 0.00108599546619895 0.01829452690321 0.0229447035404092 0.0221036052823282 0.0203924146213373 0.00175685669063853 -0.0506376228048363 -3.4e+38 -3.4e+38 -3.4e+38 -3.4e+38 -3.4e+38 -3.4e+38 -3.4e+38 -3.4e+38 -3.4e+38 -3.4e+38 -3.4e+38 -3.4e+38 -3.4e+38 -3.4e+38 -3.4e+38 -3.4e+38 -3.4e+38 -3.4e+38 -3.4e+38 -3.4e+38 -3.4e+38 -3.4e+38 -3.4e+38 -3.4e+38 -3.4e+38 -3.4e+38 -3.4e+38 -3.4e+38 -3.4e+38 -3.4e+38 -3.4e+38
0.251598749331402 0.288355447602661 0.337374016327868 0.335906811812278 0.30122536070349 0.276716988686415 0.185934191503902 0.0846788419883313 0.0393157655240256 -0.0137647899263943 -0.039107438144117 -0.032581893135889 0.0218919202702763 0.0370042169866024 0.0652091619596616 0.061953421392606 0.0402643166138531 0.000311014707720041 -0.0184929119320193 -0.0677264648034525 -3.4e+38 -3.4e+38 -3.4e+38 -3.4e+38 -3.4e+38 -3.4e+38 -3.4e+38 -3.4e+38 -3.4e+38 -3.4e+38 -3.4e+38 -3.4e+38 -3.4e+38 -3.4e+38 -3.4e+38 -3.4e+38 -3.4e+38 -3.4e+38 -3.4e+38 -3.4e+38 -3.4e+38 -3.4e+38 -3.4e+38 -3.4e+38 -3.4e+38 -3.4e+38 -3.4e+38 -3.4e+38 -3.4e+38 -3.4e+38 -3.4e+38
0.213964133189811 0.222537478629105 0.321153590821043 0.398365460286812 0.44340336068041 0.333261829558939 0.222777360988425 0.125667882775071 0.0694798699760448 0.0131883933039194 -0.0363680010226805 -0.000785176451997688 0.0766838837688458 0.115931227305118 0.138911088338297 0.123106788411134 0.0907791030369872 0.0238983673974292 -0.00851864338696462 -0.0512466819821234 -3.4e+38 -3.4e+38 -3.4e+38 -3.4e+38 -3.4e+38 -3.4e+38 -3.4e+38 -3.4e+38 -3.4e+38 -3.4e+38 -3.4e+38 -3.4e+38 -3.4e+38 -3.4e+38 -3.4e+38 -3.4e+38 -3.4e+38 -3.4e+38 -3.4e+38 -3.4e+38 -3.4e+38 -3.4e+38 -3.4e+38 -3.4e+38 -3.4e+38 -3.4e+38 -3.4e+38 -3.4e+38 -3.4e+38 -3.4e+38 -3.4e+38
0.200779532957115 0.198832126054191 0.230280069086398 0.339776706497451 0.433975930418038 0.348250658505001 0.256511914975329 0.173449027914757 0.112297165944705 0.0499066546074166 0.042017121046365 0.0854410868403304 0.161898794041899 0.209169741531587 0.259697916608083 0.213522407648125 -0.0832566447526999 0.0764598634413785 0.0429716886506293 0.0431727299273852 -3.4e+38 -3.4e+38 -3.4e+38 -3.4e+38 -3.4e+38 -3.4e+38 -3.4e+38 -3.4e+38 -3.4e+38 -3.4e+38 -3.4e+38 -3.4e+38 -3.4e+38 -3.4e+38 -3.4e+38 -3.4e+38 -3.4e+38 -3.4e+38 -3.4e+38 -3.4e+38 -3.4e+38 -3.4e+38 -3.4e+38 -3.4e+38 -3.4e+38 -3.4e+38 -3.4e+38 -3.4e+38 -3.4e+38 -3.4e+38 -3.4e+38
0.189968593275001 0.192512426106596 0.136709680240531 0.221593407540745 0.280971222746959 0.315346607864821 0.247503931249546 0.199465895953227 0.15006655032491 0.129314494153622 0.13944233550034 0.183703692027221 0.288453856463258 0.395457833746662 0.43585269333827 0.124694072575214 -0.0325023267038103 0.160419239725846 0.0896392455540275 0.102880460708883 -3.4e+38 -3.4e+38 -3.4e+38 -3.4e+38 -3.4e+38 -3.4e+38 -3.4e+38 -3.4e+38 -3.4e+38 -3.4e+38 -3.4e+38 -3.4e+38 -3.4e+38 -3.4e+38 -3.4e+38 -3.4e+38 -3.4e+38 -3.4e+38 -3.4e+38 -3.4e+38 -3.4e+38 -3.4e+38 -3.4e+38 -3.4e+38 -3.4e+38 -3.4e+38 -3.4e+38 -3.4e+38 -3.4e+38 -3.4e+38 -3.4e+38
0.240337680020815 0.209583980678326 0.187960039198289 0.188984591990172 0.293035972131343 0.288879226925949 0.254347457133371 0.215177616408297 0.188165019613358 0.199658732091939 0.253200966214134 0.34282001913674 0.461834336272789 0.560207185277338 0.507329259921373 0.466059615576001 0.311195833417655 0.338275715412821 0.167633606493166 -3.4e+38 -3.4e+38 -3.4e+38 -3.4e+38 -3.4e+38 -3.4e+38 -3.4e+38 -3.4e+38 -3.4e+38 -3.4e+38 -3.4e+38 -3.4e+38 -3.4e+38 -3.4e+38 -3.4e+38 -3.4e+38 -3.4e+38 -3.4e+38 -3.4e+38 -3.4e+38 -3.4e+38 -3.4e+38 -3.4e+38 -3.4e+38 -3.4e+38 -3.4e+38 -3.4e+38 -3.4e+38 -3.4e+38 -3.4e+38 -3.4e+38 -3.4e+38
0.221156441619617 0.199667387058602 0.230845024659668 0.210357661071863 0.29662200701154 0.288925956557627 0.296365987417693 0.27146272222238 0.235137189148371 0.301397094052772 0.397493096841148 0.488079416482773 0.604351602577131 0.686517358927319 0.719242417944563 0.757557518972495 0.707649146934843 -3.4e+38 -3.4e+38 -3.4e+38 -3.4e+38 -3.4e+38 -3.4e+38 -3.4e+38 -3.4e+38 -3.4e+38 -3.4e+38 -3.4e+38 -3.4e+38 -3.4e+38 -3.4e+38 -3.4e+38 -3.4e+38 -3.4e+38 -3.4e+38 -3.4e+38 -3.4e+38 -3.4e+38 -3.4e+38 -3.4e+38 -3.4e+38 -3.4e+38 -3.4e+38 -3.4e+38 -3.4e+38 -3.4e+38 -3.4e+38 -3.4e+38 -3.4e+38 -3.4e+38 -3.4e+38
0.431397404050318 0.330187533348795 0.241613466253941 0.273774688513473 0.316597932301228 0.35495922216572 0.379304635046582 0.368080936013473 0.30810500341803 0.395512536812667 0.501215232322163 0.603133935903769 0.695377067117653 0.770019962006198 0.79071593066352 0.800475025675562 0.790678114509194 -3.4e+38 -3.4e+38 -3.4e+38 -3.4e+38 -3.4e+38 -3.4e+38 -3.4e+38 -3.4e+38 -3.4e+38 -3.4e+38 -3.4e+38 -3.4e+38 -3.4e+38 -3.4e+38 -3.4e+38 -3.4e+38 -3.4e+38 -3.4e+38 -3.4e+38 -3.4e+38 -3.4e+38 -3.4e+38 -3.4e+38 -3.4e+38 -3.4e+38 -3.4e+38 -3.4e+38 -3.4e+38 -3.4e+38 -3.4e+38 -3.4e+38 -3.4e+38 -3.4e+38 -3.4e+38
0.415259445723479 0.417775827429211 0.501369767976345 0.295948634576494 0.371015717748176 0.428127745600438 0.463510589362948 0.442073378288848 0.392920412513121 0.481608407070016 0.606765205332497 0.697274718054008 0.758413573603941 0.755711066243457 0.746007361084307 0.716909885781811 -3.4e+38 -3.4e+38 -3.4e+38 -3.4e+38 -3.4e+38 -3.4e+38 -3.4e+38 -3.4e+38 -3.4e+38 -3.4e+38 -3.4e+38 -3.4e+38 -3.4e+38 -3.4e+38 -3.4e+38 -3.4e+38 -3.4e+38 -3.4e+38 -3.4e+38 -3.4e+38 -3.4e+38 -3.4e+38 -3.4e+38 -3.4e+38 -3.4e+38 -3.4e+38 -3.4e+38 -3.4e+38 -3.4e+38 -3.4e+38 -3.4e+38 -3.4e+38 -3.4e+38 -3.4e+38 -3.4e+38
0.347793849611978 0.409101649718176 0.618111622538032 0.49922856080737 0.363162986334619 0.450487714598422 0.560726696174014 0.584678761506842 0.462942923069263 0.544594347061946 0.684711650133503 0.751968882934628 0.763451342422793 0.699029770620682 0.582808444182448 0.542674027570144 0.43588624363139 0.285284175357757 -3.4e+38 -0.018207532598223 -3.4e+38 -3.4e+38 0.0520963325270374 0.177904607383938 0.2183776760947 -3.4e+38 0.156584208204851 -3.4e+38 -3.4e+38 -3.4e+38 0.00241012898059614 -3.4e+38 0.0249832417136761 0.0632015992881824 0.0836549165373892 0.00908324738509609 -0.0145391497506096 -0.0362176513564144 -0.0481607505989592 -0.0584249606294849 -0.0955885288648766 -0.143381344901666 -3.4e+38 -1.02514912628184 -3.4e+38 -3.4e+38 -3.4e+38 -3.4e+38 -3.4e+38 -3.4e+38 -3.4e+38
0.20000491085405 0.278771752856268 0.369580181694062 0.496053664464524 0.472610659973992 0.367497189734578 0.488339942253884 0.437592713568424 0.302217462601889 0.543995308854122 0.704949205388093 0.696743009709385 0.668865866292942 0.551250215224247 0.46154188443987 0.355721584374203 0.229919035625142 0.0683394826781108 0.019533300506797 -0.0689291845203444 -0.0745075832714813 -0.0826031139402534 -0.0535460958790655 0.0470918219456404 -0.0969173162085547 0.0230921949136006 -0.015469975550046 -0.0439790094465763 -0.211499754656277 -0.177999008440475 -0.131442127553477 -0.0716048445439471 -0.00796720728366556 -0.0155620469809466 -0.0787078514093184 -0.0500189245567794 -0.0249727854148276 -0.0383728937047911 -0.138562546885921 -0.158822322928193 -0.205964836859227 -0.190919333468203 -0.161834620257833 -0.106064114772716 -0.093054030905078 -3.4e+38 -3.4e+38 -3.4e+38 -3.4e+38 -3.4e+38 -3.4e+38
0.201966092969949 0.221567590285595 0.278473160547631 0.347333631258054 0.406319559598493 0.343566243180719 0.306808096176997 0.274126785505279 0.220249422895697 0.267466270264291 0.483512715020042 0.593846660422539 0.55774197704183 0.424802749328014 0.267674730551684 0.140212639585485 0.0616215051707857 0.0194040565288762 0.01127460252066 -0.0151428397926933 -0.0282759262361731 -0.039007082590543 -0.0694128032972301 -0.0838693646076967 -0.100554814384617 -0.142585199083272 -0.178167751847218 -0.180951241230586 -0.115392284025903 -0.106108899444255 -0.10259452568891 -0.103070476201506 -0.170484640573382 -0.21492893277931 -0.170841915827008 -0.0762708959274022 -0.0689210277518902 -0.102049374861054 -0.0862159890782543 -0.105947950529205 -0.148237329502821 -0.107395977034541 -0.0836170415009606 -0.0275564995583726 -0.0311770101831909 -3.4e+38 -3.4e+38 -3.4e+38 -3.4e+38 -3.4e+38 -3.4e+38
0.0844418159733495 1.01217684881096 1.35255393704481 1.36469037293421 1.43879954500647 1.15580883647468 0.16345130258945 0.128254402720278 0.15806387523758 0.255453561358962 0.277146806039959 0.206145634607753 0.278131597009958 0.134845810034193 0.0841691965851374 0.0409232667367733 0.024162706682035 0.00382502458218334 -0.00984453985539657 -0.0262816162772022 -0.0150668829145542 -0.0897543913056079 -0.0334180180003479 -0.045946817417935 -0.113889665943989 -0.120571244575188 -0.195645291448228 -0.260656221682285 -0.204809454504713 -0.222984034748493 -0.210167399343574 -0.185526540232182 -0.210941492726318 -0.189799081916016 -0.112633684453303 -0.0537226289925157 -0.151739587814173 -0.040189899393318 -0.0968251087483066 -0.0803490228507861 -0.0542259654492548 -0.0197298951450738 -0.0182945778579177 -0.00661510923418507 0.0111432522220514 0.00986518533067332 -0.0865558459690038 -3.4e+38 -1.07701205175443 -3.4e+38 -3.4e+38
0.118125493639216 0.155359305372361 1.03780086954506 1.03148652089454 1.1410099247054 1.0184749171088 1.02092692663682 0.0796673507660932 0.0458855641754728 0.029671935887272 0.081243960275669 -0.00501951734920159 0.675274826317841 0.634507768276455 -0.0410627613388628 0.00694546774395 -0.0203050482529503 -0.0278699947979311 -0.207421575131505 -0.188891983995243 -0.0823659338724987 -0.0588879470852259 -0.0472262619650963 -0.00044650073156377 -0.179566999996492 -0.183511779872819 -0.167068234465149 -0.139272998836579 -0.223797888660907 -0.240465979130693 -0.239548062195497 -0.20993343364078 -0.23476679060294 -0.0902432178499485 -0.151717051535646 -0.177414456706281 -0.0817957718718611 -0.0647168349025299 -0.0637588560827443 -0.0157978498665515 -0.01136165176686 -0.00452206568827657 0.00483354513250589 0.018699046058857 0.0265966305682753 -0.00536428931915234 -0.115171958102505 -0.202565537566892 -0.809462308663545 -1.09380601621693 -3.4e+38
0.120059830143252 0.131117282570687 0.125788229517175 0.0873104831972709 1.0979653682539 1.06389194270863 0.958063277902923 0.820712455720021 0.670964160957111 0.542276292838892 0.467336817765156 0.415144781057808 0.414518243626051 0.635505369059665 -0.0684545967076653 -0.159833492409493 -0.0627613023372509 -0.235953043813651 -0.219866634586832 -0.212012978175294 -0.0888604111339302 -0.196580992513423 -0.0387555817249075 -0.0596356979656135 -0.165554110355064 -0.116982609262639 -0.162549336693864 -0.16286489806314 -0.186061626749263 -0.230296981200485 -0.23779958044664 -0.187293838398913 -0.172783489753322 -0.243787073456999 -0.208431889075957 -0.0948791696200125 -0.110400627519088 -0.0723205168669286 -0.0342961391259033 -0.0255573482932567 -0.0281461067636412 -0.00318324979423637 0.00684566039709184 0.0218622215643303 0.01021623172653 -0.0302733888327986 -0.116652801803686 -0.561055085283556 -0.659736821490021 -0.745272653457483 -3.4e+38
0.109126682188452 0.104743826728426 0.117767717282291 0.0587874799083066 1.01864893962426 0.881683539069468 0.799325395654642 0.745175886382629 0.64265964261437 0.597848578356384 0.693237454349002 0.609792219062102 0.501371085618855 0.592242027280689 0.616254455333083 -0.123004142190306 -0.141822533844255 -0.163346761130046 -0.167821229327429 -0.156718183906575 -0.106370062874267 -0.0590971130871013 -0.115344374781349 -0.124844466630121 -0.11880517986407 -0.109277683327927 -0.169072918334575 -0.237510064009633 -0.286858048172586 -0.186592281866431 -0.22251737276179 -0.2051548814531 -0.141645926215397 -0.112285829661185 -0.0679961204871813 -0.0925245784929464 -0.0875287413089256 -0.0720120542625189 -0.0632407010749196 -0.0402450872631665 -0.0153567773222384 0.000754519016428451 -0.00510091772310195 -0.00691524456909337 -0.0103996001229896 -0.0643278768269968 -0.299071804239882 -0.388828786744413 -0.529674226548159 -0.631949617695588 -3.4e+38
1.44583073729815 1.55566182518535 0.0830775017645238 1.36079362021873 1.06282666679624 0.861107868383685 0.757212910255253 0.749894504840917 0.763983826271135 0.798909111949301 0.66146425583356 0.577534475932921 0.556802380249305 0.593067917373676 0.594635650167456 0.597737433713839 0.537692389574207 -0.152265465321819 -0.167827326263171 -0.178950364095279 -0.225341362368385 -0.138947210495061 -0.160520867407179 -0.147118068653251 -0.0621751221985875 -0.120967990954049 -0.151900908677884 -0.260726050306241 -0.191293982028216 -0.17591956288671 -0.209337745849012 -0.171576254587851 -0.120868245589966 -0.13471459847942 -0.096580864989123 -0.0998679588777336 -0.0779153342731501 -0.0866396162261121 -0.0606006311806236 -0.0481889346013461 -0.045026604688828 -0.0299701440969257 -0.0122792922582432 -0.0172486788249163 -0.0190283809220833 -0.0900587720164439 -0.255874512357045 -0.314358302647031 -0.448039155182798 -0.571703700175698 -3.4e+38
1.08534068778257 1.12699627851236 1.4368395323039 1.52265372506838 1.30239923140457 1.08491629290706 0.842238202462986 0.735484089649321 0.701290990822382 0.801905077593978 0.698937381124429 0.6035503960817 0.574906993757643 0.646028599409572 0.635156877980805 0.67272774886795 0.56955057470218 0.60819469804511 -0.156951218219974 -0.178341078121076 -0.120472098052265 -0.166415161491886 -0.1465996067705 -0.14441759788988 -0.142467075136839 -0.220343442689397 -0.178251838114815 -0.19470421917641 -0.176244222220927 -0.152125344190538 -0.193081791523095 -0.171249951886525 -0.156825124195712 -0.109927836146454 -0.0587230478355842 -0.0524301959878279 -0.0857350204634987 -0.0731566672586945 -0.0627520864357427 -0.0736361760140773 -0.0732530062642459 -0.0584871174141948 -0.036937314752096 -0.0268518552037689 -0.0317768526307031 -0.0744843190435057 -0.12073454512316 -0.319858272257921 -0.422338146788429 -0.596176616494987 -3.4e+38
0.95493269068569 1.22384562202348 1.39518342883889 1.28479462440443 1.25355046681668 1.23783823423315 1.06627338259538 0.849394343842438 0.778593402745575 0.737088093075506 0.671362493627855 0.649886245852256 0.639533652664264 0.675492268132975 0.681511935761563 0.687338752549037 0.662273451180955 0.645064083169617 0.653175902126406 0.647063317858298 -0.154313999415614 -0.184233234071881 -0.135000751972822 -0.197674974575607 -0.170573361573714 -0.234925551651642 -0.190514815885157 -0.183224701979127 -0.132418073696763 -0.126853919169544 -0.173022060380248 -0.163436024000207 -0.137498203809394 -0.128499856400133 -0.0941354528193834 -0.0793165769376968 -0.116868404047818 -0.0860034987392143 -0.0707677941469481 -0.0912544151355153 -0.108306281878461 -0.0623886187094176 0.789646651595494 -0.0496586920641379 -0.0196558509652009 -0.0677828006177623 -0.105306353429986 -0.143315637441314 -0.174479425763603 -0.200028668896578 -3.4e+38
-3.4e+38 1.0461913831335 1.1379889749182 1.10054193895221 0.95655411559091 0.84156438582752 1.04697332634045 0.918385023744687 0.875499568736543 0.834290722924299 0.769867180727122 0.767101696166241 0.75705352838195 0.75958868212096 0.753122356495964 0.719688886217766 0.748167206208789 0.743136094591494 0.729689014583324 0.713804224709072 0.724150137519807 -0.0879357597929191 -0.123484201457 0.542827564038405 -0.244357211872611 -0.238177932581619 -0.217125405966327 -0.211650318826426 -0.181534302253252 -0.110627625594703 -0.146539531702289 -0.128585794793134 -0.120446806194051 -0.118710894636934 -0.0953078211709443 -0.0889290478024828 -0.0739428673993131 -0.0801954731866172 -0.102859303933205 -0.111305889110676 -0.121874837232032 0.592511521358834 0.625881038826586 0.858508070278005 -0.0479956634097186 -0.0805100565409471 -0.110500404300746 -0.134741778033423 -0.176095644829039 -0.227583665420639 -3.4e+38
-3.4e+38 -3.4e+38 -3.4e+38 -3.4e+38 -3.4e+38 -3.4e+38 -3.4e+38 -3.4e+38 -0.0653204818892814 0.805997824378416 0.876527336043161 0.935705245504389 0.882830743473879 0.828927188202726 0.808835131695604 0.841964740977332 0.834884446805278 0.844072328267857 0.822678025864639 0.377588069395596 0.763334374697956 0.752392008928449 0.697599687933241 0.548236005560966 0.471506082581504 -0.279586247360736 -0.278610752676485 -0.273613018457319 -0.192981768287289 0.219999823058039 -0.108652380170527 -0.144270788072977 -0.127393188083139 -0.0974421556689885 -0.0814355508777857 -0.065851348159727 -0.0803306113902706 -0.0933210538147681 -0.116563432090815 -0.116412407648001 0.548372979737896 0.591897350940285 0.620488800722636 0.869477308490686 -0.0597718190425981 -0.0878607047351748 -0.115127648884446 -0.128940078418317 -0.207023861804431 -3.4e+38 -3.4e+38
-3.4e+38 -3.4e+38 -3.4e+38 -3.4e+38 -3.4e+38 -3.4e+38 -3.4e+38 -3.4e+38 -3.4e+38 -3.4e+38 0.8549272001104 0.868401072072405 0.934362770299335 0.893531997453904 0.94471053874473 0.92391064665216 0.959185295929076 0.929173746319735 0.443679460014829 0.384617570432709 0.786726997717886 0.73760178580927 0.655854283274315 0.0941810176564735 0.462627606415178 0.346114516752515 0.315961423732122 0.249315464601085 -0.262449337451925 0.147146458595088 -0.171872817386458 -0.174359480469482 -0.130435190226931 -0.090907719252693 -0.0970753827881077 -0.0632602972798523 -0.081134651781952 -0.0928224817254572 -0.0910192301024825 -0.113088388884525 0.602313217087536 0.636680877221889 0.658890580079476 0.84703695022371 0.868329665697751 0.86074176363408 -0.0735400433341694 -0.178998229716791 -0.214896100142985 -3.4e+38 -3.4e+38
-3.4e+38 -3.4e+38 -3.4e+38 -3.4e+38 -3.4e+38 -3.4e+38 -3.4e+38 -3.4e+38 -3.4e+38 -3.4e+38 -3.4e+38 0.821252670467889 0.87899359374227 0.944547657975492 0.944537334248957 0.906255826552107 0.935018825587935 0.943447672256749 0.88733272967837 0.379939555239551 0.335138029382143 0.287888579105747 0.183406884093423 -0.423785321359608 -0.454072833873152 -0.0263300067230961 0.27708263221516 0.217717037589548 0.131289404009049 -0.305558787319624 -0.232621375120713 -0.201064657973612 -0.157941148952644 -0.118710847921915 -0.0789853688235663 -0.0879846582791345 -0.0746747297836594 -0.0925515221674134 0.722292650387387 -0.105450979967943 0.634865952642563 0.635682999455264 0.653767301879476 0.860891840936788 0.851374287170331 0.835788263464489 -0.11699198376452 -0.192695001940325 -0.199140833033476 -3.4e+38 -3.4e+38
