data/pcas/pcas_can_126/pca_referenceLayers_can_126/PC09.asc
NCOLS 494 
NROWS 529 
XLLCORNER -117.166666666667 
YLLCORNER -55.5 
CELLSIZE 0.166666666666667 
NODATA_value -3.4e+38 
[rows 253 to 275 of 529, columns 357 to 407 of 494]
-0.549143973761424 -0.559040733640622 -0.576190567073508 -0.594112356560294 -0.626231195156928 -0.656450506631873 -0.67105798635291 -0.690118748878175 -0.713345935084021 -0.716621472981141 -0.737259726704608 -0.754441366664355 -0.733296420000338 -0.729496908212639 -0.733127311401018 -0.743748694503884 -0.752869025148393 -0.777715861924506 -0.791168345560661 -0.805463435669171 -0.818121259997137 -0.832472312943709 -0.821152448932132 -0.80715813261573 -0.799897407635002 -1.24842663593138 -1.23992624800021 -1.24153434175864 -1.23887227392903 -1.24087988985591 -1.24460070510365 -1.24612261580378 -1.24573283472835 -1.24584676901552 -1.24047414430502 -1.23974688062754 -0.977515267466358 -0.986525878959006 -0.987690630360407 -0.976085406662086 -0.97442066015222 -0.991210737033177 -0.984844130176442 -0.981467118857619 -1.20354371819241 -1.20167837390709 -0.950920106325863 -1.16712695631205 -1.15506303610843 -1.13986101813364 -1.13205451089922
-0.573809395364498 -0.591272889743164 -0.616047429399977 -0.64229946488161 -0.66378304012437 -0.690237273523883 -0.696414043861368 -0.713440930325466 -0.735433752798943 -0.745891930280279 -0.746785358104905 -0.719106405417125 -0.692412057037046 -0.692998111246949 -0.703040686162162 -0.718254978664619 -0.720652601610017 -0.754001881134782 -0.777712137743048 -0.794534643221651 -0.814618190364537 -0.824552938958692 -0.825046064615714 -0.802525752406202 -0.790637636668939 -0.791281585550193 -0.790868766320093 -1.26324236422531 -1.26777302579714 -1.2608586912505 -1.25994308316408 -1.24938983656317 -1.24679420530955 -1.24897160552727 -0.960568423867252 -0.977412088159363 -0.979664635333081 -0.977593875488362 -0.982953323986015 -0.977088842950108 -0.983716288283605 -0.994340080000685 -0.986174716257895 -0.982060787810406 -0.979539470049292 -1.20178945706354 -0.951416488776323 -0.935978166302977 -1.15466848389107 -1.14342330376651 -1.13200143354856
-0.611141679785113 -0.632490305171071 -0.659563283984739 -0.684894231175007 -0.699994341176626 -0.712254728179922 -0.724387254520269 -0.74660302372049 -0.753504139361758 -0.735996417926443 -0.707968901808745 -0.676420057633283 -0.647167541954 -0.640991618332454 -0.65185311645635 -0.66880292616148 -0.703388664417228 -0.730075043057205 -0.758456921900219 -0.784276170146307 -0.810064503630597 -0.818992260246519 -0.805426323614656 -0.799627508283934 -0.785680234550321 -0.789018692545741 -1.27959200656988 -1.27864727280295 -1.27590647425886 -1.2753491255381 -1.26862608345863 -1.25355814064459 -1.25207309926373 -0.965142048778749 -0.964387341206502 -0.966472390951476 -0.977591136061713 -0.980981322296345 -0.976435568142427 -0.975823297535739 -0.983586256974062 -0.988775376217415 -0.996156830518034 -0.990565737159725 -0.990285516219496 -1.21598698001251 -0.958927923751632 -0.941828336945563 -1.16529654610982 -0.910688685564446 -1.12669367857898
-0.643030040917144 -0.664266528045165 -0.693923510366264 -0.708330229935097 -0.720868548522218 -0.729176217346782 -0.749372799653858 -0.750685545933957 -0.731479392521347 -0.70399084009399 -0.673060927314187 -0.640051250982013 -0.608824986159359 -0.60645492912218 -0.628352883408728 -0.661373556405326 -0.680026275824492 -0.717710746631602 -0.748805416735777 -0.779765647045091 -0.790984069649026 -0.809592607092651 -0.798804848678496 -0.781940692161904 -0.784376700578775 -1.30895900503093 -1.30971921037495 -1.30639819189274 -1.30229770541603 -1.28486888569086 -1.279107701206 -1.26804906462185 -0.95568452756086 -1.25549648781367 -0.958390615495638 -0.963519814365121 -0.570827488063778 -0.968666737420557 -0.577659765969319 -0.97605786871698 -0.984607004664038 -0.985876462699104 -0.986990059206058 -0.984976477177498 -0.976375014624713 -0.974234048229974 -0.966950419790976 0.00452845222125164 0.0188933756589071 0.0329245138312488 0.0341750893039161
-0.683949939502965 -0.708579011766263 -0.718753659146263 -0.736110278439109 -0.738502566415207 -0.746370577333137 -0.748061641353211 -0.732266141788208 -0.711987840658407 -0.686165532070365 -0.659068673772667 -0.632212575458184 -0.599967568362513 -0.594855360318327 -0.624475088030124 -0.652769467090489 -0.685174629688626 -0.716361970165382 -0.743504366458417 -0.760010867711179 -0.782013460680089 -0.789580933966834 -0.784827648092743 -0.783493092712082 -0.7783155722313 -1.33388404220966 -1.32411965879882 -1.31569540287146 -1.30991766099368 -1.28278045196048 -0.508695459537349 -0.948647402129202 -0.532459245627287 -0.550243586451726 -0.555819013624254 -0.559665033780809 -0.570354449538834 -0.577791382953615 -0.584933551315593 -0.594593535806223 -0.598972313951536 -0.984380254136579 -0.60788527823352 -0.0330388180069311 0.0104355669042989 -0.0174728690875225 -0.0314559034293647 -0.010688945179767 -0.000300422920492427 0.0235300595003813 0.0356642026708625
-0.690896588375316 -0.707959539879916 -0.731458824320544 -0.733409586824484 -0.73441057507522 -0.728436172057875 -0.723851913773035 -0.707535323686884 -0.692667647021661 -0.667191449646414 -0.653276156802755 -0.620269479628498 -0.610289169910387 -0.610259300151834 -0.630485109410742 -0.657498145347207 -0.68324299404995 -0.708300280112799 -0.729382335549134 -0.75074596325131 -0.763437018209205 -0.764601592357916 -0.765204452494481 -1.34570536394468 -1.34872402129371 -1.33760175759289 -1.33127118683517 -1.32751855311162 -1.30929950105181 -0.497115323045622 -0.504837161315921 -0.511942154522276 -0.536229279531151 -0.547253780660642 -0.553017524737548 -0.564401756535509 -0.57691889988928 -0.581606790886671 -0.58981195806777 -0.598777168366516 -0.607513557438824 -0.615530911931126 -0.611466272292163 -0.048901883613256 -0.0356501942651372 0.00507900295386032 -0.0307411820768734 -0.0198690896615073 -0.00783627586460289 0.00521798499359294 0.0213125318501162
-0.659103101688497 -0.671391574502822 -0.687392411291223 -0.70355124438911 -0.697738034749315 -0.698507595856531 -0.697763896883546 -0.691500153649078 -0.668059968353536 -0.652668069644749 -0.640558097010687 -0.630804088701993 -0.621232217580232 -0.624652138466726 -0.642174428914269 -0.668765165745809 -0.698568278577512 -0.710970933958044 -0.722510487746861 -0.728115084492748 -0.734893568511752 -0.742082737632517 -0.736781347410847 -1.3368532669939 -1.34585609416968 -1.3290190240765 -1.32658103979445 -1.31755147916702 -1.30179639272835 -0.491824098809845 -0.492990522014214 -0.496195578940728 -0.529508097707347 -0.546161456831495 -0.553547258529072 -0.561317256409904 -0.578181241344002 -0.591302090642532 -0.601428541976091 -0.605996847312712 -0.609609575480305 -0.035352168466114 -0.0663928502340265 -0.048107291912147 -0.0351540108381871 -0.000882469771129268 -0.0432958740902599 -0.0302050894532048 -0.0177825958014913 -0.00194680260425539 0.0100695420674551
-0.619279974545868 -0.629684954781136 -0.65124506561676 -0.66016792606359 -0.657982827526321 -0.660846498612681 -0.663136895833587 -0.659197702049654 -0.657106814076014 -0.64457143305065 -0.646078339808137 -0.635619328175834 -0.624820174887053 -0.634309117721086 -0.649667283133293 -0.674649272545809 -0.695219382205258 -0.714266328103366 -0.706091102917965 -0.701568087100788 -0.700856332497281 -0.702572222834548 -1.29809096919589 -1.31722231569481 -1.31611466017717 -1.31332069111118 -1.30621952826848 -1.30586701669093 -1.2922005000486 -0.487202915022599 -0.501603322365637 -0.498880980920131 -0.521431201425722 -0.537176291162755 -0.544850482619176 -0.559003833308846 -0.56368257360078 -0.576248718076506 -0.590813845377864 -0.055560460266074 -0.0644262029287147 -0.0628676935046226 -0.0778272448153078 -0.0627190551916857 -0.0249694234385639 -0.0229196732377789 -0.0202501783104769 -0.0162557055065766 -0.0181795486263032 -0.00415909223984923 0.00259936949273354
-0.567327222313377 -0.586570995162592 -0.601168524249598 -0.615636993586962 -0.631631400876098 -0.641304106133906 -0.642709976452738 -0.651741784642283 -0.644804484271304 -0.636615165470902 -0.638391637484085 -0.638891319119626 -0.636189871047227 -0.650906613406616 -0.664776643276985 -0.683234968664928 -0.703288904804116 -0.715907972829047 -0.69300572325309 -0.67683349351328 -0.677238334837424 -1.26801053965906 -1.28056986208725 -1.28474117709775 -1.2914635930866 -1.29041825638731 -0.0193683996300578 -0.034749936078747 -0.0407431338008398 -0.0414172665554189 -0.493913748477718 -0.520099080841327 -0.523803264529029 -0.53200194649202 -0.539796401754011 -0.0129206007371833 -0.0303225163681612 -0.0455942711574245 -0.0650827602338648 -0.0730589184455868 -0.07750658559585 -0.0818774752576461 -0.0896877454527892 -0.0501071956511162 -0.0521967489141668 -0.0380818118864668 -0.0349865322941268 -0.025838265764229 -0.00566852805235263 -0.0175217239093503 -0.0021772035181733
-0.511046943926605 -0.529436962968692 -0.551794600463891 -0.57254335454954 -0.604431602338645 -0.61720974688861 -0.630745737635333 -0.635232660531529 -0.627357443714585 -0.62880386236059 -0.621655381026715 -0.620532846123706 -0.623589990118145 -0.638316741388856 -0.653213237772388 -0.677661423255594 -0.702659840191638 -0.707127461282442 -0.68464106460702 -0.662563930575455 -0.652983737785718 -1.24733807310972 -1.25900528891472 -1.25712687175471 0.00436326742288629 -0.00441556243855457 -0.0184764851354446 -0.0412947680087609 0.122786928859072 -0.0600143071119157 -0.0729053380531737 0.0563838225323143 0.0264459807929552 0.00381977728886762 -0.00981751633074562 -0.0321272692246671 -0.0481593871454766 -0.0639461310497057 -0.0771332995175206 -0.0840245635291176 -0.0844278185973626 -0.0699682213341967 -0.0932226910619017 -0.0595519024050544 -0.0644428178397239 -0.0426539462344653 -0.0393028238353055 -0.029272600292065 -0.0147138341447334 -0.0227780989576412 -0.0184952874637343
-0.464145079154809 -0.182338066022946 -0.516695681011443 -0.555189355472529 -0.582104205656172 -0.605079751681777 -0.619831819544842 -0.623726214617502 -0.608229406679067 -0.618082841067661 -0.611079857736156 -0.610401681158314 -0.617153278774696 -0.631834999040949 -0.642121151436546 -0.660881743874869 -0.675197562095241 -0.678361591875388 -0.676573311751119 -0.646043952975083 -1.22425877074019 -1.2272064720183 -0.0139008088734083 -0.00167981485417545 0.175324023345387 0.168882086172181 0.157433220810456 0.132863228190301 0.10983840770758 0.101207997326036 0.0843825667379748 0.0619078033987606 0.0287427943600319 0.00595516030174958 -0.0100228707630852 -0.0400844663466274 -0.0670107871214649 -0.0704630375541385 -0.0950165936651317 -0.103243903023183 -0.104407768411769 -0.0874089546641043 -0.0739423663021154 -0.0682896782418589 -0.0662991136853291 -0.0535370671969377 -0.049031029395516 -0.0401862928792758 -0.011128910929702 -0.0287523608813752 -0.0184886640260686
-0.475273814219858 -0.488595579938298 -0.510041781107126 -0.540635408063051 -0.570898123000689 -0.598916351996991 -0.616806128101916 -0.618554248184257 -0.61460375737264 -0.597887997799643 -0.587799671905362 -0.584945118722476 -0.599431435630017 -0.625422738439931 -0.635037513604214 -0.639490409959707 -0.642333340723622 -0.646379516408293 -1.24434297348427 -0.627931802117437 -1.22503856254181 0.168878550778739 0.17101605359698 0.163718393738945 0.171018119443112 0.160684852260557 0.147836764039974 0.126218081882414 0.106993037955787 0.0910519942419671 0.0743851999313617 0.0488177300878241 0.0166193943296669 -0.00379094136504599 -0.0356533210179883 -0.0568085222835835 -0.0807492131822967 -0.0928944528800963 -0.0966206904172366 -0.109659918843665 -0.094059533365626 -0.0963815654497986 -0.088750125110771 -0.0760410514621163 -0.0808137320244913 -0.0603525388192058 -0.0507248381290305 -0.0447369465735387 -0.05101008031428 -0.0356522798825932 -0.0242358976115177
1.01348690730586 1.00631495384311 0.980924761569675 0.946433491361281 0.894265431972451 0.857663318799038 -0.62247336080964 -0.623609558250826 -0.609922963557653 -0.595178788350623 -0.573774476166645 -0.55608027215331 -0.586147023285494 -0.624897996849235 -0.62552932156093 -0.613532035021634 -0.608607514521026 -1.21914607299009 0.098647976949392 0.122122608587562 0.128037503873741 0.135182745262508 0.152563943801624 0.151658072061874 0.156096080163932 0.149125356286981 0.135167508433035 0.119264804857951 0.0976156208911278 0.08474045256901 0.062711290086186 0.0389817987870587 0.0143490088576884 -0.00414795500909065 -0.0460624865586031 -0.071039373702823 -0.0928149407354919 -0.100131128891124 -0.10709046143934 -0.115835977704459 -0.120437042160829 -0.108337531107118 -0.116185679315742 -0.0830640078875843 -0.0788053961224351 -0.0758807959065768 -0.0651376827142347 -0.0551073088669916 -0.059147977881488 -0.0444504561429259 -0.0286316552437925
1.01236812110784 1.00397782959114 0.993389142239914 0.965483566534227 0.935057318627882 0.897802515100964 0.870657655735991 0.835165949835404 0.809761796899327 -0.596446574440978 -0.575079482678168 -0.558073338611115 -0.585958555502167 -0.609612135007797 -0.597925248382116 0.706173974281638 0.0894040227553752 0.0861916119328611 0.0952222919294636 0.109243266622663 0.115133612654639 0.134591603940178 0.138857426303704 0.142708391116032 0.150802280752273 0.148050168353088 0.134995969073231 0.118446171380347 0.0931464278144608 0.0828263614398883 0.0512730018350069 0.0308835214206051 0.0012781070712819 -0.00673118820896307 -0.0418945977133149 -0.0803948772447716 -0.0993586577413534 -0.111607730495644 -0.115221671611698 -0.110156435505434 -0.105656384870744 -0.117352238071176 -0.110811684708421 -0.0894444754374961 -0.0809689911910164 -0.0787579584946678 -0.0739433916387688 -0.0604677261432289 -0.0555473289034906 -0.0259893207780716 0.562195686538265
1.01417599261652 1.00591994554421 0.998088716765552 0.972467403729082 0.958398138575395 0.959050318133836 0.968256228986178 0.930586674319353 0.870447976734066 0.836813007693178 0.810331004331388 -0.564600932795369 0.759833119585646 0.750711534788137 0.736043188912055 0.118224555036444 0.109505184203233 0.109513080795135 0.114910468303629 0.108534864452223 0.113378094852878 0.13128301702587 0.134411443110869 0.141642466248131 0.150339953826501 0.148534244572209 0.135946023810399 0.110988671538354 0.107114850628373 0.0758382054074382 0.0531815914916067 0.029692836714664 0.00588828696992305 -0.0171446578921589 -0.0637464326039668 -0.0767565203576485 -0.0998826806265071 -0.118354244362411 -0.107657118416835 -0.11733335520014 -0.118261225724378 -0.111585027413872 -0.113067665285152 -0.0991006498739184 -0.0947932209106914 -0.0866982134114679 -0.0837491470182994 -0.0695877993805538 -0.048557725665518 -0.0594411591249925 0.568839175825145
1.0123533952859 1.01796813450341 0.999715330052678 0.993181741113486 1.00166189588394 0.451677853811955 0.489644305141742 0.47279152301147 0.949150792170313 0.887999793265033 0.856910984823023 0.842704140150177 0.8118070201247 0.790613687594808 0.154928133858096 0.132536968420543 0.125456022015762 0.111438528429191 0.115421385019223 0.118334045404775 0.119912703550769 0.118529325889994 0.122130896795498 0.134689996171842 0.139087592295905 0.136351146877318 0.129270777437854 0.105895971146942 0.101717799441971 0.072905134625348 0.0560796476686627 0.0497285334750244 0.0122386115759084 -0.0308492423678165 -0.0526639280829229 -0.0590879883685899 -0.0747668063877547 -0.0967251188662258 -0.102232130946344 -0.103366895282313 -0.116296519805054 -0.104171831214931 -0.107252626852702 -0.100603296944077 -0.10175703741409 -0.0976663522828521 -0.08727346401072 -0.0685781811341609 -0.086370421364811 -0.0665823793471598 0.564637118632266
1.00947541922597 1.01170133828958 1.00883803313069 1.00126725204055 0.441733055989843 0.49867764364714 0.545129447992249 0.515650101816578 0.995684899326409 0.932508853361498 0.290628650035565 0.882569909094344 0.848433243801111 0.191284382028219 0.170846950948139 0.150760778408225 0.132585724654773 0.129093281541684 0.12999655523919 0.122817158341426 0.1217685651165 0.118611204559715 0.118603869414951 0.117375441866202 0.120629742240484 0.122120764743765 0.117143308882015 0.0985183285637539 0.0851499364196213 0.0668013497619964 0.0448040006633372 0.0325711978957077 0.00177456198308817 -0.0295920539628453 -0.0356806012414133 -0.0367218601668081 -0.0536026888468785 -0.0739973188189059 -0.0910670410235721 -0.0770340581239741 -0.0940588352114196 -0.0968314282155925 -0.104150891405593 -0.103812337103811 -0.104937332129232 -0.102138900190171 -0.0855361263156718 -0.073900379923167 -0.0568598688170942 -0.0808444337376769 0.587550630266829
0.994672312150436 1.00213475293923 1.01436482327918 1.00384149800426 0.423253444596987 0.47544468219808 0.474696550031772 0.443345718901196 0.397114943109838 0.346918578327095 0.951016379495385 0.280120915460751 0.244253792405589 0.215415786805793 0.184637239075548 0.162399588423371 0.15613288632947 0.144028728906376 0.134027216282982 0.12702711905179 0.129183104849768 0.125983107604201 0.117933166342565 0.115437214101721 0.105701155955147 0.0999443307787081 0.099576136149816 0.0851894009026067 0.0763480819850562 0.0637389992242634 0.055048719373371 0.0411377221498407 0.0160970192531377 -0.00977745570833044 -0.0151090687058617 -0.0182438142705562 -0.0431132986948092 -0.0598937475180142 -0.079751112739485 -0.0715779973596652 -0.0806474965090379 -0.094351107095075 -0.101173603173882 -0.0985846597587141 -0.107357771185764 -0.104627693799057 -0.100686661688844 -0.0886400989701087 -0.0699885251615632 0.563480802493238 0.573439928108815
0.98796803761066 0.993877605417861 1.00703392886401 0.376376842453785 0.389308408618597 1.03945412641837 0.437787881349526 0.393997440663963 0.37920168540216 0.339982352794743 0.991832081140412 0.296338259065857 0.926039481654241 0.232185194345162 0.189817565637174 0.174553999709018 0.156258270995378 0.150281522942079 0.139087879812894 0.13050431292006 0.127736878058425 0.124752403475489 0.117979523073451 0.113280042475966 0.111751982517018 0.10398892689388 0.0946828539560072 0.0832875383019444 0.0715952963424422 0.0632385740708434 0.0605089966926318 0.0493914205583141 0.0347544575273381 0.00719508556743376 -0.00999478950212807 -0.0133939135186483 -0.0412465991112749 -0.0552242345646312 -0.0718081367429398 -0.0883207960353665 -0.0803731933729179 -0.0904599308414878 -0.0988630120176535 -0.103360678658619 -0.100493100912967 -0.104422616945144 -0.104949002589279 -0.097002755988909 -0.0842019279305397 -0.0772310334730064 0.557455356687101
0.976463324480105 0.978351332352712 0.99836599377418 1.00457069647073 0.361127515885411 0.368491563778751 0.379149459022096 1.02495988339585 1.04277756030715 1.02754996201621 1.01536827259692 0.307639085716538 0.279170600652215 0.247195168174445 0.192455095952146 0.185663607069962 0.166919818493339 0.158272268678256 0.14055876918081 0.133726258025293 0.128676918719073 0.119598219834317 0.117848605783392 0.120250813970338 0.120830024520815 0.110753173071993 0.0965159722780085 0.0827087170618041 0.0762088217144178 0.0636129205450468 0.0674300311940668 0.0528466980482226 0.0396422581893774 0.0171902812694191 0.000879533436926039 -0.00453317498741346 -0.0296365257865799 -0.0443270297439762 -0.0690128889133355 -0.0865047760796958 -0.0746289882867838 -0.0884202153794079 -0.101467806221686 -0.0984617319701654 -0.0919399342141966 -0.100050436599369 -0.105835422253388 -0.105829638670939 -0.0961975810087767 -0.086738535791987 0.513405716605713
0.969106495812822 0.979000921075847 0.976990115980803 0.351927445126443 0.353639576898871 0.354035976638294 0.345029951718566 0.37089381446378 1.05312062958183 1.06078927664587 1.04705194547416 0.316020745495644 0.286357625532325 0.244314197096325 0.213255888111151 0.190494856654949 0.178536235673696 0.158483178475667 0.146296503817741 0.133686441179033 0.137027600673961 0.12598769946809 0.12585607306428 0.125230013244812 0.120332413882999 0.112191746282596 0.108659438464522 0.0955820447389151 0.0770459584736858 0.0692147923230635 0.0663009414617778 0.0537007217443304 0.0397743727050847 0.0362415249336565 0.012976250400613 0.00140808535534998 -0.0225485342152691 -0.0466777294053764 -0.0604381220152903 -0.0901332793758449 -0.0963117021736686 -0.0874897360529471 -0.103738050281498 -0.098044390475666 -0.127918167803621 -0.103182535922729 -0.132629629374811 -0.134344972136361 -0.131395022846887 0.500481250507783 0.501062994281876
0.958303114775936 0.960599114433017 0.327001813769686 0.331206840674724 0.325272479836993 0.317378964450749 0.324465916968985 0.317591676215112 0.33053537456264 1.07298617652148 0.36091727809017 0.307953269894744 0.27600118220561 0.255711061447358 0.228053145159805 0.18756824553543 0.17693233717666 0.157544044913005 0.142747588119226 0.138773086451929 0.136461356733216 0.143147275723563 0.13148226067166 0.13357746353153 0.138411752482485 0.127018313024634 0.121110605382224 0.109602871282166 0.0897197580555736 0.0809658640092933 0.0680175776894175 0.0646319432426776 0.0576704742855979 0.0458880303961718 0.0304479600627316 -0.00154916652169157 -0.0290084079630558 -0.0445370619940618 -0.0757808432626208 -0.0629991861610502 -0.102936239671372 -0.0904192349597523 -0.111203571703779 -0.0972808664410424 -0.131578684498633 -0.135241655717733 -0.137864355550117 -0.140364010879559 -0.136554025919462 0.487095798596673 0.490650809630602
0.942442245907635 0.945468425627728 0.302138384377911 0.298662854978801 0.301194979789014 0.293828563915614 0.285940654949797 0.299736698474985 0.295342620764683 1.03143396656945 0.329828221134841 0.294599148298859 0.23842027600906 0.239878510458529 0.224562985344198 0.192508666356906 0.170867315000623 0.154888064054817 0.146887761482843 0.133325443564999 0.135250409847705 0.133444674423285 0.13376754370959 0.133865470390417 0.130414217679847 0.134123120001019 0.130870824417675 0.122474135313497 0.0949703205040672 0.0877821638506686 0.0777090041038035 0.0748607269028427 0.0677354334805763 0.0543936861665001 0.0299362854173187 -0.0102860864692021 -0.0319584365849899 -0.0516878777315708 -0.0842540709326652 -0.084176455680358 -0.103534537747439 -0.122557002390593 -0.116096490590408 -0.106166580241135 -0.136418225689897 -0.144193933218217 -0.141594483903224 -0.146856442119505 -0.141015943163376 0.479288925408048 0.475847316350736
