data/pcas/pcas_can_126/pca_referenceLayers_can_126/PC09.asc
NCOLS 494 
NROWS 529 
XLLCORNER -117.166666666667 
YLLCORNER -55.5 
CELLSIZE 0.166666666666667 
NODATA_value -3.4e+38 
[rows 345 to 367 of 529, columns 306 to 356 of 494]
-0.0438502690966541 0.0323659497782474 -0.0581038991398287 -0.120135684241171 -0.1079819039679 -0.119616405553866 -0.098426414496718 -0.0860845118922576 -0.190491051593524 -0.087132117145832 -0.0725984150205623 -0.0653053818961914 -0.0751453373895475 -0.0778403115597893 -0.0834900717256741 -0.0823899103247328 -0.0832334882341185 -0.0813271444536108 -0.0745776554901142 -0.0706035755924869 -0.0647711015108824 -0.0544653826509347 -0.0476653071259364 -0.0377585051338082 -0.15400501305765 -0.150069184093818 -0.144986000455808 -0.1418730889913 -0.125710465224912 -0.109913313934325 -0.0674569905373416 -0.0549123850365919 -0.0440593358742987 -0.0351705364671905 -0.01847557613837 0.00985636421280511 0.0281522582933054 0.0422754725411655 0.0498552433923103 0.0652394777565868 0.0710420061568848 0.0710558987523929 0.0760942718158676 -0.0284979686856521 -0.0482860405894658 -0.0650938527272256 -0.190023908942631 -0.109847737068517 -0.164018064519503 -0.177088983023964 -0.153556101029014
-0.0547157097898154 0.0126179214317431 -0.0462063459580991 -0.133098284211169 -0.140455791622869 -0.131151743996789 -0.109882956448822 -0.109864309288668 -0.0994540399109295 -0.0834077288650387 -0.0877680451912469 -0.0835393492639442 -0.193563767729886 -0.191952481356482 -0.186912614425962 -0.0877289200541966 -0.085512139105465 -0.078741052215185 -0.0728173425585484 -0.070498882797604 -0.0626519521902417 -0.0557933230859848 -0.0501321334857741 -0.0673613348501483 -0.153398250865478 -0.141389562516331 -0.142401391950434 -0.130805242704766 -0.119214289986375 -0.101687997227284 -0.0567683500984695 -0.0480599781935541 -0.0356828009166704 -0.0230342462348895 -0.00432296935669207 0.0105053524332667 0.0280264711575067 0.04887708256837 0.0579720253628656 0.0579593646179757 0.0653804224995643 0.0684771983846856 0.0605234526273903 0.0571115566378538 -0.0518428968204953 -0.0731559208023362 -0.0682818023003866 -0.0647981828456047 -0.142041073971037 -0.159741181632647 -0.173295275449078
-0.0633518142141453 -0.0125575490113207 -0.067293404186652 -0.148295891429787 -0.158287320745208 -0.142109273196039 -0.134117088815547 -0.111805801311633 -0.19263813110541 -0.0979599075574008 -0.0956271486322599 -0.196137265503006 -0.191542112719043 -0.185636835428293 -0.193868555496622 -0.192288341671407 -0.182951017080847 -0.0799426846028348 -0.0738266505043638 -0.0711527531725551 -0.061054382342833 -0.0577840385975519 -0.0496757223773662 -0.044728502468586 -0.0625347926156131 -0.141767964759416 -0.133439044609764 -0.118619851688289 -0.106139790628345 -0.0551517346443194 -0.0453288058339733 -0.0365448052449318 -0.0226994201895924 -0.0118709256527411 0.00385672073012805 0.0214019259290758 0.0334176810155887 0.0498424448759075 0.0617156107932872 0.0603409395564715 0.0593361529137318 0.0584500815242071 0.0630596480207465 0.0629519153646702 0.0510033867974969 0.0424487362730636 0.0407355043841484 0.0356691382096804 -0.0245038393472334 -0.0674614123791507 -0.0928584681096894
-0.0603959500068203 -0.0383019973309389 -0.077362085921846 -0.165900852853598 -0.158079704877966 -0.115706230148784 -0.13784894077997 -0.177228319473058 -0.172150938419158 -0.173985427499105 -0.18862745277667 -0.197238068593116 -0.194054272985575 -0.19290254683055 -0.185244477998225 -0.186472149100802 -0.0948700079915296 -0.081995565090326 -0.0797689373729698 -0.069646038664958 -0.0653520566023592 -0.0535330962350735 -0.0502796765994261 -0.0481305634774959 -0.0660086809854494 -0.137860290729571 -0.13194338573914 -0.114367856611501 -0.100431031782291 -0.0421102717128852 -0.0371211436375344 -0.0283001233991469 -0.0150456675464566 -0.00141089249535015 0.00750841918812017 0.0219250677522799 0.0348393950244532 0.0510666883292519 0.0546320622609342 0.0564940389094066 0.0697507542211427 0.0709468772536209 0.0677774950729691 0.0353668736443252 0.0221704945690504 0.0234032449865316 0.0093186964060597 -0.00088201695239204 -0.0268491264984315 -0.0621447935134509 -0.0740976121003628
-0.101981027016143 -0.0702253518746732 -0.0852531290025694 -0.158875390238989 -0.126799984486175 -0.123927444933584 -0.13901882511804 -0.1725194726107 -0.168200424862652 -0.184995646777132 -0.202065490000891 -0.200227941548855 -0.19991811383698 -0.109293580881695 -0.110370697493235 -0.0994312450006559 -0.0955989091808591 -0.0872816399789805 -0.082332321889158 -0.0700057870237042 -0.0639388543092221 -0.0538831645236864 -0.0515142802832596 -0.045872975876648 -0.0666325412955767 -0.133974204558652 -0.123252409143628 -0.103153036062505 -0.0934869234371433 -0.0781264512396071 -0.0253870500518373 -0.0163714354341519 -0.0109971038400444 0.00148601906110896 0.00932587217749786 0.0282621763429706 0.0378169885822698 0.0455682482186656 0.0611034824334026 0.062989797859353 0.044241238703868 0.046318767065983 0.0571777822508254 0.0471077787958852 0.0404232510061784 0.0298418291601469 0.0130617317569315 -0.00672021788422905 -0.0356359948801911 -0.0539147640830825 -0.0682056131000174
-0.128070879407814 -0.10508303922583 -0.0901695853202223 -0.0919874704662585 -0.12053828011276 -0.153741946060821 -0.213086660196503 -0.181756304561968 -0.175179482288856 -0.182126082454246 -0.191172314716079 -0.121452813005383 -0.118404227692458 -0.114019675139187 -0.115424675511474 -0.110312789095843 -0.101555055559142 -0.0869014077386691 -0.0776526317085401 -0.0695904877404021 -0.055481838534804 -0.0528971767246875 -0.0672727540772851 -0.0395535389925387 -0.138757375371095 -0.125556641450143 -0.11012595492207 -0.0957382348193836 -0.081686020762444 -0.0674154673766616 -0.0229704560842916 -0.00480287545795227 0.00462354113288027 0.0168509726359393 0.0193671610004356 0.0359841086857243 0.0433928940475302 0.0470626094124638 0.0480753453903808 0.0388653493647356 0.0416209173861419 0.0539985006096728 0.0502758687611231 0.0532297237859179 0.0484194555620958 0.033312706990042 0.00874261535358334 -0.0225899782786075 -0.0425562543920896 -0.0608970677062621 -0.0662797051950483
-0.0680279872982397 -0.130102186345613 -0.115167976399608 -0.0856645271133686 -0.129435165371945 -0.166758012653141 -0.157279979268087 -0.20363757494802 -0.191044844651141 -0.134460682540419 -0.142942199091085 -0.130208301799945 -0.119365400756613 -0.118956173130084 -0.120837489383787 -0.11255982512755 -0.101495024538529 -0.0885432475563532 -0.08054639839972 -0.0649406300009314 -0.0510475798064554 -0.0424492506448604 -0.0334147279121393 -0.0440309378124453 -0.12713310965394 -0.118133581465934 -0.105219119848729 -0.0889369929077651 -0.081139040444377 -0.0321730514591254 -0.0183454313228171 -0.000684867417042434 0.00874884391092556 0.0206596513307524 0.0187481106149235 0.0326684999314993 0.0427320187300025 0.0536890091259008 0.0360571092953338 0.0442507910430951 0.0424152482917312 0.0517328674392268 0.0591820422403371 0.0580059762922691 0.0518572026976369 0.0357086179413205 0.00359461821462187 -0.0316970377889944 -0.0576920014603428 -0.0598401356972313 -0.0534221465077591
-0.0142442247890173 -0.117478252504476 -0.0733781300713017 -0.120772485773006 -0.176211140962343 -0.178394671253454 -0.165667783008921 -0.121446918986143 -0.161635507928255 -0.144969407059981 -0.157055352344687 -0.133021759444147 -0.127108599198353 -0.120668240511452 -0.113658542017696 -0.102546897044419 -0.0959930022146929 -0.0801452463592472 -0.0717297234167296 -0.0614260223024234 -0.043432060300475 -0.0352102632243044 -0.0241003347893695 -0.0382333095729616 -0.116862068510494 -0.111104057516498 -0.0966036152585688 -0.0800950964766632 -0.0677677637122119 -0.0563785550335381 -0.0189027366877292 -0.00399743239151068 0.00451426994009874 0.0119796587244195 0.0136276591440571 0.0204647448447093 0.0237139612278377 0.0380273723465684 0.0309666644850851 0.035904569923523 0.0429069685284828 0.0522783147645275 0.0602681850934444 0.0680034938609656 0.0691347950312348 0.0441675542580806 0.00297379429200217 -0.0510546628736315 -0.0706312214012907 -0.0476915795914608 -0.036928611340642
0.0201509647062522 -0.0847536691491421 -0.0461796347590406 -0.108157281796942 -0.165205895593996 -0.190445613161309 -0.151279155290869 -0.190605072808068 -0.162114113593029 -0.153087827689865 -0.150438897013676 -0.361733938808231 -0.133422938848682 -0.126880246938823 -0.293575647747387 -0.101513558966674 -0.091554849911718 -0.232120364286217 -0.059017630351922 -0.0478549648446565 -0.038889085369895 -0.148029608302752 -0.0209324862344529 -0.0332407982520118 -0.029634214004852 -0.100465130655543 -0.0923445780458775 -0.0780131045945543 -0.0709171102847542 -0.0326145745633233 -0.0194885374539483 -0.0144268479094642 -0.0120386632890246 -0.00138739043593356 0.0051227516911807 0.0102006105627926 0.0118225255941478 0.00122839991512014 0.0229779139639235 0.0267376038905374 0.031263993411211 0.0455504807113429 0.0538975082580156 0.0579535772901767 0.064857556445784 0.0539377382235005 -0.001766534116876 -0.0764317362637114 -0.0642668369726402 -0.0519032571417523 -0.0438959647094014
-0.00665999957498808 -0.0546893245080434 -0.00623713063639431 -0.133301148941664 -0.147466984662393 -0.175201741304221 -0.186968526196025 -0.156565435869707 -0.173545317326191 -0.147494390555387 -0.142924773209808 -0.3544906592062 -0.338057501924593 -0.317162860476693 -0.106966146409494 -0.0973059092071997 -0.0806718787956272 -0.0706262826125533 -0.200251883030819 -0.0390060825425538 -0.153006404357054 -0.144518835821962 -0.0130416060992311 -0.0295941431815587 -0.0954108959804721 -0.0170134985193314 -0.0162470543320303 -0.051688503153098 -0.0739855560247199 -0.037255989959348 -0.0326518698663311 -0.0288779500138185 -0.0233124649240785 -0.0231844706034196 -0.0197519503754994 -0.00924642734290076 -0.0201666964825942 -0.00979890487633206 -0.00215264790696329 0.0100185676668201 0.0221902431099173 0.031308406611022 0.029636324995313 0.0353885456045335 0.0349242892280585 0.0178755611783085 -0.0145357466045921 -0.0646610929421949 -0.0785508096456728 -0.0631988526315495 -0.0570647766531602
-0.0237063271209869 -0.0307711639212518 0.0591487642186171 -0.0165052007485752 -0.111823814127086 -0.155944285920214 -0.166920836389117 -0.156835239316566 -0.156027251072055 -0.127298376508571 -0.126496452546281 -0.33565890438444 -0.325927543375672 -0.305658021024375 -0.285823166443261 -0.267428750807196 -0.0728454608468555 -0.0609609680455958 -0.0476886488700821 -0.0298882122834728 -0.0141675369833739 -0.141209955170713 -0.118464419101214 -0.000591843494158972 -0.000285081966664325 0.00722081245625517 0.00691373696739828 -0.0534094182262976 -0.0440705524425193 -0.0439518575463081 -0.0366906267830804 -0.0319005595097933 -0.0388121668344982 -0.0469834800499224 -0.0418165495240044 -0.0335840546437671 -0.0379893734123201 -0.022484876872208 -0.0127213535643977 -0.00508282580909442 0.00182170530229608 0.00277932018128585 0.00243901093233051 0.0107999559765228 0.00832658958398369 -0.00679167632954414 -0.0343772665889483 -0.0659948576865864 -0.0849616013718632 -0.093554612174094 -0.0854964241749026
-0.023431121077605 0.0214396885466948 0.0505267309234559 -0.0883030458165119 -0.162311521919649 -0.350630322410486 -0.0965735850418088 -0.0952173569373614 -0.09367997053412 -0.147726079270888 -0.370801774245442 -0.311325027604168 -0.310164919282515 -0.300142947131453 -0.27377568462796 -0.257269349259801 -0.235236678336183 -0.21350519548597 -0.189241769078917 -0.165031785201434 -0.146297009689578 -0.137161048837564 -0.117260301693635 -0.103159346124921 -0.097721669103384 -0.0875162884068483 -0.0693235635679659 -0.0528009788523962 -0.0473429518728331 -0.0367061522816911 -0.0340728693759284 -0.0339725686145507 -0.0462801518886871 -0.0608750159827078 -0.0594110113694107 -0.0674216770809796 -0.0420175619611547 -0.0285809043600042 -0.0236835361129998 -0.0167381267404562 -0.0189813585456722 -0.0161717245354626 -0.019747874709916 -0.0180320363607377 -0.0161615517518509 -0.0380469221803914 -0.0712255730729617 -0.0873817415593698 -0.0913065837772022 -0.0882702406073165 -0.0887225758677391
-0.00643258955921155 0.0917941344839158 0.0306676857742297 -0.304849438947985 -0.262080541321684 -0.267435472210257 -0.036592061574962 -0.0489899018086541 -0.0571300759438221 -0.354890562238958 -0.356761936229987 -0.29695468390478 -0.288638617852979 -0.274054468626633 -0.263294259032191 -0.245619677097779 -0.226894788903299 -0.204852810304638 -0.182759306664521 -0.160507890895672 -0.15102843400844 -0.133098593047115 -0.111087535619939 -0.0983317549991692 -0.104728890554743 -0.0868475135088008 -0.0723648753085165 -0.0543794025427877 -0.0482485658162765 -0.045809108010721 -0.031638291698273 -0.0312655926431715 -0.0449257773055668 -0.0560547557983446 -0.0527841291973982 -0.0662357097873909 -0.0483975838314775 -0.0340399903347857 -0.0308442042393899 -0.0312476703705367 -0.029111592532667 -0.0409719317599874 -0.0438862404725201 -0.0344561996070677 -0.0436689963478448 -0.0601879070380167 -0.0880539277555621 -0.0995449652107118 -0.0945329555392757 -0.0705172732987841 -0.0643555433219078
0.0607270645636996 0.0646664406149272 -0.261971444886168 -0.128900072573426 -0.093015605850354 -0.171272809789628 -0.231024739591546 -0.0108638023469495 -0.266579438912581 -0.261026568072842 -0.27701163375458 -0.273633325655395 -0.272571466926147 -0.261533372938112 -0.247464541794702 -0.235917919522912 -0.212257843523706 -0.19785634306926 -0.181965425873211 -0.161275065882015 -0.146582976454992 -0.129639974630384 -0.123023062310616 -0.113693135325493 -0.0966360915591868 -0.0888698381077707 -0.0695819983077536 -0.0573283044754984 -0.0498563133804928 -0.0409832687237174 -0.0298454666069354 -0.0317152575876237 -0.0362112588386394 -0.0384455096961874 -0.0408691141942958 -0.0596931619759439 -0.0405665970619188 -0.0387440766479373 -0.039891727439738 -0.034692829783405 -0.0402684638771371 -0.0466972664082178 -0.060298572627822 -0.0565848765321571 -0.0600493968501399 -0.0795313456264522 -0.0864008279254205 -0.0834290894183171 -0.0805751644011479 -0.0610717002299359 -0.052447689212775
-0.0252574573070233 -0.203417750027659 -0.135128538605389 0.028590783350231 -0.013089933449881 -0.0969601131210626 -0.16284816572396 -0.210932469294833 -0.240312555834807 -0.241317424781289 -0.260430824008975 -0.257128589108062 -0.25554270143247 -0.243270819886218 -0.232576917974619 -0.216948672468025 -0.20085315099696 -0.185497859840295 -0.164624299889512 -0.149025101484146 -0.145553722077379 -0.129112190013013 -0.109451647666529 -0.101435587300197 -0.0928796632031227 -0.0788806983365916 -0.0678311159402754 -0.0576594157740666 -0.0408931744562399 -0.0345965490931118 -0.0242037608011989 -0.0181341553175354 -0.0122569632850569 -0.0131339274921921 -0.0171766831648438 -0.0478643522469923 -0.0417673301956924 -0.0410877738092113 -0.0445671081051211 -0.0474766928094144 -0.0557128338260506 -0.0645846391752343 -0.0824294485549631 -0.076100793500334 -0.0742466753318021 -0.0870821564464156 -0.0835770072507145 -0.0750577329889479 -0.075848324830629 -0.066148228888087 -0.0310947879124667
-0.0959241560392651 -0.185373105904993 -0.0693514432642081 -0.0158289765746361 0.0263076379938125 -0.0669362903195546 -0.149324132064549 -0.198404597132337 -0.212488146783922 -0.23482945562509 -0.246623173815031 -0.23925658050442 -0.240520335004039 -0.22799383420162 -0.223866780566171 -0.20449634344613 -0.183963410172884 -0.168551360322296 -0.154402042233049 -0.145980392937816 -0.13467137261438 -0.124010994248326 -0.113338451201554 -0.110005908719037 -0.0910418355193717 -0.0762203481940604 -0.0563922428200053 -0.053572346200093 -0.0398815584781237 -0.0271154772813744 -0.0109007758017906 -0.00089876342585582 0.00769618684773837 0.0088532844934901 -0.00204026896881426 -0.0345621651965223 -0.0346481521136113 -0.0360446396779575 -0.0436925566662369 -0.0484374628789276 -0.0593786659829024 -0.0664460076459235 -0.0893077608566735 -0.0985367144810834 -0.0852680506767108 -0.0670154181911018 -0.0529711352528506 -0.0477390370339582 -0.0492410071573602 -0.0473136804900576 -0.0199824510609561
-0.0650094337255981 -0.185014134193842 -0.141826458141371 -0.0694304137779179 -0.00491342459896538 -0.0691137310320859 -0.145161869373227 -0.197037778957602 -0.207194356926102 -0.220215331198022 -0.235421020461743 -0.226526871522275 -0.222533719279524 -0.216348612736845 -0.208283223615448 -0.189167130943824 -0.171503905113649 -0.159887575242406 -0.146883221210837 -0.144492079606831 -0.130433183763188 -0.12101962698684 -0.108717947946469 -0.103700225449993 -0.0922373087519454 -0.0693432378158072 -0.0599762757338229 -0.0568575045401541 -0.0417719916516416 -0.0237887365360738 -0.0112131059149516 0.00428850826139354 -0.0300656577674056 0.0152323905788721 -0.000339342292741684 -0.0237082237391124 -0.0289325394833857 -0.0334426389307003 -0.031059267459891 -0.0392878733041812 -0.0510304601733969 -0.0585456428295638 -0.0652939986776527 -0.0779354192335678 -0.0555205682676295 -0.0396175077706113 -0.0323867203621281 -0.0297000180091602 -0.0230787180578877 -0.0200213915478831 -0.0157474904970037
-0.0936527211041448 -0.187666934031689 -0.202991045392967 -0.172779019552664 -0.147596680278522 -0.0935798660491144 -0.125432695424886 -0.172189318603037 -0.194498584718954 -0.201521856438831 -0.217110725896872 -0.225493964065986 -0.210379233041322 -0.192962423652964 -0.186602160731331 -0.177994359356663 -0.164188973162555 -0.146754249793349 -0.141554538329537 -0.135733858212868 -0.130274870086594 -0.121138504980567 -0.115914779832583 -0.100415846324163 -0.0911630582700259 -0.0746320554541772 -0.0607404131138419 -0.0505033818880727 -0.0329989635874353 -0.0179033198937844 -0.00798709428057726 0.00890935124008385 0.0199687899462117 0.0252198064429247 0.0142362075188461 -0.0201507774106573 -0.0257749918411272 -0.0216386119292982 -0.0234409407987041 -0.0308283513555492 -0.037133600304618 -0.041670733879943 -0.0489176783711375 -0.0441396198798136 -0.0271486426167123 -0.0120649220893775 -0.00663466839886345 -0.000445116270413048 0.00255663266237255 0.000544399274982177 0.0146590810927165
-0.103277968597884 -0.0782321581020234 -0.200650572492354 -0.214726640935885 -0.0956659061285453 -0.111253681959028 -0.136659740028761 -0.174255530917462 -0.197076486489885 -0.197585491913721 -0.191874949043256 -0.20002195460502 -0.192365361319833 -0.179770324616859 -0.169930554655524 -0.155125026117183 -0.146811641689572 -0.137944541474522 -0.13319299246724 -0.133189108230796 -0.125402245509081 -0.125392997086288 -0.111484930571064 -0.102698392578282 -0.0870843002427842 -0.0760160083858809 -0.0738839530724453 -0.0530704599275554 -0.03764987134732 -0.0221220277474694 -0.00873390720832928 0.00976225666980862 0.0184324568285787 0.0237012796158871 0.0209538467518929 0.0207278323857016 -0.0198675671826176 -0.0212937827450414 -0.020443381356399 -0.0246110702833178 -0.018105276276757 -0.0153327472140632 -0.028331832535805 -0.0251398269716153 -0.00281566108749076 0.0171238531825746 0.0244826557457544 0.0348806446612814 0.0312735267960614 0.0297469888076024 0.0320586461236633
-0.110750284170843 -0.0992554863380948 -0.110684869967883 -0.134179166630087 -0.11852857564395 -0.128836619642739 -0.132804371429015 -0.172893622246422 -0.180156214214915 -0.177876500159977 -0.17841740503634 -0.181463905352527 -0.177862054614816 -0.169590479006712 -0.155411118629831 -0.144669609726191 -0.132144224172169 -0.133104355610361 -0.123019293713063 -0.124598267353082 -0.122768505708132 -0.129205880344364 -0.112185205483848 -0.101229027034143 -0.0911776902285811 -0.0835883432475394 -0.071538829012583 -0.0596488251426049 -0.0397467885366457 -0.0224501563333372 -0.0078442404037265 0.00194995350802746 0.00786910662829715 0.0171651169629196 0.0198471080918625 0.0274446551643044 -0.00718323365620832 -0.0144881078791979 -0.0189615715036369 -0.00769434704669664 0.000332657887691323 0.00356254146772272 -0.000553487955905707 3.03863073548016e-05 0.0322518410603985 0.0511127298470699 0.0489810435273867 0.0552708851174496 0.0542532477115056 0.056509549600163 0.0604056099159071
-0.0983649178061823 -0.114112747404103 -0.119503137383825 -0.133617480090327 -0.154691977898864 -0.152255706301288 -0.136005455178305 -0.158680766565407 -0.168352541476082 -0.163054698073634 -0.164133127249499 -0.160609284647502 -0.168805997478407 -0.163222826762453 -0.150132746601916 -0.13652181998004 -0.127636265471658 -0.126216405051656 -0.125774950888785 -0.125578398053679 -0.125544674424578 -0.128617547752544 -0.111026259595713 -0.101532495266736 -0.0940262535212993 -0.0900179482107274 -0.0817629006925012 -0.0625550381131534 -0.0437065643751089 -0.0289792304895479 -0.0183476797430362 -0.00375071633335311 0.00854613932926407 0.00997355077530909 0.015500830629635 0.0170554341663497 0.0199982688249606 -0.00350290789908375 -0.0035941098781111 0.00699565258864332 0.0140597942207401 0.0199346903977707 0.0083932783311938 0.040391697268385 0.0526602283245983 0.0645607041526781 0.0744953331135775 0.0803241514634974 0.0792746215698675 0.0776429817805288 0.0851080670391985
-0.0900612895196 -0.12011750519661 -0.12233680050569 -0.130183336793079 -0.15117901717737 -0.15657448124795 -0.132127338804307 -0.149993277916678 -0.150619639024345 -0.147669537433731 -0.156744319916695 -0.154714228245897 -0.163431597350139 -0.156082811031496 -0.139920197469044 -0.131997211333857 -0.12781447153791 -0.120089851188361 -0.127740788230101 -0.122989392482714 -0.128973821021348 -0.130755793517542 -0.123992880607795 -0.110528489854172 -0.104296755248966 -0.10624733999145 -0.0840281573192131 -0.0598845810034217 -0.0369122027798659 -0.0334324536517921 -0.0207105802688103 -0.0112188729424851 -0.0045292299047815 0.00860389172291981 0.0170594486841865 0.0279624344630564 0.0247162990854332 0.00137223503059253 0.00288483663413325 0.014331289266356 0.0151470740718568 0.0278599963844093 0.0234395960268217 0.0552656321025791 0.0624018748581752 0.0801652896555219 0.0939231203252216 0.0899604952548775 0.0901049553392871 0.09708329684742 0.100262126823273
-0.113170704817043 -0.113318052057041 -0.110365833587761 -0.123688971899488 -0.147150732466864 -0.129545974390426 -0.126288134377135 -0.137190893938108 -0.139900795415184 -0.140514995018906 -0.142812914032337 -0.146534179594327 -0.150131364209015 -0.149619137591282 -0.138529689698692 -0.132877639177573 -0.130300959690855 -0.13515248715486 -0.132686638483985 -0.12754662540294 -0.128428724011353 -0.135689079976924 -0.130250201354674 -0.110866099815131 -0.107906324930816 -0.100800246052224 -0.0841947930376302 -0.062206989352488 -0.0465672315188006 -0.0317174135330594 -0.0251979847414263 -0.0111361162175 -0.00848006522115724 0.000401831374175821 0.0136536047726213 0.0228019201004432 0.0184404144389138 0.0262832509186805 0.00922433132622558 0.0170943272687233 0.0261012042541784 0.0284097687611326 0.030655316558827 0.0658074023722577 0.0773195867236856 0.0883077799371816 0.0970365988985917 0.10722918550325 0.106398621730074 0.104299936704362 0.102566169010744
