data/pcas/pcas_can_126/pca_referenceLayers_can_126/PC10.asc
NCOLS 494 
NROWS 529 
XLLCORNER -117.166666666667 
YLLCORNER -55.5 
CELLSIZE 0.166666666666667 
NODATA_value -3.4e+38 
[rows 184 to 206 of 529, columns 250 to 299 of 494]
0.0161288121713035 -0.0928941837938035 -0.0173387579611544 -0.0180337344410603 0.0235402305785977 0.0644369475207645 0.0814889536296586 0.0213527070271386 0.0384848362947232 -0.0240525479374445 -0.0689920158402534 -0.0344857581877192 -0.0281525362425593 -0.0366625789745429 -0.0369288372693825 -0.0127242505721508 -0.0102306585648849 -0.0184326674217694 -0.0352770040051791 -0.0431082604137114 -0.0850141887985257 -0.128971955821167 -0.149014202510191 -0.153991542720132 -0.210745402641283 -0.195944641041337 -0.165464064194385 -0.17441881080308 -0.239593033790507 -0.243585036774503 -0.250225368223891 -0.240797486220219 -0.257685375406057 -0.222786227688516 -0.255044915371753 -0.242437626468826 -0.231113243268806 -0.29148895545621 -0.278468386558282 -0.288729268571127 -0.290749082638899 -0.276659544276902 -0.305576096854358 -0.364638648085243 -0.325036210388381 -0.280188457280978 -0.301042659798422 -0.306142318051007 -0.322452715618133 -0.327353751871818
-0.0782526142452886 -0.070631650341434 -0.0328408445743474 -0.0417415104173579 -0.0454311934217741 -0.00744334129642199 0.0364573740706358 0.030540101451608 -0.00705916486948474 -0.049018410789216 -0.0608717710101689 -0.0733125341224325 -0.0539664970546834 -0.0582609144538817 -0.0363993202021657 -0.0449210853265661 -0.0667407271444381 -0.0771969192715081 -0.0175675476407583 -0.076846789330588 -0.083673745104931 -0.11142393436077 -0.14640978658944 -0.193424258218913 -0.184537034638707 -0.207734364055008 -0.158572594719021 -0.187443868169594 -0.217588785115705 -0.21948106325862 -0.251299891405068 -0.252235810006904 -0.208974561483058 -0.231476501196604 -0.259528193309683 -0.256615603267953 -0.249320479324771 -0.252419562766512 -0.263697850522207 -0.275426577980849 -0.286079674552621 -0.300892678972369 -0.288452844270499 -0.281951142032693 -0.305100300393083 -0.315093542505965 -0.330890214982044 -0.292712642139942 -0.315526961613006 -0.331297113650316
-0.105387849670037 -0.0715814246243928 -0.0421792729336145 -0.0571537489175037 -0.00730910925060302 -0.00774975489862451 -0.0494482764925007 -0.0380449260590805 -0.0340121033696998 -0.0664682040167099 -0.0926654651644711 -0.0581354725378037 -0.0605134096352158 -0.0506951801893301 -0.0303741852484098 -0.069061523068883 -0.0791582302459303 -0.100468197373355 -0.0894914715661521 -0.103453250569971 -0.109786865156765 -0.109609328949813 -0.130864044337951 -0.18212950258921 -0.165105267178491 -0.164473970881584 -0.170744911241558 -0.172121393143069 -0.208114576977154 -0.220549170465039 -0.18547261047036 -0.195420368172452 -0.244439669342371 -0.259788764736761 -0.278197986559716 -0.252400494598777 -0.261363104453175 -0.270706421368019 -0.279563529548821 -0.264344580419199 -0.273025468780198 -0.275770148489674 -0.271888275815934 -0.250155022419541 -0.312640739738112 -0.305572430855716 -0.319508811023255 -0.336235293948563 -0.289943228876991 -0.319039871436857
-0.0967763666420805 -0.100666301582659 -0.0972480950129025 -0.112423732758818 -0.120291443293489 -0.0680450561602906 -0.0926733412091333 -0.0798800117828851 -0.0856464963355828 -0.115245629245369 -0.124605714266996 -0.107285416223389 -0.0905418086312774 -0.0860670758800904 -0.0988672548186433 -0.121642350111756 -0.0778653390878656 -0.0787615380078206 -0.111554908716915 -0.105929443871565 -0.108077746818073 -0.12114526701118 -0.143205957215394 -0.172708442349058 -0.168955452437892 -0.185484871667502 -0.205412341532094 -0.17429355517166 -0.185249859819568 -0.17490530247574 -0.211665757149133 -0.235432213544285 -0.224877030828866 -0.251415320107399 -0.262715107353028 -0.257056989105504 -0.248575875743756 -0.244442752255411 -0.246968339864134 -0.243218463353907 -0.226169711365214 -0.224113538124049 -0.251585952167745 -0.265554908527079 -0.275950918533436 -0.295198031078548 -0.328107202378901 -0.328815446739857 -0.358957880751813 -0.308532471546825
-0.146363243710737 -0.128085499012864 -0.129218872803836 -0.127881226567183 -0.0977941040517128 -0.0798905584429182 -0.103432521294337 -0.0696517864233291 -0.115284708522791 -0.106115619357525 -0.106779659237819 -0.128687906698904 -0.0817005293509872 -0.0898477869076901 -0.0720487641688464 -0.0944746703149927 -0.0794457633983227 -0.112933193797622 -0.129661793019031 -0.124177962730196 -0.154184784325649 -0.110820104218421 -0.152819688567042 -0.187582265469209 -0.189562918121325 -0.176812508336505 -0.189924978706661 -0.172555987683056 -0.190188824112708 -0.213511906228204 -0.232468074032763 -0.225932267799304 -0.252283670447524 -0.235763050510324 -0.247934271736705 -0.245046292272575 -0.239232113133199 -0.245698144873167 -0.259577207128148 -0.254818971737067 -0.234736368818124 -0.236725122413732 -0.249868576563737 -0.259917803802572 -0.271707809202973 -0.299528469767622 -0.310950431504177 -0.326537622767419 -0.32474904731457 -0.346834310539504
-0.177243683364606 -0.136788318270784 -0.123688432256982 -0.119044023611814 -0.048749503162928 -0.0774115350998104 -0.0788832574968389 -0.0599943798116069 -0.109760736167819 -0.0940497948583565 -0.0940116057967101 -0.103860131140543 -0.0912419559400834 -0.131166215659671 -0.120105348005252 -0.114850855055116 -0.120784589837154 -0.125025714204909 -0.142660414686069 -0.139493217095976 -0.165148925617386 -0.151579331004681 -0.169764994678155 -0.190097587568439 -0.174140337984653 -0.188657374137991 -0.197298667806018 -0.22767204213561 -0.203060210521723 -0.214806402338728 -0.189685271218999 -0.200311693800646 -0.176651744963514 -0.224948166116389 -0.198174554549146 -0.246068343950659 -0.237928876762065 -0.255071832661335 -0.253089399683885 -0.255658709293092 -0.263541225889738 -0.238263064584752 -0.239022069387726 -0.256106461478258 -0.263936146523288 -0.277060328303338 -0.314839685621383 -0.328625265970652 -0.321694582523709 -0.340767229272689
-0.163820158461883 -0.148466434444499 -0.150258380476855 -0.145259189066284 -0.0840791506466325 -0.0767746615798448 -0.101018226443451 -0.0838086622722676 -0.126580979853792 -0.116460597953502 -0.108265512025704 -0.127468506449627 -0.137435763248095 -0.130306936069925 -0.115440329314108 -0.113960528691423 -0.121890724743501 -0.12527923099679 -0.133648829503285 -0.15778223316089 -0.161202389510385 -0.165823499610484 -0.214463789968458 -0.174115999050492 -0.196721945857615 -0.194419555502559 -0.21087608570438 -0.215337555866784 -0.175922611759884 -0.174537068688057 -0.19797080252705 -0.194913599012501 -0.166994157790908 -0.223811887347879 -0.223124771523024 -0.242065435953649 -0.24964440648669 -0.239711272407313 -0.260784597868439 -0.274480562180462 -0.261200607123823 -0.245017309902805 -0.243544406301613 -0.264948018995776 -0.279586013331486 -0.28969668135744 -0.301113751590751 -0.318867535418395 -0.32501271807236 -0.334887997759125
-0.172275936185029 -0.168378111964394 -0.162124386078804 -0.126890623273925 -0.109072375771696 -0.0929813921600728 -0.0820668210477401 -0.105332841647077 -0.113649341896436 -0.104172261686824 -0.101425624743155 -0.126720354207511 -0.13192997208507 -0.142809254008709 -0.131219190689895 -0.130500962887519 -0.139881020283231 -0.129760999724964 -0.117685429636283 -0.143587949955301 -0.151562444341573 -0.176017995893226 -0.164381535618488 -0.177748352616482 -0.201775573683082 -0.194134385952494 -0.172333270211625 -0.22377532536586 -0.222646235060567 -0.182016560188084 -0.176462929839401 -0.17196649949725 -0.202827243368146 -0.208993419580308 -0.239257159186735 -0.235340397781051 -0.249487719858914 -0.283653033758762 -0.271848726098822 -0.279029104369621 -0.259652680667326 -0.258181295092157 -0.264436086101219 -0.269331747583417 -0.29688179501442 -0.282107897112743 -0.292478343058284 -0.329595113260096 -0.309464595816665 -0.344737847684757
-0.18825754040001 -0.168726282992758 -0.161570444897719 -0.15438753381859 -0.0949063884244159 -0.089116707387914 -0.0725263735545161 -0.0703809092498384 -0.0857426779903378 -0.0787115106323399 -0.107606090798863 -0.124302560597444 -0.136460264136852 -0.143253635999672 -0.133939464666989 -0.164105978786841 -0.150145862710953 -0.156191631751242 -0.152221947476732 -0.178120124289759 -0.175435476507928 -0.175395753809501 -0.184043872472502 -0.173358383010502 -0.191612177236407 -0.17020560362683 -0.185854922029478 -0.19555174928544 -0.190813350880723 -0.163995424104196 -0.174843935224431 -0.154691924329615 -0.203231191249553 -0.217604145479129 -0.246170710466274 -0.248793188709934 -0.276464461036924 -0.285222582731652 -0.287067458996066 -0.290802286740816 -0.284219324876728 -0.261575181132624 -0.27200121930643 -0.272300980742935 -0.275159970027714 -0.283566868186737 -0.279613945422693 -0.294277656018748 -0.311977140319771 -0.301127503049688
-0.19276836540915 -0.174179370989907 -0.168840457849382 -0.0895433291470885 -0.0916576887898499 -0.0844159690081875 -0.113112653003364 -0.114000358551419 -0.115697780409064 -0.106321530603838 -0.119739030597901 -0.141006749700148 -0.133772070571042 -0.151052571464528 -0.189014676450896 -0.164379947552172 -0.1681813023307 -0.157055946815067 -0.164620660566872 -0.175661684600777 -0.18166206284807 -0.174417594991461 -0.169956109796578 -0.166860128611854 -0.171375275456953 -0.17517389001481 -0.173371994327919 -0.158123598046563 -0.13650746326293 -0.153715459163142 -0.16100256170377 -0.149140881004815 -0.159924720837893 -0.145496733795843 -0.243193953631057 -0.257366053240045 -0.266007697995903 -0.28536742509219 -0.282928786617657 -0.293806553524295 -0.290879305353244 -0.282410011891737 -0.286253252563983 -0.283752257821567 -0.268944958603882 -0.281937711680797 -0.28722383797705 -0.290862674838511 -0.290155565803533 -0.305566527178573
-0.193182164035585 -0.154369706941687 -0.1572523633813 -0.0864044110595323 -0.0878853066199881 -0.119892087777125 -0.11946541016802 -0.118941499786361 -0.133170845277933 -0.119824755620557 -0.131543851270587 -0.149493547326983 -0.159418290835017 -0.170145392857453 -0.179238784619839 -0.179082446306841 -0.17654062463461 -0.159403701002542 -0.165004931024721 -0.138087532836808 -0.123170970449233 -0.163723712777029 -0.179828981287972 -0.189658906861655 -0.173971728925283 -0.173217306495085 -0.155968322823771 -0.167404419832384 -0.164009308836714 -0.140821938489979 -0.144308751130843 -0.154722026892956 -0.159515523445398 -0.234110209463114 -0.229524870789623 -0.210625299734074 -0.252316087208051 -0.274275899185158 -0.270181555339885 -0.278112370267243 -0.286196177909149 -0.286586960858786 -0.295555689612467 -0.304834983783413 -0.287226780215763 -0.275822013078693 -0.285167077515889 -0.285497309622449 -0.272143460079605 -0.285095512474574
-0.17503311074931 -0.192960421803515 -0.186378056188281 -0.143056397305992 -0.122877684072491 -0.111913763549422 -0.131345732961946 -0.131715639298334 -0.161034537469128 -0.153779690112382 -0.159571830419646 -0.159377117430135 -0.167490814821395 -0.170286131612125 -0.19383414790137 -0.185157616399557 -0.11367569189654 -0.12426918950457 -0.133621430632137 -0.120785525765498 -0.125105402376711 -0.175669322199048 -0.171496649595829 -0.168651930630275 -0.163138262756709 -0.168274321737472 -0.17003816004783 -0.159086864459786 -0.150699078926601 -0.1350201207446 -0.1180927168103 -0.139925570805177 -0.158090270207859 -0.183534283552269 -0.225023052546349 -0.239085153247814 -0.261082728972259 -0.281628384463955 -0.263985721675059 -0.259912338891216 -0.265459882427923 -0.253171746425235 -0.282205426294052 -0.277209154011193 -0.302562807999414 -0.264695243339326 -0.292267810315139 -0.290468766635931 -0.292768537478861 -0.290527539124432
-0.183254059111719 -0.207982510808087 -0.226241882682034 -0.23386479317213 -0.139527768032034 -0.114963038402382 -0.133083030717546 -0.165648613285745 -0.153262992552073 -0.169613656280836 -0.162041127846798 -0.17530430507399 -0.179602819731195 -0.131908721162085 -0.135106357866867 -0.118806800452171 -0.140908151977129 -0.135989595840488 -0.122126392082208 -0.115097415820318 -0.167801502713063 -0.167680792001737 -0.162893529363473 -0.181511731628315 -0.159044019605753 -0.165235681398844 -0.172654397451509 -0.153251796191373 -0.135338358993985 -0.121402780835515 -0.122083709986355 -0.12547736433829 -0.171420746647103 -0.226999398694314 -0.242294857098427 -0.246606015786037 -0.25631091886401 -0.248726411162575 -0.255835318720485 -0.263095332654687 -0.243803363712522 -0.264375092568717 -0.265480964592512 -0.281391802425613 -0.302351964316824 -0.296924196089743 -0.308215116891678 -0.299959894986003 -0.304587009689304 -0.312908127451857
-0.141675036254394 -0.151952669692741 -0.165940470358764 -0.187716340294966 -0.134906094283526 -0.181610538674075 -0.159516871059389 -0.146639918573502 -0.170228395886054 -0.157855900784045 -0.13743568713207 -0.127289234173345 -0.130282368869271 -0.13848837994027 -0.131675173747878 -0.149814826470096 -0.147004509376849 -0.129011252897889 -0.124084126001656 -0.172181835729969 -0.164009311427114 -0.17985705234323 -0.170146682126578 -0.159783246086209 -0.161322920960099 -0.154592653687131 -0.150001530502186 -0.139277057277059 -0.137040375865291 -0.113640598970341 -0.0953054823311709 -0.105502135886282 -0.191790758427736 -0.20886345497602 -0.215288234869177 -0.218834817617802 -0.211770283120202 -0.218176588956141 -0.22741913183396 -0.246637398007619 -0.254753152571079 -0.245866733849448 -0.244749136620542 -0.266540548093178 -0.288566676816493 -0.301865707115247 -0.303103843042089 -0.325152432343566 -0.322015520093275 -0.304297057114937
-0.138640010457707 -0.154974902932074 -0.174904559580991 -0.188174130258562 -0.146168048642404 -0.138909876178145 -0.138375905299067 -0.126146450281081 -0.142429376561081 -0.132699858594786 -0.131741852924238 -0.134447627065926 -0.143400871289238 -0.145671213001945 -0.165831959962249 -0.139096430358301 -0.135332607639738 -0.142968336873027 -0.127719849783801 -0.139676440023739 -0.174960377012534 -0.166362051857201 -0.161825661336502 -0.161626160213267 -0.149533101488221 -0.139563137822689 -0.136263860372061 -0.136999940501173 -0.132097244317344 -0.111198557975944 -0.108657346738071 -0.0761297034577074 -0.0935247630209722 -0.12325188015139 -0.143284342595305 -0.173187448184823 -0.167529978653088 -0.179356634369101 -0.193969408640225 -0.227016119246218 -0.214588568642796 -0.234558768058629 -0.254174233303128 -0.2733728133559 -0.314240969302104 -0.308753169598188 -0.304533178851977 -0.30941316161897 -0.307680648804443 -0.31362317720133
-0.148634010053846 -0.140146280648739 -0.164360008335908 -0.19557154509686 -0.188502516096006 -0.129621115105679 -0.115564392807422 -0.136588283261354 -0.150609269351677 -0.142547937109612 -0.14523080779161 -0.145615365073501 -0.149927522705071 -0.154596947436721 -0.192371318518558 -0.192554408682357 -0.173798559024163 -0.197895749602278 -0.154674714917387 -0.147073274968088 -0.182173323710069 -0.179930007955936 -0.156164504164769 -0.140563881823929 -0.166350058684718 -0.139146889236783 -0.159069391200807 -0.134686646451343 -0.130166598673514 -0.116259932371416 -0.0641669531559533 -0.0509172513104188 -0.0426646283096439 -0.0710684476209468 -0.0759136715212965 -0.111589969730671 -0.148426923390813 -0.136157289549427 -0.191568871067653 -0.20911443763259 -0.214496975271318 -0.239922301115741 -0.250514796608285 -0.257555559028071 -0.277059674759385 -0.312131936467452 -0.312140528840843 -0.31142691199731 -0.312910689656023 -0.313043312538708
-0.122210704331983 -0.16248299821004 -0.180002356475403 -0.193346780724404 -0.121473825578376 -0.129109835007838 -0.139342699533901 -0.147922735948913 -0.142531289931597 -0.170575656122695 -0.149316702916169 -0.146130410207965 -0.163100686506479 -0.19991645093877 -0.213974557774633 -0.190692907696457 -0.172786582602589 -0.168309226556422 -0.175991626636392 -0.168698279837883 -0.170715037165036 -0.171197206209523 -0.170446958600794 -0.13910214587092 -0.139094579709228 -0.157187103178757 -0.1477614682752 -0.143013990052719 -0.133561116662727 -0.0973471274230007 -0.0636768201217163 -0.0371455721631973 -0.0454245427755698 -0.0341978789472388 -0.0559608667106657 -0.0957701014909148 -0.12931044143632 -0.129946148107294 -0.153775198572824 -0.186732808116372 -0.185380402919376 -0.218117447274567 -0.238744353194291 -0.269661236752416 -0.281810421728427 -0.300879393025311 -0.30548919396865 -0.319755051647962 -0.303685138684534 -0.291964386686586
-0.131810073506632 -0.176157118632567 -0.176388771280568 -0.192723730213736 -0.200985178965656 -0.13191610352411 -0.140681946804534 -0.145544112213158 -0.151473455973147 -0.167084642165993 -0.191243870519119 -0.191573899024347 -0.197760923930114 -0.186802741504512 -0.201869362020565 -0.202999534648364 -0.189386793899758 -0.195722040238344 -0.154566848672743 -0.165640117926598 -0.162245186856469 -0.153178449034077 -0.16214508216556 -0.169951788824593 -0.134791181343653 -0.145372577456458 -0.152497274157447 -0.13663509316766 -0.112834229293593 -0.0881999726962404 -0.0264012104113816 -0.0580090832044926 -0.0477762822177054 -0.043065471325094 -0.0600700455524132 -0.0803861859198235 -0.126157340061771 -0.148113340287256 -0.156771383086218 -0.208699209159209 -0.194438715588378 -0.227719678792595 -0.223645947322112 -0.2622803166759 -0.277783161550096 -0.322651034806385 -0.289304902194381 -0.314125261126941 -0.296920807676157 -0.302577302189648
-0.152398499754868 -0.188198212722298 -0.201422772179009 -0.230282912516868 -0.224799338568025 -0.217384448214341 -0.185633311544159 -0.175431746083893 -0.204161511164014 -0.178349806000242 -0.193431618984617 -0.202970673254063 -0.192738555155239 -0.186077796229185 -0.196038944759844 -0.203724225409401 -0.189489363027532 -0.19856664115619 -0.187950700886044 -0.169482590012946 -0.166929119458315 -0.173006636522159 -0.162518367125837 -0.158331572691788 -0.14470874197653 -0.134350316543693 -0.138581573127328 -0.105374677241832 -0.0976976851542713 -0.0772763441420588 -0.071845887920749 -0.0266278629337112 -0.0795046922769522 -0.0667815043230636 -0.0674201706133063 -0.091866861411366 -0.120250482646321 -0.148544178258525 -0.175033839703378 -0.182250972858197 -0.209416251762772 -0.227370781975092 -0.238444187764105 -0.255874729741995 -0.285303686312407 -0.306053369509071 -0.325870847515884 -0.319600021237354 -0.320058648426412 -0.325732500765425
-0.168717344048519 -0.1956149133954 -0.205229010373173 -0.229474670602201 -0.238577945552371 -0.258779190442336 -0.224506056806704 -0.252889314180307 -0.217420268745372 -0.181301553946581 -0.188381454262695 -0.202103513766048 -0.212221023361113 -0.204070607396116 -0.187442596139824 -0.191319682491661 -0.19634987558382 -0.182451320641562 -0.199295329112835 -0.163962501985017 -0.178314794678985 -0.174229808175842 -0.168314833153398 -0.165741094424613 -0.130692963637954 -0.137946803781872 -0.143448474849968 -0.110731476838123 -0.0689992577684107 -0.0820460125227458 -0.0421516615418049 -0.104281889980878 -0.0876167548518542 -0.084741800582 -0.0988804358983753 -0.0988198738982553 -0.127101780188336 -0.137856240027269 -0.172413413869736 -0.189833607983097 -0.210907190431785 -0.233217753385343 -0.252306512604853 -0.280143155952202 -0.302899714644478 -0.300538475816255 -0.296782797401364 -0.319768671672947 -0.316714946198604 -0.313546124406873
-0.173268202864458 -0.18549758919503 -0.210950826850129 -0.202932138938795 -0.237978377766961 -0.23558759922051 -0.236395167599291 -0.236302370085698 -0.232872604979059 -0.176754576232105 -0.191199413782723 -0.20549981609672 -0.199914959232255 -0.193766852025941 -0.208316457070001 -0.195442911281147 -0.179904881662467 -0.191147572695244 -0.186305047387829 -0.179200244262286 -0.174950002539691 -0.170703147381524 -0.167019878112147 -0.157992448178645 -0.172302089044127 -0.153489874600642 -0.126868431206806 -0.173944359888413 -0.126817207173889 -0.0622089868061678 -0.118431619267639 -0.109960716875264 -0.0884770279210736 -0.101020468510925 -0.113642145814098 -0.111119728009691 -0.131934248343351 -0.146488024876933 -0.172008757767317 -0.177561056968687 -0.213242786924713 -0.225385966287469 -0.244995345946957 -0.264080415640672 -0.284004091632979 -0.330003551813979 -0.331730760464738 -0.330599676029386 -0.320217252460445 -0.324046184168747
-0.166685396911414 -0.177815394570333 -0.201196319735252 -0.222575538069373 -0.215183667427147 -0.216576390729024 -0.234036375399081 -0.231072602560335 -0.243694113078507 -0.237094994788406 -0.208063045728264 -0.197398308836459 -0.209343483853385 -0.195082488223998 -0.191874729226653 -0.181687581023344 -0.171951459619798 -0.183557572793087 -0.175923511734759 -0.18102076051976 -0.166383615565175 -0.208895872823144 -0.166335920243561 -0.207935713573497 -0.216132005841471 -0.1899286102103 -0.170668025429225 -0.157488648897286 -0.127448267250008 -0.125490542014967 -0.117794622882124 -0.100401065604106 -0.0830105812097266 -0.115298798807193 -0.119843526605889 -0.108971710127302 -0.125341024485124 -0.142383973250574 -0.170274093813167 -0.194997215156239 -0.203923290868086 -0.235821186623699 -0.233207531285231 -0.25620583850751 -0.270895387260687 -0.321080512235333 -0.309108790046171 -0.333398276247878 -0.323983098035143 -0.319799497436146
-0.160049608145071 -0.169012188797988 -0.193433952238416 -0.187368994271278 -0.208009180584194 -0.228864161219738 -0.2374250644116 -0.237719174785817 -0.222786426825894 -0.234847559413868 -0.203589695617539 -0.221191144644713 -0.183985627271663 -0.208099392150158 -0.222317083050698 -0.175626731470898 -0.193285601730599 -0.150131480324332 -0.207477697770341 -0.200627185246793 -0.161354321062603 -0.194359405983717 -0.132621094430276 -0.199323828161914 -0.196099735874607 -0.184768301262021 -0.170581345239313 -0.155969877995242 -0.140366674702104 -0.126478998857236 -0.117877550651761 -0.10821986754578 -0.12468100926052 -0.113245739420104 -0.131807721494041 -0.130249216731706 -0.149371528928261 -0.158541367757155 -0.164882948189637 -0.188535160059212 -0.18407302413028 -0.208974413911143 -0.249237546391422 -0.245626148068879 -0.269993857237808 -0.308444934041708 -0.319747504654751 -0.318941620135794 -0.306993699676385 -0.291773993120024
