data/pcas/pcas_can_126/pca_referenceLayers_can_126/PC10.asc
NCOLS 494 
NROWS 529 
XLLCORNER -117.166666666667 
YLLCORNER -55.5 
CELLSIZE 0.166666666666667 
NODATA_value -3.4e+38 
[rows 299 to 321 of 529, columns 300 to 349 of 494]
-0.213730327905687 -0.143486831176512 -0.148840268814632 -0.171093671261836 -0.214804624648271 -0.22183207927796 -0.277330072859633 -0.185290431718686 -0.162898389247232 -0.0847454587594315 0.143114749995497 0.170970042400625 0.238754182891127 0.204528594200904 0.169530057319373 0.146815189378279 0.108379876349127 0.0796731964209128 0.0434788039686161 0.0180645468394759 0.00765220848721009 -0.0414031957198955 -0.0624820864775762 -0.0778064482300244 -0.0907632285844006 -0.127845621851504 -0.146581175738579 -0.170141054084649 -0.175288962109077 -0.19892682468413 -0.194919648223684 -0.219801002642099 -0.212366153424388 -0.222633527287221 -0.214198800834802 -0.210120915838689 -0.202392583369354 -0.192504079934548 -0.184031725108932 -0.171895501423769 -0.15545039461952 -0.130481336619528 -0.108899765761745 -0.0992129778792557 -0.0861438003335486 -0.0936510723243552 -0.104065347738965 -0.107147918107921 -0.113199174976511 -0.13098234721889
-0.18543156342542 -0.216424096031498 -0.201173443511716 -0.194691358927618 -0.186111926483862 -0.221138490092484 -0.233711356304398 -0.260430351864974 -0.300818199170626 -0.279747266586038 -0.192641909914921 0.0379540713113189 0.0974346524554486 0.0834818498932196 0.115992033589317 0.0979558896761036 0.092493011609582 0.0737836120003781 0.0485703125571373 0.0386719011249559 -0.00197546654285467 -0.0294987948722856 -0.0479346435292318 -0.0836228871554554 -0.0944659975919252 -0.137688004808259 -0.161898489212571 -0.160303677635871 -0.185999448364963 -0.201761256850594 -0.213908425787477 -0.20461521387577 -0.197123285890866 -0.211866185857739 -0.216682099658021 -0.199122255521583 -0.210842036180481 -0.208638988007472 -0.18894139993848 -0.176910360325437 -0.151496304221285 -0.130519688558325 -0.120259092579476 -0.105598266753733 -0.0997943195224839 -0.115271158291995 -0.114721836854369 -0.109870315080187 -0.119909988012136 -0.119989020362922
-0.170887314915617 -0.204394150419926 -0.197885090022755 -0.19566778264146 -0.19463994353976 -0.21224900788935 -0.21108428629549 -0.243964577594408 -0.256763811851906 -0.335190710038627 -0.297202354122304 -0.247311591638351 -0.174308338225498 -0.100931239761619 -0.0749447445810143 0.0278876570015155 0.00981375000780088 0.011341788682956 0.00244629469641217 0.022116544758293 -0.00363247150339112 -0.032835883060505 -0.0470498746380573 -0.0730752621221204 -0.0913751612303053 -0.131160768279758 -0.171750968322518 -0.167286111212343 -0.173098720342861 -0.197954019894984 -0.207566089111751 -0.205211457501491 -0.195462721825941 -0.217556000116208 -0.212030899644223 -0.208522193009473 -0.218812118684806 -0.205589413752238 -0.185500194380059 -0.182920658402605 -0.162179570736004 -0.155940745164332 -0.137892656722001 -0.120104137504864 -0.101191538909169 -0.117917375995902 -0.109281538019362 -0.111375828297574 -0.133464719893487 -0.128255014369793
-0.22622080154876 -0.180861165279809 -0.209187063416439 -0.196416624916651 -0.193987152628881 -0.209591367801101 -0.202924912049684 -0.239345906372929 -0.271015352270503 -0.280101203384893 -0.278982685541291 -0.284728367597281 -0.250616329448199 -0.220979748530865 -0.137654262999246 -0.0486023206369125 -0.0621609619199482 -0.040969079752743 -0.0321641140028633 -0.0182775832328823 -0.0151805196112505 -0.0273863603409759 -0.0571322095025982 -0.0786496075722031 -0.0897619979315637 -0.123598150514414 -0.147740017610915 -0.16733676702537 -0.174827067061463 -0.195022901935845 -0.198868639674056 -0.211922810740898 -0.205669100430956 -0.219343585078661 -0.212375854636448 -0.211176029933811 -0.210548268626244 -0.221586423860953 -0.216877205896073 -0.195264523624304 -0.184413974236902 -0.152602760138654 -0.141340584036016 -0.140469310709465 -0.117589781120457 -0.126081539668987 -0.136919345746831 -0.111666570131697 -0.128949841716313 -0.134517003544115
-0.222933785793931 -0.192684312999527 -0.201222853938764 -0.214372369338685 -0.181072049211132 -0.185370176995277 -0.203370607617779 -0.196181291555274 -0.208547465958775 -0.244683452363846 -0.265528067010045 -0.275067241104382 -0.258998298933911 -0.232260716439651 -0.194681641591768 -0.197891398879935 -0.1692450983035 -0.0748778391188138 -0.0425818319025104 -0.0468547993267596 -0.0365898280267511 -0.0404468069414682 -0.0419608254944858 -0.0629838160276453 -0.0810672844899866 -0.118245692626401 -0.146485548809088 -0.153118760008016 -0.159746921242189 -0.188943650633053 -0.204994458933287 -0.215340752734453 -0.20652671564535 -0.211808731860174 -0.225896652617838 -0.230125876847096 -0.220580840850924 -0.223407653292109 -0.223300339652265 -0.204554589910451 -0.185495273153525 -0.174128815022421 -0.166393377667162 -0.151331948465609 -0.127694576510959 -0.140027209188655 -0.136139976329178 -0.135678580047003 -0.131960237986438 -0.140343890231044
-0.221403804760712 -0.176117716569562 -0.224654317113585 -0.219197323111404 -0.175887646396786 -0.195690196480103 -0.181254176718033 -0.192467645713028 -0.200792407268779 -0.22494213772219 -0.260383926111382 -0.280402797095715 -0.269829294631221 -0.223013962573675 -0.202832013441883 -0.209117122682913 -0.12300334199611 -0.122729347421152 -0.0866105945122377 -0.0657342200519812 -0.0400249047952521 -0.021031573269874 -0.028083451031104 -0.0635762817999684 -0.0802430231817728 -0.102602018377224 -0.127418861221316 -0.151400033647588 -0.165159160567251 -0.178630206021203 -0.191945621298099 -0.189831737582289 -0.21334163745135 -0.208157044580368 -0.225290690052109 -0.21271583644893 -0.220904521581729 -0.236388970912424 -0.222254298527138 -0.214408174034134 -0.197933282253351 -0.185414796133874 -0.175719497324359 -0.177034641335714 -0.164605983628182 -0.156308497458892 -0.153983730868164 -0.140067534643076 -0.135846170765855 -0.132699188721368
-0.208916664920139 -0.187542620805782 -0.198296970340542 -0.199429092101779 -0.174893546987595 -0.195823985198322 -0.158192962612293 -0.16594386775098 -0.156443886379927 -0.187348155067879 -0.206676490955293 -0.235637150901109 -0.254200429419334 -0.23893386064909 -0.242556756236167 -0.207083683591286 -0.178496809062497 -0.181803375349618 -0.0758887620979445 -0.052212315988086 -0.0340711896473732 -0.0223388153785139 -0.0319783770796531 -0.0398142964447145 -0.0833154554949927 -0.0990479691173036 -0.116419962790901 -0.131383880945531 -0.152103259886442 -0.178589265034946 -0.19740270425847 -0.200943288184439 -0.225779502552869 -0.2159196405096 -0.217170893421908 -0.217827814481795 -0.21987956981421 -0.222215468871869 -0.216493452111746 -0.21468222745123 -0.198153424670862 -0.198783972901489 -0.178337512807147 -0.177583396210577 -0.153326228714663 -0.166906842601439 -0.16049111008103 -0.161546309603422 -0.152726996247101 -0.140445313944027
-0.193717419663353 -0.167161491790078 -0.198267102399609 -0.202221719515008 -0.157739634708168 -0.146391377971399 -0.155808244535692 -0.127984830466918 -0.13179724593517 -0.151443995956383 -0.183901772711937 -0.198194783430982 -0.205904515160256 -0.200414810813291 -0.193071335643175 -0.196561089515119 -0.175848110208723 -0.167479546431467 -0.0748509496008402 -0.0499398751736334 -0.0265684810842083 -0.0341510427410366 -0.0580549086028778 -0.054634766613766 -0.0842398779968341 -0.109576491680678 -0.107846789515171 -0.136123091751162 -0.16188532283631 -0.160560168915797 -0.184582750442665 -0.196166736412206 -0.210205007352704 -0.217802765494338 -0.223100530229007 -0.221167110605366 -0.22478553869171 -0.219458473891901 -0.212767842115119 -0.205625011109161 -0.187584801655597 -0.194027530592431 -0.185616451324209 -0.182599242874972 -0.173008671606673 -0.163489340519243 -0.140712372831501 -0.148730960359929 -0.155785640422911 -0.156324281259833
-0.132383965896776 -0.160429826829077 -0.182344447789182 -0.181578955860955 -0.137493391369095 -0.104131896646211 -0.160062893578842 -0.127811275469153 -0.0955915287009539 -0.0959350599467195 -0.129294578326458 -0.154983490640676 -0.168898476666127 -0.159732719041062 -0.170614632027935 -0.167493101824009 -0.15437230117611 -0.125652595066779 -0.125544115160617 -0.107182989637644 -0.0325141426186237 -0.051235965758189 -0.0790959810404936 -0.0808736533453279 -0.080850860683002 -0.114197907482409 -0.0977256297671958 -0.125962828011072 -0.140995557390324 -0.167788476987325 -0.185257142994447 -0.200058668418327 -0.200243649820045 -0.216140804427748 -0.21786483133914 -0.225119797167994 -0.219618656293855 -0.224661689700188 -0.218243405796566 -0.214962664966988 -0.205757816156415 -0.198117892298956 -0.195281243355831 -0.198161490832391 -0.175859022074675 -0.175463647877041 -0.156697370064525 -0.174129672768074 -0.162436334519183 -0.158386447707395
-0.0845680837391398 -0.131244906029927 -0.131888799114973 -0.16712796284723 -0.151710521658447 -0.124982270730828 -0.129763726647703 -0.148008798608294 -0.124142067734432 -0.0969716250485574 -0.107392507312252 -0.0903704291537575 -0.12766068133498 -0.152108856837595 -0.160209889554919 -0.153162361112726 -0.128185297083712 -0.1336214629651 -0.100730076473163 -0.101711707615549 -0.0508842904484889 -0.0660983256422215 -0.0847306306455765 -0.0914865602419298 -0.103421766448496 -0.122044970232608 -0.111810279248203 -0.111815617682195 -0.144422887486186 -0.152977667781264 -0.168244356877101 -0.188140493616087 -0.199486482204808 -0.20905249969294 -0.21261323262239 -0.226379718544084 -0.226229128028361 -0.228324127491487 -0.211531079104135 -0.226888721450721 -0.201976881624058 -0.200248254813909 -0.203528338054864 -0.19740774878909 -0.203146057486999 -0.191901940462975 -0.170801771149561 -0.184424113019826 -0.173299276219459 -0.172842862039272
-0.0918564024366133 -0.0770430067157595 -0.148559458163704 -0.167298033871767 -0.209300834702526 -0.204491615272261 -0.140380675482953 -0.197822483642452 -0.131039419377607 -0.0939723649318062 -0.0774951919218221 -0.082358998853499 -0.0911513334113867 -0.111871306033669 -0.119161235868776 -0.143863086532748 -0.120827836170033 -0.110837156133231 -0.0967460419130429 -0.0071905882230576 -0.0541481778391875 -0.0688093181361097 -0.0708832860482064 -0.0823201579235715 -0.0985156272172878 -0.120666871885682 -0.121086994780136 -0.118514463777237 -0.131708519957437 -0.150916949275812 -0.170483820478999 -0.189109843954458 -0.190935496647213 -0.205387595175628 -0.206225432969741 -0.212307889557088 -0.209741350857023 -0.2037421914634 -0.20655933760316 -0.221851691661234 -0.212467992214197 -0.198967858889845 -0.20334706202196 -0.195911770975397 -0.188179731433634 -0.189411500009727 -0.169002349645182 -0.185789213047892 -0.187021909457 -0.166101858209489
-0.138195241690555 -0.101449359890377 -0.169617354009434 -0.19422584556763 -0.215318356747191 -0.188298884210875 -0.173814575966087 -0.131750874370837 -0.132280849116394 -0.0732605975578977 -0.0599429867331496 -0.0468347707736602 -0.0858004210238228 -0.110723010603045 -0.123698916586779 -0.0960410904571771 -0.0933692064923427 -0.0752810845151576 -0.0998319787067986 -0.0214864883330181 -0.0602506419958085 -0.0489775078305036 -0.0535661796421499 -0.0679468940395965 -0.0936662030796174 -0.117893981399179 -0.129578366609251 -0.129740136698869 -0.144430741965698 -0.168277718306236 -0.17017022083212 -0.189789087155924 -0.194556456619851 -0.193729310454568 -0.192024781669651 -0.196439406453194 -0.199296118558284 -0.2028737013136 -0.204643283769123 -0.214814763052037 -0.214024866220205 -0.208508254360153 -0.200725178843239 -0.191221298886552 -0.19283713491465 -0.189197231299825 -0.186969569457021 -0.194099441603706 -0.189088493212843 -0.17670470597369
-0.21840462959634 -0.212774732386259 -0.200740527669549 -0.235544246511862 -0.219448650303448 -0.190194650274358 -0.175657704699223 -0.167440809403303 -0.0814026200159864 -0.0692791260761871 -0.0568337584552768 -0.0589184228501272 -0.0799680788114917 -0.107375942841215 -0.119528894789492 -0.0979972899924236 -0.0610283295618792 -0.0608578746658726 -0.0988671609159497 -0.139525910834922 -0.0385661179852216 -0.0519664140643916 -0.0457831917188752 -0.0668402415043607 -0.0887732414000088 -0.100487083611092 -0.104937812080882 -0.138232043439347 -0.151690981351997 -0.15733843209656 -0.170689265967149 -0.17687337124387 -0.176961679470621 -0.177828796241579 -0.174108972482936 -0.187791137687554 -0.195282666791625 -0.205710707624633 -0.194331034634357 -0.198312253170324 -0.200738991162913 -0.185526913780521 -0.195707741206276 -0.201839134269874 -0.188920263066653 -0.197251954230971 -0.187299429964507 -0.186175547329589 -0.182879812192197 -0.183149952753169
-0.23986293544832 -0.238804000193342 -0.212007825615996 -0.247190181116843 -0.251393450525827 -0.216579833131626 -0.181930184562962 -0.117046358084269 -0.0539521532660084 -0.118467631844324 -0.0581020538264852 -0.058716426284069 -0.0672104715541002 -0.0705147711572014 -0.0995443532377435 -0.0718288498425783 -0.0564045514620385 -0.0741675056072827 -0.0829483018508912 -0.129991835517685 -0.0337427247101006 -0.0478175024501385 -0.166555489621703 -0.0766404886057935 -0.0967599441744534 -0.10292459056195 -0.103885484117667 -0.112724226072668 -0.140572008646663 -0.164409707058379 -0.156488449797433 -0.173770835217413 -0.184251761818142 -0.183454645095584 -0.187530608449667 -0.204422051785147 -0.208720390022147 -0.2104307111667 -0.21964791671105 -0.197601947046457 -0.195863839052643 -0.197176306162344 -0.191129290176509 -0.183260329353529 -0.188091907075084 -0.18562311133258 -0.186222762250512 -0.190668575360279 -0.184625622173632 -0.19428410675862
-0.261193594703236 -0.258214302954314 -0.241712430613274 -0.23666145909839 -0.250523934719848 -0.251951013675679 -0.210519206665653 -0.136089913548176 -0.123245443794494 -0.115363877861421 -0.10904832402439 -0.0841385967388976 -0.122131237031543 -0.092153409761744 -0.0939748037129238 -0.116512830366595 -0.0655899821059212 -0.0738788593414699 -0.111348021549149 -0.139190777087648 -0.15326502356594 -0.163219105936777 -0.180411932371741 -0.176879532656949 -0.0897224538961271 -0.0930886174515521 -0.101861192586028 -0.1096850148724 -0.137860355879753 -0.146492092088526 -0.159266076105124 -0.161776228837624 -0.163723911027019 -0.184366919687286 -0.186757690847631 -0.316150879365997 -0.20001596576283 -0.194706968596289 -0.208009406246166 -0.202277358180989 -0.212191591224451 -0.192551605095863 -0.200235467039177 -0.193991947609422 -0.185103432808796 -0.175788240022892 -0.180721335152655 -0.336362091442403 -0.32671189559548 -0.333953047462599
-0.268064693410524 -0.269270802193971 -0.29512816162413 -0.264036937922628 -0.250913178573928 -0.244421388431306 -0.221466687623914 -0.182830643447128 -0.150225722060014 -0.109787969494991 -0.102616186691992 -0.103107018639381 -0.12628918249717 -0.0833498198092522 -0.0764215240498716 -0.123728860934881 -0.047505363482532 -0.0825622725031118 -0.117819493102607 -0.145472762464113 -0.141690764582393 -0.16484311225105 -0.206464034787672 -0.185830362896832 -0.210977470938739 -0.100810415987021 -0.0994551452131855 -0.11702638949184 -0.124200711345585 -0.147193515640688 -0.143677053037336 -0.16223695652899 -0.168900527796509 -0.161966010071737 -0.30154055892592 -0.308905959878389 -0.31723129057288 -0.316959714652618 -0.338772920513919 -0.339682377180017 -0.337641105529899 -0.171141093820018 -0.182291053463118 -0.334827197738799 -0.160495259971193 -0.176449621053401 -0.333664007493562 -0.339246920459523 -0.333542635689435 -0.333074188522715
-0.269398808042874 -0.273865086091698 -0.268125052505073 -0.22694002615273 -0.254269021508014 -0.2380233534203 -0.188330559119891 -0.156644403860955 -0.131504232969912 -0.122482189536035 -0.123331144553113 -0.11722483841041 -0.0885689027358526 -0.0975322689713128 -0.101659259307116 -0.0871770271568089 -0.110212363109958 -0.0726789481522572 -0.127962324106267 -0.131162382380968 -0.154307461483545 -0.169906374263956 -0.19824750712384 -0.205037967877099 -0.0934923220334527 -0.0919788311570606 -0.0993587961887585 -0.117250461314866 -0.117907070164137 -0.125005081946162 -0.131081915435691 -0.142620551874881 -0.159848029790437 -0.163012472648951 -0.167657044513288 -0.298583997896536 -0.311021515420048 -0.322106026513728 -0.326166065045592 -0.330806774185139 -0.347205842720334 -0.161925058389018 -0.32902650900284 -0.334216185271297 -0.174580468069311 -0.334961226962281 -0.327578297072704 -0.333402097076369 -0.329996197778295 -0.325966364498474
0.00481934830813044 -0.286849268481053 -0.272801367115124 -0.263985694963961 -0.25156248594184 -0.225307905525823 -0.187728467631365 -0.155602139153151 -0.128753304720787 -0.112814701143327 -0.133781407417778 -0.127775382833782 -0.104331714335131 -0.146160712660451 -0.18366933380868 -0.0691132380179888 -0.119112884880218 -0.0974875144870974 -0.118653862507894 -0.031373058882605 -0.0266638092436798 -0.0539406389321286 -0.0718795345277614 -0.0731112940135113 -0.0934773518018261 -0.0892862181079083 -0.0963402895758905 -0.10654962490434 -0.119387874593641 -0.122006594040678 -0.127924311893755 -0.138243567374569 -0.146620558108915 -0.14294555618902 -0.15646070031434 -0.299067477706972 -0.297184650027661 -0.311879718640198 -0.319312011460435 -0.312119899586141 -0.327852353137614 -0.335403041015529 -0.310100107270646 -0.333331443958394 -0.316437559750618 -0.327705228342964 -0.324130432005631 -0.32200482633517 -0.326645524024882 -0.306440237982638
0.0759288703470662 -0.045989958026073 -0.261776749868136 -0.258944726502967 -0.231212088617507 -0.223212154678227 -0.206083326534081 -0.170856300599097 -0.155186235914957 -0.135171548319896 -0.131803905394046 -0.125206936723555 -0.123002182877684 -0.126022836515312 -0.136469999540627 -0.0758005141810274 -0.129672113642937 -0.100826830028744 -0.11349954394888 -0.028522771632073 -0.043661261903771 -0.0552412140498765 -0.0800693191217681 -0.0747279094923718 -0.0827652862557157 -0.0809667530169259 -0.0914365113744903 -0.0980340693989502 -0.105896373485889 -0.112566363361657 -0.117179729015039 -0.12240829115759 -0.122187978627342 -0.123747171317999 -0.138774841882297 -0.15190146941351 -0.136641540690883 -0.293780300342908 -0.302111558492548 -0.322831554346097 -0.325330562162186 -0.339022655260389 -0.298922365210702 -0.319844700388738 -0.296359186113277 -0.314775947235977 -0.319602837103473 -0.318879895980542 -0.307229269474242 -0.313458190305579
0.0626104530647784 0.0522145475856771 -0.239561594266454 -0.238274917314307 -0.258874454119967 -0.229309189685998 -0.220209698810927 -0.1923094317419 -0.163096687216924 -0.173890252702728 -0.135085266673731 -0.144114523725823 -0.116621299555024 -0.146159584570508 -0.0914361889082007 -0.10104251962169 -0.134379689833411 0.00796659815315723 0.00175860094914265 -0.0117999116591955 -0.0324674731989917 -0.0553565239890902 -0.0716711709712409 -0.0845301188759903 -0.0868593473443555 -0.0888956676632151 -0.0905686545944243 -0.0977755383658729 -0.0950194104933367 -0.102381693794885 -0.106774823749701 -0.108404203029446 -0.105915772264356 -0.110586672539858 -0.117876658534724 -0.129784783543981 -0.124042057336737 -0.12635771862283 -0.303502188128319 -0.305150187587266 -0.305586613225367 -0.309052155929921 -0.289304641367402 -0.298559008523425 -0.293145449441518 -0.294346147992134 -0.291266677881169 -0.300693066341802 -0.304784327489342 -0.299501209267389
0.0370961580009784 0.0319430923696479 -0.0173904452825468 -0.287684490374858 -0.235371300741928 -0.21822469077011 -0.237305793070676 -0.211756437900333 -0.175917872556689 -0.172858562029535 -0.153377652200593 -0.118787684386758 -0.113155075010676 -0.15372357586363 -0.0949974617605462 -0.120269312267581 -0.096466639566267 -0.000114594359544029 -0.0133854658588608 -0.00997478668966936 -0.0202267077981713 -0.0449778305692391 -0.0608812718279264 -0.0653467855352708 -0.0871861283597949 -0.0880214880427056 -0.0674063980921554 -0.0865537160432821 -0.0878617472761772 -0.0866756045967222 -0.0835002862839282 -0.0860697749754318 -0.0922507986538267 -0.0999702184664986 -0.0869848232175405 -0.112998897287138 -0.11225908908426 -0.133568286076945 -0.130258603610619 -0.292232662288776 -0.294192012659419 -0.297906607341886 -0.276045986811574 -0.281901880009277 -0.281690708737588 -0.273684418648915 -0.290480962979012 -0.279052452664916 -0.286017288239116 -0.280719473558659
-0.081656712721244 -0.0253795541540889 -0.0337811730651739 -0.29895334640928 -0.239752003163412 -0.226810236143688 -0.240459844520206 -0.210316328035672 -0.172829614667781 -0.164323010733425 -0.143584226228457 -0.111905129011721 -0.110888481100288 -0.137552792279792 -0.148958752038153 -0.132838282481434 0.0504121526758923 -0.00143283412477618 0.00574123018819303 -0.0188735451316313 -0.0323692039551182 -0.0322700306248499 -0.0489466922221325 -0.0696105925068286 -0.074869175590913 -0.0728402266418877 -0.0859289559517353 -0.094076040499468 -0.091640775930525 -0.090718419710764 -0.0782077538199115 -0.0832586528675595 -0.0877423312674613 -0.0866121833550481 -0.0887830095608071 -0.102136760249228 -0.106265962189443 -0.107043815449354 -0.105829150948644 -0.107130054324516 -0.126245946534603 -0.132390560254462 -0.102101990806589 -0.104003692661372 -0.103308519168927 -0.252195444883493 -0.267788794723594 -0.259675901157027 -0.275465984060126 -0.255403026820422
-0.0738388313714571 -0.0555062397638436 -0.315778335710852 -0.288577918441281 -0.283427782140957 -0.234596167877024 -0.213717879362064 -0.208056319590948 -0.191302340338356 -0.175295350704963 -0.146841060361686 -0.122250649888112 -0.109885160678347 -0.139813263942922 -0.101951554116777 -0.0982141681476585 -0.0816630343442116 0.011442930345065 -0.00786227087600561 -0.0176687334830956 -0.028311482947237 -0.0415456196807177 -0.0467609570617309 -0.0551754416060084 -0.0780031215417172 -0.0771604652368595 -0.09086889943152 -0.0918258052663831 -0.104255745057919 -0.0961050431043125 -0.0922274481139057 -0.0943219401827556 -0.0852587109774709 -0.0912023590573199 -0.092773147555648 -0.0975679974553738 -0.105029359856664 -0.102378732487317 -0.108913711175009 -0.115993455485759 -0.116754587948455 -0.120760908331159 -0.0830562343476101 -0.0944902146493344 -0.0918771890205017 -0.240146137896651 -0.238765361826537 -0.250359935082685 -0.249886197636876 -0.253568538452695
