data/pcas/pcas_can_126/pca_referenceLayers_can_126/PC10.asc
NCOLS 494 
NROWS 529 
XLLCORNER -117.166666666667 
YLLCORNER -55.5 
CELLSIZE 0.166666666666667 
NODATA_value -3.4e+38 
[rows 207 to 229 of 529, columns 300 to 349 of 494]
-0.386985003499382 -0.360150395579129 -0.382529972323734 -0.343575957089274 -0.331304607536511 -0.316941901034457 -0.30887558203629 -0.306889817486362 -0.294320697558576 -0.287950160465683 -0.303889408826092 -0.311838499947061 -0.30960206686539 -0.301177446431998 -0.298692738786544 -0.29228887217017 -0.284291653868592 -0.254205351458326 -0.247443815455353 -0.211389638926673 -0.199379983983726 -0.206332645253671 -0.165057156446685 -0.148149770265533 -0.141469846730795 -0.135465447763304 -0.131179248467438 -0.120086831191691 -0.115631306709712 -0.0935800901840401 -0.108138142890469 -0.099486207298813 -0.0535154515825114 -0.0490280714969264 -0.0371405432028677 -0.0343203489415132 -0.0374449156948147 -0.00809380436917162 0.00187447609334368 -0.00929953413810547 -0.0274321310100091 -0.0491866461680574 -0.0663735291922924 -0.078948375311552 -0.1064574186654 -0.0753417873828255 -0.0808999870866656 -0.0902384757773851 -0.099710661474163 -0.0755121475249161
-0.371146761016403 -0.363288601586264 -0.366734810313555 -0.34100868762502 -0.342092072218523 -0.3213118148014 -0.310168005774911 -0.299213856032708 -0.29543307695367 -0.294006229169614 -0.318509016736173 -0.317176496803279 -0.32727198673978 -0.320948856288209 -0.304509763653219 -0.293790575854229 -0.270306919889911 -0.255084424048341 -0.241535160370729 -0.207503051187744 -0.19624932019159 -0.187373717124236 -0.164616328502195 -0.160708194646546 -0.134205503604911 -0.141104599084872 -0.110812683634855 -0.100954643204329 -0.105961149690295 -0.096254125527649 -0.0913955082112561 -0.0888672305925586 -0.0499977601756637 -0.0436162177831287 -0.0296022202066386 -0.0349850776846673 -0.0474362585140476 -0.0163027976666694 -0.0145991074919384 -0.029000751410222 -0.0296786576147759 -0.0780380176162789 -0.0756607840709636 -0.0740813248396175 -0.0648405052566237 -0.0407312515249195 -0.0256313512731315 -0.0526324545517513 -0.077011466956188 -0.0742058833757
-0.341090362395451 -0.343772892592608 -0.354163171707192 -0.346980042839304 -0.327452905335624 -0.298077477372628 -0.29672960340384 -0.283684948991529 -0.279662083348631 -0.298446306616952 -0.303271038659477 -0.311547056930733 -0.332118052661985 -0.315156456592826 -0.287469231808203 -0.275553471534291 -0.266175490717356 -0.235099790556496 -0.225306926321718 -0.191485913049485 -0.178218664377541 -0.172599221185756 -0.154360276389186 -0.143325183468753 -0.119438849693568 -0.112201527016461 -0.102218326987379 -0.0857771517388833 -0.0974445956721292 -0.0836518360302321 -0.0642560525707953 -0.0857580174892816 -0.0559026309235895 -0.0589672958603488 -0.0280365412060741 -0.00696355622740463 -0.0398705851604764 -0.0193882254354316 -0.0313709764412418 -0.0180790285012198 -0.0373551054126079 -0.056780908316249 -0.0799223373825775 -0.0817801951306995 -0.0695088971578778 -0.0583129880702495 -0.0364824555680134 -0.0352604095628642 -0.095646223643732 -0.0524077040884984
-0.348215090427335 -0.340974223027677 -0.311515260753857 -0.300843467280941 -0.281789463986997 -0.259442504702986 -0.251757464657808 -0.256151940656803 -0.256820078091745 -0.280355303738731 -0.291113996595934 -0.309058362503191 -0.326549842541104 -0.288820446065153 -0.297097072863221 -0.267967196495784 -0.252182555667497 -0.216553030956136 -0.216818669692441 -0.181225896949838 -0.166384968287601 -0.154595242394965 -0.140177260748966 -0.127716155319843 -0.134254644744054 -0.120584115917815 -0.106341476942367 -0.0979750608004545 -0.070053385282311 -0.0569371287142946 -0.0626138300502261 -0.0555382713578908 -0.0427435180721562 -0.0309237369838204 -0.0453745211627362 -0.0238856371806153 -0.017277744750148 -0.00800430301769356 -0.0117782961518439 -0.0104819466322308 -0.0226216529422976 -0.0519953089449654 -0.0384765539303911 -0.065725460865197 -0.0580017982535101 -0.0422822341405478 -0.0455760376744817 -0.0289506030025414 -0.0434789288644055 -0.0343472910757588
-0.343904950735344 -0.310414938459112 -0.29245882656341 -0.2860410580476 -0.249436434962561 -0.244105062725164 -0.242619327007733 -0.237032912140058 -0.250345713841275 -0.256152378786186 -0.259480926198033 -0.282110018519953 -0.292679947548162 -0.268728998514722 -0.263196315872699 -0.249586075636849 -0.240622592707211 -0.19910223923248 -0.190958618320345 -0.168707252792361 -0.174068782682499 -0.163329662682545 -0.135422386495068 -0.125144342677451 -0.115976738527902 -0.110981474086307 -0.0854938218403743 -0.100330493290345 -0.0677335349537144 -0.0939396479717496 -0.103520179867089 -0.0809617164223662 -0.0751967551130183 -0.0568359917740563 -0.0276233254230315 -0.0107197960822291 0.00504315833616409 -0.0339111069063939 -0.0379255851371982 0.00561914221577725 0.000685562397256312 -0.0285431486813016 -0.0365546820323097 -0.0618745454353503 -0.0691309080302638 -0.0789402501167269 -0.0616682684969679 -0.0592946732143095 -0.0654624381369801 -0.0442770648575725
-0.309146623737183 -0.275312078498251 -0.264560623475451 -0.267528230650606 -0.253148251645027 -0.22583241759905 -0.223516312438223 -0.230678828055579 -0.23102196783501 -0.23330386898833 -0.238712802497763 -0.258147803218011 -0.263667381148144 -0.260046657262372 -0.251471555552108 -0.218267863678831 -0.210931238413016 -0.195377325064258 -0.166550143396036 -0.15747579196797 -0.134305547163565 -0.138460396745937 -0.128440556075446 -0.116282525055519 -0.112912462356365 -0.0999740428442159 -0.150170597124236 -0.133500699845151 -0.122686772255859 -0.103134325999028 -0.10817328119544 -0.0478907390135453 -0.061270003846794 -0.0309995910980606 0.000860094128651123 0.00214495898082562 0.0193721825827672 0.0511895619129762 -0.0191185668631172 -0.0539512381212761 -0.00375886005920184 -0.0085635953899012 -0.0525842327448029 -0.0675166954762929 -0.0910398840921926 -0.0748664311277425 -0.0593431135519473 -0.0581254243511247 -0.045216994830821 -0.0317921880553372
-0.275029756780477 -0.265916825758891 -0.257472334896931 -0.236497184582119 -0.217737844810463 -0.214504805079576 -0.210495511104574 -0.198065675358735 -0.185627618539227 -0.216192009167152 -0.215042480721271 -0.227939248836314 -0.215384689404502 -0.228189399431372 -0.23077832250004 -0.21074511977582 -0.184731253471607 -0.175247574492236 -0.157619299864051 -0.151120736355986 -0.142177680184911 -0.20155739843168 -0.188258734419492 -0.190132298122501 -0.172915185743657 -0.155241269753438 -0.155283508856619 -0.120631472085554 -0.127510360616627 -0.0936299373544061 -0.0780720651343921 -0.0677598746484738 -0.0403303686713424 -0.00521252201311595 0.0197384674984072 0.0183024812970923 0.043463386618159 0.0432558634562489 0.0370177184019668 -0.0343390094123429 -0.00458115701031048 0.00267672279240766 -0.0225637183869634 -0.0896674679002539 -0.0909541419805294 -0.0688560718226316 -0.0769882415332913 -0.0605162405219598 -0.0521389340919899 -0.0399658130781494
-0.256233538232807 -0.253960197705905 -0.231234212025903 -0.233196074451574 -0.192948031457928 -0.20793606229566 -0.190886842115442 -0.181892489473256 -0.162412848627093 -0.190267815874201 -0.190180592964629 -0.189858172052779 -0.183347371935472 -0.19981885455927 -0.184586585444077 -0.197023585980544 -0.162901903626088 -0.150781394964278 -0.206175996436254 -0.191891657098186 -0.180656867114566 -0.190164024770592 -0.187793767314647 -0.166994300711952 -0.154012849279162 -0.158500043877485 -0.136257402316862 -0.12429489381106 -0.119870011203049 -0.0917355308521037 -0.0574631752408623 -0.0444380067799361 -0.0397585418601425 -0.0222532423150874 0.000332803372034396 0.0363038487652691 0.0503477007111919 0.0576769106445819 0.060782749772031 0.0234101187669422 0.0014020941347303 -0.00915056802727149 -0.0594656727986692 -0.133366891515129 -0.0971861232432459 -0.0834819410112156 -0.0781528527369706 -0.0568767369460593 -0.0624057382126031 -0.0335264113506936
-0.248586743154403 -0.214557743142646 -0.216178029184186 -0.197771982849223 -0.181132471304766 -0.197795708960601 -0.175137653842984 -0.155559163772212 -0.160845787180169 -0.15402362560009 -0.167001890086776 -0.177081972321597 -0.174168231622334 -0.178184220893222 -0.18155370730173 -0.16431097643305 -0.23235612135385 -0.21664438752185 -0.190892206997544 -0.184885076099594 -0.188204273871712 -0.177229833788203 -0.171627708236001 -0.148341304248808 -0.152467673481395 -0.124453683375647 -0.126057927179368 -0.0985210294865957 -0.0966306739359874 -0.0679860021043027 -0.0464102213706729 -0.0371995159016328 -0.0243417460215329 -0.00265364451273731 0.0357058828109499 0.0700630602406147 0.0657051930994473 0.0530635250505971 0.038523315128363 0.0641516252159116 0.0208504455236758 -0.0237779565764208 -0.101207663712956 -0.122342362999044 -0.126332011284026 -0.0936845134882484 -0.106971942963405 -0.105383275321846 -0.0924114843855759 -0.0761324869844938
-0.204634247059974 -0.212299769257519 -0.208290139425468 -0.197035548028272 -0.225100268207563 -0.219929623957688 -0.184175361377435 -0.190910004610179 -0.188456999548862 -0.141710174705603 -0.141543573318144 -0.139629999562113 -0.138637221559736 -0.207357638763769 -0.211468899146099 -0.218749832571191 -0.196296031866527 -0.193606940665095 -0.181760563476685 -0.168586609634829 -0.153374384604887 -0.17022064114876 -0.160958569120898 -0.148535410040596 -0.147633873873333 -0.117010671385944 -0.11220490268648 -0.088974410082751 -0.082370977610752 -0.0703140364549878 -0.0581628330753129 -0.0405440467372098 -0.0455367468634103 -0.0101705786432191 0.00504285355143219 0.0650406908850442 0.0757717285503333 0.0503958681923183 0.045989115261762 0.0449286916723629 0.0292002842459722 -0.0787318897508835 -0.0894405180207486 -0.111019400316974 -0.0734135721643911 -0.0763351928218404 -0.0885705371572631 -0.104280835106407 -0.115881710631601 -0.102153250769399
-0.215327101944435 -0.230437712954611 -0.235106268497248 -0.227070090582786 -0.210137365506872 -0.184416894371174 -0.178299033502199 -0.174504087925076 -0.166364230214227 -0.173149637816372 -0.167581447205335 -0.16201388755145 -0.164124577454555 -0.197105653218556 -0.18743788851511 -0.19853474891778 -0.186331025797068 -0.173825487550461 -0.170909841186935 -0.176411918182489 -0.153969543927857 -0.160909446798812 -0.151877649585267 -0.151669297199524 -0.156725335747858 -0.129562355936377 -0.120041685465654 -0.109585962720239 -0.094932197173574 -0.0873659797119763 -0.0580997082881833 -0.0301290493286488 -0.0292595750950024 -0.0257873301130394 0.00408583180823763 0.0411981411882824 0.0592374954851272 0.0544233786300749 0.0496917933665072 0.0519795849976489 0.0410064100301476 -0.0724607682831754 0.00172835642550401 -0.0743524011970008 -0.087345670486931 -0.0598184251009019 -0.0967172256170349 -0.106836332544973 -0.0942547206410748 -0.0803813558039139
-0.245157060192744 -0.229322304198384 -0.212014140389504 -0.213038624186658 -0.201079176144068 -0.165100816134026 -0.157370536473708 -0.15925006202692 -0.161774970598591 -0.154591624970601 -0.154771517239935 -0.161055834443145 -0.158392084654399 -0.166497122786006 -0.168795243369474 -0.159302897071103 -0.171806084446708 -0.160835986427679 -0.148881935088568 -0.134203155712573 -0.12062121729841 -0.142890890842252 -0.146380560467891 -0.149247200899862 -0.118271595983528 -0.120955884454509 -0.115343296232276 -0.0877129572232887 -0.0892225088968778 -0.0603055321760858 -0.048171377514959 -0.0342721386946137 -0.0320292254930156 -0.0311641857037359 0.00161654791983529 0.0297238473756697 0.035129184217366 0.0660865427765425 0.0696616472964475 0.052579019284121 0.0430188682676541 0.0201323444560254 -0.0472785188148984 -0.0825291280852507 -0.062992435330055 -0.0739152908029139 -0.0738747183906466 -0.0973898384854613 -0.116324147359061 -0.0837603446875296
-0.282300433353851 -0.284039759648808 -0.201103437665068 -0.186815274720746 -0.190187231901677 -0.167584966569732 -0.163762728154211 -0.154088326661576 -0.13560932039503 -0.149387179366245 -0.13846280402768 -0.118878418430858 -0.134737169954631 -0.133880645830591 -0.146952591630284 -0.1480172853308 -0.149375892939003 -0.127529240686091 -0.140268271171858 -0.125841377415744 -0.105490558137254 -0.135044507064645 -0.124803943727329 -0.131677418849755 -0.132693718016557 -0.114334880099945 -0.107904862194505 -0.0883955662862307 -0.056978331514408 -0.0509379213483052 -0.030842988130879 -0.0297449807743236 -0.050694919929397 -0.021315018721818 -0.0128335724174512 0.0180437765575661 0.0351818486697077 0.0716246032811442 0.0806432940049343 0.0749266609058782 0.0516126921844162 0.0217267710896251 -0.0385445573815928 -0.0542825872280485 -0.067976768428017 -0.0659263602185672 -0.0678228152902567 -0.0925281090317112 -0.0910938473700137 -0.0771491685830271
-0.27913310809028 -0.267870696383415 -0.256943629867894 -0.238311098507353 -0.231533320205474 -0.147359665101529 -0.140576988720156 -0.127825735443674 -0.14808028562031 -0.150948533026359 -0.115754370723565 -0.124150672433078 -0.121070023742862 -0.127901044649581 -0.138475650436015 -0.141806915235125 -0.139754062273158 -0.132136628114451 -0.125275164794923 -0.109989036986862 -0.113443738606328 -0.129216361771891 -0.120814246571676 -0.139768738601918 -0.122388261412318 -0.120387862690011 -0.108361734756219 -0.0855182463886306 -0.0543827135839582 -0.0374364446620436 -0.039099062123879 -0.0454243591571628 -0.0326338173642389 -0.0405847019904084 -0.0187798088281867 0.00289225991095876 0.0631609875860344 0.054619064538371 0.0958127421655056 0.0674839021202776 0.0482998590176199 0.0411075667850235 -0.0352446286099449 -0.0622765838024394 -0.0716083128036639 -0.068240902632653 -0.0598644957974555 -0.0739005442395071 -0.0910524907498196 -0.078308165898666
-0.264539687112175 -0.266296309256525 -0.231046673640364 -0.241310834296842 -0.223237106095955 -0.223726430789025 -0.191035688848866 -0.205207507603461 -0.132582339803885 -0.10945216107334 -0.12243787442578 -0.106166370832487 -0.100214520421565 -0.113399712104994 -0.113384411492855 -0.134874471258543 -0.12618719517051 -0.115835123353195 -0.107703183245294 -0.0969925864955163 -0.0919780033368873 -0.0979990639577574 -0.104169116559485 -0.110869607114111 -0.114924175493385 -0.0724662841636655 -0.0706996616851538 -0.0584309764565736 -0.0663799131392406 -0.0518401014566526 -0.0527575965398487 -0.0397073735057926 -0.0446737489531897 -0.0243142828105843 0.0128985140323576 0.0255053242112054 0.0433092664869376 0.0613003428595391 0.0825917909828843 0.0600515411763047 0.0587580929996414 0.0262560144408491 -0.0171117730164321 -0.024009349446007 -0.034918990817276 -0.0411809204173761 -0.0571206190574785 -0.0762658552473518 -0.0937029514963724 -0.0659327441237743
-0.255689999527769 -0.244663067296746 -0.248320311504466 -0.235325497268716 -0.231105283709186 -0.210179546600355 -0.210693276319051 -0.205325444157905 -0.171722559268964 -0.168242065473232 -0.11164401799542 -0.114238491525413 -0.112141343161569 -0.106705388112663 -0.109837060329955 -0.109542981063974 -0.0982269878308546 -0.107349708667965 -0.0981739396214319 -0.0860474453208231 -0.0758031253017679 -0.09424927820243 -0.0706154438586409 -0.0912645472412894 -0.0791421320094809 -0.0810302828079111 -0.070764232997631 -0.0507214346818686 -0.055074312412709 -0.0495392229565988 -0.0434895001054301 -0.0273441380247326 -0.0154560657495869 0.00601665731593198 0.037397077288032 0.0338876237341087 0.0500355298942061 0.0821350832628285 0.0688820250463554 0.0862987394721529 0.0245914399620836 -0.00881492952518481 -0.00821208291948827 -0.0158539470200875 -0.0228126807419157 -0.0398826763157987 -0.0258629091822881 -0.0688458211973423 -0.0572021340132341 -0.0478181445305576
-0.280403105554219 -0.252188955457491 -0.237958979842856 -0.223372260474221 -0.200980810649515 -0.199694625537809 -0.201680804198651 -0.173090030137753 -0.180105295019738 -0.183784360822937 -0.171831587025996 -0.161295372712797 -0.165696288658627 -0.165358769545171 -0.138554486042363 -0.133821546870887 -0.138944169502574 -0.109701715608228 -0.109286406248086 -0.125775221809786 -0.0679731799298338 -0.056089439268955 -0.0739983477052717 -0.0655228982036641 -0.0794081214611743 -0.0542439925295777 -0.0457187108347033 -0.0404451994187384 -0.024519172843775 -0.0225060544555665 -0.0221435325349661 0.00120014572365035 -0.00978593345405321 -0.00143279211183589 0.0108420913775812 0.0232482691267151 0.0389326334485628 0.0640058247961853 0.0684213502252962 0.0909865570325205 0.0895141436130411 0.0201159999768962 0.0226938965051279 -0.000326189631728757 -0.0135661507439238 0.00689603209555317 -0.0219815979398607 -0.0372201816066532 -0.0642280957888909 -0.14490624614353
-0.267159185029247 -0.316983906678245 -0.251554905728642 -0.223359056357792 -0.21490791235158 -0.193422757448492 -0.181306176192078 -0.190094335182444 -0.173369043243386 -0.166322481089789 -0.160521971653835 -0.153798064832905 -0.139969786134187 -0.155814462814168 -0.130366490730449 -0.135661257981907 -0.122672155041628 -0.114243694506618 -0.109447145024475 -0.0863353785768424 -0.0878921680370597 -0.113492998034847 -0.102812911935957 -0.0438265163740754 -0.0319354511451427 -0.0282912467301185 -0.0197199730284086 -0.0137742163841169 -0.0101230972689375 -0.00670944002921287 -0.0698495065813257 -0.00833405446371221 0.00168879089090163 -0.00638790273545192 0.0250431373952146 0.0154209860280451 -0.0218381554378262 -0.0110789804822314 0.0232908867752199 -0.0586424224103709 -0.0368390600406002 -0.0332019215644432 0.0213741266432415 0.0221759808335086 0.0123138336077959 -0.03157462582846 -0.0334307067692146 -0.0378391618897518 -0.142248251189559 -0.146334146243854
-0.241134465094849 -0.305628772851953 -0.240174699868572 -0.237588530319185 -0.229410184228432 -0.175394701420482 -0.178742532417958 -0.152701832985037 -0.164889391193992 -0.152922062778972 -0.166353271734725 -0.133772892336284 -0.150533382441671 -0.147080065035635 -0.145493910895032 -0.140003301884189 -0.112834000820514 -0.13326994188185 -0.0849323280202429 -0.0930268926710948 -0.0917222278271892 -0.0767601409419507 -0.09006749582521 -0.0709784667172251 -0.0645186017287207 -0.0540780585014841 -0.0284188560675827 -0.0552449561464976 -0.0517743110221061 -0.0497386807028363 -0.0716866375402523 -0.0658801572623897 -0.0650256151182896 -0.0664357686573386 -0.0604945590124873 -0.0359897566193106 -0.120633289049786 -0.0330320967589686 -0.0763209304318315 -0.053143054585002 -0.0426527340825125 -0.00150585680718374 -0.04922199521778 -0.0416208656265404 -0.0754193336486407 -0.0898122571157162 -0.0806529091351643 -0.114672650698339 -0.157872009299236 -0.134490007398605
-0.294670167463159 -0.209529207131011 -0.302279392499754 -0.176332434931388 -0.138409282099817 -0.131362676786575 -0.140265625647225 -0.158489018844724 -0.151200186972491 -0.15101693571006 -0.159581607364874 -0.145038353131778 -0.128450326771484 -0.131235800584453 -0.135019832791927 -0.14150150977323 -0.112908346233787 -0.078185146248639 -0.104370575321072 -0.0679066522607562 -0.0516075589281394 -0.0577775385482873 -0.0535805965381953 -0.0549091785403255 -0.0533485418730746 0.00187485964572209 -0.0111818879646891 -0.0194915112870517 -0.0510092665112171 -0.0523341645752055 -0.0462334765961342 -0.0543454562097965 -0.0542288858173289 -0.0601443092273792 -0.0566893409587366 -0.129226216977374 -0.102190967615614 -0.101595824666228 -0.0996317065753035 -0.0625187023541083 -0.0313459214037491 -0.00992061554979734 -0.0417212578899176 -0.059095293988888 -0.0466300634343034 -0.0745410596661127 -0.0929025648785409 -0.122521374695445 -0.132945190439757 -0.157529760082694
-0.278152524486456 -0.288457158294519 -0.293673206078257 -0.277715285514076 -0.119384575225256 -0.103252716699549 -0.120587789185884 -0.143349467874335 -0.141328231021334 -0.1450880625795 -0.166525279221938 -0.135644239011757 -0.155742626116841 -0.122452298885118 -0.125602785226763 -0.126357991074079 -0.0919182672335433 -0.0941166597641837 -0.0812694140352599 -0.052564976944529 -0.0575022822899881 -0.0509854832379025 -0.0366133876117516 -0.0215932712165295 -0.0272760277462214 0.00415271593348721 0.000883620372523541 -0.0170133441739957 -0.0297436977025949 -0.0349889919504325 -0.0621090282447302 -0.0679510514021256 -0.0736628896905007 -0.0736753198220517 -0.14678975865006 -0.149932900868447 -0.0992660477807426 -0.108991217008505 -0.11048994675133 -0.0579049297686088 -0.0206079818825164 -0.0433534687138454 -0.0392157826132236 -0.0672731100275376 -0.0730382931533365 -0.0689011147280036 -0.090184028918113 -0.119981493970691 -0.123710535413854 -0.132274221255334
-0.27302553321017 -0.298007363293372 -0.289101101172367 -0.278861263130914 -0.126440942587952 -0.103030636300985 -0.119170637044958 -0.126817936880975 -0.125926151444956 -0.129770523172783 -0.163741296944727 -0.137808913252658 -0.121176443413131 -0.113517434901705 -0.131055413482425 -0.117638610086637 -0.0989616958506678 -0.0851388330910331 -0.0664538371223821 -0.0547575053252714 -0.0595331897964159 -0.0650506868084484 -0.0132749853325624 -0.0365612715158214 0.0116607355825293 -0.00313664949730696 0.00269206427313404 -0.00782770498340046 -0.0247727170388069 -0.0197623369005682 -0.0515425906347563 -0.0643903031881833 -0.0515506242170874 -0.056510692957559 -0.145524593223252 -0.150611695015917 -0.140668870351662 -0.0858173022046956 -0.109037494319819 -0.0591701295030082 -0.0299297891352979 -0.035332878651325 -0.0629858393065211 -0.0638533229198048 -0.0876298010251452 -0.0997263234972099 -0.129035077938232 -0.120022654456477 -0.151895487080944 -0.148279991774945
-0.279412553434867 -0.280857076206412 -0.292099332349405 -0.259733166551118 -0.124934643394206 -0.131170183677769 -0.115988607895957 -0.113832816595394 -0.094397760956771 -0.13404701979286 -0.138002271720554 -0.148356507025624 -0.148290618559217 -0.123147713368984 -0.119599420331284 -0.120644393077203 -0.0884639587052673 -0.0812898402816421 -0.0618591433023037 -0.0555131058345045 -0.0731001532427475 -0.0415836905731083 -0.0369355191214758 -0.0333928071935919 -0.0149633118209146 -0.0400306204052611 -0.0126764425840691 -0.0282855470475411 -0.0268883030330005 -0.0398976509022432 -0.0616232972272676 -0.0473045225255838 -0.0352317682413573 -0.164351178938547 -0.139183604983393 -0.129411267723971 -0.13790042752676 -0.122844670856972 -0.1019116202325 -0.059396508733779 -0.059175521823961 -0.0529679997354607 -0.0692969473506442 -0.0747920187527991 -0.0966209548088405 -0.0965988630673285 -0.123120192207395 -0.143883863081889 -0.157625645367625 -0.143152060723448
