data/pcas/pcas_can_126/pca_referenceLayers_can_126/PC10.asc
NCOLS 494 
NROWS 529 
XLLCORNER -117.166666666667 
YLLCORNER -55.5 
CELLSIZE 0.166666666666667 
NODATA_value -3.4e+38 
[rows 138 to 160 of 529, columns 300 to 349 of 494]
0.142589912574853 0.185589589479361 0.228403843181476 0.317001009166261 0.423663485114471 0.378809781069556 0.394504089269941 0.357066628274432 0.346623989836529 0.283876962382009 0.283807008152733 0.305374923453712 0.282077191420274 0.266250127098573 0.248165549967211 0.287581244268268 0.310597147259043 0.259816368351213 0.219357182131315 0.228795877407056 0.279088907702338 0.263181910958731 0.316447738853916 0.342713963214668 0.389933926873414 0.375098225517085 0.339566608522833 0.388613526709153 0.43006706122625 0.438424167671597 0.433479823943999 0.471958912263375 0.446461466478036 0.484018858419549 0.47116748083779 -3.4e+38 -3.4e+38 -3.4e+38 -3.4e+38 -3.4e+38 -3.4e+38 -3.4e+38 -3.4e+38 -3.4e+38 -3.4e+38 -3.4e+38 -3.4e+38 -3.4e+38 -3.4e+38 -3.4e+38
-0.102075732242887 -0.0856710092114313 0.220154387207691 0.323070376389557 0.347804354122328 0.335289977255778 0.372393120141496 0.339743922364051 0.0522799890376902 0.0566771250469219 0.00377980583241311 0.0378598830109903 0.227705953505702 0.212610729625073 0.278856413658427 0.263432154103134 0.262494010955848 0.271431736330357 0.281978120658883 0.296230173404744 0.294500798357114 0.349112987619576 0.349663447092073 0.336370210181006 0.31856668635993 0.344428717710553 0.309761871310609 0.364438220011817 0.450851554018432 0.425565840606532 0.414266054286143 0.452203855133984 0.459054067394819 0.489696333053091 0.446429263055966 0.442062740109603 0.44701612280344 -3.4e+38 -3.4e+38 -3.4e+38 -3.4e+38 -3.4e+38 -3.4e+38 -3.4e+38 -3.4e+38 -3.4e+38 -3.4e+38 -3.4e+38 -3.4e+38 -3.4e+38
-0.0925261395037685 -0.0508129102014283 0.27037903003193 0.351863438621077 0.35661683907564 0.328092229330805 0.0913251344505927 0.0510584592872193 0.0335285597890336 0.0403036442656117 -0.00386566516027466 -0.0100105889881381 0.235052911768686 0.215325964737058 0.23968457758813 0.276259503957024 0.265289317666658 0.237464955025806 0.242327343359987 0.233735431725417 0.28189580837119 0.302068855214596 0.329936316513116 0.346849393052521 0.322762988082836 0.315492743111915 0.344804545788756 0.400876908128894 0.431405912698995 0.427902726132846 0.440182469785042 0.448589890152156 0.46608260343896 0.480686842942007 0.467484019842001 0.48865451539294 0.405479344278077 0.415724641645076 -3.4e+38 -3.4e+38 -3.4e+38 -3.4e+38 -3.4e+38 -3.4e+38 -3.4e+38 -3.4e+38 -3.4e+38 -3.4e+38 -3.4e+38 -3.4e+38
-0.0787471101772363 -0.0361381976558146 0.0492165111780199 0.315182753442537 0.354933535653978 0.331421012612904 0.0705376631124628 0.0504264652095864 0.0274849598494924 0.040482742302312 -0.0347433596231787 -0.0150419385824544 0.215230712226948 0.192665491168087 0.252973303350206 0.280570680096558 0.251404115992144 0.276719378827783 0.28086745636968 0.284903664433316 0.300562435962818 0.291640582956656 0.31483445747042 0.330723026615135 0.356843588108444 0.331160441684349 0.406348419035286 0.410189604364765 0.40190578905111 0.380300525940985 0.3931586732499 0.370924293674592 0.391926277860357 0.419265346642958 0.472131470536932 0.460860884668195 0.411872835398926 0.422556190345526 0.405082092339718 -3.4e+38 -3.4e+38 -3.4e+38 -3.4e+38 -3.4e+38 -3.4e+38 -3.4e+38 -3.4e+38 -3.4e+38 -3.4e+38 -3.4e+38
-0.0595361664978018 0.00688522084787542 0.00889776973691245 0.349731541611718 0.361289918500032 0.306030245823548 0.0515313118937429 0.0598598788559867 0.0363618487987289 0.269090310960653 0.285248080607167 0.262188909635265 0.21392517071192 0.23331635426424 0.234743696446968 0.29218725553561 0.263110844690707 0.22224628760798 0.273689365103916 0.281288504328594 0.284480086614349 0.302939256387768 0.346001892710957 0.396061658025055 0.369785769765696 0.406067565957116 0.379320768966826 0.387367385515704 0.352478213085334 0.364807067966246 0.300982158668535 0.342231621491091 0.358833221641565 0.387859717533535 0.408079665732552 0.419402360987315 0.40075714232117 0.39719367696023 -3.4e+38 -3.4e+38 -3.4e+38 -3.4e+38 -3.4e+38 -3.4e+38 -3.4e+38 -3.4e+38 -3.4e+38 -3.4e+38 -3.4e+38 -3.4e+38
-0.0448113400715975 0.0189137940153411 0.00865060580475022 0.364098395271633 0.366100996187324 0.0639898560085737 0.0458007563308986 0.0629193649402076 0.0450860615709859 0.295375616987676 0.350861039839841 0.333061973513105 0.265589915417465 0.249589480301351 0.262361858352496 0.307037697989032 0.268401656318832 0.259339248670115 0.253418347708107 0.271274003583001 0.290432496326708 0.311059771354661 0.414196623905411 0.408212989566255 0.356391711038386 0.388876093330184 0.393057930365716 0.388496698260859 0.350992707465058 0.371712802523296 0.271033061978928 0.294410455839963 0.324360118486699 0.371408378143342 0.383026748712458 0.385425029736749 0.405908866887575 0.375985285511973 0.361731908086032 -3.4e+38 -3.4e+38 -3.4e+38 -3.4e+38 -3.4e+38 -3.4e+38 -3.4e+38 -3.4e+38 -3.4e+38 -3.4e+38 -3.4e+38
-0.0162842246198215 -0.0314648211709789 0.0216688696635413 0.0767077446685698 0.0937260509635033 0.0974435330590004 0.10144779094297 0.0796912515527208 0.049611285640406 0.0228239610058637 0.316094705493765 0.325501492504601 0.309762839540328 0.314359850664535 0.316661561221917 0.336765033137878 0.317780728327817 0.29466058283991 0.2997377241957 0.304109290314316 0.304522715969634 0.34744885005872 0.360757049363413 0.379966452807898 0.378169336647563 0.381982745549458 0.370216466532599 0.356749739484445 0.338600951883177 0.293270458979226 0.319683514106406 0.3201808259357 0.310648183610505 0.326626893405063 0.326335647905034 0.337458787512522 0.381470477587928 0.372869948920909 0.344596434062943 -3.4e+38 -3.4e+38 -3.4e+38 -3.4e+38 -3.4e+38 -3.4e+38 -3.4e+38 -3.4e+38 -3.4e+38 -3.4e+38 -3.4e+38
-0.0231708494232316 -0.0341145317949017 0.0444677045523694 0.0289722254694026 0.0538955334028812 0.109278292293126 0.113226503590648 0.108131513910993 0.0968587666115775 0.0505398174920018 0.0429352958029973 0.0676412149223415 0.0463865621425769 0.356165384900969 0.371014592296387 0.353331246054739 0.337701069440877 0.351251787833522 0.320698491784288 0.32110085706512 0.342404381875858 0.339954883625336 0.376751330157198 0.385891344761716 0.411688328300151 0.365399833947392 0.375557084694231 0.368391802900509 0.3363541585417 0.315970569961743 0.308403502259987 0.288185230069842 0.295640053295465 0.326926369298247 0.335038037670569 0.355621868598521 0.356184570021699 0.326537780136612 0.363921534173521 0.339912765925472 0.328912254716899 0.331173382141121 0.323200760394494 -3.4e+38 -3.4e+38 -3.4e+38 -3.4e+38 -3.4e+38 -3.4e+38 -3.4e+38
-0.00950214813365788 -0.00625557610973532 0.0222427145116642 0.0303433621331937 0.0238722132710922 0.124958073522984 0.136243754039117 0.108724429527168 0.0534485866634832 0.0604581273982978 0.0486848516656862 0.0635839566161186 0.085353114328907 0.115722841936787 0.108741724072748 0.383365075413856 0.374546245759585 0.379449585857428 0.372782874807904 0.373609384230689 0.355736932441874 0.373437857540124 0.382987617820536 0.381257921669838 0.331830830692591 0.361949378730018 0.375506315004585 0.387266588228963 0.352802602673612 0.287963773428277 0.28201916313275 0.300380567242786 0.335230466928832 0.346708018044571 0.335249208983401 0.349710029190495 0.343596064510985 0.355689764045449 0.351091556313943 0.339816808040962 0.312381774190565 0.337550838092532 0.346146513489835 0.289417336733009 0.335756005543039 -3.4e+38 -3.4e+38 -3.4e+38 -3.4e+38 -3.4e+38
-0.0241261553341107 0.03746286262627 0.0185170878786081 0.0242425531617541 0.0918361388020578 0.0942974822990275 0.136857494380711 0.158604558495833 0.106215991085418 0.0319741302956259 0.0822183706460772 0.0738181923310017 0.0619599258635191 0.119447848444458 0.159269475411625 0.170987339371228 0.170606856185074 0.44519884080636 0.161036453410494 0.416027500067027 0.394315480643043 0.404261735951589 0.376070582657581 0.370512349481939 0.415601137253909 0.400319017600937 0.381124466324157 0.356482809428817 0.343218031651675 0.31464797309023 0.291413920466672 0.280058450281252 0.306851307204216 0.318827885285595 0.331909596960266 0.33873764182388 0.319602381955684 0.348255954006118 0.343954058290591 0.331981252844169 0.340298831791186 0.300071758557184 0.315338849798378 0.337223860680585 0.335927097471855 0.338149332628469 0.336007631859552 -3.4e+38 -3.4e+38 -3.4e+38
-0.0503377658269368 -0.00183464673547518 0.00732634512561192 0.0128982114886507 0.0827462592036105 0.144063854583578 0.148517312539214 0.189915946584998 0.169316531855924 0.206974228809277 0.176875442540423 0.161196751363378 0.0818865629230345 0.0800387156581865 0.0974592136811918 0.22722393908846 0.157310355732048 0.181066244934437 0.159269414019611 0.436679471966682 0.402315154956796 0.425733901302254 0.402961297214286 0.403816866730934 0.422137138201421 0.424688341387025 0.383316833679807 0.349489131254066 0.292460776325359 0.302757820023019 0.335663913888751 0.307418380697601 0.299286654255724 0.302653932944667 0.323383167756789 0.335526481157576 0.32399343989257 0.325141531199966 0.309616877158697 0.309594343152154 0.312292067964094 0.332668301563785 0.328085759120105 0.271452683717503 0.313501219461927 0.340288940979872 0.321341242872735 0.323226469972205 -3.4e+38 -3.4e+38
-0.0396447414695602 -0.0410936394064941 -0.00537147832250817 0.00570172327646751 0.0656811167293614 0.131211410425596 0.239441582815012 0.211778063912029 0.19250114118759 0.143018805729156 0.161874723664901 0.166860266925289 0.197182992655512 0.203607829188011 0.225981073360046 0.223443725498251 0.208375584548067 0.214117624807929 0.168808056944124 0.176005812417333 0.469868021881709 0.425823866774083 0.461958872960639 0.426223886287335 0.405235020578159 0.306211540954543 0.244002785437709 0.297880991426222 0.332675675841441 0.338770791598596 0.299147354758897 0.315498540724097 0.316326930491818 0.296820817203665 0.268366465148963 0.328442273853408 0.306820665051136 0.286555875988329 0.284828429163738 0.290937332140111 0.293716097010646 0.312076678606352 0.300702651331484 0.286299622350227 0.293989506388603 0.33416468785129 0.358931155088421 0.342635493643259 0.327457661479708 -3.4e+38
-0.078406371643431 -0.0219511803790071 -0.0737792520065126 -0.0137426044116946 0.103874423927202 0.103405022660463 0.181895176965476 0.193937158430476 0.168599943366011 0.170963892981974 0.130985614117764 0.15164580116313 0.156709998557844 0.21571468283772 0.191457268704436 0.236444221201105 0.205276645019717 0.234163619523002 0.230961181416224 0.190733318373167 0.510680208872604 0.166035520387343 0.476144845234125 0.426568370323879 0.388104776270236 0.0892722119591214 0.0502630508255532 0.0365327055030588 0.0240421839253115 0.052741535601116 0.322747665334362 0.303867933448729 0.282514789211948 0.263986538978743 0.245644554256739 0.270116232287924 0.294478428871671 0.25906930557512 0.312841873613308 0.266601264659783 0.301344914666031 0.30360981173985 0.311518550382818 0.299550999874645 0.282815557931048 0.418864496436472 0.298395671829197 0.363158268900766 0.342254681944184 0.361053550064249
-0.13522652632531 -0.125275003371488 -0.0516312458441909 -0.0201656393285368 0.0676193313687072 0.0739965581304021 0.117646443317346 0.147238842418756 0.190614984352248 0.217043156790825 0.176846131601032 0.192631591594549 0.108958891184416 0.153157618292767 0.215888211274305 0.253375425645917 0.18004963876473 0.282026930182469 0.2726810132717 0.230856006633569 0.203745600013886 0.228134894641479 0.142865168048352 0.433940403694428 0.364959642884109 0.0683210721247968 0.0754573459542578 0.0233079647751233 0.0243479778467213 0.0440073594808968 0.321725530531625 0.267162017961517 0.249203880906699 0.258960455970937 0.261117740495261 0.265180923390552 0.235815822708116 0.268626181551972 0.276287629038255 0.243908263819541 0.281536272608958 0.267868543900721 0.280902808109456 0.290063799600108 0.267674617457361 0.295989575479268 0.288417798014315 0.33207524633246 0.380790578789036 0.344444509210001
-0.145301591413255 -0.0839731980060943 -0.062899536236237 -0.0475853554379821 -0.0409688538869834 -0.00227454809626207 0.0925991647563296 0.113450908978072 0.0950259986746738 0.138656352626901 0.16796596214317 0.20643703709952 0.223590619867629 0.236232951523208 0.203456453556536 0.229414420544393 0.22079315314965 0.229530609108185 0.16794653807908 0.177288144321406 0.194047142265456 0.159188861781445 0.129689727161001 0.134547742082243 0.0942829297554726 0.0627628263486514 0.0257220952899878 0.0116655645583068 0.011499853457046 0.00432447748430603 -0.00299579619291734 0.259325970063485 0.274414928425029 0.2583617268632 0.260815083812076 0.268139660135056 0.259315091463645 0.223505808088834 0.258321373061595 0.23404536595682 0.263671347016128 0.262464323822684 0.294873064050343 0.263473875120518 0.257808085351133 0.29798437075358 0.415400592169911 0.313166819405344 0.364401585075241 0.359617245103732
-0.0391089090704712 -0.0169037051620539 -0.139810579463624 -0.138362504871325 0.0250836742781446 0.0402439821681047 -0.0220472187589817 0.0620827538824475 0.0864991752088297 0.13180361399497 0.16322529266646 0.195899228268737 0.175028095943319 0.186330806674451 0.2007907119208 0.213267061244732 0.169807310442975 0.200466728751265 0.181420368673058 0.172612709463391 0.15400577693585 0.130480475129145 0.132244702134248 0.121114130589645 0.139616251162957 0.108158488904399 -0.00114840121084478 -0.0167384357395221 0.0186611538371381 -0.0111487522837456 -0.0572643445391753 -0.0577424753870785 0.244177749580799 0.215394229601238 0.247181971599809 0.229603829426243 0.238639768359822 0.230600528288587 0.246626804710292 0.236963562348812 0.257598924048832 0.233185992870005 0.260546952263198 0.277081991054643 0.253383587741348 0.240849686032054 0.279096848037813 0.279957732089301 0.347359749412722 0.365193077812177
-0.0800178177130499 -0.107757522916531 -0.158379479959221 -0.194149856086718 0.0514672263254102 0.022755560399553 -0.0186683429473269 0.0182093902129744 0.0525422565119427 0.0964256465094942 0.128504163403661 0.144400219797713 0.173855685950555 0.150581960655391 0.159554327244203 0.163034749202507 0.164803086561407 0.173968233542655 0.126715899964171 0.151587779666136 0.147979139470017 0.127528263530016 0.0997218027242101 0.113447922250365 0.0772202065742831 0.0418436743266107 0.00958923635490919 0.00558915687461581 0.00707919683783281 0.00140940242415072 -0.0296775977760474 0.27459608263752 0.27500389837991 0.265772375249979 0.250449532852858 0.238694577486143 0.218135234090076 0.17983879493229 0.234554436560924 0.225671231621725 0.262905093339137 0.277510983884876 0.261314952151086 0.247757164653542 0.258327201338108 0.252124818987481 0.2633440367279 0.250594777643728 0.37761603909278 0.27286966713683
-0.115818255897074 -0.146488353386468 -0.230129657381751 -0.170289655616275 -0.0056643886912906 0.0642083326319456 0.00133557205819629 0.00148804553340098 0.0334579835858557 0.0641074325088593 0.0711490259750813 0.116123540126832 0.132725646950265 0.161858179522355 0.160509977387821 0.147155393616448 0.121587331790586 0.135485047128072 0.162910158420823 0.134033138998261 0.134058156817462 0.119883276607301 0.106532619462565 0.0899444340020116 0.0628869144679297 -0.00283034612292915 -0.00276845923507257 -0.0287416099631028 -0.0347881564056993 0.0119447618324227 -0.0355841643644784 -0.0692405383346429 0.294232675698316 0.226415389654095 0.224359518284453 0.167332353020585 0.153939108206714 0.176848902839818 0.173244444463275 0.219850252963308 0.22065440511738 0.250624251883923 0.228811114060267 0.210596617014383 0.22831230917312 0.250933318705654 0.363110861394854 0.391120196831501 0.348409693121458 0.367603765344494
-0.136696863054052 -0.174942639463825 -0.21206406085965 -0.165440439755802 -0.0176490664687475 0.0228476067261921 -0.0172031659990263 -0.00810752420555361 -0.00556744376257268 0.0708475147868352 0.0688394883681289 0.0614648434055298 0.0888513425105114 0.120332665418713 0.137592668241054 0.128570922448717 0.114915636944983 0.128040398304868 0.134073734688036 0.110437738715082 0.0950981235434645 0.122962531257865 0.114911287038003 0.0726772234039589 0.0856857385121584 0.0283107328180056 -0.00390917910357894 -0.0167058325134621 -0.0258406771138638 -0.00802893367728943 -0.0438929180298033 -0.0985961265704245 -0.107338446091209 0.216764647862317 0.186149805290273 0.181711503185991 0.17150786217822 0.129318286992572 0.134445942297198 0.185530033358444 0.168439162094034 0.156840515647803 0.167112490036079 0.209792326865819 0.173017807125357 0.194146534860505 0.188204764110872 0.235350874766023 0.31951346207437 0.317880283762872
-0.116072157897038 -0.0702320451937503 -0.0443790844060092 -0.115637992887943 -0.0751650197206634 -0.00256182278469952 -0.0622066527055219 -0.0433989957584517 0.019425408696833 0.068219432185289 0.0952855180155094 0.0504354422585312 0.0739940879623686 0.115631973297585 0.128115360720538 0.102131098734509 0.0702420360751664 0.0858801608495564 0.119088250592411 0.0934849051472603 0.0768141333734162 0.102931768047221 0.0885551242025155 0.0626894702290914 0.0876345601583653 0.00380758656142804 0.0156039368507276 -0.0717608124356976 -0.0712220835460282 -0.0768815020303321 -0.0926766018409267 -0.053884644082554 -0.0482412113181264 0.29251853381827 0.239971879471741 0.319700693110226 0.163480390408178 0.162933735035474 0.147102970781291 0.14473324151507 0.270860825171714 0.259296791435909 0.279123666897681 0.293108688348815 0.287027575222143 0.179315138137082 0.273675446687158 0.154921924268855 0.288982576898084 0.297183451230882
-0.074954072556112 -0.00164870406574202 0.0146037665130467 -0.0532445589547725 -0.0435397102813678 -0.0275672614814092 -0.00761225548261402 -0.0073149897166751 0.0566725209810869 0.0841110188213359 0.082090179848016 0.0405346828784112 0.0499561963777617 0.0804156526776274 0.103939590252016 0.0804432559759983 0.0583181899348726 0.0895902788413761 0.0939215548226907 0.0901437527356552 0.068094356283449 0.065346482937051 0.0666356223522711 0.0422544334020893 0.0702524037101426 0.0483707204160351 0.00246583339993839 -0.0673043574391209 -0.0635020248313903 -0.0518242618050627 -0.0534364166838677 0.000939691126863262 -0.0440561244828929 -0.0200969008398184 -0.0690763017598129 0.174111841219528 0.151848963154401 0.134482017300065 0.137551916351416 0.171637144583516 0.19095936252049 0.246331161783108 0.226567035849549 0.223776211424332 0.255395608424588 0.254136907011432 0.241139035249222 0.267220373627417 0.274265388471038 0.291480583466453
-0.0336580051777339 0.0167928098418865 0.0345718844029674 0.0771693813033178 0.0102424364556973 0.0106854350785449 0.0123455095280913 -0.0205300278596268 0.0609832328834667 0.0450890554639658 0.0345577894693052 0.0390968445408011 0.056708775416615 0.103460186414689 0.0744489797304457 0.0714814440863676 0.0531549692788717 0.0857538497870594 0.107057120052354 0.0919060485204 0.0716778843222759 0.0496157061178559 0.0296161787265821 0.0359201215172091 0.0255887084212603 0.0502264784315015 -0.0164703899379978 -0.0214516168503246 0.0348607436174885 0.0618028446802609 -0.010483673730141 -0.125317648477022 -0.167398630375024 -0.10284376228265 -0.150980026598657 -0.149893965400617 0.133070376355488 0.112632560361113 0.172830844713016 0.252553728592929 0.182533240658687 0.285608577530581 0.246670336749228 0.299250410876036 0.36235624757681 0.248190372324599 0.216497162762806 0.271221434094574 0.289464026997249 0.290364568613905
0.0351337185448714 0.067619121352904 0.0897138822857127 0.0746919468024919 0.0593171456141855 0.000939348156220876 0.0802289993928528 0.0462479470485581 0.0525074981154286 0.0588799590777324 0.0131207156445161 0.0354171174022955 0.0419178698228786 0.0672474514495228 0.0683961699628606 0.0699551610489555 0.0436379876354504 0.0473638601918167 0.0609908988281487 0.0386185304041647 0.0145680569936065 0.339832010051114 -0.0139492231105824 0.00387060328190936 0.04718311092141 -0.000505582726706255 -0.0431193927591029 0.270309578526839 0.278400531405663 0.103230714004393 -0.104754529735944 -0.122932659588553 -0.186220458625205 -0.252285227286911 0.0789703309485565 0.194642784639495 -0.148036243281446 0.202971088877059 0.187446907249208 0.20794673760553 0.351200185080232 0.171622131881707 0.204876751928017 0.255260928678873 0.28392995294403 0.253753975160146 0.240736744867083 0.297274919468928 0.332292141666361 0.336792965769875
