data/pcas/pcas_can_126/pca_referenceLayers_can_126/PC11.asc
NCOLS 494 
NROWS 529 
XLLCORNER -117.166666666667 
YLLCORNER -55.5 
CELLSIZE 0.166666666666667 
NODATA_value -3.4e+38 
[rows 308 to 329 of 529, columns 300 to 349 of 494]
-0.0428010877966803 -0.00666353304570805 0.0514847122964229 0.037153198911549 0.022210088337434 -0.0143808234719461 -0.0277755307269111 0.0306439020983394 0.000986985913102444 0.00570567492355776 -0.0127987041821694 -0.00158913793138912 -0.0225155008059606 -0.0806862754517903 -0.0321559816996912 -0.0202092442731036 -0.0329142970621811 -0.0162270961384632 -0.0151244147789869 -0.0080568999332943 0.073252938501602 0.0652753064638369 0.0482852287736529 0.0470173478637266 0.0229378651597477 0.0263713179540894 0.073331919566235 0.0807608927590618 0.0952193389747893 0.082030719957149 0.103906365739016 0.117849373142898 0.116650202902072 0.129090224945129 0.135006287799742 0.149628069580583 0.16006029139724 0.169097290111413 0.172038254217072 0.18853569752552 0.204329090715673 0.196727096124678 0.205312489581971 0.20772763359003 0.20603701227374 0.195882424253309 0.191047676849803 0.180439105557943 0.176121671077332 0.160608577116098
-0.010770921374608 -0.0113752366161453 0.0595176965141865 0.0506498442269729 0.0515860155576506 0.0498170983938137 -0.00991686093903497 0.0230009013546291 0.0203976617013469 -0.00758870628113686 -0.018641601688603 -0.0685647986621314 -0.0408146648674101 -0.0773014201965739 -0.0349558979468688 -0.0349718881005218 -0.024295120758532 -0.0316230880177458 -0.0266141915889264 0.14086778576653 0.0651855874802103 0.0587614894094864 0.0494127498812639 0.0643467666785099 0.0361063934233841 0.0224350679400119 0.0289269815400669 0.0836503295025772 0.0872133892983292 0.0990955456646679 0.105936720061244 0.114818296780232 0.114793491837178 0.138599436983489 0.145807683073919 0.169872184042786 0.165908349340345 0.191064186750509 0.194404592856673 0.19613305143768 0.211934606198133 0.221697043136395 0.215859211221746 0.227359760162016 0.217871699346953 0.217209492200322 0.212519492186705 0.205464739486479 0.189195558049492 0.168922721208973
0.00641499796975381 0.00989766274616046 0.0228166666969935 0.0507635224995426 0.06199042633463 0.0437499258404423 0.0362836447806512 -0.00738939074641767 0.0118975045193366 -0.0158190261653105 -0.0404053754974911 -0.0623672057507073 -0.0666252494247595 -0.0586229812745189 -0.0912283688062333 -0.0439746111384841 -0.0367646557451733 -0.0207673327961119 -0.0150401361575007 0.0732165151724183 0.0743241785727448 0.0545841023763985 0.0462719008267498 0.0476723861747062 0.039401580256924 0.0292955210929804 0.0274942808967867 0.021715480726925 0.0818516430341339 0.08613833567736 0.0938173317244619 0.102071694519907 0.117883342469053 0.141059386034888 0.149516850660754 0.162226291074567 0.181792959717429 0.190403413294149 0.201156464748166 0.198124103077311 0.225346081350778 0.229655188655222 0.221604711691403 0.234330280277101 0.227040389871542 0.236309625918742 0.233567031204552 0.228239106593615 0.212450915003331 0.215627273636429
0.0317957013158229 0.0490784111883406 0.0302423135819583 0.0380969210206609 0.0489749238754506 0.0484510000740208 0.0401055478741723 0.0357789280297069 0.0623794198792746 0.0554659177778111 0.0189515255469222 -0.00494698085762419 -0.0756727530786255 -0.070244564481996 -0.0581415583750589 -0.100880368646496 -0.0311902856109955 -0.0213039721684347 -0.0191274261287113 -0.0710848310427569 0.0714188318394411 0.0666434654878519 0.0578407183208508 0.0469101709401301 0.0408336905295686 0.0273156820818262 0.0323272595877834 0.0270576591977139 0.0313118207376496 0.0908059363586433 0.106050451368919 0.113451381364214 0.128172126846123 0.146790648506457 0.155970017766511 0.171858583274855 0.188064521917607 0.200839305906896 0.214538860193489 0.224330729701327 0.22985725545756 0.2331707526419 0.23332611777698 0.239433910020201 0.248298743301659 0.266706288150453 0.252668714905336 0.245552070254428 0.228735826620686 0.230551630891458
0.0142345021328279 0.0152637786099449 -0.00891748681371451 0.0480233382431454 0.0649626407866811 0.0427603444234717 0.022364733937536 0.0576238940682952 0.0335951616051898 0.0960703262632109 0.050345492371267 0.000194211050948488 -0.0123455881918088 -0.0412078878941877 -0.00202415966489995 -0.0694315947597088 -0.0137479525431742 -0.00508212946167131 -0.00964806896758507 -0.0708546133864168 0.0732308970926881 0.0797026452384311 -0.0795275408379013 0.0556661051627516 0.0497376975914049 0.0278984702655294 0.0298995670998664 0.030675678265191 0.0295288447439828 0.041056777549355 0.0405648624227004 0.0482237204776026 0.0661930072138473 0.0599965862297722 0.0835100224031999 0.0981680191636135 0.0944845884943928 0.105019397310132 0.117828538121279 0.228908632328447 0.21988499720122 0.235845305688779 0.235491981669564 0.262026456210725 0.264891865401925 0.287762533183079 0.282597102885489 0.282877038330304 0.264829623575897 0.252913293693118
-0.0199916020897065 -0.0137895138696568 -0.0262488989259596 0.0135542028913632 0.0549590388329119 0.0465404868255543 0.0498888025084152 0.0661217360306428 0.079212887902899 0.0860818461803756 0.0707870938287458 0.0259091007656955 0.0668700470624876 0.0176674038598458 -0.013640243559694 -0.0233790382231013 0.000811137308251483 -0.00027276539276342 -0.00408909117425659 -0.0705721954073273 -0.0718525151535495 -0.0758471958866375 -0.0853734122881313 -0.0845677334051559 0.0605898704846961 0.0523117181333918 0.0388030784044364 0.0359917509128816 0.0434561537951104 0.05141347225277 0.0562532254240468 0.054290099475282 0.0557488633980862 0.0647213873931209 0.0688185497791488 -0.093369532931804 0.107048062193652 0.107763272312164 0.123508491058942 0.126602696268168 0.143676087425249 0.246797390247153 0.265036421985128 0.267522517498351 0.268724154856442 0.290709988783122 0.292048774171605 0.0415934507709234 0.042728707086661 0.052096411995359
-0.054890204877338 -0.0485238703976273 0.00535397169077446 0.0228348880430794 0.0491756888076662 0.0453985116551964 0.0435932385444196 0.0297012920682415 0.0940832232909124 0.0590318179237494 0.0461178076073259 0.0288294441507914 0.06721424142876 0.016658658595546 -0.013444485713799 -0.0420746372985463 0.00556858423407744 0.00503169206567391 -0.0584999252219284 -0.0669652012665117 -0.0719161068369301 -0.0843125020885726 -0.0918209474361677 -0.10966752915555 -0.10933976763125 0.0524098903110476 0.0506057780618741 0.0540358773973257 0.0494160942975334 0.043018547435182 0.0553684938508167 0.0567886768218793 0.0565760282620347 0.0639262303207561 -0.114589727269287 -0.108688915471825 -0.0928369609842091 -0.0904761111119982 -0.0945831367133627 -0.0806359031569648 -0.0908753056361421 0.258428395001765 0.26644595555701 0.046869237763047 0.283915961111216 0.288954013417437 0.0455377209023716 0.04960066546525 0.0541167052870873 0.0438583817105391
-0.0671565643234121 -0.0460557463525788 -0.0322990445195942 -0.00286824883649448 0.0131027766349012 0.0160506286256586 0.0507029478317445 0.0425099584390884 0.0187970082966273 0.0418044841182132 0.0497304888727748 0.0460306744260141 0.0184129414208059 0.028406545337268 0.00813842946340908 0.012832443559214 -0.0488658580243947 -0.0465661884763963 -0.0542254711837554 -0.0703151923244648 -0.0646146305238858 -0.0883465617254162 -0.0973641451461811 -0.107217895030759 0.0631450360459429 0.0625104316816196 0.058154215787189 0.0597629548016478 0.0633093985846711 0.0434227919195331 0.0455449693662555 0.0448618531610095 0.0445033078184428 0.071534150503087 0.0844404272422788 -0.106836442587221 -0.10244179783246 -0.0931488762295899 -0.086878853958717 -0.0866546693096271 -0.0859635097403681 0.254793497087419 0.0443669907548794 0.0451174200335293 0.287679888396969 0.0439171309764044 0.058107865664997 0.0449538933456781 0.0471726185031615 0.0495024972399004
0.33138941564914 -0.0713768460087584 -0.0240893377481392 0.0045736959941877 -0.0284529823500783 0.0303032478209976 0.0187033027314518 0.0351675528033513 0.0198604647025963 0.0212972123895287 0.0211906528974576 0.0368017640976089 0.0223212431454614 0.0548062329688165 0.0717594653949665 -0.000477656469257886 -0.0509133028184827 -0.0415746736314977 -0.0547499954475287 0.110195259421184 0.0916014635030677 0.0721737371368775 0.0620127723486004 0.0719281530561274 0.0627340826974253 0.0604535961912098 0.0610712673205553 0.0566144586530204 0.0528801583577804 0.0527861040690974 0.0581921940878937 0.062092719026248 0.0599396090802126 0.0793472676767255 0.0887979612908152 -0.119973777125836 -0.110116413669202 -0.0852426656349435 -0.0917378763365632 -0.091901531303427 -0.0748726645393213 -0.0751967460492082 0.0448304815216105 0.0431737701255446 0.0315986434654706 0.0484740287666181 0.0563430003687975 0.0470720266950623 0.0537240931228302 0.0665462197101963
0.417331511157131 0.238249276715253 -0.0405197862889988 -0.0117695551406416 0.0118963419485854 0.0306194513241841 0.0232419537014581 0.0161163450019069 -0.000772516718632585 -0.0271920022869286 0.00470493832752811 0.0249815489698258 0.0309742118473521 0.0553069385186756 0.0471298662132275 0.0166596489061204 -0.0324864432088275 -0.0382875314620905 -0.0454523327548752 0.112655189992204 0.101461546731809 0.102616586102128 0.0926200732871417 0.0839717520614825 0.0614903351135219 0.0525951171218002 0.047435727797495 0.0712332599414922 0.056181291696593 0.0470321649940708 0.0603675802286697 0.0568018604351692 0.0635878834097381 0.0584842272768384 0.090499671781139 0.0869809209014551 0.109416783889549 -0.0930013829720833 -0.0966543235254541 -0.0877518015142476 -0.0782359283625809 -0.0762984929325214 0.0394269960553703 0.0456031143516423 0.0431582113048685 0.0407126307677965 0.055906320927948 0.0608731527754646 0.0533230283630352 0.0643832534899535
0.430518809057198 0.40378484413637 -0.0376599880706476 -0.0261054621907668 -0.0183283667892571 0.0185824987421492 -0.0255226634624689 0.00624048747673651 -0.0122805718744567 -0.0297905683271992 -0.0249094095041971 0.0303612104821258 0.0162781777511446 0.043799813306731 0.0115228505248709 0.00382220965362904 -0.0647086503393316 0.122624920764299 0.132060262474801 0.136999360587032 0.111722825970436 0.107387120578084 0.0937759437703733 0.0768486438362207 0.0710249860064199 0.0750486170835065 0.0575277023511078 0.0502869638895973 0.0534314366661685 0.0487430489600888 0.0413139473787948 0.0532926860118999 0.0677015416768229 0.0752497418805492 0.0813817399344601 0.103354140347418 0.100890020444154 0.125864665026303 -0.0906130947589005 -0.0878834825771741 -0.0862984469375702 -0.0739580101316281 0.0439361564927774 0.0577974574581002 0.0530539378456205 0.0682439916941409 0.0658530461939297 0.0618254667440506 0.0657759427870385 0.0630542856967891
0.411895089057221 0.390822373750635 0.286223167099104 -0.0891550482467018 0.000942365704991795 -0.000363379246826133 -0.0318855880952075 -0.0490246414402989 -0.0160063191973607 0.00470981394218338 -0.036072952693795 -0.0182751986300323 0.00444907953575039 0.0451160314905322 0.029164638934136 0.0239403925001855 -0.0401799916542745 0.138146899300602 0.135891618492438 0.127511258015596 0.106976694869746 0.115646261289455 0.107400641787551 0.0820301590072862 0.0718117114004041 0.0683456240780613 0.0596729914033797 0.0460012489543681 0.0519219982935028 0.044482362553926 0.0314903782140656 0.0409792164276698 0.0605757613399745 0.0709796054138166 0.0787322359250029 0.0889372052561771 0.101809872169785 0.113275225049676 0.124980912690126 -0.0784654539086219 -0.0799657112685061 -0.0678497766653851 0.0456281058776307 0.0682928141000043 0.0554685296032034 0.060027495523468 0.0606745439495303 0.0664990970057165 0.0625159016015473 0.0586556839357914
0.234390408526478 0.32903318067029 0.279513016814982 -0.0837180999969265 -0.00370004807511239 0.00704833183774487 -0.0433060397761813 -0.0219599971038766 -0.036691772282328 -0.0143655826810719 -0.0134179275749093 -0.0183945457412598 0.00442691622753472 0.0290107703222065 0.0453839635517445 0.0488330635168643 0.15324136269277 0.12591095775191 0.125957623662079 0.119640796062585 0.11297718301997 0.111041192402627 0.11064055709611 0.0942731709888451 0.0878317741140225 0.065814473759994 0.0610588581234887 0.0721261492782657 0.0580545877278413 0.0446321662867791 0.0278856877731086 0.0458625945809634 0.0560428803344236 0.0633204478437086 0.074488934909622 0.094752872767902 0.0970113854479809 0.114792245393087 0.135142825996212 0.141469521400206 0.148388255187268 0.145186377860043 0.279171907763876 0.280776788120461 0.293767750699926 0.065367415509729 0.074641975544346 0.0723307482744062 0.0729552414722631 0.0821443898577297
0.288820952675016 0.298651967680325 -0.0848375306293704 -0.0644254862365916 -0.0347241123156922 -0.020357537419196 0.000844300304553069 -0.0411314269144436 -0.0408076312516774 -0.028295950854666 -0.0334804233782214 -0.025391668284271 -0.00138801656713893 0.0351011333175646 0.00893869405518528 0.0227601156876365 -0.0126216194067533 0.133211295705112 0.133019554584652 0.116729383500114 0.121214866505537 0.122187972109186 0.107218840467105 0.100572976745857 0.0882768257347641 0.0650735315507014 0.0780889641128748 0.0580969507973757 0.0515672249723296 0.0575795549567255 0.0369195140638053 0.0498149532878925 0.06104058746821 0.0657830996622712 0.0864923699561357 0.0939203722829704 0.104053954548678 0.120328485640706 0.135561934425625 0.130967746118151 0.1440479400389 0.149138480428406 0.285224220227346 0.276063804989853 0.29551085326261 0.0507611688645558 0.0558147295161766 0.0764919509327216 0.0602403945553604 0.0821624577760027
-0.129423951901107 -0.126701722839835 -0.118394188733696 -0.0539608475761947 -0.0269297663149898 -0.0112402904007762 0.0230713548421179 -0.026534642370289 -0.0635059388068903 -0.0552037180817704 -0.0262090203200983 -0.0293573504530922 0.00512001221733045 -0.0147262872019433 0.0341711120656124 0.0331464349593767 -0.0337804188846307 0.137014133898331 0.133581103227707 0.116571362447202 0.111700228531785 0.09537700095546 0.113371157850764 0.0998811341969043 0.0850384186854225 0.079698688295297 0.0780720103787808 0.0665502780376084 0.0680147998361343 0.0535321056711745 0.0519534355502588 0.0448350814544742 0.0617089899941874 0.0690088260088634 0.0815202879998083 0.0726631288253398 0.101674384161151 0.109259060446303 0.103394716805292 0.110697503002856 0.11723896454089 0.138727055495977 0.279624874132556 0.267650666708237 0.276646447982236 0.05517138649448 0.0657835760820906 0.0698546587389764 0.0645145656187322 0.0704597119044312
-0.126473351393219 -0.111825049445499 -0.115590335687308 -0.0813927348134126 -0.0597594197892475 0.00783419333381758 -0.0150428858743453 -0.0332436628595186 -0.0403309737618583 -0.0534017852908265 -0.00345488140464413 -0.0200107641042949 -0.0104203414725587 0.0264055311651149 0.0409655428102975 0.0493109289977734 0.0423101895198213 0.148130248450762 0.149417944774933 0.13054330516495 0.104358992244959 0.104028576095647 0.102394554118272 0.101951874957104 0.0903512565610206 0.0855706575737789 0.0677704437447562 0.0594703227562441 0.0621979404475678 0.0522600423972685 0.0429262078330783 0.0331964396929723 0.0571483722038931 0.0529342363682998 0.0670445024385137 0.0676959556482635 0.0854083080178924 0.0871447324035076 0.105753649384769 0.110436345664809 0.122518831138145 0.130144644565204 0.134923009927669 0.273954312446371 0.267658135256712 0.268955284954733 0.0714394119902305 0.0734572573180729 0.0682094755545012 0.0740607226490828
-0.104798980796948 -0.0884721632083697 -0.0810664760074636 -0.0790535704286277 -0.000707669822860003 -0.00890251541874124 -0.0328747077989798 -0.0371821430092823 -0.0430856576018155 -0.0518502557505873 0.00429748388603777 -0.0299832793085265 -0.0220112834808781 0.04744715939501 0.0365994886633474 0.0415861382002632 0.0513786171066349 0.184479828778934 0.14902105357984 0.142292267870028 0.132847346142436 0.124589665303144 0.12063804792171 0.0909256112279747 0.0881831590970029 0.0507693106862637 0.0397927084537929 0.0542756584103899 0.031696075077243 0.0484020562042618 0.0467498824702588 0.0468526474294316 0.0471579474451221 0.0504124445534992 0.0631592536246399 0.0614927121760017 0.0751234746278703 0.0847002753209766 0.0955121065255829 0.100886111185867 0.122838370861553 0.124762545872775 0.139909687582196 0.268062350294417 0.279015043275426 0.279306435475573 0.277335630411873 0.28717902890862 0.28009389475238 0.266626910351936
-0.100742556946932 -0.0753112194096638 -0.07576891927605 -0.0517372734545836 -0.0593538459152301 -0.0351979359441292 -0.04630015705183 -0.0661484271134984 -0.0697705234941001 -0.085087166562835 -0.027364877930855 -0.0388576393663806 0.0072509012376755 0.0534229264193135 0.00649804277966568 -0.0071060616418771 0.0635492335469909 0.136363654962075 0.11372256862032 0.114785662793289 0.139320080928458 0.0938268361491431 0.0816518563101887 0.073208790396715 0.0593824429671385 0.060404234804714 0.0392211077206707 0.0497259329075571 0.043009074926595 0.0515175627992981 0.0439141064915557 0.0464726965208133 0.0544423021673076 0.0614141195256246 0.0746827997352665 0.0660787919172618 0.0689711835498063 0.0848660334059919 0.0723277713901793 0.09400024458561 0.130657635130452 0.134462344835799 0.147939123108462 0.260738981966096 0.282335328520276 0.281894196406255 0.28826715224296 0.27750111851762 0.279339470732312 0.272556070517541
-0.0882079870210712 -0.0764347934281858 -0.0569355781234837 -0.0395945875778608 -0.0233369498048237 -0.0578704447667296 -0.0401060744848266 -0.0595647161529652 -0.0568588734133549 -0.0498498699327875 -0.036521739093991 -0.0126189225475958 0.0359520404551066 0.054017461682325 0.00986499995633429 0.00584043793206642 0.122507338364018 0.12656696829189 0.102352509647971 0.116323157801079 0.107763683577269 0.0919938764026814 0.0710127178351116 0.064652871339281 0.0569469158844602 0.0476262436145416 0.0447150751570729 0.0480537248794166 0.0360969958672432 0.0542197236422779 0.0450238548421421 0.048742781294822 0.0502134312685542 0.0543601949346337 0.0632115643091262 0.0615085130637993 0.0686440819160925 0.063176990466099 0.0682913742334658 0.085803865346182 0.109427754231711 0.139085899629797 0.156384770282931 0.276446552237609 0.283949557605526 0.286068893146958 0.28080809170292 0.287285415709236 0.273141032449997 0.271725167187896
-0.0610162723850601 -0.0516738571176448 -0.0655079226063114 -0.0824761127472381 -0.0392212798723579 -0.0576525235612509 -0.00878160251684128 -0.00869066576926256 -0.0123839697298303 0.000370862793336493 -0.0305777233581196 0.020670903420148 0.0406097581494193 0.0631170183216834 0.00918523222942839 0.217551767725295 0.10011052901752 0.0995677417500307 0.0963024139037487 0.0784632138055056 0.0886312053117857 0.0764059294820673 0.0738994092483193 0.0671511744614715 0.0509591655636312 0.0520375172611068 0.0561669511759891 0.0497629271778853 0.0513219131909211 0.0536661207723628 0.0557634479809796 0.0438476686220073 0.0534265078855426 0.0644314696607688 0.0673689186660332 0.0698540552511773 0.0876559655285182 0.0792392319878727 0.0794171124056953 0.0931843900523325 0.116568684116058 0.133033644507984 0.254248912249146 0.269463555352728 0.285727645605279 0.291678719363685 0.294469962440485 0.288754894112951 0.28701680579453 0.279482892541038
-0.0662794561405732 -0.0548990408111453 -0.0578881970065385 -0.0561939468266259 -0.036049649765822 -0.033643288369108 -0.00757534991018693 0.0219476571118511 0.0144500474829394 0.0285688199155024 0.0218356896469007 0.0448479307033597 0.0646018011707916 0.0748399881056336 0.0323766465789725 0.198088193252521 0.0969438437506337 0.069618819664247 0.0775823228777471 0.0683311274836402 0.0733182922593603 0.0565677144530577 0.0671219653819526 0.0747649823122289 0.0518135419841405 0.0457737546633552 0.0431745077726064 0.04334708368033 0.0479023673909708 0.0560620953899847 0.0529257116968694 0.0496033165663152 0.0554813998894565 0.0689618601704798 0.066138309408225 0.0694268823207388 0.0778375517476003 0.0852703544269562 0.0816285153001096 0.0875354829754078 0.103748357655829 0.145625065818418 0.263395721753688 0.273001573670139 0.295544867609156 0.29418952175406 0.29178297458 0.289864218445016 0.274150342340845 0.280357140932074
-0.0651750531409709 -0.0515032674608012 -0.0668057043451397 -0.0720294631901556 -0.0421820647169678 -0.00532020727421445 -0.00151738513106961 0.036807796720364 0.0332115620619529 0.0408417165357805 0.0428407751658872 0.0601864471476227 0.0393097478780808 0.0374177140006137 0.217174237097084 0.101030222394469 0.0856428809486588 0.0792196728092047 0.0515317001080724 0.0696414134072275 0.0513489294023739 0.050900329881142 0.0447192411024072 0.0588916655582754 0.05912504613657 0.0590604809233839 0.0387529177684975 0.0379249038071186 0.0312241678800031 0.0534907942231224 0.0560142762768241 0.058057847071295 0.049611576802018 0.0601916829478741 0.0754003963066219 0.0692709639534763 0.0773006626063921 0.0950587370868049 0.0810427844363749 0.0969448096828475 0.122871200890686 0.262689952298272 0.282818248595702 0.288397091295888 0.302580070304846 0.30484159927477 0.297593261904501 0.293941896279484 0.279490880742952 0.281070782465213
