data/pcas/pcas_can_126/pca_referenceLayers_can_126/PC11.asc
NCOLS 494 
NROWS 529 
XLLCORNER -117.166666666667 
YLLCORNER -55.5 
CELLSIZE 0.166666666666667 
NODATA_value -3.4e+38 
[rows 0 to 21 of 529, columns 100 to 149 of 494]
-0.32884951966407 -0.329981061374514 -0.331473869053714 -0.384511193430638 -0.387338316564471 -0.384306590236758 -0.666371597682124 -0.694540623415852 -0.718266658764083 -0.7131277819406 -0.713390366625485 -0.723592761266544 -0.723243450879142 -0.714334459214134 -0.714546525333075 -0.720508482080918 -0.720827685880739 -0.732283870651844 -0.731230491563939 -0.726382982785454 -0.712746669990265 -0.609545976064826 -0.712515663848075 -0.702641468813209 -0.711424497643342 -0.476968697298495 0.856857054598369 0.835833786746907 0.849131601602047 0.854317935818641 0.856819919250664 0.871212843395142 0.863316389797723 0.846932765338674 0.64720271109664 0.850416322054566 0.843987028451182 0.838140938633489 0.65204233701667 0.649267096508271 0.98292970335216 0.976079187719171 0.964309208908222 0.956568022861474 0.961525886839529 0.952957404505534 0.269027116761057 0.261733846476137 0.263472261081119 0.254798912740563
-0.32559457518361 -0.304219378587797 -0.302998129843477 -0.375799775303939 -0.383186139691509 -0.367493545504713 -0.678341972607247 -0.688322402927422 -0.687201665074763 -0.692864001693287 -0.6985002865019 -0.698053847277337 -0.701373125563042 -0.692490410207114 -0.692283804686312 -0.686561309071504 -0.698509676058023 -0.717395194526 -0.710449464381042 -0.702925989489576 -0.611390996996973 -0.591195251165254 -0.696386983978122 -0.693585986402188 -0.458184860762077 0.866290915211941 0.878305628978712 0.881479278164097 0.889751102204049 0.885187442477513 0.858232422382375 0.859549237339353 0.856918135271929 0.852933511857739 0.658692599361547 0.848599094856941 0.838439871774555 0.853992732400519 0.667388310985776 0.661257253023488 0.970377466900088 0.986092361654677 0.965736866783636 0.972812518099146 0.949326719355589 0.953946628791798 0.274151822020199 0.274238295595152 0.265459155539814 0.278332084354374
-0.546246133221288 -0.294228556149809 -0.296340517582484 -0.346448399857623 -0.359952114345003 -0.359294442226917 -0.669974450102949 -0.660225329373738 -0.659167137054749 -0.665588467857248 -0.671107170001418 -0.686002097743203 -0.691055921148959 -0.679967553348843 -0.676950050335889 -0.677829923677701 -0.685006685727181 -0.701500242944734 -0.706175571627319 -0.680104510674067 -0.694856060238358 -0.673369073989579 -0.67091810438537 -0.677596986768845 0.858162748380436 0.86475306898633 0.864126118287492 0.882709185677103 0.853845115645946 0.888434756525034 0.86086008872814 0.867763603896461 0.856669252616981 0.854475699343671 0.666529507354367 0.663030799663899 0.667881435475334 0.661872892513841 0.672139344730365 0.658710670497499 0.971496890890049 0.98873184702388 0.967654420162473 0.975206263940636 0.957516470867796 0.950023848063158 0.939311019335851 0.280952677770057 0.276303464313685 0.282716402799916
-0.535758374848733 -0.385588348540868 -0.368304564007015 -0.3707674720567 -0.36597614813282 -0.352391592954186 -0.655394677553401 -0.656677640916453 -0.654033912366764 -0.652634095191857 -0.655826706473046 -0.661135598816828 -0.666666122930561 -0.669420445836631 -0.665105840150366 -0.657349515260213 -0.656331194315738 -0.671717912559589 -0.685599870964453 -0.673206482697314 -0.67588249890308 -0.658662442019783 -0.663606262882479 -0.66710484820096 0.866345709509626 0.874174633575335 0.878779431585611 0.895364194518263 0.858731375184342 0.851546602974073 0.860762270574383 0.865899687999218 0.86769417925483 0.864684053179098 0.849936264996367 0.678780271113031 0.665054923105792 0.678775105078673 0.666925253042506 0.967918136565139 0.970508176607764 0.963916030271682 0.971215507474678 0.960442606284324 0.965236363650468 0.947912399017992 0.946320804073504 -0.547221374117181 -0.564818101848534 -0.5526868350792
-0.377580898592951 -0.667421038251971 -0.358783030556438 -0.359149710140915 -0.364611812957573 -0.346502052297328 -0.640200098501369 -0.649413505620867 -0.652784420282165 -0.64052449518939 -0.636511218622983 -0.646822739833618 -0.633541012285352 -0.646232674154316 -0.633750211856776 -0.628674137701079 -0.644437381683093 -0.660430345523958 -0.659205754594936 -0.662870951864108 -0.659336115353655 -0.645688592488947 -0.646517056089341 -0.63805498499644 0.868676939477781 0.870722655931531 0.871998002993692 0.880606671731628 0.85527738701279 0.860356509572591 0.858797857171759 0.864899435980648 0.859214815705922 0.876909234576181 0.854113699343725 0.68030463896467 0.682273737363422 0.673367472961582 0.655608656686258 0.958362861149774 0.956516734981627 0.949832860628465 0.961577901906146 0.969179432385617 0.949442708730731 0.950928441444138 0.946079569284906 -0.534455857011465 -0.545337538446982 -0.53007288618456
-0.522185169563326 -0.64154005667271 -0.646745155801783 -0.664561609282531 -0.352943897496664 -0.331037825412951 -0.626058639229598 -0.639941494245339 -0.52862944124798 -0.529674922178181 -0.616241985467762 -0.608233976312063 -0.624694374600461 -0.6284451206634 -0.646176975110294 -0.632765403583877 -0.633717539918948 -0.646317438735416 -0.66593222063474 -0.666459350542138 -0.66120282055635 -0.633500676444286 -0.635067087145726 -0.418429932553642 -0.39554773502485 0.875499780387232 0.879708046829877 0.884000458626665 0.859291000064388 0.850122643876431 0.850642316608272 0.905168694377848 0.904153735181252 0.905411825706974 0.857706294554225 0.69024067653113 0.696056211555902 0.67367337780056 0.950491051023484 0.949445952505824 0.946342832720867 0.958151542709121 0.95035843330517 0.956322090041104 -0.540224313583468 -0.529543888696405 -0.524677460938038 -0.519327004915481 -0.524161871332528 -0.544429127897302
-0.503317686688007 -0.603095373008713 -0.597002957837267 -0.599320487732429 -0.33468810666644 -0.325153210407351 -0.609598664119221 -0.619785636999963 -0.515713285919256 -0.497290068421366 -0.591667015264518 -0.573886350065273 -0.576264750343073 -0.605054530385498 -0.634875066347537 -0.637953138788184 -0.632215210094048 -0.639192681953256 -0.662969048884494 -0.643466640799205 -0.63230181477855 -0.627547752516493 -0.61421628707951 -0.38394917893472 0.876793152644361 0.87291861966849 0.887113235461226 0.889412412154422 -0.357346411201401 -0.351273192996997 -0.34946136192813 -0.329916659440558 -0.336961753941533 0.896474124502717 0.898851775439305 0.687874379830953 0.680040291820822 0.691599327471387 0.958792427126522 0.945368065516098 0.945443009148233 0.943297740769236 0.951420357071614 0.942516847684033 -0.535493315905922 -0.514222033559479 -0.516381488328956 -0.511310162688005 -0.518445537450693 -0.509262071058242
-0.486775782182239 -0.554698410823348 -0.554959524916461 -0.290309494543252 -0.293009464023566 -0.202507377732342 -0.304249832594312 -0.305405746375643 -0.584552836444066 -0.579021157980153 -0.568523340909545 -0.557298054935289 -0.556497472893581 -0.599379499901934 -0.609561872789769 -0.601490618530444 -0.598018005373318 -0.614997414167031 -0.629483450687878 -0.611213614615822 -0.605482469363621 -0.595879717133884 -0.591726455236199 -0.367052824619412 0.87433786610079 0.8923318839271 0.894521529330174 0.879871280394813 -0.339775797634288 -0.347942901278648 -0.329674525207524 -0.322920945619543 -0.304986410171705 -0.30614595264344 -0.036009292267225 0.694386410380554 0.6878094334532 0.688857968708755 0.965321171818188 0.966869015747412 0.943507260632378 0.93873972692849 0.948698871983576 0.931312168986498 -0.517813096296002 -0.499647021549766 -0.512701577165935 -0.384502179228906 -0.394562140098897 -0.391195981950284
-0.460800525203906 -0.45511781204234 -0.269954649111079 -0.264517217007407 -0.272135643288576 -0.283146464631623 -0.286967920455813 -0.290443010192305 -0.279729487007075 -0.559223887565996 -0.556214895438658 -0.579830757372923 -0.547468866191964 -0.576184269794564 -0.596226557033054 -0.459214789780305 -0.478786605925068 -0.582374114820069 -0.589743413927561 -0.587834959478012 -0.591112760210729 -0.568406706579769 -0.550917531169917 -0.33203508892151 0.883286596985981 0.882769963873018 0.876054778342498 -0.343281752806348 -0.331650888281624 -0.340125015931014 -0.326166965249568 -0.316961842911335 -0.307628274769534 -0.0447984692973876 -0.0123245299966517 -0.0333023886051283 0.693113449172393 0.957038671096528 0.95373403031095 0.949352851674429 0.938190118882785 0.941913670128002 0.944358207435944 0.925071870789617 -0.496702698437485 -0.495037359906661 -0.385789633393939 -0.363923489111579 -0.384332408253602 -0.373220454823372
-0.442375029661576 -0.434984046150557 -0.23792595947337 -0.234054317029076 -0.241393458531745 -0.265477904218285 -0.262976853137658 -0.285657429062519 -0.292788645071055 -0.554932997952235 -0.536189341873231 -0.550185902629734 -0.554777827688728 -0.542614654134629 -0.441542196761035 -0.455329590166999 -0.450463133867608 -0.447928460595396 -0.582324940972721 -0.358043173919827 -0.359433224427326 -0.365754685235663 -0.334278195624185 -0.334903292509687 -0.318220542737978 -0.314647479168372 -0.325030378466597 -0.33131399402538 -0.338880246157941 -0.345563750815774 -0.335423044912566 -0.0464506201506981 0.220010323338587 -0.0449436999504881 -0.0281279839289073 -0.0313286263683771 0.680600361730205 0.954071191537821 0.942310634726001 0.951244864151706 0.943091295338903 0.932413715455573 0.92993512349784 0.929258777772037 -0.373751855281995 -0.37989202537351 -0.367647633057799 -0.361796162363596 -0.374942294832914 -0.366849867818923
-0.40364051543073 -0.231165650274973 -0.22424208976046 -0.231488452631563 -0.237948219510807 -0.255497814072142 -0.267690500256939 -0.267066514526542 -0.257876047518526 -0.547190000188343 -0.542390559001018 -0.535100738480468 -0.550917930453334 -0.531332449413845 -0.416739418015475 -0.447876266210102 -0.453415455153171 -0.365033361701383 -0.363593207032322 -0.35031876374414 -0.34260286324464 -0.325235939879159 -0.309505497794075 -0.311765469653372 -0.314671763869978 -0.325266680585067 -0.331233462311989 -0.335167657564816 -0.334664438179161 -0.333221966179586 -0.336930364470612 -0.0609257848828615 0.209185962941941 0.218813010269753 0.216358282327126 0.224141852098388 0.948472565043135 0.949262257033774 0.957868328403563 0.947777898037937 0.938951446914258 0.936422007826206 0.93466851055476 0.231600151530159 0.225499116622956 0.214194588239948 0.211990073788638 0.222008013195428 -1.0558452048732 -0.355026841968704
-0.367246904839774 -0.224601781239888 -0.221301348237082 -0.218350609820078 -0.233806929253917 -0.239426569893563 -0.265322115816338 -0.272595767993761 -0.560089490113572 -0.55633202109534 -0.549867795750837 -0.542974830033416 -0.541970207065614 -0.522822145881752 -0.51983885475171 -0.536847003572841 -0.54414539826058 -0.355010026455734 -0.337649823677685 -0.335867233305068 -0.334974899482555 -0.315229917148695 -0.308911729371862 -0.304468534354351 -0.324073930634676 -0.338982280530023 -0.336512207551104 -0.33839786333867 -0.334518814557692 -0.340473962139763 -0.330148431382668 0.194751307523044 0.175576456070217 0.199347267766928 0.211018479953146 0.206202744222035 0.231476662951865 0.939828882860761 0.945635243734461 0.23072844844996 0.229775578495012 0.235052960412076 0.221098657399591 0.226523887704351 0.221200232655017 0.208466831823109 0.222186178368725 0.211796926581396 0.222645616505881 0.226043269528069
-0.219388806382434 -0.223289832647094 -0.218047793668075 -0.138498503338422 -0.143874940441415 -0.144671426602081 -0.252797069141875 -0.251058912745068 -0.531660450747233 -0.531899477120522 -0.531019537243228 -0.512059710040939 -0.536284972310938 -0.547307317502766 -0.532113337160589 -0.522044794806411 -0.318985182563724 -0.344555802300923 -0.347863841997981 -0.352117697563578 -0.341320940637101 -0.320115971001073 -0.326560555212792 -0.332487674206941 -0.320007432479379 -0.348481473926678 -0.356653424664912 -0.355585325396222 -0.352820789213452 -0.329557189574557 -0.328597017046815 0.203459772775456 0.194285535579343 0.188125098306627 0.216600921601534 0.219890942257921 0.20870627964095 0.228327363081057 0.219252974605461 0.219279638986853 0.214539338311182 0.216489761850797 0.227328645946038 0.234084340640815 0.226518253984754 0.227297510422794 0.216196901204169 0.212962538274194 0.223509917705586 0.232219520576131
-0.223224770088469 -0.228179398417291 -0.225289269727563 -0.137488132125167 -0.129653064487191 -0.120189253802647 -0.210579351377777 -0.214343782631162 -0.212079456322742 -0.203014636277602 -0.48762576383155 -0.48732940880084 -0.495676301245922 -0.522167229810415 -0.531211767536768 -0.517408698807867 -0.308745551963045 -0.322709635192054 -0.343255271582556 -0.354913340922477 -0.340501472471269 -0.339352104040215 -0.328031754361822 -0.347866376789925 -0.354385411614937 -0.361116448829121 -0.368792901317622 -0.3549812290705 -0.325256556094554 -0.324645197822205 -0.0552817036630312 0.219817481326696 0.214537234866245 0.207157186905891 0.205205100053628 0.211433978596203 0.217934004456853 0.210797524233605 0.213124911523963 0.22336302657934 0.216641778676694 0.222600557162991 0.224340770940633 0.234174771282604 0.234225945964744 0.220270547379939 0.226730824990444 0.216182180375571 0.221802731483467 0.223354197224637
-0.212611278975408 -0.210409967859254 -0.227542651445999 -0.230364991494725 -0.210969575007715 -0.203835087374758 -0.195702191099492 -0.298449124181244 -0.193571468959446 -0.448243302090275 -0.468895305977259 -0.468881992781995 -0.487823029117846 -0.510301921340579 -0.519314375608586 -0.323661929638498 -0.316974026060242 -0.341768572276284 -0.350115286994747 -0.353556277863296 -0.35806219688686 -0.351490192129005 -0.350663212392464 -0.357933511663514 -0.357641513712178 -0.529531811289192 -0.523405021068026 -0.508944323854363 -0.50291111265986 -0.0398129168862495 -0.0301246731812429 0.226227596153759 0.227261137522817 0.218495967996179 0.217566018109091 0.211578515513774 0.222865171872308 0.21383504174535 0.219739534326111 0.21342812830165 0.205629725150453 0.218851932078622 0.258888252264507 0.261652934641479 0.264952777586886 0.257499437193252 0.25965916939944 0.259700987388045 0.26666911483093 0.265242217814567
-0.216473743003257 -0.214935662810111 -0.229748451050447 -0.216506046601301 -0.194141587362924 -0.298300357911949 -0.309244494510208 -0.294310297096806 -0.189691894174131 -0.443118694762389 -0.451331775546188 -0.447015159318964 -0.484468296049674 -0.503218116467794 -0.321869994828856 -0.32638262014985 -0.318448326166437 -0.337831141459167 -0.352939815679705 -0.376090756999113 -0.377386463882382 -0.346682842060655 -0.347589234305324 -0.343422447149933 -0.349609980804879 -0.517463710581677 -0.510731723368806 -0.4907379468974 -0.480945353913624 0.259143493111269 0.251820751086255 0.246488285349809 0.225932611243826 0.223172233322945 0.226254551139383 0.218985776667475 0.219878361011273 0.224450701361244 0.228730780649929 0.260606945517855 0.253393958617711 0.250893522322252 0.244763735638175 0.254437455924849 0.248555635359669 0.255673783031182 0.259262406560653 0.257091852653758 0.246419595958036 0.254149277763599
-0.227342405455768 -0.220886054401165 -0.217378045426161 -0.219384286065702 -0.281977519842572 -0.290987999058036 -0.289715278887674 -0.171737829276811 -0.181519578748777 -0.444192945777187 -0.458509238710998 -0.468124026972385 -0.286120441940335 -0.305520441400751 -0.319262066866501 -0.317662144829012 -0.311711610710317 -0.337446992531331 -0.353085038089473 -0.375877260347202 -0.363674774025353 -0.323897983711074 -0.315832636981551 -0.322587912425488 -0.328495484459947 -0.511664802324704 -0.509066423265546 -0.48004977351038 -0.188923593106585 0.249323519072715 0.252495466434896 0.254896436468224 0.238308328254149 0.227081016153818 0.230881706762183 0.227284313969446 0.264822274131311 0.27738795353853 0.272840455119739 0.273573438478752 0.252939592331439 0.260792100430632 0.253127838150078 0.258278709422565 0.258622076975859 0.252819263700403 0.241159814741101 0.244110166377582 0.239672741861461 0.258715972412434
-0.217196297586989 -0.213710547944811 -0.224165252436772 -0.274339351607853 -0.272391687368235 -0.182437261491426 -0.177494902591953 -0.180829598280284 -0.188848447402655 -0.423497741258846 -0.420312849176733 -0.442118517198178 -0.256320771126371 -0.26878306563801 -0.283197312302603 -0.278252107930446 -0.303421907325914 -0.320256952248207 -0.319756319825879 -0.323815439450023 -0.307355513561523 -0.306251972900746 -0.291949433998626 -0.299896353332867 -0.311045602663854 -0.0559800472159299 -0.189785766138967 -0.188530277609187 0.301531296795712 0.289188359808968 0.263042126101008 0.254501995336699 0.232253594762824 0.264495012499235 -3.4e+38 0.277880146548682 0.288714998538987 0.285858725979252 0.297601316202887 0.27757825227544 -3.4e+38 -3.4e+38 -3.4e+38 -3.4e+38 -3.4e+38 -3.4e+38 0.250951087259743 0.25768012923527 0.245881021171519 0.253191309189272
-0.217010000208809 -0.201166683782023 -0.195342956888544 -0.282146262028439 -0.295455383570919 -0.180628455622889 -0.175882501075027 -0.181165465984087 -0.421721378974724 -0.419755535532484 -0.409531981490981 -0.233852383279719 -0.247298086341817 -0.239733337565644 -0.241710755123398 -0.273671572051651 -0.26973547478759 -0.295685829917934 -0.307193304623415 -0.306344715590536 -0.278967973407771 -0.289104565550411 -0.278647556899958 -0.04840243677397 -0.0456463512723939 -0.0596594726088695 0.246964352857493 0.299303014462291 0.293755505449969 0.274474252950046 0.244109256037482 0.262089281006738 0.278108215173186 -3.4e+38 -3.4e+38 -3.4e+38 -3.4e+38 -3.4e+38 -3.4e+38 -3.4e+38 -3.4e+38 -3.4e+38 -3.4e+38 -3.4e+38 -3.4e+38 -3.4e+38 -3.4e+38 -3.4e+38 -3.4e+38 -3.4e+38
-0.398832490698066 -0.189460631460286 -0.197227526016808 -0.0120751295168586 -0.00606314442189135 0.00380679145307754 0.0179423292314685 0.000118269076675673 -0.341685326154116 -0.206957386723643 -0.215103948491122 -0.213396933523452 -0.220188820148789 -0.220546694682984 -0.229077353857624 -0.215487033339663 -0.225994679134644 -0.273527391349268 -0.283137259482139 -0.271490282819847 -0.260358117531034 -0.272351845483323 -0.27000223139656 -0.0362462449378921 -0.0485166013191592 0.239070059416209 0.180122865290136 0.285870927276313 0.284159565825064 0.271178516393365 0.268829271285844 0.293922821816707 0.299512409556939 -3.4e+38 -3.4e+38 -3.4e+38 -3.4e+38 -3.4e+38 -3.4e+38 -3.4e+38 -3.4e+38 -3.4e+38 -3.4e+38 -3.4e+38 -3.4e+38 -3.4e+38 -3.4e+38 -3.4e+38 -3.4e+38 -3.4e+38
-0.354423025859584 -0.399778788478322 -0.197023269203943 -0.202985233752688 -0.103957556860431 -0.208681528413349 0.0133861000818568 0.0128800142619959 -0.214492898276493 -0.208950519204585 -0.200603447759212 -0.20330759213719 -0.204118263013274 -0.202904930629418 -0.195390632650963 -0.213616734478799 -0.237138497732749 -0.265117893030795 -0.271932562026022 -0.252873437071208 -0.254120055991039 -0.0288593171791714 -0.0106804144170246 -0.0163363193269801 -0.0382404219298469 0.196893544638546 0.293766808966822 0.292609932774134 0.295126052225677 0.260842634272414 0.262348095793771 0.30477580708607 0.307216471534453 -3.4e+38 -3.4e+38 -3.4e+38 -3.4e+38 -3.4e+38 -3.4e+38 -3.4e+38 -3.4e+38 -3.4e+38 -3.4e+38 -3.4e+38 -3.4e+38 -3.4e+38 -3.4e+38 -3.4e+38 -3.4e+38 -3.4e+38
-0.419514275214439 -0.423885049921965 -0.190328200562509 -0.204024246661024 -0.204934343210431 -0.197621693967837 -0.195036361436009 -0.194276807136415 -0.188056215140258 -0.186961970547794 -0.187134019449447 -0.197582226105539 -0.191478082993389 -0.191742978003113 -0.205228540609593 -0.222826304973145 -0.0686969673745358 -0.217371892056971 -0.255691305785685 -0.260878664501583 -0.0189053987299476 -0.00634292949180003 -0.00663741218735642 0.00290217563399392 0.257119816132456 0.192480318290021 0.314854321263575 0.301277892352165 0.299324565877202 0.288241175484177 0.27826704296056 0.285449270963555 -3.4e+38 -3.4e+38 -3.4e+38 -3.4e+38 -3.4e+38 -3.4e+38 -3.4e+38 -3.4e+38 -3.4e+38 -3.4e+38 -3.4e+38 -3.4e+38 -3.4e+38 -3.4e+38 -3.4e+38 -3.4e+38 -3.4e+38 -3.4e+38
