data/pcas/pcas_can_126/pca_referenceLayers_can_126/PC11.asc
NCOLS 494 
NROWS 529 
XLLCORNER -117.166666666667 
YLLCORNER -55.5 
CELLSIZE 0.166666666666667 
NODATA_value -3.4e+38 
[rows 88 to 109 of 529, columns 150 to 199 of 494]
0.224728226234456 0.219161666712274 0.239271715957052 0.214985563592834 0.202547233906303 0.188007638624967 0.194610035963797 0.182953960109147 0.181636832916399 0.198060196747809 0.195242985448031 0.197079764243624 0.201022836025149 0.220563746179105 0.2103740685341 0.214860230309488 0.169044871808055 0.188795272620504 0.191498245300568 0.163226255413181 0.148952118056128 0.135983980785273 0.0629828469967938 -3.4e+38 -3.4e+38 -3.4e+38 -3.4e+38 -3.4e+38 -3.4e+38 -3.4e+38 -3.4e+38 -3.4e+38 -3.4e+38 -3.4e+38 -3.4e+38 -3.4e+38 -3.4e+38 -3.4e+38 -3.4e+38 -3.4e+38 -3.4e+38 -3.4e+38 -3.4e+38 -3.4e+38 -3.4e+38 -3.4e+38 -3.4e+38 -3.4e+38 -3.4e+38 -3.4e+38
0.248464175742 0.217160333364334 0.209877500004872 0.202542761739504 0.186874954118171 0.179264437284818 0.178492530351916 0.168594754594534 0.179578845083191 0.184073400368698 0.18540371398233 0.180869277494625 0.200008732285393 0.204620280762125 0.216215669399285 0.215916535231916 0.216115052674486 0.175468112635656 0.142516883134081 0.129231465969907 0.12899085614761 0.127861025499984 0.083574315925887 -3.4e+38 -3.4e+38 -3.4e+38 -3.4e+38 -3.4e+38 -3.4e+38 -3.4e+38 -3.4e+38 -3.4e+38 -3.4e+38 -3.4e+38 -3.4e+38 -3.4e+38 -3.4e+38 -3.4e+38 -3.4e+38 -3.4e+38 -3.4e+38 -3.4e+38 -3.4e+38 -3.4e+38 -3.4e+38 -3.4e+38 -3.4e+38 -3.4e+38 -3.4e+38 -3.4e+38
0.232055478268338 0.222610674053272 0.204145759500135 0.190555404533417 0.188574856345895 0.165792372366935 0.17989094735633 0.166337488606157 0.166388169514692 0.162596435891719 0.170493407570669 0.174402431255434 0.195290951310143 0.210067257648944 0.204203662208551 0.224581738763757 0.237620914032633 0.187359383286873 0.174594080587901 0.130172050905545 0.118607373582837 0.13797112922299 0.153519492283782 -3.4e+38 -3.4e+38 -3.4e+38 -3.4e+38 -3.4e+38 -3.4e+38 -3.4e+38 -3.4e+38 -3.4e+38 -3.4e+38 -3.4e+38 -3.4e+38 -3.4e+38 -3.4e+38 -3.4e+38 -3.4e+38 -3.4e+38 -3.4e+38 -3.4e+38 -3.4e+38 -3.4e+38 -3.4e+38 -3.4e+38 -3.4e+38 -3.4e+38 -3.4e+38 -3.4e+38
0.208744881046949 0.211150198797272 0.206890251635934 0.185167286413916 0.169554550583514 0.18154065280877 0.155422060731824 0.157366015554341 0.16323924674469 0.170241493250522 0.169444225164971 0.169649397279235 0.18506354708764 0.200850621933341 0.216990664266172 0.228761812355914 0.2218371580977 0.205422409945497 0.186063208943739 0.188410360789252 0.185431202130263 0.194188946368013 0.194189480594068 -3.4e+38 -3.4e+38 -3.4e+38 -3.4e+38 -3.4e+38 -3.4e+38 -3.4e+38 -3.4e+38 -3.4e+38 -3.4e+38 -3.4e+38 -3.4e+38 -3.4e+38 -3.4e+38 -3.4e+38 -3.4e+38 -3.4e+38 -3.4e+38 -3.4e+38 -3.4e+38 -3.4e+38 -3.4e+38 -3.4e+38 -3.4e+38 -3.4e+38 -3.4e+38 -3.4e+38
0.193827494881007 0.183679635733602 0.18544592583208 0.183330455148665 0.161594625954131 0.163132951600957 0.153150474433925 0.150966449007947 0.158851441527847 0.159784480168928 0.149451596299665 0.162146908238615 0.188972528415224 0.198002184868353 0.205382668897209 0.228240713403157 0.221009526669187 0.208330738680978 0.200451272731744 0.224652567843877 0.195680822078428 0.192515092214439 0.192120100576684 -3.4e+38 -3.4e+38 -3.4e+38 -3.4e+38 -3.4e+38 -3.4e+38 -3.4e+38 -3.4e+38 -3.4e+38 -3.4e+38 -3.4e+38 -3.4e+38 -3.4e+38 -3.4e+38 -3.4e+38 -3.4e+38 -3.4e+38 -3.4e+38 -3.4e+38 -3.4e+38 -3.4e+38 -3.4e+38 -3.4e+38 -3.4e+38 -3.4e+38 -3.4e+38 -3.4e+38
0.200416437637712 0.16944070891433 0.168318989288719 0.154135919198404 0.14745852603284 0.142667707810739 0.135232160724732 0.164676197093861 0.167165860098203 0.157063062423419 0.175782332902506 0.166925708042217 0.183290930475398 0.208898669848311 0.202861196860738 0.211107435962442 0.213707853639543 0.204857706996081 0.209749947393294 0.209345800122518 0.211495507237788 0.200538858010695 0.18763272959493 -3.4e+38 -3.4e+38 -3.4e+38 -3.4e+38 -3.4e+38 -3.4e+38 -3.4e+38 -3.4e+38 -3.4e+38 -3.4e+38 -3.4e+38 -3.4e+38 -3.4e+38 -3.4e+38 -3.4e+38 -3.4e+38 -3.4e+38 -3.4e+38 -3.4e+38 -3.4e+38 -3.4e+38 -3.4e+38 -3.4e+38 -3.4e+38 -3.4e+38 -3.4e+38 -3.4e+38
0.0426707085418613 0.181075785653733 0.159385607841783 0.15423169783819 0.144080947869184 0.143762564338041 0.134156586058938 0.14948118338614 0.161041412853722 0.168592574485596 0.154547239804796 0.168338244967359 0.188219587630572 0.207369603188364 0.213198390545147 0.209532648495004 0.209324335937726 0.216337380098236 0.205747871475939 0.219731183185727 0.145914363528705 0.202477307218556 0.135846670101401 -3.4e+38 -3.4e+38 -3.4e+38 -3.4e+38 -3.4e+38 -3.4e+38 -3.4e+38 -3.4e+38 -3.4e+38 -3.4e+38 -3.4e+38 -3.4e+38 -3.4e+38 -3.4e+38 -3.4e+38 -3.4e+38 -3.4e+38 -3.4e+38 -3.4e+38 -3.4e+38 -3.4e+38 -3.4e+38 -3.4e+38 -3.4e+38 -3.4e+38 -3.4e+38 -3.4e+38
0.0117493200053639 0.0214776149577551 0.13474228808247 0.133944973783042 0.124600415806353 0.112911209953151 0.114739340701 0.145180855760852 0.151054518969117 0.156430089263149 0.168493732136149 0.182909450069285 0.182385886197497 0.191353828250715 0.192074728138117 0.191124510074932 0.212866142690396 0.209141008666541 0.196100389851325 0.205339515172936 0.195325132774675 0.177363124944036 0.199755061272265 -3.4e+38 -3.4e+38 -3.4e+38 -3.4e+38 -3.4e+38 -3.4e+38 -3.4e+38 -3.4e+38 -3.4e+38 -3.4e+38 -3.4e+38 -3.4e+38 -3.4e+38 -3.4e+38 -3.4e+38 -3.4e+38 -3.4e+38 -3.4e+38 -3.4e+38 -3.4e+38 -3.4e+38 -3.4e+38 -3.4e+38 -3.4e+38 -3.4e+38 -3.4e+38 -3.4e+38
0.0472873741846797 0.0108124156321103 0.146815677817431 0.115181918070693 0.131869257570985 0.112837929064512 0.116206276883713 0.129916062372189 0.155104080318967 0.147975490481694 0.148900663300818 0.178607673792018 0.16283334897808 0.184410581586037 0.179509762201646 0.18241963653486 0.176911432880723 0.18225090150443 0.189988747232235 0.18089828112664 0.15803906328492 0.180415800537276 0.202034822252762 -3.4e+38 -3.4e+38 -3.4e+38 -3.4e+38 -3.4e+38 -3.4e+38 -3.4e+38 -3.4e+38 -3.4e+38 -3.4e+38 -3.4e+38 -3.4e+38 -3.4e+38 -3.4e+38 -3.4e+38 -3.4e+38 -3.4e+38 -3.4e+38 -3.4e+38 -3.4e+38 -3.4e+38 -3.4e+38 -3.4e+38 -3.4e+38 -3.4e+38 -3.4e+38 -3.4e+38
0.0707126174231638 0.050536902122991 0.149891280358988 0.118843990961417 0.108583223190034 0.123459662899581 0.119759927075328 0.138270712652729 0.146450711767803 0.162946010676749 0.154350764552354 0.130505954473826 0.134061426477684 0.157300050567971 0.143742828789498 0.143883615982563 0.14053779456919 0.139971670190162 0.148065582504081 0.150772928322143 0.158197027298273 0.172647424288752 -3.4e+38 -3.4e+38 -3.4e+38 -3.4e+38 -3.4e+38 -3.4e+38 -3.4e+38 -3.4e+38 -3.4e+38 -3.4e+38 -3.4e+38 -3.4e+38 -3.4e+38 -3.4e+38 -3.4e+38 -3.4e+38 -3.4e+38 -3.4e+38 -3.4e+38 -3.4e+38 -3.4e+38 -3.4e+38 -3.4e+38 -3.4e+38 -3.4e+38 -3.4e+38 -3.4e+38 -3.4e+38
0.0592983559067337 0.041099954767233 0.13190592148642 0.133429029359557 0.144644538234171 0.137962857198603 0.124300586612544 0.142205583376318 0.145908237697169 0.150454086058046 0.140475783271092 0.136702160223232 0.124651440622479 0.139752523624483 0.123419811785742 0.112104214109068 0.108275850613219 0.129217376700629 0.115367263444954 0.121473337922325 -3.4e+38 -3.4e+38 -3.4e+38 -3.4e+38 -3.4e+38 -3.4e+38 -3.4e+38 -3.4e+38 -3.4e+38 -3.4e+38 -3.4e+38 -3.4e+38 -3.4e+38 -3.4e+38 -3.4e+38 -3.4e+38 -3.4e+38 -3.4e+38 -3.4e+38 -3.4e+38 -3.4e+38 -3.4e+38 -3.4e+38 -3.4e+38 -3.4e+38 -3.4e+38 -3.4e+38 -3.4e+38 -3.4e+38 -3.4e+38
0.0029434552500344 0.0143583287603933 8.33766153841564e-05 0.137937280407861 0.113369756646733 0.108368022593909 0.126208575850309 0.121080973228744 0.155426588889675 0.14026578221837 0.137677197509873 0.110370324447029 0.104656655204053 0.110317631376629 0.0914976425744607 0.0917337227470058 0.104077072067086 0.0963619116404634 0.0981480324803904 0.0889361137912505 -3.4e+38 -3.4e+38 -3.4e+38 -3.4e+38 -3.4e+38 -3.4e+38 -3.4e+38 -3.4e+38 -3.4e+38 -3.4e+38 -3.4e+38 -3.4e+38 -3.4e+38 -3.4e+38 -3.4e+38 -3.4e+38 -3.4e+38 -3.4e+38 -3.4e+38 -3.4e+38 -3.4e+38 -3.4e+38 -3.4e+38 -3.4e+38 -3.4e+38 -3.4e+38 -3.4e+38 -3.4e+38 -3.4e+38 -3.4e+38
-0.00854026515568221 -0.00213628729668795 -0.00884408012877668 0.0585839067317471 0.180311090508893 0.0887609027695706 0.117408160790056 0.127057345771908 0.124354582916276 0.1047934784386 0.107601335757023 0.099118657284199 0.0823005226289513 0.0814909892340187 0.0846548485136309 0.0813763710894226 0.0572653141872988 0.0798775534151294 0.107549633193723 -3.4e+38 -3.4e+38 -3.4e+38 -3.4e+38 -3.4e+38 -3.4e+38 -3.4e+38 -3.4e+38 -3.4e+38 -3.4e+38 -3.4e+38 -3.4e+38 -3.4e+38 -3.4e+38 -3.4e+38 -3.4e+38 -3.4e+38 -3.4e+38 -3.4e+38 -3.4e+38 -3.4e+38 -3.4e+38 -3.4e+38 -3.4e+38 -3.4e+38 -3.4e+38 -3.4e+38 -3.4e+38 -3.4e+38 -3.4e+38 -3.4e+38
0.0195791348141512 0.0214240058561274 -0.00106936652673767 0.0674519926258193 0.0853285369446537 0.0865376227504787 0.0559629800045486 0.0839451036269241 0.104703052926048 0.109583876273074 0.105192195084574 0.100087341215984 0.06226996107675 0.0510543548074034 0.035698938802682 0.0571478109587889 0.0590877607303576 0.0729912767369931 0.106226021015585 0.102619809520626 0.11868180974987 -3.4e+38 0.141413548333262 -3.4e+38 -3.4e+38 0.105564648882957 0.134456842554692 0.139166876503411 -3.4e+38 0.12314141312361 -3.4e+38 -3.4e+38 -3.4e+38 0.155236147795729 -3.4e+38 0.0442153941943543 0.158285290796563 0.166230457311534 0.146627359835507 0.123142776447178 0.10789062691905 0.0996974643193913 0.0962484815806831 0.0785663516471503 0.0839452821647392 -3.4e+38 -0.066068923554756 -3.4e+38 -3.4e+38 -3.4e+38
0.00653572201423439 0.0200781246139787 0.0141844536327687 0.0556111066894002 0.0361447366548806 0.0413062885587779 0.115983900164525 0.0631888420765118 0.0397542505458147 0.0746003954428462 0.07983080782824 0.0564808816730246 0.0452324256366795 0.0275959582713695 0.0503131852572941 0.0399541544666815 0.059087700135912 0.0553233356006377 0.0678414778079279 0.12718286042476 0.115484063570404 0.140034682854781 0.131662775464782 0.145810914183746 0.137753226811777 0.197626933542168 0.104725573000854 0.13134089656359 0.148505257397132 0.147855186288278 0.145881945008437 0.165904877640342 0.163078151222448 0.149579351214286 0.140330540577141 0.0543057113899812 0.0611294113012532 0.157470438462485 0.174375162986573 0.025553449589174 0.132175784231133 0.103489433001295 0.0817441330923459 0.0900580249067226 0.0727903539665876 0.184772299686358 0.177325505917235 0.0967611488156869 -3.4e+38 -3.4e+38
-0.024797808254905 -0.00760012164665716 0.000109847119212192 0.0534120490815317 0.0955599925573879 0.0867620519920223 0.053809213161778 0.0287843002131489 0.118126444604236 0.0816164575458376 0.0847162570116506 0.110967873855503 0.0850408873009272 0.0420175800521941 0.0308008111375521 0.0466082247649967 0.0693571108544513 0.0457964659362564 0.0898068841707731 0.156509665041786 0.135673150739199 0.115133161599405 0.134657857457857 0.12546921313788 0.109652431893228 0.101721469437754 0.120524497808117 0.151009198018566 0.231960902450721 0.243805591886786 0.135716452695685 0.169249542500968 0.166114115433653 0.163310976625129 0.132945900838925 0.132731393073463 0.149103619731503 0.261434880931622 0.177267037152674 0.14842658302079 0.153187287330674 0.140414785764443 0.12085114168729 0.191439328088115 0.194052674632755 0.171737642193151 0.100721001674818 0.0914151683034879 -3.4e+38 -3.4e+38
0.0276982764604601 0.0515271063292406 0.0417049573361639 0.0245062312270711 0.12320521752731 0.104233822074182 0.16005278197491 0.14216917851674 0.0920259224599562 -0.0340140278472369 -0.0148673021737561 0.104904374974447 -0.0298246343069628 -0.0517097656818891 -0.0629708028413367 -0.0734640069319992 0.0489916116104424 0.088394200749998 0.135676301994667 0.14462413472675 0.117525488802402 0.126113106010614 0.12423444723589 0.116159616905569 0.103063363842071 0.0758448449689007 0.105860793424062 0.132842660840077 0.216807807062084 0.262326701125199 0.25297900412902 0.257769107482331 0.241914441948157 0.25229225329619 0.254604075805938 0.266240307573788 0.260852042697419 0.267894470682417 0.184994828963408 0.169384626162448 0.148995913234418 0.135092886544221 0.106588002874008 0.103942871026241 0.102243646934235 0.0906812204600156 0.0985605146230393 0.0901530247364709 0.0735384868854505 0.0564493167525447
-0.118286480180014 -0.0284404952144761 0.0640847474625152 0.0647486611840779 0.0255175069262181 0.202806483492163 0.183585969093879 0.132729248147588 0.117922839671043 0.104539295823589 0.000754088129673147 -0.0215297361424619 0.101200527116043 -0.0418579988172919 -0.0481862544151642 0.0327799373554463 0.0120118154184463 -0.0552659824505205 0.10889885315771 0.149563072076317 0.119521024608907 0.114880461743072 0.115027879197419 0.108871105547183 0.0952997070244125 0.0965918062564869 0.100485958735419 0.116857777205851 0.0627637928115069 0.0777476103225034 0.0989074019717371 0.244691871697356 0.263594052762814 0.268880049255112 0.256328788640714 0.138441878294355 0.101466698419158 0.243348346513198 0.170535303432881 0.149528936544978 0.124844052244766 0.102899370737657 0.0923213208548534 0.083699342675415 0.0882955605132068 0.0799123398944586 0.0791775590007649 0.0749697353298656 0.0913486487997334 0.0527310865481301
0.00918381749422409 -0.034351410645959 -0.00429246820416375 0.101605491836463 0.0982316344725447 0.0739920200867623 0.0584955653153119 0.118039038051621 0.0740634867073673 0.0720920802953666 0.0510112417734674 0.0423290844246483 0.0237122594876734 0.0103819460875524 -0.013464196284056 -0.022868057473569 0.0131888406280291 -0.0548966375032884 0.104405499539595 0.127355413689735 0.130487547784687 0.116088609582332 0.0889004522716378 0.112667681644451 0.0974609505401679 0.0836703578450743 0.0995063334456531 0.16738217931581 0.0427848678828377 0.0733860835001314 0.0860185279967247 0.0881149711148853 0.265898276321337 0.259680962230754 0.267548254597956 0.262628833114422 0.156920970324367 0.248969629616056 0.140757279191531 0.152016329329171 0.102865948453413 0.0886689774865176 0.057087089099128 0.0569935978789091 0.0612121486377341 0.0512372513759241 0.0549964656308534 0.062164379567337 0.057228844296594 0.0539008617022417
0.0207663445213175 0.0177635559733339 -0.0288125987138114 -0.0837384424924192 -0.0192675518724242 -0.0421217359620468 -0.0364279642806424 0.13717209661589 0.0639276798069432 0.0319065746810318 0.0367836617417054 0.0277357530864637 0.0247266749174388 0.0220469748372847 0.0249151333734895 -0.0128884755324752 0.0211410423375993 0.0350577104248171 -0.050155182237935 -0.0100386206044209 -0.0253573850173677 0.025494172818356 0.0190481832210535 0.102909194619293 0.107574677207911 0.125275367307949 0.123837202574943 0.0242281421187432 0.0340072159442753 0.0679858133614086 0.0809234843159556 0.102921698463466 0.100550205856778 0.250080456354933 0.252050736014485 0.258243943311495 0.235087338831179 0.143916055868241 0.141438253567234 0.125584221535776 0.0826421302352182 0.0729055986489089 0.0526241882366959 0.0511717161571606 0.0264765827751785 0.0349803854241319 0.0225963897191753 0.0187408828114737 0.0276552113374782 -0.00362396056677151
-0.0205260877787702 0.0349252072998557 0.0201773011327715 0.0131842198280336 -0.0182105108389892 -0.243955625059907 -0.00271931021395596 0.0535627248994983 0.0717836993778409 0.0180530819265365 0.00999777266421234 0.0156471378627258 -0.0261627437583047 -0.0163735574432716 0.0229135004892364 0.0155633310802343 0.0203457916023853 0.0328520895283138 0.0504850246751708 0.0485415003911407 0.0190583240922563 -0.0423032519001592 0.0148584283873505 -0.0238025904167665 -0.0449811277712589 -0.0168078190360039 0.00605875964614073 0.00585929403111207 0.0473719416499814 0.067793052411519 0.0833865116162755 0.0903878180135486 0.100163623103902 0.256077672325349 0.25812783044601 0.224244989762101 0.138560664784624 0.116368704145717 0.126270066349093 0.0984127094380429 0.0829215670675767 0.055166582168299 0.0554185272988331 0.0235731193732948 0.00235666518556799 0.00460894285436369 -0.0166418701615658 0.00546967963503291 -0.000826715944873475 -0.0186625042578728
-3.4e+38 -0.00200382906010167 0.0166854085638847 0.00779836629700175 0.00772570568607147 0.00108295624051385 -0.0401730219540954 -0.0282852897342215 -0.0370765499995774 -0.0435748156310126 -0.0303259914079438 -0.0424071687140894 -0.0575900811494255 -0.0451279498917439 -0.0354056727883055 -0.0495323034193445 -0.00810143154942936 0.00546192578231286 0.0302464283098718 0.0469403070084493 0.041370304189623 -0.0125821211089711 -0.0258900895435377 -0.0187528816250511 -0.00669164109779664 0.00759906694916869 0.00225270594907126 0.0124515172015713 0.0302163630737063 0.0569839413871221 0.0848500054442736 0.0821911224788982 0.0990946871000422 0.260118997081802 0.250852929303039 0.238201075142327 0.148014273444971 0.110394807704037 0.112151993211332 0.09787580825076 0.0683755748867777 0.0578311097468313 0.0184937217612103 0.0185467116076795 -0.00274633057968623 -0.0179744668177618 -0.0423073573533022 -0.032452433523535 -0.0180540829681737 0.00814267438549649
