data/pcas/pcas_can_126/pca_referenceLayers_can_126/PC11.asc
NCOLS 494 
NROWS 529 
XLLCORNER -117.166666666667 
YLLCORNER -55.5 
CELLSIZE 0.166666666666667 
NODATA_value -3.4e+38 
[rows 242 to 263 of 529, columns 350 to 399 of 494]
-0.00404009816023183 0.00190677361861703 0.0140800266129342 0.0273596875460509 0.0349671666620374 0.02898731684937 0.0474944141676257 0.0550281864540773 0.0607768753496866 0.0617918257552739 0.0620856924709554 0.0375707603336254 0.0366802919177534 0.0156548220174852 0.0100913153235654 -0.00345118974457066 -0.0147967618698011 -0.00720076395417341 0.00569088364525534 0.0307045446381448 0.059135961148621 0.0685673929501866 0.0691718791894895 0.0648857479478415 0.0739662350095854 0.101868346023326 0.0810343187633109 0.0951133522456045 0.122248127901027 0.0857776783245933 0.0950153358403451 0.111990293115668 0.119479868033182 0.108632683677299 0.119075208827831 0.124172673485706 0.118155383460697 0.137343720095969 0.136711825908719 0.11604058042682 0.123320717655333 0.121937124597815 0.133603092840136 0.119051612491728 0.102554367780644 0.088771936456929 0.0977902394609148 0.0762703732423916 0.13255653073031 0.130008546616771
0.00596512498454705 0.00425315876714472 0.0156331325686963 0.0322104843745553 0.0327663330718879 0.0266583305444757 0.0506902041789318 0.0377266218829516 0.0467585639366528 0.0609588101414476 0.0575683750007508 0.0509206875924328 0.0179499938487487 0.0175955521858003 0.0136264093065689 -0.000970318838914588 -0.00481579080297413 0.00199008097178841 0.0175683330639319 0.0184782706111039 0.0572937565154893 0.0727890297695078 0.0548325172306143 0.0620673245399452 0.0819639150999373 0.0746825732879273 0.0918816400089101 0.102700495489688 0.101014967106405 0.120330854129408 0.0912731217728908 0.106015412103947 0.110564958471883 0.118500405878503 0.120584040769217 0.111410635264416 0.104881855140928 0.115330297604948 0.118636793969403 0.120060124658851 0.112199060129698 0.0996755372494584 0.102429449415024 0.106356813863546 0.101721776306278 0.0956762160128998 0.0868253651124392 0.0993483552159446 0.12516834267007 0.118880798821111
0.00528457792745966 0.00841059984617505 0.0182040740300301 0.0237338460062022 0.0395147450943776 0.0369662312893451 0.030562321392626 0.0456785126762823 0.0410298949352367 0.0443190756273156 0.0453757140760006 0.0340782926017517 0.0249610478642741 0.00658010745179872 0.0016632418407517 -0.00628951978936614 -0.0160634212861269 0.00393725184469857 0.0117609634971779 0.0182697999282105 0.0412900232079535 0.0711023038084254 0.0924092316919747 0.0714463243544206 0.0789910627189261 0.076437716661899 0.094033229478352 0.101746827853042 0.112210254642485 0.0958133840653932 0.0956034269850124 0.104358111201637 0.108539450640495 0.122586464309196 0.122460735078345 0.103808718646586 0.0983129390867511 0.111530903843449 0.108050696810261 0.109697716080274 0.123078792295972 0.108880559095842 0.0802536959635179 0.0888532413301453 0.0756199169479041 0.0733791251446857 0.066683476934769 0.114626306765191 0.116306946011011 0.106237751507528
0.0155813208889378 0.00743157806185299 0.0194220815003832 0.028930350986973 0.0244480179913851 0.0267283312968313 0.0322823561245892 0.0357399703326484 0.0219257835871754 0.0357495761921612 0.0205631874876698 0.0369976308087735 0.0195639557731705 0.0169792559088977 0.00635220664012694 -0.0158977274826401 0.000593169103169006 -0.00328036732239105 0.0121360155760036 0.0250455697983184 0.0511778114899476 0.073298312466139 0.0747590001273006 0.0845837705686685 0.0846257567471954 0.0891601545478574 0.0936790333060933 0.108391489867086 0.107721525862024 0.12363941137987 0.134225100460654 0.102184302865986 0.116179450033045 0.120596514109403 0.112686596364587 0.113599364478526 0.118755468490697 0.0846733210159858 0.0973207217205753 0.0832578073804965 0.154179030277862 0.123561972533822 0.0688606913051702 0.0748213130914832 0.0809582410299464 0.0879593833774612 0.0703099500589584 0.0510073383659811 0.0757342908703777 0.0924021906720636
0.0337731669310503 0.0106717663454669 0.0304564311708496 0.0212996787018799 0.0103150033121122 0.0256432321371181 0.027293272682049 0.0102069125045156 0.0264872420560106 0.0162735841052724 0.0260823755783804 0.00986375957757472 0.0121718847826603 0.0149704272884525 -0.0124530221756135 0.016729059703298 0.0191695202032646 0.0142149059687915 0.0231644135120373 0.029847937296762 0.039589131398681 0.0385598626569917 0.0831407131318123 0.0684410776463075 0.0731737371902972 0.0777028254310085 0.0826371590614705 0.0903795787446584 0.0955018297562894 0.111483472669514 0.127366248667736 0.0921898031524555 0.0967441428482228 0.111139356085108 0.109379692361977 0.104767197223193 0.116230959188349 0.0829284253952039 0.0970298571544156 0.0874085459665254 0.109542678300609 0.0940390818915413 0.0619918424193683 0.076425436287587 0.0855250209407797 0.0841657905381547 0.102837247784007 0.0970127384626886 0.0646818881845065 0.0888265574122032
0.0244663509783661 0.0251481264920091 0.0290480152907013 0.0268251054699213 0.0138288269057512 0.0192337987148792 0.0304848051131985 0.0239144756417951 0.00830953239411977 0.00189165100215093 0.00501029094106676 0.00381961713315968 -0.00429147392902481 -0.00113790852928877 -0.0111474346452912 -0.0118641708430913 -0.000901202878082756 0.00487785389313297 0.010328950866447 0.0314536754972046 0.0387021499315537 0.0582870296017272 0.0611908166068354 0.0713968147022244 0.0648292010330178 0.0621056097566569 0.0744184093857521 0.0749097977909342 0.0978596592834343 0.104797191924354 0.121981079528356 0.125959672800866 0.0962675333160092 0.104103719953834 0.114519676468653 0.0990762405821937 0.100944907626018 0.0787591440673205 0.0876118903674911 0.0683872278338442 0.0948533926270159 0.0770558062468158 0.0557047947446321 0.0747117209928475 0.0893030747582883 0.0613000641037262 0.0424256363568021 0.0817520013401694 0.0782139209997837 0.111490126840992
0.0177199221502653 0.0279209621953959 0.0298949020822057 0.034707169628802 0.0177453128696509 0.00801699849784174 0.0247532849210842 0.0129979888530571 0.00244753260688103 0.00515178073903262 0.000458064174507306 -0.00128132265351934 -0.0065952760542631 -0.00563458861278566 -0.021746516333847 -0.0170936078909696 -0.010960124865894 -0.0025704166576466 0.00675002346060444 0.0139030901010089 0.0269767834689516 0.0465506670436045 0.061194025684773 0.0688257299721039 0.0806377135658692 0.0632603694800027 0.0779715408944374 0.0864105394733195 0.0750111712886971 0.104013928025574 0.10755642694136 0.119456578018777 0.105300770444392 0.100389254494352 0.0901830571683506 0.094861373285283 0.0894848479147954 0.0821751598022833 0.0699827693716104 0.05352640748571 0.0760799883638951 0.0620658295381581 0.0507811756537552 0.0405922139834904 0.0798835939496618 0.0559515512906362 0.0363795882473661 0.0513930531968306 0.0408162534835236 0.0845913098064771
0.0373789108242038 0.0240758454970148 0.0259682474097502 0.0186230995594226 0.0163732501918235 0.0215469715270454 0.0140865478599418 0.0113507272584403 -0.00219896569740076 0.000181282027210114 -0.00244355682114264 -0.0158588452885112 -0.0147473958032694 -0.0211831891343592 -0.0433435629954311 -0.026372075614499 -0.021190004735384 0.00242426902169429 0.00934725515638977 0.0105074486274456 0.0366816444355769 0.0347840349520818 0.0507505305780129 0.0769890717609166 0.0813649750907479 0.0706790170698548 0.0666253553405466 0.0823043901614466 0.0861003891188451 0.0935946558005872 0.108810308606505 0.127393339713356 0.0789558589175324 0.0953400537570628 0.0829551220659709 0.0860799198152021 0.0687386788123469 0.07765218041071 0.0784994906058873 0.0460556735239954 0.0397560466636455 0.0760140275781365 0.0588965815387709 0.0546973756428588 0.058196568912506 0.0445945197768867 0.020344086843083 0.0292267150759192 0.0421216054189851 0.0517030553208097
0.0309782833655322 0.0238332472230066 0.0271098210567396 0.0275819555961929 0.0373494432026437 0.000615480587336459 0.00379330045119284 -0.0200203966003496 0.028191327625097 -0.00541558263720556 -0.012423279530493 -0.0121219917866494 -0.012862106277381 -0.0298857500902289 -0.0492030051139806 -0.0430201084858012 -0.0268782017550179 -0.00788127761780637 0.00542195464331459 0.00995082984120826 0.0225698286750215 0.022983101391405 0.057945514595403 0.075679460088773 0.0782772742239721 0.072767884975117 0.0690631033486515 0.0921605596754564 0.086308197029409 0.100445369797983 0.105680548025998 0.118066989961598 0.131134871973466 0.0936511647883993 0.0781438181167344 0.0783393266354572 0.0772432975982817 0.0644918626322943 0.0539191811344041 0.0509178926463784 0.0492631584074622 0.0512005267527934 0.0525766081980935 0.0278259893265501 0.0437754156071624 0.0665003224405817 0.0400508713146027 0.0194705723900402 0.0345471885141551 0.0128786551139519
0.0495711103160161 0.0424165459394441 0.0468313291296796 0.0344884259374611 0.0211900279133145 0.0218856740886575 0.0136514873172945 0.0106112583615471 0.00117293582639375 -0.0141678141694455 -0.022487342373054 -0.0218379902114388 -0.0389288293006256 -0.0418555060250556 -0.0342707394897187 -0.0269188477422483 -0.00974651804317555 -0.0244817466746649 -0.0231011938379582 -0.00226563120704432 0.00628945049168947 0.0154068999406078 0.0437629106247641 0.0681151871016937 0.0761591911231582 0.0840185130852159 0.0747011167925603 0.0833084055522962 0.0920010144895174 0.105726655195628 0.122277604321111 0.114707080118573 0.0742075960772507 0.0743256370764007 0.0821737410246008 0.0686475817137322 0.0720435646597082 0.052310711491099 0.0407215527603407 0.0229591215896371 0.0349162438065781 0.0569768033916478 0.0670819824438536 0.0307818934741282 0.0499927038175252 0.0521241246503781 0.0226783063175158 0.0126336512742504 -0.00848756708648271 -0.000673960578207317
0.0611979764479466 0.0532619629498464 0.0332025589477726 0.0513192994076798 0.03694292961234 0.0341719218965011 0.0284496000460393 0.000142826453224991 0.0181622980074954 0.00356599536247883 -0.0135815509573689 -0.0305794327903923 -0.0310028328160825 -0.0362106722970559 -0.0291712883806245 -0.0305572062938214 -0.0231094813980174 -0.00559110354695142 -0.0100638654731122 -0.0200551347089617 -0.00914504341539465 0.0168684792755784 0.0480931035648507 0.0618010982762059 0.0908638170932274 0.0809017962486041 0.0629533970499282 0.0858891431370059 0.0874435029592786 0.108239790442793 0.110094479136177 0.109254957480501 0.119759679524916 0.0727598234609558 0.0787340151160552 0.0697288025304506 0.0510303946181685 0.0522929767888866 0.0390590361847555 0.0530449528804106 0.0469328673095758 0.0407440668497513 0.0463906382532411 0.00554554025320043 0.0331926095808398 0.0278730450149591 0.010538482964395 0.0174685864344417 -0.00382858248014694 -0.0197314063517176
0.0576984103655111 0.0635427295729094 0.0465724229747555 0.0369738356279691 0.0377173068168103 0.0241349325360059 0.0265588157563106 0.0291251546424548 0.0283174597273946 0.0106401100448059 -0.00435684939890898 -0.0220509651437497 -0.0400009635831011 -0.017168376218693 -0.00010826713870922 -0.0314797155245164 -0.0289663684153971 -0.0249403378742813 -0.0188902871802647 -0.0177549331994928 0.00774710710831059 0.026943124483135 0.041667825797334 0.0579495218863784 0.0705061289286164 0.0765987474520596 0.0961653823655846 0.0904621651874228 0.0982698069130396 0.100880366740872 0.117481635974371 0.121023336938603 0.0705037806253959 0.0786634364599716 0.0803296721158144 0.0774977551851368 0.0744935233844963 0.0548568621635514 0.0403451845854552 0.0481916037446167 0.034238680105199 0.0325214442950342 0.0248986554438685 0.000509528570242834 -0.0165575136778704 -0.012752515312524 0.00888220400613336 0.0197035592225287 -0.0146251322646025 -0.036963551740808
0.0772259243883061 0.0682848526806831 0.055024264829773 0.0573001439769786 0.059293025898715 0.0465529772726902 0.0532243273407387 0.0248139241816415 0.0137767294604228 0.00479795880371115 0.00689113581563879 -0.0256317444476766 -0.0315373029531288 -0.0199852162129233 -0.0221026040830503 -0.000732527274573666 -0.0135663088144854 0.00254779618162985 0.00373025637974294 0.0156806211096661 0.0296139904441527 0.0304606485156902 0.0516406014199458 0.0889577578721079 0.0708853753676508 0.0722625948419821 0.104674123621784 0.102117412673708 0.103147765101473 0.114561870163708 0.130309801773434 0.139632656788046 0.127793979742216 0.132805934565113 0.0577140309395166 0.0595307243507698 0.051716266482293 0.040287618412159 0.0500738249712818 0.0397194140292596 0.0463310553544399 0.00967905829372108 -0.00332131011606304 0.00294196715897926 -0.00613954252738125 -0.0291538180344878 -0.0161533410208048 -0.0215171557068135 -0.0401127318117324 -0.0555954896657725
0.0794911710758627 0.0808436180245305 0.0529047553153065 0.0515890735857405 0.0548296140683665 0.0687829967575406 0.0446861523699387 0.0363664113752952 0.0288901363628848 -0.00171994223224145 -0.00533369682712733 -0.0083652877081113 -0.0235680041210651 -0.0277148637191252 -0.031030616467984 -0.0288108361402444 -0.00231825311974126 0.0133249770281936 0.0156603294642165 0.0261905251438382 0.0426298151142528 0.068095180132906 0.0787103368974168 0.076585052640311 0.0810722904771497 0.0955105111372164 0.102332058180035 0.0953224870342625 0.11665702433288 0.10139836724316 0.137299009661273 0.152654729413878 0.155305260903717 0.0870097409538715 0.058458693620034 0.0625525195794875 0.0490122779114967 0.0390500013125449 0.0636645831935153 0.0499403967075312 0.0206887841104609 0.00681939338876205 -0.0137752668174155 -0.0219117378149015 -0.00266604841646173 -0.019647200034606 -0.0154863374853166 -0.0312300928491445 -0.0624471213806373 -0.0663934442030795
0.0730007147802883 0.0913646453749341 0.0689940183734646 0.0669288762805648 0.0600726997135843 0.0591193714128215 0.0422771460762205 0.0352744319950944 0.0310356148384241 0.0258283534208214 0.00520344367716088 -0.00856652019003543 -0.0129346378604707 -0.0236418646926698 -0.0220228194448799 -0.0132426881407565 -0.00573797091446833 0.00982903075650385 0.0199926205753449 0.0159115247427021 0.0293567605990664 0.06558325456098 0.0754231843372188 0.0943261321038948 0.0844877568191705 0.0861227295949389 0.105060342659815 0.112622825841458 0.135618815914668 0.13256577413764 0.155922534347477 0.149617910776959 0.0796849856904371 0.0697349743466419 0.0513923588366278 0.0477430923587 0.061523536211486 0.0584895475438848 0.0655790795472995 0.0189217878529873 0.031472268801609 0.0133924280434621 -0.00424196145379799 -0.0286090943859652 -0.0132159948355047 -0.0254997306325286 -0.0216766265035087 -0.0318490804163989 -0.050496923543622 -0.0653017213520228
0.0921974377222163 0.0932009392080613 0.0868503395052244 0.0760220442025061 0.0750055713262221 0.0646720439394858 0.0526438829004685 0.0289937681583192 0.00383319006508334 0.015893008929383 0.000893654943107593 -0.00585748645245868 -0.0138184705585765 -0.0241374269210319 -0.0217503800046552 -0.0226466675317791 -0.0141938840750401 -0.00476335049571695 -0.00142224656173814 0.0327809390890405 0.0604754561212477 0.0517205376193262 0.0739892702622745 0.0874876208265942 0.0754138570877876 0.0872298902327782 0.109579311199481 0.121973099000839 0.129847645502031 0.124996890965362 0.141399146180473 0.157119087621337 0.072805006396555 0.0557379395419004 0.0494332952510586 0.0464231144345495 0.0733359171963577 0.0347770077044779 0.0648486904990366 0.0107366681762117 -0.0154640386091054 -0.0155096990014503 -0.0360321935799906 -0.0307870328650456 -0.0453737559007798 -0.0431517195646654 -0.0547071822456274 -0.0474388509921079 -0.0615563819841085 -0.0727826700029699
0.0902006526594221 0.0919027827716281 0.0939171189984449 0.0758727568243618 0.05495546797689 0.0743375964074689 0.0592289460879403 0.0675053874988989 0.0540200392938534 0.0204583593611009 0.0114721875636708 0.0119296219978536 -0.000364768140854226 0.00584989485703283 -0.00867173594222022 -0.00824252778372837 -0.00215445683321289 0.000742799768089754 0.0187601016511291 0.0280380563100224 0.0447154413051724 0.0791931287157258 0.0831854251283942 0.0959618423149133 0.0956886183309626 0.1121236371603 0.118794349801684 0.126699825792664 0.142599563810336 0.128286431457731 0.0620339217528184 0.0648747149812495 0.070178353601376 0.0556986477809482 0.0391125609679101 0.0474864506724414 0.0343938000887318 0.0288291775168741 0.0458948943502709 0.000338802348536151 -0.0283199809554393 -0.0222149687641199 -0.0150944792909753 -0.0451034678166436 -0.0458913428156227 -0.0738152592989536 -0.0702451025993605 -0.0776979709052119 -0.106984509297781 -0.0873421607486431
0.0931546458398823 0.093870548368274 0.0797715379906166 0.0706891147271229 0.0649612272629036 0.0844174978004342 0.0652079488338259 0.0853979686950196 0.0806482454650628 0.0559563254652501 0.0207379282700906 0.0263962061171282 0.00736719410673236 0.0141453262234571 -0.0129672753421177 0.00180932769094483 0.00850489761690174 0.0200073740033268 0.019255784215529 0.0247576721188623 0.0413623765114788 0.0655512432044665 0.0768411758149596 0.0641857634563156 0.094142667102578 0.112278237859394 0.0994905828463143 0.104717944181476 0.116174819118644 0.137348465015584 0.0824198987963328 0.0663947941512657 0.0722395528647607 0.0430545363520996 0.0488946950719588 0.0577988999460291 0.0459689165520067 0.042455451151747 0.039698856914351 0.00802519981975421 -0.0248967808040625 -0.0174040334108799 -0.0275451956047889 -0.0412776373344806 -0.0666212786929951 -0.0845488682426421 -0.0750094655673406 -0.0817298721815741 -0.136916814225592 -0.126506499935314
0.109897579070518 0.0996553463117011 0.0936641614469489 0.0790611144607038 0.0831509396807168 0.0734183601315254 0.0660602440549112 0.0789849438610433 0.0807320888076396 0.0492029090399357 0.0357730713041245 0.0330586949525618 0.0324224168653256 0.0121068662509054 0.00354642146693318 0.0130851104200323 0.0246006850223485 0.00138889866200752 0.0188065563570206 0.0456351348891547 0.0684397890865367 0.066820537649022 0.0857237734350455 0.0797459232882962 0.0854953490589896 0.086086230449109 0.0914509029575701 0.109084613813068 0.122684533702889 0.0644084967490867 0.0570754024686204 0.0692955514716774 0.0565129770458338 0.0486211883029591 0.0458068070428843 0.0616121883114122 0.0373964848721684 0.0263639908295785 0.0440533220699928 -0.00542753440032287 0.00105429265601862 -0.00238997702216745 -0.0195418034813611 -0.0296375854978182 -0.0647367308630219 -0.0817135961461376 -0.07923111152797 -0.0847770310960891 -0.0784987237510718 -0.102696394630895
0.114882013924458 0.110684223176489 0.101799006814254 0.104276085985764 0.0935862585542091 0.0811033202167511 0.100300701230843 0.0795693035738513 0.0531080908302311 0.0592578037535989 0.0482463507326334 0.0341956169858054 0.0364176769164497 0.0287959367387916 0.0158426877993734 0.0252659008375982 0.0280663026379568 0.0172733384578546 0.0196394112043596 0.0335892986857692 0.0463942145203499 0.0657231186335039 0.0714029687549825 0.090555628716582 0.0950801250157655 0.134546762763345 0.11586060371711 0.128239422498371 0.0542606581873178 0.0596576828512695 0.0708718391788884 0.0550656999496053 0.0603131068315295 -0.0301571421527487 -0.0197466518119262 -0.010424988527969 0.0154546825269322 0.0265847022513871 -0.00610263537351455 -0.0130464607942765 -0.00980228618057707 -0.0335604975705607 -0.0463298116863219 -0.0630530595964073 -0.0584500612977462 -0.0759007819429273 -0.0965211190401924 -0.0878616388172115 -0.0957468750270267 -0.107871168134564
0.120374902537627 0.125356264355413 0.118342443483572 0.10675853936537 0.10337027404785 0.0980488322365092 0.102544488619421 0.0921992038713231 0.0731871313707468 0.0738756868024293 0.0932483295652485 0.0696748096360141 0.0497380323158731 0.03272687836664 0.0531799952931568 0.052219052713547 0.0441312467738841 0.0383426201129291 0.0551812074983629 0.0520844115089176 0.0492674096076017 0.0758389726216378 0.069795863554385 0.0706116692687734 0.107958628895384 0.12693628390078 0.154147605358752 0.138954782175884 0.066697447771544 0.0691219934690458 0.0692930962848109 0.00382878140235322 0.00260595105011755 -0.00842246355105816 -0.0073422799772779 -0.0178081295689241 0.0187292741893822 0.00306601583186131 -0.0256004626504618 -0.0425598986807006 -0.0609238122738766 -0.0603141822285698 -0.062006006047205 -0.0698087899728603 -0.0670489127020754 -0.0849445970916863 -0.0772001146021771 -0.120644146976101 -0.116205071309539 -0.103391980306897
0.138946009029783 0.139981520007633 0.113042819078469 0.108085211068918 0.108982899022308 0.0976096969471305 0.120892384686102 0.121091386077597 0.100973818526968 0.103535818039792 0.0844592210500199 0.0722503468541339 0.064567188082883 0.0400016054931668 0.066552732515698 0.0795073440675228 0.0607709511366681 0.0719232493608276 0.0610852252107607 0.0778616473260211 0.0718249244769966 0.0840202699323896 0.0806987151296705 0.101222840775435 0.11054185471168 0.103791993058387 0.157738354032965 0.0996726619190209 0.0826468713351576 0.0151886023099923 0.0179498311859962 -0.00043474753574161 0.0116141717139946 0.0117234113538587 -0.000759926825978075 -0.000602411530549546 0.000962958703432007 -0.000320184220102573 -0.0161403664069544 -0.0396827513044421 -0.0524504334683275 -0.051179046006539 -0.0757053263053683 -0.102796933289798 -0.0906523513976928 -0.119774563080181 -0.128995402518816 -0.13394106595256 -0.125523752975466 -0.10466755986971
