data/pcas/pcas_can_126/pca_referenceLayers_can_126/PC12.asc
NCOLS 494 
NROWS 529 
XLLCORNER -117.166666666667 
YLLCORNER -55.5 
CELLSIZE 0.166666666666667 
NODATA_value -3.4e+38 
[rows 396 to 417 of 529, columns 306 to 356 of 494]
0.0469693690660537 0.037630766602601 0.0433302766686963 0.0455849303643783 0.038212770425716 0.0376441311370867 0.0410279019775031 0.0505445658643522 0.0577670515240098 0.0607774746290828 0.069592155799376 0.0850606421761919 0.094566091196841 0.098439940076341 0.112429340728366 0.11304366422741 0.119087617385598 0.107714231875262 0.101641675353791 0.100588532189908 0.0938433262698933 0.0907116790561698 0.086581618396761 0.0856663620208478 0.0797603072190194 0.0662843083263028 0.0503008976823384 0.0297152223429037 0.00949496797507666 0.00104152673219146 -0.00645079893884648 -0.0114027071338361 -0.0131548639346094 -0.0136641342942619 -0.00431924470070803 0.000649303139106577 0.00529784212739177 0.00179896690999493 -0.0220289068389466 -0.0768158577067509 -0.116554513972645 -0.106267214814708 -0.0722827776064114 -0.0360756358454938 -0.0220658128790073 -0.0284485824363401 -3.4e+38 -0.0437613020997771 -0.0662503866562261 -0.0727341804363823 -0.0867641720270664
0.0475653167831345 0.0466881573043149 0.0451496807196846 0.0410835053408581 0.0334720069211166 0.0428938822177132 0.047043287759999 0.0435936374192183 0.0521428737678147 0.0638880193095463 0.0718537910250399 0.0816860993878918 0.0875663080405396 0.102194807819313 0.109102006039039 0.116039341887395 0.106232627954771 0.111862585695689 0.109089526374061 0.101105755284897 0.0895368715224657 0.0874150866984577 0.0789594636107576 0.0762941427872785 0.0710234444305404 0.0545527297856035 0.0460201878396956 0.0288161856130644 0.00800182450055444 0.00331544900958756 -0.00722703407563612 -0.0136468309703044 -0.0217342175621179 -0.0223325241079048 -0.016948232791131 -0.00456024036440248 -0.00432002247078864 -0.003398126343839 -0.0311409156968726 -0.0867626903262906 -0.134371495700138 -0.116780812508137 -0.0656144506263748 -0.0283008805534115 -0.0383741519729312 -3.4e+38 -3.4e+38 -0.0613396070155415 -0.0906328333467177 -0.0888028481896941 -0.0946695309974562
0.0550433268445389 0.0485617010713884 0.0431818501535747 0.0427413331202181 0.0383447669365564 0.0404908548733084 0.0311355673956935 0.04850379128937 0.0475476614446477 0.05372985704086 0.0632999422834335 0.0712127887503758 0.0830344848391459 0.0909919167866652 0.106361257218198 0.109689299163425 0.11957235386575 0.109620399126499 0.0970481063174432 0.0861762097265126 0.0829555450194286 0.0710957053726345 0.0651330177572195 0.0716537159624996 0.0664208435419555 0.0563208592497264 0.038967674690346 0.0252110267984892 0.0134524638782844 6.80489292945174e-05 -0.0124958347222962 -0.015196650832573 -0.0191367202025785 -0.0176489738816447 -0.0288189706658373 -0.0279754922997296 -0.0229270383641952 -0.0256693230217654 -0.0415278144717745 -0.076999422874982 -0.096390529581378 -0.0777502014683702 -0.0386119358950057 -0.0441545513703166 -0.0405543163800677 -3.4e+38 -3.4e+38 -0.0707065504762294 -0.0972079068287751 -0.102688872586112 -0.101468638181567
0.053952651689381 0.0525117506372836 0.052264215432364 0.041688665767643 0.0391669912922756 0.0410077610566226 0.0456579467642481 0.0411995048958953 0.0501009990655112 0.0544612038215548 0.0619223648161371 0.0719487240938389 0.0820026137672563 0.0865334522356426 0.101934737054241 0.119848740963939 0.117229525392565 0.103577499538765 0.0934042033634197 0.0877728561515499 0.079273005042599 0.0752810271328612 0.0603702703625127 0.0621236680233481 0.0553850840867762 0.0467252451673349 0.0329146743534255 0.0231656153020688 0.017338833107961 -0.00329992653430113 -0.0136510677328801 -0.00987646973434519 -0.0149344012527046 -0.0133484917375457 -0.022686454356141 -0.0386894424102672 -0.0348073556283063 -0.0265588606635349 -0.022605048435909 -0.0409263510845904 -0.0484961236446227 -0.0298532376797169 -0.0269411435679582 -0.0407240124175989 -0.0446981773063491 -0.0658212066136998 -0.0768714206047572 -0.0848995040965793 -0.102258129051135 -0.10956785139001 -0.102334254752906
0.0620765428121837 0.0581878643303473 0.0521973730355908 0.0453677276481649 0.0466741122739346 0.0488362790549555 0.0413476089954078 0.0458780302355096 0.0499782635609215 0.0521524678921581 0.059331074796741 0.06369402355242 0.0747404001356062 0.0734092624138517 0.0976467224203215 0.117513264575499 0.102817854526467 0.0898498576129426 0.0890432188588886 0.0821078030071876 0.0738751185441209 0.065607041590434 0.0555384815387642 0.0580702279087713 0.0500002967908548 0.0415583782738126 0.0298573109398043 0.0226778572461517 0.0122245051266081 0.00219328688965214 -0.0129802142399631 -0.0110972604571671 -0.0116264358321324 -0.0200075295745856 -0.027400307872257 -0.0416744826805647 -0.0339954849990494 -0.0250177817851131 -0.0206511523438684 -0.0197980123286492 -0.0218966596565406 -0.0197431383150755 -0.0378597541284413 -0.0385862160012341 -0.0517894927089062 -0.0577795250013667 -0.0795693329555204 -3.4e+38 -0.103407677491995 -0.113704166849443 -0.0997415217142381
0.0599801072027885 0.0524778214010311 0.0496855910961254 0.0474798862284446 0.0480951233146057 0.0458472561689999 0.0406565122062925 0.0428841728906222 0.0440972771573428 0.0506810789854146 0.0576913885895329 0.06179997181849 0.0651610073357599 0.0775504302498093 0.0972899885793924 0.119474514232175 0.104412061973672 0.0892187883668684 0.0835457442137284 0.0841784982214314 0.0755671066106782 0.0618742652163991 0.0589119783554711 0.0403588845905765 0.0478721574970624 0.0408914080621877 0.028116761823116 0.0185045939957832 0.0113693698372447 0.00139296860667698 -0.0125789984992837 -0.0177605725581378 -0.0180300382704475 -0.0187861902547623 -0.0385469261406968 -0.0452164672516851 -0.0404039982726691 -0.0255457362104389 -0.0177286911819783 -0.0139126662378516 -0.00940986233486146 -0.0115849012478242 -0.0322059666273399 -0.0387522710562415 -0.0437637885009269 -0.0530069977766421 -3.4e+38 -3.4e+38 -3.4e+38 -0.102510154590252 -0.10018600794718
0.0607906766808764 0.0502012774584123 0.0520041294073676 0.0476787046166423 0.0502108406515705 0.0457365504879866 0.0454423945422414 0.0469160026720554 0.0378906143541088 0.0473237356964761 0.0445478158190129 0.0505013822027534 0.0513936039460351 0.0705827496435066 0.0902851154772011 0.111951988369622 0.103146723878338 0.0889967378232119 0.0775211447351416 0.0729081635781837 0.0654124289519209 0.0631441606001726 0.0486388952762351 0.0334419716618855 0.0442923319114654 0.0354483602127353 0.0254358048793359 0.018382102373314 0.0128397838449417 0.0162341973566827 0.000412843926811575 -0.0188956351556343 -0.0245170966166743 -0.0327578796264558 -0.0404091802607464 -0.0418535947063785 -0.0389649679896875 -0.0269148225719667 -0.011819817928125 0.00278519598194676 0.0155808405823194 0.0111913235883986 -0.000408009256034771 -0.0220806725785326 -0.0196799473211573 -0.0265932768712791 -3.4e+38 -3.4e+38 -3.4e+38 -3.4e+38 -3.4e+38
0.0622535687819136 0.0558590242891835 0.0478024912428071 0.0500987325473583 0.0607575715455579 0.0537110588029737 0.0492803729495419 0.0455189703711402 0.0396318197660308 0.0426303205603283 0.0424088622226557 0.0453220551005195 0.0427498642358538 0.0635872990886341 0.0865963772252683 0.101516326863182 0.0921823540991717 0.0839831633266608 0.0722665202704091 0.0693368773280352 0.0590340496351329 0.0544892747001526 0.0512832253400711 0.0439886355902313 0.0389311397262166 0.0306903775314309 0.0236959543603505 0.0178208422283744 0.0120424477641563 0.00580292562495693 0.00170183505188612 -0.00722223067301779 -0.0238399192959206 -0.0405220528005122 -0.0415398382312453 -0.0469382017081593 -0.040805227271626 -0.0250862149864531 -0.00875790147735718 0.0197064381373651 0.0312342965382889 0.0311267962261929 0.021903000937608 0.0116785184416158 0.0101910835604972 0.0107980492565454 -3.4e+38 -3.4e+38 -3.4e+38 -3.4e+38 -3.4e+38
0.0534522711477944 0.0562104761349247 0.0536802741709716 0.0527671667089301 0.0601630251889237 0.0575263634329107 0.0573099141658437 0.0425080705808623 0.0448428831854179 0.0414115540310638 0.0422319342662304 0.0455961783557484 0.0397906563511191 0.0589504532498396 0.0816503066304747 0.0998219820025967 0.0891585019993587 0.0806699993924107 0.0698451300110145 0.0661289915321016 0.0597188713409333 0.0597116181434163 0.0586376336382011 0.0462974312369137 0.041155901395783 0.042670484710006 0.0267718102522701 0.0179607629283102 0.0153795137735653 0.0102106044947596 0.00419667580474899 -0.00470778684070552 -0.0157494627654876 -0.0335139605555455 -0.0414011684971817 -0.0442550412896297 -0.0567277408910397 -0.0418167869884203 -0.0193561671009295 0.0239808672113111 0.0469512957639576 0.0334714634365984 0.0322250540892081 0.0263039539082911 0.0203374285849297 0.0185293526715678 0.00840556921761921 -3.4e+38 -3.4e+38 -3.4e+38 -3.4e+38
0.0527109774908065 0.0519746303194505 0.0613693309045794 0.0581972367185394 0.0581534301499076 0.0647776678915963 0.062237393817504 0.0570973541628678 0.0495157122119651 0.044803496821084 0.0431934793147138 0.0373631030328858 0.0430186010891489 0.0589464596601002 0.0753028406593322 0.0935663170114734 0.0817014906450683 0.073150999172344 0.0685772837933032 0.0657327253063562 0.0589006513240838 0.058048250621185 0.0451005719074551 0.0511990513351362 0.04178272523473 0.0437821428536428 0.0315481316374333 0.0305090351198504 0.0263602789283427 0.0204402699734063 0.00991383449500918 -0.000693279860618991 -0.00968549609950229 -0.0296593431266456 -0.0453793362233712 -0.0469611322388998 -0.0515226402801588 -0.0435698255503981 -0.0230907712382878 0.00189785157247938 0.0315457016108858 0.041389173724933 0.0360255165410257 0.0352517438105228 0.0269032214591786 0.0158237424212682 0.00917280776579125 -0.00232801644287148 0.00274821704667095 0.0082773028936046 -3.4e+38
0.0432975048042691 0.0475972598166225 0.0546727382403463 0.0574669815582993 0.0662727404409381 0.0568344373849927 0.0590480385783433 0.0538102208541604 0.0508974672350383 0.0505553101493766 0.0512213697017424 0.047246652794263 0.0471298982658554 0.0656542983214705 0.0835661583175187 0.0926289390028202 0.0781213133510356 0.0663318297404447 0.0568480843243779 0.0564251324848377 0.0506465563613969 0.0515454885571286 0.0527375570781429 0.0495782077391725 0.0494529208591187 0.0438602042121086 0.0394940503160314 0.0361601601850958 0.0279441109205946 0.0279928904316995 0.0242701223375476 0.0164962373530288 0.00197583773996713 -0.0100474761517246 -0.0380472159931878 -0.0361050124768522 -0.0492412238781138 -0.0444292234871967 -0.0343665857264711 -0.0122707312883327 0.0274452981176397 0.033603023025239 0.0392632240457863 0.039787125778125 0.030819801877122 0.0196059656775965 0.00517667514945393 -0.00161288479082063 0.00405365031395869 0.0105832023782919 0.0122803003284007
0.0469822720666297 0.0482265864468366 0.0591580789225497 0.0539756371058227 0.0604582874197165 0.0563045307788887 0.0576088534891418 0.056929621401911 0.0565214936017081 0.0556948580459078 0.0525144920550725 0.0442004503065734 0.0548434042664029 0.0679105710428239 0.0875022986170365 0.0877226410691617 0.075372536489125 0.0652749676995581 0.0526922596757386 0.048820680739023 0.043619391007667 0.0437951255725908 0.0471291277449606 0.0447588165073255 0.0484222488936961 0.0538209709748699 0.0479081339247994 0.0432333524485785 0.0371816319869371 0.0370180571278247 0.0362009572906345 0.0329511948978868 0.0205536428350249 0.00622352007213831 -0.0180196514814875 -0.0331129872934929 -0.0463170073073994 -0.0368289601302065 -0.0292068985046759 -0.0111460175324586 0.029150757849587 0.0353040519321873 0.0395317619733091 0.0340108629232651 0.023974733188148 0.0169545887716721 0.00833240007171553 -0.00120003290149918 0.00485982560721238 0.00518861850406521 0.00925586171330963
0.0485234375594181 0.0543309023072982 0.0548950027006024 0.0556633480756222 0.0531830126836322 0.0529350668758494 0.0526371854442583 0.0574887621025529 0.0542628334914355 0.0508220783047356 0.0542380880560115 0.0506861101785832 0.0605245708744669 0.0743811849822895 0.0888927239180632 0.0776183916300252 0.0597090212400314 0.0494531851588174 0.0427488961158118 0.0357465139321722 0.0338990471513664 0.0388374617912467 0.0404464543226731 0.0384125158262748 0.0498671229002358 0.0552386634354713 0.0604511298723811 0.0533674742184393 0.047690235846053 0.0467789594723725 0.0494451341131605 0.0538823997417457 0.0338318546331625 0.0202885545468404 0.00308581385477495 -0.0181602529198188 -0.0177607081812325 -0.0106910545454092 0.00188550046766787 0.0101799050915514 0.0312665143850978 0.0452784626647037 0.0443649097386846 0.0294649817255532 0.0255202842009442 0.0147886008511643 0.0115353715527282 0.00417066133373643 -0.00123386529888055 -0.000339032044925032 -0.0112682545944368
0.0588056737138029 0.0515784335397815 0.0519573883446982 0.0481530044676203 0.0400167973727782 0.0488275672326982 0.0541713611581135 0.0609023392708966 0.0552113558275746 0.0557536332542878 0.0628181943377094 0.0598276878206796 0.0665542318957505 0.0831565770222991 0.096074012178044 0.0751602036177959 0.0578823659924323 0.0412021647214864 0.0317722254098061 0.0309066421822167 0.0281599667629733 0.0381150950131265 0.034965711988303 0.0449794352558837 0.0598262055339328 0.0702904498910964 0.0698963772887818 0.064071424930955 0.0554841406526139 0.046927987257161 0.0510958866429846 0.0456383712397038 0.0412628181777234 0.0252116268566118 0.0184517328843515 0.00354625409320548 -0.0113940040648204 -0.00366655379306608 0.00653014939338852 0.0169925280436646 0.0329996550181925 0.0378787814508461 0.0462592803003328 0.0321453691547003 0.0258878256003751 0.0122232618950131 0.00695923509588482 -0.000249300091946306 0.00753971910417701 0.0041739502112878 -0.00452202634440686
0.0539141436782036 0.0458911907736657 0.0459777664485533 0.0460213824108142 0.0305019219265399 0.0390416665492808 0.0432172433392271 0.0520774367420635 0.06892629272912 0.0726931332071125 0.0718401548956518 0.0613749582159786 0.0683694078363 0.0869229552249496 0.0833323052442091 0.0515154426682744 0.0514355739666901 0.0443617835159989 0.0356867334017044 0.0280621060448574 0.022104504249319 0.0219616286454086 0.0358463827875416 0.0480429830561029 0.0693456088697409 0.0826145448494335 0.0811644747901357 0.0779945085105613 0.0611757681413962 0.0445768642600582 0.0384335463843262 0.0354946634819605 0.0279499335755513 0.0217909888382823 0.0140591967300164 0.00487938805704621 -0.00135163583440059 0.004228004493857 0.00771192918268349 0.0193543436326103 0.0348855694134954 0.0367955364334096 0.0371890178074566 0.0340173271248753 0.029117945041727 0.0222583532208881 0.0135128228989007 0.00438186735024935 -0.0050667641313838 -0.00333661017421207 -0.00814519794555039
0.0545299741466176 0.04549085737242 0.0324813871143872 0.0357134193619786 0.0352106117220081 0.0354426182541686 0.0473627510706227 0.0519389903775517 0.0583028174846252 0.0675088897010662 0.0721638420122397 0.0765075957313423 0.0708307718344493 0.0800710921030929 0.0637123461170297 0.0692898579608835 0.0655536287532252 0.0508070410007805 0.0466464237341261 0.0335390523044053 0.0176127623990286 0.0149506676551906 0.0193221909653229 0.0523698285623415 0.0746197822730345 0.0875156878256158 0.084395911250881 0.0772753972768275 0.0644315477605483 0.0421732159999206 0.0375017787764443 0.0280698837733419 0.0203864763558053 0.00990636541045174 0.00645630202910979 0.00340983667390232 0.00197834451415091 -0.000348897819593859 0.00976930231402222 0.0270411884214824 0.035308873519751 0.0353618414735468 0.0314131820873104 0.0251862171514426 0.0265093787122821 0.0221663137545021 0.0160905468717539 0.0137737149595939 0.00286887819694223 -0.0019319025533443 -0.0101661116714711
0.0581400668369188 0.0410236032567534 0.0362925898570014 0.0346699618487755 0.037150261052604 0.0458339413237595 0.0477041903427912 0.0519025590725415 0.0633574870611697 0.0685866951458788 0.0838722320816645 0.089310634454419 0.0751887601000937 0.0727479657344172 0.0842070140219725 0.0911750365205917 0.0799161947765085 0.0696304150342009 0.053146304484657 0.035727584604633 0.0267664728544408 0.0194677853339973 0.0232791275588744 0.0514745664246626 0.0678162678383891 0.0767476378803542 0.0774371722945535 0.073732414844876 0.0695972754442391 0.0583949207735601 0.0487697026064988 0.032208529276684 0.0223566608288178 0.003744970082917 0.00477003799134261 0.00730666015167374 0.00258466308133189 0.00146767553952294 0.0163042639877074 0.0285155963295517 0.0339385362373344 0.0358901194546727 0.0327851669679138 0.0222351261357005 0.0230936916589922 0.0176524063685664 0.00988227665731617 0.00415478416239735 0.00145963867067331 -0.00669625251107467 -0.0101205525070504
0.0564429663994051 0.036902376581163 0.0346506743735854 0.0343701758223204 0.0315436471732346 0.0472054904712179 0.0481714735314415 0.0591343724235393 0.0694391146064068 0.0700543583677142 0.0749299576248685 0.0861164720284885 0.075301914022597 0.0846854194448533 0.0899003629576573 0.0891869009865135 0.0852842510176804 0.0732940173277416 0.0592323498195286 0.0501860865983468 0.0385603813626285 0.0357479861789984 0.0400782378416271 0.0543592386338153 0.0658211749802257 0.075477086932134 0.0820019950617646 0.0847934097940932 0.0725757102196905 0.0674532060311109 0.0650048933890523 0.041022547348625 0.0246853257260818 0.0156086799455723 0.00600732734089671 0.00617146997681606 0.00570078549742472 0.00854596978711365 0.0196677753965374 0.0300021519758821 0.0307233181781669 0.0321478383785007 0.0302198922597597 0.0233834245038172 0.0120396990457802 0.00721915336846887 0.0112742781357132 0.011193861248294 0.00362822938112265 -0.00689732529650738 -0.0143878590556188
0.0533832843149891 0.0505506210447495 0.0351336243720942 0.0341884629706454 0.0331920074331229 0.0418235894504572 0.0521606384148627 0.0668591051254962 0.074065339277227 0.0773280771880157 0.0810926513539529 0.0732962813731678 0.0829566579321974 0.0854808875204049 0.084259704303973 0.0849382149828384 0.0839213823763678 0.0770867977130832 0.0695128443119254 0.0588081805776794 0.0511377730599562 0.042957181829696 0.0542962433227794 0.0661347460502972 0.0733023266966252 0.0849690515581637 0.0842172347039354 0.0821004942893708 0.0751449596708217 0.0661372216253766 0.060573192762157 0.046321181764885 0.0294959109467253 0.0181233779906724 0.00698540046451471 0.00675696955557115 0.0106214666328172 0.00435490565660789 0.0243392892117688 0.0344212620479292 0.02998330364388 0.0302980479770226 0.0278810731994434 0.0195362737083507 0.0189808075996231 0.0149795620698891 0.0203179868226434 0.0175637337585999 0.00895984326016683 -0.00314304261361814 -0.0184368960919667
0.0599503117385515 0.0518572160976004 0.0443629531032026 0.0371421372048451 0.0375517291404979 0.041458207210228 0.0570115517770495 0.0652658222021214 0.0719276268619162 0.0783915873771437 0.0686252839857383 0.0653096538492632 0.0740637357049896 0.0850592362306967 0.0874776992648738 0.0846514348792694 0.081973506907376 0.0796422844626922 0.0718845612066285 0.0665115316997599 0.060927080498869 0.0533766828181133 0.0625010325326195 0.0766740790605408 0.0815619930026796 0.0871180319273662 0.0841515370256968 0.0850061180540333 0.0757402675238831 0.0714568155183252 0.0546936825981687 0.0439090288237085 0.0234852516808179 0.0110942673076701 0.00825784896483159 0.00364873855335936 0.00122444543724346 0.00505546884398654 0.0268565820695807 0.0281263917857713 0.0279905598260157 0.0269261846433314 0.0195229754345007 0.0194092795037752 0.017043741393665 0.0177880412767541 0.0144489712224571 0.0145212201585553 0.0071678985099683 -0.00330529746148879 -0.0131598896607522
0.0571295135823969 0.0643391179343278 0.0536282407814487 0.0529235551404298 0.0485081473006763 0.0481234693864152 0.053775263040646 0.0627883745675216 0.0721574149345706 0.0815580765902108 0.0706722093948955 0.0571283299231355 0.0726957651712696 0.0790725840455565 0.0866079960510822 0.0845990307392586 0.0835231691386425 0.0766188741766301 0.0734212602961165 0.0703831796185369 0.0699629305143797 0.0659122206758047 0.0719855543900216 0.0857896119481196 0.0873006328582751 0.0905120405481477 0.0931042560862081 0.0855702518512352 0.0750785957724881 0.0690196287703251 0.0537629933135192 0.0403010622981459 0.0227272388204945 0.00936208802204997 -0.00550095147636235 -0.0114575444207012 -0.00974366666770497 0.00311247032303174 0.0245939008704105 0.0308026412139822 0.0340062657202432 0.0313378047096849 0.0255466153596557 0.0273423880906382 0.0270919609495861 0.0202127632136691 0.0180611171453903 0.00840193406426605 0.00700596423420433 0.00509061761450064 -0.00794597788657603
0.0617356815569135 0.0676225595691094 0.0667755686866821 0.0586733861346515 0.0579795791454657 0.0609424515034914 0.0632130614288354 0.0688810853184687 0.0727558954154453 0.0745125236721329 0.0647823512244054 0.0610692314385449 0.0747773494127787 0.0826756340907626 0.0881035618855459 0.0858292340718678 0.0844394649876598 0.0756236229346796 0.074617285568834 0.0762800937906662 0.0740689547001234 0.0742326111316807 0.0910025541518058 0.100163096511475 0.0945693144890569 0.0947916024163629 0.0911331196760648 0.0862447703184493 0.0730827432216808 0.0637617464672123 0.0547390927118542 0.0357168254076458 0.0227530053369938 0.00348215362338658 -0.017273934840259 -0.0240357348797202 -0.0213466802699446 -0.0125218519373619 0.0185718030518474 0.0344715550227221 0.0318961315721796 0.0313069715462373 0.0292692079947237 0.0307082631869143 0.028257287826372 0.0249825646662214 0.0176106572777146 0.00878181230367245 0.00648018495283155 0.002395338122843 -0.00216727889423971
