data/pcas/pcas_can_126/pca_referenceLayers_can_126/PC12.asc
NCOLS 494 
NROWS 529 
XLLCORNER -117.166666666667 
YLLCORNER -55.5 
CELLSIZE 0.166666666666667 
NODATA_value -3.4e+38 
[rows 308 to 329 of 529, columns 357 to 407 of 494]
-0.0904961621058211 -0.100114810087226 -0.106388686060338 -0.12068254536876 -0.118431068128018 -0.130380225835567 -0.149704206130614 -0.152669663433616 -0.153808812193261 -0.151358230009725 -0.148332143615337 -0.154368326034475 -0.152765223084478 -0.153586525654383 -0.146057183446251 -0.133674555312797 -0.120774480557841 -0.123394222858025 -0.135407385624219 -0.133572379929363 -0.139041330429354 -0.153640470135373 -0.154972328879034 -0.15882141741247 -0.165569171620201 -0.175672347998794 -0.180074557531721 -0.184136665701155 -0.189635315769221 -0.188511458550904 -0.182720845638051 -0.19379118816831 -0.195066848532593 -0.187789033529065 -0.190500338565617 -0.185757255172331 -0.173554258513481 -0.163725618822892 -0.162368799383875 -0.1489261948233 -0.133685614225289 -0.135171597903707 -0.136511296874253 -0.115098687549365 -0.109672339211402 -0.111067277610499 0.00110817151469611 0.00474854562386805 0.00758425131054932 0.00751341571996189 -0.103532713449518
-0.0930964541297989 -0.105765464239149 -0.110718914455179 -0.124220990836874 -0.132768269204861 -0.143902147058968 -0.150806103335317 -0.152835774395815 -0.153519904605371 -0.155148832163008 -0.150876104780111 -0.156758510153498 -0.158989437463641 -0.162408462206219 -0.153674125215621 -0.145944409295354 -0.134441534987394 -0.132561881354338 -0.136983031393593 -0.146226345636242 -0.145797837855409 -0.149919311800595 -0.159806875004687 -0.163002843332762 -0.171090538129741 -0.176863540140135 -0.174206379834782 -0.182925838731267 -0.188658511068347 -0.190757483835958 -0.186542493805006 -0.196456190038775 -0.197627200240526 -0.199821064741946 -0.193979119096011 -0.183528730548574 -0.174824784163918 -0.176039952963985 -0.168289444341182 -0.166735103006966 -0.152885744157189 -0.14793117721951 -0.137535352943908 -0.12084370414389 -0.120162459970828 -0.0129923143172507 -0.0114419397556333 -0.115099175321086 0.00456977312077504 -0.10514982647458 -0.109185074028112
-0.101125251342264 -0.108435532177576 -0.123391193301699 -0.13398617490655 -0.142289963121428 -0.145953033148995 -0.144304822399368 -0.143630806648352 -0.157043949741383 -0.160221156780596 -0.165261779450912 -0.160440628846049 -0.167961629329505 -0.167615945938546 -0.167679156034114 -0.153225251662991 -0.148127250180015 -0.147806845215256 -0.144368376819344 -0.152631484004251 -0.156957741939151 -0.149141491764365 -0.161719267479835 -0.167000568985111 -0.173365498247447 -0.172774578246581 -0.177971028360708 -0.177308935032741 -0.181267108942159 -0.184482781442799 -0.192687637099852 -0.188509095653673 -0.189552368102722 -0.190309658463364 -0.187995687169549 -0.18361084394897 -0.186318700504201 -0.181145380450355 -0.183434277801549 -0.17631891617338 -0.159823698490483 -0.154492801885435 -0.143960751410681 -0.128240693002094 -0.124419396937218 -0.109151837238273 -0.00360168735594381 -0.112979013419947 -0.108790522627914 -0.101905639990045 -0.105563571293814
-0.103245491681253 -0.11925343187551 -0.125417162177313 -0.131258800435817 -0.141293855309327 -0.13730932415674 -0.14034522553401 -0.14711642077021 -0.143590503676767 -0.150494041309406 -0.157101529950757 -0.160377581763195 -0.166841339682303 -0.165066879879664 -0.164430671530368 -0.164726815393756 -0.159419202846575 -0.153816632612124 -0.157152886341172 -0.157050407683713 -0.162296585589359 -0.160315750510727 -0.166295307709897 -0.174975412522158 -0.170866818002291 -0.170171610111078 -0.172348232828995 -0.172226934166645 -0.180001258167871 -0.182690333177243 -0.181734521916472 -0.18207002189759 -0.18756989481577 -0.183425863568051 -0.178932021486925 -0.182515750567062 -0.180577823624439 -0.184862685299509 -0.190970203070484 -0.178775839787769 -0.165279659848855 -0.149804209140038 -0.140290041052378 -0.13096766483595 -0.116415185629506 -0.107884298236681 -0.0980978582397201 -0.0985216094082517 -0.108231841236604 -0.107087296715911 -0.109070377999221
-0.10499897078202 -0.103898795413983 -0.11420071518617 -0.119988260555583 -0.11958882075292 -0.117940687565734 -0.122380186023695 -0.125741552125142 -0.130582274796324 -0.13759652559375 -0.137806238678696 -0.150780278099765 -0.154203762478291 -0.166945612247179 -0.172704201752169 -0.174289200205493 -0.167591308197378 -0.169338499810949 -0.165233607952045 -0.164731161927396 -0.163518819758711 -0.162030357825074 -0.166065779079742 -0.176444930249825 -0.174267479794989 -0.169424054649276 -0.171318228374129 -0.169775046640009 -0.172375817047285 -0.173989150343703 -0.172780139427665 -0.173450759046758 -0.179008712184409 -0.182717561140665 -0.176975814053589 -0.178469740228436 -0.182273830034364 -0.189644647276248 -0.191210094793938 -0.182637608870296 -0.152572811556956 -0.14383705008529 -0.13028908022107 -0.119790635528842 -0.105289381595164 -0.101540531415952 -0.0936560258646336 -0.0973069501948038 -0.0951219049592507 -0.0948210157775738 -0.101250470454566
-0.0923660809488794 -0.0933254624966134 -0.109928898250231 -0.115716440271138 -0.116613369660804 -0.10884895442536 -0.109110199844766 -0.0957234589535424 -0.110306416175966 -0.119224477296616 -0.12885300517454 -0.135311256910796 -0.145325831475965 -0.152551772959267 -0.159520040677818 -0.176758430854598 -0.175899193366314 -0.181475460236147 -0.169136680838856 -0.170211137662931 -0.173541963928525 -0.175769236108739 -0.172546670984869 -0.173187986680857 -0.178801192036895 -0.165118702381428 -0.167040192922301 -0.162489755518693 -0.162245128312612 -0.164920091280113 -0.163745890356695 -0.172706531001825 -0.171906797611604 -0.177512802348828 -0.173816986027651 -0.177559805484523 -0.189000249054851 -0.188996551290843 -0.192043113888156 -0.182579753838653 -0.151621503592472 -0.140925496511177 -0.12344184809852 -0.109018902737807 -0.0966699998875297 -0.0909844968476626 -0.0924863359226464 -0.100900907490271 -0.104007297798407 -0.09708675100757 -0.098688302680459
-0.0851104003402533 -0.0928286615233137 -0.0978310077738747 -0.100791553256285 -0.106296044195455 -0.106148196256396 -0.0981835513652356 -0.107375519429953 -0.106520636214518 -0.113019274796546 -0.114237906526472 -0.128195747063122 -0.139596626024731 -0.140822194243374 -0.144646173488196 -0.155568303343663 -0.169024447154532 -0.184142242751925 -0.183973257802404 -0.180178322990844 -0.177759015241985 -0.1756301570304 -0.169467881146724 -0.167085519451558 -0.175097710661904 -0.160211939457817 -0.159031198405367 -0.157018191556802 -0.158402331043347 -0.155234707956474 -0.155358460994053 -0.160923651724474 -0.163275534432824 -0.167078290428939 -0.166339649123268 -0.171393538142049 -0.172855056461749 -0.185215812092316 -0.189637003425896 -0.172736907319265 -0.149252226814281 -0.131719090865918 -0.108502176908037 -0.0938227945333706 -0.0799870342886199 -0.0754745040030452 -0.0858138742297263 -0.0921389572016553 -0.100504976250763 -0.0976210438653794 -0.0926210959192621
-0.0768181324542737 -0.0847261121250561 -0.0897529139845099 -0.0955544824815253 -0.100823202828992 -0.0982582885887419 -0.0977455821509726 -0.0972011721231414 -0.104916206399822 -0.100913522322199 -0.0971020380892288 -0.111947356205873 -0.128868239469015 -0.124481165137325 -0.130300213327692 -0.1417486919395 -0.159204599588682 -0.160827233246106 -0.172417060572686 -0.175841092504869 -0.179044594158645 -0.174341972274494 -0.16405521971084 -0.164047701551329 -0.16830277450021 -0.156628831706376 -0.147730973307246 -0.14593107812106 -0.146057795268992 -0.148432588702166 -0.146603832787179 -0.149303229650553 -0.149206034852969 -0.155023400677974 -0.154931832860727 -0.15578800056482 -0.157460056921594 -0.164417480194054 -0.15793129372776 -0.147483394047036 -0.126770398401222 -0.110136372577028 -0.0982533052767955 -0.0804402933611814 -0.0628300958630622 -0.0571896443995077 -0.0671290766924505 -0.0854157488385633 -0.0919902249860154 -0.0908587359687344 -0.0919159020647932
-0.07411891391057 -0.0799975486334025 -0.0797063264346134 -0.0779351937057995 -0.0795278841483809 -0.088242279538824 -0.0863080799912102 -0.0874840290054898 -0.085452077116056 -0.0864040647043245 -0.0871216481354082 -0.0902593210344018 -0.100606144649427 -0.110862725625396 -0.114384054025737 -0.136597558270232 -0.149536209102806 -0.150437296984204 -0.159479039367583 -0.163708634298678 -0.168921118793829 -0.166066569725252 -0.152261813419229 -0.151692848198721 -0.158336489852626 -0.145495400595455 -0.139201184426517 -0.138777790350727 -0.136883413518684 -0.134494630112414 -0.138456359431655 -0.140404368589706 -0.137206146492044 -0.139700954036546 -0.142047651178764 -0.140900360645422 -0.137469859585368 -0.140122378518365 -0.135272619710737 -0.122919993408749 -0.110651034573527 -0.110071681614451 -0.104032996413748 -0.0853905483631027 -0.0537324188703584 -0.053736413260616 -0.0739933594064649 -0.0998538791756403 -0.105260132469035 -0.0929954752927908 -0.0869372489805389
-0.0777945314332896 -0.0783789844561958 -0.0771274373131361 -0.0766075027630474 -0.0691280843027818 -0.080544240209008 -0.0771886871915959 -0.0767455154950299 -0.0747409450455629 -0.0719342588236739 -0.0686843026615094 -0.068790445566162 -0.0805639834235661 -0.0933557074985903 -0.106130122400432 -0.132901610758177 -0.136870065652738 -0.145479524463125 -0.145490903916541 -0.151353597616352 -0.158255465038974 -0.151407088428847 -0.140646201062871 -0.138249726643347 -0.137078364510194 -0.134733149707268 -0.126214996895253 -0.126383144562657 -0.12644812099393 -0.123769742097755 -0.122857758453098 -0.120387464351294 -0.126931167266917 -0.1214115875124 -0.123383903515348 -0.128351310736138 -0.124187806184065 -0.114846936800302 -0.104905452404746 -0.0836968552374878 -0.0914576062022713 -0.0953600639148862 -0.0940765488348556 -0.0894418027377801 -0.0816042908330942 -0.0724408161872153 -0.0962630072078666 -0.128583770225284 -0.111604744198892 -0.0873849855549472 -0.0735546477897556
-0.0748593421323204 -0.0739617343426475 -0.0776402643648679 -0.0752160987006572 -0.0664344144700614 -0.0710202186937362 -0.0755611128219911 -0.0691406582366752 -0.0668512523998143 -0.0633098885477627 -0.058518943844058 -0.0585167576770147 -0.0679422196102832 -0.0837083954397277 -0.0963349421617724 -0.119170116098662 -0.123515958720663 -0.129416831358739 -0.130287195716637 -0.140069355389284 -0.151062783315471 -0.150367148445841 -0.13793019464669 -0.130316631243845 -0.122487798219912 -0.121851782045688 -0.114437712694893 -0.111688851912745 -0.11520679058267 -0.113728358844037 -0.115702819208391 -0.110848212215525 -0.106936420295917 -0.110823354598959 -0.104095786576048 -0.105739880796655 -0.11276982802673 -0.0918045495993982 -0.0783381710695955 -0.0699091554463276 -0.0765188360665248 -0.0866697898072614 -0.0874605707302414 -0.0924564112196761 -0.0904800407910244 -0.0832288059685021 -0.101812064833677 -0.116521635015384 -0.0987427587074328 -0.072100892924456 -0.0539913594547568
-0.0749224344331376 -0.0692765751704052 -0.0735636190309455 -0.0722507333669032 -0.0637755520154958 -0.0593329282828074 -0.0643402336747863 -0.0646630392115268 -0.0578377712598489 -0.057129787610454 -0.0517500310065165 -0.0552942517331059 -0.0689983266724122 -0.0819648068776959 -0.0965015659640234 -0.101642597559493 -0.112391177841371 -0.117234482192311 -0.117552690409421 -0.13651803471709 -0.139217327450099 -0.139320340410002 -0.126172594942236 -0.110392811943334 -0.108554247644872 -0.107413423621077 -0.100733919934921 -0.100760175104026 -0.104905385330877 -0.096114257307135 -0.0992243011828844 -0.0956931325362518 -0.0943192334527008 -0.100460414942571 -0.09805171340522 -0.0990811545388735 -0.0912678672956918 -0.0828589809604935 -0.0598173250473877 -0.0465408791978436 -0.057331262977238 -0.0757853329459261 -0.0790039956977743 -0.0759956671067572 -0.0781234534050539 -0.0812783414086211 -0.0989440629872318 -0.0943692153795375 -0.0796597668742834 -0.059152783311653 -0.0434347988302062
-0.0647404180767537 -0.0694988359801359 -0.0695879981575175 -0.0641844482129764 -0.0534592711566472 -0.0479900323430514 -0.051735845980936 -0.049293702178871 -0.0512838672983884 -0.0525322315670254 -0.0550896873063356 -0.0485163908119378 -0.0615347055690995 -0.0731354729779503 -0.089659347809421 -0.10321293307742 -0.101326682952257 -0.110189698861385 -0.120224051668267 -0.129696607409726 -0.13344904285768 -0.115516653272907 -0.103898844691507 -0.0927392710139983 -0.0915728734274266 -0.0909709680107475 -0.089865607600175 -0.0852992518855039 -0.0878438897323441 -0.0853771928209987 -0.0814126123865214 -0.0833320880212961 -0.0895333633454847 -0.095878372540522 -0.0902834032755517 -0.0904327774656797 -0.0805607505216543 -0.0788011152401855 -0.0522553477314988 -0.0374665147335938 -0.0441031949400318 -0.061487674072102 -0.0656051061717826 -0.0660694051800904 -0.0683488554118023 -0.0673998119943913 -0.0692150416109205 -0.0640302264836208 -0.0388684224903093 -0.0367961007300573 -0.0412149328872379
-0.0601728439565681 -0.0628237706507409 -0.061932883631741 -0.0522091806975576 -0.0463923737919767 -0.0340169924882417 -0.0492124768211904 -0.0526471321280322 -0.0524243790032823 -0.0553088260422361 -0.0531415707867421 -0.048934729742718 -0.0571149292582482 -0.0627912014661623 -0.0754892845025018 -0.0800599704701864 -0.093619967580653 -0.10521946216289 -0.115633561193176 -0.111970929390964 -0.104971102130823 -0.0908046210864364 -0.0844144029885611 -0.075112649468669 -0.0690983865003015 -0.0719719332645456 -0.0704168020888145 -0.0700550502167785 -0.0623512472415045 -0.0652799175950548 -0.0687364823182643 -0.0626859047470428 -0.0731265199457181 -0.0813939931893939 -0.074924055241714 -0.0827047432715178 -0.0819900781237626 -0.0768540926393919 -0.0589956598731645 -0.0513204879046784 -0.0443606915228943 -0.0443812095117462 -0.0498686907791868 -0.051078080526798 -0.0529719412364737 -0.0510917614968501 -0.05017499480565 -0.042339669023236 -0.0238221149252673 -0.0225288368343413 -0.0394533915978337
-0.086297732687726 -0.0927344535951547 -0.0505533991589574 -0.0512721662006 -0.04575271056389 -0.0354173678651853 -0.042332057617033 -0.0504563491826188 -0.0495138844465722 -0.0457387346008919 -0.0478398711147643 -0.0487675441047402 -0.0497710970446307 -0.0567801223818796 -0.0585427291793254 -0.0726482094232535 -0.0846522833793304 -0.0945042852188691 -0.0936004852651564 -0.0825241964261227 -0.076351370314927 -0.0656631418181481 -0.0542060259398262 -0.0457827623058843 -0.0422871873116072 -0.0457250476500248 -0.0500932501098012 -0.0571741846594556 -0.0486384939820127 -0.0577841295036267 -0.0649441402897542 -0.0629478309851979 -0.0637182471617383 -0.0726066981817891 -0.0735089230884203 -0.0728249304765186 -0.0722746000380279 -0.0734902325810345 -0.0624856002978127 -0.0575745103301673 -0.0535904185389047 -0.0497527921143875 -0.0501006584246436 -0.0489536801896569 -0.0413922421408468 -0.0295329836428597 -0.0312229523990068 -0.0279578192485788 -0.0191623235385616 -0.0210461061869537 -0.040080747382462
-0.065379245347824 -0.0746730094568304 -0.087705175126406 -0.0826478975814684 -0.072570576068381 -0.0666986547456098 -0.0373968155281406 -0.0829964209962721 -0.0858132754073114 -0.0830160518071443 -0.0862434574672863 -0.0397063530060402 -0.0419696306671688 -0.0437057263981338 -0.051614691931511 -0.0663747561204391 -0.0802650143136768 -0.116325020093091 -0.0671177021301364 -0.053274990920792 -0.0460999988702289 -0.0353408416943085 -0.0296418343349735 -0.0194358337571089 -0.0213291932054094 -0.0240791073359508 -0.0289488636040472 -0.0349698920774676 -0.0418240445152099 -0.0414765551354279 -0.0474683872876032 -0.055560139035591 -0.0577231226729705 -0.0710103347656275 -0.06072794336993 -0.0736647656256408 -0.0645884416658553 -0.0652041028804739 -0.0694161294268313 -0.0461787440932086 -0.0512975045860158 -0.0419438385754788 -0.0390387389900938 -0.0392507199797235 -0.0394751292991188 -0.0273071056448492 -0.0261389282541469 -0.0177555503994305 -0.0176331206993933 -0.0249978424854393 -0.0446077899932724
-0.0537744380021844 -0.0551906192673296 -0.0559482521467697 -0.0709399572464534 -0.0627222952502341 -0.0517641058744067 -0.0626911683509748 -0.077591390593694 -0.0759137097703111 -0.0777356636037211 -0.0704690819896635 -0.0656936954722651 -0.0700359409734245 -0.0698220904513152 -0.0737140492357674 -0.0910287307462517 -0.0922241925939874 -0.0855165071289901 -0.0774958501255855 -0.0616546117508872 -0.0474008094204724 -0.0348940853321436 -0.0231093345175333 -0.0253259963337222 -0.0322564930997829 -0.00829443352530394 -0.0118889723568123 -0.0153297161807483 -0.0235217490040919 -0.0318472420031466 -0.039234162460973 -0.0460308293898949 -0.0568654231955735 -0.053187680713336 -0.0615640995584327 -0.0768408828102209 -0.0693760745316139 -0.0666373689689521 -0.0664519199799071 -0.0508257417280061 -0.051393786283089 -0.0393886356032611 -0.0291437067980781 -0.0313406002838693 -0.0350113028664916 -0.028561595550585 -0.0260704184521955 -0.0184030540692648 -0.00900136345202884 -0.0142875515783417 -0.0360403983351501
-0.0403710058865973 -0.0520701488301387 -0.0470562631674498 -0.0612166876716907 -0.0506731630263925 -0.0451244095259347 -0.0567256824152279 -0.0567415729526402 -0.0578644066920136 -0.0531545838356692 -0.0596119943992556 -0.0518311395584176 -0.0483124775023141 -0.0572894408318113 -0.0698514301572231 -0.0798954132358435 -0.0825134842729353 -0.0787319668974329 -0.0676982937591843 -0.0544213263045524 -0.0275341309068519 -0.0126146838653762 0.00375712076987789 0.00865757377664483 0.00213088539092015 -0.00879160503191933 -0.0216642112327988 -0.000838252523458462 -0.00673960596824625 -0.0231255645451523 -0.0308879940298008 -0.0377062120206133 -0.0398712218694449 -0.0354652333970829 -0.0616379019242547 -0.077935241692304 -0.0713705544609355 -0.0717445371866496 -0.0692322323397299 -0.0562541145732271 -0.0437058151057272 -0.0312315436457786 -0.0264318669686559 -0.0882907338322673 -0.0970140298584406 -0.105964185625266 -0.0333011783989811 -0.0207695075180224 -0.0155243331059813 -0.0172162173632817 -0.0238841797944492
-0.0435015325504232 -0.043779600316403 -0.0436501484811038 -0.0518026155664761 -0.0438339988202518 -0.0469966692850309 -0.0593935534728841 -0.0613802328222108 -0.0534868918890236 -0.04984319083789 -0.0323903807680948 -0.02313500509885 -0.0418903314916496 -0.051610562829192 -0.061596604613593 -0.0645433695939546 -0.0776357751150324 -0.0691382327253038 -0.0528396070337737 -0.0287298192304263 0.000181594695725665 0.015443496525108 0.0240229778959987 0.0274052658430202 0.0296149541836573 0.020138821514297 0.00528849006931179 -0.00741816042278857 -0.0211413116743221 -0.0427175657106107 -0.0269109219349599 -0.0476302934722846 -0.0911475944854529 -0.0403322784505611 -0.0669724707947922 -0.0838181564240205 -0.0823735971553599 -0.0841906319061828 -0.0814808960242117 -0.063732796986182 -0.0800997726601231 -0.0664891230464056 -0.0705859438629471 -0.0764349582263384 -0.104954199023626 -0.0953510188449908 -0.10651287441677 -0.0899910568964244 -0.0752218505949786 -0.0840618122309732 -0.102722242328799
-0.0404224346920706 -0.0411496108075648 -0.0305182629383858 -0.0471772271951946 -0.0417053626169498 -0.0502830860840297 -0.0549479136251882 -0.0614933527429869 -0.0532666361203735 -0.025367451338799 -0.00322787980465259 -0.00603263757833019 -0.0192740673541736 -0.0415866984164718 -0.0612388202618444 -0.0765407367577433 -0.0693459574546288 -0.0554886894167246 -0.0448767472167305 -0.0111121673449532 0.0241048348323836 0.0425294966490928 0.0477121216174239 0.054450126569954 0.0525914252107767 0.0461455941684193 0.0250461468018993 0.00064171023602206 -0.0206209595962458 -0.0407288800992462 -0.0607933205574651 -0.0786177681293528 -0.0887333823612914 -0.0514879045378904 -0.0760403814833631 -0.0941469476007712 -0.0936130831135855 -0.0934936085406888 -0.104170680348116 -0.0981116773601675 -0.120460645810957 -0.0905611949802084 -0.0946281109893091 -0.0925758410876278 -0.104847732348899 -0.107150781402104 -0.0985534947611911 -0.0942922323146316 -0.065678220751858 -0.0854030429044979 -0.111188057112166
-0.0156056362955979 -0.025463944542666 -0.0264611197750173 -0.0300502919957162 -0.0411506182825376 -0.0471567583548023 -0.0462585161913927 -0.0547545353364912 -0.0322019996608143 -0.00395711079829614 0.0271998311839736 0.0266355378927042 0.000173441815066372 -0.0168958062729207 -0.0551374834155369 -0.0680209729401021 -0.0634061376733829 -0.0484308200255978 -0.027066069572273 0.00224737721202179 0.0541216289840547 0.0727170014421334 0.0851557241300891 0.0771054850781958 0.0672258397273718 0.0683146094895533 0.0382341419861455 0.0100131960776585 -0.0157775475625963 -0.0385436416910239 -0.061513393080414 -0.0721929310354044 -0.103906135469382 -0.123945207024579 -0.093678767860784 -0.101651150077922 -0.0965024220096071 -0.0881492095065979 -0.128988202919842 -0.12429894035796 -0.148967771415388 -0.116843885533906 -0.106607762233602 -0.0943563978906821 -0.076049319851015 -0.0804847839359831 -0.0911693981428831 -0.084888219081517 -0.076005202297951 -0.113845285074389 -0.149601349529138
0.00680959787776222 -0.00578128516200328 -0.00844942311771293 -0.0114985035244354 -0.0337293799517629 -0.0163218018329759 -0.0334762894363668 -0.0263539461930742 -0.0128426484860254 0.00551924851116313 0.0514997665861633 0.0529970989290143 0.0416643138567512 0.00184205825384823 -0.0434723233852938 -0.0677350556146598 -0.0713073323406619 -0.0550457544890813 -0.0175905303233098 0.0213003573284962 0.059372776830712 0.0960396438374562 0.115954496411371 0.103004611281492 0.0869697077522854 0.0749202392913528 0.0458016639075808 0.0133743727696627 -0.0147964550822679 -0.0325236305067354 -0.0579991416601026 -0.0867925385793202 -0.113484724243344 -0.137340532796468 -0.147403928794107 -0.110379107319054 -0.112805445672604 -0.11835677905968 -0.152771935447529 -0.132867138491238 -0.153785140828433 -0.111222791973122 -0.0858332706174788 -0.0994540543819013 -0.120299460077545 -0.124966896155121 -0.103146988488751 -0.0819495779814303 -0.0727533938351659 -0.110884953810881 -0.133198878530395
