data/pcas/pcas_can_126/pca_referenceLayers_can_126/PC12.asc
NCOLS 494 
NROWS 529 
XLLCORNER -117.166666666667 
YLLCORNER -55.5 
CELLSIZE 0.166666666666667 
NODATA_value -3.4e+38 
[rows 352 to 373 of 529, columns 255 to 305 of 494]
-3.4e+38 -3.4e+38 -3.4e+38 -3.4e+38 -3.4e+38 -3.4e+38 -3.4e+38 -3.4e+38 -3.4e+38 -3.4e+38 -3.4e+38 -3.4e+38 -3.4e+38 -3.4e+38 -3.4e+38 -3.4e+38 -3.4e+38 -3.4e+38 -3.4e+38 -3.4e+38 -3.4e+38 -3.4e+38 -3.4e+38 -3.4e+38 -0.009354263384488 -0.0866701601656098 -0.0932445964687758 -0.123841609511959 -0.123461488565079 -0.0880637674653507 -0.121224431580198 -0.0183362595808011 0.0364596868254031 0.0512010882719496 0.0810979144017166 0.0666321248813301 0.0796915871172657 0.0953889285484291 0.0873367559874999 0.129605014148423 0.13453044261092 0.140764962594685 0.160484233418465 0.159561755437313 0.141713142594652 0.131516131817044 0.128878027166521 0.125934715968893 0.125452807914129 0.157998853658241 0.14190900103984
-3.4e+38 -3.4e+38 -3.4e+38 -3.4e+38 -3.4e+38 -3.4e+38 -3.4e+38 -3.4e+38 -3.4e+38 -3.4e+38 -3.4e+38 -3.4e+38 -3.4e+38 -3.4e+38 -3.4e+38 -3.4e+38 -3.4e+38 -3.4e+38 -3.4e+38 -3.4e+38 -3.4e+38 -3.4e+38 -3.4e+38 -3.4e+38 0.00763139220027466 -0.0530149669886307 -0.0855501448999379 -0.0999765370056577 -0.0937053256452357 -0.0758213876496878 -0.068871094545491 -0.00475859522177755 0.0134712717374187 0.00348223163507548 0.0439509859013913 0.0669601198425199 0.0692726575629565 0.069737916212772 0.1090558067734 0.133031267714137 0.123685954330833 0.140466330671566 0.158961151043406 0.16087716541141 0.152553349146393 0.135920120569792 0.138146395022887 0.132211630661248 0.121571216251405 0.140665169998204 0.147544478109054
-3.4e+38 -3.4e+38 -3.4e+38 -3.4e+38 -3.4e+38 -3.4e+38 -3.4e+38 -3.4e+38 -3.4e+38 -3.4e+38 -3.4e+38 -3.4e+38 -3.4e+38 -3.4e+38 -3.4e+38 -3.4e+38 -3.4e+38 -3.4e+38 -3.4e+38 -3.4e+38 -3.4e+38 -3.4e+38 -3.4e+38 -3.4e+38 0.0160310033003747 -0.029542221605516 -0.0600014470569792 -0.0837067554547866 -0.0709136559358751 -0.0679184534663612 -0.0673037300946991 6.55554583412765e-05 0.0344575364372726 0.0254918242696399 0.0443747356085838 0.0531689197609436 0.0498364167807763 0.0729560081882415 0.0886930841325835 0.109865622539312 0.107909327991456 0.137361452649661 0.15827708067442 0.156064985182024 0.160445001300671 0.118336682644928 0.150395239441958 0.147126532408397 0.125836351258295 0.144742100338667 0.154006239835221
-3.4e+38 -3.4e+38 -3.4e+38 -3.4e+38 -3.4e+38 -3.4e+38 -3.4e+38 -3.4e+38 -3.4e+38 -3.4e+38 -3.4e+38 -3.4e+38 -3.4e+38 -3.4e+38 -3.4e+38 -3.4e+38 -3.4e+38 -3.4e+38 -3.4e+38 -3.4e+38 -3.4e+38 -3.4e+38 -3.4e+38 -3.4e+38 0.0267970388312574 -0.0238887695356663 -0.0368399336774018 -0.0506977613720354 -0.0740394649784609 -0.0668058771486335 0.0232772704712547 0.0417410974211222 0.0425730027886075 0.039600335128752 0.0447091749267882 0.0542464874847084 0.0852259154751523 0.0904862560922886 0.0894466274751314 0.0983366532719549 0.120834623441179 0.113107910027737 0.0919857198519328 0.104723614203468 0.148194594022066 0.124048260672112 0.149104330129491 0.127662614862609 0.118896857336721 0.157162975657973 0.158993142894598
-3.4e+38 -3.4e+38 -3.4e+38 -3.4e+38 -3.4e+38 -3.4e+38 -3.4e+38 -3.4e+38 -3.4e+38 -3.4e+38 -3.4e+38 -3.4e+38 -3.4e+38 -3.4e+38 -3.4e+38 -3.4e+38 -3.4e+38 -3.4e+38 -3.4e+38 -3.4e+38 -3.4e+38 -3.4e+38 -3.4e+38 -3.4e+38 0.0321555554189164 -0.00536735034926888 -0.0184135690275305 -0.0138137416694048 -0.0581536848517333 -0.0709961900009572 0.00745072134057587 0.0403166190784773 0.0557112532872082 0.035103418361324 0.0488651759313144 0.0454250499815707 0.0586733755153289 0.078437623863113 0.090460276251762 0.102425792592441 0.114059623253901 0.118798401328265 0.022629133391897 0.128638945454559 0.150406537844844 0.148906709533351 0.137525019625175 0.134521716361402 0.130358683088108 0.159881186680819 0.158766310325937
-3.4e+38 -3.4e+38 -3.4e+38 -3.4e+38 -3.4e+38 -3.4e+38 -3.4e+38 -3.4e+38 -3.4e+38 -3.4e+38 -3.4e+38 -3.4e+38 -3.4e+38 -3.4e+38 -3.4e+38 -3.4e+38 -3.4e+38 -3.4e+38 -3.4e+38 -3.4e+38 -3.4e+38 -3.4e+38 -3.4e+38 0.150208780600344 0.0438895425772431 0.0136756702214598 0.0108640463568244 -0.0405613540858822 -0.0289769789434189 -0.0837093478382919 -0.0130321334202812 0.00517201190804759 0.0333326917177813 0.0357055523240312 0.04763706181497 0.0432158735529695 0.0521693041029982 0.0724443694091379 0.0874075517806286 0.101928873001453 0.123217382062274 0.129519409337475 0.120543896629969 0.136242845171084 0.13679691789032 0.146489124568052 0.145718870844677 0.139649734487002 0.152357110686831 0.149348064985542 0.155958188243769
-3.4e+38 -3.4e+38 -3.4e+38 -3.4e+38 -3.4e+38 -3.4e+38 -3.4e+38 -3.4e+38 -3.4e+38 -3.4e+38 -3.4e+38 -3.4e+38 -3.4e+38 -3.4e+38 -3.4e+38 -3.4e+38 -3.4e+38 -3.4e+38 -3.4e+38 -3.4e+38 -3.4e+38 -3.4e+38 -3.4e+38 0.163949771602129 0.0702159782468163 0.0380147404675907 0.0111550791620697 -0.0283375208888253 -0.0182896439096058 -0.0751885419427809 -0.0505330459935014 -0.00142676592573918 0.0333507130396239 0.0281766559719221 0.0405857183275542 0.0418445767529955 0.0422782683701134 0.0696380725294018 0.0874574950519995 0.109019369381537 0.119981256340334 0.122328877730448 0.13849608539937 0.141880236870932 0.143116687195846 0.138728139221643 0.135752627843056 0.133944604029475 0.134305433555082 0.124093919346649 0.142382530932347
-3.4e+38 -3.4e+38 -3.4e+38 -3.4e+38 -3.4e+38 -3.4e+38 -3.4e+38 -3.4e+38 -3.4e+38 -3.4e+38 -3.4e+38 -3.4e+38 -3.4e+38 -3.4e+38 -3.4e+38 -3.4e+38 -3.4e+38 -3.4e+38 -3.4e+38 -3.4e+38 -3.4e+38 -3.4e+38 -3.4e+38 0.154418806082686 0.0949041739612895 0.0496512011763531 -0.001063637580592 -0.0260853754480125 -0.0393069977369791 -0.0662433730143613 -0.0410071927040684 0.0211385478958335 0.0385672372219836 0.0447319936418498 0.0464465200723207 0.0599711947210758 0.0683339562017379 0.0959166767895769 0.10639451241861 0.105272125759487 0.113298129398239 0.085063642233628 0.104383165560444 0.132515168719758 0.126844268506925 0.135344106001662 0.103787038823183 0.12889325635977 0.12202024519553 0.114131715852341 0.130271501394035
-3.4e+38 -3.4e+38 -3.4e+38 -3.4e+38 -3.4e+38 -3.4e+38 -3.4e+38 -3.4e+38 -3.4e+38 -3.4e+38 -3.4e+38 -3.4e+38 -3.4e+38 -3.4e+38 -3.4e+38 -3.4e+38 -3.4e+38 -3.4e+38 -3.4e+38 -3.4e+38 -3.4e+38 -3.4e+38 -3.4e+38 0.167373581088475 0.133799856255966 0.0640826289320528 0.0444906003637992 -0.00781055883518131 -0.0281870288923968 -0.0676436074228306 0.0180854482720244 0.0121465093121309 0.0428855066094255 0.0405948573285812 0.0424921572132286 0.0624610459709007 0.0734859516042554 0.0955118265106154 0.0951659041362991 0.0972159045797991 0.105001570433766 0.0945074750006652 0.0781100798329982 0.126031909144663 0.120088707439523 0.105528408412037 0.0964700624491718 0.105256444571021 0.101452531578211 0.101679488901715 0.10834252343378
-3.4e+38 -3.4e+38 -3.4e+38 -3.4e+38 -3.4e+38 -3.4e+38 -3.4e+38 -3.4e+38 -3.4e+38 -3.4e+38 -3.4e+38 -3.4e+38 -3.4e+38 -3.4e+38 -3.4e+38 -3.4e+38 -3.4e+38 -3.4e+38 -3.4e+38 -3.4e+38 -3.4e+38 -3.4e+38 -3.4e+38 0.155198560491643 0.13854540680456 0.0396364650689357 0.0253648976950827 -0.000692751601648223 -0.0623861598185879 -0.0566192437768335 0.0217868043391149 0.0214671478337243 0.0308899462522543 0.0301545430097106 0.0355616366929913 0.0464159561575531 0.0544245704135412 0.0762741824734441 0.0865231603054717 0.0936746937842669 0.108091498418608 0.0978387571063617 0.0947230024560505 0.126534079647975 0.11699745692641 0.102425087405797 0.0944753767955221 0.0888568922784443 0.0654333763919704 0.0332816158392676 0.0502393395563724
-3.4e+38 -3.4e+38 -3.4e+38 -3.4e+38 -3.4e+38 -3.4e+38 -3.4e+38 -3.4e+38 -3.4e+38 -3.4e+38 -3.4e+38 -3.4e+38 -3.4e+38 -3.4e+38 -3.4e+38 -3.4e+38 -3.4e+38 -3.4e+38 -3.4e+38 -3.4e+38 -3.4e+38 -3.4e+38 0.151657153301393 0.147179065790728 0.125587011493197 0.0285604977963233 0.0114404899096197 -0.00933162350731583 -0.0596245266268474 -0.0151052336178001 -0.00567919137844967 0.0101096600878304 0.0308477624505887 0.0412606854630361 0.0404511764098649 0.0461509122491702 0.0500428852404301 0.068945259501656 0.0869899607638354 0.100619983715552 0.111254708361321 0.101802393885715 0.114613714123389 0.11995041310983 0.0997202766087972 0.0646217336655772 0.0468078690568852 0.044468547362948 0.00191100262472177 -0.00565691380752086 0.00261426647106885
-3.4e+38 -3.4e+38 -3.4e+38 -3.4e+38 -3.4e+38 -3.4e+38 -3.4e+38 -3.4e+38 -3.4e+38 -3.4e+38 -3.4e+38 -3.4e+38 -3.4e+38 -3.4e+38 -3.4e+38 -3.4e+38 -3.4e+38 -3.4e+38 -3.4e+38 -3.4e+38 -3.4e+38 -3.4e+38 0.146884684463255 0.133239984667258 0.102175140962636 0.0225057036488599 0.00601014719284589 -0.0277507930984644 -0.0760985494810976 -0.0119529953838793 -0.000606608554920035 0.00586646668995602 0.0123696223594004 0.0301039891761804 0.035165640253723 0.0435909528736993 0.0680164706153709 0.0768705690223835 0.0920437023257298 0.102163282107183 0.109113932714045 0.110015679958972 0.117602853269201 0.116719556617875 0.0939723822432624 0.047640500833705 0.0365183363458654 0.0427666225834632 0.0208283187191801 0.00702308907457257 -0.00556304618265153
-3.4e+38 -3.4e+38 -3.4e+38 -3.4e+38 -3.4e+38 -3.4e+38 -3.4e+38 -3.4e+38 -3.4e+38 -3.4e+38 -3.4e+38 -3.4e+38 -3.4e+38 -3.4e+38 -3.4e+38 -3.4e+38 -3.4e+38 -3.4e+38 -3.4e+38 -3.4e+38 -3.4e+38 0.129955721435814 0.109062238769942 0.102618032043564 0.0813786068312087 0.0153262165473826 0.00473113698025546 -0.0674067803496427 -0.0685982725794718 -0.0548855621054235 -0.031977826647126 0.0172890721252054 0.0176104746817648 0.0225103131145113 0.0348228120218717 0.0589524760019917 0.0771824768113052 0.0857623215503338 0.0921625649217019 0.0993451385774076 0.108695732165063 0.109971342991323 0.117775291577599 0.10977942069401 0.105347271378294 0.0575778115190739 0.0591668676997934 0.0480430038207614 0.0208957721519412 0.0142628645075268 0.0175973776365414
-3.4e+38 -3.4e+38 -3.4e+38 -3.4e+38 -3.4e+38 -3.4e+38 -3.4e+38 -3.4e+38 -3.4e+38 -3.4e+38 -3.4e+38 -3.4e+38 -3.4e+38 -3.4e+38 -3.4e+38 -3.4e+38 -3.4e+38 -3.4e+38 -3.4e+38 -3.4e+38 -3.4e+38 0.125660953915743 0.0923247944851133 0.0796443042530108 0.0629008597273359 0.0465173933539847 0.0096047697101206 -0.0448943346086789 -0.0468763658511487 -0.0554419218242801 -0.00146653949659103 0.0227009651756201 0.0203988868635577 0.0284314684872057 0.0345791208934824 0.0585829627545327 0.0815030316462443 0.0960719980449886 0.101352279618122 0.10379873691805 0.107730429736572 0.106700011363537 0.10454529244527 0.0986441850119655 0.088765784645169 0.067354985887159 0.0598927906237311 0.035481136201447 0.0184147150170145 0.012674473731051 0.0234887872206694
-3.4e+38 -3.4e+38 -3.4e+38 -3.4e+38 -3.4e+38 -3.4e+38 -3.4e+38 -3.4e+38 -3.4e+38 -3.4e+38 -3.4e+38 -3.4e+38 -3.4e+38 -3.4e+38 -3.4e+38 -3.4e+38 -3.4e+38 -3.4e+38 -3.4e+38 -3.4e+38 -3.4e+38 0.134393324617166 0.0851996310502384 0.038256407154777 0.0524523882924373 0.0677721692891911 -0.00346960821114856 -0.00369673512182979 -0.0129038451549216 0.000798705807666042 0.00336095673665157 0.00847473386382767 0.0182846878124414 0.0344936545849474 0.0457097375654685 0.0707540114307001 0.0975995774552779 0.0986410038491574 0.0967579415125801 0.0960862963683072 0.104239686984889 0.0996676799735086 0.0985683528928855 0.086448948093112 0.0814123597613015 0.0938150317289132 0.0800172354464275 0.0459876366101818 0.0268664100749682 0.0203535393064642 0.0494220811972624
-3.4e+38 -3.4e+38 -3.4e+38 -3.4e+38 -3.4e+38 -3.4e+38 -3.4e+38 -3.4e+38 -3.4e+38 -3.4e+38 -3.4e+38 -3.4e+38 -3.4e+38 -3.4e+38 -3.4e+38 -3.4e+38 -3.4e+38 -3.4e+38 -3.4e+38 -3.4e+38 -3.4e+38 0.128312331388821 0.109745796826016 0.040614558527622 0.0615325738039175 0.0484096052510223 -0.0032994956300232 0.00533047229982384 -0.00441420060439418 -0.000198779761264783 0.012261675243251 0.0027123845196821 0.0171985066305851 0.0289963291755644 0.0413693201580028 0.0758963520178505 0.0809975559524049 0.0770750942839256 0.0890572369449137 0.0907995731863645 0.1033818377102 0.0953822904404089 0.107932524487088 0.0930573002360087 0.107778532194321 0.104556211305728 0.0770207789567989 0.0617911206142548 0.039599356414167 0.0433395614097152 0.0770380593353072
-3.4e+38 -3.4e+38 -3.4e+38 -3.4e+38 -3.4e+38 -3.4e+38 -3.4e+38 -3.4e+38 -3.4e+38 -3.4e+38 -3.4e+38 -3.4e+38 -3.4e+38 -3.4e+38 -3.4e+38 -3.4e+38 -3.4e+38 -3.4e+38 -3.4e+38 -3.4e+38 0.136912745469978 0.113028445081333 0.0896647778497287 0.0541313550453955 0.0785783329012115 0.061662162496706 -0.00791114163816357 -0.0110463048616222 -0.0297056081316352 -0.0146550100769845 0.00190197109474592 0.00828709693572323 0.0153799295360628 0.0312416962546501 0.0471614198883866 0.0717406702119544 0.0717980615092238 0.0701501697316786 0.0872244003453662 0.0918991317130083 0.100437899490046 0.0907194585982044 0.0981393279154382 0.103963125910329 0.106082484885806 0.0993091137426415 0.0779024060100143 0.075093770570003 0.067757741758531 0.0690062560379872 0.0703373293672761
-3.4e+38 -3.4e+38 -3.4e+38 -3.4e+38 -3.4e+38 -3.4e+38 -3.4e+38 -3.4e+38 -3.4e+38 -3.4e+38 -3.4e+38 -3.4e+38 -3.4e+38 -3.4e+38 -3.4e+38 -3.4e+38 -3.4e+38 -3.4e+38 -3.4e+38 0.178949629427375 0.12083953822039 0.100896082502334 0.0770601064275327 0.0916532849782092 0.0855640869049341 0.0560523106475463 0.0277165077885458 -0.0206726418533433 -0.0215694598589905 -0.0144776584309403 -0.0080205454029371 -0.000198389760067086 0.0112124918503203 0.0297940332337667 0.0467194760110487 0.0749119292275233 0.075661049033872 0.0786131430807663 0.0826372884071115 0.105613891890898 0.0880784094533106 0.086487394843292 0.0976917643449619 0.091550190867963 0.100500567158203 0.0934180029557578 0.081781493631717 0.0794929487407969 0.0818284259852167 0.0677588964978433 0.0509437583222172
-3.4e+38 -3.4e+38 -3.4e+38 -3.4e+38 -3.4e+38 -3.4e+38 -3.4e+38 -3.4e+38 -3.4e+38 -3.4e+38 -3.4e+38 -3.4e+38 -3.4e+38 -3.4e+38 -3.4e+38 -3.4e+38 -3.4e+38 -3.4e+38 -3.4e+38 0.178724217537158 0.140823543162027 0.134798643124317 0.123750600145082 0.130816270922414 0.077809576583566 0.0425981723427441 0.0160188791136098 -0.00154280481058972 0.0165244010684691 -0.0133522202983482 -0.00436051026154144 -0.00436793521364906 0.00561743463755161 0.0289160039857346 0.0374658922005346 0.0661487243644736 0.071135416971768 0.0826023798121423 0.0836827831015549 0.101339690819655 0.0917369888366365 0.0856666345036367 0.102902595367336 0.0870750125358846 0.103043742888067 0.102185879958927 0.0907264088053694 0.0883626239368256 0.0781012880710767 0.0644523690232948 0.0648013038507055
-3.4e+38 -3.4e+38 -3.4e+38 -3.4e+38 -3.4e+38 -3.4e+38 -3.4e+38 -3.4e+38 -3.4e+38 -3.4e+38 -3.4e+38 -3.4e+38 -3.4e+38 -3.4e+38 -3.4e+38 -3.4e+38 -3.4e+38 -3.4e+38 -3.4e+38 -3.4e+38 0.151455718872255 0.143003186250567 0.105748142689422 0.143370449893464 0.0855729445424809 0.0554709472579619 0.0197348964697091 0.0353462345496971 0.0253482082848153 -0.0177275462081441 -0.0149302802346768 0.00253034289558156 0.00644867354353738 0.0312344928577192 0.0421562620420076 0.051151491766942 0.0694884754778625 0.0809552318162227 0.092753523332274 0.103207469361833 0.0973986848051344 0.094153716197496 0.108430249215457 0.0758044874338077 0.100465281857753 0.104627535275081 0.0996991643386691 0.0872357392055646 0.0756949159032614 0.0724682470653848 0.0674012182293567
-3.4e+38 -3.4e+38 -3.4e+38 -3.4e+38 -3.4e+38 -3.4e+38 -3.4e+38 -3.4e+38 -3.4e+38 -3.4e+38 -3.4e+38 -3.4e+38 -3.4e+38 -3.4e+38 -3.4e+38 -3.4e+38 -3.4e+38 -3.4e+38 -3.4e+38 -3.4e+38 0.176786991282511 0.154521045632339 0.150719581112149 0.153298193268691 0.0953136227468848 0.0345865439689283 -0.00629995342311923 0.00180515938081499 0.000871251354911562 -0.00944848584727126 -0.00756802949829216 -0.00972248611400268 0.000878770315360877 0.0207384840923691 0.0424705674195309 0.0503388118618096 0.071067681766747 0.0863735625315989 0.0821871332322733 0.0910310735269448 0.101844297831464 0.102250132579005 0.106870598971835 0.0703756723893499 0.0855718143906797 0.105184841405647 0.0954319792454097 0.0758064387304736 0.0791227932038775 0.0689981498031533 0.064657709822847
-3.4e+38 -3.4e+38 -3.4e+38 -3.4e+38 -3.4e+38 -3.4e+38 -3.4e+38 -3.4e+38 -3.4e+38 -3.4e+38 -3.4e+38 -3.4e+38 -3.4e+38 -3.4e+38 -3.4e+38 -3.4e+38 -3.4e+38 -3.4e+38 -3.4e+38 -3.4e+38 0.178590397286376 0.179312862269443 0.162055200918325 0.15522118263757 0.0850435699701241 0.0439726934468267 0.022904174387102 0.00235621863172211 0.00354016025015179 -0.0180225218209735 -0.0472676595777367 0.0320221841777188 -0.00820809597150868 0.0129686056059419 0.0431078519195591 0.0569409124017336 0.0766186187251414 0.0834466926447442 0.0790462361254939 0.068584944744426 0.0884833779036063 0.100898262526912 0.10383396379604 0.0634211824855129 0.0826465546584032 0.106424069821756 0.0869899286434522 0.0824882254504954 0.0803131767548161 0.0747245400078148 0.0708203621287465
