data/pcas/pcas_can_126/pca_referenceLayers_can_126/PC12.asc
NCOLS 494 
NROWS 529 
XLLCORNER -117.166666666667 
YLLCORNER -55.5 
CELLSIZE 0.166666666666667 
NODATA_value -3.4e+38 
[rows 242 to 263 of 529, columns 357 to 407 of 494]
0.0149574008260211 -0.000682991574666336 -0.0162186014052605 -0.0264438285761193 -0.0268495726979308 -0.0156224873267835 -0.0128243492432576 -0.0105894519875215 -0.00608906892676431 0.00371922192711652 0.00546736934877551 0.00978818548201929 0.00901311484304332 0.010323314681559 0.0157136666479308 0.0392719903347815 0.0608278542649195 0.0793065361328842 0.084374846678154 0.0901159175375877 0.0857877805655123 0.0813604402713154 0.0103976397395671 0.00550510929756494 0.0016249265302299 0.000775549816598414 -0.00830793879939677 -0.010405802154294 -0.0134487355803718 -0.016317836230208 -0.0286419732124702 -0.0346975368050031 -0.0319386639324327 -0.0411513510131777 -0.0479849971733096 -0.050743155420062 -0.053855943988487 -0.0462223180087712 -0.0390762432988008 -0.0407247742738734 -0.0325296143350473 -0.0534347062942657 -0.0617941913125176 -0.0562252362300313 -0.0700741939873471 -0.0845371662238232 -0.088170635867416 -0.0974568880826308 0.124921537406249 0.13436492814334 0.127554643231616
0.0223611225781919 0.00612998302244833 -0.00692371646780304 -0.0196798825021017 -0.0278037192325019 -0.0151321535503811 -0.00751695886337879 -0.0111125406615899 0.000867341487079648 0.011002407382802 0.0113260198821012 0.0152578367609713 0.0230214639627752 0.03014148151584 0.0332738045117706 0.0514452964031633 0.070808264173503 0.0824756835121704 0.0907922249624413 0.0872431736796635 0.0849334244797026 0.08111356719669 0.0712333456348793 0.00701251046204976 0.00504453202493585 0.00751529047353568 0.00189109367592931 -0.00763725709448987 -0.00442148626642808 -0.0107480921727339 -0.0185376831829304 -0.0201443016847506 -0.0277461661130162 -0.0234826046050685 -0.0298196801584899 -0.032719624264222 -0.0373086820148055 -0.0369922948059826 -0.0364936603854904 -0.0350096131871215 -0.044988919685262 -0.0625667002716953 -0.0623718799018611 -0.0637983428691744 -0.0801884118763143 -0.0934130095299215 -0.0897089941143029 -0.0909998319936102 -0.0892523662729828 0.14378695954875 0.134562706850844
0.0191058674865537 0.00841692361372198 -0.00283708427727367 -0.0156827344598684 -0.0147430651812075 -0.0177819341210994 -0.0116699614623193 -0.00598135192984689 0.0054474870538101 0.0148483088354208 0.0244607507330779 0.0106915157882519 0.0417856458389025 0.051071890707295 0.0537876608498055 0.0393789083233591 0.0763255666380218 0.083683353539383 0.0645440679139297 0.0606017448171772 0.0865390446191186 0.0513155286570538 0.0815564369846182 0.0118412807743666 0.00985282680748024 0.0122697126084818 0.00598386288149678 0.00104270261247361 0.0028484053565825 0.00255672756846642 -0.0074788567040104 -0.00904996221266462 -0.0144701778431493 -0.0214413641450023 -0.0186396810210604 -0.0176396094765658 -0.0239728896350068 -0.024079850875419 -0.0238942085774206 -0.0221972227025421 -0.0455883857715441 -0.0538523675878764 -0.0553401720252315 -0.0776547369620143 -0.089835308535715 -0.071905121406823 -0.0966984271355229 -0.0872410229602993 -0.0957971809042952 0.160463328277132 0.147131162257248
0.016342838373444 0.00883669342319898 -0.007916999830163 -0.00788999803944483 -0.0147942635987597 -0.0121744860693305 -0.0111899913331178 0.000140507793527617 0.0179194185713487 0.00313880801371863 0.0161536534504765 0.0480429995494379 0.0367457236911494 0.0457636650583178 0.055410502379638 0.0566538605888088 0.066585122028603 0.0703232647731533 0.0686250974732938 0.0644759890890998 0.0580823195892785 0.048921091822272 0.0325156150694315 0.0366323042997948 -0.0226487908101764 -0.0183406962449635 -0.00934923041352699 -0.0103879010316799 -0.017383264402216 0.00386548858180916 0.00498352875523106 -0.0023383529883361 -0.00385713759584608 -0.033197986187198 -0.0216445670815023 -0.00772692417931911 -0.0158059723346629 -0.0266923959611483 -0.0304829777294375 -0.0243409402400177 -0.0165664682186582 -0.0349800952752191 -0.0526943295635661 -0.0826682995679054 -0.0879722862205014 -0.0864845199315801 -0.0688448989691431 -0.0916804262269139 -0.0958167617866556 -0.0865540755706702 -0.0818408262238522
0.0128564106170877 0.00480210502673285 0.00317623379845991 -0.00624376714492425 -0.0033452051990925 -0.0243460623941829 0.00471355956810793 0.0171959929258518 0.00381001957758301 0.00738282526811632 0.0182561776625126 0.0324270875168544 0.0420778480034613 0.0539487815314428 0.0667068005535629 0.056502442387513 0.0714082941255242 0.0743618478288382 0.0728829277701595 0.0630829964303821 0.0387672500038831 0.0217756128936008 0.0202916030956845 0.0227295303825069 -0.0389145586803263 -0.0337641538392163 -0.0217482208911053 -0.0125512093118965 -0.0121166969370469 0.0133294094225572 0.0119992578474565 -0.0175989027998083 0.0105705085426406 -0.00799233160305668 -0.00288966960678547 0.000802812147583265 -0.0117092549677545 -0.0203305698167226 -0.0215254919787685 -0.0354357887382512 -0.0401197568922188 -0.0329490023740874 -0.0555522686808779 -0.0852093916539054 -0.0850753586051341 -0.0885289808039148 -0.0927751782820862 -0.0916360627905263 -0.0909315179556444 -0.0884312816481879 -0.0771490559474699
0.0048048178998852 0.00249522426297119 0.000930785224618882 -0.000971425748345675 -0.0203202085250864 0.00515958947667669 -0.00713497794049056 0.00699128510849684 0.0183672789025987 0.025950172995807 0.0376701804191835 0.0451996884345741 0.0499351485333736 0.0565343913376622 0.0652964999757482 0.0642978878977403 0.0702220006293835 0.0818245531902703 0.0739351499865901 0.0502676460054496 0.0142524851451113 0.00174015800617323 0.00441751163461848 0.00854705806357997 0.0169087381187496 -0.0460307947701949 -0.0374923407133376 -0.0319433302732539 -0.0174998380325695 -0.0106227102384696 0.0288775932282662 -0.00590771433802216 0.019253978306158 -0.0187509438263457 -0.0162232603308522 0.014061315657663 -0.00102411496885203 -0.0181389102271542 -0.00870252753064518 -0.0365655969049642 -0.0332366503983066 -0.0402941410346564 -0.0790247267755732 -0.0541375264606304 -0.0783567900540383 -0.0848157132523503 -0.085409461287429 -0.0825393851627822 -0.0801874379003611 -0.0718192229877656 -0.074982063180073
0.00826771998233479 0.00627485783846561 0.00251963628754691 -0.0150478209047394 -0.0127014905549112 -0.00518653757537307 0.00174279405186606 0.0129262315742629 0.0229079250338228 0.0353363537800619 0.0494291282288172 0.0613023472836717 0.0727299315508715 0.0749121416815267 0.0734040067276381 0.0768753185204947 0.0695999619417446 0.0724259588511691 0.0782186187632785 0.0495703388142461 0.0149235159704954 0.00556581499432932 -0.000330888042762892 0.00545984718674367 0.00558645705867228 -0.0596203514713558 -0.0454091996765439 -0.0354257692902023 -0.032918460059389 -0.0260449218405793 -0.0137754818594752 0.000768474980785819 0.0298445707668807 0.0178084695677982 0.0127482622597336 0.0155050929476734 0.0127085409770363 -0.0112241654039207 -0.00983666245432184 -0.000114586842297273 -0.0143296399683353 -0.023804018057858 -0.0709987943924758 -0.0414275265371324 -0.0605189072241513 -0.0597282506489288 -0.0710935098231413 -0.0812673640634162 -0.0705698551018393 -0.0751852385854037 -0.0744898320764509
-0.0196574724366897 0.00132170981540315 -0.0182194612634902 -0.0159410254097513 -0.0131135068897268 -0.00736763808998925 0.0021166451668887 0.0184516624673869 0.0312715827068558 0.0419984815123977 0.0575036630448323 0.0710149658595659 0.0815022813439789 0.0907791674941242 0.095959763683763 0.0879346313475769 0.0740853388544731 0.0731146685532741 0.082577962467261 0.059412355868306 0.034011206700708 0.0188943021257033 0.0130179297926846 0.00459259935413812 0.00337618253074978 -0.0610485885712492 -0.0558978781198533 -0.044957619586527 -0.0376670120834897 0.00459785936317235 -0.0183448859494232 -0.011186771302768 0.0326031954166028 0.0351352102733566 -0.0139676360701095 0.0170238099007173 0.0139826102957394 0.0031079140325275 -0.0006871043937699 0.0066998897890371 -0.00691345830176655 -0.0453862474029549 -0.0535798174212544 -0.0618102720568348 -0.0624365790778521 -0.0666285194247312 -0.0657105149454877 -0.0618100420511457 -0.0673154849310062 -0.0754676397492894 -0.06970051744593
0.00849849290727892 -0.0342677683765288 -0.015377022799175 -0.0160576602833432 -0.0129048176080185 -0.00399659966162433 0.0131527924724358 0.0378941885049517 0.0516688764458852 0.0592071714514725 0.0709540348221802 0.0834379586067172 0.0919381550371568 0.0979038849930914 0.109290660517962 0.102664217094426 0.0903902918737442 0.0896589440875748 0.0919579372523763 0.0894428472769412 0.0519674189821714 0.036409993926197 0.0198395191245617 0.0160334785088847 0.0108750179647753 0.00736851006204547 -0.063307180751497 -0.0557961582236085 -0.0496999712732359 -0.0378195952839762 -0.0259774147309011 -0.0184451831458531 -0.0116949687731216 0.0236782028458014 0.020901184281632 0.0130424740442883 0.0156149698401732 0.00466693551022009 -0.00643198521946574 -0.00023991636884782 -0.00347322803558323 -0.0174968119919231 -0.0196261150151251 -0.0142550790332547 -0.0551013984982043 -0.0294335378648316 -0.0500222529934024 -0.0571336132721293 -0.0726846356741546 -0.0706358380731132 -0.0706679670807429
-0.0211339397885251 -0.0191661165871289 -0.0107754739234641 -0.00268910691803793 -0.00238951065063178 0.0107470244294828 0.0213014011024534 0.0418307327920606 0.0569814748173291 0.0612849228096409 0.081707426560908 0.102020659089038 0.103026574163698 0.109064549473819 0.094631414272768 0.0773872993067199 0.0636199761917285 0.061888196389207 0.0659332619000015 0.0810203584595326 0.0757534936903472 0.0465348983111067 0.0344443303083154 0.0212330885270173 0.0176187604281796 -0.0679316158108299 -0.0669100471233957 -0.0639308824515851 -0.0527759540360544 -0.0446031673104824 -0.0307368930322075 -0.0239837354063888 0.0135001283987191 -0.0225003903206941 0.00464577246728005 0.00837160003223644 0.0165900566172264 0.00289239255540508 -0.00110163701510851 0.000745761772084019 -0.00148323304050668 0.00230670779406619 -0.00500063765423193 -0.0244020459382113 -0.0272716142812857 -0.0490550579705776 -0.0498492860768375 -0.0568561985937972 -0.0727656553383145 -0.0680628140110357 -0.0650460876620121
-0.0149386397922623 -0.0200984765251414 -0.00867864603450388 0.00223429038600786 0.00911950187010308 0.0129599347682466 0.0377975280611615 0.0486218472473285 0.0695756033605564 0.0820961567957212 0.0897961959635653 0.110864748421564 0.117369979055624 0.0786033465155458 0.0556281790785144 0.0298485718054249 0.0305949730381871 0.0261992772076191 0.0324475294656131 0.0539769778218794 0.066416066300428 0.0596831275836152 0.0356810941588433 0.0241992306397121 0.0168047800988056 0.0108078387752202 -0.0737078392967339 -0.0684767424765988 -0.0614491262037884 -0.0613028161273323 -0.0466488888393267 -0.0355776759631655 -0.034295704051135 -0.0330975237996 -0.032191456898597 0.000508562282751437 0.0236646242174169 0.0142721668686635 0.00548701446111885 0.00478965980214474 0.00202516204155979 0.00597755532746631 0.0014707899296405 -0.0060310299588248 -0.0103416123487289 -0.0317116545440086 -0.0438844139017013 -0.0532014182797427 -0.0653266560748636 -0.0668934748186283 -0.0646305312254887
-0.00891881147426091 -0.0104885627018012 -0.00538610533945172 -7.51784244565901e-05 0.0163290963600872 0.0365779123633802 0.0397762249470118 0.0493574776321767 0.0751146053920788 0.0929335391479742 0.113400656772194 0.117661786209892 0.0828668192490461 0.0457423839834546 0.0152022550003383 -0.00115755363350359 -0.010660524782318 0.0018012952790129 0.00790196306847443 0.017456631127305 0.0413812898035724 0.0527365219589682 0.0403386595753455 0.0224365564811517 0.0127195005330423 -0.0775278618493636 -0.0825661068649478 -0.0755682725387596 -0.0727225243010699 -0.0679774754416083 -0.0616590812274061 -0.0522728569752421 -0.0497411804984564 -0.0435635570209623 -0.0409489690088781 -0.0366888817706733 0.00650445642226991 0.0173788567744567 0.0204461582392025 0.00391589799755922 -0.00515943592520784 0.00829846324397916 0.0076876684218681 0.00488421777801187 -0.0308420266173536 -0.0282146793791219 -0.0108296685315134 -0.0533504193641425 -0.0576073095797023 -0.0600304005863614 -0.0635006109077077
0.0120868631811815 0.0126843081280988 0.0135058829424432 0.0203729394219135 0.0356510603927759 0.0507920430825761 0.0522713872855359 0.0616576774410583 0.0758739459763716 0.0901623230917524 0.102027871981534 0.0562683949409732 0.0153908390766617 -0.00867841928471427 -0.0256683791598102 -0.0432843102294616 -0.0629549299715065 -0.0340097949397949 -0.0104507399771982 -0.00172793618228967 0.0248597611940589 0.0387780743000186 0.0408194476053881 0.0100906492151532 0.000947538825885247 0.00136479737190826 0.00044816141556267 -0.0844544261899083 -0.0737444089118408 -0.0698830495021358 -0.0637663434293436 -0.0684238157942866 -0.0645827748087301 -0.0621974295454034 -0.0126068201971646 -0.00193334666748361 0.000667631615054634 0.000512769257414503 0.00575728254058908 -0.00549770086546364 -0.00189016774280784 0.00979202515632491 0.0106177362314633 0.00230492060246203 0.00582040046451671 -0.0328262331110048 -0.013464735959159 -0.0193164995773926 -0.062264134179426 -0.0581428974156715 -0.0652775348339211
0.0422359139869193 0.0408174476036532 0.044400506978172 0.0485765234262673 0.0631067458099584 0.0659719278480977 0.0714948149170604 0.0854066522385167 0.0747282571182972 0.0349848541344758 0.0192651305787389 -0.0130628579770578 -0.0438625481996602 -0.0711892828198927 -0.0829560854390726 -0.0907802491440337 -0.0808121161905067 -0.0583039656437492 -0.0381361732651409 -0.00601930588939922 0.017559471570848 0.0301130145328262 0.0240775579049793 0.00283132937505856 -0.00872772623495566 -0.00635931301645881 -0.10641949623492 -0.0963164504860152 -0.0879893312399694 -0.0752438895969857 -0.0729663353480467 -0.0771271539181025 -0.0734545342008666 -0.0199022659290523 -0.0189746240131581 -0.016737574434487 -0.00916359091648251 -0.00683210594627065 -0.00882404092895196 -0.0155827379648549 -0.011196260993236 0.00252985687285044 0.0108618196500245 0.00517540968151102 0.00163815229698046 -0.0307239688572146 -0.00739222660149429 -0.0157123504207089 -0.0551233177724705 -0.0271372486189267 -0.0708995582216688
0.0770612230005592 0.0740445798163906 0.0824136815211346 0.078618418648941 0.0813201086834785 0.0895137037232913 0.100280472277361 0.0933080853921507 0.0449049140139036 0.00866742443656246 -0.0232991518130131 -0.0568867539261437 -0.091340810892092 -0.103344631427914 -0.10329212244786 -0.0975323703043727 -0.0909837496789859 -0.0614497174771423 -0.0364125411720691 -0.00954309739441841 0.00302684484054799 0.0223590022149968 0.00232928271152 -0.0225410634469676 -0.0248632067953945 -0.121542468344335 -0.106458802305926 -0.0945791317766594 -0.0831070683100601 -0.0814751491897301 -0.0790829066986142 -0.0827003470193136 -0.0366590492456987 -0.0795598292115142 -0.0331969881798584 -0.0313767443370951 0.0275769360279453 -0.0272158671267808 0.0287376569861837 -0.0238576826699374 -0.0202119539384093 -0.0134964523007104 -0.00810912411062144 -0.00852759571793606 -0.0122538550797494 -0.00445265433772686 -0.00906937949775588 0.120945935820456 0.111937166688585 0.107711226418198 0.0966971985281598
0.12563444920692 0.128957061216234 0.120526150339957 0.11517393890131 0.104839035037604 0.107813106553399 0.101171337135294 0.0712773395229156 0.0381993279668826 0.000608778761111761 -0.0317187727573204 -0.063192093540366 -0.104634903304205 -0.118748479011055 -0.105674322712835 -0.0931099272438132 -0.0749263401386252 -0.0473590933030084 -0.0242469146153357 -0.00781543910471699 -0.00167926928600376 0.000478927133543638 -0.0110512795728191 -0.0256766986713246 -0.0402824593809676 -0.1273418826133 -0.117871343244461 -0.105206216435701 -0.0902978010273661 -0.0961340127964971 0.016694671342162 -0.0505972609735936 0.0193803304412918 0.0203466764722988 0.0175170252242566 0.0157219794983881 0.0146203116541367 0.0218168218200175 0.0182163647308936 0.0245879142670812 0.0268651107309515 -0.0226860954796077 0.0337510227953917 0.112109029306588 0.117585778874284 0.115599373518672 0.121600508464378 0.112799624550483 0.112614457510847 0.103094423259046 0.0973247887782707
0.144350648323026 0.152528141415276 0.145573692972617 0.133862579882269 0.118815759992313 0.104245469063298 0.0751934510369304 0.0493966592951628 0.0230225772505235 -0.0114711187401729 -0.033599289123526 -0.0751689472702674 -0.0896804290929409 -0.099321653643809 -0.0942182276903557 -0.0760383307127473 -0.0603086427823137 -0.0423891530603835 -0.0261791350483496 -0.00872076787512038 -0.00541357336724418 -0.0263500481664115 -0.0281556420442438 -0.156418204063063 -0.161564981493418 -0.146418896335097 -0.123517117867347 -0.105255775329256 -0.0960582180783684 0.0125576024499313 0.0185833460653387 0.00786281116872467 0.0137762132474019 0.0145689898582674 0.00873622924733444 0.00292539549345056 0.00784864293847983 0.0124162985395663 0.0173318742140061 0.0182832136945507 0.01905231608509 0.0305004414411153 0.0272162228718444 0.107145326903047 0.108106950077636 0.110576095657247 0.103418298506222 0.10078315606024 0.101378733615354 0.104381890665439 0.100222083387423
0.111667707681113 0.119207338214242 0.110801298043384 0.102054863785019 0.0828469380579386 0.0732666423557999 0.0563512779386788 0.0351810836642268 0.0050759527755716 -0.0152227054566892 -0.0397655398761343 -0.0567532069925374 -0.0741030702439693 -0.0794872610918489 -0.0709020869119768 -0.0513533297598974 -0.0253739910143238 -0.0228240222009539 -0.00980102890283885 -0.0146155792992239 -0.0175637802827853 -0.024935566707827 -0.0540041518793152 -0.179944713687542 -0.180428772734042 -0.162556248408289 -0.132042551337873 -0.115810347428654 -0.101591408779713 0.0118096257884245 0.00630250726831492 0.000235304267494799 0.00507572978710371 0.00775647743142377 -0.00601387364935934 -0.00636411159880128 -0.000185087820338383 0.0120132572421881 0.0190768748783058 0.00941675717575974 0.00668515198763419 0.0980656686985621 0.0946799296227513 0.0908950173102418 0.0903455451780602 0.0943603092131341 0.0970782433442357 0.0913658681088141 0.0917291642923569 0.0986298078723702 0.0977063469099967
0.0746009226410791 0.0763800187342189 0.0725750850751946 0.0656190753156133 0.053320204008557 0.0424433432030546 0.0299261783903323 0.0124448148638219 -0.000238996881113951 -0.0212000796245649 -0.0319394442315599 -0.0469171322986187 -0.0597579304960029 -0.0621766483447946 -0.047119414859125 -0.0286468755419844 -0.00898290613502001 0.00495282285556103 -0.0111384484417695 -0.0301397598154141 -0.0361712235100776 -0.0474343373078009 -0.172690114149709 -0.176797473400687 -0.174175952955491 -0.155965396865747 -0.136214162975534 -0.115929009200608 -0.101980384514251 0.0124451876735582 0.0130824213515904 -0.00245196631665149 -0.00107172091819126 -0.00800885755781453 -0.0191403109453064 -0.0204525999417299 -0.0202580189671269 -0.0110634622974256 -0.00282695490613773 0.0624462174313259 0.0679872925914187 0.0665043493687194 0.0806171681557041 0.075521255524694 0.0865293858968716 0.0895447125843926 0.0838388641686456 0.0841582811096354 0.0816579039003314 0.0803631311913225 0.0881068099434485
0.0163357926672349 0.0315933856930337 0.0303222818154382 0.0303973340094452 0.0293867148425118 0.0260800767715284 0.0129576706407533 0.00649403880629559 -0.00574196547780333 -0.0234415804981358 -0.0339231059463494 -0.0336739524486571 -0.0384035761177429 -0.0305966085926581 -0.0204512508275621 -0.00401413049419053 0.0156495728109762 0.0262541499837816 -0.0118803969515011 -0.0344021161902005 -0.0470964239968119 -0.165213300202834 -0.172137226557996 -0.177730013239225 -0.170593333036094 -0.156288712161739 0.0438614581657547 0.0604024352468984 0.0671904356027673 0.0602437083997968 -0.00335954414132432 0.00702329932841425 -0.00275592297523373 -0.0158748471300901 -0.0239495767405705 0.0493752523830701 0.0520660800272468 0.0423133192746419 0.0513281139923894 0.0497062917015636 0.0523203641449062 0.0616082278698389 0.072305647743997 0.0722449672966702 0.0863045462343076 0.0857607363974053 0.0731303137537139 0.0716397361096193 0.0757576238795645 0.0755646702479146 0.0748576543079232
-0.0199563432740322 -0.0135451094309581 -0.00655749488398452 -0.0087727655028749 0.00328716493012812 0.00621500453245813 0.00398967632882657 -0.0081527525239163 -0.0166262766801191 -0.0217165360776016 -0.0395557121750044 -0.045547797101931 -0.0419593981036365 -0.0295726878568086 -0.0187365597196159 0.00610463134400589 0.0290802342271099 0.0284106221289608 0.000743748940958966 -0.0367842532779331 -0.0485889848517891 -0.172192973565458 -0.172564951027455 -0.177549240200514 0.0103537797613048 0.0160612440554904 0.0323632812627999 0.0471490536009994 0.0772616620751028 0.0446866915116433 0.0469733857618238 0.0718755222796496 0.0668260988931498 0.056659120374967 0.0451017073122145 0.0421971029581416 0.0432920496333614 0.0320139656190997 0.0349798279269909 0.034766700105895 0.0445191042760475 0.0533490340088221 0.0610070266526727 0.0639006549649892 0.0681688340401497 0.0664633801089722 0.0653027462472469 0.0674137587347458 0.0650187269765506 0.0611963754687381 0.0689205341590144
-0.0536123675875227 -0.0111609034514162 -0.0417901339138919 -0.0266141539751938 -0.0212207411022157 -0.0128832498520908 -0.0019696687638342 -0.0101317966876328 -0.0297412229381203 -0.0326683035532123 -0.046318366399745 -0.048340999529635 -0.04089940659256 -0.0295615791562272 -0.0212960383400315 -0.00240957223927828 0.015060537239603 0.0231906513147196 0.0174359508854001 -0.0282570492650498 -0.169161335521784 -0.173494355057028 0.0104568897031456 0.00373665301517296 0.0326080437576841 0.0387826128885985 0.0385593422204856 0.0532472087527999 0.0592820399439506 0.0554673385585092 0.0526660224463869 0.0503403403434966 0.0454720021538124 0.039183074083613 0.0299609513203336 0.0336797004107214 0.0415274974812037 0.0298262226655985 0.0392114865354695 0.0342214461951591 0.0420419929520744 0.0501309994489687 0.04668059403912 0.0546072100384328 0.0555141456256232 0.056859931191732 0.0556358855529007 0.0585446193328864 0.0538991281417148 0.0518448428835103 0.054293723642108
