data/pcas/pcas_can_126/pca_referenceLayers_can_126/PC13.asc
NCOLS 494 
NROWS 529 
XLLCORNER -117.166666666667 
YLLCORNER -55.5 
CELLSIZE 0.166666666666667 
NODATA_value -3.4e+38 
[rows 66 to 87 of 529, columns 50 to 99 of 494]
-3.4e+38 -3.4e+38 -3.4e+38 -3.4e+38 -3.4e+38 -3.4e+38 -3.4e+38 -3.4e+38 -3.4e+38 -3.4e+38 -3.4e+38 -3.4e+38 -3.4e+38 -3.4e+38 -3.4e+38 -3.4e+38 -3.4e+38 -3.4e+38 -3.4e+38 -3.4e+38 -3.4e+38 -0.123391856410505 -0.152397367358591 -0.101188470630442 -0.0868287727079616 -0.0157656612813539 -0.0104059437184547 -0.0116231835010597 0.00424756558346629 0.0193636561888924 0.0173897404887079 0.00738344310706132 0.0132306000036948 0.0204034525184795 0.0651498517331432 0.0354157388836306 0.0157647288370396 0.038697897331539 0.0529988992618563 0.0343668351121424 0.0161558853940628 0.0197842284954285 0.029334598766425 0.0369316328732247 0.0354278017004338 0.0257420621842787 0.0482342586214139 0.0384083583943577 0.0233705279308637 0.00355329684156134
-3.4e+38 -3.4e+38 -3.4e+38 -3.4e+38 -3.4e+38 -3.4e+38 -3.4e+38 -3.4e+38 -3.4e+38 -3.4e+38 -3.4e+38 -3.4e+38 -3.4e+38 -3.4e+38 -3.4e+38 -3.4e+38 -3.4e+38 -3.4e+38 -3.4e+38 -3.4e+38 -3.4e+38 -3.4e+38 -0.159447795410672 -0.0781334106554319 -0.0495908237615955 -0.00512806903865951 0.00995564996031578 -0.0058332481529494 -0.0152498127177606 0.0391876336271567 -0.00854302819641076 -0.0134859052334431 -0.00347158562894139 -0.00348891334242093 0.0531224990284649 0.0262170921527717 0.0483876027730503 0.0868214383760404 0.070806939928043 0.0378495059000787 0.0201083137510337 0.0256919613949298 0.0321374501253008 0.0410954385384652 0.0536497232410231 0.0282363505848342 0.0240727005939415 0.0381332904326261 0.0339051088205362 0.0201747799778311
-3.4e+38 -3.4e+38 -3.4e+38 -3.4e+38 -3.4e+38 -3.4e+38 -3.4e+38 -3.4e+38 -3.4e+38 -3.4e+38 -3.4e+38 -3.4e+38 -3.4e+38 -3.4e+38 -3.4e+38 -3.4e+38 -3.4e+38 -3.4e+38 -3.4e+38 -3.4e+38 -3.4e+38 -3.4e+38 -0.158169191965036 -0.0384508004731358 -0.0382768453308242 0.00252762208747457 0.0235833085690951 0.0153310537288541 0.0218897187627533 0.000367362088292253 -0.0088269540469862 -0.0169380253340641 -0.00470684624890806 0.0189041391727178 0.0198600664304278 0.051075173717933 0.060534748625383 0.0831272661661836 0.0801562134547641 0.0473317976498393 0.0234975464756049 0.0356394910593602 0.0157828477208027 0.0346366663950495 0.0303910186092822 0.0153913474293652 -0.000319707151326967 0.0389632680751468 0.0331680946187559 0.0276843052843949
-3.4e+38 -3.4e+38 -3.4e+38 -3.4e+38 -3.4e+38 -3.4e+38 -3.4e+38 -3.4e+38 -3.4e+38 -3.4e+38 -3.4e+38 -3.4e+38 -3.4e+38 -3.4e+38 -3.4e+38 -3.4e+38 -3.4e+38 -3.4e+38 -3.4e+38 -3.4e+38 -3.4e+38 -3.4e+38 -0.150336224727472 -0.0471677500334856 -0.0013294961691204 0.032241916866305 0.0229973319798704 0.0174719439345927 0.026561819872387 0.0129296155400614 -0.0137647685107991 -0.0263707385756295 0.014526131340914 0.00512206477506029 0.00648907992346844 0.0406235344216617 0.0233461747416157 0.0449932475555935 0.0559396963665988 0.0352400434967381 0.0268301327360272 0.0358300655407101 0.0380520495444387 0.0307133009871142 0.000131401778280868 0.00815006920289408 -0.00617168080530388 0.0451789774642054 0.0396231855222023 0.0435645700054852
-3.4e+38 -3.4e+38 -3.4e+38 -3.4e+38 -3.4e+38 -3.4e+38 -3.4e+38 -3.4e+38 -3.4e+38 -3.4e+38 -3.4e+38 -3.4e+38 -3.4e+38 -3.4e+38 -3.4e+38 -3.4e+38 -3.4e+38 -3.4e+38 -3.4e+38 -3.4e+38 -3.4e+38 -0.107132908157017 -0.159026893411161 -0.0882304640373822 -0.0152734818261527 0.0142278001386854 -0.00278940794484701 -0.0390177085300568 -0.0286959854918726 -0.00983934968298721 0.0027034846388546 0.000646909778424546 -0.00959011312183508 -0.0177292871889381 0.00904666082166219 0.0141851656988741 0.0185407932688536 0.0261381161636862 0.0140758421197309 -0.00926823787250992 0.0192829702382751 0.0424513433957013 0.0512025491164306 0.0584095844607926 0.0432611350223129 -0.0065794778837104 -0.00779326817804036 0.0365001682307446 0.0287520388594806 0.0290256814479539
-3.4e+38 -3.4e+38 -3.4e+38 -3.4e+38 -3.4e+38 -3.4e+38 -3.4e+38 -3.4e+38 -3.4e+38 -3.4e+38 -3.4e+38 -3.4e+38 -3.4e+38 -3.4e+38 -3.4e+38 -3.4e+38 -3.4e+38 -3.4e+38 -3.4e+38 -3.4e+38 -3.4e+38 -0.0231685964023635 -0.14148725102661 -0.0887444390372852 -0.091035083079023 -0.022704907537817 0.00128942750506369 -0.0238931710512883 -0.0448274949918798 -0.0122978233028859 0.0151637456155107 0.0143735770305107 -0.0120171701728981 -0.0113029846086049 -0.0019635071077796 0.0271704371861967 0.0286128625552771 0.00404529069487717 0.00756996146416334 -0.0140897304429003 0.00719321202154372 0.0354313910875897 0.0417483073126783 0.0537042479459087 0.0341382424389361 0.0097203652235078 -0.0106384592505358 -0.00724747391973005 0.00689176910496572 0.0266943811989943
-3.4e+38 -3.4e+38 -3.4e+38 -3.4e+38 -3.4e+38 -3.4e+38 -3.4e+38 -3.4e+38 -3.4e+38 -3.4e+38 -3.4e+38 -3.4e+38 -3.4e+38 -3.4e+38 -3.4e+38 -3.4e+38 -3.4e+38 -3.4e+38 -3.4e+38 -3.4e+38 -3.4e+38 -3.4e+38 -0.144712741681001 -0.123017576592763 -0.109909348680264 -0.0884611399604045 -0.0268004365862547 -0.0351187835496769 -0.0382830422585317 -0.00226835213425308 0.00909770161452724 -0.0124478942914239 -0.0320724549141694 -0.0113694863547653 -0.00145683230480392 0.00261124717823371 0.0185247932281428 0.00706597721105122 0.00132032046457745 0.00223149536726877 0.0112210874344055 0.025112512729606 0.0309129108339366 0.0333031320228341 0.0214453615561007 0.00228294230651498 -0.0147240856982236 -0.019427749846547 0.0240133300503974 0.0440862139348143
-3.4e+38 -3.4e+38 -3.4e+38 -3.4e+38 -3.4e+38 -3.4e+38 -3.4e+38 -3.4e+38 -3.4e+38 -3.4e+38 -3.4e+38 -3.4e+38 -3.4e+38 -3.4e+38 -3.4e+38 -3.4e+38 -3.4e+38 -3.4e+38 -3.4e+38 -3.4e+38 -0.0386716500040375 -0.139939538790613 -0.197560720664409 -0.139679058293857 -0.0863225147004676 -0.0758378161016472 -0.040581893157003 -0.0460330726883785 -0.0550360015898108 -0.00464783127819138 -0.00114111252236996 -0.0109915968278037 -0.0424108662256731 -0.0319072375121295 -0.0293732857815973 -0.00101565795995119 0.00963061062361987 -0.0159939572665059 -0.0164256111591746 -0.00872532696450696 0.0108224337340814 0.0255546641710627 0.022709933931092 0.0129048167420658 0.00158423059850422 -0.0201926826265583 -0.033712713877097 -0.0252086836612116 0.00843440325112511 0.036288687716651
-3.4e+38 -3.4e+38 -3.4e+38 -3.4e+38 -3.4e+38 -3.4e+38 -3.4e+38 -3.4e+38 -3.4e+38 -3.4e+38 -3.4e+38 -3.4e+38 -3.4e+38 -3.4e+38 -3.4e+38 -3.4e+38 -3.4e+38 -3.4e+38 -3.4e+38 -3.4e+38 0.0194360508337377 -0.105403967995299 -0.148332087370233 -0.110694124585385 -0.119483499030834 -0.0841695871724051 -0.0606904457432108 -0.0121380092958142 -0.0267753174901914 -0.0389415961957471 -0.0374418157894093 0.0149862495908505 -0.0306025241818604 -0.0587029504953298 -0.0390445267473939 -0.0153889661812428 -0.00774318517270856 -0.0366452596094527 -0.0460776082927657 -0.0209788670542586 -0.00984702312802981 0.0120672435828315 0.00776462750463555 -0.0114682023307382 -0.0129815895541599 -0.0277858455625358 -0.0303389811418421 -0.0065756685024755 -0.00147980449154337 0.022185009159274
-3.4e+38 -3.4e+38 -3.4e+38 -3.4e+38 -3.4e+38 -3.4e+38 -3.4e+38 -3.4e+38 -3.4e+38 -3.4e+38 -3.4e+38 -3.4e+38 -3.4e+38 -3.4e+38 -3.4e+38 -3.4e+38 -3.4e+38 -3.4e+38 -3.4e+38 -3.4e+38 0.0926893069355649 0.0687097839207709 -0.0519871504404711 -0.146849706471921 -0.0881531414721288 -0.0962379618452902 -0.0184509637965257 -0.00298621620168854 0.00580671336836792 -0.0212764880030478 -0.0603321451258894 -0.035210196350444 -0.00869340306645507 -0.0531442156131091 -0.0376615574238329 -0.0267913458159963 -0.00813092187182141 -0.0320999514959161 -0.0484381431470147 -0.0318629686981938 -0.00409753242486537 -0.00410128528822649 -0.0101101617250504 -0.0071324768077418 -0.012555249827538 -0.0280937724548061 -0.0302227304076652 -0.0291069466938506 0.00989776413677713 0.0285237261377553
-3.4e+38 -3.4e+38 -3.4e+38 -3.4e+38 -3.4e+38 -3.4e+38 -3.4e+38 -3.4e+38 -3.4e+38 -3.4e+38 -3.4e+38 -3.4e+38 -3.4e+38 -3.4e+38 -3.4e+38 -3.4e+38 -3.4e+38 -3.4e+38 -3.4e+38 -3.4e+38 -3.4e+38 0.100039958177091 -0.0230669636152555 -0.108179501873576 -0.11403921417386 -0.06976040796547 -0.0477748025899601 -0.00708705856972513 -0.00355104176114735 -0.0104618510972327 -0.0296814952716908 -0.015253594102237 -0.0561540568189812 -0.059267437460365 -0.0411361664864552 -0.0319109314923806 -0.0167850034464702 -0.0349024236630247 -0.0319633357797391 -0.0123472850323816 -0.0173458655036337 -0.019946419350966 -0.0040924016551336 -0.00625526892322652 -0.00961894968222511 -0.0297477126587143 -0.0233395497064394 -0.0140304411367407 -0.046465188492293 -0.0222113918361801
-3.4e+38 -3.4e+38 -3.4e+38 -3.4e+38 -3.4e+38 -3.4e+38 -3.4e+38 -3.4e+38 -3.4e+38 -3.4e+38 -3.4e+38 -3.4e+38 -3.4e+38 -3.4e+38 -3.4e+38 -3.4e+38 -3.4e+38 -3.4e+38 -3.4e+38 -3.4e+38 -3.4e+38 -3.4e+38 0.0669489152024603 -0.106762207795708 -0.153142365886327 -0.151500713308644 -0.078506906335436 -0.0158822962551206 0.00980867423472523 0.025164927812606 -0.0142941634596476 -0.0317010521860687 -0.0474278800184447 -0.0616297472967006 -0.0568277489456468 -0.0294471662975808 -0.0250350073842709 -0.00495942554615481 -0.0253032517404045 -0.0528044721504178 -0.0447566437464224 -0.0470292770747899 -0.0308131596829111 -0.0251926278244894 -0.0109916508255067 -0.0100874029938299 -0.0239407922988735 -0.085578619579774 -0.0747071659507171 -0.0281215845677789
-3.4e+38 -3.4e+38 -3.4e+38 -3.4e+38 -3.4e+38 -3.4e+38 -3.4e+38 -3.4e+38 -3.4e+38 -3.4e+38 -3.4e+38 -3.4e+38 -3.4e+38 -3.4e+38 -3.4e+38 -3.4e+38 -3.4e+38 -3.4e+38 -3.4e+38 -3.4e+38 -3.4e+38 -3.4e+38 -3.4e+38 0.015261177439359 -0.0822791171233875 -0.0948007273423455 -0.0995455854742642 -0.076054066156715 -0.0428562801275663 0.0297443579966164 -0.0391454279335501 -0.0492662904474327 -0.0545567626340667 -0.0584899075203007 -0.0527163225126983 -0.0523764661954241 -0.0663569877907481 -0.0342463809893359 -0.0185992312046681 -0.0705697719808397 -0.0620933998988445 -0.0611925716829647 -0.0606604770476804 -0.0314808970463821 -0.0225241853671627 -0.0368177877818009 -0.0723544778119166 -0.0480523034817706 -0.0787204999166348 -0.047936620807572
-3.4e+38 -3.4e+38 -3.4e+38 -3.4e+38 -3.4e+38 -3.4e+38 -3.4e+38 -3.4e+38 -3.4e+38 -3.4e+38 -3.4e+38 -3.4e+38 -3.4e+38 -3.4e+38 -3.4e+38 -3.4e+38 -3.4e+38 -3.4e+38 -3.4e+38 -3.4e+38 -3.4e+38 -3.4e+38 -3.4e+38 0.117297603201071 0.0128766260727583 -0.0613769638036097 -0.0521723721642779 -0.0672533171171064 -0.0782723462580501 -0.0650083349629363 -0.0642991637001223 -0.0654114026320047 -0.0541905629536502 -0.0571782379212865 -0.0457818458834438 -0.0340248023457865 -0.0211795387307845 -0.0476395300283992 -0.0418221663522262 -0.0880631686367632 -0.0205860997183008 -0.0173121559536346 -0.0656511409859708 -0.0848206916425059 -0.0867999418911806 -0.0559457171474054 -0.0597476306712359 -0.0123315087720873 -0.0688382679566396 -0.0575599237559454
-3.4e+38 -3.4e+38 -3.4e+38 -3.4e+38 -3.4e+38 -3.4e+38 -3.4e+38 -3.4e+38 -3.4e+38 -3.4e+38 -3.4e+38 -3.4e+38 -3.4e+38 -3.4e+38 -3.4e+38 -3.4e+38 -3.4e+38 -3.4e+38 -3.4e+38 -3.4e+38 -3.4e+38 -3.4e+38 -3.4e+38 -3.4e+38 -3.4e+38 0.0535609033416931 -0.0114939720731653 -0.0197720663439522 -0.0954308916451188 -0.0848159978603708 -0.0379677380924018 -0.080618362842584 -0.0644208441144114 -0.073361655665332 -0.0568410634744535 -0.0199351505662974 -0.0179352865954108 -0.0283310511401811 -0.0418964091069243 -0.0273902375832217 -0.0342515250595256 -0.0101782985326789 -0.0503639482701029 -0.0824100332390952 -0.0497307923198888 -0.0553488149169076 -0.0401526263313509 -0.0575762149061194 -0.0605810066998403 -0.0517806590042855
-3.4e+38 -3.4e+38 -3.4e+38 -3.4e+38 -3.4e+38 -3.4e+38 -3.4e+38 -3.4e+38 -3.4e+38 -3.4e+38 -3.4e+38 -3.4e+38 -3.4e+38 -3.4e+38 -3.4e+38 -3.4e+38 -3.4e+38 -3.4e+38 -3.4e+38 -3.4e+38 -3.4e+38 -3.4e+38 -3.4e+38 -3.4e+38 -3.4e+38 -3.4e+38 -3.4e+38 0.0156034448998467 -0.0312741361684942 -0.000764471457786133 -0.0349051066995287 -0.0745020478296271 -0.093948084490552 -0.0736277631778055 -0.0565417274052554 -0.0423679750833571 -0.00657506337930655 -0.0253840112215907 -0.0355651347000093 -0.0616200913026962 -0.037674310604787 -0.0356316090770814 -0.044049453311616 -0.0675445339866265 0.0152579194767611 0.000862167452171866 -0.0246819535573192 -0.0429875765973987 -0.0594273981192232 -0.0631892097153371
-3.4e+38 -3.4e+38 -3.4e+38 -3.4e+38 -3.4e+38 -3.4e+38 -3.4e+38 -3.4e+38 -3.4e+38 -3.4e+38 -3.4e+38 -3.4e+38 -3.4e+38 -3.4e+38 -3.4e+38 -3.4e+38 -3.4e+38 -3.4e+38 -3.4e+38 -3.4e+38 -3.4e+38 -3.4e+38 -3.4e+38 -3.4e+38 -3.4e+38 -3.4e+38 -3.4e+38 -3.4e+38 -3.4e+38 0.0227181258071481 0.0130057985345621 -0.0402864727056664 -0.0773266726380559 -0.102039030460966 -0.107024401935468 -0.0977246431822806 -0.0523587570543548 -0.0610149582096622 -0.0688853296994057 -0.0627127187872924 -0.0537656395637559 -0.0441578331615751 -0.0176424521724465 -0.0421877412038208 0.000276514497073999 0.00284352620915818 -0.0290671496684854 -0.0610505468496313 -0.0440790265317789 -0.0880391889029429
-3.4e+38 -3.4e+38 -3.4e+38 -3.4e+38 -3.4e+38 -3.4e+38 -3.4e+38 -3.4e+38 -3.4e+38 -3.4e+38 -3.4e+38 -3.4e+38 -3.4e+38 -3.4e+38 -3.4e+38 -3.4e+38 -3.4e+38 -3.4e+38 -3.4e+38 -3.4e+38 -3.4e+38 -3.4e+38 -3.4e+38 -3.4e+38 -3.4e+38 -3.4e+38 -3.4e+38 -3.4e+38 -3.4e+38 -3.4e+38 -3.4e+38 -0.0202493512048011 -0.10081992972803 -0.10490544143054 -0.118426151490699 -0.127943305223324 -0.0767671201770313 -0.0845667561644882 -0.0756681399248403 -0.0760290810969593 -0.0811164724419207 -0.051793008828627 -0.0274290461282133 -0.0274978608790625 -0.0508335052067855 -0.0404809557385492 -0.0472825032814886 -0.076721466990573 -0.0734624068627965 -0.0987950054528743
-3.4e+38 -3.4e+38 -3.4e+38 -3.4e+38 -3.4e+38 -3.4e+38 -3.4e+38 -3.4e+38 -3.4e+38 -3.4e+38 -3.4e+38 -3.4e+38 -3.4e+38 -3.4e+38 -3.4e+38 -3.4e+38 -3.4e+38 -3.4e+38 -3.4e+38 -3.4e+38 -3.4e+38 -3.4e+38 -3.4e+38 -3.4e+38 -3.4e+38 -3.4e+38 -3.4e+38 -3.4e+38 -3.4e+38 -3.4e+38 -3.4e+38 -3.4e+38 -0.0715287194566903 -0.11548641648096 -0.138256145184349 -0.131736260002277 -0.12004819797607 -0.106276375935541 -0.08662304385139 -0.0822129091959063 -0.0818779259887566 -0.0731922960324658 -0.0611835454283625 -0.0350632188725208 -0.0562336083835156 -0.0398566784990801 -0.0535715440018964 -0.0628152707658364 -0.0705461360291754 -0.0793268702514916
-3.4e+38 -3.4e+38 -3.4e+38 -3.4e+38 -3.4e+38 -3.4e+38 -3.4e+38 -3.4e+38 -3.4e+38 -3.4e+38 -3.4e+38 -3.4e+38 -3.4e+38 -3.4e+38 -3.4e+38 -3.4e+38 -3.4e+38 -3.4e+38 -3.4e+38 -3.4e+38 -3.4e+38 -3.4e+38 -3.4e+38 -3.4e+38 -3.4e+38 -3.4e+38 -3.4e+38 -3.4e+38 -3.4e+38 -3.4e+38 -3.4e+38 -3.4e+38 -0.0252984194877576 -0.0973627638903259 -0.116207700386373 -0.128981403048755 -0.1307138765596 -0.125768492547778 -0.120696999480266 -0.115161545244216 -0.108107626418595 -0.0896237156591991 -0.0783960273189985 -0.0971151494929554 -0.069366812300223 -0.093494899155362 -0.0755606455679016 -0.0600318113766943 -0.0651859624747449 -0.0692591299295613
-3.4e+38 -3.4e+38 -3.4e+38 -3.4e+38 -3.4e+38 -3.4e+38 -3.4e+38 -3.4e+38 -3.4e+38 -3.4e+38 -3.4e+38 -3.4e+38 -3.4e+38 -3.4e+38 -3.4e+38 -3.4e+38 -3.4e+38 -3.4e+38 -3.4e+38 -3.4e+38 -3.4e+38 -3.4e+38 -3.4e+38 -3.4e+38 -3.4e+38 -3.4e+38 -3.4e+38 -3.4e+38 -3.4e+38 -3.4e+38 -3.4e+38 -3.4e+38 -3.4e+38 -3.4e+38 -0.0690968326735203 -0.105202615889336 -0.109838865521012 -0.120005763668906 -0.109913093558851 -0.104754023113949 -0.0817744670203609 -0.0714792336945925 -0.0803293689525736 -0.0898014814670499 -0.13281153713793 -0.139932266389713 -0.125074228838586 -0.0998228161790561 -0.106163632261134 -0.104936557804111
-3.4e+38 -3.4e+38 -3.4e+38 -3.4e+38 -3.4e+38 -3.4e+38 -3.4e+38 -3.4e+38 -3.4e+38 -3.4e+38 -3.4e+38 -3.4e+38 -3.4e+38 -3.4e+38 -3.4e+38 -3.4e+38 -3.4e+38 -3.4e+38 -3.4e+38 -3.4e+38 -3.4e+38 -3.4e+38 -3.4e+38 -3.4e+38 -3.4e+38 -3.4e+38 -3.4e+38 -3.4e+38 -3.4e+38 -3.4e+38 -3.4e+38 -3.4e+38 -3.4e+38 -3.4e+38 -3.4e+38 -3.4e+38 -3.4e+38 -3.4e+38 -0.084322871594176 -0.0498783916090954 -0.0384582048228436 -0.0275218111452206 -0.0439968933681064 -0.0488675966978399 -0.107367393412413 -0.144813816068364 -0.14198873567617 -0.155371925136696 -0.145812695203674 -0.13322024728743
