data/pcas/pcas_can_126/pca_referenceLayers_can_126/PC13.asc
NCOLS 494 
NROWS 529 
XLLCORNER -117.166666666667 
YLLCORNER -55.5 
CELLSIZE 0.166666666666667 
NODATA_value -3.4e+38 
[rows 374 to 395 of 529, columns 250 to 299 of 494]
-3.4e+38 -3.4e+38 -3.4e+38 -3.4e+38 -3.4e+38 -3.4e+38 -3.4e+38 -3.4e+38 -3.4e+38 -3.4e+38 -3.4e+38 -3.4e+38 -3.4e+38 -3.4e+38 -3.4e+38 -3.4e+38 -3.4e+38 -3.4e+38 -3.4e+38 -3.4e+38 -3.4e+38 -3.4e+38 -3.4e+38 -3.4e+38 -3.4e+38 0.028032007661164 0.0208659560362789 0.0328668462315016 0.0359058869359553 0.0267905675151215 0.0309312264798827 0.0127240006975784 0.0308360211291594 0.0350582627284073 0.0504618693206943 0.0619916939350634 -0.0379335674879492 -0.0224249943968713 -0.0314737071540738 -0.0230961669100586 0.00989084660191108 0.0102450547466104 0.00241663442468664 0.0059658091528999 -0.00282834314176252 0.00376788058516778 -0.00930959216595882 -0.00492841825206715 -0.0111329047643998 -0.0109261555188023
-3.4e+38 -3.4e+38 -3.4e+38 -3.4e+38 -3.4e+38 -3.4e+38 -3.4e+38 -3.4e+38 -3.4e+38 -3.4e+38 -3.4e+38 -3.4e+38 -3.4e+38 -3.4e+38 -3.4e+38 -3.4e+38 -3.4e+38 -3.4e+38 -3.4e+38 -3.4e+38 -3.4e+38 -3.4e+38 -3.4e+38 -3.4e+38 -3.4e+38 -3.4e+38 0.031714374536418 0.0212500018387034 0.0418648312596797 0.0388148845094139 0.034917830740276 0.0360181384764819 0.0436324141796988 0.0331533725473403 0.0539053329494336 0.0577021962581817 -0.0324037069655144 -0.0199583737968329 -0.0262079825564508 -0.0251607480443742 0.00204119903958039 0.00889571090855339 0.0238168559516624 0.0165264651349889 -0.00338258469103487 -0.000858116696411827 -0.000730151907286565 -0.0135737048138009 -0.0101649571104346 -0.0132127452041096
-3.4e+38 -3.4e+38 -3.4e+38 -3.4e+38 -3.4e+38 -3.4e+38 -3.4e+38 -3.4e+38 -3.4e+38 -3.4e+38 -3.4e+38 -3.4e+38 -3.4e+38 -3.4e+38 -3.4e+38 -3.4e+38 -3.4e+38 -3.4e+38 -3.4e+38 -3.4e+38 -3.4e+38 -3.4e+38 -3.4e+38 -3.4e+38 -3.4e+38 0.035450781440358 0.0196049337132709 0.0204434237542949 0.0294896395342348 0.0492815065162856 0.0416069644108162 0.0264342582847268 0.0267317175630284 0.0146569084141376 0.0429404619725139 -0.0536839077840209 -0.0258134252264664 -0.01007025224051 -0.0104388040763041 -0.00429387815377797 0.0242416654620062 0.0180427715823527 0.0241317027999778 0.0248110304791722 -0.00243162305932056 -6.90854311138373e-05 0.0019298507349726 -0.0174317954832147 -0.0159859074157839 -0.0200763795303279
-3.4e+38 -3.4e+38 -3.4e+38 -3.4e+38 -3.4e+38 -3.4e+38 -3.4e+38 -3.4e+38 -3.4e+38 -3.4e+38 -3.4e+38 -3.4e+38 -3.4e+38 -3.4e+38 -3.4e+38 -3.4e+38 -3.4e+38 -3.4e+38 -3.4e+38 -3.4e+38 -3.4e+38 -3.4e+38 -3.4e+38 -3.4e+38 0.0323045534677977 0.021856348639487 0.0161681639894232 0.0277376305555543 0.0423237127081825 0.0390970465776506 0.0347064984693593 0.0150571113916215 0.00683422458994247 0.0125807096788234 0.0488183479769424 -0.0477793744642779 -0.0155114952461114 -0.00670961570611013 -0.00457714694914664 0.00372921152799337 0.0269888953286303 0.0209250621773989 0.0204196694735918 0.00790813891537125 0.0124549778058976 -0.00919785615521586 -0.00830444355352763 -0.00175918327258172 -0.0105646413160717 -0.0209886009773552
-3.4e+38 -3.4e+38 -3.4e+38 -3.4e+38 -3.4e+38 -3.4e+38 -3.4e+38 -3.4e+38 -3.4e+38 -3.4e+38 -3.4e+38 -3.4e+38 -3.4e+38 -3.4e+38 -3.4e+38 -3.4e+38 -3.4e+38 -3.4e+38 -3.4e+38 -3.4e+38 -3.4e+38 -3.4e+38 -3.4e+38 0.00963729745251924 0.0294470825977936 0.025335914105077 0.0304155662602757 0.0205453418762872 0.0350285963954353 0.0360176271983376 0.0167398278306199 0.00775552861560832 0.00158434039217244 0.00691427149420955 0.0309750544577043 -0.0417369401806969 -0.0127696291813569 -0.00766966906983935 -0.00417938022528007 0.00276747812988019 0.0167297607653616 0.00931321019437988 0.0156286768762193 0.0187354253653763 0.0222336788319399 -0.00626883808917768 -0.0113874011855132 -0.0049924300458597 -0.0133578900451307 -0.0166237992379922
-3.4e+38 -3.4e+38 -3.4e+38 -3.4e+38 -3.4e+38 -3.4e+38 -3.4e+38 -3.4e+38 -3.4e+38 -3.4e+38 -3.4e+38 -3.4e+38 -3.4e+38 -3.4e+38 -3.4e+38 -3.4e+38 -3.4e+38 -3.4e+38 -3.4e+38 -3.4e+38 -3.4e+38 -3.4e+38 -3.4e+38 0.0136369101558169 0.0307350946567411 0.0437671004268567 0.0390294857038126 0.0201440962340371 0.0322823416280638 0.0210625070832826 0.00912006366964514 0.00213793463216388 -0.000978625117087741 0.0209275449300509 0.0290245462004028 0.0762584023186526 -0.0119451238190649 -0.0201226113599027 -0.0108451712780669 -0.0102735927246223 0.0107448405918129 0.010974437065316 0.0105386679994976 0.0105586521621079 0.00363216280215199 -9.37757843803236e-05 -0.0144188052452145 -0.00252619530465663 -0.0368320376510419 -0.0382484564696537
-3.4e+38 -3.4e+38 -3.4e+38 -3.4e+38 -3.4e+38 -3.4e+38 -3.4e+38 -3.4e+38 -3.4e+38 -3.4e+38 -3.4e+38 -3.4e+38 -3.4e+38 -3.4e+38 -3.4e+38 -3.4e+38 -3.4e+38 -3.4e+38 -3.4e+38 -3.4e+38 -3.4e+38 -3.4e+38 -3.4e+38 0.0149596516766166 0.0364901784549843 0.0382794124076679 0.032749927826146 0.0411523539382948 0.0269965898576342 0.0263868591694711 0.0137530873757172 -2.59383315020147e-05 0.00652671790378344 0.0139690184202811 0.0541383069567788 0.085978414382812 -0.0148288512791159 -0.0227905644804116 -0.0151359460701039 -0.00532267677434606 1.90924768101973e-05 0.0116918354977671 -0.00180849018945663 0.00408178703772927 0.00277572756654967 0.00674974409019385 -0.0146840242440891 -0.0159335499056408 -0.0366896308123703 -0.0422529606226687
-3.4e+38 -3.4e+38 -3.4e+38 -3.4e+38 -3.4e+38 -3.4e+38 -3.4e+38 -3.4e+38 -3.4e+38 -3.4e+38 -3.4e+38 -3.4e+38 -3.4e+38 -3.4e+38 -3.4e+38 -3.4e+38 -3.4e+38 -3.4e+38 -3.4e+38 -3.4e+38 -3.4e+38 -3.4e+38 -3.4e+38 0.0157600972652942 0.0261220445608567 0.0284613175776897 0.0298370581514642 0.0197298690419421 0.0159129784914076 0.0254863856891211 0.0179201760426244 -0.0101941152991137 0.00797913121329502 0.0291503514714424 0.0610683840022574 -0.045975595036618 -0.0270539338723663 -0.0269679571326654 -0.0153540769198828 -0.00414733517608391 -0.00641504494309084 -0.00316291532725201 -0.00623366275709867 -0.00160455558157659 -0.0295494077225259 -0.0316937886895154 -0.0340913795417712 -0.0336059162240959 -0.0363795129312598 -0.0490546200053227
-3.4e+38 -3.4e+38 -3.4e+38 -3.4e+38 -3.4e+38 -3.4e+38 -3.4e+38 -3.4e+38 -3.4e+38 -3.4e+38 -3.4e+38 -3.4e+38 -3.4e+38 -3.4e+38 -3.4e+38 -3.4e+38 -3.4e+38 -3.4e+38 -3.4e+38 -3.4e+38 -3.4e+38 -3.4e+38 -3.4e+38 0.0162412912892581 0.00968725803449016 0.0131375532975488 0.0259789442810954 0.0134365415197999 0.0169304668456373 0.0223558820987211 0.00276884992959726 -0.00573025791884351 0.00705678758256116 0.0204802787380945 0.0375329875408894 -0.0459500176464 -0.0346445624070724 -0.034753131760367 -0.0182799290104499 -0.00525505369254333 -0.00744189696364693 -0.00747100619227884 -0.00688385720307752 -0.0340899222748663 -0.03380803735284 -0.00452670508752168 -0.0360930189786246 -0.0454498490011341 -0.0321627237379945 -0.0546055433407134
-3.4e+38 -3.4e+38 -3.4e+38 -3.4e+38 -3.4e+38 -3.4e+38 -3.4e+38 -3.4e+38 -3.4e+38 -3.4e+38 -3.4e+38 -3.4e+38 -3.4e+38 -3.4e+38 -3.4e+38 -3.4e+38 -3.4e+38 -3.4e+38 -3.4e+38 -3.4e+38 -3.4e+38 -3.4e+38 -3.4e+38 0.0126490404471129 -0.00174473147960161 0.00204576897583562 -0.000343480693926942 -0.00159175437925063 0.0116179070695575 -0.00875719411292832 -0.00504470470345388 -0.00595228763186514 0.000413632378554171 0.00944975907555863 0.0380768353026752 -0.0486899506139467 -0.0359495534200371 -0.0406111643393611 -0.0209470353780738 -0.0137058552510572 -0.0163090155806418 -0.0172727191897794 -0.0466092591846995 -0.0481821182157344 -0.0153035590244893 -0.00381920425175656 -0.0409321674601419 -0.0451116710281014 -0.0456963772551487 -0.0557785486530805
-3.4e+38 -3.4e+38 -3.4e+38 -3.4e+38 -3.4e+38 -3.4e+38 -3.4e+38 -3.4e+38 -3.4e+38 -3.4e+38 -3.4e+38 -3.4e+38 -3.4e+38 -3.4e+38 -3.4e+38 -3.4e+38 -3.4e+38 -3.4e+38 -3.4e+38 -3.4e+38 -3.4e+38 -3.4e+38 -3.4e+38 -3.4e+38 0.00972688444058036 -0.0106359921703519 -0.00912617158028262 -0.00643556968367265 -0.00279256572995748 -0.0173549458971915 -0.019477394845788 -0.00407666817307891 0.00458016222481128 0.0123289110209953 0.0562286535286563 -0.0478483759256033 -0.0387699538219526 -0.017040147146917 -0.0181709565705336 -0.0252785660553 -0.016550005953578 -0.0239481679555631 -0.0340718418197503 -0.0505928056626264 -0.0158833279862966 -0.0166136921544558 -0.0482153727329097 -0.0458250948850567 -0.0498907117129734 -0.0485335551921956
-3.4e+38 -3.4e+38 -3.4e+38 -3.4e+38 -3.4e+38 -3.4e+38 -3.4e+38 -3.4e+38 -3.4e+38 -3.4e+38 -3.4e+38 -3.4e+38 -3.4e+38 -3.4e+38 -3.4e+38 -3.4e+38 -3.4e+38 -3.4e+38 -3.4e+38 -3.4e+38 -3.4e+38 -3.4e+38 -3.4e+38 -3.4e+38 0.0154357128687668 0.00408039427340107 0.0040392666528847 -0.00757601977628162 0.00484376189194877 -0.0214668468904 -0.0239263267995118 -0.0097222890045717 -0.0057424708573478 0.0135352278255567 0.0505909796468533 -0.0410090540853641 -0.034400717832033 -0.0126217322977163 -0.0174364724655931 -0.0254870785855971 -0.026415840694651 -0.0455763886035152 -0.0340683435793902 -0.0552438617982989 -0.0264387151488269 -0.0438866209542911 -0.0463455805634844 -0.0443777728662142 -0.0433064117235901 -0.0496282142975238
-3.4e+38 -3.4e+38 -3.4e+38 -3.4e+38 -3.4e+38 -3.4e+38 -3.4e+38 -3.4e+38 -3.4e+38 -3.4e+38 -3.4e+38 -3.4e+38 -3.4e+38 -3.4e+38 -3.4e+38 -3.4e+38 -3.4e+38 -3.4e+38 -3.4e+38 -3.4e+38 -3.4e+38 -3.4e+38 -3.4e+38 -3.4e+38 -0.00586250662481046 -0.002895985898883 -0.000496732811077885 -0.0167557942703212 0.00451754578403277 0.00260248707278525 -0.0331449461679364 -0.0297977620992665 0.0021292426848515 0.0114273659447056 0.0413330928157108 -0.0611582985334091 -0.0429158270201835 -0.018177681897104 -0.00654122883447795 -0.0156957747136189 -0.0361305300056008 -0.0192158271944023 -0.035617213292882 -0.038296933082903 -0.0584674733638602 -0.0522875569965146 -0.0346764345616608 -0.0314130937151836 -0.0290227391605953 -0.0433585857261047
-3.4e+38 -3.4e+38 -3.4e+38 -3.4e+38 -3.4e+38 -3.4e+38 -3.4e+38 -3.4e+38 -3.4e+38 -3.4e+38 -3.4e+38 -3.4e+38 -3.4e+38 -3.4e+38 -3.4e+38 -3.4e+38 -3.4e+38 -3.4e+38 -3.4e+38 -3.4e+38 -3.4e+38 -3.4e+38 -3.4e+38 -3.4e+38 -0.0148368981482185 -0.0226169125058507 -0.0210045801624999 -0.0159415012363797 -0.000575994046968 0.0121453437789613 -0.0282444202060227 -0.036607790354719 0.00882893234490878 0.0228822921666214 0.0627781220949912 0.114792668842403 -0.0531009968066033 -0.0224486859489983 -0.000611824522971368 -0.0259454762495061 -0.0333681919475294 -0.0313665002472948 -0.0370974787108605 -0.028904499948009 -0.040805854268628 -0.0496035951425607 -0.0522483617212264 -0.0462988156069782 -0.0108932639135026 -0.0425384397808883
-3.4e+38 -3.4e+38 -3.4e+38 -3.4e+38 -3.4e+38 -3.4e+38 -3.4e+38 -3.4e+38 -3.4e+38 -3.4e+38 -3.4e+38 -3.4e+38 -3.4e+38 -3.4e+38 -3.4e+38 -3.4e+38 -3.4e+38 -3.4e+38 -3.4e+38 -3.4e+38 -3.4e+38 -3.4e+38 -3.4e+38 -3.4e+38 -0.0198502536896996 -0.0230067434703717 -0.0202506512543749 -0.0169269288578925 -0.00417610448962603 0.00252404404964975 -0.0245980794506799 -0.0492419669749398 -0.00380078011775863 0.0183824952876133 0.0463852983764676 0.0222377780227449 -0.0526965184359358 -0.0503531975341767 -0.0338775991994344 -0.0225304250678633 -0.0331599281836839 -0.0197005967532979 -0.0371893461539557 -0.0386276416908411 -0.0496205548834198 -0.0481783388647518 -0.046151590850588 -0.0387671141407207 -0.0333404063543049 -0.037423701168195
-3.4e+38 -3.4e+38 -3.4e+38 -3.4e+38 -3.4e+38 -3.4e+38 -3.4e+38 -3.4e+38 -3.4e+38 -3.4e+38 -3.4e+38 -3.4e+38 -3.4e+38 -3.4e+38 -3.4e+38 -3.4e+38 -3.4e+38 -3.4e+38 -3.4e+38 -3.4e+38 -3.4e+38 -3.4e+38 -3.4e+38 -3.4e+38 -0.0152350426136684 -0.0185860548529963 -0.0157448766384608 -0.00450030124763015 0.00463173667810733 0.00783654764060403 -0.0364884511158334 -0.0510008734414259 -0.0296429803092112 -0.00998224607595509 0.0084730601698407 0.0218309716981098 0.106131864836141 -0.0319918663287487 -0.0324280167564948 -0.0279482477431804 -0.0325962530291375 -0.0344103676709584 -0.0287194958679561 -0.0422169671594262 -0.0572124295288533 -0.0582265437815378 -0.0480417909292351 -0.0434885695966188 -0.0415252432083775 -0.0392246035251068
-3.4e+38 -3.4e+38 -3.4e+38 -3.4e+38 -3.4e+38 -3.4e+38 -3.4e+38 -3.4e+38 -3.4e+38 -3.4e+38 -3.4e+38 -3.4e+38 -3.4e+38 -3.4e+38 -3.4e+38 -3.4e+38 -3.4e+38 -3.4e+38 -3.4e+38 -3.4e+38 -3.4e+38 -3.4e+38 -3.4e+38 -3.4e+38 -3.4e+38 -0.0220969816457037 -0.0228503439342062 -0.0170825083517305 -9.91048897112656e-05 0.0167594428139856 -0.0145632784647117 -0.0442887800548655 -0.042872632085779 -0.024600291034887 -0.000716443570879252 -7.6763797492288e-05 0.100539654525188 -0.0652476216983973 -0.0278721211569105 -0.0381403024166468 -0.0162204529247187 -0.0384165466912459 -0.0140225697779382 -0.049508616821622 -0.0548418071440058 -0.0554394547435606 -0.0499122143931495 -0.0506708261508802 -0.0444746508992649 -0.0435953522532018
-3.4e+38 -3.4e+38 -3.4e+38 -3.4e+38 -3.4e+38 -3.4e+38 -3.4e+38 -3.4e+38 -3.4e+38 -3.4e+38 -3.4e+38 -3.4e+38 -3.4e+38 -3.4e+38 -3.4e+38 -3.4e+38 -3.4e+38 -3.4e+38 -3.4e+38 -3.4e+38 -3.4e+38 -3.4e+38 -3.4e+38 -3.4e+38 -3.4e+38 -0.0264845496893369 -0.0242583362556485 -0.0241867695775509 -0.0137370622904822 0.00651930507556697 -0.0243485862209752 -0.0419469454904681 -0.0243380094774714 -0.0181172317571305 -0.00380504258798069 -0.00229669879877607 -0.0911996936136618 -0.058774557233872 -0.0332358029092912 -0.0344447667755741 -0.0293440178123717 -0.00865215148830588 -0.0159235964870204 -0.0459344562594088 -0.0592431110826824 -0.0606725557001415 -0.056502234038212 -0.0516667884457267 -0.0456278593097126 -0.0272022964464709
-3.4e+38 -3.4e+38 -3.4e+38 -3.4e+38 -3.4e+38 -3.4e+38 -3.4e+38 -3.4e+38 -3.4e+38 -3.4e+38 -3.4e+38 -3.4e+38 -3.4e+38 -3.4e+38 -3.4e+38 -3.4e+38 -3.4e+38 -3.4e+38 -3.4e+38 -3.4e+38 -3.4e+38 -3.4e+38 -3.4e+38 -3.4e+38 -0.0314162339501781 -0.0304225746127489 -0.0267434279911368 -0.0289943657646689 -0.00849911585582972 -0.00840505275070037 0.00392993830670416 -0.0233770896453931 -0.0329243145674296 -0.0441430351265445 -0.0345698799799522 0.00306013499440264 0.0455244894982954 -0.0319759259820835 -0.0313008276676518 -0.0315188183180288 -0.0206762281642168 -0.0121293458546361 -0.0204518290988938 -0.0487699610363979 -0.0614684510693196 -0.064861183257212 -0.0614778907470755 -0.0558556748078933 -0.0522725003864317 -0.0484675298312597
-3.4e+38 -3.4e+38 -3.4e+38 -3.4e+38 -3.4e+38 -3.4e+38 -3.4e+38 -3.4e+38 -3.4e+38 -3.4e+38 -3.4e+38 -3.4e+38 -3.4e+38 -3.4e+38 -3.4e+38 -3.4e+38 -3.4e+38 -3.4e+38 -3.4e+38 -3.4e+38 -3.4e+38 -3.4e+38 -3.4e+38 -3.4e+38 -0.0113905707856008 -0.0131431616502317 -0.0294165480357046 -0.0255115810820106 -0.0154269999163549 -0.00321333200591333 0.0121534209856426 -0.00160766345482182 -0.0305674165722744 -0.0387335164633211 -0.0364431602769426 0.00713778648810238 0.0125411177461057 -0.0580167839385168 -0.0360689586964423 -0.0278914057214692 -0.0184513749674591 -0.0216076878964529 -0.0318008310842945 -0.0644409356849398 -0.0704583239563065 -0.0653564061494583 -0.0661694060564086 -0.0597978797973687 -0.0459442216787554 -0.0401994344071741
-3.4e+38 -3.4e+38 -3.4e+38 -3.4e+38 -3.4e+38 -3.4e+38 -3.4e+38 -3.4e+38 -3.4e+38 -3.4e+38 -3.4e+38 -3.4e+38 -3.4e+38 -3.4e+38 -3.4e+38 -3.4e+38 -3.4e+38 -3.4e+38 -3.4e+38 -3.4e+38 -3.4e+38 -3.4e+38 -3.4e+38 -0.0238710143585895 -0.0214798841585141 -0.0296622658693081 -0.0269250139912503 -0.0270325095216518 -0.0289035847375384 -0.010010439789687 -0.0226706262921594 -0.0317549175481528 -0.0186875670503359 -0.0292232601625527 -0.0355873857105913 0.0160063967400305 0.0208581151378893 -0.0293114423009378 -0.0180652653804001 -0.0222060693425403 -0.0423859593261352 -0.0313637888713697 -0.0219547456589516 -0.0572207213726579 -0.0738657217179803 -0.0749497696295646 -0.0671041131355037 -0.0608240323876702 -0.055247271492565 -0.0488326689955667
-3.4e+38 -3.4e+38 -3.4e+38 -3.4e+38 -3.4e+38 -3.4e+38 -3.4e+38 -3.4e+38 -3.4e+38 -3.4e+38 -3.4e+38 -3.4e+38 -3.4e+38 -3.4e+38 -3.4e+38 -3.4e+38 -3.4e+38 -3.4e+38 -3.4e+38 -3.4e+38 -3.4e+38 -3.4e+38 -3.4e+38 -0.0160642401461298 -0.0181539221740253 -0.0211458147333175 -0.0157278402806427 -0.0208631032004344 -0.0136198526252487 -0.0281134504127157 -0.00561537524113126 -0.0474639022667514 -0.0451027256711997 -0.0345215482989759 -0.0304507841035773 -0.0268609524796406 0.0390243106809342 -0.0430916449758903 -0.0207141997181726 -0.0347134832172544 -0.0544263420032697 -0.0468306029673652 -0.0490279564656829 -0.059058976470873 -0.0737470978235066 -0.0682391420379781 -0.0688935450725523 -0.0616333752414903 -0.0583733889471345 -0.0474042913511965
