data/pcas/pcas_can_126/pca_referenceLayers_can_126/PC13.asc
NCOLS 494 
NROWS 529 
XLLCORNER -117.166666666667 
YLLCORNER -55.5 
CELLSIZE 0.166666666666667 
NODATA_value -3.4e+38 
[rows 220 to 241 of 529, columns 300 to 349 of 494]
-0.0710772389563839 -0.0815058384918912 -0.083523453707755 -0.0847163660211895 -0.0865634971783206 -0.0946185572195849 -0.0836257885119088 -0.0908000727298348 -0.0925544402667545 -0.0978458412401642 -0.104463124925915 -0.0990445688382881 -0.108883085117648 -0.0947417104860753 -0.0719919839138916 -0.061429580582525 -0.0535559531271632 -0.0407436015221082 -0.0316336674433429 -0.0340351358274693 -0.0244066172735679 -0.0350760662427008 -0.0389477963411818 -0.0201546586539728 0.00803117388275434 0.0213575290612047 0.017650058033036 0.00257209050357573 0.00383327736062162 0.000528052219439606 -0.00039851097469876 0.00149492498183465 -0.00290176949341874 -0.00115588971310523 -0.00571233311253348 -0.0178482122819688 -0.0243030595214944 -0.0201296950011993 -0.0305973710312426 -0.0285856219139547 -0.0295690888758576 -0.0267148896815628 -0.0214915127849856 -0.0131591873046972 -0.00842549665561582 -0.0151045274102622 -0.00326309091269516 -0.0064180812001648 -0.00969763908875861 -0.0178935525560018
-0.103214913256553 -0.112723307541026 -0.111370248576181 -0.114307088230244 -0.100553006372858 -0.100673810630097 -0.0931002326765271 -0.0857563338214472 -0.100869056953785 -0.0979399184681983 -0.0967112162270121 -0.0961013243744907 -0.0991448591795043 -0.0828605698654279 -0.0641484930331802 -0.049168185619177 -0.0399543467013595 -0.0365330234795349 -0.0253009881695609 -0.0299683634058874 -0.024761716807583 -0.0381344299353737 -0.0449711697462149 -0.0282937324242511 0.0017658835083309 0.0151311697258062 0.0111514339142006 0.0118726888727928 0.00780135706184564 0.00914268079227746 0.00641130192873092 0.000916112801946537 0.00280948427208294 0.00263580942843311 -0.00621993939159394 -0.0129151868444236 -0.0168951278191347 -0.0143543231381223 -0.00946748524137404 -0.00811719937818073 -0.0157542662491161 -0.00719176825110939 -0.0156342225569238 -0.0232281900279787 -0.0265008136184836 -0.0295644041869256 -0.0187871403623953 -0.00270040543358494 -0.00944318505390151 -0.0249040846564427
-0.127588272590275 -0.126511632320094 -0.117843819679943 -0.135731455948261 -0.108986397565319 -0.108569340415727 -0.102438317712267 -0.107558850577216 -0.116527394571992 -0.101823813945544 -0.0952288813590098 -0.0906187604823522 -0.0816205505455008 -0.0589512522869141 -0.0519844216619825 -0.039721871960564 -0.0242573548031514 -0.00946947407330056 -0.00697979480056641 -0.0269677775474734 -0.0351159959800384 -0.0269468989641316 -0.0381817155812835 -0.0398130346098896 -0.0114680492569576 -0.00228659635020247 0.00272603019423284 0.00163556397042833 -0.00479000385288993 0.00190823354536256 0.00225893817894058 -0.000967138433776032 0.00236912571600118 -0.00556143203109844 -0.00686970690516066 -0.012342221386176 -0.00790580714798961 -0.0108448939418638 -0.0050101273284914 -0.0037161392898055 -0.00902088758154621 -0.00430891476091353 -0.0167645572930271 -0.0152926869660169 -0.0249375080204614 -0.027979396936082 -0.0247095269354577 -0.0154429004894898 -0.0195755784746969 -0.0282465517152022
-0.104341960168655 -0.0991595616210036 -0.104054320658482 -0.13411310406891 -0.14033399208826 -0.131090798723129 -0.137485271869632 -0.137891783895009 -0.128683181730269 -0.118509796664259 -0.0876219964748939 -0.0659950490263807 -0.0554889934381391 -0.0389305095581582 -0.0289035286967981 -0.0230564856764148 -0.00655856146492039 -0.00361816012227608 -0.00119501260284256 -0.00883615094915786 -0.0187070384023785 -0.0262247619611749 -0.0349744044821259 -0.0322340317877798 -0.0281846921094866 -0.0110608869610274 -0.0125861312228422 -0.00564432100335874 -0.00943507466060399 -0.00624849941394283 -0.00346136433923383 -0.00948842724548586 -0.00428626521040738 -0.0117917777723556 -0.0155793795875521 -0.015016166781296 -0.0180013838531344 -0.0127857377884763 0.000170631598967262 -0.00208743990539857 0.000356905185766296 0.00239737261036126 -0.0127213665194663 -0.0201236368275633 -0.0207187183173799 -0.0307214909344108 -0.035785891990504 -0.0274674403351262 -0.0204115683887492 -0.0216148453298181
-0.0752569763502916 -0.0669051005825779 -0.0833457622198694 -0.146756803933264 -0.170372584802606 -0.161079389043844 -0.169035690198345 -0.164346395069085 -0.154157373950888 -0.112570097969737 -0.0763132798845205 -0.0730904082583509 -0.0538265682202449 -0.0442709455423677 -0.038422339123595 -0.0349405974542715 -0.0223804644711073 -0.0267538579352373 -0.0193856647105751 -0.0258002083121223 -0.0268732420164111 -0.0235977126610075 -0.0180833256001877 -0.0261988863073775 -0.0394099869956261 -0.0188254673969924 -0.0170370340513903 -0.011777160026529 -0.0185409735219527 -0.0185543989632748 -0.00555718976244318 -0.0142887271487628 -0.0119546213284454 -0.0121761293026685 -0.0128863130980084 -0.0103297795100817 -0.00750269294667928 -0.0102867762148521 -0.00494712246938799 0.0143817968723387 0.0173449527115496 0.0095387251032849 -0.00764320308792999 -0.0147356472555112 -0.022837206998434 -0.034185756560421 -0.0303729296291111 -0.0336071718995271 -0.0280445370947446 -0.0452121837650536
-0.0870581846169754 -0.0610695231714715 -0.103001928415996 -0.152972121850453 -0.180186181686393 -0.175168156181429 -0.163956932425346 -0.159772475630157 -0.141439432704862 -0.116428865702692 -0.0853869662635798 -0.0619657402731552 -0.0466094813844762 -0.032993967741652 -0.0200199612228618 -0.0168844075643741 -0.0289829525605564 -0.0235150259717615 -0.0393439609095049 -0.0394882676592196 -0.038106210627751 -0.0410278651724179 -0.0342238245296212 -0.041782781006723 -0.032308346693861 -0.026522468913373 -0.041655408244228 -0.027505423713633 -0.0378801381697858 -0.0331721865523246 -0.0164255973459807 -0.022836502163863 -0.0231150221622134 -0.0240883475353225 -0.0267321020626966 -0.030309248395554 -0.0279952869701563 -0.0267620205676207 -0.021294146282907 -0.00798894391038743 0.0101947348604979 -0.0140152412234002 -0.0115057234237812 -0.0279618446715379 -0.0155178196741844 -0.0297069389911318 -0.0437373414237212 -0.0578365638899671 -0.0514651069491192 -0.0703413299003341
-0.103486336133022 -0.11615623434479 -0.145993767519797 -0.188653291667485 -0.150937936042125 -0.132649869999106 -0.147692033080073 -0.137568194876532 -0.12559755527565 -0.118773133044253 -0.088484672156235 -0.0636762394718043 -0.0426541272637564 -0.0301041150938353 -0.0214763595490249 -0.0130632088866257 -0.0181240139770221 -0.0354732465453179 -0.0448161093398026 -0.0503330434844374 -0.0454254859392568 -0.0434795123827857 -0.0541902880352102 -0.0384646441340019 -0.0446460826238297 -0.0626590413896723 -0.0720547797780329 -0.0640105569666659 -0.0541317219782548 -0.0516966637779448 -0.0521917376079121 -0.0451718146841006 -0.0485712325772175 -0.0447849098165612 -0.0548361443130989 -0.0531873387775683 -0.0610942610717933 -0.0564433163390412 -0.0337907999404816 -0.0302448264688598 -0.0210594974437384 -0.0312540037344946 -0.0299503153878356 -0.048953852644841 -0.057762101635444 -0.0697826811166206 -0.0848115920503201 -0.0797099087646068 -0.0880868921046486 -0.0972275218844888
-0.120322279480373 -0.153926679052652 -0.186221421065596 -0.130848799637275 -0.130027535118211 -0.117619636760333 -0.140787647355647 -0.129940962604092 -0.117856377388136 -0.104712565683795 -0.0824192801490657 -0.0614777765417673 -0.0364698634663118 -0.0339990065992405 -0.0225481290746683 -0.00514695720317343 0.00215469050022329 -0.0146620199261521 -0.0261127431804863 -0.0370388935656119 -0.0376582104605334 -0.0475187222284872 -0.0448554201752432 -0.0621907098239049 -0.0614544950291458 -0.0829692363864369 -0.0906108867217063 -0.0819772999656576 -0.0679995902131824 -0.0578040780028465 -0.0513829038806731 -0.0523682236160169 -0.0620569047089956 -0.065361433642003 -0.0749691633923632 -0.0695566981026376 -0.0754430710403039 -0.0863705812535238 -0.0613809639664918 -0.0687574048772094 -0.0703360826148776 -0.0601358532980021 -0.0803651072273774 -0.0740064108026933 -0.0900663566067521 -0.105906801204387 -0.100874718392912 -0.108223879407151 -0.115669620072701 -0.107809827110359
-0.130143314489165 -0.15607567173201 -0.16493679206746 -0.134361851785499 -0.139370950600567 -0.120692750208872 -0.127914314506674 -0.119452618358001 -0.102432505240765 -0.0881890104462384 -0.0763297239811316 -0.0707897962129081 -0.0369351041855782 -0.0266467701024276 -0.0115995861500346 0.01430348623915 0.0192863825523936 0.0023918928272227 -0.00117167211663078 -0.0187665619633273 -0.0265796252495493 -0.0367105498112572 -0.046748822533266 -0.0497912364003316 -0.0767863088564627 -0.0899504141739697 -0.0871996748227429 -0.0738111042593183 -0.0623382977163909 -0.0614991538181047 -0.0567384351437117 -0.0575210506727938 -0.0608602416114642 -0.0753058627159326 -0.0734283189333388 -0.0713240984242485 -0.0645669225553344 -0.0817323845656209 -0.0840839725388336 -0.0887692511945933 -0.0882988863915003 -0.0790863538363007 -0.0701882909075658 -0.0815194751102076 -0.0977293331522312 -0.0975349897525126 -0.0960988462128172 -0.103886973768151 -0.102560742700901 -0.100871843587792
-0.137537440804974 -0.161337633195962 -0.144187933668702 -0.136686524213173 -0.127261752715284 -0.127620066909992 -0.1217694030779 -0.113690067804418 -0.109457869550436 -0.0784526830373457 -0.0662355041573213 -0.0714962813516081 -0.0396960697476258 -0.0216120318570512 -0.00790551863306392 0.0160603882427153 0.0371607352804448 0.0150207671775081 -0.00803752491796427 -0.0200503589195957 -0.0173891169186282 -0.0277663900345617 -0.0425944321722348 -0.0521671473872416 -0.0674205839662391 -0.0711223359063817 -0.0637454214495676 -0.0673722042913719 -0.0685877219858252 -0.0741804789839999 -0.0579946599160304 -0.0619681750044276 -0.059234105259362 -0.0589170982686363 -0.0827963859441675 -0.0844595773601486 -0.0840824933347677 -0.0853025597382639 -0.0820964122837261 -0.0786835211356457 -0.0648839964698688 -0.0608748785928957 -0.0509322337436767 -0.0650680159001852 -0.0818159494496969 -0.0863001453341147 -0.0901963337845503 -0.103160662066868 -0.102030174997476 -0.090534011991328
-0.127136927729081 -0.134314005506604 -0.12988239347726 -0.123824143252827 -0.105904806785779 -0.113772121901877 -0.11856024985677 -0.115184646837884 -0.100157031979644 -0.0782219492514308 -0.0640066136046511 -0.0646844427579281 -0.0375693014140058 -0.0188032318323969 0.00704563768334989 0.0182435879094862 0.0327098864120384 0.0192766722127545 -0.00664786052963639 -0.0165844192425946 -0.0254860989463942 -0.0251653072625551 -0.0252622856793118 -0.0597282196925301 -0.0531703218817339 -0.0508232801499071 -0.054789724360903 -0.0603798946641267 -0.0619906291935865 -0.0658688851936385 -0.0626228303093862 -0.0720639727973132 -0.0718972406264481 -0.0752830762324677 -0.0766091499787122 -0.0891635262362285 -0.0860182815190887 -0.0800430925353115 -0.0773798708941597 -0.0615081118928674 -0.053070845936562 -0.0464534974398932 -0.0353103628378886 -0.0457793184244125 -0.0607621145246226 -0.0753331676484405 -0.0890883522393905 -0.0738390048625373 -0.0777447214263124 -0.0785880260956173
-0.114791590616235 -0.117064908346018 -0.112046588784061 -0.112621861320031 -0.117447904640793 -0.0987584071766579 -0.116479631012505 -0.0994991192931279 -0.0939798735106195 -0.0731861248653407 -0.0594416404337468 -0.057972911058325 -0.0530968220743202 -0.0352830214759021 -0.0259727104233606 0.00429768775452498 0.0242670441865858 0.0143286161912647 0.00142334330872937 -0.0180117428484233 -0.0177371208882806 -0.0284935119982534 -0.0396376695504543 -0.0553708820630978 -0.0473802155573723 -0.0518146561762486 -0.0545056738400778 -0.0538282281659553 -0.0525415936375769 -0.0459317567079154 -0.0443003821131744 -0.0595769351168996 -0.0759569672115304 -0.080331518067392 -0.082322745580208 -0.085535886682472 -0.084635917960562 -0.0809064817089324 -0.0653006360255496 -0.058937512680368 -0.0361785687277384 -0.023117989337518 -0.0412072025211113 -0.0462564930840516 -0.0498886152296611 -0.0510521353776947 -0.0470019512716847 -0.056578244519821 -0.0574651298660919 -0.0613920601452435
-0.106376409724663 -0.114748937662141 -0.113241815537198 -0.108475610140704 -0.100273002429975 -0.085734421216382 -0.0975487682520837 -0.0881151175578576 -0.0699539524308438 -0.0654546663644612 -0.0586406409146351 -0.0439743173557111 -0.0377125556407466 -0.0426833188357791 -0.038107216528061 -0.0173616219873152 -0.0089247594669769 -0.0201271648090364 -0.0235560413768816 -0.0110970386885261 -0.021036684545904 -0.0312909807921946 -0.032996052001824 -0.0460982030225309 -0.037307738547817 -0.0478690598298745 -0.0338830641878882 -0.0367577637107024 -0.0376441131959409 -0.0408476360275477 -0.0406941377691717 -0.047614198278822 -0.0648574587763804 -0.0881627411750358 -0.0916904235146048 -0.093027443955365 -0.090016817370294 -0.0769374676871816 -0.0643335287637778 -0.0507478788633685 -0.0318943132439106 -0.040501678961504 -0.0376436324381787 -0.0194237166413843 -0.0186758900486059 -0.0198417597808545 -0.030900505792215 -0.0357417784117161 -0.0426451613094481 -0.0390002827696361
-0.0974945311241916 -0.106868368891613 -0.0994372496352907 -0.0990259826646896 -0.0958111443442221 -0.0880522629795255 -0.101863183374545 -0.0849858967603755 -0.0814733333658667 -0.0754280084528398 -0.0391519070541946 -0.0419590558283414 -0.0385853626155856 -0.0283243961333413 -0.0461172892361691 -0.0328249228480099 -0.0274183727924245 -0.0236265623526206 -0.016916207394603 -0.0196727733137275 -0.0186227089731768 -0.0196841011876432 -0.0257856346266499 -0.0237112928575708 -0.023956319647216 -0.0296194808046248 -0.0392039740086917 -0.0341511772901501 -0.0385040387715502 -0.0357702433787937 -0.0407419932323703 -0.0326358500814374 -0.0745759177413877 -0.0943938133448533 -0.0967979919191406 -0.0934267901197879 -0.0908443695148664 -0.0767595413966173 -0.0633605910206917 -0.0506445606164298 -0.0381803046611006 -0.0418237923535477 -0.034756773405866 -0.018347595706978 -0.0126574859066582 -0.0107632505667319 -0.0136742711179106 -0.0115720219111897 -0.0192829706255265 -0.0175069559368877
-0.0987327374689715 -0.108069914171859 -0.0980180961751977 -0.092544267150382 -0.0986222488045216 -0.0829124654257477 -0.087750833248615 -0.0829609399216768 -0.0800869866942321 -0.0751593069739632 -0.0702198230549771 -0.0511237990609588 -0.0483280409538706 -0.0460900386065096 -0.059361234140988 -0.0434117420519564 0.00416580665425292 -0.00304120413337276 -0.00721112016717716 -0.00334221290453936 -0.0179431719131431 -0.0342210637904133 -0.0113707823647747 -0.00785760565095043 0.00914344147035752 -0.00651031135638106 -0.00774191035239146 -0.00899384960272679 -0.00218115554992963 -0.0184561819529417 -0.0330658562202494 -0.0448100161776553 -0.097573944779959 -0.104293475327781 -0.0911705619198176 -0.083382907086024 -0.0730450899902461 -0.068395434803159 -0.0703562882966339 -0.041200310907138 -0.0243223587721552 -0.0212900253916965 -0.0171871685791642 -0.00921038481550181 -0.00453157407689143 -0.00584093952996843 -0.00852258223903967 0.000281014760632945 -0.000298722801335877 -0.00788627648644256
-0.0879624004161745 -0.0956296973556608 -0.0872658672102444 -0.0921853936634259 -0.108685364779129 -0.0985581249911967 -0.0756835276626848 -0.0790389045875939 -0.0753143400526033 -0.0670091631036047 -0.0687718065958142 -0.0572269835674488 -0.0521005493046864 -0.0807977120271599 -0.0871317719995497 -0.0375801700590064 -0.00465170482631684 0.00141435154797629 -0.0126460136541188 -0.0271768471896609 -0.0226711468560732 -0.0238966777889006 -0.0262305216309437 -0.00643382739659732 0.0191739351179386 0.0108703641541943 0.00803054069032636 0.00958086259787585 0.00512427783095901 -0.00519168868511066 -0.0210011118105545 -0.0332639646958591 -0.0646558248151017 -0.0722687797951573 -0.0869606701142736 -0.0812576584662679 -0.0689096025551964 -0.0665072700486471 -0.0431374178264659 -0.044550924347863 -0.0374459129912566 -0.00863440411398463 0.00329748658928358 0.0103309436253435 0.0053030751607839 0.004934748462362 0.00794798164570053 0.00425952497008992 0.00478117563192296 -0.000870371868734
-0.0747979545814251 -0.0731396097392352 -0.0725714180255325 -0.0838910157555975 -0.0813047758949928 -0.0771798761131332 -0.0792200274045255 -0.0831954100560406 -0.0767488238433117 -0.070095616151727 -0.0670060788058123 -0.0523526483477405 -0.0757956193020362 -0.087801919978222 -0.0904683417181788 -0.0740133839747629 -0.0494874516567448 -0.0546103617766993 -0.0449062051412182 -0.0399278692078218 -0.0235335043884478 -0.0198939108613675 -0.00505598157554105 0.00272791835301003 0.0225304919217648 0.0275188234186336 0.0279161449742633 0.0260612326546898 0.0163540133312466 0.00646873246534519 0.000352007424345536 -0.0222932173890155 -0.0408770438084899 -0.0536358819032339 -0.0626873141202164 -0.0485733127697722 -0.0412811391790475 -0.0383910744384356 -0.0330537985842412 -0.0277588285495882 -0.0158827136711333 -0.00492947177613254 0.0246431682098192 0.0180568847048753 0.0254563745912164 0.0191577769232312 0.00886927726157391 0.00426788273989201 0.00514133082734063 0.00020630891053737
-0.0620987000957004 -0.0671790671890506 -0.0707753861350037 -0.0644909616808648 -0.065293181742487 -0.0632540862373297 -0.061932007200247 -0.0455548376867436 -0.0520907875195657 -0.0564140027732211 -0.0556059609581906 -0.0615833660841212 -0.0661448176469975 -0.0842683406013084 -0.107048268268979 -0.102337890494797 -0.111833493792361 -0.115695522517129 -0.096111116285534 -0.0697485350718183 -0.0464358809295751 -0.0298637540106892 -0.00555085295977704 0.014302429998902 0.0182872419615877 0.0403258140349066 0.0359387750106824 0.0289459005112209 0.018008376301989 0.0133241130568523 0.00211736609013819 -0.0138078698241137 -0.0321514328739663 -0.0423833227832012 -0.0331821328502557 -0.0257508125412155 -0.0259340199296075 -0.0276531911945052 -0.0293989467826268 -0.0280679336314558 -0.0228566209511989 -0.00324230339281397 0.0159078252956928 0.0250580919059092 0.0316898035478098 0.0308821340389107 0.0188342340716572 0.0130281135636572 -0.000765396675916453 -0.00242831426056516
-0.0529189656310444 -0.0577118104663768 -0.0531706069293782 -0.057260811908718 -0.0415295397619582 -0.0586808973743778 -0.0396563732095352 -0.0277477479766313 -0.0386849288583308 -0.0407975168159294 -0.0381947409744951 -0.0486814434112056 -0.0641353326838259 -0.0734009422283501 -0.0997566712297487 -0.112546889043725 -0.113826760243521 -0.120557366526449 -0.105118642144546 -0.0901867735401906 -0.0622878604716031 -0.0268885140421265 0.00921620831051668 0.0298106292453677 0.0470360926807782 0.0484235728448002 0.0597560828592659 0.0423548677674987 0.0423287201843698 0.0270175790708915 0.0217517312126132 0.00621287148365797 -0.00941368245151549 -0.0124123664278116 -0.0167660269253448 -0.0277657046071388 -0.0226385504360097 -0.0255614815873249 -0.0378220024449585 -0.0267612893947857 -0.0198236039610666 0.00341827602403219 0.0203652634676038 0.0403329350871775 0.0281881763133246 0.0279277840428025 0.0186423890861985 0.0198609939714012 0.00881711277913978 0.00204665468994868
-0.0566977788609746 -0.0690752472549498 -0.0656189596866629 -0.0534832506857747 -0.0475603272095094 -0.0423790857996653 -0.0266623337989114 -0.0148753555836218 -0.0211700421523725 -0.0211541009789079 -0.0403363512522951 -0.0386902374320832 -0.0507599276369693 -0.0784741646624801 -0.0933545559574949 -0.102704528939536 -0.110944510994158 -0.112702226169741 -0.105616893624951 -0.0954764833735473 -0.0676801478189833 -0.0187270443208043 0.0182113701865787 0.0556502521962454 0.0790308008222967 0.0728392030948183 0.0749249431128921 0.0627320684084599 0.0610554900386475 0.0485338688528541 0.0342194390288815 0.0172498180316605 0.00982204587507217 0.00168576811737089 -0.0178944081157655 -0.0227972227203726 -0.0298400780177757 -0.0341613244257218 -0.0322157676235312 -0.0305232433717781 -0.0121322454483167 0.00972852070668649 0.0230822525898448 0.042782359422197 0.0394187612547687 0.0392440189760336 0.0277153174767982 0.0205748860848417 0.0106390101265697 0.0187042976464464
-0.0916865468948274 -0.0604387455408313 -0.0591896940605737 -0.0645206654171215 -0.0490794766039566 -0.0288065383468603 0.00101540313860275 -0.0122584236198081 -0.00442507044500653 -0.0145607825456601 -0.0408070822710422 -0.0512330483273003 -0.0394705011687152 -0.0665682959136789 -0.06563205182924 -0.0854232957530892 -0.0915696736900812 -0.100291635963084 -0.0870869451301332 -0.0692043210372024 -0.059041129528597 -0.00812361100732466 0.039411772053693 0.0806641242165498 0.108381402872565 0.113792717183802 0.0934405837459315 0.0685086037822323 0.0679600870705537 0.0613859060828099 0.0484495398400993 0.0359552884304658 0.0175584575644145 0.00463203146578575 -0.00958737433634662 -0.0207239740701275 -0.0324783431309263 -0.0282420831233164 -0.0305376449860777 -0.0346867039248073 -0.00871306210700917 0.00563311930609424 0.0185743136747484 0.0291849723234551 0.0319020381134989 0.0384505843771974 0.035175487460666 0.0291399812644538 0.0260784439028356 0.0200163426373738
-0.0909947825994583 -0.0690292106301248 -0.0632713139723191 -0.0716681290909932 -0.0406680684216642 -0.0162471628076418 0.0154639479126618 0.0123879151156513 -0.00493144964003532 -0.0212058337527633 -0.0298122696087336 -0.0369351748063447 -0.0349193023793724 -0.0568390743859222 -0.0668587241768563 -0.0660614595232238 -0.0603928071005961 -0.0620078553820786 -0.0575973706866594 -0.0501068328391772 -0.0373234453583706 -0.000144556277611556 0.0575579590589321 0.0893186409562925 0.134144375088808 0.115126148138073 0.111223076032377 0.088895253250699 0.0818934081269855 0.0857269448534699 0.0692489061655155 0.0461637574994438 0.0207088829629449 0.0052783196387014 -0.0111606378945267 -0.0217025784881234 -0.0398120277324523 -0.0463887382781159 -0.0318797475529393 -0.0204969919588627 -0.011060846885387 0.0101026210462172 0.0152931730210699 0.0334027793118409 0.0256812933244911 0.0399742772475705 0.0274573701161411 0.0263560371691994 0.0228915637259478 0.0185792296510298
