data/pcas/pcas_can_126/pca_referenceLayers_can_126/PC13.asc
NCOLS 494 
NROWS 529 
XLLCORNER -117.166666666667 
YLLCORNER -55.5 
CELLSIZE 0.166666666666667 
NODATA_value -3.4e+38 
[rows 264 to 285 of 529, columns 250 to 299 of 494]
-0.0585008201675147 -0.0551975736423607 -0.0585138340322631 -0.0535671925736287 -0.0744926664736996 -0.11996972541979 -0.120191977980839 -0.128363111674623 -0.107200121077497 -0.0502328685041087 -0.0761477928004611 -0.126975374603758 -0.139527662103275 -0.158181994335937 -0.156956702131136 -0.143503484938521 -0.150541910752729 -0.142681686319955 -0.140575152698493 -0.157005003266931 -0.158833962743689 -0.166306299931085 -0.150710332144888 -0.150410733449851 -0.145584222432861 -0.138821756747216 -0.130931466681307 -0.124139902403542 -0.106766137002948 -0.0920994369077046 -0.0577602484073872 -0.040827996595154 -0.0151580413737305 0.0110979667384696 0.0340797358728526 0.0493313210063364 0.0300879192030423 -0.011219919117284 -0.0353135290081934 -0.0469764652827686 -0.0679178175346534 -0.0740383253192244 -0.0768529869222219 -0.0732718822015569 -0.0622460520307407 -0.0568947049451864 -0.0443111408950798 -0.0312617202964004 -0.0278791521946056 -0.0224651845762578
-0.0705957159748628 -0.0560179087370282 -0.058093197003221 -0.0507897402115332 -0.0474571436921842 -0.0323435716925718 -0.107097304940694 -0.121220067091738 -0.135954926595785 -0.0667414847229017 -0.0115319313397641 -0.0609364222236813 -0.119448024515409 -0.138267224960861 -0.147171242101815 -0.153104601987231 -0.144748673088817 -0.139594256178588 -0.15556726122468 -0.153397953600844 -0.153933946174545 -0.153679223423982 -0.153545798361079 -0.154906766459381 -0.157479406765831 -0.156775203572423 -0.15023684359901 -0.141537452026144 -0.1205754906136 -0.0936875489212053 -0.0703521771852419 -0.0533722371043647 -0.0312507824560038 -0.0157921253232096 0.0107754740663077 0.0212383811956799 0.00614917315040575 -0.0217527426930355 -0.0377452967469322 -0.0456422551722804 -0.0701184530729176 -0.0730195032405265 -0.0844643612083908 -0.0764902372253539 -0.0677116036538589 -0.0553683713040189 -0.041859056302709 -0.0345732953008058 -0.015233866924198 -0.0135823753705952
-0.0544780941782144 -0.0760595444849374 -0.0488537043412254 -0.0437583468313178 -0.0213499505809975 -0.0210791422897537 -0.0420518215218285 -0.0972977277280715 -0.133941845454337 -0.0946241038623434 -0.0659170726552143 -0.0397565939696615 -0.0983065164507894 -0.133136203066947 -0.133378163944572 -0.150788466219681 -0.157379325224994 -0.172832469811247 -0.168704320030017 -0.14854905009553 -0.153890618098166 -0.156133966837043 -0.157308946881649 -0.150213718260456 -0.155642221321415 -0.157742068713366 -0.154762909097858 -0.151546477981547 -0.135216520338343 -0.100365199371409 -0.0886639239675608 -0.071615693525751 -0.0625235359249563 -0.0303700651307001 -0.0130296746566428 -0.0139008721429004 -0.0163204318369672 -0.0271332990815425 -0.0509751596899316 -0.0636236010565519 -0.0774695804057036 -0.0824080209418923 -0.0874557018143556 -0.0765659519033978 -0.0629716586043211 -0.0580689221319529 -0.047477104022911 -0.0354918699187504 -0.0197996196797272 -0.00528063932327602
-0.047610028127774 -0.0529828115326297 -0.06410154744036 -0.033676060866521 -0.0064681931010225 -0.00481392952526359 -0.0101318642313889 -0.0853770087645509 -0.126346583654059 -0.111057639285976 -0.0594840602649388 -0.0439911824166633 -0.0694695745215763 -0.111308281551741 -0.135498763119151 -0.150141575837715 -0.147291021345844 -0.163296885492777 -0.158888955278522 -0.176009942881058 -0.166161525184426 -0.165663684567255 -0.174911788102587 -0.171780156370769 -0.176773269879426 -0.171070500439003 -0.162056024902643 -0.153493723694928 -0.140772712804681 -0.126826392256083 -0.101092431594084 -0.0863464105280019 -0.0748714006397999 -0.0720921741276565 -0.0568870505303714 -0.0591991698191855 -0.0583803944535727 -0.0575403781641255 -0.0665013107905876 -0.0741944182967806 -0.090989875705185 -0.0939242598981267 -0.0935754179841411 -0.0817562663158775 -0.0790909291985119 -0.0536332975000591 -0.0546832114852099 -0.0396133002198552 -0.0254426498517318 -0.0101096016559673
-0.0511186403445326 -0.0188839123336628 -0.0310076758544173 -0.0310920338367461 0.005730969990949 0.00020107147255098 -0.00757585377079615 -0.029938974626696 -0.115510984167327 -0.0749491640410352 -0.0576902361628861 -0.0578051358540754 -0.0628053292312148 -0.0942378633797339 -0.126178165722005 -0.128605481172414 -0.137176341677197 -0.140197319130913 -0.144406387356399 -0.154599424101536 -0.174385020150632 -0.208553192841517 -0.189511085699498 -0.195724864332886 -0.181818722935362 -0.190735110121729 -0.191042537113862 -0.177832765585268 -0.156643854812328 -0.158438417319216 -0.131245696471447 -0.127391810825715 -0.112642878267223 -0.110369138022527 -0.0921018991137628 -0.0834291430636898 -0.0884377326153648 -0.101417641320033 -0.0978130484759868 -0.0970998412028902 -0.103657424201206 -0.107403180967584 -0.100416329556768 -0.0953348680722538 -0.0785956475731893 -0.0665169330611128 -0.0604429826563081 -0.0500098471099856 -0.0160390282532308 -0.00702003918924229
-0.0509501802599835 -0.0391590892448359 -0.0312386389868648 -0.0163399502662366 -0.0034605454091742 -0.0126367318433001 0.000198099068493827 -0.0386957643394611 -0.0875733667986275 -0.0871321083879222 -0.0580153780490569 -0.0422659182989217 -0.0569448788183448 -0.095037390504766 -0.132015141194204 -0.128141841942877 -0.132388488760579 -0.1420725747852 -0.150859843601442 -0.122593902547157 -0.11429945985921 -0.175378237747659 -0.225705388905961 -0.191755166886905 -0.156183743883285 -0.161187239468876 -0.162730594645385 -0.180361568320727 -0.182130072637442 -0.187043306582962 -0.177215454230085 -0.167924032519878 -0.151601717259115 -0.128785353682886 -0.125925029815759 -0.134650153998696 -0.138567489503121 -0.12283104978505 -0.129180351087969 -0.126686102893189 -0.123712732650289 -0.115342532254704 -0.11293086566591 -0.102830005403623 -0.0878547303208508 -0.0721741621190831 -0.0602417140266849 -0.0463739263370619 -0.0363023376472055 -0.0229826015273504
-0.0508242801460769 -0.030030718706672 -0.0326229101155304 -0.0215296502340895 -0.0147608291778101 0.000822301485124547 0.00666014990274639 -0.0206482336748381 -0.0581386499509549 -0.0849811009245467 -0.0540064255067722 -0.02604871107125 -0.0636785312803071 -0.0861629040641855 -0.116782775102263 -0.111369692798301 -0.130268527174665 -0.138763136965635 -0.117065490930588 -0.0568153059467996 -0.0211727939947577 -0.101892137610089 -0.188627195223813 -0.215573812978016 -0.174820571152594 -0.135569027929527 -0.149309610195254 -0.161060805504494 -0.181755334567686 -0.199096487451102 -0.21898694164769 -0.216343028829903 -0.215119391581946 -0.18864273974864 -0.168683271529268 -0.173443113403564 -0.172630206228981 -0.166429056026654 -0.154276172363981 -0.153123446115114 -0.140287431250217 -0.127227551915762 -0.118314360533059 -0.107140729861097 -0.0948793671916054 -0.0807386585574807 -0.074567003467977 -0.0669532927439 -0.0386213473480105 -0.0253531027746517
-0.064119433250705 -0.0435634557291738 -0.0444850760054251 -0.0367495326422732 -0.0281921946350957 -0.0122934097261881 -0.00774629014727086 0.0018603206766788 -0.0118602158199304 -0.0612598163284247 -0.0746350708038231 -0.0486686687186222 -0.0682365296611247 -0.0946868047769195 -0.0878100145586384 -0.113104344539463 -0.123590439053415 -0.121812579707922 -0.103347593677214 -0.0767219876082088 -0.0319176810507498 -0.0699171089857821 -0.193669758951614 -0.210541947454469 -0.198756768868865 -0.145957883711355 -0.143066329765844 -0.158652756913968 -0.166823733386932 -0.190350004132611 -0.213165015287222 -0.215908560208924 -0.207825041936061 -0.218037439324193 -0.204660218086311 -0.176210185658306 -0.159833982922903 -0.167919480607411 -0.155450512240535 -0.15205220640977 -0.144020778970005 -0.131484049957455 -0.11722430176473 -0.102999147400827 -0.0893976563725675 -0.0800068848514458 -0.0694437225322672 -0.0665483770116372 -0.0464228583165747 -0.033992985546419
-0.0539022388264402 -0.0508583472278183 -0.0606540195216698 -0.0424647351535084 -0.0322057893789812 -0.00958488754856459 -0.0266276877544744 -0.00892456081753584 0.00268456723900545 -0.0545456548934233 -0.0809637017710141 -0.074527649584853 -0.11108647070706 -0.118577664321116 -0.126699245837294 -0.138726143233444 -0.127586412750034 -0.123417466779763 -0.11443054629885 -0.102121456279088 -0.0427516663683716 -0.00589637438568161 -0.169937152582738 -0.193763560106121 -0.179307697918748 -0.163630739137635 -0.143932703836681 -0.145966996440331 -0.153889996011548 -0.161052042117092 -0.185067795723624 -0.211273047296556 -0.213060636322831 -0.208846429493117 -0.209899733162525 -0.185653102030733 -0.176111445788942 -0.166903422675779 -0.147238852431147 -0.136377020463173 -0.13814322578523 -0.131167021411823 -0.108134755674103 -0.0963075012161241 -0.0828148693078615 -0.0845280225845713 -0.0740329648447217 -0.0697741938424329 -0.0524233568024387 -0.0436979096258747
-0.0442761289181012 -0.0317891850361768 -0.0320172552740461 -0.0402157237432232 -0.0264264458344538 -0.0281918074680009 -0.044600439963168 -0.0434298304505206 0.00491309571199548 -0.00583329980817157 -0.0396161336353866 -0.0935634694466247 -0.0882798750156591 -0.100777483065848 -0.0923668318566472 -0.0600264456427986 -0.107875917718266 -0.087208059687854 -0.0863278900079431 -0.0035588556498491 -0.00127811983810587 0.0221864456045383 -0.0164790319438303 -0.196788430851907 -0.173579127769307 -0.19532431558035 -0.193822958003873 -0.156524875423269 -0.139311855126876 -0.140941261931675 -0.184542635421205 -0.213421754889763 -0.207321768963678 -0.209692910891872 -0.210512754653524 -0.186428872745337 -0.173454574958496 -0.168198877007924 -0.145283937493758 -0.14082325287777 -0.129595874621262 -0.132942894097402 -0.115596090936257 -0.101859437286039 -0.0856792633513359 -0.0771006898250341 -0.0660750067652392 -0.057386302418601 -0.0565098850565995 -0.0328652359297412
-0.0242675084243338 -0.0215997370551758 -0.0191970723960131 -0.0209525879986708 -0.0326656302828066 -0.0161612621616166 -0.0411429630742505 -0.063608988683171 -0.024664628474728 -0.0349279380826929 -0.0324918075170587 -0.0763240409701182 -0.1167454809787 -0.0918052621542947 -0.0432313224751782 -0.04006150182531 -0.0688762501742814 -0.103978539040677 -0.0252964718746195 0.0252794990116745 0.0470249575096745 0.0546164591764535 0.0571504806450238 -0.0670459590642055 -0.155451000381417 -0.167726611279658 -0.200903471749317 -0.190689237305059 -0.143996068103369 -0.157985424031875 -0.1984764608809 -0.21930932767815 -0.23722713426388 -0.23302826093191 -0.222451532786603 -0.208186161839284 -0.187791636654758 -0.161867407733356 -0.148679859017307 -0.130657948170496 -0.121982549920165 -0.118911832757469 -0.11702037788243 -0.104007193344151 -0.0776687788625634 -0.0654429823552583 -0.0556472036564936 -0.0455447217010556 -0.0399334155675711 -0.0267804806658513
-0.0746399444165469 -0.0152047637036996 -0.00373796469627797 -0.0154311801666969 -0.0132184109797719 -0.0230655432662459 -0.0376088977870787 -0.0488951664953628 -0.0489171377667348 -0.0452947875256109 -0.0751716678313768 -0.0533520869780204 -0.0857957808072853 -0.0737546002101053 -0.0119210483809965 -0.0270405923274266 -0.00624415503293127 -0.0634073289641765 -0.0129520936414364 0.0226096622828708 0.0248395356154407 0.0383757633356575 0.0659267235003442 0.0711301277321844 0.0476943445424433 -0.00550344425867195 -0.070273275885903 -0.195075725055336 -0.130020268654039 -0.126423438416992 -0.119692143593592 -0.153186496769209 -0.165143195351388 -0.198767517379591 -0.243424367351112 -0.218723928405625 -0.211453346387602 -0.175724829074392 -0.144849674897136 -0.135803779758337 -0.115520442656323 -0.118411591078279 -0.112307604237543 -0.105183862200108 -0.0855221246890377 -0.0630462124731009 -0.0524573130240376 -0.03787165983035 -0.0301878823841695 -0.0166269069101164
-0.0747483595673513 -0.0651107074054211 -0.0155364217474842 -0.0422640903036895 -0.0331600115728487 -0.0407532119273163 -0.0468492349995845 -0.0576475306257078 -0.0457888386833663 -0.0661949487391608 -0.0720544388824113 -0.0820876593213585 -0.0800835531840488 -0.094188030461414 -0.104080269306336 -0.0937317510481 -0.0718117124049473 -0.022293634583783 -0.0139476842168447 0.0336855107652324 0.0494315736201986 0.0554450473774802 0.0612475246803523 0.090588530887446 0.0745244961725686 0.079348006882333 0.0857708037082736 -0.0526684775514596 -0.0907768994950375 -0.142417663622179 -0.142035040827256 -0.123330637070838 -0.133003648290038 -0.147221656546743 -0.17422977560548 -0.216437468210591 -0.228596037900334 -0.199229738033145 -0.17529120541409 -0.15040133387726 -0.133641226881221 -0.117642248548822 -0.110229128097342 -0.104327560767285 -0.0917357104587747 -0.0828885095113717 -0.0585674424804533 -0.0514143129569804 -0.0387287955006079 -0.0265548466359492
-0.0617369411409322 -0.100882791968935 -0.0475897213978347 -0.065907992297179 -0.0599511407296607 -0.0658581346047058 -0.0793443715050478 -0.0711459568477001 -0.0754357316239513 -0.0608302366529735 -0.0951578479221041 -0.0335562952749681 -0.0815136696748096 -0.0809202098909241 -0.0856164509464499 -0.0798396780775991 -0.0464059408089715 -0.0798597083146469 -0.0345519434434818 0.0266956101042646 0.0488127467805642 0.0620362287489854 0.0723873774493023 0.0759682105947415 0.0929648042056165 0.0725445134965811 0.0768647060243685 0.0966838133640187 0.090042625933654 0.10555602281176 -0.081939947901265 -0.158380310476436 -0.143165495012982 -0.15218724194571 -0.164743253053577 -0.185013114395044 -0.186686259969495 -0.214045745045374 -0.19071509316515 -0.166843778763181 -0.146034643570826 -0.130963247446937 -0.116914924772246 -0.0978805270974489 -0.0899939872511002 -0.0859998804650709 -0.0777890020029109 -0.0668134471197465 -0.053702566211954 -0.0375764637195546
-0.046740486667369 -0.0803263594830838 -0.0806409868116419 -0.0679415012489132 -0.0546175189803185 -0.0502492537312241 -0.08200713466469 -0.0831188267672356 -0.0822832438140851 -0.0873282532039121 -0.110584690389599 -0.0692888885990589 -0.0323821968302045 -0.0117675676747975 -0.0180480899650262 -0.097304015370854 -0.0162464038466033 -0.00922032916001219 -0.0248668260194029 0.00339222592150164 0.0268696515960622 0.0526907850251954 0.0554236231015837 0.0812765438547219 0.0831979835732425 0.0644253095778236 0.0330394336688653 0.0562890850945649 0.0642497291007934 0.0944109580889623 0.111737873683327 0.104849040390437 0.0510691882977887 -0.0957518477801615 -0.16179406803426 -0.143331244316246 -0.147341203752129 -0.153944593750409 -0.188819796949664 -0.16921398649252 -0.154711327333492 -0.134229895862141 -0.112475139353265 -0.0962671623286117 -0.0784066839180417 -0.0769528163680779 -0.0694279703581967 -0.0623012161592512 -0.0540337586629621 -0.042716456806357
-0.0163188149002381 -0.0780165195286918 -0.0877431143520043 -0.0901633503420668 -0.0607715311494711 -0.0625909840866935 -0.0776764883846109 -0.0778063978213969 -0.0363191020129988 -0.103272523868525 -0.091908847624909 -0.0527232193980073 -0.0182729765128818 -0.045041800998513 -0.0949028381115257 -0.0593812016363863 -0.0179982512734073 -0.0124363828193701 0.0044965588017313 0.0205236217986252 0.0323128561239208 0.047943742431276 0.0613389325984079 0.0604093301494484 0.0658881201537753 0.0676291657787333 0.0661995116335817 0.0666991988567513 0.0642686500112094 0.101367325789292 0.0745964890746228 0.0963801793660519 0.0992750122880538 0.0977362835333861 -0.024412267151734 -0.111036067410023 -0.118040796145088 -0.0829204168413316 -0.133038175054882 -0.137513783698224 -0.125234419062143 -0.125024694859345 -0.11647949739909 -0.0916660697366531 -0.0714201096765207 -0.0545488298018335 -0.0529737480037617 -0.0407163847774345 -0.0495875752420611 -0.0565725972616183
-0.0588979014677129 -0.0475441278821276 -0.0636936493196366 -0.0882715089345446 -0.0649241557354303 -0.06160199209558 -0.0584518672392544 -0.0570478117147764 -0.0531765694159122 -0.0932532399126517 -0.0402787423057588 -0.0577563109646171 -0.0351958705261608 -0.0910974226083066 -0.0476802508330316 -0.0264349032278114 -0.0249628494220903 -0.00893413485159259 0.000727180864503393 0.0312699696154837 0.026782440098377 0.0393364335154626 0.055154760026095 0.0593142140981661 0.0723886394981237 0.0675575201710168 0.0747963002384436 0.0760657710865689 0.0706962643026822 0.0839730230240855 0.0965292987409965 0.0831008746485352 0.0824919587703988 0.0894126739224684 0.0829313716802392 0.0747857085509161 -0.0303183528017857 -0.0648566400140755 -0.0903227016542829 -0.109400043445962 -0.0880927796323963 -0.0854740563921225 -0.10573489555009 -0.0881695932071068 -0.0688026374849984 -0.0638975782859939 -0.046298798712837 -0.0327177160475141 -0.0314800204075582 -0.0479308417056027
-0.0664777917856307 -0.0466270610370493 -0.0670182895355973 -0.0789889528809663 -0.0918946092078816 -0.0664210547717636 -0.0588334508129278 -0.0407479575734611 -0.0670396873209703 -0.081148299585892 -0.0387785703222008 -0.0261064040564857 -0.0356546665937433 -0.0581667888560164 -0.0534809686272587 -0.0392476014398325 -0.0138683452261917 -0.00958361435119226 -0.0156929692846924 0.0186943995463204 0.0460265492860293 0.0420272403150917 0.0513243193325181 0.0660603298660658 0.0816778562273567 0.0804443510844436 0.0832845238664389 0.0678826076657172 0.0755520225022407 0.0881325593425259 0.096635021125835 0.0948022752360174 0.0953845851316726 0.075890229537564 0.0793693466557158 0.0983990353161319 0.0575357634226476 -0.0139828622880223 -0.0617789231396685 -0.0289232906485439 -0.0768347493374906 -0.0799389957894382 -0.0819282783150226 -0.0812087145280617 -0.0670031581494364 -0.0502645003943851 -0.0352073314272139 -0.0194836913995637 -0.0190245384896169 -0.0317656304842696
-0.075451929890042 -0.0651451046182238 -0.0696438932661197 -0.0677147315745552 -0.0869243119087574 -0.0981487005359575 -0.0602224868043577 -0.04851091684162 -0.0427979928515717 -0.0584292465341707 -0.0366751491776089 -0.0408675675255899 -0.0435558119911934 -0.0488358421904883 -0.0387299453220857 -0.035374356084508 -0.0261977776708137 -0.0193945440515264 -0.0134000329601106 0.00406696942950343 0.0331756059276054 0.0521126063933899 0.0402033879679124 0.04995871201332 0.0683977699632656 0.072803715441218 0.0523828706119376 0.0523029815788238 0.0940552377357294 0.100686669952118 0.0881841941760174 0.0913082515907566 0.100363226343895 0.0981716237854868 0.0865421276644113 0.0975778744258222 0.0916064061352005 0.0730847973913587 0.0210782865784232 -9.38528813846321e-05 -0.0565419568758589 -0.0806489633482621 -0.0498854152308311 -0.0438922335160913 -0.0686473622469768 -0.0401135641498193 -0.0376266551455212 -0.0232500612262157 -0.0100102531786987 -0.0283193215116423
-0.074984229668795 -0.0589990446164726 -0.0630195355733505 -0.0712721498239918 -0.0699012736852033 -0.0890846492584599 -0.072715626152626 -0.0668990709632609 -0.0515410121568241 -0.0639432850218524 -0.0305175929633541 -0.0384751075542153 -0.0370875009007981 -0.0395615676477077 -0.0458369783837065 -0.0405801293416357 -0.0616938561230788 -0.0564373943017002 -0.0403246180688801 -0.00947969566775545 0.0141561234652888 0.0269633335862206 -0.00248038422469234 0.0151276824623974 0.0894977503617026 0.0570563190257586 0.055645124843283 0.0673986268246177 0.0833778088425248 0.106521800601226 0.106921787534999 0.0847399431362584 0.0765885197444405 0.0868572015377473 0.0929624917010486 0.0961669666944991 0.0698672587061445 0.073321248005786 0.0732225308493101 -0.0190910733801266 -0.0423325806633688 -0.0370749162509724 -0.0399185483281947 -0.0322534795273864 -0.0546379125609018 -0.0470612239116803 -0.0218908774438925 -0.0111682854120707 -0.0307464742847466 -0.0392439434814173
-0.0676696258420754 -0.0716901811297618 -0.0608612124763902 -0.0617098572875098 -0.0658574485570769 -0.063937904783159 -0.0702487144669137 -0.0695108027572198 -0.0723144345900619 -0.0528481600473489 -0.0601403662607215 -0.0311644671129554 -0.0323652623970415 -0.05182913096095 -0.0584921586012005 -0.0592524949917338 -0.0611936861109034 -0.0518806562284321 -0.0587221731380686 -0.0525700029242113 -0.0354502164640393 -0.0199565336576972 -0.00650242225159395 0.0457460067402952 0.0812161439545938 0.0891856361392647 0.0592391973007697 0.0806822711714151 0.115902532627403 0.0985817209621439 0.104855580377794 0.108107384374157 0.0931513223280314 0.0917606237079225 0.0681595800538434 0.0674488419550946 0.0679116729307772 0.052669532890991 0.0731018995043695 0.0308303290747381 -0.0270581464486038 -0.0474678534786496 -0.035828322175172 -0.0215062041406395 -0.0473262451957321 -0.0392719504519032 -0.0320142682159952 -0.0224880482267319 -0.0367639721379257 -0.0486300440115334
-0.0684232385820809 -0.0578666945122151 -0.0686580206160518 -0.0608235935490445 -0.0624795478593814 -0.058684774169729 -0.0556648395259885 -0.0733305111688318 -0.0703023005426978 -0.053699382473804 -0.0591857105096242 -0.0428346969993317 -0.0339051399912719 -0.0577641108833926 -0.0425970409247608 -0.0543057365538589 -0.0506909930425914 -0.0608629495268008 -0.0553177492879763 -0.0550981301346053 -0.0402539357187829 -0.0199444843632077 -0.0103620712168847 0.0350429860371319 0.0604342965717347 0.087800930223417 0.0777936805301119 0.0677888911198913 0.101896511857616 0.114261605042106 0.11705589625509 0.0965635988724949 0.0966210545472237 0.0844622869436395 0.0901367816938538 0.0648733089885795 0.0716865698843164 0.0721710770588111 0.0525793006700018 0.077122056931906 0.00558058509066982 -0.0523796367502091 -0.0448176119189093 -0.0444360015870162 -0.028544824885637 -0.027645577412891 -0.0329370628854867 -0.0374120212412841 -0.0331465573441962 -0.0483037447386866
