data/pcas/pcas_can_126/pca_referenceLayers_can_126/PC14.asc
NCOLS 494 
NROWS 529 
XLLCORNER -117.166666666667 
YLLCORNER -55.5 
CELLSIZE 0.166666666666667 
NODATA_value -3.4e+38 
[rows 374 to 395 of 529, columns 250 to 299 of 494]
-3.4e+38 -3.4e+38 -3.4e+38 -3.4e+38 -3.4e+38 -3.4e+38 -3.4e+38 -3.4e+38 -3.4e+38 -3.4e+38 -3.4e+38 -3.4e+38 -3.4e+38 -3.4e+38 -3.4e+38 -3.4e+38 -3.4e+38 -3.4e+38 -3.4e+38 -3.4e+38 -3.4e+38 -3.4e+38 -3.4e+38 -3.4e+38 -3.4e+38 -0.0158965420846521 -0.0130414509904876 -0.00401003349220245 -0.00916864811157485 -0.0451745088745315 -0.0580634429634174 -0.0726664849797224 -0.0731737073472313 -0.0548255976494926 -0.0512984006867542 -0.0670750161254753 0.0055757488407391 -0.00904645043542994 -0.00826071043480463 -0.00507641771726835 -0.00906478890112028 -0.0114497546031224 -0.0101307676667242 0.00959796007493592 0.0136323964807099 0.0235633075432645 0.0339014390993263 0.0358765320299821 0.033859453547604 0.0229471030989007
-3.4e+38 -3.4e+38 -3.4e+38 -3.4e+38 -3.4e+38 -3.4e+38 -3.4e+38 -3.4e+38 -3.4e+38 -3.4e+38 -3.4e+38 -3.4e+38 -3.4e+38 -3.4e+38 -3.4e+38 -3.4e+38 -3.4e+38 -3.4e+38 -3.4e+38 -3.4e+38 -3.4e+38 -3.4e+38 -3.4e+38 -3.4e+38 -3.4e+38 -3.4e+38 -0.022101269666926 -0.00956220667272991 -0.00946712760518882 -0.0308409453632662 -0.0618830336056775 -0.0610242378998648 -0.0657924889542764 -0.0748660448021058 -0.0569700357893328 -0.0714418087116486 -0.000151708920638295 -0.0139117253634106 -0.00412174775616692 0.000456492451709499 -0.0065451604260798 -0.0151610008380523 -0.0190701690881383 4.84356240052434e-05 0.0167743738455368 0.024596728309399 0.0311162924698248 0.0409589519731359 0.0290261492474169 0.031506576109468
-3.4e+38 -3.4e+38 -3.4e+38 -3.4e+38 -3.4e+38 -3.4e+38 -3.4e+38 -3.4e+38 -3.4e+38 -3.4e+38 -3.4e+38 -3.4e+38 -3.4e+38 -3.4e+38 -3.4e+38 -3.4e+38 -3.4e+38 -3.4e+38 -3.4e+38 -3.4e+38 -3.4e+38 -3.4e+38 -3.4e+38 -3.4e+38 -3.4e+38 -0.0166882822447089 -0.00194942123666337 -0.00329636553645845 -0.0128280165941175 -0.0361459583093028 -0.0528320621236442 -0.0732002843634198 -0.066417695847958 -0.063690757427387 -0.0661687122591814 0.00621518935783702 -0.0151578530288737 -0.0241900157556654 -0.0143183694279235 -0.00703789593511092 -0.0398065039461897 -0.0244881532808985 -0.0259017838654354 -0.0126456936481878 0.0169341506285959 0.0182011381340257 0.0232321425287489 0.0422916007320994 0.0382684521841799 0.0280295322548582
-3.4e+38 -3.4e+38 -3.4e+38 -3.4e+38 -3.4e+38 -3.4e+38 -3.4e+38 -3.4e+38 -3.4e+38 -3.4e+38 -3.4e+38 -3.4e+38 -3.4e+38 -3.4e+38 -3.4e+38 -3.4e+38 -3.4e+38 -3.4e+38 -3.4e+38 -3.4e+38 -3.4e+38 -3.4e+38 -3.4e+38 -3.4e+38 -0.00730928481961537 0.00485417110381221 0.00728500878849771 -0.000692047095526297 -0.0111359733942709 -0.0423926280178996 -0.0594828801956119 -0.0542988786553002 -0.050972027025071 -0.073488498921022 -0.0766551911460357 -0.00505991390353795 -0.0210618437883243 -0.0257589885813479 -0.0231370925616309 -0.0111463403004149 -0.040190682048284 -0.0339595553044369 -0.0251135986838617 -0.000612854700147805 0.000738821390488495 0.0213586443860946 0.0242055017590025 0.0231385294118076 0.025624970680702 0.0337450569620444
-3.4e+38 -3.4e+38 -3.4e+38 -3.4e+38 -3.4e+38 -3.4e+38 -3.4e+38 -3.4e+38 -3.4e+38 -3.4e+38 -3.4e+38 -3.4e+38 -3.4e+38 -3.4e+38 -3.4e+38 -3.4e+38 -3.4e+38 -3.4e+38 -3.4e+38 -3.4e+38 -3.4e+38 -3.4e+38 -3.4e+38 0.0201398368597166 0.00335362848935462 0.00462475646272024 0.00489852020030627 -0.00568837493281116 -0.00573443954117917 -0.0354401611334933 -0.049285208952797 -0.0548918595472443 -0.0473280369700584 -0.047587110211661 -0.0905908605390984 -0.0182367290480027 -0.0325083728343433 -0.0304945587306367 -0.0226202307345684 -0.0167070291296506 -0.0337975141423685 -0.0201645968985888 -0.0191300414912413 -0.0189378545993472 -0.0120249952981965 0.0174034781811167 0.0172489518972642 0.0174399947426386 0.0260034503949619 0.0265072458436904
-3.4e+38 -3.4e+38 -3.4e+38 -3.4e+38 -3.4e+38 -3.4e+38 -3.4e+38 -3.4e+38 -3.4e+38 -3.4e+38 -3.4e+38 -3.4e+38 -3.4e+38 -3.4e+38 -3.4e+38 -3.4e+38 -3.4e+38 -3.4e+38 -3.4e+38 -3.4e+38 -3.4e+38 -3.4e+38 -3.4e+38 0.0312921418688289 0.0149460491178941 0.00589760243666711 0.00139034001150657 -0.00810769974531895 -0.013879979002393 -0.0265877704869268 -0.048251229940383 -0.0385865459732715 -0.0316198247190392 -0.0615667809234554 -0.0651505439480078 -0.092475483029044 -0.0341133948477536 -0.0297874873934336 -0.0139714462466537 -0.00211727896440373 -0.024758776893235 -0.0196944061103039 -0.00845847152174286 -0.0103776137727097 0.00475628877032009 0.0107448051731483 0.0204661260434951 0.00373792255958932 0.0287741607491157 0.0455806484583978
-3.4e+38 -3.4e+38 -3.4e+38 -3.4e+38 -3.4e+38 -3.4e+38 -3.4e+38 -3.4e+38 -3.4e+38 -3.4e+38 -3.4e+38 -3.4e+38 -3.4e+38 -3.4e+38 -3.4e+38 -3.4e+38 -3.4e+38 -3.4e+38 -3.4e+38 -3.4e+38 -3.4e+38 -3.4e+38 -3.4e+38 0.0360770698046802 0.0230115840934811 0.00925572037221503 0.0121054680149331 0.00247047168807836 -0.0207593130837216 -0.0117798550144144 -0.0437205635153782 -0.0379717039888049 -0.0403629858800541 -0.0532609637110558 -0.0789962594650416 -0.0873277759194063 -0.0211829288858664 -0.0258273911607995 -0.0171061810939765 -0.019150708098055 -0.0131795545501639 -0.0193915407081863 -0.000138512980187956 -0.00325032367156578 0.0031187945462298 -0.00107873653736974 0.0296577058994126 0.0176490892876148 0.0288504310546273 0.045186485442632
-3.4e+38 -3.4e+38 -3.4e+38 -3.4e+38 -3.4e+38 -3.4e+38 -3.4e+38 -3.4e+38 -3.4e+38 -3.4e+38 -3.4e+38 -3.4e+38 -3.4e+38 -3.4e+38 -3.4e+38 -3.4e+38 -3.4e+38 -3.4e+38 -3.4e+38 -3.4e+38 -3.4e+38 -3.4e+38 -3.4e+38 0.0299795917008116 0.0242179630592216 0.0209162620119839 0.0131080769658197 -0.000699531829841173 -0.0107706151542274 -0.0131231682930761 -0.0334056222300178 -0.0155926462251264 -0.0274239915696332 -0.0592895525320941 -0.0873033940608674 0.00831860825357603 -0.0123245452586945 -0.0138374726399619 -0.0226288887353428 -0.0242904227853129 -0.0151752736978854 -0.00840166800231898 0.00313061238535264 -0.00252044868467086 0.0217053166292023 0.0330378355566946 0.0393639934103363 0.0349328613330943 0.0302513422799463 0.044424209999069
-3.4e+38 -3.4e+38 -3.4e+38 -3.4e+38 -3.4e+38 -3.4e+38 -3.4e+38 -3.4e+38 -3.4e+38 -3.4e+38 -3.4e+38 -3.4e+38 -3.4e+38 -3.4e+38 -3.4e+38 -3.4e+38 -3.4e+38 -3.4e+38 -3.4e+38 -3.4e+38 -3.4e+38 -3.4e+38 -3.4e+38 0.0244562435740669 0.0385210753274854 0.0243022153501695 0.0192330051723302 0.00301850543313501 -0.00831113285071588 -0.0106479555373183 -0.0123590148006274 -0.0289910878404215 -0.039172119260281 -0.0582005018543338 -0.0677874017584441 0.00313097507222136 -0.0100221808517546 -0.0204933339527015 -0.014108158594514 -0.021133876016348 -0.0201413496781409 -0.000150584902383384 0.00164111562963972 0.01779644695397 0.0253162089473187 0.0082263106889157 0.03230235302071 0.0458715123924899 0.0246330387767254 0.0456437662372517
-3.4e+38 -3.4e+38 -3.4e+38 -3.4e+38 -3.4e+38 -3.4e+38 -3.4e+38 -3.4e+38 -3.4e+38 -3.4e+38 -3.4e+38 -3.4e+38 -3.4e+38 -3.4e+38 -3.4e+38 -3.4e+38 -3.4e+38 -3.4e+38 -3.4e+38 -3.4e+38 -3.4e+38 -3.4e+38 -3.4e+38 0.027252043948234 0.0353048580258838 0.03411809482632 0.018414755720052 0.0127377961393864 -0.00921142413745714 0.00509318127373907 0.00284914860174326 -0.0313378005061267 -0.033784978241413 -0.0464039842886826 -0.0746989990183754 0.00822807453977428 -0.00743505212627244 0.00375802092647096 0.0045007841250317 -0.0153546744771037 -0.00282072600090863 -0.00090622628782659 0.0229764798819752 0.0236697504142522 0.010841130228633 -0.00402150352574633 0.0345459630409436 0.0444375800258404 0.0409935290696023 0.0561401421688623
-3.4e+38 -3.4e+38 -3.4e+38 -3.4e+38 -3.4e+38 -3.4e+38 -3.4e+38 -3.4e+38 -3.4e+38 -3.4e+38 -3.4e+38 -3.4e+38 -3.4e+38 -3.4e+38 -3.4e+38 -3.4e+38 -3.4e+38 -3.4e+38 -3.4e+38 -3.4e+38 -3.4e+38 -3.4e+38 -3.4e+38 -3.4e+38 0.0416616405446984 0.0473986656477798 0.0317868337884276 0.0259895336192807 0.013391884463409 0.00257537450878206 0.00609890509105855 -0.0280154269363646 -0.0486854273827146 -0.0635510023876796 -0.0777690303029154 0.0194392336045433 0.00756485329676058 -0.0255503245409893 -0.00717020416854129 -0.00274444611726423 -0.0182727470502496 -0.00371668460358924 -0.014650435363849 0.0143955414927774 0.00803540633145864 0.00658486048863254 0.0297936324614789 0.0392160392441024 0.0473319297047589 0.0477443365249622
-3.4e+38 -3.4e+38 -3.4e+38 -3.4e+38 -3.4e+38 -3.4e+38 -3.4e+38 -3.4e+38 -3.4e+38 -3.4e+38 -3.4e+38 -3.4e+38 -3.4e+38 -3.4e+38 -3.4e+38 -3.4e+38 -3.4e+38 -3.4e+38 -3.4e+38 -3.4e+38 -3.4e+38 -3.4e+38 -3.4e+38 -3.4e+38 0.0357694163637775 0.0518151998011661 0.0500470104071565 0.0301887375934558 0.0150026655461413 -0.000884742836471185 -0.0100438427920539 -0.00725944780221857 -0.0133801755297632 -0.0478576601448431 -0.0946929757755372 0.0142827739847075 0.0033947523547016 -0.0196271568310634 -0.0299399328730655 -0.0122358782583548 -0.0139976456476238 0.00850280939963586 -0.0181928913600028 0.0132640475759151 0.0150364924737392 0.0251471740869898 0.0294650042885095 0.0314482572032398 0.027359631195763 0.0460200261233794
-3.4e+38 -3.4e+38 -3.4e+38 -3.4e+38 -3.4e+38 -3.4e+38 -3.4e+38 -3.4e+38 -3.4e+38 -3.4e+38 -3.4e+38 -3.4e+38 -3.4e+38 -3.4e+38 -3.4e+38 -3.4e+38 -3.4e+38 -3.4e+38 -3.4e+38 -3.4e+38 -3.4e+38 -3.4e+38 -3.4e+38 -3.4e+38 0.0417828949550649 0.0553935284962529 0.0594475593999704 0.0526157544616202 0.0468461866952602 0.0171416515257519 -0.0179260147606073 -0.0139191100823738 -0.0189149098987697 -0.0538695655878498 -0.068380946927522 0.0386153803276947 0.0161443317793001 -0.0101992440855059 -0.0298834938094906 -0.0330710923630669 -0.00762217751145121 -0.0198328125255609 -0.015152768910535 -0.00936782697910109 0.0364697088407168 0.037928954605566 0.0265774211634442 0.0113047717402167 0.0132284723277031 0.0391373979443386
-3.4e+38 -3.4e+38 -3.4e+38 -3.4e+38 -3.4e+38 -3.4e+38 -3.4e+38 -3.4e+38 -3.4e+38 -3.4e+38 -3.4e+38 -3.4e+38 -3.4e+38 -3.4e+38 -3.4e+38 -3.4e+38 -3.4e+38 -3.4e+38 -3.4e+38 -3.4e+38 -3.4e+38 -3.4e+38 -3.4e+38 -3.4e+38 0.0392515482773317 0.0482957605570907 0.0615139627299153 0.0633458755435691 0.0548193441965434 0.0506236167952164 -0.000417762194890664 -0.0229684418475815 -0.0612460375050197 -0.0495050511014048 -0.0386514258398474 -0.0688027866768101 0.0398749128896618 0.00796306497448331 -0.0137772723884218 -0.0196389329635575 -0.00871981818059522 0.00759815525610568 -0.0137246530197093 0.00439681321604636 0.0168890378508061 0.0279610561743849 0.0382715067071047 0.0319325603390765 0.00689042903822039 0.0283863221783057
-3.4e+38 -3.4e+38 -3.4e+38 -3.4e+38 -3.4e+38 -3.4e+38 -3.4e+38 -3.4e+38 -3.4e+38 -3.4e+38 -3.4e+38 -3.4e+38 -3.4e+38 -3.4e+38 -3.4e+38 -3.4e+38 -3.4e+38 -3.4e+38 -3.4e+38 -3.4e+38 -3.4e+38 -3.4e+38 -3.4e+38 -3.4e+38 0.057980793082353 0.0680630350133605 0.0802426930207919 0.0855466414559201 0.0755684751513263 0.0535620170421699 0.0236886217265829 -0.00531731643866913 -0.0587325800311949 -0.0638057372241602 -0.0364060634473303 -0.0726202307181643 0.0342328496431911 0.0205009272614568 -0.0118648172906449 0.00196482926824062 -0.000492810082318051 -0.00324180993270194 -0.00152853381097285 -0.000244034626138671 0.0150926060751062 0.0104386578183927 0.0162514207002626 0.011722597420536 0.011694891367132 0.0214412477204519
-3.4e+38 -3.4e+38 -3.4e+38 -3.4e+38 -3.4e+38 -3.4e+38 -3.4e+38 -3.4e+38 -3.4e+38 -3.4e+38 -3.4e+38 -3.4e+38 -3.4e+38 -3.4e+38 -3.4e+38 -3.4e+38 -3.4e+38 -3.4e+38 -3.4e+38 -3.4e+38 -3.4e+38 -3.4e+38 -3.4e+38 -3.4e+38 0.0635468867598633 0.0675292624090674 0.0950096895101977 0.101639324145382 0.0839907725445331 0.0719547181176746 0.012331913787703 -0.0145415681014835 -0.0101101368861055 -0.0393100779568622 -0.0637566877545592 -0.0731404657237274 -0.0869943010411026 0.00148539927279393 -0.010566267925304 0.0107934255223955 0.013254087146033 0.00524184633831262 0.010812850014517 0.000620515315430805 0.0197354087287001 0.0202130703648497 0.0175425566905571 0.0111772342722269 0.0128798105683677 0.0181240707103935
-3.4e+38 -3.4e+38 -3.4e+38 -3.4e+38 -3.4e+38 -3.4e+38 -3.4e+38 -3.4e+38 -3.4e+38 -3.4e+38 -3.4e+38 -3.4e+38 -3.4e+38 -3.4e+38 -3.4e+38 -3.4e+38 -3.4e+38 -3.4e+38 -3.4e+38 -3.4e+38 -3.4e+38 -3.4e+38 -3.4e+38 -3.4e+38 -3.4e+38 0.072780602346394 0.0781899411953349 0.0974550889977527 0.102800610299538 0.084585059933228 0.0428677611795116 -0.0167417539742158 -0.026744835014054 -0.0399777331412964 -0.0551702351372834 -0.0634260223514115 -0.083547949662237 0.0244269734952898 -0.00863369626807177 0.027271536921707 0.0116083713842422 0.00859276526061501 -0.00321918891386226 0.0120797145690447 0.0230565926542323 0.0201953521101427 0.0156733113672271 0.017903560680738 0.0158962035980128 0.0132740137055495
-3.4e+38 -3.4e+38 -3.4e+38 -3.4e+38 -3.4e+38 -3.4e+38 -3.4e+38 -3.4e+38 -3.4e+38 -3.4e+38 -3.4e+38 -3.4e+38 -3.4e+38 -3.4e+38 -3.4e+38 -3.4e+38 -3.4e+38 -3.4e+38 -3.4e+38 -3.4e+38 -3.4e+38 -3.4e+38 -3.4e+38 -3.4e+38 -3.4e+38 0.0727622564268727 0.0919974048444675 0.115164467772092 0.118787355380662 0.106233131574499 0.0376702174711831 -0.00935027366051426 -0.0519405142953804 -0.0423319209438867 -0.0505071126773287 -0.0544995939543287 0.0660539802546197 0.0252872899565556 -0.00905431180115717 0.0116764784151218 0.0106362313390248 -0.0176890605081848 -0.00253485683274339 -0.000654551831194853 0.0124061136444743 0.0158300715413241 0.0118408472020676 0.0130810576280749 0.0171994825927003 0.00268919915157348
-3.4e+38 -3.4e+38 -3.4e+38 -3.4e+38 -3.4e+38 -3.4e+38 -3.4e+38 -3.4e+38 -3.4e+38 -3.4e+38 -3.4e+38 -3.4e+38 -3.4e+38 -3.4e+38 -3.4e+38 -3.4e+38 -3.4e+38 -3.4e+38 -3.4e+38 -3.4e+38 -3.4e+38 -3.4e+38 -3.4e+38 -3.4e+38 0.0740635432456822 0.0725099233269057 0.0844687327565008 0.100076466525456 0.0992163137013295 0.0975829130105573 0.0771957352592125 0.0133818228655588 -0.0283511565402851 -0.038544251575084 -0.0401585306030888 -0.0531730046875494 -0.0791749865872898 0.0179071183337016 -0.00382951185853054 0.0168183749951656 -0.00978164685978957 -0.0258034020607628 -0.0260320858944358 -0.00926556656214959 0.00736386128217862 0.0138172914872292 0.0164953363262689 0.00979781687805582 0.0143761245385283 0.0201080712695668
-3.4e+38 -3.4e+38 -3.4e+38 -3.4e+38 -3.4e+38 -3.4e+38 -3.4e+38 -3.4e+38 -3.4e+38 -3.4e+38 -3.4e+38 -3.4e+38 -3.4e+38 -3.4e+38 -3.4e+38 -3.4e+38 -3.4e+38 -3.4e+38 -3.4e+38 -3.4e+38 -3.4e+38 -3.4e+38 -3.4e+38 -3.4e+38 0.0703884694883595 0.0760340263131902 0.0791675051344677 0.095683052123086 0.118141885316413 0.101664137787498 0.0863267740769833 0.0404652559285046 -0.0274060547252984 -0.0445289616685318 -0.042143796312146 -0.0644054249739948 -0.0841814300994111 0.0275046348095457 0.00684695620846048 0.0157758934700744 -0.0229387721975196 -0.018523734620615 -0.0236750695495098 0.00269289189167638 0.0093391348710876 0.0106278971109705 0.0178397027945229 0.0111185312862932 0.0067768578061618 0.00879427120688701
-3.4e+38 -3.4e+38 -3.4e+38 -3.4e+38 -3.4e+38 -3.4e+38 -3.4e+38 -3.4e+38 -3.4e+38 -3.4e+38 -3.4e+38 -3.4e+38 -3.4e+38 -3.4e+38 -3.4e+38 -3.4e+38 -3.4e+38 -3.4e+38 -3.4e+38 -3.4e+38 -3.4e+38 -3.4e+38 -3.4e+38 0.027661012865818 0.0460238365904071 0.0570929290493046 0.0847950806143699 0.108477846202703 0.107707752883939 0.113587095598021 0.0493285112293138 -0.0348629734978302 -0.0654432545108332 -0.0476092966978143 -0.0514660646494366 -0.0840753947493979 -0.0887579517530262 0.0169013168504651 0.0250711962106233 -0.00413350358111345 -0.0050138155639119 -0.0146992857314715 -0.0241751663413494 -0.00883911610376138 0.00911239046791304 0.020326721729689 0.0171639244607992 0.0154514848238024 0.0220609832393187 0.0253627847636805
-3.4e+38 -3.4e+38 -3.4e+38 -3.4e+38 -3.4e+38 -3.4e+38 -3.4e+38 -3.4e+38 -3.4e+38 -3.4e+38 -3.4e+38 -3.4e+38 -3.4e+38 -3.4e+38 -3.4e+38 -3.4e+38 -3.4e+38 -3.4e+38 -3.4e+38 -3.4e+38 -3.4e+38 -3.4e+38 -3.4e+38 0.0269900899103443 0.0534781467158032 0.0688937979130477 0.0757128275236328 0.0882460004991983 0.0708912338711562 0.0880490537033437 0.0860622755009712 -0.0221104663415531 -0.0172379861302422 -0.0481775060607489 -0.0540228219402514 -0.0562947844883214 -0.0580860264990416 0.0373643916195358 0.0306591143787982 0.00264617695179772 0.0109554689392617 0.00794873499942511 -0.00115687938559855 -0.00374203516812536 0.00983511520794012 0.013969568425705 0.0266474728249583 0.0258778450021521 0.0328372534577435 0.0239259586112488
