data/pcas/pcas_can_126/pca_referenceLayers_can_126/PC14.asc
NCOLS 494 
NROWS 529 
XLLCORNER -117.166666666667 
YLLCORNER -55.5 
CELLSIZE 0.166666666666667 
NODATA_value -3.4e+38 
[rows 22 to 43 of 529, columns 50 to 99 of 494]
0.208042219027392 0.187462460152232 0.16699008232144 0.13425195575961 0.143886540652587 0.122444939306027 0.116809097630891 0.105601394202848 0.0834883427392966 0.0744321514299941 0.101162573016668 0.115896041464688 0.0987168565127881 0.100887027061377 0.0765805463333184 0.0400349545114938 0.034573351109698 -0.0246877949547693 -0.0216042761416585 -0.013366300987923 -0.00454171298969979 0.00281833472054405 -0.00857330171881967 -0.0201058516525842 -0.0408869123424066 -0.0257759699772988 -0.00539083662419138 -0.0132249518958145 -0.0230064125126514 -0.0136600086179713 -0.0296364808673792 -0.0556670543782436 -0.0728775715368129 -0.0693134712493307 -0.0612395536317747 -0.0766171585684454 -0.0676851490204598 -0.0308168373381419 -0.0707927238295862 -0.0661727740428962 -0.0823844936757818 -0.104232547194907 -0.11776122043192 -0.117290281948179 -0.0873117547748634 -0.0857537440493024 -0.0793479791074368 -0.0882134482167824 -0.0893475878524952 -0.128312892819956
0.183891344767599 0.172069806115236 0.153331149818649 0.109156310461589 0.133267802315834 0.115951143088461 0.108818026366264 0.106340601751053 0.0981633010123021 0.0953649990725995 0.0609943730970108 0.0651561403772571 0.113271166660739 0.102980930649277 0.0927012323852562 0.0648339778790685 0.0379758356970859 0.0116606797348991 -0.0099211037577776 0.00615055263508688 -0.00534275994476489 0.000545234360675191 -0.000244262295115312 -0.00102565805832676 -0.0128806075321262 -0.00897819268759531 -0.0101447704063892 -0.000284831432425208 -0.00884591390071484 -0.0217418027656 -0.015852043748222 -0.018376323967237 -0.0354495469692616 -0.0530304954626808 -0.0770367009597247 -0.0679995119097687 -0.0736175088758637 -0.0511402019274869 -0.0644262154986045 -0.086432679757431 -0.0745301207562383 -0.112445691004089 -0.119395855729738 -0.112606346616976 -0.0824846368575978 -0.0754365693689419 -0.0505788071203097 -0.0589545422922628 -0.0702153933339567 -0.109895167515027
0.191217607005653 0.1636973725606 0.1399903657457 0.111158908532567 0.111719513661536 0.121166178005027 0.115977133654407 0.102253282907464 0.103882484775641 0.108661012691585 0.109537238153052 0.0803591335169055 0.0940026857820439 0.0902274038142635 0.107665778355113 0.0800930993807866 0.0609961547872112 0.0550874516492819 0.0187126607581145 -0.00383160746322026 -0.00347671725730562 0.00424122662971297 0.017045606913508 0.00460454856371761 0.0219719036913478 0.0178095536624846 -0.00911467574993059 0.0069197916066016 0.00251088016698468 -0.00968792688202279 0.00273914991797312 0.0117275470518094 0.00605415691570529 -0.0196960915618466 -0.0573364075571172 -0.064116144015867 -0.0610066678807397 -0.0163013243487703 -0.0448523138340498 -0.0519140233709754 -0.101616385316447 -0.103013346230474 -0.107062328486391 -0.112138616891553 -0.0936235708463874 -0.060918347575445 -0.0555221905103768 -0.0391395342668931 -0.0660342888893057 -0.0707613733312286
0.170066067577504 0.158790246610103 0.121472555839929 0.118009180981247 0.104203403044564 0.114891318721505 0.0986251282483752 0.105943766387247 0.113609045801195 0.107616794298452 0.124160662482009 0.12431567066674 0.129249047398932 0.115799387823953 0.0878518298962337 0.0733586679680668 0.0824625945088041 0.0613659267513626 0.0285577545140701 -0.0144540547215002 -0.0101619930669132 0.0220348821236006 0.0293171254018493 0.041135885399623 0.0323262206086853 0.036483509468659 0.0293571985855672 0.0199045564351544 0.0305689628537743 0.0127936512661381 0.00773551527718936 0.0173264945586384 0.0306450933772756 0.0426718776332517 0.0197530352107078 -0.0219923830908194 -0.0408765167102824 -0.0024569281852144 -0.0390544175316704 -0.0500982984422747 -0.0527772638922038 -0.0846034985071861 -0.11372020314815 -0.123603151304472 -0.0904098278905709 -0.0846555316547438 -0.0616852046535165 -0.0206117640247547 -0.0402281654981656 -0.0880821251377106
0.157164295897242 0.157711281294895 0.153341581269412 0.127229541278323 0.103887393746101 0.105753063007062 0.108773997769247 0.108611975982386 0.129509096313948 0.128218938371015 0.136721231347594 0.128318635785077 0.123649441226641 0.10434114678489 0.0921343291162471 0.0774218968698839 0.0724647621310811 0.0637437979317676 0.0516441207408072 0.0214739509674671 -0.00993383409679736 0.0246771913369041 0.0246115710087524 0.030931079705195 0.0429336304476123 0.0502269542295057 0.0385432990297477 0.041054704789833 0.0595788925295927 0.0276445538312099 0.0343706563731132 0.0388453021119856 0.072993439334284 0.0783813845212879 0.063142971466203 0.0517422393607858 0.0194111281139272 -0.00280070060767195 -0.0119761217323723 -0.0338834774011207 -0.0508862938503733 -0.0784099952832568 -0.09468117726326 -0.110171234524082 -0.10244531838662 -0.101024887279738 -0.0859304788145683 -0.0469080482215602 -0.0378043350339473 -0.0746372632837414
0.176897691222915 0.172793945800498 0.155484773493303 0.141646523939405 0.111492271511527 0.102551346724225 0.0968843605204147 0.103836316526737 0.120821776283287 0.132101106488394 0.137812438088899 0.148809224329095 0.125517535963275 0.112416433081517 0.092571274951705 0.105353435743747 0.0907481309105355 0.07790428965407 0.0655796903105033 0.0299941831537358 0.0108313169763445 0.0109975292697457 0.022846977415679 0.0497416275632229 0.0419441883682856 0.0199605974596316 0.00847812212393696 0.0186107704880686 0.0286009825973117 0.0323728550492823 0.0399775901228588 0.071782980376899 0.095615538533144 0.107835066006765 0.0833459139759379 0.0713127211979685 0.0318492610356346 0.00638647906942686 -0.0145020630549049 -0.042754238732165 -0.0542857076543241 -0.0708527372918398 -0.0998048067346346 -0.124240139954639 -0.1255148024852 -0.123997892077814 -0.10057222098556 -0.0637738447127456 -0.0395370362256986 -0.0436417684747711
0.178011712987532 0.179944129972074 0.175184581636864 0.159542928346273 0.148815975484216 0.115185303282724 0.0913769302781052 0.101745276958253 0.116080336049218 0.142671827458876 0.165982705593287 0.146682576349711 0.109346227397204 0.116650858472876 0.113845656357764 0.10276075333255 0.0902866010068011 0.0859804177480665 0.0698374567467397 0.0661460306960018 0.041227840795465 0.0408591212269938 0.050039228512583 0.0514304980893862 0.0357529115732139 0.026393598251122 0.0432842558232437 0.0408489543141552 0.0506462553603872 0.040148200767125 0.076822821868284 0.0873775299448158 0.107710783048862 0.0899053184700767 0.0984915195500448 0.0749605948882961 0.0398615229633054 0.00472210048005982 -0.0128532569386035 -0.0230995102216155 -0.0467255127282499 -0.0525175302936924 -0.0974994995401607 -0.129177310122436 -0.138310261027504 -0.150259949429957 -0.119393912464237 -0.0581454527344567 -0.0295993335636466 -0.0397974007055682
0.19099496382583 0.183439612217148 0.184827700238795 0.183112516095845 0.176835244442246 0.146934586897375 0.104347123256753 0.115060146748347 0.134283925426741 0.155339488146844 0.165859195817528 0.154105553617012 0.136778594938354 0.123395723795044 0.120970300411783 0.115189558640424 0.0995915735425574 0.0941790685344718 0.0611647337518779 0.0479585719504017 0.0590528611443563 0.0604942888886751 0.0517466602662463 0.0422953961611878 0.0289676648146358 0.0545811030001584 0.0535045857317648 0.0519119247448047 0.0625134526928309 0.0792161813806449 0.0711655241333238 0.0960495733198111 0.107715689510588 0.104520266350607 0.0847178641632634 0.0610885228692165 0.0621566326245227 0.026882690192019 -0.0108924396712472 -0.0249851595142571 -0.0517712512267486 -0.0628353128564778 -0.0739475300507285 -0.0860998480342908 -0.125868205911288 -0.154876842973979 -0.138777923933896 -0.105055076804329 -0.0826474219629913 -0.0894191635498154
0.200329325505844 0.21920067466489 0.230246476816108 0.199556887673938 0.168534345840458 0.169638211998756 0.178520232988101 0.143422721132135 0.155599199980754 0.16746177855127 0.162705783731567 0.168022484802165 0.149301605878471 0.140092360342464 0.123461921420809 0.112819624643436 0.113379450842577 0.0621301659632115 0.050530442069918 0.0840806564192201 0.0702452814708438 0.0551394142822427 0.0467645895033953 0.0415849107429747 0.0472814835701796 0.0412772273996379 0.0528192717880205 0.0511294224291212 0.0562595392969125 0.0978524784719811 0.083718120059077 0.0991085282892404 0.0942292362820361 0.105409995021705 0.0976462063076458 0.0676682833889709 0.0668690954069054 0.0367966039492083 -0.021970383918826 -0.0130465769177553 -0.0336803946874705 -0.0681641916260941 -0.0876296335364027 -0.0939994521721708 -0.122986126607701 -0.142579172772893 -0.14303287629082 -0.140624601314918 -0.128542465812792 -0.143388494017528
0.205743852633503 0.223097906430793 0.254597279520347 0.251473540128635 0.235536349914227 0.196127834257754 0.222012350041928 0.196524594910537 0.164834222490738 0.141553975492538 0.133940990632213 0.159760221347318 0.166437616621943 0.160845405800216 0.133140355675335 0.126590827406983 0.0741515593282053 0.0626484802436827 0.0482368710514506 0.0610847464549316 0.0571555255214868 0.0425455164918379 0.0496891588675777 0.0628035867753805 0.0746832979374404 0.062422560733015 0.0608645504482389 0.0729009120269982 0.0758893958299102 0.086256613030245 0.088033105153397 0.0858050415887413 0.0985681838252684 0.100109609007835 0.0736541153656988 0.0405721534104308 0.0406658342062338 0.0254513168194162 -0.0180987074220031 -0.0467782302082896 -0.0470007943789408 -0.0415724418528188 -0.0808220038070041 -0.105775087876215 -0.124265667117421 -0.144870102979654 -0.144509023351314 -0.154384507935461 -0.142025704396431 -0.113206433059961
0.205285784454032 0.240624116090013 0.257422670048725 0.252411775130816 0.226516008883036 0.261827532999996 0.23786076833817 0.182344971056375 0.160758499501885 0.163214928089756 0.148836679251294 0.149594572770539 0.16570735619505 0.145464334087864 0.151478631684674 0.146613509896392 0.09887964190108 0.0739002899778747 0.0566452706975751 0.0408313394701042 0.0439332803367401 0.0579639632389261 0.0429859040784953 0.0601961790567315 0.0465600229874426 0.0367275385518273 0.0579414726347299 0.0538475994911927 0.0515648484367442 0.0754252254494277 0.0803794117789657 0.0809944011980403 0.0905290198422312 0.0811551580172859 0.0656623566978334 0.0350679159310654 0.0362309252558118 0.0287839674898462 -0.0204950544928023 -0.0771362403807649 -0.0109867161459409 -0.0298484364312402 -0.0874222786032639 -0.138024413487374 -0.139401293205784 -0.13643431532792 -0.12675688972358 -0.127506601176105 -0.129012336891961 -0.103563015494669
0.200860720742978 0.228948662066546 0.241673633580209 0.255235844358868 0.254995896159258 0.266440769862031 0.281685037130342 0.232842708817284 0.184682621698655 0.149946853187153 0.14074135038053 0.14580947797952 0.155908075239282 0.145688903641192 0.178891638524623 0.16577261875252 0.10818360826811 0.0886936847948612 0.0751514987984402 0.04547095262771 0.0409334334770107 0.0364428029753169 0.0372920389529852 0.0491441871659985 0.0617826612335588 0.0379041422436138 0.0296057135176769 0.0429890729685296 0.0403793722508751 0.0586055274260086 0.056223986975277 0.0718253045103034 0.065365842827772 0.0524876683476053 0.035892117646252 0.0336862045863981 0.0236742677484575 0.0154143364186547 0.016538954365271 -0.0331341992009997 -0.0563032932666951 -0.0524003593441549 -0.0951264560146221 -0.15034294387635 -0.147467801135636 -0.160809315692391 -0.12123332193248 -0.106615076539454 -0.111151124613563 -0.109317004646456
0.185675385601426 0.204909698737616 0.213663822500828 0.227108670699834 0.254026854252348 0.193251638884715 0.213428526458634 0.239973416723632 0.17855247518975 0.156370997579719 0.143982780031818 0.143760766268607 0.147151367752506 0.162971228398137 0.197386366500282 0.187997526000221 0.118336318512987 0.087367161003096 0.0571075080176636 0.047016632102293 0.0279908021813909 0.025479476746634 0.0472758237796871 0.0583977709049588 0.0521612678360833 0.0552792950146848 0.0236559592421264 0.0183778696866125 0.0416861674774929 0.0296438807844249 0.0298939790076113 0.0365432843006578 0.0450031001951345 0.057637042509059 0.0184621497922947 0.015679867696955 0.00166680306557136 -0.00391271650966266 -0.0185471724583873 -0.0832080476193942 -0.0984513388870333 -0.112594300836719 -0.0796514613554817 -0.128669455541527 -0.127198087536214 -0.128759147901632 -0.136442126134096 -0.10404319629327 -0.104883216184309 -0.115873701173745
0.139974419689378 0.142757932938638 0.165122741879135 0.215945288176774 0.263264369620738 0.276562854983334 0.211827766778733 0.217503791235009 0.256910828071551 0.194779189791373 0.205551930399103 0.170934223344445 0.154206963767567 0.169496280938463 0.187031365290701 0.186990501049107 0.101090605335663 0.0687977247552718 0.0620513719252942 0.0337669221668847 0.0109794126339746 0.01669253078902 0.0176701066092997 0.0207358729251982 0.0465767408693997 0.058223933111963 0.0379380515985129 0.0204156227862861 0.0210591492444524 0.0101132213023824 0.0209838882008781 0.027846853378952 0.0272677713448651 0.0371992611084217 0.0466389844627498 0.0385891434396005 0.0271678622262275 0.0169591041459183 -0.0113351746479641 -0.0282667924823551 -0.0463812778307252 -0.0931279279663907 -0.0462595607199495 -0.086633179587507 -0.117700898976162 -0.0713601825483326 -0.0916375789896858 -0.11225948166296 -0.113499001021363 -0.0966588728744223
0.0992450576370766 0.0933604365619222 0.146433541764541 0.199773146063689 0.235883706344369 0.247225437556207 0.240780868195771 0.272812250873179 0.260167055668701 0.261722286377361 0.237906646567843 0.228226192500507 0.166563271802346 0.105067171124256 0.109626256343569 0.1639945271747 0.1246371400791 0.072056946592106 0.0491681243311263 0.0220097981636651 0.0200063094735254 0.0180888558732976 0.0102559387350877 0.0211951886724015 0.0246200601108909 0.0255660934886788 0.0363870483597339 0.0220490146942212 0.00817236952712195 0.00294853904066878 -0.00389208476286423 0.0144078799675626 0.0219272412325353 0.027178657700454 0.0301755798370221 0.0298868460348921 0.00557415293519301 -0.0157726741937864 -0.0523330778082429 -0.0446380242206772 -0.0406478899881114 -0.0476227551411256 -0.0392958210828648 -0.0595832203191522 -0.0937614585652618 -0.129175086428577 -0.112436498062765 -0.120427698847111 -0.118535332963686 -0.0948734467152127
0.0499674689864295 0.0577833679446741 0.11808035945239 0.172254212369424 0.218258539243268 0.234950770927604 0.24350821474046 0.259734063023909 0.250872679703111 0.217004961970659 0.250877614672476 0.176314918114792 0.20245265666097 0.0933806421417469 0.0706579323661416 0.134012475044583 0.0802626991953107 0.0914919021786778 0.0558272266794081 0.0178722040601183 0.00760605722289795 0.018596777976597 0.0217109017190689 0.0149557700257084 0.0237874719635656 0.0213957368323329 0.0115944770676014 0.00357454189381022 0.013297343348911 -0.00500774143801531 -0.00875238266664581 0.00291653182397882 0.00250874663154709 0.0308178703149136 0.0100905065597915 0.029998889663047 -0.00808895212913177 -0.00312637669491127 0.000171062740227269 -0.0149748415229341 -0.0354049293230916 -0.0850690758360201 -0.0265608409888396 -0.0291309016422845 -0.0730333387476851 -0.111811955888762 -0.145610503358976 -0.136072319410316 -0.118353173778782 -0.0853212957168229
-0.00671882742448774 0.0453443792098591 0.0917281687729679 0.105584132258163 0.201882020319297 0.219956925206585 0.229318442408828 0.254551239517189 0.264889305947254 0.233716745789777 0.205020904468558 0.164595753308805 0.122420865805389 0.0557949207257502 0.046215213635151 0.0855674712122484 0.0903829361301919 0.101385624671099 0.0588332775484748 0.0463434707163217 0.0203094118250353 0.0197203504138841 0.0233492335377159 0.0234539456607145 0.0183233699333446 0.0229130170059951 0.0145512525466224 0.0076859009473884 0.00623309875955827 -0.00933914177705231 -0.0143317127276284 -0.0195146995089406 -0.0265622618036033 0.0156520675290014 -0.00914542225194876 0.0263216754151584 -0.0396464014674986 -0.0154211377430498 -0.00624139293623467 -0.00823861270586355 -0.0193672749615297 -0.0465247832586588 -0.0800547351120594 -0.0679038938265422 -0.0896694892281946 -0.0911853949297494 -0.128188431336497 -0.128184141501143 -0.114730649038936 -0.099682130358292
0.00671648641003823 0.0481007839091514 0.0541965408337935 0.0617351139688583 0.126155497447881 0.159240955568575 0.207013879905341 0.237615141265722 0.258818181941465 0.261634821250656 0.154902882478651 0.0809295040572991 0.0761909354259611 0.0520381966238022 0.0241705363644937 0.0282343441980598 0.0762312882300839 0.076372221490853 0.062478559370499 0.0509355234992973 0.0187574883639396 0.00708415482089169 0.011790934532675 0.0120831491265367 0.0125795340261816 0.00570012260325845 0.00914522050632972 0.0141067814813349 0.0145383402156421 -0.0113623889131696 -0.0361422800853185 -0.0461933294419282 -0.0538302584891888 -0.0475492539160257 -0.0424730733817735 -0.0339099183226287 -0.00897212226765046 -0.0179330049025532 -0.029077842487829 -0.0299235943465525 -0.0196530734484423 -0.0196912462617698 -0.0563893372410021 -0.0147746878790402 -0.0903036385444647 -0.133697042722559 -0.117161300682551 -0.113862478263843 -0.093366420229421 -0.0811574778567641
-0.0561111344732506 -0.00135913936186304 -0.0156712075777246 0.0109161471493694 0.0387255124033927 0.0860811685517329 0.157532407109982 0.225181649889515 0.231110612151694 0.17618744358489 0.173038958486139 0.0685823724206372 0.0397941544008256 0.0371772646972651 0.0170892408508866 0.0233241299170972 0.0580247278800387 0.0571652416662926 0.0527308359484226 0.0416538602218527 0.0174466957172018 0.0102547951346757 0.00774806302946613 -0.00462760475944259 -0.00385607630682984 0.0040613873214518 0.00270241989758261 0.0132896834073964 0.0252496875539226 -0.00707560317022136 -0.0306511359624688 -0.0674950554697259 -0.0751062335991502 -0.0731100320895629 -0.0531010703338815 -0.047414189811002 -0.0418628105417105 -0.0425872520949802 -0.038225219912497 -0.036682801625047 -0.0393227115547229 -0.0502366651867517 -0.0390704891159753 -0.000358141921170763 -0.0593183007516229 -0.121715312651381 -0.114230684093216 -0.0925242440141525 -0.0703905173705432 -0.0602448392434563
-0.0900200604656737 -0.091162235027962 -0.0877167049686986 -0.0597730732337229 0.0110350118749796 0.0223516497675758 0.0836550221237718 0.183289892694452 0.229480355716665 0.184917592115481 0.197983475889523 0.104644290684141 0.0407459764461006 0.0655448638127439 0.0690503822378673 0.0419731204115317 0.0590761879021368 0.104549832144344 0.0374136960210551 0.0307364065243827 0.0201572518866578 0.014023344747074 0.0115872124250739 -0.000453219020007594 -0.00456243157071306 0.00403685736193542 -0.00808990959642016 -0.00337131553728582 0.0112030031225642 -0.00277060595016598 -0.00609168973400492 -0.0798468070139508 -0.0980556921063238 -0.0988910017702411 -0.0739216989223861 -0.074322902773369 -0.0540463175077891 -0.047477499608637 -0.0338218871931586 -0.0323415065356101 -0.0535514184614117 -0.064041789612507 -0.0737135726258132 -0.045196024795016 -0.0753251921315802 -0.0899598935750957 -0.0964925579994357 -0.0690585911817723 -0.0373239268821813 -0.0487642217556588
-0.117376303633482 -0.0987310109757798 -0.0898221421590129 -0.13271768189173 -0.0338716412076191 0.0111622575519456 0.0139206554282394 0.0975894237441929 0.197773406362064 0.221465814515325 0.159738051086319 0.0303597504468685 0.148412888918699 0.159023763703381 0.0630627321648804 0.0441028192178487 0.0768100862930122 0.0479875116614701 0.0613205423445945 0.0582481625508571 0.0204217984991839 0.0167291678710547 0.0337791637490901 0.0244786017372144 -0.00147912528028622 -0.0141412181009077 -0.00752185828141167 0.00125239258182318 0.0121686129581941 0.010994887460708 -0.0387788878965331 -0.0670877097065608 -0.0669625464087418 -0.0874831880583973 -0.0448570696661492 -0.0581716117490771 -0.0313052515970197 -0.0395844311207831 -0.00479168254785684 -0.00814876716574826 -0.016454284313203 -0.030317529170429 -0.0422682855783043 -0.0457517873623829 -0.0812292872062382 -0.0528135412588978 -0.057243009355315 -0.0725406723278392 -0.021306581747685 -0.0057622867081354
-3.4e+38 -0.119074352079267 -0.137743753432793 -0.122265879595158 -0.0953246082660076 -0.00366186271086301 -0.00188480415612081 0.0429790814919676 0.120574031453388 0.157925825489702 0.170865132526767 0.119932487913325 0.156637829623934 0.125099491121175 0.13517954906562 0.0443116131348409 0.0339288251230733 0.069525763090855 0.0207394304341485 0.0384882167965516 0.029895796451056 0.0379211246554191 0.0170303212371691 0.0113922921880521 0.00481594298264996 -0.00711538906912165 -0.0144495210834669 0.000115160625128758 -0.000296488333961287 0.0149216740546288 -0.0272735464781231 -0.0250890641036622 -0.0287615554967906 -0.0577952308485177 -0.0620749269092878 -0.063241767907039 -0.0613702130564661 -0.0343527953107562 0.0282168082392779 0.0375961066336144 0.0323328212462832 0.0112217710222626 -0.0101026080591738 -0.0237980413614552 -0.048392050015583 -0.0344032699521022 -0.0313154891548842 -0.0370242918784375 0.0087379468280993 0.0179470532370278
