data/pcas/pcas_can_126/pca_referenceLayers_can_126/PC14.asc
NCOLS 494 
NROWS 529 
XLLCORNER -117.166666666667 
YLLCORNER -55.5 
CELLSIZE 0.166666666666667 
NODATA_value -3.4e+38 
[rows 176 to 197 of 529, columns 350 to 399 of 494]
-0.0204319779864163 0.0170977612533139 0.0339796300600062 0.0267895194564267 0.00776794617450113 0.013251647725564 0.0550902560255908 0.064995906360844 0.0821717845863333 0.0914741068720197 0.101817087910933 0.11807511269617 0.1129787895766 0.12002601439364 0.0854945355444798 0.0840453294424494 0.0879499171332823 0.0593832864308917 0.09047605191113 0.0585970582939948 0.0813714296548525 0.0475979088236664 0.0490776878041793 0.076514100752558 0.0683348870973271 0.0667328020245112 0.0773709207758738 0.0787365940205826 0.0828019253254249 0.117612954535406 0.138989089924805 0.146633872860669 0.153244765033577 0.154544058019487 0.100214132860181 0.0793227003035756 0.0533227593934807 0.0572599532413721 0.0451377854664366 0.0419672554252118 0.0152133960192799 -0.00968488676184588 -0.0250366945557672 -0.0237024878036211 -0.0140206545082422 0.000504905422684622 -3.4e+38 -3.4e+38 -3.4e+38 -3.4e+38
-0.000668407982591566 0.0348634462517198 0.0240476399290436 0.00202533669571391 0.0240145139154333 0.0223219778447987 0.0519538745485054 0.0385114710494787 0.0840504657794173 0.0908735675493142 0.0851097550012546 0.110183997020727 0.104705707469356 0.0967628738056362 0.0984561030859006 0.112910129248426 0.0884040830773409 0.0910302588335905 0.103752351625783 0.0768190189491589 0.0783514446356044 0.077089730499932 0.0711090945496796 0.0834071568835764 0.08109405806218 0.0762158517605273 0.0930096145593702 0.0865501948470225 0.108006629113378 0.109717733189951 0.110475642548105 0.136521877746765 0.149111477454412 0.167154427127213 0.0893664245036405 0.0887383825852752 0.0780923507418353 0.0719866493825796 0.0598604614483424 0.0444089485863798 0.044224380294902 0.0134091267729324 0.00863708143433236 -0.00820012925422383 -0.00858637254976121 -0.0141400909276108 -3.4e+38 -3.4e+38 -3.4e+38 -3.4e+38
-0.0136806739075055 0.0173951847333015 -0.00393676377154276 -0.00612512187029008 0.00788090848254504 0.0375000825539754 0.0454627541476046 0.0560833500715331 0.0756684075478247 0.0815908320645256 0.0969827131707559 0.101769650740785 0.106314332123066 0.111670915516796 0.102697906571962 0.10117636046438 0.103703042376936 0.0646701273599265 0.0943332829807498 0.0803200380408091 0.0902113961901423 0.0891066234128938 0.0922754528516024 0.0869384093965293 0.105148234351418 0.0825537597235763 0.0870825583878992 0.0906661803048476 0.111681989057559 0.11673375813626 0.123942505343865 0.122559198131608 0.154317066976626 0.116010890108667 0.131744706062195 0.106112076387838 0.0903252342420729 0.079896107696625 0.0786119816366121 0.0739329003265188 0.0624393941189619 0.0490528499425081 0.0285375535131297 0.0254809197423768 0.0312999476698312 0.0222395466077967 0.0350138484626831 -3.4e+38 -3.4e+38 -3.4e+38
-0.00167287779464923 0.0124834673318008 0.0072410115592535 0.00685510205438181 -0.00289409458540064 0.0205954968676821 0.0432289664538985 0.0528639170197701 0.0730110403072754 0.0852908954357628 0.0979295313720615 0.0973602816748852 0.107159236968988 0.112144957615918 0.0938196423009436 0.0987395143144709 0.110192713017192 0.0910997389433284 0.104094615570078 0.099495658705997 0.0830514558630151 0.0884813876089539 0.0855113905092414 0.106992985619983 0.105416047765884 0.103376392284122 0.0987378282924556 0.103374981416751 0.113029217121818 0.113372424120879 0.126897426309835 0.131137795183904 0.156638335783294 0.133953208587529 0.116710909941549 0.101658711783341 0.103975274242756 0.101634463084325 0.104038737928068 0.0819227751373995 0.0841177974013905 0.0672842899177409 0.0491481239398284 0.0341249692110672 0.0279141962409565 0.031913778916618 0.0355269466095249 -3.4e+38 -3.4e+38 -3.4e+38
-0.0109262456523396 -0.0100750398323679 -0.0139992218149378 0.000900046049340155 0.00794844446450216 0.0235898825429433 0.0407134253154444 0.0402857411960163 0.0692027281804506 0.0933910368705608 0.0946097298934668 0.0902868656744485 0.0963514879272961 0.0997191400104102 0.0923424351928034 0.101982984688435 0.0997013582846426 0.105637258505725 0.100634788231371 0.105076059415949 0.0893076528521106 0.0936925936839195 0.0892770288839875 0.0956842481188823 0.108382443502223 0.109946843398142 0.111775624107645 0.104714503496097 0.120492304430162 0.128367280084222 0.145642429476445 0.144179465540971 0.155784801786747 0.139581134283434 0.11394730237486 0.109005946335225 0.11007497699601 0.106595143443022 0.102320216868414 0.0907173950078196 0.0930679943936228 0.0834772503033241 0.0667672624899504 0.0422389768389942 0.0443831153357605 0.0375057595713351 0.0314519854392311 0.0545063125779706 -3.4e+38 -3.4e+38
-0.00859731651987476 -0.0106030553735521 -0.0214852048229109 0.000211911593370048 0.0128068462228783 0.0366113777281837 0.033519092034538 0.0480965671282384 0.0679877514788636 0.0767316184345559 0.0840439882575365 0.0884477108314329 0.0907527964941211 0.105872131100838 0.0957419606065734 0.114841415513918 0.101358264291358 0.119628773167493 0.121174506612761 0.12348660390177 0.110853251868327 0.0995365140164056 0.0966524557671716 0.104145439483512 0.112066770498172 0.114545171818787 0.120491575387101 0.117851624160586 0.138621647172478 0.147864275971739 0.13640506636019 0.150223885323157 0.152571932556161 0.142727150059257 0.128146444965475 0.120760615384248 0.111157930044715 0.117759464784887 0.109293159866016 0.100303856421194 0.105160439280075 0.0900664953725396 0.0757422318848013 0.0548023220277985 0.0472185362141502 0.0517719782641741 0.0423218744422263 0.056713597661531 -3.4e+38 -3.4e+38
-0.0164904498056984 -0.0170152032199753 -0.0272831789987582 0.00667190243225132 0.0268062726694266 0.0383641156703025 0.0467031023782181 0.0622091006445399 0.0603796170345881 0.0802264402040361 0.0764478950321248 0.0854199581512564 0.0919959748323336 0.107466286551546 0.103502836481543 0.109132928329513 0.0993166518576471 0.115427821384804 0.112844683303117 0.110910324610762 0.127339543343459 0.124417213377012 0.116245428305609 0.113288895805624 0.122642508598905 0.115211673956993 0.113789060965331 0.131373815054283 0.141924765292852 0.15101883179314 0.143159206906837 0.151885574685137 0.152547915919526 0.149263066961579 0.151158540130173 0.140178520565042 0.126169403335275 0.124544953562352 0.103676517538143 0.113685349287479 0.0924190416090604 0.0892971097853632 0.0909921158876995 0.0657919309217545 0.0540446123719439 0.0532614288045309 0.0461900110225317 0.0774572692823011 -3.4e+38 -3.4e+38
-0.0235588345471854 -0.0228468545832973 0.000608746508273681 0.0136970400252572 0.0223014807457643 0.0258377412000638 0.0453393577437589 0.0557837427142244 0.0522174281187752 0.0673288988391588 0.0725697602294506 0.0860442954288709 0.0921337560285634 0.104418772741177 0.104156930086608 0.107261294289621 0.106837012249803 0.120782823189332 0.107529574226064 0.109117531642353 0.126902388650525 0.137237119541179 0.119391660968358 0.119639700290364 0.114735028047653 0.134176180312149 0.129259904941995 0.128532617622003 0.131064317540313 0.143881865600322 0.157037001482807 0.166575553348144 0.153032161943326 0.150881673890864 0.137674639512416 0.139219365966424 0.130503426294556 0.121204497670527 0.120705992158832 0.100426918324852 0.0965203068796333 0.0999756287539405 0.0963979337973591 0.0802380684396341 0.0702500514494775 0.0586346590838973 0.0619257412158319 0.0780983610606925 0.0732268841527372 -3.4e+38
-0.0251738683468535 0.000886241445461766 0.00238200010907566 0.0185654886736651 0.0182109863698259 0.0295334349553431 0.0385392186881716 0.0514540331687761 0.0387105675316034 0.0585312554255042 0.0813009486483786 0.0891644701173141 0.100982004037435 0.11432324961052 0.111736952304154 0.124643676692541 0.114209409027644 0.126126493981581 0.127026024186314 0.127215421077029 0.122787398817084 0.130030121661584 0.133242722236753 0.135351091452708 0.14095976213098 0.13282469569758 0.139338744057277 0.138270684422738 0.128083890726003 0.1453571140458 0.141364019348415 0.153868099549219 0.157167433031533 0.160199518615377 0.150946149380717 0.136168762785406 0.140431863819318 0.129354732939884 0.115355026954028 0.115646807466277 0.100209768926225 0.0958565741324814 0.0900577811487583 0.0878660576431698 0.0894288496741713 0.0846365112321901 0.0778051128224619 0.0910156847113397 0.0909557001584811 -3.4e+38
-0.0053657068715457 0.00614435292132323 -0.00612499043093729 0.0124580008968641 0.0162520180717288 0.0270780280211002 0.031282533103461 0.0345205662506607 0.0647857228836471 0.0788106247108058 0.0949735293403223 0.107450430497364 0.112277110857923 0.12607905259818 0.116859067393676 0.125359871483047 0.125219470270302 0.127303538585417 0.129173853247082 0.132017358294364 0.125800367136756 0.128706620159519 0.141650235329798 0.140325493241462 0.150743955731944 0.141666796246686 0.14927844296704 0.14235839461528 0.14121977531622 0.150076670812662 0.14981614582664 0.14988489796123 0.155896003366549 0.162304139777056 0.153648651987495 0.152422028513315 0.141010918450585 0.133174271188453 0.119212486316018 0.118860836383173 0.113142083835124 0.107708025062369 0.101089569913326 0.0967728565648258 0.0886774830853492 0.091712993227274 0.0936758233147084 0.0981396340631655 0.0901636193539496 0.0909178379352791
-0.00902145330246046 -0.0117185916107206 -0.00838608160557387 -0.00248069209184391 0.0272147097176426 0.0305393281731401 0.0343310982105382 0.0610519880710353 0.0777134631210565 0.100022612342837 0.116099007930893 0.121793272586561 0.126267888459619 0.115465786095116 0.118027017753454 0.128938520447032 0.132325736753424 0.134589955083701 0.136005616235672 0.136087782912641 0.134720995663415 0.135751901802001 0.134700100060429 0.133902918423671 0.149904668924515 0.156334174892713 0.152340065616645 0.154663009327152 0.152587039351982 0.143764453118416 0.146085876724857 0.155213616643086 0.168250090860419 0.173104727041912 0.161370514787522 0.14978843980398 0.148261374040852 0.137873561796965 0.123295406530917 0.121663513443817 0.118206481862244 0.120884950520206 0.111409775058639 0.105390196213634 0.0971863219144181 0.0872177900780439 0.090240197559688 0.0930283806783627 0.088344689583372 0.0887310022945239
-0.0110635696410462 0.000465061023324258 0.0162959153500986 0.0275739785624867 0.0482905676624269 0.0592664438244469 0.0609004550787433 0.0800886173903567 0.102881188440457 0.119080207776478 0.127133329322886 0.123523624674018 0.124421041964886 0.120105861115599 0.124251226004745 0.133320221103546 0.138297234999485 0.141407484098108 0.135713273127505 0.131625687711308 0.130901521122704 0.127695501583282 0.140660488428498 0.131815477634689 0.141169402712514 0.142421287320422 0.142879911252651 0.149296913878601 0.153186278570811 0.153790783878086 0.156704959321139 0.157467137677938 0.164929428347877 0.164626989396879 0.153532453164989 0.145050953524759 0.144717293724775 0.139671274342442 0.133402206897512 0.121194406730209 0.116662962588331 0.116388189152577 0.119476833988472 0.119155957969853 0.107788361624234 0.0979888065288671 0.100510846253145 0.117739124070101 0.103638428260029 0.0963454893364982
-0.0131725561506068 0.00364215678637307 0.0225798037099487 0.0371530641489352 0.0518846844185452 0.0618153215199748 0.0769407836644716 0.0835205268454511 0.110472297269245 0.116073328449555 0.112461829820105 0.113088722586916 0.115550585448855 0.125062624420864 0.117912500330162 0.118993824165306 0.121053491237995 0.123642098894917 0.106785734556933 0.125202476637366 0.125794415024043 0.121508552567887 0.127282035547997 0.129070193989372 0.13549359798759 0.136256451147905 0.133065634293815 0.133114182232108 0.136539842374846 0.145254831133817 0.152773724765183 0.150207329266241 0.146142123445625 0.139059212149535 0.135705571488254 0.147249027216446 0.135098711979381 0.130967250359078 0.109957997701708 0.100237719760903 0.115452886917217 0.106082139370126 0.114129796335195 0.102374597841615 0.103671281650455 0.0933541030476388 0.103087423336883 0.112353504626909 0.11342638390124 0.0768524399056937
0.0139845972210482 0.0276522973134335 0.0531928832761118 0.0572093440938543 0.0652939257196658 0.075040009098748 0.084568829381115 0.0914943766089485 0.0991854344358384 0.10098601147495 0.0996294767501359 0.102007947558595 0.0961343140309561 0.0933596052598525 0.0959504077229683 0.106324439448551 0.104445377454033 0.107179619222888 0.0996438556510858 0.101600159099115 0.110324087796014 0.104304923074403 0.0937385974889283 0.100430090064529 0.108062448797123 0.112712628017826 0.113366499473958 0.124096981867721 0.131229281728898 0.122403448022584 0.126536088412283 0.135941651326364 0.137451474195733 0.130470507250269 0.120898087100694 0.124543343034087 0.126378246798776 0.112912966830924 0.109014254759361 0.110733086286195 0.101252968126414 0.0839446063862463 0.0954678880690983 0.100522546163228 0.0944167548357879 0.100458195908899 0.118470496326012 0.102219611795527 0.0877607365309533 0.0598974025833523
0.00868411172805193 0.0445169629252874 0.0454940530360994 0.0709100038118214 0.0840594356615463 0.0720542789149667 0.0769828539493198 0.0757134879396411 0.0825147127268193 0.0738752635033103 0.0883610503064926 0.080073856655922 0.0771734626172131 0.0760765597028237 0.0813222624175389 0.0909985790970069 0.0824934083982975 0.0840970604257976 0.0819295321296893 0.0875901159247246 0.0850468154863975 0.0708839649879753 0.0882588857682148 0.089726904432345 0.0890109054279957 0.0953365400209405 0.0961331272298753 0.102483652640641 0.105184205406789 0.105915541862485 0.112581384946108 0.110678439359491 0.122142031797399 0.104451228851605 0.109409046395805 0.098962501723865 0.111647136746033 0.105144506838743 0.0976262929108065 0.0915060467523137 0.0906231698950594 0.0775881782767636 0.0846990658549095 0.0885708839429205 0.0897097208078788 0.10357341123603 0.108629633082308 0.0768861658518929 0.0704715068389382 0.0570446966492755
0.0338801852974248 0.0563038653040969 0.0631131933045166 0.0669262132733876 0.0663537666777278 0.0654190527706284 0.0555046021622687 0.0594186304822615 0.0683953069754073 0.0634668815277443 0.0581138449160564 0.0609759022378403 0.0580605501369283 0.054061969551545 0.0583830618673408 0.0706046060485821 0.0623445635987876 0.0691611425445425 0.0634728485077629 0.0664915518316509 0.0673057631604219 0.0803693759158224 0.0737768016886006 0.0876310674977023 0.0852346393680193 0.089072683930104 0.0895769266981795 0.0905870254507942 0.0942991592494057 0.0941053136410086 0.0998076821304164 0.0882630003457643 0.0992495558802236 0.10372896772575 0.0908915483734849 0.0970758697433693 0.0829203786117435 0.0865344994675872 0.0904900753154985 0.0819658031385231 0.073702970460796 0.0766003954236464 0.0686095854674696 0.0811460833065424 0.0867967126790791 0.0907510710381231 0.093599296241341 0.0800313595346912 0.075218655727507 0.0532128344414331
0.0310770801649065 0.0481492817952687 0.0515435257800418 0.0465241677781314 0.0516238991067515 0.0530298646755687 0.0473791208787016 0.0450698823190146 0.0397908539735884 0.0460247989086529 0.0423904673823275 0.0428383293164048 0.0343040231957318 0.0476234459667261 0.0336420490237611 0.0491537101381264 0.0372995156903397 0.0502767145459404 0.0486863789480585 0.0680028561933466 0.067253144878491 0.0777672140704995 0.0738329029976542 0.0682209304809575 0.0880378537584553 0.0845104257332884 0.0862190911635144 0.0822855161889823 0.100415102157058 0.0840238022733008 0.0870211078287228 0.0903154632145221 0.0750002894936089 0.074631038935389 0.0732732859891959 0.0676386500988867 0.0679445454415407 0.0688428719053934 0.0772638181255653 0.0720368273544945 0.067742466095719 0.0638430917854905 0.0630840889517361 0.0612736385025721 0.0694665272118682 0.0840358560610749 0.0853746255281698 0.108380840131211 0.101160463220321 0.05197382993176
0.0324947228045908 0.0403203796807318 0.0262323352640687 0.0335604974435857 0.0337269686753866 0.0306345292021873 0.037918516556075 0.0299917615191905 0.0242893641494259 0.0238150043670845 0.0272463198514953 0.0269227530276364 0.0237876262549126 0.0362403240108021 0.0302368975184773 0.0327883726898166 0.0331917356405186 0.0401221090606635 0.0433462901779406 0.0480990935018744 0.0531431121532996 0.0670839701999581 0.0598561873641971 0.0678125551721987 0.0636149446644194 0.0839013715036273 0.0811200432785243 0.0804894163423327 0.0904753561869085 0.0821291945567214 0.0839580796616987 0.0758564573847152 0.0637525066013705 0.0713602145365787 0.0697055202944136 0.0582575005611312 0.0595151494011462 0.0613676529179405 0.0593149287960914 0.0693572352053718 0.0659675462674785 0.0686703190333891 0.0627121457874593 0.0540319023338961 0.0474307767722802 0.0646382220680149 0.0788600202297745 0.0938369738594213 0.0825093815885111 0.0293352087902378
0.00709120005067268 0.0222303801846815 0.0232140322143479 0.0267048876435749 0.0247035680019958 0.0152674805879754 0.0146490208269414 0.0245813052957796 0.0248414593243465 0.0127673978573863 0.0148616033549295 0.0155626964568163 0.0125385406887761 0.0299129884141521 0.0189959923420387 0.0180154860412445 0.0280412188868018 0.0330465178272838 0.0407020329913746 0.0422221984031547 0.0486760975911959 0.0464092832446607 0.0659096267386996 0.0605208385730651 0.0687170537767324 0.0788153817131283 0.0780250058130272 0.081310448975224 0.0765486615283204 0.0768215046491552 0.0674306526641444 0.0682592837271352 0.0455201609521737 0.0529678596888313 0.0552205189126724 0.0513878072455376 0.0597908430284893 0.0519260316213897 0.0502730999728131 0.0522262632155539 0.0598444054490736 0.0571637648543324 0.0465568529112109 0.0518183843331123 0.0688057868735048 0.0317716638517498 0.0319383410970588 0.0289094221614726 0.0129849826477034 -0.0012133620246174
0.0016150529255227 0.0117524420751921 0.0186979016858874 0.0142889167169465 0.0193830500890625 0.0166774766940325 0.0189583522796632 0.0111691198960122 0.0169879272576149 0.0175069949534628 0.0219671926933941 0.0126912543421176 0.00506927008382094 0.00929428127276973 0.00933301236688728 0.00668504112449614 0.0157703774107713 0.0181404393781077 0.024332962431434 0.0299453674418231 0.0396271136137447 0.0481051402871576 0.0525088615202225 0.0483240622981805 0.0675308886144679 0.0606002992319408 0.0614329289407472 0.0697027166542932 0.0783589087673629 0.0775522030966643 0.0654972319456726 0.0563776286378242 0.0389458546904133 0.0372522362634754 0.0522188101062833 0.0529596943154029 0.0488488690781731 0.051391298354991 0.047380760613149 0.0510828176859553 0.0546259213910944 0.0455335709955475 0.0372294386461506 0.0372326626295452 0.0278373663151803 -0.00180413238020794 -0.0100901443644733 -0.0341771291902277 -0.029304812090877 -0.0311094659571317
0.00112551388332317 0.00912589389007981 0.00649674890124777 0.0150941847445213 0.0048965361204369 0.0163866793620677 0.00961137791400166 0.0105939072861156 0.0125030252446324 0.00567707953460908 0.00711423225396886 0.0110964706420231 0.00694759441504626 0.00202393041436293 -0.00875312439618813 -0.00113853951185132 -0.0051282826673024 -0.00134236923265021 0.0108113318953722 0.020594383173437 0.0293384149641912 0.0361340675646056 0.0360336079890888 0.0474074852944317 0.059088597994096 0.0528056701005361 0.056330469519807 0.0711816387238027 0.0717390408928697 0.0641497617436009 0.0730585836199593 0.047103899690168 0.0333659032728024 0.0320883045029193 0.0372949427576283 0.0463996388292084 0.0399403522390105 0.0428903055585324 0.0386112659899512 0.0411355425881517 0.0419467429360753 0.0456367087180196 0.0477169210207682 0.035371784570731 0.017935157664241 -0.00608630580423274 -0.0302591603553645 -0.0327568029315386 -0.0519490155943311 -0.0767299182398797
-0.0143167230792062 -0.00282851573546717 0.00594336984798035 0.0036181342875494 0.00450528677217861 -0.00550391402740651 0.0030307949531111 0.0046620273794776 0.00373205809519428 0.0094629166948838 0.0107303982487885 0.0126699352998401 0.00840723987315675 0.00412282177852393 -0.00374217304830331 -0.0126287077451421 -0.0241680979213983 -0.0191886555894043 -0.0045656815800747 -0.00269496371242137 0.00729991931244271 0.0148619942545227 0.0286396755092116 0.0235259531459993 0.0449684166869767 0.0394500055540432 0.0375380121748433 0.0512560325950189 0.0502216836277908 0.0649110361596844 0.0525320131877052 0.0380245208341213 0.0146894989461896 0.00517736939629928 0.0115568652217977 0.0113979700384902 0.0235296682235201 0.0260857115095869 0.0159627958421888 0.014780404977754 0.0433735217858742 0.0563541569168984 0.0519935270884901 0.0369573042181949 0.00626603426172623 -0.00974200763701713 -0.0284573490593292 -0.053281430353361 -0.0719412332800282 -0.0788277264271742
