data/pcas/pcas_can_126/pca_referenceLayers_can_126/PC14.asc
NCOLS 494 
NROWS 529 
XLLCORNER -117.166666666667 
YLLCORNER -55.5 
CELLSIZE 0.166666666666667 
NODATA_value -3.4e+38 
[rows 0 to 21 of 529, columns 100 to 149 of 494]
-0.101698722687179 -0.109653050380871 -0.103582908827342 -0.116954652044563 -0.124812167807476 -0.117690133168006 -0.164611944437544 -0.169323109948064 -0.178133861777688 -0.187179380420969 -0.181388656729281 -0.170417077183955 -0.188498256540615 -0.172825740965293 -0.157893361758491 -0.150279107617562 -0.147149733736418 -0.15898161332229 -0.158088839155164 -0.153062710804529 -0.146672337641252 -0.136086468351737 -0.152493105135975 -0.159802008083671 -0.156499977717792 -0.140241892269276 -0.0801183932232171 -0.0832330880687956 -0.0929286653111021 -0.101648806903689 -0.116877117665951 -0.110140331630078 -0.114278633131495 -0.129557294764466 -0.135833897180766 -0.147118546944902 -0.135079156042364 -0.145949013693229 -0.16097976231034 -0.159043390072258 -0.144261373197351 -0.140267112889788 -0.13842347455576 -0.135979936189357 -0.129899277269733 -0.0946023360624614 -0.18343605836978 -0.213019863274901 -0.23303469224006 -0.239198507114843
-0.0920347533507841 -0.101586452635907 -0.106474274851649 -0.120701823642179 -0.121118671018145 -0.127297869243114 -0.182171018577382 -0.189192467022184 -0.186219630405012 -0.180768106854478 -0.17984429657716 -0.167528866476467 -0.17306325412266 -0.162005335664964 -0.153772841580279 -0.155945929790874 -0.160728417197872 -0.162605113450452 -0.153943124171331 -0.139154669692541 -0.140621158997126 -0.132460309015649 -0.147093716124045 -0.164474201021514 -0.150828261021707 -0.0934534780284871 -0.0912150776794269 -0.0965010508625783 -0.0981227449189495 -0.10680652204801 -0.107329383282415 -0.104709234923812 -0.107790516897898 -0.104793565451758 -0.128616980843595 -0.118327469345149 -0.130792502241045 -0.128166265547803 -0.154719175776945 -0.154075455033534 -0.124608182779138 -0.134141927103734 -0.11595344826763 -0.132569217868031 -0.115907666097437 -0.0937640636754321 -0.191521519086843 -0.211167833956946 -0.238686376730929 -0.230943724879311
-0.130011025507084 -0.101368687410344 -0.0992381815958234 -0.111413714972012 -0.130410485658061 -0.12734782108671 -0.17980881807392 -0.184311244147133 -0.182555933855347 -0.175928808130999 -0.179406907590577 -0.176345922675081 -0.160147932294485 -0.163063348873247 -0.161839419485236 -0.170288080666295 -0.165904601127988 -0.167608962519239 -0.172599523483051 -0.152905220061887 -0.145193069918369 -0.143472192625217 -0.163504895106461 -0.158813268015681 -0.105514324280461 -0.10510915406148 -0.103348783102877 -0.0994989612471206 -0.0996741839730911 -0.110709421315822 -0.0976258050187853 -0.099843873109506 -0.0947152994518648 -0.0848405257200704 -0.10939964267072 -0.118648966881874 -0.122930181416228 -0.138063922532719 -0.154984309181354 -0.149549354105265 -0.116202322351477 -0.118072793926573 -0.126212009836229 -0.121889595327968 -0.104161263948144 -0.09011124616798 -0.0963498475700338 -0.193284627027962 -0.216325932340734 -0.216601299779883
-0.127483093791865 -0.117013753507624 -0.123182788413252 -0.133584413663279 -0.142373608363967 -0.142714719489692 -0.186925913190556 -0.183300426617003 -0.192679694134688 -0.189990756033978 -0.177341434714373 -0.18902277680381 -0.156802896336778 -0.142630433547356 -0.170198357480755 -0.17353898732321 -0.173140722549602 -0.166087461938067 -0.167722037673404 -0.161176390032792 -0.162122705887227 -0.16147975241405 -0.155674259912254 -0.158678721114656 -0.112736178937644 -0.110377967305783 -0.122381557830162 -0.113239245100622 -0.114698068431063 -0.102530433847145 -0.104615353825525 -0.105671031963252 -0.0979186552228196 -0.0921707504226393 -0.0993775269283815 -0.108498695508646 -0.129154595115944 -0.138115290973664 -0.143362804638812 -0.109166388399013 -0.0997309453550894 -0.11316517950899 -0.1362125854142 -0.120343102874861 -0.100235352016369 -0.0866703927866749 -0.0783626139905041 -0.295705530153035 -0.300377537868706 -0.321704557056277
-0.122413054821713 -0.169763746494064 -0.138850478709683 -0.145778613113051 -0.13486992515625 -0.142302891356719 -0.184095020495411 -0.191160460892204 -0.193596984597082 -0.197280292453496 -0.186419410494679 -0.193976560822585 -0.183231961076547 -0.181481541622629 -0.177588249561012 -0.176930830742658 -0.173257361817605 -0.175834055270875 -0.161520928514566 -0.16678620815821 -0.16798405416827 -0.160811841279263 -0.151032147139488 -0.153214281675597 -0.09452075864362 -0.105783879700515 -0.115425189334715 -0.123848585934023 -0.123858756487672 -0.134059129147413 -0.115202141685183 -0.0975316235037264 -0.0930547395234399 -0.0800937058126135 -0.0976359557701322 -0.10966206870908 -0.132660131018788 -0.127775166923405 -0.140148802911256 -0.100003574876087 -0.103128453390468 -0.111435709363158 -0.124297323722698 -0.130477298016514 -0.112622269970271 -0.0799740408509484 -0.0677368934658644 -0.277092288679554 -0.289915477822216 -0.294616424008832
-0.143160117494436 -0.177575275211953 -0.189573055474424 -0.189803627523308 -0.133213761216699 -0.147817768119313 -0.191969556839663 -0.178560539880286 -0.176470553607697 -0.177594721392303 -0.190982523610984 -0.202979788456405 -0.19970363146032 -0.201698614243744 -0.206533448423146 -0.200582600297772 -0.197329133253165 -0.180018048923827 -0.168841405580467 -0.17199436152405 -0.164609596110417 -0.16097389987608 -0.151063215838161 -0.137352481478997 -0.123470158972023 -0.0964529205836086 -0.111417964880368 -0.108748208204495 -0.123474952083944 -0.122927748876644 -0.101160456517468 -0.0844729887709328 -0.0753750845402518 -0.0875280191837322 -0.097694966244635 -0.120669576164186 -0.129414699974816 -0.138944363553874 -0.0974182522261628 -0.0946762970500352 -0.0926727448083162 -0.126005834096902 -0.128683951681456 -0.114842919630539 -0.319284216791956 -0.283695865203684 -0.273970200875517 -0.274430731604056 -0.288110377322729 -0.309399717505351
-0.158345476455788 -0.190271763267904 -0.187374035764905 -0.181280142180632 -0.139158438959631 -0.149443897015345 -0.194957852538859 -0.184743167973774 -0.175474566437075 -0.17182467208539 -0.193297445692015 -0.202545700965366 -0.197845774439129 -0.203134145188371 -0.218256064779833 -0.213703947809175 -0.210192942075856 -0.191340275427358 -0.167473267774018 -0.169877054778275 -0.166466017896853 -0.157601896481846 -0.160861723038533 -0.135927319941258 -0.0908054093409377 -0.114205231006337 -0.111078938724489 -0.101533322005375 -0.163405795715784 -0.159375584738851 -0.146884674309873 -0.132835569598227 -0.126430313749255 -0.098732708957907 -0.101099819727184 -0.128166779445954 -0.141415928989162 -0.147570749225014 -0.114669526927338 -0.112979450087156 -0.110510596664334 -0.123139951879041 -0.131393423513461 -0.103249723050542 -0.285935990874503 -0.290758256836996 -0.276807011523516 -0.287704024225807 -0.299597574287676 -0.30906127541103
-0.174643746699372 -0.18705472818133 -0.187329619506836 -0.150641248708303 -0.142203171130491 -0.14827012384623 -0.144445024065204 -0.13675589178753 -0.178920209018394 -0.180765145739251 -0.192567789353612 -0.186159395944134 -0.20081844967873 -0.202870325047981 -0.197506768798989 -0.200029200641364 -0.194409634211721 -0.181864540106226 -0.172777817753467 -0.160395264815686 -0.160947084111407 -0.163160825550047 -0.153011625915348 -0.15206990843286 -0.111780082461038 -0.116203265926437 -0.111209505354991 -0.112921109852135 -0.166997175919579 -0.163737029114703 -0.156288501663233 -0.147762274077172 -0.158782615803713 -0.168048768527411 -0.159604949037089 -0.13784468277189 -0.140884118521038 -0.141740005751446 -0.116988638497397 -0.120426813258109 -0.0934005778089759 -0.105792224484099 -0.103165925501113 -0.0732507401228476 -0.24800411552805 -0.258393582650369 -0.284791236169589 -0.318519684315643 -0.324541346991308 -0.317842802971846
-0.169849554421913 -0.160748694728121 -0.140550639279493 -0.148516334432979 -0.153465688626398 -0.141630963956534 -0.13864433855333 -0.130524668214909 -0.137170983380258 -0.187773262946308 -0.186011866901364 -0.176634965675861 -0.180860951179932 -0.178781122555975 -0.177789749153944 -0.169925246834781 -0.165319093879512 -0.159522547783394 -0.154391936007136 -0.154908192594457 -0.148612812445835 -0.160841289900647 -0.149473231063103 -0.144261541970308 -0.114717692482763 -0.124021944933179 -0.121104150990934 -0.17857574445549 -0.185406979823912 -0.179739050877443 -0.181227866801304 -0.190042268630294 -0.193257474485594 -0.175681528875473 -0.184808753655723 -0.179018294063645 -0.135417540098993 -0.0731978713152344 -0.0877418413052604 -0.0992376396540954 -0.0866263369797737 -0.0787449653266738 -0.0875517873501544 -0.0654092025596722 -0.248159476680807 -0.2545531624213 -0.258975772460294 -0.307415653084508 -0.342696596189021 -0.324898862834066
-0.175446697534851 -0.176708298366792 -0.156772770346558 -0.170160038794072 -0.161069702424671 -0.155165203056384 -0.142527532686057 -0.140984327558221 -0.143863253666647 -0.171229868900863 -0.164996780102499 -0.164899236962297 -0.165161611874726 -0.165063850122734 -0.152214415367032 -0.161009056140877 -0.168593085227523 -0.148491016022917 -0.156692858922008 -0.14772081418977 -0.15270208079472 -0.147121141696035 -0.146747122520496 -0.14920882492059 -0.161841760428547 -0.169049242789711 -0.177716854008738 -0.194716702460351 -0.190318682720743 -0.19622889058569 -0.205297056628336 -0.163443345045701 -0.162681155551354 -0.190781794226914 -0.19074888337684 -0.180486832269712 -0.142961837236167 -0.0890563597740693 -0.0722796019824841 -0.100601920633898 -0.0943963543874085 -0.0873475437933425 -0.0769347369606178 -0.0558203044075804 -0.221574107230937 -0.241264325161281 -0.255003405392153 -0.283348270809229 -0.325788637908903 -0.328786863501396
-0.190382662815259 -0.183711762926387 -0.173423752375769 -0.181327025754452 -0.178665917432623 -0.16528295126921 -0.164975523371001 -0.156922005451213 -0.144594348155373 -0.178820735121515 -0.17502947905573 -0.153694850404985 -0.156501156756064 -0.162903794966985 -0.156307471655706 -0.164975707167295 -0.164848441915943 -0.163387939604651 -0.158653790377242 -0.164490121758335 -0.161175235509754 -0.133688557184145 -0.151667810160119 -0.159824354383746 -0.164966314744286 -0.163320042620765 -0.164350563976867 -0.17871642197019 -0.178464067436539 -0.17288118970183 -0.186837269876138 -0.152327024436797 -0.156404709466752 -0.162149066971202 -0.165746414680064 -0.1472608738035 -0.104454716777561 -0.104896779887381 -0.094695474355141 -0.102460433584272 -0.106529303929307 -0.0827509622352584 -0.074893371217093 -0.0924142203586344 -0.108425975535382 -0.117801774590681 -0.134590697664165 -0.144842351048328 -0.31894192057852 -0.318599244021471
-0.1972985618329 -0.173520049702181 -0.175999782558729 -0.168738749412558 -0.174545372252746 -0.171944655300663 -0.168071599787269 -0.165073422065098 -0.202518576391605 -0.202525050797852 -0.186632367610331 -0.174534735594892 -0.169175327218276 -0.172498955683058 -0.167561413687369 -0.174242906978988 -0.174855376262977 -0.172984794935845 -0.164463650593607 -0.158847287543668 -0.150283631712336 -0.153052720299786 -0.150501585247136 -0.160047164584387 -0.154552179769305 -0.148354764914721 -0.154712405487097 -0.152655187022341 -0.158746938713869 -0.163654359439268 -0.166543330821141 -0.133519444284556 -0.131042143690437 -0.156775225824506 -0.164495958968078 -0.160984631178452 -0.147353043349262 -0.106270064631001 -0.103000300673579 -0.142033431408545 -0.157132818795001 -0.150593339590284 -0.153249898287276 -0.137398736317609 -0.135708636894728 -0.145470237090385 -0.158438765196398 -0.180883838495031 -0.17417938530727 -0.172441776191453
-0.187516704145826 -0.185394833616853 -0.168920103710587 -0.169984048537361 -0.167214312481002 -0.166930413141292 -0.162338606003043 -0.154180389015998 -0.189111812902418 -0.167102277607701 -0.168724804547683 -0.155008975942823 -0.168669996100019 -0.169119630241815 -0.172991330365746 -0.175170642394772 -0.172564039196907 -0.163901975837706 -0.166731116930686 -0.15445489719537 -0.158396263330569 -0.163357071274085 -0.154602093007502 -0.148588829689485 -0.153926155313396 -0.144669839676963 -0.141983183235567 -0.156209005249958 -0.152516615412186 -0.159000689306591 -0.177009525827824 -0.155367602457247 -0.146159738451993 -0.166123298101914 -0.175174659780914 -0.16818346600979 -0.161763645385428 -0.163573512406974 -0.166105331420842 -0.192715355763684 -0.187631952864138 -0.183754493105109 -0.170498682949665 -0.163626388595364 -0.160019030076457 -0.162292907201019 -0.166605560599308 -0.192069948528756 -0.179409707832644 -0.185420529872882
-0.181381351266211 -0.166690201033165 -0.174321511817008 -0.165426131523022 -0.162220049449975 -0.154888987885408 -0.155256314858882 -0.140322136411511 -0.132419590918397 -0.121596206707969 -0.156133525673693 -0.168430759926232 -0.157456676401254 -0.158654806928385 -0.15997979276726 -0.155164409178214 -0.161882640586765 -0.163161329931151 -0.158028078137993 -0.156677371114793 -0.161094701783927 -0.151151452331865 -0.145787246818772 -0.129053595588569 -0.13234193650685 -0.142721192396444 -0.148791685711121 -0.156551134566577 -0.167237117507867 -0.159609474170762 -0.14875273795837 -0.154929727688971 -0.16730424735906 -0.168488606374906 -0.160602299360496 -0.17054283667112 -0.176349186303476 -0.173429368191665 -0.186961036670921 -0.179743003458784 -0.177335661766217 -0.171579977455486 -0.169153827902527 -0.168744821420225 -0.159909742937994 -0.147936731487478 -0.163654052081493 -0.189413812372581 -0.180452792709514 -0.186058561473983
-0.191157118685186 -0.174677794380532 -0.165968844918893 -0.165800773810177 -0.154794645811883 -0.1661271658389 -0.155276466115043 -0.153471249647672 -0.146989159411867 -0.166720382393001 -0.171178831107388 -0.164194810516175 -0.160202777464356 -0.165625335659556 -0.16398823151471 -0.148441323446948 -0.149795449097318 -0.163926857138858 -0.164834076737661 -0.150874621142886 -0.147195627329274 -0.130121779512329 -0.113264442599592 -0.10575540397841 -0.103576355129796 -0.141762714299934 -0.174035305167839 -0.188869649042442 -0.177321693312016 -0.119933375336257 -0.130295179756978 -0.149346741950883 -0.165519378763354 -0.150362065432628 -0.15567004228731 -0.159215448207701 -0.157978702634832 -0.161399035433244 -0.167261782379037 -0.17134121092138 -0.167639312210952 -0.173668952868635 -0.170473319769166 -0.169199955660549 -0.176676528215369 -0.166543264780925 -0.159624569374672 -0.179533483291751 -0.174967961899139 -0.176647195962148
-0.17891138783276 -0.180131244349615 -0.169025186661674 -0.168714525775415 -0.169261516603013 -0.179668987184873 -0.173257543841114 -0.165076230581748 -0.147366767949655 -0.169106065414921 -0.163014485345122 -0.169477396670271 -0.164643625962068 -0.167057364350709 -0.156953558717894 -0.157555765880735 -0.162127105476911 -0.148649440655056 -0.136151561402423 -0.134305211794956 -0.143707269085241 -0.119315717553169 -0.106135154771514 -0.108406215696272 -0.108827557820669 -0.153116747067259 -0.170367301092637 -0.165363303605873 -0.160940362661822 -0.103327728986567 -0.114782256984386 -0.125823591252077 -0.12915373623452 -0.13609152922827 -0.135184377539392 -0.134518910413138 -0.151365181645839 -0.166122871536981 -0.160044547028503 -0.144497382301018 -0.160417137396684 -0.174359132502427 -0.186178863875539 -0.192745363456301 -0.205219536040124 -0.180176736095352 -0.17060504378931 -0.185112292151149 -0.174359927733003 -0.179641284173195
-0.188988209617342 -0.178427468394361 -0.172103660000508 -0.163020532675485 -0.183236057600068 -0.17930383507366 -0.168906943925573 -0.147393337023876 -0.13996012956052 -0.180451612962886 -0.175093731741201 -0.182675366967855 -0.169589648608629 -0.165557328034418 -0.160258860141666 -0.164569679704968 -0.166606397780001 -0.13750666378353 -0.126731645171293 -0.129705774539897 -0.141056503009579 -0.13107297818026 -0.116376169200123 -0.118178683075676 -0.11805713438823 -0.142205684039294 -0.146022248391435 -0.143238914628012 -0.149782073266036 -0.0925304068782928 -0.124974745328318 -0.113877194999585 -0.103783152812686 -0.119294343295507 -0.120071633243802 -0.119085049765363 -0.137691401100653 -0.144539097621564 -0.150357338894491 -0.140807976372251 -0.147115359945222 -0.179647593187544 -0.192517842716559 -0.183206998473479 -0.185054341209373 -0.18128948521506 -0.168990656256358 -0.173388482523431 -0.159028071092921 -0.167391234505411
-0.176307153605031 -0.162885895804147 -0.170544310599791 -0.175074304437542 -0.16707222973942 -0.151046789779001 -0.141496875211489 -0.150790077822203 -0.153135659652031 -0.174311524164122 -0.166697192882466 -0.185300028966277 -0.182137679349464 -0.181660144538139 -0.174222696748793 -0.177412014355524 -0.155669693065966 -0.147248625940546 -0.143300722473623 -0.141686264069019 -0.139180926511712 -0.142500792095998 -0.131491188552844 -0.0970862035095437 -0.0931465640745873 -0.0595982479904086 -0.122074410407845 -0.128185156708622 -0.0739163427237988 -0.0916124280135283 -0.106326050166129 -0.0973886241291486 -0.0899214584300937 -0.0985036850567824 -3.4e+38 -0.129552607554937 -0.145190760499996 -0.146619556135661 -0.137375485229431 -0.140049645478517 -3.4e+38 -3.4e+38 -3.4e+38 -3.4e+38 -3.4e+38 -3.4e+38 -0.179988332655639 -0.158459695176098 -0.141373820449945 -0.159734618225441
-0.162754967926237 -0.16160823217236 -0.161649949461652 -0.174248881997016 -0.167227326095954 -0.138647777187306 -0.139905914307009 -0.1460427824855 -0.182036404236193 -0.174749040519148 -0.179500314268241 -0.184518367107264 -0.195184179408001 -0.18483668222065 -0.18024330285234 -0.169712866557188 -0.149006634344136 -0.148092987130969 -0.150472128826105 -0.162847972339028 -0.154740135721933 -0.144085197183307 -0.128944987211538 -0.0609371110254381 -0.0631480404499784 -0.0684313030457501 -0.0635940325648697 -0.0713861821008588 -0.0878714802633532 -0.099468190238235 -0.110201866178797 -0.107142095175617 -0.0967134736809011 -3.4e+38 -3.4e+38 -3.4e+38 -3.4e+38 -3.4e+38 -3.4e+38 -3.4e+38 -3.4e+38 -3.4e+38 -3.4e+38 -3.4e+38 -3.4e+38 -3.4e+38 -3.4e+38 -3.4e+38 -3.4e+38 -3.4e+38
-0.188030164234741 -0.149834339196874 -0.156488460671958 -0.148862737632032 -0.137140354713859 -0.143502599446678 -0.148573146263755 -0.140713060904217 -0.182524134482245 -0.181987635684103 -0.19113954485241 -0.195220052447374 -0.197102988614026 -0.176364180543711 -0.162024979196792 -0.156345191885404 -0.145653319902461 -0.141968121182882 -0.143283762024869 -0.151411358108831 -0.162661664170835 -0.14982004285695 -0.125828055588477 -0.0733539263277527 -0.0708065385839479 -0.0665605229468149 -0.0774301617881514 -0.0681103216762026 -0.0883881362193712 -0.0984419384498488 -0.110087241508576 -0.114304450899863 -0.12651440774424 -3.4e+38 -3.4e+38 -3.4e+38 -3.4e+38 -3.4e+38 -3.4e+38 -3.4e+38 -3.4e+38 -3.4e+38 -3.4e+38 -3.4e+38 -3.4e+38 -3.4e+38 -3.4e+38 -3.4e+38 -3.4e+38 -3.4e+38
-0.175319967020989 -0.176726994660899 -0.159137466189514 -0.172332582032447 -0.169985211130349 -0.174369017380084 -0.134039610750499 -0.13393998608472 -0.164119774990281 -0.165772564241196 -0.169338251643818 -0.180960209054061 -0.176696673323786 -0.158786212067789 -0.143174583280228 -0.118623589330985 -0.0889358215336599 -0.091416230621381 -0.102247025900924 -0.11496959386159 -0.122872727855653 -0.086163940123035 -0.0778599999348213 -0.0735752376981667 -0.0716269769722186 -0.0773707946355501 -0.0670037580107817 -0.0736911574675406 -0.0786787402235856 -0.1088901437784 -0.118077843494643 -0.118490282092914 -0.123953267887496 -3.4e+38 -3.4e+38 -3.4e+38 -3.4e+38 -3.4e+38 -3.4e+38 -3.4e+38 -3.4e+38 -3.4e+38 -3.4e+38 -3.4e+38 -3.4e+38 -3.4e+38 -3.4e+38 -3.4e+38 -3.4e+38 -3.4e+38
-0.175191818831414 -0.170696783705797 -0.180152178732161 -0.166482156569097 -0.14966410113431 -0.153425773100482 -0.147730676125595 -0.14718427988174 -0.142162517751572 -0.14066224351372 -0.149473745510001 -0.15958283413464 -0.159212106282976 -0.142419355334036 -0.104251777865747 -0.0867736266237768 -0.0421024055312532 -0.0621742628890637 -0.074047852622611 -0.0854592502999603 -0.0525151721832097 -0.0631729413252934 -0.0660071359424806 -0.0784862985123692 -0.0750944202675993 -0.10386443980207 -0.0749266954684256 -0.0799695108740847 -0.086239743802011 -0.102528898006265 -0.12362453324088 -0.0960665001574817 -3.4e+38 -3.4e+38 -3.4e+38 -3.4e+38 -3.4e+38 -3.4e+38 -3.4e+38 -3.4e+38 -3.4e+38 -3.4e+38 -3.4e+38 -3.4e+38 -3.4e+38 -3.4e+38 -3.4e+38 -3.4e+38 -3.4e+38 -3.4e+38
