data/pcas/pcas_can_126/pca_referenceLayers_can_126/PC15.asc
NCOLS 494 
NROWS 529 
XLLCORNER -117.166666666667 
YLLCORNER -55.5 
CELLSIZE 0.166666666666667 
NODATA_value -3.4e+38 
[rows 242 to 263 of 529, columns 250 to 299 of 494]
-0.0354623817173853 -0.0356159827150546 -0.0194202335794792 -0.0116795607569275 -0.00419636695980332 -0.00154469754037707 0.000386891171931542 -0.00757717358227987 -0.00983736239794549 -0.018826519743968 -0.0146243776565319 -0.0026531435618131 -7.5434732466133e-05 0.00788776149341403 0.016511184004602 0.00511800829398969 0.00435776999428739 0.000921206358404145 -0.00851467103802805 -0.0134818198897558 -0.022429169794394 -0.0281478179149896 -0.030984117655962 -0.0178534794010995 -0.0389833691987234 -0.0556485514144913 -0.0496685348105042 -0.0320457126740318 -0.0444096134201291 -0.0540834827582634 -0.0653463659938222 -0.0697624427643505 -0.0647157546485062 -0.0435231206114662 -0.00997428931160139 0.00494460432970075 0.030383065566904 0.0480969879720866 0.0546468191324511 0.0523049080524831 0.0491194881980248 0.0635236118190405 0.0668922745515792 0.0758461309228174 0.0832391589237065 0.0917642766202507 0.093002388859993 0.102092218715877 0.0802807135164704 0.0462148104591882
-0.0323830918864099 -0.0279633552143988 -0.0274135565828463 -0.0137202507460857 -0.0075829834355795 -0.000695536491457752 0.0106207850193969 0.0107489184693206 0.0074897924443224 -0.0151132219222715 -0.0096127223334646 0.00163632851605476 0.00395591006512187 0.0226323759157895 0.0294376877723236 0.0247004831826673 0.02206003977887 0.0188920807732108 0.0132851666928467 -0.00216589610439921 -0.013588952260079 -0.0191117434930653 -0.0181894375376943 -0.0155290558647762 -0.0246673577093283 -0.0402859364780437 -0.0315949982966693 -0.0250054495068139 -0.0478651232497311 -0.0716501168807566 -0.0919067870366365 -0.0944696529419179 -0.0797786861627087 -0.0642324009203201 -0.0358441752128706 -0.0121261756098082 0.0112095060290316 0.0346725360104636 0.0449905897203174 0.0450584399207968 0.046352899594987 0.0579253212352269 0.0615519373391574 0.0658529919677178 0.0737436044178569 0.070340155702841 0.0674680943466252 0.058491980040711 0.0474642884378966 0.0151663194521578
-0.0765648930827663 -0.0105494606495696 0.00569457028039253 -0.00603644279741325 0.00150336289272555 0.00702064705004211 0.0192895664767098 0.027460598857242 0.0192836398542723 0.000683083356180793 -0.010832890710106 0.00178034391579829 0.0117011117865494 0.0297294188270544 0.03512884295203 0.0376642502438858 0.0355067027863269 0.0302349307645557 0.0231761287927043 0.00143628264016178 -0.00511257290564078 -0.00722547606169456 -0.0184429378593723 -0.0176264275649282 -0.0277126701121743 -0.0389256820086879 -0.0405843845242699 -0.0357067291631527 -0.0428914493519647 -0.0814275843393879 -0.121572000377766 -0.126133322371607 -0.0948313866719886 -0.067467064037832 -0.0375362631375606 -0.0093114139571784 0.00282655481442506 0.011238948044732 0.0291730339523426 0.0309928517316032 0.0436642405081068 0.0487124647730063 0.0439508056207405 0.0411918651809382 0.0388552521661298 0.0430857555360009 0.037339595070795 0.0227327447593866 0.0104830029600936 -0.013961757410102
-0.0659453747898075 -0.018430056373506 0.0185183923610116 0.0113308135107745 0.00609386115174059 0.0129492941439813 0.0248868596906918 0.0299117461919551 0.0300796261365843 0.0168104313670005 -0.00222662679260292 -0.00175310933576684 0.017330826028331 0.0304278289268384 0.0335486610447266 0.0454069614741597 0.0488381908506052 0.0359432596895961 0.0252175047670356 0.0124832519302184 0.00323307035286757 -0.00325777523985846 -0.0208189403015176 -0.0288677110997665 -0.0311157733500239 -0.0367392162967784 -0.0554819826207244 -0.0533898080702234 -0.0680700310364418 -0.0957793335671113 -0.136852656705588 -0.133473804662789 -0.102063479970944 -0.066528962869321 -0.0262391492233125 -0.00858344370374329 0.00666543553928372 0.00939046688705671 0.0211988223376607 0.033089459832858 0.0378983384521327 0.0375616668841506 0.0308452682402228 0.0252677214035999 0.0225254084436176 0.0117727594239911 0.00278219048305438 -0.00398606306113439 -0.0258091007327428 -0.0272179520266166
-0.12747379255773 -0.0467627226177273 -0.00792528070440817 0.0139673321109731 -0.00550109483614239 0.00528663033608801 0.0237533068536893 0.0326873253555209 0.0370155402698167 0.0225818519348703 0.00967175818849159 -0.000994249764774108 0.0176804477968092 0.027009659008524 0.0300359374045847 0.0437183145364863 0.0485656751470837 0.0406319618363181 0.0251151663107912 0.013415547277989 -0.000664087159557077 -0.00214319497116749 -0.0215198851498952 -0.0262316704018357 -0.0359092654255858 -0.0468793269693487 -0.0565622629604037 -0.0743026047527831 -0.0842325434473769 -0.108867131263862 -0.118641108015964 -0.110361880739279 -0.0877722169961331 -0.0592436902524327 -0.028742612300962 -0.00650415325253031 0.00306830008913473 0.00684169069787838 0.0180906865496324 0.0318107011473605 0.0331294667872621 0.0220675342283908 0.0249031677775867 0.0174417859179952 0.00732385517505708 -0.00526936192776659 -0.0121327802953239 -0.0239593887596201 -0.0296005885599035 -0.0266072194161263
-0.146404670560053 -0.0424238017944219 -0.00736665095895757 0.0261218821573492 0.0054096523423919 -0.013344161761906 0.0266024704103578 0.0440943276652554 0.0341871400226768 0.0252912826459752 0.0111232203794422 0.00408751377157937 0.00931777240243985 0.0172884050168555 0.0260184367523978 0.0332620688207139 0.0341536967367651 0.0324704254166095 0.0160762146776726 0.00893476676000878 -0.00484549076523385 -0.0106126270417741 -0.0144999845533662 -0.0187992999952775 -0.0352244998897821 -0.0499263311212799 -0.0649265492190135 -0.0751018766342859 -0.0772795531877526 -0.0928235721947084 -0.101877693830744 -0.0953701173279843 -0.0722979980931139 -0.0561220504982626 -0.0297100126830793 -0.0172019890621865 -0.000661677612239007 0.0179133862766621 0.0239341776028411 0.0385371573884998 0.029830828125512 0.0229972562374601 0.0202310369178179 0.0122313237244992 -0.00101002859201148 -0.0166589183401645 -0.0238131327375917 -0.0384507930649315 -0.0439226739520901 -0.0360618008689004
-0.157827423616948 -0.09138896363619 -0.00642833994691099 0.0207703821000221 0.00262469181279695 -0.0342263185589427 -0.0113945714580648 0.0198427388448383 0.0205065693732951 0.00709071959978512 0.00260716148849403 -9.33590999552796e-05 0.0010633335330513 0.0103854864559748 0.0143925034723256 0.0175957878204061 0.0203944559345428 0.0181232428330865 0.0153348378041972 0.00882386208979 -0.00522696169508854 -0.0193251992253885 -0.0295362175823658 -0.0293398225118139 -0.0328969264538564 -0.0447262173259037 -0.0673362878086622 -0.0750967698988994 -0.0804195418914269 -0.0778865486650452 -0.0855033678798991 -0.07986897034961 -0.0583614690963071 -0.037362408218767 -0.0281630522425369 -0.0178940271042087 -0.00333199510662711 0.0151345695416414 0.0400620008368649 0.0455181050482086 0.0378530405858031 0.0256191859506486 0.0228602952923041 0.0160627535457663 0.012071465949738 -0.00851231327765422 -0.0237989728388916 -0.0436437891239533 -0.0520766939484174 -0.0331514276240168
-0.131416217435919 -0.0793280408304946 0.00459878914139067 0.0133080281088802 0.00303221260382538 -0.0354558874820179 -0.053693706355242 -0.0248505710177872 -0.0101047157205976 -0.0144211642957052 -0.0135947944735001 -0.00349458505588152 -0.00663440106376638 0.00513844344549584 0.0115296321025959 -0.00251879074907862 0.000145692300310198 0.00915537756080277 0.006666697646756 0.000462548715786836 -0.0100894928289206 -0.0208520271235139 -0.0289842387924781 -0.0366258667015883 -0.0402464200517841 -0.0421203327193012 -0.0602875170651217 -0.0722826317230139 -0.0724186496031911 -0.0687273327095729 -0.0727691026960052 -0.0650693253486771 -0.0409970839808056 -0.0208934141270591 -0.0127687711173701 -0.00835573646836882 0.00373780682031288 0.0183655191666393 0.035480380548757 0.0498901164596491 0.0539728985324813 0.0383797007603643 0.030329690162631 0.0232600516998789 0.0150770691595378 0.0056680206518257 -0.0104659915043281 -0.0249358783006817 -0.0226576348478286 -0.018701324057378
-0.074600739806624 -0.0403402556791273 0.0163393990646998 0.0207039914181642 0.0139521044875152 -0.0147020625327978 -0.0487603244089921 -0.0530563825454124 -0.0479506757830507 -0.0378746360872151 -0.0236058292583611 -0.00896098903348921 -0.00409620909064148 -0.00431059421428351 0.00784921706187466 -0.00329510364845139 -0.00163401362967014 0.00929408949038313 0.0020662865781421 -0.001979559581514 -0.00828380827392428 -0.0192156045619564 -0.027851129153531 -0.0372465487774619 -0.044517957773686 -0.0481105272290441 -0.059137068081969 -0.0639415861286605 -0.0659364102104268 -0.0689811221806885 -0.065798869440883 -0.0511841124507345 -0.0370671867135036 -0.0119389975570595 -0.00272008671197763 -0.00540734071166117 0.00329028068768461 0.0141537591935539 0.0355267247960378 0.04836521713683 0.0500739007648435 0.0413310096371457 0.0349310121405998 0.033945362533844 0.0205577381549848 0.0125292126701467 0.00500384089881803 0.00611409650886287 0.00459694782323935 0.0160259327100095
-0.0386786289924142 0.0315019280142149 0.0228848931532761 0.017246223501776 0.0139791429670181 0.0117571938627637 -0.0277015275136802 -0.0377370063291059 -0.0450784686011595 -0.0371987209793726 -0.026344991694634 -0.0238067843166486 -0.0109000176908173 0.00269769485196166 0.00183206797141473 -0.00156349444610429 -0.00191910503715731 0.00636071711271979 0.0017835773283262 -0.00182772080414863 -0.00789389114794341 -0.022353976477937 -0.0323660646498149 -0.0344013389141865 -0.0353300187913305 -0.0480943073936629 -0.0554457808927227 -0.0504639827255491 -0.0587548352014728 -0.0593268395213537 -0.0600115896182926 -0.055770770162694 -0.0391529602156562 -0.0199111185666982 -0.00648666257085099 0.0013352062504374 0.00507636495530344 0.0163783681165499 0.0260467949159228 0.0452934456248451 0.0423988366892135 0.0292296443642694 0.0313227150411263 0.0373506135386606 0.0212818276922357 0.0120738595527373 0.0114897525714681 0.024343801287808 0.0293435710263849 0.0334183818536064
0.0287995173342479 0.0392238697154233 0.0369272778129176 0.0221063846424134 -0.0183242797114467 0.0118100666167584 -0.014554150287139 -0.0299205637927614 -0.0389491527553403 -0.0329804918226019 -0.0297066335811261 -0.019497362684799 -0.00504990629093419 0.000412981085851803 0.00354827497312898 0.00789227386606177 0.00894348115231985 0.00534874663669773 -0.00422198738545813 -0.00687571197677923 -0.012307056395309 -0.0236953980464436 -0.0326500728524826 -0.0374380701633573 -0.0305109682787207 -0.0440460419804274 -0.0471595502941423 -0.0489388351458513 -0.0490721134599439 -0.0479083302219456 -0.0491885795131152 -0.0510716570926794 -0.039069536221052 -0.0262367389840396 -0.0174124954055897 -0.00719832152791189 -0.00226090668706625 0.0129231068260833 0.0234752975238888 0.0430339726296546 0.0417458842465378 0.0281937906715209 0.0382689629906031 0.037270758434758 0.0358582742569328 0.0214789173829431 0.0306173860373987 0.0303620492705111 0.0327982244944971 0.0311652014862315
0.0443328395992409 0.0400831582930056 0.0637859252235339 0.0457098098187507 0.0164540211402002 -0.0290832811311762 0.0168245067056367 -0.0139649651832679 -0.025611333162412 -0.0260420069765125 -0.016804169936152 -0.0212448549589618 -0.0104076396296805 -0.000738269674213506 0.00229763295144967 0.0102044113262822 0.0120677548397574 0.00950645622452091 0.00156118700144904 -0.00995151533280893 -0.0094163946533188 -0.0196344417041101 -0.0287695793800542 -0.0295990762321356 -0.0260476244856606 -0.036096350909103 -0.0419627139494923 -0.0431714898732731 -0.043956851688302 -0.0443941140801475 -0.0441832789801458 -0.0478719744223213 -0.0435833965756829 -0.0311788490162192 -0.0179272743879716 -0.0105266755275849 -0.00381181969746844 0.00604008311839024 0.0114163322638417 0.0250555176683689 0.035384078611736 0.0287330794009063 0.0401568153565746 0.0365725288302768 0.0410220971972448 0.040878040778029 0.0411922609278207 0.0443840304752874 0.0406616139926757 0.0366355996062706
0.0680077449125882 0.0613547902666213 0.0809619297685621 0.0739281504451346 0.0353524597542454 -0.000708186107979816 0.0159182904070788 -0.011349478242009 -0.0145021066444893 -0.018160903231969 -0.0154050401597866 -0.0123491740692703 -0.00645452455681456 0.00410016157221466 0.013196622798483 0.0135823642853647 0.0145253318013235 0.01158807884604 -0.00111889421479292 -0.0135499240718019 -0.0127886597875552 -0.0111956438789764 -0.0218602478756316 -0.0306139791359306 -0.0306780895863921 -0.0394356258295202 -0.0434300651682998 -0.0470769599564684 -0.0498002545660796 -0.0476670654187679 -0.0458046661446398 -0.0409379080527463 -0.0439972784982227 -0.0411404121287791 -0.0314808583762106 -0.0225858583699848 -0.0181250511180843 -0.00281250042209124 0.00585031723904264 0.0132510573308363 0.0190090546740111 0.0258133577608403 0.0395087335496579 0.0407895422127069 0.0377636392418696 0.0451547343780289 0.0429946312545526 0.0480591604861071 0.0424155908717039 0.0467143424986838
0.0817952691537729 0.063989623143408 0.0771015419268616 0.0900623939161973 0.0312724091859906 0.000332303415994314 0.0160334887108675 -0.00503289943526702 -0.00584791800081988 -0.00521519594360412 -0.00827349536929302 -0.00768022363174594 -0.0029595818835666 0.00332684965094411 0.0158547960168556 0.0198569705968787 0.0157209365419791 0.0186138196592184 0.0120950108597582 -0.00401144481723869 -0.00722962384502887 -0.00384686324328348 -0.0122056386950902 -0.0195608793577297 -0.0249072180679165 -0.0284016666725017 -0.0382413945195407 -0.0423982422536241 -0.0427295788925168 -0.0438497681060217 -0.0463474531768752 -0.0419099318393259 -0.0369948406666576 -0.0402755191880815 -0.0330686081710029 -0.0253630412924328 -0.02125875899498 -0.0127980067035118 -0.0065222929972692 0.00547067668122154 0.0128913086716417 0.0254238793207114 0.0309950635331006 0.0375727627070508 0.0374646611955471 0.0459429413516571 0.0489818265706098 0.0551906751073669 0.0535209836179231 0.0477175384764076
0.0549243504356778 0.0564488055105649 0.0586664556670936 0.0409779178237835 0.0320519411965301 0.0211801701976435 -0.0118493591249678 0.0187286003215727 0.00511638356540306 0.00172119867106768 0.000467565423727575 -0.0042823594087288 0.00384461379884779 0.0197702881611402 0.0248459141135528 0.0263499357150048 0.0286758870617082 0.0219111793494552 0.0160419402091249 0.00581996303317268 -0.00385691653593373 -0.0082445615628268 -0.0120659746401562 -0.00748121078957299 -0.0155300077898752 -0.0193780430844738 -0.0305067228591369 -0.0370637682161541 -0.0397453739646278 -0.0420485257792749 -0.0451904472240272 -0.04787215340207 -0.0470024269872696 -0.0440375798753467 -0.0408497496567925 -0.0331611883766791 -0.0232488373619564 -0.0137127748730492 -0.0103872149995005 -0.0014184374599158 0.00864608271068984 0.017550905526557 0.0233504508499799 0.0360938877089357 0.0423313091115814 0.0482087086321905 0.0574794756803656 0.052666344558558 0.0531694086435075 0.0563157679750982
0.0427656754177061 0.0303000351614957 0.0409351732023806 0.0197342329603092 0.0191415406013049 0.0154520723660658 -0.0085316684581972 -0.00456855957638022 0.0207649964608023 0.00386464792555678 0.000644664014373303 0.00741116116604112 0.0167869726457798 0.0230077709511181 0.0286064180858595 0.0373389486589441 0.0330977218799661 0.0284935098673239 0.015233364634361 0.011333900247413 -0.000574152307591089 -0.00116400462404457 -0.0100018047044107 -0.00236853144247293 -0.00866196689227144 -0.0121916183631806 -0.0202115800138387 -0.0306855140892435 -0.0376387772975418 -0.033620220460905 -0.0461569463245286 -0.0487577411475478 -0.0459659047769187 -0.0406540724660006 -0.0386347571930382 -0.0332025350883214 -0.0309915678627332 -0.0202570499162788 -0.0115321767275535 -0.00618061314340179 0.00588760172984137 0.00796145554710118 0.012126210990951 0.0241538605924163 0.0341772576604527 0.0412374240616691 0.0524999840838083 0.0418791345630682 0.0534028905811235 0.0498314998913247
0.00978372578533366 0.0323522308683623 0.0277728833763351 0.0152117509770462 0.0243730938239371 0.0118505738334246 -0.0063589048225761 0.0109299241723692 0.0344925215394681 0.0122871805903326 0.00529498431211308 0.00728888671964981 0.018856796778194 0.0287519592663763 0.0382414828287607 0.0418929853355213 0.0308226025876844 0.0325157608349969 0.0222347525210582 0.011144368193494 0.0100919270566658 0.00686591293725695 -0.000918555046699765 -0.00368012075045539 -0.0123768658217509 -0.00883789644104455 -0.00823972830867842 -0.0180663955657029 -0.026295938610859 -0.034667839025009 -0.0421618176391315 -0.0431177809632244 -0.0407902488614906 -0.0346315700080678 -0.036387364893658 -0.0369803727952125 -0.041532764052321 -0.0293428276977277 -0.0213256939751366 -0.00837040636748572 -0.00307404739419717 0.00398607532836852 0.00552269270814479 0.0106405580574052 0.0248403840554968 0.0333935162995034 0.0416690587505029 0.0462323565567354 0.0562142413357765 0.0567266732058204
0.00669942277030077 0.0233835559673415 0.0202524935385814 0.0120550932911697 0.0184695550089613 0.00749675211601884 0.0108337687548028 0.00674096544738314 0.0332275470364547 0.0216300618968902 0.00932450688332446 0.00648005260172392 0.0268196861106258 0.0246775048546472 0.0317137195592586 0.0398051557934841 0.0439829690456131 0.0364657805137321 0.0281042152647174 0.0236771731787954 0.0211947718910239 0.0218417560064286 0.0151839191375242 0.00852685393040081 -0.00203999077628053 -0.0038723548093586 -0.00354296127595385 -0.00589574130492855 -0.0123907839950849 -0.0231262516358097 -0.0336679145032076 -0.0379786405525608 -0.0328582723012608 -0.0398926605867517 -0.0438544020718032 -0.0404043483323729 -0.0418526169034361 -0.0277948480830052 -0.0198983856136252 -0.00822617595970117 -0.000639113220306551 0.00115039446391782 0.0106367793540962 0.0109207185750207 0.0190381856612618 0.0268205232376799 0.0416466330171391 0.0477542035500115 0.0572832607098292 0.0506051632016816
-0.00918103300952965 -0.0229612269125101 -0.0154516824687048 -0.00238642020093575 -0.000343218816535909 -0.00628608920201861 0.00648530199806374 0.0230872290260604 0.0246695503381922 0.031312967505806 0.026819007453701 0.0184426514555367 0.0161634891741086 0.0246701286826793 0.0480142335556908 0.0470608228253552 0.0460121968926495 0.0322263228703987 0.0248039454299146 0.0370823056847202 0.0425168103214978 0.0375023765528349 0.0295320517047818 0.0217957256368465 0.0157511700189434 -0.00170581239898432 -0.00446385592974204 -0.00645136961300397 -0.00780895623367595 -0.0129907424375776 -0.0255695274142554 -0.0244442099708901 -0.0271588227491339 -0.0373387814992768 -0.0438768782191541 -0.051051603008357 -0.0395788399064837 -0.0274154323448894 -0.0116503793902303 -0.00372802658795137 -0.00148290843778318 0.00343533497158228 0.00672179851648546 0.0224314925694236 0.0279257204069798 0.036033391647833 0.05024714911035 0.0558422767802364 0.0567896044178755 0.0555731127999121
-0.0166598329967653 -0.0460990104413835 -0.0387083545075988 -0.0277045544014326 -0.00857481638905985 0.00681107996765113 0.00237048134864223 0.0183236223653608 0.0428269604187626 0.0425066106777803 0.0397971431595023 0.0239117378424957 0.0178437672342076 0.0234342237496341 0.031867045668015 0.0365222134341829 0.0402005749032283 0.0362329592778117 0.0353197602593461 0.0378697388016775 0.0392475024699324 0.0453682628937877 0.0402951589485976 0.0258208069161472 0.0213364314906117 0.0109458218363088 0.00706103473558339 0.00479795122902135 -0.000859262724208559 -0.00671828092696378 -0.0119875780946467 -0.0180726913724964 -0.0184025699163769 -0.0296345250680339 -0.0473546747922492 -0.0554930456987835 -0.036614545854995 -0.0188210794155957 -0.00762842680300692 -0.000281127547190015 0.0075884412887729 0.0089296317653575 0.0184442511614069 0.0286864751940252 0.0345747077460993 0.0455897723392627 0.0529776298474308 0.0520361501985048 0.0604900634285752 0.0566310238810233
-0.046725023188825 -0.0704203685164227 -0.0355617757506876 -0.0562705822629347 -0.00129881927589181 -0.0098441839533609 0.0337527688495549 0.0562314310433157 0.0549513991408452 0.0450448955743736 0.052703696591616 0.0396617417288115 0.0223021475235324 0.0250075345758345 0.0304690490616152 0.0313948410956541 0.0365069487047874 0.0357084348661403 0.033965508988788 0.0296253031556104 0.0246671489456483 0.0389941151765724 0.0449791852949042 0.0334397821873933 0.0324381189550116 0.0257048109563459 0.0225289017949065 0.0185225738169878 0.0145500608767941 0.00768120393797184 0.0107369521258132 0.00391760848019793 -0.00183413849872875 -0.0130511300697417 -0.0264475188156733 -0.0294884715336429 -0.0216549067346846 -0.0105616778855694 0.00371837126225694 0.0207512317389862 0.0226024717310834 0.0197412450963812 0.0278971438388941 0.0411892846761251 0.0470995120213997 0.0504868719948789 0.0550692598596675 0.055290947814922 0.0558239349540114 0.0575015342391294
-0.0402864526080599 -0.0381747235313329 -0.00468395065439158 -0.0361452885067139 -0.0317736208701548 0.029513425432694 0.0275027453855906 0.0769553349803138 0.0618910176596137 0.076295505096855 0.0621958712669135 0.0547466987892956 0.0296673101501829 0.0282307539526796 0.0340152895764965 0.0390745976887628 0.0400750552647743 0.037670615268015 0.0354769685147121 0.0294601269276922 0.0288668016991531 0.0243561333799407 0.0314049309633721 0.0391177238116466 0.0382145209330544 0.0375256389484782 0.0440759951879689 0.0331359630047837 0.034431823439197 0.0261822529909752 0.0208242133608318 0.0155994537755477 0.0217174086182855 0.0145800875312455 0.00873251067644332 0.00787885874566687 0.00703451510212239 0.00597806488123917 0.0124739672766636 0.0265767491501427 0.0287080165017348 0.0320893278919492 0.0407507217696786 0.0518051529775648 0.0474160601631644 0.0537619214573899 0.0539414126133606 0.0572004892342785 0.0557077482197568 0.0547390613626307
