data/pcas/pcas_can_126/pca_referenceLayers_can_126/PC15.asc
NCOLS 494 
NROWS 529 
XLLCORNER -117.166666666667 
YLLCORNER -55.5 
CELLSIZE 0.166666666666667 
NODATA_value -3.4e+38 
[rows 286 to 307 of 529, columns 400 to 449 of 494]
-0.0318648025606056 -0.0273654450743943 -0.0349392527180362 -0.0480066585380633 -0.0524301526330008 -0.052555325410727 -0.0487581506708914 -0.0507431626079361 -0.0469211619388143 -0.0497955946699555 -0.048986159593598 -0.0448733504300215 -0.0503549338793135 -0.0377957259737946 -0.0343711563030309 -0.0241491300034399 -0.024064585034563 -0.0191044886715506 -0.0165069453558002 -0.0155645049001336 -0.0184102862464119 -0.0174448946707292 -0.0236069522113214 -0.0252998373138211 -0.0299260956237238 -0.0375563566204808 -0.0532151257227342 -0.0617268255188147 -0.0520775298951569 -0.0427333608550645 -0.0365932548072456 -0.0335090271438549 -0.0302304546695378 -0.0304484309742471 -0.033400893448737 -0.0385157001347584 -0.0424749319856138 -0.0438323851724177 -0.0514464053394889 -0.0474651870193377 -0.0444330503235349 -0.0438345100443771 -0.0347254176540708 -0.0245193000881796 -0.0101185723930061 -0.0122986026137217 -0.00780591831195435 -0.00528676544972706 -0.00778070674849511 -0.00612004945448787
-0.0341116713386575 -0.0321829869543992 -0.0410019871169385 -0.0504045087456013 -0.0571158932918184 -0.0532370717538571 -0.0508381464805872 -0.0486090298196988 -0.0523542834548802 -0.05290495774515 -0.0515262995733149 -0.0506403447340763 -0.052421935627979 -0.0356997394340823 -0.029366772326515 -0.0290347828145243 -0.0200895015689756 -0.0217128705364284 -0.019107685989674 -0.0126256667497949 -0.0127612701614606 -0.0256828803012164 -0.03690314783286 -0.0361315071543115 -0.0340797018186877 -0.0474929992780734 -0.0666242698756273 -0.0648707133138787 -0.0566790158483081 -0.0464047273651863 -0.0350471132967625 -0.0327507363974348 -0.0280966755906428 -0.0266877639501335 -0.0315391911672028 -0.0317319243276685 -0.0373435234775548 -0.0415154424894 -0.0417227372786205 -0.0373686247637611 -0.0344236965831656 -0.0342509403470589 -0.0265499381284918 -0.0187592416817562 -0.0108005051073659 -0.0107335136657475 -0.0035282647826139 -0.00154560667691381 -0.0125787353360397 -0.0130765331748376
-0.0297647969100617 -0.037821474035151 -0.0506420875494377 -0.0524270022172388 -0.0518151033738606 -0.0577545850194676 -0.0525108070438123 -0.0482285784165699 -0.050207681761299 -0.050328734715926 -0.0510832184022164 -0.0518887281059602 -0.045749161326807 -0.0427022623148115 -0.0340020223933038 -0.0272974214375251 -0.0272990415166887 -0.0235241052528995 -0.0151756554650498 -0.0108343977887458 -0.018989518684052 -0.0355957219187766 -0.0411798051569182 -0.0379677665526741 -0.0479824174687036 -0.0473210837912289 -0.0589349981740689 -0.0576098024503661 -0.0586204785514984 -0.0437431334120004 -0.0293599611970719 -0.0272049998354445 -0.0269457366149271 -0.0245961057441566 -0.0299024353130551 -0.0269319046645876 -0.0313459475442776 -0.03334486620208 -0.0309955001739626 -0.0318537603388757 -0.0311643036150402 -0.0294812564633041 -0.0228111976031023 -0.0184559052379465 -0.0126089549549801 -0.0112313518005044 -0.00434386094192567 -0.000565791733013788 -0.0104994854639907 -0.0108353593888103
-0.0352329164557814 -0.0393592910205227 -0.0482833559611148 -0.0503755164104249 -0.0441798903732189 -0.0504788278388199 -0.0551185958630605 -0.0480385003962886 -0.0499500279526059 -0.0482893066204332 -0.0494168855846625 -0.0447083188280779 -0.0470223989289102 -0.0509404136197112 -0.0525851811418458 -0.0389816519460256 -0.0323417600868035 -0.0278323141320706 -0.0168696858770291 -0.0145751786560691 -0.0326585593315002 -0.0420086480189925 -0.0361366011329358 -0.0349910494840783 -0.0363970156115539 -0.0397441245070069 -0.0514976245997348 -0.0551757767664973 -0.0527825627270272 -0.0448671166749698 -0.0341621131055858 -0.031048541756019 -0.035151811066505 -0.0299639392402076 -0.0327411146046429 -0.0336709479633991 -0.0301491154571528 -0.0267570652152302 -0.027629688400136 -0.031597329221686 -0.0302189268600679 -0.0250937714464006 -0.0232892819930615 -0.0160122731946982 -0.0102755148861782 -0.0148745820471558 -0.00285832523852277 -0.000886460091651445 -0.00377758012486333 -0.00639636879442226
-0.0386304207843881 -0.037919907918399 -0.0392692868222311 -0.0435359102214312 -0.0427157836802948 -0.0403947900345884 -0.0415291417514021 -0.0395926652657615 -0.0425306713243061 -0.0475089098468981 -0.048192352371333 -0.0483429676428449 -0.0518787479131516 -0.0565404992381868 -0.0572477956345148 -0.0481636013469501 -0.0369826959283073 -0.0333156630110446 -0.0321884577498563 -0.0277631999215658 -0.0486807900986838 -0.0536517121523138 -0.0527629676874201 -0.0548784624101878 -0.0599935825404019 -0.0512770591706212 -0.0601272418743883 -0.0549756142477967 -0.0507140531915465 -0.0453997424835099 -0.0411548311316955 -0.0390283738270174 -0.0395539239791021 -0.0387586493037543 -0.0366799393610421 -0.0349308653463817 -0.020422958668392 -0.0164572120631698 -0.0342750597803728 -0.0398771763970593 -0.0350773628111364 -0.029934989324074 -0.0224820962695795 -0.0146946579675699 -0.0164086481605543 -0.0173455104345101 -0.00949159000481557 -0.00468736620900677 -0.000513625614904142 -0.000828427658745828
-0.0389478890773885 -0.0357108445571602 -0.034673117689615 -0.0432005070406204 -0.038828393468154 -0.0347563891015582 -0.0357299516420417 -0.0305339346514589 -0.0236799874700974 -0.0399285164925702 -0.0435121043513718 -0.0471985817892789 -0.0486868458360483 -0.0485834983679003 -0.059452091703302 -0.0545837882723026 -0.0433517657697011 -0.0414034672994276 -0.0398681719051037 -0.0428756008129403 -0.0602821002574149 -0.0671346796486017 -0.0720305149814656 -0.0711652173819764 -0.0661486578769641 -0.0612363562564927 -0.0611027075236912 -0.0569153260242298 -0.0539309474289796 -0.0491241486056922 -0.0470853139769082 -0.0436638178848144 -0.0362180479498299 -0.0302468339756662 -0.0395820790560345 -0.0429673281777909 -0.0274578316741803 -0.0169803144259246 -0.0394475653535718 -0.043290114067719 -0.0406149220683963 -0.0293636779513054 -0.0211174835762134 -0.0134225821876882 -0.0161953239410359 -0.0193173803648064 -0.0113604706246227 -0.00635865417134985 -0.00116583808188064 0.00347074316794781
-0.0385081393036063 -0.0381731389516226 -0.0407808759929718 -0.0448448392533465 -0.0411286493120733 -0.0358678105812084 -0.0300191687945712 -0.0292301272477976 -0.0255391913222518 -0.0351277125057418 -0.0363191902213609 -0.036594403273296 -0.0430481870065391 -0.0529260121361939 -0.0603023611804699 -0.0612119175337057 -0.0499577191274208 -0.0527564237910527 -0.0474540028743273 -0.040183946431422 -0.0491334467938524 -0.0587721098913793 -0.0621553561299886 -0.0671623323726812 -0.06087045970831 -0.0638052226113695 -0.0659627699822116 -0.0600045183330798 -0.0562358722095787 -0.0489124009664638 -0.0395450605383239 -0.0431260276836757 -0.044177419440485 -0.0431795786484052 -0.0469931984167331 -0.0561893106765109 -0.0466964097892965 -0.0308303693648957 -0.0390842296014068 -0.0353448476790287 -0.0306277966370095 -0.0249380314160475 -0.0135698627634058 -0.0134963928570924 -0.00955350088177294 -0.0131850223145632 -0.00630525442229088 -0.00119797201878771 0.0031904133896231 0.00776178565901627
-0.0432751169318351 -0.0403230413734334 -0.041445375344265 -0.0398031722915405 -0.0373970009525534 -0.0353569967600647 -0.0333830892648779 -0.0284036551468411 -0.0314735313235063 -0.0314375713836939 -0.0340607167289659 -0.0319622440328513 -0.0420805653257245 -0.0530933464486469 -0.0580245748309716 -0.063748081369318 -0.055158436413111 -0.0532256620417258 -0.0487708803171776 -0.0404786676727553 -0.0508038780755975 -0.0592813343538685 -0.0582844699589772 -0.0594122128237175 -0.0676571807390962 -0.0662017974094278 -0.0608400081403201 -0.058482315100848 -0.0497517761855293 -0.0435233064775876 -0.0383648872420705 -0.0394244389531119 -0.0451952184563228 -0.0502268603194124 -0.0503365717828869 -0.0563909316995866 -0.0517906339032961 -0.0165355297680184 -0.0267851755193856 -0.0328783254998918 -0.0205579631166737 -0.0133784480353492 -0.00516967073606031 -0.0110928249668091 -0.000257734372904099 -0.00579130244124868 -0.00393733875020251 -0.00125037521931428 -0.00119898430907345 0.00351165975743165
-0.0405381922255707 -0.0438959943260822 -0.0398502707579326 -0.0380002589942277 -0.0294248604851567 -0.030737784642819 -0.0306578256649199 -0.028793843935601 -0.0244406021002108 -0.0278338078933101 -0.0283480879549964 -0.0305048881117537 -0.0452287999630244 -0.0539423342223748 -0.0506986343145283 -0.0573028184836605 -0.0469887688699624 -0.0509912726020167 -0.0492116435040658 -0.0550628643368497 -0.0592128489933949 -0.0565964399645655 -0.0600277315779052 -0.0645942650061987 -0.0666580893621494 -0.0630440149703421 -0.0655553442662174 -0.0574024736514586 -0.0499022060742909 -0.0397691505846574 -0.0359442691902499 -0.0416597389496107 -0.0521585249474923 -0.0542678387816712 -0.0540095352369491 -0.0678251396054835 -0.0617083137549371 -0.0452348291263751 -0.0426390319525645 -0.0365647823402251 -0.0170656510920924 -0.00552282749674476 -0.00562020356513985 -0.00617778040093042 -0.00555447293614164 -0.00598324781243739 -0.009073414352019 -0.0112252372552525 -0.00924102356488996 -0.00797179980987833
-0.0402996321274136 -0.0432285643238414 -0.0414767258414578 -0.0365210115135471 -0.028770918063028 -0.0257854015106706 -0.0252018210215427 -0.0214987432117031 -0.0178019524681324 -0.0169936182590001 -0.0203562071254193 -0.0321095285795312 -0.0386474695822097 -0.0515334724841978 -0.04288237938856 -0.0445000937450529 -0.0461103072957395 -0.0522108652749631 -0.0441499432189902 -0.0511509651265164 -0.0564919147780629 -0.0601088648553978 -0.0629694595271425 -0.0680815451887433 -0.0647203890506624 -0.0649290764364198 -0.0615340670853859 -0.0555041644311734 -0.0543821945191051 -0.0450328997856835 -0.0425653865880105 -0.047248313213405 -0.0565785239809167 -0.0613908062474282 -0.0681826068489248 -0.0840369686905481 -0.0633217815383363 -0.0518005073768695 -0.0436687229163328 -0.0289446790206622 -0.00973796948217564 -0.0089075841358037 -0.0159053536591842 -0.0169392125740266 -0.0103912586963256 -0.0141835071489084 -0.0242889676404114 -0.0193320961831737 -0.0206290992512064 -0.0134353342702603
-0.0434340389794892 -0.042844793456708 -0.0377869417588629 -0.0330310397598351 -0.0283979895413987 -0.0267593303314849 -0.0282210979672321 -0.0217849053649927 -0.0165138393476511 -0.020657054276105 -0.0209456207636897 -0.0331482186021828 -0.0369804893872302 -0.0392008081911567 -0.0341674629173678 -0.037761337608832 -0.0409069761121864 -0.0469274972399459 -0.0491015873236404 -0.0478936034085372 -0.0548274929585668 -0.0519255760122035 -0.05886048982409 -0.0636589859726051 -0.062417979442788 -0.0633608905175291 -0.054139880668443 -0.0537931894797976 -0.0552485290761809 -0.0491021095148255 -0.0457605397891476 -0.0493968975623541 -0.0512475545824399 -0.0716100933824718 -0.0800891514792624 -0.0653607621662969 -0.0449428098713277 -0.0504522278652849 -0.0468319368824401 -0.0234003482587786 -0.0126357569842587 -0.0224196665127532 -0.0212925413876292 -0.0205548394025304 -0.0177733939628499 -0.0220840266324359 -0.0291614323633389 -0.0284884633929623 -0.0266590216502303 -0.0216077131640216
-0.0443813551846954 -0.0406736622323239 -0.0347859980664403 -0.0352106175842871 -0.0313242497301891 -0.0294109271800838 -0.0257203153990565 -0.0204811676629864 -0.0191720726368572 -0.0148948820092664 -0.0157705487880414 -0.0294600091759113 -0.0335952672439776 -0.030231823322573 -0.029205373820704 -0.0296786040887548 -0.0375045405740089 -0.041106548553019 -0.0424237602362209 -0.0382012453267991 -0.0404994375970857 -0.0421643629417974 -0.049249215090284 -0.0562835749210545 -0.0592863553663335 -0.0534489482733865 -0.0484122558779145 -0.0487468040073896 -0.0476758042339506 -0.0457644399732619 -0.048020304897067 -0.0432147910481097 -0.0378473915979855 -0.0529431298226805 -0.06205522518839 -0.0403113571675129 -0.0467559101645962 -0.0641160935133786 -0.0621864543923623 -0.050749216573501 -0.0268980274947648 -0.0305833894025693 -0.0190486438626243 -0.025357547125205 -0.0230400513359311 -0.0270742301425636 -0.0315974288413794 -0.0346924423795144 -0.0315989128570012 -0.0216670383373997
-0.0478579893903978 -0.0405272022686688 -0.0366470877297359 -0.0361815369265434 -0.0313821419375577 -0.0224763625832963 -0.0221718659347969 -0.018905585639445 -0.0159918668699384 -0.0126301760650397 -0.0136002099442931 -0.0166793465259221 -0.0226142247316598 -0.0188087882186359 -0.0194281290363603 -0.0206964171249193 -0.0321077968827214 -0.0325216878005331 -0.0342503692607925 -0.0291577581092246 -0.0319724568325285 -0.0329945857863841 -0.0372196899576837 -0.0456249073440863 -0.0450572478532287 -0.0434710333956399 -0.0337621067867367 -0.0421680504375251 -0.0413497722454322 -0.0456774442759064 -0.0437716785398845 -0.0359885870690003 -0.0259794045003974 -0.0313404388829353 -0.045318831971435 -0.0334460011754937 -0.0347847746989509 -0.0409772231211948 -0.0380028276565984 -0.0340175662880591 -0.0359259507306977 -0.0306406917329728 -0.0221483500144689 -0.02576480008769 -0.0281083122391512 -0.0301746912411022 -0.0324108056606678 -0.0352634219231776 -0.0266488459093004 -0.0244318068361909
-0.0523324648170654 -0.0436080783763196 -0.0403234237011492 -0.0319534287101569 -0.0302080911077482 -0.0274822673463216 -0.0202341387743738 -0.0226220027868821 -0.0150425776158763 -0.0127039076295904 -0.0104849269759744 -0.00975953998012277 -0.00404989177859938 -0.00791796178199236 -0.00912371810029413 -0.0205822951928603 -0.0289032338435956 -0.0262269796527718 -0.0230968489663131 -0.0218858497175674 -0.0261618756463179 -0.0242963996565344 -0.0260877338519418 -0.0298821016677556 -0.0403368463170812 -0.0538966955154282 -0.0368789951134827 -0.0265027439989585 -0.0318753677957545 -0.0335087550117195 -0.0368336573425555 -0.03358038487689 -0.0320430452630514 -0.0326105620343158 -0.0330296313552878 -0.0303724614478465 -0.0265173648416209 -0.0296677100649823 -0.0297326261597884 -0.0364464175974702 -0.0362233589863615 -0.0314782327723329 -0.0294879013032345 -0.0267168602615772 -0.0305030421075245 -0.0306230672753189 -0.0312216021767718 -0.0276365968309019 -0.0204700075555735 -0.0217898229406755
-0.0468196420224905 -0.0491988407212366 -0.0463340927019275 -0.0420690755695692 -0.0313467301603289 -0.0229632163917613 -0.0282240566507044 -0.0246727069270774 -0.0186742773223684 -0.0158383012795542 -0.0108138537416783 5.75403491184442e-05 0.000484739333162863 0.000190175445882287 -0.00271115995312296 -0.0222781901941035 -0.0192519081907828 -0.0193654674014332 -0.0237370586340702 -0.026361131871602 -0.0207441504668305 -0.0209923383217542 -0.0184233802698121 -0.0282095049440419 -0.0462648701743485 -0.0554565229376886 -0.0428665093090171 -0.0385344341716223 -0.0363205172971119 -0.0407596092096407 -0.0398991062546889 -0.0372105682170306 -0.0371197910700863 -0.0363280613225747 -0.0380213854172119 -0.0286967118700848 -0.0213110404275961 -0.0246194699888764 -0.0332437176223498 -0.0296420215914014 -0.0311428655263215 -0.0339529359657337 -0.0296258013012174 -0.0318733482272432 -0.0331709905149688 -0.0318975910954997 -0.0327699935806934 -0.0275653896978602 -0.0213768125075393 -0.0148047322274463
-0.0500974507100101 -0.0504486323056189 -0.0512964646855577 -0.0450681365365751 -0.0341352883754972 -0.029705264196813 -0.030861917090282 -0.0237751899899695 -0.0203841904185199 -0.0101023080783662 -0.00748894162082923 -0.00365657198589323 0.00255157699626421 0.00530361398109167 0.00382894838694198 -0.00423021299827326 -0.0165870384590259 -0.0156514940616099 -0.0257463349277307 -0.0246112749568569 -0.0139447629606602 -0.0129452174990148 -0.0123411956006771 -0.0215162529368294 -0.0351852769122759 -0.039165214282066 -0.0431623234832092 -0.042478523550698 -0.0433668546849335 -0.047134436996329 -0.0472471188521279 -0.0441366386354494 -0.0425102403789692 -0.045550451651375 -0.0417008811641615 -0.0321114745470928 -0.0220009781098847 -0.0176031933825628 -0.033055136874488 -0.0244257829881101 -0.0164139419114801 -0.0289756670814177 -0.0325290231194413 -0.0293338559308178 -0.0324487367916127 -0.0352889315589992 -0.033959618915753 -0.0278824127534858 -0.0238220561953258 -0.0163040115018175
-0.049833012794938 -0.0523826838671165 -0.0503229671538626 -0.0491146571198202 -0.0397528353965272 -0.0353896203034241 -0.0312885781421164 -0.0246240061098407 -0.0224573125136868 -0.00866845788966865 -0.00133000134189975 0.000527863135665642 0.00384596127885749 0.00540560716180634 0.0020370684606089 -0.00328027347289899 -0.00663219017528388 -0.0172933436600332 -0.0217819038166894 -0.012860384659253 -0.0100599669919458 -0.00528957837123118 -0.00451460507844036 -0.0116655909392851 -0.021439992225075 -0.0216689207530397 -0.0232687593845118 -0.035485276360436 -0.0404345283907572 -0.0462660302817013 -0.0507472232690297 -0.0515967299441829 -0.0538767080111908 -0.0481070567565087 -0.0421457103717832 -0.0328732609839275 -0.0217272607051811 -0.0190733832729087 -0.0233244621980399 -0.0150397054827973 -0.00298119260362241 -0.0213741502474932 -0.0228451271288015 -0.0275668896679691 -0.0338762252123639 -0.0354276649115701 -0.0259939428705266 -0.0299654875425198 -0.0271690216714065 -0.0202668202060091
-0.0483090495832565 -0.0464336287105867 -0.0504809390755373 -0.0517919971912047 -0.0492343632499109 -0.0359742524726796 -0.0316444616421227 -0.0283454196574262 -0.0280976166221605 -0.0146297383866076 -0.00504189922448867 -0.00167833992307362 0.000518201663009043 -0.00326735101850444 -0.00621900321138468 -0.0163008778679578 -0.0140028876497133 -0.0147491895554563 -0.0195335243628956 -0.0137589562394914 -0.00164989426184991 0.00334115767400156 -0.000619181447372989 -0.00675367018627542 -0.0118220989660919 -0.0151937817234615 -0.0116289580009145 -0.0277281202231472 -0.0383809433888504 -0.0439116004567654 -0.0518509605525709 -0.0567110115823391 -0.0557930917693295 -0.0482214715583372 -0.0407563096939387 -0.0267333448136213 -0.0216481288141463 -0.0168660615826648 -0.019528464789245 -0.0158072807222554 -0.0121537836668106 -0.0115629380925989 -0.0174780746780187 -0.0274379939334882 -0.03834125796443 -0.0329646507308406 -0.0319494361174427 -0.0364319679712224 -0.0344120674272564 -0.0225282297856492
-0.0488832229341694 -0.0473151165984169 -0.04817558739241 -0.0535349429154857 -0.0449098738453443 -0.0380540593327305 -0.0322683026390359 -0.0323642185283299 -0.0232499894305539 -0.0131510886782114 -0.00887009269090675 -0.00562320135698277 -0.00916903137902905 -0.00877151030090359 -0.0158154500760391 -0.0239012193756584 -0.0254617510577592 -0.0209857274372882 -0.0171376380084273 -0.00524417511590117 0.000323689930440626 0.0108848827442104 0.00932302297093092 -0.00871088326110757 -0.0129336819108858 -0.00945518025658323 -0.009907450939071 -0.0207368152981611 -0.0382058749488382 -0.0426110671244448 -0.0461602008287684 -0.0545114940313923 -0.053709854272046 -0.0513069941450371 -0.0405496029141788 -0.0301627170381847 -0.0216533832019516 -0.0152102648336893 -0.0137530568927019 -0.0214092634416118 -0.01827775889966 -0.01054026113479 -0.0139858124435507 -0.0302546158976719 -0.0296381273912652 -0.0430872397974711 -0.0458668162374499 -0.046322468841255 -0.0388322809072922 -0.0242575128933215
-0.0481377198534409 -0.0478729507794714 -0.0455651309366994 -0.0492972244035263 -0.0486066112023693 -0.0416271369377584 -0.0355913781609519 -0.0357918890390692 -0.017844948378503 -0.00958705891355095 -0.00585588146543397 -0.00707836462538515 -0.0115677911304324 -0.0137161875100159 -0.0252426529819039 -0.0318983724055268 -0.0274755479597742 -0.0201598869037903 -0.0194997592081794 -0.011758470949147 0.00119474811000686 0.00686076084130528 0.00818434405698701 -0.0169030598462192 -0.0175688542259808 -0.00644970325538018 -0.0109525408755737 -0.0233363980441145 -0.0367581382509497 -0.0425745026561377 -0.046242685282475 -0.0456559462185117 -0.0528907276800023 -0.0492833056724454 -0.0384593766037401 -0.0288247505949402 -0.0189440048262878 -0.0188004123059305 -0.014596389760098 -0.0192625891175107 -0.02526929335798 -0.0256141248405109 -0.0127801734033322 -0.0159140531683211 -0.0451594047672413 -0.0517527059915178 -0.05429192384418 -0.0467935210923016 -0.0415737053018734 -0.0293591776066634
-0.0533131692781365 -0.0538149755662224 -0.0469442431712651 -0.0489879399021272 -0.0502351440416671 -0.0443326301003257 -0.0409288504543847 -0.0412038638564124 -0.0188423065127651 -0.0112857437772109 -0.00737179924050759 -0.00182308556645425 -0.00815348659686256 -0.0147904031311539 -0.0216179189078572 -0.0226686020868036 -0.016081732281558 -0.0197674944958019 -0.0178671962348378 -0.0118963932264635 -0.0100307537455736 -0.00402421580729696 -0.012336238352898 -0.0190556406912235 -0.0210323333035565 -0.0225893076634626 -0.0212568939753036 -0.030061539547774 -0.0403226034764997 -0.0429437689666156 -0.0442934488465703 -0.0480340566492198 -0.0556814741590204 -0.0534622028286772 -0.0437412424925038 -0.0323116190441569 -0.0196607367040473 -0.0215629104056474 -0.0181947544315135 -0.0205513295424542 -0.0247927423615899 -0.0219372133499942 -0.0138378266041564 -0.0377077591767964 -0.046379111688031 -0.0565668059014331 -0.0579534274364786 -0.0502842889754327 -0.041829020057194 -0.0316108584091385
-0.053178392094016 -0.0521974236748482 -0.0450611718945579 -0.0439392778395246 -0.0451055061325647 -0.0441081607196584 -0.0389237262990376 -0.0305028010798364 -0.0254335464044244 -0.016728423055026 -0.0104345584949832 -0.00563990160667612 -0.0163905677775532 -0.0241136207483431 -0.0168893531051228 -0.0170210518451294 -0.0164977516984217 -0.0190453936183143 -0.0147870713686518 -0.0162323863397858 -0.0187149717513468 -0.0187515627174905 -0.0273449030332844 -0.0301202211177041 -0.0303308291501972 -0.0290710962924903 -0.0176614673874777 -0.0232236765178272 -0.0280332721449863 -0.0356768633617201 -0.0455202115791083 -0.0477544306445626 -0.0531806089978753 -0.058592358697453 -0.0518825878547401 -0.0393412108164184 -0.0338734183158156 -0.0281338229626862 -0.0261067933097319 -0.0216349670456656 -0.0272016273589504 -0.0205963069999102 -0.0260169501827918 -0.0415239342653433 -0.0495513834436263 -0.0534282888528915 -0.0593948108397282 -0.0523901780830553 -0.0483631386892731 -0.0328930602251127
