data/pcas/pcas_can_126/pca_referenceLayers_can_126/PC15.asc
NCOLS 494 
NROWS 529 
XLLCORNER -117.166666666667 
YLLCORNER -55.5 
CELLSIZE 0.166666666666667 
NODATA_value -3.4e+38 
[rows 132 to 153 of 529, columns 250 to 299 of 494]
-3.4e+38 -0.0138193968642426 -0.063210839028444 -0.080493293552973 -0.0889117023188304 -0.079355090115596 -0.0864027886384149 -0.105842241295142 -0.19105104193321 -0.234390583950139 -0.176861109952363 -0.138082766214458 -0.182911866252894 -0.159749951571099 -0.145092221069091 -0.0996910047837579 -0.094161532721199 -0.0664513167607468 -0.102519213316369 -0.135106556878993 -0.0526515298570343 -0.0232092073949232 0.00742627436278316 -3.4e+38 -0.067158701427306 -0.106108316845239 -0.0920741488490603 -0.0745272313589101 -0.0495635010369079 -0.064443014128577 -0.0541695830647299 -0.0450801366410363 -0.032910389388287 -0.0142813169477478 -0.0202803245364236 -0.00488636929241725 0.0224059550498972 0.0306268204793012 -0.00608319803571021 0.0220994695104619 0.0184356602533104 0.0635202004881471 0.0397591597034205 -3.4e+38 -3.4e+38 -3.4e+38 -3.4e+38 -3.4e+38 -3.4e+38 -3.4e+38
-0.0973877772270039 -0.102701428417731 -0.120478290621664 -0.13649616257685 -0.112698635655238 -0.112597768051555 -0.11476549438181 -0.122944872143066 -0.135840701872712 -0.256100402661741 -0.186268095253693 -0.192112681100104 -0.1640734496083 -0.135965658470192 -0.119859040633654 -0.00762253229682932 -0.0534592009468368 -0.0878294981931026 -0.116519654553216 -0.145651863398932 -0.0266960787212337 0.0367214367623815 -3.4e+38 -3.4e+38 -3.4e+38 -0.114356012987621 -0.0943987084132506 -0.0694935895915034 -0.0474542345386576 -0.0617488915154311 -0.0460977626743912 -0.0280167915629918 -0.0307699977095946 -0.0230383905814033 -0.0190374446250815 -0.0125520072864445 -0.000622398229677634 0.0125756381965284 -0.0173958103535008 0.0186158579578782 0.0117865956129107 0.0409789717621151 0.026047567179126 0.0161862574715347 0.0134898751505572 0.000741296442028931 -0.010470694433272 -0.0358671582919295 -0.0303040663172075 -0.0336938059573261
-0.154896226958165 -0.166206418849332 -0.147486298445346 -0.123430537045242 -0.1758108145266 -0.134347664735516 -0.148219703897085 -0.144412335706729 -0.151170465924413 -0.155494529789326 -0.175144828606234 -0.161208797752278 -0.151235645006168 -0.139585504205174 -0.0672008002714521 0.0163623307516417 -0.0891119210320599 -0.112453227016445 -0.110989564988473 -0.10430037033868 -0.054722904137889 -0.0998017877374466 -3.4e+38 -3.4e+38 -3.4e+38 -0.0753894279938118 -0.0852811793742435 -0.0679819533462177 -0.0391094959469277 -0.0435120779011336 -0.0346324128057567 -0.0188616316670541 -0.0311111515196126 -0.031634656335795 -0.0133675015854769 -0.00907087272898268 0.0141280045783567 0.00811663473840338 -0.00301117764434318 -0.00160182799119587 0.0237504637789605 0.00783328789134478 -0.00187698339592577 -0.00471082285564986 0.0119522774076583 -0.000496874042174768 -0.0538366404407459 -0.0308278694674047 -0.0370587375267414 -0.0318766695811823
-0.188953473893425 -0.209206290639523 -0.212107025887147 -0.181147430472487 -0.175822495618696 -0.157325074602339 -0.146963672041178 -0.140007174460032 -0.156103085704653 -0.150961154553194 -0.159009283335599 -0.135616732989541 -0.138864296244489 -0.120850001602163 -0.0773030436795413 0.00882153601509112 -0.0758269701927362 -0.144224990378499 -0.140510640958948 -0.0803300779412383 -0.0202138212429312 -3.4e+38 -3.4e+38 -3.4e+38 -3.4e+38 -3.4e+38 -0.0939731870834512 -0.0570769573989605 -0.0319441306198174 -0.0330128302139268 -0.057708869976236 -0.0287528837207698 -0.0230848998458973 -0.021632873966334 -0.0220701458706837 0.0128530835326948 0.00505147378573869 0.00524151251890659 0.0310224892465148 0.00632686287957112 0.0356809014845722 0.00620024317414828 -0.0090509956191105 0.00403043604927969 -0.00690859839949232 -0.0162595258635927 -0.040549789297224 -0.0417128186165502 -0.0382788856901748 -0.0181951007607556
-0.225696448817222 -0.233141837926693 -0.204631775772432 -0.154387759957618 -0.182888459971324 -0.189190058419379 -0.164547537060234 -0.145590079121539 -0.117946221469082 -0.125612139060288 -0.0983881380249274 -0.119508304389431 -0.0964280267909559 -0.16503537893037 -0.0660874504895899 -0.0396559793674223 -0.0971012320995451 -0.109430259357631 -0.155450561312168 -0.0691410989488068 -3.4e+38 -3.4e+38 -3.4e+38 -3.4e+38 -3.4e+38 -3.4e+38 -3.4e+38 -0.0700975858821611 -0.0136164376871051 -0.00273952349738731 -0.0230316383470964 -0.02277942844548 0.000129260984695012 0.00611078217298875 0.0047165119828919 0.0180287630077221 0.00622082197998513 0.00392149753269014 -0.0260591127050178 -0.0223263820592724 0.0197854233720237 0.00549702319263093 -0.0253795898196889 -0.0171701019790141 -0.00193439951948004 -0.0109959434200372 -0.034380103677712 -0.0196286217971748 -0.0382520563956852 -0.0251097679431829
-0.224178593857681 -0.235052894063622 -0.208736572362222 -0.170858369833157 -0.186793793442762 -0.170276284347448 -0.138587555402355 -0.150663057602188 -0.122691527552626 -0.127377300881091 -0.0894880591277765 -0.118334771113352 -0.119031165488144 -0.154177857031048 -0.0786411457469243 -0.167301375054839 -0.173743983447936 -0.0625961972908052 -0.123049237789022 -0.0539596570731638 -3.4e+38 -3.4e+38 -3.4e+38 -3.4e+38 -3.4e+38 -3.4e+38 -3.4e+38 -0.0393625219433619 -0.0432715736589849 -0.0117285421712408 1.90147958490233e-05 -0.00720633582844006 0.0391640052923662 0.0191630628852343 0.0339678688139131 0.0212062820640339 -0.0171915008629487 -0.0239091101898852 0.0178773954284744 0.0181124543487267 -0.0101425885843965 -0.0234537956803099 -0.0445788762595001 -0.0533229044663321 -0.0194179575142611 -0.0324258126234424 -0.028985051100554 -0.0147816439612354 -0.0178745078683179 -0.0267858380511698
-0.222301072389462 -0.197055300613123 -0.230997158939081 -0.195188310788626 -0.168387188653808 -0.137848973163067 -0.113263702824927 -0.151893649600389 -0.129242767443087 -0.107482708214997 -0.151142899891811 -0.0924145984025241 -0.0864498205812958 -0.0850667079315059 -0.0850463410105081 -0.210281322575602 -0.138441953433305 -0.0954631916293041 -0.128929315018838 -0.0754733662930669 0.0338271937353278 -3.4e+38 -3.4e+38 -3.4e+38 -3.4e+38 -3.4e+38 -3.4e+38 -0.0543757472443113 -0.0120186529220109 -0.0267308761763335 -0.0181003715282034 0.0160806824889209 0.0487672092165513 0.022271803100318 0.0350395177759502 0.0382230386839036 -0.00995930132156271 0.027540803235388 0.0191720480702542 0.00477853243791246 -0.0243599594944694 -0.0250519106945388 -0.038393620103068 -0.0462117109350308 -0.0510363592757285 -0.0562174783817063 -0.055315848625325 -0.0145187270276867 -0.0431027420672151 -0.0456574706844357
-0.173148845709286 -0.190623633767379 -0.20691920393802 -0.180253386706614 -0.174380114057793 -0.210958657203562 -0.151804801028538 -0.132147417773402 -0.131039320149893 -0.0998843896221272 -0.176370308251188 -0.126950836616477 -0.0811426939948847 0.0147502129241356 -0.179424020665634 -0.144356789420068 -0.103206752107349 -0.128199651139112 -0.158228230228814 -0.0561908903027798 0.00760376980410925 -3.4e+38 -3.4e+38 -3.4e+38 -3.4e+38 -3.4e+38 -3.4e+38 -0.0316865306444606 -0.0294315407103438 -0.0243003628155185 0.00108735473426385 0.0355056708952768 0.0203531877657773 0.0183471581170497 0.0377642504869655 0.0125696079338544 0.023841329376824 0.0373899665359247 -0.00564858799387205 -0.00595481614935068 -0.0248304872710723 -0.0542120690857224 -0.0445759217738304 -0.0397988811337808 -0.038195408008487 -0.0489585552391449 -0.0375126293933498 -0.0409820537576372 -0.030954166090235 -0.0397482608126382
-0.146664373070932 -0.190392759689468 -0.192308260251879 -0.190792562397903 -0.187115431069807 -0.218637808368545 -0.217715273396757 -0.172415709096458 -0.163996533127143 -0.132345778037199 -0.179606808509372 -0.104968720352177 -0.0470795487296908 -0.152641580750551 -0.201647194967239 -0.230243153636792 -0.13067116174705 -0.0940920624466922 -0.0285699962773941 -0.0585434782998954 -0.0693800311229037 0.0489779747167015 -3.4e+38 -3.4e+38 -3.4e+38 -3.4e+38 -3.4e+38 -0.00509829878979902 0.011980039916244 0.00686452773617833 0.0477675102692028 0.0219960508549408 -0.0155873960765801 -0.0214447034396516 0.00869602576417292 0.0339378143267417 0.0352353060969245 0.0327491253216868 -0.00446457856406928 -0.0251750404738831 -0.0156512391621296 -0.0308206286940523 -0.0315479954255813 -0.0383176044356708 -0.0332455486888517 -0.0374042097807105 -0.0488717663853704 -0.0492169540684046 -0.047507185403682 -0.0491750172617135
-0.135927539041192 -0.154195453010679 -0.129453980239344 -0.192584241074809 -0.185416830504451 -0.176919609688979 -0.198366938295947 -0.17240790625359 -0.095773941854236 -0.131973726082249 -0.120098641966139 -0.0788883148809255 -0.0878619543461852 -0.223945480506986 -0.307931544749731 -0.317001739224021 -0.203594217899906 -0.235791837610456 -0.177549608714823 -0.106615893392858 -0.040303068967796 0.00147127422213423 -3.4e+38 -3.4e+38 -3.4e+38 -3.4e+38 0.0233773670339825 0.0450120027050398 -0.000707752596001272 0.0186019331374833 0.0443103228334897 0.0232753943113663 -0.0235834195500837 -0.000981750847033575 0.0184474674682207 0.0324497089708329 0.0382955483429579 0.036769066947699 -0.00260269092389835 -0.0015050316359792 -0.00901449413449657 -0.0286929242626185 -0.0270994830411494 -0.0127912592864719 -0.0204975188101404 -0.0367828163652579 -0.0280528646369762 -0.0430220607241347 -0.0287786528947419 -0.0507437080736084
-0.132786638861979 -0.14602858301375 -0.185112227272535 -0.15669864292681 -0.227566575649009 -0.204649464360298 -0.178031586902477 -0.138557201914258 -0.112686924335341 -0.18871612362354 -0.0988451444162959 -0.0467627049386584 -0.0897835688187433 -0.22978900489424 -0.206423250213499 -0.20410748722828 -0.189818200474906 -0.209707668346604 -0.0799738407706639 -0.0904705080609708 -0.0307529451075314 0.0223656243918535 0.0298567408294788 0.0640016355809663 0.0299831822222926 0.0380733610470199 0.0340995551594847 -0.0107054878058607 0.00950363241650597 0.00528943287356718 -0.00271056483162559 0.0210922398142333 -0.0387759862449153 0.0254764559009009 0.0339473493340437 0.0224751269357554 0.0287120642646401 0.0343987860973745 -0.00920653720640087 -0.00745299556162663 -0.0167605712790976 -0.0417559383684645 -0.0200542963083421 -0.00980392265578972 -0.0110671990187662 -0.018509239509505 -0.0229452992687427 -0.0158670963694245 -0.0211927353709836 -0.0512202536433596
-0.144409387514349 -0.134490386868085 -0.198311973923122 -0.239686621473678 -0.235154159147788 -0.255566468674929 -0.196260181450554 -0.23695844056479 -0.116954499536199 -0.160191999736498 -0.119749997678785 -0.0148437344419876 -0.0649823330899223 0.0108074834210262 -0.17860944031441 -0.18574014756862 -0.190926591165963 -0.154215480506996 -0.0811890947711051 -0.00225675132280235 -0.0264845706895832 0.0604466497599296 0.0774057608310584 0.0529328785384805 0.0448005396264056 0.0261384466781076 -0.0085750274043334 -0.00861604806619611 -0.00683781306742532 -0.00742528269413455 -0.0318875542460578 0.0145659589897922 0.0349041110322833 0.029419268973047 0.0265118631316197 0.0321078650934739 0.0225334762782404 0.0221497465093979 -0.000679405920331076 0.00352156397848891 -0.00835928075796625 -0.0279002193267203 -0.0290809250304933 -0.0394562360129929 -0.0139168521507788 -0.0151686556536364 -0.0112097141449647 -0.00547551437172044 -0.0285866764497809 -0.0655083213065815
-0.159379199457926 -0.144094085708865 -0.202091075397228 -0.169778434689239 -0.201127976146981 -0.242443445870442 -0.228356116580402 -0.258232008969502 -0.245351250773721 -0.237971198579933 -0.185585438417659 0.0163258813160999 -0.123379056159673 -0.0556724911832018 -0.108598026514176 -0.0281395081986619 -0.139407014697337 -0.169019365059174 -0.0494200961975349 -0.00194080413972741 0.005193487030927 0.0938213304091998 0.0866483207694977 0.0315335923246045 -0.0048629112044889 -0.0248816344027646 -0.0509316936703996 0.000484793543990797 0.0287178229129297 0.0340977604383405 0.0137283553708303 0.0456097772107934 0.0152065052610353 0.0169218223898753 0.00339241190751762 0.0147980298017001 -0.00141519572355253 0.0153560908135259 0.0206361416227036 0.0254382580047982 0.0163697400005564 0.00204154390729446 -0.00906175737844096 0.00213231760582833 -0.00556330007058886 -0.00278972973499512 -0.0335750933002879 -0.0296000827773809 -0.0494711841688639 -0.0726129936030486
-0.144594406611684 -0.192849477305745 -0.226856694230321 -0.206902731496266 -0.228067023757521 -0.313613395975087 -0.273897054348128 -0.226007137810779 -0.204123755046875 -0.273118566629079 -0.163752002263114 -0.0293679092821284 -0.0972069651005051 -0.122893411792493 -0.103357801434152 -0.0478755025780774 -0.0528610823869768 -0.119067671162527 -0.0891799776828877 -0.0594680975402865 0.0220655283552943 0.067343077492759 0.0202181562038591 0.00675266969846149 -0.00172102443045549 -0.00590855127097192 0.0111174653683146 0.00421391381095624 0.0276533070159488 0.0769840498198529 0.0568093566812951 0.0101802037140912 0.00687018712541767 0.00387928111093439 0.00683311780623298 0.0240266915816243 0.0323679483148016 0.0212433519542716 0.0293496759375813 0.0195368961841899 0.0263505816945391 0.0126568705951587 -0.00265265622097149 0.015135957602747 -0.0321365858634373 -0.0239880219595421 -0.0283063881266914 -0.0193578550263314 -0.0432598831492956 -0.0549330614894531
-0.177384100664315 -0.234411815174017 -0.251655599639428 -0.262126370264933 -0.357081605074039 -0.365698519649937 -0.258043887607178 -0.119053087106503 -0.176909384522859 -0.211566961628123 -0.211014787728833 -0.100843201189514 0.010519631523861 -0.00820381206959117 -0.0647355679202973 -0.049396650211964 -0.0761841184258075 -0.125977256794891 -0.073363890702845 0.00223492520420563 1.42997077874941e-05 0.00580072436008448 0.014274429604769 -0.0102417257229804 -0.00091395354255098 0.0201819091870294 -0.025305810074363 0.0391300784258193 0.0588191274222644 0.0607430521727157 0.0154843859867208 -0.00267415476389256 0.00800648105074747 -0.00719973246186051 -0.00386050675153045 0.0199734843162814 0.0331201076585883 0.0335374838408395 0.0335633436432577 0.0341276283964974 0.0130832521993874 0.00208340047535495 0.018947759699442 0.0055554963918536 -0.0260145348721295 -0.0306738505344027 -0.0636646623027613 -0.0407174593328135 -0.0347027240149716 -0.0539478908704717
-0.219812875765556 -0.234343845896086 -0.167663593672526 -0.258505955691446 -0.434886896879352 -0.472791293998946 -0.318458235088524 -0.0653765513796884 -0.125833403630399 -0.152957113932721 -0.18248603775095 -0.228517935972924 0.00438191963720331 0.0159222390294686 0.0483039183268678 -0.0126817031293872 -0.0700191311665884 -0.0893159863186415 -0.105068406755444 -0.0643905377582178 0.0302247634462172 0.0268081429862108 0.0239087602639453 0.0363898788218686 0.00879591387072871 0.0115322707211008 0.0215452661492738 0.0860726627722683 0.0681188927776265 0.0321401643417353 -0.00266183381739981 0.0127809221310903 -0.0149562712491749 -0.000377387782954087 0.0120235827343904 0.0416515399418039 0.0305896169565971 0.0357208808679381 0.0116203644368874 0.0227717268404025 0.0233437694851082 0.00415182526650672 0.0148449620975536 0.00574430009900126 -0.0182273668622013 -0.0268819348706846 -0.0376905400722617 -0.0489384879822203 -0.0491761031676485 -0.0557512736871528
-0.179636981459374 -0.250537860477864 -0.191032509870919 -0.231266057016664 -0.464942436564328 -0.30892057619266 -0.289117479547749 -0.14280765922977 -0.171660939315758 -0.13275107102315 -0.194271945516944 -0.18562814843432 0.0410228165278531 0.0426015980201443 0.0329587983907629 0.0304811168584827 -0.0145597013163859 -0.0214193880214186 -0.0393135859620377 -0.00418053316894597 0.0751695831928729 0.0153912564758715 -0.0196074936504415 -0.0187946031296554 0.0265428725963961 0.0377670710197857 -0.0107824377754225 0.00554759565758994 -0.00798786867991101 0.00255878144663097 -0.0170453853911249 0.0174830925443986 0.000876078062895858 -0.0164923190012664 0.00520221185346428 0.0211889490838718 -0.00458049831807349 0.0109721709062112 0.00828686455345508 0.029382554684644 0.00738584925628653 0.0389963497778502 0.0483577826053568 0.0427247375829641 -0.0150929011878813 -0.0443514355056555 -0.0274364119981981 -0.0420996233597215 -0.051974753878527 -0.0501836515982033
-0.250657718191564 -0.335761089921629 -0.216874540333868 -0.270128709600373 -0.478848499965901 -0.394025053177043 -0.233145555104448 -0.102170067450045 -0.185606533677477 -0.14339912318181 -0.150961561305801 -0.0869148635826583 -0.0462210326636955 0.0282275351877423 0.0681051750003527 0.0519598587863237 0.0453101172288575 0.00156365297023897 -0.0359295747300814 -0.00382650198131219 -0.0494197944436681 -0.0378738377467207 0.000428089654812887 -0.0192512365715536 0.0015159131023553 0.0270672776635209 0.0161645301381739 0.0233589812561528 0.0159289962947205 -0.0163668103714878 -0.00034157405679161 0.00476974622280053 0.0222172131474195 0.0185281337793857 0.00329782131039701 -0.014037156676057 -0.0207946439699411 -0.0150816367665756 -0.00458785271927083 0.000806111675494312 -0.0197962012890195 0.0168383438916758 0.0139151018443396 -0.00517791944816704 -0.0204617681365628 -0.0261100521162066 -0.0352872734185528 -0.0328204351769514 -0.0270499261818157 -0.0229833265783479
-0.311464992654894 -0.383762793553709 -0.2440353363541 -0.270360845412094 -0.479055000822596 -0.427304374430404 -0.229544401354232 -0.150916406528511 -0.122257762629055 -0.133411746109507 -0.0858930961956707 -0.0155629299147609 0.0154425984708755 0.0305961363297738 0.0582850745762189 0.0828626735151244 0.0627828612876925 0.059780372133474 0.0627700828865033 0.0198031072899696 -0.0495010579351222 -0.100175690752306 -0.0442446323610509 0.0265769656686692 -0.010308575982325 -0.000471013922821908 0.00113036856271698 -0.00335653108805238 0.0255003562221882 -0.00851330921246404 0.00502050988217229 0.0345418690909654 -0.00220635626318067 0.01509187074163 0.00330771709804274 -0.00851285228016953 -0.0223995224558876 -0.0119786101270121 -0.0156232967695695 -0.016365253291313 -0.00293661541023265 0.0196472518149419 0.022534412490327 0.0151801360413406 -0.0130074769408818 -0.0322113102275169 -0.039584123224378 -0.0262688280802199 -0.0438253434725028 -0.039797038731003
-0.3172778841161 -0.324535908055631 -0.388296015752329 -0.498257740197837 -0.360347727219852 -0.257686341854962 -0.148135322384078 -0.122537524134797 -0.0629052440923383 -0.120583307051791 -0.0222208722920134 0.00727429674465063 0.00340838624057892 -0.0352469117847625 0.0407010328205402 0.0886696435987857 0.046481969545808 0.0998049272945733 0.163250088240095 0.140731635306494 0.199017633731708 -0.0718920717729796 -0.123414667228142 -0.0566689854029825 -0.0734505608938167 -0.0296788009718553 -0.0213131510028884 -0.0186886068833379 -0.0270229702245758 0.0402332471788413 0.0269484296095988 0.0105823408868529 0.0185329654946143 0.0133608333450538 -0.00197943807234245 -0.00683491367022555 -0.00312793746891681 0.00667810720496268 -0.0130484026140389 -0.00502599868074884 0.0301403022692437 0.0238075238684766 -0.00564784599170554 -0.01031997647358 -0.0271922927847498 -0.0534596113223366 -0.052643262077148 -0.0467616270579318 -0.0324569878951495 -0.043772571345296
-0.285592667493475 -0.260288914346359 -0.202786109529959 -0.310488922986262 -0.323667481954769 -0.212971898221354 -0.13446786100788 -0.151863596667615 -0.053764851558803 -0.173135777730105 -0.0251823115588526 0.0200719198353226 0.093250721345952 -0.00689271228487151 0.019862505813025 0.0948559366176723 0.0265708831357681 0.0750964291099555 0.0769321368797068 0.145464462124395 -0.0272722512799174 -0.0413287227887121 -0.12827556421801 -0.0314147369779871 -0.0681569021194234 -0.00288961390876769 -0.0183589106553626 0.0168069708162118 0.0243510370308067 0.0312634569329218 0.00534798247585934 0.0117161923920885 0.0147935667582834 0.0209537527872382 0.0161130071288007 -0.0139622002509191 -0.0102594712854421 0.00739355718876178 0.00659752039312599 -0.000944596092339663 -0.0373510097328202 -0.0477067147251762 -0.0371715600712126 -0.0534577266833893 -0.0648035316259513 -0.0761356928597253 -0.0782751832780744 -0.0615274992142098 -0.0543618012494666 -0.033408751826547
-0.0563470028877442 -0.136207200042117 -0.115518299422446 -0.130125001162121 -0.17169431806593 -0.150232873380808 -0.153307332203858 -0.148565180429154 -0.161982708434648 -0.0426013551622766 0.0048457289900659 -0.00233136772637202 0.0641641309994846 -0.0155583735441164 0.0136346108106517 0.115815895105496 0.0829269343687817 0.0417191271237688 0.136697193151719 0.0523619608153651 -0.0319396136312636 -0.0246947753090851 -0.113065751263595 -0.0633583346633817 -0.0605662170185222 -0.0565537987992135 -0.0259582696759688 -0.0313793894029399 -0.0144124624546483 -0.0249245884833335 0.0272165911535773 0.0225390464138577 0.0181755016644239 0.0159164681572592 0.0362519394468848 0.0147688217416476 0.0039863906455807 0.00297311836815924 -0.00876042596320085 -0.0266589816524328 -0.0458990941992379 -0.0444885010506045 -0.0459193915433003 -0.0686001301768344 -0.0521147579068546 -0.0438601999855242 -0.0614503424961782 -0.0561791251299603 -0.0442183052909868 -0.0458428484977594
