data/pcas/pcas_can_126/pca_referenceLayers_can_126/PC15.asc
NCOLS 494 
NROWS 529 
XLLCORNER -117.166666666667 
YLLCORNER -55.5 
CELLSIZE 0.166666666666667 
NODATA_value -3.4e+38 
[rows 374 to 395 of 529, columns 300 to 349 of 494]
0.0110429569716629 -0.000112964507982607 0.00169550145749459 0.00257407524783581 0.00141469864240105 0.00104969530169127 -0.00256315646133555 -0.0123391732231553 -0.0108813794063428 -0.0156153892045233 -0.0170255825568802 -0.0163325719152029 -0.0044959360166581 0.000115533767010477 -0.00852959685252207 -0.0215810716332954 -0.0211335637444829 -0.0147960985860225 -0.00791016423950712 0.00323574281786152 0.00861467495394997 0.0152929207893322 0.0145337172120468 0.00820558704769928 0.0109367919911756 0.00755107073753848 0.00955279676729646 0.0121979258914519 0.0128617276032567 0.0105488296700034 0.00470660066514467 0.00178426094537608 -0.00133012995134862 -0.0110862329789015 -0.016002646275932 -0.0230129262577269 -0.0308303715338981 -0.0356554381850341 -0.0418170933449024 -0.0492167574394712 -0.0526672600109351 -0.0598074678866632 -0.0609757245248462 -0.0695566487985535 -0.0725199325783758 -0.0770999837277522 -0.0814791772753096 -0.0869619056188771 -0.0938386802903693 -0.0947150189627138
0.00424813110956288 0.00115854131477119 -0.00200221963624824 -0.00278942993088439 -0.00367388580702547 -0.00365454494483223 0.00662381083015733 -0.0038436043206578 -0.00902839196228271 -0.00784891304598564 -0.00591087004023712 -0.00347538337942516 0.00363674480716433 0.019480849043718 0.0400760886585416 -0.0125017857914108 -0.00883664536474287 -0.00742956779505721 -0.000538985752517377 0.00482286145669236 0.0107941950706343 0.00727059157698285 0.00820502179542309 0.0095018347116725 0.010386692174872 0.0141431627602672 0.0127197180452386 0.0126029976858726 0.0149349443099886 0.0102296571041859 0.00167552710721591 0.00251855010007297 0.00185836880739664 -0.00803244607089759 -0.0167117050806794 -0.0179586392220134 -0.0298261567231047 -0.0366479772122788 -0.0414724801788904 -0.0445202684049267 -0.0481679684323999 -0.0492411410101554 -0.054507409984572 -0.0585226514489793 -0.0604464292821744 -0.0758301618969588 -0.0767378403960158 -0.0818377635206235 -0.0887819557438462 -0.0858194435157254
0.00472697880425741 -0.00133098057498136 -0.00222554379377903 0.00286285851318854 -0.00222722274434213 -0.000195860826252038 0.00405323351284647 0.000534988166663995 -0.00302122568975882 0.0164158447087569 0.0155816208090027 0.0273273798107041 0.0338741100607893 0.0332326918482005 0.0134479090107149 -0.00540335363346482 -0.000666098881274797 -2.85126945608234e-05 0.00346268138636357 0.00766173393484731 0.010119387976441 0.00829184926129357 0.00599968400101923 0.00766458769644989 0.012799310279719 0.0124092034880175 0.0120986893452309 0.0116725534849502 0.0164405762207326 0.0190396632096968 0.00833346948757159 0.00450748070716341 -0.00388443418679071 -0.00810128384468501 -0.0159551341277169 -0.0172939870880924 -0.0270407649651366 -0.0365850925174325 -0.0408344230636611 -0.0396978208396544 -0.0440960463210167 -0.0404778198975309 -0.0413063465524399 -0.0448351651307198 -0.04533389707506 -0.0635718177639358 -0.0678454853074863 -0.0763216415260831 -0.0820909844206666 -0.0803786625359944
0.00194910729432566 0.000510304976023227 0.00386255898324681 0.00536129903623807 -0.000195810951723951 -0.000151306601996568 0.0045535798010402 0.00539895227560392 0.000512432631779729 0.00917404688325875 0.0366261873118765 0.0121081411373532 -0.00337690228728938 -0.0150991385842897 -0.00920972085189227 -0.00511747214788841 -0.00119136335325291 2.92450024537219e-05 0.000949464201457549 8.37898852630546e-05 0.0122218014847181 0.0124881538586133 0.00572022130399698 0.00784069679551337 0.00834893131723695 0.0175265945999553 0.0209856776268943 0.00919691473475733 0.00453378595562184 0.00741046527084749 0.00316523250314676 -0.00164080905835286 -0.00571817743781665 -0.00834743070384917 -0.0178351932459078 -0.0191328801902129 -0.0244319179138315 -0.0303299114413683 -0.0339764888999005 -0.0332842218067527 -0.037475206946595 -0.0333387634869481 -0.0393788856607178 -0.0419708051100777 -0.0411194277935915 -0.0515642638213367 -0.0599088442131212 -0.0616234085229593 -0.0721145917113052 -0.0746623910202375
0.00316850809662797 0.00614714044546242 0.00857908421966803 0.0130194820172593 0.00747048614624762 0.00193388428153559 -0.00016889221386503 0.00455271296026454 0.00335600716912129 0.00904492620543918 0.0112607778884134 -0.00678709638907438 -0.00969997519968235 -0.0117946930181264 -0.00937886746848451 -0.00725691352086562 -0.00442544776781136 0.000572683196405618 0.00179341754311108 0.00189124777696479 0.00821155914786413 0.00855183167897375 0.00819301924757792 0.0212535281702965 0.0216190032498037 0.017180376392575 0.0134008186380712 -0.00577284914101745 -0.006429171761704 -0.0071219538163544 -0.0018004607908755 -0.00971631066442586 -0.0113686354440868 -0.0154857416658326 -0.0187603383852285 -0.0239272729243535 -0.0261999524455744 -0.0355057163823826 -0.0318591682818338 -0.0261588318555888 -0.0331161165069333 -0.0271344006817892 -0.0264230002831848 -0.0374242431797006 -0.0295491561801813 -0.0378591226748783 -0.0402314298939175 -0.051126599419201 -0.05861505536807 -0.0672795855036575
0.0121290067010047 0.0112470637897006 0.0145836649900553 0.0187384088606901 0.0197757956619024 0.00574031459363754 0.00551546627045035 0.00410061572754522 0.000368890884900809 0.00274522375763659 0.00112136853253909 -0.00329233594951114 -0.00682811317087346 -0.0084864472459822 -0.00867476650942422 -0.00947853466435289 -0.00796844204291878 -0.00202625497552686 -0.0015471805345787 0.000784981782108167 0.00566061983029715 0.00856575040421707 0.00739956067243368 0.0156919732901355 0.0144995563372761 0.000886414960474233 -0.00322722087257976 -0.0107112514328035 -0.0121758003941464 -0.0127747666754849 -0.0158969680282156 -0.015480870154571 -0.0185274272689833 -0.0228813948107346 -0.0243117574164554 -0.0247388935471869 -0.0263506296239179 -0.033604122727224 -0.0300305274919475 -0.0285056751632982 -0.0241556196774466 -0.0199560293835666 -0.0142013626262144 -0.0218877287316913 -0.0240117399126801 -0.0266651202036715 -0.0289694536558266 -0.038931866187354 -0.0448959759225488 -0.0573550791871666
0.0134350289224525 0.0147457026949132 0.0130482400184439 0.0242708891576286 0.0180629287830994 0.0124639560509694 0.00610688935900834 0.00577765297771526 0.00325076305867697 0.00779931842373024 0.00126444193517609 -0.00510338087020543 -0.00968929962345336 -0.0110565862834176 -0.0103122898145867 -0.0128167093538697 -0.00921037986967332 -0.0078371143443505 -0.00736439121748082 0.0026274709718721 0.00821188675106255 0.012075296217303 0.00789745486362868 0.00723538973126501 0.0082764046593598 0.00446141252131188 -0.0101781295647023 -0.0119573469177817 -0.0183289916342313 -0.0186951830633092 -0.0221172641943625 -0.0213595954385311 -0.0178289588200838 -0.0211548906713741 -0.0237129631560672 -0.0186383816308996 -0.0239885922352642 -0.0339120281278708 -0.0268392834647511 -0.0189530111508768 -0.0138004767085828 -0.0112965789905768 -0.0100271636981956 -0.0159725971058109 -0.00872347478175832 -0.0146254975330808 -0.0206225090218244 -0.0301775967642358 -0.0436572800504221 -0.0487306367346021
0.016115775192672 0.0176331631667171 0.0241109584257277 0.0242359553914019 0.0190348811895209 0.013463030137585 0.00680857053715785 0.005596787039562 0.0069818405225744 0.00193529611796664 -0.0037590126665306 -0.00676609976229245 -0.0134466563335116 -0.0143452584477578 -0.0154686509501033 -0.0126926182127635 -0.0114337536749721 -0.0178536061139791 -0.00608478375905563 0.00108097919048777 0.00741867741542165 0.00935981802805283 0.00359973610539619 0.0058124579878969 0.00326655596863732 -0.00474269668058169 -0.0107844540111936 -0.0189025536626244 -0.0229852027115204 -0.0235467485997295 -0.0209977570981834 -0.0234688423957008 -0.0252226452579555 -0.0252762865097715 -0.023002454787747 -0.0202203136434703 -0.0197656804905685 -0.0281274232469285 -0.0231097596046582 -0.0203211987683274 -0.0172784225033036 -0.00551875112784922 -0.00875970950428198 -0.0149822829775697 -0.0041726473340937 -0.0144476885838937 -0.0227888297959102 -0.0280996940821599 -0.0386938505759197 -0.0429350348435965
0.0183771686224913 0.0242310578053496 0.0285978053675502 0.0285275923406984 0.0248786306033594 0.0170745932184778 0.0134631842423927 0.0100609394530396 0.00619339798571126 0.00321341734004735 -0.00527894590181045 -0.00404355942256181 -0.0127413468428954 -0.00735374246429821 -0.00331901975752613 -0.00739828804345878 -0.0115564993153855 -0.015342853627946 -0.00953823411070557 0.00237162068150095 0.00349108707282237 0.00479758123504773 0.00514342252369442 0.00288925085999339 -0.00177806005540987 -0.00992416052286531 -0.0127584671426921 -0.0193095570609947 -0.0260146080275795 -0.0337766231131723 -0.0357477499033464 -0.0369442069759755 -0.029793261694897 -0.0263905685846074 -0.0214329504998369 -0.0187982621185069 -0.0227606699782051 -0.0222197712966934 -0.0164343034558898 -0.020265784876398 -0.0175964707875122 -0.0158411223031409 -0.0161311040495194 -0.00813608446821413 -0.00923828971627703 -0.0145676306514744 -0.0169516118795613 -0.026076111095297 -0.0365658954498862 -0.0431967993970225
0.023731717852279 0.0244944657818881 0.0303584829752407 0.0304988045857446 0.0273566112200235 0.01943069140009 0.0131438597707079 0.012868464265116 0.00838655037337314 0.00142251881431467 -0.00360494979014038 -0.00389244769043498 -0.014184091689706 -0.00857719030216244 -0.00406330437744934 -0.0130753779029111 -0.0136116813697931 -0.010164800187571 -0.0112009656877797 -0.00216301179424035 -0.0045445472323711 -0.000897161096027659 -0.0013727909756666 -0.00273168181588945 -0.00805257033947344 -0.0108038598452852 -0.0158913984615962 -0.0221923232598465 -0.0306899808010322 -0.0408855704683214 -0.0450101800010896 -0.0414261516015209 -0.0286629201919144 -0.0270590723459771 -0.0245601080024785 -0.0231706753711875 -0.022670045403557 -0.0206337389727306 -0.0144100056902934 -0.0203218792181423 -0.0123396515404389 -0.0114730856525308 -0.01528997088469 -0.00683842288239773 -0.010643189945288 -0.0162097204510164 -0.0232462347779379 -0.0293756068328422 -0.0345431883925417 -0.0438410220083076
0.0321569426923815 0.0273493912839402 0.0304666303796543 0.0293453449996221 0.0285907150201312 0.0214537508885711 0.0157369860108319 0.00719275680247626 0.00845140318183637 -0.000296045219559737 -0.00366047791541661 -0.0124931505296541 -0.0151826768862504 -0.0107311508282847 -0.00716367505401103 -0.0173428502454997 -0.016519095140599 -0.0111058973792549 -0.0146112203650376 -0.00234135723853088 -0.000742485317873118 0.00174121004475793 -0.00502952781494248 -0.00873953358397494 -0.00978539702461305 -0.0130779995923054 -0.0194535387196423 -0.0209044433448293 -0.0316026599695518 -0.0417266006132604 -0.0524521880687773 -0.0484536877974693 -0.0386020993293779 -0.02736107202338 -0.0248469501242192 -0.032321546771039 -0.0291298490353531 -0.0223958036261805 -0.0136906591419312 -0.0126681682955309 -0.0138811693809266 -0.0161280647738932 -0.00957695218876674 -0.0100246024043268 -0.0173323218308046 -0.019784872610946 -0.0303230802537554 -0.0415190665831745 -0.0400173122687118 -0.0456625404873696
0.0352933988199347 0.028092142040121 0.0273354453903831 0.0260344934026944 0.0249420059222117 0.0157458210112366 0.00540965909950124 0.00288030338141974 0.000648013599565803 -0.00326202903831664 -0.00700284827513804 -0.0149536320020224 -0.00719958027562816 0.00110826439414244 -0.00403382818295603 -0.01975481127513 -0.0168450028737614 -0.0166429355028965 -0.0150027770301828 -0.00340315835266388 -0.000320830739103804 -0.00287511769896652 -0.00763012110511921 -0.013362991457045 -0.0129941321261199 -0.0161949129434105 -0.0215044989297458 -0.0229581712526684 -0.0286546897432388 -0.0352634553029468 -0.0454670701500342 -0.0476771958516697 -0.0391409806084839 -0.0317881542939098 -0.0293271606772298 -0.0324037165939415 -0.0410500793503829 -0.0381931928340491 -0.0191019894935476 -0.0192985223012262 -0.0186425092897957 -0.0122329041745318 -0.0187669435656594 -0.0191269438803939 -0.0158121854816649 -0.020301704046219 -0.0320703335291128 -0.0372517459448708 -0.0360055931937737 -0.0342285705444245
0.0325662570856357 0.0280475312925378 0.033932894066749 0.0246504545106918 0.0207478801943729 0.0135988099440075 0.0079656078714406 0.00260957792408872 -0.00106377925845397 -0.011000709896508 -0.0177694991360217 -0.0188800522324296 -0.016784090084671 -0.00514676356570466 -0.00646916060365058 -0.0241036612255576 -0.0278148359408508 -0.0254614351542727 -0.0206427807984747 -0.00875133351219756 -0.00268408881741607 -0.00512571511461021 -0.0113163231438817 -0.0159292805886432 -0.0204451454800752 -0.0226714112027118 -0.0228150308732565 -0.0214913067947313 -0.0243348270419355 -0.0335777843807373 -0.0378279095077557 -0.035324241459853 -0.0313018013196648 -0.0238179874201357 -0.0239473684605464 -0.033290402291433 -0.0389088529676072 -0.0426834899349973 -0.0363635938355507 -0.0294269272856432 -0.0236097617939197 -0.0176425126523054 -0.0191835091627979 -0.0205337369713225 -0.0246445588463972 -0.0269896652926094 -0.0304061703567586 -0.0363688055386269 -0.0436096676553604 -0.0363375986977241
0.0252079754068732 0.022741993358683 0.0514114689169662 0.0388055643212912 0.0163343882983986 0.0112937655647418 0.00721035531840629 0.00348610768364974 -0.00479724133205179 -0.0167910117030291 -0.0192426333076178 -0.0272649367874012 -0.0254338333719151 -0.00434029389781613 -0.010327456576301 -0.0258899196856395 -0.0338516992850562 -0.0402607857631042 -0.0418331820515924 -0.0316053503672621 -0.0183992726661128 -0.015258240332679 -0.0206367902133091 -0.0260375089423546 -0.0240723111241565 -0.0278984043778335 -0.0252657875242933 -0.0279140137528299 -0.0256638180414844 -0.0288454521779425 -0.0280816758674144 -0.022405848478749 -0.017331487391584 -0.0113054101427382 -0.0206307441703314 -0.0207598387790174 -0.0252239396125694 -0.0306102855370634 -0.0319947615080354 -0.0340025523683512 -0.032976927858194 -0.019641619869436 -0.0179122719241402 -0.0190986144678492 -0.0215023008440226 -0.0253992196914066 -0.0287792525866053 -0.0362915529123123 -0.0433571040866591 -0.032700593522825
0.0227786479743181 0.0206891013912326 0.0452962589549463 0.0359833992748419 0.0127998909930552 0.0127343481724955 0.00477502919976742 -0.00301825639703671 -0.0114326083550987 -0.0187973121115264 -0.0259903286777955 -0.0256705292396439 -0.0235347027053085 -0.00082307917035758 -0.0162303037870857 -0.0276077338027468 -0.0379347246576309 -0.0554622800678838 -0.0422410400716892 -0.0367412947473303 -0.0379043016239967 -0.0283360607061792 -0.0302986800611086 -0.0294878406365881 -0.0239738263576604 -0.0250073916348141 -0.0281507731287792 -0.0289212772894503 -0.0246319731437143 -0.0224475437214043 -0.0160289114306066 -0.0153918877645391 -0.00572601225796204 0.000914133361473828 0.00155081157020925 -0.00521130580019098 -0.00486447161252873 -0.00570864716952221 -0.0133592104736583 -0.0189488990924339 -0.0253061219400424 -0.0292315589340107 -0.0231756857545574 -0.0175794863606958 -0.0251132609253504 -0.0262671649766221 -0.0263212353449736 -0.0198950263376165 -0.0215334090673779 -0.0203268189799322
0.0208373694274184 0.0182328536730759 0.0129628312301072 0.0166448923044637 0.0145095304470662 0.0118782111900014 0.0055364825218891 -0.00460544133760077 -0.00841653805458509 -0.0177027367448682 -0.0256888173869123 -0.0274254755761982 -0.0197274583916626 -0.00138688236511439 -0.020005886565757 -0.0364579911679172 -0.0426110170584692 -0.0544559667853693 -0.0442511057369992 -0.0413245718098295 -0.0431466877101782 -0.0394180828518694 -0.0297022250541959 -0.0247050915558272 -0.0230048180948246 -0.0188125208626003 -0.0255580166506978 -0.0332357656319266 -0.0245363362924016 -0.0111804443472379 -0.00548886629244088 -0.00616329660127862 -0.00343336444613507 0.00374098053759188 0.00887782307382776 0.0143544803903368 0.0138692536619653 0.0150399945931423 0.0135198208232217 -0.0112312338021413 -0.0239212440888955 -0.0289829415122364 -0.0297525207615056 -0.021336869385608 -0.0222425918376866 -0.0220323302468523 -0.0220135084503974 -0.0150200924030131 -0.012576841446389 -0.00318206763233828
0.0196694935774109 0.0118418158610329 0.0119839028614227 0.0144867398699142 0.0124683923604044 0.0112708692534705 0.00409963648177142 0.000867397948410627 -0.00606453647396961 -0.0163583629825005 -0.0188094343472916 -0.0229583259274874 -0.0249325842979391 -0.00352311470692987 -0.016427536036344 -0.0349979737984132 -0.0432279343798898 -0.0502440865267009 -0.0485034033110808 -0.0470044395257167 -0.0493266524333687 -0.0390263646788058 -0.0335669034814347 -0.0233758077092254 -0.0158968787420475 -0.0127904714182642 -0.0337209253003544 -0.0313201595134536 -0.0185385016868067 -0.012059950921963 -0.000960722645013012 -9.04547007675831e-05 0.000789766399529712 0.00863582184719268 0.0102864782948198 0.0157703248378423 0.0251359551633428 0.033353886521771 0.0302688634443997 0.00839251649193002 -0.0240246163994862 -0.030929486190077 -0.0332870919184392 -0.0270448663029044 -0.0184970596950457 -0.0138072488750002 -0.00772531659571385 -0.0104941033846366 -0.00902810009942445 0.00229992290692483
0.0196072611387804 0.0121078767568222 0.0130859694945804 0.0124040403740371 0.0101188602024325 0.00646829988906455 0.0074444906315177 -0.00238075200819075 -0.00353928210587841 -0.0125461154237742 -0.0181698225694709 -0.0190003609448434 -0.0171927450953525 -0.00757093801859558 -0.0159901696435386 -0.0288336764455805 -0.0367444343154311 -0.0465748292532529 -0.0532124623422971 -0.0534218416765137 -0.0453587024306556 -0.0368991951144032 -0.0296480570853096 -0.0222962056258463 -0.0175453005108207 -0.0209414549285986 -0.0394417907368094 -0.040792250468874 -0.0243194404073887 -0.0114449273111296 -0.00183798020936904 0.00686643611406282 0.0037964441335964 0.00713716951229149 0.0125966918984882 0.0187717708423169 0.0309475191030654 0.0441601264799933 0.0318267344675881 0.00326126499220141 -0.0181359627811491 -0.039378193487212 -0.0424996905743317 -0.0275361272825048 -0.00906941064063404 -0.00467525830007032 -0.00372931043969464 -0.00348896826269351 -0.00201086298013331 0.00553704604673829
0.0198868664094883 0.0144089556397519 0.0100144887899891 0.0128408593780131 0.00622285448848958 0.00428129364012384 0.00280641952496572 0.00718517154994205 0.00460826944784689 -0.00108571518777091 -0.0144897862430413 -0.017092872045683 -0.0156830204064725 -0.0112358236871316 -0.0196623964001061 -0.0259858435510017 -0.0335098875951796 -0.0387944777370156 -0.0409073631998472 -0.0395452903279918 -0.0381871838198874 -0.0333004500686042 -0.0281882993550211 -0.0196218988032007 -0.0134479146578171 -0.0227680342531896 -0.0396605921329331 -0.0416924174723753 -0.0208077214787949 -0.00762596703567825 -0.000796269599405108 0.000573443622123391 0.00543759860394718 0.0105174430787247 0.00707670426307383 0.0125213913824569 0.0192081871535616 0.0226867846252346 0.00590270990256924 -0.011798008197587 -0.0329459539214966 -0.0447109309252639 -0.0503498457297778 -0.0299617992331469 -0.00624568933960872 0.000744696885321684 0.00298382281913808 0.00574033057403689 -0.00242279986417757 -0.0049912352393283
0.0247704416712029 0.0203598672286134 0.0142129270790474 0.0104361537086859 0.0133413668714288 0.0154286854167826 0.0193235458858076 0.0156586628661301 0.0118444975199953 -0.000177898288535726 -0.00919870065653246 -0.0118707052175782 -0.0142045817210272 -0.0129712920736368 -0.0238344349542847 -0.0263776749976482 -0.027573417247284 -0.0257382945916443 -0.0278083374206318 -0.0314477102609303 -0.0315800141027153 -0.028958136369619 -0.0253835723526313 -0.0218248556061779 -0.0245199811831717 -0.0341038683445599 -0.0454259311849627 -0.0311951764161244 -0.0186891493588633 -0.00918612064098511 -0.000373391786553653 0.000410375639215733 -0.00147331723341115 -0.00312538454546994 -0.00210141677865443 -0.00258724536859633 -0.00122277402888213 -0.00928222318963396 -0.0196889427084197 -0.027760153372294 -0.0402149100857958 -0.0452284878657934 -0.0362796739539759 -0.0236374140809784 -0.00308115542001677 0.0107369896313622 0.0120078765347553 0.00625535862367377 -0.00409426370927732 -0.0126056929910603
0.024318952716957 0.022669286369951 0.0161821342829996 0.010892557656799 0.0105431123186664 0.0146563411143636 0.0148088104165279 0.0120867662915515 0.00555261300979504 -0.000913843447130861 -0.00810220474628357 -0.0159502839482694 -0.00968356598028252 -0.0146636374967978 -0.0215427905669443 -0.0209355788986194 -0.023026332141001 -0.0226046008746669 -0.0262753944674033 -0.0269072940687147 -0.0323538636130977 -0.0292658102752874 -0.0247329220311535 -0.0254297059082233 -0.0264314115485505 -0.0356809046870151 -0.0455512607022858 -0.0378074340509813 -0.0245759507742636 -0.0180625553237207 -0.012196829507452 -0.00590873225266966 -0.00731548456743089 -0.0107654656494093 -0.0147518430382471 -0.0170001690503457 -0.0193283309804338 -0.0295705054600647 -0.0385275445499475 -0.0380996469411295 -0.0455632277396796 -0.0560789709801912 -0.0393576429854791 -0.0187186543906354 0.00250456966532472 0.020891957574131 0.0193816444421709 0.0157976974068603 -0.00348168682605499 -0.0110806377088268
0.0296855389234205 0.0245168971018597 0.0189832235590969 0.0117194615375734 0.00865872193807503 0.0116591711644718 0.0109113188678147 0.00756887771855441 0.0013120613639444 -0.000667114235492039 -0.000263084259954374 -0.00689215447838362 -0.0114228241351204 -0.0122053324351506 -0.0184649716861848 -0.023674657219438 -0.0243432973851629 -0.0197908423683718 -0.0231267848820137 -0.0247614039974813 -0.0248567846971061 -0.0303754031309468 -0.0323798924685749 -0.0331757704264884 -0.036554500121382 -0.0354056053046586 -0.0386593903340447 -0.0353220800783338 -0.0251158195021028 -0.0156837431977965 -0.0133109091347066 -0.00907912275596623 -0.0113259537674151 -0.0162234293896621 -0.017344915302881 -0.014287996317259 -0.0210659851699328 -0.0310701296246947 -0.0411334719821899 -0.0463407240763326 -0.0459440326447504 -0.0472778119661369 -0.0313559477850884 -0.0139766335922695 0.0106545082531277 0.020918714864118 0.0217879552464028 0.0251924877572713 0.0154065268990769 0.00309032222729622
