data/pcas/pcas_can_126/pca_referenceLayers_can_126/PC16.asc
NCOLS 494 
NROWS 529 
XLLCORNER -117.166666666667 
YLLCORNER -55.5 
CELLSIZE 0.166666666666667 
NODATA_value -3.4e+38 
[rows 154 to 175 of 529, columns 250 to 299 of 494]
0.0561767022735039 0.0225233161337121 0.0579696539480594 0.0682782821215222 0.018507394800523 0.0285044883077609 0.00751975919825738 -0.0290747907906303 -0.0288662763757413 -0.0346334596511988 -0.0346553733476871 -0.00892235918347698 0.0559655288435666 0.061498471970791 0.0464326656792443 0.0799072418578753 0.108803467625134 0.0867083450974637 0.0746567557443675 0.0537068682761557 0.0280598352575403 -0.0211326937382491 -0.0352450598743019 -0.0468632511436372 -0.0277074027609004 -0.0409100272940793 -0.0550679164562022 -0.0672274537083917 -0.0875344884193994 -0.0943826402779234 -0.0837695649689936 -0.0769757417890297 -0.0683026809741362 -0.0433250112084029 -0.0370941189363676 -0.0348413807494005 -0.0149045013945293 0.00372009416255398 -0.0213136612366614 -0.0335592311500796 -0.0308261151555786 -0.0352160759006084 -0.0496365110319454 -0.0573271145895101 -0.0548395438836646 -0.0510422068532615 -0.0403932954500022 -0.0400413534983348 -0.0339750987907256 -0.0387217237454493
0.101772165616108 0.0521948962383721 0.0563205136472214 0.0638818765742662 0.0630319594362888 0.0546665534328162 -0.00187818065415792 -0.00670184788688447 -0.0122208643495521 -0.0186785565753498 -0.0116763426671111 0.0267576938677777 0.0837374923925838 0.0293525626427151 0.00941245996412747 0.0157490825115196 0.0849633406085337 0.0930672468106281 0.0693364508562487 0.0951706628571138 0.0831323426006697 0.0201514582600463 -0.0272374675650166 -0.0407760644115697 -0.0424113185411111 -0.0595146505425401 -0.0584721877673329 -0.0824508882575386 -0.0965738753919867 -0.0901135961083077 -0.0931030669024854 -0.104273702748455 -0.106292565021023 -0.0799066126403513 -0.0556408650983053 -0.0473224717731923 -0.0583340212668166 -0.0450121525048636 -0.0450811633839383 -0.0534785057485633 -0.0297582172050323 -0.0450327103147295 -0.0422225758617484 -0.0400239282352325 -0.0602644185308827 -0.0473524708471642 -0.0518124816888887 -0.0434442573860804 -0.053709850695221 -0.035318190688644
0.0809566397781825 0.0550351105440765 0.0526974792524781 0.0798361856232234 0.063768065912967 0.0519760996695915 0.0237132390696006 0.0121475978758746 0.00535158511065546 0.0138942088207778 0.0285774059268535 0.0629586812021283 0.0799868702758269 0.00557013329302552 0.0181639940570027 0.00441564058300348 -0.0133197438337445 0.0813379005001465 0.061117973252519 0.0589649961691972 0.0715851485623217 0.0472658225813691 -0.0235094765104363 -0.0464386960767799 -0.0570614915214843 -0.0587240503876072 -0.0781390221277925 -0.0934576436712472 -0.102351069901082 -0.100429296680094 -0.105641067470966 -0.117959654391261 -0.110462724530465 -0.0980540950627847 -0.0939305382965882 -0.0823154241836607 -0.0565955949268446 -0.0708018942584259 -0.0625393222201675 -0.0613324725840202 -0.0646039691916009 -0.0931135342720021 -0.0827233082163566 -0.0670870948067985 -0.0792698009596136 -0.0728963869071322 -0.0583120385471082 -0.0653516796552526 -0.0521975980647239 -0.058895192412428
0.0666617300400766 0.0618155046690752 0.0650195293488285 0.0771655008376835 0.0711790617725239 0.0362167713534727 0.025969360339561 0.00423641597308253 0.00879271665729658 0.0347726624706425 0.0782139491866393 0.0638865270085627 0.0623965031438319 0.0240752989072841 0.0125668705248272 0.0723892911887572 0.0431865640716286 0.0517555053870927 0.0535015795259166 0.0603171464421911 0.0660357447147862 -0.0039117380200253 -0.0566810884574034 -0.081988949232179 -0.0655282978374982 -0.0662389213002977 -0.0920352423154304 -0.106407118836164 -0.114746122106311 -0.106008867913674 -0.104799400986269 -0.106430752626311 -0.120543996976119 -0.113443127167884 -0.102967888343293 -0.0930894286242974 -0.105365871448228 -0.0961929764494366 -0.0893362716782639 -0.0974846161150803 -0.0966220344959554 -0.0906555827545085 -0.0866218671871518 -0.0834264378334342 -0.0823735211030196 -0.0674913334614751 -0.0847394446887932 -0.0680268641945643 -0.0687602618262561 -0.0635950813244692
0.111894264789987 0.0913686536109903 0.0983353099856551 0.0869850361680945 0.0777936524288722 0.0633396154120556 0.0319575653257749 0.0618240135904276 0.0430359575376576 0.0661475421443186 0.093531233815776 0.0580822969137613 0.0649809765827799 0.0556974110474863 0.0174351404077426 0.121214691009499 0.11263342131046 0.0505255853099225 0.0473921760022961 0.0654829680220945 0.0190180776447899 -0.0603709975012442 -0.0835469610124836 -0.0800546835509277 -0.085747463477437 -0.096025087809323 -0.096206738140342 -0.107689723925095 -0.115262625682568 -0.115175449444836 -0.103925461273124 -0.11065309610939 -0.122160421040492 -0.110736118819618 -0.111877157960118 -0.122706148708631 -0.107658482776667 -0.0967093467919773 -0.09061312081193 -0.104268517273697 -0.105376704222911 -0.101703795930141 -0.0931218129311185 -0.0917389020864396 -0.0842147573629417 -0.0889760729146501 -0.0873559340332803 -0.0779227446863389 -0.0821798051505032 -0.0871015434789322
0.14177992338666 0.138756657464311 0.09777549516361 0.0804695428604228 0.0703356301458554 0.0386544142249273 0.0492071547766559 0.0623865696539726 0.0903563877028082 0.0951775496917756 0.06088857942563 0.0711158852039789 0.0460376843921855 0.0213620481485336 0.0801938746534602 0.0987440612249327 0.122149149701687 0.0620306603711659 0.0596703637702245 0.0108004252221221 -0.0420164179694432 -0.0753377910426839 -0.09408135651431 -0.0987873951668033 -0.0966124845453982 -0.0901842352197185 -0.103001200113651 -0.105287687390276 -0.119493277325781 -0.100266558130457 -0.118271555134771 -0.108301895707365 -0.112103389653404 -0.109939949212436 -0.112129607458597 -0.115406454325367 -0.108409413079712 -0.110873296246082 -0.103330051429518 -0.114584102087257 -0.103114797517447 -0.0938940546009002 -0.0908675586566767 -0.0929792593356314 -0.10518929754838 -0.103976433998463 -0.0925793338785477 -0.0981574988610222 -0.0943520580547406 -0.0916457863294863
0.145159576155167 0.157983071051715 0.0961128071057189 0.0967016120495485 0.0601742722898074 0.0460375100450195 0.0374916930257333 0.106262211419283 0.116229870521609 0.0647584688343301 0.0227614235424474 0.00212212372925222 0.00747366509349583 0.0405556406323152 0.0888193436266216 0.132976796335965 0.0931458430767609 0.0686818818107739 0.0652165109505501 -0.0121093208609842 -0.0712982696139588 -0.0859051741663194 -0.09129346286454 -0.0968735373506816 -0.0968523909686555 -0.0926355179966432 -0.110999280290115 -0.128593079195932 -0.12792325399965 -0.106996945160837 -0.0980313559697527 -0.108955526613443 -0.111491448199784 -0.102449330185176 -0.107361586477803 -0.119190138190506 -0.119420695487018 -0.133663666571056 -0.124289875624578 -0.112719577443311 -0.105045670714151 -0.110908081483985 -0.0966423070561439 -0.105804681757437 -0.0970812745068572 -0.104721336543107 -0.087340917400246 -0.0922694041569544 -0.0894789177225607 -0.0862858890858311
0.113021727933463 0.161932487867667 0.120492174906921 0.0933346141962956 0.0520014669143905 0.0588841612469443 0.0853797297965826 0.112898685715728 0.12150072476472 0.0865699810708356 0.0468390121239172 0.0256139742498601 0.0611408039758758 0.0663723179737288 0.0371390875885542 0.0731732724668004 0.0732427404118643 0.0722614464264615 0.000783479350442574 -0.0532610648114435 -0.076933536881791 -0.094214625418204 -0.0881606720251761 -0.110548729862965 -0.105582967567364 -0.104634365507123 -0.117937990397669 -0.116850588474582 -0.117026452819826 -0.113247300986633 -0.107534667449965 -0.110627420874835 -0.100477307212922 -0.124053754441924 -0.12660276529263 -0.121426204092071 -0.117064424115719 -0.126353283377206 -0.126567212398275 -0.121436714732547 -0.119481833640534 -0.119132452226698 -0.131186029138256 -0.114651472458376 -0.0941326660043595 -0.0951552239517211 -0.0999281350853315 -0.0902643501703776 -0.0915155888457208 -0.111002024535035
0.130694284904072 0.164546266197952 0.116557989780714 0.100609722675065 0.058444011376122 0.0611646034411095 0.109822212589933 0.123290362701169 0.10757752415149 0.0626514362883178 0.036562072776578 0.0164384592319086 0.0532900235452149 0.0429818902517922 0.0636863482880476 0.0805322549459519 0.0595116402048471 -0.0163658087565546 -0.0569812606212943 -0.0772936857740636 -0.0903240176343417 -0.107219197124637 -0.0900485758315067 -0.0966444927599691 -0.103822442834511 -0.108585537815473 -0.104751090454598 -0.121762852172723 -0.127985604041722 -0.108788632980506 -0.105896741341045 -0.106399862575749 -0.103148757181887 -0.108241155404644 -0.124354253636938 -0.110191389175931 -0.114435077638039 -0.131734863103882 -0.113017811515528 -0.121904999067059 -0.117713179755676 -0.11954519042388 -0.122647240584116 -0.123457506578598 -0.108088957129431 -0.103490867621466 -0.11358053783507 -0.110543717192466 -0.10643305972663 -0.0973219036989359
0.161141953776585 0.174240742919551 0.146198865738898 0.100156985708253 0.0656914382571927 0.0920077410626689 0.0936112847265032 0.0848536125858403 0.0905697116350093 0.0957531404456887 0.0486189435163911 0.0755592727826955 0.0272513251235053 0.0496106637917328 0.0637781690726422 0.0625137442578153 0.04859347460297 -0.0203144151266463 -0.0831623669193165 -0.0932038039158844 -0.109776850666636 -0.101008588671293 -0.100331012441875 -0.103917377289243 -0.0952081114733245 -0.120146271271708 -0.115145936710855 -0.113932492858874 -0.108983611372248 -0.104297911806217 -0.11584280517659 -0.101507217919881 -0.121829418720976 -0.121567000504916 -0.113362966366454 -0.120555791819143 -0.122046232411343 -0.121777763986266 -0.115116795382529 -0.103860184810126 -0.10297181393883 -0.109159902414398 -0.12382699166967 -0.114106147908566 -0.118498759270165 -0.124516059174439 -0.100379373163632 -0.120488681024623 -0.110513142617784 -0.099246722442278
0.149258412179944 0.171120708160619 0.146847105832254 0.106516698284149 0.075207952446964 0.0931679632738854 0.111422544566725 0.113734353522106 0.0879189225380041 0.093350264774676 0.0776955217393367 0.0674735243618539 0.0183134954149105 0.0431422311749459 0.017631869893177 0.00256725361037511 -0.0439741848853922 -0.0672283292063742 -0.0918986482293559 -0.10306271527342 -0.0958883714549294 -0.0949662991352002 -0.100236869230969 -0.0955761818892177 -0.109544361480555 -0.103696725311815 -0.10297384239175 -0.126890954022441 -0.107154845384027 -0.10607536759649 -0.115173126325219 -0.105768272927496 -0.0990476845082245 -0.112691134606275 -0.110133141665919 -0.100902414004223 -0.103812111814677 -0.103460783856567 -0.108805604100989 -0.107275487218108 -0.105102324522857 -0.108264878602436 -0.104748867156484 -0.12393087135508 -0.120175149651452 -0.120352199948864 -0.111780137389181 -0.103787051484636 -0.107299137820917 -0.10866703018524
0.137493102327834 0.157090610031165 0.145750830170448 0.0967775109445777 0.0815524944361272 0.10939635851536 0.118721095629321 0.137993285443799 0.132297761971548 0.0903205181121663 0.0846431175095311 0.0533366574112828 0.0217988523364579 0.0368999880392626 -0.0136656204927219 0.00580575479960876 -0.0722771428309385 -0.0974637273502415 -0.103922926316848 -0.095511881359231 -0.0970647958959097 -0.104550343793409 -0.109432488376525 -0.0953938168647283 -0.106821077930391 -0.0975523317857635 -0.108156316994596 -0.105437840103819 -0.11384820200107 -0.109738503251901 -0.098690783544106 -0.103050413656102 -0.108041276528466 -0.0976081884581809 -0.101978827557002 -0.0919818415323212 -0.102825460974362 -0.100890006465745 -0.0966578181039163 -0.110636170678753 -0.0956506052050825 -0.105236470165363 -0.110386740943272 -0.103671463986497 -0.107169263072787 -0.123809560940581 -0.113235368723695 -0.114367123826036 -0.0749564243427251 -0.0740571148785439
0.173557727822824 0.170429218152718 0.120728922614876 0.0873589114263002 0.0837810140423287 0.102726135264315 0.112992338052682 0.104298025192922 0.11712311229188 0.0846953176556294 0.074143486340159 0.0334356103316398 0.0183845318985633 -0.00183219902380967 -0.0458855179688187 -0.0544307664338747 -0.0983211321971238 -0.101031143445122 -0.0989071573393428 -0.0988341119368764 -0.0986548420532673 -0.105663652910386 -0.0814568025866644 -0.0962100001916781 -0.102591263224564 -0.113122607360984 -0.106064797221816 -0.104989865070207 -0.104606184774708 -0.105428077630619 -0.110555390181846 -0.101814006408817 -0.099719460030738 -0.106069154722807 -0.0985861765567284 -0.108290249472555 -0.101055149102973 -0.104937744967104 -0.099892427181658 -0.108340473965424 -0.101032893426893 -0.103690985369963 -0.10742765690571 -0.101566194062117 -0.116863704214066 -0.11290811484378 -0.0961710636343624 -0.104133573404508 -0.0823486456838048 -0.0809497230048202
0.173809705397331 0.129029570452902 0.129595697577248 0.0663723608419646 0.0785570396614926 0.0965174680228898 0.114809776585594 0.0807557989310188 0.0823369703173975 0.0867775443419896 0.0705091060922761 0.0415442898794898 0.0299888640907489 -0.037407869982511 -0.0586269998146707 -0.0784016789945934 -0.108828358034686 -0.0988638805845041 -0.107799975029788 -0.0829310158762704 -0.0891582237441855 -0.0901745445814227 -0.0806963881350259 -0.0859535543605984 -0.0933007101792534 -0.104388772581647 -0.114461564443599 -0.111303513620521 -0.111803454047412 -0.114997087096704 -0.103789753102025 -0.11372581561107 -0.0943550581134106 -0.0973822865776689 -0.108145527668301 -0.105675291941885 -0.0966029473366873 -0.0888339162400169 -0.096711818810594 -0.0961986226836663 -0.109981430362429 -0.0980176825115373 -0.0933069988176958 -0.0875104446654985 -0.0885412897995867 -0.0962277848456079 -0.0981466686531441 -0.0867183037835121 -0.097550069552897 -0.104220815955356
0.165654967823073 0.151799089984668 0.102324594360473 0.0325298823516486 0.0451780391698006 0.0555699114316283 0.0913890911492614 0.089617452884275 0.0684826979687517 0.0645545121996163 0.0681218422450075 0.0441123154499647 0.0164810310905289 -0.0674881358817653 -0.0563260161713637 -0.0584698311215369 -0.098910007906941 -0.0964814121749635 -0.0879865580410954 -0.0803737449837879 -0.0799712343628496 -0.0941957321828851 -0.095914435086899 -0.0982760170925437 -0.0999239207859295 -0.109626395579302 -0.118191942596162 -0.108154420332475 -0.109723283199748 -0.103983477668417 -0.103514001278093 -0.098701890114959 -0.0931584019570866 -0.0890541614160745 -0.0824040211247446 -0.0946792092731316 -0.0892373669575728 -0.0792470572799972 -0.0808265278545082 -0.0871899347965989 -0.0876275939231308 -0.0883466497118829 -0.0691443732080914 -0.0687725489587485 -0.0974002357398074 -0.0890109905408123 -0.0884050722486148 -0.0857520604943033 -0.104029008317871 -0.0905346706255759
0.127489016422247 0.0974739207134449 0.0351737838352298 0.040650152843443 0.0445137575012084 0.045606191251089 0.0868496805462171 0.0847292642434359 0.0664472121997834 0.0570073377267933 0.0741541805621743 0.0553528958043059 -0.0458995797186917 -0.0672889248783472 -0.0671181874220037 -0.0750594908422481 -0.0861545577151876 -0.0954949185967054 -0.0836289662539717 -0.0912682540471334 -0.089866896356544 -0.102081285128221 -0.101026157997655 -0.115672719051871 -0.114094117622857 -0.103948466784873 -0.115335877574582 -0.0981454400053171 -0.107876711279999 -0.0958915246197256 -0.0966942387220462 -0.0796719694275628 -0.0884472399882095 -0.0853638808187187 -0.084944313662021 -0.0839952721181013 -0.069526979812115 -0.0671675816746461 -0.0760101639275744 -0.0956621795509017 -0.0729024192154055 -0.0656665557447702 -0.0815116302496392 -0.0880280171094695 -0.0868790371250768 -0.0889318994659955 -0.0809120576857384 -0.0838598576200463 -0.0794621599118726 -0.0683163851124301
0.146636249402295 0.0823069709291152 0.0457602843531854 0.0200207591062164 0.0310659045260585 0.0681076939023484 0.07234426899691 0.0798341550890751 0.0684767079885483 0.0554978517030792 0.0486375250897806 -0.0228308352358185 -0.0521626126023732 -0.0737371530309898 -0.0623026984722586 -0.0688341821727859 -0.0852563329096702 -0.0947798198807233 -0.0893133382558117 -0.0806805808534714 -0.0975048762355827 -0.0808751999652401 -0.10697715204862 -0.0997959529778319 -0.104960815568849 -0.103420148524882 -0.0850030096219229 -0.0884383750491613 -0.109006689849945 -0.0763681110477145 -0.0793578283542247 -0.0799508508669262 -0.0713067884897739 -0.0626064403350272 -0.0539255055488007 -0.0495280462669038 -0.0532720899503004 -0.068100472793496 -0.0707759207840501 -0.0680422101291539 -0.0739869340907542 -0.0787115884136124 -0.0797409033054993 -0.0917727080414658 -0.0868434035391467 -0.0951570424502362 -0.0876782608444144 -0.0879943758035869 -0.0842208391770566 -0.0805412181383905
0.107100725012021 0.0318223476842675 0.0116055947406532 0.0331011184842626 0.0635877924997443 0.07861238904255 0.113616795062966 0.0881038814487665 0.0550416528693737 0.0597639006149879 -0.00301071364103399 -0.0419724596632159 -0.0600409114830198 -0.0684436665504725 -0.0670872527930105 -0.0734345922300976 -0.0706145465735889 -0.0863515592422289 -0.0833065071730427 -0.0873284977193149 -0.0794954120523132 -0.100110902552308 -0.0963649899688791 -0.0968379748153446 -0.103778446716858 -0.0904766818752265 -0.0913554304068865 -0.0830918397308988 -0.0798908825229918 -0.0811972677381711 -0.0700624083256058 -0.0551103955312123 -0.0676961756231233 -0.0481406827938739 -0.048098459039082 -0.0545174395442099 -0.0661189788686314 -0.0717393192817625 -0.0708228246417692 -0.0682977668251811 -0.0686276131371277 -0.0847416390017743 -0.0897792708700254 -0.0886000675876381 -0.095106270497178 -0.0981692248282704 -0.0729170018360592 -0.0952178484719428 -0.0882549039855913 -0.0852301709481401
0.0928667468754102 0.0343130479864427 -0.00667467357439402 0.0403050336880399 0.069471552127153 0.105655947011337 0.0921769625806171 0.077489553646399 0.0699888798646793 0.0399659688406563 -0.0451443823593246 -0.0608600240270964 -0.0658646535210946 -0.0664987665214382 -0.062621860524312 -0.0790548581573176 -0.0852704270189801 -0.0735264965061372 -0.085164068353583 -0.0888826045174397 -0.0916710756511268 -0.0986132646684631 -0.101703299247348 -0.0997282059069732 -0.0991891040581755 -0.082934699157899 -0.0689832060095236 -0.0646755530058484 -0.0701246982957837 -0.0605392509056935 -0.0602987137797419 -0.0488420089542369 -0.0550434374431327 -0.0599679462681415 -0.0585778562932017 -0.0654002336062727 -0.0580722090650701 -0.0645566727262908 -0.0595000448262039 -0.0675271201048316 -0.0691067902949183 -0.0628726537832414 -0.0754341087439558 -0.076078301927064 -0.076864616812527 -0.0864488031944473 -0.0874092598057688 -0.07888291291826 -0.081977175913619 -0.0649770620767589
0.0298623303491316 0.0144102841307171 -0.0140684138112341 0.026015844318105 0.0849644028783196 0.11066309704473 0.0846889478648092 0.0724423902217087 0.092341203185438 0.0433084218575084 -0.0338919676238054 -0.0468517139261984 -0.0511475265084529 -0.075768559043773 -0.0721908275364382 -0.0837803929146237 -0.0710852613505904 -0.0860252275651711 -0.0834602878792102 -0.0883549302423459 -0.100929584983205 -0.0983314544737148 -0.0920388806618989 -0.0992339372410294 -0.0854270510873786 -0.0828361360991094 -0.0685737075500811 -0.0366283030383411 -0.0451227873581193 -0.0304459301252976 -0.0472320641654806 -0.0395770863772796 -0.0478366937837302 -0.0402508131381457 -0.0403029765759572 -0.0535610671961132 -0.0548551665518704 -0.0569214854433979 -0.0481063593266228 -0.0588533484270456 -0.0522048060126728 -0.0663049613474513 -0.0729074307694507 -0.0620053320132447 -0.0798048099676574 -0.0778509980316852 -0.082697489813257 -0.0686254610978179 -0.0588632690124918 -0.0657678684920971
0.0308682545466799 0.0523909057326435 0.0123573066871669 0.0678092117957944 0.0817309957187293 0.11187255217193 0.0837703541205476 0.0894327712337309 0.0783592664622096 0.00997393835142685 -0.0222398041949211 -0.0448929783204061 -0.0399190455032478 -0.0567504658844876 -0.0692204599997082 -0.0614734259168066 -0.0677496191581875 -0.0655820060136704 -0.0743190892851755 -0.0623737338291723 -0.0708653561659087 -0.0742147581903761 -0.0914802027155673 -0.104909047295031 -0.0847301568195297 -0.0665481631491116 -0.0367352738330565 -0.0388783871480968 -0.0367048019055335 -0.0320001719876337 -0.0372752162496263 -0.0431264782376564 -0.0339110726840502 -0.0410496815252437 -0.0392363193686756 -0.0459731509947259 -0.0519430558785912 -0.036290643878115 -0.053568163732482 -0.0490658714492771 -0.0629148719764791 -0.0600859335103427 -0.0606339864275768 -0.0625635447537829 -0.0682626171966526 -0.0762164020876177 -0.0723542741362039 -0.057889408735589 -0.0682135091139648 -0.0711358781418354
0.0508105538857022 0.0550008698344342 0.0359769268145468 0.0874992787353437 0.0736934913191713 0.133087231636534 0.11334867198823 0.100508964019909 0.0403116792302645 -0.0160428958392371 -0.0478997783298046 -0.0393341824232813 -0.0567567076090727 -0.0554330131583813 -0.0509925957430844 -0.0451606778349335 -0.0502482139873517 -0.0619906688989685 -0.0745787363802067 -0.0549967585175736 -0.0516767402175763 -0.0723540558536167 -0.0894833565233373 -0.077676308885735 -0.0593819042335058 -0.037160474807795 -0.0402002400263326 -0.0329686056914129 -0.0379958190419504 -0.0290499744483472 -0.0362226816360559 -0.0301359155437701 -0.0313798820615878 -0.0225743469341481 -0.0395576157564559 -0.0456321976135532 -0.0357216430242584 -0.0467548969440205 -0.053873780972202 -0.0557991548362629 -0.05807079407711 -0.0496612284399038 -0.0563062596234127 -0.064362988854692 -0.0683921109391416 -0.0636996406824077 -0.0622791554436813 -0.064883635864708 -0.0659253289488005 -0.0696809041850568
