data/pcas/pcas_can_126/pca_referenceLayers_can_126/PC16.asc
NCOLS 494 
NROWS 529 
XLLCORNER -117.166666666667 
YLLCORNER -55.5 
CELLSIZE 0.166666666666667 
NODATA_value -3.4e+38 
[rows 198 to 219 of 529, columns 350 to 399 of 494]
0.00050005009584049 0.00579728292038939 0.00394204617690008 0.00720312889871558 0.00738138756898221 -0.00119023328170269 0.00105533960884988 0.0164763693310776 0.0103009329101916 0.0228423836147162 0.00681788997326357 0.0192821139208907 0.0165035049420195 0.0116882775798612 0.0199977599274107 0.0216948471898615 -0.000871306869152905 -0.00215703943255349 -0.0119030439070719 -0.00599275195120497 0.00671024959136549 -0.00512985533966363 -0.00654287597992625 -0.0071415374019491 -0.0140412729618652 -0.0064434234417675 -0.0109923408006109 -0.0115738601383711 0.00292079537796082 -0.0117373959095252 -0.00109417120229315 -0.00910691830451575 -0.0171377446340613 -0.0341872963269198 -0.0379882442185376 -0.0243293987798902 -0.025905032440115 -0.0468781780509954 -0.0362700161474262 -0.0315479002206338 -0.0317876462097618 -0.0375924590307987 -0.0312749051499014 -0.0148042769414797 -0.00496872939374096 -0.0163113102690832 -0.00550907177919359 -0.007971451973057 -0.0099611589695759 -0.0132955753836197
-0.00236748374951259 -0.0057986324924522 0.00188726499860892 -0.000246778224966049 0.0154473571326071 0.00673446543576273 0.00999598692142348 0.0166711187623484 0.0137482559945437 0.0133839836097426 0.0140216409860747 0.00668350853391818 0.00717396873117795 0.00357651232353369 -0.000583033061462776 -0.00242534034497052 -0.00174596759669574 -0.00785135905128084 -0.01300791751229 0.00223583879729672 -0.00360324191992339 -0.000457000569179758 -0.00872202084726632 -0.00451516410786984 -0.00891847745585064 -0.0110037184571671 -0.00390332314357714 -0.00871873212205315 -0.0181766791183285 -0.0159169519767401 -0.00248552539681254 -0.0244264816398316 -0.02023237681581 -0.0283051266736078 -0.0322773599853755 -0.0437475152640246 -0.0308977580549488 -0.0279812999021812 -0.0371638373646507 -0.0351558262143888 -0.0211153886144562 -0.0356367706579722 -0.022853669293873 -0.0197099509331886 -0.0160497471276593 -0.0145130182882657 0.00259078901140167 -0.0105606877644852 -0.0131467698376054 -0.0122943284078028
0.00215239240972243 0.00108006880979412 -0.00367261679252748 0.00413963171441776 0.0104308091699697 0.00215978139647541 0.00229605736112855 0.0142015306059478 0.0142324847846021 0.0103123542148463 0.013446402854254 0.0209694667490116 0.00748822021962449 0.00737329736893994 0.0095333756400675 0.00289537503781626 0.00193205326656309 -0.00935924632662756 0.00543087957351841 -0.000295792620970597 -2.11994441065844e-05 -0.00748812416443044 0.00104814700588345 -0.00727563798830166 -0.00960647415996599 -0.0156739960180781 -0.0147938504090009 -0.00873674259723878 -0.0101326148357708 -0.0106152701480538 -0.0200791753467725 -0.0310926689622082 -0.0360447164216289 -0.0316345820942964 -0.0339349597789124 -0.0329343319298524 -0.0270437767691069 -0.0345984971605488 -0.0282324086811359 -0.0249891650887274 -0.0244580148881172 -0.0295728325326156 -0.0103375941086317 -0.00469154111573444 -0.00601358349882608 -0.00845094512965155 -0.00118394378311774 0.00593524983008105 0.00619023467654702 -0.00997181940249026
-0.000710316904423712 -0.00180402318326146 0.00327193779665833 -0.00141580841879001 0.006039856510886 0.00838794373217319 0.00748058062893385 0.0103539732378245 0.00706229102525908 0.0125557509264859 0.0031852479738007 0.0100131877407001 -0.0031777595405397 0.00238630908371469 -0.00878952567711197 -0.00490592949651363 0.00328112257889977 -0.00279762875086596 -0.00499147524409917 0.00578947743781487 0.00528314825512796 0.00950380350248858 -0.000213156952117891 -0.00509567666516719 0.00175060656269423 -0.00585202009543566 -0.00704195132401153 -0.0122926179504713 -0.0130467591808141 -0.0206405495495511 -0.0249399703016983 -0.026404361007603 -0.0259338772151631 -0.0157933540025575 -0.0110472608857558 -0.0303773705685733 -0.032285266745408 -0.0351012855495486 -0.0285127655978532 -0.028619838964003 -0.0246209827136147 -0.0172436764370392 -0.0162646097773047 -0.0118680179365402 -0.00158188631067652 -0.00241530518850522 -0.000125412036444603 0.00455728256644257 0.00145347411471314 0.00434445140919726
0.00580534584799331 0.00590525649621241 -0.00701884785415438 0.00254782510676557 0.00367662456800373 -0.000108669532403807 0.00867367073960869 0.0118188652503441 0.0174261812184631 0.0083419972143742 0.0126512939496466 0.0146249696848708 0.00354724828450596 -0.00984505570737411 -0.0130059822534315 -0.00100066465865863 -0.000519125981832055 -0.00319674627636243 0.00419314141824892 -0.00527263687372322 0.00187355777105577 0.0107730819660337 0.00334151075079878 0.00633242786266471 -0.00402832193338777 -0.00302197725339759 0.00677693584652682 -0.00926298787854433 -0.0121789148101135 -0.0149106133003992 -0.0128885975560122 -0.00380510320224993 -0.0155350376028617 -0.00517388157386645 -0.00964364219812665 -0.0135042823738431 -0.00582247481102472 -0.0113740763081373 -0.0236456235144781 -0.0238147464484666 -0.0239131027256708 -0.00749245700931936 -0.00515922158011885 -0.0118415314884556 -0.0107373291456455 0.0013096723827228 0.00463424246996537 0.0166637140477093 0.00739099765919496 0.00723634719002837
-0.00547827743778538 -0.00857661469004981 -0.00591603224457331 0.00515190857018569 -0.00273862832361789 -0.00167028067135604 0.00118792616725588 0.0120297651326797 -0.00257343496844095 0.00840856949906547 -0.0016987337400669 0.0040813137826998 0.00183224467993784 -0.00909477299468194 0.000241125337293605 -0.000662893563571645 0.00743288835875516 0.00332587030926026 -0.00471423550534386 -1.2133628050956e-05 0.0142387525554136 0.0111749163449418 0.0129093343256902 0.0198694484922316 0.0127893405694954 0.0184167977804772 0.0135336445799934 0.0102562815184887 -0.000851799771299983 -0.00738338671594056 -0.00784312823439348 -0.0143131310372318 -0.00788483444082488 0.00501771593658318 -0.010251524482423 -0.00503928321498492 0.00129269353525872 -0.00756256904913557 -0.0183350080833227 -0.0156917927164512 -0.0215345157671581 -7.62228580150071e-05 -0.0150046616740311 -0.00235484052806244 -0.000702103360498432 -0.000433002835165161 0.00416499751471515 0.0178509793290952 0.019930123014101 0.0221536744883783
-0.00117308610433199 0.00150256084218448 0.00548628789682231 0.00371282165071211 -0.0062152912176726 0.0110108773227992 0.00447000300746606 0.00280107157983499 0.0109991769686935 -0.00303565446797195 0.0044436797890003 0.00962487277282829 0.00618893539110009 -0.00745416063415212 -0.00372950992803789 -0.00076431795761904 0.0049022617345805 0.00410419529646323 0.00160973686837403 0.00119604604775211 0.0141152343377854 0.0235554705676292 0.0272081762327934 0.0288331602268943 0.0213025596514133 0.0215703449444462 0.00491034285588188 -0.00561429764630882 -0.0180750854860936 -0.0139503768796897 -0.00388503855425712 -0.00532508630945129 0.00747142849483851 -0.00823951013564489 4.78383382845754e-05 -0.00425598749605619 -0.00331851691943157 -0.0036150829974413 -0.000952979573627472 -0.00980695903101549 -0.00189556358715233 0.000988067133787393 0.00620804263878423 -0.00454962661587095 0.010212624665831 0.00105907899170832 0.0118257065858994 0.00694436065608867 0.0131360640732183 0.0278061800903607
-0.00102212830303888 -0.0110411704378703 -0.00347451608912296 0.00769560960575648 0.0031701562612348 0.00601013042462285 -0.00496568656509791 0.00330975150454149 0.00349985249114411 -0.000658952110728625 -0.00645988874570726 -0.00359467283681518 0.00216063268642452 -0.0005791295604997 0.00682003796326661 0.00600648155842276 0.00708153470972532 0.00421275140783726 -0.00071749628362032 3.91073445349943e-05 0.0121187747659006 0.0266758540163636 0.0228461696994888 0.0239659371738869 0.0265820014990702 0.00807347601204209 0.00550510189676418 0.00179929053602913 -0.00334897393805851 -0.0176238219168661 -0.00745442764995905 -0.0122728200188209 -0.00280056498963088 -0.00403368602570562 -0.000531413995721139 -0.00550022846062206 0.00274088180968299 -0.00433895457377947 -0.00335076185683735 0.00481001828105455 0.004403915116441 -0.000210355270339579 -0.000755577637898547 -0.0011981757087329 0.00585607725208158 -0.00100048888814384 0.00259536539498111 0.0166190077163925 0.0231551099315231 0.0272928573732318
-0.00878563642642957 -0.00641479018849252 -0.00955331188846301 -0.000381686600278847 0.00648940711904864 0.015383545181534 -0.00327422011490734 -0.000233958546808272 0.005313506092136 0.00130389430404988 -0.00810443872306313 -0.0110877940185481 -0.0165425889020127 -0.00575972625783358 -0.00844814414908855 -0.00850167574188632 -0.00828740743997104 -0.000821138134426205 -0.00950724530671757 0.00261229380471471 0.00822398806552428 0.0108330633358313 0.0188106605410317 0.0305840119194023 0.0206436807879869 0.0101254856716492 -0.0027499423021377 -0.00407112154965569 -0.00666937225168397 -0.00639020945066671 -0.00344112758179091 -0.0081065579265174 0.00182696468681755 0.00134594030814915 0.00111195732279205 0.0046500349371387 -0.00160213789920318 -0.00965170473495975 -0.00414867520237307 -0.00680650860843593 -0.0116078073980917 -0.00141136714132889 -0.00587880300608427 0.0021096525732387 -0.00430021057423369 -0.00705209813198943 -0.00592374012050471 0.0036950895867502 0.025566263772738 0.0418267329711053
0.00486027585490326 -0.00513787005091092 -0.00584707072911182 -0.00451728555424272 -0.00968689192886903 -0.0090542587438672 -0.0049614802616955 -0.00240430130157521 0.000290522836966081 0.00493268910384936 -0.00822388026772514 -0.0040264779482931 -0.0182102019724186 -0.0110408025116737 -0.0180813270238217 -0.0159497121903151 -0.00261380567053798 -0.00813875588259345 0.00956002430321092 0.0169937270807187 0.0183721295768064 0.00360243409764653 0.0199951999960202 0.0359880708481998 0.0146091996301639 0.0209687412914766 0.0092761804088427 -0.0101355840673413 0.000771909013461365 0.0129326714057676 0.0142652612735284 0.0109627259606411 0.00342289885882104 0.00632389728622307 0.00117525749996839 -0.00125118475845488 0.00283263296319557 0.00035245378638582 0.00365075631592772 0.00285867976332374 -0.000858236525821066 -0.0088165820989877 -0.00321507070240873 -0.00128875358646971 -0.0122639425144659 -0.0051743634110154 -0.00626581011410884 0.00112941481850491 0.00987545784167895 0.00921277574341893
0.00765073086026637 -0.00215059347570923 0.00401149123871378 -0.00278329745665386 0.00396847178534596 -0.0134012423088121 -0.00328311130500632 -0.0051730266681923 0.000518184560178839 -0.00581896413914967 -0.021829043286761 -0.020146659028645 -0.00818144503842819 -0.0145616710016566 -0.00751001737532997 -0.000489796362967448 0.00097234455564911 0.00497324415939669 -0.000757327141011989 -0.00269204434833632 0.0222050596657377 0.0152413000008355 0.00980356559024394 0.019397606861472 0.0262417267192357 0.0245276989805881 0.00586696718859939 0.018009481792696 0.0179224049129715 0.0269804104063854 0.00797899472894765 0.0105076529750889 -0.000963636243582665 0.0101691304071208 0.0180417417657328 0.00452479325243273 0.00613173195056419 0.00594660762409183 0.00303492230584702 0.00962841547627976 -0.000120535273942055 -0.00291995839403889 -0.00347287687364381 -0.00669582955396703 -0.00443270306060441 -0.0182398627243018 -0.00776559850779043 -0.0192241409834449 -0.00337568778561195 -0.00158089055290796
-0.00755798170815708 0.00326008336722049 -0.00197585193468433 -0.0109119585593686 -0.00433558176972346 -0.00684058241232449 -0.00878221505197871 -0.00648204325279905 -0.00345396428962931 -0.0158507539056779 -0.0057257685017091 -0.0264196827833002 -0.014308820026945 -0.0207893824911994 -0.0124986251730597 -0.00692496647583121 -0.0217213854377245 -0.00498989378094047 -0.00523102644382473 -0.00280422940695231 0.00719609317361181 0.0188100087424706 0.0129397075764976 0.024109220656155 0.0318142542302502 0.022882676380505 0.0185167567622451 0.0281908244081628 0.0233261403310661 0.0279251387035855 0.0255383412123386 0.013828233607286 0.00554773994199985 0.0111072410365302 0.00926758214355665 0.0134544525308564 0.00467437655807082 0.0160121583684808 0.00715937671278514 0.00294037302904307 0.000347926383161321 -0.00697541776063418 -0.0112394110391429 -0.00728062841286865 -0.00866467919876918 -0.00760639316086378 -0.00973166741329755 -0.0257939520323978 -0.0190619333963926 -0.0206047798458434
-0.0187239070227133 -0.00478719730264853 -0.00715589474140826 -0.0106275083476191 0.00380213747961672 -0.0144504191099595 0.00936834883866643 -0.00501567362190543 0.00543488917304154 -0.00221592700833141 -0.00684916272772265 -0.0174276485163582 -0.0153974437238155 -0.00842348426585718 -0.00160993318291944 -0.00918230782202462 -0.00304826289716639 -0.0114950314752802 0.00266114192426824 -0.00341186617628892 0.0102247180722674 0.00538320736426954 0.0245789165509751 0.0287854042820228 0.0130227113835565 0.0260434816145004 0.0207100768221723 0.0248382290943244 0.0259231776835316 0.0260676762791414 0.0240917807746139 0.0345626631437952 0.0324059748739438 0.0242449861920886 0.0289843247351887 0.0273623508592048 0.0124724109895543 0.0112063953984149 0.00162837956208726 -0.00020991426033333 0.000751461781872687 -0.0181402458358538 0.00214884420319188 -0.00498998167521021 -0.0111767057944245 -0.00817362056856624 -0.0214692379074449 -0.0249204922397923 -0.017151916236902 -0.0259156826570131
-0.0184429676782787 -0.0215080491287463 -0.0111990798599909 -0.00549457381097902 -0.00654911953726268 -0.0101526196043206 0.013057263762791 -0.000828034424924955 -0.000631272908470329 -0.00980423258642397 -0.0079256392959276 -0.00209345256223821 -0.00162350441635679 0.00249048637848812 -0.0140302084525004 -0.00880767326213867 -0.0133690658487658 -0.0108068047811536 0.00813218703376652 0.00212132790510757 0.0154706293101236 0.00744240816466901 0.0258891781163768 0.00759733011721145 0.0179263161802712 0.0170453110761194 0.0113173642310404 0.0244265853413693 0.0259626993711005 0.0231463604393319 0.0311443678692059 0.0285075981881405 0.020632212350159 0.0224367805538223 0.0229126301392278 0.025821610891838 0.00424752218573453 0.00403604163661559 -0.000537040820806495 -0.0109332839660783 -0.00315470790099327 -0.0202747900772335 -0.0233958341310758 -0.0139878396935624 -0.0197224055258905 -0.0143509981914923 -0.0162025909686079 -0.0188360185396012 -0.013495527857605 -0.0125700666181632
-0.0202431191458707 -0.0241711264988568 -0.0274305401283028 -0.0134233855244208 -0.00442467979605697 -0.0130584414117943 -0.00241654888800275 -0.00436342106657924 -0.0127605413736604 -0.0202148186472532 -0.0116535584047571 -0.0106787052490874 -0.00641265615210326 -0.00259984241512429 -0.000277449220611264 0.00141890695411281 0.00230757397473954 0.00585504440557403 -0.00541599217501179 0.00173436033216825 0.0148487331966488 0.0228818878510436 0.024396717251891 0.0202306933493883 0.00644135720442282 0.00609191821489247 0.0102527135814169 0.0153271915214848 0.0269894212914192 0.0345499287753824 0.0312176380478804 0.0390660465084708 0.0353348830185722 0.0304556602936323 0.0148173819647845 0.0245730860489477 0.00302959535261904 0.00163945596285767 -0.0112285060844602 -0.0130133232949042 -0.0131509432241012 -0.00740510905943319 -0.0259733757674952 -0.0157557750129568 -0.0223408252915663 -0.0238503574871748 -0.025211509331759 -0.0200037630611399 -0.0202180117995713 -0.0187446562351465
-0.0306499118912716 -0.0335059038302026 -0.0193062392229843 -0.0191398421013057 -0.0103291056610506 -0.0160276681571427 -0.0236441132780015 -0.0262639244663353 -0.0240681931540774 -0.0173745394060837 -0.0160371612389567 -0.0152946030524866 -0.0136953260988889 0.00438821178151977 -0.00983313444141034 -0.0144831578224485 -0.00866114277005323 -0.00737587225663205 -0.00289589922400754 0.00458723424843528 0.0139786272145667 0.0196628468378316 0.0197349959404681 0.0109053772688151 0.0176448315883855 0.0256093593177704 0.0136280930039531 0.0376975340726786 0.0262326131661229 0.029067989466241 0.0326377225442983 0.0294134655738675 0.0310004392675548 0.0240671179844189 0.0136556807462244 0.0158759039669737 0.0120418878501695 0.00807139571909996 -0.0104784760179032 -0.0158661923073936 -0.0353315110130701 -0.0176667719252346 -0.0325814501579197 -0.016781144767454 -0.0306031883857382 -0.0224423686783575 -0.0230397273789576 -0.0200801402398397 -0.0107776892145116 -0.0163172115677306
-0.0345948778130472 -0.031522458139507 -0.0350130838993815 -0.0142483821760665 -0.0342693430727647 -0.0257675100293978 -0.0275795040813768 -0.0336328728460772 -0.0249817249153136 -0.0187276433595242 -0.0251168811650144 -0.00465721552806711 -0.00944130653429788 -0.0011139348571552 -0.00692798188200872 -0.0122110407131215 -0.00661905946142324 -0.00430503483137835 -0.00209632492085785 0.00311307539701659 0.00526255581483109 0.0287803929203135 0.0207769411523887 0.0300680927568034 0.024120932295805 0.0264490188090847 0.0292017734166516 0.0361280106085061 0.0423359006326208 0.040932120702875 0.0224451531555989 0.0255135260678067 0.0341378314685224 0.0327685687129535 0.018886575974274 0.024230637992088 0.00825317084902179 -0.00223778632089686 -0.0229856069899761 -0.0313242602210441 -0.0266561905139613 -0.0298963733526298 -0.0291050106743843 -0.027116986922524 -0.00840982451564286 -0.010702991417921 -0.0099901518277845 -0.0183382494458946 -0.0134219700335937 -0.0168406516066624
-0.0212585561992 -0.0283974130415088 -0.0308198616581377 -0.0278629598110414 -0.0319146571594004 -0.0216036901176492 -0.0185188597665621 -0.0329061450119807 -0.0329243370409077 -0.0163658791183382 -0.0157436996897951 -0.00959041728817759 -0.00336495905718538 0.00132668160343945 0.00103420433669432 -0.00175035677760392 -0.000600121589736734 0.00188754202410885 0.00341247998079582 0.0111909055653308 0.0104251243480332 0.0204713297805492 0.0148343189245801 0.0222081247728819 0.0176269235275106 0.030393044718332 0.0161600504136116 0.0332636213714431 0.0267459412572029 0.022966074944284 0.0269615244296108 0.0278104798029848 0.0249831292363743 0.0188397417453201 0.00802252386968293 0.00925145033473638 0.0082305391068756 -0.0129520933401236 -0.00978447231124016 -0.0169936156546273 -0.0297157666994771 -0.0278145790455625 -0.0153041238692428 -0.0167010605366932 -0.00832679852659013 -0.00818966703907424 -0.00679457987580276 -0.0155023860447882 -0.00784851258855604 -0.0204210414752202
-0.0221887979783407 -0.0188669137835837 -0.0213333236340851 -0.0373470535333663 -0.0282287136828159 -0.0319694082117064 -0.0144826164950805 -0.0213256025343394 -0.0164905858447033 -0.0257222406352592 -0.0242560401845008 -0.00411896847526125 -0.00764513459896672 -0.00297572004776064 -0.00329591225986373 -0.0131388599061881 -0.00667376081573604 -0.00600124849838009 0.00815064572760765 0.00368208802857311 0.00249355056438872 -0.00122481006838004 0.0187592701895004 0.0147855042740438 0.0268831982256949 0.0260959557833159 0.0345174234892203 0.0368026574049278 0.0202660817404988 0.032705612015959 0.0212340018846744 0.0316190469854181 0.0266406492164725 0.0296355498285008 0.0120711939749857 0.00831034297175044 -0.00159210405735598 -0.0153703287137435 -0.0115604674088865 -0.0125807575758468 -0.0112711032997826 -0.0193931718859031 -0.0126628853910795 0.00575073772560207 -0.00304186155721065 -0.00265810775304821 -0.0179443895508471 -0.00938002392489266 -0.00665860156971218 -0.0182487034598966
-0.0233094855242746 -0.0395245933414268 -0.0273588225918135 -0.0386065735587935 -0.0289671016327039 -0.02964614314878 -0.0302385677241691 -0.0277325158224488 -0.0207645347752611 -0.026170301507401 -0.011066412503276 -0.00907966032437736 -0.011514564704709 -0.00236989641035878 -0.00532298276967792 -0.000177623709970695 -0.0113774418088856 -0.00625560754861074 -0.0115225965238431 -0.000434812129620536 -0.00474162224995128 0.000774629757678148 0.00745351027042682 0.0233143989109586 0.0159918118630692 0.0295891548481979 0.021884773843951 0.0340408409774601 0.0288990570051117 0.0282944537047233 0.0163018740081924 0.0183770929288926 0.0243583184879726 0.0276037073143303 0.0238062234559434 0.0118256097361997 0.00965778374429312 0.0012050446224405 -0.00863031781476488 -0.00288644358576451 -0.0148097501542776 -0.0112766210396537 0.00973331970452532 0.0116179321974162 0.00744671567020856 0.00645950102599339 -0.00615957810603561 -0.0181524424704055 -0.0171684416195121 -0.0176527499456999
-0.0290721036346038 -0.0269137494769975 -0.028112628189884 -0.0322537729468808 -0.0379477265097154 -0.0270087616393755 -0.0242377466062275 -0.0190870087860274 -0.0128390155713372 -0.0182224438814749 -0.0220657186353883 -0.0257799896606819 -0.0146403777683891 -0.0060802344195333 -0.0056889791064262 -0.0162003869707456 -0.0147420946942855 -0.0105806018649985 -0.00777860410578782 -0.00507128240641055 -0.0105568018570101 0.000837454361585672 0.0011838956788208 0.0144208532294674 0.00667844257187373 0.0218729114791645 0.0233882083006506 0.0165875934957918 0.0127891190758404 0.0163507230464942 0.0148718037422468 0.014302303334468 0.0199168907587766 0.0196792353761658 0.0102072053470196 0.015207566838727 0.00622513063297647 0.0071066830081796 0.00664544083937293 -0.00421672786786954 0.00344130871951787 -0.0102628597721641 0.00701119555038104 0.0301802049002804 0.0105186092535403 0.0191557237010362 0.0141399712553285 -0.00245950672210653 -0.00320904052773544 -0.0263540899882773
-0.0287331095155052 -0.0423011193880946 -0.0267142854096384 -0.03284579888146 -0.0290922727154323 -0.0393867315207382 -0.0333857334307154 -0.0271597108077127 -0.0335252463759525 -0.0172760430066776 -0.0262755336031195 -0.0104495618737313 -0.0265436343904003 -0.0213818106094109 -0.0141991661751393 -0.00971042991803335 -0.0185325189035763 -0.0136278547360916 -0.0268375088147267 -0.00916046039665108 -0.000682954104093941 -0.00687710982161369 -0.00413541893838178 0.0103787339154957 -0.00139951555935473 0.0113669795867754 0.00241040744080644 0.00398129424749777 0.014904620386221 0.0127310712248812 0.0121718718152651 0.0134113212364085 0.00877444074185687 0.0206942751828954 0.00910599693170489 0.00459774420789501 0.0169902378651001 0.0181446091508563 0.0118247610783073 0.00545952104738694 0.0147155945523008 0.017334376315077 0.0150629418595377 0.0183252348047998 0.0182397041453806 0.0138023297153987 -0.00313512402229948 -0.0113155421553639 -0.0104281654165974 -0.0149703010485971
