data/pcas/pcas_can_126/pca_referenceLayers_can_126/PC16.asc
NCOLS 494 
NROWS 529 
XLLCORNER -117.166666666667 
YLLCORNER -55.5 
CELLSIZE 0.166666666666667 
NODATA_value -3.4e+38 
[rows 22 to 43 of 529, columns 50 to 99 of 494]
0.0733379316170416 0.0354143704462981 0.0228457301070231 -0.00414283910689922 -0.000730633330062912 0.00346623490974401 0.0198513235157466 0.0330320031799223 0.0295803994584213 0.0324409594946246 0.0761640047991424 0.0737877161460388 0.0865885275940453 0.0858378908236907 0.0790318182899834 0.0682092313791951 0.0912800258779342 0.0513623404240029 0.0685907695740298 0.0760146709008915 0.0900850651644448 0.102665725749152 0.0998835418651017 0.0673007615593968 0.054896991602811 0.0409701969663781 0.0461811498569098 0.0538447923426094 0.0449594119113619 0.034937510263632 0.0220139072233324 -0.00635245138276667 -0.0270497550972647 -0.0354952979051072 0.00471892428087701 -0.0128686946075427 -0.0219287411784225 -0.00709237407202298 -0.00330223101671412 -0.00310501941169882 -0.000584953137934972 -0.0132988793647242 -0.0135695876652753 -0.0244887355089931 -0.0178830548105708 -0.0364600322622213 -0.00206585702245503 -0.00128465921478103 0.0228360997809724 0.0399621415838661
0.0514093984429589 0.024954059790957 0.00610445600650562 -0.0375581292100145 0.0114174391310131 -0.0014368225769903 -0.00154863776643814 0.012634157423168 0.0136614226143133 0.0239056837803586 0.0383641702671626 0.0524209370488043 0.081493633005222 0.0829438132267188 0.0736019755724084 0.0778773336831759 0.0712216989732627 0.0859570646324081 0.0611032264935959 0.0703195354836416 0.0776615375903885 0.0991341901914392 0.102961444637607 0.0785858473491763 0.0614456955905499 0.0484419628712856 0.0577071063782672 0.0509901389763841 0.038575490194736 0.0339065291911825 0.0301199280766916 0.0138276400003908 -0.0306173075765746 -0.0435617976331788 -0.0428328516141767 -0.0400236577784336 -0.0507430850173512 -0.0271351121011965 -0.00712801745299243 -0.0197004952742733 -0.00785330713388411 -0.0298671963033536 -0.0293295944442437 -0.0446264309911761 -0.0429588204023046 -0.0600050953474065 -0.0377078218676799 -0.0275411930170359 -0.00190232119906882 0.018887145881233
0.0407067630581314 -0.0025302671923092 -0.00885115600723256 -0.0386240322857466 -0.029948546196925 -0.00856651286652608 -0.00862048795429822 0.00728294867012489 0.023860342320151 0.0120839008332867 0.0456556327574778 0.0531029722479271 0.0389485349762736 0.0662926583273479 0.0949924389860447 0.0732723273046869 0.0877183462139896 0.110401716391757 0.0863065368815422 0.0759040168293834 0.0778149864136699 0.0932256853325996 0.110941690613609 0.0860437751386936 0.078651747854157 0.0903084087874592 0.064674708172897 0.0398292128093826 0.0334502472286417 0.0140956773773738 0.0117513087889996 0.0298586390080575 -0.0236649762317674 -0.0640889981542926 -0.081356629622483 -0.0767569173827789 -0.0764018282019517 -0.0225815046054209 -0.0266290353399482 -0.014039077994597 -0.0421859358163404 -0.053216093790042 -0.050880307703453 -0.0578629653062289 -0.105383828727125 -0.0774297929211275 -0.0817403916206237 -0.0489524947170158 -0.0549124695844233 -0.0152777406313512
0.0344906644965891 0.00938654847855347 -0.0173479096009956 -0.0375870107888757 -0.0396972727691128 -0.0143151245298497 -0.00922027964195644 -0.0102763163494071 0.00591681793847494 0.00538879838891194 0.0250540847761998 0.0323432797462771 0.0528751578604231 0.0487435862394889 0.0578838161747376 0.0560721051939311 0.08076327805304 0.100525354108593 0.101488194798095 0.0907379043484793 0.0819258184309292 0.111903375570832 0.109824029144747 0.114125675721344 0.094601605751219 0.089952217753447 0.0735614019784154 0.0674370305867783 0.0437225111637545 0.0101069076965436 0.0057662239422004 -0.0313214258195731 -0.0732473392478951 -0.0819160793924859 -0.0515863499370004 -0.0763624983343271 -0.0712983562747425 -0.00646492934719069 -0.0474560981341276 -0.0380527644602301 -0.0364183035532065 -0.0449664415558592 -0.0711765235779028 -0.103014305216584 -0.0991185468866307 -0.0952047013240142 -0.116655486556476 -0.0809092617810619 -0.0890710096727756 -0.0597629140281597
-0.00932136136351394 0.0212698577609504 0.00873208983431059 -0.0513232556630423 -0.0471267888138877 -0.0253595489873046 -0.0201881280522263 -0.0121866901030076 0.0056377819842858 0.00092932486356934 0.0184386009098899 0.042018567617138 0.0496642067855159 0.0520562104751638 0.0676683205952324 0.0486436614367378 0.071914745533741 0.11272063899098 0.132727185363887 0.138162760460537 0.114675473886626 0.127128791790345 0.12217811613003 0.0967334407733995 0.10458450133737 0.0936709232275994 0.0853670823255222 0.0515928796980269 0.0795356419644869 0.00767505300995793 -0.00482354783774719 -0.0335268195088016 -0.0289691962852943 -0.121536751739811 -0.0033595538416357 -0.059131378419382 -0.0426164910746776 -0.0488085972320409 -0.0320699593657217 -0.0467601571344341 -0.0313308586705565 -0.0515448587536929 -0.0614217220620156 -0.0754432710681049 -0.106869465063152 -0.116574396814149 -0.12441591966982 -0.117470126474293 -0.123462967942466 -0.094028980161873
0.0356314573925385 0.0566227318263158 0.0362376712164801 -0.017975516573773 -0.0266174340181228 -0.0301550744604867 -0.0327677393135849 -0.0152819320490937 -0.00503033311868976 0.0128310571170995 0.00015882138483567 0.0361259791385045 0.0414890910421814 0.0414982761346927 0.0799506776565314 0.0841746583567173 0.0854470605955717 0.102347803283971 0.170020026436224 0.150251814901194 0.1486405698107 0.118639778587371 0.133628718214568 0.121672051550735 0.0980914577476033 0.0712396222756168 0.0630528202110334 0.0343613562716364 0.0207005460322742 -0.00701373294861073 -0.0307807995631315 -0.0375945119748174 -0.112435251692833 -0.137336463724917 -0.0573488599097501 -0.0374135180112737 -0.0590114332546437 -0.0481788249724426 -0.0296540863587376 -0.0486880552910901 -0.0401977317801932 -0.0468956639066963 -0.0481205434766674 -0.0595288924983497 -0.0676191704691702 -0.0842594287077913 -0.0864091811006671 -0.11642529433693 -0.10809569473723 -0.107336286822443
0.0383522141822532 0.0354579846804507 0.0408960181171207 -0.0182362502425858 -0.0171955174439004 -0.0433981238278087 -0.0438864357384448 -0.025624532133846 -0.0099686972386672 0.00562081495608582 0.0299079412036571 0.0229700199166527 0.0223718649529382 0.0334573496277665 0.0680419345448117 0.0936446401598303 0.0904754141458793 0.123865450640687 0.156717898126022 0.182802284040395 0.160033990797583 0.150346525704707 0.154262487716405 0.1434349356565 0.139077982522171 0.101737281682486 0.0889265531467326 0.0624849309864008 0.0427126949500554 0.0143483493937497 0.00970604071187858 -0.0401102347789622 -0.107911098407527 -0.141425268031168 -0.106586528953387 -0.0931183798086001 -0.0467174527241832 -0.0474495172762436 -0.0304170953891801 -0.0245060556148202 -0.0301638823070202 -0.0374429008118217 -0.0336784934437387 -0.0367978294500346 -0.0370330645994039 -0.0629874228776983 -0.071344108280108 -0.0779256780414444 -0.0883397889818545 -0.0808297984436651
0.0287749558677643 -0.0238147973898712 -0.00544790422329508 0.000431998038929404 -0.00210977216926948 -0.0378110734021214 -0.0543377287880291 -0.0287460886834007 -0.00834528308617687 0.00609545497895977 0.0222344233042045 0.0424749602635313 0.0394474116324908 0.0372217285644626 0.0690333652638082 0.0944124626341229 0.104010943253725 0.136621827466288 0.163719990538199 0.176119202558116 0.164544857640603 0.152685870044136 0.143789456926855 0.134330026729378 0.125704052612765 0.125377686764217 0.0924544807419735 0.072427304040396 0.0586513309417781 0.0368516718665085 -0.00877722264174003 -0.0257970760839607 -0.0879008952474829 -0.0913079084609355 -0.121579479369663 -0.0923859735459732 -0.0380547099957936 -0.0366781911352667 -0.0241209646592407 -0.019024671564104 -0.0424628803711481 -0.0424495709971673 -0.0453966784239603 -0.0345369385356042 -0.0502270268852763 -0.0605581391711278 -0.0461349672769203 -0.0556335980850403 -0.0509103294399382 -0.0630754270839074
0.0192337523226462 0.0477553109834305 0.0565292808593029 -0.0195970133326452 -0.0543042489925636 -0.0322644057895507 -0.0136421743188896 -0.0381716407497482 -0.0142782186816369 0.00335047491177567 0.0215458732141224 0.0375755355161021 0.0408076744584059 0.0651476873887898 0.0766341584726635 0.0799786421568577 0.11271440016198 0.136079194343222 0.149981415047067 0.155491871506172 0.171390504638383 0.14411967672028 0.130786306538331 0.13228146056245 0.125626885844576 0.115252342855403 0.11062586793338 0.0707526799852555 0.0353081243615544 0.0539642984218467 0.00280760692987341 -0.0139066522607854 -0.0560882401589069 -0.0821231110052085 -0.0771168438480802 -0.0892208622654185 -0.0279387720142751 -0.00948572512064304 -0.0225285999773314 -0.0165830099672714 -0.00272277604047594 -0.0234707929184536 -0.0210525813570172 -0.0193553072701251 -0.00661513187407834 -0.035718744642807 -0.0395133044431149 -0.0393904933175845 -0.0474669459219282 -0.0474400859465737
0.0339144756588288 0.055377545712958 0.0758242072713895 0.0239797783006231 -0.0303166585713939 -0.0339354624440891 -0.00719708138264132 -0.0130224762914067 -0.0100286638209535 -0.0223862388894934 0.00244325085961258 0.0314054786992194 0.0518402288839017 0.0491789183826546 0.083063927678854 0.114576517438416 0.115394670190492 0.124640478213193 0.135858994858884 0.164873394576268 0.148132216540689 0.14853492578284 0.139652920830487 0.122173685887876 0.14299612756593 0.132950234191283 0.102273677810764 0.104841251270532 0.077206883805245 0.0466989308698742 0.0250705050150062 -0.00983656606293434 -0.062353713332376 -0.0897483809351361 -0.104210176644881 -0.0903480855241048 -0.0407703875935298 -0.0081055439200839 -0.0122038350051167 0.00820800003647577 0.00794179680335634 0.0242717252723867 0.0208396697485726 -0.000157542777494718 -0.00380158955604975 -0.0174092932593104 -0.0215752414962 -0.0153106878593643 -0.0171853099788892 -0.00510028209498014
0.0304602264971048 0.0232056056856126 0.0664025307547215 0.00141759183602789 -0.0425682699976681 0.0206252718433599 -0.0166787441991434 -0.0463208404220545 -0.0361203838593223 0.00754668168997058 0.00494637820572399 0.0248750873602146 0.0413330815547551 0.0316589777431403 0.0697119043034323 0.093273012666227 0.108352169252218 0.13085176179053 0.14266395448671 0.147538009829638 0.14120491817729 0.147863174496686 0.123075262454074 0.127693031237286 0.128564344800862 0.131134932979244 0.103932820935818 0.112421572762323 0.0984062878154544 0.0575536124192359 0.050394234740569 0.0136841411260803 -0.0387765287698738 -0.095563592265809 -0.0856963661877691 -0.0460711230643925 -0.0143312339956628 -0.00124359187283031 0.00574479119000032 0.0100552568423455 0.0133497933365551 0.0358360525855835 0.0390776235636068 0.0206756997842879 0.0158555479870649 -0.00030694315329052 -0.00285422787264142 -0.00200048756769325 0.0214358000948323 0.0087138487141751
0.0293404548392771 0.0255411233703644 0.0292692473538005 0.0366054215597051 0.00719996295673042 0.0496311502282081 0.0568278102670478 -0.000364905865885456 -0.0287065416371091 -0.0157847329262978 -0.0089701525001646 0.0010779852674346 0.0217180614774977 0.0111004241244275 0.0602182109275601 0.0809115478767351 0.0699530223521365 0.117639572239603 0.131508526156842 0.136609313427069 0.125306899852594 0.124556689107908 0.104929925008887 0.10957052376204 0.119096960244186 0.113542562032217 0.105519842621128 0.117526224768125 0.0963006463883557 0.0583915495466262 0.0432994305910649 -0.000638674600455913 -0.0577131767888462 -0.0676987503485862 -0.0608530121577668 -0.0128231085575598 0.00342981331407738 0.00556040180425991 0.0108972256018765 0.0493007714734724 0.0386218230647973 0.0483756845313449 0.0881664082113134 0.049374395819636 0.0256797129905948 0.013125519227904 0.00812054283878185 0.0071494119959141 0.02934683626349 0.0157831300026665
0.045939651185157 0.0308012244077889 0.0171551483085269 0.0378462310570061 0.0594518249446231 0.0982944494431202 0.0964362769308893 -0.0100449707014231 -0.0504847223986648 -0.0355952659221736 -0.0218104206915131 -0.0130633360324766 -0.00643805306384447 0.0113053622461347 0.0532768894862988 0.0688922911020398 0.0600665292538439 0.0859465096615246 0.110255282074749 0.122746493403173 0.110363755866708 0.104798793583883 0.0965831367219168 0.0863093673963482 0.0954313885697098 0.100004098114894 0.114709449926891 0.109943502453335 0.106375810590405 0.0777776195198987 0.0334307069104289 -0.00587015827343433 -0.0100091532212318 -0.00456932684986996 -0.0380519914895261 0.00346138629953712 0.0116175951244182 0.0297305970888019 0.0324764726064417 0.0399522049288275 0.0584961117110871 0.0668093852176384 0.0746892752343919 0.0514401688740376 0.0519030522567499 0.040467064451164 0.0424780133741784 0.0245264854267986 0.0174883073087291 -0.00513213070921414
0.0131782640691448 -0.00694606437161182 0.001374993120316 0.0258765504938159 0.0149851554570185 0.0326618259365271 0.0748526471710329 0.0562127088336903 0.018200063142388 -0.0263720797682434 -0.00637332240660197 -0.0210484110249812 -0.0194544582607974 0.00666335098503803 0.029185613555906 0.0531551839922767 0.0487940967255375 0.048788487242486 0.0866266696610973 0.0895854914832684 0.093162830252139 0.0863363870730353 0.0832918268131034 0.0648139197889337 0.0787345681780656 0.113315255897203 0.114044220221045 0.0998694359527885 0.10571050147293 0.0857278247071168 0.0673720818874104 0.051486933939671 0.0242503588538698 -0.000930937966555835 0.0086968680808242 0.0260712526074039 0.0184143420635918 0.0347663675458713 0.0222370835834953 0.0374662998465944 0.0699291477188228 0.0693905734125579 0.052957319433906 0.0736446950514663 0.0523268042351663 0.022976927113419 0.0281351731396991 0.0245434000405049 0.0136000613132086 -0.0104283359688074
0.00122951923165624 -0.0230788559078107 0.00533916301920832 -0.00110894265049623 0.0270077022380837 -0.0119732120776516 -0.0166148240366264 0.0287832511078987 -0.00406385131436741 0.00869885339370047 -0.0130553486471626 0.00824939052432645 -0.0364587713544847 -0.0710636405529842 -0.0362371532002066 0.0335018793910371 0.0311444129947069 0.0625565750663822 0.0853895848862039 0.0945637807378147 0.101425955597963 0.0924708738378234 0.0653052989305964 0.0673209886196334 0.0890960292066106 0.0825737503629959 0.0871309184959864 0.0890158790928127 0.0833507935548112 0.071845761847642 0.0761111036423787 0.0881387080657307 0.0515638674821679 0.0226360021603198 0.0186452803896506 0.0408603498198622 0.0136570115145456 0.0270562795831433 0.0234914509461729 0.0527754353335169 0.0588614650410819 0.0716619312945103 0.0594446174974672 0.0523925005690276 0.0256490449755387 0.00961937489272218 0.00590568173402329 0.00839269305147551 0.00502388323075732 -0.0161452630765587
-0.0484295814787786 -0.0404864399172398 -0.0158111841875347 -0.00612961385065483 0.00672037215733625 -0.0111421725847 0.00526941039820941 -0.0416698760932124 -0.0286617385237499 -0.0709306837503141 -0.02942320289775 -0.0620413376707989 -0.0155061796940403 -0.0742708316764347 -0.0661329662222573 -0.0087005890211497 -0.0142417161881299 0.0174744879600497 0.0836037868100202 0.102282356684181 0.0858448070933776 0.0943180713888427 0.093468390534794 0.0918630980558338 0.0692711664020363 0.0714697626799707 0.0694238524482554 0.0791772504650275 0.0906537678673924 0.0763589671434785 0.068978864940252 0.0788133307122091 0.063778102993047 0.0495119120205288 0.00991203096458388 0.0330758395784441 0.0412291476098599 0.0418274183226426 0.0519813842374597 0.0399048876468937 0.0378183275922756 0.0340644302109452 0.0429510313290263 0.0160979842599238 0.0333183618717325 -0.00574075667664409 -0.00838595354222394 -0.0159644627189644 -0.0135047181831148 -0.0195604286713228
-0.0940194151644524 -0.0511927465154145 -0.0389166420820045 -0.0203930983650343 -0.0205972804918169 -0.010278350889004 0.0356792367833423 -0.0149888123249672 -0.0145610563784281 -0.0637159708116086 -0.0724308307078411 -0.0843978797222948 -0.113032773373261 -0.117148169706426 -0.10006048904404 -0.0482620860134735 -0.0135722641689694 0.0444658359937445 0.081183246135757 0.108489468821894 0.102482221337496 0.0876638857502336 0.0927952601335227 0.0897537628059893 0.0668868737125235 0.0589614795156232 0.0399487097623781 0.062841971815322 0.0645012435882119 0.0537446828355389 0.0786836243382656 0.0614741245510234 0.0485358951242583 0.0500176372212792 0.0210023982312957 0.0441858257009634 0.0321507108804 0.0351675418825609 0.0459879626711512 0.0264779111962253 0.0204919840716358 0.0153061221709987 0.0199071290528407 0.0204695945112915 0.0171322285036745 -0.0081944330663968 -0.0116611835205867 -0.0249619761880129 -0.018976866418213 -0.0398080094639836
-0.0964409835513895 -0.0655815808202065 -0.0627352656551005 -0.049105668524782 -0.0342597889192131 -0.0107554677718918 -0.00991483901891614 0.0301741076077925 -0.0144863135840753 0.0077747175425151 -0.0767168490751001 -0.117631529471927 -0.126660012592957 -0.13572885275107 -0.139024415436418 -0.111745607302037 -0.0337331002283599 0.0420470901789045 0.0611502727660023 0.0902586762780096 0.0977692754925855 0.0770803767752491 0.0666855745763731 0.0728793910686911 0.0534518783414983 0.0445297284693577 0.0304919133406477 0.0189092271884443 0.0304708053896782 0.0589947151680425 0.0462029939504061 0.047495632630449 0.0394835370500427 0.0324917170481148 0.0349484378435111 0.0254467785287752 0.0389580271898412 0.0482205345897175 0.0267809809206921 0.00545459560824267 0.016023629291228 0.00432171298079409 0.000186789123661758 0.00539919066201604 -0.00757359548462364 -0.0280395405333285 -0.0257196058967623 -0.0328506639342835 -0.0506410094365572 -0.0504279492218596
-0.148367209751303 -0.0956857428096824 -0.0842254753070958 -0.0400646247899776 -0.0449469766682064 -0.0289671895333392 -0.0236715905608391 -0.0231339575185367 0.0326069601402401 -0.00302487843907748 -0.0565965938005481 -0.130003164298816 -0.125473519107873 -0.16510676279714 -0.144841191456684 -0.121703812896731 -0.0814478432151724 0.0201831085227699 0.0338146295237831 0.0647314070361295 0.0953589058995012 0.0881493990000008 0.0586729485926256 0.0440812387434875 0.0388671517852442 0.0294645973270617 0.015552461488351 0.0039827967736163 0.0248900617181328 0.0356677612777882 0.0463662978206821 0.0620243294940386 0.0373394733360693 0.0301018150980438 0.0290887560251634 0.022570455293751 0.0327713564550702 0.0332453072250923 0.0168561631762734 0.0180410804141566 0.00627952240766608 -0.0103581928878307 -0.00458028273072239 -0.0065287852672918 -0.0129194881908491 -0.0276405378866672 -0.0252727348093464 -0.0365957373155554 -0.048410115035474 -0.046743322134588
-0.196023452319952 -0.17631324949209 -0.15584046092288 -0.106333282510848 -0.0342823324982699 -0.0402202727640374 -0.0286988548523265 -0.0253798572656479 -0.0307796221702096 0.0178538691656243 -0.0437198370732548 -0.0973038720224539 -0.116481055591192 -0.118705696166189 -0.123581918765624 -0.115803491761081 -0.0730037567189621 -0.00318255751294176 0.00213974721550111 0.0164502189815645 0.0518288493210289 0.0644109092594499 0.0592250653291089 0.0444777204635791 0.0277844904872909 0.02564430155422 0.0109433229915882 -0.00952661894089317 0.000987632853716579 0.0344966784710587 0.0503948469771394 0.0482097234040917 0.0253811334891708 0.0199566742424357 0.0274648890308143 0.0133720253403175 -0.000262921295120698 0.00411095975855255 0.0204334652538098 0.004108333063121 0.00188730024535465 -0.0159215958851521 -0.0340114281724685 -0.00437940442926199 -0.0308709665667371 -0.0214236294711818 -0.0532963766445505 -0.023635838147287 -0.0233742124227222 -0.0457271360278507
-0.177919527956927 -0.185314993732925 -0.190604237001739 -0.169206055400231 -0.0779784612790526 -0.0458811201052408 -0.0399682231055812 -0.0418219895790176 -0.0332045825172303 -0.0171843855026041 -0.040687619586882 -0.12272420739538 -0.0740430724518613 -0.0442782758130764 -0.118344335817126 -0.134246335891633 -0.0671392229780338 -0.0835760091769184 -0.025454392383046 -0.0171198139964699 0.0301712643960357 0.0471935207006058 0.0496301912668046 0.0464945457921829 0.0234653823330421 0.0129556038101852 -0.00496663967266045 -0.0182039158861846 0.015850438644969 0.0209587937402764 0.0261622251658463 0.0483161113194899 0.0525685166606648 0.0276631427660744 0.0403759659443193 0.0153021591083466 0.031801681212405 0.0199388188375426 0.0101052899510754 0.00503324979548582 -0.0129124783574903 -0.0291218134038809 -0.0266866089748873 -0.0012506363175539 -0.0424971939185094 -0.0299700221607381 -0.0288063960207993 -0.0469306015690392 -0.0322452203926911 -0.0386674176180918
-3.4e+38 -0.185426963879318 -0.198378769731616 -0.188391916392194 -0.15487484156347 -0.0699249794722895 -0.0521886690294934 -0.0439250286094835 -0.0306643077942065 -0.0400612244497716 -0.0373740972078845 -0.0720874184928196 -0.0433835363388127 -0.0139863005225469 -0.0573427948170218 -0.118748985319771 -0.126108099056311 -0.0713465213192754 -0.0326596959567702 -0.072938731318972 0.0136455571908606 0.0440587617198746 0.0414319227160354 0.0267436973543387 0.0111470558447456 0.00810107871964692 -0.0143374462241323 -0.0140202175882652 -0.00848625656674956 0.00485571156606167 0.0260028235039229 0.0336519881680661 0.052720541698074 0.0221724897787215 0.00884249630828835 -0.0142554155583623 -0.0336557405288484 -0.0189819909923695 -0.0258029651545835 -0.029291808787529 -0.0205519040480689 -0.023731026797645 -0.0302056621032336 -0.0247355835221147 -0.0269949021212648 -0.0397079114451678 -0.0290169729988628 -0.0401829509375719 -0.0417582381017483 -0.0410090187670244
