data/pcas/pcas_can_126/pca_referenceLayers_can_126/PC16.asc
NCOLS 494 
NROWS 529 
XLLCORNER -117.166666666667 
YLLCORNER -55.5 
CELLSIZE 0.166666666666667 
NODATA_value -3.4e+38 
[rows 88 to 109 of 529, columns 150 to 199 of 494]
-0.0459185348338922 -0.061567290126764 -0.0616806664755838 -0.0497938162686513 -0.0508298872487578 -0.0344382869408298 -0.0312095567271565 -0.040459989132457 -0.0288622475931331 -0.0507445387942067 -0.0510225784606284 -0.0708796499175671 -0.0817919673313555 -0.0843238259006157 -0.0816053547925541 -0.0889820887856888 -0.104324838546659 -0.105246080203047 -0.0938981141596162 -0.0680522891498665 -0.0611742038459615 -0.06553118082743 -0.0551384449141705 -3.4e+38 -3.4e+38 -3.4e+38 -3.4e+38 -3.4e+38 -3.4e+38 -3.4e+38 -3.4e+38 -3.4e+38 -3.4e+38 -3.4e+38 -3.4e+38 -3.4e+38 -3.4e+38 -3.4e+38 -3.4e+38 -3.4e+38 -3.4e+38 -3.4e+38 -3.4e+38 -3.4e+38 -3.4e+38 -3.4e+38 -3.4e+38 -3.4e+38 -3.4e+38 -3.4e+38
-0.0346115383231711 -0.0447715152121017 -0.0399708461698301 -0.0406376966461044 -0.0381320834451564 -0.0482626408224618 -0.0447667776613877 -0.0469964913217067 -0.0528141865349556 -0.0536240528241103 -0.0587364949110308 -0.0821957564608351 -0.0829861759346417 -0.0794030788747248 -0.0757384556382813 -0.0774388290369039 -0.0768293856140513 -0.0688446605765256 -0.0698788211442225 -0.0474821997767229 -0.0587374700834161 -0.0560108751478982 -0.0428390320597885 -3.4e+38 -3.4e+38 -3.4e+38 -3.4e+38 -3.4e+38 -3.4e+38 -3.4e+38 -3.4e+38 -3.4e+38 -3.4e+38 -3.4e+38 -3.4e+38 -3.4e+38 -3.4e+38 -3.4e+38 -3.4e+38 -3.4e+38 -3.4e+38 -3.4e+38 -3.4e+38 -3.4e+38 -3.4e+38 -3.4e+38 -3.4e+38 -3.4e+38 -3.4e+38 -3.4e+38
-0.0405899765220564 -0.0287620334293528 -0.0552152360955328 -0.0394064704191424 -0.0555125766229853 -0.049700041211578 -0.0512797583242417 -0.0512034795729287 -0.0520269753996889 -0.0600474542427641 -0.0571353216336638 -0.0705716489896492 -0.049274592918102 -0.0551098703341616 -0.0664443456295703 -0.0661196453102318 -0.0458414506880667 -0.0533411970936333 -0.0510167975782308 -0.0398967476479428 -0.0554780028444809 -0.031567735825622 -0.0353075897273358 -3.4e+38 -3.4e+38 -3.4e+38 -3.4e+38 -3.4e+38 -3.4e+38 -3.4e+38 -3.4e+38 -3.4e+38 -3.4e+38 -3.4e+38 -3.4e+38 -3.4e+38 -3.4e+38 -3.4e+38 -3.4e+38 -3.4e+38 -3.4e+38 -3.4e+38 -3.4e+38 -3.4e+38 -3.4e+38 -3.4e+38 -3.4e+38 -3.4e+38 -3.4e+38 -3.4e+38
-0.0350921597855609 -0.0273028559738567 -0.0327275337577613 -0.042876797828451 -0.0620037912748618 -0.0672847763261332 -0.0667296101836945 -0.0630799390628638 -0.0711838284957494 -0.0652462049160869 -0.0631311735603407 -0.0516762845451871 -0.0510747569441432 -0.0350672982832983 -0.0516560846174625 -0.0282572837132349 -0.0291683824437841 -0.0252281561465086 -0.0412227256750283 -0.038252598497585 -0.0326910234198219 -0.0479891582749016 -0.0427935607747157 -3.4e+38 -3.4e+38 -3.4e+38 -3.4e+38 -3.4e+38 -3.4e+38 -3.4e+38 -3.4e+38 -3.4e+38 -3.4e+38 -3.4e+38 -3.4e+38 -3.4e+38 -3.4e+38 -3.4e+38 -3.4e+38 -3.4e+38 -3.4e+38 -3.4e+38 -3.4e+38 -3.4e+38 -3.4e+38 -3.4e+38 -3.4e+38 -3.4e+38 -3.4e+38 -3.4e+38
-0.0327079466199615 -0.0316634448155341 -0.0441661339277068 -0.0495401674737909 -0.0631442346612498 -0.0791504058463283 -0.0882815161006566 -0.0702964615269495 -0.0755089731697843 -0.0632204495504626 -0.0641157605857016 -0.0575654058988317 -0.0468440171628792 -0.0371095058332409 -0.0221184121365326 -0.0193237167289689 -0.0279480838385238 -0.0310634332032718 -0.0242187911630859 -0.0350446406637742 -0.0351789321583895 -0.044674282609253 -0.0508634369169142 -3.4e+38 -3.4e+38 -3.4e+38 -3.4e+38 -3.4e+38 -3.4e+38 -3.4e+38 -3.4e+38 -3.4e+38 -3.4e+38 -3.4e+38 -3.4e+38 -3.4e+38 -3.4e+38 -3.4e+38 -3.4e+38 -3.4e+38 -3.4e+38 -3.4e+38 -3.4e+38 -3.4e+38 -3.4e+38 -3.4e+38 -3.4e+38 -3.4e+38 -3.4e+38 -3.4e+38
-0.0221214748253864 -0.0220031862148126 -0.0475680761058666 -0.0549275295354445 -0.0629478528007858 -0.0904760416812161 -0.0993101051860684 -0.0754951394489755 -0.0841224845043825 -0.0658374905432004 -0.0641046645483208 -0.0552900280241312 -0.0271431041279811 -0.00835240526072626 -0.0038294070723716 -0.0226198762369622 -0.013635099087636 -0.026522274463337 -0.0181867830189933 -0.0342671160774137 -0.024892344304957 -0.0407901771301543 -0.0386410202397051 -3.4e+38 -3.4e+38 -3.4e+38 -3.4e+38 -3.4e+38 -3.4e+38 -3.4e+38 -3.4e+38 -3.4e+38 -3.4e+38 -3.4e+38 -3.4e+38 -3.4e+38 -3.4e+38 -3.4e+38 -3.4e+38 -3.4e+38 -3.4e+38 -3.4e+38 -3.4e+38 -3.4e+38 -3.4e+38 -3.4e+38 -3.4e+38 -3.4e+38 -3.4e+38 -3.4e+38
-0.0412358045179766 -0.0345934087507707 -0.0264961190932893 -0.0361349781916504 -0.0500209891929329 -0.0798801957426716 -0.10923798743373 -0.10608133695774 -0.082576065517522 -0.0864446544041961 -0.0592444807592255 -0.0434196513703603 -0.0228152063483979 0.00930276540823274 0.00079533683318771 -0.0170636487217846 -0.0129430373729648 -0.0167653808526687 -0.0321109972343694 -0.0456809726070858 -0.0470806989154078 -0.0428390203855339 -0.05529573229793 -3.4e+38 -3.4e+38 -3.4e+38 -3.4e+38 -3.4e+38 -3.4e+38 -3.4e+38 -3.4e+38 -3.4e+38 -3.4e+38 -3.4e+38 -3.4e+38 -3.4e+38 -3.4e+38 -3.4e+38 -3.4e+38 -3.4e+38 -3.4e+38 -3.4e+38 -3.4e+38 -3.4e+38 -3.4e+38 -3.4e+38 -3.4e+38 -3.4e+38 -3.4e+38 -3.4e+38
-0.0426262588007765 -0.0373022950237227 -0.0264353243931798 -0.0397491288784528 -0.058133663005113 -0.0661543889549072 -0.102252356835174 -0.117540880039748 -0.0911105174408725 -0.08865066904737 -0.0715113857481424 -0.0566071079403291 -0.0224507724161031 -0.0176126328802994 -0.0216245073698637 -0.0292948939134676 -0.0302870943131248 -0.0459761755405555 -0.0494984077090477 -0.0436751435327555 -0.0500860243336807 -0.0430022144624774 -0.069330320630729 -3.4e+38 -3.4e+38 -3.4e+38 -3.4e+38 -3.4e+38 -3.4e+38 -3.4e+38 -3.4e+38 -3.4e+38 -3.4e+38 -3.4e+38 -3.4e+38 -3.4e+38 -3.4e+38 -3.4e+38 -3.4e+38 -3.4e+38 -3.4e+38 -3.4e+38 -3.4e+38 -3.4e+38 -3.4e+38 -3.4e+38 -3.4e+38 -3.4e+38 -3.4e+38 -3.4e+38
-0.000976237415913898 -0.0373844526136419 -0.0158275825668545 -0.0237937865725448 -0.0522054312442845 -0.0657532532394994 -0.0768231081851467 -0.0949814012928224 -0.0940016708273146 -0.0843215391814213 -0.0874210482076547 -0.0633828912833805 -0.0543328255460673 -0.0479766622210589 -0.0337512062199107 -0.0283972292551781 -0.0459038084393412 -0.0617091751823113 -0.0501253719438356 -0.0460580974796438 -0.0573393976062963 -0.0715756835245948 -0.0694501529697999 -3.4e+38 -3.4e+38 -3.4e+38 -3.4e+38 -3.4e+38 -3.4e+38 -3.4e+38 -3.4e+38 -3.4e+38 -3.4e+38 -3.4e+38 -3.4e+38 -3.4e+38 -3.4e+38 -3.4e+38 -3.4e+38 -3.4e+38 -3.4e+38 -3.4e+38 -3.4e+38 -3.4e+38 -3.4e+38 -3.4e+38 -3.4e+38 -3.4e+38 -3.4e+38 -3.4e+38
0.00910125066221498 0.00984445261796782 -0.0423961505393407 -0.0467737812155706 -0.0488474330280113 -0.0749415243475216 -0.0717321860404477 -0.0959482477873644 -0.0972240041297521 -0.0768117226904976 -0.0857512840780963 -0.0669420527554835 -0.0649397273239954 -0.0671727626802577 -0.065996162440799 -0.0798052979533298 -0.0734357194660752 -0.0709762028037953 -0.0744380000539268 -0.0575805501879756 -0.070751368731387 -0.0684497263081285 -3.4e+38 -3.4e+38 -3.4e+38 -3.4e+38 -3.4e+38 -3.4e+38 -3.4e+38 -3.4e+38 -3.4e+38 -3.4e+38 -3.4e+38 -3.4e+38 -3.4e+38 -3.4e+38 -3.4e+38 -3.4e+38 -3.4e+38 -3.4e+38 -3.4e+38 -3.4e+38 -3.4e+38 -3.4e+38 -3.4e+38 -3.4e+38 -3.4e+38 -3.4e+38 -3.4e+38 -3.4e+38
0.037454879884627 0.0444391112265282 -0.040321564141715 -0.0399445234120639 -0.0496611247323607 -0.0702236863663772 -0.0680486732233134 -0.0993335818197754 -0.0815923951316288 -0.0973641038272217 -0.0924013374715036 -0.0901969743875967 -0.0944630335463537 -0.0921788409081536 -0.0927984710328657 -0.0989542372031356 -0.0946219811238042 -0.0951955943428178 -0.0970764287805142 -0.112419478105498 -3.4e+38 -3.4e+38 -3.4e+38 -3.4e+38 -3.4e+38 -3.4e+38 -3.4e+38 -3.4e+38 -3.4e+38 -3.4e+38 -3.4e+38 -3.4e+38 -3.4e+38 -3.4e+38 -3.4e+38 -3.4e+38 -3.4e+38 -3.4e+38 -3.4e+38 -3.4e+38 -3.4e+38 -3.4e+38 -3.4e+38 -3.4e+38 -3.4e+38 -3.4e+38 -3.4e+38 -3.4e+38 -3.4e+38 -3.4e+38
0.0333137726409143 0.0312538469884935 -0.0312101198854081 -0.0622661479032856 -0.0766602466512191 -0.0623866332684651 -0.0782459246385575 -0.0957348096823209 -0.0962086889302788 -0.105655830349972 -0.0926040252063533 -0.101865083263765 -0.0957538489817124 -0.10639973805877 -0.109851100641948 -0.125747791219277 -0.113645279348981 -0.115711913427232 -0.130420551820534 -0.137472784229591 -3.4e+38 -3.4e+38 -3.4e+38 -3.4e+38 -3.4e+38 -3.4e+38 -3.4e+38 -3.4e+38 -3.4e+38 -3.4e+38 -3.4e+38 -3.4e+38 -3.4e+38 -3.4e+38 -3.4e+38 -3.4e+38 -3.4e+38 -3.4e+38 -3.4e+38 -3.4e+38 -3.4e+38 -3.4e+38 -3.4e+38 -3.4e+38 -3.4e+38 -3.4e+38 -3.4e+38 -3.4e+38 -3.4e+38 -3.4e+38
0.0274788388982819 0.0191619294621136 -0.037994134645289 -0.0256653108635461 -0.022492646054816 -0.100225661269363 -0.0851963830507788 -0.108073785547174 -0.102432544677636 -0.10706335358129 -0.117882173127382 -0.0950891793929328 -0.111005486127324 -0.108945470507314 -0.122433453474274 -0.133201977850012 -0.112851948143706 -0.125226134030855 -0.128276424593211 -3.4e+38 -3.4e+38 -3.4e+38 -3.4e+38 -3.4e+38 -3.4e+38 -3.4e+38 -3.4e+38 -3.4e+38 -3.4e+38 -3.4e+38 -3.4e+38 -3.4e+38 -3.4e+38 -3.4e+38 -3.4e+38 -3.4e+38 -3.4e+38 -3.4e+38 -3.4e+38 -3.4e+38 -3.4e+38 -3.4e+38 -3.4e+38 -3.4e+38 -3.4e+38 -3.4e+38 -3.4e+38 -3.4e+38 -3.4e+38 -3.4e+38
0.0241854533483548 0.00694753643268688 -0.0461916421799563 -0.015207251601111 -0.0135791495894898 -0.119296492044573 -0.1312325392009 -0.108120534623905 -0.114862796918929 -0.113238352871819 -0.100658980310627 -0.103521423656966 -0.106488016864585 -0.129369291482423 -0.133291420621236 -0.134822739270368 -0.128029363877308 -0.11585642873833 -0.100100297921211 -0.113918357415785 -0.0847559160643412 -3.4e+38 -0.0745807751224339 -3.4e+38 -3.4e+38 -0.0384237103229596 -0.0374783242696119 -0.0435543378457323 -3.4e+38 -0.0380967360129248 -3.4e+38 -3.4e+38 -3.4e+38 0.0121175442728349 -3.4e+38 -0.0138112965317646 0.00219362894896558 0.004614315894408 -0.00413435719095508 -0.0125258586075031 -0.0278823622509768 -0.0277110947768391 -0.0437596469270802 -0.0386398258858702 -0.0442368183018015 -3.4e+38 -0.031917418888061 -3.4e+38 -3.4e+38 -3.4e+38
-0.0357311135371378 -0.0204020960387721 -0.0446322005385118 0.0482433934233753 0.0302767399142199 -0.023504447788211 -0.0613074171031792 -0.11267692296794 -0.111250949480891 -0.103066298446982 -0.075912720242856 -0.055034421628019 -0.0779602749392657 -0.127288014489055 -0.118161517457422 -0.104275241800635 -0.1047161370865 -0.0987491049705781 -0.112400525176491 -0.0950163550344348 -0.0796855240663881 -0.0764919751443692 -0.0586749448279581 -0.0578447240510179 -0.0442472981146109 -0.0319672153291728 -0.0336927421310807 -0.0271263849289151 -0.0198284869084471 -0.0148620683159236 0.00514263146616332 -0.000783555909792285 0.0129184705309037 0.0017045028867787 -0.00976238689090415 -0.000284471589349438 -0.00303561404379541 0.00601479281941899 -0.00133528086772874 -0.00809833269396244 -0.00669594067537784 -0.0196837304283603 -0.0134816093214287 -0.0319589752415852 -0.0418073231218368 -0.0399575585122561 -0.0299865853397767 -0.0391649427638555 -3.4e+38 -3.4e+38
-0.00803952944155818 0.0132015934727509 0.00255486788495121 0.0354630708408026 0.0836526011434875 0.0247126618541022 -0.0171350418216599 -0.050122703836236 -0.0407592997241981 -0.0524471168654061 -0.044726279104711 -0.00746443616972367 -0.0306447484549791 -0.071250634736897 -0.0865996906443284 -0.0856501459801445 -0.0904493303227564 -0.0978763137754787 -0.0812668709001067 -0.063408490942727 -0.0640511133313634 -0.0443800331284805 -0.0403809799859661 -0.0413200824449458 -0.0543596080611861 -0.0681270356957296 -0.0374095628723702 -0.0252115358374987 0.000401748586894825 0.0133168144122956 0.00274275562093632 0.0083221850729246 0.0132766175473036 0.00282409049403766 0.00472856998465433 0.00679953675078405 0.0135457290552052 0.0157211591091524 0.00718846955729825 0.00298699514314997 -0.015443113833521 -0.00362569072479913 -0.0229272507691877 -0.026177255640576 -0.0276273064185441 -0.0260191087351569 -0.038143772944057 -0.0255843417734426 -3.4e+38 -3.4e+38
0.033865578684473 0.0390510641093091 0.0374590720179171 0.0219249198001736 0.00809483596129699 -0.0435321076696106 -0.0460355529072786 -0.0440009786585137 -0.0330787618188942 -0.0184305774880192 0.00338564880471502 0.0234384266756811 -0.0465797438299963 -0.0540677985042941 -0.0573257659415681 -0.0591261766536363 -0.0545125008660074 -0.0468066704722525 -0.0563252697233082 -0.0436038557523986 -0.0472269897265822 -0.0431533800307337 -0.0347410496694508 -0.0220343010029217 -0.0388423650893906 -0.0551282904873892 -0.0371099972267736 -0.0221997284975572 -0.0062684276076959 0.0297818999622923 0.0293291526371412 0.0161783845799213 0.0313309176556445 0.0137289645927093 0.0313975851543614 0.0252779629452241 0.0165387518843362 0.0421077518988584 0.0100734099108167 0.0161414387927484 0.00129225699412868 -0.000675763067388192 -0.0240450969769616 -0.00943347836419115 -0.0256925055290862 -0.0185935037083608 -0.0320530161973622 -0.0332130917631219 -0.0513068936009214 -0.038640568212695
-0.062787838443448 -0.0071053154279629 0.0661862255286882 0.0442611163328489 0.0265844067379535 -0.000275740968836216 -7.81371665398434e-05 -0.0370595936422591 -0.0159655027730913 -0.0225353194610041 0.0106536978670761 0.0119896037382805 0.0289605343303541 0.00892157207680628 -0.00163631775685895 -0.0184636731203681 -0.0243871578546928 -0.0132300160478247 -0.0359682429369616 -0.0176748162750188 -0.0179931950096664 -0.0114507726590873 -0.0100760974457341 -0.025666911996821 -0.0386155830425531 -0.0443239753502065 -0.0271096219131888 -0.00659982565985621 0.018148354791608 0.0165346351275653 0.0205169971452757 0.0444431644419019 0.0365118817426841 0.0374641508808259 0.0277736696834416 0.00425164920847296 0.00748750943132653 0.0227589235556747 0.0113029049766029 0.0128812983276743 0.0060403686025905 -0.0209364918249063 -0.0227071616235459 -0.0307079031784529 -0.0207527431797671 -0.0374214234972015 -0.0196660312761845 -0.0346272570758153 -0.0383639750186243 -0.0409767771551181
-0.173391140440335 -0.124151515084291 0.00920939534458106 0.0835979537843546 0.0994770817006915 0.0378581424437601 -0.00311224913244985 -0.0221296907265341 -0.0238564531993191 -0.0301027162970327 -0.0210147290131675 -0.0027734465097933 0.0145369915329376 0.010881823806694 0.014839467946164 0.00436516457553756 -0.0195993951318942 -0.00543429346333901 0.00101378226253797 -0.000976825455910619 0.00989489205143404 0.00239691826087408 -0.0108953885797974 -0.0264731308623744 -0.0261728537324122 -0.0438134434139342 -0.011173984902281 0.00705710316885977 -0.0192414116463313 0.0150890795576319 0.0260956747526266 0.0272441675736968 0.0482027649942773 0.0316228078708877 0.0387227622461027 0.0327083158669733 0.017750721797108 0.0238061643625425 0.0333251194953635 0.0119740854805391 0.00208671969314508 -0.0129511391318575 -0.0196503825124276 -0.0222108286828964 -0.0161402666595821 -0.0300883991958458 -0.0326123997933637 -0.0335555006199036 -0.0344983663922481 -0.0398569057112859
-0.0896528950626753 -0.174034102807284 -0.152080040454382 -0.0703713889422704 -0.0230351233125453 -0.0329228117972519 -0.0128909191113352 -0.00301991357463759 -0.00477372795971112 0.0127033058620703 -0.00623187059801166 0.00719774979800312 0.0141563456083909 -0.00316388511461745 0.00466886640525202 -0.00548708282501071 0.0079496467359361 0.00085217312692341 -0.00126842962983911 0.00592783454292165 -0.00107185738403224 -0.0102648379096741 -0.0083945151138091 -0.021513578473989 -0.0143453196661677 -0.0201767894479284 -0.00510973304133738 -0.0156225830523287 -0.000162736301884545 0.0249316341685338 0.0517583720964762 0.0470925345577415 0.0482525973909957 0.0487728152935387 0.0442808983167606 0.0417248470421998 0.0336366976314805 0.0408952086034543 0.0229149127196294 0.0113303145142327 -0.011139259991036 -0.0194191580365568 -0.0192165507276361 -0.0118845426921382 -0.0205104859012648 -0.0117147924920213 -0.0146001815910851 -0.0246902821254737 -0.0387037924392041 -0.0459829960246498
-0.0462046963443086 -0.0655796209624597 -0.117407651794819 -0.112077296530245 -0.153306383307841 -0.1154390888992 -0.10375303828694 -0.0325594112938637 0.00893844948514742 0.00173616021447071 0.00399508431098903 -0.00531208780045513 0.0155766641444864 0.0200682279712806 0.0179765085500215 0.0195357362065764 0.00625164457471559 -0.0007513758470181 -0.00888183573699623 -0.00397183695432639 -0.00171008687832617 -0.0113967363410879 0.00689486164855823 -0.0269619195202555 -0.0332426507923695 -0.00945201295974092 0.0015151067859534 -0.0189400022278371 0.00964985806875568 0.0300205701945057 0.0483330473391237 0.0557675454595714 0.037810773892021 0.0613137825803262 0.0582364050857301 0.0341786767854251 0.0224637017833501 -0.00195540284379222 -0.000716531771197331 0.00669958075206738 -0.004073901078918 -0.0077952431286073 -0.0129585713742858 -0.00971906920492087 -0.0197758038327222 -0.0168524885387396 -0.0347878034015475 -0.038271502174937 -0.0303619543673758 -0.0399006756696529
-3.4e+38 -0.0117454197618199 -0.0376025291832855 -0.0537734608858969 -0.0903615993588992 -0.125557736628867 -0.132707609677459 -0.101565733815374 -0.062399110289401 -0.0102460137352189 -0.0275803268554742 -0.022469713828742 -0.0143838659533449 -0.0204024967791278 -0.000301892519272082 0.0162258227451938 -0.00240031382528577 -0.000516832002574522 -0.0077970946412385 0.00423299845463482 0.00480212681628004 -0.00387431016140994 -0.0040400648578691 -0.00953200223351605 -0.0186737699176798 -0.00427490455011612 -0.00229801130704371 0.00732894978943058 0.00933348883965015 0.0344976565661499 0.0275215134275156 0.035157223697314 0.0348549852854346 0.0357766906108828 0.0370877634421966 0.0291509875175893 0.00501645533054047 -0.00823465693051536 -0.00863795542775793 -0.00392968200646384 0.00202139048584753 -0.00304141557805206 -0.0127658995826622 -0.010185376711384 -0.0107161398888138 -0.00955745852635543 -0.0211860106354366 -0.0351710327751109 -0.0264914186752657 -0.0246845616382974
