data/pcas/pcas_can_126/pca_referenceLayers_can_126/PC17.asc
NCOLS 494 
NROWS 529 
XLLCORNER -117.166666666667 
YLLCORNER -55.5 
CELLSIZE 0.166666666666667 
NODATA_value -3.4e+38 
[rows 418 to 439 of 529, columns 250 to 299 of 494]
-3.4e+38 -3.4e+38 -3.4e+38 -3.4e+38 -3.4e+38 -3.4e+38 -3.4e+38 -3.4e+38 -3.4e+38 -3.4e+38 -3.4e+38 -3.4e+38 -3.4e+38 -3.4e+38 -0.0189203849283788 -0.00995510067358286 -0.0200448513815957 -0.00172780197826896 -0.000384898692630359 -0.001398961433332 0.00550133752710783 0.0140518995378087 0.0231571686691418 0.0231550898521515 0.0170961648633265 0.0253690958162887 0.0283870580046348 0.0226157625631771 0.0239157354657763 0.0143377530726488 0.0130315743305054 0.0111786889335503 0.00378409533214076 0.0142084435622353 0.00869083269518998 0.0167947876492583 0.017914720605056 0.0141487914431546 0.0117615768966403 0.0148583241216839 -0.00733296236121325 0.00121048787161128 -0.00224352924747732 0.00550868830436972 0.00218231822646411 -0.00234851487825908 0.004237181546388 -0.00236464107033377 0.00310215807275847 -0.00670482296055734
-3.4e+38 -3.4e+38 -3.4e+38 -3.4e+38 -3.4e+38 -3.4e+38 -3.4e+38 -3.4e+38 -3.4e+38 -3.4e+38 -3.4e+38 -3.4e+38 -3.4e+38 -3.4e+38 -0.0165060679488038 -0.0119037899529932 -0.00402299181361268 -0.00246445061624587 0.000406233568813886 0.0079924629843534 -0.00161454007809425 0.00941223171962432 0.0199600286373137 0.0178005590804333 0.0159113266220881 0.0184465466872668 0.0326601659008102 0.0257606153720658 0.0240004695042457 0.0169120150168184 0.017935773800074 0.0209117003367593 0.0152830427920638 0.00878401932999434 0.00661628874239292 0.0183049634396908 0.0175380105869424 0.0094097190755708 0.00945724445373897 0.00664694851992624 -0.011278934226906 -0.00427697249969126 -0.00468556919253679 -0.0073607495443684 0.00269646817788945 -0.00157419063993275 0.00103900773391853 0.00251396195653762 -0.00208483085677429 0.00180264580396701
-3.4e+38 -3.4e+38 -3.4e+38 -3.4e+38 -3.4e+38 -3.4e+38 -3.4e+38 -3.4e+38 -3.4e+38 -3.4e+38 -3.4e+38 -3.4e+38 -0.0102420599916181 -0.000870609203309112 -0.00827018814374029 -0.0100896625559022 -5.7222454119603e-05 0.000922548690303194 0.00374029688757242 -0.00432481175039087 0.00715178634031647 0.0118722349657899 0.0169007583666918 0.0196828110053388 0.0181797876988975 0.0341890276197364 0.0306173051240035 0.0350332751832196 0.0320925703156582 0.032071797512218 0.025802698364959 0.0228702107563673 0.0177840504113702 0.00863081411377092 0.0197004922552731 0.00647362333999571 0.0051149115389957 0.0157612186895723 0.00708109196842714 0.0168831746443486 0.0023378600030093 -0.00871275306690921 -0.00373624702071751 -0.00292340036274751 0.00110687683011994 -0.0124649904226532 -0.0074415138327979 -0.000449380688233459 0.00575689119723605 0.00235332428861776
-3.4e+38 -3.4e+38 -3.4e+38 -3.4e+38 -3.4e+38 -3.4e+38 -3.4e+38 -3.4e+38 -3.4e+38 -3.4e+38 -3.4e+38 -3.4e+38 -0.00803646660984044 -0.00673732106757023 -0.00652443467620882 -0.00280869953889758 0.002742336871686 0.00218167521903053 -0.00196551222904754 0.0170781127340962 0.00152620711156502 0.0070041996121467 0.0246322757652592 0.0231184475765005 0.0175929093281953 0.0334907107059232 0.0368906553051921 0.0405670435701417 0.0376517205305386 0.0225282657575874 0.0171018810125386 0.0228726011815039 0.0135856129022205 0.0115282804914663 0.015677444290038 0.0160183018865407 0.00925567991311901 0.00604520784427922 0.0123889438211909 0.0107809581285724 0.003528243451267 -0.00449952026817742 -0.00633379364443004 -0.00707507716010201 -0.00714979366240194 -0.00264567099218369 -0.0069022380703769 -0.00750239390242129 -0.00458180740689525 -0.000355053474135971
-3.4e+38 -3.4e+38 -3.4e+38 -3.4e+38 -3.4e+38 -3.4e+38 -3.4e+38 -3.4e+38 -3.4e+38 -3.4e+38 -3.4e+38 -3.4e+38 0.00211261047674807 -0.00131842305039176 -0.0117547535971785 -0.00560135402692207 0.00922279741035388 0.00893898897889776 0.0065675132413337 -0.00247427613999554 0.00551632104152599 0.0183887784810835 0.0149258046358962 0.0255210920725807 0.0295521239740312 0.0313773875038434 0.0334154324523465 0.0290819099570249 0.035297996978637 0.0245412236780313 0.018733000014972 0.0127224969795111 0.0210953946831802 0.0181738408037022 0.00946553831412924 0.0107157607758502 0.00455674139008794 0.00210287244391809 0.00441460761896684 0.00367304260853441 -0.00460650248712194 -0.00699648854301459 -0.0111731719117888 -0.00393418708678496 0.00189781442364162 -0.0115845766554012 -0.00104653419359982 -0.00279930021565104 0.00800471610332891 -0.00039819358096675
-3.4e+38 -3.4e+38 -3.4e+38 -3.4e+38 -3.4e+38 -3.4e+38 -3.4e+38 -3.4e+38 -3.4e+38 -3.4e+38 -3.4e+38 -3.4e+38 -0.00976180620327668 -0.00376134442983023 -0.00159473323028884 -0.000689391178150509 0.00417738948964056 -0.000328932793851258 0.0146207111138397 0.00360355420225379 0.00310665232307687 0.0250838707209294 0.0249858631551276 0.0234464101479217 0.0192955187904614 0.031387738652618 0.0231279284523177 0.0292970571263988 0.0312932448927469 0.0321088148505082 0.0287764120029105 0.0212730617795087 0.0229154268018072 0.0262420852832952 0.0115640661613149 0.0116302900729596 0.00276907980407415 0.0117123865013229 0.0165134672471205 -0.00668724617133057 -0.0163502144041436 -0.0124748814045897 -0.00996137193956463 -0.00369226816590334 -0.00641690812192973 -0.00627355336569941 -0.0086265551923398 -0.00781596463682384 -0.00484999570787413 0.00406890633081873
-3.4e+38 -3.4e+38 -3.4e+38 -3.4e+38 -3.4e+38 -3.4e+38 -3.4e+38 -3.4e+38 -3.4e+38 -3.4e+38 -3.4e+38 -3.4e+38 -3.4e+38 0.00356676440093171 0.00146035023881286 0.0106002142989528 0.0110791685050362 0.00574492735208321 0.0100053830555917 0.0111726744051026 0.0126716657377493 0.0279157999136007 0.0262008426706873 0.0299254817249799 0.0260897850321762 0.0268461299261278 0.0291730227043918 0.0351698863991284 0.0325478544413691 0.0351718930840695 0.0251545226144138 0.0213515713228501 0.0153958395913474 0.0266472960321112 0.0238172848331859 0.00499343967297007 0.00609700656660975 0.012913212582651 0.0088071545894022 0.0165011474158394 -0.00496931488165435 -0.00978690022937268 -0.0132816001938913 -0.00626439677136413 -0.0106248337153243 -0.00659878818406061 -0.0077486165796532 -0.00331621863178115 -0.00271003561976199 0.0101369266042383
-3.4e+38 -3.4e+38 -3.4e+38 -3.4e+38 -3.4e+38 -3.4e+38 -3.4e+38 -3.4e+38 -3.4e+38 -3.4e+38 -3.4e+38 -3.4e+38 -3.4e+38 0.00195377315184913 0.00625895954373831 0.00210937370693635 0.0110769214877753 0.0146680672567453 0.0233327391850715 0.0282956977698567 0.0233534102946352 0.0268509586789222 0.0180965126388217 0.0326561282605376 0.0374975311945532 0.0335181039603787 0.0316880586679546 0.0307332561599767 0.0329737614613321 0.0348120574151604 0.02257164553863 0.0193293570800511 0.0170586418377714 0.0204198107251314 0.0129294047299985 0.00318070717212114 0.0112796225325177 0.0059428314263961 0.0142831032210532 -0.0153045409110964 -0.0146801043378602 -0.0165246027715529 -0.00878297644487605 -0.0176175139961644 -0.0180295417617776 -0.0061741858105297 -0.000361233079410089 -0.0016185105823474 -0.00245905404961833 0.000709624439567468
-3.4e+38 -3.4e+38 -3.4e+38 -3.4e+38 -3.4e+38 -3.4e+38 -3.4e+38 -3.4e+38 -3.4e+38 -3.4e+38 -3.4e+38 -3.4e+38 -0.0113873153454544 -0.00428254698964 0.00255340693710918 0.0101652648908572 0.00560749407564155 0.0126960400187039 0.00677493268064315 0.0144376741300571 0.024810949009552 0.0422495844777046 0.0308619717122198 0.0362479220268572 0.0333936448868784 0.0541734675015108 0.0312455725454453 0.0210267103793532 0.0220686975279846 0.0342301858325176 0.0266761222553439 0.0276315336452624 0.0186072201827744 0.0227959701476412 0.0203747645863134 0.0100810861145826 0.0198074979820348 0.0104798039720322 0.00857299667956174 -0.0116783155298287 -0.0122610901289027 -0.0135078743201347 -0.00885195161533416 -0.000170673464538612 -0.0123522562373746 -0.00997217188321424 -0.00862766722253418 -0.000111544360765308 0.00736856983122442 0.000931834656682225
-3.4e+38 -3.4e+38 -3.4e+38 -3.4e+38 -3.4e+38 -3.4e+38 -3.4e+38 -3.4e+38 -3.4e+38 -3.4e+38 -3.4e+38 -3.4e+38 -0.0187789307897995 0.003013551642318 -0.00223820594240739 0.00707719861564489 0.00857087285157753 0.00702980010054124 0.00630025907029833 0.0244262448258096 0.0272229401548225 0.0214880899234277 0.0349269119880202 0.0227542243307967 0.0234282747528951 0.035880609294795 0.0441283878556438 0.0327940678621029 0.0227488352295621 0.0352713278386009 0.0284570709630237 0.0253478673356465 0.0181315051472161 0.0219146500515918 0.0180028917618869 0.00416105436563258 -0.00458296011401905 0.000843452763423723 0.00375512351243217 -0.0222998944538011 -0.021101172573804 -0.0303596027145348 -0.0138483222502053 -0.0124991849856133 -0.00989700338853149 0.00328015156970071 -0.0147875205599994 -0.00570930599048455 0.00513307551469335 0.00205261927020792
-3.4e+38 -3.4e+38 -3.4e+38 -3.4e+38 -3.4e+38 -3.4e+38 -3.4e+38 -3.4e+38 -3.4e+38 -3.4e+38 -3.4e+38 -3.4e+38 -3.4e+38 -0.00251457355194219 0.0048104760321335 0.00637838044212746 0.0116688248509962 0.00753807856525079 0.0136026345656015 0.0210827323534794 0.0181442998061148 0.0184090368810964 0.0385462009213325 0.0388530987108323 0.030950339422756 0.0340588668108705 0.0439746156167569 0.0384678101862552 0.0259231165140066 0.0195773444628074 0.0155783843191303 0.0213467388687368 0.0240242475850597 0.016659869594426 0.0200548130566762 0.00568874112324658 -0.00670468711908736 0.00642541591102645 0.0052564419195216 -0.016209975180502 -0.0129928133696761 -0.0156949306439857 -0.0132130490404846 -0.0137867752353175 -0.0105217974107667 -0.0135459166205741 -0.00797811284773773 -0.00662266377780948 0.00415063549441683 -0.00107797603940435
-3.4e+38 -3.4e+38 -3.4e+38 -3.4e+38 -3.4e+38 -3.4e+38 -3.4e+38 -3.4e+38 -3.4e+38 -3.4e+38 -3.4e+38 -3.4e+38 -3.4e+38 -0.0128099716517877 -0.0101712231121416 -0.00233349960256258 0.00857197665802502 -0.00118925245380929 0.00700735559648502 0.0239869746380868 0.0262122906359793 0.0240869634916618 0.0204204931396355 0.0250626003907643 0.0195038505370638 0.0353072683161784 0.043863543290721 0.0412520778804698 0.0183128285295493 0.0158438513190375 0.0246011729572911 0.0217606603337772 0.0127646640493483 0.0215434608130079 0.0154404258752022 -0.00546880673051174 0.00378029804351266 0.000707134842472429 0.00180336748002638 -0.00136484428811619 -0.0258073351815533 -0.0122126304340288 -0.0109559475854184 -0.0269618890749913 -0.00895011894471983 -0.00798681083112601 -0.00344242302817826 -0.00218862990679731 0.00578257215280134 0.00591160676379025
-3.4e+38 -3.4e+38 -3.4e+38 -3.4e+38 -3.4e+38 -3.4e+38 -3.4e+38 -3.4e+38 -3.4e+38 -3.4e+38 -3.4e+38 -3.4e+38 -3.4e+38 -3.4e+38 -0.0138714762998393 0.00285302047799702 0.0019806002984158 0.00861146224049191 0.0163605581604303 0.0196935322198894 0.0199402974410182 0.0136857298837491 0.0266485200062564 0.0163782413184903 0.0173055238310157 0.032603165372546 0.0217231348977949 0.0388110641985254 0.02828358236871 0.0174847276013634 0.018718584437209 0.027237272977651 0.0192810353027658 0.0124753278307783 0.00370567317982559 0.00803590503997391 0.00303599476060927 -0.00245549570333163 0.00298631871473324 0.000357904260828925 -0.0125077422177945 -0.0187130427036894 -0.0184036209457301 -0.0192320564557298 -0.0129863347243772 -0.00187489598352179 -0.0104411037435687 -0.00122825319045466 -0.00815157020197561 0.00723549248701365
-3.4e+38 -3.4e+38 -3.4e+38 -3.4e+38 -3.4e+38 -3.4e+38 -3.4e+38 -3.4e+38 -3.4e+38 -3.4e+38 -3.4e+38 -3.4e+38 -3.4e+38 -3.4e+38 -0.00732890925704182 -0.00491365774010486 0.00325906033367494 0.0154447984946454 0.014117398199312 0.0131692742161624 0.0155246120382281 0.00990440385423154 0.0144217064481965 0.0198754910431971 0.0187301195271455 0.0176156667629658 0.0343953487666271 0.0211994494381517 0.0292001850538628 0.0201617499423658 0.0157478496890282 0.0139031030257848 0.0128390230054691 0.0136646256570949 0.0142447515255502 0.00894598360226842 0.00634896344187448 0.00738421002524162 -0.0163422341597846 -0.0172330405333026 -0.00762675888972762 -0.00948893824671132 -0.017712882526634 -0.01223702666661 -0.0124616963147366 -0.0124716628547238 -0.0105571398651136 -0.00203810301593171 0.00605411624259809 0.00372059162752473
-3.4e+38 -3.4e+38 -3.4e+38 -3.4e+38 -3.4e+38 -3.4e+38 -3.4e+38 -3.4e+38 -3.4e+38 -3.4e+38 -3.4e+38 -3.4e+38 -3.4e+38 -3.4e+38 -0.00669738710255205 -0.0123490240821604 0.00276107681416047 0.00678037722303085 0.0198110214314111 0.019975799981541 0.0114304733505554 -0.00509990818075329 0.00545608471921561 0.00520148327460397 0.00992017929532503 0.0154650991281896 0.0240339215318381 0.0236085759740489 0.0191662731051116 0.0191879900038698 0.0156017819467153 0.0166373149026537 0.0179329022731833 0.0185122824325762 0.00595422877573649 0.00526450610603956 0.00607578157983319 -5.82535509254471e-05 -0.00559749575633431 -0.0320116173656761 -0.0259544590489759 -0.0185958336146334 -0.0177909057497002 -0.0191493375520294 -0.0133541593817326 -0.0197159647627561 -0.00902957733726562 -0.0064544189869709 -0.00418217919036534 -0.00103388464614947
-3.4e+38 -3.4e+38 -3.4e+38 -3.4e+38 -3.4e+38 -3.4e+38 -3.4e+38 -3.4e+38 -3.4e+38 -3.4e+38 -3.4e+38 -3.4e+38 -3.4e+38 -3.4e+38 -0.00332424700016332 0.00645819507257431 0.0125266846329345 -0.00310047709098047 0.0123729988719888 0.00321235671183854 0.00545380431988996 0.000967740054528305 -0.00196372700054606 0.00628114544152402 0.0112039564898767 0.0110780228883244 0.012815028198153 0.0131415617918953 0.0139047794378964 0.017838277161213 0.0177875636983526 0.0230967800393658 0.0215489637774095 0.00889065288520264 0.0188198945612903 0.00415465028411266 0.00617823147971051 0.00773792175445925 -0.0103706108268706 -0.00699839865900539 -0.00432328517534614 -0.0148933743135577 -0.0260320186735064 -0.014957386520256 -0.0137926864889772 -0.0242333232512499 -0.0127277400588 -0.0132593939398278 -0.00750531655486541 0.00413633764735258
-3.4e+38 -3.4e+38 -3.4e+38 -3.4e+38 -3.4e+38 -3.4e+38 -3.4e+38 -3.4e+38 -3.4e+38 -3.4e+38 -3.4e+38 -3.4e+38 -3.4e+38 -0.0179721648678463 -0.012075663940881 -0.00159174655278231 -0.00283068418055981 0.00185928618663269 0.00612595763879437 -0.00640140159577765 -0.0095993896709666 0.00417321409190332 -0.0064978668419913 -0.00472855443005778 -0.00694918658446396 0.0119733229511869 0.0143296813868699 0.00781570052324758 0.0123926509158457 0.00936171934905641 0.0202099887098906 0.0198216000531756 0.00732577478448607 0.0100580253186715 0.0088712378159905 0.00981173892159705 0.0155331529637561 0.00593068504158749 0.000512495297198148 -0.00646035544411465 -0.00985144565643887 -0.0116213316172815 -0.0191657168318448 -0.0165558970401077 -0.0143041090791791 -0.0147541400332661 -0.0048285232550126 -0.0143967441713299 0.00658906990599011 0.00651532207911536
-3.4e+38 -3.4e+38 -3.4e+38 -3.4e+38 -3.4e+38 -3.4e+38 -3.4e+38 -3.4e+38 -3.4e+38 -3.4e+38 -3.4e+38 -3.4e+38 -0.0276567053001645 -0.0273813830369722 -0.00977681416838079 -0.0105204846278759 -0.00782534234154629 0.00564346274495536 -0.0127186685513948 -0.00929084419818768 -0.00519083341980969 0.000169944120852609 -0.00526947810239049 0.00575348691495973 -0.00742378703086692 0.0112475371745196 0.0107470288363627 0.0132376162943793 0.015738076242108 0.0197513397895775 0.0133089622509104 0.0130647293626415 0.0202270084921355 0.0160333711518205 0.0128546907283404 0.00734172673372166 0.00826841596653218 0.00992445428323851 -0.00718534277307362 0.0020392772244891 -0.0190916635986466 -0.0200374759250281 -0.00596408020246531 -0.0234048043584648 -0.00542312036063675 -0.00626414155855432 -0.0122950814601132 -0.0145950806743309 0.00506811365320074 0.00213360839602152
-3.4e+38 -3.4e+38 -3.4e+38 -3.4e+38 -3.4e+38 -3.4e+38 -3.4e+38 -3.4e+38 -3.4e+38 -3.4e+38 -3.4e+38 -0.022531322786819 -0.023357713611466 -0.0229749822233187 -0.0123065278778381 -0.01365952968831 -0.0074304166537476 0.00747686300681418 -0.00259548126282124 -0.0113991838415992 -0.00550126391183437 -0.00512322031738107 -0.0129103300689696 -0.020798983101531 -0.00971836758399455 -0.00869971942408431 3.266510289595e-05 0.0132798338124809 0.00851911606281292 0.0124244644038656 0.0149102427766114 0.0118069904260721 0.00749467505937698 0.0122861387666032 0.0087585136488857 0.0116950610985614 0.0154807377388277 0.00822698406082326 -0.00706331506182516 -0.000991834935444705 0.0060768716717992 -0.0145591132140072 -0.0141241034074765 -0.023974443451652 -0.0105380327427848 -0.00614387110621318 -0.00560194259283123 -0.0177230995353297 0.00756674687591752 -0.000609615963379651
-3.4e+38 -3.4e+38 -3.4e+38 -3.4e+38 -3.4e+38 -3.4e+38 -3.4e+38 -3.4e+38 -3.4e+38 -3.4e+38 -3.4e+38 -0.0373025646768738 -0.0260383776520626 -0.0189932218709165 -0.0174303115887491 0.00159047617617706 0.00258286616051539 -0.000702405881278642 -0.00335815345511514 -0.00662791792331959 -0.00910262041763876 -0.0142192827818442 -0.00398395609205638 -0.00935982319915724 -0.0139199064591575 -0.00990278464082926 -0.00472842010866982 0.00460562609809318 0.0179502582577364 0.0109792149313663 0.0190022545727876 0.0153029932909266 0.0167524147396343 0.00580506183819413 0.0142453787321204 0.00518597636764964 0.000167031006266862 0.000990198873899693 -0.00235653933375283 0.00252088365484045 0.00670368629821181 -0.0196807548776595 -0.0180131599672981 -0.0209004611064971 -0.0116953019467268 -0.014643683613098 -0.0269157963870134 -0.0122848821586971 0.0018169908386597 0.0038449398931124
-3.4e+38 -3.4e+38 -3.4e+38 -3.4e+38 -3.4e+38 -3.4e+38 -3.4e+38 -3.4e+38 -3.4e+38 -3.4e+38 -3.4e+38 -0.0304372925468991 -0.026140031640896 -0.0243414515098433 -0.0133394523421327 -0.0107386320015908 -0.00241976712079288 0.00166640681743677 -0.00669593847139717 -0.0145116594106554 -0.0134510554594387 -0.0207676074385452 -0.0150583834403729 -0.0131396132682685 -0.0150519260104723 -0.0148851967688639 -0.00533338601647662 0.0079682383633217 0.00823852345807159 0.00962486586208367 0.0099682449522189 0.00902765654495501 0.00660623213212462 0.00868092038002564 0.00587854190073193 0.0109629861066237 0.00378894382462985 0.00255257478098708 0.00277946399522586 -0.0056011158138476 -0.00553669636086858 0.00420193335116043 -0.0252821326790379 -0.0203779269676666 -0.0146580329583261 -0.0221962879217023 -0.0196751068238384 -0.0195412234902831 -0.00190596691143243 -0.00170005551608075
-3.4e+38 -3.4e+38 -3.4e+38 -3.4e+38 -3.4e+38 -3.4e+38 -3.4e+38 -3.4e+38 -3.4e+38 -3.4e+38 -3.4e+38 -0.0203215998152334 -0.0294718069624066 -0.0203786408515044 -0.0129069303591419 0.000146605973501175 0.00385641693329897 0.00351149976281651 -0.0143481530949525 -0.00540437612609472 -0.0198021690623285 -0.0292580191199092 -0.0183193299838645 -0.0114469320953469 -0.0144084651384365 0.00163603558089649 -0.00211650694136736 -0.00389729518873287 0.00509335238382335 0.013997223643366 0.0115905650228006 0.0142015614725898 0.0131342703968536 0.0019277555097441 0.0132913911032803 0.0108344390219457 0.0056587588203071 0.00776463919452228 0.0120585054616022 -0.00778102616849009 -0.00584881463099775 -0.0035309232428189 -0.0166268599548698 -0.0157355847794287 -0.0137284325793566 -0.0133318570687526 -0.0207160138175269 -0.0180481200207898 -0.00367007686423472 0.00498430885288148
