data/pcas/pcas_can_126/pca_referenceLayers_can_126/PC17.asc
NCOLS 494 
NROWS 529 
XLLCORNER -117.166666666667 
YLLCORNER -55.5 
CELLSIZE 0.166666666666667 
NODATA_value -3.4e+38 
[rows 0 to 21 of 529, columns 100 to 149 of 494]
-0.0101639773632026 -0.0174276095107217 -0.00961188312223043 -0.0101557470298884 -0.00878644155855089 -0.0138800587890506 0.000747712604366232 0.000761251833647406 -0.00458598140656 -0.000970043015753906 -0.00435979350833145 0.0053479048069142 -0.0030020925859802 -0.00317429152182855 -0.00651247375239934 -0.00708600710289587 -0.00402261209790633 -0.00875358136340165 -0.00390344787319357 -0.0102583147243088 -0.00330231039303247 -0.00787390885219011 -0.00237530303016951 -0.0086840244045254 -0.00186873107719461 -0.00340380926021836 -0.0193710304117742 -0.0129639169521539 -0.0102119113606791 -0.0226582532747006 -0.016596573213132 -0.014752794137644 -0.00715885304581125 -0.0216486801292147 -0.0195005441242555 -0.0190295720893182 -0.0102356315906694 -0.00770298736237236 -0.0120339975691764 -0.0104643658729799 -0.00480726664871727 -0.00978485114812016 -0.00938686126863567 -0.0175038188725587 -0.0162673869640229 -0.0225626154038289 -0.00822290868221711 -0.00237499683935762 -0.000681766500407175 -0.0020882201509597
-0.00946150031225618 -0.00866249547264505 -0.0138707499525048 -0.00731384849181776 -0.00561227819693953 -0.0142520478495254 0.00421412739972527 0.00300981508211014 0.00313675916783569 0.0023917900580568 0.0147082661777516 0.00630719074335223 0.00305559835311045 0.00148107683645899 0.00531834638606471 0.00685591153342721 -0.00292408610825452 -0.001532981196762 -0.00615912863814301 -0.00215017276719027 -0.00769506620867234 -0.00334857305984181 -0.0100894435914946 -0.00387825115938194 -0.00144133515915415 -0.0145627092753653 -0.012973633568351 -0.0173446098808909 -0.0112848299473085 -0.0118698337385958 -0.00911471163438074 -0.0104806043489428 -0.0181160981715189 -0.0162133032182451 -0.0166705439161737 -0.0134416117104385 -0.0172900879243011 -0.0114030626891231 -0.0116644114655327 -0.00585715181768457 -0.0141371409128747 -0.0138648271031711 -0.0140592332623188 -0.0101696367150591 -0.00867919181134557 -0.0123736267044779 0.000288110212613201 0.00589139935377238 0.000216259905739014 -0.00106630359540226
-0.00764359535650125 -0.00415577010363585 -0.011655201883185 -0.000294905115997486 -0.00257667119470871 0.0045302650584905 0.00290778528561656 0.00675149841502515 0.0069537477977891 0.00371831143203802 0.0083609445853221 0.00255892754925375 0.0070402909789351 -0.00153309608136635 0.00150308732709135 0.00798752571227319 0.00936175268021771 0.00504287334201031 0.0018365663436789 -0.0105643470358831 -0.00602623159615172 -0.00197140995620044 -0.000154690510241496 -0.00173583453945288 -0.00830694861569449 -0.0082090069503869 -0.000495782028974907 -0.00316624722539398 -0.0104188992041352 -0.0116977963381898 -0.00856101943704605 -0.00176065828047336 -0.0158435627530466 -0.0163046578315862 -0.0143983788362402 -0.0151973733269735 -0.00700793257479265 -0.0143602159337954 -0.00899014193160447 -0.0200211694313754 -0.0204567259768214 -0.00636953753282268 -0.0210725811220046 -0.00473095893348766 -0.00777258424821389 -0.00787316693207667 -0.0158729225218832 -0.00969752235084741 -0.00749824190962975 -0.000255550579003408
-0.00186695644347487 -0.0102738547581561 -0.0017878726164297 -0.00137238532020542 0.00132592912751849 0.00230834650848324 0.00289152728630243 0.00773173684744818 0.00561435854365092 0.0130030178150043 0.00850704083975315 0.0136246233042124 0.0123564629253865 0.00678513981620172 -0.00127991216946933 0.00676239898129713 0.0002089507938532 0.0103456208888164 0.00930804637119655 0.00774157848094276 -0.00678443555962212 0.00204445546076187 0.00203891945412555 -0.00689485127690426 -0.000954503625794955 -0.00125450196150033 -0.00366140818698703 0.00600162508617215 -0.00155385276947596 0.00055746627326048 -0.00109806503696436 -0.0113880905067642 -0.00964999623203929 -0.0110064722208427 -0.0179864640039508 -0.0082104792861308 -0.00735724230975701 -0.0134379426207596 -0.00946777823663769 -0.00733904760923303 -0.00670347237834717 -0.0166062726087188 -0.0151541735559336 -0.014536994648126 -0.00810232006760598 -0.0147593338237626 -0.0177756394739814 -7.47257910062044e-06 0.00932916683064951 0.0194487320055876
-0.00804706304297026 -0.00211637053407746 -0.00652820789079124 0.00923067176815833 0.00489985637085778 0.00402739300748277 0.017749523826372 0.00547439087526389 0.0117879653694812 0.00713665507736935 -0.0012261721216881 0.00624742697191194 0.00849304776168694 0.0105488117661004 0.00985503582881853 0.0152612290366201 0.00966359842684952 0.00406545017504492 0.0169693623148732 0.00671104958282892 0.0110965531456109 0.00557289542659812 0.00227325488536259 0.000350386750509205 -0.0100842878018155 -0.00154738732518759 -0.00184442218729492 -0.0033253173890123 0.00138474223339733 0.0113379613431245 -0.000298796123250197 -0.00135135494164178 -0.0117355620631353 -0.00326176534028212 -0.00968194080354485 -0.0130956947577893 -0.00889465890817996 -0.0135874023426291 -0.0170273256787253 -0.00663448352111383 -0.00309227375470948 -0.00889801009874823 -0.0143142503667712 -0.0087151565184412 -0.0163586499349177 -0.013193795555706 -0.0258748505644302 -0.000171978692190775 0.00623743029414508 0.00958197444537939
-0.00392987965714589 0.00402224651502365 0.00368687758087075 0.0110849894986989 0.00414390706981304 0.0100309478468166 0.0075438831518278 0.0120168701689616 0.000834892530593201 0.00164694778216451 0.01023529692376 0.0089350355713872 0.0116723273448325 0.020060861614 0.0140680253395167 0.0136654043174925 0.0109336895608663 0.0122588746699867 -0.00171846000003063 0.00771854056465679 0.00275431114942893 0.0101312748368656 0.00872278342117894 0.000751119410661407 0.00738110886317775 0.000888000150703097 0.000152227028551312 -0.00209249916680347 0.000567328441251937 0.0070885144942286 0.0113438757414288 0.00519946971325614 -0.00432547341607462 0.000127597036007533 -0.00412389103591711 -0.011744723148611 -0.0015897758044978 -0.0147204791792802 -0.00675616813904384 -0.0142313763430129 -0.0137929525495661 -0.0140129198156246 -0.00231635561212167 -0.0173312542071936 0.00358778878810957 0.012728477927717 0.00873306396012301 0.0119483878932107 0.0154670077450156 0.0138960802229512
0.000589663478816282 0.00125826553043381 0.00824341301261242 0.00545065243601419 0.00296358860813593 -0.00502113427102309 0.0124845220896282 0.0089706887412491 -0.00198537442994854 0.0129284557283263 0.0129134215941928 0.00198970778953437 0.00972638298758605 0.0157465400477017 0.0215841195838994 0.0212110005771789 0.0140702064573941 0.0092838355368966 0.00844237148900015 0.00596893416528887 0.0107517415676645 -0.000552851382087102 0.00478376809990789 0.000310486907641671 -0.0071769871858888 -0.000564519434876553 0.00252200440928096 0.00885092814870828 0.00330463880734829 0.00501076197760828 0.0073560155112603 0.0152078809048666 -0.0075840555835019 -0.011264206406391 -0.00974087630739808 -0.00736210489775774 -0.00917753305608463 0.00425236467567261 -0.0192789481889873 -0.00763683482306588 -0.00424273127369018 -0.00780540631620548 -0.00538672381725361 -0.0156730694906199 0.00402413421431157 0.0111251564555599 0.0115858041957586 0.00514418601765604 0.00900115843698215 0.0113921122686476
-0.0043293787641354 -0.00455598321439236 -0.00453425319431428 -0.00285449850982071 0.0018892454461997 0.00456879800272305 -0.00282408506632351 0.00102861878184964 0.0140152633905241 -0.000271168544520748 0.00959177733864214 0.0118641700506081 0.0126040613437243 0.0159235897909799 0.0299746214220129 0.0130898554718999 0.0128730575622592 0.0087912421222609 0.00692298454099832 0.0118586157205013 0.00604847667829447 -0.00300666269107254 0.0129178247166975 0.011378417740961 -0.000758165422992056 0.004748448484348 0.00449814542313699 -0.000490314293024521 0.00437923330896205 0.0139895066209688 0.00729641012454635 0.00720727106875944 -0.0042978159457064 -0.000677575337214548 -0.00726537823022073 -0.00490413096575202 0.00573305543836189 -0.00862146620873249 -0.00908304487282863 -0.00374481670781495 -0.00484091278159304 -0.00271027083114013 -0.00537223909830652 -0.0118086647881979 0.012534584999982 -0.00462138007151562 0.0113011120842872 0.0113971003247801 0.013781158083753 0.0117599529289982
0.00283955222209451 0.00212686622868269 -0.0071840861419547 -0.000114205266560357 0.00589482179335971 -0.00354433672399895 0.0104756265201094 -0.000479794236102633 0.00150459216172423 0.00529732104151323 0.0112021136610157 0.0257633927039281 0.00940407162905151 0.00608120931375205 0.00855121711121129 0.0104418594650789 0.0106308583802334 0.0115385132217935 0.0135596518708509 0.00445043909368723 0.00762337371072296 0.015626004367538 0.00753716977224988 0.0122364274651239 0.00684575664858975 0.00178851550118614 0.0111889122485701 0.0120431936307502 0.0105749324393528 0.0123171779762128 0.0136640717367716 0.00509652540898571 0.00309825718666372 -0.00349522983911997 0.002630786521867 -0.00426135528190903 -0.000801313730010329 -0.0105218981114875 -0.00632064671806104 -0.00587366786885726 -0.000431164630419359 -0.013810879791112 -0.00997626109445199 -0.0283090160581849 0.00787010489737809 0.00795964307483076 0.00797942361033507 0.0149768079031218 0.0166365519064015 0.00333923544437279
0.00215302278681835 0.00556838790022075 -0.00240602641451215 -0.00269646257356928 -0.00453298286945528 -0.000117097413446684 0.00310447654342015 0.00135077002343848 0.00289340913298091 0.00526578084667261 0.0124693398114059 0.00555640469553354 0.00875321400444142 0.00204669572364 0.0139132764968486 0.0115566816733481 0.0143924015938563 0.011102614680309 0.0144919415618654 0.0140925017864089 0.0228663868568229 0.0121797928871228 0.00391324597428426 0.00481836374155465 0.00685177907260139 0.00714751230980444 0.0100289408641469 0.00979134946771346 0.00414570696413856 0.00742074478125267 0.00568059421042364 -0.00534709749663629 0.000755360912949693 0.00479768484620644 0.00951673984564068 -0.00196034003253115 -0.00177283256120227 -0.012702900313355 -0.00346133251999896 -0.00932810610298236 -0.00792538553821908 -0.0125453369695962 -0.0227237140715787 -0.0144704457960492 0.0134745369912687 0.00660810890805461 0.0100986864885123 0.0138861436030089 0.00775187498090944 0.0150477802527668
0.0136910448011642 -0.00153381039776949 0.00362007048118746 -0.002660655665591 0.0113220540099465 0.00699303651609283 -0.00233195384501766 0.00490074030083686 -0.00259855993461846 0.0031716809215533 -0.000892105645009044 0.0100667063936835 0.0094280679579583 0.00911051663071917 0.00520897803463771 0.0138054201860715 0.0069456628378578 0.0109234367809933 0.0159191758455381 0.0177562336569717 0.0222297697154026 0.0209853201121866 0.0110317849105297 0.0151096228826097 0.0113295731202731 0.00426935926041627 0.0172700095340354 0.0154640818639093 0.0151701018463232 0.00881417168018019 0.0203887820372712 0.00809677993374817 -0.00520213707941248 -0.00686548855400245 0.000488342454968515 -0.000807129785778032 -0.00801643083105129 -0.00507327880056354 -0.00271733471328136 -0.00876135271608439 -0.0127817935623114 -0.0120761670021585 -0.00944957069253169 -0.0132984807100444 -0.0122166982250945 -0.00426638792989629 -0.0164000846234736 -0.0144604607326731 0.0189260288342784 0.00954214180711447
0.0122954694065379 0.00833898962125661 0.0158712896411322 0.0117123277442452 0.00628391282296278 0.00496465115908097 0.0126232042207911 0.0103697617248542 0.00780256095881045 0.00414740434212277 0.00899229926861633 -0.00912091511015146 0.00497650096764594 0.00304028722626509 0.0140521019083146 0.0135423462236668 0.00820904316015368 0.0184800366628242 0.0227851533419161 0.0203754220280745 0.0169904099013903 0.0094916059595664 0.00595558294520279 0.0250531655959153 0.012876807433178 0.0225302245020999 0.0202723566435627 0.0144695436031859 0.0181891043901564 0.00559650925657806 0.000137035850476247 0.0104981302244378 0.00320370401266242 0.0017217291291163 0.0034822470364853 0.0039764311623341 -0.010209237506612 -0.0165710533572723 -0.0157757589839576 -0.0114337420328953 -0.00125651457672294 -0.00879570915202854 -0.0119304070668324 -0.0179480098429547 -0.00964913895259489 -0.00867347536358847 -0.00332432408067017 -0.0163146466275567 -0.00248777388284388 -0.0109123485684611
0.0205116066224541 0.0140918683927873 0.012302332187306 0.00368775921321436 0.0121345872486476 -0.00295039956936796 0.0103852470448469 0.014231022371425 0.0160220907179937 0.00477994763217961 0.00846329611314211 0.00848673529393384 0.0011789503395824 0.01698666253628 0.0113725020786952 0.00422889170568702 0.00667991901510119 0.0215756413680619 0.0217589950597685 0.021300922970018 0.0173997501703428 0.00391497265710525 0.00744446720175096 0.003537216089523 0.0101201851808251 0.0199224668064225 0.0139481749181472 0.0145556879686199 0.00340478569327115 0.00240394185608765 0.0125750385601799 0.00261307014949189 0.00810918347950572 0.00192550241042166 -0.00667944338166507 0.00129067367102819 -0.00270724370627854 -0.00591648896956639 -0.00328761248310693 0.000101838348098268 -0.00790369849128257 0.00371018260281775 -0.012361463609198 -0.00153551508109152 -0.00581036747887647 -0.00413152028938994 -0.00144358473349899 0.00256614872395009 0.00431064235173879 -0.000318418443193696
0.0191697869732598 0.0255101258993294 0.0240980420461193 0.0181126379736949 0.0075468473219638 0.00506593424333024 0.0195673186687624 0.0150525520888197 0.0131354651138557 0.0151465999893527 0.00654720635296111 0.0134641083658542 0.0056836271417453 0.0136555808231981 0.0149071302999219 0.0220651643753021 0.0204521184111657 0.0201172144411759 0.0245748354831055 0.0284894769173163 0.0231890212218784 0.0177838571832659 0.0103513695658184 0.00294879787502835 0.0142204980705266 0.0197812306899584 0.0178600395131819 0.0286015403089987 0.00701004933834122 0.0133653160301351 0.0091269681863218 0.00607403886901755 0.00863441128482681 0.00551787452207331 0.000105226456369135 -0.010975644506763 -0.00570130570655029 0.00324769727038647 -0.0107550910235736 -0.00320918609660979 -0.00333929122516839 -0.012220490253606 -0.016844516617408 -0.00619106298461581 -0.00040921961036687 0.0037621072816821 -0.00321441555629597 0.0110675753153138 0.00506144546134855 -0.000426528578762674
0.0241416537355018 0.0324197597301245 0.0198456827202192 0.0172574872277035 0.020260934725902 0.00524343644592926 0.0046419521437679 0.0119603211114482 0.00892359357525538 0.0207676209722645 0.0184646480054907 0.021229753209287 0.0137950565660774 0.0148389688037052 0.00947187479266287 0.0225179216418381 0.0136884153161643 0.0142573817289639 0.0256147009492888 0.0288872824862871 0.0301561693643462 0.0173680252224047 0.0186101549062868 0.0103863763916683 0.0167957195949835 0.0191992702956761 0.0214798314171243 0.0157150764494585 0.021502035777039 0.00214594212108034 0.0097257229832662 0.0094364635682149 -0.00963250247760737 -0.00291848702289576 -0.0120624790236871 -0.00812577559149964 -0.0124996689847882 -0.011918619626225 -0.000260643248489762 0.00134547558111338 -0.00442865420423199 -0.00677943466911286 -0.00706888082148536 -0.000954832607885588 -0.00962826299481158 -0.00540989615723312 0.0015230924200816 0.008984783491194 0.00355913521355593 0.00069905505677222
0.0273247163994119 0.0227128214986804 0.0324306319116622 0.027340171523941 0.013119788254756 0.0184389304353017 0.0149161658193544 0.0133750349805328 0.0135297907677308 0.0116158850871691 0.0143467995620869 0.0126289428399281 0.0155113579945976 0.0106546335703385 0.0116849418737451 0.0206577848436784 0.0276189772408533 0.0299917856746807 0.0245343799520632 0.028295447234182 0.0164770249874141 0.0185838977969997 0.0160927395793737 0.00695344857119394 0.0186494788156626 0.0265423268230154 0.0243364993370156 0.0206431645598191 0.0149018988119897 0.0072844147188965 -0.0055522887424796 0.0098555324139145 -0.00906208050505708 0.00388720278869852 -0.0161705466607806 -0.0151251653955103 -0.0146963143404539 -0.00807491763366665 -0.0110924601369666 -0.00730808608429161 -0.00390576783253124 -0.00032854959776379 0.00733595684606426 -0.00906457507994141 -0.00255356822796086 0.00735952092901266 0.00932075612019104 0.0141039118174777 0.00173055665224583 0.0111719950587655
0.0349245084029739 0.0318971223326471 0.0324469279229942 0.0303321897642735 0.0234644239004405 0.0285462158957074 0.0137349277790559 0.00750601169125614 0.00831013167727888 0.0215148065721957 0.0265745704465573 0.0216674536575176 0.0174821050716461 0.0264423122586232 0.0272969600154687 0.0243074016707241 0.0232520683384588 0.017232701732349 0.0252070883162577 0.0338281024260844 0.0304053104504133 0.0286594576228381 0.027358445662195 0.0257404127859622 0.0205414534129764 0.0241567720500775 0.0220828549185593 0.0214523788889962 0.00794357846641559 0.0147488285713154 -0.00255089985239614 0.000904392977672356 -0.000958149949489296 -0.0147368545215787 -0.0122087068985369 -0.00230142513282231 -0.00481859110139737 -0.0152136279123709 -0.0077883520453094 0.000436984029173403 -0.00998440745899185 0.000924787243994287 0.00797703023033552 0.000754205102178451 0.000163534495500282 0.00230099965262318 0.00441947019501557 0.0103120879319571 8.3001472884359e-05 -0.00114544536908611
0.0301953522818209 0.0395722051747816 0.0303743815079822 0.0217365349551505 0.0227374405081024 0.0173886792144543 0.0301398968199767 0.0229386889057262 0.0222449450411564 0.0221636459518529 0.0224082065403214 0.0324496438047321 0.0218315642386042 0.0158065768736246 0.0167715001749695 0.0173700849562857 0.0285827657158852 0.0279870742024612 0.0235491956109051 0.0387943905767741 0.0262011137484374 0.0206488687372717 0.0266467464150693 0.0297790090450036 0.0189228482241229 0.0239957405128438 0.0206129182450966 0.0093962056804676 0.00851778324395941 0.00714653747725034 0.003428492129798 -0.000375903373667583 -0.00188035444015681 -0.014920312861502 -3.4e+38 -0.016485977024256 -0.0181328991693269 -0.0137611488989575 -0.00940198199872116 -0.00985486481753565 -3.4e+38 -3.4e+38 -3.4e+38 -3.4e+38 -3.4e+38 -3.4e+38 0.00637688029765721 0.000288452961519265 -0.00385105842886844 -0.00664652138125645
0.0359957129888583 0.0355189438418705 0.0299474075841305 0.027852753701696 0.0317448015965824 0.033018828451719 0.0184672491173471 0.0150377259384667 0.0285227321971969 0.0314266043078426 0.0325363672223054 0.0239246289275257 0.012204412938185 0.0145503080797992 0.0226395431065326 0.0282470361487627 0.0265284651212538 0.0224419120516364 0.0216002734184466 0.0323756777970555 0.028975481948779 0.0262160992372353 0.0241600577248089 0.01012765257382 0.0201893016501056 0.0309407826483878 0.0197399689952857 0.0148900514011768 0.00956266855265002 0.00691723761292846 0.00120963287577811 -0.0051667672647259 -0.00803743095898264 -3.4e+38 -3.4e+38 -3.4e+38 -3.4e+38 -3.4e+38 -3.4e+38 -3.4e+38 -3.4e+38 -3.4e+38 -3.4e+38 -3.4e+38 -3.4e+38 -3.4e+38 -3.4e+38 -3.4e+38 -3.4e+38 -3.4e+38
0.0303320732867539 0.0290553812365153 0.036379515686056 0.0382126734844505 0.0250465068924228 0.0356924480985437 0.0262420292406649 0.0288649596530662 0.0271298834833884 0.0345626694855413 0.0305694900364851 0.0243938368778503 0.0159122990254723 0.020275971932254 0.0218741389592271 0.0295357167933078 0.0319862816546374 0.0353357041785106 0.0354002332229747 0.0311652177021017 0.0217406785200206 0.0322228004713059 0.0185753621115845 0.019044406902827 0.0129700027862574 0.0301058889606586 0.0223143619945583 0.00667425595430664 0.00637288258956703 0.00773811498403608 -0.00865949057550141 -0.00289187175246194 -0.0203349822985399 -3.4e+38 -3.4e+38 -3.4e+38 -3.4e+38 -3.4e+38 -3.4e+38 -3.4e+38 -3.4e+38 -3.4e+38 -3.4e+38 -3.4e+38 -3.4e+38 -3.4e+38 -3.4e+38 -3.4e+38 -3.4e+38 -3.4e+38
0.0257600353254443 0.0327524721203565 0.0282156078715762 0.040971582218425 0.0379438028480153 0.0408073024062094 0.0308789637841784 0.035965970859563 0.0398881124964235 0.026152115714688 0.0325722364203307 0.0301476974548688 0.028372598370074 0.0248777711036905 0.025027866126977 0.029266416763772 0.0264693623430026 0.0300106612180163 0.0266318525673054 0.0317906999380536 0.0219355771253737 0.0213333867330764 0.0173504596649957 0.0162100485083752 0.0166453203770897 0.0223360342180485 0.0107352164997857 0.00402602843240871 0.00446341832165303 -0.00241840016281433 0.00236403503606695 -0.0194940659144562 -0.0229878740921648 -3.4e+38 -3.4e+38 -3.4e+38 -3.4e+38 -3.4e+38 -3.4e+38 -3.4e+38 -3.4e+38 -3.4e+38 -3.4e+38 -3.4e+38 -3.4e+38 -3.4e+38 -3.4e+38 -3.4e+38 -3.4e+38 -3.4e+38
0.0379893892564043 0.028613788691324 0.0351797065762619 0.0314906456270785 0.049262436367526 0.037983462015004 0.0461737765897621 0.0353596193819513 0.0389254574740597 0.0457179691316969 0.0350856923093987 0.0204036744654196 0.0264363843858021 0.0186468856050798 0.0254881095747872 0.0153541935515452 0.0153520374008809 0.0311300346613819 0.0325616820903094 0.0369258486989645 0.0201338953940352 0.0241215840528905 0.00845879746566243 0.00388498383885404 0.0117533864366378 0.0241132000587522 -0.0015410476224124 -0.00678862544122428 -0.00860188136906784 -0.00786293161852203 -0.0159092613111599 -0.00800349834521412 -3.4e+38 -3.4e+38 -3.4e+38 -3.4e+38 -3.4e+38 -3.4e+38 -3.4e+38 -3.4e+38 -3.4e+38 -3.4e+38 -3.4e+38 -3.4e+38 -3.4e+38 -3.4e+38 -3.4e+38 -3.4e+38 -3.4e+38 -3.4e+38
