data/pcas/pcas_can_126/pca_referenceLayers_can_126/PC17.asc
NCOLS 494 
NROWS 529 
XLLCORNER -117.166666666667 
YLLCORNER -55.5 
CELLSIZE 0.166666666666667 
NODATA_value -3.4e+38 
[rows 132 to 153 of 529, columns 250 to 299 of 494]
-3.4e+38 0.0053258426848025 0.0013430320179245 0.00551657459326684 0.000912342814255184 0.00223612974882873 -0.00657648171261547 -0.0038911790603718 -0.0161977951640738 -0.0319582399543334 -0.041407929272002 -0.0328109473375637 -0.023904278572613 0.00318846948718998 0.00254701215651081 -0.0156549838888039 -0.00751970593569135 -0.0103559641642382 -0.0103052927815746 0.00260084256199929 0.00515234324930898 0.00221888107134819 0.00324792217351091 -3.4e+38 0.00228809893355188 -0.0151906398418247 -0.00977558215810613 -0.00699281656209776 -0.00914331825501404 -0.0169996247179268 -0.0109691315199305 0.000181395980343235 -0.0110228944837032 -0.00494483653664361 -0.00426991698841056 -0.0101196113074657 -0.005870795656038 -0.0151648190938561 -0.00374736587443144 -0.00733524853033387 -0.00522578682582772 0.000411129900029409 0.00648786186133111 -3.4e+38 -3.4e+38 -3.4e+38 -3.4e+38 -3.4e+38 -3.4e+38 -3.4e+38
0.00585108890146134 1.82991668881746e-05 0.0063602683852694 0.00237288255864708 0.00999640587054519 0.00423242272968544 -0.0162094451148576 -0.0113458445891631 -0.015396900287368 -0.0239860765940749 -0.0247766712052833 -0.0244489707290687 -0.00752080442340236 -0.0127986816209655 -0.00203730613660183 -0.0165243329207296 -0.00856248217191002 -0.0141511287512584 -0.013538789970463 0.000809775083675429 -0.010208861846375 -0.00125357057283153 -3.4e+38 -3.4e+38 -3.4e+38 -0.00838977633319899 -0.00921207121594367 -0.0162474254512249 -0.00618751599666101 -0.012296111652049 -0.0113198631259501 -0.0108109920637001 -0.0125040709336823 -0.0144449043969537 -0.0153740027030396 -0.00412840539785276 -0.0115078745530254 -0.0088700196351633 -0.00940339100500856 -0.000457944791379586 -0.00371772506842911 -0.00227821413200939 0.000166787325019282 0.0101462743920493 0.00763938468273472 0.00686831031499991 0.00713635724580778 -0.00396475546876546 0.00248348082430387 -0.00904924251396908
-0.00413845066000872 0.00857046150030604 0.00889826041839834 0.00431163140433566 0.00239148256417514 -0.00907862254989316 -0.027704405860764 -0.0155124949396133 -0.0239269406730113 -0.0140385032369092 -0.0145011217708015 -0.0281350937614488 -0.00880923944296865 -0.0227337272198802 -0.00400218278095335 -0.0141043974597374 -0.0202964352648328 -0.0143317639264363 -0.0191080931538984 -0.00828674756523804 -0.00717400068313049 0.0066096267339705 -3.4e+38 -3.4e+38 -3.4e+38 0.00445274947121055 0.00596587981486851 -0.00914513115369981 -0.00508544765634847 -0.0110943180036241 -0.0115951539945205 0.00922284725529818 -0.00575393466781793 -0.0111032751394547 -0.0167605384707828 -0.000442334909453281 0.0012512817518287 -0.00782736363799479 0.00291761822812862 -0.00355943993600558 -0.000905041609782694 -4.06560236047345e-05 -0.00234491761857159 0.0112894572614455 -0.000932766684101017 0.0135243850549998 0.011351210801434 0.0202420989886425 0.00798354616213307 0.00824920051467231
-0.00245968750094909 0.0122926004569039 -0.00209367530640093 -0.00314543203007243 -0.0049710341526566 -0.016171563528814 -0.0157577160023942 -0.0128862528310087 -0.0233068390877671 -0.0230058260736965 -0.0175827639467704 -0.0129837806082379 -0.0166032834780188 -0.021050239229067 -0.0150547807294776 -0.0163209652606776 -0.0193834034977242 -0.021726032693649 -0.0249870410437783 -0.0142081264089559 -0.0123231103694417 -3.4e+38 -3.4e+38 -3.4e+38 -3.4e+38 -3.4e+38 0.00822250231257742 -0.0103491143825314 -0.000530895548794483 0.00143935378378356 0.00493680048582079 -0.00476104595140001 -0.00464682633590584 -0.0215952270441118 -0.0173171075407486 -0.00126253619793095 0.00372279869050868 -0.00930659877359098 0.00378128791505148 -0.0137302982432551 -0.00489260986375405 9.41036069365738e-05 -0.00267893674621482 0.00719877817287176 0.0165855398765924 0.022637612872801 0.0060759653126012 0.0138322630287741 0.0222534226298031 0.0104064353852671
0.00417210591627231 0.00529181588244651 -0.0014442275158697 -0.00890198424375212 -0.015959798271272 -0.0172008815605939 -0.0132665049715731 -0.0110386917431302 -0.0162286723471773 -0.016451446273082 -0.0144145310365179 -0.0041630588551667 -0.0115998488452211 -0.019947459561228 -0.0135308106333022 -0.00851778833053123 -0.0275238801207688 -0.0289747228068462 -0.00558933486099474 -0.012157137647674 -3.4e+38 -3.4e+38 -3.4e+38 -3.4e+38 -3.4e+38 -3.4e+38 -3.4e+38 0.00250548643147227 -0.0105908917984066 -0.00884908323849503 -0.00754709616788101 -0.0102282043254626 -0.00537783630003327 -0.0189939069548403 -0.0121208742157985 -0.00962993638590386 0.000711679637704845 -0.00422874329022084 -0.00747435959026734 -0.00446064540270931 0.00172162572646062 -0.000178984010262912 0.00410320929967534 0.0269947886165339 0.0201139759553635 0.0163353861571518 0.0163578831348536 0.0236680486557773 0.0146203817014573 0.0143502491909495
-0.00302582240623124 -0.00773710713297665 -0.0105889037780649 -0.0146250629128136 -0.0197905478392957 -0.0159480119947367 -0.0260804849261014 -0.0272316569708748 -0.0167524320413255 -0.0238103044297529 -0.00620733344973734 -0.00900700934297332 -0.0123527850279995 -0.0269314655630258 -0.0102097272227043 -0.0187333789557122 -0.0285071264041172 -0.0285116457420443 -0.0186396649859428 -0.0203779608444254 -3.4e+38 -3.4e+38 -3.4e+38 -3.4e+38 -3.4e+38 -3.4e+38 -3.4e+38 0.00510031023625554 -0.00197858906523707 -0.000435813567269869 0.00754746702517511 -0.0103542121238219 -0.008833188749065 -0.0158546651016137 -0.0054740617604864 -0.00907763314227481 -0.00477768780858023 -0.00367277667726417 0.0171567818611272 0.00994254471860236 0.0041898082020479 0.0065155870788153 0.00458804738478985 0.00936752114893315 0.0235954555862849 0.00579513908994072 0.00471795667926666 -3.53180071771715e-06 -0.00191175335019335 -0.00455872418861164
-0.00723987140564394 -0.00356526558314723 -0.00287999342037605 -0.00549428569796925 -0.0170734550048694 -0.0132083865727207 -0.0120672260799588 -0.0138153629475806 -0.0241722838169756 -0.0118248387129519 -0.0189419890485559 -0.0161732817030233 -0.00819820593992932 -0.0158879020996901 -0.00781277807341407 -0.00189275218834173 -0.0210205451817063 -0.0264784874068766 -0.0188674171951132 -0.00886818980158442 -0.00199760177871499 -3.4e+38 -3.4e+38 -3.4e+38 -3.4e+38 -3.4e+38 -3.4e+38 0.00524995033975196 0.00124021836744602 -0.000117904136537358 -0.00181629991584037 -0.011332516696408 0.00365422378575672 -0.00341644384149483 -0.00504283172327118 -0.00480717494199027 -0.0128603715126652 0.0452862819531007 0.038459068347915 0.036434452467016 0.029895174117005 0.0220813715341957 0.0275750966840918 0.0192595145154615 0.00636690894421202 -0.00414839042609664 -0.0135497386021354 -0.00311901785943186 -0.0206331165757791 -0.018924279586441
-0.00987723639810423 -0.00697827514260611 -0.00508572965438302 0.00374287837907179 -0.0190190764189799 -0.0273734306158942 -0.0243243838219064 -0.0299457862602413 -0.0256360889706896 -0.0178273702889549 -0.0246491896552165 -0.0241210661832214 -0.0172950856325804 -0.00566489720591423 -0.0152148469721079 -0.00247809462743574 -0.0135000718857276 -0.0277453766233322 -0.0201500120582318 -0.00665675846847304 0.00590354288876148 -3.4e+38 -3.4e+38 -3.4e+38 -3.4e+38 -3.4e+38 -3.4e+38 0.00987577296058657 0.0030775293806042 -0.00648794692789509 0.000410674620967338 -0.00527288989684757 -0.00166698099699199 -0.000571512499215328 0.00177079397136905 -0.0107272815606557 0.0249872128947634 0.0443835931707818 0.0391787248158402 0.0390820562865071 0.0412590409547415 0.0353449391523794 0.0360054331316313 0.030967397667647 0.00775548740236962 0.00961563821623421 -0.0108051997418982 -0.00657709220195448 -0.00701742692861112 -0.0214529771987963
0.00374074050727073 0.000857919706139429 -0.00156356554061814 0.000821258478279001 -0.0186696193524979 -0.0149410169732563 -0.0235491009123272 -0.0257031977071541 -0.0169273929248383 -0.00950854121823872 -0.0177534597511984 -0.0181173175484619 -0.0398246384467969 -0.00250920812634146 -0.0305484055328135 0.000818636172413937 -0.0208620888067565 0.00017580976651031 -0.00281385864400525 -0.00729205818477405 -0.017381111485994 -0.0135049011341138 -3.4e+38 -3.4e+38 -3.4e+38 -3.4e+38 -3.4e+38 0.00280093214927821 -0.00648860206995239 -0.00169428189911304 0.00354619853431708 -0.000334163786060389 -0.0196977245573674 0.00232454560568502 0.0320166073873081 0.0395605863591038 0.0426956440190452 0.041864048942839 0.0324321960413445 0.0410868306434717 0.0494278647773676 0.0405696013257494 0.0308072967849078 0.0348074960007988 0.0206227965249119 0.0191359490966033 -0.00214777958933692 0.0127786464796142 -0.00445489036635589 -0.00793070738513576
-0.00494885454135565 0.0032781518853627 -0.00839428958273672 -0.00720989256040571 -0.00778210486989847 -0.00507294687679396 -0.0170140598914132 -0.0194555443838541 -0.0148497960757254 -0.00772389325852646 -0.0165411879892654 -0.0220704240941028 -0.0208864764512668 -0.0240410664987831 -0.0378311713809625 -0.0101415178259546 -0.0212459510296795 -0.0238598985110307 -0.0280991238067732 -0.0213168254736248 -0.021862456035237 -0.0145032180115907 -3.4e+38 -3.4e+38 -3.4e+38 -3.4e+38 -0.00123666232946643 -0.00133448521148873 -0.0110653387353816 -0.00990152305875102 -0.0100998295722129 -0.000849862087401626 -0.00105674446774024 0.0267593269276734 0.049165561387082 0.0525647629188808 0.0458594017182388 0.0435642706021895 0.0490882090502896 0.0385366932682274 0.047642240847844 0.0456742791953763 0.0405259826858945 0.0341170776346122 0.0219197710241417 0.0219498125935906 0.015960949397344 0.00411689506211283 0.00784755166654127 0.0108782712773229
0.00555322853094439 0.000832452893581519 8.1735295061957e-05 -0.00549196911826075 -0.00354201652873938 0.0013150342506407 -0.0106159584860486 -0.00455942394265735 -0.0168987562514791 -0.0273156819344555 -0.00776009339842568 -0.022390290484065 -0.0132576418758409 -0.0199029224198027 -0.0167596014041586 -0.00652666434392746 -0.0293331034001237 -0.0137920760412649 -0.0151447262097763 -0.0196741369541791 -0.0135800335599494 -0.0109134503095647 0.00601412013752292 -0.00430066737675504 -0.00736058581335619 -0.00343517236845403 -0.00824075264922207 -0.012653133506788 -0.0137274517417033 -0.0205836629469202 -0.0137298404649897 0.00919377251093086 0.0167529904778447 0.0435718770774096 0.050777090289013 0.0499055889517456 0.0396872514738387 0.0391842386144829 0.0468409928685876 0.0449559777606345 0.0469086688333147 0.041441706213107 0.038251786547693 0.0323742379176054 0.0184269483621493 0.0313941382201855 0.0238993801770885 0.0218546593875979 0.011033326366526 0.0148313460762139
0.0102327631042632 0.00422908010997269 0.00852896323985236 0.0121173865915588 -0.00278797943279905 -0.00431219014384827 0.000475336493354645 -0.0047307159295934 -0.00729438035785753 -0.00978810499364911 -0.0116725390323887 -0.00696179216233067 -0.00627234265939735 -0.00105718670400264 -0.0255345625828426 0.00275140347915352 -0.0111856176733895 -0.00297516799366141 -0.0120026592094533 -0.00497435738610864 -0.00277225874797293 0.00235770773608858 -0.000144730908854853 -0.00838784345094927 -0.0105355147984388 -0.0254672449741623 -0.0200322820783036 -0.0302708194966324 -0.0304263208780733 -0.00103216739025573 0.00816127206942663 0.0230484468440346 0.0340487861649093 0.0444033868719987 0.0445409811698131 0.0450805455496318 0.0346384145031808 0.0364463679578044 0.0479329349014655 0.0408206568397379 0.0533728226749108 0.0439402110273727 0.0486161312785996 0.0363323052409663 0.0297215921268671 0.0197332850384376 0.0257296832029797 0.0283537958079239 0.0284426381514926 0.0192495854600341
0.0119221103402435 0.0116426953451031 0.0104050419981657 0.0208881271393429 0.00191292385053652 0.00449108409159021 -0.00642542421366813 -0.0196695567226695 -0.0180517919758312 -0.0250979560344341 -0.0127138987764024 -0.0133494731452482 -0.00429929792425603 -0.0160319879692827 -0.0239142914836091 -0.0044514919739528 -0.00873113725691827 -0.00711278070763742 -0.0128046428717167 -0.00315878382564763 -0.0253620967938356 -0.00821140960708229 -0.00767614468108638 0.00476724721597053 -0.0102887206695294 -0.0147489752336176 -0.0256659884833189 -0.0235676612594652 -0.011294503782787 0.004436512634627 0.0200271959442454 0.0408421991094339 0.0399653958778865 0.0481430434090559 0.0396080866351806 0.0460909432605764 0.0335584728867678 0.0368351217503313 0.0336422362764707 0.0426394251768982 0.0438618722141325 0.0449102247341378 0.0413234480047612 0.0483328837322969 0.036078024248146 0.0301832887060247 0.0192654726931835 0.0264477873870458 0.0217599405238409 0.0244905244159746
0.00846794212585929 0.0110579080704307 0.0125130115872231 0.0134364699827029 0.00753639134199155 -0.00198044065906066 -0.0137465520028132 -0.0280323269700879 -0.0299759383368941 -0.0095414903376978 -0.00844453416214139 -0.0141662271690463 -0.0127741662625971 0.00159683337489707 -0.00142928907496371 -0.00519328031580358 -0.00773208407489434 -0.008413500550413 -0.0130749848256004 -0.0184347240313438 -0.0121139467121679 0.00145572088125657 -0.00784915158856173 -0.00912492280473985 -0.0240385712500321 -0.034174898486308 -0.0167452038858371 -0.0133192547244305 0.0118718627751128 0.00586473920982609 0.0075992207975983 0.025307794936401 0.0242075837866125 0.0321091093069811 0.0234419693265351 0.0360957884351013 0.027503096404087 0.0267710297463109 0.029564385541401 0.0387897258263565 0.0482290541783742 0.0405599431291 0.0535594728406617 0.0504254629565569 0.0465127883662139 0.0257743358469787 0.0281346666694544 0.0246881227993935 0.0210726324468776 0.0315805148381882
0.0018860008247891 0.00296775232787377 -0.00301386278579994 0.00254019389293638 0.00155270729071569 -0.0102372278921149 -0.0166868531984416 -0.0181241382252865 -0.0278885439568769 -0.0118122463626547 0.00357047852184205 0.0065063895692645 -0.0190015643108622 -0.00282789009917405 -0.00156181246250962 -0.00696161013710102 -0.00894571924761219 -0.0153803267339599 -0.0188017345115075 -0.0219196771494994 -0.0118194425902625 -0.0237991474037077 -0.0194487220760276 -0.024235837176177 -0.0210870507889265 -0.0176597880588894 -0.00693745007356216 0.00380887647184871 0.000998679038802566 0.00175978720232366 0.0207495154842115 0.0186394576723004 0.0187465280078693 0.0256505409058953 0.0328626720249245 0.0220049419224949 0.0150123154973504 0.0144583588736809 0.0202502320010147 0.0284917682076911 0.0433428421590539 0.0669505611761247 0.0517665527249101 0.0477532062354588 0.0433909970344001 0.0483382961935124 0.0336791763059415 0.0283531416686877 0.0385649477693543 0.0410802720816195
-0.00286769413370384 0.00287341573005856 0.00032120795624902 -0.00737789509359681 0.00823699832870526 -0.00576156064340286 -0.0291383207643752 -0.0106527911872835 -0.0317522950515445 -0.00873744215949054 -0.014260969870587 -0.0140948724723571 -0.0207904921636713 0.00880106092226825 -0.00266521812958925 -0.000130531929583635 -0.0156182003613838 -0.0159018486650717 -0.0180288451856889 -0.0084371254631343 -0.00863524554731774 -0.02179320505893 -0.0107677343641344 -0.0107895772367266 -0.000760460868097165 0.000773142563675723 -0.004976932387105 0.00848889537914149 0.012913563990523 0.01963581321326 0.019446428113756 0.0119127967686744 0.0168532868671666 0.0315158362181741 0.025165594839594 0.0269294543371591 0.00903536754526207 0.0111308761142547 0.0235540848090594 0.0356795626494655 0.0507538100225473 0.0593857480226483 0.0572957068103398 0.0547306290394546 0.0391935871692184 0.0434605657593132 0.0410653642127348 0.0332517901758819 0.0414390331362285 0.0270359921547657
0.0107035614144256 -0.0147511283312016 -0.00246941351088255 0.00883843447445573 -0.000630811469333942 0.0066946039967023 -0.0295063750466984 -0.0227692875057986 -0.0162273224198045 -0.0135960768436787 -0.00538518204068322 -0.0175142741217279 -0.0100713551159321 -0.00558718195406308 0.00138324278521572 0.00212457209153083 -0.00775056571562894 -0.0133997355453035 -0.0152705192479636 -0.0103358501989588 -0.0173263858169167 -0.00366150698759262 -0.0106292238402147 -0.00731742052030692 0.0124286037997567 0.00774305176797588 0.0114319752564643 0.0209728803410477 0.0147187184267614 0.0224081038330571 0.0273758903861034 0.0230588171429897 0.01907802474686 0.0284982327419051 0.0271072102598859 0.0330738694628914 0.016098824629978 0.0198913791326283 0.0400408843497022 0.0588197589266051 0.0550839595269184 0.0746854942330292 0.0593564270610156 0.0565404671186297 0.0455439127970349 0.0457058794090244 0.0532296424903788 0.0479403947788301 0.0460914375615147 0.0344581334533577
-0.00668838936320797 -0.006631507960663 -6.77367774177991e-05 0.0203688738360565 -0.00312219350083288 -0.00336717868148679 -0.0193207751245603 -0.0239966618017684 -0.0126584355174413 -0.00596018706191296 -0.00742129941435004 -0.0183196471717981 -0.015720137218841 -0.0124204235603461 0.00127260866107039 -0.0211146721314043 -0.0124464717060115 -0.0152808570317011 -0.0215337000934291 0.00807120265196465 -0.0096876734783597 -0.00051977794357479 0.00515678705765353 0.0168916920833151 0.0142889762073329 0.0256177528685115 0.019536332841095 0.0305842756829599 0.0286933459637185 0.019530152438469 0.0359171966869846 0.0313678705294481 0.0300032300878022 0.0302268720602414 0.0235513003714756 0.0301402635726605 0.0321948997263532 0.038485326537483 0.059580567417446 0.0522381344199484 0.0753397767055612 0.0726180594748507 0.0630687471878444 0.0560967877090992 0.0535379933731529 0.0513956380411368 0.0515171685871237 0.0608098729271765 0.0551158969841598 0.0463453194077195
-0.0192869416922543 -0.0239394734566057 0.00590745158734645 0.0112036309262671 0.0115133538016133 0.00347315324712294 -0.0156032727319714 -0.0149002101501905 -0.0221887319336916 -0.0192807273331136 -0.0189467549662286 -0.0173902549923927 -0.0145949114967434 -0.024577990106849 0.000301966224339136 -0.00792333576685487 0.00277284915105833 -0.0124460893321232 -0.00833495303815902 0.0135112321254485 0.0202416924471332 0.0152509356449315 -0.00361403188314889 0.0052593833673172 0.0333187518587408 0.0195294734172949 0.0315886577223619 0.0342257097756983 0.0437975678065071 0.0369885829340096 0.0291077556049529 0.0447937241093704 0.0404321616071402 0.0405715743693016 0.0354456697924435 0.0316706342581945 0.0343327210601386 0.0488188599787396 0.0690760825637944 0.063287035857234 0.0768690184457784 0.0658122439979826 0.072236842272161 0.0611904149960998 0.0680704321626174 0.065802046489288 0.0686005846585765 0.0633289417000596 0.0583366896549916 0.0355914320757221
-0.0206944668764972 -0.0243385132542623 -0.0126107980832028 -0.0205811905883714 0.0175194078167094 0.00778836392644345 -0.00565693192317213 -0.0146415081446325 -0.0218867972072397 -0.00897986510013363 -0.0254002970525102 -0.0261893897461406 -0.027463819797912 -0.028868187663326 -0.00275672241338477 -0.0165575677201266 -0.0125606546859624 -0.00813524806471093 -0.00532550226363414 0.00354853557000406 0.0103731799842505 0.0347877430239687 0.00218171104477985 0.0116817219289501 0.026038448736115 0.0370930617217674 0.0412471005774753 0.0494361625458705 0.0550635496634423 0.0599125309812414 0.0526997382748925 0.0454550057974223 0.0538520656193367 0.0428128282082835 0.0447585256633057 0.0327003609911895 0.0466122862791264 0.055600864108076 0.0620411423320286 0.075063610488901 0.07458125674477 0.0692316108036518 0.0723723291959096 0.0761925443006329 0.0739879480915896 0.0657391526541347 0.0634249601978958 0.0632674115642887 0.0480577047577439 0.0472899218105841
-0.0223571832038176 -0.0262386221048889 -0.0296051152208323 -0.00803425733359229 -0.00191059284946619 0.0126777678762535 -0.00776196497203368 -0.00312082681157471 -0.0241210460544865 -0.018534472603265 -0.023698497925573 -0.031770381952664 -0.0336284106284776 -0.0313458487477848 -0.0227596705317479 -0.0111803711551226 0.0131846999694234 0.0139738274082207 0.00409891540727121 0.0168009344352951 0.0231080334643088 0.0285583152253212 0.0178747482774651 0.0243003912719038 0.0320480452957389 0.0371670163688757 0.0555255984582569 0.0706949498325279 0.0714937263626793 0.0649114529048581 0.0514113851437329 0.0445462548132003 0.0548708812088101 0.0518873659434522 0.046151673408186 0.0340918662570662 0.0444633526831166 0.0585667442054999 0.0599525985025193 0.0803990202852166 0.0650624484696301 0.0727672968438453 0.0699626262503013 0.0645300726238418 0.072320602435919 0.0716003011888711 0.0655171490142764 0.0636830788348542 0.070704415027208 0.053529947656006
-0.0225247646972915 -0.00909760489814311 -0.0170069070091909 -0.0107276592841874 -0.0164548974589193 -5.58528662365429e-06 -0.0025129935498485 -0.0220340872525233 -0.0211014608330846 -0.0241415436848922 -0.0267963537738174 -0.0329778201452199 -0.0349068862320362 -0.0419150598767754 -0.0296069969587969 -0.00476257870504514 0.00919458969863466 0.00603826565849158 0.018745860006732 0.00731770841898576 0.0176136458445748 0.0446936904306415 0.0398341052043945 0.0264648774511127 0.0397870931391153 0.0351508200020664 0.0551281333329229 0.0746658020139207 0.0588530250761619 0.0622003442658401 0.0595948765836122 0.0553877490387295 0.039881325254688 0.0568237394577857 0.0562518177860979 0.0460239210691423 0.0520628209589893 0.0548323565274067 0.0589465436605231 0.0632883452569223 0.0744381419781913 0.0727016648562702 0.0692916975338634 0.0745158661871527 0.0727622075104746 0.0798927931772306 0.0726797520214584 0.0711961779918048 0.0657384612136826 0.0720888289148574
