data/pcas/pcas_can_126/pca_referenceLayers_can_126/PC17.asc
NCOLS 494 
NROWS 529 
XLLCORNER -117.166666666667 
YLLCORNER -55.5 
CELLSIZE 0.166666666666667 
NODATA_value -3.4e+38 
[rows 352 to 373 of 529, columns 300 to 349 of 494]
-0.0090819309361675 -0.00961034310840719 0.000511695021000879 0.0076032259415159 0.0126179756268078 0.00195163754378935 0.0085747935522928 0.0142124201200783 0.00709278622557684 -0.000166968267967938 -0.000622216120825955 0.00162972263413002 0.0101683318452671 0.00189829631590448 0.0274821571292805 0.0420865263682901 0.0412446028596244 0.0361938556420327 0.0383088264399461 0.0270758715891483 0.0312341573240331 0.036437958260976 0.0338116238152079 0.0339228468402521 0.0209273890243898 0.022619753691629 0.0307177186264989 0.0291781441442412 0.0265595306795869 0.0265764108298422 0.0249777871371011 0.0265989716751782 0.0311560652073575 0.0228885149484165 0.0160766809430397 0.00941095554060775 0.00562529671895733 0.00510614605435645 0.000414838412081788 -0.000150511790578929 -0.0052320857993833 -0.00220812059589443 -0.00686317890079042 -0.00349461043035462 -0.00193462562809281 -0.00283993957170575 -0.00862809400008253 0.00115024605688349 -0.0103287723382166 -0.00320959068509934
-0.00518305401735774 -0.00496724315936812 -0.00464779737939571 0.00933154564983635 0.00615493171286718 0.00824027021502421 0.00175820583332492 0.0118504628550502 0.01314124118922 -0.00181806951600377 -0.000903966400549537 -9.28868140806886e-05 -0.00153136482252148 0.0065839629405861 0.0282373614738579 0.0394339029399325 0.0423246992976235 0.0371312677310245 0.0378006770842456 0.0399031888668581 0.0408884559386189 0.0372946910289243 0.0262467640774842 0.0245188808460035 0.0245058513159102 0.0315828860988931 0.0198683552836003 0.029053977184253 0.030774737290422 0.0246495218578128 0.0302981177675646 0.0328787717181949 0.0268051652263896 0.0185839941707373 0.00728165607282371 0.00384331622391473 0.00632139012841715 0.00869815588602102 -0.00634732058134269 -0.0043123364550998 -0.000948944889725628 -0.00794469231653007 0.000666199637468669 0.00837652238205532 0.00577751449357104 -0.00849292921912522 -0.00900898058015808 -0.004527368584407 -0.00860391277672907 -0.00370178969802673
-0.0125367375280185 -0.00448316002606494 0.0154413755702565 -0.000832640910825027 -0.0031465433686544 0.0032155742713662 0.00484276927806099 0.0168674899197818 0.0102001589911094 -0.000263199723634923 -0.0121472080938935 0.00214429463132304 0.00296834516205911 0.00609340483289518 0.041918489786697 0.0466570934516009 0.0366576381999399 0.0393934775192212 0.0301337698682802 0.0336228857931561 0.0301168008348334 0.0302681660584515 0.0328130804483678 0.0295201371590874 0.0265480752746382 0.02488356755694 0.0319215200104628 0.0218343483349559 0.0208054463431626 0.0268274622415863 0.0204967982032491 0.0280284396499495 0.0230825700744255 0.0194513590533369 0.0164450058754176 0.00507277605229785 0.00916405679205967 0.00330770462599199 -0.000361329784440832 0.00249745319113645 -0.000740656426097939 -0.00117675654946164 -0.00114486223591146 0.000631292929225497 0.002095378844741 -0.00303480223084152 0.00594154064471489 -0.00990041011947597 -0.00486240606618127 -0.00520437738599317
-0.00879282557492056 -0.00191758008953088 0.00906574569482197 0.00566526926205355 0.00904708173443602 0.00567470414364659 0.0113330606446033 0.00999264532167166 -0.00490733462770674 0.00287461626689448 0.000867846780950303 0.0160717563290869 0.0126059727875743 0.0310374547004224 0.0410938330438732 0.0425156940171083 0.0350112405264572 0.0361617417614274 0.0307981685188081 0.0314143277261031 0.0323576601052388 0.0314161191877844 0.0271243246106172 0.0365893555976003 0.0301255057978342 0.0297650879769358 0.0273124700051155 0.0234212112701901 0.0247691690843487 0.0197288444229442 0.0271837942045166 0.0281191837942658 0.0251011355049747 0.0193458124377053 0.010811462700746 0.0153910008631679 0.00709866022614608 -0.00255046076447694 0.0118577904787468 0.00580181269299993 0.000534052140638694 0.000888724526434678 0.00196212120226067 -0.000294719966732014 -0.00634429256139941 0.00416448508722564 -0.00105134574290342 -0.00270739985019294 0.000746250937220936 -0.00301555831349835
-0.00435292605381376 0.00181351317288587 0.00952178371736376 0.00350175991842433 0.0131113384228946 0.00539141862416257 0.0242578155983635 0.0076438769224973 0.0065405189850519 0.0052170691167719 -0.00104422103226444 0.0204416427094054 0.0259685527587034 0.0297407230683495 0.0350866293951444 0.0308092953842093 0.0354850725193934 0.0433097915533445 0.0296793523280257 0.0308036498776265 0.0416556787696938 0.037011918274976 0.0246966546743582 0.0247658948084056 0.0215319897005244 0.027544953483921 0.0157395660612764 0.0167894500137137 0.0299648697922637 0.0259158333979885 0.0173454253987343 0.02748420378372 0.0138057871984113 0.00772280182340231 0.0234317365496412 0.00814801164682266 0.000756939491242002 0.00496689063990241 0.000471229416694455 -0.0003975391927485 0.00957553176708474 0.00892026040485405 0.0082667997015844 -0.000373393640500331 0.00807434987015253 0.0037596251636812 -0.0111185684617607 -0.00104930732374833 0.00770975070886483 -0.00674204111294753
-0.00696429710131852 0.00138453634151028 0.00378590316350318 0.00929459997888503 0.0264103900541449 0.0217601890811607 0.0104165163260218 -0.0145138514878355 0.00527050654109628 0.00653430923431165 0.00679596617782179 0.023457217287348 0.0400300579161517 0.0301821049195034 0.0420904626003967 0.0251112371656391 0.0267543045780462 0.0303568696709452 0.0321285381575251 0.0275263018070383 0.0291809994782389 0.0296271689841087 0.0261928067547914 0.0275670449557693 0.0269774726757843 0.0225852964614063 0.0204338213005667 0.0178439700367577 0.0104084470010344 0.0184059376670183 0.0159286735198593 0.0179176193621052 0.017147098757254 0.0106393558895927 0.00202049139201493 0.00422874270068332 0.00378655311530956 -0.000537150354266101 -0.0107355946717866 0.00835952172756744 0.0022779087421732 0.00662049055138824 0.010582560959467 0.00977703194867216 0.00103941501687638 0.0012730839204011 -0.00293144236967766 0.0035989416659227 -0.00243247920206196 -0.00204114279637499
-0.00534447415238788 0.00930457765396646 0.00255530794385365 0.00365907041315032 0.0233272374336106 0.0187345256696383 0.0035691321665189 -0.00778444053683039 -0.00298438752099183 0.0217970039826614 0.0218233257472882 0.0200980884395284 0.0224030420735907 0.0293352812588045 0.0349783385314261 0.0308161535316925 0.0279568082252184 0.0286077004223479 0.0309196934413233 0.0284277902330584 0.0360685122111176 0.0257225287537731 0.0307107177449215 0.0321821319399352 0.0339824495985915 0.0134880925398021 0.0153326526951255 0.0141606214766333 0.0235582759971993 0.0101672694827619 0.0184590247370818 0.0135521648000541 0.0102136823748186 0.00416945969329375 0.00611925367092548 -0.00426353693601549 -0.00691235675491407 -0.0162195258340728 -0.0106346354609574 0.000152058588439356 -0.00640080839464153 -0.00594330338719477 0.00268939761216464 -0.00367317286747768 0.00447436952894186 0.00355157487496835 0.00215582632711521 0.00100096498864832 0.00579746328611381 -0.00317553032977248
-0.009517613730606 0.0162452399187603 0.00420647881360897 0.00710080639122644 0.0184664738436307 -0.00181832122177538 0.00557465389653988 0.0115318834874926 0.00996913819891445 0.0176409524458568 0.0156790396003716 0.0143538210367454 0.0181052567174577 0.0310205092716233 0.0335455459607507 0.0281895016874677 0.0276556951491269 0.0256352906429766 0.024963037945908 0.034403759430782 0.0211585962104145 0.0308024990212446 0.0317962505557941 0.0169327427245608 0.0256909952885156 0.0182351688142324 0.0155140723298429 0.0283570114299127 0.0158454390154964 0.0177138095284058 0.0156741035169649 0.0174073007718524 0.0172058641625733 0.00302419552545685 -0.00220631987410667 -0.00854545736514275 -0.00361593345475647 -0.0108931349165945 -0.0131081971568829 -0.00603592266391279 -0.0137744004308304 -0.00503154887932311 -0.00601361515743728 -0.00969167118424421 -0.00101224005791971 -0.00359396760738959 -0.00785035201682529 -0.00268418966456079 0.00406756461240637 -0.00442567802292945
0.0100881584485005 0.0157921348685579 0.0157878410225353 0.0187192173980366 0.0159590776742287 0.0113000203674718 0.00244463310893324 0.00298895015562582 0.00801749901009464 0.0228532919533276 0.00986988556770301 0.0208853928852449 0.0146006458399013 0.0235479316030527 0.0295246975777395 0.0356555001340207 0.0322537083583937 0.0270840700412853 0.0285206846250879 0.0355366669407922 0.0294457922630484 0.0250910539237183 0.0246612638007245 0.0169917111433209 0.0165699204055126 0.0259332511784388 0.0120836615010363 0.0210967189550056 0.0202962424798155 0.0155528941540012 0.0185082220393209 0.00984147730887211 0.0156871209768411 0.00896793195689084 -0.00705025751374504 -0.014559608139465 -0.0125720926719473 -0.0133242431345351 -0.00963624244805107 -0.0152880961813774 -0.0207249884530848 0.00345163646526735 -0.0112715899793178 -0.00844615863038788 -0.00959825422143607 0.00403334660247409 -0.0101390039614854 0.00111706474696119 -0.00823262714912274 -0.00635603787560814
0.0118759114537622 0.0115242377995702 0.0168250025722325 0.0217388241244923 0.0313818204578633 0.0137460969810663 0.020410237165003 0.00217316228089875 0.00947486817298611 0.0242876499641418 0.014721359053768 0.0169362764622523 0.0230564545649655 0.0251484938175338 0.0355536116917496 0.0358392493279187 0.0289361436359144 0.0276069382814373 0.0233707929026906 0.0259480425904822 0.0333047011214449 0.0282910086149922 0.0149409655343008 0.0235768023014369 0.0270829565961995 0.0245068452914714 0.0103773965097422 0.020443071162761 0.0122330950111194 0.023700924562152 0.0194064671462836 0.0114834436390327 0.0065627609939909 0.0081628988415772 -0.00943575889480463 -0.0128431627889318 -0.0107149653740638 -0.0239979064961649 -0.0160543995931315 -0.02121149171246 -0.0158630166606262 -0.0153180761734526 -0.0103489379329221 -0.0097669728317281 -0.010228229652658 -0.00666727571771024 -0.00446568523589979 -0.00331379748511098 -0.00116239299008961 -0.00826153978555741
0.0135626226376946 0.0231182310573836 0.0150372366259954 0.0323961374717064 0.0277429014265066 0.0427887427791934 0.0165204749338143 0.0150039663626169 0.0102917003550115 0.0121366765704791 0.0139268615864342 0.0160988674057413 0.0194684989389051 0.0284652652265264 0.0221173222638392 0.0280757823271016 0.0307016654737274 0.0209496117969787 0.0235403465007816 0.0233276574286698 0.0319963309039284 0.0302891216760677 0.0246576053003163 0.0243409636987889 0.0175200094174387 0.015559276718015 0.0161205034477331 0.0111515370969959 0.0101236270219454 0.0109824847638613 0.0154617717619719 0.0112147682131046 0.00424464283024555 -0.00889685306067559 -0.0048540963276249 -0.0191185625144742 -0.0176724453341486 -0.0209566901664581 -0.0181382810423601 -0.0127313303941315 -0.0247154242587132 -0.0172285692657925 -0.00479162415737114 -0.00897209993367306 -0.0051880538457594 -0.00815654263146803 -0.00447750251203305 -0.00466762546532483 -0.00653111383354082 -0.00395956876402997
0.0217093042597822 0.0293661756078748 0.023644347208792 0.033425025414441 0.0302172619056659 0.0412083039161036 0.0164150592674944 0.0165488231024723 0.0206865474240256 0.0273292409546085 0.0196626195102552 0.0187874772925867 0.021600049642666 0.0208130820122954 0.0303897457595083 0.0273135989448591 0.019741531128911 0.0210117319116799 0.0359201798766692 0.0236512845594774 0.0245310861161435 0.0215048879307244 0.0273357184183511 0.0226933058992227 0.00837444978062177 0.0181486082366633 0.0162605622719648 0.0174272912845315 0.0173920907936607 0.0144164715283667 0.0157278211809927 0.000721778630528549 0.00468083273394835 0.00385614779664942 -0.00367212866505029 -0.0113717086412615 -0.0134604147232571 -0.0181005032040499 -0.0229970393237022 -0.0154196148024655 -0.0219443715177518 -0.0243674293089059 -0.00765706960403553 -0.0187068055357357 -0.017492311288066 -0.016660695670063 -0.0110822167869458 -0.0177536036673878 -0.00987566085425921 -0.00807042045718661
0.00807091835403371 0.0189664487888166 0.015568919136508 0.0317847237983384 0.0317662969718661 0.0414608986571677 0.000335527691956883 0.00347596195802749 0.0198292757842082 0.0262093942019922 0.020243734843802 0.0109734679797562 0.0272402349815802 0.0229980120993788 0.022710917998749 0.02917109674891 0.0235679948346227 0.0211706768379743 0.0199936909192598 0.0186064122890545 0.0244542166876546 0.0251239056019175 0.0168097897689676 0.0289904034725368 0.0162001785709517 0.0187099185322823 0.0109954734971784 0.00839559550683888 0.00934694600615016 0.00664227548368244 0.00745090909023147 0.00784958169165039 -0.0033477326712644 -0.00476799108353229 -0.01149879438257 -0.00784684672625225 -0.0228452917178508 -0.020654700223141 -0.021924787978408 -0.0238096430930054 -0.0208413918146351 -0.0242260369100821 -0.00673005718206924 -0.0188740817486327 -0.0125020869892398 -0.0181091966368991 -0.0153288138045412 -0.0241847694763364 -0.014264911498069 -0.010413951842499
0.00877032117574754 0.0218132508536686 0.0281994012536444 0.0312018179585481 0.0352752054278407 0.0374552975611432 -0.00845506976115824 0.0106813170733898 0.0243396031705533 0.0264158431003068 0.022656002203273 0.0155426913261815 0.0267672160255163 0.0284792492113562 0.0230047581644324 0.0240397780448326 0.0279903264529959 0.0285453185461557 0.0174621290440375 0.0318974049275814 0.020219662125409 0.0149844552085098 0.0211129254710336 0.0220757028664362 0.0158832191595227 0.0228115657008984 0.0136582903156423 0.0108625307128993 0.00514073009685574 0.0117463936718555 -0.00290251820362919 0.00224173041912414 0.000385276333053139 -0.00610331038296976 -0.00866017372747066 -0.0181359686723025 -0.0211925705870934 -0.016005903873025 -0.0207626868777311 -0.0235691606647397 -0.0188084643778124 -0.0229655998308406 -0.0169300608975201 -0.013665025498995 -0.0165712802461516 -0.0282870827575509 -0.00725208916383243 -0.00686630310713678 -0.00753129602053223 -0.00514111041615585
0.000296394051123408 0.0140551973013553 0.0197066036217741 0.0313035610693034 0.0328534329732515 0.0314662389254171 -0.00900025187470166 0.01277825058445 0.0404556346405898 0.0126585358099702 0.0177345707044112 0.0260432579503701 0.0326013087496127 0.0295381026162661 0.0224642031168923 0.0271342074006981 0.0298257388036925 0.0222902341690982 0.0248770314809845 0.0234581050535159 0.0177374399075194 0.0224216478441941 0.0281108651486411 0.0136550930476067 0.0148420876424028 0.0132922576764821 0.012138026746604 0.0126131216517412 0.0101561055418083 0.0129852788636689 0.0111327905197683 -0.00489637837744059 0.00305622505059115 -0.0151081881279304 -0.00653524788151165 -0.0136755864725941 -0.0164386229594374 -0.0132889075246254 -0.0154825737179216 -0.0214325689811913 -0.0305596365204193 -0.0239010213427693 -0.018707647508767 -0.0101459359717162 -0.0282477407668939 -0.0246958732341418 -0.0152298082176691 -0.0211703507791341 -0.0143908859710618 -0.00520409168543398
-0.00678505921970099 0.00869066848711031 0.0135696803246908 0.0357335233997816 0.0256706256290212 0.00679457485671621 0.00732698446422803 0.0446737171906323 0.0461890903243526 0.0179566673936876 0.0222676068186196 0.0285972760824603 0.0199109991530778 0.0323029850046177 0.0282671433156447 0.0208959119841484 0.0228191899770424 0.0181252001736261 0.0172395232510348 0.0253764894557072 0.0204817767639324 0.0151405231835364 0.0165861226107755 0.0150799128777032 0.008397919678211 0.0152442815344562 0.0164087151762084 0.000746369294640281 0.00161008120230069 -0.000675021596951368 0.0123641667077951 -0.00276884024897897 -0.00224476495432433 -0.00682073085946791 -0.0132758758492852 -0.0152423552579923 -0.0174809773587727 -0.0235933346182062 -0.0217614685529808 -0.0223668537208984 -0.0156678398115588 -0.0226918372399861 -0.0194014648904641 -0.0238753112198776 -0.0198499827217486 -0.0186373016875074 -0.0228282062588054 -0.0237313767441425 -0.0193153989714128 -0.0127262096444944
-0.0333205956735815 0.00450538704088623 0.00690626166834397 0.0158680375722488 0.00860136628980965 0.00547510546275202 0.0282271259902775 0.0433432794080973 0.0371721883985112 0.0257462510433435 0.0358390927044886 0.0279120207879537 0.0245510292732105 0.0271992947323701 0.0286994928773222 0.0298635605332476 0.023515096768541 0.0176546857337127 0.0135947991675322 0.0107408334293718 0.0184470921504753 0.00553507791645582 0.0289029596490003 0.0136346305927308 0.0105384480353858 0.00210648056762917 0.0116062166563789 0.00968585986728322 0.0111859639059135 0.0113011443946483 -0.00365033321949532 0.00446172730031216 0.000456785231213746 -0.00644793352220611 -0.00943040513224076 -0.0125719428104022 -0.0282100817143532 -0.0176776581828934 -0.0117709177002346 -0.021330618003542 -0.0227816923948522 -0.0196865247697995 -0.0207087472485108 -0.0193557154379849 -0.0208660204467383 -0.0153246641375366 -0.0234378239992239 -0.0253036819379878 -0.0107104763868126 -0.01500660802081
-0.0356878358770949 0.00548954513224026 0.00869058348628035 0.0187558854404121 0.0293573099064914 0.0323473234977817 0.0453601422699205 0.0430477470523089 0.0391812045026091 0.0159871319898537 0.0298049210292806 0.0180731552566753 0.0207402986825785 0.0286592353651992 0.0159406368154283 0.0176513423574049 0.0187891088953193 0.026823424071356 0.024541951331169 0.0191637753532468 0.0174990795103254 0.0165780940054519 0.0132007932987033 0.0100893831813085 0.0110089987203362 0.00806728261092505 0.0150781810934421 0.00118497351669457 0.00478409768066482 -0.00187641547650954 0.000410880996813237 -0.00305258597120125 -6.62554776887283e-05 -0.00688374194266954 -0.0124845944654258 -0.0138496762154216 -0.0242213847263216 -0.0199964482811376 -0.00907212498208889 -0.0226402843912159 -0.0221214604126114 -0.0264279838166023 -0.0354594589031062 -0.0224583562318123 -0.0241667354097345 -0.0280751586410645 -0.0260014067160794 -0.0193958430074465 -0.0182327716544235 -0.0156316323540737
-0.0180847277689914 -0.00590998642111692 0.0139284005758913 0.0350469931113998 0.0315690099664026 0.0341926754411292 0.0472002225137643 0.0366315706018666 0.0391420460703109 0.0340455692298425 0.0339799580422055 0.0299568636991176 0.0259381117104137 0.0197681978623404 0.0303929423725454 0.016551837585669 0.0257270809672464 0.022514953005639 0.0150195786062044 0.0206147775079655 0.0124825542051787 0.0067328506414172 0.00881828073886147 0.00960768995657246 0.00683637357731569 0.016583858257831 0.0039825695370149 0.00127282967290115 0.00173507752156016 0.00126275937309045 0.00857943935891992 -0.00665757661531877 -0.0129002788703998 -0.00794614757825218 -0.00739275871575069 -0.00937289197617964 -0.0228666113365111 -0.0287680191095889 -0.0200201633625907 -0.0251017400312825 -0.0213433330028319 -0.0260468537604121 -0.0326833487757024 -0.0268104666541721 -0.0189003647483236 -0.015655914762873 -0.0206793954922228 -0.0191096380310844 -0.014404129410448 -0.0123714314505722
-0.00674777266861186 -0.00527873759277723 0.0290808097358343 0.0345316524861889 0.0336278164541194 0.0371674860801832 0.0415391697759091 0.0450235820827116 0.0377146888514316 0.0267270866813097 0.0228955383106185 0.0280323228371003 0.0218519703387516 0.0271597847341017 0.0152436795561519 0.0174104481590837 0.0109999174416732 0.0181440750620995 0.0151320026170916 0.0066607280891425 0.00583071231025698 0.00618104468561838 0.000403589119930187 0.00659458923568546 0.0095461103538496 0.0164340450975538 0.00626290501013927 0.00570958161145311 0.0014773198431836 0.00198050882276481 0.00974510391051055 0.00054746756568654 0.0028477173494448 -0.00206634452864116 -0.00652706516276822 -0.0196492464965059 -0.00853849472147787 -0.0232980181811622 -0.030097284718711 -0.0232563993267288 -0.0313405115101437 -0.0242250897249112 -0.0347798471847592 -0.0248234239826504 -0.0266431157203635 -0.023016705897842 -0.0175058922287182 -0.0252947328660316 -0.0180433859920543 -0.0194746073428705
-0.0109035145177888 0.0108826021714196 0.0241662188858464 0.0384844889352072 0.0303541932039528 0.0377022742478686 0.0468162840138598 0.0393609749653373 0.0358918188425682 0.031617340498503 0.0250528077570687 0.0246115337274182 0.0207951793263511 0.0184422787428036 0.0120053486082835 0.00982453858413767 0.0157492685969034 0.0068235260654448 0.00611208546446653 0.0134737521275851 0.0102916463873478 -0.00129551083576781 0.00932035875976644 0.00894698558271351 0.00826386213424412 0.00674122931333919 0.00734666561857818 -0.00567531848001942 0.00195333430996884 0.000760085124369904 -0.000358512616574675 0.00201373521953286 -0.00460317861558346 -0.004980156309477 -0.00223634849746746 -0.0155496139299065 -0.0191534210935048 -0.0124109750839599 -0.0288890570775659 -0.0355509797077816 -0.0296138163575232 -0.0325402591705858 -0.0356093864207534 -0.024666252959164 -0.0179343312612937 -0.0226979571099163 -0.0225095821095039 -0.0153174306767056 -0.0144305468527487 -0.014704483440734
-0.0157671187616411 0.0101349253233736 0.0273911080909675 0.0300987719201062 0.0321459982499097 0.0399076725163868 0.0400667652396943 0.0316010499507011 0.0334007971911604 0.0323668453153927 0.022357033884276 0.0286847238552218 0.0201452041298831 0.0202342861079941 0.0140665088804521 0.0145585447075147 0.00786583547671703 0.00524034613841967 0.00552567883020046 0.00241014687516964 -0.00897187344685943 -0.00439678003545087 -0.00384750387296922 0.0119360960287481 0.00388495585062759 0.0076691557788253 0.00863390353393728 -0.00771677812210446 -0.0064565616552185 0.00778433293768735 0.00667631716393419 -0.00402867657380449 -0.00163667516938837 0.00251671459615828 -0.00649325972801965 -0.0122543617612777 -0.0168908963525614 -0.0164151195881703 -0.0259229745978394 -0.0212635132871855 -0.0226757143079837 -0.0399211969550718 -0.0275245923025241 -0.0194504991501174 -0.0287000220782029 -0.020514956227459 -0.0137740994246381 -0.0200228140108942 -0.0246935697769003 -0.0162110179261585
