data/pcas/pcas_can_126/pca_referenceLayers_can_126/PC18.asc
NCOLS 494 
NROWS 529 
XLLCORNER -117.166666666667 
YLLCORNER -55.5 
CELLSIZE 0.166666666666667 
NODATA_value -3.4e+38 
[rows 220 to 241 of 529, columns 300 to 349 of 494]
0.0199998142836372 0.0122138947868346 0.0216488500409897 0.00479161272742674 0.0137731427709802 0.0149271575388754 0.00697873938745369 0.00633329039963214 0.0108826535856029 0.00580469638030268 0.0050857151757944 0.0056177968328829 0.00629250319489213 0.002135174964001 0.00249509808188031 0.00354859665359232 0.00257489925340675 0.00259240869781459 0.00226471412983205 0.000932938038403818 -0.00967221614830071 -0.000296826126787603 -0.0137933774846783 -0.0141558230413056 -0.00770769365316224 -0.00798490829680172 -0.00622868480403039 -0.00904994433447168 -0.0116743604556179 -0.0096550068044757 -0.00873728987538799 -0.00541529481805731 0.000491252885062486 0.00131330700451002 -0.0104492711220275 -0.000996875114797871 -0.00377222175874872 -0.00648972085596658 -0.00565536273276307 -0.00597071353352869 -0.00997623541860513 -0.0108912384378585 -0.0124116365829213 -0.0129907873020859 -0.0149257520466497 -0.00713783198590799 -0.01667531840982 -0.0123158481854499 -0.0142416441968639 -0.0148249397986922
0.0203670352502956 0.0235392732467216 0.0217863861842585 0.0145899972658819 0.0127662755749046 0.0152828747181927 0.00572498666805414 0.00746070415482209 0.0106758121673201 0.0106479534170338 0.0045792734958733 0.00553543043657656 0.00499670166305181 0.00726625397112458 0.00775088313431675 0.000376665631134156 0.000900501034435009 0.00113728340619262 -0.000927458834630457 -0.000904425524274656 -0.0100422091857225 -0.00518829205812171 -0.0113122440931917 -0.00200005983333204 -0.0100277980332078 -0.0100290256338852 -0.0110545807030472 -0.00290319061865255 -0.00925231365807153 0.00022753976343047 -0.00826987196548179 -0.00707526135211515 0.00106125118979781 -0.00848646401202179 -0.00139982618754049 -0.0102937132139086 -0.00307476579963427 -0.00764917248112651 -0.00803941888194007 -0.0099431918976409 -0.00790777139704307 -0.0103119083585844 -0.011515220063306 -0.00521320003314309 -0.012505245412802 -0.0155986389372338 -0.0156567780594364 -0.0160632289859967 -0.0198019746082485 -0.0186059844312332
0.0203719203333598 0.0202770909520332 0.0216456354879075 0.0183130593875276 0.0133393907677638 0.0134680268026275 0.0161365764612259 0.0179269061747292 0.0143628717792797 0.00487581080902693 0.00791737311532065 0.0134168649122331 0.0123315297045089 0.00448435098308908 0.00574351937437124 0.00639544132944257 0.00180339187258221 -0.00266557614885713 -0.00459970966607321 -0.00307629913536142 -0.00184301182871264 -0.00603882401114024 -0.00787995673428164 -0.00609757113580618 -0.0122879437065342 -0.00541970755866571 -0.00307057721983164 -0.00977653693550625 -0.00524147290658425 -0.00304932909638617 0.00208289489741934 0.000933204249611095 0.00159762733528275 0.000954083295882434 -0.0059207381015861 -0.00394820666484435 -0.00874974790986762 -0.0078213510407889 -0.00989957501470022 -0.00878557061772929 -0.0106996331732481 -0.0148866186338929 -0.0130592274768153 -0.0153939107437116 -0.0152565749155362 -0.0182678825827461 -0.0211517750995256 -0.0178451104681172 -0.0216942306598681 -0.0191944539726857
0.0283372671055126 0.0178303005799365 0.0247230404183112 0.0238939095713443 0.0183722203519406 0.0207984851120615 0.0118850956140181 0.0102865957447517 0.0124891127286029 0.014411987239025 0.00748056612466288 0.00725396190336651 0.00157506088444616 0.0110311565925129 0.00278467721714109 0.000414889325693131 0.00277830794581619 -0.00379785301010333 0.00190473738031892 -0.00319630965215451 -0.00673118252971205 -0.00571068187670472 -0.00889337346163841 0.00110176415396516 -0.00674209850109248 -0.0123678537136454 -0.00702243926392687 -0.0054574259387597 0.00173354465380346 -0.00345209875556388 -0.00158335030135433 0.00590176382191844 -0.00196947601599065 -0.00148543131191564 -0.00487161303039444 -0.00748512199235264 -0.00661876470111585 -0.0116121002648314 -0.012176172864028 -0.00853966353884095 -0.0130278324406535 -0.0121409518619687 -0.0167631622088116 -0.00864342056367304 -0.0161626056115296 -0.0160511935529612 -0.018246913124134 -0.0170195326282132 -0.0207606869754537 -0.0168488300267851
0.0230836056050271 0.0222253016868119 0.0228256473424046 0.0236927159002043 0.0168854629753404 0.0245944221718661 0.0171311484805999 0.00957545357198827 0.012605465816681 0.00528721643860141 0.0029556972003731 0.00651919917552518 0.00731675722180141 0.00860834396427428 0.00175243556132911 0.00323542052582884 0.00142853664698404 0.00126012907097648 -0.00129473298356743 -0.00116204462174477 -0.00212179995104598 -0.0089540425826801 -0.00749066907640942 -0.0070254639364732 -0.00807932176662269 -0.0120605462258176 -0.00090850489022969 -0.00679940384199406 -0.00093282207962959 -0.00732160349982915 0.0024492326780582 0.0030901864232679 -0.00414066254548073 -0.00707197861085186 -0.0114228593042376 -0.00872538055545265 -0.0111335996435304 -0.0121910388044618 -0.0133528970238323 -0.0127025234782077 -0.0103031688530619 -0.0129634169364685 -0.00802830371528381 -0.0104214507940506 -0.020813780924594 -0.0196116746758251 -0.0212997780191872 -0.016361777985411 -0.0177538943437749 -0.00874748720034716
0.0211245114034864 0.0240410286482548 0.0196126956506675 0.0222822751087905 0.0166260365137541 0.0232781494289983 0.015668005642348 0.0175127692002126 0.00816773973947035 0.0107057928072441 0.0115044907285205 0.00243360403620409 0.00733830914287816 0.012224665231689 0.00655806667257139 0.00213054063839743 -0.00124697069277346 -0.00315461911903113 -0.00300851726690231 -0.00484962978598667 -0.00477164480105051 -0.000893383067450439 -0.000540246705715355 -0.00879467590111014 -0.00877959675389789 -0.00337154152580482 0.00336171784833108 -0.00334076988164828 -0.00277529078434867 -0.00833370163917006 0.00231136229007777 -0.00619884256168486 0.00237657766132065 -0.00747268666028727 -0.010496768565532 -0.00456941211413573 -0.000473651652441929 -0.0102534004920378 -0.0112793298378588 -0.00616197458090932 -0.0173783816010513 -0.0175972422214969 -0.0182963547605149 -0.0159451646481087 -0.0169884235224928 -0.010367013187949 -0.0183695128036011 -0.0164769943003229 -0.0207197503772896 -0.0144861287548323
0.0235231319443665 0.0216766100908654 0.0120284079589614 0.0120671109377947 0.0208657422971933 0.0161753329487003 0.014493587732338 0.010508451889307 0.00921622379779952 0.0130440371992517 0.010314080016963 0.00943517378653387 0.00189181885670784 0.0094219510351714 0.0110185778843782 0.00536715122312104 0.00321073063965091 -0.00131204805492845 -0.00308210606390095 -0.00208516758756418 -0.00266305994715942 0.0048213353602917 -0.00563418065604471 -0.00356225760145364 -0.00138794854437236 -0.00606890912446503 0.000839409960735463 -0.00226355453988898 -0.00550652350567655 -0.00497528447694135 -0.00149441075231223 -0.00885862332015934 -0.00101909135749876 -0.00427596920757185 -0.00437475844639171 -0.00690336095157198 -0.0120666579047339 -0.0135076484959185 -0.0142472841041667 -0.0147652208228528 -0.0163159938965964 -0.013599926682173 -0.0188523217809768 -0.0161124403382488 -0.0190637790443391 -0.025442117850751 -0.0148888110080057 -0.0166481370551335 -0.0161639425636658 -0.0126286734912624
0.0138425584139051 0.0126530132314818 0.018923812043308 0.0216687895425184 0.0221410038542935 0.0255978814396098 0.01585232436539 0.0176208640177481 0.00785103170704552 0.0107891673689083 0.0162515817173814 0.00715179236958461 0.00983431478989678 0.00308425563443042 0.0125021295626082 0.0129971852906205 0.00124243252327145 0.0055148728996314 0.00189540815582674 0.00430401384867787 0.00312844879294016 0.00206855675446937 0.00112831137713728 0.00462183085072936 -0.000603258970112751 -0.00111962787746917 -0.00774710060851295 -0.00401960532297304 0.00437650302654795 0.00512907856952936 -0.00131848000465832 -0.00324501660208139 -0.0103924261002257 -0.00734499414841984 -0.00830201494106651 -0.00693685028300553 -0.0174755334176378 -0.015181327089649 -0.00654730795505135 -0.0170400743396857 -0.0146337753419097 -0.0177594935618741 -0.0199934825301947 -0.0172658959783293 -0.0203004237496678 -0.0157091287931339 -0.0157292468767396 -0.0163458374879704 -0.00861637682254333 -0.0141692079795643
0.0111227319115073 0.0214336715536365 0.012359675011311 0.0212104864015997 0.0165408402556107 0.0136806157250399 0.0154250126947067 0.0170150426085201 0.0150130413147589 0.00951749093274215 0.0100236388381364 0.00915445844227495 0.00668010342836408 0.00597623426383932 0.00967091954021464 0.0100293830369331 0.000835005857974232 0.000117490075436122 0.000276822380908913 -0.00161349921258614 0.00207512425237961 0.00277219760771443 -0.000338394568810734 0.0090946542193142 0.00136201624523278 -0.000334097742946079 -0.00203363572079436 -0.00665144965728558 -0.00447864512384804 0.00199293338146499 0.00358998170713817 -0.00196978300741374 -0.00432301903441459 -0.00888683359553566 -0.00550983953091403 -0.00918928995178401 -0.0174955896598731 -0.0110456524487847 -0.0175658129195575 -0.01942403781 -0.0192658321640168 -0.0110085726153364 -0.00974557567163657 -0.0179952599938092 -0.0195608204087796 -0.0208528544039207 -0.0185962299239823 -0.0179673585794921 -0.00862122318150607 -0.0123412185132964
0.0112991433126762 0.020315479813768 0.0122313710383025 0.0134340618573857 0.0144990043012003 0.0150071039621155 0.0164829678910749 0.0164976125064702 0.0130445615159915 0.0051494803284532 0.0171565338418416 0.0185096049913254 0.00968585012696121 0.0070877103996051 0.011335427514156 0.00925426956853347 0.0073576573617845 0.00376643691202704 -0.000497776090450746 0.00855712772830048 0.00927584026428166 7.66427578920534e-05 -0.00071775867967634 0.00666769297580449 0.00804841459206586 0.00139978036894911 -0.000614979808448871 -0.00217204021619318 0.000663766162341567 0.000117624034208086 0.00292430276313308 -0.0100658157668615 -0.0103347936266528 -0.00769591299633382 -0.0122640756791068 -0.0142372765134252 -0.0101466921297812 -0.0183310960898221 -0.015982235035568 -0.0184259263322135 -0.0193213409895954 -0.0165352141439515 -0.0169733836931688 -0.0169775351046563 -0.0191943770484093 -0.0187029111085127 -0.0265243018779648 -0.0152984612978778 -0.01555461484448 -0.0200429749324747
0.0139577766044816 0.0106838276514855 0.0142365810361949 0.0211491907312091 0.014538577320408 0.0203638483952223 0.0121965823932681 0.00825124282974898 0.014200328315425 0.0140670349366569 0.0111353389781127 0.00529179847248118 0.00682259617738 0.00781617293376332 0.0076695037651121 0.00991660072189369 0.00772144455110018 0.00562148611597321 0.00637547725222893 0.0076287277553644 0.00798786886603312 0.00573029252778029 -0.000536717348003749 0.00545228168852302 -0.000483429771353376 0.00577295649024401 -0.00208140768377712 -0.000303144768881125 -0.000383424528785888 -0.00152203408397007 3.02030417393032e-05 -0.0114340147460589 -0.00236323494340332 -0.00429062874539307 -0.0209809420291065 -0.014581478542322 -0.0146345987405815 -0.015725329236514 -0.010678456392927 -0.0239145614844547 -0.011444121375006 -0.0146444750621811 -0.0198949636193912 -0.0183768022100872 -0.0252072815171161 -0.0160011423869572 -0.0163606856245732 -0.026771547251731 -0.0253609251405974 -0.0145575397589682
0.0128891582384235 0.013515786608358 0.0129365480419547 0.0113949703013119 0.0156531942355832 0.0121176952967347 0.0133973487244727 0.01337694594022 0.0160470707511758 0.0118588168190069 0.0126173224444198 0.0101761791500515 0.0135729283261508 0.00365047715803698 0.0127447376270912 0.00991424261750363 0.00842321282149495 0.00853406168991471 0.00346632430720531 0.00511433742135643 0.00926500909051182 0.00656731077879888 0.00843316687222534 -0.00333425713301628 0.00681812518797509 -0.00153125907564754 0.00103356166826522 -0.00318951219476334 0.000830973607839239 0.000383156088064545 -0.00405665808565081 -0.00264996480956125 -0.00322247225555378 -0.00735622598292262 -0.00577823874973363 -0.022199502383087 -0.0146347363918385 -0.0137505245827208 -0.0130701785069827 -0.0211041944797555 -0.0111027848350751 -0.0194923376631465 -0.0106025274403934 -0.00960078209103586 -0.0162534569776791 -0.0156577619237699 -0.0149218455391006 -0.014395682244836 -0.0240986779690426 -0.0197314901625803
0.0124441081988153 0.0149362474078605 0.00686330940584392 0.0135697456713907 0.0142743765300103 0.0150944238541072 0.00970679044170611 0.00489172526073233 0.00392938637732284 0.0135224671126857 0.00219084571053263 0.01185869154165 0.0032138525963766 0.0132172864861644 0.00703516481618796 0.00758696296804119 0.0130885428785275 0.0041462962536515 0.00957155057894957 0.00608455817714142 0.00822389614153289 0.0061089706250715 0.00914080247285351 0.000190872948251699 -0.00330650475088979 -0.00131532640216822 0.00431621511577799 -0.000722091036768027 0.00345136118652275 -0.0026789431893253 -0.00564615391447965 -0.012992175416989 -0.0132406432559952 -0.00531181096802911 -0.0138914055957165 -0.0187082182478381 -0.0135610110369005 -0.0214030172884213 -0.0137584159189911 -0.0158163322110336 -0.0142106947689638 -0.0173271293677179 -0.0172428074465963 -0.0155338888471469 -0.0157723418783804 -0.0137228861571935 -0.0151070193842329 -0.0125938474490831 -0.0145491490022257 -0.0169970633480591
0.0177403679267214 0.0157490896296797 0.00715109591315091 0.0135969108267814 0.00831327940703411 0.0116120244893278 0.0122588533298934 0.0136691577478137 0.0127547956350886 0.0150758370695475 0.00470275862848125 0.0124085906211615 0.0142483427299221 -0.000412716207969867 0.00702452091464683 0.00638227701062167 0.0140357711815863 0.00537394595048296 0.00510597341482975 0.00597831419358678 0.00822375166396586 0.00814442358942384 0.00664755571780958 -0.000568305279026022 -0.000606390536554904 0.00540368839951009 0.00173137469829512 0.00487107483267837 -0.00539855662464464 -0.011469432869986 -0.00586038919575684 -0.00278683237956408 -0.00406791398738379 -0.00928950807651232 -0.0166342555097069 -0.00739446274539461 -0.0162039978686232 -0.0126490075759269 -0.0167835490178031 -0.021131224033805 -0.0185927992323805 -0.0114793652766234 -0.0178597157146807 -0.0181711492998689 -0.0152829457775655 -0.0228538774653574 -0.0184963515014033 -0.0225226171108129 -0.0173136003993493 -0.0179498472081228
0.00748604821064391 0.0155621519783167 0.0157867559106062 0.0145109997087661 0.0115807412844383 0.0138180886179002 0.0123566436684641 0.0128411716884346 0.0139107246520569 0.0103125843691344 0.00824419913199634 0.00188612202105789 0.0106301310244465 0.010277126287944 0.0142963155884338 0.0156403641315832 0.00578983297684988 0.0118105702794483 0.00452945969801636 0.00208874286620564 0.00326694348040204 0.00639945095295799 0.00680674746289784 -0.00133183896757176 0.00744820326213207 -0.00209241632082713 -0.00459520158624457 -0.00272664764864652 0.00290433561874958 -0.00459229643099745 -0.00482757440790728 -0.0161718288231717 -0.00757883434550529 -0.0165548624760765 -0.0184903889023974 -0.0159096358953487 -0.0172276201491953 -0.0152577931889716 -0.0157008098950543 -0.0136101168791844 -0.0112709690767962 -0.0170149675658094 -0.0148841722637471 -0.0147140189631686 -0.0226050124633637 -0.0190997655883403 -0.0125535003493324 -0.0209689136921178 -0.0198012000081031 -0.0147063093759483
0.00851897499376145 0.00807191828027622 0.00660441239466662 0.012998534282904 0.0162870892330881 0.00696665266946574 0.0144967023292257 0.0121386055869335 0.0091125612843977 0.0106238199742315 0.00886903749577354 0.0111695498332203 -0.00109820119110002 0.00272561302478477 0.00143806493135266 0.00839325991869839 0.0117164714580055 0.00190072190938801 0.0031791519039389 0.00505189168434913 0.00647704984350411 -0.000644225871897712 0.00909554979560785 -0.00166879130646898 -0.00167598237120323 0.00496247214563377 -0.00331787123586329 -0.00158277303742961 -0.00461711865150593 -0.000144004585613984 -0.00800933964006887 -0.0021617318180423 -0.00977418104575275 -0.0190657806525683 -0.00883358739626407 -0.0172107883250675 -0.0178047438737197 -0.0166640162052151 -0.0150650608381782 -0.0107237272005793 -0.0191818185553213 -0.0179941366716565 -0.0145364749000747 -0.0124174402337212 -0.0234102984575139 -0.0134326968854995 -0.0180479506031378 -0.0160881577399242 -0.0202691514474596 -0.0138593136483516
0.00983549328525752 0.0178062141088516 0.00928909149796331 0.0144184036487243 0.00887482963344608 0.0063268278138988 0.014832421462773 0.00423180409017015 0.00158077564252083 -0.000243315627634294 0.00944856096406439 0.000956786924718753 0.00612684434866875 0.00109088637907967 0.00192437263333833 0.00080992117964953 0.0071059800177702 0.00183919782171269 0.011610800998348 0.00987653634252619 0.0027222004110286 0.00189053049518933 -0.00354932989442968 -0.00326019833100766 0.000597454522555067 0.00596788252853584 -0.00516645919830225 0.00490570636836274 -0.00505312137647922 -0.00549196933542639 -0.000253896056815135 -0.00978839093258834 -0.0182102020104942 -0.0109391910624322 -0.0105793810777033 -0.0210522361122554 -0.0177838942225009 -0.015530842006444 -0.0167608499059623 -0.0221155590617587 -0.0114949186952174 -0.0205173997895737 -0.0149038758557359 -0.0135351454500348 -0.0221605957054673 -0.0111150242103508 -0.0191430473548338 -0.0242106092320435 -0.00795299096099846 -0.0204317589553482
0.0208570979765327 0.0104372942503914 0.010346308529755 0.00834939432097832 0.0104272497880176 0.015160652223143 0.013039152617946 0.0116311061193282 0.00225447234510781 0.00478739680017785 0.00163090295878861 0.00843187943955481 0.000513956371989309 -0.000524274566272777 -9.72500941904964e-05 0.00530915962783664 0.00476384868941749 0.00066161236768966 -0.00171502653058595 0.000122782384154386 0.00387089021088315 0.00520570826875971 -0.00311867746792044 -0.00304967852119194 -0.0027648377997089 -0.0112305912768539 -0.00134763763373582 -0.00565671195408171 -0.00682006026045412 -0.00690782863075692 -0.00187160576793886 -0.0115930444443062 -0.0122732431557676 -0.0066639996593566 -0.0116790582100386 -0.0195969663250003 -0.0215767995148394 -0.0176689763565906 -0.0159690186919772 -0.0135472925348749 -0.0142440045394734 -0.0100929272734632 -0.0165089565181863 -0.0117878954437452 -0.0204123360953177 -0.0182838001832815 -0.0255205780192283 -0.0219909448650803 -0.0138398926487687 -0.0162272918623545
0.0141692074049499 0.0232490664269964 0.0114716947126653 0.0104830508647506 0.0082538260176429 0.0106825598254449 0.00574216186079604 0.0104193139170415 0.0126080046898702 0.00278695613822775 0.012554431739212 0.00256019617062384 0.00754104092354174 -0.00111379988655991 0.00633347390536592 -0.000916548079496219 -0.00356854061374978 -0.000198794877770442 0.00139408661767275 -0.000358245003078753 -0.00655113607204948 0.000969331490116677 0.00348685243346886 -0.00222003313337146 -0.00993249688985365 -0.00143498451981434 -0.0113542353411143 -0.00568099630972666 -0.00508766446833429 -0.00735869930918569 -0.00190885756710376 -0.00959385200550695 -0.00515412436302147 -0.0123330455160525 -0.0153914056689305 -0.0223674416372507 -0.0145565692847646 -0.0202912958365037 -0.0198026790753703 -0.0173028318843591 -0.0229813696242595 -0.0108818657881111 -0.0176817629545255 -0.0127902126457595 -0.0118951759360392 -0.0100313156553087 -0.0180970705251615 -0.0201083444558994 -0.0182668169700271 -0.0137856841480535
0.0216141528219419 0.0204397458195436 0.0197988981093138 0.0100312300730554 0.017234119922612 0.0183529849486754 0.00912888141283741 0.00856394588392155 0.0112161172024842 0.00706634408440988 0.00497808120096161 0.00274730656595197 -0.000606056733882245 0.00289575393964238 0.00980347853558463 0.00748212071628813 0.000250477840345587 0.00128125934710623 -0.00515572663393668 0.001904973829577 0.00363064283283135 -0.00514870465436907 -0.0037131134082608 0.00110252048741205 -0.0086441027426194 0.000782177132771297 -0.00374388347598481 -0.00602815115354405 0.00217901500683121 -0.00620610565016186 -0.00194040290074789 -0.00676562370221324 -0.0126550695390626 -0.00890956251172836 -0.0165122770893482 -0.0143695793407234 -0.0135097036261771 -0.0155811482091617 -0.0234812165301763 -0.0103735340574221 -0.0208761852674509 -0.0173262043220807 -0.0167177877239041 -0.0200516523080372 -0.0160036818299585 -0.00791172105185482 -0.0174959650554591 -0.0152247223018172 -0.0149660308612098 -0.019035143724976
0.0249092648549448 0.014202820296794 0.0175527112394328 0.020657184551944 0.00945706631038577 0.0179188502470817 0.010030797524001 0.00768341151489656 0.0141174924685707 0.00619876707899502 0.00358974928047715 0.0087979108854305 0.0113241431254114 0.00953661371696707 0.00753430668368363 0.00229192301341469 0.0101544251170367 -0.00148177673512237 0.00168617122838431 -0.00829357710466432 -0.00507719926584149 -0.00432113446092569 0.000654475476557586 -0.00186655658773811 -0.00610396746013447 -0.000432097616211115 -0.00151766001812443 -0.00213394413276564 0.00198600298701372 -0.00883257733910079 -0.00501286593976271 -0.00704190173905808 -0.0060464383649343 -0.017429957779418 -0.0095795026877059 -0.0116550106551035 -0.0212475357757861 -0.0166935307318541 -0.014429894017043 -0.0170647383180189 -0.0248721705226671 -0.0194154817134158 -0.0105377552311402 -0.0202518726901722 -0.0163503257800382 -0.0140554824711354 -0.0148096820967454 -0.0139656255013796 -0.0127408102402879 -0.0166650263704322
0.0126034819577948 0.0134424426943242 0.0217718806983628 0.0199536101616269 0.00908059943447257 0.0179847539020119 0.0211820728314745 0.007075424822808 0.0172838548811889 0.00728164483673289 0.0141611773314505 0.00434950038667554 0.00462260981465389 0.00402839747097511 0.00282756389098235 0.00939889051382216 0.000985097713866061 0.000181700734660664 0.00357625370850849 0.00314497787458635 0.00254642075464718 0.00481249274753535 0.00541565014562171 0.00146872821807359 -0.00582516520340993 -0.00686658431655306 -0.000295422303030815 -0.00360294353515154 0.00217057129969904 -0.00153696537036966 -0.00497101184644476 -0.0087055544971978 -0.0129880977887769 -0.0119066895249363 -0.00987507901374978 -0.00579287167430897 -0.0126288755771681 -0.0110574677938969 -0.0181245625444769 -0.010609384229872 -0.0110853555862771 -0.016210667429791 -0.0171085524479296 -0.0164222272126934 -0.0129040116511091 -0.0201309758086464 -0.0214706348543837 -0.0116321304115539 -0.00865523666978713 -0.0211460849958748
