data/pcas/pcas_can_126/pca_referenceLayers_can_126/PC18.asc
NCOLS 494 
NROWS 529 
XLLCORNER -117.166666666667 
YLLCORNER -55.5 
CELLSIZE 0.166666666666667 
NODATA_value -3.4e+38 
[rows 66 to 87 of 529, columns 50 to 99 of 494]
-3.4e+38 -3.4e+38 -3.4e+38 -3.4e+38 -3.4e+38 -3.4e+38 -3.4e+38 -3.4e+38 -3.4e+38 -3.4e+38 -3.4e+38 -3.4e+38 -3.4e+38 -3.4e+38 -3.4e+38 -3.4e+38 -3.4e+38 -3.4e+38 -3.4e+38 -3.4e+38 -3.4e+38 0.0264052296811317 0.0234165849610476 0.0144348638231916 0.0153736931241746 -0.00215006360515922 1.84681798238057e-05 -0.00881368706825343 -0.0118295431993215 -0.0148546189310926 -0.0152712105124755 -0.00223113711571618 0.000493262276033066 -0.00192876493247311 -0.00156961456712431 0.00182467193148713 -0.00431501174974292 0.00105062981342776 -0.00378453475551055 -0.0129504216967191 -0.00547674209290375 -0.000789091982612622 -0.00123743857667804 -0.00341197875829774 -0.0101175719138121 -0.00496917242362556 -0.00490121481854373 -0.00332685179486863 -0.00888697134838893 -0.00124226123478202
-3.4e+38 -3.4e+38 -3.4e+38 -3.4e+38 -3.4e+38 -3.4e+38 -3.4e+38 -3.4e+38 -3.4e+38 -3.4e+38 -3.4e+38 -3.4e+38 -3.4e+38 -3.4e+38 -3.4e+38 -3.4e+38 -3.4e+38 -3.4e+38 -3.4e+38 -3.4e+38 -3.4e+38 -3.4e+38 0.0132644212829303 0.00594561138269885 0.00814023703249048 0.00455096174622697 -0.00884525613873539 -0.00415035468467804 -0.00217926067337977 -0.0193898668491751 -0.0103588531434123 -0.00293286408805273 -0.00597701634998074 -0.00300030572401614 -0.00534108400257042 -0.00390261763345575 0.00229317863823505 -0.0061802434232211 -0.000809817213503326 0.00257515131155636 -0.00519735971375191 0.00197627321769281 -0.000744783003801317 -0.00202465719098467 -0.00175556560528198 -0.00978411071635909 -0.0106026092311561 -0.0167883025993582 -0.00240893336537911 -0.00668584286581056
-3.4e+38 -3.4e+38 -3.4e+38 -3.4e+38 -3.4e+38 -3.4e+38 -3.4e+38 -3.4e+38 -3.4e+38 -3.4e+38 -3.4e+38 -3.4e+38 -3.4e+38 -3.4e+38 -3.4e+38 -3.4e+38 -3.4e+38 -3.4e+38 -3.4e+38 -3.4e+38 -3.4e+38 -3.4e+38 0.0118994518775525 0.0166099187095303 0.0160044662589363 0.00405571369101286 -0.00432970332799613 -0.00357306902423242 -0.00634926678459395 -0.00892388617455435 -0.00271684032674222 -0.0104529552354753 -0.00494948145348668 -0.0117671042822264 -0.00638559603598731 -0.00230126550570926 -0.00104305241379696 0.00306533813473148 -0.00206316610586971 0.00344805968755611 -0.00670195400761849 0.00136257207498037 -0.00285823299468152 -0.00142322642131454 -0.00990412193987786 -0.00774882764132184 -0.0146084145957513 -0.00856054357169886 0.00171053266114291 0.00419190885775523
-3.4e+38 -3.4e+38 -3.4e+38 -3.4e+38 -3.4e+38 -3.4e+38 -3.4e+38 -3.4e+38 -3.4e+38 -3.4e+38 -3.4e+38 -3.4e+38 -3.4e+38 -3.4e+38 -3.4e+38 -3.4e+38 -3.4e+38 -3.4e+38 -3.4e+38 -3.4e+38 -3.4e+38 -3.4e+38 0.0110973885219144 0.0124509248972928 0.0194035973648034 0.00397684504399993 -0.00194891965544818 -0.00427800919377266 -0.00770846023699043 -0.0235450766846748 -0.0103637012903465 -0.0103409204478163 -0.0236993496409622 -0.00921114203136951 -0.00941188310207547 -0.00347774945351622 0.00233942022248889 0.000856699356922206 -0.00500623889343744 -0.000623159526313081 0.000225888204343355 0.000608020415151377 -0.0034892819238873 -0.0110071397441734 -0.0154600793226739 -0.00679733915491611 -0.011021676684794 -0.0063771929104873 0.000158375061571839 -0.00144388821918348
-3.4e+38 -3.4e+38 -3.4e+38 -3.4e+38 -3.4e+38 -3.4e+38 -3.4e+38 -3.4e+38 -3.4e+38 -3.4e+38 -3.4e+38 -3.4e+38 -3.4e+38 -3.4e+38 -3.4e+38 -3.4e+38 -3.4e+38 -3.4e+38 -3.4e+38 -3.4e+38 -3.4e+38 0.0197113915526366 0.00802108158234428 0.0113208294533862 0.0174220074325148 0.00394947462617239 -0.00303631597729432 -0.00203205853931295 0.00198248126979881 -0.00597839372908374 -0.0109027066383381 -0.017071842132769 -0.0175371803007906 -0.00884873249870893 -0.00545954864326464 -0.00599993379220364 -0.00203780583201852 0.00100856514717313 -0.000543139253694619 -0.00845031293272323 -0.00530559124110025 -0.00381693128821277 -0.00647395471861466 -0.0144182224587003 -0.014546699296118 -0.0154727780223706 -0.0182275364752994 -0.0128931915257226 -0.00547367883988977 -0.00768265731557835
-3.4e+38 -3.4e+38 -3.4e+38 -3.4e+38 -3.4e+38 -3.4e+38 -3.4e+38 -3.4e+38 -3.4e+38 -3.4e+38 -3.4e+38 -3.4e+38 -3.4e+38 -3.4e+38 -3.4e+38 -3.4e+38 -3.4e+38 -3.4e+38 -3.4e+38 -3.4e+38 -3.4e+38 0.0145062223052926 0.0213815923957475 0.0193363584424364 0.0213095953271866 0.00525860373469557 -0.00334964089940898 -0.00156936038918845 -0.00380961493562629 -0.00146966670921426 -0.00903893253200109 -0.00591466663783008 -0.0050315782784717 -0.0148859675176382 -0.0059199563074724 -0.000200332429137849 0.00286905391207856 -0.00802635737976418 -0.00719466980781843 -0.00691838650874752 -0.00659412443547826 -0.00104343530506507 -0.0117273662246944 -0.0177297737556672 -0.0122136469213754 -0.0150597839714632 -0.0184672032781463 -0.0175012078240209 -0.00342205095642893 -0.00595836171329321
-3.4e+38 -3.4e+38 -3.4e+38 -3.4e+38 -3.4e+38 -3.4e+38 -3.4e+38 -3.4e+38 -3.4e+38 -3.4e+38 -3.4e+38 -3.4e+38 -3.4e+38 -3.4e+38 -3.4e+38 -3.4e+38 -3.4e+38 -3.4e+38 -3.4e+38 -3.4e+38 -3.4e+38 -3.4e+38 0.009310380296483 0.0179725710320533 0.00846510776413853 0.00841769878192489 -0.000702562125527186 -0.00293262244487475 0.000528036340806985 -0.00552279494006851 0.0012117281607015 0.00315091816781157 -0.00620509388047838 -0.00833650957230588 -0.0150512118363613 -0.00510434559800254 -0.0136144624904805 -0.0112201284047023 -0.00730504849724176 -0.0167661118739894 -0.0112509039304932 -0.0137116685223995 -0.0200794740698225 -0.00818311660912485 -0.0203579823905278 -0.00689050498613432 -0.00694593600452854 -0.00993630914394856 -0.00660802086469843 -0.0113099816305055
-3.4e+38 -3.4e+38 -3.4e+38 -3.4e+38 -3.4e+38 -3.4e+38 -3.4e+38 -3.4e+38 -3.4e+38 -3.4e+38 -3.4e+38 -3.4e+38 -3.4e+38 -3.4e+38 -3.4e+38 -3.4e+38 -3.4e+38 -3.4e+38 -3.4e+38 -3.4e+38 0.0186560976206576 0.0126116802008504 0.0108774000631128 0.0121880795218371 0.00677578727946163 0.0100289041925743 0.00073786797406261 0.00452974147672578 0.0011372233160605 -0.00715900478017962 0.00454217092273961 -0.00159420658791214 -0.00740118112868015 -0.00876482026364059 -0.00349542995913844 -0.0143748479087363 -0.00865406519685714 -0.0155394600197775 -0.0146926603053619 -0.0099129808152681 -0.0159625301788778 -0.0121870284709669 -0.0162220012102794 -0.0140341953643289 -0.0203480178058516 -0.0215437574929087 -0.0125015838295536 -0.0162090322766946 -0.0174028841928061 -0.0143350603522636
-3.4e+38 -3.4e+38 -3.4e+38 -3.4e+38 -3.4e+38 -3.4e+38 -3.4e+38 -3.4e+38 -3.4e+38 -3.4e+38 -3.4e+38 -3.4e+38 -3.4e+38 -3.4e+38 -3.4e+38 -3.4e+38 -3.4e+38 -3.4e+38 -3.4e+38 -3.4e+38 0.00465891591579601 0.00937531553975728 0.00597502429549438 0.01404426765139 0.0205544491715154 0.0147154680701606 0.00977452917091334 -1.441580695322e-05 -0.00351900475680904 -0.0036385449878503 -0.00630533712363796 -0.00761567805408932 -0.00586811098847836 -0.00456292858201159 -0.00632048370426765 0.00323590402335469 -0.00957382742844662 -0.015757086125265 -0.0136819144713395 -0.01632894231788 -0.0180525518102249 -0.00703742564041232 -0.0114780004893001 -0.0223032561707941 -0.02427805648258 -0.020355408084589 -0.00861889884221494 -0.0153868150926239 -0.0100560780406188 -0.0234066023845896
-3.4e+38 -3.4e+38 -3.4e+38 -3.4e+38 -3.4e+38 -3.4e+38 -3.4e+38 -3.4e+38 -3.4e+38 -3.4e+38 -3.4e+38 -3.4e+38 -3.4e+38 -3.4e+38 -3.4e+38 -3.4e+38 -3.4e+38 -3.4e+38 -3.4e+38 -3.4e+38 0.011425070643582 0.00953677576094917 0.0120080068437433 0.00916469901289382 0.0212288156968485 0.0112410297289458 0.000860033129412311 -0.0004259365376101 -0.00135920620020077 0.000260657044750924 0.00556185217688423 -0.000691297928828227 -0.00460214635171929 -0.0120941896739649 -0.00942674734446315 -0.0227856935745644 -0.017039237846438 -0.0176067489378429 -0.0181823224430528 -0.0147421292182224 -0.0173190929802071 -0.0104600523936881 -0.0137240690888796 -0.0186986225099237 -0.0162407984376508 -0.0214794824364515 -0.0213968433142256 -0.0159751034493765 -0.0184793228549726 -0.0124921275440248
-3.4e+38 -3.4e+38 -3.4e+38 -3.4e+38 -3.4e+38 -3.4e+38 -3.4e+38 -3.4e+38 -3.4e+38 -3.4e+38 -3.4e+38 -3.4e+38 -3.4e+38 -3.4e+38 -3.4e+38 -3.4e+38 -3.4e+38 -3.4e+38 -3.4e+38 -3.4e+38 -3.4e+38 0.0190000574986807 0.00622381745677491 0.00811200754070415 0.00592422884471767 0.0162709411746098 -4.19316472685721e-05 0.00381060581767796 -0.00539158853929026 -0.0010599970037855 -0.00244179616541131 -0.00172351530712146 -0.00517033595927388 0.000777782552098343 -0.00595357426061916 -0.00847436117002074 -0.0122797821321415 -0.0188957293226549 -0.0187265758843594 -0.0173894589847263 -0.00714915870153751 -0.0170483101377016 -0.0123392000602915 -0.0135623591262128 -0.0136738433361513 -0.0162509802547376 -0.015178726223489 -0.0162945896384212 -0.0210458607534308 -0.0193705531291885
-3.4e+38 -3.4e+38 -3.4e+38 -3.4e+38 -3.4e+38 -3.4e+38 -3.4e+38 -3.4e+38 -3.4e+38 -3.4e+38 -3.4e+38 -3.4e+38 -3.4e+38 -3.4e+38 -3.4e+38 -3.4e+38 -3.4e+38 -3.4e+38 -3.4e+38 -3.4e+38 -3.4e+38 -3.4e+38 0.0106974840027761 0.00981583368035949 0.0111830318508356 0.00636484911641078 0.000447837253840315 -0.00637195694032288 -0.0101624533528185 -0.00678858768998921 -0.000549368985983163 -0.00212583074214683 0.00220163925374761 -0.00128776923183379 -0.0090953484291543 -0.00455190736731577 -0.0148054455151424 -0.00757541443592106 -0.00509579882032818 -0.00552191912791515 -0.0102378004919639 -0.00859873063438833 -0.0163680847097752 -0.0181147036813132 -0.0166389121702021 -0.0149043004408985 -0.0140906480981739 -0.026393116835536 -0.0127500296974966 -0.0149971566344504
-3.4e+38 -3.4e+38 -3.4e+38 -3.4e+38 -3.4e+38 -3.4e+38 -3.4e+38 -3.4e+38 -3.4e+38 -3.4e+38 -3.4e+38 -3.4e+38 -3.4e+38 -3.4e+38 -3.4e+38 -3.4e+38 -3.4e+38 -3.4e+38 -3.4e+38 -3.4e+38 -3.4e+38 -3.4e+38 -3.4e+38 0.00743502087376262 0.00656595234683595 0.0123551271840104 0.0134105080103704 0.00907076232389941 0.0049132528225226 0.000714274964558615 -0.00831960266789981 -0.004937831732937 -0.00845126619093126 -0.0127547124128028 -0.00581510979953259 -0.0109666965698499 -0.0171891764951619 -0.0178161009539709 -0.0101410045728637 -0.00296917424057469 -0.0117992296671174 -0.0113459753854741 -0.00489294176452881 -0.0151503588750493 -0.0186148198028054 -0.0149863609910289 -0.0215632953520872 -0.0158042208602665 -0.0161522922367127 -0.0103520777687941
-3.4e+38 -3.4e+38 -3.4e+38 -3.4e+38 -3.4e+38 -3.4e+38 -3.4e+38 -3.4e+38 -3.4e+38 -3.4e+38 -3.4e+38 -3.4e+38 -3.4e+38 -3.4e+38 -3.4e+38 -3.4e+38 -3.4e+38 -3.4e+38 -3.4e+38 -3.4e+38 -3.4e+38 -3.4e+38 -3.4e+38 0.00557220473617191 0.00633623099926806 0.00744767476239941 0.0157426793029185 0.000663285093136704 0.00634367958444164 0.011737705130948 -0.00421350895533402 -0.00016751504672148 -0.00945355491925269 -0.00335082000481958 -0.00514578785558346 -0.0220749131343939 -0.0300793574568068 -0.0226710170739405 -0.0115086567026345 0.00195105927931621 -0.0087233383710582 -0.00844798778808727 -0.0105543120274603 -0.0123587372544221 -0.00682579290932425 -0.0117293338213578 -0.0182909945302321 -0.013833021782117 -0.0243885033936867 -0.0215864688616911
-3.4e+38 -3.4e+38 -3.4e+38 -3.4e+38 -3.4e+38 -3.4e+38 -3.4e+38 -3.4e+38 -3.4e+38 -3.4e+38 -3.4e+38 -3.4e+38 -3.4e+38 -3.4e+38 -3.4e+38 -3.4e+38 -3.4e+38 -3.4e+38 -3.4e+38 -3.4e+38 -3.4e+38 -3.4e+38 -3.4e+38 -3.4e+38 -3.4e+38 0.00941589763899505 0.00537381504531989 0.00553239741802597 0.012873608810158 0.00478895788736186 0.00317232700729364 -0.0103020231221259 -0.00344404064346439 -0.00386718056455771 -0.00526044285362959 -0.0231841358842657 -0.0218462460966751 -0.0244959491072201 -0.0236963071965541 -0.0186777595692608 -0.0222411532723803 -0.0214228963143137 -0.0145046292764528 -0.010846007450819 -0.0174823578121576 -0.0149014606731445 -0.0119412685783627 -0.0148977502148496 -0.0114754327588292 -0.00732845943159569
-3.4e+38 -3.4e+38 -3.4e+38 -3.4e+38 -3.4e+38 -3.4e+38 -3.4e+38 -3.4e+38 -3.4e+38 -3.4e+38 -3.4e+38 -3.4e+38 -3.4e+38 -3.4e+38 -3.4e+38 -3.4e+38 -3.4e+38 -3.4e+38 -3.4e+38 -3.4e+38 -3.4e+38 -3.4e+38 -3.4e+38 -3.4e+38 -3.4e+38 -3.4e+38 -3.4e+38 0.00320874179778873 -0.00618560193527973 -0.00741519664463532 -0.00369671288603641 0.00397038108533266 -0.00862054654426297 -0.00510511712017008 -0.00877543453579196 -0.0211695110525062 -0.0236855600533886 -0.032473033223357 -0.0294305076156251 -0.0233752927357247 -0.0145084247169232 -0.0186782239079676 -0.0127587867908009 -0.017708152931695 -0.0136592908509459 -0.0108410337208833 -0.00977897884215156 -0.00332367030619774 -0.00521998480002976 0.00653771221163392
-3.4e+38 -3.4e+38 -3.4e+38 -3.4e+38 -3.4e+38 -3.4e+38 -3.4e+38 -3.4e+38 -3.4e+38 -3.4e+38 -3.4e+38 -3.4e+38 -3.4e+38 -3.4e+38 -3.4e+38 -3.4e+38 -3.4e+38 -3.4e+38 -3.4e+38 -3.4e+38 -3.4e+38 -3.4e+38 -3.4e+38 -3.4e+38 -3.4e+38 -3.4e+38 -3.4e+38 -3.4e+38 -3.4e+38 0.0046855891341319 -0.00794173038913237 0.00291925206005709 -0.00492216797522584 -0.0137359027305863 -0.00380492012212267 -0.00870678087202444 -0.0180191976884011 -0.0202614465438485 -0.0187845328291947 -0.0276916209371791 -0.0234919045533917 -0.0188988371732937 -0.0176035103002733 -0.0232483024996894 -0.0158143953515827 -0.0117832228246894 -0.00965906073102452 -0.00304989148252331 0.00199397182240955 0.00561300361831964
-3.4e+38 -3.4e+38 -3.4e+38 -3.4e+38 -3.4e+38 -3.4e+38 -3.4e+38 -3.4e+38 -3.4e+38 -3.4e+38 -3.4e+38 -3.4e+38 -3.4e+38 -3.4e+38 -3.4e+38 -3.4e+38 -3.4e+38 -3.4e+38 -3.4e+38 -3.4e+38 -3.4e+38 -3.4e+38 -3.4e+38 -3.4e+38 -3.4e+38 -3.4e+38 -3.4e+38 -3.4e+38 -3.4e+38 -3.4e+38 -3.4e+38 -0.0042528269444737 -0.00399052738352485 -0.00868440551727425 -0.0137129433258859 -0.0109525452622637 -0.0114369074218071 -0.0154685057316306 -0.0232199583323981 -0.0117062672197647 -0.0144394468548813 -0.0185734857535893 -0.0164024180592772 -0.0160693294871223 -0.0110277843452692 -0.0166631457407386 -0.00647745819812092 0.00379339332108013 0.0123975392939443 0.0164643345461898
-3.4e+38 -3.4e+38 -3.4e+38 -3.4e+38 -3.4e+38 -3.4e+38 -3.4e+38 -3.4e+38 -3.4e+38 -3.4e+38 -3.4e+38 -3.4e+38 -3.4e+38 -3.4e+38 -3.4e+38 -3.4e+38 -3.4e+38 -3.4e+38 -3.4e+38 -3.4e+38 -3.4e+38 -3.4e+38 -3.4e+38 -3.4e+38 -3.4e+38 -3.4e+38 -3.4e+38 -3.4e+38 -3.4e+38 -3.4e+38 -3.4e+38 -3.4e+38 0.00157148829835645 -0.00172182372443993 -0.00447241660024239 -0.00980314406255088 -0.00956124925406236 -0.00724205054510263 -0.00759538532311339 -0.0184412684270391 -0.0146995477373944 -0.00680300032684272 -0.00764130425023613 -0.0104726560468384 -0.00289489293633809 -0.00194508132117909 0.00497146142360944 0.0105041065394231 0.0130899807193668 0.0199706048403277
-3.4e+38 -3.4e+38 -3.4e+38 -3.4e+38 -3.4e+38 -3.4e+38 -3.4e+38 -3.4e+38 -3.4e+38 -3.4e+38 -3.4e+38 -3.4e+38 -3.4e+38 -3.4e+38 -3.4e+38 -3.4e+38 -3.4e+38 -3.4e+38 -3.4e+38 -3.4e+38 -3.4e+38 -3.4e+38 -3.4e+38 -3.4e+38 -3.4e+38 -3.4e+38 -3.4e+38 -3.4e+38 -3.4e+38 -3.4e+38 -3.4e+38 -3.4e+38 -0.00419559763141776 0.00493373555789049 0.00203899126581042 0.00263039573595713 -0.0118544278973207 -0.00974799222826468 -0.00662437019682737 -0.00840970358443546 -0.0156099710531315 -0.0164186910552439 -0.00703990648779081 -0.0194477922397035 -0.0136885680786303 -0.00205878544852784 0.00464789834746206 0.0156750486921179 0.0184444922620663 0.00969179148621378
-3.4e+38 -3.4e+38 -3.4e+38 -3.4e+38 -3.4e+38 -3.4e+38 -3.4e+38 -3.4e+38 -3.4e+38 -3.4e+38 -3.4e+38 -3.4e+38 -3.4e+38 -3.4e+38 -3.4e+38 -3.4e+38 -3.4e+38 -3.4e+38 -3.4e+38 -3.4e+38 -3.4e+38 -3.4e+38 -3.4e+38 -3.4e+38 -3.4e+38 -3.4e+38 -3.4e+38 -3.4e+38 -3.4e+38 -3.4e+38 -3.4e+38 -3.4e+38 -3.4e+38 -3.4e+38 -0.0103577636244984 -0.00181592203410693 -0.00110023905199127 0.00280716087521108 -0.000697772939454854 -0.00399122859873178 -0.00463240987601811 -0.0158175469925012 -0.00758165752348064 -0.00805235603920542 -0.0316929084296881 -0.0208237669254123 0.00552363148332827 0.0199804672470729 0.0270479073537075 0.0314291060062709
-3.4e+38 -3.4e+38 -3.4e+38 -3.4e+38 -3.4e+38 -3.4e+38 -3.4e+38 -3.4e+38 -3.4e+38 -3.4e+38 -3.4e+38 -3.4e+38 -3.4e+38 -3.4e+38 -3.4e+38 -3.4e+38 -3.4e+38 -3.4e+38 -3.4e+38 -3.4e+38 -3.4e+38 -3.4e+38 -3.4e+38 -3.4e+38 -3.4e+38 -3.4e+38 -3.4e+38 -3.4e+38 -3.4e+38 -3.4e+38 -3.4e+38 -3.4e+38 -3.4e+38 -3.4e+38 -3.4e+38 -3.4e+38 -3.4e+38 -3.4e+38 -0.017744984550561 -0.0078904834003357 -0.00697314741411198 -0.012340593990172 -0.0156055675682493 -0.0026736857899315 -0.0210861488653795 -0.016810841454557 -0.00253898485067366 0.0101675549788072 0.021071097246879 0.0283450336817544
