data/pcas/pcas_can_126/pca_referenceLayers_can_126/PC18.asc
NCOLS 494 
NROWS 529 
XLLCORNER -117.166666666667 
YLLCORNER -55.5 
CELLSIZE 0.166666666666667 
NODATA_value -3.4e+38 
[rows 286 to 307 of 529, columns 250 to 299 of 494]
-3.4e+38 -0.00110080651998354 -0.000340928686600913 -0.000304576282356979 -0.00939505941715865 -0.00906426133072406 -0.00126066073554366 -0.0060178060421685 -0.010036168671542 -0.0119200911693887 -0.0033173534563344 0.00272361835929506 -0.00115230842691636 0.00181470118933458 0.00222115718299429 -0.00556570513828509 -0.000942875314295172 0.00316887338966433 0.000456997135763856 0.00331379477410396 0.000492926505613137 0.00279060459033392 -0.000480799798534241 0.00165116128743417 0.000713867872339564 0.00532011275702288 0.0101401538991572 0.016492131678478 0.0113783125724334 0.0147014133871773 0.0200442022238903 0.0148461640037181 0.0226062683128213 0.0154803554416303 0.0123419828676772 0.0109013500287759 0.0133490186168547 0.00632365490854948 0.00824713818652772 0.0064115198434068 0.00457122976462224 -0.00403046728658206 -0.0083729028613422 -0.00810236535509935 -0.018047142760717 -0.00953181456011924 -0.00351106197681517 -0.00627240416305113 -0.0107021598314698 -0.00346056545760671
-3.4e+38 -3.4e+38 0.00251935155881306 -0.00136790028458338 0.00305607677070888 -0.00457958696295707 -0.00850524130577222 0.000476074860449976 -0.00471343108845269 -0.00149128755305459 -0.0066140832754907 0.00155271083957287 0.00146327935200469 -0.00507739770073717 0.00714687500431088 0.00203643234048058 -0.000748619527264412 -0.00235401970928049 -0.00349688523529505 0.00125053913987014 0.00194108637871965 -0.000219583958085428 -0.000840134464606181 -0.0027354672702665 0.00499278205323988 0.00126292341600168 0.00296842596533895 0.00958876834418989 0.0134054589728896 0.0154743238532812 0.0186520226436909 0.0121439727227456 0.0192711795480595 0.0166986674896968 0.0204254162593833 0.00475571806559183 0.00794035514326033 0.00676925097482815 0.00580247511433731 0.00455376630207134 -0.00483309723236483 -0.00141724855996471 0.000648806617225938 -0.00138758498582912 -0.00955374895616571 -0.00963191530993669 -0.00516884756748632 -0.00100638108348039 -0.00785472637869584 -0.00498220050371974
-3.4e+38 -3.4e+38 -3.4e+38 0.00102589613407487 0.00931590544668791 0.00330602076043141 -0.0100887565431208 -0.00839679685309893 -0.013169447726952 -0.00644140919705189 -0.0130959850569656 -0.00431536433835383 3.18997318887994e-05 0.0024241382737924 -0.00459515027360386 0.00250805682187434 -0.00997289797633833 0.00085287323582822 -0.00626584178197762 -0.00794413089808057 -0.00454013425050085 -0.00384094453670385 -0.00208223617738384 -0.00295109006145833 -0.00315731887335456 0.00387174098833437 0.000597325245413316 0.00681053159013321 0.00774021924467564 0.00527414242126307 0.0169362981054214 0.0153751523240054 0.0067166303547275 0.012710065226528 0.0216933425885611 0.0164302978359738 0.010415555282654 0.00704672720890614 0.0128290654602511 0.00326061020697466 0.00334765815521472 -0.00269785102322547 0.000615027190947799 -0.00587255633629597 0.00183756782087956 -0.00848052740675704 -0.00727119919143748 -0.00864745259381063 -0.00708957050748007 -0.01669762806828
-3.4e+38 -3.4e+38 -3.4e+38 -3.4e+38 -3.4e+38 0.00498197345614039 -0.000609756450153598 -0.00373386626549434 -0.0141169173508494 -0.000476652016004076 -0.0101200389219502 -0.000305684542234085 -0.0163283723802344 -0.00573154003766659 -0.00718897258379927 0.000584055166977801 -0.00404757173326943 -0.00645900092928787 -0.00970115063951361 -0.0101907580066971 -0.00810074851436949 -0.00787955266742207 -0.0149221853585135 -0.0021558229323865 -0.00773080144863263 -0.00292983776996501 -0.0051629583497688 -0.00100810268612043 0.00261317816781307 0.00349612992126946 0.011148556237942 0.00615729919901419 -0.000823140152407724 -0.00425251310995633 0.0174832721281958 0.0242615788907243 0.00834997619453238 0.0142950739121082 0.0049663987754775 -0.00248987049759672 0.00141285900596399 0.00216278113895476 0.00343449810372996 -0.00929187747804793 -0.00227460220670203 -0.00749258843932937 -0.00687693288008415 0.00196181390785212 0.00286695982807091 -0.0098152931314374
-3.4e+38 -3.4e+38 -3.4e+38 -3.4e+38 -3.4e+38 -3.4e+38 -3.4e+38 0.00177961616670787 -0.00432542303591162 -0.00266585849296619 -0.0160984116386165 -0.00620847368736157 -0.00854536848596111 -0.0120870745138454 -0.0154177526881957 -0.00243229638642884 -0.00958347535727177 -0.00915664365206474 -0.00520901570659218 0.000129948137906669 -0.00402940788435367 0.00397172090024675 -0.010980377021294 -0.0139778309814833 -0.00098944328237632 -0.00305647927767096 0.00664714748233022 -0.000872583860431471 0.00135681627938618 0.0112825566450036 0.0185827208284239 0.0106101169641231 0.00416998309364021 0.010537218726503 0.00665930276942767 0.0201011758522562 0.0252107622124027 0.0254884801428352 0.0134342747034381 0.0132493392064263 0.00203719806764623 0.0134920238888173 0.00846366775976594 0.00205019161121855 -0.00380220141143882 -0.0058671548110472 -0.00618390184752918 -0.00710866511894613 -0.00717189762020707 -0.00640714423828969
-3.4e+38 -3.4e+38 -3.4e+38 -3.4e+38 -3.4e+38 -3.4e+38 -3.4e+38 -3.4e+38 -3.4e+38 -0.0117987838191398 -0.0103734344101671 -0.0130957461549619 -0.0145197856000639 -0.0146599293531599 -0.0199778421843375 -0.0136068115842904 -0.00976385308659595 0.00241420202317686 -0.012272680986198 -0.00603312376571573 -0.0104192099323737 -0.0180825446756156 -0.00606834042672808 -0.00852306019260629 -0.0114002626657284 -0.00893101785277298 -0.00786933617405855 -0.00159585925889283 -0.00102191570946431 0.0134518052570939 0.00844509628582244 0.018622098466283 0.00556541100859917 0.00116716069098108 0.00125507447982885 0.00749415200856551 0.00396332219783063 0.0166550866697509 0.0149107368247039 0.0149573616534735 0.0162702487153493 0.0143882836481696 0.0181424508449489 0.0185437158043247 -0.00570421519660716 -0.00548064777828004 -0.00589061256871748 0.00188886721061603 -0.0109717521304631 -0.00541014962463253
-3.4e+38 -3.4e+38 -3.4e+38 -3.4e+38 -3.4e+38 -3.4e+38 -3.4e+38 -3.4e+38 -3.4e+38 -3.4e+38 -0.00890165424610144 -0.012989862808338 -0.00977120088196112 -0.0123498178403885 -0.0158618904315903 -0.00364199555907405 -0.00733844935398175 -0.00695024763534736 -0.0179560019956724 -0.00478376225897911 -0.0040148035407113 -0.00571747117697137 -0.00923631838436854 -0.00359118217772542 -0.0080764640185036 -0.00549584440762051 -0.0038514808792279 -0.00115432947391822 0.00288798530252608 0.0052822765998928 0.00886694953809977 0.0150149515144792 0.00928256434316794 0.00823035025445233 0.00815778488129128 -0.00842278603253656 5.32122921589502e-05 0.0197154522703999 0.00685335916945268 0.0180815983435102 0.0226717044958629 0.0204570154234031 0.0133701064736161 0.0167766902611331 0.00461495429920313 -0.0074313745340721 -0.00726571522629297 0.00188156445159018 -0.00146746281526325 -0.00891302420243159
-3.4e+38 -3.4e+38 -3.4e+38 -3.4e+38 -3.4e+38 -3.4e+38 -3.4e+38 -3.4e+38 -3.4e+38 -3.4e+38 -3.4e+38 -3.4e+38 -3.4e+38 -0.00347454038080113 -0.0139766485912382 -0.0141174273116329 -0.0162271961695334 -0.0170326408516394 -0.0111540226166438 -0.00088156382589973 -0.000962778689050163 0.00763387162661907 -0.00345621258270826 -0.0104848537338662 -0.0135575600366047 -0.0128076276086934 -0.00532563260847781 6.30531808734507e-05 -0.00812448935930082 -0.000398630203010864 -0.000927299306663838 0.0139542729438614 0.0122144558986039 0.00678972056219615 0.00598982603020088 0.00622477062387331 0.00304887591355501 0.0138672162354812 0.00909970181958335 0.0205391356421066 0.0141497230130844 0.0234133733838375 0.0122512477559848 0.0107248137778544 0.0125441234743656 -0.00128118717385702 -0.00606662684616444 -0.00894224236378277 -0.00425020443404012 -0.00603918337491276
-3.4e+38 -3.4e+38 -3.4e+38 -3.4e+38 -3.4e+38 -3.4e+38 -3.4e+38 -3.4e+38 -3.4e+38 -3.4e+38 -3.4e+38 -3.4e+38 -3.4e+38 -3.4e+38 -3.4e+38 -0.00816367125868213 -0.0142258174672582 -0.0140545533577899 -0.0113753037021763 -0.0150873360453545 -0.0144004139465936 -0.00779298419930897 0.00192497823094906 -0.00230151272854261 -0.00584716167798941 -0.01263925712194 -0.00659781118086535 -0.00750427263729338 -0.010210519998857 -0.00550477183449121 -0.00262903067141268 0.0133913745775012 0.0147069877929416 0.0106735457644793 0.00154007334228775 0.00161232161236019 0.0109845163532363 0.0106866241635521 0.0138449553136696 0.0155197926586172 0.016587326761436 0.0137165241958495 0.00978423139780909 0.00339550355055641 0.00502392364747562 0.0156998349106097 -0.00604070936578524 -0.00657825759732436 -0.00968733989315858 -0.00807967984920555
-3.4e+38 -3.4e+38 -3.4e+38 -3.4e+38 -3.4e+38 -3.4e+38 -3.4e+38 -3.4e+38 -3.4e+38 -3.4e+38 -3.4e+38 -3.4e+38 -3.4e+38 -3.4e+38 -3.4e+38 -3.4e+38 -3.4e+38 -0.0128609297912068 -0.0179534897416449 -0.0158140076091388 -0.00636479283714739 -0.0201396902500616 -0.00458225118781857 -0.0041655215444444 -0.00656666806677967 0.0032316840679897 -0.00995678404152462 -0.00593860230228288 -0.00305665013821128 -0.00431045561451519 0.00499500343291437 0.00643650680482632 -0.00133479273560021 0.0145444019763451 0.0102595594976029 0.00426747556707954 0.00932484720058177 0.00997737432195209 0.0123168301794437 0.00921557192751077 0.00496911229471374 0.0101164213582244 0.0140523469750982 0.019202478080002 0.00361877040975651 0.0043673011449387 0.0143557562394526 -0.00132016416483336 -0.0124629286613856 -0.00717181849695113
-3.4e+38 -3.4e+38 -3.4e+38 -3.4e+38 -3.4e+38 -3.4e+38 -3.4e+38 -3.4e+38 -3.4e+38 -3.4e+38 -3.4e+38 -3.4e+38 -3.4e+38 -3.4e+38 -3.4e+38 -3.4e+38 -3.4e+38 -3.4e+38 -3.4e+38 -0.00213238990455704 -0.0167758588737407 -0.0198521986402663 -0.0155468219105718 -0.00341476374991072 -0.00436964262043463 -0.0118539902665721 -0.00793455265959329 -0.00390190513872087 0.00196323180773586 0.000987967468043677 0.000830435827163029 0.000759628318682322 0.00102944878122834 0.0076163852105215 0.00367010410364334 -0.00222722045804598 0.00672176154754885 0.00222562770162214 0.00777797804007813 0.0100381442244664 0.0132078562456283 0.00521742631901054 0.013104753481955 0.0160889582264274 0.0080766959886265 0.00186601239883306 -0.00718089239101294 0.00748447495011886 0.0136986780477054 -0.00410578504609049
-3.4e+38 -3.4e+38 -3.4e+38 -3.4e+38 -3.4e+38 -3.4e+38 -3.4e+38 -3.4e+38 -3.4e+38 -3.4e+38 -3.4e+38 -3.4e+38 -3.4e+38 -3.4e+38 -3.4e+38 -3.4e+38 -3.4e+38 -3.4e+38 -3.4e+38 -3.4e+38 -0.00472170819316398 -0.0105853108802199 -0.0114760911118678 -0.00583889733541098 -0.00314652445855715 -0.00906774265165748 -0.00820812288655005 -0.00757942535972744 -0.0124909596089577 -0.0116899659790455 -0.00180594416858275 0.00427207047980463 -0.00211698110879411 0.00262084142085349 -0.00211005340197581 0.00752920449430577 -0.00189983216027924 0.00763362062100488 0.00523940334887674 0.00802530923977746 0.0128957601999141 0.00717764082190939 0.0121280341504855 0.00927446948525575 0.0194813886172617 0.00833090201071344 -0.00449700721815421 0.0105667450042143 0.0246515041106819 0.00794080700772501
-3.4e+38 -3.4e+38 -3.4e+38 -3.4e+38 -3.4e+38 -3.4e+38 -3.4e+38 -3.4e+38 -3.4e+38 -3.4e+38 -3.4e+38 -3.4e+38 -3.4e+38 -3.4e+38 -3.4e+38 -3.4e+38 -3.4e+38 -3.4e+38 -3.4e+38 -3.4e+38 -3.4e+38 -3.4e+38 0.00937316017260079 -0.006934566892824 -0.00569471472677359 -0.0184344213802211 -0.011713324104019 -0.00910825295222499 0.00147632910974363 -0.00639852317812608 -0.00343861572806202 -0.0037382887148527 0.00126582196102326 0.0053968682195494 0.00367383249546785 -0.00266750569644974 0.00570841925979821 0.00726780820053878 -0.00236081748848101 0.00217576264821498 0.00244542221973715 0.0059285523459843 0.0135151405878644 0.0104473738762725 0.0131320566599428 0.0180154362781787 0.00847731231559022 0.0122199768014691 0.0203742376722167 0.0159040523237963
-3.4e+38 -3.4e+38 -3.4e+38 -3.4e+38 -3.4e+38 -3.4e+38 -3.4e+38 -3.4e+38 -3.4e+38 -3.4e+38 -3.4e+38 -3.4e+38 -3.4e+38 -3.4e+38 -3.4e+38 -3.4e+38 -3.4e+38 -3.4e+38 -3.4e+38 -3.4e+38 -3.4e+38 -3.4e+38 -3.4e+38 -3.4e+38 -0.0138453621324584 -0.00749975201543951 -0.0160339900937514 -0.00760350161954341 -0.00774512067423073 -0.00445787978660271 -0.00196461225371701 -0.00238470636359108 -0.000685401822240304 -0.00739227316974623 -0.00606469111917669 0.00382537893846586 0.00532451667222945 -0.00297818282879469 0.0054012211291543 -5.46720225781825e-05 -0.00367267549039034 -0.00435561792235403 0.00390867960081646 -0.00269700526827921 0.00983338112754297 0.0137277440752411 0.019013765889562 0.0116858752609303 0.0140194089029363 0.0126353346632216
-3.4e+38 -3.4e+38 -3.4e+38 -3.4e+38 -3.4e+38 -3.4e+38 -3.4e+38 -3.4e+38 -3.4e+38 -3.4e+38 -3.4e+38 -3.4e+38 -3.4e+38 -3.4e+38 -3.4e+38 -3.4e+38 -3.4e+38 -3.4e+38 -3.4e+38 -3.4e+38 -3.4e+38 -3.4e+38 -3.4e+38 -3.4e+38 -3.4e+38 -0.00303710023259012 -0.00826387380429864 -0.0067751982665187 -0.00734715486528584 -0.0127500264674024 -0.00475975106716398 -0.0013482014218015 0.00168796315263756 0.00324629642035925 -0.00185402015410031 0.00106930184041509 0.000239497330937517 -0.00130520871323789 -0.000119211673801111 0.00133104329135049 -0.000622722161837742 -0.00629788752705524 -0.00433017301050948 -0.0124020449700534 0.0081556829788433 0.00966603153583964 0.0146432962029668 0.0121260963406486 0.0136529857722346 0.0160304671829775
-3.4e+38 -3.4e+38 -3.4e+38 -3.4e+38 -3.4e+38 -3.4e+38 -3.4e+38 -3.4e+38 -3.4e+38 -3.4e+38 -3.4e+38 -3.4e+38 -3.4e+38 -3.4e+38 -3.4e+38 -3.4e+38 -3.4e+38 -3.4e+38 -3.4e+38 -3.4e+38 -3.4e+38 -3.4e+38 -3.4e+38 -3.4e+38 -3.4e+38 -0.0011925132356845 -0.00304996082590955 -0.00723903038138838 -0.0112152490279222 0.00016974806069403 -0.010756916899101 -0.00175410481308098 0.00414969892746511 -0.00321042852161767 -0.00381605346299913 0.00110758164111733 -0.00392456463287653 0.000725530806407779 0.00144522533710312 0.00213265037434344 -0.0101467035054461 -0.00587638899835037 -0.0121054478283303 -0.0115774032456027 -0.00738640152925202 -0.000639749624283985 0.0121741852952204 0.00916134869909127 -0.000163714122057628 0.00522610178232912
-3.4e+38 -3.4e+38 -3.4e+38 -3.4e+38 -3.4e+38 -3.4e+38 -3.4e+38 -3.4e+38 -3.4e+38 -3.4e+38 -3.4e+38 -3.4e+38 -3.4e+38 -3.4e+38 -3.4e+38 -3.4e+38 -3.4e+38 -3.4e+38 -3.4e+38 -3.4e+38 -3.4e+38 -3.4e+38 -3.4e+38 -3.4e+38 -3.4e+38 -3.4e+38 -0.00192491958862507 -0.00111534452788087 -0.000468155739445749 -0.0119279670911259 -0.00381404552350768 -0.0018475619632408 -0.00649778130049582 -0.00276576575355294 0.002157495681993 -0.00369794388473533 -0.00526498297486133 0.00609845094918929 0.00102359457426211 0.00222398237367584 -0.00100754419711759 0.00117093770146127 -0.00470887399491006 0.00107774103665645 0.00175852586435295 0.00720512532363145 0.00547244710200471 0.00862613312396018 0.00793370428508371 0.00723998767697268
-3.4e+38 -3.4e+38 -3.4e+38 -3.4e+38 -3.4e+38 -3.4e+38 -3.4e+38 -3.4e+38 -3.4e+38 -3.4e+38 -3.4e+38 -3.4e+38 -3.4e+38 -3.4e+38 -3.4e+38 -3.4e+38 -3.4e+38 -3.4e+38 -3.4e+38 -3.4e+38 -3.4e+38 -3.4e+38 -3.4e+38 -3.4e+38 -3.4e+38 -3.4e+38 -3.4e+38 -3.4e+38 -0.000841761558870164 0.00381372660438345 -0.00907323772090428 -0.00359699378092049 0.00153752379260843 -0.00384852310887868 0.00128409140370952 0.0027114616401827 0.00521144520089806 0.00292966092034302 -0.00361488265365083 0.00292217288761296 0.00229435932590356 0.00200061122642904 -0.00564014459879698 0.00175205244841342 0.0054241652274346 0.0096820258324646 0.00303426197563486 0.0119575918604619 0.00742267729422561 0.0130765031721371
-3.4e+38 -3.4e+38 -3.4e+38 -3.4e+38 -3.4e+38 -3.4e+38 -3.4e+38 -3.4e+38 -3.4e+38 -3.4e+38 -3.4e+38 -3.4e+38 -3.4e+38 -3.4e+38 -3.4e+38 -3.4e+38 -3.4e+38 -3.4e+38 -3.4e+38 -3.4e+38 -3.4e+38 -3.4e+38 -3.4e+38 -3.4e+38 -3.4e+38 -3.4e+38 -3.4e+38 -3.4e+38 -3.4e+38 0.000405517721864399 0.00243425079395367 -0.00266571774130027 -0.00108202624792679 0.000360545178777429 0.00230665471370438 0.000169063686017937 -0.00666154283438684 0.00158970223358478 0.00898879198172053 0.00915670419398888 0.0057304463820183 -0.000512973876001121 0.00826682433788496 0.0145303165569903 -0.00132358304232057 0.00992419031206662 0.0116021825985811 0.0187003649004832 0.00792590195212514 0.0157573480959391
-3.4e+38 -3.4e+38 -3.4e+38 -3.4e+38 -3.4e+38 -3.4e+38 -3.4e+38 -3.4e+38 -3.4e+38 -3.4e+38 -3.4e+38 -3.4e+38 -3.4e+38 -3.4e+38 -3.4e+38 -3.4e+38 -3.4e+38 -3.4e+38 -3.4e+38 -3.4e+38 -3.4e+38 -3.4e+38 -3.4e+38 -3.4e+38 -3.4e+38 -3.4e+38 -3.4e+38 -3.4e+38 -3.4e+38 -3.4e+38 -3.4e+38 0.00314714645156181 -0.0070202026388537 0.0012459834142973 0.00414355654974213 0.00848607383051727 -0.0111425645004059 0.00279068013001279 -0.00272084089672266 0.00722887694501356 0.0132559570010528 0.00657808160802191 0.0125506279855203 0.00546030488066285 0.00314026752838048 0.00971777551256344 0.0119555274365307 0.0143334965777004 0.0163623028961591 0.0117353550342591
-3.4e+38 -3.4e+38 -3.4e+38 -3.4e+38 -3.4e+38 -3.4e+38 -3.4e+38 -3.4e+38 -3.4e+38 -3.4e+38 -3.4e+38 -3.4e+38 -3.4e+38 -3.4e+38 -3.4e+38 -3.4e+38 -3.4e+38 -3.4e+38 -3.4e+38 -3.4e+38 -3.4e+38 -3.4e+38 -3.4e+38 -3.4e+38 -3.4e+38 -3.4e+38 -3.4e+38 -3.4e+38 -3.4e+38 -3.4e+38 -3.4e+38 0.0108242089497795 -0.000526706314255288 -0.00682949959395424 -0.0011676158240407 0.00217818133241241 -0.00968944525157518 0.00192761129525344 0.00389234877637782 0.00558164669199402 0.0153467313652106 0.00952882521852973 0.0121803464416203 0.00810500815384157 0.0123343871613019 0.0203402854381773 0.0194710958431496 0.0135615298260255 0.021492382866386 0.0217440135710928
-3.4e+38 -3.4e+38 -3.4e+38 -3.4e+38 -3.4e+38 -3.4e+38 -3.4e+38 -3.4e+38 -3.4e+38 -3.4e+38 -3.4e+38 -3.4e+38 -3.4e+38 -3.4e+38 -3.4e+38 -3.4e+38 -3.4e+38 -3.4e+38 -3.4e+38 -3.4e+38 -3.4e+38 -3.4e+38 -3.4e+38 -3.4e+38 -3.4e+38 -3.4e+38 -3.4e+38 -3.4e+38 -3.4e+38 -3.4e+38 -3.4e+38 0.00986202075831739 -0.0048573695876062 0.000772485687737346 0.000315089445131948 0.000556712143913398 -0.0033172368819166 0.00362481259214804 -0.00409673104491536 0.00568273597916447 0.0130691624065517 0.019022638295803 0.0232194083717446 0.0197623043321455 0.0237981318921133 0.0235660879791043 0.0209051025556934 0.0191885103442611 0.0172789993267122 0.010170321462777
