data/pcas/pcas_can_126/pca_referenceLayers_can_126/PC18.asc
NCOLS 494 
NROWS 529 
XLLCORNER -117.166666666667 
YLLCORNER -55.5 
CELLSIZE 0.166666666666667 
NODATA_value -3.4e+38 
[rows 198 to 219 of 529, columns 250 to 299 of 494]
0.00614445671101733 0.00367725677440728 0.000449723463295319 0.00146138746346216 0.014123451354028 -0.00141159239221594 0.004079521046823 0.00625647655676078 0.00919700286276713 0.0134564601879573 0.00975358256590174 0.0112855590978303 0.0129184185387512 0.0117805842039252 0.0122943796585147 -0.000698648475009464 0.00645662228523829 0.00614284175255933 -0.000644996688802627 0.0051126411450927 0.00239443177828524 0.00873936238628211 0.000543550114290203 0.0134166650336892 0.00485217497799836 0.00299840830190552 0.00151882145528691 0.0117944789154996 0.00763037455351874 0.00594969979313664 0.00503916204285584 0.00272161254742655 -5.02501786813531e-05 0.00781250989940416 0.0056970522288134 0.0127640513667398 0.00613727092897584 0.00878357979470481 0.0105673875862961 0.00688794190300063 0.0069533219660252 0.00208954402942499 0.0114157083674147 0.00387165086943475 -0.0025262923393182 -0.000639921498116651 0.00755454365013225 0.00924058774275856 0.00102756752536691 0.00899426094440349
0.00112261995918148 0.00284735531961516 0.00389413579115034 0.00239514085887738 0.0117107763215554 0.00918484709504279 0.00656242486080744 0.0016016764418556 0.011814593826673 0.00460027047826826 0.0106292999352703 0.00295683630040568 0.00348433247963845 9.52082238610348e-05 0.0113688422419171 0.00999530951408511 0.00295594963685445 0.00440073389807747 0.00117498495954267 0.00410850966326515 0.00580480681637409 0.00079622738533852 0.00683087996736748 0.00401364190805718 0.0125576702609233 0.0105305266574031 0.00104624132193678 0.0037788572310302 0.0150381806285885 0.017049893076878 0.00394021574663612 0.00471642167256459 0.0146998340046558 0.0160162583783156 0.00808336661109583 0.0138029386374023 0.00299272824446433 0.0057620475788712 0.00864102198877204 0.0034229452215183 0.0100137741988007 0.0091390602783696 0.00560380482707416 0.00604793083063585 -0.00159299056501948 0.00368865441103508 0.00641057295350041 0.0103809975458572 0.00428016457677451 -0.000873089405896221
-0.00223298864653144 0.00542471200468004 0.00883912054196533 0.00183223270782011 0.00730621655293043 0.0098093122985392 0.0140049068523282 0.00785153660829002 0.00107255172267826 0.0133504642698814 -0.00141834203944414 0.00178860844698455 0.0050322153123536 -0.00309096423002578 0.0102649962006954 0.00525106623995219 0.00141360979300912 0.0098048890085903 0.00819153711664523 0.00448750480327863 0.00280363719802184 0.00199811320711098 0.00772077806320016 0.00912828075418845 0.000742520253426768 0.0122602901321879 0.00829630432931662 0.0130311769052201 0.0126561441776921 0.00982832495567151 0.0175577984379293 0.00974154495791838 0.00656203896522113 0.00543321952074511 0.00966047139906343 0.00624689966925659 0.00230901944404706 0.0040739506415901 0.0154868351973016 0.00992708203841849 0.00597303760919615 0.00846004980577373 0.00160729735807201 0.0127299748507269 0.00666133450460404 0.0104791338107247 0.00310220795970554 0.00704293481652923 0.00997531557321116 0.00919889373474245
-0.000481504385070731 -0.00142989485215368 0.000156630534209173 0.000796247035521207 0.00596485300508412 0.00654597838296474 0.00222023883303366 0.00986370836467375 0.00836899376175798 0.0115097563624941 0.0143486069647491 0.00947749329417325 0.012349923500575 0.00852131211319316 0.0106348670155303 0.00413513855573376 0.0102537736297879 0.00715766290427266 0.00262059268013786 0.00351988798567788 0.0124926703654096 0.00809199573959593 0.00272053236265345 0.0101091891567856 0.00742710839807391 0.0152253268765297 0.00748258801824343 0.00173994634542978 0.0126556459159875 0.0157709345706507 0.00690462106171701 0.0156596751510587 0.0119510528278858 0.0045228512623402 0.00671889801242621 0.00750716803712125 0.0105214387065181 0.00465547330539572 0.0117650101600277 0.00973509536279533 0.00392192731815001 0.0153268294719536 0.00628803946686571 0.0015751368268409 0.00528383662166823 0.0103054997634088 0.0110089675284197 0.00633235927205543 0.00619863477804857 0.00926618037255343
0.00359010871620869 -0.00333765339133564 0.00521826931989801 0.00231668494092346 0.00498090555504033 0.00915176304520772 0.00834124951125163 0.00393123923897505 0.0111868825930118 0.0109541397726991 0.00613756989234344 0.0128290344456568 0.00619530225515136 0.00665797253573817 0.00839190690967752 0.0173852314845879 0.00253084210427225 0.00902922202804461 0.00495822664408314 -0.00168567619253297 0.0104574496057988 0.0173000083702734 0.0118590372032815 0.0118390055974843 0.0065111673257586 0.0116110624629586 0.0119819659108307 -8.31464586485958e-06 0.00773643128046613 0.0138429607594025 0.0130137419213016 0.0107099441274356 0.00380228206684546 0.0160401700645709 0.00433317692595402 0.0121639585620928 0.00616454397341789 0.00733731678674243 0.0131982419939726 0.00353467590441857 0.00748396394695956 0.00922732010554872 0.00541184617839884 0.0006307380369996 0.00192156985828705 0.00485609275286317 0.0037395970837149 0.0145483361761511 0.00917842707020006 0.00737789733036851
-0.00595175863920469 -0.00321395252076592 0.00487044857499129 0.00404949679596923 0.00562492579310272 0.00891546086664867 0.000917375231521447 0.00890490086702807 0.00679682202640992 0.00179473241203584 0.00662099238860794 0.00976277364915241 0.0117791778257904 0.0162601486173317 0.0086572268631443 0.00417729988646343 0.0120744816711164 0.0117106698492005 0.0155336701696367 0.0105608058279174 0.00826449357858112 0.0128649647518222 0.0098029412832376 0.00805520620033502 0.00363761203655184 0.00301942721851713 0.0114650653252946 0.0087521998240761 0.00437650711773449 0.00970023934986618 0.0169658343079506 0.0121752069972965 0.00376850893056355 0.00662114833933416 0.00813442389388767 0.0119160797220282 0.00343334485984655 0.0141915006911519 0.00284835012696624 0.0102869386541513 0.00947574703780138 0.0105204480919544 0.00724251681958083 0.015400956589919 0.00528413126571198 0.00555493792806659 0.00853625157886309 0.00610819540184298 0.00974247895156529 0.0081662520160655
0.00388569467572392 -0.0074390731121676 0.00249484115218541 -0.00207853761509776 0.00542880388036665 0.0063693371099172 0.00459990344791313 0.0111919661029377 0.00607624402612336 0.0106511584819435 0.0128366632817919 0.0092275165004498 0.00745873816074768 0.00799157260620272 0.0153184739669158 0.011919664707533 0.00904078702571351 0.00938528560746789 0.0165285563731458 0.011963261347629 0.00800012097972578 0.0111007699829829 0.015928215284977 0.00829281489081298 0.00533791355236919 0.0127780857971652 0.00774528983238821 0.0148798697101136 0.0109386656330101 0.0103085216545184 0.00823794716140171 0.00736759429938963 0.0084328821853777 0.00519128018839992 0.00305661340684044 0.0080334794600995 0.00229009459176967 0.0138926540482172 0.00708564822830179 0.0110681364817685 0.00793101537319906 0.00998395021688838 0.0126845129330363 0.00885957643273519 0.0046768855704627 0.0138434910887812 0.00512352002801021 0.0147791083189648 0.00432608849407714 0.0101702084150118
-0.00813438402712901 -0.000947260049309117 -0.00727258897528587 0.00577434033039121 0.00251083672341906 0.00184265318108792 -0.000837767510288228 0.00206129685164126 0.0124010780246922 0.00745355004101251 0.00438290983368155 0.00855845271559364 0.0103922841819904 0.0121174650284199 0.0145608743867542 0.0134706098303766 0.00775182571920643 0.00884627081036984 0.0163466725865823 0.00713302996380354 0.00762609387299538 0.00962744709973575 0.0117391219551675 0.00662809697405331 0.00782714358382597 0.0114253466649964 0.00150222401936641 0.00653515697582431 0.00582045475435281 0.00995938011594731 0.00804296635888307 0.00831473146891109 0.00561067880123063 0.00244053722790526 0.00412803730005447 -0.00246724706540928 0.0021574536410571 0.00297395999681652 0.00638829874253456 0.0125648338357585 0.00993252684212881 0.0103760623181312 0.00474332021453894 -0.00112084774942647 0.00863819334343482 0.000877672806976178 0.018334534451108 0.00828631688223196 0.0158942648902158 0.0175129322028886
-0.00258751754000447 -0.0071891761470851 0.00135979374893302 -0.00702554315746711 0.00617362623041031 0.00872226792799872 0.00287001844651859 -0.00188307980233256 -0.000591738013640862 0.0051090137385782 0.00729524426460286 0.0127321571880037 0.00690604765900991 0.00818081835048867 0.0122942209723722 0.0174510651634694 0.0108975647824704 0.0133625590858186 0.0120041298411693 0.010545277439798 0.00730136299498424 0.0126329886225458 0.0100588473155203 0.0156522817905062 0.0126147155194272 0.0100575045358265 0.00770695548142196 0.00379449647011658 0.0143829047248273 0.00228881191866486 0.00660305669278625 0.0149482066711481 0.00827004354692769 0.00175623119981788 0.0119468569442211 0.00714751393607115 0.00288141331625405 -0.00188104752250224 0.00238595126470119 0.00327081615150958 0.00655024318444716 0.00502312836754522 0.00436754400120238 0.00791828834871207 0.0101045621297445 0.0123957944650389 0.00729154622630282 0.0178968930194548 0.0120196207769248 0.0146279580065515
-0.00396024869359945 0.00203476140005731 0.00411529192363757 0.00209075036987076 -0.00521092869103957 7.46687197633951e-05 0.0102885098648822 0.00671434969589657 -0.000111448983857738 0.00510352984610521 0.00487506812199778 0.00480733913538445 0.0109089989855869 0.0105541929574589 0.0145996416871405 0.0105557020291641 0.0121819054516894 0.0124912903292317 0.0137614012208357 0.0114847220374076 0.0065954270585015 0.00378409921488474 0.0143757298716309 0.0108388323501478 0.0159996138211058 0.00631897807120306 0.00439465471295625 0.0077421269622795 0.00456640384897965 0.000955372795202684 0.00564907883035401 0.00609198599881925 0.00772165506701012 0.00913009498327649 0.00758964835163037 0.00851274181554681 0.00406351616957566 0.00546119115883409 0.00908650693559249 0.00660350462297534 -0.0022053739202401 0.009741565759219 0.0131766809351034 0.00457651239106145 0.00972806164164921 0.0114217476051175 0.0130842431416349 0.00875768809770061 0.0118047490163691 0.0162006027889439
-0.00814097344601681 -0.00087385084181139 1.95919932815464e-05 -0.0056093312319167 -0.00254472512101848 -0.00627978329411422 0.0119014923744135 0.00368085482120996 0.00641578273544684 0.0131227853039519 0.00671945153241369 0.00255006129073376 0.0144856467888036 0.0108738625071344 0.0137250583597135 0.0148988909883046 0.010763265754724 0.00676889212135393 0.0132588330121835 0.00895285496791103 0.00825144274861879 0.014292609299717 0.0129955301191025 0.0102609047065118 0.00585036125399956 0.00608506547612367 0.00923055913007572 0.0058556255926782 0.00563843318355463 0.0128656918498598 0.00885211223370193 0.00772343038150336 0.0107889781561419 0.00478767601040618 0.00246148722208484 0.0094887667985832 0.0108382498563247 0.00678781130640372 0.0126197339895638 0.00795884557204633 0.00718816257200861 0.00952737943470605 0.00426567573967841 0.00610253783963158 0.0154486170448732 0.0131412363126445 0.00875548235431611 0.00857262008199027 0.0137587324263547 0.0134973419411868
-0.00410611179255927 -0.0054479769157957 -0.00235504593853803 0.00160364540329619 -0.00634501190856959 0.0124348146929757 0.00444398052469112 0.00176135409350867 0.00254193837880662 0.0038488045236997 0.00909254167828069 0.00304908735992217 0.0049407470650566 0.0110824821829733 0.0124673117432336 0.0189872089052649 0.0134257494230538 0.0140272481052848 0.00594703389262251 0.012721416823716 0.00638282294377075 0.00720428033367859 0.0138948512183672 0.0101222050832647 0.00863567088772411 0.00686632604548688 0.00339348975842075 0.00366211974523928 0.0076760036381885 0.0043089825833159 0.00946395135172294 0.0079728813605874 0.0126305349808878 0.00673027547518117 0.00580989353947451 0.00227760726608424 0.00461820115156995 0.00491787093467953 0.0110152593044522 0.00559004551080412 0.0106360429274981 0.00105506211845121 0.011284074348411 0.0135001496509206 0.0120823528390264 0.00716795882897395 0.0158795937462044 0.0175487251682759 0.0123894068933349 0.00432758232211988
0.00223702101974714 -0.00268993386387993 -0.00470680509436265 -0.00799726212477093 0.00448942972056589 -0.00138784482155885 -0.00407719855971232 0.00988034794178808 0.0058963078989673 0.0127942591411979 0.00284416463314802 0.0104922350609366 0.0161724030094331 0.010634625582221 0.011543745856581 0.0120068927381006 0.00917852327003883 0.0150557683649686 0.0142711701565054 0.0103740786321387 0.00974827122135416 0.017582977175756 0.0162598828139504 0.00463472650777593 0.00917565843074031 -0.00148267777544174 0.00390170149247658 0.0136646750668395 0.00983408794531477 0.00630426800150301 0.00412584710971928 0.00762786414040331 0.0139141725641423 0.00533201454943983 0.00754442096583334 0.011143652458183 0.00590563298873672 0.0095281477070567 0.00409642599208232 0.0158074275710116 0.00174281516645948 0.0121223917462608 0.00596692226427065 0.0160974446646958 0.00458847716191976 0.00845688735060914 0.00751770952471918 0.00786082112293747 0.0126053978705055 0.0180172560206051
-0.000668454633371742 -0.00590958482873526 0.00506032301446996 -0.00345296502681845 0.00110058095011218 0.00569824467992625 0.00371488566479163 -0.00140266620666975 0.00154974044850347 0.00567385786717377 0.003169383447196 0.00960186781529054 0.0131988211661515 0.00811301970765236 0.0104590196700024 0.0206007988115878 0.013271532814735 0.0169734334850181 0.0133356381705814 0.00517756372351036 0.0146867924891594 0.011959062259917 0.00576564107741618 0.013298177732909 0.0107366187125789 0.0091235480421796 0.00342899435280155 0.0124527953286651 0.0104245322484534 0.00935249972007178 0.00589586697806624 0.0134582859635813 0.00543299116897824 0.00850437506332802 0.0114812234586889 0.011095921781937 0.00855444534646878 0.0135284436859789 0.00757891959161335 0.00710494956270915 0.0102227543834254 0.0141022206156327 0.00869313712139561 0.0138056340934135 0.013551919734714 0.0155411091293458 0.00807073629408755 0.0118316739113976 0.0120764200114826 0.00556522828975366
-0.00522895910850716 0.00365952328351935 -0.00533676189304327 0.00276633680808535 0.00119390008703024 0.00739870032026938 0.00242635564820583 -0.00102385644372037 0.0016035569529967 0.00137574740563571 0.0120178976663837 0.0164244290039286 0.0125089255246338 0.016952611688113 0.0189537667154325 0.0135682523916878 0.0177377349791072 0.00682615826390578 0.0184425776754697 0.0220008600879406 0.0141523424554233 0.0129728164547625 0.00934629424277062 0.00418291165681606 0.0138405540490989 0.0152879001918392 0.00707528402504829 0.0163599582874818 0.0114501891925875 0.00523301491491982 0.00942834303817274 0.00813097364029339 0.00980180251412399 0.0125521675947775 0.0133644950959104 0.0100735907787798 0.0105784798432093 0.0119539500004345 0.00863254647975377 0.00303658685728269 0.0131570382696245 0.00864104594832939 0.00945796006917135 0.0141050986060603 0.0136990824862066 0.0170514894203377 0.0114064016193279 0.0125385370296138 0.013265536767391 0.00917599374948732
0.00365474130828613 0.00118404512219951 -0.000795510756905555 -0.00483197057061322 -0.00139352835497274 0.00192949594242617 0.00918578325777597 0.00327974142155047 0.0126708599195269 0.00549061370077935 0.00808715230450265 0.0179957281628199 0.00726152289692641 0.0119678400261428 0.00867665057784482 0.0122401466549125 0.0216744419660406 0.0119018763116476 0.0171836639097151 0.0152695868429015 0.0137486946671027 0.0118994051594818 0.0117868303951061 0.0176463522361677 0.0126446923679152 0.0147988280949281 0.0113466454606707 0.0173456136960581 0.0129085143952891 0.0143045460383394 0.00991131014384023 0.0209221123931192 0.0121790994904581 0.019724438384339 0.0187012732900703 0.0113089025513716 0.00777984290041123 0.00828223591472047 0.0180888465273633 0.0200205432559834 0.0131056307096107 0.00740884761212515 0.010532623428185 0.0117874612868751 0.0157499329916332 0.0170279290918388 0.018719798850364 0.0190252367545783 0.0130499877850752 0.00571656817991454
0.00253277809342046 0.00117880172236572 0.00465574549830605 -0.00558307570656451 -0.0028140873541162 0.00223579861039377 0.00108927661471308 0.00251900925792817 0.00266334487837579 0.00640527597811517 0.00700739312860466 0.0131097503310789 0.0170296396423771 0.0131377769565498 0.0192563057965493 0.0196547753846158 0.0212133534794236 0.0185379087708658 0.0192336590997742 0.0170810019369689 0.0130709918884329 0.011225079796893 0.004252696756935 0.0151703627035796 0.0132617991545133 0.0142880699002067 0.0111058461405169 0.0182027787851295 0.0172926143833404 0.0079939111304972 0.0139881314309121 0.0114657667911679 0.00804519744703288 0.0110993355691137 0.0104340078607334 0.0120158209364484 0.0094279951766306 0.0145636680068075 0.0115669730404271 0.0126913931425705 0.0172094992921812 0.0103788893965526 0.0188875827353695 0.0155880866809464 0.0076353138822776 0.00875604627844856 0.0181114625504947 0.012244391307898 0.0110665474766949 0.00367455173294078
-0.00510784259124727 0.000200376149771494 -0.00220409944808996 -0.0087070453005633 -0.00372564303615193 0.00301926474607709 0.00670740437824127 0.00364799610821784 0.00787917635387372 0.00189778592531955 0.000394485861552103 0.0112651612750637 0.0125844403104019 0.0184657829647101 0.0163579402142456 0.0165327918101606 0.0190185563450449 0.0124971967291484 0.0154572385472561 0.00838415586148737 0.013962046061652 0.0121999922449632 0.0201204591800072 0.008715891937413 0.0171815802369682 0.0154480233188123 0.0124400062247186 0.020855963996945 0.00989685748383217 0.0101891404622935 0.0163933655222211 0.0171385333743596 0.0187463053719888 0.0231647671550807 0.0137847980028625 0.0170180427135315 0.0104840423034826 0.0135173698881843 0.0167080572759921 0.0187216389463346 0.00980416509236846 0.0176068515633694 0.0140485721687205 0.00424961709203362 0.0178013129323695 0.00811711469314792 0.00959018542116832 0.0100188680683508 0.0107768409611221 0.016417349323148
-0.00660773349485541 -0.00148033376658818 -0.000465659134131197 -0.0067232992657181 -0.00314036879171684 0.00233552224953515 0.00893309748376364 0.00273753666540381 0.00735751738870522 0.0135768349672644 0.00754362407165479 0.0115154021571271 0.0141949422734855 0.0111495618876536 0.0136113513399641 0.0155689832443771 0.0195617809524036 0.019274873508009 0.0180764407139241 0.0157002873322069 0.014343624083519 0.0164468543892188 0.0205778139409459 0.0163423856038789 0.0192381262549572 0.00835189334845105 0.0140193903484037 0.0112841528561835 0.0117768445970419 0.0206673544439188 0.0110913570916402 0.0196930994577836 0.0218401183879037 0.0242756802639152 0.00795530862869593 0.00595192403145181 0.0240886080434385 0.016589436542311 0.00905717309078303 0.0117792404825936 0.0072261250886131 0.00807009677068517 0.00646239851972033 0.0210145950357138 0.0121834253818396 0.00774133500166346 0.0106291717749167 0.00406027290410718 0.01577037890189 0.00856937325989839
-0.00651969968392336 0.00303041539752411 -0.00220627553250856 0.00372850937720972 -0.00414839333330294 0.00411407467100309 0.00998310892423016 0.00516567380755705 0.00172475206527123 0.00117589392518011 0.00911248888021986 0.00872799006278399 0.0134247499805319 0.0139558696904692 0.0174660098829408 0.00805878815622238 0.0152318558179106 0.00976944878221092 0.0218309653368508 0.0156759828438619 0.0178714708005057 0.0134459917334864 0.0101927777635845 0.0107264165720024 0.0184349745814142 0.0167061600798878 0.0173791966335278 0.017537460326814 0.0107382060830064 0.0241136134738429 0.0168344212218559 0.0131409426900245 0.026039034135087 0.0120190780265966 0.0237568615135492 0.0163621900686746 0.0180305561456598 0.0113587196546051 0.0206913143411228 0.0219259751290342 0.00562458660430007 0.0178890201848649 0.00955089608667712 0.00902760970078297 0.0104935187961556 0.013120502988103 0.0124235861106395 0.00519569827029768 0.0169213715765942 0.0176181621448146
0.00232452610723602 -0.00639049765651272 -0.00828052716788535 0.00385199507686192 -0.00225293108554634 0.0035017224710302 0.00227308925138155 0.00446000544621358 0.0118552684360511 0.00408311581506879 0.00785082454689313 0.0120221071963034 0.0130986044705157 0.00505032089013582 0.00990513299208039 0.0133572952137216 0.0154978561174435 0.0092507202584073 0.0109618360768659 0.0191344596840485 0.0171334726694248 0.0094724880885175 0.0123307555010224 0.0115376485812002 0.0171830552737747 0.0197869026688455 0.0150565420834634 0.0200442429670397 0.0172636186114209 0.026170102877356 0.0267768313989746 0.0269991396768099 0.0185916996011574 0.0234453780734979 0.0169964488699112 0.018330072945453 0.0213359263309626 0.0151195997529909 0.0158557506985728 0.0151337842215501 0.0185330089943947 0.0120672546793631 0.00155473580949743 0.00839004123539494 0.0217544206337536 0.0136681524950438 0.0142831627819695 0.0074803883077187 0.0163817179098834 0.0173030804962977
0.000201201468520363 -0.00998893193229993 -0.00235750093861759 0.00364049887304665 0.00547700211317173 0.00149644640238956 0.00790704204367853 0.00535331156601342 0.0100971117547641 0.0145799166300045 0.0109883999683507 0.0123798678757655 0.0141537109960696 0.0159675477409109 0.0100742106379211 0.0114011682742597 0.0142089826373284 0.00768015207097843 0.0160908834382452 0.0170543646801798 0.0149474891019631 0.00624447708964285 0.0155087465911459 0.0126853195737662 0.0133802625148243 0.0185601152013552 0.0106066091566401 0.0219753349963205 0.0203285729978182 0.0227028816841176 0.0182053126403023 0.027520008241553 0.0318829354279642 0.026702949005943 0.0262943774894754 0.0236868099263934 0.0158222904112342 0.0229723512994991 0.0172573300243201 0.0161356120004437 0.0106670582673668 0.0196822075976542 0.0191447141397755 0.0124521136169304 0.0226157643944032 0.0183626712054321 0.0162305040958893 0.0192375918072521 0.0123044025327329 0.0195440121040869
