data/pcas/pcas_can_126/pca_referenceLayers_can_126/PC19.asc
NCOLS 494 
NROWS 529 
XLLCORNER -117.166666666667 
YLLCORNER -55.5 
CELLSIZE 0.166666666666667 
NODATA_value -3.4e+38 
[rows 273 to 293 of 529, columns 343 to 391 of 494]
-8.85053737723368e-10 -8.69553767897738e-10 -9.34186188121257e-10 1.55806598162144e-07 -1.58287422354273e-07 1.54862599489978e-07 -1.89435180338327e-09 1.5450547944898e-07 -1.59694986883079e-07 -2.21197806583553e-09 -2.73647951376894e-09 -1.59704551307205e-07 -1.32720981581024e-09 1.54608571169054e-07 -1.77449820822945e-09 -1.56369905715069e-07 1.55704946853577e-07 1.59316511356814e-07 4.11307336206557e-09 1.60394017604304e-07 1.61582597832022e-07 4.96756163285878e-09 -1.53053334973998e-07 3.57063934925746e-09 -1.54125245232039e-07 5.15459363575667e-09 1.63439895416822e-07 1.62384828243076e-07 3.9637442896354e-09 1.60623210895551e-07 1.58802955528669e-07 -1.55700217630054e-07 1.58183704272809e-07 2.25132730767283e-09 7.19128900154536e-10 -1.55960051498776e-07 -1.56519621578193e-07 2.08506070952968e-10 -5.14381323048782e-10 -9.42885114967118e-10 -1.57166017750913e-07 -8.38051021500836e-10 1.55899052638949e-07 4.19285162578698e-10 5.98356407314602e-10 3.07426229413234e-10 1.57226994658204e-07 -1.56689046934543e-07 1.07367394127335e-09
1.57044857259531e-07 -1.58691880206464e-07 -2.39467726038139e-09 -2.59984742314844e-09 -1.81116467539133e-09 1.55834798285265e-07 -1.30471434138014e-09 -1.4436249897911e-09 -1.59959007522378e-07 1.55828566689054e-07 -2.78211679207712e-09 -2.2886825714928e-09 -2.04952156325258e-09 1.54740607371445e-07 1.55270746645095e-07 -1.13407715515097e-09 2.14736253195207e-09 -1.52401160490215e-07 2.47787057818823e-09 4.52572210839782e-09 -1.53022141231667e-07 1.60560176187708e-07 -1.52365731837543e-07 2.24717181993913e-09 5.69182574581855e-09 -1.50395544081376e-07 3.19545798862558e-09 -1.52717245865831e-07 -1.51786277753294e-07 1.5954720946201e-07 1.6683105568106e-09 1.58782940561089e-07 -1.55389061344583e-07 5.38492912271395e-10 1.57179407232251e-07 7.85738307814488e-08 -7.77787529059038e-08 -7.70869429473425e-08 4.03110885362079e-10 4.3894277412924e-10 -7.80282803839882e-08 -1.50776317030649e-09 -1.4955297986096e-09 -1.58980295529472e-07 -8.31049942675325e-10 2.64236039355568e-10 -2.4679672887693e-10 -1.5693408722352e-07 1.38584482923096e-09
-6.97778852313793e-10 -1.65844821771617e-09 1.55347514363005e-07 -1.58580272523792e-07 -1.67736467385202e-09 1.55518958766623e-07 -1.85950180905685e-09 7.61292032549977e-08 -2.00853867064886e-09 7.65806126116057e-08 -1.60236788043639e-07 1.55185480033091e-07 1.54590581770167e-07 -8.29003654008993e-10 -5.21853701436136e-10 -1.57194221423969e-07 1.69609729781766e-09 1.60415121136024e-07 1.58785682112599e-07 1.60121785061611e-07 -1.54120926935782e-07 4.99922293451963e-09 5.3168580241422e-09 1.58881545516564e-07 5.52360751409316e-09 -1.51303340697205e-07 4.33333849775097e-09 -1.53230564530245e-07 -1.53236758804541e-07 2.56995006715061e-09 -1.5397283591293e-07 2.42697677108515e-09 7.95036069921521e-08 1.57662291834599e-07 -7.67349411347193e-08 -1.55737746941971e-07 -1.57370441278487e-07 -1.56842620320622e-07 -1.57184964815443e-07 7.7701423873547e-08 1.55601987732627e-07 -8.00564357796189e-08 -1.38057001247016e-10 -2.13259855610894e-10 -1.58028351931114e-07 -4.60696375290629e-10 -1.56670716958659e-07 -1.57064602931024e-07 -6.41742975864351e-10
-9.72893762309305e-10 -1.59222541426897e-07 -1.58123406674659e-07 1.54944094530857e-07 -2.62256974328699e-09 1.53755874782902e-07 7.64398733174267e-08 7.65485299182073e-08 7.55561442176381e-08 7.60622554697898e-08 1.54804549969538e-07 -1.58896054737117e-07 1.55676438886754e-07 -2.81649445074499e-09 -2.64784941086235e-09 -1.58068657416372e-07 1.57703786880349e-07 2.6475276147808e-09 3.58845098271956e-09 1.60308748380332e-07 2.90255227369547e-09 4.9069236990221e-09 5.31183860062302e-09 2.10395803540917e-09 -1.5122826549241e-07 4.23152383201453e-09 -1.53270688836057e-07 -1.53727806430502e-07 1.58435823169996e-07 -7.48513002562591e-08 -7.65044057640153e-08 1.40496918950401e-09 7.78778555136884e-08 7.61613411963182e-10 -7.92855649461954e-08 -7.6989037138243e-08 7.77105769474483e-08 1.56451586478787e-07 -1.57936216351367e-07 1.55620098437235e-07 3.0094715945423e-10 7.70230923232812e-08 7.73170861265922e-08 -1.58431853354704e-07 -1.09174582764243e-09 3.47244557589464e-10 -1.57601955886942e-07 1.57315991683374e-07 1.01249114436842e-09
1.5541154531104e-07 1.56418615279471e-07 -4.08497487281774e-11 -1.93490465532759e-09 -8.07575677267738e-08 7.65845728304458e-08 1.55033680312831e-07 1.55995175940333e-07 -1.60513883651952e-07 -1.58410073155394e-07 7.59602279121056e-08 7.59546996193313e-08 -8.13467651319274e-08 -5.44653723986645e-10 1.55417898709576e-07 1.54491013262641e-07 5.19320277806841e-10 2.87530586981108e-09 3.70208977335734e-09 3.67656243225287e-09 3.51335299925035e-09 4.28942342783091e-09 5.13572523083176e-09 1.61440384173821e-07 -1.51964333732674e-07 5.32756006206533e-09 2.77760086816468e-09 -1.53841284471016e-07 -1.54560297619718e-07 1.13878138843776e-09 1.7041320880282e-09 7.8241039687008e-08 6.19121267967127e-10 -7.72965455804752e-08 1.65536805758806e-10 1.5640241097851e-07 -1.49507033925185e-10 1.5732043883657e-07 -7.89735773574113e-08 -1.29783679205094e-09 -1.92608956753018e-09 7.78424710478462e-08 -7.97035785691446e-08 -3.41670334205842e-10 9.76720257444343e-10 -2.88808432198891e-11 -3.57515610985149e-10 -1.02673261037934e-09 6.79636579583117e-10
-1.33174743260051e-09 -2.5044320442171e-09 -1.93960583318653e-09 -2.56100028515195e-09 7.70729367338794e-08 -8.02351282934922e-08 -1.58853270013542e-07 -1.58290648304971e-07 -8.16937687534168e-08 7.67266144458445e-08 1.54732213523736e-07 -8.04885860978685e-08 -8.08602274131663e-08 -1.43609521907092e-09 -1.5705369724087e-07 -1.58639774222449e-07 1.00003074341754e-10 -7.22941111697367e-10 3.87921866079045e-09 4.47417190393043e-09 5.13619185802541e-09 1.62191678076485e-07 1.60686170395653e-07 -1.52821737369857e-07 3.38713344398984e-09 2.85819429325268e-09 1.59316818526896e-07 3.61134235342858e-09 4.26538185064495e-10 1.1778508161572e-09 -7.93316266828946e-08 -8.00639836289362e-08 7.88986393815132e-08 1.57306052927707e-07 -1.56526152070601e-07 1.54812646706595e-07 7.76820734262017e-08 -7.91237332516593e-08 -7.82848486173779e-10 1.57393299202209e-07 -7.02834159090592e-10 -1.57507009534435e-07 6.42078852808405e-10 7.80402232947021e-08 -7.81475046861974e-08 -1.56953879967625e-07 1.56919555243967e-07 -1.57303628848367e-07 1.4353777072851e-09
-6.40658501960046e-10 1.55134522018672e-07 -3.25221801024459e-09 -1.58981117316367e-07 -1.43965940539415e-09 -8.06329681247041e-08 -1.57392716953769e-07 -2.54272468005656e-09 7.55359817826319e-08 7.5603166877139e-08 -1.71657514027494e-09 -8.02442235458291e-08 -2.39921814960024e-09 -1.59870457740195e-07 -1.68084436064464e-09 1.56534442902306e-07 1.57415386401236e-07 -2.11162424947201e-10 -1.53684644302426e-07 5.21153468915092e-09 5.45367335209946e-09 -1.52379963409881e-07 6.2469184221671e-09 1.61591798440848e-07 1.61078497678278e-07 1.60533110778868e-07 2.13532101463407e-09 1.59086781338738e-07 -1.56368553294156e-07 9.41167012420056e-10 8.04769521211134e-10 -7.87870325628827e-08 -7.81943041294832e-08 -1.32855895699872e-09 2.20895713443899e-10 -1.39259300808975e-09 -7.9977950789056e-08 -1.56963039858794e-07 1.56192954644083e-07 -8.05640741559353e-08 1.56308818287268e-07 -8.24029761924755e-10 -1.02376807756991e-09 -1.24218982754654e-09 7.94656823768767e-08 1.55299565200558e-07 -1.57508765293153e-07 -1.56970562929501e-07 -1.57491086668398e-07
-2.00494891591309e-09 -1.55975706800621e-09 -1.63406943716853e-09 -1.69933385002909e-09 -1.51246840497144e-09 -7.96216578859466e-08 -3.21265752469086e-09 -8.05855442678172e-08 7.48764982918331e-08 7.56426802831956e-08 -2.31739766737568e-09 -8.11871717127356e-08 -8.107750361166e-08 -7.9666826797524e-08 -8.07800089477214e-08 -3.10836745697412e-10 1.88500455983096e-09 3.50321076173548e-09 1.59677498707983e-07 4.07416871583299e-09 5.00899401619121e-09 5.92695761856688e-09 -1.50673186875298e-07 1.59804696519976e-07 -1.54398519382007e-07 1.58600365167571e-07 1.25916353384354e-09 1.58091350647885e-07 7.97790529362542e-08 -1.56454262993332e-07 1.54911794046722e-07 -1.58054310169945e-07 -7.87190146854251e-08 1.55391256537005e-07 7.70848308487075e-08 7.67446459937063e-08 7.80298855009335e-08 -1.58138010371925e-07 -5.01395638671838e-10 -7.56686632631626e-10 -7.98128895682439e-08 -7.89377891294249e-08 7.68464056172887e-08 7.72383484229947e-08 7.82413025792477e-08 4.59719820657149e-10 -1.57491526447854e-07 1.25032502818245e-09 3.1264065669383e-10
-1.59052000231603e-07 -2.47027228558375e-09 -1.5832458444414e-07 7.74110665614437e-08 -1.58858129275416e-07 -8.03257755715662e-08 -7.51840782786508e-10 -1.55909778447871e-09 1.5400262815992e-07 -2.58887523875761e-09 -9.13255588033965e-10 -1.78305406900988e-09 -1.10035160320499e-09 8.06452104714448e-08 1.04930629493357e-09 1.57530679197702e-07 9.66182815939981e-10 1.57172805115141e-07 1.59756491342603e-07 -1.51815096929678e-07 -1.50873170096285e-07 1.63681726973847e-07 5.15811127399729e-09 -1.54187671018741e-07 2.68824735499039e-09 3.77092001033977e-11 1.57620273190973e-07 -6.29787200954437e-10 -3.12011173945104e-11 -1.570893447159e-07 7.72972072397694e-08 -1.03657064643722e-09 7.78449588716757e-08 -1.56773396259358e-07 -2.27793089539071e-09 -1.53568700408746e-09 -8.04676498979438e-08 -7.9084640274219e-08 -7.99172138501654e-08 -1.58682280235993e-07 3.42461920021905e-10 7.79912363539012e-08 -7.92405313825961e-08 -7.89138092632631e-08 7.88476471622104e-08 -1.55780028915985e-07 -1.56386335727862e-07 7.06303433922776e-10 1.57499576637881e-07
-1.29894579007802e-09 1.56147663259091e-07 -1.79183936856801e-09 -8.02449803050919e-08 -2.31516130959568e-09 7.6284301963325e-08 -2.24426486951463e-09 1.53784837513023e-07 1.55755560310048e-07 7.55841672295362e-08 -1.58177165445372e-07 1.07112972545098e-09 -1.56697859232064e-07 -9.53401792241982e-10 1.5658741460793e-07 -1.57110531606867e-07 -8.25452638353479e-10 1.57020863763016e-07 -1.5578900854151e-07 2.41442665408711e-09 1.61837100245564e-07 5.20293527970769e-09 4.73062609100578e-09 1.5787605310167e-07 9.37303463847978e-10 2.72869860162048e-10 -6.31332375524584e-10 1.23087630664672e-11 1.56547392068148e-07 1.54592097552153e-07 -1.56437985145642e-07 -1.44479348588669e-09 -7.89409648209255e-08 -1.56514697460903e-07 1.55438547613084e-07 -7.85672163587192e-08 -7.77623084576495e-08 -7.89532043824743e-08 -1.58152360262334e-07 -1.57238039739171e-07 -7.82362988780286e-08 7.82160858676677e-08 -1.54145842787625e-10 -1.55908172078509e-07 -2.9027177822855e-10 -1.5700870185029e-07 9.96728161505775e-10 1.57748287322972e-07 -1.55038267951551e-07
-1.57720146931867e-07 -2.48402888713447e-09 -8.81705154727741e-10 -1.58183331511193e-07 -2.82670870426079e-09 -1.60047267382365e-07 -1.58783435992005e-07 -8.14556442386695e-08 -2.21383891020112e-09 7.58834275807099e-08 1.57364395912243e-07 -1.57495916876983e-07 -9.47768959862656e-10 -1.03848577866824e-09 -1.96574449089255e-09 1.5530959851555e-07 1.55215099073958e-07 1.56247916929736e-07 1.56929772739828e-07 1.37980448298883e-09 2.22180604465764e-09 2.87688257553209e-09 1.57995311184603e-07 1.89161351698803e-10 3.27339615051962e-10 -9.27252689341733e-10 -1.11582311347449e-09 -1.5881282420635e-07 1.56546100064937e-07 -7.89393045773553e-08 1.55673869353402e-07 7.81392622592508e-08 1.56943362144835e-07 7.78624411136031e-08 -1.57857519176126e-07 -7.75788849252186e-08 1.05685505827343e-09 -6.74803744285108e-10 7.82099485760247e-08 -7.84506113589416e-08 7.71033710214873e-08 6.96601136264754e-10 -1.5682024620545e-07 7.83176967205475e-08 -7.75380322435679e-08 7.77767154652592e-08 1.25407024693963e-09 1.48893506932997e-09 -1.53918183561011e-07
1.56054840058559e-07 1.55391996053099e-07 -1.59315862064749e-07 1.54621913453906e-07 1.56134798376173e-07 -1.59646311447088e-07 -8.05093321112611e-08 -8.11947368898439e-08 -9.18422955032401e-10 -1.10500499002971e-09 1.56070014003535e-07 -6.26499552311216e-10 1.5631523130228e-07 -8.29987068817829e-10 -1.58308631451167e-07 -5.89930182193552e-10 -8.36846128700609e-10 1.5523036805159e-07 -1.66348861501251e-09 -1.17019592502975e-09 -4.50602578398502e-10 -1.56966937996534e-07 -2.3015788264694e-10 -2.29325619624246e-10 -1.57513283711999e-07 -1.01042040407383e-09 -1.00909636866209e-09 -1.58140428867826e-07 -8.70588521596612e-10 -2.28719560965305e-09 1.56184947911128e-07 -1.58278775817565e-07 -1.81673336795232e-11 7.79508678551425e-08 -1.57804115353501e-07 1.57247056575364e-07 -7.85782338259266e-08 7.92358142648291e-08 1.56431122632347e-07 -1.55761233388552e-07 1.56750760882125e-07 -1.5827059469669e-07 -7.74224054847167e-11 -1.56070309116716e-07 -7.80347509031107e-08 7.87194777318527e-08 7.92477683365669e-08 2.69342586276356e-09 2.29913753636393e-09
1.5655025321335e-07 -2.30099835735072e-09 -1.60607288618445e-09 -1.59166841992249e-07 -1.50566701171533e-09 -9.9834020949621e-10 -2.05048326226067e-09 1.5622923213006e-07 -1.5159290502706e-09 -1.56993126428663e-07 -1.4141947209342e-09 -1.28927009342555e-09 -1.58217455444114e-07 -1.59099833481055e-07 -3.38056918106088e-09 1.54897965082698e-07 -1.59242889422403e-07 -1.22632432913736e-09 -1.58228351058095e-07 -6.34271494540045e-10 -1.98518391207624e-09 -3.95812029470264e-10 -3.21204924760274e-10 -1.25219064809718e-09 -5.47179395919582e-10 1.57529509855363e-07 -1.57446661906835e-07 -9.91845324539151e-10 7.74657082574537e-08 -7.14578556486662e-10 7.78427027566344e-08 1.9447892031846e-12 -1.57858727476065e-07 -7.89034574844914e-08 7.94113132677366e-08 5.22225114928692e-10 -4.29582709734027e-10 7.84076383336558e-08 1.58643413701324e-07 -6.17964908196566e-10 -1.49285235199252e-09 -7.82722100717273e-08 1.32939941164667e-09 -7.74263262797111e-08 -1.55011073843276e-07 8.07565999127082e-08 -1.54221873474511e-07 1.84982609891135e-09 1.58520964226645e-07
-1.55757935792204e-07 1.57774795116176e-07 1.56160499219957e-07 -2.52290726056119e-09 -1.58000184937685e-07 1.58190545519356e-07 7.98379730760248e-10 1.57336352259982e-07 1.56015347661421e-07 -8.04352611457781e-10 4.52588701810932e-11 -1.58380087129902e-07 1.54895489075038e-07 -1.59410057246833e-07 1.54071817775194e-07 -1.33281794028594e-09 -2.46641747317805e-09 1.54451612244739e-07 -1.58311538159836e-07 1.55697398486915e-07 -7.19413101270836e-10 -4.63108341586772e-10 -1.37812398955214e-09 -3.0321307354131e-10 1.55287821266629e-07 1.55540310503447e-07 -1.45646982472589e-09 -1.5718744482617e-07 -1.58378672680831e-07 -7.95258122328826e-08 1.552486811797e-07 -1.57357866076761e-07 -1.56141553813878e-07 -7.92010983459269e-08 7.81965090116359e-08 -1.56219860038001e-07 -1.56858200502824e-07 1.57322003535508e-07 -1.56222833116195e-07 -1.56768617940069e-07 -1.57545433382724e-07 1.57872707090509e-07 1.57145277477639e-07 1.57239238377691e-07 -7.74398029452444e-08 1.58728267118403e-07 -1.54168016950333e-07 1.28911125765607e-09 -1.56625144548109e-07
1.56793676117272e-07 1.56790663559726e-07 1.56126027677161e-07 -1.75864062188619e-09 1.54598853144115e-07 -3.59311900114428e-10 -3.14381906056331e-10 -1.19282521331858e-09 1.56028697992423e-07 1.47538873100167e-10 -1.57658590360562e-07 1.54578173973939e-07 -1.59937893963295e-07 1.54684510025146e-07 -9.42898984572107e-10 -2.08241505758012e-09 -1.31831561367329e-09 -1.82617903840227e-09 -1.90173610110596e-09 -2.08517028001684e-09 -5.08436043481591e-10 1.5523004971136e-07 -1.57926529914291e-07 -6.45371884190675e-10 1.5523756757297e-07 1.56253662517355e-07 1.55604766070302e-07 -7.30534639712653e-10 -7.95425895121243e-08 7.8080833958807e-08 7.83021084129761e-08 -7.91233855573144e-08 2.65244092627185e-10 -7.79044622545265e-08 7.8723527265197e-08 1.57703570935142e-07 2.43833514513076e-10 6.68327238116155e-10 7.07231837141556e-10 -1.55954840208421e-07 7.88027948786063e-08 -1.56681027470454e-07 -1.56927023853775e-07 1.56617694102555e-07 8.05192950007142e-08 -7.60644137755248e-08 7.86033591040589e-08 -7.87877683188647e-08 3.23544051172483e-10
-9.98940041107084e-10 1.56357297142312e-07 1.56284053028724e-07 4.90289927952347e-10 -5.06083093722273e-10 1.31501381438318e-10 -3.16106377611763e-10 -1.56546290524662e-07 -4.97784529745151e-10 -1.58853556948432e-07 1.55157921662815e-07 -1.58064604543317e-07 -1.59525280215943e-07 -1.60039925180891e-07 -1.81297209670173e-09 -1.59273699182679e-07 1.53959145684921e-07 1.5376076254772e-07 -2.57145893971525e-09 -1.59383844748078e-07 1.54692602128509e-07 1.55006854463821e-07 -1.33398379975902e-09 1.55286929795729e-07 -4.78090035053912e-10 -7.00610843145513e-10 4.20632517755312e-10 -1.57146869490507e-07 1.55127131947312e-07 1.56320929687037e-07 -3.73624948609725e-10 7.9113476542285e-08 -5.15443627902031e-10 7.83157213493103e-08 -1.56025612895652e-07 3.60711211727074e-10 1.57221211747465e-07 -1.57151086109843e-07 7.15505878490742e-10 4.02676457108997e-10 1.56523003753574e-07 1.57037490988594e-07 7.42959727723552e-10 1.59009546646532e-07 1.49074850737889e-09 -7.74834672120066e-08 7.93576900811866e-08 7.88529420098573e-08 1.57710286532759e-07
-4.08579105262198e-10 -5.63873315241305e-10 -1.55657930024276e-07 1.55347186103925e-07 1.57322213353444e-07 -1.56726415096235e-07 -1.0836798806158e-09 -1.57707117584661e-07 -1.97374778656673e-09 1.55528993682609e-07 -2.32259427805979e-09 -1.58379068465448e-07 -1.59843409108324e-07 -2.3628422335245e-09 1.55836951176182e-07 -2.74611737882414e-10 -1.57647167893408e-07 1.54806734372199e-07 -2.15306217241599e-09 -1.41974323358009e-09 -1.83529166247556e-09 -1.70039349616237e-09 -1.57659371867558e-07 2.64438239554159e-10 1.56502669105004e-07 -1.58127632904536e-07 -2.07504330355501e-11 -1.00631552013739e-09 -2.08636389310961e-10 -1.56847656538835e-07 7.8978433911988e-08 -6.9838168260397e-11 -1.57036653001828e-07 -1.56503088762573e-07 1.13574759611889e-09 -7.79677020989946e-08 7.91409927207187e-08 -7.71029066487212e-08 -7.83430329695681e-08 7.82634025469827e-08 1.65582886182362e-10 -5.32521125433691e-10 7.77799772645766e-08 1.766615987011e-09 8.01409975276925e-08 -7.77259577535737e-08 -7.82549023802877e-08 -7.86254908569616e-08 1.46488775261255e-09
2.78915088063576e-10 -1.57462681493336e-07 1.20979814746195e-09 1.57604312260611e-07 -1.56605903557196e-07 -3.25724199510547e-10 -1.79300048521676e-10 -6.97924933467288e-10 -1.59334147547004e-07 -1.59160334614776e-07 1.55688004543733e-07 -9.28524231612779e-10 -2.93971916073843e-09 -1.03837604363063e-09 1.53934516144457e-07 -1.58210024917127e-07 -2.56011272235147e-09 -2.78733990137062e-09 1.55270598375143e-07 -1.59300364349235e-07 -8.14052080315063e-10 1.55052185179946e-07 -4.82694178570236e-10 -1.56679661107419e-07 1.57220416916495e-07 1.05540882620262e-09 -1.56976387525526e-07 -7.8194664617878e-08 1.56269185687638e-07 7.93052189637276e-08 7.88587448138134e-08 -1.56377297964688e-07 -1.5731244032366e-07 -7.76658880847733e-08 7.89488611325466e-08 8.03764396587e-08 -7.67992903405873e-08 -1.56579708203565e-07 2.18201616470994e-09 5.40760286696446e-10 1.01457235246701e-09 7.85057486448821e-08 -7.61731407092294e-08 1.59726296132463e-07 -1.54379213566779e-07 -1.55253088422488e-07 1.5811381720855e-07 -7.69239678786974e-08 1.39521106845371e-09
-1.57744728048474e-07 1.56138053352724e-07 -5.47994984510172e-10 -1.55422593019512e-07 -1.56659847692237e-07 -6.89095008202891e-10 8.35897955482726e-10 1.57180949761924e-07 1.56831074967901e-07 1.54919376223058e-07 -1.63403321396533e-09 -2.61331630254639e-09 -1.59666897581186e-07 1.54453621849872e-07 1.55897893165242e-07 -1.99264469354646e-09 -1.387627484408e-09 -1.99359092655199e-09 -1.58275587955594e-07 1.57199947508961e-07 -2.05635384169279e-09 -4.81047637237091e-10 3.73395541404879e-10 3.49454969185827e-10 6.9751542573556e-10 5.74406320881664e-10 -1.55921386870601e-07 1.17695877726394e-09 1.57420167743494e-07 1.56200758627749e-07 5.55041705197453e-10 7.83825839361061e-08 -1.56264784682558e-07 1.57145188786389e-07 1.57325391617408e-07 2.27288559462031e-09 7.97202499607557e-08 -1.54921126474252e-07 9.21098315638001e-10 1.26323617873657e-09 2.55148324214748e-09 -7.66418174508899e-08 7.91400792266738e-08 1.14391212708e-09 -1.55461434518013e-07 7.88964242348662e-08 7.94706257743546e-08 1.73022426175806e-09 1.59058488860575e-07
-1.57382846545088e-07 -1.56723160127814e-07 -1.07982941896733e-10 7.56175661879183e-10 -1.58137346490824e-07 -1.53908268418468e-09 -1.57179701129178e-07 -1.17893368208874e-09 -6.43781600566733e-10 -1.57507719882577e-07 -3.07282889256788e-10 -7.03622699139144e-10 -1.82216929034902e-09 -1.5804916076106e-07 1.54548002759023e-07 -2.44863943949955e-09 -1.57515896101729e-07 -1.5739795658524e-07 -1.56720567487943e-07 1.55063235835139e-07 -1.57543617128379e-07 -1.57383517226645e-07 5.78764796745494e-10 1.57452839271504e-07 -1.56021941226135e-07 1.33503645324724e-09 1.57511603373793e-07 -1.57037607475715e-07 -7.93812718685431e-10 7.86839058802075e-08 -7.92559859357905e-08 -1.55574003752515e-07 9.75430272383409e-10 -7.67544289969547e-08 8.07347015329292e-08 2.25544701953387e-09 1.49090306187504e-10 7.98575346000794e-08 -1.55167570700448e-07 8.05661048612939e-08 7.90138434857794e-08 -1.54649547028066e-07 -1.54526299993846e-07 1.59320775273084e-07 -7.72589014552016e-08 8.06387362547006e-08 -1.55029682621123e-07 -7.69224437618206e-08 1.50100284542979e-09
-1.56649648315341e-07 -5.89426821345211e-10 -1.57724071513919e-07 -1.57846636487199e-07 -1.57368911728194e-07 -1.58294881809772e-07 -5.06475330232239e-10 1.55530968989883e-07 1.56304202528538e-07 -1.28716806102814e-09 -1.56884654450909e-07 -1.58376616841859e-07 -9.00092253096672e-10 -1.02678047639196e-09 -2.6651129557346e-09 -1.57573229960929e-07 1.5683965373097e-07 -8.85208163666615e-10 6.92781736655123e-10 -1.58084677556217e-07 -1.58024480006207e-07 1.5693123118625e-07 1.57905909191956e-07 1.24102916590323e-09 1.58067748154228e-09 5.74005779031773e-10 9.8380276579834e-10 7.88202178111913e-08 1.57327312938348e-07 6.8298504053603e-10 1.57320465378124e-07 3.05510153039673e-10 7.95931223347134e-08 -7.72234612108429e-08 2.13535903248846e-09 -7.63989780432214e-08 1.5783276443274e-07 -7.71116715645808e-08 8.12285203042798e-08 1.38569856234096e-09 8.04026784274661e-08 1.58593326624221e-07 1.6045948754149e-07 -7.53676598600531e-08 4.29511022972964e-10 1.1790869918591e-09 -1.54879077131826e-07 -7.73531403430165e-08 1.58132712723187e-07
