data/pcas/pcas_can_126/pca_referenceLayers_can_126/PC19.asc
NCOLS 494 
NROWS 529 
XLLCORNER -117.166666666667 
YLLCORNER -55.5 
CELLSIZE 0.166666666666667 
NODATA_value -3.4e+38 
[rows 168 to 188 of 529, columns 245 to 293 of 494]
-7.87617834824465e-08 -7.88758040932861e-08 -8.065957181718e-08 7.10196901553312e-10 1.35634820158751e-09 4.51190001219173e-08 4.9452895252865e-09 1.86760812107651e-09 -6.87913652587585e-10 -1.56078977573378e-07 -7.76987341977607e-08 8.04933371762793e-08 -7.57879056997533e-08 -7.72429631656349e-08 -7.98972947976812e-08 -3.97346156386918e-08 5.67351261610968e-10 -1.34969849853338e-09 -8.42055588696675e-08 -8.28032249639055e-08 -8.23126367443564e-08 -3.08929667469033e-09 -4.30445671533309e-09 -8.07348644488209e-08 -2.60598328834616e-09 7.79801731819916e-08 1.56529749970303e-07 7.99412079069797e-08 -1.55941901718545e-07 -7.72695483328462e-08 1.6017853322095e-07 1.58377723214786e-07 1.58857585894307e-07 8.07793503847223e-08 -7.58622490290723e-08 -7.76478421714184e-08 -7.86209277092809e-08 -7.96860193821502e-08 -1.55420289090617e-07 2.55779005839104e-10 7.83863015419236e-08 -3.73585392000745e-11 1.56044375855909e-07 1.56627032282988e-07 -1.57930156460595e-07 -1.57594719983859e-07 7.69837382521853e-08 1.55124612518169e-07 -1.46125116814699e-09
1.76104714460597e-09 -1.30482048605314e-09 -2.32526505815353e-09 -7.95310495063451e-08 4.06825655993864e-09 3.72728201500554e-09 1.81505449514056e-09 -7.84192023596783e-08 -4.55548106626002e-10 -1.56381267145656e-07 2.01702790768193e-09 -7.59571908798591e-08 1.45044754784323e-09 4.15927176420722e-10 -6.52139109276644e-11 3.66975617297673e-10 7.85420511652269e-08 -1.61687226364447e-07 -5.06995180333371e-09 -8.10909260395346e-08 1.53204856274253e-07 -2.32465549049405e-09 7.49800369958473e-08 -8.01790552655936e-08 7.61181442851109e-08 -7.95593035864399e-08 1.56726514114195e-07 1.59016257377037e-07 -7.6753102517587e-08 1.56392733764309e-07 1.59714036941491e-07 4.151436152161e-09 -1.53685546616558e-07 1.41428085368708e-09 7.9828791296991e-08 -7.67369636739718e-08 7.91262489277669e-08 7.80551745671617e-08 -1.5717171754437e-07 -7.82301282586851e-08 9.73687782238933e-10 1.58050018178428e-07 1.57988827208881e-07 1.56820870121122e-07 7.70523226414798e-08 7.81584519142308e-08 7.73245421956207e-08 1.54987682100143e-07 -1.58237374115131e-07
7.74888187632152e-08 -2.48301295634801e-09 3.3834667860133e-10 1.34665169600758e-09 5.08920924048731e-09 8.26176201565075e-08 -1.55768754434215e-07 1.56468405347767e-07 1.55493251596605e-07 -1.5556089894204e-07 1.5740449035745e-07 -7.55455345249768e-08 1.53999407701129e-09 7.84387623122336e-08 -9.52710109517126e-10 3.00963836489455e-10 7.47184846812618e-08 1.52678952799072e-07 -8.15483200582252e-08 -1.6052054652169e-07 1.5260687396486e-07 -8.16736482412437e-08 -4.14920650641201e-09 -8.18080742054692e-08 -1.59621847920451e-07 1.55389814069888e-07 2.66479721230987e-10 -1.55416887062144e-07 -7.89494073774216e-08 7.19124780368461e-10 1.60293229809184e-07 2.28737013006767e-09 1.23172345583401e-09 -1.55117710580739e-07 1.58018041044571e-07 -7.84702355014678e-08 -7.71014033794746e-08 1.57740958674197e-07 -7.83308130104414e-08 -7.70091011255564e-08 -1.55301633583311e-07 -1.56178471958125e-07 -1.56121457737834e-07 -7.8696147694879e-08 -7.87732760101368e-08 7.79670262343717e-08 1.56093797515691e-07 1.56369272053588e-07 -2.60354497205038e-09
7.59638154764631e-08 7.83343024421667e-08 8.65959770244776e-10 -3.60436873436367e-08 8.22087659695395e-08 -7.61075765275448e-08 1.5564377563939e-07 -8.10594408753618e-08 -1.57853624052127e-07 3.25002724267069e-09 3.01091573744001e-09 3.50425754406155e-09 2.31394080482091e-09 7.84453273008472e-08 -7.83294075743108e-08 -8.01718526950076e-08 -3.14358996101831e-09 -8.07419837814038e-08 -2.69151526696403e-09 7.59388888032796e-08 -3.63607329851017e-09 -8.22109670305153e-08 1.5261241462186e-07 -3.42665359700082e-09 -8.11336320131581e-08 7.71560641738037e-08 5.10970566102703e-10 3.73481838478713e-10 7.95157124616537e-08 1.21681270244244e-09 -7.62041640841634e-08 -1.55578307785079e-07 -1.54409328928663e-07 2.33874131027157e-09 7.93597820793333e-08 -1.55246280088135e-07 7.99258957601566e-08 -7.66540777744381e-08 -7.83507175803649e-08 -7.61255318239312e-08 1.70370153590844e-09 1.36572213261138e-10 -1.55990484473476e-07 -1.55891350141559e-07 -6.80313248588022e-10 -5.01447719100195e-10 -8.25810727951303e-10 -1.71923332684279e-09 1.53792785697554e-07
-9.74606994414093e-11 -7.80840625749642e-08 3.90505178048675e-09 4.08916040759254e-09 8.10992557394824e-08 -8.7025037919222e-10 -1.57712414090542e-07 -1.59070018255676e-07 7.66766283441205e-08 -7.60060264691135e-08 8.16202073145997e-08 8.12167979877102e-08 -3.72394559000762e-08 4.08440035183657e-08 7.95271356852475e-08 -2.56518274800423e-09 -8.02735434243129e-08 -8.00708307265814e-08 -1.59084961367483e-07 1.54130116230942e-07 -3.40727402597257e-09 1.52676441422793e-07 7.55011711356463e-08 1.52770851927781e-07 -3.56998510557734e-09 -2.36218895472395e-09 -7.91543113678603e-08 7.88424164725532e-08 -1.56401590498162e-07 7.8637087907973e-08 -7.60279461081753e-08 -1.54333657768138e-07 -1.5475931952026e-07 -1.55737145800571e-07 -1.5682085765424e-07 1.31872720552739e-09 1.12098393192174e-09 1.56594450893394e-07 -7.89017067626095e-08 -7.83907926962475e-08 -7.75112172012658e-08 7.67178352051282e-08 -7.92613505378166e-08 -3.93428594729839e-10 -1.56724670785367e-07 -2.38894386159089e-09 -1.34453277445845e-09 -9.62109909915878e-10 -1.28460298122004e-09
-2.28269376394662e-10 2.20847627409613e-09 2.47285011991539e-09 3.40443721214853e-09 7.80968201558845e-08 -1.56732117304447e-09 -8.01963997923555e-08 -3.65460521144363e-09 -7.88856279417957e-08 3.469101177767e-09 3.45668106615189e-09 3.52839157427626e-09 1.18749998590263e-09 2.77225890263538e-10 7.99228831083057e-08 7.75238496177419e-08 -2.13031060837885e-09 -8.01811206130511e-08 7.51345895144519e-08 -1.58762436937198e-07 -3.98132728978238e-09 -8.20641723729456e-08 -2.99163504888964e-09 7.47410946898315e-08 -1.58072541513221e-07 -2.42833234431426e-09 -7.85942473056023e-10 6.6658767704013e-10 7.11691003804684e-10 7.93304271508355e-08 8.09201051519511e-08 7.97475254243575e-08 -1.54474226032086e-07 -1.54576251397759e-07 -7.69828910995311e-08 1.58558254040351e-07 5.95896529033937e-10 1.57882170406872e-07 1.57186705859431e-07 7.95933927047409e-08 -7.77523238765063e-08 -7.85899308204787e-08 -7.82489901460315e-08 -7.88978657017122e-08 -1.57399438940343e-07 -1.57391851763781e-07 -1.59737227188516e-07 -1.58062084617238e-07 -1.60078443178442e-07
7.83503713880065e-08 2.10135303611603e-09 -3.57262874739115e-08 2.41724393177035e-09 -2.06143267677793e-09 -1.66450011389764e-09 -1.50517923926538e-10 -1.59837466469818e-07 7.90429737300632e-08 5.44849541875226e-09 2.87235275069359e-09 -7.80129415577962e-08 2.35780853505506e-09 1.52064091157154e-09 -7.85957284439079e-08 -8.29598552718478e-10 -7.91778134283945e-08 -7.89706485300416e-08 -2.32467288842663e-09 1.54286205352965e-07 -3.68031086501598e-09 -8.19845486155515e-08 -2.67537788409156e-09 -1.91294156543005e-09 -1.85638818131169e-09 -1.58521045170872e-10 5.52282263899781e-10 -1.57557618220868e-07 -7.86237245502636e-08 -1.82829908929749e-09 -1.5508003307873e-07 1.25975406435431e-09 3.08318513277268e-09 1.59006391169419e-07 8.04561672144315e-08 1.57817449196268e-07 1.5806495591016e-07 1.56701151155642e-07 -7.8962970841e-08 -7.75850106267395e-08 7.81792644124764e-08 7.92008534998052e-08 7.79503252872986e-08 -7.87196008115769e-08 7.80558002565835e-08 7.66991975840665e-08 -1.95149123512077e-09 1.5404113390203e-07 -1.37506071668635e-09
7.82833313997042e-08 -3.5314316795921e-08 4.27426033162056e-08 1.03397878786319e-09 7.7282368792188e-08 -1.59129670031385e-07 -7.85164110852418e-08 -1.56448282212475e-07 4.06353845739113e-09 -1.51392045995705e-07 8.19553513017042e-08 7.96051619448466e-08 2.26472299463907e-09 2.5668831282082e-10 7.62060097350086e-08 -7.95774946646412e-08 -1.38908321730913e-09 -8.07962067206403e-08 -1.52825778341262e-09 7.56762622784585e-08 7.55589605005582e-08 1.55481034850096e-07 -2.49029047822657e-09 7.66912567122405e-08 7.61899008706152e-08 -1.58134595191673e-07 7.76935891112967e-08 -1.57233105107048e-07 7.74999765977515e-08 7.94170351462677e-08 -7.55710468981003e-08 -1.53880421570379e-07 1.81758746626652e-09 7.70041781541236e-10 8.00971855239784e-08 -7.66520676509752e-08 4.77697222368457e-10 1.21158730461177e-09 6.34839907969915e-10 -1.56129886195782e-07 -1.56778980243422e-07 -1.58923893572905e-07 -1.58217880739683e-07 1.5606572352049e-07 1.53984559129434e-07 -1.22138916502147e-09 1.546920583636e-07 -8.0390212872406e-08 7.66168372206388e-08
2.04041828880395e-09 3.650010108153e-09 8.08766326602496e-08 8.03861300951945e-08 1.57419616676653e-07 -7.55830727048139e-10 -2.01236468522244e-10 -7.93819192291592e-08 3.98944115270948e-09 3.26147471066398e-09 8.18225464391749e-08 2.72974607346179e-09 7.91052379374713e-08 1.21673215346968e-09 -7.65845000545644e-10 -1.76271945561223e-09 7.75283188083251e-08 -7.93905591841107e-08 -8.00260457644787e-08 -8.03543490072242e-08 7.54443685191702e-08 7.5867061044846e-08 -1.59322242601834e-07 -1.58140755212161e-07 -1.57829451246332e-07 -7.89918914303574e-08 1.5564885749142e-07 -6.79356524285779e-10 -4.71153447419459e-10 7.84772334624194e-08 -1.57713418222312e-07 -1.5576714636848e-07 6.54109524347916e-10 -7.6702164720739e-08 7.96604211838881e-08 -1.55652482849468e-07 1.20005151684501e-09 7.86395101959073e-08 -1.57198727325558e-07 -1.57411281257054e-07 -1.56871936377535e-07 -1.57942694683471e-07 -1.59067383194994e-07 -1.48751351416239e-09 -1.58381623096926e-07 -7.98598740736208e-08 7.55305771849161e-08 -1.52564502418758e-09 -1.88225863659978e-09
7.88819625934378e-08 -7.46914154759738e-08 4.1859674817702e-09 -7.59889824988777e-08 2.74225776196834e-09 1.55765057052449e-07 -8.00449432066108e-08 -7.89157779977865e-08 3.22863292817711e-09 3.14165622719882e-09 8.11983531075706e-08 8.02529704438233e-08 -1.47612694310663e-09 1.34976961157034e-09 4.5833702101171e-10 -2.25348473090201e-09 1.54346279799755e-07 7.6094519569958e-08 7.64315187060066e-08 -7.91693953829424e-08 -1.57798973519235e-07 1.54159991574799e-07 7.81956758496242e-08 -8.07248548916776e-08 7.60134027091214e-08 -2.31449879330883e-09 7.62005873528251e-08 7.5809320611723e-08 -1.59425143264379e-07 -8.04341422234246e-08 7.7934465573836e-08 1.07468245190181e-09 -1.56130222419931e-07 -6.97570968966108e-10 -7.85479870461086e-08 -1.5547581807125e-07 1.56044652442265e-07 -1.56275703899047e-07 4.12609814882279e-10 -1.56827158117715e-07 -1.58126700439664e-07 -1.57475119089749e-07 -9.98500409337879e-10 -1.37605743866617e-09 -8.02800368392978e-08 1.54562643622706e-07 -2.4770035144761e-09 -2.60652816207162e-09 -8.15022583788148e-08
7.92847528880985e-08 4.16315400251597e-09 4.33891545672712e-08 8.16332595661983e-08 2.02642639587143e-09 -8.03027212541061e-08 -1.78510824864497e-09 3.93130296859386e-09 2.54315554413988e-09 -7.5536940734321e-08 -7.58898460835717e-08 -7.59961795781198e-08 7.82028830362493e-08 -6.05929114423795e-10 -3.9471092259036e-11 -1.59793414771699e-07 1.55184099447916e-07 -2.25581639150212e-09 -1.67504045257833e-09 -1.56530271215211e-07 1.54184374239661e-07 -1.902879407191e-09 -7.97801152998802e-10 -8.5459305477448e-10 1.56458249803519e-07 -1.31520909304004e-09 7.5951148198997e-08 -3.09732445035961e-09 -1.5967647540288e-07 -2.61966818031365e-09 -8.02085580101213e-08 -1.70740603867469e-09 1.56576932011415e-07 1.56471350698625e-07 -7.75169754661763e-08 -2.62533185007665e-11 -1.55670594154888e-07 7.00965037828648e-10 -1.84478381059344e-09 -1.57648266655641e-07 -1.58325797672203e-07 7.77452961715196e-08 7.73233915661123e-08 -7.99752567278671e-08 -1.47206559118602e-09 -2.22470578159658e-09 -8.11680803176292e-08 7.66877795785045e-08 -3.08075573492982e-09
-3.70458885315135e-08 2.20537919941022e-09 8.21900601969797e-08 3.04950846156839e-09 2.33379223743864e-09 1.5687657991451e-07 -7.62111214717483e-08 3.41063091126542e-09 8.20812986106003e-08 1.64417302051698e-09 -7.61147473745026e-08 2.81038737623562e-09 1.59039924766613e-07 7.73525409479273e-08 -1.56979029697715e-07 1.5364147179547e-07 1.54792387718569e-07 -7.96586060305544e-08 -9.07396701015198e-10 -8.04772171974248e-08 -7.79017972727016e-08 -1.56596393365486e-07 1.45230658863555e-09 -2.20498721149208e-10 -7.87528646184638e-10 1.55536382501542e-07 -1.58328508465075e-07 -1.79941056222203e-09 -2.34732669556101e-09 -8.03240022530309e-08 -7.99118329794696e-08 1.57327553866056e-07 1.57162853646951e-07 -2.4977133524143e-10 7.88734725933222e-08 -1.56634809779305e-07 1.68821104100084e-10 -3.58228477982687e-10 -4.15199460768683e-10 -7.90434120408605e-08 -7.84288052816016e-08 -7.95248605996329e-08 7.6983923059306e-08 1.55275595065591e-07 1.54741503717586e-07 7.67013283823659e-08 -7.94948470086126e-08 -2.78899494085445e-09 7.56447367921505e-08
-7.50437360753423e-08 -7.54030935456036e-08 8.05521657873582e-08 2.57972252957451e-09 1.59345529373617e-07 -7.7485038981458e-08 2.42668001974845e-09 2.27061898359225e-09 8.05917091821999e-08 -7.54106589644231e-08 1.85954502942943e-09 -7.67263369231294e-08 -7.64252914328386e-08 -7.66531264701512e-08 7.89513853618341e-08 -1.58652784586674e-07 -1.76922734412315e-09 -3.45499496669777e-09 -7.96709804694395e-08 -9.0315325214137e-10 3.72617810044518e-10 -1.54872124877272e-07 2.4324687745102e-09 7.82660658667451e-08 -1.55788385641184e-07 7.72174745643757e-08 -1.92611681703522e-09 7.77772821744272e-08 7.48340501152947e-08 7.74676993256564e-08 1.53639251263061e-07 -1.33863070628369e-09 -1.60085635019012e-09 -7.84087254805898e-08 -7.76324937861655e-08 1.57499407462887e-07 1.56755446362296e-07 -9.04058937608409e-10 -1.5806552373457e-09 -2.17675040474618e-09 7.59792735879995e-08 -7.88690968641663e-08 -1.59364197791287e-07 -1.66049900920836e-09 7.67897947421687e-08 -1.86711405684957e-09 -2.18988572558797e-09 7.59897693634455e-08 -2.56912320235748e-09
-3.52404216442443e-08 3.26421490863026e-09 2.62487305765818e-09 1.2546202995855e-09 1.7398634175882e-09 3.23969775898541e-09 2.41689459190337e-09 8.17451461778305e-08 1.59807561817738e-07 1.50684620717989e-09 7.97358637344491e-08 -7.82525432026171e-08 -7.67404763268103e-08 -7.7632629900701e-08 -7.98428277573272e-08 1.5654512647606e-07 7.7139360687997e-08 -1.578246754835e-07 -7.97739606295305e-08 -1.57377952575017e-07 1.57975825978952e-07 8.0381172041988e-10 -1.56134773286944e-07 -1.56528147787021e-07 7.79062110804668e-08 -7.83765421420589e-08 -8.0615381311748e-08 -8.0218195063169e-08 -7.93680185788269e-08 1.54629758922111e-07 -2.25043721877325e-09 -2.07691571778365e-09 -2.13226599747766e-09 -1.58388567995894e-07 7.71870666980282e-08 1.57384615578441e-07 1.55589684171905e-07 1.55700668988763e-07 -1.88877176231377e-10 -7.87918068381961e-08 -8.05680394293429e-08 -1.58870913589606e-07 -2.15574425086165e-09 -1.60275738906498e-09 7.8382162774356e-08 -2.62259286214881e-09 -8.09908116983855e-08 1.54352111059065e-07 -2.7368361106407e-09
3.6466378435042e-09 1.25541717987915e-09 -7.59131451849941e-08 -7.77266715691323e-08 -7.67535513737139e-08 8.10068824296276e-08 -7.43986814198436e-08 -7.54580993293813e-08 1.7843384507044e-09 -1.55232425010968e-07 7.88064032254334e-08 4.6757631124461e-10 7.79110300600124e-08 1.04947614820707e-09 -7.88956635773752e-08 -7.83994723030699e-08 -8.02813360327714e-08 7.73814401885698e-08 -7.95237493476066e-08 -1.15739223377816e-09 -5.32509032619129e-10 7.95643401797371e-08 7.99255772210577e-08 -1.66317854428676e-10 7.81593710437835e-08 -7.85346769612295e-08 7.59352327273004e-08 7.58044326532741e-08 1.54200631483811e-07 1.54448249053903e-07 -2.00546875805984e-09 1.54872507384712e-07 -1.58674069073784e-07 7.70418015451316e-08 7.82949151731481e-08 -8.49052161148061e-10 -6.73708412951465e-10 -1.1786681741914e-09 -2.19576195883782e-10 -7.76447629485772e-08 7.91831064240409e-08 -1.47610711517745e-09 -1.58162242701178e-07 7.85494518090533e-08 7.73880107801793e-08 -6.15642969416935e-10 7.61510003999588e-08 1.54734591620497e-07 1.54448735163117e-07
2.81374442643586e-09 2.83549042768013e-09 1.91462312856025e-09 -7.75285771414854e-08 8.20801092882819e-08 -7.61704627037436e-08 8.15113732058785e-08 1.42086967906866e-09 1.10009942241289e-09 7.867842870632e-08 -7.93264419604732e-08 1.57071378227799e-07 -1.56998864781494e-07 8.84687067172559e-10 1.3049894227175e-10 -1.15097566056168e-09 -7.98331598289361e-08 7.84040517794168e-10 7.92286584640852e-08 7.91640640305462e-08 -1.56735985749387e-07 -1.56518903745306e-07 2.62866130902578e-10 1.57709479195808e-07 7.81413838466067e-08 -8.04900789249667e-08 -2.09468631261709e-09 1.54707621982931e-07 -2.71945592443845e-09 -2.52408969535963e-09 -1.29645628765288e-09 -2.04292965565078e-09 -1.57570630581154e-07 -2.16286161557897e-09 -8.01273261873951e-08 -1.57219502442786e-09 1.5594675282447e-07 1.56893515151527e-07 -3.93325275895013e-10 -7.89962327815121e-08 1.56408663039381e-07 -5.89198871694219e-10 -1.56159374666285e-07 -7.95090747284887e-08 -1.20641594176738e-09 -1.49824039602907e-09 -1.9845209963444e-09 1.54578667949486e-07 -1.59088913813307e-07
-7.66826378565766e-08 6.53107759423051e-10 2.2179340910935e-09 -7.5160129041951e-08 8.05963491455312e-08 2.82506520074612e-09 1.88813427160873e-09 7.84630186780666e-08 -7.98494128469427e-08 -7.84945350832454e-08 1.57684408980921e-07 4.05489841491796e-11 -1.57932954941321e-07 -7.99350280570676e-08 1.56389092269598e-07 1.55785073435603e-07 -7.75294872297142e-08 1.5805008715386e-07 1.58117902876282e-07 2.42570455775636e-09 7.87190314660619e-08 3.91726627836435e-10 -1.56731257804089e-07 -1.56103386058918e-07 7.92708144035347e-08 -5.35377317959308e-10 1.54670274288849e-07 -1.5766336698149e-07 -1.57622581674077e-07 -1.08605833655725e-09 1.54554684073852e-07 -2.12993116930015e-09 -7.34957439354883e-10 -8.00986538031476e-08 -8.00709463826114e-08 1.55569001874716e-07 -1.58135545074194e-07 -1.56648462144351e-07 -1.56256458076854e-07 -7.69563574400565e-08 -7.74107923488287e-08 1.5629644272802e-07 -7.78259989797178e-08 7.90441781993053e-08 1.559683517239e-07 -7.99342736162735e-08 7.69435453029778e-08 1.55444713701795e-07 -2.13488620790534e-09
3.32053036436526e-09 1.3247121678301e-09 2.04626763702638e-09 2.04325424594061e-09 -7.71143996776029e-08 7.93709629831118e-08 -1.15028605053817e-10 7.84903186269819e-08 -7.98365694299059e-08 3.81845823262302e-10 1.57547150786069e-07 1.55244694086658e-07 -7.78206659639986e-10 7.72057436033609e-08 -6.58643850239619e-10 -1.58118677212818e-07 1.56824153419207e-07 1.5325348765311e-10 1.47620650734949e-09 -1.54100378937829e-07 1.58639251184927e-07 -7.72169613194881e-08 1.57235740126257e-07 -7.80058048611717e-08 7.46745899068391e-10 -1.57949448272665e-07 -9.52087323492663e-10 -7.76141949535207e-10 1.56138995039947e-07 1.55691440547678e-07 -7.99850098234462e-08 -1.57627815426554e-07 -1.57734653433442e-07 -7.87251384273377e-08 -7.97387795468824e-08 -5.53416870236268e-10 -6.59186761209318e-10 -1.56101398054356e-07 7.89949092419827e-08 7.94664713950608e-08 1.66642645259634e-09 1.56694307105991e-07 -7.91554283549303e-08 7.85884042638584e-08 1.56080195692676e-07 -7.88400785893482e-08 1.55794196511581e-07 1.54812909806513e-07 -1.10565386984205e-09
-7.52065527359671e-08 2.44497087997724e-09 -7.72382031518529e-08 1.57115421041609e-07 -8.0047659947178e-08 7.84691142301972e-08 -7.93251074572755e-08 -7.94736375123269e-08 -1.24833249879131e-10 9.37873373659205e-11 1.5762529731962e-07 -1.73235733272672e-10 -1.57708356050129e-07 7.59808784016192e-08 -2.87973397018388e-10 -7.89061400015063e-08 1.55966400490837e-07 9.81742721984838e-10 1.5783043622582e-07 -1.54959300356208e-07 -1.54752807612401e-07 2.63563911183624e-09 1.57535131544188e-07 5.52630558222747e-10 4.62020712125522e-10 -5.21028580879928e-10 -9.49156007648886e-10 1.56368408714313e-07 4.78350104088332e-10 1.56380145985173e-07 1.56498060830745e-07 1.56069336382451e-07 1.56220227957208e-07 7.80840923184643e-08 -7.95672287253641e-08 -8.02260838265912e-08 -6.10791672269314e-10 9.0259349440669e-10 6.87870977196465e-10 -7.8298522532921e-08 -7.74702362134933e-08 1.56937751916559e-07 -7.86625561570128e-08 -5.51365683116458e-11 1.5663357170892e-07 -7.71279665472238e-08 -1.69292548545204e-10 1.55831754956548e-07 -1.57721172938556e-07
2.08443098857988e-09 2.17506269672959e-09 -7.61504043916814e-08 -1.56702563858972e-07 -7.73505298494859e-10 1.56426887151223e-07 -7.32394952933437e-10 9.34269780766264e-10 -4.38722187575253e-10 3.91149527634551e-10 -8.77763937921795e-10 -1.55781892440256e-07 7.64452041762003e-08 -7.94940833924122e-08 7.7582255671588e-08 -1.56241135017033e-07 -3.68962031340649e-10 8.67747879495942e-10 7.9144739042964e-11 -1.56116733658514e-07 1.5778188619334e-07 -1.54213907227683e-07 1.96782079483839e-09 1.58249732684823e-07 2.29076278101495e-09 7.8122574722039e-10 -1.57097895541139e-07 1.56016739646213e-07 -6.10295737641916e-10 1.55094501374185e-07 7.68011201040903e-08 7.76256921331143e-08 7.81778859473241e-08 7.82242638893486e-08 -7.90777911071703e-08 7.77205951071608e-08 1.57938659089532e-07 1.57896358264582e-07 1.58239295032754e-07 -7.66712312804523e-08 -1.54783961979992e-07 1.58455446940214e-07 7.9552216455429e-08 1.57086758149452e-07 1.57017700443029e-07 -7.82056325950878e-08 -7.89644733979048e-08 -3.70893486714362e-10 1.56674294500595e-07
4.28685007527021e-10 2.16917594325851e-09 1.63642378256904e-09 -7.74578631173086e-08 1.56446740189597e-07 -2.67387826782006e-10 7.66838941995299e-08 -1.57874413678639e-07 -3.11133134353586e-10 -1.5693911634713e-07 -1.98446688850921e-10 -1.57025227995161e-07 1.55414939119364e-07 -8.01801738484795e-08 7.70522650108077e-08 -7.9527979307278e-08 4.47673868061489e-11 1.47757785408374e-09 1.59644153142592e-09 -1.55702078297602e-07 5.59912120672375e-10 1.85606574234677e-09 6.96738507850418e-10 1.57385102924339e-07 1.78971520238502e-09 1.47215212355911e-09 2.17014023409705e-11 -7.85304089117478e-11 7.80511881012998e-08 7.91945023621503e-08 7.78325662372163e-08 -7.88323327126842e-08 -7.85062706695337e-08 7.85471488398381e-08 7.76234769269442e-08 1.57820540464181e-07 1.56503296798112e-07 1.59672655974483e-07 -1.54652657510188e-07 -7.56835013446802e-08 1.58517590195839e-07 1.25510101518394e-09 7.9839180463493e-08 1.56504930961524e-07 1.5649282463601e-07 7.76904080231101e-08 1.56849618206479e-07 1.58155373209067e-07 -1.55714869232541e-07
