data/pcas/pcas_can_126/pca_referenceLayers_can_126/PC19.asc
NCOLS 494 
NROWS 529 
XLLCORNER -117.166666666667 
YLLCORNER -55.5 
CELLSIZE 0.166666666666667 
NODATA_value -3.4e+38 
[rows 147 to 167 of 529, columns 245 to 293 of 494]
8.02890174063033e-08 -1.56571021972632e-07 8.75061958998759e-10 1.19398182501231e-09 7.18575398829198e-10 5.55475949007926e-10 -8.16578949613622e-10 -2.6700002271875e-09 1.53246708869211e-07 -6.46701821086824e-09 1.54133857261246e-07 1.57469330816648e-07 8.05729488089253e-08 7.90141897255282e-08 1.54298663963233e-07 -2.2070912767024e-09 -1.56446648067671e-07 1.57440430975816e-07 6.25593910542848e-09 8.81430854457469e-08 -7.06375133472521e-08 8.36808876617253e-08 1.64085458552041e-07 4.66931053865602e-09 -7.30155627140472e-08 5.9193991086389e-09 8.5319787692917e-08 -7.32486855791404e-08 6.0513480197211e-09 6.2044463203405e-09 -7.59157785470292e-08 2.397819385159e-09 7.90463683062997e-08 7.99418120818564e-08 -1.55615498256651e-07 -1.54832868395892e-07 1.07155433758834e-09 2.47933614810346e-09 -7.70979859244072e-08 2.30568198852548e-09 7.88898200005134e-08 -7.61446189775369e-08 9.43377185671038e-10 8.21258801763512e-08 -7.44079661523128e-08 5.25617089247111e-09 8.37736712601627e-08 8.07808577655123e-08 -7.5973797730854e-08
8.01139054785523e-08 2.12699844439257e-09 7.89495151337328e-08 1.55694018843291e-07 -7.94972047640552e-08 3.19257097153444e-10 7.75105192610395e-08 7.64403473315265e-08 -8.41048863982577e-08 1.51466779069688e-07 7.4798586741725e-08 -1.54956099258497e-07 1.65236884952233e-09 -2.13226737108502e-09 -3.77281283773213e-09 1.53790504930917e-07 -7.8178494306459e-08 7.97364904381251e-08 -6.38217487627413e-08 1.5356270336551e-08 -6.78515871232144e-08 -7.22863353294863e-08 8.27723970197186e-08 -7.41748709161066e-08 6.12538452902895e-09 8.3381407425243e-08 4.84507974875982e-09 -7.37060656996495e-08 8.17606611352093e-08 3.97097536654002e-09 1.94633686099601e-10 -1.55863275691523e-07 -1.56569709983373e-07 7.93849494283055e-08 -7.78525057350912e-08 -1.55805389129219e-07 1.2062930213149e-09 8.54492004881308e-10 -7.79621676844975e-08 -1.56407430337395e-07 -7.67341142048669e-08 -1.54393898290668e-07 -1.54298734979047e-07 4.21691421546782e-09 -7.49413630198796e-08 3.32707077257585e-09 3.2822727170012e-09 2.89949625417357e-09 -1.53557898026728e-07
6.83932156088334e-09 -7.71406691401143e-08 1.57910634815552e-07 -1.21554776600534e-09 -1.57565258340062e-07 1.22961749035674e-09 -1.7538330982187e-09 -2.56358106301421e-09 -1.63159662085076e-07 -8.37406166789126e-08 7.49024074640918e-08 3.19863856424517e-09 7.27416063446371e-10 7.67770121691834e-08 -8.17964376152502e-08 7.51250086681942e-08 -1.57008367726599e-07 1.57303491026083e-07 3.43785950766227e-09 9.35234828400892e-08 1.36779194132852e-08 7.02747345317074e-09 -7.17618819778216e-08 4.25482747539298e-09 2.90834572900166e-09 2.44437944036742e-09 2.44548043322464e-09 -1.54972684290637e-07 -7.67259552902871e-08 1.39136114929447e-09 7.91256966567614e-08 5.18223839470166e-10 -1.55415538232838e-07 2.91299178174137e-10 -1.57329913187337e-07 8.09662102199465e-08 -7.78687968264678e-08 -1.55608050360025e-07 9.1937843142111e-10 -1.55829119583512e-07 -1.54543526667395e-07 8.02571592327499e-08 2.78113260065548e-09 -7.47178860712637e-08 1.59041506828435e-07 -1.50675869909383e-07 4.42406347949138e-09 8.32236573934569e-08 -7.46399926267087e-08
2.13375636940675e-09 1.75886061703501e-09 -1.54499278861894e-07 2.14378325378191e-09 -7.68760226734696e-08 -1.57372962119055e-07 1.55797290222954e-07 -8.08951123934734e-08 -1.59364717454309e-07 -8.40404305121384e-08 -1.59962735722727e-07 1.49979893765906e-09 -7.97270028669624e-08 -8.19669582461154e-08 7.50675882952696e-08 -1.60129071916824e-07 -1.58435217795927e-07 1.55085523314037e-07 1.4951586221655e-09 9.22283674952812e-08 1.04095413882089e-08 8.88397995251631e-08 5.94696241608956e-09 6.26621636709507e-09 8.09411603075706e-08 7.97964263613871e-08 8.00375103748487e-08 4.56948741616732e-09 1.57737675594446e-07 -1.55814774824177e-07 -6.39985268234331e-11 1.5725530735436e-07 7.90234775552432e-08 -7.77593754629222e-08 6.53289603552913e-10 -1.5540241135226e-07 7.99222192326885e-08 -7.75591212481044e-08 7.87978212219425e-08 7.92974558151144e-08 -7.57723225773447e-08 1.59501272098931e-07 -7.54840579197409e-08 -1.53317129962252e-07 8.30942120973324e-08 -7.25456699701454e-08 -7.49353977586804e-08 1.61854396327383e-07 1.60994116316789e-07
1.1382961729355e-09 2.51790612203879e-09 1.82155928078184e-09 4.67234208434434e-09 -7.62431975827175e-08 8.0371276192181e-08 -1.56830675151933e-07 -2.03610302368401e-10 7.66500915861481e-08 -5.71305568238898e-09 1.50867890929731e-07 -8.21148104932667e-08 -1.23027733325361e-09 -3.59621450255535e-09 7.37428502639477e-08 -3.56792546332792e-09 -3.39941461349632e-09 -7.05736509175893e-10 1.24621956032254e-09 4.88525804540584e-09 -3.39104412000954e-08 6.73595423855221e-09 6.05155565180433e-09 4.83197621653296e-09 3.07738307528913e-09 9.6932802593645e-10 -7.69549822216961e-08 2.33369139344906e-09 7.82828646465896e-08 -7.83495767127088e-08 1.35216887253787e-09 -7.58243301999612e-08 7.97039148111049e-08 3.19852268085021e-09 7.94040643601667e-08 -1.55354176727572e-07 7.98521548740192e-08 2.30221202353954e-09 -7.83371220134225e-08 2.13053421932429e-09 2.76185802613682e-09 -1.53719002751749e-07 -7.54829853610957e-08 4.13591139610169e-09 -1.51315848563328e-07 -7.45131313831393e-08 8.24955471568537e-08 1.62536006194132e-07 4.99204632140033e-09
-7.21454869670069e-08 -7.52864764547224e-08 5.51402400987445e-09 5.44079975244697e-09 5.2490448804353e-10 2.15514224866162e-09 8.05098805917129e-08 2.40682642142109e-09 7.7623288669892e-08 -1.61038207481675e-07 1.52200004122989e-07 -1.60116807127809e-07 7.57477432369749e-08 -1.62321174144061e-07 7.45493334417211e-08 -3.73730515619577e-09 -1.6052412670602e-07 7.64745696953034e-08 7.88172500800982e-08 8.17932626690812e-08 8.22487988823994e-08 4.24646131531668e-08 3.94973878327221e-09 8.29416202479506e-08 3.21398806896686e-09 8.20736801383569e-08 -5.22492621241776e-10 -1.55611288683546e-07 -1.56903800462136e-07 1.0083148769505e-09 1.56719584239412e-07 -1.54851479745473e-07 1.12769623008387e-09 1.58882006887363e-07 -7.83765365942054e-08 -1.55223421231955e-07 -7.78382416482425e-08 -7.68677306096741e-08 -7.70524012562439e-08 1.43188334719147e-09 -7.61816751353403e-08 5.02873593651307e-09 -7.39519130261782e-08 -1.53172540086535e-07 5.03984313781698e-09 -7.36015936309621e-08 8.446540150758e-08 5.04309458205754e-09 -7.28458009356586e-08
-7.87402806042848e-08 -7.44733624738053e-08 8.26943687259712e-08 -1.35646981835649e-10 7.88520292223799e-08 8.33733339571334e-08 9.82926868116831e-10 1.14781657368129e-09 7.91892717066863e-08 1.52244167643843e-07 7.24066518626064e-08 -1.61210262954452e-07 7.36461645464608e-08 -4.74614872960296e-09 7.40008367430752e-08 -3.80079470390735e-09 -8.01244569731745e-08 -7.94874697164741e-08 1.55284221341116e-09 6.9768696266952e-10 -7.6157770679105e-08 4.13276276475136e-08 8.17627511448665e-08 3.46554412332759e-09 2.94007117318205e-09 1.59050352301259e-07 -7.36833647845185e-11 1.3969728407949e-09 -7.81779683317913e-08 1.39136876667078e-09 1.57196720693315e-07 -7.67892327937946e-08 1.59529916654941e-07 1.59118699795917e-07 2.64910996112587e-09 1.68682698388726e-09 1.30708920806213e-09 -7.80923053663329e-08 8.0184996187599e-08 1.58009733538453e-07 8.04232352369557e-08 3.68591795073154e-09 4.60388069640142e-09 -7.3521347137601e-08 -7.50446499819304e-08 -7.37251936988944e-08 -1.52673773855364e-07 8.1546349749054e-08 3.18612165507746e-09
-7.87240985984139e-08 -7.88965491157456e-08 4.86810709064879e-09 1.53592792195863e-09 8.48244408734803e-08 3.41213671326833e-09 2.84280870313483e-09 -7.70223548905434e-08 7.87337712875279e-08 7.49934657932606e-08 -4.57501816195787e-09 -1.61326546981706e-07 -1.6155585030205e-07 1.54261450232765e-07 -8.22468352516942e-08 7.60792163478458e-08 7.89370372029927e-08 -7.66758830140175e-08 -7.74885657859708e-08 -1.55524781668033e-07 1.92679708911685e-09 2.27701004230654e-09 4.00685583042576e-08 3.28354174641817e-09 8.01334576217939e-08 -7.66517013228472e-08 8.26023968120495e-10 7.77707661826717e-08 -1.31676151876897e-09 -7.84978809104898e-08 1.56694044195159e-07 -1.55723860149182e-07 3.1951852530451e-09 8.11040985804759e-08 -7.50059391040091e-08 -7.54732854524288e-08 1.60045334561486e-07 1.5849948787845e-07 8.14704279941528e-08 8.03676801868851e-08 7.98544816326061e-08 2.25492849699633e-09 -1.52485112527013e-07 1.59425584967898e-07 3.84867197293264e-09 -1.52262144094757e-07 -1.51767195058186e-07 -1.51810380730992e-07 4.2212720675593e-09
-7.57152045286806e-08 1.56992656108379e-07 -1.32265941518604e-10 5.74623446461878e-09 5.81792294023571e-09 4.81734373691612e-09 4.04448086418402e-09 3.22044986507079e-10 6.58097296517925e-10 7.55379569289145e-08 -8.09880882899052e-08 7.51683172262165e-08 -8.13897601892148e-08 1.55898593980312e-07 1.54156257069599e-07 -1.58162245263657e-07 -1.55371980539322e-07 1.15091806158277e-09 -5.87155426639136e-10 -1.20883645347587e-09 -1.39173067194105e-09 2.83482668007049e-10 -3.59538086616959e-08 1.82557256683531e-09 8.06352985236674e-08 5.7465402208825e-10 -7.6239692891647e-08 -3.63462362506389e-10 -7.79740949919696e-08 1.57310213173596e-07 1.15771845630933e-09 8.14586475437583e-08 7.99360542397358e-08 -1.54497165988774e-07 -7.61444335443693e-08 1.59685271769406e-07 1.58036152609056e-07 1.71384408182295e-09 2.76655080784795e-09 -7.52199222697329e-08 1.60308903508218e-07 1.58029136634114e-07 1.45274896180107e-09 1.58412659865514e-07 1.59883064289048e-07 8.21127200200851e-08 4.52076299876429e-09 -1.52976885736322e-07 1.62143752130126e-07
8.33028251600657e-08 -7.21132157129389e-08 5.4107236011451e-10 7.70656833336175e-08 -7.3178816869607e-08 3.64359853716453e-09 3.59674080724662e-09 8.05228806715829e-08 -7.59156764751986e-08 -7.9841079974854e-08 -1.59702934217931e-07 -1.59609518815658e-07 -7.92475793100043e-08 -7.85631296952459e-08 -7.86225718149468e-08 -1.56311363931166e-07 8.10267559900743e-08 7.0539654286672e-10 7.82114841095398e-08 7.7870364631322e-08 7.77285093266158e-08 -9.0894969541908e-10 1.28585064102005e-09 -1.58156031219431e-08 -3.53936504397406e-08 4.86069594925665e-09 7.37531545839378e-10 -1.55902408648897e-07 1.59357934591e-07 8.0368387382108e-08 2.67662247454653e-09 1.59846761111999e-07 3.28323574063502e-09 3.53321342629754e-09 2.40382818916519e-09 1.60223498255636e-07 1.21777428453284e-09 7.9791282753993e-10 2.049968683741e-10 -5.27867471889493e-10 -7.70379330361777e-08 1.57453052090798e-07 6.67515114230761e-10 1.59457851837831e-07 1.87543461947896e-09 1.37800760803759e-09 8.12869519026363e-08 -7.54914507512853e-08 -7.37175140308274e-08
-7.65548354117469e-08 4.97413238620396e-09 8.09545749030099e-08 -1.31856750320846e-11 4.81716075031904e-09 8.12033946148648e-08 4.42437502546609e-09 8.04370870197961e-08 7.62135028362307e-08 -1.20529210395903e-09 7.62891457076187e-08 1.55672248310862e-07 1.46555973818439e-09 1.57728075183971e-07 1.02388702904501e-09 1.59380625399656e-07 3.01662817289868e-09 1.89173762954682e-09 -2.50709532033097e-11 7.83606668601207e-08 -2.50189637859705e-11 2.53918737792372e-10 -7.68512608263112e-08 -7.35132680325254e-08 4.21906223062862e-08 -7.44599640066747e-08 -7.95161976372162e-08 1.98504254037744e-09 1.57609584181925e-07 -7.52027771803292e-08 -1.54508295399015e-07 1.76950502433862e-09 -7.57779234539197e-08 -7.64376238200835e-08 8.09386043068091e-08 7.90166679244822e-08 -1.55797736987049e-07 -9.16313280521201e-12 9.74131170353634e-10 1.56939847972767e-07 7.79384771507302e-08 -7.76632521008234e-08 -7.71834578878011e-08 -7.7514226683347e-08 -7.71509549088897e-08 8.02981404032486e-08 8.00159850811547e-08 8.14524071084654e-08 8.14283282215123e-08
4.79364860148938e-09 8.14375206679632e-08 -7.77609654029985e-08 7.80573604690214e-10 8.03213317394319e-08 -7.35205542298691e-08 5.3556400326926e-09 2.57089514832624e-09 -2.27173065914415e-09 1.55766395784238e-07 -1.58422117619502e-07 1.57250518982418e-07 7.91009532132664e-08 -1.56156721429171e-07 -1.54708144151243e-07 1.64744393693707e-07 -6.77866369689056e-11 8.13772363682526e-08 1.26610357388266e-09 3.08453818034476e-09 4.21517727920688e-08 2.80508668531098e-09 -7.61558436570657e-08 -3.56071704469513e-08 3.03218066647173e-09 4.5786275014682e-10 -1.59653600941392e-07 7.7389354872779e-08 -1.5437240533499e-07 1.5949885748894e-07 -7.51383784055385e-08 -7.75597302544896e-08 8.02613873249071e-08 -7.70677427340571e-08 8.02456754436492e-08 -7.69103977748463e-08 -7.7246882963634e-08 -4.5696379834395e-11 -1.56655928476512e-07 -3.26885295203706e-10 -1.28309903282464e-09 -7.8145823844318e-08 7.85842025172537e-08 -1.56107632822219e-07 2.98812816213351e-10 -1.57002010227155e-07 1.58305558780621e-07 2.23266984218807e-09 1.58607257178095e-07
4.40305345819695e-09 8.08530654666221e-08 2.5394564700571e-09 1.12231597812791e-09 2.28263693472563e-09 8.37225936213211e-08 4.5662939889247e-09 -7.73089221783168e-08 7.78756507088092e-08 1.56384566723094e-07 7.8759952463492e-08 7.8932219970967e-08 7.95945646703394e-08 7.0606209450351e-10 -7.5905166768707e-08 5.59032678902184e-10 -7.73843064901669e-08 -7.74256202647857e-08 -7.64361156860869e-08 -7.5873255914866e-08 -3.55361846535546e-08 4.33109944520594e-08 -7.55818354770743e-08 -3.84122576475196e-08 -7.79054723885909e-08 -6.99815338222977e-10 -2.60776223088659e-09 7.6053733281049e-08 -1.53988242050986e-09 2.14341848646362e-09 3.51353649647101e-09 1.58002969203116e-07 2.10836168514114e-09 7.89773166761873e-08 -1.55513545346431e-07 1.56959527317224e-07 7.81169432522768e-08 7.93191245110302e-08 -1.56991316904887e-07 -1.56879393222858e-07 -6.00164662364407e-10 -8.35497667269452e-10 -1.56194780414888e-07 1.69224602590702e-10 1.57755810663227e-07 1.40475150882213e-09 1.57448289991129e-07 8.07872643041965e-08 8.11405974212849e-08
-7.56135822254443e-08 -7.51729866142873e-08 7.86400197654039e-08 7.92299073382769e-08 -7.71295742413583e-08 -7.56337459663483e-08 -7.51141513845131e-08 -1.07589501230193e-09 -7.84032649260157e-08 7.88826825798551e-08 1.91190140933391e-10 -6.04530861466048e-11 1.6717593384515e-09 1.59256562752922e-07 4.73876327722273e-10 1.20842471385305e-09 -7.78893317699806e-08 4.61410501213176e-10 2.41041983313138e-09 4.25281024290566e-09 8.20238462199994e-08 4.39305785189165e-08 3.13205957443089e-09 7.87609119873084e-08 7.77950733169404e-08 -8.06835955059362e-08 -2.26362848276514e-09 -8.1370038918813e-08 -7.75812498758322e-08 1.58111734059651e-07 3.89578809298209e-09 1.58742727122561e-09 1.57751551270142e-07 7.93037496382149e-08 -1.5489758124974e-07 -1.54700364381131e-07 1.57500990374671e-07 1.56886789204652e-07 7.69777172528364e-08 5.81301818677513e-10 7.76701419620968e-08 7.84882304556538e-08 -1.57952397341192e-07 1.41044165390537e-11 1.56777740998258e-07 1.57819381988188e-07 7.81500055830926e-08 -7.7249353980472e-08 1.58523215841497e-07
-7.6125034997534e-08 -7.31796572129625e-08 -7.67162349275006e-08 -7.74424401605075e-08 -2.7024512197002e-09 4.90353775577076e-10 -7.55077840499047e-08 2.79596074123913e-10 -1.4403196243166e-10 1.58143895681923e-07 -1.54971718745951e-07 -1.55814836234535e-07 1.24252023146355e-09 2.30656165302011e-09 2.40996592616309e-09 -7.7121290424026e-08 7.84643683324328e-08 2.43091830515204e-09 3.4007021755439e-09 1.18706048762657e-09 8.22510550170333e-08 4.15683181109278e-08 2.25825560532757e-09 -7.92013602189138e-08 1.54312288595336e-07 -2.90664379239959e-09 -8.18972229389268e-08 7.87688642970432e-08 -1.57255876994524e-07 1.57642981494099e-07 8.03282522311486e-08 2.74463552649262e-09 1.5743493201486e-07 -1.56894433014471e-07 -1.56851298647121e-07 7.98474233700794e-08 7.86993520238949e-08 9.40684446684526e-10 -1.30013141249149e-10 4.84569403622732e-10 -7.95166779372222e-08 -7.86391372093119e-08 1.57756138719735e-07 8.20485311365481e-10 1.57424176928172e-07 1.56868184561743e-07 1.26165322736031e-10 4.54783365009362e-11 7.90532905380635e-08
8.35276670351807e-08 -7.2716548217094e-08 -7.49885819893311e-08 -7.59790788638567e-08 7.7433007618031e-08 -7.71615557831017e-08 8.19171566720951e-08 1.76495114988825e-09 7.99989986591448e-08 -1.53192545909941e-07 -1.54537566423451e-07 -7.69649498678604e-08 -7.66990084601931e-08 7.94295553880429e-08 1.01430457276523e-09 -7.65304981220115e-08 8.00267600502178e-08 8.05626085569567e-08 1.75378752511829e-09 6.76225113424284e-10 4.24437950723306e-08 -3.89456831594869e-08 7.90869729529342e-08 7.62239233784331e-08 -3.74321706490422e-09 -8.0366160614956e-08 7.67444564888705e-08 -1.58106404276496e-07 1.55772818873113e-07 -1.2728560898662e-10 1.57666866582219e-07 -7.56192787747692e-08 8.8129366860773e-10 -1.55423016217166e-07 -7.78956313627929e-08 7.94553495464843e-08 1.57565104023763e-07 -2.29009437333739e-10 1.57653605280981e-07 1.56617253179915e-07 1.56154895256982e-07 7.7480965186257e-08 1.56302756424085e-07 1.57037187984832e-07 1.01607727704418e-09 -6.03269316510251e-10 1.15240059575153e-10 -7.83717430726311e-08 1.1770875881981e-09
8.24347370546531e-08 -7.5371987152199e-08 8.35668764328809e-08 8.10127203786104e-08 -5.5982585469905e-10 2.8648922275355e-09 4.95596102804294e-09 3.18510608521304e-09 1.59408854998328e-07 8.20109637001244e-08 -1.54032281920168e-07 7.98540491246723e-08 9.3635301698665e-10 -7.61133119204027e-08 1.84962175633541e-09 7.96984170489041e-08 8.04560525413222e-08 1.10785870274896e-09 -7.63623541507503e-08 2.08987396497644e-09 7.9543839763692e-08 7.98469678176981e-08 -7.97678981005909e-08 -4.41158081408099e-09 -8.169922154362e-08 1.54368205775563e-07 1.54292671676602e-07 1.54624710432321e-07 7.89840510264622e-08 1.57685427344462e-07 1.49279163848074e-09 8.06373114278802e-08 2.41973978861955e-09 -1.53984958109446e-07 1.81721323692111e-09 1.57387344091755e-07 1.89217943270173e-09 -7.7639972974428e-08 7.80455919183143e-08 1.5660170105486e-07 1.5628230419613e-07 7.86983512268643e-08 1.5635836735652e-07 1.39573807624326e-10 6.1221521120163e-10 -6.36363342250098e-10 -1.56975916612053e-07 -1.58207506930231e-07 7.79950819922383e-08
3.92814920942695e-09 6.47116300127699e-09 2.8819922779077e-09 1.61742509149639e-09 1.57568360769996e-07 8.27699584377245e-08 3.86668182123148e-09 2.90286621148283e-09 -7.39138277903954e-08 -7.46083325331735e-08 2.68191276841577e-09 6.79447065187239e-10 8.16526346443573e-08 -7.43030573279828e-08 4.13147787189449e-08 5.31134768701399e-10 1.94252244026686e-09 -1.38208408648437e-09 3.16308234689713e-10 -1.69944441349642e-09 -6.3380796575703e-10 -8.24870683054158e-08 -2.07466646186658e-09 1.53125715862341e-07 1.54798329759932e-07 1.5435058763084e-07 -1.895186388406e-09 -1.15337986859136e-09 -4.66186783630778e-10 1.57523451746799e-07 -7.68159150129029e-08 8.07492581507331e-08 1.89542475325624e-09 -1.56230375232513e-07 3.19487404346695e-09 1.73540369535651e-09 -1.55232000162385e-07 -1.55343029168103e-07 -7.80674285110698e-08 -7.8014325703571e-08 -1.56677731950301e-07 -7.88372732922718e-08 -1.08213454799403e-09 -1.76100414718581e-10 -5.76145623966413e-10 3.48379553818856e-10 7.71319908072609e-08 -1.86022813330369e-10 -1.132887219338e-09
8.46890985748805e-08 3.60321574509304e-09 7.96273769536665e-08 2.19670822198811e-10 7.908474928031e-08 8.34636391110321e-08 4.92098604220032e-09 4.50834618091427e-09 3.59127518021823e-09 3.27016009239062e-09 2.12580276494623e-09 1.27290375595048e-09 2.27339710637956e-09 3.84256438949863e-09 -7.6248597772902e-08 8.04960236839568e-08 -7.71172088578317e-08 -1.44486012951346e-09 -9.6190213434833e-10 1.53742412930044e-07 7.71007825807013e-08 1.52378208183718e-07 -3.32410068371989e-09 7.45514393137998e-08 -6.53867356437471e-10 -2.40456035766796e-09 -1.59338987504411e-07 7.80096413903668e-08 4.04578705327351e-10 -1.56571052556484e-07 -1.5286004874319e-07 8.05628319552779e-08 1.57795331160484e-07 1.58373368759053e-07 1.33788160278282e-09 2.35353057283666e-09 1.55384536464842e-09 -4.54006343347779e-11 -7.71394624908723e-08 -7.82661655868088e-08 -1.55223422856898e-07 -1.56034421517501e-07 -7.92816407473612e-08 7.93388473678175e-08 -5.02074791594903e-10 7.81882103321787e-08 7.85225977789901e-08 -1.4657732674035e-09 -1.75307276607548e-09
3.50133421812904e-09 -7.715609653305e-08 1.34483201145356e-11 -7.61611051295405e-08 1.13572129777923e-09 -3.32151195403645e-08 -3.30986962769016e-08 2.16050504230649e-09 3.49370067651657e-09 1.1358071307241e-09 2.75393110754449e-09 -7.51689152072902e-08 3.61574357094319e-09 8.17076671574866e-08 -7.73698912168665e-08 7.81580359417274e-08 7.79192149447354e-08 7.74348301394184e-08 -3.10203715011724e-09 1.51636269345569e-07 1.51645966009188e-07 -1.62145200631965e-07 7.48921783060426e-08 1.53831579070099e-07 -1.68858472865065e-10 7.71162684292693e-08 7.55004315451072e-08 7.95554835307283e-08 7.18417178500897e-10 3.95954663570324e-10 8.13539270229026e-08 7.99211198399939e-08 2.2178024532373e-09 4.10735846477698e-09 -1.53472176489763e-07 7.97247938265568e-08 -1.54796255703365e-07 1.44113988778332e-09 1.57793059298499e-07 -7.66282163881173e-08 2.43317044050045e-09 8.20242950554461e-10 -1.56618034710152e-07 -1.58476695227933e-07 -7.751898868425e-08 -7.92874798830424e-08 7.78312654365155e-08 7.73648064028166e-08 1.55573722215983e-07
1.15409272532288e-09 1.74723242946975e-09 9.0515997301759e-11 2.31246776936983e-10 3.92974885883539e-09 4.5834476134551e-08 4.48886721519583e-08 4.87267235121481e-09 1.05046010048473e-09 1.57841877263953e-07 8.14762097194996e-08 3.138988819111e-09 5.06516504527636e-10 7.87450414904072e-08 5.38930422311197e-10 -8.46589413925589e-10 7.81184813436049e-08 7.64119093057414e-08 -5.40519772075862e-09 -6.02994132938637e-09 -5.80187122380493e-09 -8.37887651154413e-08 -2.83276842085816e-09 -1.85951928329874e-09 -2.69099268922187e-09 -1.63625212486316e-09 -3.19767541374079e-10 1.57592389920159e-07 -1.55544086993845e-07 1.06958446464746e-09 -7.60951314716761e-08 3.24326413818125e-09 -1.5491360620511e-07 1.38328762840036e-09 2.66923080298127e-09 8.010422387266e-08 -7.61934936999375e-08 -1.54624152792764e-07 -1.55678260970961e-07 -7.84764401933281e-08 6.04308059874522e-10 1.07374929449579e-09 -1.56577077570115e-07 -6.165181786092e-10 -1.56580249330536e-07 -7.93056055301678e-08 -7.96883757480962e-08 -7.93804033943874e-08 -1.83658378229346e-09
