data/pcas/pcas_can_126/pca_referenceLayers_can_126/PC19.asc
NCOLS 494 
NROWS 529 
XLLCORNER -117.166666666667 
YLLCORNER -55.5 
CELLSIZE 0.166666666666667 
NODATA_value -3.4e+38 
[rows 231 to 251 of 529, columns 441 to 489 of 494]
1.59413041987871e-07 -7.6330990644471e-08 3.69852465859933e-09 -7.48584946252361e-08 8.17402310534034e-08 4.47196607130842e-09 -1.5166954285181e-07 3.20186941758697e-09 8.25381948894483e-08 3.04745561132294e-09 8.11909827668948e-08 3.66685803991204e-09 -7.37127401917745e-08 8.22674898633803e-08 -1.52497860340494e-07 -7.39993638277541e-08 -7.33742154226211e-08 -1.53729115727852e-07 3.7681221925242e-09 3.13103782607053e-09 -7.4232975539226e-08 2.89415120733532e-09 4.33187236515253e-09 8.2302077680456e-08 1.60228206773741e-07 -7.49060333671264e-08 4.74086523427008e-09 4.63618394245778e-09 2.26225667531537e-09 1.58829157381554e-07 -1.54502403232731e-07 -1.54402403217134e-07 5.33863717898698e-10 8.89264469329094e-10 4.38046260744122e-10 1.57494263384116e-07 1.5803069207174e-07 1.39114679352852e-09 8.11870502895309e-08 2.36883668231096e-09 1.29924193726496e-09 8.10327910235439e-08 -1.54574086605728e-07 1.58246427783367e-07 7.92176140932067e-08 7.98041341744622e-08 -1.55302284256215e-07 1.57681014559119e-07 7.95772959327968e-08
2.17725383553304e-09 8.12720362803712e-08 2.87311367525444e-09 3.58252550683362e-09 -1.52395753459349e-07 4.35845485676295e-09 -1.52362246748697e-07 4.0927334410764e-09 4.11226811422372e-09 -1.52989588722162e-07 8.17370928438515e-08 -7.4022089875342e-08 -1.53630254549137e-07 2.52492394170326e-09 8.21278388781441e-08 -1.53199777973948e-07 8.24024183998463e-08 8.33702016387207e-08 8.35148409765153e-08 4.00400080417183e-09 8.2285072155835e-08 1.61254796758118e-07 -7.50201282911508e-08 -7.61604303225706e-08 8.22017997180658e-08 3.92770402100504e-09 3.95371177950064e-09 8.23802615047628e-08 1.60305866381955e-07 1.59674792641208e-07 -7.74458597547189e-08 1.57529776486985e-07 7.88184567597426e-08 7.90794385860781e-08 2.76161689734647e-10 -1.57120168084615e-07 -1.55865977490672e-07 1.8217590509491e-09 3.67621328162505e-09 -7.5765691668556e-08 -1.55561055518858e-07 2.21184514228414e-09 7.95231594578069e-08 3.24957768926751e-10 1.5779564956235e-07 -7.7807182813451e-08 -7.69081756021781e-08 7.84552985163978e-08 -7.70654975035873e-08
8.11093215160029e-08 1.58669754138647e-07 3.42722351495434e-09 -1.52928597454499e-07 1.60405519227509e-07 1.60897446262391e-07 5.26102329293135e-09 -7.42730531435847e-08 3.94413009184376e-09 3.66077153629992e-09 8.17669831216154e-08 2.94456608853389e-09 -7.59068358274834e-08 -7.55222181052857e-08 2.61770585557749e-09 8.17677887444632e-08 1.60373862415739e-07 8.1739258754223e-08 -1.52274630114885e-07 -7.27495166904481e-08 -7.37119608389383e-08 -7.33958898132719e-08 5.04939058443218e-09 5.39862036763122e-09 8.27836901013201e-08 -7.48282741214706e-08 -1.5265269317925e-07 -1.52151063849996e-07 4.37750360253653e-09 -7.43915191939169e-08 2.18137624580361e-09 7.92773082022526e-08 1.56244711892759e-07 1.58244717493701e-07 -6.2958193217697e-10 -7.7582143129681e-08 1.57747009571355e-07 -7.83592433474995e-08 8.14674964653888e-08 -7.54242983104246e-08 1.57508695353497e-07 7.82664480310614e-08 -1.55842214127881e-07 1.27881265971999e-09 2.25073274718471e-10 1.56347658130521e-07 -7.80169243392606e-08 7.7738394379124e-08 -1.24483493720087e-09
-7.40304431262524e-08 1.60567427453192e-07 2.75371387928831e-09 -1.52676227822531e-07 3.71819168925175e-09 1.62122338573085e-07 -7.45104564575782e-08 -1.52285363211763e-07 1.63055036282097e-07 5.16576876791044e-09 -7.57670143594032e-08 -1.53813231400588e-07 1.58702783045749e-07 8.10285340026738e-08 2.74975982712878e-09 -7.62723308403753e-08 3.25054847380415e-09 4.45012941045863e-09 -1.52064699291379e-07 -1.52614448931582e-07 4.51238556369682e-09 8.32239871343765e-08 -7.36598673983531e-08 1.61629856677714e-07 -7.51637357535438e-08 3.92591086285094e-09 5.98500070791877e-09 -1.52704918851426e-07 1.6077400600334e-07 -1.53396248443041e-07 -1.5393639661872e-07 -7.84605852835211e-10 7.86933908934249e-08 -7.88614601454907e-08 -7.78879951440858e-08 -1.56877955292689e-07 7.92549176627801e-08 7.79162173151726e-08 2.72558877140926e-09 -7.65223085736298e-08 8.02344471019294e-08 7.95362648398427e-08 -7.7445056876702e-08 1.56912591180575e-07 7.47324304474432e-10 1.03912049397007e-09 1.57903331431507e-07 -9.54335711072615e-10 2.77270566670664e-11
-7.43782290645757e-08 8.19375847003605e-08 3.33450610628689e-09 -1.51540827688581e-07 2.94855822919366e-09 4.50828270831026e-09 -1.50597925190074e-07 -1.51742552544068e-07 -7.46558677447212e-08 1.60493071925896e-07 8.18111040066627e-08 1.29791401383494e-09 -7.72375062312974e-08 8.0937256555852e-08 8.04987249064287e-08 7.98110014847391e-08 1.64013482581784e-09 1.59124144735333e-07 1.58503421051243e-07 -1.53875611801176e-07 -1.53269004192062e-07 -7.48187836736524e-08 4.0261115042966e-09 1.60979222266337e-07 -1.53118503076871e-07 -1.52501881064336e-07 -1.51854679024189e-07 1.60402996330008e-07 3.76154793308242e-09 8.06336622150744e-08 -1.55752256935382e-07 7.89896436542952e-08 1.57355116486122e-07 7.84878469744675e-08 -1.93278520791168e-10 1.56060345092836e-07 7.93163843220385e-08 1.58155436271837e-07 -7.79608593580848e-08 -7.57181302604483e-08 1.59277168821112e-07 8.07107417392072e-08 1.59158135318661e-07 1.57570304898195e-07 -7.75884032196808e-08 1.57984384327902e-07 -1.55334130482337e-07 -7.69103376703782e-08 7.78258259273588e-08
-7.38813885340846e-08 -1.53114618660433e-07 4.20857304816278e-09 5.56029490734898e-09 1.61305265896051e-07 1.6179805150975e-07 -1.51599943424211e-07 -1.52077175600379e-07 -1.53782402876951e-07 2.2151461859251e-09 -1.55355377901814e-07 1.14440696508609e-09 -1.55301593239929e-07 1.0627512947377e-09 7.95933085291697e-08 -7.67097192566907e-08 -7.73057710070232e-08 -1.55632828690265e-07 -1.54464145230974e-07 1.6006429851526e-07 -7.52230775938811e-08 2.40060877224856e-09 -1.53785159498143e-07 2.5586232385932e-09 8.18548993852285e-08 1.61370152636038e-07 1.60625918858447e-07 1.60123844340993e-07 -7.5048495771853e-08 8.61806837607282e-10 7.88970866896173e-08 1.48249851550673e-10 1.55815368284372e-07 -1.5650619398203e-07 7.76476202777706e-08 -1.57457941582691e-07 -7.74622326784401e-08 -7.66537970973565e-08 -7.87538418768867e-08 1.23104810728634e-09 -7.56190597800992e-08 -7.54523327826627e-08 -1.54665667043845e-07 -7.75577510564297e-08 1.71775597605279e-09 1.64735491439873e-09 8.47305557165601e-10 -1.55133110069051e-07 -1.56042924246865e-07
1.61172019551534e-07 4.05987922426269e-09 3.24229413465758e-09 1.61399848351865e-07 5.3925958706669e-09 -1.51964830987443e-07 3.89860617488658e-09 4.08183776372616e-09 -1.56192021214484e-07 1.45285674724844e-09 2.25672740224065e-10 3.48031202764309e-10 6.46671254404291e-10 -7.79161881676125e-08 7.87855366426478e-08 -5.94594936214767e-10 7.90967140519753e-08 1.57868228237494e-07 8.09146226739303e-08 7.96471110691708e-08 1.01272571590407e-09 8.04985360400745e-08 -7.55509224651657e-08 -7.47378951723463e-08 8.14788304030686e-08 2.36178980912625e-09 3.06309986831312e-09 3.13018611545941e-09 -7.6786369877418e-08 7.9145068302399e-08 1.48985714480933e-09 -1.57266947212261e-07 7.75995310518218e-08 -1.56606891733734e-07 -7.87918694084858e-08 1.5686282604142e-07 -1.56076110275825e-07 -7.79332525882283e-08 8.0547670251832e-08 2.64109785001424e-10 -7.690997010771e-08 8.18913733258712e-08 -7.66829475125934e-08 -1.54986763037672e-07 1.0338126050199e-09 1.74018273520986e-09 1.08798740024708e-09 8.96174333405973e-10 -7.62089977794092e-08
1.62357521944032e-07 5.26745354836296e-09 1.61084555060084e-07 4.8834238446806e-09 4.87961565436484e-09 -1.52657723511338e-07 4.3021154371592e-09 1.59175682544816e-07 1.57036414630636e-07 -1.5804492206622e-07 -3.96906380229064e-10 -6.54342722398097e-10 -1.00732313293945e-09 -7.17427009827788e-10 -7.1219641032252e-10 1.20477386920751e-09 1.57831103806271e-07 8.2184062595619e-10 -1.55689352866342e-07 1.59944088655649e-09 7.22006937813883e-10 2.10611312556392e-09 -1.52993770706196e-07 1.62777272952314e-09 -7.66427711383743e-08 3.37186627647829e-09 8.01545764542429e-08 1.59289730346464e-07 2.13741626672869e-09 1.57534336147584e-07 -1.56229822752495e-07 1.87426972560377e-10 -8.00371167629725e-08 7.87897654235301e-08 -7.75887738367086e-08 -7.809732196492e-08 -7.70110413219449e-08 1.5816781837211e-07 1.84446620065466e-09 2.19564552509021e-09 8.11526823023522e-08 -1.55577829123587e-07 3.20289273120838e-09 2.20612540944262e-09 1.7890637312714e-09 -7.70848664554827e-08 1.29481357646228e-09 8.00904634609336e-08 7.95298526408013e-08
3.99054716920374e-09 5.84148763624811e-09 6.05743968090736e-09 5.55465060026095e-09 -1.5276914346208e-07 3.33051086034742e-09 3.55229974816387e-09 1.92554965403139e-09 2.52685973689267e-10 -2.98381037999949e-11 -1.30405471347956e-09 -1.63304581122568e-09 1.55863098455637e-07 -7.48456526397403e-10 -1.00832033508719e-09 -1.06855342900377e-09 6.46930466641396e-10 -7.74509393255785e-08 -7.82883400335555e-08 1.56921262219945e-07 -7.8702751752245e-08 8.00880834678908e-08 1.56408698509498e-07 -1.57162265078686e-07 9.56393271317246e-10 -7.74530468643621e-08 1.58679288453275e-07 1.57644244520961e-07 -7.77797744000971e-08 -7.87434041571029e-08 -7.92386213310274e-08 -7.85851449536592e-08 -1.57102699548309e-07 2.73369137106316e-11 -7.88507793198752e-08 1.58211904623612e-07 -7.59394501352489e-08 1.60008431154629e-07 6.8988754802088e-10 -7.67674290231771e-08 8.11054922191277e-08 -1.53563761959403e-07 1.59561425709272e-09 1.73816782807032e-09 -7.57618841485916e-08 1.82676195560603e-09 8.01142310781201e-08 -7.60690182278277e-08 2.98848806424087e-09
1.59532106019179e-07 1.60787411621139e-07 -1.51203012181104e-07 2.82859316458141e-09 -1.52328420224372e-07 -1.54696537032522e-07 -1.54451968886927e-07 -2.46753901096236e-10 -1.48860001204888e-10 -1.97648579873299e-09 -2.65057211649079e-09 -3.00698322829549e-09 -1.60007460869898e-07 -1.58981872258825e-07 -1.90381578355746e-09 -8.08942613873644e-10 1.54827568254904e-07 -1.07177547964889e-09 1.7462275098395e-10 7.79227714341237e-10 -1.57639820681707e-07 -1.56841827591e-07 1.55524444849397e-07 -1.57186654869352e-07 -8.07425568246559e-08 -7.40840660377488e-10 -7.89692256726675e-08 1.55858307493744e-07 -1.458348953232e-09 -1.3240204931563e-09 7.77089923093008e-08 7.80757025599386e-08 -7.96841987949198e-08 3.61107308819659e-10 1.59232261809912e-07 8.05089132936106e-08 -7.59457966929172e-08 8.03601101658839e-08 2.67581908011186e-09 2.20490917786758e-09 8.14974583309652e-08 8.06392428067307e-08 -7.47984240467551e-08 1.58978260273964e-07 8.12386809626253e-08 1.42584490378058e-09 -7.56926328922062e-08 1.58659699389336e-07 -1.54806081907477e-07
-1.52826757804484e-07 -1.53203236383888e-07 1.59229754240854e-07 -1.52104699259945e-07 1.59540433126465e-07 8.8265394732461e-10 1.57389330726966e-07 -1.58916285448912e-07 1.53783756814299e-07 -4.31752153895067e-09 -1.59579636575669e-07 -4.37938855496784e-09 -2.55738148580515e-09 1.53331097343158e-07 1.5520366597721e-07 -1.40120654374326e-09 -1.5842822421304e-07 -1.40420479766868e-09 -1.04965082979975e-09 -3.70383459625885e-10 -1.58863538163019e-07 -6.32286734928165e-10 1.55479159930385e-07 -1.27007513249464e-09 -1.0511502445687e-09 1.56122897175077e-07 -2.84650613807217e-10 -1.57310645229176e-07 -1.29034213271816e-09 -7.96897120728478e-08 7.77376182678278e-08 -7.90753431677347e-08 -1.28084930627462e-10 7.91176692907255e-08 -7.74700357699176e-08 3.05856405083753e-09 2.88570702222496e-09 -1.5506377735651e-07 -7.74155564688533e-08 3.1146345008411e-09 1.60170761512301e-07 -7.5591254259903e-08 -7.46830154706441e-08 1.78146320403583e-09 -7.62758752854876e-08 3.76672895575341e-09 3.2798233366174e-09 1.10292063931377e-09 -7.6533796328372e-08
1.61251130486359e-07 4.14851916383668e-09 1.4968514068859e-09 -1.54682635144792e-07 -1.55734692009608e-07 1.55470373867636e-07 1.55680137564028e-07 1.53625544332589e-07 1.52372481885654e-07 -3.15451433320909e-09 -3.53723678040019e-09 -4.4914716711489e-09 -1.60124464935448e-07 -2.61280210929013e-09 1.55955606697575e-07 1.55570047715341e-07 -1.58875642583783e-07 9.45086946501655e-11 -1.57984784694907e-07 -1.58793994126903e-07 -1.58993090016665e-07 -2.29761601411664e-09 1.5613019109674e-07 1.56595524983573e-07 -1.09816536428813e-09 -1.3302181215648e-09 -1.56394363362652e-07 -7.10393120557612e-10 -4.96214941252807e-10 1.55471869617908e-07 -1.57446789266319e-07 5.82518108509857e-10 -7.83040132932265e-08 -7.83226896628338e-08 5.78659384192199e-10 1.80935417371257e-09 -1.53887769990437e-07 1.23147735348167e-09 1.58178169695742e-07 -1.57002379674144e-07 -7.78105828949934e-08 3.36949211211523e-09 -7.62853787014368e-08 1.58359635084507e-07 1.25064975559318e-09 -7.65613867541595e-08 7.97611454575818e-08 7.95856203135198e-08 2.84038639020956e-09
-1.52262822810968e-07 1.60256265410008e-07 1.59673478942944e-07 1.57553627162805e-07 1.56993083147745e-07 -1.53842413272518e-09 1.53761507807931e-07 1.53089466143438e-07 -4.49407681816351e-09 1.52275329052158e-07 -1.59863601619894e-07 -4.48172210657486e-09 -4.98014289685603e-09 -2.17054358250439e-09 -2.58112771132028e-09 -2.42416939234932e-09 1.54464425629609e-07 -1.58504353513205e-07 -1.92340064724456e-09 1.54923861352901e-07 -1.64555794363491e-09 1.54470111018251e-07 -2.27400046956218e-09 -1.72941669101321e-09 1.56263485561436e-07 -1.58262882770897e-07 1.56920151982468e-07 -3.62222682137396e-10 1.62375887988725e-10 -1.00865101108289e-10 -1.14892461133832e-09 -1.57183207307333e-07 1.27484350891339e-09 -2.08573732940809e-10 1.58860462215034e-07 2.06689190254964e-09 -1.55081348853774e-07 -7.74800192517689e-08 -1.5531774587091e-07 1.56297770248656e-07 1.57150854692109e-07 -7.53769892629385e-08 2.31266144492626e-09 1.58317324465395e-07 1.58497181367872e-07 1.83596435908242e-09 -1.55072171140671e-07 8.74264397783449e-10 1.5876201871297e-07
-1.53612736451043e-07 2.41523909975062e-09 1.10963935381831e-09 -1.56517460154475e-07 -1.78359829634055e-09 -2.70622139544244e-09 -3.82841285186444e-09 1.52566821337556e-07 -4.64106634023225e-09 -5.18899072563527e-09 1.52260651066623e-07 -1.61414211780496e-07 -1.61511077309706e-07 1.53241538786701e-07 -2.49981518754801e-09 1.53242507422058e-07 1.53596033350944e-07 -1.5909968170839e-07 1.54728338233135e-07 -1.57937505083162e-07 -1.63006119567555e-09 -2.80683689835671e-09 -1.28954157608596e-09 -2.21395663460459e-09 -1.58289278443806e-07 -9.41268789675314e-10 -1.49241717188535e-09 -1.56855120215054e-07 1.57759506193707e-07 5.41936401527643e-10 1.56851185725366e-07 -9.69911716682623e-10 1.59281610074446e-07 -1.95091589608556e-11 8.08548548034671e-08 3.20671688861967e-09 1.59512625555827e-07 7.80375193650905e-08 -1.55973307325296e-07 -1.55815662672826e-07 2.28881724838975e-09 -7.68599151496049e-08 2.77169558069751e-09 7.90023845869677e-08 8.11410857624504e-08 7.79875206665963e-08 2.25880376551095e-09 7.90484707561528e-08 -1.5460129748217e-07
-1.52855988649391e-07 1.94489511111794e-09 1.5536728368958e-07 -1.8373939419031e-09 -1.58737464545263e-07 -4.74198794649891e-09 1.52372336480891e-07 -1.63867417193328e-07 -1.625843036662e-07 -5.36727957479267e-09 1.52592325483737e-07 -3.81523741779552e-09 -3.91764159916296e-09 -4.83172712418866e-09 1.53083990345301e-07 -1.61334025442137e-07 -2.13803528262377e-09 -3.42142598861441e-09 -3.26545955510675e-09 -2.0577579440445e-09 1.54457405382038e-07 -1.5850653098924e-07 -1.90486428765574e-09 -1.57258949367465e-07 -9.68321373165427e-10 -2.49966879248612e-10 6.27458559264937e-11 1.57238343094933e-07 1.57434481895258e-07 1.38292231301075e-09 1.57312237252192e-07 2.80876406796583e-10 3.83593873480528e-09 1.59910746072108e-07 -1.54576788962776e-07 8.1059060590512e-08 -1.55526947490821e-07 -7.63633002811491e-08 7.9920828027528e-08 -7.75829745481081e-08 1.13803945201194e-09 1.86195123957364e-09 -7.65626270504711e-08 -7.49626398263022e-08 -7.68922106014925e-08 1.53918096387186e-09 7.34798537286602e-10 3.27600693322471e-09 7.98115818988987e-08
2.21023096103297e-09 9.48120092098615e-10 -1.57511032608472e-07 -1.95980589215013e-09 -4.29909122956991e-09 1.52404708314275e-07 1.52660684781801e-07 -6.30436307290289e-09 -1.63151802954713e-07 -6.29607116124629e-09 -1.62291659868118e-07 -5.30756398573399e-09 -4.86996418973051e-09 -1.61396919764887e-07 -1.59812848552448e-07 -4.1874429976984e-09 -1.69290737321557e-09 1.53946982941251e-07 -2.84451335962104e-09 1.55716034275786e-07 -1.58806106165505e-07 -2.00020305564745e-09 -1.586733807819e-07 -1.00467847251868e-09 1.57645636106063e-07 2.03824546536091e-09 9.24359165664371e-10 -1.56728272393542e-07 -1.79390336461863e-10 1.56662308892121e-07 8.53125962855135e-10 -1.5664648968085e-07 2.43177391078411e-09 1.59842732319695e-07 2.78995105053119e-09 -1.54619986231187e-07 1.75515740697176e-09 8.15484571053079e-08 1.57311178162481e-07 -7.93664053177013e-08 4.6445994725221e-10 7.99025928917963e-08 1.58929297786731e-07 8.71530268098296e-10 7.9323115489287e-08 8.12743998704725e-08 2.88586260654576e-09 -7.56279676307528e-08 4.12527428580912e-09
3.066740668229e-09 1.56098142421326e-07 -1.57578094231668e-07 1.53078626852629e-07 -4.67033260606209e-09 -1.62810160727548e-07 1.50701192839567e-07 -5.44785111106147e-09 1.51661693217852e-07 -1.63605256958273e-07 -6.27221827980246e-09 -6.21081166606062e-09 -4.46619223295308e-09 -5.35134828949222e-09 1.5337298922325e-07 -2.14540286535141e-09 -1.59975665679971e-07 -3.14865931309035e-09 -1.60203605927366e-07 -2.90311409134833e-09 -1.58170221307075e-07 1.56734446467662e-07 1.56577995747569e-07 -1.57035073313339e-07 7.48944039623619e-10 -1.53654952597471e-07 -1.55918553043528e-07 -1.55782122088505e-07 -4.82659739509776e-10 1.56719887031032e-07 1.56991220270062e-07 4.82954263805939e-10 6.46598984873104e-10 1.72529301226743e-09 -7.55654918225583e-08 -1.54960628094734e-07 -7.7315135325459e-08 1.57911963170712e-09 -1.45066845841681e-10 1.43784715653263e-09 1.58127855762374e-07 7.93368790378878e-08 2.26338064492645e-09 1.57856924024962e-07 4.51471866741123e-10 1.38274773288154e-09 2.68511034123024e-09 2.99293322259123e-09 2.4644937022507e-09
1.91266928877134e-09 6.28643585655402e-10 -1.58492625082941e-07 1.52179103673613e-07 -1.61255841419061e-07 -1.62291944033785e-07 -5.71611974104552e-09 1.52451836481321e-07 -5.11796129688041e-09 -5.91563004087876e-09 -5.63112913530412e-09 -1.62162070791074e-07 -4.99712699968317e-09 -1.61328894390905e-07 -3.93886404692528e-09 -3.8282001711629e-09 1.52899380420959e-07 -2.66065885262588e-09 -1.59561495462272e-07 -1.58637018761781e-07 -7.65269841640002e-10 -7.67414168849976e-10 -1.57584209626124e-07 -1.54121000831381e-10 2.03955741231451e-09 1.22771132742272e-09 1.25637698723555e-09 -1.55308415174115e-07 -1.55847189632644e-07 5.26753713500711e-10 1.56484841983496e-07 -1.56021435646237e-07 1.02995589064869e-09 1.12946346181366e-09 1.59378365134411e-07 2.02206139049232e-09 -1.55619736383376e-07 2.08428017192812e-09 9.80137287211927e-10 -7.71611966669517e-08 1.09489839319881e-09 5.84471977073828e-10 1.35654190167967e-09 2.89749887912193e-09 1.12364111749873e-09 8.06206569491895e-08 -7.58635528552583e-08 1.98199040814455e-09 2.36661816881661e-09
-1.54747095837413e-07 1.55790347159777e-07 -1.5992974883357e-07 -1.61569358835891e-07 -1.62430706663607e-07 -4.46020431379227e-09 -1.63207349635764e-07 -5.75242956591167e-09 -1.61685804556592e-07 1.51813898853944e-07 -5.16142165089644e-09 -1.62033275892688e-07 -5.47875956920412e-09 -3.80929879015309e-09 -4.80946964736474e-09 -3.31413272827969e-09 -2.65107249471592e-09 1.53670957730426e-07 -2.66940789177809e-09 -2.79588415694875e-09 -9.67706140338329e-10 -1.58108026518408e-07 1.56542997619194e-07 1.56735000887067e-07 2.69131821668992e-10 -1.55996065981988e-07 1.94900723712053e-09 1.20331341172907e-09 -1.55558542063257e-07 1.56907912837132e-07 1.5902214191135e-07 2.76132972180531e-09 2.13609792153011e-09 1.57804320121664e-07 2.06914808940285e-09 -1.57311179322542e-07 -1.55721038720597e-07 7.91814466394244e-08 -7.79486584882831e-08 1.56686463938389e-09 -1.55720458917526e-07 7.47057266324019e-10 2.12652455697273e-09 -7.51476060451547e-08 8.28334515354081e-08 3.38425933139919e-09 3.05503735436161e-09 8.14840429573307e-08 8.02193636506291e-08
3.7276027188012e-10 -2.82843063064441e-09 -3.97261913747136e-09 -3.74611193928254e-09 -4.74241671364322e-09 -5.25562503632874e-09 -1.62501844564585e-07 -1.62207289389829e-07 -1.62440141549662e-07 -4.43531119737838e-09 -4.9437578005965e-09 1.52802485517908e-07 -4.68810367420465e-09 -4.73823978037095e-09 -3.00948073151096e-09 1.54604334745996e-07 -3.38049956575073e-09 -1.60353561328538e-07 -1.85267526181615e-09 -1.58804212287965e-07 -7.89519954529286e-10 2.66050849199637e-10 1.56399366062314e-07 -3.21060018521974e-12 -1.5640938770074e-07 1.57993483842768e-07 1.71049241970145e-09 1.58689285018684e-07 3.43310808324303e-10 1.57006887038519e-09 2.27934817892282e-10 1.27616165499349e-09 4.9599634425542e-10 1.5655664083246e-07 -1.55560895766914e-07 -1.5548645423863e-07 1.57330592792637e-09 -1.55892382122425e-07 1.51436572881203e-09 1.0288351923542e-09 -1.55442046965037e-07 -7.62114693884393e-08 1.5712221608858e-07 -7.76812529939789e-08 7.94629353047859e-08 3.36222410004624e-09 3.0281611869268e-09 1.81442288153169e-09 1.58543567146955e-09
1.57716689165558e-07 -1.5851902012509e-07 1.53262738211248e-07 -4.61139222655958e-09 1.51537923820854e-07 -6.52812088162801e-09 -1.62840526263699e-07 -5.50055836886669e-09 -3.67327107206391e-09 -1.61740103183021e-07 -5.98449066112432e-09 -5.19941556996297e-09 -1.62279684909298e-07 -4.36456927615049e-09 1.53106086323385e-07 -3.2632889973872e-09 -2.60103004996082e-09 -1.84515644882057e-09 -1.59815899203996e-07 -1.76940629908315e-09 -1.03941199124625e-09 5.09234564588682e-10 -1.56237669487364e-07 1.00563374597652e-09 7.07470963389472e-10 -1.55646545614537e-07 -1.55405895357287e-07 -1.55646700232972e-07 1.980404534454e-09 1.93820459955926e-09 -1.56319617496374e-07 -5.49817542063989e-10 1.57458980869134e-07 2.51917214526377e-10 1.57676814469252e-07 1.57568496590046e-07 1.1245091692849e-09 7.79819686229466e-08 1.56800228868438e-07 7.69522775837657e-10 3.42492328201565e-10 8.00567277948214e-08 2.0470789383286e-09 -7.64420869695322e-08 1.15421952877137e-10 8.21734668121976e-08 8.15551066917609e-08 -7.62201066784162e-08 -7.64971307285789e-08
