data/layers/Current/bio1.asc
NCOLS 494 
NROWS 529 
XLLCORNER -117.166666666667 
YLLCORNER -55.5 
CELLSIZE 0.166666666666667 
NODATA_value -3.4e+38 
[rows 161 to 183 of 529, columns 312 to 363 of 494]
22.9329586029053 25.0474376678467 25.8833541870117 25.878999710083 25.8117809295654 25.8192081451416 25.7919273376465 25.1851348876953 23.3620834350586 24.0270309448242 24.5125942230225 25.4421882629395 25.6066150665283 25.1741561889648 24.2760009765625 23.4964580535889 24.2837181091309 24.2919788360596 22.8409061431885 22.3528022766113 21.2427806854248 20.9669990539551 21.0130825042725 21.3583335876465 22.7013969421387 23.1187705993652 22.9537296295166 23.8375625610352 23.7718849182129 23.1842708587646 22.2401466369629 24.3052711486816 25.7321872711182 26.1058025360107 26.2012596130371 26.1199474334717 26.0122909545898 26.2019786834717 26.2578964233398 26.4950199127197 26.443416595459 26.41184425354 26.5776882171631 26.8142395019531 26.9248962402344 27.0103015899658 26.9890727996826 27.0930213928223 27.0619373321533 27.1141452789307 27.0999794006348 27.0395622253418
24.0042400360107 25.497917175293 25.929615020752 25.9780216217041 25.9070625305176 25.8542709350586 24.9315414428711 25.5442810058594 25.7441673278809 25.6446361541748 25.259729385376 25.560604095459 25.5987300872803 25.3501663208008 24.9164791107178 24.6026039123535 24.41628074646 23.7219276428223 22.9728546142578 22.5720310211182 21.826208114624 21.1905727386475 21.2433853149414 21.8591461181641 22.1431674957275 22.8202705383301 23.3164577484131 23.3270301818848 23.8766250610352 23.1223125457764 22.4070835113525 22.9897079467773 25.2279071807861 25.9903545379639 26.1771450042725 26.2295722961426 26.2553119659424 26.2706565856934 26.3580837249756 26.4772186279297 26.4416046142578 26.4598751068115 26.6850414276123 26.8512496948242 26.9227085113525 26.9855003356934 26.9496250152588 27.0014896392822 26.9883861541748 27.021333694458 26.9804058074951 26.9949474334717
22.9884796142578 25.5035934448242 25.9027805328369 25.986457824707 26.002197265625 25.8427505493164 25.3753643035889 25.6400413513184 25.6148548126221 25.7109260559082 25.7020931243896 25.6539897918701 25.6607608795166 25.4932498931885 25.4740829467773 25.3046970367432 23.7358741760254 22.3264579772949 20.3084888458252 22.4523124694824 22.1630306243896 21.5168228149414 21.2456245422363 21.7433757781982 20.8252506256104 21.3322601318359 23.6052703857422 23.5012397766113 23.789270401001 22.8822498321533 22.4077396392822 22.4966239929199 23.9368534088135 24.8437080383301 25.6124897003174 26.2821769714355 26.4115829467773 26.5013236999512 26.5756359100342 26.4828643798828 26.4575309753418 26.5305519104004 26.7493858337402 26.6941566467285 26.771541595459 26.8053741455078 26.8247184753418 26.949405670166 27.0278339385986 26.9341239929199 26.9386672973633 26.9576358795166
22.8252716064453 25.4216461181641 25.7348327636719 26.0253124237061 25.896541595459 25.8735733032227 25.8969573974609 25.848030090332 25.6490097045898 25.3463535308838 25.6825103759766 25.6500205993652 25.6540203094482 25.5203018188477 25.4464797973633 25.0605735778809 24.7773742675781 20.6215839385986 19.7532806396484 22.6218547821045 22.3587913513184 21.9773750305176 22.2374992370605 21.8072605133057 21.5819263458252 20.5879383087158 20.3051452636719 21.9639263153076 22.5685729980469 21.2545719146729 21.5212917327881 22.2924480438232 23.4697284698486 24.1418647766113 24.484561920166 25.3371982574463 25.9846458435059 26.4797191619873 26.4735736846924 26.3692607879639 26.4490928649902 26.5650730133057 26.7264270782471 26.6571559906006 26.6798648834229 26.7082920074463 26.7720413208008 26.9473857879639 26.8943328857422 26.7962913513184 26.8260841369629 26.8154487609863
24.1801662445068 25.5501041412354 25.6724166870117 25.5252914428711 25.3471145629883 25.9858551025391 25.7366256713867 25.5608444213867 25.7087287902832 25.7092189788818 25.4810619354248 25.3131446838379 25.5381355285645 25.4085216522217 25.392520904541 25.2688026428223 24.925989151001 24.1559581756592 22.6997814178467 23.5118026733398 23.0728855133057 22.2525215148926 22.1624794006348 21.9749069213867 22.0304489135742 21.0131874084473 20.2925624847412 20.6765727996826 21.8857707977295 20.3030834197998 21.1830215454102 22.0593338012695 23.0646457672119 24.033374786377 23.8847923278809 24.3668117523193 26.0615520477295 25.695011138916 26.3614063262939 26.351676940918 26.4083442687988 26.65456199646 26.5583114624023 26.588134765625 26.6186466217041 26.7143325805664 26.7408027648926 26.9014072418213 26.751802444458 26.6860828399658 26.7110939025879 26.7477397918701
24.2545623779297 24.5231037139893 25.482551574707 23.4446449279785 22.45139503479 25.8703117370605 25.6252498626709 24.9354591369629 24.7433013916016 25.65016746521 25.6686878204346 25.5494060516357 25.4193325042725 25.3700103759766 25.1058025360107 25.1535110473633 24.7412719726562 24.2859992980957 23.4917907714844 23.3623752593994 23.1808643341064 23.0527191162109 22.6836357116699 22.5068855285645 21.8734378814697 21.1883010864258 21.3286781311035 21.5590629577637 22.6122608184814 21.3573436737061 21.7322597503662 22.4277820587158 22.9702396392822 23.6547298431396 23.2012710571289 24.9953861236572 26.3980312347412 26.3148746490479 26.3021144866943 26.4586658477783 26.5498847961426 26.5977802276611 26.580322265625 26.6650733947754 26.7220306396484 26.6822814941406 26.7487182617188 26.6906356811523 26.6378440856934 26.6886882781982 26.5627288818359 26.5216674804688
25.4597492218018 25.0055103302002 25.5184383392334 20.9366970062256 21.785228729248 24.4273853302002 26.0404052734375 24.0279483795166 24.4174480438232 25.4233531951904 25.0508117675781 25.4990310668945 25.3893337249756 25.3878650665283 24.914155960083 24.8319263458252 25.0704898834229 24.582124710083 23.8481864929199 23.1569480895996 22.8059787750244 22.7824268341064 22.2060203552246 21.5810737609863 22.2728023529053 21.9536457061768 22.2793445587158 22.7494792938232 22.9057598114014 23.2923336029053 23.7839794158936 23.1417179107666 23.0084266662598 23.0166873931885 23.2332496643066 25.4193325042725 26.2389163970947 26.5564994812012 26.6197185516357 26.5424690246582 26.3617191314697 26.3853645324707 26.5378952026367 26.7362403869629 26.578052520752 26.5399055480957 26.5807495117188 26.4669170379639 26.56081199646 26.4625930786133 25.9269065856934 26.1704578399658
25.9905109405518 25.2093753814697 24.6649055480957 23.1217193603516 21.2668533325195 21.1188335418701 24.3822612762451 25.716968536377 24.714864730835 24.5438442230225 24.4718647003174 24.6228637695312 25.4815311431885 25.2749691009521 25.29079246521 24.523344039917 24.3991451263428 24.4072914123535 23.48655128479 23.4495315551758 23.11940574646 22.7313117980957 21.9663124084473 21.4890213012695 21.8382701873779 22.1844692230225 22.16184425354 22.3797607421875 23.5480003356934 24.0984172821045 24.4104995727539 24.4822597503662 24.53684425354 24.0444488525391 25.1511573791504 26.396614074707 26.4710216522217 26.5577926635742 26.5838222503662 26.5898952484131 26.1730518341064 26.4687919616699 26.5183849334717 26.6425933837891 26.5116138458252 26.4787502288818 26.4969577789307 26.4148445129395 26.1282196044922 25.8452911376953 25.7595310211182 26.4795207977295
23.8074378967285 24.075813293457 24.6209583282471 23.5554885864258 23.1928749084473 23.5130729675293 25.2707920074463 25.7059783935547 25.072437286377 22.8658962249756 24.1922302246094 24.3809471130371 25.308780670166 25.2137088775635 25.0990409851074 24.5770931243896 24.1479473114014 24.843542098999 24.3378429412842 23.9597091674805 23.7227916717529 23.3969993591309 22.6663951873779 23.1490306854248 23.2860736846924 24.2896041870117 24.3568954467773 25.0768756866455 24.96484375 25.1533966064453 24.6198863983154 25.0259475708008 25.3383445739746 24.6496772766113 25.0576877593994 26.2828121185303 26.4656047821045 26.5870208740234 25.812385559082 26.5221462249756 26.5549278259277 26.5254173278809 26.5686454772949 26.5979900360107 26.4813652038574 26.4449577331543 26.3287506103516 26.2585315704346 25.9452075958252 25.7894897460938 26.0297298431396 26.4086456298828
22.2150001525879 21.5887699127197 21.88503074646 23.8268852233887 24.3380737304688 24.3524265289307 25.0130004882812 24.8991661071777 25.0678653717041 23.4535942077637 23.9415721893311 23.980489730835 24.2819690704346 25.1309471130371 25.0865306854248 24.8853530883789 24.6553020477295 24.7199687957764 24.7371978759766 24.5247917175293 24.12672996521 23.9689693450928 24.5776348114014 25.1910305023193 25.7370834350586 26.2011775970459 25.9791660308838 26.423677444458 26.219051361084 25.5804786682129 25.4108428955078 25.4334163665771 25.9928226470947 24.5833740234375 24.4103965759277 24.7719688415527 25.7861881256104 26.5471153259277 26.156177520752 26.5496883392334 26.5354175567627 26.5219898223877 26.4730415344238 26.5278854370117 26.4455738067627 26.3702182769775 26.3164367675781 25.9312801361084 25.8221874237061 25.5232086181641 25.9286346435547 26.3752613067627
21.7498016357422 21.9125518798828 21.4622497558594 23.3486461639404 24.16623878479 24.3295001983643 24.2376556396484 24.8255004882812 24.9591770172119 23.9974899291992 23.453426361084 24.2277603149414 24.6009273529053 24.9602088928223 24.5450210571289 24.3194274902344 24.6475830078125 24.4817504882812 24.5734901428223 24.1966152191162 24.9678020477295 25.633092880249 26.1295928955078 26.5178642272949 26.6649475097656 26.866907119751 26.8917293548584 27.1349067687988 27.1137809753418 26.4441146850586 26.4115524291992 25.7685832977295 25.5054588317871 26.0914993286133 25.4624481201172 25.4513740539551 26.6881046295166 26.5728015899658 26.6503963470459 26.6909065246582 26.5646457672119 26.4998226165771 26.4795513153076 26.4100513458252 26.3644275665283 26.3407497406006 26.275218963623 25.9483966827393 25.7240619659424 25.6218757629395 26.0136985778809 26.2920722961426
23.1971874237061 22.902250289917 21.9231357574463 22.6510620117188 23.8264579772949 24.3586769104004 24.1713333129883 24.2021675109863 24.8020420074463 24.2900314331055 24.2568759918213 24.0655727386475 24.8415107727051 24.1854476928711 24.7844886779785 25.4137191772461 25.613582611084 25.00390625 25.4034481048584 25.5939159393311 25.7270622253418 26.2236766815186 26.714958190918 26.939395904541 27.0280838012695 27.1128025054932 27.1242599487305 27.2721347808838 27.2980632781982 27.0375843048096 26.4862804412842 26.63112449646 27.2210826873779 27.0971240997314 26.7795829772949 27.0118446350098 27.0167922973633 26.7473640441895 26.7100524902344 26.6128959655762 26.6420516967773 26.5375823974609 26.4536666870117 26.487907409668 26.3775005340576 26.2469997406006 26.0454158782959 25.8950099945068 25.1214790344238 25.8744678497314 25.878625869751 25.912467956543
24.0534057617188 23.5148754119873 23.1187610626221 23.7421360015869 22.4095306396484 23.5720310211182 24.5344486236572 24.7757511138916 24.7035617828369 25.2589473724365 25.3528118133545 25.2183437347412 23.2142181396484 22.1082496643066 23.1808853149414 25.5327816009521 25.8352394104004 25.6100101470947 25.8107395172119 26.0807075500488 25.515510559082 26.3183746337891 26.9869480133057 27.0664367675781 27.2687187194824 27.2810211181641 27.2571353912354 27.3398952484131 27.4190635681152 27.3623447418213 27.4438552856445 27.511905670166 27.5261974334717 27.4831867218018 27.3956661224365 27.1378231048584 26.8352298736572 26.8077602386475 26.726375579834 26.5577812194824 26.6319160461426 26.5049686431885 26.4695415496826 26.4560527801514 26.3545303344727 26.1102600097656 25.8432807922363 25.7856559753418 25.7295837402344 25.5187187194824 25.3702507019043 24.65016746521
26.2413234710693 23.4807815551758 23.7965202331543 23.2649269104004 22.7574367523193 24.5584487915039 24.6667499542236 24.9930095672607 24.7532920837402 24.5721569061279 25.2257080078125 25.5701141357422 25.2674369812012 23.7413330078125 23.7602806091309 25.1937599182129 25.9330825805664 25.9386463165283 25.8041877746582 26.2209281921387 26.4842510223389 26.8630313873291 26.9848022460938 27.1384162902832 27.2763862609863 27.3919372558594 27.4723129272461 27.4564685821533 27.5401668548584 27.5649166107178 27.5913124084473 27.6129169464111 27.6227188110352 27.5469074249268 27.2791137695312 27.0112819671631 26.7275524139404 26.7306880950928 26.6726036071777 26.5840835571289 26.5274066925049 26.5795097351074 26.4660320281982 26.3185005187988 26.3803653717041 26.2228755950928 26.0560626983643 25.9304790496826 25.8098430633545 25.5356140136719 25.7289371490479 25.4015522003174
26.761531829834 24.6038646697998 23.501895904541 22.5948848724365 23.5703430175781 25.0270099639893 24.3596038818359 24.6519794464111 24.9984169006348 24.6633949279785 24.7488327026367 25.3572292327881 25.6294059753418 25.4426460266113 25.2362289428711 25.4271240234375 25.1145095825195 25.8076038360596 26.0811138153076 26.2422714233398 26.4608535766602 26.7032089233398 26.966552734375 27.2504062652588 27.3826465606689 27.4660720825195 27.5355110168457 27.6177387237549 27.6740303039551 27.6919784545898 27.6047496795654 27.6793956756592 27.7603740692139 27.2525100708008 26.5079383850098 26.4440422058105 26.2227916717529 26.6704692840576 26.6393642425537 26.6277713775635 26.529125213623 26.5366554260254 26.4068031311035 26.2114887237549 26.1578121185303 26.1456565856934 25.9678440093994 25.9379577636719 25.8525314331055 25.7396869659424 25.8262386322021 25.7803230285645
26.7641983032227 25.0023441314697 23.5278339385986 23.8594589233398 25.5353221893311 23.6541976928711 22.3818340301514 24.5625839233398 24.9126243591309 24.851770401001 24.7909164428711 25.0671977996826 25.5908432006836 25.6512603759766 25.6647491455078 25.7178020477295 25.7191562652588 25.7726554870605 25.9024791717529 26.1568851470947 26.3869590759277 26.6905097961426 26.9993858337402 27.1929893493652 27.208625793457 27.4835624694824 27.62890625 27.6687297821045 27.7771034240723 27.6534175872803 27.6295509338379 27.7660522460938 26.5243854522705 24.2993545532227 25.4159679412842 25.2670211791992 24.9179992675781 26.2024574279785 26.715030670166 26.5931987762451 26.2890319824219 26.2121658325195 26.0927600860596 26.0027389526367 25.9577808380127 26.0090732574463 25.929573059082 25.9162712097168 25.9308338165283 25.8515319824219 25.8223438262939 25.7429485321045
26.8466148376465 25.699125289917 25.173978805542 26.1998653411865 23.8288116455078 22.447114944458 22.037239074707 22.9982604980469 24.2090625762939 24.5936985015869 24.5849685668945 24.5840835571289 24.8805732727051 25.5474052429199 25.5909690856934 25.661792755127 25.7215003967285 25.7800006866455 25.8424682617188 26.0476779937744 26.2968845367432 26.7701988220215 27.1005001068115 27.2854690551758 27.4837818145752 27.6256561279297 27.7124576568604 27.7694282531738 27.8080730438232 27.7058124542236 27.7367401123047 27.6538639068604 27.5177192687988 26.0174999237061 26.4075527191162 26.1989269256592 26.0168323516846 26.5539474487305 26.5311145782471 26.4213237762451 26.1350936889648 26.0789585113525 25.8941040039062 25.7494888305664 25.8250827789307 25.8699474334717 25.8519592285156 25.984769821167 25.9190101623535 25.8229904174805 25.5927181243896 25.7001457214355
26.8910732269287 26.8265323638916 26.6451034545898 26.2207088470459 22.9736042022705 21.7932910919189 21.4738960266113 22.8397388458252 23.8850002288818 24.0901355743408 24.8962078094482 25.1148128509521 25.4623851776123 25.6817817687988 25.7234687805176 25.7067699432373 25.7613124847412 25.8036556243896 25.8239784240723 26.0265007019043 26.4922389984131 26.8838748931885 27.1214580535889 27.4589691162109 27.6651039123535 27.7667388916016 27.8736038208008 27.8325519561768 27.6582088470459 27.5714473724365 27.4370422363281 27.7336978912354 27.6801147460938 27.6134586334229 27.4208641052246 27.161958694458 26.7214794158936 26.6487083435059 26.4186038970947 26.4483547210693 25.9276866912842 25.9604797363281 25.9582386016846 25.7261657714844 25.7352905273438 25.8655204772949 25.9459171295166 26.0091762542725 25.9489688873291 25.8932075500488 25.6780738830566 25.6680316925049
26.9017925262451 26.8617076873779 26.7513847351074 26.1849899291992 24.7020320892334 22.9032497406006 21.9126148223877 22.8223743438721 23.321907043457 23.4429168701172 24.3407611846924 25.4917087554932 25.8253860473633 25.847677230835 25.9385414123535 25.9903335571289 26.0127086639404 26.1416149139404 26.2354679107666 26.382926940918 26.5764999389648 26.898717880249 27.1429996490479 27.366907119751 27.6398124694824 27.8011360168457 27.9007186889648 27.7920417785645 27.5845832824707 27.5096454620361 27.4161243438721 27.4767608642578 27.5098133087158 27.5472717285156 27.5314159393311 27.3362922668457 26.7550525665283 26.5448226928711 26.4289798736572 26.4380931854248 26.0766258239746 25.9613952636719 25.9221878051758 25.763427734375 25.855447769165 25.9545211791992 26.0236034393311 26.0028018951416 26.0289688110352 25.9968013763428 25.9323444366455 25.8490619659424
26.7660312652588 26.7726554870605 26.1059474945068 24.4929161071777 24.4877490997314 23.9510841369629 22.2504997253418 22.6235313415527 23.2601871490479 23.4814682006836 23.5039901733398 24.2569160461426 25.6602916717529 25.5956974029541 25.8979892730713 25.4944896697998 25.7258338928223 26.1419277191162 26.3527488708496 26.5793647766113 26.8700199127197 26.9663009643555 26.9254684448242 27.1337699890137 27.2543125152588 27.678071975708 27.5435829162598 27.5123329162598 27.4382286071777 27.4301662445068 27.5906257629395 27.6710739135742 27.5402812957764 27.4801139831543 27.4799995422363 27.0914897918701 26.4658336639404 26.4984378814697 26.3744487762451 26.3298645019531 25.9581565856934 26.0028438568115 25.9010829925537 25.9467506408691 26.04128074646 26.0227603912354 26.0348339080811 25.9830627441406 26.0461044311523 26.0621242523193 26.0124168395996 25.7760620117188
26.7664680480957 26.6981983184814 26.0360202789307 24.8929901123047 25.40842628479 25.3448028564453 23.6105823516846 22.6211776733398 23.2236881256104 23.4147186279297 23.2652912139893 24.226375579834 25.2519264221191 25.6772804260254 25.7718639373779 26.0248336791992 26.0881977081299 26.2363338470459 26.6222496032715 26.76003074646 26.7124691009521 26.8415107727051 25.954927444458 26.9155006408691 27.0605525970459 27.529634475708 27.5147075653076 27.3736972808838 26.599853515625 26.5901870727539 27.4114589691162 27.5789070129395 27.5228652954102 27.3650722503662 27.3104686737061 26.736364364624 26.3173332214355 26.3550930023193 26.2148132324219 26.1387805938721 26.0003337860107 26.0270099639893 26.0038013458252 26.0939693450928 26.0347709655762 25.9854793548584 26.0612182617188 25.9955425262451 25.9607696533203 26.078145980835 26.0536556243896 25.9253444671631
26.6131973266602 26.3384380340576 26.2514896392822 26.4059886932373 26.2858753204346 26.0561351776123 25.515832901001 24.6445732116699 24.5223236083984 24.2171249389648 23.0436344146729 24.203405380249 25.6163234710693 25.8353652954102 25.9147090911865 26.1511154174805 26.2592182159424 26.4617290496826 26.5901660919189 26.38840675354 26.7910938262939 27.05251121521 27.0298023223877 27.2368640899658 27.336145401001 27.4486255645752 27.3762493133545 27.3193645477295 26.8646564483643 26.441427230835 27.1119480133057 27.0490837097168 27.3352928161621 27.206823348999 26.7804164886475 26.3073749542236 26.144832611084 26.111385345459 26.1163330078125 26.0797080993652 26.0777492523193 26.0245113372803 26.0424575805664 26.0904998779297 26.0103645324707 26.0046768188477 26.0100002288818 25.9679584503174 25.8826560974121 26.0300006866455 26.0512924194336 25.9980735778809
26.6057910919189 25.7918548583984 25.0847911834717 25.7298431396484 25.3718223571777 25.3143119812012 25.0550308227539 25.0934276580811 24.7065620422363 24.5503330230713 23.6411037445068 25.1739063262939 25.8118648529053 25.9235725402832 26.0588130950928 26.2944469451904 26.5327606201172 26.5656147003174 26.5688133239746 26.6444263458252 26.7480525970459 26.9806671142578 27.0789070129395 27.2871780395508 27.4072494506836 27.2665519714355 26.8637504577637 27.1712493896484 26.9078235626221 26.6399993896484 26.9745311737061 26.8641147613525 27.0050735473633 26.6375102996826 26.3352909088135 26.25950050354 26.1983337402344 26.1530628204346 26.1144485473633 26.0350723266602 26.0464477539062 26.0097713470459 26.0928745269775 26.085729598999 26.0354061126709 26.0470409393311 25.959156036377 25.8092498779297 25.8157176971436 25.9086971282959 25.9628219604492 25.8460006713867
