data/layers/Current/bio18.asc
NCOLS 494 
NROWS 529 
XLLCORNER -117.166666666667 
YLLCORNER -55.5 
CELLSIZE 0.166666666666667 
NODATA_value -3.4e+38 
[rows 264 to 296 of 529, columns 296 to 369 of 494]
543 545 548 552 402 398 393 384 380 382 379 375 376 377 380 378 379 382 382 383 384 385 386 386 388 389 395 395 250 247 250 255 270 279 280 279 270 259 254 257 264 266 268 257 249 428 426 423 426 426 426 429 437 446 455 451 443 437 438 437 439 435 441 452 460 473 482 472 466 476 472 468 473 471
545 546 548 549 397 392 383 380 375 382 371 371 372 375 375 375 375 377 378 377 377 378 384 388 389 384 384 386 389 243 246 253 263 269 272 273 269 260 258 258 269 276 272 266 434 430 424 425 425 428 430 434 441 445 449 450 448 451 443 444 445 451 453 457 466 468 481 488 483 484 487 483 466 470
547 546 547 546 391 388 378 379 370 377 368 370 372 377 375 381 370 372 371 371 372 375 375 378 378 380 379 385 398 249 251 254 257 262 264 266 267 262 260 263 270 277 275 271 435 430 426 426 424 427 431 436 440 444 448 445 447 452 450 447 447 451 453 465 715 715 720 717 708 705 499 483 471 486
551 549 546 545 543 382 378 381 370 376 369 367 371 377 373 378 368 368 366 367 367 367 374 382 383 384 385 385 391 396 246 243 249 253 258 260 261 260 261 263 269 278 432 430 431 428 428 427 426 426 431 438 441 442 443 448 451 456 448 446 450 455 709 714 719 724 732 741 739 731 513 495 492 490
554 550 548 544 540 540 389 382 372 370 371 368 376 376 379 378 370 375 364 361 363 368 376 376 378 380 381 379 382 388 387 391 395 246 252 255 256 256 259 262 412 418 421 423 428 430 432 426 427 430 433 436 437 440 441 441 445 454 460 461 459 709 720 724 731 743 751 759 762 756 525 508 502 483
557 551 549 545 542 540 391 387 381 372 374 372 380 382 382 378 372 374 363 357 363 367 364 361 369 370 375 372 373 377 382 385 392 398 403 248 254 257 404 401 406 409 414 421 427 431 437 433 431 432 432 433 438 441 445 444 445 455 458 463 472 716 725 736 736 754 770 779 778 767 755 740 497 478
561 557 551 546 548 543 390 391 385 374 382 377 383 379 380 379 366 368 358 355 355 360 360 354 357 359 367 374 373 375 380 384 388 388 396 395 399 400 393 398 399 403 408 423 432 439 445 445 439 437 436 437 442 443 446 446 448 462 464 462 474 717 722 737 737 749 768 768 770 767 755 507 737 728
565 567 560 551 543 544 547 389 387 388 388 386 380 385 385 381 367 363 363 359 354 352 354 348 349 353 359 368 373 373 382 381 379 381 389 386 383 388 391 398 399 404 409 427 441 451 469 457 440 436 438 439 444 444 448 448 449 469 470 468 469 720 723 737 739 743 761 769 766 764 753 749 739 785
581 573 558 556 551 545 547 542 388 391 391 384 380 380 384 383 370 369 366 365 356 350 356 348 343 347 352 357 367 377 378 376 374 375 379 381 377 385 391 394 399 407 410 422 445 460 470 450 442 444 441 441 442 443 458 452 450 466 477 469 715 713 720 734 743 739 748 757 763 875 854 837 810 791
582 572 559 558 548 546 544 542 541 395 393 383 388 379 383 377 370 364 370 360 356 349 347 345 339 341 347 354 363 367 544 545 538 536 532 530 376 381 392 399 398 408 419 433 435 447 460 453 448 446 446 440 444 445 458 469 451 453 477 464 715 718 731 725 737 850 850 855 864 858 845 831 808 784
586 576 567 559 544 550 542 544 544 394 395 378 390 391 395 388 372 374 366 360 353 346 345 344 337 336 341 351 360 357 361 533 530 532 532 533 531 539 386 397 405 413 421 431 429 435 447 451 445 445 441 438 450 446 458 460 452 452 472 471 478 719 719 819 831 828 825 834 832 827 833 820 796 777
581 574 568 552 546 549 545 544 542 539 399 393 397 401 399 386 384 380 368 359 347 341 337 341 339 337 500 518 522 519 521 523 527 528 526 535 542 546 550 390 404 415 421 424 425 421 431 442 439 437 432 440 443 445 460 452 453 447 468 470 477 714 803 801 806 807 807 809 816 804 813 802 786 757
580 571 562 551 547 546 547 543 540 539 537 402 407 410 407 388 391 380 370 503 494 482 334 338 343 347 504 509 513 518 512 514 517 524 521 526 541 547 559 576 396 403 411 418 418 420 427 437 436 432 428 447 442 455 456 457 458 444 458 472 473 795 798 785 789 792 788 784 783 789 790 783 760 744
584 573 558 550 547 545 547 542 541 539 540 408 411 415 411 393 390 520 516 507 500 489 484 488 341 497 499 499 505 512 507 506 507 519 360 522 529 536 548 564 582 604 625 628 634 638 647 426 433 428 427 441 442 450 451 452 442 447 451 468 464 790 786 768 770 771 761 759 752 757 758 751 743 723
578 567 556 548 542 538 539 542 540 542 542 543 416 421 413 529 529 526 521 516 505 497 486 486 490 492 495 497 496 502 501 499 501 504 510 515 525 537 548 558 572 595 606 607 615 622 627 643 423 424 421 436 434 440 441 439 436 444 688 457 765 778 778 765 771 752 739 736 725 732 728 727 719 707
573 563 554 548 546 537 537 539 538 542 542 545 547 548 546 536 533 534 529 522 512 504 497 494 494 487 487 488 490 492 492 490 492 494 500 506 513 531 532 547 559 580 596 594 593 600 617 615 628 411 414 428 426 429 432 664 668 672 680 452 756 761 763 753 746 731 714 713 690 694 706 701 699 693
713 706 550 544 543 539 538 538 540 539 541 545 548 551 550 545 538 544 541 528 519 508 500 497 495 485 482 480 479 480 481 481 482 486 491 497 504 512 526 534 544 561 581 583 584 589 595 602 601 612 629 415 413 418 650 651 653 657 665 670 740 750 742 734 719 703 692 695 678 660 659 663 658 662
701 701 695 549 546 541 542 540 543 537 543 550 550 553 553 554 549 553 552 540 527 517 510 508 497 486 480 476 472 472 470 470 473 475 481 487 494 501 510 518 527 540 566 565 570 572 576 581 586 597 617 626 627 631 631 631 639 638 651 654 724 718 701 686 679 664 648 656 645 631 634 637 637 642
688 694 695 544 541 537 540 541 540 544 550 552 556 558 562 565 561 562 565 557 542 528 518 513 501 490 478 470 467 461 459 460 462 464 469 475 482 490 496 504 511 520 550 550 548 561 557 564 572 580 600 609 612 615 617 622 625 626 629 632 852 661 652 645 640 627 625 611 605 613 608 608 610 604
692 690 542 541 537 536 540 543 544 548 553 560 566 565 572 576 577 578 581 573 557 541 528 515 502 490 477 467 458 454 451 449 451 454 458 463 472 480 486 491 495 506 525 537 538 540 541 550 557 561 574 595 599 606 605 609 611 608 603 817 803 799 632 624 608 588 570 566 575 571 561 570 580 593
678 686 684 543 539 538 541 545 552 564 568 571 571 732 583 594 595 601 600 590 577 557 537 522 505 490 474 461 450 444 442 441 442 443 447 452 460 465 474 477 490 491 493 510 533 527 524 533 547 545 543 567 584 586 593 588 590 588 578 782 761 760 741 582 567 551 537 535 524 519 527 543 556 569
653 675 688 549 550 546 549 560 574 583 588 593 591 759 605 619 626 627 626 613 596 575 553 532 510 489 471 454 442 433 429 429 429 432 435 441 448 453 460 463 478 480 478 482 493 510 519 512 521 533 530 545 564 565 571 569 573 571 564 754 733 725 704 676 647 616 593 563 527 546 579 614 537 686
664 532 683 561 565 565 567 578 592 606 786 797 803 810 824 835 659 657 657 646 625 598 572 545 516 490 468 446 431 422 417 415 416 420 426 430 436 442 448 452 460 463 467 475 479 490 500 501 514 522 534 535 537 547 552 555 552 558 549 537 711 696 678 648 614 585 557 508 470 523 595 609 640 672
647 675 551 565 575 586 593 605 619 808 829 845 673 872 882 697 701 693 694 675 653 624 590 560 526 494 464 440 420 408 403 403 405 412 416 422 427 431 437 442 445 458 457 465 477 483 487 496 508 513 522 523 527 537 538 537 533 531 527 520 694 676 656 628 601 587 570 503 469 489 552 619 655 676
632 678 687 568 575 604 619 634 652 850 875 897 920 934 947 747 745 737 727 709 683 653 611 572 538 499 463 431 406 395 391 394 398 402 408 413 418 423 426 429 435 445 448 455 461 474 482 494 502 510 515 518 525 527 525 520 521 516 510 505 499 661 640 613 603 591 560 524 516 536 583 616 680 693
618 618 685 710 573 588 637 831 683 896 926 953 986 1001 1017 797 794 787 766 746 712 680 637 591 545 504 461 427 398 384 383 386 391 396 401 406 409 413 414 416 422 430 436 444 454 464 476 486 494 504 511 511 518 517 517 512 509 508 501 497 488 606 627 614 616 595 565 553 554 584 624 633 647 681
591 608 504 553 724 596 626 679 898 938 977 1012 1049 1069 1088 1097 1094 1080 816 789 749 707 658 609 560 509 468 425 394 380 380 385 387 392 398 400 406 407 406 406 411 418 426 440 453 463 470 483 488 499 510 506 510 511 512 506 502 498 496 487 475 464 593 595 612 582 585 575 583 604 593 606 619 538
534 579 472 530 538 605 620 677 927 980 1030 1071 1111 1139 1163 1173 1173 1160 872 837 795 739 682 623 571 522 473 436 406 387 382 384 385 390 397 397 398 401 400 397 399 406 415 430 449 460 471 479 488 496 509 510 505 507 506 502 494 489 488 476 468 460 463 587 566 558 586 581 565 578 588 606 516 534
499 522 439 479 529 577 606 631 731 1016 1080 1130 1174 1209 1235 1248 1250 1237 1200 893 834 773 711 650 585 529 482 444 414 393 387 385 385 391 399 397 391 389 388 387 391 393 404 419 440 455 471 479 489 498 506 506 502 501 500 498 488 482 474 473 461 463 467 454 565 563 563 567 571 581 489 494 509 524
454 485 511 438 475 516 562 613 660 776 1110 1183 1237 1280 1306 1319 1323 1316 1282 1212 1123 1027 735 667 606 543 490 450 418 398 387 386 383 389 398 394 386 381 381 377 378 382 398 418 434 452 472 479 490 495 497 500 498 499 495 490 482 478 471 465 456 461 457 451 565 564 571 574 578 477 485 489 505 523
385 458 473 402 358 395 505 560 583 677 854 1217 1297 1350 1372 1376 1386 1394 1367 1281 1168 1054 948 857 778 701 496 451 424 398 383 380 378 380 384 383 377 373 372 373 370 377 393 413 432 450 466 477 486 493 497 496 497 494 490 484 473 469 466 463 452 458 448 446 447 568 568 571 467 471 478 491 511 518
319 373 446 366 331 291 419 433 501 544 687 905 1339 1418 1438 1407 1409 1468 1563 1429 1193 1143 948 849 765 695 630 569 525 392 381 370 367 368 368 370 367 367 365 367 373 383 398 417 436 455 472 486 494 497 499 496 495 491 487 482 471 460 463 456 450 446 441 446 446 448 452 452 575 467 477 493 509 521
307 336 342 404 291 279 362 304 353 492 511 741 992 1466 1524 1417 1538 1599 1578 1427 1271 1131 1008 834 751 678 618 566 513 477 367 362 354 352 353 358 357 357 359 367 375 384 403 425 447 464 480 494 499 501 498 495 491 485 481 476 466 464 462 448 442 440 439 445 442 446 448 455 457 468 476 489 497 512
