data/layers/Current/bio18.asc
NCOLS 494 
NROWS 529 
XLLCORNER -117.166666666667 
YLLCORNER -55.5 
CELLSIZE 0.166666666666667 
NODATA_value -3.4e+38 
[rows 165 to 197 of 529, columns 296 to 369 of 494]
150 135 311 310 294 295 304 303 310 312 316 311 314 301 595 625 635 629 622 623 638 625 607 584 664 685 613 580 410 364 288 308 315 572 521 524 506 500 486 513 505 479 499 479 429 434 416 387 361 346 341 329 401 411 294 291 285 266 277 263 269 263 252 253 251 258 258 257 259 258 280 283 285 283
166 153 165 153 328 314 325 319 329 323 334 332 329 334 620 640 679 645 608 552 596 679 602 583 625 694 704 395 401 393 362 310 324 587 566 563 529 327 329 333 298 465 472 450 390 415 405 384 361 342 338 304 302 283 286 275 271 267 267 264 259 257 247 240 241 248 244 247 249 256 265 282 272 269
195 189 165 157 364 339 340 346 351 352 358 353 345 350 356 659 695 686 653 579 622 679 679 601 667 668 664 446 416 417 399 369 347 343 578 549 544 322 314 307 325 301 423 409 389 374 355 341 336 337 333 292 283 278 269 272 271 275 256 252 260 248 243 242 244 252 256 252 238 238 250 256 267 257
227 225 201 185 382 373 366 380 374 384 356 358 373 383 692 694 694 684 670 636 573 565 678 699 683 640 630 678 472 445 411 386 367 362 344 335 330 327 305 303 319 307 311 383 352 331 303 291 306 305 286 260 267 267 257 262 259 262 246 247 251 237 236 237 248 254 254 242 236 231 237 244 244 250
224 246 226 225 225 227 206 220 407 396 392 402 412 706 729 712 714 708 705 712 677 675 732 743 655 592 630 665 474 442 426 420 391 361 358 356 356 344 332 318 299 298 291 309 308 281 280 269 255 283 269 245 244 249 256 250 249 251 239 235 237 232 230 231 236 244 241 236 233 227 230 233 234 238
233 250 256 252 248 242 247 242 417 408 411 397 415 428 765 759 739 697 703 724 707 701 712 712 649 600 629 615 662 468 464 425 384 382 373 368 345 335 323 317 281 232 228 286 284 268 262 255 258 295 272 263 258 238 247 235 241 243 234 223 232 229 222 235 234 238 233 224 226 231 237 229 232 234
257 274 279 274 257 265 255 242 247 418 417 420 410 424 458 767 732 723 690 732 720 714 700 692 683 614 611 655 459 442 406 427 433 392 387 364 339 346 314 241 235 196 182 272 260 260 262 261 254 247 263 257 242 230 231 224 234 231 223 223 225 214 217 222 226 229 223 219 214 226 225 222 226 223
279 284 295 290 283 289 274 288 292 291 445 441 451 445 520 490 775 762 691 693 729 714 635 654 658 614 606 610 487 439 447 443 420 399 380 373 364 354 264 206 185 174 230 276 261 258 251 236 236 229 224 227 221 221 217 209 221 224 219 213 219 211 216 221 226 214 216 212 212 221 220 217 219 219
280 293 304 325 315 316 314 330 338 357 521 484 487 502 671 481 525 784 700 783 639 648 650 626 641 648 476 425 502 516 533 456 440 418 388 363 331 308 257 229 190 180 273 281 270 261 252 237 234 223 220 217 214 212 206 202 213 220 217 202 206 209 215 210 209 214 217 224 217 210 214 219 209 209
309 314 325 330 337 344 353 353 370 386 389 380 524 549 647 484 504 524 797 672 667 639 629 626 593 584 462 438 403 522 523 426 453 412 400 367 358 281 256 243 215 201 281 278 263 268 251 236 229 218 224 206 202 201 200 199 205 208 210 198 197 198 199 202 200 203 201 205 209 214 210 209 208 203
338 333 347 352 354 358 356 364 383 399 420 402 529 727 515 478 486 544 515 652 651 500 607 600 581 563 570 590 434 421 421 406 395 399 393 383 376 340 285 245 225 270 271 262 257 254 250 234 226 223 222 212 206 196 200 195 198 204 206 199 192 192 190 190 194 195 193 192 197 193 196 200 201 196
367 371 377 383 380 378 381 390 401 421 420 419 408 564 506 494 523 544 515 510 523 597 580 597 567 551 551 557 434 423 415 404 410 417 395 382 348 336 293 261 282 268 261 250 253 245 231 223 224 249 228 216 209 198 192 195 199 204 201 200 187 187 185 183 184 187 185 186 195 193 199 195 196 188
403 414 410 410 416 410 413 422 431 435 438 444 403 364 339 528 537 541 535 522 525 594 571 558 567 551 516 516 418 403 399 394 396 394 376 371 337 311 283 261 282 273 261 252 242 240 239 224 214 223 213 217 213 196 181 187 198 204 200 195 191 188 181 178 178 179 181 179 180 185 188 185 191 188
441 439 441 445 443 443 450 456 458 456 453 447 436 395 370 535 525 529 523 521 577 588 587 564 555 549 527 500 417 399 396 383 374 369 385 369 354 342 318 301 285 272 258 252 240 228 229 215 207 197 192 189 194 189 188 191 190 193 194 195 191 182 176 173 172 173 174 174 172 178 247 248 242 182
476 493 489 479 473 477 480 482 489 487 471 458 442 407 385 382 524 521 524 525 524 584 573 550 533 522 515 433 419 404 400 387 420 407 390 366 351 332 314 293 278 270 256 247 239 228 217 214 203 191 186 176 185 184 187 184 194 194 192 189 183 177 171 170 168 168 166 166 167 166 243 242 238 231
522 532 532 518 513 530 510 509 514 502 487 465 452 442 416 385 382 520 535 540 525 522 566 546 534 514 498 491 409 403 395 374 414 398 379 370 359 327 315 285 268 257 249 240 236 228 224 214 204 196 186 184 191 182 182 185 192 189 189 180 174 171 169 167 167 163 161 161 160 159 233 224 231 223
557 558 563 554 547 544 535 532 525 516 500 473 457 440 440 408 392 520 539 536 524 517 541 528 516 500 485 473 466 394 380 369 351 337 387 380 351 329 308 286 265 248 243 240 240 225 224 216 205 197 192 190 193 184 180 179 190 187 184 174 171 171 167 166 163 160 159 156 156 155 224 219 220 227
586 587 591 592 594 586 568 544 532 514 495 479 463 452 444 422 410 402 529 517 517 513 503 491 458 500 490 471 405 390 371 354 340 334 319 357 331 312 297 275 257 249 238 233 239 232 224 216 209 202 198 194 189 186 183 185 187 185 182 179 175 170 166 165 163 160 156 153 152 150 151 153 160 227
616 619 625 632 623 606 583 563 538 516 499 487 473 470 465 434 422 428 544 528 523 513 506 492 476 442 472 405 396 381 364 344 327 316 307 351 331 313 295 274 267 249 240 240 240 237 227 220 215 210 205 193 186 188 187 186 186 184 180 180 175 170 169 167 164 161 156 155 151 148 151 154 157 165
645 643 646 655 650 622 592 565 548 520 498 492 482 483 491 447 439 573 569 555 536 524 481 464 436 416 401 394 380 369 352 331 321 312 300 353 334 309 289 272 270 253 246 243 248 243 229 227 227 216 207 200 192 192 193 188 188 188 184 182 180 178 178 170 166 163 160 158 157 157 156 157 160 161
682 675 667 667 657 638 606 575 552 535 513 506 488 517 504 463 471 590 575 555 505 496 471 430 411 398 393 389 364 354 339 330 320 308 299 357 342 314 292 275 266 261 264 265 259 244 241 240 228 222 213 208 205 201 193 193 194 194 190 187 187 184 177 173 170 167 165 163 162 162 164 165 167 168
724 702 683 673 658 642 611 580 559 544 530 552 521 525 507 493 481 588 575 559 502 491 468 490 423 413 393 381 360 348 338 319 309 304 301 358 270 316 302 289 275 272 279 272 264 257 248 240 230 228 223 221 215 207 201 200 204 204 197 193 191 189 185 179 176 174 171 169 167 167 171 172 174 172
739 726 693 676 664 646 617 590 570 551 534 543 545 527 513 498 544 533 522 508 496 482 462 453 436 418 394 379 357 343 317 307 299 296 289 277 263 261 306 297 294 289 286 280 275 268 263 254 239 226 230 225 223 218 211 209 206 205 205 201 197 196 191 187 184 181 181 177 176 177 181 180 176 179
748 734 700 689 682 648 622 605 582 562 551 565 548 535 525 513 536 526 511 499 430 417 455 447 432 416 395 372 353 334 311 296 291 290 282 274 265 264 252 303 310 300 298 289 283 284 271 257 245 239 233 229 230 223 220 220 219 217 215 213 211 207 200 196 193 191 190 189 187 187 187 189 184 187
751 727 710 697 684 658 635 620 602 585 568 582 574 563 554 542 522 505 456 443 435 420 406 440 434 424 407 377 349 325 299 289 284 283 284 276 269 268 257 254 255 311 308 304 302 291 280 268 258 251 242 237 230 234 226 223 223 218 223 224 220 217 213 209 204 202 202 201 199 200 200 200 198 198
761 736 711 696 684 673 654 641 624 605 586 594 562 551 544 530 496 482 466 456 444 432 453 445 438 420 421 401 354 322 293 280 280 287 284 284 277 271 265 263 264 324 310 309 305 298 289 281 272 262 250 248 246 239 238 233 230 228 229 232 232 228 223 221 218 216 214 213 214 213 213 212 210 209
765 728 708 698 698 696 684 669 647 628 581 547 549 540 528 483 497 488 476 468 458 471 462 451 445 429 405 384 353 330 309 292 295 296 290 291 288 278 280 279 279 329 319 316 312 307 299 292 279 272 264 256 256 252 245 243 239 242 240 238 238 237 237 232 232 230 230 230 228 228 226 225 227 225
768 731 698 688 703 717 718 704 674 638 595 574 566 529 535 495 505 497 488 478 486 481 471 470 456 437 414 391 368 348 327 311 310 305 302 302 297 293 294 295 292 282 330 328 323 314 307 299 293 285 274 267 261 256 254 251 249 250 249 249 251 251 250 249 250 248 247 246 246 244 243 244 245 241
776 735 692 673 699 724 745 729 676 634 608 579 511 522 519 501 484 495 492 487 493 496 491 486 471 448 425 403 382 364 348 336 328 324 318 316 308 315 310 310 307 296 348 340 334 326 319 310 302 296 289 284 274 270 267 264 262 262 262 264 263 264 267 267 267 267 266 266 264 263 261 258 257 253
791 745 704 689 705 721 734 716 667 622 587 564 471 540 528 473 479 487 492 496 501 509 512 506 484 460 437 417 400 385 371 361 352 346 340 336 332 331 329 326 321 315 361 353 345 341 332 323 315 307 300 295 290 283 280 277 277 276 276 277 280 281 284 286 285 285 286 287 285 284 281 278 275 272
802 759 728 712 715 714 708 681 640 600 570 447 446 533 459 467 474 484 491 498 506 512 515 509 488 469 448 431 419 407 394 388 378 369 362 358 354 354 352 347 341 336 376 366 359 351 342 333 325 319 312 307 302 297 294 290 289 290 291 293 297 299 301 305 306 308 309 308 307 306 303 299 294 288
704 680 749 731 722 706 685 520 479 443 423 426 432 441 451 463 472 482 491 498 505 510 509 502 488 473 454 443 430 424 417 411 402 394 387 382 379 376 373 365 360 355 389 377 369 361 352 343 335 326 318 313 311 307 304 303 300 300 303 305 308 312 318 323 325 328 329 330 328 324 322 316 312 304
704 684 667 651 630 593 549 509 464 417 396 408 422 436 448 463 474 484 491 499 505 506 502 496 485 473 458 445 439 437 437 430 422 418 414 410 405 399 392 385 376 371 393 384 374 366 356 349 341 333 325 318 316 312 307 305 305 306 308 315 318 324 330 337 340 341 344 344 344 339 335 329 323 316
