data/layers/Current/bio15.asc
NCOLS 494 
NROWS 529 
XLLCORNER -117.166666666667 
YLLCORNER -55.5 
CELLSIZE 0.166666666666667 
NODATA_value -3.4e+38 
[rows 299 to 321 of 529, columns 416 to 467 of 494]
86.3558731079102 87.2883987426758 88.1291732788086 88.325569152832 89.5793991088867 89.8004837036133 89.0533828735352 87.3825607299805 86.8282012939453 88.3418273925781 89.0417175292969 90.4931335449219 90.0195617675781 89.54931640625 89.7900009155273 90.7702789306641 91.8106842041016 93.2763442993164 93.0398254394531 91.9894180297852 91.5301284790039 91.6282730102539 92.360221862793 93.3159637451172 93.539909362793 93.8279647827148 94.5879898071289 93.4680099487305 92.4466705322266 91.5521240234375 91.1222534179688 90.4000625610352 89.0317916870117 87.2971572875977 85.6288528442383 83.0288925170898 79.4799041748047 75.9505233764648 74.4075012207031 70.1089935302734 66.8312301635742 62.2146072387695 57.3099212646484 51.9492225646973 47.6023750305176 44.2161331176758 39.2772674560547 34.3753471374512 27.9332103729248 23.771858215332 21.0335235595703 20.5027027130127
86.0251922607422 87.3471450805664 87.9875793457031 87.9662551879883 88.7949142456055 90.0069885253906 89.7339096069336 88.51025390625 87.9508056640625 88.8880157470703 89.5815582275391 89.8302993774414 89.5390319824219 89.5521087646484 89.8334808349609 90.3897171020508 92.2893981933594 94.0059356689453 93.5744857788086 92.7845458984375 90.9829254150391 90.235466003418 91.0578765869141 92.4983062744141 91.5174179077148 90.5867691040039 91.2236175537109 92.1205062866211 91.3039779663086 91.000244140625 89.9733963012695 89.3336868286133 88.0987243652344 85.8855438232422 83.6882629394531 81.3522109985352 77.3392868041992 74.6142501831055 72.5093154907227 70.3534545898438 65.2360305786133 60.7978973388672 57.2524833679199 52.7088851928711 48.9950904846191 46.7282028198242 41.2126312255859 34.6669273376465 28.4558334350586 23.8356704711914 21.2902641296387 22.4038143157959
86.1067352294922 87.4696350097656 87.4467849731445 87.688362121582 89.2896499633789 90.0405426025391 89.926887512207 89.6719741821289 89.2160491943359 89.508544921875 89.174934387207 89.3729095458984 89.5969467163086 89.3272018432617 89.4162063598633 90.4851760864258 92.1531219482422 93.5240249633789 93.3344039916992 92.3469696044922 90.7936401367188 89.220588684082 90.6533203125 92.6765975952148 88.0752792358398 87.7397994995117 88.9053039550781 89.8981018066406 89.8396224975586 89.5075225830078 89.3788757324219 87.9574279785156 87.0264663696289 84.1912307739258 81.6683959960938 79.4218597412109 77.2988128662109 74.2863693237305 70.609619140625 67.9601745605469 64.9019622802734 60.9851608276367 57.8298187255859 54.0790939331055 50.1613922119141 46.7812194824219 42.3148536682129 35.1441879272461 28.5259113311768 23.8508529663086 22.705057144165 24.9510612487793
86.312858581543 87.2530364990234 87.9801483154297 88.9555740356445 90.0872802734375 90.3516006469727 90.0918197631836 90.1138305664062 89.4741668701172 88.8364715576172 88.6991729736328 88.9258270263672 89.2420272827148 89.275520324707 89.2736740112305 90.5910873413086 91.8459167480469 92.0297470092773 92.6228713989258 92.8024063110352 91.2551193237305 89.5138473510742 90.9520721435547 92.5863037109375 87.2566452026367 86.4554824829102 87.3608093261719 88.3120956420898 88.452392578125 88.4977722167969 87.5055770874023 87.1843338012695 85.5476379394531 83.3301849365234 80.0968399047852 78.1133651733398 75.7506866455078 72.4169082641602 69.3962936401367 67.1110229492188 64.1292037963867 61.0082206726074 57.7763938903809 54.5370979309082 50.8720054626465 46.5287055969238 41.9489326477051 34.8559494018555 27.8982677459717 23.608190536499 23.9861297607422 27.5157032012939
86.599365234375 87.4195709228516 88.5460510253906 88.9574279785156 89.7461929321289 90.1440124511719 90.09765625 89.8593215942383 89.0594482421875 88.8181228637695 88.7111511230469 88.9638442993164 89.0589447021484 89.0724258422852 89.332878112793 90.5793991088867 90.8099670410156 91.3570709228516 92.38525390625 93.0044250488281 91.6224060058594 91.1613616943359 91.9311981201172 91.2355270385742 86.5441665649414 86.2471618652344 87.4128036499023 87.5600128173828 87.5688781738281 87.418327331543 86.1763916015625 84.9808883666992 84.6264343261719 84.7485656738281 81.4549713134766 78.7951583862305 74.2704315185547 72.1315612792969 69.4427261352539 66.0783615112305 63.6983909606934 60.37841796875 56.8950805664062 53.4960517883301 50.5570945739746 46.2745628356934 41.4891014099121 34.7399520874023 28.5135097503662 24.8244476318359 25.2248306274414 27.1047325134277
86.4647750854492 88.2149658203125 89.10693359375 89.8935623168945 89.761962890625 90.5345916748047 89.9625549316406 88.87353515625 88.1463775634766 88.8970947265625 88.3688201904297 88.5027389526367 88.8622360229492 89.259880065918 89.6386566162109 90.5119705200195 90.5735778808594 91.6560821533203 92.3221664428711 92.8642196655273 92.4732666015625 92.5893249511719 92.1372451782227 90.9043884277344 87.8292465209961 86.8163223266602 87.5418472290039 87.0178375244141 86.202751159668 85.562141418457 84.8402328491211 84.7111892700195 84.4271850585938 83.3248901367188 81.4296646118164 77.9916000366211 75.8615798950195 72.0848693847656 69.4511947631836 66.8179550170898 63.7326011657715 61.1089859008789 57.8378982543945 53.6404342651367 50.055965423584 45.8171463012695 41.1223297119141 35.6083526611328 30.5940589904785 28.1776313781738 -3.4e+38 -3.4e+38
87.5029602050781 89.4761962890625 89.7133865356445 89.5703201293945 89.8431701660156 89.9969329833984 89.16748046875 87.2454223632812 87.5177001953125 87.853515625 87.6100311279297 87.3228149414062 88.4263763427734 88.9055023193359 89.7889709472656 90.4560165405273 90.6579208374023 92.0712738037109 92.8987503051758 94.1225738525391 94.2293319702148 93.2283096313477 92.6921157836914 92.1300964355469 89.2342224121094 88.422966003418 88.6777038574219 84.9160385131836 85.863166809082 85.4730834960938 84.6635589599609 84.0200729370117 83.4275360107422 80.8713912963867 80.4815063476562 77.4587860107422 76.137092590332 73.0796356201172 71.1415939331055 67.7790679931641 64.1124572753906 61.1970176696777 58.1825675964355 54.282958984375 50.1891212463379 46.823787689209 42.2456321716309 37.4522285461426 33.2237739562988 32.0361328125 -3.4e+38 -3.4e+38
90.2777328491211 90.6462707519531 90.2064514160156 89.5932235717773 89.3815155029297 88.9167633056641 87.5789413452148 86.3288726806641 85.6907730102539 86.4881286621094 86.5844497680664 87.2007904052734 88.1801681518555 88.5596694946289 90.2128677368164 90.6009368896484 90.4991302490234 92.0837707519531 93.4682083129883 94.6677474975586 94.8277435302734 93.042854309082 92.5801849365234 91.2853393554688 89.4280624389648 88.1995086669922 87.4343872070312 84.5650939941406 85.2146759033203 85.1082153320312 84.6793899536133 83.9347991943359 82.9080047607422 81.5152435302734 79.853401184082 77.5138397216797 75.3358917236328 72.5726089477539 69.887565612793 66.9725189208984 63.3183708190918 60.374382019043 58.2548179626465 55.1478309631348 51.4826774597168 47.9652557373047 43.8760833740234 39.4445114135742 36.2253456115723 -3.4e+38 -3.4e+38 -3.4e+38
90.8450088500977 91.5063323974609 90.9656982421875 89.9674606323242 88.4758987426758 86.7244873046875 85.4439239501953 84.7551498413086 84.1266860961914 84.6266403198242 85.6439819335938 86.7694702148438 87.7199554443359 88.3872222900391 89.7329025268555 90.7935791015625 91.5262222290039 92.5222778320312 94.0591049194336 95.2612228393555 94.8807983398438 92.7070007324219 91.99267578125 90.609130859375 88.0241775512695 86.3498687744141 84.5000915527344 84.8524017333984 83.9396362304688 83.6541290283203 83.2316589355469 81.9097290039062 80.4190216064453 78.7573394775391 78.4389953613281 77.082275390625 75.1194152832031 71.7861328125 70.2317886352539 67.8559341430664 64.860595703125 62.5627517700195 58.9533653259277 55.2648468017578 52.1047134399414 49.2155685424805 46.2807464599609 41.9753227233887 38.5171852111816 -3.4e+38 -3.4e+38 -3.4e+38
89.5324859619141 90.1329650878906 90.0021591186523 89.3133544921875 87.8434982299805 85.6309127807617 85.0069274902344 84.3010559082031 83.9543151855469 83.6938323974609 85.3327713012695 86.1899871826172 86.7310409545898 88.1013031005859 89.1405334472656 90.6417236328125 91.8124923706055 93.0285720825195 94.2175521850586 95.4920883178711 95.9374389648438 92.8883056640625 91.6164779663086 90.7605743408203 86.1328582763672 83.8448181152344 83.5727996826172 84.4538803100586 84.3903274536133 83.7594223022461 83.3377685546875 81.7964324951172 79.7927703857422 78.7323837280273 77.2235260009766 76.3367385864258 74.7092666625977 72.1776428222656 70.2229919433594 67.6583251953125 64.3685913085938 62.016471862793 59.1063461303711 56.2159881591797 52.7687721252441 49.9878578186035 47.3895988464355 43.8689651489258 40.825382232666 -3.4e+38 -3.4e+38 -3.4e+38
87.2297592163086 88.0363464355469 87.9579620361328 87.6563262939453 87.2693710327148 85.6572952270508 84.3147659301758 84.3298187255859 83.8406524658203 82.804557800293 83.8366317749023 84.3959655761719 85.7621459960938 87.6737518310547 88.485954284668 90.0433197021484 91.2372589111328 92.0747146606445 93.341438293457 94.0707702636719 93.7504425048828 92.3483428955078 91.6277313232422 91.6922760009766 86.7044448852539 83.0865173339844 84.3746109008789 84.8315124511719 84.5293731689453 83.5074462890625 82.7832489013672 81.2786712646484 80.2769088745117 79.3504180908203 77.742301940918 76.2312316894531 74.8165817260742 72.526496887207 69.6443710327148 67.7112884521484 63.0907554626465 60.7644081115723 59.3775749206543 56.4521026611328 53.3919334411621 51.5878448486328 48.6569290161133 44.6510848999023 42.0726127624512 -3.4e+38 -3.4e+38 -3.4e+38
85.7260665893555 86.6167068481445 87.5419311523438 87.2502365112305 86.5096817016602 85.0759963989258 84.236328125 82.9289169311523 83.068244934082 82.0952301025391 82.5353698730469 82.8283462524414 85.104606628418 86.9767837524414 87.5776062011719 88.4943237304688 90.0314865112305 90.7833099365234 91.6560592651367 91.6026306152344 90.6864776611328 90.9574508666992 91.0196685791016 91.4514465332031 90.2017593383789 82.8626022338867 84.2683563232422 84.8855895996094 84.5645599365234 84.6745681762695 84.0165634155273 81.200553894043 79.7984313964844 79.1381759643555 76.5444717407227 74.509765625 73.9822235107422 72.8306579589844 69.4859085083008 68.0406875610352 64.5800323486328 60.9765396118164 60.5101737976074 56.5312271118164 54.4102020263672 52.694091796875 50.1499710083008 46.2521018981934 42.3668060302734 -3.4e+38 -3.4e+38 -3.4e+38
82.6006317138672 84.1141738891602 84.7345809936523 85.3494491577148 85.9969940185547 85.1633529663086 84.3477172851562 82.9346923828125 82.4027557373047 81.327018737793 79.9187850952148 81.3933639526367 84.5682067871094 86.6167907714844 87.0809783935547 87.6658782958984 89.2195358276367 90.0516815185547 90.3683929443359 90.0211181640625 89.0138854980469 88.852897644043 89.6745986938477 90.5047378540039 91.435432434082 86.7182312011719 83.9311370849609 85.4554214477539 85.3289794921875 84.0398483276367 82.1092681884766 80.6559524536133 80.7411270141602 78.0431900024414 74.7290725708008 73.1845779418945 73.1531219482422 69.0912628173828 67.9113311767578 67.4575042724609 65.1619644165039 60.4073524475098 60.431755065918 55.6585159301758 53.7429428100586 53.4897537231445 51.1103897094727 46.6388282775879 42.6205406188965 -3.4e+38 -3.4e+38 -3.4e+38
79.7136306762695 81.2689437866211 82.0132827758789 83.1693115234375 84.7312927246094 84.5429077148438 83.9302597045898 82.7092666625977 81.5966567993164 80.0654983520508 79.7297515869141 81.9453506469727 84.7064208984375 86.5707931518555 87.1712341308594 87.2669830322266 88.6229705810547 89.3845825195312 89.0169448852539 88.8003311157227 87.6711578369141 87.123176574707 88.7486343383789 90.5938262939453 91.4889907836914 88.374397277832 84.0759658813477 86.287841796875 85.1614227294922 82.4202346801758 80.1767959594727 80.3400268554688 79.8457107543945 75.0494232177734 73.7780914306641 72.7222366333008 70.7484664916992 69.4970016479492 67.3793106079102 66.9998092651367 65.607421875 60.8556022644043 59.6968955993652 57.484073638916 53.9714851379395 53.9753036499023 51.9372406005859 47.1241149902344 43.2346153259277 -3.4e+38 -3.4e+38 -3.4e+38
77.364875793457 79.0100631713867 80.7187652587891 81.7907791137695 83.0011596679688 83.4559936523438 82.4828796386719 82.1618118286133 81.2448043823242 80.1614227294922 79.5036926269531 81.5454864501953 83.8440093994141 85.4730224609375 86.6521759033203 87.6198654174805 88.240348815918 88.2422790527344 88.2734832763672 87.9826965332031 87.2769775390625 87.2523727416992 88.2415771484375 89.9260940551758 90.8086318969727 87.6677627563477 87.0567855834961 86.405403137207 84.9884719848633 83.6212005615234 82.1971893310547 81.1518478393555 78.6456832885742 73.4033584594727 71.5959548950195 70.8055801391602 70.5009536743164 70.0096282958984 68.2609405517578 65.7701950073242 62.5211334228516 60.9550514221191 59.5038604736328 56.6800270080566 55.2403526306152 52.5669822692871 49.7185020446777 46.3187065124512 44.4315719604492 -3.4e+38 -3.4e+38 -3.4e+38
76.6275100708008 78.572395324707 79.5473861694336 80.3337860107422 80.5749588012695 80.5385055541992 80.4460983276367 81.0323333740234 79.9391021728516 79.5293502807617 80.3229446411133 81.4259338378906 82.7933807373047 83.9252853393555 85.5234222412109 87.1852264404297 87.5408477783203 87.9471282958984 87.6203308105469 87.9335021972656 87.8443298339844 87.8573455810547 87.9404144287109 88.890022277832 89.2477264404297 85.7029266357422 85.2701034545898 85.5408630371094 85.3239288330078 82.649658203125 80.3779525756836 81.4966659545898 77.6792907714844 73.5865783691406 70.6085433959961 69.2148666381836 69.2402648925781 67.9971694946289 66.2594223022461 64.1426696777344 62.5324859619141 58.8306312561035 56.4142417907715 52.9096908569336 51.9533920288086 51.3461570739746 49.150146484375 47.5169868469238 -3.4e+38 -3.4e+38 -3.4e+38 -3.4e+38
79.9532089233398 80.6989364624023 80.6525344848633 78.6969680786133 79.3890991210938 79.0332336425781 78.6321868896484 79.0394134521484 79.5810241699219 79.036262512207 81.0313034057617 82.0353469848633 81.9047698974609 81.8274230957031 83.4305038452148 84.8020401000977 86.2536468505859 86.8000106811523 87.3197784423828 87.5747299194336 88.2329635620117 88.0895385742188 87.641487121582 86.8866271972656 87.1197357177734 83.1971206665039 83.6724319458008 83.8970642089844 83.1325836181641 81.1197280883789 81.1213607788086 80.8607635498047 76.5633850097656 73.3562622070312 70.2417144775391 68.4793930053711 68.5568923950195 66.2951736450195 64.9202880859375 60.8521461486816 61.0708961486816 57.1071929931641 52.9785232543945 49.9663314819336 51.102912902832 49.738826751709 48.9319915771484 -3.4e+38 -3.4e+38 -3.4e+38 -3.4e+38 -3.4e+38
82.0341644287109 82.6704559326172 82.2591781616211 79.6345367431641 77.5766067504883 77.8271255493164 77.5273971557617 78.1371841430664 79.3269653320312 79.9058303833008 80.5716171264648 81.1265869140625 80.9315643310547 80.4688415527344 81.688835144043 83.036247253418 84.6313552856445 85.3604049682617 86.3038558959961 86.5649261474609 87.6371154785156 87.5446929931641 87.2359771728516 86.1081466674805 86.0091400146484 81.6550140380859 82.3883666992188 82.3769302368164 81.9092330932617 80.8857040405273 81.198844909668 79.5582885742188 76.7702407836914 73.6559448242188 69.6996002197266 69.2243423461914 67.393196105957 64.4343643188477 62.1786231994629 59.6054611206055 58.7269515991211 53.0475959777832 51.42626953125 50.1252822875977 50.1442070007324 47.6661491394043 48.9152069091797 -3.4e+38 -3.4e+38 -3.4e+38 -3.4e+38 -3.4e+38
82.1938705444336 79.8719635009766 78.2593307495117 80.9731369018555 79.6971206665039 79.9737777709961 78.3186111450195 76.7264175415039 77.5897674560547 79.3541717529297 79.2375946044922 79.6612396240234 79.8818817138672 80.4714584350586 81.2288513183594 82.1322555541992 83.6010208129883 84.7729873657227 85.5859298706055 85.2299499511719 85.5370178222656 86.5351257324219 86.4641189575195 85.6952285766602 85.4957809448242 83.4335708618164 82.4823226928711 82.0862731933594 81.3624496459961 81.3174209594727 79.393196105957 77.8236236572266 74.6606826782227 73.0452117919922 70.1953048706055 67.9225387573242 66.1884841918945 64.0171661376953 60.4121208190918 58.7524452209473 56.0691299438477 53.6281852722168 51.964183807373 49.4107322692871 48.2460289001465 46.006477355957 -3.4e+38 -3.4e+38 -3.4e+38 -3.4e+38 -3.4e+38 -3.4e+38
82.2856750488281 78.5012054443359 76.0534515380859 77.5294494628906 76.1720657348633 80.4313507080078 79.9376449584961 77.4237976074219 77.1801834106445 78.4058380126953 77.9481048583984 77.5347518920898 78.4069442749023 79.2368087768555 80.3248748779297 81.4816970825195 82.9253234863281 84.3082656860352 84.9125900268555 85.179313659668 85.0187911987305 85.3860626220703 85.8739395141602 84.5848922729492 84.0089111328125 82.3428421020508 80.3045425415039 81.4237976074219 80.3874206542969 79.8867263793945 78.297492980957 76.431884765625 72.705810546875 71.7827606201172 68.9227066040039 68.7031555175781 65.615837097168 65.4457626342773 63.6891021728516 62.2730522155762 57.0060157775879 53.3588066101074 51.4629364013672 49.3586654663086 46.5992088317871 45.591064453125 -3.4e+38 -3.4e+38 -3.4e+38 -3.4e+38 -3.4e+38 -3.4e+38
81.3228225708008 77.7430191040039 74.022575378418 75.7218017578125 75.6016540527344 78.8441696166992 79.6241455078125 79.6405715942383 77.8602447509766 76.3997344970703 76.8214645385742 76.1569061279297 77.3054122924805 78.6840362548828 79.7940902709961 81.103401184082 82.3617172241211 83.4569625854492 84.3789367675781 85.0033264160156 84.6553344726562 83.7101745605469 82.4392318725586 82.8521041870117 82.82080078125 81.1461639404297 80.5162658691406 80.2876281738281 79.4452972412109 78.0030364990234 77.2682952880859 76.0245819091797 72.0437545776367 72.5303802490234 71.6714019775391 70.7478561401367 67.4733963012695 66.8542785644531 64.4872589111328 63.4005279541016 57.7989883422852 53.7615089416504 51.3610572814941 48.313663482666 46.7980995178223 -3.4e+38 -3.4e+38 -3.4e+38 -3.4e+38 -3.4e+38 -3.4e+38 -3.4e+38
76.9080963134766 77.4847717285156 77.5612945556641 77.2466125488281 75.629264831543 78.1569519042969 78.5227279663086 78.1502456665039 78.3181457519531 77.4520797729492 76.8673858642578 76.4995651245117 77.0192260742188 77.6178894042969 78.6481018066406 79.9073028564453 81.4967575073242 83.0832672119141 84.3057403564453 84.6067428588867 83.5408325195312 82.003532409668 81.403694152832 81.7096481323242 80.8069305419922 79.6596374511719 79.7986526489258 79.5449447631836 78.8727874755859 77.9374542236328 76.7986373901367 75.3947677612305 72.4821929931641 73.2763748168945 72.7954177856445 71.0493240356445 67.996452331543 66.5397796630859 65.6488494873047 63.496696472168 58.5702209472656 53.6769943237305 51.0958633422852 48.4583930969238 47.7450065612793 -3.4e+38 -3.4e+38 -3.4e+38 -3.4e+38 -3.4e+38 -3.4e+38 -3.4e+38
75.5249328613281 73.6606292724609 74.6671600341797 77.1340942382812 76.1291580200195 76.8312759399414 76.1109924316406 75.9130249023438 76.0544509887695 75.3109512329102 75.2751007080078 75.0905227661133 75.790283203125 76.3450317382812 77.4548950195312 78.5870971679688 80.7575225830078 82.8771133422852 84.3904800415039 84.2009429931641 83.6575469970703 82.2491836547852 81.0244522094727 80.8233261108398 78.8215560913086 79.1338424682617 79.2966003417969 79.3526153564453 79.1205291748047 78.703239440918 79.289680480957 74.7614974975586 74.7221984863281 73.3518447875977 74.5740585327148 71.0069274902344 68.4052124023438 64.3926696777344 62.7431602478027 60.7278060913086 58.1703414916992 53.3870162963867 51.1649398803711 48.3179969787598 -3.4e+38 -3.4e+38 -3.4e+38 -3.4e+38 -3.4e+38 -3.4e+38 -3.4e+38 -3.4e+38
