data/layers/Current/bio16.asc
NCOLS 494 
NROWS 529 
XLLCORNER -117.166666666667 
YLLCORNER -55.5 
CELLSIZE 0.166666666666667 
NODATA_value -3.4e+38 
[rows 231 to 263 of 529, columns 370 to 443 of 494]
1075 1051 1023 997 971 946 930 918 912 908 907 904 897 896 889 880 870 861 862 869 872 871 871 869 866 862 856 853 848 847 845 843 840 833 829 822 810 803 793 785 775 774 773 771 778 779 773 761 741 703 660 639 646 651 648 642 625 591 572 565 564 572 581 583 592 611 632 624 611 617 621 640 666 675
1062 1043 1024 1003 983 962 948 935 923 919 912 909 903 897 888 881 868 856 864 871 871 870 870 866 860 855 847 837 832 840 840 838 831 820 816 808 798 793 782 772 762 761 756 764 778 782 792 789 772 733 688 657 654 656 650 644 628 610 591 583 582 588 604 624 640 657 660 658 650 630 630 634 647 648
1046 1037 1025 1008 993 977 962 948 936 930 922 914 908 900 891 885 875 869 872 879 879 877 871 862 859 852 840 829 822 823 831 822 814 809 808 801 790 782 774 761 752 745 746 763 779 790 801 806 807 762 710 671 653 655 647 640 633 625 608 595 594 599 628 668 717 735 700 684 668 646 641 637 631 635
1027 1027 1018 1010 998 988 975 962 947 940 932 920 911 905 895 887 881 880 878 884 887 885 873 863 852 844 834 824 818 808 815 814 802 800 798 794 782 779 770 758 745 729 743 761 780 798 806 815 813 771 715 672 643 633 630 628 632 621 611 602 599 608 638 695 763 790 711 676 670 649 638 621 619 629
1015 1019 1017 1014 1009 997 985 972 958 947 938 925 916 908 899 892 890 891 887 886 891 888 866 853 846 840 830 818 813 803 802 800 797 798 795 787 781 779 769 763 750 744 757 769 783 801 808 810 798 765 715 670 646 630 625 622 626 615 612 603 601 608 631 679 744 749 657 620 636 614 599 601 603 602
1001 1011 1017 1015 1014 1008 997 981 968 950 940 932 921 909 903 896 896 892 892 894 888 881 862 850 844 837 828 817 812 802 799 799 797 796 792 786 784 779 772 767 759 761 771 778 793 810 809 802 791 759 716 675 647 636 624 615 613 610 606 604 596 588 596 619 635 630 588 553 538 535 541 561 578 572
988 998 1011 1020 1023 1018 1006 987 970 955 940 930 921 914 904 900 899 890 884 884 878 876 859 849 841 832 819 824 819 806 802 799 796 797 793 788 785 781 778 779 776 778 785 789 803 812 811 804 791 759 715 681 649 635 621 610 606 612 609 598 584 562 544 547 555 551 536 515 511 499 506 542 566 560
973 988 1006 1028 1035 1025 1010 990 973 958 942 933 924 911 902 897 892 886 881 879 873 865 850 841 834 829 820 820 818 808 803 801 798 797 794 790 791 783 787 789 791 792 798 799 812 815 813 804 790 756 718 677 645 626 616 611 608 606 600 582 558 514 484 500 511 520 514 509 513 509 513 536 557 556
952 972 998 1034 1045 1031 1011 992 972 956 938 929 924 913 904 896 892 883 882 877 868 859 848 838 827 822 812 808 807 804 805 801 797 796 795 795 796 793 799 798 803 805 808 813 819 814 808 808 791 757 714 673 640 627 611 608 611 609 588 560 526 493 475 493 507 511 515 518 527 530 525 535 559 572
932 946 981 1020 1036 1023 1006 985 965 951 936 921 916 908 902 896 887 881 881 883 872 855 845 840 827 816 812 806 807 810 811 800 800 799 798 798 802 799 809 810 813 815 815 824 820 815 811 799 776 734 688 651 624 607 602 598 599 604 579 547 515 484 484 497 514 521 518 516 517 517 513 523 553 581
925 935 970 998 1008 1001 989 973 954 939 927 917 907 903 895 888 881 878 878 881 867 854 846 833 826 815 819 818 814 812 812 802 802 801 804 805 802 810 815 817 823 828 825 830 820 810 797 779 756 716 668 622 592 592 591 584 584 589 569 542 507 484 488 511 530 530 512 501 493 486 487 497 521 524
942 951 969 985 988 983 970 957 940 927 919 910 902 900 896 887 879 873 871 869 853 848 856 844 827 816 813 813 815 814 811 805 804 805 809 808 808 808 819 826 831 835 833 832 820 807 792 770 742 703 649 596 575 575 579 576 574 573 561 541 517 511 507 515 524 524 506 484 460 455 455 474 484 478
957 968 977 981 976 965 950 938 925 916 907 902 896 891 889 884 877 875 871 862 862 858 856 847 825 816 811 810 813 812 807 803 806 808 808 809 813 816 822 830 833 841 840 832 816 795 782 757 725 686 642 600 576 567 568 565 566 565 562 545 537 525 520 521 526 521 508 477 448 432 441 459 463 457
967 984 990 978 962 947 931 916 910 900 894 892 890 890 887 886 876 873 872 864 869 868 851 836 827 824 824 822 821 819 813 810 812 813 813 812 816 814 825 835 840 842 840 828 807 787 775 748 718 676 640 602 579 562 555 557 565 568 567 562 549 538 527 525 523 527 514 494 450 424 432 447 453 441
976 988 992 974 950 930 912 895 889 884 884 885 884 887 885 881 876 875 868 871 874 869 852 838 835 835 838 833 826 821 816 813 812 814 812 814 819 813 824 830 838 836 832 822 800 778 764 741 715 676 643 608 582 557 544 551 561 568 577 576 560 545 529 515 512 521 510 500 469 443 435 442 441 433
979 983 979 962 939 914 891 871 867 870 875 881 885 888 884 884 878 875 874 878 878 870 858 847 845 844 839 837 831 826 822 818 814 816 816 816 815 816 820 823 834 827 823 815 788 772 755 735 708 677 649 619 593 557 539 551 568 577 585 583 566 546 526 506 488 488 510 490 469 448 437 439 435 429
980 976 970 955 930 903 877 852 851 862 874 882 885 890 890 890 883 878 874 871 872 867 865 855 854 853 849 839 835 832 828 824 819 823 818 814 812 819 820 823 824 820 808 801 784 770 752 734 708 685 655 637 614 575 550 565 584 596 603 595 578 548 522 500 483 469 481 470 455 446 438 434 427 424
987 985 970 959 939 904 879 853 854 867 879 885 891 894 898 894 892 889 885 878 882 875 873 863 858 856 856 846 840 834 833 828 820 821 820 810 814 819 817 818 820 815 805 797 774 765 750 729 709 689 666 655 636 606 586 590 608 629 639 625 591 549 518 491 474 468 453 452 450 442 438 429 421 416
989 986 977 968 955 922 896 882 875 883 889 894 900 904 907 905 901 899 896 888 884 886 881 875 866 863 860 852 846 840 837 831 825 822 811 815 814 816 816 814 810 806 801 793 776 756 743 725 707 691 676 667 648 627 608 610 635 672 692 662 603 538 509 488 471 457 454 461 465 448 432 421 413 407
992 991 986 978 968 944 918 907 902 903 907 913 917 919 922 917 915 911 907 902 892 892 887 882 871 868 860 852 848 846 839 837 829 820 818 819 814 814 812 809 807 801 797 785 771 755 740 727 711 692 680 670 654 631 617 621 655 721 757 693 593 530 498 480 471 466 464 479 475 444 427 412 404 397
996 999 996 991 984 961 942 930 928 929 931 935 937 936 935 932 926 924 916 908 900 895 892 885 879 872 863 855 852 846 845 840 832 823 820 815 813 808 808 802 800 794 791 778 770 753 735 726 709 693 683 671 663 632 610 616 662 748 833 717 578 506 470 471 478 473 467 479 458 424 410 399 395 389
997 1007 1007 1004 995 981 964 958 957 957 959 960 959 956 953 949 943 934 927 915 907 904 896 891 888 878 872 859 853 846 845 836 827 826 819 817 810 805 807 800 799 788 779 771 765 746 733 724 707 699 685 666 655 635 603 604 652 710 744 676 569 469 459 486 513 521 493 470 445 411 390 388 388 377
1004 1010 1013 1013 1009 998 989 984 981 984 984 983 981 976 970 962 954 944 932 921 917 912 901 892 888 881 870 862 857 849 843 832 824 829 820 817 811 805 803 800 792 781 778 772 760 742 730 723 706 698 681 663 645 633 610 610 639 662 674 642 571 513 497 514 560 560 506 468 438 412 390 382 379 369
1006 1009 1019 1025 1023 1018 1012 1008 1010 1011 1011 1011 1005 1001 990 979 965 954 943 931 923 914 908 895 891 881 870 862 856 845 841 832 823 829 823 820 811 806 802 796 787 775 772 767 755 741 728 721 705 695 675 659 656 638 620 614 616 624 617 595 566 523 490 491 508 518 495 464 445 422 393 378 375 367
1004 1019 1024 1032 1032 1033 1032 1032 1033 1033 1037 1036 1032 1022 1007 994 979 964 952 939 926 917 910 900 893 882 873 864 856 847 844 836 822 825 820 814 806 798 793 790 789 776 774 770 755 741 727 715 701 694 674 661 653 638 623 615 608 601 595 571 545 511 475 472 478 475 479 472 450 431 402 385 372 366
1019 1022 1024 1030 1031 1034 1041 1047 1050 1061 1067 1064 1049 1036 1021 1003 990 973 960 946 928 918 905 895 889 883 874 867 858 849 841 838 828 826 816 811 805 797 792 792 781 774 767 775 760 745 728 717 701 687 673 659 648 636 619 609 602 586 577 568 550 517 481 477 472 473 479 474 447 425 412 393 379 369
1011 1012 1015 1020 1023 1034 1044 1055 1067 1076 1086 1087 1067 1050 1031 1013 999 983 966 947 931 919 903 895 889 878 872 862 854 849 841 841 833 820 816 808 802 798 792 789 781 775 769 773 765 742 724 716 701 686 682 662 643 632 623 614 605 588 579 571 546 524 506 491 480 486 489 481 462 442 429 415 403 393
989 996 1000 1006 1014 1028 1046 1060 1074 1085 1100 1104 1083 1058 1036 1017 1003 984 966 943 932 919 903 892 888 877 868 859 852 849 842 839 831 820 816 809 798 794 792 786 777 776 769 765 767 748 727 715 701 690 678 663 646 635 622 614 600 589 573 563 550 520 513 503 504 510 516 502 481 462 451 440 428 410
963 967 975 985 997 1015 1038 1052 1067 1084 1099 1106 1083 1059 1035 1018 1002 984 963 942 923 908 896 886 877 875 864 856 847 842 842 839 830 819 816 807 799 794 792 785 781 778 770 765 762 750 731 718 705 697 680 669 651 641 623 610 595 578 558 551 545 527 521 521 534 549 553 535 497 478 470 463 447 431
941 941 946 952 969 1000 1021 1034 1050 1065 1077 1077 1064 1048 1026 1009 997 974 953 933 914 900 886 881 871 862 858 853 849 842 842 836 829 820 815 810 802 794 791 789 786 781 772 768 769 757 730 721 709 698 688 673 654 645 634 610 585 562 554 533 533 530 525 530 547 557 560 537 495 485 476 467 457 442
922 924 926 928 940 972 995 1011 1027 1040 1049 1049 1039 1024 1010 994 981 961 934 915 900 887 880 873 864 856 853 850 848 839 839 828 825 822 817 810 804 799 796 788 786 780 773 766 762 757 734 717 714 705 698 678 663 647 631 613 594 567 536 508 508 520 525 532 535 529 524 506 489 477 462 437 422 400
895 901 901 907 916 942 969 986 1005 1016 1020 1020 1015 1003 989 973 958 943 918 896 884 873 866 862 856 852 849 847 844 839 836 828 828 821 815 813 810 805 803 794 789 780 779 771 758 749 737 726 715 709 705 691 677 656 651 625 597 567 543 509 499 513 522 529 526 517 506 485 474 464 438 411 389 358
886 893 890 894 903 925 951 972 984 992 996 996 991 980 966 951 934 920 905 883 868 861 855 849 850 844 842 844 840 837 836 829 826 822 817 818 815 811 811 807 798 793 780 770 761 754 747 743 734 723 713 707 689 680 663 635 614 589 559 543 529 534 528 530 524 511 495 477 466 459 435 412 385 366
