data/layers/Current/bio15.asc
NCOLS 494 
NROWS 529 
XLLCORNER -117.166666666667 
YLLCORNER -55.5 
CELLSIZE 0.166666666666667 
NODATA_value -3.4e+38 
[rows 483 to 505 of 529, columns 260 to 311 of 494]
8.25632476806641 8.79756259918213 9.58234119415283 10.2686195373535 11.4817304611206 12.7216529846191 15.5297155380249 17.7461967468262 21.4730281829834 24.2725429534912 29.3901290893555 31.7495670318604 29.4587879180908 30.8125267028809 30.8151245117188 29.0171070098877 29.8380298614502 26.7261238098145 26.3365497589111 26.8183917999268 25.0656547546387 25.957576751709 26.6006813049316 27.1588077545166 28.7024745941162 29.9828414916992 31.2409477233887 30.7603092193604 30.2661590576172 25.4383792877197 24.3006286621094 23.6314716339111 22.4447898864746 23.9963779449463 25.3411769866943 25.179069519043 24.9557094573975 23.90159034729 24.6910266876221 25.559175491333 26.9636936187744 25.7841033935547 26.2776489257812 25.573205947876 26.7694759368896 27.9419765472412 28.8281784057617 28.353759765625 30.4420547485352 -3.4e+38 -3.4e+38 -3.4e+38
8.39223766326904 8.94685077667236 9.44678115844727 10.1616697311401 11.5983648300171 12.8118734359741 14.4385099411011 17.3806209564209 21.3171501159668 25.1783447265625 27.8979091644287 32.5368995666504 32.7172317504883 31.6846332550049 31.196231842041 28.8104057312012 27.3440246582031 26.893238067627 26.8424339294434 24.682430267334 26.3061275482178 25.3989315032959 27.2706909179688 26.9842529296875 29.9185123443604 31.8220233917236 32.106014251709 28.9733333587646 24.0899047851562 21.8276081085205 22.4121170043945 22.6029663085938 22.3395347595215 23.2450714111328 22.8496322631836 24.1129150390625 25.1315727233887 24.2619361877441 25.0822887420654 25.1268558502197 25.4612903594971 24.4788055419922 25.448263168335 25.3904285430908 26.5924034118652 29.0891456604004 29.3780288696289 28.9531993865967 -3.4e+38 -3.4e+38 -3.4e+38 -3.4e+38
9.28724575042725 9.31208992004395 9.404128074646 10.4770078659058 11.7452716827393 13.3941211700439 14.6395587921143 16.7943630218506 19.563009262085 21.7558307647705 25.1538467407227 28.8049373626709 30.3003215789795 30.0451469421387 29.482120513916 29.2001075744629 27.8090496063232 27.4808902740479 24.97802734375 24.1189022064209 26.694486618042 27.0611476898193 25.0656547546387 26.6006813049316 28.6609268188477 29.1164493560791 28.361780166626 27.3178043365479 27.0095806121826 22.5978355407715 20.8359031677246 20.981954574585 22.7763252258301 20.981954574585 21.9457550048828 23.6747207641602 24.0059814453125 23.2143726348877 25.2678508758545 26.3764019012451 26.085807800293 24.8470821380615 26.4951438903809 26.350513458252 27.1799278259277 28.0296382904053 28.4638957977295 -3.4e+38 -3.4e+38 -3.4e+38 -3.4e+38 -3.4e+38
9.54579639434814 11.2164678573608 11.4997358322144 11.7372198104858 12.1970443725586 13.1191453933716 14.807412147522 16.7146263122559 18.7723617553711 20.1628589630127 23.2302589416504 25.5137996673584 25.5427837371826 27.7557144165039 30.7422523498535 30.5184593200684 28.8937587738037 26.3767471313477 24.97802734375 23.2252254486084 25.4124603271484 28.2745342254639 27.8178253173828 24.6182975769043 26.1600494384766 26.2256832122803 25.9752941131592 24.7165756225586 22.397985458374 21.4797496795654 20.5816669464111 22.0683708190918 22.6517753601074 21.2003688812256 21.8276081085205 21.791296005249 22.0536022186279 22.6357479095459 24.4657745361328 26.3714714050293 25.9713134765625 25.6944847106934 26.2763919830322 27.1480751037598 27.2677459716797 -3.4e+38 -3.4e+38 -3.4e+38 -3.4e+38 -3.4e+38 -3.4e+38 -3.4e+38
11.1036014556885 12.2155780792236 13.2991390228271 13.8785486221313 12.9769430160522 13.2198266983032 15.5859794616699 16.7002487182617 17.885181427002 20.5630226135254 22.1112861633301 22.7056369781494 24.3988132476807 27.1652126312256 29.9001121520996 29.3195552825928 27.5760746002197 28.2085437774658 25.1992931365967 23.0867443084717 24.5554161071777 26.5520114898682 26.5520114898682 23.799690246582 22.9183883666992 23.5847148895264 23.0796546936035 21.3190269470215 19.9175186157227 19.6559104919434 20.9596462249756 21.7418403625488 21.5414543151855 22.0207405090332 20.6008987426758 21.4691181182861 22.6171588897705 23.7837791442871 23.1832504272461 24.8632621765137 25.3677368164062 27.5391139984131 26.3946113586426 -3.4e+38 -3.4e+38 -3.4e+38 -3.4e+38 -3.4e+38 -3.4e+38 -3.4e+38 -3.4e+38 -3.4e+38
11.7549562454224 12.3499526977539 13.553430557251 13.0738677978516 12.7146024703979 15.4199991226196 16.3129615783691 16.7230262756348 17.9508361816406 19.9779682159424 22.6748504638672 26.3224468231201 28.9076175689697 28.9146404266357 26.9815731048584 25.9029674530029 26.0469284057617 26.7242736816406 24.2451782226562 24.0460357666016 21.3185234069824 21.4597797393799 22.3814125061035 22.2881126403809 18.98415184021 19.6465682983398 21.6843032836914 18.7998561859131 18.8583240509033 19.106466293335 20.6424674987793 21.229564666748 22.0207405090332 21.9315853118896 24.0931072235107 23.6314716339111 23.5829620361328 24.3426036834717 24.3077640533447 24.7107391357422 25.1359939575195 -3.4e+38 -3.4e+38 -3.4e+38 -3.4e+38 -3.4e+38 -3.4e+38 -3.4e+38 -3.4e+38 -3.4e+38 -3.4e+38 -3.4e+38
11.8437776565552 13.3854970932007 13.3462381362915 13.4313850402832 13.1513166427612 14.2263593673706 16.1180362701416 19.7561111450195 22.0035991668701 21.0603122711182 22.2761135101318 27.0149993896484 28.0479717254639 24.984224319458 25.0067234039307 25.7246112823486 23.7461566925049 25.0100593566895 23.8238258361816 24.8297424316406 23.6756401062012 20.377067565918 21.3200721740723 21.9791698455811 20.6260032653809 21.8350105285645 20.0062637329102 19.5647716522217 20.7546100616455 19.7261009216309 21.2670478820801 21.9021186828613 20.9754600524902 23.5375576019287 24.4548740386963 24.7740516662598 23.9317207336426 24.7332096099854 23.4950847625732 25.8000259399414 -3.4e+38 -3.4e+38 -3.4e+38 -3.4e+38 -3.4e+38 -3.4e+38 -3.4e+38 -3.4e+38 -3.4e+38 -3.4e+38 -3.4e+38 -3.4e+38
11.6365051269531 14.6884765625 14.3477792739868 13.9533882141113 12.8183727264404 13.4928503036499 14.7445945739746 18.3318309783936 23.7365779876709 25.4914054870605 24.8039379119873 25.9282684326172 26.6473503112793 27.3721370697021 25.0855178833008 23.910120010376 23.1368064880371 22.3814125061035 24.4252109527588 20.8319301605225 21.4654312133789 20.831693649292 19.494815826416 20.1273174285889 20.8004894256592 23.1494312286377 21.5058326721191 20.3024234771729 20.611234664917 20.5308589935303 21.911111831665 22.4260768890381 22.7090835571289 22.5541133880615 22.8839645385742 22.0091323852539 22.427417755127 21.9635353088379 -3.4e+38 -3.4e+38 -3.4e+38 -3.4e+38 -3.4e+38 -3.4e+38 -3.4e+38 -3.4e+38 -3.4e+38 -3.4e+38 -3.4e+38 -3.4e+38 -3.4e+38 -3.4e+38
12.7176761627197 14.4042320251465 16.1112766265869 13.9299068450928 14.0122470855713 18.2749423980713 16.4947147369385 17.9881057739258 20.3214626312256 20.7411575317383 24.2864532470703 25.8111934661865 25.7756843566895 27.9763984680176 26.3109436035156 25.0328311920166 23.107349395752 23.1656494140625 23.1656494140625 22.3979434967041 22.6873874664307 20.9512805938721 20.3474006652832 19.494815826416 18.9441318511963 20.1032657623291 21.1330375671387 23.7758293151855 23.2526092529297 23.3299350738525 22.293758392334 24.4266338348389 23.4128017425537 23.1056385040283 24.7876644134521 23.3376445770264 22.1443748474121 23.9407539367676 -3.4e+38 -3.4e+38 -3.4e+38 -3.4e+38 -3.4e+38 -3.4e+38 -3.4e+38 -3.4e+38 -3.4e+38 -3.4e+38 -3.4e+38 -3.4e+38 -3.4e+38 -3.4e+38
12.7626657485962 15.1698560714722 16.3131809234619 13.4992561340332 12.7189960479736 19.4714794158936 21.6558113098145 18.8174686431885 19.3245887756348 24.7443561553955 27.9532661437988 25.8847827911377 25.2478141784668 25.6266899108887 26.283842086792 24.2079639434814 24.0200443267822 22.9519710540771 23.3156414031982 21.25563621521 21.2317886352539 20.807559967041 21.625617980957 20.8840751647949 20.58913230896 20.0811138153076 21.2415084838867 19.4368000030518 19.8325424194336 21.0739307403564 21.7689151763916 22.185583114624 21.0552158355713 20.8583488464355 22.780143737793 23.0611839294434 23.0039844512939 23.3928737640381 -3.4e+38 -3.4e+38 -3.4e+38 -3.4e+38 -3.4e+38 -3.4e+38 -3.4e+38 -3.4e+38 -3.4e+38 -3.4e+38 -3.4e+38 -3.4e+38 -3.4e+38 -3.4e+38
12.7528772354126 15.6953868865967 14.0734643936157 12.7876100540161 12.1918830871582 18.0545635223389 22.3390045166016 24.8338432312012 26.3041973114014 28.0163822174072 29.5101165771484 30.4997138977051 29.2057209014893 27.4829044342041 25.3201580047607 25.9913330078125 24.0013408660889 21.4410018920898 22.0029830932617 22.0112552642822 21.9026947021484 21.1123561859131 19.3859195709229 21.1909599304199 19.9595031738281 19.2731914520264 19.795934677124 19.8182601928711 18.5263061523438 18.7621212005615 19.8268260955811 19.2465286254883 19.4163436889648 21.5568027496338 22.9963912963867 22.8867073059082 21.8016777038574 -3.4e+38 -3.4e+38 -3.4e+38 -3.4e+38 -3.4e+38 -3.4e+38 -3.4e+38 -3.4e+38 -3.4e+38 -3.4e+38 -3.4e+38 -3.4e+38 -3.4e+38 -3.4e+38 -3.4e+38
12.7910346984863 15.1899003982544 15.2769737243652 13.25084400177 12.4232368469238 13.5401792526245 21.0425357818604 24.3918552398682 25.9729309082031 27.3635787963867 29.5488567352295 31.035270690918 30.4122352600098 29.8198795318604 29.1856098175049 26.6992034912109 24.1581020355225 24.5453548431396 24.1090984344482 23.8788414001465 22.9801273345947 21.7308559417725 20.7366008758545 21.5322170257568 18.9595985412598 20.9727344512939 18.8135528564453 19.8987331390381 19.6284561157227 20.2822570800781 19.6581878662109 20.5930919647217 19.8833866119385 21.065465927124 21.3621997833252 22.880973815918 23.1019477844238 -3.4e+38 -3.4e+38 -3.4e+38 -3.4e+38 -3.4e+38 -3.4e+38 -3.4e+38 -3.4e+38 -3.4e+38 -3.4e+38 -3.4e+38 -3.4e+38 -3.4e+38 -3.4e+38 -3.4e+38
15.0977363586426 17.4057788848877 15.0989265441895 11.5847244262695 11.5127305984497 12.1105461120605 20.4540920257568 23.5045642852783 26.3936996459961 29.5200996398926 29.7718601226807 28.4759349822998 29.9512577056885 30.5253467559814 33.3012542724609 30.5226211547852 31.1592235565186 27.7478713989258 26.6725406646729 24.8270988464355 25.2678508758545 23.4559078216553 23.0101490020752 21.7686595916748 22.173210144043 20.4136161804199 19.2723770141602 20.6701335906982 19.8811302185059 18.8501377105713 19.4015579223633 21.1757678985596 20.9148788452148 22.8887004852295 22.9365367889404 23.5280418395996 23.8960704803467 -3.4e+38 -3.4e+38 -3.4e+38 -3.4e+38 -3.4e+38 -3.4e+38 -3.4e+38 -3.4e+38 -3.4e+38 -3.4e+38 -3.4e+38 -3.4e+38 -3.4e+38 -3.4e+38 -3.4e+38
15.8898019790649 18.4750480651855 14.8490972518921 10.647762298584 11.6624822616577 12.830005645752 20.0569171905518 23.0618190765381 27.9309406280518 32.484058380127 29.9422664642334 31.4453735351562 29.347728729248 29.9706287384033 27.42529296875 27.4441184997559 22.912878036499 23.2003135681152 23.7860164642334 22.8470268249512 23.2160301208496 21.9738922119141 20.3100967407227 20.538423538208 19.6437091827393 18.7167720794678 20.0528964996338 19.4980125427246 19.8989925384521 19.7419738769531 20.1925182342529 21.5622825622559 23.4249649047852 23.831600189209 23.6627235412598 23.8112545013428 -3.4e+38 -3.4e+38 -3.4e+38 -3.4e+38 -3.4e+38 -3.4e+38 -3.4e+38 -3.4e+38 -3.4e+38 -3.4e+38 -3.4e+38 -3.4e+38 -3.4e+38 -3.4e+38 -3.4e+38 -3.4e+38
15.5985546112061 17.2984409332275 15.95006275177 10.9542150497437 11.602707862854 17.0020580291748 20.2741527557373 23.0638790130615 27.692699432373 31.0157108306885 30.2952938079834 33.1714630126953 32.9036331176758 28.8621139526367 24.7893943786621 26.8658428192139 24.0509605407715 24.6037616729736 24.8045997619629 21.856014251709 20.7302360534668 20.1293601989746 19.0635795593262 21.1013984680176 19.4210968017578 20.2617950439453 20.3007678985596 20.4353713989258 20.5973606109619 20.860315322876 21.1719932556152 23.1192111968994 24.3648567199707 -3.4e+38 -3.4e+38 -3.4e+38 -3.4e+38 -3.4e+38 -3.4e+38 -3.4e+38 -3.4e+38 -3.4e+38 -3.4e+38 -3.4e+38 -3.4e+38 -3.4e+38 -3.4e+38 -3.4e+38 -3.4e+38 -3.4e+38 -3.4e+38 -3.4e+38
14.4802837371826 11.7053861618042 13.4944763183594 13.0866384506226 11.0615091323853 12.3260183334351 20.9786510467529 25.853874206543 26.3338432312012 27.0478610992432 29.8401756286621 31.9643478393555 29.0144233703613 28.7266960144043 25.7974853515625 22.7853355407715 24.2057571411133 23.1026496887207 23.1026496887207 22.2332668304443 20.5910911560059 21.5402126312256 20.6580905914307 20.5413722991943 20.8004894256592 19.8989925384521 20.2410526275635 21.7483825683594 21.2200031280518 23.451810836792 -3.4e+38 -3.4e+38 -3.4e+38 -3.4e+38 -3.4e+38 -3.4e+38 -3.4e+38 -3.4e+38 -3.4e+38 -3.4e+38 -3.4e+38 -3.4e+38 -3.4e+38 -3.4e+38 -3.4e+38 -3.4e+38 -3.4e+38 -3.4e+38 -3.4e+38 -3.4e+38 -3.4e+38 -3.4e+38
13.3703489303589 13.3935136795044 14.625020980835 16.2026557922363 13.6639423370361 12.0215530395508 16.0773544311523 14.9051723480225 15.3310413360596 16.0015029907227 19.5751342773438 23.7940196990967 27.0800609588623 25.6871242523193 21.8609485626221 20.0299682617188 21.6698322296143 22.4050445556641 21.3185234069824 21.247652053833 21.5478115081787 22.1371097564697 20.1597709655762 21.2679481506348 21.0075435638428 19.3548393249512 20.6404705047607 20.9648342132568 23.0796546936035 -3.4e+38 -3.4e+38 -3.4e+38 -3.4e+38 -3.4e+38 -3.4e+38 -3.4e+38 -3.4e+38 -3.4e+38 -3.4e+38 -3.4e+38 -3.4e+38 -3.4e+38 -3.4e+38 -3.4e+38 -3.4e+38 -3.4e+38 -3.4e+38 -3.4e+38 -3.4e+38 -3.4e+38 -3.4e+38 -3.4e+38
13.8156766891479 15.2765941619873 15.3903799057007 15.6697158813477 12.4685249328613 12.5350399017334 13.0703821182251 13.8368234634399 14.1583652496338 13.1138296127319 19.0098571777344 17.3096771240234 22.9122714996338 23.0270709991455 20.4828205108643 21.8559703826904 20.6701335906982 21.0705604553223 20.3755836486816 21.0317993164062 21.0949764251709 21.2863998413086 21.0075435638428 21.9554462432861 19.7593173980713 20.2961044311523 20.4452362060547 23.8955898284912 25.2170143127441 -3.4e+38 -3.4e+38 -3.4e+38 -3.4e+38 -3.4e+38 -3.4e+38 -3.4e+38 -3.4e+38 -3.4e+38 -3.4e+38 -3.4e+38 -3.4e+38 -3.4e+38 -3.4e+38 -3.4e+38 -3.4e+38 -3.4e+38 -3.4e+38 -3.4e+38 -3.4e+38 -3.4e+38 -3.4e+38 -3.4e+38
12.7594394683838 16.344274520874 16.2021770477295 12.8209362030029 12.111044883728 11.5652408599854 15.4077177047729 17.0401058197021 18.6816577911377 18.6256542205811 19.4155788421631 20.0217761993408 21.4365539550781 23.3062705993652 22.4547481536865 21.0018196105957 20.7874126434326 18.8247413635254 19.6791152954102 18.2023410797119 18.5733890533447 19.7292213439941 19.5493640899658 19.7696380615234 21.3884830474854 21.3176975250244 23.4372844696045 24.3676071166992 24.8182106018066 -3.4e+38 -3.4e+38 -3.4e+38 -3.4e+38 -3.4e+38 -3.4e+38 -3.4e+38 -3.4e+38 -3.4e+38 -3.4e+38 -3.4e+38 -3.4e+38 -3.4e+38 -3.4e+38 -3.4e+38 -3.4e+38 -3.4e+38 -3.4e+38 -3.4e+38 -3.4e+38 -3.4e+38 -3.4e+38 -3.4e+38
12.3514823913574 15.9163808822632 14.9385232925415 10.3862533569336 11.4614658355713 13.475977897644 14.8818807601929 17.4475955963135 17.3662090301514 17.7851619720459 17.1086177825928 20.0214748382568 22.360034942627 21.7353801727295 19.9175186157227 19.540168762207 18.5454902648926 18.6487941741943 19.4368000030518 19.9176025390625 20.1230163574219 19.4015579223633 19.9430999755859 19.9339427947998 22.4697265625 22.8079795837402 23.3062705993652 23.2159690856934 24.0321769714355 -3.4e+38 -3.4e+38 -3.4e+38 -3.4e+38 -3.4e+38 -3.4e+38 -3.4e+38 -3.4e+38 -3.4e+38 -3.4e+38 -3.4e+38 -3.4e+38 -3.4e+38 -3.4e+38 -3.4e+38 -3.4e+38 -3.4e+38 -3.4e+38 -3.4e+38 -3.4e+38 -3.4e+38 -3.4e+38 -3.4e+38
13.1604709625244 14.5224561691284 14.5544052124023 10.7857809066772 11.7453584671021 12.5007619857788 16.8874073028564 18.5963859558105 17.2662563323975 18.2743473052979 18.6685791015625 19.5822238922119 21.4830341339111 21.3280220031738 19.8905239105225 18.1963653564453 16.8659133911133 18.4294166564941 17.7013626098633 17.8816871643066 19.5900096893311 20.3062267303467 21.1981410980225 20.9487266540527 22.6732196807861 23.9834651947021 24.3673458099365 24.6913719177246 26.0266170501709 -3.4e+38 -3.4e+38 -3.4e+38 -3.4e+38 -3.4e+38 -3.4e+38 -3.4e+38 -3.4e+38 -3.4e+38 -3.4e+38 -3.4e+38 -3.4e+38 -3.4e+38 -3.4e+38 -3.4e+38 -3.4e+38 -3.4e+38 -3.4e+38 -3.4e+38 -3.4e+38 -3.4e+38 -3.4e+38 -3.4e+38
12.6602001190186 12.910737991333 13.8429479598999 11.7936029434204 12.3455066680908 12.0746326446533 14.1779775619507 14.8821220397949 16.1905651092529 16.247974395752 14.5146312713623 16.0176677703857 18.7680912017822 17.8292751312256 16.7625675201416 17.8216972351074 16.8876571655273 17.1448860168457 18.1557846069336 19.4003276824951 21.5414543151855 20.1007556915283 21.6830520629883 21.3472480773926 23.4303245544434 24.0784282684326 25.5184421539307 24.4856204986572 25.9369869232178 27.6357231140137 -3.4e+38 -3.4e+38 -3.4e+38 -3.4e+38 -3.4e+38 -3.4e+38 -3.4e+38 -3.4e+38 -3.4e+38 -3.4e+38 -3.4e+38 -3.4e+38 -3.4e+38 -3.4e+38 -3.4e+38 -3.4e+38 -3.4e+38 -3.4e+38 -3.4e+38 -3.4e+38 -3.4e+38 -3.4e+38
12.2178926467896 12.1002149581909 12.9939298629761 11.4495582580566 12.0767517089844 12.5850486755371 16.3566246032715 20.4834766387939 16.1830768585205 17.1210536956787 14.8318347930908 14.559061050415 15.4167385101318 15.042820930481 15.01744556427 16.2472476959229 16.7121753692627 17.711540222168 18.6617584228516 20.1820487976074 19.7527256011963 20.0017185211182 21.0778617858887 23.0643882751465 24.0366230010986 24.3902435302734 24.9110641479492 25.6093044281006 26.8487319946289 26.9276237487793 -3.4e+38 -3.4e+38 -3.4e+38 -3.4e+38 -3.4e+38 -3.4e+38 -3.4e+38 -3.4e+38 -3.4e+38 -3.4e+38 -3.4e+38 -3.4e+38 -3.4e+38 -3.4e+38 -3.4e+38 -3.4e+38 -3.4e+38 -3.4e+38 -3.4e+38 -3.4e+38 -3.4e+38 -3.4e+38
