data/layers/Current/bio13.asc
NCOLS 494 
NROWS 529 
XLLCORNER -117.166666666667 
YLLCORNER -55.5 
CELLSIZE 0.166666666666667 
NODATA_value -3.4e+38 
[rows 264 to 296 of 529, columns 296 to 369 of 494]
258 258 258 260 261 264 268 271 270 268 266 265 267 267 267 266 265 264 261 259 257 255 256 258 261 265 269 272 274 275 280 287 299 312 324 336 350 369 377 363 352 343 336 333 332 333 334 334 335 335 333 331 327 322 318 319 323 328 332 335 339 340 343 344 340 335 328 319 312 310 305 303 303 305
260 260 261 262 264 266 269 272 272 270 267 266 266 266 265 264 262 262 259 257 255 254 255 257 260 261 263 267 269 272 276 282 289 297 304 309 320 340 350 345 337 330 326 326 326 329 330 333 335 336 335 333 329 323 319 320 324 330 333 337 342 347 350 350 344 334 327 322 314 307 306 306 302 306
262 262 263 264 266 267 268 271 269 270 266 265 266 266 264 263 260 259 257 255 254 253 253 254 255 257 259 263 267 270 274 277 280 284 286 286 289 309 321 323 320 315 314 318 321 324 328 333 336 337 338 336 331 327 324 324 327 332 336 339 343 348 350 350 344 337 345 347 338 325 316 311 305 313
264 264 263 265 266 266 267 270 267 268 266 265 264 264 262 262 258 258 256 254 253 252 252 254 255 256 259 261 264 267 269 271 274 275 276 277 279 290 301 305 305 305 306 311 316 321 326 332 337 339 340 339 335 330 329 330 332 336 338 341 344 347 349 345 344 356 369 380 373 353 329 319 316 316
266 265 266 266 266 266 268 268 266 265 265 264 264 263 262 260 258 257 254 253 252 251 252 253 254 256 257 259 260 263 264 266 267 269 270 272 275 281 288 292 294 297 300 305 311 317 324 330 338 342 341 340 337 334 333 333 336 338 341 344 346 347 347 350 360 376 392 407 405 380 348 330 326 319
268 266 266 266 266 266 268 267 266 264 264 263 264 262 261 258 258 257 254 251 251 251 250 249 251 252 254 255 258 259 261 263 265 266 267 269 273 276 280 283 287 291 296 302 308 313 321 328 335 339 339 339 340 338 338 338 338 341 343 345 347 346 350 361 369 387 409 427 424 393 360 337 334 327
270 269 268 267 268 266 267 267 265 263 264 263 262 261 260 258 255 255 253 251 249 249 248 248 248 249 250 253 255 257 260 261 263 263 267 268 271 274 276 279 280 286 294 300 305 309 316 323 330 337 339 339 341 341 342 342 341 345 346 346 347 345 349 362 370 385 404 409 403 386 359 349 339 333
273 273 271 268 266 266 266 266 265 265 264 263 261 260 260 258 254 253 253 251 249 247 246 245 245 246 248 251 254 256 259 260 261 263 266 268 269 274 278 281 283 289 295 301 305 307 309 318 327 332 337 339 343 343 344 345 344 347 348 348 347 345 348 359 367 376 392 396 387 375 355 355 346 340
277 275 271 270 268 265 267 265 264 264 263 261 258 258 258 257 254 254 253 252 248 245 245 242 243 244 246 249 253 256 258 259 260 262 265 268 270 276 282 286 290 297 301 306 306 306 316 318 325 332 337 340 343 345 348 348 347 349 350 349 348 344 344 355 363 364 372 374 372 365 362 359 352 344
278 275 272 271 267 266 266 266 264 263 261 257 257 253 255 255 254 253 254 251 247 243 241 241 240 242 244 247 251 253 256 257 259 261 264 267 272 278 286 294 300 307 312 312 314 313 315 318 324 331 337 341 345 347 351 351 349 349 351 349 347 345 344 345 352 354 354 354 360 366 368 365 355 346
280 277 274 271 266 266 265 265 264 260 260 253 256 255 254 254 252 253 252 251 245 239 238 239 238 239 241 245 249 250 253 255 256 259 261 266 272 279 288 298 309 319 323 322 322 321 318 321 326 331 336 340 346 349 351 350 351 351 351 350 349 346 341 337 342 341 341 348 351 358 369 369 356 344
281 278 275 269 267 267 265 263 263 261 260 256 255 255 255 253 252 251 249 247 241 235 233 236 236 237 239 243 245 247 249 252 254 258 261 267 274 280 290 300 314 326 334 329 327 322 321 323 326 330 334 340 344 347 351 350 353 351 351 350 348 346 341 337 333 331 335 339 345 348 360 361 351 337
285 281 277 273 269 266 265 263 262 260 258 257 257 256 256 252 252 251 249 245 239 234 232 234 234 237 239 240 242 245 246 249 253 257 260 265 272 279 290 300 311 323 331 329 326 322 322 323 326 328 332 337 342 343 348 348 351 350 350 349 348 346 343 337 332 328 327 329 334 340 347 344 336 329
289 286 282 278 274 270 266 263 262 261 260 259 257 256 256 253 252 251 249 246 241 237 235 235 234 236 237 237 240 242 244 246 250 255 259 263 269 276 285 294 304 313 322 321 320 320 319 321 324 326 330 332 337 340 342 345 347 349 350 349 347 346 342 336 331 327 319 318 320 324 329 328 323 317
292 289 286 282 278 274 270 267 263 262 262 261 259 256 256 254 253 252 250 247 243 240 236 235 235 236 235 236 237 239 242 243 246 250 254 260 266 274 282 289 296 302 308 311 313 315 314 318 321 324 326 328 331 336 338 342 345 347 348 348 348 346 343 337 330 323 316 310 306 310 311 312 310 306
295 294 290 287 283 279 274 270 266 264 264 263 261 260 259 257 256 254 253 250 247 244 241 238 237 235 235 236 236 237 238 240 242 246 251 255 261 269 274 281 288 293 299 303 305 307 311 312 314 318 322 324 327 330 333 339 342 343 345 345 346 347 342 336 327 319 311 307 297 292 298 297 299 295
296 296 295 291 287 282 278 273 269 266 265 264 263 262 261 260 259 258 257 254 251 247 244 240 238 235 234 234 233 233 234 236 238 241 245 250 255 261 267 273 279 285 290 294 298 301 304 307 307 310 317 318 321 326 330 333 334 336 339 341 344 345 340 330 321 311 303 299 292 284 279 278 278 280
292 300 299 296 290 285 281 276 273 270 269 269 267 267 266 266 265 264 262 259 255 251 247 243 239 236 232 231 231 230 230 231 233 236 239 243 249 254 260 265 271 276 284 285 290 293 296 298 301 306 312 314 318 320 323 324 327 328 332 334 337 335 325 314 307 298 292 290 284 275 270 269 270 272
285 296 303 298 291 285 283 279 276 274 274 273 273 272 271 272 271 270 268 264 260 256 251 246 241 236 232 229 227 225 225 226 227 230 233 237 242 248 252 257 262 268 274 278 279 286 287 291 295 299 306 310 312 315 316 320 319 321 323 323 317 309 303 296 290 282 276 273 267 262 257 257 258 257
286 292 288 293 290 286 283 281 280 278 280 280 279 279 279 279 279 278 275 271 267 261 255 249 242 237 232 228 224 221 221 221 222 224 227 231 235 240 244 249 254 260 266 270 273 277 280 285 288 291 297 304 307 310 310 313 314 313 310 304 298 294 291 284 272 258 248 244 245 240 231 235 243 253
270 281 283 282 286 284 284 284 284 286 288 289 289 288 289 290 290 287 285 281 276 269 260 253 244 237 231 224 219 217 215 215 217 218 221 225 229 233 238 242 247 252 255 262 269 271 274 278 283 284 286 294 300 302 306 305 306 303 298 290 281 279 271 259 248 237 227 221 211 205 209 218 230 241
248 264 276 276 282 283 285 287 291 296 300 300 300 300 302 304 304 301 298 293 286 277 267 257 247 237 228 221 215 211 210 210 211 212 215 219 222 226 231 235 240 244 247 251 257 264 269 270 275 281 280 285 293 294 297 297 297 295 290 279 270 266 256 244 231 218 207 194 187 189 195 207 219 234
253 245 261 268 276 283 287 293 300 307 313 316 319 320 322 322 322 319 315 308 299 287 275 263 250 238 227 217 211 206 204 204 205 206 209 213 216 219 223 227 232 236 241 246 250 257 263 264 271 274 279 281 284 288 290 290 287 287 281 271 261 254 246 233 218 205 193 184 177 186 202 206 218 230
249 261 256 263 270 284 292 303 312 321 330 336 341 344 345 346 344 340 334 324 312 299 284 270 254 240 226 214 206 200 198 197 199 201 204 207 210 213 216 220 225 232 235 241 248 253 257 262 268 271 274 277 279 283 282 282 279 275 269 262 254 246 237 225 213 206 198 181 175 179 189 211 225 233
246 266 267 265 266 286 301 312 326 337 347 356 364 368 371 373 369 362 354 342 329 312 295 278 260 242 225 210 198 193 192 192 194 197 198 201 204 206 209 213 218 225 229 235 241 248 254 259 265 270 272 274 276 278 276 274 272 267 262 254 249 241 231 219 214 208 195 181 180 184 198 210 236 241
244 239 269 276 265 275 304 323 338 354 367 379 390 394 400 401 397 389 377 364 347 327 307 287 265 245 225 207 193 188 187 189 190 192 193 196 198 201 203 206 211 217 222 229 237 243 251 257 262 267 269 270 273 273 272 269 266 263 256 251 243 234 226 220 219 209 197 191 189 199 214 217 223 237
233 238 232 257 277 277 296 330 352 370 388 403 415 423 430 431 427 417 404 387 368 344 320 296 272 249 228 208 193 187 186 187 188 189 190 191 193 196 197 199 204 210 217 226 235 242 247 255 260 265 270 269 270 270 269 266 262 258 254 247 239 231 226 226 218 205 205 200 201 208 215 220 226 237
208 226 225 245 252 280 294 327 363 387 409 427 443 454 462 462 459 449 431 411 388 360 333 306 280 256 233 214 200 192 188 187 187 187 187 186 187 190 192 193 197 203 211 221 232 239 247 252 258 263 268 270 269 268 267 263 258 253 251 244 237 230 227 223 213 208 206 203 207 211 215 221 229 237
201 209 217 230 249 269 290 308 360 402 430 453 471 485 493 494 491 480 461 436 408 376 345 316 288 262 239 220 206 197 192 189 186 185 183 181 181 182 185 187 192 197 205 216 227 237 248 253 259 264 267 267 266 265 264 262 255 251 246 242 236 232 229 218 212 210 209 209 210 213 218 221 228 235
193 198 209 217 231 251 274 303 331 391 445 476 499 517 525 527 522 511 492 462 427 391 357 325 295 268 243 225 210 199 193 189 185 182 178 177 177 178 180 182 186 192 202 214 225 237 249 254 260 263 265 266 264 263 261 258 252 249 244 239 233 232 226 218 211 210 213 213 214 217 220 223 229 236
176 188 193 206 212 226 258 285 304 349 438 493 527 551 559 555 550 541 523 487 444 402 364 330 300 272 247 227 212 200 191 186 181 177 174 173 172 173 176 179 182 189 200 212 224 237 247 254 259 262 264 262 262 260 257 253 247 244 241 238 232 231 224 218 213 212 212 213 215 217 220 226 233 237
149 172 185 196 198 196 236 249 276 299 365 473 548 582 592 577 566 569 552 504 454 406 365 330 299 272 249 228 211 198 188 181 176 171 168 168 168 169 172 176 181 190 200 213 226 240 250 258 262 264 264 262 261 257 254 250 244 239 238 234 230 226 221 219 216 215 215 215 216 220 224 228 234 239
147 156 161 182 188 189 218 203 225 280 291 398 527 605 632 591 567 574 557 504 451 403 361 326 296 270 247 227 208 194 183 176 170 165 163 165 164 165 169 174 180 188 200 214 229 242 255 263 267 267 264 260 258 255 250 246 241 239 236 231 224 221 220 219 217 216 215 217 218 223 226 229 232 239
