data/layers/Current/bio1.asc
NCOLS 494 
NROWS 529 
XLLCORNER -117.166666666667 
YLLCORNER -55.5 
CELLSIZE 0.166666666666667 
NODATA_value -3.4e+38 
[rows 345 to 367 of 529, columns 364 to 415 of 494]
23.1308536529541 22.6820011138916 22.0638427734375 21.9213237762451 22.0184059143066 21.9672698974609 21.8801460266113 21.683177947998 21.4819488525391 21.2138957977295 21.1664791107178 21.0255928039551 20.8728847503662 20.5687808990479 20.0136032104492 19.5169696807861 19.0901985168457 18.6499481201172 18.3761348724365 18.3137187957764 18.4817390441895 18.86106300354 19.0442295074463 18.988697052002 18.5182495117188 18.2304782867432 17.8315010070801 17.271842956543 17.0419273376465 17.2699375152588 17.683521270752 18.5503120422363 18.8024063110352 18.2004280090332 17.4760627746582 17.4187088012695 17.6489887237549 17.5529479980469 16.5191249847412 16.7380313873291 17.2884693145752 18.8598442077637 19.7819900512695 19.0288543701172 17.9771156311035 18.0111980438232 17.9701766967773 19.5110530853271 18.5584163665771 18.4721050262451 21.2569274902344 22.104528427124
22.933572769165 22.7408123016357 22.035364151001 21.8753547668457 21.8969383239746 21.8757190704346 21.8454170227051 21.6929683685303 21.5694274902344 21.2195320129395 21.0822811126709 20.9877510070801 20.8706035614014 20.4555721282959 19.6992816925049 19.0496673583984 18.6529788970947 18.3367805480957 18.4212608337402 17.8158950805664 17.6928539276123 17.812406539917 17.8152923583984 18.4643230438232 18.4872913360596 18.0704689025879 17.419979095459 17.1281242370605 16.7292404174805 16.4731254577637 16.6325721740723 17.1836776733398 18.1045417785645 18.2214279174805 17.5778656005859 17.5089263916016 17.65793800354 17.5092906951904 17.1454696655273 17.0409069061279 17.9691772460938 18.6240215301514 18.363489151001 18.0610198974609 17.0313129425049 17.3258228302002 18.2962703704834 18.6162185668945 19.3675308227539 20.214822769165 21.9809036254883 21.7283878326416
22.7230625152588 22.4763641357422 22.1569175720215 21.8057594299316 21.8247814178467 21.8486042022705 21.7213859558105 21.7050933837891 21.5608959197998 21.4329261779785 21.1181983947754 21.0281867980957 20.8780422210693 20.4396362304688 19.7029476165771 19.1929378509521 18.9768123626709 18.8221035003662 18.7554168701172 18.2031764984131 18.2770099639893 18.230562210083 17.7159690856934 17.6893329620361 17.4642810821533 17.3961982727051 17.4499683380127 17.3584175109863 16.7666244506836 16.5995311737061 16.1747608184814 16.1161460876465 17.7536239624023 17.773645401001 17.3786869049072 17.4407711029053 17.4720001220703 17.4738445281982 17.4991970062256 16.9003429412842 17.2944469451904 17.8952293395996 17.2569370269775 16.9587707519531 17.4293117523193 17.4242076873779 19.8390522003174 20.7037296295166 21.2926502227783 21.2874431610107 21.969898223877 22.090217590332
22.4880409240723 22.2452812194824 21.8684158325195 21.7248954772949 21.7175827026367 21.6795310974121 21.6733016967773 21.572208404541 21.4770107269287 21.4012393951416 21.3503017425537 21.2325420379639 20.7394790649414 20.3528861999512 20.033073425293 19.6472816467285 19.3543128967285 19.3233966827393 19.034969329834 18.8182601928711 18.7139892578125 18.3537292480469 18.2441673278809 17.9705829620361 17.5469799041748 17.8622188568115 17.9327812194824 17.263801574707 17.0046253204346 16.9202919006348 16.4293956756592 15.8950414657593 17.0417289733887 17.6168956756592 17.2265319824219 17.2794380187988 17.1354160308838 17.2897605895996 17.2342395782471 17.1099071502686 16.6148014068604 16.9791660308838 17.035083770752 17.6756038665771 17.6318340301514 18.5091552734375 20.9592571258545 20.5287628173828 20.999792098999 21.3998336791992 21.728889465332 -3.4e+38
22.2886981964111 22.1327819824219 21.853967666626 21.6458015441895 21.6330413818359 21.6606884002686 21.6112079620361 21.5268440246582 21.4526252746582 21.3820514678955 21.3026466369629 21.3033447265625 20.6815624237061 20.267427444458 19.9841976165771 19.7324066162109 19.544792175293 19.3849067687988 19.14284324646 18.9380321502686 18.7780418395996 18.6223430633545 18.4403858184814 18.3427391052246 17.9899272918701 18.1851768493652 17.4001045227051 17.1573333740234 16.9673118591309 16.5967388153076 15.7898960113525 15.5300312042236 16.0141868591309 16.9134483337402 17.2941665649414 17.0984172821045 16.912467956543 16.953010559082 17.0909900665283 17.1508960723877 16.8650512695312 16.9775104522705 17.1585521697998 17.6141147613525 17.4652080535889 17.9212074279785 19.6404266357422 20.449577331543 20.6992473602295 20.9541664123535 -3.4e+38 -3.4e+38
22.0878028869629 21.6711139678955 21.8161354064941 21.5218238830566 21.5653018951416 21.5072078704834 21.4166660308838 21.2830829620361 21.253791809082 21.1671562194824 21.1060409545898 20.9115104675293 20.3999900817871 19.8578643798828 19.5343551635742 19.4571762084961 19.12717628479 18.988000869751 18.6753025054932 18.5312805175781 18.3318748474121 18.5406150817871 18.185676574707 18.0165100097656 18.1400623321533 18.0793132781982 17.5486450195312 16.878927230835 16.4092388153076 15.8668956756592 15.6752290725708 16.3525314331055 15.9148750305176 16.2659378051758 16.9323863983154 17.1212596893311 16.9910106658936 17.0104999542236 16.9930934906006 16.7596569061279 16.7332077026367 16.7830009460449 16.7512397766113 16.7872505187988 16.804759979248 18.1639175415039 20.0385417938232 20.1148662567139 20.5720825195312 -3.4e+38 -3.4e+38 -3.4e+38
22.0396041870117 21.6614894866943 21.4094161987305 21.3915843963623 21.2920627593994 21.2765426635742 21.1430625915527 21.150260925293 21.2449169158936 21.0769691467285 20.9589691162109 20.8721866607666 20.4146041870117 19.9302597045898 19.3195419311523 18.8950309753418 18.7134475708008 18.7197399139404 18.3414058685303 18.0187091827393 17.9966869354248 18.3150310516357 18.2453956604004 17.5346050262451 17.2260723114014 17.1745414733887 17.1745414733887 16.2790203094482 16.6514167785645 16.353479385376 16.7284889221191 16.3662090301514 15.8469686508179 16.4336032867432 16.8512802124023 17.01735496521 17.0143222808838 16.8736667633057 16.6729068756104 16.7076778411865 16.8174266815186 16.79296875 16.6229801177979 16.4170112609863 16.4370002746582 17.4003429412842 20.4873390197754 20.7014961242676 -3.4e+38 -3.4e+38 -3.4e+38 -3.4e+38
21.9913959503174 21.982458114624 21.9113750457764 21.8367404937744 21.3797302246094 21.0400619506836 21.0450305938721 21.1370944976807 21.1184902191162 20.9384479522705 20.8346881866455 20.6159801483154 20.1261043548584 19.61159324646 19.0410938262939 18.6697387695312 18.1898441314697 18.4933338165283 18.3644371032715 17.7533740997314 18.0311450958252 17.9889278411865 17.8770942687988 17.8179264068604 17.0387191772461 16.4483013153076 16.4612503051758 16.7735939025879 16.2363548278809 16.6740417480469 16.8712711334229 16.8130626678467 16.4912490844727 16.3601245880127 16.9585933685303 16.9905109405518 16.9269371032715 16.7932090759277 16.6536464691162 16.6723537445068 16.5755729675293 16.3330516815186 16.3342189788818 16.3878650665283 16.5716247558594 18.4784488677979 20.5340900421143 20.6933536529541 -3.4e+38 -3.4e+38 -3.4e+38 -3.4e+38
21.9824485778809 21.929801940918 21.8625411987305 21.6875514984131 21.650520324707 21.5268440246582 21.101655960083 20.750020980835 20.646541595459 20.7233333587646 20.7627925872803 20.4966983795166 20.0624580383301 19.6084575653076 18.8776149749756 18.3542289733887 17.8519897460938 17.8601665496826 17.9578857421875 17.6416778564453 17.6581878662109 17.4611663818359 17.3226051330566 17.3175315856934 17.0561141967773 16.4795112609863 15.9722290039062 15.8360214233398 15.9931669235229 15.7429580688477 15.8709268569946 16.4533443450928 16.7924270629883 17.0385837554932 16.9587497711182 16.7956352233887 16.7055416107178 16.6191463470459 16.4879894256592 16.2043743133545 16.3586673736572 16.3636665344238 16.3969993591309 16.0740203857422 17.1325836181641 20.2954063415527 20.6335182189941 20.7193489074707 20.658332824707 -3.4e+38 -3.4e+38 -3.4e+38
21.9375419616699 21.9241676330566 21.6944999694824 21.7708435058594 21.5482597351074 20.8925724029541 20.886739730835 21.0811977386475 20.9501972198486 20.833625793457 20.8050308227539 20.4919586181641 20.0371570587158 19.3071250915527 18.7544784545898 18.1583023071289 18.1762390136719 18.1139583587646 18.2412395477295 17.5550727844238 17.2283229827881 17.414249420166 17.4610424041748 17.0911464691162 16.7212715148926 16.4112281799316 15.997145652771 15.7361040115356 15.2224273681641 15.2836561203003 15.3315420150757 15.7356462478638 15.5678119659424 16.0983753204346 16.3345108032227 15.9100933074951 16.4212398529053 16.6326141357422 16.5366153717041 16.1001453399658 15.8471870422363 15.961802482605 16.3277282714844 18.8703746795654 19.78737449646 20.47043800354 20.6013431549072 20.622407913208 -3.4e+38 -3.4e+38 -3.4e+38 -3.4e+38
21.8899898529053 21.8202285766602 21.7690315246582 21.7461776733398 21.5249271392822 21.1175727844238 21.2725105285645 21.3075733184814 21.3171558380127 21.0863227844238 20.8259696960449 20.2155113220215 19.8689785003662 19.1417293548584 18.5948963165283 18.2624473571777 18.5873851776123 18.4127292633057 18.7075729370117 18.4634475708008 17.9990425109863 18.1593856811523 18.0982608795166 18.0678234100342 17.4740619659424 16.887134552002 15.9405517578125 15.5272083282471 15.0588121414185 14.8043441772461 15.0516872406006 15.4158849716187 15.0538234710693 14.884729385376 15.4854898452759 15.403208732605 15.5669689178467 16.4647922515869 17.2187194824219 17.0123233795166 15.91712474823 15.7915830612183 16.2937717437744 18.0678539276123 19.5200614929199 20.0536766052246 20.3654003143311 20.5248107910156 -3.4e+38 -3.4e+38 -3.4e+38 -3.4e+38
21.810417175293 21.7476558685303 21.7015209197998 21.5621776580811 21.2571868896484 21.4212818145752 21.3991050720215 21.5709896087646 21.408239364624 21.1762714385986 20.7730312347412 20.1059169769287 19.2265319824219 18.8889274597168 18.9054470062256 18.7789268493652 18.7583332061768 18.6569061279297 19.0343132019043 18.6915111541748 18.4365730285645 18.7542819976807 18.7689895629883 18.6191558837891 17.7910633087158 17.0478324890137 16.4873027801514 15.9578332901001 15.1933546066284 14.7727289199829 14.8141040802002 15.1548538208008 15.4252920150757 15.2211036682129 14.5869789123535 14.6273956298828 14.6008958816528 15.7663230895996 16.89670753479 17.3530521392822 17.2117595672607 16.2448959350586 17.5395927429199 19.2667293548584 19.431884765625 19.2780513763428 20.0996799468994 20.1300315856934 -3.4e+38 -3.4e+38 -3.4e+38 -3.4e+38
21.7037715911865 21.656135559082 21.5671043395996 21.4012393951416 21.3391761779785 21.4541454315186 21.6353130340576 21.65842628479 21.4528026580811 20.9179782867432 20.4291458129883 19.8909797668457 19.2349071502686 19.1421871185303 19.1571559906006 19.0730838775635 19.161750793457 18.8781871795654 19.195613861084 18.8311767578125 18.8332500457764 19.2236347198486 18.9312286376953 18.2203330993652 17.6332607269287 17.0745105743408 16.533332824707 15.8254585266113 15.5391254425049 15.4409370422363 16.1244792938232 16.0721988677979 16.0976142883301 15.3311252593994 15.1744899749756 14.8265829086304 14.6596355438232 15.4533233642578 16.8423023223877 17.1769580841064 17.788990020752 16.9695625305176 17.8733959197998 19.4192295074463 19.7788124084473 19.8547706604004 20.0400409698486 19.9445991516113 -3.4e+38 -3.4e+38 -3.4e+38 -3.4e+38
21.5952091217041 21.5884056091309 21.528959274292 21.324312210083 21.357385635376 21.5252075195312 21.5281867980957 21.3144054412842 21.1333446502686 20.4104900360107 19.6951465606689 19.4699687957764 19.3853645324707 19.6269588470459 19.298885345459 19.5760726928711 19.6025104522705 19.199239730835 19.4449272155762 19.3194789886475 19.2752914428711 19.2061977386475 18.5429782867432 18.4493637084961 18.302770614624 17.6892700195312 17.6427192687988 17.12890625 16.7405624389648 16.5815734863281 17.1011981964111 16.6993541717529 16.2138862609863 15.3668441772461 15.6353225708008 15.3895416259766 14.8732814788818 15.9693441390991 17.2340621948242 17.7950210571289 17.6610622406006 18.1519069671631 18.5029067993164 17.5540523529053 17.9278430938721 19.498104095459 19.1205101013184 19.608154296875 19.9027786254883 -3.4e+38 -3.4e+38 -3.4e+38
21.5020313262939 21.5937194824219 21.5335731506348 21.3878231048584 21.1541881561279 21.3793334960938 21.2586879730225 20.8744888305664 20.3723430633545 20.2941150665283 20.2293949127197 20.0051460266113 19.7673435211182 20.0103549957275 19.9451885223389 19.5779056549072 19.4629383087158 19.480396270752 19.1769905090332 19.3972091674805 19.0240631103516 19.1160945892334 18.8601665496826 18.658260345459 18.9457817077637 18.8319683074951 18.3050212860107 17.841438293457 17.4461460113525 17.5450630187988 16.8933544158936 16.1439170837402 15.5377082824707 15.6371040344238 15.8937397003174 15.2988433837891 14.8710412979126 15.0281248092651 16.945104598999 18.0538330078125 17.9401969909668 17.4875831604004 16.8956871032715 17.5231876373291 18.2296047210693 19.0982398986816 19.5822601318359 19.757532119751 19.7443180084229 20.3250007629395 -3.4e+38 -3.4e+38
21.5536556243896 21.519603729248 21.3576240539551 21.3613433837891 21.2683849334717 21.0991668701172 21.0744686126709 20.7883129119873 20.3748550415039 20.385124206543 20.4266872406006 20.3492298126221 20.4611034393311 20.3686561584473 19.9189071655273 19.5423011779785 19.1433429718018 19.1623859405518 18.8439693450928 19.28684425354 18.8712387084961 18.3756675720215 18.4221458435059 18.0128116607666 18.1238231658936 18.3144798278809 18.3034992218018 18.4178848266602 18.0066986083984 17.3870315551758 16.7738342285156 16.300760269165 15.8948230743408 15.7734375 16.0358963012695 15.5552186965942 15.4329996109009 15.4122190475464 15.7494373321533 16.7069263458252 17.4527492523193 17.5477600097656 16.6569786071777 16.6844902038574 17.0022087097168 18.0148220062256 18.9281883239746 19.5535354614258 19.8477191925049 -3.4e+38 -3.4e+38 -3.4e+38
21.3664588928223 21.2496566772461 21.1654167175293 21.0125007629395 21.123083114624 20.8061466217041 20.6035003662109 20.4627704620361 20.3411254882812 20.5806255340576 20.6543235778809 20.6362400054932 20.3631553649902 20.2453956604004 19.9300727844238 19.2553539276123 19.0884265899658 18.8928127288818 18.5926761627197 18.9089794158936 19.1116046905518 18.4560737609863 18.258092880249 18.0445003509521 17.4869995117188 17.6255321502686 17.8175106048584 18.2354679107666 17.9067707061768 17.3033237457275 17.1921882629395 16.6978549957275 16.2914161682129 16.4284381866455 15.969687461853 15.4664373397827 15.6775722503662 15.6345834732056 15.7454376220703 15.6693544387817 16.0472087860107 16.9105415344238 16.7450733184814 15.898458480835 16.5989265441895 17.3101253509521 19.1924476623535 19.9269771575928 19.61594581604 -3.4e+38 -3.4e+38 -3.4e+38
21.1407089233398 21.1628856658936 21.0726661682129 20.9024066925049 20.8193855285645 20.6206665039062 20.6007709503174 20.61887550354 20.7055416107178 20.6788654327393 20.332124710083 20.3493747711182 20.1894588470459 19.9249992370605 19.8836555480957 19.2277393341064 18.8794479370117 18.5935306549072 18.359302520752 18.6080627441406 19.0376987457275 18.6027603149414 18.0577297210693 18.0234375 17.7586345672607 17.4528541564941 17.7757816314697 17.9734992980957 17.5878124237061 17.0026149749756 16.8783645629883 16.7519378662109 16.2820930480957 15.9369478225708 16.0282077789307 15.9680624008179 15.6347503662109 15.7016563415527 15.411208152771 15.3435001373291 15.6782083511353 15.3606557846069 15.7118330001831 15.7056045532227 15.3431768417358 17.0933132171631 17.9711456298828 19.492130279541 19.7333335876465 -3.4e+38 -3.4e+38 -3.4e+38
21.0569477081299 21.052978515625 20.9326457977295 20.7799072265625 20.8744888305664 20.7621154785156 20.8025302886963 20.9156970977783 20.7000102996826 20.6636447906494 20.2744579315186 20.015739440918 19.824010848999 19.6644477844238 19.4681987762451 19.1157817840576 18.712833404541 18.5093116760254 18.3368949890137 18.3532810211182 18.9029693603516 18.4913864135742 17.8976974487305 17.8045825958252 17.6042499542236 17.4553642272949 17.820291519165 17.7625827789307 17.5182609558105 16.8657283782959 16.58376121521 16.249792098999 16.4497299194336 16.0675735473633 15.7994270324707 15.6661043167114 15.6157608032227 15.2628545761108 14.4604787826538 13.668906211853 14.7824268341064 14.733437538147 13.7166042327881 15.5004167556763 16.53293800354 16.5454578399658 18.1706867218018 19.8702411651611 20.2416667938232 -3.4e+38 -3.4e+38 -3.4e+38
20.9790000915527 20.9346046447754 20.8153324127197 20.7549686431885 20.8176250457764 20.8774471282959 20.8850002288818 20.7860736846924 20.6736450195312 20.4437713623047 20.2925109863281 20.0036773681641 19.6382598876953 19.3817806243896 19.2773017883301 19.0724792480469 18.9365005493164 18.591625213623 18.4269695281982 18.2431983947754 18.4567184448242 18.3117599487305 17.9640827178955 17.6859264373779 17.5663757324219 17.4218330383301 17.560396194458 17.5306568145752 17.2459697723389 17.1304378509521 16.4996032714844 16.2462196350098 16.0517501831055 16.2582187652588 16.181791305542 15.7769994735718 15.390531539917 15.0036249160767 14.9578437805176 14.3504791259766 13.4788646697998 13.1513643264771 14.9635725021362 18.0396041870117 18.4541568756104 18.1137504577637 19.3782978057861 19.9262504577637 -3.4e+38 -3.4e+38 -3.4e+38 -3.4e+38
20.8471145629883 20.812479019165 20.7343235015869 20.7336044311523 20.7863636016846 20.7863540649414 20.6937599182129 20.6593856811523 20.3843860626221 20.2892608642578 20.228666305542 20.1932601928711 19.9320735931396 19.721040725708 19.6252498626709 19.4902400970459 19.3089370727539 18.9832820892334 18.6084575653076 18.3668117523193 18.3116569519043 18.2129173278809 18.06032371521 17.8855724334717 17.5841979980469 17.2570934295654 17.0099468231201 16.7071571350098 16.5600414276123 16.6179904937744 16.5382614135742 16.3099784851074 16.0700721740723 16.0338020324707 16.2758026123047 16.0957813262939 15.6795206069946 15.5011558532715 14.8687601089478 13.8254995346069 13.1485414505005 13.4581251144409 17.9402713775635 18.8028125762939 19.1038436889648 19.1238594055176 19.6329135894775 20.0534725189209 -3.4e+38 -3.4e+38 -3.4e+38 -3.4e+38
20.7121143341064 20.7005615234375 20.6841983795166 20.7237186431885 20.7372817993164 20.7374172210693 20.595760345459 20.4321250915527 20.3545837402344 20.1160621643066 19.9126873016357 19.8961143493652 19.7904586791992 19.73264503479 19.611270904541 19.4319267272949 19.0694370269775 18.8266468048096 18.5675010681152 18.536937713623 18.4975414276123 18.4027080535889 18.2586154937744 18.1801986694336 18.0304889678955 17.6623649597168 17.1035099029541 16.9526138305664 16.8490104675293 16.6183223724365 16.8471660614014 16.6013965606689 16.2092914581299 16.0516357421875 16.1058025360107 16.1998329162598 16.0932502746582 15.8098440170288 15.1129064559937 14.5695209503174 14.2475309371948 14.2824268341064 18.3933219909668 18.8733329772949 19.2307395935059 19.9168319702148 20.0638637542725 -3.4e+38 -3.4e+38 -3.4e+38 -3.4e+38 -3.4e+38
20.5962181091309 20.627405166626 20.6620006561279 20.6771984100342 20.6471138000488 20.5446357727051 20.4741973876953 20.3104057312012 20.1643218994141 20.1195526123047 20.0078220367432 19.8503017425537 19.6057090759277 19.4206142425537 19.3524894714355 19.1763439178467 18.9586448669434 18.7787284851074 18.6436462402344 18.7704696655273 18.7154998779297 18.6124477386475 18.5356884002686 18.1760311126709 17.6421241760254 17.7642707824707 17.6943950653076 17.4220409393311 16.934009552002 16.8286361694336 17.0524158477783 16.7669162750244 16.4140529632568 16.1760311126709 15.9877710342407 15.9702291488647 15.9770107269287 15.582896232605 14.9773645401001 14.3840312957764 14.6972808837891 17.3155422210693 18.9689788818359 19.3068752288818 19.6735935211182 20.20534324646 20.2126121520996 -3.4e+38 -3.4e+38 -3.4e+38 -3.4e+38 -3.4e+38
