data/layers/Current/bio10.asc
NCOLS 494 
NROWS 529 
XLLCORNER -117.166666666667 
YLLCORNER -55.5 
CELLSIZE 0.166666666666667 
NODATA_value -3.4e+38 
[rows 69 to 91 of 529, columns 104 to 155 of 494]
21.6009159088135 21.1124992370605 23.6086254119873 24.2091255187988 23.1539173126221 24.9068336486816 25.4027919769287 25.5429172515869 26.6609592437744 26.8956260681152 27.1942920684814 26.8682918548584 27.0456237792969 27.0801658630371 27.5356788635254 27.5750007629395 -3.4e+38 -3.4e+38 -3.4e+38 -3.4e+38 -3.4e+38 -3.4e+38 -3.4e+38 -3.4e+38 -3.4e+38 -3.4e+38 -3.4e+38 -3.4e+38 -3.4e+38 -3.4e+38 -3.4e+38 -3.4e+38 -3.4e+38 -3.4e+38 -3.4e+38 -3.4e+38 -3.4e+38 -3.4e+38 -3.4e+38 -3.4e+38 -3.4e+38 -3.4e+38 -3.4e+38 -3.4e+38 -3.4e+38 -3.4e+38 -3.4e+38 -3.4e+38 -3.4e+38 -3.4e+38 -3.4e+38 -3.4e+38
21.5898323059082 19.4135837554932 22.4239158630371 21.0788745880127 23.9043750762939 21.2322082519531 23.2445831298828 23.2346248626709 25.3207092285156 25.3377494812012 25.3102512359619 26.8006248474121 27.5162086486816 27.6083755493164 27.6149578094482 27.5271148681641 -3.4e+38 -3.4e+38 -3.4e+38 -3.4e+38 -3.4e+38 -3.4e+38 -3.4e+38 -3.4e+38 -3.4e+38 -3.4e+38 -3.4e+38 -3.4e+38 -3.4e+38 -3.4e+38 -3.4e+38 -3.4e+38 -3.4e+38 -3.4e+38 -3.4e+38 -3.4e+38 -3.4e+38 -3.4e+38 -3.4e+38 -3.4e+38 -3.4e+38 -3.4e+38 -3.4e+38 -3.4e+38 -3.4e+38 29.0666675567627 -3.4e+38 -3.4e+38 -3.4e+38 -3.4e+38 -3.4e+38 -3.4e+38
19.6520004272461 19.7268753051758 21.0372085571289 19.8114166259766 20.6359176635742 22.8581676483154 20.5959167480469 22.0949993133545 23.1857089996338 24.1514167785645 25.2263336181641 26.0193748474121 26.4325828552246 27.1482925415039 27.3559989929199 27.5651607513428 -3.4e+38 -3.4e+38 -3.4e+38 -3.4e+38 -3.4e+38 -3.4e+38 -3.4e+38 -3.4e+38 -3.4e+38 -3.4e+38 -3.4e+38 -3.4e+38 -3.4e+38 -3.4e+38 -3.4e+38 -3.4e+38 -3.4e+38 -3.4e+38 -3.4e+38 -3.4e+38 -3.4e+38 -3.4e+38 -3.4e+38 -3.4e+38 -3.4e+38 -3.4e+38 -3.4e+38 -3.4e+38 -3.4e+38 -3.4e+38 -3.4e+38 -3.4e+38 -3.4e+38 -3.4e+38 -3.4e+38 -3.4e+38
20.687292098999 21.388500213623 20.812707901001 19.896333694458 19.99387550354 21.4617080688477 21.398250579834 19.7912921905518 20.6535415649414 22.7205429077148 23.7005424499512 25.4617919921875 25.9367504119873 26.9639587402344 27.2490005493164 27.3176288604736 27.5393123626709 -3.4e+38 -3.4e+38 -3.4e+38 -3.4e+38 -3.4e+38 -3.4e+38 -3.4e+38 -3.4e+38 -3.4e+38 -3.4e+38 -3.4e+38 -3.4e+38 -3.4e+38 -3.4e+38 -3.4e+38 -3.4e+38 -3.4e+38 -3.4e+38 -3.4e+38 -3.4e+38 -3.4e+38 -3.4e+38 -3.4e+38 -3.4e+38 -3.4e+38 -3.4e+38 -3.4e+38 -3.4e+38 -3.4e+38 -3.4e+38 -3.4e+38 -3.4e+38 -3.4e+38 -3.4e+38 -3.4e+38
19.4113330841064 18.6165008544922 19.1712913513184 19.8255844116211 19.3752918243408 19.0591239929199 20.3312492370605 20.3042907714844 17.4543323516846 20.4336242675781 21.8428745269775 24.0502510070801 25.3627090454102 26.8029594421387 27.1268749237061 27.3057918548584 27.496150970459 27.5066680908203 -3.4e+38 -3.4e+38 -3.4e+38 -3.4e+38 -3.4e+38 -3.4e+38 -3.4e+38 -3.4e+38 -3.4e+38 -3.4e+38 -3.4e+38 -3.4e+38 -3.4e+38 -3.4e+38 -3.4e+38 -3.4e+38 -3.4e+38 -3.4e+38 -3.4e+38 -3.4e+38 -3.4e+38 -3.4e+38 -3.4e+38 -3.4e+38 -3.4e+38 -3.4e+38 -3.4e+38 -3.4e+38 -3.4e+38 -3.4e+38 -3.4e+38 -3.4e+38 -3.4e+38 -3.4e+38
17.7987079620361 17.0062084197998 17.9242076873779 18.7949161529541 18.5865421295166 18.5315837860107 17.3206253051758 18.3649578094482 18.3193321228027 17.5419578552246 20.4733333587646 22.1915836334229 24.2972087860107 26.4972915649414 27.1784591674805 27.2847919464111 27.4657497406006 27.5303039550781 27.4419689178467 -3.4e+38 -3.4e+38 -3.4e+38 -3.4e+38 -3.4e+38 -3.4e+38 -3.4e+38 -3.4e+38 -3.4e+38 -3.4e+38 -3.4e+38 -3.4e+38 -3.4e+38 -3.4e+38 -3.4e+38 -3.4e+38 -3.4e+38 -3.4e+38 -3.4e+38 -3.4e+38 -3.4e+38 -3.4e+38 -3.4e+38 -3.4e+38 -3.4e+38 -3.4e+38 -3.4e+38 -3.4e+38 28.8500003814697 -3.4e+38 -3.4e+38 -3.4e+38 -3.4e+38
16.0143756866455 16.1597499847412 17.9831676483154 18.1955833435059 17.5794162750244 17.2089576721191 16.5845413208008 14.8852920532227 16.7932510375977 16.2940425872803 16.558666229248 19.8788757324219 22.7134170532227 24.2049999237061 25.4909172058105 26.0422096252441 27.1497077941895 27.2084159851074 27.0975875854492 27.4344444274902 -3.4e+38 -3.4e+38 -3.4e+38 -3.4e+38 -3.4e+38 -3.4e+38 -3.4e+38 -3.4e+38 -3.4e+38 -3.4e+38 -3.4e+38 -3.4e+38 -3.4e+38 -3.4e+38 -3.4e+38 -3.4e+38 -3.4e+38 -3.4e+38 -3.4e+38 -3.4e+38 -3.4e+38 -3.4e+38 -3.4e+38 -3.4e+38 -3.4e+38 -3.4e+38 -3.4e+38 -3.4e+38 -3.4e+38 -3.4e+38 -3.4e+38 -3.4e+38
14.8239164352417 15.2832908630371 16.7348327636719 17.7767086029053 17.5073757171631 17.2875003814697 16.9281253814697 15.6136665344238 14.525541305542 14.6537084579468 14.9806251525879 17.345832824707 19.1824169158936 19.0139999389648 20.1847496032715 22.94704246521 24.6529159545898 25.4044990539551 25.8334999084473 26.512487411499 27.0672836303711 -3.4e+38 -3.4e+38 -3.4e+38 -3.4e+38 -3.4e+38 -3.4e+38 -3.4e+38 -3.4e+38 -3.4e+38 -3.4e+38 -3.4e+38 -3.4e+38 -3.4e+38 -3.4e+38 -3.4e+38 -3.4e+38 -3.4e+38 -3.4e+38 -3.4e+38 -3.4e+38 -3.4e+38 -3.4e+38 -3.4e+38 -3.4e+38 -3.4e+38 -3.4e+38 -3.4e+38 -3.4e+38 -3.4e+38 -3.4e+38 -3.4e+38
14.3623332977295 14.163875579834 15.8323745727539 17.2240409851074 17.8432083129883 17.5999584197998 16.8210010528564 15.9348335266113 15.2197914123535 13.844708442688 14.2797918319702 15.1699171066284 16.0358753204346 15.6397085189819 14.6422910690308 17.0432910919189 19.359582901001 18.4303340911865 20.3320007324219 25.1137504577637 26.7502536773682 -3.4e+38 -3.4e+38 -3.4e+38 -3.4e+38 -3.4e+38 -3.4e+38 -3.4e+38 -3.4e+38 -3.4e+38 -3.4e+38 -3.4e+38 -3.4e+38 -3.4e+38 -3.4e+38 -3.4e+38 -3.4e+38 -3.4e+38 -3.4e+38 -3.4e+38 -3.4e+38 -3.4e+38 -3.4e+38 -3.4e+38 -3.4e+38 -3.4e+38 -3.4e+38 -3.4e+38 -3.4e+38 -3.4e+38 -3.4e+38 -3.4e+38
15.1545839309692 13.5690422058105 13.7639589309692 17.5009174346924 18.058874130249 18.283166885376 15.9042081832886 15.4661254882812 15.8236246109009 15.5717086791992 14.355541229248 14.5558748245239 14.6611251831055 15.7617502212524 15.0717916488647 15.2627506256104 14.029333114624 20.6888751983643 23.7749176025391 26.0227928161621 26.8138256072998 -3.4e+38 -3.4e+38 -3.4e+38 -3.4e+38 -3.4e+38 -3.4e+38 -3.4e+38 -3.4e+38 -3.4e+38 -3.4e+38 -3.4e+38 -3.4e+38 -3.4e+38 -3.4e+38 -3.4e+38 -3.4e+38 -3.4e+38 -3.4e+38 -3.4e+38 -3.4e+38 -3.4e+38 -3.4e+38 -3.4e+38 -3.4e+38 -3.4e+38 -3.4e+38 -3.4e+38 -3.4e+38 -3.4e+38 -3.4e+38 -3.4e+38
14.994833946228 15.0938749313354 13.7869167327881 17.2011661529541 19.0162086486816 18.5520839691162 13.1040830612183 14.2197914123535 15.9964580535889 16.0499591827393 16.0084590911865 15.3386249542236 14.7255001068115 16.0028743743896 16.2900009155273 14.1059589385986 16.2692489624023 22.4312915802002 24.5788745880127 26.7204990386963 27.1316661834717 27.079761505127 -3.4e+38 -3.4e+38 -3.4e+38 -3.4e+38 -3.4e+38 -3.4e+38 -3.4e+38 -3.4e+38 -3.4e+38 -3.4e+38 -3.4e+38 -3.4e+38 -3.4e+38 -3.4e+38 -3.4e+38 -3.4e+38 -3.4e+38 -3.4e+38 -3.4e+38 -3.4e+38 -3.4e+38 -3.4e+38 -3.4e+38 -3.4e+38 -3.4e+38 -3.4e+38 -3.4e+38 -3.4e+38 -3.4e+38 -3.4e+38
13.7649164199829 15.4369583129883 14.4710836410522 14.0395832061768 17.4848327636719 18.4697074890137 14.205041885376 13.0176248550415 17.8701248168945 17.6880416870117 13.2683334350586 14.7607498168945 16.1860828399658 15.9702081680298 14.943208694458 11.9905834197998 17.1955833435059 22.3377494812012 25.121166229248 26.8543739318848 27.386791229248 27.4196815490723 28.0602149963379 -3.4e+38 -3.4e+38 -3.4e+38 -3.4e+38 -3.4e+38 -3.4e+38 -3.4e+38 -3.4e+38 -3.4e+38 -3.4e+38 -3.4e+38 -3.4e+38 -3.4e+38 -3.4e+38 -3.4e+38 -3.4e+38 -3.4e+38 -3.4e+38 -3.4e+38 -3.4e+38 -3.4e+38 -3.4e+38 -3.4e+38 -3.4e+38 -3.4e+38 -3.4e+38 -3.4e+38 -3.4e+38 -3.4e+38
11.5941667556763 15.0132503509521 14.6312084197998 14.125207901001 14.5178756713867 16.4838752746582 15.3484172821045 11.690333366394 18.1300010681152 18.8703327178955 16.6535835266113 15.961124420166 16.091625213623 14.9989166259766 13.5137910842896 9.43012523651123 17.1425838470459 21.7940406799316 24.9807929992676 27.015417098999 27.64674949646 27.5712509155273 27.5442676544189 27.4051723480225 -3.4e+38 -3.4e+38 -3.4e+38 -3.4e+38 -3.4e+38 -3.4e+38 -3.4e+38 -3.4e+38 -3.4e+38 -3.4e+38 -3.4e+38 -3.4e+38 -3.4e+38 -3.4e+38 -3.4e+38 -3.4e+38 -3.4e+38 -3.4e+38 -3.4e+38 -3.4e+38 -3.4e+38 -3.4e+38 -3.4e+38 -3.4e+38 -3.4e+38 -3.4e+38 -3.4e+38 -3.4e+38
17.5003337860107 18.9835834503174 20.3893337249756 22.7260837554932 23.6222915649414 23.0180416107178 18.2663326263428 17.3794574737549 20.5707492828369 19.2812080383301 18.7382507324219 18.3374576568604 18.2477493286133 15.6397085189819 13.9060001373291 12.4795837402344 20.6139583587646 23.1237506866455 25.546875 27.2661247253418 27.8100833892822 27.7636661529541 27.7721252441406 27.7709655761719 -3.4e+38 -3.4e+38 -3.4e+38 -3.4e+38 -3.4e+38 -3.4e+38 -3.4e+38 -3.4e+38 -3.4e+38 -3.4e+38 -3.4e+38 -3.4e+38 -3.4e+38 -3.4e+38 -3.4e+38 -3.4e+38 -3.4e+38 -3.4e+38 -3.4e+38 -3.4e+38 -3.4e+38 -3.4e+38 -3.4e+38 -3.4e+38 -3.4e+38 -3.4e+38 28.7927265167236 28.8196773529053
20.6702499389648 22.8391666412354 25.7854175567627 26.4868335723877 25.8734588623047 25.3835830688477 23.740291595459 23.0970420837402 23.0971260070801 22.3467502593994 21.8762912750244 20.2616672515869 19.2503757476807 16.2943744659424 14.6986665725708 16.9276676177979 18.6348342895508 23.4884166717529 26.1582908630371 27.5749588012695 27.9682083129883 28.0891666412354 27.9493751525879 27.787015914917 27.7005767822266 27.8265209197998 28.0287132263184 27.7534408569336 27.6595230102539 -3.4e+38 -3.4e+38 -3.4e+38 -3.4e+38 -3.4e+38 -3.4e+38 -3.4e+38 -3.4e+38 -3.4e+38 -3.4e+38 -3.4e+38 -3.4e+38 -3.4e+38 -3.4e+38 -3.4e+38 -3.4e+38 28.8673057556152 28.8798942565918 28.910493850708 28.9608097076416 29.0723819732666 28.865686416626 28.748104095459
19.0735416412354 22.0831661224365 25.9065418243408 27.6332931518555 26.9186668395996 25.8514595031738 26.6092910766602 25.525541305542 24.7487907409668 25.09983253479 24.1830005645752 21.6649169921875 18.7877082824707 19.3035411834717 17.9201259613037 13.378999710083 15.5439167022705 23.250207901001 26.1568336486816 27.6887493133545 28.2331237792969 28.2463760375977 28.1643333435059 27.908332824707 27.938793182373 28.0301666259766 28.0649566650391 25.6325416564941 26.2526245117188 27.864860534668 28.0433330535889 -3.4e+38 -3.4e+38 -3.4e+38 -3.4e+38 -3.4e+38 -3.4e+38 -3.4e+38 -3.4e+38 -3.4e+38 -3.4e+38 -3.4e+38 28.5370178222656 28.6558799743652 28.6456260681152 28.6389999389648 28.6587619781494 28.7454967498779 29.2516250610352 29.5 29.0288143157959 28.9095516204834
23.5741653442383 25.7174987792969 24.8383331298828 24.6383743286133 26.8533344268799 25.6149997711182 27.144624710083 25.3234577178955 26.038875579834 26.0197067260742 22.6215000152588 21.5995407104492 20.2429161071777 18.2243747711182 22.3937492370605 22.1268749237061 16.1372509002686 21.7884998321533 27.2989158630371 27.5817909240723 28.1971664428711 28.4810409545898 28.3958740234375 28.1751670837402 28.1665420532227 28.2899589538574 28.2811660766602 27.7075843811035 26.6476249694824 25.2782917022705 27.0563068389893 -3.4e+38 -3.4e+38 -3.4e+38 -3.4e+38 -3.4e+38 28.4250011444092 28.4405994415283 28.494270324707 28.5712299346924 28.4467029571533 28.4530010223389 28.5619926452637 28.6422920227051 28.6752910614014 28.6664581298828 28.650333404541 28.7851257324219 28.7723159790039 29.0038108825684 29.0995407104492 28.9795837402344
25.2560424804688 28.3846244812012 27.6805419921875 26.4194164276123 27.460542678833 26.6432495117188 26.6203346252441 26.7852077484131 26.5294990539551 26.0904178619385 25.0007915496826 24.2761669158936 23.0636253356934 21.1525840759277 21.5716247558594 26.6887092590332 21.167667388916 19.7839584350586 25.1575412750244 27.8261661529541 27.9033737182617 28.4809989929199 28.4629592895508 28.2424163818359 28.5355834960938 28.5839996337891 28.6475830078125 28.681791305542 27.0966663360596 25.8082084655762 27.2558746337891 28.1646976470947 -3.4e+38 28.1355075836182 28.2073192596436 28.2578468322754 28.3862991333008 28.5825538635254 28.5450420379639 28.5839576721191 28.5795001983643 28.4574584960938 28.5643329620361 28.7172088623047 28.7634162902832 28.7649574279785 28.8172492980957 28.7980422973633 28.7952919006348 28.9002075195312 28.9252090454102 28.9018745422363
28.1202087402344 28.531457901001 27.330041885376 26.7752075195312 27.9025001525879 26.4082088470459 26.8181247711182 26.6831665039062 26.636417388916 26.7461242675781 26.2682495117188 24.9565830230713 22.5153751373291 18.7925834655762 22.3169174194336 23.3262100219727 26.6647491455078 22.0697917938232 23.2139587402344 25.9137916564941 28.1959991455078 28.106876373291 28.4117908477783 28.5211658477783 28.7332916259766 28.7514991760254 28.8352088928223 28.7375411987305 28.5120410919189 28.2757911682129 28.3792495727539 28.2860813140869 28.2042121887207 28.062915802002 28.2437915802002 28.2537498474121 28.4093341827393 28.6265830993652 28.6551246643066 28.5533752441406 28.6440010070801 28.7403335571289 28.7095832824707 28.775333404541 28.9124164581299 28.9799575805664 29.0042915344238 28.9149589538574 28.8938751220703 28.9494590759277 28.9598751068115 28.9236660003662
26.6041660308838 28.4316673278809 28.0044174194336 27.1019992828369 27.5457077026367 26.4692077636719 25.5415000915527 26.0294589996338 25.4722080230713 25.7848339080811 25.4897918701172 23.4279174804688 22.2836666107178 17.5288753509521 19.1532497406006 19.0056667327881 26.1114158630371 24.8895416259766 20.8444595336914 24.9184589385986 26.4074172973633 27.3255004882812 27.8448333740234 28.5297508239746 28.7434158325195 28.5096263885498 28.3603763580322 28.4104995727539 28.3797492980957 28.1833763122559 28.2556247711182 28.2962093353271 28.1448745727539 28.1832504272461 28.3089580535889 28.4270420074463 28.5222072601318 28.5413341522217 28.4852924346924 28.5275840759277 28.652458190918 28.8691673278809 28.9011669158936 28.9932498931885 29.0540828704834 29.060375213623 29.0536251068115 28.9809169769287 28.9680004119873 28.9852504730225 28.9661254882812 28.9712505340576
23.7605419158936 26.855375289917 24.4140434265137 24.7163753509521 24.0746669769287 25.4630012512207 24.2024593353271 25.4008750915527 24.2818756103516 24.2886657714844 24.8285827636719 22.8698329925537 23.0246658325195 19.2919158935547 18.3409175872803 17.4757080078125 22.4777927398682 24.855583190918 19.7455825805664 22.63108253479 24.9205837249756 26.8861675262451 26.9129600524902 28.2579574584961 28.3917922973633 28.3020839691162 28.2057495117188 28.1777496337891 28.0475006103516 28.0854587554932 28.1475830078125 28.1782913208008 28.2434177398682 28.2342910766602 28.3325843811035 28.4870414733887 28.4943332672119 28.3982086181641 28.3275833129883 28.4224586486816 28.5477085113525 28.693208694458 28.8262920379639 28.9440002441406 29.0522918701172 29.0711250305176 29.0457496643066 29.0579166412354 29.0236263275146 29.0129165649414 29.0431251525879 28.9848327636719
21.9525833129883 22.6200008392334 24.5874996185303 23.6833744049072 23.3682918548584 23.2435417175293 23.0605411529541 25.4655838012695 25.2582511901855 23.9562492370605 24.0602912902832 21.9453754425049 20.9787502288818 18.5244998931885 16.7525005340576 16.8642921447754 18.9387912750244 23.9397487640381 20.3042507171631 19.790584564209 19.5814170837402 24.7570419311523 25.7474174499512 27.322208404541 27.8754997253418 28.1164169311523 28.0502490997314 27.9212493896484 27.8422508239746 27.9968757629395 28.085750579834 28.0887069702148 28.1352920532227 28.1632499694824 28.2520408630371 28.1947498321533 28.1264171600342 28.3367500305176 28.2740821838379 28.0305843353271 28.1595001220703 28.3173332214355 28.5078754425049 28.6525840759277 27.7804584503174 28.5774574279785 28.7994575500488 28.9197082519531 29.0818328857422 29.0757923126221 29.047290802002 28.9633750915527
25.6546249389648 22.1389579772949 24.2099590301514 25.0492076873779 25.1151237487793 21.6433753967285 21.4304161071777 23.4654579162598 22.7427921295166 21.0845413208008 21.5799999237061 20.7757091522217 17.9096660614014 17.8779163360596 15.8383331298828 18.6948757171631 20.3738746643066 20.2240409851074 17.0809593200684 18.7018337249756 16.439208984375 23.5404586791992 20.9878749847412 24.5509586334229 26.765209197998 27.4311256408691 27.7557506561279 27.9610404968262 27.8860416412354 27.9700832366943 27.853458404541 27.691915512085 27.6225414276123 27.6717910766602 27.8898754119873 27.8372077941895 27.734582901001 27.6793327331543 27.7882080078125 26.3719997406006 26.4737510681152 25.5532493591309 27.111291885376 24.9142913818359 26.3073329925537 27.7318744659424 27.0634574890137 27.566499710083 27.9624996185303 28.4882907867432 28.513500213623 28.7205429077148
