data/layers/Current/bio15.asc
NCOLS 494 
NROWS 529 
XLLCORNER -117.166666666667 
YLLCORNER -55.5 
CELLSIZE 0.166666666666667 
NODATA_value -3.4e+38 
[rows 414 to 436 of 529, columns 312 to 363 of 494]
55.0376319885254 54.2885704040527 53.5995330810547 52.1861953735352 51.6010437011719 50.1901435852051 49.0020790100098 47.0148429870605 45.9927444458008 45.3306465148926 44.6131324768066 44.164306640625 43.1913414001465 42.9537353515625 41.9997787475586 42.0249900817871 42.7511749267578 42.6053428649902 42.925407409668 43.6589164733887 43.6508598327637 43.5002555847168 42.1657218933105 41.4948844909668 40.7638626098633 39.5460243225098 38.7116737365723 38.0669288635254 36.9395904541016 36.4006195068359 35.8536109924316 35.4134712219238 34.9949989318848 34.0054664611816 33.1709899902344 32.5592765808105 31.3514060974121 30.1479358673096 28.7740898132324 27.9476680755615 26.5272159576416 25.4633922576904 24.7579364776611 24.0762634277344 22.7912750244141 19.7026824951172 16.2077217102051 13.1435985565186 11.197850227356 11.4631195068359 14.0538949966431 -3.4e+38
53.343505859375 52.7038650512695 51.6651268005371 50.4555473327637 50.0414237976074 49.2360420227051 47.3510284423828 45.521068572998 44.2709007263184 43.6474418640137 42.9719772338867 42.1408920288086 41.3359718322754 41.2711143493652 41.4841957092285 41.0383644104004 41.6508407592773 42.2855072021484 42.2849731445312 42.142391204834 42.2570762634277 42.4171943664551 41.5432090759277 40.8521423339844 39.9194831848145 38.7360420227051 37.8942527770996 37.4634437561035 36.6639518737793 35.9349250793457 35.5635452270508 35.4042205810547 35.1657066345215 34.492992401123 33.594554901123 32.7840766906738 31.9040985107422 30.4824886322021 29.0591831207275 27.6856517791748 26.0703582763672 24.8210849761963 24.0877265930176 22.9165706634521 21.4830627441406 18.8574485778809 15.719069480896 13.2846412658691 11.529541015625 11.2316856384277 12.8933725357056 -3.4e+38
51.934009552002 50.4632453918457 49.7613143920898 48.5053596496582 48.1487579345703 46.7497215270996 45.2574119567871 43.2248687744141 42.2544174194336 41.6910743713379 40.8821716308594 40.9261856079102 40.5527992248535 40.8720054626465 41.0112762451172 40.9705810546875 41.0652313232422 41.8293952941895 41.6742210388184 41.4841270446777 41.5522842407227 41.1427230834961 40.6963043212891 39.9301300048828 39.2513694763184 38.316764831543 37.6567611694336 36.7366905212402 35.5318946838379 34.9535217285156 35.449405670166 35.4098892211914 35.1649894714355 34.5102615356445 33.781982421875 33.2328147888184 32.1523017883301 30.7990188598633 29.0093765258789 27.5374813079834 25.6364479064941 24.4399757385254 23.3071231842041 21.8096866607666 20.124942779541 18.3078556060791 15.821572303772 14.136302947998 12.7331781387329 12.5932064056396 13.040078163147 -3.4e+38
50.2047996520996 49.2330093383789 47.8683395385742 46.3750190734863 45.534366607666 44.6445083618164 42.8943710327148 41.4296607971191 40.6818962097168 40.4557228088379 39.9439506530762 39.6163787841797 39.9013671875 39.5300559997559 39.6687316894531 40.1361045837402 40.6672706604004 41.1600379943848 40.907901763916 40.9188575744629 40.5430068969727 40.6952896118164 39.8212089538574 39.3955955505371 38.5976448059082 37.617862701416 36.9444923400879 36.0016021728516 35.1250419616699 34.1783409118652 34.4672012329102 34.4749221801758 34.8028297424316 34.1239891052246 33.5658836364746 33.1114120483398 31.9367179870605 30.3125457763672 28.5109272003174 26.6073513031006 25.1928806304932 23.5442638397217 22.8628330230713 21.5425395965576 19.6923694610596 17.8943576812744 16.7002773284912 14.9050092697144 14.6197500228882 14.6824703216553 14.8079290390015 -3.4e+38
49.0112686157227 47.0617446899414 46.0907211303711 44.5301551818848 43.1169929504395 42.0507049560547 41.1482353210449 39.5825538635254 38.633472442627 38.7919883728027 39.0103225708008 38.9145202636719 38.9680786132812 39.7886085510254 39.3233413696289 40.125186920166 41.0110855102539 40.8982734680176 40.9555740356445 40.6801300048828 40.4091835021973 40.155891418457 39.1443672180176 38.6550674438477 37.8432998657227 36.9114074707031 35.996883392334 35.3184204101562 34.131477355957 33.5896492004395 33.1814155578613 33.2145195007324 33.4685821533203 33.176197052002 33.4733924865723 32.9934844970703 31.7047843933105 29.6703014373779 27.660816192627 26.0764865875244 24.3547019958496 22.8958396911621 21.9838752746582 20.6322193145752 19.5181503295898 17.9467792510986 17.216402053833 16.5946636199951 16.2027397155762 16.9459400177002 17.0525074005127 -3.4e+38
47.3585968017578 45.7834663391113 44.4649085998535 42.52490234375 41.8087425231934 40.2633666992188 39.522388458252 38.2339477539062 36.9402618408203 34.7155265808105 37.2439727783203 37.4732856750488 37.3300399780273 39.0265731811523 39.0788192749023 39.9146575927734 40.3731002807617 40.9019737243652 40.7399101257324 40.3313865661621 39.6782379150391 39.2314414978027 38.7275085449219 38.1276817321777 37.2541847229004 36.2193336486816 35.4193153381348 34.5242919921875 33.713809967041 33.0292625427246 32.5884780883789 32.1125640869141 31.7003211975098 31.4781970977783 31.7643737792969 31.8234958648682 30.0624198913574 28.6417999267578 26.4922409057617 24.5833282470703 23.2135047912598 21.9658069610596 21.3385028839111 20.2296009063721 19.3623142242432 18.5892467498779 17.9012966156006 16.8917961120605 16.5195083618164 16.5713806152344 -3.4e+38 -3.4e+38
46.172966003418 44.4241828918457 43.3929748535156 42.0004463195801 41.0446624755859 39.7602462768555 39.1476593017578 38.3175201416016 37.2426223754883 36.4597434997559 36.3150405883789 37.723762512207 37.9848403930664 38.3867073059082 39.1512908935547 39.6363677978516 40.1352806091309 40.349609375 40.0312271118164 40.0040473937988 39.4707565307617 38.5603981018066 37.7542839050293 37.3694458007812 36.5898208618164 35.7742347717285 34.6628532409668 33.3392143249512 32.7535781860352 32.3227767944336 31.7978439331055 31.1890201568604 30.8209781646729 30.757495880127 29.3014183044434 29.2769775390625 28.1566886901855 26.4134387969971 24.8076915740967 23.3222789764404 21.9443664550781 21.4615535736084 20.3854103088379 19.7403106689453 19.188455581665 19.0129795074463 18.9091110229492 17.4095916748047 16.6086883544922 -3.4e+38 -3.4e+38 -3.4e+38
44.1978797912598 43.9254035949707 42.794319152832 42.2175331115723 40.6831893920898 39.7369804382324 39.5092315673828 39.5971145629883 38.291332244873 36.8468971252441 36.6293411254883 36.7511825561523 37.5108299255371 38.381275177002 38.4737548828125 39.6751747131348 40.1677436828613 39.8704223632812 39.6834373474121 39.4713249206543 39.2034072875977 38.3321228027344 37.4518852233887 36.825569152832 36.3356742858887 34.852970123291 34.1707992553711 33.1960144042969 32.2427787780762 31.3147106170654 30.6562652587891 30.4237651824951 29.8371753692627 29.7118644714355 28.6857833862305 27.6129493713379 26.0944633483887 24.4706020355225 22.9502773284912 21.7930507659912 21.1300411224365 20.5877552032471 19.8164615631104 19.3359794616699 19.5628852844238 20.006477355957 19.6463527679443 17.6880912780762 16.2851009368896 -3.4e+38 -3.4e+38 -3.4e+38
43.7084808349609 42.8049163818359 42.7678527832031 41.3672180175781 41.3427047729492 40.6752777099609 41.3647689819336 41.1788482666016 39.6686325073242 37.9658012390137 37.4771575927734 37.184024810791 38.1290969848633 37.8910484313965 38.715518951416 38.9337730407715 39.5050354003906 38.9216003417969 38.9203567504883 38.6760444641113 38.5895881652832 38.0176696777344 37.1545829772949 36.2355194091797 35.0056991577148 34.4304656982422 33.6126937866211 32.7117233276367 31.3753986358643 30.3638877868652 29.4875736236572 29.5183086395264 28.4197425842285 28.1227798461914 26.887825012207 25.7406272888184 24.6488151550293 23.0587501525879 21.3432006835938 20.360803604126 20.2195796966553 19.7358779907227 19.5071830749512 19.6164016723633 19.5433902740479 21.0629615783691 20.4868545532227 -3.4e+38 -3.4e+38 -3.4e+38 -3.4e+38 -3.4e+38
42.7461776733398 42.4699096679688 41.5534477233887 41.6729393005371 41.6896591186523 41.4017486572266 43.0469856262207 43.6538467407227 43.7893486022949 41.3122024536133 39.013599395752 37.7140159606934 38.2007598876953 38.0325355529785 38.3406791687012 38.1558609008789 39.0307540893555 38.9530220031738 38.1002388000488 37.8569030761719 37.7599945068359 36.8385810852051 36.4470291137695 35.8541488647461 35.1843910217285 33.9312934875488 32.8508110046387 31.8561229705811 30.9536762237549 30.0215435028076 28.9629039764404 28.119779586792 27.2394924163818 26.5738468170166 26.0631484985352 24.47239112854 23.1550750732422 21.8597888946533 20.3114147186279 19.4155941009521 18.9792175292969 19.1621608734131 19.36501121521 19.97438621521 20.241584777832 22.2599658966064 -3.4e+38 -3.4e+38 -3.4e+38 -3.4e+38 -3.4e+38 -3.4e+38
41.824634552002 41.2777976989746 40.8396949768066 40.1566772460938 40.7029838562012 41.6143646240234 41.3702659606934 43.0566482543945 43.6880798339844 41.404956817627 38.9136199951172 38.4717597961426 38.2613334655762 38.0379066467285 37.9218368530273 38.6216201782227 38.5925483703613 38.2723808288574 37.8657760620117 37.1602058410645 36.7966041564941 36.2326011657715 35.508472442627 35.2988319396973 34.7979469299316 34.1466331481934 33.1063804626465 31.6604595184326 30.7637634277344 29.594633102417 28.3044319152832 27.1698722839355 25.7961769104004 24.8966732025146 23.8358612060547 22.9411010742188 21.3686218261719 20.2298240661621 19.0768985748291 18.428653717041 18.2643299102783 18.0714683532715 18.6094093322754 19.1466732025146 19.1746044158936 20.5193710327148 -3.4e+38 -3.4e+38 -3.4e+38 -3.4e+38 -3.4e+38 -3.4e+38
40.1512794494629 39.2614860534668 39.01806640625 40.1288909912109 40.4372825622559 40.8757553100586 41.8167266845703 41.0714302062988 37.6064300537109 40.9204788208008 39.1164016723633 37.7188911437988 37.0476913452148 37.7351493835449 37.3735961914062 38.0199661254883 38.5191116333008 38.1846618652344 37.4789581298828 36.8983573913574 36.6378593444824 35.6255645751953 34.906307220459 34.7538719177246 34.253978729248 33.4771156311035 32.1683959960938 31.1354026794434 30.4191360473633 29.5784149169922 27.9698295593262 26.5879878997803 25.0102252960205 23.8440895080566 22.5468196868896 21.4624176025391 20.0995330810547 19.108268737793 18.1614093780518 17.4298763275146 17.3420124053955 17.3526191711426 17.4277973175049 17.5916614532471 18.6139755249023 18.9245796203613 -3.4e+38 -3.4e+38 -3.4e+38 -3.4e+38 -3.4e+38 -3.4e+38
37.8891372680664 37.1962852478027 38.0477027893066 38.5600967407227 38.7861251831055 39.3440284729004 39.1934013366699 38.7106666564941 39.2528419494629 39.5987510681152 37.7061042785645 37.105770111084 37.0923118591309 36.7939109802246 36.9793395996094 37.0145835876465 37.152400970459 37.6321182250977 37.0885810852051 37.3528900146484 36.3625602722168 36.1883430480957 35.2339134216309 34.35986328125 33.5949630737305 32.9882469177246 31.3522796630859 30.3586254119873 29.4144077301025 28.5474834442139 27.3281230926514 25.6938667297363 23.9650344848633 23.1034259796143 21.4428653717041 20.6007499694824 19.7230319976807 18.6470947265625 18.052116394043 17.2222633361816 16.5706558227539 16.8455219268799 16.9527816772461 16.8525428771973 -3.4e+38 -3.4e+38 -3.4e+38 -3.4e+38 -3.4e+38 -3.4e+38 -3.4e+38 -3.4e+38
34.590446472168 35.247501373291 37.0838050842285 37.6132888793945 38.0241165161133 37.2539024353027 37.2477378845215 37.1567115783691 37.7001800537109 36.7115325927734 35.4573173522949 36.2614326477051 35.0936431884766 35.3167724609375 35.3994941711426 35.4344139099121 36.121395111084 36.6587066650391 36.6709976196289 37.0332527160645 36.7814979553223 35.6770668029785 35.0605850219727 34.4580841064453 33.1554832458496 31.293571472168 30.9466896057129 29.6667232513428 28.9719867706299 27.7416019439697 26.279577255249 25.0009670257568 23.6318130493164 22.4918956756592 21.233512878418 20.0313949584961 19.1770877838135 18.6367282867432 18.3767852783203 17.6946620941162 16.9589748382568 -3.4e+38 -3.4e+38 -3.4e+38 -3.4e+38 -3.4e+38 -3.4e+38 -3.4e+38 -3.4e+38 -3.4e+38 -3.4e+38 -3.4e+38
32.1061782836914 32.8315887451172 33.5337677001953 35.6739768981934 35.8428382873535 35.2763671875 36.697135925293 36.25732421875 37.2326583862305 35.6890983581543 35.7052116394043 34.7584419250488 34.392749786377 33.192699432373 33.4474983215332 34.6497268676758 34.637809753418 35.4344367980957 36.0451164245605 35.8727340698242 35.6899108886719 35.3039245605469 34.3541145324707 33.4150886535645 31.728178024292 30.6507778167725 29.5599365234375 28.6580200195312 27.9152965545654 26.5679588317871 25.4981422424316 24.3770160675049 22.9741230010986 21.753927230835 20.4590454101562 19.7722282409668 18.8058624267578 -3.4e+38 -3.4e+38 -3.4e+38 -3.4e+38 -3.4e+38 -3.4e+38 -3.4e+38 -3.4e+38 -3.4e+38 -3.4e+38 -3.4e+38 -3.4e+38 -3.4e+38 -3.4e+38 -3.4e+38
29.4712944030762 30.9107284545898 32.1653213500977 32.7677268981934 34.1788635253906 34.6701622009277 35.1298141479492 35.5862426757812 35.619197845459 35.4664497375488 34.663631439209 34.2173118591309 34.2461128234863 33.2595100402832 33.548999786377 33.5262031555176 34.2371597290039 34.7538871765137 35.2331008911133 35.4703178405762 35.1233825683594 34.5729637145996 33.3652114868164 32.2926139831543 30.5725288391113 29.368558883667 29.1158218383789 28.0793743133545 27.2165412902832 26.0331192016602 25.128776550293 23.5900115966797 -3.4e+38 -3.4e+38 -3.4e+38 -3.4e+38 -3.4e+38 -3.4e+38 -3.4e+38 -3.4e+38 -3.4e+38 -3.4e+38 -3.4e+38 -3.4e+38 -3.4e+38 -3.4e+38 -3.4e+38 -3.4e+38 -3.4e+38 -3.4e+38 -3.4e+38 -3.4e+38
27.0998020172119 29.2243785858154 29.7737121582031 31.7006187438965 32.3456687927246 32.9708061218262 33.1825714111328 33.3944282531738 33.2648277282715 32.971061706543 33.209171295166 33.0976333618164 32.9522285461426 33.0511245727539 32.7558288574219 32.9917182922363 33.060115814209 33.6919555664062 35.070369720459 35.415885925293 -3.4e+38 34.3883285522461 -3.4e+38 -3.4e+38 -3.4e+38 -3.4e+38 -3.4e+38 -3.4e+38 -3.4e+38 -3.4e+38 -3.4e+38 -3.4e+38 -3.4e+38 -3.4e+38 -3.4e+38 -3.4e+38 -3.4e+38 -3.4e+38 -3.4e+38 -3.4e+38 -3.4e+38 -3.4e+38 -3.4e+38 -3.4e+38 -3.4e+38 -3.4e+38 -3.4e+38 -3.4e+38 -3.4e+38 -3.4e+38 -3.4e+38 -3.4e+38
25.6177043914795 26.3423881530762 26.7559490203857 28.2967338562012 29.7975044250488 30.0568885803223 30.7901706695557 32.3142623901367 31.992603302002 31.8742179870605 32.7060966491699 32.5639038085938 33.3532676696777 33.3609008789062 32.6904029846191 32.4317054748535 32.4567184448242 33.3639450073242 35.2610359191895 36.3553924560547 -3.4e+38 -3.4e+38 -3.4e+38 -3.4e+38 -3.4e+38 -3.4e+38 -3.4e+38 -3.4e+38 -3.4e+38 -3.4e+38 -3.4e+38 -3.4e+38 -3.4e+38 -3.4e+38 -3.4e+38 -3.4e+38 -3.4e+38 -3.4e+38 -3.4e+38 -3.4e+38 -3.4e+38 -3.4e+38 -3.4e+38 -3.4e+38 -3.4e+38 -3.4e+38 -3.4e+38 -3.4e+38 -3.4e+38 -3.4e+38 -3.4e+38 -3.4e+38
24.1811351776123 25.1684226989746 26.0060176849365 27.5165691375732 27.5717849731445 27.664794921875 29.4878273010254 28.6856346130371 30.2599563598633 30.3886852264404 31.4359474182129 31.7148380279541 32.4814834594727 33.6518440246582 34.2831001281738 33.7827987670898 32.7379760742188 33.4020156860352 35.7128944396973 -3.4e+38 -3.4e+38 -3.4e+38 -3.4e+38 -3.4e+38 -3.4e+38 -3.4e+38 -3.4e+38 -3.4e+38 -3.4e+38 -3.4e+38 -3.4e+38 -3.4e+38 -3.4e+38 -3.4e+38 -3.4e+38 -3.4e+38 -3.4e+38 -3.4e+38 -3.4e+38 -3.4e+38 -3.4e+38 -3.4e+38 -3.4e+38 -3.4e+38 -3.4e+38 -3.4e+38 -3.4e+38 -3.4e+38 -3.4e+38 -3.4e+38 -3.4e+38 -3.4e+38
22.668529510498 24.2899150848389 23.8487491607666 24.5892295837402 26.1227340698242 25.8199005126953 27.0100994110107 28.6520500183105 28.1622791290283 28.9708309173584 30.1795234680176 30.0662994384766 31.361701965332 33.4392242431641 34.4691734313965 34.7496643066406 33.5792350769043 33.5947456359863 34.7106628417969 -3.4e+38 -3.4e+38 -3.4e+38 -3.4e+38 -3.4e+38 -3.4e+38 -3.4e+38 -3.4e+38 -3.4e+38 -3.4e+38 -3.4e+38 -3.4e+38 -3.4e+38 -3.4e+38 -3.4e+38 -3.4e+38 -3.4e+38 -3.4e+38 -3.4e+38 -3.4e+38 -3.4e+38 -3.4e+38 -3.4e+38 -3.4e+38 -3.4e+38 -3.4e+38 -3.4e+38 -3.4e+38 -3.4e+38 -3.4e+38 -3.4e+38 -3.4e+38 -3.4e+38
22.3888568878174 22.4577980041504 23.3855686187744 23.466459274292 24.0628051757812 24.7198486328125 25.9788112640381 27.5568065643311 27.8452301025391 24.3937168121338 27.3079490661621 29.9381351470947 31.1825008392334 32.8193817138672 33.1230735778809 33.7132148742676 33.6001205444336 33.3627014160156 33.3151512145996 -3.4e+38 -3.4e+38 -3.4e+38 -3.4e+38 -3.4e+38 -3.4e+38 -3.4e+38 -3.4e+38 -3.4e+38 -3.4e+38 -3.4e+38 -3.4e+38 -3.4e+38 -3.4e+38 -3.4e+38 -3.4e+38 -3.4e+38 -3.4e+38 -3.4e+38 -3.4e+38 -3.4e+38 -3.4e+38 -3.4e+38 -3.4e+38 -3.4e+38 -3.4e+38 -3.4e+38 -3.4e+38 -3.4e+38 -3.4e+38 -3.4e+38 -3.4e+38 -3.4e+38
22.0300636291504 21.5538425445557 22.4332027435303 22.6708469390869 23.3062705993652 23.3352375030518 24.2292938232422 25.4455833435059 26.4879131317139 26.6513385772705 27.8474502563477 29.4410152435303 29.9690856933594 31.2783966064453 32.1622314453125 32.7055892944336 33.2106666564941 32.4733581542969 33.642951965332 -3.4e+38 -3.4e+38 -3.4e+38 -3.4e+38 -3.4e+38 -3.4e+38 -3.4e+38 -3.4e+38 -3.4e+38 -3.4e+38 -3.4e+38 -3.4e+38 -3.4e+38 -3.4e+38 -3.4e+38 -3.4e+38 -3.4e+38 -3.4e+38 -3.4e+38 -3.4e+38 -3.4e+38 -3.4e+38 -3.4e+38 -3.4e+38 -3.4e+38 -3.4e+38 -3.4e+38 -3.4e+38 -3.4e+38 -3.4e+38 -3.4e+38 -3.4e+38 -3.4e+38
22.186861038208 22.0305061340332 21.7096843719482 21.9702205657959 22.2470321655273 23.3273944854736 23.0408744812012 25.0545520782471 25.7872180938721 26.6202850341797 27.8805370330811 28.3458499908447 30.4100685119629 31.5601615905762 32.1600532531738 32.2921142578125 33.5398025512695 33.4175262451172 33.1851463317871 -3.4e+38 -3.4e+38 -3.4e+38 -3.4e+38 -3.4e+38 -3.4e+38 -3.4e+38 -3.4e+38 -3.4e+38 -3.4e+38 -3.4e+38 -3.4e+38 -3.4e+38 -3.4e+38 -3.4e+38 -3.4e+38 -3.4e+38 -3.4e+38 -3.4e+38 -3.4e+38 -3.4e+38 -3.4e+38 -3.4e+38 -3.4e+38 -3.4e+38 -3.4e+38 -3.4e+38 -3.4e+38 -3.4e+38 -3.4e+38 -3.4e+38 -3.4e+38 -3.4e+38
