data/layers/Current/bio16.asc
NCOLS 494 
NROWS 529 
XLLCORNER -117.166666666667 
YLLCORNER -55.5 
CELLSIZE 0.166666666666667 
NODATA_value -3.4e+38 
[rows 132 to 164 of 529, columns 296 to 369 of 494]
-3.4e+38 295 320 340 367 367 370 369 368 426 415 -3.4e+38 -3.4e+38 -3.4e+38 -3.4e+38 -3.4e+38 -3.4e+38 -3.4e+38 -3.4e+38 -3.4e+38 -3.4e+38 300 283 366 397 420 459 487 520 484 435 504 545 545 560 543 -3.4e+38 481 619 757 757 -3.4e+38 -3.4e+38 -3.4e+38 -3.4e+38 -3.4e+38 -3.4e+38 -3.4e+38 -3.4e+38 -3.4e+38 -3.4e+38 -3.4e+38 -3.4e+38 -3.4e+38 -3.4e+38 -3.4e+38 -3.4e+38 -3.4e+38 -3.4e+38 -3.4e+38 -3.4e+38 -3.4e+38 -3.4e+38 -3.4e+38 -3.4e+38 -3.4e+38 -3.4e+38 -3.4e+38 -3.4e+38 -3.4e+38 -3.4e+38 -3.4e+38 -3.4e+38 -3.4e+38
356 355 386 389 413 408 445 462 500 518 464 363 -3.4e+38 -3.4e+38 -3.4e+38 -3.4e+38 -3.4e+38 -3.4e+38 -3.4e+38 286 312 388 407 392 418 452 502 540 583 540 481 435 -3.4e+38 -3.4e+38 -3.4e+38 -3.4e+38 -3.4e+38 -3.4e+38 699 783 745 663 -3.4e+38 -3.4e+38 -3.4e+38 -3.4e+38 -3.4e+38 -3.4e+38 -3.4e+38 -3.4e+38 -3.4e+38 -3.4e+38 -3.4e+38 -3.4e+38 -3.4e+38 -3.4e+38 -3.4e+38 -3.4e+38 -3.4e+38 -3.4e+38 -3.4e+38 -3.4e+38 -3.4e+38 -3.4e+38 -3.4e+38 -3.4e+38 -3.4e+38 -3.4e+38 -3.4e+38 -3.4e+38 -3.4e+38 -3.4e+38 -3.4e+38 -3.4e+38
373 420 457 469 498 507 529 542 517 508 469 440 389 349 -3.4e+38 -3.4e+38 -3.4e+38 -3.4e+38 331 384 416 445 476 463 501 506 543 545 590 589 525 499 -3.4e+38 -3.4e+38 -3.4e+38 -3.4e+38 492 632 622 755 740 692 -3.4e+38 -3.4e+38 -3.4e+38 -3.4e+38 -3.4e+38 -3.4e+38 -3.4e+38 -3.4e+38 -3.4e+38 -3.4e+38 -3.4e+38 -3.4e+38 -3.4e+38 -3.4e+38 -3.4e+38 -3.4e+38 -3.4e+38 -3.4e+38 -3.4e+38 -3.4e+38 -3.4e+38 -3.4e+38 -3.4e+38 -3.4e+38 -3.4e+38 -3.4e+38 -3.4e+38 -3.4e+38 -3.4e+38 -3.4e+38 -3.4e+38 -3.4e+38
480 505 505 516 512 520 545 521 536 535 529 530 495 477 437 403 425 410 399 440 471 495 554 550 519 526 520 555 602 600 600 564 510 533 505 581 627 652 663 703 709 650 -3.4e+38 -3.4e+38 -3.4e+38 -3.4e+38 -3.4e+38 -3.4e+38 -3.4e+38 -3.4e+38 -3.4e+38 -3.4e+38 -3.4e+38 -3.4e+38 -3.4e+38 -3.4e+38 -3.4e+38 -3.4e+38 -3.4e+38 -3.4e+38 -3.4e+38 -3.4e+38 -3.4e+38 -3.4e+38 -3.4e+38 -3.4e+38 -3.4e+38 -3.4e+38 -3.4e+38 -3.4e+38 -3.4e+38 -3.4e+38 -3.4e+38 -3.4e+38
549 536 547 552 566 550 558 541 532 532 513 512 518 500 493 481 467 467 462 467 498 510 525 518 504 504 519 553 581 593 603 600 559 592 587 569 -3.4e+38 623 613 -3.4e+38 -3.4e+38 -3.4e+38 -3.4e+38 -3.4e+38 -3.4e+38 -3.4e+38 -3.4e+38 -3.4e+38 -3.4e+38 -3.4e+38 -3.4e+38 -3.4e+38 -3.4e+38 -3.4e+38 -3.4e+38 -3.4e+38 -3.4e+38 -3.4e+38 -3.4e+38 -3.4e+38 -3.4e+38 -3.4e+38 -3.4e+38 -3.4e+38 -3.4e+38 -3.4e+38 -3.4e+38 -3.4e+38 -3.4e+38 -3.4e+38 -3.4e+38 -3.4e+38 -3.4e+38 -3.4e+38
572 574 573 576 567 559 559 548 538 529 545 549 538 537 539 537 533 526 508 509 523 525 517 506 512 514 533 528 558 562 564 567 577 608 642 632 628 640 639 616 -3.4e+38 -3.4e+38 -3.4e+38 -3.4e+38 -3.4e+38 -3.4e+38 -3.4e+38 -3.4e+38 -3.4e+38 -3.4e+38 -3.4e+38 -3.4e+38 -3.4e+38 -3.4e+38 -3.4e+38 -3.4e+38 -3.4e+38 -3.4e+38 -3.4e+38 -3.4e+38 -3.4e+38 -3.4e+38 -3.4e+38 -3.4e+38 -3.4e+38 -3.4e+38 -3.4e+38 -3.4e+38 -3.4e+38 -3.4e+38 -3.4e+38 -3.4e+38 -3.4e+38 -3.4e+38
594 585 600 591 581 571 562 559 558 542 552 536 553 537 554 548 557 546 535 530 522 518 508 495 513 511 516 541 561 560 566 579 586 606 637 648 667 687 686 666 671 648 -3.4e+38 -3.4e+38 -3.4e+38 -3.4e+38 -3.4e+38 -3.4e+38 -3.4e+38 -3.4e+38 -3.4e+38 -3.4e+38 -3.4e+38 -3.4e+38 -3.4e+38 -3.4e+38 -3.4e+38 -3.4e+38 -3.4e+38 -3.4e+38 -3.4e+38 -3.4e+38 -3.4e+38 -3.4e+38 -3.4e+38 -3.4e+38 -3.4e+38 -3.4e+38 -3.4e+38 -3.4e+38 -3.4e+38 -3.4e+38 -3.4e+38 -3.4e+38
628 628 609 601 594 584 578 561 554 540 549 540 539 551 549 558 556 552 548 537 527 534 511 511 514 528 497 522 558 567 581 591 607 612 630 650 682 711 714 712 709 693 662 -3.4e+38 -3.4e+38 -3.4e+38 -3.4e+38 -3.4e+38 -3.4e+38 -3.4e+38 -3.4e+38 -3.4e+38 -3.4e+38 -3.4e+38 -3.4e+38 -3.4e+38 -3.4e+38 -3.4e+38 -3.4e+38 -3.4e+38 -3.4e+38 -3.4e+38 -3.4e+38 -3.4e+38 -3.4e+38 -3.4e+38 -3.4e+38 -3.4e+38 -3.4e+38 -3.4e+38 -3.4e+38 -3.4e+38 -3.4e+38 -3.4e+38
680 642 630 614 602 589 575 566 564 556 550 547 553 553 560 564 567 555 550 546 528 525 522 508 517 534 533 542 543 538 594 612 623 632 641 662 695 712 719 727 704 677 664 -3.4e+38 -3.4e+38 -3.4e+38 -3.4e+38 -3.4e+38 -3.4e+38 -3.4e+38 -3.4e+38 -3.4e+38 -3.4e+38 -3.4e+38 -3.4e+38 -3.4e+38 -3.4e+38 -3.4e+38 -3.4e+38 -3.4e+38 -3.4e+38 -3.4e+38 -3.4e+38 -3.4e+38 -3.4e+38 -3.4e+38 -3.4e+38 -3.4e+38 -3.4e+38 -3.4e+38 -3.4e+38 -3.4e+38 -3.4e+38 -3.4e+38
681 660 628 647 632 604 600 589 577 569 556 563 567 560 564 560 562 543 551 553 535 531 528 522 519 512 528 532 546 555 558 593 613 622 644 659 682 704 717 719 715 683 659 -3.4e+38 -3.4e+38 -3.4e+38 -3.4e+38 -3.4e+38 -3.4e+38 -3.4e+38 -3.4e+38 -3.4e+38 -3.4e+38 -3.4e+38 -3.4e+38 -3.4e+38 -3.4e+38 -3.4e+38 -3.4e+38 -3.4e+38 -3.4e+38 -3.4e+38 -3.4e+38 -3.4e+38 -3.4e+38 -3.4e+38 -3.4e+38 -3.4e+38 -3.4e+38 -3.4e+38 -3.4e+38 -3.4e+38 -3.4e+38 -3.4e+38
674 675 675 680 637 643 657 641 594 566 567 574 579 580 578 574 577 564 544 548 559 551 543 540 519 531 536 556 558 582 570 536 615 644 639 645 667 691 713 720 721 680 644 634 -3.4e+38 -3.4e+38 -3.4e+38 -3.4e+38 -3.4e+38 -3.4e+38 -3.4e+38 -3.4e+38 -3.4e+38 -3.4e+38 -3.4e+38 -3.4e+38 -3.4e+38 -3.4e+38 -3.4e+38 -3.4e+38 -3.4e+38 -3.4e+38 -3.4e+38 -3.4e+38 -3.4e+38 -3.4e+38 -3.4e+38 -3.4e+38 -3.4e+38 -3.4e+38 -3.4e+38 -3.4e+38 -3.4e+38 -3.4e+38
706 709 688 710 719 697 704 679 648 631 602 595 599 596 595 582 577 589 561 553 568 571 559 561 544 540 555 562 552 593 607 569 566 635 625 653 666 686 699 707 714 694 650 638 -3.4e+38 -3.4e+38 -3.4e+38 -3.4e+38 -3.4e+38 -3.4e+38 -3.4e+38 -3.4e+38 -3.4e+38 -3.4e+38 -3.4e+38 -3.4e+38 -3.4e+38 -3.4e+38 -3.4e+38 -3.4e+38 -3.4e+38 -3.4e+38 -3.4e+38 -3.4e+38 -3.4e+38 -3.4e+38 -3.4e+38 -3.4e+38 -3.4e+38 -3.4e+38 -3.4e+38 -3.4e+38 -3.4e+38 -3.4e+38
740 715 748 758 761 743 740 729 715 688 664 649 648 643 643 619 598 590 588 585 593 588 579 574 569 567 573 578 573 594 614 597 558 544 575 616 649 675 699 701 704 701 664 665 708 731 691 634 -3.4e+38 -3.4e+38 -3.4e+38 -3.4e+38 -3.4e+38 -3.4e+38 -3.4e+38 -3.4e+38 -3.4e+38 -3.4e+38 -3.4e+38 -3.4e+38 -3.4e+38 -3.4e+38 -3.4e+38 -3.4e+38 -3.4e+38 -3.4e+38 -3.4e+38 -3.4e+38 -3.4e+38 -3.4e+38 -3.4e+38 -3.4e+38 -3.4e+38 -3.4e+38
782 748 776 797 790 786 784 769 767 729 719 699 701 682 679 662 635 620 611 621 601 611 599 602 599 586 578 585 573 586 568 565 608 616 630 645 670 668 685 709 713 704 692 680 692 740 758 696 690 674 -3.4e+38 -3.4e+38 -3.4e+38 -3.4e+38 -3.4e+38 -3.4e+38 -3.4e+38 -3.4e+38 -3.4e+38 -3.4e+38 -3.4e+38 -3.4e+38 -3.4e+38 -3.4e+38 -3.4e+38 -3.4e+38 -3.4e+38 -3.4e+38 -3.4e+38 -3.4e+38 -3.4e+38 -3.4e+38 -3.4e+38 -3.4e+38
778 772 756 758 774 801 780 761 775 768 757 752 741 727 713 702 683 660 641 648 626 628 623 615 609 603 596 584 579 591 604 608 623 613 631 647 664 663 677 701 724 724 712 713 730 730 748 780 777 723 683 -3.4e+38 -3.4e+38 -3.4e+38 -3.4e+38 -3.4e+38 -3.4e+38 -3.4e+38 -3.4e+38 -3.4e+38 -3.4e+38 -3.4e+38 -3.4e+38 -3.4e+38 -3.4e+38 -3.4e+38 -3.4e+38 -3.4e+38 -3.4e+38 -3.4e+38 -3.4e+38 -3.4e+38 -3.4e+38 -3.4e+38
824 814 816 808 798 799 804 813 820 800 794 784 770 775 752 749 732 717 694 668 655 641 658 642 610 629 620 626 640 614 621 622 621 627 635 648 674 682 706 691 705 727 718 736 729 729 732 779 842 818 759 705 695 -3.4e+38 -3.4e+38 -3.4e+38 -3.4e+38 -3.4e+38 -3.4e+38 -3.4e+38 -3.4e+38 -3.4e+38 -3.4e+38 -3.4e+38 -3.4e+38 -3.4e+38 -3.4e+38 -3.4e+38 -3.4e+38 -3.4e+38 -3.4e+38 -3.4e+38 -3.4e+38 -3.4e+38
877 869 866 841 829 832 802 811 839 835 832 800 769 736 748 741 760 751 738 704 696 691 676 676 668 679 671 665 636 662 631 641 632 646 650 649 681 688 715 686 697 709 714 727 737 744 744 761 835 852 805 767 690 685 -3.4e+38 -3.4e+38 -3.4e+38 -3.4e+38 -3.4e+38 -3.4e+38 -3.4e+38 -3.4e+38 -3.4e+38 -3.4e+38 -3.4e+38 -3.4e+38 -3.4e+38 -3.4e+38 -3.4e+38 -3.4e+38 -3.4e+38 -3.4e+38 -3.4e+38 -3.4e+38
954 931 902 880 873 861 825 803 799 815 814 780 820 839 824 798 754 758 766 742 732 736 729 725 727 718 690 710 676 545 477 596 700 694 671 664 670 687 692 681 689 696 716 717 740 733 738 745 765 866 877 792 731 687 684 -3.4e+38 -3.4e+38 -3.4e+38 -3.4e+38 -3.4e+38 -3.4e+38 -3.4e+38 -3.4e+38 -3.4e+38 -3.4e+38 -3.4e+38 -3.4e+38 -3.4e+38 -3.4e+38 -3.4e+38 -3.4e+38 -3.4e+38 -3.4e+38 -3.4e+38
905 955 959 907 901 875 828 810 813 832 882 875 887 868 858 842 803 791 798 790 782 784 773 774 767 767 755 753 658 496 445 645 768 697 695 706 711 727 670 674 690 697 707 718 734 759 772 756 775 792 837 825 809 718 686 692 -3.4e+38 -3.4e+38 -3.4e+38 -3.4e+38 -3.4e+38 -3.4e+38 -3.4e+38 -3.4e+38 -3.4e+38 -3.4e+38 -3.4e+38 -3.4e+38 -3.4e+38 -3.4e+38 -3.4e+38 -3.4e+38 -3.4e+38 -3.4e+38
992 972 935 930 887 900 920 889 914 954 943 921 898 888 888 875 872 849 826 826 828 827 828 830 822 793 772 797 788 620 569 767 804 755 681 725 705 702 666 690 711 711 695 708 735 754 748 749 770 842 823 848 840 790 735 671 693 -3.4e+38 -3.4e+38 -3.4e+38 -3.4e+38 -3.4e+38 -3.4e+38 -3.4e+38 -3.4e+38 -3.4e+38 -3.4e+38 -3.4e+38 -3.4e+38 -3.4e+38 -3.4e+38 -3.4e+38 -3.4e+38 -3.4e+38
1039 1022 1020 981 945 909 894 918 971 962 953 956 957 931 898 906 903 905 875 853 878 856 851 878 863 836 832 822 800 659 701 835 828 824 731 727 744 736 679 699 718 718 715 739 726 731 730 793 825 808 835 854 864 822 736 694 695 -3.4e+38 -3.4e+38 -3.4e+38 -3.4e+38 -3.4e+38 -3.4e+38 -3.4e+38 -3.4e+38 -3.4e+38 -3.4e+38 -3.4e+38 -3.4e+38 -3.4e+38 -3.4e+38 -3.4e+38 -3.4e+38 -3.4e+38
1061 1065 1061 1069 949 999 1036 1009 996 1002 995 970 978 962 964 1001 970 940 925 936 929 907 901 920 915 895 879 854 560 484 730 864 811 820 767 725 763 767 703 718 696 708 709 719 729 751 758 777 794 830 864 864 856 811 768 715 690 -3.4e+38 -3.4e+38 -3.4e+38 -3.4e+38 -3.4e+38 -3.4e+38 -3.4e+38 -3.4e+38 -3.4e+38 -3.4e+38 -3.4e+38 -3.4e+38 -3.4e+38 -3.4e+38 -3.4e+38 -3.4e+38 -3.4e+38
1089 1095 1086 1061 1003 1056 1076 1045 971 1004 1033 1018 1012 1016 1010 1044 1048 993 993 985 966 956 965 979 975 961 939 907 831 742 800 842 804 800 756 712 713 720 716 747 792 780 716 714 719 739 732 766 778 808 833 829 809 797 761 651 667 651 -3.4e+38 -3.4e+38 -3.4e+38 -3.4e+38 -3.4e+38 -3.4e+38 -3.4e+38 -3.4e+38 -3.4e+38 -3.4e+38 -3.4e+38 -3.4e+38 -3.4e+38 -3.4e+38 -3.4e+38 -3.4e+38
1120 1124 1126 1116 1012 1091 1103 1060 1019 983 1052 1045 1031 1022 970 1014 1084 1064 1042 1020 1034 1013 1014 1040 995 987 954 921 907 882 877 857 884 781 783 758 752 799 839 759 750 766 753 699 724 718 759 783 773 787 847 818 777 802 744 657 819 835 734 682 -3.4e+38 -3.4e+38 -3.4e+38 -3.4e+38 -3.4e+38 -3.4e+38 -3.4e+38 -3.4e+38 -3.4e+38 -3.4e+38 -3.4e+38 -3.4e+38 -3.4e+38 -3.4e+38
1147 1151 1146 1127 1058 1131 1089 1048 1032 1021 1073 1085 1051 1023 992 1007 1119 1140 1109 1072 1111 1080 1057 1066 1121 1096 1045 897 846 847 815 820 870 792 801 788 807 824 813 788 809 794 754 747 746 759 785 836 855 842 819 811 767 746 711 715 834 852 810 697 699 -3.4e+38 -3.4e+38 -3.4e+38 -3.4e+38 -3.4e+38 -3.4e+38 -3.4e+38 -3.4e+38 -3.4e+38 -3.4e+38 -3.4e+38 -3.4e+38 -3.4e+38
1162 1167 1182 1140 1148 1097 1048 1087 1071 1074 1096 1092 1109 1120 1046 995 1062 1182 1162 1114 1178 1155 1111 1098 1156 1113 1053 1068 902 1071 899 896 854 845 840 786 779 778 760 782 795 742 773 803 774 734 747 846 830 798 816 816 794 702 648 670 800 903 884 794 759 730 687 -3.4e+38 -3.4e+38 -3.4e+38 -3.4e+38 -3.4e+38 -3.4e+38 -3.4e+38 -3.4e+38 -3.4e+38 -3.4e+38 -3.4e+38
1164 1152 1163 1171 1145 1063 1062 1085 1080 1089 1085 1086 1135 1139 1104 1024 1007 1177 1221 1124 1194 1197 1154 1156 1178 1189 1156 1143 942 971 1037 899 934 864 807 781 813 812 849 817 813 819 796 832 818 766 755 807 831 846 844 829 775 712 659 671 792 871 917 861 807 757 738 714 -3.4e+38 -3.4e+38 -3.4e+38 -3.4e+38 -3.4e+38 -3.4e+38 -3.4e+38 -3.4e+38 -3.4e+38 -3.4e+38
1211 1205 1191 1180 1111 1092 1098 1098 1074 1103 1127 1122 1118 1129 1064 990 1085 1196 1152 1141 1238 1188 1207 1159 1208 1140 1156 1183 1118 1119 986 909 811 757 767 905 905 855 845 823 847 802 803 863 849 823 758 833 946 853 832 799 785 737 727 750 831 909 920 897 852 820 783 742 721 708 -3.4e+38 -3.4e+38 -3.4e+38 -3.4e+38 -3.4e+38 -3.4e+38 -3.4e+38 -3.4e+38
1222 1198 1176 1165 1094 1088 1105 1086 1102 1128 1055 1085 1138 1170 1079 1029 1056 1133 1225 1161 1273 1236 1195 1172 990 1033 1148 1213 1245 1108 1075 973 859 805 917 875 920 912 891 856 839 830 847 844 901 929 883 803 853 860 824 836 827 853 807 795 837 890 923 908 868 875 830 771 740 761 754 742 721 719 705 729 756 760
1255 1206 1179 1161 1145 1138 1122 1115 1128 1120 1062 1105 1217 1166 1081 1004 1046 1256 1336 1288 1278 1286 1229 1180 1085 1128 1223 1250 1293 1117 1073 1033 862 893 987 957 961 920 840 851 841 855 861 828 843 922 900 873 856 890 922 915 888 913 811 852 828 854 867 914 887 885 849 791 781 828 814 801 789 783 757 739 802 834
1255 1217 1134 1148 1120 1103 1129 1145 1149 1153 1201 1225 1166 1147 1120 1000 1161 1250 1331 1335 1319 1267 1223 1270 1297 1223 1234 1290 1313 1224 1069 1062 914 992 939 882 953 915 870 846 819 859 859 845 846 943 954 900 932 948 977 950 894 863 831 856 844 851 906 912 913 883 854 830 839 850 851 837 846 838 810 807 821 850
1207 1180 1135 1150 1126 1149 1164 1168 1176 1197 1238 1257 1224 1234 1067 1053 1144 1251 1298 1280 1301 1274 1240 1283 1277 1264 1291 1264 1294 1249 1054 1067 989 1027 968 932 959 949 903 867 870 870 865 867 870 928 919 931 930 953 1008 932 886 862 871 890 889 885 915 892 897 902 868 873 892 884 880 870 874 866 858 854 862 872
1213 1176 1129 1174 1187 1127 1131 1175 1220 1222 1255 1275 1271 1252 1239 1131 1148 1292 1275 1303 1303 1295 1302 1304 1313 1208 1310 1302 1314 1289 1234 1105 1053 999 1003 925 982 934 856 863 882 854 852 864 894 926 897 877 920 956 963 972 978 916 992 954 900 882 890 895 903 909 878 880 874 876 899 899 908 890 881 881 894 885
