data/layers/Current/bio11.asc
NCOLS 494 
NROWS 529 
XLLCORNER -117.166666666667 
YLLCORNER -55.5 
CELLSIZE 0.166666666666667 
NODATA_value -3.4e+38 
[rows 322 to 344 of 529, columns 260 to 311 of 494]
-3.4e+38 -3.4e+38 -3.4e+38 -3.4e+38 -3.4e+38 -3.4e+38 -3.4e+38 -3.4e+38 -3.4e+38 -3.4e+38 -3.4e+38 -3.4e+38 -3.4e+38 -3.4e+38 -3.4e+38 -3.4e+38 -3.4e+38 -3.4e+38 -3.4e+38 -3.4e+38 -3.4e+38 15.2583332061768 14.1052761077881 13.7652082443237 13.7215003967285 14.234375 14.0490417480469 12.5930414199829 9.27499961853027 3.32325005531311 -1.04666650295258 -0.324916690587997 -0.582874953746796 1.71016669273376 1.5815417766571 1.56820821762085 2.25237512588501 2.28412508964539 2.546875 2.3004584312439 3.27187490463257 3.57154154777527 3.64304161071777 3.53366684913635 2.95187497138977 3.42024993896484 4.2131667137146 5.07029151916504 8.1560001373291 9.56041622161865 8.28529167175293 12.4256248474121
-3.4e+38 -3.4e+38 -3.4e+38 -3.4e+38 -3.4e+38 -3.4e+38 -3.4e+38 -3.4e+38 -3.4e+38 -3.4e+38 -3.4e+38 -3.4e+38 -3.4e+38 -3.4e+38 -3.4e+38 -3.4e+38 -3.4e+38 -3.4e+38 -3.4e+38 -3.4e+38 -3.4e+38 -3.4e+38 14.0520420074463 13.7953329086304 14.207124710083 14.3402500152588 14.1522083282471 12.9349584579468 9.98966693878174 3.87995839118958 0.39229154586792 -1.16333341598511 -1.46874988079071 1.37479162216187 1.11420834064484 0.668958365917206 0.977625072002411 0.7133749127388 2.41483330726624 3.00504183769226 3.30329155921936 3.4909999370575 3.31275010108948 3.06966686248779 2.20045828819275 2.54808330535889 5.18383312225342 6.17291688919067 7.9480414390564 8.35112476348877 8.25437545776367 12.5302085876465
-3.4e+38 -3.4e+38 -3.4e+38 -3.4e+38 -3.4e+38 -3.4e+38 -3.4e+38 -3.4e+38 -3.4e+38 -3.4e+38 -3.4e+38 -3.4e+38 -3.4e+38 -3.4e+38 -3.4e+38 -3.4e+38 -3.4e+38 -3.4e+38 -3.4e+38 -3.4e+38 -3.4e+38 -3.4e+38 14.8604507446289 14.077917098999 14.2333755493164 14.3144998550415 14.1020002365112 13.1321668624878 9.95349979400635 3.24654173851013 1.27966666221619 1.20091664791107 1.38662505149841 1.39150011539459 -0.614875018596649 -0.601000130176544 0.345625072717667 2.08245825767517 2.45141673088074 3.10854148864746 3.28333330154419 3.28283333778381 2.84395837783813 2.730708360672 2.488041639328 2.97183322906494 4.92716693878174 5.52758312225342 9.40554141998291 8.75129127502441 6.8289999961853 11.4420833587646
-3.4e+38 -3.4e+38 -3.4e+38 -3.4e+38 -3.4e+38 -3.4e+38 -3.4e+38 -3.4e+38 -3.4e+38 -3.4e+38 -3.4e+38 -3.4e+38 -3.4e+38 -3.4e+38 -3.4e+38 -3.4e+38 -3.4e+38 -3.4e+38 -3.4e+38 -3.4e+38 -3.4e+38 -3.4e+38 13.7779550552368 13.2997913360596 13.5422496795654 14.2754163742065 13.8723745346069 12.9310417175293 8.58112525939941 3.449458360672 2.1958749294281 1.29816663265228 -0.846041679382324 1.38733339309692 -0.439999908208847 -1.76154172420502 -1.51395833492279 1.12441670894623 1.70437514781952 3.04945802688599 3.02012491226196 2.7374165058136 2.46520829200745 1.34737491607666 1.85620832443237 3.34858322143555 4.63645839691162 6.56191682815552 8.94570827484131 9.74275016784668 7.33829164505005 10.7817087173462
-3.4e+38 -3.4e+38 -3.4e+38 -3.4e+38 -3.4e+38 -3.4e+38 -3.4e+38 -3.4e+38 -3.4e+38 -3.4e+38 -3.4e+38 -3.4e+38 -3.4e+38 -3.4e+38 -3.4e+38 -3.4e+38 -3.4e+38 -3.4e+38 -3.4e+38 -3.4e+38 -3.4e+38 -3.4e+38 13.7819061279297 12.0270004272461 12.342583656311 13.7737083435059 13.788125038147 12.3087501525879 7.65325021743774 3.7915415763855 3.23804187774658 3.95133328437805 1.16437494754791 -0.132708385586739 -1.19091689586639 -2.07437491416931 -1.45012509822845 -0.532333195209503 2.1241250038147 1.92395842075348 2.14895820617676 2.04762482643127 1.82749998569489 0.0279167499393225 1.81674993038177 4.99037504196167 5.08825016021729 7.00779151916504 7.24749994277954 8.32491683959961 8.99137496948242 8.83641624450684
-3.4e+38 -3.4e+38 -3.4e+38 -3.4e+38 -3.4e+38 -3.4e+38 -3.4e+38 -3.4e+38 -3.4e+38 -3.4e+38 -3.4e+38 -3.4e+38 -3.4e+38 -3.4e+38 -3.4e+38 -3.4e+38 -3.4e+38 -3.4e+38 -3.4e+38 -3.4e+38 -3.4e+38 16.487720489502 11.9906921386719 11.3658332824707 12.4690828323364 13.9267082214355 13.7872085571289 11.6364583969116 6.34495830535889 3.27216649055481 2.62170839309692 4.84999990463257 0.809333324432373 0.119916595518589 -1.90054166316986 -1.93004167079926 -2.21487498283386 -0.849249839782715 1.6832081079483 0.560416698455811 0.321124881505966 -1.22133338451385 0.455833286046982 1.63429164886475 3.60625004768372 5.04024982452393 4.60204172134399 6.10387516021729 6.85062503814697 7.39641666412354 8.71387481689453 7.00983333587646
-3.4e+38 -3.4e+38 -3.4e+38 -3.4e+38 -3.4e+38 -3.4e+38 -3.4e+38 -3.4e+38 -3.4e+38 -3.4e+38 -3.4e+38 -3.4e+38 -3.4e+38 -3.4e+38 -3.4e+38 -3.4e+38 -3.4e+38 -3.4e+38 -3.4e+38 -3.4e+38 -3.4e+38 15.4709186553955 12.9237079620361 12.0067501068115 12.6769580841064 13.8590421676636 13.6559581756592 11.767541885376 8.1403751373291 4.99141645431519 4.17537498474121 5.87954187393188 3.31929183006287 1.21458315849304 -0.127500370144844 -1.95212483406067 -2.51391673088074 -0.946583449840546 1.10554158687592 -0.217250183224678 -0.768750011920929 -0.398916572332382 0.327208191156387 1.34045827388763 4.33608341217041 4.02349996566772 4.77862501144409 5.73520851135254 6.33070802688599 7.09016704559326 7.02141666412354 4.99316692352295
-3.4e+38 -3.4e+38 -3.4e+38 -3.4e+38 -3.4e+38 -3.4e+38 -3.4e+38 -3.4e+38 -3.4e+38 -3.4e+38 -3.4e+38 -3.4e+38 -3.4e+38 -3.4e+38 -3.4e+38 -3.4e+38 -3.4e+38 -3.4e+38 -3.4e+38 -3.4e+38 -3.4e+38 13.728497505188 12.5913333892822 12.2927913665771 12.6988334655762 13.4949579238892 13.1759996414185 11.5606660842896 8.49895858764648 6.28175020217896 7.65129137039185 7.58120822906494 6.84045839309692 5.40920829772949 1.57691657543182 -2.49237489700317 -0.253333419561386 -2.39058327674866 -0.367458194494247 -0.616666495800018 -0.860249996185303 -0.0919582024216652 -0.517083168029785 0.928500175476074 4.23258352279663 2.85545825958252 4.44929170608521 5.42824983596802 5.51216697692871 6.29820823669434 5.90970802307129 3.56949996948242
-3.4e+38 -3.4e+38 -3.4e+38 -3.4e+38 -3.4e+38 -3.4e+38 -3.4e+38 -3.4e+38 -3.4e+38 -3.4e+38 -3.4e+38 -3.4e+38 -3.4e+38 -3.4e+38 -3.4e+38 -3.4e+38 -3.4e+38 -3.4e+38 -3.4e+38 -3.4e+38 -3.4e+38 14.1111640930176 12.2536249160767 11.439416885376 12.4348335266113 13.2959585189819 13.0625 12.0367918014526 9.54945850372314 8.93712520599365 8.29862499237061 8.25862503051758 7.11804151535034 4.47416687011719 0.718875110149384 -2.80120849609375 -2.53087496757507 -1.39404165744781 -1.18979179859161 -1.08112490177155 -1.6803332567215 -1.13425004482269 -0.142833396792412 2.68379163742065 3.85520839691162 2.28904175758362 5.04491662979126 4.95120811462402 5.67750024795532 5.93483304977417 5.10045862197876 2.56987500190735
-3.4e+38 -3.4e+38 -3.4e+38 -3.4e+38 -3.4e+38 -3.4e+38 -3.4e+38 -3.4e+38 -3.4e+38 -3.4e+38 -3.4e+38 -3.4e+38 -3.4e+38 -3.4e+38 -3.4e+38 -3.4e+38 -3.4e+38 -3.4e+38 -3.4e+38 -3.4e+38 -3.4e+38 14.1277093887329 13.0783748626709 11.9633331298828 12.19362449646 12.8765830993652 12.9517498016357 11.9444169998169 10.2248334884644 8.33733367919922 8.10212516784668 7.82508325576782 5.33383321762085 4.10370826721191 1.23100006580353 -1.94420826435089 -2.55954170227051 -0.651083469390869 -1.01120805740356 -1.18758344650269 -2.42949986457825 -0.655541718006134 -0.255500167608261 -0.0166665706783533 2.59025001525879 2.925541639328 4.91887521743774 4.62900018692017 5.8513331413269 5.42116641998291 3.91658329963684 4.67095851898193
-3.4e+38 -3.4e+38 -3.4e+38 -3.4e+38 -3.4e+38 -3.4e+38 -3.4e+38 -3.4e+38 -3.4e+38 -3.4e+38 -3.4e+38 -3.4e+38 -3.4e+38 -3.4e+38 -3.4e+38 -3.4e+38 -3.4e+38 -3.4e+38 -3.4e+38 -3.4e+38 -3.4e+38 14.1572790145874 12.7295417785645 12.6152496337891 12.3424587249756 12.5769996643066 12.4947500228882 11.6962080001831 8.83562564849854 7.24737501144409 7.8372917175293 6.98400020599365 5.46495819091797 6.90141677856445 5.19074964523315 -0.766333401203156 -0.920291721820831 -1.86624991893768 -1.74237525463104 -1.53083312511444 -1.04183340072632 -0.726666629314423 -0.110375247895718 -0.010958194732666 1.52379167079926 2.58733320236206 4.57270812988281 5.46937465667725 5.85995864868164 4.91925001144409 3.84941649436951 5.45979166030884
-3.4e+38 -3.4e+38 -3.4e+38 -3.4e+38 -3.4e+38 -3.4e+38 -3.4e+38 -3.4e+38 -3.4e+38 -3.4e+38 -3.4e+38 -3.4e+38 -3.4e+38 -3.4e+38 -3.4e+38 -3.4e+38 -3.4e+38 -3.4e+38 -3.4e+38 -3.4e+38 -3.4e+38 13.910961151123 12.9504165649414 12.2005414962769 12.3027496337891 12.3284997940063 12.3792085647583 11.8455829620361 9.92449951171875 8.36845874786377 7.11299991607666 6.47145843505859 8.14354133605957 9.13116645812988 8.44133281707764 3.15179181098938 -1.53762495517731 -1.86033344268799 -0.336874961853027 -0.105958305299282 -0.813166618347168 -0.883083343505859 0.567541897296906 -0.56145828962326 0.966291904449463 1.69274997711182 3.55479168891907 5.74512481689453 5.3794584274292 4.73037481307983 4.92983341217041 3.92862486839294
-3.4e+38 -3.4e+38 -3.4e+38 -3.4e+38 -3.4e+38 -3.4e+38 -3.4e+38 -3.4e+38 -3.4e+38 -3.4e+38 -3.4e+38 -3.4e+38 -3.4e+38 -3.4e+38 -3.4e+38 -3.4e+38 -3.4e+38 -3.4e+38 -3.4e+38 14.3305330276489 15.1154489517212 13.9342498779297 12.8904590606689 12.6137084960938 12.6500835418701 12.6150417327881 12.6635837554932 11.5107917785645 9.11324977874756 6.79516649246216 5.56812477111816 6.08187532424927 9.4399585723877 9.48025035858154 9.25845909118652 4.62091684341431 -1.55058324337006 -1.65458333492279 -0.203958198428154 0.356208324432373 -0.0328334160149097 0.454083442687988 1.7001668214798 2.30795812606812 2.12929177284241 3.08620834350586 4.50487470626831 5.73704147338867 4.03712511062622 4.33629179000854 5.4665412902832 4.0321249961853
-3.4e+38 -3.4e+38 -3.4e+38 -3.4e+38 -3.4e+38 -3.4e+38 -3.4e+38 -3.4e+38 -3.4e+38 -3.4e+38 -3.4e+38 -3.4e+38 -3.4e+38 -3.4e+38 -3.4e+38 -3.4e+38 -3.4e+38 -3.4e+38 -3.4e+38 14.2821483612061 14.6050415039062 13.213041305542 12.80774974823 12.9259586334229 13.0949583053589 12.455207824707 11.6627502441406 10.6539583206177 7.98670864105225 7.07666683197021 6.75349998474121 8.78612518310547 9.73783302307129 9.68274974822998 9.52304172515869 6.661208152771 0.638833522796631 -1.61620831489563 -0.565958499908447 0.800041496753693 1.09954178333282 1.13045823574066 2.30641674995422 2.74216651916504 2.89758348464966 3.94658327102661 3.79745817184448 5.53762531280518 3.44733333587646 4.76704168319702 6.10212516784668 5.37062501907349
-3.4e+38 -3.4e+38 -3.4e+38 -3.4e+38 -3.4e+38 -3.4e+38 -3.4e+38 -3.4e+38 -3.4e+38 -3.4e+38 -3.4e+38 -3.4e+38 -3.4e+38 -3.4e+38 -3.4e+38 -3.4e+38 -3.4e+38 -3.4e+38 -3.4e+38 14.0854330062866 14.1268787384033 13.3481664657593 13.257833480835 13.5155830383301 13.070333480835 12.308708190918 11.9780416488647 10.8213748931885 8.96566677093506 8.31291675567627 7.62245845794678 9.62404155731201 9.96754169464111 9.75870800018311 9.69545841217041 6.55687522888184 -0.017541566863656 0.484333366155624 0.0898750647902489 -0.0964167937636375 1.56899988651276 1.30404162406921 2.3899998664856 2.51312518119812 3.83708333969116 4.26358318328857 4.92716646194458 5.45387506484985 5.03270864486694 2.70341658592224 6.24070835113525 4.82441663742065
-3.4e+38 -3.4e+38 -3.4e+38 -3.4e+38 -3.4e+38 -3.4e+38 -3.4e+38 -3.4e+38 -3.4e+38 -3.4e+38 -3.4e+38 -3.4e+38 -3.4e+38 -3.4e+38 -3.4e+38 -3.4e+38 -3.4e+38 -3.4e+38 -3.4e+38 13.8930110931396 13.9553251266479 13.5659580230713 13.1607494354248 13.6272916793823 13.5657911300659 12.8412084579468 11.9689168930054 11.3282918930054 9.89125061035156 9.56129169464111 8.31520843505859 9.8057918548584 10.0854167938232 9.90758323669434 9.734375 6.38645839691162 -0.0992499962449074 -0.161791801452637 -0.297583252191544 0.191708251833916 0.652833640575409 1.62637484073639 2.79225015640259 2.11183333396912 3.70395827293396 4.32758331298828 5.41883325576782 5.21045827865601 4.6194167137146 3.33025002479553 6.94012498855591 4.89829158782959
-3.4e+38 -3.4e+38 -3.4e+38 -3.4e+38 -3.4e+38 -3.4e+38 -3.4e+38 -3.4e+38 -3.4e+38 -3.4e+38 -3.4e+38 -3.4e+38 -3.4e+38 -3.4e+38 -3.4e+38 -3.4e+38 -3.4e+38 -3.4e+38 -3.4e+38 14.3000001907349 13.8413066864014 13.6239166259766 13.5591669082642 13.9639167785645 13.9087085723877 12.9085416793823 12.22350025177 10.7886247634888 9.40970897674561 9.48799991607666 7.23833322525024 9.40854167938232 9.14812469482422 9.72850036621094 9.13858318328857 5.0633749961853 0.279500007629395 -3.16433334350586 -0.272791713476181 1.08691680431366 1.0724583864212 0.787208318710327 2.79299998283386 2.18612504005432 3.43549990653992 5.23158359527588 5.00083351135254 5.03999996185303 3.69912505149841 5.26862525939941 6.16612482070923 8.02474975585938
-3.4e+38 -3.4e+38 -3.4e+38 -3.4e+38 -3.4e+38 -3.4e+38 -3.4e+38 -3.4e+38 -3.4e+38 -3.4e+38 -3.4e+38 -3.4e+38 -3.4e+38 -3.4e+38 -3.4e+38 -3.4e+38 -3.4e+38 -3.4e+38 -3.4e+38 14.1079998016357 13.3683757781982 13.3956670761108 13.0649166107178 13.7479581832886 13.9431667327881 13.5687923431396 12.5580415725708 10.0398750305176 9.24229145050049 9.16833305358887 6.96420812606812 8.98266696929932 6.77104139328003 8.00637531280518 7.29212474822998 3.2232084274292 1.78175008296967 0.35533332824707 0.267124980688095 2.15387487411499 3.2140417098999 1.58249998092651 2.59337496757507 1.61199975013733 2.80191683769226 4.48070812225342 4.20874977111816 3.03445816040039 2.85116672515869 4.31033325195312 9.32791709899902 10.8851661682129
-3.4e+38 -3.4e+38 -3.4e+38 -3.4e+38 -3.4e+38 -3.4e+38 -3.4e+38 -3.4e+38 -3.4e+38 -3.4e+38 -3.4e+38 -3.4e+38 -3.4e+38 -3.4e+38 -3.4e+38 -3.4e+38 -3.4e+38 -3.4e+38 -3.4e+38 13.9643936157227 12.8302917480469 13.1822080612183 13.1453332901001 13.5415830612183 13.7170000076294 13.4504995346069 12.7046670913696 10.9556665420532 9.16241645812988 6.75816631317139 6.84533357620239 7.48862504959106 5.76687479019165 6.81995820999146 4.30770826339722 0.187958315014839 0.987375020980835 2.80100011825562 0.523625075817108 1.49324989318848 3.95691680908203 2.32929182052612 2.27404165267944 0.0419165305793285 1.08612501621246 4.07516670227051 2.57208323478699 3.78679156303406 0.878250062465668 5.10237503051758 10.5801668167114 11.2866659164429
-3.4e+38 -3.4e+38 -3.4e+38 -3.4e+38 -3.4e+38 -3.4e+38 -3.4e+38 -3.4e+38 -3.4e+38 -3.4e+38 -3.4e+38 -3.4e+38 -3.4e+38 -3.4e+38 -3.4e+38 -3.4e+38 -3.4e+38 -3.4e+38 -3.4e+38 13.7306442260742 12.2901668548584 11.8806667327881 12.8063335418701 13.5292501449585 13.7280006408691 13.0023336410522 11.9497499465942 9.7348747253418 7.24754190444946 6.10675001144409 6.90987491607666 4.11462497711182 6.07424974441528 5.26320838928223 -1.06958329677582 2.85949993133545 1.40475022792816 5.00225019454956 2.12558341026306 1.84983325004578 2.72691679000854 2.42674994468689 -1.57845818996429 -0.34766674041748 1.51862502098083 3.04312491416931 3.19295835494995 4.21737480163574 2.6227080821991 3.08566665649414 10.6017084121704 12.1413335800171
-3.4e+38 -3.4e+38 -3.4e+38 -3.4e+38 -3.4e+38 -3.4e+38 -3.4e+38 -3.4e+38 -3.4e+38 -3.4e+38 -3.4e+38 -3.4e+38 -3.4e+38 -3.4e+38 -3.4e+38 -3.4e+38 -3.4e+38 -3.4e+38 -3.4e+38 13.6065578460693 11.5942497253418 10.5429162979126 11.0364170074463 13.2673749923706 13.5050420761108 12.9866666793823 11.8333749771118 9.66625022888184 6.77866649627686 7.15112495422363 6.1526665687561 2.75129175186157 3.2327082157135 1.96774995326996 -0.601500034332275 2.36625003814697 4.39650011062622 4.62283325195312 4.88016653060913 2.05229163169861 3.71112513542175 1.95116662979126 -0.246791526675224 0.922375023365021 0.257249981164932 0.50912481546402 1.78729164600372 5.54845857620239 3.41475009918213 3.23312497138977 9.89612483978271 12.4234170913696
-3.4e+38 -3.4e+38 -3.4e+38 -3.4e+38 -3.4e+38 -3.4e+38 -3.4e+38 -3.4e+38 -3.4e+38 -3.4e+38 -3.4e+38 -3.4e+38 -3.4e+38 -3.4e+38 -3.4e+38 -3.4e+38 -3.4e+38 -3.4e+38 -3.4e+38 13.4119663238525 11.3292083740234 9.98583316802979 10.0660839080811 12.1393337249756 13.1801662445068 12.9744577407837 12.0036668777466 7.96037530899048 7.09212493896484 7.44383335113525 5.04199981689453 1.04933333396912 -0.412666887044907 1.99362504482269 0.592208325862885 4.26279163360596 4.55183362960815 4.97091674804688 4.69258308410645 2.63312482833862 3.78816676139832 1.94295823574066 3.00845813751221 2.69062495231628 -0.75104171037674 1.57541644573212 1.44095838069916 5.21091651916504 5.54783344268799 7.48508310317993 10.7345409393311 12.3815422058105
-3.4e+38 -3.4e+38 -3.4e+38 -3.4e+38 -3.4e+38 -3.4e+38 -3.4e+38 -3.4e+38 -3.4e+38 -3.4e+38 -3.4e+38 -3.4e+38 -3.4e+38 -3.4e+38 -3.4e+38 -3.4e+38 -3.4e+38 -3.4e+38 -3.4e+38 13.2809190750122 11.3039579391479 10.7662496566772 11.1108751296997 11.5835838317871 12.4990005493164 12.1597919464111 10.6721668243408 7.32066679000854 5.80270862579346 6.89737510681152 3.72075009346008 -1.60779166221619 0.792875051498413 2.32612490653992 1.84812498092651 5.02362489700317 5.01312494277954 4.99249982833862 4.18908309936523 2.47812509536743 3.11158323287964 3.39045834541321 2.88395833969116 2.12270832061768 -1.81475007534027 4.00141668319702 4.19216680526733 6.05237483978271 7.15641689300537 10.0526666641235 11.5039587020874 12.0693330764771
