data/layers/Current/bio17.asc
NCOLS 494 
NROWS 529 
XLLCORNER -117.166666666667 
YLLCORNER -55.5 
CELLSIZE 0.166666666666667 
NODATA_value -3.4e+38 
[rows 204 to 237 of 529, columns 304 to 379 of 494]
522 513 505 499 493 484 484 495 506 517 523 526 524 517 509 497 482 468 459 451 451 448 452 454 449 434 407 395 410 417 428 427 424 418 413 407 404 395 386 379 364 355 341 323 307 298 288 279 278 271 269 268 267 273 277 282 282 280 278 281 286 291 291 286 279 266 261 263 270 268 239 200 184 165 148 133
540 533 526 518 509 498 492 503 521 537 547 545 538 528 517 503 488 475 465 460 458 458 462 464 461 442 421 412 414 412 420 422 418 415 410 408 406 403 393 380 362 351 331 315 300 288 277 269 264 257 254 254 256 258 260 259 261 258 256 254 251 251 249 245 238 228 224 226 229 234 213 180 157 139 127 116
561 556 546 538 525 514 503 519 549 566 571 562 550 540 524 509 496 485 476 471 468 467 472 479 476 453 433 423 421 419 418 416 409 400 395 398 398 401 402 386 363 339 328 314 299 285 270 259 254 247 246 244 242 242 240 240 237 233 226 222 220 215 209 206 198 190 185 183 180 171 157 140 129 119 112 103
600 586 573 561 549 540 540 565 599 611 606 592 570 553 534 518 504 493 483 478 475 478 482 488 489 469 447 432 427 423 413 400 399 388 382 382 385 396 404 391 371 346 325 302 286 275 260 251 243 238 234 232 230 230 227 223 216 209 200 194 189 181 172 163 156 151 152 151 142 126 110 108 108 103 99 92
634 606 585 571 573 583 602 616 645 644 624 601 577 562 543 523 509 494 484 478 476 476 479 483 478 462 445 434 427 422 408 379 370 368 362 365 369 375 383 375 360 335 307 285 275 266 255 245 236 227 225 219 218 218 219 215 209 194 178 174 167 151 143 141 137 131 127 126 121 107 95 96 102 94 91 92
623 591 570 568 578 601 629 662 690 669 632 602 580 555 537 520 505 492 482 474 469 469 471 468 463 454 440 430 417 403 387 364 339 342 337 340 340 344 351 346 337 320 297 278 270 261 250 240 231 221 215 210 210 214 216 219 214 198 173 157 152 148 144 137 135 129 124 121 116 106 98 99 102 97 98 105
567 535 527 544 570 595 631 676 703 674 625 595 567 540 518 509 494 481 474 467 461 458 459 453 449 437 421 408 393 378 363 343 314 307 305 307 307 313 323 321 317 312 300 288 276 261 250 237 223 213 208 205 202 208 217 231 234 215 191 175 167 159 149 143 138 136 132 123 114 112 117 110 113 120 121 118
533 501 501 522 546 581 607 642 650 639 606 577 550 525 501 487 473 459 454 447 445 441 437 435 427 413 400 390 374 358 341 323 298 273 272 277 277 285 292 299 303 311 307 295 278 260 247 237 224 211 202 200 196 209 227 242 251 241 224 203 184 167 156 147 143 137 134 127 119 131 131 127 126 128 125 119
518 501 499 513 537 562 583 592 603 590 573 547 525 503 478 463 451 440 436 430 428 426 421 416 411 400 385 374 360 341 321 305 290 269 247 246 254 261 267 278 292 311 317 296 271 254 244 235 223 215 206 201 209 222 240 267 290 269 245 217 192 175 163 153 148 144 142 133 129 138 136 134 127 122 123 121
502 494 495 505 524 538 552 552 552 546 532 513 489 472 450 436 425 417 414 412 409 410 407 401 392 382 370 354 341 326 306 289 276 262 243 223 235 240 246 256 278 297 306 289 269 253 242 231 215 205 213 223 224 229 255 279 291 278 247 222 198 183 169 162 157 151 147 139 137 140 137 131 121 124 123 125
494 489 488 496 507 512 520 518 517 504 493 482 460 440 424 408 396 391 392 391 387 389 389 385 376 368 360 347 332 311 294 279 261 252 237 219 212 217 232 258 246 267 280 282 270 254 247 230 210 212 231 239 243 251 262 273 277 264 243 224 202 187 177 169 164 161 154 141 142 143 134 131 127 127 127 127
486 480 479 486 485 487 491 484 481 470 449 441 426 409 395 382 368 367 368 370 369 369 368 369 363 357 353 342 330 317 297 277 257 236 217 220 212 214 209 218 238 253 262 259 255 253 242 227 217 232 246 263 277 275 273 274 269 257 238 221 206 195 184 179 172 167 159 147 151 148 142 137 133 132 132 134
474 474 472 470 465 463 460 453 444 429 423 410 393 375 365 355 344 338 338 351 360 359 353 355 354 350 348 340 328 318 301 278 258 237 220 213 215 210 219 231 247 263 273 269 255 251 246 245 248 255 265 281 301 295 283 276 267 255 240 226 214 202 193 187 181 174 164 159 159 156 150 145 142 139 140 141
462 464 465 454 443 437 428 420 409 401 392 382 364 349 336 323 316 319 323 327 337 342 345 342 343 341 341 336 331 321 310 294 275 250 239 229 227 225 223 233 247 257 262 263 267 259 262 264 266 272 279 290 295 292 284 278 267 257 243 230 220 211 201 195 192 184 175 174 168 166 155 145 140 140 140 139
447 448 446 435 423 409 397 390 379 374 366 354 344 328 307 293 286 294 308 320 330 334 335 336 330 330 335 338 339 335 332 317 295 272 253 240 236 233 237 241 250 253 263 265 266 268 266 264 266 273 277 279 282 278 274 273 266 258 249 238 227 218 209 205 201 194 187 184 179 168 155 141 137 135 134 134
424 423 421 413 397 385 373 361 352 348 342 336 326 313 299 282 272 284 296 310 323 324 325 325 328 328 327 330 334 344 347 332 307 284 264 254 247 245 245 250 255 263 268 266 270 265 265 263 265 269 269 264 267 259 265 270 267 261 253 243 234 223 219 209 203 194 194 189 182 175 156 138 136 136 132 128
400 399 395 386 374 363 348 337 329 327 323 319 314 306 294 281 276 282 289 304 317 321 326 323 322 323 324 330 333 334 340 329 308 287 271 262 255 254 254 256 266 269 267 271 267 262 260 260 258 257 258 256 253 249 256 260 260 257 249 241 234 226 218 214 198 201 200 194 188 186 160 145 137 135 128 124
379 377 370 362 351 343 327 310 309 312 308 306 305 297 291 282 282 288 293 307 309 318 319 317 317 318 317 316 324 326 326 317 304 288 273 267 260 259 262 263 271 273 269 267 265 261 257 254 251 249 246 244 243 245 250 252 254 250 248 238 233 228 223 204 205 204 204 198 190 181 159 148 136 128 122 118
359 356 352 340 331 323 313 302 299 299 300 302 297 291 285 282 291 291 294 300 306 312 312 313 314 311 306 312 318 318 315 307 296 286 275 267 263 260 260 263 270 277 270 263 260 257 251 246 243 237 234 238 236 242 243 245 245 244 243 238 234 226 218 215 214 204 202 192 183 171 151 139 128 122 116 115
341 340 333 324 319 310 305 299 295 295 297 290 286 283 282 284 285 286 297 294 300 304 306 305 307 303 301 306 307 304 302 297 288 278 272 265 259 259 262 261 264 268 265 257 254 252 248 244 238 231 227 225 232 235 237 240 242 244 242 242 235 233 224 220 215 208 198 184 176 157 141 129 123 119 115 115
325 324 317 313 310 304 301 296 296 293 288 285 282 280 279 279 278 283 288 294 296 296 295 292 291 291 291 294 294 291 291 287 280 274 272 262 258 258 259 258 261 262 259 253 251 247 246 241 229 221 215 216 219 224 233 234 239 239 238 234 228 229 222 211 211 203 189 176 161 147 133 125 122 118 118 114
307 306 303 302 301 301 297 298 297 289 283 282 278 273 269 269 269 273 275 281 281 278 276 276 274 281 283 283 283 284 282 278 273 269 262 258 256 251 254 254 258 255 252 249 244 241 237 227 217 209 206 206 210 212 225 225 222 228 230 226 221 216 210 207 199 190 178 166 150 137 124 119 118 113 111 109
291 289 291 297 298 299 298 295 291 284 279 274 269 266 265 263 263 263 266 266 261 262 263 263 263 265 266 270 272 274 278 273 265 261 262 255 251 250 252 251 252 248 244 244 236 230 222 214 209 203 199 197 201 202 211 216 215 212 215 210 206 203 199 195 184 175 165 156 145 131 121 116 113 110 108 106
279 280 286 290 292 295 292 292 288 284 279 274 268 259 259 257 253 254 255 251 244 244 250 250 251 249 253 255 257 260 260 260 258 258 252 247 243 243 242 241 236 232 231 226 220 216 207 205 200 195 191 191 191 191 197 197 199 200 202 198 194 191 189 187 179 168 156 147 138 128 119 112 110 108 103 103
270 272 273 280 282 285 288 287 287 283 279 270 263 256 252 246 243 241 240 235 230 231 232 232 234 236 235 239 248 247 248 253 252 247 240 240 235 234 229 225 220 218 217 212 209 201 195 193 191 183 180 181 182 181 182 182 183 189 190 187 180 177 174 174 175 162 152 140 131 124 117 110 106 104 103 101
261 267 268 276 277 284 288 288 284 278 274 267 257 245 238 234 231 230 226 223 223 223 219 217 220 219 220 220 228 234 239 238 237 234 231 226 221 218 216 210 209 204 202 198 195 189 187 185 182 178 170 169 171 170 169 169 171 174 176 176 172 165 165 163 158 148 141 135 128 120 113 107 104 102 103 101
254 255 263 265 271 279 283 285 284 279 273 260 245 236 228 224 218 218 215 210 212 212 209 205 204 203 201 203 214 223 230 237 233 228 222 214 209 203 202 197 193 190 189 186 183 178 175 171 168 166 161 158 156 157 154 158 158 161 159 158 159 154 153 150 146 142 133 127 121 114 108 104 100 98 99 101
248 249 256 259 266 274 279 283 282 278 267 251 236 223 217 209 206 207 206 201 202 200 199 194 191 188 186 187 195 211 223 226 224 220 214 205 196 189 185 185 180 177 176 173 169 166 163 160 156 156 150 147 144 143 145 145 146 148 148 146 144 144 141 136 133 131 125 118 113 108 105 103 100 95 96 97
240 244 251 254 261 265 274 282 285 282 269 245 224 209 203 198 196 192 190 192 189 188 187 184 182 180 175 170 183 202 216 217 216 211 205 195 186 176 172 172 167 166 162 160 158 155 150 146 147 142 139 136 132 131 134 136 137 136 134 135 131 136 133 126 128 123 117 112 106 104 101 99 98 96 95 94
230 234 241 246 252 259 268 277 284 285 267 234 210 196 187 184 181 177 178 178 177 179 179 177 175 172 170 164 187 205 209 211 210 204 194 185 179 170 166 161 155 155 152 152 150 147 143 137 132 134 130 126 121 120 123 125 129 128 124 125 121 119 118 116 118 116 106 103 101 98 97 94 93 92 93 94
223 228 232 237 241 244 254 262 266 268 248 217 189 177 175 170 168 169 169 167 167 168 169 170 167 169 173 188 213 212 205 203 199 191 185 179 169 163 157 151 147 146 143 142 140 138 134 131 127 124 120 116 115 114 116 117 118 114 115 116 113 112 109 109 105 101 98 98 96 93 92 92 91 90 91 93
215 216 220 226 230 236 242 248 245 239 220 194 169 164 161 161 159 157 158 158 158 160 161 164 161 166 173 186 197 202 198 193 191 187 177 170 161 156 149 144 137 136 133 131 130 128 124 122 118 118 113 111 110 109 109 110 112 108 108 108 105 101 99 98 95 96 93 93 91 90 89 87 87 87 87 90
205 209 211 214 220 225 228 228 226 216 201 177 162 155 152 150 151 148 150 150 152 154 153 153 154 160 163 175 182 187 186 180 178 173 170 163 154 148 143 135 131 129 126 122 122 121 118 113 113 114 108 106 105 104 102 105 104 100 99 99 96 92 92 91 88 87 91 89 86 82 82 82 82 83 83 84
199 199 201 202 206 210 211 211 206 196 184 168 157 148 144 144 144 145 147 147 147 149 148 147 148 152 157 162 167 171 172 167 166 163 160 155 147 141 135 129 122 119 118 113 111 111 111 109 104 106 104 107 104 98 96 97 96 96 93 90 87 86 85 84 81 78 83 81 79 80 79 80 79 80 81 82
