data/layers/Current/bio10.asc
NCOLS 494 
NROWS 529 
XLLCORNER -117.166666666667 
YLLCORNER -55.5 
CELLSIZE 0.166666666666667 
NODATA_value -3.4e+38 
[rows 138 to 160 of 529, columns 208 to 259 of 494]
27.0055561065674 -3.4e+38 -3.4e+38 -3.4e+38 -3.4e+38 -3.4e+38 -3.4e+38 -3.4e+38 -3.4e+38 -3.4e+38 -3.4e+38 -3.4e+38 -3.4e+38 -3.4e+38 -3.4e+38 -3.4e+38 27.3718757629395 27.1233196258545 27.3756408691406 27.4460144042969 27.3863372802734 27.6444435119629 28.1638889312744 -3.4e+38 -3.4e+38 -3.4e+38 -3.4e+38 -3.4e+38 -3.4e+38 -3.4e+38 -3.4e+38 -3.4e+38 -3.4e+38 -3.4e+38 -3.4e+38 -3.4e+38 -3.4e+38 -3.4e+38 -3.4e+38 -3.4e+38 -3.4e+38 28.3643474578857 27.9258346557617 26.8884582519531 27.7392501831055 28.5120830535889 28.7007503509521 28.6628341674805 28.6674575805664 28.7560005187988 28.7675838470459 29.0585422515869
26.5058555603027 26.4648151397705 26.5 -3.4e+38 -3.4e+38 -3.4e+38 -3.4e+38 -3.4e+38 -3.4e+38 -3.4e+38 -3.4e+38 -3.4e+38 -3.4e+38 -3.4e+38 -3.4e+38 27.529914855957 26.8475379943848 25.6924591064453 25.8126659393311 25.8435001373291 27.0234107971191 26.6206722259521 25.8567428588867 26.5566959381104 26.7844696044922 27.3799991607666 -3.4e+38 -3.4e+38 -3.4e+38 -3.4e+38 -3.4e+38 -3.4e+38 -3.4e+38 -3.4e+38 -3.4e+38 -3.4e+38 -3.4e+38 27.6833324432373 27.8510417938232 27.9360847473145 28.033332824707 28.4091491699219 28.2349586486816 27.8716678619385 28.2642078399658 28.7340412139893 28.660041809082 28.6084594726562 28.6102924346924 28.6923751831055 28.7679576873779 28.9532489776611
25.5861282348633 26.2582721710205 26.4728527069092 26.2683334350586 -3.4e+38 -3.4e+38 -3.4e+38 -3.4e+38 -3.4e+38 -3.4e+38 -3.4e+38 -3.4e+38 -3.4e+38 27.3737182617188 27.2257881164551 27.301586151123 27.1799583435059 27.1372909545898 25.2045822143555 25.7331657409668 26.64674949646 26.5529594421387 26.2977504730225 26.054874420166 25.8535404205322 26.1400375366211 26.4313831329346 27.2283325195312 -3.4e+38 -3.4e+38 -3.4e+38 -3.4e+38 -3.4e+38 -3.4e+38 -3.4e+38 -3.4e+38 -3.4e+38 27.6861114501953 27.6955833435059 28.0479164123535 28.189001083374 28.2820816040039 28.0085430145264 28.244457244873 28.4033336639404 28.5977916717529 28.6183738708496 28.5097503662109 28.4580421447754 28.6082916259766 28.8625411987305 28.9686660766602
24.6599578857422 26.1111106872559 26.4605693817139 26.4791660308838 26.5772018432617 26.8388900756836 -3.4e+38 -3.4e+38 -3.4e+38 -3.4e+38 27.2133331298828 27.1183338165283 27.0750770568848 27.3227577209473 27.2963752746582 27.4174575805664 27.3329582214355 27.3395004272461 27.417724609375 27.8771190643311 27.692045211792 26.9241256713867 26.6826667785645 26.9040412902832 26.7682495117188 26.3360004425049 25.5300407409668 26.2838401794434 27.0383834838867 -3.4e+38 -3.4e+38 -3.4e+38 -3.4e+38 -3.4e+38 -3.4e+38 -3.4e+38 -3.4e+38 27.5806617736816 27.6209163665771 28.05299949646 28.3573341369629 28.4157485961914 28.2399158477783 28.3979167938232 28.5196666717529 28.5883750915527 28.5118751525879 28.4755001068115 28.497875213623 28.657958984375 28.9077491760254 29.0208320617676
20.7622909545898 24.074893951416 26.0738677978516 26.6463775634766 26.5904121398926 26.7923908233643 -3.4e+38 -3.4e+38 -3.4e+38 27.1160564422607 27.0033111572266 27.2275829315186 27.3044166564941 27.1901245117188 27.1165828704834 27.3117923736572 27.5790309906006 27.5465126037598 28.0666675567627 -3.4e+38 27.6223964691162 27.3598556518555 26.3708324432373 25.4542922973633 25.8992919921875 26.8246669769287 26.7471256256104 26.0746250152588 26.2847061157227 26.7291660308838 -3.4e+38 -3.4e+38 -3.4e+38 -3.4e+38 -3.4e+38 -3.4e+38 27.3092975616455 27.4759216308594 27.5016250610352 28.1397514343262 28.3993339538574 28.4085006713867 28.2685832977295 28.4888744354248 28.5533752441406 28.50608253479 28.4910831451416 28.4950408935547 28.5473747253418 28.681791305542 28.8784999847412 29.035249710083
20.6817092895508 21.0439586639404 22.6848754882812 23.6876678466797 24.1638336181641 24.3999576568604 24.7894897460938 25.6495456695557 25.4317226409912 25.8387489318848 25.9253330230713 26.4642086029053 26.9049987792969 27.0517921447754 25.8295001983643 26.7028751373291 27.7038612365723 27.6696968078613 -3.4e+38 -3.4e+38 -3.4e+38 27.466667175293 27.2020168304443 27.0046768188477 25.8129577636719 26.6387920379639 27.0651245117188 26.8968334197998 25.763542175293 25.8941516876221 26.603702545166 -3.4e+38 -3.4e+38 -3.4e+38 -3.4e+38 27.0607070922852 27.0662002563477 27.2082080841064 27.5462493896484 28.1616249084473 28.2982921600342 27.8342914581299 28.0359592437744 28.4320411682129 28.4908332824707 28.4820003509521 28.5065841674805 28.4933319091797 28.6539173126221 28.6679573059082 28.0379581451416 28.9532928466797
25.9797916412354 24.9276237487793 22.763500213623 20.2142505645752 20.488166809082 19.8996658325195 21.5807914733887 23.1007919311523 23.2623748779297 22.2035007476807 22.6364994049072 26.0113754272461 27.460916519165 27.0617084503174 25.402416229248 27.7248344421387 27.8318176269531 27.5208339691162 -3.4e+38 -3.4e+38 27.6078433990479 -3.4e+38 -3.4e+38 27.3325271606445 27.2195529937744 26.8819770812988 27.0975074768066 27.136417388916 26.7786674499512 25.0268325805664 25.6271915435791 26.5144138336182 -3.4e+38 26.9688034057617 27.0184593200684 26.8214168548584 26.9905834197998 27.0071258544922 27.6052913665771 27.8977928161621 27.8708763122559 27.6399993896484 28.0846252441406 28.3912506103516 28.4200839996338 28.4728755950928 28.5241661071777 28.5760841369629 28.6251258850098 28.4519577026367 28.0763740539551 29.0139579772949
27.5360412597656 27.1751899719238 26.710636138916 24.7931671142578 23.7779998779297 24.488208770752 25.236083984375 24.6010837554932 25.0862503051758 25.0569171905518 26.1014995574951 27.7221660614014 28.1642913818359 28.1258754730225 27.9286155700684 28.0648651123047 -3.4e+38 -3.4e+38 -3.4e+38 -3.4e+38 27.5511913299561 27.5091171264648 27.7185192108154 27.1333332061768 27.1403160095215 27.2713680267334 27.0790634155273 27.0343341827393 27.1765422821045 26.1739158630371 23.6450004577637 26.2583084106445 26.3744945526123 -3.4e+38 26.9959239959717 26.7822914123535 26.6620407104492 26.9558334350586 27.4286670684814 27.8322906494141 27.8989162445068 27.9080410003662 28.1756248474121 28.4144592285156 28.4482498168945 28.5195407867432 28.5839996337891 28.5256652832031 28.0342903137207 26.5862922668457 26.7384586334229 28.7750835418701
27.3949127197266 27.3999996185303 27.5695018768311 27.5043983459473 26.8715057373047 26.398250579834 26.6342926025391 26.6842498779297 27.0606651306152 27.4005832672119 27.7700004577637 28.2101249694824 28.1723175048828 28.0968399047852 -3.4e+38 -3.4e+38 -3.4e+38 -3.4e+38 -3.4e+38 -3.4e+38 27.4224243164062 27.5397434234619 -3.4e+38 -3.4e+38 -3.4e+38 27.0753803253174 26.8736419677734 27.2914371490479 27.405876159668 27.089958190918 23.757999420166 23.3835830688477 26.7976112365723 27.1846351623535 26.7606754302979 26.3548755645752 26.5364990234375 26.7952079772949 27.5280418395996 27.6515007019043 27.7561664581299 27.939624786377 28.1914157867432 28.3666248321533 28.5192489624023 28.6315422058105 28.626708984375 28.2060413360596 26.2955837249756 23.0205001831055 23.9088325500488 28.4501247406006
27.1472225189209 27.5092582702637 27.8833332061768 27.6666679382324 27.2997646331787 26.7234172821045 26.8722915649414 27.2368335723877 27.6766662597656 27.8942089080811 28.1241264343262 28.276273727417 28.3732509613037 -3.4e+38 -3.4e+38 -3.4e+38 -3.4e+38 -3.4e+38 -3.4e+38 -3.4e+38 -3.4e+38 -3.4e+38 -3.4e+38 -3.4e+38 26.7320175170898 27.036548614502 26.4017086029053 27.236047744751 27.2328758239746 27.2854995727539 24.7923336029053 22.3952922821045 26.9613342285156 27.3112831115723 27.2791919708252 26.4541664123535 25.8894577026367 26.6369171142578 26.6342086791992 26.6978340148926 27.4525413513184 27.8708744049072 28.1014595031738 28.218957901001 28.3970832824707 28.6354579925537 28.6061248779297 27.724292755127 26.157958984375 20.8577499389648 24.0748329162598 28.6147499084473
27.4500007629395 -3.4e+38 27.4104156494141 -3.4e+38 27.4566669464111 26.966667175293 26.2926254272461 27.4244956970215 27.7601490020752 27.3002910614014 27.5535831451416 28.1178741455078 28.2488918304443 28.3136901855469 -3.4e+38 -3.4e+38 -3.4e+38 -3.4e+38 -3.4e+38 -3.4e+38 -3.4e+38 -3.4e+38 -3.4e+38 -3.4e+38 25.5090789794922 26.1210823059082 26.419376373291 26.8261661529541 24.8519172668457 26.5272083282471 26.6615009307861 25.1148338317871 27.1311664581299 27.5335178375244 27.4864845275879 26.2898330688477 24.9870414733887 26.3647918701172 24.4070415496826 25.8412094116211 27.5261669158936 27.9164581298828 28.0477085113525 28.1928749084473 28.3858337402344 28.6380844116211 28.3829174041748 26.1929588317871 24.947582244873 21.8834171295166 25.3265419006348 28.9377918243408
-3.4e+38 -3.4e+38 -3.4e+38 -3.4e+38 27.1555557250977 26.7307929992676 26.4225368499756 27.3178749084473 27.3933963775635 26.4773750305176 25.6236248016357 27.4491672515869 27.4716682434082 28.126163482666 28.1185188293457 -3.4e+38 -3.4e+38 -3.4e+38 -3.4e+38 -3.4e+38 -3.4e+38 -3.4e+38 -3.4e+38 -3.4e+38 -3.4e+38 24.3645362854004 24.4382095336914 25.5246658325195 23.4648742675781 25.160249710083 26.449125289917 27.2198333740234 27.6490840911865 27.6673736572266 27.6743755340576 26.7677917480469 24.7586250305176 26.2339572906494 25.9900417327881 26.5332508087158 27.0387077331543 26.8097076416016 27.8370418548584 28.0070838928223 28.2032089233398 28.6407909393311 28.6106243133545 26.0517921447754 22.9121246337891 23.1776657104492 26.5097503662109 28.9094581604004
-3.4e+38 -3.4e+38 -3.4e+38 26.5098762512207 26.3803100585938 -3.4e+38 27.1333332061768 27.0664901733398 27.1626071929932 26.4486885070801 24.5987091064453 26.5300426483154 26.0387077331543 27.2465419769287 27.8156394958496 27.9416656494141 -3.4e+38 -3.4e+38 -3.4e+38 -3.4e+38 -3.4e+38 -3.4e+38 -3.4e+38 -3.4e+38 -3.4e+38 26.135232925415 25.3103542327881 23.6964168548584 25.4077911376953 23.9478340148926 26.4396667480469 27.6407928466797 27.7655410766602 27.8059577941895 27.869083404541 26.5637092590332 23.3817081451416 25.4273338317871 26.4146671295166 25.3010406494141 23.5799579620361 24.9165000915527 27.0615406036377 27.3446254730225 27.2448749542236 28.5973339080811 28.5863342285156 25.5514583587646 23.1418342590332 23.2537078857422 27.2625846862793 28.78125
-3.4e+38 27.1055545806885 -3.4e+38 26.348611831665 26.3068962097168 26.7018527984619 -3.4e+38 26.8924236297607 -3.4e+38 27.4577884674072 25.5332088470459 26.2333335876465 27.9528884887695 27.600269317627 27.6566219329834 27.9833335876465 -3.4e+38 -3.4e+38 -3.4e+38 -3.4e+38 -3.4e+38 -3.4e+38 -3.4e+38 -3.4e+38 -3.4e+38 -3.4e+38 26.1638374328613 24.8350410461426 25.6602916717529 25.4474582672119 27.03737449646 27.6415824890137 27.8645000457764 27.794792175293 28.0129585266113 27.7857494354248 23.3105010986328 23.1296653747559 24.246166229248 22.1584587097168 20.9329166412354 22.3385829925537 24.44362449646 25.6132926940918 25.9706249237061 27.6500835418701 27.9969577789307 25.6878337860107 24.4204578399658 23.2058753967285 26.3979167938232 28.6784172058105
-3.4e+38 -3.4e+38 -3.4e+38 -3.4e+38 26.3876533508301 26.6530303955078 -3.4e+38 -3.4e+38 -3.4e+38 26.6957759857178 24.5099411010742 25.8289890289307 27.7423667907715 -3.4e+38 -3.4e+38 -3.4e+38 -3.4e+38 -3.4e+38 -3.4e+38 -3.4e+38 -3.4e+38 -3.4e+38 -3.4e+38 -3.4e+38 -3.4e+38 -3.4e+38 26.3333320617676 25.1796646118164 26.2729587554932 25.4964160919189 26.1515426635742 27.5833740234375 27.9635829925537 28.0191669464111 28.031623840332 27.8122081756592 25.7009162902832 19.2439575195312 20.193416595459 17.6359996795654 19.3043746948242 21.2826251983643 23.7953758239746 23.6247901916504 23.8683338165283 26.497917175293 26.793083190918 25.806999206543 25.3624591827393 25.2526664733887 27.5377082824707 28.5202503204346
-3.4e+38 -3.4e+38 -3.4e+38 -3.4e+38 -3.4e+38 -3.4e+38 -3.4e+38 -3.4e+38 -3.4e+38 -3.4e+38 -3.4e+38 -3.4e+38 -3.4e+38 -3.4e+38 -3.4e+38 -3.4e+38 -3.4e+38 -3.4e+38 -3.4e+38 -3.4e+38 -3.4e+38 -3.4e+38 -3.4e+38 -3.4e+38 -3.4e+38 -3.4e+38 -3.4e+38 27.1833324432373 27.0664749145508 26.4897499084473 26.7533340454102 27.5490417480469 27.9119987487793 28.2279987335205 27.9248332977295 26.5380420684814 25.1881256103516 19.9215831756592 17.077709197998 15.6321249008179 22.5875415802002 21.2106246948242 20.3552913665771 22.260124206543 22.6363334655762 24.625 25.27170753479 25.7715835571289 26.1052494049072 27.3116664886475 28.3991241455078 28.5102500915527
-3.4e+38 -3.4e+38 -3.4e+38 -3.4e+38 -3.4e+38 -3.4e+38 -3.4e+38 -3.4e+38 -3.4e+38 -3.4e+38 -3.4e+38 -3.4e+38 -3.4e+38 -3.4e+38 -3.4e+38 -3.4e+38 -3.4e+38 -3.4e+38 -3.4e+38 -3.4e+38 -3.4e+38 -3.4e+38 -3.4e+38 -3.4e+38 -3.4e+38 -3.4e+38 -3.4e+38 -3.4e+38 26.5928573608398 26.1983280181885 26.1455421447754 26.945291519165 28.0154991149902 28.377498626709 28.1893329620361 25.5327911376953 24.0130424499512 21.7921257019043 20.8387508392334 18.6736259460449 19.9225826263428 15.0766248703003 16.8833751678467 21.4046669006348 21.6106243133545 22.6468753814697 24.3497505187988 25.6318740844727 27.2378749847412 28.2196655273438 28.3068332672119 28.3403339385986
-3.4e+38 -3.4e+38 -3.4e+38 -3.4e+38 -3.4e+38 -3.4e+38 -3.4e+38 -3.4e+38 -3.4e+38 -3.4e+38 -3.4e+38 -3.4e+38 -3.4e+38 -3.4e+38 -3.4e+38 -3.4e+38 -3.4e+38 -3.4e+38 -3.4e+38 -3.4e+38 -3.4e+38 -3.4e+38 -3.4e+38 -3.4e+38 -3.4e+38 -3.4e+38 -3.4e+38 -3.4e+38 -3.4e+38 26.2718601226807 26.1198883056641 26.4310417175293 27.9567089080811 28.4672088623047 28.310417175293 24.5070419311523 23.6776657104492 19.1688327789307 20.0953330993652 20.5808753967285 16.5860424041748 14.2442083358765 15.2407083511353 20.1961250305176 22.4909591674805 22.5056247711182 23.9752502441406 25.8672504425049 27.6873321533203 28.2504997253418 28.2117919921875 28.2703323364258
-3.4e+38 -3.4e+38 -3.4e+38 -3.4e+38 -3.4e+38 -3.4e+38 -3.4e+38 -3.4e+38 -3.4e+38 -3.4e+38 -3.4e+38 -3.4e+38 -3.4e+38 -3.4e+38 -3.4e+38 -3.4e+38 -3.4e+38 -3.4e+38 -3.4e+38 -3.4e+38 -3.4e+38 -3.4e+38 -3.4e+38 -3.4e+38 -3.4e+38 -3.4e+38 -3.4e+38 -3.4e+38 -3.4e+38 27.1277770996094 26.4877185821533 26.7608451843262 27.8073749542236 28.3810844421387 28.1742496490479 25.8007507324219 25.1956672668457 18.3178749084473 14.6179580688477 20.3899993896484 21.3439998626709 15.0924167633057 16.3829174041748 20.747709274292 22.2463760375977 23.1307506561279 24.097541809082 26.2735824584961 28.0187911987305 28.1739177703857 28.1478748321533 27.96533203125
-3.4e+38 -3.4e+38 -3.4e+38 -3.4e+38 -3.4e+38 -3.4e+38 -3.4e+38 -3.4e+38 -3.4e+38 -3.4e+38 -3.4e+38 -3.4e+38 -3.4e+38 -3.4e+38 -3.4e+38 -3.4e+38 -3.4e+38 -3.4e+38 -3.4e+38 -3.4e+38 -3.4e+38 -3.4e+38 -3.4e+38 -3.4e+38 -3.4e+38 -3.4e+38 -3.4e+38 -3.4e+38 -3.4e+38 -3.4e+38 26.5191860198975 25.6926250457764 27.181791305542 27.9374580383301 28.1288738250732 26.0273342132568 25.0251655578613 20.2852077484131 13.8817501068115 20.3278751373291 23.2320423126221 16.0786666870117 18.8106250762939 19.1320419311523 21.1674156188965 23.4958744049072 24.8449592590332 26.8544578552246 28.1188335418701 28.0302085876465 27.9582500457764 27.5126667022705
-3.4e+38 -3.4e+38 -3.4e+38 -3.4e+38 -3.4e+38 -3.4e+38 -3.4e+38 -3.4e+38 -3.4e+38 -3.4e+38 -3.4e+38 -3.4e+38 -3.4e+38 -3.4e+38 -3.4e+38 -3.4e+38 -3.4e+38 -3.4e+38 -3.4e+38 -3.4e+38 -3.4e+38 -3.4e+38 -3.4e+38 -3.4e+38 -3.4e+38 -3.4e+38 -3.4e+38 -3.4e+38 -3.4e+38 -3.4e+38 26.1484031677246 24.5706672668457 26.510124206543 27.3447074890137 27.9027919769287 26.9570827484131 25.0288753509521 18.2059173583984 17.0137920379639 21.8587074279785 20.2939167022705 19.0725002288818 16.8989582061768 18.2602081298828 20.3732490539551 23.4542503356934 25.8554992675781 27.7522506713867 28.0709571838379 27.68141746521 27.6824169158936 26.2629165649414
-3.4e+38 -3.4e+38 -3.4e+38 -3.4e+38 -3.4e+38 -3.4e+38 -3.4e+38 -3.4e+38 -3.4e+38 -3.4e+38 -3.4e+38 -3.4e+38 -3.4e+38 -3.4e+38 -3.4e+38 -3.4e+38 -3.4e+38 -3.4e+38 -3.4e+38 -3.4e+38 -3.4e+38 -3.4e+38 -3.4e+38 -3.4e+38 -3.4e+38 -3.4e+38 -3.4e+38 -3.4e+38 -3.4e+38 -3.4e+38 26.7304344177246 24.8080825805664 25.8405838012695 27.0150833129883 27.6219158172607 27.4639587402344 25.5174579620361 20.0007915496826 15.3578748703003 21.2574577331543 21.3301658630371 16.6257915496826 16.6579170227051 17.148624420166 21.2474174499512 23.8511657714844 26.6537914276123 28.0504169464111 27.9673748016357 27.2616672515869 26.4217910766602 22.6964988708496
-3.4e+38 -3.4e+38 -3.4e+38 -3.4e+38 -3.4e+38 -3.4e+38 -3.4e+38 -3.4e+38 -3.4e+38 -3.4e+38 -3.4e+38 -3.4e+38 -3.4e+38 -3.4e+38 -3.4e+38 -3.4e+38 -3.4e+38 -3.4e+38 -3.4e+38 -3.4e+38 -3.4e+38 -3.4e+38 -3.4e+38 -3.4e+38 -3.4e+38 -3.4e+38 -3.4e+38 -3.4e+38 -3.4e+38 -3.4e+38 26.8500003814697 25.9828033447266 26.0481662750244 26.6350421905518 27.3672924041748 27.258207321167 25.6540412902832 19.2714176177979 16.8794593811035 22.5207920074463 23.0704574584961 20.2992916107178 16.169750213623 17.066333770752 23.1867084503174 24.6960411071777 27.2964172363281 28.0625839233398 27.765417098999 25.5938339233398 24.8992500305176 16.1117916107178
