data/layers/Current/bio13.asc
NCOLS 494 
NROWS 529 
XLLCORNER -117.166666666667 
YLLCORNER -55.5 
CELLSIZE 0.166666666666667 
NODATA_value -3.4e+38 
[rows 363 to 395 of 529, columns 296 to 369 of 494]
30 36 40 43 55 59 59 69 83 91 83 107 125 138 142 144 144 148 146 140 136 129 123 119 115 108 104 103 104 105 106 109 114 117 122 126 130 135 140 145 150 154 157 159 160 160 160 160 158 157 156 155 152 153 152 152 154 156 158 161 164 163 160 161 163 164 165 165 167 168 170 173 180 187
38 42 45 47 57 56 62 73 80 93 81 103 121 131 137 139 141 143 140 135 130 125 121 117 111 106 101 102 103 104 108 111 115 119 123 128 131 136 140 144 148 152 155 157 158 158 158 157 155 153 151 148 144 144 143 142 146 152 156 159 161 161 156 157 159 160 161 162 162 162 167 174 182 187
42 44 48 53 59 58 68 79 85 93 80 100 115 124 133 134 135 136 133 127 126 122 118 115 110 105 100 102 104 106 109 112 116 121 125 129 132 136 141 144 147 150 153 154 155 155 154 153 151 149 146 143 138 137 137 138 143 148 153 157 160 160 157 154 155 156 157 158 157 162 167 173 179 185
45 45 50 57 58 63 70 80 87 90 81 102 111 117 127 125 125 127 126 123 121 121 117 115 111 107 105 104 106 108 111 114 118 123 127 130 133 136 140 144 146 149 151 153 153 153 153 151 149 146 143 139 134 133 135 138 142 147 152 155 157 158 159 159 158 157 157 158 161 164 168 172 177 180
47 45 49 53 55 67 70 80 88 84 91 102 107 115 118 117 119 120 120 118 118 120 118 114 112 110 109 108 108 110 113 116 121 124 128 131 134 137 140 143 145 148 150 151 152 152 152 150 147 145 141 137 133 132 134 138 142 146 150 154 158 160 161 162 162 162 161 161 163 166 168 172 176 179
48 48 49 54 62 69 71 79 84 86 94 99 104 113 112 110 112 115 115 114 116 118 117 115 113 112 111 111 112 113 114 119 122 125 129 132 135 138 140 143 145 147 149 151 151 150 149 149 147 144 141 137 134 134 134 137 141 146 151 155 160 163 165 166 167 167 167 167 168 169 170 173 176 178
52 51 50 55 64 69 74 80 83 89 91 96 102 109 107 105 107 110 110 111 113 111 113 116 115 114 115 114 114 117 118 121 124 127 130 133 136 138 141 143 145 147 148 149 150 149 149 147 146 144 141 139 137 136 136 137 140 146 151 156 161 165 167 169 171 171 172 171 172 172 173 174 177 179
53 50 55 56 62 66 74 82 85 84 87 92 95 104 102 101 103 105 105 111 108 108 116 117 117 118 117 119 118 120 121 124 127 129 132 135 137 139 142 144 146 147 147 148 148 148 148 147 146 144 141 140 139 138 138 139 141 145 150 156 161 165 168 171 173 174 174 174 174 174 174 175 177 178
51 49 60 60 62 68 81 83 83 84 89 92 93 99 97 96 98 100 101 106 105 110 115 119 121 122 121 120 121 124 125 126 128 130 133 136 138 140 142 144 146 147 147 147 148 148 149 148 146 144 142 142 141 140 140 141 142 145 150 156 162 167 171 175 177 177 176 176 176 176 177 175 175 176
48 53 65 66 62 75 85 83 85 86 90 90 90 94 93 93 95 98 98 106 108 110 114 121 124 126 124 124 125 125 126 128 130 132 134 136 139 141 143 145 146 147 147 147 148 149 149 148 147 145 143 143 142 142 142 143 143 145 151 157 164 169 174 178 180 179 177 175 176 176 176 175 176 175
50 56 68 68 67 78 82 83 83 85 86 87 88 91 91 93 93 97 95 101 104 108 115 122 126 128 127 127 127 127 127 129 131 133 136 137 139 141 143 145 146 147 147 148 149 149 149 149 148 146 145 144 144 144 144 145 146 147 152 158 165 170 176 181 183 179 176 173 171 172 174 175 176 175
53 57 63 75 70 77 80 84 86 86 87 90 90 92 92 90 91 92 93 95 100 107 114 121 127 131 130 128 129 129 130 132 134 136 139 139 140 142 144 146 146 147 147 149 149 149 149 149 148 147 147 146 145 145 146 147 147 148 152 159 164 170 175 179 180 176 172 169 167 168 170 173 174 171
57 59 62 75 78 77 83 87 86 88 90 91 92 91 91 92 93 90 92 92 97 105 114 120 129 134 132 130 130 131 131 134 135 138 140 140 141 143 145 146 147 148 148 149 150 149 149 148 148 148 148 147 147 147 147 148 149 150 153 159 164 169 172 174 173 170 169 166 164 160 162 166 167 165
60 62 67 68 74 80 83 86 88 88 89 91 91 92 91 89 89 91 90 90 94 105 112 118 128 131 130 130 131 133 133 134 136 138 139 140 142 144 145 146 148 149 149 150 150 150 148 148 148 148 148 148 147 148 149 150 151 152 152 157 162 166 167 168 169 170 170 168 165 162 158 158 158 157
60 67 70 70 74 78 84 86 89 90 91 92 92 93 95 92 88 88 89 89 93 105 110 116 125 130 129 131 133 133 134 133 133 134 138 141 143 144 146 147 148 149 149 150 150 150 149 148 147 147 147 148 148 149 150 151 152 153 154 154 159 163 165 167 168 170 170 168 165 161 156 151 150 149
57 67 70 73 75 78 81 86 88 91 92 92 93 93 93 90 89 90 90 92 97 104 108 117 126 130 130 131 132 131 131 130 131 134 139 142 144 145 147 148 149 150 150 151 151 150 149 148 145 145 146 147 149 150 151 152 153 154 154 155 156 160 164 165 167 168 168 168 164 159 154 148 148 148
58 66 72 78 80 82 82 86 88 93 94 94 93 92 92 91 91 91 92 96 103 106 109 121 127 132 133 133 131 131 131 131 131 135 140 142 144 146 148 149 150 151 151 151 151 150 149 147 145 144 145 147 149 150 151 152 154 154 156 155 155 157 160 162 163 164 165 165 161 156 150 146 146 146
65 64 72 80 80 82 84 88 91 93 95 94 93 94 94 93 93 93 95 100 108 107 113 125 131 135 136 136 135 134 132 131 131 135 139 142 145 147 148 149 150 150 151 152 152 152 151 149 145 143 146 148 149 151 152 153 154 155 157 157 156 156 156 158 158 159 159 158 156 151 146 144 143 141
71 67 70 77 80 82 85 86 92 95 96 96 95 97 96 97 97 99 101 104 110 109 120 130 135 138 138 139 137 134 132 131 131 134 139 142 145 147 148 149 150 151 151 152 153 154 154 152 148 147 147 149 150 151 152 154 155 157 158 157 156 155 154 153 153 153 153 151 149 147 144 143 146 148
72 74 66 78 79 83 88 88 93 96 96 97 96 97 98 100 100 103 106 107 109 116 132 138 140 140 139 138 136 135 133 130 130 134 139 143 145 148 148 148 149 149 151 152 155 157 158 155 153 150 150 150 150 151 152 154 156 157 159 158 156 155 153 152 150 149 147 145 142 140 140 142 142 146
73 80 71 82 82 83 90 93 95 97 96 97 98 99 100 102 103 104 107 108 114 137 147 146 144 143 140 138 136 134 132 129 128 132 139 144 146 148 148 148 147 148 149 151 156 160 162 160 157 154 152 151 150 150 152 153 155 157 159 157 155 154 152 150 148 147 145 142 140 139 137 134 134 137
76 82 82 86 88 85 91 94 94 96 97 98 98 100 101 104 104 104 106 110 123 146 150 150 147 144 141 138 135 133 131 128 126 129 139 143 145 146 146 146 146 146 147 149 155 162 166 162 158 155 152 151 149 150 150 151 152 153 155 153 152 151 151 149 147 145 143 140 138 136 134 131 129 131
78 83 84 86 88 87 87 90 93 95 97 99 100 101 104 104 105 103 106 109 123 137 146 150 148 144 140 137 134 132 129 127 125 128 135 140 142 142 144 144 144 144 145 147 153 159 162 161 158 154 152 150 149 148 147 147 148 149 149 149 149 148 148 148 146 144 141 138 136 134 131 128 126 125
79 81 84 84 88 90 88 89 92 93 96 98 100 102 106 107 107 105 106 108 118 129 138 144 144 141 138 135 132 130 128 126 125 126 131 135 138 140 141 142 143 143 144 147 151 155 158 158 155 152 150 148 147 145 144 143 144 145 145 145 146 147 146 146 145 143 140 136 134 131 128 126 123 121
78 78 83 81 82 83 86 89 91 92 96 97 99 102 108 109 109 103 106 105 109 119 128 135 137 136 134 132 129 128 126 126 126 125 127 130 134 137 139 142 142 143 145 148 150 152 154 153 152 149 147 145 144 141 140 138 138 139 141 142 144 145 145 144 143 140 138 135 132 129 127 123 121 119
73 76 80 79 77 78 83 86 89 91 95 98 100 102 105 108 109 104 105 102 102 110 120 128 131 131 129 127 125 124 124 125 126 127 127 126 130 134 139 142 143 144 146 147 149 150 150 149 147 145 143 141 139 136 134 133 132 133 136 139 142 144 144 143 141 138 136 133 130 127 125 122 119 119
69 70 73 76 73 76 80 84 87 90 92 95 98 101 103 106 106 103 105 102 101 109 119 124 127 126 125 122 121 121 121 123 125 128 129 128 128 133 137 141 144 146 147 147 148 148 147 145 143 141 138 136 133 131 129 127 127 127 131 137 141 143 144 142 140 137 134 131 128 125 123 120 118 119
64 67 71 74 70 74 78 82 84 88 91 92 94 98 101 104 104 102 104 104 107 112 119 124 125 124 121 119 117 118 118 121 126 130 132 130 127 133 137 141 145 147 148 147 146 145 144 141 139 137 134 131 128 126 124 123 126 127 127 135 141 145 145 142 139 136 134 130 126 123 120 119 116 116
60 62 67 71 67 71 76 79 82 85 88 88 93 97 99 102 103 101 105 108 113 117 123 125 126 124 121 118 116 115 116 120 127 133 135 132 127 133 138 142 145 147 147 144 144 142 140 137 134 132 129 127 124 122 121 123 125 126 124 133 142 147 146 142 139 135 131 127 124 121 119 117 116 115
56 58 63 68 65 68 72 76 79 82 82 85 90 95 98 101 102 102 108 113 120 125 129 129 128 125 122 120 117 116 117 120 127 134 136 132 127 134 139 143 145 145 143 140 138 136 135 133 130 128 125 123 120 120 121 121 122 121 123 132 141 146 144 141 137 134 129 126 121 119 117 116 115 114
53 56 60 65 64 65 69 73 77 78 80 85 89 93 97 99 101 105 113 119 127 133 135 133 130 126 123 121 119 118 119 121 126 130 131 129 129 135 141 146 147 143 139 136 134 131 129 127 125 124 121 121 121 120 119 117 116 117 121 129 136 140 141 139 136 133 129 125 122 120 118 116 114 113
50 52 56 60 60 63 67 71 74 77 81 85 88 92 94 97 101 107 115 123 133 140 140 136 131 127 124 122 120 120 120 121 124 126 126 127 132 137 142 147 147 143 138 134 129 126 124 123 121 120 123 123 121 118 115 111 111 115 121 126 132 136 137 136 134 132 131 127 124 121 119 117 115 113
47 50 52 56 58 62 65 68 72 76 80 83 87 90 93 97 102 109 116 124 132 138 138 134 131 128 125 123 121 121 123 124 125 126 128 131 135 139 143 145 144 141 137 132 126 121 119 119 118 124 129 127 122 115 110 110 109 113 126 130 130 133 135 135 134 133 132 132 126 123 121 118 115 113
