data/layers/Current/bio11.asc
NCOLS 494 
NROWS 529 
XLLCORNER -117.166666666667 
YLLCORNER -55.5 
CELLSIZE 0.166666666666667 
NODATA_value -3.4e+38 
[rows 368 to 390 of 529, columns 364 to 415 of 494]
15.2689580917358 15.3385410308838 15.3692502975464 15.3115835189819 15.3160839080811 15.3488750457764 15.3040828704834 15.2123336791992 15.1568756103516 15.0045003890991 14.9490833282471 14.8944997787476 14.7331247329712 14.5891256332397 14.372166633606 14.3946666717529 14.3199996948242 14.3076667785645 14.2829580307007 14.2595415115356 14.3267917633057 14.179500579834 14.0159168243408 13.4404582977295 12.966625213623 12.8145418167114 13.4928750991821 13.4970836639404 13.3122501373291 12.865291595459 12.9769582748413 12.425666809082 12.4956665039062 12.8623332977295 12.7924165725708 12.7549161911011 12.6365833282471 12.1244583129883 11.284083366394 12.1227083206177 14.4172916412354 15.1107501983643 15.3476667404175 15.7102193832397 16.0575847625732 16.3875007629395 -3.4e+38 -3.4e+38 -3.4e+38 -3.4e+38 -3.4e+38 -3.4e+38
15.1234588623047 15.1824588775635 15.1665420532227 15.1567916870117 15.1242504119873 15.0417079925537 15.0398330688477 14.8607921600342 14.7877502441406 14.781457901001 14.6452913284302 14.5536251068115 14.4448747634888 14.2464580535889 13.9611253738403 14.1387920379639 14.2270832061768 14.3294162750244 14.2347917556763 14.3687915802002 14.3205833435059 13.7022085189819 13.3758335113525 13.0793752670288 12.8872079849243 13.0064163208008 13.2439165115356 13.7498750686646 13.6619167327881 13.0952920913696 13.1418752670288 12.9859580993652 12.7720003128052 12.2815418243408 12.3665828704834 12.3822078704834 12.4186668395996 12.1137504577637 11.5465002059937 13.222541809082 15.0431671142578 15.1663751602173 15.2934970855713 15.5827865600586 -3.4e+38 -3.4e+38 -3.4e+38 -3.4e+38 -3.4e+38 -3.4e+38 -3.4e+38 -3.4e+38
14.9619998931885 14.937292098999 14.9217920303345 14.9193334579468 14.8622913360596 14.8039999008179 14.8315420150757 14.6514167785645 14.3753757476807 14.1675415039062 14.2444162368774 14.1815414428711 14.2024583816528 14.1973752975464 13.8974580764771 13.898624420166 13.9792499542236 14.1118335723877 14.2485418319702 14.423041343689 14.3367500305176 13.9112501144409 13.1575422286987 13.3004999160767 13.4207496643066 13.552791595459 13.541166305542 14.0276250839233 13.9171667098999 13.7821254730225 13.1459169387817 12.4687919616699 12.1988754272461 11.8417921066284 11.810583114624 11.7282085418701 11.7945423126221 11.7082500457764 11.3846664428711 13.8643741607666 15.0858335494995 15.2180633544922 15.2296295166016 -3.4e+38 -3.4e+38 -3.4e+38 -3.4e+38 -3.4e+38 -3.4e+38 -3.4e+38 -3.4e+38 -3.4e+38
14.6860418319702 14.7278747558594 14.7752504348755 14.7345418930054 14.704833984375 14.6893749237061 14.6636667251587 14.6522083282471 14.4058752059937 13.9728336334229 14.2447500228882 14.1874589920044 14.2976245880127 14.0332088470459 13.9987087249756 13.9837913513184 13.7364587783813 13.830249786377 13.9612083435059 14.3232498168945 14.2862501144409 13.7464170455933 13.4733333587646 13.2584161758423 13.2525415420532 13.9026250839233 14.1439580917358 14.464916229248 13.9833755493164 12.9889583587646 12.7366247177124 12.821084022522 13.0493335723877 12.3973331451416 11.8450832366943 11.4661664962769 11.3015413284302 11.3913335800171 12.6318330764771 14.9562082290649 15.2661733627319 15.2014122009277 -3.4e+38 -3.4e+38 -3.4e+38 -3.4e+38 -3.4e+38 -3.4e+38 -3.4e+38 -3.4e+38 -3.4e+38 -3.4e+38
14.5912084579468 14.6037502288818 14.5573749542236 14.5912084579468 14.5959997177124 14.5296249389648 14.3820419311523 14.5139579772949 14.2076663970947 14.0003747940063 14.4055833816528 14.5287914276123 14.1531248092651 14.3774995803833 14.2592086791992 13.9187917709351 13.6051254272461 13.9670419692993 13.9830827713013 14.2868337631226 13.757791519165 13.3790416717529 13.584792137146 13.5746660232544 13.3736667633057 13.8176670074463 14.8629999160767 15.1365003585815 14.4069576263428 13.5323333740234 14.1142501831055 14.3463745117188 13.5050420761108 12.5351667404175 13.1981248855591 11.7520418167114 11.328332901001 12.0605411529541 12.9908332824707 14.9595050811768 15.2336082458496 -3.4e+38 -3.4e+38 -3.4e+38 -3.4e+38 -3.4e+38 -3.4e+38 -3.4e+38 -3.4e+38 -3.4e+38 -3.4e+38 -3.4e+38
14.3938331604004 14.3467922210693 14.2709169387817 14.3596668243408 14.3600006103516 14.40625 14.4929170608521 14.5410003662109 14.5737504959106 14.6146249771118 14.8228750228882 14.7144165039062 14.7766666412354 14.7601661682129 14.5570411682129 14.3848333358765 13.9337921142578 14.0931243896484 14.8212909698486 14.5538749694824 13.5376663208008 13.8465414047241 14.3457508087158 14.4838752746582 14.4745826721191 14.9318752288818 15.1473751068115 15.1382503509521 14.876916885376 14.8408756256104 15.2037496566772 15.1261253356934 14.4212493896484 14.1819581985474 14.7788743972778 14.1429576873779 12.8795833587646 13.3937082290649 14.7162494659424 15.2852687835693 -3.4e+38 -3.4e+38 -3.4e+38 -3.4e+38 -3.4e+38 -3.4e+38 -3.4e+38 -3.4e+38 -3.4e+38 -3.4e+38 -3.4e+38 -3.4e+38
14.1624164581299 14.1305418014526 14.0760831832886 14.1007919311523 14.1684169769287 14.1598339080811 14.2194585800171 14.3404579162598 14.5606250762939 14.6495418548584 14.6732501983643 14.7554588317871 14.7637500762939 14.8172912597656 14.8155832290649 14.9685831069946 15.027250289917 14.9537496566772 15.1077919006348 15.1352081298828 14.8649578094482 14.9407081604004 15.0107498168945 15.0673332214355 14.8839168548584 14.9282503128052 15.0875835418701 15.1780834197998 15.0910415649414 15.0591669082642 15.303750038147 15.3437080383301 15.326000213623 14.9068756103516 14.9951667785645 14.9307079315186 14.0869588851929 14.0941257476807 15.2417802810669 15.2491664886475 -3.4e+38 -3.4e+38 -3.4e+38 -3.4e+38 -3.4e+38 -3.4e+38 -3.4e+38 -3.4e+38 -3.4e+38 -3.4e+38 -3.4e+38 -3.4e+38
13.8896255493164 13.8805418014526 13.8260831832886 13.8500003814697 14.0082082748413 14.0239582061768 13.9886665344238 14.1246252059937 14.3580837249756 14.5387916564941 14.5699577331543 14.5574169158936 14.5479583740234 14.6724166870117 14.8806247711182 14.8961248397827 15.0098743438721 15.0484580993652 15.0242919921875 15.0757913589478 15.0594577789307 14.8981246948242 14.8859167098999 14.8476247787476 14.9399166107178 14.9505414962769 15.0276670455933 15.0696668624878 15.1555004119873 15.2387084960938 15.3657913208008 15.4821519851685 15.418041229248 15.2025833129883 15.2426252365112 15.2030420303345 15.0140838623047 15.0615005493164 15.2050371170044 -3.4e+38 -3.4e+38 -3.4e+38 -3.4e+38 -3.4e+38 -3.4e+38 -3.4e+38 -3.4e+38 -3.4e+38 -3.4e+38 -3.4e+38 -3.4e+38 -3.4e+38
13.6917495727539 13.5882081985474 13.500958442688 13.7146244049072 13.8143749237061 13.9075422286987 13.9527502059937 13.9484167098999 14.1940412521362 14.4146671295166 14.4105834960938 14.479416847229 14.4769582748413 14.6070003509521 14.7875833511353 14.8863754272461 14.8833751678467 14.8713750839233 14.8887090682983 14.9027919769287 14.8987503051758 14.8851251602173 14.8505001068115 14.8533744812012 14.8334169387817 14.8159999847412 14.8330001831055 14.7981252670288 14.8991670608521 14.9817504882812 15.2609996795654 15.3597660064697 15.168083190918 15.1797914505005 15.158374786377 15.18274974823 15.1748752593994 15.1466312408447 15.1719694137573 -3.4e+38 -3.4e+38 -3.4e+38 -3.4e+38 -3.4e+38 -3.4e+38 -3.4e+38 -3.4e+38 -3.4e+38 -3.4e+38 -3.4e+38 -3.4e+38 -3.4e+38
13.5762500762939 13.4811248779297 13.3207912445068 13.4912080764771 13.6206665039062 13.7506675720215 13.7767496109009 13.7451667785645 14.0249586105347 14.266040802002 14.2652082443237 14.3344163894653 14.4310417175293 14.6139583587646 14.6578330993652 14.4823751449585 14.373833656311 14.375 14.6191244125366 14.6421251296997 14.668041229248 14.5773754119873 14.5819997787476 14.4849586486816 14.5162496566772 14.444375038147 14.2706670761108 14.3970832824707 14.3032503128052 14.3857917785645 14.9967498779297 15.2441606521606 15.1211748123169 15.0212507247925 15.2254495620728 15.181037902832 15.1049585342407 15.0794200897217 -3.4e+38 -3.4e+38 -3.4e+38 -3.4e+38 -3.4e+38 -3.4e+38 -3.4e+38 -3.4e+38 -3.4e+38 -3.4e+38 -3.4e+38 -3.4e+38 -3.4e+38 -3.4e+38
13.5280828475952 13.4270000457764 13.2655000686646 13.1834163665771 13.4358329772949 13.4639167785645 13.4791660308838 13.6866664886475 13.9470834732056 14.0960836410522 14.2317504882812 14.2369995117188 14.3729162216187 14.3533334732056 14.2732915878296 13.7519578933716 13.8772087097168 14.1775417327881 14.1300001144409 14.4975414276123 14.3331661224365 14.0007915496826 13.7328338623047 13.6555833816528 13.8421669006348 13.5973749160767 13.2395000457764 13.0277919769287 13.5332918167114 14.3605833053589 14.9006252288818 15.0305347442627 14.977108001709 15.1537771224976 15.0974683761597 15.0513887405396 15.0102500915527 14.9567413330078 -3.4e+38 -3.4e+38 -3.4e+38 -3.4e+38 -3.4e+38 -3.4e+38 -3.4e+38 -3.4e+38 -3.4e+38 -3.4e+38 -3.4e+38 -3.4e+38 -3.4e+38 -3.4e+38
13.2080001831055 13.3660831451416 13.2680835723877 13.0311660766602 13.1225414276123 13.1450414657593 13.3706245422363 13.6511249542236 13.8626251220703 13.9501247406006 14.1099586486816 14.1772918701172 14.1339168548584 14.0139589309692 13.9896249771118 13.5759162902832 13.5690832138062 13.7329168319702 13.8989582061768 14.3341665267944 14.0102500915527 13.528416633606 12.8296670913696 12.8584585189819 12.8914165496826 12.94700050354 13.1589164733887 13.3507080078125 13.9705829620361 14.421875 14.8012409210205 14.9541168212891 -3.4e+38 -3.4e+38 14.9541664123535 14.9582080841064 14.9044399261475 -3.4e+38 -3.4e+38 -3.4e+38 -3.4e+38 -3.4e+38 -3.4e+38 -3.4e+38 -3.4e+38 -3.4e+38 -3.4e+38 -3.4e+38 -3.4e+38 -3.4e+38 -3.4e+38 -3.4e+38
12.8410415649414 13.0678329467773 13.0173330307007 12.9274997711182 12.7768335342407 12.9427919387817 13.3232917785645 13.5912084579468 13.6969165802002 13.8461666107178 13.9855003356934 14.0115003585815 13.9760837554932 13.7704162597656 13.2232503890991 13.460916519165 13.9479999542236 13.7007083892822 13.8665418624878 13.8629999160767 13.5407085418701 13.4918746948242 13.1442909240723 13.2640838623047 13.6429996490479 13.8477916717529 13.831916809082 13.9890832901001 14.389666557312 14.6704998016357 14.7854776382446 14.7873334884644 -3.4e+38 -3.4e+38 14.8283786773682 14.8164281845093 14.8365077972412 -3.4e+38 -3.4e+38 -3.4e+38 -3.4e+38 -3.4e+38 -3.4e+38 -3.4e+38 -3.4e+38 -3.4e+38 -3.4e+38 -3.4e+38 -3.4e+38 -3.4e+38 -3.4e+38 -3.4e+38
12.6990833282471 12.6277914047241 12.6167497634888 12.6374588012695 12.4926662445068 12.8435840606689 13.1882495880127 13.3901252746582 13.5985832214355 13.6957082748413 13.8591251373291 13.7917499542236 13.6032915115356 13.4739580154419 13.2701663970947 13.5073328018188 13.744291305542 13.8799171447754 13.8813753128052 13.6270418167114 13.9137077331543 13.7588748931885 13.5995416641235 14.0175838470459 14.0422506332397 14.0926246643066 14.228458404541 14.3756666183472 14.539249420166 14.6311254501343 14.7225608825684 -3.4e+38 -3.4e+38 14.7304124832153 14.6987113952637 14.6315898895264 -3.4e+38 -3.4e+38 -3.4e+38 -3.4e+38 -3.4e+38 -3.4e+38 -3.4e+38 -3.4e+38 -3.4e+38 -3.4e+38 -3.4e+38 -3.4e+38 -3.4e+38 -3.4e+38 -3.4e+38 -3.4e+38
12.7704582214355 12.6185827255249 12.4474582672119 12.3415412902832 12.7507085800171 12.8659162521362 12.9537916183472 13.2115001678467 13.3664999008179 13.5395421981812 13.7060413360596 13.7998752593994 13.5679168701172 13.234375 13.2555837631226 13.3529167175293 13.310583114624 13.4482498168945 13.6424999237061 13.6964998245239 13.744083404541 13.6492919921875 13.6429586410522 13.7302503585815 13.7895832061768 14.0342082977295 14.2470827102661 14.3932495117188 14.4559993743896 14.5329666137695 14.5991868972778 14.5333337783813 14.5602912902832 14.5803155899048 14.5134181976318 -3.4e+38 -3.4e+38 -3.4e+38 -3.4e+38 -3.4e+38 -3.4e+38 -3.4e+38 -3.4e+38 -3.4e+38 -3.4e+38 -3.4e+38 -3.4e+38 -3.4e+38 -3.4e+38 -3.4e+38 -3.4e+38 -3.4e+38
12.5443334579468 12.2679996490479 12.2248334884644 12.6146669387817 12.8219585418701 12.7950000762939 12.9058332443237 12.9704999923706 13.0884580612183 13.2454586029053 13.4865837097168 13.6037492752075 13.6440000534058 13.5139589309692 13.3656244277954 13.2597503662109 13.0712919235229 13.2901668548584 13.3757085800171 13.2288331985474 13.1357917785645 12.9558334350586 12.8889579772949 12.9930419921875 13.3597917556763 13.7274580001831 14.0442924499512 14.3556146621704 14.4128494262695 14.4455280303955 -3.4e+38 -3.4e+38 14.447078704834 14.4175844192505 14.3833332061768 -3.4e+38 -3.4e+38 -3.4e+38 -3.4e+38 -3.4e+38 -3.4e+38 -3.4e+38 -3.4e+38 -3.4e+38 -3.4e+38 -3.4e+38 -3.4e+38 -3.4e+38 -3.4e+38 -3.4e+38 -3.4e+38 -3.4e+38
12.3987913131714 12.1834583282471 12.3842496871948 12.5609588623047 12.6993751525879 12.7697086334229 12.8390836715698 12.9092502593994 12.8550415039062 12.9615421295166 13.1668338775635 13.3502502441406 13.6012496948242 13.75 13.8282499313354 13.6380004882812 13.3540830612183 13.040207862854 12.9865837097168 12.7045001983643 12.9046249389648 13.048957824707 12.8372497558594 13.1616249084473 13.6386251449585 14.0923337936401 14.2689456939697 14.3380336761475 -3.4e+38 -3.4e+38 14.1666660308838 14.2480659484863 14.3284597396851 -3.4e+38 -3.4e+38 -3.4e+38 -3.4e+38 -3.4e+38 -3.4e+38 -3.4e+38 -3.4e+38 -3.4e+38 -3.4e+38 -3.4e+38 -3.4e+38 -3.4e+38 -3.4e+38 -3.4e+38 -3.4e+38 -3.4e+38 -3.4e+38 -3.4e+38
12.1833333969116 12.2928743362427 12.4762077331543 12.4998750686646 12.6162919998169 12.7011671066284 12.6979999542236 12.58424949646 12.5983753204346 12.7349586486816 12.9916667938232 13.1559171676636 13.3720006942749 13.469874382019 13.4726667404175 13.4886665344238 13.3813753128052 13.0284996032715 12.4713754653931 12.7455415725708 13.2191247940063 13.4972076416016 13.4132080078125 13.6057500839233 14.0827503204346 14.2598333358765 14.2727947235107 -3.4e+38 -3.4e+38 14.1300926208496 14.1292915344238 14.148473739624 -3.4e+38 -3.4e+38 -3.4e+38 -3.4e+38 -3.4e+38 -3.4e+38 -3.4e+38 -3.4e+38 -3.4e+38 -3.4e+38 -3.4e+38 -3.4e+38 -3.4e+38 -3.4e+38 -3.4e+38 -3.4e+38 -3.4e+38 -3.4e+38 -3.4e+38 -3.4e+38
11.9579162597656 11.9975414276123 12.3492918014526 12.4890413284302 12.5392913818359 12.6620416641235 12.57337474823 12.5261249542236 12.5950832366943 12.5295419692993 12.6431665420532 12.9134588241577 13.0469169616699 13.044750213623 13.2056665420532 13.2240419387817 13.2270832061768 12.6403331756592 12.7717914581299 12.8698329925537 13.3480834960938 13.6962919235229 13.8991670608521 13.9930419921875 14.3627500534058 14.3015441894531 14.1161613464355 13.8666667938232 13.9326801300049 13.9811334609985 13.9928569793701 -3.4e+38 -3.4e+38 -3.4e+38 -3.4e+38 -3.4e+38 -3.4e+38 -3.4e+38 -3.4e+38 -3.4e+38 -3.4e+38 -3.4e+38 -3.4e+38 -3.4e+38 -3.4e+38 -3.4e+38 -3.4e+38 -3.4e+38 -3.4e+38 -3.4e+38 -3.4e+38 -3.4e+38
11.9181251525879 11.8395004272461 12.0655002593994 12.2797918319702 12.3947086334229 12.503999710083 12.5344581604004 12.5562915802002 12.4512920379639 12.5126247406006 12.5424995422363 12.6745414733887 12.6944169998169 12.6404161453247 12.803542137146 12.9834585189819 12.982250213623 12.6851253509521 12.6262083053589 13.0235834121704 13.3185834884644 13.5881671905518 13.90625 14.0784168243408 14.1537084579468 14.0156660079956 13.784252166748 13.7527875900269 13.8464422225952 -3.4e+38 -3.4e+38 -3.4e+38 -3.4e+38 -3.4e+38 -3.4e+38 -3.4e+38 -3.4e+38 -3.4e+38 -3.4e+38 -3.4e+38 -3.4e+38 -3.4e+38 -3.4e+38 -3.4e+38 -3.4e+38 -3.4e+38 -3.4e+38 -3.4e+38 -3.4e+38 -3.4e+38 -3.4e+38 -3.4e+38
11.9232501983643 11.8798332214355 12.0320415496826 12.0723333358765 12.2291250228882 12.3707504272461 12.3768339157104 12.3303747177124 12.3066253662109 12.328332901001 12.3882503509521 12.3881664276123 12.3462915420532 12.3408336639404 12.4080419540405 12.6627922058105 12.7896671295166 12.5531253814697 12.580249786377 12.8670415878296 13.1249580383301 13.4863748550415 13.7554998397827 13.8841667175293 13.8412914276123 13.7229642868042 13.5890331268311 13.6261901855469 -3.4e+38 -3.4e+38 -3.4e+38 -3.4e+38 -3.4e+38 -3.4e+38 -3.4e+38 -3.4e+38 -3.4e+38 -3.4e+38 -3.4e+38 -3.4e+38 -3.4e+38 -3.4e+38 -3.4e+38 -3.4e+38 -3.4e+38 -3.4e+38 -3.4e+38 -3.4e+38 -3.4e+38 -3.4e+38 -3.4e+38 -3.4e+38
11.8352088928223 11.7461252212524 11.9408750534058 12.0972089767456 12.0880832672119 12.0952081680298 12.2057914733887 12.2017498016357 12.143666267395 12.1290416717529 12.1529998779297 12.0869998931885 11.9437084197998 11.9735412597656 12.1553745269775 12.037166595459 12.4361667633057 12.7238750457764 12.8129997253418 12.893666267395 13.2314586639404 13.4495830535889 13.619083404541 13.5850410461426 13.5580005645752 13.5649318695068 13.5196971893311 -3.4e+38 -3.4e+38 -3.4e+38 -3.4e+38 -3.4e+38 -3.4e+38 -3.4e+38 -3.4e+38 -3.4e+38 -3.4e+38 -3.4e+38 -3.4e+38 -3.4e+38 -3.4e+38 -3.4e+38 -3.4e+38 -3.4e+38 -3.4e+38 -3.4e+38 -3.4e+38 -3.4e+38 -3.4e+38 -3.4e+38 -3.4e+38 -3.4e+38
11.7991247177124 11.6864995956421 11.7377910614014 11.8607501983643 12.0094585418701 12.0420827865601 12.0339584350586 11.9776668548584 11.95920753479 11.9637498855591 11.9147090911865 11.8098754882812 11.7472915649414 11.7911252975464 11.8791666030884 11.833833694458 12.292875289917 12.6751251220703 12.8079166412354 12.9042081832886 13.1302919387817 13.2789173126221 13.3998756408691 13.3701248168945 13.3840970993042 13.4181156158447 -3.4e+38 -3.4e+38 -3.4e+38 -3.4e+38 -3.4e+38 -3.4e+38 -3.4e+38 -3.4e+38 -3.4e+38 -3.4e+38 -3.4e+38 -3.4e+38 -3.4e+38 -3.4e+38 -3.4e+38 -3.4e+38 -3.4e+38 -3.4e+38 -3.4e+38 -3.4e+38 -3.4e+38 -3.4e+38 -3.4e+38 -3.4e+38 -3.4e+38 -3.4e+38
