data/layers/Current/bio16.asc
NCOLS 494 
NROWS 529 
XLLCORNER -117.166666666667 
YLLCORNER -55.5 
CELLSIZE 0.166666666666667 
NODATA_value -3.4e+38 
[rows 330 to 362 of 529, columns 296 to 369 of 494]
68 69 74 77 87 91 99 104 116 129 147 160 178 190 201 201 227 294 433 551 567 606 618 610 620 607 576 533 480 430 389 353 314 292 278 275 270 271 272 276 282 289 293 296 298 292 288 260 258 260 263 273 286 303 326 349 375 398 424 448 470 482 492 502 507 512 515 515 513 517 522 530 537 541
67 63 70 75 86 89 97 106 115 127 138 150 163 175 186 202 229 346 477 542 607 643 636 634 644 633 606 553 497 444 400 366 333 301 287 278 274 272 275 279 281 284 286 285 287 286 277 260 257 261 267 275 287 306 326 348 374 398 422 444 464 481 491 503 512 518 522 520 520 523 524 532 544 550
60 67 71 74 79 86 93 104 111 122 130 142 151 163 174 196 248 368 502 577 629 655 641 645 653 639 608 563 505 453 409 372 343 316 298 287 281 277 276 277 276 276 276 276 280 275 270 266 260 258 266 275 289 306 326 349 372 394 417 438 461 477 495 507 518 526 527 526 525 529 531 536 542 552
61 67 65 70 79 87 91 103 109 118 128 133 142 153 164 176 217 317 509 569 615 628 637 637 644 617 586 549 502 456 414 377 351 327 307 296 291 285 280 276 273 274 268 264 261 261 261 261 265 265 267 278 291 305 328 349 372 392 413 434 452 473 493 511 525 533 529 529 529 530 535 540 546 557
61 65 63 66 75 82 87 93 104 112 120 124 139 148 151 164 187 279 490 556 585 600 613 617 603 583 559 530 493 450 413 380 353 334 318 307 300 293 285 278 274 267 262 258 256 255 258 263 270 274 275 283 291 303 325 348 374 392 407 427 446 468 486 502 518 528 526 529 531 531 535 543 547 560
53 62 66 65 71 78 84 90 101 106 116 119 136 140 144 154 181 247 482 535 555 569 577 578 565 555 535 506 472 440 409 377 355 344 329 313 306 300 293 286 276 266 260 254 251 252 258 268 277 287 290 298 298 301 319 346 373 387 402 416 437 456 477 492 498 507 517 524 527 527 539 544 551 563
54 55 61 66 69 76 82 88 97 102 113 116 126 144 152 161 196 302 465 516 531 544 554 567 538 523 508 479 453 426 398 374 355 343 334 326 315 305 300 290 279 268 258 249 248 252 264 271 281 293 308 315 312 311 325 348 369 373 386 407 426 447 470 485 480 492 508 515 520 529 540 544 554 562
52 56 61 64 70 75 79 90 94 104 109 114 124 142 165 177 341 361 446 490 498 510 531 526 514 496 475 458 434 409 384 365 354 345 339 332 323 312 300 295 283 272 263 252 252 260 270 279 288 306 324 329 322 323 328 340 353 358 369 392 417 440 460 476 483 491 506 513 522 530 537 545 553 562
51 64 62 64 69 76 78 89 93 101 107 115 127 151 175 253 452 460 447 452 475 492 503 502 487 470 453 433 408 387 372 354 348 343 340 338 330 318 306 298 289 281 273 268 266 272 281 290 296 312 326 330 326 327 329 337 344 348 364 383 412 436 457 474 487 496 503 510 520 530 533 542 549 557
45 53 60 61 63 74 78 89 94 101 109 121 130 157 273 395 465 432 405 430 469 480 482 477 464 445 430 413 392 364 352 344 338 336 338 340 333 322 313 305 297 292 287 284 284 286 293 301 314 320 327 329 329 327 331 336 344 349 362 379 407 435 459 477 493 501 507 509 517 523 530 536 543 554
47 50 60 62 62 71 77 93 99 99 112 120 134 173 378 450 462 400 378 421 445 467 469 463 445 426 407 389 370 347 333 330 329 329 330 332 328 322 316 310 306 303 302 302 302 303 305 309 312 319 325 328 330 332 333 338 345 357 366 381 407 436 464 483 499 506 510 511 516 521 524 529 535 546
48 46 55 61 64 70 90 93 97 100 111 120 129 167 405 487 447 376 369 415 436 454 460 450 432 411 394 375 351 335 325 323 320 322 323 324 322 318 316 316 318 317 318 319 321 320 319 320 321 322 325 328 332 334 339 342 346 353 361 375 401 435 472 495 510 519 517 516 515 517 516 520 520 528
40 45 50 60 62 71 84 87 97 106 117 124 133 167 357 452 377 353 365 411 424 443 456 440 415 396 379 361 343 332 322 318 315 314 315 315 315 314 316 319 325 329 336 338 338 335 332 331 331 332 330 334 335 339 343 345 346 350 359 372 398 437 479 508 521 523 519 514 515 513 509 506 501 508
43 50 51 59 60 71 74 81 98 112 120 130 143 218 405 418 323 315 366 415 420 432 442 421 401 382 362 351 339 328 320 314 312 309 309 308 308 310 314 322 329 339 350 358 355 350 345 342 337 337 339 336 338 342 349 349 352 351 352 364 394 435 481 507 516 520 518 511 512 509 507 499 492 499
53 48 49 59 63 67 73 82 106 112 119 134 172 319 439 423 327 349 406 392 391 405 404 393 377 361 351 346 338 328 320 314 310 306 304 306 307 308 314 322 333 344 357 371 367 358 353 350 346 342 342 342 342 343 348 353 359 360 355 358 391 433 472 493 507 510 512 507 506 506 503 499 498 502
50 49 50 59 62 74 76 89 106 120 132 138 209 371 417 402 369 378 411 391 373 367 358 358 354 348 344 338 330 321 315 310 307 305 303 303 306 308 313 324 335 345 359 367 367 365 359 356 350 349 347 345 346 344 349 356 366 374 377 396 408 435 463 483 501 503 505 503 501 502 504 502 502 507
41 45 49 57 60 77 77 99 100 120 129 136 195 322 370 361 374 390 395 373 357 336 318 329 336 336 334 330 323 317 312 308 304 302 301 302 304 307 316 324 336 347 355 364 366 365 363 361 356 353 351 349 349 349 355 366 380 397 400 412 423 440 461 480 493 498 499 497 497 498 501 503 506 508
46 51 51 58 63 70 79 97 106 118 122 135 179 264 332 348 364 397 400 371 354 337 317 326 328 329 328 323 319 313 311 306 302 300 301 301 303 307 315 325 335 347 355 362 364 366 365 367 363 359 357 355 355 359 365 374 387 402 403 413 432 460 467 480 490 495 496 495 494 497 498 504 505 509
50 49 51 62 64 69 84 94 105 109 116 136 175 262 298 282 347 427 404 385 381 353 332 331 333 332 325 322 316 311 308 304 299 298 299 300 304 309 317 327 336 345 354 361 367 368 370 368 367 366 363 362 362 364 371 378 390 402 408 419 439 460 475 482 485 489 489 490 492 495 499 501 505 508
50 44 61 65 71 74 84 92 96 104 108 125 159 224 228 248 338 436 420 407 404 365 347 338 334 331 328 323 314 310 305 303 298 297 297 300 305 312 319 330 340 349 356 362 368 370 373 373 374 370 370 370 371 372 378 385 394 404 413 432 446 461 478 488 486 482 480 483 488 491 496 498 500 503
38 53 60 66 76 82 85 100 98 96 106 121 154 163 204 276 366 424 420 413 401 381 360 348 341 335 328 322 316 309 303 299 299 297 298 300 305 314 321 331 341 352 361 364 370 375 378 378 379 379 378 379 381 382 386 394 403 416 429 442 449 459 473 489 480 462 465 475 484 485 487 488 490 496
41 54 51 64 81 90 89 104 103 104 120 126 139 164 208 291 360 388 421 410 406 392 378 363 349 340 331 323 317 309 302 298 298 298 297 300 305 313 323 332 342 353 365 374 375 380 384 386 387 389 390 391 389 391 394 400 415 433 446 449 452 452 454 454 444 442 454 464 470 473 477 479 484 490
51 48 50 65 80 88 93 104 107 116 131 132 144 198 261 292 343 354 415 421 414 401 388 371 354 343 334 326 316 309 303 298 298 298 299 301 309 317 326 336 346 356 367 377 383 388 390 396 396 400 402 402 401 401 402 406 428 455 458 457 454 445 434 426 421 426 444 455 455 457 462 466 473 478
49 46 48 61 78 84 91 103 111 123 133 139 152 224 275 281 348 400 415 426 430 405 387 371 356 344 335 325 317 309 304 298 300 301 304 306 312 320 329 342 352 363 373 385 394 397 399 404 410 413 417 417 416 413 411 417 439 470 469 462 453 441 427 426 424 433 442 450 448 450 455 461 461 460
51 46 48 61 85 83 85 96 117 123 139 150 164 255 321 322 405 432 422 432 438 404 384 371 356 345 334 325 316 309 302 298 301 307 307 315 321 327 339 348 359 371 384 392 402 408 411 416 422 423 429 430 429 429 430 435 449 464 469 464 457 445 438 442 445 446 449 452 451 451 454 455 454 456
55 54 55 65 93 75 82 103 118 120 137 149 173 263 385 403 451 445 414 406 407 390 377 365 353 342 334 323 315 306 301 299 303 312 314 321 330 335 345 357 368 380 394 403 411 418 425 429 434 438 441 445 448 449 448 451 455 462 467 464 456 449 450 463 470 464 458 457 456 458 457 456 453 450
61 67 67 72 80 83 90 118 104 120 134 158 179 309 493 479 492 456 398 386 386 373 364 357 350 338 330 323 314 307 302 303 308 313 319 327 333 341 352 367 379 390 401 415 425 428 435 440 444 449 453 456 462 467 466 465 463 466 464 457 450 447 457 472 479 472 464 462 462 464 465 465 460 449
58 70 76 82 88 95 103 113 104 122 145 167 221 385 461 482 503 458 399 366 366 358 355 351 345 333 326 320 313 308 306 308 315 319 323 331 340 348 357 369 384 397 409 423 431 438 445 451 452 458 466 470 475 480 482 477 471 468 460 449 442 445 452 460 469 470 468 465 466 471 476 479 471 454
54 74 80 86 93 94 101 104 114 129 157 192 349 415 424 453 462 439 401 359 356 349 346 346 339 330 321 317 312 309 310 312 315 320 329 338 346 355 364 376 392 399 413 424 430 439 446 452 457 466 473 482 488 492 491 483 476 464 452 441 439 439 441 446 453 461 465 466 468 474 489 496 487 464
55 64 77 92 95 102 105 117 128 147 175 291 372 386 408 428 434 424 397 364 356 344 340 337 329 324 319 315 313 311 313 316 321 327 332 344 354 360 369 383 398 404 416 424 430 439 445 450 459 467 476 489 498 504 500 488 475 462 446 435 432 431 428 431 441 451 460 466 466 474 496 516 505 477
61 66 82 104 111 113 122 132 149 167 209 304 359 378 397 411 410 405 388 368 357 345 338 331 324 319 316 312 312 311 314 320 324 328 336 346 354 362 374 385 399 406 417 422 429 435 441 447 457 465 474 488 504 509 505 487 472 459 445 430 429 425 418 421 433 444 456 468 473 476 498 517 505 480
66 74 96 107 108 118 132 156 190 199 223 284 362 377 394 397 394 391 385 369 358 347 339 331 319 314 311 311 311 312 315 320 327 336 342 350 357 365 378 390 397 408 420 420 425 431 439 444 450 456 466 478 487 490 486 472 460 452 443 435 427 426 422 421 430 440 451 460 469 474 484 492 486 480
71 82 101 107 123 144 159 193 218 229 219 276 353 383 385 389 391 393 386 369 360 353 336 329 319 309 307 305 307 314 317 322 331 339 345 353 362 368 380 389 398 407 412 416 420 424 431 436 441 445 451 457 462 460 457 447 442 440 439 440 443 438 426 426 429 435 443 450 457 462 467 470 480 492
