data/layers/Current/bio12.asc
NCOLS 494 
NROWS 529 
XLLCORNER -117.166666666667 
YLLCORNER -55.5 
CELLSIZE 0.166666666666667 
NODATA_value -3.4e+38 
[rows 192 to 223 of 529, columns 216 to 287 of 494]
-3.4e+38 -3.4e+38 -3.4e+38 -3.4e+38 -3.4e+38 -3.4e+38 1586 1643 1562 1745 1945 2065 2084 1980 1904 1587 1116 941 915 1093 1171 1311 1575 2623 3343 3480 3478 3600 3785 3852 3794 3661 3474 3261 3058 2858 2797 2788 2775 2780 2768 2729 2710 2675 2631 2647 2641 2650 2626 2645 2686 2725 2665 2700 2747 2780 2819 2861 2911 2955 2995 3046 3125 3111 3175 3206 3252 3287 3308 3331 3347 3366
-3.4e+38 -3.4e+38 -3.4e+38 -3.4e+38 -3.4e+38 -3.4e+38 1501 1619 1708 1944 2179 2226 2047 1965 1669 1278 1012 859 755 851 1198 1500 2055 2975 3127 3289 3429 3601 3756 3830 3762 3635 3430 3246 3059 2916 2831 2806 2810 2807 2788 2779 2766 2722 2690 2667 2658 2664 2649 2656 2722 2695 2686 2713 2763 2799 2825 2864 2909 2941 2977 3013 3053 3100 3163 3188 3229 3254 3283 3323 3344 3359
-3.4e+38 -3.4e+38 -3.4e+38 -3.4e+38 -3.4e+38 -3.4e+38 1258 1446 1774 2070 2353 2380 2099 1899 1888 1497 1001 889 950 1054 1318 2127 2807 3012 3149 3285 3441 3607 3760 3804 3692 3543 3385 3214 3047 2941 2875 2855 2861 2869 2852 2813 2784 2753 2717 2704 2687 2678 2660 2673 2731 2709 2698 2726 2776 2819 2844 2870 2901 2944 2973 3007 3066 3086 3135 3180 3206 3229 3268 3293 3322 3352
-3.4e+38 -3.4e+38 -3.4e+38 -3.4e+38 -3.4e+38 -3.4e+38 1039 1379 1782 2120 2554 2584 2261 2519 2243 1405 875 918 941 1095 1411 2417 2947 3162 3306 3470 3549 3622 3686 3668 3585 3449 3297 3169 3042 2942 2888 2886 2913 2934 2902 2859 2826 2787 2755 2732 2717 2698 2684 2695 2718 2689 2722 2745 2788 2815 2838 2869 2901 2936 2964 3034 3053 3074 3117 3162 3189 3218 3249 3283 3308 3341
-3.4e+38 -3.4e+38 -3.4e+38 -3.4e+38 -3.4e+38 782 1013 1376 1799 2197 2681 2697 2525 2672 2066 1070 808 848 1002 1184 1626 2407 3140 3296 3468 3628 3590 3553 3552 3513 3449 3352 3227 3092 2979 2907 2865 2854 2934 2959 2911 2870 2846 2804 2772 2747 2729 2716 2709 2703 2699 2709 2746 2748 2793 2816 2840 2871 2904 2936 2965 2995 3034 3068 3103 3145 3193 3231 3252 3281 3307 3333
-3.4e+38 -3.4e+38 -3.4e+38 -3.4e+38 593 747 1032 1387 1859 2347 2788 2746 2637 2471 1630 1119 1063 1010 1130 1395 2252 2678 3342 3418 3514 3592 3532 3448 3413 3388 3325 3224 3124 3017 2919 2876 2835 2798 2838 2899 2897 2863 2833 2803 2775 2751 2727 2714 2714 2704 2721 2756 2748 2749 2786 2814 2836 2866 2898 2926 2957 2981 3008 3048 3078 3106 3158 3200 3224 3262 3270 3303
-3.4e+38 -3.4e+38 -3.4e+38 -3.4e+38 558 761 1017 1429 1885 2302 2659 2740 2341 2291 1537 1170 1181 984 1258 1714 2223 2872 3598 3547 3563 3554 3461 3341 3327 3295 3238 3133 3019 2920 2850 2830 2813 2809 2831 2856 2870 2859 2834 2798 2773 2745 2732 2718 2713 2704 2718 2772 2756 2748 2778 2806 2833 2860 2897 2919 2947 2969 2993 3018 3038 3055 3088 3124 3154 3201 3246 3284
-3.4e+38 -3.4e+38 -3.4e+38 -3.4e+38 558 773 1087 1495 1863 2212 2535 2690 2110 1288 1034 1103 966 993 1217 1919 2643 3211 3833 3720 3653 3615 3521 3407 3327 3265 3178 3063 2944 2827 2782 2789 2814 2827 2837 2857 2852 2851 2832 2806 2785 2752 2724 2706 2694 2691 2714 2755 2732 2733 2770 2805 2833 2855 2895 2919 2945 2965 2988 3003 3018 3024 3034 3059 3112 3164 3236 3263
-3.4e+38 -3.4e+38 -3.4e+38 369 572 780 1155 1525 1824 2137 2476 2704 2230 944 947 898 985 1155 1500 2360 3655 3880 3968 3850 3777 3692 3592 3486 3368 3279 3171 3048 2902 2750 2751 2802 2840 2845 2853 2861 2864 2853 2834 2802 2781 2751 2728 2715 2705 2702 2718 2720 2730 2746 2766 2802 2836 2860 2901 2924 2945 2962 2981 3004 3005 3011 3019 3034 3089 3150 3218 3260
-3.4e+38 213 249 368 562 889 1232 1533 1763 2056 2377 2634 1995 838 824 692 1052 1186 1927 3186 4102 4101 4073 3982 3892 3788 3654 3539 3451 3301 3189 3067 2947 2848 2854 2867 2883 2886 2891 2891 2883 2861 2844 2817 2784 2755 2728 2701 2692 2698 2707 2713 2728 2750 2779 2812 2829 2860 2901 2927 2949 2963 2982 2998 3009 3015 3030 3049 3112 3148 3197 3253
-3.4e+38 267 317 470 687 1027 1312 1465 1679 1940 2230 2349 1782 756 811 624 1049 1219 2261 4011 4282 4261 4181 4056 3936 3799 3680 3554 3489 3365 3241 3121 3022 2955 2951 2940 2923 2926 2933 2926 2917 2892 2858 2819 2790 2752 2717 2690 2686 2683 2702 2710 2731 2761 2794 2825 2852 2870 2897 2925 2951 2977 2997 3007 3017 3029 3054 3081 3114 3156 3188 3256
188 256 366 662 884 1162 1272 1332 1573 1853 2090 2157 1448 756 786 616 971 1240 2269 4262 4336 4312 4217 4074 3951 3848 3700 3568 3465 3362 3259 3160 3086 3035 3016 2991 2979 2965 2970 2974 2952 2920 2887 2847 2793 2747 2708 2678 2672 2678 2699 2721 2740 2769 2801 2834 2860 2885 2915 2947 2965 2983 3017 3032 3051 3064 3085 3102 3129 3162 3196 3269
-3.4e+38 -3.4e+38 492 766 1048 1182 1219 1238 1506 1888 2055 1917 1065 670 804 794 988 1823 3325 4387 4379 4329 4199 4072 3934 3813 3699 3583 3485 3387 3289 3199 3137 3086 3060 3036 3025 3019 3010 3012 3000 2970 2929 2881 2824 2753 2703 2671 2673 2680 2697 2723 2754 2784 2811 2840 2871 2898 2928 2951 2976 3011 3019 3034 3060 3083 3105 3137 3174 3187 3210 3276
-3.4e+38 346 502 762 928 1039 1063 1154 1434 1800 2043 1826 985 708 760 744 1084 1667 3878 4278 4240 4213 4136 4026 3911 3782 3675 3568 3469 3382 3299 3216 3145 3111 3088 3066 3065 3057 3056 3058 3061 3024 2988 2935 2868 2779 2699 2661 2670 2693 2717 2739 2777 2803 2826 2848 2881 2916 2945 2974 2998 3034 3057 3069 3089 3107 3119 3163 3198 3212 3228 3265
-3.4e+38 -3.4e+38 500 732 866 916 931 1058 1354 1710 1978 1851 893 707 723 860 1137 1640 3445 3998 4056 4013 3970 3903 3825 3728 3612 3520 3434 3364 3290 3223 3163 3149 3128 3110 3092 3099 3099 3118 3120 3099 3067 3015 2935 2826 2719 2665 2687 2716 2741 2767 2793 2815 2837 2860 2891 2926 2966 3003 3034 3067 3081 3098 3118 3133 3155 3181 3211 3244 3276 3288
-3.4e+38 -3.4e+38 461 633 797 854 945 1075 1278 1556 1833 1809 984 704 696 927 1250 1678 2961 3656 3785 3812 3789 3749 3700 3623 3529 3450 3378 3319 3256 3208 3159 3141 3123 3115 3115 3131 3154 3160 3184 3182 3163 3105 3036 2926 2817 2757 2756 2771 2787 2805 2816 2834 2851 2873 2903 2936 2978 3023 3058 3091 3108 3124 3138 3149 3170 3191 3212 3256 3294 3328
-3.4e+38 -3.4e+38 411 549 700 862 990 1124 1223 1404 1676 1905 1217 745 620 1001 1374 1656 2636 3167 3449 3580 3576 3572 3535 3491 3429 3365 3305 3265 3215 3178 3144 3117 3108 3112 3121 3134 3171 3205 3233 3260 3272 3235 3167 3067 2966 2889 2847 2849 2848 2857 2858 2854 2869 2890 2914 2957 3004 3046 3089 3119 3126 3139 3147 3154 3164 3183 3214 3248 3297 3338
138 230 350 500 627 755 884 1002 1171 1374 1625 1884 1496 682 748 1098 1421 1719 2492 2672 3097 3349 3368 3374 3359 3336 3298 3270 3236 3193 3154 3116 3095 3080 3074 3085 3112 3143 3190 3230 3280 3342 3375 3363 3313 3219 3113 3023 2964 2939 2920 2918 2904 2894 2892 2897 2919 2956 3009 3058 3097 3125 3131 3145 3151 3156 3169 3183 3210 3248 3288 3349
-3.4e+38 213 303 420 542 619 710 856 1052 1312 1622 1594 868 805 997 1204 1534 1854 2265 2535 2932 3143 3166 3188 3185 3176 3166 3139 3136 3113 3078 3037 3019 3019 3026 3041 3083 3128 3180 3240 3305 3387 3434 3435 3419 3346 3240 3138 3065 3009 2981 2966 2947 2930 2920 2932 2953 2983 3016 3054 3103 3128 3127 3119 3128 3138 3151 3168 3201 3237 3299 3356
-3.4e+38 -3.4e+38 -3.4e+38 356 401 462 580 736 886 1084 1313 1002 913 923 1000 1188 1571 2032 2141 2498 2854 2955 2992 3019 3026 3014 2992 2984 2988 2993 2969 2942 2921 2929 2961 2999 3032 3096 3154 3214 3283 3367 3420 3443 3448 3377 3286 3210 3137 3082 3049 3032 3005 2982 2965 2972 2978 3006 3035 3061 3096 3118 3121 3113 3102 3099 3114 3123 3141 3190 3254 3331
-3.4e+38 -3.4e+38 -3.4e+38 -3.4e+38 343 395 522 624 799 998 824 1022 1143 882 963 1219 1684 2215 2066 2502 2754 2810 2847 2873 2871 2854 2835 2811 2803 2808 2804 2807 2819 2835 2875 2933 2975 3048 3119 3181 3242 3307 3355 3388 3389 3344 3285 3231 3180 3131 3100 3068 3040 3013 2997 2998 3000 3017 3033 3052 3077 3091 3093 3091 3085 3068 3051 3049 3061 3118 3176 3273
-3.4e+38 -3.4e+38 -3.4e+38 -3.4e+38 -3.4e+38 367 412 606 745 909 828 1143 921 780 947 1206 1652 2031 2184 2536 2628 2692 2729 2742 2727 2698 2666 2633 2609 2620 2627 2662 2700 2744 2787 2842 2908 2978 3054 3118 3179 3239 3270 3298 3301 3281 3238 3213 3185 3165 3140 3103 3074 3054 3031 3021 3016 3016 3024 3048 3062 3069 3080 3071 3057 3037 3018 2993 2983 2993 3039 3130
-3.4e+38 -3.4e+38 -3.4e+38 -3.4e+38 -3.4e+38 292 321 543 737 814 944 1029 802 755 1011 1228 1804 2020 2272 2450 2542 2588 2619 2627 2598 2557 2509 2466 2436 2444 2467 2523 2574 2634 2698 2751 2825 2902 2977 3043 3109 3157 3183 3199 3203 3196 3179 3164 3164 3169 3166 3133 3098 3068 3049 3025 3020 3021 3019 3038 3053 3054 3055 3047 3031 3000 2964 2929 2900 2890 2912 2965
-3.4e+38 -3.4e+38 -3.4e+38 -3.4e+38 -3.4e+38 -3.4e+38 324 502 715 781 700 672 793 897 947 1310 1668 1821 1937 2388 2478 2502 2526 2522 2496 2451 2390 2327 2282 2295 2337 2406 2473 2535 2603 2662 2742 2836 2913 2968 3029 3071 3092 3100 3096 3096 3091 3096 3127 3150 3178 3157 3110 3068 3043 3019 3008 3003 3008 3019 3037 3038 3036 3025 3001 2973 2925 2869 2808 2748 2722 2757
-3.4e+38 -3.4e+38 -3.4e+38 -3.4e+38 248 311 406 573 805 820 730 674 679 957 1024 1642 1603 1775 2003 2334 2416 2422 2450 2441 2417 2365 2302 2235 2189 2196 2247 2318 2387 2448 2515 2583 2665 2755 2847 2911 2963 2984 2998 2997 2990 2984 2984 2999 3034 3094 3126 3113 3092 3043 3004 2985 2970 2979 2983 2999 3002 3012 3015 3007 2987 2951 2906 2819 2718 2610 2517 2524
-3.4e+38 -3.4e+38 -3.4e+38 222 273 377 515 668 902 858 904 846 932 1002 1188 1644 1651 1940 2142 2275 2354 2380 2380 2383 2357 2310 2254 2193 2155 2162 2205 2264 2323 2384 2443 2506 2594 2692 2777 2854 2894 2902 2902 2893 2877 2872 2862 2876 2922 3007 3059 3060 3023 2991 2981 2967 2933 2944 2946 2960 2973 2982 3000 2989 2981 2959 2899 2806 2688 2527 2354 2389
-3.4e+38 -3.4e+38 201 280 323 444 601 839 1053 1074 901 1037 1043 1167 1529 1568 1582 1982 2116 2245 2321 2356 2338 2333 2315 2274 2231 2184 2163 2163 2194 2238 2286 2340 2389 2442 2530 2625 2720 2794 2821 2819 2807 2787 2768 2759 2748 2770 2817 2904 2960 2976 2968 2963 2940 2931 2904 2890 2890 2893 2929 2950 2964 2955 2949 2948 2929 2846 2704 2539 2390 2408
-3.4e+38 171 239 295 468 603 743 925 955 925 867 960 990 1279 1572 1469 1626 1983 2065 2209 2288 2343 2310 2295 2292 2264 2230 2200 2181 2178 2198 2235 2270 2316 2359 2414 2490 2572 2647 2708 2727 2731 2715 2693 2672 2660 2671 2674 2736 2809 2864 2894 2907 2911 2897 2887 2869 2855 2851 2834 2852 2865 2890 2901 2915 2926 2961 2904 2745 2576 2456 2446
124 171 257 394 450 581 797 877 936 921 851 928 1117 1236 1324 1673 1828 1837 2052 2211 2273 2326 2293 2284 2279 2266 2237 2221 2207 2197 2219 2242 2273 2301 2348 2409 2461 2523 2581 2623 2637 2642 2631 2607 2593 2587 2598 2617 2677 2742 2791 2831 2848 2851 2854 2842 2827 2808 2795 2782 2778 2789 2817 2839 2863 2891 2954 2982 2759 2584 2489 2485
126 155 302 336 386 508 644 825 889 934 985 867 1197 1190 1403 1753 1933 2002 2057 2224 2263 2310 2287 2269 2280 2272 2260 2247 2238 2231 2241 2248 2279 2304 2338 2387 2435 2482 2523 2556 2568 2562 2552 2533 2511 2510 2524 2564 2639 2691 2742 2775 2794 2802 2796 2787 2780 2767 2739 2711 2683 2666 2695 2737 2760 2763 2792 2809 2638 2536 2510 2509
95 131 212 221 282 365 501 636 877 917 962 1139 1265 1250 1454 1773 1962 2069 2166 2213 2254 2277 2266 2267 2277 2282 2275 2277 2263 2261 2250 2270 2276 2312 2340 2378 2408 2450 2482 2507 2518 2496 2478 2474 2460 2445 2467 2548 2614 2665 2705 2737 2752 2760 2758 2744 2728 2714 2681 2645 2600 2577 2618 2647 2650 2628 2594 2577 2548 2534 2535 2539
81 126 130 167 197 260 418 650 888 947 1053 1237 1223 1307 1400 1706 1920 2085 2164 2182 2236 2232 2220 2246 2269 2293 2297 2294 2284 2279 2269 2278 2289 2315 2343 2367 2396 2422 2433 2470 2475 2447 2430 2442 2441 2438 2488 2551 2609 2650 2684 2710 2726 2734 2728 2717 2698 2680 2646 2617 2587 2570 2573 2585 2584 2558 2546 2542 2548 2551 2565 2577
