data/layers/Current/bio1.asc
NCOLS 494 
NROWS 529 
XLLCORNER -117.166666666667 
YLLCORNER -55.5 
CELLSIZE 0.166666666666667 
NODATA_value -3.4e+38 
[rows 184 to 206 of 529, columns 312 to 363 of 494]
26.4636974334717 24.8582916259766 24.4064788818359 24.3472290039062 24.4081134796143 24.4888019561768 24.5757293701172 24.7430934906006 25.5616569519043 26.3630409240723 26.335657119751 26.566478729248 26.1463966369629 26.4167499542236 26.4079895019531 26.4947280883789 26.5961761474609 26.6783447265625 26.6031665802002 26.5593852996826 26.6282081604004 27.0768013000488 27.2203540802002 27.3443126678467 27.3735828399658 27.2185935974121 27.1599578857422 27.1644897460938 26.933666229248 26.9559268951416 26.7625007629395 26.6543445587158 26.4259796142578 26.2438125610352 26.1943016052246 26.2392196655273 26.1660633087158 26.1049270629883 26.0883960723877 26.0822296142578 25.9578533172607 25.9892501831055 26.0515937805176 26.0641765594482 25.9965724945068 26.0014476776123 25.69358253479 25.747896194458 25.8869476318359 25.9094371795654 25.8554058074951 25.6067810058594
25.3288745880127 24.5372505187988 24.6476039886475 24.6102504730225 24.5460205078125 24.5010318756104 24.525239944458 26.2037086486816 26.6048221588135 26.6516971588135 26.6315212249756 26.5939159393311 26.6085205078125 26.6315937042236 26.4544372558594 26.3177604675293 26.6047916412354 26.6240100860596 26.0604267120361 24.61936378479 24.1455097198486 27.097541809082 27.2523651123047 27.2979469299316 27.3441982269287 27.2779273986816 27.2040309906006 27.1958541870117 27.148509979248 26.8760318756104 26.496187210083 26.3311252593994 26.3173847198486 26.2054691314697 26.2039585113525 26.1778755187988 25.7859992980957 26.0098323822021 26.1057815551758 26.1223754882812 25.6919784545898 25.8740520477295 26.0091667175293 26.0616245269775 25.9624691009521 25.9210624694824 25.7705726623535 25.9055004119873 25.9485301971436 25.988094329834 25.9615631103516 25.6538028717041
24.7746772766113 24.7502193450928 24.5281467437744 24.5299682617188 24.4007301330566 24.1552715301514 25.1652088165283 26.552583694458 26.6270732879639 26.6573638916016 26.6592922210693 26.6709270477295 26.6281986236572 26.3519268035889 26.3223533630371 26.5762405395508 26.7023544311523 26.0685939788818 25.0504684448242 24.1294784545898 26.2465209960938 27.2336769104004 27.3133125305176 27.2551155090332 27.3091659545898 27.3222808837891 27.2063541412354 26.9588756561279 26.9398536682129 26.9251136779785 26.6547718048096 26.4967918395996 26.4820518493652 25.9778957366943 25.6409473419189 25.6009368896484 25.7753753662109 25.9923648834229 26.0955944061279 25.9774265289307 25.1406879425049 24.8190002441406 25.5324783325195 25.8556137084961 25.9568023681641 25.9710216522217 25.8965320587158 25.9435520172119 25.9543857574463 26.0363235473633 25.9594993591309 25.6802806854248
24.3555526733398 24.5289173126221 24.1266345977783 24.2173538208008 24.9065418243408 25.1446876525879 25.0934066772461 26.3580837249756 26.3985004425049 26.5965003967285 26.6748332977295 26.6786346435547 26.7038650512695 26.6831359863281 26.6765003204346 26.5706558227539 26.7862911224365 26.0769367218018 25.7924900054932 26.3096981048584 26.8488445281982 27.2288646697998 27.3066673278809 27.2449378967285 27.4130725860596 27.3460216522217 27.2229900360107 27.2786254882812 27.181583404541 26.4300727844238 26.4338855743408 26.525218963623 26.6464157104492 26.7509899139404 26.1783027648926 25.1163654327393 25.2374172210693 25.5927810668945 26.0902709960938 25.7861347198486 25.400562286377 25.4634265899658 25.2911243438721 25.4339485168457 25.7820510864258 25.9102916717529 26.0748863220215 26.0095405578613 26.0025520324707 26.0277805328369 25.8769474029541 25.82253074646
24.421968460083 24.3063545227051 23.8381252288818 25.3869380950928 26.5689582824707 26.5489692687988 25.6073532104492 25.0091457366943 24.5306148529053 26.5183029174805 26.3690204620361 26.5700302124023 26.6926250457764 26.6889057159424 26.7430629730225 26.7749996185303 26.7993335723877 26.2427806854248 26.9973964691162 27.1804275512695 27.1521148681641 27.2482395172119 27.209114074707 27.2206249237061 27.5125217437744 27.3522911071777 27.2911968231201 27.138635635376 27.1136360168457 27.0765724182129 26.9119682312012 26.8069171905518 26.7742404937744 26.57639503479 26.453405380249 26.4563636779785 25.3720321655273 25.1189384460449 25.6090106964111 25.1622085571289 25.187520980835 24.7835731506348 24.624792098999 24.8182182312012 25.347635269165 25.8602390289307 26.0632705688477 26.0714473724365 26.0235633850098 25.9731044769287 25.9130210876465 25.6558017730713
24.6198959350586 25.1132507324219 26.4943656921387 26.7109889984131 26.7179679870605 26.6764068603516 26.6869583129883 26.5968132019043 25.8072605133057 23.6390838623047 23.1981563568115 25.9324054718018 26.5761566162109 26.6769065856934 26.7576866149902 26.7462177276611 26.7684783935547 26.8869800567627 27.1151351928711 27.1092491149902 27.0835628509521 27.2003326416016 27.1528339385986 27.1691360473633 27.3791770935059 27.2723026275635 27.2295417785645 27.0134372711182 27.0551662445068 27.0238952636719 26.9867706298828 26.8647918701172 26.5343437194824 26.4243545532227 26.3811454772949 26.4934482574463 26.2690830230713 25.367115020752 25.7886867523193 26.1095943450928 25.7963542938232 25.8429584503174 24.8692188262939 24.5555934906006 25.2897186279297 25.3899688720703 25.66623878479 25.9350528717041 26.0950527191162 26.0363445281982 26.0477809906006 25.6590423583984
26.1608638763428 26.4856567382812 26.6452503204346 26.703010559082 26.7195720672607 26.6957817077637 26.6604690551758 26.7266464233398 26.6814384460449 26.4482917785645 23.0697612762451 23.0831031799316 26.2781143188477 26.6771144866943 26.7466354370117 26.7691040039062 26.7588958740234 26.8768539428711 26.8911552429199 27.0956764221191 27.0238018035889 27.0653438568115 27.048770904541 27.1081981658936 27.2566661834717 27.286750793457 27.0688858032227 27.0162181854248 27.0214061737061 26.8031673431396 26.8849487304688 26.8520832061768 26.7256565093994 26.6581153869629 26.5258655548096 26.3651256561279 26.1762504577637 25.4757080078125 25.0756568908691 25.984260559082 25.8992195129395 25.905834197998 25.2334175109863 24.9733123779297 25.2587184906006 25.5998954772949 25.793249130249 25.6567497253418 26.0551567077637 26.1153030395508 26.0536880493164 25.8817501068115
26.6627922058105 26.6048221588135 26.6336975097656 26.6888961791992 26.7093849182129 26.7101345062256 26.7294273376465 26.7291870117188 26.69362449646 26.7209377288818 26.7061977386475 26.0627403259277 26.6039066314697 26.7087707519531 26.7303028106689 26.761417388916 26.7708339691162 26.8608531951904 26.8605098724365 26.9374694824219 26.9942188262939 26.970531463623 27.0169677734375 27.1040210723877 27.1922073364258 27.0862712860107 26.9907703399658 26.9571571350098 26.923885345459 26.8537292480469 26.8300838470459 26.7905826568604 26.7830619812012 26.6438121795654 26.6395721435547 26.6557502746582 26.4808025360107 25.8803443908691 25.4630317687988 26.0147495269775 26.2159576416016 26.0421047210693 25.7665004730225 25.367488861084 25.5688858032227 25.8553428649902 25.9125633239746 25.9790515899658 26.0315093994141 26.1064071655273 26.0971450805664 25.9978847503662
26.6256771087646 26.5897388458252 26.6008548736572 26.6996154785156 26.6901245117188 26.6794681549072 26.7186450958252 26.7139797210693 26.7001571655273 26.7470512390137 26.9339160919189 26.982479095459 26.8653221130371 26.8332595825195 26.7537288665771 26.8002910614014 26.8497180938721 26.8002300262451 26.8088855743408 26.8381462097168 26.8819179534912 26.9325828552246 26.9820213317871 27.1269474029541 27.168270111084 27.070032119751 26.9790935516357 26.9125003814697 26.9422912597656 26.8758335113525 26.8076763153076 26.7091045379639 26.5982284545898 26.5615615844727 26.638708114624 26.6354579925537 26.5843963623047 26.4522914886475 26.3968753814697 26.2950000762939 26.3283023834229 26.3799171447754 26.3122806549072 25.9766044616699 25.81858253479 25.8841667175293 25.931468963623 26.0812492370605 25.8756465911865 26.0843639373779 26.1048221588135 26.0752716064453
26.601634979248 26.400634765625 26.5390625 26.673999786377 26.6844997406006 26.6739692687988 26.6544570922852 26.6924057006836 26.7247714996338 26.7952079772949 26.875301361084 26.8553428649902 26.8273754119873 26.8990726470947 26.7596664428711 26.9039783477783 26.8989486694336 26.8696880340576 26.7859992980957 26.9351348876953 26.8364067077637 26.9054069519043 26.947114944458 27.0946350097656 27.0618133544922 26.9698848724365 26.9783954620361 26.939281463623 26.8657073974609 26.7503967285156 26.4798431396484 26.6183013916016 26.5679588317871 26.5321464538574 26.6375617980957 26.2825317382812 26.3193950653076 26.3752288818359 26.4299373626709 26.3930931091309 26.4366359710693 26.464542388916 26.4135303497314 26.33420753479 26.2624473571777 26.2098960876465 25.9741554260254 26.0499477386475 26.1167087554932 26.1316986083984 26.1098232269287 26.1859683990479
26.6124687194824 26.5859069824219 26.5489158630371 26.5475406646729 26.6772708892822 26.6493225097656 26.6039791107178 26.6452388763428 26.6796035766602 26.6827392578125 26.7187805175781 26.7020111083984 26.7584686279297 26.8223743438721 26.6803951263428 26.8162708282471 26.8666973114014 26.8290519714355 26.810489654541 26.8701457977295 26.7777404785156 26.8189487457275 26.966968536377 26.9704780578613 26.9554786682129 26.933572769165 26.9191150665283 26.886417388916 26.7528858184814 26.6092910766602 26.4130420684814 26.5227699279785 26.5398025512695 26.4391345977783 26.5557193756104 26.3719692230225 26.1475830078125 26.2482299804688 26.4031867980957 26.396635055542 26.4219169616699 26.4996776580811 26.455394744873 26.398551940918 26.3798542022705 26.3163757324219 26.1983642578125 26.1527290344238 26.1631240844727 26.1572914123535 26.0770416259766 26.1831245422363
26.5961246490479 26.5690307617188 26.5746250152588 26.5567188262939 26.6008853912354 26.6429061889648 26.5666980743408 26.5528125762939 26.5279903411865 26.6310214996338 26.6169166564941 26.5964469909668 26.6735000610352 26.6890316009521 26.5746154785156 26.7341556549072 26.7817077636719 26.7277183532715 26.6876354217529 26.7527713775635 26.7212181091309 26.7977180480957 26.9373340606689 26.8770313262939 26.8934173583984 26.9251155853271 26.9183750152588 26.7682609558105 26.6458644866943 26.5928955078125 26.6431980133057 26.4847297668457 26.5717906951904 26.5742073059082 26.5739688873291 26.4609375 26.1291561126709 26.0207805633545 25.9753131866455 26.1868133544922 26.2601356506348 26.3697299957275 26.1829681396484 26.0305728912354 26.2523651123047 26.3975105285645 26.2799797058105 26.4222393035889 26.2500305175781 26.2333335876465 26.1589488983154 26.1749801635742
26.5748844146729 26.5614795684814 26.5718746185303 26.5648231506348 26.5714168548584 26.5851459503174 26.5622406005859 26.5023441314697 26.4795513153076 26.5997295379639 26.4792499542236 26.5398635864258 26.4383335113525 26.4893436431885 26.4472923278809 26.6105518341064 26.6263027191162 26.5807189941406 26.5946350097656 26.6144695281982 26.6497802734375 26.7412395477295 26.9115409851074 26.7769374847412 26.804386138916 26.802698135376 26.9126567840576 26.7396774291992 26.6232089996338 26.6481971740723 26.5870208740234 26.4931983947754 26.4832496643066 26.6340312957764 26.5751972198486 26.6380214691162 26.5608444213867 26.0740928649902 25.8411979675293 26.0844593048096 25.987979888916 26.332103729248 26.4225616455078 26.1931762695312 26.0514163970947 26.1708431243896 26.3641777038574 26.4577713012695 26.3082714080811 26.3667182922363 26.2956466674805 26.2216777801514
26.535177230835 26.5165824890137 26.5277709960938 26.5149784088135 26.5340213775635 26.5654277801514 26.5594482421875 26.5227508544922 26.535041809082 26.5277194976807 26.4644680023193 26.3993434906006 26.4095840454102 26.3608016967773 26.3784275054932 26.4768333435059 26.4484901428223 26.4591979980469 26.5221347808838 26.57590675354 26.6040725708008 26.6438331604004 26.7123641967773 26.7224578857422 26.7351665496826 26.7022914886475 26.724645614624 26.7023429870605 26.6396865844727 26.6397285461426 26.6164264678955 26.4868965148926 26.3793125152588 26.4320621490479 26.5073223114014 26.6728649139404 26.6194267272949 26.0387191772461 25.9183235168457 26.1382293701172 26.2049369812012 26.2379989624023 26.3628330230713 25.8366870880127 26.0680618286133 25.7612495422363 26.1383438110352 26.4614887237549 26.3942604064941 26.4881038665771 26.3930511474609 26.25172996521
26.5553436279297 26.5300731658936 26.5110416412354 26.5563545227051 26.5879592895508 26.5588645935059 26.541374206543 26.4721565246582 26.4793853759766 26.4503021240234 26.4658012390137 26.4462299346924 26.3538646697998 26.3404903411865 26.3129272460938 26.3295631408691 26.3557395935059 26.4008331298828 26.4463119506836 26.5463542938232 26.545166015625 26.5698852539062 26.6348114013672 26.6874160766602 26.6996040344238 26.6938743591309 26.7116241455078 26.6607704162598 26.6626777648926 26.5544586181641 26.5104370117188 26.3425941467285 26.2945308685303 26.3156566619873 26.2178745269775 26.574405670166 26.54296875 25.8933849334717 26.0822906494141 26.4709587097168 26.1792812347412 26.3175945281982 26.5036354064941 26.2416553497314 25.9247913360596 26.3001766204834 26.3741035461426 26.4220314025879 26.5166969299316 26.6512088775635 26.5355110168457 26.3759269714355
26.5880832672119 26.5542297363281 26.5528430938721 26.4999885559082 26.4771976470947 26.4774055480957 26.4368648529053 26.4413757324219 26.3843955993652 26.3521137237549 26.3225421905518 26.3462924957275 26.3779277801514 26.3181037902832 26.3669281005859 26.3247604370117 26.295166015625 26.3671455383301 26.3846569061279 26.4977397918701 26.5046463012695 26.5362396240234 26.6150207519531 26.6266765594482 26.5816555023193 26.6595516204834 26.691499710083 26.6116046905518 26.6162300109863 26.4298324584961 26.0979061126709 26.0539054870605 26.3805313110352 26.3270721435547 26.2113342285156 26.5108013153076 26.4497394561768 26.1849479675293 26.5110111236572 26.6278228759766 26.4930934906006 26.2652702331543 26.5790729522705 26.6078433990479 26.5996036529541 26.6782283782959 26.5201034545898 26.4300842285156 26.5083026885986 26.7074069976807 26.6498336791992 26.480489730835
26.5007610321045 26.5061454772949 26.4973850250244 26.4602813720703 26.4437808990479 26.4107284545898 26.4198532104492 26.4682712554932 26.4871978759766 26.4476566314697 26.2896976470947 26.2503757476807 26.2564373016357 26.2132186889648 26.3197822570801 26.3491249084473 26.3424587249756 26.3308238983154 26.3431148529053 26.4650096893311 26.4418849945068 26.5185317993164 26.5585823059082 26.6124572753906 26.5325412750244 26.6153221130371 26.6325416564941 26.6430320739746 26.6408538818359 26.6278228759766 26.2317504882812 26.1824588775635 26.4480628967285 26.2847499847412 26.2793445587158 26.5484161376953 26.6995944976807 26.5177192687988 26.3388442993164 26.6921558380127 26.621187210083 26.4558753967285 26.451021194458 26.5969581604004 26.668041229248 26.6691246032715 26.7445106506348 26.5709056854248 26.5728549957275 26.7431144714355 26.5453433990479 26.6008758544922
26.4614486694336 26.4783020019531 26.4517822265625 26.435375213623 26.4263534545898 26.3932609558105 26.3751354217529 26.3307075500488 26.3013534545898 26.2789058685303 26.2519264221191 26.2351150512695 26.1417808532715 26.1695518493652 26.2596664428711 26.2842388153076 26.3379592895508 26.3894691467285 26.3241767883301 26.4305095672607 26.4144592285156 26.4992923736572 26.5027809143066 26.5869159698486 26.5388336181641 26.5600528717041 26.562479019165 26.6178760528564 26.6164264678955 26.5820198059082 26.1885623931885 26.2408752441406 26.2593650817871 26.4379901885986 26.492280960083 26.441822052002 26.5195941925049 26.6368236541748 26.3847923278809 26.4801559448242 26.709041595459 26.6353740692139 26.5356044769287 26.0758533477783 26.2044372558594 26.558801651001 26.3675632476807 26.6891250610352 26.7854270935059 26.6205005645752 26.3233757019043 26.5575199127197
26.4459991455078 26.4888229370117 26.457426071167 26.4437084197998 26.4048328399658 26.3903846740723 26.3912506103516 26.3285942077637 26.2880516052246 26.2602386474609 26.2051773071289 26.1947498321533 26.1784477233887 26.0654163360596 26.1537075042725 26.273717880249 26.3316879272461 26.3738651275635 26.4164886474609 26.4064483642578 26.398416519165 26.4725513458252 26.4759273529053 26.5756988525391 26.5284786224365 26.4286251068115 26.3888339996338 26.5574989318848 26.6780319213867 26.5878849029541 26.4830837249756 26.3123645782471 26.5229167938232 26.5650615692139 26.4789791107178 26.513542175293 26.3694801330566 26.5628433227539 26.6044902801514 26.603178024292 26.402645111084 26.4887180328369 26.6731777191162 26.4837398529053 26.2429065704346 26.2236137390137 26.4740524291992 26.7427291870117 26.8462295532227 26.7366771697998 26.7221660614014 26.6873950958252
26.4839477539062 26.4584064483643 26.4279899597168 26.4116668701172 26.3933219909668 26.3671760559082 26.3227710723877 26.3040409088135 26.2654800415039 26.2214679718018 26.1761035919189 26.154447555542 26.1224784851074 26.1030101776123 26.132719039917 26.1708755493164 26.3195629119873 26.4297924041748 26.4738540649414 26.4598445892334 26.3935527801514 26.4724273681641 26.4587707519531 26.5218849182129 26.4325618743896 26.29909324646 26.4462509155273 26.6153030395508 26.6636867523193 26.6304473876953 26.6676139831543 26.5815200805664 26.6233539581299 26.6336154937744 26.2965831756592 26.4582500457764 26.5549163818359 26.7257709503174 26.7504577636719 26.7441139221191 26.5654163360596 26.3585834503174 26.6358127593994 26.5451984405518 26.56077003479 26.5286045074463 26.6730098724365 26.8890514373779 26.9362602233887 27.0281982421875 27.0339794158936 27.0054168701172
26.4718742370605 26.4440212249756 26.4320945739746 26.4166450500488 26.3839797973633 26.3575420379639 26.3185214996338 26.2944259643555 26.2727909088135 26.2391357421875 26.2061347961426 26.1591987609863 26.133228302002 26.125415802002 26.1363220214844 26.179500579834 26.2375736236572 26.273344039917 26.3526763916016 26.4165725708008 26.4552402496338 26.5091152191162 26.4458847045898 26.4786148071289 26.4166145324707 26.3428649902344 26.460958480835 26.5511875152588 26.5727291107178 26.5783653259277 26.7961349487305 26.7077083587646 26.8051357269287 26.6557388305664 26.2418746948242 26.3620319366455 26.654655456543 26.8028125762939 26.5547389984131 26.4770927429199 26.4320316314697 26.2849369049072 26.5806674957275 26.8597812652588 26.835844039917 26.7231044769287 26.5639781951904 26.6224060058594 26.6224479675293 26.8824901580811 26.94700050354 26.9942188262939
26.4542083740234 26.4526462554932 26.4350833892822 26.4139175415039 26.3918018341064 26.3743133544922 26.3392181396484 26.3134899139404 26.2895946502686 26.257926940918 26.2524585723877 26.2269268035889 26.2128124237061 26.2122402191162 26.1879787445068 26.1997909545898 26.2273750305176 26.2647285461426 26.2970523834229 26.3427295684814 26.4172286987305 26.5364055633545 26.4850521087646 26.4578323364258 26.4432811737061 26.3052806854248 26.4434375762939 26.4989280700684 26.480562210083 26.5093326568604 26.7353439331055 26.7882919311523 26.8304061889648 26.7029895782471 26.6558227539062 26.5285720825195 26.4250621795654 26.6043853759766 26.603479385376 26.6672401428223 26.6306552886963 26.4693965911865 26.5356349945068 26.6303844451904 26.7688446044922 26.8164176940918 26.7497081756592 26.6880512237549 26.5459690093994 26.5461349487305 26.51953125 26.5714263916016
26.4667186737061 26.4595203399658 26.4463748931885 26.4308013916016 26.4168643951416 26.3851661682129 26.3675098419189 26.3522815704346 26.3078117370605 26.2810001373291 26.234655380249 26.2115211486816 26.2132091522217 26.2477607727051 26.2643642425537 26.2828121185303 26.318229675293 26.375114440918 26.4007606506348 26.3785724639893 26.4031352996826 26.4588222503662 26.5189476013184 26.4804992675781 26.4840621948242 26.4327087402344 26.4863338470459 26.5303859710693 26.5001659393311 26.2819786071777 26.3325424194336 26.6401252746582 26.7667598724365 26.8319892883301 26.7378120422363 26.3391571044922 26.1641044616699 26.2474174499512 26.4230937957764 26.7789268493652 26.739990234375 26.6659469604492 26.5521774291992 26.4728965759277 26.5671348571777 26.7156772613525 26.8277912139893 26.888801574707 26.8861141204834 26.6825942993164 26.6296558380127 26.5758228302002
