data/layers/Current/bio12.asc
NCOLS 494 
NROWS 529 
XLLCORNER -117.166666666667 
YLLCORNER -55.5 
CELLSIZE 0.166666666666667 
NODATA_value -3.4e+38 
[rows 256 to 287 of 529, columns 288 to 359 of 494]
1792 1783 1770 1754 1727 1693 1660 1638 1642 1669 1712 1749 1787 1797 1801 1812 1823 1827 1824 1810 1782 1753 1730 1739 1748 1770 1801 1827 1867 1920 1981 2027 2060 2070 2067 2058 2049 2056 2060 2075 2092 2110 2118 2096 2095 2102 2105 2104 2105 2095 2091 2085 2056 2029 1999 1985 1955 1945 1924 1925 1936 1934 1949 1951 1940 1918 1942 1987 2023 2077 2141 2172
1745 1744 1747 1734 1713 1683 1651 1635 1638 1675 1700 1734 1757 1767 1785 1798 1808 1808 1803 1790 1771 1755 1737 1746 1743 1783 1804 1820 1857 1907 1966 2018 2060 2061 2045 2027 2006 2004 2014 2027 2047 2069 2089 2087 2086 2100 2103 2098 2092 2079 2077 2065 2032 2013 1991 1968 1947 1946 1949 1949 1949 1962 1969 1995 1981 1970 1992 2008 2045 2094 2141 2169
1707 1715 1725 1729 1711 1681 1648 1636 1655 1673 1689 1703 1730 1759 1778 1787 1796 1795 1788 1777 1762 1753 1747 1772 1760 1774 1800 1802 1831 1874 1932 1995 2053 2067 2028 1988 1964 1957 1964 1991 2027 2051 2074 2093 2080 2086 2108 2092 2088 2067 2055 2040 2022 2001 1985 1960 1942 1949 1944 1946 1976 1993 1987 2001 1998 1990 2013 2056 2079 2108 2131 2135
1680 1696 1719 1744 1732 1697 1677 1658 1667 1675 1676 1699 1727 1756 1770 1782 1783 1778 1769 1762 1751 1742 1755 1765 1755 1761 1773 1786 1808 1830 1872 1924 1995 2004 1965 1923 1918 1908 1914 1938 1980 2028 2066 2100 2079 2081 2097 2081 2061 2052 2040 2022 2009 1994 1975 1950 1950 1934 1940 1951 1966 1990 1993 1982 1977 1985 2009 2054 2087 2105 2104 2106
1658 1679 1699 1727 1742 1708 1674 1654 1655 1659 1675 1699 1726 1756 1773 1776 1769 1761 1748 1740 1737 1736 1755 1779 1765 1758 1753 1756 1772 1787 1811 1847 1887 1892 1889 1864 1842 1840 1838 1865 1926 2001 2059 2101 2105 2083 2077 2064 2048 2036 2029 2008 1987 1977 1967 1953 1939 1933 1933 1938 1945 1950 1951 1959 1969 1969 1983 2008 2048 2067 2067 2061
1646 1677 1693 1713 1699 1683 1668 1661 1656 1659 1671 1693 1718 1745 1766 1758 1745 1729 1724 1723 1720 1720 1754 1744 1747 1741 1738 1730 1726 1730 1744 1777 1810 1828 1812 1797 1780 1780 1769 1792 1872 1966 2051 2111 2097 2080 2062 2037 2027 2027 2016 1996 1978 1967 1958 1945 1933 1925 1916 1920 1927 1930 1935 1946 1962 1955 1972 1986 2002 1996 2004 2016
1629 1664 1694 1697 1687 1670 1663 1660 1660 1664 1669 1682 1697 1716 1730 1716 1700 1690 1701 1693 1701 1700 1712 1713 1724 1730 1720 1700 1688 1668 1664 1696 1742 1761 1751 1747 1736 1729 1729 1747 1841 1930 2013 2058 2055 2046 2040 2011 2009 2024 2004 1976 1960 1950 1948 1933 1931 1916 1908 1916 1926 1920 1927 1946 1952 1953 1957 1968 1964 1960 1952 1969
1650 1665 1679 1683 1677 1668 1664 1658 1657 1658 1657 1664 1674 1672 1666 1654 1642 1644 1653 1663 1679 1678 1689 1691 1703 1713 1697 1673 1659 1644 1634 1653 1677 1688 1697 1721 1699 1691 1692 1740 1806 1881 1935 1975 1990 2009 2015 1996 1997 1993 1987 1959 1951 1949 1931 1929 1926 1906 1898 1906 1924 1925 1947 1959 1947 1947 1950 1963 1949 1933 1951 1972
1682 1681 1683 1683 1678 1669 1664 1664 1652 1649 1647 1646 1643 1630 1613 1585 1579 1601 1619 1625 1643 1651 1664 1659 1671 1677 1664 1648 1636 1623 1619 1625 1635 1648 1667 1676 1665 1662 1685 1710 1774 1823 1858 1892 1919 1951 1975 1966 1969 1972 1975 1947 1937 1934 1925 1915 1913 1901 1891 1897 1915 1939 1960 1957 1950 1950 1961 1970 1983 1980 1995 2003
1728 1717 1707 1697 1687 1683 1673 1663 1656 1647 1641 1631 1624 1608 1579 1561 1557 1588 1585 1600 1615 1628 1636 1635 1642 1647 1637 1624 1612 1604 1612 1624 1631 1620 1624 1635 1643 1639 1653 1688 1731 1763 1793 1821 1847 1876 1900 1902 1927 1947 1943 1938 1927 1927 1912 1909 1900 1898 1886 1889 1907 1923 1941 1956 1963 1983 1977 1991 2008 2031 2042 2026
1787 1757 1735 1719 1708 1690 1680 1672 1657 1649 1637 1624 1614 1597 1567 1566 1548 1575 1565 1580 1601 1618 1621 1630 1609 1619 1609 1600 1594 1592 1590 1596 1597 1601 1597 1614 1647 1647 1661 1676 1698 1719 1733 1751 1770 1797 1821 1838 1862 1891 1899 1910 1910 1913 1914 1917 1905 1896 1882 1878 1899 1920 1937 1947 1962 1989 1996 2001 2016 2035 2037 2046
1851 1803 1773 1748 1728 1708 1699 1676 1667 1656 1637 1625 1609 1586 1571 1579 1551 1573 1565 1570 1586 1607 1603 1615 1589 1591 1587 1582 1575 1568 1576 1589 1592 1596 1599 1601 1615 1624 1638 1638 1658 1677 1693 1704 1709 1728 1749 1766 1791 1827 1841 1865 1888 1902 1917 1926 1923 1907 1892 1896 1909 1921 1935 1958 1975 2003 1997 2007 2025 2041 2051 2055
1912 1854 1815 1778 1753 1735 1716 1695 1680 1661 1646 1628 1605 1588 1602 1584 1564 1559 1567 1568 1592 1598 1608 1607 1585 1591 1569 1562 1555 1559 1575 1571 1572 1583 1584 1582 1584 1596 1596 1604 1616 1645 1659 1669 1672 1674 1681 1693 1714 1752 1783 1821 1863 1893 1923 1930 1948 1945 1925 1920 1920 1928 1941 1954 1975 2002 2026 2039 2045 2059 2082 2085
1974 1906 1856 1815 1789 1764 1742 1711 1696 1674 1657 1633 1620 1603 1614 1601 1586 1564 1572 1571 1597 1604 1608 1587 1584 1593 1563 1544 1548 1553 1541 1532 1548 1551 1562 1554 1560 1565 1575 1581 1596 1614 1628 1630 1643 1641 1634 1634 1654 1686 1737 1791 1843 1889 1934 1948 1963 1954 1934 1931 1941 1949 1963 1969 1979 2010 2025 2045 2070 2074 2097 2125
2032 1958 1900 1860 1826 1794 1767 1740 1715 1694 1674 1651 1648 1623 1625 1622 1601 1573 1591 1578 1593 1588 1597 1586 1561 1574 1552 1536 1527 1534 1527 1512 1515 1521 1530 1543 1545 1554 1565 1570 1581 1580 1602 1598 1612 1616 1597 1608 1597 1637 1703 1783 1844 1904 1953 1974 1975 1969 1955 1948 1964 1968 1979 1983 1993 2034 2045 2043 2072 2072 2089 2126
2091 2020 1961 1909 1869 1829 1800 1765 1738 1737 1716 1678 1644 1634 1641 1627 1614 1610 1607 1601 1589 1598 1600 1589 1552 1550 1559 1542 1524 1511 1501 1489 1493 1499 1507 1524 1542 1544 1563 1558 1557 1558 1574 1573 1569 1586 1594 1604 1603 1644 1706 1803 1878 1938 2004 1998 1967 1955 1962 1967 1984 1980 1993 1996 2000 2061 2065 2062 2065 2077 2084 2117
2206 2115 2039 1979 1918 1889 1844 1825 1792 1766 1719 1708 1683 1654 1660 1637 1624 1623 1612 1595 1577 1579 1593 1587 1557 1568 1559 1557 1524 1503 1506 1478 1473 1480 1486 1503 1523 1544 1548 1543 1540 1539 1552 1559 1555 1576 1595 1616 1636 1676 1720 1796 1890 1957 2011 1970 1966 1979 1975 1983 1982 1989 2031 2012 2004 2052 2083 2063 2062 2053 2068 2105
2346 2224 2135 2041 1986 1937 1893 1850 1812 1778 1736 1730 1690 1675 1663 1652 1640 1637 1619 1586 1595 1562 1581 1569 1559 1550 1575 1548 1521 1490 1476 1465 1451 1457 1469 1485 1508 1518 1529 1538 1529 1530 1532 1538 1554 1573 1610 1647 1665 1715 1772 1847 1874 1929 1984 1985 1985 1987 1994 1986 1996 2003 2041 2065 2011 2016 2082 2042 2050 2058 2094 2075
2464 2308 2199 2105 2025 1956 1920 1868 1841 1810 1776 1749 1691 1698 1675 1675 1663 1636 1626 1564 1596 1594 1593 1587 1557 1565 1553 1542 1507 1464 1453 1454 1434 1438 1449 1469 1488 1489 1501 1505 1507 1515 1517 1534 1545 1574 1607 1659 1705 1761 1815 1864 1871 1896 1953 1977 1976 1984 1977 1975 2016 2010 2041 2042 2017 2017 2065 2062 2078 2057 2052 2050
2555 2384 2249 2140 2056 1988 1935 1890 1845 1823 1806 1747 1713 1719 1698 1688 1672 1653 1640 1609 1599 1609 1604 1576 1573 1564 1545 1522 1478 1439 1424 1434 1429 1428 1437 1462 1468 1468 1473 1481 1488 1499 1505 1531 1561 1577 1602 1656 1728 1795 1844 1859 1866 1862 1907 1947 1953 1954 1946 1977 1997 2007 2041 2017 2021 2001 2048 2051 2067 2032 2027 2019
2606 2435 2293 2177 2089 2012 1953 1903 1860 1829 1800 1762 1739 1726 1721 1697 1680 1659 1640 1635 1630 1626 1620 1578 1582 1565 1544 1516 1476 1427 1410 1419 1427 1437 1438 1446 1452 1464 1450 1458 1469 1486 1488 1507 1547 1572 1614 1656 1707 1765 1813 1842 1845 1854 1887 1929 1939 1934 1930 1982 1981 2014 2016 2024 2027 1989 2018 2046 2045 2026 2026 1991
2628 2456 2316 2180 2093 2021 1972 1923 1891 1861 1813 1781 1758 1744 1733 1704 1689 1675 1664 1657 1640 1630 1626 1586 1580 1566 1553 1525 1492 1448 1423 1429 1425 1438 1430 1427 1436 1449 1439 1437 1447 1482 1503 1496 1519 1543 1579 1617 1664 1713 1769 1781 1799 1814 1845 1890 1920 1914 1916 1956 1966 1989 1996 1995 1975 1984 1990 2027 2014 2021 2008 1965
2445 2299 2260 2159 2080 2022 1992 1945 1898 1864 1828 1797 1769 1742 1726 1724 1701 1695 1684 1673 1661 1646 1627 1588 1586 1576 1563 1543 1510 1475 1432 1426 1426 1427 1420 1420 1416 1429 1429 1422 1432 1442 1458 1479 1505 1538 1575 1599 1631 1692 1721 1726 1750 1776 1797 1848 1883 1892 1888 1929 1931 1946 1957 1953 1943 1966 1967 1992 1977 2002 1997 1971
2121 2113 2014 1984 2011 1943 1939 1932 1903 1877 1842 1820 1799 1762 1738 1727 1713 1707 1691 1685 1674 1664 1653 1611 1600 1591 1580 1562 1525 1497 1461 1446 1441 1414 1408 1407 1408 1410 1411 1402 1410 1416 1435 1453 1474 1516 1530 1565 1597 1654 1698 1695 1697 1723 1780 1779 1815 1842 1857 1899 1897 1904 1920 1910 1921 1926 1946 1971 1958 1968 1971 1958
1842 1924 1727 1664 1830 1893 1878 1907 1906 1889 1859 1836 1815 1782 1762 1740 1735 1715 1701 1693 1685 1681 1669 1648 1621 1627 1618 1583 1549 1513 1480 1459 1446 1416 1401 1394 1386 1382 1382 1381 1384 1396 1410 1425 1446 1472 1504 1531 1557 1608 1660 1673 1677 1699 1721 1747 1747 1774 1822 1848 1849 1865 1877 1878 1884 1883 1909 1920 1929 1949 1932 1914
1669 1534 1645 1795 1690 1699 1809 1855 1897 1906 1888 1874 1845 1813 1800 1765 1757 1728 1720 1722 1703 1699 1689 1684 1661 1666 1663 1622 1572 1537 1508 1493 1460 1423 1400 1383 1369 1363 1356 1356 1362 1370 1383 1400 1422 1441 1468 1490 1514 1556 1632 1626 1648 1662 1678 1692 1706 1742 1795 1820 1821 1826 1825 1823 1845 1839 1874 1877 1897 1882 1846 1812
1243 1304 1462 1653 1448 1447 1632 1864 1866 1903 1910 1876 1843 1811 1804 1789 1765 1758 1755 1740 1735 1726 1724 1726 1708 1699 1705 1676 1622 1574 1540 1513 1474 1436 1398 1371 1356 1339 1331 1328 1332 1340 1354 1369 1392 1412 1432 1452 1476 1509 1591 1593 1591 1637 1635 1652 1672 1695 1756 1778 1785 1790 1788 1807 1809 1813 1815 1819 1781 1755 1735 1720
1010 1330 1469 1412 1379 1369 1585 1778 1880 1897 1858 1860 1833 1815 1813 1808 1792 1787 1786 1780 1778 1763 1766 1770 1768 1759 1755 1730 1676 1619 1573 1531 1483 1442 1401 1366 1340 1320 1312 1304 1306 1314 1322 1338 1362 1385 1403 1422 1441 1472 1531 1569 1575 1591 1596 1620 1639 1648 1693 1745 1755 1769 1765 1775 1782 1767 1745 1713 1687 1697 1693 1676
952 1110 1322 1347 1340 1311 1463 1636 1811 1859 1852 1836 1828 1818 1825 1820 1826 1843 1840 1829 1812 1806 1819 1836 1832 1838 1824 1787 1743 1675 1610 1560 1500 1448 1398 1352 1318 1297 1284 1278 1281 1284 1295 1311 1333 1350 1374 1386 1420 1436 1451 1509 1572 1560 1558 1585 1623 1613 1612 1679 1719 1720 1740 1723 1725 1710 1676 1645 1614 1627 1596 1573
948 954 1149 1331 1330 1364 1421 1673 1700 1784 1842 1824 1844 1838 1849 1868 1895 1911 1915 1907 1888 1879 1898 1923 1934 1928 1914 1868 1811 1740 1662 1593 1520 1452 1392 1336 1298 1268 1252 1249 1250 1257 1266 1281 1302 1319 1343 1356 1390 1407 1415 1436 1476 1524 1547 1538 1560 1594 1579 1616 1668 1670 1685 1675 1678 1664 1639 1593 1560 1560 1537 1501
923 941 1034 1262 1372 1432 1365 1560 1729 1681 1784 1812 1851 1870 1886 1919 1954 1983 2001 2011 2013 2012 2032 2045 2050 2036 2020 1977 1903 1815 1727 1635 1548 1464 1389 1321 1273 1241 1220 1215 1217 1228 1242 1254 1272 1291 1311 1326 1352 1368 1389 1415 1438 1476 1513 1513 1543 1561 1590 1591 1597 1627 1636 1638 1623 1630 1601 1563 1517 1502 1488 1451
914 931 1031 1125 1331 1443 1431 1461 1687 1740 1721 1783 1838 1908 1937 1988 2035 2075 2112 2139 2163 2181 2189 2203 2202 2162 2147 2084 2002 1904 1792 1688 1580 1481 1388 1308 1246 1208 1188 1184 1188 1202 1215 1232 1246 1263 1280 1299 1315 1356 1364 1394 1430 1461 1476 1501 1529 1543 1558 1563 1569 1599 1597 1592 1574 1558 1537 1511 1483 1458 1438 1404
