data/layers/Current/bio19.asc
NCOLS 494 
NROWS 529 
XLLCORNER -117.166666666667 
YLLCORNER -55.5 
CELLSIZE 0.166666666666667 
NODATA_value -3.4e+38 
[rows 66 to 98 of 529, columns 76 to 151 of 494]
62 59 51 48 41 52 46 44 39 38 39 37 34 33 36 37 36 33 33 35 31 31 28 28 32 34 33 34 35 40 66 76 97 133 124 110 107 116 116 124 123 121 136 140 -3.4e+38 -3.4e+38 -3.4e+38 -3.4e+38 -3.4e+38 -3.4e+38 -3.4e+38 -3.4e+38 -3.4e+38 -3.4e+38 -3.4e+38 -3.4e+38 -3.4e+38 -3.4e+38 -3.4e+38 -3.4e+38 -3.4e+38 -3.4e+38 -3.4e+38 -3.4e+38 -3.4e+38 -3.4e+38 -3.4e+38 -3.4e+38 -3.4e+38 -3.4e+38 -3.4e+38 -3.4e+38 -3.4e+38 -3.4e+38 -3.4e+38 -3.4e+38
58 55 51 39 45 46 43 42 35 38 36 33 31 31 32 33 35 39 39 39 35 29 26 30 32 32 33 31 35 46 60 49 74 145 143 126 119 131 124 131 140 135 139 -3.4e+38 -3.4e+38 -3.4e+38 -3.4e+38 -3.4e+38 -3.4e+38 -3.4e+38 -3.4e+38 -3.4e+38 -3.4e+38 -3.4e+38 -3.4e+38 -3.4e+38 -3.4e+38 -3.4e+38 -3.4e+38 -3.4e+38 -3.4e+38 -3.4e+38 -3.4e+38 -3.4e+38 -3.4e+38 -3.4e+38 -3.4e+38 -3.4e+38 -3.4e+38 -3.4e+38 -3.4e+38 -3.4e+38 -3.4e+38 -3.4e+38 -3.4e+38 -3.4e+38
54 49 44 42 40 40 38 33 34 36 31 28 27 27 30 31 33 41 43 42 35 28 28 30 33 29 31 29 30 39 50 50 78 133 149 136 137 131 140 198 175 145 138 -3.4e+38 -3.4e+38 -3.4e+38 -3.4e+38 -3.4e+38 -3.4e+38 -3.4e+38 -3.4e+38 -3.4e+38 -3.4e+38 -3.4e+38 -3.4e+38 -3.4e+38 -3.4e+38 -3.4e+38 -3.4e+38 -3.4e+38 -3.4e+38 -3.4e+38 -3.4e+38 -3.4e+38 -3.4e+38 -3.4e+38 -3.4e+38 -3.4e+38 -3.4e+38 -3.4e+38 -3.4e+38 -3.4e+38 -3.4e+38 -3.4e+38 -3.4e+38 -3.4e+38
52 45 39 35 36 39 32 32 33 32 28 26 23 25 28 31 31 34 38 44 39 28 29 32 31 27 24 24 23 34 42 52 72 114 153 179 165 155 141 149 141 144 135 129 -3.4e+38 -3.4e+38 -3.4e+38 -3.4e+38 -3.4e+38 -3.4e+38 -3.4e+38 -3.4e+38 -3.4e+38 -3.4e+38 -3.4e+38 -3.4e+38 -3.4e+38 -3.4e+38 -3.4e+38 -3.4e+38 -3.4e+38 -3.4e+38 -3.4e+38 -3.4e+38 -3.4e+38 -3.4e+38 -3.4e+38 -3.4e+38 -3.4e+38 -3.4e+38 -3.4e+38 -3.4e+38 -3.4e+38 -3.4e+38 -3.4e+38 -3.4e+38
53 48 42 36 35 32 31 32 33 30 29 27 24 24 28 31 30 30 30 33 36 28 30 32 31 30 29 24 22 34 34 46 56 78 112 149 174 180 185 133 115 122 132 140 -3.4e+38 -3.4e+38 -3.4e+38 -3.4e+38 -3.4e+38 -3.4e+38 -3.4e+38 -3.4e+38 -3.4e+38 -3.4e+38 -3.4e+38 -3.4e+38 -3.4e+38 -3.4e+38 -3.4e+38 -3.4e+38 -3.4e+38 -3.4e+38 -3.4e+38 -3.4e+38 -3.4e+38 -3.4e+38 -3.4e+38 -3.4e+38 -3.4e+38 -3.4e+38 -3.4e+38 -3.4e+38 -3.4e+38 40 -3.4e+38 -3.4e+38
51 45 44 38 35 33 32 30 31 30 29 29 27 29 32 27 29 29 28 27 27 26 28 29 27 24 22 24 26 29 27 37 45 43 77 113 159 177 150 138 149 147 149 154 -3.4e+38 -3.4e+38 -3.4e+38 -3.4e+38 -3.4e+38 -3.4e+38 -3.4e+38 -3.4e+38 -3.4e+38 -3.4e+38 -3.4e+38 -3.4e+38 -3.4e+38 -3.4e+38 -3.4e+38 -3.4e+38 -3.4e+38 -3.4e+38 -3.4e+38 -3.4e+38 -3.4e+38 -3.4e+38 -3.4e+38 -3.4e+38 -3.4e+38 -3.4e+38 -3.4e+38 -3.4e+38 -3.4e+38 -3.4e+38 -3.4e+38 -3.4e+38
53 48 46 40 34 35 33 31 30 30 29 27 26 28 29 28 34 26 25 25 26 25 25 26 26 27 25 25 25 22 23 28 31 33 41 76 127 166 174 149 164 160 162 192 196 -3.4e+38 -3.4e+38 -3.4e+38 -3.4e+38 -3.4e+38 -3.4e+38 -3.4e+38 -3.4e+38 -3.4e+38 -3.4e+38 -3.4e+38 -3.4e+38 -3.4e+38 -3.4e+38 -3.4e+38 -3.4e+38 -3.4e+38 -3.4e+38 -3.4e+38 -3.4e+38 -3.4e+38 -3.4e+38 -3.4e+38 -3.4e+38 -3.4e+38 -3.4e+38 -3.4e+38 -3.4e+38 -3.4e+38 -3.4e+38 -3.4e+38
55 54 54 44 36 31 36 33 31 30 28 27 25 24 23 24 25 24 26 28 27 26 25 28 27 26 28 25 25 25 27 25 27 33 36 45 77 145 180 180 179 174 198 230 269 310 -3.4e+38 -3.4e+38 -3.4e+38 -3.4e+38 -3.4e+38 -3.4e+38 -3.4e+38 -3.4e+38 -3.4e+38 -3.4e+38 -3.4e+38 -3.4e+38 -3.4e+38 -3.4e+38 -3.4e+38 -3.4e+38 -3.4e+38 -3.4e+38 -3.4e+38 -3.4e+38 -3.4e+38 -3.4e+38 -3.4e+38 -3.4e+38 -3.4e+38 -3.4e+38 -3.4e+38 -3.4e+38 -3.4e+38 -3.4e+38
62 52 51 47 47 30 35 33 45 41 33 27 27 25 25 23 25 26 29 31 29 26 26 29 28 31 32 29 27 30 29 25 25 29 38 37 36 72 143 184 204 190 204 251 323 342 293 -3.4e+38 -3.4e+38 -3.4e+38 -3.4e+38 -3.4e+38 -3.4e+38 -3.4e+38 -3.4e+38 -3.4e+38 -3.4e+38 -3.4e+38 -3.4e+38 -3.4e+38 -3.4e+38 -3.4e+38 -3.4e+38 -3.4e+38 -3.4e+38 -3.4e+38 -3.4e+38 -3.4e+38 -3.4e+38 -3.4e+38 -3.4e+38 -3.4e+38 -3.4e+38 -3.4e+38 -3.4e+38 52
58 51 46 49 56 44 36 42 42 42 34 31 31 30 30 30 29 30 31 31 29 29 29 30 31 31 32 33 30 33 27 22 27 30 31 43 33 41 74 144 186 212 229 266 289 312 281 214 -3.4e+38 -3.4e+38 -3.4e+38 -3.4e+38 -3.4e+38 -3.4e+38 -3.4e+38 -3.4e+38 -3.4e+38 -3.4e+38 -3.4e+38 -3.4e+38 -3.4e+38 -3.4e+38 -3.4e+38 -3.4e+38 -3.4e+38 -3.4e+38 -3.4e+38 -3.4e+38 -3.4e+38 -3.4e+38 -3.4e+38 -3.4e+38 -3.4e+38 -3.4e+38 -3.4e+38 -3.4e+38
63 52 44 48 53 51 49 48 47 46 39 36 35 34 31 34 30 29 30 32 30 31 34 38 39 34 34 35 35 36 30 24 23 25 22 33 44 45 52 76 110 127 166 232 262 288 269 194 123 -3.4e+38 -3.4e+38 -3.4e+38 -3.4e+38 -3.4e+38 -3.4e+38 -3.4e+38 -3.4e+38 -3.4e+38 -3.4e+38 -3.4e+38 -3.4e+38 -3.4e+38 -3.4e+38 -3.4e+38 -3.4e+38 -3.4e+38 -3.4e+38 -3.4e+38 -3.4e+38 -3.4e+38 -3.4e+38 -3.4e+38 -3.4e+38 -3.4e+38 -3.4e+38 -3.4e+38
56 46 43 44 58 62 55 48 46 43 39 39 39 40 37 42 35 31 33 35 35 37 43 49 43 40 42 39 42 43 33 28 22 20 20 23 30 44 43 45 46 49 66 108 163 180 192 146 92 -3.4e+38 -3.4e+38 -3.4e+38 -3.4e+38 -3.4e+38 -3.4e+38 -3.4e+38 -3.4e+38 -3.4e+38 -3.4e+38 -3.4e+38 -3.4e+38 -3.4e+38 -3.4e+38 -3.4e+38 -3.4e+38 -3.4e+38 -3.4e+38 -3.4e+38 -3.4e+38 -3.4e+38 -3.4e+38 -3.4e+38 -3.4e+38 -3.4e+38 -3.4e+38 -3.4e+38
54 69 65 51 60 72 54 46 46 42 38 38 33 39 43 47 44 36 36 37 38 35 48 53 52 51 43 41 41 44 43 27 23 20 26 31 27 30 35 37 36 30 35 57 117 149 135 86 55 -3.4e+38 -3.4e+38 -3.4e+38 -3.4e+38 -3.4e+38 -3.4e+38 -3.4e+38 -3.4e+38 -3.4e+38 -3.4e+38 -3.4e+38 -3.4e+38 -3.4e+38 -3.4e+38 -3.4e+38 -3.4e+38 -3.4e+38 -3.4e+38 -3.4e+38 -3.4e+38 -3.4e+38 -3.4e+38 -3.4e+38 -3.4e+38 -3.4e+38 -3.4e+38 -3.4e+38
62 57 59 59 51 56 43 47 40 28 29 36 34 52 37 35 46 49 53 45 41 30 45 45 57 53 45 42 39 36 44 30 23 22 42 36 28 25 25 26 27 23 25 57 126 128 95 43 34 36 -3.4e+38 -3.4e+38 -3.4e+38 -3.4e+38 -3.4e+38 -3.4e+38 -3.4e+38 -3.4e+38 -3.4e+38 -3.4e+38 -3.4e+38 -3.4e+38 -3.4e+38 -3.4e+38 -3.4e+38 -3.4e+38 -3.4e+38 -3.4e+38 -3.4e+38 -3.4e+38 -3.4e+38 -3.4e+38 -3.4e+38 -3.4e+38 -3.4e+38 -3.4e+38
35 36 54 43 38 36 34 45 40 26 30 30 29 30 30 27 38 47 38 36 29 29 22 22 36 47 47 47 40 33 37 40 29 25 37 42 20 20 36 32 25 21 26 72 114 126 82 47 37 48 64 -3.4e+38 -3.4e+38 -3.4e+38 -3.4e+38 -3.4e+38 -3.4e+38 -3.4e+38 -3.4e+38 -3.4e+38 -3.4e+38 -3.4e+38 -3.4e+38 -3.4e+38 -3.4e+38 -3.4e+38 -3.4e+38 -3.4e+38 -3.4e+38 -3.4e+38 -3.4e+38 -3.4e+38 -3.4e+38 -3.4e+38 -3.4e+38 -3.4e+38
30 27 29 28 22 33 35 42 38 30 29 29 30 33 29 25 31 38 25 23 22 23 21 21 25 34 44 48 57 40 39 38 37 33 34 52 22 20 23 25 25 23 33 83 120 139 99 67 45 53 62 64 -3.4e+38 -3.4e+38 -3.4e+38 -3.4e+38 -3.4e+38 -3.4e+38 -3.4e+38 -3.4e+38 -3.4e+38 -3.4e+38 -3.4e+38 -3.4e+38 -3.4e+38 -3.4e+38 -3.4e+38 -3.4e+38 -3.4e+38 -3.4e+38 -3.4e+38 -3.4e+38 -3.4e+38 -3.4e+38 -3.4e+38 -3.4e+38
-3.4e+38 22 27 30 23 23 33 40 41 36 29 28 30 31 31 26 23 27 22 20 21 22 20 21 30 29 28 47 38 29 34 23 30 30 25 30 20 19 18 21 23 21 28 91 121 141 154 117 55 53 67 72 -3.4e+38 -3.4e+38 -3.4e+38 -3.4e+38 -3.4e+38 -3.4e+38 -3.4e+38 -3.4e+38 -3.4e+38 -3.4e+38 -3.4e+38 -3.4e+38 -3.4e+38 -3.4e+38 -3.4e+38 -3.4e+38 -3.4e+38 -3.4e+38 -3.4e+38 -3.4e+38 -3.4e+38 -3.4e+38 -3.4e+38 -3.4e+38
-3.4e+38 -3.4e+38 -3.4e+38 28 28 26 43 46 42 44 31 31 29 30 30 27 25 22 25 20 17 19 18 20 23 23 28 29 27 30 29 28 26 16 29 19 17 16 17 19 19 17 26 64 115 161 227 135 57 54 66 82 110 151 213 292 329 -3.4e+38 -3.4e+38 -3.4e+38 -3.4e+38 -3.4e+38 -3.4e+38 -3.4e+38 -3.4e+38 -3.4e+38 -3.4e+38 -3.4e+38 -3.4e+38 -3.4e+38 -3.4e+38 -3.4e+38 -3.4e+38 199 186 174
-3.4e+38 -3.4e+38 -3.4e+38 -3.4e+38 28 27 30 45 44 38 33 33 29 30 29 25 23 22 23 20 17 20 26 31 22 38 41 36 35 25 29 26 24 26 13 13 14 15 15 19 15 16 23 58 145 178 196 136 70 62 69 86 115 163 219 305 337 441 531 -3.4e+38 -3.4e+38 -3.4e+38 -3.4e+38 -3.4e+38 -3.4e+38 -3.4e+38 -3.4e+38 -3.4e+38 -3.4e+38 -3.4e+38 272 250 228 219 206 189
-3.4e+38 -3.4e+38 -3.4e+38 -3.4e+38 -3.4e+38 26 28 30 43 38 30 33 30 31 29 22 24 26 23 22 22 21 19 21 29 27 34 37 34 30 29 28 25 28 23 22 19 14 21 23 13 15 24 40 127 182 164 156 109 77 80 94 118 154 177 212 238 320 372 -3.4e+38 -3.4e+38 -3.4e+38 -3.4e+38 -3.4e+38 381 386 392 397 385 363 315 274 259 253 243 219
-3.4e+38 -3.4e+38 -3.4e+38 -3.4e+38 -3.4e+38 -3.4e+38 26 27 26 23 29 27 29 29 23 22 25 24 33 33 26 23 19 19 23 26 32 32 32 24 26 25 22 23 22 19 19 22 15 13 12 16 23 12 95 160 274 163 159 125 111 105 117 127 128 138 185 207 246 306 -3.4e+38 463 463 437 407 398 399 399 389 375 348 310 287 278 261 244
-3.4e+38 -3.4e+38 -3.4e+38 -3.4e+38 -3.4e+38 -3.4e+38 -3.4e+38 -3.4e+38 -3.4e+38 17 16 15 17 19 22 23 22 27 31 38 29 27 34 27 25 27 25 24 25 24 24 25 22 15 20 18 19 19 17 20 19 18 28 24 42 126 232 295 213 203 161 137 128 116 106 100 130 155 201 315 425 463 459 427 405 394 382 374 375 374 360 348 331 311 288 261
-3.4e+38 -3.4e+38 -3.4e+38 -3.4e+38 -3.4e+38 -3.4e+38 -3.4e+38 -3.4e+38 -3.4e+38 -3.4e+38 -3.4e+38 -3.4e+38 15 20 20 23 24 31 30 33 44 40 30 26 36 22 27 25 28 26 28 17 17 16 19 17 16 15 18 25 23 20 23 33 33 74 174 278 284 263 230 172 142 123 112 110 127 167 215 303 380 405 408 399 386 383 377 378 397 396 392 396 391 370 326 285
-3.4e+38 -3.4e+38 -3.4e+38 -3.4e+38 -3.4e+38 -3.4e+38 -3.4e+38 -3.4e+38 -3.4e+38 -3.4e+38 -3.4e+38 -3.4e+38 -3.4e+38 -3.4e+38 -3.4e+38 -3.4e+38 23 23 29 29 37 54 49 40 34 31 39 28 22 28 38 20 19 17 24 19 17 17 20 25 15 21 23 25 49 46 153 215 277 267 265 200 160 135 109 119 146 192 251 327 384 388 395 406 405 409 423 454 487 495 479 484 496 475 388 346
-3.4e+38 -3.4e+38 -3.4e+38 -3.4e+38 -3.4e+38 -3.4e+38 -3.4e+38 -3.4e+38 -3.4e+38 -3.4e+38 -3.4e+38 -3.4e+38 -3.4e+38 -3.4e+38 -3.4e+38 -3.4e+38 -3.4e+38 21 22 24 27 31 38 46 50 43 39 33 33 26 18 26 23 23 33 21 18 21 23 18 17 17 24 21 32 35 99 166 223 247 246 214 188 141 116 126 157 219 303 391 441 442 445 459 478 503 559 631 680 677 614 594 571 560 473 409
-3.4e+38 -3.4e+38 -3.4e+38 -3.4e+38 -3.4e+38 -3.4e+38 -3.4e+38 -3.4e+38 -3.4e+38 -3.4e+38 -3.4e+38 -3.4e+38 -3.4e+38 -3.4e+38 -3.4e+38 -3.4e+38 -3.4e+38 -3.4e+38 4 21 22 28 34 29 41 42 48 33 28 33 22 22 24 31 39 31 29 25 24 20 20 17 28 20 24 37 63 105 184 194 245 213 173 148 129 138 167 247 373 482 528 504 492 496 536 598 716 771 813 736 670 498 516 530 460 412
-3.4e+38 -3.4e+38 -3.4e+38 -3.4e+38 -3.4e+38 -3.4e+38 -3.4e+38 -3.4e+38 -3.4e+38 -3.4e+38 -3.4e+38 -3.4e+38 -3.4e+38 -3.4e+38 -3.4e+38 -3.4e+38 -3.4e+38 -3.4e+38 -3.4e+38 -3.4e+38 19 19 22 23 27 36 33 33 29 26 24 22 27 27 32 32 32 32 30 27 21 17 18 26 27 28 39 80 101 189 231 192 168 160 142 152 186 273 410 531 536 497 465 435 476 487 554 477 290 250 448 371 303 360 402 358
-3.4e+38 -3.4e+38 -3.4e+38 -3.4e+38 -3.4e+38 -3.4e+38 -3.4e+38 -3.4e+38 -3.4e+38 -3.4e+38 -3.4e+38 -3.4e+38 -3.4e+38 -3.4e+38 -3.4e+38 -3.4e+38 -3.4e+38 -3.4e+38 -3.4e+38 -3.4e+38 -3.4e+38 -3.4e+38 16 16 16 23 24 33 31 23 24 26 25 24 27 27 28 24 29 24 27 26 21 18 35 32 22 36 54 102 121 181 174 184 155 171 174 265 376 359 333 386 371 297 330 309 314 242 141 91 212 276 234 261 279 269
-3.4e+38 -3.4e+38 -3.4e+38 -3.4e+38 -3.4e+38 -3.4e+38 -3.4e+38 -3.4e+38 -3.4e+38 -3.4e+38 -3.4e+38 -3.4e+38 -3.4e+38 -3.4e+38 -3.4e+38 -3.4e+38 -3.4e+38 -3.4e+38 -3.4e+38 -3.4e+38 -3.4e+38 -3.4e+38 -3.4e+38 -3.4e+38 -3.4e+38 14 14 23 23 24 25 27 27 27 29 23 21 21 18 16 27 30 24 23 52 42 17 22 23 35 55 63 76 126 156 153 128 217 305 275 215 197 200 185 178 144 154 129 102 44 75 88 136 173 199 221
-3.4e+38 -3.4e+38 -3.4e+38 -3.4e+38 -3.4e+38 -3.4e+38 -3.4e+38 -3.4e+38 -3.4e+38 -3.4e+38 -3.4e+38 -3.4e+38 -3.4e+38 -3.4e+38 -3.4e+38 -3.4e+38 -3.4e+38 -3.4e+38 -3.4e+38 -3.4e+38 -3.4e+38 -3.4e+38 -3.4e+38 -3.4e+38 -3.4e+38 -3.4e+38 -3.4e+38 15 21 22 24 25 25 28 30 28 22 21 17 22 22 28 28 36 52 36 17 18 14 19 28 25 40 62 64 64 61 139 197 109 86 103 131 107 74 55 52 38 35 35 36 44 62 97 150 177
-3.4e+38 -3.4e+38 -3.4e+38 -3.4e+38 -3.4e+38 -3.4e+38 -3.4e+38 -3.4e+38 -3.4e+38 -3.4e+38 -3.4e+38 -3.4e+38 -3.4e+38 -3.4e+38 -3.4e+38 -3.4e+38 -3.4e+38 -3.4e+38 -3.4e+38 -3.4e+38 -3.4e+38 -3.4e+38 -3.4e+38 -3.4e+38 -3.4e+38 -3.4e+38 -3.4e+38 -3.4e+38 -3.4e+38 -3.4e+38 25 21 22 24 25 24 20 19 16 19 23 19 22 27 37 28 21 19 13 13 13 9 19 10 7 8 10 37 38 24 19 34 57 45 36 18 30 20 13 22 35 37 37 60 97 143
-3.4e+38 -3.4e+38 -3.4e+38 -3.4e+38 -3.4e+38 -3.4e+38 -3.4e+38 -3.4e+38 -3.4e+38 -3.4e+38 -3.4e+38 -3.4e+38 -3.4e+38 -3.4e+38 -3.4e+38 -3.4e+38 -3.4e+38 -3.4e+38 -3.4e+38 -3.4e+38 -3.4e+38 -3.4e+38 -3.4e+38 -3.4e+38 -3.4e+38 -3.4e+38 -3.4e+38 -3.4e+38 -3.4e+38 -3.4e+38 -3.4e+38 -3.4e+38 -3.4e+38 -3.4e+38 20 20 20 19 15 13 18 18 25 23 25 31 21 10 15 24 18 8 10 5 4 8 7 11 10 11 11 9 13 29 19 18 9 11 7 9 15 24 29 34 70 107
-3.4e+38 -3.4e+38 -3.4e+38 -3.4e+38 -3.4e+38 -3.4e+38 -3.4e+38 -3.4e+38 -3.4e+38 -3.4e+38 -3.4e+38 -3.4e+38 -3.4e+38 -3.4e+38 -3.4e+38 -3.4e+38 -3.4e+38 -3.4e+38 -3.4e+38 -3.4e+38 -3.4e+38 -3.4e+38 -3.4e+38 -3.4e+38 -3.4e+38 -3.4e+38 -3.4e+38 -3.4e+38 -3.4e+38 -3.4e+38 -3.4e+38 -3.4e+38 -3.4e+38 -3.4e+38 -3.4e+38 16 16 17 13 12 13 12 23 35 29 26 31 36 42 41 36 15 9 9 7 7 7 5 6 4 6 6 6 5 8 17 9 6 5 6 9 13 15 24 50 91
