data/layers/Current/bio1.asc
NCOLS 494 
NROWS 529 
XLLCORNER -117.166666666667 
YLLCORNER -55.5 
CELLSIZE 0.166666666666667 
NODATA_value -3.4e+38 
[rows 0 to 22 of 529, columns 104 to 155 of 494]
17.9487075805664 17.7870101928711 17.7221260070801 17.9808025360107 17.9900722503662 17.818696975708 17.5105838775635 17.6280841827393 17.9971351623535 18.1115207672119 18.2521362304688 18.2619380950928 18.0827922821045 18.1098651885986 18.3602294921875 18.5168647766113 18.6357707977295 18.5473651885986 18.6006145477295 18.4589786529541 18.3792285919189 18.1811771392822 18.0674266815186 18.035457611084 18.0164470672607 18.0022602081299 17.988094329834 17.919979095459 17.8615112304688 17.9316864013672 18.0805721282959 17.8901462554932 17.7938327789307 17.7275409698486 17.6786670684814 17.7428951263428 18.0642395019531 17.6807193756104 17.548677444458 17.646728515625 17.5106258392334 17.5229167938232 17.6021251678467 17.6586246490479 17.6457500457764 17.7910213470459 18.0167293548584 17.8552398681641 17.9202079772949 17.9310512542725 18.0019378662109 18.1765213012695
18.0185832977295 17.7367076873779 17.636510848999 17.9628849029541 17.7805004119873 17.519832611084 17.4593639373779 17.6303234100342 17.8131980895996 17.9179058074951 18.0536766052246 18.1504058837891 18.312915802002 18.2129898071289 18.3384265899658 18.3483448028564 18.5752182006836 18.5349063873291 18.6227493286133 18.5582294464111 18.4843444824219 18.3579788208008 18.2802295684814 18.1719264984131 18.1587181091309 18.16965675354 18.2766571044922 18.2108860015869 18.0089168548584 18.0583553314209 18.1613330841064 18.0032501220703 17.8896255493164 17.7286777496338 17.7091255187988 17.8881149291992 18.1998443603516 17.9376564025879 17.7814483642578 17.6573848724365 17.646125793457 17.6155109405518 17.6491355895996 17.6561870574951 17.6975421905518 17.8496570587158 18.0646457672119 18.0933742523193 18.0750617980957 17.9592399597168 18.1008853912354 18.2463550567627
17.5202178955078 17.4674797058105 17.6132392883301 17.4718017578125 17.4731464385986 17.5451984405518 17.6305198669434 17.738374710083 17.6110305786133 17.7354488372803 17.9501361846924 18.140438079834 18.3613014221191 18.3257389068604 18.4818954467773 18.474645614624 18.5743637084961 18.5623645782471 18.6699161529541 18.5412406921387 18.505500793457 18.4742088317871 18.4250831604004 18.3730621337891 18.4008121490479 18.4205112457275 18.4826049804688 18.3982181549072 18.1898956298828 18.0125102996826 18.0248851776123 18.1070823669434 18.0000114440918 17.9020824432373 17.7766971588135 17.7883014678955 17.8765525817871 18.0130844116211 17.923864364624 17.7613430023193 17.7506675720215 17.802978515625 17.8974380493164 17.8431873321533 17.8290004730225 17.8572387695312 18.2011032104492 18.2768859863281 18.2053546905518 18.1833648681641 18.1763534545898 18.1851043701172
17.68190574646 17.7000217437744 17.7470207214355 17.749927520752 17.6180000305176 17.5909576416016 17.7591152191162 17.9002704620361 17.8302803039551 17.8684158325195 17.9950313568115 18.0795097351074 18.2307910919189 18.4364585876465 18.4777507781982 18.5546779632568 18.6127700805664 18.6765422821045 18.6161041259766 18.624906539917 18.6196346282959 18.6989994049072 18.6536464691162 18.5444469451904 18.5109901428223 18.461051940918 18.57421875 18.4720821380615 18.3703117370605 18.1963024139404 18.0461044311523 18.0171661376953 18.0730838775635 18.0546989440918 17.9215621948242 17.843334197998 17.8766345977783 17.9938220977783 18.1149272918701 17.9304885864258 17.9065933227539 17.9324054718018 17.9934787750244 17.9656658172607 17.9691257476807 18.0006141662598 18.1709060668945 18.3023643493652 18.3479785919189 18.3828430175781 18.3885097503662 18.4751148223877
17.8122501373291 17.5995311737061 17.8930931091309 17.9295101165771 17.8246555328369 17.6343955993652 17.7163543701172 18.0115413665771 18.1089477539062 18.0517387390137 18.1307506561279 18.1849784851074 18.2413749694824 18.3824901580811 18.5258750915527 18.6447296142578 18.7918434143066 18.8234786987305 18.6440620422363 18.7334365844727 18.7035732269287 18.7017498016357 18.726354598999 18.6301879882812 18.5590515136719 18.4085102081299 18.4806671142578 18.5089378356934 18.460916519165 18.3048534393311 18.0972080230713 17.9560203552246 18.0130519866943 17.9854679107666 18.0088748931885 18.041072845459 17.8780422210693 17.8938846588135 18.1341037750244 18.3562183380127 18.3645839691162 18.2453651428223 18.1126556396484 18.2167282104492 18.1888236999512 18.2238330841064 18.1232604980469 18.2841148376465 18.4625415802002 18.5893859863281 18.6093845367432 18.4132595062256
18.1037082672119 17.8346347808838 18.0331344604492 18.0498752593994 17.9960308074951 18.0049686431885 17.8415412902832 17.966552734375 18.1054782867432 18.1944999694824 18.2135200500488 18.2394695281982 18.3861980438232 18.5149269104004 18.7255935668945 18.8829174041748 18.9223442077637 18.8292293548584 18.7610530853271 18.7853546142578 18.7684783935547 18.8075942993164 18.8757820129395 18.7767810821533 18.7094173431396 18.5322074890137 18.4559059143066 18.4275722503662 18.3987083435059 18.3843231201172 18.2426776885986 18.1628761291504 18.10719871521 18.0269584655762 18.0478019714355 18.1116771697998 18.1626987457275 17.9694690704346 18.0873966217041 18.2948322296143 18.5966987609863 18.4635009765625 18.2643966674805 18.281457901001 18.38503074646 18.3641986846924 18.3043327331543 18.3714904785156 18.7032508850098 18.7526454925537 18.6840515136719 18.3217182159424
18.3299789428711 18.2124786376953 18.3522911071777 18.271800994873 18.2421989440918 18.1998023986816 18.1834373474121 18.0583343505859 17.9571762084961 18.0775318145752 18.2529487609863 18.3753547668457 18.3601360321045 18.5150203704834 18.7901554107666 19.0277805328369 19.2082595825195 19.011926651001 19.0041255950928 18.8551979064941 18.8468952178955 18.9181251525879 18.85373878479 18.7875633239746 18.8851566314697 18.6402816772461 18.6505527496338 18.5819473266602 18.5999889373779 18.5871562957764 18.5318431854248 18.484188079834 18.2862091064453 18.1577701568604 18.0472393035889 18.0998859405518 18.409969329834 18.1438636779785 18.1200733184814 18.2456874847412 18.496395111084 18.8118648529053 18.7214889526367 18.5528964996338 18.5542507171631 18.5787181854248 18.6649475097656 18.8152179718018 18.8205318450928 18.8247299194336 18.6456775665283 18.2007713317871
18.5262813568115 18.5747604370117 18.5491352081299 18.3495006561279 18.3985729217529 18.4674377441406 18.3975524902344 18.2749691009521 18.1469268798828 18.187686920166 18.2260208129883 18.4901676177979 18.5813121795654 18.720531463623 18.90793800354 19.0621452331543 19.3004684448242 19.2424373626709 19.2065525054932 19.0833549499512 18.9680004119873 18.9995727539062 18.8964176177979 18.7810821533203 18.886697769165 18.8196659088135 18.7742805480957 18.6558856964111 18.6933116912842 18.7602291107178 18.8345108032227 18.5981769561768 18.5020198822021 18.3392505645752 18.2152080535889 18.222635269165 18.4229469299316 18.3400936126709 18.2673759460449 18.3212184906006 18.4203968048096 18.5761871337891 18.8103332519531 18.9751453399658 18.8464164733887 18.826000213623 18.8841552734375 19.0645618438721 19.0488548278809 18.9506034851074 18.6017189025879 18.3589572906494
18.1702709197998 18.2673645019531 18.3125305175781 18.1742401123047 18.2496662139893 18.4365005493164 18.5519275665283 18.4135322570801 18.2045516967773 18.2270202636719 18.3758335113525 18.6387805938721 18.7179679870605 18.7414264678955 19.0061569213867 19.1839275360107 19.3397388458252 19.4097709655762 19.3795318603516 19.1461048126221 19.1494998931885 19.0918235778809 18.8902702331543 18.873218536377 19.0985832214355 19.073917388916 18.9428539276123 18.8664798736572 18.8744792938232 18.8977813720703 18.8984470367432 18.7554588317871 18.7385005950928 18.6836032867432 18.503885269165 18.3575305938721 18.4696254730225 18.6067085266113 18.4621257781982 18.4801349639893 18.5318641662598 18.6197185516357 18.7445831298828 18.961030960083 19.179666519165 18.9385204315186 19.1708221435547 19.0856037139893 18.9320621490479 18.8659896850586 18.7254695892334 18.468635559082
17.9600200653076 18.0582714080811 18.083927154541 18.1612701416016 18.2510414123535 18.3018951416016 18.2631244659424 18.2916564941406 18.1958961486816 18.2505931854248 18.4844169616699 18.6995830535889 19.0272598266602 18.9726047515869 19.265510559082 19.3889904022217 19.5057506561279 19.5574684143066 19.5897808074951 19.4097499847412 19.3015308380127 19.2104682922363 19.1728019714355 19.3368015289307 19.4147911071777 19.3044681549072 19.1009159088135 19.0345840454102 18.9873542785645 18.8983745574951 18.9058856964111 18.8123016357422 18.7336463928223 18.707052230835 18.7839889526367 18.4342193603516 18.419677734375 18.6074275970459 18.6674060821533 18.7822914123535 18.7421245574951 18.7585620880127 18.7969799041748 18.8322296142578 19.1282386779785 19.1985321044922 19.1625518798828 19.113353729248 18.9837284088135 18.8380317687988 18.5004692077637 18.488374710083
18.0219058990479 18.0702705383301 18.0788021087646 18.1613121032715 18.2355632781982 18.3018951416016 18.4122085571289 18.4107704162598 18.3461360931396 18.2251148223877 18.5773029327393 18.8324794769287 18.9567184448242 19.0946884155273 19.3888854980469 19.5307598114014 19.6943435668945 19.7746047973633 19.6878223419189 19.595573425293 19.3939781188965 19.463041305542 19.5541152954102 19.6374378204346 19.5409278869629 19.4498538970947 19.3861351013184 19.2061977386475 18.9703235626221 18.8478851318359 18.82639503479 18.798999786377 18.8246879577637 18.8563442230225 18.8310832977295 18.6414470672607 18.6336879730225 18.7823123931885 18.8489799499512 18.9302921295166 18.9050426483154 18.9175624847412 18.9470100402832 18.976261138916 18.9897193908691 19.1848850250244 19.2883434295654 19.238187789917 19.2448539733887 18.9838638305664 18.7244682312012 18.6791458129883
17.9374370574951 18.0916347503662 18.1994800567627 18.2662811279297 18.5911674499512 18.8761558532715 18.9698333740234 18.978385925293 18.837760925293 18.4693965911865 18.5745735168457 18.8792819976807 18.9892711639404 19.2802295684814 19.4668750762939 19.5420322418213 19.7329578399658 19.6568546295166 19.5657920837402 19.7240104675293 19.76003074646 19.720853805542 19.683084487915 19.6045532226562 19.5004062652588 19.5178966522217 19.2828121185303 19.2316150665283 19.3167915344238 19.0050735473633 18.786937713623 18.7862911224365 18.9500617980957 18.9556980133057 18.9930419921875 18.9136772155762 18.9289588928223 19.0117702484131 19.0046463012695 19.0475215911865 19.1137084960938 19.1069793701172 19.1061363220215 19.0901775360107 19.2512607574463 19.3135528564453 19.2702713012695 19.1978130340576 19.2356147766113 19.2143325805664 19.1546459197998 19.0330410003662
18.1680736541748 18.3481674194336 18.2990627288818 18.476634979248 18.5896034240723 18.8450927734375 18.9054584503174 18.8441257476807 19.0698852539062 19.030969619751 18.7800216674805 18.8553638458252 19.1522083282471 19.4651870727539 19.5820217132568 19.7006034851074 19.5888862609863 19.4677295684814 19.5353851318359 19.7863750457764 19.8978233337402 19.7772598266602 19.6532802581787 19.6078433990479 19.3721046447754 19.306489944458 19.2895622253418 19.1416358947754 19.1880302429199 19.2033653259277 19.0227909088135 19.0115718841553 19.1386451721191 19.1435317993164 19.1901149749756 19.1523952484131 19.1412506103516 19.0803852081299 19.1451663970947 19.1763439178467 19.2310409545898 19.2924175262451 19.3955421447754 19.4123439788818 19.53293800354 19.5034999847412 19.4189586639404 19.4372501373291 19.2399063110352 19.3493328094482 19.4147605895996 19.3252086639404
18.2113132476807 18.0731773376465 18.1176147460938 18.0428333282471 18.1608238220215 18.1557178497314 18.4749584197998 18.7286033630371 18.8279266357422 19.0966663360596 19.2421875 19.1895408630371 19.523509979248 19.6936149597168 19.836353302002 19.6591663360596 19.5966243743896 19.613073348999 19.7441139221191 19.794792175293 19.8674793243408 19.7872180938721 19.7504997253418 19.609489440918 19.4956569671631 19.6506156921387 19.4516658782959 19.2122917175293 19.2036151885986 19.3955097198486 19.3466663360596 19.2630729675293 19.3348636627197 19.3783950805664 19.3951568603516 19.332124710083 19.2922191619873 19.2610511779785 19.3572292327881 19.4462299346924 19.4637508392334 19.5419158935547 19.6457080841064 19.5692501068115 19.617073059082 19.6232490539551 19.5388641357422 19.5740203857422 19.331823348999 19.3296356201172 19.3803844451904 19.5653438568115
18.0574378967285 17.9919586181641 17.9580631256104 17.9155941009521 18.0715312957764 18.3598022460938 18.5435409545898 18.660083770752 18.827709197998 19.025333404541 19.0379161834717 19.2479991912842 19.8988857269287 19.8206882476807 19.7626152038574 19.5898532867432 19.6188125610352 19.8336448669434 19.8460826873779 19.800895690918 19.9262714385986 19.8617191314697 19.773416519165 19.5776557922363 19.4749584197998 19.6267700195312 19.8200626373291 19.4824066162109 19.4850521087646 19.5844383239746 19.6687297821045 19.5669269561768 19.5261039733887 19.5637187957764 19.5832405090332 19.476749420166 19.5314273834229 19.5551776885986 19.6812496185303 19.8820724487305 19.7367496490479 19.7592391967773 19.7768650054932 19.703052520752 19.7691555023193 19.7711048126221 19.8248748779297 19.7065525054932 19.6261463165283 19.4072189331055 19.439811706543 19.5690422058105
18.0821876525879 18.0331249237061 17.9734992980957 17.9834785461426 18.0770626068115 18.2926139831543 18.431791305542 18.433801651001 18.7161560058594 18.8757286071777 19.0882396697998 19.3974056243896 19.7577075958252 19.691291809082 19.6774158477783 19.5899486541748 19.7097072601318 19.9349994659424 19.9504680633545 19.968656539917 20.0331363677979 19.9530620574951 19.8758125305176 19.8018856048584 19.7449264526367 19.9968643188477 20.1982707977295 20.0176467895508 19.8931884765625 20.0734367370605 20.0329685211182 19.8465213775635 19.8516864776611 19.9933967590332 20.160270690918 19.8509693145752 19.9591770172119 19.8916149139404 20.0502300262451 20.0038223266602 19.9230613708496 19.9114799499512 19.953332901001 19.916166305542 19.9912090301514 20.0122718811035 19.9891567230225 19.9204692840576 19.9061450958252 19.6924781799316 19.6085109710693 19.6539058685303
18.0655632019043 17.9594573974609 18.0101776123047 18.1445827484131 18.3662300109863 18.4866352081299 18.697509765625 18.8180103302002 18.9744071960449 19.2598133087158 19.3065414428711 19.7033958435059 19.9142608642578 19.7847385406494 19.5745735168457 19.5622596740723 19.8540840148926 20.1822814941406 20.1831359863281 20.0269470214844 19.9025096893311 19.9418029785156 19.9919681549072 19.9340515136719 20.0694999694824 20.5253238677979 20.5943851470947 20.259614944458 20.1867713928223 20.2463436126709 20.1420841217041 20.111457824707 20.131031036377 20.0146675109863 20.1023864746094 20.3823223114014 20.0452499389648 20.0383949279785 20.1478443145752 20.1225318908691 20.0745315551758 20.0758438110352 20.096019744873 20.1476879119873 20.2322597503662 20.301082611084 20.2562389373779 20.1252288818359 20.0384788513184 19.9809265136719 19.8251361846924 19.8796672821045
18.4491138458252 18.3372611999512 18.2939472198486 18.7150726318359 18.9108028411865 18.7241764068604 18.6455211639404 18.921989440918 19.1271877288818 19.3121356964111 19.7584590911865 20.0614681243896 20.0372295379639 19.9293327331543 19.7193756103516 19.8607387542725 20.0570735931396 20.2376251220703 20.230676651001 19.9681873321533 19.9032917022705 20.0866260528564 20.098051071167 20.0772819519043 20.3771877288818 20.7084903717041 20.933313369751 20.8421154022217 20.7160148620605 20.5406932830811 20.372673034668 20.2411460876465 20.2047710418701 20.1156253814697 20.0468769073486 20.0304107666016 20.0071964263916 20.0304622650146 20.1559925079346 20.1266384124756 20.0895118713379 20.1458835601807 20.1571769714355 20.2391777038574 20.3413753509521 20.3941287994385 20.4792556762695 20.1757183074951 20.0243625640869 19.970043182373 20.0059795379639 20.0173225402832
18.9371871948242 19.0127716064453 19.0747909545898 19.1125106811523 19.1173229217529 19.1594581604004 19.2529373168945 19.8511981964111 20.0128021240234 19.9319381713867 20.1500930786133 20.2026462554932 20.1064167022705 20.1061553955078 20.1450634002686 20.1706562042236 20.2421569824219 20.2675304412842 20.0867500305176 19.9535942077637 20.1101360321045 20.1000728607178 20.2206039428711 20.2717399597168 20.3853435516357 20.539249420166 20.4558124542236 20.6421241760254 20.7801570892334 20.5781745910645 20.4682903289795 20.3685970306396 20.24977684021 20.118803024292 20.0662498474121 -3.4e+38 -3.4e+38 -3.4e+38 -3.4e+38 -3.4e+38 -3.4e+38 20.220832824707 20.2469387054443 20.3178539276123 20.3826484680176 20.437427520752 20.4801158905029 20.4099082946777 20.3935680389404 20.0970230102539 20.0706005096436 20.1455516815186
19.7124271392822 19.9685306549072 19.8534164428711 19.8133335113525 19.9201774597168 19.8817291259766 19.9997081756592 20.5142078399658 20.466646194458 20.2562084197998 20.2506675720215 20.1519470214844 20.2799472808838 20.400426864624 20.4161243438721 20.3975315093994 20.4172191619873 20.3585205078125 20.1333236694336 20.1290416717529 20.2925930023193 20.2436676025391 20.3726043701172 20.4288864135742 20.4701042175293 20.2303028106689 20.294864654541 20.4357089996338 20.5950317382812 20.8578929901123 20.5840969085693 20.3672218322754 -3.4e+38 -3.4e+38 -3.4e+38 -3.4e+38 -3.4e+38 -3.4e+38 -3.4e+38 -3.4e+38 -3.4e+38 -3.4e+38 -3.4e+38 -3.4e+38 -3.4e+38 -3.4e+38 -3.4e+38 20.3687496185303 20.3519439697266 -3.4e+38 20.4204158782959 20.3459644317627
20.5009689331055 20.4814682006836 20.4012393951416 20.2661972045898 20.2822914123535 20.2139377593994 20.3629264831543 20.427562713623 20.4128952026367 20.4685211181641 20.4614582061768 20.5559902191162 20.61501121521 20.6579685211182 20.6642913818359 20.599946975708 20.5394477844238 20.445728302002 20.3460216522217 20.3743858337402 20.4321346282959 20.5335521697998 20.5171661376953 20.5310001373291 20.4518013000488 20.4416351318359 20.4624156951904 20.6239452362061 20.7125644683838 20.7630786895752 20.9221019744873 -3.4e+38 -3.4e+38 -3.4e+38 -3.4e+38 -3.4e+38 -3.4e+38 -3.4e+38 -3.4e+38 -3.4e+38 -3.4e+38 -3.4e+38 -3.4e+38 -3.4e+38 -3.4e+38 -3.4e+38 -3.4e+38 -3.4e+38 -3.4e+38 -3.4e+38 20.5666675567627 20.7449913024902
20.8612804412842 20.7329483032227 20.672155380249 20.5287914276123 20.5084381103516 20.5973339080811 20.6227283477783 20.6859073638916 20.7130527496338 20.7975406646729 20.8638439178467 20.9434585571289 20.8760414123535 20.8571872711182 20.8609485626221 20.8335304260254 20.7334060668945 20.7039890289307 20.66969871521 20.6618232727051 20.6809577941895 20.6882400512695 20.6785202026367 20.6616668701172 20.5925426483154 20.5774383544922 20.7748126983643 20.8382358551025 20.7927532196045 -3.4e+38 -3.4e+38 -3.4e+38 -3.4e+38 -3.4e+38 -3.4e+38 -3.4e+38 -3.4e+38 -3.4e+38 -3.4e+38 -3.4e+38 -3.4e+38 -3.4e+38 -3.4e+38 -3.4e+38 -3.4e+38 -3.4e+38 -3.4e+38 -3.4e+38 -3.4e+38 -3.4e+38 -3.4e+38 -3.4e+38
21.1973857879639 21.0814685821533 20.9062385559082 20.7537822723389 20.7811050415039 20.8130111694336 20.9327392578125 21.0010929107666 21.0277805328369 21.1083011627197 21.0910110473633 21.1288967132568 21.0888118743896 21.0341453552246 21.0778541564941 21.0620422363281 21.0604381561279 20.9738025665283 21.002103805542 21.0484485626221 20.8831253051758 20.8174686431885 20.9188747406006 20.9531879425049 20.8509693145752 20.8462600708008 21.0441875457764 21.2059783935547 -3.4e+38 -3.4e+38 -3.4e+38 -3.4e+38 -3.4e+38 -3.4e+38 -3.4e+38 -3.4e+38 -3.4e+38 -3.4e+38 -3.4e+38 -3.4e+38 -3.4e+38 -3.4e+38 -3.4e+38 -3.4e+38 -3.4e+38 -3.4e+38 -3.4e+38 -3.4e+38 -3.4e+38 -3.4e+38 -3.4e+38 -3.4e+38
