data/layers/Current/bio10.asc
NCOLS 494 
NROWS 529 
XLLCORNER -117.166666666667 
YLLCORNER -55.5 
CELLSIZE 0.166666666666667 
NODATA_value -3.4e+38 
[rows 322 to 344 of 529, columns 312 to 363 of 494]
18.3594589233398 18.054874420166 18.921875 21.8595409393311 22.2884178161621 23.7427501678467 25.4321250915527 27.0248756408691 26.9796257019043 26.1514167785645 26.7245407104492 27.7382488250732 27.2910423278809 27.660249710083 27.8452911376953 27.8702907562256 27.8318748474121 27.7720413208008 27.7846260070801 27.7880001068115 27.8442077636719 27.9557075500488 28.099666595459 28.1726245880127 28.2388763427734 28.3473739624023 28.4300842285156 28.5143337249756 28.5716247558594 28.5639572143555 28.6663761138916 28.6768341064453 28.7213745117188 28.6867065429688 28.6852073669434 28.7146244049072 28.6618747711182 28.6016235351562 28.5912094116211 28.5358753204346 28.5071659088135 28.3932075500488 28.2978324890137 28.2430839538574 28.1187915802002 27.9517078399658 27.6590824127197 26.8604583740234 27.1523742675781 26.3655834197998 24.9292087554932 25.4686260223389
18.0415840148926 16.9931659698486 18.2519588470459 18.5617504119873 20.1101245880127 22.1436252593994 25.543041229248 26.2328338623047 27.1238746643066 26.7249584197998 28.0428333282471 28.173791885376 27.6255416870117 27.6877918243408 28.0773334503174 28.0688323974609 27.9786243438721 27.9287910461426 27.9281673431396 27.9237079620361 27.9734172821045 28.1126251220703 28.1785411834717 28.2748336791992 28.3468341827393 28.3865413665771 28.4177093505859 28.4849166870117 28.5275421142578 28.5559577941895 28.5774993896484 28.6342487335205 28.6534156799316 28.6801662445068 28.6627082824707 28.6636257171631 28.5752506256104 28.6575412750244 28.5631256103516 28.4630432128906 28.5272083282471 28.4325008392334 28.2798328399658 28.2271251678467 28.0637493133545 27.869291305542 27.7134590148926 27.3500823974609 27.0666675567627 26.1272926330566 25.1037502288818 25.9192924499512
16.452917098999 16.2978744506836 20.5554580688477 19.6792087554932 18.8583335876465 21.5283336639404 24.5984172821045 24.5410842895508 26.062126159668 25.999626159668 27.9399166107178 28.2560424804688 27.8684597015381 27.904541015625 28.1594581604004 28.1824569702148 28.1825408935547 28.1017074584961 28.0496673583984 28.0744171142578 28.1049575805664 28.1535835266113 28.2268753051758 28.3543758392334 28.3734169006348 28.3894996643066 28.3839168548584 28.4169158935547 28.4755001068115 28.5174999237061 28.5839996337891 28.6312923431396 28.6828746795654 28.6424999237061 28.6493740081787 28.664665222168 28.6537075042725 28.6115417480469 28.4899578094482 28.4233741760254 28.3719997406006 28.3114166259766 28.2738761901855 28.1662502288818 28.0226669311523 27.8639163970947 27.5423755645752 26.4990844726562 26.6211242675781 26.0732498168945 25.5024166107178 26.1258335113525
13.9914579391479 15.0775413513184 21.1445426940918 21.1507091522217 19.8465843200684 22.2367076873779 23.3683738708496 23.597749710083 25.0983753204346 25.7056674957275 27.6817512512207 27.8520412445068 27.9133758544922 28.2007503509521 28.2668342590332 28.1940002441406 28.1571655273438 28.1389999389648 28.1273326873779 28.1537914276123 28.1929168701172 28.1706237792969 28.1910419464111 28.2788333892822 28.3195419311523 28.3111248016357 28.3284587860107 28.3446254730225 28.4213752746582 28.5076656341553 28.5677509307861 28.6184158325195 28.6614990234375 28.6289577484131 28.5764579772949 28.5810413360596 28.5737915039062 28.4996242523193 28.3977928161621 28.3244590759277 28.306583404541 28.2671241760254 28.2162914276123 28.1828746795654 28.0605411529541 27.6259155273438 27.4479579925537 26.3309993743896 26.61887550354 26.3413753509521 25.6768760681152 26.0728340148926
13.322208404541 17.5127086639404 21.2401676177979 20.6841659545898 22.6312084197998 23.3099994659424 23.6301250457764 24.0511665344238 24.8450012207031 26.3238334655762 27.3942909240723 27.6796245574951 27.9950408935547 28.1191673278809 28.2747917175293 28.1907920837402 28.0750427246094 28.0849170684814 28.1124992370605 28.1700401306152 28.2016658782959 28.2093334197998 28.2566661834717 28.2536659240723 28.2685012817383 28.2811241149902 28.2926254272461 28.3216667175293 28.447416305542 28.4810409545898 28.4993324279785 28.6061248779297 28.6222515106201 28.6393337249756 28.5932502746582 28.5065422058105 28.4986248016357 28.4510841369629 28.365291595459 28.2987499237061 28.2697505950928 28.2040405273438 28.1216239929199 28.130916595459 28.0736656188965 27.7194156646729 27.41575050354 26.8398742675781 26.8824996948242 26.0367088317871 26.0066661834717 26.4909591674805
12.9779586791992 17.7967910766602 20.0570831298828 19.1970825195312 23.8546657562256 24.0226249694824 24.1340408325195 25.0314998626709 25.4542922973633 26.7254161834717 27.4227504730225 27.675874710083 27.9428329467773 28.0706653594971 28.1378326416016 28.1042919158936 28.0324153900146 28.0688743591309 28.0707092285156 28.1562919616699 28.249584197998 28.294958114624 28.3258743286133 28.2922496795654 28.2690830230713 28.2736663818359 28.279748916626 28.2460403442383 28.377082824707 28.5230846405029 28.5643329620361 28.622875213623 28.6459579467773 28.6468334197998 28.5704154968262 28.541374206543 28.5107078552246 28.4425411224365 28.3623332977295 28.3066234588623 28.2571659088135 28.1551265716553 28.1037082672119 28.0983753204346 27.9974575042725 27.6542911529541 27.3763332366943 27.2355842590332 26.77512550354 26.4210414886475 26.4506664276123 26.61545753479
11.9230833053589 16.8995418548584 19.7920417785645 20.7834167480469 23.8470840454102 24.9050407409668 24.9676666259766 25.7485427856445 25.9294586181641 26.7276668548584 27.4616661071777 27.7168750762939 27.8388748168945 28.0076675415039 28.0091247558594 28.0574989318848 28.0067501068115 28.0018329620361 28.0867500305176 28.1776657104492 28.2672920227051 28.3891677856445 28.3934173583984 28.3453750610352 28.2992916107178 28.3181247711182 28.3250007629395 28.3421669006348 28.431999206543 28.533374786377 28.6120834350586 28.6838760375977 28.6652088165283 28.6935424804688 28.6477088928223 28.5901660919189 28.5200824737549 28.4058742523193 28.332332611084 28.2274169921875 28.1534576416016 28.113582611084 28.103666305542 28.0575408935547 27.9850406646729 27.6847076416016 27.5055408477783 27.3402080535889 27.0462913513184 26.6649589538574 26.7497501373291 26.7172088623047
13.4254589080811 17.0141258239746 19.6625823974609 23.1111660003662 24.193208694458 24.3077087402344 25.9637088775635 25.5624580383301 25.9865837097168 27.1517906188965 27.4674587249756 27.6290416717529 27.7360420227051 27.9017086029053 27.989875793457 27.9472923278809 27.9499168395996 27.9594173431396 27.9977073669434 28.1616668701172 28.3758335113525 28.3850841522217 28.4017925262451 28.3773345947266 28.3278331756592 28.3253326416016 28.3625831604004 28.3852500915527 28.4337501525879 28.5926666259766 28.7461242675781 28.7643737792969 28.742208480835 28.7098751068115 28.6302509307861 28.5197505950928 28.4717082977295 28.3284168243408 28.2453327178955 28.1440010070801 28.0922508239746 28.0592918395996 28.0288753509521 27.9969596862793 27.9265003204346 27.5615825653076 27.4973335266113 27.4435424804688 27.1968746185303 26.9479579925537 26.880708694458 26.788667678833
12.4954996109009 16.3312492370605 21.3084163665771 24.7539577484131 24.7962913513184 25.6734161376953 26.1088752746582 25.6759166717529 26.6331672668457 27.2690410614014 27.3759155273438 27.5498332977295 27.6841659545898 27.8285827636719 27.9072494506836 27.9684181213379 27.7921657562256 27.8408336639404 27.9311256408691 28.1459999084473 28.2935409545898 28.4944171905518 28.4645004272461 28.3835849761963 28.3538341522217 28.3540000915527 28.3522491455078 28.3826675415039 28.4955825805664 28.5621662139893 28.7415428161621 28.7855434417725 28.7720832824707 28.6662082672119 28.5522499084473 28.5051250457764 28.4137496948242 28.2970008850098 28.2326259613037 28.1634159088135 28.1322917938232 28.0451240539551 27.972957611084 27.9564170837402 27.8635005950928 27.5415000915527 27.1025428771973 27.1413745880127 26.9318752288818 26.8445415496826 26.9324989318848 26.7539577484131
14.3143749237061 18.6153335571289 22.550666809082 24.158166885376 25.5608749389648 26.53125 26.0726661682129 26.1030406951904 27.1086654663086 27.527250289917 27.5705013275146 27.5147514343262 27.6792507171631 27.8342914581299 27.8471660614014 27.9352493286133 27.9112091064453 27.6830005645752 27.8527488708496 28.056791305542 28.2617492675781 28.392333984375 28.4361248016357 28.403751373291 28.373291015625 28.3519592285156 28.3867511749268 28.3720836639404 28.4380836486816 28.5454998016357 28.6465835571289 28.6410007476807 28.6445407867432 28.6172485351562 28.5492496490479 28.4367084503174 28.3545837402344 28.2754592895508 28.1997909545898 28.125 28.107084274292 28.0500831604004 27.9631652832031 27.9342498779297 27.7859992980957 27.4575824737549 26.8090000152588 26.6876659393311 26.7203750610352 26.9597930908203 26.9914989471436 26.8249588012695
16.4370422363281 19.5120410919189 23.2511253356934 25.1866664886475 26.2497081756592 26.9094581604004 26.1195831298828 26.6378326416016 27.4737911224365 27.6632499694824 27.65012550354 27.6820411682129 27.7721252441406 27.8352088928223 27.8324165344238 27.8606243133545 27.9169998168945 27.7905006408691 27.8156661987305 27.9911251068115 28.1677494049072 28.2586250305176 28.3048324584961 28.2879581451416 28.253791809082 28.2653751373291 28.2944583892822 28.3262920379639 28.4267082214355 28.4601249694824 28.505542755127 28.5198745727539 28.4717082977295 28.4125423431396 28.3794574737549 28.310791015625 28.285041809082 28.2226257324219 28.1520404815674 28.1100006103516 28.0600833892822 27.9754161834717 27.9389991760254 27.9165840148926 27.8489170074463 27.6035003662109 27.316125869751 27.0945835113525 27.0575828552246 27.0923347473145 27.0014572143555 26.9223747253418
14.0369997024536 17.5272922515869 23.3763332366943 25.1767501831055 26.8072071075439 26.5024166107178 26.525707244873 27.1554164886475 27.7348346710205 27.7572078704834 27.7430839538574 27.7644577026367 27.8177490234375 27.8150825500488 27.8032493591309 27.8175010681152 27.9322090148926 27.881290435791 27.7703342437744 27.9361248016357 28.1189994812012 28.1536674499512 28.1645832061768 28.1910839080811 28.1927490234375 28.239917755127 28.2425422668457 28.2213325500488 28.1968326568604 28.2126235961914 28.2699165344238 28.2866668701172 28.3465824127197 28.3308334350586 28.2682075500488 28.2406234741211 28.2236671447754 28.1608333587646 28.1374168395996 28.1088752746582 28.0538749694824 27.9835834503174 27.9155006408691 27.9059162139893 27.876708984375 27.7626647949219 27.5417079925537 27.5072498321533 27.2532920837402 27.148832321167 27.0130424499512 26.9104175567627
10.627124786377 16.4775829315186 22.7049999237061 25.3939170837402 26.7027912139893 26.931791305542 26.9914169311523 27.4691257476807 27.6004581451416 27.6630001068115 27.6919174194336 27.7660007476807 27.8294582366943 27.7844581604004 27.7969589233398 27.8204154968262 27.8605823516846 27.9313735961914 27.8633327484131 27.8430404663086 27.9907913208008 28.0826663970947 28.0905838012695 28.0882911682129 28.1249160766602 28.1119155883789 28.1059589385986 28.1197090148926 28.16579246521 28.1415843963623 28.146541595459 28.1726665496826 28.2290000915527 28.2619590759277 28.1483325958252 28.1166667938232 28.0979995727539 28.0469169616699 28.0697078704834 28.027042388916 28.0206241607666 27.9608764648438 27.8830833435059 27.8643341064453 27.8717498779297 27.853832244873 27.6796245574951 27.5358333587646 27.3733329772949 27.21262550354 26.976583480835 26.6070404052734
10.1659164428711 15.3418750762939 22.4949169158936 25.0252075195312 26.6645412445068 27.1392498016357 27.3302917480469 27.5252914428711 27.5284156799316 27.6744594573975 27.7209167480469 27.7597923278809 27.7539176940918 27.8115005493164 27.8389167785645 27.7993335723877 27.8243751525879 27.9652080535889 27.9320411682129 27.8241672515869 27.8989181518555 27.9667091369629 28.0236663818359 28.0445404052734 28.0767078399658 28.0279579162598 28.0141658782959 28.0130004882812 27.9992504119873 28.0170841217041 28.0461235046387 28.0928745269775 28.1262092590332 28.1791667938232 28.0607089996338 28.0284175872803 27.9444999694824 27.9204578399658 27.9378757476807 27.968957901001 27.9403343200684 27.9284152984619 27.9265422821045 27.857250213623 27.8707084655762 27.8501663208008 27.6922073364258 27.4755840301514 27.3563747406006 27.0138320922852 26.5953750610352 26.6862487792969
13.9007081985474 17.3430004119873 22.056583404541 25.296667098999 26.7506656646729 27.1771659851074 27.3641242980957 27.4357070922852 27.4462089538574 27.5407905578613 27.6877918243408 27.6729164123535 27.7136669158936 27.7747497558594 27.7840423583984 27.7967071533203 27.7977485656738 27.8071250915527 27.8425827026367 27.9117908477783 27.9049987792969 27.863956451416 27.9141254425049 27.9336242675781 27.9203338623047 27.8946666717529 27.8612079620361 27.8590412139893 27.8762912750244 27.921459197998 27.9964580535889 27.9705829620361 27.944709777832 27.9735832214355 27.9151668548584 27.9489593505859 27.9615001678467 27.9804592132568 27.9778327941895 27.9823341369629 27.9397487640381 27.9363327026367 27.9375 27.9186668395996 27.8919162750244 27.8689575195312 27.8514575958252 27.6200008392334 27.4316253662109 27.2121658325195 27.0725421905518 26.8905830383301
18.6422080993652 18.9210414886475 21.4292488098145 25.2822074890137 26.6822910308838 26.9046249389648 27.1342506408691 26.7608757019043 27.0885410308838 27.4872913360596 27.5402908325195 27.6451663970947 27.7583332061768 27.7584590911865 27.718957901001 27.7566661834717 27.7766246795654 27.7955417633057 27.8290405273438 27.839750289917 27.8712501525879 27.875415802002 27.7984180450439 27.8558731079102 27.8176670074463 27.7653751373291 27.7916259765625 27.7714996337891 27.7993755340576 27.8707084655762 27.9270000457764 27.91575050354 27.8922080993652 27.9621658325195 27.8644161224365 27.8915004730225 27.9057502746582 27.9477500915527 27.9265403747559 27.9236660003662 27.9692916870117 28.0027084350586 27.9467506408691 27.9095420837402 27.9188766479492 27.8832492828369 27.8417510986328 27.783332824707 27.437084197998 27.039249420166 26.8397903442383 26.9540843963623
21.2040004730225 23.0035419464111 25.4970417022705 26.1743335723877 26.3041248321533 26.408374786377 26.7028331756592 26.4449577331543 27.0971240997314 27.4875411987305 27.6293754577637 27.6047916412354 27.5651664733887 27.6469173431396 27.7936668395996 27.73095703125 27.7056655883789 27.7108745574951 27.7638320922852 27.7924175262451 27.7875423431396 27.7819995880127 27.7424163818359 27.7237510681152 27.7600841522217 27.7523326873779 27.7294998168945 27.7673740386963 27.7209167480469 27.7840423583984 27.8011665344238 27.8466243743896 27.849250793457 27.9252090454102 27.8530006408691 27.793041229248 27.814790725708 27.8705825805664 27.9126243591309 27.9120006561279 27.9295406341553 27.9193325042725 27.9170837402344 27.8979167938232 27.9375 27.9215412139893 27.9184989929199 27.8956680297852 27.6129589080811 27.2883338928223 27.1900005340576 27.1601257324219
22.3164157867432 24.0246238708496 26.0408744812012 25.9191665649414 24.5169162750244 25.7425403594971 26.3428745269775 26.775541305542 27.1153755187988 27.4348754882812 27.5935001373291 27.6593322753906 27.7141666412354 27.4774589538574 27.6115417480469 27.7303333282471 27.6797924041748 27.6881256103516 27.7272930145264 27.7469997406006 27.7090835571289 27.6988334655762 27.69700050354 27.6886253356934 27.6662921905518 27.6915416717529 27.6340007781982 27.6287078857422 27.6874580383301 27.7045402526855 27.7584590911865 27.796501159668 27.8716659545898 27.9715423583984 27.9340839385986 27.87841796875 27.9034576416016 27.8663749694824 27.8623752593994 27.8434581756592 27.8833751678467 27.8675003051758 27.8628749847412 27.9069576263428 27.9155006408691 27.9325828552246 27.9282493591309 27.8860836029053 27.7383327484131 27.4898338317871 27.4814167022705 27.3585414886475
21.6081657409668 24.4646663665771 25.9144592285156 24.5892505645752 21.6662502288818 23.958625793457 26.0279159545898 26.857250213623 27.136417388916 27.3616676330566 27.4688739776611 27.5862503051758 27.683708190918 27.6628742218018 27.494499206543 27.5644588470459 27.6672496795654 27.6827507019043 27.6848335266113 27.6768341064453 27.6515426635742 27.6296234130859 27.6742515563965 27.6310005187988 27.6143321990967 27.6105403900146 27.6220417022705 27.6173324584961 27.6268749237061 27.6395835876465 27.6345825195312 27.6984577178955 27.7171249389648 27.7924995422363 27.8692073822021 27.9109992980957 27.9099998474121 27.8715419769287 27.7952079772949 27.8061256408691 27.8250427246094 27.8894577026367 27.8723735809326 27.8985824584961 27.9146251678467 27.910457611084 27.9107093811035 27.8468742370605 27.8055000305176 27.7028751373291 27.5757923126221 27.3560409545898
22.0215835571289 24.5153751373291 25.734375 23.6132926940918 20.8334159851074 23.9586238861084 26.178165435791 26.8972492218018 27.1442909240723 27.3152084350586 27.4475841522217 27.5262088775635 27.5009155273438 27.5796241760254 27.6022930145264 27.6219596862793 27.6418762207031 27.6352081298828 27.6342926025391 27.6261672973633 27.5959587097168 27.6001663208008 27.6180820465088 27.6235828399658 27.6344165802002 27.6039161682129 27.568208694458 27.5714168548584 27.5459575653076 27.601583480835 27.5917491912842 27.6533756256104 27.6668338775635 27.7385406494141 27.7933750152588 27.75 27.8314990997314 27.8645820617676 27.8371238708496 27.8161659240723 27.7797508239746 27.7977504730225 27.7607917785645 27.7562084197998 27.7785015106201 27.8132095336914 27.8214588165283 27.7352504730225 27.7115840911865 27.6414585113525 27.4051246643066 27.1574172973633
23.8247489929199 24.4905834197998 25.5082492828369 22.7973327636719 20.7956256866455 24.6054573059082 26.3637504577637 26.8362503051758 26.9952087402344 27.1737098693848 27.294792175293 27.3666248321533 27.4030418395996 27.454626083374 27.492374420166 27.5197086334229 27.5797920227051 27.5892086029053 27.5932922363281 27.5904159545898 27.5677909851074 27.550708770752 27.547248840332 27.5549163818359 27.607292175293 27.5920829772949 27.5618743896484 27.548583984375 27.5211238861084 27.5553321838379 27.5267925262451 27.588041305542 27.6734580993652 27.7357082366943 27.7257080078125 27.7690410614014 27.8056659698486 27.8402481079102 27.8336658477783 27.7764167785645 27.6963329315186 27.7187919616699 27.738208770752 27.730583190918 27.6398754119873 27.6514167785645 27.6615829467773 27.6169166564941 27.6222496032715 27.5307083129883 27.4224166870117 27.1329574584961
24.2418327331543 24.8782920837402 24.0510406494141 21.5177917480469 23.6568756103516 25.5468330383301 26.4876251220703 26.8352928161621 27.0520000457764 27.1471672058105 27.2120418548584 27.2781677246094 27.3404159545898 27.4052085876465 27.4530830383301 27.4651660919189 27.4916248321533 27.5207500457764 27.5269165039062 27.4890003204346 27.4850826263428 27.4975414276123 27.4635848999023 27.4591255187988 27.4701251983643 27.470458984375 27.5275001525879 27.55295753479 27.4960823059082 27.5337905883789 27.4964580535889 27.5443344116211 27.5544567108154 27.6462497711182 27.7158336639404 27.6617908477783 27.7169151306152 27.8029174804688 27.8437919616699 27.7838745117188 27.705041885376 27.6379165649414 27.6182918548584 27.6344585418701 27.5898323059082 27.5692081451416 27.5768337249756 27.5320835113525 27.5279159545898 27.5338325500488 27.5018749237061 27.347583770752
23.9311676025391 23.2566661834717 20.8918762207031 23.4868335723877 24.7334594726562 25.8647918701172 26.4992084503174 26.8696250915527 27.0608329772949 27.0922508239746 27.1828327178955 27.3097915649414 27.4365825653076 27.4469566345215 27.447582244873 27.4431667327881 27.4616661071777 27.4490833282471 27.4172496795654 27.4261665344238 27.3979167938232 27.3909587860107 27.4232082366943 27.410083770752 27.3682918548584 27.3829174041748 27.3954582214355 27.492582321167 27.4889583587646 27.4637088775635 27.5082912445068 27.5166244506836 27.5008754730225 27.5367088317871 27.656457901001 27.7142086029053 27.7455825805664 27.7579574584961 27.7903747558594 27.746208190918 27.6753330230713 27.5862922668457 27.5410842895508 27.5082492828369 27.5011672973633 27.4769592285156 27.4985408782959 27.4371662139893 27.4742088317871 27.4612922668457 27.4580001831055 27.4107913970947
