data/layers/Current/bio17.asc
NCOLS 494 
NROWS 529 
XLLCORNER -117.166666666667 
YLLCORNER -55.5 
CELLSIZE 0.166666666666667 
NODATA_value -3.4e+38 
[rows 306 to 339 of 529, columns 380 to 455 of 494]
81 80 78 77 77 77 77 74 72 69 69 65 64 61 59 57 57 54 53 50 49 47 46 44 44 40 39 38 37 39 39 35 33 30 26 20 16 16 18 22 24 27 30 30 31 29 30 29 27 26 23 23 26 24 22 21 21 20 19 23 27 29 32 40 37 38 40 40 40 43 47 54 62 70 78 87
83 81 80 79 79 79 78 76 75 73 71 68 64 61 60 59 56 54 53 50 49 46 45 44 43 41 39 40 41 42 42 37 35 34 26 20 14 12 15 19 24 30 33 30 34 34 33 31 29 28 25 25 24 24 24 22 23 21 20 25 32 38 42 38 43 44 46 48 51 54 53 56 62 73 77 84
88 86 86 82 82 81 80 79 76 73 71 69 66 63 61 59 57 56 56 52 49 47 45 45 43 43 43 43 45 45 43 41 36 32 27 25 17 16 17 20 25 31 32 32 33 38 36 34 33 30 27 25 25 24 25 24 24 23 22 24 40 48 44 39 40 43 44 48 53 53 57 59 64 71 76 86
92 91 88 86 83 82 80 79 77 74 72 68 67 63 61 59 58 55 55 53 50 49 48 47 45 44 44 45 47 47 46 44 40 37 31 25 25 22 23 25 27 32 35 33 35 41 39 39 36 31 29 27 27 27 25 26 26 26 22 21 40 50 40 37 39 43 44 48 48 48 53 57 61 68 78 85
95 92 90 90 87 84 82 79 77 75 73 69 67 64 62 61 58 57 56 53 53 51 49 49 48 47 48 50 48 49 47 47 46 42 39 32 30 28 25 27 30 35 37 40 39 43 42 44 38 33 31 30 29 30 27 27 30 27 25 22 26 55 41 38 39 37 37 46 48 47 55 63 63 65 79 82
98 94 93 92 89 86 83 81 78 75 73 71 68 64 63 60 58 57 56 56 54 53 53 51 51 50 49 50 52 52 52 51 51 49 48 44 41 36 34 33 34 37 39 42 42 45 51 48 39 33 32 30 29 30 29 29 30 32 30 26 22 41 47 37 36 39 43 45 40 48 60 65 64 79 84 84
100 97 96 94 91 89 85 81 79 78 75 71 70 65 64 60 59 57 57 56 55 55 55 54 52 52 53 53 54 55 56 56 56 55 56 56 51 46 45 42 39 41 42 45 47 51 53 45 37 34 31 31 29 28 30 32 34 38 35 29 24 34 50 37 39 47 52 44 41 58 60 64 72 77 86 85
104 101 97 95 93 90 87 84 81 79 75 71 69 67 64 61 60 59 58 59 57 58 58 56 55 53 55 56 56 59 60 61 63 63 66 68 61 55 50 47 46 46 47 47 49 51 54 46 38 35 35 34 33 31 31 34 39 42 40 33 28 38 38 41 42 42 39 39 45 62 67 69 71 73 80 90
106 104 100 98 95 92 89 85 82 79 77 74 71 68 66 63 62 63 61 61 60 60 59 58 57 55 56 58 59 62 64 63 64 66 71 76 65 57 53 52 52 54 53 50 54 54 50 47 41 39 40 40 37 33 36 38 41 44 43 38 34 47 44 43 39 45 48 37 47 59 72 75 76 81 88 98
109 107 103 100 98 94 91 87 85 81 79 76 71 69 68 66 66 63 63 63 64 63 61 60 59 57 56 57 62 65 63 62 61 63 64 61 53 49 49 55 54 56 58 57 54 56 48 46 46 48 47 48 42 38 39 45 46 45 45 45 43 58 50 46 46 51 43 39 52 60 75 80 78 87 93 113
112 110 106 103 100 97 93 90 87 85 81 79 73 71 69 68 66 65 64 64 66 68 64 62 59 57 55 53 59 62 62 59 58 56 55 50 46 43 43 50 58 58 61 60 55 51 50 50 50 52 52 52 47 44 44 48 49 47 46 49 45 63 54 49 49 50 42 45 51 61 80 77 84 97 106 118
114 112 110 107 103 100 96 93 89 87 82 79 77 73 71 70 69 68 65 63 71 73 69 66 60 57 53 51 52 56 57 58 57 54 50 48 45 48 53 45 50 50 56 64 60 53 54 53 53 52 54 55 49 46 45 49 51 48 45 49 42 52 49 47 48 46 50 52 62 66 78 84 92 100 117 122
118 115 114 110 106 103 100 96 92 89 85 81 77 77 74 73 73 72 69 69 73 75 74 70 63 58 55 52 52 53 55 55 53 52 48 43 44 52 60 55 60 48 50 60 62 57 58 61 58 57 58 57 52 47 47 47 49 47 42 47 47 55 58 49 52 51 55 61 74 74 86 82 96 91 97 100
121 118 116 113 109 106 101 98 94 89 86 83 80 78 77 78 77 76 75 76 75 74 75 73 66 64 62 57 53 53 55 56 52 51 50 52 48 56 67 62 62 52 50 51 58 64 62 67 63 60 58 58 56 52 51 48 49 52 54 48 48 56 55 55 57 62 62 64 78 71 72 73 84 83 90 92
125 123 118 117 114 108 103 100 96 92 89 85 85 82 81 81 81 77 77 76 76 74 73 68 67 68 67 62 58 57 58 59 56 52 53 59 62 59 58 58 62 55 53 55 54 58 61 63 63 63 62 63 62 58 55 53 54 56 54 51 54 58 57 58 60 63 66 66 74 69 68 72 81 82 81 87
128 126 123 120 116 110 107 103 98 96 90 87 84 82 83 85 82 80 78 77 76 75 72 68 66 67 65 64 63 62 64 66 59 55 58 65 72 74 69 60 62 59 60 61 61 65 67 69 69 68 68 67 64 64 60 57 52 52 53 53 62 59 59 59 59 59 54 70 68 71 63 73 80 92 92 94
132 129 126 125 119 114 111 108 102 98 93 89 85 84 83 83 82 81 80 80 80 78 75 71 71 71 68 67 67 66 64 64 62 61 64 73 83 80 74 69 67 65 64 63 66 71 71 69 71 73 71 71 69 68 66 62 52 49 49 52 63 66 61 60 57 47 50 62 61 67 70 68 75 79 84 93
136 134 131 128 124 119 116 111 106 103 99 91 89 82 83 84 83 82 80 80 82 81 80 82 80 78 74 72 71 67 62 64 65 65 70 82 92 87 79 75 70 64 63 68 70 74 76 74 76 76 74 72 71 70 67 61 53 49 49 53 62 66 54 51 46 45 52 57 65 70 73 74 76 79 82 89
141 138 135 133 127 124 120 118 114 113 108 104 96 98 94 89 84 84 85 84 85 85 87 89 90 87 83 80 74 70 67 67 67 67 72 81 87 87 80 74 67 65 63 64 69 75 77 80 80 78 73 71 66 65 62 61 56 52 53 56 65 60 58 49 47 54 48 53 64 73 79 79 79 81 85 92
146 143 141 136 132 130 126 123 122 123 121 109 108 111 106 96 89 87 89 92 91 88 90 94 100 94 92 88 81 74 71 72 69 71 74 78 82 82 78 74 70 70 69 67 71 78 83 87 84 76 68 62 61 63 62 65 60 56 55 60 56 56 58 54 50 52 54 59 65 73 80 79 78 80 83 93
154 150 145 142 136 133 130 127 128 140 131 118 118 116 111 104 101 104 104 104 100 96 95 99 102 100 94 90 85 80 77 77 76 78 79 80 79 79 75 71 72 78 80 83 82 86 91 92 86 78 66 58 59 65 67 66 63 60 60 63 58 58 60 60 59 63 60 60 66 71 75 82 92 84 86 97
160 157 152 148 144 139 136 132 134 133 128 123 122 122 121 115 115 119 117 115 111 104 106 107 109 103 99 94 89 85 80 79 80 81 84 88 86 79 78 73 74 81 87 88 91 92 97 97 89 81 73 66 68 65 69 70 67 64 67 64 62 60 58 66 66 69 62 65 70 73 81 94 90 93 97 108
167 163 159 155 148 143 139 138 138 132 129 128 128 129 129 125 125 127 126 124 118 111 112 121 121 110 109 108 101 92 86 85 85 87 87 91 92 84 80 78 77 82 91 94 97 99 102 98 90 84 85 79 77 72 84 85 76 75 62 60 56 65 75 84 83 84 85 81 78 80 92 94 103 109 109 122
171 168 166 160 155 150 148 143 139 135 132 136 135 133 133 133 132 133 133 130 128 125 124 126 123 113 112 112 107 102 98 96 95 90 91 90 87 82 83 81 80 84 91 95 97 100 104 100 95 90 90 97 81 70 94 90 75 63 62 66 73 90 106 116 118 110 106 100 90 97 94 107 121 120 114 -3.4e+38
179 172 169 165 157 152 147 145 140 134 134 139 144 141 140 137 136 137 138 139 135 134 136 137 130 121 113 111 109 106 103 102 105 101 96 94 84 80 83 84 85 88 91 98 101 113 116 106 102 93 91 106 101 92 103 93 70 66 69 78 91 111 133 158 149 123 100 98 89 88 103 119 132 -3.4e+38 -3.4e+38 -3.4e+38
184 180 174 163 156 154 151 151 148 143 145 149 151 148 144 141 141 140 140 143 143 145 148 146 140 132 121 115 112 112 110 107 106 105 100 91 86 85 83 86 90 97 103 103 109 120 119 124 117 125 119 113 89 82 85 85 79 75 82 92 117 152 169 171 142 114 100 95 97 102 114 120 -3.4e+38 -3.4e+38 -3.4e+38 -3.4e+38
193 187 172 161 157 158 159 162 161 162 166 165 162 155 147 142 142 141 144 146 147 148 149 146 147 142 128 117 113 112 114 117 104 100 98 93 88 89 90 91 96 103 112 113 115 116 126 142 133 145 118 87 87 86 104 110 109 102 94 104 136 157 175 165 124 104 93 96 105 113 120 126 167 -3.4e+38 -3.4e+38 -3.4e+38
203 190 178 161 159 164 171 173 174 177 180 179 173 168 164 159 155 147 148 149 149 149 148 147 150 144 131 117 110 115 119 121 116 101 95 91 89 93 96 100 103 105 113 116 114 117 132 135 135 101 89 89 90 88 106 125 139 137 127 123 138 148 157 142 97 88 89 97 104 109 118 122 -3.4e+38 -3.4e+38 -3.4e+38 -3.4e+38
212 202 189 172 168 177 184 187 188 187 187 182 180 180 181 181 176 166 165 162 157 158 161 156 148 145 136 121 117 125 127 126 124 104 95 94 95 98 103 109 107 105 111 111 111 121 119 110 101 93 91 101 101 107 166 203 202 174 157 154 145 144 148 138 131 94 -3.4e+38 -3.4e+38 -3.4e+38 -3.4e+38 120 122 -3.4e+38 -3.4e+38 -3.4e+38 -3.4e+38
225 217 205 194 191 195 201 203 200 194 186 183 186 194 202 206 197 189 187 191 184 188 189 180 167 155 150 136 123 123 123 121 117 111 107 104 103 106 117 123 114 115 112 111 113 119 113 108 102 110 108 125 142 193 242 257 208 184 163 -3.4e+38 -3.4e+38 -3.4e+38 -3.4e+38 -3.4e+38 -3.4e+38 -3.4e+38 -3.4e+38 -3.4e+38 -3.4e+38 -3.4e+38 -3.4e+38 -3.4e+38 -3.4e+38 -3.4e+38 -3.4e+38 -3.4e+38
244 239 230 220 217 217 219 218 211 204 192 185 194 206 221 226 219 214 220 219 218 216 217 209 177 153 158 147 128 123 125 122 123 124 121 114 110 115 122 125 129 127 123 126 129 137 147 146 141 132 139 173 262 309 294 285 -3.4e+38 -3.4e+38 -3.4e+38 -3.4e+38 -3.4e+38 -3.4e+38 -3.4e+38 -3.4e+38 -3.4e+38 -3.4e+38 -3.4e+38 -3.4e+38 -3.4e+38 -3.4e+38 -3.4e+38 -3.4e+38 -3.4e+38 -3.4e+38 -3.4e+38 -3.4e+38
265 263 256 245 240 241 238 234 225 218 211 207 215 227 239 245 242 237 244 245 238 227 219 193 163 151 155 153 138 133 135 130 132 133 132 124 118 118 132 142 143 142 135 141 168 177 210 228 214 204 216 261 296 -3.4e+38 -3.4e+38 -3.4e+38 -3.4e+38 -3.4e+38 -3.4e+38 -3.4e+38 -3.4e+38 -3.4e+38 -3.4e+38 -3.4e+38 -3.4e+38 -3.4e+38 -3.4e+38 -3.4e+38 -3.4e+38 -3.4e+38 -3.4e+38 -3.4e+38 -3.4e+38 -3.4e+38 -3.4e+38 -3.4e+38
282 285 281 269 265 260 254 250 244 232 229 231 239 247 254 264 264 258 255 257 246 230 205 174 160 165 169 164 156 153 152 145 143 143 137 131 129 141 165 171 169 173 184 201 273 317 353 351 307 286 282 280 291 -3.4e+38 -3.4e+38 -3.4e+38 -3.4e+38 -3.4e+38 -3.4e+38 -3.4e+38 -3.4e+38 -3.4e+38 -3.4e+38 -3.4e+38 -3.4e+38 -3.4e+38 -3.4e+38 -3.4e+38 -3.4e+38 -3.4e+38 -3.4e+38 -3.4e+38 -3.4e+38 -3.4e+38 -3.4e+38 -3.4e+38
280 287 296 293 295 279 263 264 266 251 249 250 256 266 277 280 279 273 269 261 243 223 202 179 172 169 172 168 167 171 166 157 155 155 142 144 166 198 211 200 193 220 272 327 334 376 400 -3.4e+38 377 307 302 302 -3.4e+38 -3.4e+38 -3.4e+38 -3.4e+38 -3.4e+38 -3.4e+38 -3.4e+38 -3.4e+38 -3.4e+38 -3.4e+38 -3.4e+38 -3.4e+38 -3.4e+38 -3.4e+38 -3.4e+38 -3.4e+38 -3.4e+38 -3.4e+38 -3.4e+38 -3.4e+38 -3.4e+38 -3.4e+38 -3.4e+38 -3.4e+38
