data/layers/Current/bio14.asc
NCOLS 494 
NROWS 529 
XLLCORNER -117.166666666667 
YLLCORNER -55.5 
CELLSIZE 0.166666666666667 
NODATA_value -3.4e+38 
[rows 140 to 174 of 529, columns 312 to 389 of 494]
5 7 10 10 10 10 10 9 10 11 10 11 14 16 26 30 35 38 41 42 49 57 56 59 58 60 60 -3.4e+38 -3.4e+38 -3.4e+38 -3.4e+38 -3.4e+38 -3.4e+38 -3.4e+38 -3.4e+38 -3.4e+38 -3.4e+38 -3.4e+38 -3.4e+38 -3.4e+38 -3.4e+38 -3.4e+38 -3.4e+38 -3.4e+38 -3.4e+38 -3.4e+38 -3.4e+38 -3.4e+38 -3.4e+38 -3.4e+38 -3.4e+38 -3.4e+38 -3.4e+38 -3.4e+38 -3.4e+38 -3.4e+38 -3.4e+38 -3.4e+38 -3.4e+38 -3.4e+38 -3.4e+38 -3.4e+38 -3.4e+38 -3.4e+38 -3.4e+38 -3.4e+38 -3.4e+38 -3.4e+38 -3.4e+38 -3.4e+38 -3.4e+38 -3.4e+38 -3.4e+38 -3.4e+38 -3.4e+38 -3.4e+38 -3.4e+38 -3.4e+38
5 6 7 10 9 9 9 9 9 10 10 13 17 20 17 17 28 39 42 42 46 49 50 54 56 59 59 -3.4e+38 -3.4e+38 -3.4e+38 -3.4e+38 -3.4e+38 -3.4e+38 -3.4e+38 -3.4e+38 -3.4e+38 -3.4e+38 -3.4e+38 -3.4e+38 -3.4e+38 -3.4e+38 -3.4e+38 -3.4e+38 -3.4e+38 -3.4e+38 -3.4e+38 -3.4e+38 -3.4e+38 -3.4e+38 -3.4e+38 -3.4e+38 -3.4e+38 -3.4e+38 -3.4e+38 -3.4e+38 -3.4e+38 -3.4e+38 -3.4e+38 -3.4e+38 -3.4e+38 -3.4e+38 -3.4e+38 -3.4e+38 -3.4e+38 -3.4e+38 -3.4e+38 -3.4e+38 -3.4e+38 -3.4e+38 -3.4e+38 -3.4e+38 -3.4e+38 -3.4e+38 -3.4e+38 -3.4e+38 -3.4e+38 -3.4e+38 -3.4e+38
6 6 7 8 10 10 9 9 10 10 14 19 18 26 18 17 20 31 42 42 46 57 61 59 56 56 57 55 -3.4e+38 -3.4e+38 -3.4e+38 -3.4e+38 -3.4e+38 -3.4e+38 -3.4e+38 -3.4e+38 -3.4e+38 -3.4e+38 -3.4e+38 -3.4e+38 -3.4e+38 -3.4e+38 -3.4e+38 -3.4e+38 -3.4e+38 -3.4e+38 -3.4e+38 -3.4e+38 -3.4e+38 -3.4e+38 -3.4e+38 -3.4e+38 -3.4e+38 -3.4e+38 -3.4e+38 -3.4e+38 -3.4e+38 -3.4e+38 -3.4e+38 -3.4e+38 -3.4e+38 -3.4e+38 -3.4e+38 -3.4e+38 -3.4e+38 -3.4e+38 -3.4e+38 -3.4e+38 -3.4e+38 -3.4e+38 -3.4e+38 -3.4e+38 -3.4e+38 -3.4e+38 -3.4e+38 -3.4e+38 -3.4e+38 -3.4e+38
6 7 7 8 9 9 10 9 11 11 17 17 17 20 19 19 18 23 41 44 50 55 58 64 64 61 58 60 -3.4e+38 -3.4e+38 -3.4e+38 -3.4e+38 -3.4e+38 -3.4e+38 -3.4e+38 -3.4e+38 -3.4e+38 -3.4e+38 -3.4e+38 -3.4e+38 -3.4e+38 -3.4e+38 -3.4e+38 -3.4e+38 -3.4e+38 -3.4e+38 -3.4e+38 -3.4e+38 -3.4e+38 -3.4e+38 -3.4e+38 -3.4e+38 -3.4e+38 -3.4e+38 -3.4e+38 -3.4e+38 -3.4e+38 -3.4e+38 -3.4e+38 -3.4e+38 -3.4e+38 -3.4e+38 -3.4e+38 -3.4e+38 -3.4e+38 -3.4e+38 -3.4e+38 -3.4e+38 -3.4e+38 -3.4e+38 -3.4e+38 -3.4e+38 -3.4e+38 -3.4e+38 -3.4e+38 -3.4e+38 -3.4e+38 -3.4e+38
6 8 8 8 9 9 10 10 14 15 16 17 18 16 17 30 30 33 36 41 48 49 59 65 61 62 58 59 69 70 66 70 -3.4e+38 -3.4e+38 -3.4e+38 -3.4e+38 -3.4e+38 -3.4e+38 -3.4e+38 -3.4e+38 -3.4e+38 -3.4e+38 -3.4e+38 -3.4e+38 -3.4e+38 -3.4e+38 -3.4e+38 -3.4e+38 -3.4e+38 -3.4e+38 -3.4e+38 -3.4e+38 -3.4e+38 -3.4e+38 -3.4e+38 -3.4e+38 -3.4e+38 -3.4e+38 -3.4e+38 -3.4e+38 -3.4e+38 -3.4e+38 -3.4e+38 -3.4e+38 -3.4e+38 -3.4e+38 -3.4e+38 -3.4e+38 -3.4e+38 -3.4e+38 -3.4e+38 -3.4e+38 -3.4e+38 -3.4e+38 -3.4e+38 -3.4e+38 -3.4e+38 -3.4e+38
7 8 8 9 9 10 11 10 12 14 17 15 20 16 24 27 33 37 38 43 51 58 63 65 68 70 70 70 73 76 69 69 69 75 -3.4e+38 -3.4e+38 -3.4e+38 -3.4e+38 -3.4e+38 -3.4e+38 -3.4e+38 -3.4e+38 -3.4e+38 -3.4e+38 -3.4e+38 -3.4e+38 -3.4e+38 -3.4e+38 -3.4e+38 -3.4e+38 -3.4e+38 -3.4e+38 -3.4e+38 -3.4e+38 -3.4e+38 -3.4e+38 -3.4e+38 -3.4e+38 -3.4e+38 -3.4e+38 -3.4e+38 -3.4e+38 -3.4e+38 -3.4e+38 -3.4e+38 -3.4e+38 -3.4e+38 -3.4e+38 -3.4e+38 -3.4e+38 -3.4e+38 -3.4e+38 -3.4e+38 -3.4e+38 -3.4e+38 -3.4e+38 -3.4e+38 -3.4e+38
7 8 9 9 10 10 10 11 12 14 16 19 19 21 26 30 35 37 46 49 46 48 62 70 64 69 69 74 76 81 79 80 73 72 74 -3.4e+38 -3.4e+38 -3.4e+38 -3.4e+38 -3.4e+38 -3.4e+38 -3.4e+38 -3.4e+38 -3.4e+38 -3.4e+38 -3.4e+38 -3.4e+38 -3.4e+38 -3.4e+38 -3.4e+38 -3.4e+38 -3.4e+38 -3.4e+38 -3.4e+38 -3.4e+38 -3.4e+38 -3.4e+38 -3.4e+38 -3.4e+38 -3.4e+38 -3.4e+38 -3.4e+38 -3.4e+38 -3.4e+38 -3.4e+38 -3.4e+38 -3.4e+38 -3.4e+38 -3.4e+38 -3.4e+38 -3.4e+38 -3.4e+38 -3.4e+38 -3.4e+38 -3.4e+38 -3.4e+38 -3.4e+38 -3.4e+38
11 11 11 10 10 11 13 14 14 16 15 16 19 25 33 38 37 45 50 48 58 49 66 67 60 61 60 60 66 75 83 83 85 85 73 76 79 -3.4e+38 -3.4e+38 -3.4e+38 -3.4e+38 -3.4e+38 -3.4e+38 -3.4e+38 -3.4e+38 -3.4e+38 -3.4e+38 -3.4e+38 -3.4e+38 -3.4e+38 -3.4e+38 -3.4e+38 -3.4e+38 -3.4e+38 -3.4e+38 -3.4e+38 -3.4e+38 -3.4e+38 -3.4e+38 -3.4e+38 -3.4e+38 -3.4e+38 -3.4e+38 -3.4e+38 -3.4e+38 -3.4e+38 -3.4e+38 -3.4e+38 -3.4e+38 -3.4e+38 -3.4e+38 -3.4e+38 -3.4e+38 -3.4e+38 -3.4e+38 -3.4e+38 -3.4e+38 -3.4e+38
10 13 13 12 12 13 14 13 13 14 15 19 21 26 33 31 34 30 33 46 52 60 54 56 75 72 71 68 65 68 75 83 87 86 88 89 79 76 -3.4e+38 -3.4e+38 -3.4e+38 -3.4e+38 -3.4e+38 -3.4e+38 -3.4e+38 -3.4e+38 -3.4e+38 -3.4e+38 -3.4e+38 -3.4e+38 -3.4e+38 -3.4e+38 -3.4e+38 -3.4e+38 -3.4e+38 -3.4e+38 -3.4e+38 -3.4e+38 -3.4e+38 -3.4e+38 -3.4e+38 -3.4e+38 -3.4e+38 -3.4e+38 -3.4e+38 -3.4e+38 -3.4e+38 -3.4e+38 -3.4e+38 -3.4e+38 -3.4e+38 -3.4e+38 -3.4e+38 -3.4e+38 -3.4e+38 -3.4e+38 -3.4e+38 -3.4e+38
10 12 13 12 13 14 14 14 16 16 17 19 25 28 28 31 28 27 33 40 50 59 46 50 65 73 76 71 69 69 70 77 81 89 89 90 84 78 75 -3.4e+38 -3.4e+38 -3.4e+38 -3.4e+38 -3.4e+38 -3.4e+38 -3.4e+38 -3.4e+38 -3.4e+38 -3.4e+38 -3.4e+38 -3.4e+38 -3.4e+38 -3.4e+38 -3.4e+38 -3.4e+38 -3.4e+38 -3.4e+38 -3.4e+38 -3.4e+38 -3.4e+38 -3.4e+38 -3.4e+38 -3.4e+38 -3.4e+38 -3.4e+38 -3.4e+38 -3.4e+38 -3.4e+38 -3.4e+38 -3.4e+38 -3.4e+38 -3.4e+38 -3.4e+38 -3.4e+38 -3.4e+38 -3.4e+38 -3.4e+38 -3.4e+38
12 11 13 13 14 15 16 15 17 17 20 24 28 25 23 28 27 28 29 31 37 50 56 64 69 73 69 71 68 64 70 68 77 85 89 88 88 86 79 78 -3.4e+38 -3.4e+38 -3.4e+38 -3.4e+38 -3.4e+38 -3.4e+38 -3.4e+38 -3.4e+38 -3.4e+38 -3.4e+38 -3.4e+38 -3.4e+38 -3.4e+38 -3.4e+38 -3.4e+38 -3.4e+38 -3.4e+38 -3.4e+38 -3.4e+38 -3.4e+38 -3.4e+38 -3.4e+38 -3.4e+38 -3.4e+38 -3.4e+38 -3.4e+38 -3.4e+38 -3.4e+38 -3.4e+38 -3.4e+38 -3.4e+38 -3.4e+38 -3.4e+38 -3.4e+38 -3.4e+38 -3.4e+38 -3.4e+38 -3.4e+38
16 15 14 15 16 18 17 19 19 19 24 30 29 30 32 29 25 31 32 40 38 36 59 63 72 75 71 73 77 72 79 77 77 79 87 91 87 87 95 83 67 -3.4e+38 -3.4e+38 -3.4e+38 -3.4e+38 -3.4e+38 -3.4e+38 -3.4e+38 -3.4e+38 -3.4e+38 -3.4e+38 -3.4e+38 -3.4e+38 -3.4e+38 -3.4e+38 -3.4e+38 -3.4e+38 -3.4e+38 -3.4e+38 -3.4e+38 -3.4e+38 -3.4e+38 -3.4e+38 -3.4e+38 -3.4e+38 -3.4e+38 -3.4e+38 -3.4e+38 -3.4e+38 -3.4e+38 -3.4e+38 -3.4e+38 -3.4e+38 -3.4e+38 -3.4e+38 -3.4e+38 -3.4e+38 -3.4e+38
15 16 16 17 19 22 23 23 21 23 24 25 29 33 37 31 31 32 39 45 36 36 44 46 63 66 78 55 72 77 80 77 80 80 83 91 86 84 93 86 72 -3.4e+38 -3.4e+38 -3.4e+38 -3.4e+38 -3.4e+38 -3.4e+38 -3.4e+38 -3.4e+38 -3.4e+38 -3.4e+38 -3.4e+38 -3.4e+38 -3.4e+38 -3.4e+38 -3.4e+38 -3.4e+38 -3.4e+38 -3.4e+38 -3.4e+38 -3.4e+38 -3.4e+38 -3.4e+38 -3.4e+38 -3.4e+38 -3.4e+38 -3.4e+38 -3.4e+38 -3.4e+38 -3.4e+38 -3.4e+38 -3.4e+38 -3.4e+38 -3.4e+38 -3.4e+38 -3.4e+38 -3.4e+38 -3.4e+38
16 18 19 21 23 24 23 23 22 24 25 31 24 25 41 30 30 34 35 35 38 41 42 44 46 64 60 58 62 73 75 80 81 81 86 84 87 89 84 84 67 -3.4e+38 -3.4e+38 -3.4e+38 -3.4e+38 -3.4e+38 -3.4e+38 -3.4e+38 -3.4e+38 -3.4e+38 -3.4e+38 -3.4e+38 -3.4e+38 -3.4e+38 -3.4e+38 -3.4e+38 -3.4e+38 -3.4e+38 -3.4e+38 -3.4e+38 -3.4e+38 -3.4e+38 -3.4e+38 -3.4e+38 -3.4e+38 -3.4e+38 -3.4e+38 -3.4e+38 -3.4e+38 -3.4e+38 -3.4e+38 -3.4e+38 -3.4e+38 -3.4e+38 -3.4e+38 -3.4e+38 -3.4e+38 -3.4e+38
17 18 19 21 24 26 27 27 26 28 30 34 37 35 38 30 32 32 32 30 32 41 38 44 49 69 50 54 55 51 59 67 71 78 88 88 90 80 90 82 76 64 -3.4e+38 -3.4e+38 -3.4e+38 -3.4e+38 -3.4e+38 -3.4e+38 -3.4e+38 -3.4e+38 -3.4e+38 -3.4e+38 -3.4e+38 -3.4e+38 -3.4e+38 -3.4e+38 -3.4e+38 -3.4e+38 -3.4e+38 -3.4e+38 -3.4e+38 -3.4e+38 -3.4e+38 -3.4e+38 -3.4e+38 -3.4e+38 -3.4e+38 -3.4e+38 -3.4e+38 -3.4e+38 -3.4e+38 -3.4e+38 -3.4e+38 -3.4e+38 -3.4e+38 -3.4e+38 -3.4e+38 -3.4e+38
24 24 22 21 26 29 31 32 28 30 33 37 42 46 39 38 37 40 33 35 33 39 46 56 65 61 53 48 48 56 63 61 66 65 79 86 90 83 92 75 85 79 82 72 -3.4e+38 -3.4e+38 -3.4e+38 -3.4e+38 -3.4e+38 -3.4e+38 -3.4e+38 -3.4e+38 -3.4e+38 -3.4e+38 -3.4e+38 -3.4e+38 -3.4e+38 -3.4e+38 -3.4e+38 -3.4e+38 -3.4e+38 -3.4e+38 -3.4e+38 -3.4e+38 -3.4e+38 -3.4e+38 -3.4e+38 -3.4e+38 -3.4e+38 -3.4e+38 -3.4e+38 -3.4e+38 -3.4e+38 -3.4e+38 -3.4e+38 -3.4e+38 -3.4e+38 -3.4e+38
29 27 28 28 27 32 35 35 35 35 34 37 41 51 41 39 42 43 34 38 33 42 60 63 63 61 62 65 72 57 54 54 68 74 75 71 80 79 83 68 75 79 81 78 71 -3.4e+38 -3.4e+38 -3.4e+38 -3.4e+38 -3.4e+38 -3.4e+38 -3.4e+38 -3.4e+38 -3.4e+38 -3.4e+38 -3.4e+38 -3.4e+38 -3.4e+38 -3.4e+38 -3.4e+38 -3.4e+38 -3.4e+38 -3.4e+38 -3.4e+38 -3.4e+38 -3.4e+38 -3.4e+38 -3.4e+38 -3.4e+38 -3.4e+38 -3.4e+38 -3.4e+38 -3.4e+38 -3.4e+38 -3.4e+38 -3.4e+38 -3.4e+38 -3.4e+38
29 30 31 33 33 32 39 38 36 38 40 42 41 43 49 49 44 38 39 41 51 57 64 59 60 49 52 66 73 67 58 78 66 61 63 80 79 74 77 70 75 80 82 83 80 64 68 -3.4e+38 -3.4e+38 -3.4e+38 -3.4e+38 -3.4e+38 -3.4e+38 -3.4e+38 -3.4e+38 -3.4e+38 -3.4e+38 -3.4e+38 -3.4e+38 -3.4e+38 -3.4e+38 -3.4e+38 -3.4e+38 -3.4e+38 -3.4e+38 -3.4e+38 -3.4e+38 -3.4e+38 -3.4e+38 -3.4e+38 -3.4e+38 -3.4e+38 -3.4e+38 -3.4e+38 -3.4e+38 -3.4e+38 -3.4e+38 -3.4e+38
32 33 33 36 38 34 43 38 36 40 46 45 39 47 50 43 43 46 43 49 66 72 70 60 63 69 73 73 56 79 67 65 60 69 68 69 76 77 79 73 83 79 87 85 79 73 71 73 -3.4e+38 -3.4e+38 -3.4e+38 -3.4e+38 -3.4e+38 -3.4e+38 -3.4e+38 -3.4e+38 -3.4e+38 -3.4e+38 -3.4e+38 -3.4e+38 -3.4e+38 -3.4e+38 -3.4e+38 -3.4e+38 -3.4e+38 -3.4e+38 -3.4e+38 -3.4e+38 -3.4e+38 -3.4e+38 -3.4e+38 -3.4e+38 -3.4e+38 -3.4e+38 -3.4e+38 -3.4e+38 -3.4e+38 -3.4e+38
32 36 37 38 41 34 46 43 47 46 50 48 45 43 49 56 47 53 57 50 53 72 66 63 65 65 69 51 71 73 92 80 89 87 71 70 78 80 78 81 79 86 91 94 85 84 86 73 61 63 -3.4e+38 -3.4e+38 -3.4e+38 -3.4e+38 -3.4e+38 -3.4e+38 -3.4e+38 -3.4e+38 -3.4e+38 -3.4e+38 -3.4e+38 -3.4e+38 -3.4e+38 -3.4e+38 -3.4e+38 -3.4e+38 -3.4e+38 -3.4e+38 -3.4e+38 -3.4e+38 -3.4e+38 -3.4e+38 -3.4e+38 -3.4e+38 -3.4e+38 -3.4e+38 -3.4e+38 -3.4e+38
35 38 39 40 42 41 38 47 48 51 50 46 44 46 48 55 59 67 59 58 67 53 54 40 43 40 64 86 71 63 73 93 95 101 67 66 74 78 76 83 88 93 93 92 80 81 75 77 72 77 77 72 69 63 68 67 73 70 78 73 80 81 83 79 78 77 70 -3.4e+38 -3.4e+38 -3.4e+38 -3.4e+38 -3.4e+38 -3.4e+38 -3.4e+38 -3.4e+38 -3.4e+38 -3.4e+38 -3.4e+38
43 45 43 42 45 43 39 46 56 53 47 47 46 56 57 51 56 62 70 71 70 59 66 63 60 55 59 78 81 83 59 67 83 84 74 72 77 95 77 81 82 81 82 88 85 88 77 73 70 78 77 78 71 71 72 80 84 87 87 86 88 94 87 83 82 81 78 77 76 -3.4e+38 -3.4e+38 -3.4e+38 -3.4e+38 -3.4e+38 -3.4e+38 -3.4e+38 -3.4e+38 -3.4e+38
46 49 45 44 48 49 54 56 53 49 53 50 48 50 55 55 58 67 63 60 75 60 55 66 64 53 58 73 84 72 78 43 71 105 102 103 97 91 77 81 82 80 85 83 84 82 77 76 74 79 79 74 79 76 78 84 89 93 95 91 95 98 100 96 94 86 81 80 84 69 64 74 68 -3.4e+38 -3.4e+38 -3.4e+38 -3.4e+38 -3.4e+38
51 51 47 47 47 49 56 58 53 54 55 52 54 51 60 58 60 55 57 64 64 64 70 60 71 53 73 72 72 55 60 35 37 48 65 97 95 92 82 80 80 79 84 82 81 79 76 75 75 79 85 84 82 81 80 83 86 90 93 91 90 93 97 101 102 95 93 93 81 80 82 80 68 72 71 -3.4e+38 -3.4e+38 -3.4e+38
58 52 48 49 49 54 65 63 76 66 52 51 56 59 58 65 65 54 52 63 60 64 57 64 62 71 63 54 55 44 39 34 40 52 80 68 102 88 93 79 76 77 78 78 78 79 74 76 78 83 83 82 78 82 80 82 86 89 91 89 89 87 97 104 102 95 99 101 92 93 82 84 79 63 68 62 -3.4e+38 -3.4e+38
63 53 52 52 63 56 64 59 71 70 76 66 69 56 55 72 69 72 69 68 65 77 56 63 67 65 67 68 76 77 55 46 53 68 108 75 89 94 90 83 73 75 75 78 79 76 74 74 75 83 78 77 80 76 76 77 82 85 90 89 92 92 94 98 94 95 99 91 84 83 86 80 92 77 62 64 74 -3.4e+38
64 57 51 52 64 68 64 58 62 94 92 79 70 59 62 62 68 72 69 76 61 66 75 66 62 55 74 62 75 74 74 73 78 76 84 85 89 82 89 75 75 73 73 74 73 75 70 69 71 76 76 76 78 79 78 76 78 80 86 84 69 82 90 93 97 93 100 89 84 86 89 87 94 91 80 68 63 64
64 56 55 58 70 77 77 61 79 93 87 104 94 72 84 71 76 76 70 59 57 65 65 63 80 66 79 76 65 60 65 68 74 87 81 85 84 79 73 71 74 72 69 69 72 70 69 70 74 73 75 73 66 70 75 72 75 75 84 73 64 74 78 92 91 96 91 88 79 83 88 87 86 83 91 75 69 63
62 59 49 58 70 73 75 85 72 76 84 83 103 94 77 81 70 71 66 63 61 61 55 60 75 69 67 67 58 62 62 66 66 89 87 73 75 77 73 78 78 72 70 68 69 65 68 67 68 71 71 66 67 69 73 72 68 72 78 72 72 76 82 89 89 83 84 82 80 83 88 82 81 78 84 86 80 76
65 55 55 76 76 82 75 97 77 69 73 76 100 89 83 88 80 75 70 71 74 78 70 67 54 57 54 52 56 55 58 64 69 67 75 75 79 70 75 69 66 67 66 65 64 65 64 64 65 67 65 64 65 67 67 68 67 68 69 74 77 82 80 80 82 80 79 79 79 80 86 82 83 77 78 86 83 90
74 69 70 90 93 96 105 97 90 72 77 73 78 98 95 99 76 74 75 71 66 64 67 59 56 49 46 47 47 50 51 53 59 67 67 77 70 66 68 61 62 66 64 61 61 63 60 63 63 65 63 60 61 65 65 63 64 66 66 73 74 78 82 79 75 78 76 79 79 80 87 87 80 76 80 82 86 89
85 83 81 84 86 84 85 93 111 84 78 80 83 81 81 101 86 71 72 70 62 62 58 48 45 39 40 29 33 47 50 58 51 57 64 73 63 64 65 59 59 59 63 62 59 58 58 59 61 62 60 58 56 61 59 60 61 61 61 71 73 75 76 78 78 81 77 76 77 81 80 80 75 74 77 76 75 77
93 88 89 89 89 90 87 89 89 83 84 84 101 87 92 92 88 86 71 71 61 62 49 38 36 36 42 40 35 39 52 47 44 46 55 64 62 62 57 54 55 56 60 58 57 58 57 57 61 56 57 56 56 58 58 57 57 58 59 65 68 70 71 73 76 80 73 75 76 75 73 79 74 72 73 73 73 76
101 102 99 104 92 91 92 94 91 90 88 86 83 80 87 96 97 93 72 68 70 67 50 41 34 34 42 38 39 44 43 36 40 34 44 60 59 59 53 52 54 59 60 55 54 54 56 54 54 56 56 60 57 55 54 55 54 55 56 58 61 64 63 70 74 74 73 73 74 75 79 79 72 69 73 71 74 80
93 106 110 99 97 97 93 97 91 91 92 90 85 83 84 93 86 90 82 87 83 59 50 45 41 37 42 38 40 45 51 40 36 36 49 56 54 55 52 50 51 57 59 54 52 52 52 52 50 53 52 53 53 56 53 50 53 53 54 55 57 57 59 63 66 67 67 70 67 75 72 73 68 66 68 67 69 70
