data/layers/Current/bio12.asc
NCOLS 494 
NROWS 529 
XLLCORNER -117.166666666667 
YLLCORNER -55.5 
CELLSIZE 0.166666666666667 
NODATA_value -3.4e+38 
[rows 0 to 31 of 529, columns 144 to 215 of 494]
1339 1363 1359 1367 1377 1371 1352 1370 1390 1398 1410 1425 1430 1426 1425 1434 1436 1430 1416 1420 1429 1442 1449 1459 1464 1459 1455 1448 1445 1439 1429 1410 1401 1403 1400 1396 1397 1394 1398 1409 1413 1405 1429 1434 1435 1432 1430 1385 1329 1300 1280 1262 1249 1218 1192 1194 1176 1162 1178 1182 1174 1162 1155 1145 1144 1164 1190 1197 1204 1211 1221 1238
1357 1396 1390 1400 1402 1388 1366 1375 1390 1404 1418 1430 1429 1420 1429 1423 1428 1429 1423 1429 1451 1480 1484 1469 1453 1461 1473 1487 1480 1470 1446 1426 1409 1389 1381 1377 1362 1359 1368 1370 1376 1377 1395 1397 1404 1398 1387 1350 1307 1274 1260 1259 1238 1208 1184 1178 1171 1167 1175 1180 1172 1157 1140 1139 1149 1175 1206 1206 1203 1208 1226 1245
1358 1407 1433 1447 1441 1423 1404 1404 1409 1420 1428 1431 1432 1432 1430 1425 1435 1440 1437 1456 1473 1504 1509 1482 1459 1458 1483 1514 1518 1494 1469 1449 1432 1409 1398 1383 1369 1375 1367 1371 1370 1374 1381 1387 1390 1384 1359 1325 1292 1264 1259 1252 1238 1210 1183 1170 1170 1172 1175 1184 1173 1153 1125 1124 1153 1178 1204 1203 1205 1210 1227 1248
1344 1406 1465 1494 1476 1458 1443 1431 1434 1438 1438 1441 1447 1456 1457 1455 1467 1467 1474 1476 1488 1501 1498 1487 1468 1460 1462 1518 1546 1515 1488 1478 1465 1435 1415 1401 1395 1389 1391 1389 1389 1389 1391 1397 1398 1378 1343 1317 1291 1270 1256 1249 1240 1219 1196 1173 1169 1175 1176 1181 1176 1152 1128 1130 1159 1179 1197 1204 1207 1221 1238 1255
1349 1403 1463 1494 1493 1485 1482 1472 1465 1464 1464 1458 1481 1483 1488 1494 1510 1506 1501 1504 1505 1488 1488 1487 1476 1474 1467 1501 1522 1520 1515 1508 1504 1462 1432 1429 1419 1423 1432 1432 1420 1403 1390 1382 1381 1354 1336 1322 1308 1291 1273 1266 1253 1233 1216 1193 1182 1185 1183 1176 1178 1171 1162 1165 1174 1185 1199 1213 1221 1230 1250 1263
1364 1407 1457 1491 1499 1506 1507 1498 1494 1499 1507 1510 1514 1520 1522 1531 1533 1530 1527 1536 1525 1504 1491 1487 1478 1479 1478 1497 1525 1526 1530 1536 1534 1497 1463 1448 1464 1471 1472 1455 1438 1410 1376 1366 1358 1347 1338 1337 1326 1320 1307 1290 1276 1264 1248 1225 1210 1195 1185 1178 1186 1205 1208 1203 1202 1209 1226 1236 1245 1253 1265 1278
1380 1415 1455 1499 1517 1521 1517 1520 1523 1533 1552 1564 1555 1552 1546 1552 1556 1557 1557 1562 1554 1534 1525 1506 1498 1497 1499 1506 1532 1540 1548 1557 1554 1509 1498 1505 1523 1526 1511 1489 1460 1421 1361 1338 1351 1347 1345 1362 1360 1356 1335 1317 1305 1297 1283 1258 1233 1207 1193 1193 1212 1242 1247 1234 1231 1238 1254 1271 1275 1276 1283 1294
1404 1435 1472 1508 1535 1534 1528 1533 1539 1554 1574 1587 1575 1564 1567 1569 1570 1581 1584 1585 1586 1571 1552 1541 1530 1523 1535 1538 1557 1565 1567 1573 1569 1548 1556 1560 1574 1577 1550 1520 1481 1423 1335 1321 1326 1320 1342 1380 1385 1386 1357 1339 1329 1321 1310 1287 1254 1224 1207 1206 1230 1261 1272 1261 1257 1266 1277 1295 1291 1288 1296 1308
1431 1464 1499 1531 1547 1543 1539 1535 1546 1564 1593 1611 1603 1585 1583 1585 1582 1587 1604 1613 1608 1599 1588 1575 1561 1557 1568 1573 1584 1592 1596 1596 1598 1601 1604 1609 1613 1608 1575 1543 1503 1442 1374 1339 1311 1313 1335 1377 1390 1386 1363 1355 1345 1336 1327 1304 1273 1237 1214 1209 1230 1265 1285 1289 1285 1286 1299 1314 1303 1287 1290 1299
1460 1500 1532 1556 1563 1561 1548 1539 1546 1570 1614 1641 1627 1595 1602 1611 1612 1602 1624 1640 1612 1610 1606 1606 1602 1599 1597 1608 1620 1633 1631 1631 1644 1649 1644 1647 1646 1629 1599 1570 1536 1491 1443 1397 1371 1357 1366 1380 1390 1382 1371 1366 1363 1362 1350 1322 1293 1257 1226 1205 1227 1275 1311 1312 1306 1308 1313 1313 1304 1288 1281 -3.4e+38
1488 1528 1567 1582 1578 1575 1561 1551 1552 1567 1597 1618 1615 1611 1625 1645 1640 1627 1659 1661 1612 1606 1616 1627 1640 1631 1627 1645 1646 1657 1656 1659 1678 1672 1670 1663 1662 1633 1612 1591 1583 1561 1526 1476 1435 1412 1410 1406 1404 1399 1394 1388 1397 1395 1372 1343 1318 1286 1248 1217 1239 1291 1321 1324 1325 1323 1318 1312 1305 1293 1290 -3.4e+38
1505 1552 1591 1599 1583 1577 1569 1563 1561 1570 1576 1595 1607 1618 1640 1656 1651 1637 1642 1627 1595 1600 1624 1653 1663 1655 1645 1653 1662 1673 1667 1677 1692 1682 1677 1668 1644 1611 1613 1610 1612 1615 1607 1548 1504 1475 1461 1446 1433 1426 1430 1439 1448 1436 1413 1378 1350 1326 1291 1270 1279 1311 1327 1334 1337 1330 1324 1318 1310 1295 1291 -3.4e+38
1512 1558 1595 1584 1571 1571 1574 1572 1565 1565 1571 1585 1605 1623 1646 1657 1646 1633 1618 1595 1575 1599 1638 1663 1669 1650 1642 1648 1661 1668 1662 1691 1691 1676 1666 1653 1623 1609 1618 1624 1626 1632 1629 1597 1565 1544 1532 1497 1472 1468 1486 1496 1501 1490 1458 1422 1389 1356 1330 1314 1325 1340 1343 1342 1343 1339 1332 1326 1317 1301 1290 -3.4e+38
1499 1536 1557 1552 1540 1551 1575 1578 1571 1570 1577 1585 1599 1618 1639 1649 1633 1615 1593 1576 1564 1590 1634 1650 1637 1613 1612 1633 1644 1630 1617 1657 1654 1657 1644 1638 1618 1611 1617 1615 1624 1625 1623 1618 1602 1590 1584 1545 1502 1505 1518 1539 1559 1543 1502 1463 1423 1393 1364 1349 1348 1354 1355 1354 1350 1349 1340 1330 1317 1301 1292 -3.4e+38
1475 1503 1528 1525 1518 1539 1565 1571 1570 1575 1583 1594 1597 1607 1624 1623 1615 1619 1606 1570 1554 1586 1628 1640 1621 1630 1604 1620 1626 1631 1571 1575 1613 1620 1623 1628 1626 -3.4e+38 -3.4e+38 -3.4e+38 -3.4e+38 1627 1627 1620 1612 1618 1625 1617 1575 1545 1544 1556 1569 1559 1522 1488 1455 1432 1404 1385 1374 1366 1365 1362 1360 1352 1341 1324 1305 1290 1283 -3.4e+38
1454 1483 1506 1515 1521 1541 1556 1559 1560 1577 1594 1601 1601 1615 1620 1611 1615 1617 1604 1578 1564 1574 1591 1606 -3.4e+38 1608 -3.4e+38 -3.4e+38 -3.4e+38 -3.4e+38 -3.4e+38 -3.4e+38 -3.4e+38 -3.4e+38 -3.4e+38 -3.4e+38 -3.4e+38 -3.4e+38 -3.4e+38 -3.4e+38 -3.4e+38 -3.4e+38 -3.4e+38 -3.4e+38 1619 1627 1638 1655 1617 1568 1553 1556 1558 1551 1526 1499 1483 1468 1446 1424 1403 1384 1373 1363 1350 1343 1331 1309 1290 1276 1270 1260
1451 1473 1491 1503 1521 1544 1551 1545 1559 1603 1624 1622 1628 1647 1658 1638 1626 1609 1597 1584 1571 1569 1569 1579 -3.4e+38 1557 1570 -3.4e+38 -3.4e+38 -3.4e+38 -3.4e+38 -3.4e+38 -3.4e+38 -3.4e+38 -3.4e+38 -3.4e+38 -3.4e+38 -3.4e+38 -3.4e+38 -3.4e+38 -3.4e+38 -3.4e+38 -3.4e+38 -3.4e+38 -3.4e+38 1619 1615 1607 1575 1544 1533 1541 1540 -3.4e+38 -3.4e+38 1496 1491 1484 1469 1449 1425 1406 1382 1358 1342 1326 1315 1300 1281 1260 1257 1251
1445 1458 1476 1492 1511 1538 1541 1550 1568 1610 1634 1639 1648 1676 1689 1654 1634 1604 1592 1588 1573 1556 1553 1554 -3.4e+38 1550 -3.4e+38 -3.4e+38 -3.4e+38 -3.4e+38 -3.4e+38 -3.4e+38 -3.4e+38 -3.4e+38 -3.4e+38 -3.4e+38 -3.4e+38 -3.4e+38 -3.4e+38 -3.4e+38 -3.4e+38 -3.4e+38 -3.4e+38 -3.4e+38 -3.4e+38 -3.4e+38 1569 1552 1523 1507 1512 1520 -3.4e+38 -3.4e+38 -3.4e+38 -3.4e+38 -3.4e+38 1490 1484 1472 1455 1435 1408 1372 1340 1312 1301 1289 1271 1254 1255 1255
-3.4e+38 1456 1464 1480 1500 1518 1531 1544 1559 1594 1604 1626 1633 1644 1643 1629 1614 1601 1577 1576 1564 1548 1552 -3.4e+38 1548 -3.4e+38 -3.4e+38 -3.4e+38 -3.4e+38 -3.4e+38 -3.4e+38 -3.4e+38 -3.4e+38 -3.4e+38 -3.4e+38 -3.4e+38 -3.4e+38 -3.4e+38 -3.4e+38 -3.4e+38 -3.4e+38 -3.4e+38 -3.4e+38 -3.4e+38 -3.4e+38 -3.4e+38 -3.4e+38 1512 1502 1486 -3.4e+38 -3.4e+38 -3.4e+38 -3.4e+38 -3.4e+38 -3.4e+38 -3.4e+38 -3.4e+38 1488 1488 1481 1470 1447 1399 1351 1316 1297 1286 1278 1276 1279 1270
-3.4e+38 -3.4e+38 -3.4e+38 -3.4e+38 -3.4e+38 -3.4e+38 -3.4e+38 1544 1547 -3.4e+38 1589 1598 1603 1607 1600 1585 1578 1563 1552 1556 1536 1517 1499 1495 -3.4e+38 -3.4e+38 -3.4e+38 -3.4e+38 -3.4e+38 -3.4e+38 -3.4e+38 -3.4e+38 -3.4e+38 -3.4e+38 -3.4e+38 -3.4e+38 -3.4e+38 -3.4e+38 -3.4e+38 -3.4e+38 -3.4e+38 -3.4e+38 -3.4e+38 -3.4e+38 -3.4e+38 -3.4e+38 -3.4e+38 -3.4e+38 -3.4e+38 -3.4e+38 -3.4e+38 -3.4e+38 -3.4e+38 -3.4e+38 -3.4e+38 -3.4e+38 -3.4e+38 -3.4e+38 1488 1487 1490 1496 1472 1414 1363 1325 1299 1293 1290 1299 1303 1291
-3.4e+38 -3.4e+38 -3.4e+38 -3.4e+38 -3.4e+38 -3.4e+38 -3.4e+38 -3.4e+38 -3.4e+38 -3.4e+38 1556 1560 1564 1565 1560 1561 1559 1534 1529 1552 1514 1494 1481 1480 1474 -3.4e+38 -3.4e+38 -3.4e+38 -3.4e+38 -3.4e+38 -3.4e+38 -3.4e+38 -3.4e+38 -3.4e+38 -3.4e+38 -3.4e+38 -3.4e+38 -3.4e+38 -3.4e+38 -3.4e+38 -3.4e+38 -3.4e+38 -3.4e+38 -3.4e+38 -3.4e+38 -3.4e+38 -3.4e+38 -3.4e+38 -3.4e+38 -3.4e+38 -3.4e+38 -3.4e+38 -3.4e+38 -3.4e+38 -3.4e+38 -3.4e+38 -3.4e+38 -3.4e+38 -3.4e+38 -3.4e+38 1482 1478 1450 1408 1364 1327 1297 1293 1303 1310 1317 1308
-3.4e+38 -3.4e+38 -3.4e+38 -3.4e+38 -3.4e+38 -3.4e+38 -3.4e+38 -3.4e+38 -3.4e+38 -3.4e+38 -3.4e+38 -3.4e+38 -3.4e+38 1535 1532 1513 1546 1511 1514 -3.4e+38 -3.4e+38 -3.4e+38 1461 1463 1463 -3.4e+38 -3.4e+38 -3.4e+38 -3.4e+38 -3.4e+38 -3.4e+38 -3.4e+38 -3.4e+38 -3.4e+38 -3.4e+38 -3.4e+38 -3.4e+38 -3.4e+38 -3.4e+38 -3.4e+38 -3.4e+38 -3.4e+38 -3.4e+38 -3.4e+38 -3.4e+38 -3.4e+38 -3.4e+38 -3.4e+38 -3.4e+38 -3.4e+38 -3.4e+38 -3.4e+38 -3.4e+38 -3.4e+38 -3.4e+38 -3.4e+38 -3.4e+38 -3.4e+38 -3.4e+38 -3.4e+38 1476 1460 1428 1393 1356 1321 1297 1289 1295 1307 1324 1326
-3.4e+38 -3.4e+38 -3.4e+38 -3.4e+38 -3.4e+38 -3.4e+38 -3.4e+38 -3.4e+38 -3.4e+38 -3.4e+38 -3.4e+38 -3.4e+38 -3.4e+38 -3.4e+38 -3.4e+38 -3.4e+38 -3.4e+38 -3.4e+38 -3.4e+38 -3.4e+38 -3.4e+38 -3.4e+38 1442 -3.4e+38 1455 -3.4e+38 -3.4e+38 -3.4e+38 -3.4e+38 -3.4e+38 -3.4e+38 -3.4e+38 -3.4e+38 -3.4e+38 -3.4e+38 -3.4e+38 -3.4e+38 -3.4e+38 -3.4e+38 -3.4e+38 -3.4e+38 -3.4e+38 -3.4e+38 -3.4e+38 -3.4e+38 -3.4e+38 -3.4e+38 -3.4e+38 -3.4e+38 -3.4e+38 -3.4e+38 -3.4e+38 -3.4e+38 -3.4e+38 -3.4e+38 -3.4e+38 -3.4e+38 -3.4e+38 -3.4e+38 -3.4e+38 -3.4e+38 -3.4e+38 1396 1371 1344 1314 1295 1283 1277 1287 1296 1289
-3.4e+38 -3.4e+38 -3.4e+38 -3.4e+38 -3.4e+38 -3.4e+38 -3.4e+38 -3.4e+38 -3.4e+38 -3.4e+38 -3.4e+38 -3.4e+38 -3.4e+38 -3.4e+38 -3.4e+38 -3.4e+38 -3.4e+38 -3.4e+38 -3.4e+38 -3.4e+38 -3.4e+38 -3.4e+38 -3.4e+38 -3.4e+38 -3.4e+38 -3.4e+38 -3.4e+38 -3.4e+38 -3.4e+38 -3.4e+38 -3.4e+38 -3.4e+38 -3.4e+38 -3.4e+38 -3.4e+38 -3.4e+38 -3.4e+38 -3.4e+38 -3.4e+38 -3.4e+38 -3.4e+38 -3.4e+38 -3.4e+38 -3.4e+38 -3.4e+38 -3.4e+38 -3.4e+38 -3.4e+38 -3.4e+38 -3.4e+38 -3.4e+38 -3.4e+38 -3.4e+38 -3.4e+38 -3.4e+38 -3.4e+38 -3.4e+38 -3.4e+38 -3.4e+38 -3.4e+38 -3.4e+38 -3.4e+38 1372 1353 1334 1310 1290 1271 1261 1262 1253 1240
-3.4e+38 -3.4e+38 -3.4e+38 -3.4e+38 -3.4e+38 -3.4e+38 -3.4e+38 -3.4e+38 -3.4e+38 -3.4e+38 -3.4e+38 -3.4e+38 -3.4e+38 -3.4e+38 -3.4e+38 -3.4e+38 -3.4e+38 -3.4e+38 -3.4e+38 -3.4e+38 -3.4e+38 -3.4e+38 -3.4e+38 -3.4e+38 -3.4e+38 -3.4e+38 -3.4e+38 -3.4e+38 -3.4e+38 -3.4e+38 -3.4e+38 -3.4e+38 -3.4e+38 -3.4e+38 -3.4e+38 -3.4e+38 -3.4e+38 -3.4e+38 -3.4e+38 -3.4e+38 -3.4e+38 -3.4e+38 -3.4e+38 -3.4e+38 -3.4e+38 -3.4e+38 -3.4e+38 -3.4e+38 -3.4e+38 -3.4e+38 -3.4e+38 -3.4e+38 -3.4e+38 -3.4e+38 -3.4e+38 -3.4e+38 -3.4e+38 -3.4e+38 -3.4e+38 -3.4e+38 -3.4e+38 -3.4e+38 1355 1343 1335 1307 1284 1263 1247 1237 1229 1242
-3.4e+38 -3.4e+38 -3.4e+38 -3.4e+38 -3.4e+38 -3.4e+38 -3.4e+38 -3.4e+38 -3.4e+38 -3.4e+38 -3.4e+38 -3.4e+38 -3.4e+38 -3.4e+38 -3.4e+38 -3.4e+38 -3.4e+38 -3.4e+38 -3.4e+38 -3.4e+38 -3.4e+38 -3.4e+38 -3.4e+38 -3.4e+38 -3.4e+38 -3.4e+38 -3.4e+38 -3.4e+38 -3.4e+38 -3.4e+38 -3.4e+38 -3.4e+38 -3.4e+38 -3.4e+38 -3.4e+38 -3.4e+38 -3.4e+38 -3.4e+38 -3.4e+38 -3.4e+38 -3.4e+38 -3.4e+38 -3.4e+38 -3.4e+38 -3.4e+38 -3.4e+38 -3.4e+38 -3.4e+38 -3.4e+38 -3.4e+38 -3.4e+38 -3.4e+38 -3.4e+38 -3.4e+38 -3.4e+38 -3.4e+38 -3.4e+38 -3.4e+38 -3.4e+38 -3.4e+38 -3.4e+38 -3.4e+38 1339 1334 1322 1299 1280 1261 1240 1227 1223 1236
-3.4e+38 -3.4e+38 -3.4e+38 -3.4e+38 -3.4e+38 -3.4e+38 -3.4e+38 -3.4e+38 -3.4e+38 -3.4e+38 -3.4e+38 -3.4e+38 -3.4e+38 -3.4e+38 -3.4e+38 -3.4e+38 -3.4e+38 -3.4e+38 -3.4e+38 -3.4e+38 -3.4e+38 -3.4e+38 -3.4e+38 -3.4e+38 -3.4e+38 -3.4e+38 -3.4e+38 -3.4e+38 -3.4e+38 -3.4e+38 -3.4e+38 -3.4e+38 -3.4e+38 -3.4e+38 -3.4e+38 -3.4e+38 -3.4e+38 -3.4e+38 -3.4e+38 -3.4e+38 -3.4e+38 -3.4e+38 -3.4e+38 -3.4e+38 -3.4e+38 -3.4e+38 -3.4e+38 -3.4e+38 -3.4e+38 -3.4e+38 -3.4e+38 -3.4e+38 -3.4e+38 -3.4e+38 -3.4e+38 -3.4e+38 -3.4e+38 -3.4e+38 -3.4e+38 -3.4e+38 -3.4e+38 1423 1328 1325 1306 1295 1278 1262 1243 1227 1219 1223
-3.4e+38 -3.4e+38 -3.4e+38 -3.4e+38 -3.4e+38 -3.4e+38 -3.4e+38 -3.4e+38 -3.4e+38 -3.4e+38 -3.4e+38 -3.4e+38 -3.4e+38 -3.4e+38 -3.4e+38 -3.4e+38 -3.4e+38 -3.4e+38 -3.4e+38 -3.4e+38 -3.4e+38 -3.4e+38 -3.4e+38 -3.4e+38 -3.4e+38 -3.4e+38 -3.4e+38 -3.4e+38 -3.4e+38 -3.4e+38 -3.4e+38 -3.4e+38 -3.4e+38 -3.4e+38 -3.4e+38 -3.4e+38 -3.4e+38 -3.4e+38 -3.4e+38 -3.4e+38 -3.4e+38 -3.4e+38 -3.4e+38 -3.4e+38 -3.4e+38 -3.4e+38 -3.4e+38 -3.4e+38 -3.4e+38 -3.4e+38 -3.4e+38 -3.4e+38 -3.4e+38 -3.4e+38 -3.4e+38 -3.4e+38 -3.4e+38 -3.4e+38 -3.4e+38 -3.4e+38 -3.4e+38 1330 1311 1296 1289 1288 1283 1266 1244 1231 1223 1223
-3.4e+38 -3.4e+38 -3.4e+38 -3.4e+38 -3.4e+38 -3.4e+38 -3.4e+38 -3.4e+38 -3.4e+38 -3.4e+38 -3.4e+38 -3.4e+38 -3.4e+38 -3.4e+38 -3.4e+38 -3.4e+38 -3.4e+38 -3.4e+38 -3.4e+38 -3.4e+38 -3.4e+38 -3.4e+38 -3.4e+38 -3.4e+38 -3.4e+38 -3.4e+38 -3.4e+38 -3.4e+38 -3.4e+38 -3.4e+38 -3.4e+38 -3.4e+38 -3.4e+38 -3.4e+38 -3.4e+38 -3.4e+38 -3.4e+38 -3.4e+38 -3.4e+38 -3.4e+38 -3.4e+38 -3.4e+38 -3.4e+38 -3.4e+38 -3.4e+38 -3.4e+38 -3.4e+38 -3.4e+38 -3.4e+38 -3.4e+38 -3.4e+38 -3.4e+38 -3.4e+38 -3.4e+38 -3.4e+38 -3.4e+38 -3.4e+38 -3.4e+38 -3.4e+38 -3.4e+38 -3.4e+38 1292 1283 1265 1268 1276 1283 1278 1261 1248 1229 1217
-3.4e+38 -3.4e+38 -3.4e+38 -3.4e+38 -3.4e+38 -3.4e+38 -3.4e+38 -3.4e+38 -3.4e+38 -3.4e+38 -3.4e+38 -3.4e+38 -3.4e+38 -3.4e+38 -3.4e+38 -3.4e+38 -3.4e+38 -3.4e+38 -3.4e+38 -3.4e+38 -3.4e+38 -3.4e+38 -3.4e+38 -3.4e+38 -3.4e+38 -3.4e+38 -3.4e+38 -3.4e+38 -3.4e+38 -3.4e+38 -3.4e+38 -3.4e+38 -3.4e+38 -3.4e+38 -3.4e+38 -3.4e+38 -3.4e+38 -3.4e+38 -3.4e+38 -3.4e+38 -3.4e+38 -3.4e+38 -3.4e+38 -3.4e+38 -3.4e+38 -3.4e+38 -3.4e+38 -3.4e+38 -3.4e+38 -3.4e+38 -3.4e+38 -3.4e+38 -3.4e+38 -3.4e+38 -3.4e+38 -3.4e+38 -3.4e+38 -3.4e+38 -3.4e+38 -3.4e+38 -3.4e+38 -3.4e+38 1263 1258 1270 1282 1286 1283 1269 1245 1228 1224
-3.4e+38 -3.4e+38 -3.4e+38 -3.4e+38 -3.4e+38 -3.4e+38 -3.4e+38 -3.4e+38 -3.4e+38 -3.4e+38 -3.4e+38 -3.4e+38 -3.4e+38 -3.4e+38 -3.4e+38 -3.4e+38 -3.4e+38 -3.4e+38 -3.4e+38 -3.4e+38 -3.4e+38 -3.4e+38 -3.4e+38 -3.4e+38 -3.4e+38 -3.4e+38 -3.4e+38 -3.4e+38 -3.4e+38 -3.4e+38 -3.4e+38 -3.4e+38 -3.4e+38 -3.4e+38 -3.4e+38 -3.4e+38 -3.4e+38 -3.4e+38 -3.4e+38 -3.4e+38 -3.4e+38 -3.4e+38 -3.4e+38 -3.4e+38 -3.4e+38 -3.4e+38 -3.4e+38 -3.4e+38 -3.4e+38 -3.4e+38 -3.4e+38 -3.4e+38 -3.4e+38 -3.4e+38 -3.4e+38 -3.4e+38 -3.4e+38 -3.4e+38 -3.4e+38 -3.4e+38 -3.4e+38 -3.4e+38 1270 1274 1287 1292 1287 1279 1258 1230 1211 1212
-3.4e+38 -3.4e+38 -3.4e+38 -3.4e+38 -3.4e+38 -3.4e+38 -3.4e+38 -3.4e+38 -3.4e+38 -3.4e+38 -3.4e+38 -3.4e+38 -3.4e+38 -3.4e+38 -3.4e+38 -3.4e+38 -3.4e+38 -3.4e+38 -3.4e+38 -3.4e+38 -3.4e+38 -3.4e+38 -3.4e+38 -3.4e+38 -3.4e+38 -3.4e+38 -3.4e+38 -3.4e+38 -3.4e+38 -3.4e+38 -3.4e+38 -3.4e+38 -3.4e+38 -3.4e+38 -3.4e+38 -3.4e+38 -3.4e+38 -3.4e+38 -3.4e+38 -3.4e+38 -3.4e+38 -3.4e+38 -3.4e+38 -3.4e+38 -3.4e+38 -3.4e+38 -3.4e+38 -3.4e+38 -3.4e+38 -3.4e+38 -3.4e+38 -3.4e+38 -3.4e+38 -3.4e+38 -3.4e+38 -3.4e+38 -3.4e+38 -3.4e+38 -3.4e+38 -3.4e+38 -3.4e+38 -3.4e+38 1275 1283 1313 1322 1303 1279 1247 1208 1195 1201
