data/layers/Current/bio10.asc
NCOLS 494 
NROWS 529 
XLLCORNER -117.166666666667 
YLLCORNER -55.5 
CELLSIZE 0.166666666666667 
NODATA_value -3.4e+38 
[rows 0 to 22 of 529, columns 104 to 155 of 494]
27.6889171600342 27.4690837860107 27.2351665496826 27.6816253662109 27.7693748474121 27.5849170684814 27.1842918395996 27.3697509765625 27.8292922973633 27.8391666412354 28.041166305542 28.083625793457 27.873083114624 27.880500793457 28.1284999847412 28.2921257019043 28.3559150695801 28.2056255340576 28.312873840332 28.1118755340576 28.0643329620361 27.8424587249756 27.636625289917 27.4721240997314 27.3648338317871 27.3381252288818 27.3003330230713 27.2465000152588 27.1656665802002 27.2041664123535 27.3233337402344 27.0740413665771 26.9444160461426 26.8732089996338 26.7992095947266 26.8488330841064 27.2614994049072 26.8228759765625 26.6988334655762 26.810209274292 26.6428337097168 26.6437072753906 26.7382907867432 26.8020420074463 26.7937927246094 26.8930835723877 27.1724166870117 26.9705829620361 27.1058330535889 27.1353340148926 27.0901260375977 27.1495838165283
27.6534156799316 27.3012924194336 27.1103744506836 27.5420837402344 27.3384170532227 27.0969581604004 27.0998344421387 27.2235832214355 27.3683338165283 27.4485416412354 27.6643333435059 27.7893753051758 27.9929580688477 27.8784160614014 28.0155830383301 27.9644165039062 28.2317085266113 28.1517906188965 28.2196254730225 28.176248550415 28.0566253662109 27.831958770752 27.693416595459 27.4417915344238 27.375207901001 27.382833480835 27.5202083587646 27.4300003051758 27.2067089080811 27.2494583129883 27.3286247253418 27.128999710083 26.9859580993652 26.7872924804688 26.7477493286133 26.9612503051758 27.306583404541 27.0727920532227 26.8408336639404 26.7583332061768 26.738374710083 26.6939582824707 26.7137908935547 26.6874179840088 26.7361679077148 26.882417678833 27.1081237792969 27.1049575805664 27.2194175720215 27.0271263122559 27.0470409393311 27.1180839538574
26.9905834197998 26.8937911987305 27.0986251831055 26.8522090911865 26.8702907562256 27.0402507781982 27.1560821533203 27.288875579834 27.0890407562256 27.2042083740234 27.4394569396973 27.6943740844727 27.9143333435059 27.9507503509521 28.1141662597656 28.0062923431396 28.1350421905518 28.1010417938232 28.191333770752 28.0722923278809 27.9537925720215 27.8141250610352 27.6033744812012 27.5282077789307 27.4998741149902 27.496208190918 27.564416885376 27.5003757476807 27.2914581298828 27.1035404205322 27.1244583129883 27.1001243591309 27.0545845031738 26.892333984375 26.7546672821045 26.7574996948242 26.8829154968262 27.0310001373291 26.8977508544922 26.7988319396973 26.758415222168 26.8254165649414 26.8547496795654 26.7446670532227 26.7600421905518 26.7859172821045 27.1117076873779 27.228084564209 27.23095703125 27.1466655731201 26.9712505340576 26.9755821228027
27.0577907562256 27.0066680908203 27.1265830993652 27.1574172973633 27.017333984375 26.9512920379639 27.1737079620361 27.3674163818359 27.269458770752 27.2851657867432 27.4229164123535 27.4667091369629 27.6709594726562 27.9573745727539 28.0148334503174 28.0160007476807 28.0637493133545 28.085916519165 28.0892505645752 28.1022090911865 27.9272918701172 27.9122085571289 27.8150405883789 27.5707492828369 27.4611663818359 27.3824577331543 27.5094585418701 27.4564571380615 27.4200000762939 27.250373840332 27.0261249542236 26.9933757781982 27.050666809082 27.0043754577637 26.874792098999 26.7665405273438 26.7674579620361 26.9031257629395 27.0465831756592 26.8752498626709 26.8350410461426 26.8150405883789 26.8474159240723 26.7875003814697 26.8027076721191 26.8380832672119 26.9895420074463 27.1092910766602 27.2570419311523 27.2001667022705 27.0993328094482 27.1781253814697
27.0616245269775 26.773832321167 27.1793327331543 27.2456245422363 27.1635417938232 26.9029579162598 26.9127082824707 27.285249710083 27.4601669311523 27.3734169006348 27.4368324279785 27.4456672668457 27.564582824707 27.7722091674805 27.8912086486816 28.0794582366943 28.1531677246094 28.1809158325195 28.0013751983643 28.0810413360596 27.8758335113525 27.7580833435059 27.7279167175293 27.5492496490479 27.386791229248 27.2086238861084 27.3214168548584 27.3516674041748 27.3839168548584 27.2030830383301 26.9706249237061 26.8065414428711 26.9044170379639 26.9049167633057 26.8962078094482 26.8527908325195 26.6824989318848 26.6566677093506 26.9752502441406 27.244083404541 27.2119998931885 27.0211238861084 26.8188323974609 26.9301261901855 26.9248332977295 26.9645824432373 26.8479156494141 26.9856243133545 27.1886253356934 27.2360000610352 27.2045421600342 26.9903335571289
27.3643341064453 27.003791809082 27.2458744049072 27.3099575042725 27.2370414733887 27.2705421447754 26.9553337097168 27.0408325195312 27.2136650085449 27.347749710083 27.4427089691162 27.435375213623 27.6183738708496 27.8567085266113 28.1854991912842 28.3607902526855 28.3102073669434 28.1312084197998 28.0323333740234 27.9885406494141 27.8642082214355 27.7891254425049 27.7871246337891 27.644458770752 27.5029582977295 27.2452087402344 27.2283744812012 27.2022914886475 27.1544570922852 27.2101249694824 27.0512504577637 26.9874172210693 26.9372901916504 26.8459587097168 26.8609580993652 26.8437080383301 26.8582916259766 26.6946678161621 26.814998626709 27.0398330688477 27.3597087860107 27.1643333435059 26.9261245727539 26.8684997558594 27.0051250457764 27.0340843200684 26.9397926330566 27.0290832519531 27.2927093505859 27.2830009460449 27.1492919921875 26.7486667633057
27.4961242675781 27.3596649169922 27.5198345184326 27.5098323822021 27.4627494812012 27.3705406188965 27.2973327636719 26.9814586639404 26.833833694458 27.0109176635742 27.3299999237061 27.5475845336914 27.4918746948242 27.7457084655762 28.2190418243408 28.3689994812012 28.5128326416016 28.2079582214355 28.128999710083 27.8649997711182 27.8151664733887 27.8297500610352 27.7139987945557 27.5724582672119 27.6929588317871 27.3419589996338 27.3823337554932 27.316333770752 27.347541809082 27.33424949646 27.2531242370605 27.2544174194336 27.0249576568604 26.9007091522217 26.7511253356934 26.77174949646 26.9710845947266 26.8160419464111 26.7493743896484 26.8991661071777 27.1153755187988 27.4161243438721 27.2684574127197 27.0469169616699 27.0564155578613 27.1301250457764 27.2014999389648 27.3287925720215 27.2932510375977 27.228666305542 27.0130004882812 26.517707824707
27.5145416259766 27.6202087402344 27.6456661224365 27.4335842132568 27.5058746337891 27.5317077636719 27.406665802002 27.1646671295166 26.9730415344238 27.1197509765625 27.1376247406006 27.5297508239746 27.6310005187988 27.877290725708 28.144624710083 28.238582611084 28.4349575042725 28.2804164886475 28.1962509155273 27.9701671600342 27.7504177093506 27.7772922515869 27.6698760986328 27.4953746795654 27.6375427246094 27.5121669769287 27.4386653900146 27.2495422363281 27.306583404541 27.3971252441406 27.4316253662109 27.2245006561279 27.1333751678467 26.9747085571289 26.878625869751 26.8339996337891 26.9008750915527 26.8625831604004 26.7958335876465 26.8084163665771 26.8999176025391 27.0406246185303 27.2667922973633 27.4079170227051 27.2659587860107 27.2563323974609 27.2743740081787 27.4523754119873 27.388126373291 27.1977500915527 26.8557510375977 26.6141242980957
27.0197925567627 27.1459159851074 27.2315826416016 27.0885009765625 27.2001266479492 27.3816661834717 27.5185413360596 27.3611679077148 27.0160007476807 27.1248340606689 27.3079986572266 27.6061248779297 27.676082611084 27.7106246948242 28.0690422058105 28.19700050354 28.3714160919189 28.2758331298828 28.2134990692139 27.8235416412354 27.8374996185303 27.7397918701172 27.5136661529541 27.5388336181641 27.7940406799316 27.7369575500488 27.5749168395996 27.4177913665771 27.406457901001 27.3942070007324 27.3807506561279 27.2577075958252 27.1886672973633 27.1084175109863 27.0332908630371 26.873291015625 26.8835411071777 26.9625835418701 26.8459587097168 26.8470840454102 26.8976669311523 26.9892921447754 27.0912914276123 27.2486667633057 27.5126667022705 27.3132495880127 27.4870414733887 27.3428344726562 27.1137924194336 27.0809173583984 26.8574180603027 26.6289596557617
26.6754169464111 26.8556251525879 26.9241237640381 27.0780410766602 27.1472091674805 27.1100006103516 27.0497493743896 27.1378746032715 27.0005416870117 27.0516242980957 27.4243335723877 27.5815010070801 27.9349994659424 27.8316249847412 28.2445011138916 28.2457084655762 28.2978324890137 28.3816242218018 28.2822074890137 28.0029163360596 27.8422088623047 27.7500419616699 27.714542388916 27.9103336334229 28.0279579162598 27.9121246337891 27.7039165496826 27.5828762054443 27.4564571380615 27.3617496490479 27.3244571685791 27.2351245880127 27.1860828399658 27.1028327941895 27.1113758087158 26.8253326416016 26.7797088623047 26.9575004577637 26.9600830078125 27.0250835418701 26.9345836639404 27.0075416564941 27.0681247711182 27.0769577026367 27.3787078857422 27.4175834655762 27.4267501831055 27.2773323059082 27.0942077636719 26.9274158477783 26.5181674957275 26.5226249694824
26.7205829620361 26.8326663970947 26.8691253662109 26.8822078704834 26.9158325195312 27.0171241760254 27.2199573516846 27.2072086334229 27.0878753662109 26.8953342437744 27.3623752593994 27.6724166870117 27.797082901001 27.9744987487793 28.2453327178955 28.3155002593994 28.4097080230713 28.4065418243408 28.2195835113525 28.0778331756592 27.8592491149902 27.9431667327881 28.0551261901855 28.1407089233398 28.0523338317871 27.9852504730225 27.9142074584961 27.6749992370605 27.4741249084473 27.2682914733887 27.1823749542236 27.15016746521 27.1544990539551 27.2075843811035 27.1762084960938 26.9730834960938 26.9319591522217 27.0329990386963 27.041332244873 27.0783767700195 27.0383758544922 27.0928325653076 27.1237926483154 27.1500415802002 27.1567077636719 27.3402919769287 27.3960418701172 27.2997512817383 27.2813758850098 27.0112915039062 26.6942501068115 26.6292495727539
26.5084590911865 26.7405414581299 26.8982086181641 26.9215831756592 27.3664169311523 27.755542755127 27.9015407562256 27.8534164428711 27.5725402832031 27.1110000610352 27.2282485961914 27.6066665649414 27.7179584503174 27.9835414886475 28.0399169921875 28.1549587249756 28.3280410766602 28.0830001831055 27.9563331604004 28.1411247253418 28.1978759765625 28.1692085266113 28.1043739318848 27.9939994812012 27.9303741455078 27.9545421600342 27.6602077484131 27.5408344268799 27.5335006713867 27.3526668548584 27.0780830383301 27.0509586334229 27.1781253814697 27.1607494354248 27.1947917938232 27.0955410003662 27.0990409851074 27.1219577789307 27.0776252746582 27.1102504730225 27.1299991607666 27.1461658477783 27.1403751373291 27.1257076263428 27.2880840301514 27.3473320007324 27.2651653289795 27.1551666259766 27.1477928161621 27.0912914276123 27.0332489013672 26.9108753204346
26.8105430603027 27.0307083129883 26.8717918395996 27.0017509460449 27.1170425415039 27.4074573516846 27.507625579834 27.4327087402344 27.8148746490479 27.7777080535889 27.3733329772949 27.4559993743896 27.7828750610352 28.0622081756592 28.1047916412354 28.2327499389648 28.0570831298828 27.8633346557617 27.9525413513184 28.2640838623047 28.3097915649414 28.1965827941895 28.0079574584961 27.9412498474121 27.6582908630371 27.5921249389648 27.5653743743896 27.3977909088135 27.3729991912842 27.4504585266113 27.2441673278809 27.2195415496826 27.2980003356934 27.2649154663086 27.2434577941895 27.2112503051758 27.152042388916 27.0728759765625 27.1280422210693 27.1413745880127 27.1562080383301 27.1927909851074 27.2735424041748 27.2997074127197 27.4128322601318 27.3979587554932 27.3177909851074 27.2358322143555 27.0074577331543 27.1044158935547 27.1772079467773 27.101749420166
26.7525005340576 26.5027923583984 26.4987926483154 26.2812919616699 26.3756256103516 26.2981662750244 26.7153339385986 27.1517906188965 27.3128337860107 27.7176666259766 27.8487491607666 27.6230411529541 27.9350833892822 28.1754570007324 28.2719993591309 28.082124710083 28.0204582214355 28.0356674194336 28.21266746521 28.3162498474121 28.3257503509521 28.1533756256104 28.1040000915527 27.8402919769287 27.7105827331543 27.7142505645752 27.5968742370605 27.365665435791 27.3058338165283 27.4809989929199 27.4241676330566 27.3511257171631 27.3864574432373 27.3812923431396 27.304708480835 27.2768325805664 27.1695423126221 27.1510410308838 27.2342491149902 27.2822494506836 27.249626159668 27.3031673431396 27.3945426940918 27.3377914428711 27.3936252593994 27.4197082519531 27.3294162750244 27.263708114624 26.9545421600342 26.9434585571289 27.0025005340576 27.2219581604004
26.3531246185303 26.3457908630371 26.2259578704834 26.1284999847412 26.2506675720215 26.5400829315186 26.7700004577637 26.9827079772949 27.265998840332 27.5433330535889 27.4915828704834 27.6743335723877 28.269832611084 28.2479991912842 28.1667919158936 27.8948745727539 27.9598751068115 28.226583480835 28.2481651306152 28.1556243896484 28.3498344421387 28.1975421905518 28.0223331451416 27.699125289917 27.5701675415039 27.6662502288818 27.7950000762939 27.4759998321533 27.4390830993652 27.5125427246094 27.5772094726562 27.484001159668 27.4127922058105 27.4335823059082 27.3708763122559 27.27174949646 27.2776679992676 27.3287925720215 27.4284992218018 27.5435409545898 27.4233322143555 27.4204177856445 27.4333343505859 27.3740844726562 27.4450416564941 27.4344997406006 27.5018329620361 27.2984580993652 27.1145000457764 26.8922080993652 26.9012908935547 27.0904178619385
26.2350006103516 26.2427501678467 26.1897506713867 26.1999588012695 26.2268333435059 26.3648338317871 26.5129165649414 26.5100421905518 27.017541885376 27.2396240234375 27.4320831298828 27.8043746948242 28.144458770752 28.0712490081787 28.056583404541 27.8790416717529 28.0094585418701 28.2095413208008 28.2215423583984 28.2611236572266 28.3193340301514 28.1569995880127 28.0282917022705 27.8480834960938 27.7220840454102 27.8797912597656 27.9671249389648 27.7625827789307 27.6650009155273 27.8619174957275 27.8074989318848 27.6325836181641 27.6267070770264 27.6918334960938 27.7388343811035 27.4733753204346 27.609582901001 27.5382499694824 27.6468753814697 27.5904998779297 27.5139579772949 27.4339580535889 27.4944591522217 27.4816665649414 27.5677928924561 27.5999164581299 27.5706672668457 27.4295425415039 27.2915000915527 27.0136661529541 26.9550838470459 26.9879989624023
26.0821666717529 26.0027923583984 26.0830841064453 26.2299575805664 26.5445823669434 26.5936660766602 26.8769989013672 27.0639991760254 27.2708759307861 27.5191669464111 27.5783748626709 28.0374584197998 28.1841659545898 28.1115837097168 27.8350410461426 27.7775001525879 28.0496673583984 28.2864570617676 28.214916229248 28.1345405578613 27.9892501831055 28.0096244812012 28.0590419769287 27.9332084655762 27.9682502746582 28.2424583435059 28.1827507019043 27.8120002746582 27.773832321167 27.9086666107178 27.8041248321533 27.8372917175293 27.8129997253418 27.5942916870117 27.617166519165 27.8269996643066 27.5867500305176 27.5827922821045 27.7000007629395 27.613208770752 27.5342082977295 27.5287914276123 27.5489158630371 27.591667175293 27.6753749847412 27.7747917175293 27.7254581451416 27.5016670227051 27.3267078399658 27.1811676025391 27.0423736572266 27.0673332214355
26.3556671142578 26.2424583435059 26.2047920227051 26.8174171447754 27.1121673583984 26.7283325195312 26.5863342285156 27.0302085876465 27.2769165039062 27.4196243286133 27.9389591217041 28.2571239471436 28.2983741760254 28.1493339538574 27.8668746948242 27.9385833740234 28.0498752593994 28.1740837097168 28.1359176635742 27.9107494354248 27.849666595459 28.015251159668 27.9879570007324 27.9658756256104 28.1607093811035 28.2780418395996 28.3374996185303 28.1875 28.0732955932617 28.0732955932617 27.9516925811768 27.8790416717529 27.7754173278809 27.6014575958252 27.4564781188965 27.4699077606201 27.4696788787842 27.5533332824707 27.6818923950195 27.6164360046387 27.5406494140625 27.5635223388672 27.5532913208008 27.5903739929199 27.6769161224365 27.7579593658447 27.8419761657715 27.4577598571777 27.2182102203369 27.0965042114258 27.0937080383301 27.1109161376953
26.8680000305176 26.910083770752 27.0499992370605 27.1673736572266 27.1525840759277 27.1181240081787 27.1822490692139 27.8157501220703 28.0100002288818 27.918249130249 28.1794586181641 28.2251243591309 28.1136665344238 28.166332244873 28.1809158325195 28.0737495422363 28.037540435791 28.0444984436035 27.8514995574951 27.7526245117188 27.8933753967285 27.858959197998 27.9217910766602 27.9499588012695 28.0747089385986 28.1183338165283 27.9112510681152 27.9637928009033 28.0916881561279 27.9809532165527 27.9744338989258 27.870267868042 27.7271461486816 27.5424137115479 27.4766674041748 -3.4e+38 -3.4e+38 -3.4e+38 -3.4e+38 -3.4e+38 -3.4e+38 27.6166667938232 27.6018695831299 27.6458129882812 27.6607131958008 27.6994152069092 27.6712875366211 27.4693279266357 27.3506469726562 27.119047164917 27.0493488311768 27.1111259460449
27.7143745422363 27.9482498168945 27.9025001525879 27.871208190918 27.947582244873 27.7959995269775 27.8927097320557 28.3726673126221 28.3544158935547 28.1851253509521 28.18137550354 27.915958404541 28.0655002593994 28.2514991760254 28.2612495422363 28.1000823974609 28.0815410614014 27.9945831298828 27.7868328094482 27.7854995727539 27.8701667785645 27.7983322143555 27.9044589996338 27.945291519165 27.9757919311523 27.6956672668457 27.6923751831055 27.7741260528564 27.913875579834 28.1293678283691 27.9586849212646 27.785924911499 -3.4e+38 -3.4e+38 -3.4e+38 -3.4e+38 -3.4e+38 -3.4e+38 -3.4e+38 -3.4e+38 -3.4e+38 -3.4e+38 -3.4e+38 -3.4e+38 -3.4e+38 -3.4e+38 -3.4e+38 27.3541660308838 27.3244438171387 -3.4e+38 27.1866664886475 27.1469612121582
28.466833114624 28.467041015625 28.372875213623 28.1684989929199 28.1747913360596 28.029541015625 28.1392917633057 28.2245407104492 28.2132911682129 28.261625289917 28.2800006866455 28.257417678833 28.261417388916 28.2769584655762 28.2484169006348 28.1157913208008 28.0790004730225 27.9832077026367 27.8698749542236 27.8807907104492 27.8584575653076 27.8728332519531 27.8447074890137 27.8998336791992 27.8165817260742 27.7829990386963 27.7802085876465 27.884895324707 27.9772911071777 28.0172462463379 28.1851444244385 -3.4e+38 -3.4e+38 -3.4e+38 -3.4e+38 -3.4e+38 -3.4e+38 -3.4e+38 -3.4e+38 -3.4e+38 -3.4e+38 -3.4e+38 -3.4e+38 -3.4e+38 -3.4e+38 -3.4e+38 -3.4e+38 -3.4e+38 -3.4e+38 -3.4e+38 27.25 27.3052978515625
28.777250289917 28.6507911682129 28.5738334655762 28.3799171447754 28.2647933959961 28.3252925872803 28.304666519165 28.3702926635742 28.4057502746582 28.5623741149902 28.6377067565918 28.6067504882812 28.3609580993652 28.205249786377 28.1987915039062 28.1875 28.1130409240723 28.1037082672119 28.0509586334229 28.0209999084473 27.9560832977295 27.8985424041748 27.8721675872803 27.9004592895508 27.8398342132568 27.8291244506836 28.0102500915527 28.0716571807861 27.940580368042 -3.4e+38 -3.4e+38 -3.4e+38 -3.4e+38 -3.4e+38 -3.4e+38 -3.4e+38 -3.4e+38 -3.4e+38 -3.4e+38 -3.4e+38 -3.4e+38 -3.4e+38 -3.4e+38 -3.4e+38 -3.4e+38 -3.4e+38 -3.4e+38 -3.4e+38 -3.4e+38 -3.4e+38 -3.4e+38 -3.4e+38
28.9793758392334 28.8962917327881 28.6999588012695 28.4954586029053 28.3844585418701 28.4435424804688 28.5123329162598 28.6124992370605 28.6783752441406 28.7443332672119 28.6700420379639 28.6298751831055 28.4442501068115 28.2674579620361 28.2793750762939 28.2922916412354 28.2944583892822 28.2279167175293 28.2490844726562 28.2360000610352 28.0714168548584 28.0047073364258 28.0077075958252 28.082124710083 27.9517078399658 27.9984169006348 28.2722225189209 28.4229469299316 -3.4e+38 -3.4e+38 -3.4e+38 -3.4e+38 -3.4e+38 -3.4e+38 -3.4e+38 -3.4e+38 -3.4e+38 -3.4e+38 -3.4e+38 -3.4e+38 -3.4e+38 -3.4e+38 -3.4e+38 -3.4e+38 -3.4e+38 -3.4e+38 -3.4e+38 -3.4e+38 -3.4e+38 -3.4e+38 -3.4e+38 -3.4e+38
