data/layers/Current/bio12.asc
NCOLS 494 
NROWS 529 
XLLCORNER -117.166666666667 
YLLCORNER -55.5 
CELLSIZE 0.166666666666667 
NODATA_value -3.4e+38 
[rows 224 to 255 of 529, columns 360 to 431 of 494]
2313 2281 2245 2189 2134 2147 2214 2257 2296 2272 2214 2141 2051 1964 1872 1821 1796 1770 1756 1736 1712 1697 1685 1684 1669 1649 1636 1689 1749 1802 1834 1854 1853 1836 1815 1818 1824 1828 1841 1863 1874 1877 1902 1913 1924 1917 1873 1892 1870 1831 1797 1769 1742 1701 1666 1625 1583 1559 1511 1468 1434 1394 1359 1316 1289 1281 1270 1279 1308 1352 1418 1501
2297 2282 2262 2235 2201 2218 2248 2315 2349 2336 2276 2200 2099 2002 1911 1852 1827 1794 1773 1753 1736 1720 1707 1698 1685 1673 1683 1704 1744 1777 1803 1812 1806 1792 1773 1785 1800 1813 1830 1847 1853 1863 1875 1887 1890 1880 1843 1849 1830 1799 1759 1726 1690 1658 1626 1590 1554 1519 1482 1440 1400 1362 1307 1264 1239 1220 1210 1234 1251 1290 1372 1460
2306 2266 2263 2260 2257 2262 2291 2378 2417 2404 2342 2255 2158 2058 1969 1897 1856 1828 1804 1782 1766 1752 1740 1738 1728 1720 1729 1743 1762 1780 1793 1792 1784 1779 1769 1779 1798 1815 1832 1843 1844 1841 1860 1865 1855 1847 1829 1814 1801 1739 1736 1712 1672 1628 1605 1557 1512 1475 1454 1418 1383 1336 1277 1234 1195 1167 1165 1173 1184 1240 1310 1383
2285 2268 2287 2305 2318 2347 2389 2506 2557 2516 2423 2320 2212 2114 2019 1940 1892 1860 1831 1813 1795 1792 1781 1775 1775 1771 1775 1778 1788 1800 1799 1797 1792 1788 1783 1790 1798 1814 1831 1845 1850 1845 1848 1848 1847 1828 1808 1769 1763 1706 1699 1657 1628 1599 1560 1520 1497 1454 1426 1407 1374 1334 1275 1216 1161 1132 1122 1110 1136 1180 1233 1291
2274 2302 2323 2350 2380 2434 2529 2679 2718 2612 2495 2374 2258 2154 2060 1979 1917 1887 1867 1843 1829 1825 1820 1817 1821 1819 1814 1812 1815 1818 1821 1814 1811 1805 1803 1809 1812 1828 1837 1843 1847 1854 1845 1845 1837 1815 1800 1761 1738 1696 1661 1640 1610 1592 1569 1531 1479 1441 1418 1387 1369 1332 1287 1231 1168 1128 1091 1072 1079 1114 1161 1202
2286 2316 2337 2382 2437 2503 2621 2755 2764 2643 2524 2408 2297 2192 2092 2002 1947 1917 1906 1886 1868 1858 1848 1849 1852 1858 1845 1848 1849 1847 1849 1842 1834 1831 1832 1839 1845 1838 1837 1842 1848 1853 1845 1830 1804 1786 1772 1744 1722 1694 1675 1643 1614 1575 1568 1543 1503 1468 1443 1400 1381 1346 1307 1243 1197 1150 1110 1054 1044 1063 1077 1111
2293 2314 2336 2374 2439 2507 2603 2674 2685 2617 2516 2413 2315 2212 2119 2034 1982 1948 1931 1922 1912 1903 1887 1885 1889 1893 1878 1871 1882 1883 1877 1866 1865 1868 1855 1863 1861 1855 1849 1854 1849 1843 1845 1826 1802 1787 1762 1730 1704 1675 1655 1634 1612 1571 1575 1551 1530 1496 1470 1442 1398 1354 1319 1266 1222 1200 1173 1102 1060 1046 1027 1051
2277 2303 2333 2369 2414 2478 2540 2580 2586 2550 2484 2399 2313 2229 2149 2079 2031 1983 1960 1947 1949 1930 1923 1928 1911 1914 1907 1898 1904 1913 1904 1889 1895 1895 1889 1883 1873 1868 1860 1863 1867 1866 1857 1832 1816 1793 1750 1723 1688 1664 1625 1605 1590 1566 1580 1575 1559 1540 1519 1486 1442 1375 1330 1283 1252 1231 1207 1148 1101 1076 1061 1089
2278 2286 2306 2332 2375 2438 2481 2494 2517 2490 2437 2371 2305 2240 2176 2113 2073 2028 1992 1979 1968 1961 1954 1943 1940 1948 1939 1929 1947 1949 1927 1908 1914 1916 1909 1901 1880 1863 1858 1900 1903 1892 1859 1825 1818 1790 1751 1726 1689 1655 1623 1607 1571 1572 1589 1589 1618 1605 1575 1529 1457 1401 1343 1302 1250 1236 1222 1203 1163 1141 1134 1155
2273 2279 2279 2306 2323 2354 2393 2413 2437 2436 2385 2340 2295 2242 2194 2141 2102 2061 2029 2017 1995 1984 1982 1972 1966 1982 1970 1961 1965 1982 1975 1963 1938 1926 1939 1943 1901 1882 1871 1887 1911 1879 1853 1839 1829 1798 1755 1725 1691 1648 1617 1590 1565 1592 1605 1617 1637 1642 1627 1573 1490 1406 1344 1306 1251 1253 1249 1251 1221 1199 1190 1198
2254 2241 2243 2265 2270 2295 2322 2346 2346 2349 2331 2313 2276 2238 2199 2164 2128 2091 2056 2044 2032 2005 1999 2000 1983 1988 1984 1983 1978 1998 1999 2003 1969 1965 1955 1957 1937 1905 1904 1887 1913 1901 1859 1849 1824 1799 1751 1740 1699 1657 1614 1565 1571 1595 1621 1650 1651 1656 1645 1583 1487 1407 1342 1285 1260 1262 1257 1247 1255 1245 1228 1240
2241 2211 2201 2214 2213 2220 2245 2265 2277 2296 2295 2288 2264 2243 2217 2181 2148 2113 2083 2069 2054 2027 2019 2010 1996 1996 2006 2020 2008 2001 2005 2009 1965 1956 1964 1975 1962 1935 1941 1927 1933 1918 1890 1876 1847 1803 1769 1751 1705 1679 1630 1604 1617 1623 1632 1674 1665 1655 1628 1572 1484 1405 1354 1299 1271 1259 1259 1252 1269 1258 1241 1252
2232 2185 2164 2157 2145 2155 2185 2211 2227 2238 2266 2266 2257 2229 2217 2196 2168 2136 2109 2075 2057 2052 2032 2017 2011 2005 2022 2023 2028 2035 2012 2011 1988 1973 1982 1986 1985 1984 1984 1985 1971 1947 1911 1886 1857 1815 1790 1756 1723 1687 1652 1645 1649 1642 1667 1711 1688 1648 1633 1570 1488 1415 1352 1320 1277 1247 1241 1252 1260 1249 1231 1206
2223 2176 2139 2098 2075 2105 2143 2173 2181 2192 2228 2232 2236 2237 2229 2215 2185 2148 2120 2089 2062 2048 2041 2034 2019 2023 2039 2020 2008 2012 2005 2020 1988 1987 1993 1983 1967 2019 2026 2015 2009 1968 1923 1903 1867 1829 1797 1766 1734 1722 1699 1684 1683 1673 1701 1717 1705 1675 1651 1585 1495 1423 1345 1315 1275 1240 1226 1237 1234 1199 1191 1163
2218 2170 2129 2093 2064 2078 2114 2130 2143 2160 2200 2206 2219 2242 2244 2224 2196 2156 2124 2098 2071 2065 2051 2028 2017 2018 2014 2005 1996 2008 2000 1984 1969 1964 1968 1973 1973 2001 2027 2012 1996 1969 1936 1912 1875 1841 1824 1770 1755 1751 1739 1724 1721 1702 1732 1721 1701 1680 1660 1585 1508 1412 1339 1301 1273 1251 1239 1245 1211 1157 1108 1035
2234 2179 2134 2102 2080 2083 2102 2108 2123 2127 2143 2176 2199 2245 2259 2234 2196 2160 2127 2100 2073 2060 2063 2045 2027 2015 2013 2000 2010 2006 1992 1979 1968 1961 1952 1959 1952 1958 1984 1975 1978 1958 1927 1901 1875 1855 1836 1794 1791 1768 1770 1759 1751 1751 1753 1723 1692 1687 1656 1596 1508 1422 1346 1321 1281 1255 1250 1252 1188 1133 1074 1020
2235 2193 2148 2120 2098 2087 2100 2101 2105 2109 2100 2129 2171 2227 2245 2222 2193 2155 2123 2100 2077 2050 2053 2039 2031 2025 2010 2002 2021 2042 2018 1985 1970 1977 1959 1947 1954 1958 1987 1992 1984 1944 1923 1895 1873 1859 1844 1810 1816 1802 1786 1778 1766 1785 1757 1736 1718 1678 1632 1535 1443 1371 1321 1285 1283 1254 1235 1236 1184 1134 1091 1030
2226 2190 2163 2137 2109 2103 2114 2107 2107 2099 2090 2108 2159 2195 2206 2194 2171 2146 2113 2089 2067 2050 2037 2035 2024 2017 2002 2005 2015 2043 2015 1987 1984 1963 1965 1951 1981 1994 1991 1985 1977 1929 1913 1897 1899 1881 1841 1844 1827 1814 1809 1807 1793 1799 1757 1725 1687 1638 1587 1503 1399 1311 1261 1262 1268 1232 1219 1225 1187 1146 1075 1037
2222 2194 2156 2138 2122 2115 2126 2124 2116 2118 2135 2146 2162 2177 2180 2167 2143 2126 2096 2075 2060 2048 2035 2039 2037 2016 2004 1996 1995 2005 1975 1974 2027 2008 1968 1952 1956 1958 1976 1972 1955 1924 1910 1901 1901 1873 1857 1839 1841 1838 1828 1827 1812 1803 1762 1725 1684 1628 1562 1481 1373 1262 1224 1231 1251 1221 1210 1203 1179 1144 1092 1097
2202 2185 2150 2137 2131 2129 2134 2134 2136 2143 2173 2185 2186 2180 2169 2146 2118 2100 2078 2063 2042 2037 2031 2023 2023 2014 2004 2001 1999 1985 2003 2005 2011 2009 1957 1939 1931 1939 1955 1948 1928 1897 1908 1898 1884 1863 1864 1854 1844 1844 1832 1840 1827 1803 1753 1697 1665 1606 1531 1445 1366 1287 1238 1216 1220 1205 1199 1189 1179 1138 1130 1105
2188 2177 2163 2151 2149 2136 2139 2151 2155 2169 2184 2218 2233 2195 2154 2124 2092 2068 2062 2044 2027 2024 2024 2022 2019 2026 2001 1999 2004 1992 2026 2027 1997 1962 1945 1942 1956 1953 1958 1954 1932 1916 1917 1910 1888 1868 1861 1837 1849 1858 1848 1840 1828 1790 1732 1679 1651 1587 1523 1432 1360 1285 1249 1226 1193 1190 1197 1195 1184 1160 1142 1127
2156 2170 2180 2189 2179 2178 2176 2167 2178 2187 2204 2230 2243 2202 2138 2100 2066 2033 2028 2012 2010 2013 2012 2017 2016 2014 2003 2004 1993 2012 2046 2037 1992 1953 1949 1959 1976 1963 1956 1936 1918 1911 1905 1902 1872 1869 1867 1834 1844 1844 1843 1823 1810 1781 1712 1658 1629 1577 1522 1433 1366 1298 1272 1221 1180 1174 1185 1176 1185 1176 1155 1134
2129 2145 2161 2179 2197 2215 2219 2212 2206 2203 2209 2214 2211 2169 2125 2077 2036 1998 1990 1989 1998 2009 2015 2025 2016 2019 2004 1999 2003 2024 2041 2029 1995 1959 1958 1963 1953 1955 1938 1921 1913 1903 1891 1893 1882 1868 1851 1834 1832 1818 1828 1802 1792 1767 1686 1647 1607 1560 1500 1432 1378 1319 1292 1216 1173 1176 1204 1198 1189 1194 1169 1126
2089 2106 2124 2144 2161 2177 2198 2215 2229 2231 2212 2201 2199 2161 2112 2063 2013 1970 1963 1976 1999 2011 2016 2024 2023 2028 2016 1998 1987 1986 1993 1984 1982 1961 1966 1968 1961 1932 1927 1926 1911 1896 1877 1894 1872 1841 1826 1835 1825 1815 1805 1787 1744 1731 1682 1639 1601 1558 1497 1442 1380 1357 1332 1243 1182 1200 1230 1218 1216 1206 1175 1120
2052 2074 2093 2122 2143 2163 2173 2190 2219 2236 2239 2240 2204 2189 2145 2068 2028 1974 1971 1990 2010 2017 2025 2033 2039 2027 2018 2011 2004 1987 2007 1987 1981 1959 1952 1960 1963 1931 1920 1908 1898 1874 1850 1862 1859 1819 1831 1832 1813 1804 1797 1777 1742 1727 1663 1630 1597 1545 1493 1449 1396 1379 1346 1282 1238 1243 1251 1268 1281 1266 1200 1125
2031 2057 2083 2110 2136 2158 2174 2200 2223 2234 2238 2231 2217 2213 2189 2112 2053 2026 2008 2019 2027 2034 2036 2041 2045 2038 2024 2016 2008 1987 1979 1997 1989 1978 1953 1949 1947 1933 1919 1906 1892 1877 1859 1847 1810 1823 1822 1817 1807 1793 1770 1761 1747 1722 1670 1608 1572 1530 1485 1444 1409 1395 1352 1315 1289 1266 1285 1342 1372 1323 1223 1102
2007 2052 2089 2116 2135 2158 2180 2204 2222 2235 2234 2235 2237 2228 2214 2156 2097 2071 2055 2055 2053 2055 2057 2055 2056 2044 2040 2030 2016 2005 1978 1992 1989 1967 1941 1941 1927 1908 1902 1892 1871 1878 1852 1822 1817 1825 1811 1806 1790 1774 1758 1746 1737 1700 1656 1603 1567 1532 1486 1440 1415 1387 1354 1309 1273 1274 1321 1427 1490 1378 1207 1098
2007 2057 2100 2140 2153 2177 2198 2212 2219 2224 2234 2243 2249 2250 2238 2182 2136 2110 2096 2088 2084 2087 2082 2076 2068 2059 2045 2041 2024 2000 1982 1981 1982 1963 1949 1932 1913 1900 1894 1874 1880 1865 1840 1816 1811 1805 1800 1788 1778 1751 1738 1724 1713 1675 1662 1598 1546 1525 1481 1440 1414 1383 1370 1294 1237 1243 1334 1469 1606 1411 1177 1050
2024 2089 2120 2147 2186 2211 2219 2229 2214 2220 2222 2253 2262 2267 2252 2217 2171 2149 2136 2125 2125 2116 2110 2101 2090 2081 2062 2043 2028 1996 1980 1980 1969 1957 1955 1932 1923 1893 1872 1854 1862 1840 1812 1815 1798 1803 1785 1770 1766 1744 1735 1709 1677 1657 1641 1579 1542 1518 1476 1451 1413 1372 1342 1291 1213 1201 1283 1390 1448 1335 1148 967
2078 2118 2149 2179 2201 2213 2225 2217 2218 2209 2222 2246 2261 2275 2272 2244 2212 2183 2167 2165 2157 2147 2137 2123 2110 2087 2071 2043 2021 1994 1988 1985 1956 1940 1929 1915 1899 1883 1865 1848 1833 1804 1787 1816 1796 1795 1783 1768 1755 1733 1717 1686 1670 1652 1617 1566 1531 1513 1473 1448 1404 1360 1309 1279 1220 1210 1256 1293 1308 1250 1125 1027
2153 2150 2177 2194 2214 2234 2237 2218 2202 2198 2223 2232 2269 2293 2291 2269 2245 2217 2206 2199 2194 2190 2168 2162 2131 2109 2077 2050 2028 2005 1987 1973 1954 1933 1922 1897 1874 1860 1847 1816 1812 1788 1769 1806 1797 1796 1778 1763 1748 1726 1700 1670 1653 1634 1599 1559 1527 1511 1468 1443 1393 1352 1338 1289 1236 1212 1205 1216 1196 1152 1104 1034
2216 2189 2191 2196 2201 2215 2235 2203 2174 2156 2189 2236 2261 2292 2286 2272 2254 2245 2235 2220 2229 2221 2212 2193 2150 2121 2094 2061 2036 2005 1977 1958 1942 1924 1912 1884 1863 1844 1825 1805 1802 1789 1755 1776 1771 1765 1753 1737 1721 1710 1703 1663 1655 1636 1596 1562 1521 1494 1457 1438 1389 1352 1325 1285 1241 1217 1194 1174 1160 1119 1073 1013
