data/layers/Current/bio19.asc
NCOLS 494 
NROWS 529 
XLLCORNER -117.166666666667 
YLLCORNER -55.5 
CELLSIZE 0.166666666666667 
NODATA_value -3.4e+38 
[rows 264 to 296 of 529, columns 380 to 455 of 494]
46 47 48 48 49 50 52 53 51 49 48 46 42 37 32 29 25 24 26 27 29 15 31 32 33 37 38 39 41 42 43 44 42 42 43 40 39 40 40 36 35 36 35 36 35 36 32 31 7 6 5 4 3 3 3 3 4 5 4 3 2 3 4 5 6 4 4 5 8 5 8 7 6 8 15 69
45 45 46 48 48 49 50 49 49 49 50 46 44 39 34 29 26 25 25 26 28 30 15 31 32 34 36 38 40 41 41 41 41 39 40 37 37 36 36 34 34 34 35 35 33 35 33 30 27 8 5 5 5 3 3 3 4 5 4 4 3 3 3 3 3 3 5 6 14 8 10 9 9 15 30 106
44 44 46 47 47 46 48 46 49 47 49 48 46 42 36 32 28 26 25 26 27 29 29 30 16 33 34 36 38 38 39 40 40 39 36 35 34 33 33 33 33 32 33 34 35 35 32 31 29 27 25 7 5 5 3 4 4 5 4 4 3 3 3 3 2 2 4 4 14 10 8 10 16 30 68 131
43 43 44 45 45 48 46 45 47 48 50 50 50 43 38 33 30 28 27 27 27 26 14 30 15 33 33 36 37 37 39 39 38 36 35 32 31 30 30 30 30 33 33 32 34 36 34 31 30 28 26 24 8 5 6 6 6 5 4 3 4 3 3 9 12 13 5 4 6 10 12 15 29 58 131 182
42 43 42 43 43 46 46 47 49 51 48 51 53 47 40 36 33 29 27 27 28 13 28 14 32 33 34 35 36 36 38 37 35 34 31 30 30 29 29 29 30 30 31 32 35 36 35 32 31 29 28 26 25 23 8 7 6 6 4 3 12 11 11 12 15 14 12 4 4 14 16 24 38 71 158 155
41 42 42 42 41 44 46 45 47 47 48 50 51 46 41 36 33 31 30 28 30 13 13 29 32 32 33 34 35 35 36 35 32 10 28 27 27 25 27 28 29 29 31 32 36 36 35 33 31 30 29 26 29 27 6 6 6 5 4 4 13 11 13 15 17 15 12 9 8 8 15 28 52 55 150 112
41 41 41 41 41 40 41 45 46 48 48 48 50 44 39 36 32 31 29 29 29 29 28 29 29 31 32 31 33 33 32 32 29 8 25 22 22 22 24 26 28 28 30 31 34 36 34 33 31 31 29 25 26 25 21 18 17 14 13 11 10 11 15 19 23 17 14 11 8 4 12 30 45 60 110 108
41 41 41 40 40 39 39 41 43 46 43 42 43 39 37 35 33 31 31 13 13 29 30 30 30 30 31 31 32 32 30 30 27 25 23 6 19 21 23 25 27 29 29 30 32 36 35 33 32 31 27 25 23 21 20 17 16 16 14 9 8 11 14 19 23 18 16 13 11 4 9 23 32 64 119 115
18 19 41 39 38 38 38 42 42 40 39 40 38 36 35 35 33 31 31 14 30 33 32 31 30 30 31 31 32 31 30 29 27 24 24 21 20 21 23 25 27 30 29 30 31 36 35 33 32 28 25 23 20 18 17 14 14 16 14 11 9 12 12 13 17 16 14 12 11 11 7 20 29 60 113 90
19 19 41 39 38 38 38 38 39 37 36 36 35 34 34 34 32 32 31 14 32 33 31 30 30 30 30 29 31 30 29 29 28 24 24 23 20 20 24 25 28 31 32 31 32 35 35 33 28 25 22 20 19 17 15 13 14 16 15 12 11 10 11 11 14 14 14 12 10 11 5 28 47 72 102 77
21 42 41 43 40 39 38 37 36 37 35 34 34 34 33 33 31 32 31 31 32 33 31 31 31 30 29 29 29 29 28 28 28 24 23 28 23 22 24 26 27 29 31 32 34 34 33 30 27 24 20 18 15 14 12 12 14 16 17 14 11 11 10 10 12 13 14 13 12 5 10 55 80 87 95 117
23 40 42 43 41 38 38 35 35 36 34 33 33 32 32 31 32 32 31 31 33 34 32 31 31 31 31 30 29 28 28 28 27 23 23 28 27 23 24 28 26 28 30 30 34 34 32 29 25 20 17 15 13 12 11 11 14 16 18 15 13 12 11 11 11 12 14 6 6 7 12 57 66 64 107 133
24 24 41 41 41 39 37 34 33 34 36 35 33 32 31 32 32 32 32 31 33 32 31 31 31 30 30 30 29 28 28 31 26 26 24 28 34 34 28 27 26 31 29 28 31 33 29 26 22 19 16 13 12 11 10 10 12 12 13 14 13 13 11 11 11 4 5 5 5 5 15 58 61 42 140 137
27 27 41 41 41 40 36 35 34 35 35 35 32 32 31 33 32 32 34 33 32 31 31 31 31 30 29 31 30 28 28 31 28 28 26 28 34 37 33 29 28 29 28 29 29 31 29 26 22 17 14 13 11 10 9 9 10 10 12 12 13 11 10 3 2 3 5 5 6 7 13 34 28 27 128 103
40 39 39 44 43 40 37 35 34 34 36 35 34 34 34 34 33 32 34 34 34 33 32 31 31 30 30 31 31 30 31 31 29 30 27 27 28 31 35 33 30 29 27 28 28 30 27 25 21 17 13 13 12 10 10 10 10 11 12 12 11 10 3 4 5 4 5 6 8 11 11 10 15 22 66 75
38 36 35 40 41 38 37 36 35 37 39 37 36 35 35 34 33 33 34 33 33 33 33 33 32 32 33 32 32 32 32 31 29 28 29 26 27 32 40 36 34 27 26 26 28 31 27 24 20 17 14 13 13 11 10 4 11 10 10 9 9 3 4 11 11 6 6 12 14 12 7 9 9 17 32 41
35 35 35 34 37 38 37 38 38 42 42 39 37 37 37 36 34 33 36 34 34 33 33 33 32 33 33 33 34 33 30 30 29 29 28 27 34 41 40 30 28 26 25 25 29 30 28 25 20 18 15 14 14 13 5 12 11 10 8 7 7 3 4 9 7 3 5 16 19 9 7 10 11 15 18 26
37 36 34 34 36 38 40 38 40 41 40 39 38 38 37 37 37 35 36 37 35 34 35 33 34 34 34 34 34 33 33 32 33 29 30 30 36 39 40 31 26 24 23 23 26 25 25 25 22 20 18 16 15 7 7 14 13 11 10 8 3 3 3 4 3 3 3 9 14 8 7 9 13 16 19 22
37 35 38 36 37 38 40 41 41 43 18 39 39 38 38 36 38 36 36 37 36 35 37 36 36 35 35 36 37 35 34 34 35 31 31 33 35 37 38 28 25 22 21 20 20 23 24 25 24 22 21 10 9 9 8 14 14 13 10 5 4 3 3 2 4 5 3 8 11 8 6 8 8 10 14 20
37 34 42 42 40 41 41 40 41 42 42 40 39 38 37 37 36 36 37 38 38 38 38 38 37 37 39 38 37 36 35 35 34 33 33 37 38 37 36 26 24 23 21 21 24 24 26 28 26 23 22 12 12 10 9 9 9 12 6 5 5 4 3 3 3 4 4 8 11 7 6 3 4 6 9 13
36 34 47 29 26 40 40 40 42 43 41 42 40 38 38 38 37 37 39 38 38 39 40 38 38 42 41 40 38 37 36 35 36 37 39 42 41 41 33 26 25 24 23 26 28 27 29 30 13 27 24 14 12 11 10 8 8 13 5 5 5 5 5 5 4 4 3 6 7 7 7 5 4 6 9 12
34 32 30 26 26 43 42 44 42 42 42 41 39 40 39 40 38 39 40 39 40 41 41 42 42 42 41 40 41 38 37 36 39 40 40 39 38 39 34 28 26 27 26 28 31 31 32 33 14 14 13 14 14 11 10 9 7 6 5 6 6 5 5 5 4 5 3 5 8 8 7 6 8 7 10 17
30 29 27 25 25 24 43 45 43 42 42 41 40 40 42 41 39 40 42 42 42 42 44 44 44 44 43 43 42 41 40 39 39 38 37 36 37 39 32 30 29 32 32 31 33 37 13 13 14 13 15 14 12 10 9 8 6 5 5 6 7 7 5 6 4 4 6 8 11 12 11 12 16 18 18 30
26 26 24 23 23 23 47 48 47 44 41 43 42 42 42 43 43 43 43 44 45 45 48 48 47 46 46 46 44 42 42 41 41 40 38 39 38 41 34 32 31 33 18 18 33 38 15 13 14 15 14 13 12 9 8 7 4 4 5 6 6 6 6 4 3 4 13 11 12 16 15 15 19 24 27 33
23 23 23 21 22 22 47 48 48 44 43 43 42 44 43 43 43 44 44 45 46 47 50 49 49 48 49 48 46 46 46 44 42 43 40 40 41 41 38 34 35 36 20 34 36 36 16 15 15 15 13 12 11 10 7 7 17 4 5 5 5 5 6 5 5 4 10 14 14 15 14 14 19 28 34 37
22 22 21 22 22 22 23 46 45 44 42 43 43 44 45 45 46 46 46 47 48 50 53 51 51 53 52 52 51 52 50 47 46 50 50 47 44 42 39 36 20 34 33 31 32 32 35 34 16 13 13 12 23 10 21 18 17 15 8 7 5 5 6 6 5 4 17 14 13 14 15 15 19 26 32 36
22 22 22 22 22 22 23 47 47 45 45 45 45 44 46 47 49 48 48 48 50 51 53 56 55 55 54 54 54 56 56 53 52 52 53 50 47 42 40 20 20 36 36 37 38 33 19 17 28 15 14 13 12 10 9 20 20 10 10 7 5 5 6 6 6 7 17 18 16 14 15 15 21 26 29 41
25 24 23 23 23 25 51 49 47 47 46 48 49 48 48 49 49 49 50 50 51 53 56 57 58 57 57 56 57 59 60 56 52 51 51 48 43 40 38 38 38 37 21 23 23 35 20 18 17 16 14 13 11 12 25 26 23 14 12 8 6 5 7 8 9 10 19 20 18 14 15 18 22 25 30 36
26 25 25 26 25 28 52 51 49 49 49 49 49 51 52 50 51 52 52 53 54 57 58 58 60 60 58 59 59 60 59 56 53 48 43 41 38 39 40 38 39 39 39 24 23 34 19 17 16 27 15 14 12 27 31 29 17 16 11 6 6 7 8 11 13 16 23 26 23 12 15 18 21 26 30 39
29 29 29 30 59 59 55 54 54 52 53 50 51 53 52 54 54 54 54 57 58 59 61 62 61 61 61 61 61 62 60 56 50 46 41 36 37 38 39 39 39 40 39 24 23 22 32 29 17 15 15 13 13 27 31 20 20 16 11 8 6 8 9 16 15 17 28 30 23 13 17 16 19 24 29 39
32 31 32 67 65 63 61 60 61 60 56 55 55 55 55 57 58 57 56 60 59 62 62 63 61 60 60 62 60 62 59 55 51 47 42 38 37 39 39 40 43 43 41 38 39 23 21 19 17 16 16 14 13 27 18 18 20 15 11 10 8 8 9 15 15 18 25 28 23 16 18 17 16 23 28 33
35 72 70 70 68 65 63 62 62 61 62 61 58 58 60 60 60 59 60 60 62 64 63 63 61 60 60 59 59 59 58 55 50 48 45 41 39 40 42 41 44 45 42 38 37 36 21 18 18 17 17 15 16 26 17 15 15 14 14 12 9 8 9 14 15 18 18 22 17 16 18 18 15 19 28 44
79 78 75 73 72 68 68 68 66 65 65 63 63 62 63 61 64 63 62 63 62 63 64 64 61 61 63 61 56 57 59 56 52 49 46 43 43 45 45 41 45 45 41 39 35 34 34 19 18 17 17 16 17 17 20 18 17 18 18 15 11 9 12 14 16 20 17 19 19 18 14 15 24 32 38 52
