data/layers/Current/bio15.asc
NCOLS 494 
NROWS 529 
XLLCORNER -117.166666666667 
YLLCORNER -55.5 
CELLSIZE 0.166666666666667 
NODATA_value -3.4e+38 
[rows 322 to 344 of 529, columns 416 to 467 of 494]
74.2557220458984 73.7120590209961 73.9449081420898 75.060546875 75.178825378418 75.2535781860352 74.9638595581055 74.9889450073242 74.15673828125 73.716552734375 74.3417510986328 74.9777145385742 75.2074813842773 75.0857391357422 76.3714904785156 77.2725372314453 79.2759323120117 81.6215896606445 83.7237243652344 83.4967880249023 83.4385147094727 82.4990158081055 81.4076461791992 80.6716766357422 78.5097503662109 77.9360122680664 79.1392669677734 79.3298492431641 79.498908996582 81.5204544067383 80.4189758300781 77.1211776733398 77.4065704345703 75.4069366455078 73.4159240722656 72.3720855712891 69.0979919433594 66.3048629760742 63.0403442382812 58.9499855041504 55.0734786987305 51.5061454772949 50.801383972168 -3.4e+38 -3.4e+38 -3.4e+38 -3.4e+38 -3.4e+38 -3.4e+38 -3.4e+38 -3.4e+38 -3.4e+38
71.5808181762695 71.6029891967773 72.7082290649414 73.4613494873047 74.6721725463867 76.4130096435547 76.3214111328125 74.1187515258789 73.6681213378906 73.1437530517578 73.3802032470703 74.058952331543 74.0579147338867 74.4230804443359 75.3803787231445 76.474983215332 77.9139175415039 79.5670166015625 81.5334243774414 82.2297210693359 82.3678970336914 81.8471374511719 81.1554794311523 80.2666244506836 78.3597717285156 78.0468063354492 80.4863128662109 81.0995101928711 82.0406188964844 82.0896301269531 80.0671310424805 78.7438583374023 76.6101303100586 74.6331405639648 72.9523239135742 70.7937316894531 68.0262145996094 65.0858459472656 61.7055702209473 57.5333633422852 52.4663619995117 50.3587188720703 -3.4e+38 -3.4e+38 -3.4e+38 -3.4e+38 -3.4e+38 -3.4e+38 -3.4e+38 -3.4e+38 -3.4e+38 -3.4e+38
71.1611099243164 69.9260025024414 71.7621536254883 74.0926666259766 76.3817443847656 77.1008377075195 77.307991027832 75.0817565917969 73.6752090454102 73.4386672973633 73.4758911132812 73.5029983520508 73.4876937866211 74.2068176269531 75.6909332275391 76.7932968139648 78.5621337890625 79.7340621948242 81.1337127685547 81.0160522460938 81.0719375610352 81.0832824707031 80.2085800170898 79.3306655883789 77.6503219604492 79.4286727905273 80.0941848754883 81.4668579101562 81.8779525756836 80.3528213500977 81.1730117797852 79.4442977905273 76.9596862792969 74.55322265625 71.9741516113281 69.2224884033203 66.5147399902344 63.4739723205566 59.8464050292969 55.6357727050781 50.8532447814941 49.3093795776367 -3.4e+38 -3.4e+38 -3.4e+38 -3.4e+38 -3.4e+38 -3.4e+38 -3.4e+38 -3.4e+38 -3.4e+38 -3.4e+38
72.0456466674805 71.5357437133789 73.0138931274414 74.3842315673828 76.017333984375 76.4197845458984 76.3463592529297 76.0661392211914 74.6234741210938 73.4652786254883 72.9853286743164 72.4806976318359 73.3510665893555 75.118034362793 76.8263931274414 78.7838821411133 79.5989379882812 79.955940246582 80.3335647583008 79.626579284668 79.9481887817383 80.2643051147461 79.9398193359375 78.6383209228516 79.2586975097656 79.7088241577148 79.4066467285156 79.899284362793 81.0380706787109 80.6129684448242 79.7929992675781 78.2406005859375 76.1466827392578 73.9613189697266 71.1074447631836 68.4797210693359 65.485237121582 62.2061882019043 58.7559547424316 53.9523048400879 49.4528923034668 -3.4e+38 -3.4e+38 -3.4e+38 -3.4e+38 -3.4e+38 -3.4e+38 -3.4e+38 -3.4e+38 -3.4e+38 -3.4e+38 -3.4e+38
73.7391662597656 74.1756134033203 75.6589508056641 75.6461486816406 75.0114898681641 74.2973480224609 74.095832824707 73.4420776367188 73.1411819458008 72.6708221435547 72.1403350830078 72.0209350585938 73.4081878662109 75.5145263671875 78.4496917724609 80.1273727416992 79.9127044677734 79.4676132202148 79.2399368286133 78.91552734375 79.0142440795898 79.1958389282227 78.7311172485352 77.7957153320312 78.0514755249023 77.7598190307617 77.4204330444336 77.9351959228516 79.2236633300781 78.7274551391602 78.6178894042969 77.3310852050781 75.0127182006836 72.8878173828125 70.5017929077148 66.7367553710938 62.1895866394043 59.8971061706543 56.8034820556641 51.5803489685059 46.3364715576172 -3.4e+38 -3.4e+38 -3.4e+38 -3.4e+38 -3.4e+38 -3.4e+38 -3.4e+38 -3.4e+38 -3.4e+38 -3.4e+38 -3.4e+38
72.1709823608398 75.0841674804688 76.0252990722656 76.044548034668 75.0168151855469 73.253059387207 72.4051742553711 73.2743530273438 72.3454895019531 72.0447769165039 71.5587921142578 71.4386825561523 73.119758605957 75.376838684082 78.0027694702148 79.6374053955078 78.5265045166016 78.8979263305664 78.7090530395508 78.0889053344727 78.1923370361328 78.1733245849609 76.9844284057617 76.7563629150391 76.2483596801758 76.0921478271484 76.3990249633789 75.7569122314453 76.9081497192383 76.6904067993164 77.0156478881836 75.9969711303711 73.8410720825195 70.9235916137695 67.8256759643555 63.4686279296875 60.1983909606934 56.2868423461914 52.1488990783691 47.279670715332 44.4621620178223 45.3404235839844 -3.4e+38 -3.4e+38 -3.4e+38 -3.4e+38 -3.4e+38 -3.4e+38 -3.4e+38 -3.4e+38 -3.4e+38 -3.4e+38
70.5564651489258 73.4825592041016 75.0596694946289 75.1457366943359 75.0305786132812 73.8799743652344 71.7233505249023 71.4998779296875 71.2490386962891 70.9567718505859 70.6253662109375 70.8429641723633 72.6556854248047 74.3395004272461 75.4618530273438 76.598388671875 76.4528427124023 77.5468215942383 76.1002044677734 75.6809921264648 76.2224044799805 75.8444137573242 77.1899642944336 76.7629852294922 76.5273971557617 73.6771469116211 71.5512924194336 70.9822082519531 71.7300186157227 72.8927154541016 72.6470642089844 72.7556915283203 71.6685028076172 68.6948471069336 65.1267623901367 61.1295776367188 56.2186164855957 51.708251953125 48.657958984375 44.2855186462402 44.6326560974121 45.9326858520508 -3.4e+38 -3.4e+38 -3.4e+38 -3.4e+38 -3.4e+38 -3.4e+38 -3.4e+38 -3.4e+38 -3.4e+38 -3.4e+38
72.2822799682617 73.8477630615234 74.2154922485352 74.4499130249023 74.5428619384766 74.3784942626953 72.4981689453125 70.8380966186523 70.4593124389648 69.9731674194336 69.6299133300781 70.3731231689453 71.8732604980469 73.2115631103516 73.996208190918 73.6949310302734 75.8271636962891 77.9482040405273 74.6363372802734 74.5457992553711 76.0941696166992 77.3663864135742 76.6814422607422 74.7644424438477 72.1352996826172 68.1312484741211 65.4198837280273 64.6931533813477 65.6630401611328 68.0663986206055 68.3094635009766 68.5094299316406 68.5099334716797 65.1150512695312 62.0883255004883 56.1371726989746 51.5298500061035 48.9749488830566 47.2124633789062 -3.4e+38 -3.4e+38 -3.4e+38 -3.4e+38 -3.4e+38 -3.4e+38 -3.4e+38 -3.4e+38 -3.4e+38 -3.4e+38 -3.4e+38 -3.4e+38 -3.4e+38
72.7965240478516 73.1271133422852 73.2025985717773 73.1710510253906 73.0859222412109 73.5439376831055 72.4056091308594 69.8152236938477 69.2964630126953 68.6718139648438 68.2613372802734 69.5843048095703 71.0106430053711 72.6403503417969 73.8646697998047 72.1201858520508 72.8262100219727 74.1487884521484 72.2236709594727 72.9880218505859 76.1203765869141 76.1378784179688 74.3480377197266 71.2433624267578 67.7614898681641 63.9188003540039 60.9917526245117 59.4320907592773 61.1197280883789 64.360221862793 64.5186462402344 65.5711364746094 65.3412246704102 62.1536903381348 55.9667320251465 51.6174659729004 49.1133651733398 -3.4e+38 -3.4e+38 -3.4e+38 -3.4e+38 -3.4e+38 -3.4e+38 -3.4e+38 -3.4e+38 -3.4e+38 -3.4e+38 -3.4e+38 -3.4e+38 -3.4e+38 -3.4e+38 -3.4e+38
71.9369812011719 71.5000915527344 72.5264129638672 72.4143218994141 71.2297668457031 69.3964920043945 67.8892974853516 67.7837753295898 68.1126251220703 68.3250503540039 67.7874755859375 67.5474395751953 68.9702911376953 68.323112487793 69.4097747802734 70.1282958984375 72.2038726806641 73.4874420166016 73.3537368774414 73.5322113037109 74.8156356811523 74.1769332885742 71.1990051269531 66.7770843505859 61.2890586853027 56.329704284668 54.6879730224609 54.0119857788086 56.9050254821777 58.4237670898438 59.9138526916504 61.1464881896973 56.8118782043457 54.2298202514648 50.7594871520996 49.7661628723145 -3.4e+38 -3.4e+38 -3.4e+38 -3.4e+38 -3.4e+38 -3.4e+38 -3.4e+38 -3.4e+38 -3.4e+38 -3.4e+38 -3.4e+38 -3.4e+38 -3.4e+38 -3.4e+38 -3.4e+38 -3.4e+38
70.4383316040039 70.7306671142578 71.2133712768555 71.2161254882812 69.2879943847656 67.1443862915039 64.7144393920898 65.2177658081055 66.9701614379883 67.7378540039062 67.217887878418 65.9253463745117 66.7117309570312 65.1863403320312 68.0448760986328 72.8414154052734 71.5239028930664 72.5209426879883 70.6289215087891 69.6244964599609 69.141227722168 69.2432556152344 68.7732620239258 64.0815353393555 53.8710632324219 51.1491470336914 48.9388885498047 48.017993927002 54.3133964538574 57.8617286682129 60.0602035522461 57.9606628417969 53.949520111084 51.1210174560547 48.3297958374023 45.7113227844238 37.0027122497559 -3.4e+38 -3.4e+38 -3.4e+38 -3.4e+38 -3.4e+38 -3.4e+38 -3.4e+38 -3.4e+38 -3.4e+38 -3.4e+38 -3.4e+38 -3.4e+38 -3.4e+38 -3.4e+38 -3.4e+38
68.9599990844727 68.9491195678711 68.8380889892578 68.0712432861328 67.2428436279297 66.6366653442383 63.1895446777344 62.8338012695312 65.7222061157227 67.0279235839844 66.041259765625 64.8634567260742 65.1849746704102 67.7312622070312 69.7655563354492 70.702262878418 71.5136184692383 72.1749420166016 69.7918167114258 64.9555969238281 61.2397499084473 59.8443603515625 59.4546966552734 58.9246597290039 49.8630142211914 48.6262817382812 47.4797668457031 49.6736373901367 60.4211654663086 63.0077514648438 61.2665710449219 56.4267044067383 52.7534942626953 49.9969863891602 47.2353668212891 45.7421798706055 -3.4e+38 -3.4e+38 -3.4e+38 -3.4e+38 -3.4e+38 -3.4e+38 -3.4e+38 -3.4e+38 -3.4e+38 -3.4e+38 -3.4e+38 -3.4e+38 -3.4e+38 -3.4e+38 -3.4e+38 -3.4e+38
66.3713455200195 66.8171463012695 65.9984664916992 65.2251510620117 66.4401092529297 66.6962738037109 63.7028198242188 63.9390029907227 65.1228485107422 65.0754699707031 65.0766220092773 66.0044937133789 66.818977355957 67.978271484375 68.7019119262695 68.3037643432617 68.8371353149414 68.4465103149414 58.398365020752 51.2897796630859 49.1110229492188 51.2981071472168 51.3050727844238 47.0775756835938 46.3125801086426 46.418571472168 44.5999412536621 45.9212608337402 46.9157600402832 57.8954582214355 -3.4e+38 -3.4e+38 -3.4e+38 -3.4e+38 45.6649436950684 44.9657592773438 -3.4e+38 -3.4e+38 -3.4e+38 -3.4e+38 -3.4e+38 -3.4e+38 -3.4e+38 -3.4e+38 -3.4e+38 -3.4e+38 -3.4e+38 -3.4e+38 -3.4e+38 -3.4e+38 -3.4e+38 -3.4e+38
64.0126037597656 64.0743179321289 63.1587524414062 63.1260147094727 65.1753387451172 64.6235275268555 64.3007202148438 64.3827743530273 63.9277267456055 63.3713455200195 63.9142646789551 64.4973068237305 66.4218368530273 65.6040191650391 65.8120880126953 64.3192291259766 62.9543609619141 55.5794715881348 48.6178894042969 45.2760124206543 47.0895881652832 49.239559173584 48.2249221801758 -3.4e+38 -3.4e+38 -3.4e+38 -3.4e+38 -3.4e+38 -3.4e+38 -3.4e+38 -3.4e+38 -3.4e+38 -3.4e+38 -3.4e+38 -3.4e+38 -3.4e+38 -3.4e+38 -3.4e+38 -3.4e+38 -3.4e+38 -3.4e+38 -3.4e+38 -3.4e+38 -3.4e+38 -3.4e+38 -3.4e+38 -3.4e+38 -3.4e+38 -3.4e+38 -3.4e+38 -3.4e+38 -3.4e+38
61.4531021118164 61.9407539367676 62.227352142334 62.3180084228516 61.7856788635254 62.073299407959 62.570182800293 61.3098754882812 59.5194320678711 57.840274810791 56.6075973510742 57.3606834411621 59.1048202514648 61.6918106079102 61.8115501403809 57.8197555541992 48.1537132263184 43.5719871520996 43.6374893188477 42.2375259399414 -3.4e+38 -3.4e+38 -3.4e+38 -3.4e+38 -3.4e+38 -3.4e+38 -3.4e+38 -3.4e+38 -3.4e+38 -3.4e+38 -3.4e+38 -3.4e+38 -3.4e+38 -3.4e+38 -3.4e+38 -3.4e+38 -3.4e+38 -3.4e+38 -3.4e+38 -3.4e+38 -3.4e+38 -3.4e+38 -3.4e+38 -3.4e+38 -3.4e+38 -3.4e+38 -3.4e+38 -3.4e+38 -3.4e+38 -3.4e+38 -3.4e+38 -3.4e+38
57.6061820983887 58.1211814880371 59.2051773071289 59.0458946228027 59.3585090637207 59.3636054992676 60.4557456970215 58.5632629394531 52.9653625488281 50.9404067993164 47.9600563049316 47.1614952087402 50.6364707946777 51.3529396057129 49.0195655822754 45.2605514526367 42.3663368225098 -3.4e+38 -3.4e+38 -3.4e+38 -3.4e+38 -3.4e+38 -3.4e+38 -3.4e+38 -3.4e+38 -3.4e+38 -3.4e+38 -3.4e+38 -3.4e+38 -3.4e+38 -3.4e+38 -3.4e+38 -3.4e+38 -3.4e+38 -3.4e+38 -3.4e+38 -3.4e+38 -3.4e+38 -3.4e+38 -3.4e+38 -3.4e+38 -3.4e+38 -3.4e+38 -3.4e+38 -3.4e+38 -3.4e+38 -3.4e+38 -3.4e+38 -3.4e+38 -3.4e+38 -3.4e+38 -3.4e+38
54.7197875976562 54.4223022460938 54.3926887512207 54.5874290466309 54.8772926330566 54.1053733825684 52.1199188232422 49.0928077697754 42.7237548828125 40.4383010864258 37.9929962158203 37.6478385925293 40.1070594787598 41.3708457946777 40.5962944030762 43.6113548278809 40.2431030273438 -3.4e+38 -3.4e+38 -3.4e+38 -3.4e+38 -3.4e+38 -3.4e+38 -3.4e+38 -3.4e+38 -3.4e+38 -3.4e+38 -3.4e+38 -3.4e+38 -3.4e+38 -3.4e+38 -3.4e+38 -3.4e+38 -3.4e+38 -3.4e+38 -3.4e+38 -3.4e+38 -3.4e+38 -3.4e+38 -3.4e+38 -3.4e+38 -3.4e+38 -3.4e+38 -3.4e+38 -3.4e+38 -3.4e+38 -3.4e+38 -3.4e+38 -3.4e+38 -3.4e+38 -3.4e+38 -3.4e+38
49.7976417541504 48.0810241699219 47.9346504211426 49.213077545166 50.7114028930664 48.1310844421387 43.4863128662109 39.615421295166 39.407470703125 36.7089653015137 35.9345092773438 -3.4e+38 34.6843376159668 36.6492691040039 40.9434776306152 39.4873085021973 -3.4e+38 -3.4e+38 -3.4e+38 -3.4e+38 -3.4e+38 -3.4e+38 -3.4e+38 -3.4e+38 -3.4e+38 -3.4e+38 -3.4e+38 -3.4e+38 -3.4e+38 -3.4e+38 -3.4e+38 -3.4e+38 -3.4e+38 -3.4e+38 -3.4e+38 -3.4e+38 -3.4e+38 -3.4e+38 -3.4e+38 -3.4e+38 -3.4e+38 -3.4e+38 -3.4e+38 -3.4e+38 -3.4e+38 -3.4e+38 -3.4e+38 -3.4e+38 -3.4e+38 -3.4e+38 -3.4e+38 -3.4e+38
46.3901519775391 45.2316131591797 45.2310600280762 46.4173049926758 45.8036499023438 44.1614265441895 41.4801445007324 39.1626853942871 39.4986152648926 36.1662063598633 -3.4e+38 -3.4e+38 35.8064002990723 -3.4e+38 -3.4e+38 -3.4e+38 -3.4e+38 -3.4e+38 -3.4e+38 -3.4e+38 -3.4e+38 -3.4e+38 -3.4e+38 -3.4e+38 -3.4e+38 -3.4e+38 -3.4e+38 -3.4e+38 -3.4e+38 -3.4e+38 -3.4e+38 -3.4e+38 -3.4e+38 -3.4e+38 -3.4e+38 -3.4e+38 -3.4e+38 -3.4e+38 -3.4e+38 -3.4e+38 -3.4e+38 -3.4e+38 -3.4e+38 -3.4e+38 -3.4e+38 -3.4e+38 -3.4e+38 -3.4e+38 -3.4e+38 -3.4e+38 -3.4e+38 -3.4e+38
47.8513336181641 46.3154754638672 44.5797004699707 45.4284324645996 45.356029510498 45.1421585083008 42.7511367797852 -3.4e+38 -3.4e+38 -3.4e+38 -3.4e+38 -3.4e+38 -3.4e+38 -3.4e+38 -3.4e+38 -3.4e+38 -3.4e+38 -3.4e+38 -3.4e+38 -3.4e+38 -3.4e+38 -3.4e+38 -3.4e+38 -3.4e+38 -3.4e+38 -3.4e+38 -3.4e+38 -3.4e+38 -3.4e+38 -3.4e+38 -3.4e+38 -3.4e+38 -3.4e+38 -3.4e+38 -3.4e+38 -3.4e+38 -3.4e+38 -3.4e+38 -3.4e+38 -3.4e+38 -3.4e+38 -3.4e+38 -3.4e+38 -3.4e+38 -3.4e+38 -3.4e+38 -3.4e+38 -3.4e+38 -3.4e+38 -3.4e+38 -3.4e+38 -3.4e+38
46.9993782043457 43.5771675109863 42.040901184082 41.9386787414551 42.7472953796387 45.3037338256836 -3.4e+38 -3.4e+38 -3.4e+38 -3.4e+38 -3.4e+38 -3.4e+38 -3.4e+38 -3.4e+38 -3.4e+38 -3.4e+38 -3.4e+38 -3.4e+38 -3.4e+38 -3.4e+38 -3.4e+38 -3.4e+38 -3.4e+38 -3.4e+38 -3.4e+38 -3.4e+38 -3.4e+38 -3.4e+38 -3.4e+38 -3.4e+38 -3.4e+38 -3.4e+38 -3.4e+38 -3.4e+38 -3.4e+38 -3.4e+38 -3.4e+38 -3.4e+38 -3.4e+38 -3.4e+38 -3.4e+38 -3.4e+38 -3.4e+38 -3.4e+38 -3.4e+38 -3.4e+38 -3.4e+38 -3.4e+38 -3.4e+38 -3.4e+38 -3.4e+38 -3.4e+38
44.6223068237305 40.1464309692383 38.6870155334473 39.5533638000488 42.0682678222656 -3.4e+38 -3.4e+38 -3.4e+38 -3.4e+38 -3.4e+38 -3.4e+38 -3.4e+38 -3.4e+38 -3.4e+38 -3.4e+38 -3.4e+38 -3.4e+38 -3.4e+38 -3.4e+38 -3.4e+38 -3.4e+38 -3.4e+38 -3.4e+38 -3.4e+38 -3.4e+38 -3.4e+38 -3.4e+38 -3.4e+38 -3.4e+38 -3.4e+38 -3.4e+38 -3.4e+38 -3.4e+38 -3.4e+38 -3.4e+38 -3.4e+38 -3.4e+38 -3.4e+38 -3.4e+38 -3.4e+38 -3.4e+38 -3.4e+38 -3.4e+38 -3.4e+38 -3.4e+38 -3.4e+38 -3.4e+38 -3.4e+38 -3.4e+38 -3.4e+38 -3.4e+38 -3.4e+38
43.1414413452148 38.8989067077637 37.193546295166 -3.4e+38 -3.4e+38 -3.4e+38 -3.4e+38 -3.4e+38 -3.4e+38 -3.4e+38 -3.4e+38 -3.4e+38 -3.4e+38 -3.4e+38 -3.4e+38 -3.4e+38 -3.4e+38 -3.4e+38 -3.4e+38 -3.4e+38 -3.4e+38 -3.4e+38 -3.4e+38 -3.4e+38 -3.4e+38 -3.4e+38 -3.4e+38 -3.4e+38 -3.4e+38 -3.4e+38 -3.4e+38 -3.4e+38 -3.4e+38 -3.4e+38 -3.4e+38 -3.4e+38 -3.4e+38 -3.4e+38 -3.4e+38 -3.4e+38 -3.4e+38 -3.4e+38 -3.4e+38 -3.4e+38 -3.4e+38 -3.4e+38 -3.4e+38 -3.4e+38 -3.4e+38 -3.4e+38 -3.4e+38 -3.4e+38
