data/layers/Current/bio17.asc
NCOLS 494 
NROWS 529 
XLLCORNER -117.166666666667 
YLLCORNER -55.5 
CELLSIZE 0.166666666666667 
NODATA_value -3.4e+38 
[rows 374 to 407 of 529, columns 304 to 379 of 494]
14 17 19 15 15 17 17 21 32 39 35 23 23 25 29 35 39 45 46 47 49 50 52 52 53 57 57 60 63 64 68 72 78 82 88 92 98 101 105 106 110 115 117 123 130 138 145 155 164 174 186 200 212 225 239 252 265 274 283 292 305 319 333 349 364 374 382 381 384 386 389 390 392 395 398 400
14 16 35 16 17 21 25 30 42 64 72 21 22 27 32 36 42 48 49 49 50 50 53 53 55 57 57 60 63 66 71 75 78 82 87 93 97 103 106 109 110 114 115 122 130 138 148 158 168 176 187 200 214 224 236 250 261 272 281 291 303 316 331 348 359 368 375 374 375 378 383 386 387 390 390 392
15 16 22 18 20 48 51 58 65 71 56 22 22 26 31 35 43 46 47 48 51 52 53 55 70 76 59 61 65 67 72 76 78 81 87 92 98 102 106 110 112 114 116 122 131 141 150 160 171 180 190 202 215 227 238 247 259 266 275 286 298 312 326 339 350 361 366 369 369 372 375 377 380 381 383 382
17 18 19 20 20 37 59 50 29 21 20 20 22 27 31 35 41 46 46 48 51 59 65 60 57 67 61 62 65 69 73 78 81 84 88 93 98 103 106 113 115 119 123 128 136 145 154 162 172 183 192 204 214 226 235 242 250 259 270 280 291 304 317 330 342 349 359 363 364 365 369 371 373 372 373 375
18 20 21 22 22 33 38 23 23 22 23 23 25 30 31 36 40 45 47 56 60 58 54 50 52 57 60 63 67 72 75 78 81 83 88 93 99 104 110 126 119 125 128 133 139 146 156 165 176 186 195 204 213 221 232 238 247 253 263 272 283 295 309 324 334 341 348 351 355 360 363 365 367 366 366 369
17 22 24 24 24 26 24 25 26 24 26 26 30 31 32 35 39 42 45 53 52 50 51 54 55 58 62 64 68 72 77 80 83 85 90 95 102 106 112 119 127 128 130 136 141 149 157 168 179 189 195 203 213 221 231 239 245 250 259 269 281 291 300 314 326 336 339 342 349 355 357 359 360 361 360 362
19 23 25 27 27 29 28 29 29 28 27 29 34 31 34 36 38 43 45 47 50 52 53 55 58 59 62 65 69 73 77 80 84 86 92 98 104 109 114 125 126 131 134 139 145 151 158 169 180 188 195 204 214 224 231 239 245 251 258 267 279 285 293 306 320 332 343 345 348 352 353 353 355 354 358 355
21 25 28 29 30 31 32 34 34 34 33 33 35 33 34 35 37 41 45 47 49 52 52 56 59 60 64 66 69 73 76 80 85 87 92 98 104 109 116 138 127 130 135 139 145 154 162 171 180 187 197 207 214 224 232 238 246 252 259 267 277 285 290 301 313 327 335 345 349 350 350 350 351 349 348 347
24 27 30 33 34 34 37 40 40 39 40 39 35 35 34 35 37 40 43 45 48 51 54 58 61 62 65 68 70 74 77 81 85 89 94 100 105 110 122 121 125 129 134 139 147 155 163 172 181 188 197 207 215 223 232 238 244 252 258 266 273 280 291 303 311 320 326 337 343 348 347 343 344 345 341 340
25 30 33 36 38 38 41 45 43 41 41 38 36 34 34 35 38 39 41 45 50 52 55 59 62 65 68 69 71 75 80 83 88 91 96 102 106 111 116 120 125 130 135 140 147 156 164 173 182 188 197 206 214 223 232 238 246 252 260 266 271 280 294 304 310 317 323 330 337 346 342 338 337 335 332 332
28 32 34 38 41 44 44 47 45 39 41 39 37 34 33 34 37 39 42 45 48 52 55 60 63 67 69 71 73 77 82 85 89 93 99 103 106 113 112 117 123 130 136 141 148 156 165 174 182 189 199 207 214 221 230 239 246 250 257 266 270 280 294 303 308 313 319 326 335 342 338 333 329 326 322 321
28 33 38 41 44 48 50 52 48 39 38 41 37 34 33 35 37 40 43 46 50 53 56 60 64 67 68 72 75 79 82 86 91 94 100 105 107 110 113 116 122 130 135 143 149 158 165 173 180 190 198 206 214 223 233 240 246 253 261 265 274 284 294 302 309 312 319 326 335 335 329 326 321 319 317 315
30 34 38 44 49 53 57 62 55 45 39 42 37 36 35 36 37 41 44 46 50 53 57 61 64 68 70 73 77 80 83 85 90 94 100 102 107 112 114 118 124 130 135 141 148 157 166 175 183 192 199 207 215 224 233 242 248 255 262 268 276 286 294 298 304 311 315 322 327 325 324 319 315 313 312 307
31 35 40 44 49 56 61 68 65 44 46 45 39 38 37 37 39 42 44 48 51 54 58 61 65 70 72 75 79 81 84 89 92 99 112 104 109 111 116 120 127 131 137 144 150 160 169 178 185 195 202 208 215 225 235 241 247 254 262 268 277 286 296 297 304 308 313 316 319 318 316 312 309 308 304 302
32 37 41 46 51 56 60 67 64 45 49 45 40 38 40 39 40 42 45 47 50 55 58 63 66 69 72 77 79 83 86 90 94 101 107 106 109 114 117 123 127 135 139 145 154 163 173 180 190 199 203 212 222 233 240 245 249 255 262 271 278 286 296 297 303 305 308 310 311 312 310 308 305 302 299 297
33 38 44 49 53 56 60 62 59 46 48 45 40 40 42 42 42 43 44 46 51 55 60 64 68 71 73 76 78 82 87 92 95 102 110 106 111 113 119 125 130 137 144 150 157 166 176 186 196 204 206 213 224 238 247 249 253 260 266 273 277 286 294 292 294 299 301 304 306 306 305 305 303 298 295 297
33 39 45 48 51 52 55 58 56 48 48 46 45 43 43 43 44 46 45 49 53 57 62 67 69 71 75 78 80 85 88 92 97 101 106 110 112 115 119 126 132 137 144 153 158 166 176 187 196 204 211 216 230 242 249 254 257 263 267 271 276 283 286 284 286 292 296 299 301 302 302 303 300 295 293 295
33 38 43 41 47 49 53 55 53 49 48 47 48 45 44 46 46 47 48 51 53 59 65 68 70 72 74 78 82 85 89 92 98 100 105 110 126 119 122 126 132 139 147 153 160 165 173 182 193 200 215 223 237 247 254 258 262 266 269 273 277 281 270 271 279 288 293 296 299 302 302 303 301 299 295 292
32 35 42 40 43 47 51 53 51 51 48 50 49 48 48 48 48 49 51 51 55 60 66 70 72 74 77 79 82 86 91 93 96 102 104 108 112 119 138 133 136 143 149 156 159 164 168 177 190 199 212 222 241 253 256 260 264 269 272 276 281 280 270 273 281 287 291 296 300 302 306 306 305 299 296 291
31 31 36 39 43 47 51 52 50 50 49 51 51 51 51 52 52 51 53 54 58 62 66 69 72 75 76 79 82 86 91 95 97 98 102 105 112 121 127 134 139 147 154 159 161 162 163 168 178 189 204 219 236 249 254 259 266 271 278 283 284 285 280 281 284 288 292 296 302 304 306 306 304 303 296 291
29 31 36 38 42 46 49 50 48 48 50 50 53 53 52 53 53 54 54 57 59 62 67 70 74 74 77 81 83 88 91 95 96 97 101 104 109 117 128 136 145 154 161 165 165 162 160 161 170 181 196 213 229 241 251 265 268 275 280 285 289 290 288 287 289 292 295 298 302 304 304 306 305 304 297 292
30 31 37 38 41 41 47 50 49 50 50 51 53 53 53 54 54 55 57 58 61 63 68 70 73 76 77 80 84 88 91 95 97 99 101 105 108 114 123 139 149 164 171 173 170 165 163 162 163 173 189 205 223 236 249 260 270 279 288 293 294 294 293 292 292 294 297 299 303 304 304 306 307 303 297 291
29 31 36 38 39 41 46 47 49 50 51 51 52 54 53 53 54 56 57 59 61 63 67 69 72 76 77 81 85 88 92 95 97 98 101 105 111 115 125 140 152 168 181 185 177 170 165 164 164 171 186 202 217 232 247 259 270 280 290 294 296 298 297 295 295 297 300 302 305 303 304 305 303 299 294 289
30 31 33 36 38 40 43 45 47 48 49 51 52 52 53 53 55 57 59 60 62 63 65 68 73 75 78 80 86 88 90 94 97 100 101 105 112 119 130 142 156 173 187 188 180 172 169 170 170 177 189 203 216 230 246 259 269 280 288 295 300 301 299 299 299 300 301 302 302 302 302 301 297 295 290 286
30 31 33 34 35 37 41 44 47 47 50 50 53 54 54 54 56 57 59 61 62 64 64 70 71 75 79 81 85 88 93 95 97 100 103 107 113 122 134 146 159 174 185 183 178 173 170 174 177 182 193 203 217 230 244 257 267 278 285 291 297 299 301 300 300 299 299 300 300 299 298 297 293 291 286 282
30 32 32 33 34 37 40 42 43 47 48 51 51 54 55 56 57 58 60 60 61 63 65 66 72 75 79 82 85 87 92 96 99 101 104 109 115 125 137 148 160 171 179 178 172 171 171 175 181 188 199 209 219 230 241 254 266 273 280 288 292 296 297 297 296 296 296 296 296 296 296 293 289 285 282 278
29 29 30 33 34 37 38 39 43 45 48 49 51 54 55 57 58 56 58 60 63 65 67 70 73 74 78 80 85 88 93 95 99 102 105 110 118 127 138 151 160 169 174 174 170 168 171 176 184 192 200 208 217 226 237 247 259 269 275 281 284 289 293 291 292 291 291 292 292 289 288 286 285 281 279 275
29 29 30 32 34 37 38 39 42 45 47 48 50 53 56 58 58 57 59 62 64 66 68 69 74 98 80 81 85 88 91 95 99 102 106 111 119 128 139 150 159 171 177 177 173 170 172 178 182 200 201 206 214 221 229 239 249 261 268 271 276 280 284 285 285 284 284 285 284 282 279 280 279 276 274 268
29 30 31 33 34 36 36 38 40 44 47 50 52 54 57 58 59 59 60 62 65 67 68 70 78 96 79 81 85 89 92 94 99 104 109 114 119 127 137 148 161 173 180 179 178 174 173 175 178 -3.4e+38 -3.4e+38 205 210 217 224 232 240 248 256 260 263 268 273 278 277 276 275 275 275 273 272 272 270 269 264 260
32 30 30 33 35 35 34 37 40 44 48 51 54 57 59 59 60 60 62 65 66 68 70 72 76 77 79 83 85 88 91 95 99 104 109 115 120 126 135 146 163 177 185 182 180 178 175 175 193 179 -3.4e+38 -3.4e+38 -3.4e+38 -3.4e+38 -3.4e+38 -3.4e+38 233 233 236 238 241 248 259 269 266 263 262 263 261 259 259 259 259 257 257 -3.4e+38
30 31 31 33 35 34 34 37 40 44 48 51 54 58 61 61 62 63 65 66 69 70 72 76 76 82 81 83 86 90 92 95 99 104 108 115 119 125 132 144 159 177 186 185 183 179 178 176 179 185 188 191 -3.4e+38 -3.4e+38 -3.4e+38 -3.4e+38 -3.4e+38 220 219 219 217 225 244 256 255 251 248 247 245 244 245 246 248 247 -3.4e+38 -3.4e+38
31 31 32 34 34 35 36 37 41 44 48 52 56 58 61 63 65 65 66 70 70 71 72 74 77 79 80 84 86 89 92 97 101 106 110 115 122 126 131 140 154 170 178 181 180 177 177 177 180 182 186 191 192 190 -3.4e+38 -3.4e+38 -3.4e+38 -3.4e+38 -3.4e+38 -3.4e+38 197 205 224 243 -3.4e+38 -3.4e+38 -3.4e+38 233 231 233 234 236 -3.4e+38 -3.4e+38 -3.4e+38 -3.4e+38
32 33 34 36 36 37 37 39 41 46 48 52 55 60 64 65 67 67 69 70 72 71 74 76 78 80 83 84 88 90 95 100 105 109 113 118 123 128 133 140 151 162 169 174 174 174 174 175 177 178 180 185 187 187 186 -3.4e+38 -3.4e+38 -3.4e+38 -3.4e+38 -3.4e+38 -3.4e+38 -3.4e+38 -3.4e+38 -3.4e+38 -3.4e+38 -3.4e+38 -3.4e+38 -3.4e+38 -3.4e+38 -3.4e+38 -3.4e+38 -3.4e+38 -3.4e+38 -3.4e+38 -3.4e+38 -3.4e+38
32 33 34 37 38 40 40 41 43 46 49 52 57 61 65 67 69 70 71 71 72 72 73 77 78 79 82 84 88 91 95 101 107 111 114 116 122 128 132 138 147 157 164 169 171 172 174 174 174 175 176 178 181 181 182 181 -3.4e+38 -3.4e+38 -3.4e+38 -3.4e+38 -3.4e+38 -3.4e+38 -3.4e+38 -3.4e+38 -3.4e+38 -3.4e+38 -3.4e+38 -3.4e+38 -3.4e+38 -3.4e+38 -3.4e+38 -3.4e+38 -3.4e+38 -3.4e+38 -3.4e+38 -3.4e+38
