data/layers/Current/bio13.asc
NCOLS 494 
NROWS 529 
XLLCORNER -117.166666666667 
YLLCORNER -55.5 
CELLSIZE 0.166666666666667 
NODATA_value -3.4e+38 
[rows 132 to 164 of 529, columns 296 to 369 of 494]
-3.4e+38 128 126 121 129 126 130 129 137 161 159 -3.4e+38 -3.4e+38 -3.4e+38 -3.4e+38 -3.4e+38 -3.4e+38 -3.4e+38 -3.4e+38 -3.4e+38 -3.4e+38 114 115 126 134 147 159 170 181 168 149 172 186 185 188 191 -3.4e+38 190 225 266 265 -3.4e+38 -3.4e+38 -3.4e+38 -3.4e+38 -3.4e+38 -3.4e+38 -3.4e+38 -3.4e+38 -3.4e+38 -3.4e+38 -3.4e+38 -3.4e+38 -3.4e+38 -3.4e+38 -3.4e+38 -3.4e+38 -3.4e+38 -3.4e+38 -3.4e+38 -3.4e+38 -3.4e+38 -3.4e+38 -3.4e+38 -3.4e+38 -3.4e+38 -3.4e+38 -3.4e+38 -3.4e+38 -3.4e+38 -3.4e+38 -3.4e+38 -3.4e+38 -3.4e+38
123 125 138 142 148 146 154 162 181 202 185 139 -3.4e+38 -3.4e+38 -3.4e+38 -3.4e+38 -3.4e+38 -3.4e+38 -3.4e+38 113 106 133 139 134 148 160 173 192 203 185 163 160 -3.4e+38 -3.4e+38 -3.4e+38 -3.4e+38 -3.4e+38 -3.4e+38 241 270 257 228 -3.4e+38 -3.4e+38 -3.4e+38 -3.4e+38 -3.4e+38 -3.4e+38 -3.4e+38 -3.4e+38 -3.4e+38 -3.4e+38 -3.4e+38 -3.4e+38 -3.4e+38 -3.4e+38 -3.4e+38 -3.4e+38 -3.4e+38 -3.4e+38 -3.4e+38 -3.4e+38 -3.4e+38 -3.4e+38 -3.4e+38 -3.4e+38 -3.4e+38 -3.4e+38 -3.4e+38 -3.4e+38 -3.4e+38 -3.4e+38 -3.4e+38 -3.4e+38
140 140 154 161 171 172 207 198 199 202 181 154 143 138 -3.4e+38 -3.4e+38 -3.4e+38 -3.4e+38 114 133 141 152 170 161 169 174 183 188 205 200 180 168 -3.4e+38 -3.4e+38 -3.4e+38 -3.4e+38 204 221 215 257 249 246 -3.4e+38 -3.4e+38 -3.4e+38 -3.4e+38 -3.4e+38 -3.4e+38 -3.4e+38 -3.4e+38 -3.4e+38 -3.4e+38 -3.4e+38 -3.4e+38 -3.4e+38 -3.4e+38 -3.4e+38 -3.4e+38 -3.4e+38 -3.4e+38 -3.4e+38 -3.4e+38 -3.4e+38 -3.4e+38 -3.4e+38 -3.4e+38 -3.4e+38 -3.4e+38 -3.4e+38 -3.4e+38 -3.4e+38 -3.4e+38 -3.4e+38 -3.4e+38
171 173 171 176 174 176 186 177 190 189 183 180 167 163 150 140 144 142 138 149 158 170 191 192 180 178 175 190 208 206 204 193 176 184 183 201 213 222 227 248 244 222 -3.4e+38 -3.4e+38 -3.4e+38 -3.4e+38 -3.4e+38 -3.4e+38 -3.4e+38 -3.4e+38 -3.4e+38 -3.4e+38 -3.4e+38 -3.4e+38 -3.4e+38 -3.4e+38 -3.4e+38 -3.4e+38 -3.4e+38 -3.4e+38 -3.4e+38 -3.4e+38 -3.4e+38 -3.4e+38 -3.4e+38 -3.4e+38 -3.4e+38 -3.4e+38 -3.4e+38 -3.4e+38 -3.4e+38 -3.4e+38 -3.4e+38 -3.4e+38
187 181 185 188 194 185 189 187 180 178 173 174 177 176 170 167 165 161 155 162 168 176 179 176 176 180 186 198 208 210 208 206 200 206 201 198 -3.4e+38 215 213 -3.4e+38 -3.4e+38 -3.4e+38 -3.4e+38 -3.4e+38 -3.4e+38 -3.4e+38 -3.4e+38 -3.4e+38 -3.4e+38 -3.4e+38 -3.4e+38 -3.4e+38 -3.4e+38 -3.4e+38 -3.4e+38 -3.4e+38 -3.4e+38 -3.4e+38 -3.4e+38 -3.4e+38 -3.4e+38 -3.4e+38 -3.4e+38 -3.4e+38 -3.4e+38 -3.4e+38 -3.4e+38 -3.4e+38 -3.4e+38 -3.4e+38 -3.4e+38 -3.4e+38 -3.4e+38 -3.4e+38
199 205 193 197 192 189 189 186 181 178 183 188 188 197 187 189 191 187 178 173 180 178 174 171 175 181 185 180 196 201 201 206 209 220 229 226 223 224 223 213 -3.4e+38 -3.4e+38 -3.4e+38 -3.4e+38 -3.4e+38 -3.4e+38 -3.4e+38 -3.4e+38 -3.4e+38 -3.4e+38 -3.4e+38 -3.4e+38 -3.4e+38 -3.4e+38 -3.4e+38 -3.4e+38 -3.4e+38 -3.4e+38 -3.4e+38 -3.4e+38 -3.4e+38 -3.4e+38 -3.4e+38 -3.4e+38 -3.4e+38 -3.4e+38 -3.4e+38 -3.4e+38 -3.4e+38 -3.4e+38 -3.4e+38 -3.4e+38 -3.4e+38 -3.4e+38
205 203 202 198 196 193 192 188 188 186 190 181 186 185 193 198 198 191 187 189 186 181 179 176 183 177 179 187 202 207 207 209 210 216 231 238 244 244 240 237 236 225 -3.4e+38 -3.4e+38 -3.4e+38 -3.4e+38 -3.4e+38 -3.4e+38 -3.4e+38 -3.4e+38 -3.4e+38 -3.4e+38 -3.4e+38 -3.4e+38 -3.4e+38 -3.4e+38 -3.4e+38 -3.4e+38 -3.4e+38 -3.4e+38 -3.4e+38 -3.4e+38 -3.4e+38 -3.4e+38 -3.4e+38 -3.4e+38 -3.4e+38 -3.4e+38 -3.4e+38 -3.4e+38 -3.4e+38 -3.4e+38 -3.4e+38 -3.4e+38
215 212 206 204 203 198 198 190 188 184 187 185 184 187 189 201 203 199 196 192 185 185 176 181 179 184 169 183 193 207 214 215 222 221 228 232 249 256 255 256 257 249 244 -3.4e+38 -3.4e+38 -3.4e+38 -3.4e+38 -3.4e+38 -3.4e+38 -3.4e+38 -3.4e+38 -3.4e+38 -3.4e+38 -3.4e+38 -3.4e+38 -3.4e+38 -3.4e+38 -3.4e+38 -3.4e+38 -3.4e+38 -3.4e+38 -3.4e+38 -3.4e+38 -3.4e+38 -3.4e+38 -3.4e+38 -3.4e+38 -3.4e+38 -3.4e+38 -3.4e+38 -3.4e+38 -3.4e+38 -3.4e+38 -3.4e+38
230 218 215 209 205 199 194 193 196 194 191 189 188 189 193 197 206 202 197 196 183 184 179 173 178 184 185 186 188 185 212 224 232 237 243 247 255 260 262 264 254 245 242 -3.4e+38 -3.4e+38 -3.4e+38 -3.4e+38 -3.4e+38 -3.4e+38 -3.4e+38 -3.4e+38 -3.4e+38 -3.4e+38 -3.4e+38 -3.4e+38 -3.4e+38 -3.4e+38 -3.4e+38 -3.4e+38 -3.4e+38 -3.4e+38 -3.4e+38 -3.4e+38 -3.4e+38 -3.4e+38 -3.4e+38 -3.4e+38 -3.4e+38 -3.4e+38 -3.4e+38 -3.4e+38 -3.4e+38 -3.4e+38 -3.4e+38
232 222 210 219 212 202 205 200 202 199 190 195 194 194 195 195 196 188 194 192 185 185 182 180 177 172 184 180 191 193 194 206 229 238 243 244 255 260 260 265 262 251 246 -3.4e+38 -3.4e+38 -3.4e+38 -3.4e+38 -3.4e+38 -3.4e+38 -3.4e+38 -3.4e+38 -3.4e+38 -3.4e+38 -3.4e+38 -3.4e+38 -3.4e+38 -3.4e+38 -3.4e+38 -3.4e+38 -3.4e+38 -3.4e+38 -3.4e+38 -3.4e+38 -3.4e+38 -3.4e+38 -3.4e+38 -3.4e+38 -3.4e+38 -3.4e+38 -3.4e+38 -3.4e+38 -3.4e+38 -3.4e+38 -3.4e+38
230 229 226 232 217 218 221 216 200 190 193 197 196 200 200 196 200 198 186 187 197 192 190 189 174 183 184 196 194 210 200 189 216 236 238 241 250 261 265 268 264 251 247 236 -3.4e+38 -3.4e+38 -3.4e+38 -3.4e+38 -3.4e+38 -3.4e+38 -3.4e+38 -3.4e+38 -3.4e+38 -3.4e+38 -3.4e+38 -3.4e+38 -3.4e+38 -3.4e+38 -3.4e+38 -3.4e+38 -3.4e+38 -3.4e+38 -3.4e+38 -3.4e+38 -3.4e+38 -3.4e+38 -3.4e+38 -3.4e+38 -3.4e+38 -3.4e+38 -3.4e+38 -3.4e+38 -3.4e+38 -3.4e+38
238 237 232 239 244 242 244 231 218 214 204 207 205 203 202 198 200 207 194 186 194 199 192 195 185 183 199 195 195 207 211 206 201 230 236 245 251 257 266 268 268 262 250 251 -3.4e+38 -3.4e+38 -3.4e+38 -3.4e+38 -3.4e+38 -3.4e+38 -3.4e+38 -3.4e+38 -3.4e+38 -3.4e+38 -3.4e+38 -3.4e+38 -3.4e+38 -3.4e+38 -3.4e+38 -3.4e+38 -3.4e+38 -3.4e+38 -3.4e+38 -3.4e+38 -3.4e+38 -3.4e+38 -3.4e+38 -3.4e+38 -3.4e+38 -3.4e+38 -3.4e+38 -3.4e+38 -3.4e+38 -3.4e+38
248 245 255 257 257 256 255 251 247 234 226 220 227 220 226 210 203 200 198 199 203 205 199 197 193 195 198 200 197 201 213 225 221 213 232 243 250 263 268 267 270 265 253 251 262 270 267 259 -3.4e+38 -3.4e+38 -3.4e+38 -3.4e+38 -3.4e+38 -3.4e+38 -3.4e+38 -3.4e+38 -3.4e+38 -3.4e+38 -3.4e+38 -3.4e+38 -3.4e+38 -3.4e+38 -3.4e+38 -3.4e+38 -3.4e+38 -3.4e+38 -3.4e+38 -3.4e+38 -3.4e+38 -3.4e+38 -3.4e+38 -3.4e+38 -3.4e+38 -3.4e+38
272 256 266 276 271 268 267 262 265 253 249 243 247 245 236 228 216 212 207 210 202 210 203 207 206 199 202 206 217 207 216 223 237 239 246 252 258 263 270 276 278 272 264 264 268 274 275 265 265 271 -3.4e+38 -3.4e+38 -3.4e+38 -3.4e+38 -3.4e+38 -3.4e+38 -3.4e+38 -3.4e+38 -3.4e+38 -3.4e+38 -3.4e+38 -3.4e+38 -3.4e+38 -3.4e+38 -3.4e+38 -3.4e+38 -3.4e+38 -3.4e+38 -3.4e+38 -3.4e+38 -3.4e+38 -3.4e+38 -3.4e+38 -3.4e+38
274 261 261 261 265 275 264 256 270 265 255 257 250 253 250 248 233 227 217 218 209 211 211 208 207 212 216 215 206 218 228 236 240 245 250 254 258 265 272 279 279 278 278 276 278 288 295 282 278 274 269 -3.4e+38 -3.4e+38 -3.4e+38 -3.4e+38 -3.4e+38 -3.4e+38 -3.4e+38 -3.4e+38 -3.4e+38 -3.4e+38 -3.4e+38 -3.4e+38 -3.4e+38 -3.4e+38 -3.4e+38 -3.4e+38 -3.4e+38 -3.4e+38 -3.4e+38 -3.4e+38 -3.4e+38 -3.4e+38 -3.4e+38
276 276 282 274 273 280 277 281 281 277 271 270 262 263 255 256 250 244 236 224 223 230 225 225 213 221 213 213 223 232 243 243 244 248 251 257 263 269 276 281 284 286 288 290 294 291 290 298 300 298 277 268 269 -3.4e+38 -3.4e+38 -3.4e+38 -3.4e+38 -3.4e+38 -3.4e+38 -3.4e+38 -3.4e+38 -3.4e+38 -3.4e+38 -3.4e+38 -3.4e+38 -3.4e+38 -3.4e+38 -3.4e+38 -3.4e+38 -3.4e+38 -3.4e+38 -3.4e+38 -3.4e+38 -3.4e+38
312 302 294 288 283 285 270 279 290 287 285 273 262 248 250 249 257 254 249 237 236 234 235 230 229 236 233 230 229 245 249 245 242 248 250 260 266 273 276 281 286 293 295 298 300 299 294 293 314 318 300 286 267 266 -3.4e+38 -3.4e+38 -3.4e+38 -3.4e+38 -3.4e+38 -3.4e+38 -3.4e+38 -3.4e+38 -3.4e+38 -3.4e+38 -3.4e+38 -3.4e+38 -3.4e+38 -3.4e+38 -3.4e+38 -3.4e+38 -3.4e+38 -3.4e+38 -3.4e+38 -3.4e+38
337 336 313 309 300 298 297 296 282 283 276 268 285 290 281 271 256 259 262 253 252 254 252 249 245 251 243 243 236 196 168 218 250 253 259 264 269 277 270 283 290 296 298 300 304 302 301 298 299 320 326 308 298 277 268 -3.4e+38 -3.4e+38 -3.4e+38 -3.4e+38 -3.4e+38 -3.4e+38 -3.4e+38 -3.4e+38 -3.4e+38 -3.4e+38 -3.4e+38 -3.4e+38 -3.4e+38 -3.4e+38 -3.4e+38 -3.4e+38 -3.4e+38 -3.4e+38 -3.4e+38
316 347 354 314 312 308 305 295 284 287 303 302 302 295 294 288 274 273 275 275 273 268 263 268 259 266 263 262 230 177 155 224 264 262 266 269 274 278 273 281 292 294 301 302 307 310 311 312 300 306 313 315 308 299 279 271 -3.4e+38 -3.4e+38 -3.4e+38 -3.4e+38 -3.4e+38 -3.4e+38 -3.4e+38 -3.4e+38 -3.4e+38 -3.4e+38 -3.4e+38 -3.4e+38 -3.4e+38 -3.4e+38 -3.4e+38 -3.4e+38 -3.4e+38 -3.4e+38
350 351 332 329 318 318 318 314 317 333 327 317 308 307 304 301 302 291 285 288 289 277 280 281 287 277 276 275 269 220 222 266 276 272 279 277 276 273 283 291 293 293 298 294 301 302 309 311 297 305 302 313 329 315 299 273 265 -3.4e+38 -3.4e+38 -3.4e+38 -3.4e+38 -3.4e+38 -3.4e+38 -3.4e+38 -3.4e+38 -3.4e+38 -3.4e+38 -3.4e+38 -3.4e+38 -3.4e+38 -3.4e+38 -3.4e+38 -3.4e+38 -3.4e+38
363 356 363 346 328 325 313 325 338 340 333 331 328 330 320 314 320 317 307 294 309 289 295 298 293 296 293 293 281 237 254 287 286 285 278 277 277 284 294 295 297 296 296 297 304 312 311 303 306 307 298 315 343 331 312 288 271 -3.4e+38 -3.4e+38 -3.4e+38 -3.4e+38 -3.4e+38 -3.4e+38 -3.4e+38 -3.4e+38 -3.4e+38 -3.4e+38 -3.4e+38 -3.4e+38 -3.4e+38 -3.4e+38 -3.4e+38 -3.4e+38 -3.4e+38
372 376 376 381 332 342 361 347 358 358 350 345 340 337 330 357 341 328 324 331 329 307 310 317 312 312 306 300 199 168 264 319 298 294 287 286 290 293 300 300 301 303 304 303 307 310 313 309 301 304 307 312 331 340 321 289 279 -3.4e+38 -3.4e+38 -3.4e+38 -3.4e+38 -3.4e+38 -3.4e+38 -3.4e+38 -3.4e+38 -3.4e+38 -3.4e+38 -3.4e+38 -3.4e+38 -3.4e+38 -3.4e+38 -3.4e+38 -3.4e+38 -3.4e+38
388 388 390 364 354 376 379 371 361 364 362 354 352 353 348 367 369 344 348 355 355 325 333 328 334 339 331 328 292 267 300 312 314 308 302 301 305 306 304 305 304 302 300 305 310 310 307 306 308 298 297 301 300 316 306 265 268 257 -3.4e+38 -3.4e+38 -3.4e+38 -3.4e+38 -3.4e+38 -3.4e+38 -3.4e+38 -3.4e+38 -3.4e+38 -3.4e+38 -3.4e+38 -3.4e+38 -3.4e+38 -3.4e+38 -3.4e+38 -3.4e+38
397 404 404 398 353 385 395 381 379 353 377 371 367 367 348 355 380 384 372 372 386 361 348 365 355 354 348 341 337 318 309 307 320 317 317 317 313 314 313 294 294 297 301 298 300 307 303 302 302 310 315 309 286 314 309 254 284 283 283 271 -3.4e+38 -3.4e+38 -3.4e+38 -3.4e+38 -3.4e+38 -3.4e+38 -3.4e+38 -3.4e+38 -3.4e+38 -3.4e+38 -3.4e+38 -3.4e+38 -3.4e+38 -3.4e+38
409 410 412 403 376 409 386 375 377 375 386 387 380 370 363 354 400 409 403 385 406 406 376 374 400 407 372 326 303 307 293 313 319 319 314 304 302 308 303 306 302 300 296 306 302 307 302 320 299 307 300 294 286 295 287 255 300 316 307 282 267 -3.4e+38 -3.4e+38 -3.4e+38 -3.4e+38 -3.4e+38 -3.4e+38 -3.4e+38 -3.4e+38 -3.4e+38 -3.4e+38 -3.4e+38 -3.4e+38 -3.4e+38
419 423 426 403 410 396 378 391 384 387 395 387 399 405 376 366 387 422 420 400 427 425 406 383 419 419 387 393 327 378 320 317 305 312 311 287 283 286 290 290 306 304 308 313 306 303 310 310 299 307 299 287 280 272 265 281 315 328 329 310 287 282 259 -3.4e+38 -3.4e+38 -3.4e+38 -3.4e+38 -3.4e+38 -3.4e+38 -3.4e+38 -3.4e+38 -3.4e+38 -3.4e+38 -3.4e+38
410 407 407 403 402 382 390 396 395 396 404 404 425 420 397 382 374 427 446 389 435 442 432 400 428 424 419 415 340 348 364 323 329 299 305 288 288 283 297 314 313 304 302 311 313 314 303 299 308 312 303 299 286 289 265 274 317 332 346 327 294 276 278 272 -3.4e+38 -3.4e+38 -3.4e+38 -3.4e+38 -3.4e+38 -3.4e+38 -3.4e+38 -3.4e+38 -3.4e+38 -3.4e+38
424 431 415 426 399 402 402 403 403 409 417 414 423 419 393 376 399 434 411 426 456 439 443 425 443 434 421 450 412 411 350 316 294 267 278 327 321 315 319 313 316 304 307 317 310 314 301 306 329 306 304 303 307 297 280 298 332 346 346 332 310 306 292 281 274 270 -3.4e+38 -3.4e+38 -3.4e+38 -3.4e+38 -3.4e+38 -3.4e+38 -3.4e+38 -3.4e+38
428 424 410 434 399 400 409 406 411 415 381 400 430 441 413 391 391 411 440 443 470 446 427 440 364 390 426 447 464 399 385 331 303 288 318 341 331 307 303 308 313 310 313 309 321 324 318 317 325 313 309 324 322 319 298 313 317 333 347 328 314 329 304 287 279 285 287 282 275 275 266 283 297 300
460 421 421 429 418 417 417 413 418 406 399 415 449 437 400 379 387 456 487 477 483 471 450 440 388 431 441 465 463 400 387 356 306 322 342 337 327 317 310 313 318 322 319 319 310 330 314 318 325 325 338 340 326 318 308 314 311 316 318 333 330 320 314 296 293 307 300 303 301 300 287 279 306 321
451 431 405 413 414 416 419 421 424 429 442 442 427 433 412 368 428 450 499 491 510 471 445 449 468 456 443 451 472 442 392 390 315 349 326 332 336 322 318 315 325 324 320 320 309 336 327 334 337 342 358 349 322 309 313 317 312 321 347 335 334 317 320 303 313 316 312 307 318 314 304 298 311 320
428 432 413 420 420 422 426 432 433 442 448 448 445 445 400 388 425 449 477 492 485 467 449 460 464 460 469 445 455 448 358 385 349 353 335 334 344 325 329 330 319 315 325 322 322 337 327 346 335 344 366 347 325 320 323 320 319 317 335 335 331 329 321 320 325 325 316 316 317 314 309 310 319 329
433 436 412 430 433 423 417 423 444 442 449 451 461 461 463 424 426 470 465 477 470 457 473 481 477 455 467 465 475 469 452 395 377 339 344 332 346 342 332 329 311 306 308 317 320 345 328 323 341 350 360 344 352 332 368 353 322 323 327 329 330 331 322 315 319 319 320 324 331 322 320 317 325 330
