data/layers/Current/bio18.asc
NCOLS 494 
NROWS 529 
XLLCORNER -117.166666666667 
YLLCORNER -55.5 
CELLSIZE 0.166666666666667 
NODATA_value -3.4e+38 
[rows 231 to 263 of 529, columns 370 to 443 of 494]
319 305 295 283 275 265 259 252 249 248 252 250 355 357 354 360 359 359 359 359 359 352 353 356 356 255 255 250 249 251 252 252 249 242 235 230 220 213 203 198 185 177 173 161 158 261 258 255 255 258 261 243 228 210 200 194 191 181 173 165 159 162 165 164 167 172 174 167 161 162 161 166 166 170
315 305 295 289 281 273 268 262 259 259 260 261 263 266 375 380 384 386 386 386 378 372 372 376 273 272 267 264 261 272 274 270 259 253 249 244 234 226 217 208 200 192 180 172 166 268 275 268 261 263 256 247 231 219 200 197 196 199 195 190 186 188 194 195 194 195 189 184 180 173 173 176 179 181
311 303 297 291 287 281 277 272 268 270 270 274 276 279 281 289 404 403 401 406 404 401 394 393 292 297 286 282 281 282 290 281 273 271 265 258 247 238 228 217 210 200 188 187 176 282 281 277 267 269 262 247 232 221 204 205 203 216 217 218 213 209 217 227 235 234 213 202 195 185 187 189 187 185
307 305 298 294 291 288 284 281 277 278 282 282 284 289 290 296 414 415 414 421 418 308 302 304 307 316 311 301 302 298 301 298 285 284 272 264 250 248 237 227 217 206 197 193 187 184 294 285 277 273 262 253 239 220 211 214 213 223 242 246 236 231 237 246 265 266 228 215 203 197 200 196 192 189
305 306 301 300 295 293 290 287 286 288 292 292 296 297 297 301 307 312 434 313 432 436 308 310 320 328 328 320 324 323 325 321 309 301 289 274 261 255 241 237 222 215 211 204 192 195 186 299 289 281 270 261 252 235 223 224 223 235 253 258 248 244 246 258 269 268 232 219 216 206 206 204 198 192
306 305 303 297 296 297 295 295 294 295 297 302 302 304 305 306 313 319 318 322 320 325 325 324 333 337 343 346 349 354 347 337 321 308 298 281 270 259 253 241 229 225 220 210 204 210 197 180 177 169 161 155 259 249 236 228 229 243 255 255 249 236 236 242 246 249 232 217 206 197 199 204 200 194
306 303 302 298 298 301 303 301 301 303 303 307 309 312 312 314 325 324 323 327 327 333 329 334 342 343 339 357 364 367 364 348 326 316 303 287 274 266 254 248 240 234 230 218 216 213 205 192 187 177 166 158 143 138 131 124 233 240 245 237 237 233 220 220 229 230 226 214 208 195 189 195 194 191
306 305 302 300 302 304 308 306 307 309 310 316 318 317 319 322 324 324 324 330 330 328 329 331 335 339 343 355 369 366 359 348 332 320 306 292 284 266 257 256 250 245 241 227 227 215 205 196 193 181 172 158 146 143 137 131 128 133 244 231 218 204 197 212 220 229 223 220 216 202 190 187 188 190
298 304 302 302 306 308 310 311 313 316 318 320 325 327 325 326 327 326 331 334 333 332 332 333 335 340 341 345 359 353 351 344 330 314 304 296 286 270 268 260 260 255 251 241 235 224 208 199 193 186 175 166 155 154 145 137 133 133 120 113 105 98 95 218 226 228 232 232 228 215 198 192 192 191
293 302 301 304 307 311 315 316 320 321 325 325 331 331 332 333 332 331 337 347 345 339 336 340 340 339 342 347 358 355 349 336 324 308 297 294 286 272 272 268 262 260 256 254 240 232 220 204 198 182 169 159 155 153 150 142 135 130 122 115 109 98 96 95 96 237 240 243 233 215 198 192 194 192
293 300 302 304 307 314 318 324 327 329 331 332 335 337 338 338 336 337 340 352 349 343 344 341 343 341 348 355 355 350 344 323 314 306 303 294 280 279 273 270 269 269 266 259 245 233 222 205 194 181 162 151 153 152 152 142 135 132 123 118 105 98 96 100 240 240 234 240 228 203 195 191 190 182
300 301 301 303 310 316 322 329 332 336 338 341 340 344 346 343 342 340 340 346 341 340 357 357 344 341 344 342 346 342 333 318 309 303 297 286 278 274 274 276 276 278 274 265 251 235 221 207 193 179 164 147 146 150 155 143 136 130 123 116 105 106 101 98 94 234 232 225 210 196 187 187 184 176
302 302 302 305 313 320 328 334 340 345 344 346 348 347 347 346 345 344 345 344 347 349 351 354 342 337 335 337 337 332 321 303 304 295 286 276 274 270 269 272 277 285 279 268 250 233 221 207 191 176 165 156 150 147 150 142 137 129 123 111 109 104 102 97 94 231 228 218 205 189 184 187 183 179
297 303 311 313 316 325 333 340 349 353 350 352 352 353 350 353 347 347 348 347 354 355 350 341 336 334 339 338 334 328 319 307 302 293 281 269 263 256 264 271 276 284 281 265 247 231 220 206 194 180 168 159 156 155 147 141 137 129 122 111 109 108 101 99 94 92 222 219 200 187 182 185 185 176
302 306 313 323 322 331 342 347 356 356 357 356 356 356 355 354 351 350 346 349 362 361 349 336 334 336 339 332 331 320 310 303 295 287 272 265 258 246 254 264 271 273 270 260 241 228 218 207 197 183 171 162 164 157 148 138 136 123 116 110 109 108 102 94 93 98 87 222 206 192 183 184 181 178
307 309 318 321 330 337 349 356 361 363 362 361 360 362 358 357 351 348 348 351 357 357 347 336 334 335 332 331 322 311 305 300 290 282 273 263 252 245 250 255 261 263 258 253 233 226 215 204 194 180 173 166 169 160 152 141 139 125 111 112 110 104 98 95 89 89 94 219 205 192 183 186 181 176
133 134 140 140 144 345 355 366 367 367 367 366 364 362 361 360 354 349 345 343 344 341 341 335 334 331 329 320 316 312 302 294 281 280 270 255 248 247 248 251 253 254 241 240 229 219 211 202 191 180 172 172 175 163 151 145 140 122 111 109 103 101 95 91 92 91 93 85 75 185 183 183 178 175
140 144 143 149 150 151 362 368 371 370 371 369 367 366 364 359 354 350 347 341 345 340 337 330 327 328 326 316 310 304 295 281 269 269 265 250 250 249 247 246 248 248 237 234 224 216 210 198 188 181 172 171 171 162 154 150 138 123 114 111 103 98 96 90 91 93 88 82 76 67 184 183 176 171
141 142 145 152 156 155 362 370 371 373 372 371 368 366 364 360 355 350 345 338 335 337 338 333 324 319 317 313 305 300 290 284 273 266 253 252 249 248 247 246 242 243 237 229 220 211 202 194 184 178 171 170 164 163 160 149 138 127 117 262 102 98 227 89 93 87 88 85 86 76 185 183 175 168
142 143 147 152 157 156 365 369 371 374 371 370 369 366 363 358 355 351 344 339 332 334 336 324 316 315 310 303 298 291 281 283 271 259 252 254 248 247 244 242 238 238 232 224 216 207 201 193 185 176 172 168 165 161 153 147 307 299 284 268 251 236 227 224 224 88 88 92 93 203 184 178 172 163
143 144 146 151 156 154 366 368 371 372 372 372 370 367 362 359 354 349 344 334 329 329 331 319 314 308 301 296 292 283 282 274 266 256 252 251 248 245 242 237 236 233 228 222 219 204 195 191 183 176 172 166 171 156 306 304 304 296 284 269 252 233 234 234 230 219 85 89 87 200 182 171 166 157
143 145 145 148 152 151 364 366 369 371 373 371 370 367 363 359 353 346 339 330 324 322 322 312 311 304 300 293 281 273 275 267 255 255 248 250 246 241 240 238 236 231 223 221 216 203 194 189 182 176 169 164 161 314 299 291 289 287 281 271 255 240 233 236 236 229 223 217 207 193 177 159 152 147
143 145 144 145 149 366 367 365 367 370 371 370 369 366 363 356 349 341 335 326 322 321 312 305 298 294 291 285 276 475 470 456 450 254 249 247 245 243 241 236 235 228 222 219 213 201 192 188 181 176 168 160 318 312 299 291 289 285 277 267 256 241 234 236 244 241 228 214 203 188 166 149 144 139
339 340 348 354 360 365 369 367 367 369 372 373 367 370 361 357 347 338 331 325 319 314 304 300 292 284 486 481 478 463 461 452 445 252 249 249 245 243 240 237 232 228 221 217 208 200 192 188 180 361 346 333 329 317 301 292 284 281 276 265 258 244 229 231 234 230 224 213 198 182 162 150 141 135
335 344 347 353 357 360 362 366 367 365 372 372 373 373 359 353 346 337 328 528 522 515 297 291 502 491 482 475 467 459 458 455 441 451 449 447 445 441 237 236 234 226 222 217 208 400 389 379 366 359 345 335 325 315 305 295 285 279 275 265 254 240 224 225 224 216 214 205 189 179 167 159 149 143
332 334 340 346 346 349 360 363 366 370 378 376 366 360 356 349 344 334 328 533 517 512 502 498 491 485 481 472 464 455 455 454 443 447 441 443 443 442 437 235 434 430 419 216 413 405 390 382 368 359 345 333 323 314 301 294 288 275 271 269 260 248 231 232 223 218 214 204 187 177 173 165 160 151
325 325 332 337 334 339 346 359 360 361 368 376 362 357 351 347 344 337 547 532 518 510 495 494 486 476 475 463 454 453 450 450 446 438 439 439 439 440 437 439 436 431 420 422 418 404 389 384 370 359 353 337 322 313 306 301 296 285 281 279 264 255 248 238 227 223 218 209 202 193 184 177 171 162
315 318 321 324 327 333 344 349 356 356 359 363 357 352 569 563 562 554 543 525 517 510 496 488 482 473 463 458 445 446 445 446 441 438 440 437 433 435 436 436 432 431 420 419 420 406 391 383 371 364 350 339 324 316 307 300 293 288 279 276 271 263 258 243 230 227 228 222 215 208 198 190 182 168
299 300 305 308 311 321 329 332 340 346 349 354 349 574 564 563 560 552 540 524 505 498 486 480 466 459 449 444 433 435 442 439 440 436 436 433 429 434 435 435 431 430 421 418 415 409 396 386 374 368 351 343 330 321 308 302 291 284 277 271 270 270 264 251 235 240 247 240 223 212 208 201 189 431
286 283 285 288 294 305 312 316 324 328 334 572 567 562 554 552 557 542 529 512 501 490 480 472 457 440 443 438 439 432 434 431 430 426 431 427 428 428 429 432 430 427 420 417 419 413 393 387 376 367 356 344 329 323 315 301 287 273 273 261 260 265 265 260 258 257 256 243 222 218 214 210 450 442
270 273 270 269 273 292 295 301 306 548 552 552 550 544 540 539 541 531 510 496 487 479 473 464 455 443 437 431 432 423 423 411 415 426 426 424 422 424 426 427 427 423 416 414 412 410 397 384 379 369 360 344 333 321 311 303 293 277 260 245 246 253 257 265 266 263 255 239 226 221 218 215 370 340
482 253 249 252 257 268 280 525 530 531 531 532 530 527 523 521 519 514 497 480 473 470 463 456 449 438 429 421 420 416 416 411 417 417 412 417 420 422 424 424 421 416 418 413 409 402 395 384 376 369 361 350 340 326 329 315 293 275 262 243 238 242 252 264 268 264 254 236 223 220 218 209 335 303
477 489 487 495 494 498 511 518 514 513 515 516 512 509 505 500 496 490 486 473 461 462 454 440 439 420 413 412 408 411 414 414 413 416 415 417 420 418 422 423 417 417 410 406 401 397 394 393 385 375 364 357 344 340 330 312 301 285 269 261 252 254 253 262 264 258 249 237 219 216 218 211 307 284
