data/layers/Current/bio11.asc
NCOLS 494 
NROWS 529 
XLLCORNER -117.166666666667 
YLLCORNER -55.5 
CELLSIZE 0.166666666666667 
NODATA_value -3.4e+38 
[rows 138 to 160 of 529, columns 208 to 259 of 494]
25.5222225189209 -3.4e+38 -3.4e+38 -3.4e+38 -3.4e+38 -3.4e+38 -3.4e+38 -3.4e+38 -3.4e+38 -3.4e+38 -3.4e+38 -3.4e+38 -3.4e+38 -3.4e+38 -3.4e+38 -3.4e+38 25.5010414123535 25.2028331756592 25.5046482086182 25.6935997009277 25.7804794311523 26.1222229003906 26.8055553436279 -3.4e+38 -3.4e+38 -3.4e+38 -3.4e+38 -3.4e+38 -3.4e+38 -3.4e+38 -3.4e+38 -3.4e+38 -3.4e+38 -3.4e+38 -3.4e+38 -3.4e+38 -3.4e+38 -3.4e+38 -3.4e+38 -3.4e+38 -3.4e+38 27.3644332885742 26.8206253051758 25.7339172363281 26.4515419006348 27.1417922973633 27.3872089385986 27.1749992370605 27.1506252288818 27.2203750610352 27.1653747558594 27.4138336181641
25.1970386505127 25.150411605835 25.1749992370605 -3.4e+38 -3.4e+38 -3.4e+38 -3.4e+38 -3.4e+38 -3.4e+38 -3.4e+38 -3.4e+38 -3.4e+38 -3.4e+38 -3.4e+38 -3.4e+38 26.1352558135986 25.1054992675781 23.8773746490479 24.0431671142578 24.1644992828369 25.4531784057617 25.1783599853516 24.4961833953857 25.2069797515869 25.5075759887695 26.1700000762939 -3.4e+38 -3.4e+38 -3.4e+38 -3.4e+38 -3.4e+38 -3.4e+38 -3.4e+38 -3.4e+38 -3.4e+38 -3.4e+38 -3.4e+38 27.1499996185303 27.107292175293 27.2020225524902 27.1700172424316 27.390308380127 27.0767917633057 26.6354999542236 26.9055824279785 27.3148746490479 27.3676242828369 27.214542388916 27.1487922668457 27.2044582366943 27.2347087860107 27.396333694458
24.3105278015137 25.0290756225586 25.2182121276855 25.0433330535889 -3.4e+38 -3.4e+38 -3.4e+38 -3.4e+38 -3.4e+38 -3.4e+38 -3.4e+38 -3.4e+38 -3.4e+38 25.9602565765381 25.8757038116455 25.9092540740967 25.4677085876465 25.3078746795654 23.5444164276123 24.1069583892822 25.0865421295166 25.1470832824707 25.0541248321533 24.8444175720215 24.6750831604004 25.025260925293 25.4182109832764 26.3150005340576 -3.4e+38 -3.4e+38 -3.4e+38 -3.4e+38 -3.4e+38 -3.4e+38 -3.4e+38 -3.4e+38 -3.4e+38 27.0388889312744 26.9526290893555 27.2465419769287 27.3269577026367 27.3109588623047 26.8922500610352 27.0191249847412 27.1283760070801 27.283540725708 27.3900413513184 27.2590007781982 27.1347923278809 27.3352088928223 27.4882488250732 27.5471248626709
23.3388328552246 24.8717746734619 25.2410583496094 25.2911224365234 25.4147510528564 25.6472225189209 -3.4e+38 -3.4e+38 -3.4e+38 -3.4e+38 25.5066661834717 25.3848152160645 25.4201965332031 25.7942047119141 25.814582824707 25.8355827331543 25.6480827331543 25.6042919158936 25.730432510376 26.1668071746826 26.1210861206055 25.5158748626709 25.5132923126221 25.7269992828369 25.5971660614014 25.2286262512207 24.5221672058105 25.3636264801025 26.1873741149902 -3.4e+38 -3.4e+38 -3.4e+38 -3.4e+38 -3.4e+38 -3.4e+38 -3.4e+38 -3.4e+38 26.9272270202637 26.8865833282471 27.2687072753906 27.5562076568604 27.4904174804688 27.1864166259766 27.2752494812012 27.3476257324219 27.4368743896484 27.445125579834 27.4262504577637 27.4362087249756 27.5707492828369 27.7134590148926 27.773458480835
19.3031253814697 22.7549781799316 24.8553428649902 25.4358425140381 25.4058017730713 25.6052532196045 -3.4e+38 -3.4e+38 -3.4e+38 25.6331310272217 25.3640365600586 25.4465007781982 25.5389995574951 25.5680408477783 25.6023750305176 25.7769584655762 25.9824733734131 25.978401184082 26.5166664123535 -3.4e+38 26.1156253814697 25.9509429931641 25.1352500915527 24.2517490386963 24.7047500610352 25.6243743896484 25.6525421142578 25.1245002746582 25.3999996185303 25.8916664123535 -3.4e+38 -3.4e+38 -3.4e+38 -3.4e+38 -3.4e+38 -3.4e+38 26.7603511810303 26.8490123748779 26.8187084197998 27.4082088470459 27.6276245117188 27.5292491912842 27.2665004730225 27.4254989624023 27.5089168548584 27.5305423736572 27.5797920227051 27.6445827484131 27.7175006866455 27.7250423431396 27.7589168548584 27.861291885376
19.1674995422363 19.5852909088135 21.335916519165 22.411750793457 22.9347076416016 23.223575592041 23.6683654785156 24.5039672851562 24.2215423583984 24.4952907562256 24.4640407562256 24.8388328552246 25.1972503662109 25.3863334655762 24.3983325958252 25.351375579834 26.3613929748535 26.3848495483398 -3.4e+38 -3.4e+38 -3.4e+38 26.1800003051758 25.9569892883301 25.7779636383057 24.6088333129883 25.4207916259766 25.9102916717529 25.8528327941895 24.857458114624 25.0587425231934 25.8648147583008 -3.4e+38 -3.4e+38 -3.4e+38 -3.4e+38 26.530725479126 26.53955078125 26.6285820007324 26.9099159240723 27.4926242828369 27.5373344421387 26.9587497711182 27.0423755645752 27.4018325805664 27.5502090454102 27.5924167633057 27.6535835266113 27.6907501220703 27.8405418395996 27.7407913208008 26.9145832061768 27.7280426025391
24.3388748168945 23.4149169921875 21.3387928009033 18.8962078094482 19.2082500457764 18.6542091369629 20.4497089385986 22.0242919921875 22.1761665344238 21.0717926025391 21.4594173431396 24.4181671142578 25.6751251220703 25.3938331604004 24.0095844268799 26.3904075622559 26.634090423584 26.4291667938232 -3.4e+38 -3.4e+38 26.2725486755371 -3.4e+38 -3.4e+38 26.1000003814697 25.9496116638184 25.66921043396 25.9110832214355 26.0088329315186 25.771333694458 24.1666660308838 24.8730659484863 25.8261260986328 -3.4e+38 26.4336185455322 26.5010662078857 26.3436260223389 26.4943332672119 26.4791240692139 27.0250415802002 27.2421245574951 27.094123840332 26.7169990539551 27.0631675720215 27.3467922210693 27.4847087860107 27.5580825805664 27.6292495727539 27.6834163665771 27.7340831756592 27.4317932128906 26.88108253479 27.7654571533203
25.8272514343262 25.5526294708252 25.0884838104248 23.3088760375977 22.392749786377 23.1007499694824 23.9397926330566 23.4608745574951 23.9334583282471 23.7678337097168 24.5650844573975 25.9385833740234 26.3989162445068 26.474250793457 26.4237747192383 26.7018013000488 -3.4e+38 -3.4e+38 -3.4e+38 -3.4e+38 26.1785717010498 26.0104637145996 26.2333335876465 25.8888893127441 25.9002990722656 26.093376159668 25.9107608795166 25.8573760986328 26.0499992370605 25.1867504119873 22.8640823364258 25.5201778411865 25.7022724151611 -3.4e+38 26.4965934753418 26.3099575042725 26.1909999847412 26.4636249542236 26.8859577178955 27.1947078704834 27.0984992980957 26.9241676330566 27.1000003814697 27.3178329467773 27.4153327941895 27.5176658630371 27.6170425415039 27.5669994354248 27.0467910766602 25.5806255340576 25.6109161376953 27.5144996643066
25.819372177124 25.8310432434082 25.9054985046387 25.8300933837891 25.205680847168 24.755708694458 25.0904579162598 25.2779159545898 25.5796241760254 25.8116664886475 26.1058330535889 26.4561672210693 26.5797901153564 26.5692520141602 -3.4e+38 -3.4e+38 -3.4e+38 -3.4e+38 -3.4e+38 -3.4e+38 26.0881824493408 26.0991458892822 -3.4e+38 -3.4e+38 -3.4e+38 25.8058376312256 25.6533508300781 26.1164360046387 26.1745414733887 25.90625 22.908332824707 22.6411247253418 26.0839424133301 26.5593757629395 26.2781105041504 25.8840827941895 26.0697078704834 26.3188343048096 27.0203742980957 26.9929580688477 26.9225845336914 26.955207824707 27.1098747253418 27.2199993133545 27.3392925262451 27.5423755645752 27.6137504577637 27.2371253967285 25.3690414428711 22.123291015625 22.9464588165283 27.1847496032715
25.5416660308838 25.9722213745117 26.466667175293 25.9833335876465 25.6231231689453 25.030834197998 25.2818336486816 25.7005004882812 26.0206260681152 26.1897926330566 26.4182090759277 26.5997085571289 26.8041152954102 -3.4e+38 -3.4e+38 -3.4e+38 -3.4e+38 -3.4e+38 -3.4e+38 -3.4e+38 -3.4e+38 -3.4e+38 -3.4e+38 -3.4e+38 25.4328956604004 25.7929801940918 25.2361259460449 26.0520057678223 26.0169582366943 25.9615421295166 23.8442916870117 21.6562919616699 26.1899585723877 26.6922187805176 26.7744579315186 25.9504165649414 25.3898334503174 26.13720703125 26.0810413360596 25.9969577789307 26.5942497253418 26.8936653137207 27.0669994354248 27.1061248779297 27.255500793457 27.558500289917 27.6094589233398 26.7807922363281 25.2382507324219 19.9764995574951 23.1164169311523 27.4434585571289
26.0166664123535 -3.4e+38 25.814582824707 -3.4e+38 25.8633327484131 25.3362808227539 24.7599582672119 25.8647308349609 26.1637344360352 25.7034587860107 25.943208694458 26.4543342590332 26.6269817352295 26.6809520721436 -3.4e+38 -3.4e+38 -3.4e+38 -3.4e+38 -3.4e+38 -3.4e+38 -3.4e+38 -3.4e+38 -3.4e+38 -3.4e+38 24.3654479980469 24.9634590148926 25.2827911376953 25.6764583587646 23.8369998931885 25.3531665802002 25.596040725708 24.2822074890137 26.3497924804688 26.8806381225586 26.9385452270508 25.7512092590332 24.3998336791992 25.8221244812012 23.7479591369629 25.1100826263428 26.638334274292 26.9366245269775 27.0344581604004 27.1336250305176 27.3113327026367 27.6331672668457 27.4460411071777 25.2977085113525 24.0769996643066 21.0097923278809 24.3365421295166 27.8606662750244
-3.4e+38 -3.4e+38 -3.4e+38 -3.4e+38 25.4833335876465 25.1750793457031 24.8920459747314 25.7573432922363 25.9816570281982 24.9934158325195 24.1193752288818 25.8381671905518 25.7782497406006 26.4179916381836 26.5124340057373 -3.4e+38 -3.4e+38 -3.4e+38 -3.4e+38 -3.4e+38 -3.4e+38 -3.4e+38 -3.4e+38 -3.4e+38 -3.4e+38 23.3523960113525 23.4416255950928 24.49658203125 22.5678329467773 24.1835422515869 25.4531669616699 26.3032073974609 26.849250793457 26.9827499389648 27.0642910003662 26.140209197998 24.0932083129883 25.5950412750244 25.2887916564941 25.753625869751 26.1548328399658 25.8297920227051 26.8014583587646 26.9617500305176 27.1564159393311 27.6686668395996 27.7188758850098 25.1844177246094 22.0530834197998 22.3192501068115 25.5200424194336 27.8810005187988
-3.4e+38 -3.4e+38 -3.4e+38 24.9179019927979 24.8358917236328 -3.4e+38 25.5499992370605 25.525354385376 25.6850433349609 24.9050540924072 23.0785827636719 24.755542755127 24.1912078857422 25.3740425109863 26.1735897064209 26.375 -3.4e+38 -3.4e+38 -3.4e+38 -3.4e+38 -3.4e+38 -3.4e+38 -3.4e+38 -3.4e+38 -3.4e+38 25.0265827178955 24.2938137054443 22.7975425720215 24.4512920379639 23.0870838165283 25.4920425415039 26.7240409851074 26.9598331451416 27.0602073669434 27.1500415802002 25.824333190918 22.6501655578613 24.6985416412354 25.6277503967285 24.4534587860107 22.6841659545898 23.9307079315186 25.9556655883789 26.2287921905518 26.1885414123535 27.6464157104492 27.7412490844727 24.7152500152588 22.2963333129883 22.4171676635742 26.3135414123535 27.8147506713867
-3.4e+38 25.4444446563721 -3.4e+38 24.7601852416992 24.7485961914062 25.1496295928955 -3.4e+38 25.4651508331299 -3.4e+38 25.7356700897217 23.85329246521 24.3738746643066 25.8727035522461 25.6357536315918 25.9923515319824 26.3833332061768 -3.4e+38 -3.4e+38 -3.4e+38 -3.4e+38 -3.4e+38 -3.4e+38 -3.4e+38 -3.4e+38 -3.4e+38 -3.4e+38 25.0821208953857 23.8657493591309 24.7222499847412 24.5454177856445 26.0862922668457 26.730583190918 27.03125 27.007833480835 27.2180004119873 26.970458984375 22.5210418701172 22.3418750762939 23.4389572143555 21.2904586791992 19.9995422363281 21.3370838165283 23.3600006103516 24.4949169158936 24.9394588470459 26.6808338165283 27.1324996948242 24.8735828399658 23.6169586181641 22.3901672363281 25.525333404541 27.7730407714844
-3.4e+38 -3.4e+38 -3.4e+38 -3.4e+38 24.7851848602295 25.0803031921387 -3.4e+38 -3.4e+38 -3.4e+38 24.9659805297852 22.9181022644043 23.9503555297852 25.5879135131836 -3.4e+38 -3.4e+38 -3.4e+38 -3.4e+38 -3.4e+38 -3.4e+38 -3.4e+38 -3.4e+38 -3.4e+38 -3.4e+38 -3.4e+38 -3.4e+38 -3.4e+38 25.2333335876465 24.2012996673584 25.2950839996338 24.6111259460449 25.2720832824707 26.6882076263428 27.1110000610352 27.1924171447754 27.1941242218018 26.9367084503174 24.8420829772949 18.4477081298828 19.3611660003662 16.7483329772949 18.2915000915527 20.2224578857422 22.7511672973633 22.6182918548584 22.8854999542236 25.5592918395996 25.9409580230713 25.0107078552246 24.5827083587646 24.4613761901855 26.6882095336914 27.6518325805664
-3.4e+38 -3.4e+38 -3.4e+38 -3.4e+38 -3.4e+38 -3.4e+38 -3.4e+38 -3.4e+38 -3.4e+38 -3.4e+38 -3.4e+38 -3.4e+38 -3.4e+38 -3.4e+38 -3.4e+38 -3.4e+38 -3.4e+38 -3.4e+38 -3.4e+38 -3.4e+38 -3.4e+38 -3.4e+38 -3.4e+38 -3.4e+38 -3.4e+38 -3.4e+38 -3.4e+38 26.1666660308838 26.0759162902832 25.5639591217041 25.8833332061768 26.6878757476807 27.0795822143555 27.3882503509521 27.0803337097168 25.696834564209 24.3131256103516 19.1219577789307 16.2240829467773 14.7537078857422 21.5382080078125 20.1219997406006 19.1828327178955 21.1132507324219 21.5590000152588 23.7058753967285 24.4697074890137 25.0137500762939 25.345832824707 26.5163345336914 27.5577907562256 27.6585426330566
-3.4e+38 -3.4e+38 -3.4e+38 -3.4e+38 -3.4e+38 -3.4e+38 -3.4e+38 -3.4e+38 -3.4e+38 -3.4e+38 -3.4e+38 -3.4e+38 -3.4e+38 -3.4e+38 -3.4e+38 -3.4e+38 -3.4e+38 -3.4e+38 -3.4e+38 -3.4e+38 -3.4e+38 -3.4e+38 -3.4e+38 -3.4e+38 -3.4e+38 -3.4e+38 -3.4e+38 -3.4e+38 25.6499996185303 25.2969207763672 25.3275833129883 26.1432495117188 27.1983757019043 27.5357093811035 27.3400840759277 24.7143745422363 23.203125 20.9560413360596 19.9653739929199 17.7180423736572 18.8977928161621 14.1534576416016 15.8003749847412 20.1784591674805 20.4865837097168 21.6106262207031 23.4950828552246 24.8623752593994 26.4635829925537 27.4165000915527 27.5049591064453 27.527416229248
-3.4e+38 -3.4e+38 -3.4e+38 -3.4e+38 -3.4e+38 -3.4e+38 -3.4e+38 -3.4e+38 -3.4e+38 -3.4e+38 -3.4e+38 -3.4e+38 -3.4e+38 -3.4e+38 -3.4e+38 -3.4e+38 -3.4e+38 -3.4e+38 -3.4e+38 -3.4e+38 -3.4e+38 -3.4e+38 -3.4e+38 -3.4e+38 -3.4e+38 -3.4e+38 -3.4e+38 -3.4e+38 -3.4e+38 25.3945655822754 25.3025665283203 25.6685829162598 27.172082901001 27.644458770752 27.4615421295166 23.7274169921875 22.8598327636719 18.3802909851074 19.2749996185303 19.6391677856445 15.7011251449585 13.3638334274292 14.2711668014526 19.0075836181641 21.3909587860107 21.4360408782959 23.0442924499512 25.0852508544922 26.9292507171631 27.4997081756592 27.4698753356934 27.4948329925537
-3.4e+38 -3.4e+38 -3.4e+38 -3.4e+38 -3.4e+38 -3.4e+38 -3.4e+38 -3.4e+38 -3.4e+38 -3.4e+38 -3.4e+38 -3.4e+38 -3.4e+38 -3.4e+38 -3.4e+38 -3.4e+38 -3.4e+38 -3.4e+38 -3.4e+38 -3.4e+38 -3.4e+38 -3.4e+38 -3.4e+38 -3.4e+38 -3.4e+38 -3.4e+38 -3.4e+38 -3.4e+38 -3.4e+38 26.2444438934326 25.6901321411133 26.0097980499268 27.0733757019043 27.6035423278809 27.3613338470459 25.002082824707 24.353666305542 17.5767917633057 13.8773336410522 19.4653739929199 20.3645000457764 14.1780414581299 15.3154163360596 19.5977916717529 21.1797904968262 22.0887088775635 23.1360416412354 25.496000289917 27.3093757629395 27.4669570922852 27.4424991607666 27.2495002746582
-3.4e+38 -3.4e+38 -3.4e+38 -3.4e+38 -3.4e+38 -3.4e+38 -3.4e+38 -3.4e+38 -3.4e+38 -3.4e+38 -3.4e+38 -3.4e+38 -3.4e+38 -3.4e+38 -3.4e+38 -3.4e+38 -3.4e+38 -3.4e+38 -3.4e+38 -3.4e+38 -3.4e+38 -3.4e+38 -3.4e+38 -3.4e+38 -3.4e+38 -3.4e+38 -3.4e+38 -3.4e+38 -3.4e+38 -3.4e+38 25.7393417358398 24.9993324279785 26.5063743591309 27.2195415496826 27.357458114624 25.2562503814697 24.2275409698486 19.5461254119873 13.2181253433228 19.4267921447754 22.1613750457764 15.2056665420532 17.7352924346924 18.0648326873779 20.1590843200684 22.4782085418701 23.9268760681152 26.0960426330566 27.4402503967285 27.3603324890137 27.3176250457764 26.8746662139893
-3.4e+38 -3.4e+38 -3.4e+38 -3.4e+38 -3.4e+38 -3.4e+38 -3.4e+38 -3.4e+38 -3.4e+38 -3.4e+38 -3.4e+38 -3.4e+38 -3.4e+38 -3.4e+38 -3.4e+38 -3.4e+38 -3.4e+38 -3.4e+38 -3.4e+38 -3.4e+38 -3.4e+38 -3.4e+38 -3.4e+38 -3.4e+38 -3.4e+38 -3.4e+38 -3.4e+38 -3.4e+38 -3.4e+38 -3.4e+38 25.3108329772949 23.8915405273438 25.8722496032715 26.6757926940918 27.1642913818359 26.1898746490479 24.2295417785645 17.4870834350586 16.3119163513184 20.9215831756592 19.382625579834 18.1981239318848 16.0468330383301 17.3237075805664 19.4050006866455 22.4483757019043 24.9870414733887 27.0377082824707 27.4080829620361 27.0380821228027 27.0718746185303 25.5726661682129
-3.4e+38 -3.4e+38 -3.4e+38 -3.4e+38 -3.4e+38 -3.4e+38 -3.4e+38 -3.4e+38 -3.4e+38 -3.4e+38 -3.4e+38 -3.4e+38 -3.4e+38 -3.4e+38 -3.4e+38 -3.4e+38 -3.4e+38 -3.4e+38 -3.4e+38 -3.4e+38 -3.4e+38 -3.4e+38 -3.4e+38 -3.4e+38 -3.4e+38 -3.4e+38 -3.4e+38 -3.4e+38 -3.4e+38 -3.4e+38 25.8998184204102 24.1017074584961 25.2114582061768 26.3645420074463 26.9249992370605 26.7259578704834 24.7441673278809 19.2610416412354 14.7492084503174 20.3681659698486 20.3793334960938 15.9317083358765 15.9556245803833 16.3769989013672 20.2834587097168 22.8893756866455 25.8267078399658 27.3264579772949 27.2892074584961 26.5834579467773 25.6874160766602 21.9283332824707
-3.4e+38 -3.4e+38 -3.4e+38 -3.4e+38 -3.4e+38 -3.4e+38 -3.4e+38 -3.4e+38 -3.4e+38 -3.4e+38 -3.4e+38 -3.4e+38 -3.4e+38 -3.4e+38 -3.4e+38 -3.4e+38 -3.4e+38 -3.4e+38 -3.4e+38 -3.4e+38 -3.4e+38 -3.4e+38 -3.4e+38 -3.4e+38 -3.4e+38 -3.4e+38 -3.4e+38 -3.4e+38 -3.4e+38 -3.4e+38 26.0499992370605 25.2862720489502 25.4195423126221 26.0099582672119 26.7101669311523 26.5675411224365 24.8686676025391 18.5712909698486 16.2471256256104 21.5600833892822 22.0176239013672 19.3641242980957 15.5699996948242 16.3528327941895 22.2060413360596 23.7528343200684 26.4377918243408 27.2595825195312 27.0187072753906 24.7297077178955 24.0120830535889 15.4584169387817
