data/layers/Current/bio11.asc
NCOLS 494 
NROWS 529 
XLLCORNER -117.166666666667 
YLLCORNER -55.5 
CELLSIZE 0.166666666666667 
NODATA_value -3.4e+38 
[rows 253 to 275 of 529, columns 416 to 467 of 494]
24.3116664886475 24.4960422515869 24.593542098999 24.4387092590332 24.3988742828369 24.2704582214355 24.0380420684814 23.6097087860107 23.6918334960938 23.988374710083 24.1590423583984 23.8330841064453 24.2010841369629 24.216459274292 23.7306671142578 23.7625408172607 24.124792098999 24.259916305542 24.5409164428711 24.874584197998 24.4161243438721 23.7507915496826 23.1686668395996 23.247917175293 23.6906242370605 24.2249164581299 24.1732082366943 24.3266258239746 24.4796657562256 24.5693740844727 24.6608734130859 24.619291305542 24.919750213623 25.2138748168945 25.3164577484131 24.7241249084473 24.8974170684814 24.6428337097168 24.4556255340576 24.2688751220703 23.3971252441406 23.2804164886475 23.7787914276123 23.3264999389648 22.7811241149902 22.2145843505859 21.7340412139893 21.4237079620361 21.0650424957275 20.71266746521 20.6057910919189 20.2181243896484
24.0915832519531 24.2486248016357 24.3483333587646 24.4021663665771 24.4011669158936 24.1540832519531 23.6681251525879 23.4264163970947 23.7757911682129 23.8397083282471 23.689998626709 23.70920753479 23.9659156799316 24.1003322601318 23.9632091522217 23.8899154663086 23.9605007171631 24.1287078857422 24.1631660461426 24.4519157409668 23.834041595459 23.0843753814697 23.3913326263428 23.7847499847412 24.0635833740234 24.2512493133545 24.3294162750244 24.4362087249756 24.5456256866455 24.6500835418701 24.755916595459 24.6249160766602 24.9465827941895 25.1588745117188 24.8638343811035 24.7870006561279 24.607666015625 24.451042175293 24.0865001678467 23.747917175293 23.1089172363281 23.0372924804688 22.2709579467773 22.4488754272461 22.1073322296143 21.7088756561279 21.4367904663086 21.2213325500488 20.8878746032715 20.5213756561279 20.7720413208008 20.6490421295166
24.1066665649414 24.2676258087158 24.34983253479 24.4055824279785 24.3632926940918 24.2020416259766 24.1704177856445 23.7178325653076 23.0284576416016 23.4344596862793 23.5340423583984 23.5672912597656 23.8303756713867 23.9234580993652 23.9515838623047 23.8825416564941 23.839916229248 23.6551246643066 23.8061256408691 24.2429161071777 24.1580410003662 24.0793743133545 24.1180419921875 24.1320838928223 23.9627914428711 23.9075412750244 24.1825428009033 24.3552494049072 24.5536670684814 24.725040435791 24.8143749237061 24.8899593353271 24.9848327636719 24.8564586639404 24.5400009155273 24.0900421142578 23.5189170837402 23.5162086486816 22.3057079315186 21.8545837402344 21.0198345184326 21.2220840454102 21.4500007629395 21.5060424804688 20.8840827941895 21.2001247406006 21.2686672210693 20.9584579467773 20.4454593658447 20.550874710083 20.7267093658447 20.9228744506836
23.8808326721191 24.0835838317871 24.3485832214355 24.3815422058105 24.4410419464111 24.3145008087158 24.0371246337891 23.5533332824707 23.154125213623 23.1721668243408 23.0001258850098 23.5534591674805 23.4907073974609 23.1070404052734 23.2061252593994 23.0501251220703 23.5122089385986 23.7157077789307 23.716625213623 23.8297080993652 23.9918327331543 24.1823749542236 24.0598754882812 24.0179576873779 23.4686660766602 23.6263332366943 23.8175830841064 24.0209159851074 24.3070411682129 24.5268745422363 24.7269592285156 24.9660415649414 24.9415836334229 24.4775009155273 24.2290420532227 23.1943340301514 23.2921257019043 23.8213329315186 22.8178329467773 20.4853324890137 19.861457824707 20.7762908935547 21.7344169616699 20.802583694458 19.6765823364258 20.4772491455078 20.9523754119873 20.783374786377 20.6062088012695 20.2641258239746 20.1915836334229 20.6043338775635
23.7598323822021 23.8154163360596 24.140998840332 24.2207088470459 24.1892910003662 24.2049160003662 23.8788757324219 23.8312492370605 23.275333404541 22.5890407562256 22.035249710083 22.4312915802002 22.1129169464111 21.7942504882812 22.6625423431396 22.5512504577637 22.8352508544922 23.3308334350586 23.7386665344238 23.6629161834717 23.4159164428711 23.4696254730225 23.1691665649414 23.1805839538574 22.9668750762939 23.3733749389648 23.4173755645752 23.7275009155273 23.9745826721191 24.1954174041748 24.4020004272461 24.7205009460449 24.7546253204346 24.679666519165 24.4972915649414 24.265832901001 23.9774169921875 21.9387092590332 20.0270004272461 19.6214580535889 19.6817092895508 21.1363754272461 21.5074577331543 20.5439167022705 19.347957611084 19.0732078552246 20.7862091064453 20.964916229248 21.0723743438721 20.7204990386963 19.8223323822021 19.898416519165
23.5378322601318 23.7747497558594 23.9533748626709 24.1187496185303 23.8510837554932 23.83424949646 23.9069156646729 23.433292388916 23.2212905883789 22.5919589996338 22.169958114624 21.958833694458 21.6748332977295 21.4437084197998 21.5130424499512 22.7279586791992 23.0989589691162 23.30299949646 23.4055824279785 23.2315826416016 22.8496246337891 22.914249420166 22.4720001220703 22.0798740386963 22.4421253204346 22.9857082366943 23.1021671295166 23.6860828399658 23.8522491455078 23.9409999847412 24.1448745727539 24.5032081604004 24.5759582519531 24.3861656188965 24.1234588623047 23.915584564209 23.0761661529541 20.2460842132568 19.0551662445068 19.5177917480469 20.5943336486816 21.2162494659424 21.3162078857422 20.27170753479 19.050666809082 19.7214584350586 21.2509174346924 21.1954174041748 21.3980007171631 20.9701251983643 20.5386657714844 20.2764587402344
23.3378753662109 23.632833480835 23.7868328094482 23.9067077636719 23.9422492980957 23.4914588928223 23.7162494659424 23.1174163818359 23.2068328857422 22.6656665802002 22.24387550354 22.015832901001 21.8260822296143 21.5856246948242 21.4274158477783 22.5028743743896 22.999584197998 23.1319580078125 22.8901672363281 22.2922496795654 21.7713756561279 21.8910827636719 21.9808750152588 21.9590835571289 22.405834197998 23.1723327636719 22.8975830078125 23.531457901001 23.9544582366943 24.050874710083 24.1605834960938 24.023416519165 23.9193344116211 24.0900421142578 23.8526668548584 23.5927085876465 22.8831253051758 20.3172073364258 19.5405826568604 19.4807510375977 20.3675842285156 21.1061248779297 20.4427490234375 19.4252490997314 19.4447917938232 20.8370418548584 21.5563335418701 21.4285831451416 21.4052925109863 21.1607913970947 20.7643756866455 20.5491256713867
23.4492492675781 23.6712913513184 23.9579582214355 23.9335422515869 23.9534587860107 23.5356674194336 23.4735412597656 23.4072494506836 22.6723747253418 22.5740413665771 22.4027919769287 22.2054176330566 21.8459167480469 22.019832611084 21.4528751373291 21.9694595336914 22.5629577636719 22.6353759765625 22.0264167785645 21.7513332366943 21.8956661224365 22.1205406188965 22.267749786377 21.8920421600342 22.7434577941895 23.5492496490479 23.3683338165283 23.7542495727539 23.8891658782959 24.1952495574951 24.2049579620361 23.8290824890137 23.857458114624 23.8682918548584 23.6281661987305 23.2082500457764 22.7970409393311 21.0588340759277 20.0612087249756 20.050666809082 20.4224586486816 20.9661674499512 20.3247509002686 19.6342506408691 20.2409992218018 21.5361251831055 21.7390003204346 21.5695838928223 21.3872909545898 21.406457901001 20.8647918701172 21.1684169769287
23.2256660461426 23.4410419464111 23.6141662597656 23.7104587554932 23.7359580993652 23.6139163970947 23.1103744506836 23.2220420837402 22.8452491760254 22.220666885376 22.2590827941895 22.0946254730225 22.2735004425049 22.4103755950928 21.9574584960938 21.8095417022705 22.1012916564941 22.0730838775635 21.9661674499512 22.2296257019043 22.2981662750244 22.4466247558594 22.4532909393311 22.1967086791992 22.7818756103516 23.6221656799316 23.822416305542 24.4863338470459 24.6570835113525 24.6556243896484 24.4053325653076 23.5183753967285 23.6183757781982 23.6163330078125 23.2121658325195 22.7273330688477 21.9223747253418 21.580249786377 20.6263751983643 20.2068328857422 20.8328742980957 20.8312072753906 20.2262916564941 19.2584590911865 20.3881244659424 21.6548328399658 21.7888336181641 21.8076248168945 21.7169990539551 21.6764163970947 21.6311664581299 21.4622497558594
23.2950839996338 23.3320827484131 23.5149173736572 23.5502910614014 23.5475826263428 23.3659591674805 22.8371658325195 22.9466247558594 22.0589580535889 22.1413326263428 22.3537921905518 22.2627086639404 22.0568332672119 22.378999710083 22.4125003814697 22.2234992980957 22.0907917022705 22.1533737182617 22.2329578399658 22.263542175293 22.4640007019043 22.6517906188965 22.9070415496826 22.5634574890137 23.1180839538574 23.7663326263428 24.0158748626709 24.833833694458 25.0107917785645 24.7074165344238 23.8796253204346 21.6955833435059 22.5745010375977 23.1611671447754 22.1002922058105 21.7051258087158 20.8680839538574 20.6206665039062 20.4540824890137 18.7527923583984 20.4484996795654 20.4267501831055 19.4733333587646 20.2625827789307 20.45920753479 21.3020420074463 21.556583404541 21.6842918395996 21.6230411529541 21.5056667327881 21.4855003356934 21.3398323059082
23.1589164733887 22.7511672973633 22.9440422058105 23.0816669464111 23.2932910919189 23.2990417480469 22.8518333435059 22.2466239929199 22.3465423583984 22.5300426483154 22.2924995422363 21.9956665039062 22.0071678161621 22.0895843505859 22.1765422821045 21.689416885376 22.019832611084 21.8170413970947 22.1299991607666 22.2941246032715 22.5930404663086 22.7994575500488 23.0217914581299 23.0647926330566 23.3679580688477 23.6243324279785 24.2032489776611 24.4629173278809 24.7210006713867 24.5174999237061 22.6392498016357 20.3592491149902 21.8287506103516 21.9694156646729 22.2064170837402 21.4004592895508 20.5290832519531 19.9969177246094 19.9741668701172 18.1768341064453 19.2119579315186 19.5277080535889 18.9168758392334 20.6625423431396 20.7362079620361 21.4696674346924 21.4948329925537 21.4283332824707 21.2925834655762 21.3177089691162 21.1577911376953 21.1180419921875
23.5470428466797 23.2287921905518 22.8105411529541 23.8200836181641 23.6035423278809 23.3745422363281 23.2512092590332 22.3322906494141 22.1547908782959 22.2277088165283 22.1724586486816 22.2049999237061 22.1279582977295 22.0915412902832 21.8002510070801 21.5965003967285 21.3040828704834 22.0650424957275 22.4436664581299 22.5749588012695 22.726375579834 22.9200401306152 23.0794162750244 23.3758754730225 23.2754592895508 23.2601661682129 23.9306240081787 24.2759590148926 24.3122501373291 24.228832244873 21.9193325042725 19.832332611084 20.6553745269775 21.8745422363281 20.8438758850098 21.0682506561279 20.2928333282471 19.986457824707 19.8462505340576 17.6398334503174 17.9937496185303 18.1822090148926 19.0271663665771 19.7943325042725 20.4469585418701 21.217041015625 21.1521244049072 21.1646671295166 21.4892082214355 21.3953323364258 21.0657081604004 21.2023754119873
23.826208114624 23.4694995880127 23.8405838012695 23.9438323974609 23.8600006103516 23.4925422668457 23.1714172363281 22.9812927246094 22.6641654968262 22.3494167327881 22.25954246521 22.2243328094482 22.2335414886475 22.197624206543 22.09987449646 21.9251251220703 22.0518341064453 22.4194164276123 22.6101665496826 22.7403335571289 22.8760833740234 23.0266666412354 23.155834197998 23.3683757781982 23.1359176635742 23.4202919006348 23.8913326263428 24.0896244049072 24.0086250305176 23.3435001373291 20.8873329162598 19.4862079620361 19.4755420684814 21.3440837860107 20.8488330841064 20.5853328704834 20.3407077789307 20.2461242675781 19.5326671600342 17.4504165649414 17.6760005950928 18.4325408935547 19.7476253509521 19.9730415344238 20.4132919311523 20.955207824707 20.937084197998 21.0925827026367 21.2258758544922 21.5475845336914 21.4778327941895 20.9551658630371
23.8651676177979 23.7347087860107 24.011833190918 24.0841255187988 24.1624164581299 23.875415802002 23.207124710083 23.2248344421387 23.1569175720215 22.3912086486816 22.4440002441406 22.4232501983643 22.3374176025391 22.3449993133545 22.3882083892822 22.5955410003662 21.7971248626709 22.1505832672119 22.7546672821045 22.8790416717529 22.9724998474121 23.0885829925537 23.2378330230713 23.3390426635742 23.3599586486816 23.4309158325195 23.9084587097168 24.1138343811035 24.0276660919189 23.6145000457764 22.0858325958252 21.0732917785645 19.7199172973633 19.8634586334229 20.6419162750244 20.5496673583984 20.2662506103516 19.9411659240723 18.8777084350586 17.8330841064453 17.7482490539551 18.1323337554932 18.7958335876465 19.792667388916 20.05637550354 20.3522491455078 20.7058753967285 21.0673751831055 21.1979160308838 21.3857498168945 21.5297088623047 21.4410419464111
23.8545837402344 24.0252494812012 24.1276664733887 24.13108253479 24.2579174041748 24.1398334503174 24.0498752593994 23.7295417785645 23.7339172363281 22.7527084350586 22.7085838317871 22.5770835876465 22.4831256866455 22.5345001220703 22.4992504119873 22.2668323516846 22.5217914581299 22.4769592285156 22.8582077026367 22.9213333129883 23.0027503967285 23.1102085113525 23.1808757781982 23.3232917785645 23.4023342132568 23.1332492828369 23.5129585266113 23.9633331298828 24.0124168395996 23.5861663818359 21.0493755340576 20.773416519165 19.4771251678467 18.8034992218018 19.5840835571289 19.6336250305176 19.8387088775635 19.4632911682129 17.8648338317871 17.6247501373291 18.4324169158936 18.785457611084 18.9948329925537 19.6017913818359 20.0436668395996 20.5884590148926 20.679708480835 21.2175827026367 20.9553337097168 21.1970825195312 21.4572086334229 21.5312080383301
23.3940830230713 23.7970409393311 24.0501670837402 24.1674575805664 24.2591247558594 24.271333694458 24.4204998016357 24.2441253662109 23.4828758239746 22.6504173278809 22.7430839538574 22.8005409240723 22.8020839691162 22.7469177246094 22.5497913360596 22.2840423583984 22.3497924804688 22.6987915039062 22.115291595459 21.7920417785645 22.2595825195312 22.1580829620361 21.7370834350586 22.8387908935547 23.1787071228027 23.75608253479 23.5413341522217 23.9580421447754 23.0289573669434 23.4429588317871 22.3084583282471 21.1923751831055 20.1455841064453 18.1049575805664 18.9015407562256 18.8637924194336 19.4934577941895 19.3741245269775 17.935791015625 18.4419994354248 19.8307914733887 19.0820007324219 19.3833751678467 19.8238334655762 20.2732086181641 20.6441669464111 20.9667911529541 21.2206249237061 20.703332901001 21.0297508239746 21.1181659698486 21.2888336181641
23.3875007629395 23.6846256256104 23.804708480835 24.0139579772949 24.249792098999 24.3940410614014 24.5365009307861 24.6347503662109 23.7760009765625 22.7312507629395 22.8821659088135 22.9875011444092 22.9484577178955 22.9919166564941 22.9584999084473 22.6979999542236 22.6378746032715 22.1759586334229 21.5557498931885 21.5559577941895 21.5994167327881 21.4688758850098 21.2592506408691 21.3773326873779 22.7387084960938 23.7387924194336 23.4887924194336 24.1217498779297 22.9991664886475 22.5186672210693 23.8183326721191 22.6585006713867 21.7110424041748 18.7919158935547 18.710958480835 18.6552505493164 19.0197086334229 20.0071659088135 18.3312911987305 19.4738750457764 20.0983333587646 19.0749168395996 19.712459564209 20.0565414428711 20.4619579315186 20.7609577178955 20.974666595459 21.1990413665771 20.8934173583984 21.013916015625 21.1754589080811 20.9967498779297
23.6347503662109 23.8501663208008 24.0011672973633 24.2121658325195 24.4871253967285 24.5095825195312 24.5750007629395 24.6118755340576 24.1588325500488 22.9651260375977 22.9136657714844 23.1058330535889 23.0671653747559 23.1129169464111 23.0832500457764 22.7427082061768 22.6244583129883 22.3786239624023 21.8734588623047 21.7096672058105 21.662166595459 21.605541229248 21.379207611084 22.2700004577637 23.4753341674805 23.8553333282471 23.6328754425049 24.1312084197998 22.9599590301514 21.9629993438721 23.6713752746582 23.6744155883789 22.6186676025391 19.5855827331543 18.7122497558594 18.4783744812012 19.2479591369629 19.9782905578613 19.7027072906494 20.3888759613037 20.4038753509521 19.4737091064453 19.7776260375977 19.9130420684814 20.3101253509521 20.886625289917 21.1302070617676 21.1092071533203 21.2253761291504 21.1466255187988 21.2387504577637 21.2427921295166
23.7374591827393 23.8344593048096 23.9833335876465 24.2039165496826 24.2582511901855 24.1493759155273 24.6035423278809 24.6922912597656 24.5440826416016 23.2548332214355 22.8469581604004 23.0258331298828 23.0752925872803 23.0640830993652 22.8878746032715 22.6384582519531 22.3947486877441 22.0887088775635 21.8371677398682 21.6188335418701 21.4699993133545 21.3863334655762 21.7825832366943 23.4585838317871 23.7435836791992 24.0171661376953 24.185791015625 24.2470836639404 23.9669170379639 22.3411674499512 23.1882495880127 23.5655422210693 23.064582824707 19.9910411834717 18.6793746948242 18.5930824279785 19.0908336639404 18.5046253204346 19.3157081604004 21.4304580688477 20.7010841369629 19.7525844573975 20.0967502593994 20.4525413513184 20.157958984375 21.0100002288818 21.2545413970947 20.9560413360596 21.0802917480469 21.1725425720215 21.3365421295166 21.3012084960938
23.8154163360596 23.9147911071777 23.9027500152588 23.9536666870117 24.1105842590332 23.3345413208008 24.2087917327881 24.6207084655762 24.3670425415039 22.8090839385986 22.6964588165283 22.9221668243408 22.9139995574951 22.7912921905518 22.6311664581299 22.4975414276123 22.3400840759277 21.9579582214355 21.7812080383301 21.6457500457764 21.4095840454102 21.283332824707 22.3212509155273 23.4393749237061 23.7766246795654 24.0900001525879 24.2648754119873 24.4015827178955 23.8502922058105 22.7572498321533 22.4144172668457 23.4078330993652 23.2877502441406 20.7570838928223 18.9996662139893 18.2161674499512 18.662166595459 18.021125793457 18.2808742523193 21.7874164581299 21.0938339233398 20.1869583129883 20.019250869751 20.7988758087158 20.7487087249756 20.9074592590332 21.0942077636719 20.8442916870117 20.4426250457764 20.5505828857422 20.8975830078125 21.0522499084473
23.8691253662109 23.9338760375977 23.9692077636719 23.8989162445068 23.3509578704834 22.9167079925537 23.1960830688477 23.9542083740234 23.7663745880127 22.7363338470459 22.5727500915527 22.6845836639404 22.6037502288818 22.5172500610352 22.3935012817383 22.2531661987305 22.0653324127197 21.8950004577637 21.8446254730225 21.7477493286133 21.4472503662109 21.4699172973633 22.4827919006348 23.2837924957275 23.9217491149902 24.1925411224365 24.3926658630371 24.3481254577637 23.8514175415039 22.3575000762939 21.1134586334229 23.0064582824707 23.1236248016357 21.6655406951904 19.3522090911865 17.6893329620361 18.0230007171631 17.7496242523193 17.7641658782959 20.3285007476807 21.4681243896484 21.1755828857422 20.4903335571289 20.8088760375977 20.5608749389648 20.0657501220703 19.6441669464111 19.2857074737549 19.6298332214355 20.0688743591309 20.3499584197998 21.261833190918
23.6682510375977 23.8733329772949 23.6483345031738 23.417667388916 23.7036247253418 23.3934173583984 23.3176250457764 23.310417175293 23.1277923583984 22.201208114624 22.3402919769287 22.5000419616699 22.4464588165283 22.2820415496826 22.1357917785645 22.0797500610352 21.9384994506836 21.9508743286133 21.986291885376 21.9142913818359 21.5069580078125 21.8812923431396 22.9323329925537 23.4237499237061 23.8117084503174 24.1747493743896 24.4236259460449 24.2170829772949 23.9846248626709 22.2864589691162 21.0215835571289 22.6117076873779 22.8058738708496 22.2278327941895 19.7093753814697 17.3216247558594 17.8752918243408 17.888916015625 17.7524585723877 18.0212078094482 21.2030410766602 21.2165832519531 21.2373752593994 21.2112922668457 19.6891250610352 17.9442920684814 18.3934993743896 17.8792915344238 18.2137508392334 19.8153762817383 20.8148326873779 21.3637924194336
22.6996250152588 23.5797920227051 23.8358764648438 23.0891246795654 23.5440406799316 23.6569595336914 23.6634578704834 23.8171253204346 23.2540836334229 21.9478740692139 22.2130832672119 22.2612075805664 22.2668323516846 22.0927085876465 22.0737495422363 21.90625 21.7876663208008 21.636625289917 21.7436676025391 22.2548332214355 21.9579162597656 22.2800426483154 23.0820007324219 23.6386661529541 23.8374996185303 24.1713333129883 24.3369998931885 24.0852508544922 23.6357917785645 22.2127914428711 21.1128749847412 21.4869575500488 22.3325424194336 21.3481254577637 19.1570415496826 17.3191261291504 18.7154159545898 19.097749710083 17.7287082672119 17.7894172668457 20.5696678161621 20.179500579834 20.7215843200684 20.2119998931885 18.2037086486816 17.8782501220703 18.3045425415039 18.4655838012695 18.7358741760254 19.7519989013672 20.8784580230713 21.5171661376953
