data/layers/Current/bio14.asc
NCOLS 494 
NROWS 529 
XLLCORNER -117.166666666667 
YLLCORNER -55.5 
CELLSIZE 0.166666666666667 
NODATA_value -3.4e+38 
[rows 315 to 349 of 529, columns 390 to 467 of 494]
23 22 20 20 19 18 18 16 16 15 15 14 14 14 14 14 14 15 16 17 17 17 18 19 20 19 16 15 15 17 16 16 17 16 14 15 13 12 12 12 12 14 13 11 12 13 14 13 13 14 14 18 15 13 14 16 13 11 13 14 19 20 20 22 25 32 32 39 45 50 49 50 50 -3.4e+38 -3.4e+38 -3.4e+38 -3.4e+38 -3.4e+38
23 23 21 20 19 18 17 16 15 16 16 15 14 14 15 15 14 13 15 15 15 15 15 15 15 13 11 11 12 15 18 17 18 17 14 13 13 14 13 14 15 16 14 13 13 14 15 14 15 15 13 18 15 14 15 16 13 13 14 16 21 18 21 25 29 33 35 45 48 51 53 56 52 -3.4e+38 -3.4e+38 -3.4e+38 -3.4e+38 -3.4e+38
23 22 22 20 19 18 17 16 14 15 17 17 16 16 16 15 13 12 12 13 13 14 14 13 12 11 10 13 16 14 15 14 16 18 16 13 14 15 15 15 16 17 15 14 14 15 16 15 13 14 11 14 14 14 15 15 15 15 17 18 20 21 24 27 34 36 40 44 47 53 55 57 -3.4e+38 -3.4e+38 -3.4e+38 -3.4e+38 -3.4e+38 -3.4e+38
24 23 22 22 20 18 17 16 16 16 17 18 17 17 16 15 13 12 12 12 12 12 12 12 11 10 10 14 18 17 17 13 13 16 16 15 16 18 17 17 18 18 16 15 15 15 15 14 11 13 12 15 17 15 17 16 17 17 20 20 23 22 27 26 29 31 38 44 48 51 53 54 -3.4e+38 -3.4e+38 -3.4e+38 -3.4e+38 -3.4e+38 -3.4e+38
25 24 23 22 21 19 17 16 17 17 16 17 17 17 15 14 14 13 12 12 12 13 11 11 11 12 11 15 20 19 18 14 13 13 15 18 17 20 19 18 17 18 17 16 16 15 15 15 15 13 13 15 16 17 18 19 19 17 21 18 19 20 24 25 28 28 36 43 46 49 49 -3.4e+38 -3.4e+38 -3.4e+38 -3.4e+38 -3.4e+38 -3.4e+38 -3.4e+38
25 24 25 24 22 19 18 17 17 16 16 16 16 15 14 14 14 14 14 14 15 15 13 11 12 14 16 15 15 16 18 15 14 14 14 16 17 19 19 19 19 19 19 18 17 16 16 16 15 14 15 17 17 19 19 20 20 18 19 18 20 21 25 26 25 26 32 41 42 43 45 -3.4e+38 -3.4e+38 -3.4e+38 -3.4e+38 -3.4e+38 -3.4e+38 -3.4e+38
25 24 24 23 22 21 20 19 18 16 15 15 15 14 14 13 13 15 17 17 18 18 15 13 13 16 19 21 19 16 17 16 16 16 16 18 19 20 21 21 21 21 20 20 18 17 15 15 15 15 18 18 18 19 19 19 17 20 19 22 17 21 24 29 29 29 30 37 38 40 -3.4e+38 -3.4e+38 -3.4e+38 -3.4e+38 -3.4e+38 -3.4e+38 -3.4e+38 -3.4e+38
25 24 23 23 23 22 20 20 19 17 17 16 15 14 15 15 14 16 19 20 18 18 16 15 16 19 23 21 20 19 18 18 17 16 18 20 21 20 21 22 22 22 22 21 19 17 14 13 14 16 19 20 19 20 18 14 15 18 18 19 17 16 21 23 26 30 32 34 34 -3.4e+38 -3.4e+38 -3.4e+38 -3.4e+38 -3.4e+38 -3.4e+38 -3.4e+38 -3.4e+38 -3.4e+38
27 24 23 21 22 22 20 20 20 18 18 17 16 17 17 17 17 18 20 20 17 17 17 17 19 23 25 24 21 20 19 17 16 18 19 21 22 22 23 23 22 22 22 21 20 17 14 13 14 16 19 20 18 16 13 13 15 17 20 20 18 17 19 22 24 27 30 29 -3.4e+38 -3.4e+38 -3.4e+38 -3.4e+38 -3.4e+38 -3.4e+38 -3.4e+38 -3.4e+38 -3.4e+38 -3.4e+38
29 28 25 26 25 23 20 20 22 20 19 18 19 19 20 20 19 19 19 19 18 17 17 18 20 23 25 25 22 20 18 17 17 17 19 21 23 24 24 23 21 21 19 19 18 18 16 15 16 17 19 18 17 14 13 16 13 16 21 20 19 19 20 22 25 28 28 26 -3.4e+38 -3.4e+38 -3.4e+38 -3.4e+38 -3.4e+38 -3.4e+38 -3.4e+38 -3.4e+38 -3.4e+38 -3.4e+38
33 29 29 29 29 25 22 21 23 22 21 20 21 22 23 22 21 20 19 18 18 18 18 19 20 22 24 24 22 20 18 18 18 18 20 23 25 27 25 22 20 18 17 18 18 19 18 16 17 18 17 17 17 17 14 15 16 19 20 20 18 18 19 23 26 26 26 -3.4e+38 -3.4e+38 -3.4e+38 -3.4e+38 -3.4e+38 -3.4e+38 -3.4e+38 -3.4e+38 -3.4e+38 -3.4e+38 -3.4e+38
34 31 31 30 30 28 25 27 26 24 24 25 25 25 25 24 22 21 20 19 19 19 19 20 22 23 22 22 20 18 17 19 21 23 24 26 28 28 26 23 19 16 16 18 19 19 19 18 18 19 18 17 18 18 18 20 19 19 19 19 17 20 26 25 26 26 28 -3.4e+38 -3.4e+38 -3.4e+38 -3.4e+38 -3.4e+38 -3.4e+38 -3.4e+38 -3.4e+38 -3.4e+38 -3.4e+38 -3.4e+38
34 33 32 32 32 31 30 31 29 27 27 27 28 28 28 25 25 24 22 21 19 19 20 21 23 25 24 21 19 18 18 21 22 26 27 28 29 29 26 23 20 18 18 17 19 20 20 19 20 19 18 18 18 21 20 21 19 20 21 20 22 28 26 28 28 29 30 27 -3.4e+38 -3.4e+38 -3.4e+38 -3.4e+38 -3.4e+38 -3.4e+38 -3.4e+38 -3.4e+38 -3.4e+38 -3.4e+38
33 34 35 34 34 34 33 34 32 30 29 28 29 32 31 27 30 27 26 23 21 20 21 22 23 26 26 22 20 19 20 21 23 26 28 29 30 28 25 23 22 21 20 19 23 24 22 22 18 18 17 20 24 26 25 24 25 25 24 24 28 28 30 33 31 32 30 27 -3.4e+38 -3.4e+38 -3.4e+38 -3.4e+38 -3.4e+38 -3.4e+38 -3.4e+38 -3.4e+38 -3.4e+38 -3.4e+38
32 36 37 37 37 35 35 36 33 30 31 33 34 32 30 28 31 28 26 26 24 23 23 23 24 26 24 21 21 20 20 21 23 25 27 28 29 28 26 24 24 25 21 18 25 25 21 18 18 19 21 27 32 34 34 31 30 30 27 30 29 32 37 37 33 -3.4e+38 -3.4e+38 -3.4e+38 -3.4e+38 -3.4e+38 -3.4e+38 -3.4e+38 -3.4e+38 -3.4e+38 -3.4e+38 -3.4e+38 -3.4e+38 -3.4e+38
34 38 40 39 37 36 36 37 35 32 33 36 36 37 34 31 32 28 25 25 26 26 26 26 27 27 23 21 21 21 21 22 23 25 26 29 30 28 26 23 23 26 25 24 28 26 20 18 19 21 25 32 38 45 43 37 30 30 27 26 32 37 42 -3.4e+38 -3.4e+38 -3.4e+38 -3.4e+38 -3.4e+38 -3.4e+38 -3.4e+38 -3.4e+38 -3.4e+38 -3.4e+38 -3.4e+38 -3.4e+38 -3.4e+38 -3.4e+38 -3.4e+38
42 41 42 42 39 37 37 38 38 37 38 39 37 38 38 35 32 27 25 25 26 29 28 28 28 26 24 23 22 22 23 25 26 26 27 30 30 31 29 30 29 28 23 22 24 24 22 20 21 24 33 45 50 51 44 32 26 24 26 29 34 36 -3.4e+38 -3.4e+38 -3.4e+38 -3.4e+38 -3.4e+38 -3.4e+38 -3.4e+38 -3.4e+38 -3.4e+38 -3.4e+38 -3.4e+38 -3.4e+38 -3.4e+38 -3.4e+38 -3.4e+38 -3.4e+38
46 44 44 44 43 40 40 40 40 40 42 41 40 40 39 39 32 27 25 26 29 33 28 28 27 26 25 25 25 25 26 27 29 28 28 28 30 34 32 34 29 22 22 22 28 29 30 28 25 27 40 47 54 52 35 28 24 25 28 31 33 35 47 -3.4e+38 -3.4e+38 -3.4e+38 -3.4e+38 -3.4e+38 -3.4e+38 -3.4e+38 -3.4e+38 -3.4e+38 -3.4e+38 -3.4e+38 -3.4e+38 -3.4e+38 -3.4e+38 -3.4e+38
47 46 45 45 46 46 44 41 42 43 45 44 42 41 41 38 33 27 26 30 33 34 33 28 25 25 25 28 28 28 28 28 30 29 28 28 31 33 33 25 22 21 22 22 28 35 40 40 37 35 42 45 48 42 26 23 23 25 28 29 32 33 -3.4e+38 -3.4e+38 -3.4e+38 -3.4e+38 -3.4e+38 -3.4e+38 -3.4e+38 -3.4e+38 -3.4e+38 -3.4e+38 -3.4e+38 -3.4e+38 -3.4e+38 -3.4e+38 -3.4e+38 -3.4e+38
47 45 45 47 48 48 47 45 46 47 48 49 48 44 39 37 36 32 32 34 35 36 36 28 25 26 28 29 31 33 31 29 30 29 28 30 32 29 26 23 21 23 25 27 49 64 63 54 48 49 46 45 46 41 37 24 -3.4e+38 -3.4e+38 -3.4e+38 -3.4e+38 32 34 -3.4e+38 -3.4e+38 -3.4e+38 -3.4e+38 -3.4e+38 -3.4e+38 -3.4e+38 -3.4e+38 -3.4e+38 -3.4e+38 -3.4e+38 -3.4e+38 -3.4e+38 -3.4e+38 -3.4e+38 -3.4e+38
45 45 46 50 52 53 52 51 51 53 55 58 58 52 46 43 41 38 31 33 34 34 33 29 28 31 30 30 32 34 33 33 31 29 30 33 32 29 26 26 26 31 37 59 78 85 67 58 53 -3.4e+38 -3.4e+38 -3.4e+38 -3.4e+38 -3.4e+38 -3.4e+38 -3.4e+38 -3.4e+38 -3.4e+38 -3.4e+38 -3.4e+38 -3.4e+38 -3.4e+38 -3.4e+38 -3.4e+38 -3.4e+38 -3.4e+38 -3.4e+38 -3.4e+38 -3.4e+38 -3.4e+38 -3.4e+38 -3.4e+38 -3.4e+38 -3.4e+38 -3.4e+38 -3.4e+38 -3.4e+38 -3.4e+38
47 45 48 52 56 58 57 56 58 60 62 66 66 60 47 38 43 41 33 33 34 34 35 33 33 34 31 32 32 35 36 37 36 35 37 40 43 40 38 35 38 49 83 98 97 94 -3.4e+38 -3.4e+38 -3.4e+38 -3.4e+38 -3.4e+38 -3.4e+38 -3.4e+38 -3.4e+38 -3.4e+38 -3.4e+38 -3.4e+38 -3.4e+38 -3.4e+38 -3.4e+38 -3.4e+38 -3.4e+38 -3.4e+38 -3.4e+38 -3.4e+38 -3.4e+38 -3.4e+38 -3.4e+38 -3.4e+38 -3.4e+38 -3.4e+38 -3.4e+38 -3.4e+38 -3.4e+38 -3.4e+38 -3.4e+38 -3.4e+38 -3.4e+38
54 52 55 59 62 62 61 60 62 64 66 66 65 54 42 37 43 42 37 38 37 35 38 38 39 37 35 34 38 43 44 44 41 42 50 53 61 64 58 59 64 82 95 -3.4e+38 -3.4e+38 -3.4e+38 -3.4e+38 -3.4e+38 -3.4e+38 -3.4e+38 -3.4e+38 -3.4e+38 -3.4e+38 -3.4e+38 -3.4e+38 -3.4e+38 -3.4e+38 -3.4e+38 -3.4e+38 -3.4e+38 -3.4e+38 -3.4e+38 -3.4e+38 -3.4e+38 -3.4e+38 -3.4e+38 -3.4e+38 -3.4e+38 -3.4e+38 -3.4e+38 -3.4e+38 -3.4e+38 -3.4e+38 -3.4e+38 -3.4e+38 -3.4e+38 -3.4e+38 -3.4e+38
61 60 62 64 65 67 67 64 64 66 65 63 58 44 40 43 49 46 44 43 41 39 39 41 40 39 40 44 53 54 52 53 57 62 84 96 107 106 93 90 92 92 88 -3.4e+38 -3.4e+38 -3.4e+38 -3.4e+38 -3.4e+38 -3.4e+38 -3.4e+38 -3.4e+38 -3.4e+38 -3.4e+38 -3.4e+38 -3.4e+38 -3.4e+38 -3.4e+38 -3.4e+38 -3.4e+38 -3.4e+38 -3.4e+38 -3.4e+38 -3.4e+38 -3.4e+38 -3.4e+38 -3.4e+38 -3.4e+38 -3.4e+38 -3.4e+38 -3.4e+38 -3.4e+38 -3.4e+38 -3.4e+38 -3.4e+38 -3.4e+38 -3.4e+38 -3.4e+38 -3.4e+38
68 68 67 68 71 73 72 69 67 67 64 60 57 46 43 46 49 47 46 47 45 41 41 44 41 43 52 63 68 64 61 68 83 101 106 121 127 -3.4e+38 122 95 98 91 -3.4e+38 -3.4e+38 -3.4e+38 -3.4e+38 -3.4e+38 -3.4e+38 -3.4e+38 -3.4e+38 -3.4e+38 -3.4e+38 -3.4e+38 -3.4e+38 -3.4e+38 -3.4e+38 -3.4e+38 -3.4e+38 -3.4e+38 -3.4e+38 -3.4e+38 -3.4e+38 -3.4e+38 -3.4e+38 -3.4e+38 -3.4e+38 -3.4e+38 -3.4e+38 -3.4e+38 -3.4e+38 -3.4e+38 -3.4e+38 -3.4e+38 -3.4e+38 -3.4e+38 -3.4e+38 -3.4e+38 -3.4e+38
74 72 74 72 73 73 76 75 71 67 64 62 58 52 50 49 47 46 47 47 46 43 42 44 45 52 59 67 70 67 72 79 91 105 105 115 -3.4e+38 -3.4e+38 110 -3.4e+38 -3.4e+38 -3.4e+38 -3.4e+38 -3.4e+38 -3.4e+38 -3.4e+38 -3.4e+38 -3.4e+38 -3.4e+38 -3.4e+38 -3.4e+38 -3.4e+38 -3.4e+38 -3.4e+38 -3.4e+38 -3.4e+38 -3.4e+38 -3.4e+38 -3.4e+38 -3.4e+38 -3.4e+38 -3.4e+38 -3.4e+38 -3.4e+38 -3.4e+38 -3.4e+38 -3.4e+38 -3.4e+38 -3.4e+38 -3.4e+38 -3.4e+38 -3.4e+38 -3.4e+38 -3.4e+38 -3.4e+38 -3.4e+38 -3.4e+38 -3.4e+38
72 75 80 79 76 75 76 78 74 70 68 66 63 61 60 57 54 51 49 49 49 48 49 52 53 54 58 62 69 69 71 74 84 -3.4e+38 -3.4e+38 -3.4e+38 -3.4e+38 -3.4e+38 -3.4e+38 -3.4e+38 -3.4e+38 -3.4e+38 -3.4e+38 -3.4e+38 -3.4e+38 -3.4e+38 -3.4e+38 -3.4e+38 -3.4e+38 -3.4e+38 -3.4e+38 -3.4e+38 -3.4e+38 -3.4e+38 -3.4e+38 -3.4e+38 -3.4e+38 -3.4e+38 -3.4e+38 -3.4e+38 -3.4e+38 -3.4e+38 -3.4e+38 -3.4e+38 -3.4e+38 -3.4e+38 -3.4e+38 -3.4e+38 -3.4e+38 -3.4e+38 -3.4e+38 -3.4e+38 -3.4e+38 -3.4e+38 -3.4e+38 -3.4e+38 -3.4e+38 -3.4e+38
74 76 78 80 77 81 77 79 77 71 68 67 68 69 68 65 62 58 56 53 55 55 54 52 51 55 61 70 77 83 82 73 -3.4e+38 -3.4e+38 -3.4e+38 -3.4e+38 -3.4e+38 -3.4e+38 -3.4e+38 -3.4e+38 -3.4e+38 -3.4e+38 -3.4e+38 -3.4e+38 -3.4e+38 -3.4e+38 -3.4e+38 -3.4e+38 -3.4e+38 -3.4e+38 -3.4e+38 -3.4e+38 -3.4e+38 -3.4e+38 -3.4e+38 -3.4e+38 -3.4e+38 -3.4e+38 -3.4e+38 -3.4e+38 -3.4e+38 -3.4e+38 -3.4e+38 -3.4e+38 -3.4e+38 -3.4e+38 -3.4e+38 -3.4e+38 -3.4e+38 -3.4e+38 -3.4e+38 -3.4e+38 -3.4e+38 -3.4e+38 -3.4e+38 -3.4e+38 -3.4e+38 -3.4e+38
80 82 80 78 79 81 82 81 78 75 70 73 77 75 72 70 66 61 59 59 61 57 55 52 53 55 66 80 86 88 81 -3.4e+38 -3.4e+38 -3.4e+38 -3.4e+38 -3.4e+38 -3.4e+38 -3.4e+38 -3.4e+38 -3.4e+38 -3.4e+38 -3.4e+38 -3.4e+38 -3.4e+38 -3.4e+38 -3.4e+38 -3.4e+38 -3.4e+38 -3.4e+38 -3.4e+38 -3.4e+38 -3.4e+38 -3.4e+38 -3.4e+38 -3.4e+38 -3.4e+38 -3.4e+38 -3.4e+38 -3.4e+38 -3.4e+38 -3.4e+38 -3.4e+38 -3.4e+38 -3.4e+38 -3.4e+38 -3.4e+38 -3.4e+38 -3.4e+38 -3.4e+38 -3.4e+38 -3.4e+38 -3.4e+38 -3.4e+38 -3.4e+38 -3.4e+38 -3.4e+38 -3.4e+38 -3.4e+38
87 89 87 86 85 83 81 80 78 75 73 77 83 82 78 74 66 58 60 59 60 62 61 58 58 63 73 85 91 -3.4e+38 -3.4e+38 -3.4e+38 -3.4e+38 -3.4e+38 -3.4e+38 -3.4e+38 -3.4e+38 -3.4e+38 -3.4e+38 -3.4e+38 -3.4e+38 -3.4e+38 -3.4e+38 -3.4e+38 -3.4e+38 -3.4e+38 -3.4e+38 -3.4e+38 -3.4e+38 -3.4e+38 -3.4e+38 -3.4e+38 -3.4e+38 -3.4e+38 -3.4e+38 -3.4e+38 -3.4e+38 -3.4e+38 -3.4e+38 -3.4e+38 -3.4e+38 -3.4e+38 -3.4e+38 -3.4e+38 -3.4e+38 -3.4e+38 -3.4e+38 -3.4e+38 -3.4e+38 -3.4e+38 -3.4e+38 -3.4e+38 -3.4e+38 -3.4e+38 -3.4e+38 -3.4e+38 -3.4e+38 -3.4e+38
91 92 92 91 89 83 80 79 79 77 76 75 84 84 81 73 66 63 65 67 68 66 65 64 67 71 75 -3.4e+38 -3.4e+38 -3.4e+38 -3.4e+38 -3.4e+38 -3.4e+38 -3.4e+38 -3.4e+38 -3.4e+38 -3.4e+38 -3.4e+38 -3.4e+38 -3.4e+38 -3.4e+38 -3.4e+38 -3.4e+38 -3.4e+38 -3.4e+38 -3.4e+38 -3.4e+38 -3.4e+38 -3.4e+38 -3.4e+38 -3.4e+38 -3.4e+38 -3.4e+38 -3.4e+38 -3.4e+38 -3.4e+38 -3.4e+38 -3.4e+38 -3.4e+38 -3.4e+38 -3.4e+38 -3.4e+38 -3.4e+38 -3.4e+38 -3.4e+38 -3.4e+38 -3.4e+38 -3.4e+38 -3.4e+38 -3.4e+38 -3.4e+38 -3.4e+38 -3.4e+38 -3.4e+38 -3.4e+38 -3.4e+38 -3.4e+38 -3.4e+38
97 97 97 97 95 92 85 80 78 76 76 78 80 86 82 75 72 69 74 76 73 71 69 71 75 80 -3.4e+38 -3.4e+38 -3.4e+38 -3.4e+38 -3.4e+38 -3.4e+38 -3.4e+38 -3.4e+38 -3.4e+38 -3.4e+38 -3.4e+38 -3.4e+38 -3.4e+38 -3.4e+38 -3.4e+38 -3.4e+38 -3.4e+38 -3.4e+38 -3.4e+38 -3.4e+38 -3.4e+38 -3.4e+38 -3.4e+38 -3.4e+38 -3.4e+38 -3.4e+38 -3.4e+38 -3.4e+38 -3.4e+38 -3.4e+38 -3.4e+38 -3.4e+38 -3.4e+38 -3.4e+38 -3.4e+38 -3.4e+38 -3.4e+38 -3.4e+38 -3.4e+38 -3.4e+38 -3.4e+38 -3.4e+38 -3.4e+38 -3.4e+38 -3.4e+38 -3.4e+38 -3.4e+38 -3.4e+38 -3.4e+38 -3.4e+38 -3.4e+38 -3.4e+38
101 100 101 102 100 101 90 82 79 75 76 77 77 81 83 77 78 80 80 80 71 70 72 79 84 88 -3.4e+38 -3.4e+38 -3.4e+38 -3.4e+38 -3.4e+38 -3.4e+38 -3.4e+38 -3.4e+38 -3.4e+38 -3.4e+38 -3.4e+38 -3.4e+38 -3.4e+38 -3.4e+38 -3.4e+38 -3.4e+38 -3.4e+38 -3.4e+38 -3.4e+38 -3.4e+38 -3.4e+38 -3.4e+38 -3.4e+38 -3.4e+38 -3.4e+38 -3.4e+38 -3.4e+38 -3.4e+38 -3.4e+38 -3.4e+38 -3.4e+38 -3.4e+38 -3.4e+38 -3.4e+38 -3.4e+38 -3.4e+38 -3.4e+38 -3.4e+38 -3.4e+38 -3.4e+38 -3.4e+38 -3.4e+38 -3.4e+38 -3.4e+38 -3.4e+38 -3.4e+38 -3.4e+38 -3.4e+38 -3.4e+38 -3.4e+38 -3.4e+38 -3.4e+38
104 106 105 100 100 100 95 86 79 75 75 77 78 77 81 78 77 79 84 83 69 76 78 84 86 -3.4e+38 -3.4e+38 -3.4e+38 -3.4e+38 -3.4e+38 -3.4e+38 -3.4e+38 -3.4e+38 -3.4e+38 -3.4e+38 -3.4e+38 -3.4e+38 -3.4e+38 -3.4e+38 -3.4e+38 -3.4e+38 -3.4e+38 -3.4e+38 -3.4e+38 -3.4e+38 -3.4e+38 -3.4e+38 -3.4e+38 -3.4e+38 -3.4e+38 -3.4e+38 -3.4e+38 -3.4e+38 -3.4e+38 -3.4e+38 -3.4e+38 -3.4e+38 -3.4e+38 -3.4e+38 -3.4e+38 -3.4e+38 -3.4e+38 -3.4e+38 -3.4e+38 -3.4e+38 -3.4e+38 -3.4e+38 -3.4e+38 -3.4e+38 -3.4e+38 -3.4e+38 -3.4e+38 -3.4e+38 -3.4e+38 -3.4e+38 -3.4e+38 -3.4e+38 -3.4e+38
111 107 104 100 98 97 94 88 81 75 74 76 76 74 73 71 70 73 85 88 79 80 83 86 -3.4e+38 -3.4e+38 -3.4e+38 -3.4e+38 -3.4e+38 -3.4e+38 -3.4e+38 -3.4e+38 -3.4e+38 -3.4e+38 -3.4e+38 -3.4e+38 -3.4e+38 -3.4e+38 -3.4e+38 -3.4e+38 -3.4e+38 -3.4e+38 -3.4e+38 -3.4e+38 -3.4e+38 -3.4e+38 -3.4e+38 -3.4e+38 -3.4e+38 -3.4e+38 -3.4e+38 -3.4e+38 -3.4e+38 -3.4e+38 -3.4e+38 -3.4e+38 -3.4e+38 -3.4e+38 -3.4e+38 -3.4e+38 -3.4e+38 -3.4e+38 -3.4e+38 -3.4e+38 -3.4e+38 -3.4e+38 -3.4e+38 -3.4e+38 -3.4e+38 -3.4e+38 -3.4e+38 -3.4e+38 -3.4e+38 -3.4e+38 -3.4e+38 -3.4e+38 -3.4e+38 -3.4e+38
