data/layers/Current/bio14.asc
NCOLS 494 
NROWS 529 
XLLCORNER -117.166666666667 
YLLCORNER -55.5 
CELLSIZE 0.166666666666667 
NODATA_value -3.4e+38 
[rows 175 to 209 of 529, columns 312 to 389 of 494]
84 108 107 98 104 102 93 93 91 90 92 91 90 87 95 90 92 88 84 79 76 84 61 46 41 39 42 40 39 42 44 41 36 45 53 55 49 61 55 50 49 55 57 55 51 50 49 49 49 50 50 50 50 49 50 50 51 51 52 53 54 55 56 57 58 63 64 66 67 69 63 68 65 66 65 65 66 67
105 114 107 109 110 104 88 95 95 94 96 94 91 91 92 93 97 90 89 85 85 83 63 52 43 41 39 39 40 41 39 41 47 50 51 55 42 45 52 50 49 56 57 56 49 49 48 46 46 48 47 47 50 49 50 51 48 49 50 51 52 54 54 54 54 54 55 57 58 58 60 61 64 67 66 62 63 62
106 114 116 107 113 103 94 92 98 96 94 95 94 91 85 88 93 95 94 87 80 67 58 50 42 39 41 42 36 39 42 39 39 46 49 52 64 57 47 48 52 56 55 54 52 51 47 45 45 46 46 46 46 45 45 46 46 48 49 50 52 54 54 53 52 52 52 53 55 56 57 60 65 60 60 61 60 59
96 100 103 111 113 108 101 96 100 98 98 94 95 93 91 86 83 83 87 88 68 66 63 49 44 45 38 40 34 34 35 36 38 39 40 43 58 50 47 49 51 52 54 54 52 48 45 44 43 43 44 44 44 45 45 47 44 46 47 49 51 51 52 53 52 51 53 53 54 54 56 59 59 60 59 61 59 57
96 93 97 108 120 114 109 102 102 100 100 98 97 94 88 86 82 79 87 79 72 66 62 49 44 48 40 38 35 36 36 38 37 35 37 37 54 47 48 48 53 53 53 54 51 49 43 43 42 42 42 42 43 43 46 46 43 45 46 46 50 48 50 50 52 53 54 54 54 53 54 55 56 60 59 57 55 55
103 98 111 123 122 118 114 108 107 104 101 97 95 94 90 88 84 80 81 77 70 65 59 52 46 44 38 38 36 38 37 36 34 35 36 41 55 48 48 48 54 53 52 50 47 45 43 42 42 41 41 41 41 41 44 42 43 43 45 46 49 51 51 49 50 53 54 54 52 52 53 56 61 62 61 58 55 54
109 106 116 121 114 116 117 113 109 107 103 99 97 94 89 93 87 80 80 76 68 64 59 54 50 46 42 42 41 45 38 33 34 34 36 45 52 49 46 46 53 53 52 47 45 45 43 42 41 40 40 40 40 40 41 41 43 43 44 46 48 51 51 49 49 52 52 51 53 53 54 57 60 61 60 58 55 53
112 111 106 106 108 111 116 118 114 110 106 102 97 92 92 90 85 84 81 73 68 63 59 54 52 50 46 42 41 44 41 40 35 37 42 48 50 49 47 49 51 54 51 49 47 44 43 42 42 40 40 39 39 39 40 42 43 45 43 45 47 49 50 51 51 52 53 54 55 55 57 57 59 59 58 57 57 55
116 123 122 115 119 117 116 118 115 111 107 103 97 93 90 87 82 82 75 71 66 64 59 58 55 53 49 43 44 45 44 41 40 45 48 48 49 50 49 48 50 53 52 52 48 45 44 43 42 41 40 40 39 38 40 42 43 45 45 45 47 48 49 49 50 52 54 55 55 54 56 55 58 58 59 59 58 56
124 137 136 133 131 127 124 119 115 107 103 102 98 93 90 86 82 79 76 72 67 65 62 59 57 54 49 47 45 45 46 45 46 48 47 48 50 51 53 52 51 51 52 52 51 49 49 45 43 42 41 41 41 40 41 42 43 44 44 46 47 48 49 49 50 52 54 55 55 56 56 56 59 58 59 60 58 56
138 141 138 135 132 129 124 116 109 105 101 101 94 92 88 83 81 74 73 74 71 65 62 60 57 54 51 48 48 47 46 47 48 49 49 49 50 53 54 54 55 54 53 51 53 52 49 46 45 44 43 43 43 42 44 45 45 46 46 47 48 49 49 50 51 52 53 55 56 56 55 55 59 59 60 60 60 59
143 140 139 138 134 129 126 118 114 110 105 101 94 92 88 82 74 75 75 75 68 66 63 61 58 55 53 51 50 49 49 49 49 50 51 51 54 56 57 57 58 58 55 54 55 54 52 49 48 47 46 46 45 44 46 47 48 47 48 49 49 51 51 52 52 53 53 55 56 57 55 54 57 60 60 60 60 59
148 144 144 140 133 130 128 118 113 110 106 102 96 92 84 78 75 75 73 69 66 66 64 62 60 57 54 54 54 53 53 52 53 54 54 56 57 58 59 59 60 60 59 57 57 57 55 53 51 50 50 49 49 48 50 50 49 50 50 52 52 53 53 54 55 55 55 56 57 57 57 58 59 61 61 61 61 61
148 147 147 135 123 121 124 125 122 110 107 102 98 92 86 80 78 76 72 70 69 67 65 63 62 59 58 57 56 55 56 57 57 56 58 61 61 63 64 64 64 64 63 61 61 60 58 56 55 54 54 54 53 53 53 54 53 53 54 55 55 55 56 56 57 57 57 57 57 58 59 60 60 60 60 61 63 63
152 141 126 123 123 119 116 117 118 121 118 106 99 93 85 81 79 77 74 72 70 69 67 66 64 62 61 59 56 57 60 60 61 61 62 64 66 68 67 67 66 65 66 66 65 64 62 61 60 59 59 59 58 58 58 58 58 58 58 59 59 59 59 59 59 59 58 60 59 59 59 60 60 61 60 61 63 64
140 135 129 128 125 122 121 117 113 112 120 115 100 92 86 81 80 79 76 75 74 72 69 69 67 67 64 63 63 62 65 65 66 66 68 70 71 71 72 70 69 68 68 70 70 68 67 66 66 65 64 64 64 64 64 64 63 63 63 63 63 63 63 62 62 61 61 60 61 60 60 60 60 61 61 61 63 64
139 137 133 132 129 126 124 121 117 114 111 110 99 95 91 87 84 83 79 78 77 74 73 73 72 70 69 69 69 69 70 71 71 72 74 75 76 75 74 73 72 73 73 73 73 73 73 72 71 71 71 71 70 70 70 69 70 69 68 68 68 67 67 66 65 64 63 62 62 62 61 60 59 60 62 61 61 61
142 140 138 134 131 130 127 124 121 117 116 111 105 101 95 92 90 87 83 82 81 78 78 77 76 75 74 74 75 75 76 77 78 79 80 80 79 78 78 77 77 77 77 77 78 78 78 78 79 78 78 78 78 77 77 77 78 76 72 70 70 70 69 67 66 63 63 63 63 62 61 60 59 59 60 60 59 58
143 143 140 137 135 133 130 128 125 122 119 114 110 107 100 99 95 92 89 87 84 84 83 83 82 81 81 81 81 81 82 83 84 86 87 86 83 83 83 82 82 82 82 83 83 84 86 86 86 86 86 87 86 85 84 82 80 78 76 74 72 71 70 68 66 64 62 61 62 62 60 59 57 57 57 57 57 55
145 143 142 140 138 137 135 132 129 125 122 118 115 112 105 105 102 98 95 93 91 89 89 89 88 87 87 87 88 89 90 91 92 93 91 90 89 88 88 87 88 88 88 89 90 91 93 94 94 94 93 93 92 91 89 87 85 83 80 77 75 73 71 69 66 64 62 61 61 62 60 58 55 54 54 54 54 53
147 146 144 143 142 142 139 136 133 129 125 122 120 117 111 111 109 105 101 99 97 97 97 96 95 95 94 93 95 96 97 99 99 97 96 95 94 93 93 93 93 94 95 96 98 99 100 100 100 101 100 99 98 97 95 93 90 87 84 81 78 75 72 69 67 64 61 59 59 60 60 57 54 52 52 52 52 52
148 148 147 147 147 147 144 141 138 136 130 128 124 121 118 118 116 112 109 106 105 104 104 103 102 102 102 100 102 104 106 105 102 101 99 98 98 97 98 98 98 98 100 101 102 103 105 106 107 107 106 106 105 103 101 98 95 91 88 84 80 76 73 70 67 63 60 58 57 58 60 57 52 49 50 51 51 51
149 152 151 151 152 151 148 146 143 141 137 134 131 128 126 126 122 119 117 115 113 112 111 111 110 109 107 107 109 112 109 107 105 103 102 100 100 100 99 99 100 101 101 104 105 106 108 110 110 110 112 111 110 108 105 102 99 95 91 86 82 78 74 70 67 63 59 56 54 55 58 56 52 50 49 50 51 51
147 152 155 154 155 154 154 151 148 145 144 141 139 136 134 131 128 126 125 123 121 120 119 118 118 117 115 114 116 115 112 110 108 106 104 103 102 102 101 101 102 103 104 106 106 106 106 108 109 112 114 114 115 114 110 107 103 99 93 88 83 79 75 71 67 64 60 56 52 53 57 55 52 51 50 51 52 51
148 152 156 159 161 162 161 159 154 144 135 136 142 139 138 135 134 133 132 132 130 128 127 126 125 125 123 121 120 118 115 113 110 108 106 104 103 103 102 102 102 101 102 103 102 101 103 104 103 108 113 115 116 116 115 111 106 102 96 90 85 80 77 71 68 65 62 57 54 53 55 53 53 52 51 51 51 51
149 153 157 159 161 161 161 157 151 143 135 133 134 139 141 140 139 139 140 140 138 136 136 135 134 132 128 124 121 119 117 115 112 110 108 106 104 103 102 100 100 98 99 101 99 97 97 98 98 101 109 115 115 116 116 115 110 104 98 93 87 81 77 73 67 63 61 58 55 55 55 53 50 49 49 50 50 51
151 155 159 161 162 161 158 153 148 142 136 133 131 130 138 146 146 145 146 146 145 143 144 143 138 134 130 126 123 121 119 117 115 112 109 107 105 103 100 97 96 97 97 96 94 94 93 92 93 98 103 111 111 113 115 114 110 105 100 94 88 84 78 72 66 62 60 60 59 52 47 44 44 47 47 48 48 50
154 159 161 162 162 161 158 153 147 142 138 136 134 132 136 141 146 150 150 148 149 148 145 142 138 135 131 128 124 123 121 120 117 114 111 107 104 101 97 94 94 93 93 92 90 89 87 87 89 94 98 105 106 108 111 110 106 103 101 95 90 85 78 71 65 60 55 51 43 36 35 37 39 41 44 45 47 49
157 160 162 162 162 161 159 155 150 146 141 139 137 138 141 143 142 139 134 133 138 140 141 140 138 136 133 129 126 125 124 122 118 112 108 104 100 97 94 91 90 89 88 88 84 83 81 80 81 84 89 96 96 98 100 100 98 96 94 92 90 83 77 71 63 56 48 40 33 29 30 32 35 37 39 43 45 48
159 163 165 166 166 164 161 157 152 148 146 144 144 145 147 146 143 136 125 121 129 134 138 138 138 136 135 132 131 130 128 123 116 111 106 101 97 94 92 89 88 85 82 79 77 77 77 76 76 78 81 84 84 86 86 86 86 84 81 81 83 82 76 64 57 48 41 35 30 27 27 29 32 34 35 40 44 47
162 168 171 170 170 167 164 159 154 151 148 148 148 149 153 153 148 140 131 127 130 131 135 136 133 131 130 130 130 130 129 122 113 108 101 97 93 90 88 85 82 78 77 76 75 75 73 71 72 73 74 73 71 72 73 74 74 69 66 67 67 70 66 56 47 39 33 29 27 25 24 26 30 31 33 36 42 47
169 176 178 176 173 171 167 162 158 155 153 153 153 152 154 156 155 146 138 134 134 131 131 130 126 123 123 125 126 128 129 122 113 102 97 95 92 88 85 79 78 75 73 70 69 69 68 68 67 65 63 61 61 60 60 63 61 56 53 52 52 50 47 40 36 32 28 26 25 25 24 25 26 30 34 41 46 49
183 189 188 185 180 175 170 165 162 159 156 154 152 153 154 156 156 149 141 135 133 130 126 122 123 120 119 119 122 127 130 123 112 101 95 91 87 84 80 76 73 70 67 65 64 63 62 61 59 56 53 51 50 49 48 47 45 41 42 43 40 34 27 27 28 27 25 22 22 21 22 25 29 32 36 42 45 47
206 206 200 192 181 174 170 164 160 156 153 150 149 148 150 151 148 143 136 132 130 127 122 115 113 112 110 113 115 118 123 121 111 100 91 86 83 80 76 73 69 64 62 59 58 57 58 57 56 50 45 44 43 38 36 38 39 36 35 35 32 26 22 23 26 24 23 22 24 25 26 28 30 32 36 40 44 45
223 216 203 192 182 173 167 159 155 152 149 144 142 143 144 142 140 137 131 127 123 119 115 109 102 103 102 104 104 105 110 109 106 99 91 85 81 77 72 69 65 60 57 54 53 54 55 57 56 52 44 39 38 36 35 35 36 35 33 32 30 26 23 24 27 26 25 27 27 27 27 29 30 32 35 38 42 44
