data/layers/Current/bio13.asc
NCOLS 494 
NROWS 529 
XLLCORNER -117.166666666667 
YLLCORNER -55.5 
CELLSIZE 0.166666666666667 
NODATA_value -3.4e+38 
[rows 198 to 230 of 529, columns 296 to 369 of 494]
332 329 322 317 310 304 293 281 265 253 251 258 270 279 287 295 308 316 321 325 333 337 339 340 333 329 333 335 344 353 361 366 368 371 372 370 367 359 350 339 331 325 317 310 309 311 313 318 322 325 326 331 337 339 339 341 342 346 351 354 358 357 364 370 373 375 376 376 374 373 370 368 365 360
332 328 323 317 311 305 295 283 274 264 263 265 271 279 287 296 308 315 324 331 337 339 337 337 333 324 315 317 333 343 353 359 365 373 381 381 375 364 350 338 328 320 310 303 301 305 312 316 318 322 324 327 333 333 333 338 339 342 347 354 358 366 373 379 385 385 386 386 382 378 377 372 369 364
330 326 321 317 312 307 299 289 281 275 275 275 277 282 291 301 309 318 321 328 332 336 334 333 331 325 318 316 317 327 341 348 357 370 384 390 379 361 349 337 326 315 303 296 294 299 307 311 312 320 320 323 323 327 332 337 344 347 352 359 365 373 379 386 392 393 395 392 388 386 382 376 372 367
329 327 322 319 315 307 304 297 290 287 286 285 285 289 295 304 311 317 324 328 331 334 333 328 325 319 316 315 314 311 325 338 348 358 373 381 373 355 345 336 323 315 302 295 297 299 305 310 314 315 319 324 328 334 338 343 348 353 355 362 370 376 385 393 398 401 400 395 392 391 389 381 377 372
329 327 325 322 317 315 312 305 301 296 294 293 292 295 300 307 312 317 322 327 330 331 328 326 323 318 316 313 312 310 313 319 328 337 341 349 350 342 337 331 322 314 307 301 299 305 307 311 316 319 325 330 336 339 342 347 352 356 360 363 370 377 384 393 401 404 398 398 397 395 394 386 380 374
331 329 328 325 322 322 320 316 311 305 302 302 301 303 305 311 315 318 324 327 327 329 328 325 321 318 315 312 309 310 313 318 316 307 301 312 326 328 331 327 322 317 311 310 308 308 311 317 322 325 332 336 340 343 347 351 354 357 360 364 369 373 380 388 394 400 401 402 400 398 396 388 376 366
332 331 329 329 329 329 328 326 322 319 315 310 308 307 310 315 317 323 328 331 332 330 328 324 320 317 314 311 311 309 310 313 310 304 291 289 303 314 323 323 320 319 316 317 319 312 313 321 325 332 337 339 342 345 348 352 356 356 357 358 362 366 373 381 394 400 402 402 401 399 393 385 374 360
330 334 332 334 336 337 336 334 329 326 323 317 314 312 313 319 326 331 335 336 335 332 329 324 320 314 313 311 311 311 309 311 310 306 301 301 308 311 320 323 322 320 318 318 321 321 323 327 330 337 340 339 341 344 348 354 354 352 351 351 354 359 367 381 394 402 405 406 402 395 390 383 373 358
331 331 333 337 339 338 341 342 338 335 326 319 318 318 318 325 335 342 343 344 340 334 327 323 319 314 311 311 310 310 308 311 312 307 304 308 316 324 327 329 326 323 322 322 324 328 334 336 336 333 339 339 338 339 341 346 346 343 343 342 344 351 364 378 392 402 406 405 399 390 383 377 364 347
334 337 336 336 335 343 351 354 355 345 334 329 324 320 322 337 350 353 353 350 342 335 328 323 319 315 311 310 310 310 310 310 313 313 315 320 329 337 335 333 329 326 324 325 328 332 337 339 340 340 337 331 329 329 331 333 333 331 330 329 334 348 362 376 389 400 407 403 392 377 365 354 340 328
334 335 335 337 338 344 351 360 359 343 334 329 331 334 342 354 369 369 361 352 343 337 329 323 318 312 312 309 310 311 312 315 316 317 321 329 337 344 342 332 328 327 324 324 328 331 336 336 334 333 323 315 316 316 319 319 319 317 315 321 329 342 356 371 385 399 408 401 381 361 346 339 329 317
329 331 332 333 334 338 342 346 343 330 325 328 336 347 363 383 398 387 372 358 347 337 328 322 316 312 312 311 310 311 314 316 317 320 325 332 337 339 337 330 323 323 320 319 323 324 327 326 324 318 310 306 307 308 309 310 311 311 311 315 323 336 351 365 379 391 399 387 369 353 340 332 324 318
327 328 329 328 329 330 327 325 321 314 313 325 339 354 370 395 409 395 376 361 347 335 327 320 315 312 311 310 310 312 316 318 321 323 327 331 335 335 332 326 317 314 312 315 318 319 319 319 315 308 308 310 311 312 314 315 313 311 311 310 314 329 346 360 369 374 374 367 360 348 338 331 326 320
323 322 319 317 318 318 321 318 312 305 310 323 338 353 368 387 393 386 372 357 344 332 324 316 312 308 308 307 310 313 316 319 321 324 329 332 334 333 329 321 311 302 304 310 312 313 313 311 306 306 308 311 313 316 319 320 320 316 313 311 312 332 347 353 357 359 356 354 350 342 334 328 322 317
313 313 313 310 309 312 316 317 316 316 317 327 341 353 364 373 376 371 360 348 337 326 317 310 307 303 304 305 309 313 316 319 324 327 329 332 332 331 326 318 315 310 303 302 306 310 309 307 304 307 309 311 315 319 322 325 325 322 319 321 333 349 355 353 349 346 346 344 340 334 329 324 318 314
305 309 307 307 309 313 316 318 319 322 325 329 340 351 358 361 359 355 346 337 327 317 309 302 299 297 298 301 305 312 316 321 326 328 330 331 329 327 327 327 324 317 310 301 303 305 307 304 304 306 309 313 315 321 326 329 329 321 320 326 345 369 362 351 343 341 337 335 332 327 322 319 315 312
302 301 303 305 309 313 319 324 329 332 335 338 339 345 349 349 347 340 332 324 314 305 298 292 289 288 290 296 303 309 315 321 326 330 332 332 330 332 335 336 331 322 313 304 301 301 304 305 300 303 306 311 315 320 326 332 332 321 314 313 324 344 344 339 336 333 331 328 325 322 317 314 312 311
296 300 303 308 313 320 327 334 340 345 349 348 346 341 339 340 336 331 319 311 302 293 285 279 276 278 282 290 297 303 312 321 329 332 333 333 335 337 341 349 338 322 310 305 300 299 298 296 296 297 301 306 311 317 322 324 322 314 301 288 282 298 316 323 327 327 325 322 321 318 315 313 311 310
300 304 308 313 319 326 334 342 351 359 362 360 353 343 334 328 324 316 309 300 291 280 272 266 264 266 273 284 294 302 309 320 331 335 337 337 336 336 337 344 334 318 306 299 295 292 292 291 291 293 297 302 306 311 315 317 314 305 290 270 252 271 298 313 321 323 322 320 317 314 313 311 310 309
306 310 314 318 324 331 339 347 358 369 375 367 355 343 331 320 312 306 300 292 280 269 260 257 256 258 266 275 285 299 310 320 331 339 341 340 334 329 325 324 319 311 305 298 293 288 285 282 283 284 288 294 307 307 311 312 308 300 288 274 267 279 300 315 322 323 321 318 315 313 312 311 310 308
312 315 317 321 327 334 341 349 359 369 372 364 351 339 326 315 305 298 291 283 275 264 255 254 252 251 261 275 287 301 312 322 330 341 349 343 332 319 310 308 307 304 300 294 288 283 278 273 272 274 280 291 306 309 307 306 304 301 295 289 290 299 312 334 334 325 321 318 314 311 310 310 310 309
317 319 321 325 328 334 340 348 354 360 359 353 343 331 319 308 299 292 285 279 271 262 253 252 250 249 258 272 287 299 309 319 330 339 346 338 324 312 298 297 299 299 296 292 284 278 271 266 266 268 274 282 290 299 304 306 306 306 305 304 308 318 327 337 336 325 321 317 313 309 309 310 311 308
323 322 323 326 328 333 337 343 346 350 350 344 334 323 311 300 292 288 284 280 273 266 257 253 252 249 259 273 286 299 311 319 326 332 335 330 321 309 300 297 297 297 295 290 283 274 264 260 259 260 265 274 281 292 302 313 319 325 325 321 320 324 330 331 329 326 322 317 311 308 305 306 307 314
326 325 325 326 326 329 333 336 340 342 340 335 327 317 305 292 288 288 285 282 278 272 267 261 259 261 268 281 288 299 308 314 320 324 326 322 317 310 304 300 298 298 295 290 284 272 262 255 251 250 257 267 277 290 305 318 332 344 347 338 329 328 330 331 329 326 322 316 308 304 301 302 314 323
327 326 324 323 324 326 328 330 334 335 334 329 323 314 304 294 291 290 289 288 286 283 279 276 274 274 275 283 290 298 303 309 312 316 317 317 314 310 306 304 302 301 300 294 286 276 263 255 248 245 254 264 274 288 305 320 338 354 360 349 336 330 331 331 329 327 322 315 305 300 304 314 326 332
327 326 323 322 320 321 322 324 328 330 330 328 322 314 308 301 298 297 296 295 295 295 294 292 290 286 288 288 292 297 301 304 309 312 313 313 312 310 308 307 306 305 304 301 294 284 271 259 256 253 258 266 274 287 303 319 335 349 353 345 337 329 328 329 329 329 328 320 306 300 314 326 338 343
327 325 321 319 316 314 316 321 325 328 329 327 323 318 313 308 305 304 304 304 307 309 311 310 305 301 299 298 299 300 302 304 306 308 309 310 310 310 310 310 311 312 314 311 305 297 284 270 264 263 265 270 277 288 302 316 327 337 338 336 331 327 326 326 327 327 330 322 309 310 327 340 350 355
327 324 321 317 314 310 314 320 324 327 329 328 326 323 319 316 314 313 313 314 317 322 326 325 320 314 308 305 304 303 306 302 303 304 306 307 308 310 312 315 317 319 321 324 321 310 297 284 274 271 273 277 282 287 298 309 318 324 325 325 325 324 322 323 320 320 323 323 319 325 335 351 363 366
328 326 323 319 314 315 318 322 337 344 341 336 330 328 326 324 322 321 321 321 324 330 338 340 330 322 314 310 307 307 310 301 302 302 303 304 306 309 313 316 320 324 330 334 335 325 311 297 288 281 280 283 288 291 297 302 309 315 318 321 323 321 319 320 315 309 313 322 328 336 346 366 378 380
329 327 324 320 320 322 325 337 349 354 350 345 339 334 332 332 330 329 327 326 327 332 338 339 332 324 317 312 307 304 302 299 299 298 299 301 303 307 311 317 323 329 334 338 339 333 320 308 298 290 288 289 292 296 299 304 309 313 316 318 320 318 318 317 312 308 315 328 338 352 365 388 400 398
330 327 325 324 324 326 328 341 351 355 355 352 348 344 339 339 338 335 332 329 326 327 331 331 328 323 317 312 307 303 300 297 296 294 293 296 301 305 311 319 326 332 335 340 340 335 326 316 305 299 296 295 297 298 302 308 312 315 317 320 322 321 321 319 315 317 325 338 351 367 389 418 427 414
331 329 328 328 328 330 331 341 350 355 357 357 355 353 348 348 347 343 338 331 324 321 324 325 323 320 315 310 307 303 299 295 292 289 288 290 296 303 311 319 325 332 338 341 340 336 330 320 312 305 301 298 300 302 306 310 315 318 320 324 325 325 323 320 320 326 333 345 362 379 404 430 436 420
332 331 330 330 331 332 333 341 349 355 358 360 361 361 360 357 356 353 346 336 326 321 322 322 320 317 314 310 306 302 297 293 288 285 283 283 290 300 313 325 327 333 339 341 341 338 332 323 315 308 304 301 302 305 308 312 317 322 324 327 328 327 324 323 327 332 339 350 365 382 402 419 422 414
