data/layers/Current/bio16.asc
NCOLS 494 
NROWS 529 
XLLCORNER -117.166666666667 
YLLCORNER -55.5 
CELLSIZE 0.166666666666667 
NODATA_value -3.4e+38 
[rows 198 to 230 of 529, columns 222 to 295 of 494]
661 892 1129 1318 1454 1468 1179 1093 672 418 406 287 361 536 731 984 1154 1108 1105 1092 1052 1006 1016 1019 1016 998 975 955 948 959 964 972 982 979 977 968 956 936 922 905 899 887 881 876 875 888 877 873 879 883 890 893 899 899 907 913 919 927 931 937 944 951 957 964 973 980 987 990 996 1005 1007 997 990 974
719 945 1134 1286 1421 1458 1083 595 405 374 301 275 369 621 898 1117 1244 1161 1132 1111 1074 1036 1018 1010 995 971 946 920 920 935 957 965 968 969 958 953 944 926 913 897 881 871 863 859 864 874 860 858 868 876 881 883 894 902 910 916 924 928 930 927 926 928 942 953 964 970 980 983 984 984 984 980 972 957
773 981 1137 1269 1415 1494 1155 412 338 307 296 329 466 784 1204 1300 1255 1200 1170 1137 1100 1065 1032 1016 995 969 935 892 911 937 953 956 957 955 951 942 931 910 899 885 871 861 855 853 854 849 853 857 859 869 880 888 901 909 916 919 925 929 926 922 920 921 933 944 956 966 970 975 972 972 964 963 953 941
824 1003 1131 1249 1373 1478 1045 339 289 229 304 366 625 1049 1344 1350 1278 1241 1205 1166 1122 1085 1065 1023 999 972 947 930 951 955 958 959 956 951 944 929 917 902 886 871 855 840 835 835 836 837 843 850 862 874 883 894 905 913 920 926 928 931 929 925 923 923 935 939 947 960 965 964 965 964 954 943 941 932
867 979 1116 1209 1294 1309 936 317 276 199 318 406 756 1307 1375 1342 1311 1258 1212 1163 1127 1088 1078 1047 1016 987 967 961 974 971 960 959 958 951 940 924 905 887 874 854 837 823 818 818 826 832 843 853 867 879 891 900 911 919 926 931 933 934 932 928 930 931 933 939 941 955 959 957 957 956 950 939 932 925
836 908 1069 1195 1266 1229 763 313 262 193 312 439 778 1353 1377 1353 1310 1252 1210 1177 1128 1089 1064 1041 1018 994 982 977 980 973 965 958 954 949 934 919 901 880 855 832 819 809 808 814 825 836 845 857 870 884 897 907 918 930 936 939 945 944 941 938 935 933 935 938 939 954 953 951 950 947 945 934 922 919
796 842 1028 1251 1303 1124 552 282 279 248 335 636 1063 1339 1342 1334 1288 1245 1199 1158 1125 1091 1070 1047 1024 1001 989 980 978 973 966 960 952 945 932 917 897 874 851 829 815 805 807 815 825 836 851 862 875 887 902 918 929 938 946 951 950 949 948 945 941 943 944 941 942 948 951 950 949 947 938 931 919 914
707 782 977 1204 1334 1095 534 310 269 228 349 598 1168 1259 1270 1273 1252 1222 1190 1147 1115 1084 1060 1040 1017 997 979 975 972 965 965 958 954 944 937 917 899 882 863 835 809 801 805 818 830 842 855 868 881 892 908 926 940 950 957 963 966 962 960 953 946 946 945 942 945 945 948 947 946 941 935 924 912 907
649 730 927 1147 1298 1139 492 312 270 269 353 587 1029 1150 1192 1196 1189 1175 1155 1128 1090 1064 1040 1024 1008 991 976 979 974 967 959 960 951 951 941 929 917 905 878 844 812 799 810 826 836 848 860 873 885 899 915 933 951 963 972 978 978 976 971 963 956 948 945 943 949 949 948 941 937 933 928 923 919 913
669 750 883 1051 1199 1117 558 344 270 305 404 600 912 1055 1104 1130 1126 1120 1110 1089 1061 1036 1020 1007 990 978 967 965 959 954 954 954 956 946 946 946 942 927 905 870 839 824 827 836 849 858 868 879 890 901 919 938 958 977 988 995 994 987 977 968 958 950 943 946 953 956 953 949 942 940 934 927 921 916
693 763 837 946 1094 1180 683 375 258 344 456 600 838 957 1018 1060 1063 1064 1054 1043 1027 1009 993 989 976 967 955 946 940 941 941 936 944 947 955 967 975 963 940 906 878 860 854 857 864 873 880 885 894 905 922 944 968 988 1007 1014 1007 995 978 968 957 947 938 943 953 958 959 956 949 940 932 926 923 919
617 697 791 901 1033 1151 842 342 307 381 497 616 787 900 962 997 1002 1005 1000 994 985 978 970 960 950 937 931 926 921 919 923 928 938 946 966 990 1003 996 975 948 920 900 890 884 885 891 892 894 897 908 925 947 971 995 1016 1023 1012 1000 982 969 957 945 936 942 951 958 963 967 966 957 937 927 924 916
513 611 713 873 1044 957 466 333 361 393 532 640 752 853 894 944 943 948 944 942 943 933 935 929 920 905 899 897 895 895 903 913 923 945 967 995 1015 1010 1002 980 954 933 917 906 904 906 906 906 908 917 933 952 971 993 1015 1021 1009 990 975 958 947 934 928 936 949 958 973 984 983 969 945 926 922 919
445 541 610 727 831 548 372 314 323 400 555 670 745 814 871 888 890 897 897 890 881 881 885 890 881 870 859 859 869 875 877 896 906 929 951 979 1001 1004 1005 988 970 952 940 928 924 926 927 924 924 931 941 957 973 988 1005 1006 998 982 963 945 931 916 915 925 937 957 981 1002 1002 981 950 920 917 914
388 458 528 619 441 380 370 300 301 396 568 732 739 795 845 848 851 856 850 841 835 826 821 823 823 820 823 824 833 848 852 868 887 907 927 952 971 983 987 980 972 961 952 944 941 939 939 936 937 941 947 957 970 979 988 984 979 967 952 932 912 900 898 908 922 948 981 1013 1022 988 947 912 908 903
310 380 441 534 409 384 325 275 301 380 556 671 734 794 807 819 813 814 803 789 775 764 753 758 759 769 783 794 802 813 825 840 860 880 899 921 938 952 958 961 958 955 955 956 954 950 951 949 946 947 950 956 963 973 975 971 969 955 938 919 897 886 881 880 897 924 957 994 1008 970 928 899 898 888
250 321 416 460 385 367 307 275 326 394 607 666 730 763 783 786 778 775 758 742 721 705 692 696 701 722 736 756 770 780 797 815 832 849 868 888 904 919 929 936 939 946 954 960 965 962 959 955 951 947 950 955 955 961 962 958 953 941 923 901 885 872 861 856 866 884 910 938 947 930 900 881 879 879
222 296 402 448 363 334 309 306 302 434 558 617 681 746 759 759 751 739 724 705 681 658 639 644 658 681 705 722 739 754 774 792 805 815 834 854 870 885 895 908 917 928 944 960 974 971 964 955 949 943 944 945 945 950 952 947 940 929 911 897 881 863 842 826 823 834 857 879 889 883 873 872 870 871
265 334 462 465 386 321 269 317 329 549 538 609 666 724 734 731 727 714 698 675 652 626 606 605 627 650 676 695 718 740 755 766 779 789 803 820 837 851 862 874 885 903 922 945 958 959 956 946 936 932 931 936 936 939 938 935 928 918 912 899 884 857 824 796 776 781 806 828 839 849 857 863 866 871
330 403 570 484 387 331 330 341 383 526 535 622 670 698 713 711 702 694 678 656 633 610 597 598 614 636 660 683 705 725 739 748 755 763 774 789 806 819 829 841 851 867 891 921 941 944 934 927 926 925 917 925 922 923 925 923 921 923 919 908 889 862 824 781 741 747 777 798 823 841 851 859 865 872
408 551 682 662 426 380 333 389 488 494 506 618 654 687 700 709 688 676 663 643 623 608 602 603 615 633 652 673 693 711 726 734 739 740 752 767 781 790 798 808 819 833 862 891 911 918 920 921 914 914 906 903 904 903 909 910 917 919 918 914 904 880 840 792 756 756 771 793 816 832 844 856 863 872
537 637 627 587 451 357 313 415 492 457 506 610 639 679 691 705 678 662 653 637 622 614 609 609 617 634 649 669 686 701 714 724 729 734 740 751 760 766 770 780 795 806 836 863 881 895 900 904 899 898 894 888 886 879 883 882 897 904 910 914 921 907 864 817 782 775 783 795 815 828 842 854 862 869
584 602 630 579 496 399 392 420 408 509 561 566 629 677 689 702 673 658 648 635 625 620 615 617 627 639 654 666 681 697 704 714 720 728 732 740 745 746 747 754 767 788 812 841 863 879 888 890 889 885 879 872 867 861 858 859 864 878 892 909 931 938 883 834 805 803 801 809 823 832 847 856 864 868
508 593 592 579 515 446 437 390 451 537 594 617 635 684 687 697 670 648 648 639 631 626 627 629 636 641 654 668 682 693 701 709 717 727 729 732 734 729 727 737 753 776 806 832 853 867 876 880 879 875 867 856 849 839 833 824 830 848 866 880 898 909 867 838 828 824 824 830 833 844 853 861 869 872
413 485 588 566 528 493 473 433 472 555 609 643 674 685 689 682 662 648 645 642 636 638 636 639 641 652 658 673 683 691 699 709 716 726 734 728 723 716 720 727 745 778 808 830 849 862 870 873 871 866 856 848 834 818 806 798 811 831 847 853 852 857 854 850 849 848 850 855 855 854 860 868 871 873
337 469 566 570 551 530 493 454 436 533 603 662 686 681 687 669 648 644 642 642 652 654 649 648 652 659 667 678 688 693 700 706 710 728 742 725 717 716 727 736 761 789 815 835 852 862 867 870 868 864 851 844 830 817 805 802 809 824 836 839 845 852 861 866 868 872 877 878 879 876 871 875 875 879
323 502 522 571 496 548 489 477 440 528 594 681 691 689 664 645 639 635 636 646 666 667 658 653 658 664 672 680 689 691 696 702 711 725 730 722 718 732 751 769 787 806 828 847 860 867 868 868 866 862 852 843 831 819 813 813 815 827 831 835 847 861 871 883 892 900 906 907 904 900 893 887 884 888
315 478 471 517 522 509 464 453 434 517 608 683 689 679 631 629 622 627 628 640 661 665 656 651 659 665 673 682 686 695 698 701 709 715 719 721 729 750 776 806 813 825 841 858 869 871 872 871 868 863 853 845 836 827 822 820 823 829 832 844 857 873 887 902 915 926 936 937 932 925 918 909 902 895
180 388 480 461 480 492 427 425 422 443 628 655 619 609 526 575 591 609 616 625 642 650 649 650 657 663 671 676 689 697 698 700 702 707 708 714 730 757 791 823 828 839 851 867 875 873 876 873 869 862 854 850 842 834 831 830 831 832 837 854 870 887 905 922 939 954 969 969 962 954 939 929 921 913
147 203 295 436 445 438 398 389 413 400 592 600 523 496 472 500 517 556 595 610 619 630 644 651 660 670 676 682 687 696 701 702 705 701 698 706 725 753 785 811 828 841 855 865 874 877 877 873 868 861 857 851 845 841 836 836 836 840 850 865 884 901 922 942 961 981 1000 1003 989 976 960 948 939 929
124 180 241 389 371 415 348 348 397 384 420 387 379 379 391 417 449 499 521 558 606 618 637 649 660 670 674 678 686 698 704 713 713 704 692 694 713 743 774 798 818 834 851 861 869 872 874 870 867 863 859 854 848 845 842 843 844 849 860 877 895 914 933 953 975 1000 1024 1028 1010 990 974 964 953 943
113 159 242 360 369 437 356 338 316 388 350 361 348 338 353 374 407 435 470 495 560 621 640 651 661 664 668 676 688 699 716 726 727 711 685 687 706 736 764 789 811 828 843 855 865 868 870 870 867 864 861 856 854 850 850 849 852 860 871 889 906 925 943 962 983 1002 1021 1024 1012 999 986 974 964 955
96 116 188 389 338 398 331 344 269 301 301 297 355 319 353 361 402 442 476 476 518 620 646 660 663 659 663 673 690 706 727 742 741 717 683 686 706 733 760 783 805 822 836 849 857 865 867 866 865 862 861 858 854 854 854 854 857 869 882 900 917 934 951 967 983 999 1010 1012 1008 1000 990 979 972 963
