data/layers/Current/bio2.asc
NCOLS 494 
NROWS 529 
XLLCORNER -117.166666666667 
YLLCORNER -55.5 
CELLSIZE 0.166666666666667 
NODATA_value -3.4e+38 
[rows 69 to 91 of 529, columns 104 to 155 of 494]
14.4111661911011 13.2202711105347 13.7278337478638 13.8662300109863 12.6096248626709 12.2615003585815 11.8248958587646 11.522271156311 11.5742502212524 11.3774795532227 11.4625625610352 11.2750205993652 10.9325828552246 10.0747499465942 9.2324104309082 8.20416641235352 -3.4e+38 -3.4e+38 -3.4e+38 -3.4e+38 -3.4e+38 -3.4e+38 -3.4e+38 -3.4e+38 -3.4e+38 -3.4e+38 -3.4e+38 -3.4e+38 -3.4e+38 -3.4e+38 -3.4e+38 -3.4e+38 -3.4e+38 -3.4e+38 -3.4e+38 -3.4e+38 -3.4e+38 -3.4e+38 -3.4e+38 -3.4e+38 -3.4e+38 -3.4e+38 -3.4e+38 -3.4e+38 -3.4e+38 -3.4e+38 -3.4e+38 -3.4e+38 -3.4e+38 -3.4e+38 -3.4e+38 -3.4e+38
15.0589790344238 12.8289794921875 14.2045412063599 13.234375 13.6337919235229 12.4118747711182 12.293833732605 11.6868963241577 11.5723123550415 11.4938325881958 11.4525213241577 11.8142709732056 11.3026037216187 10.4059791564941 9.43150043487549 8.68293571472168 -3.4e+38 -3.4e+38 -3.4e+38 -3.4e+38 -3.4e+38 -3.4e+38 -3.4e+38 -3.4e+38 -3.4e+38 -3.4e+38 -3.4e+38 -3.4e+38 -3.4e+38 -3.4e+38 -3.4e+38 -3.4e+38 -3.4e+38 -3.4e+38 -3.4e+38 -3.4e+38 -3.4e+38 -3.4e+38 -3.4e+38 -3.4e+38 -3.4e+38 -3.4e+38 -3.4e+38 -3.4e+38 -3.4e+38 4.39166688919067 -3.4e+38 -3.4e+38 -3.4e+38 -3.4e+38 -3.4e+38 -3.4e+38
15.1354789733887 14.3139791488647 14.7541875839233 13.6640205383301 13.2735204696655 13.8141660690308 12.8297090530396 12.3000621795654 11.588770866394 11.535083770752 12.0990419387817 11.7572708129883 10.9785413742065 10.3531875610352 9.57139587402344 8.96435451507568 -3.4e+38 -3.4e+38 -3.4e+38 -3.4e+38 -3.4e+38 -3.4e+38 -3.4e+38 -3.4e+38 -3.4e+38 -3.4e+38 -3.4e+38 -3.4e+38 -3.4e+38 -3.4e+38 -3.4e+38 -3.4e+38 -3.4e+38 -3.4e+38 -3.4e+38 -3.4e+38 -3.4e+38 -3.4e+38 -3.4e+38 -3.4e+38 -3.4e+38 -3.4e+38 -3.4e+38 -3.4e+38 -3.4e+38 -3.4e+38 -3.4e+38 -3.4e+38 -3.4e+38 -3.4e+38 -3.4e+38 -3.4e+38
16.0822715759277 16.1708545684814 15.5287914276123 15.3451881408691 15.4698543548584 14.6272077560425 14.6741876602173 13.4057502746582 11.9525413513184 11.411187171936 11.1841468811035 11.4466247558594 10.8541870117188 10.343729019165 9.61452102661133 8.9957914352417 8.74840927124023 -3.4e+38 -3.4e+38 -3.4e+38 -3.4e+38 -3.4e+38 -3.4e+38 -3.4e+38 -3.4e+38 -3.4e+38 -3.4e+38 -3.4e+38 -3.4e+38 -3.4e+38 -3.4e+38 -3.4e+38 -3.4e+38 -3.4e+38 -3.4e+38 -3.4e+38 -3.4e+38 -3.4e+38 -3.4e+38 -3.4e+38 -3.4e+38 -3.4e+38 -3.4e+38 -3.4e+38 -3.4e+38 -3.4e+38 -3.4e+38 -3.4e+38 -3.4e+38 -3.4e+38 -3.4e+38 -3.4e+38
16.1941242218018 15.3787288665771 15.7334794998169 16.0047912597656 15.8111667633057 15.3992710113525 15.2814998626709 15.2118330001831 12.7441453933716 11.8772497177124 10.9676246643066 10.6634998321533 10.5277709960938 10.3992919921875 9.91914558410645 9.18277072906494 8.73629379272461 8.39243030548096 -3.4e+38 -3.4e+38 -3.4e+38 -3.4e+38 -3.4e+38 -3.4e+38 -3.4e+38 -3.4e+38 -3.4e+38 -3.4e+38 -3.4e+38 -3.4e+38 -3.4e+38 -3.4e+38 -3.4e+38 -3.4e+38 -3.4e+38 -3.4e+38 -3.4e+38 -3.4e+38 -3.4e+38 -3.4e+38 -3.4e+38 -3.4e+38 -3.4e+38 -3.4e+38 -3.4e+38 -3.4e+38 -3.4e+38 -3.4e+38 -3.4e+38 -3.4e+38 -3.4e+38 -3.4e+38
15.879937171936 15.4602088928223 15.8168954849243 16.2105617523193 16.1742706298828 16.2530002593994 14.264458656311 14.9522085189819 15.3644580841064 13.2011041641235 11.5647287368774 10.44056224823 10.0440406799316 10.3357086181641 10.1836042404175 9.70535373687744 9.32845783233643 8.85069274902344 8.48719692230225 -3.4e+38 -3.4e+38 -3.4e+38 -3.4e+38 -3.4e+38 -3.4e+38 -3.4e+38 -3.4e+38 -3.4e+38 -3.4e+38 -3.4e+38 -3.4e+38 -3.4e+38 -3.4e+38 -3.4e+38 -3.4e+38 -3.4e+38 -3.4e+38 -3.4e+38 -3.4e+38 -3.4e+38 -3.4e+38 -3.4e+38 -3.4e+38 -3.4e+38 -3.4e+38 -3.4e+38 -3.4e+38 5.66666698455811 -3.4e+38 -3.4e+38 -3.4e+38 -3.4e+38
15.5280208587646 15.6811876296997 16.6145839691162 16.6976451873779 16.3177509307861 16.6240634918213 16.0631256103516 14.0082502365112 14.9406042098999 14.1136665344238 12.5894165039062 11.1161460876465 9.85774993896484 9.63672924041748 9.84258365631104 9.62331295013428 9.69102096557617 9.14637470245361 8.79109668731689 8.9176664352417 -3.4e+38 -3.4e+38 -3.4e+38 -3.4e+38 -3.4e+38 -3.4e+38 -3.4e+38 -3.4e+38 -3.4e+38 -3.4e+38 -3.4e+38 -3.4e+38 -3.4e+38 -3.4e+38 -3.4e+38 -3.4e+38 -3.4e+38 -3.4e+38 -3.4e+38 -3.4e+38 -3.4e+38 -3.4e+38 -3.4e+38 -3.4e+38 -3.4e+38 -3.4e+38 -3.4e+38 -3.4e+38 -3.4e+38 -3.4e+38 -3.4e+38 -3.4e+38
15.0617084503174 15.5978536605835 15.9992914199829 17.1354789733887 17.2969379425049 17.4785003662109 17.3641033172607 16.3472290039062 14.7978544235229 14.6482496261597 14.1414794921875 12.7498331069946 11.0120000839233 10.5292081832886 9.82247924804688 9.57122898101807 9.20362567901611 8.91441631317139 8.7304162979126 8.9099006652832 9.8265438079834 -3.4e+38 -3.4e+38 -3.4e+38 -3.4e+38 -3.4e+38 -3.4e+38 -3.4e+38 -3.4e+38 -3.4e+38 -3.4e+38 -3.4e+38 -3.4e+38 -3.4e+38 -3.4e+38 -3.4e+38 -3.4e+38 -3.4e+38 -3.4e+38 -3.4e+38 -3.4e+38 -3.4e+38 -3.4e+38 -3.4e+38 -3.4e+38 -3.4e+38 -3.4e+38 -3.4e+38 -3.4e+38 -3.4e+38 -3.4e+38 -3.4e+38
15.4432706832886 14.8002080917358 15.8070621490479 16.6540832519531 17.3391876220703 17.5372295379639 17.2966461181641 17.152458190918 16.4549179077148 14.5403957366943 14.0848751068115 14.0378541946411 13.631646156311 14.0565214157104 13.1506042480469 11.9491033554077 9.75531196594238 9.49483299255371 9.03466606140137 9.32049942016602 10.7519884109497 -3.4e+38 -3.4e+38 -3.4e+38 -3.4e+38 -3.4e+38 -3.4e+38 -3.4e+38 -3.4e+38 -3.4e+38 -3.4e+38 -3.4e+38 -3.4e+38 -3.4e+38 -3.4e+38 -3.4e+38 -3.4e+38 -3.4e+38 -3.4e+38 -3.4e+38 -3.4e+38 -3.4e+38 -3.4e+38 -3.4e+38 -3.4e+38 -3.4e+38 -3.4e+38 -3.4e+38 -3.4e+38 -3.4e+38 -3.4e+38 -3.4e+38
16.7151870727539 14.4876041412354 13.9354791641235 15.9079580307007 16.1909999847412 17.4130840301514 16.1496257781982 16.9518756866455 17.3590831756592 16.7300834655762 15.2018127441406 14.9262504577637 14.4683122634888 16.5578746795654 15.7623748779297 14.9881248474121 11.0498962402344 10.4534997940063 10.2295417785645 11.2541456222534 12.6023225784302 -3.4e+38 -3.4e+38 -3.4e+38 -3.4e+38 -3.4e+38 -3.4e+38 -3.4e+38 -3.4e+38 -3.4e+38 -3.4e+38 -3.4e+38 -3.4e+38 -3.4e+38 -3.4e+38 -3.4e+38 -3.4e+38 -3.4e+38 -3.4e+38 -3.4e+38 -3.4e+38 -3.4e+38 -3.4e+38 -3.4e+38 -3.4e+38 -3.4e+38 -3.4e+38 -3.4e+38 -3.4e+38 -3.4e+38 -3.4e+38 -3.4e+38
16.4505634307861 16.3412914276123 14.0315208435059 15.0590209960938 16.1187496185303 16.8279590606689 13.6314792633057 14.6477088928223 16.5184383392334 16.7072086334229 17.1932716369629 17.1937294006348 16.1278953552246 16.8898754119873 17.2676467895508 14.6071043014526 11.4541664123535 10.5159368515015 10.8289794921875 12.7776870727539 13.855749130249 13.139087677002 -3.4e+38 -3.4e+38 -3.4e+38 -3.4e+38 -3.4e+38 -3.4e+38 -3.4e+38 -3.4e+38 -3.4e+38 -3.4e+38 -3.4e+38 -3.4e+38 -3.4e+38 -3.4e+38 -3.4e+38 -3.4e+38 -3.4e+38 -3.4e+38 -3.4e+38 -3.4e+38 -3.4e+38 -3.4e+38 -3.4e+38 -3.4e+38 -3.4e+38 -3.4e+38 -3.4e+38 -3.4e+38 -3.4e+38 -3.4e+38
15.3464374542236 16.576229095459 14.9657917022705 13.9339790344238 15.5925207138062 16.5337295532227 14.015625 13.8342084884644 17.4481868743896 17.3365211486816 14.4156255722046 16.6651458740234 18.1831035614014 17.6509380340576 16.6067924499512 12.5323333740234 11.6245832443237 11.1733541488647 11.6625623703003 12.8452911376953 13.3861455917358 12.7758865356445 12.0131721496582 -3.4e+38 -3.4e+38 -3.4e+38 -3.4e+38 -3.4e+38 -3.4e+38 -3.4e+38 -3.4e+38 -3.4e+38 -3.4e+38 -3.4e+38 -3.4e+38 -3.4e+38 -3.4e+38 -3.4e+38 -3.4e+38 -3.4e+38 -3.4e+38 -3.4e+38 -3.4e+38 -3.4e+38 -3.4e+38 -3.4e+38 -3.4e+38 -3.4e+38 -3.4e+38 -3.4e+38 -3.4e+38 -3.4e+38
13.0331039428711 15.1495208740234 14.4132919311523 13.5956039428711 13.6546878814697 14.6355209350586 14.3965835571289 13.3678331375122 17.158166885376 17.5019588470459 17.2019786834717 17.3003540039062 17.1706867218018 17.5324172973633 16.3284378051758 11.6520833969116 11.9508543014526 11.9433755874634 12.1927289962769 12.9042081832886 12.9199590682983 12.4241456985474 11.2354078292847 10.5422420501709 -3.4e+38 -3.4e+38 -3.4e+38 -3.4e+38 -3.4e+38 -3.4e+38 -3.4e+38 -3.4e+38 -3.4e+38 -3.4e+38 -3.4e+38 -3.4e+38 -3.4e+38 -3.4e+38 -3.4e+38 -3.4e+38 -3.4e+38 -3.4e+38 -3.4e+38 -3.4e+38 -3.4e+38 -3.4e+38 -3.4e+38 -3.4e+38 -3.4e+38 -3.4e+38 -3.4e+38 -3.4e+38
14.17799949646 14.1909589767456 13.8550834655762 14.2781667709351 14.7565631866455 15.647271156311 14.3323745727539 14.9860000610352 16.9313125610352 16.5463333129883 17.1052703857422 17.5757503509521 17.5974369049072 16.9288539886475 16.6975002288818 13.1355209350586 13.160062789917 12.8605623245239 12.5318546295166 12.7279167175293 12.3135213851929 11.9371252059937 11.3960208892822 10.6909332275391 -3.4e+38 -3.4e+38 -3.4e+38 -3.4e+38 -3.4e+38 -3.4e+38 -3.4e+38 -3.4e+38 -3.4e+38 -3.4e+38 -3.4e+38 -3.4e+38 -3.4e+38 -3.4e+38 -3.4e+38 -3.4e+38 -3.4e+38 -3.4e+38 -3.4e+38 -3.4e+38 -3.4e+38 -3.4e+38 -3.4e+38 -3.4e+38 -3.4e+38 -3.4e+38 10.3018178939819 11.2880716323853
14.1092710494995 14.5138339996338 15.5463123321533 16.5321254730225 16.1126461029053 16.8347091674805 16.4619369506836 16.650354385376 16.6506252288818 16.0060844421387 16.4919376373291 16.6961879730225 16.7800617218018 16.0852088928223 15.198166847229 13.0463542938232 12.1990623474121 13.0897912979126 12.4908542633057 12.2877502441406 11.9212493896484 11.6287078857422 11.0351667404175 10.02845287323 9.05151557922363 9.20650863647461 9.72384548187256 9.45715522766113 8.98571395874023 -3.4e+38 -3.4e+38 -3.4e+38 -3.4e+38 -3.4e+38 -3.4e+38 -3.4e+38 -3.4e+38 -3.4e+38 -3.4e+38 -3.4e+38 -3.4e+38 -3.4e+38 -3.4e+38 -3.4e+38 -3.4e+38 9.99487209320068 9.80000019073486 9.84043216705322 10.1247749328613 10.1848812103271 10.483006477356 11.3343782424927
12.3720417022705 13.4368753433228 15.5594997406006 17.2151050567627 16.8231658935547 16.5253124237061 17.796688079834 16.9113330841064 16.437313079834 16.6272296905518 16.3734798431396 16.0334167480469 15.3899793624878 15.4605417251587 14.1554794311523 12.2308959960938 11.6076250076294 12.7768545150757 11.807728767395 11.630729675293 11.7387504577637 11.2795839309692 10.8916244506836 9.80941677093506 9.4682502746582 9.55972862243652 9.99816608428955 9.28102111816406 8.93601608276367 8.89513874053955 9.12458324432373 -3.4e+38 -3.4e+38 -3.4e+38 -3.4e+38 -3.4e+38 -3.4e+38 -3.4e+38 -3.4e+38 -3.4e+38 -3.4e+38 -3.4e+38 9.83885955810547 9.90916061401367 9.86211681365967 9.84549999237061 9.76471138000488 9.99136638641357 10.8333330154419 9.77500057220459 11.3642654418945 11.7434329986572
13.5195207595825 15.0107917785645 14.6862707138062 14.8341665267944 16.4997501373291 16.2702293395996 17.8192081451416 16.2016048431396 16.3108539581299 16.6237716674805 14.8813333511353 14.9797706604004 15.0714998245239 14.3362712860107 15.3369579315186 15.1888122558594 11.8643751144409 12.2612495422363 11.7124795913696 10.8161249160767 11.1826457977295 11.2426462173462 10.9802494049072 10.3992290496826 9.99874973297119 9.93424987792969 10.1126041412354 9.90947914123535 9.00062465667725 8.69976997375488 8.8382511138916 -3.4e+38 -3.4e+38 -3.4e+38 -3.4e+38 -3.4e+38 8.27500057220459 8.63621807098389 9.08299446105957 9.32073402404785 9.38729953765869 9.99814796447754 10.2728357315063 10.0001249313354 10.263916015625 10.4460830688477 10.6302709579468 10.6106462478638 10.6714143753052 11.5027084350586 11.9272136688232 12.1572914123535
14.3160419464111 16.3083114624023 16.6201457977295 16.1252288818359 16.8196868896484 17.0289363861084 16.9667091369629 16.8080215454102 16.1807918548584 16.4832496643066 15.8829793930054 15.1598749160767 14.5298547744751 14.6225624084473 14.6504583358765 18.2349796295166 14.1717920303345 12.1518754959106 12.5310831069946 10.0134162902832 10.1261873245239 11.0266036987305 10.9758338928223 10.5068130493164 10.4712705612183 10.3760414123535 10.3228960037231 10.2310619354248 9.80345821380615 9.73600006103516 9.35079097747803 8.87719631195068 -3.4e+38 9.13387680053711 9.36334419250488 9.55760383605957 9.23543643951416 9.83454513549805 9.96931266784668 10.1668329238892 10.1965208053589 10.1392498016357 10.2636041641235 10.0907297134399 10.1959171295166 10.5183753967285 10.7865419387817 10.9796466827393 11.5707502365112 11.9449586868286 12.1896877288818 12.2161045074463
14.8013753890991 15.7267503738403 15.7030420303345 15.9031457901001 16.5275421142578 16.1825828552246 16.1386661529541 16.2018547058105 16.308521270752 16.3780612945557 16.5686454772949 15.9636039733887 14.3909378051758 14.0448541641235 14.9556245803833 15.5697088241577 16.7573547363281 13.1883745193481 12.8551874160767 11.4500417709351 10.1569786071777 10.6230201721191 11.0065412521362 11.1335620880127 11.1122703552246 11.0200834274292 11.0787086486816 10.6354789733887 10.5114574432373 10.4341249465942 9.94627094268799 9.35818481445312 9.28936195373535 9.64624977111816 9.95856285095215 10.0319156646729 10.1931247711182 10.4733753204346 10.4163331985474 10.3454580307007 10.4606666564941 10.5844383239746 10.2122087478638 10.1224784851074 10.3075199127197 10.4605417251587 10.9136877059937 11.3716459274292 12.0094375610352 12.3683948516846 12.3165216445923 12.3678550720215
13.9515829086304 14.9244585037231 15.3617086410522 15.1108331680298 15.422833442688 15.3237705230713 15.401291847229 15.5699586868286 15.749792098999 15.8114795684814 15.906436920166 15.5137710571289 15.2399168014526 13.8905620574951 15.5092706680298 13.8614587783813 15.6927700042725 14.4502086639404 12.3389377593994 12.2377500534058 10.923770904541 10.5170421600342 10.8265628814697 11.1931867599487 11.2155838012695 11.0458965301514 11.0578126907349 11.0939788818359 10.7079372406006 10.2870416641235 9.85541725158691 9.55006313323975 9.59879207611084 9.92470836639404 10.1732921600342 10.2744998931885 10.4355201721191 10.6015205383301 10.4112300872803 10.519416809082 10.5331249237061 10.5435628890991 10.9755630493164 10.6885833740234 10.621208190918 10.7926044464111 10.8453750610352 10.9624795913696 11.6814584732056 12.1283540725708 12.2763957977295 12.3841667175293
13.4640626907349 14.5607290267944 14.1675624847412 14.3546876907349 14.0221042633057 14.6037292480469 14.7510204315186 14.8610210418701 15.5003747940063 15.3475828170776 15.6502084732056 15.3884162902832 16.1912078857422 15.1740207672119 15.1969995498657 14.1613330841064 14.4221668243408 14.1531047821045 11.9068956375122 11.7550830841064 11.4434375762939 11.2666254043579 10.9347085952759 10.9956874847412 11.2943954467773 11.2914371490479 11.117395401001 11.1589374542236 10.9165000915527 10.4399795532227 9.92920780181885 9.74860382080078 10.0077505111694 10.1767292022705 10.3587913513184 10.4479160308838 10.6705827713013 10.6320419311523 10.4662294387817 10.8013134002686 10.6720418930054 10.6418952941895 10.9174585342407 10.9561042785645 10.9560413360596 11.1454162597656 11.1617279052734 11.1492710113525 11.0720834732056 11.3414373397827 11.6475219726562 11.937292098999
12.638500213623 13.1462917327881 13.9192914962769 14.3091459274292 14.1746664047241 13.9975414276123 14.4953746795654 14.8499374389648 15.2455625534058 15.2177495956421 15.5533752441406 15.5070629119873 15.533166885376 15.2157917022705 14.7789163589478 14.2839794158936 13.4887084960938 14.1227912902832 12.0296669006348 11.8258962631226 10.4870834350586 11.3192501068115 11.1833744049072 11.2631044387817 11.417875289917 11.3377914428711 11.1389579772949 11.0683755874634 10.8316459655762 10.3122501373291 9.93502044677734 9.89991569519043 10.0812921524048 10.1879787445068 10.2767505645752 10.2993545532227 10.3275833129883 10.5901670455933 10.5412712097168 10.5805625915527 10.4735622406006 10.5208959579468 10.5891256332397 10.6615419387817 10.6727705001831 10.9656667709351 11.1690826416016 11.3594160079956 11.4961252212524 11.5434169769287 11.4498538970947 11.8344593048096
12.751145362854 12.2663125991821 13.0718955993652 13.4598741531372 13.4478950500488 13.8121871948242 14.2104377746582 14.4246044158936 14.2946662902832 14.2319164276123 15.2646465301514 15.0869579315186 14.3391246795654 14.8771877288818 13.6115837097168 14.8923749923706 14.3278751373291 13.1752080917358 11.1947917938232 12.2610006332397 9.92291641235352 11.7328128814697 10.3207292556763 11.1488742828369 11.3168964385986 10.949291229248 10.8135623931885 10.7550621032715 10.3150625228882 10.0206251144409 9.62583351135254 9.61000061035156 9.65862464904785 9.68695831298828 10.0411672592163 10.185375213623 10.3008337020874 10.3753118515015 10.4560213088989 10.7712287902832 10.7112293243408 10.7418956756592 10.4508543014526 10.2186040878296 10.2897090911865 10.7531661987305 10.6598539352417 10.9618330001831 11.1097917556763 11.1248750686646 11.0587711334229 11.537896156311
