data/layers/Current/bio2.asc
NCOLS 494 
NROWS 529 
XLLCORNER -117.166666666667 
YLLCORNER -55.5 
CELLSIZE 0.166666666666667 
NODATA_value -3.4e+38 
[rows 230 to 252 of 529, columns 364 to 415 of 494]
9.61018753051758 9.66272926330566 9.70529174804688 9.73864555358887 9.82368755340576 9.87222862243652 9.89560413360596 9.99756240844727 10.0547714233398 10.1223955154419 10.1694583892822 10.2019166946411 10.2698125839233 10.3350620269775 10.4328746795654 10.5424375534058 10.6270418167114 10.7743120193481 10.8786878585815 10.9400615692139 11.027250289917 11.0718746185303 11.2036247253418 11.200291633606 11.2812080383301 11.3684167861938 11.4114379882812 11.4514999389648 11.5257291793823 11.6395835876465 11.5732707977295 11.5416460037231 11.3856048583984 11.126916885376 11.0641241073608 10.9248752593994 10.8459587097168 10.880166053772 11.0759372711182 10.9827919006348 10.9394998550415 10.9042701721191 10.9956254959106 11.0163125991821 11.0746669769287 11.0778121948242 11.2293338775635 11.3857717514038 11.5139999389648 11.3562707901001 11.5989999771118 11.737416267395
9.68487548828125 9.71287441253662 9.76291656494141 9.83862495422363 9.86345863342285 9.92074966430664 9.97808361053467 10.0323123931885 10.1036033630371 10.1682090759277 10.1996669769287 10.2676458358765 10.3195419311523 10.4019794464111 10.4715824127197 10.6321668624878 10.7678546905518 10.8394794464111 11.023458480835 11.0848331451416 11.1755409240723 11.3422288894653 11.3609790802002 11.3529167175293 11.6003332138062 11.5566663742065 11.5891036987305 11.6587915420532 11.7413330078125 11.8108539581299 11.6659164428711 11.6147089004517 11.568208694458 11.2236881256104 11.1206045150757 11.0513334274292 11.0592708587646 11.1833963394165 11.1843128204346 11.1521453857422 11.0132703781128 11.1606664657593 11.2045211791992 11.215500831604 11.1894998550415 11.3017082214355 11.1761455535889 11.2840213775635 11.4372711181641 11.4160623550415 11.703145980835 11.9155416488647
9.7424373626709 9.75429153442383 9.8051872253418 9.85785388946533 9.92416667938232 10.0006046295166 10.0339794158936 10.0822086334229 10.1354789733887 10.200249671936 10.2456874847412 10.2985830307007 10.3637714385986 10.4788541793823 10.5317497253418 10.6927919387817 10.8716459274292 10.9393129348755 11.0779371261597 11.1740207672119 11.3688745498657 11.4387292861938 11.5092706680298 11.5848541259766 11.9220418930054 12.0412502288818 11.9799375534058 12.0194578170776 12.0382499694824 12.0686874389648 12.0053958892822 11.8443326950073 11.5442705154419 11.4947710037231 11.3565826416016 11.1245622634888 11.0934791564941 11.0428953170776 10.999813079834 11.1752490997314 11.326208114624 11.4654588699341 11.4619588851929 11.4284162521362 11.3878955841064 11.4714374542236 11.5262498855591 11.4456462860107 11.4058952331543 11.5860834121704 11.7462291717529 11.8730201721191
9.82222938537598 9.86800003051758 9.91439628601074 9.97922897338867 10.0680837631226 10.0804166793823 10.0447912216187 10.1404581069946 10.2006664276123 10.2179164886475 10.2883958816528 10.3491878509521 10.4154586791992 10.5205841064453 10.5979156494141 10.7492914199829 10.8540620803833 11.0860834121704 11.2255420684814 11.3303966522217 11.4385623931885 11.6024589538574 11.7100410461426 11.8125629425049 11.8921461105347 12.1019582748413 12.4553546905518 12.4813957214355 12.3603544235229 12.2441883087158 12.3629169464111 12.2155418395996 11.8003540039062 11.647479057312 11.5561037063599 11.3452920913696 11.2340211868286 11.2032918930054 11.0810203552246 11.4438123703003 11.4543743133545 11.6038951873779 11.5545415878296 11.4460620880127 11.4735832214355 11.5713958740234 11.6377077102661 11.4915628433228 11.4322290420532 11.870020866394 11.8044376373291 11.9128541946411
9.90095806121826 9.92000007629395 9.98604202270508 10.0519371032715 10.0230417251587 10.2079372406006 10.2310199737549 10.25950050354 10.2636671066284 10.2996873855591 10.324312210083 10.3732290267944 10.4768743515015 10.545708656311 10.6354160308838 10.7648334503174 10.8819789886475 11.0801038742065 11.2357702255249 11.2943334579468 11.4534997940063 11.7064580917358 11.7554378509521 11.9307918548584 12.0423545837402 12.3333120346069 12.640832901001 12.4331464767456 12.3491249084473 12.4798126220703 12.4565420150757 12.491436958313 12.1904163360596 11.7469997406006 11.6135416030884 11.5506038665771 11.414999961853 11.4462289810181 11.4803333282471 11.6548328399658 11.4811658859253 11.5667915344238 11.5202493667603 11.5859794616699 11.6426038742065 11.6669368743896 11.6880826950073 11.4852285385132 11.3992290496826 11.7703952789307 11.7942914962769 11.9332084655762
9.97833347320557 10.0239372253418 10.0461874008179 10.0396041870117 10.0340213775635 10.258228302002 10.3184585571289 10.3682918548584 10.365062713623 10.3759794235229 10.3445625305176 10.4042081832886 10.5178747177124 10.596061706543 10.6908340454102 10.824291229248 10.9257297515869 11.1617088317871 11.2447290420532 11.3506669998169 11.486083984375 11.7056674957275 11.8849802017212 11.9511251449585 12.2123537063599 12.3608121871948 12.5860004425049 12.7725620269775 12.5663957595825 12.535270690918 12.620041847229 12.5271873474121 12.3638534545898 11.8274164199829 11.7060623168945 11.6799373626709 11.8354997634888 12.0381460189819 12.0048751831055 12.0075206756592 11.7897300720215 11.7029581069946 11.7047700881958 11.5813131332397 11.6369380950928 11.6713542938232 11.5377912521362 11.5513334274292 11.6212291717529 11.8810834884644 11.7180204391479 11.8681659698486
10.1474590301514 10.0803956985474 10.0620203018188 10.0744791030884 10.1502914428711 10.2467699050903 10.4237499237061 10.2640209197998 10.3590831756592 10.3243751525879 10.3932495117188 10.4513750076294 10.5491256713867 10.6366672515869 10.7320623397827 10.8439159393311 10.9825420379639 11.0761451721191 11.2189378738403 11.3744583129883 11.4903335571289 11.6733121871948 11.8536252975464 12.002875328064 12.1155414581299 12.1672496795654 12.3450202941895 12.7997703552246 12.862979888916 12.759729385376 12.7353134155273 12.5752086639404 12.4729795455933 12.2444372177124 11.9973335266113 12.1153125762939 12.1430416107178 12.148416519165 12.0813541412354 12.0004167556763 11.9260625839233 11.9286251068115 11.7868118286133 11.5453958511353 11.5600204467773 11.4938344955444 11.4525203704834 11.6295204162598 11.7095413208008 11.7762289047241 11.7102708816528 12.0166454315186
10.1745624542236 10.1024580001831 10.1117076873779 10.132833480835 10.1592292785645 10.263916015625 10.5884580612183 10.4896249771118 10.4691457748413 10.3538331985474 10.4088125228882 10.4497079849243 10.5680208206177 10.6827707290649 10.750937461853 10.8588752746582 10.9987297058105 11.1481876373291 11.2653331756592 11.3590412139893 11.5074787139893 11.6960420608521 11.8697910308838 12.0572299957275 12.2443752288818 12.2999582290649 12.4800415039062 12.5604791641235 12.4145832061768 12.7112092971802 12.7482500076294 12.5086250305176 12.054708480835 11.9720411300659 12.0522499084473 12.0555210113525 12.2135829925537 12.2057914733887 12.0443744659424 12.0439167022705 12.0456037521362 11.9663963317871 11.7267293930054 11.522686958313 11.5326251983643 11.5951881408691 11.6365833282471 11.7171039581299 11.7457494735718 11.6636457443237 11.740083694458 11.7611875534058
10.199520111084 10.1901874542236 10.1525630950928 10.1845836639404 10.26389503479 10.3908958435059 10.6050624847412 10.4332714080811 10.5138339996338 10.3423328399658 10.3901453018188 10.5038747787476 10.5676460266113 10.6868124008179 10.7717294692993 10.8640832901001 10.9855213165283 11.1047916412354 11.2360210418701 11.4154376983643 11.6198329925537 11.7914581298828 11.8106870651245 11.9384365081787 12.0530004501343 12.2538328170776 12.3593120574951 12.3742084503174 12.2811250686646 12.273645401001 12.2775001525879 12.009937286377 11.8754997253418 11.824104309082 12.0963754653931 11.9814577102661 12.1452713012695 12.2309589385986 12.2231664657593 12.0862503051758 12.0396461486816 11.960916519165 11.8402919769287 11.5006656646729 11.5298128128052 11.6866245269775 11.7357702255249 11.6519165039062 11.7529592514038 11.6269998550415 11.7424373626709 11.5439586639404
10.2460832595825 10.273416519165 10.2069797515869 10.216667175293 10.2474784851074 10.2807922363281 10.481499671936 10.515438079834 10.4150419235229 10.3799991607666 10.4147291183472 10.4786243438721 10.5627708435059 10.6804580688477 10.7716875076294 10.8802700042725 11.0034790039062 11.1296043395996 11.243145942688 11.3720417022705 11.5234794616699 11.6516876220703 11.7378339767456 11.8177499771118 11.9648132324219 12.0302085876465 12.1245622634888 12.2090625762939 12.2293748855591 12.1775207519531 12.1063327789307 12.0146036148071 11.9946460723877 12.1241874694824 12.3251667022705 12.2012500762939 12.1206874847412 12.2972707748413 12.2414169311523 11.9364166259766 11.9463119506836 11.9736251831055 11.8752708435059 11.67356300354 11.7098541259766 11.5668544769287 11.861499786377 11.6489782333374 11.7066669464111 11.7377090454102 11.7981042861938 11.6308746337891
10.2948751449585 10.2745418548584 10.2538537979126 10.2522287368774 10.2651042938232 10.3138542175293 10.3483123779297 10.4601249694824 10.3883543014526 10.3724994659424 10.4370832443237 10.4833335876465 10.5658950805664 10.6706256866455 10.7372913360596 10.862416267395 10.9767084121704 11.122145652771 11.2303123474121 11.3922920227051 11.4969577789307 11.5817499160767 11.7187080383301 11.7919788360596 11.8823547363281 11.9563541412354 11.9553756713867 12.1069793701172 12.1638956069946 12.0556659698486 12.0526676177979 12.026478767395 11.9195833206177 12.0504169464111 12.2468538284302 12.198917388916 12.1632289886475 12.1898956298828 12.2217922210693 11.7728748321533 11.9129791259766 11.9988956451416 11.8207292556763 11.7121667861938 11.7879791259766 11.7409791946411 11.736478805542 11.6889581680298 11.6655206680298 11.8533124923706 11.7094373703003 11.6198749542236
10.3418130874634 10.2998332977295 10.2973747253418 10.3004169464111 10.3051452636719 10.2884168624878 10.3366041183472 10.5566463470459 10.3566455841064 10.3920621871948 10.4193954467773 10.439624786377 10.5528116226196 10.6755418777466 10.7302913665771 10.8795204162598 10.9922714233398 11.1162910461426 11.2447500228882 11.4011459350586 11.5083122253418 11.6301870346069 11.6694993972778 11.7371873855591 11.8288125991821 11.8812923431396 11.9510831832886 12.0193748474121 12.0938959121704 12.1468963623047 11.9951248168945 12.0088748931885 11.8753547668457 11.9329586029053 12.2013330459595 12.2957286834717 12.1043329238892 12.0582704544067 11.9671869277954 11.9469795227051 12.0974378585815 12.0284786224365 11.7360000610352 11.8631248474121 11.8766460418701 11.7568759918213 11.8295001983643 11.6571254730225 11.7696876525879 11.9086666107178 11.719708442688 11.6102085113525
10.4077291488647 10.3571043014526 10.3221664428711 10.2798547744751 10.278416633606 10.3346872329712 10.5187911987305 10.5543746948242 10.3981666564941 10.3531036376953 10.3931455612183 10.4537706375122 10.5415830612183 10.6494379043579 10.7573127746582 10.8527498245239 10.9810628890991 11.1216239929199 11.2246875762939 11.3371448516846 11.4402084350586 11.5747089385986 11.5786457061768 11.7879581451416 11.8411245346069 11.8580417633057 11.9692077636719 12.0159378051758 12.1561040878296 12.2044172286987 12.0532293319702 11.9626874923706 11.9588327407837 11.8903951644897 12.2883129119873 12.3471040725708 12.1734380722046 11.911021232605 12.0649576187134 12.0043544769287 12.0958337783813 11.9830198287964 11.9092292785645 11.8064165115356 11.8803539276123 11.9946041107178 11.8696670532227 11.781436920166 11.8410005569458 11.952917098999 11.7868957519531 11.683521270752
10.4336462020874 10.3696041107178 10.3217287063599 10.2985830307007 10.2424583435059 10.2407083511353 10.4792499542236 10.5435628890991 10.4926042556763 10.3755207061768 10.3754167556763 10.428729057312 10.4938335418701 10.6347503662109 10.7463331222534 10.8628330230713 10.9904375076294 11.1299161911011 11.2311248779297 11.3422708511353 11.4811458587646 11.5238122940063 11.5353755950928 11.7297086715698 11.7764587402344 11.8857088088989 11.8615837097168 11.9263334274292 11.9393539428711 12.073145866394 11.9932498931885 12.0563125610352 11.9376668930054 12.1872081756592 12.4767503738403 12.3407287597656 12.2026672363281 11.9471874237061 12.1875419616699 12.0660209655762 11.9897499084473 11.9397916793823 11.9137706756592 11.902229309082 11.9313325881958 12.0444583892822 11.853687286377 11.8168325424194 11.8934383392334 11.8902292251587 11.7622089385986 11.5588750839233
10.4800624847412 10.4424991607666 10.3836879730225 10.3247079849243 10.2622919082642 10.2567081451416 10.3406867980957 10.4776878356934 10.6867294311523 10.4536247253418 10.3643741607666 10.3922290802002 10.4974794387817 10.6052513122559 10.6621875762939 10.8264999389648 10.9899368286133 11.102499961853 11.2004375457764 11.3146667480469 11.469895362854 11.4817085266113 11.5822086334229 11.6959791183472 11.72962474823 11.8441867828369 11.9889583587646 11.9900417327881 11.8879165649414 11.9495830535889 11.960394859314 11.9573335647583 11.9582710266113 12.3296661376953 12.4342918395996 12.2387914657593 12.1485004425049 12.1473960876465 11.8871669769287 12.1951665878296 12.0433959960938 11.9574995040894 11.7869167327881 11.7910413742065 11.9988327026367 12.1186876296997 11.9436874389648 11.8145418167114 11.9891672134399 11.9643745422363 11.6736669540405 11.5890836715698
10.658166885376 10.5145835876465 10.4071254730225 10.3229169845581 10.2584791183472 10.2647914886475 10.3012504577637 10.3318119049072 10.5694789886475 10.4014377593994 10.3374786376953 10.3637084960938 10.460916519165 10.5811462402344 10.6662712097168 10.8488750457764 10.9876461029053 11.1115837097168 11.1751461029053 11.3216037750244 11.438250541687 11.5398330688477 11.5789794921875 11.5635623931885 11.7709999084473 11.7971658706665 12.40016746521 12.1830005645752 11.9282703399658 11.9858331680298 12.0338754653931 12.174916267395 12.0209999084473 11.7665214538574 12.089750289917 12.2152919769287 12.3512296676636 12.2726049423218 12.1820831298828 12.1848964691162 12.0471458435059 12.049708366394 11.9158334732056 11.8255414962769 11.9644165039062 12.0908336639404 11.9670209884644 11.7390203475952 12.0273542404175 12.0016040802002 11.7095413208008 11.6422500610352
10.6845836639404 10.6776456832886 10.6633758544922 10.4477291107178 10.3561668395996 10.3092288970947 10.3141250610352 10.2405624389648 10.492166519165 10.3105001449585 10.352707862854 10.3288955688477 10.4177293777466 10.5471458435059 10.6778535842896 10.8144998550415 10.9674797058105 11.1090412139893 11.2103118896484 11.2957706451416 11.431791305542 11.5052280426025 11.5483741760254 11.5511245727539 11.7017498016357 11.683666229248 12.1075839996338 12.0925416946411 11.8695621490479 12.0292701721191 12.2107086181641 12.2059783935547 12.3101043701172 12.2124376296997 12.0245418548584 12.3152494430542 12.2793750762939 12.2340421676636 12.1593132019043 12.1585626602173 12.0832290649414 12.0489168167114 11.9854583740234 11.8165216445923 11.9293117523193 11.9135417938232 11.8751049041748 11.8146877288818 11.9983959197998 12.0393543243408 11.7005834579468 11.7103548049927
10.5676670074463 10.4881458282471 10.4169998168945 10.3452291488647 10.4048538208008 10.3908538818359 10.2365827560425 10.2710208892822 10.5202713012695 10.357271194458 10.3313961029053 10.4094791412354 10.3985414505005 10.5034790039062 10.6799373626709 10.8056659698486 10.9497289657593 11.0959796905518 11.2036666870117 11.3312072753906 11.4285831451416 11.5105619430542 11.5608539581299 11.5835628509521 11.6036243438721 11.7214374542236 11.8587284088135 11.8641042709351 11.848687171936 12.041937828064 12.2515840530396 11.9799995422363 11.9279584884644 12.2640209197998 12.2997074127197 12.3909997940063 12.3220834732056 12.2336254119873 12.0293951034546 12.1735210418701 12.0161666870117 11.8087701797485 11.6498537063599 11.9386873245239 11.969708442688 11.9382085800171 11.8659162521362 11.7220830917358 11.6816453933716 11.9002504348755 11.8210000991821 11.7684173583984
10.6601667404175 10.5547704696655 10.4873132705688 10.3753747940063 10.2734375 10.2223958969116 10.1908540725708 10.2970209121704 10.2754163742065 10.5457916259766 10.5225410461426 10.4049587249756 10.3687295913696 10.5337715148926 10.6676044464111 10.8156461715698 10.9483957290649 11.1195211410522 11.2431049346924 11.3460826873779 11.4082088470459 11.5317296981812 11.6490421295166 11.6883335113525 11.7189788818359 11.6546039581299 11.9124794006348 12.0392913818359 11.9425210952759 11.8881454467773 12.1748542785645 12.208291053772 11.935375213623 12.0364789962769 12.1356658935547 12.3119163513184 12.236291885376 11.9646873474121 11.7380619049072 11.9276037216187 11.9895210266113 11.6125211715698 11.8382291793823 12.0457077026367 11.9769172668457 11.9425621032715 11.814208984375 11.8114376068115 11.8395624160767 12.01735496521 11.8651037216187 11.7854166030884
10.6667289733887 10.5826253890991 10.5373964309692 10.4575004577637 10.3576879501343 10.2431039810181 10.148250579834 10.0453538894653 10.1588125228882 10.5874156951904 10.755895614624 10.5284786224365 10.4252920150757 10.5327911376953 10.6920833587646 10.8384380340576 11.000207901001 11.1499795913696 11.2488117218018 11.370062828064 11.4506044387817 11.5616664886475 11.6660213470459 11.6918334960938 11.7535619735718 11.7248125076294 11.7466878890991 11.9692087173462 12.1089372634888 12.041166305542 12.1626243591309 12.1663541793823 11.8656454086304 12.0132923126221 11.9387702941895 12.1054582595825 12.1515626907349 12.0317497253418 11.9127502441406 11.9330625534058 11.5839376449585 11.8041038513184 11.993332862854 12.0356874465942 11.9913120269775 11.9352493286133 11.8431034088135 11.8940410614014 12.1020622253418 12.0921669006348 11.8715419769287 11.7475624084473
10.6163959503174 10.5464792251587 10.5412502288818 10.5004997253418 10.4039793014526 10.3217296600342 10.2115201950073 10.017707824707 10.2439584732056 10.4746046066284 10.6841249465942 10.5056467056274 10.4656248092651 10.5616035461426 10.6936874389648 10.879937171936 11.0195207595825 11.181812286377 11.3028125762939 11.394229888916 11.4866037368774 11.6105833053589 11.6708545684814 11.7155628204346 11.7478742599487 11.7586879730225 11.7718963623047 12.1334161758423 12.1630420684814 11.8669166564941 12.1124792098999 12.3263549804688 12.1520204544067 12.054895401001 12.1266870498657 12.1018333435059 11.8977708816528 12.0766248703003 12.0191040039062 11.6433334350586 11.8204174041748 11.984354019165 12.0003337860107 11.9741458892822 11.9526042938232 11.85329246521 11.7486248016357 11.9842710494995 12.1917915344238 12.0438327789307 11.9782915115356 11.7710208892822
10.8323535919189 10.7760419845581 10.7447290420532 10.6129159927368 10.4208955764771 10.3280000686646 10.1835203170776 10.0709590911865 10.2073755264282 10.4607496261597 10.6791667938232 10.5893754959106 10.5659790039062 10.6262702941895 10.7915830612183 10.9467296600342 11.0862922668457 11.2354583740234 11.359167098999 11.4580421447754 11.5732498168945 11.6489171981812 11.704083442688 11.7091035842896 11.7748117446899 11.8142290115356 11.7879781723022 12.1502504348755 12.2706661224365 11.9408950805664 12.2600622177124 12.2508335113525 12.0813961029053 12.0758543014526 11.9263334274292 12.0801239013672 12.3207921981812 12.2349586486816 11.9975624084473 11.7210626602173 11.9105615615845 11.9742088317871 11.9964370727539 11.9663333892822 11.969708442688 11.7525835037231 11.72487449646 11.9590625762939 12.0943536758423 11.9081039428711 12.1383962631226 11.9539165496826
11.0316667556763 10.8191032409668 10.8377704620361 10.878812789917 10.4860420227051 10.3205833435059 10.3019790649414 10.4179792404175 10.5387706756592 10.566291809082 10.6904163360596 10.7931671142578 10.6265621185303 10.7151250839233 10.871958732605 11.0433130264282 11.1796035766602 11.2948122024536 11.4048538208008 11.5226879119873 11.6416883468628 11.7228536605835 11.8693332672119 11.7921876907349 11.7820835113525 11.8165626525879 11.9243955612183 12.0408544540405 12.2620000839233 11.9286870956421 12.0939378738403 12.192437171936 12.2448749542236 12.3400001525879 12.0121250152588 11.9694576263428 12.142707824707 12.0163125991821 11.6391868591309 11.8736457824707 11.8894166946411 12.0486869812012 11.9453754425049 11.9351043701172 11.9177503585815 11.7167711257935 11.9271039962769 12.0102920532227 11.9467296600342 11.8886871337891 12.0678329467773 11.9348964691162
