data/layers/Current/bio2.asc
NCOLS 494 
NROWS 529 
XLLCORNER -117.166666666667 
YLLCORNER -55.5 
CELLSIZE 0.166666666666667 
NODATA_value -3.4e+38 
[rows 0 to 22 of 529, columns 0 to 51 of 494]
10.567704200744600 13.3346042633057 14.8578958511353 15.0384588241577 15.7917289733887 15.7075004577637 14.8773336410522 15.7122707366943 16.8979377746582 16.6005630493164 16.8044166564941 16.8523750305176 16.8480625152588 16.6763534545898 16.4309787750244 16.2098960876465 16.3338966369629 15.3276042938232 17.0727920532227 17.2756462097168 17.5286464691162 17.07643699646 17.2951679229736 16.8822917938232 16.1809577941895 16.2936038970947 15.5515213012695 15.446478843689 15.3852081298828 16.9200420379639 16.8835830688477 17.5514163970947 17.7793960571289 17.4752502441406 17.0889587402344 16.5250205993652 14.5747289657593 15.1460409164429 14.4172496795654 16.6244373321533 16.2926044464111 15.7535419464111 18.3296661376953 17.2546672821045 16.6671466827393 19.0538959503174 19.0837078094482 19.1457500457764 19.8039169311523 19.9956665039062 19.9032287597656 18.4650211334229
11.4261331558228 13.1370830535889 14.7148542404175 15.5904369354248 15.5102920532227 15.4817295074463 15.4747085571289 14.6476669311523 16.5031032562256 15.9121875762939 14.9374370574951 16.0734996795654 16.1144371032715 16.5450839996338 17.1028747558594 17.2941875457764 17.2078533172607 16.4802494049072 16.1685409545898 16.4016666412354 16.8277072906494 16.824291229248 16.3659782409668 16.0027694702148 15.4562501907349 14.7469997406006 15.4856662750244 15.4565210342407 15.9773960113525 16.9975833892822 17.193000793457 17.3998966217041 17.7889575958252 16.0818119049072 15.9866456985474 17.1275196075439 15.5906667709351 14.1273956298828 12.7795419692993 15.731520652771 17.9050216674805 16.6695213317871 16.8548965454102 18.8484172821045 18.1646671295166 18.6216869354248 19.3633327484131 19.5067081451416 18.7950630187988 20.0417499542236 19.9741458892822 18.8448333740234
11.3327083587646 12.6243886947632 13.8181037902832 15.1422710418701 15.3674373626709 14.7581672668457 15.5812082290649 14.2001247406006 15.1650838851929 16.5998954772949 14.4276247024536 15.8037919998169 15.9890632629395 16.4878540039062 17.2437076568604 17.1941680908203 17.1776256561279 17.1165618896484 15.9712715148926 16.0681037902832 15.8009166717529 16.4463329315186 16.5105209350586 16.8656883239746 16.1424789428711 15.5344581604004 16.3968963623047 16.5471038818359 17.4909362792969 16.7854595184326 17.1811466217041 17.720874786377 17.20481300354 17.3744583129883 16.2205410003662 16.814811706543 15.2045001983643 15.3947706222534 15.4305210113525 14.4751043319702 16.8176670074463 17.8630199432373 17.5330200195312 18.8330421447754 18.4983749389648 16.7898120880127 18.3895835876465 19.3267917633057 19.0565204620361 19.4549579620361 19.2434577941895 19.5594787597656
-3.4e+38 12.1583337783813 14.3757085800171 14.994312286377 15.0970830917358 15.3422079086304 15.260645866394 14.7858123779297 13.3044786453247 15.2158126831055 15.0428333282471 14.9265832901001 16.5769386291504 16.4381256103516 16.7720413208008 16.7779369354248 16.8053340911865 16.3047924041748 16.9167919158936 16.2887306213379 15.9988956451416 16.9888744354248 17.1077079772949 16.3651885986328 16.8991050720215 16.0719795227051 16.2806034088135 16.6515007019043 18.0938110351562 17.1726245880127 16.6837711334229 16.2281246185303 15.8043127059937 16.5888957977295 16.7417087554932 17.0467700958252 16.3827095031738 16.4872703552246 16.6736660003662 15.8230419158936 16.4039993286133 17.8077907562256 16.8509159088135 18.5560836791992 19.1281051635742 18.5222511291504 17.6920413970947 17.6331253051758 19.3533954620361 19.081916809082 18.923376083374 19.1172294616699
-3.4e+38 12.3199996948242 13.0737590789795 14.0952320098877 14.4876251220703 16.6014175415039 16.1104583740234 14.8987913131714 13.2402296066284 13.7522497177124 14.2637500762939 15.6260414123535 15.9783124923706 14.1344165802002 13.3055629730225 15.6431245803833 16.0937080383301 16.3215007781982 16.6663341522217 17.0222301483154 17.1286239624023 16.7176876068115 17.1353740692139 18.0395622253418 16.2397918701172 16.7281875610352 17.4760417938232 17.347562789917 17.5355625152588 18.0470199584961 18.3073539733887 17.6768970489502 16.8036041259766 14.5338544845581 17.2853546142578 15.532208442688 16.2025203704834 17.1491241455078 16.0997295379639 16.5968532562256 16.0623340606689 18.2046451568604 16.9251461029053 16.4710426330566 18.6807708740234 18.9427700042725 17.3261241912842 15.6843538284302 18.7888965606689 18.3843746185303 18.773458480835 18.7173957824707
-3.4e+38 -3.4e+38 10.6357145309448 14.2657785415649 14.5930414199829 15.4700832366943 16.2128963470459 15.9526042938232 14.943395614624 14.4010410308838 13.9257507324219 15.2512292861938 14.0969591140747 13.1308126449585 12.2866172790527 12.9553089141846 14.6548614501953 15.6710414886475 16.0848960876465 16.3027076721191 16.9561462402344 16.3305416107178 16.7445411682129 17.9753341674805 17.2079792022705 16.3910427093506 16.5345840454102 17.8507709503174 18.4201240539551 18.4067077636719 18.4899578094482 18.2056465148926 17.9587497711182 15.1118125915527 17.793249130249 17.4058113098145 18.0307083129883 15.9464998245239 15.3119373321533 16.9335422515869 15.4856252670288 17.6102504730225 16.6794166564941 16.6167087554932 17.9893741607666 18.0406665802002 17.3188743591309 16.4856033325195 18.6240005493164 17.8886661529541 18.5988750457764 18.3352088928223
-3.4e+38 -3.4e+38 10.2194442749023 13.6997766494751 15.3000211715698 14.8206672668457 15.3483543395996 16.9662914276123 16.5011043548584 14.8273334503174 14.6745414733887 14.4890832901001 13.9899578094482 12.9963340759277 12.3396606445312 7.27499961853027 13.0719051361084 14.9532794952393 15.2169027328491 13.8556842803955 15.8452501296997 17.0409164428711 17.1489372253418 17.7490425109863 16.8487300872803 17.7716865539551 16.7332286834717 17.5767707824707 18.1893119812012 18.136209487915 16.9711036682129 17.6405620574951 18.1513538360596 16.6537284851074 17.3722286224365 17.891019821167 17.6068534851074 16.6769161224365 16.3740425109863 16.4821872711182 15.6470203399658 16.5628128051758 16.8334579467773 16.4068126678467 18.4594993591309 18.4321880340576 17.6478748321533 18.9132919311523 18.1371040344238 18.3775215148926 16.960521697998 17.7351036071777
-3.4e+38 -3.4e+38 -3.4e+38 14.7482509613037 14.7475090026855 15.6484794616699 15.1462287902832 15.1598129272461 16.6594161987305 15.8424797058105 15.514687538147 14.634916305542 14.4656667709351 12.7572917938232 -3.4e+38 -3.4e+38 -3.4e+38 -3.4e+38 14.0276041030884 -3.4e+38 -3.4e+38 15.9245462417603 17.1713333129883 17.5423545837402 18.0256042480469 18.4041042327881 17.6413955688477 17.2793121337891 17.0995616912842 17.5436458587646 17.3370838165283 17.6191673278809 18.4127712249756 17.8423118591309 17.6698741912842 17.2726459503174 17.0856876373291 18.7762088775635 16.4461040496826 17.2035827636719 15.4524374008179 15.8080205917358 16.949125289917 16.0523128509521 17.9332714080811 18.902416229248 18.0596046447754 19.3308963775635 17.706937789917 18.1710834503174 17.3987712860107 17.9535617828369
-3.4e+38 -3.4e+38 -3.4e+38 -3.4e+38 13.1665067672729 14.8221874237061 15.697437286377 15.3689165115356 15.8344373703003 15.824146270752 16.7011871337891 16.9065837860107 14.4036245346069 14.2225713729858 -3.4e+38 -3.4e+38 -3.4e+38 -3.4e+38 -3.4e+38 -3.4e+38 -3.4e+38 14.0974359512329 15.2684707641602 15.8014545440674 17.441032409668 18.404167175293 18.4124794006348 17.3501453399658 17.6364154815674 16.9437294006348 17.5643749237061 16.6962089538574 18.1788330078125 18.8671245574951 18.5474166870117 18.3985004425049 17.2728748321533 17.7351455688477 17.7884387969971 16.9932289123535 17.1645412445068 17.5901031494141 16.9913959503174 17.0492286682129 17.4138965606689 18.0793952941895 17.6738338470459 18.7882499694824 17.4902076721191 16.9461460113525 15.876895904541 17.8428955078125
-3.4e+38 -3.4e+38 -3.4e+38 -3.4e+38 -3.4e+38 13.8206720352173 14.9404582977295 15.1828536987305 15.8825416564941 15.4293127059937 14.4879169464111 17.0266876220703 15.4249382019043 14.5442628860474 11.7555551528931 -3.4e+38 -3.4e+38 -3.4e+38 -3.4e+38 -3.4e+38 -3.4e+38 -3.4e+38 -3.4e+38 -3.4e+38 16.5872478485107 18.3939170837402 18.7681045532227 17.6331462860107 17.7693557739258 17.8426876068115 17.8391876220703 18.5589370727539 17.8815841674805 17.0502910614014 18.3547496795654 18.2207508087158 17.0282917022705 17.4990634918213 16.7268333435059 17.7451038360596 16.8628330230713 18.0934371948242 17.7919788360596 16.6763114929199 17.4186878204346 18.0342502593994 17.9886245727539 18.9480419158936 16.7558536529541 15.8185205459595 16.7216663360596 17.4751033782959
-3.4e+38 -3.4e+38 -3.4e+38 -3.4e+38 11.5777778625488 13.1740312576294 14.3631572723389 15.0296669006348 15.9133329391479 15.5208749771118 14.3689374923706 15.5210418701172 17.2072086334229 14.6430206298828 14.5875368118286 -3.4e+38 -3.4e+38 -3.4e+38 -3.4e+38 -3.4e+38 -3.4e+38 -3.4e+38 -3.4e+38 -3.4e+38 16.6455020904541 18.2045421600342 18.8510837554932 18.3292293548584 17.9224586486816 17.0822505950928 17.4398746490479 18.8295631408691 18.5404586791992 18.4013538360596 18.656270980835 18.9048538208008 18.558687210083 18.1528739929199 17.1044578552246 17.982292175293 17.3313961029053 17.3964786529541 17.5203742980957 15.6584997177124 17.4190006256104 18.2988548278809 17.6593551635742 18.9013538360596 16.5491676330566 16.4025630950928 18.043270111084 18.1574993133545
-3.4e+38 -3.4e+38 -3.4e+38 -3.4e+38 -3.4e+38 -3.4e+38 12.6395015716553 13.6996870040894 15.3861455917358 15.9984579086304 15.9425830841064 15.0066871643066 17.4446868896484 14.7804164886475 15.3157348632812 -3.4e+38 -3.4e+38 -3.4e+38 -3.4e+38 -3.4e+38 -3.4e+38 -3.4e+38 -3.4e+38 -3.4e+38 16.2143611907959 17.921667098999 18.3400840759277 17.4679164886475 18.7613544464111 18.784875869751 18.7182502746582 18.8167495727539 18.4087505340576 18.5582504272461 19.0144386291504 18.7490425109863 19.0199794769287 18.5615425109863 18.0497493743896 17.3183326721191 17.6968116760254 18.1743335723877 18.1160621643066 18.1330833435059 17.261646270752 18.1987495422363 17.5397911071777 17.5052909851074 17.7385215759277 16.4613952636719 17.1695003509521 16.9493751525879
-3.4e+38 -3.4e+38 -3.4e+38 -3.4e+38 -3.4e+38 -3.4e+38 11.6240386962891 13.1620512008667 14.4617500305176 15.9105625152588 16.6464786529541 15.7279796600342 16.2800636291504 15.88587474823 14.8810806274414 14.6062498092651 -3.4e+38 -3.4e+38 -3.4e+38 -3.4e+38 -3.4e+38 -3.4e+38 -3.4e+38 -3.4e+38 15.3280305862427 17.2461738586426 18.3120632171631 16.9638328552246 18.277271270752 18.9514999389648 18.5132083892822 18.3139572143555 19.0850200653076 19.4693336486816 19.338228225708 19.4802284240723 19.3852500915527 19.074104309082 18.1732292175293 18.6894588470459 17.7817287445068 18.7936458587646 18.3525619506836 18.7308959960938 17.2004375457764 17.1828536987305 17.0812911987305 16.1570835113525 16.0974578857422 17.2587299346924 16.222749710083 15.2643957138062
-3.4e+38 -3.4e+38 -3.4e+38 -3.4e+38 -3.4e+38 -3.4e+38 10.0374116897583 12.2780275344849 13.8304586410522 15.6438541412354 16.3579578399658 16.6472702026367 16.521146774292 16.3354778289795 15.2046880722046 14.9740982055664 -3.4e+38 -3.4e+38 -3.4e+38 -3.4e+38 -3.4e+38 -3.4e+38 -3.4e+38 -3.4e+38 -3.4e+38 15.5322713851929 17.1844787597656 17.8199996948242 16.8439788818359 18.1452083587646 18.3670635223389 17.71875 19.0739574432373 19.7789173126221 19.7142925262451 19.9692497253418 19.7375831604004 18.9899158477783 18.6930198669434 18.8600425720215 17.8384590148926 18.2996463775635 18.7464790344238 18.5743751525879 17.9528121948242 16.9910621643066 16.6734790802002 16.4722290039062 15.9068956375122 17.5004997253418 16.5519580841064 15.4301252365112
-3.4e+38 -3.4e+38 -3.4e+38 -3.4e+38 -3.4e+38 -3.4e+38 -3.4e+38 -3.4e+38 12.8354425430298 14.8841037750244 15.974458694458 16.5566673278809 16.9851875305176 17.4181041717529 16.1813125610352 14.754656791687 -3.4e+38 -3.4e+38 -3.4e+38 -3.4e+38 -3.4e+38 -3.4e+38 -3.4e+38 -3.4e+38 -3.4e+38 12.9220590591431 15.3125133514404 16.9075832366943 16.9939994812012 17.335750579834 17.5452079772949 18.1969165802002 18.3524990081787 18.9095840454102 18.9467086791992 19.547290802002 19.4398956298828 18.7843742370605 18.3426456451416 18.638708114624 18.0986671447754 18.2544364929199 17.693187713623 18.2376670837402 18.3940410614014 16.8280830383301 16.9866046905518 17.058874130249 16.6047916412354 17.0858535766602 16.2393321990967 15.8559169769287
-3.4e+38 -3.4e+38 -3.4e+38 -3.4e+38 -3.4e+38 -3.4e+38 -3.4e+38 -3.4e+38 12.4283781051636 14.7322082519531 15.7861251831055 16.6599159240723 17.8794784545898 18.2003536224365 15.9248752593994 14.6241912841797 -3.4e+38 -3.4e+38 -3.4e+38 -3.4e+38 -3.4e+38 -3.4e+38 -3.4e+38 -3.4e+38 -3.4e+38 -3.4e+38 13.7269487380981 16.2283535003662 16.8718338012695 17.9870204925537 18.0344161987305 19.0525417327881 19.0982913970947 18.888500213623 19.0027294158936 19.7128124237061 19.2995834350586 19.2663745880127 18.357292175293 17.8136253356934 17.6839160919189 18.2607288360596 17.984561920166 18.5586452484131 18.7880210876465 17.027437210083 17.6684169769287 17.6290626525879 17.1856880187988 16.1625003814697 16.0610008239746 16.3864593505859
-3.4e+38 -3.4e+38 -3.4e+38 -3.4e+38 -3.4e+38 -3.4e+38 -3.4e+38 -3.4e+38 11.987998008728 14.777458190918 16.0076675415039 16.4424991607666 17.3838329315186 18.0753116607666 16.9635200500488 14.8490962982178 15.7214908599854 -3.4e+38 -3.4e+38 -3.4e+38 -3.4e+38 -3.4e+38 -3.4e+38 -3.4e+38 -3.4e+38 -3.4e+38 12.8842315673828 15.7919244766235 16.8308334350586 17.7298755645752 18.2780628204346 19.0583343505859 19.279167175293 18.7818756103516 19.6903324127197 19.9866046905518 19.2552089691162 19.4212703704834 18.4834594726562 18.2007713317871 17.7520008087158 18.3530216217041 17.7934169769287 18.1993751525879 19.049186706543 17.8525619506836 17.5775203704834 17.7998332977295 17.1643333435059 16.4877090454102 15.9292917251587 16.3021869659424
-3.4e+38 -3.4e+38 -3.4e+38 -3.4e+38 -3.4e+38 -3.4e+38 -3.4e+38 -3.4e+38 10.0803928375244 13.3977384567261 16.117374420166 15.7674579620361 15.8556041717529 16.5845203399658 16.8449172973633 15.729603767395 15.6612672805786 13.7197694778442 14.8446969985962 -3.4e+38 -3.4e+38 -3.4e+38 -3.4e+38 -3.4e+38 -3.4e+38 -3.4e+38 -3.4e+38 15.0821113586426 16.7585411071777 17.0284366607666 17.8880214691162 18.2000617980957 18.6983337402344 18.7181243896484 19.1456260681152 19.5555419921875 19.3506870269775 19.3394165039062 18.6316242218018 18.5518531799316 18.2232074737549 18.2232913970947 18.4859371185303 18.2900428771973 18.6085624694824 19.3139572143555 18.011791229248 17.8801879882812 17.6549797058105 17.3246669769287 16.1126251220703 16.1547908782959
-3.4e+38 -3.4e+38 -3.4e+38 -3.4e+38 -3.4e+38 -3.4e+38 -3.4e+38 -3.4e+38 -3.4e+38 12.2503204345703 13.8656597137451 14.7171077728271 15.45143699646 15.796854019165 16.2783126831055 17.4998340606689 16.4898338317871 16.0056667327881 15.4820365905762 14.2875823974609 -3.4e+38 12.0482139587402 13.1368427276611 -3.4e+38 -3.4e+38 -3.4e+38 -3.4e+38 13.4263887405396 14.8920412063599 16.8483123779297 17.7456035614014 18.6020202636719 19.1182708740234 18.6601448059082 18.9450206756592 19.6251049041748 19.5300827026367 19.7390842437744 19.378791809082 18.9096660614014 19.5891036987305 18.3482704162598 18.918083190918 18.7138118743896 18.660436630249 19.5159587860107 18.7009582519531 17.6628952026367 17.8880825042725 17.6757907867432 17.1752510070801 16.6422290802002
-3.4e+38 -3.4e+38 -3.4e+38 -3.4e+38 -3.4e+38 -3.4e+38 -3.4e+38 -3.4e+38 -3.4e+38 -3.4e+38 -3.4e+38 12.560227394104 14.0971450805664 14.4628868103027 16.0714168548584 17.3560829162598 17.7398128509521 16.6224784851074 15.7742910385132 14.9126577377319 14.4737987518311 13.0814933776855 14.3233995437622 -3.4e+38 -3.4e+38 -3.4e+38 -3.4e+38 -3.4e+38 14.4398145675659 16.1397037506104 17.1726036071777 17.8050003051758 18.6004791259766 19.2831249237061 19.2581462860107 19.0509796142578 18.9737701416016 19.5753746032715 19.531270980835 19.2218132019043 20.0817928314209 19.3132076263428 18.8722915649414 18.9513111114502 18.7006874084473 19.0345001220703 17.9992504119873 17.9497089385986 17.6849174499512 17.6157073974609 17.4515628814697 17.0246448516846
-3.4e+38 -3.4e+38 -3.4e+38 -3.4e+38 -3.4e+38 -3.4e+38 -3.4e+38 -3.4e+38 -3.4e+38 -3.4e+38 -3.4e+38 -3.4e+38 -3.4e+38 13.3564100265503 14.7702341079712 16.2199172973633 16.7988319396973 17.1835842132568 17.1340827941895 15.7058753967285 15.3977251052856 13.8029317855835 13.5119676589966 13.2358131408691 -3.4e+38 -3.4e+38 -3.4e+38 -3.4e+38 13.0137500762939 13.6118125915527 15.6679582595825 17.2644786834717 19.2219581604004 19.4722499847412 19.1686668395996 19.5708332061768 19.4974155426025 19.2864589691162 19.8173751831055 19.6012077331543 20.2164363861084 20.1761455535889 19.5446453094482 19.0886669158936 18.7034378051758 18.7060623168945 18.1755619049072 18.1413116455078 18.0201454162598 17.4893531799316 17.4678955078125 17.3266868591309
-3.4e+38 -3.4e+38 -3.4e+38 -3.4e+38 -3.4e+38 -3.4e+38 -3.4e+38 -3.4e+38 -3.4e+38 -3.4e+38 -3.4e+38 -3.4e+38 -3.4e+38 -3.4e+38 13.8091344833374 14.1934061050415 15.5607509613037 16.740083694458 17.5788955688477 16.5702075958252 15.5275211334229 13.9037570953369 7.10277795791626 12.2793712615967 12.0732707977295 -3.4e+38 -3.4e+38 11.0055561065674 14.2140855789185 14.1056756973267 14.8568468093872 17.6195011138916 19.2459373474121 19.3289585113525 19.0635204315186 19.6081867218018 19.7429580688477 19.1195621490479 19.7034168243408 19.5676879882812 20.5789375305176 19.620792388916 19.9286670684814 19.1900825500488 18.1246242523193 17.9109172821045 18.5354785919189 18.7651672363281 18.0777492523193 17.7778129577637 17.6372909545898 17.4925422668457
-3.4e+38 -3.4e+38 -3.4e+38 -3.4e+38 -3.4e+38 -3.4e+38 -3.4e+38 -3.4e+38 -3.4e+38 -3.4e+38 -3.4e+38 -3.4e+38 -3.4e+38 -3.4e+38 -3.4e+38 12.5505952835083 13.961256980896 15.5260410308838 15.963062286377 16.0010204315186 15.5904378890991 14.3873987197876 12.7386903762817 10.2361106872559 8.62833309173584 -3.4e+38 -3.4e+38 11.8342256546021 13.6046104431152 13.3386087417603 13.7707424163818 16.7484474182129 18.6163330078125 18.8281669616699 19.0081462860107 19.6178760528564 19.1393127441406 19.1611881256104 19.3507919311523 19.6108741760254 20.2749996185303 20.3540630340576 20.2242908477783 19.328125 18.8286247253418 18.1881256103516 18.3668537139893 18.4509792327881 18.1941032409668 18.0105209350586 17.7680835723877 17.8320617675781
