data/layers/Current/bio2.asc
NCOLS 494 
NROWS 529 
XLLCORNER -117.166666666667 
YLLCORNER -55.5 
CELLSIZE 0.166666666666667 
NODATA_value -3.4e+38 
[rows 138 to 160 of 529, columns 312 to 363 of 494]
11.0091876983643 11.1863126754761 11.3688335418701 11.2213125228882 11.1746873855591 11.4566879272461 11.3975210189819 11.1485414505005 10.7819576263428 10.3026247024536 9.95908355712891 9.60364532470703 9.49760437011719 9.69468784332275 10.0068130493164 9.79368782043457 9.34441661834717 9.1196870803833 8.88337516784668 8.67022895812988 8.57210445404053 8.37091636657715 8.30618762969971 7.72120761871338 7.52040767669678 7.36499977111816 -3.4e+38 -3.4e+38 -3.4e+38 -3.4e+38 -3.4e+38 -3.4e+38 -3.4e+38 -3.4e+38 -3.4e+38 -3.4e+38 -3.4e+38 -3.4e+38 -3.4e+38 -3.4e+38 -3.4e+38 -3.4e+38 -3.4e+38 -3.4e+38 -3.4e+38 -3.4e+38 -3.4e+38 -3.4e+38 -3.4e+38 -3.4e+38 -3.4e+38 -3.4e+38
11.2578325271606 11.5268125534058 11.4938745498657 11.4016246795654 11.2397079467773 11.0618963241577 11.1114377975464 10.7640419006348 10.3892498016357 10.1138744354248 9.98350048065186 9.86202049255371 9.83472919464111 9.91402053833008 9.88831329345703 9.73400020599365 9.48316669464111 9.31906223297119 9.07416725158691 8.79622840881348 8.54114532470703 8.48666667938232 8.41535377502441 7.95839595794678 7.66345834732056 7.41870784759521 7.34465837478638 -3.4e+38 -3.4e+38 -3.4e+38 -3.4e+38 -3.4e+38 -3.4e+38 -3.4e+38 -3.4e+38 -3.4e+38 -3.4e+38 -3.4e+38 -3.4e+38 -3.4e+38 -3.4e+38 -3.4e+38 -3.4e+38 -3.4e+38 -3.4e+38 -3.4e+38 -3.4e+38 -3.4e+38 -3.4e+38 -3.4e+38 -3.4e+38 -3.4e+38
11.1902084350586 11.4198741912842 11.4019374847412 11.3129787445068 11.317437171936 10.9869174957275 10.642749786377 10.3601875305176 10.2591457366943 10.0355415344238 9.87597846984863 9.78364562988281 9.86002159118652 9.8158540725708 9.46922874450684 9.24862480163574 9.34016609191895 9.29095840454102 9.28820896148682 9.04043769836426 8.68077087402344 8.68904113769531 8.22895812988281 8.03425025939941 7.73047971725464 7.41187286376953 7.18970108032227 -3.4e+38 -3.4e+38 -3.4e+38 -3.4e+38 -3.4e+38 -3.4e+38 -3.4e+38 -3.4e+38 -3.4e+38 -3.4e+38 -3.4e+38 -3.4e+38 -3.4e+38 -3.4e+38 -3.4e+38 -3.4e+38 -3.4e+38 -3.4e+38 -3.4e+38 -3.4e+38 -3.4e+38 -3.4e+38 -3.4e+38 -3.4e+38 -3.4e+38
11.0365829467773 11.1218547821045 11.1900205612183 11.2238540649414 11.5510206222534 11.1588335037231 10.6987495422363 10.4992504119873 10.3300619125366 10.1521463394165 9.99583339691162 9.82208347320557 9.56702136993408 9.39854145050049 9.25116634368896 9.15716648101807 9.23618793487549 9.30106258392334 9.31612491607666 9.00816631317139 8.78339576721191 8.53606224060059 8.20600032806396 7.86345911026001 7.57937479019165 7.34571695327759 7.15795993804932 -3.4e+38 -3.4e+38 -3.4e+38 -3.4e+38 -3.4e+38 -3.4e+38 -3.4e+38 -3.4e+38 -3.4e+38 -3.4e+38 -3.4e+38 -3.4e+38 -3.4e+38 -3.4e+38 -3.4e+38 -3.4e+38 -3.4e+38 -3.4e+38 -3.4e+38 -3.4e+38 -3.4e+38 -3.4e+38 -3.4e+38 -3.4e+38 -3.4e+38
10.9144582748413 10.9483957290649 11.0781660079956 11.1779584884644 11.3012924194336 11.0123958587646 10.6909580230713 10.4804172515869 10.3297290802002 10.1643333435059 9.76656246185303 9.44637489318848 9.50118827819824 9.1314582824707 9.09904193878174 9.21643829345703 9.37400054931641 9.53020763397217 9.25591659545898 8.92860412597656 8.75004196166992 8.48685455322266 8.22314548492432 7.9104585647583 7.53472900390625 7.34052419662476 7.15686750411987 7.01666641235352 -3.4e+38 -3.4e+38 -3.4e+38 -3.4e+38 -3.4e+38 -3.4e+38 -3.4e+38 -3.4e+38 -3.4e+38 -3.4e+38 -3.4e+38 -3.4e+38 -3.4e+38 -3.4e+38 -3.4e+38 -3.4e+38 -3.4e+38 -3.4e+38 -3.4e+38 -3.4e+38 -3.4e+38 -3.4e+38 -3.4e+38 -3.4e+38
10.7927703857422 10.7696876525879 10.8105411529541 10.7891044616699 10.9956245422363 10.7859992980957 10.678936958313 10.4829788208008 10.264666557312 10.111291885376 9.47616672515869 9.56412506103516 9.68033409118652 9.43947887420654 9.44879150390625 9.44806289672852 9.77497863769531 9.63635444641113 8.97004127502441 8.86164569854736 8.67627143859863 8.46356201171875 8.1964168548584 7.87508344650269 7.53439569473267 7.29591703414917 7.15574359893799 7.13452386856079 -3.4e+38 -3.4e+38 -3.4e+38 -3.4e+38 -3.4e+38 -3.4e+38 -3.4e+38 -3.4e+38 -3.4e+38 -3.4e+38 -3.4e+38 -3.4e+38 -3.4e+38 -3.4e+38 -3.4e+38 -3.4e+38 -3.4e+38 -3.4e+38 -3.4e+38 -3.4e+38 -3.4e+38 -3.4e+38 -3.4e+38 -3.4e+38
10.6329374313354 10.6726884841919 10.6664581298828 10.530834197998 10.6946039199829 10.636604309082 10.3856048583984 10.2652292251587 10.0462703704834 9.94379138946533 9.77502059936523 9.7058744430542 9.80399990081787 9.89152145385742 9.91981220245361 9.78979110717773 9.45433330535889 9.0949592590332 9.00400066375732 8.79404163360596 8.64633369445801 8.39854145050049 8.13585376739502 7.86412525177002 7.5585412979126 7.30635452270508 7.3437557220459 7.30582189559937 7.35131978988647 7.37458324432373 7.33039855957031 7.33944463729858 -3.4e+38 -3.4e+38 -3.4e+38 -3.4e+38 -3.4e+38 -3.4e+38 -3.4e+38 -3.4e+38 -3.4e+38 -3.4e+38 -3.4e+38 -3.4e+38 -3.4e+38 -3.4e+38 -3.4e+38 -3.4e+38 -3.4e+38 -3.4e+38 -3.4e+38 -3.4e+38
10.670708656311 10.5842704772949 10.4207077026367 10.5210418701172 10.1677293777466 10.3635206222534 10.2934379577637 10.1564168930054 10.0471458435059 10.087854385376 9.9868335723877 9.97972965240479 9.68097877502441 10.2685413360596 10.1582708358765 9.73856258392334 9.60385417938232 9.32379150390625 9.12924957275391 8.97258377075195 8.82945823669434 8.63860416412354 8.31304168701172 8.01652145385742 7.74966669082642 7.68952083587646 7.69470834732056 7.67916679382324 7.67997932434082 7.65645837783813 7.55554151535034 7.46663618087769 7.38317489624023 7.28333377838135 -3.4e+38 -3.4e+38 -3.4e+38 -3.4e+38 -3.4e+38 -3.4e+38 -3.4e+38 -3.4e+38 -3.4e+38 -3.4e+38 -3.4e+38 -3.4e+38 -3.4e+38 -3.4e+38 -3.4e+38 -3.4e+38 -3.4e+38 -3.4e+38
10.6646251678467 10.5816249847412 10.2895622253418 10.2086458206177 9.94289588928223 9.96456241607666 10.1742496490479 10.0983333587646 9.99439525604248 10.1637086868286 9.81187438964844 9.67064666748047 10.0841455459595 10.0788536071777 10.1014995574951 10.1010208129883 9.606520652771 9.27697944641113 9.13831329345703 9.0229377746582 8.88172912597656 8.68356227874756 8.43145751953125 8.23406219482422 8.06206226348877 7.99191665649414 7.92645835876465 7.84508323669434 7.88800001144409 7.8403959274292 7.7803750038147 7.71508359909058 7.60727071762085 7.40067481994629 7.1492919921875 -3.4e+38 -3.4e+38 -3.4e+38 -3.4e+38 -3.4e+38 -3.4e+38 -3.4e+38 -3.4e+38 -3.4e+38 -3.4e+38 -3.4e+38 -3.4e+38 -3.4e+38 -3.4e+38 -3.4e+38 -3.4e+38 -3.4e+38
10.6449165344238 10.5568332672119 10.3398122787476 9.96535396575928 9.79089641571045 9.38733386993408 10.1361665725708 9.80291652679443 9.66420841217041 9.88243675231934 9.99406242370605 10.160228729248 10.0370426177979 9.50472927093506 9.53783321380615 9.58747863769531 9.70231246948242 9.44543743133545 9.26081275939941 9.31589603424072 9.20360469818115 8.83333396911621 8.6560001373291 8.4536247253418 8.2991247177124 8.17616653442383 8.09189605712891 8.02012538909912 7.97739601135254 7.87099981307983 7.86347913742065 7.8418755531311 7.80093717575073 7.55537414550781 7.27216672897339 7.04905319213867 7.04242420196533 -3.4e+38 -3.4e+38 -3.4e+38 -3.4e+38 -3.4e+38 -3.4e+38 -3.4e+38 -3.4e+38 -3.4e+38 -3.4e+38 -3.4e+38 -3.4e+38 -3.4e+38 -3.4e+38 -3.4e+38
10.4359588623047 10.4969787597656 10.3268327713013 9.5586462020874 9.44112491607666 9.71837520599365 9.58264636993408 9.64000034332275 10.0723743438721 10.0176048278809 10.0202713012695 9.90706253051758 9.80306148529053 9.45499992370605 9.48470783233643 9.77560424804688 9.81710433959961 9.82693767547607 9.77583312988281 9.57462501525879 9.33899974822998 9.00962543487549 8.86454200744629 8.67495822906494 8.5245418548584 8.39541721343994 8.29293727874756 8.16314601898193 8.05862522125244 8.02095890045166 7.94466638565063 7.88002061843872 7.81127071380615 7.64779138565063 7.42356204986572 7.16777038574219 6.97415637969971 6.90299987792969 -3.4e+38 -3.4e+38 -3.4e+38 -3.4e+38 -3.4e+38 -3.4e+38 -3.4e+38 -3.4e+38 -3.4e+38 -3.4e+38 -3.4e+38 -3.4e+38 -3.4e+38 -3.4e+38
10.0930414199829 9.89624977111816 9.72306251525879 9.51072883605957 9.68058395385742 9.81518745422363 9.86631298065186 9.8127498626709 9.66356182098389 10.0651254653931 10.1811876296997 10.1292505264282 9.63774967193604 8.9628963470459 8.96316623687744 9.29254150390625 9.93274974822998 9.84902095794678 9.77737522125244 9.5455207824707 9.46297836303711 9.18397903442383 8.98147869110107 8.88014602661133 8.72908401489258 8.59360408782959 8.45556259155273 8.3225212097168 8.21347904205322 8.12572956085205 8.0091667175293 7.94418716430664 7.80258321762085 7.68195915222168 7.49422883987427 7.2834997177124 7.08714580535889 6.96268892288208 6.88214302062988 -3.4e+38 -3.4e+38 -3.4e+38 -3.4e+38 -3.4e+38 -3.4e+38 -3.4e+38 -3.4e+38 -3.4e+38 -3.4e+38 -3.4e+38 -3.4e+38 -3.4e+38
10.2412281036377 9.62418746948242 9.73985481262207 9.67729091644287 9.58495807647705 9.61283302307129 9.57541656494141 9.80529117584229 9.62272834777832 10.0834999084473 10.1886043548584 10.1376457214355 9.41143798828125 8.79141616821289 8.823166847229 9.33495903015137 10.2189998626709 9.96031284332275 9.7930212020874 9.84891700744629 9.89327049255371 9.75897884368896 9.22466659545898 9.08874988555908 8.94339561462402 8.77179145812988 8.61812496185303 8.49041652679443 8.33420848846436 8.21812534332275 8.09247875213623 7.96095848083496 7.82239627838135 7.6772289276123 7.49335432052612 7.32420873641968 7.16193771362305 6.97918748855591 6.74282741546631 6.56742477416992 -3.4e+38 -3.4e+38 -3.4e+38 -3.4e+38 -3.4e+38 -3.4e+38 -3.4e+38 -3.4e+38 -3.4e+38 -3.4e+38 -3.4e+38 -3.4e+38
10.4803123474121 10.0932292938232 9.70779228210449 9.7330207824707 9.97110366821289 9.58154106140137 9.64956188201904 9.68643760681152 9.68827056884766 10.0055627822876 10.1828956604004 9.97843742370605 9.40497970581055 9.17889595031738 8.92189598083496 9.52529144287109 10.1867923736572 10.0642290115356 9.67491626739502 9.86720752716064 9.87154102325439 9.88377094268799 9.59562492370605 9.2745418548584 9.12027072906494 8.96410465240479 8.77908325195312 8.62370777130127 8.4506664276123 8.27806186676025 8.13358306884766 8.00602054595947 7.86041593551636 7.69929218292236 7.52062511444092 7.34483289718628 7.15079212188721 6.95268726348877 6.76375007629395 6.58203363418579 6.54333353042603 -3.4e+38 -3.4e+38 -3.4e+38 -3.4e+38 -3.4e+38 -3.4e+38 -3.4e+38 -3.4e+38 -3.4e+38 -3.4e+38 -3.4e+38
9.7977294921875 9.75431251525879 9.61354160308838 9.58027172088623 9.54210472106934 9.50754165649414 9.50206279754639 9.55474948883057 9.63399982452393 10.1105623245239 10.346583366394 10.2293748855591 9.73872947692871 9.23112487792969 9.01445770263672 9.40302085876465 10.1342296600342 10.2062711715698 9.90189647674561 9.53889656066895 9.90029144287109 9.97958374023438 9.77866649627686 9.45706272125244 9.2893123626709 9.11781311035156 8.90812492370605 8.72702026367188 8.55391693115234 8.34893703460693 8.2008113861084 8.04137516021729 7.89364624023438 7.72945833206177 7.56733322143555 7.38233327865601 7.19787454605103 6.99287462234497 6.80343770980835 6.59095859527588 6.56555557250977 -3.4e+38 -3.4e+38 -3.4e+38 -3.4e+38 -3.4e+38 -3.4e+38 -3.4e+38 -3.4e+38 -3.4e+38 -3.4e+38 -3.4e+38
9.71049976348877 9.65879249572754 9.62075042724609 9.62639617919922 9.57324981689453 9.59489631652832 9.56400012969971 9.60358333587646 9.94368743896484 10.1994590759277 10.3197917938232 10.1379585266113 9.2701244354248 9.00972938537598 9.17599964141846 9.50052070617676 9.63614559173584 9.77531242370605 9.9438533782959 9.65056228637695 9.9528751373291 10.0564584732056 9.69470882415771 9.60906219482422 9.47445869445801 9.27352142333984 9.03079128265381 8.81770801544189 8.62341690063477 8.42352104187012 8.24472904205322 8.10435485839844 7.92958354949951 7.75372934341431 7.58412504196167 7.43147945404053 7.27122926712036 7.06368780136108 6.84752130508423 6.65447950363159 6.42649269104004 -3.4e+38 -3.4e+38 -3.4e+38 -3.4e+38 -3.4e+38 -3.4e+38 -3.4e+38 -3.4e+38 -3.4e+38 -3.4e+38 -3.4e+38
9.80037498474121 9.7232084274292 9.70300006866455 9.69804191589355 9.72981262207031 9.7232084274292 9.69822883605957 9.79804229736328 9.94008350372314 10.1060419082642 10.0208539962769 9.90218734741211 9.73195838928223 9.36722946166992 9.47725009918213 9.520583152771 9.57202053070068 9.58491706848145 9.65164566040039 9.68802070617676 9.68347930908203 9.80583381652832 9.7703332901001 9.73287487030029 9.65358352661133 9.43187522888184 9.15754127502441 8.92520809173584 8.6785831451416 8.47947883605957 8.30597877502441 8.13089561462402 7.97818756103516 7.81020832061768 7.67235422134399 7.51685428619385 7.36170864105225 7.18393754959106 6.97983360290527 6.72140073776245 6.46766662597656 6.4980993270874 -3.4e+38 -3.4e+38 -3.4e+38 -3.4e+38 -3.4e+38 -3.4e+38 -3.4e+38 -3.4e+38 -3.4e+38 -3.4e+38
9.91281223297119 9.82291603088379 9.84752082824707 9.85710430145264 9.87125015258789 9.87133312225342 9.80854225158691 9.84829139709473 10.2340621948242 10.3170833587646 9.97039604187012 9.82189655303955 9.63020801544189 9.51552104949951 9.5245418548584 9.5461254119873 9.60210418701172 9.64543724060059 9.67014598846436 9.70839595794678 9.77266693115234 9.87512397766113 9.85066604614258 9.87849998474121 9.81527137756348 9.54116725921631 9.2620210647583 9.02237510681152 8.75097942352295 8.54120826721191 8.33297920227051 8.1489372253418 7.98672866821289 7.85147905349731 7.73795795440674 7.56635427474976 7.42985343933105 7.3368124961853 7.16822957992554 6.9111008644104 6.85511684417725 6.6878514289856 6.6406135559082 6.71085643768311 -3.4e+38 -3.4e+38 -3.4e+38 -3.4e+38 -3.4e+38 -3.4e+38 -3.4e+38 -3.4e+38
10.0344791412354 10.004979133606 9.95568752288818 9.95127105712891 9.99462509155273 9.98935413360596 9.98043727874756 9.97660446166992 10.0725831985474 10.1438331604004 10.2593536376953 9.85089588165283 9.74727153778076 9.72233295440674 9.79039573669434 9.72518730163574 9.71943759918213 9.78664588928223 9.82491683959961 9.77602005004883 9.83470821380615 9.8852710723877 9.87766647338867 9.80020809173584 9.66193771362305 9.32443714141846 9.27043724060059 9.08341693878174 8.81162452697754 8.55110359191895 8.35677146911621 8.19804191589355 8.04177093505859 7.90360450744629 7.76816654205322 7.67683362960815 7.58002090454102 7.42177057266235 7.35493755340576 7.22748899459839 7.30164575576782 7.24352121353149 7.15043783187866 7.01049089431763 7.09667825698853 -3.4e+38 -3.4e+38 -3.4e+38 -3.4e+38 -3.4e+38 -3.4e+38 -3.4e+38
10.1399993896484 10.1293954849243 10.0302705764771 10.050895690918 10.1062908172607 10.0829792022705 10.0521249771118 10.0115623474121 10.0041246414185 10.0636253356934 10.0531873703003 10.1533336639404 9.90993690490723 9.97508335113525 9.93066596984863 9.81512451171875 9.8596248626709 9.87437438964844 9.86652088165283 9.84993743896484 9.8922290802002 9.89058303833008 9.83245849609375 9.84360408782959 9.66972923278809 9.56839561462402 9.28849983215332 9.20862483978271 8.95139598846436 8.62437534332275 8.41464614868164 8.24239635467529 8.09333324432373 7.94389581680298 7.86925029754639 7.77647924423218 7.67204141616821 7.59741687774658 7.52018260955811 7.49233961105347 7.66818809509277 7.78502130508423 7.67208385467529 7.416916847229 7.3666877746582 7.42676401138306 7.35208368301392 -3.4e+38 -3.4e+38 -3.4e+38 -3.4e+38 -3.4e+38
10.333062171936 10.290771484375 10.2518339157104 10.1742286682129 10.1359157562256 10.1393747329712 10.1293125152588 10.1002912521362 10.0913963317871 10.1226673126221 10.3476037979126 10.2209997177124 10.0036249160767 10.1190414428711 10.1579580307007 9.96877098083496 9.95885467529297 9.83452129364014 9.85564613342285 9.99899959564209 9.94072914123535 9.88312530517578 9.83270835876465 9.68154144287109 9.57968807220459 9.42924976348877 9.28814601898193 9.1205005645752 9.05077075958252 8.7742919921875 8.46729183197021 8.28993701934814 8.13591575622559 7.99927091598511 7.90625 7.82966709136963 7.74652099609375 7.73818731307983 7.68264627456665 7.70498704910278 7.86514568328857 7.94843769073486 8.07206249237061 7.80697917938232 7.71493721008301 7.57517719268799 7.59311962127686 7.63303184509277 -3.4e+38 -3.4e+38 -3.4e+38 -3.4e+38
10.4620418548584 10.4533748626709 10.3390827178955 10.3122701644897 10.2297086715698 10.2112083435059 10.1872291564941 10.1231250762939 10.143479347229 10.1688747406006 10.2269582748413 10.2613754272461 10.0853748321533 10.1753749847412 10.1048965454102 10.2320003509521 10.1127500534058 9.96735382080078 9.88339519500732 9.80091667175293 9.56770801544189 9.7483959197998 9.68539524078369 9.6213960647583 9.56052112579346 9.26558303833008 9.18483352661133 8.99960422515869 9.00372886657715 8.99156284332275 8.62031173706055 8.35856246948242 8.16768741607666 8.05568695068359 7.95243692398071 7.87485408782959 7.82835388183594 7.80274963378906 7.91137504577637 7.89027070999146 8.10597896575928 8.22985458374023 8.24247932434082 8.14324951171875 7.85393762588501 7.82016706466675 7.772292137146 7.72098875045776 7.77291584014893 7.34166669845581 -3.4e+38 -3.4e+38
10.5459585189819 10.5374374389648 10.5311250686646 10.4196662902832 10.3314571380615 10.29212474823 10.2821664810181 10.2195205688477 10.1687288284302 10.3098335266113 10.1873331069946 10.1198959350586 10.0763130187988 10.0696258544922 10.2131671905518 10.3552703857422 10.148416519165 10.1658325195312 9.71456336975098 9.6135835647583 9.5229377746582 9.3920202255249 9.33850002288818 9.13939571380615 9.30310440063477 9.22779083251953 9.05627059936523 8.99947929382324 8.88635444641113 8.94254207611084 8.83339595794678 8.54399967193604 8.25318717956543 8.10266590118408 8.00352096557617 7.92620801925659 7.90045833587646 7.94324922561646 8.05172920227051 8.04589653015137 8.25143814086914 8.35479164123535 8.37579250335693 8.45414638519287 8.16093730926514 8.21756267547607 8.01791667938232 7.99981260299683 7.72373342514038 7.65062284469604 7.65844869613647 7.53936529159546
