data/layers/Current/bio3.asc
NCOLS 494 
NROWS 529 
XLLCORNER -117.166666666667 
YLLCORNER -55.5 
CELLSIZE 0.166666666666667 
NODATA_value -3.4e+38 
[rows 207 to 229 of 529, columns 312 to 363 of 494]
89.1214599609375 89.4737930297852 89.7317657470703 89.7575531005859 89.6577453613281 89.2415542602539 89.2603759765625 89.1662445068359 89.082763671875 89.0800704956055 89.0057067871094 88.8963928222656 88.6174163818359 88.380256652832 88.3860092163086 88.2959899902344 88.3445663452148 87.7210311889648 88.0544509887695 88.0073318481445 87.5997314453125 87.174919128418 86.3865509033203 85.6947937011719 85.3440551757812 84.4772796630859 84.0898208618164 83.5984191894531 83.0079193115234 82.491325378418 82.1583938598633 81.5950927734375 81.2537384033203 81.2378921508789 81.0283966064453 80.4735717773438 80.1193618774414 79.7205047607422 79.3308639526367 79.0006332397461 78.6014251708984 78.3923187255859 78.2622833251953 78.0444946289062 77.8701324462891 77.8007888793945 77.7121429443359 77.680419921875 77.663818359375 77.6936264038086 77.8020782470703 77.9160461425781
88.8922424316406 89.6942291259766 89.8261413574219 89.7507247924805 89.8538436889648 89.8965377807617 89.5214920043945 89.4217758178711 89.4846496582031 89.167839050293 88.9863967895508 89.1229705810547 88.9774475097656 88.7558135986328 88.3754348754883 88.5537261962891 88.3307189941406 88.0281372070312 88.0476837158203 87.9205703735352 87.9470825195312 87.3636093139648 86.5725784301758 85.9369659423828 85.4473037719727 84.6730804443359 84.1895294189453 83.5125045776367 82.9257278442383 82.5406723022461 82.0980911254883 81.6040954589844 81.1754913330078 80.7406387329102 80.5421829223633 80.1860809326172 79.826171875 79.5275955200195 79.2872085571289 78.8516387939453 78.6024703979492 78.2636184692383 77.9229354858398 77.8721618652344 77.7873153686523 77.6899795532227 77.7081680297852 77.4577789306641 77.2420959472656 77.2763595581055 77.1884307861328 77.1012191772461
89.0754241943359 89.5663681030273 89.6888809204102 89.6577835083008 90.1970062255859 90.0418472290039 89.7072219848633 89.6752090454102 89.5236892700195 89.3244247436523 89.0537338256836 88.8351974487305 89.1228179931641 88.8707885742188 88.723762512207 88.6721496582031 88.3495254516602 88.2196502685547 88.3756790161133 87.7385635375977 87.7754592895508 87.2771682739258 86.504508972168 85.8481369018555 85.4184265136719 84.7052307128906 84.1381912231445 83.4583587646484 82.9109802246094 82.5505981445312 82.0149383544922 81.4824447631836 81.029914855957 80.6658020019531 80.2220153808594 80.0998992919922 79.6187515258789 79.4245758056641 78.9549331665039 78.797004699707 78.5378952026367 78.3553314208984 77.8712463378906 77.7372055053711 77.6011352539062 77.5373153686523 77.4832763671875 77.2948303222656 76.936637878418 76.8476486206055 76.9740905761719 77.2779312133789
88.8919448852539 89.5413284301758 89.6074523925781 89.5898132324219 89.9674835205078 89.9647216796875 89.5970993041992 89.4571304321289 89.6300354003906 89.4533081054688 89.2222137451172 88.7614364624023 88.6579437255859 89.212646484375 88.9242095947266 88.6888275146484 88.5431518554688 88.3949661254883 88.1927185058594 87.9313735961914 87.778450012207 87.4022521972656 86.6689910888672 85.7157287597656 85.5272216796875 85.0670471191406 84.2786865234375 83.6261749267578 83.0291900634766 82.430305480957 81.8269195556641 81.2840423583984 80.7858428955078 80.4081497192383 80.1866607666016 79.9156646728516 79.6468887329102 79.2765502929688 78.9081726074219 78.4875793457031 78.3225708007812 78.4759979248047 78.0121688842773 77.5617294311523 77.4950714111328 77.674072265625 77.6232757568359 77.0482635498047 76.6401062011719 76.7329788208008 77.1671676635742 77.3251495361328
89.2372055053711 89.3537292480469 89.5820236206055 89.6828231811523 89.863639831543 89.917854309082 89.6489410400391 89.4912109375 89.3326950073242 89.4061737060547 89.3260040283203 88.9089279174805 88.9604110717773 89.2186813354492 88.7948150634766 88.6481628417969 88.5149612426758 88.3123474121094 88.2432632446289 88.1102828979492 87.7107391357422 87.0810546875 86.5860824584961 85.8266525268555 85.6055068969727 85.3488922119141 84.5361251831055 83.7430877685547 82.9685363769531 82.4005355834961 81.8776550292969 81.2634887695312 80.7824554443359 80.4300308227539 80.2218551635742 79.9091796875 79.633186340332 79.2820587158203 78.8607940673828 78.4990234375 78.2163314819336 78.3872909545898 78.0688705444336 78.0185470581055 77.8190536499023 78.1251983642578 77.8341903686523 77.4316787719727 77.101692199707 76.9275588989258 76.6368865966797 76.7327728271484
88.7508010864258 89.1120681762695 89.2530059814453 89.2832183837891 89.2863082885742 89.6208419799805 89.8000564575195 89.5234451293945 89.2302322387695 89.1580200195312 89.187629699707 89.2421188354492 88.9800567626953 89.1097030639648 88.9135131835938 88.6452941894531 88.5727767944336 88.7421646118164 88.356315612793 87.9652938842773 87.7979354858398 87.140739440918 86.6024856567383 85.9171142578125 85.290885925293 84.8582534790039 84.6234588623047 83.9885940551758 83.0270004272461 82.1767120361328 81.6405792236328 81.211067199707 80.7660446166992 80.4065704345703 80.0536499023438 79.7885055541992 79.5147094726562 79.1951675415039 78.929443359375 78.6163635253906 78.4490585327148 78.1484756469727 77.9901275634766 78.4098434448242 78.5188446044922 78.2282867431641 77.7613830566406 77.2453308105469 76.8559799194336 76.9214553833008 76.3622589111328 76.2751693725586
88.2926788330078 88.7562942504883 89.0956878662109 89.2031478881836 89.2908401489258 89.1538925170898 89.4700927734375 89.3086013793945 89.4474563598633 89.0740051269531 89.0753784179688 89.0387268066406 89.1011581420898 89.1811447143555 89.3633651733398 88.9762573242188 88.9830780029297 88.5936737060547 88.1526031494141 87.741096496582 87.2280197143555 87.1838150024414 86.8201446533203 85.9802398681641 85.16943359375 84.8403930664062 84.3281021118164 84.4615020751953 83.2758636474609 82.2489700317383 81.6184616088867 80.9494247436523 80.6883850097656 80.4065704345703 79.8945388793945 79.5836639404297 79.3888168334961 79.0002059936523 78.8320159912109 78.7045135498047 78.4630813598633 79.1411743164062 78.6813125610352 78.5425338745117 78.2024688720703 77.7368774414062 77.2094879150391 76.8947830200195 76.8630447387695 76.2627563476562 76.2242050170898 76.3362503051758
87.4495620727539 87.88037109375 88.3960723876953 88.9371948242188 89.3449783325195 89.342903137207 89.1432800292969 89.1554794311523 89.2190017700195 89.1580429077148 89.0190124511719 89.1692276000977 88.987060546875 89.0363540649414 89.2133560180664 89.1160659790039 89.3292770385742 88.7260360717773 88.197639465332 88.0022430419922 87.661262512207 87.2743148803711 86.9027328491211 86.141471862793 85.5082931518555 84.7408752441406 84.005126953125 83.6959991455078 83.5978851318359 82.4625091552734 81.7452697753906 81.0794143676758 81.2041320800781 80.5792846679688 79.9049453735352 79.4751892089844 79.40283203125 79.2502365112305 78.9294357299805 78.750358581543 78.8064498901367 79.0870971679688 78.7053527832031 78.0402297973633 77.9817504882812 77.3787460327148 77.189582824707 76.929084777832 76.5569839477539 76.3357696533203 76.3798675537109 76.5341949462891
87.2055816650391 87.6582794189453 87.7653121948242 88.3659896850586 89.0079879760742 88.6283950805664 88.9796905517578 89.0397491455078 88.8410110473633 88.9283981323242 89.0371322631836 88.9275207519531 88.5959014892578 88.4381713867188 88.5401611328125 88.5462036132812 88.9273376464844 88.8453979492188 88.7065277099609 87.8762130737305 87.4884872436523 87.1324996948242 86.4377975463867 85.7393569946289 85.5243759155273 85.3217849731445 84.9225997924805 83.6404190063477 83.2452850341797 82.5030136108398 81.794319152832 81.6109848022461 81.1302337646484 80.4559097290039 79.95849609375 80.0542755126953 80.1640930175781 79.5406188964844 79.5343246459961 79.6180953979492 79.7471618652344 78.7300415039062 78.2032623291016 77.8206558227539 77.338623046875 77.0786056518555 77.1055068969727 76.8295135498047 76.6551361083984 76.697151184082 76.6468811035156 76.6555252075195
87.0521087646484 87.5404815673828 86.9809799194336 87.2857208251953 88.4254837036133 88.42236328125 88.4400405883789 88.6570816040039 88.7829208374023 88.9055709838867 88.4673767089844 88.4929885864258 88.458122253418 88.136833190918 88.1997375488281 88.1695404052734 88.1984329223633 88.2438278198242 88.5111770629883 87.9572677612305 87.6223526000977 87.2406005859375 86.7376174926758 86.5384674072266 86.2370681762695 85.6991195678711 84.770866394043 84.044677734375 83.024787902832 82.6915664672852 82.2666320800781 81.5251235961914 80.8158798217773 80.1443252563477 79.7479248046875 79.6793746948242 79.5872344970703 79.710693359375 79.9513092041016 79.5303573608398 79.0676116943359 78.6280746459961 78.2904586791992 78.0394668579102 77.6525039672852 77.2033615112305 77.0975494384766 76.9791259765625 77.0028991699219 76.832389831543 76.8363952636719 76.864860534668
86.6661987304688 86.8094482421875 86.7243881225586 86.9837036132812 87.1185302734375 87.8975067138672 88.0688858032227 88.3262100219727 88.4150161743164 88.3676986694336 88.4160537719727 87.9982223510742 87.8030242919922 87.6144409179688 87.6542663574219 87.6762771606445 87.5585556030273 88.0749053955078 88.0349655151367 87.7785339355469 87.5307998657227 87.3995590209961 87.1324157714844 86.5628509521484 85.7621231079102 85.1586761474609 84.2851181030273 83.7195510864258 82.7849273681641 82.1651458740234 81.8485946655273 81.0307388305664 80.6753158569336 80.534049987793 80.136604309082 79.8840789794922 79.7199172973633 79.6816253662109 79.6302185058594 78.8790588378906 78.5665740966797 78.4890747070312 78.1391448974609 77.793342590332 77.5422668457031 77.4519729614258 77.3698501586914 77.077033996582 76.9773483276367 76.9464111328125 76.8475723266602 76.9020767211914
85.9936676025391 86.1809692382812 86.4731826782227 86.6689224243164 86.9572982788086 87.2746047973633 87.6632614135742 87.6153030395508 87.8611450195312 87.9181594848633 87.8611526489258 87.6194763183594 87.3886108398438 87.4801559448242 87.4559936523438 87.515625 87.5261306762695 87.7456665039062 87.4910278320312 87.2919769287109 87.6465072631836 87.5302658081055 87.1857299804688 85.7670364379883 85.3051605224609 84.6417846679688 84.2016143798828 83.4624710083008 82.7755889892578 82.1557922363281 81.6244354248047 81.2708282470703 80.8454132080078 80.6172332763672 80.2752914428711 80.0432357788086 80.1137847900391 79.7396011352539 79.1934051513672 78.9403915405273 78.5220794677734 78.2067108154297 77.9238128662109 77.7454452514648 77.6844253540039 77.6110992431641 77.5339279174805 77.2408294677734 77.0952224731445 77.1091079711914 77.0622329711914 77.1161270141602
85.7265625 85.9483795166016 86.3399658203125 86.3117523193359 86.7622222900391 87.0215606689453 87.0063095092773 87.0152435302734 87.1876525878906 87.1350250244141 87.2757339477539 87.1313858032227 86.8422470092773 86.9139175415039 87.2618865966797 87.4853668212891 87.2617034912109 87.416145324707 87.5555877685547 87.3076934814453 87.4715881347656 87.5762176513672 87.1474533081055 85.9551162719727 85.0101776123047 84.5385284423828 83.8800048828125 83.3490905761719 82.6806335449219 82.2285995483398 81.875373840332 81.5386810302734 80.9660491943359 80.6980361938477 80.2458343505859 80.2780685424805 79.9871520996094 79.6971435546875 79.2906341552734 78.9961090087891 78.4020385742188 78.1094055175781 77.8581237792969 77.7607345581055 77.6047668457031 77.694091796875 77.4090576171875 77.4430313110352 77.1903762817383 77.2463989257812 77.2291030883789 77.1767196655273
85.4448623657227 85.7669448852539 86.0754318237305 86.0633850097656 86.0787887573242 86.1340179443359 85.966552734375 86.2995910644531 86.6891174316406 86.8798370361328 87.0003128051758 87.0431289672852 86.4550704956055 86.4968566894531 86.4554977416992 86.5457077026367 87.1110229492188 87.3459548950195 87.5376052856445 87.3387832641602 87.5312347412109 86.8965682983398 85.9943008422852 85.6908645629883 85.3684844970703 84.5327377319336 83.9597625732422 83.2918395996094 82.9047775268555 82.5235366821289 82.0768127441406 81.5616760253906 81.120849609375 80.6300659179688 80.4967269897461 80.3614196777344 80.1050491333008 79.5733795166016 79.338134765625 78.9124145507812 78.5002593994141 78.1695938110352 77.9348068237305 77.8181686401367 77.6732482910156 77.7030258178711 77.4828872680664 77.6346435546875 77.5004272460938 77.2574234008789 77.3325653076172 77.409294128418
85.0790252685547 85.4957580566406 85.4882583618164 85.7580947875977 85.7599563598633 85.6649475097656 85.7552185058594 85.7329330444336 86.1020355224609 86.2058868408203 86.3099746704102 86.0232315063477 85.9495086669922 85.8126831054688 85.8399810791016 85.9715957641602 86.2689514160156 86.5748291015625 87.3174667358398 87.5981063842773 86.5943222045898 85.935302734375 85.4608535766602 85.0907363891602 84.8547515869141 84.6360931396484 84.2897415161133 83.7226181030273 83.0503692626953 82.4905395507812 82.0612411499023 81.7879486083984 81.0970916748047 80.7862701416016 80.88916015625 80.4202728271484 79.8405151367188 79.4529190063477 79.266487121582 78.9043502807617 78.5817413330078 78.3603591918945 78.0462036132812 77.9766540527344 77.8979797363281 77.8783721923828 77.6720733642578 77.7864685058594 77.6970901489258 77.5499496459961 77.5003662109375 77.6482238769531
84.8034286499023 84.8900833129883 85.1522369384766 85.123405456543 84.9757385253906 84.9458618164062 85.0005340576172 85.0583267211914 85.2576217651367 85.6278839111328 85.6430816650391 85.5375366210938 85.4041748046875 85.3539733886719 85.3307113647461 85.3833541870117 85.6435852050781 85.976676940918 86.6217193603516 85.9931793212891 85.3723831176758 85.1966857910156 85.2349548339844 84.8622817993164 84.485466003418 84.0510330200195 84.0164031982422 83.9069519042969 83.1422576904297 82.6170349121094 82.1499633789062 81.7446441650391 81.3763122558594 81.0583419799805 80.8355484008789 80.4568634033203 79.9247894287109 79.4655914306641 79.1918716430664 78.7787857055664 78.4145965576172 78.1186065673828 77.8848571777344 78.0053176879883 77.8799438476562 77.5707931518555 77.5597534179688 77.6463928222656 77.5842819213867 77.5577850341797 77.5909729003906 77.5219955444336
84.5788269042969 84.5365295410156 84.7807312011719 84.5251617431641 84.5888137817383 84.4965286254883 84.1502151489258 84.3567733764648 84.6245346069336 85.4650268554688 84.7567901611328 85.0299682617188 84.7467880249023 84.7476654052734 84.7753219604492 84.9763717651367 84.9364242553711 85.4446792602539 85.8231658935547 85.4165573120117 85.0040283203125 84.9502258300781 84.7650451660156 84.5435409545898 84.2177581787109 83.9828109741211 83.6183013916016 83.2898406982422 82.6353302001953 82.194465637207 81.9015502929688 81.3990325927734 81.12158203125 80.7046356201172 80.2683181762695 80.1567993164062 79.5643081665039 79.376106262207 79.0897827148438 78.645881652832 78.4005279541016 78.1963882446289 78.0191802978516 77.9138565063477 77.735710144043 77.5087432861328 77.2822418212891 77.3396530151367 77.4398574829102 77.4492950439453 77.3654403686523 77.3787155151367
84.1021347045898 83.9033432006836 84.29931640625 84.3430023193359 84.1019515991211 83.7756271362305 83.6139678955078 83.7015762329102 84.0675201416016 83.9606628417969 84.0760269165039 84.1137313842773 84.2302932739258 84.1889266967773 84.2833633422852 84.8274078369141 84.7053298950195 85.0094680786133 84.9027099609375 84.6055221557617 84.4008407592773 84.6798629760742 84.3871383666992 83.9544296264648 83.8929595947266 83.6146240234375 83.0354690551758 82.8227844238281 82.3102722167969 81.9395370483398 81.4864807128906 80.9674301147461 80.6554565429688 80.2547302246094 79.7724075317383 79.5091400146484 78.9492645263672 78.8558502197266 78.4692687988281 78.3320770263672 78.1465835571289 77.6762466430664 77.5589447021484 77.4873046875 77.5918502807617 77.405876159668 77.2802658081055 77.198844909668 77.2107086181641 77.1044998168945 77.1633834838867 77.2504348754883
83.5178375244141 83.6247024536133 83.7063446044922 83.5756530761719 83.5682830810547 83.4566802978516 83.3269805908203 83.5160140991211 83.6084518432617 83.3724594116211 83.5349960327148 83.5577850341797 83.6520004272461 84.030143737793 84.3659820556641 84.292121887207 84.4330444335938 84.282600402832 84.1696090698242 83.9656066894531 84.0712051391602 83.9946060180664 84.0200119018555 83.7128219604492 83.397819519043 83.1645431518555 82.7343597412109 82.2526702880859 81.7925033569336 81.3927688598633 81.0497131347656 80.301139831543 80.0668258666992 79.7199249267578 79.3514251708984 78.8269729614258 78.5204467773438 78.2712097167969 77.9748229980469 77.7061767578125 77.4552459716797 77.1689147949219 77.0959930419922 76.9838027954102 77.0404357910156 76.9932861328125 76.7682189941406 76.6215209960938 76.6983871459961 76.6877517700195 76.8298721313477 77.0210037231445
83.0512008666992 82.8949127197266 83.1379318237305 83.153694152832 83.1612701416016 82.863410949707 82.685676574707 82.9031372070312 82.8715057373047 82.7193832397461 82.7346420288086 82.8495941162109 83.2379379272461 83.3737640380859 83.4718551635742 83.7913055419922 83.6360244750977 83.5016326904297 83.5675201416016 83.6415634155273 83.6150970458984 83.6672744750977 83.6723098754883 83.2387542724609 82.9531784057617 82.6282806396484 82.2227325439453 81.7708587646484 81.3346939086914 80.8097152709961 80.381950378418 79.7862777709961 79.4836578369141 79.2245483398438 79.0011138916016 78.3074645996094 78.1099624633789 77.6867141723633 77.3449630737305 77.2045364379883 77.0804977416992 76.7840881347656 76.5180053710938 76.4382400512695 76.4182052612305 76.2757568359375 76.1112594604492 75.9658508300781 76.020751953125 76.1622314453125 76.0100555419922 76.2758178710938
82.2517776489258 82.5541458129883 82.5304260253906 82.473503112793 82.4002075195312 82.5736999511719 82.2342529296875 82.2726440429688 82.1434555053711 82.1465759277344 81.9579162597656 82.2146377563477 82.7493438720703 82.6248550415039 82.4956207275391 83.3463363647461 82.9334259033203 83.0755996704102 83.2329406738281 83.2214508056641 83.5261459350586 83.4114685058594 83.2688369750977 83.1143493652344 83.0146560668945 82.3386764526367 81.9702377319336 81.275016784668 80.7773513793945 80.3974227905273 79.7991180419922 79.3567276000977 78.9953231811523 78.7295150756836 78.2587966918945 77.909049987793 77.5693893432617 77.1602630615234 76.9087142944336 76.6714859008789 76.4393310546875 76.1728897094727 75.9648513793945 75.8620910644531 75.7482833862305 75.7089538574219 75.5291519165039 75.5189514160156 75.5445938110352 75.4457168579102 75.35595703125 75.6088256835938
81.9025115966797 81.9846038818359 81.9909133911133 81.9760131835938 81.978759765625 81.7126617431641 81.6432495117188 81.6173629760742 81.7374267578125 81.6651077270508 81.6685791015625 81.8951568603516 81.9216003417969 81.6943817138672 81.86669921875 82.3471603393555 82.5227661132812 82.4928894042969 82.6953201293945 82.8097686767578 82.680046081543 82.9225845336914 82.8811721801758 82.5562438964844 82.4912490844727 81.8997573852539 81.2902755737305 80.7503509521484 80.4060897827148 79.9108505249023 79.2556686401367 78.7896575927734 78.4490280151367 77.9254608154297 77.5717926025391 77.4010925292969 76.9722137451172 76.7173004150391 76.4062576293945 76.0302581787109 75.794921875 75.5609512329102 75.3022766113281 75.2444152832031 75.0845642089844 74.9981384277344 74.8908386230469 74.8595352172852 74.85107421875 74.7485275268555 74.7552185058594 74.9144058227539
81.6164703369141 81.5342788696289 81.353141784668 81.267463684082 81.3025512695312 81.0491256713867 80.8906631469727 81.1132278442383 81.0842132568359 81.1671295166016 81.2649841308594 81.0495681762695 80.8638381958008 81.0727386474609 81.4136581420898 81.6020584106445 81.508415222168 81.810302734375 82.1144561767578 82.3630142211914 82.4864349365234 82.5525283813477 82.5894622802734 82.2817687988281 82.0052795410156 81.7246322631836 80.8354721069336 80.4071655273438 79.7957458496094 79.157112121582 78.6002349853516 78.1243209838867 77.7003555297852 77.2773284912109 77.1328506469727 76.7633666992188 76.4022903442383 76.1023712158203 75.8195190429688 75.4252777099609 75.0290069580078 74.8630676269531 74.6426849365234 74.5759124755859 74.3112945556641 74.2361831665039 74.2013397216797 74.1851196289062 73.8657913208008 74.2000961303711 74.3532791137695 74.2782745361328
