data/layers/Current/bio3.asc
NCOLS 494 
NROWS 529 
XLLCORNER -117.166666666667 
YLLCORNER -55.5 
CELLSIZE 0.166666666666667 
NODATA_value -3.4e+38 
[rows 0 to 22 of 529, columns 104 to 155 of 494]
38.8070068359375 38.6402587890625 39.1247711181641 39.3528900146484 39.0184783935547 39.0132675170898 38.8019065856934 38.5178604125977 38.5816078186035 38.5334396362305 38.7172355651855 38.7374725341797 38.1307525634766 37.7631530761719 36.8154106140137 36.3714027404785 35.8310813903809 35.5933303833008 35.9664611816406 36.0057716369629 36.2414817810059 36.268627166748 36.4620933532715 37.0954284667969 37.7218856811523 38.1140327453613 38.5143051147461 38.6944808959961 38.8802528381348 38.7483253479004 38.6220932006836 38.6004104614258 38.5202751159668 38.4155349731445 38.2534294128418 37.9952507019043 38.2648658752441 38.2972640991211 38.7358818054199 39.0497550964355 39.3503189086914 39.5898094177246 39.5841636657715 39.5314292907715 39.448974609375 38.9328231811523 38.4601821899414 38.1169013977051 38.1741790771484 38.0281715393066 38.0076599121094 38.5322189331055
38.6858367919922 38.7487716674805 39.0010604858398 39.0724449157715 39.0694694519043 39.1058158874512 38.9943542480469 38.6965866088867 38.5955200195312 38.9221000671387 39.2426261901855 39.4952392578125 39.0617523193359 38.5578575134277 37.7924385070801 37.1288185119629 36.8875579833984 36.8140182495117 36.8767547607422 36.7896118164062 36.6538963317871 36.4865379333496 36.823616027832 37.581657409668 38.1094207763672 38.1632881164551 38.3637428283691 38.5905876159668 38.8896408081055 38.8380355834961 38.7013282775879 38.8088989257812 38.8916091918945 38.9364051818848 38.8667030334473 38.7543640136719 38.636962890625 38.8877601623535 38.8662910461426 39.5891075134277 39.5643539428711 39.6714973449707 39.6936302185059 39.6900596618652 39.520809173584 39.019645690918 38.5798530578613 38.3629264831543 38.1965827941895 37.8885154724121 38.3293571472168 38.9287376403809
38.7450370788574 38.8878173828125 39.249080657959 38.8948669433594 39.3429183959961 39.4664154052734 39.4169006347656 39.1950531005859 38.7136993408203 39.051643371582 39.3363761901855 39.8026924133301 39.9765396118164 39.0650634765625 38.3720169067383 37.8166465759277 37.3475799560547 37.3599014282227 37.3933296203613 37.1180534362793 37.1823425292969 37.057975769043 36.8065223693848 37.8572044372559 38.3286514282227 38.2326164245605 37.8046379089355 38.4263687133789 38.5781288146973 38.7402153015137 38.9350509643555 39.091423034668 39.4456748962402 39.4598236083984 39.554370880127 39.5794067382812 39.6585884094238 39.9548454284668 40.0959053039551 40.3085708618164 40.204517364502 40.2376747131348 40.201343536377 39.9510154724121 39.5577621459961 39.1184120178223 38.9290657043457 38.6143264770508 38.436408996582 38.5230484008789 38.617115020752 39.133415222168
39.6936492919922 40.0370826721191 40.2528991699219 39.9420280456543 39.7450218200684 39.632625579834 39.4444732666016 39.3512001037598 38.7448081970215 39.126895904541 39.5538520812988 39.878360748291 39.9223022460938 39.1973037719727 38.1403312683105 37.9484634399414 37.5989303588867 37.8151435852051 37.6487770080566 37.6393547058105 37.4736557006836 37.3902320861816 37.8549766540527 38.2368850708008 38.4603309631348 38.3237648010254 38.028694152832 38.6362800598145 38.7434616088867 38.8964767456055 39.0270767211914 39.5962028503418 39.8369445800781 40.1100082397461 40.1805648803711 40.3927383422852 40.7249450683594 40.9945755004883 41.0727653503418 40.5983047485352 40.4563865661621 40.3680763244629 40.6294136047363 40.3876571655273 39.9304428100586 39.3021240234375 38.7196502685547 38.3735198974609 38.581859588623 38.9336280822754 39.2131233215332 40.0892791748047
40.2877197265625 40.4777946472168 40.7915534973145 40.3764686584473 39.7950897216797 39.5110244750977 39.4296951293945 39.4765510559082 39.1997413635254 39.1309356689453 39.4548797607422 39.6143531799316 39.445384979248 39.0224914550781 37.9918975830078 37.5918655395508 37.6634864807129 37.9013633728027 37.79638671875 38.2330284118652 38.1081123352051 37.9680023193359 38.1838226318359 38.4018058776855 38.3249702453613 38.1380424499512 38.1077651977539 38.3488655090332 38.6881828308105 38.7433319091797 39.0253715515137 39.4123954772949 39.9328727722168 40.3733749389648 40.6912040710449 40.4557418823242 41.2058639526367 41.560791015625 41.4822998046875 41.3410873413086 40.7770843505859 40.4515838623047 40.7201232910156 40.6208877563477 40.0461463928223 39.350154876709 38.7873954772949 38.4046287536621 38.511833190918 39.3305778503418 39.9585952758789 39.6100883483887
40.9690704345703 41.2477798461914 41.3710441589355 40.6850280761719 40.359302520752 40.0352096557617 39.573413848877 39.2413291931152 39.0871963500977 39.2178649902344 39.1614952087402 39.1855659484863 39.1043548583984 38.5367240905762 38.3297843933105 37.6737899780273 37.599437713623 37.8171424865723 38.4007797241211 38.6473846435547 38.9276123046875 38.8796157836914 38.7743110656738 38.5839614868164 38.4471778869629 38.1240005493164 38.0135879516602 38.221263885498 38.537540435791 38.8377914428711 39.1186408996582 39.4992179870605 39.9299354553223 40.4470825195312 40.9064254760742 40.7650108337402 40.5244636535645 41.5013122558594 41.5984306335449 41.2858390808105 40.9646835327148 40.9348754882812 40.7408866882324 40.1489448547363 39.7776908874512 39.3526382446289 38.8973693847656 38.5950126647949 39.0733375549316 39.5900535583496 39.6494598388672 39.835693359375
41.3957748413086 41.6072235107422 41.8424758911133 41.1584968566895 40.8171539306641 40.1398506164551 39.60791015625 39.4383697509766 39.5062599182129 39.3134918212891 39.0136108398438 38.8526916503906 38.6745758056641 38.3520736694336 37.759952545166 37.1240310668945 37.5410423278809 37.9141006469727 38.6518516540527 38.8842391967773 39.1248664855957 39.295166015625 39.2075042724609 39.0756530761719 38.9638824462891 38.5655784606934 38.9293975830078 38.7614402770996 39.0818824768066 39.201774597168 39.2686614990234 39.7926635742188 40.1403198242188 40.3824768066406 40.6666297912598 40.8037376403809 39.9505310058594 41.2031059265137 41.4974021911621 41.2699737548828 40.9428367614746 41.3055229187012 40.5712127685547 39.8662261962891 39.6067886352539 39.2219429016113 38.5347290039062 39.1923637390137 38.9904632568359 39.5054550170898 39.2845726013184 40.1770820617676
42.6846923828125 42.3077239990234 41.923454284668 41.0765686035156 40.8991622924805 40.6701240539551 39.813850402832 39.297794342041 39.5905990600586 39.3253593444824 38.8829803466797 38.8195457458496 38.583854675293 38.0857353210449 37.6446342468262 37.5185089111328 37.8904457092285 38.0702743530273 38.5254096984863 39.0063972473145 38.7732086181641 39.3646659851074 39.6452560424805 39.3720436096191 39.1186141967773 39.0187110900879 39.4394416809082 39.3615913391113 39.5386199951172 39.7510719299316 40.0480995178223 40.0190811157227 39.8867950439453 40.2646217346191 40.744758605957 41.1277313232422 40.4172554016113 40.8920783996582 41.4719085693359 41.3184509277344 40.9059181213379 40.8210487365723 40.5090179443359 40.4775161743164 39.484935760498 39.1040496826172 38.4682350158691 39.3226928710938 39.6155090332031 39.6157455444336 39.2646102905273 40.267692565918
43.150276184082 42.8075218200684 42.2851982116699 41.6861000061035 41.291187286377 41.0018119812012 40.3841590881348 39.5757293701172 39.5679740905762 39.5806541442871 39.1839752197266 38.7638206481934 38.2746620178223 37.306453704834 37.0499496459961 37.7485237121582 37.6367492675781 38.1459846496582 38.5413246154785 38.7333641052246 39.2055511474609 39.4693641662598 39.6351737976074 39.5670394897461 39.6645927429199 39.6693458557129 39.9916076660156 40.2623710632324 40.6796188354492 40.6382598876953 40.7842750549316 40.8174095153809 39.9486999511719 39.6601676940918 40.5108070373535 40.9392127990723 40.6935424804688 40.6062278747559 41.4141426086426 41.6407203674316 41.3626480102539 40.9071083068848 40.280876159668 39.7929420471191 39.8598098754883 39.3452949523926 39.8432540893555 39.4130706787109 39.1241722106934 38.7366523742676 39.4185256958008 40.3279609680176
43.7723808288574 43.2915077209473 42.4878005981445 41.9060935974121 41.2076721191406 40.757869720459 40.3179664611816 39.9175186157227 39.4912490844727 40.1773376464844 39.4186401367188 38.426643371582 38.3859176635742 37.4012603759766 37.3266830444336 37.9288864135742 38.0147476196289 38.1332893371582 38.6164855957031 38.8153610229492 39.1848945617676 39.1072006225586 39.6863746643066 40.1151313781738 40.0537033081055 39.9690017700195 40.0152282714844 40.638370513916 41.2356567382812 41.1826400756836 41.1093215942383 40.9206047058105 40.8239860534668 40.1767082214355 40.2487258911133 41.2712745666504 41.3256416320801 41.2038230895996 41.2961769104004 41.447696685791 41.036205291748 40.9205932617188 40.5469627380371 39.6147041320801 39.8494911193848 39.7154884338379 39.5026969909668 39.3896675109863 39.0599975585938 38.7530250549316 39.640266418457 40.6055908203125
43.9802017211914 43.3316078186035 42.5547790527344 42.3234939575195 41.9057922363281 41.4829559326172 41.1363067626953 40.4724960327148 39.575008392334 39.9838829040527 39.8660278320312 38.9611473083496 38.3102188110352 38.3210716247559 38.3970756530762 38.2035140991211 38.1698341369629 38.4633941650391 38.5911026000977 38.8076171875 38.9976234436035 39.2215156555176 39.6362380981445 39.9329566955566 39.6125984191895 39.6909790039062 39.9929008483887 39.9412269592285 40.9588317871094 41.317928314209 41.3203125 41.1129722595215 41.0294570922852 40.873908996582 41.163646697998 41.2850914001465 41.1231803894043 41.0305480957031 41.1063804626465 41.2867317199707 41.0731925964355 41.0420875549316 40.7410850524902 40.0260620117188 39.3701133728027 39.5383682250977 39.8603897094727 39.7370872497559 39.9011344909668 38.7731552124023 39.6298980712891 40.4948196411133
43.8874816894531 43.4372138977051 42.8482513427734 42.8058700561523 42.6355895996094 42.0964965820312 41.4097099304199 40.8987922668457 39.8558082580566 39.8356513977051 39.8734283447266 39.3525466918945 38.6179885864258 39.2259712219238 38.9262390136719 38.3952445983887 38.2768440246582 38.3758506774902 38.4397621154785 38.7356185913086 38.8746643066406 39.1015281677246 39.2021026611328 39.3662490844727 39.2361106872559 39.3199157714844 39.7443046569824 40.0696640014648 39.4906349182129 41.3965721130371 41.1319160461426 41.0424690246582 41.1051559448242 40.8020210266113 40.6394119262695 40.9599990844727 40.9360008239746 40.8775100708008 40.9597206115723 40.8713035583496 40.7715148925781 40.6649627685547 40.1696319580078 39.8442726135254 39.6404037475586 39.7310981750488 39.762638092041 39.7303504943848 39.7441825866699 39.5552711486816 39.7090492248535 40.5895690917969
43.5177536010742 42.9747848510742 42.6580657958984 42.4635887145996 42.1964797973633 41.9892692565918 41.4081039428711 40.9429664611816 40.21484375 39.7473793029785 38.9624214172363 38.7216377258301 38.5607414245605 39.3841361999512 39.4110412597656 39.0344467163086 38.4495429992676 38.259105682373 38.3723678588867 38.6998672485352 38.6280708312988 38.4649505615234 38.5629425048828 39.1806221008301 38.7595443725586 38.6244239807129 40.0638160705566 40.6104393005371 40.4559555053711 41.3347625732422 41.0403709411621 40.9016036987305 40.7821083068848 40.6702346801758 40.3491134643555 40.6450653076172 40.4004936218262 40.275691986084 40.4006423950195 40.2120628356934 40.1615219116211 39.8246917724609 39.786003112793 39.7497940063477 39.6570091247559 40.0158309936523 40.2465362548828 40.2219886779785 39.2612953186035 40.2548713684082 40.6731758117676 40.1713829040527
42.9275169372559 42.9666709899902 42.9161834716797 42.796745300293 42.3192558288574 42.1099472045898 41.6288948059082 41.1669387817383 41.0826072692871 40.4343681335449 38.7993698120117 37.7679023742676 38.4200820922852 39.412914276123 39.5334625244141 39.0072822570801 38.7656478881836 38.6166305541992 38.6245956420898 38.4448432922363 38.6907539367676 38.444507598877 38.7453804016113 39.2326889038086 39.0677375793457 38.5920333862305 40.1330642700195 40.4198188781738 40.496639251709 40.9366455078125 40.6500968933105 40.4428443908691 40.4176940917969 40.278450012207 39.936767578125 40.1369590759277 39.8562164306641 39.803539276123 39.7565612792969 39.6765174865723 39.3963279724121 39.1303672790527 39.4084320068359 39.3001556396484 39.2848358154297 39.6531448364258 40.478702545166 40.4843254089355 38.7705688476562 39.267765045166 40.2094841003418 40.4762802124023
43.2221145629883 43.0282363891602 43.3880310058594 42.942253112793 42.6049194335938 42.2446899414062 41.9996376037598 41.6553001403809 41.0443000793457 40.1804580688477 39.607536315918 38.7525978088379 38.4952621459961 38.7892074584961 39.1277465820312 38.9430198669434 39.0876922607422 39.117015838623 38.915958404541 38.3542327880859 39.0588417053223 39.0371475219727 39.0557250976562 39.2561378479004 38.9706687927246 39.3087463378906 40.0056533813477 40.1190071105957 40.2091598510742 40.3640098571777 40.3006629943848 39.9893569946289 39.7570343017578 39.5846214294434 39.2148933410645 39.2771530151367 39.2071723937988 39.120532989502 39.0275573730469 38.5522689819336 38.8328475952148 39.0813789367676 39.146427154541 38.9292068481445 38.8932723999023 39.1874694824219 40.1537094116211 39.7305755615234 38.907787322998 38.4325370788574 39.0766143798828 40.2811050415039
43.4217376708984 43.5285873413086 42.7711334228516 42.07373046875 42.0164604187012 42.178539276123 41.8250617980957 41.5871658325195 41.1374588012695 40.2150611877441 39.8043479919434 39.6719970703125 40.039436340332 39.3280296325684 39.5016326904297 39.3166465759277 39.5272064208984 39.5256004333496 39.7187042236328 40.1450996398926 40.1389198303223 39.9119567871094 39.5790824890137 39.9355239868164 39.5412750244141 39.986442565918 40.3567390441895 39.8772201538086 39.712230682373 40.4816360473633 40.0750503540039 39.5588760375977 39.3945922851562 39.5963096618652 38.864013671875 38.0290870666504 38.1363906860352 37.3702239990234 36.7093505859375 37.464729309082 38.6561813354492 37.9223213195801 38.1124839782715 38.1903038024902 38.3482856750488 38.7335205078125 39.5053596496582 39.6288261413574 39.5543670654297 37.5621604919434 38.0650749206543 39.1209945678711
42.6926383972168 43.110164642334 42.5977363586426 42.1786193847656 42.0258178710938 41.7486114501953 41.544361114502 40.9556694030762 40.2357292175293 39.4325561523438 39.7176895141602 40.2050399780273 40.8615684509277 40.1953163146973 39.9258499145508 39.7359161376953 39.6839904785156 40.1286735534668 40.5986747741699 40.9052429199219 40.5832786560059 40.3585739135742 39.9761543273926 39.9912223815918 40.0401191711426 40.4480895996094 40.7721672058105 39.347484588623 38.6572341918945 39.2125511169434 38.3827323913574 38.9432029724121 39.0716819763184 38.3655204772949 38.1035957336426 37.2722473144531 35.0228080749512 35.2851448059082 34.5262565612793 33.9664993286133 35.5735931396484 35.9373588562012 34.4834632873535 36.7599487304688 37.3822746276855 37.4523696899414 37.9531593322754 38.1634254455566 39.0364227294922 38.2746772766113 37.6423301696777 37.710262298584
42.2057456970215 42.0954284667969 42.0967712402344 42.4136619567871 42.1161651611328 41.2471313476562 41.2066421508789 40.5525245666504 39.7656669616699 39.4467163085938 40.3031234741211 41.1375923156738 40.7349166870117 40.5832099914551 40.3076248168945 40.0383110046387 40.0272560119629 41.1741065979004 41.5546340942383 41.3319778442383 41.3085174560547 41.3571815490723 40.3316230773926 39.8877182006836 39.9802207946777 39.8884544372559 39.7846832275391 38.8875885009766 37.3235359191895 37.5085906982422 36.4844932556152 37.638053894043 37.6090621948242 37.4235038757324 36.0636520385742 35.0154647827148 35.5038757324219 35.1883926391602 33.9074630737305 34.4845809936523 35.9957618713379 35.7425231933594 35.5709457397461 34.3306350708008 34.522819519043 35.8619499206543 35.473072052002 35.4336395263672 37.0378799438477 37.7414703369141 38.2090072631836 37.151969909668
42.0871391296387 42.2620506286621 42.1398124694824 41.7729187011719 41.2264595031738 40.252010345459 40.3685302734375 40.0832405090332 39.8028450012207 40.2486000061035 40.8063087463379 40.852237701416 40.696117401123 40.7205085754395 40.7111129760742 40.1731033325195 40.8273048400879 41.0827026367188 41.0082817077637 41.0462455749512 41.2946701049805 40.8917617797852 40.6921424865723 40.4578895568848 39.9648933410645 39.3299522399902 38.5422172546387 37.65087890625 36.2683753967285 34.1792144775391 33.7057304382324 34.2756004333496 34.5636253356934 35.2171401977539 35.0150566101074 -3.4e+38 -3.4e+38 -3.4e+38 -3.4e+38 -3.4e+38 -3.4e+38 34.4638252258301 34.3414535522461 34.5421943664551 34.0100402832031 34.5521202087402 34.2668647766113 34.2573585510254 33.9391479492188 35.7021331787109 36.2303276062012 36.6091346740723
42.8480758666992 43.449951171875 42.773193359375 42.2222480773926 41.8174896240234 41.4814109802246 40.8242874145508 40.3965148925781 40.1415977478027 40.302417755127 40.5167388916016 40.9896621704102 41.3398056030273 41.2756538391113 40.8165626525879 40.8801727294922 41.0722618103027 40.6284637451172 40.1491851806641 40.4892463684082 41.1598701477051 40.8199081420898 40.877498626709 40.4612464904785 40.1922225952148 38.6000747680664 38.0600967407227 36.7354545593262 35.2078857421875 33.3648910522461 29.7168884277344 30.5467624664307 -3.4e+38 -3.4e+38 -3.4e+38 -3.4e+38 -3.4e+38 -3.4e+38 -3.4e+38 -3.4e+38 -3.4e+38 -3.4e+38 -3.4e+38 -3.4e+38 -3.4e+38 -3.4e+38 -3.4e+38 33.5361747741699 33.5392913818359 -3.4e+38 33.1815605163574 35.5052490234375
43.6041374206543 43.4134101867676 42.7736434936523 42.4924964904785 42.1629257202148 41.824104309082 41.5704917907715 40.7467498779297 40.3398170471191 40.7360191345215 41.5092658996582 41.888053894043 41.7133865356445 41.3260231018066 41.2952690124512 41.1220703125 40.7551612854004 40.2077484130859 40.0032424926758 40.2492637634277 40.626766204834 41.2012748718262 40.6096687316895 40.0134811401367 39.3444328308105 38.2874717712402 37.9831237792969 35.8752708435059 33.9594764709473 29.7585678100586 28.7126865386963 -3.4e+38 -3.4e+38 -3.4e+38 -3.4e+38 -3.4e+38 -3.4e+38 -3.4e+38 -3.4e+38 -3.4e+38 -3.4e+38 -3.4e+38 -3.4e+38 -3.4e+38 -3.4e+38 -3.4e+38 -3.4e+38 -3.4e+38 -3.4e+38 -3.4e+38 30.4444446563721 33.4289093017578
42.7862930297852 42.6149139404297 42.515007019043 42.3541374206543 42.5787124633789 42.6931076049805 42.2548904418945 42.0399055480957 41.9897193908691 42.0310325622559 42.1179161071777 42.1055183410645 42.0282249450684 42.3708419799805 41.7213745117188 41.0954551696777 40.8011322021484 40.4494743347168 40.2389183044434 40.0763626098633 40.5543098449707 40.7402992248535 39.8008880615234 39.2646903991699 38.2137756347656 37.413818359375 36.9839172363281 34.2902908325195 29.4987545013428 -3.4e+38 -3.4e+38 -3.4e+38 -3.4e+38 -3.4e+38 -3.4e+38 -3.4e+38 -3.4e+38 -3.4e+38 -3.4e+38 -3.4e+38 -3.4e+38 -3.4e+38 -3.4e+38 -3.4e+38 -3.4e+38 -3.4e+38 -3.4e+38 -3.4e+38 -3.4e+38 -3.4e+38 -3.4e+38 -3.4e+38
42.3821258544922 42.4771842956543 42.4752922058105 42.5971488952637 43.6815414428711 43.2712364196777 43.1973762512207 42.7774200439453 42.3702049255371 42.2758331298828 42.4751739501953 42.5497093200684 42.5654182434082 42.5955276489258 42.2066383361816 41.5206604003906 41.3435707092285 40.6917495727539 40.4035797119141 40.0583038330078 39.6512908935547 39.158073425293 39.0008239746094 38.5980644226074 37.5149955749512 36.1906852722168 34.9149894714355 33.5763626098633 -3.4e+38 -3.4e+38 -3.4e+38 -3.4e+38 -3.4e+38 -3.4e+38 -3.4e+38 -3.4e+38 -3.4e+38 -3.4e+38 -3.4e+38 -3.4e+38 -3.4e+38 -3.4e+38 -3.4e+38 -3.4e+38 -3.4e+38 -3.4e+38 -3.4e+38 -3.4e+38 -3.4e+38 -3.4e+38 -3.4e+38 -3.4e+38
