data/layers/Current/bio3.asc
NCOLS 494 
NROWS 529 
XLLCORNER -117.166666666667 
YLLCORNER -55.5 
CELLSIZE 0.166666666666667 
NODATA_value -3.4e+38 
[rows 207 to 229 of 529, columns 416 to 467 of 494]
85.370361328125 84.3480911254883 83.4246063232422 82.8570556640625 82.5998992919922 82.5556869506836 82.8311233520508 82.9373168945312 82.9267120361328 82.4917373657227 82.1036224365234 82.412223815918 82.4548873901367 83.2149047851562 83.7399520874023 83.973518371582 84.2574310302734 84.8778610229492 84.7813339233398 85.0868301391602 84.9083709716797 -3.4e+38 -3.4e+38 -3.4e+38 -3.4e+38 -3.4e+38 -3.4e+38 -3.4e+38 -3.4e+38 -3.4e+38 -3.4e+38 -3.4e+38 -3.4e+38 -3.4e+38 -3.4e+38 -3.4e+38 -3.4e+38 -3.4e+38 -3.4e+38 -3.4e+38 -3.4e+38 -3.4e+38 -3.4e+38 -3.4e+38 -3.4e+38 -3.4e+38 -3.4e+38 -3.4e+38 -3.4e+38 -3.4e+38 -3.4e+38 -3.4e+38
85.6524276733398 84.142448425293 83.4287338256836 83.2281036376953 83.0622406005859 83.1292037963867 83.4169769287109 83.2912139892578 83.100700378418 82.7439270019531 82.1499481201172 82.1268310546875 81.8991470336914 82.3112335205078 83.2509002685547 83.2888259887695 83.9311294555664 84.8005676269531 85.0492401123047 84.7169952392578 84.4308013916016 -3.4e+38 -3.4e+38 -3.4e+38 -3.4e+38 -3.4e+38 -3.4e+38 -3.4e+38 -3.4e+38 -3.4e+38 -3.4e+38 -3.4e+38 -3.4e+38 -3.4e+38 -3.4e+38 -3.4e+38 -3.4e+38 -3.4e+38 -3.4e+38 -3.4e+38 -3.4e+38 -3.4e+38 -3.4e+38 -3.4e+38 -3.4e+38 -3.4e+38 -3.4e+38 -3.4e+38 -3.4e+38 -3.4e+38 -3.4e+38 -3.4e+38
85.4342803955078 84.274787902832 83.5624389648438 83.591682434082 83.3883819580078 83.4254608154297 83.9281616210938 83.529914855957 83.2167663574219 83.0016326904297 81.9123306274414 82.0459594726562 82.0715789794922 83.0079574584961 82.8967819213867 82.6024322509766 83.3659133911133 84.2118453979492 84.2075424194336 84.6529312133789 84.4028778076172 -3.4e+38 -3.4e+38 -3.4e+38 83.7956314086914 83.8924942016602 -3.4e+38 -3.4e+38 -3.4e+38 -3.4e+38 -3.4e+38 -3.4e+38 -3.4e+38 -3.4e+38 -3.4e+38 -3.4e+38 -3.4e+38 -3.4e+38 -3.4e+38 -3.4e+38 -3.4e+38 -3.4e+38 -3.4e+38 -3.4e+38 -3.4e+38 -3.4e+38 -3.4e+38 -3.4e+38 -3.4e+38 -3.4e+38 -3.4e+38 -3.4e+38
85.4295349121094 83.8218460083008 83.9061279296875 83.862060546875 83.3908386230469 83.7339935302734 84.531005859375 84.1738204956055 83.4974212646484 83.4253005981445 82.5919036865234 82.2474594116211 82.2892990112305 82.5620651245117 82.5246658325195 82.5227966308594 83.314323425293 83.680549621582 83.6821594238281 84.6931686401367 84.9124526977539 84.096923828125 83.3835525512695 83.8560943603516 83.7168502807617 83.2385330200195 82.8692321777344 83.1962585449219 84.1593856811523 83.5758056640625 -3.4e+38 -3.4e+38 -3.4e+38 -3.4e+38 -3.4e+38 -3.4e+38 -3.4e+38 -3.4e+38 -3.4e+38 -3.4e+38 -3.4e+38 -3.4e+38 -3.4e+38 -3.4e+38 -3.4e+38 -3.4e+38 -3.4e+38 -3.4e+38 -3.4e+38 -3.4e+38 -3.4e+38 -3.4e+38
85.4983062744141 83.9383544921875 84.0446472167969 83.9620819091797 83.6259384155273 84.010986328125 84.3456268310547 84.300651550293 83.8362197875977 83.6301727294922 83.2515182495117 82.329460144043 82.1803665161133 82.4121246337891 82.6969909667969 83.1749801635742 83.8639755249023 83.9340438842773 83.66162109375 84.4679641723633 85.3024978637695 83.3229446411133 82.2279586791992 82.2900619506836 81.8949432373047 81.567008972168 81.390739440918 81.3021392822266 82.79443359375 83.3433151245117 81.9340362548828 82.5620574951172 -3.4e+38 -3.4e+38 -3.4e+38 -3.4e+38 -3.4e+38 -3.4e+38 -3.4e+38 -3.4e+38 -3.4e+38 -3.4e+38 -3.4e+38 -3.4e+38 -3.4e+38 -3.4e+38 -3.4e+38 -3.4e+38 -3.4e+38 -3.4e+38 -3.4e+38 -3.4e+38
85.3003463745117 84.0980072021484 83.6290435791016 83.638053894043 84.050048828125 84.0873336791992 83.851806640625 84.1633605957031 83.988151550293 83.6751174926758 83.5608291625977 82.5190582275391 81.4972534179688 81.654541015625 82.4342041015625 83.0918197631836 83.8015823364258 83.3953323364258 82.9025497436523 84.3890533447266 83.8022155761719 82.9398956298828 82.2119598388672 81.000602722168 80.2341079711914 79.935676574707 79.8287124633789 79.6342163085938 79.6635055541992 80.0901489257812 80.5538024902344 81.0899505615234 81.2301864624023 82.6731872558594 84.0407638549805 84.7243423461914 85.191535949707 -3.4e+38 -3.4e+38 -3.4e+38 -3.4e+38 -3.4e+38 -3.4e+38 82.9876174926758 82.5849456787109 81.5926818847656 81.7073059082031 -3.4e+38 -3.4e+38 -3.4e+38 -3.4e+38 -3.4e+38
85.3985061645508 84.289909362793 83.1214752197266 83.946159362793 83.8933181762695 83.7115020751953 83.213134765625 83.8950881958008 83.6758346557617 83.4608917236328 83.3337173461914 82.8572769165039 81.143196105957 81.250846862793 82.2373352050781 82.8315658569336 82.5781860351562 82.3877258300781 81.9322357177734 82.9422225952148 81.7820281982422 81.3225479125977 81.0364761352539 79.9267196655273 79.144401550293 78.9575729370117 78.8002548217773 78.8072128295898 78.6399765014648 78.4354248046875 78.2811660766602 78.9691848754883 79.5321960449219 79.9387664794922 80.6233825683594 81.7245712280273 83.0558090209961 83.0184173583984 81.9477462768555 82.0050354003906 81.2978973388672 81.0266952514648 81.5347061157227 81.6495819091797 81.7868499755859 81.3071899414062 81.0104675292969 80.7892456054688 80.8186416625977 -3.4e+38 -3.4e+38 -3.4e+38
85.4816284179688 84.3976135253906 83.0452880859375 83.316032409668 83.5149002075195 83.549072265625 83.4788436889648 83.3290863037109 83.2941589355469 83.2739486694336 83.0986022949219 82.171745300293 80.760368347168 80.9119720458984 81.5414810180664 81.8200073242188 81.6158294677734 81.9126892089844 80.4360656738281 81.0027236938477 78.9434356689453 80.3260116577148 80.1908111572266 78.9539260864258 78.3471450805664 78.011604309082 78.0458679199219 77.8409194946289 78.14794921875 77.5463104248047 77.3720703125 77.7199020385742 78.3666000366211 78.6193695068359 78.8219375610352 78.8385162353516 78.9346313476562 79.3590850830078 79.176155090332 79.4892120361328 79.5892639160156 79.9508056640625 80.5575408935547 81.2863311767578 81.5473937988281 81.3558807373047 81.0962982177734 80.6132431030273 80.4164733886719 80.7675552368164 80.6038208007812 -3.4e+38
85.4320526123047 84.7195129394531 83.3781280517578 83.4010314941406 83.3652954101562 82.8493194580078 82.7129058837891 82.8766479492188 82.6392364501953 81.5539093017578 81.2413024902344 80.5558929443359 80.1187591552734 80.228874206543 81.0187454223633 81.4690704345703 81.3272323608398 80.0371398925781 80.6165161132812 79.4804534912109 79.0984954833984 79.4158020019531 79.2065658569336 78.2775573730469 78.0237045288086 78.2412948608398 77.7766418457031 77.5436325073242 76.9308319091797 76.4399948120117 76.5036544799805 76.7199401855469 77.2827606201172 77.2475433349609 77.0974731445312 77.4161224365234 77.3758697509766 77.7661514282227 77.9199142456055 78.2458038330078 78.7797775268555 79.6584548950195 80.4785385131836 81.2296905517578 81.2893829345703 81.0636138916016 80.8282012939453 80.6603088378906 80.2597885131836 80.2885284423828 79.9994277954102 80.4737930297852
85.3651733398438 84.5309677124023 83.775749206543 82.8025360107422 82.5895538330078 82.8287963867188 82.7444305419922 82.6889038085938 82.315185546875 80.694580078125 80.4268264770508 80.070686340332 79.7674560546875 79.573974609375 79.7730026245117 80.113883972168 80.0075454711914 79.9080429077148 79.0063323974609 79.2253265380859 78.8172225952148 78.128547668457 78.3192596435547 77.7564926147461 77.7238388061523 77.5727233886719 76.6554718017578 75.9763412475586 75.4765167236328 75.5388946533203 75.9470901489258 76.1033096313477 75.9822235107422 75.9278717041016 76.1902313232422 75.9828262329102 76.7251586914062 77.0540084838867 77.452507019043 77.7944488525391 77.8089828491211 79.6560516357422 80.7397003173828 81.7913513183594 81.9662933349609 81.4544143676758 80.9386901855469 80.8632888793945 80.1132125854492 79.6134414672852 79.1587219238281 79.3796615600586
84.9577484130859 84.2180557250977 83.1592712402344 83.179313659668 82.7328491210938 82.6793823242188 82.8265533447266 82.6450042724609 82.0846328735352 81.3208999633789 80.2563247680664 79.6558151245117 79.2423934936523 78.902702331543 78.93310546875 79.3973541259766 79.4829559326172 79.4880981445312 79.0493392944336 78.2214126586914 77.8183135986328 77.4629058837891 77.5543594360352 76.5041656494141 76.3904037475586 76.4506072998047 76.2845230102539 75.7801895141602 75.319938659668 74.9776077270508 75.0427398681641 75.261833190918 75.2970581054688 75.0480194091797 75.2378463745117 75.1412506103516 76.1630401611328 76.9895553588867 77.1099243164062 78.2945022583008 78.2219924926758 79.2607574462891 80.8727188110352 81.5631942749023 82.1299667358398 81.5136260986328 81.1177978515625 80.7776870727539 79.9639892578125 78.4021224975586 79.2176361083984 79.1422424316406
83.1425170898438 83.240119934082 82.2712707519531 83.0885848999023 82.8207015991211 82.8882904052734 82.7737808227539 82.4003448486328 82.0657958984375 81.5899963378906 80.096076965332 79.1560287475586 78.9267730712891 78.7201232910156 78.4376220703125 78.5495223999023 78.8827438354492 79.4122467041016 78.6499786376953 77.5944366455078 76.4675140380859 76.4046478271484 75.9770889282227 75.849479675293 75.5175247192383 75.2180709838867 74.5909118652344 74.6994400024414 74.1133880615234 74.1849822998047 73.9148941040039 74.2220993041992 74.5675277709961 75.120735168457 74.8667449951172 74.7759094238281 76.1021118164062 76.842170715332 76.8058395385742 77.7221298217773 79.21923828125 80.2785873413086 81.4696655273438 81.8281784057617 81.3363723754883 81.0094909667969 81.3685531616211 81.4146118164062 80.0923461914062 78.5773391723633 78.4632949829102 78.4889297485352
82.663688659668 82.0599517822266 82.2689971923828 82.5990142822266 82.2808380126953 82.5732345581055 82.3323211669922 81.5479736328125 80.9551086425781 80.2472991943359 79.4674301147461 79.1030654907227 78.6310653686523 78.1639099121094 78.2091064453125 77.9942245483398 78.1323318481445 78.1146011352539 77.6160125732422 76.2962646484375 75.7102508544922 74.9755783081055 74.4754257202148 74.6470336914062 74.2500076293945 74.8248748779297 74.4082794189453 73.8087310791016 73.7399291992188 73.7344741821289 73.5110244750977 73.7977294921875 74.8498077392578 74.6546020507812 74.720703125 74.835693359375 76.3518753051758 76.6640930175781 76.8970260620117 77.7786560058594 79.4149932861328 79.9948196411133 80.7533645629883 81.0648651123047 81.3975372314453 81.3222045898438 81.0828094482422 80.9180755615234 79.5192642211914 78.4483032226562 78.0473937988281 77.7900314331055
81.4779586791992 80.7716674804688 80.7069320678711 81.1663970947266 81.2929840087891 81.7372055053711 81.6424407958984 80.6713027954102 79.7870178222656 79.2399215698242 79.3909301757812 78.6339340209961 78.2050018310547 77.9794616699219 77.8715362548828 77.5320892333984 77.1895904541016 77.0916748046875 76.6848297119141 75.2382431030273 74.5881423950195 73.7043762207031 73.8146362304688 74.3133010864258 74.2074356079102 73.7233276367188 73.654541015625 72.7005157470703 73.1457824707031 72.7366409301758 73.3271636962891 73.862663269043 74.2039337158203 74.2073364257812 75.002197265625 75.4201202392578 76.5052185058594 76.5043487548828 76.898681640625 77.6818237304688 79.0871963500977 79.531982421875 80.53857421875 80.3743133544922 80.4792022705078 80.4640808105469 80.6224365234375 80.4621353149414 79.0208892822266 78.1387939453125 77.5897598266602 77.0832748413086
80.194091796875 80.0511703491211 79.6376647949219 80.0090179443359 80.0793151855469 80.3413543701172 80.6225967407227 79.8867645263672 79.2124176025391 79.05322265625 78.8240509033203 78.2160034179688 77.7297821044922 77.7601623535156 77.4718551635742 76.9222564697266 76.3907775878906 75.9437789916992 75.7185440063477 75.192138671875 74.8260498046875 74.2859878540039 74.2089920043945 73.6881790161133 73.5029678344727 72.8055801391602 72.656623840332 72.2528762817383 72.3542251586914 72.1754837036133 72.4016036987305 73.4360656738281 73.5505828857422 73.5397109985352 74.303825378418 75.1659393310547 75.6005859375 75.6471328735352 76.578239440918 77.5322418212891 78.3776626586914 78.8617782592773 79.4572296142578 79.7939224243164 80.4495544433594 79.8641738891602 80.1262741088867 79.9730606079102 78.9626998901367 78.2245330810547 77.1867218017578 76.7918319702148
79.2681198120117 78.4898834228516 78.1687469482422 78.7495040893555 78.8643264770508 78.6571807861328 78.8458633422852 79.2451248168945 79.1153869628906 78.679801940918 78.5846252441406 78.1282272338867 77.8875350952148 77.7149200439453 77.2223587036133 76.0956115722656 75.4939575195312 75.1654205322266 74.8717346191406 74.8086090087891 74.6017074584961 74.2529525756836 73.6603393554688 72.4847717285156 72.0433197021484 71.3155288696289 71.6891784667969 72.26171875 71.786506652832 71.7075805664062 71.5301361083984 72.0804672241211 72.1797790527344 72.4515686035156 73.9084930419922 74.2697906494141 74.7344055175781 75.1251602172852 75.7159881591797 76.8784866333008 77.6081848144531 78.2737884521484 78.9108428955078 79.2059783935547 79.6090850830078 79.8003540039062 79.9519653320312 79.485107421875 79.0043716430664 78.0682678222656 77.6408233642578 76.9747695922852
78.0453262329102 77.50341796875 77.0273742675781 77.4501571655273 77.7960433959961 77.5731430053711 77.9179306030273 78.2703247070312 78.5711212158203 78.1191635131836 77.7399063110352 77.6047973632812 77.6308670043945 77.3964385986328 76.6218338012695 75.7355651855469 75.0789413452148 74.4215774536133 74.1388320922852 73.7138290405273 73.7761764526367 73.8506546020508 72.9022598266602 72.3056411743164 71.6489944458008 70.9319686889648 70.9307708740234 71.5406723022461 71.7477645874023 71.8015594482422 71.0115051269531 71.4706039428711 71.6200714111328 71.8894500732422 73.2225952148438 73.8953247070312 74.3361206054688 74.7468719482422 75.288932800293 76.1828231811523 77.5609817504883 77.463264465332 78.4667205810547 79.0686187744141 79.4094085693359 79.8564910888672 79.9985198974609 79.5666046142578 78.6899948120117 78.0580291748047 78.055793762207 77.8053817749023
77.840217590332 76.7247467041016 76.3183059692383 76.7285995483398 76.5462265014648 77.0714645385742 77.4162445068359 77.6502914428711 78.0511474609375 77.808349609375 77.580436706543 77.0698776245117 77.2067184448242 76.5502548217773 75.8347625732422 75.1004867553711 74.7579040527344 73.877311706543 73.431037902832 73.1432800292969 73.2893295288086 73.0049438476562 72.4728775024414 72.0486602783203 71.334228515625 70.3387222290039 70.1985092163086 70.4647216796875 71.2626495361328 71.7291412353516 71.2321090698242 71.2210922241211 71.3740844726562 71.7555999755859 72.111457824707 72.8603210449219 73.8273010253906 74.5990600585938 75.2957153320312 76.0287170410156 77.248779296875 76.9837036132812 77.443962097168 78.6973342895508 78.9054718017578 79.3453063964844 79.063117980957 78.7718963623047 79.1458358764648 79.2072448730469 78.7812423706055 78.5965728759766
76.3643112182617 75.9814834594727 75.0795822143555 75.8074035644531 75.6381149291992 75.9193496704102 76.9291458129883 77.3813629150391 77.4221801757812 77.576301574707 77.2577362060547 76.5438766479492 76.4533996582031 75.737548828125 74.8361206054688 74.2844467163086 74.0043640136719 73.2613677978516 72.7373809814453 72.3401031494141 72.5749435424805 72.3759231567383 71.9720687866211 71.7842025756836 71.3408966064453 70.1780471801758 69.8154983520508 70.1432495117188 70.590690612793 71.601692199707 72.0903091430664 72.0331573486328 71.7586898803711 71.7247314453125 71.7622222900391 72.2605590820312 73.4535598754883 74.4054946899414 75.2239532470703 76.2616577148438 76.8831329345703 76.4518508911133 76.4471664428711 77.5310668945312 78.5816345214844 79.3359756469727 79.1008453369141 79.1059951782227 79.4123687744141 79.5620269775391 79.735237121582 79.4570388793945
75.7803421020508 75.6088256835938 74.7199401855469 74.7452697753906 74.534538269043 74.582160949707 75.9476013183594 76.3349914550781 76.4997711181641 76.513298034668 76.3274841308594 76.1259765625 75.7174377441406 74.9900665283203 74.0902633666992 73.5004348754883 73.1509094238281 72.4488143920898 72.2666778564453 71.6278381347656 71.9035720825195 71.8146057128906 71.3428497314453 71.447624206543 71.1606597900391 70.4275360107422 70.2421722412109 70.5872497558594 70.7173843383789 71.2541046142578 71.8220520019531 71.9527435302734 71.6263427734375 71.5813751220703 71.6816787719727 72.0225372314453 73.1985931396484 74.1248474121094 75.1586074829102 76.1601028442383 76.6395645141602 76.1756362915039 75.8452224731445 76.4171752929688 77.8798446655273 79.1342926025391 79.2228164672852 79.4117965698242 79.2910385131836 79.2769775390625 78.9517669677734 79.288330078125
74.9037933349609 74.7256469726562 74.5342864990234 74.4828338623047 74.0168609619141 73.8690490722656 74.6532897949219 75.4132766723633 75.4853134155273 75.5910263061523 75.5006484985352 75.3473587036133 75.3154525756836 74.3065185546875 73.5899124145508 72.8170318603516 72.2886199951172 72.1142654418945 71.3600997924805 70.7573318481445 70.6906433105469 71.3750762939453 71.2688751220703 71.183464050293 70.8504409790039 70.4944458007812 70.4038391113281 70.5717010498047 70.8189544677734 70.8048095703125 70.9284439086914 71.4843521118164 71.2353591918945 71.5044021606445 71.983528137207 71.9753570556641 72.9073638916016 74.095947265625 74.9332809448242 75.776481628418 76.210090637207 75.8817291259766 75.8075866699219 76.6011199951172 77.7665863037109 78.6514434814453 79.1128768920898 79.1104736328125 79.0614242553711 78.6384582519531 78.0471267700195 78.2048645019531
74.1897354125977 73.5568771362305 73.1863174438477 73.8422775268555 73.5442657470703 73.5543518066406 73.8905410766602 73.6979064941406 74.3529739379883 74.5201034545898 74.2916488647461 74.4398498535156 74.6587677001953 73.2304229736328 72.4903182983398 71.8837661743164 71.3914337158203 71.46533203125 70.7386703491211 70.3115768432617 70.2401809692383 70.7561950683594 70.9752731323242 71.0485382080078 70.8601837158203 70.7320327758789 70.3883438110352 70.487678527832 70.5839157104492 70.4992446899414 70.983757019043 71.4544906616211 71.3956146240234 71.7724075317383 71.9956970214844 71.9845733642578 73.0053024291992 74.0957336425781 74.8710479736328 75.7406311035156 76.1286468505859 76.005744934082 76.3153305053711 77.2109298706055 77.7544631958008 78.453857421875 78.4648513793945 78.0758743286133 77.8334884643555 78.015022277832 77.6725616455078 78.0414962768555
72.9443283081055 72.7221450805664 72.3430480957031 72.8855361938477 73.3550720214844 73.0478820800781 72.9479217529297 73.0814590454102 73.0846633911133 73.3042144775391 72.9812850952148 73.5866546630859 73.8340530395508 72.6850433349609 72.0203704833984 71.5617904663086 71.0319747924805 70.9755783081055 70.7167358398438 70.3193588256836 70.2912902832031 70.270263671875 70.2862930297852 70.3021240234375 70.3541793823242 70.2832946777344 70.179801940918 70.3900299072266 70.5974960327148 70.9091339111328 71.1608200073242 71.4435272216797 71.7021026611328 71.781623840332 71.9278335571289 72.3014450073242 72.9230804443359 73.9437713623047 74.8661804199219 75.7528839111328 76.1844863891602 75.9678573608398 76.9418563842773 77.2768859863281 77.7782669067383 78.1054992675781 78.1487808227539 77.7761764526367 77.3598861694336 77.2200698852539 77.1901626586914 77.7156219482422
