data/layers/Current/bio3.asc
NCOLS 494 
NROWS 529 
XLLCORNER -117.166666666667 
YLLCORNER -55.5 
CELLSIZE 0.166666666666667 
NODATA_value -3.4e+38 
[rows 184 to 206 of 529, columns 208 to 259 of 494]
-3.4e+38 -3.4e+38 -3.4e+38 -3.4e+38 -3.4e+38 -3.4e+38 -3.4e+38 -3.4e+38 -3.4e+38 -3.4e+38 -3.4e+38 -3.4e+38 -3.4e+38 -3.4e+38 -3.4e+38 -3.4e+38 -3.4e+38 -3.4e+38 -3.4e+38 -3.4e+38 -3.4e+38 -3.4e+38 86.2612686157227 90.5715179443359 90.4325180053711 91.2688827514648 91.3471069335938 92.0594635009766 91.8371124267578 90.9241409301758 88.1530303955078 83.7773056030273 82.3811492919922 86.1463470458984 91.3396530151367 88.6622009277344 92.3717575073242 92.1486740112305 92.1827392578125 91.8908004760742 91.2455368041992 90.8545455932617 89.9053421020508 86.3552627563477 80.954963684082 80.420051574707 80.7241744995117 80.5473861694336 80.0249099731445 79.2770004272461 78.352897644043 77.80908203125
-3.4e+38 -3.4e+38 -3.4e+38 -3.4e+38 -3.4e+38 -3.4e+38 -3.4e+38 -3.4e+38 -3.4e+38 -3.4e+38 -3.4e+38 -3.4e+38 -3.4e+38 -3.4e+38 -3.4e+38 -3.4e+38 -3.4e+38 -3.4e+38 -3.4e+38 -3.4e+38 -3.4e+38 89.3527069091797 90.3717727661133 90.7154006958008 90.6511688232422 91.038932800293 90.6727752685547 92.1144638061523 92.5380554199219 90.7773742675781 87.3866806030273 83.7607269287109 84.1091613769531 91.4239349365234 90.7373733520508 91.8276824951172 90.0752258300781 91.8116607666016 91.9184722900391 91.9789352416992 91.3928985595703 88.1086807250977 88.7146911621094 82.2423324584961 78.9665603637695 78.91357421875 79.2157287597656 79.2009506225586 78.8436508178711 78.3079223632812 77.9531478881836 77.6253509521484
-3.4e+38 -3.4e+38 -3.4e+38 -3.4e+38 -3.4e+38 -3.4e+38 -3.4e+38 -3.4e+38 -3.4e+38 -3.4e+38 -3.4e+38 -3.4e+38 -3.4e+38 -3.4e+38 -3.4e+38 -3.4e+38 -3.4e+38 -3.4e+38 -3.4e+38 -3.4e+38 88.8412246704102 89.1593780517578 89.379150390625 89.2680358886719 89.8735733032227 90.2354888916016 90.5134429931641 91.9467468261719 92.1274108886719 91.3047256469727 86.5472259521484 85.3535537719727 88.8586654663086 91.1929626464844 90.7667999267578 92.3840866088867 92.0830764770508 90.5717391967773 90.8117065429688 89.4299621582031 86.2010650634766 81.541259765625 84.840217590332 80.1825866699219 77.9098587036133 77.9999771118164 78.268928527832 78.2860565185547 78.2130432128906 77.9929351806641 77.4666519165039 77.4677658081055
-3.4e+38 -3.4e+38 -3.4e+38 -3.4e+38 -3.4e+38 -3.4e+38 -3.4e+38 -3.4e+38 -3.4e+38 -3.4e+38 -3.4e+38 -3.4e+38 -3.4e+38 -3.4e+38 -3.4e+38 -3.4e+38 -3.4e+38 -3.4e+38 -3.4e+38 -3.4e+38 -3.4e+38 88.2214202880859 88.6510238647461 88.7307739257812 89.7447509765625 90.6840515136719 91.1396560668945 91.9609222412109 91.9235382080078 90.3705520629883 88.0431976318359 86.7567825317383 89.6602783203125 90.0408172607422 91.4798431396484 91.6381301879883 91.354118347168 91.3722534179688 91.2746429443359 84.1588973999023 80.862548828125 81.0241317749023 81.2300643920898 79.7702178955078 78.6560668945312 78.1501083374023 77.9109115600586 78.0249862670898 77.9489440917969 77.6713943481445 77.3651809692383 77.2312469482422
-3.4e+38 -3.4e+38 -3.4e+38 -3.4e+38 -3.4e+38 -3.4e+38 -3.4e+38 -3.4e+38 -3.4e+38 -3.4e+38 -3.4e+38 -3.4e+38 -3.4e+38 -3.4e+38 -3.4e+38 -3.4e+38 -3.4e+38 -3.4e+38 -3.4e+38 -3.4e+38 89.4377822875977 88.9682083129883 88.7627563476562 88.6103515625 89.2232055664062 90.7827377319336 91.7119216918945 91.5150756835938 91.2907028198242 90.7757263183594 91.2856903076172 90.7061462402344 89.7663955688477 87.6970672607422 89.9462585449219 91.4735260009766 91.8197860717773 89.4844741821289 84.7378158569336 80.8482131958008 80.2650375366211 80.8574447631836 80.5543594360352 79.7051696777344 79.0498046875 78.4352035522461 77.9914779663086 78.1343307495117 78.2335433959961 77.8243408203125 77.6130142211914 77.3052215576172
-3.4e+38 -3.4e+38 -3.4e+38 -3.4e+38 -3.4e+38 -3.4e+38 -3.4e+38 -3.4e+38 -3.4e+38 -3.4e+38 -3.4e+38 -3.4e+38 -3.4e+38 -3.4e+38 -3.4e+38 -3.4e+38 -3.4e+38 87.7336273193359 87.9736862182617 88.3422317504883 88.6696929931641 88.8596954345703 88.8504180908203 88.3608703613281 89.263557434082 91.5108947753906 91.5039901733398 91.9083938598633 91.120361328125 89.8358306884766 90.6111831665039 88.8340911865234 88.0268325805664 86.7039642333984 90.0127487182617 90.0473022460938 87.5368041992188 83.7440872192383 82.1167678833008 81.1736068725586 80.7991943359375 80.6867370605469 79.8864135742188 79.2709732055664 78.7719345092773 78.5987930297852 77.9507675170898 78.1121292114258 78.1174774169922 77.7356033325195 77.5940322875977 77.525764465332
-3.4e+38 -3.4e+38 -3.4e+38 -3.4e+38 -3.4e+38 -3.4e+38 -3.4e+38 -3.4e+38 -3.4e+38 -3.4e+38 -3.4e+38 -3.4e+38 -3.4e+38 -3.4e+38 -3.4e+38 82.6626739501953 84.2083892822266 85.4762802124023 85.8641510009766 86.4264221191406 87.5711822509766 88.0406799316406 88.750602722168 89.7615814208984 91.0874938964844 91.6308746337891 91.5549545288086 91.2646408081055 88.7341766357422 87.6753997802734 87.7477569580078 86.63525390625 86.6218795776367 89.0638122558594 89.8060150146484 87.0700607299805 85.5519485473633 84.0545806884766 82.8069534301758 81.6775894165039 80.789924621582 80.3637619018555 79.668342590332 78.8287200927734 78.7229309082031 78.6419296264648 78.1686401367188 78.1507720947266 78.2788696289062 77.8777770996094 77.896369934082 77.7247085571289
-3.4e+38 -3.4e+38 -3.4e+38 -3.4e+38 -3.4e+38 -3.4e+38 -3.4e+38 -3.4e+38 -3.4e+38 -3.4e+38 -3.4e+38 -3.4e+38 -3.4e+38 -3.4e+38 78.8219985961914 80.6104507446289 81.8132171630859 83.1319427490234 83.846076965332 84.6933822631836 86.3130035400391 87.9261474609375 89.4930648803711 90.9351806640625 92.0080032348633 90.8171844482422 92.6845245361328 89.808708190918 88.4872283935547 86.994987487793 85.6451263427734 88.4049377441406 90.323486328125 90.8393402099609 88.4517593383789 86.9653091430664 86.0261611938477 84.9421005249023 83.5790023803711 82.1996459960938 81.2626876831055 80.3165588378906 79.4379348754883 78.6708984375 78.9058151245117 78.9803771972656 78.8478012084961 78.4214706420898 78.4300842285156 78.3331909179688 78.3500595092773 78.1243515014648
-3.4e+38 -3.4e+38 -3.4e+38 -3.4e+38 -3.4e+38 -3.4e+38 -3.4e+38 -3.4e+38 -3.4e+38 -3.4e+38 -3.4e+38 -3.4e+38 -3.4e+38 -3.4e+38 77.4106826782227 78.7705230712891 80.7980499267578 81.6188507080078 81.9604644775391 83.3937072753906 85.6871643066406 87.7161178588867 89.1035614013672 91.9142227172852 91.1501312255859 89.7922821044922 89.4745941162109 90.0402755737305 88.2014465332031 86.9295196533203 86.6195983886719 90.0611038208008 91.2075653076172 89.6493530273438 87.8290939331055 86.3669586181641 85.653678894043 85.4936370849609 84.1800308227539 82.7196884155273 81.7154159545898 80.7127532958984 80.0774688720703 79.2366180419922 79.0137023925781 79.3652496337891 79.1043014526367 78.9022521972656 78.542236328125 78.3127746582031 78.4765701293945 78.6125717163086
-3.4e+38 -3.4e+38 -3.4e+38 -3.4e+38 -3.4e+38 -3.4e+38 -3.4e+38 -3.4e+38 -3.4e+38 -3.4e+38 -3.4e+38 -3.4e+38 -3.4e+38 -3.4e+38 76.3885726928711 77.984748840332 80.1687316894531 80.7740707397461 80.8973999023438 82.0558090209961 84.9900436401367 88.648551940918 90.3919143676758 89.3144912719727 90.8360977172852 88.6927490234375 88.0507659912109 89.3566436767578 87.2888259887695 88.769416809082 89.4009246826172 91.1668853759766 89.8131637573242 88.7991485595703 87.4292144775391 86.1686172485352 85.6696014404297 85.6046981811523 84.2370681762695 83.1848373413086 82.1902618408203 81.393928527832 80.6195755004883 79.7652969360352 79.26953125 79.3986663818359 79.4886322021484 79.3821792602539 79.2263031005859 78.9673309326172 78.9457015991211 79.2836303710938
-3.4e+38 -3.4e+38 -3.4e+38 -3.4e+38 -3.4e+38 -3.4e+38 -3.4e+38 -3.4e+38 -3.4e+38 -3.4e+38 -3.4e+38 -3.4e+38 -3.4e+38 -3.4e+38 76.969841003418 78.0019912719727 79.5442886352539 80.0657119750977 80.1689300537109 81.0531005859375 84.593147277832 87.6267852783203 90.4015502929688 89.5635833740234 90.1646881103516 88.9199981689453 90.5115280151367 89.5393753051758 89.0080261230469 88.5533599853516 90.3772430419922 90.8964996337891 89.844482421875 88.653450012207 87.3562469482422 86.4871215820312 86.411003112793 86.0712356567383 84.6411514282227 83.4993896484375 82.8684844970703 82.0431213378906 81.2260284423828 80.4287719726562 80.0571670532227 79.6887893676758 79.5881576538086 79.7811584472656 79.8093719482422 79.4743576049805 79.4313430786133 79.5290679931641
-3.4e+38 -3.4e+38 -3.4e+38 -3.4e+38 -3.4e+38 -3.4e+38 -3.4e+38 -3.4e+38 -3.4e+38 -3.4e+38 -3.4e+38 -3.4e+38 -3.4e+38 -3.4e+38 77.6229934692383 79.0432281494141 79.3855667114258 79.8281478881836 79.8306350708008 81.0724716186523 84.2238159179688 87.0115737915039 90.5256958007812 89.2684936523438 88.6333465576172 90.6794357299805 91.5104370117188 88.4566497802734 88.8849868774414 89.2981948852539 90.5683059692383 90.7052383422852 89.5295257568359 88.5442886352539 87.8454666137695 87.1688613891602 86.9326324462891 86.2428436279297 85.0056915283203 83.9916381835938 82.9203262329102 82.0630035400391 81.5242233276367 80.9329605102539 80.4263610839844 80.2118148803711 80.1562957763672 80.0325317382812 80.3149642944336 79.9353790283203 79.9576263427734 79.8154296875
-3.4e+38 -3.4e+38 -3.4e+38 -3.4e+38 -3.4e+38 -3.4e+38 -3.4e+38 -3.4e+38 -3.4e+38 -3.4e+38 -3.4e+38 -3.4e+38 -3.4e+38 76.0871124267578 78.1624450683594 79.8307876586914 79.6795272827148 79.8548965454102 79.6165771484375 80.6316986083984 82.4911880493164 87.0722122192383 90.331672668457 89.8535003662109 89.0198059082031 90.6914520263672 89.4796524047852 87.2193222045898 89.4875183105469 89.2555770874023 90.136589050293 90.0947799682617 89.2009735107422 88.4610214233398 87.9340362548828 87.5148620605469 87.2675399780273 86.199592590332 85.068244934082 84.2053375244141 83.3205032348633 82.3986358642578 81.473747253418 80.8405990600586 80.6786193847656 80.3497848510742 80.7919158935547 80.0404815673828 80.23876953125 80.1862182617188 80.4800491333008 79.9963760375977
-3.4e+38 -3.4e+38 -3.4e+38 -3.4e+38 -3.4e+38 -3.4e+38 -3.4e+38 -3.4e+38 -3.4e+38 -3.4e+38 -3.4e+38 -3.4e+38 74.8180618286133 77.2829818725586 79.7060241699219 80.0308685302734 79.7201919555664 79.3422698974609 79.0097885131836 80.0009765625 82.6427688598633 88.3564224243164 90.8652725219727 92.2021560668945 90.1586532592773 91.1472396850586 86.9063568115234 88.3434600830078 90.0268783569336 89.4231338500977 90.0579833984375 89.5231094360352 89.0438613891602 88.3791351318359 87.7631683349609 87.6060562133789 86.9517974853516 85.7870483398438 84.9717254638672 84.350830078125 83.4279098510742 82.6837844848633 82.0834045410156 81.463981628418 81.2767562866211 80.5999298095703 80.5957565307617 80.8764190673828 80.8381958007812 80.646125793457 80.6747589111328 80.6718902587891
-3.4e+38 -3.4e+38 -3.4e+38 -3.4e+38 -3.4e+38 -3.4e+38 -3.4e+38 -3.4e+38 -3.4e+38 -3.4e+38 -3.4e+38 -3.4e+38 75.0337295532227 79.0290603637695 80.1041641235352 80.1356048583984 79.6298828125 79.495979309082 78.6279220581055 79.8916168212891 87.4720840454102 90.8431091308594 91.0920944213867 92.7659683227539 92.4013290405273 88.311882019043 87.5365982055664 89.3571548461914 89.8399505615234 89.9499435424805 90.3982162475586 89.2680587768555 88.7870330810547 88.0145492553711 87.5354995727539 87.2247085571289 86.6290435791016 85.4395065307617 84.7377243041992 84.3055419921875 83.5244750976562 82.5856399536133 82.2344665527344 81.83837890625 81.3892440795898 81.1820297241211 81.2594146728516 81.0381698608398 81.1763534545898 81.3746643066406 81.2684860229492 81.1180267333984
-3.4e+38 -3.4e+38 -3.4e+38 -3.4e+38 -3.4e+38 -3.4e+38 -3.4e+38 -3.4e+38 -3.4e+38 -3.4e+38 -3.4e+38 -3.4e+38 75.1852493286133 78.964973449707 80.0164184570312 79.8757858276367 79.8754348754883 79.5417175292969 78.0687026977539 79.1070709228516 88.0354995727539 91.2662734985352 92.0265731811523 91.1879348754883 88.2349319458008 86.4200210571289 85.098030090332 88.2128524780273 89.0043563842773 88.9605331420898 90.1031265258789 88.6641693115234 88.2818069458008 87.9235382080078 87.7388916015625 87.4353866577148 86.8080825805664 85.6750869750977 84.7890167236328 83.9661483764648 83.2609481811523 82.4051666259766 82.2312469482422 82.1094970703125 81.8653945922852 81.7574768066406 81.7229232788086 81.6304092407227 81.5644226074219 81.8278198242188 81.8529586791992 81.7811813354492
-3.4e+38 -3.4e+38 -3.4e+38 -3.4e+38 -3.4e+38 -3.4e+38 -3.4e+38 -3.4e+38 -3.4e+38 -3.4e+38 -3.4e+38 74.7707901000977 77.5057907104492 79.6497192382812 80.9316329956055 80.4471130371094 79.9944229125977 79.1225738525391 78.2716827392578 78.5925445556641 86.7988967895508 89.5675430297852 89.1869506835938 88.6203765869141 86.080078125 85.2695541381836 86.0045166015625 88.3392028808594 89.2213287353516 89.2271957397461 89.0223007202148 88.3299407958984 88.1210098266602 87.8000640869141 87.5633316040039 87.3336944580078 86.833251953125 85.8479843139648 84.9934539794922 84.2935409545898 83.4204864501953 82.6222534179688 82.445686340332 82.1953506469727 82.3978652954102 82.2625350952148 82.2541885375977 82.185302734375 82.1104354858398 82.2859497070312 82.2385559082031 82.255859375
-3.4e+38 -3.4e+38 -3.4e+38 -3.4e+38 -3.4e+38 -3.4e+38 -3.4e+38 -3.4e+38 -3.4e+38 74.1482543945312 75.649787902832 77.5012359619141 79.2432327270508 80.3814392089844 80.2358703613281 80.8139343261719 80.3389511108398 79.3420944213867 78.8511352539062 79.1650085449219 87.5940475463867 88.0077667236328 86.916862487793 85.4513244628906 84.5426940917969 83.8918838500977 86.5503921508789 90.0489120483398 89.3542556762695 89.0978546142578 88.4507598876953 88.1808013916016 88.0521469116211 87.4897842407227 87.2548141479492 87.1417236328125 86.8592987060547 85.8405380249023 85.0716018676758 84.5088424682617 83.9675140380859 83.2490539550781 82.26220703125 81.9563980102539 82.3031921386719 82.5711975097656 82.739501953125 82.6018981933594 82.6401062011719 82.4663162231445 82.6538009643555 82.5144119262695
-3.4e+38 -3.4e+38 -3.4e+38 -3.4e+38 -3.4e+38 -3.4e+38 -3.4e+38 -3.4e+38 -3.4e+38 73.4133758544922 76.1828918457031 78.6018829345703 79.9623107910156 78.5792007446289 79.1099472045898 79.3054275512695 79.5724945068359 79.0837249755859 78.8970184326172 81.4567489624023 89.2837066650391 86.1359100341797 85.797492980957 83.4673767089844 82.9675140380859 82.5458679199219 87.232292175293 89.3211669921875 88.8911437988281 88.416130065918 88.2780990600586 88.1921844482422 88.0283584594727 87.2026901245117 87.0305023193359 87.1210174560547 87.0315170288086 86.13671875 85.5160369873047 84.8562316894531 84.3439331054688 83.5824890136719 82.9580459594727 82.6882019042969 82.4478302001953 82.8125381469727 82.9237899780273 83.0731353759766 83.1774368286133 83.1980743408203 82.9123229980469 82.9723434448242
-3.4e+38 -3.4e+38 -3.4e+38 -3.4e+38 -3.4e+38 -3.4e+38 -3.4e+38 -3.4e+38 67.5977554321289 72.0346145629883 74.38671875 79.1470336914062 78.7817230224609 76.7126998901367 75.9712524414062 77.1781768798828 78.5432205200195 78.2797775268555 79.5310440063477 82.3676071166992 87.4963150024414 85.5412368774414 84.9633560180664 82.631591796875 81.8240814208984 82.3304214477539 85.9979705810547 87.9255294799805 88.0273742675781 88.1385650634766 87.9852066040039 87.8610763549805 87.6188049316406 87.3010940551758 87.0387954711914 87.1555709838867 86.8571014404297 86.3433227539062 85.686653137207 85.1581878662109 84.7244033813477 83.9262008666992 83.5531616210938 83.4090423583984 83.2976226806641 83.1163101196289 83.1513824462891 83.3781127929688 83.459846496582 83.4779434204102 83.4617538452148 83.3688507080078
-3.4e+38 -3.4e+38 -3.4e+38 -3.4e+38 -3.4e+38 -3.4e+38 -3.4e+38 -3.4e+38 -3.4e+38 -3.4e+38 75.1479339599609 78.9997482299805 77.3074035644531 73.7190246582031 74.363883972168 76.96240234375 77.7250289916992 78.2994384765625 79.5403137207031 83.3493576049805 87.0718536376953 86.3237152099609 86.0004806518555 84.2602386474609 82.8422012329102 84.8182830810547 86.7706756591797 86.2775573730469 86.6818695068359 87.6327896118164 87.7369766235352 87.6283264160156 87.3114700317383 87.2229766845703 87.1091232299805 87.1165618896484 86.8752517700195 86.6973342895508 86.0164260864258 85.6298904418945 85.2466278076172 84.7286911010742 84.2065658569336 83.9731063842773 83.7080764770508 83.5834274291992 83.5054092407227 83.7283401489258 83.9644012451172 83.7351608276367 83.816276550293 83.9018173217773
-3.4e+38 -3.4e+38 -3.4e+38 -3.4e+38 -3.4e+38 -3.4e+38 -3.4e+38 -3.4e+38 -3.4e+38 69.4378280639648 72.9333190917969 76.9943237304688 76.0273361206055 75.9737243652344 76.964241027832 77.33447265625 77.1322631835938 77.2144088745117 78.2670288085938 83.4768829345703 85.9923934936523 87.427001953125 86.8882675170898 84.4251251220703 83.6679077148438 83.823860168457 86.6614151000977 86.1537246704102 86.9993209838867 87.1026153564453 87.3995590209961 87.688362121582 87.4127426147461 87.2220687866211 87.2325439453125 87.2682266235352 87.0294418334961 86.844596862793 86.3891296386719 86.0260238647461 85.5403289794922 85.2177810668945 84.7797164916992 84.3869018554688 84.2440414428711 84.0482940673828 84.0243377685547 84.15087890625 84.5018692016602 84.1731491088867 84.1754455566406 84.3658752441406
-3.4e+38 -3.4e+38 -3.4e+38 -3.4e+38 -3.4e+38 -3.4e+38 -3.4e+38 -3.4e+38 -3.4e+38 -3.4e+38 70.583984375 75.8356552124023 77.2141036987305 78.8592300415039 79.4096984863281 78.2300872802734 76.8819580078125 76.5111694335938 77.6851119995117 82.3073196411133 85.0638122558594 87.5858154296875 87.4647216796875 85.2353286743164 83.9742279052734 83.930534362793 86.7564544677734 86.4599456787109 86.4372940063477 87.0206832885742 87.4247436523438 87.7023773193359 87.5244140625 87.3125152587891 87.0962142944336 87.2297821044922 87.0198211669922 87.1841506958008 86.8430328369141 86.4758987426758 86.0250778198242 85.7902679443359 85.4185943603516 84.9109115600586 84.6589965820312 84.6597137451172 84.5653915405273 84.5048065185547 84.6711654663086 84.7059020996094 84.7233200073242 84.7216339111328
