data/layers/Current/bio4.asc
NCOLS 494 
NROWS 529 
XLLCORNER -117.166666666667 
YLLCORNER -55.5 
CELLSIZE 0.166666666666667 
NODATA_value -3.4e+38 
[rows 276 to 298 of 529, columns 364 to 415 of 494]
80.2717361450195 78.2914428710938 77.9719009399414 78.4724044799805 82.1043472290039 85.9724731445312 90.8504486083984 88.3273239135742 91.1332168579102 94.9390182495117 93.9906387329102 103.651565551758 102.720909118652 105.946411132812 109.538597106934 108.510078430176 115.722282409668 116.335899353027 116.529479980469 115.180702209473 118.10368347168 116.641174316406 114.949661254883 116.311820983887 115.307968139648 111.901435852051 111.450462341309 111.81477355957 114.59651184082 116.906196594238 114.715660095215 113.882781982422 112.871772766113 111.065002441406 110.785903930664 107.92195892334 103.648796081543 102.33829498291 103.715179443359 103.28197479248 102.16520690918 99.4977569580078 98.6271820068359 99.3067855834961 101.443283081055 102.744773864746 101.193046569824 95.7157287597656 100.469108581543 100.076377868652 99.7483520507812 93.6218719482422
81.2100677490234 78.8502044677734 78.3080902099609 79.9853515625 81.7369155883789 85.8293838500977 90.9153900146484 95.3837280273438 95.0006256103516 96.1483001708984 99.3402633666992 107.849578857422 108.64323425293 111.046783447266 112.073081970215 113.48193359375 120.579765319824 118.895515441895 121.500030517578 122.231986999512 122.650131225586 120.733749389648 120.200286865234 118.406204223633 118.563171386719 117.266403198242 115.590270996094 115.411689758301 119.669326782227 119.409889221191 117.955490112305 117.202491760254 114.73462677002 113.880149841309 110.267082214355 108.348350524902 107.366828918457 107.46142578125 106.074012756348 105.114288330078 103.287078857422 101.608512878418 102.520240783691 102.576110839844 103.67504119873 103.474311828613 101.085525512695 99.1851196289062 101.045799255371 99.8094635009766 100.960678100586 95.9678192138672
80.876350402832 77.7943267822266 79.1595153808594 79.8673324584961 82.4636611938477 86.7492446899414 90.5346145629883 95.2383499145508 102.623420715332 100.273658752441 103.181854248047 111.232444763184 113.862968444824 116.903198242188 118.004150390625 121.51286315918 122.312202453613 121.15673828125 126.398002624512 126.394401550293 126.045135498047 124.403739929199 123.98998260498 123.27742767334 123.052436828613 122.14958190918 120.45858001709 122.098770141602 122.839653015137 122.106536865234 120.537933349609 119.140617370605 117.396347045898 114.979049682617 112.733139038086 108.895446777344 109.161056518555 109.069450378418 107.302536010742 107.589324951172 106.624435424805 106.623191833496 104.603950500488 104.375366210938 104.658210754395 102.212760925293 98.4281311035156 100.437805175781 101.397834777832 98.5430297851562 102.085624694824 99.0797424316406
83.161506652832 81.7089080810547 78.8299789428711 81.4032821655273 82.0490341186523 87.6576690673828 91.5089492797852 97.1521987915039 105.202415466309 109.224586486816 107.050170898438 115.014167785645 118.394836425781 121.433876037598 121.722175598145 125.432189941406 125.530570983887 128.049407958984 131.819961547852 130.643371582031 130.477767944336 129.455352783203 128.47575378418 127.69709777832 127.369491577148 124.068115234375 121.835914611816 124.304748535156 127.023002624512 124.770751953125 122.554298400879 119.244346618652 120.852424621582 117.42813873291 113.562141418457 111.544914245605 110.793487548828 109.827507019043 109.389068603516 109.121231079102 108.459075927734 107.037780761719 105.261360168457 104.909942626953 104.840896606445 99.7845611572266 100.392166137695 103.060760498047 101.256744384766 100.535659790039 103.139190673828 107.198677062988
80.6047134399414 85.8919143676758 85.8114929199219 85.3735961914062 89.6054611206055 93.9082260131836 94.7465667724609 99.6010055541992 108.824645996094 113.08479309082 115.291038513184 118.017555236816 121.195106506348 123.121765136719 124.847091674805 128.478286743164 131.382476806641 134.132064819336 137.114929199219 135.612686157227 136.949081420898 132.054779052734 132.747665405273 132.737747192383 131.288070678711 128.447570800781 128.993545532227 131.648162841797 129.508895874023 126.550018310547 124.988807678223 123.408386230469 123.169143676758 118.445915222168 114.776756286621 114.165893554688 112.554336547852 110.504447937012 111.072219848633 110.395606994629 111.293067932129 110.194389343262 109.897071838379 108.221305847168 105.619750976562 105.154296875 106.121864318848 103.882698059082 101.877014160156 102.821319580078 104.638999938965 105.526832580566
82.6639022827148 86.3772811889648 87.1058044433594 89.181022644043 93.3268356323242 96.1715621948242 100.80687713623 104.967208862305 108.072326660156 116.337394714355 120.351020812988 123.225921630859 127.51155090332 128.734420776367 130.06591796875 132.73371887207 135.812530517578 139.824234008789 141.689743041992 139.66291809082 141.662017822266 139.956756591797 136.111587524414 137.73876953125 137.816452026367 136.270782470703 137.218780517578 134.783950805664 132.890365600586 129.316497802734 128.58349609375 124.580017089844 121.068496704102 119.049629211426 119.708465576172 116.196365356445 114.388641357422 113.199737548828 111.334350585938 112.220291137695 112.342987060547 112.541534423828 111.9326171875 110.055564880371 109.388191223145 107.078521728516 107.553092956543 105.169784545898 103.692993164062 107.826362609863 106.723503112793 103.456214904785
85.9810409545898 88.2212142944336 91.2268295288086 94.9379653930664 99.5308456420898 105.362907409668 107.820068359375 112.937881469727 117.288864135742 122.281120300293 127.24755859375 130.636962890625 132.951766967773 136.493301391602 137.462478637695 138.180267333984 142.010192871094 144.911804199219 146.047500610352 146.748809814453 146.913421630859 144.577621459961 141.199172973633 141.757293701172 142.021682739258 140.438629150391 140.723510742188 138.206512451172 134.482940673828 130.854019165039 129.686325073242 127.953506469727 122.611099243164 121.518310546875 121.193923950195 117.47290802002 115.49210357666 115.506675720215 112.872451782227 113.588729858398 114.37922668457 113.510940551758 109.857421875 108.131248474121 111.845970153809 110.379104614258 107.057891845703 107.14421081543 105.977478027344 111.62035369873 109.855415344238 104.026107788086
94.7570571899414 97.7441940307617 105.094841003418 106.792572021484 108.000503540039 108.174774169922 111.400596618652 115.003982543945 121.925636291504 125.02099609375 129.666198730469 134.588851928711 135.552719116211 138.412384033203 142.224227905273 145.957489013672 150.470443725586 152.22834777832 151.533843994141 150.438980102539 150.557083129883 148.516448974609 146.73698425293 146.873596191406 144.290954589844 143.522064208984 140.728988647461 139.776336669922 135.980270385742 135.094223022461 131.900115966797 129.752105712891 125.755958557129 123.968658447266 120.894004821777 118.235168457031 116.958068847656 116.846328735352 112.805023193359 113.591705322266 114.459075927734 112.712516784668 107.619819641113 110.212066650391 113.304176330566 112.488945007324 111.542098999023 110.110084533691 107.791366577148 109.557899475098 107.795166015625 100.684898376465
118.258560180664 123.757583618164 122.540260314941 120.081878662109 118.835739135742 119.087707519531 122.737754821777 126.033004760742 129.931045532227 132.733139038086 134.081207275391 136.652618408203 139.632095336914 141.41047668457 146.18537902832 153.269638061523 151.796096801758 152.233291625977 152.575622558594 156.897109985352 158.913360595703 156.932235717773 155.515151977539 151.026947021484 146.434127807617 146.501449584961 143.505615234375 140.434997558594 139.28125 137.393310546875 133.80989074707 128.835647583008 127.222351074219 125.93180847168 121.101440429688 118.689468383789 118.054847717285 116.246612548828 113.846504211426 116.139709472656 113.347465515137 108.4345703125 112.087394714355 114.323806762695 116.146881103516 113.471832275391 114.374481201172 113.334732055664 106.844589233398 105.789657592773 104.087310791016 101.424041748047
148.245910644531 141.382247924805 133.680648803711 129.766265869141 126.658126831055 126.157318115234 125.888458251953 128.600723266602 133.003860473633 137.451370239258 136.721084594727 141.92756652832 144.01513671875 145.339782714844 149.153472900391 154.989242553711 158.065490722656 159.021697998047 162.016876220703 165.251205444336 163.590698242188 160.038864135742 157.987716674805 149.891586303711 149.53141784668 149.030029296875 146.275161743164 142.812545776367 140.841461181641 139.983093261719 134.821838378906 129.311813354492 127.42391204834 125.33617401123 122.313735961914 120.450019836426 119.086265563965 118.231452941895 114.768920898438 111.746368408203 110.257453918457 113.275657653809 116.844436645508 116.92204284668 114.699600219727 112.277038574219 117.490509033203 114.599723815918 107.593116760254 105.865303039551 105.383148193359 108.336288452148
170.075988769531 149.870391845703 132.464736938477 135.593872070312 134.236953735352 135.147232055664 135.217651367188 133.829605102539 131.093658447266 135.099334716797 142.244888305664 146.167846679688 150.560150146484 156.248336791992 162.749771118164 166.252868652344 167.885101318359 169.242599487305 166.589813232422 168.227462768555 169.376449584961 166.592193603516 163.873580932617 154.871398925781 152.29377746582 148.604568481445 147.803497314453 143.806259155273 142.700088500977 137.938430786133 133.510955810547 130.797546386719 130.03385925293 126.127006530762 124.872604370117 122.453399658203 119.964279174805 118.610595703125 115.199554443359 113.311416625977 114.409568786621 117.196914672852 118.357940673828 115.019119262695 111.418556213379 116.521362304688 117.556098937988 117.053314208984 119.178001403809 118.781326293945 117.148803710938 117.602806091309
173.269653320312 166.862121582031 146.36328125 136.195297241211 135.550216674805 138.2646484375 137.854583740234 137.297088623047 139.016510009766 144.489044189453 149.25764465332 152.825180053711 156.979385375977 165.198394775391 171.647583007812 175.560791015625 176.853729248047 174.993041992188 176.459106445312 178.128387451172 177.157333374023 173.834228515625 164.518035888672 156.204544067383 149.507064819336 146.259185791016 148.599105834961 144.307662963867 142.703872680664 136.94140625 134.031341552734 132.62434387207 130.976699829102 125.176414489746 124.535758972168 122.734451293945 120.83203125 117.509063720703 112.799110412598 111.649635314941 113.860984802246 116.43480682373 116.555183410645 112.231712341309 116.421356201172 122.814392089844 118.898406982422 122.667297363281 117.891593933105 119.249076843262 120.14094543457 117.153015136719
164.273574829102 158.913467407227 147.523864746094 140.364685058594 135.159271240234 137.4462890625 138.867141723633 141.200012207031 145.440734863281 151.577041625977 155.894927978516 161.851486206055 166.161254882812 170.328155517578 174.966842651367 182.948577880859 181.897659301758 179.645645141602 178.348297119141 182.084442138672 180.226638793945 179.972366333008 172.547027587891 158.3408203125 151.54833984375 151.191131591797 149.635147094727 144.690521240234 141.497619628906 136.363922119141 134.211181640625 132.289001464844 130.710464477539 127.881103515625 124.632530212402 121.609771728516 120.102333068848 117.773696899414 115.099731445312 116.43872833252 118.358345031738 120.762741088867 118.888977050781 121.062950134277 119.662437438965 120.492919921875 116.80101776123 123.094718933105 118.651794433594 115.391906738281 117.83911895752 120.745140075684
160.938400268555 153.303405761719 146.563537597656 147.558166503906 150.452514648438 146.072158813477 143.29345703125 145.604934692383 151.737197875977 158.284744262695 162.787582397461 166.3369140625 170.89616394043 175.49153137207 178.241409301758 187.34782409668 183.878051757812 184.141983032227 184.535003662109 185.617492675781 186.709991455078 182.897186279297 179.612182617188 167.028030395508 158.890686035156 152.52978515625 147.564605712891 143.901428222656 138.955291748047 136.478820800781 132.984603881836 130.542449951172 129.364929199219 128.136291503906 124.823501586914 124.561386108398 119.78490447998 117.873779296875 114.094436645508 116.343254089355 118.346794128418 118.934379577637 119.429374694824 117.251907348633 118.246566772461 114.235015869141 115.276054382324 123.174842834473 117.016105651855 108.922439575195 107.704574584961 114.687622070312
161.242416381836 158.075119018555 154.220550537109 154.949020385742 155.653732299805 150.986297607422 148.673873901367 151.289688110352 157.998046875 166.848159790039 166.376998901367 169.492523193359 179.410308837891 178.16130065918 181.639312744141 186.772720336914 186.876831054688 189.250823974609 190.57063293457 190.302444458008 189.805557250977 187.122512817383 182.410430908203 169.095550537109 155.656051635742 148.09407043457 144.571182250977 141.978775024414 138.782089233398 135.453094482422 131.54866027832 127.825691223145 128.06217956543 128.954971313477 124.602279663086 125.348640441895 123.035346984863 121.375526428223 115.299934387207 115.17586517334 113.970672607422 116.646324157715 119.571678161621 119.467910766602 117.333358764648 105.266395568848 105.703956604004 112.315162658691 112.266426086426 110.351669311523 109.502426147461 115.72021484375
167.574295043945 163.559112548828 162.759262084961 162.984603881836 159.763092041016 156.282196044922 153.629058837891 156.065933227539 164.135940551758 173.194290161133 173.909576416016 173.975387573242 179.23681640625 184.133239746094 187.633346557617 187.664749145508 185.622253417969 188.693176269531 190.282348632812 189.509704589844 186.60823059082 184.764755249023 177.544845581055 169.263687133789 158.805999755859 149.023208618164 144.594085693359 141.17155456543 137.380355834961 134.403228759766 132.982528686523 131.721817016602 127.916313171387 125.285766601562 125.953353881836 124.392425537109 121.840644836426 121.03441619873 113.788284301758 114.238784790039 115.210662841797 115.778648376465 116.315933227539 118.725631713867 116.872489929199 108.811973571777 106.614631652832 109.423225402832 117.42862701416 120.039306640625 115.757873535156 122.236457824707
173.966262817383 171.775375366211 171.531539916992 168.243713378906 167.028381347656 165.344055175781 163.883193969727 161.395706176758 166.243072509766 177.887512207031 179.36181640625 179.044692993164 182.302276611328 188.594711303711 191.603668212891 189.30744934082 188.542404174805 190.185958862305 188.791854858398 186.183151245117 186.121383666992 183.149398803711 177.017364501953 168.596527099609 160.550262451172 150.721893310547 143.087829589844 140.079254150391 138.670684814453 133.977996826172 129.717727661133 129.588653564453 129.497436523438 125.483131408691 125.039260864258 122.505783081055 120.155540466309 116.735328674316 113.85245513916 112.559478759766 113.284812927246 107.738014221191 112.398567199707 110.477920532227 111.127632141113 103.896324157715 110.391799926758 115.205749511719 120.957733154297 125.69807434082 131.034057617188 135.645690917969
178.726959228516 178.034057617188 176.443908691406 170.477310180664 170.176177978516 170.484222412109 164.195724487305 164.098648071289 170.718490600586 181.409164428711 181.694351196289 183.133514404297 187.599472045898 189.555099487305 188.153366088867 190.300643920898 188.848358154297 187.999801635742 176.837326049805 178.647933959961 180.087127685547 175.577575683594 171.656509399414 166.705429077148 155.052154541016 146.551498413086 146.510208129883 143.526840209961 138.804428100586 134.991455078125 131.230438232422 125.205863952637 124.323143005371 128.824020385742 123.169319152832 117.167442321777 122.196723937988 115.214790344238 112.210655212402 111.474380493164 111.353584289551 108.961090087891 108.094650268555 104.693855285645 102.106307983398 101.384460449219 110.398796081543 118.911186218262 126.373886108398 132.824615478516 141.871688842773 145.805603027344
184.851776123047 183.579849243164 181.463745117188 180.608245849609 181.608505249023 180.407424926758 177.983016967773 172.274871826172 177.717651367188 184.246444702148 184.286071777344 188.538177490234 189.938003540039 190.361877441406 188.057098388672 188.162292480469 187.797210693359 185.178009033203 182.124282836914 177.056442260742 172.516586303711 171.476425170898 167.858337402344 161.208679199219 151.553497314453 143.453598022461 140.899047851562 140.182983398438 139.181396484375 132.146850585938 131.699630737305 127.976699829102 126.223930358887 125.39631652832 123.166069030762 121.499855041504 122.717803955078 117.601081848145 115.682113647461 115.758743286133 116.963447570801 113.075698852539 113.591117858887 110.44563293457 109.374160766602 104.934036254883 112.387420654297 121.497413635254 127.828048706055 134.074600219727 146.671524047852 149.984832763672
188.9365234375 186.434753417969 185.041717529297 185.546432495117 186.650451660156 185.339431762695 183.666900634766 182.233184814453 186.57177734375 178.162063598633 182.303085327148 186.872436523438 191.00813293457 187.390960693359 184.971862792969 184.040878295898 182.910797119141 180.510116577148 181.777923583984 175.597564697266 170.652435302734 172.324920654297 169.19482421875 163.635681152344 156.445388793945 149.688354492188 141.68962097168 138.630828857422 137.349731445312 132.311141967773 128.729598999023 130.768264770508 125.496536254883 126.300262451172 121.980117797852 122.271102905273 122.866775512695 120.726699829102 119.583526611328 119.944160461426 120.316040039062 118.062057495117 115.464363098145 117.116249084473 112.906280517578 113.571624755859 117.571166992188 129.424987792969 137.118469238281 138.830871582031 148.460220336914 153.397186279297
190.973449707031 190.260894775391 188.302459716797 188.707702636719 188.991546630859 187.434753417969 187.983474731445 190.925338745117 191.350341796875 180.599548339844 181.516342163086 182.318237304688 189.585403442383 184.839431762695 179.594009399414 178.558670043945 177.029281616211 176.389190673828 178.375411987305 176.750335693359 174.842376708984 174.712203979492 167.709915161133 158.060653686523 155.875335693359 149.309387207031 144.929885864258 140.488494873047 136.914413452148 133.237258911133 130.265762329102 131.12483215332 121.467880249023 125.401107788086 123.538848876953 119.448364257812 122.709228515625 123.501136779785 121.563362121582 122.187606811523 122.457618713379 119.724578857422 115.836837768555 121.356010437012 124.437660217285 122.623695373535 123.36011505127 130.379455566406 137.789855957031 147.036560058594 152.146636962891 158.725112915039
193.129684448242 192.144638061523 193.345031738281 192.334884643555 191.941589355469 192.400985717773 192.844802856445 193.757705688477 193.548873901367 183.825653076172 182.036590576172 184.72297668457 186.342330932617 183.513168334961 178.553039550781 177.020080566406 175.213653564453 172.710861206055 173.664276123047 174.92414855957 177.402984619141 172.787017822266 166.757568359375 158.245544433594 155.580657958984 148.258239746094 143.842880249023 137.558654785156 135.394485473633 132.549453735352 131.286254882812 130.339431762695 122.865531921387 120.233642578125 122.958847045898 121.074104309082 120.402038574219 124.601455688477 124.813690185547 124.664291381836 125.821067810059 122.46240234375 121.019477844238 123.479888916016 131.68717956543 129.217849731445 129.867935180664 137.733947753906 142.386169433594 152.172775268555 157.121139526367 160.573608398438
199.048934936523 195.547805786133 197.656814575195 196.844497680664 195.302322387695 195.893524169922 196.179397583008 195.936737060547 194.865982055664 186.501663208008 183.817016601562 182.368835449219 183.226806640625 179.808700561523 181.308624267578 181.629531860352 179.248504638672 174.88330078125 168.992889404297 169.227096557617 171.487945556641 169.524154663086 165.045028686523 158.61262512207 154.565338134766 149.962692260742 142.275344848633 138.038940429688 135.71809387207 132.341201782227 131.111587524414 127.347412109375 124.564888000488 125.786903381348 122.989898681641 123.673133850098 123.318298339844 125.027824401855 127.889892578125 127.14762878418 128.372741699219 126.562110900879 125.385787963867 131.271896362305 137.420318603516 136.01399230957 139.781387329102 146.548675537109 149.342147827148 158.22688293457 165.046005249023 165.748825073242
