data/layers/Current/bio4.asc
NCOLS 494 
NROWS 529 
XLLCORNER -117.166666666667 
YLLCORNER -55.5 
CELLSIZE 0.166666666666667 
NODATA_value -3.4e+38 
[rows 345 to 367 of 529, columns 260 to 311 of 494]
-3.4e+38 -3.4e+38 -3.4e+38 -3.4e+38 -3.4e+38 -3.4e+38 -3.4e+38 -3.4e+38 -3.4e+38 -3.4e+38 -3.4e+38 -3.4e+38 -3.4e+38 -3.4e+38 -3.4e+38 -3.4e+38 -3.4e+38 -3.4e+38 -3.4e+38 247.867721557617 199.914611816406 191.449157714844 204.524749755859 208.687728881836 207.116577148438 208.512924194336 215.726043701172 219.919494628906 236.446136474609 249.562103271484 258.786437988281 263.429840087891 266.943481445312 280.609039306641 286.547760009766 297.997772216797 313.095825195312 323.666473388672 327.247375488281 322.810913085938 333.378723144531 324.388671875 343.074157714844 324.705108642578 306.133148193359 322.04638671875 362.081634521484 325.913818359375 335.905700683594 397.557342529297 411.790618896484 399.854309082031
-3.4e+38 -3.4e+38 -3.4e+38 -3.4e+38 -3.4e+38 -3.4e+38 -3.4e+38 -3.4e+38 -3.4e+38 -3.4e+38 -3.4e+38 -3.4e+38 -3.4e+38 -3.4e+38 -3.4e+38 -3.4e+38 -3.4e+38 -3.4e+38 -3.4e+38 267.64404296875 214.779251098633 189.042678833008 200.022903442383 206.688522338867 204.833312988281 209.332962036133 212.869689941406 219.859375 241.722717285156 257.861755371094 260.155487060547 264.534515380859 269.664093017578 280.650787353516 293.267547607422 291.321350097656 305.620758056641 317.980102539062 327.692687988281 325.576232910156 335.161346435547 324.942199707031 339.017120361328 311.032958984375 317.628692626953 335.429870605469 368.064697265625 334.85888671875 334.089904785156 386.143951416016 412.167938232422 395.07958984375
-3.4e+38 -3.4e+38 -3.4e+38 -3.4e+38 -3.4e+38 -3.4e+38 -3.4e+38 -3.4e+38 -3.4e+38 -3.4e+38 -3.4e+38 -3.4e+38 -3.4e+38 -3.4e+38 -3.4e+38 -3.4e+38 -3.4e+38 -3.4e+38 -3.4e+38 -3.4e+38 227.761169433594 197.462585449219 201.418853759766 202.785797119141 204.856079101562 208.550537109375 209.484649658203 218.846450805664 240.311889648438 254.38899230957 257.263549804688 264.204132080078 272.686859130859 276.428802490234 293.464904785156 292.427825927734 297.924682617188 301.565673828125 324.139282226562 325.699737548828 333.177368164062 336.530822753906 332.130920410156 316.208679199219 335.262847900391 363.440002441406 362.428771972656 345.638854980469 350.886535644531 375.788696289062 409.174377441406 402.921447753906
-3.4e+38 -3.4e+38 -3.4e+38 -3.4e+38 -3.4e+38 -3.4e+38 -3.4e+38 -3.4e+38 -3.4e+38 -3.4e+38 -3.4e+38 -3.4e+38 -3.4e+38 -3.4e+38 -3.4e+38 -3.4e+38 -3.4e+38 -3.4e+38 -3.4e+38 270.222747802734 240.198379516602 211.917526245117 201.479156494141 200.664184570312 208.046890258789 207.147811889648 207.217544555664 214.077972412109 230.721466064453 246.054977416992 256.069885253906 260.814025878906 272.608825683594 274.6962890625 280.736907958984 288.022155761719 296.341949462891 311.782989501953 322.848419189453 318.353790283203 331.472595214844 338.539337158203 322.928070068359 321.076293945312 349.446319580078 384.680297851562 364.199035644531 353.695251464844 354.821075439453 396.172515869141 405.574584960938 381.628936767578
-3.4e+38 -3.4e+38 -3.4e+38 -3.4e+38 -3.4e+38 -3.4e+38 -3.4e+38 -3.4e+38 -3.4e+38 -3.4e+38 -3.4e+38 -3.4e+38 -3.4e+38 -3.4e+38 -3.4e+38 -3.4e+38 -3.4e+38 -3.4e+38 259.023498535156 260.048004150391 243.560989379883 221.359130859375 210.920196533203 204.46501159668 210.188613891602 205.281433105469 205.793090820312 214.709609985352 230.133712768555 248.283798217773 254.683364868164 262.325744628906 272.914855957031 276.834167480469 277.81689453125 273.852630615234 297.241577148438 324.682250976562 305.039184570312 317.7236328125 318.143280029297 328.967895507812 323.710601806641 328.401763916016 356.510955810547 377.331909179688 388.072845458984 377.664489746094 366.284210205078 391.907073974609 376.231781005859 376.652709960938
-3.4e+38 -3.4e+38 -3.4e+38 -3.4e+38 -3.4e+38 -3.4e+38 -3.4e+38 -3.4e+38 -3.4e+38 -3.4e+38 -3.4e+38 -3.4e+38 -3.4e+38 -3.4e+38 -3.4e+38 -3.4e+38 -3.4e+38 -3.4e+38 250.382095336914 244.811157226562 243.171127319336 235.287002563477 221.414184570312 213.529190063477 212.515396118164 205.355926513672 204.329788208008 210.97346496582 232.005722045898 247.683227539062 251.340225219727 261.312347412109 267.075073242188 276.2607421875 289.017181396484 293.010437011719 319.093322753906 299.926513671875 304.845703125 312.303741455078 313.778045654297 317.832183837891 328.332916259766 323.052551269531 348.535949707031 369.3310546875 392.570068359375 400.535339355469 386.596405029297 372.924652099609 379.995147705078 389.551666259766
-3.4e+38 -3.4e+38 -3.4e+38 -3.4e+38 -3.4e+38 -3.4e+38 -3.4e+38 -3.4e+38 -3.4e+38 -3.4e+38 -3.4e+38 -3.4e+38 -3.4e+38 -3.4e+38 -3.4e+38 -3.4e+38 -3.4e+38 -3.4e+38 253.876312255859 244.322891235352 255.649337768555 250.272659301758 237.880325317383 229.720764160156 220.195861816406 208.266525268555 201.927917480469 212.740142822266 233.405807495117 241.806854248047 256.478332519531 259.757598876953 267.682769775391 277.038970947266 290.692962646484 308.225036621094 313.103668212891 303.062805175781 325.476013183594 315.711181640625 305.503692626953 303.722595214844 322.082458496094 319.64111328125 338.230499267578 355.204986572266 357.76708984375 415.662567138672 398.327026367188 366.536743164062 382.899536132812 392.118438720703
-3.4e+38 -3.4e+38 -3.4e+38 -3.4e+38 -3.4e+38 -3.4e+38 -3.4e+38 -3.4e+38 -3.4e+38 -3.4e+38 -3.4e+38 -3.4e+38 -3.4e+38 -3.4e+38 -3.4e+38 -3.4e+38 -3.4e+38 -3.4e+38 242.611373901367 249.588531494141 255.642532348633 254.41357421875 257.861480712891 243.71940612793 228.788757324219 213.069229125977 203.017028808594 219.180297851562 232.611145019531 241.956787109375 257.665435791016 263.168670654297 265.428375244141 274.480712890625 289.033264160156 306.092010498047 297.444305419922 314.373352050781 336.220489501953 320.330291748047 310.351470947266 312.021636962891 318.345703125 321.605651855469 333.836517333984 326.087707519531 341.266418457031 414.308166503906 381.148864746094 370.233642578125 393.068145751953 403.157501220703
-3.4e+38 -3.4e+38 -3.4e+38 -3.4e+38 -3.4e+38 -3.4e+38 -3.4e+38 -3.4e+38 -3.4e+38 -3.4e+38 -3.4e+38 -3.4e+38 -3.4e+38 -3.4e+38 -3.4e+38 -3.4e+38 -3.4e+38 -3.4e+38 248.923309326172 251.169738769531 257.793060302734 252.934906005859 266.110382080078 258.136077880859 238.163681030273 205.114593505859 204.095031738281 221.548858642578 235.411285400391 242.571380615234 258.478271484375 268.962493896484 272.989410400391 270.926452636719 295.225463867188 308.380035400391 303.024719238281 325.554504394531 353.280181884766 337.473724365234 318.092224121094 322.962432861328 328.479064941406 321.954254150391 323.770263671875 323.690765380859 343.209320068359 419.773132324219 379.622161865234 377.230590820312 392.602172851562 401.652984619141
-3.4e+38 -3.4e+38 -3.4e+38 -3.4e+38 -3.4e+38 -3.4e+38 -3.4e+38 -3.4e+38 -3.4e+38 -3.4e+38 -3.4e+38 -3.4e+38 -3.4e+38 -3.4e+38 -3.4e+38 -3.4e+38 -3.4e+38 -3.4e+38 253.645431518555 253.938186645508 258.079498291016 262.680206298828 268.270751953125 264.510498046875 234.988235473633 206.969146728516 200.719573974609 220.876861572266 238.369400024414 248.762908935547 258.843597412109 265.889892578125 267.998687744141 276.007263183594 289.837036132812 289.765808105469 304.491180419922 340.812438964844 367.557434082031 344.412994384766 312.475524902344 328.81591796875 341.439178466797 343.897674560547 325.489501953125 348.273101806641 370.456420898438 433.695983886719 368.214691162109 386.031494140625 398.775207519531 412.196411132812
-3.4e+38 -3.4e+38 -3.4e+38 -3.4e+38 -3.4e+38 -3.4e+38 -3.4e+38 -3.4e+38 -3.4e+38 -3.4e+38 -3.4e+38 -3.4e+38 -3.4e+38 -3.4e+38 -3.4e+38 -3.4e+38 -3.4e+38 -3.4e+38 255.564498901367 257.049957275391 250.638961791992 250.590606689453 254.517776489258 261.191741943359 227.622543334961 198.351943969727 212.227828979492 230.039047241211 249.04216003418 256.057861328125 262.214050292969 267.547424316406 270.383666992188 281.937683105469 289.361633300781 288.676025390625 305.072448730469 338.603851318359 358.623107910156 343.586395263672 307.198120117188 363.498443603516 367.54345703125 341.973419189453 355.807464599609 377.659820556641 414.933868408203 435.692413330078 350.105102539062 388.931915283203 405.075347900391 423.142028808594
-3.4e+38 -3.4e+38 -3.4e+38 -3.4e+38 -3.4e+38 -3.4e+38 -3.4e+38 -3.4e+38 -3.4e+38 -3.4e+38 -3.4e+38 -3.4e+38 -3.4e+38 -3.4e+38 -3.4e+38 -3.4e+38 -3.4e+38 -3.4e+38 257.190124511719 253.543502807617 256.716949462891 258.312713623047 249.812118530273 254.575927734375 220.3974609375 203.202529907227 216.439178466797 231.335662841797 251.569641113281 260.514617919922 268.901885986328 271.395202636719 275.469970703125 279.050231933594 280.005096435547 289.620086669922 300.208038330078 319.094512939453 325.533172607422 337.618316650391 338.552032470703 357.001068115234 360.823638916016 339.290679931641 414.2314453125 400.848541259766 431.852264404297 392.119659423828 365.104644775391 395.878662109375 420.595886230469 449.469879150391
-3.4e+38 -3.4e+38 -3.4e+38 -3.4e+38 -3.4e+38 -3.4e+38 -3.4e+38 -3.4e+38 -3.4e+38 -3.4e+38 -3.4e+38 -3.4e+38 -3.4e+38 -3.4e+38 -3.4e+38 -3.4e+38 -3.4e+38 -3.4e+38 259.353118896484 262.815765380859 263.205657958984 259.788879394531 263.283782958984 253.072387695312 223.251022338867 216.219772338867 219.51432800293 232.093139648438 247.274063110352 261.5263671875 269.33251953125 268.4873046875 274.666198730469 278.039337158203 288.874298095703 282.509582519531 301.738983154297 302.783203125 316.063323974609 327.867126464844 335.279113769531 345.742797851562 361.905700683594 379.1328125 464.532379150391 438.87158203125 435.529754638672 345.8291015625 398.241912841797 421.976348876953 454.593017578125 475.383911132812
-3.4e+38 -3.4e+38 -3.4e+38 -3.4e+38 -3.4e+38 -3.4e+38 -3.4e+38 -3.4e+38 -3.4e+38 -3.4e+38 -3.4e+38 -3.4e+38 -3.4e+38 -3.4e+38 -3.4e+38 -3.4e+38 -3.4e+38 258.457000732422 272.232757568359 274.072479248047 271.737884521484 269.401275634766 272.528289794922 268.82470703125 248.167572021484 230.325347900391 223.868713378906 238.367111206055 257.104583740234 262.883972167969 255.371307373047 259.124877929688 267.046936035156 277.858306884766 289.181579589844 291.639739990234 351.674987792969 322.418548583984 318.478637695312 329.712066650391 344.321746826172 408.602752685547 410.554138183594 440.792114257812 472.101470947266 465.142395019531 374.549530029297 358.908813476562 442.038787841797 466.852386474609 481.868103027344 487.051239013672
-3.4e+38 -3.4e+38 -3.4e+38 -3.4e+38 -3.4e+38 -3.4e+38 -3.4e+38 -3.4e+38 -3.4e+38 -3.4e+38 -3.4e+38 -3.4e+38 -3.4e+38 -3.4e+38 -3.4e+38 -3.4e+38 -3.4e+38 268.324401855469 280.975708007812 285.589385986328 295.354919433594 287.350494384766 298.519836425781 278.058441162109 229.594085693359 237.261459350586 230.668319702148 247.342361450195 256.915710449219 264.923797607422 263.148620605469 257.642242431641 269.417388916016 282.065856933594 296.230926513672 302.974853515625 416.476196289062 412.871704101562 355.951538085938 322.732421875 391.166320800781 478.238189697266 454.379760742188 426.690887451172 432.883392333984 397.799224853516 348.048431396484 452.783538818359 478.281982421875 487.082855224609 492.693298339844 498.421112060547
-3.4e+38 -3.4e+38 -3.4e+38 -3.4e+38 -3.4e+38 -3.4e+38 -3.4e+38 -3.4e+38 -3.4e+38 -3.4e+38 -3.4e+38 -3.4e+38 -3.4e+38 -3.4e+38 -3.4e+38 -3.4e+38 -3.4e+38 267.098754882812 283.345550537109 291.964172363281 292.871734619141 300.913787841797 292.8203125 278.511871337891 247.322738647461 227.288177490234 245.596572875977 258.623992919922 264.72314453125 263.395538330078 267.624664306641 273.502655029297 270.6396484375 285.379180908203 300.295227050781 321.42724609375 430.487701416016 475.567565917969 366.907928466797 317.244415283203 437.488952636719 495.205688476562 456.419616699219 448.628387451172 428.610290527344 401.366760253906 424.695281982422 478.671173095703 491.782836914062 499.235290527344 502.267211914062 506.284393310547
-3.4e+38 -3.4e+38 -3.4e+38 -3.4e+38 -3.4e+38 -3.4e+38 -3.4e+38 -3.4e+38 -3.4e+38 -3.4e+38 -3.4e+38 -3.4e+38 -3.4e+38 -3.4e+38 -3.4e+38 -3.4e+38 246.550064086914 271.065399169922 286.758178710938 297.387390136719 288.758483886719 298.405975341797 294.085632324219 272.3427734375 245.066482543945 236.828964233398 248.870147705078 259.969787597656 267.827331542969 268.675598144531 275.189544677734 283.221832275391 280.32666015625 284.749298095703 300.17236328125 326.310913085938 436.78662109375 479.133636474609 349.746368408203 379.804077148438 487.623229980469 500.864776611328 513.740112304688 522.87353515625 554.017150878906 527.380065917969 507.701110839844 485.645141601562 498.081848144531 506.777130126953 512.562622070312 512.322265625
-3.4e+38 -3.4e+38 -3.4e+38 -3.4e+38 -3.4e+38 -3.4e+38 -3.4e+38 -3.4e+38 -3.4e+38 -3.4e+38 -3.4e+38 -3.4e+38 -3.4e+38 -3.4e+38 -3.4e+38 -3.4e+38 262.145294189453 271.986755371094 286.930908203125 298.260162353516 286.307769775391 297.414215087891 294.327453613281 263.719635009766 249.623474121094 246.93424987793 248.310104370117 255.50764465332 266.751220703125 271.332214355469 263.134643554688 277.832336425781 283.497619628906 294.777465820312 317.869415283203 333.546264648438 439.237915039062 469.858123779297 404.928070068359 470.357452392578 546.605590820312 562.281127929688 560.420227050781 575.571716308594 575.906860351562 569.149658203125 501.892181396484 485.005187988281 500.692749023438 509.947631835938 516.982238769531 518.154968261719
-3.4e+38 -3.4e+38 -3.4e+38 -3.4e+38 -3.4e+38 -3.4e+38 -3.4e+38 -3.4e+38 -3.4e+38 -3.4e+38 -3.4e+38 -3.4e+38 -3.4e+38 -3.4e+38 -3.4e+38 -3.4e+38 256.422607421875 273.757476806641 292.072875976562 300.915832519531 294.149963378906 292.925628662109 301.056579589844 275.509429931641 256.882202148438 250.675964355469 259.998626708984 262.243316650391 271.601379394531 265.951812744141 264.886627197266 276.899963378906 283.280029296875 290.824035644531 323.840789794922 350.256958007812 444.482849121094 503.399536132812 491.54541015625 509.904693603516 573.75439453125 582.50048828125 583.185363769531 586.985900878906 586.760559082031 583.008178710938 483.614654541016 500.217742919922 509.344696044922 512.755737304688 520.330139160156 520.598510742188
-3.4e+38 -3.4e+38 -3.4e+38 -3.4e+38 -3.4e+38 -3.4e+38 -3.4e+38 -3.4e+38 -3.4e+38 -3.4e+38 -3.4e+38 -3.4e+38 -3.4e+38 -3.4e+38 -3.4e+38 241.736404418945 255.423706054688 269.797088623047 289.347259521484 293.579925537109 286.91845703125 290.434631347656 270.891326904297 296.593658447266 260.294158935547 257.282012939453 257.751190185547 263.961456298828 270.489074707031 267.470977783203 270.770416259766 282.251800537109 284.307708740234 290.410034179688 303.725952148438 313.655059814453 411.551086425781 556.075012207031 533.669128417969 503.608184814453 580.339538574219 592.347045898438 594.863891601562 594.500854492188 596.438293457031 582.013122558594 465.634429931641 485.368560791016 515.169860839844 514.444885253906 523.258422851562 523.04248046875
-3.4e+38 -3.4e+38 -3.4e+38 -3.4e+38 -3.4e+38 -3.4e+38 -3.4e+38 -3.4e+38 -3.4e+38 -3.4e+38 -3.4e+38 -3.4e+38 -3.4e+38 -3.4e+38 -3.4e+38 245.422546386719 254.712112426758 265.3193359375 288.840240478516 286.537628173828 283.8017578125 279.3916015625 257.977996826172 262.115631103516 268.278594970703 253.938613891602 258.365966796875 270.81201171875 274.192810058594 275.071136474609 277.560913085938 287.688049316406 291.308013916016 319.344879150391 316.310699462891 326.810516357422 414.0595703125 544.099670410156 566.120361328125 555.966186523438 581.450805664062 594.388305664062 600.923889160156 601.0302734375 598.047485351562 580.453308105469 451.297973632812 478.007415771484 525.158874511719 513.546325683594 509.105224609375 514.825378417969
-3.4e+38 -3.4e+38 -3.4e+38 -3.4e+38 -3.4e+38 -3.4e+38 -3.4e+38 -3.4e+38 -3.4e+38 -3.4e+38 -3.4e+38 -3.4e+38 -3.4e+38 -3.4e+38 -3.4e+38 243.273361206055 253.070159912109 261.432830810547 277.858764648438 278.320343017578 281.339050292969 275.017578125 252.65087890625 257.213714599609 253.326843261719 254.162872314453 272.483306884766 278.865386962891 283.050201416016 278.776184082031 279.054962158203 292.820526123047 339.514221191406 350.840667724609 377.950134277344 353.251739501953 402.274108886719 538.153381347656 570.672302246094 573.389587402344 549.309143066406 577.922119140625 602.443359375 604.28271484375 598.68994140625 567.973083496094 427.612884521484 493.474670410156 544.097839355469 511.825836181641 507.238403320312 516.845336914062
-3.4e+38 -3.4e+38 -3.4e+38 -3.4e+38 -3.4e+38 -3.4e+38 -3.4e+38 -3.4e+38 -3.4e+38 -3.4e+38 -3.4e+38 -3.4e+38 -3.4e+38 -3.4e+38 -3.4e+38 241.384262084961 250.486389160156 260.932342529297 271.126281738281 275.258209228516 278.546752929688 271.371337890625 255.459579467773 264.048370361328 255.987945556641 265.443786621094 278.428497314453 282.272644042969 289.406402587891 284.826202392578 292.571990966797 335.778076171875 415.517700195312 418.691741943359 451.060760498047 346.22119140625 394.679443359375 506.333892822266 561.611022949219 540.612182617188 459.613800048828 547.583618164062 589.714721679688 597.200378417969 589.490417480469 509.656890869141 486.545684814453 547.108215332031 556.618225097656 515.979858398438 518.549499511719 526.258361816406
