data/layers/Current/bio4.asc
NCOLS 494 
NROWS 529 
XLLCORNER -117.166666666667 
YLLCORNER -55.5 
CELLSIZE 0.166666666666667 
NODATA_value -3.4e+38 
[rows 207 to 229 of 529, columns 312 to 363 of 494]
26.6729717254639 26.2097702026367 25.8423805236816 26.0400695800781 25.9738121032715 25.7650375366211 25.6484222412109 25.6450748443604 26.1136302947998 25.7737674713135 25.8070850372314 26.3056335449219 27.0727405548096 27.4344062805176 27.3815402984619 27.3260059356689 27.6877307891846 28.4015731811523 28.9141883850098 28.895227432251 29.4330234527588 30.6176738739014 32.5174407958984 33.7044448852539 34.5964622497559 36.0688362121582 37.4451942443848 39.4837493896484 41.1589393615723 42.9509963989258 45.2937164306641 46.3297424316406 48.0673866271973 51.0900039672852 51.7392845153809 51.4047966003418 52.4845390319824 53.5491104125977 55.2159233093262 56.2826957702637 57.127742767334 58.1001968383789 59.073787689209 60.1324272155762 61.1072731018066 61.8476791381836 62.5698089599609 63.1683158874512 64.3351287841797 65.7724609375 66.0044708251953 66.5671310424805
26.1136093139648 25.5266494750977 25.7415027618408 25.6277313232422 25.3785953521729 24.8917598724365 25.1048278808594 25.7205581665039 25.8677558898926 25.7687473297119 25.8283748626709 25.305835723877 25.7360954284668 26.1731777191162 26.4560794830322 26.8940410614014 27.2215061187744 27.684871673584 28.1384944915771 28.5895290374756 29.2895202636719 30.2024097442627 31.3737449645996 33.6056632995605 34.8997535705566 36.0039215087891 37.6623992919922 39.3482894897461 41.1993827819824 43.0160713195801 44.7515487670898 46.1350135803223 47.7610893249512 49.1400451660156 50.4398498535156 51.9860458374023 53.4359588623047 54.3315849304199 55.3982238769531 56.925121307373 57.8070220947266 58.7837295532227 60.0811614990234 60.7517127990723 61.1860389709473 62.130973815918 62.7563209533691 63.702320098877 64.9408493041992 66.4313812255859 68.3765869140625 69.512809753418
25.2069606781006 25.0661182403564 24.9541721343994 25.2799301147461 24.820987701416 24.5904636383057 24.4709892272949 24.5609760284424 24.9047451019287 25.2160396575928 24.9650020599365 25.0880336761475 25.3041687011719 25.6860046386719 26.4535732269287 26.9031753540039 27.0594253540039 27.2236042022705 27.7733669281006 28.4099559783936 29.2323207855225 30.3910388946533 31.5746994018555 33.0618438720703 35.5307922363281 36.1668586730957 37.7791938781738 39.9288864135742 41.7006912231445 43.0053367614746 44.913459777832 46.7274322509766 48.0541915893555 49.6742172241211 51.1611099243164 52.2216377258301 53.5737190246582 54.6873779296875 55.7696380615234 57.3865394592285 58.2028541564941 59.1745262145996 60.3144683837891 60.9597473144531 62.0176010131836 62.7398109436035 63.3097648620605 64.3968658447266 65.5352020263672 67.0856323242188 68.9237213134766 69.92529296875
25.0108642578125 25.2786140441895 24.3180732727051 24.5601596832275 24.3849296569824 24.3671340942383 24.4823551177979 24.9009456634521 25.3421421051025 24.8961582183838 24.4382381439209 25.346866607666 25.5907592773438 25.9726848602295 26.4276428222656 26.7554531097412 26.7598209381104 26.6499633789062 27.5520915985107 28.1257228851318 29.1027488708496 30.147180557251 31.726734161377 33.2084770202637 35.5294189453125 36.6779365539551 38.2521171569824 39.9004974365234 41.8487358093262 43.4160804748535 45.4455947875977 47.4126815795898 48.9406967163086 49.9622840881348 51.1789245605469 52.3843460083008 53.5180702209473 54.9370994567871 56.1549186706543 57.510913848877 58.7880401611328 59.9232330322266 60.176139831543 61.7900352478027 62.9346199035645 64.7317962646484 65.4305725097656 65.9190673828125 67.34814453125 67.5511474609375 68.1758346557617 68.7309265136719
23.4505710601807 23.7263584136963 24.3399829864502 24.0930194854736 23.8698196411133 24.206521987915 23.9288578033447 24.5280227661133 24.3959541320801 24.9411697387695 25.1443119049072 25.4350566864014 25.6598224639893 26.0674934387207 26.1934413909912 26.7045803070068 26.7052192687988 26.8023624420166 27.4409122467041 28.4186477661133 29.2033710479736 30.0351486206055 31.7050743103027 33.0822830200195 35.1483612060547 38.0803298950195 39.0304794311523 39.9683418273926 42.0687980651855 43.9556922912598 45.9314804077148 47.4463272094727 49.0021171569824 50.1114807128906 50.9012260437012 52.4530334472656 53.6548233032227 54.762866973877 56.2251586914062 57.25634765625 58.544864654541 59.9631156921387 61.4324226379395 62.884464263916 63.9495697021484 63.1893692016602 63.617618560791 66.4092864990234 67.2102966308594 68.1272125244141 68.7221069335938 68.7226333618164
23.9597129821777 23.6822357177734 23.2662811279297 23.809009552002 23.7444744110107 24.1519374847412 24.6073055267334 24.6308040618896 25.2175731658936 25.3325386047363 25.235071182251 25.404598236084 26.0329551696777 26.2721538543701 25.8698101043701 26.4022541046143 26.8468227386475 26.9627723693848 27.735258102417 28.5308151245117 29.2108421325684 29.8003921508789 31.2742214202881 33.1777114868164 34.8070030212402 36.8502998352051 39.2264404296875 40.8730125427246 42.1066703796387 44.8017730712891 46.9635887145996 48.2318801879883 49.1241874694824 50.4089393615723 51.5466232299805 52.7036285400391 53.636344909668 54.5428657531738 55.7426452636719 57.012092590332 58.4380378723145 60.6566696166992 61.6171913146973 61.3980865478516 61.1027603149414 62.3113861083984 64.2202224731445 65.6391220092773 67.3955764770508 68.1832275390625 69.0044555664062 68.0265274047852
25.0791664123535 23.2992343902588 23.4712581634521 23.4266204833984 23.9589748382568 24.2994861602783 24.5975208282471 24.478910446167 25.0108470916748 25.6054611206055 26.227424621582 25.5647945404053 25.9146366119385 25.8512725830078 26.2159519195557 26.5805912017822 27.2673892974854 27.2977905273438 27.6146240234375 27.9790000915527 28.8014106750488 29.8546199798584 31.1863384246826 33.0121841430664 34.6836433410645 36.5148506164551 38.9794845581055 42.6387252807617 43.0734519958496 44.982593536377 47.736213684082 49.0238342285156 49.4513969421387 50.2555389404297 51.8843231201172 53.0762748718262 53.9774436950684 54.8284530639648 55.883861541748 56.7625999450684 60.0721893310547 62.8343200683594 60.2998046875 58.6731948852539 60.4934501647949 62.6207389831543 63.6946754455566 64.8235702514648 66.5544281005859 67.2462768554688 68.4501571655273 67.078857421875
26.8280467987061 25.7103118896484 24.6729297637939 23.8438053131104 23.3376979827881 24.0120410919189 24.9448680877686 24.6686153411865 25.4395332336426 26.1205348968506 26.9997100830078 26.6188297271729 26.1794147491455 26.3460445404053 26.7082958221436 27.0811080932617 27.9829349517822 27.9104900360107 28.2946872711182 28.6776752471924 29.2655181884766 30.2915000915527 31.7994842529297 32.4475784301758 34.7370071411133 36.6301155090332 38.984302520752 41.3744697570801 44.0255813598633 46.3466300964355 50.3066749572754 52.3582000732422 51.3726844787598 51.5651245117188 52.5438575744629 54.1090698242188 54.44140625 54.7918014526367 56.1271667480469 56.6867942810059 59.5504188537598 60.0986404418945 59.0975189208984 59.9515686035156 60.9785118103027 62.2648010253906 62.8933715820312 64.1332626342773 64.859504699707 65.6486968994141 65.8019943237305 66.0728225708008
26.7531337738037 26.3314933776855 27.5894985198975 25.803955078125 24.4320659637451 23.4869537353516 24.8208198547363 25.4575328826904 25.1470222473145 26.0702934265137 26.9771499633789 27.3320121765137 26.3595275878906 26.4607124328613 26.6396465301514 26.8970985412598 27.8565940856934 28.1048316955566 28.4436225891113 28.7649765014648 29.3431911468506 30.0662956237793 31.1860637664795 32.953426361084 33.804027557373 35.9148712158203 39.9193496704102 41.898998260498 42.9753379821777 46.3573188781738 49.1442527770996 49.8540687561035 49.3278045654297 50.8806381225586 52.9126815795898 53.9161148071289 55.1212692260742 55.9348945617676 55.742115020752 56.972412109375 58.2488212585449 58.1371002197266 58.3878631591797 59.4537010192871 61.0967559814453 61.5080108642578 61.5694732666016 63.0504455566406 63.8406715393066 63.8952903747559 64.2753753662109 64.4766616821289
26.6967144012451 26.9825134277344 28.2000102996826 27.3000469207764 25.4800567626953 23.9488658905029 24.6492004394531 25.6490859985352 25.3790855407715 26.517541885376 26.7184677124023 27.215892791748 27.0935325622559 26.8825378417969 26.4526653289795 27.1067447662354 27.780424118042 28.0317802429199 27.6553077697754 28.703929901123 29.1612319946289 30.2030239105225 31.6470432281494 31.7636070251465 32.251594543457 34.7737083435059 38.520378112793 40.2305374145508 42.801643371582 45.0613059997559 45.7862205505371 47.7237930297852 49.0048866271973 50.7400741577148 52.3083572387695 53.8359298706055 55.3901519775391 55.5174674987793 54.9745864868164 55.553638458252 56.982551574707 56.7571983337402 57.2846832275391 58.5002326965332 60.7929840087891 60.7244682312012 60.8722877502441 61.7250633239746 62.2360687255859 62.9804267883301 63.0195846557617 62.6523208618164
26.5527248382568 27.0659999847412 26.8951778411865 26.5783653259277 26.7475509643555 25.4830875396729 23.8506660461426 24.7946891784668 25.1951179504395 26.8479080200195 27.4137687683105 27.9745750427246 27.6180419921875 26.5720653533936 26.1798114776611 25.9477996826172 26.613639831543 27.5384330749512 28.0081462860107 28.610179901123 29.0272521972656 30.1340885162354 31.8254528045654 33.4909133911133 34.6422653198242 36.4115753173828 37.8173942565918 39.3359680175781 41.7253494262695 44.1288795471191 45.4364929199219 46.9217414855957 48.5795249938965 49.3960189819336 51.184886932373 52.7277297973633 53.9834899902344 53.6476287841797 53.2042579650879 55.3108406066895 55.9437599182129 56.1506729125977 57.1142044067383 58.5884857177734 59.508716583252 60.7378692626953 60.3564682006836 60.8735809326172 61.3660125732422 61.9368705749512 62.1980133056641 61.7337799072266
26.9959812164307 26.642391204834 27.0016288757324 26.7824802398682 26.3142642974854 26.6017017364502 26.4342937469482 25.8144340515137 25.2390995025635 26.0035743713379 27.7502346038818 28.2751159667969 28.1500034332275 27.5961875915527 27.8275165557861 26.9646492004395 27.838171005249 27.8620986938477 27.9075412750244 27.8896541595459 28.5132331848145 30.4411640167236 30.8774757385254 33.4066047668457 34.368522644043 35.7616539001465 37.4283256530762 39.4415283203125 41.4556884765625 43.2446937561035 45.056224822998 46.2503852844238 47.5441055297852 48.9008102416992 50.470027923584 51.0858993530273 52.8104934692383 52.1248397827148 53.3669166564941 53.924259185791 54.788272857666 55.6496391296387 56.0692749023438 57.2240982055664 57.4769248962402 59.1965751647949 59.9339447021484 60.2467269897461 60.2896270751953 60.6456718444824 61.0327339172363 60.5372123718262
27.2695426940918 27.1507129669189 27.0659370422363 26.9594192504883 26.5752239227295 26.6556854248047 26.5844116210938 26.9911785125732 27.1629104614258 28.2808876037598 28.8022594451904 29.288013458252 29.6203784942627 29.8121185302734 29.5829238891602 28.9646987915039 27.0898704528809 26.9964962005615 27.3290500640869 28.8883495330811 29.4435596466064 28.6687870025635 31.0398712158203 32.6465644836426 34.541877746582 35.6396827697754 37.8058929443359 39.4853210449219 41.5187950134277 43.0431213378906 44.149730682373 45.1518020629883 46.6182289123535 47.5513229370117 48.3618202209473 50.2617034912109 51.5740013122559 51.6245956420898 53.2339820861816 53.1068344116211 53.70703125 54.116756439209 54.8008880615234 55.6985244750977 56.6122360229492 57.8092842102051 57.9194641113281 58.3613166809082 58.9218711853027 59.2583961486816 59.7292175292969 59.3874282836914
27.3417778015137 27.5524730682373 26.8943157196045 26.9936389923096 27.1943168640137 26.6765193939209 27.2150630950928 27.0396728515625 26.8771743774414 27.4442806243896 29.6596202850342 30.2407608032227 31.480525970459 30.3654842376709 29.5026626586914 28.0124549865723 27.2029418945312 26.751220703125 26.7773914337158 26.9170722961426 27.4566535949707 29.4738292694092 31.2073154449463 32.1235389709473 34.059627532959 35.201831817627 37.5082130432129 39.228157043457 40.5580711364746 42.1007766723633 43.4618110656738 44.2336730957031 45.8212471008301 46.9906272888184 48.1856842041016 48.5946617126465 50.4442367553711 50.8330993652344 52.7512245178223 52.0461502075195 52.6204643249512 52.8326072692871 53.6052665710449 54.4883460998535 55.5828132629395 56.1296005249023 56.4675788879395 56.7815132141113 57.2064666748047 58.0433006286621 58.2036628723145 58.0318374633789
27.6503372192383 27.2801532745361 27.2742137908936 27.148365020752 26.7406730651855 26.5073356628418 26.8621063232422 26.4733943939209 26.6168022155762 27.5293140411377 28.7581443786621 29.2315216064453 29.7551326751709 29.6726398468018 29.1043605804443 28.3618240356445 27.6017532348633 26.7843055725098 26.2901020050049 27.715503692627 28.5104198455811 29.8318901062012 31.0002269744873 32.0890350341797 33.779109954834 35.142520904541 36.4169540405273 38.3616218566895 39.9408912658691 41.6154518127441 42.8095741271973 43.6174545288086 45.1598930358887 46.1834907531738 47.7242584228516 48.9419250488281 48.7179527282715 49.1513595581055 50.6765556335449 51.4243965148926 51.6054039001465 51.8197135925293 52.8712005615234 53.3772850036621 54.0044288635254 54.7828521728516 54.944450378418 55.2574768066406 55.6027336120605 56.0979042053223 56.7844352722168 56.6021575927734
27.4994850158691 26.9972038269043 27.0253295898438 26.9648857116699 26.897834777832 27.0693511962891 26.5971717834473 27.0823516845703 27.1184558868408 27.3667144775391 28.4809837341309 28.4072933197021 28.4308052062988 28.7862701416016 28.6228141784668 28.0327892303467 27.3418579101562 27.7188243865967 29.1643085479736 27.6549682617188 28.8585224151611 29.9175262451172 30.6837005615234 32.2448616027832 33.4146156311035 35.1417274475098 36.61572265625 38.313648223877 39.265926361084 40.1542015075684 41.8922729492188 42.8231086730957 44.2158813476562 44.7645988464355 45.4998321533203 47.2800979614258 47.5484428405762 48.1443328857422 49.1788711547852 50.0036582946777 50.5225028991699 51.0598793029785 51.6571235656738 52.2470207214355 52.7665596008301 53.2821083068848 53.6948471069336 53.9571723937988 54.3534164428711 54.9571762084961 55.528018951416 56.0987319946289
27.292272567749 27.0099220275879 26.9685363769531 26.9258823394775 26.8872928619385 26.9883728027344 27.179759979248 27.4754905700684 27.5235538482666 27.3719081878662 27.5255451202393 27.874174118042 27.9858016967773 28.31614112854 27.9121894836426 27.8177509307861 27.4225044250488 27.4786891937256 27.6008586883545 28.0194206237793 28.8558521270752 29.8767910003662 30.7403430938721 32.1175117492676 33.3569107055664 34.6304054260254 36.3069534301758 37.5136070251465 38.7926254272461 39.3650588989258 40.6179389953613 42.1171455383301 42.6729354858398 44.1908302307129 45.050178527832 46.0217475891113 46.9897537231445 47.1734580993652 48.3935852050781 48.6641731262207 49.0668449401855 49.5611839294434 50.4002914428711 51.0372543334961 51.3209762573242 51.9666442871094 52.2815475463867 52.7901191711426 53.2428741455078 53.9368095397949 54.2118873596191 54.7751770019531
27.4547901153564 27.3689746856689 27.5515365600586 27.1357288360596 26.8929424285889 27.455738067627 27.6780948638916 26.8948040008545 27.222318649292 28.0165863037109 28.2976856231689 28.9128837585449 28.3432216644287 28.0337600708008 27.5766162872314 27.1418399810791 26.8438014984131 27.3366088867188 27.6139183044434 28.5675430297852 28.9734382629395 30.046724319458 30.6550159454346 32.061279296875 32.9768753051758 34.6163940429688 35.8822326660156 37.4025726318359 38.4570465087891 39.2868270874023 39.6106071472168 40.8434028625488 41.5185012817383 42.9651107788086 43.828010559082 45.7259330749512 45.6723175048828 46.2545394897461 47.3840141296387 47.7968978881836 48.0499649047852 48.508861541748 49.1934547424316 49.6341285705566 50.1083679199219 50.4419212341309 50.8523979187012 51.5070533752441 51.9159240722656 52.5982055664062 53.1313972473145 54.4485893249512
28.0994243621826 27.4072933197021 27.7824325561523 27.4806594848633 27.3937149047852 27.0640163421631 27.1792297363281 27.2239208221436 27.6319484710693 28.0805397033691 28.1190013885498 28.3205051422119 28.27073097229 27.2288284301758 26.8851566314697 26.923469543457 27.3121795654297 27.1465511322021 28.0984764099121 28.5225772857666 28.9383563995361 30.1389789581299 30.424732208252 31.8620891571045 33.5343360900879 34.9712753295898 35.6445198059082 36.3253936767578 37.3827056884766 38.8265419006348 39.5088005065918 40.0862121582031 41.0568008422852 42.2133560180664 42.9847640991211 44.7247772216797 44.6018524169922 45.1907234191895 45.8143844604492 46.4553604125977 47.0691223144531 47.5104522705078 47.8032608032227 48.4982528686523 48.7369728088379 48.9349136352539 49.3891944885254 50.0473136901855 50.553539276123 50.7692832946777 51.7531585693359 51.2511978149414
28.3230419158936 27.9692287445068 27.6745338439941 27.6127243041992 27.1539974212646 27.6487045288086 27.533748626709 27.6445331573486 27.6222610473633 28.0169563293457 27.3935413360596 27.8688316345215 27.6417369842529 26.7375755310059 26.3217239379883 27.6113452911377 27.7233085632324 27.9255695343018 28.4398670196533 29.1299571990967 29.7682781219482 30.286828994751 30.652515411377 32.1183700561523 33.8728179931641 34.7702903747559 34.7046546936035 35.9103736877441 37.1874580383301 38.0232849121094 38.5774383544922 39.4531517028809 40.3122863769531 41.4090347290039 43.2672538757324 43.242504119873 43.4623908996582 43.954345703125 44.7671737670898 45.3810005187988 45.8581123352051 46.3863067626953 46.6310920715332 47.2370300292969 47.7114601135254 48.1745529174805 48.2479057312012 48.9693260192871 49.2679405212402 49.7692642211914 50.1251335144043 49.505126953125
28.8907585144043 28.2019348144531 28.1233329772949 27.6067810058594 27.4490146636963 27.6764335632324 27.8877353668213 28.0088653564453 28.284984588623 27.7365245819092 27.7366962432861 27.6849460601807 26.2510471343994 26.5873870849609 27.6293239593506 27.612377166748 28.2805461883545 27.9350414276123 28.4646835327148 29.3924617767334 30.0224494934082 30.648307800293 30.9834213256836 32.063362121582 32.9441184997559 34.1591682434082 35.4068489074707 35.4736671447754 37.142391204834 36.9022636413574 37.5120582580566 38.5004272460938 39.7162475585938 40.3776092529297 41.3036499023438 42.3711166381836 42.779712677002 43.1522560119629 43.7124900817871 44.39599609375 44.6948699951172 45.1821174621582 45.3940238952637 45.7503204345703 46.5399932861328 47.0677604675293 47.3182067871094 47.6597213745117 48.0199699401855 49.7639274597168 47.8822402954102 47.7290458679199
29.2332363128662 28.4409046173096 28.5486145019531 27.8616104125977 28.2368907928467 27.4209156036377 27.4633045196533 27.9546184539795 27.6604843139648 28.3824501037598 27.705228805542 26.7985782623291 27.3627853393555 28.0831737518311 28.1312694549561 27.6647472381592 28.1998176574707 28.4307746887207 29.0230846405029 29.322868347168 30.2079467773438 30.7490081787109 31.4945735931396 31.9478702545166 32.7351951599121 33.8980751037598 35.5270652770996 35.4677200317383 36.4453811645508 36.1671409606934 36.9842414855957 37.9668235778809 38.6167221069336 39.6684761047363 40.5503082275391 41.2889022827148 41.8985862731934 42.3065452575684 42.8525619506836 43.1407241821289 43.5249557495117 44.0629043579102 44.5915107727051 44.8299102783203 45.4233818054199 45.9780578613281 46.3501281738281 46.4168090820312 47.5952529907227 47.0356330871582 46.2905120849609 46.4617309570312
29.7523345947266 29.1947422027588 28.7377738952637 28.7326393127441 28.1495380401611 27.9464473724365 28.0321388244629 27.776647567749 27.5916023254395 27.5035610198975 27.9657649993896 27.6861343383789 28.6233100891113 28.5974769592285 28.5491962432861 28.7603359222412 29.03932762146 29.3246383666992 29.4354190826416 30.0181999206543 30.3136196136475 31.1727638244629 31.9478378295898 32.6839332580566 33.7157592773438 34.7483978271484 34.6682891845703 34.6702156066895 35.6976127624512 36.0219459533691 36.3644905090332 37.0440559387207 37.9097290039062 38.5575942993164 39.5469017028809 40.2774391174316 41.129222869873 41.3037986755371 41.8391418457031 42.3730430603027 43.0455436706543 43.3083000183105 43.693717956543 44.0644264221191 44.6247406005859 44.9604034423828 44.880786895752 46.0987319946289 45.8564529418945 45.1095924377441 44.6739654541016 44.8338394165039
