data/layers/Current/bio4.asc
NCOLS 494 
NROWS 529 
XLLCORNER -117.166666666667 
YLLCORNER -55.5 
CELLSIZE 0.166666666666667 
NODATA_value -3.4e+38 
[rows 207 to 229 of 529, columns 260 to 311 of 494]
57.5083351135254 56.7428245544434 56.0097732543945 55.1458396911621 54.3496360778809 53.6451721191406 53.3480186462402 52.3541259765625 51.7228851318359 50.8405265808105 49.780086517334 49.2127723693848 48.4229583740234 47.6935043334961 46.9309501647949 46.170352935791 45.5297660827637 44.2731857299805 43.3139114379883 42.8149490356445 41.9700813293457 41.5361938476562 40.5327835083008 40.014274597168 39.9070358276367 40.1139678955078 40.3244705200195 40.6929512023926 40.0916175842285 39.9944038391113 40.0228576660156 39.4563064575195 39.1299896240234 38.2673645019531 37.7053031921387 37.4249649047852 37.2511596679688 37.1400947570801 36.6137313842773 35.0377655029297 34.758544921875 33.9447288513184 33.5159072875977 32.4567756652832 32.1504211425781 31.5257415771484 30.779691696167 29.6793518066406 27.7531394958496 28.0742664337158 27.5837306976318 27.1208381652832
55.3866577148438 55.1061973571777 54.040210723877 53.4613075256348 53.1164245605469 52.0519142150879 51.4881629943848 51.1578979492188 50.5287475585938 49.712215423584 48.9249725341797 48.2981605529785 48.0993919372559 47.292652130127 46.4818878173828 45.5158576965332 44.6627731323242 43.6960334777832 42.7854843139648 42.1191291809082 41.5690727233887 40.791877746582 39.8483276367188 39.796272277832 39.2491073608398 39.1454658508301 39.7095756530762 39.7869148254395 39.382942199707 39.4668846130371 38.9557647705078 38.7472343444824 38.2267799377441 37.8670120239258 36.9506416320801 36.9021453857422 36.5393142700195 36.0087013244629 35.8287658691406 34.8937950134277 34.2349586486816 33.5862693786621 33.2820320129395 32.0879440307617 30.5529842376709 29.453483581543 28.7439212799072 28.0389804840088 27.4481163024902 26.4080791473389 25.3933601379395 26.2287635803223
53.9150466918945 53.2773475646973 52.6611480712891 52.3141250610352 51.8633193969727 50.4897193908691 50.1007652282715 49.5810470581055 49.2449569702148 48.625171661377 47.8909378051758 47.702392578125 47.2239837646484 46.5778923034668 45.9067077636719 45.1453018188477 44.0359039306641 43.3449287414551 42.4046630859375 41.6188545227051 40.763111114502 39.8683662414551 39.4244194030762 39.2374572753906 38.9753456115723 38.9266777038574 39.2356033325195 39.1968650817871 38.8179626464844 39.0689735412598 38.2700500488281 38.1725540161133 37.7891426086426 37.2183647155762 36.8274917602539 36.4954528808594 36.0485954284668 36.0552215576172 35.123348236084 34.39453125 33.4693489074707 32.9196815490723 32.1697845458984 30.4886150360107 29.758768081665 28.7926769256592 28.2176628112793 27.7691669464111 27.1069297790527 25.4537258148193 24.6982307434082 25.0933094024658
52.4624977111816 51.962287902832 51.0635261535645 50.7290496826172 50.1383628845215 49.5019493103027 49.0339202880859 48.6018333435059 48.0650329589844 47.6421394348145 47.1507682800293 46.6715545654297 46.2550354003906 46.0999794006348 45.2722778320312 44.2979698181152 43.8835411071777 42.825511932373 41.8661956787109 41.3321304321289 40.7703514099121 39.6107597351074 39.2733688354492 39.1831970214844 38.9079475402832 38.4802322387695 38.7635269165039 38.3499221801758 38.4320678710938 38.5642929077148 38.4284934997559 38.1523399353027 37.7745742797852 37.1178207397461 36.9962387084961 36.3067207336426 35.6718978881836 35.4026756286621 34.3554954528809 33.1649513244629 32.2973556518555 31.9013633728027 30.7000789642334 30.4889240264893 29.9223785400391 28.784595489502 27.8128128051758 27.8541774749756 27.0520439147949 25.0418529510498 24.8507442474365 24.4210643768311
50.6572799682617 49.9443321228027 49.488712310791 49.1942672729492 48.735050201416 48.2626571655273 47.8193435668945 47.5468978881836 47.2340888977051 46.9758529663086 46.787410736084 46.0568199157715 45.6691513061523 45.3757209777832 44.6877174377441 43.8685150146484 43.0905990600586 42.1339530944824 41.4552917480469 40.9170036315918 40.2914695739746 39.874698638916 39.2080154418945 38.9288597106934 38.6929206848145 38.5522308349609 38.6323127746582 38.5683403015137 38.441089630127 38.2720108032227 38.5301551818848 38.3622550964355 37.585147857666 36.9799575805664 36.4840316772461 36.0021781921387 35.56787109375 34.6607398986816 33.4911651611328 33.1048049926758 31.5365600585938 30.9424724578857 30.0981597900391 30.0740127563477 29.4352226257324 29.2122077941895 28.6768665313721 27.6225833892822 27.4415988922119 26.0259990692139 26.0551815032959 24.4142246246338
49.592643737793 48.5419960021973 47.8144187927246 47.4397087097168 47.129222869873 47.1941261291504 46.7277984619141 46.7466926574707 46.5201683044434 46.3794212341309 46.0219192504883 45.3246040344238 45.4035034179688 44.7546844482422 44.194149017334 43.5873565673828 42.3394660949707 42.0593681335449 41.1581840515137 40.4913864135742 40.2155952453613 40.0728645324707 39.730110168457 38.7680511474609 38.2571754455566 38.466438293457 38.411075592041 38.2778854370117 38.3837585449219 38.4228553771973 38.1282997131348 37.7911567687988 37.2733383178711 36.8167266845703 36.4288177490234 35.9129943847656 34.928337097168 34.1821899414062 33.3535270690918 31.9525775909424 31.2706184387207 31.0372066497803 31.2322692871094 30.4220390319824 30.1275634765625 29.2823543548584 28.4036540985107 27.1535148620605 27.129222869873 26.7476272583008 26.4432411193848 25.7746429443359
48.0326461791992 47.3063125610352 46.2112274169922 45.7846946716309 45.7291450500488 46.0172462463379 46.3027534484863 46.1342658996582 45.8837127685547 46.0456619262695 45.6059646606445 45.2394180297852 44.8628273010254 44.3634910583496 43.5418243408203 42.758716583252 41.9134674072266 41.498966217041 40.8942794799805 40.2814292907715 39.9904441833496 39.729419708252 39.2778167724609 38.6811866760254 38.581859588623 38.5934715270996 38.5922393798828 38.2248497009277 38.1465950012207 38.0883522033691 37.8351173400879 37.3287086486816 36.7791328430176 36.7589683532715 36.2769355773926 35.1026039123535 34.5401039123535 33.8381462097168 32.8623809814453 32.4918785095215 31.9434242248535 31.7396602630615 31.0942134857178 30.3253288269043 30.1437950134277 29.1571483612061 28.5818748474121 27.8655624389648 27.5503158569336 27.0352573394775 26.5857219696045 26.1020908355713
46.4171867370605 46.0605850219727 45.1012878417969 44.4643669128418 43.7846412658691 44.6161651611328 45.585521697998 46.1845703125 45.9997444152832 45.7383499145508 45.0836601257324 45.2016639709473 44.8273468017578 43.9294242858887 43.2904968261719 42.4563598632812 41.9806022644043 41.1560478210449 40.6640090942383 40.1224250793457 39.7611045837402 39.4543380737305 39.0906753540039 38.8287963867188 38.532772064209 38.6420364379883 38.5447235107422 38.7166633605957 38.264965057373 38.5783195495605 37.8353652954102 37.4137878417969 36.4671821594238 36.4125785827637 35.7999534606934 35.3617286682129 34.2840461730957 33.7789077758789 33.5403060913086 32.5516242980957 32.0447692871094 31.5448913574219 30.7642345428467 30.3361759185791 30.0651149749756 29.2705974578857 28.3877182006836 28.1653938293457 27.6110935211182 27.084285736084 26.5763664245605 26.3943214416504
45.4345703125 44.6554718017578 43.8618316650391 43.4282417297363 43.1218452453613 43.1699028015137 44.8723526000977 45.9642028808594 46.2116394042969 45.7533683776855 44.9659957885742 44.4146957397461 44.1055297851562 43.5288429260254 42.7406120300293 42.2193031311035 41.5692291259766 40.7224884033203 40.4008903503418 40.1254501342773 39.8817443847656 39.3380851745605 39.2025489807129 38.9792900085449 38.7302742004395 38.9775390625 38.7223815917969 38.628849029541 38.2145919799805 38.1072578430176 37.6533355712891 37.276912689209 36.262336730957 35.5589179992676 35.3865089416504 35.1036148071289 33.9883499145508 34.0060729980469 33.3293685913086 32.5635375976562 32.0945510864258 31.7425174713135 30.8727054595947 30.4525909423828 30.0844612121582 29.4957256317139 28.5682201385498 28.3793544769287 28.0694484710693 27.1937446594238 26.6472969055176 26.6826667785645
44.7553825378418 44.288761138916 43.887393951416 43.8681602478027 43.1076507568359 43.2966651916504 44.8327865600586 45.8802070617676 45.833080291748 45.0030975341797 44.1908493041992 44.1542778015137 43.3713607788086 43.3380928039551 42.6929550170898 42.0102195739746 41.5833129882812 41.2090644836426 40.5808410644531 40.3582153320312 40.042652130127 39.2153511047363 38.8355560302734 39.1796188354492 39.5010375976562 39.5854682922363 38.9832038879395 38.1203155517578 38.2675857543945 38.6203269958496 38.5651168823242 37.9498023986816 36.7481880187988 36.2296409606934 35.9580345153809 34.768928527832 34.3312454223633 33.8172302246094 32.9405975341797 32.8589363098145 32.2156524658203 31.29958152771 30.8517990112305 30.7945556640625 30.3035831451416 29.5935306549072 28.7873840332031 28.6375217437744 28.0189418792725 27.3508281707764 27.3102722167969 27.118537902832
44.0674781799316 43.374584197998 43.5346374511719 43.5040740966797 42.5545959472656 44.0450172424316 45.8529930114746 46.2002410888672 45.598934173584 44.9020233154297 45.2163276672363 44.7080574035645 43.4434700012207 43.1226654052734 42.8066291809082 41.9106178283691 41.5727195739746 41.4375076293945 40.7972831726074 40.387020111084 40.2320671081543 39.8379707336426 39.4210586547852 39.5332069396973 40.4716911315918 40.2383155822754 39.556079864502 38.0115547180176 38.2713851928711 38.5352592468262 38.4123725891113 37.6339645385742 36.8144798278809 35.868106842041 35.7026481628418 34.9471855163574 34.5367546081543 33.7823028564453 33.530689239502 33.0426368713379 32.5456085205078 31.624963760376 31.1232051849365 30.7709884643555 30.41796875 29.8472385406494 28.8813953399658 29.1740760803223 28.2023048400879 27.9373588562012 27.5629463195801 26.9810161590576
43.372989654541 43.1631736755371 43.596923828125 42.6517372131348 42.8570518493652 44.2619514465332 45.322639465332 45.4792060852051 45.5650672912598 45.3997268676758 44.8339920043945 44.5397300720215 43.7369499206543 42.8502349853516 42.3579177856445 41.4026031494141 41.5602493286133 41.2833976745605 40.829963684082 40.4281272888184 39.8508987426758 39.9673080444336 39.5364761352539 39.9531707763672 40.2388610839844 39.9997825622559 39.0454559326172 38.5436935424805 38.4208145141602 38.3922538757324 38.1453285217285 37.4160957336426 36.9965286254883 35.735595703125 35.4502220153809 34.928337097168 34.1313514709473 33.9661979675293 33.7286338806152 32.8615684509277 31.9599094390869 31.6991786956787 31.0214748382568 30.5879421234131 30.0468006134033 29.3882503509521 28.6698894500732 28.4782218933105 28.1567001342773 28.1417713165283 27.504373550415 27.0962657928467
42.7641410827637 42.807243347168 42.9866027832031 42.7026100158691 42.604793548584 43.9174041748047 44.6039237976074 44.8555564880371 44.9707870483398 44.6435241699219 44.7378082275391 44.2496757507324 43.9071960449219 43.114200592041 42.9082679748535 42.0933570861816 41.3002052307129 41.1411399841309 41.0765380859375 40.7505950927734 40.5775604248047 40.4356651306152 40.3219032287598 40.0810279846191 39.8769149780273 39.1792030334473 38.6584014892578 37.9040374755859 38.1005401611328 38.5850982666016 37.9327926635742 37.2923736572266 36.8959732055664 36.195629119873 35.5287437438965 35.106388092041 34.2498779296875 34.1981887817383 33.7313957214355 33.1105155944824 31.8020915985107 31.8264064788818 31.0876655578613 30.553409576416 29.650354385376 28.8318061828613 29.0392265319824 28.6525936126709 28.1759223937988 28.2874355316162 27.6153507232666 27.1621570587158
42.188591003418 42.4017105102539 42.3159484863281 42.1313819885254 42.1098556518555 43.5999565124512 44.159538269043 44.5780754089355 44.8432083129883 44.7794570922852 44.5655670166016 43.6901626586914 43.5356178283691 43.0058403015137 42.8329963684082 42.0779838562012 42.1006813049316 42.1241683959961 41.8476104736328 41.4923248291016 41.5082473754883 41.4973526000977 40.8742179870605 41.3111953735352 40.2468299865723 39.5395278930664 38.6528663635254 38.2176856994629 38.5011367797852 38.2784004211426 37.597526550293 37.1719932556152 36.6979637145996 36.4199714660645 35.7268142700195 35.2895812988281 34.8432884216309 34.1019515991211 34.0865821838379 33.4828338623047 32.5825805664062 31.8820266723633 31.4454898834229 30.8948383331299 29.4094753265381 30.0062828063965 29.3314418792725 28.6476039886475 28.443811416626 27.6795101165771 27.7120990753174 27.5391178131104
42.4026870727539 42.4466133117676 41.5618209838867 41.2506942749023 42.225456237793 43.0183639526367 43.6716423034668 44.2102584838867 44.7310371398926 44.5727081298828 44.3662528991699 43.9816513061523 43.6515731811523 43.0182876586914 42.986141204834 42.3915824890137 42.457691192627 42.563793182373 42.3532447814941 42.195629119873 42.0987358093262 42.0993766784668 41.814380645752 41.7589569091797 40.4779205322266 38.4985466003418 38.7458152770996 38.7925148010254 38.5695190429688 38.1649894714355 37.9355430603027 37.4233055114746 37.1974601745605 36.4021377563477 35.9794120788574 35.6595573425293 35.1138458251953 34.4878578186035 34.3708419799805 34.1769981384277 33.1302680969238 32.8580741882324 32.0613174438477 31.0988368988037 30.1629238128662 29.9767608642578 29.5570316314697 28.8080577850342 28.666934967041 28.3401737213135 27.8217601776123 27.7424850463867
42.1256942749023 41.6074333190918 41.591625213623 42.1917343139648 42.7971649169922 43.1998291015625 43.2385482788086 43.6896858215332 43.9510688781738 44.2180709838867 44.2715797424316 43.9999542236328 43.7035179138184 43.6329078674316 43.1749000549316 42.7578125 42.5364456176758 42.5896186828613 42.3866119384766 42.401683807373 42.6684799194336 43.0771522521973 42.8905944824219 41.3483963012695 40.6001396179199 39.875431060791 39.7456436157227 39.4151000976562 38.6791534423828 38.0437545776367 37.9356842041016 37.6339988708496 37.1443367004395 36.5142059326172 36.2207374572754 36.4669532775879 35.8000755310059 35.173942565918 34.5761566162109 34.3754997253418 33.8083877563477 33.2183647155762 32.4277229309082 30.6217918395996 30.9146137237549 30.6526165008545 30.1593532562256 29.4333820343018 28.9192714691162 28.3772602081299 28.1073360443115 28.0699214935303
42.2847671508789 41.8814849853516 42.0571517944336 42.5854911804199 43.1074142456055 43.400764465332 43.4964141845703 43.607551574707 43.559253692627 44.0602531433105 44.2705993652344 43.9889678955078 43.3584213256836 43.2538604736328 42.7154579162598 42.9383773803711 42.6412582397461 42.1806449890137 42.420238494873 42.6479148864746 42.506721496582 42.650089263916 42.5833587646484 41.8278274536133 40.8305473327637 40.3179168701172 40.0577430725098 39.265625 38.7041206359863 38.3159523010254 38.0786590576172 37.7248420715332 37.3124504089355 37.019474029541 36.858959197998 36.5600547790527 36.2387428283691 35.7102088928223 35.2147216796875 35.1130332946777 34.516674041748 33.7445030212402 33.0359725952148 31.5614948272705 31.6127395629883 31.179630279541 30.5306034088135 30.0032253265381 29.5586776733398 29.0537414550781 28.1928005218506 27.9041233062744
43.5563011169434 43.3012351989746 43.1946868896484 43.1500129699707 43.4432792663574 43.4822463989258 43.7200927734375 43.5699119567871 43.6513824462891 43.850715637207 43.9447250366211 43.7480087280273 43.2277717590332 43.364315032959 42.9465179443359 42.8434066772461 42.6638832092285 42.5752296447754 42.7250518798828 42.5614395141602 42.4759521484375 42.8341331481934 42.4802436828613 41.8124732971191 40.9010391235352 40.5412483215332 40.1159782409668 39.7019119262695 38.8610534667969 38.3825607299805 38.2957649230957 38.253345489502 37.9248313903809 37.4491310119629 37.2457313537598 36.9715423583984 36.5430641174316 36.123893737793 35.85986328125 35.3248977661133 35.248046875 34.3317794799805 33.4455718994141 32.7669105529785 32.3867988586426 31.6118202209473 30.6943511962891 30.1746292114258 29.9298362731934 29.3955001831055 28.4909763336182 28.043966293335
42.7111930847168 43.6494903564453 43.4811325073242 43.4407539367676 43.447940826416 43.3899536132812 43.5623931884766 43.7380409240723 44.1180610656738 43.7601470947266 43.7099113464355 43.4772644042969 43.4041786193848 43.321605682373 42.9894943237305 42.8105010986328 42.6606636047363 42.7237243652344 42.7829475402832 42.5596237182617 42.5310668945312 42.3757858276367 42.361457824707 41.607479095459 41.2182846069336 40.559986114502 40.0883026123047 39.6163215637207 38.9587516784668 38.6562385559082 38.7156219482422 38.294563293457 38.2247009277344 37.9436988830566 37.6880493164062 37.526439666748 37.1232872009277 36.4575729370117 36.0047264099121 35.7473449707031 35.7475891113281 35.2970314025879 34.1990394592285 33.5464248657227 32.8161659240723 31.7224349975586 31.4252853393555 30.4725475311279 30.2831134796143 29.4741191864014 28.8095035552979 28.2180347442627
43.4668426513672 43.581428527832 43.3546447753906 43.4627151489258 43.9185905456543 43.955451965332 44.0996971130371 44.0162162780762 44.1514739990234 43.6903190612793 43.6120071411133 43.6214714050293 43.3470764160156 43.021110534668 42.8527183532715 43.0319747924805 42.8421173095703 42.6501235961914 42.4491004943848 42.4264831542969 42.4184684753418 42.1794166564941 42.0659446716309 41.6837768554688 41.2564010620117 40.9565162658691 40.5665016174316 39.8301963806152 39.223819732666 38.8732032775879 38.992748260498 38.8163185119629 38.3174667358398 38.3254089355469 37.7368049621582 37.8795204162598 37.867359161377 37.6499176025391 36.8727111816406 36.2855491638184 35.923225402832 35.6375885009766 34.8650703430176 33.6990928649902 33.0955924987793 32.3912506103516 31.3388023376465 31.0070896148682 30.5101795196533 29.7454414367676 29.11376953125 28.7971382141113
43.3746871948242 43.6156997680664 43.422191619873 43.5870513916016 43.9491348266602 44.1648025512695 43.9422607421875 44.2619094848633 43.9560050964355 43.833911895752 43.6338310241699 43.5271110534668 43.262622833252 43.0680923461914 42.8974990844727 42.6932907104492 42.7128715515137 42.4298515319824 42.553840637207 42.4210624694824 42.0471534729004 42.1461791992188 41.635196685791 41.2491836547852 40.6767578125 40.6696281433105 40.6041603088379 39.9222412109375 39.5669860839844 39.4404220581055 39.2802391052246 38.9661521911621 39.0333709716797 38.6822624206543 38.4116058349609 38.4572868347168 38.4753036499023 38.6098556518555 37.7753944396973 36.8081207275391 36.5481719970703 35.8671417236328 35.0742073059082 34.3179512023926 33.8393859863281 33.0424537658691 31.8425598144531 31.1355247497559 30.6887607574463 30.2757720947266 29.8987731933594 29.3155899047852
42.6989822387695 43.0695610046387 43.2725944519043 43.4839782714844 43.7349662780762 44.2008819580078 44.1971015930176 44.4418334960938 44.4158363342285 44.1926422119141 43.7681694030762 43.6525077819824 43.7355003356934 43.6065559387207 43.2753677368164 43.0612335205078 42.9571647644043 42.4264526367188 42.3655128479004 42.2269477844238 42.3470993041992 41.9884719848633 41.3633880615234 41.1527366638184 41.2007331848145 40.8976516723633 40.7431564331055 40.3531837463379 40.1634750366211 39.8596992492676 39.5458068847656 39.3530616760254 39.5749702453613 39.460994720459 39.2966270446777 38.8047866821289 38.6644859313965 38.7721176147461 37.5945777893066 37.3121376037598 37.2614631652832 36.2404861450195 35.6398162841797 34.7293548583984 34.3872756958008 33.275260925293 32.3591728210449 31.9032688140869 31.1209201812744 30.998218536377 30.1602020263672 29.8601093292236
42.4959297180176 42.8813514709473 43.2533493041992 43.6728134155273 44.1158256530762 44.2362632751465 44.0775451660156 44.1210479736328 44.4579963684082 44.5224838256836 44.3614158630371 44.4536666870117 44.2268295288086 43.6363067626953 43.5459823608398 43.0861701965332 42.3509521484375 42.4276351928711 42.2667121887207 42.1278839111328 42.2578773498535 41.6446647644043 41.1767387390137 41.1277160644531 41.0304145812988 41.1023025512695 40.8597221374512 40.7807159423828 40.9575233459473 40.4629554748535 40.5497055053711 40.3241920471191 40.2670440673828 39.9013748168945 39.5648078918457 39.2567138671875 39.1092834472656 38.6770973205566 38.4428787231445 37.872974395752 37.1669769287109 36.8575172424316 36.2640800476074 35.4952392578125 34.9622039794922 34.1045112609863 33.2497482299805 32.1177825927734 31.5924530029297 31.4311771392822 30.6711368560791 30.2965240478516
