data/layers/Current/bio5.asc
NCOLS 494 
NROWS 529 
XLLCORNER -117.166666666667 
YLLCORNER -55.5 
CELLSIZE 0.166666666666667 
NODATA_value -3.4e+38 
[rows 414 to 436 of 529, columns 260 to 311 of 494]
-3.4e+38 -3.4e+38 -3.4e+38 -3.4e+38 -3.4e+38 23.3017387390137 23.8969993591309 26.1730003356934 27.2192497253418 28.1784992218018 28.7707500457764 28.6087493896484 28.1730003356934 26.8407497406006 23.4402503967285 22.3057498931885 21.5772495269775 22.0227508544922 20.4702491760254 19.4545001983643 17.7837505340576 23.5642509460449 19.6207504272461 20.1652507781982 24.61549949646 27.0144996643066 22.8237495422363 19.0742492675781 21.4794998168945 25.8920001983643 28.0987491607666 28.8937492370605 29.8624992370605 30.6884994506836 31.3792495727539 32.0807495117188 32.565502166748 33.0022506713867 33.4982490539551 34.0542488098145 34.1980018615723 34.1637496948242 34.2205009460449 34.2672500610352 34.1414985656738 34.1092491149902 33.9267501831055 33.4387512207031 33.2527503967285 33.2299995422363 33.2922515869141 33.064998626709
-3.4e+38 -3.4e+38 -3.4e+38 -3.4e+38 21.6448268890381 22.6855297088623 24.2472496032715 25.9587497711182 27.1770000457764 28.4162502288818 28.7532501220703 28.4850006103516 27.5939998626709 25.7847499847412 23.2547492980957 22.2929992675781 22.0475006103516 21.5594997406006 21.1452503204346 20.2194995880127 14.7790002822876 18.9195003509521 23.1672496795654 22.4775009155273 27.5995006561279 26.6984996795654 24.4400005340576 24.4209995269775 27.2407493591309 28.7215003967285 29.2849998474121 29.7439994812012 30.4192504882812 31.0007495880127 31.5795001983643 32.1529998779297 32.6030006408691 32.9939994812012 33.4612503051758 33.9082489013672 34.0622520446777 34.056999206543 34.2897491455078 34.2197494506836 34.1019973754883 33.9604988098145 33.7970008850098 33.5475006103516 33.4305000305176 33.2949981689453 33.1307487487793 33.0429992675781
-3.4e+38 -3.4e+38 -3.4e+38 21.875 23.3596229553223 22.9465961456299 24.2012500762939 25.2910003662109 27.1569995880127 27.9502506256104 27.9877490997314 27.8767490386963 26.3812503814697 23.2102508544922 21.3462505340576 23.2917499542236 21.1735000610352 21.5307502746582 24.8732490539551 21.2557506561279 17.6332492828369 18.2087497711182 23.9549999237061 27.7439994812012 28.681999206543 26.4500007629395 25.0450000762939 25.5687503814697 28.0067501068115 29.3279991149902 29.8902492523193 30.277250289917 30.7122497558594 31.2385005950928 31.7124996185303 32.2605018615723 32.6624984741211 33.1259994506836 33.5735015869141 34.1259994506836 34.0550003051758 33.757251739502 34.1977500915527 34.2327499389648 34.1235008239746 34.1377487182617 33.9505004882812 33.693000793457 33.4877510070801 32.9734992980957 32.8697509765625 32.8759994506836
-3.4e+38 21.41428565979 -3.4e+38 23.5285720825195 22.8917980194092 23.1480007171631 24.1865005493164 25.5084991455078 26.8810005187988 27.3272495269775 27.5757503509521 27.3775005340576 25.3799991607666 23.003999710083 19.7162494659424 20.0284996032715 20.9064998626709 23.7302494049072 25.4242496490479 21.5492496490479 22.2722492218018 19.7897491455078 21.1547508239746 26.2889995574951 27.8910007476807 26.7572498321533 28.4192504882812 27.8412494659424 28.3587493896484 28.714750289917 29.5532493591309 30.1332492828369 30.6294994354248 31.2347507476807 31.8272495269775 32.3904991149902 32.6754989624023 33.1592483520508 33.5595016479492 34.2125015258789 34.215747833252 33.6949996948242 34.1487503051758 34.2927513122559 34.2327499389648 34.1655006408691 34.0777473449707 33.8162498474121 33.548999786377 33.1834983825684 32.6937484741211 32.5094985961914
-3.4e+38 21.597297668457 22.5599994659424 23.1999988555908 22.3774871826172 24.0715007781982 24.773250579834 26.2975006103516 26.8972492218018 27.1865005493164 27.3724994659424 26.8034992218018 24.7767505645752 21.763500213623 21.8745002746582 21.0362491607666 19.7022495269775 21.4549999237061 25.9527492523193 22.0297508239746 25.8902492523193 23.65625 19.5522499084473 25.4527492523193 29.3577499389648 29.976749420166 30.4972496032715 30.4204998016357 29.2927494049072 27.2870006561279 28.9270000457764 30.1177501678467 30.6879997253418 31.2455005645752 31.8362503051758 32.346248626709 32.7727508544922 33.0817489624023 33.4379997253418 33.9882507324219 34.1152496337891 34.0122489929199 33.9977493286133 34.2415008544922 34.1832504272461 34.0719985961914 33.9949989318848 33.8317489624023 33.6199989318848 33.3359985351562 33.0289993286133 32.7037506103516
21 21.225076675415 22.9122447967529 23.3182716369629 21.8110008239746 24.0520000457764 25.5497493743896 26.4375 26.849250793457 27.0389995574951 27.5279998779297 26.9377498626709 24.910249710083 22.3642501831055 21.7382507324219 21.5782508850098 20.7572498321533 22.3032493591309 27.0527496337891 23.8747501373291 27.6592502593994 27.1359996795654 21.2269992828369 24.9340000152588 28.9874992370605 30.6730003356934 29.5787506103516 29.9297504425049 31.0932502746582 30.7747497558594 30.5362491607666 30.3484992980957 30.6632499694824 31.1620006561279 31.7639999389648 32.3067512512207 32.6424980163574 32.7767486572266 33.2317504882812 33.8844985961914 33.9967498779297 33.9707489013672 33.8742485046387 33.9827499389648 33.8882484436035 33.9917488098145 33.9674987792969 33.5427513122559 33.3919982910156 33.1522483825684 32.7714996337891 32.7017478942871
20.9600009918213 21.9342765808105 22.4305000305176 22.3497505187988 21.7884998321533 23.6252498626709 25.5062503814697 26.5037498474121 27.0510005950928 27.0499992370605 26.8347492218018 26.5580005645752 24.6165008544922 22.5202503204346 20.6167507171631 22.6765003204346 21.7277507781982 22.6989994049072 26.3784999847412 26.8612499237061 27.5702495574951 29.0922508239746 27.8932495117188 27.6854991912842 27.4144992828369 28.7952499389648 29.4642505645752 29.9734992980957 30.5157508850098 31.0607490539551 31.2905006408691 31.3297500610352 31.2232494354248 31.2742500305176 31.8987503051758 32.4765014648438 32.7130012512207 32.7589988708496 33.0397491455078 33.7244987487793 33.2882499694824 33.5945014953613 33.9947509765625 33.9697494506836 33.619499206543 33.5755004882812 33.7017478942871 33.4855003356934 33.5772514343262 33.6032485961914 33.3315010070801 32.9114990234375
21.3333339691162 21.8799991607666 22.40625 20.8787498474121 20.2915000915527 22.6420001983643 24.6942501068115 26.6327495574951 27.0592498779297 27.1259994506836 26.9689998626709 26.3075008392334 24.6709995269775 22.38450050354 21.1744995117188 21.425500869751 21.7695007324219 24.0852508544922 24.5214996337891 25.0837497711182 25.0302505493164 27.5699996948242 28.7700004577637 29.0922508239746 27.5867500305176 29.7622509002686 30.6727504730225 29.6207504272461 29.5442504882812 29.1322498321533 29.9850006103516 31.2185001373291 31.8435001373291 32.0007514953613 32.132999420166 32.4162483215332 32.7350006103516 32.690502166748 32.9852485656738 33.2672500610352 33.4114990234375 33.4604988098145 33.7517509460449 33.7992515563965 33.8667488098145 33.6674995422363 33.677001953125 33.7032508850098 33.7147483825684 33.6857490539551 33.5222511291504 32.9272499084473
-3.4e+38 22.3552551269531 23.2527503967285 21.293249130249 19.0879993438721 20.6597499847412 23.5752506256104 26.4522495269775 26.5932502746582 26.7154998779297 26.5032501220703 26.2185001373291 25.5839996337891 22.5532493591309 23.2087497711182 22.1822509765625 21.7182502746582 22.5874996185303 25.4670009613037 26.119499206543 25.0917491912842 27.5037498474121 29.2252502441406 29.4080009460449 27.9225006103516 29.2255001068115 30.9802494049072 30.2342491149902 28.8057498931885 25.9564990997314 28.4529991149902 30.5807495117188 31.6685009002686 32.0792503356934 32.3097496032715 32.4625015258789 32.5217514038086 32.8337516784668 33.0372505187988 33.1907501220703 33.3372497558594 33.4727516174316 33.5595016479492 33.5772514343262 33.8757514953613 33.8067512512207 33.4104995727539 33.555248260498 33.5452499389648 33.541748046875 33.4467506408691 33.1257514953613
-3.4e+38 23.1469383239746 23.4546146392822 22.474250793457 21.3915004730225 23.2482509613037 24.9589996337891 25.8717498779297 25.8562507629395 25.7350006103516 25.2959995269775 23.7700004577637 22.9297504425049 23.6180000305176 20.9392509460449 21.494499206543 20.8034992218018 22.4277496337891 26.1704998016357 27.0497493743896 25.6212501525879 26.8352508544922 27.8050003051758 29.7642498016357 28.9589996337891 27.6315002441406 30.2137508392334 31.6494998931885 31.60325050354 31.0249996185303 30.4367504119873 31.5590000152588 31.7257499694824 32.2309989929199 32.7014999389648 32.8137512207031 32.5139999389648 32.8365020751953 32.9260025024414 33.0262489318848 33.2612495422363 33.4132499694824 33.4965019226074 33.6542510986328 33.7957496643066 33.7775001525879 33.7060012817383 33.2532501220703 33.2387504577637 33.0750007629395 33.2330017089844 33.2724990844727
-3.4e+38 -3.4e+38 23.6795921325684 22.535249710083 23.0895004272461 25.6402492523193 25.7194995880127 25.1450004577637 24.9712505340576 24.8299999237061 24.3487491607666 23.8112506866455 22.7482490539551 22.210750579834 23.9820003509521 22.863000869751 20.7632503509521 21.4829998016357 26.2399997711182 27.2105007171631 26.1685009002686 27.6807498931885 28.7880001068115 29.3257503509521 29.7870006561279 27.4699993133545 28.7604999542236 31.113000869751 32.6619987487793 32.9029998779297 32.6347503662109 32.2729988098145 31.5902500152588 31.8610000610352 32.3639984130859 32.8139991760254 32.7825012207031 32.9617500305176 33.1007499694824 32.7760009765625 33.0627517700195 33.4127502441406 33.5272483825684 33.6717491149902 33.6749992370605 33.5847511291504 33.5154991149902 33.0317497253418 32.9555015563965 32.997501373291 33.2610015869141 33.4659996032715
-3.4e+38 21.7363624572754 22.4301681518555 22.3707504272461 22.0072498321533 24.2957496643066 25.0702495574951 25.19700050354 25.1252498626709 24.7847499847412 24.0709991455078 22.9487495422363 21.3752498626709 21.8047504425049 22.2582492828369 23.09375 21.3374996185303 20.9447498321533 25.15625 27.5480003356934 25.9349994659424 27.0494995117188 28.6787490844727 29.6900005340576 29.8199996948242 28.0189990997314 28.2162494659424 30.3262500762939 32.1554985046387 32.0037498474121 31.861499786377 31.6152496337891 30.5230007171631 30.7377490997314 31.1102504730225 31.7875003814697 32.5849990844727 31.7457504272461 32.2439994812012 32.1237487792969 33.1087493896484 33.4425010681152 33.4307518005371 33.3844985961914 33.4922485351562 33.4140014648438 32.6035003662109 33.3634986877441 33.4965019226074 33.3530006408691 33.1692504882812 33.055248260498
-3.4e+38 21.3673915863037 21.38596534729 21.3110008239746 21.9570007324219 24.3022499084473 25.0149993896484 24.8777503967285 25.0314998626709 24.8202495574951 24.4745006561279 24.4477500915527 22.9847507476807 21.6375007629395 22.2304992675781 25.0755004882812 21.7824993133545 20.9097499847412 25.1872501373291 28.3562507629395 27.980749130249 27.710750579834 28.8827495574951 29.4750003814697 29.4147491455078 29.2280006408691 28.7919998168945 30.464750289917 30.9115009307861 30.3682498931885 30.0792503356934 31.0675010681152 31.1014995574951 31.1012496948242 31.2807502746582 31.4097499847412 31.7062492370605 31.994499206543 32.3935012817383 32.8924980163574 33.1362495422363 33.2405014038086 33.1192512512207 33.3040008544922 33.4869995117188 33.555248260498 33.5 33.3742485046387 33.46875 33.4267501831055 33.2217483520508 33.2835006713867
-3.4e+38 21.588888168335 21.2492275238037 21.2584991455078 21.7395000457764 24.3412494659424 24.8819999694824 23.6280002593994 24.8064994812012 24.786750793457 24.1972503662109 22.6905002593994 22.6402492523193 20.9427490234375 21.8712501525879 23.4235000610352 24.1712493896484 20.9575004577637 23.4757499694824 27.3400001525879 28.4790000915527 27.9409999847412 27.6895008087158 28.8607501983643 29.6889991760254 29.4637508392334 29.5354995727539 29.6027507781982 29.8365001678467 29.2150001525879 28.6410007476807 29.2124996185303 30.556999206543 31.4244995117188 31.6679992675781 31.6927490234375 31.9302501678467 32.1580009460449 32.1134986877441 32.359748840332 32.8247489929199 33.1462516784668 33.2092514038086 33.117000579834 33.3487510681152 33.4860000610352 33.5694999694824 33.5612487792969 33.4312515258789 33.4220008850098 33.5074996948242 33.4182510375977
-3.4e+38 -3.4e+38 23.0225944519043 23.3952503204346 24.1299991607666 24.7182502746582 24.7527503967285 24.4307498931885 24.5580005645752 24.3955001831055 23.5014991760254 22.4204998016357 20.9099998474121 22.1662502288818 21.1439990997314 23.1814994812012 23.8595008850098 21.8355007171631 20.5645008087158 23.2327499389648 26.2702503204346 27.0347499847412 28.1307506561279 28.3757495880127 28.9895000457764 29.0527496337891 28.9652500152588 29.2262496948242 29.5522499084473 29.3067493438721 29.4002494812012 30.742000579834 31.3807506561279 31.4220008850098 31.0485000610352 31.3664989471436 31.8702507019043 32.0162506103516 32.3079986572266 32.197998046875 32.4267501831055 32.9189987182617 33.2379989624023 33.1717491149902 33.0562515258789 33.0219993591309 33.0299987792969 33.119499206543 33.158748626709 33.1660003662109 33.2032508850098 33.361499786377
-3.4e+38 -3.4e+38 22.9298248291016 23.1989841461182 23.2377510070801 24.1197509765625 24.3062496185303 24.3197498321533 24.4602508544922 24.2005004882812 23.8115005493164 22.9634990692139 22.9087505340576 21.6302509307861 20.9260005950928 21.9257507324219 23.6232509613037 23.0922508239746 21.6267490386963 21.9262504577637 25.0030002593994 26.0669994354248 27.0594997406006 27.8600006103516 28.40625 28.0747509002686 28.074499130249 28.79075050354 29.4087505340576 29.7220001220703 30.496000289917 30.4085006713867 31.2430000305176 31.3122501373291 31.0890007019043 31.3447494506836 31.5974998474121 31.7740001678467 31.9692497253418 32.2952499389648 32.3279991149902 32.4657516479492 32.6892509460449 32.8932495117188 32.8367500305176 32.838249206543 32.9560012817383 33.0654983520508 32.9267501831055 32.851749420166 32.888500213623 32.9282493591309
-3.4e+38 -3.4e+38 -3.4e+38 23.1491222381592 23.24049949646 23.1644992828369 23.4772491455078 24.0452499389648 24.1382503509521 23.6615009307861 23.1552505493164 22.0655002593994 21.8697509765625 20.5142498016357 20.7310009002686 20.9327507019043 23.1377506256104 24.4179992675781 20.8537502288818 20.5267505645752 24.1625003814697 25.3575000762939 26.5114994049072 27.2269992828369 26.773250579834 27.6812496185303 27.7597503662109 28.6262493133545 29.3129997253418 30.0227508544922 30.644250869751 30.6387500762939 30.8077507019043 31.1590003967285 31.2742500305176 31.5349998474121 31.3924999237061 31.1897506713867 31.4524993896484 31.4272499084473 31.6502494812012 32.1539993286133 32.3995018005371 32.6332511901855 32.7080001831055 32.5922508239746 32.5707511901855 32.7210006713867 32.7750015258789 32.8677520751953 32.9147491455078 32.9382514953613
-3.4e+38 -3.4e+38 -3.4e+38 22.7839508056641 22.1315002441406 21.7592506408691 22.4589996337891 23.1307506561279 23.5292491912842 23.5797500610352 23.4265003204346 22.7762508392334 22.8764991760254 21.3535003662109 20.9759998321533 19.742000579834 21.1849994659424 24.5774993896484 21.455249786377 22.8024997711182 24.0927505493164 25.6877498626709 27.1630001068115 27.2670001983643 28.3355007171631 28.6917495727539 28.4652500152588 28.2377490997314 28.4317493438721 29.0967502593994 29.4772491455078 29.7320003509521 29.7017498016357 29.5470008850098 30.2779998779297 30.8417491912842 31.4642505645752 31.6047496795654 31.5107498168945 31.6504993438721 31.7847499847412 32.0157508850098 32.319751739502 32.445499420166 32.5405006408691 32.5327491760254 32.3727493286133 32.403751373291 32.1279983520508 32.6419982910156 32.7784996032715 32.7967491149902
-3.4e+38 -3.4e+38 -3.4e+38 21.6921424865723 21.3455009460449 22.0224990844727 22.6297492980957 22.6717491149902 22.7614994049072 22.6672496795654 22.2089996337891 19.548999786377 21.3754997253418 22.4775009155273 20.7679996490479 20.7687492370605 22.7070007324219 23.8217506408691 22.8525009155273 24.02174949646 24.867000579834 25.8607501983643 27.5764999389648 28.4082508087158 28.8747501373291 29.2320003509521 29.13450050354 29.1517505645752 28.4137496948242 27.8087501525879 28.5907497406006 28.7707500457764 28.0125007629395 28.7709999084473 29.5307502746582 30.6857509613037 30.9222507476807 31.6542491912842 32.195499420166 31.8889999389648 31.7700004577637 31.9607486724854 32.0772514343262 32.2172508239746 32.3007507324219 32.3525009155273 32.3827514648438 32.5834999084473 31.9507503509521 31.8602504730225 32.3907508850098 32.341251373291
-3.4e+38 -3.4e+38 20.2142848968506 20.5732669830322 22.4375 22.8379993438721 21.8544998168945 21.8027496337891 22.9692497253418 23.2334995269775 22.0527496337891 21.4717502593994 19.3187503814697 19.1862506866455 20.5189990997314 21.4347496032715 22.0932502746582 23.5270004272461 23.5442504882812 25.3094997406006 25.1257495880127 26.34375 27.2942504882812 28.1422500610352 28.599250793457 29.1319999694824 29.3822498321533 28.09375 27.9047508239746 29.2325000762939 29.6224994659424 28.0160007476807 28.1340007781982 29.1202507019043 29.7264995574951 30.10325050354 30.5634994506836 31.3635005950928 31.9125003814697 32.4949989318848 32.5794982910156 32.3567504882812 32.070499420166 31.9459991455078 32.0620002746582 32.1477508544922 32.2407493591309 32.3660011291504 32.5322494506836 32.4317512512207 32.111499786377 32.1742515563965
-3.4e+38 -3.4e+38 20.126895904541 21.2630004882812 22.089750289917 22.6717491149902 22.5825004577637 22.3117504119873 22.2900009155273 21.4724998474121 21.2604999542236 21.9122505187988 20.099250793457 20.144250869751 19.6159992218018 22.2532501220703 24.0527496337891 24.6595001220703 24.7937507629395 25.60325050354 25.1472492218018 25.4812507629395 27.3752498626709 28.2269992828369 28.6917495727539 28.9442501068115 29.1354999542236 28.7627506256104 28.681999206543 29.0562496185303 29.2102508544922 28.1784992218018 28.3972492218018 29.117000579834 29.5737495422363 30.0822505950928 30.5804996490479 31.2422504425049 31.7154998779297 31.933500289917 32.3125 32.5452499389648 32.463249206543 31.7180004119873 31.753999710083 31.8904991149902 31.9192504882812 31.8924999237061 32.0382499694824 32.2280006408691 32.0602493286133 32.0045013427734
18.9857139587402 19.1823139190674 19.5107841491699 20.8911609649658 20.9395008087158 20.9330005645752 22.6547508239746 22.6959991455078 20.6585006713867 20.3624992370605 19.8540000915527 20.6030006408691 19.8880004882812 19.2204990386963 19.1544990539551 22.418249130249 24.4354991912842 24.9937496185303 25.1459999084473 24.4650001525879 25.8610000610352 26.0752506256104 27.5009994506836 28.3889999389648 28.1005001068115 28.2189998626709 28.1070003509521 27.7402496337891 27.8312492370605 28.1310005187988 28.4039993286133 27.4529991149902 28.0114994049072 28.6902503967285 29.257999420166 29.4992504119873 29.8400001525879 30.4902496337891 31.0755004882812 31.4937496185303 31.7994995117188 32.109001159668 32.2734985351562 31.9722499847412 31.6270008087158 31.6962509155273 31.7604999542236 31.6817493438721 31.6732501983643 31.7237491607666 31.668249130249 31.5659999847412
18.8857135772705 18.2341976165771 18.0767498016357 19.4797496795654 20.8090000152588 21.9950008392334 22.6147499084473 22.7084999084473 22.0874996185303 20.0707492828369 19.3047504425049 19.9242496490479 19.4072494506836 19.8617496490479 20.7169990539551 22.2402496337891 23.9325008392334 25.3549995422363 25.7782497406006 24.6862506866455 25.5499992370605 26.789249420166 27.5189990997314 27.2814998626709 26.5022506713867 26.410249710083 26.5302505493164 26.53125 26.793249130249 26.9125003814697 27.2959995269775 26.6005001068115 26.9957504272461 27.7105007171631 28.2280006408691 28.8145008087158 29.4640007019043 30.1334991455078 30.6040000915527 30.9694995880127 31.3040008544922 31.2894992828369 31.4589996337891 31.668249130249 31.7527503967285 31.4444999694824 31.4697494506836 31.7135009765625 31.5849990844727 31.433500289917 31.2452507019043 31.1849994659424
