data/layers/Current/bio5.asc
NCOLS 494 
NROWS 529 
XLLCORNER -117.166666666667 
YLLCORNER -55.5 
CELLSIZE 0.166666666666667 
NODATA_value -3.4e+38 
[rows 276 to 298 of 529, columns 260 to 311 of 494]
20.6317501068115 22.8479995727539 24.5944995880127 26.8915004730225 24.1917495727539 22.9122505187988 18.7709999084473 16.4775009155273 17.3017501831055 18.863000869751 19.5952491760254 18.3617496490479 17.8202495574951 19.1315002441406 16.0672492980957 14.8982496261597 16.0195007324219 23.1700000762939 23.2597503662109 26.4572505950928 28.6784992218018 29.0170001983643 29.0527496337891 30.2787494659424 29.9127502441406 30.6287498474121 30.7847499847412 30.9972496032715 31.3042507171631 31.5757503509521 31.6707496643066 31.7927494049072 31.8837490081787 32.0267486572266 32.1730003356934 32.2247505187988 32.3752517700195 32.5687484741211 32.669750213623 32.5952491760254 32.8447494506836 33.1707496643066 33.4302520751953 33.4267501831055 33.3554992675781 33.3347511291504 33.3544998168945 33.3824996948242 33.4930000305176 33.6494979858398 33.6467514038086 33.1559982299805
22.6895008087158 17.65625 22.0699996948242 22.3115005493164 22.867000579834 20.9672508239746 19.6912498474121 23.5922508239746 21.1437492370605 18.8810005187988 17.5869998931885 18.6937503814697 19.1504993438721 17.4927501678467 17.9467506408691 14.1957502365112 14.0290002822876 17.7167491912842 14.1744995117188 17.982250213623 23.3092498779297 25.53125 26.4787502288818 28.4134998321533 29.1552505493164 29.2390003204346 29.1410007476807 30.0809993743896 30.7702503204346 31.2705001831055 31.4440002441406 30.9839992523193 31.6494998931885 31.8784999847412 32.2687492370605 32.3792495727539 32.5654983520508 32.734748840332 32.4565010070801 32.5820007324219 32.796501159668 33.0659980773926 33.3515014648438 33.3224983215332 33.3242492675781 33.2480010986328 33.2927474975586 33.346752166748 33.388500213623 33.3904991149902 33.3445014953613 33.0752487182617
22.6065006256104 19.8390007019043 18.9222507476807 15.1815004348755 16.8470001220703 23.6782493591309 16.0147495269775 16.8907508850098 20.8729991912842 20.2730007171631 20.0599994659424 19.9869995117188 17.523250579834 18.0362491607666 16.1957492828369 13.3385000228882 10.3489999771118 11.5132503509521 12.6745004653931 14.3529996871948 17.0709991455078 18.4722499847412 19.7014999389648 24.2917499542236 27.505500793457 27.5855007171631 27.4554996490479 27.6415004730225 28.8880004882812 29.0212497711182 30.3607501983643 30.8182506561279 30.8157501220703 31.5172500610352 32.3634986877441 32.3979988098145 32.265998840332 32.427001953125 32.4432487487793 32.6277503967285 32.7277488708496 32.7887496948242 32.8512496948242 33.278751373291 33.2299995422363 33.3014984130859 33.2672500610352 33.2172508239746 33.2825012207031 33.3175010681152 33.2042503356934 32.8530006408691
20.2164993286133 17.8452491760254 15.4147500991821 17.0799999237061 22.3624992370605 19.7697505950928 15.0819997787476 17.4122505187988 18.1364994049072 15.7530002593994 19.6162490844727 18.6375007629395 18.7272491455078 16.8250007629395 15.4504995346069 13.5617504119873 12.4945001602173 12.2720003128052 12.0867500305176 15.0594997406006 13.0535001754761 14.5170001983643 15.3489999771118 16.9885005950928 22.2064990997314 25.7285003662109 26.2007503509521 25.5114994049072 27.2112503051758 28.1537494659424 28.1282501220703 28.8172492980957 30.3222503662109 30.3155002593994 31.0542507171631 32.0685005187988 32.2067489624023 32.3757514953613 32.4544982910156 32.6312484741211 32.8014984130859 32.661750793457 32.966251373291 33.2164993286133 33.2232513427734 33.2410011291504 33.1744995117188 33.1759986877441 33.1814994812012 33.1455001831055 33.1747512817383 32.892749786377
16.1364994049072 19.0077495574951 15.7674999237061 21.0512504577637 16.6284999847412 14.1639995574951 15.9632501602173 18.8297500610352 15.5609998703003 17.4127502441406 18.2029991149902 16.4244995117188 16.9745006561279 17.1432495117188 17.3512496948242 14.3800001144409 13.6719999313354 12.5362501144409 11.5515003204346 13.3527498245239 14.9317502975464 13.0987501144409 13.9630002975464 15.2825002670288 18.3672504425049 19.617000579834 23.9484996795654 25.3199996948242 25.9850006103516 27.347749710083 26.4992504119873 26.4099998474121 28.6499996185303 30.173999786377 30.6084995269775 31.3155002593994 32.1682510375977 32.3465003967285 32.496997833252 32.650749206543 32.8757514953613 33.0424995422363 33.1797485351562 33.1917495727539 33.3090019226074 33.1217498779297 33.0634994506836 33.1365013122559 33.0890007019043 33.1134986877441 33.1479988098145 33.0757484436035
14.4444999694824 17.9564990997314 17.2587509155273 18.2497501373291 17.6760005950928 15.9224996566772 14.9777498245239 16.5634994506836 14.1614999771118 16.8452491760254 19.1609992980957 17.5475006103516 17.2117500305176 17.3102493286133 17.0692501068115 17.6474990844727 15.2672500610352 13.2232503890991 13.2229995727539 13.835000038147 14.4829998016357 15.4547500610352 15.0989999771118 13.8645000457764 13.37975025177 18.0652503967285 20.8490009307861 24.076000213623 25.4169998168945 24.5655002593994 26.482250213623 28.8975009918213 28.125 28.5265007019043 30.2714996337891 30.9575004577637 31.5790004730225 32.296501159668 32.6032485961914 33.0444984436035 33.1742477416992 33.1744995117188 33.3274993896484 33.297248840332 33.255500793457 32.9462509155273 32.9617500305176 33.101749420166 33.0615005493164 33.1157493591309 33.109748840332 33.1432495117188
14.3847503662109 14.1507501602173 15.0690002441406 15.7117500305176 14.8962497711182 16.826000213623 14.8587503433228 14.0257501602173 14.0970001220703 15.910249710083 18.3320007324219 18.0400009155273 16.144250869751 16.0197505950928 16.8547496795654 15.8334999084473 14.147500038147 12.9770002365112 15.321249961853 15.7145004272461 14.7592496871948 15.4902496337891 16.1307506561279 15.7919998168945 14.7037496566772 15.8800001144409 17.3810005187988 19.4842491149902 21.5032501220703 22.8455009460449 25.0659999847412 28.2474994659424 26.0412502288818 25.9287490844727 28.3732490539551 31.3385009765625 31.3280010223389 31.8422508239746 32.5467491149902 32.7874984741211 32.9700012207031 33.0887489318848 33.2792510986328 33.3282508850098 33.0574989318848 33.0019989013672 33.0224990844727 32.9697494506836 33.0735015869141 33.1192512512207 33.1247482299805 33.1102485656738
13.9067497253418 13.6634998321533 14.3214998245239 15.0710000991821 12.9790000915527 13.3112497329712 12.518500328064 12.2034997940063 12.4707498550415 15.7357501983643 16.8137493133545 16.7334995269775 14.5467500686646 15.3024997711182 17.5935001373291 16.101749420166 14.8900003433228 15.0299997329712 15.8777503967285 17.0087509155273 16.7565002441406 15.4982500076294 13.8237495422363 14.3850002288818 14.7615003585815 14.6587495803833 12.9309997558594 13.2422504425049 17.2814998626709 24.3339996337891 26.8407497406006 26.5659999847412 26.9745006561279 25.6014995574951 28.4895000457764 30.4449996948242 31.7469997406006 31.8537502288818 31.7164993286133 32.5625 32.7742500305176 33.1015014648438 33.319751739502 33.3127517700195 32.8925018310547 32.8079986572266 32.7874984741211 32.9934997558594 33.148250579834 32.9982490539551 33.1332511901855 33.0207481384277
12.6342496871948 15.2095003128052 15.356499671936 14.3520002365112 13.3737497329712 12.1727504730225 11.68274974823 11.9315004348755 11.5792503356934 13.2290000915527 14.9285001754761 14.3385000228882 15.5432500839233 17.3757495880127 18.2084999084473 17.7379989624023 15.3227500915527 16.0792503356934 17.46875 16.4327507019043 17.4982490539551 17.5762500762939 16.8745002746582 16.6744995117188 14.6082496643066 14.0305004119873 13.5900001525879 11.9542503356934 14.7357501983643 20.7832508087158 25.5625 26.4747505187988 27.6772499084473 25.9029998779297 26.8702507019043 29.2870006561279 31.1280002593994 31.7922496795654 31.982250213623 31.8617496490479 32.6800003051758 33.0942497253418 33.4705009460449 33.0577507019043 32.9179992675781 33.1067504882812 33 32.8984985351562 32.8445014953613 32.7877502441406 32.8507499694824 33.0065002441406
14.8892498016357 15.0392503738403 17.5300006866455 13.737250328064 13.1979999542236 12.2489995956421 13.1645002365112 11.9849996566772 11.9125003814697 12.2067499160767 14.1079998016357 13.9825000762939 14.6327495574951 16.8484992980957 17.3812503814697 17.5340003967285 16.8727493286133 15.9569997787476 17.2905006408691 17.6937503814697 17.6529998779297 17.4855003356934 17.6202507019043 16.5799999237061 17.5417499542236 15.0865001678467 15.2472496032715 14.3319997787476 12.3830003738403 15.6067495346069 21.8482494354248 26.9885005950928 27.6089992523193 27.7140007019043 26.9794998168945 30.0412502288818 30.2290000915527 31.2415008544922 31.9982490539551 31.8492488861084 32.6180000305176 33.0444984436035 33.3274993896484 33.1887512207031 33.0939979553223 33.0149993896484 32.8684997558594 32.8844985961914 32.7955017089844 32.8267517089844 32.8450012207031 32.984001159668
18.46875 16.8112506866455 15.3225002288818 15.2362499237061 12.7655000686646 14.808500289917 15.9477500915527 13.2982501983643 13.456000328064 13.3332500457764 12.8640003204346 12.7292499542236 13.8467502593994 15.7892503738403 14.3632497787476 14.8197498321533 16.0652503967285 15.4069995880127 13.8514995574951 15.71399974823 17.4327507019043 18.1924991607666 17.5725002288818 17.3767509460449 17.7252502441406 16.7287502288818 15.8354997634888 15.6222505569458 14.4610004425049 16.4887504577637 19.4640007019043 25.6187496185303 28.2080001831055 28.9692497253418 27.3182506561279 28.5622501373291 30.9465007781982 29.8334999084473 31.1787490844727 31.6457500457764 32.1247482299805 32.8269996643066 32.7779998779297 32.7700004577637 32.7982482910156 32.8512496948242 32.8064994812012 32.9257507324219 32.9637489318848 32.9225006103516 33.0849990844727 33.0117492675781
17.8129997253418 17.9190006256104 17.4917507171631 20.0607490539551 16.9877490997314 18.5354995727539 12.8997497558594 11.9654998779297 15.178750038147 13.5807504653931 13.571249961853 13.3125 14.839750289917 15.3802499771118 16.1060009002686 14.0097503662109 12.9142503738403 13.0982503890991 12.5167503356934 15.3920001983643 17.3852500915527 18.5657501220703 18.8374996185303 18.2339992523193 17.6044998168945 17.0674991607666 16.5790004730225 15.4235000610352 15.4052495956421 17.0552501678467 22.0347499847412 23.1044998168945 27.7232494354248 29.3349990844727 28.5900001525879 27.7587490081787 30.1534996032715 31.0869998931885 30.2872505187988 30.8110008239746 31.222749710083 32.4422492980957 32.4264984130859 32.5755004882812 32.6920013427734 32.7057495117188 32.7724990844727 32.9287490844727 33.1160011291504 33.148998260498 33.1235008239746 33.0847473144531
17.2250003814697 17.411750793457 15.7672500610352 21.5717506408691 19.857250213623 13.1175003051758 14.0434999465942 13.1389999389648 16.1760005950928 13.4512500762939 12.2877502441406 12.3070001602173 12.2722501754761 13.7417497634888 15.1632499694824 15.0262498855591 13.6527500152588 12.6832504272461 12.6027498245239 13.4832496643066 17.6590003967285 18.6232490539551 19.5349998474121 17.9147491455078 16.14674949646 16.0349998474121 16.5172500610352 16.5930004119873 16.8675003051758 17.8237495422363 18.8257503509521 23.6765003204346 25.1742496490479 28.3810005187988 29.992000579834 29.8372497558594 30.027250289917 31.1639995574951 30.900749206543 30.4990005493164 30.2047500610352 31.630500793457 32.4005012512207 32.3042488098145 32.5620002746582 32.607250213623 32.7215003967285 32.8680000305176 33.132999420166 33.1855010986328 33.1462478637695 33.1522483825684
19.7700004577637 18.6870002746582 18.8052501678467 18.9740009307861 23.3117504119873 19.0440006256104 12.6452503204346 11.6560001373291 14.4090003967285 18.6332492828369 19.3837509155273 16.3032493591309 15.3360004425049 15.5122499465942 15.8712501525879 13.9729995727539 14.5997505187988 14.5277500152588 14.0542497634888 14.9152498245239 16.2940006256104 19.0384998321533 19.4692497253418 18.6532497406006 16.369499206543 15.8129997253418 15.8587503433228 16.5904998779297 17.0007495880127 21.6060009002686 25.130500793457 18.0877494812012 21.4605007171631 26.2889995574951 28.8012504577637 29.9837493896484 30.0109996795654 29.1000003814697 30.8607501983643 31.206750869751 29.8484992980957 29.7409992218018 31.5702495574951 32.278751373291 32.2319984436035 32.5564994812012 32.6857490539551 32.7960014343262 33.2957496643066 33.2215003967285 33.1674995422363 32.9802513122559
20.6900005340576 21.230749130249 22.0907497406006 22.0645008087158 24.7970008850098 20.1035003662109 16.1259994506836 19.2562503814697 20.605749130249 22.6592502593994 16.5697498321533 11.4267501831055 13.6920003890991 13.1997499465942 14.3395004272461 14.1894998550415 13.8514995574951 14.4777498245239 15.0797500610352 15.9285001754761 16.6637496948242 18.4422492980957 18.6464996337891 17.5622501373291 16.5797500610352 15.84850025177 15.7442502975464 15.8357496261597 16.1445007324219 15.8067502975464 21.1172504425049 15.3889999389648 17.2829990386963 19.6175003051758 27.425500869751 28.6227493286133 29.50950050354 29.3759994506836 28.6200008392334 29.6212501525879 30.789249420166 29.8279991149902 30.1127490997314 31.6587505340576 32.2550010681152 32.3334999084473 32.6964988708496 32.783748626709 33.247501373291 33.1339988708496 33.064998626709 33.055248260498
23.5230007171631 24.6474990844727 24.0415000915527 24.9502506256104 26.3659992218018 23.8094997406006 19.9225006103516 23.5935001373291 24.4432506561279 19.1275005340576 16.888500213623 16.0282497406006 14.9779996871948 15.1352500915527 13.9504995346069 14.9635000228882 13.8090000152588 13.4962501525879 15.0860004425049 16.1399993896484 14.8894996643066 16.1165008544922 17.38450050354 17.5995006561279 17.7169990539551 16.8062496185303 16.4277496337891 15.8695001602173 15.8587503433228 15.7172498703003 16.1669998168945 14.2472496032715 11.3575000762939 16.0849990844727 23.7154998779297 27.2077503204346 27.8207492828369 29.0722503662109 27.8600006103516 29.0480003356934 28.6254997253418 30.1352500915527 29.7900009155273 30.6067504882812 31.9867496490479 32.3237495422363 32.6422500610352 32.7185020446777 32.8392486572266 32.8922500610352 33.0034980773926 33.0192489624023
25.6097984313965 25.66575050354 25.4982509613037 25.8312492370605 24.4112491607666 23.9037494659424 24.0482501983643 25.4697494506836 26.7455005645752 23.9099998474121 21.5674991607666 20.4347496032715 19.2345008850098 16.3352508544922 16.4950008392334 15.3905000686646 15.1920003890991 13.8307504653931 14.5217504501343 15.5692501068115 15.0037498474121 13.8334999084473 17.2185001373291 18.1875 17.6674995422363 18.4392490386963 17.2705001831055 16.0655002593994 16.2727508544922 15.9452495574951 16.5947494506836 16.9020004272461 13.9484996795654 13.2924995422363 19.2115001678467 24.5219993591309 26.9377498626709 26.8417491912842 26.986499786377 27.4852504730225 28.8227500915527 29.3645000457764 29.3754997253418 29.2584991455078 30.8737506866455 32.145751953125 32.5950012207031 32.6800003051758 32.7220001220703 32.8027496337891 32.9524993896484 33.0092506408691
27.3359375 27.2623043060303 26.6703472137451 26.4702491760254 26.1312503814697 25.6959991455078 25.8950004577637 26.6912498474121 27.4277496337891 26.2402496337891 25.6380004882812 23.6847496032715 22.71875 17.8977508544922 16.3137493133545 14.6227502822876 14.321249961853 13.9697504043579 15.8774995803833 13.4689998626709 13.7559995651245 14.2740001678467 16.2784996032715 17.2952499389648 17.7625007629395 17.5715007781982 16.9424991607666 17.0120010375977 17.0260009765625 16.4375 16.0482501983643 17.03125 17.2127494812012 14.3144998550415 14.6217498779297 20.4937496185303 25.3507499694824 26.1222496032715 25.9112491607666 26.8457508087158 27.3540000915527 27.7942504882812 28.5014991760254 28.9354991912842 29.1852493286133 30.732250213623 32.1969985961914 32.5822486877441 32.6944999694824 32.8115005493164 32.8882484436035 32.9187507629395
-3.4e+38 -3.4e+38 -3.4e+38 27.740816116333 27.320182800293 27.2502498626709 26.6997509002686 27.4412498474121 27.6172504425049 27.099250793457 26.7337493896484 26.2189998626709 24.755500793457 23.1662502288818 20.4204998016357 13.7522497177124 13.5369997024536 14.518500328064 17.0227508544922 13.3777503967285 14.2180004119873 14.2810001373291 15.008749961853 15.2810001373291 15.9122495651245 17.0074996948242 16.7657508850098 17.5429992675781 16.8992500305176 15.9575004577637 16.9107494354248 18.2709999084473 18.8807506561279 17.5739994049072 16.3169994354248 15.4507503509521 21.6607494354248 25.9009990692139 26.1252498626709 26.6180000305176 23.8442497253418 24.4969997406006 27.3917503356934 28.0254993438721 27.9045009613037 28.9297504425049 31.1410007476807 32.2784996032715 32.6990013122559 32.7849998474121 32.7674980163574 32.7927513122559
-3.4e+38 -3.4e+38 -3.4e+38 -3.4e+38 27.0666675567627 28.0105266571045 27.3433113098145 27.5863285064697 27.3972492218018 27.4862499237061 27.6677494049072 27.0412502288818 24.9302501678467 21.9449996948242 20.536750793457 18.0197505950928 16.3950004577637 15.178750038147 18.0540008544922 14.0965003967285 14.5817499160767 13.1494998931885 13.0139999389648 14.1597499847412 16.7112503051758 16.5429992675781 16.9052505493164 17.8987503051758 17.5814990997314 16.3185005187988 17.2259998321533 18.1497497558594 19.2534999847412 19.2059993743896 20.199499130249 18.4659996032715 16.3627490997314 22.2562503814697 25.83424949646 26.3239994049072 23.6555004119873 21.2012500762939 25.6264991760254 24.9162502288818 26.6512508392334 26.9162502288818 28.6660003662109 31.0069999694824 32.5302505493164 32.7497482299805 32.7822494506836 32.7467498779297
-3.4e+38 -3.4e+38 -3.4e+38 -3.4e+38 -3.4e+38 -3.4e+38 -3.4e+38 28.1333332061768 27.474214553833 26.7328205108643 27.0620002746582 27.2864990234375 26.2185001373291 23.7137508392334 22.4132499694824 22.1777496337891 23.3525009155273 23.1415004730225 20.3479995727539 13.3372497558594 13.982250213623 13.3617496490479 13.2869997024536 14.1724996566772 17.4424991607666 16.0289993286133 16.3064994812012 18.1247501373291 18.6469993591309 18.2727508544922 17.496000289917 17.2970008850098 18.9354991912842 19.4384994506836 19.4042491912842 21.8072490692139 22.4974994659424 22.3722496032715 19.3237495422363 23.4169998168945 23.4407501220703 21.3037509918213 25.1529998779297 20.7700004577637 22.0970001220703 26.6159992218018 26.4317493438721 28.7257499694824 31.4930000305176 32.6662483215332 32.7907485961914 32.7360000610352
-3.4e+38 -3.4e+38 -3.4e+38 -3.4e+38 -3.4e+38 -3.4e+38 -3.4e+38 -3.4e+38 -3.4e+38 27.1968250274658 26.7158184051514 27.1124992370605 27.2245006561279 27.0102500915527 25.6989994049072 24.3602504730225 22.3487491607666 21.3815002441406 16.3724994659424 13.2729997634888 13.1324996948242 13.7842502593994 13.1227502822876 13.8950004577637 16.2257499694824 14.4972496032715 17.0984992980957 18.621000289917 19.1787509918213 19.2192497253418 19.4634990692139 18.6047496795654 18.4212493896484 19.0295009613037 19.2292499542236 20.3992500305176 24.2670001983643 20.4594993591309 13.8517503738403 19.25950050354 23.8907508850098 24.3465003967285 23.9069995880127 18.0179996490479 18.9340000152588 23.0197505950928 23.4489994049072 27.4847507476807 29.6952495574951 31.5324993133545 32.5947494506836 32.7782516479492
-3.4e+38 -3.4e+38 -3.4e+38 -3.4e+38 -3.4e+38 -3.4e+38 -3.4e+38 -3.4e+38 -3.4e+38 -3.4e+38 26.783332824707 26.9279346466064 27.3770008087158 27.6607494354248 26.9942493438721 25.2985000610352 23.9659996032715 22.5494995117188 18.8502502441406 14.2915000915527 12.6322498321533 13.6397504806519 12.8634996414185 13.7782497406006 14.5190000534058 15.7399997711182 16.1480007171631 18.463249206543 19.3392505645752 19.5179996490479 20.1252498626709 19.3292503356934 18.1432495117188 18.3272495269775 19.9209995269775 19.4624996185303 20.0729999542236 21.3125 17.4912490844727 17.2057495117188 22.5895004272461 24.3624992370605 24.8990001678467 21.1222496032715 18.7784996032715 18.9484996795654 22.7857494354248 25.5244998931885 28.4080009460449 29.3274993896484 31.4529991149902 31.9505004882812
