data/layers/Current/bio5.asc
NCOLS 494 
NROWS 529 
XLLCORNER -117.166666666667 
YLLCORNER -55.5 
CELLSIZE 0.166666666666667 
NODATA_value -3.4e+38 
[rows 253 to 275 of 529, columns 312 to 363 of 494]
33.1127510070801 33.1602516174316 33.1947479248047 33.2654991149902 33.1505012512207 32.9657516479492 32.9497489929199 33.0352516174316 32.9065017700195 33.15625 33.2422485351562 33.2019996643066 33.2234992980957 33.265251159668 33.2140007019043 33.0697479248047 33.091251373291 33.2682495117188 33.3600006103516 33.3487510681152 32.9519996643066 32.9507522583008 32.9802513122559 33.0974998474121 33.1127510070801 33.1167488098145 33.2600021362305 33.4179992675781 33.3334999084473 33.4664993286133 33.3507499694824 33.3577499389648 33.5805015563965 33.7292518615723 33.9652519226074 34.2502517700195 34.0364990234375 33.8334999084473 33.6614990234375 33.8067512512207 34.0102500915527 34.0872497558594 34.2005004882812 34.3797492980957 34.4017486572266 34.5890007019043 35.1302490234375 35.2227516174316 35.1064987182617 34.944751739502 35.0880012512207 35.6847496032715
33.3037490844727 33.1800003051758 33.1160011291504 33.2695007324219 33.0945014953613 33.0509986877441 33.0247497558594 33.023250579834 33.0125007629395 33.2937507629395 33.3342514038086 33.4500007629395 33.3467483520508 33.3655014038086 33.2560005187988 33.0952491760254 33.1749992370605 33.4060020446777 33.1580009460449 33.161750793457 32.8769989013672 32.9227523803711 33.0217514038086 33.0774993896484 33.015998840332 33.1057510375977 33.3542518615723 33.3312492370605 33.3084983825684 33.3922500610352 33.5514984130859 33.5327491760254 33.5989990234375 33.7285003662109 33.8855018615723 34.036750793457 34.2177505493164 33.8352508544922 33.9010009765625 34.055248260498 33.9825019836426 34.1189994812012 34.7000007629395 34.7117500305176 34.8165016174316 34.5602493286133 34.8709983825684 35.0229988098145 35.221248626709 34.9954986572266 35.216251373291 35.7700004577637
33.3532524108887 33.236499786377 33.1937484741211 33.0854988098145 32.9067497253418 33.0820007324219 33.2379989624023 33.3482513427734 33.1629981994629 33.1612510681152 33.1982498168945 33.3697509765625 33.650749206543 33.4807510375977 33.3092498779297 33.2104988098145 33.4277496337891 33.5052490234375 33.632999420166 33.0089988708496 32.8650016784668 32.8737525939941 33.0424995422363 33.193000793457 33.025749206543 33.1455001831055 33.2895011901855 33.3134994506836 33.3230018615723 33.2997512817383 33.6650009155273 33.7109985351562 33.6450004577637 33.7767486572266 33.8682518005371 33.8899993896484 34.1682510375977 34.0682487487793 33.9965019226074 34.3120002746582 34.0982513427734 34.158748626709 34.1650009155273 34.6227493286133 34.8564987182617 34.6295013427734 34.8035011291504 34.9129981994629 35.1012496948242 35.1875 35.5047492980957 35.742748260498
33.411750793457 33.3894996643066 33.3022499084473 32.9664993286133 33.0517501831055 33.2775001525879 33.5052490234375 33.5477485656738 33.5542488098145 33.1972503662109 33.161750793457 33.4437484741211 33.6604995727539 33.6197509765625 33.2097511291504 33.2179985046387 33.4080009460449 33.6619987487793 33.6380004882812 33.0787506103516 32.786750793457 32.7434997558594 33.0757484436035 32.9060020446777 32.974250793457 33.185001373291 33.4210014343262 33.6622505187988 33.4599990844727 33.2815017700195 33.4244995117188 33.2377510070801 33.4792518615723 34.0105018615723 33.96875 33.971248626709 34.0262489318848 34.0180015563965 33.9827499389648 34.2627487182617 34.1539993286133 34.0217514038086 34.0559997558594 34.3112487792969 34.3527488708496 34.6669998168945 34.872501373291 34.6419982910156 34.8810005187988 35.0532493591309 35.1657485961914 35.2637481689453
33.242000579834 33.5559997558594 33.5432510375977 33.1877517700195 33.2422485351562 33.4602508544922 33.554500579834 33.5854988098145 33.6682510375977 33.2664985656738 33.1827507019043 33.4394989013672 33.4254989624023 33.5127487182617 33.5437507629395 33.4867515563965 33.7477493286133 33.8592491149902 33.7540016174316 33.306999206543 32.7905006408691 32.6272506713867 33.0112495422363 32.8479995727539 33.0745010375977 33.1557502746582 33.3917503356934 33.5294990539551 33.3352508544922 33.2905006408691 33.2817497253418 33.1357498168945 33.2809982299805 33.5982513427734 33.8722496032715 33.7552490234375 33.9807510375977 34.0284996032715 33.9942512512207 34.2667503356934 34.0914993286133 34.2224998474121 34.5507507324219 34.320499420166 33.9982490539551 34.2907485961914 33.8525009155273 34.0657501220703 34.1212501525879 34.8237495422363 34.7854995727539 35.0277519226074
33.6875 33.5875015258789 33.609748840332 33.2119979858398 33.0859985351562 33.1944999694824 33.4244995117188 33.3322486877441 33.5185012817383 33.3554992675781 33.1672515869141 33.2262496948242 33.0909996032715 33.3627510070801 33.3610000610352 33.6609992980957 33.8637504577637 33.8587493896484 33.8062515258789 33.4869995117188 32.8904991149902 32.7794990539551 33.1757507324219 32.8400001525879 33.5800018310547 33.0782508850098 33.0919990539551 33.4324989318848 33.2902488708496 33.1932487487793 32.9280014038086 33.1500015258789 33.1477508544922 33.2962493896484 33.5284996032715 33.3652496337891 33.3132514953613 33.6334991455078 33.8877487182617 34.0224990844727 33.9340019226074 34.0732498168945 34.2265014648438 33.5279998779297 33.8887481689453 33.6040000915527 33.794750213623 33.900749206543 33.9980010986328 34.2550010681152 34.288501739502 34.8032493591309
33.4960021972656 33.3305015563965 33.078498840332 32.9107513427734 32.6279983520508 32.7172508239746 32.6397514343262 32.9109992980957 33.1447486877441 32.849250793457 32.6800003051758 32.7457504272461 33.0717506408691 33.1570014953613 33.539249420166 33.7252502441406 33.6247482299805 33.6937484741211 33.7910003662109 33.6834983825684 32.9787521362305 32.7202491760254 33.216251373291 33.201000213623 33.197998046875 33.0750007629395 33.0480003356934 33.1300010681152 33.0187492370605 32.9067497253418 32.8307495117188 33.0794982910156 32.7830009460449 32.9837493896484 33.5830001831055 33.5410003662109 33.1532516479492 33.1082496643066 33.306999206543 33.7775001525879 33.5384979248047 33.4580001831055 33.6544990539551 33.564998626709 33.4512481689453 33.5480003356934 33.5642509460449 33.6254997253418 33.8320007324219 34.0532493591309 34.1347503662109 34.2372512817383
33.6300010681152 33.4867515563965 33.2592506408691 33.1772499084473 32.8844985961914 32.5417518615723 32.257251739502 32.2907485961914 32.2154998779297 31.925500869751 32.3125 32.658748626709 32.5057487487793 33.0642509460449 33.5654983520508 33.4652481079102 33.4672508239746 33.6252479553223 33.8499984741211 33.9122505187988 33.8217506408691 33.2630004882812 32.8922500610352 33.1455001831055 32.9977493286133 32.8624992370605 33.135498046875 33.2130012512207 33.2249984741211 33.0525016784668 32.7857513427734 32.8465003967285 32.851749420166 32.7915000915527 33.2005004882812 33.1580009460449 33.0294990539551 33.2352485656738 33.7127494812012 33.8732490539551 33.8542518615723 33.392749786377 33.6295013427734 33.9625015258789 33.607250213623 33.1650009155273 33.3040008544922 33.5694999694824 33.7402496337891 33.7737503051758 33.9462509155273 33.9930000305176
33.632999420166 33.2402496337891 33.1212501525879 33.1092491149902 33.0217475891113 32.814998626709 32.5127487182617 32.0957489013672 31.5327491760254 31.0855007171631 32.4097480773926 32.6040000915527 32.5012512207031 33.2649993896484 33.3035011291504 33.3677520751953 33.0849990844727 33.6800003051758 33.8230018615723 33.9679985046387 33.8494987487793 33.3387489318848 33.1609992980957 32.9119987487793 32.943000793457 32.9985008239746 33.1377487182617 33.0449981689453 33.0839996337891 32.9272499084473 32.6315002441406 32.767749786377 32.7157516479492 32.7462501525879 32.8730010986328 32.9502487182617 33.2159996032715 33.523250579834 33.7900009155273 33.8417510986328 34.0139999389648 33.3937492370605 33.3875007629395 33.8617515563965 34.2714996337891 33.796501159668 33.3059997558594 33.5057487487793 33.6767501831055 33.502498626709 33.6300010681152 33.7422485351562
33.6014976501465 33.3610000610352 33.2712478637695 33.140998840332 33.0822486877441 33.033748626709 32.984748840332 32.8165016174316 32.2352485656738 32.1237487792969 32.3629989624023 32.4394989013672 32.4077491760254 32.9165000915527 33.4070014953613 33.2542495727539 33.6267509460449 33.8177490234375 33.8362503051758 33.9034996032715 33.6732482910156 33.1772499084473 33.3889999389648 32.8892517089844 32.9857521057129 33.609748840332 33.1757507324219 32.9060020446777 33.0154991149902 32.9347496032715 32.6235008239746 32.7985000610352 32.4592514038086 32.6797485351562 32.7605018615723 32.9227485656738 33.3562507629395 33.2147483825684 33.8477516174316 34.0699996948242 33.8377494812012 33.6052513122559 33.2647514343262 33.6380004882812 33.9970016479492 34.0125007629395 33.5127487182617 33.6674995422363 33.9882507324219 33.6459999084473 33.5690002441406 33.314998626709
33.4887504577637 33.4417495727539 33.2574996948242 33.1867485046387 33.0934982299805 33.0294990539551 32.9307518005371 32.8175010681152 32.5702514648438 32.5994987487793 32.6377487182617 33.1032485961914 32.7304992675781 32.6785011291504 32.8027496337891 33.1672515869141 33.6149978637695 33.8009986877441 33.7285003662109 33.8025016784668 33.6087493896484 33.4572486877441 33.7772521972656 33.517749786377 33.5022506713867 33.1500015258789 32.7695007324219 32.7687492370605 32.6389999389648 32.3007507324219 32.5502510070801 32.3984985351562 32.3047485351562 32.5862503051758 32.7709999084473 32.8339996337891 33.3072509765625 33.6150016784668 33.5342483520508 33.9845008850098 33.7335014343262 33.3395004272461 33.3460006713867 33.5822486877441 33.8637504577637 34.221248626709 34.2647514343262 33.9912490844727 33.525749206543 33.7099990844727 33.607250213623 32.8997497558594
33.4577522277832 33.3682518005371 33.2462501525879 33.1652488708496 33.0852470397949 33.0319976806641 32.9065017700195 32.7569999694824 32.6650009155273 32.747501373291 32.9435005187988 32.7457504272461 32.6582489013672 32.7237510681152 32.8110008239746 32.7537498474121 33.5665016174316 33.7457504272461 33.6134986877441 33.6404991149902 33.7784996032715 33.8429985046387 33.8919982910156 33.7970008850098 33.6904983520508 33.5525016784668 32.9362487792969 32.789249420166 32.6020011901855 32.3429985046387 32.3800010681152 32.5444984436035 32.3894996643066 32.4435005187988 32.6497497558594 32.8827514648438 33.3494987487793 33.3559989929199 33.8095016479492 33.8042488098145 33.255500793457 32.9599990844727 33.3349990844727 33.555248260498 33.6860008239746 33.9052505493164 33.8442497253418 33.7454986572266 33.3349990844727 33.1959991455078 33.4897499084473 32.8732490539551
33.4732513427734 33.3607482910156 33.2200012207031 33.0750007629395 33.0125007629395 33.0122489929199 33.1554985046387 33.2330017089844 33.0142517089844 32.8962516784668 32.6607513427734 32.6669998168945 32.7152519226074 32.7222518920898 32.8262519836426 33.0289993286133 33.1585006713867 33.5642509460449 33.6925010681152 33.8007507324219 33.8920021057129 33.8987503051758 33.8532485961914 33.8605003356934 33.806999206543 33.6182518005371 33.1827507019043 32.8227500915527 32.5810012817383 32.2207489013672 32.5382499694824 32.4467506408691 32.5637512207031 32.4517517089844 32.5372505187988 32.820499420166 33.0519981384277 33.3349990844727 33.5397491455078 33.4915008544922 33.5019989013672 33.8009986877441 33.5559997558594 33.6067504882812 33.6362495422363 33.6327514648438 33.439998626709 33.4044990539551 33.1419982910156 32.5602493286133 32.7630004882812 32.7820014953613
33.4900016784668 33.3812484741211 33.1964988708496 33.0867500305176 32.9407501220703 32.8537483215332 33.0449981689453 33.107250213623 32.7389984130859 32.5009994506836 32.7547492980957 33.0424995422363 33.5265007019043 33.4539985656738 33.5794982910156 33.4817504882812 33.1797485351562 33.3409996032715 33.5364990234375 33.7000007629395 33.8142509460449 33.8605003356934 33.7912521362305 33.7545013427734 33.7752494812012 33.6349983215332 33.6279983520508 33.15625 32.7527503967285 32.3030014038086 32.4114990234375 32.3682518005371 32.5149993896484 32.5089988708496 32.5387496948242 32.650749206543 32.8292503356934 32.6990013122559 33.2410011291504 33.2002487182617 33.3515014648438 33.7529983520508 33.6912498474121 33.3212509155273 33.0354995727539 32.75 32.7822494506836 33.0347480773926 32.8592491149902 32.650749206543 32.4932479858398 32.1889991760254
33.4580001831055 33.4205017089844 33.2042503356934 33.0602493286133 32.9657516479492 32.9347496032715 33.1317520141602 33.4560012817383 33.4265022277832 33.4225006103516 33.4345016479492 33.3689994812012 33.3977508544922 33.4617500305176 33.4602508544922 32.6035003662109 33.1052513122559 32.7760009765625 32.8812484741211 33.1845016479492 33.544750213623 33.5292510986328 33.7620010375977 33.6977500915527 33.4022483825684 33.5670013427734 33.1822509765625 32.8692512512207 32.6342506408691 32.4109992980957 32.4235000610352 32.5139999389648 32.5812492370605 32.4857482910156 32.4027519226074 32.3170013427734 32.4070014953613 32.6204986572266 32.7944984436035 33.205249786377 33.4059982299805 33.5887489318848 33.1595001220703 32.8194999694824 32.5349998474121 32.3359985351562 32.3687515258789 32.3417510986328 32.3435020446777 32.2402496337891 32.3624992370605 32.4235000610352
33.5865020751953 33.8414993286133 33.3709983825684 33.1020011901855 33.0214996337891 33.1295013427734 33.4375 33.4754981994629 33.4887504577637 33.5724983215332 33.4174995422363 33.2049980163574 33.1327514648438 33.1687507629395 32.7999992370605 32.7115020751953 32.4897499084473 32.320499420166 32.6129989624023 32.8680000305176 32.9155006408691 33.1317481994629 33.4067497253418 33.3315010070801 33.1334991455078 32.9379997253418 32.7647514343262 32.7804985046387 32.5872497558594 32.5277481079102 32.3305015563965 32.4762496948242 32.4542503356934 32.4757499694824 32.4775009155273 32.5127487182617 32.7807502746582 32.8922500610352 32.9672508239746 32.8932495117188 32.7687492370605 33.1590003967285 33.5147514343262 33.2902488708496 32.8095016479492 32.4340019226074 32.2454986572266 32.1832504272461 32.5045013427734 32.5214996337891 32.4835014343262 32.3315010070801
33.7032508850098 33.9187507629395 33.3030014038086 33.1674995422363 33.205249786377 33.28125 33.1035003662109 32.9235000610352 33.2574996948242 33.2977485656738 33.3687515258789 32.9679985046387 32.8269996643066 32.7887496948242 32.7367515563965 32.7620010375977 33.0532493591309 32.8177490234375 32.9582481384277 33.010498046875 32.8132514953613 33.0219993591309 33.1595001220703 33.1840019226074 33.4334983825684 33.2542495727539 32.9832496643066 32.8899993896484 32.7304992675781 32.3499984741211 32.3287506103516 32.5437507629395 32.5217514038086 32.6807479858398 32.6947479248047 32.8092498779297 32.9410018920898 33.0597496032715 33.1349983215332 32.846752166748 32.732250213623 32.9362487792969 33.1735000610352 33.1957511901855 33.0939979553223 32.5919990539551 32.338249206543 32.2215003967285 32.257999420166 32.6730003356934 32.7367515563965 32.4727516174316
33.5470008850098 33.596248626709 33.2902488708496 33.104248046875 32.9872512817383 33.0574989318848 33.0349998474121 32.8367500305176 32.8129997253418 32.9814987182617 33.1902503967285 33.130500793457 33.0139999389648 32.7912483215332 32.8530006408691 32.9550018310547 33.0512504577637 32.8945007324219 33.3870010375977 33.2750015258789 32.4669990539551 32.5504989624023 32.6105003356934 32.8257484436035 33.5477485656738 33.3687515258789 32.9757499694824 32.7970008850098 32.8465003967285 32.4790000915527 32.2047500610352 32.4137496948242 32.3652496337891 32.7647514343262 32.9449996948242 32.9942512512207 32.9404983520508 33.1030006408691 33.1152496337891 33.0289993286133 32.9517517089844 33.21875 33.1124992370605 32.867748260498 32.8865013122559 32.5727500915527 32.310001373291 32.2804985046387 32.1259994506836 32.367748260498 32.5629997253418 32.4097480773926
33.6095008850098 33.4967498779297 33.591251373291 33.5289993286133 33.3772506713867 33.1652488708496 33.203498840332 32.8004989624023 32.693000793457 32.7067489624023 32.786750793457 33.0455017089844 33.0945014953613 32.8429985046387 33.0330009460449 32.8647499084473 32.7565002441406 32.7599983215332 33.2104988098145 32.9362487792969 32.4832496643066 32.4462509155273 32.7442512512207 33.169750213623 33.6607513427734 33.3617515563965 32.6102485656738 32.3855018615723 32.2680015563965 32.2957496643066 32.4609985351562 32.1822509765625 32.4667510986328 32.8262519836426 32.9797515869141 32.9947509765625 32.7089996337891 33.1539993286133 33.1227493286133 33.252498626709 33.1522483825684 33.3964996337891 33.0707511901855 32.8585014343262 32.5745010375977 32.4962501525879 32.2519989013672 32.1624984741211 31.9512500762939 32.1095008850098 32.4090003967285 32.4249992370605
33.5265007019043 33.8242492675781 33.8552513122559 33.9147491455078 33.5470008850098 33.3972511291504 33.4449996948242 33.0364990234375 32.6800003051758 32.6209983825684 32.5812492370605 32.6300010681152 32.7490005493164 33.0509986877441 33.0144996643066 32.8442497253418 32.6572494506836 32.7874984741211 33.0052490234375 33.0702514648438 32.8289985656738 33.153751373291 33.3907508850098 33.1380004882812 33.194751739502 33.3359985351562 32.8889999389648 32.6464996337891 32.1525001525879 32.0682487487793 32.327751159668 32.4184989929199 32.7127494812012 32.5675010681152 32.846248626709 32.6315002441406 32.805248260498 33.1552505493164 33.3182487487793 33.2002487182617 33.2167510986328 33.3272514343262 33.2055015563965 32.736499786377 32.4327507019043 32.2422485351562 32.1632499694824 32.1737480163574 32.0532493591309 31.9615001678467 32.1769981384277 32.2417488098145
33.5359992980957 33.4827499389648 33.9657516479492 33.7742500305176 33.6522483825684 33.4507484436035 33.3505020141602 33.038501739502 32.7019996643066 32.4147491455078 32.4072494506836 32.6319999694824 32.7547492980957 32.680248260498 32.9490013122559 33.2529983520508 32.8964996337891 32.9529991149902 32.8434982299805 32.8697509765625 32.9230003356934 33.0477485656738 33.5117492675781 33.632999420166 33.2142486572266 33.1007499694824 33.0675010681152 32.4114990234375 32.724250793457 32.423999786377 32.046501159668 31.8199996948242 31.9484996795654 32.286750793457 32.5444984436035 32.6025009155273 32.7389984130859 33.1182518005371 33.3292503356934 33.2799987792969 32.9589996337891 32.9860000610352 33.2560005187988 32.3680000305176 32.2760009765625 32.2384986877441 32.5395011901855 32.2099990844727 32.0122489929199 31.9289989471436 32.1967506408691 32.1462478637695
33.439998626709 33.9259986877441 33.9420013427734 33.7565002441406 33.6474990844727 33.4862518310547 33.4587516784668 33.3120002746582 32.903751373291 32.3367500305176 32.3537521362305 32.672248840332 32.9640007019043 32.5357513427734 32.5629997253418 32.7172508239746 32.7357521057129 32.8692512512207 32.9472503662109 33.0782508850098 32.9647483825684 33.3127517700195 33.3424987792969 33.6684989929199 33.6872482299805 33.5967483520508 33.0800018310547 32.8832511901855 33.2080001831055 33.1112518310547 31.9535007476807 31.8587493896484 31.5957508087158 32.1139984130859 32.304500579834 32.5097503662109 32.9070014953613 32.9072494506836 33.1847496032715 33.3089981079102 32.7895011901855 32.7355003356934 33.0737495422363 33.0237503051758 32.6967506408691 32.4042510986328 32.2425003051758 32.0462493896484 31.9682502746582 31.8752498626709 31.804500579834 32.0172500610352
33.6285018920898 33.8684997558594 33.7215003967285 33.6079978942871 33.3327484130859 33.3602485656738 33.3707504272461 33.3227500915527 33.1737518310547 32.596248626709 32.6315002441406 33.0122489929199 33.025749206543 32.6049995422363 32.484001159668 32.453498840332 32.8332481384277 32.9207496643066 32.7777519226074 33.2797508239746 33.5797500610352 33.4124984741211 32.9734992980957 33.3877487182617 33.7382507324219 33.828498840332 33.726001739502 33.1110000610352 33.3542518615723 32.8942489624023 32.3955001831055 31.919750213623 31.4247493743896 31.8442497253418 32.2804985046387 32.5342483520508 32.7970008850098 32.7740020751953 33.1399993896484 32.9342498779297 32.4907493591309 32.2794990539551 32.8127517700195 32.9392509460449 32.7294998168945 32.3074989318848 32.039249420166 31.8535003662109 31.7915000915527 31.8577499389648 31.861499786377 31.7707500457764
