data/layers/Current/bio5.asc
NCOLS 494 
NROWS 529 
XLLCORNER -117.166666666667 
YLLCORNER -55.5 
CELLSIZE 0.166666666666667 
NODATA_value -3.4e+38 
[rows 345 to 367 of 529, columns 260 to 311 of 494]
-3.4e+38 -3.4e+38 -3.4e+38 -3.4e+38 -3.4e+38 -3.4e+38 -3.4e+38 -3.4e+38 -3.4e+38 -3.4e+38 -3.4e+38 -3.4e+38 -3.4e+38 -3.4e+38 -3.4e+38 -3.4e+38 -3.4e+38 -3.4e+38 -3.4e+38 24.4904766082764 24.0278644561768 23.589750289917 24.273250579834 25.0750007629395 24.525749206543 22.9389991760254 23.1572494506836 20.2504997253418 17.621000289917 18.378999710083 16.4670009613037 14.5322504043579 14.3655004501343 16.7134990692139 17.1537494659424 19.2045001983643 20.0282497406006 20.2430000305176 20.1380004882812 18.0440006256104 18.8272495269775 16.6822490692139 18.8419990539551 15.4467496871948 13.0415000915527 19.4400005340576 24.3610000610352 19.619499206543 23.0974998474121 27.2425003051758 28.0482501983643 27.4419994354248
-3.4e+38 -3.4e+38 -3.4e+38 -3.4e+38 -3.4e+38 -3.4e+38 -3.4e+38 -3.4e+38 -3.4e+38 -3.4e+38 -3.4e+38 -3.4e+38 -3.4e+38 -3.4e+38 -3.4e+38 -3.4e+38 -3.4e+38 -3.4e+38 -3.4e+38 25.2000007629395 24.4377136230469 24.25 25.3784999847412 26.080249786377 24.338249206543 22.4314994812012 20.9387493133545 16.1502494812012 16.6687507629395 18.2177505493164 17.0597496032715 15.5697498321533 12.9630002975464 15.9817495346069 17.8390007019043 16.7185001373291 19.2642498016357 19.5790004730225 20.3212509155273 18.7177505493164 19.2245006561279 16.238000869751 17.8832492828369 13.2305002212524 17.5354995727539 21.1375007629395 24.773250579834 20.2810001373291 22.3667507171631 26.8797492980957 28.4842491149902 27.3077507019043
-3.4e+38 -3.4e+38 -3.4e+38 -3.4e+38 -3.4e+38 -3.4e+38 -3.4e+38 -3.4e+38 -3.4e+38 -3.4e+38 -3.4e+38 -3.4e+38 -3.4e+38 -3.4e+38 -3.4e+38 -3.4e+38 -3.4e+38 -3.4e+38 -3.4e+38 -3.4e+38 24.6499996185303 25.0162506103516 25.918249130249 26.2455005645752 25.6732501983643 23.9465007781982 20.5674991607666 15.3362503051758 15.8645000457764 17.9099998474121 17.5767498016357 13.0445003509521 13.4202499389648 14.9082498550415 17.9134998321533 14.86549949646 16.6367492675781 16.3239994049072 18.9090003967285 18.0862503051758 18.0084991455078 17.838249206543 17.0517501831055 15.1502504348755 21.9039993286133 24.6062507629395 24.0620002746582 22.339750289917 24.316499710083 26.3969993591309 28.7597503662109 28.1599998474121
-3.4e+38 -3.4e+38 -3.4e+38 -3.4e+38 -3.4e+38 -3.4e+38 -3.4e+38 -3.4e+38 -3.4e+38 -3.4e+38 -3.4e+38 -3.4e+38 -3.4e+38 -3.4e+38 -3.4e+38 -3.4e+38 -3.4e+38 -3.4e+38 -3.4e+38 25.5604648590088 25.0249996185303 25.2517490386963 25.6802501678467 26.1877498626709 26.5205001831055 24.392749786377 21.2299995422363 17.9195003509521 15.2767496109009 15.4812498092651 16.6097507476807 13.2457504272461 14.6969995498657 13.7915000915527 14.7585000991821 14.6247501373291 15.2252502441406 17.3197498321533 18.9669990539551 16.6237506866455 17.543249130249 17.8112506866455 15.4440002441406 16.4064998626709 23.1817493438721 26.5774993896484 23.6340007781982 22.9459991455078 24.4342498779297 28.2557506561279 28.7779998779297 26.5867500305176
-3.4e+38 -3.4e+38 -3.4e+38 -3.4e+38 -3.4e+38 -3.4e+38 -3.4e+38 -3.4e+38 -3.4e+38 -3.4e+38 -3.4e+38 -3.4e+38 -3.4e+38 -3.4e+38 -3.4e+38 -3.4e+38 -3.4e+38 -3.4e+38 24.6000003814697 25.2566261291504 25.7082500457764 25.2980003356934 25.5305004119873 25.8072490692139 25.808500289917 23.8952503204346 20.4400005340576 17.5322494506836 14.6304998397827 17.1582508087158 15.0944995880127 13.8575000762939 16.8527507781982 15.3092498779297 14.1389999389648 10.2285003662109 15.7702503204346 20.1700000762939 15.160249710083 16.1432495117188 15.6494998931885 16.6940002441406 15.7797498703003 18.8322505950928 24.0004997253418 25.8617496490479 26.0127506256104 25.0142498016357 25.1267490386963 28.0222492218018 26.2182502746582 26.0927505493164
-3.4e+38 -3.4e+38 -3.4e+38 -3.4e+38 -3.4e+38 -3.4e+38 -3.4e+38 -3.4e+38 -3.4e+38 -3.4e+38 -3.4e+38 -3.4e+38 -3.4e+38 -3.4e+38 -3.4e+38 -3.4e+38 -3.4e+38 -3.4e+38 24.1739120483398 24.8605003356934 25.911750793457 25.6752490997314 25.6247501373291 25.7047500610352 25.4939994812012 23.4855003356934 21.0207500457764 17.7334995269775 14.0562496185303 16.9242496490479 14.2972497940063 15.1575002670288 14.5062503814697 15.3322496414185 17.4659996032715 16.275749206543 20.5152492523193 15.8117504119873 15.6370000839233 15.5530004501343 14.018500328064 14.6177501678467 16.1002502441406 17.0357494354248 22.4392509460449 24.6952495574951 27.0160007476807 27.2870006561279 26.951000213623 25.9947490692139 26.6235008239746 27.3680000305176
-3.4e+38 -3.4e+38 -3.4e+38 -3.4e+38 -3.4e+38 -3.4e+38 -3.4e+38 -3.4e+38 -3.4e+38 -3.4e+38 -3.4e+38 -3.4e+38 -3.4e+38 -3.4e+38 -3.4e+38 -3.4e+38 -3.4e+38 -3.4e+38 24.4699993133545 24.6331558227539 26.1452503204346 25.9580001831055 25.638500213623 25.9452495574951 25.4405002593994 23.8372497558594 20.4079990386963 16.713249206543 14.8987503051758 15.1545000076294 14.6482496261597 13.8467502593994 13.9180002212524 15.691499710083 17.9790000915527 19.6817493438721 19.4777507781982 16.4724998474121 19.6582508087158 16.433500289917 12.6499996185303 11.9817495346069 15.1569995880127 15.1800003051758 20.5212497711182 22.3957500457764 23.5060005187988 28.8104991912842 27.5502490997314 24.988000869751 26.9832496643066 27.9230003356934
-3.4e+38 -3.4e+38 -3.4e+38 -3.4e+38 -3.4e+38 -3.4e+38 -3.4e+38 -3.4e+38 -3.4e+38 -3.4e+38 -3.4e+38 -3.4e+38 -3.4e+38 -3.4e+38 -3.4e+38 -3.4e+38 -3.4e+38 -3.4e+38 23.8333320617676 24.5975131988525 25.6805000305176 25.767749786377 26.2952499389648 26.0804996490479 25.2884998321533 23.4132499694824 19.3277492523193 16.0345001220703 16.1319999694824 13.3952503204346 13.9759998321533 12.3800001144409 12.3282499313354 13.6674995422363 16.6867504119873 18.6415004730225 15.5797500610352 18.4109992980957 20.8229999542236 16.7985000610352 13.6537504196167 12.8897495269775 14.1937503814697 15.5432500839233 18.8950004577637 17.4542503356934 20.8622493743896 28.7075004577637 24.8540000915527 25.8460006713867 28.798999786377 29.6597499847412
-3.4e+38 -3.4e+38 -3.4e+38 -3.4e+38 -3.4e+38 -3.4e+38 -3.4e+38 -3.4e+38 -3.4e+38 -3.4e+38 -3.4e+38 -3.4e+38 -3.4e+38 -3.4e+38 -3.4e+38 -3.4e+38 -3.4e+38 -3.4e+38 24.3199996948242 24.4246692657471 25.1089992523193 25.1652507781982 26.0107498168945 25.9957504272461 24.8715000152588 21.3522491455078 18.523250579834 17.1957492828369 18.0017509460449 15.6789999008179 12.3697500228882 13.2742500305176 11.9792499542236 10.5609998703003 17.88450050354 18.6172504425049 16.6590003967285 20.0219993591309 22.236499786377 19.0890007019043 15.0244998931885 15.6695003509521 16.2264995574951 14.7775001525879 15.7057495117188 16.1137504577637 19.94700050354 28.4587497711182 24.1457500457764 26.2430000305176 29.1327495574951 30.0667495727539
-3.4e+38 -3.4e+38 -3.4e+38 -3.4e+38 -3.4e+38 -3.4e+38 -3.4e+38 -3.4e+38 -3.4e+38 -3.4e+38 -3.4e+38 -3.4e+38 -3.4e+38 -3.4e+38 -3.4e+38 -3.4e+38 -3.4e+38 -3.4e+38 24.2431812286377 24.329381942749 24.6394996643066 25.0247497558594 25.6100006103516 25.5230007171631 23.7257499694824 20.7590007781982 18.2915000915527 16.1180000305176 16.9130001068115 14.7594995498657 12.4119997024536 11.4237499237061 9.97850036621094 12.3765001296997 16.7922496795654 14.5179996490479 16.7222499847412 21.3672504425049 23.1752490997314 19.7767505645752 13.1505002975464 17.558500289917 18.4689998626709 17.9624996185303 15.4270000457764 19.8082504272461 22.3945007324219 28.7099990844727 22.2777500152588 26.2432498931885 28.9440002441406 30.423999786377
-3.4e+38 -3.4e+38 -3.4e+38 -3.4e+38 -3.4e+38 -3.4e+38 -3.4e+38 -3.4e+38 -3.4e+38 -3.4e+38 -3.4e+38 -3.4e+38 -3.4e+38 -3.4e+38 -3.4e+38 -3.4e+38 -3.4e+38 -3.4e+38 24.107608795166 23.9897499084473 23.7765007019043 24.0429992675781 24.324499130249 24.5967502593994 21.8217506408691 16.195499420166 14.9842500686646 13.6770000457764 16.0672492980957 14.5042495727539 11.7229995727539 9.73474979400635 10.6105003356934 14.2352504730225 14.7782497406006 12.8127498626709 17.0642509460449 20.9677505493164 21.9249992370605 19.3127498626709 12.4764995574951 21.3002490997314 20.7922496795654 17.19700050354 19.9192504882812 22.4575004577637 26.4237499237061 28.0104999542236 18.8595008850098 25.6237506866455 28.4097499847412 30.144250869751
-3.4e+38 -3.4e+38 -3.4e+38 -3.4e+38 -3.4e+38 -3.4e+38 -3.4e+38 -3.4e+38 -3.4e+38 -3.4e+38 -3.4e+38 -3.4e+38 -3.4e+38 -3.4e+38 -3.4e+38 -3.4e+38 -3.4e+38 -3.4e+38 23.8460178375244 23.2639999389648 23.5354995727539 23.4985008239746 22.7810001373291 23.1757507324219 20.2417507171631 17.1359996795654 15.7642498016357 12.4654998779297 15.0167503356934 13.321249961853 11.9317502975464 10.9927501678467 10.5777502059937 11.53125 11.0267496109009 14.2592496871948 15.9060001373291 17.4589996337891 17.388500213623 18.1574993133545 18.1217498779297 20.4619998931885 19.8075008392334 16.9392490386963 25.1502494812012 24.0559997558594 27.1865005493164 23.0435009002686 20.46875 25.5240001678467 28.6280002593994 30.6847496032715
-3.4e+38 -3.4e+38 -3.4e+38 -3.4e+38 -3.4e+38 -3.4e+38 -3.4e+38 -3.4e+38 -3.4e+38 -3.4e+38 -3.4e+38 -3.4e+38 -3.4e+38 -3.4e+38 -3.4e+38 -3.4e+38 -3.4e+38 -3.4e+38 23.6192989349365 23.4097499847412 23.1527500152588 22.7430000305176 23.0869998931885 21.9535007476807 19.3500003814697 17.8419990539551 16.4815006256104 13.6622495651245 14.8289995193481 12.3435001373291 11.5120000839233 11.1680002212524 11.7467498779297 12.0609998703003 14.6330003738403 15.4927501678467 18.6952495574951 15.0839996337891 15.2837495803833 16.1902503967285 17.6984996795654 19.9602508544922 21.0104999542236 22.2217502593994 27.8185005187988 25.9637508392334 26.5417499542236 17.3152503967285 24.3810005187988 27.0764999389648 30.5632495880127 31.5602493286133
-3.4e+38 -3.4e+38 -3.4e+38 -3.4e+38 -3.4e+38 -3.4e+38 -3.4e+38 -3.4e+38 -3.4e+38 -3.4e+38 -3.4e+38 -3.4e+38 -3.4e+38 -3.4e+38 -3.4e+38 -3.4e+38 -3.4e+38 23.8989009857178 24.5039482116699 23.7870006561279 23.2600002288818 22.7502498626709 22.8055000305176 22.1674995422363 20.7915000915527 19.1389999389648 16.7339992523193 13.2040004730225 14.9427499771118 12.0015001296997 6.64650011062622 6.20349979400635 7.77524995803833 11.8347501754761 14.808500289917 17.3462505340576 23.5837497711182 18.974250793457 17.1574993133545 17.419750213623 19.3552494049072 25.4332504272461 25.1429996490479 26.4850006103516 28.1122493743896 27.5275001525879 20.0520000457764 18.7372493743896 27.9085006713867 30.9032497406006 31.8824996948242 31.9930000305176
-3.4e+38 -3.4e+38 -3.4e+38 -3.4e+38 -3.4e+38 -3.4e+38 -3.4e+38 -3.4e+38 -3.4e+38 -3.4e+38 -3.4e+38 -3.4e+38 -3.4e+38 -3.4e+38 -3.4e+38 -3.4e+38 -3.4e+38 24.6099281311035 24.7662506103516 24.257999420166 24.367000579834 23.3700008392334 24.0154991149902 22.4349994659424 18.2724990844727 18.9305000305176 14.4835004806519 12.3632497787476 11.7775001525879 11.173999786377 10.69225025177 6.11499977111816 10.2370004653931 13.3562498092651 15.5775003433228 17.5292491912842 27.3460006713867 26.4582500457764 21.9487495422363 17.4067497253418 23.8422508239746 29.4360008239746 27.6229991912842 25.4997501373291 25.5462493896484 21.8712501525879 16.2882499694824 27.7637500762939 31.2457504272461 32.1212501525879 32.2425003051758 32.4207496643066
-3.4e+38 -3.4e+38 -3.4e+38 -3.4e+38 -3.4e+38 -3.4e+38 -3.4e+38 -3.4e+38 -3.4e+38 -3.4e+38 -3.4e+38 -3.4e+38 -3.4e+38 -3.4e+38 -3.4e+38 -3.4e+38 -3.4e+38 24.0502185821533 24.8102493286133 24.4297504425049 23.7317504882812 24.0060005187988 22.8257503509521 21.4167499542236 18.6802501678467 14.2320003509521 15.2967500686646 11.366250038147 11.3739995956421 10.2209997177124 11.3942499160767 11.0487499237061 10.4377498626709 14.4844999313354 16.2959995269775 20.3584995269775 27.5895004272461 29.4090003967285 21.8347492218018 16.164249420166 26.5279998779297 29.9347496032715 27.5330009460449 26.8579998016357 24.8312492370605 22.1477508544922 24.3022499084473 29.3267498016357 31.941499710083 32.599250793457 32.6220016479492 32.5954971313477
-3.4e+38 -3.4e+38 -3.4e+38 -3.4e+38 -3.4e+38 -3.4e+38 -3.4e+38 -3.4e+38 -3.4e+38 -3.4e+38 -3.4e+38 -3.4e+38 -3.4e+38 -3.4e+38 -3.4e+38 -3.4e+38 23.2000007629395 24.4456043243408 25.0647506713867 24.9027500152588 23.2574996948242 23.2724990844727 21.7392501831055 20.2530002593994 17.388500213623 14.1177501678467 14.5552501678467 11.3280000686646 10.0460004806519 9.54049968719482 11.691499710083 13.1499996185303 11.2904996871948 13.0522499084473 16.4817504882812 20.1002502441406 27.5722503662109 29.1744995117188 20.3147506713867 22.6912498474121 29.3482494354248 29.955249786377 30.6377506256104 31.4099998474121 33.8172492980957 31.300500869751 29.7342491149902 28.8535003662109 31.6790008544922 32.9797515869141 33.194751739502 32.8047485351562
-3.4e+38 -3.4e+38 -3.4e+38 -3.4e+38 -3.4e+38 -3.4e+38 -3.4e+38 -3.4e+38 -3.4e+38 -3.4e+38 -3.4e+38 -3.4e+38 -3.4e+38 -3.4e+38 -3.4e+38 -3.4e+38 24.2197189331055 24.5779190063477 24.9874992370605 24.9750003814697 22.517749786377 22.4305000305176 21.0219993591309 18.8782501220703 17.2810001373291 16.0839996337891 13.2600002288818 9.80749988555908 9.08675003051758 7.29425001144409 6.52899980545044 10.2342500686646 11.830249786377 15.763500213623 19.1262493133545 20.52174949646 27.4752502441406 28.2722492218018 24.58424949646 28.4547500610352 32.7584991455078 33.7760009765625 33.7560005187988 35.1612510681152 35.1254997253418 34.5 29.1005001068115 28.4384994506836 30.4955005645752 32.9707489013672 33.5382499694824 33.2024993896484
-3.4e+38 -3.4e+38 -3.4e+38 -3.4e+38 -3.4e+38 -3.4e+38 -3.4e+38 -3.4e+38 -3.4e+38 -3.4e+38 -3.4e+38 -3.4e+38 -3.4e+38 -3.4e+38 -3.4e+38 -3.4e+38 23.6231288909912 24.4169998168945 25.2409992218018 25.4120006561279 23.3202495574951 21.2882499694824 21.3647499084473 18.9912490844727 17.0349998474121 14.7285003662109 14.7644996643066 13.0007495880127 9.93474960327148 5.78000020980835 5.37424993515015 11.1402502059937 12.3234996795654 14.9899997711182 19.7142505645752 21.7350006103516 27.4012508392334 29.8055000305176 29.1809997558594 30.3602504730225 34.0779991149902 34.5685005187988 34.713249206543 35.1105003356934 35.1972503662109 35.0167503356934 27.4877490997314 29.4352493286133 30.1165008544922 32.4145011901855 33.765251159668 33.4544982910156
-3.4e+38 -3.4e+38 -3.4e+38 -3.4e+38 -3.4e+38 -3.4e+38 -3.4e+38 -3.4e+38 -3.4e+38 -3.4e+38 -3.4e+38 -3.4e+38 -3.4e+38 -3.4e+38 -3.4e+38 23.0499992370605 23.5526733398438 24.0270004272461 25.0650005340576 24.7857494354248 22.3462505340576 20.6497497558594 18.9702491760254 20.1809997558594 16.8277492523193 13.8672504425049 11.6180000305176 11.5562496185303 9.93449974060059 7.71624994277954 7.67999982833862 14.196249961853 14 15.3854999542236 16.911750793457 17.576000213623 25.2754993438721 32.4264984130859 30.9257507324219 29.4667491912842 34.0542488098145 34.6865005493164 35.0335006713867 35.1252479553223 35.179500579834 34.6442489624023 25.4629993438721 28.0144996643066 30.5522499084473 31.6677494049072 33.193000793457 33.1044998168945
-3.4e+38 -3.4e+38 -3.4e+38 -3.4e+38 -3.4e+38 -3.4e+38 -3.4e+38 -3.4e+38 -3.4e+38 -3.4e+38 -3.4e+38 -3.4e+38 -3.4e+38 -3.4e+38 -3.4e+38 23.5625 23.83078956604 23.84375 25.3519992828369 24.2842502593994 21.4217491149902 19.2822494506836 16.9624996185303 16.7632503509521 17.3239994049072 10.9257497787476 9.70400047302246 12.4619998931885 10.7419996261597 10.7360000610352 11.277250289917 15.9992504119873 16.4860000610352 20.0122509002686 18.5655002593994 18.9500007629395 25.017749786377 31.6487503051758 32.5629997253418 32.0332489013672 33.7547492980957 34.6367492675781 35.1424980163574 35.2922515869141 35.0747489929199 34.2377510070801 23.9407501220703 26.8799991607666 31.1547508239746 30.6652507781982 30.9927501678467 32.1389999389648
-3.4e+38 -3.4e+38 -3.4e+38 -3.4e+38 -3.4e+38 -3.4e+38 -3.4e+38 -3.4e+38 -3.4e+38 -3.4e+38 -3.4e+38 -3.4e+38 -3.4e+38 -3.4e+38 -3.4e+38 23.5067405700684 23.7516288757324 23.7229995727539 24.5167503356934 22.306999206543 20.6227493286133 18.5657501220703 14.4542503356934 13.6317501068115 9.53899955749512 6.91475009918213 11.8362503051758 12.9692497253418 13.1632499694824 11.1245002746582 12.902250289917 18.1122493743896 21.9395008087158 21.9942493438721 23.3215007781982 20.6377506256104 24.0022506713867 31.2387504577637 32.8472518920898 32.9642486572266 31.4932498931885 33.275749206543 34.8552513122559 35.1310005187988 34.8827514648438 32.9184989929199 21.9027500152588 27.9309997558594 32.9409980773926 30.0287494659424 30.4477500915527 32.1727485656738
-3.4e+38 -3.4e+38 -3.4e+38 -3.4e+38 -3.4e+38 -3.4e+38 -3.4e+38 -3.4e+38 -3.4e+38 -3.4e+38 -3.4e+38 -3.4e+38 -3.4e+38 -3.4e+38 -3.4e+38 23.2197875976562 23.2730007171631 24.2520008087158 24.6639995574951 21.6627502441406 18.8924999237061 17.3859996795654 12.6405000686646 11.8627500534058 7.51975011825562 8.77775001525879 11.5067501068115 12.5677499771118 13.8800001144409 11.8372497558594 17.6252498626709 22.0792503356934 25.9535007476807 25.6490001678467 27.1494998931885 18.632999420166 23.1977500915527 29.3325004577637 31.9570007324219 30.7387504577637 25.7657508850098 31.1867504119873 33.9067497253418 34.6182518005371 34.2712516784668 28.4577503204346 26.8762493133545 32.064998626709 33.736499786377 29.9645004272461 31.3924999237061 32.9679985046387
