data/layers/Current/bio6.asc
NCOLS 494 
NROWS 529 
XLLCORNER -117.166666666667 
YLLCORNER -55.5 
CELLSIZE 0.166666666666667 
NODATA_value -3.4e+38 
[rows 161 to 183 of 529, columns 364 to 415 of 494]
22.6564998626709 22.6862506866455 22.5743598937988 22.5220737457275 22.4077491760254 22.4012489318848 22.472749710083 22.5974998474121 22.6007499694824 22.4347496032715 22.3704986572266 22.3169994354248 22.2899990081787 22.2297496795654 22.1650676727295 22.1670970916748 22.2878379821777 -3.4e+38 -3.4e+38 -3.4e+38 -3.4e+38 -3.4e+38 -3.4e+38 -3.4e+38 -3.4e+38 -3.4e+38 -3.4e+38 -3.4e+38 -3.4e+38 -3.4e+38 -3.4e+38 -3.4e+38 -3.4e+38 -3.4e+38 -3.4e+38 -3.4e+38 -3.4e+38 -3.4e+38 -3.4e+38 -3.4e+38 -3.4e+38 -3.4e+38 -3.4e+38 -3.4e+38 -3.4e+38 -3.4e+38 -3.4e+38 -3.4e+38 -3.4e+38 -3.4e+38 -3.4e+38 -3.4e+38
22.4482498168945 22.4134998321533 22.3802490234375 22.3144989013672 22.2329998016357 22.1865005493164 22.1312503814697 22.130500793457 22.2199993133545 22.2352504730225 22.160249710083 22.1612510681152 22.1192512512207 22.0065002441406 21.9801578521729 21.9370918273926 21.9575748443604 21.9748191833496 21.8957443237305 22.0663452148438 22.1000003814697 -3.4e+38 -3.4e+38 -3.4e+38 -3.4e+38 -3.4e+38 -3.4e+38 -3.4e+38 -3.4e+38 -3.4e+38 -3.4e+38 -3.4e+38 -3.4e+38 -3.4e+38 -3.4e+38 -3.4e+38 -3.4e+38 -3.4e+38 -3.4e+38 -3.4e+38 -3.4e+38 -3.4e+38 -3.4e+38 -3.4e+38 -3.4e+38 -3.4e+38 -3.4e+38 -3.4e+38 -3.4e+38 -3.4e+38 -3.4e+38 -3.4e+38
22.3122501373291 22.3207492828369 22.2552509307861 22.1330013275146 22.0880012512207 21.9650001525879 21.8979988098145 21.7544994354248 21.8120002746582 21.8944988250732 21.9349994659424 21.9292488098145 21.8457489013672 21.8067493438721 21.8707504272461 21.6492500305176 21.6582508087158 21.6510009765625 21.6527500152588 21.6707496643066 21.5947208404541 21.573034286499 21.533332824707 -3.4e+38 -3.4e+38 -3.4e+38 -3.4e+38 -3.4e+38 -3.4e+38 -3.4e+38 -3.4e+38 -3.4e+38 -3.4e+38 -3.4e+38 -3.4e+38 -3.4e+38 -3.4e+38 -3.4e+38 -3.4e+38 -3.4e+38 -3.4e+38 -3.4e+38 -3.4e+38 -3.4e+38 -3.4e+38 -3.4e+38 -3.4e+38 -3.4e+38 -3.4e+38 -3.4e+38 -3.4e+38 -3.4e+38
22.125 22.0602493286133 22.068000793457 21.9675006866455 21.8804988861084 21.7542495727539 21.7189998626709 21.6400012969971 21.7224998474121 21.7019996643066 21.7617492675781 21.7784996032715 21.7512493133545 21.8134994506836 21.5462493896484 21.423999786377 21.4762496948242 21.4764995574951 21.3530006408691 21.3579998016357 21.2775001525879 21.2942504882812 21.2484607696533 21.3624992370605 -3.4e+38 -3.4e+38 -3.4e+38 -3.4e+38 -3.4e+38 -3.4e+38 -3.4e+38 -3.4e+38 -3.4e+38 -3.4e+38 -3.4e+38 -3.4e+38 -3.4e+38 -3.4e+38 -3.4e+38 -3.4e+38 -3.4e+38 -3.4e+38 -3.4e+38 -3.4e+38 -3.4e+38 -3.4e+38 -3.4e+38 -3.4e+38 -3.4e+38 -3.4e+38 -3.4e+38 -3.4e+38
21.9370002746582 21.8697490692139 21.9379997253418 21.8675003051758 21.7740001678467 21.6919994354248 21.7222499847412 21.6630001068115 21.6560001373291 21.6417503356934 21.5692501068115 21.640251159668 21.8117504119873 21.5942497253418 21.4244995117188 21.3042507171631 21.3817501068115 21.289249420166 21.0725002288818 21.023250579834 21.0767498016357 21.0384998321533 21.109001159668 21.2029418945312 21.4291667938232 -3.4e+38 -3.4e+38 -3.4e+38 -3.4e+38 -3.4e+38 -3.4e+38 -3.4e+38 -3.4e+38 -3.4e+38 -3.4e+38 -3.4e+38 -3.4e+38 -3.4e+38 -3.4e+38 -3.4e+38 -3.4e+38 -3.4e+38 -3.4e+38 -3.4e+38 -3.4e+38 -3.4e+38 -3.4e+38 -3.4e+38 -3.4e+38 -3.4e+38 -3.4e+38 -3.4e+38
21.7672500610352 21.8179988861084 21.8622493743896 21.724250793457 21.714750289917 21.5772495269775 21.3547496795654 21.1324996948242 21.8542499542236 21.64674949646 21.5380001068115 21.318000793457 21.6477508544922 21.3934993743896 21.0114994049072 21.3497505187988 21.3540000915527 21.1582508087158 20.9207496643066 20.886999130249 21.2430000305176 20.9497489929199 21.0295009613037 21.1157493591309 21.3941173553467 21.4500007629395 -3.4e+38 -3.4e+38 -3.4e+38 -3.4e+38 -3.4e+38 -3.4e+38 -3.4e+38 -3.4e+38 -3.4e+38 -3.4e+38 -3.4e+38 -3.4e+38 -3.4e+38 -3.4e+38 -3.4e+38 -3.4e+38 -3.4e+38 -3.4e+38 -3.4e+38 -3.4e+38 -3.4e+38 -3.4e+38 -3.4e+38 -3.4e+38 -3.4e+38 -3.4e+38
21.7137508392334 21.8197498321533 21.7530002593994 21.6122512817383 21.5440006256104 21.5737495422363 21.55299949646 21.5417499542236 21.951000213623 21.8449993133545 21.5837497711182 21.1392498016357 21.5847492218018 21.0254993438721 21.1727504730225 20.775749206543 21.1580009460449 21.0209999084473 20.6695003509521 20.7427501678467 20.880500793457 21.0335006713867 20.9467506408691 21.0042495727539 21.2902507781982 21.3446960449219 21.4578704833984 21.5400009155273 -3.4e+38 -3.4e+38 -3.4e+38 -3.4e+38 -3.4e+38 -3.4e+38 -3.4e+38 -3.4e+38 -3.4e+38 -3.4e+38 -3.4e+38 -3.4e+38 -3.4e+38 -3.4e+38 -3.4e+38 -3.4e+38 -3.4e+38 -3.4e+38 -3.4e+38 -3.4e+38 -3.4e+38 -3.4e+38 -3.4e+38 -3.4e+38
21.6412506103516 21.6809997558594 21.554500579834 21.4977493286133 21.4939994812012 21.4759998321533 21.5552501678467 21.6529998779297 21.8752498626709 21.7202491760254 21.6102504730225 21.4827499389648 21.6012496948242 21.4915008544922 21.2740001678467 21.1195011138916 21.0750007629395 20.986499786377 20.6432495117188 20.5742492675781 20.6200008392334 20.7257499694824 20.8092498779297 21.0144996643066 21.0212497711182 21.0877494812012 21.1865005493164 21.4732475280762 21.5244445800781 -3.4e+38 -3.4e+38 -3.4e+38 -3.4e+38 -3.4e+38 -3.4e+38 -3.4e+38 -3.4e+38 -3.4e+38 -3.4e+38 -3.4e+38 -3.4e+38 -3.4e+38 -3.4e+38 -3.4e+38 -3.4e+38 -3.4e+38 -3.4e+38 -3.4e+38 -3.4e+38 -3.4e+38 -3.4e+38 -3.4e+38
21.4542503356934 21.4407501220703 21.4670009613037 21.4322490692139 21.3400001525879 21.4050006866455 21.5757503509521 21.568000793457 21.6597499847412 21.5429992675781 21.2014999389648 21.085750579834 21.3279991149902 21.2472496032715 21.1037502288818 20.9737491607666 20.9237499237061 20.8589992523193 20.5860004425049 20.4097499847412 20.3502502441406 20.58424949646 20.77174949646 20.9225006103516 20.9545001983643 20.9780006408691 21.1752510070801 21.3509998321533 21.4091300964355 21.5279579162598 21.703670501709 -3.4e+38 -3.4e+38 -3.4e+38 -3.4e+38 -3.4e+38 -3.4e+38 -3.4e+38 -3.4e+38 -3.4e+38 -3.4e+38 -3.4e+38 -3.4e+38 -3.4e+38 -3.4e+38 -3.4e+38 -3.4e+38 -3.4e+38 -3.4e+38 -3.4e+38 -3.4e+38 -3.4e+38
21.4787502288818 20.9885005950928 20.9192504882812 21.314998626709 21.236499786377 21.3737506866455 21.5555000305176 21.4892501831055 21.4167499542236 21.3127498626709 20.74049949646 21.0422496795654 21.351749420166 21.2124996185303 21.0004997253418 20.8457489013672 20.7054996490479 20.6942501068115 20.4887504577637 20.0647506713867 20.2210006713867 20.40625 20.5457496643066 20.6447505950928 20.5590000152588 20.9072494506836 21.0292491912842 21.1539993286133 21.2407703399658 21.489574432373 21.4961929321289 21.6396236419678 -3.4e+38 -3.4e+38 -3.4e+38 -3.4e+38 -3.4e+38 -3.4e+38 -3.4e+38 -3.4e+38 -3.4e+38 -3.4e+38 -3.4e+38 -3.4e+38 -3.4e+38 -3.4e+38 -3.4e+38 -3.4e+38 -3.4e+38 -3.4e+38 -3.4e+38 -3.4e+38
21.4780006408691 20.8134994506836 21.1842498779297 21.2877502441406 21.275749206543 21.4512500762939 21.4987506866455 21.3145008087158 21.3159999847412 21.3487491607666 21.3847503662109 21.2327499389648 21.222749710083 20.7259998321533 20.4752502441406 20.6202507019043 20.3977489471436 20.5300006866455 20.4437503814697 20.0722503662109 20.2407493591309 20.2877502441406 20.445499420166 20.4262504577637 20.6814994812012 20.6730003356934 20.7887496948242 20.9340000152588 21.2135009765625 21.4227504730225 21.4382495880127 21.6816024780273 -3.4e+38 -3.4e+38 -3.4e+38 -3.4e+38 -3.4e+38 -3.4e+38 -3.4e+38 -3.4e+38 -3.4e+38 -3.4e+38 -3.4e+38 -3.4e+38 -3.4e+38 -3.4e+38 -3.4e+38 -3.4e+38 -3.4e+38 -3.4e+38 -3.4e+38 -3.4e+38
21.1809997558594 20.8395004272461 20.8784999847412 21.1932487487793 21.2559986114502 21.4227504730225 21.3902492523193 21.1167507171631 21.1397495269775 21.2692489624023 21.1849994659424 21.0699996948242 20.826000213623 20.3882503509521 20.1909999847412 20.191499710083 20.2827491760254 20.3675003051758 20.4134998321533 20.1647491455078 20.0027503967285 20.2945003509521 20.3177509307861 20.4997501373291 20.4132499694824 20.41575050354 20.5930004119873 20.8282489776611 21.1027507781982 21.1984996795654 21.355749130249 21.6000003814697 21.8657531738281 -3.4e+38 -3.4e+38 -3.4e+38 -3.4e+38 -3.4e+38 -3.4e+38 -3.4e+38 -3.4e+38 -3.4e+38 -3.4e+38 -3.4e+38 -3.4e+38 -3.4e+38 -3.4e+38 -3.4e+38 -3.4e+38 -3.4e+38 -3.4e+38 -3.4e+38
20.3920001983643 20.7537498474121 20.9227504730225 21.0469989776611 21.3762493133545 21.2705001831055 21.1937503814697 21.0900001525879 21.0459995269775 21.1160011291504 21.0279998779297 20.9107494354248 20.6380004882812 20.4034996032715 20.0187492370605 20.168249130249 20.3077487945557 20.2294998168945 19.7884998321533 20.0440006256104 19.8842506408691 20.191499710083 20.2450008392334 20.3034992218018 20.1680011749268 20.3115005493164 20.5012493133545 20.7657508850098 20.9664993286133 21.2054996490479 21.3055000305176 21.557788848877 21.7590675354004 -3.4e+38 -3.4e+38 -3.4e+38 -3.4e+38 -3.4e+38 -3.4e+38 -3.4e+38 -3.4e+38 -3.4e+38 -3.4e+38 -3.4e+38 -3.4e+38 -3.4e+38 -3.4e+38 -3.4e+38 -3.4e+38 -3.4e+38 -3.4e+38 -3.4e+38
20.505500793457 20.1159992218018 21.0082511901855 21.21875 21.1947498321533 21.1227512359619 21.0607509613037 21.0570011138916 21.0869998931885 21.0747509002686 20.8857498168945 20.806999206543 20.54075050354 20.3500003814697 20.1667499542236 19.9347496032715 20.0657501220703 19.4605007171631 19.8232498168945 19.71875 19.9532508850098 20.1982498168945 20.2824993133545 20.2222499847412 20.0932502746582 20.2395000457764 20.4190006256104 20.5699996948242 20.8299999237061 21.0727500915527 21.2894992828369 21.5349998474121 21.7892150878906 -3.4e+38 -3.4e+38 -3.4e+38 -3.4e+38 -3.4e+38 -3.4e+38 -3.4e+38 -3.4e+38 -3.4e+38 -3.4e+38 -3.4e+38 -3.4e+38 -3.4e+38 -3.4e+38 -3.4e+38 -3.4e+38 -3.4e+38 -3.4e+38 -3.4e+38
20.6145000457764 20.9325008392334 20.7714996337891 20.9072494506836 21.1337509155273 21.0475006103516 21.0809993743896 21.0852508544922 21.1165008544922 20.9922504425049 20.8804988861084 20.7089996337891 20.6142501831055 20.3355007171631 20.2712497711182 20.3024997711182 20.3015003204346 20.2127494812012 20.2030010223389 20.0832500457764 20.1057510375977 20.1902503967285 20.2469997406006 20.1415004730225 20.1302509307861 20.1457500457764 20.3559989929199 20.4610004425049 20.695499420166 21.0487499237061 21.29075050354 21.4895000457764 21.8486328125 -3.4e+38 -3.4e+38 -3.4e+38 -3.4e+38 -3.4e+38 -3.4e+38 -3.4e+38 -3.4e+38 -3.4e+38 -3.4e+38 -3.4e+38 -3.4e+38 -3.4e+38 -3.4e+38 -3.4e+38 -3.4e+38 -3.4e+38 -3.4e+38 -3.4e+38
20.3452491760254 20.4890003204346 20.4032497406006 20.7972507476807 21.130500793457 21.1324996948242 21.0812511444092 21.0747509002686 21.0182495117188 20.7784996032715 20.7617492675781 20.6830005645752 20.585750579834 20.5432510375977 20.5030002593994 20.4112491607666 20.3497505187988 20.3745002746582 20.2700004577637 20.0752506256104 19.8457508087158 19.9699993133545 20.070499420166 20.0389995574951 20.1424999237061 20.2310009002686 20.2094993591309 20.3859996795654 20.6342506408691 20.9812507629395 21.2982501983643 21.5597496032715 21.8434162139893 -3.4e+38 -3.4e+38 -3.4e+38 -3.4e+38 -3.4e+38 -3.4e+38 -3.4e+38 -3.4e+38 -3.4e+38 -3.4e+38 -3.4e+38 -3.4e+38 -3.4e+38 -3.4e+38 -3.4e+38 -3.4e+38 -3.4e+38 -3.4e+38 -3.4e+38
20.8600006103516 20.8102493286133 20.8915004730225 21.0432510375977 21.1262512207031 21.1564998626709 21.0265007019043 20.8120002746582 20.5375003814697 20.28125 20.7337493896484 20.7517490386963 20.6177501678467 20.5839996337891 20.5197505950928 20.4529991149902 20.4457492828369 20.3739986419678 20.2964992523193 20.2465000152588 19.5559997558594 20.1669998168945 20.2495002746582 20.1300010681152 20.1240005493164 20.1322498321533 20.2005004882812 20.3815002441406 20.6472492218018 21.0440006256104 21.3185005187988 21.5694999694824 21.8587894439697 -3.4e+38 -3.4e+38 -3.4e+38 -3.4e+38 -3.4e+38 -3.4e+38 -3.4e+38 -3.4e+38 -3.4e+38 -3.4e+38 -3.4e+38 -3.4e+38 -3.4e+38 -3.4e+38 -3.4e+38 -3.4e+38 -3.4e+38 -3.4e+38 -3.4e+38
20.9217491149902 20.642749786377 20.8022499084473 20.9957504272461 20.9572505950928 21.0317497253418 20.8664989471436 20.6504993438721 20.3767490386963 20.5397491455078 20.8384990692139 20.8092498779297 20.6770000457764 20.6485004425049 20.5487499237061 20.494499206543 20.4409999847412 20.4419994354248 20.2719993591309 20.2159996032715 20.1714992523193 20.2897491455078 20.3137493133545 20.1529998779297 20.3094997406006 20.2350006103516 20.2560005187988 20.4790000915527 20.8819999694824 21.1367492675781 21.400749206543 21.5867500305176 21.8727493286133 22.1375007629395 -3.4e+38 -3.4e+38 -3.4e+38 -3.4e+38 -3.4e+38 -3.4e+38 -3.4e+38 -3.4e+38 -3.4e+38 -3.4e+38 -3.4e+38 -3.4e+38 -3.4e+38 -3.4e+38 -3.4e+38 -3.4e+38 -3.4e+38 -3.4e+38
20.7695007324219 20.7234992980957 19.8365001678467 20.8337497711182 20.8602504730225 20.8570003509521 20.8059997558594 20.6205005645752 20.0329990386963 20.7954998016357 20.8214988708496 20.7899990081787 20.7439994812012 20.6944999694824 20.607250213623 20.5647506713867 20.4540004730225 20.4412498474121 20.3007488250732 20.2507495880127 20.3452491760254 20.3862495422363 20.3412494659424 20.433500289917 20.4634990692139 20.4547500610352 20.3915004730225 20.5520000457764 20.9149990081787 21.2450008392334 21.4209995269775 21.6660003662109 21.8929996490479 22.1769866943359 -3.4e+38 -3.4e+38 -3.4e+38 -3.4e+38 -3.4e+38 -3.4e+38 -3.4e+38 -3.4e+38 -3.4e+38 -3.4e+38 -3.4e+38 -3.4e+38 -3.4e+38 -3.4e+38 -3.4e+38 -3.4e+38 -3.4e+38 -3.4e+38
20.8847503662109 20.8197498321533 19.9262504577637 20.4332504272461 20.3194999694824 20.7679996490479 20.7542495727539 20.4922504425049 19.9322509765625 19.9074993133545 20.1905002593994 20.7749996185303 20.7385005950928 20.6817512512207 20.6459999084473 20.5862503051758 20.4857501983643 20.4347496032715 20.3227500915527 20.3214988708496 20.4274997711182 20.4099998474121 20.472749710083 20.5874996185303 20.5432510375977 20.5482501983643 20.5359992980957 20.6310005187988 20.9907493591309 21.2532501220703 21.4557495117188 21.6725006103516 21.8889999389648 22.2492141723633 22.4500007629395 -3.4e+38 -3.4e+38 -3.4e+38 -3.4e+38 -3.4e+38 -3.4e+38 -3.4e+38 -3.4e+38 -3.4e+38 -3.4e+38 -3.4e+38 -3.4e+38 -3.4e+38 -3.4e+38 -3.4e+38 -3.4e+38 -3.4e+38
20.6322498321533 20.644250869751 20.2997493743896 20.2210006713867 20.0012493133545 20.3372497558594 20.2682495117188 20.2199993133545 20.1717510223389 19.6007499694824 19.8519992828369 20.5817489624023 20.7969989776611 20.6947498321533 20.7080001831055 20.5440006256104 20.2709999084473 20.3882503509521 20.3404998779297 20.1722507476807 20.4114990234375 20.4842491149902 20.6110000610352 20.6825008392334 20.7302494049072 20.683500289917 20.58424949646 20.5452499389648 20.9557495117188 21.202751159668 21.5365009307861 21.7697505950928 21.9487495422363 22.2485008239746 22.4901847839355 -3.4e+38 -3.4e+38 -3.4e+38 -3.4e+38 -3.4e+38 -3.4e+38 -3.4e+38 -3.4e+38 -3.4e+38 -3.4e+38 -3.4e+38 -3.4e+38 -3.4e+38 -3.4e+38 -3.4e+38 -3.4e+38 -3.4e+38
20.8602504730225 20.7140007019043 20.24049949646 20.6650009155273 19.6752490997314 19.4392509460449 20.179500579834 20.2369995117188 20.3267498016357 20.13450050354 19.9852504730225 20.150749206543 20.2987499237061 20.5457496643066 20.5387496948242 20.2192497253418 20.1730003356934 20.1375007629395 20.1520004272461 20.1187496185303 20.5112495422363 20.710750579834 20.7407493591309 20.7672500610352 20.7667503356934 20.7232494354248 20.7582492828369 20.8142490386963 20.851749420166 21.1579990386963 21.5772495269775 21.7562503814697 21.9497489929199 22.2822494506836 22.5235919952393 22.7000007629395 22.7200012207031 -3.4e+38 -3.4e+38 -3.4e+38 -3.4e+38 -3.4e+38 -3.4e+38 -3.4e+38 -3.4e+38 -3.4e+38 -3.4e+38 -3.4e+38 -3.4e+38 -3.4e+38 -3.4e+38 -3.4e+38
20.8082504272461 20.8015003204346 20.6787509918213 20.6270008087158 20.277250289917 19.6797504425049 19.9482498168945 20.3257503509521 20.3412494659424 20.2487506866455 20.1877498626709 20.3179988861084 20.3622493743896 20.2609996795654 20.2197494506836 20.20924949646 20.246000289917 20.1827507019043 20.2542495727539 20.1352500915527 20.4577503204346 20.70924949646 20.6905002593994 20.6809997558594 20.7220001220703 20.7854995727539 20.8934993743896 21.0240001678467 21.0827503204346 21.1375007629395 21.5717506408691 21.755500793457 21.9527492523193 22.2682495117188 22.6035900115967 22.6635131835938 22.6652336120605 -3.4e+38 -3.4e+38 -3.4e+38 -3.4e+38 -3.4e+38 -3.4e+38 -3.4e+38 -3.4e+38 -3.4e+38 -3.4e+38 -3.4e+38 -3.4e+38 -3.4e+38 -3.4e+38 -3.4e+38
