data/layers/Current/bio6.asc
NCOLS 494 
NROWS 529 
XLLCORNER -117.166666666667 
YLLCORNER -55.5 
CELLSIZE 0.166666666666667 
NODATA_value -3.4e+38 
[rows 253 to 275 of 529, columns 312 to 363 of 494]
18.6862506866455 18.6259994506836 18.326000213623 18.183500289917 18.1700000762939 18.0384998321533 17.80299949646 17.482250213623 17.4209995269775 17.2427501678467 16.9907493591309 16.8952503204346 16.8214988708496 16.6475009918213 16.4479999542236 16.3680000305176 16.1837501525879 16.2245006561279 16.3207492828369 16.306999206543 16.5087509155273 16.5 16.5154991149902 16.5535011291504 16.4899997711182 16.5295009613037 16.6517505645752 16.7537498474121 16.7127494812012 16.8239994049072 16.722749710083 16.675500869751 16.8334999084473 17.0047492980957 17.0767498016357 16.8624992370605 16.7362499237061 16.6224994659424 16.7625007629395 16.9232501983643 17.0642509460449 17.2810001373291 17.14674949646 17.2822494506836 17.3449993133545 17.375 17.5967502593994 17.8552494049072 18.1254997253418 18.3540000915527 18.494499206543 18.5462493896484
18.6787509918213 18.5594997406006 18.3519992828369 18.132999420166 18.0847511291504 17.9930000305176 17.720251083374 17.4812507629395 17.3187503814697 17.2142505645752 16.9584999084473 16.7872505187988 16.7154998779297 16.4955005645752 16.3457489013672 16.2017498016357 16.1742496490479 16.1480007171631 16.1812496185303 16.3115005493164 16.3317489624023 16.326000213623 16.3325004577637 16.390998840332 16.3372497558594 16.4149990081787 16.5512504577637 16.5582504272461 16.5289993286133 16.5722503662109 16.67799949646 16.5930004119873 16.6357498168945 16.83424949646 16.992000579834 16.8577499389648 16.8092498779297 16.7845001220703 16.6595001220703 16.6499996185303 16.8424987792969 17.1267509460449 16.873498916626 17.0564994812012 17.0882511138916 17.2240009307861 17.4997501373291 17.69700050354 17.8482494354248 18.2512493133545 18.2797508239746 18.4190006256104
18.6610012054443 18.5675010681152 18.3127498626709 18.0944995880127 18.0737495422363 17.9387493133545 17.6117496490479 17.3547496795654 17.3104991912842 17.0797500610352 16.8512496948242 16.722749710083 16.669750213623 16.5012493133545 16.2425003051758 16.0912494659424 15.9855003356934 15.92799949646 15.9624996185303 16.1792507171631 16.1615009307861 16.128999710083 16.1310005187988 16.1272506713867 16.1692504882812 16.3209991455078 16.3680000305176 16.4084987640381 16.3457489013672 16.3355007171631 16.4419994354248 16.2569999694824 16.4542503356934 16.6625003814697 16.705249786377 16.8462505340576 16.6957492828369 16.7614994049072 16.6875 16.4440002441406 16.5622501373291 16.9419994354248 16.8974990844727 16.8712501525879 17.0012493133545 17.1665000915527 17.2099990844727 17.4575004577637 17.6054992675781 18.0314998626709 18.0559997558594 18.1989994049072
18.630500793457 18.4622497558594 18.2697505950928 18.1322498321533 18.1294994354248 17.9069995880127 17.5179996490479 17.257999420166 17.1922492980957 16.9177494049072 16.7627506256104 16.6867504119873 16.5867500305176 16.3699989318848 16.1639995574951 15.9519996643066 15.7980003356934 15.8162498474121 15.8807497024536 16.032751083374 15.9487504959106 15.7624998092651 15.8854999542236 15.8872499465942 15.9440002441406 16.1862506866455 16.1357498168945 16.2304992675781 16.2084999084473 16.1927509307861 16.2910003662109 16.1240005493164 16.3667507171631 16.3837509155273 16.4842510223389 16.5662498474121 16.61549949646 16.72825050354 16.5727500915527 16.4890003204346 16.5302505493164 16.8497505187988 16.72825050354 16.6669998168945 16.8334999084473 17.0047492980957 16.8969993591309 17.2674999237061 17.5382499694824 17.8349990844727 17.8470001220703 18.0292491912842
18.742000579834 18.4242496490479 18.2087497711182 18.1772499084473 18.0637493133545 17.8289985656738 17.4829998016357 17.1632499694824 17.1435012817383 16.8737506866455 16.6205005645752 16.6852493286133 16.5527496337891 16.3347492218018 16.0362510681152 15.8100004196167 15.7690000534058 15.7434997558594 15.6957502365112 15.7592496871948 15.8074998855591 15.5019998550415 15.566499710083 15.6897497177124 15.9250001907349 16.066499710083 15.9930000305176 16.1365013122559 16.1375007629395 16.0470008850098 16.0615005493164 15.9242496490479 16.0972499847412 15.8100004196167 15.7224998474121 15.8257503509521 16.1544990539551 16.2929992675781 16.367000579834 16.1399993896484 16.4820003509521 16.4599990844727 16.4392490386963 16.5314998626709 16.6477508544922 16.8104991912842 16.6574993133545 16.7789993286133 17.3784999847412 17.6415004730225 17.7119998931885 17.7402496337891
18.6892509460449 18.4872493743896 18.1882495880127 18.2350006103516 18.0349998474121 17.7847499847412 17.5270004272461 17.1537494659424 17.1270008087158 16.7522506713867 16.532751083374 16.6389999389648 16.3745002746582 16.1597499847412 15.8950004577637 15.7574996948242 15.7115001678467 15.5109996795654 15.4757499694824 15.5172500610352 15.7167501449585 15.5530004501343 15.2752504348755 15.4530000686646 15.6937503814697 15.8257503509521 15.9254999160767 16.0322494506836 15.9580001831055 15.8579998016357 15.674750328064 15.8207502365112 15.7952499389648 15.5772504806519 15.5817499160767 15.6510000228882 15.4167499542236 15.5872497558594 16.0104999542236 16.0862503051758 16.2767505645752 16.3689994812012 16.1817493438721 15.576000213623 15.875 16.1709995269775 16.4917507171631 16.7679996490479 16.9444999694824 17.066499710083 17.2180004119873 17.201000213623
18.86549949646 18.6359996795654 18.2437496185303 18.0652503967285 17.5809993743896 17.5405006408691 17.1587505340576 17.2169990539551 17.0092506408691 16.5464992523193 16.5932502746582 16.6620006561279 16.2032508850098 15.8520002365112 15.7974996566772 15.7445001602173 15.3715000152588 15.2919998168945 15.2735004425049 15.3345003128052 15.5877504348755 15.3544998168945 15.1742496490479 15.4242496490479 15.7089996337891 15.7392501831055 15.7567501068115 15.8932495117188 15.8057498931885 15.6520004272461 15.472749710083 15.6490001678467 15.3605003356934 15.4797496795654 15.4180002212524 15.3602495193481 15.2880001068115 15.164999961853 15.4759998321533 15.9134998321533 16.2402496337891 16.2229995727539 16.1472492218018 15.6577501296997 15.4712495803833 15.9017496109009 16.3147506713867 16.5240001678467 16.7035007476807 16.7849998474121 16.9332504272461 17.0655002593994
18.7259998321533 18.6827507019043 18.5942497253418 18.4020004272461 17.9720001220703 17.4042491912842 16.9557495117188 16.7897491455078 16.3910007476807 16.0025005340576 16.3582496643066 16.5564994812012 16.1277503967285 15.8492498397827 15.7945003509521 15.5097503662109 15.2072496414185 15.0970001220703 15.1642503738403 15.2569999694824 15.2305002212524 15.09850025177 15.0572500228882 15.3970003128052 15.5334997177124 15.4937496185303 15.5994997024536 15.7667503356934 15.8182497024536 15.6472501754761 15.3135004043579 15.3205003738403 15.3067502975464 15.3377504348755 15.3667497634888 15.2962503433228 15.2550001144409 15.16575050354 15.3594999313354 15.5792503356934 15.9217500686646 16.0597496032715 16.0687503814697 16.0984992980957 15.9147500991821 15.8859996795654 15.9759998321533 16.21875 16.3425006866455 16.5107498168945 16.5652503967285 16.7099990844727
18.925500869751 18.6889991760254 18.47825050354 18.3470001220703 18.1057510375977 17.7469997406006 17.2657508850098 16.7152500152588 15.7722501754761 14.9667501449585 16.3819999694824 16.4292507171631 16.0792503356934 15.8394994735718 15.5972499847412 15.3715000152588 15.0150003433228 15.07200050354 15.081000328064 15.125750541687 15.0467500686646 14.7107496261597 14.9875001907349 15.3987503051758 15.4344997406006 15.3099994659424 15.4757499694824 15.563250541687 15.6237497329712 15.450249671936 15.0690002441406 15.1517496109009 15.1354999542236 15.1700000762939 15.2795000076294 15.196249961853 15.0732498168945 14.9879999160767 15.0909996032715 15.4212503433228 15.6362495422363 15.8277502059937 15.7597503662109 15.9257497787476 15.9069995880127 16.1574993133545 16.1572494506836 16.0787506103516 15.9317502975464 16.1529998779297 16.2212505340576 16.3155002593994
19.0209999084473 18.8185005187988 18.599250793457 18.3460006713867 18.1665000915527 17.9772491455078 17.8097496032715 17.4722499847412 16.6297492980957 16.36549949646 16.4107494354248 16.2102508544922 15.9750003814697 15.7022504806519 15.5495004653931 15.4682502746582 15.3114995956421 15.1614999771118 15.0552501678467 15.0299997329712 14.8377494812012 14.5694999694824 14.972749710083 15.2877502441406 15.2047500610352 15.0807504653931 15.1442499160767 15.3567495346069 15.4484996795654 15.3617496490479 15.1234998703003 15.1577501296997 14.8377504348755 15.0550003051758 15.0792503356934 14.9855003356934 14.7209997177124 14.8777503967285 14.9617500305176 15.012749671936 15.3967504501343 15.5822496414185 15.5474996566772 15.5957498550415 15.7112503051758 15.6444997787476 15.7799997329712 15.8879995346069 15.6067495346069 15.7642498016357 15.9577503204346 15.9917497634888
18.9397506713867 18.8292503356934 18.671501159668 18.4682502746582 18.2280006408691 18.0002498626709 17.7537498474121 17.4624996185303 17.0227508544922 16.8985004425049 16.6259994506836 16.3007507324219 16.077751159668 15.9097499847412 15.7042503356934 15.5377502441406 15.3547496795654 15.2124996185303 15.09375 15.1164999008179 14.84850025177 14.6599998474121 14.7454996109009 14.960000038147 14.8132495880127 14.7550001144409 14.637749671936 15.0567502975464 14.9932498931885 14.6997499465942 14.9007501602173 14.7554998397827 14.5629997253418 14.8055000305176 14.9925003051758 14.9662504196167 14.5784997940063 14.5482501983643 14.4610004425049 14.5895004272461 15.1277503967285 15.4184999465942 15.4302501678467 15.2377500534058 15.4112501144409 15.4317502975464 15.3649997711182 15.5174999237061 15.4387502670288 15.4542503356934 15.6077499389648 15.9344997406006
18.8632488250732 18.7342510223389 18.63450050354 18.4697494506836 18.2512493133545 18.0300006866455 17.7299995422363 17.4165000915527 17.1207504272461 16.9642505645752 16.6222496032715 16.2425003051758 16.21875 16.1777496337891 15.8472499847412 15.6047496795654 15.3210000991821 15.253999710083 15.2285003662109 15.1577501296997 15.1099996566772 14.9577503204346 14.9285001754761 14.8192501068115 14.6742496490479 14.6774997711182 14.2847499847412 14.6447496414185 14.7612495422363 14.5772504806519 14.6099996566772 14.7325000762939 14.5635004043579 14.5745000839233 14.7492504119873 14.683500289917 14.4537496566772 14.2487497329712 14.3892498016357 14.6527500152588 15.09375 15.2110004425049 15.1774997711182 15.0552501678467 14.9957504272461 15.1619997024536 15.2609996795654 15.2492504119873 15.2720003128052 15.232250213623 15.2872495651245 15.4914999008179
18.8757495880127 18.6647510528564 18.5482501983643 18.4017505645752 18.1877498626709 17.951000213623 17.6692504882812 17.4522495269775 16.95924949646 16.894250869751 16.6417503356934 16.5432510375977 16.4122505187988 16.3549995422363 16.1765003204346 15.7972497940063 15.3032503128052 15.2232503890991 15.2067499160767 15.0642499923706 15.0445003509521 14.9879999160767 14.8835000991821 14.9887504577637 14.8227500915527 14.6339998245239 14.4312496185303 14.2309999465942 14.4654998779297 14.3312501907349 14.5872497558594 14.46399974823 14.5332498550415 14.4092502593994 14.4945001602173 14.5139999389648 14.342999458313 14.4107494354248 14.4797496795654 14.6335000991821 14.8482503890991 14.7200002670288 14.9200000762939 14.8602495193481 14.7825002670288 14.9222497940063 15.2045001983643 15.1275005340576 15.1175003051758 15.3062496185303 15.1867504119873 15.1022500991821
18.9435005187988 18.6637496948242 18.5372505187988 18.3444995880127 18.0990009307861 17.8377494812012 17.8150005340576 17.5207500457764 17.0324993133545 16.7257499694824 16.9109992980957 16.7320003509521 16.4090003967285 16.3034992218018 16.1212501525879 15.785249710083 15.3422498703003 15.0679998397827 15.0845003128052 15.0117502212524 15.0325002670288 14.9612503051758 14.9337501525879 14.9852504730225 15.0104999542236 14.9674997329712 14.8754997253418 14.4877500534058 14.3725004196167 14.2442502975464 14.2552499771118 14.231499671936 14.4064998626709 14.4285001754761 14.3922500610352 14.3222503662109 14.2735004425049 14.2712497711182 14.3854999542236 14.6012496948242 14.6512498855591 14.4782495498657 14.6812496185303 14.7902498245239 14.7932500839233 14.9049997329712 15.1062498092651 15.0054998397827 15.0174999237061 15.0377502441406 14.9040002822876 14.8517503738403
18.9512500762939 18.6445007324219 18.4757499694824 18.3645000457764 18.1527500152588 18.0852508544922 17.7792491912842 17.4305000305176 17.1744995117188 17.0014991760254 16.8807487487793 16.7924995422363 16.5725002288818 16.429500579834 16.152250289917 15.8822498321533 15.753999710083 15.0527496337891 14.6637496948242 14.6467504501343 14.8957500457764 14.8289995193481 14.8247499465942 14.9219999313354 14.8979997634888 14.8289995193481 14.7279996871948 14.5292501449585 14.3409996032715 14.1719999313354 14.085000038147 13.977499961853 14.0570001602173 14.1529998779297 14.0725002288818 14.0142498016357 14.1890001296997 14.3017501831055 14.4252500534058 14.3852500915527 14.3900003433228 14.2825002670288 14.5625 14.7982501983643 14.7709999084473 14.777250289917 14.8247499465942 14.9975004196167 15.0347499847412 14.9447498321533 14.8442497253418 14.4914999008179
18.7689990997314 18.570499420166 18.5855007171631 18.3882503509521 18.2747497558594 17.9872493743896 17.6912498474121 17.5090007781982 17.2277507781982 17.1347503662109 17.0195007324219 16.9689998626709 16.8190002441406 16.5452499389648 16.3775005340576 16.2709999084473 15.7647504806519 14.55774974823 14.4184999465942 14.4122495651245 14.3784999847412 14.6537504196167 14.7829999923706 14.9517498016357 14.9504995346069 14.741250038147 14.5954999923706 14.6319999694824 14.3107500076294 14.1417503356934 13.8282499313354 13.8979997634888 13.6617498397827 13.6332502365112 13.946249961853 13.9534997940063 14.0904998779297 14.1197500228882 14.2732496261597 14.3590002059937 14.3482503890991 14.1815004348755 14.2370004653931 14.4219999313354 14.5559997558594 14.5815000534058 14.4932498931885 14.6905002593994 14.8122501373291 14.6792497634888 14.628999710083 14.5500001907349
18.6487503051758 18.4200000762939 18.4260005950928 18.4297504425049 18.1817493438721 17.9462490081787 17.8094997406006 17.6552505493164 17.3452491760254 17.3034992218018 17.1377506256104 17.1397495269775 17.0195007324219 16.7997493743896 16.6097507476807 16.4379997253418 16.0322494506836 15.3535003662109 15.1732501983643 15.0142498016357 14.4799995422363 14.5967502593994 14.8680000305176 14.9130001068115 14.8632497787476 14.7845001220703 14.6359996795654 14.4897499084473 14.3544998168945 14.0740003585815 13.6409997940063 13.6549997329712 13.5012502670288 13.7624998092651 14.089750289917 14.0769996643066 14.0004997253418 13.9757499694824 13.9125003814697 14.1067504882812 14.2042503356934 14.0170001983643 14.1400003433228 14.253999710083 14.27649974823 14.4387502670288 14.3562498092651 14.3354997634888 14.6940002441406 14.4932498931885 14.3549995422363 14.3280000686646
18.6637496948242 18.4507503509521 18.3062496185303 18.3074989318848 18.1587505340576 18.0594997406006 17.9244995117188 17.9309997558594 17.7565002441406 17.589750289917 17.4302501678467 17.3125 17.0295009613037 16.8859996795654 16.617000579834 16.3957500457764 16.0424995422363 15.8977499008179 15.6687498092651 15.5410003662109 14.7747497558594 14.4697504043579 14.7825002670288 14.5094995498657 14.8122501373291 14.6859998703003 14.6774997711182 14.3412504196167 14.1367502212524 13.7212495803833 13.4222497940063 13.31725025177 13.4082498550415 13.7662496566772 13.9274997711182 13.9635000228882 13.6662502288818 13.6905002593994 13.6359996795654 13.8152503967285 13.9434995651245 13.6502494812012 13.8137502670288 14.0092496871948 14.049750328064 14.3427495956421 14.4359998703003 14.2290000915527 14.5627498626709 14.5790004730225 14.3304996490479 14.3737497329712
18.5764999389648 18.6182498931885 18.2857494354248 18.2145004272461 18.1885013580322 18.1272506713867 18.0645008087158 17.9447498321533 17.7742500305176 17.6662502288818 17.577751159668 17.4307498931885 17.1089992523193 16.9174995422363 16.5757503509521 16.4747505187988 16.277250289917 16.1637496948242 15.9019994735718 15.8087501525879 15.6022500991821 15.2062501907349 14.7777500152588 14.5380001068115 14.6127500534058 14.5594997406006 14.4417495727539 14.0072498321533 13.5200004577637 13.2802495956421 12.8652496337891 13.2732496261597 13.8762502670288 13.9032497406006 13.8182497024536 13.6934995651245 13.3304996490479 13.5834999084473 13.4114999771118 13.5284996032715 13.6592502593994 13.3512496948242 13.2795000076294 13.6042499542236 13.9350004196167 14.1449995040894 14.3605003356934 14.2072496414185 14.388500213623 14.5740003585815 14.2895002365112 14.15625
18.5302505493164 18.4169998168945 18.394250869751 18.1275005340576 18.1152496337891 17.9907493591309 17.8672504425049 17.8624992370605 17.7294998168945 17.5995006561279 17.4992504119873 17.3667488098145 17.2022495269775 16.9955005645752 16.79075050354 16.5627498626709 16.3727493286133 16.285249710083 16.0682506561279 15.9187498092651 15.9047498703003 15.6240005493164 15.3144998550415 14.8505001068115 14.7597503662109 14.5377502441406 14.6052503585815 14.3792495727539 13.5874996185303 13.2462501525879 13.0317497253418 13.7087497711182 13.8497495651245 13.5605001449585 13.5627498626709 13.3444995880127 13.3597497940063 13.4392499923706 13.0544996261597 13.3057498931885 13.4444999694824 13.1715002059937 12.9082498550415 13.3140001296997 13.7025003433228 14.1164999008179 14.2775001525879 14.0957498550415 14.0845003128052 14.4567499160767 14.4750003814697 14.2667503356934
18.3034992218018 18.4152488708496 18.2162494659424 18.1300010681152 18.0237503051758 17.9890003204346 17.8677501678467 17.8067493438721 17.720251083374 17.5179996490479 17.3424987792969 17.3174991607666 17.2070007324219 17.1447505950928 16.9195003509521 16.5752506256104 16.5990009307861 16.4535007476807 16.3412494659424 16.3369998931885 16.0109996795654 15.7802495956421 15.5109996795654 15.2427501678467 15.053750038147 14.7255001068115 14.4207496643066 13.6647500991821 14.2352495193481 13.9270000457764 13.1815004348755 13.1982498168945 13.2154998779297 13.1654996871948 13.1272497177124 13.2657499313354 13.1984996795654 13.2519998550415 12.9772500991821 12.7562503814697 13.1587495803833 13.1745004653931 12.7047500610352 13.1397495269775 13.5222501754761 13.8627500534058 13.9762496948242 14.1754999160767 14.1269998550415 14.2919998168945 14.4434995651245 14.3315000534058
18.0779991149902 18.0482501983643 18.0480003356934 17.9217491149902 17.9187488555908 17.9575004577637 17.8062496185303 17.7360000610352 17.6722507476807 17.4855003356934 17.3232498168945 17.3842487335205 17.4060001373291 17.1655006408691 16.9435005187988 16.8050003051758 16.7654991149902 16.6515007019043 16.7360000610352 16.4694995880127 16.29075050354 15.8317499160767 15.6319999694824 15.4342498779297 15.1977500915527 14.9512500762939 14.3559999465942 13.9707498550415 14.352499961853 14.4802503585815 13.5375003814697 13.168999671936 13.1879997253418 13.1547498703003 13.2419996261597 13.2229995727539 12.9962501525879 13.0605001449585 12.6607494354248 12.6195001602173 12.6802501678467 12.75475025177 12.6507501602173 12.816499710083 13.1140003204346 13.6599998474121 13.9530000686646 14.1457500457764 14.1374998092651 14.3337497711182 14.5677499771118 14.4167499542236
17.6217498779297 17.6229991912842 17.5424995422363 17.611499786377 17.9109992980957 17.8894996643066 17.7189998626709 17.7092514038086 17.6140003204346 17.5582504272461 17.5154991149902 17.5014991760254 17.2842502593994 17.14674949646 16.9082489013672 16.6615009307861 16.7775001525879 16.6200008392334 16.5282497406006 16.1597499847412 15.905499458313 15.8597497940063 15.7845001220703 15.56725025177 15.3435001373291 15.1520004272461 14.9632501602173 14.4907503128052 14.5959997177124 14.6780004501343 14.1077499389648 13.3135004043579 13.058500289917 13.16575050354 13.3149995803833 13.0334997177124 12.9982500076294 12.8422498703003 12.3675003051758 12.6187496185303 12.472749710083 12.6432495117188 12.5982503890991 12.7084999084473 12.9137496948242 13.5874996185303 13.8872499465942 14.1155004501343 14.2204999923706 14.3035001754761 14.4134998321533 14.5380001068115
