data/layers/Current/bio6.asc
NCOLS 494 
NROWS 529 
XLLCORNER -117.166666666667 
YLLCORNER -55.5 
CELLSIZE 0.166666666666667 
NODATA_value -3.4e+38 
[rows 46 to 68 of 529, columns 52 to 103 of 494]
-3.4e+38 10.5750007629395 10.3665256500244 10.467677116394 9.96224975585938 10.012749671936 10.4204998016357 10.46875 10.6537504196167 10.8112497329712 9.83049964904785 6.24700021743774 8.22249984741211 6.12249994277954 1.68149995803833 -4.27874994277954 -3.73075008392334 -3.60025000572205 -0.24600000679493 -1.20799994468689 -0.617749989032745 0.370999991893768 0.651250004768372 2.61824989318848 3.46924996376038 3.3512499332428 4.00374984741211 4.54099988937378 5.17000007629395 5.02724981307983 4.83624982833862 4.92449998855591 5.2649998664856 5.29549980163574 5.56349992752075 5.49224996566772 4.91249990463257 4.82250022888184 4.84700012207031 4.81949996948242 4.21024990081787 3.89100003242493 3.63649988174438 2.87474989891052 2.53200006484985 2.0847499370575 1.31774997711182 1.4025000333786 1.76399993896484 1.86074995994568 4.4997501373291 6.05975008010864
-3.4e+38 -3.4e+38 10.752272605896 10.5894184112549 9.86225032806396 9.61275005340576 10.2177495956421 10.4215002059937 10.7755002975464 11.168999671936 11.1239995956421 10.4025001525879 10.7992496490479 4.93225002288818 4.02850008010864 -2.08824992179871 -2.52624988555908 -3.90300011634827 -1.67375004291534 -0.918749988079071 -1.5184999704361 -0.234249994158745 0.675000011920929 2.18449997901917 3.14750003814697 2.65825009346008 3.6340000629425 3.6417498588562 3.95175004005432 3.97300004959106 4.32425022125244 5.12249994277954 5.60125017166138 5.77675008773804 5.82224988937378 5.22350025177002 4.62825012207031 3.73399996757507 3.37575006484985 4.29650020599365 3.82474994659424 2.91449999809265 3.38324999809265 2.96399998664856 2.12575006484985 1.77149999141693 1.52600002288818 1.35525000095367 1.59899997711182 2.05824995040894 3.23375010490417 4.84875011444092
-3.4e+38 -3.4e+38 10.6999998092651 10.7678260803223 10.4607362747192 10.0725593566895 9.85299968719482 10.4162502288818 11.0947504043579 11.5574998855591 12.0059995651245 10.9307498931885 10.3687496185303 8.17525005340576 4.31199979782104 1.20749998092651 -1.29100000858307 -3.80599999427795 -2.84824991226196 -1.42700004577637 -2.72375011444092 -0.887250006198883 0.805500030517578 1.16349995136261 1.85099995136261 1.38724994659424 2.31200003623962 3.24175000190735 3.12575006484985 3.25200009346008 3.68650007247925 4.51924991607666 4.91650009155273 5.55149984359741 6.12449979782104 4.96999979019165 4.32600021362305 3.74725008010864 2.81200003623962 3.54250001907349 3.80224990844727 2.15949988365173 2.33524990081787 2.84549999237061 1.90499997138977 1.65974998474121 1.4337500333786 1.38224995136261 1.41250002384186 2.00174999237061 2.52574992179871 4.13000011444092
-3.4e+38 -3.4e+38 -3.4e+38 -3.4e+38 10.7064514160156 10.7714290618896 10.2960729598999 10.4042501449585 11.2432498931885 11.8177499771118 11.8059997558594 11.6982498168945 8.35375022888184 2.74950003623962 -0.735750019550323 -4.00425004959106 -4.38775014877319 -4.65875005722046 -4.30600023269653 -2.75650000572205 -2.56925010681152 -2.29900002479553 0.633750021457672 1.12975001335144 1.75399994850159 2.10524988174438 2.1947500705719 2.71449995040894 2.49524998664856 2.85925006866455 2.85724997520447 3.10199999809265 3.92950010299683 4.98024988174438 4.74375009536743 3.78200006484985 3.67175006866455 3.31075000762939 2.95600008964539 2.32375001907349 2.48574995994568 2.19549989700317 2.19525003433228 2.12474989891052 1.6324999332428 1.54474997520447 1.17624998092651 1.62975001335144 1.89600002765656 2.53150010108948 2.96350002288818 3.34925007820129
-3.4e+38 -3.4e+38 -3.4e+38 -3.4e+38 -3.4e+38 11.1999998092651 10.8176765441895 10.7618799209595 11.2309999465942 11.6414995193481 12.0495004653931 12.1470003128052 9.54125022888184 9.05949974060059 2.20199990272522 0.652750015258789 0.624499976634979 -3.24775004386902 -3.93249988555908 -3.40799999237061 -2.9760000705719 -1.82574999332428 0.984499990940094 1.62950003147125 2.16750001907349 2.58049988746643 2.29500007629395 2.20724987983704 2.28250002861023 2.63350009918213 2.97874999046326 2.99775004386902 3.48900008201599 4.31974983215332 3.625 2.88000011444092 2.46399998664856 2.47950005531311 2.55699992179871 1.95574998855591 1.93700003623962 1.88475000858307 2.11299991607666 2.02624988555908 1.80124998092651 1.90649998188019 1.92025005817413 2.41925001144409 2.49850010871887 2.93924999237061 3.55800008773804 3.77250003814697
-3.4e+38 -3.4e+38 -3.4e+38 -3.4e+38 -3.4e+38 -3.4e+38 -3.4e+38 11.4035711288452 11.3964967727661 11.433500289917 11.8272495269775 11.9972496032715 12.0907497406006 10.8360004425049 10.1982498168945 8.22675037384033 -1.28849995136261 -2.70875000953674 -2.99499988555908 -3.50500011444092 -2.91899991035461 -1.48224997520447 1.20650005340576 1.85249996185303 2.1177499294281 2.63100004196167 2.42074990272522 2.24399995803833 2.25775003433228 2.44125008583069 2.62575006484985 2.61174988746643 3.30299997329712 3.72425007820129 2.23324990272522 2.10524988174438 2.0222499370575 1.78600001335144 1.82025003433228 1.85099995136261 1.83749997615814 1.57574999332428 1.72175002098083 1.72150003910065 1.85525000095367 2.11824989318848 2.48624992370605 2.4227499961853 3.18050003051758 3.4137499332428 3.83575010299683 4.91900014877319
-3.4e+38 -3.4e+38 -3.4e+38 -3.4e+38 -3.4e+38 -3.4e+38 -3.4e+38 -3.4e+38 11.5925922393799 11.2834949493408 11.3924999237061 11.5552501678467 11.8272504806519 11.8144998550415 7.4522500038147 6.54274988174438 5.44799995422363 0.773000001907349 -2.94924998283386 -3.12700009346008 -2.78174996376038 -1.40550005435944 0.937749981880188 1.74300003051758 2.01675009727478 2.93525004386902 2.08174991607666 2.18525004386902 1.87975001335144 1.72625005245209 2.62050008773804 2.3199999332428 2.91475009918213 2.57474994659424 1.57400000095367 1.23699998855591 1.54875004291534 1.29324996471405 1.51524996757507 1.59549999237061 1.51524996757507 1.08774995803833 1.09175002574921 1.60549998283386 2.16650009155273 2.38800001144409 2.98000001907349 3.20024991035461 3.6800000667572 3.65700006484985 4.44624996185303 4.22149991989136
-3.4e+38 -3.4e+38 -3.4e+38 -3.4e+38 -3.4e+38 -3.4e+38 -3.4e+38 -3.4e+38 -3.4e+38 11.638298034668 11.3593082427979 11.5769996643066 11.9379997253418 11.3035001754761 10.8652496337891 10.4739999771118 2.1470000743866 -2.13374996185303 -3.97550010681152 -1.3897500038147 -2.28399991989136 -1.62849998474121 -0.17849999666214 0.476249992847443 2.74624991416931 3.3510000705719 2.23200011253357 1.92324995994568 1.27625000476837 1.35175001621246 1.94350004196167 2.03099989891052 1.96574997901917 1.47850000858307 1.00049996376038 1.01225006580353 1.06449997425079 1.36125004291534 1.088250041008 1.08899998664856 1.12374997138977 0.898000001907349 1.03450000286102 1.73249995708466 2.37275004386902 2.36999988555908 3.30874991416931 4.34299993515015 4.12974977493286 4.18874979019165 4.82175016403198 4.20450019836426
-3.4e+38 -3.4e+38 -3.4e+38 -3.4e+38 -3.4e+38 -3.4e+38 -3.4e+38 -3.4e+38 -3.4e+38 -3.4e+38 11.732608795166 11.9602041244507 12.214750289917 12.3129997253418 12.3187503814697 8.32900047302246 4.66050004959106 3.16424989700317 -1.57225000858307 1.32074999809265 -0.592000007629395 -1.49150002002716 -0.829750001430511 0.0179999973624945 4.03674983978271 2.34599995613098 1.68124997615814 1.67425000667572 1.48300004005432 1.43299996852875 1.64300000667572 1.567999958992 1.39224994182587 0.926500022411346 0.861249983310699 1.23074996471405 1.39425003528595 1.31449997425079 1.34175002574921 1.35924994945526 1.07924997806549 0.984499990940094 1.12100005149841 1.90275001525879 2.74550008773804 2.41175007820129 3.72525000572205 4.86924982070923 4.42750024795532 4.97475004196167 4.67924976348877 5.56325006484985
-3.4e+38 -3.4e+38 -3.4e+38 -3.4e+38 -3.4e+38 -3.4e+38 -3.4e+38 -3.4e+38 -3.4e+38 -3.4e+38 -3.4e+38 12.0244750976562 12.3525123596191 12.5582504272461 12.28125 10.2712497711182 9.05224990844727 7.27425003051758 2.97175002098083 3.85374999046326 2.01125001907349 -0.681999981403351 -0.685000002384186 1.22574996948242 3.68050003051758 0.699750006198883 0.861999988555908 1.06050002574921 1.14549994468689 1.10424995422363 1.26699995994568 1.30200004577637 1.31149995326996 0.819499969482422 1.13674998283386 1.26125001907349 1.43499994277954 1.79299998283386 1.99300003051758 2.10575008392334 2.14525008201599 1.59799993038177 1.46949994564056 1.79725003242493 2.72900009155273 3.26574993133545 4.49249982833862 5.12825012207031 4.49924993515015 5.54874992370605 5.3730001449585 5.21724987030029
-3.4e+38 -3.4e+38 -3.4e+38 -3.4e+38 -3.4e+38 -3.4e+38 -3.4e+38 -3.4e+38 -3.4e+38 -3.4e+38 -3.4e+38 -3.4e+38 13.3343172073364 12.717794418335 12.5892496109009 12.285249710083 11.1730003356934 10.6750001907349 6.42950010299683 7.12975025177002 2.8510000705719 0.430000007152557 2.7960000038147 4.09950017929077 3.22300004959106 0.693750023841858 1.47049999237061 0.947749972343445 0.908999979496002 0.293249994516373 0.484499990940094 0.767499983310699 0.754999995231628 1.32825005054474 1.22724997997284 1.6122499704361 2.02824997901917 2.33424997329712 2.69274997711182 2.85074996948242 2.6965000629425 2.1947500705719 1.74650001525879 2.00650000572205 2.74025011062622 3.20425009727478 4.3289999961853 5.59200000762939 5.65924978256226 6.07600021362305 5.98250007629395 5.74450016021729
-3.4e+38 -3.4e+38 -3.4e+38 -3.4e+38 -3.4e+38 -3.4e+38 -3.4e+38 -3.4e+38 -3.4e+38 -3.4e+38 -3.4e+38 -3.4e+38 13.3999996185303 12.8566265106201 12.8299999237061 12.7320003509521 12.5292501449585 11.3852500915527 7.29699993133545 9.17975044250488 7.79174995422363 6.63775014877319 4.82849979400635 3.05975008010864 2.29399991035461 0.216250002384186 3.46300005912781 1.42725002765656 -0.121250003576279 0.156000003218651 0.731000006198883 0.684750020503998 1.2022500038147 1.64225006103516 1.63374996185303 2.35500001907349 2.56349992752075 2.83575010299683 3.06649994850159 3.02174997329712 2.60575008392334 2.50799989700317 2.15324997901917 2.7664999961853 3.19825005531311 3.36500000953674 3.93074989318848 5.68149995803833 6.12400007247925 6.3897500038147 6.87900018692017 6.43849992752075
-3.4e+38 -3.4e+38 -3.4e+38 -3.4e+38 -3.4e+38 -3.4e+38 -3.4e+38 -3.4e+38 -3.4e+38 -3.4e+38 -3.4e+38 -3.4e+38 -3.4e+38 12.9666662216187 13.65625 12.7694997787476 12.3612499237061 11.8982496261597 10.8507499694824 10.9385004043579 7.5475001335144 7.17875003814697 2.81224989891052 1.75824999809265 2.44225001335144 1.49325001239777 4.66625022888184 1.34874999523163 -0.110750004649162 0.20524999499321 0.702499985694885 0.91100001335144 1.10675001144409 1.8272500038147 2.11074995994568 2.85500001907349 3.12824988365173 3.26874995231628 3.31649994850159 2.96499991416931 2.37750005722046 2.43799996376038 2.77924990653992 3.07925009727478 3.49574995040894 3.68149995803833 4.51599979400635 5.69675016403198 6.44274997711182 6.70349979400635 7.49499988555908 7.50650024414062
-3.4e+38 -3.4e+38 -3.4e+38 -3.4e+38 -3.4e+38 -3.4e+38 -3.4e+38 -3.4e+38 -3.4e+38 -3.4e+38 -3.4e+38 -3.4e+38 -3.4e+38 -3.4e+38 13.0500001907349 12.9950981140137 12.6952381134033 12.3004999160767 12.0002498626709 10.3392496109009 5.81799983978271 9.22025012969971 4.4207501411438 5.31524991989136 5.02374982833862 1.98874998092651 6.32674980163574 2.90799999237061 0.961499989032745 0.828750014305115 1.05774998664856 1.00600004196167 1.76125001907349 2.34049987792969 2.40199995040894 2.86500000953674 3.42125010490417 3.36175012588501 3.3657500743866 3.01824998855591 2.65024995803833 2.68849992752075 3.12450003623962 3.27325010299683 3.7592499256134 4.09075021743774 4.90675020217896 5.57574987411499 5.61425018310547 6.43599987030029 7.38024997711182 8.02225017547607
-3.4e+38 -3.4e+38 -3.4e+38 -3.4e+38 -3.4e+38 -3.4e+38 -3.4e+38 -3.4e+38 -3.4e+38 -3.4e+38 -3.4e+38 -3.4e+38 -3.4e+38 -3.4e+38 -3.4e+38 -3.4e+38 12.90882396698 12.9803524017334 12.4302501678467 11.8844995498657 7.60699987411499 9.44699954986572 3.74974989891052 7.88299989700317 6.27475023269653 1.88800001144409 6.5457501411438 3.89400005340576 2.24674987792969 1.54124999046326 1.15725004673004 1.57924997806549 2.60249996185303 2.83275008201599 2.73624992370605 2.30925011634827 3.13374996185303 3.22250008583069 3.17950010299683 3.01999998092651 2.68274998664856 2.83074998855591 2.99375009536743 3.73924994468689 4.43324995040894 4.48274993896484 5.24224996566772 5.66575002670288 6.09124994277954 6.71950006484985 7.30924987792969 8.10824966430664
-3.4e+38 -3.4e+38 -3.4e+38 -3.4e+38 -3.4e+38 -3.4e+38 -3.4e+38 -3.4e+38 -3.4e+38 -3.4e+38 -3.4e+38 -3.4e+38 -3.4e+38 -3.4e+38 -3.4e+38 -3.4e+38 13.5705127716064 13.0112247467041 12.5485000610352 12.3512496948242 11.4250001907349 7.83150005340576 3.89575004577637 8.32100009918213 8.20625019073486 2.95374989509583 6.37099981307983 3.26600003242493 3.47574996948242 1.49699997901917 1.31225001811981 2.31049990653992 2.67475008964539 2.92024993896484 2.96700000762939 2.31474995613098 3.01399993896484 3.10675001144409 3.31774997711182 3.04649996757507 2.68724989891052 2.93775010108948 3.3287501335144 4.05474996566772 4.80200004577637 5.07999992370605 5.32399988174438 5.67574977874756 6.40700006484985 7.09474992752075 7.53299999237061 8.18400001525879
-3.4e+38 -3.4e+38 -3.4e+38 -3.4e+38 -3.4e+38 -3.4e+38 -3.4e+38 -3.4e+38 -3.4e+38 -3.4e+38 -3.4e+38 -3.4e+38 -3.4e+38 -3.4e+38 -3.4e+38 -3.4e+38 -3.4e+38 13.6309814453125 13.3277502059937 13.4029998779297 12.4010000228882 10.696249961853 5.25425004959106 9.78575038909912 8.83574962615967 5.07175016403198 5.95100021362305 2.11050009727478 4.09849977493286 2.12925004959106 2.05850005149841 2.84625005722046 2.8824999332428 3.29749989509583 2.96875 1.96399998664856 3.3050000667572 3.0534999370575 3.22175002098083 3.14400005340576 2.55049991607666 2.68849992752075 3.01874995231628 3.66724991798401 4.6087498664856 4.60249996185303 5.14900016784668 5.85125017166138 6.69299983978271 7.17875003814697 7.7335000038147 8.17325019836426
-3.4e+38 -3.4e+38 -3.4e+38 -3.4e+38 -3.4e+38 -3.4e+38 -3.4e+38 -3.4e+38 -3.4e+38 -3.4e+38 -3.4e+38 -3.4e+38 -3.4e+38 -3.4e+38 -3.4e+38 -3.4e+38 -3.4e+38 14.9202089309692 14.5454549789429 13.9060001373291 14.1549997329712 13.0167503356934 9.12349987030029 10.6925001144409 6.70574998855591 8.66775035858154 6.05525016784668 2.2574999332428 5.92000007629395 4.17000007629395 4.03424978256226 3.63000011444092 2.51974987983704 4.69600009918213 3.79824995994568 2.75174999237061 3.43700003623962 2.4835000038147 2.49950003623962 2.8527500629425 2.73775005340576 2.41949987411499 2.70899987220764 3.12249994277954 4.18849992752075 4.9835000038147 5.13075017929077 5.50374984741211 7.58400011062622 7.8105001449585 7.94000005722046 8.27499961853027
-3.4e+38 -3.4e+38 -3.4e+38 -3.4e+38 -3.4e+38 -3.4e+38 -3.4e+38 -3.4e+38 -3.4e+38 -3.4e+38 -3.4e+38 -3.4e+38 -3.4e+38 -3.4e+38 -3.4e+38 -3.4e+38 -3.4e+38 14.6838846206665 14.3500003814697 14.0139999389648 14.5157499313354 13.1129999160767 13.4300003051758 12.5772504806519 9.82275009155273 7.91975021362305 7.41599988937378 4.46724987030029 7.06099987030029 4.58449983596802 3.375 3.50824999809265 2.81774997711182 5.14499998092651 4.60500001907349 3.58524990081787 3.32750010490417 2.97849988937378 2.17974996566772 2.95650005340576 2.51574993133545 2.4522500038147 2.83275008201599 3.21799993515015 4.20074987411499 5.06899976730347 5.70275020599365 5.76924991607666 6.40299987792969 7.12400007247925 7.99924993515015 8.36975002288818
-3.4e+38 -3.4e+38 -3.4e+38 -3.4e+38 -3.4e+38 -3.4e+38 -3.4e+38 -3.4e+38 -3.4e+38 -3.4e+38 13.8800001144409 12.8900003433228 -3.4e+38 -3.4e+38 -3.4e+38 -3.4e+38 -3.4e+38 14.75 14.0946378707886 14.1572504043579 14.6309995651245 14.7469997406006 13.1105003356934 13.5212497711182 7.11075019836426 6.0145001411438 7.23199987411499 5.46225023269653 8.69725036621094 3.60400009155273 2.93600010871887 3.59975004196167 4.16825008392334 5.44875001907349 4.05599975585938 3.39650011062622 3.00824999809265 2.65324997901917 2.1487500667572 3.00099992752075 2.75125002861023 2.28075003623962 2.56649994850159 3.11225008964539 4.39499998092651 4.88024997711182 5.78499984741211 6.46649980545044 6.60949993133545 7.35624980926514 8.1254997253418 8.6245002746582
-3.4e+38 -3.4e+38 -3.4e+38 -3.4e+38 -3.4e+38 -3.4e+38 -3.4e+38 -3.4e+38 -3.4e+38 -3.4e+38 -3.4e+38 12.1821193695068 -3.4e+38 -3.4e+38 -3.4e+38 -3.4e+38 -3.4e+38 -3.4e+38 14.5030536651611 14.6841955184937 12.4992504119873 10.7875003814697 10.0602502822876 13.0340003967285 8.94524955749512 5.99399995803833 6.64650011062622 8.15775012969971 7.79675006866455 2.8675000667572 3.98624992370605 3.73049998283386 5.79050016403198 4.7792501449585 3.07599997520447 2.58225011825562 1.96150004863739 2.60899996757507 2.95525002479553 3.1875 3.19024991989136 2.9302499294281 2.93424987792969 3.49499988555908 4.27075004577637 4.49700021743774 4.86975002288818 5.44974994659424 6.41750001907349 7.97049999237061 8.63125038146973 8.39000034332275
-3.4e+38 -3.4e+38 -3.4e+38 -3.4e+38 -3.4e+38 -3.4e+38 -3.4e+38 -3.4e+38 -3.4e+38 -3.4e+38 -3.4e+38 -3.4e+38 13.0449438095093 -3.4e+38 -3.4e+38 -3.4e+38 -3.4e+38 -3.4e+38 -3.4e+38 14.9150438308716 11.6752500534058 7.21374988555908 7.13824987411499 10.1230001449585 11.9204998016357 6.82849979400635 6.48799991607666 10.5157499313354 5.7502498626709 4.2814998626709 3.98974990844727 3.87800002098083 6.0774998664856 3.79999995231628 3.06800007820129 2.00449991226196 1.64400005340576 2.36174988746643 3.27174997329712 3.40750002861023 3.61199998855591 2.66100001335144 2.68600010871887 3.75149989128113 4.13824987411499 4.17850017547607 3.92950010299683 4.37050008773804 5.36875009536743 7.26949977874756 7.80749988555908 8.45524978637695
-3.4e+38 -3.4e+38 -3.4e+38 -3.4e+38 -3.4e+38 -3.4e+38 -3.4e+38 -3.4e+38 -3.4e+38 -3.4e+38 -3.4e+38 -3.4e+38 -3.4e+38 13.3538465499878 -3.4e+38 -3.4e+38 -3.4e+38 -3.4e+38 -3.4e+38 14.9411344528198 13.4890003204346 8.43099975585938 6.33675003051758 7.00124979019165 8.82625007629395 9.98974990844727 9.47224998474121 7.72375011444092 6.62074995040894 5.96049976348877 6.00650024414062 6.60949993133545 5.40500020980835 3.95599985122681 3.06675004959106 1.87300002574921 1.76899993419647 2.53699994087219 2.97224998474121 3.59925007820129 4.1707501411438 3.3972499370575 3.27950000762939 3.66275000572205 4.10375022888184 3.76375007629395 3.35899996757507 3.63124990463257 4.68975019454956 6.06199979782104 6.65974998474121 7.52174997329712
