data/layers/Current/bio6.asc
NCOLS 494 
NROWS 529 
XLLCORNER -117.166666666667 
YLLCORNER -55.5 
CELLSIZE 0.166666666666667 
NODATA_value -3.4e+38 
[rows 506 to 528 of 529, columns 260 to 311 of 494]
-0.785829961299896 -1.31495726108551 -3.50954914093018 -2.88338279724121 -2.62233328819275 -2.30361437797546 -2.82893085479736 -2.06681227684021 -2.80901861190796 -3.46624994277954 -3.53449988365173 -3.59549999237061 -3.4907500743866 -3.56275010108948 -3.56099987030029 -3.73075008392334 -3.55649995803833 -3.36474990844727 -3.2427499294281 -3.01675009727478 -2.69024991989136 -2.54800009727478 -2.55575013160706 -2.50099992752075 -2.40674996376038 -2.24125003814697 -2.18899989128113 -2.06828641891479 -1.78705585002899 -1.52575254440308 -1.29999995231628 -3.4e+38 -3.4e+38 -3.4e+38 -3.4e+38 -3.4e+38 -3.4e+38 -3.4e+38 -3.4e+38 -3.4e+38 -3.4e+38 -3.4e+38 -3.4e+38 -3.4e+38 -3.4e+38 -3.4e+38 -3.4e+38 -3.4e+38 -3.4e+38 -3.4e+38 -3.4e+38 -3.4e+38
-0.997046411037445 -1.24975609779358 -3.25263166427612 -2.73680973052979 -2.93076920509338 -2.36078429222107 -2.91153836250305 -2.29366207122803 -2.1822714805603 -2.54975008964539 -2.97099995613098 -3.33225011825562 -3.25250005722046 -3.13474988937378 -3.12949991226196 -3.08550000190735 -3.15074992179871 -3.22950005531311 -3.1654999256134 -2.87150001525879 -2.74149990081787 -2.74300003051758 -2.63350009918213 -2.43374991416931 -2.31850004196167 -2.25025010108948 -2.22000002861023 -2.01600003242493 -1.7722499370575 -1.41199994087219 -1.0925532579422 -3.4e+38 -3.4e+38 -3.4e+38 -3.4e+38 -3.4e+38 -3.4e+38 -3.4e+38 -3.4e+38 -3.4e+38 -3.4e+38 -3.4e+38 -3.4e+38 -3.4e+38 -3.4e+38 -3.4e+38 -3.4e+38 -3.4e+38 -3.4e+38 -3.4e+38 -3.4e+38 -3.4e+38
-1.00429689884186 -0.926515161991119 -1.92043793201447 -2.46360754966736 -2.1877076625824 -3.2157895565033 -2.92107152938843 -2.87529754638672 -2.67000007629395 -3.86424994468689 -3.71974992752075 -4.02150011062622 -3.99475002288818 -3.76349997520447 -3.49600005149841 -3.38324999809265 -3.49950003623962 -3.56749987602234 -3.20600008964539 -3.17199993133545 -2.92575001716614 -2.71674990653992 -2.61374998092651 -2.44149994850159 -2.41499996185303 -2.31299996376038 -2.15424990653992 -1.98025000095367 -1.78324997425079 -1.41775000095367 -0.923677563667297 -0.505999982357025 -3.4e+38 -3.4e+38 -3.4e+38 -3.4e+38 -3.4e+38 -3.4e+38 -3.4e+38 -3.4e+38 -3.4e+38 -3.4e+38 -3.4e+38 -3.4e+38 -3.4e+38 -3.4e+38 -3.4e+38 -3.4e+38 -3.4e+38 -3.4e+38 -3.4e+38 -3.4e+38
-0.34279277920723 -0.21813952922821 -1.82932960987091 -1.53184354305267 -2.28595495223999 -2.34451818466187 -3.25174999237061 -2.77768921852112 -2.87075710296631 -4.36625003814697 -4.90224981307983 -4.87274980545044 -4.52225017547607 -4.10349988937378 -3.77099990844727 -3.34050011634827 -3.15074992179871 -3.39549994468689 -3.35650014877319 -3.05949997901917 -2.81575012207031 -2.68700003623962 -2.73874998092651 -2.63824987411499 -2.44875001907349 -1.96300005912781 -1.68312239646912 -1.50769233703613 -1.2130434513092 -1.20783698558807 -0.971346735954285 -0.580927848815918 -0.232000008225441 -3.4e+38 -3.4e+38 -3.4e+38 -3.4e+38 -3.4e+38 -3.4e+38 -3.4e+38 -3.4e+38 -3.4e+38 -3.4e+38 -3.4e+38 -3.4e+38 -3.4e+38 -3.4e+38 -3.4e+38 -3.4e+38 -3.4e+38 -3.4e+38 -3.4e+38
-0.254850745201111 -0.317840367555618 -1.81772148609161 -2.02075004577637 -2.68449997901917 -2.47894740104675 -2.60035848617554 -2.46619725227356 -2.61275005340576 -4.15150022506714 -3.47175002098083 -4.03800010681152 -4.56549978256226 -3.97099995613098 -3.18300008773804 -2.70099997520447 -3.02125000953674 -3.56625008583069 -3.09450006484985 -2.45475006103516 -2.35050010681152 -2.87325000762939 -2.71000003814697 -1.97696197032928 -1.46691727638245 -1.26250004768372 -1.07468354701996 -3.4e+38 -3.4e+38 -3.4e+38 -3.4e+38 -0.219999998807907 0.0017543857684359 -3.4e+38 -3.4e+38 -3.4e+38 -3.4e+38 -3.4e+38 -3.4e+38 -3.4e+38 -3.4e+38 -3.4e+38 -3.4e+38 -3.4e+38 -3.4e+38 -3.4e+38 -3.4e+38 -3.4e+38 -3.4e+38 -3.4e+38 -3.4e+38 -3.4e+38
-0.0795986577868462 -0.591397821903229 -1.65792346000671 -2.1921718120575 -1.64900004863739 -1.81288516521454 -2.65246629714966 -2.39858484268188 -2.75669288635254 -2.12072062492371 -1.76574075222015 -1.99922478199005 -2.37615895271301 -2.31128215789795 -2.50535702705383 -2.77449989318848 -2.85949993133545 -2.50874996185303 -2.07550001144409 -1.76952135562897 -1.75303030014038 -1.95572757720947 -1.51823532581329 -1.27272725105286 -1.14852941036224 -1.10126054286957 -1.13686871528625 -0.960483849048615 -0.800000011920929 -0.815789461135864 -0.688020825386047 -0.729166686534882 -3.4e+38 -3.4e+38 -3.4e+38 -3.4e+38 -3.4e+38 -3.4e+38 -3.4e+38 -3.4e+38 -3.4e+38 -3.4e+38 -3.4e+38 -3.4e+38 -3.4e+38 -3.4e+38 -3.4e+38 -3.4e+38 -3.4e+38 -3.4e+38 -3.4e+38 -3.4e+38
0.674576282501221 0.263043493032455 -0.278921574354172 -1.72508478164673 -4.02250003814697 -2.34691691398621 -2.59055376052856 -2.12307691574097 -2.36241126060486 -3.21245431900024 -3.10411310195923 -2.72611117362976 -3.15356040000916 -2.18865442276001 -1.92278110980988 -1.96899700164795 -1.88841307163239 -1.76563310623169 -1.64847159385681 -1.48674702644348 -1.21758246421814 -1.04677414894104 -0.959999978542328 -0.839999973773956 -0.996341466903687 -1.10365533828735 -1.13275003433228 -1.15139949321747 -1.35264623165131 -1.36424994468689 -1.27174997329712 -1.02392637729645 -0.866666674613953 -3.4e+38 -3.4e+38 -3.4e+38 -3.4e+38 -3.4e+38 -3.4e+38 -3.4e+38 -3.4e+38 -3.4e+38 -3.4e+38 -3.4e+38 -3.4e+38 -3.4e+38 -3.4e+38 -3.4e+38 -3.4e+38 -3.4e+38 -3.4e+38 -3.4e+38
0.683695673942566 0.0572222247719765 -0.793918907642365 -2.07386374473572 -3.58542203903198 -2.92742848396301 -2.82883596420288 -3.79710531234741 -2.91064929962158 -3.68875002861023 -3.13800001144409 -2.33113932609558 -2.42561411857605 -1.79105687141418 -1.60000002384186 -1.39534878730774 -1.77942025661469 -1.75463914871216 -1.37471258640289 -1.04375004768372 -0.552941203117371 -0.800000011920929 -0.811111092567444 -0.955643057823181 -1.23975002765656 -1.63100004196167 -1.72099995613098 -1.81274998188019 -1.84825003147125 -1.65200006961823 -1.44075000286102 -1.18875002861023 -0.912571430206299 -0.869090914726257 -3.4e+38 -3.4e+38 -3.4e+38 -3.4e+38 -3.4e+38 -3.4e+38 -3.4e+38 -3.4e+38 -3.4e+38 -3.4e+38 -3.4e+38 -3.4e+38 -3.4e+38 -3.4e+38 -3.4e+38 -3.4e+38 -3.4e+38 -3.4e+38
0.227368429303169 0.114018693566322 -0.517307698726654 -1.35243904590607 -1.82054793834686 -1.94843053817749 -3.0398280620575 -2.84333324432373 -2.1020348072052 -2.80307006835938 -2.43536591529846 -1.44500005245209 -3.4e+38 -1.25714290142059 -1.56103897094727 -2.05135130882263 -2.67724990844727 -1.91755950450897 -1.53999996185303 -3.4e+38 -0.583760678768158 -0.55859649181366 -1.13734018802643 -1.6434999704361 -1.97224998474121 -2.19700002670288 -1.80525004863739 -1.59549999237061 -1.275750041008 -1.04375004768372 -1.02450001239777 -0.936749994754791 -0.794904470443726 -0.727380931377411 -3.4e+38 -3.4e+38 -3.4e+38 -3.4e+38 -3.4e+38 -3.4e+38 -3.4e+38 -3.4e+38 -3.4e+38 -3.4e+38 -3.4e+38 -3.4e+38 -3.4e+38 -3.4e+38 -3.4e+38 -3.4e+38 -3.4e+38 -3.4e+38
0.5 0.0387500002980232 -0.647023797035217 -0.723437488079071 -1.66999995708466 -2.3991072177887 -1.96523082256317 -2.15955686569214 -1.65079998970032 -2.16850399971008 -1.76403510570526 -2.79390239715576 -2.60666656494141 -2.58296704292297 -2.92300009727478 -2.97425007820129 -2.51900005340576 -1.32400000095367 -3.4e+38 -3.4e+38 -0.296491235494614 -0.717750012874603 -2.12525010108948 -2.07275009155273 -1.99925005435944 -1.37024998664856 -0.983500003814697 -0.844250023365021 -0.94174998998642 -1.06575000286102 -1.00574994087219 -1.02099740505219 -1.48831164836884 -1.39166665077209 -1.375 -3.4e+38 -3.4e+38 -3.4e+38 -3.4e+38 -3.4e+38 -3.4e+38 -3.4e+38 -3.4e+38 -3.4e+38 -3.4e+38 -3.4e+38 -3.4e+38 -3.4e+38 -3.4e+38 -3.4e+38 -3.4e+38 -3.4e+38
0.235114499926567 0.0936893224716187 -0.160256415605545 -0.403827756643295 -1.11192309856415 -1.36294412612915 -1.64079427719116 -1.71415662765503 -1.91057693958282 -2.22578954696655 -2.33697748184204 -2.86493515968323 -1.64377105236053 -3.06299996376038 -3.01775002479553 -2.43350005149841 -1.74300003051758 -0.838235318660736 -3.4e+38 -3.4e+38 -0.220408171415329 -1.44083046913147 -1.73884618282318 -1.02720594406128 -0.442528754472733 -0.38775509595871 -0.444615393877029 -0.76587301492691 -1.31850004196167 -1.91149997711182 -1.88925004005432 -1.7537499666214 -1.60925006866455 -1.58350002765656 -1.52417063713074 -3.4e+38 -3.4e+38 -3.4e+38 -3.4e+38 -3.4e+38 -3.4e+38 -3.4e+38 -3.4e+38 -3.4e+38 -3.4e+38 -3.4e+38 -3.4e+38 -3.4e+38 -3.4e+38 -3.4e+38 -3.4e+38 -3.4e+38
-0.0827586203813553 0.345338970422745 -0.218811884522438 -0.972791492938995 -1.48031747341156 -1.45479881763458 -2.13106799125671 -1.39169669151306 -1.11050224304199 -1.65547943115234 -2.09252572059631 -2.60632920265198 -2.59923458099365 -2.92549991607666 -2.81150007247925 -2.3510000705719 -1.56974995136261 -0.78680557012558 -3.4e+38 -0.433673471212387 -0.19791667163372 -3.4e+38 -3.4e+38 -0.0600000023841858 -0.315789490938187 -0.792567551136017 -1.33141887187958 -2.00324988365173 -2.46600008010864 -2.37525010108948 -2.13824987411499 -1.88874995708466 -1.71399998664856 -1.66325008869171 -1.77587127685547 -1.92028987407684 -3.4e+38 -3.4e+38 -3.4e+38 -3.4e+38 -3.4e+38 -3.4e+38 -3.4e+38 -3.4e+38 -3.4e+38 -3.4e+38 -3.4e+38 -3.4e+38 -3.4e+38 -3.4e+38 -3.4e+38 -3.4e+38
0.692857146263123 0.884615361690521 0.524137914180756 0.177777782082558 -0.511764705181122 -1.42255187034607 -2.27632975578308 -3.39652395248413 -1.95915913581848 -1.80047845840454 -1.16813182830811 -1.41451609134674 -2.01729321479797 -2.26386547088623 -2.1875 -1.99950003623962 -1.47270274162292 -0.560416698455811 -0.18620690703392 -0.827150523662567 -0.464285731315613 -0.0750000029802322 -0.999557495117188 -0.897457599639893 -1.13250005245209 -1.47500002384186 -1.73300004005432 -1.93974995613098 -2.03749990463257 -1.94675004482269 -1.84525001049042 -1.80774998664856 -1.83599996566772 -1.8989999294281 -2.13625001907349 -2.23820519447327 -2.22575759887695 -2.10869550704956 -3.4e+38 -3.4e+38 -3.4e+38 -3.4e+38 -3.4e+38 -3.4e+38 -3.4e+38 -3.4e+38 -3.4e+38 -3.4e+38 -3.4e+38 -3.4e+38 -3.4e+38 -3.4e+38
-3.4e+38 -3.4e+38 0.839999973773956 0.37877094745636 -0.099408283829689 -0.610599100589752 -1.51030302047729 -2.27758193016052 -1.52366662025452 -1.15467286109924 -1.5119047164917 -1.80702877044678 -1.42445647716522 -1.14857137203217 -1.4008264541626 -1.41627907752991 -1.08000004291534 -1.16517853736877 -1.33984375 -0.755627036094666 -1.0905829668045 -0.0500000007450581 -0.910971760749817 -2.00874996185303 -1.99950003623962 -1.8622499704361 -1.39750003814697 -1.52674996852875 -1.43649995326996 -1.42375004291534 -1.66674995422363 -1.77174997329712 -1.86199998855591 -1.97474992275238 -2.20199990272522 -2.41950011253357 -2.40275001525879 -2.11891031265259 -1.92558133602142 -3.4e+38 -3.4e+38 -3.4e+38 -3.4e+38 -3.4e+38 -3.4e+38 -3.4e+38 -3.4e+38 -3.4e+38 -3.4e+38 -3.4e+38 -3.4e+38 -3.4e+38
-3.4e+38 -3.4e+38 -0.0313043482601643 -0.0511764697730541 0.126851856708527 -0.0538860112428665 -0.87411767244339 -0.518257260322571 -0.70964914560318 -1.0359183549881 -1.36757576465607 -1.56947672367096 -1.57160878181458 -1.93437504768372 -1.47616279125214 -1.2849817276001 -1.87589740753174 -1.11264371871948 -1.76297295093536 -1.2135888338089 -1.15419578552246 -0.928571462631226 -0.604819297790527 -1.66366195678711 -2.17225003242493 -1.96574997901917 -2.12925004959106 -1.78450000286102 -1.32749998569489 -1.9889999628067 -2.01174998283386 -2.03425002098083 -2.09124994277954 -2.32750010490417 -2.50974988937378 -2.66249990463257 -2.44600009918213 -2.26699995994568 -2.0931122303009 -1.83441853523254 -1.77391302585602 -3.4e+38 -3.4e+38 -3.4e+38 -3.4e+38 -3.4e+38 -3.4e+38 -3.4e+38 -3.4e+38 -3.4e+38 -3.4e+38 -3.4e+38
-3.4e+38 -3.4e+38 -3.4e+38 0.350000023841858 0.137500002980232 -0.120000004768372 0.154545456171036 0.148333340883255 -0.64957982301712 -0.333510637283325 -0.699999988079071 -1.02058827877045 -1.01843571662903 -0.953153133392334 -1.31781816482544 -1.20955228805542 -1.39054441452026 -1.30714285373688 -2.20555543899536 -1.60156857967377 -1.58595895767212 -0.989705860614777 -1.34054052829742 -0.666129052639008 -1.95149254798889 -1.61136364936829 -2.77176070213318 -2.68269729614258 -2.46199989318848 -3.18924999237061 -2.69724988937378 -2.66624999046326 -2.49574995040894 -2.88700008392334 -2.72950005531311 -2.76325011253357 -2.25824999809265 -2.63849997520447 -2.25099992752075 -2.03125 -1.99300003051758 -1.78658151626587 -1.50445854663849 -3.4e+38 -3.4e+38 -3.4e+38 -3.4e+38 -3.4e+38 -3.4e+38 -3.4e+38 -3.4e+38 -3.4e+38
-3.4e+38 -3.4e+38 -3.4e+38 -3.4e+38 0.438235282897949 0.146666675806046 -3.4e+38 -0.207142859697342 -0.216853931546211 -0.331724137067795 -0.215217396616936 -0.576712310314178 -0.743870973587036 -0.830102026462555 -1.28097343444824 -1.75571954250336 -1.56915426254272 -2.02979588508606 -2.63048434257507 -2.75291657447815 -2.08762884140015 -2.5016393661499 -1.97711861133575 -1.95430707931519 -2.29255652427673 -1.82666671276093 -2.53894400596619 -2.66560506820679 -2.9069766998291 -3.35655522346497 -3.37474989891052 -3.56949996948242 -3.72125005722046 -3.76900005340576 -3.4779999256134 -2.81699991226196 -1.95500004291534 -2.09800004959106 -2.34224987030029 -2.23324990272522 -2.27049994468689 -2.03725004196167 -1.78524994850159 -1.419921875 -1.2615385055542 -3.4e+38 -3.4e+38 -3.4e+38 -3.4e+38 -3.4e+38 -3.4e+38 -3.4e+38
-3.4e+38 -3.4e+38 -3.4e+38 -3.4e+38 -3.4e+38 -3.4e+38 -3.4e+38 -3.4e+38 -3.4e+38 1.39999997615814 -0.34375 -1.11482894420624 -1.00317454338074 -1.18231296539307 -1.16767680644989 -1.79330849647522 -2.56508374214172 -2.33509230613708 -1.9428985118866 -3.09803366661072 -3.22715044021606 -3.03342866897583 -5.02142858505249 -5.90458011627197 -5.13370800018311 -5.68174982070923 -4.20997142791748 -3.12327861785889 -3.55208325386047 -4.30350017547607 -3.22224998474121 -2.33124995231628 -2.53125 -2.94899988174438 -2.85349988937378 -2.42000007629395 -1.61625003814697 -1.65550005435944 -1.76250004768372 -2.11124992370605 -2.80699992179871 -2.92575001716614 -2.30900001525879 -2.04725003242493 -1.74010026454926 -1.38268661499023 -1.15219295024872 -0.907692313194275 -0.817241370677948 -0.725000023841858 -0.670000016689301 -0.60821920633316
-3.4e+38 -3.4e+38 -3.4e+38 -3.4e+38 -3.4e+38 -3.4e+38 -3.4e+38 -3.4e+38 -3.4e+38 -3.4e+38 0.254545450210571 -0.273076921701431 -0.287999987602234 -0.764948427677155 -0.296153843402863 -0.434065937995911 -0.294444441795349 -0.601775169372559 -1.28999996185303 -1.12903225421906 -2.36702704429626 -2.57369947433472 -3.51984524726868 -4.17352962493896 -3.69457149505615 -4.90513515472412 -4.75461721420288 -6.58374977111816 -5.35550022125244 -2.85474991798401 -3.45749998092651 -3.59424996376038 -4.21474981307983 -3.20778107643127 -3.96760201454163 -4.03849983215332 -3.70024991035461 -3.79649996757507 -3.59675002098083 -3.46600008010864 -3.28600001335144 -3.30725002288818 -3.23224997520447 -2.77500009536743 -2.23250007629395 -1.98000001907349 -1.63074994087219 -1.17449998855591 -1.03100001811981 -1.14125001430511 -1.20099997520447 -1.1851851940155
-3.4e+38 -3.4e+38 -3.4e+38 -3.4e+38 -3.4e+38 -3.4e+38 -3.4e+38 -3.4e+38 -3.4e+38 -3.4e+38 -3.4e+38 -3.4e+38 -3.4e+38 -3.4e+38 -0.875144481658936 -1.01958763599396 -1.12711107730865 -1.10000002384186 -0.727741956710815 -1.07813620567322 -1.42340421676636 -1.33000004291534 -1.41009175777435 -1.35549449920654 -1.78464913368225 -2.46489024162292 -2.66858005523682 -4.08109760284424 -5.01511240005493 -3.75848484039307 -2.14710736274719 -2.08698892593384 -1.99269664287567 -1.66266667842865 -2.42168664932251 -2.3958477973938 -3.13811182975769 -2.74821424484253 -1.95741939544678 -2.3118577003479 -3.3263680934906 -2.57125973701477 -2.34489798545837 -2.76425004005432 -1.79999995231628 -2.3359375 -2.0326087474823 -1.43505156040192 -1.50565218925476 -1.77733814716339 -1.59154224395752 -1.54565215110779
-3.4e+38 -3.4e+38 -3.4e+38 -3.4e+38 -3.4e+38 -3.4e+38 -3.4e+38 -3.4e+38 -3.4e+38 -3.4e+38 -3.4e+38 -3.4e+38 -3.4e+38 -3.4e+38 -3.4e+38 -0.474999994039536 -0.196874991059303 -1.03062200546265 -1.22027027606964 -0.926217257976532 -0.927685976028442 -0.701282024383545 -1.02300000190735 -1.99863481521606 -3.1227011680603 -2.55517244338989 -2.37035918235779 -2.31702136993408 -2.25869560241699 -2.48608422279358 -2.77146983146667 -3.18123173713684 -3.01837611198425 -1.10819673538208 -2.69276142120361 -2.48850011825562 -3.42024993896484 -2.73449993133545 -2.47974991798401 -2.02474999427795 -1.98493719100952 -1.39932429790497 -0.918181836605072 -1.82626259326935 -1.72812497615814 -1.10000002384186 -3.4e+38 -3.4e+38 -3.4e+38 -3.4e+38 -3.4e+38 -3.4e+38
-3.4e+38 -3.4e+38 -3.4e+38 -3.4e+38 -3.4e+38 -3.4e+38 -3.4e+38 -3.4e+38 -3.4e+38 -3.4e+38 -3.4e+38 -3.4e+38 -3.4e+38 -3.4e+38 -3.4e+38 -3.4e+38 -3.4e+38 -3.4e+38 -0.338461548089981 -0.407894730567932 -0.37222221493721 -0.327272742986679 -0.355172425508499 -0.811602234840393 -2.19523811340332 -2.57599997520447 -1.76728236675262 -1.32548260688782 -1.90311110019684 -1.91312503814697 -1.94707441329956 -2.46769237518311 -2.40000009536743 -1.47388887405396 -1.5706422328949 -1.24589037895203 -1.51616156101227 -1.37094020843506 -1.59656488895416 -1.72578799724579 -1.49520003795624 -1.61082255840302 -0.363636374473572 -1.54228854179382 -1.59787237644196 -3.4e+38 -3.4e+38 -3.4e+38 -3.4e+38 -3.4e+38 -3.4e+38 -3.4e+38
-3.4e+38 -3.4e+38 -3.4e+38 -3.4e+38 -3.4e+38 -3.4e+38 -3.4e+38 -3.4e+38 -3.4e+38 -3.4e+38 -3.4e+38 -3.4e+38 -3.4e+38 -3.4e+38 -3.4e+38 -3.4e+38 -3.4e+38 -3.4e+38 -3.4e+38 -3.4e+38 -3.4e+38 -3.4e+38 -0.431460678577423 -0.481355935335159 -0.875460147857666 -0.899583339691162 -1.32061541080475 -1.07213735580444 -0.506086945533752 -1.06847822666168 -1.67732560634613 -1.60237288475037 -1.65014660358429 -1.03782773017883 -0.883018851280212 -3.4e+38 -0.699999988079071 0.300000011920929 -3.4e+38 -3.4e+38 -0.628571391105652 -1.18888890743256 -3.4e+38 -3.4e+38 -3.4e+38 -3.4e+38 -3.4e+38 -3.4e+38 -3.4e+38 -3.4e+38 -3.4e+38 -3.4e+38
