data/layers/Current/bio7.asc
NCOLS 494 
NROWS 529 
XLLCORNER -117.166666666667 
YLLCORNER -55.5 
CELLSIZE 0.166666666666667 
NODATA_value -3.4e+38 
[rows 276 to 298 of 529, columns 260 to 311 of 494]
17.4422492980957 17.2425003051758 16.8107490539551 16.2024993896484 16.7712497711182 17.6704998016357 18.2670001983643 18.8745002746582 19.7509994506836 20.9650001525879 21.1107482910156 21.3115005493164 21.842248916626 21.890251159668 21.8787498474121 21.099250793457 19.7702503204346 16.9937496185303 16.8887500762939 15.4877510070801 14.3372488021851 14.2012500762939 14.0349998474121 13.5209999084473 13.777250289917 13.7197494506836 13.9192504882812 14.0779991149902 14.24049949646 14.392749786377 14.578498840332 14.77174949646 14.9147491455078 15.1132488250732 15.3015003204346 15.3585014343262 15.4807529449463 15.6777496337891 15.6687507629395 15.5267486572266 15.75 16.1252498626709 16.4720020294189 16.4270000457764 16.3647499084473 16.2575016021729 16.2807502746582 16.2845001220703 16.4257507324219 16.5807476043701 16.5120010375977 15.6954975128174
17.5485000610352 19.0287494659424 18.6140003204346 18.7442512512207 18.2782516479492 18.5845012664795 19.6100006103516 18.9832496643066 19.4382495880127 20.648250579834 21.5989990234375 21.4185009002686 21.601749420166 22.5137500762939 22.8585014343262 22.7755012512207 21.91575050354 20.544750213623 21.2682495117188 20.6727504730225 17.2842502593994 16.1155014038086 15.5397500991821 14.5044994354248 14.1750001907349 14.3147506713867 14.5307512283325 14.2824993133545 14.2749996185303 14.3197498321533 14.5052509307861 14.769998550415 14.9354991912842 15.1660003662109 15.6124992370605 15.6937484741211 15.8724975585938 16.0617485046387 15.4802513122559 15.599250793457 15.8227519989014 16.1119976043701 16.4427509307861 16.3609981536865 16.3605003356934 16.3440017700195 16.4097480773926 16.4737529754639 16.5400009155273 16.5307502746582 16.4050025939941 15.8837490081787
17.7762508392334 18.7852516174316 19.8497505187988 19.9820003509521 19.53125 18.6762504577637 20.1977500915527 20.5480003356934 19.930248260498 20.4925003051758 20.5422496795654 21.0844993591309 22.1770000457764 22.4742488861084 23.4722499847412 22.8470001220703 21.8912506103516 22.2105007171631 22.4802513122559 21.9930000305176 21.2462501525879 20.8064994812012 19.0162506103516 16.4839992523193 15.1702508926392 15.1837511062622 15.2742500305176 15.2437505722046 14.8467502593994 14.9212493896484 14.7522497177124 14.8657503128052 15.0349998474121 15.2590007781982 15.9474983215332 15.910249710083 15.6377487182617 15.7025012969971 15.6162490844727 15.8225002288818 15.8487491607666 15.8279991149902 15.7342491149902 16.3095016479492 16.2490005493164 16.5164985656738 16.4850006103516 16.5257511138916 16.6505012512207 16.7267513275146 16.4785003662109 15.7954998016357
18.2174987792969 19.5504989624023 20.4529991149902 19.6054992675781 18.8072490692139 19.5552501678467 20.8652496337891 20.7830009460449 21.1359996795654 22.1007499694824 21.0384998321533 21.7112503051758 22.1947498321533 22.9245014190674 22.935998916626 23.4645004272461 23.902250289917 23.7430000305176 22.8824996948242 23.703498840332 22.3979988098145 22.6155014038086 22.2842502593994 20.7055015563965 17.5287494659424 16.0555000305176 15.9407501220703 16.1660003662109 15.47350025177 15.2342491149902 15.3629999160767 15.3487491607666 15.2122507095337 15.3912506103516 15.5325012207031 15.7140007019043 15.717248916626 15.7700004577637 15.7969970703125 15.9019985198975 15.9187488555908 15.5595016479492 15.9195003509521 16.2222499847412 16.3677520751953 16.5242500305176 16.5229988098145 16.5804977416992 16.6695003509521 16.6695003509521 16.6347503662109 16.0464992523193
20.3962497711182 19.7124996185303 20.4112510681152 19.097749710083 19.8617496490479 20.7337493896484 21.1105003356934 21.1925010681152 22.3117504119873 22.7819995880127 22.0209999084473 22.9392490386963 23.0057506561279 23.3199996948242 23.4995002746582 23.765998840332 24.1997489929199 23.8342514038086 23.2407493591309 23.9832496643066 24.5455017089844 23.2437515258789 22.7412490844727 21.5837497711182 19.599250793457 18.6625003814697 16.9397506713867 16.4814987182617 15.9712505340576 15.5984992980957 15.8327503204346 15.8792495727539 15.4962491989136 15.4412498474121 15.5834999084473 15.6767501831055 15.8617515563965 15.8509998321533 15.9964981079102 15.9827480316162 16.020751953125 16.0862503051758 16.2332496643066 16.3024997711182 16.5045013427734 16.306999206543 16.3797492980957 16.6075019836426 16.6757507324219 16.7207489013672 16.6957492828369 16.5072479248047
20.6372489929199 21.1182498931885 20.8050003051758 19.9330005645752 20.29075050354 21.0475006103516 22.1284999847412 22.1339988708496 22.2137489318848 22.7054996490479 22.6322498321533 23.538501739502 24.1539993286133 24.3057498931885 24.4747505187988 24.3019981384277 24.7207489013672 24.2297515869141 23.9602508544922 24.2019996643066 24.527250289917 24.359748840332 24.1884994506836 22.6827507019043 21.2819995880127 19.6909999847412 18.2227516174316 16.9029998779297 16.1604995727539 16.1884994506836 15.7172498703003 15.5622510910034 15.6979999542236 15.644250869751 15.5667495727539 15.710000038147 15.8627500534058 16.034252166748 16.2314987182617 16.471248626709 16.455997467041 16.2972507476807 16.4545001983643 16.408748626709 16.2482509613037 16.0375003814697 16.2950000762939 16.6169986724854 16.6047515869141 16.8107490539551 16.7529983520508 16.7272491455078
20.9565010070801 21.3167495727539 21.4962501525879 21.0082511901855 21.3939990997314 21.4837493896484 22.3687496185303 22.8094997406006 23.3487510681152 23.3400001525879 23.3597507476807 24.3022499084473 24.3802509307861 24.585750579834 24.8082504272461 24.0950012207031 23.9332504272461 24.09375 24.9165000915527 24.6044998168945 24.1809997558594 24.1805000305176 24.4957504272461 24.1005001068115 23.0462493896484 21.2747497558594 19.753999710083 17.7202491760254 16.6767501831055 16.2512512207031 15.714750289917 15.5042495727539 15.9817504882812 15.9074993133545 15.623498916626 15.6105012893677 15.8137512207031 16.0570011138916 16.3212490081787 16.1984977722168 16.1477508544922 16.0732498168945 16.2720012664795 16.3202514648438 15.9794979095459 16.1975002288818 16.4117488861084 16.4947490692139 16.751501083374 16.9444999694824 16.8607482910156 16.7662487030029
21.7465000152588 21.7439994812012 21.9777488708496 21.8892498016357 22.1375007629395 22.234748840332 22.3037490844727 22.6032485961914 22.9705009460449 23.7357501983643 24.1867485046387 24.4659996032715 24.3052501678467 24.8304996490479 25.7512512207031 25.1327495574951 24.7552490234375 24.5722503662109 24.9669990539551 25.2000007629395 24.433500289917 23.7897491455078 23.3864994049072 23.4565010070801 23.746000289917 23.0247497558594 21.0457496643066 20.164249420166 18.1865005493164 15.9282493591309 15.5404996871948 15.8114995956421 16.3395004272461 16.0904998779297 15.5452499389648 15.467999458313 15.6822490692139 15.8020000457764 15.8537492752075 16.0182495117188 15.7735004425049 15.962251663208 16.1780014038086 16.2125015258789 15.8687515258789 15.9549999237061 16.1009979248047 16.6077499389648 16.9377498626709 16.7962493896484 16.9549999237061 16.6617488861084
21.1977500915527 21.6105003356934 21.9017486572266 21.9619998931885 22.1655006408691 22.5885009765625 22.6972503662109 23.2835006713867 23.0417499542236 23.9270000457764 24.4977493286133 24.6415004730225 25.0830001831055 25.8064994812012 26.4729995727539 26.7207489013672 25.2449989318848 25.1790008544922 26.0185012817383 24.8544998168945 24.7007484436035 24.1757507324219 23.5450000762939 22.9200000762939 22.4982490539551 22.6412506103516 22.4867515563965 21.5947494506836 19.3505001068115 16.2602500915527 15.4995002746582 15.4982509613037 16.3047485351562 16.1189994812012 15.3600006103516 15.3527507781982 15.4442501068115 15.5520000457764 15.6597499847412 15.6157493591309 15.5617504119873 15.7135009765625 16.1330013275146 15.826000213623 15.8784999847412 16.3307514190674 16.4219989776611 16.484748840332 16.5767517089844 16.605749130249 16.7432498931885 16.7467498779297
20.5037498474121 21.4462509155273 21.0240001678467 21.9882507324219 23.1577491760254 22.8277492523193 23.0050010681152 23.3600006103516 23.3780002593994 23.6687507629395 24.7572498321533 25.1035003662109 25.3157501220703 25.6222496032715 26.1205005645752 26.4547500610352 26.2437496185303 25.0607490539551 25.6587505340576 25.5300006866455 24.7495002746582 23.8549995422363 23.3792495727539 22.5574989318848 22.0074996948242 22.0702495574951 22.4009990692139 22.1937503814697 20.6480007171631 19.0620002746582 15.7689990997314 15.1622505187988 15.5544996261597 15.5402507781982 15.2854995727539 15.0939998626709 15.2414999008179 15.3515005111694 15.3787498474121 15.414249420166 15.4055004119873 15.5352478027344 15.8737487792969 15.9862518310547 16.0657482147217 16.2137489318848 16.2799987792969 16.4952487945557 16.5790023803711 16.8105010986328 16.7855014801025 16.8030014038086
19.2392501831055 20.7497501373291 21.0415000915527 21.6122493743896 22.7842502593994 22.8225002288818 22.3369998931885 23.8557510375977 24.2695007324219 24.4512500762939 24.4015007019043 24.7912502288818 24.9584999084473 25.5244998931885 25.320499420166 25.5839996337891 25.7654991149902 25.189998626709 24.2959995269775 24.3307495117188 24.3432502746582 23.9004993438721 22.3087501525879 21.7415008544922 21.3007507324219 21.0815010070801 21.713249206543 22.2105007171631 20.8687515258789 18.9007511138916 16.0515003204346 15.0234994888306 14.9790000915527 15.1057500839233 15.3177509307861 15.1079998016357 15.0292510986328 15.2875003814697 15.2644987106323 15.3157501220703 15.4972476959229 15.4739990234375 15.425500869751 15.5482501983643 15.738748550415 16.0009994506836 16.1539993286133 16.5695018768311 16.8029975891113 16.8735008239746 17.0617485046387 16.7939987182617
19.2997493743896 20.1730003356934 19.9200000762939 18.7549991607666 20.5692481994629 20.8347492218018 22.9300003051758 23.4755001068115 23.9664993286133 24.0020008087158 25.0319995880127 25.0252494812012 25.6832504272461 25.8187503814697 25.9650001525879 25.5217514038086 24.6822509765625 24.5240001678467 23.9712505340576 24.0962505340576 23.8250007629395 23.4930000305176 22.3904991149902 20.7389984130859 19.4857501983643 19.6854991912842 20.4857501983643 21.2609996795654 21.1829986572266 18.9182510375977 16.0837497711182 15.4130001068115 14.8234996795654 14.9449987411499 15.0422496795654 15.1262493133545 14.955249786377 15.0747489929199 15.3040008544922 15.3910007476807 15.4869995117188 15.3232498168945 15.4122486114502 15.5535011291504 15.7345008850098 15.886999130249 16.1652488708496 16.5377502441406 16.948751449585 17.018497467041 17.0747509002686 17.0564975738525
19.4180011749268 19.9897499084473 20.681999206543 17.6972503662109 18.8557510375977 21.6822509765625 23.4467506408691 23.7845001220703 23.4532508850098 23.3067512512207 23.8194999694824 24.2325000762939 24.5930004119873 25.0537490844727 25.1614990234375 25.5127487182617 25.3875007629395 24.6220016479492 24.0755004882812 23.7814998626709 23.7399997711182 23.0692481994629 22.7797508239746 19.6582489013672 15.5379991531372 15.4849996566772 18.173999786377 19.8067512512207 19.7902507781982 18.6687488555908 17.8802509307861 15.955249786377 14.7034997940063 14.7557506561279 14.8812503814697 15.0692501068115 15.0650005340576 15.0849990844727 15.2309989929199 15.5620002746582 15.7407503128052 15.4380016326904 15.4490013122559 15.6717491149902 15.7740001678467 15.8907489776611 16.1462497711182 16.482250213623 16.9084987640381 17.0092506408691 17.072998046875 17.1624984741211
17.2355003356934 18.6504993438721 19.1087493896484 18.8790016174316 16.2094993591309 19.4582500457764 22.6870002746582 22.0072498321533 22.7290000915527 21.1254997253418 21.2850017547607 22.6984996795654 23.6867504119873 24.5092506408691 25.2042503356934 25.0099983215332 25.7542495727539 25.1432495117188 23.9954986572266 24.224250793457 22.8865013122559 22.7917499542236 22.496000289917 20.5597496032715 15.7449989318848 14.4397497177124 14.553750038147 17.9452495574951 19.367000579834 17.9832515716553 17.3762512207031 18.0817489624023 15.7582511901855 14.59375 14.7905006408691 14.9789991378784 15.2592496871948 15.3945007324219 15.4082498550415 15.5512504577637 15.9912490844727 16.1172485351562 15.628999710083 15.66575050354 15.8552494049072 16.0117492675781 16.164249420166 16.382251739502 17.1424999237061 16.9965000152588 17.0625 16.8917503356934
17.0710010528564 17.0652484893799 17.3527488708496 17.3877506256104 15.4287509918213 18.7445011138916 21.5567493438721 20.4147510528564 19.2987499237061 18.9807510375977 22.7597503662109 23.7060012817383 24.5040016174316 24.5335006713867 25.1959991455078 25.2215003967285 25.1520004272461 25.2410011291504 23.2110004425049 23.3177490234375 22.6167488098145 22.0149993896484 21.5907497406006 18.3587493896484 16.2919998168945 14.3280000686646 14.0187501907349 14.3844995498657 17.0570011138916 19.9885005950928 18.1145000457764 19.4580001831055 17.7299995422363 16.4472503662109 14.7470006942749 14.9782495498657 15.2405004501343 15.579249382019 15.9045009613037 15.7550001144409 15.8174991607666 16.1982498168945 16.2889995574951 15.8812503814697 15.9885005950928 16.0497493743896 16.2339992523193 16.412748336792 17.0535011291504 16.9872493743896 16.9539985656738 16.9782485961914
17.3072509765625 16.6744995117188 17.5462493896484 17.0627517700195 15.7414989471436 16.2752494812012 19.3430004119873 17.6717491149902 16.246000289917 20.8892498016357 22.5687503814697 23.2982501983643 23.6832504272461 23.8330001831055 24.5687484741211 25.0615005493164 25.1452503204346 24.9567489624023 24.0860004425049 23.435998916626 23.3237495422363 22.4440002441406 21.9635009765625 20.2987499237061 18.5989990234375 16.1040000915527 14.9322500228882 13.9222497940063 14.3247499465942 16.5592498779297 19.5327491760254 21.2457504272461 20.9207496643066 19.0299987792969 15.2037496566772 15.1242504119873 15.3767490386963 15.6754999160767 16.2097511291504 16.0762500762939 16.4360008239746 16.1394996643066 16.5735015869141 16.3682518005371 16.0224990844727 16.0954990386963 16.2397499084473 16.3802528381348 16.6334972381592 16.734748840332 16.9607486724854 16.9557495117188
16.2364311218262 16.5382499694824 17.7250003814697 17.2495002746582 17.7332496643066 17.8859996795654 17.2572498321533 16.2967491149902 15.6360006332397 17.5737495422363 18.8797492980957 19.6957492828369 21.2507514953613 22.7762508392334 24.9757499694824 24.2872505187988 24.4102516174316 24.5487518310547 23.539249420166 22.7700004577637 23.0577507019043 22.7142486572266 21.763500213623 21.4705009460449 20.3002490997314 19.7189998626709 16.5780010223389 13.8600006103516 15.1962509155273 15.7997493743896 20.7272491455078 22.1825008392334 22.4842491149902 20.9282493591309 17.1152496337891 15.4162492752075 15.6437501907349 15.9972496032715 16.5182495117188 16.5577507019043 16.6389999389648 16.6100006103516 16.8257484436035 17.1957492828369 16.5795021057129 16.1807518005371 16.3035011291504 16.4347496032715 16.5229988098145 16.6674995422363 16.9344997406006 17.0397510528564
14.4234371185303 15.1738224029541 16.0716094970703 16.4092483520508 16.861499786377 17.7694988250732 17.4827499389648 16.9990005493164 16.2082500457764 16.9827499389648 17.0849990844727 17.4162502288818 17.7007503509521 20.2557506561279 23.035249710083 24.1925010681152 24.1809997558594 24.0932502746582 22.4965000152588 23.0037498474121 22.8190002441406 22.8687515258789 21.7430000305176 21.0307502746582 20.7550010681152 20.2455005645752 18.8329982757568 16.6820011138916 18.0075016021729 17.0860004425049 17.7617492675781 20.8117504119873 23.3489990234375 22.6857490539551 20.9132499694824 17.1092491149902 16.1712493896484 16.5957489013672 16.8842487335205 17.0930004119873 17.22825050354 17.2910003662109 17.4289989471436 17.4717483520508 17.5825004577637 16.9777488708496 16.4557495117188 16.4679985046387 16.5795001983643 16.7725009918213 16.9139976501465 16.9737510681152
-3.4e+38 -3.4e+38 -3.4e+38 15.0938777923584 15.1314973831177 16.117000579834 16.8380012512207 16.4290008544922 17.0450000762939 17.2192497253418 17.2215003967285 16.601749420166 16.4765014648438 16.6457500457764 19.0790004730225 22.5534992218018 23.6947498321533 23.1212501525879 21.0487518310547 23.2355003356934 23.4172515869141 23.1257514953613 22.3870010375977 21.6785011291504 21.367000579834 20.8600006103516 21.1005020141602 20.4930000305176 19.7584991455078 16.7447509765625 19.5804996490479 22.6667499542236 24.2197513580322 23.8707504272461 22.8959999084473 21.8055000305176 17.7954998016357 16.9782485961914 17.6324996948242 17.8482513427734 18.6229991912842 18.5917491912842 18.0867500305176 18.1317481994629 18.4610023498535 18.1775016784668 17.1230010986328 16.6992492675781 16.7672500610352 16.7730007171631 16.8239974975586 16.9107513427734
-3.4e+38 -3.4e+38 -3.4e+38 -3.4e+38 13.4333343505859 14.5052633285522 14.1611452102661 15.7260751724243 16.4384994506836 16.8334999084473 17.6839981079102 17.1517505645752 16.6124992370605 17.3847503662109 18.3527507781982 20.1205005645752 20.7994995117188 22.0382499694824 19.9245014190674 22.5820007324219 23.3057498931885 22.9132499694824 22.2992496490479 22.2075004577637 21.84375 21.7669982910156 21.5277500152588 21.4482498168945 20.822998046875 18.8132514953613 21.7304992675781 23.2272491455078 24.8027496337891 24.6724987030029 21.1957492828369 22.2182502746582 21.3659992218018 18.6370010375977 18.070499420166 18.3087501525879 19.7682495117188 21.8222503662109 19.4492492675781 19.570499420166 19.3435001373291 19.3712501525879 18.7862510681152 17.4744987487793 16.9370002746582 16.8784980773926 16.9127502441406 16.9422492980957
-3.4e+38 -3.4e+38 -3.4e+38 -3.4e+38 -3.4e+38 -3.4e+38 -3.4e+38 14.3111114501953 14.2490577697754 15.550256729126 17.4467506408691 17.4297485351562 16.5337505340576 15.8787508010864 16.7672500610352 17.2664985656738 16.1017513275146 16.5799999237061 17.6567497253418 22.3547496795654 23.570499420166 22.6639995574951 22.96875 22.4857482910156 22.2762489318848 22.4204998016357 22.2657489776611 22.2657508850098 23.0722503662109 22.2857513427734 22.8745002746582 23.5462512969971 24.3944988250732 24.804500579834 23.0634994506836 20.8542499542236 20.3594989776611 20.4207496643066 20.8769989013672 19.4147491455078 20.5104999542236 22.2960014343262 20.9477500915527 22.952751159668 21.7075004577637 20.0212497711182 20.1832504272461 18.8712501525879 17.5004997253418 17.1272468566895 17.1139984130859 17.0682487487793
-3.4e+38 -3.4e+38 -3.4e+38 -3.4e+38 -3.4e+38 -3.4e+38 -3.4e+38 -3.4e+38 -3.4e+38 14.1373014450073 15.2008047103882 16.4959983825684 16.2662506103516 15.8762502670288 15.3154993057251 15.2285003662109 16.2967491149902 17.8037509918213 20.0614986419678 22.414249420166 23.1429996490479 23.4785003662109 22.8717498779297 22.8225002288818 22.4912490844727 22.7135009765625 22.3509998321533 22.9097499847412 23.7070007324219 23.5319995880127 23.5019989013672 23.3665008544922 23.9340000152588 24.2372512817383 23.9635009765625 22.463249206543 20.7849998474121 22.4877490997314 22.9705009460449 21.9435005187988 21.3015003204346 21.7627506256104 22.744499206543 24.625 24.443000793457 22.003999710083 21.7974987030029 19.8632507324219 18.763500213623 17.6534996032715 17.3647499084473 17.239501953125
-3.4e+38 -3.4e+38 -3.4e+38 -3.4e+38 -3.4e+38 -3.4e+38 -3.4e+38 -3.4e+38 -3.4e+38 -3.4e+38 13.1111106872559 13.7574892044067 14.3377504348755 15.7812490463257 16.1604995727539 16.0142498016357 15.253999710083 15.3129997253418 17.8482494354248 20.8880004882812 22.421501159668 22.6252517700195 22.6735000610352 23.34375 23.1377487182617 23.1737499237061 23.0837516784668 22.6534996032715 23.3807506561279 23.4890003204346 23.8722496032715 23.4855003356934 23.9782485961914 24.2657489776611 24.5690002441406 24.3470001220703 23.1317501068115 22.6497497558594 24.3312492370605 24.7894992828369 23.0220012664795 22.6852493286133 23.1907501220703 24.3217506408691 25.4519996643066 25.6665000915527 23.8282489776611 21.3512496948242 19.7862510681152 18.9794998168945 17.8837490081787 17.5260009765625
