data/layers/Current/bio7.asc
NCOLS 494 
NROWS 529 
XLLCORNER -117.166666666667 
YLLCORNER -55.5 
CELLSIZE 0.166666666666667 
NODATA_value -3.4e+38 
[rows 92 to 114 of 529, columns 156 to 207 of 494]
17.2987499237061 17.5965003967285 17.7317523956299 17.6230010986328 17.130500793457 16.7542514801025 16.794750213623 16.7467498779297 16.5304985046387 16.679500579834 16.6447505950928 16.2647514343262 16.2302513122559 15.8687496185303 15.0620002746582 14.1472511291504 13.1729984283447 12.2746982574463 10.7749996185303 10.0255317687988 9.70000076293945 8.58333206176758 -3.4e+38 -3.4e+38 -3.4e+38 -3.4e+38 -3.4e+38 -3.4e+38 -3.4e+38 -3.4e+38 -3.4e+38 -3.4e+38 -3.4e+38 -3.4e+38 -3.4e+38 -3.4e+38 -3.4e+38 -3.4e+38 -3.4e+38 -3.4e+38 -3.4e+38 -3.4e+38 -3.4e+38 -3.4e+38 -3.4e+38 -3.4e+38 -3.4e+38 -3.4e+38 -3.4e+38 -3.4e+38 -3.4e+38 -3.4e+38
16.8092517852783 17.2109985351562 17.7190017700195 17.5980014801025 17.1917495727539 16.8547515869141 16.7732486724854 16.6292495727539 16.3739986419678 16.422248840332 16.2554988861084 16.2432479858398 16.1670017242432 15.5742492675781 14.7032489776611 14.0442504882812 13.359748840332 12.991096496582 10.8199996948242 -3.4e+38 -3.4e+38 -3.4e+38 -3.4e+38 -3.4e+38 -3.4e+38 -3.4e+38 -3.4e+38 -3.4e+38 -3.4e+38 -3.4e+38 -3.4e+38 -3.4e+38 -3.4e+38 -3.4e+38 -3.4e+38 -3.4e+38 -3.4e+38 -3.4e+38 -3.4e+38 -3.4e+38 -3.4e+38 -3.4e+38 -3.4e+38 -3.4e+38 -3.4e+38 -3.4e+38 -3.4e+38 -3.4e+38 -3.4e+38 -3.4e+38 -3.4e+38 -3.4e+38
16.6872520446777 16.7652492523193 17.121000289917 17.157751083374 16.9539985656738 16.9214992523193 16.607250213623 16.1030006408691 16.0992488861084 16.4294986724854 16.6315002441406 16.4675006866455 15.4654989242554 15.4027490615845 14.6892499923706 13.8780002593994 13.4645004272461 13.2027473449707 11.1199989318848 -3.4e+38 -3.4e+38 -3.4e+38 -3.4e+38 -3.4e+38 -3.4e+38 -3.4e+38 -3.4e+38 -3.4e+38 -3.4e+38 -3.4e+38 -3.4e+38 -3.4e+38 -3.4e+38 -3.4e+38 -3.4e+38 -3.4e+38 -3.4e+38 -3.4e+38 -3.4e+38 -3.4e+38 -3.4e+38 -3.4e+38 -3.4e+38 -3.4e+38 -3.4e+38 -3.4e+38 -3.4e+38 -3.4e+38 -3.4e+38 -3.4e+38 -3.4e+38 -3.4e+38
16.5979995727539 16.5552520751953 16.4565010070801 16.9177494049072 16.9055004119873 16.6942501068115 16.2137489318848 16.0304985046387 16.1957511901855 16.2495021820068 16.4092483520508 16.0172519683838 15.0402488708496 14.6680002212524 14.1630001068115 13.631498336792 13.5747489929199 13.1472511291504 11.4000015258789 -3.4e+38 -3.4e+38 -3.4e+38 -3.4e+38 -3.4e+38 -3.4e+38 -3.4e+38 -3.4e+38 -3.4e+38 -3.4e+38 -3.4e+38 -3.4e+38 -3.4e+38 -3.4e+38 -3.4e+38 -3.4e+38 -3.4e+38 -3.4e+38 -3.4e+38 -3.4e+38 -3.4e+38 -3.4e+38 -3.4e+38 -3.4e+38 -3.4e+38 -3.4e+38 -3.4e+38 -3.4e+38 -3.4e+38 -3.4e+38 -3.4e+38 -3.4e+38 -3.4e+38
16.378999710083 16.1060009002686 16.1067504882812 16.1852512359619 16.0317516326904 15.8202514648438 15.7507495880127 15.7999992370605 15.8300018310547 15.7434997558594 15.5399990081787 15.1267499923706 14.4472503662109 14.0892505645752 13.6829986572266 13.8162517547607 13.8723068237305 12.9500007629395 11.5000019073486 -3.4e+38 -3.4e+38 -3.4e+38 -3.4e+38 -3.4e+38 -3.4e+38 -3.4e+38 -3.4e+38 -3.4e+38 -3.4e+38 -3.4e+38 -3.4e+38 9.71249771118164 9.79999923706055 -3.4e+38 -3.4e+38 -3.4e+38 -3.4e+38 -3.4e+38 -3.4e+38 -3.4e+38 -3.4e+38 -3.4e+38 -3.4e+38 -3.4e+38 -3.4e+38 -3.4e+38 -3.4e+38 -3.4e+38 -3.4e+38 -3.4e+38 -3.4e+38 -3.4e+38
16.1955013275146 16.006498336792 16.020751953125 16.0267524719238 15.5652484893799 15.3442516326904 15.3152503967285 15.3467502593994 15.0550022125244 14.730001449585 14.8274993896484 14.3182506561279 13.7597503662109 13.3969993591309 13.8754997253418 14.0092487335205 14.0915946960449 -3.4e+38 -3.4e+38 -3.4e+38 -3.4e+38 -3.4e+38 -3.4e+38 -3.4e+38 -3.4e+38 -3.4e+38 -3.4e+38 9.93846130371094 9.67971038818359 9.59696960449219 9.30000114440918 9.92622947692871 9.96666526794434 -3.4e+38 -3.4e+38 -3.4e+38 -3.4e+38 -3.4e+38 -3.4e+38 -3.4e+38 -3.4e+38 -3.4e+38 -3.4e+38 -3.4e+38 -3.4e+38 -3.4e+38 -3.4e+38 -3.4e+38 -3.4e+38 -3.4e+38 -3.4e+38 -3.4e+38
15.8475017547607 15.7000007629395 15.9317493438721 15.5732498168945 15.3790016174316 15.2287502288818 15.036750793457 14.9827518463135 14.4802474975586 14.0657501220703 14.1814994812012 14.0690002441406 13.7292499542236 14.0054988861084 13.5875377655029 13.1940307617188 -3.4e+38 -3.4e+38 -3.4e+38 -3.4e+38 -3.4e+38 -3.4e+38 -3.4e+38 -3.4e+38 -3.4e+38 -3.4e+38 -3.4e+38 9.97222328186035 9.95000076293945 -3.4e+38 -3.4e+38 -3.4e+38 -3.4e+38 -3.4e+38 -3.4e+38 -3.4e+38 -3.4e+38 -3.4e+38 -3.4e+38 -3.4e+38 -3.4e+38 -3.4e+38 -3.4e+38 -3.4e+38 -3.4e+38 -3.4e+38 -3.4e+38 -3.4e+38 -3.4e+38 -3.4e+38 -3.4e+38 -3.4e+38
15.8107509613037 15.6347503662109 15.7764987945557 15.4172496795654 15.1854991912842 14.8412494659424 14.7722492218018 14.5289993286133 14.0540008544922 13.69700050354 13.8780002593994 13.4877510070801 13.6382503509521 13.4986381530762 13.3999996185303 -3.4e+38 -3.4e+38 -3.4e+38 -3.4e+38 -3.4e+38 -3.4e+38 -3.4e+38 -3.4e+38 -3.4e+38 -3.4e+38 11.0127658843994 -3.4e+38 -3.4e+38 -3.4e+38 -3.4e+38 11.5999984741211 11.7500019073486 -3.4e+38 -3.4e+38 -3.4e+38 -3.4e+38 -3.4e+38 -3.4e+38 -3.4e+38 -3.4e+38 -3.4e+38 -3.4e+38 -3.4e+38 -3.4e+38 -3.4e+38 -3.4e+38 -3.4e+38 -3.4e+38 -3.4e+38 -3.4e+38 -3.4e+38 -3.4e+38
15.7894992828369 15.4239978790283 15.1507511138916 14.7934989929199 14.3150005340576 14.2677516937256 14.3539981842041 14.4105014801025 14.0624980926514 13.4894981384277 13.1282501220703 13.476749420166 13.6669998168945 13.186637878418 12.9925937652588 12.5337352752686 12.8526306152344 -3.4e+38 -3.4e+38 13.0969696044922 12.8490905761719 12.5980758666992 12.7000007629395 -3.4e+38 -3.4e+38 -3.4e+38 -3.4e+38 -3.4e+38 10.7999992370605 12.9333343505859 13.0547771453857 13.2117404937744 13.7312126159668 13.4440803527832 13.1034870147705 12.4465637207031 12.1236591339111 11.4882984161377 10.9022045135498 10.2999992370605 -3.4e+38 -3.4e+38 -3.4e+38 -3.4e+38 -3.4e+38 -3.4e+38 -3.4e+38 -3.4e+38 -3.4e+38 -3.4e+38 -3.4e+38 -3.4e+38
15.7612495422363 15.2007484436035 14.644998550415 14.4882507324219 14.0690021514893 13.7509994506836 13.3477516174316 13.2932510375977 13.1832523345947 13.3102512359619 13.2457504272461 13.0090007781982 13.5052509307861 13.0382499694824 13.0778713226318 13.3058338165283 13.5650005340576 13.6708335876465 13.668098449707 13.7167568206787 13.6450023651123 13.3697547912598 13.4078483581543 13.4354267120361 13.336462020874 13.4786949157715 13.2170066833496 13.4166660308838 13.6449661254883 13.6981391906738 14.3487491607666 14.5107498168945 14.6037521362305 14.0252513885498 13.4344997406006 12.8027496337891 12.6392498016357 11.8287506103516 11.5523815155029 11.3394660949707 10.7397861480713 10.5755996704102 10.1214275360107 -3.4e+38 -3.4e+38 -3.4e+38 -3.4e+38 8.20000076293945 -3.4e+38 -3.4e+38 -3.4e+38 -3.4e+38
16.4217491149902 15.5232496261597 15.0190010070801 14.2592506408691 14.4324989318848 14.9202499389648 13.4862499237061 12.8307495117188 12.9582500457764 12.7847499847412 12.8212490081787 12.8027477264404 12.5085010528564 13.3877506256104 13.6972503662109 13.8172473907471 14.1857509613037 14.20924949646 14.3500003814697 14.6404991149902 14.3400001525879 14.2170009613037 14.3197498321533 14.0660018920898 13.873498916626 13.9172487258911 14.1525001525879 14.097749710083 14.2600002288818 14.653751373291 14.6022491455078 14.1354999542236 14.1690006256104 14.225248336792 13.3854999542236 13.230001449585 12.4622497558594 12.0834999084473 11.7422504425049 11.6242504119873 11.3164978027344 10.8042507171631 9.904052734375 9.89285659790039 -3.4e+38 -3.4e+38 -3.4e+38 -3.4e+38 -3.4e+38 -3.4e+38 -3.4e+38 -3.4e+38
17.6397495269775 16.5335006713867 15.705249786377 15.1092491149902 15.4619998931885 14.5570001602173 13.2975006103516 12.5442495346069 13.077751159668 13.6612510681152 13.2985000610352 12.2660007476807 12.5910015106201 13.8570022583008 14.0247497558594 14.6239986419678 15.2177505493164 15.3959999084473 15.3047504425049 15.2652492523193 14.9029998779297 15.1782512664795 14.8697490692139 14.625 14.8182506561279 15.308500289917 15.400749206543 15.1269989013672 14.7672519683838 14.3722496032715 14.1059999465942 14.280499458313 14.5122509002686 14.0827493667603 13.3167505264282 13.0517501831055 12.6525001525879 12.222749710083 11.8169994354248 11.6669998168945 11.4909992218018 11.1312484741211 10.1139678955078 9.6816520690918 9.30000114440918 9.29999923706055 -3.4e+38 -3.4e+38 -3.4e+38 -3.4e+38 -3.4e+38 -3.4e+38
17.4724998474121 17.1982498168945 15.9089994430542 15.2449998855591 15.045750617981 13.761999130249 12.4097499847412 12.9627513885498 13.0952491760254 12.9367504119873 12.6299991607666 13.4857501983643 13.7962493896484 14.0682506561279 14.6987495422363 15.5647506713867 15.8809986114502 15.8937511444092 15.8500003814697 15.6772480010986 15.6982498168945 15.4670000076294 15.6977491378784 16.2752494812012 15.9009990692139 15.4079999923706 15.1425008773804 15.1092491149902 15.0139999389648 15.0297498703003 15.5364999771118 16.1062507629395 15.7302513122559 14.2367486953735 14.1494998931885 13.2519998550415 12.6219997406006 12.2602500915527 11.9029998779297 11.7127475738525 11.6359996795654 11.3239994049072 10.69118309021 10.2703323364258 10.1521282196045 9.10676765441895 9.32112693786621 -3.4e+38 -3.4e+38 -3.4e+38 -3.4e+38 -3.4e+38
17.9525012969971 16.507251739502 15.7294998168945 15.0815010070801 14.8707504272461 13.9482507705688 12.5214996337891 12.3467502593994 12.5932493209839 13.632999420166 14.4487495422363 14.2062511444092 14.3080005645752 14.762749671936 15.6989994049072 15.3697509765625 15.4844989776611 16.0790004730225 15.9385013580322 16.0862483978271 15.9742488861084 15.8182497024536 16.0657501220703 16.6577491760254 15.9459991455078 16.0364990234375 15.7784996032715 15.4462509155273 15.70924949646 15.0947494506836 15.9344987869263 15.7047500610352 14.8454999923706 14.6709995269775 14.0417499542236 13.3802509307861 12.9252490997314 12.3317489624023 11.9257507324219 11.5772495269775 11.1710014343262 11.4145011901855 11.2734985351562 11.0090007781982 10.4882507324219 9.72224998474121 9.54648208618164 8.88640022277832 8.27500152587891 -3.4e+38 -3.4e+38 -3.4e+38
17.4604988098145 16.4542503356934 15.4352493286133 14.3892507553101 13.9935007095337 13.6777496337891 13.8107509613037 14.0582504272461 14.7492485046387 15.0090007781982 13.9475002288818 14.1654987335205 14.3295011520386 14.7772512435913 15.5250005722046 15.6957492828369 15.6410007476807 16.265998840332 15.3174991607666 16.0464992523193 16.2182502746582 16.2690010070801 16.6592483520508 16.9455013275146 16.0957508087158 16.0559997558594 16.377498626709 15.75475025177 16.0974998474121 16.2174987792969 15.2960004806519 14.683500289917 15.6015014648438 14.7030010223389 13.8717498779297 13.3815002441406 12.7294998168945 12.1372489929199 11.744499206543 11.4817485809326 11.2670001983643 11.4169998168945 11.3125 10.9137496948242 10.2285003662109 9.7189998626709 9.42850112915039 8.88632583618164 8.39999961853027 -3.4e+38 -3.4e+38 -3.4e+38
16.3757495880127 16.7317504882812 15.2775011062622 14.5352506637573 14.1497507095337 14.0102491378784 13.8762502670288 13.4119997024536 13.9307508468628 14.6327514648438 14.464750289917 14.8007497787476 14.4684991836548 15.3272485733032 15.8052501678467 15.7787504196167 15.8489999771118 16.377498626709 16.3497486114502 15.8435001373291 16.5482482910156 16.5347480773926 16.7022495269775 17.2072486877441 17.1494998931885 16.8964996337891 16.1462478637695 16.0719985961914 15.9747495651245 16.4959983825684 16.4705009460449 16.4917507171631 15.8320007324219 14.7684993743896 13.9252490997314 13.089750289917 12.5867500305176 12.1650009155273 11.929500579834 11.5957508087158 11.4560012817383 11.2642498016357 10.900749206543 10.4057502746582 10.2532501220703 10.1669998168945 9.45225143432617 8.57831382751465 -3.4e+38 -3.4e+38 -3.4e+38 -3.4e+38
13.4392499923706 15.0485000610352 15.2639989852905 14.6440000534058 13.7369995117188 13.5432500839233 13.7795009613037 15.0507497787476 14.8839998245239 14.9762496948242 14.1397495269775 14.6460008621216 14.2402496337891 15.6229991912842 14.5170001983643 16.033748626709 15.705249786377 15.4087495803833 16.2002487182617 16.2847480773926 17.015251159668 16.5342483520508 16.783748626709 17.1370010375977 17.2782497406006 16.9042510986328 16.0277500152588 16.0077495574951 16.2727489471436 16.6477489471436 15.9242496490479 15.4624977111816 15.1917495727539 14.5692501068115 13.5427513122559 12.9192504882812 12.4182510375977 11.9294986724854 11.4790000915527 11.1857509613037 10.8892517089844 10.6107501983643 10.5104999542236 10.4677505493164 10.3199996948242 10.1597499847412 9.66475105285645 8.891357421875 -3.4e+38 -3.4e+38 -3.4e+38 -3.4e+38
12.5190010070801 12.7032508850098 13.0364990234375 13.8637495040894 13.4945001602173 13.7437496185303 13.3392505645752 14.3372497558594 15.0080003738403 15.3802490234375 13.9997510910034 14.2712507247925 14.018500328064 15.2189998626709 15.077751159668 15.6472511291504 15.5954990386963 15.3149995803833 16.1394996643066 17.0060005187988 16.9517517089844 17.4082489013672 16.2030010223389 16.943000793457 17.4617500305176 16.5742492675781 15.9952507019043 15.8810005187988 16.0132503509521 15.9405002593994 15.7174987792969 15.5604991912842 15.1595001220703 14.2697486877441 13.4217491149902 12.8077507019043 12.136999130249 11.6655006408691 11.1765003204346 10.8462505340576 10.5547504425049 10.3519992828369 10.2569999694824 10.0354995727539 10.0639991760254 9.8802490234375 9.17074966430664 8.52375984191895 -3.4e+38 7.59999847412109 7.44000053405762 -3.4e+38
15.9014987945557 14.6579990386963 13.729248046875 13.0269985198975 13.5414991378784 13.8547496795654 14.5755004882812 15.27649974823 15.269250869751 15.4917488098145 15.9242515563965 15.0777502059937 14.5012512207031 15.1505002975464 15.2777490615845 15.5297508239746 15.8889989852905 15.827000617981 16.2755012512207 16.4634990692139 16.8759994506836 17.8089981079102 16.7372512817383 17.2877502441406 16.3217506408691 16.6669998168945 16.1735000610352 16.1634979248047 15.7952499389648 16.0675010681152 15.6592502593994 15.2210006713867 14.7065010070801 13.96399974823 13.1605014801025 12.6377487182617 11.9554996490479 11.4077491760254 10.9235000610352 10.5717506408691 10.2912483215332 10.1242504119873 10.0637512207031 9.71599960327148 9.45749855041504 9.37899971008301 9.11450004577637 8.12479400634766 -3.4e+38 -3.4e+38 -3.4e+38 -3.4e+38
16.555248260498 15.7242488861084 14.8992481231689 13.4617519378662 13.0895004272461 13.4987506866455 14.5154991149902 15.1177501678467 15.5362510681152 15.6679992675781 16.2899990081787 16.8737525939941 16.0930004119873 15.4360008239746 15.6739978790283 15.8465003967285 15.7252511978149 15.7290010452271 15.6202487945557 15.7217502593994 16.4064998626709 16.327751159668 16.1485004425049 16.9817504882812 16.2402496337891 16.7672500610352 16.3404998779297 16.0970001220703 16.7275009155273 16.2679977416992 15.5139999389648 15.0707511901855 14.5060005187988 13.8602504730225 13.1312503814697 12.3457489013672 11.6760005950928 11.2760009765625 10.8404998779297 10.5010013580322 10.1862506866455 10.1254997253418 9.97075080871582 9.60950088500977 9.07699966430664 8.9422492980957 8.70389938354492 8.58108139038086 -3.4e+38 -3.4e+38 -3.4e+38 -3.4e+38
16.074743270874 15.4782199859619 14.510326385498 13.4439601898193 13.4723606109619 13.8167495727539 14.3287506103516 14.27174949646 14.0655002593994 14.1555004119873 15.8915023803711 16.8864994049072 15.9787521362305 15.5797481536865 15.7469997406006 15.6765003204346 15.7527484893799 15.58424949646 15.5412492752075 15.8727493286133 15.9917507171631 15.9125003814697 16.0104999542236 16.2167510986328 16.2417488098145 15.8680000305176 16.3062477111816 16.5395011901855 16.2572498321533 15.4580001831055 15.6452493667603 15.0480003356934 14.4860000610352 13.7609996795654 13.1267490386963 12.2770004272461 11.6827507019043 11.1472492218018 10.9420013427734 10.2900009155273 10.1754989624023 9.94849967956543 9.58799934387207 9.35799980163574 9.02350044250488 8.71256446838379 8.04326820373535 -3.4e+38 -3.4e+38 -3.4e+38 -3.4e+38 -3.4e+38
-3.4e+38 -3.4e+38 -3.4e+38 -3.4e+38 -3.4e+38 13.2374973297119 14.1137256622314 14.1012668609619 14.4729995727539 14.8347501754761 15.5859994888306 14.7504997253418 15.0592498779297 15.1517496109009 15.6847515106201 15.6272506713867 15.4535026550293 14.7335004806519 15.6959991455078 15.6549987792969 15.5085010528564 15.4050025939941 15.4049987792969 15.4680004119873 15.8242502212524 15.7532510757446 15.8082504272461 15.3534994125366 14.9022493362427 15.3332490921021 15.418999671936 14.3822498321533 14.3582496643066 13.5252504348755 13.1782512664795 12.3525009155273 11.6872501373291 11.3290004730225 11.1164989471436 10.449499130249 10.0372486114502 9.65349960327148 9.51149940490723 9.46974945068359 9.06450080871582 8.60370445251465 8.76363563537598 -3.4e+38 -3.4e+38 -3.4e+38 -3.4e+38 -3.4e+38
-3.4e+38 -3.4e+38 -3.4e+38 -3.4e+38 -3.4e+38 -3.4e+38 -3.4e+38 13.7728824615479 13.8781547546387 14.0312843322754 13.5050010681152 13.8115005493164 13.5424995422363 13.8759994506836 14.6965007781982 14.6805000305176 15.0092487335205 15.6272487640381 15.9720020294189 15.342752456665 14.9460010528564 14.8274993896484 14.8562488555908 15.0047492980957 15.1574974060059 15.194751739502 15.5087490081787 15.4992504119873 15.4290008544922 15.0164995193481 14.8154993057251 14.3844985961914 13.9199991226196 13.2425003051758 12.7700004577637 12.5895004272461 11.756498336792 11.4067516326904 11.0957489013672 10.5082492828369 10.0257511138916 9.57649993896484 9.48950004577637 9.19150161743164 8.86199951171875 8.0887336730957 -3.4e+38 -3.4e+38 -3.4e+38 -3.4e+38 -3.4e+38 -3.4e+38
