data/layers/Current/bio7.asc
NCOLS 494 
NROWS 529 
XLLCORNER -117.166666666667 
YLLCORNER -55.5 
CELLSIZE 0.166666666666667 
NODATA_value -3.4e+38 
[rows 23 to 45 of 529, columns 52 to 103 of 494]
33.4790000915527 32.3549995422363 34.9152488708496 35.3549995422363 34.4637489318848 33.9964981079102 32.3027496337891 32.3769989013672 32.6547508239746 33.0879974365234 32.4184989929199 31.9120006561279 31.9624996185303 33.604248046875 34.7262496948242 35.465747833252 36.7942504882812 36.4442481994629 36.0617485046387 35.7657508850098 35.4004974365234 36.076000213623 36.2204971313477 35.6137504577637 34.492000579834 32.7044982910156 33.5044975280762 33.804500579834 32.0559997558594 31.7084980010986 33.8137512207031 34.0867500305176 33.700252532959 32.8179969787598 33.283748626709 30.8872509002686 30.6359977722168 30.599250793457 28.4314994812012 29.8202495574951 29.202751159668 28.7414989471436 29.5672492980957 31.3607501983643 32.2830009460449 32.2232513427734 32.1459999084473 31.9109973907471 31.713249206543 31.6512489318848 31.4885005950928 31.2374992370605
33.9207496643066 32.431999206543 33.1472473144531 34.642749786377 33.1404991149902 33.9237518310547 33.2700004577637 32.7282485961914 31.8534984588623 33.0712509155273 32.0927505493164 33.3605003356934 32.3844985961914 33.2037506103516 33.9732513427734 34.3899993896484 35.3810005187988 36.9112510681152 36.4972496032715 34.9274978637695 35.3427505493164 35.604248046875 35.0294990539551 34.3647499084473 34.8974990844727 34.0342483520508 33.5947494506836 33.5429992675781 32.6152496337891 30.3077487945557 31.9274997711182 33.838249206543 34.0434989929199 33.3707504272461 32.705249786377 29.5527515411377 30.680248260498 29.4710006713867 30.6765022277832 30.214750289917 29.5589981079102 29.5795001983643 29.5854988098145 31.0112495422363 32.1587524414062 32.3552513122559 32.1230010986328 31.7509994506836 31.5862483978271 31.4174995422363 31.2522506713867 31.1624984741211
32.8452491760254 32.5825004577637 32.5067520141602 33.2089996337891 33.3447494506836 32.7352485656738 33.4734992980957 33.3330001831055 32.5945014953613 33.497501373291 33.1497497558594 33.1347503662109 33.7312507629395 33.8794975280762 32.7350006103516 33.9392509460449 34.9425010681152 35.6119995117188 35.9045028686523 35.7647476196289 34.8772506713867 33.9275016784668 34.4925003051758 34.246997833252 34.1499977111816 33.492000579834 32.8667488098145 33.0207481384277 32.5012512207031 32.5105018615723 32.7529983520508 33.4222526550293 31.3334999084473 33.2772483825684 32.8850021362305 29.2669982910156 31.0647487640381 30.1057510375977 27.9757499694824 29.1667499542236 30.3317489624023 30.9132499694824 30.6277503967285 31.0637512207031 31.8650016784668 32.2202529907227 31.9134998321533 31.671501159668 31.4884986877441 31.3249969482422 31.2527503967285 31.3852500915527
31.556999206543 31.6957511901855 31.6624984741211 32.1525001525879 31.6452484130859 31.4432506561279 33.0482482910156 32.1492500305176 33.6074981689453 33.5902481079102 32.6940002441406 33.8902473449707 34.0617523193359 34.2840003967285 33.0965003967285 34.3715019226074 34.8524971008301 33.8932495117188 34.5197486877441 34.1182518005371 35.0307502746582 34.6165008544922 33.0137481689453 33.356502532959 33.7717514038086 32.3120002746582 31.2170009613037 32.5832481384277 32.5149993896484 32.1430015563965 31.3897476196289 32.9837493896484 29.1967487335205 31.3824996948242 31.1424999237061 30.5087509155273 30.172248840332 29.9474983215332 27.9355010986328 28.3305015563965 29.0862503051758 30.8470020294189 31.1712493896484 31.3154983520508 31.289249420166 31.3657512664795 31.411750793457 31.3317489624023 31.28125 31.3447494506836 31.3790016174316 31.3554992675781
31.7924995422363 31.0182495117188 31.638500213623 31.3172492980957 31.7454986572266 31.6585006713867 31.7152500152588 32.1332511901855 32.8407516479492 33.211498260498 32.6492500305176 32.8647499084473 34.0632476806641 34.0195007324219 33.3674964904785 33.5957489013672 34.0687484741211 34.1259994506836 34.5807495117188 33.8600006103516 34.9464988708496 33.4557495117188 33.0755004882812 33.8082504272461 33.5652503967285 33.4674987792969 32.9337501525879 33.0347518920898 32.2437515258789 31.8912487030029 31.3315010070801 32.1574974060059 29.8417510986328 29.8905010223389 30.6687488555908 30.2852516174316 30.2432498931885 29.8662509918213 28.8959999084473 28.7700004577637 30.5104999542236 31.1714992523193 31.7240009307861 31.8707504272461 31.2237491607666 30.3287506103516 29.9977493286133 30.4099998474121 31.0277519226074 31.1342506408691 31.3824996948242 31.2919998168945
31.4539985656738 30.7835006713867 30.9309997558594 31.1297492980957 31.6525001525879 32.0827522277832 31.6744995117188 31.5930004119873 33.1040000915527 31.9034996032715 33.6504974365234 33.6969985961914 33.6622505187988 33.5614967346191 33.7005004882812 33.2879981994629 33.7669982910156 34.3482513427734 34.4377517700195 34.2037506103516 34.0997505187988 33.8955001831055 33.2957534790039 33.260498046875 32.6102485656738 32.4169998168945 32.6080017089844 33.0050010681152 30.6432495117188 30.6197509765625 32.2692489624023 32.2540016174316 31.4812488555908 30.8074989318848 30.9500007629395 31.3264980316162 30.0345001220703 29.7999973297119 29.47825050354 26.9619979858398 28.7827491760254 30.5197486877441 31.1824989318848 31.5675010681152 31.441499710083 30.422248840332 29.4234981536865 29.7370014190674 30.6932487487793 30.9797496795654 31.3412494659424 31.4344997406006
30.2849998474121 30.4307498931885 30.8377494812012 31.1267509460449 31.2410011291504 31.9657497406006 31.75950050354 31.6377506256104 32.7817497253418 31.2817497253418 32.4242515563965 33.4595031738281 32.7024993896484 33.5384979248047 33.5610008239746 33.2087516784668 33.4112510681152 33.7227478027344 34.2342491149902 33.5507469177246 33.5924987792969 34.2642478942871 34.3120002746582 32.9862518310547 32.9367485046387 32.630500793457 31.902250289917 31.2055015563965 31.6754989624023 29.8784999847412 31.5877494812012 32.6404991149902 32.1367492675781 31.9145011901855 29.7995014190674 30.4717502593994 31.0422515869141 30.019250869751 29.3004989624023 29.5462493896484 29.7807483673096 28.5764999389648 29.9002494812012 31.5764999389648 31.8197479248047 31.4230003356934 30.5692520141602 30.5172500610352 30.8522491455078 30.9540023803711 31.1940002441406 31.4852504730225
30.8175010681152 29.9925022125244 30.2265014648438 30.998498916626 30.9392509460449 30.9127502441406 31.3792495727539 31.9925003051758 32.4447479248047 32.7220001220703 32.8307495117188 32.8850021362305 32.8745002746582 32.9222526550293 33.1232528686523 32.3974990844727 32.817497253418 32.1777496337891 33.0530014038086 34.6837501525879 34.8085021972656 34.4849967956543 33.9500007629395 32.8247489929199 33.4127502441406 32.8159980773926 32.5482521057129 29.85325050354 31.3490009307861 29.976749420166 30.5127487182617 31.0065002441406 31.1630020141602 31.6005001068115 28.4972496032715 28.5717506408691 31.012752532959 29.6562480926514 29.4410018920898 29.5437507629395 30.7054996490479 29.4204978942871 30.7382507324219 31.6805000305176 31.9242496490479 32.0162506103516 31.4447498321533 31.2825012207031 31.4080009460449 31.2704982757568 31.0205001831055 31.318998336792
30.7862510681152 30.4165000915527 30.6767501831055 30.1854991912842 30.5002498626709 30.7372493743896 31.2159996032715 31.507999420166 31.6997509002686 32.0552520751953 33.1285018920898 31.8177490234375 32.6360015869141 32.7434997558594 32.2142524719238 31.8917503356934 32.1277503967285 32.6920013427734 33.6155014038086 35.1282501220703 34.840747833252 34.570499420166 32.7387504577637 33.5722503662109 32.4557495117188 32.0564994812012 30.742748260498 31.1380004882812 30.3274974822998 29.6455001831055 30.4362506866455 31.1444988250732 31.6444988250732 31.6829986572266 29.331750869751 28.1704998016357 30.6717491149902 31.0285015106201 30.4785022735596 28.128999710083 29.67799949646 30.2742519378662 30.2994995117188 31.8544998168945 32.2410011291504 32.4995002746582 31.7152481079102 30.8447494506836 31.5279979705811 31.6184997558594 31.4549999237061 31.2154998779297
30.2749996185303 29.9702491760254 29.9797515869141 29.7607498168945 30.0577487945557 29.8257503509521 30.6310005187988 32.2632484436035 32.3002510070801 31.8457508087158 32.2167472839355 30.820499420166 32.548999786377 32.742000579834 31.8972492218018 32.4584999084473 32.7382507324219 33.3125 34.0745010375977 34.5449981689453 35.2017517089844 35.0557479858398 33.3304977416992 33.4179992675781 33.3652496337891 31.378002166748 29.5084991455078 30.5319995880127 28.304500579834 28.3424987792969 29.9872493743896 31.6222496032715 31.2752513885498 31.1387519836426 29.9094982147217 29.1187496185303 30.382999420166 31.9099979400635 28.8940010070801 27.8737487792969 29.5610008239746 31.3834991455078 31.2285003662109 31.3287506103516 31.4237499237061 32.1355018615723 32.4782485961914 31.9605007171631 32.2217483520508 31.8315010070801 31.5105018615723 31.4354972839355
29.570499420166 29.5517501831055 29.3934993743896 29.5337505340576 29.9889984130859 29.952751159668 30.9119987487793 31.3297500610352 31.8072490692139 31.9895000457764 32.3482513427734 31.0962505340576 32.6015014648438 32.8660011291504 31.5535011291504 31.6087512969971 32.0972480773926 33.2949981689453 33.8619995117188 33.6365013122559 34.6607513427734 34.9232521057129 34.5995025634766 32.6630020141602 33.2730026245117 30.682502746582 30.2334995269775 31.5297508239746 30.9004993438721 31.0265007019043 32.013500213623 30.5877494812012 31.9672508239746 31.3492488861084 30.1347503662109 27.5962505340576 27.1814994812012 29.9669990539551 29.4169998168945 28.5062503814697 29.6077499389648 31.3912487030029 31.6679992675781 32.013500213623 30.5334987640381 30.2047500610352 31.785249710083 32.3304977416992 32.044750213623 31.8762512207031 31.6292514801025 31.3414993286133
29.7007484436035 29.8050003051758 29.798999786377 30.5994987487793 30.2939987182617 29.8430004119873 30.0920009613037 30.7630004882812 31.5450000762939 31.3487491607666 31.875 31.6957492828369 32.3199996948242 32.0210037231445 31.0067501068115 31.2357501983643 32.1047515869141 32.6914978027344 33.2374992370605 34.119499206543 34.1655006408691 34.0122528076172 34.5727500915527 33.4222526550293 33.2495002746582 33.0167465209961 32.6867485046387 32.8507499694824 32.2405014038086 32.2642517089844 32.3852462768555 29.6137504577637 32.731746673584 31.6152477264404 31.689998626709 30.9225006103516 29.6842498779297 30.3495025634766 30.4474983215332 30.5847492218018 29.2022495269775 30.6007499694824 30.4540004730225 30.4250011444092 31.5412483215332 30.8887519836426 30.7929992675781 32.302001953125 29.3042488098145 30.5807495117188 31.2249984741211 31.2674999237061
31.2344989776611 30.1120014190674 29.1204986572266 29.2067489624023 29.8917484283447 29.9282493591309 29.6334991455078 30.1030006408691 30.8740005493164 30.5027503967285 31.1962509155273 31.1682510375977 31.2667484283447 31.5382499694824 31.3167495727539 30.4082508087158 30.9859981536865 32.7115020751953 32.870246887207 33.1769981384277 33.0762481689453 33.5242500305176 33.8427505493164 33.0579986572266 33.4182472229004 34.0847511291504 32.7627487182617 33.2750015258789 32.7007522583008 32.4444999694824 32.044002532959 31.7635021209717 30.064998626709 30.3484992980957 29.5727500915527 29.8367500305176 28.8902492523193 29.2627506256104 29.1987495422363 30.4472484588623 27.4435005187988 29.1312522888184 29.8114986419678 27.1089992523193 29.0547504425049 31.1530017852783 31.5757484436035 30.7077484130859 29.9627513885498 30.0442504882812 30.2394981384277 30.6662502288818
31.3782501220703 29.7164993286133 29.5682525634766 28.9722518920898 28.3872509002686 29.1907520294189 29.0034980773926 29.3819999694824 29.6007499694824 30.1572513580322 30.0659999847412 29.7272510528564 29.6342506408691 30.2817497253418 29.5275001525879 30.5320014953613 30.9925003051758 31.8867492675781 31.8985004425049 32.3857498168945 33.1062507629395 33.5830001831055 33.4189987182617 32.8430023193359 33.4227485656738 34.0437469482422 33.3107528686523 33.0974998474121 32.8767509460449 31.9382514953613 31.9834976196289 31.4937515258789 31.5312519073486 28.9322471618652 30.6825008392334 31.5642490386963 31.7317504882812 30.2822494506836 29.3599987030029 28.7614994049072 27.900749206543 27.9132499694824 28.7157497406006 29.4045009613037 29.3464984893799 30.6224994659424 31.5442485809326 30.0422477722168 29.371000289917 28.8687496185303 30.667501449585 30.4825000762939
30.072998046875 28.9594993591309 28.9699993133545 28.5534973144531 28.4754981994629 28.265998840332 28.6102485656738 28.8529987335205 29.2785015106201 29.429500579834 29.7999992370605 29.4064998626709 29.5017509460449 29.9174995422363 28.7822494506836 29.0377502441406 30.189001083374 31.3659992218018 31.6550006866455 32.1257514953613 32.695499420166 32.8717498779297 33.3627510070801 32.5022506713867 32.7325019836426 33.3334999084473 33.2067489624023 33.2742500305176 33.1377487182617 31.8907489776611 32.598747253418 30.2062511444092 33.1160011291504 29.8339996337891 32.2795028686523 31.1685009002686 29.5672492980957 28.8254985809326 29.20924949646 30.3387489318848 26.9545001983643 25.786750793457 28.0084991455078 28.7997493743896 30.4247493743896 30.8162517547607 30.5247497558594 28.8702507019043 28.621997833252 28.1935005187988 29.9757499694824 30.5099983215332
28.4427490234375 28.7272491455078 27.5654983520508 28.0394992828369 29.1157493591309 27.7165012359619 28.4044990539551 28.0390014648438 28.91575050354 29.5072498321533 29.158748626709 28.403751373291 28.8689994812012 29.2367496490479 28.8362483978271 28.9447498321533 29.9497509002686 30.5087490081787 31.0992488861084 31.0165004730225 32.1112518310547 32.2352485656738 32.4017486572266 32.1980018615723 32.5895004272461 32.5087509155273 32.8209991455078 33.0972518920898 33.0587501525879 32.2397499084473 32.9732513427734 30.3127498626709 32.4622497558594 28.2842502593994 32.7074966430664 30.8720016479492 28.9340000152588 28.2159996032715 27.9274997711182 28.8680000305176 29.5572490692139 28.2467479705811 27.9835014343262 27.1035003662109 28.7512512207031 28.9825019836426 28.7637519836426 28.2407493591309 27.0717506408691 27.3179988861084 27.9007511138916 27.7929992675781
27.6837482452393 28.2422485351562 27.6055011749268 27.6004981994629 27.5735015869141 28.3567485809326 27.5937519073486 28.0547485351562 27.3892498016357 28.3759994506836 28.3754997253418 28.2072486877441 28.0419998168945 28.1177501678467 28.1337509155273 28.8647499084473 29.0602493286133 30.5610008239746 30.2014999389648 31.2077503204346 31.1229991912842 32.0584983825684 31.8660011291504 31.4344997406006 31.046501159668 30.8975009918213 31.1907520294189 32.3947486877441 32.8724975585938 33.9352493286133 34.0607490539551 33.3842468261719 33.2647476196289 31.6404991149902 30.0837516784668 30.476749420166 29.7742500305176 29.4764976501465 28.1152496337891 27.5534992218018 28.6574993133545 25.4962501525879 27.09375 29.1262493133545 27.9942493438721 27.8952522277832 27.693998336792 27.3994998931885 28.0202503204346 29.2259979248047 28.3440017700195 25.5900001525879
28.9885005950928 28.99049949646 28.2819976806641 27.4995002746582 27.497501373291 26.6467475891113 28.5162487030029 27.3807506561279 26.4707489013672 27.8584995269775 27.8889999389648 27.9902496337891 27.0762500762939 27.619499206543 27.7002487182617 28.5410003662109 28.5682487487793 29.3075008392334 31.2172508239746 30.2692489624023 30.5685005187988 31.2017498016357 32.0914993286133 31.1555004119873 30.347749710083 29.2899990081787 29.4927520751953 31.5324993133545 31.9857482910156 33.5480003356934 33.7042503356934 33.0302505493164 33.088249206543 32.7224998474121 31.6967487335205 30.4605007171631 30.3977508544922 30.4400005340576 29.1477470397949 29.0267486572266 27.4057483673096 24.8309993743896 26.4659996032715 28.4235019683838 28.6372528076172 28.4852485656738 27.7989978790283 27.3787498474121 27.0052490234375 29.3692493438721 29.1565017700195 27.7942504882812
27.7767524719238 28.1044998168945 28.2030010223389 27.6907501220703 27.6529998779297 25.9907493591309 26.6177501678467 27.902250289917 25.9912490844727 26.6110000610352 27.4440002441406 27.0705013275146 26.8252506256104 27.7002506256104 27.850248336792 27.9980010986328 28.7360000610352 27.8704986572266 29.472749710083 30.4377517700195 30.9057521820068 30.4879989624023 31.7840003967285 31.1955013275146 30.6582489013672 29.7670001983643 29.191499710083 30.3612499237061 29.6332511901855 32.2622489929199 32.5587501525879 31.5772476196289 31.8775005340576 32.1364974975586 32.382251739502 31.4707508087158 30.6372489929199 30.3010005950928 30.0175018310547 29.6534996032715 29.0532493591309 27.0325012207031 27.1857509613037 27.2695007324219 27.7754993438721 26.8652496337891 26.7187480926514 27.1964988708496 27.5467510223389 28.4559993743896 29.4932518005371 29.797248840332
26.3392505645752 26.9802494049072 27.4882507324219 26.9587516784668 27.4977512359619 27.4880027770996 25.835750579834 26.2287521362305 25.1502513885498 25.9219989776611 25.4619998931885 25.5087509155273 25.9137496948242 26.8319988250732 27.6044998168945 27.3274993896484 27.4662494659424 27.193998336792 29.7237491607666 30.9520015716553 30.2054996490479 30.887752532959 30.327751159668 31.2170009613037 30.2735004425049 29.9160003662109 28.636251449585 27.8850002288818 30.7834987640381 30.6084976196289 31.2520027160645 31.3764991760254 31.7697525024414 31.9114990234375 30.0589981079102 30.1602516174316 29.1082515716553 28.8785018920898 28.5722503662109 28.4270000457764 28.349250793457 27.9449996948242 28.1142501831055 26.1585006713867 25.6975002288818 26.382999420166 23.785249710083 22.0719985961914 24.3675003051758 25.7019996643066 28.8132495880127 30.0200004577637
25.7272491455078 26.1125011444092 25.8352508544922 26.8152503967285 26.8607482910156 27.7510013580322 26.7630004882812 25.9855003356934 24.6070003509521 24.3065013885498 24.5642490386963 24.8439998626709 24.4934997558594 25.92799949646 27.0537490844727 27.3159999847412 27.9947509765625 27.0659999847412 29.2222499847412 30.9517517089844 30.910249710083 31.0317516326904 30.6294994354248 30.7307510375977 30.9907493591309 31.5025005340576 30.3054981231689 28.7200012207031 29.4332504272461 29.9837493896484 30.8739986419678 31.9095001220703 32.1392517089844 32.1549987792969 31.1330013275146 28.9922504425049 26.3722496032715 26.1737480163574 26.8575000762939 27.5482501983643 27.351001739502 27.7567501068115 27.3827495574951 25.9095001220703 25.055248260498 24.6479988098145 22.9029998779297 21.5109996795654 20.7544994354248 22.4300003051758 27.0417518615723 29.6457500457764
24.42844581604 24.9479331970215 25.726749420166 26.1785011291504 26.815502166748 27.2465000152588 27.2587509155273 26.1777496337891 24.9187488555908 24.0642509460449 23.5417499542236 23.0830001831055 23.757999420166 24.9524993896484 26.8562488555908 28.1462497711182 28.3334999084473 28.7959995269775 29.5965003967285 29.6772499084473 29.2409992218018 30.0522499084473 30.4597511291504 31.7302513122559 30.8602523803711 31.0547504425049 31.5069999694824 30.7567520141602 29.6315002441406 30.4732513427734 29.435001373291 29.0762481689453 29.6262493133545 29.193000793457 29.0400009155273 29.0360012054443 28.8169994354248 28.3892498016357 26.5730018615723 26.2105007171631 25.8372497558594 24.8259983062744 24.5300006866455 25.8692512512207 25.6494998931885 23.0895004272461 25.2362499237061 23.6459999084473 21.1190013885498 20.7367515563965 23.8207511901855 28.3764991760254
23.3999996185303 24.2569618225098 25.2113800048828 25.3727493286133 26.5625 26.7014999389648 26.3120002746582 26.025749206543 24.7014999389648 24.8264999389648 24.1424999237061 22.7469997406006 23.5017509460449 24.8145008087158 26.1639995574951 27.8110008239746 28.2167491912842 28.1439990997314 30.517749786377 30.5614986419678 29.8247509002686 29.5122509002686 30.5107517242432 31.5790023803711 30.9759998321533 30.5802516937256 29.4092502593994 30.2159996032715 30.1717491149902 29.6107482910156 29.64674949646 28.0152492523193 28.875 29.0537490844727 27.6792488098145 28.3552513122559 27.2802486419678 27.9252490997314 27.3860015869141 27.320499420166 26.7022495269775 25.3470001220703 25.2462501525879 25.5207500457764 26.2032489776611 25.8129997253418 26.7507514953613 26.013500213623 22.57200050354 21.5697498321533 22.7417488098145 25.8225002288818
