data/layers/Current/bio7.asc
NCOLS 494 
NROWS 529 
XLLCORNER -117.166666666667 
YLLCORNER -55.5 
CELLSIZE 0.166666666666667 
NODATA_value -3.4e+38 
[rows 483 to 505 of 529, columns 260 to 311 of 494]
15.4032793045044 16.0633583068848 16.528787612915 17.241304397583 17.8602504730225 18.4484996795654 18.3782501220703 19.2224998474121 19.296501159668 19.6180000305176 20.7274990081787 21.8759994506836 21.2929992675781 21.8902492523193 22.3297500610352 23.0970001220703 23.3110008239746 23.6097507476807 23.7409992218018 23.8282508850098 23.9132499694824 23.8494987487793 23.556999206543 23.5387496948242 23.5865001678467 23.5307502746582 23.7042503356934 23.8235015869141 23.4322509765625 23.4419994354248 23.7344989776611 23.9702491760254 23.8872509002686 23.7655010223389 23.7432498931885 23.6942501068115 23.5349998474121 23.28125 23.0944995880127 22.8835010528564 22.6807498931885 22.4580001831055 22.2604999542236 22.0719985961914 21.8112506866455 21.6245002746582 21.5052490234375 21.0989513397217 20.0681819915771 -3.4e+38 -3.4e+38 -3.4e+38
15.7329502105713 15.9011058807373 16.5297031402588 17.0914134979248 17.8562507629395 18.4724998474121 18.6014995574951 19.169750213623 19.3584995269775 19.783748626709 20.261999130249 21.5252513885498 22.3307495117188 22.5710010528564 22.982250213623 22.9617500305176 23.1774997711182 23.4930000305176 23.277250289917 23.6569995880127 23.7942504882812 23.7097492218018 23.7644996643066 23.7184982299805 23.7049999237061 23.5154991149902 23.467248916626 23.5834999084473 23.5590019226074 23.7442493438721 23.7462501525879 23.8254985809326 23.796501159668 23.7152500152588 23.6857509613037 23.5497512817383 23.4707508087158 23.3169994354248 23.181999206543 22.8810005187988 22.7174987792969 22.4907493591309 22.3757495880127 22.1637496948242 21.9344997406006 21.6540012359619 21.4023571014404 20.9400005340576 -3.4e+38 -3.4e+38 -3.4e+38 -3.4e+38
15.7612495422363 16.3057384490967 16.6712913513184 17.0369110107422 17.6669998168945 18.0310001373291 18.535249710083 18.7367496490479 19.4004993438721 20.1062488555908 19.7607498168945 20.9392509460449 22.0669994354248 22.3754997253418 22.4717502593994 22.8509998321533 23.0020008087158 23.085750579834 23.189001083374 23.4485015869141 23.4567489624023 23.4090003967285 23.7402496337891 23.7627487182617 23.6027507781982 23.4594993591309 23.4362487792969 23.5182514190674 23.5982494354248 23.7045001983643 23.9057483673096 23.8304996490479 23.7437496185303 23.6882495880127 23.6760005950928 23.5612506866455 23.4210014343262 23.3169994354248 23.2222499847412 23.0052509307861 22.7245006561279 22.5714988708496 22.3667507171631 22.1397495269775 21.8363628387451 21.4857139587402 20.9499988555908 -3.4e+38 -3.4e+38 -3.4e+38 -3.4e+38 -3.4e+38
15.4717502593994 15.0654993057251 15.6620006561279 16.2714996337891 16.9325008392334 17.8127498626709 18.1282501220703 18.9185009002686 19.0577507019043 19.5302505493164 20.2325000762939 20.8072490692139 21.293249130249 20.6157493591309 21.4185009002686 21.4060001373291 22.0797500610352 23.0657501220703 23.2944984436035 23.5714988708496 23.4862518310547 23.222749710083 23.2897491455078 23.725248336792 23.58424949646 23.4317493438721 23.5289993286133 23.6700000762939 23.7175006866455 23.7645015716553 23.8762493133545 23.8834991455078 23.835750579834 23.7152500152588 23.7962493896484 23.7705001831055 23.5454998016357 23.3447494506836 23.2374992370605 23.0887489318848 22.7262496948242 22.4844989776611 22.2265300750732 21.9584484100342 21.4641780853271 -3.4e+38 -3.4e+38 -3.4e+38 -3.4e+38 -3.4e+38 -3.4e+38 -3.4e+38
15.0920000076294 14.9897499084473 15.2047500610352 15.6134996414185 16.9039993286133 17.9064998626709 17.7525005340576 18.3897495269775 18.9664993286133 19.5144996643066 20.5335006713867 20.3887500762939 20.2164993286133 20.695499420166 21.6480007171631 22.2119998931885 22.6727485656738 23.0539989471436 23.2102489471436 23.6909999847412 23.4457492828369 23.2397499084473 23.2929992675781 23.5652503967285 23.7019996643066 23.5267505645752 23.61549949646 23.7549991607666 23.8372497558594 23.9397506713867 23.9547500610352 23.9980010986328 23.9594993591309 23.9230003356934 23.8657493591309 23.7334995269775 23.5904998779297 23.4814987182617 23.2877502441406 23.0777492523193 22.727222442627 22.3251094818115 22.1000003814697 -3.4e+38 -3.4e+38 -3.4e+38 -3.4e+38 -3.4e+38 -3.4e+38 -3.4e+38 -3.4e+38 -3.4e+38
14.5947504043579 15.0895004272461 15.2902498245239 16.0555000305176 17.4650001525879 17.253999710083 17.611499786377 18.4242496490479 19.0434989929199 19.6840000152588 19.9844989776611 20.4602508544922 21.3407497406006 21.6720008850098 22.0764999389648 22.4744987487793 22.8442497253418 23.1977500915527 23.5527496337891 23.7612495422363 23.7982501983643 23.9292488098145 24.0057487487793 23.9972496032715 24.0242500305176 23.9799995422363 23.9419994354248 24.1044998168945 24.0944995880127 24.0944995880127 24.1477508544922 24.1447486877441 24.1254997253418 24.0534992218018 23.9484996795654 23.7944984436035 23.6900005340576 23.5182495117188 23.2662487030029 22.9452838897705 22.7189197540283 -3.4e+38 -3.4e+38 -3.4e+38 -3.4e+38 -3.4e+38 -3.4e+38 -3.4e+38 -3.4e+38 -3.4e+38 -3.4e+38 -3.4e+38
14.9602508544922 15.2735004425049 15.5777492523193 15.8482503890991 16.9589996337891 17.3757495880127 18.0797500610352 17.9979991912842 18.4305000305176 19.85325050354 19.8162498474121 21.0597496032715 21.7585010528564 22.3409996032715 22.3057498931885 20.5230007171631 21.9682502746582 23.5852508544922 23.6877517700195 23.4357490539551 23.4462490081787 24.2587509155273 23.9192485809326 24.007999420166 24.11549949646 24.1387500762939 24.1949996948242 24.2027492523193 24.2657508850098 24.2152500152588 24.1254997253418 24.0715007781982 24.0012512207031 23.9795017242432 23.8769989013672 23.7760009765625 23.6509990692139 23.3352794647217 23.0351467132568 22.880952835083 -3.4e+38 -3.4e+38 -3.4e+38 -3.4e+38 -3.4e+38 -3.4e+38 -3.4e+38 -3.4e+38 -3.4e+38 -3.4e+38 -3.4e+38 -3.4e+38
15.5034999847412 15.4532499313354 15.7130002975464 16.2667503356934 17.3367500305176 17.9802513122559 18.5205001831055 18.8112506866455 18.4867496490479 19.6157512664795 20.7014999389648 21.27174949646 21.632999420166 22.0172500610352 22.5930004119873 22.6757507324219 23.2639999389648 23.345251083374 23.2967510223389 23.7422485351562 24.0672492980957 24.201000213623 24.0335006713867 23.9109992980957 24.1157493591309 24.0419998168945 24.1464996337891 24.217248916626 24.2790012359619 24.1187515258789 24.0087509155273 23.9850006103516 23.9277496337891 23.8815002441406 23.8174991607666 23.706750869751 23.5155010223389 23.4764366149902 -3.4e+38 -3.4e+38 -3.4e+38 -3.4e+38 -3.4e+38 -3.4e+38 -3.4e+38 -3.4e+38 -3.4e+38 -3.4e+38 -3.4e+38 -3.4e+38 -3.4e+38 -3.4e+38
15.1815004348755 15.3737497329712 15.5025005340576 16.3872489929199 16.6669998168945 18.1767501831055 18.9985008239746 19.515251159668 20.0982494354248 20.0722503662109 21.0037498474121 21.7425003051758 21.8587512969971 22.0960006713867 22.2997493743896 22.9442501068115 23.3502502441406 23.4965000152588 23.7352485656738 23.9945011138916 24.1702499389648 24.2252502441406 24.2884998321533 24.3205013275146 24.2592487335205 24.1319999694824 24.1052494049072 23.9995002746582 23.918249130249 23.8307495117188 23.8472499847412 23.7702484130859 23.689998626709 23.6807498931885 23.5362510681152 23.4392509460449 23.2967338562012 22.8337078094482 -3.4e+38 -3.4e+38 -3.4e+38 -3.4e+38 -3.4e+38 -3.4e+38 -3.4e+38 -3.4e+38 -3.4e+38 -3.4e+38 -3.4e+38 -3.4e+38 -3.4e+38 -3.4e+38
15.470235824585 15.4137496948242 15.4667501449585 16.1487503051758 16.9302501678467 18.3610000610352 19.3857498168945 20.101749420166 19.9247512817383 20.7277507781982 21.722749710083 21.9640007019043 22.2302513122559 22.323751449585 22.398998260498 22.9680004119873 23.4595012664795 23.6735000610352 23.7127513885498 23.908748626709 24.0607490539551 24.1714992523193 24.2742500305176 24.3137512207031 24.3389987945557 24.2117500305176 24.1897506713867 24.0437488555908 23.9177513122559 23.8722496032715 23.7452507019043 23.6854991912842 23.6429996490479 23.6544990539551 23.689001083374 23.4747505187988 23.1174926757812 22.7520008087158 -3.4e+38 -3.4e+38 -3.4e+38 -3.4e+38 -3.4e+38 -3.4e+38 -3.4e+38 -3.4e+38 -3.4e+38 -3.4e+38 -3.4e+38 -3.4e+38 -3.4e+38 -3.4e+38
15.410192489624 15.1409997940063 15.4532499313354 16.1414985656738 17.2582492828369 17.058500289917 17.0384998321533 17.8202495574951 18.9225006103516 20.267749786377 21.4155006408691 22.0615005493164 22.4402503967285 22.793249130249 22.9337501525879 23.2294998168945 23.4932498931885 23.609001159668 23.8467502593994 23.9605007171631 23.9770011901855 24.0527496337891 24.130500793457 24.1497497558594 24.1647510528564 24.2927494049072 24.2195014953613 24.0987510681152 23.9947509765625 23.9862499237061 23.8917503356934 23.8322486877441 23.7854995727539 23.6927509307861 23.4467506408691 23.2962512969971 23.0633983612061 -3.4e+38 -3.4e+38 -3.4e+38 -3.4e+38 -3.4e+38 -3.4e+38 -3.4e+38 -3.4e+38 -3.4e+38 -3.4e+38 -3.4e+38 -3.4e+38 -3.4e+38 -3.4e+38 -3.4e+38
15.3032636642456 15.2974758148193 15.2832508087158 15.8427505493164 17.2734985351562 18.2005004882812 19.8402500152588 20.5110015869141 20.1672496795654 19.2407493591309 19.5799999237061 22.2049999237061 22.8724994659424 22.9517498016357 22.9514999389648 23.163501739502 23.3294982910156 23.3217506408691 23.2649993896484 23.2562503814697 23.3240013122559 23.3754997253418 23.455249786377 23.6105003356934 23.8020000457764 23.9105014801025 23.916748046875 23.931999206543 23.9915008544922 23.9244995117188 23.9080009460449 23.7099990844727 23.6277484893799 23.4277496337891 23.2202491760254 23.0185012817383 22.7432537078857 -3.4e+38 -3.4e+38 -3.4e+38 -3.4e+38 -3.4e+38 -3.4e+38 -3.4e+38 -3.4e+38 -3.4e+38 -3.4e+38 -3.4e+38 -3.4e+38 -3.4e+38 -3.4e+38 -3.4e+38
14.8672542572021 15.1525001525879 15.3850002288818 16.7872505187988 18.1687507629395 18.0299987792969 20.1040000915527 20.794750213623 21.3347511291504 21.9817485809326 22.4995002746582 22.7020015716553 22.693000793457 22.8337497711182 22.8350009918213 22.5747509002686 22.5485000610352 22.8692493438721 22.9664993286133 23.1627502441406 23.4112510681152 23.5082511901855 23.4657516479492 23.4627494812012 23.5380001068115 23.5437507629395 23.6822509765625 23.8249988555908 23.8892498016357 23.7762489318848 23.4892501831055 22.9415016174316 23.1700000762939 23.257999420166 22.9367504119873 22.5510749816895 22.3949146270752 -3.4e+38 -3.4e+38 -3.4e+38 -3.4e+38 -3.4e+38 -3.4e+38 -3.4e+38 -3.4e+38 -3.4e+38 -3.4e+38 -3.4e+38 -3.4e+38 -3.4e+38 -3.4e+38 -3.4e+38
14.8452501296997 15.1105003356934 15.5754995346069 17.0895004272461 17.5749988555908 18.3062496185303 19.9584999084473 20.4055004119873 21.0917491912842 21.6917514801025 21.9792499542236 22.5230007171631 22.5337505340576 22.4772491455078 22.5530014038086 22.507999420166 22.8125 23.1094989776611 23.2259998321533 23.2962512969971 23.4852504730225 23.5777492523193 23.5284996032715 23.5267505645752 23.5637493133545 23.6787490844727 23.6920013427734 23.6447505950928 23.5205001831055 23.5124988555908 23.388500213623 23.1644992828369 22.3257808685303 22.639928817749 22.4920406341553 22.1968746185303 -3.4e+38 -3.4e+38 -3.4e+38 -3.4e+38 -3.4e+38 -3.4e+38 -3.4e+38 -3.4e+38 -3.4e+38 -3.4e+38 -3.4e+38 -3.4e+38 -3.4e+38 -3.4e+38 -3.4e+38 -3.4e+38
14.6547498703003 15.0109996795654 15.3435001373291 16.9519996643066 17.7222499847412 17.9942493438721 18.5807495117188 18.435998916626 18.5504989624023 19.1797485351562 19.9787502288818 22.4837493896484 23.1267490386963 23.3114986419678 23.1979999542236 23.1235008239746 23.1894989013672 23.3479995727539 23.3337497711182 23.4039993286133 23.4549999237061 23.5487518310547 23.5625 23.4639987945557 23.4517498016357 23.4209995269775 23.3429985046387 23.1882495880127 23.0357494354248 22.8379135131836 22.7648086547852 22.7252998352051 22.5520000457764 -3.4e+38 -3.4e+38 -3.4e+38 -3.4e+38 -3.4e+38 -3.4e+38 -3.4e+38 -3.4e+38 -3.4e+38 -3.4e+38 -3.4e+38 -3.4e+38 -3.4e+38 -3.4e+38 -3.4e+38 -3.4e+38 -3.4e+38 -3.4e+38 -3.4e+38
15.0113353729248 15.734769821167 15.1424999237061 16.1679992675781 17.1862487792969 18.0270004272461 19.7474994659424 20.7810001373291 20.9562511444092 21.1609992980957 21.5592498779297 22.2247505187988 22.3499984741211 22.5222511291504 22.6180000305176 22.7902488708496 22.9322509765625 23.0322494506836 23.1175003051758 23.1310005187988 23.1515007019043 23.2552509307861 23.2222499847412 23.1720008850098 23.1585006713867 23.1157493591309 23.0727500915527 22.8932495117188 22.6017951965332 22.5245456695557 -3.4e+38 -3.4e+38 -3.4e+38 -3.4e+38 -3.4e+38 -3.4e+38 -3.4e+38 -3.4e+38 -3.4e+38 -3.4e+38 -3.4e+38 -3.4e+38 -3.4e+38 -3.4e+38 -3.4e+38 -3.4e+38 -3.4e+38 -3.4e+38 -3.4e+38 -3.4e+38 -3.4e+38 -3.4e+38
15.5443906784058 15.7005977630615 14.8936710357666 15.1262493133545 16.8827514648438 18.5502510070801 19.4312515258789 19.838249206543 20.3020000457764 20.6529998779297 20.6875 21.1207504272461 21.8390007019043 22.3705005645752 22.7002506256104 22.8582496643066 23.0290012359619 23.0099983215332 23.0275020599365 23.0574989318848 23.1204986572266 23.0957489013672 23.1075000762939 23.0437507629395 22.9962501525879 22.9039993286133 22.8080005645752 22.6412506103516 22.4595355987549 -3.4e+38 -3.4e+38 -3.4e+38 -3.4e+38 -3.4e+38 -3.4e+38 -3.4e+38 -3.4e+38 -3.4e+38 -3.4e+38 -3.4e+38 -3.4e+38 -3.4e+38 -3.4e+38 -3.4e+38 -3.4e+38 -3.4e+38 -3.4e+38 -3.4e+38 -3.4e+38 -3.4e+38 -3.4e+38 -3.4e+38
15.6387825012207 15.3228340148926 14.9494743347168 15.2312507629395 17.172248840332 18.5814990997314 19.3677501678467 19.7929992675781 20.2740001678467 19.9085006713867 21.1350002288818 21.2517509460449 21.8800010681152 22.6332492828369 22.7980003356934 22.9165000915527 22.9134998321533 22.9909992218018 22.9897499084473 22.9870014190674 22.9852485656738 22.921501159668 22.8827495574951 22.8902492523193 22.8365001678467 22.7607498168945 22.6140003204346 22.4384994506836 22.297435760498 -3.4e+38 -3.4e+38 -3.4e+38 -3.4e+38 -3.4e+38 -3.4e+38 -3.4e+38 -3.4e+38 -3.4e+38 -3.4e+38 -3.4e+38 -3.4e+38 -3.4e+38 -3.4e+38 -3.4e+38 -3.4e+38 -3.4e+38 -3.4e+38 -3.4e+38 -3.4e+38 -3.4e+38 -3.4e+38 -3.4e+38
15.8407526016235 15.0769996643066 15.0244998931885 16.2259998321533 17.4232501983643 18.5214996337891 19.7075004577637 20.2660007476807 20.919750213623 21.4749984741211 22.0202484130859 22.246000289917 22.3657493591309 22.6272506713867 22.7727508544922 22.8309993743896 22.8494987487793 22.7412490844727 22.7329998016357 22.7794990539551 22.7217502593994 22.6177501678467 22.5552501678467 22.6287498474121 22.6940002441406 22.6844997406006 22.5225009918213 22.1620979309082 22 -3.4e+38 -3.4e+38 -3.4e+38 -3.4e+38 -3.4e+38 -3.4e+38 -3.4e+38 -3.4e+38 -3.4e+38 -3.4e+38 -3.4e+38 -3.4e+38 -3.4e+38 -3.4e+38 -3.4e+38 -3.4e+38 -3.4e+38 -3.4e+38 -3.4e+38 -3.4e+38 -3.4e+38 -3.4e+38 -3.4e+38
15.7572603225708 15.3832502365112 15.2544994354248 16.8592491149902 17.4850006103516 18.4270000457764 18.7569999694824 19.6394996643066 20.7654991149902 21.429500579834 21.8894996643066 22.096248626709 22.2847480773926 22.4090003967285 22.4172496795654 22.4402503967285 22.3575000762939 22.3797492980957 22.4537506103516 22.5507488250732 22.5502510070801 22.4750003814697 22.3129997253418 22.3507499694824 22.4780006408691 22.3969993591309 22.271800994873 21.9208984375 21.6087512969971 -3.4e+38 -3.4e+38 -3.4e+38 -3.4e+38 -3.4e+38 -3.4e+38 -3.4e+38 -3.4e+38 -3.4e+38 -3.4e+38 -3.4e+38 -3.4e+38 -3.4e+38 -3.4e+38 -3.4e+38 -3.4e+38 -3.4e+38 -3.4e+38 -3.4e+38 -3.4e+38 -3.4e+38 -3.4e+38 -3.4e+38
15.6992778778076 15.904522895813 15.5452499389648 16.9260005950928 17.7407493591309 17.9987506866455 18.060001373291 19.765251159668 20.3824996948242 20.6317501068115 21.0087509155273 21.0852508544922 21.3757495880127 21.6547508239746 21.8055000305176 21.9799995422363 22.0319995880127 22.0675010681152 22.1220016479492 22.1694984436035 22.2854995727539 22.2197494506836 22.1672496795654 22.2177505493164 22.2707500457764 22.2679996490479 22.1207504272461 21.777250289917 21.3934783935547 -3.4e+38 -3.4e+38 -3.4e+38 -3.4e+38 -3.4e+38 -3.4e+38 -3.4e+38 -3.4e+38 -3.4e+38 -3.4e+38 -3.4e+38 -3.4e+38 -3.4e+38 -3.4e+38 -3.4e+38 -3.4e+38 -3.4e+38 -3.4e+38 -3.4e+38 -3.4e+38 -3.4e+38 -3.4e+38 -3.4e+38
15.5778722763062 16.1087684631348 15.6200008392334 16.9135589599609 17.3990688323975 17.6373729705811 18.5284996032715 19.1772499084473 19.8015003204346 20.1949996948242 20.0902500152588 20.1672515869141 20.7577514648438 21.1447486877441 21.3830013275146 21.5687503814697 21.6747493743896 21.753999710083 21.7135009765625 21.7507514953613 21.8702507019043 21.878999710083 21.8462505340576 21.8252506256104 21.9095001220703 21.8797492980957 21.7700004577637 21.5467491149902 21.0682792663574 20.5769233703613 -3.4e+38 -3.4e+38 -3.4e+38 -3.4e+38 -3.4e+38 -3.4e+38 -3.4e+38 -3.4e+38 -3.4e+38 -3.4e+38 -3.4e+38 -3.4e+38 -3.4e+38 -3.4e+38 -3.4e+38 -3.4e+38 -3.4e+38 -3.4e+38 -3.4e+38 -3.4e+38 -3.4e+38 -3.4e+38
15.3377046585083 15.8872404098511 15.9686870574951 16.6323852539062 17.2312164306641 17.3006229400635 18.374137878418 19.4466495513916 19.5817489624023 20.169750213623 20.1472492218018 20.0874996185303 20.4387512207031 20.6520004272461 20.8489990234375 21.0902500152588 21.2789993286133 21.3202514648438 21.4265003204346 21.4560012817383 21.4930000305176 21.5137500762939 21.5542507171631 21.5630016326904 21.5047512054443 21.4644508361816 21.4278430938721 21.1287479400635 20.518928527832 20.2079544067383 -3.4e+38 -3.4e+38 -3.4e+38 -3.4e+38 -3.4e+38 -3.4e+38 -3.4e+38 -3.4e+38 -3.4e+38 -3.4e+38 -3.4e+38 -3.4e+38 -3.4e+38 -3.4e+38 -3.4e+38 -3.4e+38 -3.4e+38 -3.4e+38 -3.4e+38 -3.4e+38 -3.4e+38 -3.4e+38
