data/layers/Current/bio8.asc
NCOLS 494 
NROWS 529 
XLLCORNER -117.166666666667 
YLLCORNER -55.5 
CELLSIZE 0.166666666666667 
NODATA_value -3.4e+38 
[rows 322 to 344 of 529, columns 312 to 363 of 494]
18.2026672363281 17.905876159668 18.7320823669434 21.6762084960938 22.1207504272461 23.1249160766602 24.6874580383301 26.1643753051758 26.0692501068115 25.2782917022705 25.851583480835 26.7933750152588 26.3444576263428 26.7024593353271 26.9077091217041 26.9323749542236 26.9135417938232 27.6819591522217 27.7101669311523 27.7256660461426 27.7931671142578 27.914041519165 28.0733757019043 28.1660823822021 28.2386245727539 28.3473739624023 28.4300842285156 28.4998741149902 28.5515823364258 28.5075836181641 28.5985832214355 28.6064586639404 28.6490001678467 28.6054153442383 28.5944995880127 28.6234588623047 28.5673751831055 28.5087490081787 28.4961242675781 28.4373321533203 28.40625 28.2806243896484 28.1836242675781 28.1202507019043 27.9845008850098 27.8128337860107 27.5335826873779 26.7462921142578 27.0314178466797 26.2620429992676 24.8267917633057 25.35325050354
17.8873329162598 16.8320407867432 18.0893325805664 18.3765411376953 19.9351253509521 22.0281677246094 24.7832908630371 25.4049167633057 26.2095413208008 25.8233757019043 27.094165802002 27.1997909545898 26.646541595459 26.7087097167969 27.1127510070801 27.1088752746582 27.0559177398682 27.8467502593994 27.857250213623 27.8685836791992 27.9297504425049 28.0714988708496 28.1629581451416 28.2662925720215 28.3459167480469 28.384916305542 28.4177093505859 28.4558753967285 28.4886665344238 28.4835834503174 28.4846668243408 28.5442905426025 28.5525417327881 28.5769996643066 28.5463752746582 28.5352516174316 28.4389171600342 28.5389995574951 28.4454174041748 28.3239593505859 28.3815422058105 28.2921257019043 28.1427917480469 28.078540802002 27.9073333740234 27.713041305542 27.5630416870117 27.2080001831055 26.9290008544922 25.9989585876465 24.9755840301514 25.8051261901855
16.2988338470459 16.1175422668457 20.3894157409668 19.5004997253418 18.6937503814697 21.4344997406006 23.8850421905518 23.793041229248 25.1809158325195 25.1448745727539 26.9952926635742 27.2876243591309 26.8886260986328 26.9322509765625 27.1940002441406 27.2173748016357 27.2307929992676 28.0256671905518 27.9874172210693 28.0247077941895 28.0609169006348 28.1329574584961 28.2142906188965 28.3470420837402 28.3734169006348 28.3894996643066 28.3839168548584 28.3636665344238 28.396541595459 28.4191246032715 28.4736671447754 28.5212497711182 28.5622501373291 28.5101261138916 28.5 28.5110416412354 28.5014572143555 28.4545001983643 28.33762550354 28.2665824890137 28.2065410614014 28.1412906646729 28.099292755127 27.9942493438721 27.8457508087158 27.6932907104492 27.3757095336914 26.35329246521 26.4745407104492 25.925666809082 25.355541229248 25.9850006103516
13.8400001525879 14.9428329467773 21.0363330841064 21.0263748168945 19.7470417022705 22.1803340911865 22.7393341064453 22.909875869751 24.2765007019043 24.8425006866455 26.739875793457 26.865083694458 26.9247074127197 27.2138328552246 27.2742500305176 27.2173748016357 27.2016658782959 28.0786247253418 28.0688323974609 28.1133327484131 28.160457611084 28.1642913818359 28.1870002746582 28.2788333892822 28.3195419311523 27.6950836181641 28.3284587860107 28.2649593353271 28.3194999694824 28.389331817627 28.4300842285156 28.4709167480469 28.5155410766602 28.473165512085 28.4077072143555 28.4040412902832 28.3904991149902 28.304666519165 28.2009162902832 28.1318321228027 28.1147079467773 28.0642490386963 28.0051651000977 27.974666595459 27.8483734130859 27.4361248016357 27.2657909393311 26.1599578857422 26.4456253051758 26.1675415039062 25.5189590454102 25.9058742523193
13.2112503051758 17.3914585113525 21.1508750915527 20.5990409851074 22.6252498626709 23.2859992980957 23.0175838470459 23.3838329315186 24.0789585113525 25.4035835266113 26.4262924194336 26.697790145874 27.0117492675781 27.1245422363281 27.2612915039062 27.1981258392334 27.1300010681152 28.0362911224365 28.0641670227051 28.1297912597656 28.1817493438721 28.1944160461426 28.2566661834717 28.2536659240723 27.6336669921875 27.6620826721191 27.6967506408691 27.7400417327881 28.3239574432373 28.3410415649414 28.3432922363281 28.4419174194336 28.4455413818359 28.4563751220703 28.4050006866455 28.2988739013672 28.2888336181641 28.2420425415039 28.1484985351562 28.074125289917 28.0412082672119 27.9766654968262 27.8912506103516 27.8911247253418 27.8337497711182 27.4943332672119 27.208625793457 26.6407928466797 26.6862907409668 25.85329246521 25.8219585418701 26.2954177856445
12.8869590759277 17.6727905273438 19.9497909545898 19.1286659240723 23.8546657562256 23.4446258544922 23.502290725708 24.3374996185303 24.687292098999 25.8367080688477 26.4788341522217 26.7260837554932 26.9727077484131 27.0810413360596 27.1079158782959 27.0826263427734 27.9617919921875 28.025333404541 28.0460414886475 28.1240425109863 28.2307510375977 28.2757511138916 28.3258743286133 27.6339168548584 27.6406669616699 27.6630420684814 27.6917495727539 27.6707916259766 28.2274589538574 28.3650417327881 28.4044170379639 28.4499168395996 28.4517498016357 28.4417095184326 28.3532905578613 28.3153343200684 28.2857494354248 28.2060832977295 28.1232509613037 28.0533332824707 28.0063323974609 27.9023342132568 27.8497085571289 27.8332920074463 27.7417068481445 27.4188747406006 27.1487922668457 27.0143756866455 26.5677909851074 26.2167091369629 26.238582611084 26.4089584350586
11.8225002288818 16.7847080230713 19.7114582061768 20.7632503509521 23.8470840454102 24.2889175415039 24.3240833282471 25.0314159393311 25.1630840301514 25.8807506561279 26.5589160919189 26.7887496948242 26.890209197998 27.0199165344238 26.989875793457 27.9931259155273 27.9573745727539 27.9712085723877 28.0658340454102 28.1601257324219 28.2596664428711 28.3800010681152 28.3907928466797 27.6919994354248 27.6762504577637 27.7022495269775 27.7216663360596 27.7461242675781 28.431999206543 28.533374786377 28.4269161224365 28.4838333129883 28.4567070007324 28.47216796875 28.419750213623 28.3404579162598 28.2604160308838 28.1359996795654 28.0515003204346 27.9418334960938 27.8625831604004 27.8225402832031 27.8051261901855 27.763542175293 27.7045001983643 27.4211654663086 27.2492084503174 27.1064586639404 26.8221244812012 26.4482078552246 26.527624130249 26.4930419921875
13.3312921524048 16.8888339996338 19.6525421142578 23.1111660003662 24.193208694458 24.3077087402344 25.2747917175293 24.858959197998 25.2125835418701 26.2784576416016 26.5552921295166 26.7141246795654 26.8049163818359 26.9315414428711 26.9680004119873 27.9006671905518 27.9212493896484 27.9549579620361 27.9977073669434 28.1616668701172 28.3540840148926 28.3782501220703 27.7427501678467 27.7416667938232 27.6993751525879 27.6990432739258 27.7479991912842 28.3852500915527 28.4337501525879 28.5926666259766 28.7461242675781 28.5458755493164 28.5108757019043 28.4692497253418 28.3710842132568 28.2415428161621 28.1825408935547 28.027458190918 27.9194164276123 27.818000793457 27.7622909545898 27.7211246490479 27.6962928771973 27.668083190918 27.6240005493164 27.2697486877441 27.2197494506836 27.1846656799316 26.9459171295166 26.707332611084 26.6390419006348 26.5516662597656
12.4195003509521 16.2659587860107 21.3084163665771 24.7539577484131 24.7962913513184 25.6734161376953 25.3924579620361 24.966625213623 25.8166675567627 26.4012088775635 26.5085411071777 26.6580009460449 26.7485008239746 26.8704166412354 27.9072494506836 27.9677925109863 27.7921657562256 27.8408336639404 27.9311256408691 28.1459999084473 28.2904586791992 28.4825420379639 27.8150405883789 27.7488327026367 27.7178325653076 27.7110004425049 27.7212924957275 28.3826675415039 28.4955825805664 28.5621662139893 28.7415428161621 28.7855434417725 28.5041255950928 28.3898334503174 28.2668342590332 28.2038326263428 28.0941257476807 27.9484596252441 27.8739166259766 27.797248840332 27.7784996032715 27.6827487945557 27.6199588775635 27.6071262359619 27.5345840454102 27.238208770752 26.814582824707 26.8650417327881 26.6692504882812 26.5866241455078 26.6770839691162 26.501916885376
14.2430410385132 18.6028327941895 22.550666809082 24.158166885376 25.5608749389648 26.53125 26.0726661682129 25.359582901001 26.2401256561279 26.6238327026367 26.7157917022705 26.6324577331543 26.7462501525879 26.8606262207031 27.8471660614014 27.9352493286133 27.9112091064453 27.6830005645752 27.8527488708496 28.056791305542 28.2617492675781 27.7079181671143 27.780834197998 27.7546672821045 27.7185840606689 27.6933326721191 27.732250213623 28.3720836639404 28.4380836486816 28.5454998016357 28.6465835571289 28.6410007476807 28.6445407867432 28.3104991912842 28.2233753204346 28.0995826721191 27.9953346252441 27.900541305542 27.8101673126221 27.7241668701172 27.7083740234375 27.6547908782959 27.580041885376 27.5608329772949 27.4381256103516 27.1322498321533 26.5035419464111 26.4008750915527 26.4479999542236 26.6901664733887 26.7252082824707 26.5599575042725
16.3516674041748 19.5080413818359 23.2511253356934 25.1866664886475 26.2497081756592 26.9094581604004 26.1195831298828 26.6378326416016 27.4390830993652 26.7941246032715 26.7647094726562 26.7657070159912 26.8130416870117 27.8352088928223 27.8324165344238 27.8606243133545 27.9169998168945 27.7905006408691 27.8156661987305 27.9911251068115 27.3447494506836 27.5244579315186 27.6040840148926 27.5950412750244 27.5687084197998 27.5845432281494 27.6178741455078 28.3262920379639 28.4267082214355 28.4601249694824 28.505542755127 28.5198745727539 28.4717082977295 28.4125423431396 28.0248336791992 27.9365425109863 27.8929595947266 27.8180828094482 27.728458404541 27.6776256561279 27.6250419616699 27.546459197998 27.5216655731201 27.5147514343262 27.4719581604004 27.2509174346924 26.9809589385986 26.7807083129883 26.7585411071777 26.8046245574951 26.7162494659424 26.6384162902832
13.9520835876465 17.4967498779297 23.3763332366943 25.1767501831055 26.8072071075439 26.5024166107178 26.525707244873 27.1554164886475 27.7348346710205 27.7572078704834 26.8244171142578 27.7644577026367 27.8177490234375 27.8150825500488 27.8032493591309 27.8175010681152 27.9322090148926 27.881290435791 27.7703342437744 27.0009994506836 27.2465839385986 27.3547916412354 27.4187927246094 27.4618339538574 27.4755420684814 27.5284576416016 27.5359992980957 27.5144996643066 28.1968326568604 28.2126235961914 28.2699165344238 28.2866668701172 28.3465824127197 28.3308334350586 27.8802089691162 27.8319988250732 27.7988758087158 27.7203750610352 27.6832084655762 27.6289157867432 27.5824584960938 27.5300426483154 27.4721260070801 27.4773330688477 27.4582080841064 27.3700408935547 27.1746253967285 27.166332244873 26.9285831451416 26.8456249237061 26.710750579834 26.6115837097168
10.5905418395996 16.435417175293 22.7049999237061 25.3939170837402 26.7027912139893 26.931791305542 26.9914169311523 27.4691257476807 27.6004581451416 27.6630001068115 27.6919174194336 27.7660007476807 27.8294582366943 27.7844581604004 27.7969589233398 27.8204154968262 27.8605823516846 26.88450050354 26.8741245269775 26.9019584655762 27.0914154052734 27.2255001068115 27.2800006866455 27.3084163665771 27.3747081756592 27.3690414428711 27.3740425109863 27.3890419006348 27.4468746185303 28.1415843963623 28.146541595459 28.1726665496826 28.2290000915527 28.2619590759277 25.8966255187988 25.9398746490479 27.6371669769287 27.5656661987305 27.5802917480469 27.5241241455078 27.5195827484131 27.4693756103516 27.4122085571289 27.4076671600342 27.4246253967285 27.4259586334229 27.279167175293 27.1629581451416 27.0271663665771 26.8880004882812 26.6660003662109 26.3009586334229
10.1411247253418 15.3026256561279 22.4949169158936 24.269832611084 25.8422088623047 26.2977924346924 26.4659576416016 26.6489162445068 26.6243324279785 27.6744594573975 27.7209167480469 27.7597923278809 27.7539176940918 27.8115005493164 27.8389167785645 27.7993335723877 26.785041809082 26.9196243286133 26.9091663360596 26.8599586486816 26.9669170379639 27.0644588470459 27.1547908782959 27.2077903747559 27.2702083587646 27.2474155426025 27.253999710083 27.2627906799316 27.2740001678467 27.3160839080811 28.0461235046387 28.0928745269775 28.1262092590332 28.1791667938232 25.7896251678467 25.8424167633057 25.835750579834 25.8865833282471 27.5605411529541 27.4345417022705 27.4122924804688 27.4033737182617 27.410249710083 27.3610420227051 27.3952503204346 27.3953342437744 27.2669582366943 27.0810832977295 26.9762916564941 26.6607913970947 26.2648334503174 26.3532485961914
13.8347501754761 17.3430004119873 22.056583404541 24.5265407562256 25.9093322753906 26.3151664733887 26.4959163665771 26.5907077789307 26.5518741607666 26.6232490539551 27.6877918243408 27.6729164123535 27.7136669158936 27.7747497558594 27.7840423583984 26.7600421905518 26.7572498321533 26.7783336639404 26.8132915496826 26.8999176025391 26.929500579834 26.9274997711182 27.0074577331543 27.0667495727539 27.0887908935547 27.0912075042725 27.0854587554932 27.1041259765625 27.1412506103516 27.216667175293 27.3223743438721 27.9705829620361 27.944709777832 25.6339168548584 25.6531677246094 25.7580833435059 25.835750579834 25.9232501983643 27.6017074584961 27.6135425567627 27.5945835113525 27.6085834503174 27.3865833282471 27.3817920684814 27.3835830688477 27.379207611084 27.3879165649414 27.19704246521 27.0313758850098 26.8298759460449 26.6959991455078 26.5180835723877
18.6342926025391 18.9210414886475 21.4292488098145 24.5006675720215 25.8333740234375 26.0344161987305 26.2509574890137 25.8771667480469 26.1880416870117 26.5679168701172 27.5402908325195 27.6451663970947 27.7583332061768 27.7584590911865 27.718957901001 27.7566661834717 26.7233753204346 26.7328758239746 26.7701663970947 26.7990417480469 26.8509159088135 26.8962917327881 26.874792098999 26.9543743133545 26.9625415802002 26.9529991149902 27.0025005340576 27.0005836486816 27.0613346099854 27.1624584197998 27.2392501831055 27.27512550354 27.2922496795654 25.5950832366943 25.5901260375977 25.687292098999 25.7630844116211 25.8571243286133 25.8846664428711 27.544792175293 27.6082077026367 27.6642093658447 27.3645820617676 27.3491668701172 27.3758754730225 27.3607902526855 27.3465423583984 27.3154582977295 27.0043334960938 26.6256256103516 26.4432907104492 26.5590839385986
21.2040004730225 22.2859172821045 24.6887493133545 25.3449172973633 25.4462909698486 25.5389995574951 25.8164577484131 25.5640411376953 26.2022914886475 26.5655422210693 27.6293754577637 27.6047916412354 27.5651664733887 27.6469173431396 27.7936668395996 26.7177925109863 26.677583694458 26.6622924804688 26.6895408630371 26.707124710083 26.736457824707 26.7793750762939 26.7895431518555 26.8247909545898 26.8885841369629 26.91575050354 26.9307079315186 26.9956245422363 26.9892921447754 27.0905418395996 27.1388740539551 27.222541809082 27.2501678466797 25.5659160614014 25.5790824890137 25.5879173278809 25.6518745422363 25.7412071228027 27.4877090454102 27.5173740386963 27.5571250915527 27.5747909545898 27.5917911529541 27.3115425109863 27.3682918548584 27.375 27.390832901001 27.3948745727539 27.1454582214355 26.8393745422363 26.7547912597656 26.7404174804688
22.3164157867432 23.2524585723877 25.2129993438721 25.0697078704834 23.7053337097168 24.8707904815674 25.4563751220703 25.8824157714844 26.2094173431396 26.5205001831055 27.5935001373291 27.6593322753906 27.7141666412354 27.4774589538574 27.6115417480469 27.7303333282471 26.6505832672119 26.6333751678467 26.6485843658447 26.6487083435059 26.640417098999 26.681957244873 26.7323760986328 26.7722511291504 26.8196678161621 26.8788757324219 26.8553333282471 26.8830413818359 26.95924949646 27.0105819702148 27.1001663208008 27.1700420379639 27.27512550354 27.3987503051758 25.6162071228027 25.6262912750244 25.6844577789307 25.7031669616699 27.4153747558594 27.4233322143555 27.4942073822021 27.5036659240723 27.5265846252441 27.2877902984619 27.3161659240723 27.3570823669434 27.3738327026367 27.3564586639404 27.2409992218018 27.0110416412354 27.0122089385986 25.8117084503174
21.6081657409668 23.6782493591309 25.0886669158936 23.77170753479 20.9324588775635 23.1368751525879 25.1445007324219 25.939624786377 26.2159576416016 27.3616676330566 27.4688739776611 27.5862503051758 27.683708190918 27.6628742218018 27.494499206543 27.5644588470459 26.642749786377 26.6357097625732 26.6242504119873 26.5995426177979 26.603666305542 26.6209583282471 26.707124710083 26.7214164733887 26.765998840332 26.8152484893799 26.8663749694824 26.8915824890137 26.9264583587646 26.9624996185303 26.9927501678467 27.0732078552246 27.1129169464111 27.2169570922852 27.3074150085449 27.3660831451416 27.3919162750244 27.3798332214355 27.332332611084 27.3596668243408 27.4115009307861 27.502290725708 27.5168743133545 27.5697078704834 27.2889995574951 27.3062496185303 27.3262500762939 27.2862911224365 27.2796669006348 27.1921253204346 27.0772094726562 25.7827491760254
22.0215835571289 23.68408203125 24.8720417022705 22.8025417327881 20.8334159851074 23.1236248016357 25.257625579834 25.9481658935547 26.193208694458 26.3660011291504 27.4475841522217 27.5262088775635 27.5009155273438 27.5796241760254 27.6022930145264 27.6219596862793 26.6143760681152 26.5861663818359 26.5833339691162 26.576000213623 26.5703754425049 26.6071243286133 26.6714572906494 26.7211666107178 26.7870407104492 26.812915802002 26.8265838623047 26.8848323822021 26.8863735198975 26.9462928771973 26.9586658477783 27.0326671600342 27.0670413970947 27.1464176177979 27.2181663513184 27.2024173736572 27.2902069091797 27.3435840606689 27.3339576721191 27.3411235809326 27.3339157104492 27.3782501220703 27.3803749084473 27.4144992828369 27.7785015106201 27.1690826416016 27.1977920532227 27.1392097473145 27.1477928161621 27.0961666107178 26.8928756713867 25.5664577484131
23.0167503356934 23.6401252746582 24.6029586791992 21.9901256561279 20.7956256866455 23.7489585876465 25.4106674194336 25.8561248779297 26.0264167785645 26.2092094421387 27.294792175293 27.3666248321533 27.4030418395996 27.454626083374 27.492374420166 27.5197086334229 27.5797920227051 26.5457916259766 26.543249130249 26.5528335571289 26.5564994812012 26.570499420166 26.6132507324219 26.6728744506836 26.7700424194336 26.806791305542 26.8352088928223 26.8699169158936 26.896541595459 26.9429988861084 26.9173336029053 26.9809169769287 27.0637912750244 27.1350421905518 27.148624420166 27.203125 27.24045753479 27.2862071990967 27.2939567565918 27.2666664123535 27.2140007019043 27.2660007476807 27.3272495269775 27.730583190918 27.6398754119873 27.6514167785645 27.0107078552246 26.9866256713867 27.0117492675781 26.9373741149902 26.8623733520508 25.4664573669434
23.3950004577637 24.0161666870117 23.1792907714844 21.5177917480469 22.8307075500488 24.6079158782959 25.4124584197998 25.7546253204346 26.0108337402344 26.1523742675781 27.2120418548584 27.2781677246094 27.3404159545898 27.4052085876465 27.4530830383301 27.4651660919189 27.4916248321533 27.5207500457764 26.4911670684814 26.4698753356934 26.4834995269775 26.5272083282471 26.540958404541 26.5930843353271 26.6561660766602 26.7134170532227 26.8260822296143 26.9039154052734 26.8740406036377 26.9160423278809 26.9029159545898 26.9597091674805 26.9669990539551 27.0582504272461 27.1317081451416 27.0909156799316 27.1442909240723 27.2207069396973 27.2612495422363 27.2278747558594 27.1889991760254 27.1591243743896 27.1847915649414 27.6344585418701 27.5898323059082 27.5692081451416 27.5768337249756 26.8750839233398 26.8966255187988 26.9134998321533 26.8947067260742 26.7635841369629
23.0617084503174 22.4093341827393 20.8918762207031 22.6648750305176 23.845458984375 24.8178749084473 25.3418750762939 25.7047500610352 25.9580821990967 26.0678749084473 27.1828327178955 27.3097915649414 27.4365825653076 27.4469566345215 27.447582244873 27.4431667327881 27.4616661071777 27.4490833282471 27.4172496795654 27.4261665344238 27.3979167938232 27.3909587860107 26.4980010986328 26.5420417785645 26.5639171600342 26.6365413665771 26.7261257171631 26.8649997711182 26.8754997253418 26.8581657409668 26.9038333892822 26.9328746795654 26.9322490692139 26.9580421447754 27.0633754730225 27.1239585876465 27.1488742828369 27.1634578704834 27.1995410919189 27.1590003967285 27.1289176940918 27.0782928466797 27.0824165344238 27.5082492828369 27.5011672973633 27.4769592285156 27.4985408782959 27.4371662139893 26.8287925720215 26.8314170837402 26.8245410919189 26.7867088317871
