data/layers/Current/bio8.asc
NCOLS 494 
NROWS 529 
XLLCORNER -117.166666666667 
YLLCORNER -55.5 
CELLSIZE 0.166666666666667 
NODATA_value -3.4e+38 
[rows 345 to 367 of 529, columns 260 to 311 of 494]
-3.4e+38 -3.4e+38 -3.4e+38 -3.4e+38 -3.4e+38 -3.4e+38 -3.4e+38 -3.4e+38 -3.4e+38 -3.4e+38 -3.4e+38 -3.4e+38 -3.4e+38 -3.4e+38 -3.4e+38 -3.4e+38 -3.4e+38 -3.4e+38 -3.4e+38 13.957142829895 13.0003910064697 11.7630004882812 11.5224580764771 12.0311250686646 11.6472501754761 15.1736669540405 15.4703750610352 12.9521245956421 10.2857084274292 10.9221248626709 9.04750061035156 7.20354175567627 6.82929182052612 8.84695816040039 9.76850032806396 11.8412494659424 12.758957862854 12.8717918395996 12.1645412445068 10.325249671936 11.0301666259766 8.93458366394043 10.9887914657593 7.96883344650269 5.78250026702881 11.9987087249756 16.6070404052734 12.0799160003662 16.3445415496826 20.9159164428711 21.6607913970947 21.3322505950928
-3.4e+38 -3.4e+38 -3.4e+38 -3.4e+38 -3.4e+38 -3.4e+38 -3.4e+38 -3.4e+38 -3.4e+38 -3.4e+38 -3.4e+38 -3.4e+38 -3.4e+38 -3.4e+38 -3.4e+38 -3.4e+38 -3.4e+38 -3.4e+38 -3.4e+38 14.4611110687256 13.8979997634888 12.652042388916 12.8385000228882 13.1048336029053 11.6607084274292 14.8217086791992 13.6317501068115 9.34758281707764 9.30862522125244 10.6277503967285 9.6294994354248 8.02612495422363 5.39537525177002 8.31116676330566 10.2446250915527 9.07370853424072 11.7582502365112 12.0080423355103 12.4462919235229 10.9149580001831 11.5187921524048 8.51491641998291 10.2028331756592 6.11066675186157 10.3142080307007 13.8125 17.1339588165283 12.7385416030884 15.5852499008179 20.7605419158936 22.1181659698486 21.1282501220703
-3.4e+38 -3.4e+38 -3.4e+38 -3.4e+38 -3.4e+38 -3.4e+38 -3.4e+38 -3.4e+38 -3.4e+38 -3.4e+38 -3.4e+38 -3.4e+38 -3.4e+38 -3.4e+38 -3.4e+38 -3.4e+38 -3.4e+38 -3.4e+38 -3.4e+38 -3.4e+38 14.1639099121094 13.6254167556763 13.6888332366943 13.405291557312 12.7695417404175 11.4902086257935 13.5235004425049 8.68341636657715 8.62812519073486 10.3080415725708 9.85787487030029 5.67837524414062 5.83399963378906 7.25258350372314 10.1938333511353 6.99375009536743 9.14487457275391 8.90079116821289 11.359375 10.4119167327881 10.4862079620361 10.2587909698486 9.537917137146 7.93008327484131 14.7147083282471 17.2670421600342 16.5662498474121 14.7591247558594 17.2840824127197 20.1339168548584 22.4248752593994 21.693416595459
-3.4e+38 -3.4e+38 -3.4e+38 -3.4e+38 -3.4e+38 -3.4e+38 -3.4e+38 -3.4e+38 -3.4e+38 -3.4e+38 -3.4e+38 -3.4e+38 -3.4e+38 -3.4e+38 -3.4e+38 -3.4e+38 -3.4e+38 -3.4e+38 -3.4e+38 14.1290702819824 14.2766857147217 13.8945417404175 13.7869167327881 13.6178750991821 13.4236249923706 11.9800415039062 14.1260833740234 11.2494163513184 8.46766662597656 8.23266696929932 9.20745849609375 5.93295860290527 7.08508348464966 6.18583345413208 7.09754180908203 7.13683366775513 7.84866666793823 9.99387454986572 11.352499961853 9.09916687011719 10.5539999008179 10.4613332748413 8.13587474822998 9.15687561035156 16.0040836334229 19.2323341369629 16.2221260070801 15.464750289917 17.540958404541 21.789083480835 22.3092079162598 19.9221248626709
-3.4e+38 -3.4e+38 -3.4e+38 -3.4e+38 -3.4e+38 -3.4e+38 -3.4e+38 -3.4e+38 -3.4e+38 -3.4e+38 -3.4e+38 -3.4e+38 -3.4e+38 -3.4e+38 -3.4e+38 -3.4e+38 -3.4e+38 -3.4e+38 14.1833333969116 13.8792171478271 14.2089166641235 13.8122081756592 13.7271671295166 13.3290414810181 13.003833770752 11.7351665496826 13.5338754653931 10.9607086181641 7.88270854949951 9.82695865631104 7.84008312225342 6.48662519454956 9.21483325958252 7.7232084274292 6.66841697692871 2.80191659927368 8.54570865631104 12.9130420684814 7.69525003433228 8.59416675567627 8.2028751373291 9.20445823669434 8.53629207611084 11.5935840606689 16.7573337554932 18.6084575653076 18.7738761901855 17.652458190918 18.0793743133545 21.484582901001 19.6679573059082 19.5038757324219
-3.4e+38 -3.4e+38 -3.4e+38 -3.4e+38 -3.4e+38 -3.4e+38 -3.4e+38 -3.4e+38 -3.4e+38 -3.4e+38 -3.4e+38 -3.4e+38 -3.4e+38 -3.4e+38 -3.4e+38 -3.4e+38 -3.4e+38 -3.4e+38 13.786413192749 13.4538335800171 13.9553747177124 13.7940835952759 13.6928329467773 13.4441242218018 13.0557918548584 11.7381248474121 14.3360004425049 11.3441247940063 7.44766664505005 9.95504188537598 7.39362478256226 8.37804126739502 7.21362495422363 7.87854146957397 10.2912502288818 9.15670776367188 13.4200830459595 8.54891681671143 8.18383312225342 7.99945831298828 6.54850006103516 7.21979141235352 8.58174991607666 9.8105411529541 15.0971250534058 17.4360008239746 19.8899993896484 19.9044589996338 19.6659164428711 19.0992908477783 20.1254577636719 21.1354999542236
-3.4e+38 -3.4e+38 -3.4e+38 -3.4e+38 -3.4e+38 -3.4e+38 -3.4e+38 -3.4e+38 -3.4e+38 -3.4e+38 -3.4e+38 -3.4e+38 -3.4e+38 -3.4e+38 -3.4e+38 -3.4e+38 -3.4e+38 -3.4e+38 14.0170841217041 13.2856760025024 13.4013748168945 13.2828750610352 13.5265417098999 13.5212917327881 13.1443338394165 12.0996255874634 14.0748329162598 10.550666809082 8.33933353424072 8.31608295440674 7.59341669082642 6.73779153823853 6.76583337783813 8.29829120635986 10.9864168167114 12.615083694458 12.1655416488647 9.34583282470703 12.2455005645752 9.0220422744751 5.40512466430664 4.72829151153564 7.69770812988281 7.99849987030029 13.3505001068115 15.1083335876465 16.3491249084473 21.6012916564941 20.3649578094482 18.3486251831055 20.8380832672119 21.9522094726562
-3.4e+38 -3.4e+38 -3.4e+38 -3.4e+38 -3.4e+38 -3.4e+38 -3.4e+38 -3.4e+38 -3.4e+38 -3.4e+38 -3.4e+38 -3.4e+38 -3.4e+38 -3.4e+38 -3.4e+38 -3.4e+38 -3.4e+38 -3.4e+38 14.3277778625488 13.3717775344849 13.2478332519531 13.085958480835 13.122875213623 13.3949584960938 12.9256248474121 11.851541519165 13.350625038147 9.89358329772949 9.54208374023438 6.64933347702026 6.86537504196167 5.38779163360596 5.38720798492432 6.48591661453247 9.74900054931641 11.5879583358765 8.54741668701172 11.3685836791992 13.4841251373291 9.4570837020874 6.53270864486694 5.66533327102661 6.82154178619385 8.24358367919922 11.6315422058105 10.2452087402344 13.8210830688477 21.6339588165283 17.769458770752 19.5987091064453 22.8500003814697 23.5305423736572
-3.4e+38 -3.4e+38 -3.4e+38 -3.4e+38 -3.4e+38 -3.4e+38 -3.4e+38 -3.4e+38 -3.4e+38 -3.4e+38 -3.4e+38 -3.4e+38 -3.4e+38 -3.4e+38 -3.4e+38 -3.4e+38 -3.4e+38 -3.4e+38 14.2766666412354 13.2826261520386 12.9029998779297 12.7301254272461 12.8214998245239 13.142707824707 12.246958732605 10.8803329467773 12.9462919235229 11.4440412521362 11.4675416946411 8.84929180145264 5.43945837020874 6.22262477874756 4.91537523269653 3.68983316421509 11.1401672363281 11.5007076263428 9.75254154205322 13.1194581985474 14.8142919540405 11.8100004196167 7.88316679000854 8.35854148864746 8.82687473297119 7.49758338928223 8.47274971008301 9.11341667175293 12.7830839157104 21.2325420379639 17.0853328704834 20.0079174041748 23.0758743286133 23.964542388916
-3.4e+38 -3.4e+38 -3.4e+38 -3.4e+38 -3.4e+38 -3.4e+38 -3.4e+38 -3.4e+38 -3.4e+38 -3.4e+38 -3.4e+38 -3.4e+38 -3.4e+38 -3.4e+38 -3.4e+38 -3.4e+38 -3.4e+38 -3.4e+38 13.7416667938232 13.1163654327393 12.7982921600342 12.6901245117188 12.6927499771118 12.4281244277954 11.5817089080811 10.6747913360596 13.0786247253418 10.3358335494995 10.4553337097168 7.94112491607666 5.5727915763855 4.33462476730347 3.13295841217041 5.49200010299683 10.0070829391479 7.02174997329712 9.93295860290527 14.3965835571289 15.7133331298828 12.6275005340576 6.24583339691162 10.44837474823 11.1619997024536 10.394624710083 8.30254173278809 12.6329174041748 15.2243337631226 21.3740406036377 15.1839170455933 19.8244590759277 22.8174591064453 24.2857494354248
-3.4e+38 -3.4e+38 -3.4e+38 -3.4e+38 -3.4e+38 -3.4e+38 -3.4e+38 -3.4e+38 -3.4e+38 -3.4e+38 -3.4e+38 -3.4e+38 -3.4e+38 -3.4e+38 -3.4e+38 -3.4e+38 -3.4e+38 -3.4e+38 13.4597826004028 12.6942081451416 11.9279584884644 11.8181247711182 11.8480415344238 11.7613334655762 10.878833770752 11.118124961853 9.38266658782959 7.64487504959106 9.60762500762939 7.82133340835571 5.06008338928223 3.00845837593079 3.74004173278809 6.99650001525879 7.43633365631104 5.53045845031738 10.1200838088989 13.6426248550415 14.6684579849243 12.1261672973633 5.68995809555054 13.8825416564941 13.1230001449585 9.77550029754639 12.7367916107178 15.0971660614014 18.9831256866455 20.4863338470459 11.7710838317871 19.058666229248 22.1795425415039 24.0969161987305
-3.4e+38 -3.4e+38 -3.4e+38 -3.4e+38 -3.4e+38 -3.4e+38 -3.4e+38 -3.4e+38 -3.4e+38 -3.4e+38 -3.4e+38 -3.4e+38 -3.4e+38 -3.4e+38 -3.4e+38 -3.4e+38 -3.4e+38 -3.4e+38 12.9534664154053 11.8769998550415 11.4750833511353 11.1627082824707 10.5985422134399 10.6821670532227 9.83466625213623 11.8776245117188 9.99629211425781 6.33520841598511 8.50145816802979 6.65508317947388 5.07312488555908 4.1408748626709 3.72895836830139 4.46708345413208 3.95145845413208 7.38204145431519 8.86508369445801 10.4021244049072 10.4500417709351 11.0598335266113 10.8987922668457 12.9801244735718 12.4474582672119 9.9042501449585 17.4818744659424 16.7266254425049 19.7569580078125 15.7289581298828 13.3895416259766 18.9405422210693 22.5429992675781 24.6288757324219
-3.4e+38 -3.4e+38 -3.4e+38 -3.4e+38 -3.4e+38 -3.4e+38 -3.4e+38 -3.4e+38 -3.4e+38 -3.4e+38 -3.4e+38 -3.4e+38 -3.4e+38 -3.4e+38 -3.4e+38 -3.4e+38 -3.4e+38 -3.4e+38 12.4507312774658 11.4667501449585 10.7591667175293 10.2351245880127 10.2837915420532 9.56666660308838 8.81291675567627 12.3289995193481 10.6533336639404 7.57508325576782 8.83745861053467 5.60979175567627 4.75600004196167 4.3122501373291 4.96574974060059 5.15241670608521 7.51170825958252 8.44116687774658 12.0694580078125 8.32154178619385 8.38337516784668 9.1468334197998 10.5952081680298 12.9768753051758 13.9314165115356 14.9056663513184 19.7557506561279 18.4085426330566 19.0903739929199 10.3494167327881 17.4365005493164 20.7713756561279 23.7017917633057 24.5267925262451
-3.4e+38 -3.4e+38 -3.4e+38 -3.4e+38 -3.4e+38 -3.4e+38 -3.4e+38 -3.4e+38 -3.4e+38 -3.4e+38 -3.4e+38 -3.4e+38 -3.4e+38 -3.4e+38 -3.4e+38 -3.4e+38 -3.4e+38 13.0633697509766 12.6439914703369 11.1697082519531 10.4676666259766 9.81329154968262 9.77204132080078 9.43008327484131 8.97733306884766 13.347583770752 10.9908332824707 7.12479162216187 8.37354183197021 5.36620855331421 0.27954164147377 -0.144458457827568 1.26662504673004 4.90058326721191 7.71412515640259 10.8014583587646 16.7954578399658 12.3516664505005 10.4064168930054 10.3787498474121 12.3663330078125 18.0762500762939 17.7861671447754 18.7806663513184 19.8907508850098 19.5082092285156 12.896541595459 12.1275415420532 21.5658340454102 23.8886661529541 24.7430000305176 24.7426662445068
-3.4e+38 -3.4e+38 -3.4e+38 -3.4e+38 -3.4e+38 -3.4e+38 -3.4e+38 -3.4e+38 -3.4e+38 -3.4e+38 -3.4e+38 -3.4e+38 -3.4e+38 -3.4e+38 -3.4e+38 -3.4e+38 -3.4e+38 12.9459218978882 12.2517919540405 11.2411670684814 11.0330829620361 10.236499786377 10.4352502822876 9.5069580078125 12.6110420227051 12.9909582138062 8.67020797729492 6.19175004959106 5.34883308410645 4.69145822525024 4.07370853424072 -0.402999967336655 3.62520837783813 6.46408367156982 8.36891651153564 10.9695835113525 19.7792091369629 19.1431655883789 15.0928745269775 10.486457824707 16.6396255493164 21.6293334960938 20.0330829620361 17.9181671142578 17.697208404541 14.4014167785645 9.50804138183594 21.148624420166 23.9674167633057 24.7709999084473 24.8980407714844 24.9642086029053
-3.4e+38 -3.4e+38 -3.4e+38 -3.4e+38 -3.4e+38 -3.4e+38 -3.4e+38 -3.4e+38 -3.4e+38 -3.4e+38 -3.4e+38 -3.4e+38 -3.4e+38 -3.4e+38 -3.4e+38 -3.4e+38 -3.4e+38 12.5673217773438 12.3332500457764 11.5659580230713 10.8030414581299 10.8243751525879 9.57312488555908 8.60708332061768 6.92483329772949 8.58758354187012 9.07691669464111 5.18025016784668 4.83295822143555 3.76741671562195 4.9272084236145 4.39704179763794 4.00108337402344 7.66612482070923 9.64799976348877 13.6031665802002 20.0662498474121 21.5280838012695 14.8317499160767 9.38483333587646 19.0440006256104 22.1316242218018 19.917667388916 19.3812503814697 17.7138748168945 15.3240003585815 17.2778339385986 21.7060832977295 24.4709167480469 24.9254989624023 24.9941253662109 25.0709571838379
-3.4e+38 -3.4e+38 -3.4e+38 -3.4e+38 -3.4e+38 -3.4e+38 -3.4e+38 -3.4e+38 -3.4e+38 -3.4e+38 -3.4e+38 -3.4e+38 -3.4e+38 -3.4e+38 -3.4e+38 -3.4e+38 12.6999998092651 12.6021060943604 12.2564582824707 11.5387916564941 10.163125038147 10.0905828475952 8.60404205322266 7.50220823287964 11.6172914505005 8.31208324432373 8.32054138183594 4.94362497329712 3.50841665267944 2.99533319473267 5.03995847702026 6.39554166793823 4.64008331298828 6.26345825195312 9.45200061798096 13.4265003204346 20.0394172668457 21.4013328552246 13.5257081985474 15.8045415878296 20.8753337860107 21.3442916870117 21.7818756103516 22.4692077636719 24.2914581298828 22.5659160614014 21.9167499542236 20.8395843505859 24.0787506103516 24.9778327941895 25.1285419464111 25.1124172210693
-3.4e+38 -3.4e+38 -3.4e+38 -3.4e+38 -3.4e+38 -3.4e+38 -3.4e+38 -3.4e+38 -3.4e+38 -3.4e+38 -3.4e+38 -3.4e+38 -3.4e+38 -3.4e+38 -3.4e+38 -3.4e+38 12.5680751800537 12.2512683868408 11.9933748245239 11.4892082214355 9.50016689300537 8.9352912902832 7.77204179763794 6.49633359909058 5.35220813751221 9.88920783996582 7.0220832824707 3.57541656494141 2.65695834159851 0.800083339214325 0.219374969601631 3.63166666030884 5.24570846557617 8.89154148101807 12.0079164505005 13.9372501373291 19.9908332824707 20.8067493438721 17.4375 20.9459171295166 23.375207901001 24.0246658325195 24.242166519165 25.2061672210693 25.2989158630371 25.1187496185303 20.5087509155273 20.302791595459 22.7447910308838 24.6615409851074 25.0527076721191 25.1016254425049
-3.4e+38 -3.4e+38 -3.4e+38 -3.4e+38 -3.4e+38 -3.4e+38 -3.4e+38 -3.4e+38 -3.4e+38 -3.4e+38 -3.4e+38 -3.4e+38 -3.4e+38 -3.4e+38 -3.4e+38 -3.4e+38 12.4317455291748 11.8635835647583 11.963041305542 11.5342502593994 9.77887535095215 7.7151665687561 7.59862518310547 6.19212532043457 5.29079151153564 8.44870853424072 8.32254123687744 6.50099992752075 3.34429168701172 -0.574041545391083 -0.735833406448364 4.58641672134399 5.67879152297974 8.0515832901001 12.9803333282471 14.3011665344238 19.9596252441406 22.050500869751 21.3912086486816 21.5567493438721 24.1101665496826 24.5818748474121 24.8592910766602 25.2814178466797 25.4202499389648 25.2572078704834 19.0546245574951 20.9602508544922 21.919584274292 24.0502090454102 24.8728332519531 24.9361248016357
-3.4e+38 -3.4e+38 -3.4e+38 -3.4e+38 -3.4e+38 -3.4e+38 -3.4e+38 -3.4e+38 -3.4e+38 -3.4e+38 -3.4e+38 -3.4e+38 -3.4e+38 -3.4e+38 -3.4e+38 13.2361106872559 12.232798576355 11.7534999847412 11.6412916183472 11.0491247177124 9.14654159545898 7.38775014877319 6.11591672897339 6.60641670227051 4.89283323287964 2.10545825958252 5.39179182052612 5.16550016403198 3.40541648864746 1.33354163169861 1.3254998922348 7.40579175949097 7.21770858764648 8.53762531280518 9.89624977111816 10.4297504425049 17.9987907409668 23.9232501983643 22.9044170379639 20.7973747253418 24.2167930603027 24.9180011749268 25.2345409393311 25.3648338317871 25.3643341064453 24.9751663208008 18.2714996337891 19.7592506408691 22.28125 23.6201248168945 24.6312923431396 24.6253337860107
-3.4e+38 -3.4e+38 -3.4e+38 -3.4e+38 -3.4e+38 -3.4e+38 -3.4e+38 -3.4e+38 -3.4e+38 -3.4e+38 -3.4e+38 -3.4e+38 -3.4e+38 -3.4e+38 -3.4e+38 13.252082824707 12.2710771560669 11.201958656311 11.647500038147 10.6927499771118 8.45216655731201 6.401291847229 4.640625 4.23400020599365 4.54945802688599 -0.274624973535538 3.65700006484985 5.9160418510437 4.14575004577637 4.11950016021729 4.6540002822876 9.13916683197021 9.68037509918213 12.7853746414185 11.3619585037231 11.6687917709351 16.9273338317871 23.3445835113525 24.2830429077148 22.9395008087158 24.287166595459 24.9874591827393 25.3318328857422 25.4437923431396 25.2877082824707 24.5927085876465 16.8621253967285 18.7061252593994 22.8248748779297 22.5624160766602 22.937292098999 23.9284172058105
-3.4e+38 -3.4e+38 -3.4e+38 -3.4e+38 -3.4e+38 -3.4e+38 -3.4e+38 -3.4e+38 -3.4e+38 -3.4e+38 -3.4e+38 -3.4e+38 -3.4e+38 -3.4e+38 -3.4e+38 13.0616102218628 12.2005014419556 11.4458751678467 10.9660835266113 9.05650043487549 7.65033340454102 5.7281665802002 2.4597499370575 1.48670840263367 -1.51312494277954 -4.10116672515869 5.36450004577637 6.25829172134399 6.37016677856445 4.53079175949097 6.35666656494141 11.3142499923706 14.5444164276123 14.4280414581299 15.4375419616699 13.1867914199829 16.0548324584961 21.8582916259766 23.1767501831055 23.4027919769287 22.4307918548584 24.027416229248 25.2181243896484 25.3492908477783 25.1792507171631 23.6251258850098 14.9362087249756 19.6708335876465 24.5543746948242 21.7932910919189 22.3675003051758 24.0606670379639
-3.4e+38 -3.4e+38 -3.4e+38 -3.4e+38 -3.4e+38 -3.4e+38 -3.4e+38 -3.4e+38 -3.4e+38 -3.4e+38 -3.4e+38 -3.4e+38 -3.4e+38 -3.4e+38 -3.4e+38 12.3250293731689 11.6139163970947 12.0014991760254 11.3838748931885 8.75745868682861 5.87016677856445 4.50587511062622 0.496083348989487 -0.622958242893219 -3.78487491607666 2.52850008010864 4.8214168548584 5.88287496566772 6.8696665763855 5.20320844650269 10.7014169692993 14.4845418930054 17.5912075042725 17.4954166412354 18.6592502593994 11.4191665649414 15.2908334732056 20.4879589080811 22.564416885376 21.746208190918 17.6090412139893 22.1855010986328 24.669376373291 25.1559581756592 24.8689575195312 19.8947925567627 18.7025413513184 23.6495838165283 25.2240409851074 21.6375827789307 23.3505840301514 24.7099990844727
