data/layers/Current/bio8.asc
NCOLS 494 
NROWS 529 
XLLCORNER -117.166666666667 
YLLCORNER -55.5 
CELLSIZE 0.166666666666667 
NODATA_value -3.4e+38 
[rows 253 to 275 of 529, columns 416 to 467 of 494]
24.8238334655762 25.0050830841064 25.0785827636719 24.9582500457764 24.8962917327881 24.7526664733887 24.593957901001 24.2514991760254 24.402416229248 24.757791519165 24.9394588470459 24.6376667022705 25.0620422363281 25.0979156494141 24.5634994506836 24.5978755950928 24.8802490234375 25.027042388916 25.3066673278809 25.5641250610352 25.0594158172607 24.4165840148926 23.9114170074463 24.0634174346924 24.6318340301514 25.2045001983643 25.2725410461426 25.5357913970947 25.8247089385986 25.9928340911865 26.1584587097168 26.1923751831055 26.5229167938232 26.7825012207031 26.9305000305176 26.4890823364258 26.7957916259766 26.7098331451416 26.6936664581299 26.6819171905518 26.081916809082 26.0639991760254 26.6135845184326 26.3812503814697 26.2139167785645 25.976541519165 25.386625289917 25.2808742523193 25.0380420684814 24.7515411376953 24.720666885376 24.3622093200684
24.6869163513184 24.859167098999 24.9401245117188 25.0272083282471 25.0030403137207 24.7241668701172 24.3254165649414 24.1158332824707 24.5638332366943 24.6695003509521 24.5221252441406 24.5979995727539 24.9403743743896 25.0714168548584 24.914083480835 24.8307495117188 24.8356246948242 25.0059585571289 25.0248756408691 25.3189163208008 24.6864166259766 23.9775428771973 24.3988761901855 24.7630004882812 25.0812492370605 25.3315830230713 25.5195007324219 25.7653331756592 25.9597492218018 26.1394577026367 26.2880420684814 26.2252502441406 26.581958770752 26.8626670837402 26.7375831604004 26.6654586791992 26.680290222168 26.6573333740234 26.4544162750244 26.2713756561279 25.8719577789307 25.9493751525879 25.4319152832031 25.8035411834717 25.8565826416016 25.7250003814697 25.2129993438721 25.0968341827393 24.8282089233398 24.5504589080811 24.8718757629395 24.8093757629395
24.8362922668457 24.9740829467773 25.0472507476807 25.0926666259766 25.029125213623 24.9162082672119 24.9479160308838 24.4731674194336 23.7864990234375 24.30908203125 24.4901676177979 24.5503749847412 24.9002075195312 24.9358749389648 24.9280834197998 24.9259586334229 25.2689590454102 24.7259578704834 24.9165000915527 25.3614158630371 25.2731246948242 25.2331676483154 25.2788333892822 25.2954578399658 25.132999420166 25.1430416107178 25.5114593505859 25.8068752288818 26.0657501220703 26.2988338470459 26.3977088928223 26.5377922058105 26.6877498626709 26.7675838470459 26.3818740844727 25.9608745574951 25.5710830688477 25.7414169311523 24.7920837402344 24.5625 23.9863338470459 24.3862915039062 24.7918338775635 25.0225830078125 24.660457611084 25.2203330993652 25.0552082061768 24.8330821990967 24.396541595459 24.5208339691162 24.7650833129883 24.9934997558594
24.7108345031738 24.8724174499512 25.144416809082 25.1253757476807 25.2197074890137 25.0860424041748 24.8197078704834 24.3544998168945 23.9720840454102 24.052583694458 23.9547080993652 24.6476249694824 24.5831241607666 24.2203750610352 24.4290008544922 24.5408744812012 25.039041519165 25.2993755340576 25.0256252288818 25.1307926177979 25.3073749542236 25.4833335876465 25.3517913818359 25.2901668548584 24.8335418701172 25.0218334197998 25.2853755950928 25.6487503051758 25.9764575958252 26.2832088470459 26.4737911224365 26.7253341674805 26.7832489013672 26.3947906494141 26.1006240844727 25.222583770752 25.4787082672119 26.1479167938232 25.4171676635742 23.3719997406006 22.9946670532227 24.1304588317871 25.2038326263428 24.4147911071777 23.4558753967285 24.4212074279785 25.068416595459 24.6255836486816 24.5391254425049 24.2194576263428 24.1882495880127 24.5987510681152
24.6702079772949 24.6782913208008 25.0110836029053 25.0513744354248 25.0200004577637 25.0387496948242 24.6899166107178 24.7325839996338 24.1386260986328 23.4972915649414 23.0004577636719 23.4230842590332 23.2001247406006 22.92799949646 23.9888324737549 23.8853740692139 24.5115413665771 24.7845420837402 25.2377510070801 25.1942920684814 24.9687919616699 25.0147495269775 24.6849174499512 24.6996250152588 24.5054168701172 24.8571662902832 24.9767913818359 25.4682502746582 25.6988334655762 25.9696254730225 26.214958190918 26.5407905578613 26.6747093200684 26.6153335571289 26.4764175415039 26.3562908172607 26.2654991149902 24.4836673736572 22.769624710083 22.6217918395996 22.9974594116211 24.5654582977295 25.0801658630371 24.1767501831055 23.1362915039062 23.0469169616699 24.842041015625 24.7215423583984 24.9648323059082 24.6732921600342 23.8853340148926 23.9443740844727
24.5185832977295 24.7389163970947 24.8738746643066 24.9925003051758 24.6800422668457 24.7054576873779 24.7938327789307 24.322208404541 24.1490840911865 23.5568752288818 23.1797504425049 23.0229167938232 22.8919162750244 22.7487907409668 22.9542922973633 24.2839164733887 24.6889171600342 24.9700412750244 25.088041305542 24.9266662597656 24.5619163513184 24.7078342437744 24.2471256256104 23.910457611084 24.1266670227051 24.5491256713867 24.6974582672119 25.492208480835 25.6225414276123 25.7323760986328 25.9913330078125 26.425708770752 26.5623741149902 26.4019165039062 26.2443752288818 26.2165412902832 25.5784587860107 22.9552917480469 21.9608745574951 22.7084999084473 23.9848747253418 24.7190418243408 24.9367923736572 23.9904594421387 22.595832824707 23.2257080078125 24.7551250457764 24.8409996032715 25.2220840454102 24.8855419158936 24.5522918701172 23.4118747711182
24.3625831604004 24.6337509155273 24.7332916259766 24.8363761901855 24.8590412139893 24.406042098999 24.6935844421387 24.0362091064453 24.220832824707 23.660041809082 23.3389167785645 23.179708480835 23.0377502441406 22.9693336486816 22.9974575042725 24.1881256103516 24.7587509155273 24.955041885376 24.7418746948242 24.1847076416016 23.7087917327881 23.8987083435059 24.2462921142578 24.1517505645752 24.2931671142578 24.7920417785645 24.4976253509521 25.3156242370605 25.7175827026367 25.8729991912842 26.1146240234375 26.0471668243408 25.9387092590332 26.2152080535889 26.1672916412354 26.0942077636719 25.642541885376 23.1636257171631 22.5370826721191 22.7014999389648 23.808500289917 24.7226257324219 24.0716667175293 23.1725006103516 22.9349994659424 24.2652931213379 25.056583404541 25.4540004730225 25.6153755187988 25.5296669006348 23.808666229248 23.6405410766602
24.5482501983643 24.7229156494141 24.9795417785645 24.9188346862793 24.9397506713867 24.4637908935547 24.4515419006348 24.3741664886475 23.6274166107178 23.6192512512207 23.5931663513184 23.4891662597656 23.1202087402344 23.5043754577637 23.125 23.7639579772949 24.3985004425049 24.5842914581299 24.0677089691162 23.931999206543 24.1007499694824 24.2935829162598 24.6553745269775 24.1268329620361 24.6575832366943 25.0651664733887 24.8814163208008 25.4680004119873 25.5727081298828 26.003999710083 26.2273330688477 25.8874988555908 25.9909172058105 26.119291305542 26.0606250762939 25.9407501220703 25.713041305542 24.1082916259766 23.2684574127197 23.463041305542 23.9357089996338 24.5602912902832 23.8967094421387 23.3742504119873 23.7164573669434 24.9874992370605 25.6782493591309 25.6756248474121 25.6445407867432 25.7435836791992 23.9014167785645 24.1975002288818
24.3047904968262 24.5029582977295 24.6593322753906 24.7231254577637 24.7240829467773 24.5679168701172 24.0575008392334 24.2210426330566 23.7788753509521 23.0469169616699 23.2632083892822 23.3664588928223 23.6973762512207 24.0734996795654 23.7330837249756 23.98779296875 24.3892078399658 24.4038333892822 24.4520416259766 24.8225421905518 24.8679580688477 24.6881675720215 24.6056671142578 24.4132919311523 24.6302070617676 25.03125 25.1592922210693 26.0384998321533 25.8849582672119 25.9437503814697 26.310375213623 25.535457611084 25.8069171905518 25.9953746795654 25.8154163360596 25.5470008850098 24.8907508850098 24.7336254119873 23.9466247558594 23.6708755493164 24.4111251831055 24.4092502593994 23.7971668243408 23.0352077484131 23.8281669616699 25.4477081298828 25.7192497253418 25.9539566040039 25.9410820007324 25.5463752746582 24.6116256713867 24.4428749084473
24.3867073059082 24.3714160919189 24.5666675567627 24.5294589996338 24.5229167938232 24.2812919616699 23.7054996490479 23.8388328552246 22.794750213623 22.8742084503174 23.4178333282471 23.5409164428711 23.4562492370605 24.0443344116211 24.4682502746582 24.3691673278809 24.3698329925537 24.5524997711182 24.7622089385986 24.8688335418701 25.070333480835 24.9572505950928 25.0618743896484 24.6259574890137 24.9945831298828 25.2119579315186 25.0725402832031 25.9097080230713 25.6550827026367 25.8340835571289 25.5539588928223 23.6622085571289 24.7352924346924 25.5382499694824 24.7112922668457 24.4919586181641 23.8236675262451 23.8027076721191 23.7757911682129 22.1785411834717 24.0155010223389 24.0366668701172 23.1088333129883 24.0178756713867 24.1854991912842 25.1469993591309 25.5235843658447 25.7971248626709 25.8204154968262 25.7257919311523 25.2998332977295 25.1159172058105
24.1645412445068 23.6926670074463 23.8823757171631 24.0023746490479 24.2234592437744 24.2297077178955 23.6746253967285 22.9747505187988 23.1673336029053 23.4958343505859 23.277250289917 23.0865840911865 23.3074169158936 23.8185005187988 24.1361255645752 23.7511253356934 24.2425842285156 24.1287498474121 24.6174163818359 24.8396663665771 25.1452083587646 25.3227920532227 25.1626243591309 25.2779998779297 25.3101654052734 25.1703758239746 25.3822498321533 25.415584564209 25.6314582824707 25.6669998168945 24.3640403747559 22.3831672668457 23.9729995727539 24.3390007019043 24.8298759460449 24.1800003051758 23.4903755187988 23.1962089538574 23.3093338012695 21.5931663513184 22.8317909240723 23.1529998779297 22.5389995574951 24.3408336639404 24.4552917480469 25.3272094726562 25.4551239013672 25.5109996795654 25.4734172821045 25.4794158935547 25.3132076263428 24.8928337097168
24.624626159668 24.2269592285156 23.7323741912842 24.8474578857422 24.5457916259766 24.2823753356934 24.101749420166 23.0453338623047 22.828540802002 23.2082080841064 23.2561664581299 23.3806247711182 23.4855003356934 23.6293754577637 23.5789165496826 23.5999164581299 23.4500427246094 24.3523750305176 24.894458770752 25.0573329925537 25.2138328552246 25.3702507019043 25.3979167938232 25.5183753967285 25.233959197998 24.9731674194336 25.4048328399658 25.6563758850098 25.5932083129883 25.6314582824707 23.7683753967285 21.8931674957275 22.8548755645752 24.2515411376953 23.3987503051758 23.8509998321533 23.2434577941895 23.1702499389648 23.109001159668 21.0049591064453 21.5965824127197 21.8437080383301 22.6851673126221 23.6098327636719 24.2793750762939 25.1140823364258 25.1523323059082 25.2721672058105 25.644624710083 25.5119171142578 25.1365833282471 25.1804161071777
24.9563751220703 24.5161666870117 24.9159164428711 24.9447917938232 24.8216667175293 24.3651657104492 24.0201244354248 23.814416885376 23.4125823974609 23.2824993133545 23.2565841674805 23.3157081604004 23.4300842285156 23.6342086791992 23.8023338317871 23.8443336486816 24.0767498016357 24.5894165039062 24.9449157714844 25.1547088623047 25.2994155883789 25.3924160003662 25.4243335723877 25.4293746948242 25.0650405883789 25.282958984375 25.6609992980957 25.775749206543 25.5382499694824 24.9380416870117 22.783332824707 21.5817089080811 21.7587089538574 23.7345409393311 23.4657497406006 23.4682922363281 23.3484592437744 23.3957080841064 22.7752914428711 20.7579574584961 21.2394161224365 22.1115417480469 23.6721668243408 23.8757915496826 24.3134994506836 24.8628330230713 24.9273338317871 25.1681671142578 25.324125289917 25.6430835723877 25.5262088775635 24.9268341064453
25.0427913665771 24.8735828399658 25.1582927703857 25.1534576416016 25.1532077789307 24.7420845031738 23.9929161071777 24.0204162597656 23.9087085723877 23.1877498626709 23.3758754730225 23.4136238098145 23.4690418243408 23.6540832519531 23.9599170684814 24.4607086181641 23.7012920379639 24.1727504730225 24.9766254425049 25.1638336181641 25.3055839538574 25.4010410308838 25.4107074737549 25.3642082214355 25.2494583129883 25.3053340911865 25.7152919769287 25.775333404541 25.617208480835 25.2689590454102 23.9415836334229 23.1619167327881 22.052583694458 22.2992496490479 23.347375869751 23.4415836334229 23.2882919311523 23.1071662902832 22.1016654968262 21.2133331298828 21.3299579620361 21.7952919006348 22.7922916412354 23.7230834960938 23.9799995422363 24.2452926635742 24.7425842285156 25.1371250152588 25.2598743438721 25.4644584655762 25.2975406646729 25.3993759155273
25.0830001831055 25.2667083740234 25.3145408630371 25.2233333587646 25.2642498016357 25.0577087402344 24.9087924957275 24.4393749237061 24.5774173736572 23.4570426940918 23.478874206543 23.5129165649414 23.546667098999 23.7269172668457 23.9224586486816 23.9055004119873 24.3869590759277 24.5503749847412 25.0410842895508 25.0755424499512 25.1922492980957 25.22825050354 25.195499420166 25.2893753051758 25.2377910614014 24.9011249542236 25.2893333435059 25.6504173278809 25.6612071990967 25.3058757781982 22.9620838165283 22.8465003967285 21.7152500152588 21.2468338012695 22.175500869751 22.3699169158936 22.8684997558594 22.6007499694824 21.1284580230713 21.0712509155273 21.9869155883789 22.4512500762939 22.9513320922852 23.5361251831055 23.9967079162598 24.4975414276123 24.6100406646729 25.1951675415039 24.9499168395996 25.2325839996338 25.4232501983643 25.4375419616699
24.5777492523193 24.9831676483154 25.2482089996338 25.2803745269775 25.2346668243408 25.2068328857422 25.3240833282471 25.11279296875 24.1804580688477 23.2436256408691 23.4231662750244 23.6139583587646 23.7241668701172 23.8024578094482 23.7630825042725 23.8005409240723 24.1767921447754 24.7186241149902 24.081750869751 23.7943344116211 24.2797508239746 24.1411666870117 23.6327075958252 24.6721248626709 24.9687919616699 25.558708190918 25.2627086639404 25.6780834197998 24.7660007476807 25.1830406188965 24.1660423278809 23.1792507171631 22.2967491149902 20.5229587554932 21.4651260375977 21.5645008087158 22.4148750305176 22.472957611084 21.1953754425049 21.814790725708 23.283332824707 22.6392917633057 23.2770004272461 23.7140426635742 24.2027492523193 24.6010417938232 24.88112449646 25.1502494812012 24.628791809082 25.0336265563965 25.0320835113525 25.1531658172607
24.7425422668457 24.9816665649414 24.9968338012695 25.160041809082 25.2569580078125 25.3692512512207 25.4482078552246 25.5344161987305 24.3822078704834 23.2749176025391 23.5649585723877 23.734375 23.7689170837402 23.8892917633057 24.0306663513184 24.0769996643066 24.3305835723877 23.9685821533203 23.4659175872803 23.5740413665771 23.6031665802002 23.4405822753906 23.177417755127 23.1533336639404 24.472749710083 25.4846248626709 25.1380424499512 25.8269996643066 24.7290420532227 24.3032073974609 25.5853328704834 24.5513744354248 23.7157917022705 21.1124591827393 21.1963329315186 21.2773742675781 21.8468742370605 22.9981250762939 21.4944591522217 22.7301254272461 23.451208114624 22.5519580841064 23.5187072753906 23.8856258392334 24.2908744812012 24.6031246185303 24.8036251068115 24.8036670684814 24.515625 24.6895008087158 24.828125 22.7562084197998
25.1671257019043 25.3033332824707 25.3367500305176 25.4329586029053 25.5397911071777 25.5028343200684 25.6102504730225 25.4408340454102 24.7757911682129 23.5516242980957 23.5699577331543 23.8037090301514 23.8079586029053 23.8920841217041 23.9929580688477 23.9821243286133 24.1420822143555 24.0924167633057 23.7365417480469 23.3646240234375 23.5575408935547 23.4769172668457 23.2024154663086 24.0247077941895 25.1733741760254 25.5237083435059 25.2577495574951 25.7589588165283 24.6145420074463 23.7491245269775 25.429708480835 25.519832611084 24.5856666564941 21.7665004730225 21.0890007019043 21.0224590301514 21.988000869751 22.8897914886475 22.7867088317871 23.5391254425049 23.6403331756592 22.8347511291504 23.4484596252441 23.3793754577637 24.0108757019043 24.6738338470459 24.8907508850098 24.589750289917 24.7365837097168 24.693416595459 24.8432502746582 22.9904174804688
25.3582077026367 25.3156661987305 25.3510837554932 25.4457092285156 25.2977085113525 25.1949996948242 25.6806259155273 25.6088333129883 25.2729167938232 23.9285831451416 23.4614582061768 23.6965408325195 23.8424167633057 23.8909168243408 23.8865413665771 23.8797912597656 23.9059581756592 23.7690830230713 23.6679992675781 23.5018749237061 23.3170833587646 23.2240829467773 23.5577507019043 25.2089157104492 25.4330005645752 25.6552925109863 25.7893333435059 25.8208751678467 25.5265426635742 24.0441665649414 24.9455413818359 25.4278335571289 25.0185832977295 22.0872497558594 20.9761257171631 21.0680408477783 21.7292919158936 21.2966251373291 22.2505836486816 24.4567928314209 23.8433742523193 22.9799995422363 23.4076671600342 24.0224170684814 23.7642078399658 24.701042175293 24.899959564209 24.306791305542 24.4165000915527 24.5069580078125 24.7614994049072 22.9981250762939
25.4283332824707 25.4226245880127 25.2744579315186 25.1828746795654 25.224666595459 24.3147926330566 25.1670417785645 25.5479583740234 25.1395835876465 23.5248336791992 23.3903331756592 23.6977500915527 23.7942924499512 23.7606658935547 23.7577095031738 23.8341655731201 23.9013328552246 23.6610412597656 23.6145420074463 23.5196666717529 23.2522087097168 23.0719585418701 24.0672492980957 25.136833190918 25.4401245117188 25.7293338775635 25.8661670684814 25.972957611084 25.3788757324219 24.4209575653076 24.1868743896484 25.2629585266113 25.2800006866455 22.8132076263428 21.2502918243408 20.6219577789307 21.191499710083 20.7622089385986 21.1215000152588 24.7180423736572 24.1571674346924 23.2922496795654 23.2406253814697 24.2924575805664 24.2949161529541 24.5034999847412 24.4417915344238 24.0980415344238 23.9501247406006 24.1024589538574 24.4559593200684 22.7177085876465
25.4873332977295 25.4667091369629 25.3840827941895 25.1835842132568 24.3953742980957 23.972583770752 24.1215000152588 24.8365001678467 24.5735416412354 23.5668754577637 23.4098739624023 23.5382080078125 23.6160831451416 23.6404571533203 23.6960010528564 23.7247924804688 23.6946659088135 23.7050838470459 23.8014583587646 23.7231254577637 23.3624992370605 23.3271675109863 24.2592506408691 24.9679164886475 25.5677490234375 25.7311248779297 25.8988761901855 25.8633327484131 25.3695411682129 24.0662078857422 22.974458694458 24.923376083374 25.1294593811035 23.7277088165283 21.5751667022705 20.1143341064453 20.5690002441406 20.5305004119873 20.5837497711182 23.2029590606689 24.4219989776611 24.1821250915527 23.6861667633057 24.2762088775635 24.0464992523193 23.568416595459 23.162540435791 22.7585830688477 23.0985412597656 23.6024169921875 23.7270412445068 22.8700828552246
25.266040802002 25.4267921447754 25.0113754272461 24.7902488708496 25.0449161529541 24.5869998931885 24.4202919006348 24.2616672515869 24.0152912139893 23.0879993438721 23.2851676940918 23.4821662902832 23.554708480835 23.5531673431396 23.5675411224365 23.6841659545898 23.7239170074463 23.9355411529541 24.0756244659424 23.9316673278809 23.5209159851074 23.8339157104492 24.7045841217041 25.166374206543 25.4747085571289 25.7007923126221 25.8754997253418 25.6788749694824 25.5450420379639 24.0526256561279 22.9422912597656 24.5696659088135 24.8680839538574 24.3406677246094 21.9581661224365 19.8097076416016 20.4500827789307 20.5976657867432 20.562915802002 20.9154167175293 24.1584587097168 24.2246246337891 24.4270420074463 24.7184162139893 23.1204166412354 21.4869995117188 21.9848747253418 21.452751159668 21.7302093505859 23.3614177703857 24.1063327789307 21.9133338928223
24.1470832824707 25.0869998931885 25.3884162902832 24.4272918701172 24.8625411987305 24.9245834350586 24.8809585571289 24.9101676940918 24.2142505645752 22.9052925109863 23.2387084960938 23.3337497711182 23.4820003509521 23.4681663513184 23.6255416870117 23.6528759002686 23.7017498016357 23.710958480835 23.9667091369629 24.3462085723877 23.9207916259766 24.1687927246094 24.8665008544922 25.3953742980957 25.5343742370605 25.7693748474121 25.8191661834717 25.5932083129883 25.2812080383301 24.0587501525879 23.0987911224365 23.5062084197998 24.4573745727539 23.5711669921875 21.4853324890137 19.8019580841064 21.2864170074463 21.7503337860107 20.5938758850098 20.7307910919189 23.4703750610352 23.1922073364258 23.8603744506836 23.5849990844727 21.4488334655762 21.2199172973633 21.660083770752 22.0639591217041 22.2442092895508 23.2655830383301 21.4387493133545 22.0686264038086
