data/layers/Current/bio8.asc
NCOLS 494 
NROWS 529 
XLLCORNER -117.166666666667 
YLLCORNER -55.5 
CELLSIZE 0.166666666666667 
NODATA_value -3.4e+38 
[rows 230 to 252 of 529, columns 312 to 363 of 494]
26.261417388916 26.2332496643066 26.236499786377 26.2871246337891 26.4670829772949 26.4783744812012 26.439624786377 26.3248329162598 26.3737087249756 26.3454170227051 26.3314590454102 26.3837509155273 26.2736663818359 26.2907905578613 26.3602504730225 26.3718757629395 26.3829574584961 26.4340419769287 26.4720001220703 26.5257911682129 26.5661659240723 26.6334991455078 26.7358341217041 26.7877502441406 26.7395420074463 26.722541809082 26.7233333587646 26.6933326721191 26.6491661071777 26.6479167938232 26.630916595459 26.6005840301514 26.5266666412354 26.627124786377 26.5830841064453 26.5271263122559 26.4247074127197 26.3600826263428 26.3960418701172 26.3559169769287 26.2252922058105 26.0170421600342 26.1530838012695 26.1718330383301 26.1155834197998 26.3780422210693 26.385124206543 26.2280826568604 26.1863746643066 26.0778751373291 25.9720840454102 26.0250835418701
26.2636260986328 26.3079986572266 26.3432083129883 26.3930416107178 26.3824577331543 26.3120002746582 26.2725410461426 26.3201656341553 26.2709999084473 26.2219161987305 26.2828330993652 26.2960834503174 26.2490825653076 26.2526664733887 26.3093757629395 26.3225421905518 26.3514175415039 26.3922080993652 26.4304580688477 26.4869174957275 26.6280841827393 26.7355842590332 26.7453327178955 26.7297916412354 26.7112922668457 26.6997909545898 26.6850414276123 26.662166595459 26.6240005493164 26.6623764038086 26.6290416717529 26.511791229248 26.4728755950928 26.5294170379639 26.5039176940918 26.4554576873779 26.4480838775635 26.3323745727539 26.3330001831055 26.3118324279785 26.1555843353271 26.0056667327881 26.1478328704834 26.1179161071777 26.2509994506836 26.3862075805664 26.2994575500488 26.1415824890137 26.2425422668457 26.1764163970947 25.9267921447754 25.8790416717529
26.2252922058105 26.2563743591309 26.2939167022705 26.2752494812012 26.3214588165283 26.2872924804688 26.1973342895508 26.2272911071777 26.1812496185303 26.2040824890137 26.2430419921875 26.1821250915527 26.1882095336914 26.2051239013672 26.2405414581299 26.2811660766602 26.3066654205322 26.3744583129883 26.4399585723877 26.548583984375 26.603832244873 26.5696258544922 26.6035003662109 26.632999420166 26.6413745880127 26.6495418548584 26.6450004577637 26.6110420227051 26.5917911529541 26.6242923736572 26.5765419006348 26.4760417938232 26.3971252441406 26.4362487792969 26.488374710083 26.3749160766602 26.4745826721191 26.2667503356934 26.3096656799316 26.2071666717529 26.1598339080811 26.0326671600342 26.165958404541 26.1414585113525 26.3615417480469 26.3533325195312 26.3347930908203 26.0584163665771 25.8482494354248 25.9254989624023 25.845874786377 25.8460006713867
26.191291809082 26.30908203125 26.2454166412354 26.2359580993652 26.2954578399658 26.2453327178955 26.148250579834 26.1790008544922 26.1432495117188 26.157958984375 26.1947078704834 26.1358337402344 26.1319580078125 26.1487083435059 26.1783332824707 26.2270412445068 26.2552070617676 26.3715000152588 26.433292388916 26.5220832824707 26.4800834655762 26.4808330535889 26.5162925720215 26.5529174804688 26.5667915344238 26.5867500305176 26.5860843658447 26.5407085418701 26.5495414733887 26.5170001983643 26.5368747711182 26.4998741149902 26.3326244354248 26.3299999237061 26.3435001373291 26.3755836486816 26.4340000152588 26.238582611084 26.2144165039062 26.0307922363281 26.341833114624 26.4046669006348 26.4039573669434 26.4309997558594 26.5222091674805 26.4191665649414 26.3167915344238 26.1128749847412 25.7101249694824 25.4387092590332 25.6302490234375 25.4730834960938
26.2532081604004 26.2746658325195 26.2191257476807 26.2102508544922 26.2792491912842 26.1995429992676 26.1193752288818 26.113000869751 26.0885829925537 26.1054992675781 26.1030426025391 26.1404991149902 26.0778751373291 26.1067924499512 26.1842918395996 26.2502918243408 26.2965831756592 26.3407497406006 26.3374156951904 26.3273334503174 26.4010829925537 26.4127502441406 26.4485836029053 26.4607086181641 26.4882926940918 26.5061664581299 26.4987907409668 26.5130844116211 26.5162086486816 26.357666015625 26.4440422058105 26.3572082519531 26.3125839233398 26.1957092285156 26.2674999237061 26.3061656951904 26.3933334350586 26.2168750762939 26.1092510223389 26.0748748779297 26.2054996490479 26.3818340301514 26.5185413360596 26.451000213623 26.3912506103516 26.3140411376953 26.3268756866455 25.9271240234375 25.5961666107178 25.6075820922852 25.6922492980957 25.2839164733887
26.2262496948242 26.2162094116211 26.2032508850098 26.226541519165 26.2580833435059 26.1372489929199 26.0946674346924 26.0837097167969 26.0418338775635 26.0552501678467 26.0174579620361 26.0589179992676 26.0034160614014 26.0532913208008 26.1106662750244 26.1647090911865 26.2439994812012 26.2122497558594 26.2529163360596 26.2530841827393 26.3060417175293 26.3327503204346 26.3794994354248 26.377082824707 26.4361667633057 26.4148750305176 26.3862495422363 26.4350414276123 26.4821243286133 26.2856674194336 26.355541229248 26.1372489929199 26.2065830230713 26.2445411682129 26.1563339233398 26.2369995117188 26.3884582519531 26.1950416564941 26.1239166259766 26.2413749694824 26.2906665802002 26.1736679077148 26.0615425109863 26.3018341064453 26.1615409851074 26.1829986572266 26.2784175872803 26.0380420684814 25.5154991149902 25.6329154968262 25.6902923583984 25.1810417175293
26.2115821838379 26.1935424804688 26.2114582061768 26.2620830535889 26.1866245269775 26.0833759307861 26.0431251525879 26.0266666412354 25.9894580841064 25.9937076568604 25.9542083740234 25.9716663360596 25.9995422363281 26.042875289917 26.0881671905518 26.1019592285156 26.1471252441406 26.1248760223389 26.1842498779297 26.2063331604004 26.2430000305176 26.2713756561279 26.3136672973633 26.3031673431396 26.3571662902832 26.2973327636719 26.3400421142578 26.3560428619385 26.4127082824707 26.2264175415039 26.3310413360596 26.0720825195312 25.9933338165283 26.1488742828369 25.9810829162598 26.0406665802002 26.3605422973633 26.2241249084473 26.0720405578613 26.1175003051758 26.0914173126221 25.6920833587646 25.7234573364258 25.9993324279785 25.9690837860107 26.0688743591309 26.138500213623 25.9543762207031 25.5072078704834 25.5854167938232 25.5856246948242 25.2233333587646
26.1868743896484 26.1844577789307 26.2140007019043 26.224458694458 26.1172924041748 26.0908756256104 26.0148334503174 25.9662075042725 25.9515419006348 25.9217491149902 25.8950424194336 25.8735408782959 25.9559173583984 25.9464168548584 26.0000419616699 26.0907497406006 26.0867500305176 26.0608329772949 26.0987091064453 26.1264991760254 26.1672496795654 26.1956253051758 26.2051677703857 26.1627082824707 26.2537498474121 26.2574996948242 26.201000213623 26.3131675720215 26.228666305542 26.1250419616699 26.1552925109863 25.9541244506836 25.9105834960938 25.9925842285156 25.8394165039062 26.0404586791992 26.3207511901855 26.2786674499512 26.0994167327881 25.7806663513184 26.0442924499512 25.6761245727539 25.5689582824707 25.72829246521 25.7766666412354 25.9798336029053 26.0944995880127 25.9264163970947 25.5641250610352 25.5776252746582 25.4796657562256 25.2686252593994
26.1902084350586 26.2183322906494 26.249626159668 26.1805419921875 26.0584583282471 26.0617084503174 25.9842090606689 25.9275417327881 25.9051666259766 25.8599987030029 25.8397903442383 25.886833190918 25.8731250762939 25.8896255493164 25.9335422515869 25.9318752288818 25.9417915344238 25.9868335723877 26.0124168395996 26.0473747253418 26.0778751373291 26.1152496337891 26.0671672821045 26.0940837860107 26.1724586486816 26.1793746948242 26.2014999389648 26.138542175293 26.106876373291 26.1257076263428 26.0490837097168 26.0424575805664 25.9454574584961 25.8489170074463 25.7343330383301 25.8009166717529 26.1858749389648 26.3308753967285 26.1728324890137 25.9203338623047 25.8491668701172 25.9590835571289 25.8775405883789 25.6770000457764 25.5092926025391 25.5176258087158 25.8596248626709 25.7893333435059 25.5620002746582 25.6275005340576 25.4169158935547 25.1665840148926
26.2334175109863 26.2566661834717 26.2488746643066 26.1269569396973 26.0660820007324 26.0569171905518 25.9428749084473 25.8960418701172 25.8694171905518 25.805290222168 25.7863330841064 25.8109169006348 25.7911243438721 25.8245410919189 25.8194999694824 25.8015403747559 25.8542919158936 25.9152069091797 25.9293746948242 25.9568328857422 25.9853324890137 26.0050010681152 25.9478740692139 26.0282917022705 26.0844993591309 26.0755424499512 26.1006259918213 26.1301250457764 25.9887504577637 25.7690410614014 25.7759170532227 25.9169578552246 25.8541660308838 25.9356250762939 25.7957916259766 25.808292388916 26.1944160461426 26.2518329620361 26.1811256408691 25.7969169616699 25.9758338928223 25.9905834197998 26.044584274292 25.9014167785645 25.4284572601318 25.2619590759277 25.4987907409668 25.5142917633057 25.5636253356934 25.4069175720215 25.3868751525879 25.2660007476807
26.2090835571289 26.2840003967285 26.1598739624023 26.1255836486816 26.0527076721191 26.0330009460449 25.9797496795654 25.8685836791992 25.8301239013672 25.7896251678467 25.742582321167 25.7730827331543 25.7787094116211 25.7559585571289 25.7189998626709 25.7700824737549 25.7671661376953 25.8093757629395 25.8469161987305 25.8901252746582 25.8486671447754 25.8934993743896 25.8776664733887 25.9685840606689 25.9894161224365 26.0034580230713 26.0442504882812 26.0893325805664 25.9214992523193 25.6691246032715 25.6468753814697 25.5963745117188 25.8355407714844 25.8661670684814 25.6418342590332 25.661750793457 25.9555416107178 26.1072082519531 26.0137920379639 25.6951675415039 25.8658332824707 26.0117092132568 25.986083984375 25.982250213623 25.7557907104492 25.4832916259766 25.210916519165 25.3085823059082 25.3988342285156 25.1960830688477 25.2853336334229 25.3322505950928
26.1643753051758 26.2085418701172 26.091833114624 26.0804996490479 26.0393753051758 26.0130825042725 25.949333190918 25.8537082672119 25.8328742980957 25.7730407714844 25.7369155883789 25.703540802002 25.8092079162598 25.6931247711182 25.6404590606689 25.6669998168945 25.6917915344238 25.7452926635742 25.785041809082 25.8170413970947 25.812292098999 25.7938327789307 25.8474159240723 25.9095840454102 25.9015827178955 25.8820419311523 26.0062503814697 25.9646244049072 25.7666664123535 25.8446655273438 25.8571243286133 25.7358741760254 25.5567073822021 25.6903324127197 25.5058326721191 25.4821662902832 25.754207611084 25.7436676025391 25.9806671142578 25.841625213623 25.8894577026367 25.9579582214355 25.8405838012695 25.9254989624023 25.9284992218018 25.8924999237061 25.6354579925537 25.1445426940918 25.154125213623 25.2137088775635 25.2262916564941 25.1660842895508
26.1914577484131 26.1144580841064 26.0802917480469 26.0524158477783 26.0180835723877 25.9816246032715 25.911958694458 25.8604164123535 25.8656253814697 25.7555828094482 25.6907081604004 25.6766242980957 25.7680835723877 25.6282501220703 25.5956249237061 25.6059589385986 25.6491241455078 25.6604175567627 25.6903743743896 25.7542495727539 25.8161659240723 25.7165412902832 25.7127914428711 25.8292083740234 25.8495407104492 25.8719577789307 25.876708984375 25.9614582061768 25.914083480835 25.9391250610352 25.9465408325195 25.8827095031738 25.5502510070801 25.6056671142578 25.4309997558594 25.5225830078125 25.4509582519531 25.7241249084473 25.8726253509521 25.9211254119873 25.8390007019043 25.9026660919189 25.8233337402344 25.86549949646 25.8343753814697 25.8680839538574 25.9097080230713 25.334041595459 25.0056247711182 24.8823337554932 25.1614170074463 25.3176670074463
26.0997505187988 26.0617904663086 26.0847911834717 26.0782089233398 25.9842510223389 25.9581241607666 25.861457824707 25.8647079467773 25.8237075805664 25.7190837860107 25.6666259765625 25.6803340911865 25.6750831604004 25.648624420166 25.5541248321533 25.5632495880127 25.588041305542 25.5881671905518 25.6412086486816 25.6142082214355 25.6637077331543 25.6585826873779 25.6869163513184 25.7196674346924 25.7492084503174 25.7091255187988 25.687292098999 25.8328742980957 25.8578338623047 25.925666809082 25.8435001373291 25.7579174041748 25.5311241149902 25.5942916870117 25.5342082977295 25.5375003814697 25.5734176635742 25.7023334503174 25.6149158477783 25.7646255493164 25.8644180297852 25.8325424194336 25.8090839385986 25.8579998016357 25.9178333282471 25.8551254272461 25.8833751678467 25.7285003662109 25.1961250305176 24.7794990539551 25.0143737792969 25.3588333129883
26.0765419006348 26.039665222168 26.0535831451416 26.0289993286133 25.9783744812012 25.9268741607666 25.8595428466797 25.7968330383301 25.8507499694824 25.7039585113525 25.6730422973633 25.6027908325195 25.6489162445068 25.626708984375 25.5166244506836 25.503791809082 25.5276660919189 25.5510005950928 25.6004161834717 25.5738754272461 25.5567092895508 25.5911674499512 25.4955425262451 25.6337928771973 25.7106246948242 25.6140003204346 25.5937080383301 25.7096672058105 25.8135414123535 25.7950839996338 25.8565826416016 25.7819595336914 25.5834999084473 25.7589988708496 25.7427082061768 25.5539588928223 25.3305835723877 25.5988750457764 25.4115829467773 25.8304576873779 25.7665843963623 25.8396663665771 25.7420425415039 25.7781658172607 25.9720001220703 25.7834167480469 25.8499584197998 25.700834274292 25.0729999542236 24.7477493286133 24.6987495422363 24.8338756561279
26.0780410766602 26.0429573059082 26.031457901001 26.010082244873 25.9930000305176 25.9021263122559 25.8523330688477 25.798791885376 25.7929172515869 25.679666519165 25.7245407104492 25.6357917785645 25.5905418395996 25.5074996948242 25.5199584960938 25.4655838012695 25.4782085418701 25.515832901001 25.5405006408691 25.636417388916 25.7954158782959 25.6525421142578 25.4314994812012 25.5503749847412 25.636625289917 25.61887550354 25.5567092895508 25.669750213623 25.7417907714844 25.6402492523193 25.7869987487793 25.7884998321533 25.8569164276123 25.8803749084473 25.7175407409668 25.4976673126221 25.3983345031738 25.5001678466797 25.4477081298828 25.8153324127197 25.65016746521 25.660041809082 25.8346252441406 25.7189998626709 25.8559169769287 25.8090839385986 25.876708984375 25.3618335723877 24.9126243591309 24.8210830688477 24.4355010986328 24.5179576873779
26.0544166564941 26.0339164733887 26.0349578857422 26.039083480835 25.95924949646 25.8918762207031 25.8647499084473 25.800874710083 25.7241668701172 25.7465419769287 25.679874420166 25.5272922515869 25.4849166870117 25.4659576416016 25.4505424499512 25.4540004730225 25.4337501525879 25.4729995727539 25.5105419158936 25.6890411376953 25.7500839233398 25.7241249084473 25.6372509002686 25.4567909240723 25.4534168243408 25.5810413360596 25.5348339080811 25.5730419158936 25.6779174804688 25.607250213623 25.7111663818359 25.761999130249 25.8004169464111 25.7592926025391 25.6438331604004 25.2969169616699 25.3036670684814 25.3721256256104 25.6549587249756 25.658748626709 25.5753345489502 25.4615421295166 25.7869167327881 25.7782917022705 25.7533340454102 25.9253330230713 25.853666305542 25.1922492980957 25.1445827484131 24.9021244049072 24.7622089385986 24.5805835723877
26.1079578399658 26.1024589538574 26.0097904205322 25.9871673583984 25.963041305542 25.8963756561279 25.8663749694824 25.8293743133545 25.7731666564941 25.7425842285156 25.5744171142578 25.4925842285156 25.4412078857422 25.4124164581299 25.4124164581299 25.3950424194336 25.429500579834 25.4375419616699 25.5902919769287 25.7151660919189 25.5932083129883 25.3952922821045 25.4860420227051 25.5342502593994 25.5000419616699 25.5144996643066 25.4353332519531 25.531042098999 25.607458114624 25.5503749847412 25.6226673126221 25.679708480835 25.7061252593994 25.7570419311523 25.8027496337891 25.6571254730225 25.2030830383301 25.420166015625 25.7801246643066 25.3822498321533 25.5318756103516 25.121208190918 25.7174987792969 25.6688747406006 25.777250289917 25.9262084960938 25.9345417022705 25.5796241760254 25.6829986572266 25.4203758239746 25.3326663970947 25.0872077941895
26.1700000762939 26.1533756256104 26.0411243438721 26.0067081451416 25.9419593811035 25.8877506256104 25.890417098999 25.9856662750244 25.8653755187988 25.7202072143555 25.5548324584961 25.4412078857422 25.3906669616699 25.3857078552246 25.3707504272461 25.290958404541 25.3252906799316 25.3910007476807 25.5961246490479 25.628999710083 25.4322090148926 25.2835006713867 25.3268337249756 25.3824996948242 25.4538745880127 25.4606666564941 25.523250579834 25.3610420227051 25.5940837860107 25.4894161224365 25.4545822143555 25.5786666870117 25.6159172058105 25.638542175293 25.7842082977295 25.666374206543 25.2449989318848 25.6768741607666 25.6865825653076 25.3269157409668 25.4692077636719 25.1553745269775 25.6020412445068 25.2040424346924 25.5275840759277 25.7761669158936 25.7436676025391 25.7683334350586 25.8679580688477 25.7515830993652 25.8184585571289 25.6751670837402
26.2021255493164 26.0713748931885 26.03125 26.03737449646 25.9790420532227 25.9071254730225 25.8859596252441 25.843542098999 25.7452087402344 25.6531257629395 25.6069583892822 25.4837093353271 25.3765411376953 25.3564586639404 25.3152923583984 25.3422908782959 25.2807502746582 25.3117923736572 25.3661251068115 25.4705829620361 25.3187503814697 25.3524589538574 25.2884159088135 25.3581237792969 25.3645420074463 25.4170837402344 25.4260425567627 25.3656253814697 25.5 25.4724578857422 25.3569164276123 25.4340000152588 25.524959564209 25.6052913665771 25.7396240234375 25.7313747406006 25.5186252593994 25.4054164886475 25.2505416870117 25.3767910003662 25.3892498016357 25.3005409240723 25.6159992218018 25.4540004730225 25.5777912139893 25.6383323669434 25.8668746948242 25.8744163513184 25.8642501831055 25.8133335113525 25.9320831298828 25.9372501373291
26.0693740844727 25.9633750915527 26.0182075500488 26.0534992218018 26.0306663513184 25.9755821228027 25.8439998626709 25.8235836029053 25.7075824737549 25.6106243133545 25.5979995727539 25.5407085418701 25.4015007019043 25.3463344573975 25.296459197998 25.3228759765625 25.251916885376 25.2209587097168 25.2389583587646 25.2818336486816 25.2652492523193 25.2875423431396 25.2334995269775 25.2712917327881 25.253833770752 25.2802505493164 25.3460845947266 25.298583984375 25.4683742523193 25.4962921142578 25.4623336791992 25.3316249847412 25.490083694458 25.6333332061768 25.7368335723877 25.679500579834 25.6704998016357 25.6292915344238 25.2994995117188 25.3894577026367 25.394832611084 25.3920001983643 25.3897495269775 25.4094581604004 25.052583694458 25.4213752746582 25.7464160919189 25.7954578399658 25.9629173278809 25.984582901001 25.9869174957275 25.9210414886475
26.0404586791992 25.9987487792969 26.0570411682129 26.131290435791 26.1185836791992 25.8980007171631 25.7663345336914 25.7304172515869 25.6925411224365 25.6466674804688 25.5988750457764 25.5462074279785 25.4302082061768 25.3174591064453 25.2448329925537 25.2853336334229 25.1101665496826 25.0265827178955 25.1439590454102 25.2221260070801 25.1654167175293 25.1434173583984 25.1736259460449 25.1453742980957 25.1405410766602 25.2537498474121 25.3445415496826 25.344165802002 25.4414577484131 25.4796257019043 25.369499206543 25.3230419158936 25.4169158935547 25.5654163360596 25.6724166870117 25.5611667633057 25.6167507171631 25.3530826568604 25.3166656494141 25.3842086791992 25.2857074737549 25.3108329772949 25.4706249237061 25.3759155273438 25.0304584503174 25.0687923431396 25.3093757629395 25.3596248626709 25.7415008544922 25.7619171142578 25.7698745727539 25.7393741607666
26.0720405578613 26.1462497711182 26.1690406799316 26.1354579925537 26.0427494049072 25.8924179077148 25.697416305542 25.6331653594971 25.6602916717529 25.6001243591309 25.5325012207031 25.4709587097168 25.4227085113525 25.2589168548584 25.248291015625 25.247875213623 25.0426254272461 25.1040420532227 25.1849994659424 25.1455821990967 25.095666885376 25.0374164581299 25.1048336029053 25.1339168548584 25.1258754730225 25.191499710083 25.2485408782959 25.3293342590332 25.3295421600342 25.418041229248 25.3899993896484 25.4029579162598 25.3664588928223 25.5562915802002 25.6723747253418 25.6961669921875 25.5612087249756 25.2912921905518 25.1925010681152 25.369291305542 25.4221668243408 25.4967918395996 25.4124164581299 25.4402503967285 25.209415435791 25.1156253814697 25.3828754425049 25.6011257171631 25.7372493743896 25.5121250152588 25.7146244049072 25.7872505187988
