data/layers/Current/bio9.asc
NCOLS 494 
NROWS 529 
XLLCORNER -117.166666666667 
YLLCORNER -55.5 
CELLSIZE 0.166666666666667 
NODATA_value -3.4e+38 
[rows 207 to 229 of 529, columns 416 to 467 of 494]
26.7452926635742 26.751708984375 26.7540416717529 26.7023334503174 26.6485004425049 26.4484176635742 26.4680824279785 26.4845008850098 26.5434169769287 26.7169990539551 26.8343734741211 26.7415409088135 26.6982498168945 26.6097507476807 26.7424583435059 26.9017505645752 26.8779582977295 26.7963333129883 26.9093742370605 27.0077495574951 27.1444435119629 -3.4e+38 -3.4e+38 -3.4e+38 -3.4e+38 -3.4e+38 -3.4e+38 -3.4e+38 -3.4e+38 -3.4e+38 -3.4e+38 -3.4e+38 -3.4e+38 -3.4e+38 -3.4e+38 -3.4e+38 -3.4e+38 -3.4e+38 -3.4e+38 -3.4e+38 -3.4e+38 -3.4e+38 -3.4e+38 -3.4e+38 -3.4e+38 -3.4e+38 -3.4e+38 -3.4e+38 -3.4e+38 -3.4e+38 -3.4e+38 -3.4e+38
26.7319583892822 26.8287506103516 26.7255821228027 26.6672496795654 26.5474586486816 26.4196243286133 26.4269580841064 26.4002914428711 26.4193344116211 26.7024574279785 26.8190422058105 26.888126373291 26.7678337097168 26.802583694458 26.8595428466797 26.9580841064453 26.8171253204346 26.747709274292 26.8110008239746 26.9897975921631 27.0864582061768 -3.4e+38 -3.4e+38 -3.4e+38 -3.4e+38 -3.4e+38 -3.4e+38 -3.4e+38 -3.4e+38 -3.4e+38 -3.4e+38 -3.4e+38 -3.4e+38 -3.4e+38 -3.4e+38 -3.4e+38 -3.4e+38 -3.4e+38 -3.4e+38 -3.4e+38 -3.4e+38 -3.4e+38 -3.4e+38 -3.4e+38 -3.4e+38 -3.4e+38 -3.4e+38 -3.4e+38 -3.4e+38 -3.4e+38 -3.4e+38 -3.4e+38
26.7434158325195 26.7624168395996 26.677375793457 26.6036262512207 26.4584159851074 26.3902492523193 26.3114166259766 26.3799991607666 26.523250579834 26.664041519165 26.789041519165 26.8544158935547 26.8146667480469 26.7922077178955 26.986499786377 27.0315418243408 26.7771244049072 26.8343334197998 27.0021057128906 26.9604167938232 27.0293617248535 -3.4e+38 -3.4e+38 -3.4e+38 27.5283336639404 27.5469303131104 -3.4e+38 -3.4e+38 -3.4e+38 -3.4e+38 -3.4e+38 -3.4e+38 -3.4e+38 -3.4e+38 -3.4e+38 -3.4e+38 -3.4e+38 -3.4e+38 -3.4e+38 -3.4e+38 -3.4e+38 -3.4e+38 -3.4e+38 -3.4e+38 -3.4e+38 -3.4e+38 -3.4e+38 -3.4e+38 -3.4e+38 -3.4e+38 -3.4e+38 -3.4e+38
26.2499580383301 26.5616245269775 26.5717926025391 26.5136260986328 26.4247093200684 26.435209274292 26.3664588928223 26.4222087860107 26.5363330841064 26.4990005493164 26.6980838775635 26.8440418243408 26.9564170837402 26.9950408935547 27.0128746032715 27.0160007476807 27.0725402832031 27.1239585876465 27.048583984375 26.9753742218018 27.208065032959 27.3851184844971 27.4740867614746 27.529167175293 27.5567016601562 27.6410255432129 27.7221412658691 27.8770523071289 27.9510478973389 28.0202884674072 -3.4e+38 -3.4e+38 -3.4e+38 -3.4e+38 -3.4e+38 -3.4e+38 -3.4e+38 -3.4e+38 -3.4e+38 -3.4e+38 -3.4e+38 -3.4e+38 -3.4e+38 -3.4e+38 -3.4e+38 -3.4e+38 -3.4e+38 -3.4e+38 -3.4e+38 -3.4e+38 -3.4e+38 -3.4e+38
26.2457504272461 26.2740001678467 26.3598327636719 26.4042091369629 26.353666305542 26.3190422058105 26.3742504119873 26.4589576721191 26.4739990234375 26.3087921142578 26.4567489624023 26.765625 26.9565830230713 26.9958763122559 26.9836673736572 26.9029159545898 27.0731239318848 26.996208190918 27.1070003509521 27.2509574890137 27.4372501373291 27.476957321167 27.5438766479492 27.5269985198975 27.665563583374 27.7905559539795 27.834285736084 27.9845409393311 27.9797496795654 27.9829788208008 28.1026077270508 28.206111907959 -3.4e+38 -3.4e+38 -3.4e+38 -3.4e+38 -3.4e+38 -3.4e+38 -3.4e+38 -3.4e+38 -3.4e+38 -3.4e+38 -3.4e+38 -3.4e+38 -3.4e+38 -3.4e+38 -3.4e+38 -3.4e+38 -3.4e+38 -3.4e+38 -3.4e+38 -3.4e+38
26.2202491760254 26.2230415344238 26.3795413970947 26.2957077026367 26.3193759918213 26.308292388916 26.5622501373291 26.4611663818359 26.3920421600342 26.4161243438721 26.3635005950928 26.6650829315186 26.9307079315186 27.0415000915527 27.0139999389648 26.9774169921875 27.0437088012695 27.1199169158936 27.3577919006348 27.3689994812012 27.3987083435059 27.4078559875488 27.4581031799316 27.5427913665771 27.6750831604004 27.7929573059082 27.840124130249 27.8587913513184 27.96266746521 28.0544586181641 27.8584156036377 27.9698066711426 27.953088760376 27.8752956390381 27.8081645965576 27.8601989746094 28.0078220367432 -3.4e+38 -3.4e+38 -3.4e+38 -3.4e+38 -3.4e+38 -3.4e+38 28.2307014465332 28.1912822723389 28.0514488220215 27.7666664123535 -3.4e+38 -3.4e+38 -3.4e+38 -3.4e+38 -3.4e+38
26.308708190918 26.168041229248 26.1141242980957 26.2220001220703 26.175666809082 26.2140426635742 26.351541519165 26.4789161682129 26.4341659545898 26.3788757324219 26.4486656188965 26.6617088317871 27.0437088012695 27.0896244049072 27.0046253204346 27.0599994659424 27.0954990386963 27.2767906188965 27.5616245269775 27.4314575195312 27.5717506408691 27.5795001983643 27.5385417938232 27.6495418548584 27.7376670837402 27.7732086181641 27.819709777832 27.8251247406006 27.6482086181641 27.8107490539551 27.8229160308838 27.7742080688477 27.7226676940918 27.6884288787842 27.7672920227051 27.9074172973633 27.997631072998 28.0065479278564 28.0456218719482 28.0574607849121 28.1347541809082 28.1446113586426 28.1230392456055 28.1157894134521 28.0467491149902 27.9269161224365 27.8340969085693 28.0257530212402 27.9088535308838 -3.4e+38 -3.4e+38 -3.4e+38
26.2277908325195 26.0786247253418 26.1070003509521 25.9177093505859 26.1367073059082 26.0775833129883 26.3229179382324 26.2957916259766 26.1361675262451 26.19704246521 26.3389587402344 26.4870414733887 26.7478332519531 26.7661666870117 26.785041809082 27.1635837554932 27.3644161224365 27.5406665802002 27.7848339080811 27.7098350524902 27.886417388916 27.7078742980957 27.6388740539551 27.7640838623047 27.7569999694824 27.8033752441406 27.5370826721191 27.5458335876465 27.613208770752 27.6321678161621 27.6984577178955 27.6045837402344 27.5936660766602 27.5563335418701 27.6128749847412 27.7743320465088 27.6113338470459 27.6834583282471 27.8445415496826 27.8877925872803 27.7719573974609 27.8592071533203 28.0765838623047 28.011417388916 27.8239593505859 27.691333770752 27.5902500152588 27.3567085266113 27.6513366699219 27.5430660247803 27.4631309509277 -3.4e+38
26.1197090148926 26.0587921142578 25.9257926940918 25.8493747711182 25.8294582366943 26.3469581604004 26.4378337860107 26.3094577789307 26.2222080230713 26.4610824584961 26.5009994506836 26.6263332366943 26.7932090759277 26.9388332366943 26.9929580688477 27.1495418548584 27.3311653137207 27.5400829315186 27.59375 27.6661243438721 27.5829582214355 27.5443344116211 27.5324592590332 27.8330421447754 27.5308742523193 27.4375419616699 27.5553340911865 27.5362510681152 27.6267490386963 27.6767921447754 27.6715412139893 27.5831260681152 27.4983749389648 27.6410827636719 27.7352504730225 27.7392501831055 27.3721237182617 27.2498741149902 27.3040008544922 26.9500827789307 27.064624786377 27.6245422363281 27.8691253662109 27.8662910461426 27.8291664123535 27.3440837860107 27.7775421142578 27.3713340759277 27.1444988250732 27.3235416412354 27.2376708984375 27.1747035980225
26.031042098999 25.8967914581299 25.9369583129883 26.1913757324219 26.1555004119873 26.1068325042725 26.3311672210693 26.1510410308838 26.2784576416016 26.535249710083 26.6294174194336 26.7705421447754 26.8878746032715 26.9876651763916 27.1113338470459 27.2805423736572 27.4172916412354 27.5619163513184 27.7832088470459 27.7042083740234 27.6957092285156 27.7801246643066 27.6197509765625 27.779167175293 27.6412086486816 27.539457321167 27.6574573516846 27.6946258544922 27.7613754272461 27.6969585418701 27.6959171295166 27.7003746032715 27.8759994506836 27.8915424346924 27.6313743591309 27.7687492370605 27.1940841674805 26.7360420227051 25.5824584960938 25.0862503051758 25.7004585266113 26.4669170379639 27.5506248474121 27.2268333435059 27.214750289917 27.4056663513184 27.3305416107178 27.4429588317871 27.2044162750244 26.7329177856445 27.0319175720215 26.8812503814697
26.0510406494141 25.8657073974609 26.0060844421387 26.0786666870117 26.1432495117188 26.0104579925537 25.7958755493164 26.0867080688477 26.3777923583984 26.5548324584961 26.7353324890137 26.9130001068115 27.0004577636719 27.0823745727539 27.2699584960938 27.4329166412354 27.5161247253418 27.702917098999 27.8666248321533 27.8194160461426 27.3346672058105 27.873291015625 27.6744575500488 27.9652919769287 27.9101657867432 27.7667503356934 27.6461658477783 27.7219581604004 27.7929153442383 27.8261260986328 27.8218746185303 27.9124984741211 27.8116664886475 27.9280414581299 27.7549591064453 27.8972911834717 27.1749172210693 26.6856250762939 25.787166595459 23.6091251373291 23.8089160919189 25.617748260498 27.2521667480469 25.6260833740234 24.6401252746582 27.3102073669434 27.1226253509521 27.0884170532227 26.0392913818359 24.2935009002686 26.5155410766602 26.8020839691162
26.1428737640381 26.0541667938232 26.2006244659424 26.0894584655762 26.0889587402344 25.8537921905518 25.4848327636719 25.6703338623047 26.1348342895508 26.4085426330566 26.7142086029053 26.9223327636719 27.0379161834717 27.1557502746582 27.3199157714844 27.5310001373291 27.7013320922852 27.4282493591309 27.5340824127197 27.502124786377 27.4846668243408 27.4644584655762 28.0105419158936 27.9274997711182 27.9406242370605 27.9131660461426 27.9244575500488 27.7990417480469 27.9047088623047 27.8439998626709 28.0227088928223 27.9067916870117 27.7696666717529 27.6897087097168 27.8777503967285 28.1166667938232 27.558708190918 26.9201259613037 26.4411239624023 24.5672912597656 22.7494163513184 24.0362911224365 26.9146671295166 26.845458984375 26.7793750762939 27.0134162902832 26.7889995574951 26.6219997406006 26.2891674041748 25.6072082519531 26.6234169006348 26.8545417785645
26.0939998626709 25.992000579834 25.9424171447754 25.9422912597656 26.0264987945557 25.6200408935547 25.3210830688477 25.4139175415039 25.5972080230713 26.1357498168945 26.5932502746582 26.7981262207031 27.1165008544922 27.2215423583984 27.39670753479 27.6517086029053 27.3728332519531 27.6478748321533 27.7362079620361 27.8099174499512 27.6649169921875 27.644832611084 28.2414588928223 28.0302085876465 28.0657501220703 27.7753753662109 27.8253326416016 27.8622512817383 27.7818336486816 27.9214992523193 28.1140403747559 27.8698329925537 27.6111679077148 27.8900833129883 28.0755004882812 28.154333114624 27.7667083740234 27.3722076416016 26.9213752746582 25.7450828552246 23.0014171600342 22.5379161834717 26.6030426025391 27.0765419006348 27.0707492828369 26.7785415649414 26.7014999389648 26.5513763427734 26.0065002441406 26.0881252288818 26.2250823974609 26.3718338012695
26.0114574432373 25.894832611084 26.1219997406006 26.0630836486816 25.7718334197998 25.3528327941895 25.4977073669434 25.6330833435059 26.0080413818359 26.019832611084 25.8665409088135 26.3551254272461 26.589542388916 27.2338752746582 27.4808330535889 27.203540802002 27.5724582672119 27.7642498016357 27.9161243438721 27.9146671295166 27.7477073669434 27.7317504882812 27.519416809082 27.9800415039062 27.8814163208008 27.9516258239746 27.8157501220703 27.957124710083 27.8626670837402 28.2110843658447 27.9720420837402 27.779125213623 27.7249603271484 27.9712905883789 27.6000423431396 27.6770839691162 27.2178325653076 27.5914993286133 27.1166248321533 26.6455421447754 23.6518325805664 22.107458114624 24.713207244873 26.5289173126221 26.9429168701172 26.8037490844727 26.3991260528564 25.8086242675781 25.0597915649414 25.9005012512207 26.0931663513184 26.2530002593994
25.814582824707 25.920166015625 26.1321258544922 25.7899589538574 25.4671249389648 25.4927082061768 25.5991668701172 25.9202919006348 25.8500823974609 25.527250289917 25.842041015625 26.1724166870117 26.4358749389648 26.6175003051758 27.0214157104492 27.84987449646 27.5894584655762 27.8981666564941 28.0508346557617 27.8674583435059 27.7014999389648 27.5347099304199 27.3759994506836 28.1525001525879 27.904541015625 27.9995422363281 27.9871673583984 27.9342918395996 27.9817924499512 28.2060832977295 28.036958694458 27.7716255187988 27.8377075195312 28.005500793457 27.6661243438721 27.3491668701172 27.0212097167969 27.0786666870117 27.0980834960938 26.6119174957275 23.7162914276123 22.816125869751 22.9196662902832 26.5349159240723 26.7611656188965 26.6284580230713 26.3501663208008 25.8829154968262 24.9362087249756 25.7329578399658 25.83766746521 26.1766242980957
25.6630001068115 26.0032081604004 26.1325416564941 25.5669574737549 25.6729583740234 25.9088745117188 25.8959999084473 25.7308330535889 25.7275428771973 25.4134998321533 25.4302082061768 25.878791809082 26.0414581298828 26.1882915496826 26.8246250152588 27.2455406188965 27.4957084655762 27.7683334350586 27.8571243286133 27.7746238708496 27.5574588775635 27.3985004425049 27.2058753967285 27.4658336639404 28.230375289917 28.1544589996338 27.9705009460449 27.7829170227051 27.9787921905518 28.2264995574951 28.1722927093506 27.9521255493164 28.0028762817383 27.9371662139893 27.5715408325195 26.642126083374 26.2074584960938 24.8247489929199 24.433292388916 25.3040828704834 24.1809997558594 23.5957088470459 24.4712924957275 26.5292091369629 26.5658340454102 26.3560829162598 25.9993743896484 25.642126083374 24.5602912902832 24.1277503967285 25.7057495117188 25.8179588317871
25.6627922058105 25.8678321838379 26.080249786377 25.578125 25.6056251525879 25.8568344116211 25.5194988250732 25.4549579620361 25.5716247558594 25.1665000915527 25.3956260681152 25.9251251220703 25.7175827026367 25.7244167327881 26.5772914886475 27.0277500152588 27.2475414276123 27.5620422363281 27.627082824707 27.7078742980957 27.4782085418701 27.2212505340576 27.3716659545898 27.2883338928223 27.357666015625 27.402042388916 27.05641746521 26.8265838623047 26.8565826416016 27.1958332061768 27.377124786377 27.0439167022705 27.1822910308838 27.988166809082 26.7793750762939 26.5237083435059 25.953540802002 25.0715827941895 24.7501659393311 25.4599571228027 25.1798324584961 23.3776664733887 24.9286251068115 26.1964168548584 25.9750423431396 25.5867500305176 25.5379581451416 25.0347499847412 24.0486259460449 24.2999172210693 25.2749176025391 26.2283325195312
25.4177074432373 25.5379581451416 25.7207508087158 25.1969165802002 25.3816261291504 25.4115409851074 24.8620834350586 25.1206665039062 25.013500213623 24.79079246521 25.3764572143555 25.7098331451416 25.3032493591309 25.8430404663086 26.4465827941895 26.4775829315186 26.7137069702148 27.2432498931885 27.3684158325195 27.5320415496826 27.2433757781982 27.2442073822021 27.1933326721191 27.1827926635742 27.0533332824707 27.4006252288818 27.1646251678467 26.9804992675781 27.0503349304199 27.2994594573975 27.2831249237061 27.064582824707 27.0218753814697 27.1269588470459 26.9534168243408 26.4685001373291 25.7257499694824 25.3218746185303 25.5202503204346 25.8848743438721 25.4274158477783 23.1539573669434 25.4712924957275 25.8015823364258 25.8190422058105 24.8340835571289 23.4240417480469 24.0910835266113 25.1282081604004 25.7267074584961 25.6734580993652 26.0243339538574
25.2938327789307 25.2979583740234 25.6649169921875 25.1350841522217 25.152416229248 25.3431663513184 24.8920841217041 24.9560832977295 24.5971660614014 24.490083694458 25.0501670837402 25.4414176940918 25.6123752593994 26.138500213623 26.14670753479 26.1509590148926 26.3906669616699 26.9634590148926 27.2310829162598 27.3637924194336 27.081916809082 27.0913753509521 27.1065826416016 26.9776668548584 26.8737506866455 27.1719169616699 27.0314998626709 26.9484996795654 27.2168750762939 27.4795417785645 27.357292175293 26.839542388916 26.7550430297852 26.8942909240723 26.9823741912842 26.7072925567627 25.9304161071777 25.8607501983643 25.9547500610352 26.3309173583984 25.5389175415039 23.9785842895508 25.9163341522217 25.771541595459 25.6004161834717 24.794958114624 24.5136241912842 24.9017505645752 25.8642921447754 26.3812503814697 26.6044998168945 26.4755840301514
25.5022087097168 25.247875213623 25.3168754577637 25.0521659851074 25.1905002593994 25.3490829467773 24.9613342285156 24.6369590759277 24.375 24.6910839080811 24.8803749084473 25.5540428161621 25.9429588317871 25.9966259002686 25.8278331756592 25.9544582366943 26.4290828704834 26.8468742370605 27.0031661987305 27.2542495727539 26.9086666107178 26.9761257171631 27.0216674804688 26.8024997711182 26.8559989929199 26.9814167022705 26.9711246490479 26.8649578094482 26.8282489776611 27.4562911987305 27.6146240234375 26.7699165344238 26.7328338623047 26.6609592437744 26.7014579772949 26.4750003814697 26.1380424499512 26.2179164886475 25.9963760375977 26.4055843353271 25.7710838317871 25.2495422363281 26.2213325500488 25.974250793457 25.6537914276123 25.6892509460449 24.8822078704834 25.4287090301514 26.5797080993652 26.9106254577637 27.1189155578613 26.6030426025391
26.0658760070801 25.8544578552246 25.4480819702148 24.8778343200684 25.0821666717529 25.2305011749268 24.8482074737549 24.458667755127 24.474250793457 24.6690406799316 24.8983745574951 25.2958755493164 25.7084999084473 25.6579170227051 25.5339584350586 25.9899997711182 26.5384159088135 26.5682506561279 26.9500827789307 27.0909576416016 27.0085411071777 26.8199577331543 26.9152908325195 26.8442497253418 26.9123344421387 26.8344573974609 26.7596244812012 26.697208404541 26.6062088012695 27.0734577178955 27.3412494659424 27.0985832214355 27.073917388916 26.8304176330566 26.412166595459 26.5871677398682 26.4502906799316 25.9004173278809 25.2861671447754 25.7297496795654 24.6052913665771 24.3034172058105 25.9977493286133 26.0284156799316 25.7726669311523 26.0128746032715 25.5761661529541 25.4903755187988 26.1047496795654 26.7516250610352 27.4028739929199 27.6357498168945
26.1040420532227 26.1025409698486 25.9073753356934 25.3562927246094 24.8892078399658 25.043249130249 24.7296257019043 24.5917510986328 24.7800827026367 24.8831672668457 25.3372077941895 25.2161254882812 25.0410423278809 25.8530826568604 25.9656658172607 26.2194156646729 26.4875411987305 26.5126667022705 26.7312908172607 26.771541595459 25.8645839691162 26.7042503356934 26.7664165496826 26.8800411224365 26.6601257324219 26.6594581604004 26.5649166107178 26.4810829162598 26.72825050354 27.269832611084 26.9756259918213 27.101749420166 27.0228328704834 26.8244590759277 26.6938743591309 26.8395404815674 26.4230842590332 25.9612922668457 25.2353343963623 25.0164585113525 24.19700050354 23.6611251831055 25.716625213623 25.8585834503174 25.8008327484131 25.6955833435059 25.1722507476807 24.7512912750244 24.7902088165283 26.6445007324219 27.550708770752 27.8549575805664
25.6977500915527 25.8232917785645 25.9293327331543 25.3271255493164 24.7978744506836 24.8681659698486 24.7768325805664 24.7896671295166 25.0092086791992 25.2382926940918 25.2177085876465 25.0020008087158 25.0208740234375 25.0429573059082 26.0496673583984 26.2541675567627 26.3502502441406 26.3607501983643 26.4760837554932 25.6620407104492 25.5566253662109 25.6696662902832 26.5437908172607 26.6998748779297 26.6724166870117 26.6786251068115 26.5714588165283 26.4454174041748 27.0451240539551 26.8685836791992 26.3968753814697 26.8163757324219 27.0885829925537 27.0323753356934 27.0458335876465 26.7249584197998 26.2749176025391 25.6359996795654 24.8790416717529 24.8232498168945 23.5780830383301 23.7444171905518 25.5987491607666 25.6218338012695 25.6964168548584 25.6992073059082 25.1521663665771 25.6259994506836 25.773250579834 27.2113742828369 27.7859992980957 27.6765422821045
