data/layers/Current/bio9.asc
NCOLS 494 
NROWS 529 
XLLCORNER -117.166666666667 
YLLCORNER -55.5 
CELLSIZE 0.166666666666667 
NODATA_value -3.4e+38 
[rows 345 to 367 of 529, columns 312 to 363 of 494]
12.9125413894653 12.8910827636719 11.8522920608521 13.2780828475952 14.4120416641235 15.2340831756592 15.5936670303345 15.8793745040894 16.015625 16.1045837402344 16.2134170532227 16.2750835418701 16.382625579834 16.4773750305176 16.6117916107178 16.7172927856445 16.8281669616699 16.8793754577637 16.9215412139893 16.9367084503174 16.9678745269775 17.0286674499512 17.1140823364258 17.1603336334229 17.2565002441406 17.3038330078125 17.3702507019043 17.4390411376953 17.5043334960938 17.554708480835 17.6079177856445 17.680082321167 17.7175827026367 17.7827091217041 17.8826656341553 17.9564170837402 18.0584583282471 18.1968326568604 19.4737911224365 19.5437088012695 19.5435829162598 19.4959583282471 19.4789161682129 19.4693336486816 19.4702911376953 19.4873752593994 19.5250415802002 19.5450420379639 19.5903739929199 19.6284999847412 19.6290416717529 18.798376083374
13.0946664810181 12.7931251525879 13.0565414428711 13.9827499389648 14.6521253585815 15.2326250076294 15.496166229248 15.7005414962769 17.7591667175293 15.9517078399658 16.0767498016357 16.179708480835 16.2672500610352 16.3913745880127 16.5473327636719 16.6605834960938 16.7612495422363 16.8469581604004 16.8750839233398 16.894458770752 16.8930416107178 16.9234161376953 17.0270004272461 17.1031246185303 17.1377506256104 17.1907081604004 17.2354583740234 17.2784156799316 17.3553333282471 17.4109592437744 17.474666595459 17.5435009002686 17.611291885376 17.6788330078125 17.7488746643066 17.8582077026367 17.9884166717529 18.1523323059082 18.269624710083 18.2332077026367 18.1459999084473 18.0654163360596 18.0918750762939 19.2555828094482 18.2709159851074 18.3975830078125 18.4509162902832 18.4106254577637 18.4127922058105 18.5226249694824 18.5794582366943 18.5484161376953
11.746000289917 13.3338747024536 13.3469171524048 14.3194580078125 14.6237087249756 14.9559164047241 17.3193340301514 15.6017913818359 17.6268749237061 17.7502498626709 17.839958190918 16.0942077636719 18.0421676635742 16.3474159240723 16.5054588317871 16.6011657714844 16.7202091217041 16.8055000305176 16.8536243438721 16.8523330688477 16.873291015625 16.9037075042725 16.9509582519531 17.0239162445068 17.0687923431396 17.1027088165283 17.1169166564941 17.1577491760254 17.1995410919189 17.2572498321533 17.3096656799316 17.3863334655762 17.4857501983643 17.5708751678467 17.6625423431396 17.7524585723877 17.8455009460449 17.9776248931885 18.0485000610352 18.0392913818359 17.9703330993652 17.9192504882812 17.9159164428711 18.0243339538574 18.14674949646 18.2597923278809 18.2722072601318 17.9827079772949 18.1374588012695 18.1424579620361 18.3167495727539 18.3587913513184
11.294792175293 15.1905002593994 15.8746671676636 14.2060413360596 16.0710830688477 14.7544164657593 17.2146244049072 17.4124164581299 17.5496253967285 17.74049949646 17.8043746948242 16.056791305542 16.1935424804688 16.3131656646729 16.4397506713867 16.5572090148926 16.6645832061768 16.7545833587646 16.8222923278809 16.8224582672119 16.8383331298828 16.8592910766602 16.8642501831055 16.9287910461426 16.9680004119873 16.9898338317871 16.9999160766602 17.0189590454102 17.0702075958252 17.0998344421387 17.1840419769287 17.2593326568604 17.3438339233398 17.4402503967285 17.519416809082 17.6036243438721 17.6867504119873 17.7647075653076 17.8326244354248 17.8430423736572 17.8237075805664 17.8156242370605 17.8264579772949 17.8854160308838 17.9967079162598 18.0317077636719 17.839542388916 17.9272918701172 17.4809589385986 17.7484588623047 18.0011672973633 19.0091667175293
11.3651247024536 15.1394166946411 15.6157083511353 15.7280836105347 15.6224584579468 16.5673751831055 15.1018333435059 15.4044580459595 17.4716243743896 17.6712913513184 17.7655830383301 16.0362911224365 16.1499176025391 16.2916660308838 16.4189987182617 16.5609588623047 16.6450424194336 16.7275409698486 16.7996253967285 16.8104991912842 16.824125289917 16.8389167785645 16.8411674499512 16.8540840148926 16.859790802002 16.8787078857422 16.8565006256104 16.8730010986328 16.9182510375977 16.9677925109863 17.0459995269775 17.1187496185303 17.1931247711182 17.2819576263428 17.3617496490479 17.4325828552246 17.496208190918 17.5623741149902 17.6109580993652 17.6569995880127 17.6789169311523 17.6923751831055 17.7063751220703 17.7443752288818 17.8174591064453 17.8410415649414 17.7640419006348 17.7557907104492 17.3571243286133 18.2425003051758 18.5560836791992 18.707332611084
12.5582914352417 14.95920753479 15.4998331069946 13.9347085952759 14.1906251907349 14.6906671524048 15.0076665878296 15.3190422058105 15.5164165496826 15.6918334960938 15.8527088165283 15.9897918701172 16.1359577178955 16.2877502441406 16.4263324737549 16.5318336486816 16.6515007019043 16.7200832366943 16.7329998016357 16.7644577026367 16.7934589385986 16.8115005493164 16.7735404968262 16.7433338165283 16.7543334960938 16.7592506408691 16.7670001983643 16.7321662902832 16.7727508544922 16.8379592895508 16.9063339233398 16.9607925415039 17.0477504730225 17.1317081451416 17.1871662139893 17.2474174499512 17.3151245117188 17.3737506866455 17.4324169158936 17.4745826721191 17.5150833129883 17.5326251983643 17.5533332824707 17.6042919158936 17.6361255645752 17.5994167327881 17.5681247711182 18.4566249847412 18.482458114624 18.2452087402344 18.3549175262451 18.5131664276123
13.0425415039062 14.1950836181641 15.2654581069946 13.9816665649414 14.2102088928223 14.6304168701172 14.9257917404175 15.231333732605 15.4432077407837 15.6545000076294 15.7945003509521 15.9806671142578 16.138916015625 16.2531661987305 16.4046669006348 16.5182075500488 16.5989990234375 16.694917678833 16.7458343505859 16.77512550354 16.771541595459 16.7402076721191 16.706916809082 16.6752490997314 16.6385822296143 16.61549949646 16.6429576873779 16.6655826568604 16.6550426483154 16.7215423583984 16.7886238098145 16.8428745269775 16.8964576721191 16.9842090606689 17.0380840301514 17.0890007019043 17.1487503051758 17.210958480835 17.2674579620361 17.3120002746582 17.3384170532227 17.3559589385986 17.4102077484131 17.4663753509521 17.4689178466797 17.4645004272461 18.3689575195312 18.1610832214355 18.1275424957275 17.9669589996338 17.9080829620361 17.4387092590332
13.1414165496826 11.0394163131714 13.0528745651245 13.9461250305176 14.2452917098999 14.6125421524048 14.8561248779297 15.1132507324219 15.3841667175293 15.5777502059937 15.7714996337891 15.9585418701172 16.1136245727539 16.2735004425049 16.394458770752 16.4698333740234 16.5639171600342 16.6608753204346 16.7206249237061 18.4069995880127 16.7994174957275 16.7264575958252 16.6597499847412 16.5990829467773 16.5490837097168 16.4927501678467 16.482666015625 16.5330829620361 16.5695838928223 16.6082077026367 16.6475830078125 16.7025413513184 16.7465000152588 16.8303337097168 16.882999420166 16.9280834197998 16.9782085418701 17.0503330230713 17.1028747558594 17.1458320617676 17.1893329620361 17.2252502441406 17.2935409545898 17.3137073516846 17.3084583282471 17.3396663665771 17.3556251525879 18.0265407562256 18.1079998016357 18.0890846252441 17.9959163665771 17.3472919464111
12.2492084503174 13.6942081451416 13.4088745117188 13.8935832977295 14.2942085266113 14.5134162902832 14.7800827026367 15.0203742980957 15.2938747406006 15.4887504577637 15.7023324966431 15.894458770752 16.0943336486816 16.2467079162598 16.3852500915527 16.4115829467773 16.5252494812012 16.5957927703857 16.6868324279785 16.7571258544922 16.7493743896484 16.6694164276123 16.5553741455078 16.5112075805664 16.4554996490479 16.4037094116211 16.3660831451416 16.4274997711182 16.4764156341553 16.4983329772949 16.533374786377 16.5539169311523 16.615291595459 16.6648750305176 16.7289161682129 16.7762908935547 16.8237075805664 16.88450050354 16.9309158325195 16.9787921905518 17.0332088470459 17.0965423583984 17.1389999389648 17.1184577941895 17.1644172668457 17.2197093963623 17.2600002288818 17.0832500457764 17.1378326416016 18.1525840759277 17.2216243743896 17.2654991149902
14.0016250610352 12.2027912139893 15.2631664276123 13.8927917480469 14.2155418395996 14.4989585876465 14.6996250152588 14.9281253814697 15.1922082901001 15.4114170074463 15.6324577331543 15.8510837554932 16.0400009155273 16.2214164733887 16.3089160919189 16.3166656494141 16.3847503662109 16.4919586181641 16.5062503814697 16.6154174804688 16.6083755493164 16.5171661376953 16.4812507629395 16.4138336181641 16.3529167175293 16.2971668243408 16.3014163970947 16.3089160919189 16.3499584197998 16.3846664428711 16.4044589996338 16.4319171905518 16.4695415496826 16.5045413970947 16.5618743896484 16.6205825805664 16.6671676635742 16.7156658172607 16.7775821685791 16.8286247253418 16.8999176025391 16.9850006103516 16.9735832214355 17.0408325195312 17.0877494812012 17.1189994812012 17.1362075805664 17.1022911071777 17.1438751220703 17.1592082977295 17.1696243286133 17.1782913208008
14.7346668243408 13.1217498779297 15.5192918777466 13.9174995422363 14.236499786377 14.4991254806519 14.6437082290649 14.8418750762939 15.0593328475952 15.3149585723877 15.5561666488647 15.7390003204346 15.9265832901001 16.1142921447754 16.1776657104492 16.2056255340576 16.2623329162598 16.3538341522217 16.3477916717529 16.4117908477783 16.294958114624 16.3647499084473 16.3279571533203 16.3071670532227 16.2499580383301 16.2062091827393 16.2043743133545 16.2237510681152 16.2351665496826 16.2515830993652 16.2943744659424 16.3078327178955 16.3333320617676 16.3585414886475 16.3929996490479 16.4674167633057 16.5141658782959 16.5681247711182 16.6279163360596 16.6850414276123 16.7699584960938 16.8660411834717 16.8899574279785 16.9207077026367 16.9377498626709 16.9751243591309 17.0044994354248 17.0439586639404 16.9932918548584 17.029125213623 17.0807075500488 17.1035423278809
13.5126667022705 13.5233745574951 15.6952505111694 15.916916847229 14.2731256484985 14.4444580078125 14.6002492904663 14.7699165344238 14.9853754043579 15.2034578323364 15.3715000152588 15.5698747634888 15.7753753662109 15.8947916030884 15.9733333587646 16.0160007476807 16.0953330993652 16.1728324890137 16.1667919158936 16.1951675415039 16.0948333740234 16.201208114624 16.1590003967285 16.1528739929199 16.1395835876465 16.0952911376953 16.0978336334229 16.119499206543 16.1429576873779 16.1419162750244 16.1627922058105 16.1729164123535 16.1891670227051 16.1883335113525 16.2499160766602 16.2933750152588 16.3391246795654 16.3959999084473 16.4629173278809 16.5534591674805 16.654541015625 16.7322082519531 16.755708694458 16.7870826721191 16.8113327026367 16.831750869751 16.8584156036377 16.892915725708 16.7807502746582 16.7754592895508 16.9137496948242 16.984167098999
13.5610418319702 13.5680418014526 13.8091249465942 15.8354997634888 14.1785831451416 14.3424997329712 14.5447082519531 14.7065000534058 14.91100025177 15.0941667556763 15.2173328399658 15.420708656311 15.6270418167114 15.734582901001 15.7914581298828 15.8536252975464 15.9608335494995 16.0133743286133 15.8972911834717 15.9910411834717 15.9177913665771 16.0223331451416 15.996000289917 15.9772911071777 15.9815006256104 15.939624786377 15.9330005645752 15.9587917327881 15.9702501296997 15.9948329925537 16.010082244873 16.031457901001 16.0405426025391 16.0566673278809 16.1049995422363 16.1458339691162 16.1799583435059 16.2383327484131 16.3127918243408 16.411958694458 16.5125827789307 16.5758323669434 16.6202087402344 16.6579170227051 16.6827907562256 16.7133750915527 16.7500419616699 16.7754592895508 16.69704246521 16.6066246032715 16.6763343811035 16.828540802002
13.6091251373291 13.5902080535889 13.7148752212524 14.0064582824707 14.0757913589478 14.2817916870117 14.4722499847412 14.6145000457764 14.7930002212524 14.9657497406006 15.0857076644897 15.2490835189819 15.4376668930054 15.4863748550415 15.6073751449585 15.6741666793823 15.7006254196167 15.7148752212524 15.6868753433228 15.7838754653931 15.7032079696655 15.8346672058105 15.842583656311 15.8391666412354 15.8332920074463 15.7636251449585 15.7579584121704 15.7732086181641 15.763708114624 15.8106660842896 15.8468332290649 15.8672924041748 15.8754997253418 15.9047498703003 15.9553337097168 15.9978332519531 16.0303325653076 16.0691661834717 16.1708335876465 16.2845840454102 16.3647499084473 16.4257907867432 16.484790802002 16.5225830078125 16.5675411224365 16.6073322296143 16.6609992980957 16.6856250762939 16.6817073822021 16.6310424804688 16.59716796875 16.6780414581299
13.6096668243408 13.5881252288818 13.653416633606 13.848708152771 13.9106254577637 14.180624961853 14.3566246032715 14.5260419845581 14.6694583892822 14.8304996490479 14.9520416259766 15.0992088317871 15.2482500076294 15.3027076721191 15.3710832595825 15.4667081832886 15.5303335189819 15.5716247558594 15.5388746261597 15.5915832519531 15.5612916946411 15.6166248321533 15.6614999771118 15.6691665649414 15.6532497406006 15.5779581069946 15.5704164505005 15.5920829772949 15.6102914810181 15.6460418701172 15.6770839691162 15.7015419006348 15.7202501296997 15.7567501068115 15.7929582595825 15.84850025177 15.8757085800171 15.9259996414185 16.0165824890137 16.1350421905518 16.2313747406006 16.2923336029053 16.351749420166 16.42795753479 16.4745826721191 16.515209197998 16.5518341064453 16.5699996948242 16.5742073059082 16.5844573974609 16.6186676025391 16.6492919921875
13.5747919082642 13.6112499237061 13.6960000991821 13.7445001602173 13.8118753433228 14.0202913284302 14.1840829849243 14.3664579391479 14.5238332748413 14.6828746795654 14.8373336791992 14.9412498474121 15.0486249923706 15.1108751296997 15.1500415802002 15.2675838470459 15.3055000305176 15.3482913970947 15.3539581298828 15.3700408935547 15.4565410614014 15.47825050354 15.4831666946411 15.4920835494995 15.4575834274292 15.4041662216187 15.3700008392334 15.3807916641235 15.4151248931885 15.456958770752 15.5089998245239 15.5153751373291 15.5849170684814 15.6084585189819 15.632791519165 15.6709585189819 15.7173337936401 15.8106250762939 15.8889999389648 15.9270839691162 15.9960832595825 16.073917388916 16.1337089538574 16.2033748626709 16.2743759155273 16.3696670532227 16.4225826263428 16.4641666412354 16.5017910003662 16.535249710083 16.589958190918 16.6762084960938
13.5995836257935 13.5950412750244 13.5303745269775 13.5602502822876 13.7068748474121 13.8434162139893 14.0331249237061 14.2457914352417 14.4066247940063 14.570333480835 14.667875289917 14.7991247177124 14.8966245651245 14.9595832824707 14.9967079162598 15.0617084503174 15.1390829086304 15.1997089385986 15.1593332290649 15.1892910003662 15.3058748245239 15.3398342132568 15.3134164810181 15.3194589614868 15.2855834960938 15.2403745651245 15.2100839614868 15.1964998245239 15.2553329467773 15.3071250915527 15.3565006256104 15.4030418395996 15.4449996948242 15.4829998016357 15.4957494735718 15.529333114624 15.5727500915527 15.6431665420532 15.6842088699341 15.7589168548584 15.8345003128052 15.9137916564941 15.9808330535889 16.0479164123535 16.1065406799316 16.1726665496826 16.2237510681152 16.2498340606689 16.3034172058105 16.3693332672119 16.4232501983643 16.4205837249756
13.4837083816528 13.3398332595825 13.2117500305176 13.4310417175293 13.5651245117188 13.7797498703003 13.8794164657593 14.1204166412354 14.3094167709351 14.41237449646 14.5134582519531 14.6052503585815 14.7142505645752 14.7963333129883 14.8379163742065 14.8802499771118 14.9704170227051 15.0173330307007 14.9992084503174 15.028208732605 15.0637502670288 15.1492500305176 15.1759166717529 15.1534996032715 15.1326675415039 15.1140003204346 15.0657081604004 15.0671672821045 15.119499206543 15.1786670684814 15.2339162826538 15.2905836105347 15.3254585266113 15.3703336715698 15.4060001373291 15.4455003738403 15.501916885376 15.5699577331543 15.5980415344238 15.6366662979126 15.7176666259766 15.7920417785645 15.8547086715698 15.9229583740234 16.01220703125 16.0804996490479 16.1002082824707 16.1214580535889 16.169750213623 16.1916255950928 16.2317085266113 16.2411251068115
13.2513751983643 13.002124786377 12.8659162521362 13.1869583129883 13.4833335876465 13.6956253051758 13.8518333435059 14.0384578704834 14.1895418167114 14.2541246414185 14.371000289917 14.4582920074463 14.5452499389648 14.6040830612183 14.6485004425049 14.72825050354 14.8147077560425 14.8396663665771 14.910249710083 14.9271249771118 14.8997497558594 14.974666595459 15.0091667175293 14.9942083358765 14.9766664505005 14.9534997940063 14.9465417861938 14.9543333053589 15.0001249313354 15.0675830841064 15.1163749694824 15.1897916793823 15.2016248703003 15.28600025177 15.3290004730225 15.4121246337891 15.4816665649414 15.5617504119873 15.5260410308838 15.5468330383301 15.592999458313 15.658332824707 15.7243747711182 15.7950420379639 15.8569583892822 15.9014167785645 15.9437084197998 15.9883327484131 16.0160007476807 16.0472087860107 16.0800838470459 16.0748748779297
13.0302085876465 12.7904586791992 12.8959999084473 13.2104997634888 13.4480829238892 13.6733331680298 13.8544998168945 13.9683752059937 14.0804166793823 14.1888751983643 14.2493753433228 14.3502502441406 14.4082918167114 14.4349584579468 14.5227918624878 14.5570001602173 14.6817083358765 14.7025003433228 14.7451667785645 14.7964992523193 14.8164587020874 14.8377914428711 14.8410415649414 14.8384580612183 14.8351249694824 14.8331241607666 14.8330001831055 14.8545417785645 14.8902082443237 14.9320001602173 15.0235414505005 15.078125 15.123083114624 15.1744165420532 15.2392501831055 15.3535833358765 15.4780826568604 15.5108327865601 15.4385004043579 15.4572086334229 15.5051250457764 15.5614585876465 15.5922918319702 15.6466665267944 15.6957502365112 15.7378330230713 15.7863330841064 15.8130416870117 15.8617496490479 15.8807497024536 15.891583442688 15.8504581451416
12.842583656311 12.8217916488647 13.0228328704834 13.3409585952759 13.5784997940063 13.7580413818359 13.8802919387817 13.9912080764771 14.0355415344238 14.1140003204346 14.1653747558594 14.2296657562256 14.2784996032715 14.3152503967285 14.3898754119873 14.4030418395996 14.4458332061768 14.5558338165283 14.6005830764771 14.6248750686646 14.6821250915527 14.6939163208008 14.6929588317871 14.6874580383301 14.7049999237061 14.6955003738403 14.7079582214355 14.7384166717529 14.784125328064 14.823166847229 14.8820838928223 14.9622077941895 15.0284576416016 15.0908327102661 15.1884164810181 15.3172082901001 15.4676666259766 15.4035415649414 15.3720836639404 15.3870000839233 15.4177503585815 15.4400415420532 15.4755001068115 15.5237083435059 15.5589580535889 15.6145420074463 15.6466665267944 15.6784582138062 15.6969995498657 15.715874671936 15.7053747177124 15.7086658477783
12.9944162368774 13.0248336791992 13.1661243438721 13.4742918014526 13.6790418624878 13.8668327331543 13.9233331680298 13.9699993133545 14.027416229248 14.0424575805664 14.0764579772949 14.1071252822876 14.1548748016357 14.2270002365112 14.242166519165 14.2799167633057 14.316499710083 14.3619585037231 14.4439163208008 14.4570837020874 14.4792499542236 14.5393333435059 14.5201253890991 14.5357503890991 14.5576667785645 14.5716247558594 14.5970001220703 14.640625 14.6602087020874 14.7259998321533 14.7729587554932 14.8384590148926 14.925666809082 14.9984998703003 15.127124786377 15.2808332443237 15.4295835494995 15.3219995498657 15.2965002059937 15.3058338165283 15.3052921295166 15.3339996337891 15.3674163818359 15.3892917633057 15.4356670379639 15.4757499694824 15.4854583740234 15.5241670608521 15.5402917861938 15.5120830535889 15.5220413208008 15.5621252059937
13.218542098999 13.227499961853 13.2840414047241 13.5148334503174 13.7593746185303 13.9436664581299 13.9817495346069 13.9486665725708 13.9534587860107 13.9873332977295 13.9880418777466 14.0019588470459 14.0155830383301 14.0770416259766 14.1111249923706 14.1236667633057 14.179874420166 14.240291595459 14.2735004425049 14.2858333587646 14.3149166107178 14.3685417175293 14.3974170684814 14.4092502593994 14.4340829849243 14.4565000534058 14.474666595459 14.5183744430542 14.5511665344238 14.6174163818359 14.6776666641235 14.7145004272461 14.817042350769 14.914083480835 15.0344161987305 15.2169170379639 15.3336248397827 15.2345418930054 15.2060832977295 15.1895418167114 15.1877918243408 15.1961660385132 15.1919584274292 15.2462921142578 15.2681665420532 15.2972087860107 15.2925834655762 15.2919578552246 15.3137083053589 15.3222913742065 15.3673334121704 15.4050827026367
