data/layers/Current/bio9.asc
NCOLS 494 
NROWS 529 
XLLCORNER -117.166666666667 
YLLCORNER -55.5 
CELLSIZE 0.166666666666667 
NODATA_value -3.4e+38 
[rows 161 to 183 of 529, columns 312 to 363 of 494]
22.7067489624023 24.8737487792969 25.7322082519531 25.7274589538574 25.6774997711182 25.6842918395996 25.6638336181641 25.0510406494141 23.0799999237061 23.8101253509521 24.3786659240723 25.4422912597656 25.6512908935547 25.171501159668 24.1260414123535 23.1287078857422 24.1051254272461 24.1485004425049 22.5090827941895 22.0476245880127 20.8434162139893 20.6036243438721 20.6630420684814 20.9827499389648 22.3519172668457 22.7500419616699 22.5270004272461 23.376708984375 23.2760410308838 22.6330833435059 21.5997085571289 23.6782493591309 26.4452495574951 26.7958335876465 26.8815841674805 26.7882080078125 26.6867904663086 26.890625 26.976541519165 27.2382488250732 27.2156677246094 27.2192916870117 27.4156246185303 27.6857490539551 27.8013763427734 27.8611259460449 27.7962493896484 27.8827495574951 27.8209571838379 27.8656253814697 27.8710403442383 27.8214588165283
23.8349590301514 25.3563327789307 25.7838745117188 25.8390426635742 25.7755832672119 25.7455406188965 24.7689170837402 25.4514999389648 25.6830406188965 25.6151256561279 25.2290000915527 25.6018333435059 25.6745834350586 25.4377918243408 24.9688339233398 24.5679588317871 24.3244590759277 23.5310001373291 22.6907920837402 22.3397922515869 21.6031665802002 20.9156665802002 20.9747924804688 21.5862503051758 21.8520412445068 22.4865417480469 22.9495410919189 22.9225006103516 23.4214172363281 22.6030006408691 21.8195838928223 22.3417911529541 24.5816669464111 26.674165725708 26.8448333740234 26.8883743286133 26.9145011901855 26.949499130249 25.5855007171631 27.2292499542236 27.2259998321533 27.2958755493164 27.5773754119873 27.7849159240723 27.8764171600342 27.9002914428711 27.8109169006348 27.8440837860107 27.804708480835 27.8200836181641 27.7883338928223 27.8168334960938
22.7927074432373 25.3604583740234 25.7525825500488 25.8414173126221 25.8692092895508 25.7219581604004 25.2482089996338 25.552791595459 25.5537090301514 25.6845817565918 25.7164993286133 25.717248916626 25.7832489013672 25.6669998168945 25.734375 25.5653324127197 23.5817489624023 22.0941677093506 19.7447509765625 22.2326240539551 21.9941673278809 21.3545837402344 21.0685005187988 21.6454162597656 20.609375 21.021541595459 23.3046245574951 23.1240844726562 23.3667087554932 22.390832901001 21.8525829315186 21.8533744812012 23.2737922668457 24.1485404968262 24.8795833587646 26.9418334960938 27.0592918395996 27.1767501831055 27.2932090759277 27.2402496337891 27.2560424804688 27.386833190918 27.667875289917 27.6306667327881 27.7321662902832 27.7419166564941 27.7268753051758 27.8334159851074 27.8873748779297 27.7932090759277 27.7957077026367 27.8202495574951
22.6353740692139 25.2702503204346 25.5767498016357 25.8803749084473 25.7597503662109 25.7566661834717 25.8027496337891 25.7702503204346 25.5894165039062 25.3025417327881 25.7089157104492 25.7350006103516 25.8044166564941 25.7321243286133 25.7325839996338 25.2884998321533 24.9809169769287 20.1865425109863 19.2797088623047 22.5123329162598 22.2427921295166 21.896541595459 22.2396659851074 21.786958694458 21.5427913665771 20.3931674957275 19.9699172973633 21.6127910614014 22.1856250762939 20.7823753356934 20.9432907104492 21.6698341369629 22.8177089691162 23.4602928161621 23.753625869751 24.5476245880127 26.6489582061768 27.1610412597656 27.1940841674805 27.1351661682129 27.2598743438721 27.4263744354248 27.6354160308838 27.5923328399658 27.6354160308838 27.6506252288818 27.7016677856445 27.8703746795654 27.7933330535889 27.6966667175293 27.7223320007324 27.714750289917
24.03737449646 25.3985424041748 25.5244178771973 25.3802928924561 25.2065410614014 25.8740425109863 25.6345405578613 25.4685821533203 25.6649169921875 25.705415725708 25.5086250305176 25.392749786377 25.6980819702148 25.6084175109863 25.6238346099854 25.5178756713867 25.1332912445068 24.2310428619385 22.6147499084473 23.5324172973633 23.0746669769287 22.2355003356934 22.1959590911865 22.0168323516846 22.1078338623047 20.9362087249756 20.1103324890137 20.3777923583984 21.5863342285156 19.8759994506836 20.6263332366943 21.5049171447754 22.4749164581299 23.3877086639404 24.5759162902832 23.625 26.7490844726562 26.4105834960938 27.0961246490479 27.1307487487793 27.230749130249 27.5197505950928 27.4604568481445 27.5200424194336 27.5664157867432 27.6660842895508 27.6868743896484 27.8407516479492 27.6787090301514 27.6120414733887 27.6376247406006 27.6681251525879
24.1380405426025 24.3724174499512 25.3442077636719 23.236499786377 22.1911239624023 25.7705421447754 25.5299167633057 24.830041885376 24.6489582061768 25.6650409698486 25.7244167327881 25.6617088317871 25.5708332061768 25.5486259460449 25.2864589691162 25.3619155883789 24.8992080688477 24.3957500457764 23.5297088623047 23.4227085113525 23.2466239929199 23.1888332366943 22.8089580535889 22.6552925109863 21.9732494354248 21.1984577178955 21.3426666259766 21.4699592590332 22.4692077636719 21.0853748321533 21.3575839996338 21.9671249389648 22.437084197998 23.05641746521 22.5655002593994 25.6951675415039 27.0961666107178 27.0475425720215 27.0555419921875 27.2500839233398 27.3789577484131 27.4633750915527 27.4803333282471 27.5940837860107 27.6711673736572 27.6375007629395 27.701623916626 27.642541885376 27.5860424041748 27.6375846862793 27.509708404541 27.4695835113525
25.4148330688477 24.8843326568604 25.396541595459 20.6816253662109 21.5299587249756 24.2693748474121 25.9785003662109 23.8888740539551 24.3296661376953 25.4478740692139 25.0712909698486 25.5990829467773 25.5253753662109 25.5547504425049 25.0575408935547 24.9793739318848 25.2658748626709 24.7470417022705 23.9625835418701 23.2252922058105 22.8802909851074 22.9142074584961 22.3575000762939 21.7241249084473 22.5096664428711 22.1232509613037 22.4071254730225 22.7818756103516 22.8272914886475 23.1598739624023 23.5752487182617 22.7807083129883 22.5522079467773 22.4790000915527 22.6375427246094 26.1240425109863 26.9647922515869 27.30295753479 27.392541885376 27.3497505187988 27.2007503509521 27.2558326721191 27.4405002593994 27.6603336334229 27.5257911682129 27.4947090148926 27.5352916717529 27.4308738708496 27.5272083282471 27.439624786377 26.9029998779297 27.1419162750244
25.9648742675781 25.1096248626709 24.5219993591309 22.9278755187988 21.0276260375977 20.8916244506836 24.2736663818359 25.701042175293 24.6689167022705 24.5185413360596 24.4679584503174 24.6532497406006 25.6195831298828 25.4246253967285 25.4672927856445 24.6532497406006 24.5435409545898 24.5756664276123 23.5869159698486 23.5731658935547 23.2667083740234 22.8996658325195 22.1355419158936 21.6923332214355 22.1231250762939 22.4227085113525 22.3208332061768 22.443416595459 23.5775833129883 24.0492496490479 24.2450828552246 24.216667175293 24.17799949646 24.757999420166 25.8565826416016 27.1165828704834 27.2157497406006 27.3222503662109 27.3732070922852 27.4000415802002 27.0150833129883 27.3374996185303 27.4145412445068 27.563793182373 27.4516658782959 27.4274158477783 27.452917098999 27.3820419311523 27.1053333282471 26.831750869751 26.7449169158936 27.4633331298828
23.7193336486816 23.9531669616699 24.4919586181641 23.4060001373291 23.0379581451416 23.379207611084 25.2228336334229 25.7296676635742 25.113166809082 22.7316665649414 24.1911659240723 24.4113750457764 25.4327907562256 25.3641242980957 25.2596664428711 24.7174587249756 24.272834777832 25.046875 24.5277500152588 24.138916015625 23.9187927246094 23.6027088165283 22.8662090301514 23.4085826873779 23.5792083740234 24.5923748016357 24.6132907867432 25.2674999237061 25.094165802002 25.1978759765625 24.5120010375977 24.7746658325195 25.0324592590332 24.242000579834 24.5684585571289 27.0220413208008 27.2264175415039 27.3794574737549 26.619499206543 27.3484992980957 27.402250289917 27.3926258087158 27.4614582061768 27.5187072753906 27.4118328094482 27.3894996643066 27.2905006408691 27.2262496948242 26.9250831604004 26.783332824707 27.0312080383301 27.4110012054443
22.1164169311523 21.4429588317871 21.7269172668457 23.734582901001 24.2569999694824 24.2773742675781 24.9892501831055 24.9107093811035 25.1403751373291 23.4094581604004 23.9369163513184 24.0007495880127 24.3484172821045 25.2832908630371 25.2542495727539 25.0604591369629 24.8380832672119 24.9309158325195 24.9615840911865 24.7610416412354 24.3704586029053 24.2174587249756 24.8625411987305 25.5310821533203 26.125207901001 26.566499710083 26.300708770752 26.7083740234375 26.4219169616699 25.5751667022705 25.3979587554932 25.2975425720215 25.8024578094482 24.2348747253418 23.9793739318848 25.5336246490479 25.3190422058105 27.3400001525879 26.9762077331543 27.38450050354 27.3901672363281 27.392707824707 27.3736667633057 27.4436664581299 27.3673324584961 27.3079586029053 27.2672920227051 26.8920001983643 26.7989158630371 26.5246238708496 26.9351253509521 27.3901672363281
21.7035007476807 21.8530426025391 21.3451671600342 23.2738342285156 24.1201248168945 24.2939586639404 24.2005844116211 24.8556251525879 25.055290222168 24.0358333587646 23.4473342895508 24.297082901001 24.7122497558594 25.1198749542236 24.6973342895508 24.4719581604004 24.8396663665771 24.6793327331543 24.8049163818359 24.4203338623047 25.2425003051758 25.9446678161621 26.4941673278809 26.938835144043 27.0960006713867 27.294958114624 27.2553329467773 27.4757080078125 27.4002914428711 26.6035003662109 26.4750003814697 25.697416305542 25.3138751983643 25.8772506713867 25.1478748321533 25.0691242218018 26.3034591674805 27.3805828094482 27.4762077331543 27.5302925109863 27.4192905426025 27.3752918243408 27.3775825500488 27.3192081451416 27.2838745117188 27.2659168243408 27.2112503051758 26.9037914276123 26.7027912139893 26.617166519165 27.0275421142578 27.3195419311523
23.2546672821045 22.9211254119873 21.8584575653076 22.5850830078125 23.7882919311523 24.3604164123535 24.1837501525879 24.2252922058105 24.8880424499512 24.3645000457764 24.3477916717529 24.1523742675781 24.9879169464111 24.2951240539551 24.9475841522217 25.6301670074463 25.8595428466797 25.239875793457 25.6692085266113 25.8834571838379 25.8407917022705 26.3776664733887 27.1254177093506 27.3794994354248 27.4869995117188 27.5677909851074 27.5787506103516 27.6638336181641 27.5962505340576 27.2556667327881 26.5632076263428 26.6417922973633 27.1994171142578 27.0197505950928 26.5713329315186 26.717041015625 27.849292755127 27.5833339691162 27.5463752746582 27.4598331451416 27.5039157867432 27.4139575958252 27.3491668701172 27.3936252593994 27.2894172668457 27.161792755127 26.9758338928223 26.8403739929199 26.0944995880127 26.861083984375 26.8986263275146 26.937707901001
23.9685840606689 23.5789585113525 23.1294574737549 23.7577495574951 22.3460826873779 23.5696258544922 24.5911674499512 24.8667087554932 24.8066673278809 25.4043750762939 25.5256252288818 25.4122085571289 23.2707920074463 22.0915832519531 23.2562084197998 25.763500213623 26.0949172973633 25.8787078857422 25.9034576416016 26.1972503662109 25.8467922210693 26.7011661529541 27.4121246337891 27.5180416107178 27.7317085266113 27.7325420379639 27.525749206543 27.7084159851074 27.7301254272461 27.5983753204346 27.5948753356934 27.6017074584961 27.5180835723877 27.4065418243408 27.2120838165283 27.7663745880127 27.6748332977295 27.646167755127 27.5707492828369 27.4159164428711 27.4997081756592 27.3874588012695 27.361873626709 27.3603324890137 27.2613754272461 27.0171661376953 26.7569999694824 26.7122497558594 26.6782493591309 26.4904155731201 26.3658752441406 25.6646251678467
26.3220405578613 23.5723342895508 23.8637924194336 23.286750793457 22.740083694458 24.636625289917 24.7465419769287 25.1067504882812 24.8749160766602 24.6960411071777 25.3988342285156 25.7702503204346 25.464750289917 23.8700828552246 23.8980827331543 25.4187927246094 26.193208694458 26.2183742523193 26.0873756408691 26.5314159393311 26.827709197998 27.2690010070801 27.4117488861084 27.59375 27.7407913208008 27.8345413208008 27.7379169464111 27.8216247558594 27.7395000457764 27.7234172821045 27.6865406036377 27.6724166870117 27.597375869751 27.4505424499512 27.06862449646 26.7302093505859 27.5768756866455 27.5815010070801 27.5302505493164 27.4498329162598 27.3983325958252 27.4604167938232 27.3566246032715 27.2168750762939 27.2822914123535 27.119499206543 26.9557495117188 26.842041015625 26.7362499237061 26.4832916259766 26.6874580383301 26.3864994049072
26.9004993438721 24.7942905426025 23.5980415344238 22.4283752441406 23.6162090301514 25.1428337097168 24.4380416870117 24.7591247558594 25.1319999694824 24.8022079467773 24.9026260375977 25.5544586181641 25.8512077331543 25.6766242980957 25.4766654968262 25.6778755187988 25.3558750152588 26.0745010375977 26.369083404541 26.543041229248 26.6207084655762 27.058874130249 27.3616256713867 27.6877918243408 27.8310432434082 27.8942909240723 27.7784156799316 27.8540000915527 27.8864994049072 27.923583984375 27.6963748931885 27.7379989624023 27.7473335266113 27.1456241607666 26.2463340759277 26.1443748474121 25.9437503814697 27.2999172210693 27.5042915344238 27.4975833892822 27.4011249542236 27.4147491455078 27.2934989929199 27.105541229248 27.0515003204346 27.035041809082 26.8553333282471 26.8323745727539 26.7615833282471 26.6595840454102 26.7594585418701 26.7311248779297
26.935417175293 25.060791015625 23.4759578704834 23.8089580535889 25.5615825653076 23.7425003051758 22.3734169006348 24.6688747406006 25.0520839691162 25.0073757171631 24.9567909240723 25.2594165802002 25.8206672668457 25.8947505950928 25.9187088012695 25.9726257324219 25.9903755187988 25.8877925872803 26.1848754882812 26.2981662750244 26.5470428466797 26.8687915802002 27.2179584503174 27.6426658630371 27.4911670684814 27.7692489624023 28.0232086181641 27.9143753051758 27.9888343811035 27.8254585266113 27.7620830535889 27.8750419616699 26.552583694458 24.113374710083 25.2049160003662 25.0255012512207 24.6305408477783 25.9190826416016 27.3489990234375 27.4685001373291 27.1687088012695 27.0954170227051 26.9806251525879 26.885124206543 26.845832824707 26.8897075653076 26.8017501831055 26.7942504882812 26.8181667327881 26.7492504119873 26.7245826721191 26.6570415496826
27.045166015625 25.8134574890137 25.2585830688477 26.3451671600342 23.9617500305176 22.3201656341553 21.8739166259766 22.88108253479 24.1643753051758 24.5846252441406 24.740291595459 24.7599582672119 25.0824165344238 25.7914161682129 25.8412094116211 25.9165000915527 25.9852504730225 26.0528755187988 26.1176662445068 26.1820411682129 26.4583339691162 26.9556255340576 27.5000839233398 27.5556678771973 27.7672920227051 27.8952922821045 27.9501667022705 27.9856262207031 28.034875869751 27.8873748779297 27.9062080383301 27.7773323059082 27.6397075653076 26.0048332214355 26.2994995117188 26.0429992675781 25.7994174957275 27.2127075195312 27.1738338470459 27.0533332824707 26.7512512207031 26.9567489624023 26.7766246795654 26.6326675415039 26.7062072753906 26.7429580688477 26.7169990539551 26.8470420837402 26.7845420837402 26.6960411071777 26.4688758850098 26.5688323974609
27.101375579834 27.0263748168945 26.8445835113525 26.3637084960938 22.9311676025391 21.6703758239746 21.3123741149902 22.7397079467773 23.8447914123535 24.0709571838379 25.0657920837402 25.3074169158936 25.6931247711182 25.9346656799316 25.9827499389648 25.9730415344238 26.0326671600342 26.0805835723877 26.1056251525879 26.172248840332 26.6633338928223 27.2272071838379 27.4977073669434 27.8935413360596 28.0774173736572 28.0241260528564 28.1215000152588 28.0481262207031 27.8571243286133 27.7436237335205 27.5499992370605 27.8858757019043 27.8379993438721 27.6875839233398 27.4287910461426 27.097583770752 27.4342079162598 27.3122081756592 27.0672912597656 27.0843753814697 26.5499572753906 26.5639572143555 26.5541248321533 26.5967922210693 26.6040840148926 26.7271671295166 26.8000831604004 26.8568344116211 26.8004570007324 26.7392501831055 26.5253753662109 26.5015830993652
27.132625579834 27.0872497558594 26.9557495117188 26.3317089080811 24.7586250305176 22.8759155273438 21.8216247558594 22.7489166259766 23.2861671447754 23.4187507629395 24.3629989624023 25.7095832824707 26.0725002288818 26.101583480835 26.2000827789307 26.2566261291504 26.2842922210693 26.4259166717529 26.5245418548584 26.6846656799316 26.755708694458 27.0863742828369 27.3449993133545 27.5977916717529 27.8887500762939 28.0543327331543 28.1292095184326 27.9972076416016 27.7561664581299 27.6561260223389 27.5228748321533 27.6335411071777 27.6267910003662 27.6046676635742 27.5482082366943 27.2918338775635 27.4654159545898 27.206916809082 27.0752086639404 27.0755424499512 26.6987915039062 26.5692081451416 26.5197086334229 26.6303749084473 26.7186241149902 26.8102912902832 26.8737087249756 26.8410835266113 26.8612079620361 26.8199157714844 26.7461242675781 26.6529998779297
27.0032081604004 26.9984588623047 26.2880001068115 24.5676670074463 24.5529174804688 23.9962501525879 22.2084579467773 22.564624786377 23.2337493896484 23.4776248931885 23.5067920684814 24.294792175293 25.9015007019043 25.8472499847412 26.165958404541 25.7517509460449 25.9840831756592 26.4181671142578 26.6417083740234 26.8847503662109 27.0541667938232 27.168249130249 27.1256675720215 27.3400840759277 27.4665412902832 27.9075012207031 27.7395420074463 27.6732082366943 27.5630836486816 27.5435829162598 27.7283744812012 27.8158340454102 27.6545829772949 27.5261669158936 27.5005416870117 27.0259170532227 27.138916015625 27.1587905883789 27.0214576721191 26.9734172821045 26.5812072753906 26.6109580993652 26.4958744049072 26.8093757629395 26.8996238708496 26.875 26.8784999847412 26.8122081756592 26.8632507324219 26.8639163970947 26.8045406341553 26.5499992370605
27.007791519165 26.923583984375 26.2142486572266 25.0018329620361 25.5414161682129 25.4732494354248 23.6626243591309 22.6119995117188 23.2329578399658 23.4352912902832 23.2792491912842 24.286958694458 25.3603324890137 25.9377918243408 26.0345840454102 26.1866664886475 26.3607501983643 26.5201244354248 26.9145832061768 26.9441261291504 26.9072494506836 27.0665836334229 26.135124206543 27.1179580688477 27.2497501373291 27.7277488708496 27.6929168701172 27.5160007476807 26.6842079162598 26.6358337402344 27.5262908935547 27.6953754425049 27.6170845031738 27.4243335723877 27.3115406036377 26.6215419769287 26.9809169769287 27.00954246521 26.8549156188965 26.7737083435059 26.6281661987305 26.6437492370605 26.5970001220703 26.9501247406006 26.8833332061768 26.8285827636719 26.8960838317871 26.8171653747559 26.7668323516846 26.8653755187988 26.8259162902832 26.6817512512207
26.8526668548584 26.564624786377 26.4559593200684 26.6183338165283 26.4850425720215 26.2366676330566 25.6654167175293 24.7520008087158 24.609167098999 24.4090423583984 23.0650005340576 24.279333114624 25.8678321838379 26.0982913970947 26.1873340606689 26.429874420166 26.5380840301514 26.635082244873 26.7718334197998 26.572416305542 26.9834156036377 27.2685413360596 27.2416667938232 27.4387912750244 27.5402927398682 27.6292495727539 27.5342922210693 27.4513740539551 26.9698753356934 26.4930419921875 27.1822910308838 27.1019172668457 27.4055004119873 27.2468738555908 26.7028751373291 26.1592502593994 26.8007507324219 26.7530822753906 26.7525005340576 26.7119579315186 26.7000007629395 26.6377906799316 26.644458770752 26.6820831298828 26.8540821075439 26.8392505645752 26.8356666564941 26.785249710083 26.6841659545898 26.8154582977295 26.8167495727539 26.7431659698486
26.8504161834717 26.0086669921875 25.2448749542236 25.9139575958252 25.5336666107178 25.4669170379639 25.1864166259766 25.2250003814697 24.8112087249756 24.6646251678467 23.7153339385986 25.3128337860107 26.0799160003662 26.1938743591309 26.3362922668457 26.5736255645752 26.8162078857422 26.7461242675781 26.7503337860107 26.8327083587646 26.9354591369629 27.1765823364258 27.2815418243408 27.478666305542 27.5959587097168 27.4301662445068 26.997917175293 27.3040008544922 27.0190010070801 26.7028751373291 27.0304584503174 26.8922920227051 27.0237083435059 26.5692920684814 26.209041595459 26.1035003662109 26.8490409851074 26.794584274292 26.7488746643066 26.6605415344238 26.6673336029053 26.6202087402344 26.685791015625 26.929500579834 26.8735847473145 26.8760414123535 26.7808742523193 26.6240005493164 26.6161251068115 26.6964168548584 26.7299156188965 26.5952091217041
