data/layers/Current/bio9.asc
NCOLS 494 
NROWS 529 
XLLCORNER -117.166666666667 
YLLCORNER -55.5 
CELLSIZE 0.166666666666667 
NODATA_value -3.4e+38 
[rows 483 to 505 of 529, columns 260 to 311 of 494]
5.08998203277588 7.11208629608154 6.32499980926514 5.26897668838501 4.35645818710327 4.66050004959106 -0.882916629314423 0.331708312034607 -0.893083333969116 -0.641666650772095 0.462916642427444 9.73079204559326 7.70745849609375 8.80916690826416 9.93829154968262 11.0641250610352 9.81900024414062 10.7834997177124 10.920916557312 12.2047910690308 12.8122501373291 12.5329580307007 13.674750328064 13.4845409393311 13.4163751602173 13.2829580307007 13.5057916641235 13.8463745117188 13.4010829925537 14.4996671676636 15.5411243438721 16.0130825042725 16.2215843200684 16.3579158782959 16.5089168548584 14.4078330993652 14.2044162750244 11.2838745117188 11.1335000991821 11.0188331604004 10.6994171142578 10.704083442688 10.4954166412354 10.3983755111694 10.424750328064 10.4635419845581 10.1710004806519 10.0699300765991 9.86136341094971 -3.4e+38 -3.4e+38 -3.4e+38
3.37132835388184 6.76639032363892 5.23509359359741 5.91283464431763 6.29608345031738 5.82149982452393 4.82379150390625 0.349958300590515 0.0995833501219749 -0.876250028610229 -1.1010000705719 0.655041694641113 1.5248749256134 10.9689588546753 11.7244997024536 11.5579166412354 10.7754163742065 11.0964164733887 10.9326667785645 12.6614999771118 14.5858335494995 14.0282497406006 13.785249710083 13.9341249465942 13.4357080459595 12.7758750915527 13.0888748168945 13.7384996414185 14.2599582672119 15.0250835418701 15.3225831985474 15.7127504348755 16.0474586486816 16.154167175293 16.1717491149902 16.0123329162598 13.8109588623047 11.0490417480469 11.1726245880127 11.0256252288818 10.6729164123535 10.6838750839233 10.4771251678467 10.495041847229 10.460958480835 10.3646249771118 10.2911901473999 10.2161407470703 -3.4e+38 -3.4e+38 -3.4e+38 -3.4e+38
1.92599999904633 3.08775043487549 6.80645132064819 7.17657089233398 6.1897087097168 0.474458336830139 4.59841680526733 1.42983329296112 0.987291634082794 8.81262493133545 -1.10141670703888 9.35525035858154 10.8039999008179 11.2376251220703 11.4747505187988 12.1821670532227 10.6117916107178 10.762749671936 11.1108751296997 11.4810829162598 10.9732084274292 13.3990001678467 14.0348749160767 13.8254165649414 13.2790002822876 13.0222501754761 13.2335004806519 13.6872501373291 13.9994583129883 14.7331247329712 13.4241666793823 15.690541267395 15.799916267395 13.9368333816528 13.8999166488647 13.7822504043579 11.0062913894653 10.9524164199829 10.9303331375122 11.1024169921875 10.8590831756592 10.7312088012695 10.678750038147 10.7156667709351 10.5301303863525 10.3671426773071 10.2666664123535 -3.4e+38 -3.4e+38 -3.4e+38 -3.4e+38 -3.4e+38
1.90670824050903 -0.0492083244025707 -0.828041613101959 1.70120823383331 4.23379182815552 6.12133312225342 0.754000008106232 9.32991695404053 -0.755291700363159 0.397416681051254 10.2977914810181 10.3352499008179 9.71616649627686 8.80291652679443 9.65679168701172 10.835958480835 11.4420003890991 10.7074584960938 11.339750289917 12.0136661529541 11.714958190918 12.5126247406006 12.6832914352417 13.9642496109009 13.5354166030884 13.2017917633057 13.6605834960938 14.204291343689 14.7817916870117 13.3656663894653 15.6906661987305 15.806791305542 15.6760416030884 13.7515420913696 11.0670413970947 10.9903335571289 10.9631671905518 10.935417175293 10.9182910919189 10.9122915267944 10.8884992599487 10.8347082138062 10.7331876754761 10.6652212142944 10.4400501251221 -3.4e+38 -3.4e+38 -3.4e+38 -3.4e+38 -3.4e+38 -3.4e+38 -3.4e+38
0.386875003576279 -1.24733340740204 -2.00145840644836 -1.86887490749359 0.264874964952469 -0.0739583149552345 6.01720857620239 6.06949996948242 -1.37879168987274 -1.96762502193451 8.22133350372314 -1.33399999141693 -2.11929178237915 7.49920845031738 9.31066703796387 10.5024585723877 11.2104167938232 11.7765417098999 11.201958656311 12.1235418319702 11.1935834884644 12.7233333587646 12.9396667480469 11.7139167785645 12.0980415344238 11.8371667861938 12.1614999771118 12.94225025177 13.5793752670288 13.717791557312 13.7066249847412 13.747917175293 13.6540832519531 11.0044164657593 10.9940414428711 10.990083694458 10.9999580383301 10.9812498092651 10.9479999542236 10.9290418624878 10.9883193969727 10.7550659179688 10.731481552124 -3.4e+38 -3.4e+38 -3.4e+38 -3.4e+38 -3.4e+38 -3.4e+38 -3.4e+38 -3.4e+38 -3.4e+38
-0.00616669654846191 -2.25445818901062 -3.47399997711182 -2.66050004959106 3.67712497711182 6.574791431427 6.13866662979126 8.93520832061768 4.59579181671143 -1.59612500667572 -2.40587496757507 7.08987474441528 8.72237491607666 9.34949970245361 10.7934169769287 11.8505830764771 11.6042499542236 11.9575414657593 11.6713752746582 12.2243747711182 12.2862920761108 12.5144996643066 12.249792098999 12.2702913284302 12.7652921676636 12.7041254043579 12.7998752593994 13.3776664733887 13.5119171142578 13.4066247940063 10.7722501754761 10.8324584960938 10.8826246261597 10.8568744659424 10.729416847229 10.7782917022705 10.6870002746582 10.7049169540405 10.8232088088989 10.8902063369751 10.9626121520996 -3.4e+38 -3.4e+38 -3.4e+38 -3.4e+38 -3.4e+38 -3.4e+38 -3.4e+38 -3.4e+38 -3.4e+38 -3.4e+38 -3.4e+38
0.244750022888184 -2.28370833396912 -2.32404160499573 -1.29458332061768 5.4475417137146 5.2962498664856 9.05049991607666 10.7329168319702 11.3765830993652 9.97412490844727 6.34924983978271 8.34016704559326 9.47862529754639 11.6496667861938 12.4684581756592 11.3905420303345 11.7000827789307 11.4230833053589 12.8873748779297 12.3355836868286 11.1346664428711 12.8676671981812 11.7642498016357 11.8081245422363 9.45004177093506 12.5609998703003 12.9995832443237 10.319375038147 10.4010829925537 10.4401664733887 10.5148754119873 10.583083152771 10.5524578094482 10.6421661376953 10.3964586257935 10.3883333206177 10.4999580383301 10.6845178604126 10.8711223602295 11.0944442749023 -3.4e+38 -3.4e+38 -3.4e+38 -3.4e+38 -3.4e+38 -3.4e+38 -3.4e+38 -3.4e+38 -3.4e+38 -3.4e+38 -3.4e+38 -3.4e+38
1.62950003147125 -3.0678334236145 -3.21054172515869 -1.68270838260651 -0.137208342552185 3.80458331108093 6.52245855331421 8.74604225158691 11.3505420684814 11.8419170379639 10.1821670532227 9.8216667175293 8.823166847229 9.76741695404053 11.4435005187988 12.5067081451416 11.5248746871948 10.804708480835 12.6187086105347 11.9226245880127 12.4428749084473 12.8392915725708 9.68100070953369 12.0822505950928 9.54170799255371 9.37787532806396 9.82937526702881 10.1236667633057 10.1389169692993 10.3179578781128 10.2367496490479 10.1684160232544 10.3784160614014 10.2944993972778 10.3596668243408 10.6907920837402 8.38712501525879 8.42643642425537 -3.4e+38 -3.4e+38 -3.4e+38 -3.4e+38 -3.4e+38 -3.4e+38 -3.4e+38 -3.4e+38 -3.4e+38 -3.4e+38 -3.4e+38 -3.4e+38 -3.4e+38 -3.4e+38
0.0733750239014626 -2.44924998283386 -6.03670835494995 -1.27141666412354 -1.02720832824707 8.85404205322266 6.41920852661133 6.16945838928223 8.85700035095215 9.23266696929932 11.2135000228882 12.593542098999 10.9342079162598 10.6139583587646 11.1560831069946 8.52229118347168 11.6191253662109 11.7385416030884 11.9267501831055 9.5530834197998 9.6693754196167 12.5617504119873 9.94762516021729 10.1424999237061 10.0356245040894 9.87612533569336 9.84000015258789 9.63700008392334 9.58104228973389 9.64320850372314 9.71320819854736 9.71370887756348 9.91754150390625 10.0493755340576 9.82887554168701 10.2975416183472 8.14623069763184 10.7591753005981 -3.4e+38 -3.4e+38 -3.4e+38 -3.4e+38 -3.4e+38 -3.4e+38 -3.4e+38 -3.4e+38 -3.4e+38 -3.4e+38 -3.4e+38 -3.4e+38 -3.4e+38 -3.4e+38
0.435987800359726 -3.33441662788391 -4.80262517929077 0.477791637182236 2.68458342552185 10.0799169540405 11.2677917480469 9.22454166412354 6.50433349609375 7.88066673278809 9.99558353424072 10.7112913131714 12.3599996566772 12.1300830841064 11.7976665496826 11.3455829620361 11.9265003204346 12.1322917938232 9.31962490081787 9.42866611480713 9.5736665725708 9.78654193878174 9.963791847229 10.125 10.2903747558594 10.3196668624878 10.3034172058105 10.4939584732056 10.2017078399658 10.0123329162598 9.83891677856445 10.0559997558594 10.371208190918 7.76670837402344 10.7688331604004 10.5562496185303 7.99617052078247 8.01133346557617 -3.4e+38 -3.4e+38 -3.4e+38 -3.4e+38 -3.4e+38 -3.4e+38 -3.4e+38 -3.4e+38 -3.4e+38 -3.4e+38 -3.4e+38 -3.4e+38 -3.4e+38 -3.4e+38
0.787695169448853 -3.29641675949097 -3.15945839881897 -0.502166569232941 3.61929178237915 10.2427082061768 11.377124786377 11.6486663818359 11.609375 11.5016670227051 10.9479999542236 10.9603748321533 11.6926250457764 12.6843748092651 11.4297504425049 11.6880836486816 9.32254123687744 9.45916652679443 9.54158306121826 9.61054134368896 9.72833347320557 9.90333366394043 9.90112495422363 10.1045837402344 10.2363328933716 10.3304586410522 10.3397912979126 7.28508377075195 10.3655834197998 10.3849582672119 10.2959995269775 10.4905414581299 10.9687080383301 10.8697500228882 7.33716678619385 7.53191661834717 7.61644840240479 -3.4e+38 -3.4e+38 -3.4e+38 -3.4e+38 -3.4e+38 -3.4e+38 -3.4e+38 -3.4e+38 -3.4e+38 -3.4e+38 -3.4e+38 -3.4e+38 -3.4e+38 -3.4e+38 -3.4e+38
0.907220602035522 -2.66557240486145 -3.32337498664856 -0.882083356380463 0.372166693210602 3.35716676712036 9.28383350372314 10.6738338470459 10.9316253662109 11.5248746871948 12.0305004119873 12.5847501754761 12.1556663513184 11.9733753204346 11.7379169464111 12.28737449646 8.40741634368896 8.0444164276123 7.41387510299683 7.5180835723877 7.56545829772949 7.68200016021729 8.04379177093506 8.55670833587646 9.18620872497559 9.63437461853027 10.0212917327881 10.1651248931885 9.96691703796387 10.02037525177 10.2158336639404 10.294041633606 10.1169586181641 10.0617923736572 10.0502920150757 7.24762487411499 7.28419303894043 -3.4e+38 -3.4e+38 -3.4e+38 -3.4e+38 -3.4e+38 -3.4e+38 -3.4e+38 -3.4e+38 -3.4e+38 -3.4e+38 -3.4e+38 -3.4e+38 -3.4e+38 -3.4e+38 -3.4e+38
-2.53958868980408 -5.536208152771 -3.26454162597656 2.40925002098083 4.4551248550415 2.13195848464966 8.63500022888184 9.18533325195312 9.83420848846436 11.2132501602173 12.3259172439575 11.568208694458 10.8602085113525 6.32324981689453 9.98033332824707 9.43866729736328 5.57858324050903 6.12641668319702 6.43470811843872 7.05420827865601 7.4807915687561 7.73141670227051 7.88458347320557 8.07087516784668 8.37012481689453 8.77779197692871 6.47858333587646 10.001166343689 6.94016647338867 9.82345867156982 9.8147087097168 9.92954158782959 9.99904155731201 7.04058361053467 7.06799983978271 9.79753589630127 7.07966089248657 -3.4e+38 -3.4e+38 -3.4e+38 -3.4e+38 -3.4e+38 -3.4e+38 -3.4e+38 -3.4e+38 -3.4e+38 -3.4e+38 -3.4e+38 -3.4e+38 -3.4e+38 -3.4e+38 -3.4e+38
-3.21554160118103 -5.60091686248779 -2.70291662216187 6.5147500038147 6.03395795822144 2.6285834312439 8.75170803070068 8.71708297729492 9.72562503814697 10.7264165878296 11.9854583740234 11.3082504272461 10.8257083892822 10.3185834884644 10.1975412368774 9.85391712188721 6.30525016784668 6.99725008010864 7.51749992370605 7.86170864105225 8.15999984741211 8.47062492370605 8.55154132843018 5.77895832061768 9.33695793151855 6.5719165802002 6.61112499237061 9.85183334350586 6.65420818328857 6.41966676712036 6.34554147720337 6.45058345794678 6.70208311080933 9.78233242034912 6.94577121734619 6.97083330154419 -3.4e+38 -3.4e+38 -3.4e+38 -3.4e+38 -3.4e+38 -3.4e+38 -3.4e+38 -3.4e+38 -3.4e+38 -3.4e+38 -3.4e+38 -3.4e+38 -3.4e+38 -3.4e+38 -3.4e+38 -3.4e+38
-1.93091666698456 -4.51670837402344 -4.06045818328857 2.69062495231628 4.98358345031738 10.0357084274292 11.4407081604004 11.4614171981812 11.5223751068115 11.7253751754761 11.9629173278809 12.5198335647583 12.7064580917358 12.777250289917 8.03950023651123 7.60216665267944 7.92433309555054 8.2257080078125 8.15991687774658 8.49891662597656 8.66804122924805 8.98229217529297 5.88633346557617 5.94320821762085 5.76283311843872 8.30500030517578 5.3357081413269 5.42845821380615 5.37774991989136 5.56276512145996 5.83745622634888 6.0451807975769 6.21033334732056 -3.4e+38 -3.4e+38 -3.4e+38 -3.4e+38 -3.4e+38 -3.4e+38 -3.4e+38 -3.4e+38 -3.4e+38 -3.4e+38 -3.4e+38 -3.4e+38 -3.4e+38 -3.4e+38 -3.4e+38 -3.4e+38 -3.4e+38 -3.4e+38 -3.4e+38
0.149118468165398 2.59382200241089 -0.97733336687088 0.70116662979126 5.48395824432373 4.06091690063477 10.5650005340576 10.8194580078125 9.93116664886475 8.87245845794678 8.86766624450684 9.83304214477539 5.73395824432373 5.62604188919067 5.79762506484985 6.35712480545044 6.75770807266235 7.08295822143555 7.3613748550415 7.60062503814697 7.76358366012573 7.84137487411499 7.80304193496704 4.91570854187012 4.98183345794678 5.07849979400635 5.04495859146118 5.01766681671143 5.5288462638855 6.28409099578857 -3.4e+38 -3.4e+38 -3.4e+38 -3.4e+38 -3.4e+38 -3.4e+38 -3.4e+38 -3.4e+38 -3.4e+38 -3.4e+38 -3.4e+38 -3.4e+38 -3.4e+38 -3.4e+38 -3.4e+38 -3.4e+38 -3.4e+38 -3.4e+38 -3.4e+38 -3.4e+38 -3.4e+38 -3.4e+38
2.31154465675354 1.73990046977997 -1.87919843196869 -3.27341651916504 -0.0168750081211329 6.14641666412354 8.36975002288818 6.76816654205322 2.97320818901062 2.92570829391479 6.51512479782104 7.08737516403198 4.61991691589355 5.82320833206177 6.3747501373291 6.77575016021729 7.06762504577637 7.29770851135254 7.54308366775513 7.64412498474121 7.67541646957397 7.71195840835571 4.79383325576782 4.84104156494141 4.8948335647583 5.0884165763855 5.06866645812988 5.43616676330566 6.03860473632812 -3.4e+38 -3.4e+38 -3.4e+38 -3.4e+38 -3.4e+38 -3.4e+38 -3.4e+38 -3.4e+38 -3.4e+38 -3.4e+38 -3.4e+38 -3.4e+38 -3.4e+38 -3.4e+38 -3.4e+38 -3.4e+38 -3.4e+38 -3.4e+38 -3.4e+38 -3.4e+38 -3.4e+38 -3.4e+38 -3.4e+38
0.891292750835419 -1.57694673538208 -2.26960515975952 -2.34074997901917 1.70662498474121 1.23904168605804 4.21462488174438 3.25258326530457 3.31829166412354 1.91737508773804 3.85208320617676 3.55150008201599 4.95254182815552 6.3997917175293 6.77220821380615 7.0421667098999 7.24533319473267 7.44129180908203 7.56308317184448 7.58887481689453 7.60037469863892 4.77941656112671 4.87012481689453 4.8658332824707 4.94250011444092 5.02045869827271 5.06570816040039 5.73066663742065 5.99529933929443 -3.4e+38 -3.4e+38 -3.4e+38 -3.4e+38 -3.4e+38 -3.4e+38 -3.4e+38 -3.4e+38 -3.4e+38 -3.4e+38 -3.4e+38 -3.4e+38 -3.4e+38 -3.4e+38 -3.4e+38 -3.4e+38 -3.4e+38 -3.4e+38 -3.4e+38 -3.4e+38 -3.4e+38 -3.4e+38 -3.4e+38
2.22095084190369 -2.24120831489563 -1.72004175186157 1.51420831680298 1.25770831108093 4.4752082824707 6.79254150390625 6.21212482452393 6.56349992752075 6.98095846176147 6.79883337020874 6.66658353805542 6.51012516021729 6.72149991989136 6.96049976348877 7.1557502746582 7.44537496566772 7.50420808792114 7.6506667137146 7.66441679000854 7.64562511444092 4.84587478637695 4.84579181671143 5.01466655731201 5.18133306503296 5.2120418548584 5.55633354187012 5.77298355102539 5.86037063598633 -3.4e+38 -3.4e+38 -3.4e+38 -3.4e+38 -3.4e+38 -3.4e+38 -3.4e+38 -3.4e+38 -3.4e+38 -3.4e+38 -3.4e+38 -3.4e+38 -3.4e+38 -3.4e+38 -3.4e+38 -3.4e+38 -3.4e+38 -3.4e+38 -3.4e+38 -3.4e+38 -3.4e+38 -3.4e+38 -3.4e+38
4.23666667938232 -1.41295826435089 -1.76537489891052 3.49145841598511 6.28341674804688 6.83391666412354 6.14170837402344 10.7063331604004 6.82058334350586 7.1542501449585 6.84695816040039 6.81279182434082 6.94312477111816 6.98787498474121 6.82291698455811 6.95100021362305 7.22937536239624 7.44908285140991 7.62083339691162 7.89545822143555 5.02687501907349 5.01595830917358 4.98116683959961 5.10583353042603 5.47437524795532 5.62816667556763 5.83877277374268 5.57032632827759 5.44562482833862 -3.4e+38 -3.4e+38 -3.4e+38 -3.4e+38 -3.4e+38 -3.4e+38 -3.4e+38 -3.4e+38 -3.4e+38 -3.4e+38 -3.4e+38 -3.4e+38 -3.4e+38 -3.4e+38 -3.4e+38 -3.4e+38 -3.4e+38 -3.4e+38 -3.4e+38 -3.4e+38 -3.4e+38 -3.4e+38 -3.4e+38
1.84109508991241 0.166373535990715 0.446791619062424 4.16937494277954 4.80379152297974 6.49062490463257 10.4654588699341 10.8447914123535 6.7767915725708 6.21679210662842 5.86908340454102 5.50954151153564 5.60424995422363 5.81154155731201 6.1551251411438 6.60116672515869 6.95679140090942 7.21895837783813 7.38166666030884 7.61837482452393 5.17600011825562 5.05833339691162 4.92741680145264 5.24587488174438 5.61987495422363 5.6607084274292 5.4801664352417 5.32616662979126 5.2552170753479 -3.4e+38 -3.4e+38 -3.4e+38 -3.4e+38 -3.4e+38 -3.4e+38 -3.4e+38 -3.4e+38 -3.4e+38 -3.4e+38 -3.4e+38 -3.4e+38 -3.4e+38 -3.4e+38 -3.4e+38 -3.4e+38 -3.4e+38 -3.4e+38 -3.4e+38 -3.4e+38 -3.4e+38 -3.4e+38 -3.4e+38
2.04900693893433 3.53634691238403 0.879166722297668 3.43601679801941 3.09316778182983 1.68985676765442 5.70674991607666 5.28854179382324 5.78574991226196 5.39879179000854 4.18670845031738 3.98445820808411 4.86783361434937 5.43341636657715 6.04425001144409 6.49545812606812 6.85287523269653 7.12249994277954 7.32025003433228 4.86275005340576 5.04949998855591 5.19904184341431 5.26212501525879 5.38800001144409 5.32245826721191 5.24262523651123 5.22820854187012 5.23712491989136 5.20380830764771 5.34230756759644 -3.4e+38 -3.4e+38 -3.4e+38 -3.4e+38 -3.4e+38 -3.4e+38 -3.4e+38 -3.4e+38 -3.4e+38 -3.4e+38 -3.4e+38 -3.4e+38 -3.4e+38 -3.4e+38 -3.4e+38 -3.4e+38 -3.4e+38 -3.4e+38 -3.4e+38 -3.4e+38 -3.4e+38 -3.4e+38
1.83702182769775 4.1171612739563 2.52323222160339 3.54332399368286 3.28908848762512 2.18457961082458 6.41270112991333 8.94265460968018 5.48099994659424 5.82508325576782 5.04995822906494 4.87645864486694 5.2892918586731 5.58850002288818 5.93420839309692 6.32000017166138 6.62058353424072 6.86250019073486 7.1504168510437 4.72195816040039 4.87245845794678 5.01375007629395 5.13979148864746 5.29608345031738 5.3957085609436 5.34151744842529 5.50369262695312 5.38562679290771 5.28696441650391 5.21553039550781 -3.4e+38 -3.4e+38 -3.4e+38 -3.4e+38 -3.4e+38 -3.4e+38 -3.4e+38 -3.4e+38 -3.4e+38 -3.4e+38 -3.4e+38 -3.4e+38 -3.4e+38 -3.4e+38 -3.4e+38 -3.4e+38 -3.4e+38 -3.4e+38 -3.4e+38 -3.4e+38 -3.4e+38 -3.4e+38
