data/layers/future_layer_mc_126_60/bio11.asc
NCOLS 494 
NROWS 529 
XLLCORNER -117.166666666667 
YLLCORNER -55.5 
CELLSIZE 0.166666666666667 
NODATA_value -3.4e+38 
[rows 360 to 383 of 529, columns 330 to 384 of 494]
16.1000003814697 16.1000003814697 16.2000007629395 16.2000007629395 16.2000007629395 16.2000007629395 16.1000003814697 16 16 16.1000003814697 16.2000007629395 16.2999992370605 16.3999996185303 16.3999996185303 16.3999996185303 16.5 16.5 16.5 16.6000003814697 16.7000007629395 16.7000007629395 16.7000007629395 16.7999992370605 16.8999996185303 17 17 17.1000003814697 17.2000007629395 17.2000007629395 17.2999992370605 17.2999992370605 17.2999992370605 17.3999996185303 17.3999996185303 17.5 17.5 17.2000007629395 17.2999992370605 17.2000007629395 17.1000003814697 17.1000003814697 16.8999996185303 16.5 16.5 16.5 16.3999996185303 16.3999996185303 16.2000007629395 15.8000001907349 15.3999996185303 15 15 14.6999998092651 15 14.8999996185303
15.8999996185303 15.8999996185303 16.1000003814697 16.1000003814697 16 16 15.8999996185303 15.8000001907349 15.8000001907349 15.8999996185303 16 16.1000003814697 16.2000007629395 16.2000007629395 16.2999992370605 16.2999992370605 16.2999992370605 16.3999996185303 16.3999996185303 16.5 16.5 16.6000003814697 16.6000003814697 16.7000007629395 16.7999992370605 16.8999996185303 16.8999996185303 17 17 17 17.1000003814697 17.2000007629395 17.2000007629395 17.2000007629395 17.2000007629395 17.1000003814697 17.1000003814697 16.8999996185303 17 16.7999992370605 16.7000007629395 16.6000003814697 16.3999996185303 16.6000003814697 16.6000003814697 16.5 16.2000007629395 16.1000003814697 15.8000001907349 15.1999998092651 15 14.8999996185303 14.6000003814697 14.8000001907349 15.1000003814697
15.8000001907349 15.8000001907349 15.8000001907349 15.8999996185303 15.8999996185303 15.8999996185303 15.8000001907349 15.6999998092651 15.6999998092651 15.8000001907349 15.8999996185303 16 16.1000003814697 16.1000003814697 16.1000003814697 16.2000007629395 16.2000007629395 16.2999992370605 16.2999992370605 16.3999996185303 16.3999996185303 16.3999996185303 16.5 16.6000003814697 16.7000007629395 16.7000007629395 16.7999992370605 16.8999996185303 16.8999996185303 16.8999996185303 17 17 17 17 16.8999996185303 17 16.8999996185303 16.7999992370605 16.7000007629395 16.7000007629395 16.6000003814697 16.7000007629395 16.7000007629395 16.6000003814697 16.2999992370605 16.2000007629395 16.1000003814697 15.8000001907349 15.8000001907349 15.3000001907349 14.8999996185303 14.6999998092651 14.5 14.6999998092651 15.1000003814697
15.6999998092651 15.6999998092651 15.6999998092651 15.8000001907349 15.8000001907349 15.6999998092651 15.6999998092651 15.6999998092651 15.6999998092651 15.6999998092651 15.8000001907349 15.8999996185303 15.8999996185303 16 16 16.1000003814697 16.2000007629395 16.2000007629395 16.2999992370605 16.3999996185303 16.2999992370605 16.3999996185303 16.3999996185303 16.5 16.5 16.6000003814697 16.7000007629395 16.7000007629395 16.7000007629395 16.7999992370605 16.7999992370605 16.7999992370605 16.7999992370605 16.7999992370605 16.7999992370605 16.7999992370605 16.7000007629395 16.6000003814697 16.7000007629395 16.7000007629395 16.7000007629395 16.7999992370605 16.6000003814697 16.6000003814697 16.2000007629395 15.8999996185303 15.8000001907349 15.6000003814697 15.5 15.1999998092651 14.8999996185303 14.6999998092651 14.6000003814697 14.5 15
15.6000003814697 15.6000003814697 15.6000003814697 15.6999998092651 15.6999998092651 15.6000003814697 15.6000003814697 15.6000003814697 15.6000003814697 15.6000003814697 15.6999998092651 15.8000001907349 15.8000001907349 15.8999996185303 15.8999996185303 16 16 16.2000007629395 16.2999992370605 16.2999992370605 16.2000007629395 16.2999992370605 16.2999992370605 16.3999996185303 16.3999996185303 16.3999996185303 16.5 16.5 16.6000003814697 16.6000003814697 16.6000003814697 16.7000007629395 16.7000007629395 16.6000003814697 16.7000007629395 16.7000007629395 16.6000003814697 16.5 16.6000003814697 16.7000007629395 16.7000007629395 16.6000003814697 16.6000003814697 16.2999992370605 16.2000007629395 15.8999996185303 15.6000003814697 15.3999996185303 15.3000001907349 15.1999998092651 15.1000003814697 14.8000001907349 14.6999998092651 14.5 14.6999998092651
15.3999996185303 15.3999996185303 15.5 15.5 15.5 15.5 15.5 15.5 15.5 15.5 15.6000003814697 15.6000003814697 15.6999998092651 15.8000001907349 15.8000001907349 15.8999996185303 16 16.1000003814697 16.2999992370605 16.2000007629395 16.2000007629395 16.2000007629395 16.2000007629395 16.2000007629395 16.2999992370605 16.2999992370605 16.2999992370605 16.3999996185303 16.3999996185303 16.3999996185303 16.5 16.5 16.5 16.5 16.5 16.5 16.3999996185303 16.5 16.6000003814697 16.5 16.5 16.5 16.2999992370605 16.2000007629395 16.1000003814697 16.1000003814697 15.8999996185303 15.6999998092651 15.6999998092651 15.5 15.3999996185303 15.1000003814697 14.8999996185303 14.6000003814697 14.6000003814697
15.3000001907349 15.3000001907349 15.3000001907349 15.3000001907349 15.3000001907349 15.3000001907349 15.3999996185303 15.3999996185303 15.3999996185303 15.3999996185303 15.3999996185303 15.5 15.6000003814697 15.6000003814697 15.6999998092651 15.8000001907349 15.8999996185303 16.1000003814697 16.2000007629395 16.1000003814697 16.1000003814697 16.1000003814697 16.1000003814697 16.1000003814697 16.2000007629395 16.2000007629395 16.2000007629395 16.2999992370605 16.2999992370605 16.2999992370605 16.2999992370605 16.2999992370605 16.2999992370605 16.2999992370605 16.2999992370605 16.2999992370605 16.2999992370605 16.3999996185303 16.3999996185303 16.3999996185303 16.2999992370605 16.2000007629395 16.2000007629395 16 15.8000001907349 15.8000001907349 15.6999998092651 15.6999998092651 15.6000003814697 15.5 15.1999998092651 15.1000003814697 14.8000001907349 14.8000001907349 14.8000001907349
15.1000003814697 15.1000003814697 15.1000003814697 15.1999998092651 15.1999998092651 15.1999998092651 15.1999998092651 15.1999998092651 15.3000001907349 15.3000001907349 15.3000001907349 15.3999996185303 15.5 15.5 15.6000003814697 15.6999998092651 15.8000001907349 16 16.1000003814697 16 16 16 16 16 16 16 16 16.1000003814697 16.1000003814697 16.1000003814697 16.1000003814697 16.1000003814697 16.1000003814697 16.2000007629395 16.2000007629395 16.2000007629395 16.2999992370605 16.2999992370605 16.2999992370605 16.2000007629395 16.2000007629395 16.1000003814697 16 15.8999996185303 15.8999996185303 15.8000001907349 15.6000003814697 15.3999996185303 15.3999996185303 15.3000001907349 15.1999998092651 15.1000003814697 14.8999996185303 15 14.8999996185303
14.8999996185303 15 15 15 15 15.1000003814697 15.1000003814697 15.1000003814697 15.1000003814697 15.1999998092651 15.1999998092651 15.3000001907349 15.3000001907349 15.3999996185303 15.5 15.6000003814697 15.6999998092651 15.8999996185303 15.8999996185303 15.8000001907349 15.8000001907349 15.8000001907349 15.8000001907349 15.8999996185303 15.8000001907349 15.8000001907349 15.8000001907349 15.8999996185303 15.8000001907349 15.8999996185303 15.8999996185303 15.8999996185303 16 16 16 16.1000003814697 16.1000003814697 16 16 16.1000003814697 16 15.8999996185303 15.8999996185303 15.6999998092651 15.6000003814697 15.6000003814697 15.3999996185303 15.3000001907349 15.1000003814697 15.1000003814697 15 15 15 15 15
14.8000001907349 14.8000001907349 14.8000001907349 14.8999996185303 14.8999996185303 14.8999996185303 14.8999996185303 15 15 15.1000003814697 15.1999998092651 15.1999998092651 15.1999998092651 15.1999998092651 15.3999996185303 15.5 15.6000003814697 15.8000001907349 15.6999998092651 15.6999998092651 15.6999998092651 15.6999998092651 15.8000001907349 15.6999998092651 15.6000003814697 15.6000003814697 15.6999998092651 15.6999998092651 15.6999998092651 15.6999998092651 15.6999998092651 15.6999998092651 15.8000001907349 15.8000001907349 15.8999996185303 15.8999996185303 15.8999996185303 15.8999996185303 15.8000001907349 15.8000001907349 15.6999998092651 15.6000003814697 15.5 15.5 15.3000001907349 15.1999998092651 15.1000003814697 14.8999996185303 14.6000003814697 14.8000001907349 14.8999996185303 15 14.8999996185303 15.1000003814697 15
14.6000003814697 14.6000003814697 14.6999998092651 14.6999998092651 14.6999998092651 14.8000001907349 14.8000001907349 14.8000001907349 14.8999996185303 14.8999996185303 15 15 15 15.1000003814697 15.1999998092651 15.3999996185303 15.5 15.6000003814697 15.6000003814697 15.6000003814697 15.6000003814697 15.6000003814697 15.6000003814697 15.5 15.3999996185303 15.3999996185303 15.5 15.6000003814697 15.6000003814697 15.6000003814697 15.5 15.6000003814697 15.6000003814697 15.6999998092651 15.6999998092651 15.6999998092651 15.6000003814697 15.6000003814697 15.6000003814697 15.5 15.5 15.3000001907349 15.1000003814697 14.8000001907349 14.8999996185303 14.8999996185303 14.8999996185303 14.8999996185303 14.6000003814697 14.6000003814697 14.6999998092651 14.8000001907349 14.8999996185303 15.1000003814697 15
14.3999996185303 14.5 14.5 14.5 14.6000003814697 14.6000003814697 14.6999998092651 14.6999998092651 14.8000001907349 14.8000001907349 14.8000001907349 14.8000001907349 14.8999996185303 15 15.1000003814697 15.3000001907349 15.3999996185303 15.3999996185303 15.3999996185303 15.5 15.5 15.5 15.3999996185303 15.3999996185303 15.3000001907349 15.3000001907349 15.3999996185303 15.5 15.3999996185303 15.3000001907349 15.3000001907349 15.3999996185303 15.5 15.5 15.3999996185303 15.5 15.5 15.3999996185303 15.3999996185303 15.3999996185303 15.3000001907349 15.3000001907349 15.1000003814697 14.6999998092651 14.8999996185303 14.8999996185303 15 14.6999998092651 14.6999998092651 14.6999998092651 14.3999996185303 14.5 14.6000003814697 15 15
14.3000001907349 14.3000001907349 14.3000001907349 14.3999996185303 14.5 14.5 14.5 14.6000003814697 14.6000003814697 14.6999998092651 14.6999998092651 14.6999998092651 14.8000001907349 14.8999996185303 15 15.1999998092651 15.1999998092651 15.1999998092651 15.3000001907349 15.3999996185303 15.3999996185303 15.3000001907349 15.3000001907349 15.3000001907349 15.3000001907349 15.3000001907349 15.3999996185303 15.3000001907349 15.3000001907349 15.1999998092651 15.1999998092651 15.1999998092651 15.3000001907349 15.3000001907349 15.3000001907349 15.3000001907349 15.3000001907349 15.3000001907349 15.3000001907349 15.1999998092651 15.1000003814697 15.1999998092651 14.8999996185303 14.6999998092651 15.1000003814697 15.1999998092651 14.8000001907349 15 14.8999996185303 14.6000003814697 14.3000001907349 14.6000003814697 14.6999998092651 14.8999996185303 14.3999996185303
14.1000003814697 14.1000003814697 14.1999998092651 14.1999998092651 14.3000001907349 14.3999996185303 14.3999996185303 14.5 14.6000003814697 14.6000003814697 14.6000003814697 14.6000003814697 14.6999998092651 14.8000001907349 14.8999996185303 15.1000003814697 15.1000003814697 15.1000003814697 15.1999998092651 15.1999998092651 15.3000001907349 15.3000001907349 15.3000001907349 15.3000001907349 15.3000001907349 15.3999996185303 15.3000001907349 15.3000001907349 15.1999998092651 15.1000003814697 15.1000003814697 15.1000003814697 15.1000003814697 15.1000003814697 15.1000003814697 15 15 15 15 15.1000003814697 15.1999998092651 15.1999998092651 15.1999998092651 15.3000001907349 15.5 15.3999996185303 15.3999996185303 15.3999996185303 15.1999998092651 15 14.6000003814697 14.6999998092651 15.5 15.1999998092651 14.1999998092651
13.8999996185303 13.8999996185303 14 14.1000003814697 14.1999998092651 14.1999998092651 14.3000001907349 14.3000001907349 14.3999996185303 14.5 14.5 14.5 14.6000003814697 14.6999998092651 14.8999996185303 15 14.8999996185303 15 15.1000003814697 15.1000003814697 15.1000003814697 15.1000003814697 15.1999998092651 15.1999998092651 15.3999996185303 15.3999996185303 15.3000001907349 15.1999998092651 15.1000003814697 15 15 14.8999996185303 14.8000001907349 14.8000001907349 14.8999996185303 14.8000001907349 14.8000001907349 14.8000001907349 14.8000001907349 14.8000001907349 14.8999996185303 15 15.1999998092651 15.3000001907349 15.3000001907349 15.3999996185303 15.3999996185303 15.3999996185303 15.5 15.6000003814697 15.6999998092651 15.6000003814697 15.8000001907349 15.8000001907349 15.5
13.6999998092651 13.8000001907349 13.8000001907349 13.8999996185303 14 14.1000003814697 14.1999998092651 14.1999998092651 14.3000001907349 14.3999996185303 14.3999996185303 14.5 14.6000003814697 14.6000003814697 14.8000001907349 14.8999996185303 14.8000001907349 14.8999996185303 14.8999996185303 15 15 15 15.1000003814697 15.1000003814697 15.1999998092651 15.3000001907349 15.1999998092651 15.1000003814697 15 14.8999996185303 14.8000001907349 14.6999998092651 14.6000003814697 14.6000003814697 14.6000003814697 14.6000003814697 14.5 14.5 14.6999998092651 14.6999998092651 14.6000003814697 14.8000001907349 15 15.1999998092651 15.1999998092651 15.1999998092651 15.1999998092651 15.3000001907349 15.5 15.5 15.6000003814697 15.6999998092651 15.6999998092651 15.6999998092651 15.6999998092651
13.6000003814697 13.6000003814697 13.6999998092651 13.6999998092651 13.8000001907349 13.8999996185303 14 14.1000003814697 14.1999998092651 14.3000001907349 14.3000001907349 14.3999996185303 14.6000003814697 14.6000003814697 14.6999998092651 14.8000001907349 14.6999998092651 14.8000001907349 14.8000001907349 14.8000001907349 14.8000001907349 14.8000001907349 14.8999996185303 15 15.1000003814697 15.1000003814697 15.1000003814697 15 14.8999996185303 14.8000001907349 14.6999998092651 14.6999998092651 14.6000003814697 14.5 14.3999996185303 14.3000001907349 14.1999998092651 14.3999996185303 14.5 14.6000003814697 14.6000003814697 14.6000003814697 14.8000001907349 15 15 15.1000003814697 15.1000003814697 15.1999998092651 15.3999996185303 15.5 15.5 15.5 15.5 15.6000003814697 15.5
13.3999996185303 13.3999996185303 13.5 13.6000003814697 13.6000003814697 13.8000001907349 13.8999996185303 14 14.1000003814697 14.1999998092651 14.1999998092651 14.3999996185303 14.5 14.6000003814697 14.6000003814697 14.6999998092651 14.6000003814697 14.6999998092651 14.6000003814697 14.6999998092651 14.6999998092651 14.6999998092651 14.8000001907349 14.8000001907349 14.8999996185303 14.8999996185303 14.8999996185303 14.8999996185303 14.8000001907349 14.6999998092651 14.6000003814697 14.3999996185303 14.3999996185303 14.3999996185303 14.3000001907349 14.1000003814697 14 14.1999998092651 14.3000001907349 14.3999996185303 14.3999996185303 14.3999996185303 14.6000003814697 14.8999996185303 14.8999996185303 15 15 15.1999998092651 15.3000001907349 15.1000003814697 15 15 15.1999998092651 15.3000001907349 15.3000001907349
13.1999998092651 13.1999998092651 13.3000001907349 13.3999996185303 13.5 13.6000003814697 13.6999998092651 13.8999996185303 14 14.1000003814697 14.1999998092651 14.3000001907349 14.5 14.6000003814697 14.6000003814697 14.6999998092651 14.6000003814697 14.5 14.5 14.5 14.6000003814697 14.6000003814697 14.6000003814697 14.6000003814697 14.6999998092651 14.8000001907349 14.8000001907349 14.6999998092651 14.5 14.5 14.3999996185303 14.3000001907349 14.1999998092651 14.1999998092651 14.1999998092651 14.1000003814697 13.8999996185303 13.8000001907349 14.1000003814697 14.1000003814697 14.1000003814697 14.3000001907349 14.6000003814697 14.6999998092651 14.8999996185303 14.8999996185303 15 15 14.8999996185303 14.3999996185303 14.5 14.8000001907349 14.8000001907349 15.1000003814697 15
13 13.1000003814697 13.1000003814697 13.1999998092651 13.3000001907349 13.5 13.6000003814697 13.8000001907349 13.8999996185303 14 14.1000003814697 14.3000001907349 14.3999996185303 14.5 14.6000003814697 14.6000003814697 14.3999996185303 14.3000001907349 14.3000001907349 14.3999996185303 14.3999996185303 14.3999996185303 14.3999996185303 14.3999996185303 14.5 14.6000003814697 14.5 14.3999996185303 14.3000001907349 14.3000001907349 14.1999998092651 14.1000003814697 13.8999996185303 13.8000001907349 13.8999996185303 14 13.8999996185303 13.6999998092651 13.8000001907349 13.8000001907349 14 14.3000001907349 14.5 14.6000003814697 14.6999998092651 14.8000001907349 14.8000001907349 14.6000003814697 14.6000003814697 14.1999998092651 14.1999998092651 14.3999996185303 14.5 15 14.6000003814697
12.8000001907349 12.8999996185303 13 13 13.1999998092651 13.3000001907349 13.5 13.6999998092651 13.8000001907349 13.8999996185303 14 14.1999998092651 14.3000001907349 14.5 14.5 14.3999996185303 14.3000001907349 14.1999998092651 14.1999998092651 14.1999998092651 14.1999998092651 14.1999998092651 14.1999998092651 14.1999998092651 14.3000001907349 14.3999996185303 14.3999996185303 14.3000001907349 14.1000003814697 14 13.8999996185303 13.8999996185303 13.8000001907349 13.6000003814697 13.5 13.8000001907349 13.6999998092651 13.6000003814697 13.3999996185303 13.6000003814697 14 14.1999998092651 14.3000001907349 14.5 14.6000003814697 14.6000003814697 14.6000003814697 14.3999996185303 13.8000001907349 14.1000003814697 14.6000003814697 14.3000001907349 14.5 14.5 14.1999998092651
12.6000003814697 12.6999998092651 12.8000001907349 12.8999996185303 13 13.1999998092651 13.3999996185303 13.6000003814697 13.6999998092651 13.8000001907349 13.8999996185303 14.1000003814697 14.3000001907349 14.3999996185303 14.3000001907349 14.1999998092651 14.1000003814697 14.1000003814697 14 14 14 14 14 14 14.1000003814697 14.3000001907349 14.1999998092651 14.1000003814697 14.1000003814697 14 13.8999996185303 13.6999998092651 13.6000003814697 13.3999996185303 13.3999996185303 13.3000001907349 13.3000001907349 13.3000001907349 13.1999998092651 13.5 13.8000001907349 14 14.1999998092651 14.3000001907349 14.5 14.3999996185303 14.1999998092651 14.1000003814697 13.8999996185303 14.1000003814697 14.3999996185303 14.5 14.5 14.3000001907349 14.5
12.3999996185303 12.5 12.6000003814697 12.6999998092651 12.8000001907349 13.1000003814697 13.1999998092651 13.3999996185303 13.6000003814697 13.6999998092651 13.8000001907349 13.8999996185303 14.1000003814697 14.1999998092651 14 13.8999996185303 13.8999996185303 13.8000001907349 13.8000001907349 13.8000001907349 13.8000001907349 13.8000001907349 13.8000001907349 13.8000001907349 13.8999996185303 14 13.8999996185303 13.8000001907349 13.8999996185303 13.8999996185303 13.8000001907349 13.6999998092651 13.6000003814697 13.5 13.3999996185303 13.3000001907349 13.1000003814697 13 13.3999996185303 13.5 13.6000003814697 13.8000001907349 14 14.1999998092651 14.3000001907349 14.3999996185303 14.1999998092651 13.8999996185303 13.8999996185303 14 13.8999996185303 14.1000003814697 14.3000001907349 14.3000001907349 14.3999996185303
12.1999998092651 12.3000001907349 12.3999996185303 12.5 12.6999998092651 12.8999996185303 13.1000003814697 13.3000001907349 13.3999996185303 13.6000003814697 13.6999998092651 13.8000001907349 13.8999996185303 13.6999998092651 13.6999998092651 13.6999998092651 13.6999998092651 13.6000003814697 13.6000003814697 13.6000003814697 13.6000003814697 13.6000003814697 13.6000003814697 13.6999998092651 13.6999998092651 13.8999996185303 13.6999998092651 13.6000003814697 13.6000003814697 13.6999998092651 13.6999998092651 13.6999998092651 13.5 13.3999996185303 13.1999998092651 12.8999996185303 12.8999996185303 13.3000001907349 13.5 13.3999996185303 13.6000003814697 13.6000003814697 13.6999998092651 13.8999996185303 14.1000003814697 14.1999998092651 14.3000001907349 14.1000003814697 14 13.8999996185303 13.6999998092651 13.8999996185303 14 13.8999996185303 13.8000001907349
