data/layers/future_layer_mc_126_60/bio16.asc
NCOLS 494 
NROWS 529 
XLLCORNER -117.166666666667 
YLLCORNER -55.5 
CELLSIZE 0.166666666666667 
NODATA_value -3.4e+38 
[rows 264 to 287 of 529, columns 324 to 377 of 494]
773.299987792969 775.900024414062 788.299987792969 800.799987792969 824.099975585938 845.400024414062 863.200012207031 880.700012207031 898.700012207031 937.900024414062 964.700012207031 954.400024414062 949.900024414062 947 943.599975585938 940.599975585938 939.900024414062 941.099975585938 939.099975585938 933.599975585938 932.099975585938 926.099975585938 918.200012207031 914.900024414062 917.299987792969 923.599975585938 929.299987792969 932.900024414062 937.900024414062 946.799987792969 958 967.099975585938 975.299987792969 979.599975585938 989.900024414062 995.099975585938 988.099975585938 974.5 954 927.299987792969 904.799987792969 902.700012207031 894.299987792969 886.5 882.400024414062 876.599975585938 886.299987792969 895.099975585938 894.599975585938 901.5 908.299987792969 923.299987792969 937.799987792969 951.799987792969
761.200012207031 765.099975585938 772.799987792969 786.5 801.299987792969 815.099975585938 825.299987792969 834.700012207031 850.700012207031 889.599975585938 917.299987792969 921 924.900024414062 928.400024414062 928.799987792969 931.5 931.200012207031 935.5 934.900024414062 936.099975585938 931.799987792969 927.5 919.900024414062 914.299987792969 916.099975585938 918.400024414062 926.599975585938 935.900024414062 943.299987792969 956.400024414062 963.799987792969 975.599975585938 988.5 1005.79998779297 1017.29998779297 1013.79998779297 1001.09997558594 980.299987792969 967.099975585938 951.599975585938 930.099975585938 918.400024414062 905.799987792969 892.900024414062 874.599975585938 876.299987792969 895.400024414062 900.400024414062 901.799987792969 906.599975585938 910 920.799987792969 933.099975585938 941.200012207031
756.599975585938 760.799987792969 767.799987792969 774.700012207031 782 790.299987792969 793.799987792969 795.200012207031 803.599975585938 836.599975585938 865 884.099975585938 895.5 902.599975585938 908.799987792969 919.299987792969 924.099975585938 929.099975585938 933.799987792969 940.5 938.299987792969 932.099975585938 922.299987792969 915.700012207031 917.400024414062 922.799987792969 929.299987792969 936.900024414062 947.299987792969 961.400024414062 972.299987792969 983.099975585938 995.799987792969 1011.90002441406 1019.09997558594 1021.40002441406 1011.09997558594 1003.29998779297 999.900024414062 990.400024414062 969 950 932.700012207031 911.799987792969 893.599975585938 901.599975585938 915.400024414062 911.099975585938 907.900024414062 908.400024414062 912.900024414062 918.799987792969 925.099975585938 927.299987792969
743.400024414062 749.599975585938 755.200012207031 758.299987792969 765.5 770.400024414062 775.900024414062 779.700012207031 786.299987792969 809.099975585938 835.400024414062 856.099975585938 870.099975585938 883.599975585938 893.599975585938 906.400024414062 917.599975585938 924.299987792969 933.900024414062 946.099975585938 950.5 942.900024414062 932 925.400024414062 926.400024414062 929.799987792969 935.099975585938 945.799987792969 954.099975585938 970.299987792969 977.400024414062 988.299987792969 1000.59997558594 1014.20001220703 1020.59997558594 1021.29998779297 1021.29998779297 1026.59997558594 1032.5 1037.90002441406 1022.40002441406 992.900024414062 964.099975585938 936.599975585938 926.900024414062 926.299987792969 926.5 920 916 914.099975585938 916.400024414062 916.5 919.400024414062 920.299987792969
731.099975585938 736.799987792969 739.099975585938 743.799987792969 748.799987792969 758.799987792969 764.900024414062 771.599975585938 781.299987792969 795.099975585938 815.099975585938 831.599975585938 846.299987792969 862.400024414062 875.400024414062 890.400024414062 905.599975585938 917.400024414062 932.299987792969 949.200012207031 964.900024414062 961.299987792969 945.900024414062 940.099975585938 934.400024414062 935.900024414062 940.299987792969 947.900024414062 959.599975585938 972.299987792969 984.900024414062 996.400024414062 1006.09997558594 1018.20001220703 1029.80004882812 1034.90002441406 1040.80004882812 1052.19995117188 1063.90002441406 1073.40002441406 1068.59997558594 1036.80004882812 995.799987792969 962.900024414062 951.5 939.700012207031 936.299987792969 929.5 922.700012207031 920.400024414062 914.599975585938 913.099975585938 915.900024414062 914.799987792969
722.299987792969 725.400024414062 730.5 733.799987792969 738.799987792969 747.299987792969 752.900024414062 760 774.299987792969 784.900024414062 797.799987792969 811 827.900024414062 842.799987792969 859.599975585938 876.200012207031 893.400024414062 906.700012207031 928 949.200012207031 965.5 962 949.299987792969 944.099975585938 943.799987792969 944.400024414062 950.099975585938 955.700012207031 962.799987792969 976.400024414062 985.299987792969 997.200012207031 1012.40002441406 1019.79998779297 1033.80004882812 1046.09997558594 1048.5 1066.59997558594 1088.90002441406 1106.30004882812 1099.09997558594 1060.90002441406 1020.59997558594 980.400024414062 968.599975585938 955.400024414062 946.099975585938 939 929.700012207031 922.5 919.400024414062 918 914.5 910.900024414062
712.799987792969 718.599975585938 723.599975585938 727.400024414062 732 736 746.900024414062 752.099975585938 765.799987792969 777.200012207031 784.599975585938 801.400024414062 808.900024414062 827.099975585938 846.299987792969 867.900024414062 884.099975585938 898.700012207031 922.799987792969 944.099975585938 955.299987792969 957.700012207031 952.400024414062 947.400024414062 950.299987792969 952.400024414062 957.5 960.799987792969 967.099975585938 982.400024414062 990.299987792969 996.900024414062 1011 1016.59997558594 1027.30004882812 1044.59997558594 1049.80004882812 1063.69995117188 1085.5 1087.30004882812 1076.90002441406 1061.30004882812 1025.30004882812 999.5 979.400024414062 968.299987792969 958.400024414062 949.200012207031 936.200012207031 930.599975585938 922.299987792969 915.299987792969 913.099975585938 909.5
708.799987792969 714.299987792969 719.099975585938 720.599975585938 723.599975585938 727.799987792969 739.400024414062 745.099975585938 752.599975585938 767 781.799987792969 795.599975585938 805.599975585938 823.400024414062 841.5 864.900024414062 880.400024414062 897.099975585938 923.599975585938 938.599975585938 944.299987792969 946.299987792969 949.599975585938 950.599975585938 956 955.200012207031 961.099975585938 965 969.799987792969 986.400024414062 994.900024414062 1000.70001220703 1006.90002441406 1015.09997558594 1022.40002441406 1039.80004882812 1046.59997558594 1053.40002441406 1071.90002441406 1077.09997558594 1065.90002441406 1052.30004882812 1022 1008.79998779297 993.5 979.200012207031 965.799987792969 951.5 941.5 930.5 922.099975585938 913.400024414062 907.200012207031 900.700012207031
708.5 718 717.400024414062 715.400024414062 717.5 721.900024414062 731.799987792969 739.700012207031 745.599975585938 761.799987792969 777.400024414062 793.400024414062 806.700012207031 824.099975585938 837 856.299987792969 874.299987792969 899.299987792969 921.900024414062 927.900024414062 936.200012207031 945.400024414062 948.099975585938 951.400024414062 952.099975585938 954.599975585938 967.400024414062 968.700012207031 972.299987792969 985.400024414062 996.799987792969 998.799987792969 1004.79998779297 1006.29998779297 1013.59997558594 1030.5 1042.90002441406 1040.30004882812 1049.59997558594 1054.09997558594 1054.80004882812 1043.59997558594 1026.09997558594 1015 1000.20001220703 986.400024414062 971.299987792969 954.599975585938 942.400024414062 927.400024414062 919.099975585938 909.599975585938 901.299987792969 897.299987792969
704.799987792969 711.099975585938 712.900024414062 711.799987792969 710.400024414062 715.200012207031 723.299987792969 729.400024414062 741.400024414062 756.299987792969 776.099975585938 794.5 809.400024414062 828 843.700012207031 860.099975585938 873.400024414062 896.200012207031 916.400024414062 927.599975585938 935.400024414062 940.599975585938 947.200012207031 947.900024414062 951.700012207031 955.099975585938 968.099975585938 974 970.900024414062 977.5 993.799987792969 994.599975585938 1000.40002441406 1003.79998779297 1014.09997558594 1014.09997558594 1026.80004882812 1029.09997558594 1028.30004882812 1031.59997558594 1036.09997558594 1035.59997558594 1033.80004882812 1021.79998779297 1002.40002441406 987.5 972.599975585938 957.099975585938 940.400024414062 930.599975585938 914.599975585938 907.799987792969 896.900024414062 894.799987792969
697 700.299987792969 703.099975585938 703.299987792969 703.099975585938 707.799987792969 711.099975585938 721.900024414062 735.799987792969 750.599975585938 768.700012207031 790.200012207031 811.900024414062 835.299987792969 856.900024414062 874 882.900024414062 892.299987792969 910.299987792969 923.599975585938 929.799987792969 934.799987792969 936.299987792969 938.400024414062 948.799987792969 952.400024414062 962.5 966.099975585938 971.799987792969 977.900024414062 988.5 993.799987792969 1000.29998779297 1000.59997558594 1001.90002441406 1003.5 1012.20001220703 1010.09997558594 1007.09997558594 1016.20001220703 1014.59997558594 1021.09997558594 1028.90002441406 1024.40002441406 1000.40002441406 981.5 970.299987792969 954 938.099975585938 927.400024414062 911.299987792969 903.700012207031 893.400024414062 889.700012207031
687.900024414062 691 693.099975585938 695.799987792969 697.799987792969 702.799987792969 707.099975585938 718.299987792969 732.400024414062 745.299987792969 762.400024414062 783.400024414062 814.599975585938 853.5 882.400024414062 885 885.799987792969 885.5 899.299987792969 913.5 920.099975585938 921.299987792969 921.400024414062 933.099975585938 938.900024414062 945.799987792969 959.400024414062 959.799987792969 970.299987792969 971.400024414062 981.299987792969 986.299987792969 992.599975585938 992.700012207031 994.299987792969 993.799987792969 995.900024414062 998.599975585938 998.400024414062 997.400024414062 1003.90002441406 1003.40002441406 1012.70001220703 1007.70001220703 992.400024414062 968.599975585938 959.400024414062 947.5 934.200012207031 921.900024414062 908.099975585938 900.299987792969 891.299987792969 887.5
679.099975585938 682.900024414062 684.099975585938 687 691.799987792969 697.5 701.099975585938 710.5 723.900024414062 736.900024414062 758.900024414062 783.400024414062 814.099975585938 848.5 874.900024414062 881.799987792969 878.400024414062 880.5 890.700012207031 901.900024414062 909.299987792969 910.200012207031 912.5 924.299987792969 930.200012207031 937.700012207031 947.900024414062 953.099975585938 961.299987792969 962.299987792969 972.299987792969 980 984.400024414062 985.400024414062 990.099975585938 981.700012207031 984.299987792969 987.799987792969 984.700012207031 979.200012207031 985.400024414062 987.900024414062 989 980.599975585938 968.900024414062 954.400024414062 938.099975585938 935.299987792969 926.700012207031 915 909.299987792969 895 897.400024414062 890.099975585938
671.299987792969 674.200012207031 676.5 677.799987792969 682.299987792969 693.099975585938 700.099975585938 705.599975585938 716.900024414062 729.5 749.599975585938 773 798.599975585938 826.799987792969 851.299987792969 855.799987792969 859.900024414062 863.299987792969 871.5 885.700012207031 896 898.099975585938 902.299987792969 910 917.400024414062 925.299987792969 933.900024414062 941.299987792969 945 956.299987792969 963.299987792969 972.400024414062 973.299987792969 978.599975585938 976.099975585938 969.400024414062 969.599975585938 970.400024414062 962.299987792969 960.700012207031 957.5 960.299987792969 961.200012207031 955.900024414062 945.099975585938 934.599975585938 925.099975585938 914.900024414062 912.799987792969 912.099975585938 903.299987792969 890.900024414062 892.200012207031 890.200012207031
664.099975585938 665.599975585938 669.400024414062 669.900024414062 673.400024414062 680 686.400024414062 696.200012207031 709.599975585938 726.099975585938 745 762.700012207031 783.400024414062 807 824.5 828.799987792969 836.900024414062 844.700012207031 849.799987792969 866.400024414062 877.400024414062 883.299987792969 885.299987792969 896.099975585938 901.400024414062 910.799987792969 918.299987792969 926.799987792969 931.900024414062 944.5 952.200012207031 959.299987792969 961.599975585938 967.900024414062 967.799987792969 962.400024414062 958.099975585938 950.599975585938 943 938.900024414062 931.5 934.700012207031 931.400024414062 927.900024414062 919 914.099975585938 908.900024414062 904 894.299987792969 898.299987792969 898.799987792969 886.5 888.299987792969 883.099975585938
658.900024414062 659.400024414062 660.200012207031 660.400024414062 663.5 670.400024414062 676.900024414062 686.400024414062 697.900024414062 714.299987792969 727.299987792969 746.299987792969 763.299987792969 786.400024414062 803.900024414062 808 810.599975585938 818.700012207031 831.299987792969 836.400024414062 849.599975585938 862.400024414062 869.299987792969 878.200012207031 885 892.700012207031 902 911.299987792969 919.599975585938 928.200012207031 937.299987792969 944.5 949.400024414062 955.700012207031 955 950.700012207031 938.400024414062 927.700012207031 917.700012207031 914.5 899.599975585938 896.400024414062 900.900024414062 895.900024414062 896.799987792969 889.900024414062 889.900024414062 888.799987792969 883.099975585938 876.900024414062 889.400024414062 885 886.700012207031 883.900024414062
649.799987792969 649.400024414062 648.599975585938 649.799987792969 652.200012207031 658.299987792969 664.599975585938 674.200012207031 683.700012207031 697.299987792969 712.5 727.099975585938 741.900024414062 762.099975585938 781 787.599975585938 792 798.799987792969 806.799987792969 816.099975585938 819.900024414062 833 851.599975585938 858.599975585938 865.799987792969 879.400024414062 889.700012207031 894.5 900.400024414062 906.700012207031 917.799987792969 925.200012207031 935.299987792969 942.299987792969 938.700012207031 925.099975585938 912.099975585938 895.900024414062 884.200012207031 883.900024414062 875.099975585938 859.900024414062 854.099975585938 854.200012207031 854.400024414062 858.5 870.400024414062 873.900024414062 868.5 869.200012207031 875.900024414062 884.099975585938 888.900024414062 891.400024414062
641.599975585938 638.900024414062 636.299987792969 636.799987792969 639.200012207031 644.299987792969 651.099975585938 661.299987792969 671.099975585938 681.900024414062 695.099975585938 706.400024414062 720.400024414062 736.400024414062 760.799987792969 762.400024414062 771.599975585938 775.799987792969 782.299987792969 788.700012207031 798.099975585938 813.799987792969 836.599975585938 844.900024414062 852.799987792969 860.400024414062 866.299987792969 869.299987792969 880.299987792969 883.599975585938 896.200012207031 903 911.700012207031 911.599975585938 893.400024414062 873.799987792969 866.900024414062 852.099975585938 840.099975585938 846.799987792969 839.099975585938 821.099975585938 818.200012207031 821.099975585938 827.400024414062 835.900024414062 843.400024414062 852 859.299987792969 862.900024414062 870.799987792969 882.5 885.400024414062 892.200012207031
634.400024414062 627.900024414062 624.599975585938 623.299987792969 624.599975585938 629.5 635.900024414062 645.299987792969 655.700012207031 666.400024414062 676.299987792969 687.299987792969 698.299987792969 712.299987792969 736.900024414062 741.400024414062 742.599975585938 757.599975585938 756.5 766.599975585938 777.200012207031 790.700012207031 816 827.200012207031 834.400024414062 841.799987792969 846.299987792969 856.200012207031 859.5 864.900024414062 868.900024414062 873.5 857.900024414062 843.400024414062 832.700012207031 822.799987792969 816.599975585938 801.099975585938 793.299987792969 790.799987792969 782.700012207031 781.900024414062 775.400024414062 778.700012207031 788.299987792969 788.299987792969 808.900024414062 826.400024414062 842.099975585938 855.599975585938 866.299987792969 876.299987792969 887.700012207031 903.099975585938
625.299987792969 617.200012207031 612.599975585938 610.700012207031 610.599975585938 615.200012207031 620.900024414062 629.599975585938 639.700012207031 649.700012207031 658.200012207031 668.5 677.700012207031 690.700012207031 709.599975585938 722.799987792969 726.099975585938 732.400024414062 735.900024414062 747.799987792969 759 765.400024414062 786.099975585938 810.400024414062 817.599975585938 828.099975585938 829.799987792969 836.599975585938 841.599975585938 840.900024414062 833.599975585938 820.900024414062 809.599975585938 806.599975585938 802.599975585938 791.299987792969 767.200012207031 737 716.400024414062 711.700012207031 720.900024414062 716.299987792969 699.700012207031 715 739.099975585938 769.599975585938 789.5 819.400024414062 832.900024414062 851.799987792969 867.599975585938 884.900024414062 910.400024414062 949.099975585938
613.299987792969 604.200012207031 597.599975585938 595.900024414062 598.299987792969 601.099975585938 606.299987792969 614.299987792969 623 632.599975585938 642.799987792969 649 662.5 671.099975585938 677.200012207031 695.299987792969 717.799987792969 715.099975585938 714.599975585938 725.099975585938 746.599975585938 747.299987792969 750.900024414062 780.400024414062 799.400024414062 804.700012207031 816 813.099975585938 818.200012207031 814.299987792969 802.299987792969 785.900024414062 767.700012207031 768.900024414062 750.400024414062 727.5 703.900024414062 679.700012207031 659.700012207031 652.400024414062 630.200012207031 621.400024414062 637.400024414062 667.400024414062 700.400024414062 731.799987792969 761.5 785.799987792969 809.799987792969 836.299987792969 869.900024414062 903.799987792969 944.599975585938 977.599975585938
601.200012207031 590.099975585938 582.200012207031 581.599975585938 582.400024414062 585.799987792969 591.299987792969 600.200012207031 609.599975585938 618.299987792969 627.700012207031 635.400024414062 647.700012207031 655.299987792969 659.799987792969 666.799987792969 680.099975585938 699.599975585938 710.900024414062 703.299987792969 718.099975585938 736.299987792969 735.200012207031 753.400024414062 777 782.799987792969 791.400024414062 792.299987792969 796.400024414062 792.900024414062 783.400024414062 758.400024414062 740.200012207031 732.799987792969 713.400024414062 686.599975585938 658.5 628.700012207031 606.799987792969 577.400024414062 544.200012207031 562.900024414062 596.599975585938 634.799987792969 667.400024414062 708.900024414062 752.900024414062 785.599975585938 804.900024414062 830.299987792969 871.900024414062 916.599975585938 943.599975585938 968.099975585938
587.599975585938 574.700012207031 568.200012207031 566.299987792969 568.400024414062 571.700012207031 579 587.700012207031 596.200012207031 602.900024414062 612.200012207031 621.299987792969 631.200012207031 639.799987792969 648.400024414062 656 665.200012207031 677.900024414062 691.900024414062 692.799987792969 710 722.299987792969 735.799987792969 739.900024414062 747.599975585938 764 770.299987792969 774.099975585938 770.900024414062 774.400024414062 761.200012207031 739.799987792969 718.900024414062 705.5 687.799987792969 658.599975585938 625 597.900024414062 569.900024414062 526 493.899993896484 543.099975585938 612.799987792969 627.599975585938 660.299987792969 695 731.700012207031 775.599975585938 828.799987792969 854.200012207031 878.400024414062 900.900024414062 918.5 937.799987792969
572.599975585938 557.200012207031 550.799987792969 549.799987792969 553.799987792969 559.799987792969 566.700012207031 574.799987792969 581.700012207031 589.900024414062 598.900024414062 608.099975585938 617.200012207031 630.599975585938 637.400024414062 648.299987792969 661.599975585938 671.599975585938 679.5 691.200012207031 705.299987792969 714.5 724.900024414062 730.099975585938 735.700012207031 750.799987792969 751.099975585938 752.599975585938 747.599975585938 744 731.400024414062 716.299987792969 702 685.299987792969 665.900024414062 638.5 611.900024414062 598.799987792969 583.599975585938 521.099975585938 492.799987792969 513.5 571.099975585938 636.799987792969 675 696.700012207031 732 770.400024414062 813.5 837.900024414062 856.299987792969 877.599975585938 901.299987792969 913.900024414062
