data/layers/future_layer_mc_126_60/bio13.asc
NCOLS 494 
NROWS 529 
XLLCORNER -117.166666666667 
YLLCORNER -55.5 
CELLSIZE 0.166666666666667 
NODATA_value -3.4e+38 
[rows 288 to 311 of 529, columns 378 to 431 of 494]
333.700012207031 335.299987792969 333.100006103516 329.299987792969 324.399993896484 317.100006103516 311.100006103516 304.399993896484 303.600006103516 308.100006103516 305.700012207031 294.299987792969 287.100006103516 284.700012207031 282.299987792969 286.5 287.899993896484 290.5 291.299987792969 292.299987792969 292.100006103516 292.399993896484 291.600006103516 292.700012207031 295.899993896484 294.899993896484 295.799987792969 295.600006103516 293.100006103516 290.299987792969 289.100006103516 288 283.600006103516 281.100006103516 276.200012207031 272.799987792969 268.899993896484 267.600006103516 268.399993896484 274.799987792969 273.299987792969 270.799987792969 277.299987792969 286.299987792969 293.100006103516 296.600006103516 318.899993896484 336.299987792969 405.799987792969 416 388.399993896484 342.899993896484 308.600006103516 280.299987792969
327.600006103516 329.899993896484 330.299987792969 329.899993896484 325.299987792969 318.600006103516 310.5 307.799987792969 302.600006103516 303.299987792969 300.799987792969 295.100006103516 292.200012207031 289.299987792969 284.299987792969 285.100006103516 287.399993896484 289.399993896484 290.899993896484 292.899993896484 293 292.700012207031 295.700012207031 299.799987792969 302.399993896484 302.399993896484 301.5 300.299987792969 299 298.799987792969 299.299987792969 295.799987792969 289.700012207031 284.899993896484 276.899993896484 269.899993896484 266.5 265.600006103516 268.5 277.100006103516 281.700012207031 283.299987792969 284.5 280.100006103516 266.399993896484 261 269.600006103516 290 340.5 349.899993896484 345 315.899993896484 288.600006103516 268.899993896484
325 326.899993896484 329.399993896484 325.200012207031 320.399993896484 315.399993896484 310.399993896484 307.399993896484 305.700012207031 306.399993896484 306.700012207031 301.200012207031 298.100006103516 293.600006103516 290.299987792969 288.799987792969 288.399993896484 289.200012207031 290.799987792969 292.200012207031 292.799987792969 295 299.100006103516 304.899993896484 307.399993896484 308.399993896484 306.899993896484 305.399993896484 307 308.799987792969 311.299987792969 298.200012207031 289.100006103516 283.5 275.899993896484 270.399993896484 265.700012207031 266 274.600006103516 281.100006103516 283.799987792969 286.700012207031 291.100006103516 283.5 280 278.399993896484 290.299987792969 274.600006103516 284.899993896484 298.600006103516 301.899993896484 292.100006103516 273.899993896484 257.399993896484
314.100006103516 318.799987792969 324.799987792969 324.299987792969 318.100006103516 316.700012207031 314.100006103516 312.399993896484 311.200012207031 308.299987792969 305.600006103516 304.200012207031 300.200012207031 298.200012207031 296.600006103516 294.299987792969 293.299987792969 292.5 292.299987792969 293.700012207031 295.100006103516 297.299987792969 302.899993896484 307.600006103516 311.100006103516 311.399993896484 311.100006103516 309.899993896484 311.399993896484 313.899993896484 316.899993896484 305.5 290 280.899993896484 280.399993896484 280.399993896484 276.799987792969 280.700012207031 288.399993896484 289.899993896484 286.299987792969 288.200012207031 290.799987792969 291.100006103516 296.5 294.100006103516 287.799987792969 267.399993896484 269.600006103516 274.700012207031 272.600006103516 273.100006103516 258.299987792969 244.100006103516
307.799987792969 314.700012207031 320.899993896484 318.899993896484 317.100006103516 319.299987792969 315.299987792969 312.899993896484 312.299987792969 311.100006103516 309.5 306.399993896484 303.799987792969 302.399993896484 299.100006103516 298.5 298.100006103516 296.200012207031 296.100006103516 296.600006103516 297.399993896484 300.200012207031 304.799987792969 309.299987792969 311.600006103516 311.600006103516 312.299987792969 311.200012207031 311.600006103516 310.899993896484 311.200012207031 299.700012207031 291.5 285.899993896484 286.200012207031 291.299987792969 299.299987792969 305.700012207031 307 302.100006103516 293.600006103516 284.600006103516 283 282.799987792969 281.799987792969 289.899993896484 280.100006103516 261.799987792969 257.700012207031 257.299987792969 254.399993896484 251.100006103516 243.600006103516 233.399993896484
304.100006103516 309.799987792969 317.600006103516 318.200012207031 322.100006103516 321.399993896484 318.299987792969 317.899993896484 317.100006103516 312.700012207031 313.399993896484 313.100006103516 307.299987792969 304.399993896484 302.200012207031 300 299.700012207031 300.600006103516 298.399993896484 297 298.299987792969 302.700012207031 305 308.399993896484 310.100006103516 310.899993896484 310.799987792969 310 309.899993896484 306.899993896484 302.299987792969 295.799987792969 289.299987792969 287.899993896484 293.100006103516 301.299987792969 314.700012207031 328.100006103516 323.100006103516 312.100006103516 299.299987792969 284.200012207031 275.100006103516 275.5 271.399993896484 283.200012207031 282.100006103516 271.600006103516 261.299987792969 253.100006103516 242.699996948242 235.600006103516 227 220.899993896484
300.299987792969 307.299987792969 314.799987792969 318.399993896484 321.200012207031 323.399993896484 324.799987792969 321.799987792969 318.200012207031 318.299987792969 319.799987792969 320.700012207031 313.399993896484 307.799987792969 303.899993896484 303.600006103516 302.200012207031 302.399993896484 301.5 299.299987792969 297.899993896484 300.399993896484 302.799987792969 305.700012207031 307.5 309.200012207031 308.799987792969 308 307.399993896484 304.799987792969 300.899993896484 294.100006103516 289.600006103516 290 295 304.299987792969 318.5 329.299987792969 326.100006103516 317 305.899993896484 301.899993896484 295.200012207031 280.200012207031 271.299987792969 263 275.799987792969 270.899993896484 261.600006103516 253.899993896484 240.100006103516 231.600006103516 224.100006103516 218.800003051758
300.399993896484 305.799987792969 314.200012207031 319.299987792969 319.600006103516 323.5 328.299987792969 322.600006103516 318.299987792969 316.899993896484 317.299987792969 317.799987792969 317.399993896484 312.799987792969 307.299987792969 307.299987792969 305.399993896484 301.799987792969 301.5 300 299.299987792969 298.700012207031 300.600006103516 303.799987792969 305 305.399993896484 306.299987792969 305.899993896484 306.100006103516 304.399993896484 299.200012207031 296.299987792969 293.600006103516 296.799987792969 302.299987792969 309 318.5 324.600006103516 323.299987792969 320.799987792969 311.899993896484 306.100006103516 303 288.100006103516 273.299987792969 257.399993896484 254.800003051758 262.799987792969 254.300003051758 247.300003051758 241.600006103516 233.300003051758 225.199996948242 221.899993896484
304.700012207031 311.700012207031 316.399993896484 320 319.399993896484 321.700012207031 323.399993896484 320.600006103516 321.399993896484 322 319.100006103516 317.899993896484 316.100006103516 313.399993896484 311.200012207031 308 304.5 301.899993896484 302.600006103516 299.600006103516 299.600006103516 301.100006103516 299.399993896484 301.700012207031 302.899993896484 303.600006103516 302.600006103516 303.399993896484 304 305.899993896484 300.399993896484 298.799987792969 297.600006103516 299.399993896484 304.299987792969 311.100006103516 317.600006103516 320.799987792969 324.600006103516 325.399993896484 318.700012207031 312.399993896484 309.299987792969 292 274.899993896484 261 247.800003051758 244 250.199996948242 246.100006103516 241.100006103516 231.899993896484 225.600006103516 223.899993896484
305.799987792969 309.299987792969 314.799987792969 319.799987792969 321.100006103516 321.799987792969 320.799987792969 321.299987792969 322.200012207031 324.299987792969 321.600006103516 321.299987792969 317.600006103516 316.799987792969 312.600006103516 308.399993896484 303.299987792969 300.600006103516 300.200012207031 300.399993896484 298.100006103516 300.5 299.899993896484 300.600006103516 301.399993896484 301.5 300.700012207031 300.600006103516 301 299.899993896484 300.100006103516 299.799987792969 300.600006103516 303.100006103516 307.100006103516 312.399993896484 316.799987792969 320.399993896484 326.100006103516 326.399993896484 322.600006103516 318.5 313.600006103516 296.299987792969 279.399993896484 263.299987792969 251.800003051758 244.399993896484 248.899993896484 243.600006103516 240.199996948242 232.5 225.800003051758 225.100006103516
301.200012207031 305.600006103516 312.299987792969 318.899993896484 322.899993896484 325.299987792969 322.600006103516 323.600006103516 323.600006103516 325.200012207031 323.799987792969 321.899993896484 320.100006103516 317.899993896484 312.299987792969 308.299987792969 301.799987792969 299.399993896484 297.200012207031 296.799987792969 298.799987792969 299.600006103516 300.899993896484 300.100006103516 299.899993896484 300.799987792969 299.100006103516 299.100006103516 299.399993896484 298.5 299.600006103516 299.899993896484 301.799987792969 304.100006103516 308.700012207031 312.600006103516 315.899993896484 320.100006103516 325.200012207031 326 324.399993896484 320.200012207031 317.899993896484 303.399993896484 284.100006103516 269.299987792969 259.100006103516 254.699996948242 250.5 242.5 237.300003051758 230.399993896484 227.399993896484 225.600006103516
299.600006103516 303.600006103516 311.799987792969 315.600006103516 320.799987792969 324.600006103516 327.299987792969 330.600006103516 327.899993896484 328.5 329.200012207031 323.299987792969 320.299987792969 317.299987792969 313.899993896484 309.700012207031 303.5 298.5 294.799987792969 296.100006103516 297.899993896484 300 300.200012207031 300.100006103516 299.399993896484 298 298.5 297.200012207031 298.100006103516 296.700012207031 297.799987792969 299.299987792969 301.899993896484 303.200012207031 307.600006103516 311.299987792969 313.899993896484 321.899993896484 326.5 326.799987792969 326.799987792969 326.399993896484 313.600006103516 308.299987792969 291.700012207031 273.299987792969 265.299987792969 278.899993896484 267.899993896484 244.300003051758 237.699996948242 233.699996948242 229.300003051758 230.300003051758
299.100006103516 305 309.600006103516 311.600006103516 316.600006103516 324.100006103516 327.600006103516 331.100006103516 332.600006103516 333.299987792969 331.799987792969 326.100006103516 319.600006103516 316 312.200012207031 308.299987792969 302.299987792969 295.600006103516 294.100006103516 297.299987792969 298.399993896484 298.100006103516 298.299987792969 297.799987792969 297.399993896484 296.799987792969 296.100006103516 294.200012207031 295.200012207031 294.600006103516 296.399993896484 298 301 303.200012207031 305.600006103516 308.299987792969 315.100006103516 322.100006103516 325.5 326.399993896484 329.899993896484 335.100006103516 321.5 304.5 287.299987792969 269.899993896484 272.899993896484 280.600006103516 271.600006103516 255.100006103516 246.399993896484 240.600006103516 238.300003051758 237.300003051758
296 299.299987792969 304.5 306.399993896484 314.799987792969 320.899993896484 325.799987792969 328.600006103516 332.600006103516 331.799987792969 328.799987792969 325 317.5 311.700012207031 308.899993896484 304.399993896484 298.600006103516 292.899993896484 294.100006103516 298.299987792969 298.700012207031 296.899993896484 295.799987792969 294.399993896484 293.399993896484 292.5 292.299987792969 292.299987792969 291.899993896484 292.399993896484 294.399993896484 294.799987792969 298.600006103516 300.5 302.100006103516 308.399993896484 312.299987792969 317.299987792969 321.899993896484 324.899993896484 334.399993896484 338.899993896484 328.899993896484 306.899993896484 284.700012207031 271.799987792969 274.200012207031 276.799987792969 271.799987792969 263.799987792969 256.5 249.600006103516 248.399993896484 243
285.299987792969 288.899993896484 295.399993896484 300.600006103516 310.399993896484 316.200012207031 320.799987792969 324.799987792969 326.799987792969 325.700012207031 322.600006103516 320.100006103516 316.399993896484 309.5 305.700012207031 300.600006103516 294.899993896484 289.200012207031 292.200012207031 298 296.600006103516 294.299987792969 292.5 291 289.600006103516 288.899993896484 289.899993896484 289.899993896484 288.799987792969 292.100006103516 293.899993896484 293.299987792969 295 296.799987792969 300.299987792969 305.299987792969 305.600006103516 308.100006103516 315.200012207031 322.100006103516 331.5 336.799987792969 326.700012207031 305.299987792969 299.299987792969 280.799987792969 276 276.700012207031 277.899993896484 269.899993896484 262.299987792969 256.600006103516 253 243.899993896484
281.100006103516 284 287.799987792969 294.899993896484 304.700012207031 310.899993896484 314.600006103516 318.600006103516 321.899993896484 320.799987792969 318.299987792969 314.100006103516 311.600006103516 306.299987792969 301.299987792969 297.899993896484 291.899993896484 287.200012207031 288.5 292.299987792969 291.600006103516 290.5 288.200012207031 286.299987792969 284.899993896484 284.399993896484 286.100006103516 287.100006103516 286.899993896484 291.600006103516 290.799987792969 289.299987792969 291.299987792969 293.5 297.600006103516 297.100006103516 295.899993896484 298.799987792969 306.399993896484 317 324.799987792969 335.100006103516 319.399993896484 312.899993896484 307.600006103516 293.600006103516 288.600006103516 280.100006103516 280.700012207031 272.799987792969 265 261.299987792969 255.800003051758 243.100006103516
275.399993896484 278.600006103516 284.299987792969 288.200012207031 294.799987792969 305.799987792969 310.600006103516 313 314.299987792969 314.700012207031 312.5 308.5 307.899993896484 303.700012207031 300.299987792969 295.700012207031 292.399993896484 286.299987792969 283.299987792969 284.399993896484 284.700012207031 284.700012207031 282.799987792969 281.100006103516 280.399993896484 282.200012207031 284.899993896484 286.100006103516 286.200012207031 287.5 288.899993896484 286.100006103516 286.799987792969 289.899993896484 294.600006103516 292.5 289.799987792969 291 299.799987792969 310.799987792969 318 327 338.600006103516 335.700012207031 333.600006103516 317.100006103516 308.399993896484 282.399993896484 279.600006103516 274.299987792969 269.399993896484 262.600006103516 254.800003051758 241.399993896484
274.100006103516 277.299987792969 281.700012207031 287.899993896484 291.600006103516 301.399993896484 304.299987792969 307.899993896484 308.399993896484 308.100006103516 308 303.799987792969 302.799987792969 302.299987792969 299.299987792969 294.299987792969 289.700012207031 284.899993896484 281.299987792969 279.100006103516 278.5 278.600006103516 278.799987792969 278.100006103516 278.399993896484 281.600006103516 283.299987792969 283.899993896484 285.299987792969 284.100006103516 284.399993896484 283.399993896484 282.799987792969 287.100006103516 292.200012207031 292.100006103516 291.799987792969 291.100006103516 297.299987792969 302.5 315.799987792969 327.799987792969 341.5 354.100006103516 355.100006103516 332.799987792969 305.100006103516 282.899993896484 280 277.799987792969 266.5 264 257.600006103516 248.100006103516
270.899993896484 274.600006103516 277.600006103516 283.100006103516 289.799987792969 296.299987792969 297.399993896484 299.799987792969 301.600006103516 300.700012207031 301.899993896484 301.399993896484 300.5 298.399993896484 295.799987792969 290.600006103516 288.5 283.399993896484 281.399993896484 280.100006103516 278.200012207031 276.899993896484 277.100006103516 275.700012207031 277.100006103516 279.799987792969 282.399993896484 282.200012207031 283.399993896484 282.799987792969 279.899993896484 280.799987792969 281.899993896484 284.100006103516 293.700012207031 298.100006103516 295.799987792969 294.600006103516 294.600006103516 302.899993896484 315.100006103516 328.200012207031 334.799987792969 340.399993896484 332.899993896484 311 297.600006103516 282.600006103516 280.600006103516 274.200012207031 267.5 267.5 257.299987792969 254.800003051758
265.5 270.5 274.5 277.799987792969 283.600006103516 289 292.600006103516 292.899993896484 294.799987792969 295.399993896484 296.600006103516 297.899993896484 296.799987792969 294.600006103516 291.799987792969 289 285.899993896484 283.5 280.299987792969 279.899993896484 277.799987792969 275.899993896484 274.100006103516 273.799987792969 274.799987792969 276.700012207031 278.5 279.600006103516 279.5 279.299987792969 279.100006103516 281.200012207031 284.200012207031 286.399993896484 302 326.100006103516 316.700012207031 307.200012207031 299.299987792969 303.799987792969 312.299987792969 321.299987792969 330.600006103516 334.899993896484 321.100006103516 292.899993896484 290.299987792969 286.299987792969 280.399993896484 275.200012207031 273 270.299987792969 262.100006103516 258.799987792969
265.799987792969 268.799987792969 271.299987792969 275.100006103516 281.899993896484 283.200012207031 285.200012207031 287 288.799987792969 289.299987792969 291.899993896484 292.5 292.899993896484 291.799987792969 288.100006103516 287.299987792969 285.399993896484 283.100006103516 279.100006103516 278.299987792969 277.899993896484 273.899993896484 270.299987792969 270.799987792969 271.899993896484 274.399993896484 276.5 278.600006103516 279.100006103516 278.5 280.600006103516 280.100006103516 280 289.600006103516 301.799987792969 310.299987792969 323.600006103516 323.100006103516 312 312.299987792969 315.600006103516 318 325 329.899993896484 313.299987792969 291.299987792969 283.799987792969 285.5 279 277.799987792969 280.799987792969 273.600006103516 266.399993896484 263.899993896484
260.5 265.600006103516 269.200012207031 273.100006103516 277.100006103516 276.299987792969 279.399993896484 280.5 282.799987792969 284.299987792969 286.200012207031 287.899993896484 286.899993896484 286.399993896484 286.299987792969 284.200012207031 284.200012207031 283.100006103516 279.899993896484 276.5 273.299987792969 271.600006103516 266.600006103516 269.100006103516 270.600006103516 270.899993896484 273 275.600006103516 277.200012207031 277.100006103516 279.100006103516 279.399993896484 279.899993896484 284.600006103516 298.899993896484 313.899993896484 312 316.100006103516 317.600006103516 317.600006103516 322.799987792969 323.700012207031 323.600006103516 325.799987792969 314.299987792969 297 290.399993896484 289.399993896484 283.100006103516 285 281.700012207031 275.399993896484 270.200012207031 267.899993896484
253.800003051758 258.399993896484 264.799987792969 267.100006103516 269.399993896484 272 272.100006103516 274.299987792969 277.299987792969 279.299987792969 279.299987792969 282.799987792969 283 282.799987792969 283.299987792969 283.799987792969 283.299987792969 282.899993896484 279.700012207031 274.799987792969 270.299987792969 267.600006103516 265.899993896484 264.600006103516 264.299987792969 265.600006103516 269.299987792969 271.5 273.399993896484 275.700012207031 278.299987792969 279.299987792969 280.299987792969 281.799987792969 291.299987792969 302.799987792969 309.100006103516 308.600006103516 312.5 315.399993896484 316.399993896484 320.399993896484 324.899993896484 328.799987792969 320.100006103516 312.100006103516 297.299987792969 295.5 288.600006103516 289.799987792969 284.600006103516 279.200012207031 273.600006103516 270.100006103516
250.600006103516 256.399993896484 260.299987792969 261.299987792969 264.899993896484 266.100006103516 266.799987792969 268.600006103516 269.799987792969 272.399993896484 271.700012207031 275.299987792969 277.700012207031 279.899993896484 281.600006103516 281.799987792969 282.399993896484 282.600006103516 278.299987792969 272.799987792969 267.100006103516 262.899993896484 259.899993896484 257.299987792969 257.799987792969 259.899993896484 262.899993896484 267 271.100006103516 274 277.200012207031 279.799987792969 281 282.299987792969 286 294.399993896484 303.200012207031 308.399993896484 312.399993896484 316.700012207031 321.799987792969 324.799987792969 328.200012207031 329.399993896484 324.700012207031 317.799987792969 304.799987792969 299.399993896484 295.700012207031 292.100006103516 287.100006103516 281.100006103516 273.899993896484 262.700012207031
