data/layers/future_layer_mc_126_60/bio12.asc
NCOLS 494 
NROWS 529 
XLLCORNER -117.166666666667 
YLLCORNER -55.5 
CELLSIZE 0.166666666666667 
NODATA_value -3.4e+38 
[rows 0 to 23 of 529, columns 54 to 107 of 494]
341.399993896484 346.700012207031 377.899993896484 330.799987792969 307.799987792969 314.100006103516 298.100006103516 285.399993896484 290 338.799987792969 284.899993896484 261.5 262.600006103516 283.899993896484 428.299987792969 481.399993896484 451.899993896484 413.600006103516 425.600006103516 386.600006103516 359.899993896484 339.399993896484 331.799987792969 335.799987792969 338.700012207031 351.299987792969 359.700012207031 370.200012207031 380.5 390.5 405.5 414.100006103516 422.100006103516 423.799987792969 421.399993896484 421 437.200012207031 449.399993896484 471.799987792969 476.600006103516 490.899993896484 507 528.400024414062 549.900024414062 581.200012207031 591.099975585938 600.400024414062 599.599975585938 604.700012207031 611.799987792969 613.5 629.900024414062 649.299987792969 654.599975585938
315.899993896484 298.799987792969 301.899993896484 286.899993896484 293.100006103516 308.299987792969 301.399993896484 284.399993896484 284.200012207031 340.399993896484 274.100006103516 276.100006103516 292.200012207031 307.5 336.399993896484 339.399993896484 365.399993896484 347.799987792969 393.100006103516 422.399993896484 380.899993896484 362.799987792969 351.799987792969 342.700012207031 341.700012207031 340.100006103516 353.399993896484 357 357 367.899993896484 378 391.899993896484 397.399993896484 404 408.299987792969 415.100006103516 428.100006103516 447.100006103516 451.399993896484 470.700012207031 489.100006103516 499.5 515.900024414062 538.099975585938 572.900024414062 598.400024414062 602.200012207031 609.299987792969 608.799987792969 608.400024414062 608.700012207031 625.5 641.900024414062 642.900024414062
296.899993896484 275.600006103516 256.700012207031 258.899993896484 261.100006103516 272.899993896484 281.899993896484 274.299987792969 261.600006103516 326.700012207031 270.299987792969 276.299987792969 291.100006103516 321.200012207031 336.899993896484 314.5 307.799987792969 316.299987792969 303.799987792969 396.600006103516 423.299987792969 389 371.700012207031 345.299987792969 333.299987792969 333.100006103516 344.399993896484 342.200012207031 330.899993896484 340.5 349.799987792969 365.299987792969 376 384.299987792969 391.200012207031 401.700012207031 415.700012207031 440 441.399993896484 449.899993896484 474.899993896484 492.899993896484 509.100006103516 527.400024414062 558.099975585938 589.299987792969 608.5 621.299987792969 626.099975585938 627.700012207031 626.900024414062 640 650.200012207031 664.400024414062
288.600006103516 265.899993896484 253 276.799987792969 252.399993896484 266.899993896484 271.799987792969 265.299987792969 254.399993896484 253.699996948242 259.100006103516 266.299987792969 286.899993896484 331.899993896484 326.200012207031 327.200012207031 298.299987792969 290.5 294.899993896484 396.600006103516 457.899993896484 396.399993896484 355.100006103516 339.100006103516 322.899993896484 325.399993896484 329.399993896484 322.299987792969 315.100006103516 313.399993896484 321.600006103516 343.200012207031 358.899993896484 364.899993896484 374.299987792969 383.600006103516 398.200012207031 416.700012207031 430.899993896484 441.899993896484 475 495.100006103516 509.799987792969 527.900024414062 546.099975585938 581.099975585938 600.700012207031 608.799987792969 625 634.599975585938 639.5 650.299987792969 663.799987792969 680.400024414062
306.5 272.100006103516 264.600006103516 248.100006103516 247.5 270.899993896484 267.799987792969 254.800003051758 248.600006103516 248.800003051758 261 252.399993896484 275.899993896484 326.200012207031 308.299987792969 300.299987792969 286.200012207031 274.600006103516 282.600006103516 376.899993896484 410 364.399993896484 349.299987792969 339.899993896484 325.899993896484 311.600006103516 308.399993896484 304.5 307.299987792969 298.600006103516 305.100006103516 324 346.5 352.200012207031 358.100006103516 367.399993896484 383.700012207031 401.600006103516 418.100006103516 440 466.399993896484 490.799987792969 507.799987792969 534.299987792969 554.900024414062 566.599975585938 586.599975585938 597.900024414062 616.299987792969 628.200012207031 645.400024414062 662.799987792969 671.799987792969 685.599975585938
297.5 277 263 250.800003051758 250.899993896484 251.399993896484 251.899993896484 248 243.899993896484 242.899993896484 234 237.5 251.199996948242 291.700012207031 295.700012207031 277 269.100006103516 274.600006103516 282 307.799987792969 372.100006103516 367.399993896484 358.100006103516 345.299987792969 325.299987792969 312.600006103516 300.799987792969 293.799987792969 292.799987792969 289.700012207031 295.799987792969 313.899993896484 329.100006103516 338.600006103516 349.5 363.600006103516 379.299987792969 398.600006103516 418.600006103516 442.899993896484 463 484.399993896484 502.899993896484 523.599975585938 552 573.099975585938 582 586.599975585938 597.299987792969 611.599975585938 639.299987792969 660.299987792969 672.400024414062 681.400024414062
288.299987792969 288.799987792969 268.100006103516 259.600006103516 254.800003051758 252.300003051758 251.300003051758 243.300003051758 239.899993896484 239.5 226.899993896484 217.199996948242 232.899993896484 250.300003051758 290.399993896484 289.799987792969 278.600006103516 287.100006103516 307.799987792969 298.700012207031 347.600006103516 383.299987792969 355.899993896484 344.399993896484 330.299987792969 322.200012207031 306.399993896484 295.100006103516 291 291.799987792969 294.799987792969 307.899993896484 319.299987792969 327.899993896484 339.200012207031 361.200012207031 378.899993896484 398.600006103516 419.100006103516 442.200012207031 462.299987792969 479.799987792969 500.600006103516 520.900024414062 539.599975585938 551.099975585938 565 576.099975585938 594.599975585938 612.299987792969 625.299987792969 643.599975585938 658.400024414062 667.599975585938
291.600006103516 289.899993896484 287.5 269.399993896484 264.600006103516 258.299987792969 250.800003051758 244.5 237.600006103516 232.800003051758 234.600006103516 223.600006103516 222.899993896484 239.399993896484 259.899993896484 297.299987792969 295.899993896484 307.200012207031 341.5 372.899993896484 317.700012207031 374.5 364.299987792969 347.299987792969 329.399993896484 319.5 309.299987792969 302.700012207031 296.5 297.100006103516 299.700012207031 303.100006103516 307.600006103516 316.600006103516 334.299987792969 355.600006103516 378 398.399993896484 419.5 443.5 464 478.399993896484 495.200012207031 513.900024414062 524.799987792969 528.799987792969 542.400024414062 566.599975585938 589.099975585938 609.400024414062 622.599975585938 631.900024414062 644.599975585938 657.299987792969
306.799987792969 301.100006103516 308.100006103516 289.799987792969 278.399993896484 274.399993896484 257.799987792969 249 241.5 242.899993896484 252.300003051758 267.700012207031 241.899993896484 248.800003051758 245.100006103516 259.299987792969 305.200012207031 318.100006103516 354.399993896484 375.299987792969 330.399993896484 349 375.200012207031 349.700012207031 338.700012207031 328.799987792969 319 312.799987792969 306.799987792969 309.399993896484 309.899993896484 306.299987792969 303.899993896484 313.5 333.799987792969 364.5 376.299987792969 397.200012207031 423.399993896484 448.299987792969 470.899993896484 485.700012207031 503.5 518.900024414062 524.5 528.400024414062 541.900024414062 565.900024414062 582.700012207031 607.200012207031 622.299987792969 634.299987792969 647.5 661.799987792969
319.700012207031 307.899993896484 319.600006103516 304.5 287.399993896484 273 268.299987792969 256.5 246.899993896484 254.300003051758 258.700012207031 272.899993896484 265.799987792969 301.799987792969 244.100006103516 228.899993896484 287.700012207031 294.799987792969 323.5 346.700012207031 331.600006103516 341.299987792969 377.399993896484 376.899993896484 380.600006103516 351.299987792969 337 329.100006103516 325.399993896484 322.799987792969 326.399993896484 322.5 320.100006103516 328.600006103516 341.299987792969 358.5 375.200012207031 399.600006103516 421.899993896484 448.399993896484 471.299987792969 489.299987792969 504.799987792969 519.700012207031 530.299987792969 538.700012207031 552.099975585938 570.299987792969 584.5 600.400024414062 616.099975585938 627.700012207031 643.799987792969 655.599975585938
340.799987792969 326.5 336.100006103516 311.399993896484 284.5 277.100006103516 271.100006103516 261.299987792969 256.5 260.100006103516 253.199996948242 269.600006103516 292.899993896484 291.299987792969 298.100006103516 248.399993896484 244.5 263.799987792969 347.200012207031 332.600006103516 342.299987792969 354.399993896484 383.700012207031 426.399993896484 435.899993896484 381.5 367 350.600006103516 351 346.600006103516 346.799987792969 347.299987792969 348.700012207031 354 362.600006103516 372.399993896484 378.299987792969 385.799987792969 409.299987792969 433.799987792969 458 483.100006103516 500.399993896484 517.599975585938 532.099975585938 542.099975585938 553.700012207031 565.299987792969 577 586.799987792969 598.400024414062 614.099975585938 636.299987792969 659.5
350.899993896484 325.799987792969 335.799987792969 312.299987792969 290.100006103516 281.299987792969 275.899993896484 269.799987792969 276.100006103516 262.5 261.299987792969 275.399993896484 280.100006103516 275.299987792969 296.799987792969 330.299987792969 286.799987792969 254.100006103516 271.299987792969 320.100006103516 341.100006103516 362 389.200012207031 452.799987792969 476.100006103516 454.399993896484 422.299987792969 396.5 374.100006103516 365.600006103516 368.299987792969 367.899993896484 366.100006103516 370.100006103516 379.200012207031 381.600006103516 383.100006103516 378.799987792969 392.200012207031 423.200012207031 449.299987792969 477.799987792969 497.700012207031 510.600006103516 527.5 544.099975585938 555.099975585938 564.900024414062 573.599975585938 581.700012207031 589.400024414062 603.400024414062 628.799987792969 658.900024414062
359.399993896484 330.200012207031 336.200012207031 322.899993896484 295.899993896484 289.5 288.799987792969 280.899993896484 285.399993896484 280.799987792969 293.299987792969 303.200012207031 294.399993896484 274.899993896484 268.899993896484 292.799987792969 309.799987792969 285.299987792969 282.299987792969 297.100006103516 336.600006103516 360.700012207031 385.700012207031 447.5 473.899993896484 441.899993896484 435.299987792969 420 389.399993896484 387.899993896484 396.700012207031 391.899993896484 385.700012207031 380.100006103516 376.799987792969 373.5 374.399993896484 377.5 390.899993896484 416.899993896484 443.600006103516 472.200012207031 492.799987792969 508 526.099975585938 543.400024414062 558.799987792969 572.599975585938 577 571.5 568.200012207031 586.900024414062 625.299987792969 656.200012207031
368.299987792969 331.399993896484 324.299987792969 312.899993896484 300.600006103516 297.799987792969 293.899993896484 300.100006103516 305.5 316.899993896484 341.399993896484 349.799987792969 318.799987792969 318.700012207031 274 282 300.5 294.399993896484 299.700012207031 319.899993896484 327.399993896484 387.899993896484 383.399993896484 412.799987792969 429.100006103516 441.399993896484 437.799987792969 423.100006103516 421.299987792969 440.100006103516 433.600006103516 412.799987792969 397.399993896484 385 374.600006103516 370.600006103516 372.399993896484 376.399993896484 389.5 413.399993896484 438.200012207031 464.399993896484 484.899993896484 502.799987792969 521.299987792969 545.700012207031 565.099975585938 579.5 590.299987792969 590.5 585.900024414062 615 640.400024414062 672.599975585938
374.799987792969 343.600006103516 329.100006103516 316.200012207031 309.299987792969 304.100006103516 304.799987792969 305.299987792969 324.299987792969 360.100006103516 402.899993896484 384.899993896484 351.700012207031 332.299987792969 300.399993896484 292.799987792969 324.799987792969 310.5 306 342.399993896484 324.600006103516 359.399993896484 409.299987792969 411.5 404.600006103516 422.700012207031 451 459.799987792969 441.600006103516 419.399993896484 408.399993896484 410.899993896484 390.600006103516 372.200012207031 364.700012207031 358.299987792969 357.799987792969 367.5 386.600006103516 411.899993896484 435.799987792969 457.100006103516 477.399993896484 499.100006103516 523.799987792969 548.900024414062 572.5 590.799987792969 608.900024414062 621.400024414062 635.599975585938 649.099975585938 673.599975585938 694
406.700012207031 380.299987792969 349.700012207031 334.5 325.600006103516 313.399993896484 307.5 304.399993896484 339.200012207031 376.799987792969 398 382.799987792969 361.399993896484 329.600006103516 315.399993896484 312.799987792969 341.600006103516 340.799987792969 321.399993896484 354.299987792969 327.799987792969 351.799987792969 417.899993896484 418.399993896484 398.100006103516 413.899993896484 442.5 437.600006103516 410.5 394.299987792969 388.100006103516 384.399993896484 362.100006103516 344.799987792969 338.399993896484 336 338.399993896484 352.399993896484 373.799987792969 400.299987792969 424.600006103516 446.799987792969 470.899993896484 497.399993896484 523.599975585938 551.200012207031 578.200012207031 601.099975585938 625.5 648.5 667.299987792969 686.299987792969 702.400024414062 718.599975585938
454.899993896484 423.600006103516 395.899993896484 362.600006103516 355.799987792969 339.299987792969 326.100006103516 315.899993896484 319.399993896484 352.100006103516 373.899993896484 377.600006103516 363 346.100006103516 335.299987792969 347.899993896484 383.399993896484 390.399993896484 358.399993896484 365.200012207031 336.899993896484 332.899993896484 396.399993896484 384.600006103516 377.899993896484 393.399993896484 397.5 402.399993896484 399.299987792969 368.700012207031 375 350 330.799987792969 314.299987792969 309.799987792969 312.799987792969 320.600006103516 336 357.200012207031 383.299987792969 410.399993896484 437.100006103516 464.899993896484 493.899993896484 525.299987792969 556.900024414062 583.799987792969 612.200012207031 641.799987792969 667.599975585938 690.299987792969 709.099975585938 720.400024414062 734.900024414062
557.700012207031 466.899993896484 426.799987792969 408.299987792969 380.5 388.100006103516 366.700012207031 373.200012207031 342 362.799987792969 381.899993896484 379.399993896484 350.100006103516 359.200012207031 354 371.299987792969 396.200012207031 389.899993896484 366.299987792969 340 338.899993896484 290.5 313.700012207031 340 345.5 370.799987792969 369.799987792969 385.600006103516 389.100006103516 361.399993896484 329.5 318.399993896484 310.299987792969 297.600006103516 293 294.299987792969 303.5 318.100006103516 340.100006103516 367.600006103516 397.5 427.100006103516 459.700012207031 488.5 524.200012207031 558.099975585938 586.5 619.799987792969 648.200012207031 674.200012207031 678.799987792969 689.299987792969 710.5 714.599975585938
655.900024414062 532.700012207031 454.799987792969 445 407.899993896484 418 397.899993896484 448.600006103516 449.600006103516 393.399993896484 379.799987792969 377.299987792969 336.899993896484 334.600006103516 365.700012207031 381.799987792969 396 377.600006103516 341.200012207031 302.100006103516 306.600006103516 276.600006103516 270.799987792969 286.799987792969 336.299987792969 385.299987792969 378.200012207031 364.899993896484 372.700012207031 346.899993896484 327.100006103516 305.799987792969 292.899993896484 291.899993896484 276.5 272.600006103516 277.399993896484 294.600006103516 319.5 351.799987792969 392.399993896484 426.200012207031 458.299987792969 487.100006103516 516.400024414062 545.700012207031 579.400024414062 610.5 639.400024414062 655.299987792969 654.299987792969 653.400024414062 662.400024414062 682.099975585938
674.799987792969 567.400024414062 499.799987792969 463.799987792969 432.700012207031 432.399993896484 428.899993896484 459.299987792969 511 499.399993896484 392.200012207031 376.799987792969 345.700012207031 327.700012207031 338.299987792969 357.399993896484 377.600006103516 355.700012207031 322.299987792969 294.100006103516 315.899993896484 289.5 268.899993896484 276.600006103516 327 368.299987792969 375 344.899993896484 365.299987792969 346.899993896484 324.100006103516 316.5 276.600006103516 275.100006103516 259.200012207031 255.399993896484 239.600006103516 265.100006103516 300.399993896484 340.899993896484 389.600006103516 430.899993896484 464.200012207031 487.100006103516 509 530.900024414062 558.900024414062 589.900024414062 607.599975585938 624 620 609.299987792969 618.900024414062 646.900024414062
687.900024414062 616.099975585938 545.299987792969 495.899993896484 457.899993896484 448.399993896484 450.5 468.299987792969 508.700012207031 552.099975585938 452.100006103516 396.100006103516 390.799987792969 333.200012207031 327.899993896484 326.200012207031 321.5 309.899993896484 296.200012207031 294.100006103516 310.799987792969 340.399993896484 277.100006103516 305.299987792969 361.100006103516 338.399993896484 323.200012207031 323.100006103516 346.899993896484 394.5 291.899993896484 282.200012207031 321.200012207031 280.5 247.300003051758 242.199996948242 221.199996948242 215.899993896484 262.299987792969 328.200012207031 385.799987792969 437.799987792969 479.600006103516 497.700012207031 505.899993896484 522.299987792969 543.400024414062 568.900024414062 585 591.099975585938 596.299987792969 598.799987792969 614.299987792969 636.700012207031
705.799987792969 618.599975585938 557.900024414062 507.600006103516 468.100006103516 467.399993896484 471.600006103516 495.399993896484 529.700012207031 576.799987792969 486.899993896484 419.200012207031 420.200012207031 343.899993896484 347 325.100006103516 320.600006103516 308.600006103516 292.299987792969 305.299987792969 306.200012207031 314.799987792969 327.299987792969 370.399993896484 393.299987792969 346.799987792969 315.899993896484 324.5 307.600006103516 296.200012207031 274.399993896484 262.399993896484 307.600006103516 339.899993896484 253.600006103516 265.399993896484 305.200012207031 229.199996948242 252.100006103516 306.399993896484 381.799987792969 448.100006103516 501.600006103516 508.5 506.299987792969 514.099975585938 533.900024414062 549.099975585938 559.599975585938 565.400024414062 575.099975585938 587.599975585938 603.099975585938 621.900024414062
721.599975585938 627.400024414062 550.5 515.400024414062 474.100006103516 489.5 493.700012207031 522.400024414062 548.599975585938 584.5 535.400024414062 447.299987792969 438.600006103516 363.100006103516 347.200012207031 333.399993896484 316.5 312.799987792969 308.100006103516 302.899993896484 301.299987792969 322.799987792969 362.799987792969 390.100006103516 379.399993896484 347.600006103516 331.5 303.100006103516 286.100006103516 270.700012207031 271.799987792969 253.100006103516 248.699996948242 344.299987792969 285.700012207031 279.600006103516 290 252.100006103516 267.100006103516 316.700012207031 370.600006103516 439.399993896484 484.100006103516 499.600006103516 502.299987792969 510.5 527.799987792969 536.099975585938 540.299987792969 543.799987792969 553.900024414062 574.200012207031 595.799987792969 615.599975585938
739.299987792969 645.099975585938 585.099975585938 530.599975585938 518.299987792969 488.100006103516 491.799987792969 516.200012207031 545.099975585938 563.900024414062 542.599975585938 481.100006103516 430.600006103516 392.200012207031 350.899993896484 335.700012207031 325.200012207031 329.600006103516 339 315.600006103516 311.600006103516 322.399993896484 349.399993896484 373.100006103516 358.700012207031 330.799987792969 337.600006103516 317.399993896484 272.5 258.5 250.600006103516 247.899993896484 246.399993896484 278.299987792969 277.399993896484 277.200012207031 288.899993896484 286.299987792969 306.700012207031 339.5 389.700012207031 430 457.600006103516 476.899993896484 490.799987792969 509.700012207031 523 527.5 530.400024414062 533.700012207031 542 562.599975585938 585.799987792969 612.400024414062
