data/layers/future_layer_mc_126_60/bio16.asc
NCOLS 494 
NROWS 529 
XLLCORNER -117.166666666667 
YLLCORNER -55.5 
CELLSIZE 0.166666666666667 
NODATA_value -3.4e+38 
[rows 408 to 431 of 529, columns 270 to 323 of 494]
485.299987792969 492.200012207031 497.600006103516 500.399993896484 506.600006103516 492 460.200012207031 447.200012207031 397.600006103516 336.399993896484 293 298.399993896484 278.299987792969 286.600006103516 236.5 195.300003051758 198.100006103516 160.199996948242 132.100006103516 100.900001525879 92.9000015258789 97 100.300003051758 101.099998474121 102.800003051758 106.900001525879 110.900001525879 113.599998474121 119.900001525879 125.599998474121 133.399993896484 140.899993896484 151.100006103516 165.300003051758 176.199996948242 185.800003051758 197.100006103516 211 220.800003051758 228.899993896484 237.300003051758 248.199996948242 260.299987792969 273.299987792969 285.100006103516 298.700012207031 312.700012207031 326.299987792969 341.600006103516 354.899993896484 361.700012207031 361.399993896484 357.100006103516 351.799987792969
489 491.700012207031 495.399993896484 507.700012207031 514.200012207031 491.600006103516 475.100006103516 443.299987792969 366.5 334.5 299.5 298.5 288.799987792969 294.299987792969 235 189.800003051758 164.5 147.100006103516 128.800003051758 103.800003051758 99 103 105.800003051758 101.400001525879 101 104.400001525879 107.599998474121 113.300003051758 119.5 125.599998474121 132.699996948242 140.300003051758 148.899993896484 164.199996948242 175.5 188.600006103516 200.5 215 226.399993896484 236.399993896484 248.399993896484 257.299987792969 267.899993896484 278.299987792969 288.799987792969 299.200012207031 312.100006103516 323.399993896484 337.899993896484 352.299987792969 360.799987792969 351.899993896484 340.299987792969 331.600006103516
487.299987792969 491.100006103516 503.299987792969 521.400024414062 540.299987792969 507.100006103516 490.799987792969 445.100006103516 394.200012207031 340.5 304 288.899993896484 301.299987792969 280.299987792969 236.5 198.399993896484 161.800003051758 146.600006103516 140.300003051758 108.099998474121 100.300003051758 99.9000015258789 99.5999984741211 100.099998474121 102.099998474121 105 108.900001525879 113.900001525879 119.699996948242 126.400001525879 133.899993896484 141.800003051758 150.199996948242 164.100006103516 177.199996948242 191.100006103516 204.699996948242 220.899993896484 232.300003051758 244.800003051758 257.299987792969 266.600006103516 276.100006103516 284.600006103516 290.700012207031 297.799987792969 307.399993896484 317.5 329.600006103516 340.100006103516 346.200012207031 332.600006103516 318.899993896484 309.299987792969
485.899993896484 507.399993896484 532.099975585938 555.400024414062 564.700012207031 532 497.899993896484 442.899993896484 386.399993896484 347 301.600006103516 284.899993896484 307.700012207031 275.799987792969 206.199996948242 208.600006103516 169.199996948242 135.800003051758 123.099998474121 105.900001525879 98 94.3000030517578 96.3000030517578 98.0999984741211 101.400001525879 104.900001525879 108.800003051758 113.800003051758 120.099998474121 126.800003051758 134 142.699996948242 153 164.5 179.600006103516 194.800003051758 210.399993896484 226.399993896484 240.199996948242 253.600006103516 266.100006103516 274.399993896484 280.399993896484 285.899993896484 291.299987792969 299.600006103516 303.899993896484 307.600006103516 315.100006103516 319.100006103516 315.200012207031 302.100006103516 292.600006103516 286.600006103516
492.799987792969 527.400024414062 569.599975585938 622.900024414062 607.299987792969 543.099975585938 465.399993896484 436.899993896484 368.100006103516 326.700012207031 304 284.700012207031 286.299987792969 279.299987792969 191 179.5 169.100006103516 132.300003051758 116.300003051758 103.400001525879 97.0999984741211 91.3000030517578 92.4000015258789 95.0999984741211 99.8000030517578 104.099998474121 109.300003051758 115.300003051758 120.5 127.099998474121 135 143.800003051758 156.300003051758 169.699996948242 184.600006103516 199.399993896484 215.100006103516 231.5 245.300003051758 260.399993896484 273.100006103516 278.299987792969 282.100006103516 286.799987792969 290.600006103516 296.200012207031 300.600006103516 299.5 298.399993896484 296.899993896484 290.100006103516 276 271.299987792969 268.100006103516
514.299987792969 554.5 606.400024414062 674.099975585938 628.799987792969 540.400024414062 465.399993896484 439.899993896484 364.700012207031 321.899993896484 296.399993896484 288.100006103516 280.100006103516 240.600006103516 189.399993896484 151.300003051758 145.199996948242 122.699996948242 115.400001525879 101.5 92.5999984741211 87.0999984741211 89.5999984741211 93.0999984741211 98 103.5 109.400001525879 116.099998474121 121.800003051758 127.800003051758 135.899993896484 145.800003051758 162.300003051758 179.100006103516 194.100006103516 205.899993896484 218.800003051758 231.800003051758 245.800003051758 261.200012207031 275.100006103516 277 278.299987792969 280.100006103516 285.399993896484 291.5 295.299987792969 292.299987792969 283.700012207031 278.299987792969 271.899993896484 263.899993896484 258.899993896484 256.700012207031
547.599975585938 579.799987792969 636.299987792969 677.299987792969 604.5 539.099975585938 471.600006103516 420.100006103516 364.600006103516 320.600006103516 294.899993896484 277.700012207031 280.399993896484 250.100006103516 180.600006103516 145.100006103516 151.800003051758 170 129 96.9000015258789 84.5999984741211 83.1999969482422 86.8000030517578 91.0999984741211 96.3000030517578 102.599998474121 108.5 115.800003051758 123.599998474121 130 139.399993896484 153.699996948242 175.199996948242 196.899993896484 206.100006103516 214 221.199996948242 229.600006103516 240.100006103516 252.300003051758 261.399993896484 265.700012207031 268.200012207031 270.600006103516 275.899993896484 283 288.799987792969 287.100006103516 273.200012207031 262.899993896484 256.700012207031 251.600006103516 249.300003051758 249.300003051758
577.400024414062 608.099975585938 652 665.599975585938 607.400024414062 555 504.399993896484 421.799987792969 370.299987792969 332.899993896484 296.200012207031 274.399993896484 231.800003051758 202.800003051758 145.5 141.399993896484 134.600006103516 114.099998474121 92.3000030517578 81.5 76.4000015258789 79.4000015258789 83.5999984741211 88.5 93.9000015258789 100.400001525879 106.900001525879 114.900001525879 122.5 131.100006103516 142.800003051758 157 181.100006103516 202.100006103516 206.800003051758 212.300003051758 214.399993896484 223.800003051758 231.899993896484 238.699996948242 245.5 250.199996948242 253.100006103516 256 261.100006103516 267.799987792969 277.299987792969 280.600006103516 260 244.5 241.399993896484 239.699996948242 239.899993896484 241.600006103516
608.900024414062 637.400024414062 663.200012207031 644.799987792969 612.200012207031 582.599975585938 486.700012207031 419.299987792969 383.799987792969 333.600006103516 289.299987792969 278.100006103516 211.399993896484 153.899993896484 130.600006103516 129.399993896484 118.900001525879 103.099998474121 82.5999984741211 73.5999984741211 71.4000015258789 75.6999969482422 80.8000030517578 85.5999984741211 91.5 99 105.5 112.800003051758 122 130.800003051758 142.800003051758 154.300003051758 171.899993896484 189.100006103516 200 202.600006103516 204.5 208.800003051758 216.699996948242 224.199996948242 229.5 233.300003051758 236.600006103516 237.399993896484 240.600006103516 244.800003051758 248.899993896484 247 236.600006103516 226.5 227.100006103516 230.399993896484 232.300003051758 235.300003051758
645.299987792969 672 676.099975585938 656.299987792969 583.599975585938 551 485.100006103516 437.100006103516 383.200012207031 340.299987792969 289.100006103516 281.799987792969 244.600006103516 155.5 127.300003051758 119.599998474121 92.4000015258789 85.8000030517578 77.4000015258789 70.1999969482422 69.0999984741211 73.1999969482422 78.4000015258789 83.4000015258789 89.4000015258789 97.0999984741211 103.800003051758 111.5 119.300003051758 128.5 139.600006103516 149.5 161.399993896484 174.300003051758 183.600006103516 188.399993896484 192.300003051758 196.199996948242 202.5 209 212.199996948242 214.600006103516 216.399993896484 216.899993896484 217.899993896484 219 218.600006103516 214.899993896484 209.300003051758 207.699996948242 215.399993896484 221.399993896484 225.300003051758 229.800003051758
677 695.299987792969 685.599975585938 664.299987792969 619.400024414062 564 484.899993896484 425.700012207031 374.200012207031 330.799987792969 264 256.399993896484 264.799987792969 160.5 111.800003051758 93.9000015258789 85.3000030517578 74.4000015258789 68.1999969482422 67.8000030517578 65.4000015258789 70.1999969482422 75.4000015258789 80.8000030517578 86.9000015258789 94.4000015258789 101.599998474121 109.300003051758 117.699996948242 125.400001525879 135.600006103516 144.199996948242 152.199996948242 161.600006103516 169.800003051758 175.600006103516 181 186.100006103516 189.800003051758 194 196.800003051758 197.199996948242 197.899993896484 198.800003051758 196.300003051758 194.899993896484 192.899993896484 189.100006103516 184.300003051758 190.5 204.199996948242 213.300003051758 219.100006103516 224.899993896484
667.799987792969 686.400024414062 698.900024414062 693.200012207031 636 582.099975585938 507.600006103516 446 367.899993896484 323.399993896484 228.199996948242 190.5 226 161.399993896484 106.5 84.5999984741211 75.5999984741211 72.9000015258789 73.5 59.5999984741211 62.5 67.5999984741211 73.0999984741211 78.5999984741211 84.5 91.5999984741211 98.9000015258789 105.699996948242 113.400001525879 121.800003051758 130.199996948242 137.600006103516 143.800003051758 150.800003051758 159.199996948242 165 172.399993896484 176.600006103516 179.699996948242 182.800003051758 184.600006103516 185.699996948242 186.399993896484 185.5 182 178.600006103516 174.899993896484 171.100006103516 172.199996948242 181.600006103516 195.5 207.300003051758 211.300003051758 219.600006103516
643.5 673.799987792969 763.900024414062 755.599975585938 640.799987792969 599.099975585938 518.299987792969 456.899993896484 377.399993896484 291.100006103516 212.300003051758 143.199996948242 130.100006103516 113.5 98.3000030517578 78.3000030517578 72.3000030517578 68.8000030517578 64.5 63.2000007629395 60.5999984741211 65.8000030517578 71 76.4000015258789 82.5999984741211 89 96.0999984741211 102.699996948242 110.599998474121 117.5 123.800003051758 130.800003051758 135.300003051758 141.800003051758 148.899993896484 154.800003051758 159.899993896484 165 170.100006103516 173 173.199996948242 173.399993896484 173.100006103516 172.399993896484 171.399993896484 169 167.300003051758 167.899993896484 171.300003051758 178.800003051758 186.600006103516 195.300003051758 204.600006103516 214
653.400024414062 713.099975585938 861.5 826.099975585938 688.299987792969 597 533.799987792969 479.799987792969 420.799987792969 329.399993896484 256.799987792969 158 112 88.5999984741211 86.5 69.5 67.5999984741211 59.2000007629395 54.5999984741211 55.5999984741211 58.5999984741211 63.9000015258789 69.8000030517578 75.3000030517578 81 86.3000030517578 92.5999984741211 98.9000015258789 105.900001525879 113.099998474121 119.300003051758 125.300003051758 129.800003051758 133.899993896484 139.800003051758 145.100006103516 150.399993896484 156.100006103516 161.100006103516 162.399993896484 163.199996948242 163.100006103516 163 163.300003051758 164 163.100006103516 163.300003051758 165.199996948242 170.699996948242 177.300003051758 183.199996948242 190.600006103516 200.5 209.600006103516
708 805.099975585938 930.900024414062 888 815.299987792969 686.200012207031 556.799987792969 479.600006103516 385.399993896484 294.299987792969 242.399993896484 154.600006103516 108.300003051758 86.0999984741211 78.8000030517578 62.5999984741211 63.2999992370605 56.9000015258789 53.2999992370605 58.7000007629395 57.0999984741211 62.4000015258789 69.3000030517578 75.0999984741211 80.5 84.8000030517578 89.5 95.5999984741211 102.400001525879 108.800003051758 114.400001525879 120.099998474121 124.099998474121 126.800003051758 130.800003051758 135.899993896484 141.399993896484 147.899993896484 149.899993896484 151.300003051758 153.399993896484 152.800003051758 154 154 155.199996948242 157.300003051758 159.899993896484 163.800003051758 170.100006103516 177.699996948242 184.399993896484 189.100006103516 196.899993896484 207.300003051758
798.799987792969 1007.70001220703 1033.09997558594 998.200012207031 723.900024414062 646.299987792969 525.700012207031 492 369.100006103516 275.600006103516 227.800003051758 153.800003051758 114.800003051758 86.1999969482422 69.1999969482422 62.4000015258789 55.0999984741211 55.2999992370605 54.2000007629395 53.7000007629395 57.9000015258789 66.1999969482422 71.3000030517578 76.5 81.8000030517578 84.9000015258789 87.8000030517578 92.0999984741211 97.9000015258789 103.900001525879 109.099998474121 114.099998474121 117.900001525879 120.699996948242 123.099998474121 128.100006103516 132.699996948242 136.600006103516 139.600006103516 142 141.399993896484 143.399993896484 144 146.399993896484 147.800003051758 150.699996948242 154.399993896484 159.600006103516 168 179 188.600006103516 191.300003051758 196.199996948242 204.100006103516
874.5 1070.30004882812 1074.59997558594 922.599975585938 933.599975585938 707.900024414062 536.799987792969 486.899993896484 361.600006103516 264.899993896484 207.600006103516 136.5 99.6999969482422 81.9000015258789 64.5999984741211 59.2999992370605 50.7999992370605 50.7999992370605 57.9000015258789 68.1999969482422 64.1999969482422 69.3000030517578 72.1999969482422 77.3000030517578 81.9000015258789 85.0999984741211 87.5999984741211 89.3000030517578 93.4000015258789 98.5999984741211 103.800003051758 109 112.699996948242 116.699996948242 117.699996948242 120.699996948242 125.300003051758 130.100006103516 130.800003051758 133.5 133.899993896484 136.100006103516 138.199996948242 139.699996948242 140.899993896484 142.899993896484 147.399993896484 153.600006103516 161.399993896484 171.199996948242 180.800003051758 186.5 191.800003051758 199.600006103516
840.099975585938 1024.80004882812 940.200012207031 900.700012207031 810.900024414062 718.599975585938 540.400024414062 468.899993896484 359.200012207031 246.399993896484 200.600006103516 135.300003051758 91.8000030517578 73.1999969482422 61.5999984741211 53.2999992370605 47.5 46.7999992370605 51.5 55.7999992370605 62.9000015258789 69.1999969482422 71.5999984741211 76.8000030517578 81 83.8000030517578 85.4000015258789 84.5999984741211 89.1999969482422 93.9000015258789 99.0999984741211 104.099998474121 108.400001525879 111.300003051758 113.400001525879 115.099998474121 118.5 121.400001525879 123.900001525879 124.900001525879 126.599998474121 128.300003051758 129.899993896484 131.300003051758 133.800003051758 136.600006103516 141.399993896484 146.100006103516 153.100006103516 161.100006103516 170.100006103516 175.399993896484 182.600006103516 191.800003051758
740.400024414062 910.400024414062 962.799987792969 815.299987792969 754.700012207031 736.099975585938 540.900024414062 450.700012207031 337.399993896484 218.300003051758 158.100006103516 116 85.8000030517578 71.0999984741211 61 49.9000015258789 46 45.2000007629395 47 51.5 61.2000007629395 70.8000030517578 78.0999984741211 83.3000030517578 85.6999969482422 84.5 81.9000015258789 82.0999984741211 84.9000015258789 89.8000030517578 94.8000030517578 100.300003051758 105.300003051758 109 111 111.599998474121 112.400001525879 113.800003051758 114.300003051758 118.400001525879 119.900001525879 121 121.699996948242 123.900001525879 126.800003051758 130.100006103516 134.100006103516 138.5 143.600006103516 150.800003051758 157.399993896484 164.399993896484 171.899993896484 180.100006103516
785.400024414062 913.099975585938 903.200012207031 795.299987792969 743.099975585938 635.099975585938 535.299987792969 438.100006103516 341.100006103516 209.800003051758 134.600006103516 107.300003051758 85.5 68.5999984741211 61.9000015258789 52.2999992370605 45.0999984741211 42.4000015258789 42.7999992370605 49.9000015258789 59.5999984741211 72.4000015258789 84.8000030517578 93 94.0999984741211 87.8000030517578 80.1999969482422 77.5999984741211 80.3000030517578 84.8000030517578 91.5999984741211 97.9000015258789 103.400001525879 107.099998474121 109.099998474121 109.900001525879 109.099998474121 109.300003051758 108.800003051758 109.599998474121 110.900001525879 112.300003051758 114.199996948242 117.400001525879 120.900001525879 123.5 127.400001525879 130.800003051758 134.899993896484 140 146.800003051758 153.600006103516 162 170.100006103516
859.299987792969 883.099975585938 777.099975585938 757.599975585938 659 590.099975585938 488.100006103516 431.100006103516 367.600006103516 259.899993896484 152.800003051758 109.400001525879 82.4000015258789 68.5999984741211 58.9000015258789 52.9000015258789 46.2000007629395 43.5999984741211 43.0999984741211 48.2000007629395 55.2000007629395 74.4000015258789 90.9000015258789 102.699996948242 104.300003051758 91.4000015258789 76.6999969482422 71.8000030517578 73.4000015258789 80.1999969482422 88.0999984741211 96.9000015258789 103.699996948242 107.599998474121 107.800003051758 107.300003051758 105.800003051758 104.599998474121 103.800003051758 103.800003051758 104.699996948242 105.800003051758 108.099998474121 110.800003051758 113.400001525879 116.099998474121 119.300003051758 122 125.099998474121 129.399993896484 136.399993896484 143.899993896484 150.899993896484 160.600006103516
931.200012207031 882.799987792969 816.099975585938 716.099975585938 618.5 527.700012207031 427.700012207031 387.299987792969 340.399993896484 269 160.100006103516 116.800003051758 86.4000015258789 67.5999984741211 60.7000007629395 54.0999984741211 49.2000007629395 48.2999992370605 43.0999984741211 47.0999984741211 58.7999992370605 71 92.4000015258789 111 114.599998474121 92 71.1999969482422 64.8000030517578 68 75.0999984741211 85.4000015258789 97.4000015258789 106.400001525879 109.900001525879 108.900001525879 106.5 104.099998474121 101.800003051758 100.199996948242 99.3000030517578 99.9000015258789 100.599998474121 102.300003051758 104.400001525879 106 108.599998474121 110.699996948242 113.5 116.699996948242 120.199996948242 126.599998474121 135.100006103516 142.800003051758 150.899993896484
996.299987792969 879.299987792969 784.700012207031 648.400024414062 566.400024414062 477.200012207031 385.299987792969 320.100006103516 312.600006103516 262.899993896484 162.899993896484 119.699996948242 90.5999984741211 73.4000015258789 61.9000015258789 55.5 47.7999992370605 44.9000015258789 42.7000007629395 46.2999992370605 57.7999992370605 72 86.0999984741211 99.4000015258789 98.9000015258789 85.9000015258789 66.6999969482422 59.7000007629395 64.0999984741211 71.5999984741211 82.9000015258789 99.5999984741211 110.800003051758 111.300003051758 108.400001525879 104.199996948242 101.5 98.5999984741211 96.1999969482422 94.3000030517578 94.5999984741211 95.5 96.1999969482422 97.4000015258789 99.0999984741211 101.199996948242 103.599998474121 105.599998474121 108.199996948242 112.599998474121 120.5 126.800003051758 133.100006103516 140.100006103516
1039.80004882812 912.599975585938 811.099975585938 637.799987792969 541.599975585938 443.600006103516 364.899993896484 282.700012207031 287.200012207031 211.5 155.300003051758 117.199996948242 97 78.0999984741211 64.0999984741211 55.0999984741211 48.0999984741211 43.4000015258789 40.0999984741211 43.0999984741211 53.5999984741211 63.2999992370605 72.0999984741211 76.1999969482422 80.3000030517578 77.8000030517578 67.8000030517578 63.4000015258789 67.3000030517578 74.5999984741211 84.8000030517578 99.9000015258789 112 110.5 106.099998474121 101.199996948242 97.3000030517578 93.9000015258789 90.5 88.5999984741211 89.1999969482422 90.0999984741211 91.0999984741211 92 93.5999984741211 95.5 97.1999969482422 98.9000015258789 101.800003051758 106.199996948242 112.199996948242 119 126.099998474121 132.399993896484
