data/layers/future_layer_mc_126_60/bio16.asc
NCOLS 494 
NROWS 529 
XLLCORNER -117.166666666667 
YLLCORNER -55.5 
CELLSIZE 0.166666666666667 
NODATA_value -3.4e+38 
[rows 240 to 263 of 529, columns 378 to 431 of 494]
959.799987792969 945.400024414062 931.900024414062 917.599975585938 913.400024414062 906.799987792969 900.900024414062 894.799987792969 887.400024414062 880.5 882.599975585938 885.299987792969 874.900024414062 857.599975585938 847.900024414062 842.099975585938 829.799987792969 818.099975585938 814.299987792969 808.200012207031 809.400024414062 813.599975585938 815.599975585938 804.799987792969 804.900024414062 806.5 805.799987792969 807.900024414062 811.400024414062 810.099975585938 816.799987792969 815.900024414062 813.799987792969 813.599975585938 809.400024414062 814.5 807.900024414062 796.799987792969 790.700012207031 778 753.400024414062 711.099975585938 665.099975585938 627.299987792969 600.200012207031 582.700012207031 576.700012207031 570.900024414062 572.200012207031 576.400024414062 550.799987792969 519.900024414062 488.899993896484 458.799987792969
948.099975585938 933.900024414062 922.5 911.900024414062 903 899.400024414062 893.099975585938 887.400024414062 880.799987792969 878.799987792969 878.900024414062 882.299987792969 869.200012207031 856.900024414062 849.599975585938 836.5 828.900024414062 817.400024414062 823.700012207031 822.599975585938 818.200012207031 815.799987792969 818.900024414062 808.700012207031 810.400024414062 810.599975585938 815 817.900024414062 816.400024414062 825.400024414062 827.299987792969 825.599975585938 828.299987792969 828.5 822.099975585938 824.599975585938 810.200012207031 795.5 780.299987792969 760.900024414062 735 694.200012207031 646.299987792969 600.400024414062 570.799987792969 569.400024414062 566.900024414062 558.799987792969 557.900024414062 562.400024414062 541.5 514.599975585938 481.600006103516 460.600006103516
933.099975585938 921.700012207031 913.5 905.099975585938 897.599975585938 896.299987792969 893.599975585938 884.599975585938 877.900024414062 873 871.599975585938 870.400024414062 854.599975585938 850.900024414062 859.599975585938 847.400024414062 831.400024414062 822.299987792969 822.200012207031 820.099975585938 823.400024414062 821 819.400024414062 814.599975585938 814.799987792969 816.700012207031 822.599975585938 823.200012207031 824.299987792969 825.599975585938 834.299987792969 838.5 839.5 839.5 833.400024414062 828.5 813.299987792969 796.400024414062 777.799987792969 755 724.200012207031 684.299987792969 630.299987792969 577.400024414062 554.599975585938 553.599975585938 556.900024414062 551.900024414062 549.799987792969 547.599975585938 534.599975585938 514.799987792969 491.399993896484 485.399993896484
917.099975585938 908.299987792969 900.599975585938 896.099975585938 891.200012207031 886.900024414062 886.400024414062 880.799987792969 876.900024414062 874.799987792969 871.799987792969 863.799987792969 863.299987792969 861.599975585938 859.700012207031 850.400024414062 832.299987792969 828.599975585938 825.200012207031 826.5 827.400024414062 824.400024414062 821.799987792969 818.599975585938 823.299987792969 824.599975585938 825.900024414062 826.099975585938 831.299987792969 835.400024414062 838.799987792969 843.900024414062 844.299987792969 848.099975585938 844 832 811.599975585938 787.799987792969 771.799987792969 744.700012207031 711.599975585938 671 627 583.599975585938 559 549.099975585938 547.599975585938 545.599975585938 545.299987792969 544.299987792969 539.700012207031 522.099975585938 512.400024414062 499.799987792969
903 893.299987792969 888.900024414062 887.099975585938 885.799987792969 885.799987792969 884.200012207031 883.200012207031 874.299987792969 873.400024414062 872.599975585938 865.299987792969 871.900024414062 870.599975585938 855.599975585938 843.599975585938 839.099975585938 837.299987792969 839.900024414062 838.400024414062 839 837.700012207031 833.799987792969 831.599975585938 833.299987792969 836.299987792969 835.599975585938 834.799987792969 838.599975585938 837.099975585938 843.799987792969 850.599975585938 852.700012207031 851.799987792969 846.400024414062 830.099975585938 806.299987792969 783.099975585938 767.200012207031 738.599975585938 707.700012207031 664.599975585938 626.900024414062 588.5 563.599975585938 546.299987792969 537.200012207031 540.5 547.099975585938 551.799987792969 549.599975585938 540.900024414062 525.799987792969 515
881.200012207031 875.5 876.099975585938 878.400024414062 878.599975585938 882.299987792969 880.099975585938 878.900024414062 874.299987792969 873.900024414062 868.5 871.599975585938 876.5 873.599975585938 860.5 850.400024414062 849.099975585938 850.099975585938 854.299987792969 851.099975585938 845.799987792969 841.900024414062 839.799987792969 839.700012207031 840.799987792969 844.400024414062 841.400024414062 844.700012207031 849.599975585938 843.599975585938 846.900024414062 848.299987792969 854.5 847.799987792969 841.599975585938 827.400024414062 801.799987792969 776.700012207031 760.5 735.900024414062 707.799987792969 667 632.799987792969 596.900024414062 571.099975585938 544.299987792969 531.099975585938 535.900024414062 549.299987792969 558.299987792969 565.200012207031 557.700012207031 539.099975585938 524
859.900024414062 862.299987792969 867.599975585938 872.900024414062 878 883.200012207031 880.400024414062 880.400024414062 877.400024414062 874.799987792969 876.400024414062 879.700012207031 881.799987792969 878.900024414062 869.799987792969 859.5 860.299987792969 859.5 856.299987792969 856.400024414062 851.599975585938 847.799987792969 847.099975585938 845.099975585938 844.099975585938 850.299987792969 851.299987792969 853.099975585938 852.700012207031 852.400024414062 850.599975585938 845.099975585938 851.299987792969 841.400024414062 834.799987792969 823.200012207031 793.799987792969 774.700012207031 754.700012207031 733.099975585938 703.299987792969 671.799987792969 642.400024414062 610 583.5 547.799987792969 530.400024414062 539.400024414062 560.799987792969 573.099975585938 582.400024414062 571.700012207031 549.900024414062 527.900024414062
842.5 854.299987792969 867.200012207031 873.900024414062 878.200012207031 884.200012207031 886.200012207031 887.099975585938 886.099975585938 883.299987792969 879.599975585938 878.799987792969 879.799987792969 877.200012207031 876.599975585938 868.299987792969 868.799987792969 869.599975585938 867.200012207031 859.599975585938 857.099975585938 857 853.799987792969 852.799987792969 850.099975585938 857.700012207031 855.900024414062 852.400024414062 852.299987792969 858.099975585938 854.900024414062 850.900024414062 846.900024414062 837.900024414062 823.400024414062 814.400024414062 793.099975585938 774.299987792969 755.5 735.400024414062 707.099975585938 681.900024414062 651 632.900024414062 608.400024414062 569 544.400024414062 557.099975585938 579.099975585938 592.400024414062 601.799987792969 587.400024414062 563.099975585938 531.5
845.799987792969 858.900024414062 871.400024414062 878.700012207031 885.700012207031 892.599975585938 897.400024414062 897.099975585938 895.400024414062 893.099975585938 891.099975585938 885.299987792969 889.900024414062 883.799987792969 884.099975585938 877 873.400024414062 874.099975585938 875.5 867.299987792969 863 859.599975585938 861.299987792969 858.599975585938 853.200012207031 856.900024414062 858.900024414062 851.099975585938 856.5 861.599975585938 856.5 852.299987792969 849.200012207031 840.099975585938 829.400024414062 820 794.200012207031 777.900024414062 758.5 735.299987792969 710.700012207031 690.599975585938 665 653.299987792969 634.599975585938 603.700012207031 582.900024414062 585.799987792969 602 623.5 634 618 578.299987792969 535
867.099975585938 875.299987792969 882.900024414062 891.5 897.299987792969 903.700012207031 907.400024414062 906.099975585938 905.200012207031 902.900024414062 900.799987792969 894.799987792969 891.599975585938 895.400024414062 892.400024414062 888.700012207031 882.099975585938 881.400024414062 880.799987792969 874.900024414062 870.5 867.700012207031 867.400024414062 863.599975585938 860.900024414062 860.299987792969 851.799987792969 858.799987792969 859.599975585938 860.799987792969 859 852.700012207031 844.900024414062 838.900024414062 833.099975585938 825.599975585938 803.700012207031 778 759.299987792969 737.599975585938 715.799987792969 695.700012207031 678.799987792969 673.799987792969 652.099975585938 632.400024414062 615.200012207031 612.400024414062 631.700012207031 667.400024414062 685.799987792969 653.799987792969 593.200012207031 527.799987792969
894.900024414062 897.299987792969 902.5 908.299987792969 914.400024414062 917.799987792969 921.599975585938 917.599975585938 916.900024414062 915.900024414062 911.400024414062 907.200012207031 899.299987792969 901.700012207031 899.799987792969 896.400024414062 887.400024414062 888 882.099975585938 876 874.700012207031 874.599975585938 870.299987792969 871.099975585938 866.799987792969 859.700012207031 860.599975585938 863.5 861.400024414062 861.5 857.299987792969 850.5 845.099975585938 838.299987792969 834.599975585938 822.700012207031 803.099975585938 781.400024414062 762.099975585938 745.400024414062 724.299987792969 703.700012207031 689.900024414062 677.599975585938 664.599975585938 646.900024414062 632.599975585938 635.599975585938 663.799987792969 720.5 753.900024414062 690.799987792969 592.799987792969 525.200012207031
922.599975585938 923.299987792969 926.799987792969 930.599975585938 933 934.099975585938 935.599975585938 932.799987792969 928.599975585938 928.099975585938 922.099975585938 913.599975585938 907.400024414062 905.299987792969 903.900024414062 901.700012207031 898.200012207031 893.400024414062 887 882.299987792969 881.299987792969 877.599975585938 880.5 877.400024414062 872.599975585938 865.200012207031 865.5 863.299987792969 863.200012207031 861.5 857 847.099975585938 841.299987792969 834.900024414062 830.700012207031 815 803.700012207031 782.599975585938 762.200012207031 749.799987792969 730.099975585938 711.099975585938 699.799987792969 688.400024414062 685.799987792969 656.799987792969 632.299987792969 638.400024414062 684 759.799987792969 835.099975585938 720.5 586.900024414062 510.5
950.900024414062 950.5 954.5 954.799987792969 954.400024414062 953.299987792969 951.900024414062 949.799987792969 945.799987792969 937.900024414062 932.5 923.299987792969 916 915.599975585938 910.599975585938 908.900024414062 908.099975585938 902.700012207031 900.099975585938 888.599975585938 885.200012207031 881.700012207031 883.799987792969 877.799987792969 871.099975585938 871.900024414062 867.200012207031 869.299987792969 863.299987792969 860.299987792969 857.400024414062 847.799987792969 842.900024414062 831.400024414062 820.799987792969 808.900024414062 801.099975585938 778.799987792969 762.900024414062 751.400024414062 734.299987792969 722.700012207031 708.700012207031 692.700012207031 685.200012207031 664.700012207031 629.700012207031 628.799987792969 676.599975585938 734.099975585938 763.400024414062 693.900024414062 585.299987792969 481.100006103516
975.900024414062 978.599975585938 979.599975585938 977.299987792969 977.200012207031 974.099975585938 969 962.599975585938 957.099975585938 948.099975585938 938.900024414062 930.299987792969 926.099975585938 924.799987792969 916.700012207031 911 910.900024414062 907.099975585938 900 895.599975585938 892.599975585938 888.5 885 876.599975585938 870.900024414062 878.5 872.599975585938 870.900024414062 867.599975585938 863.400024414062 857.099975585938 847.599975585938 839.200012207031 825.099975585938 818.900024414062 810.5 796.299987792969 777.5 762.799987792969 754.099975585938 738.099975585938 728.5 712.700012207031 696.5 677.599975585938 663.400024414062 639.400024414062 638.900024414062 666.400024414062 689.099975585938 699.599975585938 665.799987792969 592 530.099975585938
1003.59997558594 1005.90002441406 1006 1006.09997558594 1000.59997558594 998.299987792969 989.200012207031 980 969.099975585938 958.599975585938 949.5 939.299987792969 933.400024414062 928.799987792969 924.400024414062 917.200012207031 916.5 909.599975585938 902.900024414062 898.900024414062 896.700012207031 888.799987792969 887 879.799987792969 873.299987792969 881.599975585938 878.700012207031 878.099975585938 871.200012207031 865.599975585938 857.599975585938 847.200012207031 834.5 820.099975585938 815.200012207031 806.700012207031 792.099975585938 777.099975585938 763.599975585938 757.799987792969 740.400024414062 731.5 712.599975585938 698 693.599975585938 673.900024414062 653.099975585938 645.200012207031 644.700012207031 653.099975585938 644.400024414062 620.099975585938 589.599975585938 544.099975585938
1027.40002441406 1028.09997558594 1032.80004882812 1031 1026.30004882812 1019.40002441406 1006.59997558594 994.799987792969 981.900024414062 970.400024414062 959.099975585938 947.200012207031 937.299987792969 930.900024414062 927.599975585938 923.400024414062 920.599975585938 913.099975585938 906.900024414062 903.400024414062 899.299987792969 894.799987792969 892.599975585938 886.700012207031 876.5 881.599975585938 878.599975585938 874.900024414062 869.299987792969 860.200012207031 850.200012207031 841.599975585938 836.099975585938 819.799987792969 816.700012207031 810.799987792969 793.400024414062 779.299987792969 764.700012207031 754.799987792969 740.799987792969 734.099975585938 716.900024414062 701.799987792969 692.099975585938 675.900024414062 658.299987792969 649.599975585938 640.900024414062 632.099975585938 623.599975585938 599.299987792969 571.400024414062 535.299987792969
1045.69995117188 1055 1062.80004882812 1058.09997558594 1043.90002441406 1031.90002441406 1019.79998779297 1004.40002441406 993.599975585938 978.700012207031 967.799987792969 955.400024414062 939.400024414062 932.5 924.799987792969 920.599975585938 918.400024414062 916 912.799987792969 909.799987792969 904.599975585938 898.200012207031 893.299987792969 893.900024414062 884.799987792969 885.099975585938 878.400024414062 875.599975585938 872.200012207031 862.599975585938 850.299987792969 844.700012207031 830.299987792969 821.099975585938 809.900024414062 815.599975585938 799.900024414062 784.799987792969 768.599975585938 758.5 744.900024414062 733.299987792969 719.5 703.799987792969 690.599975585938 676.099975585938 657.299987792969 647.099975585938 637.700012207031 619.900024414062 608.5 598.799987792969 578.200012207031 544.900024414062
1061.40002441406 1070.59997558594 1081.80004882812 1081.40002441406 1062.59997558594 1046.09997558594 1029.5 1014.70001220703 1002.5 989 974.5 957.299987792969 942.299987792969 935.099975585938 924.799987792969 922.099975585938 919.900024414062 913.700012207031 912.799987792969 906.900024414062 904.299987792969 903.299987792969 897.5 899.900024414062 893.700012207031 883 881 876.200012207031 871.5 867 854.5 845.099975585938 830.900024414062 822 813.700012207031 814.299987792969 804.5 782.799987792969 766.599975585938 760.099975585938 746.900024414062 735.599975585938 731.299987792969 710.099975585938 687.900024414062 676.200012207031 665.900024414062 655.900024414062 645.099975585938 624.5 614.299987792969 606.099975585938 577.599975585938 553.799987792969
1069.40002441406 1079.90002441406 1093.59997558594 1097.80004882812 1077.40002441406 1055.30004882812 1035.30004882812 1019 1006.29998779297 991 974.299987792969 954.700012207031 944.799987792969 935.799987792969 925.299987792969 920.099975585938 921.900024414062 915.099975585938 910.599975585938 907.900024414062 904.900024414062 905.599975585938 900.900024414062 900.400024414062 895.700012207031 887.400024414062 885.400024414062 878.700012207031 870.799987792969 866.400024414062 856.400024414062 842.299987792969 827.200012207031 824.799987792969 815.400024414062 808.799987792969 808.799987792969 789.700012207031 769.799987792969 762.099975585938 750.599975585938 744.099975585938 730.400024414062 713.299987792969 695.400024414062 682.5 668.400024414062 657.400024414062 641.900024414062 629.200012207031 611.799987792969 599.599975585938 585.599975585938 552.799987792969
1063.40002441406 1078.19995117188 1093.40002441406 1099.80004882812 1077.59997558594 1056.09997558594 1035.09997558594 1020.40002441406 1006.70001220703 991.099975585938 973.099975585938 953.700012207031 936.400024414062 927.099975585938 919.599975585938 916.400024414062 912.200012207031 914.900024414062 909.099975585938 906.700012207031 902.299987792969 901.299987792969 905.200012207031 903.400024414062 897.200012207031 888.400024414062 887 880.400024414062 874.099975585938 871.5 861.299987792969 845.5 835.400024414062 828.900024414062 818.599975585938 811.5 807.099975585938 794.799987792969 777.099975585938 768.799987792969 760.400024414062 754.799987792969 734.700012207031 722.099975585938 702.900024414062 692.400024414062 671.700012207031 657.099975585938 638.400024414062 619.400024414062 598.400024414062 589.200012207031 581.700012207031 562.099975585938
1046.30004882812 1061.09997558594 1073.40002441406 1072.80004882812 1059.59997558594 1045.5 1028 1013.70001220703 1004.20001220703 983.200012207031 965.5 945.599975585938 929.700012207031 920.400024414062 911.900024414062 912.099975585938 906.5 902.700012207031 904.799987792969 904.099975585938 905.400024414062 901.900024414062 905.200012207031 902.599975585938 896.700012207031 890.299987792969 886.900024414062 884.900024414062 879 872.599975585938 866.099975585938 857.900024414062 847.900024414062 837.400024414062 824.700012207031 818.700012207031 816.799987792969 803.400024414062 780.099975585938 777.400024414062 769.400024414062 755.700012207031 745.599975585938 728.400024414062 707.599975585938 696.799987792969 683.700012207031 657.099975585938 630.799987792969 602.799987792969 594.5 571 569.299987792969 566.599975585938
1024.30004882812 1038.40002441406 1045.80004882812 1045.90002441406 1035.90002441406 1023.59997558594 1012.29998779297 999.400024414062 989.900024414062 972 947.299987792969 930.200012207031 917.299987792969 909 907.799987792969 905.200012207031 902.5 899.099975585938 900.900024414062 903.099975585938 905.299987792969 901.400024414062 903.599975585938 894.900024414062 894.099975585938 894.200012207031 891.099975585938 886 882.400024414062 879.299987792969 875 865.900024414062 856.400024414062 846.200012207031 834.900024414062 826.400024414062 817.200012207031 811.200012207031 793.400024414062 779.599975585938 776.299987792969 764.900024414062 756.900024414062 735.599975585938 717.5 699.799987792969 681.799987792969 661.799987792969 640.400024414062 610.599975585938 576.799987792969 546.400024414062 546.200012207031 556.099975585938
1003.40002441406 1014.20001220703 1019.59997558594 1017.79998779297 1012.40002441406 1003.79998779297 992.299987792969 980.700012207031 967.900024414062 954.400024414062 932.400024414062 914.099975585938 903.299987792969 897.799987792969 895 895.900024414062 895.099975585938 896.099975585938 898.400024414062 902.599975585938 903.5 902.200012207031 902.799987792969 896.599975585938 899.099975585938 894.599975585938 889.700012207031 890.900024414062 890 887.599975585938 884.700012207031 874.700012207031 866.900024414062 855.900024414062 849.5 838.799987792969 824.299987792969 815.200012207031 805 791.5 779.900024414062 772.099975585938 766.099975585938 750.599975585938 733.599975585938 712 706 676.299987792969 646.299987792969 612.599975585938 586.299987792969 547.799987792969 533.799987792969 547.400024414062
983.299987792969 991.099975585938 994.900024414062 996.099975585938 989.599975585938 982.099975585938 971 959.299987792969 944.700012207031 932.799987792969 921 901.700012207031 889.799987792969 886.400024414062 885.200012207031 884.799987792969 891.400024414062 889.099975585938 892.700012207031 899.900024414062 900.599975585938 902.299987792969 904.299987792969 899 898.200012207031 896.900024414062 893.799987792969 897.200012207031 897.799987792969 895.700012207031 895.599975585938 888.599975585938 879.400024414062 872.299987792969 856.700012207031 845.200012207031 834.299987792969 823.900024414062 816.700012207031 812.200012207031 800.599975585938 788.200012207031 777 769.099975585938 749.099975585938 738.400024414062 719.400024414062 689.099975585938 664.900024414062 637.700012207031 604.200012207031 583.099975585938 565.599975585938 571.099975585938
