data/layers/future_layer_mc_126_60/bio17.asc
NCOLS 494 
NROWS 529 
XLLCORNER -117.166666666667 
YLLCORNER -55.5 
CELLSIZE 0.166666666666667 
NODATA_value -3.4e+38 
[rows 144 to 167 of 529, columns 270 to 323 of 494]
282.600006103516 331.100006103516 287.299987792969 249.800003051758 115.400001525879 97.5999984741211 66.0999984741211 55.5999984741211 184.199996948242 138.100006103516 101.800003051758 104.400001525879 51.0999984741211 44.2999992370605 37.2999992370605 37.7000007629395 33.7999992370605 33 33.2999992370605 32.0999984741211 30.5 31.6000003814697 24.5 20.3999996185303 19.7999992370605 18.3999996185303 15.8000001907349 15.6999998092651 18.1000003814697 13.6999998092651 13.1000003814697 14.1000003814697 15.3999996185303 15.6000003814697 15.8999996185303 16.7999992370605 16.3999996185303 17.6000003814697 19.2000007629395 22.8999996185303 23.7000007629395 25 22.7999992370605 25.8999996185303 27.2000007629395 31.1000003814697 35 36.0999984741211 39.7999992370605 42.2000007629395 47.9000015258789 52.4000015258789 60.7000007629395 64
340.299987792969 304.799987792969 243.800003051758 161.600006103516 104 84.3000030517578 73.8000030517578 154.399993896484 159.399993896484 123.400001525879 94.5999984741211 73.6999969482422 52.2999992370605 43.7999992370605 41.2999992370605 38.5999984741211 35.5999984741211 38 37.0999984741211 34.7999992370605 37.5 35.5 28.2000007629395 21.2999992370605 19.1000003814697 18.8999996185303 15.8999996185303 16.1000003814697 16.8999996185303 19 16.6000003814697 14.5 20.7000007629395 23.6000003814697 21.2000007629395 19.6000003814697 18.2999992370605 20.8999996185303 23.7999992370605 24 24.2999992370605 26.2000007629395 26.8999996185303 26.6000003814697 28.7999992370605 35.2999992370605 34 36.7999992370605 39.7999992370605 40.9000015258789 45.5999984741211 50.5999984741211 59.7999992370605 61.2999992370605
279.100006103516 146.199996948242 124.300003051758 114.099998474121 104.099998474121 113.599998474121 122.199996948242 175 126.400001525879 105 96.8000030517578 65.0999984741211 48.7999992370605 51.5999984741211 44 41.2000007629395 40.5999984741211 39.5999984741211 38.2999992370605 34.7999992370605 27.3999996185303 23.8999996185303 23.7000007629395 22.3999996185303 19.5 18.6000003814697 16.8999996185303 16.7000007629395 15.8999996185303 14.8999996185303 15.3999996185303 19.6000003814697 23.3999996185303 21.6000003814697 27.8999996185303 24.2999992370605 25.7999992370605 30.7999992370605 41.0999984741211 31 35.0999984741211 28.1000003814697 32.4000015258789 29.7999992370605 31.8999996185303 35.7999992370605 36.4000015258789 37.9000015258789 42.0999984741211 46.4000015258789 46.2999992370605 55.4000015258789 57.0999984741211 63.7999992370605
168.199996948242 101.699996948242 122.400001525879 131.899993896484 141.600006103516 148.399993896484 126.900001525879 130.899993896484 109.199996948242 80.1999969482422 90.1999969482422 52.9000015258789 48.7999992370605 47.7999992370605 54.0999984741211 55.4000015258789 47.7000007629395 45.4000015258789 41.7999992370605 37.4000015258789 31.7999992370605 25.3999996185303 24.5 22.5 20.5 18 17.7000007629395 16.7999992370605 16.7999992370605 16.2999992370605 15 19 21.7999992370605 29.8999996185303 42.4000015258789 29.8999996185303 41.2999992370605 46.0999984741211 41.9000015258789 53.4000015258789 41.7999992370605 42.7000007629395 44.7999992370605 42.0999984741211 44.2999992370605 37.2000007629395 37.9000015258789 40.5999984741211 53.5999984741211 48.7999992370605 50.5999984741211 54.5999984741211 59.2999992370605 63.0999984741211
211 226.399993896484 149.800003051758 184.800003051758 147.100006103516 122.900001525879 100.800003051758 80.0999984741211 71.5 62.7000007629395 62.9000015258789 69.5999984741211 47.2000007629395 46.0999984741211 52.5999984741211 49.5999984741211 36.0999984741211 38.7999992370605 40.7000007629395 43.2999992370605 31.7999992370605 32 36.0999984741211 35.7999992370605 22.6000003814697 18.2999992370605 18.5 19.6000003814697 18.7000007629395 20.2999992370605 18.6000003814697 17.8999996185303 21.5 23.2999992370605 46.7999992370605 37.9000015258789 51.4000015258789 42.5999984741211 37.5 34.0999984741211 42.7999992370605 42.4000015258789 43.4000015258789 56.2000007629395 51.0999984741211 39.2000007629395 40.4000015258789 45.5999984741211 49.5 50.4000015258789 52.5999984741211 54.5999984741211 61.4000015258789 75.1999969482422
250.300003051758 220.100006103516 168.899993896484 132.899993896484 125.900001525879 116.300003051758 78.5 73.9000015258789 70.1999969482422 60.0999984741211 56.7000007629395 58.9000015258789 57.0999984741211 50.9000015258789 46.2999992370605 40.9000015258789 41.2999992370605 36.0999984741211 35.9000015258789 32.4000015258789 26.2999992370605 28.2999992370605 32.9000015258789 25.3999996185303 21.2999992370605 20.7999992370605 21.7000007629395 22.2000007629395 20.3999996185303 21.6000003814697 21.2999992370605 21.7999992370605 23.7000007629395 22.8999996185303 27.2000007629395 36.5999984741211 34.4000015258789 27.5 31.3999996185303 52.4000015258789 60.2999992370605 53.7000007629395 41.5999984741211 53.7000007629395 60.4000015258789 46.0999984741211 47.0999984741211 51.7999992370605 54.2999992370605 54.2000007629395 57.0999984741211 58.2999992370605 65.3000030517578 76.9000015258789
230.399993896484 199.300003051758 199.5 145.600006103516 116.099998474121 94 76.0999984741211 71 68.9000015258789 59.7000007629395 57.9000015258789 64.6999969482422 50.2999992370605 46.7000007629395 46.7000007629395 44.5999984741211 42.5 41 40.0999984741211 34.0999984741211 32.2999992370605 38.5999984741211 37.9000015258789 32.2999992370605 30 25.2000007629395 25.1000003814697 21.8999996185303 23.7999992370605 23.8999996185303 24.3999996185303 23.2999992370605 23.2999992370605 24.5 26.7999992370605 30 36.5999984741211 40.4000015258789 55.5999984741211 57.0999984741211 63.4000015258789 64.9000015258789 48.7999992370605 41.9000015258789 46.5 47.5999984741211 51.7000007629395 53.2000007629395 55 57.5 61.9000015258789 63.2999992370605 75.5 92.0999984741211
390.600006103516 211.300003051758 188.300003051758 133.300003051758 103.099998474121 90.0999984741211 76.9000015258789 71 63.0999984741211 61.4000015258789 53.9000015258789 54.5 49.7000007629395 46.4000015258789 52.7999992370605 46.4000015258789 49.4000015258789 56.4000015258789 48.2999992370605 42.9000015258789 44.4000015258789 43.9000015258789 38.2999992370605 38.7999992370605 29.2999992370605 27.3999996185303 26.7999992370605 27.3999996185303 25.5 24.3999996185303 25.8999996185303 26.2999992370605 28 30.6000003814697 34.0999984741211 46.2999992370605 41.7000007629395 36.5999984741211 42.4000015258789 58.0999984741211 55.0999984741211 58.7000007629395 75 58.5 54.7999992370605 56.7999992370605 57 65.0999984741211 61.2000007629395 66.0999984741211 69.8000030517578 72.5 83.5 100.5
424.100006103516 251.300003051758 178.800003051758 139.800003051758 100.900001525879 88 79.3000030517578 70.9000015258789 66.5999984741211 60.7999992370605 55.2999992370605 54.5999984741211 57.2999992370605 55.5999984741211 57.2000007629395 49 54.5999984741211 59.9000015258789 50.2999992370605 44.5999984741211 39.2000007629395 37.0999984741211 35.0999984741211 31.2999992370605 31.5 31.1000003814697 31.5 29.8999996185303 32.7999992370605 29.8999996185303 30.6000003814697 36.0999984741211 33.7999992370605 35.7000007629395 39.7999992370605 43.0999984741211 45.7000007629395 54.4000015258789 51.9000015258789 49.7999992370605 75.6999969482422 64.4000015258789 60 61.7000007629395 63 62.7999992370605 68.8000030517578 78.8000030517578 80.5999984741211 83 77.9000015258789 79.3000030517578 85.8000030517578 91.0999984741211
315.299987792969 239.199996948242 167.699996948242 134.600006103516 104.400001525879 81.0999984741211 76.0999984741211 72.8000030517578 65.9000015258789 63 66.0999984741211 65.3000030517578 61.7999992370605 61 65.1999969482422 60 57.2999992370605 63.2999992370605 52.4000015258789 42.9000015258789 39.2000007629395 39.4000015258789 38.5999984741211 35.9000015258789 38.0999984741211 37 35.2000007629395 37.7999992370605 42.7999992370605 40.9000015258789 46.5999984741211 43.7000007629395 48.2999992370605 41.9000015258789 45.2999992370605 60.9000015258789 72.5999984741211 65.0999984741211 53.9000015258789 70.3000030517578 95.0999984741211 73.5 64.9000015258789 71.4000015258789 77.0999984741211 80.6999969482422 87.4000015258789 95.8000030517578 94.8000030517578 93.9000015258789 84.8000030517578 87.9000015258789 96.4000015258789 106.300003051758
399.799987792969 319.600006103516 171.600006103516 129.300003051758 92.8000030517578 83 79.4000015258789 69.6999969482422 62.2999992370605 62.4000015258789 61.0999984741211 58.0999984741211 59.7000007629395 58.9000015258789 57.9000015258789 57.2999992370605 47.7000007629395 53.5 46.7999992370605 47.7999992370605 45.5999984741211 44.7000007629395 42.5999984741211 43.5999984741211 42.9000015258789 42.0999984741211 42.5999984741211 41.0999984741211 44.7000007629395 50.7999992370605 48.2999992370605 48.2999992370605 77.0999984741211 50.0999984741211 52.4000015258789 71.1999969482422 75.5999984741211 62.4000015258789 63.0999984741211 75.5999984741211 100.5 85.4000015258789 75.8000030517578 76.4000015258789 78.5 84.5 97.1999969482422 103.400001525879 106.199996948242 112.5 109.699996948242 105 117.800003051758 117.400001525879
346.399993896484 400.100006103516 217.100006103516 124.599998474121 91.4000015258789 88.3000030517578 81 71 65.5 67.3000030517578 59.5999984741211 59.5999984741211 57.9000015258789 54.5 54.9000015258789 51.2000007629395 49.9000015258789 48.4000015258789 48.7000007629395 49.0999984741211 53.7999992370605 53.4000015258789 51.2000007629395 56.5999984741211 50 48.2000007629395 48.2999992370605 49.5999984741211 50.0999984741211 52.0999984741211 56.7999992370605 65.4000015258789 67.8000030517578 55.0999984741211 59.0999984741211 98.6999969482422 89.5999984741211 73.3000030517578 69.8000030517578 78.0999984741211 125.099998474121 121.300003051758 107 100.699996948242 88.8000030517578 89.3000030517578 101.900001525879 118.5 121.699996948242 123.599998474121 105.400001525879 113.900001525879 121.300003051758 125.400001525879
102.800003051758 340.399993896484 200 115.900001525879 89.3000030517578 90.0999984741211 78.5999984741211 71.0999984741211 69.6999969482422 64.8000030517578 65.6999969482422 58.4000015258789 58.7999992370605 57.0999984741211 56.2000007629395 55.7999992370605 55.7999992370605 58.2000007629395 53.4000015258789 53.2999992370605 54.7999992370605 57 57.5 56.9000015258789 61.7000007629395 59.9000015258789 59.5 60.0999984741211 57.7999992370605 61.5 66.5999984741211 68.4000015258789 62.5999984741211 62.5 66 80.9000015258789 93.4000015258789 81.8000030517578 79.5999984741211 86.4000015258789 126.400001525879 152.199996948242 133.399993896484 114.599998474121 110.699996948242 111.300003051758 106.900001525879 123.599998474121 137.100006103516 127.800003051758 133.300003051758 132.399993896484 120.900001525879 124.400001525879
139.600006103516 201.899993896484 141.399993896484 109.599998474121 86.1999969482422 88.3000030517578 82.4000015258789 77.5999984741211 70.1999969482422 66.6999969482422 66.0999984741211 64.9000015258789 63.2999992370605 62.9000015258789 65.0999984741211 60.7000007629395 59.0999984741211 61.2999992370605 61.9000015258789 59.9000015258789 59.5 60.9000015258789 65.8000030517578 66.0999984741211 70.3000030517578 65.8000030517578 67.8000030517578 69.5999984741211 75.5999984741211 76 75.5999984741211 73.4000015258789 68.8000030517578 71 77.3000030517578 85.6999969482422 100.5 94.1999969482422 96.0999984741211 99.5999984741211 112.599998474121 159.5 152 134 133.600006103516 141.600006103516 123.599998474121 128.600006103516 153.100006103516 145.100006103516 123.599998474121 135.100006103516 134.199996948242 142.100006103516
378.100006103516 206.399993896484 129.100006103516 106.900001525879 92.1999969482422 81.4000015258789 76.5999984741211 73.1999969482422 73.1999969482422 67.5999984741211 64.3000030517578 67.9000015258789 72.3000030517578 69.5999984741211 68.5999984741211 64 67.8000030517578 65.0999984741211 73.5 67.0999984741211 68.4000015258789 71 76.9000015258789 80.8000030517578 83 80.6999969482422 81.4000015258789 83.8000030517578 91.0999984741211 92.0999984741211 85.0999984741211 99.4000015258789 82.5999984741211 83.8000030517578 90.3000030517578 96.3000030517578 97.8000030517578 92.9000015258789 91.3000030517578 94.8000030517578 106.400001525879 150.699996948242 161.600006103516 160 141.699996948242 146.899993896484 143.600006103516 139.5 164.699996948242 147.899993896484 145.800003051758 151.399993896484 162.399993896484 152.399993896484
255.5 254.699996948242 131.399993896484 110.5 96 87.3000030517578 82.9000015258789 75.5999984741211 72.3000030517578 74.4000015258789 71.4000015258789 76 76.0999984741211 78.4000015258789 73.8000030517578 78.4000015258789 85 82.0999984741211 73.3000030517578 78.0999984741211 81.3000030517578 81.3000030517578 85.5 86.5999984741211 84.9000015258789 89.1999969482422 87.1999969482422 107.900001525879 103.400001525879 92.9000015258789 104.300003051758 106 85.0999984741211 92.6999969482422 102.199996948242 104.099998474121 100.599998474121 107.5 107.800003051758 104.900001525879 135.5 179.800003051758 168.600006103516 168.399993896484 161.399993896484 162.800003051758 165.699996948242 148 182.399993896484 178.300003051758 184.800003051758 180.600006103516 198.800003051758 175.399993896484
177.300003051758 164.600006103516 122.300003051758 104.400001525879 90.8000030517578 85.5999984741211 81.8000030517578 76.8000030517578 79.9000015258789 74 77 79.6999969482422 78.8000030517578 78.9000015258789 80.0999984741211 76.5 76.5 78.4000015258789 83.8000030517578 94.5999984741211 92.3000030517578 96.0999984741211 99 101.900001525879 96.1999969482422 100.199996948242 114.5 135.100006103516 116 100.900001525879 117.5 117.900001525879 101.800003051758 88.5 96.0999984741211 107.400001525879 121.599998474121 130.100006103516 112.400001525879 115.5 142.300003051758 192.100006103516 181.100006103516 180.800003051758 178.600006103516 173.100006103516 183.300003051758 166.699996948242 161.600006103516 175.899993896484 179.100006103516 189.399993896484 177.199996948242 166.699996948242
143.300003051758 131.100006103516 115.699996948242 112.400001525879 100.900001525879 89.8000030517578 85.0999984741211 81.1999969482422 81.1999969482422 80.4000015258789 81.4000015258789 83.3000030517578 88.1999969482422 84.5999984741211 83 80.4000015258789 91.4000015258789 96.9000015258789 99.3000030517578 106.699996948242 109.599998474121 106.199996948242 109.300003051758 108 118.5 133.199996948242 153.399993896484 129 116.900001525879 117 112.400001525879 109.699996948242 101.199996948242 97.9000015258789 104.800003051758 116 114.800003051758 120.300003051758 128.300003051758 111.400001525879 121.400001525879 185.600006103516 199.600006103516 203.300003051758 203.300003051758 189.100006103516 195.800003051758 184 178.199996948242 186.899993896484 204.800003051758 192.100006103516 169.899993896484 169.600006103516
129.699996948242 114.599998474121 113.599998474121 107.800003051758 102.800003051758 99.9000015258789 90.4000015258789 88.0999984741211 90.0999984741211 94.0999984741211 90.0999984741211 88.5 91.5999984741211 93.9000015258789 97.5999984741211 101.599998474121 102.099998474121 109.400001525879 110.900001525879 121.400001525879 116.099998474121 113.599998474121 119.400001525879 121.699996948242 126.199996948242 155.399993896484 165 128.600006103516 131.199996948242 121.400001525879 104.300003051758 112.800003051758 115.099998474121 109.599998474121 112.099998474121 121.300003051758 117.599998474121 132.600006103516 122.099998474121 117.800003051758 127.599998474121 163.300003051758 212.600006103516 213.100006103516 215.800003051758 214.199996948242 207.800003051758 198.199996948242 209.399993896484 220.899993896484 188.699996948242 183.199996948242 204.899993896484 180.800003051758
121.099998474121 121.300003051758 111.800003051758 106.900001525879 104.300003051758 102.300003051758 100 100.099998474121 95.3000030517578 97.5999984741211 108 101.400001525879 100.300003051758 106 107.400001525879 105.400001525879 110.300003051758 113.800003051758 120.400001525879 123.599998474121 126.800003051758 125.400001525879 129 132.100006103516 130.899993896484 139.300003051758 143.399993896484 123.199996948242 120.400001525879 118.099998474121 124.099998474121 120.400001525879 118.900001525879 114.599998474121 114.599998474121 125 142.699996948242 149.399993896484 129.399993896484 129.800003051758 163.399993896484 179.199996948242 223.199996948242 228.600006103516 236.399993896484 230.399993896484 221.5 209.600006103516 230.800003051758 240.800003051758 215.100006103516 193.899993896484 224.100006103516 222.899993896484
120.800003051758 120.900001525879 115.699996948242 110.300003051758 109.300003051758 106.099998474121 108.699996948242 109.900001525879 97.0999984741211 110.699996948242 119.199996948242 123.199996948242 122.599998474121 122.900001525879 121.800003051758 119.900001525879 119.800003051758 121.400001525879 130.899993896484 132.699996948242 135.399993896484 138.800003051758 139.399993896484 145.199996948242 145.300003051758 152.699996948242 138 123.900001525879 129.600006103516 126.199996948242 125.400001525879 122.099998474121 123.800003051758 124.199996948242 127.400001525879 140.100006103516 141.100006103516 131.899993896484 130.899993896484 137.600006103516 145.5 181.199996948242 225.699996948242 234.399993896484 234.100006103516 241.600006103516 231 227.5 254.899993896484 273.399993896484 280.700012207031 259.5 258.399993896484 251.100006103516
118.199996948242 118.599998474121 113.699996948242 112.900001525879 114.900001525879 120 114.5 104.400001525879 125.400001525879 130.399993896484 127.599998474121 130.800003051758 128.899993896484 136.899993896484 137.100006103516 136.399993896484 132.100006103516 138.800003051758 151.699996948242 144.600006103516 145.199996948242 149.800003051758 155.600006103516 156.899993896484 165 174.399993896484 149.199996948242 129.800003051758 144.300003051758 145.800003051758 129.600006103516 134.100006103516 146.800003051758 135.300003051758 139 138.300003051758 141.100006103516 136.300003051758 143.899993896484 147.100006103516 152.399993896484 198.5 246.800003051758 251.5 248 245.399993896484 254 238.600006103516 257.899993896484 237.399993896484 270.399993896484 293.5 302.299987792969 296.600006103516
128.899993896484 119.099998474121 126.599998474121 130.100006103516 131.800003051758 127.599998474121 111.599998474121 125.900001525879 129.300003051758 133.300003051758 138 132.800003051758 128.399993896484 130.5 138.300003051758 134.399993896484 151.100006103516 145.300003051758 151.899993896484 152.100006103516 159.899993896484 164.899993896484 190.800003051758 188.5 165.899993896484 169.899993896484 154.899993896484 144.399993896484 171.300003051758 162.5 173.5 171.699996948242 176.300003051758 151.300003051758 145.5 150.100006103516 182.300003051758 160.100006103516 161.800003051758 171.100006103516 199.100006103516 212.5 261.299987792969 262.299987792969 240.800003051758 232.800003051758 260 289.799987792969 253.600006103516 244.199996948242 260.399993896484 338.600006103516 356.399993896484 345.799987792969
143.899993896484 131.399993896484 140.800003051758 133.300003051758 127.300003051758 116.300003051758 122.800003051758 114.800003051758 106.800003051758 109.400001525879 131.300003051758 137.699996948242 133.699996948242 137.399993896484 150.300003051758 155.300003051758 157.600006103516 161.899993896484 157.100006103516 165.300003051758 173.100006103516 182.300003051758 196.300003051758 194.600006103516 201.100006103516 214.699996948242 186.399993896484 197.199996948242 171.899993896484 155.399993896484 199.600006103516 199.199996948242 191.399993896484 171.5 169.699996948242 178.100006103516 184 179.899993896484 175.699996948242 192.899993896484 229.399993896484 234.300003051758 273 274.700012207031 253.399993896484 235.600006103516 271.799987792969 302.600006103516 308.799987792969 258.399993896484 306.700012207031 335 333.899993896484 368.399993896484
