data/layers/future_layer_mc_126_60/bio18.asc
NCOLS 494 
NROWS 529 
XLLCORNER -117.166666666667 
YLLCORNER -55.5 
CELLSIZE 0.166666666666667 
NODATA_value -3.4e+38 
[rows 96 to 119 of 529, columns 162 to 215 of 494]
627.200012207031 703.099975585938 762 848.400024414062 931.400024414062 1008.90002441406 977.599975585938 870.299987792969 846.200012207031 824.200012207031 748.900024414062 -3.4e+38 -3.4e+38 -3.4e+38 -3.4e+38 -3.4e+38 -3.4e+38 -3.4e+38 -3.4e+38 -3.4e+38 -3.4e+38 -3.4e+38 -3.4e+38 -3.4e+38 -3.4e+38 -3.4e+38 -3.4e+38 -3.4e+38 -3.4e+38 -3.4e+38 -3.4e+38 -3.4e+38 -3.4e+38 -3.4e+38 -3.4e+38 -3.4e+38 -3.4e+38 -3.4e+38 -3.4e+38 -3.4e+38 -3.4e+38 -3.4e+38 -3.4e+38 -3.4e+38 -3.4e+38 -3.4e+38 -3.4e+38 -3.4e+38 -3.4e+38 -3.4e+38 -3.4e+38 -3.4e+38 -3.4e+38 -3.4e+38
674.900024414062 686.799987792969 951.799987792969 1122.90002441406 1205.40002441406 1141.09997558594 1105.59997558594 1161.5 1092.90002441406 944.700012207031 -3.4e+38 -3.4e+38 -3.4e+38 -3.4e+38 -3.4e+38 -3.4e+38 -3.4e+38 -3.4e+38 -3.4e+38 -3.4e+38 -3.4e+38 -3.4e+38 -3.4e+38 -3.4e+38 -3.4e+38 -3.4e+38 -3.4e+38 -3.4e+38 -3.4e+38 -3.4e+38 -3.4e+38 -3.4e+38 -3.4e+38 -3.4e+38 -3.4e+38 -3.4e+38 -3.4e+38 -3.4e+38 -3.4e+38 -3.4e+38 -3.4e+38 -3.4e+38 -3.4e+38 -3.4e+38 -3.4e+38 -3.4e+38 -3.4e+38 -3.4e+38 -3.4e+38 -3.4e+38 -3.4e+38 -3.4e+38 -3.4e+38 -3.4e+38
677.299987792969 874.099975585938 985 1302.30004882812 1330.30004882812 1330.69995117188 1391.90002441406 1425.80004882812 -3.4e+38 -3.4e+38 -3.4e+38 -3.4e+38 -3.4e+38 -3.4e+38 -3.4e+38 -3.4e+38 -3.4e+38 -3.4e+38 -3.4e+38 -3.4e+38 -3.4e+38 -3.4e+38 -3.4e+38 -3.4e+38 -3.4e+38 -3.4e+38 -3.4e+38 -3.4e+38 -3.4e+38 -3.4e+38 -3.4e+38 -3.4e+38 -3.4e+38 -3.4e+38 -3.4e+38 -3.4e+38 -3.4e+38 -3.4e+38 -3.4e+38 -3.4e+38 -3.4e+38 -3.4e+38 -3.4e+38 -3.4e+38 -3.4e+38 -3.4e+38 -3.4e+38 -3.4e+38 -3.4e+38 -3.4e+38 -3.4e+38 -3.4e+38 -3.4e+38 -3.4e+38
719.299987792969 1065.30004882812 1309.90002441406 1368.69995117188 1396.80004882812 1419.30004882812 1463.80004882812 1514.59997558594 -3.4e+38 -3.4e+38 -3.4e+38 -3.4e+38 -3.4e+38 -3.4e+38 -3.4e+38 -3.4e+38 -3.4e+38 -3.4e+38 -3.4e+38 -3.4e+38 -3.4e+38 -3.4e+38 -3.4e+38 -3.4e+38 -3.4e+38 -3.4e+38 -3.4e+38 -3.4e+38 -3.4e+38 -3.4e+38 -3.4e+38 -3.4e+38 -3.4e+38 -3.4e+38 -3.4e+38 -3.4e+38 -3.4e+38 -3.4e+38 -3.4e+38 -3.4e+38 -3.4e+38 -3.4e+38 -3.4e+38 -3.4e+38 -3.4e+38 -3.4e+38 -3.4e+38 -3.4e+38 -3.4e+38 -3.4e+38 -3.4e+38 -3.4e+38 -3.4e+38 -3.4e+38
895.900024414062 1167.80004882812 1344.09997558594 1385.90002441406 1383.09997558594 1368.30004882812 1372.69995117188 -3.4e+38 -3.4e+38 -3.4e+38 -3.4e+38 -3.4e+38 -3.4e+38 -3.4e+38 -3.4e+38 -3.4e+38 -3.4e+38 -3.4e+38 -3.4e+38 -3.4e+38 -3.4e+38 -3.4e+38 -3.4e+38 -3.4e+38 -3.4e+38 -3.4e+38 -3.4e+38 -3.4e+38 -3.4e+38 -3.4e+38 -3.4e+38 -3.4e+38 -3.4e+38 -3.4e+38 -3.4e+38 -3.4e+38 -3.4e+38 -3.4e+38 -3.4e+38 -3.4e+38 -3.4e+38 -3.4e+38 -3.4e+38 -3.4e+38 -3.4e+38 -3.4e+38 -3.4e+38 -3.4e+38 -3.4e+38 -3.4e+38 -3.4e+38 -3.4e+38 -3.4e+38 -3.4e+38
1370.90002441406 1379.09997558594 1372.90002441406 1351.09997558594 1311.30004882812 1259.09997558594 1210.09997558594 1138 1000.90002441406 -3.4e+38 715.900024414062 -3.4e+38 -3.4e+38 462.799987792969 443.899993896484 449.700012207031 -3.4e+38 392.200012207031 -3.4e+38 -3.4e+38 -3.4e+38 311.100006103516 -3.4e+38 274 278.5 302.600006103516 301.100006103516 319.200012207031 395.299987792969 494.700012207031 720 755.700012207031 822.599975585938 -3.4e+38 828.599975585938 -3.4e+38 -3.4e+38 -3.4e+38 -3.4e+38 -3.4e+38 -3.4e+38 -3.4e+38 -3.4e+38 -3.4e+38 -3.4e+38 -3.4e+38 -3.4e+38 -3.4e+38 -3.4e+38 -3.4e+38 -3.4e+38 -3.4e+38 -3.4e+38 -3.4e+38
1185.40002441406 1398.30004882812 1331.90002441406 1314.40002441406 1215.59997558594 1106.40002441406 1034.5 938.400024414062 802.299987792969 673 588.900024414062 522.599975585938 462.899993896484 424 421.799987792969 365.700012207031 403.899993896484 362 336.200012207031 341.600006103516 327 293.399993896484 260.899993896484 261.899993896484 271.799987792969 300 313.299987792969 327.299987792969 393.600006103516 458.899993896484 495.700012207031 774.900024414062 832.900024414062 842.5 850.599975585938 855.700012207031 -3.4e+38 -3.4e+38 -3.4e+38 -3.4e+38 -3.4e+38 -3.4e+38 -3.4e+38 -3.4e+38 -3.4e+38 -3.4e+38 -3.4e+38 -3.4e+38 -3.4e+38 -3.4e+38 -3.4e+38 -3.4e+38 -3.4e+38 -3.4e+38
653 1188.90002441406 1245.09997558594 1082.40002441406 990.099975585938 929.700012207031 873.099975585938 786.099975585938 691.200012207031 645.299987792969 568.200012207031 494.899993896484 444.299987792969 431.5 397.399993896484 295.200012207031 317.5 332.600006103516 288.600006103516 286.899993896484 277.700012207031 279.600006103516 280.799987792969 320.899993896484 350.899993896484 342.399993896484 333.399993896484 373.899993896484 425.200012207031 455.100006103516 500.899993896484 649.799987792969 799.599975585938 815.099975585938 805 791.599975585938 -3.4e+38 -3.4e+38 -3.4e+38 -3.4e+38 -3.4e+38 -3.4e+38 -3.4e+38 -3.4e+38 -3.4e+38 -3.4e+38 -3.4e+38 -3.4e+38 -3.4e+38 -3.4e+38 -3.4e+38 -3.4e+38 -3.4e+38 -3.4e+38
663.5 725.299987792969 922.799987792969 877.200012207031 796.700012207031 603.400024414062 713.900024414062 666.799987792969 599.099975585938 552.099975585938 480.200012207031 452.600006103516 428.100006103516 465.399993896484 380.399993896484 371.799987792969 323.700012207031 300.600006103516 335.899993896484 359.299987792969 370.399993896484 365.100006103516 349.700012207031 347.700012207031 343.399993896484 334.299987792969 344 409.700012207031 422.799987792969 469 505.200012207031 552.900024414062 768.299987792969 706.400024414062 652.400024414062 659.900024414062 773.099975585938 850.5 -3.4e+38 933 -3.4e+38 -3.4e+38 -3.4e+38 -3.4e+38 -3.4e+38 -3.4e+38 -3.4e+38 -3.4e+38 -3.4e+38 -3.4e+38 -3.4e+38 -3.4e+38 -3.4e+38 -3.4e+38
402.899993896484 485.799987792969 417.600006103516 328.899993896484 191.199996948242 310.600006103516 456.600006103516 494.399993896484 447.100006103516 449.299987792969 440.399993896484 400.899993896484 444.700012207031 354.5 399.600006103516 380.299987792969 386.5 358.200012207031 394.600006103516 397.399993896484 409.799987792969 403.200012207031 377.600006103516 377.899993896484 329.299987792969 358.100006103516 400 407.299987792969 441.899993896484 480 513.400024414062 541.799987792969 597.099975585938 738.900024414062 911 759.299987792969 575.200012207031 646.299987792969 898.5 974.799987792969 952.5 -3.4e+38 -3.4e+38 -3.4e+38 -3.4e+38 -3.4e+38 -3.4e+38 -3.4e+38 -3.4e+38 -3.4e+38 -3.4e+38 -3.4e+38 -3.4e+38 -3.4e+38
207.100006103516 148.600006103516 128.899993896484 124.300003051758 205.100006103516 284.100006103516 407.600006103516 457.100006103516 400.399993896484 402.600006103516 428.899993896484 314.299987792969 486.600006103516 490.200012207031 460.899993896484 408.700012207031 377 366.799987792969 417.600006103516 412.200012207031 422.399993896484 396.100006103516 352.899993896484 341.299987792969 384.899993896484 423.899993896484 402.700012207031 429.700012207031 460.100006103516 493.200012207031 525.299987792969 558 579.799987792969 775 891.900024414062 781.299987792969 756.299987792969 884.700012207031 914.900024414062 931.700012207031 929.599975585938 -3.4e+38 -3.4e+38 -3.4e+38 -3.4e+38 -3.4e+38 -3.4e+38 -3.4e+38 -3.4e+38 -3.4e+38 -3.4e+38 -3.4e+38 -3.4e+38 -3.4e+38
182.5 212.800003051758 172 132.899993896484 166.800003051758 183.800003051758 211.399993896484 234.5 227.600006103516 286.600006103516 338.299987792969 286.700012207031 369.299987792969 482 459.399993896484 392.100006103516 394.899993896484 364.5 374.600006103516 390.299987792969 387.799987792969 366.5 350.899993896484 330.399993896484 356.899993896484 367.600006103516 372 446.100006103516 475.399993896484 506.100006103516 538.400024414062 567.400024414062 590.799987792969 635.900024414062 680.599975585938 829.900024414062 842.299987792969 834.799987792969 857.900024414062 888.900024414062 902.700012207031 -3.4e+38 -3.4e+38 -3.4e+38 -3.4e+38 -3.4e+38 -3.4e+38 -3.4e+38 -3.4e+38 -3.4e+38 -3.4e+38 -3.4e+38 -3.4e+38 -3.4e+38
232.100006103516 203.300003051758 168.899993896484 146.5 176.699996948242 194.300003051758 226.5 225.300003051758 287.700012207031 222.5 329.799987792969 473.299987792969 381.299987792969 431.600006103516 322.899993896484 376.299987792969 390.299987792969 347.899993896484 333.100006103516 377 371.200012207031 330.100006103516 312.399993896484 332.5 363.899993896484 398.899993896484 430.899993896484 461.5 491.799987792969 520.599975585938 522.5 522.799987792969 495.5 675.799987792969 915.299987792969 841.299987792969 848.299987792969 839.799987792969 846.299987792969 871.700012207031 890 -3.4e+38 -3.4e+38 -3.4e+38 -3.4e+38 -3.4e+38 -3.4e+38 -3.4e+38 -3.4e+38 -3.4e+38 -3.4e+38 -3.4e+38 -3.4e+38 -3.4e+38
247.699996948242 233.399993896484 177.600006103516 144.5 196.300003051758 219.5 248.399993896484 238.300003051758 253.100006103516 245.800003051758 303.600006103516 490.399993896484 406.299987792969 348.100006103516 326.899993896484 280.600006103516 442.899993896484 358.799987792969 320.399993896484 368.600006103516 346.5 336.600006103516 309.299987792969 334.100006103516 368.100006103516 406.100006103516 440.100006103516 472.399993896484 501.399993896484 487 354.899993896484 348.700012207031 370 376.5 484.899993896484 744.700012207031 861.799987792969 862.900024414062 859.299987792969 874.400024414062 899.799987792969 -3.4e+38 -3.4e+38 -3.4e+38 -3.4e+38 -3.4e+38 -3.4e+38 -3.4e+38 -3.4e+38 -3.4e+38 -3.4e+38 -3.4e+38 -3.4e+38 -3.4e+38
283.5 240.800003051758 198.300003051758 182.399993896484 198.300003051758 231.899993896484 258.100006103516 290.799987792969 288.100006103516 272.399993896484 277.600006103516 302.399993896484 403.100006103516 389.600006103516 354.899993896484 236.399993896484 418.899993896484 298.799987792969 383.200012207031 285.5 332.299987792969 314 397.200012207031 337.700012207031 394.899993896484 448.200012207031 456.299987792969 481.299987792969 497.600006103516 373.600006103516 325.700012207031 357.100006103516 378.899993896484 394.600006103516 398.100006103516 417.899993896484 658.099975585938 887.900024414062 895.799987792969 853.299987792969 747.599975585938 -3.4e+38 -3.4e+38 -3.4e+38 -3.4e+38 -3.4e+38 -3.4e+38 -3.4e+38 -3.4e+38 -3.4e+38 -3.4e+38 -3.4e+38 -3.4e+38 -3.4e+38
264.200012207031 241 237.800003051758 230.399993896484 250.300003051758 273.600006103516 299.100006103516 314 324 313.100006103516 317.600006103516 315.899993896484 298.899993896484 473.799987792969 304.899993896484 394.899993896484 490.799987792969 393.299987792969 444.399993896484 172.899993896484 309.299987792969 358.299987792969 310.399993896484 356.200012207031 477.200012207031 496.600006103516 459.399993896484 489.5 486.600006103516 314.700012207031 343.399993896484 356 387.399993896484 417.399993896484 415.899993896484 395.600006103516 387.299987792969 452.5 736 675.700012207031 635.200012207031 -3.4e+38 -3.4e+38 -3.4e+38 -3.4e+38 -3.4e+38 -3.4e+38 -3.4e+38 -3.4e+38 -3.4e+38 -3.4e+38 -3.4e+38 -3.4e+38 -3.4e+38
298 265.100006103516 274.700012207031 268.600006103516 266.600006103516 288.299987792969 298.100006103516 318.600006103516 325.600006103516 309.100006103516 265.200012207031 336.200012207031 337.299987792969 328.899993896484 335.799987792969 359.100006103516 370.799987792969 467.799987792969 377.799987792969 425.700012207031 178.800003051758 279.5 365 470.100006103516 438.299987792969 435.399993896484 441.399993896484 500.100006103516 385.600006103516 303.600006103516 328.399993896484 354.399993896484 381.600006103516 406.899993896484 402.299987792969 390.700012207031 385.700012207031 369.899993896484 496.799987792969 643.5 -3.4e+38 -3.4e+38 -3.4e+38 -3.4e+38 -3.4e+38 -3.4e+38 -3.4e+38 -3.4e+38 -3.4e+38 -3.4e+38 -3.4e+38 -3.4e+38 -3.4e+38 -3.4e+38
-3.4e+38 271.399993896484 263.5 264.100006103516 266.899993896484 271.799987792969 281.200012207031 295.299987792969 306.5 215.899993896484 159.600006103516 331.200012207031 329.200012207031 218.600006103516 88.0999984741211 232.100006103516 173.399993896484 298.5 324.299987792969 346.899993896484 194.600006103516 475.700012207031 494.899993896484 432 409.600006103516 521.599975585938 441.799987792969 515.299987792969 307.200012207031 304.899993896484 420.700012207031 330.899993896484 349.899993896484 377.600006103516 389.600006103516 386.399993896484 375.399993896484 355.799987792969 347.100006103516 375.799987792969 -3.4e+38 -3.4e+38 -3.4e+38 -3.4e+38 -3.4e+38 -3.4e+38 -3.4e+38 -3.4e+38 -3.4e+38 -3.4e+38 -3.4e+38 -3.4e+38 -3.4e+38 -3.4e+38
-3.4e+38 -3.4e+38 252.5 257.100006103516 261.200012207031 263.399993896484 275.100006103516 283.200012207031 246.100006103516 282.600006103516 252.199996948242 261.100006103516 181 67.0999984741211 68.3000030517578 64.6999969482422 61.7999992370605 141.800003051758 189.100006103516 223.899993896484 359.799987792969 259.200012207031 248.100006103516 346.600006103516 406.799987792969 363.200012207031 444.700012207031 505.600006103516 327.299987792969 297.100006103516 324.700012207031 320.600006103516 331.200012207031 357.100006103516 379.299987792969 385.899993896484 373.200012207031 359.5 336.899993896484 290.299987792969 -3.4e+38 -3.4e+38 -3.4e+38 -3.4e+38 -3.4e+38 -3.4e+38 -3.4e+38 -3.4e+38 -3.4e+38 -3.4e+38 -3.4e+38 -3.4e+38 -3.4e+38 -3.4e+38
-3.4e+38 -3.4e+38 -3.4e+38 -3.4e+38 -3.4e+38 -3.4e+38 -3.4e+38 174.699996948242 191.300003051758 243.399993896484 189.300003051758 171.600006103516 200.100006103516 65.5999984741211 -3.4e+38 48.2999992370605 42.2000007629395 50.7999992370605 91.5 383.100006103516 433.200012207031 340.899993896484 209.100006103516 373.899993896484 476.799987792969 290.299987792969 410.899993896484 545.400024414062 548.799987792969 299.700012207031 316.5 316.299987792969 330.100006103516 355.100006103516 369.799987792969 366.399993896484 366.299987792969 356.700012207031 334 -3.4e+38 -3.4e+38 -3.4e+38 -3.4e+38 -3.4e+38 -3.4e+38 -3.4e+38 -3.4e+38 -3.4e+38 -3.4e+38 -3.4e+38 -3.4e+38 -3.4e+38 -3.4e+38 -3.4e+38
-3.4e+38 -3.4e+38 -3.4e+38 -3.4e+38 -3.4e+38 -3.4e+38 -3.4e+38 -3.4e+38 -3.4e+38 -3.4e+38 230.300003051758 236.800003051758 189.600006103516 -3.4e+38 -3.4e+38 -3.4e+38 -3.4e+38 43.5999984741211 106.400001525879 282.600006103516 330.200012207031 359 321.899993896484 476.799987792969 515.299987792969 608.799987792969 666.099975585938 634.299987792969 314.299987792969 299.700012207031 307.899993896484 303.100006103516 334 350.200012207031 361.200012207031 363.600006103516 362.700012207031 343.299987792969 337.299987792969 -3.4e+38 -3.4e+38 -3.4e+38 -3.4e+38 -3.4e+38 -3.4e+38 -3.4e+38 -3.4e+38 -3.4e+38 -3.4e+38 -3.4e+38 -3.4e+38 -3.4e+38 -3.4e+38 -3.4e+38
-3.4e+38 -3.4e+38 -3.4e+38 -3.4e+38 -3.4e+38 -3.4e+38 -3.4e+38 -3.4e+38 -3.4e+38 -3.4e+38 -3.4e+38 -3.4e+38 -3.4e+38 -3.4e+38 -3.4e+38 -3.4e+38 -3.4e+38 36.7999992370605 39.5999984741211 170.5 290.299987792969 276 326.299987792969 247.199996948242 225.399993896484 627.299987792969 389.299987792969 306.600006103516 295 291.899993896484 297.100006103516 304.399993896484 315.899993896484 344.399993896484 358.399993896484 362.899993896484 363.299987792969 357.200012207031 334.799987792969 -3.4e+38 -3.4e+38 -3.4e+38 -3.4e+38 -3.4e+38 -3.4e+38 -3.4e+38 -3.4e+38 -3.4e+38 -3.4e+38 -3.4e+38 -3.4e+38 -3.4e+38 -3.4e+38 -3.4e+38
-3.4e+38 -3.4e+38 -3.4e+38 -3.4e+38 -3.4e+38 -3.4e+38 -3.4e+38 -3.4e+38 -3.4e+38 -3.4e+38 -3.4e+38 -3.4e+38 -3.4e+38 -3.4e+38 -3.4e+38 21.8999996185303 -3.4e+38 28.1000003814697 129.300003051758 273 282.100006103516 278 268.100006103516 209.800003051758 206.199996948242 320.600006103516 355.399993896484 269.299987792969 320.799987792969 294.299987792969 303.299987792969 317.299987792969 349 348.399993896484 355.600006103516 364 368.399993896484 363.5 346.299987792969 310.700012207031 -3.4e+38 -3.4e+38 -3.4e+38 -3.4e+38 -3.4e+38 -3.4e+38 -3.4e+38 -3.4e+38 -3.4e+38 -3.4e+38 -3.4e+38 -3.4e+38 -3.4e+38 -3.4e+38
-3.4e+38 -3.4e+38 -3.4e+38 -3.4e+38 -3.4e+38 -3.4e+38 -3.4e+38 -3.4e+38 -3.4e+38 -3.4e+38 -3.4e+38 -3.4e+38 -3.4e+38 -3.4e+38 -3.4e+38 -3.4e+38 -3.4e+38 21.8999996185303 121.400001525879 272.100006103516 255.100006103516 252.899993896484 242.800003051758 217.699996948242 203.699996948242 221.699996948242 235.899993896484 215.399993896484 210 274.600006103516 300.5 392.899993896484 356.700012207031 337.600006103516 357.299987792969 361.700012207031 372.299987792969 377 346.5 -3.4e+38 -3.4e+38 -3.4e+38 -3.4e+38 -3.4e+38 -3.4e+38 -3.4e+38 -3.4e+38 -3.4e+38 -3.4e+38 -3.4e+38 -3.4e+38 -3.4e+38 -3.4e+38 -3.4e+38
