data/layers/future_layer_mc_126_60/bio12.asc
NCOLS 494 
NROWS 529 
XLLCORNER -117.166666666667 
YLLCORNER -55.5 
CELLSIZE 0.166666666666667 
NODATA_value -3.4e+38 
[rows 24 to 47 of 529, columns 54 to 107 of 494]
849.799987792969 701.900024414062 641.599975585938 560.400024414062 512.299987792969 515.799987792969 523.5 497.700012207031 501.299987792969 503.299987792969 537.099975585938 493 453.700012207031 440 377.600006103516 337.299987792969 324.600006103516 344.299987792969 342.5 333.399993896484 335.399993896484 350.100006103516 340.299987792969 342.799987792969 329.600006103516 311.5 306.799987792969 332.799987792969 276.899993896484 246.199996948242 243.899993896484 244.300003051758 255.600006103516 315.399993896484 300.5 312.600006103516 320.799987792969 346.299987792969 370.600006103516 386.200012207031 394.299987792969 411.399993896484 432.399993896484 455.700012207031 475 495.5 507.700012207031 518.400024414062 523.900024414062 530.299987792969 533.599975585938 545.599975585938 570.099975585938 593.900024414062
930.400024414062 783.900024414062 660.700012207031 617 545.099975585938 529.299987792969 538.400024414062 504.899993896484 492.899993896484 503 491.299987792969 489.5 498.799987792969 438.799987792969 387.799987792969 345.200012207031 330.200012207031 332.799987792969 341.200012207031 365.200012207031 364.299987792969 367.100006103516 356.799987792969 350.700012207031 326.600006103516 296.399993896484 279.700012207031 272.200012207031 269.600006103516 246.899993896484 273.299987792969 252.800003051758 262.200012207031 321.600006103516 306.899993896484 320.200012207031 330.600006103516 381.600006103516 441.399993896484 454.100006103516 435.600006103516 406.700012207031 416.600006103516 439.100006103516 456.899993896484 474.399993896484 490.700012207031 502.600006103516 511.799987792969 519.599975585938 522.700012207031 530.099975585938 549.599975585938 569.099975585938
988.900024414062 855.900024414062 769.299987792969 703.200012207031 596.099975585938 590.900024414062 547.799987792969 532.299987792969 507.899993896484 493.700012207031 491.799987792969 477.100006103516 483.899993896484 431.399993896484 391.100006103516 361 339.5 344.600006103516 340.399993896484 341.5 382.299987792969 385.700012207031 370.799987792969 365.799987792969 342.100006103516 296.899993896484 281.5 278.200012207031 283.100006103516 259.899993896484 331.600006103516 274.5 285.299987792969 301.299987792969 326.100006103516 330.100006103516 342.899993896484 389.899993896484 463.5 493.100006103516 466.700012207031 426.399993896484 414.799987792969 426 440.399993896484 457.799987792969 474 484.399993896484 493.899993896484 504.5 509.799987792969 520.299987792969 536.400024414062 548.400024414062
1019.40002441406 903.799987792969 815.900024414062 745 678.599975585938 629.400024414062 587 560.099975585938 536.099975585938 524.5 501.299987792969 482.799987792969 478.100006103516 438.399993896484 383.399993896484 356.700012207031 349.5 351.100006103516 349.200012207031 361.799987792969 371.100006103516 368.5 375.200012207031 352.200012207031 321 297.899993896484 292 286.399993896484 285.600006103516 276 310.799987792969 311.100006103516 302.5 313.799987792969 326.600006103516 341.399993896484 361.899993896484 427.799987792969 516.099975585938 497.799987792969 463.899993896484 435.700012207031 417.899993896484 414.899993896484 424.100006103516 440.100006103516 456.399993896484 470.100006103516 479.899993896484 490.100006103516 498.100006103516 510.600006103516 525.900024414062 535.200012207031
1007.70001220703 920.400024414062 846.5 780.200012207031 738.299987792969 670.799987792969 597.799987792969 594.5 553.5 541.400024414062 513.400024414062 493.299987792969 468.799987792969 430.200012207031 395.299987792969 371.100006103516 360.399993896484 359.5 363.299987792969 363.799987792969 369.299987792969 370.299987792969 371.799987792969 357.299987792969 327.799987792969 309.5 326.100006103516 310.100006103516 287.799987792969 283.399993896484 289.5 297.799987792969 314.399993896484 315.299987792969 334.200012207031 344.100006103516 358.299987792969 374.700012207031 449.899993896484 467.100006103516 447.299987792969 429.200012207031 417.5 410.5 415 426.899993896484 443 457.600006103516 468.5 476.700012207031 484.600006103516 495.899993896484 511.200012207031 521.299987792969
978.400024414062 949.799987792969 877.400024414062 800.599975585938 751.900024414062 695.700012207031 632.200012207031 659.900024414062 596.599975585938 559.299987792969 545.099975585938 494.600006103516 473.799987792969 451.799987792969 412.899993896484 377.299987792969 361.799987792969 372.299987792969 370.899993896484 361.399993896484 355.600006103516 371.299987792969 361.100006103516 351.299987792969 341.600006103516 338.399993896484 325.299987792969 335.100006103516 303.600006103516 292.299987792969 293.299987792969 296.799987792969 333.200012207031 327.100006103516 326.700012207031 341.100006103516 354.799987792969 371.100006103516 390.399993896484 394.200012207031 413.100006103516 413.899993896484 406.600006103516 401.299987792969 403.600006103516 414.799987792969 431.200012207031 447.5 459.100006103516 467.399993896484 468.5 476.799987792969 494.100006103516 509.100006103516
1056.40002441406 992.799987792969 906.299987792969 845.799987792969 779.5 720.200012207031 679.799987792969 644.599975585938 599.299987792969 566.299987792969 547.400024414062 511.700012207031 489.399993896484 442.600006103516 400.899993896484 369.399993896484 342.299987792969 357.200012207031 360.600006103516 348.899993896484 352.399993896484 382.299987792969 362.700012207031 349.399993896484 344.700012207031 370.100006103516 340.299987792969 355.600006103516 334 315.399993896484 306.399993896484 301.299987792969 355.600006103516 358.100006103516 327.100006103516 339.700012207031 345.799987792969 358.600006103516 380.899993896484 376.299987792969 390.899993896484 396.200012207031 396.5 395.600006103516 392.299987792969 408 424.100006103516 440.899993896484 454.399993896484 459.299987792969 457.799987792969 463.700012207031 480.899993896484 502.299987792969
1074.09997558594 1019.40002441406 941.799987792969 883.599975585938 819.799987792969 770.299987792969 747.5 703.900024414062 623.299987792969 641.900024414062 541.299987792969 496.600006103516 472.899993896484 451.299987792969 428.700012207031 400.299987792969 365 361.5 362.899993896484 349.799987792969 377.100006103516 365.399993896484 380.100006103516 357.700012207031 374.600006103516 352.299987792969 371.299987792969 373.899993896484 334.899993896484 313.200012207031 305.700012207031 299.299987792969 334.399993896484 370.899993896484 319.799987792969 317.899993896484 325.100006103516 343 351.700012207031 354.899993896484 359 380.600006103516 388.100006103516 395.899993896484 395.600006103516 402 418.100006103516 437.899993896484 455.600006103516 457.5 457.799987792969 463.899993896484 477.5 495.100006103516
1094.30004882812 974.400024414062 990.599975585938 935.299987792969 869.200012207031 803.799987792969 776.599975585938 769.599975585938 713.799987792969 746.799987792969 560.299987792969 518.5 516.200012207031 470.600006103516 481 447.799987792969 413.5 397.200012207031 380.100006103516 365.299987792969 377.399993896484 379.100006103516 365.399993896484 379.100006103516 424.399993896484 359.899993896484 404.700012207031 382.600006103516 331.399993896484 298.200012207031 295.5 293.700012207031 314.799987792969 341.299987792969 305.299987792969 296.200012207031 325.5 331.899993896484 341.200012207031 338.299987792969 346.299987792969 361.899993896484 378.100006103516 394.399993896484 401.600006103516 408.600006103516 416.700012207031 442 459.5 455.600006103516 456.600006103516 461.899993896484 474.799987792969 493
1032.19995117188 960.400024414062 941.799987792969 965.900024414062 920.900024414062 861.599975585938 837.299987792969 849 827.299987792969 814.400024414062 585.900024414062 539.900024414062 569.400024414062 531.599975585938 527.299987792969 491.700012207031 456.399993896484 433.299987792969 403.799987792969 383.799987792969 376.200012207031 395.399993896484 360.399993896484 390.899993896484 362.700012207031 318.5 318.600006103516 304.399993896484 284.299987792969 308.200012207031 281.299987792969 285.899993896484 302.700012207031 358.899993896484 358.200012207031 301.100006103516 293.899993896484 311.299987792969 326.5 329.799987792969 348.200012207031 366.100006103516 369.799987792969 390.100006103516 412.799987792969 419.600006103516 426.299987792969 441.100006103516 451.299987792969 450.600006103516 451.799987792969 461.200012207031 473.700012207031 495
900.099975585938 858 886.400024414062 1024.09997558594 989.299987792969 943.799987792969 925.200012207031 925.099975585938 929.099975585938 867.400024414062 633.799987792969 592.200012207031 619.700012207031 582.400024414062 548.599975585938 525.599975585938 494.399993896484 461.200012207031 433 415.600006103516 386.600006103516 376.799987792969 350.600006103516 328.299987792969 300.600006103516 275.299987792969 272.100006103516 269 268.5 315.899993896484 267.100006103516 273.600006103516 268.100006103516 272.399993896484 271.399993896484 249.600006103516 254.399993896484 278.899993896484 303.899993896484 330.600006103516 358.799987792969 365.100006103516 380.299987792969 393 416.5 437.600006103516 446.5 452.600006103516 447.5 444.899993896484 449.100006103516 462.100006103516 476.399993896484 497
998.299987792969 1042.5 961.5 967.400024414062 1002 1011.70001220703 972.900024414062 958.299987792969 939.900024414062 864.900024414062 737.700012207031 650.400024414062 650.400024414062 640.299987792969 567 525.200012207031 510.600006103516 490.600006103516 470.5 442.399993896484 405.299987792969 379.399993896484 339.799987792969 301.799987792969 283.5 257.899993896484 251.300003051758 258.600006103516 265.799987792969 274.299987792969 304.299987792969 292.700012207031 293.100006103516 272.899993896484 284.399993896484 259.700012207031 256.799987792969 255.800003051758 305.299987792969 302.899993896484 320.600006103516 340.100006103516 363.5 386.100006103516 425.5 443.100006103516 461.399993896484 472.399993896484 469.299987792969 455.600006103516 463.399993896484 474.299987792969 488.899993896484 504.100006103516
972.599975585938 1103.40002441406 1135.80004882812 1052.19995117188 1104.90002441406 1036.09997558594 1000.40002441406 944.299987792969 920.599975585938 886.799987792969 829.900024414062 714.400024414062 708.5 617.5 558.400024414062 523.799987792969 526 512.5 491.299987792969 456.600006103516 416.799987792969 371.399993896484 318.299987792969 274.899993896484 257 246.100006103516 245.800003051758 267.899993896484 262.899993896484 274.399993896484 276.5 315.799987792969 238.899993896484 210.300003051758 196.100006103516 207.100006103516 236.100006103516 262.899993896484 293.399993896484 302.799987792969 311.100006103516 316.299987792969 329 356.600006103516 405 433.299987792969 471 494.899993896484 499.600006103516 488.799987792969 493.899993896484 496.200012207031 505 522.400024414062
1014.70001220703 1110.09997558594 1098.5 1165.5 1134.09997558594 1135.30004882812 1052.09997558594 985.599975585938 906.400024414062 867.299987792969 841.099975585938 732.200012207031 743.400024414062 686.799987792969 569.900024414062 528.299987792969 537.700012207031 534.799987792969 515.200012207031 469.700012207031 409.899993896484 373 312.299987792969 268.799987792969 246.399993896484 240.300003051758 243.100006103516 267.299987792969 249.800003051758 293.100006103516 232.600006103516 267.399993896484 200.100006103516 199.699996948242 235.100006103516 269.899993896484 240.600006103516 231.600006103516 317.799987792969 342.100006103516 309.600006103516 310.200012207031 313.899993896484 339.100006103516 376.799987792969 410.399993896484 472.399993896484 504.600006103516 538.700012207031 538.900024414062 539.900024414062 524.900024414062 513.799987792969 518.400024414062
1059.30004882812 1083.5 1039.40002441406 1146.40002441406 1144.19995117188 1127.59997558594 1079.59997558594 1000.29998779297 917 885.5 839.599975585938 773.299987792969 712.900024414062 652.900024414062 575.900024414062 553.200012207031 553.599975585938 551.799987792969 535.900024414062 492.899993896484 429.899993896484 369.600006103516 307.899993896484 275.399993896484 253.5 245 244.5 262.700012207031 247.5 279 234.100006103516 307.899993896484 192.300003051758 209.399993896484 265.600006103516 295.899993896484 292.799987792969 254.199996948242 243.800003051758 274.600006103516 290 306.700012207031 291.799987792969 302.600006103516 331.700012207031 384.799987792969 458.700012207031 498.799987792969 545.299987792969 565.599975585938 587.299987792969 555.900024414062 524.700012207031 510.299987792969
963.400024414062 1019.59997558594 1071.40002441406 1060.69995117188 1129.40002441406 1060.69995117188 1073.80004882812 1005.70001220703 930.400024414062 873.700012207031 864.099975585938 835.700012207031 751.599975585938 635.400024414062 591.599975585938 564.799987792969 560.599975585938 556.400024414062 551 527.099975585938 479.299987792969 401.700012207031 339.799987792969 296.100006103516 270.100006103516 254.899993896484 245.699996948242 241.399993896484 242.800003051758 230.800003051758 213.199996948242 215.399993896484 220.5 212.199996948242 231.199996948242 230 277.899993896484 300.700012207031 261.899993896484 344.399993896484 291.100006103516 271.200012207031 271.700012207031 278.399993896484 312.600006103516 399.899993896484 474.399993896484 539.900024414062 559.599975585938 578.200012207031 595.400024414062 573 534.799987792969 503.700012207031
880.799987792969 935.900024414062 1025.5 1182.90002441406 1031.59997558594 1035.90002441406 1069.5 1014.09997558594 942.599975585938 880.900024414062 879.099975585938 841.5 783.5 644.900024414062 614.400024414062 571.599975585938 551.799987792969 541.900024414062 538.799987792969 549.099975585938 506.799987792969 442.299987792969 376.899993896484 332.5 303.600006103516 277.600006103516 256.899993896484 228.899993896484 222.800003051758 214.600006103516 206.100006103516 200.399993896484 195.100006103516 202.800003051758 200.800003051758 199.100006103516 221.300003051758 232.800003051758 289.600006103516 383.899993896484 302.200012207031 268.399993896484 271 287.799987792969 332.100006103516 413.299987792969 499.200012207031 585.599975585938 605.900024414062 609.299987792969 615.900024414062 593.799987792969 557.599975585938 524.5
837.599975585938 863.400024414062 960.099975585938 1169.69995117188 1127.59997558594 1020.90002441406 1100.90002441406 1043.40002441406 965.099975585938 918.5 869.700012207031 827.400024414062 774.099975585938 655.900024414062 590.900024414062 605.099975585938 541.200012207031 516.599975585938 491 523.799987792969 523.700012207031 491.799987792969 416.399993896484 358.799987792969 353.899993896484 335.399993896484 314.799987792969 232.300003051758 212.5 210.399993896484 209.5 199.600006103516 191.300003051758 191.699996948242 200.199996948242 211.399993896484 203.899993896484 212.899993896484 243.5 292.5 286.299987792969 284.100006103516 274.299987792969 282.600006103516 325 403.299987792969 522.299987792969 670.700012207031 700.5 672.900024414062 663.299987792969 635.700012207031 594.299987792969 551.099975585938
754.900024414062 795.5 883 1005.5 1080.5 1056.40002441406 1109.5 1121.40002441406 1043.69995117188 969.799987792969 946.400024414062 885.599975585938 776.099975585938 761.700012207031 617.099975585938 630.299987792969 514.900024414062 500.299987792969 472.299987792969 441.700012207031 505.600006103516 469.600006103516 425.899993896484 378.100006103516 411.600006103516 414.399993896484 294.899993896484 263.799987792969 237.899993896484 230.100006103516 224.699996948242 212.300003051758 221.899993896484 210.399993896484 241.699996948242 262.600006103516 263.899993896484 265.200012207031 276.399993896484 292.299987792969 286.399993896484 339.399993896484 330.799987792969 303.899993896484 425.600006103516 519.900024414062 504.5 681.599975585938 852.099975585938 781.799987792969 731.099975585938 704.799987792969 650.599975585938 586.900024414062
679 746.799987792969 883.799987792969 998.099975585938 1046.19995117188 1049.90002441406 1112.90002441406 1167.40002441406 1062.40002441406 1005.70001220703 1007.79998779297 969.799987792969 868.599975585938 715.400024414062 576.299987792969 715.5 519.599975585938 483.399993896484 478.899993896484 447.700012207031 430.399993896484 431.200012207031 416.600006103516 350.100006103516 358.299987792969 380.299987792969 333.799987792969 310.799987792969 285.899993896484 269.600006103516 248.5 228.300003051758 216.399993896484 242.100006103516 353.799987792969 382.799987792969 374.700012207031 377.600006103516 353.100006103516 352.600006103516 350.399993896484 384.100006103516 408 409.799987792969 519.299987792969 603 592.099975585938 636.099975585938 917.599975585938 907.900024414062 812.700012207031 759.5 692.599975585938 622
620.299987792969 727.299987792969 823.599975585938 962.700012207031 1007.40002441406 1059.90002441406 1076.59997558594 1083.30004882812 1126.59997558594 1202.59997558594 1131.40002441406 1052.40002441406 946.099975585938 826.599975585938 638.700012207031 551.299987792969 502.799987792969 510.299987792969 564.900024414062 530.299987792969 483.600006103516 387.200012207031 438 383.299987792969 357.299987792969 347.600006103516 344.399993896484 331.799987792969 332.299987792969 339.5 303.399993896484 284.600006103516 267.700012207031 250.399993896484 255.800003051758 285.899993896484 365.700012207031 415.899993896484 446.399993896484 469.799987792969 479.100006103516 462 470.799987792969 539.799987792969 490.899993896484 545.799987792969 635.900024414062 595.599975585938 760.900024414062 961.099975585938 865.900024414062 786.299987792969 710.400024414062 646.299987792969
-3.4e+38 645.099975585938 725.400024414062 867.099975585938 953.200012207031 1023.90002441406 1069.40002441406 1029.59997558594 1037.59997558594 1181.30004882812 1252.59997558594 1185.40002441406 1045.5 915.599975585938 823.400024414062 709.299987792969 521 523.5 577.700012207031 575.799987792969 545 440.299987792969 418.5 413.899993896484 426.600006103516 387.100006103516 370.399993896484 368.899993896484 343.899993896484 361.200012207031 325.600006103516 303.899993896484 323.399993896484 285.799987792969 320.399993896484 310.399993896484 353.5 361.899993896484 401.600006103516 472.700012207031 496.299987792969 497.399993896484 489.600006103516 484.799987792969 448 465.899993896484 572.099975585938 583 579.599975585938 790.799987792969 851.299987792969 798.799987792969 731.700012207031 680.099975585938
519.299987792969 563.599975585938 622.200012207031 712 797.700012207031 910.400024414062 962.599975585938 1011.29998779297 1116 1322.19995117188 1114.69995117188 1082.90002441406 1047.59997558594 1006.09997558594 873.099975585938 819.400024414062 629.099975585938 653 554.400024414062 543.400024414062 560.400024414062 504.200012207031 475.100006103516 463.600006103516 424.399993896484 415.899993896484 393.399993896484 382.700012207031 359.899993896484 337.100006103516 352.299987792969 317.100006103516 326.200012207031 328.100006103516 342.299987792969 357.899993896484 357.100006103516 372.799987792969 409.399993896484 417.299987792969 439.5 458 455.899993896484 467.899993896484 429.600006103516 420.600006103516 439 594.799987792969 549.400024414062 653.900024414062 822.900024414062 805.099975585938 730.299987792969 683
-3.4e+38 514.599975585938 546.400024414062 602.700012207031 691.200012207031 824.799987792969 922.900024414062 1024 1034.5 1103.09997558594 1010.79998779297 1168.90002441406 1044.80004882812 1058.90002441406 934 887.799987792969 756.299987792969 699 694.799987792969 576.299987792969 555.799987792969 521.900024414062 505 521 464.100006103516 455 443.600006103516 438.399993896484 409.100006103516 361.5 341.299987792969 328.700012207031 332.100006103516 324.600006103516 327.799987792969 363.799987792969 375.700012207031 353.899993896484 406.899993896484 459.899993896484 418.600006103516 437.799987792969 436.700012207031 416.799987792969 424.399993896484 388.5 391.899993896484 424.899993896484 486.100006103516 582.299987792969 760.799987792969 824.400024414062 722.599975585938 637.400024414062
