data/layers/future_layer_mc_126_60/bio16.asc
NCOLS 494 
NROWS 529 
XLLCORNER -117.166666666667 
YLLCORNER -55.5 
CELLSIZE 0.166666666666667 
NODATA_value -3.4e+38 
[rows 240 to 263 of 529, columns 216 to 269 of 494]
-3.4e+38 -3.4e+38 -3.4e+38 -3.4e+38 -3.4e+38 -3.4e+38 -3.4e+38 -3.4e+38 -3.4e+38 -3.4e+38 19.7000007629395 134.399993896484 259.799987792969 252 285.600006103516 299.100006103516 355.899993896484 344.799987792969 344.299987792969 359.700012207031 363.799987792969 504.100006103516 433.799987792969 408.100006103516 438.700012207031 517.299987792969 575.5 582 569.599975585938 547.299987792969 566.799987792969 576.099975585938 582.799987792969 580.400024414062 570.099975585938 559.599975585938 561.099975585938 577.400024414062 604.900024414062 631.299987792969 661.5 689.099975585938 723.700012207031 767.299987792969 813.299987792969 841.799987792969 836 827.200012207031 818.799987792969 811 803.099975585938 802.799987792969 801.900024414062 797.200012207031
-3.4e+38 -3.4e+38 -3.4e+38 -3.4e+38 -3.4e+38 -3.4e+38 -3.4e+38 -3.4e+38 -3.4e+38 -3.4e+38 -3.4e+38 39.7000007629395 138 119.199996948242 203.899993896484 260.799987792969 315.899993896484 336.399993896484 367.700012207031 438.399993896484 379.5 463.5 456 407.299987792969 424.299987792969 493.700012207031 669.099975585938 652.799987792969 657.200012207031 610.599975585938 616.200012207031 634.900024414062 640.400024414062 634.400024414062 616.599975585938 600.900024414062 593.299987792969 595.099975585938 613.400024414062 630.700012207031 655.099975585938 680.599975585938 711.400024414062 753.299987792969 793.599975585938 819.599975585938 822.5 818.599975585938 812.099975585938 803.099975585938 792 786.5 789 784.900024414062
-3.4e+38 -3.4e+38 -3.4e+38 -3.4e+38 -3.4e+38 -3.4e+38 -3.4e+38 -3.4e+38 -3.4e+38 -3.4e+38 -3.4e+38 12.8000001907349 33.9000015258789 121.900001525879 229.899993896484 243.600006103516 280.299987792969 352.100006103516 357.399993896484 427.100006103516 416.899993896484 428.700012207031 473.299987792969 422.5 409 461.399993896484 730.799987792969 635.400024414062 643.099975585938 669.900024414062 678.799987792969 712.400024414062 708.400024414062 706.599975585938 679.700012207031 649.299987792969 630.200012207031 616.900024414062 619.299987792969 630.400024414062 647.200012207031 668.299987792969 695.299987792969 728.799987792969 760.799987792969 785.099975585938 799.400024414062 804.5 804.099975585938 800.400024414062 793.400024414062 785.900024414062 784.900024414062 777.400024414062
-3.4e+38 -3.4e+38 -3.4e+38 -3.4e+38 -3.4e+38 -3.4e+38 -3.4e+38 -3.4e+38 -3.4e+38 -3.4e+38 -3.4e+38 -3.4e+38 35.7999992370605 144.800003051758 180.600006103516 179.100006103516 242.100006103516 380.100006103516 421.799987792969 408.799987792969 449.600006103516 355.399993896484 456.399993896484 411.200012207031 409.5 474.899993896484 684.299987792969 601.900024414062 628.400024414062 706.599975585938 712.099975585938 685.799987792969 801.900024414062 793.099975585938 756.799987792969 711.099975585938 669.900024414062 634.299987792969 619.400024414062 622.900024414062 634.799987792969 651.599975585938 673.5 701.599975585938 728.700012207031 755.099975585938 773.900024414062 785.599975585938 795.900024414062 801.700012207031 800.299987792969 794.599975585938 786.400024414062 773.900024414062
-3.4e+38 -3.4e+38 -3.4e+38 -3.4e+38 -3.4e+38 -3.4e+38 -3.4e+38 -3.4e+38 -3.4e+38 -3.4e+38 -3.4e+38 -3.4e+38 -3.4e+38 40.2999992370605 133.300003051758 136.899993896484 207.199996948242 323.399993896484 284.299987792969 427.100006103516 433.399993896484 347.399993896484 437.899993896484 412.5 392.799987792969 420.100006103516 605.799987792969 762.599975585938 648.400024414062 717.599975585938 669.099975585938 721.900024414062 927.599975585938 898.299987792969 851.900024414062 784.400024414062 716.5 658.400024414062 620.799987792969 606.900024414062 617 632.099975585938 654.599975585938 678.299987792969 700.200012207031 726.799987792969 749.599975585938 768.5 787.400024414062 803.799987792969 811.599975585938 804.599975585938 788.700012207031 772.400024414062
-3.4e+38 -3.4e+38 -3.4e+38 -3.4e+38 -3.4e+38 -3.4e+38 -3.4e+38 -3.4e+38 -3.4e+38 -3.4e+38 -3.4e+38 -3.4e+38 -3.4e+38 -3.4e+38 69.8000030517578 151.600006103516 168.800003051758 269.899993896484 218.5 303.899993896484 434.799987792969 330.100006103516 339.100006103516 378.100006103516 375.899993896484 390.5 468.399993896484 807 881 744.799987792969 668.299987792969 648.099975585938 942.900024414062 1032.5 962.299987792969 866.200012207031 766.599975585938 677.900024414062 618.900024414062 591.299987792969 598.900024414062 616.299987792969 635.400024414062 655.700012207031 675.799987792969 701.099975585938 727 749.299987792969 773.400024414062 796.900024414062 817.599975585938 806 784.700012207031 768.299987792969
-3.4e+38 -3.4e+38 -3.4e+38 -3.4e+38 -3.4e+38 -3.4e+38 -3.4e+38 -3.4e+38 -3.4e+38 -3.4e+38 -3.4e+38 -3.4e+38 -3.4e+38 -3.4e+38 23.5 60.2999992370605 140.100006103516 171.600006103516 189.300003051758 378.100006103516 394.899993896484 337 317.799987792969 370.899993896484 404.5 376.799987792969 412.799987792969 650.400024414062 1067.90002441406 999.799987792969 625 687.200012207031 1105 1196.30004882812 1099 961.900024414062 820 699.5 619.599975585938 587.299987792969 584.5 603.799987792969 621.799987792969 639.400024414062 656.299987792969 678.099975585938 705.400024414062 727.099975585938 752.400024414062 774.799987792969 789.799987792969 784.299987792969 768.799987792969 755.099975585938
-3.4e+38 -3.4e+38 -3.4e+38 -3.4e+38 -3.4e+38 -3.4e+38 -3.4e+38 -3.4e+38 -3.4e+38 -3.4e+38 -3.4e+38 -3.4e+38 -3.4e+38 -3.4e+38 -3.4e+38 38.9000015258789 106.300003051758 134.5 166.100006103516 200.300003051758 320.5 252.600006103516 289.299987792969 331.799987792969 372.799987792969 369.600006103516 386 511.299987792969 894.099975585938 979.200012207031 789.200012207031 902.599975585938 1220.30004882812 1385.09997558594 1265.09997558594 1087.90002441406 903.299987792969 743.799987792969 639.599975585938 588.299987792969 587.099975585938 598.299987792969 611.099975585938 624.799987792969 639.200012207031 659.400024414062 682.799987792969 704.799987792969 725.200012207031 743.299987792969 754.599975585938 754 746.900024414062 736.700012207031
-3.4e+38 -3.4e+38 -3.4e+38 -3.4e+38 -3.4e+38 -3.4e+38 -3.4e+38 -3.4e+38 -3.4e+38 -3.4e+38 -3.4e+38 -3.4e+38 -3.4e+38 -3.4e+38 -3.4e+38 22.7999992370605 53.9000015258789 134 173.899993896484 203.199996948242 357.799987792969 331.100006103516 310.899993896484 322.5 390.299987792969 362.600006103516 375.799987792969 394.100006103516 634.400024414062 1024.59997558594 910.200012207031 750.799987792969 1185.90002441406 1598.90002441406 1443.59997558594 1225.80004882812 1016.70001220703 836.400024414062 712.400024414062 625.5 590.599975585938 592.799987792969 599.599975585938 608.900024414062 624.299987792969 644.099975585938 663 683.700012207031 700.299987792969 712.400024414062 721.799987792969 724.900024414062 722.599975585938 716.099975585938
-3.4e+38 -3.4e+38 -3.4e+38 -3.4e+38 -3.4e+38 -3.4e+38 -3.4e+38 -3.4e+38 -3.4e+38 -3.4e+38 -3.4e+38 -3.4e+38 -3.4e+38 -3.4e+38 -3.4e+38 9.5 34.5999984741211 115.5 203.399993896484 263 332.100006103516 413.899993896484 298.399993896484 319.299987792969 349.899993896484 390.100006103516 373.799987792969 378.899993896484 485.899993896484 967.900024414062 1069.30004882812 638.400024414062 1221.19995117188 1748.59997558594 1594.59997558594 1332.09997558594 1102.90002441406 914 781.099975585938 684.799987792969 624.5 597.900024414062 594.299987792969 600 614.5 632.599975585938 648.900024414062 665.299987792969 678 686.400024414062 691.900024414062 697.299987792969 697.400024414062 696
-3.4e+38 -3.4e+38 -3.4e+38 -3.4e+38 -3.4e+38 -3.4e+38 -3.4e+38 -3.4e+38 -3.4e+38 -3.4e+38 -3.4e+38 -3.4e+38 -3.4e+38 -3.4e+38 -3.4e+38 -3.4e+38 23.8999996185303 63.0999984741211 136.899993896484 262.299987792969 251.300003051758 413.399993896484 343.899993896484 354.100006103516 351.700012207031 358.100006103516 366.899993896484 380.700012207031 427.100006103516 722.099975585938 1120.90002441406 805 935.900024414062 1663.90002441406 1607.90002441406 1356 1133.19995117188 952.200012207031 821.900024414062 724.400024414062 660.5 628.799987792969 612.400024414062 609.799987792969 613.799987792969 623.299987792969 636.099975585938 649.400024414062 661 667.200012207031 673.700012207031 676.099975585938 679 683.599975585938
-3.4e+38 -3.4e+38 -3.4e+38 -3.4e+38 -3.4e+38 -3.4e+38 -3.4e+38 -3.4e+38 -3.4e+38 -3.4e+38 -3.4e+38 -3.4e+38 -3.4e+38 -3.4e+38 -3.4e+38 -3.4e+38 16.2999992370605 42.2999992370605 125.099998474121 285.399993896484 287.600006103516 326.899993896484 397 394.399993896484 375.600006103516 375.399993896484 374.899993896484 367.100006103516 472.5 630.900024414062 944.599975585938 1043.40002441406 628.400024414062 1134.30004882812 1459.59997558594 1287.90002441406 1104.19995117188 947.400024414062 813.200012207031 722 682.700012207031 650.400024414062 632.599975585938 624.299987792969 622.799987792969 626 632.599975585938 640.099975585938 647.900024414062 654 658.400024414062 661.200012207031 667.400024414062 671.900024414062
-3.4e+38 -3.4e+38 -3.4e+38 -3.4e+38 -3.4e+38 -3.4e+38 -3.4e+38 -3.4e+38 -3.4e+38 -3.4e+38 -3.4e+38 -3.4e+38 -3.4e+38 -3.4e+38 -3.4e+38 -3.4e+38 -3.4e+38 30 83.5 227.399993896484 343.600006103516 318.600006103516 405 391.600006103516 364.799987792969 388.100006103516 377.899993896484 389.399993896484 378.799987792969 385.5 539.299987792969 601.799987792969 543.400024414062 942.900024414062 1291.30004882812 1175 1036.19995117188 909.299987792969 722.200012207031 697.700012207031 697.299987792969 661.900024414062 645.799987792969 636.099975585938 632.299987792969 632.200012207031 634.400024414062 638.400024414062 643.799987792969 645.900024414062 651.400024414062 654.900024414062 659.900024414062 664.599975585938
-3.4e+38 -3.4e+38 -3.4e+38 -3.4e+38 -3.4e+38 -3.4e+38 -3.4e+38 -3.4e+38 -3.4e+38 -3.4e+38 -3.4e+38 -3.4e+38 -3.4e+38 -3.4e+38 -3.4e+38 -3.4e+38 -3.4e+38 26.3999996185303 53.5999984741211 138 304.899993896484 330.100006103516 357.5 393.600006103516 390.200012207031 381.600006103516 367.399993896484 427.600006103516 406.899993896484 381.600006103516 366.899993896484 459.899993896484 341.200012207031 711.200012207031 1146.40002441406 1061.90002441406 951.200012207031 846.799987792969 788.400024414062 666.599975585938 697.700012207031 672.200012207031 653.299987792969 643.5 637.099975585938 635.700012207031 637.299987792969 640.200012207031 642.799987792969 645.5 649.299987792969 653.099975585938 657 661.400024414062
-3.4e+38 -3.4e+38 -3.4e+38 -3.4e+38 -3.4e+38 -3.4e+38 -3.4e+38 -3.4e+38 -3.4e+38 -3.4e+38 -3.4e+38 -3.4e+38 -3.4e+38 -3.4e+38 -3.4e+38 -3.4e+38 -3.4e+38 -3.4e+38 39.2999992370605 114.300003051758 317.899993896484 342.100006103516 333.100006103516 389.399993896484 396.799987792969 378.399993896484 377.799987792969 415.299987792969 436.799987792969 386.700012207031 316.5 333.100006103516 329.899993896484 595.5 1001.5 964.099975585938 864.599975585938 776.599975585938 764.900024414062 731.400024414062 707.599975585938 680.900024414062 657.299987792969 648.799987792969 640.900024414062 638.799987792969 637.400024414062 640.400024414062 642.599975585938 646.099975585938 649.099975585938 653.599975585938 657.400024414062 663.099975585938
-3.4e+38 -3.4e+38 -3.4e+38 -3.4e+38 -3.4e+38 -3.4e+38 -3.4e+38 -3.4e+38 -3.4e+38 -3.4e+38 -3.4e+38 -3.4e+38 -3.4e+38 -3.4e+38 -3.4e+38 -3.4e+38 -3.4e+38 -3.4e+38 25.2999992370605 67.3000030517578 185.100006103516 350.600006103516 337.299987792969 394.299987792969 396 374.600006103516 388.899993896484 405.799987792969 383.299987792969 293.100006103516 357.899993896484 393.399993896484 357.899993896484 526.400024414062 834.400024414062 899.900024414062 823.900024414062 752.299987792969 752.900024414062 740.400024414062 700.900024414062 689.799987792969 660.200012207031 649.700012207031 643.299987792969 639.900024414062 639.099975585938 640.299987792969 643.900024414062 646.599975585938 649.900024414062 654.299987792969 660.400024414062 665.700012207031
-3.4e+38 -3.4e+38 -3.4e+38 -3.4e+38 -3.4e+38 -3.4e+38 -3.4e+38 -3.4e+38 -3.4e+38 -3.4e+38 -3.4e+38 -3.4e+38 -3.4e+38 -3.4e+38 -3.4e+38 -3.4e+38 -3.4e+38 -3.4e+38 17.1000003814697 38.5 150.600006103516 306.299987792969 350.799987792969 337.799987792969 378.200012207031 402.399993896484 398.899993896484 414.600006103516 445.299987792969 330.700012207031 483.600006103516 436 372.899993896484 518.299987792969 719.599975585938 868.900024414062 843.900024414062 817.400024414062 791.400024414062 734.599975585938 695.200012207031 684.900024414062 663.099975585938 648.400024414062 641.5 637.799987792969 637.299987792969 640.700012207031 644.900024414062 646.900024414062 651.299987792969 657.700012207031 663.400024414062 670.299987792969
-3.4e+38 -3.4e+38 -3.4e+38 -3.4e+38 -3.4e+38 -3.4e+38 -3.4e+38 -3.4e+38 -3.4e+38 -3.4e+38 -3.4e+38 -3.4e+38 -3.4e+38 -3.4e+38 -3.4e+38 -3.4e+38 -3.4e+38 -3.4e+38 -3.4e+38 27.8999996185303 136.300003051758 141.699996948242 354.399993896484 369.899993896484 362.600006103516 414.200012207031 407.5 422.5 420.399993896484 369.799987792969 475.799987792969 433.100006103516 357.399993896484 388.299987792969 656.799987792969 835.200012207031 848.099975585938 885.700012207031 828.599975585938 735.099975585938 693.900024414062 678.200012207031 658.099975585938 640.799987792969 636.099975585938 636.299987792969 636.900024414062 641.900024414062 648.099975585938 650.900024414062 654.400024414062 661.5 667.299987792969 673.900024414062
-3.4e+38 -3.4e+38 -3.4e+38 -3.4e+38 -3.4e+38 -3.4e+38 -3.4e+38 -3.4e+38 -3.4e+38 -3.4e+38 -3.4e+38 -3.4e+38 -3.4e+38 -3.4e+38 -3.4e+38 -3.4e+38 -3.4e+38 -3.4e+38 -3.4e+38 16.2999992370605 36.0999984741211 109.699996948242 321.600006103516 345.200012207031 347.200012207031 405.200012207031 426.299987792969 425.399993896484 424.799987792969 440.399993896484 542.200012207031 556.099975585938 464.899993896484 405.5 483.700012207031 717.099975585938 783.299987792969 846.299987792969 792.099975585938 732.700012207031 701.299987792969 685.400024414062 654.5 631 634.599975585938 640.599975585938 640.099975585938 645.400024414062 651.700012207031 657.799987792969 663.099975585938 670.400024414062 676.299987792969 681.200012207031
-3.4e+38 -3.4e+38 -3.4e+38 -3.4e+38 -3.4e+38 -3.4e+38 -3.4e+38 -3.4e+38 -3.4e+38 -3.4e+38 -3.4e+38 -3.4e+38 -3.4e+38 -3.4e+38 -3.4e+38 -3.4e+38 -3.4e+38 -3.4e+38 -3.4e+38 -3.4e+38 17.1000003814697 56.7999992370605 160.699996948242 249.300003051758 371.399993896484 395.399993896484 411.100006103516 414.700012207031 430.899993896484 470.399993896484 546.400024414062 566.799987792969 487.799987792969 421.5 484.399993896484 575.799987792969 703.900024414062 759.900024414062 744.400024414062 723.200012207031 711.200012207031 701.5 664.599975585938 622.599975585938 631.299987792969 641.900024414062 640.799987792969 650.299987792969 660 668.400024414062 676.5 685.200012207031 692.299987792969 697.799987792969
-3.4e+38 -3.4e+38 -3.4e+38 -3.4e+38 -3.4e+38 -3.4e+38 -3.4e+38 -3.4e+38 -3.4e+38 -3.4e+38 -3.4e+38 -3.4e+38 -3.4e+38 -3.4e+38 -3.4e+38 -3.4e+38 -3.4e+38 -3.4e+38 -3.4e+38 -3.4e+38 -3.4e+38 28.2999992370605 118.900001525879 329.100006103516 393.700012207031 395 407.299987792969 428.100006103516 417.600006103516 443.100006103516 511.100006103516 542.900024414062 427 429.600006103516 544.799987792969 646.299987792969 693.799987792969 719.099975585938 725.700012207031 723.599975585938 716.900024414062 708.799987792969 694.799987792969 654.700012207031 630.799987792969 632.400024414062 644.400024414062 656.799987792969 671.099975585938 682.299987792969 693.299987792969 701.900024414062 711.700012207031 718.099975585938
-3.4e+38 -3.4e+38 -3.4e+38 -3.4e+38 -3.4e+38 -3.4e+38 -3.4e+38 -3.4e+38 -3.4e+38 -3.4e+38 -3.4e+38 -3.4e+38 -3.4e+38 -3.4e+38 -3.4e+38 -3.4e+38 -3.4e+38 -3.4e+38 -3.4e+38 -3.4e+38 -3.4e+38 22.2999992370605 54.2999992370605 240.899993896484 312.100006103516 370.700012207031 407.799987792969 432.899993896484 430.299987792969 443.799987792969 477.600006103516 507.399993896484 467.399993896484 422.100006103516 529.900024414062 665.799987792969 706.299987792969 710.599975585938 721.5 708.299987792969 719.900024414062 710.599975585938 698.799987792969 683.400024414062 629.299987792969 636.299987792969 652.599975585938 665.599975585938 680.400024414062 695.599975585938 708.299987792969 719.599975585938 730.099975585938 740
-3.4e+38 -3.4e+38 -3.4e+38 -3.4e+38 -3.4e+38 -3.4e+38 -3.4e+38 -3.4e+38 -3.4e+38 -3.4e+38 -3.4e+38 -3.4e+38 -3.4e+38 -3.4e+38 -3.4e+38 -3.4e+38 -3.4e+38 -3.4e+38 -3.4e+38 -3.4e+38 -3.4e+38 -3.4e+38 38.7999992370605 69.9000015258789 173.600006103516 390.899993896484 420.299987792969 437.600006103516 450.299987792969 445.600006103516 440.399993896484 477 471.200012207031 414.299987792969 580.299987792969 660.099975585938 620.799987792969 737.099975585938 705.799987792969 714.900024414062 679 672.299987792969 694.299987792969 711.299987792969 644.299987792969 643.799987792969 660.299987792969 675.200012207031 690.599975585938 708.5 721.900024414062 736.5 749.900024414062 762.799987792969
-3.4e+38 -3.4e+38 -3.4e+38 -3.4e+38 -3.4e+38 -3.4e+38 -3.4e+38 -3.4e+38 -3.4e+38 -3.4e+38 -3.4e+38 -3.4e+38 -3.4e+38 -3.4e+38 -3.4e+38 -3.4e+38 -3.4e+38 -3.4e+38 -3.4e+38 -3.4e+38 -3.4e+38 -3.4e+38 42.0999984741211 39.5999984741211 134 245.300003051758 351.299987792969 437.399993896484 473.799987792969 444 441.700012207031 437.700012207031 396.299987792969 366.600006103516 497.799987792969 534.799987792969 459.799987792969 616.299987792969 724.5 681.700012207031 667.400024414062 630.599975585938 687.599975585938 665.299987792969 647.900024414062 641.799987792969 673.599975585938 687.700012207031 702.700012207031 716.900024414062 737.5 754.599975585938 770.900024414062 785.099975585938
