data/layers/future_layer_mc_126_60/bio15.asc
NCOLS 494 
NROWS 529 
XLLCORNER -117.166666666667 
YLLCORNER -55.5 
CELLSIZE 0.166666666666667 
NODATA_value -3.4e+38 
[rows 275 to 299 of 529, columns 275 to 329 of 494]
54.7000007629395 51.2999992370605 42.9000015258789 44.7000007629395 46.5 47.0999984741211 47.7000007629395 47.7000007629395 49 50.9000015258789 52.2000007629395 53.7000007629395 55.2999992370605 56.5 57.5 58.2000007629395 58.7999992370605 59 59.4000015258789 59.5999984741211 59.7000007629395 60.2000007629395 59.9000015258789 59.5 60.9000015258789 61.9000015258789 61.2999992370605 61.5 61.4000015258789 62 62.5 62.9000015258789 63.7999992370605 64.1999969482422 63.7999992370605 64.4000015258789 65.6999969482422 66.0999984741211 66.5 67.5999984741211 68.8000030517578 69.8000030517578 69.8000030517578 70.3000030517578 70.6999969482422 71.0999984741211 72 72.5999984741211 72.6999969482422 73 73.5 73.8000030517578 74.0999984741211 74.0999984741211 74.3000030517578
82.8000030517578 77.3000030517578 53.2000007629395 51.2999992370605 44.7000007629395 46.2999992370605 47.2000007629395 46.9000015258789 47.7000007629395 48.7999992370605 50.5999984741211 52.2000007629395 53.7000007629395 55.0999984741211 56.2999992370605 57.0999984741211 57.7999992370605 58 58.5 58.9000015258789 59.4000015258789 59.7999992370605 60.0999984741211 60.2000007629395 60.7000007629395 61.0999984741211 60.9000015258789 60.5999984741211 61.2999992370605 61.5999984741211 62.0999984741211 62.5999984741211 62.7000007629395 63.2000007629395 63.4000015258789 63.9000015258789 65.5999984741211 65.5 66.1999969482422 67 67.8000030517578 68.5 70.0999984741211 70.4000015258789 70.5 70.3000030517578 70.8000030517578 71.5999984741211 72 72.5 72.4000015258789 73.6999969482422 73.9000015258789 74.3000030517578 74.1999969482422
87.1999969482422 84.9000015258789 76.0999984741211 80.9000015258789 68.5 51.9000015258789 48.2999992370605 47.4000015258789 47.2000007629395 48.4000015258789 49.5999984741211 50.2999992370605 52.0999984741211 53.4000015258789 54.7999992370605 55.7000007629395 56.2000007629395 57.2999992370605 57.9000015258789 58.2000007629395 58.5999984741211 58.5999984741211 59 59.9000015258789 60.2999992370605 60.5999984741211 60.5 60.5999984741211 61 61.2000007629395 61.9000015258789 62.0999984741211 62.2999992370605 62.9000015258789 63.2999992370605 63.5999984741211 65.4000015258789 65.5999984741211 66.0999984741211 66.1999969482422 67.0999984741211 67.8000030517578 69.1999969482422 70.5 69.8000030517578 70 70 71.0999984741211 71.8000030517578 72 71.8000030517578 73.0999984741211 73.8000030517578 74 73.5
88.0999984741211 85.9000015258789 85.1999969482422 85.1999969482422 80.0999984741211 73.6999969482422 65.6999969482422 59.5 49.5999984741211 48.5 48.4000015258789 49.7000007629395 50.2000007629395 52 52.5999984741211 54.4000015258789 55.5 55.5999984741211 56.5 57 57.2999992370605 58.0999984741211 58.7000007629395 59.2999992370605 60 60.5 60.7999992370605 61.5999984741211 61 61.4000015258789 61.5 61.7999992370605 62.0999984741211 62.4000015258789 62.5999984741211 63.5999984741211 65.4000015258789 65.3000030517578 65.5 65.8000030517578 66.1999969482422 67.4000015258789 68.4000015258789 70.0999984741211 69.9000015258789 70.1999969482422 70.4000015258789 71 71.4000015258789 71.8000030517578 71.4000015258789 72.0999984741211 73.1999969482422 73.4000015258789 73.5999984741211
90.6999969482422 89.5 87.9000015258789 86.1999969482422 86 83.5 80.4000015258789 78.5999984741211 68.6999969482422 54.2999992370605 50.2999992370605 50.5999984741211 51 51.9000015258789 54.0999984741211 54.2000007629395 54.5 55.5999984741211 56.2000007629395 56.0999984741211 57 57.5 58.0999984741211 58.9000015258789 59.2999992370605 59.5999984741211 60.7000007629395 61.4000015258789 61.4000015258789 61.2999992370605 61.7000007629395 61.9000015258789 62.4000015258789 62.5 62.7000007629395 62.9000015258789 65 65.5 65.5 65.4000015258789 65.5999984741211 67.0999984741211 68.0999984741211 69.5 69.5999984741211 69.5 70.9000015258789 71.3000030517578 71.4000015258789 71.5 71.5 71.6999969482422 72.5999984741211 72.9000015258789 73.3000030517578
92.0999984741211 91 89.3000030517578 87.4000015258789 86.0999984741211 85.5999984741211 83.4000015258789 81.0999984741211 76.0999984741211 65.8000030517578 59.4000015258789 53.9000015258789 53 52.7999992370605 54.5999984741211 56.2999992370605 56.2000007629395 55.9000015258789 56.2000007629395 56.5 56 56.9000015258789 57.4000015258789 58.0999984741211 58.5999984741211 59.2000007629395 60.0999984741211 60.9000015258789 61.5 61.2000007629395 61.9000015258789 62.5999984741211 62.5 62.7000007629395 62.5 62.9000015258789 63.9000015258789 65.3000030517578 64.5 64.1999969482422 65.5 66.9000015258789 68.0999984741211 69.0999984741211 69.0999984741211 69.5 70.5 70.9000015258789 71.3000030517578 71.4000015258789 71.8000030517578 71.8000030517578 72.0999984741211 72.5 72.9000015258789
89.9000015258789 92.5 90.5999984741211 89.0999984741211 87.6999969482422 86.3000030517578 84.8000030517578 83.0999984741211 81.5 78 65.5 60 56.2999992370605 55 56.0999984741211 57.0999984741211 57.2000007629395 57.9000015258789 57.7999992370605 57 56.2999992370605 55.7999992370605 56.5999984741211 57.0999984741211 57.2999992370605 58.2000007629395 59.0999984741211 59.5999984741211 60.7999992370605 61.2999992370605 62.7000007629395 63.0999984741211 62.7999992370605 63.0999984741211 63.0999984741211 63.2999992370605 63.4000015258789 64.5 63.9000015258789 63.2000007629395 64.6999969482422 66.9000015258789 67.6999969482422 68 67.6999969482422 68.4000015258789 69.5 70.0999984741211 70.5999984741211 70.9000015258789 71.1999969482422 71.5 71.9000015258789 72 72.1999969482422
92.8000030517578 92.6999969482422 91.5 90.3000030517578 88.9000015258789 87.0999984741211 86 83.6999969482422 82.4000015258789 80.5 73.5 68.4000015258789 62.7999992370605 59.5999984741211 60.0999984741211 58.7999992370605 58.5 61.0999984741211 60.5 58.2000007629395 55.7000007629395 55.4000015258789 55.5999984741211 56.5999984741211 57.5999984741211 58.5 59.5 60.0999984741211 60.7000007629395 62 62.7000007629395 62.9000015258789 63.5 63.2999992370605 63.4000015258789 63.0999984741211 63.0999984741211 63.9000015258789 63.7999992370605 63 63.2000007629395 65.4000015258789 66.8000030517578 67 67 67.9000015258789 68.5 69.3000030517578 69.9000015258789 70.3000030517578 70.5 70.9000015258789 71.4000015258789 71.5999984741211 71.8000030517578
94.6999969482422 94.0999984741211 92.5999984741211 91.3000030517578 89.5 88.5 87.0999984741211 84.9000015258789 83.1999969482422 81.3000030517578 79.9000015258789 77.6999969482422 74.5 67 63.2999992370605 61.5 61.7000007629395 63.5999984741211 62.2000007629395 58.7999992370605 56.0999984741211 54.9000015258789 55 56.5999984741211 58 59.2000007629395 59.9000015258789 60.2000007629395 60.9000015258789 62.2000007629395 63.0999984741211 63.2999992370605 63.2999992370605 63.0999984741211 63.7000007629395 63.2000007629395 63.2000007629395 63.0999984741211 63 62.4000015258789 62.5 63.9000015258789 65.5999984741211 66.0999984741211 66.5 67.3000030517578 67.8000030517578 68.4000015258789 69.0999984741211 69.5999984741211 70 70.3000030517578 70.6999969482422 71 71.4000015258789
95.5999984741211 95.4000015258789 93.9000015258789 92.5999984741211 91.3000030517578 88.5999984741211 86.6999969482422 85.0999984741211 82.9000015258789 82.5 80.5999984741211 79.6999969482422 78.1999969482422 71.9000015258789 66.4000015258789 63.5999984741211 61.7999992370605 63.5999984741211 64.8000030517578 59.7000007629395 58 55.4000015258789 55.0999984741211 56.2000007629395 57.4000015258789 59.2999992370605 60.2000007629395 60.5 61.7000007629395 62.4000015258789 62.4000015258789 62.7999992370605 63.2999992370605 63.9000015258789 64 63.4000015258789 62.7999992370605 62.7000007629395 61.9000015258789 61.5999984741211 62.2999992370605 62.7000007629395 64.3000030517578 65.3000030517578 65.5999984741211 66.4000015258789 67 67.6999969482422 68.3000030517578 68.6999969482422 69.3000030517578 69.8000030517578 69.9000015258789 70.3000030517578 70.9000015258789
98.4000015258789 97.5999984741211 96.4000015258789 94.9000015258789 93.4000015258789 90.4000015258789 88.3000030517578 86.1999969482422 84.5999984741211 82.4000015258789 82.1999969482422 79.9000015258789 79.4000015258789 76.6999969482422 71.5999984741211 66.4000015258789 61.5 62.5999984741211 63.5 60.7000007629395 56 56.7999992370605 56.4000015258789 55.9000015258789 57.7000007629395 58.7000007629395 59.7999992370605 60.5 61.2999992370605 61.5 61.7000007629395 62.2000007629395 63 63.4000015258789 63.7999992370605 63.2000007629395 62.2999992370605 61.9000015258789 61.2000007629395 60.7999992370605 61.4000015258789 62.2000007629395 63.0999984741211 64.3000030517578 64.6999969482422 65.4000015258789 66.0999984741211 66.6999969482422 67.5999984741211 67.8000030517578 68.5999984741211 68.9000015258789 69.4000015258789 69.5999984741211 70
100.099998474121 99.8000030517578 98.4000015258789 96.1999969482422 95 92.5999984741211 89.6999969482422 87.5999984741211 85.5 83.9000015258789 83.5999984741211 81.5 79.9000015258789 77.8000030517578 74.6999969482422 70.9000015258789 63.5 60.4000015258789 61.0999984741211 62.5999984741211 56.5 54.9000015258789 57 56.7999992370605 58 58.2000007629395 59.5999984741211 60.4000015258789 61.0999984741211 61.4000015258789 61.5999984741211 62.0999984741211 62.2999992370605 62.5999984741211 62.7000007629395 62 61.5 61 60.9000015258789 60.2000007629395 60.2999992370605 61 62.0999984741211 62.9000015258789 63.7999992370605 64.1999969482422 65 65.5 66.4000015258789 66.9000015258789 67.5999984741211 68.4000015258789 68.6999969482422 69.1999969482422 69.4000015258789
100.599998474121 99.4000015258789 98.4000015258789 97.0999984741211 96.6999969482422 93.6999969482422 90.4000015258789 87.8000030517578 86 85.3000030517578 84.4000015258789 82.8000030517578 80.0999984741211 77.9000015258789 75.8000030517578 76.3000030517578 69.5 60.2999992370605 58.7999992370605 59.7999992370605 58 53.5 55.5 57.5 58 58.4000015258789 59.2999992370605 60.2000007629395 60.5999984741211 60.7999992370605 61 61.4000015258789 61.5 61.4000015258789 61 61.0999984741211 60.5999984741211 60 60.4000015258789 59.2999992370605 59.5 59.7000007629395 60.4000015258789 61.7000007629395 62.5999984741211 63.2000007629395 63.7000007629395 64.3000030517578 65.0999984741211 66 66.5999984741211 67.5 67.8000030517578 68.4000015258789 68.8000030517578
102.599998474121 101.300003051758 99.5999984741211 98.5 97.1999969482422 95.5 92.4000015258789 88.5999984741211 87.0999984741211 85.5999984741211 85.0999984741211 83 80.5999984741211 77.0999984741211 78.5 77.1999969482422 76.5 67.5999984741211 58.7999992370605 56.9000015258789 57.0999984741211 55.7000007629395 54.9000015258789 56.2000007629395 57.7000007629395 57.9000015258789 58.5999984741211 59.7999992370605 59.9000015258789 60.2000007629395 60.4000015258789 60.4000015258789 60.5 60.2999992370605 60 59.7000007629395 59.5999984741211 59.5 59.2999992370605 59.2000007629395 58.9000015258789 59.0999984741211 59.5 60.2999992370605 61.4000015258789 62.0999984741211 62.5999984741211 63.2999992370605 64.0999984741211 65 65.6999969482422 66.4000015258789 67.0999984741211 67.5 67.9000015258789
103.900001525879 104.199996948242 103.599998474121 101.800003051758 99.6999969482422 97.6999969482422 95.4000015258789 91.5999984741211 88.5999984741211 86 84.5 82.4000015258789 79.9000015258789 77 84.4000015258789 87.5 76.8000030517578 73.5999984741211 64.8000030517578 58.2999992370605 57.2999992370605 57.5999984741211 55.7999992370605 55.5999984741211 57 58.2000007629395 58.2000007629395 59.0999984741211 59.7000007629395 59.4000015258789 59.7999992370605 59.9000015258789 59.9000015258789 59.2999992370605 58.9000015258789 58.9000015258789 58.5999984741211 58.4000015258789 58.5 58.5999984741211 58.7999992370605 58.7999992370605 58.7999992370605 59.4000015258789 59.9000015258789 60.9000015258789 61.2999992370605 62.2999992370605 62.4000015258789 63.2999992370605 64.6999969482422 65.4000015258789 66 66.3000030517578 66.8000030517578
105.699996948242 105.300003051758 105 104.900001525879 102.599998474121 100.900001525879 99.0999984741211 95.5 90.5999984741211 87.0999984741211 84.0999984741211 81 78.3000030517578 76.8000030517578 75 84.5 77.5999984741211 75.1999969482422 70.8000030517578 61.7000007629395 58.2000007629395 57.7000007629395 58.2999992370605 57.0999984741211 56.9000015258789 58.0999984741211 58.2000007629395 58.2999992370605 59.2000007629395 59.2000007629395 59 59.4000015258789 59.2999992370605 58.5999984741211 58.2999992370605 58 57.7999992370605 57.7999992370605 57.5 57.7000007629395 58 58.4000015258789 58.2999992370605 58.5999984741211 58.9000015258789 59.5999984741211 60.5 60.7999992370605 61.5 62.2000007629395 63.7000007629395 64.3000030517578 64.6999969482422 65.1999969482422 65.3000030517578
108 107.099998474121 105.900001525879 106.199996948242 104.699996948242 102.099998474121 100.300003051758 96.9000015258789 92.8000030517578 88.1999969482422 83.8000030517578 80 76.8000030517578 75 74.3000030517578 73.5999984741211 76.1999969482422 76.5999984741211 73 69 62.2000007629395 58.7999992370605 58.9000015258789 58.9000015258789 58.4000015258789 58.0999984741211 57.7000007629395 58.0999984741211 58 58.5999984741211 58.7000007629395 58.4000015258789 58.5999984741211 58.2000007629395 57.7000007629395 57.4000015258789 57.0999984741211 56.9000015258789 56.7999992370605 56.7999992370605 57.2000007629395 57.4000015258789 57.5999984741211 58.0999984741211 58.2999992370605 58.7999992370605 59 59.7000007629395 60.4000015258789 61 62.0999984741211 62.5999984741211 63 63.7000007629395 63.7999992370605
112.199996948242 110.900001525879 108.900001525879 107.800003051758 107.300003051758 104.5 101.699996948242 98.8000030517578 94.3000030517578 90.4000015258789 84.3000030517578 79 76.5999984741211 74.6999969482422 74.8000030517578 76.5999984741211 78.3000030517578 79.0999984741211 75.5 71.1999969482422 66.8000030517578 62 59.5 59.5999984741211 59.5999984741211 60.0999984741211 58.7000007629395 57.2000007629395 57.9000015258789 57.4000015258789 58.2999992370605 58.2000007629395 58.2000007629395 57.7999992370605 57.2999992370605 56.9000015258789 56.4000015258789 56.2000007629395 55.9000015258789 55.9000015258789 56 56.5 56.9000015258789 57.2000007629395 57.2999992370605 57.9000015258789 58.2999992370605 58.4000015258789 59.2000007629395 60 60.7000007629395 61.4000015258789 61.5 62.2000007629395 62.4000015258789
116.300003051758 113.900001525879 112.400001525879 112.800003051758 109.300003051758 107.599998474121 105.300003051758 103.099998474121 99.3000030517578 94.8000030517578 89.9000015258789 85 80.3000030517578 78.9000015258789 78.5 80.3000030517578 82.1999969482422 82.5999984741211 79 75.9000015258789 71 65.3000030517578 64.5999984741211 63.5 63.4000015258789 61.7000007629395 59.7000007629395 59.9000015258789 58.2000007629395 57.7999992370605 57.2999992370605 57.7999992370605 57.7000007629395 57.2000007629395 56.7000007629395 56.2000007629395 55.9000015258789 55.5 55.2000007629395 55 55.0999984741211 55.5999984741211 56 56.2000007629395 56.2000007629395 56.2000007629395 56.9000015258789 57.4000015258789 57.5999984741211 58.2999992370605 59 59.9000015258789 60.4000015258789 60.7000007629395 60.5999984741211
121.400001525879 117.300003051758 117.300003051758 118.5 112.5 111 109.199996948242 107.599998474121 105.400001525879 102 98.0999984741211 92.9000015258789 88 86.0999984741211 86.0999984741211 87.0999984741211 88.0999984741211 88.9000015258789 84.3000030517578 80.8000030517578 76 70.0999984741211 65.9000015258789 67 66.5 67.6999969482422 66 62.7000007629395 60 59.5 58.0999984741211 56.7999992370605 56.9000015258789 56.7000007629395 56.2999992370605 55.7999992370605 55.2000007629395 54.9000015258789 54.5 54.4000015258789 54.7999992370605 54.7999992370605 55.2000007629395 55.4000015258789 55.2999992370605 55.2000007629395 55.2999992370605 56.2000007629395 56.9000015258789 56.9000015258789 57.4000015258789 58 58.2000007629395 58.5 58.7000007629395
137.399993896484 129.5 123.199996948242 125.099998474121 117.5 115.699996948242 112.900001525879 110.599998474121 109.300003051758 108.699996948242 105.199996948242 99.5999984741211 95.4000015258789 94.5 94.0999984741211 91.9000015258789 91 91.0999984741211 87.6999969482422 88.3000030517578 85 76 73.4000015258789 69.0999984741211 68.5999984741211 71.3000030517578 74.0999984741211 69 66.0999984741211 63.4000015258789 62.5999984741211 59.7000007629395 56.4000015258789 56.5999984741211 56.0999984741211 55.5999984741211 54.9000015258789 54.4000015258789 54.0999984741211 54.0999984741211 54.2999992370605 54.2000007629395 54.2999992370605 54.4000015258789 54.5 54.5999984741211 54.5999984741211 55 55.7999992370605 56.2999992370605 56.4000015258789 56.2000007629395 56.0999984741211 56.5 57.0999984741211
141.899993896484 136.100006103516 134 133.399993896484 121.699996948242 119.199996948242 117.800003051758 115.5 114.199996948242 114.699996948242 109.5 105.300003051758 102.400001525879 101.099998474121 99.5 96.0999984741211 92.5999984741211 92.0999984741211 89.4000015258789 88.4000015258789 89.0999984741211 84.5 80.5 75.5 73.5 75.3000030517578 76.0999984741211 74.4000015258789 74.3000030517578 69.3000030517578 66.6999969482422 65.6999969482422 58 56.2000007629395 55.9000015258789 55.4000015258789 54.7999992370605 54.0999984741211 53.7999992370605 53.5999984741211 53.7000007629395 53.7000007629395 53.5999984741211 53.5999984741211 53.9000015258789 54.0999984741211 54.2999992370605 54.4000015258789 54.2000007629395 55.2000007629395 55.4000015258789 54.7000007629395 54.2999992370605 54.7999992370605 55.7999992370605
126 140.899993896484 142.800003051758 136.699996948242 125.599998474121 122.400001525879 122.5 120.099998474121 118.800003051758 118.199996948242 112 109.699996948242 107 105.400001525879 102.900001525879 100.5 98.0999984741211 95.1999969482422 92.4000015258789 90.5999984741211 89.8000030517578 88.4000015258789 90.0999984741211 78 78.1999969482422 79.9000015258789 78.8000030517578 79.5999984741211 68.9000015258789 70.4000015258789 71.3000030517578 71.5 62.2000007629395 57.2000007629395 55.5999984741211 55.2999992370605 54.5 53.9000015258789 53.5 53.4000015258789 53.2999992370605 53 52.9000015258789 52.7000007629395 52.7999992370605 53.5 54.2000007629395 54.5 54.0999984741211 54.0999984741211 53.7999992370605 53.2000007629395 52.9000015258789 53.5 53.9000015258789
112.300003051758 128.699996948242 140.699996948242 144.899993896484 134.800003051758 127.400001525879 128.100006103516 124.199996948242 122 118.599998474121 115.800003051758 112.099998474121 110.5 108.300003051758 105.699996948242 102.800003051758 100.599998474121 97 94.0999984741211 93.4000015258789 91.3000030517578 91.9000015258789 94.3000030517578 89.5999984741211 82.4000015258789 83.0999984741211 84.1999969482422 84.1999969482422 77.6999969482422 69.8000030517578 67.0999984741211 74.5999984741211 70.0999984741211 59.5 57.0999984741211 55.2000007629395 54.0999984741211 53.5999984741211 53 52.7999992370605 52.7000007629395 52.7000007629395 52.2999992370605 52 51.7999992370605 52.7999992370605 53.7000007629395 54.0999984741211 53.7999992370605 53.7999992370605 52.0999984741211 51.7000007629395 50.7999992370605 51.4000015258789 52.0999984741211
92.1999969482422 109.199996948242 126.699996948242 141.699996948242 146.300003051758 142.5 139.899993896484 133.199996948242 125.400001525879 122.599998474121 119.5 114.300003051758 112.900001525879 110.900001525879 108.199996948242 105.099998474121 101.900001525879 99.1999969482422 96 93.4000015258789 92 93.6999969482422 97.8000030517578 96 87.1999969482422 84.4000015258789 88.5 88.5999984741211 82.4000015258789 71.1999969482422 74.5 74.5 76.1999969482422 72.1999969482422 68.1999969482422 57.2000007629395 54.0999984741211 53.2000007629395 52.5 52 52.0999984741211 52 51.9000015258789 51.7999992370605 52.2000007629395 53.0999984741211 53.0999984741211 53 52.9000015258789 52.2000007629395 50.5999984741211 50.2999992370605 50 50.4000015258789 51.7000007629395
