data/layers/future_layer_mc_126_60/bio17.asc
NCOLS 494 
NROWS 529 
XLLCORNER -117.166666666667 
YLLCORNER -55.5 
CELLSIZE 0.166666666666667 
NODATA_value -3.4e+38 
[rows 240 to 263 of 529, columns 270 to 323 of 494]
235.600006103516 237.899993896484 239.600006103516 236.399993896484 234.600006103516 235.300003051758 232 233.100006103516 235.899993896484 231.300003051758 222.399993896484 213.800003051758 207.300003051758 203.899993896484 196.600006103516 194.800003051758 194.399993896484 193.800003051758 187.399993896484 180.300003051758 173.399993896484 167.300003051758 164.100006103516 158.600006103516 153.399993896484 150.100006103516 145.399993896484 145.300003051758 145.199996948242 148.399993896484 154.5 159.5 159.899993896484 162.800003051758 163.300003051758 163.399993896484 164.100006103516 162.800003051758 163.699996948242 163.399993896484 164 164 165.300003051758 163 157 145.899993896484 136.300003051758 127.900001525879 125.400001525879 126.400001525879 127.099998474121 129.300003051758 131.199996948242 133.5
217.600006103516 217.899993896484 219.300003051758 216.300003051758 211.5 216.699996948242 224.300003051758 228.300003051758 228 222.699996948242 213.399993896484 203.899993896484 195.600006103516 194.800003051758 190.5 189.800003051758 186.399993896484 185.5 181.600006103516 175.199996948242 168.699996948242 164.300003051758 158 153.600006103516 148.800003051758 142.399993896484 137.600006103516 132.600006103516 135.399993896484 142.300003051758 150.100006103516 156.100006103516 153.100006103516 151.300003051758 151.600006103516 151.399993896484 151.600006103516 151.300003051758 149.100006103516 149.199996948242 149.100006103516 153.800003051758 154.899993896484 155.800003051758 151.300003051758 141.100006103516 134.699996948242 129.100006103516 126.099998474121 125.300003051758 126.300003051758 125.599998474121 127.5 130.199996948242
199.899993896484 200 201.399993896484 198.899993896484 194.300003051758 205.899993896484 220.800003051758 226.100006103516 223.100006103516 215.199996948242 203.899993896484 194.300003051758 186.899993896484 184.399993896484 184.399993896484 183.399993896484 182.899993896484 181.100006103516 176.199996948242 170.199996948242 166.399993896484 162.600006103516 156.600006103516 150.600006103516 145.5 137.800003051758 134.300003051758 129.800003051758 129.5 132.699996948242 139.199996948242 143.600006103516 142.199996948242 142.300003051758 142.899993896484 141.399993896484 140.100006103516 137.199996948242 133.800003051758 133.600006103516 136.600006103516 139.899993896484 141.5 145.100006103516 141.899993896484 136.100006103516 131.5 126.199996948242 124.400001525879 124.800003051758 127.099998474121 121.300003051758 121.300003051758 126.5
188.600006103516 188.600006103516 191.800003051758 192.899993896484 195.399993896484 205.100006103516 220.5 228.300003051758 224.199996948242 210.399993896484 192.300003051758 180.699996948242 177.5 177.899993896484 179 178.199996948242 176.399993896484 175.899993896484 173.199996948242 167.100006103516 163.899993896484 157.899993896484 151.5 144.800003051758 140.600006103516 133.399993896484 127.699996948242 124.099998474121 123.699996948242 123.900001525879 126 131.300003051758 133.600006103516 133.600006103516 132.800003051758 132.399993896484 128.699996948242 124.199996948242 120.300003051758 120.900001525879 123.599998474121 126 129.600006103516 131.600006103516 132.899993896484 130.899993896484 127.300003051758 124.900001525879 121.300003051758 123.699996948242 121.800003051758 118.099998474121 117.300003051758 121.5
179.300003051758 180.5 183.300003051758 190.199996948242 194.899993896484 204.600006103516 218.899993896484 233.800003051758 237.100006103516 207.800003051758 179.800003051758 169.399993896484 169 170.100006103516 172.800003051758 173 170.399993896484 169.899993896484 169.199996948242 163.800003051758 161 153.300003051758 147.399993896484 139.800003051758 132.600006103516 127.800003051758 122.400001525879 117.800003051758 117.099998474121 116.400001525879 119.400001525879 122.199996948242 124.5 125.199996948242 124.900001525879 121.400001525879 118.400001525879 113.199996948242 109.800003051758 110.800003051758 112.099998474121 115.5 118.900001525879 121.800003051758 122.900001525879 123.400001525879 124.099998474121 120.800003051758 116.900001525879 115.400001525879 122.400001525879 114.199996948242 111.199996948242 110.800003051758
171.600006103516 174.699996948242 178 182.100006103516 191.399993896484 200.399993896484 211.300003051758 223.699996948242 226.600006103516 202.899993896484 177.100006103516 166.100006103516 165 166.399993896484 170.300003051758 173.100006103516 170.300003051758 167.399993896484 165 161.899993896484 158.100006103516 149.899993896484 143.199996948242 136.899993896484 128.800003051758 123.099998474121 119.099998474121 115.099998474121 109.900001525879 109.800003051758 111.699996948242 114.300003051758 116.800003051758 116.800003051758 117.400001525879 114.800003051758 109.599998474121 103.199996948242 97.0999984741211 98.9000015258789 103.099998474121 106.900001525879 110.900001525879 114.599998474121 117.099998474121 118.300003051758 119.099998474121 116.800003051758 114.300003051758 112.800003051758 116.099998474121 107.400001525879 103.099998474121 103.400001525879
162.199996948242 166.800003051758 171.300003051758 173.699996948242 185.399993896484 192.600006103516 198.199996948242 203.600006103516 202.399993896484 190.899993896484 176.100006103516 166.100006103516 163.600006103516 164.600006103516 167.300003051758 171.300003051758 170.5 169.199996948242 168 161.399993896484 154.199996948242 148.699996948242 142.399993896484 135 128.399993896484 120.800003051758 113.300003051758 109.699996948242 104.400001525879 103.400001525879 103.900001525879 108 111.099998474121 113.699996948242 113.300003051758 111.300003051758 106.900001525879 99.3000030517578 92.4000015258789 92.5999984741211 97.3000030517578 100.300003051758 105.300003051758 108 110.900001525879 115.099998474121 113.099998474121 112.699996948242 111.900001525879 110.599998474121 106.099998474121 101.300003051758 99.5999984741211 98.3000030517578
157.199996948242 161 162.5 167.800003051758 175.100006103516 181.800003051758 187.100006103516 185.800003051758 185.100006103516 177.600006103516 171.399993896484 164.199996948242 163.800003051758 163.399993896484 163.100006103516 167.100006103516 170.100006103516 172 168.899993896484 163.100006103516 155.699996948242 149.600006103516 141.100006103516 134.800003051758 126.099998474121 118.599998474121 108.5 101.300003051758 96.6999969482422 95.9000015258789 98.8000030517578 101.300003051758 105.5 109.5 111.300003051758 110.5 106.300003051758 99.8000030517578 94.5999984741211 92.3000030517578 94.3000030517578 96.3000030517578 99.9000015258789 107.599998474121 107.599998474121 108.599998474121 110.699996948242 111.400001525879 112.199996948242 109.599998474121 104.800003051758 97.9000015258789 96.1999969482422 95.3000030517578
149.699996948242 151.5 154.600006103516 158.199996948242 164.800003051758 170.600006103516 172.300003051758 172.5 171.699996948242 168.100006103516 163.100006103516 161.100006103516 159.100006103516 160.399993896484 160.800003051758 164.899993896484 167.899993896484 172.199996948242 168.300003051758 161.899993896484 156.100006103516 151.100006103516 143.300003051758 136.600006103516 129.300003051758 118.900001525879 107.5 98.0999984741211 92.4000015258789 93.8000030517578 96.4000015258789 101.599998474121 103 104.900001525879 108.099998474121 112 107.800003051758 98.9000015258789 94 91.9000015258789 92.0999984741211 95.8000030517578 98.6999969482422 106.400001525879 105.099998474121 105.900001525879 108.099998474121 110.300003051758 112.699996948242 121.599998474121 112.5 101.900001525879 91 91.5999984741211
142 142.100006103516 146.199996948242 150.399993896484 154.5 158.100006103516 161.800003051758 161.300003051758 161.600006103516 158.399993896484 155.600006103516 154.800003051758 152.800003051758 153.600006103516 156.800003051758 162.5 165.300003051758 167.199996948242 163.100006103516 160.199996948242 156.800003051758 152.600006103516 147.300003051758 140.5 133.5 123.300003051758 111.699996948242 100.400001525879 91.8000030517578 92.5 94.0999984741211 91.9000015258789 93.9000015258789 98.0999984741211 101.199996948242 105.199996948242 102.900001525879 95.4000015258789 91.0999984741211 89.9000015258789 92.0999984741211 92 99.5 99.9000015258789 101.099998474121 104.599998474121 105.300003051758 107.599998474121 107.900001525879 106.599998474121 100.400001525879 95 89.8000030517578 85.4000015258789
135.800003051758 135.399993896484 138.800003051758 142.399993896484 145.899993896484 148.300003051758 152.399993896484 154.300003051758 152.699996948242 149.600006103516 147.600006103516 146.300003051758 146.300003051758 147.300003051758 151.100006103516 155.399993896484 156.399993896484 156.300003051758 156.800003051758 157.100006103516 157.5 156.300003051758 150.399993896484 146 137.800003051758 127.699996948242 115.199996948242 103.699996948242 93.5 90.6999969482422 86.3000030517578 84.3000030517578 86.3000030517578 90.1999969482422 92.8000030517578 93.1999969482422 92.5 88.5999984741211 88 87.0999984741211 88.3000030517578 91 94.3000030517578 98.0999984741211 99.9000015258789 101.699996948242 101.900001525879 102.699996948242 102.5 99.8000030517578 92.5999984741211 85.6999969482422 86.4000015258789 81.3000030517578
130.600006103516 128.600006103516 131.5 135.899993896484 138.300003051758 141.899993896484 143.300003051758 144.899993896484 143.899993896484 142.800003051758 141.399993896484 138.899993896484 137.399993896484 139.399993896484 142.199996948242 146.899993896484 149.100006103516 149.800003051758 147.899993896484 148.300003051758 149.899993896484 153.800003051758 153.300003051758 149.399993896484 145.199996948242 135.300003051758 123.800003051758 110 95.4000015258789 88.8000030517578 86.5999984741211 82.8000030517578 82.9000015258789 84.0999984741211 84.3000030517578 84.5999984741211 83.5 81.3000030517578 82 84.1999969482422 86.0999984741211 90.5 94.4000015258789 97.3000030517578 99.1999969482422 101.099998474121 102.900001525879 100.900001525879 94.5999984741211 89.4000015258789 84.3000030517578 81.6999969482422 78.6999969482422 71.8000030517578
126.099998474121 122.599998474121 125.300003051758 129.899993896484 131.800003051758 134.100006103516 135.300003051758 137.5 138.399993896484 136.699996948242 134.899993896484 133.5 132.399993896484 131.899993896484 133.800003051758 135.199996948242 135.300003051758 139.100006103516 142.300003051758 143.800003051758 145.800003051758 148.600006103516 156.899993896484 155.899993896484 154.600006103516 147.800003051758 139.399993896484 120.800003051758 100.5 88.4000015258789 82.9000015258789 80.8000030517578 80.3000030517578 79.0999984741211 79.5 79.1999969482422 78.4000015258789 77.3000030517578 78.5 81.4000015258789 85.1999969482422 89.6999969482422 94.5999984741211 97.8000030517578 101.300003051758 102.699996948242 99 95.5999984741211 90.3000030517578 84.0999984741211 79.1999969482422 73.5999984741211 70.6999969482422 65.5999984741211
125.099998474121 123.099998474121 123.800003051758 127.400001525879 127.900001525879 130.5 131.899993896484 133.300003051758 133.100006103516 132.100006103516 129.600006103516 128.800003051758 126.400001525879 124.900001525879 124.900001525879 124 123.400001525879 127.599998474121 132.100006103516 136.100006103516 139.899993896484 146.399993896484 156.600006103516 166.199996948242 167 167.100006103516 158.5 140.199996948242 116.199996948242 104.300003051758 90 82.6999969482422 78.6999969482422 78.5 75.0999984741211 73.5999984741211 71.0999984741211 72.5999984741211 75.4000015258789 76.9000015258789 82.3000030517578 87.5999984741211 91.3000030517578 95.1999969482422 99.4000015258789 98.4000015258789 95.3000030517578 90.8000030517578 87.3000030517578 82.4000015258789 75.5 70.8000030517578 66.4000015258789 62.0999984741211
125.900001525879 125.099998474121 125.599998474121 125 124.900001525879 128.399993896484 129.199996948242 130.199996948242 128.800003051758 127.300003051758 126.199996948242 122.599998474121 120.400001525879 118.900001525879 116.300003051758 115 115.599998474121 119.099998474121 122.699996948242 127.300003051758 133.199996948242 143.600006103516 155.100006103516 171 182.300003051758 190.100006103516 187.100006103516 161.800003051758 136.600006103516 117.599998474121 100.199996948242 90.0999984741211 83.4000015258789 77.0999984741211 73.9000015258789 71.0999984741211 67.9000015258789 66.8000030517578 70.9000015258789 77.4000015258789 78.3000030517578 84.4000015258789 89.4000015258789 92.5 94.5 95.6999969482422 91.6999969482422 88.5 84 78.8000030517578 73.4000015258789 69.3000030517578 62.4000015258789 59.4000015258789
128.100006103516 126.699996948242 126.099998474121 126.5 127.099998474121 129.100006103516 127 126.5 124.599998474121 124.099998474121 121.300003051758 117.699996948242 114.599998474121 110.800003051758 108.900001525879 107.800003051758 107.800003051758 111.300003051758 115.199996948242 119.300003051758 125 137.199996948242 152.899993896484 172 190.399993896484 214.899993896484 219.100006103516 183.600006103516 156.300003051758 129.399993896484 113.5 97.9000015258789 84.4000015258789 76.8000030517578 70.6999969482422 66.0999984741211 65 66.8000030517578 70.3000030517578 73.1999969482422 77.5999984741211 83.5 86.0999984741211 88.3000030517578 90.3000030517578 91.4000015258789 88.1999969482422 86.4000015258789 84.3000030517578 81.0999984741211 74 65.8000030517578 59.5999984741211 54.9000015258789
132.100006103516 132.300003051758 131.100006103516 131.5 130.100006103516 129.699996948242 126.5 123.400001525879 122.300003051758 121.599998474121 115.800003051758 111.5 108.599998474121 103.5 101.800003051758 99.4000015258789 100.099998474121 102.099998474121 104.699996948242 108.199996948242 115.900001525879 127.099998474121 141.100006103516 161.600006103516 186.399993896484 209.899993896484 216.800003051758 192.600006103516 163.899993896484 140.899993896484 122.199996948242 102.800003051758 86.8000030517578 78.0999984741211 72.9000015258789 69.0999984741211 66.8000030517578 68.6999969482422 71.3000030517578 74.4000015258789 77.0999984741211 82.0999984741211 84.9000015258789 86.3000030517578 87.8000030517578 87.1999969482422 85.8000030517578 85.0999984741211 85.5999984741211 83 77.1999969482422 68.6999969482422 60.5999984741211 55.5999984741211
137 136.600006103516 135.699996948242 134.899993896484 133.899993896484 131.5 127.900001525879 124.900001525879 122.300003051758 118.099998474121 113 109.099998474121 104.400001525879 98.0999984741211 93.5999984741211 91.5999984741211 91.3000030517578 93.0999984741211 94.1999969482422 97.3000030517578 104.900001525879 115.099998474121 128.5 145.399993896484 167.199996948242 186.100006103516 194.199996948242 184.399993896484 163.100006103516 143.100006103516 123.400001525879 103.300003051758 91.4000015258789 81.9000015258789 75.9000015258789 72.0999984741211 71.3000030517578 71.5 73.8000030517578 76.1999969482422 77.4000015258789 81.1999969482422 81.8000030517578 86 85.5999984741211 84.1999969482422 84.0999984741211 85.3000030517578 85.9000015258789 84.4000015258789 79.0999984741211 69.8000030517578 61.2999992370605 56.5999984741211
143.300003051758 141.899993896484 141.300003051758 138.899993896484 138.100006103516 134.899993896484 131.800003051758 128.699996948242 125.800003051758 119.599998474121 112.300003051758 108.099998474121 102 94 88.4000015258789 82.9000015258789 81.9000015258789 84.5 84.4000015258789 87.9000015258789 93.1999969482422 100.599998474121 111 127.300003051758 144.600006103516 159.800003051758 168.399993896484 164.899993896484 153.300003051758 134.399993896484 119.599998474121 106.900001525879 94.9000015258789 85.0999984741211 78.5999984741211 75.0999984741211 74.4000015258789 74.6999969482422 76.0999984741211 78.5999984741211 81.0999984741211 86.3000030517578 82.1999969482422 82 83.5 81.0999984741211 80.8000030517578 83.0999984741211 85.0999984741211 85.0999984741211 82.0999984741211 73.8000030517578 63.9000015258789 58.5999984741211
147.300003051758 148.199996948242 147.600006103516 145.300003051758 143.300003051758 139.399993896484 138.800003051758 135 130.800003051758 123.800003051758 116.300003051758 108.400001525879 100.400001525879 90.5999984741211 82.4000015258789 77 74.9000015258789 77.5999984741211 79.9000015258789 82.0999984741211 85.5999984741211 89.0999984741211 98.1999969482422 114.199996948242 131 142.100006103516 150.100006103516 149.100006103516 137.899993896484 128.399993896484 117.900001525879 108.300003051758 96.0999984741211 87.9000015258789 81.8000030517578 77.0999984741211 75.6999969482422 76.5999984741211 78.0999984741211 80.0999984741211 83.3000030517578 84.0999984741211 78.8000030517578 75.5999984741211 78.4000015258789 79.9000015258789 80.9000015258789 82.3000030517578 82.8000030517578 82.8000030517578 84.6999969482422 77.1999969482422 67.6999969482422 62.0999984741211
154.800003051758 153.300003051758 152.800003051758 152.899993896484 151.800003051758 148.399993896484 147.100006103516 142.600006103516 136.600006103516 128.800003051758 121.099998474121 112 101.5 91.4000015258789 77.9000015258789 70.4000015258789 69.9000015258789 74.5999984741211 78.0999984741211 81 80.9000015258789 84 95.8000030517578 107.099998474121 118.099998474121 126.099998474121 132.300003051758 131.899993896484 129.100006103516 123 114.900001525879 106.900001525879 97.8000030517578 89.6999969482422 83.0999984741211 77.3000030517578 74.3000030517578 75.0999984741211 77.3000030517578 79.3000030517578 85.4000015258789 85.3000030517578 76.5 72.5 72 75.3000030517578 79.8000030517578 83.3000030517578 83.6999969482422 82.3000030517578 81.3000030517578 74.9000015258789 70.9000015258789 65.6999969482422
161.300003051758 162 163.5 164.800003051758 161.800003051758 160.899993896484 157.800003051758 153.600006103516 145.300003051758 137 129 119.099998474121 108.199996948242 97.4000015258789 82.9000015258789 69.8000030517578 70.1999969482422 75.0999984741211 80.0999984741211 85.4000015258789 85.5999984741211 88.9000015258789 91.6999969482422 99 109.699996948242 119.5 124.300003051758 124.699996948242 123.400001525879 120.900001525879 113.699996948242 106.300003051758 98.6999969482422 91.9000015258789 84.5 76.8000030517578 74.0999984741211 74.8000030517578 76.3000030517578 76.9000015258789 82.4000015258789 76.8000030517578 70 64.8000030517578 65.1999969482422 68.9000015258789 75.9000015258789 83.5999984741211 87.9000015258789 84.8000030517578 81.9000015258789 77.1999969482422 74.3000030517578 69
174.300003051758 176.300003051758 175.100006103516 175.300003051758 173.199996948242 174.300003051758 170.800003051758 163.899993896484 157.600006103516 150.100006103516 141.100006103516 130.5 118.900001525879 107.300003051758 93.9000015258789 84 81.0999984741211 81.4000015258789 82.5 87.9000015258789 92.5999984741211 94.5 95.6999969482422 99.4000015258789 105.900001525879 114.5 119.300003051758 120.900001525879 120.300003051758 119.400001525879 113.800003051758 108.599998474121 102.199996948242 95.0999984741211 88.8000030517578 79.5999984741211 76.6999969482422 74.9000015258789 76.0999984741211 75.1999969482422 73.4000015258789 67.6999969482422 62.2000007629395 55.5999984741211 57.7999992370605 64.6999969482422 72.3000030517578 81.0999984741211 88.4000015258789 85.8000030517578 82.5999984741211 79 73.4000015258789 69.0999984741211
186.399993896484 186.399993896484 187.899993896484 189.5 189.300003051758 187 184.600006103516 180.600006103516 173.300003051758 165.800003051758 156.5 144.5 135.100006103516 125.300003051758 113.5 106.400001525879 99.5 95.4000015258789 93.1999969482422 93.4000015258789 94.8000030517578 96.5999984741211 100 102.5 106.900001525879 113.099998474121 116.599998474121 118.800003051758 118.300003051758 117.400001525879 117.099998474121 113 106.699996948242 102 94.9000015258789 87 81.1999969482422 79.1999969482422 78.3000030517578 72.9000015258789 69.5 63.4000015258789 57.7000007629395 51.0999984741211 53.9000015258789 59.9000015258789 69.0999984741211 75.8000030517578 79.8000030517578 81.0999984741211 78.5999984741211 75.4000015258789 72 69.9000015258789
