data/layers/future_layer_mc_126_60/bio15.asc
NCOLS 494 
NROWS 529 
XLLCORNER -117.166666666667 
YLLCORNER -55.5 
CELLSIZE 0.166666666666667 
NODATA_value -3.4e+38 
[rows 275 to 299 of 529, columns 330 to 384 of 494]
74.5 74.1999969482422 74 74.5999984741211 75.4000015258789 75.4000015258789 75.1999969482422 75.4000015258789 75.6999969482422 75.3000030517578 75.0999984741211 75.3000030517578 75 74.9000015258789 75.1999969482422 75.5 76.1999969482422 76 75.9000015258789 76.3000030517578 76 77.5 78.5999984741211 79.8000030517578 78.8000030517578 79.1999969482422 79.4000015258789 81 81.5999984741211 81.9000015258789 82.1999969482422 82.5 82.9000015258789 83.1999969482422 83.5 85 85.1999969482422 86.3000030517578 85.9000015258789 86.3000030517578 85.4000015258789 85.1999969482422 85.8000030517578 86 86.0999984741211 85.9000015258789 86.1999969482422 86 85.8000030517578 85.8000030517578 85.5 85.4000015258789 85.0999984741211 84.6999969482422 85.9000015258789
74.5 74.5999984741211 74.0999984741211 74.5 74.6999969482422 75.1999969482422 75.6999969482422 76.4000015258789 76.4000015258789 75.5 75.4000015258789 75.3000030517578 75 74.5 75.0999984741211 75.4000015258789 76.0999984741211 75 75.8000030517578 75.0999984741211 76.0999984741211 76.5 77.3000030517578 79.5 79.0999984741211 78.8000030517578 79.4000015258789 80.4000015258789 80.9000015258789 81.8000030517578 81.6999969482422 81.6999969482422 82 82.6999969482422 83.3000030517578 83.5999984741211 84.1999969482422 84.5999984741211 85.3000030517578 85.3000030517578 85.8000030517578 84.8000030517578 84.4000015258789 85.3000030517578 84.5999984741211 85.8000030517578 84.9000015258789 85.0999984741211 85.3000030517578 84.6999969482422 85.4000015258789 85.3000030517578 84.9000015258789 84.9000015258789 85.4000015258789
73.3000030517578 74.1999969482422 74.5999984741211 74.9000015258789 75.1999969482422 75.9000015258789 76.3000030517578 76.5999984741211 76.1999969482422 76.1999969482422 75.8000030517578 75.6999969482422 75.4000015258789 74.6999969482422 74.5 75.3000030517578 75.8000030517578 74.9000015258789 75.1999969482422 75.1999969482422 75.6999969482422 76.5999984741211 78.0999984741211 78.6999969482422 79.3000030517578 78.6999969482422 79.5 79.5999984741211 80.3000030517578 81.5 81.4000015258789 81.1999969482422 81.8000030517578 82.0999984741211 82.5999984741211 82.8000030517578 83.1999969482422 83.5999984741211 83.9000015258789 84.5 84.8000030517578 85 84 84.0999984741211 84.1999969482422 85.5999984741211 85.0999984741211 84.9000015258789 84.6999969482422 84.4000015258789 84.9000015258789 84.5 84.4000015258789 84.4000015258789 85
73.8000030517578 74.0999984741211 74.3000030517578 74.3000030517578 74.5999984741211 75.4000015258789 75.9000015258789 75.5 75.9000015258789 76.1999969482422 75.9000015258789 75.5999984741211 75.4000015258789 74.8000030517578 74.5999984741211 74.9000015258789 75.5 74.8000030517578 75.3000030517578 75.6999969482422 76 77 78.1999969482422 78.3000030517578 79.1999969482422 78.9000015258789 80 79.4000015258789 79.6999969482422 80.1999969482422 79.1999969482422 80.3000030517578 81 81.0999984741211 81.5 81.1999969482422 81.8000030517578 82.0999984741211 82.4000015258789 83 83.1999969482422 83.6999969482422 84.0999984741211 83.9000015258789 84 85 84.8000030517578 85 84.6999969482422 84.3000030517578 84.0999984741211 83.8000030517578 83.9000015258789 83.5 84.0999984741211
73.4000015258789 73.8000030517578 74.3000030517578 73.8000030517578 74.5999984741211 74.9000015258789 75.3000030517578 74.8000030517578 74.8000030517578 75.4000015258789 75.8000030517578 75.5 74.1999969482422 75 74.8000030517578 75 75.3000030517578 74.5 75.1999969482422 75.9000015258789 75.9000015258789 77.4000015258789 77.8000030517578 78.3000030517578 78.6999969482422 78.5 79.5 79.5 79.3000030517578 79.1999969482422 79 79.3000030517578 80.0999984741211 79.5999984741211 80.6999969482422 80.3000030517578 79.9000015258789 80.1999969482422 80.5 81.1999969482422 81.6999969482422 82.5 83.1999969482422 84 83.4000015258789 84.3000030517578 84.1999969482422 84.3000030517578 84.0999984741211 84.0999984741211 84.0999984741211 84 83.9000015258789 83.1999969482422 83.8000030517578
73 73.4000015258789 73.8000030517578 74 74.0999984741211 74.5 75 74.5 74.1999969482422 74.3000030517578 74.8000030517578 74.5 74.4000015258789 74.3000030517578 74.8000030517578 75.3000030517578 75.1999969482422 74.8000030517578 75.5999984741211 76 76.5 77.0999984741211 77.4000015258789 78 78.0999984741211 78.4000015258789 79.0999984741211 79.0999984741211 79.0999984741211 78.4000015258789 78.3000030517578 78.0999984741211 78 77.5999984741211 78.3000030517578 78.8000030517578 78.9000015258789 78.9000015258789 79.9000015258789 80.3000030517578 80.5999984741211 81.3000030517578 82.6999969482422 83 83.4000015258789 83.8000030517578 83.8000030517578 83.6999969482422 83.6999969482422 83.9000015258789 84 84.1999969482422 84.5 83.9000015258789 84.0999984741211
72.5999984741211 72.9000015258789 73.3000030517578 73.6999969482422 73.9000015258789 74.1999969482422 74.6999969482422 74.4000015258789 73.3000030517578 74.1999969482422 74.3000030517578 74.0999984741211 74.0999984741211 74.4000015258789 74.5999984741211 75 74.6999969482422 74.4000015258789 75.3000030517578 75.8000030517578 76.5 76.8000030517578 76.9000015258789 77.5 77.5 77.8000030517578 78 78.4000015258789 78.0999984741211 77.3000030517578 76.8000030517578 76.5999984741211 77.0999984741211 76.5999984741211 76.8000030517578 77.0999984741211 76.8000030517578 77.1999969482422 78.1999969482422 78.9000015258789 79.6999969482422 80.4000015258789 81.4000015258789 81.9000015258789 82.4000015258789 82.9000015258789 83.3000030517578 83.5 83.8000030517578 83.9000015258789 84 84.4000015258789 84.4000015258789 84 84.1999969482422
72.0999984741211 72.5999984741211 72.8000030517578 73.4000015258789 73.5 73.8000030517578 74.0999984741211 74.0999984741211 72.9000015258789 73.5999984741211 74.0999984741211 73.3000030517578 73.6999969482422 74.1999969482422 74.4000015258789 74.5999984741211 74.5 74.4000015258789 74.9000015258789 75.4000015258789 75.9000015258789 75.9000015258789 76.0999984741211 76.4000015258789 76.8000030517578 76.9000015258789 77.0999984741211 76.8000030517578 76.5 75.9000015258789 75.3000030517578 74.5 73.8000030517578 74.6999969482422 74.3000030517578 74.1999969482422 74.3000030517578 75.0999984741211 76.1999969482422 77.3000030517578 78.5999984741211 79.5 80.5 81.3000030517578 82.0999984741211 82.6999969482422 83.3000030517578 83.5999984741211 84 84.3000030517578 84.5 84.6999969482422 84.6999969482422 84.6999969482422 84.5999984741211
71.8000030517578 72.1999969482422 72.5 72.6999969482422 72.9000015258789 73.3000030517578 73.5 73.5999984741211 72.9000015258789 72.6999969482422 73 73.0999984741211 73.3000030517578 73.6999969482422 74 74 74.0999984741211 74 74.0999984741211 74.5 74.8000030517578 75 75.0999984741211 75.9000015258789 76 76 75.9000015258789 75.3000030517578 75 74.4000015258789 73.1999969482422 71.3000030517578 71.1999969482422 70.9000015258789 70.9000015258789 70.6999969482422 70.5999984741211 72 73.5999984741211 75.6999969482422 77.3000030517578 78.9000015258789 79.6999969482422 80.5999984741211 81.5999984741211 82.4000015258789 83.1999969482422 83.6999969482422 84.4000015258789 84.5999984741211 84.6999969482422 84.9000015258789 84.6999969482422 84.9000015258789 84.9000015258789
71.1999969482422 71.5999984741211 71.6999969482422 72.1999969482422 72.3000030517578 72.6999969482422 72.5 73 73 72.3000030517578 71.6999969482422 72.5999984741211 73.0999984741211 73 73.0999984741211 73.6999969482422 74.0999984741211 73.6999969482422 73.5 74 74 74.5999984741211 75.0999984741211 75.5999984741211 75.9000015258789 75.3000030517578 74.6999969482422 74.1999969482422 73.3000030517578 71.4000015258789 69.8000030517578 68.9000015258789 68 67.0999984741211 65.5999984741211 65.5 66.9000015258789 69.3000030517578 71.8000030517578 74.1999969482422 75.8000030517578 77.6999969482422 79.1999969482422 80.3000030517578 81.3000030517578 82 82.5 83.1999969482422 83.8000030517578 84.6999969482422 84.5999984741211 84.5999984741211 84.5999984741211 85.1999969482422 85.4000015258789
70.4000015258789 71 71.0999984741211 71.5999984741211 71.6999969482422 72.3000030517578 71.9000015258789 72.3000030517578 72.5999984741211 72.4000015258789 72 72.0999984741211 72.5 72.8000030517578 73.0999984741211 73 73.5999984741211 73.5 73.4000015258789 73.5999984741211 73.6999969482422 74.4000015258789 74.6999969482422 75.1999969482422 75 74.4000015258789 73.9000015258789 72.9000015258789 71.4000015258789 69.8000030517578 68.1999969482422 66.5999984741211 64.5 61.5 58.7000007629395 61 64.8000030517578 67.9000015258789 70.9000015258789 73.1999969482422 75.4000015258789 77.0999984741211 78.8000030517578 79.9000015258789 80.9000015258789 81.0999984741211 81.5999984741211 81.9000015258789 82.5999984741211 83.6999969482422 84.0999984741211 84.3000030517578 85.0999984741211 85.6999969482422 85.6999969482422
69.9000015258789 70.1999969482422 70.5999984741211 70.6999969482422 71.0999984741211 71.5 71.5 71.6999969482422 72.0999984741211 71.8000030517578 71.6999969482422 71.5 71.5 71.9000015258789 72.3000030517578 72.4000015258789 72.0999984741211 72.5999984741211 73.0999984741211 73.1999969482422 73.1999969482422 73.5999984741211 73.9000015258789 74 73.8000030517578 73.0999984741211 73.1999969482422 72.4000015258789 70.6999969482422 68.6999969482422 67.0999984741211 65 62.2000007629395 57.2999992370605 53.5999984741211 58.5999984741211 65.5 67 70.5 72.5 74.6999969482422 76.4000015258789 77.5999984741211 78.8000030517578 79.5999984741211 80.0999984741211 81.0999984741211 81.9000015258789 83.0999984741211 83.8000030517578 84.3000030517578 84.6999969482422 84.8000030517578 85.4000015258789 85.6999969482422
69 69.5 69.6999969482422 69.9000015258789 70.4000015258789 70.8000030517578 71.3000030517578 70.6999969482422 71.5 71.3000030517578 70.9000015258789 70.9000015258789 71.0999984741211 71.3000030517578 71.4000015258789 71.8000030517578 71.9000015258789 72.0999984741211 72.4000015258789 72.3000030517578 72.3000030517578 72.6999969482422 73.0999984741211 73.5 73 72.6999969482422 72.6999969482422 71.9000015258789 70.4000015258789 68.5999984741211 66.4000015258789 65.5 63.7000007629395 57.2999992370605 53.9000015258789 55.9000015258789 62.0999984741211 67.4000015258789 71 72.4000015258789 74.4000015258789 76 77.0999984741211 78 78.8000030517578 79.9000015258789 81.1999969482422 82.0999984741211 82.9000015258789 83.9000015258789 84.4000015258789 84.8000030517578 85.5999984741211 86 86.0999984741211
68.0999984741211 68.3000030517578 69 69.0999984741211 69.5999984741211 70.0999984741211 70.5999984741211 70.1999969482422 70.8000030517578 70.5 70.4000015258789 70.5 70.5 70.3000030517578 70.9000015258789 70.9000015258789 71.1999969482422 71.5 71.5 71.5 71.6999969482422 72 72 72.5 72.9000015258789 72.6999969482422 72.6999969482422 71.9000015258789 70.3000030517578 68.8000030517578 67.4000015258789 65.8000030517578 62.7000007629395 59.9000015258789 59.2999992370605 61.4000015258789 65.1999969482422 67.6999969482422 71.4000015258789 72.6999969482422 74.4000015258789 75.5999984741211 76.5999984741211 77.9000015258789 78.6999969482422 80 81.0999984741211 81.8000030517578 82.6999969482422 84.1999969482422 84.4000015258789 84.8000030517578 85.0999984741211 86.1999969482422 86.3000030517578
66.9000015258789 67.4000015258789 67.8000030517578 68 68.8000030517578 69.5999984741211 69.8000030517578 70.0999984741211 70.1999969482422 69.5 69.8000030517578 69.9000015258789 69.6999969482422 69.9000015258789 70.1999969482422 70.5 70.5999984741211 70.8000030517578 70.9000015258789 71 71.0999984741211 71.4000015258789 71.8000030517578 72.0999984741211 72.6999969482422 72.5 72.4000015258789 72.1999969482422 70.8000030517578 69.4000015258789 68.4000015258789 65.9000015258789 63.7999992370605 63.4000015258789 63.5 66 68.6999969482422 69.3000030517578 70.3000030517578 71.8000030517578 74.0999984741211 75.4000015258789 76.6999969482422 77.6999969482422 78.6999969482422 80 80.6999969482422 81.8000030517578 82.5 84.0999984741211 84.0999984741211 84.9000015258789 85.6999969482422 86 86.4000015258789
65.5 66 66.1999969482422 66.5999984741211 67.8000030517578 68.6999969482422 69 69.3000030517578 69.4000015258789 68.8000030517578 68.6999969482422 68.5999984741211 69 69.1999969482422 69.6999969482422 69.5 69.9000015258789 69.9000015258789 69.9000015258789 70.0999984741211 70.4000015258789 71 71.5 71.9000015258789 72.3000030517578 72.5999984741211 72.9000015258789 72.6999969482422 71.5999984741211 70.5 68.0999984741211 66 65.8000030517578 65.4000015258789 66.5 67.8000030517578 69.3000030517578 70.0999984741211 70.6999969482422 72.0999984741211 74.1999969482422 75.4000015258789 76.4000015258789 77.4000015258789 78.5 79.6999969482422 80.8000030517578 81.6999969482422 82.5 83.4000015258789 84 85 85.5999984741211 86 86.5
64 64.3000030517578 65 65.6999969482422 66.8000030517578 68.0999984741211 68.8000030517578 69.4000015258789 69.3000030517578 68 67.8000030517578 67.9000015258789 68 68.0999984741211 68.4000015258789 68.4000015258789 68.6999969482422 68.5 68.6999969482422 69.0999984741211 69.8000030517578 70.4000015258789 71.0999984741211 71.5999984741211 72.3000030517578 73.3000030517578 73.5999984741211 73.3000030517578 72 70.1999969482422 68.0999984741211 67 66.5 66.5 67.3000030517578 68.5 69.6999969482422 70.4000015258789 71.4000015258789 72.5 73.9000015258789 75.0999984741211 76.0999984741211 76.9000015258789 77.9000015258789 79.3000030517578 80.5 81.3000030517578 82.3000030517578 83 83.3000030517578 84.3000030517578 85.1999969482422 85.6999969482422 86
61.7999992370605 62.5999984741211 63.5999984741211 65 66.1999969482422 67.5999984741211 68.3000030517578 69.3000030517578 68.9000015258789 67.6999969482422 67 66.6999969482422 66.8000030517578 67 67.3000030517578 67.4000015258789 67.0999984741211 66.8000030517578 67.3000030517578 68.0999984741211 69 69.6999969482422 70.5999984741211 71.3000030517578 72.3000030517578 73.3000030517578 74.4000015258789 73.4000015258789 71.6999969482422 69.6999969482422 68.6999969482422 67.9000015258789 67.5 67.8000030517578 68.0999984741211 68.8000030517578 69.6999969482422 70.5999984741211 71.4000015258789 72.5999984741211 73.5 74.5999984741211 75.4000015258789 76.5999984741211 77.4000015258789 78.8000030517578 79.9000015258789 80.6999969482422 81.5 82.1999969482422 83.1999969482422 83.9000015258789 84.5 84.9000015258789 85.5
59.7000007629395 60.7999992370605 62.2999992370605 64 65.5 66.8000030517578 68.1999969482422 68.8000030517578 67.8000030517578 66.9000015258789 66.3000030517578 65.8000030517578 65.6999969482422 65.5999984741211 65.5999984741211 65.5999984741211 65.5999984741211 65.8000030517578 66.3000030517578 66.9000015258789 67.9000015258789 68.9000015258789 69.9000015258789 70.6999969482422 71.5999984741211 72.6999969482422 73.5999984741211 72.5 71.1999969482422 69.8000030517578 69.0999984741211 68.5999984741211 68.5999984741211 68.1999969482422 68.5999984741211 69.0999984741211 69.9000015258789 70.8000030517578 71.5999984741211 72.1999969482422 73.3000030517578 74.0999984741211 75 76.0999984741211 77.1999969482422 78.1999969482422 79.0999984741211 80 80.9000015258789 81.9000015258789 82.6999969482422 83.3000030517578 82.5 83.5 84.4000015258789
59.0999984741211 59.7000007629395 61.2000007629395 62.7000007629395 64.1999969482422 65.9000015258789 67.3000030517578 67.8000030517578 66.6999969482422 66.1999969482422 65.4000015258789 64.6999969482422 64.3000030517578 64.3000030517578 64.0999984741211 63.7999992370605 64.1999969482422 64.5999984741211 65.1999969482422 66 66.8000030517578 68 69.1999969482422 69.8000030517578 70.9000015258789 71.5999984741211 72.4000015258789 71.5999984741211 71 70 69.4000015258789 68.9000015258789 69 69 69.0999984741211 69.6999969482422 70.0999984741211 71 71.5999984741211 72.3000030517578 72.9000015258789 73.4000015258789 74.5 75.6999969482422 76.5 77.4000015258789 78.4000015258789 79.1999969482422 80.1999969482422 81.1999969482422 81.9000015258789 82.5 82.5999984741211 82.5999984741211 83.0999984741211
58.0999984741211 58.5 60.0999984741211 61.5 63.2000007629395 64.3000030517578 65.0999984741211 65.4000015258789 65.0999984741211 64.4000015258789 63.5999984741211 62.7999992370605 62.2999992370605 62 62.0999984741211 62.2999992370605 62.5999984741211 63.2000007629395 64.1999969482422 65.1999969482422 66.0999984741211 67.1999969482422 68.5999984741211 69.3000030517578 69.9000015258789 70.5999984741211 70.9000015258789 70.5999984741211 70.6999969482422 70.3000030517578 69.6999969482422 69.5 69.0999984741211 69.4000015258789 69.8000030517578 70.1999969482422 70.5999984741211 71 71.1999969482422 72 72.5999984741211 73.1999969482422 74.0999984741211 74.6999969482422 76 76.9000015258789 77.9000015258789 78.6999969482422 79.6999969482422 80.5999984741211 81.0999984741211 81.4000015258789 81.9000015258789 81.9000015258789 82.0999984741211
57 57.7000007629395 58.9000015258789 60.2999992370605 61.5 62.5 63.0999984741211 63 62.5999984741211 62.0999984741211 61.4000015258789 61.0999984741211 61 60.7999992370605 61 60.9000015258789 61.4000015258789 62 63.0999984741211 63.9000015258789 65.0999984741211 66.4000015258789 67.9000015258789 68.5999984741211 69.0999984741211 69.6999969482422 69.6999969482422 69.9000015258789 70.0999984741211 69.9000015258789 70 69.5999984741211 69.5999984741211 69.3000030517578 69.5999984741211 70 70.5 70.8000030517578 71.4000015258789 71.8000030517578 72.1999969482422 72.9000015258789 73.4000015258789 74 75 76.1999969482422 77.4000015258789 78.0999984741211 78.8000030517578 79.0999984741211 79.6999969482422 80 80.8000030517578 81 81.4000015258789
55.5999984741211 56.5 57.7000007629395 59.0999984741211 60.2000007629395 61 61.2999992370605 61 60.4000015258789 60 59.7000007629395 59.4000015258789 59.0999984741211 59.0999984741211 59.2000007629395 59.4000015258789 60.0999984741211 60.7000007629395 61.5 62.7999992370605 63.9000015258789 65.3000030517578 67.4000015258789 67.6999969482422 68.1999969482422 68.6999969482422 69 69.0999984741211 69.5 69.4000015258789 69.5 69.3000030517578 69.3000030517578 69.0999984741211 69.0999984741211 69.5999984741211 70.1999969482422 70.5999984741211 71 71.5 71.9000015258789 72.5999984741211 73.1999969482422 73.5999984741211 73.6999969482422 75.6999969482422 76.5 77.3000030517578 77.8000030517578 77.8000030517578 78.0999984741211 78.8000030517578 79.9000015258789 80.1999969482422 80.6999969482422
53.5 55.9000015258789 56.7000007629395 57.7999992370605 58.7000007629395 59.5 59.5 59.2999992370605 58.7000007629395 58.2999992370605 58.0999984741211 57.5 57.2000007629395 57.5 57.7999992370605 58.0999984741211 58.7999992370605 59.5 60.5999984741211 61.7999992370605 63.0999984741211 64.6999969482422 66.4000015258789 67.1999969482422 67.5 67.9000015258789 68.5999984741211 68.5999984741211 69.1999969482422 68.8000030517578 69 69.0999984741211 69.1999969482422 69.0999984741211 69 69.3000030517578 70 70.1999969482422 70.4000015258789 70.9000015258789 71.5 71.9000015258789 72.5999984741211 73 73.3000030517578 74.3000030517578 75.5 76 76.5999984741211 77.0999984741211 77.5 77.9000015258789 78 78.8000030517578 79.5
52.5999984741211 53.7999992370605 56 56.9000015258789 57.5 57.9000015258789 58.0999984741211 57.9000015258789 57.5999984741211 56.9000015258789 57 56.4000015258789 55.7999992370605 55.7000007629395 56.0999984741211 56.7000007629395 57.4000015258789 58.4000015258789 59.7000007629395 61.2000007629395 62.5 63.4000015258789 64.9000015258789 66.5999984741211 67 67.5 67.8000030517578 68.0999984741211 68.5999984741211 68.5999984741211 68.6999969482422 68.8000030517578 69 68.9000015258789 68.9000015258789 69.0999984741211 69.3000030517578 69.9000015258789 70.3000030517578 70.6999969482422 71.0999984741211 71.3000030517578 72 72.1999969482422 72.3000030517578 73.3000030517578 74.4000015258789 75 75.6999969482422 76.6999969482422 76.9000015258789 77.0999984741211 77.4000015258789 78.0999984741211 78.1999969482422
