data/layers/future_layer_mc_126_60/bio13.asc
NCOLS 494 
NROWS 529 
XLLCORNER -117.166666666667 
YLLCORNER -55.5 
CELLSIZE 0.166666666666667 
NODATA_value -3.4e+38 
[rows 288 to 311 of 529, columns 432 to 485 of 494]
269.100006103516 260.799987792969 251.800003051758 250.899993896484 249.600006103516 235.800003051758 224.300003051758 212.600006103516 198.399993896484 188 183.800003051758 184.399993896484 187.899993896484 196.399993896484 210.399993896484 207.899993896484 193.899993896484 177.5 167.899993896484 171.199996948242 182.199996948242 194.600006103516 200.5 186.300003051758 172.399993896484 160.300003051758 155.399993896484 142.199996948242 132.800003051758 131.100006103516 127.400001525879 124.699996948242 124 128.100006103516 139.600006103516 151.600006103516 162.800003051758 -3.4e+38 -3.4e+38 -3.4e+38 -3.4e+38 -3.4e+38 -3.4e+38 -3.4e+38 -3.4e+38 -3.4e+38 -3.4e+38 -3.4e+38 -3.4e+38 -3.4e+38 -3.4e+38 -3.4e+38 -3.4e+38 -3.4e+38
255.300003051758 247.300003051758 238.300003051758 228.600006103516 215.699996948242 219.199996948242 220.399993896484 211.100006103516 199.199996948242 188.100006103516 186.199996948242 190.800003051758 197.199996948242 206.100006103516 216.399993896484 213.100006103516 200.399993896484 186.899993896484 179.899993896484 181.399993896484 189.800003051758 197.899993896484 197.699996948242 178.899993896484 160.300003051758 154.199996948242 158 149.600006103516 137.600006103516 132.100006103516 126.800003051758 122.800003051758 120.199996948242 120.099998474121 130.100006103516 149.899993896484 158.800003051758 -3.4e+38 -3.4e+38 -3.4e+38 -3.4e+38 -3.4e+38 -3.4e+38 -3.4e+38 -3.4e+38 -3.4e+38 -3.4e+38 -3.4e+38 -3.4e+38 -3.4e+38 -3.4e+38 -3.4e+38 -3.4e+38 -3.4e+38
246.699996948242 238.800003051758 230.100006103516 217.800003051758 209.300003051758 213.100006103516 223.399993896484 218 207.800003051758 196.600006103516 195.199996948242 198.800003051758 208.800003051758 216.899993896484 219.300003051758 215.300003051758 204.399993896484 193.800003051758 186.5 185.899993896484 186.399993896484 189.600006103516 181.899993896484 162.899993896484 140.600006103516 142.199996948242 151.199996948242 146.100006103516 139.699996948242 132.899993896484 126.800003051758 124.199996948242 123.900001525879 128.5 134.399993896484 142.100006103516 150.899993896484 -3.4e+38 -3.4e+38 -3.4e+38 -3.4e+38 -3.4e+38 -3.4e+38 -3.4e+38 -3.4e+38 -3.4e+38 -3.4e+38 -3.4e+38 -3.4e+38 -3.4e+38 -3.4e+38 -3.4e+38 -3.4e+38 -3.4e+38
237.100006103516 233.399993896484 230.199996948242 221.600006103516 210.600006103516 218.100006103516 228.800003051758 229.600006103516 220.199996948242 207.899993896484 204 204.100006103516 211.800003051758 218.5 220.199996948242 215.899993896484 206.199996948242 190.699996948242 188.800003051758 187.600006103516 185.800003051758 185.300003051758 181.399993896484 173.899993896484 158.300003051758 146 143.899993896484 144.800003051758 138.800003051758 134.100006103516 125.900001525879 123.199996948242 128.300003051758 136.100006103516 142.5 143 157.399993896484 -3.4e+38 -3.4e+38 -3.4e+38 -3.4e+38 -3.4e+38 -3.4e+38 -3.4e+38 -3.4e+38 -3.4e+38 -3.4e+38 -3.4e+38 -3.4e+38 -3.4e+38 -3.4e+38 -3.4e+38 -3.4e+38 -3.4e+38
227.300003051758 231.699996948242 239.899993896484 229 220.300003051758 236.899993896484 240.100006103516 238 227.199996948242 214.800003051758 209.100006103516 208.899993896484 214.800003051758 217.800003051758 219.399993896484 214.399993896484 203.100006103516 184.600006103516 188.899993896484 187.899993896484 185 183.5 181.699996948242 173.399993896484 157.199996948242 149.100006103516 156.300003051758 150.899993896484 143.800003051758 135.5 127.199996948242 123.400001525879 130.600006103516 138.100006103516 144.100006103516 143.600006103516 170.899993896484 -3.4e+38 -3.4e+38 -3.4e+38 -3.4e+38 -3.4e+38 -3.4e+38 -3.4e+38 -3.4e+38 -3.4e+38 -3.4e+38 -3.4e+38 -3.4e+38 -3.4e+38 -3.4e+38 -3.4e+38 -3.4e+38 -3.4e+38
217.800003051758 228.100006103516 239.899993896484 242.800003051758 237.600006103516 239.399993896484 240.5 238.300003051758 223.199996948242 215.399993896484 215.399993896484 216.5 218.699996948242 219.199996948242 220.699996948242 214.800003051758 201.600006103516 186.699996948242 190.199996948242 185.399993896484 184.300003051758 182.300003051758 182.100006103516 174.100006103516 160.600006103516 158.800003051758 159.399993896484 148.5 139.899993896484 127.800003051758 121.800003051758 119.199996948242 131.399993896484 140.100006103516 142.199996948242 147.399993896484 190.300003051758 -3.4e+38 -3.4e+38 -3.4e+38 -3.4e+38 -3.4e+38 -3.4e+38 -3.4e+38 -3.4e+38 -3.4e+38 -3.4e+38 -3.4e+38 -3.4e+38 -3.4e+38 -3.4e+38 -3.4e+38 -3.4e+38 -3.4e+38
215 226.600006103516 237.600006103516 248.300003051758 259.200012207031 238 238.300003051758 238.100006103516 223.699996948242 222.5 229.899993896484 233.100006103516 225.300003051758 220.800003051758 218.899993896484 218 205.399993896484 192.5 190.899993896484 183.600006103516 180 180.300003051758 178.899993896484 177.100006103516 173.5 169.399993896484 157.600006103516 147.600006103516 132.399993896484 121.099998474121 117.300003051758 118.099998474121 128.800003051758 136.800003051758 139.600006103516 148.899993896484 -3.4e+38 -3.4e+38 -3.4e+38 -3.4e+38 -3.4e+38 -3.4e+38 -3.4e+38 -3.4e+38 -3.4e+38 -3.4e+38 -3.4e+38 -3.4e+38 -3.4e+38 -3.4e+38 -3.4e+38 -3.4e+38 -3.4e+38 -3.4e+38
224 234.800003051758 242.300003051758 243.100006103516 246.5 246.100006103516 246.600006103516 241 230.600006103516 232.300003051758 237.600006103516 233.899993896484 228 223.300003051758 220 216.800003051758 202.600006103516 192.300003051758 188.300003051758 181.899993896484 175.300003051758 176.100006103516 175.300003051758 171.899993896484 171.199996948242 161.699996948242 150.800003051758 144.199996948242 131.600006103516 121.099998474121 116.5 131.600006103516 142.699996948242 138.100006103516 138.5 146.800003051758 -3.4e+38 -3.4e+38 -3.4e+38 -3.4e+38 -3.4e+38 -3.4e+38 -3.4e+38 -3.4e+38 -3.4e+38 -3.4e+38 -3.4e+38 -3.4e+38 -3.4e+38 -3.4e+38 -3.4e+38 -3.4e+38 -3.4e+38 -3.4e+38
228.899993896484 243.5 248.100006103516 244.300003051758 247.800003051758 255.800003051758 261.799987792969 248.399993896484 241.100006103516 242.300003051758 242.100006103516 235.800003051758 231.300003051758 226.300003051758 221.100006103516 215.800003051758 205.300003051758 195.300003051758 177.100006103516 172.300003051758 179.899993896484 178.100006103516 174.600006103516 170.100006103516 168.5 163.699996948242 151.100006103516 142.399993896484 133.800003051758 127.099998474121 131.300003051758 143.600006103516 150 142.899993896484 138.699996948242 143.399993896484 -3.4e+38 -3.4e+38 -3.4e+38 -3.4e+38 -3.4e+38 -3.4e+38 -3.4e+38 -3.4e+38 -3.4e+38 -3.4e+38 -3.4e+38 -3.4e+38 -3.4e+38 -3.4e+38 -3.4e+38 -3.4e+38 -3.4e+38 -3.4e+38
226.5 237.100006103516 239.899993896484 228.399993896484 248.600006103516 259.799987792969 261.100006103516 254.600006103516 252.100006103516 247.899993896484 244.399993896484 239.300003051758 235.300003051758 228.399993896484 222.5 214.899993896484 200.699996948242 186.399993896484 175.899993896484 181.399993896484 184.100006103516 180.199996948242 174.600006103516 170.699996948242 166.300003051758 161.399993896484 159 157.800003051758 143.800003051758 135.300003051758 139.899993896484 146.300003051758 143.5 138.5 140.100006103516 143 -3.4e+38 -3.4e+38 -3.4e+38 -3.4e+38 -3.4e+38 -3.4e+38 -3.4e+38 -3.4e+38 -3.4e+38 -3.4e+38 -3.4e+38 -3.4e+38 -3.4e+38 -3.4e+38 -3.4e+38 -3.4e+38 -3.4e+38 -3.4e+38
224.800003051758 222.300003051758 221.800003051758 219.100006103516 232.699996948242 247.300003051758 246.600006103516 234.300003051758 232.899993896484 240.600006103516 241.600006103516 241.100006103516 235 228.199996948242 224.899993896484 215 209.399993896484 193.800003051758 190.899993896484 189.300003051758 187.300003051758 183.399993896484 177 171.600006103516 166.100006103516 165.699996948242 166.800003051758 165.300003051758 157.300003051758 146.100006103516 146.399993896484 146.100006103516 139 138.399993896484 141.800003051758 143.899993896484 -3.4e+38 -3.4e+38 -3.4e+38 -3.4e+38 -3.4e+38 -3.4e+38 -3.4e+38 -3.4e+38 -3.4e+38 -3.4e+38 -3.4e+38 -3.4e+38 -3.4e+38 -3.4e+38 -3.4e+38 -3.4e+38 -3.4e+38 -3.4e+38
228.399993896484 223.600006103516 209.800003051758 211 220.699996948242 227.399993896484 227.899993896484 222.699996948242 226.600006103516 232.300003051758 236.300003051758 236.899993896484 234.399993896484 233.5 226.300003051758 221.399993896484 216.800003051758 203.800003051758 203.100006103516 199.5 193.199996948242 186.100006103516 177.100006103516 172.5 168.199996948242 168.899993896484 169.100006103516 167.199996948242 162.800003051758 155.199996948242 146.300003051758 142.399993896484 136.800003051758 136.899993896484 143.199996948242 -3.4e+38 -3.4e+38 -3.4e+38 -3.4e+38 -3.4e+38 -3.4e+38 -3.4e+38 -3.4e+38 -3.4e+38 -3.4e+38 -3.4e+38 -3.4e+38 -3.4e+38 -3.4e+38 -3.4e+38 -3.4e+38 -3.4e+38 -3.4e+38 -3.4e+38
233.399993896484 229.300003051758 218.399993896484 214.199996948242 217.300003051758 222.899993896484 216.899993896484 221.800003051758 226.199996948242 227.899993896484 233.399993896484 233.100006103516 239.100006103516 233.600006103516 231.199996948242 228.5 225.300003051758 216.300003051758 210.300003051758 202.899993896484 198.399993896484 189 179.300003051758 173.100006103516 170.300003051758 170.800003051758 170.600006103516 167.899993896484 163.699996948242 155.800003051758 141.800003051758 140.100006103516 141.399993896484 138 146.199996948242 -3.4e+38 -3.4e+38 -3.4e+38 -3.4e+38 -3.4e+38 -3.4e+38 -3.4e+38 -3.4e+38 -3.4e+38 -3.4e+38 -3.4e+38 -3.4e+38 -3.4e+38 -3.4e+38 -3.4e+38 -3.4e+38 -3.4e+38 -3.4e+38 -3.4e+38
233.600006103516 227.399993896484 220.300003051758 218 224.800003051758 229.100006103516 212.100006103516 214.199996948242 234.800003051758 227.399993896484 232.800003051758 240.800003051758 241.399993896484 239.699996948242 238.800003051758 236.800003051758 232.399993896484 226.800003051758 215.899993896484 207.300003051758 197.5 188.699996948242 181.5 175.800003051758 173.600006103516 172.899993896484 171.199996948242 167.899993896484 163.600006103516 155.600006103516 145.199996948242 145.100006103516 148.5 145.899993896484 154.5 165.100006103516 -3.4e+38 -3.4e+38 -3.4e+38 -3.4e+38 -3.4e+38 -3.4e+38 -3.4e+38 -3.4e+38 -3.4e+38 -3.4e+38 -3.4e+38 -3.4e+38 -3.4e+38 -3.4e+38 -3.4e+38 -3.4e+38 -3.4e+38 -3.4e+38
231 229.699996948242 221.899993896484 215.399993896484 233.300003051758 235.399993896484 210.800003051758 218.5 246.899993896484 231.600006103516 242.600006103516 245.199996948242 245.300003051758 250.899993896484 250.800003051758 244 240 233.100006103516 224.600006103516 210.600006103516 199.800003051758 192.5 186.100006103516 179.399993896484 175.800003051758 174.300003051758 172.100006103516 168.399993896484 164.300003051758 158.800003051758 155 155.199996948242 156.899993896484 157.899993896484 167.600006103516 -3.4e+38 -3.4e+38 -3.4e+38 -3.4e+38 -3.4e+38 -3.4e+38 -3.4e+38 -3.4e+38 -3.4e+38 -3.4e+38 -3.4e+38 -3.4e+38 -3.4e+38 -3.4e+38 -3.4e+38 -3.4e+38 -3.4e+38 -3.4e+38 -3.4e+38
232.300003051758 236.100006103516 231.5 215.399993896484 240.199996948242 232.600006103516 209.100006103516 245.5 265.200012207031 238.199996948242 245.100006103516 249.399993896484 255.199996948242 260.799987792969 259.200012207031 253.5 241.600006103516 225.600006103516 220.699996948242 210.399993896484 208.399993896484 197.5 189.100006103516 184.800003051758 179.600006103516 176.899993896484 174.5 171.800003051758 167.600006103516 165.100006103516 163.600006103516 165.199996948242 169.899993896484 174.899993896484 -3.4e+38 -3.4e+38 -3.4e+38 -3.4e+38 -3.4e+38 -3.4e+38 -3.4e+38 -3.4e+38 -3.4e+38 -3.4e+38 -3.4e+38 -3.4e+38 -3.4e+38 -3.4e+38 -3.4e+38 -3.4e+38 -3.4e+38 -3.4e+38 -3.4e+38 -3.4e+38
243.5 244.600006103516 243.600006103516 225.699996948242 232.399993896484 209.800003051758 227.399993896484 271.899993896484 280.399993896484 262.799987792969 253.899993896484 259.100006103516 268.899993896484 270.600006103516 268.600006103516 255.100006103516 242.199996948242 229 220.899993896484 213.899993896484 207.100006103516 201.100006103516 195.899993896484 189.199996948242 183.800003051758 180.300003051758 179.100006103516 177.600006103516 174.600006103516 172.899993896484 172.899993896484 175.600006103516 183.199996948242 -3.4e+38 -3.4e+38 -3.4e+38 -3.4e+38 -3.4e+38 -3.4e+38 -3.4e+38 -3.4e+38 -3.4e+38 -3.4e+38 -3.4e+38 -3.4e+38 -3.4e+38 -3.4e+38 -3.4e+38 -3.4e+38 -3.4e+38 -3.4e+38 -3.4e+38 -3.4e+38 -3.4e+38
253.300003051758 252.800003051758 246 227.199996948242 218.699996948242 212.5 226.399993896484 275.299987792969 300.299987792969 300.5 278.100006103516 280.600006103516 273.100006103516 276.200012207031 275.299987792969 265.600006103516 250.100006103516 245.699996948242 223.100006103516 217.100006103516 206.600006103516 203 194.399993896484 190.899993896484 188.600006103516 186.800003051758 183.800003051758 181.899993896484 180.300003051758 179.399993896484 180.800003051758 184.100006103516 186.300003051758 -3.4e+38 -3.4e+38 -3.4e+38 -3.4e+38 -3.4e+38 -3.4e+38 -3.4e+38 -3.4e+38 -3.4e+38 -3.4e+38 -3.4e+38 -3.4e+38 -3.4e+38 -3.4e+38 -3.4e+38 -3.4e+38 -3.4e+38 -3.4e+38 -3.4e+38 -3.4e+38 -3.4e+38
261.600006103516 263.399993896484 254.800003051758 241.899993896484 236.899993896484 226.300003051758 241 290.700012207031 297.600006103516 294.899993896484 291.100006103516 277.899993896484 281.700012207031 287.600006103516 287.899993896484 275.600006103516 255.800003051758 240.699996948242 224.600006103516 215.800003051758 207.5 204.300003051758 199.100006103516 197.399993896484 198.100006103516 194.600006103516 188.399993896484 185.699996948242 184.600006103516 183.399993896484 183 184.899993896484 -3.4e+38 -3.4e+38 -3.4e+38 -3.4e+38 -3.4e+38 -3.4e+38 -3.4e+38 -3.4e+38 -3.4e+38 -3.4e+38 -3.4e+38 -3.4e+38 -3.4e+38 -3.4e+38 -3.4e+38 -3.4e+38 -3.4e+38 -3.4e+38 -3.4e+38 -3.4e+38 -3.4e+38 -3.4e+38
263.100006103516 268.5 265.799987792969 263.299987792969 258.899993896484 237.699996948242 241.300003051758 286.799987792969 288.299987792969 298.899993896484 278.799987792969 278.700012207031 291.299987792969 297.700012207031 298.799987792969 288.899993896484 275.700012207031 253.100006103516 225.800003051758 215.300003051758 208 206.600006103516 206.100006103516 202.899993896484 199.100006103516 193.800003051758 190.899993896484 189.899993896484 187.399993896484 185.899993896484 184.100006103516 183.300003051758 -3.4e+38 -3.4e+38 -3.4e+38 -3.4e+38 -3.4e+38 -3.4e+38 -3.4e+38 -3.4e+38 -3.4e+38 -3.4e+38 -3.4e+38 -3.4e+38 -3.4e+38 -3.4e+38 -3.4e+38 -3.4e+38 -3.4e+38 -3.4e+38 -3.4e+38 -3.4e+38 -3.4e+38 -3.4e+38
265.299987792969 269.100006103516 274.600006103516 279.5 283.600006103516 256.899993896484 252.600006103516 274.200012207031 297.5 296.799987792969 277.5 283.100006103516 293.600006103516 300.799987792969 298.899993896484 291.399993896484 277.399993896484 250.399993896484 228.300003051758 214.800003051758 207.899993896484 206.399993896484 204.600006103516 201 200 196.100006103516 193.399993896484 191.100006103516 188.399993896484 186.800003051758 185 182.300003051758 -3.4e+38 -3.4e+38 -3.4e+38 -3.4e+38 -3.4e+38 -3.4e+38 -3.4e+38 -3.4e+38 -3.4e+38 -3.4e+38 -3.4e+38 -3.4e+38 -3.4e+38 -3.4e+38 -3.4e+38 -3.4e+38 -3.4e+38 -3.4e+38 -3.4e+38 -3.4e+38 -3.4e+38 -3.4e+38
269 274.100006103516 276.299987792969 282.700012207031 284.299987792969 273.200012207031 261.100006103516 264.200012207031 295.799987792969 285.100006103516 277.899993896484 285.399993896484 297 301.899993896484 296.299987792969 287 264.100006103516 238.5 223.800003051758 215.600006103516 208.399993896484 206.399993896484 204.800003051758 204.100006103516 207.100006103516 203.300003051758 195.600006103516 191.300003051758 189.600006103516 186.399993896484 184.699996948242 182.399993896484 -3.4e+38 -3.4e+38 -3.4e+38 -3.4e+38 -3.4e+38 -3.4e+38 -3.4e+38 -3.4e+38 -3.4e+38 -3.4e+38 -3.4e+38 -3.4e+38 -3.4e+38 -3.4e+38 -3.4e+38 -3.4e+38 -3.4e+38 -3.4e+38 -3.4e+38 -3.4e+38 -3.4e+38 -3.4e+38
271.899993896484 279.100006103516 277.600006103516 278.299987792969 281.399993896484 272.299987792969 265.899993896484 268.299987792969 280.799987792969 300.5 290.700012207031 296.5 302.5 298.399993896484 279.899993896484 275.600006103516 258.100006103516 234.899993896484 224.899993896484 218.899993896484 211.600006103516 206 207.899993896484 200.300003051758 201.5 202.300003051758 195.100006103516 191.600006103516 189.699996948242 186.899993896484 183.199996948242 181.300003051758 -3.4e+38 -3.4e+38 -3.4e+38 -3.4e+38 -3.4e+38 -3.4e+38 -3.4e+38 -3.4e+38 -3.4e+38 -3.4e+38 -3.4e+38 -3.4e+38 -3.4e+38 -3.4e+38 -3.4e+38 -3.4e+38 -3.4e+38 -3.4e+38 -3.4e+38 -3.4e+38 -3.4e+38 -3.4e+38
267 275.600006103516 272.799987792969 269.799987792969 270.799987792969 272.799987792969 266.5 271.600006103516 284.299987792969 309.799987792969 306.299987792969 299.799987792969 300.200012207031 299.700012207031 286.899993896484 269.299987792969 244.300003051758 234.300003051758 229.300003051758 223.399993896484 214.300003051758 215.699996948242 209.100006103516 201.300003051758 199.899993896484 202.699996948242 196.600006103516 195.600006103516 193.300003051758 190.199996948242 187.5 183.800003051758 -3.4e+38 -3.4e+38 -3.4e+38 -3.4e+38 -3.4e+38 -3.4e+38 -3.4e+38 -3.4e+38 -3.4e+38 -3.4e+38 -3.4e+38 -3.4e+38 -3.4e+38 -3.4e+38 -3.4e+38 -3.4e+38 -3.4e+38 -3.4e+38 -3.4e+38 -3.4e+38 -3.4e+38 -3.4e+38
