data/layers/future_layer_mc_126_60/bio14.asc
NCOLS 494 
NROWS 529 
XLLCORNER -117.166666666667 
YLLCORNER -55.5 
CELLSIZE 0.166666666666667 
NODATA_value -3.4e+38 
[rows 225 to 249 of 529, columns 348 to 405 of 494]
70.1999969482422 67.0999984741211 65.3000030517578 61.7000007629395 58.4000015258789 55.2999992370605 53.9000015258789 53.5999984741211 54.7999992370605 56.7999992370605 60.4000015258789 62.2999992370605 62.2999992370605 62.4000015258789 61.2000007629395 59.5999984741211 58.0999984741211 58.2000007629395 56.7999992370605 54.4000015258789 52.0999984741211 48.2999992370605 43.9000015258789 42 38 33.5 30 28.1000003814697 26.8999996185303 25.6000003814697 25.1000003814697 24.1000003814697 24.2999992370605 24.1000003814697 24.2000007629395 23.7999992370605 24.1000003814697 23.1000003814697 23.7999992370605 24.7999992370605 26.5 27.2999992370605 28.3999996185303 27.8999996185303 26.2000007629395 23.6000003814697 21.7999992370605 22.2999992370605 22.6000003814697 24.5 25.3999996185303 25.7999992370605 26.1000003814697 26.3999996185303 26.7999992370605 27.3999996185303 27.3999996185303 26.1000003814697
65.4000015258789 61.7999992370605 58.5999984741211 57.0999984741211 54.2999992370605 52.7000007629395 51.9000015258789 51.5 52.2000007629395 53.0999984741211 54.9000015258789 57.5999984741211 57 56.5 58.5999984741211 58.7000007629395 56.9000015258789 55 52.4000015258789 51.4000015258789 48.0999984741211 44.7999992370605 41.5999984741211 39.5999984741211 36.5999984741211 32.4000015258789 29.2999992370605 27.7000007629395 26.2999992370605 25.2999992370605 24.6000003814697 24.2000007629395 23.6000003814697 22.5 23.2999992370605 23.2000007629395 23.6000003814697 23 22.8999996185303 23.2999992370605 24 24.5 24.2999992370605 23.3999996185303 22.7999992370605 21.7000007629395 20.2000007629395 20.1000003814697 20.7000007629395 22.2000007629395 23.7000007629395 24 23.8999996185303 24.2999992370605 25.3999996185303 25.6000003814697 25.3999996185303 25.1000003814697
59.5 57.2999992370605 53.9000015258789 52.4000015258789 51.2999992370605 50.0999984741211 49.0999984741211 48.4000015258789 49.4000015258789 49.5 51.7000007629395 50.7999992370605 50.0999984741211 51.0999984741211 52.7999992370605 52.7999992370605 51.5 50.7999992370605 49.2000007629395 48.7999992370605 48.0999984741211 44.0999984741211 39.2999992370605 36.5 33.7999992370605 31.2999992370605 29.2999992370605 28.2999992370605 26.5 25.7000007629395 24.3999996185303 24.2999992370605 23.3999996185303 23.1000003814697 23.2000007629395 23.5 23.5 22.6000003814697 22.7999992370605 22.7999992370605 23.1000003814697 23.6000003814697 23.2000007629395 22.5 21.1000003814697 19.8999996185303 19.5 20.1000003814697 20.6000003814697 21.2000007629395 22.8999996185303 23.6000003814697 23.5 23.1000003814697 24.2000007629395 24.3999996185303 25.1000003814697 24.5
55.5 53 51.0999984741211 48.7999992370605 47.9000015258789 46.7000007629395 45.0999984741211 44.5999984741211 46.0999984741211 47.2000007629395 46.7000007629395 46.2000007629395 46.0999984741211 47.5999984741211 48.5 48.9000015258789 46.4000015258789 46.4000015258789 45.4000015258789 45.4000015258789 46.7999992370605 42.2999992370605 38.9000015258789 35.0999984741211 33.2000007629395 30.7999992370605 29.2999992370605 27.2000007629395 25.7999992370605 24.3999996185303 24.6000003814697 23.7999992370605 23.7999992370605 24.2000007629395 23.7999992370605 24.1000003814697 24.7000007629395 23.3999996185303 24.6000003814697 24.2999992370605 23.7999992370605 24.1000003814697 23.3999996185303 22.2999992370605 21.1000003814697 19.8999996185303 19.2999992370605 19.5 19.6000003814697 20.1000003814697 21.6000003814697 22.3999996185303 22.3999996185303 23.2999992370605 23.7000007629395 24.3999996185303 24 24.1000003814697
50.5999984741211 49.2999992370605 47 45.9000015258789 45.0999984741211 43.7000007629395 42.2999992370605 42.0999984741211 43.0999984741211 43.0999984741211 41.7999992370605 41.7000007629395 42.7999992370605 43.9000015258789 44.9000015258789 45.4000015258789 44.9000015258789 43.9000015258789 43.7000007629395 42.2999992370605 41.2999992370605 38.7000007629395 36.2999992370605 34.5999984741211 31.7999992370605 29.7000007629395 27.7000007629395 26.2000007629395 25.5 23.7999992370605 24.3999996185303 23.7999992370605 24.1000003814697 24.3999996185303 24 24.8999996185303 25.2999992370605 25.3999996185303 24.6000003814697 24.8999996185303 25.6000003814697 24.5 23.3999996185303 22.3999996185303 21.1000003814697 20.3999996185303 19.7999992370605 20.6000003814697 20.7999992370605 20.2999992370605 19.7000007629395 21 21.8999996185303 22.2000007629395 22.6000003814697 22.7999992370605 22.1000003814697 22.5
46.2000007629395 45 43.5 40.7000007629395 40.2000007629395 40.4000015258789 39.9000015258789 39.2000007629395 39 38.9000015258789 38.5999984741211 39.2999992370605 39.5 39.5999984741211 40.0999984741211 40.0999984741211 41.7000007629395 41.2999992370605 40.7000007629395 40.2000007629395 38.9000015258789 36.9000015258789 34.4000015258789 32.0999984741211 29.3999996185303 27.6000003814697 26.2999992370605 24.6000003814697 23.8999996185303 22.6000003814697 23.3999996185303 24.1000003814697 23.7999992370605 23.7999992370605 24.1000003814697 25.2000007629395 26 26.7000007629395 26.7999992370605 26.6000003814697 26.3999996185303 25.5 24.2999992370605 22.8999996185303 21.7999992370605 20.8999996185303 20 20 19.2999992370605 19.8999996185303 19.2999992370605 20.3999996185303 20.1000003814697 20.7999992370605 21.8999996185303 21.3999996185303 22.2999992370605 23.1000003814697
42.2999992370605 41.5 40.0999984741211 37.7999992370605 37.2999992370605 37.7999992370605 37.0999984741211 36.5 36.4000015258789 35.5999984741211 35.7999992370605 35.9000015258789 37 37.0999984741211 36.5999984741211 37 36.7999992370605 36.9000015258789 36.7999992370605 35.9000015258789 34.4000015258789 33.5999984741211 31.8999996185303 29.1000003814697 26.8999996185303 25.7999992370605 24.7999992370605 23.7999992370605 23.2999992370605 22.2000007629395 22.7000007629395 23.3999996185303 24.2000007629395 23.2999992370605 24.8999996185303 25.5 26.1000003814697 27.2000007629395 28.2999992370605 28.5 27.2999992370605 26.6000003814697 24.5 22.6000003814697 22.1000003814697 20.3999996185303 19.7000007629395 19.1000003814697 18.3999996185303 18.3999996185303 17.8999996185303 18.8999996185303 20.2999992370605 21.3999996185303 21.7000007629395 22.6000003814697 22.8999996185303 23.3999996185303
38.2999992370605 37.2999992370605 36.2000007629395 35.4000015258789 34.5999984741211 34.2999992370605 33.5999984741211 33.2000007629395 33 31.8999996185303 31.8999996185303 33.2999992370605 34.5999984741211 34.0999984741211 33.2000007629395 33.5 33.0999984741211 34.0999984741211 34.0999984741211 32.0999984741211 32.0999984741211 30.5 29.2000007629395 27.1000003814697 24.7999992370605 23.7999992370605 23.3999996185303 22.7999992370605 22.2999992370605 22.2999992370605 22.2999992370605 22.1000003814697 22.7999992370605 23.1000003814697 23.8999996185303 24.7000007629395 26.2999992370605 28.1000003814697 28.8999996185303 29.3999996185303 28.3999996185303 26.3999996185303 23.3999996185303 21.2000007629395 21.1000003814697 20.8999996185303 19.6000003814697 18.3999996185303 17.2000007629395 17.1000003814697 17.1000003814697 19.1000003814697 20.2999992370605 20.8999996185303 19.8999996185303 20.3999996185303 22.6000003814697 23.6000003814697
34.9000015258789 34.0999984741211 33.2999992370605 32.0999984741211 30.2999992370605 30.5 30 30.3999996185303 29.3999996185303 28.2000007629395 29.1000003814697 29.8999996185303 31 30.8999996185303 30.2999992370605 31.3999996185303 30.7999992370605 29.1000003814697 29.1000003814697 28.2999992370605 28.3999996185303 28.3999996185303 26 24.6000003814697 23.8999996185303 22.6000003814697 21.6000003814697 21.2999992370605 21 21.1000003814697 21.6000003814697 21.1000003814697 21.6000003814697 22.3999996185303 23.3999996185303 23.8999996185303 25.6000003814697 27.7999992370605 28.1000003814697 28.5 27.2999992370605 26.5 24.6000003814697 22.1000003814697 19.7000007629395 18.7000007629395 19.3999996185303 18.7000007629395 16.6000003814697 16.7000007629395 16.3999996185303 17.3999996185303 19.1000003814697 19.1000003814697 19.3999996185303 20.2999992370605 21.7999992370605 22.3999996185303
31.8999996185303 30.7999992370605 30.2999992370605 29.7999992370605 28.3999996185303 27.2999992370605 26.8999996185303 27.2999992370605 27.2000007629395 26.8999996185303 27.8999996185303 28.7999992370605 29.2000007629395 28 28.5 29.3999996185303 28.1000003814697 27.2000007629395 26.8999996185303 26.2999992370605 25.2999992370605 24.3999996185303 23.2999992370605 22.7999992370605 21.7999992370605 19.7999992370605 19.3999996185303 19.7999992370605 19.6000003814697 19.7000007629395 20.1000003814697 21.2000007629395 21.5 20.7999992370605 21.7999992370605 22.6000003814697 23.7999992370605 25.6000003814697 26.2999992370605 26.6000003814697 25.3999996185303 24.7999992370605 22.8999996185303 21.3999996185303 18 17.6000003814697 17.6000003814697 18.3999996185303 17 16.1000003814697 16.1000003814697 16.3999996185303 18.1000003814697 18.3999996185303 18.3999996185303 19.7999992370605 19.7999992370605 21.1000003814697
28.2999992370605 27.6000003814697 26.7999992370605 26.8999996185303 26.6000003814697 25.6000003814697 25.1000003814697 25.1000003814697 25.8999996185303 25.3999996185303 25.5 26.3999996185303 27.7999992370605 27.1000003814697 27.3999996185303 28.2000007629395 26.7999992370605 25.2999992370605 23.8999996185303 22.8999996185303 22.6000003814697 21.6000003814697 21 20.6000003814697 19.6000003814697 18.6000003814697 17.7999992370605 18.1000003814697 17.8999996185303 18.5 18.6000003814697 19.7000007629395 20 19.8999996185303 21.1000003814697 21.7000007629395 22.1000003814697 23.2999992370605 24.2000007629395 25 24.1000003814697 22.8999996185303 21.3999996185303 19.6000003814697 15.6000003814697 15.3999996185303 15.8999996185303 16.5 16.7000007629395 15.3999996185303 15.8999996185303 16.7999992370605 17.6000003814697 17.8999996185303 18.6000003814697 20 19.7999992370605 19.5
25.7999992370605 25.3999996185303 25 23.8999996185303 23.7000007629395 24.5 24 24.1000003814697 24.2000007629395 24 24.2000007629395 24.6000003814697 25.7000007629395 26.1000003814697 25.6000003814697 25.6000003814697 24.7999992370605 23.3999996185303 22.2999992370605 21.1000003814697 20.1000003814697 18.8999996185303 19 18.2999992370605 17.6000003814697 16.6000003814697 15.8999996185303 16.2999992370605 16.6000003814697 16.6000003814697 17.3999996185303 17.6000003814697 18.3999996185303 19.2999992370605 19.1000003814697 19.8999996185303 20.2999992370605 21.1000003814697 22.3999996185303 22.6000003814697 22.6000003814697 21.1000003814697 19.2000007629395 17.6000003814697 14.6000003814697 14 14.8000001907349 14.8999996185303 15.6000003814697 16.6000003814697 17 17.7000007629395 17.2999992370605 17.7999992370605 18.3999996185303 19.1000003814697 19.2999992370605 19.7999992370605
23.1000003814697 22.8999996185303 22.8999996185303 22.7999992370605 21.2999992370605 21.6000003814697 21.8999996185303 23.2999992370605 23.2999992370605 22.1000003814697 22.3999996185303 23.2999992370605 24.2000007629395 24.6000003814697 23.7999992370605 23.2999992370605 22 21.1000003814697 20.1000003814697 19.2999992370605 17.8999996185303 16.2999992370605 16.7000007629395 16.1000003814697 15.1999998092651 14.3999996185303 14.6000003814697 14.8999996185303 15.1999998092651 15.6000003814697 16.6000003814697 16.6000003814697 16.6000003814697 17.1000003814697 17.8999996185303 19.2000007629395 19.5 19.6000003814697 21.2000007629395 20.2999992370605 20.1000003814697 19.2999992370605 17.8999996185303 16.5 14.3000001907349 14 14 13.8999996185303 13.8999996185303 17.3999996185303 18.1000003814697 17.7999992370605 18.2999992370605 18 17.7999992370605 18.5 18.6000003814697 18.6000003814697
21.1000003814697 20.7999992370605 20.2999992370605 20.1000003814697 19.5 18.6000003814697 18.5 20.1000003814697 22.5 22.5 21.1000003814697 21.7000007629395 22.2000007629395 21.3999996185303 20.8999996185303 20.7999992370605 20.2999992370605 19.1000003814697 19 17.3999996185303 15.6999998092651 14.8000001907349 15.6000003814697 14.6000003814697 13.1000003814697 13.1000003814697 13.5 13.5 14.3000001907349 14.5 14.8999996185303 15.1999998092651 15.5 16.1000003814697 16.7000007629395 17.2999992370605 17.8999996185303 18.3999996185303 18.2999992370605 18.5 17.8999996185303 17.3999996185303 16.2000007629395 14.8999996185303 13.3999996185303 13 12.8000001907349 13.1000003814697 13.3000001907349 15.5 16.8999996185303 16.6000003814697 17.1000003814697 17.2000007629395 17.2999992370605 17.5 17.2000007629395 17
18.5 18.2999992370605 17.8999996185303 18 17.2999992370605 16.7999992370605 16.7999992370605 17.7000007629395 20.6000003814697 22.3999996185303 20.3999996185303 20.2999992370605 20.3999996185303 19.1000003814697 18.7000007629395 18.6000003814697 17.7999992370605 17.1000003814697 16.7000007629395 15.6000003814697 14.8000001907349 13.3999996185303 12.8000001907349 13 11.6000003814697 11.3000001907349 11.3999996185303 12 12.8000001907349 13.3999996185303 13.5 14.1000003814697 14.6999998092651 15.1999998092651 16.2999992370605 16.6000003814697 16.2999992370605 16.5 16.5 16.3999996185303 16.6000003814697 15.8999996185303 14.8000001907349 13.8000001907349 12.8999996185303 12.8000001907349 12.1000003814697 12.8000001907349 13 13.3000001907349 14.3999996185303 14.8999996185303 15.6999998092651 16.3999996185303 16.1000003814697 15.8000001907349 16.2000007629395 16.1000003814697
16.2000007629395 16.1000003814697 15.8999996185303 16 15.3999996185303 15.1000003814697 15.3000001907349 16.7000007629395 18.2999992370605 20.2999992370605 19.1000003814697 18.6000003814697 18.2999992370605 18.1000003814697 17.1000003814697 16.7999992370605 16.6000003814697 15.6999998092651 15.1000003814697 14.1000003814697 13.3999996185303 12.1000003814697 11 11.3000001907349 10.8000001907349 10.3000001907349 10.1000003814697 10.5 12.1000003814697 12.5 13 13.3999996185303 13.8999996185303 14 15.3000001907349 15.6000003814697 15.3999996185303 15.1000003814697 15.1999998092651 14.6999998092651 14.8999996185303 15.1000003814697 14.3000001907349 13.5 12.8999996185303 12.6000003814697 12.1000003814697 12.3999996185303 12.8000001907349 13.3999996185303 14.1999998092651 14.6000003814697 15.3000001907349 15.3999996185303 15.1000003814697 15.1000003814697 14.8000001907349 14.1999998092651
14.8000001907349 15 14.8999996185303 14.8999996185303 14.5 14.1999998092651 14.3000001907349 14.8000001907349 15.8000001907349 17.1000003814697 17.7000007629395 16.7999992370605 16.5 16.1000003814697 15.6999998092651 15.3999996185303 14.6999998092651 13.8999996185303 13.8000001907349 12.8999996185303 12.1000003814697 10.8999996185303 10.1000003814697 10.3999996185303 10.6000003814697 10.1000003814697 10 10.6999998092651 11.3999996185303 12.1000003814697 12.8000001907349 13.1000003814697 13.5 13.8000001907349 14.3000001907349 14.8999996185303 14.3999996185303 14.3999996185303 14.3000001907349 13.8999996185303 13.6000003814697 13.8999996185303 13.1000003814697 12.8000001907349 12.8000001907349 11.6000003814697 11.8000001907349 12.1000003814697 12.8000001907349 13.6000003814697 14.1000003814697 13.8999996185303 14.1000003814697 13.6000003814697 13.6999998092651 13.8000001907349 14.5 14
14 13.6999998092651 13.3999996185303 13.5 13.1000003814697 13.1000003814697 13 13.3000001907349 13.8999996185303 14.6000003814697 15.3000001907349 15.3999996185303 15.5 15.1000003814697 14.1000003814697 13.8999996185303 13.8999996185303 13.3999996185303 12.8000001907349 12.5 11.6000003814697 10.6000003814697 9.89999961853027 10 10 10 10 10.3000001907349 10.8999996185303 11.8999996185303 12.1999998092651 12.6999998092651 12.8999996185303 12.8999996185303 13.3000001907349 13.8999996185303 13.8000001907349 13.3999996185303 13.3999996185303 13.1999998092651 12.8999996185303 12.3999996185303 11.8999996185303 11.6999998092651 13.1000003814697 12.3999996185303 11.8000001907349 11.8000001907349 11.8000001907349 11.8000001907349 12.6000003814697 12.8000001907349 12.8999996185303 12.3000001907349 12.3999996185303 12.6000003814697 13.3999996185303 12.8000001907349
12.5 11.8000001907349 11.8000001907349 12 11.8000001907349 11.8999996185303 11.8000001907349 11.8999996185303 12.6000003814697 13.3000001907349 13.3000001907349 13.3999996185303 14.1000003814697 14.3000001907349 13.3000001907349 12.8000001907349 12.6000003814697 12.6000003814697 11.8999996185303 11.5 11.1999998092651 10.6000003814697 9.89999961853027 9.89999961853027 9.69999980926514 9.69999980926514 9.80000019073486 10.1000003814697 11 11.5 12.1000003814697 12.3000001907349 12.3999996185303 12.6000003814697 12.8999996185303 13 12.8999996185303 12.5 12.6000003814697 12.5 12.1000003814697 11.6000003814697 11.3999996185303 11.6000003814697 11.5 11.6999998092651 11.1999998092651 10.8999996185303 11 11.1000003814697 12 12 11.8999996185303 11.6999998092651 12.1000003814697 11.8000001907349 11.6000003814697 11.3000001907349
11.3000001907349 10.8000001907349 10.6999998092651 10.3000001907349 10.8999996185303 11.1999998092651 11.1000003814697 11 10.8999996185303 11.8000001907349 11.8000001907349 12.1000003814697 13.1000003814697 12.6999998092651 12.8000001907349 12.5 12.3999996185303 11.6000003814697 11.1999998092651 10.8999996185303 10.5 9.89999961853027 9 9.19999980926514 9.69999980926514 9.30000019073486 9.60000038146973 10.1999998092651 11 11.1000003814697 11.8999996185303 12.1000003814697 12 12.1000003814697 11.6999998092651 12.3000001907349 12.3000001907349 11.8999996185303 11.6000003814697 11.1999998092651 10.8999996185303 11.1000003814697 11.1000003814697 11 10.8000001907349 10.3000001907349 10.1000003814697 10.1000003814697 10.8999996185303 11 11.5 11.8999996185303 11.6000003814697 11.6999998092651 11.8999996185303 11.8999996185303 11.1000003814697 10.8999996185303
10.1000003814697 9.80000019073486 9.89999961853027 9.19999980926514 10.1000003814697 9.80000019073486 9.60000038146973 10 10.3999996185303 10.5 11 11.5 12.1000003814697 12.1999998092651 13 12.8000001907349 12.3999996185303 11.1999998092651 11.3000001907349 10.6000003814697 9.89999961853027 9.10000038146973 9 9.19999980926514 9.30000019073486 9.39999961853027 9.10000038146973 9.80000019073486 10.8000001907349 11.1000003814697 11.8999996185303 11.8999996185303 11.3000001907349 11.3000001907349 11.1999998092651 10.8999996185303 10.8000001907349 10.8999996185303 10.6999998092651 11 10.1000003814697 10.6000003814697 11.6000003814697 11 10.6000003814697 9.89999961853027 10 10.3000001907349 10.8999996185303 10.8999996185303 10.6999998092651 10.3999996185303 10.1999998092651 10.8999996185303 10.8000001907349 11.1000003814697 10.3000001907349 10.8000001907349
9.69999980926514 9.80000019073486 9.19999980926514 8.89999961853027 9 9 8.60000038146973 9.10000038146973 9.30000019073486 10.1000003814697 10.1000003814697 10.8999996185303 11.1000003814697 11 11.6000003814697 11.6999998092651 11.8999996185303 11.8999996185303 11.8000001907349 11 9.80000019073486 9.30000019073486 8.89999961853027 8.80000019073486 9 9.10000038146973 9.19999980926514 9.89999961853027 10.8000001907349 11.3999996185303 11.8000001907349 11.5 11.1000003814697 11.1000003814697 11 10.8999996185303 10.1000003814697 10.8999996185303 10.1000003814697 10.3000001907349 9.69999980926514 9.89999961853027 10.5 10.1000003814697 9.80000019073486 9.30000019073486 9.30000019073486 9.60000038146973 10.1999998092651 10.3999996185303 10 10 10 10.1999998092651 10 10.5 10.3000001907349 10.1000003814697
9 8.69999980926514 8.10000038146973 8.10000038146973 8.10000038146973 8.5 8.19999980926514 8.30000019073486 8.60000038146973 9.10000038146973 9.60000038146973 10.3000001907349 10.1000003814697 10.1000003814697 10.3000001907349 10.3000001907349 9.80000019073486 9.69999980926514 10.1000003814697 10.1999998092651 10 9.80000019073486 9.30000019073486 8.69999980926514 9 9.10000038146973 9.30000019073486 9.80000019073486 10.5 11.3999996185303 11.6000003814697 11.1000003814697 11 10.8000001907349 10.6000003814697 10.5 10.1000003814697 10.1999998092651 9.30000019073486 9 9.30000019073486 9.10000038146973 9 9 9 9 9.10000038146973 9.39999961853027 9.80000019073486 9.60000038146973 9.5 9.60000038146973 9.89999961853027 9.80000019073486 9.60000038146973 10.1000003814697 9.39999961853027 8.89999961853027
8.60000038146973 8 8 7.80000019073486 7.59999990463257 7.80000019073486 7.5 7.90000009536743 8.10000038146973 8.60000038146973 9 9.10000038146973 9 9.10000038146973 9.10000038146973 9.39999961853027 9.10000038146973 9 9 9.10000038146973 9.10000038146973 9.39999961853027 10 9.89999961853027 9.5 10.3000001907349 10.1000003814697 10 10.8000001907349 10.8999996185303 11 11 10.8999996185303 10.3999996185303 10.3000001907349 9.80000019073486 9.89999961853027 9.30000019073486 8.89999961853027 8.80000019073486 8.69999980926514 8.80000019073486 8.89999961853027 8.80000019073486 8.80000019073486 8.60000038146973 9 9 9 9.10000038146973 9.19999980926514 9 9.19999980926514 8.89999961853027 8.60000038146973 8.89999961853027 9.30000019073486 8.60000038146973
7.90000009536743 7.90000009536743 7.69999980926514 7.09999990463257 7.09999990463257 7 6.80000019073486 7 7.40000009536743 7.80000019073486 8.19999980926514 8.5 8.39999961853027 9 9 8.89999961853027 9 8.69999980926514 8.89999961853027 8.60000038146973 8.89999961853027 9.10000038146973 9.10000038146973 9 9.5 10.5 10.3000001907349 10 10.3000001907349 10.3000001907349 10.1000003814697 10.1000003814697 10.1000003814697 9.80000019073486 9.60000038146973 9.10000038146973 8.89999961853027 8.39999961853027 8.10000038146973 8 7.80000019073486 7.69999980926514 7.80000019073486 8.30000019073486 8.39999961853027 8.60000038146973 8.10000038146973 8.39999961853027 8.30000019073486 8.39999961853027 8.80000019073486 8.80000019073486 8.89999961853027 8.89999961853027 8.89999961853027 8.60000038146973 8.10000038146973 8.30000019073486
