data/layers/future_layer_mc_126_60/bio14.asc
NCOLS 494 
NROWS 529 
XLLCORNER -117.166666666667 
YLLCORNER -55.5 
CELLSIZE 0.166666666666667 
NODATA_value -3.4e+38 
[rows 250 to 274 of 529, columns 290 to 347 of 494]
36.5999984741211 37.0999984741211 36.5 35.0999984741211 33.5999984741211 30.7999992370605 27.5 23.7999992370605 21 19.1000003814697 18.1000003814697 17.3999996185303 17.3999996185303 17.5 17.7999992370605 18.6000003814697 18.8999996185303 18.1000003814697 18.3999996185303 18.7999992370605 18.7999992370605 19.7999992370605 21.2000007629395 22.6000003814697 23.8999996185303 24.7999992370605 24.7000007629395 24.1000003814697 23.6000003814697 22.3999996185303 20 16.8999996185303 15.3000001907349 13.3999996185303 12.6000003814697 13.6999998092651 14.8000001907349 15.8000001907349 16.1000003814697 17.2999992370605 18.8999996185303 19.1000003814697 18.5 17.1000003814697 16.1000003814697 14.8999996185303 13.1000003814697 12.8000001907349 11 10.1000003814697 9.89999961853027 9.39999961853027 8.89999961853027 8.60000038146973 8.60000038146973 8.30000019073486 8.10000038146973 7.90000009536743
35.2000007629395 38.0999984741211 38 36.2999992370605 36.5 34.2999992370605 30.8999996185303 25.7999992370605 20.7999992370605 18.1000003814697 17.2000007629395 16.6000003814697 16.2999992370605 16 16.1000003814697 16.2999992370605 17 16.7000007629395 16.7999992370605 17.2999992370605 18.2000007629395 19.7999992370605 21.2999992370605 23.1000003814697 24.5 24.7999992370605 25.1000003814697 24.3999996185303 22.2000007629395 19.7000007629395 17.8999996185303 15.5 12.8000001907349 10.3000001907349 10.3000001907349 12 13.3000001907349 14.6000003814697 15.8000001907349 17.1000003814697 19.2999992370605 19.2999992370605 18.2000007629395 16.6000003814697 15.8999996185303 14.6000003814697 12.6000003814697 10.8000001907349 10.1000003814697 9.30000019073486 8.80000019073486 8.5 8 7.80000019073486 7.80000019073486 7.80000019073486 8 7.80000019073486
34.4000015258789 36.4000015258789 38.7999992370605 38.5 38.5999984741211 37.4000015258789 34.2000007629395 29.2999992370605 22.3999996185303 18.3999996185303 16.5 15.5 15 15 15.3000001907349 15.6999998092651 15.3999996185303 15.3999996185303 15.1000003814697 16 16.7999992370605 18.7000007629395 21.1000003814697 22.7000007629395 24.2999992370605 24.8999996185303 23.7999992370605 23.1000003814697 21.1000003814697 17.8999996185303 16.1000003814697 13.8999996185303 11.6000003814697 8.89999961853027 9 9.89999961853027 11.8999996185303 13.8000001907349 15.1000003814697 16.8999996185303 19.2999992370605 19.8999996185303 18.1000003814697 16.3999996185303 15.1000003814697 13.6000003814697 11.6000003814697 10.1999998092651 9.60000038146973 8.39999961853027 8.10000038146973 7.90000009536743 7.80000019073486 7.80000019073486 7.69999980926514 7.80000019073486 7.90000009536743 8.39999961853027
33.0999984741211 35.7999992370605 38.5 41.7999992370605 41.9000015258789 42.0999984741211 39.5999984741211 34.7999992370605 26.7999992370605 22.2999992370605 18.5 15.6000003814697 14.8999996185303 14.8000001907349 14.3000001907349 14.3999996185303 14.1999998092651 14.6000003814697 15 14.8000001907349 15.8000001907349 17.2999992370605 19.7000007629395 21.8999996185303 23.7999992370605 23.7999992370605 22.6000003814697 21.6000003814697 19.2999992370605 17.2999992370605 15 12.8000001907349 10.8000001907349 8.5 8.69999980926514 8.89999961853027 10.8999996185303 12.3000001907349 14.3999996185303 16.7999992370605 16.6000003814697 15.1999998092651 15.8000001907349 16.6000003814697 14.3000001907349 13.1000003814697 10.8999996185303 9.30000019073486 8.60000038146973 7.59999990463257 7.19999980926514 7.09999990463257 7.09999990463257 7.30000019073486 7.30000019073486 7.19999980926514 7.30000019073486 7.40000009536743
31.8999996185303 35.2000007629395 38.0999984741211 42.7000007629395 46.9000015258789 49.0999984741211 48.7999992370605 40.7999992370605 33 25.7999992370605 20.7000007629395 17.6000003814697 15.6999998092651 14.3999996185303 14.3999996185303 14.3999996185303 13.8000001907349 13.5 14.3999996185303 15.8999996185303 15.3999996185303 17.3999996185303 19.7999992370605 21.7000007629395 22.6000003814697 23 21.6000003814697 20.6000003814697 18.7000007629395 16.5 13.8999996185303 12.3000001907349 10.1000003814697 8.89999961853027 7.59999990463257 7.90000009536743 8.89999961853027 11.3000001907349 13.5 16.2999992370605 13.1000003814697 11.3999996185303 13.3000001907349 15.3999996185303 13.8999996185303 12.3999996185303 10.1999998092651 8.10000038146973 6.90000009536743 6.59999990463257 6.69999980926514 7 7 7 7 7.09999990463257 7 6.80000019073486
30.3999996185303 34.2000007629395 38.2999992370605 43.7000007629395 49.7000007629395 57.7999992370605 59.4000015258789 47.0999984741211 38.0999984741211 30 24.8999996185303 20.3999996185303 16.3999996185303 15.1000003814697 14.3999996185303 13.8999996185303 13.8000001907349 14.1999998092651 14.8000001907349 15.8999996185303 16.8999996185303 18.6000003814697 19.3999996185303 20.2999992370605 21.2000007629395 21.7000007629395 20.8999996185303 19.6000003814697 18.7000007629395 16.8999996185303 14.6000003814697 11.8999996185303 10.1000003814697 8.60000038146973 7.40000009536743 7.19999980926514 7.90000009536743 10.3000001907349 12.6000003814697 15.3999996185303 14.3999996185303 11.5 12.8000001907349 14.8000001907349 13.1999998092651 11.3999996185303 9.89999961853027 7.80000019073486 6.5 6.09999990463257 6.19999980926514 7 7 7.5 7 7 7 6.40000009536743
28.8999996185303 32.0999984741211 36.0999984741211 42 48.5999984741211 57.5999984741211 59.5 50 41.0999984741211 33.2999992370605 27.3999996185303 22.2999992370605 17.7999992370605 15.8999996185303 15.1000003814697 15.1999998092651 14.8999996185303 15.6000003814697 16.8999996185303 17.2999992370605 18.3999996185303 19.7999992370605 20.2000007629395 20.1000003814697 20.7000007629395 20.6000003814697 19.3999996185303 18.3999996185303 18.2999992370605 17.5 15.3999996185303 13.3000001907349 11 9 7.40000009536743 6.90000009536743 7.30000019073486 8.80000019073486 11.5 14.1000003814697 15.1999998092651 12.8000001907349 13.5 14.3000001907349 12.8999996185303 11.1000003814697 9.89999961853027 8.19999980926514 7.09999990463257 6.59999990463257 6.09999990463257 6.40000009536743 6.40000009536743 6.80000019073486 6.90000009536743 7 7 6.90000009536743
26.6000003814697 29.7999992370605 33.9000015258789 38.4000015258789 44 49.4000015258789 51.0999984741211 48.5999984741211 41.2999992370605 34.7000007629395 28.6000003814697 22.8999996185303 19.7000007629395 17.6000003814697 16.2000007629395 16.3999996185303 16.8999996185303 17.7999992370605 18.8999996185303 18.8999996185303 19.6000003814697 20.6000003814697 20.3999996185303 20.6000003814697 20.2000007629395 19.1000003814697 18.7999992370605 18.7000007629395 18.7999992370605 17.7999992370605 16.2000007629395 14.3000001907349 11.8000001907349 9.60000038146973 8.10000038146973 7.40000009536743 7.40000009536743 8.39999961853027 11.1000003814697 13.3999996185303 13.8999996185303 13.8999996185303 13.6000003814697 13.3999996185303 12.3000001907349 11.1000003814697 9.80000019073486 8.19999980926514 7.90000009536743 7 6.40000009536743 6.09999990463257 6.19999980926514 6.19999980926514 6.59999990463257 7.09999990463257 7.59999990463257 6.80000019073486
24.3999996185303 26.3999996185303 29.6000003814697 34.5999984741211 39.2999992370605 43 43.9000015258789 42.5 38.5 32.4000015258789 28 24.3999996185303 21.2000007629395 18.7999992370605 17.7999992370605 17.5 18.2999992370605 19.6000003814697 20.7999992370605 21.7999992370605 22.2999992370605 23.1000003814697 21 20.1000003814697 19.3999996185303 18.2999992370605 17.7000007629395 18 17.7999992370605 18 16.6000003814697 14.8999996185303 12.8999996185303 10.3000001907349 9.39999961853027 8.19999980926514 7.80000019073486 8.39999961853027 10.6000003814697 12.6999998092651 12.8999996185303 13.1000003814697 12.8999996185303 12.3999996185303 12.1999998092651 11.1000003814697 10.1000003814697 8.5 7.90000009536743 7.09999990463257 7 6.69999980926514 6.59999990463257 6.09999990463257 6.30000019073486 6.90000009536743 7 6.09999990463257
22.2999992370605 23.7999992370605 25.8999996185303 30.8999996185303 35.4000015258789 38.4000015258789 39.4000015258789 38.7999992370605 34.9000015258789 31.7999992370605 27.5 24.8999996185303 21.3999996185303 20 19 19 19.2999992370605 20.3999996185303 22 23.3999996185303 24.6000003814697 23.5 20.7999992370605 18.6000003814697 17.7999992370605 17.6000003814697 17.5 17.2000007629395 16.6000003814697 16.6000003814697 16.7999992370605 14.8000001907349 13 10.6999998092651 9.89999961853027 9.19999980926514 8.60000038146973 8.39999961853027 10 11.6000003814697 12.3000001907349 12.6999998092651 12.6999998092651 12.1000003814697 11.5 10.3000001907349 9.39999961853027 9 7.69999980926514 7 7 7.09999990463257 6.90000009536743 6.59999990463257 6.80000019073486 6.59999990463257 6.5 6.09999990463257
21.2999992370605 22.2000007629395 25.3999996185303 27.7999992370605 31.2000007629395 33.2000007629395 33.7999992370605 33.2000007629395 32.2999992370605 30 26.8999996185303 24.7999992370605 22.2000007629395 21.2999992370605 20.1000003814697 19.7000007629395 19.3999996185303 21.1000003814697 23.1000003814697 24.7999992370605 26.2999992370605 25.6000003814697 20.7999992370605 17.2999992370605 15.5 15 15.8000001907349 16.7999992370605 15.8999996185303 15.6000003814697 15.6999998092651 13.8000001907349 12.6999998092651 10.8000001907349 9.89999961853027 9.60000038146973 8.89999961853027 9 10.1000003814697 11.3000001907349 11.8999996185303 12 12.1999998092651 11.8000001907349 11.1000003814697 10 9.10000038146973 8.30000019073486 8.19999980926514 7.90000009536743 6.90000009536743 7 6.90000009536743 6.80000019073486 6.30000019073486 6.09999990463257 6 5.80000019073486
22 23.6000003814697 24.1000003814697 25.7000007629395 28.6000003814697 30.7000007629395 31.6000003814697 31.6000003814697 30.3999996185303 29.2999992370605 26.7999992370605 24.7000007629395 22.3999996185303 21.3999996185303 20.7000007629395 19.2000007629395 19.7000007629395 20.6000003814697 22.2999992370605 23.1000003814697 25.3999996185303 23 18.3999996185303 14.8000001907349 12.8999996185303 12.8000001907349 13.8000001907349 15.1000003814697 15.8999996185303 15.6999998092651 15.6000003814697 14.6999998092651 12.6000003814697 11.3999996185303 10.3000001907349 9.60000038146973 9 9.39999961853027 10.8999996185303 11.6000003814697 11.8999996185303 12.3000001907349 11.8999996185303 12 10.8000001907349 9.30000019073486 8.30000019073486 8 8.10000038146973 7.80000019073486 6.90000009536743 6.40000009536743 6.09999990463257 6.30000019073486 6 6.09999990463257 5.69999980926514 5.19999980926514
22.7999992370605 24.7999992370605 25.1000003814697 25.7999992370605 26.8999996185303 28.8999996185303 29.6000003814697 29.3999996185303 28.8999996185303 28.5 25.7999992370605 25.2999992370605 23.5 21.7999992370605 21.2999992370605 19.8999996185303 19.3999996185303 19.7999992370605 21.1000003814697 21.2999992370605 20.7000007629395 18.7999992370605 15.3999996185303 11.1000003814697 10.1999998092651 11.1000003814697 12.6000003814697 13.6999998092651 15.1000003814697 15 14.6999998092651 14.1000003814697 12.3999996185303 11.1999998092651 10.1999998092651 10 9.69999980926514 9.69999980926514 10.8999996185303 11.1999998092651 11.3000001907349 11.1000003814697 11.3000001907349 11.8999996185303 10.8999996185303 9.19999980926514 8.30000019073486 8 7.40000009536743 7.09999990463257 6.30000019073486 6.09999990463257 5.90000009536743 5.59999990463257 5.90000009536743 5.80000019073486 5.09999990463257 5
23.6000003814697 24.7999992370605 25.8999996185303 26.2000007629395 27.1000003814697 28.2999992370605 28.7999992370605 28.8999996185303 28.5 28.1000003814697 27.1000003814697 25.6000003814697 24.1000003814697 22.6000003814697 21.7999992370605 20.7000007629395 19.8999996185303 19.5 20.2999992370605 19.3999996185303 18.3999996185303 15.8999996185303 12.8999996185303 9.10000038146973 9.19999980926514 10.1999998092651 11.8999996185303 12.6000003814697 13.3000001907349 13.5 13.1000003814697 12.6000003814697 11.6000003814697 11.3999996185303 10.3999996185303 9.5 9 10.1000003814697 10.3999996185303 10.8000001907349 10.6000003814697 10 10.3999996185303 10.8999996185303 10.6000003814697 9.30000019073486 8.39999961853027 7.80000019073486 7.19999980926514 7 6.30000019073486 6.09999990463257 6 5.90000009536743 5.69999980926514 5.5 5 5
24.8999996185303 26 26.8999996185303 26.7999992370605 28 29.1000003814697 28.6000003814697 28.8999996185303 28.7000007629395 28.7000007629395 28.1000003814697 26.2000007629395 24.6000003814697 23.7000007629395 22.6000003814697 21.8999996185303 21.1000003814697 20.2000007629395 19.1000003814697 18 16.6000003814697 14.5 12 10.1000003814697 9 9.30000019073486 10.8999996185303 11.8999996185303 12 12.6000003814697 12.1000003814697 11.5 10.6000003814697 10.8000001907349 10.1000003814697 9.89999961853027 9.60000038146973 9.5 9.80000019073486 9.69999980926514 9.30000019073486 9.39999961853027 9.5 10 9.69999980926514 9.10000038146973 8.39999961853027 8 7.80000019073486 7 6.19999980926514 6.09999990463257 5.90000009536743 5.90000009536743 5.80000019073486 5.40000009536743 5 5
27.1000003814697 27.3999996185303 27.6000003814697 28.3999996185303 28.6000003814697 29 29.3999996185303 29.7999992370605 28.7000007629395 28.1000003814697 27.1000003814697 25.7999992370605 25 24.3999996185303 22.8999996185303 22.6000003814697 20.7999992370605 19.7999992370605 18.6000003814697 17.2999992370605 15.3000001907349 13.6999998092651 12.3000001907349 11.1000003814697 10.3000001907349 9.89999961853027 10.6000003814697 11.3000001907349 11.8999996185303 12.3999996185303 12.1000003814697 11.1000003814697 10.5 10 9.89999961853027 9.60000038146973 9.30000019073486 8.5 8.5 8.10000038146973 8.30000019073486 8.30000019073486 8.60000038146973 8.60000038146973 8.30000019073486 8.19999980926514 7.80000019073486 8 8 7.09999990463257 6.80000019073486 6 5.90000009536743 5.40000009536743 5.09999990463257 5.09999990463257 5 5
30.3999996185303 30.2999992370605 30.1000003814697 29.3999996185303 29.2999992370605 29.8999996185303 29.8999996185303 30.2999992370605 29.2999992370605 28.1000003814697 27.2000007629395 26.2999992370605 24.3999996185303 23.3999996185303 22.3999996185303 22.3999996185303 20.2999992370605 19 18.2000007629395 17.7999992370605 15.6000003814697 14.8000001907349 12.8999996185303 11.3999996185303 10.8999996185303 10.6000003814697 11.1000003814697 11.8000001907349 11.8999996185303 11.8999996185303 11.6000003814697 11.1000003814697 10.1000003814697 9.80000019073486 10.1000003814697 9.39999961853027 9.10000038146973 8.39999961853027 8.30000019073486 7.69999980926514 7.5 7.80000019073486 7.40000009536743 7.40000009536743 7.5 7.40000009536743 7 7.09999990463257 7.40000009536743 7.09999990463257 6.59999990463257 6 5.30000019073486 5 4.90000009536743 5 5 4.90000009536743
34.5999984741211 33.2000007629395 32.2000007629395 31.6000003814697 31.7999992370605 30.3999996185303 31.2000007629395 32 30.7999992370605 29.6000003814697 28.8999996185303 26.8999996185303 24.6000003814697 24.3999996185303 22.3999996185303 22.2999992370605 20.6000003814697 19.3999996185303 18.2999992370605 18 16 15.3000001907349 13.6000003814697 12.3999996185303 11.1000003814697 11.3000001907349 11.1999998092651 11.8000001907349 12.1999998092651 12.1999998092651 11.6999998092651 10.8999996185303 10.3999996185303 9.80000019073486 9.60000038146973 9.19999980926514 8.89999961853027 8.10000038146973 8.10000038146973 7.5 7.59999990463257 7.59999990463257 6.90000009536743 7 7 6.90000009536743 6.90000009536743 7 7.09999990463257 7 6.5 6 5.69999980926514 5 5 4.90000009536743 5 5
38.5 36.5999984741211 35.2999992370605 34.5999984741211 33.2999992370605 32.0999984741211 32.0999984741211 32.2000007629395 30.7999992370605 29.6000003814697 28.5 27.3999996185303 26.3999996185303 24.5 22.8999996185303 22.2999992370605 20.7999992370605 19.2999992370605 19.2000007629395 18.2999992370605 17.2999992370605 16.1000003814697 14.1000003814697 14.1000003814697 12.5 12.1000003814697 11 11.1000003814697 11.8000001907349 11.6999998092651 11.3000001907349 10.8000001907349 10.1000003814697 9.30000019073486 9.10000038146973 8.39999961853027 7.80000019073486 7.19999980926514 7 7.30000019073486 7.59999990463257 8 7.30000019073486 7 7 6.59999990463257 6.90000009536743 6.69999980926514 6.5 6.59999990463257 6.69999980926514 6.09999990463257 5.90000009536743 5.09999990463257 5 5 5 5
41.7999992370605 39.7999992370605 39.2000007629395 37.7999992370605 36.0999984741211 33.4000015258789 33.2999992370605 33 31.6000003814697 29.7000007629395 28.7999992370605 28.3999996185303 27.1000003814697 25.8999996185303 23.7999992370605 22.7999992370605 21.3999996185303 19.6000003814697 20.2000007629395 19.7999992370605 18.7999992370605 16.7999992370605 15.1999998092651 15.1000003814697 13.8999996185303 12.8999996185303 12 11.6000003814697 11.1000003814697 10.8000001907349 10.8000001907349 10.1000003814697 9.69999980926514 8.89999961853027 8.60000038146973 7.90000009536743 7.30000019073486 7 7.09999990463257 7.5 7.90000009536743 7.80000019073486 7.30000019073486 7 6.90000009536743 7 7.09999990463257 7 6.90000009536743 7 7 7 6.30000019073486 6.09999990463257 5.40000009536743 5.09999990463257 5 5
46.2000007629395 43.0999984741211 41.7999992370605 40.7999992370605 38.5999984741211 37.2999992370605 35.9000015258789 35.5 33.0999984741211 31.1000003814697 30.2000007629395 29.1000003814697 28.2000007629395 27.2000007629395 25.2000007629395 23 22.1000003814697 20.7000007629395 20 19.6000003814697 19.2000007629395 18.1000003814697 16.2999992370605 15.8999996185303 14.8999996185303 14 12.8000001907349 12.3000001907349 11.3000001907349 10.3000001907349 10.1999998092651 9.89999961853027 9.10000038146973 8.5 8 7.30000019073486 7.09999990463257 7.19999980926514 7 7.09999990463257 7.80000019073486 7.59999990463257 7.5 8 7.5 7.59999990463257 7.19999980926514 7.09999990463257 7.80000019073486 7.59999990463257 7.59999990463257 7.59999990463257 7.40000009536743 6.90000009536743 6.59999990463257 6 5.69999980926514 5.30000019073486
50.2999992370605 47.2999992370605 44.5999984741211 42.2999992370605 40.7000007629395 39.5999984741211 38.4000015258789 37.7000007629395 35.5999984741211 33.2999992370605 30.8999996185303 29.8999996185303 29.5 28.2000007629395 25.8999996185303 24.7000007629395 23 22 20.5 20.7000007629395 20.1000003814697 18.7000007629395 17.2000007629395 16.7000007629395 16.2999992370605 15.3000001907349 14.1999998092651 12.6999998092651 11.8000001907349 11.1000003814697 10 9.69999980926514 8.60000038146973 8.10000038146973 7.80000019073486 7.09999990463257 7.30000019073486 7.09999990463257 7.09999990463257 7.40000009536743 7.40000009536743 7.19999980926514 7.09999990463257 7.90000009536743 8 8.39999961853027 8.5 8.10000038146973 8.30000019073486 8.89999961853027 9.39999961853027 9.30000019073486 9.89999961853027 8.60000038146973 7.30000019073486 6.5 6.30000019073486 6.09999990463257
55.2000007629395 51 48.0999984741211 46.4000015258789 44.7000007629395 44 42.2999992370605 40.5999984741211 37.2999992370605 36.4000015258789 33.5999984741211 30.7999992370605 30.5 28.8999996185303 26.7999992370605 25.6000003814697 24.2999992370605 22.6000003814697 20.7999992370605 19.7999992370605 20.1000003814697 19.7999992370605 18.6000003814697 18.6000003814697 17.7999992370605 17.2999992370605 15 13.6999998092651 13.1000003814697 11.3999996185303 10.1000003814697 9.60000038146973 8.60000038146973 8 7.19999980926514 7 7.09999990463257 7.40000009536743 7.09999990463257 7.09999990463257 7.19999980926514 7.80000019073486 7.5 7.59999990463257 8.30000019073486 8.89999961853027 9.39999961853027 9.19999980926514 9 9.69999980926514 10.5 10.6999998092651 11 9.19999980926514 7.59999990463257 7.30000019073486 7.19999980926514 6.59999990463257
60.7999992370605 55.2999992370605 52.2999992370605 50.5 47.9000015258789 46.4000015258789 44.0999984741211 42.5999984741211 39.9000015258789 37.5999984741211 34.5999984741211 32.9000015258789 31.2999992370605 30.2999992370605 27.3999996185303 26.1000003814697 25.2000007629395 22.7999992370605 21.6000003814697 19.7000007629395 19.6000003814697 19.2000007629395 19.5 19.1000003814697 18.3999996185303 17.2999992370605 15.8000001907349 13.8999996185303 12.1999998092651 10.8999996185303 10.1000003814697 10 9.10000038146973 8.19999980926514 7.90000009536743 7.30000019073486 7.40000009536743 8 7.80000019073486 7.69999980926514 7.80000019073486 8 8.60000038146973 8.39999961853027 9.30000019073486 10.8000001907349 9.89999961853027 10.3999996185303 10.5 11.3000001907349 10.8999996185303 10.8000001907349 11.3000001907349 9.60000038146973 8.60000038146973 8.19999980926514 8.10000038146973 7.19999980926514
66.0999984741211 60.7999992370605 55.4000015258789 52.0999984741211 50.4000015258789 47.7000007629395 46.4000015258789 44.7999992370605 42.2999992370605 38.7000007629395 35.4000015258789 33.7000007629395 31.8999996185303 31 29.2000007629395 26.3999996185303 25.5 21.7999992370605 21.8999996185303 20.8999996185303 20.6000003814697 20.3999996185303 19 20.1000003814697 18.6000003814697 17.2000007629395 16.2000007629395 14.3000001907349 12.5 11 10.1999998092651 9.89999961853027 9.30000019073486 8.80000019073486 8.30000019073486 8.10000038146973 8.19999980926514 8.19999980926514 8.80000019073486 8.30000019073486 8.19999980926514 8.80000019073486 9.30000019073486 9.5 9.89999961853027 11.3000001907349 11.1999998092651 12 12.6999998092651 13.1000003814697 11.8000001907349 11 10.8999996185303 10.3999996185303 9.10000038146973 8.60000038146973 8.19999980926514 7.80000019073486
