data/layers/future_layer_mc_126_60/bio19.asc
NCOLS 494 
NROWS 529 
XLLCORNER -117.166666666667 
YLLCORNER -55.5 
CELLSIZE 0.166666666666667 
NODATA_value -3.4e+38 
[rows 24 to 47 of 529, columns 54 to 107 of 494]
109.800003051758 80.9000015258789 68 50.9000015258789 40.2999992370605 36.5999984741211 33.4000015258789 27.1000003814697 25.6000003814697 23.3999996185303 24.6000003814697 21.7999992370605 21.2000007629395 21.7000007629395 20.8999996185303 20.3999996185303 19.8999996185303 19.1000003814697 18.7999992370605 17.7999992370605 17.7000007629395 20.6000003814697 21.6000003814697 23.8999996185303 24.7999992370605 25.3999996185303 26.8999996185303 30 27.1000003814697 25.6000003814697 26.7000007629395 26.7999992370605 28.1000003814697 33.2999992370605 31.7000007629395 32.2999992370605 29.6000003814697 29.3999996185303 29.6000003814697 29.7999992370605 30.3999996185303 32.4000015258789 36.7999992370605 41.2999992370605 46.0999984741211 52.0999984741211 56.2999992370605 60.5999984741211 64.5999984741211 69.3000030517578 71.1999969482422 74.0999984741211 77.8000030517578 81.5
123.900001525879 96.8000030517578 73 62.9000015258789 47.5 40.7000007629395 37.5999984741211 29.8999996185303 25.8999996185303 24.3999996185303 21.6000003814697 21.2999992370605 21.8999996185303 21.2999992370605 21.2999992370605 20.7999992370605 20.8999996185303 19.5 18.3999996185303 20.1000003814697 20.8999996185303 22.1000003814697 23.2000007629395 25.3999996185303 25.3999996185303 25.2999992370605 26.1000003814697 26.6000003814697 27.1000003814697 27.1000003814697 29.7000007629395 28.2999992370605 28.8999996185303 33.9000015258789 32.4000015258789 33.2999992370605 33.0999984741211 32.0999984741211 32.5 31.6000003814697 30.2000007629395 30.8999996185303 34.7999992370605 39.4000015258789 42.5 46.7000007629395 51.5999984741211 56.4000015258789 61.4000015258789 66.0999984741211 69.4000015258789 71.1999969482422 73.0999984741211 74.4000015258789
137.600006103516 113.800003051758 96.9000015258789 80.8000030517578 58.2000007629395 52.5999984741211 40.9000015258789 34.0999984741211 27 22.7000007629395 20.8999996185303 20.8999996185303 20.7999992370605 20 20.1000003814697 20.7999992370605 21 20.2999992370605 19 18.7999992370605 22.1000003814697 24.2999992370605 25.2999992370605 26.3999996185303 26.7000007629395 25.7999992370605 25.8999996185303 27.3999996185303 28.6000003814697 29.2999992370605 34.4000015258789 30.7999992370605 31.5 32.5999984741211 34.4000015258789 33.5999984741211 34.0999984741211 33.5999984741211 34.9000015258789 34 32.2999992370605 32.2999992370605 34.2999992370605 37.4000015258789 40.2999992370605 42.7999992370605 47.5999984741211 53 58.0999984741211 63.2999992370605 66.5999984741211 69.3000030517578 70.5 71.5999984741211
146.5 127.300003051758 110 93.5999984741211 76.5999984741211 61.4000015258789 48.7999992370605 38.5 29.7999992370605 25.6000003814697 21.1000003814697 20.2999992370605 20.3999996185303 19.8999996185303 19.8999996185303 20.2999992370605 20.6000003814697 19.8999996185303 20.5 20.7999992370605 21.7999992370605 23.6000003814697 25.7000007629395 25.7999992370605 24.8999996185303 25.2999992370605 26.2999992370605 28.2999992370605 30.5 31.7999992370605 33.7999992370605 34.7000007629395 33.9000015258789 33.9000015258789 35.0999984741211 35 34.7000007629395 36.0999984741211 40 37.2999992370605 36 36.2999992370605 36.0999984741211 36.5999984741211 38.5999984741211 40.9000015258789 44.9000015258789 50.9000015258789 56.5 60.7999992370605 64.0999984741211 67.9000015258789 70.3000030517578 70.5
143.100006103516 133.300003051758 120.900001525879 105.599998474121 90.0999984741211 70.9000015258789 50.2999992370605 43.7000007629395 29.1000003814697 25.8999996185303 22.1000003814697 20.7999992370605 20.6000003814697 19.1000003814697 19 19 19 19.2999992370605 20.1000003814697 21.6000003814697 22.1000003814697 23 24.2999992370605 24.5 24.6000003814697 26.1000003814697 28.7999992370605 30.5 31.6000003814697 33.2000007629395 34.0999984741211 34.5 35 34.7000007629395 36.0999984741211 35.7999992370605 35.0999984741211 36.5999984741211 38.5999984741211 38.5999984741211 38.2999992370605 37.9000015258789 38.2999992370605 38.5999984741211 39.4000015258789 40.7999992370605 44.7000007629395 50.2999992370605 55.5999984741211 59.9000015258789 62.7999992370605 65.5999984741211 68.3000030517578 69.8000030517578
131.899993896484 135.600006103516 129.399993896484 113.300003051758 95.1999969482422 77.4000015258789 55.7999992370605 56 38.5999984741211 29.1000003814697 26.7000007629395 22.2999992370605 21.1000003814697 20 19 18.2999992370605 18.2999992370605 19.2999992370605 20.2000007629395 20.2999992370605 21.3999996185303 22.3999996185303 22.7000007629395 23.7999992370605 25.1000003814697 27.7000007629395 29.7999992370605 32.4000015258789 33.7000007629395 35.0999984741211 35.7999992370605 36.0999984741211 37.4000015258789 36.2999992370605 35 36.0999984741211 36.7999992370605 36.9000015258789 36.2999992370605 35.9000015258789 37.4000015258789 38.7999992370605 39.2999992370605 40 41 42.4000015258789 46.2000007629395 51 55.2999992370605 59.5999984741211 60.9000015258789 63.2000007629395 65.8000030517578 68.0999984741211
146.899993896484 137.199996948242 123.300003051758 117.599998474121 100.400001525879 81.3000030517578 65.3000030517578 52.5999984741211 39.7000007629395 31.7000007629395 28.3999996185303 24.8999996185303 22.7000007629395 20.3999996185303 18.7999992370605 18 17.8999996185303 18.3999996185303 20.2999992370605 20.6000003814697 21.2999992370605 22.7999992370605 23 24.1000003814697 25.2999992370605 29.2000007629395 30.3999996185303 34.2999992370605 36.2999992370605 37.7999992370605 38.0999984741211 37 39 38.7000007629395 35.2999992370605 36.5 36.5999984741211 36.7999992370605 37.4000015258789 36.7999992370605 38 40 41.7999992370605 42.7999992370605 43.4000015258789 44.0999984741211 46.9000015258789 51.5 56 59.4000015258789 60.5999984741211 62.0999984741211 64.5999984741211 67.5
135.899993896484 138.899993896484 121.400001525879 114.599998474121 103.400001525879 91.9000015258789 80.6999969482422 63.4000015258789 44.5999984741211 43.5 30.1000003814697 25.6000003814697 22.7999992370605 20.6000003814697 18.8999996185303 18 17.7999992370605 18 19.2999992370605 20.2999992370605 21.6000003814697 22.7999992370605 23.8999996185303 24.7999992370605 26.7999992370605 28 32.2999992370605 35.7999992370605 38.7999992370605 40.0999984741211 39.7999992370605 37.9000015258789 38.5999984741211 39.7999992370605 34.7999992370605 35.0999984741211 35.9000015258789 37.2000007629395 37.9000015258789 37.4000015258789 37.4000015258789 40.5999984741211 42.7999992370605 44.5999984741211 44.7000007629395 44.5999984741211 47.7000007629395 52.2000007629395 56.7999992370605 60.2999992370605 61.4000015258789 62.0999984741211 63.7000007629395 65.8000030517578
139.800003051758 123.5 126.400001525879 124.800003051758 113.300003051758 97.0999984741211 86.8000030517578 74.5999984741211 58.2999992370605 57.5999984741211 34 28.7999992370605 26.7999992370605 21.8999996185303 20.7000007629395 18.7999992370605 18.1000003814697 18.8999996185303 20 20 21.1000003814697 22.5 22.6000003814697 25.1000003814697 29.7000007629395 28.2000007629395 33.5 36.5 39.0999984741211 41.9000015258789 40.5999984741211 38.2999992370605 37.7999992370605 38.5 34.2999992370605 35.0999984741211 36.4000015258789 37.5999984741211 40.2000007629395 38.0999984741211 38.2999992370605 39.7999992370605 41.9000015258789 44.2999992370605 45.5 46.4000015258789 48.4000015258789 53 56.9000015258789 58.9000015258789 60.2999992370605 61.0999984741211 62.2999992370605 64.5999984741211
128.800003051758 121.400001525879 116.800003051758 123.099998474121 117.400001525879 108.300003051758 97.3000030517578 87.0999984741211 73.0999984741211 65.3000030517578 39.0999984741211 32.4000015258789 32.0999984741211 25.8999996185303 23.1000003814697 20.1000003814697 19.8999996185303 20.6000003814697 20.7999992370605 21 21.6000003814697 22.7999992370605 22.2000007629395 25.2000007629395 25.6000003814697 25.7000007629395 28.3999996185303 32.0999984741211 37 40 38.9000015258789 37.0999984741211 36.0999984741211 39 38.7000007629395 35 35.5999984741211 38.5 43.9000015258789 39.9000015258789 39.0999984741211 39.9000015258789 40.2999992370605 42.7999992370605 45.9000015258789 47.9000015258789 49.2000007629395 51.7999992370605 54.9000015258789 57.0999984741211 58.4000015258789 59.9000015258789 61.0999984741211 63.9000015258789
107.800003051758 106.099998474121 111.199996948242 131.5 127.599998474121 116.900001525879 106.099998474121 95.9000015258789 85.9000015258789 72.3000030517578 46.9000015258789 39.5999984741211 37 30.3999996185303 24.6000003814697 21.3999996185303 21.1000003814697 22.1000003814697 22.3999996185303 22.3999996185303 22 22.1000003814697 21.6000003814697 22.2999992370605 22.1000003814697 22 23.8999996185303 28.2999992370605 32.5 36.4000015258789 35 34.5999984741211 33.2999992370605 32.9000015258789 32.0999984741211 30.6000003814697 33.7000007629395 39.4000015258789 39.7000007629395 40.0999984741211 38.5999984741211 38.4000015258789 40 42.9000015258789 46.2999992370605 48.5999984741211 50.2999992370605 51.7999992370605 53.0999984741211 55 57 58.0999984741211 59.2000007629395 61.9000015258789
120.400001525879 129.899993896484 119.400001525879 119.099998474121 124.900001525879 123.800003051758 112.099998474121 101.400001525879 89.0999984741211 73.9000015258789 58.2000007629395 46 39.9000015258789 35.2999992370605 26.8999996185303 22.1000003814697 22.3999996185303 23.3999996185303 23.5 23 21.7999992370605 21.5 21.2000007629395 20.3999996185303 20.1000003814697 20.2999992370605 22.1000003814697 25.3999996185303 28.7999992370605 31.7000007629395 34.0999984741211 33.5999984741211 33.2000007629395 31.1000003814697 32.2000007629395 30.6000003814697 30.8999996185303 33.0999984741211 35.9000015258789 36.0999984741211 34.5 37.5999984741211 38.2999992370605 41.0999984741211 46.2999992370605 48.0999984741211 50.5 52.2999992370605 52.7999992370605 52.5999984741211 56 57.2999992370605 58.9000015258789 62
113.099998474121 136.899993896484 144.899993896484 130.600006103516 139.100006103516 126.800003051758 116.900001525879 105.800003051758 90.4000015258789 74.3000030517578 62.9000015258789 50.9000015258789 44.2999992370605 34.0999984741211 27 22.6000003814697 22.1000003814697 23.5 23.2000007629395 22.3999996185303 21.1000003814697 20.2999992370605 19 17.8999996185303 18.2000007629395 18.8999996185303 20.2000007629395 23.6000003814697 25.8999996185303 28.7999992370605 29.8999996185303 33.2999992370605 27.8999996185303 24.5 22.7999992370605 24.1000003814697 27.7999992370605 31.1000003814697 34.2000007629395 35.4000015258789 34.5999984741211 32.5999984741211 34.4000015258789 38.2999992370605 43.4000015258789 46.2999992370605 49.9000015258789 54.5999984741211 56.0999984741211 55 57.9000015258789 59.2000007629395 60.7999992370605 65.3000030517578
116.900001525879 135.899993896484 134.399993896484 148.600006103516 143.100006103516 142.100006103516 128.5 110.400001525879 96.4000015258789 73.9000015258789 64.3000030517578 52.4000015258789 48.4000015258789 40.0999984741211 28.2999992370605 23.3999996185303 22.3999996185303 22.7000007629395 22.2000007629395 21.1000003814697 20.2000007629395 19.6000003814697 17.8999996185303 17.2000007629395 16.6000003814697 17.2000007629395 19.2000007629395 22.2999992370605 23.6000003814697 28.2999992370605 24.8999996185303 28 22.7999992370605 22.7999992370605 26.3999996185303 30 27.8999996185303 28.1000003814697 36.4000015258789 39 36.2999992370605 33.7999992370605 32.5999984741211 36.7000007629395 41 44.5999984741211 49.5999984741211 54.7999992370605 61.9000015258789 63.2999992370605 64.5 63.4000015258789 62.5 63.5999984741211
123.699996948242 127.199996948242 115.400001525879 143.600006103516 145.399993896484 144.399993896484 136.100006103516 119 93.9000015258789 75.4000015258789 66.3000030517578 57.2999992370605 47.5 39.0999984741211 29.8999996185303 25.2999992370605 23 23 21.3999996185303 20.8999996185303 19.8999996185303 18.6000003814697 16.7999992370605 15.8000001907349 15.8999996185303 16.3999996185303 18.1000003814697 21 22.2000007629395 26 24.2000007629395 30.7000007629395 21.1000003814697 23.1000003814697 29.1000003814697 32.0999984741211 32.5999984741211 29.7999992370605 30.7000007629395 34.5999984741211 36.9000015258789 37.5 33.9000015258789 34.4000015258789 37.5999984741211 42.5 48.2999992370605 53 60.9000015258789 65.4000015258789 71.5999984741211 68.8000030517578 64.0999984741211 60.5999984741211
95.4000015258789 105.400001525879 119.800003051758 123.300003051758 143.699996948242 136.300003051758 135.399993896484 117.099998474121 97.5 82 75.6999969482422 69.5999984741211 57 41.0999984741211 32.9000015258789 26.6000003814697 24.1000003814697 22.7999992370605 21.6000003814697 21.1000003814697 20 18.6000003814697 17.3999996185303 16.7999992370605 15.1000003814697 15.8000001907349 16.3999996185303 18.3999996185303 20.6000003814697 22.2000007629395 22.1000003814697 23.2999992370605 24.1000003814697 23.2999992370605 24.8999996185303 24.7999992370605 30.6000003814697 33.2999992370605 31.7999992370605 39.2999992370605 39.2000007629395 36.2999992370605 34.5999984741211 33.2999992370605 33.7999992370605 40.4000015258789 46.4000015258789 56.5999984741211 60.9000015258789 60.5999984741211 71.0999984741211 69.8000030517578 63.0999984741211 56.7000007629395
70 79.3000030517578 106.699996948242 148.300003051758 122 132.100006103516 139.699996948242 125.900001525879 108.300003051758 95.3000030517578 87.5999984741211 78.0999984741211 66.5999984741211 46.4000015258789 38.7000007629395 29.5 25.8999996185303 22.6000003814697 21.1000003814697 21.3999996185303 19.5 19.1000003814697 18.6000003814697 17.8999996185303 16.6000003814697 15.1999998092651 15.8000001907349 16.5 18.6000003814697 21.2000007629395 22.2999992370605 22.2999992370605 21.7999992370605 22.2999992370605 21.7000007629395 20.8999996185303 23.8999996185303 26.5 32.9000015258789 41.2000007629395 41.0999984741211 40.7000007629395 35.7999992370605 33.7000007629395 33.7999992370605 37.2000007629395 45.0999984741211 58.4000015258789 66.3000030517578 69.1999969482422 72 68.4000015258789 61.9000015258789 57.5
66.4000015258789 72.5 91.5999984741211 144.899993896484 143.199996948242 130.800003051758 149.800003051758 138.300003051758 124.199996948242 114.300003051758 103.099998474121 90 73.9000015258789 52.7000007629395 39.4000015258789 36.5999984741211 25.8999996185303 22.6000003814697 20.7999992370605 20.6000003814697 20.3999996185303 20.7999992370605 20.7000007629395 20.2000007629395 20 18.7999992370605 19.6000003814697 16.8999996185303 18.2000007629395 21.5 23.6000003814697 22.7000007629395 21.3999996185303 21.1000003814697 20.6000003814697 21.1000003814697 20.7000007629395 23.6000003814697 28.7000007629395 35.0999984741211 40.0999984741211 41.7999992370605 37.7999992370605 34.5 33.5999984741211 35.7999992370605 44.2000007629395 58.5 69.1999969482422 74.4000015258789 72.9000015258789 66.5999984741211 61.2999992370605 58.0999984741211
56.4000015258789 63.5 73.5 96.4000015258789 135.800003051758 136.399993896484 149.899993896484 147.100006103516 145.199996948242 133.899993896484 120.5 105.199996948242 81.6999969482422 70.5999984741211 45.9000015258789 42.9000015258789 26 23.2999992370605 21.7999992370605 20.2999992370605 21.3999996185303 21 20.8999996185303 20.3999996185303 22.8999996185303 24.2000007629395 19.3999996185303 21 23 25 25.5 24.3999996185303 24.1000003814697 22.6000003814697 24.3999996185303 25.6000003814697 25.8999996185303 26.8999996185303 29.7999992370605 33.7000007629395 36.7000007629395 38.9000015258789 38.2999992370605 34.9000015258789 46.5999984741211 55.0999984741211 44.5999984741211 52.9000015258789 70.5999984741211 77.5 73.5999984741211 66.3000030517578 59.9000015258789 57.7000007629395
50.7999992370605 58.5 72.4000015258789 82.8000030517578 100.599998474121 111.300003051758 143.800003051758 159.800003051758 149.899993896484 143.100006103516 135.5 119.400001525879 97.3000030517578 70.3000030517578 47.0999984741211 57.5999984741211 29.7000007629395 24.3999996185303 22.3999996185303 21.2000007629395 20.8999996185303 21.5 21.7999992370605 19.7999992370605 20.1000003814697 22.2999992370605 22.7000007629395 25.1000003814697 30.1000003814697 32.5999984741211 29.1000003814697 25.7999992370605 23.7999992370605 24.8999996185303 33.5999984741211 36.5999984741211 36.7000007629395 37 35 35.0999984741211 35.9000015258789 39.7999992370605 44.0999984741211 46.5999984741211 60.0999984741211 68.0999984741211 63.0999984741211 54.9000015258789 67.9000015258789 77.8000030517578 73.0999984741211 65 59.0999984741211 56.7999992370605
48.2999992370605 57.5 63.7999992370605 74.5 72.9000015258789 96.8000030517578 123.800003051758 142.399993896484 155.899993896484 164.899993896484 151.800003051758 133.399993896484 111 88.3000030517578 59.5 43.2000007629395 31.6000003814697 28.3999996185303 32 26.6000003814697 24.8999996185303 22.2000007629395 23 21.2999992370605 20.7000007629395 21.2999992370605 23.2000007629395 26.7999992370605 30.1000003814697 31.2999992370605 30.1000003814697 27.7999992370605 26 24.6000003814697 23.8999996185303 26.6000003814697 35 41.0999984741211 46.0999984741211 49.2000007629395 50.4000015258789 49.2999992370605 55.2999992370605 64.3000030517578 61.2000007629395 65.4000015258789 71.0999984741211 61.7999992370605 61.0999984741211 75.6999969482422 70.5 65.3000030517578 59.7000007629395 56
-3.4e+38 48.7000007629395 52.7000007629395 63.4000015258789 65.8000030517578 81.5999984741211 112.099998474121 114.099998474121 130.300003051758 153.300003051758 161.399993896484 149.399993896484 125.099998474121 102.199996948242 84.3000030517578 64.1999969482422 38.9000015258789 32.0999984741211 34.4000015258789 30.6000003814697 27.1000003814697 24 23 21.2999992370605 21.2999992370605 21.1000003814697 22.8999996185303 25.6000003814697 27.7999992370605 29.3999996185303 29.1000003814697 27.7999992370605 27.8999996185303 24.6000003814697 28.1000003814697 27.7999992370605 32.7999992370605 34 39.9000015258789 52.4000015258789 58.0999984741211 61.5 65.3000030517578 64.5999984741211 59.5999984741211 59.9000015258789 67.5999984741211 64.3000030517578 51.2999992370605 62.4000015258789 68.5999984741211 66.3000030517578 61.5 56.7999992370605
41.7999992370605 43.0999984741211 45.5999984741211 50 53.0999984741211 61.7999992370605 68.5999984741211 89.9000015258789 127.400001525879 164.399993896484 137.300003051758 135.199996948242 131.300003051758 116.800003051758 94.5999984741211 80.5999984741211 54.7999992370605 49.0999984741211 32.0999984741211 28.5 28.2999992370605 25.3999996185303 23.7999992370605 21.2000007629395 19.6000003814697 19.7999992370605 22.1000003814697 24.7999992370605 26.7999992370605 28.1000003814697 28.7000007629395 27 26.8999996185303 26.7999992370605 29.6000003814697 32.5 33.2999992370605 35.5999984741211 42.2999992370605 45.2000007629395 51.0999984741211 59.7000007629395 64.8000030517578 62.7000007629395 56.9000015258789 55.7000007629395 57.9000015258789 67.0999984741211 53.7000007629395 56.2999992370605 65.8000030517578 66.8000030517578 60.4000015258789 57.4000015258789
-3.4e+38 39.4000015258789 40.7000007629395 41.7999992370605 45.5999984741211 53.5999984741211 61.2999992370605 85.9000015258789 94.8000030517578 115.800003051758 105.599998474121 145.399993896484 135.100006103516 130 108.199996948242 92.1999969482422 70.0999984741211 57.0999984741211 48.7999992370605 32.2000007629395 28.7000007629395 25.6000003814697 23.5 23.2999992370605 19.2999992370605 20 21.6000003814697 24.1000003814697 26.2999992370605 27.8999996185303 27.6000003814697 26.8999996185303 27 26.3999996185303 28 34.2999992370605 37.0999984741211 33.7000007629395 43.0999984741211 54.2000007629395 48.2999992370605 53.7000007629395 54.5999984741211 48.2999992370605 52.7999992370605 50.2999992370605 52 53.7999992370605 52.2000007629395 54.2000007629395 61.4000015258789 64.8000030517578 56.4000015258789 50.9000015258789
