data/layers/future_layer_mc_126_60/bio1.asc
NCOLS 494 
NROWS 529 
XLLCORNER -117.166666666667 
YLLCORNER -55.5 
CELLSIZE 0.166666666666667 
NODATA_value -3.4e+38 
[rows 0 to 23 of 529, columns 110 to 164 of 494]
20.1000003814697 20.2000007629395 20.6000003814697 20.7000007629395 20.8999996185303 20.8999996185303 20.7000007629395 20.7999992370605 21 21.2000007629395 21.2999992370605 21.2999992370605 21.2999992370605 21.2000007629395 21.1000003814697 21 20.8999996185303 20.8999996185303 20.8999996185303 20.7999992370605 20.7999992370605 20.7000007629395 20.6000003814697 20.7000007629395 20.7999992370605 20.6000003814697 20.3999996185303 20.3999996185303 20.2999992370605 20.3999996185303 20.7000007629395 20.2999992370605 20.2000007629395 20.2999992370605 20.1000003814697 20.1000003814697 20.2000007629395 20.2000007629395 20.2000007629395 20.2999992370605 20.6000003814697 20.3999996185303 20.3999996185303 20.3999996185303 20.5 20.6000003814697 20.2999992370605 20.3999996185303 20.2999992370605 20.1000003814697 19.8999996185303 19.8999996185303 19.8999996185303 19.6000003814697 19.3999996185303
20 20.2000007629395 20.3999996185303 20.5 20.7000007629395 20.7999992370605 21 20.8999996185303 21 21 21.2999992370605 21.2000007629395 21.2999992370605 21.2999992370605 21.2000007629395 21.1000003814697 21.1000003814697 21 21 21 21.1000003814697 21 20.7999992370605 20.7999992370605 20.7999992370605 20.7000007629395 20.5 20.2999992370605 20.2999992370605 20.5 20.7999992370605 20.6000003814697 20.3999996185303 20.2999992370605 20.2000007629395 20.2000007629395 20.2999992370605 20.2000007629395 20.2999992370605 20.3999996185303 20.6000003814697 20.6000003814697 20.6000003814697 20.5 20.6000003814697 20.7000007629395 20.5 20.3999996185303 20.1000003814697 20.1000003814697 20.1000003814697 20 20.1000003814697 19.7000007629395 19.6000003814697
20.2000007629395 20.2999992370605 20.2000007629395 20.2999992370605 20.6000003814697 20.7999992370605 21 21 21.1000003814697 21.2000007629395 21.2999992370605 21.2000007629395 21.3999996185303 21.2999992370605 21.2000007629395 21.2000007629395 21.2000007629395 21.2000007629395 21.2000007629395 21.2000007629395 21.2999992370605 21.2000007629395 20.8999996185303 20.7000007629395 20.7000007629395 20.7999992370605 20.6000003814697 20.5 20.3999996185303 20.3999996185303 20.5 20.6000003814697 20.5 20.2999992370605 20.2999992370605 20.3999996185303 20.5 20.3999996185303 20.3999996185303 20.3999996185303 20.7000007629395 20.7999992370605 20.7000007629395 20.7000007629395 20.7000007629395 20.7000007629395 20.6000003814697 20.3999996185303 20.2999992370605 20.2000007629395 20.2000007629395 20.2999992370605 20.1000003814697 19.7999992370605 19.6000003814697
20.2999992370605 20.5 20.3999996185303 20.5 20.6000003814697 20.7000007629395 20.7999992370605 21.1000003814697 21.1000003814697 21.2000007629395 21.2999992370605 21.3999996185303 21.2999992370605 21.2999992370605 21.3999996185303 21.5 21.3999996185303 21.2999992370605 21.2999992370605 21.2999992370605 21.2999992370605 21.2000007629395 21.1000003814697 20.8999996185303 20.7000007629395 20.7000007629395 20.7000007629395 20.6000003814697 20.5 20.3999996185303 20.5 20.6000003814697 20.7000007629395 20.5 20.5 20.5 20.6000003814697 20.5 20.5 20.5 20.7000007629395 20.7999992370605 20.7999992370605 20.8999996185303 20.8999996185303 20.8999996185303 20.5 20.2999992370605 20.2999992370605 20.2999992370605 20.2000007629395 20.2000007629395 20 19.8999996185303 19.7999992370605
20.2999992370605 20.6000003814697 20.7000007629395 20.7000007629395 20.7999992370605 20.7999992370605 20.8999996185303 21 21.2000007629395 21.2999992370605 21.5 21.5 21.2999992370605 21.3999996185303 21.3999996185303 21.3999996185303 21.5 21.3999996185303 21.2999992370605 21.2000007629395 21.2000007629395 21.2999992370605 21.2000007629395 21 20.7000007629395 20.6000003814697 20.6000003814697 20.6000003814697 20.6000003814697 20.6000003814697 20.3999996185303 20.5 20.7000007629395 20.8999996185303 20.8999996185303 20.7999992370605 20.7000007629395 20.7999992370605 20.7000007629395 20.7999992370605 20.7000007629395 20.7999992370605 21 21.1000003814697 21.1000003814697 20.8999996185303 20.5 20.3999996185303 20.3999996185303 20.2999992370605 20.2000007629395 20.2999992370605 20.2000007629395 20 19.8999996185303
20.3999996185303 20.5 20.7000007629395 20.7999992370605 20.7999992370605 20.7999992370605 21 21.2000007629395 21.3999996185303 21.5 21.6000003814697 21.5 21.5 21.5 21.5 21.5 21.6000003814697 21.5 21.5 21.2999992370605 21.2000007629395 21.1000003814697 21.1000003814697 21 20.8999996185303 20.7999992370605 20.7000007629395 20.6000003814697 20.6000003814697 20.7000007629395 20.7000007629395 20.5 20.7000007629395 20.8999996185303 21.1000003814697 21 20.7999992370605 20.7999992370605 20.8999996185303 20.8999996185303 20.7999992370605 20.8999996185303 21.2000007629395 21.2000007629395 21.2000007629395 20.7999992370605 20.5 20.3999996185303 20.2999992370605 20.2000007629395 20.2999992370605 20.2999992370605 20.2999992370605 20.1000003814697 20.1000003814697
20.7000007629395 20.6000003814697 20.6000003814697 20.7000007629395 20.7999992370605 21 21 21.1000003814697 21.3999996185303 21.7000007629395 21.8999996185303 21.7000007629395 21.7000007629395 21.5 21.5 21.6000003814697 21.6000003814697 21.5 21.6000003814697 21.3999996185303 21.3999996185303 21.2999992370605 21.2999992370605 21.2000007629395 21.2000007629395 21.1000003814697 20.7999992370605 20.7000007629395 20.6000003814697 20.7000007629395 21 20.7000007629395 20.7000007629395 20.7999992370605 21 21.3999996185303 21.2999992370605 21.1000003814697 21.1000003814697 21.1000003814697 21.2000007629395 21.2999992370605 21.2999992370605 21.2999992370605 21.1000003814697 20.7000007629395 20.5 20.3999996185303 20.2999992370605 20.2999992370605 20.3999996185303 20.3999996185303 20.6000003814697 20.3999996185303 20.2999992370605
20.8999996185303 20.7999992370605 20.7000007629395 20.7999992370605 20.7999992370605 21.1000003814697 21.2000007629395 21.2999992370605 21.5 21.7000007629395 21.8999996185303 21.8999996185303 21.8999996185303 21.7999992370605 21.7000007629395 21.7000007629395 21.6000003814697 21.5 21.6000003814697 21.6000003814697 21.5 21.2999992370605 21.2999992370605 21.3999996185303 21.3999996185303 21.2000007629395 21 20.8999996185303 20.7000007629395 20.7000007629395 20.8999996185303 20.8999996185303 20.7999992370605 20.7999992370605 20.8999996185303 21.1000003814697 21.2999992370605 21.5 21.3999996185303 21.2999992370605 21.3999996185303 21.5 21.5 21.3999996185303 21.1000003814697 20.7999992370605 20.7000007629395 20.6000003814697 20.3999996185303 20.3999996185303 20.3999996185303 20.5 20.6000003814697 20.7000007629395 20.6000003814697
21.1000003814697 21 20.7999992370605 20.7999992370605 21 21.2000007629395 21.2999992370605 21.3999996185303 21.6000003814697 21.7999992370605 22 22.1000003814697 22.1000003814697 21.7999992370605 21.7999992370605 21.7999992370605 21.6000003814697 21.6000003814697 21.7999992370605 21.7999992370605 21.6000003814697 21.5 21.5 21.5 21.5 21.2999992370605 21.2999992370605 21.2000007629395 21 20.7999992370605 20.8999996185303 21.1000003814697 20.8999996185303 21 21 21.1000003814697 21.2000007629395 21.5 21.7000007629395 21.3999996185303 21.6000003814697 21.6000003814697 21.3999996185303 21.2999992370605 21.1000003814697 20.8999996185303 20.7000007629395 20.5 20.5 20.5 20.7000007629395 20.7000007629395 20.7000007629395 20.8999996185303 20.8999996185303
20.7999992370605 20.7999992370605 20.7000007629395 20.7999992370605 21.1000003814697 21.2999992370605 21.6000003814697 21.6000003814697 21.8999996185303 22 22.1000003814697 22.2000007629395 22.2999992370605 22.1000003814697 22 21.8999996185303 21.8999996185303 22 22.1000003814697 22 21.7999992370605 21.7000007629395 21.6000003814697 21.5 21.3999996185303 21.2999992370605 21.2000007629395 21.2000007629395 21.2000007629395 20.8999996185303 20.8999996185303 21.1000003814697 21.1000003814697 21.2000007629395 21.2000007629395 21.2000007629395 21.2999992370605 21.2999992370605 21.6000003814697 21.6000003814697 21.6000003814697 21.5 21.3999996185303 21.2000007629395 20.8999996185303 20.8999996185303 20.7999992370605 20.7000007629395 20.7000007629395 20.7000007629395 20.7999992370605 20.8999996185303 20.8999996185303 20.8999996185303 21
20.8999996185303 20.8999996185303 20.8999996185303 20.7999992370605 21.1000003814697 21.3999996185303 21.5 21.7000007629395 22 22.1000003814697 22.2999992370605 22.3999996185303 22.2999992370605 22.2000007629395 22.1000003814697 22.1000003814697 22.2000007629395 22.2999992370605 22.2000007629395 22.1000003814697 22 21.7999992370605 21.5 21.3999996185303 21.2999992370605 21.2999992370605 21.2999992370605 21.2999992370605 21.2000007629395 21 21.1000003814697 21.2000007629395 21.2999992370605 21.3999996185303 21.2999992370605 21.3999996185303 21.3999996185303 21.3999996185303 21.3999996185303 21.6000003814697 21.7000007629395 21.6000003814697 21.6000003814697 21.3999996185303 21.1000003814697 21 21 20.8999996185303 20.8999996185303 20.8999996185303 21 21 21 21 21.1000003814697
21.5 21.5 21.3999996185303 21 21.1000003814697 21.3999996185303 21.6000003814697 21.8999996185303 22.1000003814697 22.2000007629395 22.2999992370605 22.2999992370605 22.2000007629395 22.3999996185303 22.3999996185303 22.3999996185303 22.2999992370605 22.2000007629395 22.2000007629395 22.2000007629395 21.8999996185303 21.7999992370605 21.8999996185303 21.5 21.2999992370605 21.2000007629395 21.3999996185303 21.2999992370605 21.3999996185303 21.2999992370605 21.2999992370605 21.3999996185303 21.3999996185303 21.3999996185303 21.5 21.5 21.5 21.5 21.6000003814697 21.7000007629395 21.6000003814697 21.6000003814697 21.6000003814697 21.5 21.5 21.2999992370605 21.2999992370605 21.2000007629395 21.1000003814697 21.2000007629395 21.2000007629395 21.1000003814697 21.1000003814697 21.2000007629395 21.2000007629395
21.3999996185303 21.3999996185303 21.6000003814697 21.6000003814697 21.2999992370605 21.3999996185303 21.7000007629395 22 22.2000007629395 22.2999992370605 22.2000007629395 22.1000003814697 22.2000007629395 22.3999996185303 22.5 22.3999996185303 22.2999992370605 22.2000007629395 22 21.8999996185303 21.8999996185303 21.7000007629395 21.7000007629395 21.7000007629395 21.5 21.3999996185303 21.5 21.5 21.5 21.5 21.5 21.3999996185303 21.5 21.6000003814697 21.6000003814697 21.7000007629395 21.7999992370605 21.7999992370605 21.8999996185303 21.7999992370605 21.7000007629395 21.7000007629395 21.5 21.6000003814697 21.7000007629395 21.6000003814697 21.6000003814697 21.5 21.2999992370605 21.3999996185303 21.3999996185303 21.2999992370605 21.2999992370605 21.2999992370605 21.2999992370605
21 21.2000007629395 21.2999992370605 21.6000003814697 21.7999992370605 21.7000007629395 22.1000003814697 22.2999992370605 22.3999996185303 22.2999992370605 22.2000007629395 22.2000007629395 22.3999996185303 22.3999996185303 22.5 22.3999996185303 22.2999992370605 22.2000007629395 22.1000003814697 22.2000007629395 22 21.7000007629395 21.7000007629395 21.7999992370605 21.7999992370605 21.6000003814697 21.7000007629395 21.7000007629395 21.7000007629395 21.7000007629395 21.6000003814697 21.6000003814697 21.7000007629395 21.7999992370605 21.7999992370605 21.8999996185303 22 21.8999996185303 21.8999996185303 21.8999996185303 21.7999992370605 21.8999996185303 21.6000003814697 21.6000003814697 21.6000003814697 21.7999992370605 22.1000003814697 21.7000007629395 21.5 21.6000003814697 21.7000007629395 21.6000003814697 21.6000003814697 21.2999992370605 21.3999996185303
21 21.1000003814697 21.2999992370605 21.5 21.6000003814697 21.7999992370605 22.3999996185303 22.3999996185303 22.2999992370605 22.2000007629395 22.2000007629395 22.3999996185303 22.3999996185303 22.3999996185303 22.5 22.3999996185303 22.3999996185303 22.2000007629395 22.1000003814697 22.2000007629395 22.3999996185303 22 22 22 22.1000003814697 21.8999996185303 21.8999996185303 21.7999992370605 21.7999992370605 21.7999992370605 21.7999992370605 21.8999996185303 22 22.2000007629395 22.1000003814697 22.1000003814697 22.1000003814697 22 22.1000003814697 22 22.1000003814697 21.8999996185303 21.8999996185303 21.6000003814697 21.7000007629395 21.7999992370605 21.7999992370605 21.7999992370605 21.7000007629395 21.7999992370605 21.8999996185303 22.3999996185303 22.2999992370605 21.7999992370605 21.7999992370605
20.8999996185303 20.8999996185303 21.2000007629395 21.3999996185303 21.6000003814697 21.8999996185303 22.2999992370605 22.2000007629395 22.2000007629395 22.2000007629395 22.2999992370605 22.5 22.5 22.5 22.6000003814697 22.5 22.3999996185303 22.2999992370605 22.2999992370605 22.5 22.7000007629395 22.5 22.2999992370605 22.5 22.3999996185303 22.2000007629395 22.1000003814697 22.2000007629395 22.3999996185303 22.1000003814697 22.2000007629395 22.1000003814697 22.2999992370605 22.2999992370605 22.2000007629395 22.2000007629395 22.2000007629395 22.2000007629395 22.2000007629395 22.2000007629395 22.2000007629395 22.1000003814697 22.1000003814697 21.8999996185303 21.7999992370605 21.7999992370605 21.8999996185303 21.8999996185303 21.8999996185303 21.8999996185303 22.1000003814697 22.5 22.6000003814697 22.1000003814697 -3.4e+38
21.2000007629395 21.2999992370605 21.3999996185303 21.7000007629395 21.7999992370605 22.2000007629395 22.3999996185303 22.2999992370605 22.1000003814697 22.1000003814697 22.3999996185303 22.7000007629395 22.7000007629395 22.5 22.3999996185303 22.3999996185303 22.5 22.3999996185303 22.5 23 23 22.6000003814697 22.5 22.5 22.3999996185303 22.2999992370605 22.2999992370605 22.2000007629395 22.2999992370605 22.6000003814697 22.2000007629395 22.2000007629395 22.2999992370605 22.2999992370605 22.2999992370605 22.2999992370605 22.2999992370605 22.2999992370605 22.3999996185303 22.5 22.3999996185303 22.2999992370605 22.2000007629395 22.1000003814697 21.8999996185303 22 22 21.8999996185303 21.8999996185303 22 22.1000003814697 22.2000007629395 22.6000003814697 22.2000007629395 -3.4e+38
21.1000003814697 21.3999996185303 21.6000003814697 21.7999992370605 22.2000007629395 22.5 22.5 22.3999996185303 22.2000007629395 22.2999992370605 22.5 22.7000007629395 22.7000007629395 22.3999996185303 22.2999992370605 22.5 22.5 22.5 22.7999992370605 23.1000003814697 23.2999992370605 23.1000003814697 23 22.7999992370605 -3.4e+38 22.3999996185303 22.2999992370605 22.2000007629395 22.1000003814697 22.1000003814697 -3.4e+38 -3.4e+38 -3.4e+38 -3.4e+38 -3.4e+38 -3.4e+38 22.2999992370605 22.2999992370605 22.3999996185303 22.5 -3.4e+38 -3.4e+38 -3.4e+38 -3.4e+38 22 22 22 22 22 22 22.1000003814697 22.2000007629395 22.2000007629395 22.2999992370605 22.2999992370605
21.7000007629395 22.2999992370605 22.3999996185303 22.2999992370605 22.6000003814697 22.6000003814697 22.5 22.5 22.6000003814697 22.6000003814697 22.6000003814697 22.7000007629395 22.5 22.2999992370605 22.5 22.3999996185303 22.5 22.6000003814697 22.7000007629395 22.7999992370605 22.7000007629395 22.8999996185303 22.8999996185303 -3.4e+38 -3.4e+38 -3.4e+38 -3.4e+38 -3.4e+38 -3.4e+38 -3.4e+38 -3.4e+38 -3.4e+38 -3.4e+38 -3.4e+38 -3.4e+38 -3.4e+38 -3.4e+38 -3.4e+38 -3.4e+38 -3.4e+38 -3.4e+38 -3.4e+38 -3.4e+38 -3.4e+38 22 22.1000003814697 22.2000007629395 22.2000007629395 22.2000007629395 22.2000007629395 22.2000007629395 22.2999992370605 22.3999996185303 22.3999996185303 22.3999996185303
22.3999996185303 22.8999996185303 22.8999996185303 22.7000007629395 22.7000007629395 22.5 22.7000007629395 22.7999992370605 22.7999992370605 22.7999992370605 22.7999992370605 22.7000007629395 22.5 22.3999996185303 22.6000003814697 22.5 22.6000003814697 22.6000003814697 22.7000007629395 22.3999996185303 22.3999996185303 22.6000003814697 22.7000007629395 -3.4e+38 -3.4e+38 -3.4e+38 -3.4e+38 -3.4e+38 -3.4e+38 -3.4e+38 -3.4e+38 -3.4e+38 -3.4e+38 -3.4e+38 -3.4e+38 -3.4e+38 -3.4e+38 -3.4e+38 -3.4e+38 -3.4e+38 -3.4e+38 -3.4e+38 -3.4e+38 -3.4e+38 -3.4e+38 -3.4e+38 22.3999996185303 22.3999996185303 22.3999996185303 22.5 22.5 22.5 22.6000003814697 -3.4e+38 22.5
22.7999992370605 22.7999992370605 22.7999992370605 22.8999996185303 22.7999992370605 22.8999996185303 22.8999996185303 23 23 22.8999996185303 22.7999992370605 22.7000007629395 22.6000003814697 22.6000003814697 22.6000003814697 22.7000007629395 22.7000007629395 22.7000007629395 22.6000003814697 22.5 22.5 22.7000007629395 22.7000007629395 -3.4e+38 -3.4e+38 -3.4e+38 -3.4e+38 -3.4e+38 -3.4e+38 -3.4e+38 -3.4e+38 -3.4e+38 -3.4e+38 -3.4e+38 -3.4e+38 -3.4e+38 -3.4e+38 -3.4e+38 -3.4e+38 -3.4e+38 -3.4e+38 -3.4e+38 -3.4e+38 -3.4e+38 -3.4e+38 -3.4e+38 -3.4e+38 22.7000007629395 22.7000007629395 -3.4e+38 -3.4e+38 -3.4e+38 22.7999992370605 -3.4e+38 -3.4e+38
23 23.1000003814697 23.1000003814697 23.2000007629395 23.2000007629395 23.2999992370605 23.2000007629395 23.1000003814697 23.1000003814697 23.1000003814697 23 22.8999996185303 22.7999992370605 22.7999992370605 22.7999992370605 22.7999992370605 22.7999992370605 22.7000007629395 22.6000003814697 22.6000003814697 22.7999992370605 22.7999992370605 -3.4e+38 -3.4e+38 -3.4e+38 -3.4e+38 -3.4e+38 -3.4e+38 -3.4e+38 -3.4e+38 -3.4e+38 -3.4e+38 -3.4e+38 -3.4e+38 -3.4e+38 -3.4e+38 -3.4e+38 -3.4e+38 -3.4e+38 -3.4e+38 -3.4e+38 -3.4e+38 -3.4e+38 -3.4e+38 -3.4e+38 -3.4e+38 -3.4e+38 -3.4e+38 -3.4e+38 -3.4e+38 -3.4e+38 -3.4e+38 -3.4e+38 -3.4e+38 -3.4e+38
23.2999992370605 23.3999996185303 23.3999996185303 23.3999996185303 23.3999996185303 23.3999996185303 23.3999996185303 23.2999992370605 23.2999992370605 23.2999992370605 23.2000007629395 23.1000003814697 23.1000003814697 23.1000003814697 23 22.7999992370605 22.8999996185303 22.8999996185303 22.7999992370605 22.7999992370605 -3.4e+38 -3.4e+38 -3.4e+38 -3.4e+38 -3.4e+38 -3.4e+38 -3.4e+38 -3.4e+38 -3.4e+38 -3.4e+38 -3.4e+38 -3.4e+38 -3.4e+38 -3.4e+38 -3.4e+38 -3.4e+38 -3.4e+38 -3.4e+38 -3.4e+38 -3.4e+38 -3.4e+38 -3.4e+38 -3.4e+38 -3.4e+38 -3.4e+38 -3.4e+38 -3.4e+38 -3.4e+38 -3.4e+38 -3.4e+38 -3.4e+38 -3.4e+38 -3.4e+38 -3.4e+38 -3.4e+38
23.5 23.5 23.6000003814697 23.6000003814697 23.5 23.3999996185303 23.3999996185303 23.3999996185303 23.3999996185303 23.5 23.3999996185303 23.3999996185303 23.2999992370605 -3.4e+38 23.1000003814697 23.1000003814697 23.2000007629395 -3.4e+38 -3.4e+38 -3.4e+38 -3.4e+38 -3.4e+38 -3.4e+38 -3.4e+38 -3.4e+38 -3.4e+38 -3.4e+38 -3.4e+38 -3.4e+38 -3.4e+38 -3.4e+38 -3.4e+38 -3.4e+38 -3.4e+38 -3.4e+38 -3.4e+38 -3.4e+38 -3.4e+38 -3.4e+38 -3.4e+38 -3.4e+38 -3.4e+38 -3.4e+38 -3.4e+38 -3.4e+38 -3.4e+38 -3.4e+38 -3.4e+38 -3.4e+38 -3.4e+38 -3.4e+38 -3.4e+38 -3.4e+38 -3.4e+38 -3.4e+38
