data/layers/future_layer_mc_126_60/bio10.asc
NCOLS 494 
NROWS 529 
XLLCORNER -117.166666666667 
YLLCORNER -55.5 
CELLSIZE 0.166666666666667 
NODATA_value -3.4e+38 
[rows 275 to 299 of 529, columns 275 to 329 of 494]
16.5 17.7000007629395 22.6000003814697 24.5 25.6000003814697 25.6000003814697 25.6000003814697 25.6000003814697 26.2999992370605 26.7000007629395 27.1000003814697 27.2000007629395 27.2999992370605 27.3999996185303 27.6000003814697 27.7000007629395 27.7999992370605 27.8999996185303 28 28.1000003814697 28.2000007629395 28.2999992370605 28.5 28.7000007629395 28.6000003814697 28.7000007629395 28.8999996185303 28.8999996185303 29 29 29.1000003814697 29.1000003814697 29 29.1000003814697 29.2000007629395 29.2000007629395 29.1000003814697 29.2000007629395 29.2999992370605 29.2000007629395 29.1000003814697 28.8999996185303 28.7999992370605 28.7000007629395 28.7000007629395 28.6000003814697 28.2999992370605 28.2999992370605 28.5 28.3999996185303 28.2000007629395 28.1000003814697 28 28.2999992370605 28.3999996185303
8.69999980926514 10.3999996185303 18 18.2000007629395 21.5 24.1000003814697 24.5 24.6000003814697 26.1000003814697 25.7000007629395 26.5 26.7000007629395 26.8999996185303 27.2000007629395 27.5 27.6000003814697 27.7000007629395 27.7999992370605 27.7999992370605 28 28.1000003814697 28.2000007629395 28.3999996185303 28.5 28.5 28.6000003814697 28.7999992370605 28.8999996185303 29 29 29 29 29.1000003814697 29.1000003814697 29.1000003814697 29.1000003814697 29 29.2000007629395 29.2000007629395 29.1000003814697 29 28.8999996185303 28.7000007629395 28.7000007629395 28.6000003814697 28.6000003814697 28.6000003814697 28.6000003814697 28.5 28.5 28.3999996185303 28.2000007629395 28 28.2999992370605 28.3999996185303
7.30000019073486 7.59999990463257 11.8000001907349 8.10000038146973 12 18.1000003814697 20.6000003814697 21.7000007629395 23.8999996185303 24.7999992370605 24.8999996185303 24.7999992370605 25.8999996185303 26.6000003814697 27.2000007629395 27.3999996185303 26.8999996185303 27.5 27.7000007629395 27.8999996185303 28.1000003814697 28.2999992370605 28.3999996185303 28.2999992370605 28.3999996185303 28.5 28.7000007629395 28.8999996185303 28.8999996185303 29 29 29 29 29 29 29 28.8999996185303 29 28.8999996185303 29 28.8999996185303 28.8999996185303 28.7000007629395 28.6000003814697 28.7000007629395 28.6000003814697 28.7000007629395 28.6000003814697 28.5 28.5 28.6000003814697 28.3999996185303 28.1000003814697 28.1000003814697 28.2000007629395
6.5 4 5 6 7.90000009536743 11 12.5 14.1999998092651 19.3999996185303 22.8999996185303 23 22.8999996185303 23.1000003814697 24.5 24.7000007629395 26.2000007629395 26.6000003814697 26.7000007629395 27.2999992370605 27.8999996185303 28.1000003814697 28.1000003814697 28.2999992370605 28.2999992370605 28.3999996185303 28.5 28.5 28.6000003814697 28.8999996185303 28.8999996185303 29 28.8999996185303 28.8999996185303 28.8999996185303 28.8999996185303 28.8999996185303 28.7999992370605 28.8999996185303 28.8999996185303 28.8999996185303 28.8999996185303 28.7999992370605 28.7000007629395 28.5 28.5 28.6000003814697 28.6000003814697 28.6000003814697 28.6000003814697 28.6000003814697 28.6000003814697 28.5 28.2999992370605 28.1000003814697 28.2000007629395
6.40000009536743 5.19999980926514 5.09999990463257 5.30000019073486 7.90000009536743 6.40000009536743 7.90000009536743 8.80000019073486 11 17.1000003814697 20.8999996185303 21.3999996185303 20.7000007629395 22.6000003814697 23.7000007629395 23.7000007629395 24.3999996185303 26.1000003814697 26 26.7999992370605 27.8999996185303 28 28.2000007629395 28.2999992370605 28.3999996185303 28.5 28.5 28.7000007629395 28.7999992370605 28.7999992370605 28.8999996185303 28.8999996185303 28.8999996185303 28.8999996185303 28.8999996185303 28.8999996185303 28.7000007629395 28.7999992370605 28.7999992370605 28.8999996185303 28.8999996185303 28.7999992370605 28.7000007629395 28.6000003814697 28.6000003814697 28.7000007629395 28.5 28.5 28.6000003814697 28.5 28.6000003814697 28.6000003814697 28.5 28.2999992370605 28.2999992370605
7.09999990463257 6.30000019073486 5.40000009536743 4.69999980926514 6.09999990463257 7.40000009536743 6.09999990463257 7.19999980926514 9 12.6999998092651 14.3000001907349 18.8999996185303 20.3999996185303 21.2999992370605 22.7000007629395 21.8999996185303 21.7999992370605 24.2999992370605 25.8999996185303 26.3999996185303 27.1000003814697 28 28.2000007629395 28.2999992370605 28.3999996185303 28.6000003814697 28.7000007629395 28.7999992370605 28.7000007629395 28.7999992370605 28.7999992370605 28.7999992370605 28.7999992370605 28.7999992370605 28.7999992370605 28.7999992370605 28.7000007629395 28.7000007629395 28.7999992370605 28.8999996185303 28.7999992370605 28.7000007629395 28.6000003814697 28.6000003814697 28.7000007629395 28.7000007629395 28.5 28.3999996185303 28.3999996185303 28.5 28.5 28.6000003814697 28.5 28.5 28.5
10.3000001907349 7.69999980926514 5.90000009536743 6 6.5 7 8.10000038146973 7.80000019073486 7.09999990463257 7.19999980926514 12.3999996185303 15.5 19 20.6000003814697 19.7999992370605 21.8999996185303 24.3999996185303 23.6000003814697 24.1000003814697 26 26.7999992370605 27.3999996185303 28.1000003814697 28.2999992370605 28.6000003814697 28.7000007629395 28.7000007629395 28.8999996185303 28.7999992370605 28.8999996185303 28.7000007629395 28.7000007629395 28.7999992370605 28.7000007629395 28.7999992370605 28.7000007629395 28.7000007629395 28.7000007629395 28.7999992370605 28.8999996185303 28.7999992370605 28.6000003814697 28.6000003814697 28.7000007629395 28.7999992370605 28.7000007629395 28.6000003814697 28.5 28.3999996185303 28.5 28.6000003814697 28.6000003814697 28.6000003814697 28.6000003814697 28.5
8.5 7 5.69999980926514 7.69999980926514 8.30000019073486 7.40000009536743 8.19999980926514 8.80000019073486 8.5 7.80000019073486 9.60000038146973 11.6000003814697 14.3000001907349 16.6000003814697 18 20.3999996185303 23.7999992370605 21.2999992370605 21.2999992370605 24 27.2000007629395 27.2000007629395 27.6000003814697 28.2000007629395 28.5 28.6000003814697 28.7999992370605 28.8999996185303 28.8999996185303 28.7999992370605 28.7999992370605 28.7000007629395 28.7000007629395 28.7000007629395 28.7000007629395 28.7000007629395 28.7000007629395 28.6000003814697 28.7000007629395 28.7999992370605 28.7999992370605 28.7000007629395 28.6000003814697 28.7000007629395 28.7999992370605 28.7999992370605 28.7000007629395 28.7000007629395 28.5 28.5 28.6000003814697 28.6000003814697 28.6000003814697 28.6000003814697 28.6000003814697
8.39999961853027 7.30000019073486 7.59999990463257 8.39999961853027 9.5 9.5 8.30000019073486 6.69999980926514 7.30000019073486 7.59999990463257 7.69999980926514 6.69999980926514 7.30000019073486 12 19.5 22.2000007629395 21.7999992370605 22 20.7999992370605 24.1000003814697 26.2999992370605 27.7000007629395 27.7000007629395 27.5 28.2999992370605 28.6000003814697 28.7999992370605 28.8999996185303 28.8999996185303 28.7000007629395 28.7000007629395 28.7000007629395 28.7000007629395 28.7999992370605 28.7000007629395 28.7000007629395 28.7000007629395 28.7000007629395 28.7000007629395 28.7999992370605 28.7999992370605 28.7000007629395 28.6000003814697 28.7000007629395 28.7000007629395 28.7000007629395 28.7000007629395 28.7000007629395 28.7000007629395 28.5 28.6000003814697 28.6000003814697 28.7000007629395 28.7000007629395 28.6000003814697
9.39999961853027 7.5 8.39999961853027 9.80000019073486 9 10.1999998092651 10.3999996185303 9.69999980926514 9.69999980926514 7.69999980926514 7.19999980926514 6.80000019073486 5.5 9.10000038146973 16 20.8999996185303 21.7999992370605 22.7999992370605 21 22.3999996185303 25 27 27.7000007629395 27.7999992370605 27.7000007629395 28.5 28.7999992370605 29 28.7999992370605 28.7999992370605 28.7999992370605 28.7999992370605 28.7000007629395 28.7000007629395 28.7000007629395 28.7000007629395 28.7999992370605 28.7000007629395 28.7000007629395 28.7999992370605 28.7999992370605 28.7999992370605 28.7000007629395 28.7000007629395 28.7000007629395 28.7999992370605 28.7999992370605 28.7999992370605 28.6000003814697 28.6000003814697 28.6000003814697 28.7000007629395 28.7999992370605 28.6000003814697 28.6000003814697
9.19999980926514 8.69999980926514 8.30000019073486 9.60000038146973 10 10.3000001907349 10.3000001907349 10.5 9.69999980926514 10.8999996185303 8.30000019073486 8.39999961853027 7.59999990463257 6.30000019073486 10 17.1000003814697 22.3999996185303 23 23.1000003814697 22.5 25.8999996185303 26.1000003814697 27.1000003814697 27.8999996185303 27.7000007629395 28.3999996185303 28.7999992370605 28.8999996185303 28.8999996185303 28.7999992370605 28.7999992370605 28.7999992370605 28.7999992370605 28.7000007629395 28.7000007629395 28.7000007629395 28.7000007629395 28.7000007629395 28.7000007629395 28.7999992370605 28.7999992370605 28.7999992370605 28.7000007629395 28.7000007629395 28.7999992370605 28.7999992370605 28.7999992370605 28.7999992370605 28.6000003814697 28.6000003814697 28.5 28.7000007629395 28.7999992370605 28.7000007629395 28.6000003814697
6.69999980926514 8 7.59999990463257 6.40000009536743 8.19999980926514 10.1000003814697 11 10.8999996185303 10.8000001907349 11.3000001907349 10.3000001907349 9.19999980926514 8.89999961853027 8.30000019073486 10.8999996185303 14.8000001907349 21 23.7999992370605 24.6000003814697 22.7000007629395 24.2000007629395 26.8999996185303 25.6000003814697 27.1000003814697 27.5 27.8999996185303 28.6000003814697 28.6000003814697 28.7000007629395 28.7000007629395 28.7999992370605 28.7999992370605 28.7999992370605 28.7999992370605 28.7000007629395 28.7999992370605 28.7999992370605 28.7000007629395 28.7000007629395 28.8999996185303 28.8999996185303 28.8999996185303 28.7999992370605 28.7999992370605 28.7999992370605 28.7999992370605 28.8999996185303 28.8999996185303 28.7999992370605 28.6000003814697 28.5 28.7000007629395 28.7000007629395 28.6000003814697 28.6000003814697
6.09999990463257 5.40000009536743 5.59999990463257 5.30000019073486 7.90000009536743 10.1000003814697 11.3999996185303 12.1000003814697 12 11.8999996185303 11.1999998092651 10.3999996185303 9 9.10000038146973 11.3999996185303 17.1000003814697 18.3999996185303 23.2999992370605 25 24.1000003814697 23.2999992370605 26 27 26.1000003814697 26.6000003814697 27 28.3999996185303 28.2999992370605 28.5 28.6000003814697 28.7000007629395 28.7000007629395 28.7999992370605 28.8999996185303 28.8999996185303 28.7999992370605 28.7999992370605 28.7999992370605 28.7999992370605 28.8999996185303 28.8999996185303 28.8999996185303 28.8999996185303 28.7999992370605 28.8999996185303 28.8999996185303 28.8999996185303 29 29 28.7999992370605 28.5 28.6000003814697 28.5 28.7000007629395 28.6000003814697
7.09999990463257 5.90000009536743 5.19999980926514 5.40000009536743 6.19999980926514 10.3000001907349 11.6000003814697 12.5 12.1000003814697 12.1999998092651 11.8999996185303 11.1999998092651 10.6999998092651 10.8999996185303 12.1999998092651 13.5 18.7000007629395 20.5 24 25.7000007629395 25.3999996185303 25.7000007629395 27 26.7000007629395 26.2000007629395 25.8999996185303 27.5 28.2999992370605 28.2000007629395 28.5 28.6000003814697 28.7000007629395 28.7999992370605 28.8999996185303 28.8999996185303 28.8999996185303 28.8999996185303 28.7999992370605 28.7999992370605 28.7999992370605 28.8999996185303 28.8999996185303 28.8999996185303 28.8999996185303 28.8999996185303 28.8999996185303 29 29.1000003814697 29.1000003814697 29 28.7999992370605 28.5 28.2999992370605 28.3999996185303 28.6000003814697
6.30000019073486 6.80000019073486 7 6.80000019073486 7.40000009536743 9.19999980926514 12 12.5 12.3999996185303 12.1999998092651 12.1999998092651 12.1000003814697 11.3999996185303 11.1999998092651 15.8999996185303 19.2999992370605 12.8000001907349 16.7000007629395 21.7000007629395 24.3999996185303 25.6000003814697 25.5 24.5 26.5 26.8999996185303 25.2999992370605 25.2999992370605 27.3999996185303 28.2000007629395 28.1000003814697 28.5 28.6000003814697 28.7000007629395 29 28.8999996185303 28.8999996185303 28.7999992370605 28.7999992370605 28.8999996185303 28.7999992370605 28.7999992370605 28.7999992370605 28.8999996185303 28.8999996185303 29 28.8999996185303 29 29.1000003814697 29.2999992370605 29.2999992370605 29 28.5 28.2999992370605 28.2000007629395 28.3999996185303
6.59999990463257 6.40000009536743 6.80000019073486 8.19999980926514 8.80000019073486 9.69999980926514 11.6999998092651 12 12.3000001907349 12.1000003814697 12.1999998092651 12.1999998092651 12.1999998092651 11.5 10 15.3999996185303 9.69999980926514 12.1999998092651 14.8000001907349 22.7999992370605 24.1000003814697 25 24.7000007629395 23.7999992370605 25 26.2999992370605 25.2999992370605 25.6000003814697 27.5 28.1000003814697 28.2000007629395 28.6000003814697 28.7000007629395 28.8999996185303 28.8999996185303 28.7999992370605 28.8999996185303 28.7999992370605 28.8999996185303 28.7999992370605 28.7999992370605 28.7999992370605 28.7999992370605 28.8999996185303 28.8999996185303 28.8999996185303 28.8999996185303 29.1000003814697 29.2000007629395 29.2000007629395 28.8999996185303 28.2999992370605 27.7999992370605 27.7999992370605 28.1000003814697
7.5 6.40000009536743 6.09999990463257 7.69999980926514 8.89999961853027 7.59999990463257 9.10000038146973 10.6000003814697 11.5 12.1999998092651 12.3000001907349 12.3999996185303 12.3999996185303 12.3000001907349 11.5 11 8.19999980926514 5.5 10.6999998092651 18.8999996185303 22.3999996185303 23 24.2999992370605 22.7999992370605 24.2000007629395 23.7000007629395 25.6000003814697 25.1000003814697 26.2000007629395 27.7999992370605 28.2000007629395 28.5 28.7000007629395 28.7999992370605 28.7999992370605 28.7999992370605 28.8999996185303 28.8999996185303 28.8999996185303 28.7999992370605 28.7999992370605 28.7999992370605 28.7999992370605 28.7999992370605 28.7999992370605 28.8999996185303 28.8999996185303 29 29 28.8999996185303 28.6000003814697 28.2000007629395 27.7999992370605 27.8999996185303 27.8999996185303
8.10000038146973 7.90000009536743 6.5 7.5 8.69999980926514 8 6.90000009536743 10.5 11.6999998092651 11.6000003814697 12.5 12.5 12.5 12.1999998092651 12.1000003814697 11 10.6999998092651 7.40000009536743 7.30000019073486 14.1000003814697 19.6000003814697 21.8999996185303 21.7000007629395 21.7000007629395 22.3999996185303 23.8999996185303 24.5 24.6000003814697 24.3999996185303 26.3999996185303 28 28.5 28.6000003814697 28.7000007629395 28.7000007629395 28.7999992370605 28.8999996185303 28.8999996185303 28.8999996185303 28.7999992370605 28.8999996185303 28.7999992370605 28.7999992370605 28.7999992370605 28.8999996185303 28.7999992370605 28.7999992370605 28.7999992370605 28.7999992370605 28.6000003814697 28.1000003814697 27.2000007629395 27.2000007629395 27.6000003814697 27.5
7.5 7.09999990463257 6.90000009536743 9.10000038146973 6.69999980926514 7 7.30000019073486 9.60000038146973 11 11.5 11.5 11.3999996185303 12.3000001907349 11.8999996185303 12 11.8000001907349 11.5 10.3000001907349 7.59999990463257 8.39999961853027 15.1999998092651 20.1000003814697 20.7999992370605 20.5 21.5 22.1000003814697 22.6000003814697 23.5 24 24.2999992370605 26.2000007629395 28 28.5 28.6000003814697 28.7000007629395 28.7999992370605 28.7999992370605 28.8999996185303 28.7999992370605 28.7999992370605 28.7999992370605 28.7000007629395 28.7999992370605 28.7999992370605 28.7999992370605 28.7999992370605 28.7999992370605 28.7000007629395 28.7000007629395 28.6000003814697 28 27.2000007629395 26.7999992370605 27.3999996185303 27.2000007629395
7.19999980926514 6.69999980926514 7.69999980926514 10.6999998092651 6.59999990463257 7.30000019073486 7.30000019073486 8.30000019073486 8.80000019073486 9.60000038146973 10.8000001907349 10.5 11.6000003814697 11.3999996185303 12.1000003814697 11.8000001907349 11.8999996185303 11.6999998092651 10.1999998092651 9.30000019073486 8.80000019073486 16 20.5 20.5 21.1000003814697 18.2000007629395 19 22.1000003814697 22.8999996185303 22.7000007629395 23.8999996185303 26.6000003814697 28 28.6000003814697 28.7000007629395 28.7000007629395 28.7999992370605 28.7999992370605 28.7000007629395 28.7000007629395 28.7000007629395 28.7000007629395 28.6000003814697 28.6000003814697 28.7000007629395 28.7999992370605 28.7999992370605 28.7000007629395 28.6000003814697 28.6000003814697 28.5 28.1000003814697 27.6000003814697 27.7999992370605 27.5
11.6999998092651 10.1000003814697 8.69999980926514 12 7.59999990463257 7.69999980926514 6.5 6.59999990463257 7.69999980926514 10.1999998092651 10.1999998092651 10.6000003814697 11.8000001907349 12 11.6999998092651 11.1999998092651 11.5 12 11.8000001907349 13.6000003814697 11.5 9.89999961853027 16.5 20.1000003814697 20.6000003814697 17.7000007629395 14.8000001907349 19.8999996185303 19.2999992370605 21.2000007629395 21.5 23.6000003814697 26.5 28.2999992370605 28.6000003814697 28.7000007629395 28.7000007629395 28.7000007629395 28.7000007629395 28.7000007629395 28.7000007629395 28.6000003814697 28.5 28.5 28.5 28.6000003814697 28.6000003814697 28.6000003814697 28.5 28.3999996185303 28.3999996185303 28.5 28.3999996185303 27.8999996185303 27.6000003814697
16.3999996185303 18.1000003814697 17.7000007629395 14.8000001907349 6.90000009536743 7.09999990463257 6.90000009536743 6.69999980926514 7.59999990463257 10.8000001907349 9.5 9.80000019073486 11.8000001907349 12.3000001907349 12.3000001907349 10.8999996185303 10.3000001907349 11.6999998092651 12.1000003814697 12.3000001907349 15.3000001907349 16.1000003814697 15.8999996185303 13.1000003814697 17.5 17.2000007629395 14.6999998092651 18.8999996185303 14.1000003814697 16 21 20.8999996185303 23.7000007629395 27 28.3999996185303 28.6000003814697 28.6000003814697 28.7000007629395 28.6000003814697 28.6000003814697 28.6000003814697 28.5 28.3999996185303 28.3999996185303 28.5 28.5 28.5 28.6000003814697 28.5 28.3999996185303 28.2999992370605 28.3999996185303 28.5 28.3999996185303 28
19.5 17.1000003814697 15.8000001907349 10.5 7 6.59999990463257 7.09999990463257 6.69999980926514 7.40000009536743 9.69999980926514 8 10.6000003814697 12.1000003814697 12.3999996185303 12.5 12.6000003814697 11.6000003814697 11.1999998092651 11.6999998092651 11.8000001907349 13.5 17.7000007629395 13.6000003814697 7.09999990463257 12.8999996185303 17.3999996185303 17.7999992370605 17.1000003814697 10.8000001907349 11.8000001907349 16.7999992370605 17.3999996185303 22.2000007629395 24.7999992370605 27.1000003814697 28.2999992370605 28.6000003814697 28.6000003814697 28.6000003814697 28.6000003814697 28.6000003814697 28.5 28.3999996185303 28.2999992370605 28.3999996185303 28.3999996185303 28.3999996185303 28.5 28.3999996185303 28.3999996185303 28.2999992370605 28.3999996185303 28.5 28.7000007629395 28.7999992370605
20 19.1000003814697 17.7999992370605 13.6000003814697 8.5 6.40000009536743 7.30000019073486 6.59999990463257 7.09999990463257 7.90000009536743 9.10000038146973 9.39999961853027 11.8999996185303 12.6000003814697 12.6000003814697 12.8999996185303 12.1999998092651 10.8000001907349 10.8000001907349 12.5 12.1000003814697 13.1000003814697 14.5 10.3000001907349 9.80000019073486 15.6000003814697 17.5 17.8999996185303 13.8999996185303 11.1999998092651 11.3999996185303 16.1000003814697 19.7999992370605 23.2000007629395 24.3999996185303 26.8999996185303 27.7000007629395 28.1000003814697 28.3999996185303 28.5 28.5 28.3999996185303 28.3999996185303 28.2999992370605 28.3999996185303 28.3999996185303 28.2999992370605 28.3999996185303 28.3999996185303 28.2999992370605 28.2999992370605 28.3999996185303 28.6000003814697 28.7000007629395 28.8999996185303
21.2999992370605 21.2000007629395 20.2999992370605 16.5 12.8000001907349 11.8000001907349 11.8999996185303 8.89999961853027 7.30000019073486 8.80000019073486 10 8.80000019073486 11.1000003814697 11.5 12.6000003814697 13.1000003814697 13.1000003814697 12.1999998092651 10.6000003814697 12.3000001907349 12.5 10.3999996185303 11.6000003814697 11.5 10.3000001907349 10.8999996185303 15.6999998092651 15.8000001907349 14.8999996185303 11.1000003814697 13.3000001907349 12.6999998092651 15.8000001907349 16.1000003814697 18.3999996185303 23.7000007629395 24.7000007629395 25.8999996185303 27.1000003814697 27.5 28.1000003814697 28.2000007629395 28.2999992370605 28.2999992370605 28.2999992370605 28.2000007629395 28.2999992370605 28.3999996185303 28.3999996185303 28.2999992370605 28.3999996185303 28.3999996185303 28.6000003814697 28.7999992370605 28.8999996185303
