data/layers/future_layer_mc_126_60/bio17.asc
NCOLS 494 
NROWS 529 
XLLCORNER -117.166666666667 
YLLCORNER -55.5 
CELLSIZE 0.166666666666667 
NODATA_value -3.4e+38 
[rows 168 to 191 of 529, columns 324 to 377 of 494]
381 361.799987792969 319.799987792969 312.399993896484 262 283.799987792969 259.899993896484 254.5 239.600006103516 245.800003051758 220.300003051758 233.100006103516 257.700012207031 234.399993896484 242.100006103516 236.100006103516 231.600006103516 233.300003051758 226.699996948242 236.100006103516 227.399993896484 294.299987792969 285.600006103516 257.5 268.299987792969 266.700012207031 255.800003051758 260.899993896484 257.5 258.899993896484 242.800003051758 242.800003051758 245.899993896484 231.300003051758 231 232.699996948242 243.699996948242 249.699996948242 249.800003051758 238.399993896484 232.300003051758 227.5 232.199996948242 238.199996948242 237.600006103516 241.399993896484 251.600006103516 263.200012207031 256.100006103516 269.799987792969 277.399993896484 281.399993896484 279.799987792969 275.200012207031
386.899993896484 354.200012207031 331.100006103516 342 305.5 306.799987792969 281.5 271.600006103516 283.799987792969 295.799987792969 278.200012207031 263.200012207031 220.399993896484 222.800003051758 221 203.100006103516 205.600006103516 186.899993896484 204.800003051758 208.300003051758 218.800003051758 235.399993896484 239.100006103516 226.100006103516 233.600006103516 249.300003051758 245.699996948242 248.5 247.899993896484 248.300003051758 236.800003051758 231.800003051758 233.800003051758 226.899993896484 226.600006103516 227.699996948242 233.600006103516 241.100006103516 238.300003051758 232.899993896484 231.100006103516 225.300003051758 226.800003051758 229.800003051758 229.600006103516 233.399993896484 238.300003051758 253.899993896484 262.399993896484 273.100006103516 278.700012207031 273.600006103516 273.899993896484 272.899993896484
340.600006103516 405.299987792969 395.100006103516 346.299987792969 293.799987792969 300.600006103516 312.600006103516 305.600006103516 276.100006103516 272.5 280 241.5 216.100006103516 181 174.899993896484 171.300003051758 170.899993896484 173.300003051758 188.100006103516 190.100006103516 211.100006103516 223.600006103516 210.300003051758 244.100006103516 226.800003051758 237.600006103516 246.399993896484 235.600006103516 239.5 241.300003051758 232.199996948242 220.600006103516 228.300003051758 225.600006103516 219.399993896484 231.600006103516 232.699996948242 235.5 230.600006103516 223.399993896484 224.399993896484 229.300003051758 235.399993896484 226.600006103516 228.399993896484 230.699996948242 233.600006103516 247.899993896484 252.600006103516 262.899993896484 274.799987792969 268.700012207031 267.600006103516 268.600006103516
390.299987792969 367.899993896484 360.799987792969 368.299987792969 345.600006103516 314.299987792969 317.100006103516 294.799987792969 273.299987792969 277.899993896484 246.899993896484 188.399993896484 184.899993896484 153.600006103516 147.800003051758 111 120.5 170.600006103516 179.100006103516 194.199996948242 185.899993896484 195.5 216.199996948242 237 217.100006103516 230.399993896484 230.5 224.399993896484 234.399993896484 231 221.600006103516 219.800003051758 222.800003051758 211.800003051758 214.899993896484 219.399993896484 224.5 227.399993896484 221.699996948242 217.800003051758 213.5 224.899993896484 224.600006103516 220.5 223.399993896484 221.5 224.5 243.100006103516 249.100006103516 258.399993896484 258 262.399993896484 265.5 269.5
423.299987792969 368.299987792969 372.899993896484 365.600006103516 347.799987792969 336.100006103516 311.299987792969 299.100006103516 271.200012207031 261.399993896484 204.800003051758 160.600006103516 147.300003051758 136.399993896484 175.199996948242 147.600006103516 123.5 138 173.300003051758 156.399993896484 142.899993896484 151.600006103516 185.600006103516 212.899993896484 215.100006103516 217.300003051758 217 208.300003051758 221 223.899993896484 217.600006103516 211 217.100006103516 210.300003051758 215.800003051758 219.399993896484 225.5 214 215.600006103516 212.5 212.399993896484 221.100006103516 221.100006103516 216.899993896484 219.600006103516 218.199996948242 220 231.800003051758 241.100006103516 245.600006103516 255.100006103516 252.899993896484 261.100006103516 268.899993896484
342.5 337.700012207031 358.100006103516 381.399993896484 374.5 349.399993896484 310 297.899993896484 288.600006103516 251.800003051758 199.699996948242 170.699996948242 139.800003051758 135.199996948242 198.899993896484 179.600006103516 155.5 152.100006103516 138.899993896484 119.400001525879 134.100006103516 125.900001525879 151.100006103516 210.5 213.399993896484 212.399993896484 205.300003051758 203.100006103516 212.199996948242 219.899993896484 217.699996948242 201.100006103516 206.100006103516 207.399993896484 213.800003051758 211.399993896484 209.899993896484 215.300003051758 218.300003051758 225.300003051758 218.399993896484 212.399993896484 215.899993896484 220.199996948242 210.899993896484 210.100006103516 215.199996948242 221.300003051758 227.399993896484 232.800003051758 234 247.100006103516 258.700012207031 260.399993896484
346.399993896484 347.200012207031 364.100006103516 378.899993896484 367.399993896484 356.100006103516 335.200012207031 317.399993896484 308.299987792969 231.600006103516 203.600006103516 180.899993896484 160.600006103516 142.899993896484 162.699996948242 167.899993896484 145.399993896484 164.100006103516 175.800003051758 136.699996948242 127.900001525879 129.199996948242 167.399993896484 187.699996948242 202.800003051758 201.5 200.899993896484 199.399993896484 205.300003051758 207.800003051758 210.399993896484 197.800003051758 198.100006103516 199.100006103516 199.800003051758 202.899993896484 202.5 204.800003051758 203 207.899993896484 211.800003051758 216.399993896484 212.100006103516 212.399993896484 210.199996948242 206.300003051758 211.100006103516 214.5 218.399993896484 224.100006103516 228.100006103516 233.600006103516 246.199996948242 249.800003051758
386.5 371.600006103516 383.899993896484 365.100006103516 351.700012207031 346.799987792969 343.399993896484 329.600006103516 313.200012207031 300.299987792969 229.800003051758 186.600006103516 165.300003051758 158 160.800003051758 149.399993896484 141.899993896484 159 168.899993896484 149.300003051758 121.599998474121 148.800003051758 183.300003051758 190.699996948242 163.800003051758 183.100006103516 196.399993896484 195 198.300003051758 204.399993896484 206.199996948242 199.5 192.100006103516 192 190.600006103516 191.300003051758 195.199996948242 195.800003051758 194.600006103516 194.899993896484 199.800003051758 196.800003051758 200.100006103516 202.899993896484 204 198.699996948242 202.600006103516 206.800003051758 209.800003051758 215.100006103516 220.100006103516 223.699996948242 227.399993896484 234.600006103516
382.799987792969 377.5 375.799987792969 369 362.399993896484 364.799987792969 346.200012207031 329 314.399993896484 297.299987792969 237.399993896484 202.800003051758 175.399993896484 154.800003051758 149.300003051758 145.300003051758 157.300003051758 148.899993896484 137.5 142.399993896484 161.5 171.699996948242 168.600006103516 185.899993896484 149.100006103516 160.699996948242 188.800003051758 194.399993896484 198.100006103516 203.800003051758 199.600006103516 198.800003051758 188 187.100006103516 184.699996948242 183.300003051758 186.100006103516 187.600006103516 186.300003051758 187.600006103516 196.699996948242 196.100006103516 201.899993896484 197.100006103516 198.300003051758 191.399993896484 193.300003051758 197 199.800003051758 208.600006103516 209.199996948242 212.699996948242 216.300003051758 216.100006103516
380.200012207031 369.200012207031 359.100006103516 355.600006103516 358.700012207031 356.200012207031 341.600006103516 330.299987792969 302.100006103516 273.299987792969 227.600006103516 195.800003051758 163.800003051758 151 159.5 157.199996948242 136.600006103516 151.100006103516 166.300003051758 144.100006103516 137.100006103516 161.699996948242 169 169.399993896484 200.5 190.399993896484 175.899993896484 185.899993896484 196.300003051758 203.100006103516 199 194.600006103516 191 187 181.899993896484 177.899993896484 178.800003051758 180.100006103516 182.300003051758 180.699996948242 180.600006103516 187.5 190.800003051758 187.399993896484 191.5 189.5 186.5 190.899993896484 197.800003051758 210.899993896484 211.399993896484 205 207.199996948242 208.899993896484
370.799987792969 359.899993896484 353.299987792969 346.600006103516 334.299987792969 326.200012207031 321.299987792969 321.799987792969 283.5 270.399993896484 248.699996948242 191.300003051758 171.600006103516 169.699996948242 150.399993896484 158.800003051758 135.600006103516 138.800003051758 135.600006103516 126.199996948242 131.399993896484 130.399993896484 130.5 142.199996948242 183.899993896484 183 182.800003051758 187.100006103516 187.399993896484 191.899993896484 193 192.899993896484 188.600006103516 181.800003051758 175.800003051758 173.399993896484 172.300003051758 172.399993896484 174.800003051758 175.300003051758 173.100006103516 179.199996948242 180.399993896484 180.800003051758 185.100006103516 184.100006103516 181.199996948242 184.100006103516 196.300003051758 201.600006103516 206.399993896484 203.800003051758 201.899993896484 204.399993896484
367.899993896484 360.399993896484 349.200012207031 339.899993896484 325.399993896484 319.899993896484 317 301.600006103516 287.899993896484 268.299987792969 242.199996948242 192.899993896484 172.800003051758 179.600006103516 158.100006103516 145.800003051758 145.300003051758 141.899993896484 139.800003051758 131.899993896484 127.800003051758 120.599998474121 129.100006103516 127.699996948242 171.100006103516 175.600006103516 181.300003051758 180.300003051758 188.5 191.899993896484 190.300003051758 186.699996948242 181.600006103516 175.800003051758 170.600006103516 169.800003051758 167.899993896484 167.5 166.300003051758 166.300003051758 166.600006103516 166.300003051758 180.100006103516 176.300003051758 177.300003051758 180.300003051758 175.5 177.600006103516 191.399993896484 191.899993896484 196.800003051758 200.399993896484 200.300003051758 202.399993896484
363.5 362.299987792969 351.5 338.600006103516 323.899993896484 312.299987792969 306 295.200012207031 273.799987792969 256 224.5 199.699996948242 181.399993896484 169.300003051758 158.600006103516 151.399993896484 143.800003051758 145.699996948242 130.899993896484 126.099998474121 122.099998474121 121.5 123.599998474121 146.399993896484 177 173.100006103516 177.600006103516 177.899993896484 185.800003051758 186.899993896484 185.800003051758 177.800003051758 172.399993896484 169.800003051758 167.899993896484 166.399993896484 166.100006103516 163.399993896484 160.699996948242 160.199996948242 158.899993896484 159.699996948242 168.800003051758 168.399993896484 173.899993896484 171.300003051758 170.800003051758 175.600006103516 184 193.5 196.5 194.300003051758 196.600006103516 198.800003051758
366.200012207031 354.5 343.899993896484 339.100006103516 321.799987792969 306.600006103516 300.299987792969 285.100006103516 267.899993896484 248.600006103516 225.399993896484 201.899993896484 187.100006103516 174.899993896484 165.800003051758 160 153.800003051758 163.899993896484 140.800003051758 125.599998474121 133.300003051758 124.800003051758 132.100006103516 163.800003051758 174.5 171 173.300003051758 172.699996948242 182.600006103516 183.100006103516 181.600006103516 171.5 170.899993896484 169.800003051758 166.199996948242 165 163.300003051758 160.300003051758 157.399993896484 155.800003051758 155.399993896484 154.100006103516 156.800003051758 158.600006103516 166.300003051758 169.600006103516 172.300003051758 173.800003051758 176.100006103516 187.899993896484 194.800003051758 191.899993896484 193.800003051758 197.699996948242
363.600006103516 352.5 338 323.799987792969 309.899993896484 300.700012207031 293 276.899993896484 257.600006103516 240.800003051758 223.100006103516 203.399993896484 190.199996948242 183.600006103516 174.600006103516 165.699996948242 157 160.100006103516 158.100006103516 154.300003051758 143.100006103516 141.300003051758 163.600006103516 173.399993896484 169.399993896484 170.300003051758 169.899993896484 175.399993896484 178.899993896484 182.199996948242 179.100006103516 176.399993896484 171.600006103516 167.699996948242 165.600006103516 164 161.899993896484 158.600006103516 155.300003051758 152.800003051758 150.800003051758 148.600006103516 150.600006103516 153.300003051758 159.300003051758 171.399993896484 171.100006103516 175.600006103516 175.800003051758 180.899993896484 190.800003051758 193.899993896484 194.600006103516 195.100006103516
363.299987792969 347.399993896484 330.600006103516 311.5 294.399993896484 289.899993896484 279.5 266.799987792969 249.300003051758 237.600006103516 223 208.300003051758 199 187.699996948242 176.699996948242 169.5 165.300003051758 166.5 170.5 162.800003051758 157.399993896484 176.199996948242 179.800003051758 174.600006103516 170.100006103516 173 174.899993896484 176.399993896484 180.699996948242 180.800003051758 177.600006103516 177.300003051758 172.100006103516 167.300003051758 165.899993896484 165.800003051758 162.800003051758 159 154.600006103516 152.899993896484 149.899993896484 147.199996948242 150 152.5 155.899993896484 163 171.300003051758 174.5 176.699996948242 179.800003051758 185.300003051758 189.100006103516 190.399993896484 195.399993896484
354.200012207031 337.5 321.799987792969 304.299987792969 287.5 277.399993896484 271.200012207031 264.200012207031 245.899993896484 235.399993896484 222.300003051758 210.100006103516 203.899993896484 190.600006103516 178.600006103516 174.899993896484 167.100006103516 170.699996948242 175.800003051758 177.600006103516 183 184.399993896484 179.699996948242 176.800003051758 175.399993896484 174.600006103516 180.100006103516 181.699996948242 181.600006103516 183.800003051758 181.199996948242 179.399993896484 177 174.300003051758 175.5 168.300003051758 164.100006103516 160.600006103516 157.300003051758 155.100006103516 155.100006103516 154.399993896484 155.100006103516 155.399993896484 158 159.300003051758 166.100006103516 173.800003051758 176.600006103516 179.600006103516 185.199996948242 188.899993896484 190.600006103516 192.100006103516
342.700012207031 329.600006103516 315.299987792969 301.100006103516 284.399993896484 269.700012207031 265.899993896484 268.399993896484 259 231.699996948242 220.300003051758 212.5 204.800003051758 196.199996948242 184.600006103516 176.600006103516 176.399993896484 175.600006103516 179.800003051758 186.199996948242 189.399993896484 191.600006103516 183.600006103516 180.899993896484 181.600006103516 182.5 184.699996948242 186.899993896484 187.399993896484 189.399993896484 186 183.399993896484 182.800003051758 180.899993896484 174.399993896484 169.699996948242 167.199996948242 164.399993896484 161.699996948242 160.399993896484 158.899993896484 159.399993896484 161.399993896484 161.800003051758 165.199996948242 166.699996948242 167.600006103516 172.699996948242 175.699996948242 179.5 184.800003051758 187.899993896484 189 191
342.899993896484 329.200012207031 314.100006103516 293.100006103516 273.799987792969 270.799987792969 271.100006103516 269.600006103516 246.300003051758 233.199996948242 224.699996948242 217.899993896484 209.199996948242 203 195.300003051758 185.899993896484 184.899993896484 181.300003051758 188.899993896484 192.5 195.300003051758 198.899993896484 195.300003051758 194.100006103516 193 189.300003051758 191.399993896484 192.100006103516 195.800003051758 197.300003051758 192.300003051758 189.100006103516 186.100006103516 185.100006103516 180.5 175.600006103516 172.600006103516 170.300003051758 168.100006103516 165.300003051758 164.600006103516 164.100006103516 168.399993896484 170.100006103516 170.399993896484 170 168.600006103516 174.899993896484 179.100006103516 183 188.199996948242 189.300003051758 190.699996948242 192
346.600006103516 330.799987792969 300.899993896484 285.600006103516 270.200012207031 269.100006103516 264.600006103516 251.800003051758 242.800003051758 236.300003051758 229.399993896484 221.300003051758 217.899993896484 209.300003051758 201.100006103516 193.600006103516 188.399993896484 189.600006103516 189 192.199996948242 199.100006103516 200 205.399993896484 203.5 201.699996948242 199.300003051758 198.399993896484 200.800003051758 200.800003051758 199.600006103516 200 196.5 192.399993896484 192.399993896484 187.100006103516 182.100006103516 179.300003051758 176.899993896484 175.800003051758 173 171.5 172.600006103516 176.899993896484 176.600006103516 172.899993896484 174.600006103516 175.600006103516 179.600006103516 183.699996948242 186.100006103516 189.5 192.399993896484 194.300003051758 197.100006103516
352.899993896484 328.899993896484 302.200012207031 283.899993896484 275.399993896484 272.799987792969 259 250.899993896484 245.600006103516 242.300003051758 233.600006103516 226.899993896484 230.199996948242 218.300003051758 212.399993896484 200.100006103516 195.199996948242 192.100006103516 195.600006103516 202.100006103516 204 212.300003051758 211.899993896484 211.199996948242 212 210.300003051758 210.600006103516 211.300003051758 212.699996948242 211.100006103516 211.100006103516 208.100006103516 206.300003051758 202.100006103516 196.100006103516 190.899993896484 188.600006103516 186.399993896484 184.300003051758 184.600006103516 183.199996948242 181.199996948242 182.300003051758 184.5 179.600006103516 183.600006103516 184.199996948242 185.5 188.600006103516 191.300003051758 193.600006103516 196.600006103516 197.699996948242 199.600006103516
354.799987792969 330 301.600006103516 285.299987792969 279 271.200012207031 266.100006103516 257.100006103516 251.300003051758 248.100006103516 239.5 233.600006103516 234.800003051758 225 218.899993896484 207.399993896484 201.300003051758 204.300003051758 210.800003051758 214.199996948242 218.199996948242 224.5 221.800003051758 219.600006103516 217.5 221 218.199996948242 216 215.399993896484 212.300003051758 216.800003051758 217.5 214.399993896484 211.199996948242 207.100006103516 203 198.600006103516 196.399993896484 195.100006103516 194.699996948242 193.300003051758 192.800003051758 194.100006103516 194.399993896484 191.899993896484 192 193.800003051758 193.800003051758 194.100006103516 196.899993896484 199 200.300003051758 202.800003051758 201.899993896484
359.5 330.200012207031 303.899993896484 288.299987792969 283.100006103516 278.600006103516 271 269.100006103516 261.399993896484 255.800003051758 247.600006103516 245.100006103516 243.5 241.199996948242 225.899993896484 220.399993896484 221.300003051758 220.600006103516 227.899993896484 235.199996948242 238.199996948242 236.300003051758 231.5 232.5 232.100006103516 230.100006103516 230.399993896484 225.600006103516 222.399993896484 221.600006103516 222.899993896484 225.300003051758 225.699996948242 222.199996948242 215.899993896484 213.5 211 209.600006103516 208.300003051758 205.699996948242 206.199996948242 204.899993896484 204.800003051758 204.600006103516 202.800003051758 202.899993896484 203.199996948242 202.800003051758 203.899993896484 206 206.100006103516 205.800003051758 206.300003051758 205.600006103516
360 337.899993896484 319.899993896484 302.600006103516 294.700012207031 290.200012207031 279.399993896484 276.799987792969 273.399993896484 265.899993896484 260.899993896484 257.700012207031 256.600006103516 247.600006103516 240.300003051758 237.100006103516 237.300003051758 238.800003051758 243.699996948242 250.800003051758 250 247.800003051758 246.100006103516 243.800003051758 244.100006103516 243.100006103516 236.899993896484 234.100006103516 232.100006103516 234.399993896484 232.300003051758 231.100006103516 231.100006103516 229.899993896484 228.399993896484 224.300003051758 224.399993896484 222.699996948242 221.300003051758 220.5 219.800003051758 219.100006103516 217.5 215.600006103516 218.399993896484 216.300003051758 213.899993896484 213.5 214.199996948242 215.600006103516 213.199996948242 212.600006103516 211.899993896484 211
