data/layers/future_layer_mc_126_60/bio18.asc
NCOLS 494 
NROWS 529 
XLLCORNER -117.166666666667 
YLLCORNER -55.5 
CELLSIZE 0.166666666666667 
NODATA_value -3.4e+38 
[rows 456 to 479 of 529, columns 270 to 323 of 494]
209.800003051758 153.600006103516 130.899993896484 127.199996948242 88.5999984741211 65.5999984741211 51.5999984741211 47.9000015258789 37.2999992370605 31.3999996185303 29 23.3999996185303 21 21.7999992370605 22.1000003814697 21 21.2000007629395 25 26.8999996185303 24.6000003814697 27.2999992370605 29.7999992370605 30.3999996185303 32 34.0999984741211 34.5999984741211 35.0999984741211 35.5999984741211 37.5999984741211 38.0999984741211 39.5999984741211 40.5999984741211 41.0999984741211 41.7000007629395 41.0999984741211 42.0999984741211 44.0999984741211 45 45.5 46.0999984741211 47.2000007629395 47.2999992370605 -3.4e+38 -3.4e+38 -3.4e+38 -3.4e+38 -3.4e+38 -3.4e+38 -3.4e+38 -3.4e+38 -3.4e+38 -3.4e+38 -3.4e+38 -3.4e+38
219 175.699996948242 157.100006103516 119.099998474121 97 67.3000030517578 54 45.2000007629395 35.5999984741211 29.2999992370605 24.8999996185303 22.3999996185303 21 20.7000007629395 21.6000003814697 20 19.1000003814697 22 25.5 27.6000003814697 27.5 28.1000003814697 29.7000007629395 31.1000003814697 32.4000015258789 33.2999992370605 34.2999992370605 35 35.7999992370605 37.5999984741211 38 38.5999984741211 39.2999992370605 40.0999984741211 40.9000015258789 41.9000015258789 43.7999992370605 43.5999984741211 44.5 45.0999984741211 45 -3.4e+38 -3.4e+38 -3.4e+38 -3.4e+38 -3.4e+38 -3.4e+38 -3.4e+38 -3.4e+38 -3.4e+38 -3.4e+38 -3.4e+38 -3.4e+38 -3.4e+38
196.600006103516 156.100006103516 135.600006103516 96.3000030517578 82.5 68.4000015258789 51.2000007629395 41.0999984741211 32.5999984741211 26.2999992370605 22.7000007629395 20.8999996185303 18.8999996185303 19.1000003814697 21.3999996185303 19.8999996185303 19.2999992370605 21.5 23.8999996185303 27.2000007629395 27.7999992370605 28.7999992370605 28.7999992370605 29.7999992370605 31 31.6000003814697 33.2000007629395 35.0999984741211 36.2999992370605 36.5 37.5 37.5999984741211 38.2999992370605 39.0999984741211 40.2000007629395 40.9000015258789 41.9000015258789 42.4000015258789 42.7999992370605 43.5999984741211 43.7999992370605 -3.4e+38 -3.4e+38 -3.4e+38 -3.4e+38 -3.4e+38 -3.4e+38 -3.4e+38 -3.4e+38 -3.4e+38 -3.4e+38 -3.4e+38 -3.4e+38 -3.4e+38
183.300003051758 142.800003051758 118.800003051758 94.9000015258789 77.9000015258789 61.9000015258789 49.5999984741211 38.9000015258789 30.7999992370605 25 21.2999992370605 18.8999996185303 17.7999992370605 17.1000003814697 18.7000007629395 18.6000003814697 18.5 21.6000003814697 23.7000007629395 25.2999992370605 26.3999996185303 26.8999996185303 28 29.2000007629395 29.8999996185303 30.5 31.2999992370605 33.0999984741211 34.7999992370605 35.7000007629395 36.7000007629395 37.2000007629395 38.5999984741211 38.7999992370605 40 40.2000007629395 40.2000007629395 41.2999992370605 41.7000007629395 41.5 42.0999984741211 -3.4e+38 -3.4e+38 -3.4e+38 -3.4e+38 -3.4e+38 -3.4e+38 -3.4e+38 -3.4e+38 -3.4e+38 -3.4e+38 -3.4e+38 -3.4e+38 -3.4e+38
189.300003051758 155.899993896484 117 96.5999984741211 74.5 58.5999984741211 48 38.2999992370605 30.3999996185303 24.1000003814697 20 18 17.2999992370605 16 16.6000003814697 17.2999992370605 17.6000003814697 20.8999996185303 22.7999992370605 24.7999992370605 25.2999992370605 25 26.3999996185303 27.5 28.7000007629395 29.3999996185303 30.7999992370605 32.0999984741211 33.2999992370605 34.5 35.2999992370605 36.4000015258789 37.5999984741211 37.9000015258789 38.7000007629395 39.0999984741211 39.5 39.2999992370605 40.2000007629395 40.4000015258789 41.0999984741211 -3.4e+38 -3.4e+38 -3.4e+38 -3.4e+38 -3.4e+38 -3.4e+38 -3.4e+38 -3.4e+38 -3.4e+38 -3.4e+38 -3.4e+38 -3.4e+38 -3.4e+38
192 176.5 133.399993896484 104.900001525879 78.1999969482422 60.2999992370605 47.2999992370605 36.0999984741211 28.3999996185303 23.5 19.8999996185303 17.7000007629395 16.2000007629395 16.2000007629395 16.2999992370605 16.2000007629395 17 20.5 22.3999996185303 22.8999996185303 24.6000003814697 23.8999996185303 23.2999992370605 27.1000003814697 28.1000003814697 28.8999996185303 30.1000003814697 32.2000007629395 33 33.4000015258789 34.5 35.5999984741211 36.9000015258789 36.7999992370605 37.2000007629395 37.5 38.9000015258789 38.9000015258789 39.7000007629395 39.5 40.4000015258789 -3.4e+38 -3.4e+38 -3.4e+38 -3.4e+38 -3.4e+38 -3.4e+38 -3.4e+38 -3.4e+38 -3.4e+38 -3.4e+38 -3.4e+38 -3.4e+38 -3.4e+38
179.100006103516 139.800003051758 112.099998474121 93.5999984741211 73.4000015258789 57.5 45.7999992370605 35.9000015258789 30.3999996185303 26.3999996185303 22.2000007629395 19.1000003814697 17.5 17.2999992370605 18 16.7999992370605 17.2000007629395 19.7999992370605 22.2999992370605 23 22.8999996185303 21.7000007629395 24.2999992370605 27.3999996185303 28 29.6000003814697 30.3999996185303 32.2000007629395 33.0999984741211 33.2999992370605 33.5 35.7000007629395 36.0999984741211 35.5999984741211 37 37 37.9000015258789 38.2999992370605 39 39.2999992370605 39.5999984741211 -3.4e+38 -3.4e+38 -3.4e+38 -3.4e+38 -3.4e+38 -3.4e+38 -3.4e+38 -3.4e+38 -3.4e+38 -3.4e+38 -3.4e+38 -3.4e+38 -3.4e+38
172.399993896484 141.300003051758 123.099998474121 98.3000030517578 77.9000015258789 60.4000015258789 46.7999992370605 37.2000007629395 31.2999992370605 28.2999992370605 23.7999992370605 21.7999992370605 20.2000007629395 18.8999996185303 18.5 17.5 16.2000007629395 19.2000007629395 22.1000003814697 22.7999992370605 21.3999996185303 21.2999992370605 23.6000003814697 25 27.3999996185303 28.8999996185303 29.7000007629395 31.2000007629395 32.0999984741211 33.0999984741211 33.9000015258789 35.5 35.0999984741211 35.7999992370605 35.9000015258789 36.2999992370605 37 37.5999984741211 38.2999992370605 -3.4e+38 -3.4e+38 -3.4e+38 -3.4e+38 -3.4e+38 -3.4e+38 -3.4e+38 -3.4e+38 -3.4e+38 -3.4e+38 -3.4e+38 -3.4e+38 -3.4e+38 -3.4e+38 -3.4e+38
185.600006103516 144.899993896484 110.900001525879 88.0999984741211 70.9000015258789 56.4000015258789 44.2999992370605 37.5999984741211 34.4000015258789 29.8999996185303 25.6000003814697 23.2000007629395 21.2999992370605 19.7999992370605 17.3999996185303 16.2999992370605 16.5 21.2999992370605 21.7999992370605 22.3999996185303 23.2999992370605 24.2999992370605 24.7999992370605 26.7999992370605 27.6000003814697 28.6000003814697 29 31 31.8999996185303 32.7999992370605 34.2000007629395 34.7999992370605 35.0999984741211 35.7000007629395 36.2000007629395 36.2999992370605 36.5999984741211 37.7999992370605 37.0999984741211 -3.4e+38 -3.4e+38 -3.4e+38 -3.4e+38 -3.4e+38 -3.4e+38 -3.4e+38 -3.4e+38 -3.4e+38 -3.4e+38 -3.4e+38 -3.4e+38 -3.4e+38 -3.4e+38 -3.4e+38
178.5 134 106.199996948242 87.3000030517578 70.3000030517578 55.7999992370605 46.2000007629395 39.7999992370605 36.4000015258789 31.2000007629395 27 24.3999996185303 21.8999996185303 20.2999992370605 18.2999992370605 16.5 17.7999992370605 20.1000003814697 21.7999992370605 21.7999992370605 23.3999996185303 24.2999992370605 25.2999992370605 27.1000003814697 27.3999996185303 28.3999996185303 28.8999996185303 30.5 32 33.2000007629395 33.7999992370605 33.5999984741211 35.5999984741211 37.0999984741211 36.5999984741211 37.2999992370605 36.5999984741211 36.7999992370605 -3.4e+38 -3.4e+38 -3.4e+38 -3.4e+38 -3.4e+38 -3.4e+38 -3.4e+38 -3.4e+38 -3.4e+38 -3.4e+38 -3.4e+38 -3.4e+38 -3.4e+38 -3.4e+38 -3.4e+38 -3.4e+38
192.300003051758 141.899993896484 111.099998474121 85.4000015258789 67.6999969482422 56.2999992370605 48.9000015258789 42.5999984741211 36.5999984741211 31 28.1000003814697 25.5 23.2999992370605 21 19.6000003814697 17.7999992370605 18.2000007629395 19.2000007629395 22.2000007629395 21.7000007629395 21.6000003814697 23.8999996185303 24.8999996185303 26.3999996185303 26.8999996185303 27.3999996185303 29.6000003814697 32 33.2000007629395 32 33 35.2000007629395 36.0999984741211 37.0999984741211 -3.4e+38 -3.4e+38 -3.4e+38 -3.4e+38 -3.4e+38 -3.4e+38 -3.4e+38 -3.4e+38 -3.4e+38 -3.4e+38 -3.4e+38 -3.4e+38 -3.4e+38 -3.4e+38 -3.4e+38 -3.4e+38 -3.4e+38 -3.4e+38 -3.4e+38 -3.4e+38
173.699996948242 135.100006103516 119.400001525879 97.4000015258789 74.3000030517578 59.4000015258789 48.2999992370605 42.0999984741211 36.4000015258789 31.5 28.2000007629395 25.2999992370605 24.7999992370605 22.6000003814697 20.5 19.5 19.8999996185303 21.3999996185303 22.8999996185303 23.1000003814697 23.1000003814697 24.8999996185303 26.1000003814697 26.6000003814697 27 28.2999992370605 30.7999992370605 32.2999992370605 33 31.3999996185303 34.9000015258789 -3.4e+38 -3.4e+38 -3.4e+38 -3.4e+38 -3.4e+38 -3.4e+38 -3.4e+38 -3.4e+38 -3.4e+38 -3.4e+38 -3.4e+38 -3.4e+38 -3.4e+38 -3.4e+38 -3.4e+38 -3.4e+38 -3.4e+38 -3.4e+38 -3.4e+38 -3.4e+38 -3.4e+38 -3.4e+38 -3.4e+38
161.600006103516 131.699996948242 98 83.0999984741211 71.0999984741211 57.0999984741211 47 41.7000007629395 36.9000015258789 32.4000015258789 29.7999992370605 27.2000007629395 25.1000003814697 24.6000003814697 21.8999996185303 21.1000003814697 20.5 21.7999992370605 23.2000007629395 23.8999996185303 24.5 25.7999992370605 26 26.5 27.6000003814697 29.7999992370605 30.6000003814697 31.3999996185303 31.3999996185303 34.5999984741211 -3.4e+38 -3.4e+38 -3.4e+38 -3.4e+38 -3.4e+38 -3.4e+38 -3.4e+38 -3.4e+38 -3.4e+38 -3.4e+38 -3.4e+38 -3.4e+38 -3.4e+38 -3.4e+38 -3.4e+38 -3.4e+38 -3.4e+38 -3.4e+38 -3.4e+38 -3.4e+38 -3.4e+38 -3.4e+38 -3.4e+38 -3.4e+38
175.600006103516 130.600006103516 102.400001525879 83.8000030517578 69.3000030517578 55 46 41.0999984741211 36.7999992370605 33 30.2999992370605 28.2999992370605 26.1000003814697 25.6000003814697 24.2999992370605 22.2999992370605 20.8999996185303 22.3999996185303 23.8999996185303 23.8999996185303 24.3999996185303 25.7999992370605 25.8999996185303 26.3999996185303 27.7999992370605 27.7000007629395 29.1000003814697 30.2000007629395 34.0999984741211 -3.4e+38 -3.4e+38 -3.4e+38 -3.4e+38 -3.4e+38 -3.4e+38 -3.4e+38 -3.4e+38 -3.4e+38 -3.4e+38 -3.4e+38 -3.4e+38 -3.4e+38 -3.4e+38 -3.4e+38 -3.4e+38 -3.4e+38 -3.4e+38 -3.4e+38 -3.4e+38 -3.4e+38 -3.4e+38 -3.4e+38 -3.4e+38 -3.4e+38
159.600006103516 118.900001525879 90.0999984741211 70.8000030517578 55.9000015258789 46.2000007629395 42.9000015258789 39.0999984741211 35.0999984741211 32.5 30.7000007629395 29.2000007629395 28.1000003814697 27 25.3999996185303 23.6000003814697 21.7999992370605 23.3999996185303 24 24.2999992370605 24.1000003814697 25.1000003814697 25.7000007629395 25.8999996185303 26.7999992370605 27 30.2000007629395 35.5999984741211 -3.4e+38 -3.4e+38 -3.4e+38 -3.4e+38 -3.4e+38 -3.4e+38 -3.4e+38 -3.4e+38 -3.4e+38 -3.4e+38 -3.4e+38 -3.4e+38 -3.4e+38 -3.4e+38 -3.4e+38 -3.4e+38 -3.4e+38 -3.4e+38 -3.4e+38 -3.4e+38 -3.4e+38 -3.4e+38 -3.4e+38 -3.4e+38 -3.4e+38 -3.4e+38
122.5 98.5 80.0999984741211 63.7999992370605 50.2999992370605 44.4000015258789 39 33.9000015258789 32.2000007629395 30.7999992370605 30 29.2999992370605 28.7999992370605 28 27.8999996185303 26.2000007629395 26.7999992370605 24.6000003814697 24.2999992370605 24.6000003814697 24.5 24.2999992370605 24.3999996185303 25.1000003814697 26.1000003814697 27.8999996185303 32.4000015258789 -3.4e+38 -3.4e+38 -3.4e+38 -3.4e+38 -3.4e+38 -3.4e+38 -3.4e+38 -3.4e+38 -3.4e+38 -3.4e+38 -3.4e+38 -3.4e+38 -3.4e+38 -3.4e+38 -3.4e+38 -3.4e+38 -3.4e+38 -3.4e+38 -3.4e+38 -3.4e+38 -3.4e+38 -3.4e+38 -3.4e+38 -3.4e+38 -3.4e+38 -3.4e+38 -3.4e+38
108.900001525879 92.5999984741211 68.5 56.5999984741211 47.4000015258789 39.7999992370605 33.2999992370605 30.6000003814697 28.8999996185303 28.7000007629395 28.8999996185303 29.5 29.7999992370605 30.3999996185303 29.2000007629395 29.6000003814697 28.7000007629395 26.3999996185303 25.6000003814697 24.5 23.6000003814697 23.6000003814697 24.3999996185303 26.1000003814697 29.2000007629395 31.2999992370605 34.4000015258789 -3.4e+38 -3.4e+38 -3.4e+38 -3.4e+38 -3.4e+38 -3.4e+38 -3.4e+38 -3.4e+38 -3.4e+38 -3.4e+38 -3.4e+38 -3.4e+38 -3.4e+38 -3.4e+38 -3.4e+38 -3.4e+38 -3.4e+38 -3.4e+38 -3.4e+38 -3.4e+38 -3.4e+38 -3.4e+38 -3.4e+38 -3.4e+38 -3.4e+38 -3.4e+38 -3.4e+38
91.8000030517578 75.3000030517578 56.0999984741211 45.4000015258789 37.9000015258789 33.7000007629395 30.3999996185303 27.8999996185303 26.8999996185303 27.2000007629395 28.3999996185303 29.8999996185303 31.3999996185303 31.6000003814697 30.6000003814697 31.7999992370605 31.5 29.2999992370605 26.8999996185303 23.7999992370605 23.2000007629395 25 26.2999992370605 28.6000003814697 30.8999996185303 32.5999984741211 34.7999992370605 -3.4e+38 -3.4e+38 -3.4e+38 -3.4e+38 -3.4e+38 -3.4e+38 -3.4e+38 -3.4e+38 -3.4e+38 -3.4e+38 -3.4e+38 -3.4e+38 -3.4e+38 -3.4e+38 -3.4e+38 -3.4e+38 -3.4e+38 -3.4e+38 -3.4e+38 -3.4e+38 -3.4e+38 -3.4e+38 -3.4e+38 -3.4e+38 -3.4e+38 -3.4e+38 -3.4e+38
82 60.4000015258789 45.7999992370605 36.5999984741211 33.0999984741211 29.8999996185303 27.6000003814697 26.8999996185303 26.7999992370605 28.1000003814697 29.3999996185303 32.7999992370605 35.0999984741211 35.4000015258789 35.7999992370605 35.5999984741211 34.4000015258789 31.8999996185303 28.1000003814697 24.6000003814697 24.6000003814697 26.2999992370605 28.2999992370605 28.8999996185303 29.5 31.1000003814697 32.5999984741211 -3.4e+38 -3.4e+38 -3.4e+38 -3.4e+38 -3.4e+38 -3.4e+38 -3.4e+38 -3.4e+38 -3.4e+38 -3.4e+38 -3.4e+38 -3.4e+38 -3.4e+38 -3.4e+38 -3.4e+38 -3.4e+38 -3.4e+38 -3.4e+38 -3.4e+38 -3.4e+38 -3.4e+38 -3.4e+38 -3.4e+38 -3.4e+38 -3.4e+38 -3.4e+38 -3.4e+38
78.6999969482422 58.2000007629395 39.5999984741211 28.6000003814697 27.7999992370605 27.2000007629395 26.1000003814697 26.3999996185303 27.2999992370605 28.1000003814697 30.8999996185303 34.9000015258789 39.2000007629395 43.2000007629395 44 45.2999992370605 45.9000015258789 39.0999984741211 32 27.3999996185303 26.7000007629395 26.8999996185303 27.8999996185303 28.5 30.1000003814697 31.2999992370605 31.8999996185303 33.9000015258789 -3.4e+38 -3.4e+38 -3.4e+38 -3.4e+38 -3.4e+38 -3.4e+38 -3.4e+38 -3.4e+38 -3.4e+38 -3.4e+38 -3.4e+38 -3.4e+38 -3.4e+38 -3.4e+38 -3.4e+38 -3.4e+38 -3.4e+38 -3.4e+38 -3.4e+38 -3.4e+38 -3.4e+38 -3.4e+38 -3.4e+38 -3.4e+38 -3.4e+38 -3.4e+38
87.9000015258789 58.9000015258789 44.0999984741211 39.0999984741211 34.0999984741211 29.6000003814697 27.5 25.6000003814697 26.5 27.7999992370605 30.6000003814697 33.5999984741211 36.7999992370605 43.9000015258789 48.0999984741211 56.7000007629395 53 43.7000007629395 36.4000015258789 32.0999984741211 30.7000007629395 30.5 30.7000007629395 31.1000003814697 31.1000003814697 32.5999984741211 32.9000015258789 33.7000007629395 34.7999992370605 35.5999984741211 -3.4e+38 -3.4e+38 -3.4e+38 -3.4e+38 -3.4e+38 -3.4e+38 -3.4e+38 -3.4e+38 -3.4e+38 -3.4e+38 -3.4e+38 -3.4e+38 -3.4e+38 -3.4e+38 -3.4e+38 -3.4e+38 -3.4e+38 -3.4e+38 -3.4e+38 -3.4e+38 -3.4e+38 -3.4e+38 -3.4e+38 -3.4e+38
82.4000015258789 65.6999969482422 58.2999992370605 45.2000007629395 36.7999992370605 32.5 28.6000003814697 26.6000003814697 27.2000007629395 29.3999996185303 30.8999996185303 30.8999996185303 33.2999992370605 39.0999984741211 43.5999984741211 45.0999984741211 37.7999992370605 34.4000015258789 34.5999984741211 34.7999992370605 32.5999984741211 32.0999984741211 31.3999996185303 32.0999984741211 33.9000015258789 33.2999992370605 33.4000015258789 34.7999992370605 34.7999992370605 35.0999984741211 34.7000007629395 -3.4e+38 -3.4e+38 -3.4e+38 -3.4e+38 -3.4e+38 -3.4e+38 -3.4e+38 -3.4e+38 -3.4e+38 -3.4e+38 -3.4e+38 -3.4e+38 -3.4e+38 -3.4e+38 -3.4e+38 -3.4e+38 -3.4e+38 -3.4e+38 -3.4e+38 -3.4e+38 -3.4e+38 -3.4e+38 -3.4e+38
70.8000030517578 64.3000030517578 57.2999992370605 47.0999984741211 36.7000007629395 30.6000003814697 27.6000003814697 26.2999992370605 27.8999996185303 28.6000003814697 30.1000003814697 30.2000007629395 31.2000007629395 35.5999984741211 39.7999992370605 39.7000007629395 35.7999992370605 32.9000015258789 35.0999984741211 35.4000015258789 33.7000007629395 34.2999992370605 34.7999992370605 33.4000015258789 33.7999992370605 35.2000007629395 36 36.5 36.9000015258789 36.0999984741211 36.0999984741211 35.2000007629395 36.7999992370605 -3.4e+38 -3.4e+38 -3.4e+38 -3.4e+38 -3.4e+38 -3.4e+38 -3.4e+38 -3.4e+38 -3.4e+38 -3.4e+38 -3.4e+38 -3.4e+38 -3.4e+38 -3.4e+38 -3.4e+38 -3.4e+38 -3.4e+38 -3.4e+38 -3.4e+38 -3.4e+38 -3.4e+38
59.9000015258789 44.4000015258789 35 28.7999992370605 26.7999992370605 25.8999996185303 25.2999992370605 25.2000007629395 26.2999992370605 28.1000003814697 28.8999996185303 29.8999996185303 31.2000007629395 35.2999992370605 38.2000007629395 37.5999984741211 37.0999984741211 36.7999992370605 34.5999984741211 33.0999984741211 36.5999984741211 38.2000007629395 37.9000015258789 36 34.2999992370605 36.7000007629395 36.4000015258789 36.9000015258789 36.9000015258789 38.0999984741211 37.5999984741211 37.0999984741211 37.2999992370605 37.4000015258789 36.7999992370605 34.9000015258789 33.7000007629395 32.4000015258789 -3.4e+38 -3.4e+38 -3.4e+38 -3.4e+38 -3.4e+38 -3.4e+38 -3.4e+38 -3.4e+38 -3.4e+38 -3.4e+38 -3.4e+38 -3.4e+38 -3.4e+38 -3.4e+38 -3.4e+38 -3.4e+38
