data/layers/future_layer_mc_126_60/bio18.asc
NCOLS 494 
NROWS 529 
XLLCORNER -117.166666666667 
YLLCORNER -55.5 
CELLSIZE 0.166666666666667 
NODATA_value -3.4e+38 
[rows 216 to 239 of 529, columns 270 to 323 of 494]
606.099975585938 602.900024414062 600.799987792969 595 593.799987792969 595.299987792969 595.400024414062 598.900024414062 603.900024414062 608.299987792969 609.799987792969 608.799987792969 602.599975585938 588 566.599975585938 540.799987792969 516.799987792969 513.5 542.400024414062 560.900024414062 571.400024414062 578.599975585938 574.599975585938 566.299987792969 556.799987792969 551.900024414062 556.700012207031 564.900024414062 576.799987792969 590.299987792969 599.400024414062 605.900024414062 603.099975585938 599.299987792969 588.900024414062 607.5 516.599975585938 582.900024414062 517.799987792969 507.299987792969 491 492.899993896484 492.799987792969 468.299987792969 458.100006103516 441.299987792969 421.799987792969 404.399993896484 401.299987792969 433.299987792969 383.899993896484 361.600006103516 406 547.099975585938
598.099975585938 593.700012207031 585.599975585938 584.400024414062 584.700012207031 586.599975585938 587.099975585938 589.799987792969 596.299987792969 602.400024414062 608.299987792969 611.799987792969 606.599975585938 589.700012207031 563.799987792969 477.100006103516 471.600006103516 487.100006103516 515 533.799987792969 547.799987792969 557.099975585938 559.400024414062 558.400024414062 554.700012207031 553.5 556.299987792969 560.900024414062 570.400024414062 580.599975585938 587.099975585938 594.799987792969 601.5 607.299987792969 612.900024414062 572.299987792969 527.900024414062 548.900024414062 574.5 477.299987792969 462.100006103516 453.100006103516 445.200012207031 436.799987792969 426.100006103516 412.299987792969 393.299987792969 376.200012207031 358.299987792969 349.899993896484 350.600006103516 338.600006103516 345.399993896484 370.299987792969
591.700012207031 586.599975585938 579.400024414062 575.799987792969 573.099975585938 573.799987792969 575 579.700012207031 586.900024414062 595.400024414062 604.900024414062 615 618.400024414062 605.400024414062 567.799987792969 522 486.299987792969 498 510.799987792969 522.400024414062 535.900024414062 543.400024414062 548.599975585938 552.700012207031 553.5 552.799987792969 554.799987792969 557.099975585938 563.5 571 577.900024414062 582.5 589 587 584.900024414062 534.099975585938 557.099975585938 544.099975585938 560.200012207031 451.100006103516 445.299987792969 422.299987792969 414.299987792969 408.299987792969 399.5 386.600006103516 372.799987792969 355.399993896484 334 315.700012207031 307.299987792969 316.100006103516 331.200012207031 474.700012207031
585.599975585938 579.799987792969 573 566.799987792969 565.5 561.200012207031 561 564.900024414062 573.299987792969 585.900024414062 601 616.799987792969 634.900024414062 629.599975585938 594.700012207031 552.799987792969 521.900024414062 513.099975585938 517.599975585938 522.900024414062 533.400024414062 539.5 544.700012207031 549.299987792969 551.099975585938 553.299987792969 552.400024414062 552.5 557.799987792969 562.799987792969 567.799987792969 571.900024414062 574 540.700012207031 557.400024414062 541.799987792969 569 520.099975585938 512.5 447.399993896484 426.299987792969 392.100006103516 385.100006103516 380.600006103516 375.899993896484 367.200012207031 356.600006103516 341.600006103516 325.100006103516 304.600006103516 292.399993896484 307.299987792969 323.299987792969 356.700012207031
580.599975585938 573.799987792969 565.700012207031 560 555.400024414062 550.799987792969 548.200012207031 549.400024414062 559.099975585938 575.599975585938 593.5 614.900024414062 644.5 661.200012207031 606.200012207031 562.599975585938 536.400024414062 527.900024414062 524.599975585938 529.799987792969 535.799987792969 541.099975585938 544.799987792969 548.5 550.299987792969 551.799987792969 551.400024414062 550.799987792969 552 554.599975585938 555.599975585938 559 560.299987792969 537.700012207031 512.599975585938 550.599975585938 483.399993896484 445.600006103516 489.299987792969 432.600006103516 380.5 367.899993896484 361.399993896484 360.200012207031 358.700012207031 354.200012207031 346.899993896484 337.100006103516 324.399993896484 311.200012207031 303.700012207031 311.399993896484 323.799987792969 338.899993896484
575.799987792969 567.700012207031 560 555.799987792969 548.599975585938 541.099975585938 533.5 530.400024414062 540.799987792969 556.700012207031 573.200012207031 588.400024414062 607.099975585938 622.099975585938 581.400024414062 555.400024414062 543.799987792969 538.599975585938 536.299987792969 539.599975585938 541.900024414062 544.299987792969 548.400024414062 551.799987792969 552.400024414062 551.700012207031 549.799987792969 548.5 546.799987792969 547.299987792969 545.900024414062 546.599975585938 546.400024414062 543.299987792969 510 523.299987792969 501.299987792969 482.700012207031 489.600006103516 452.399993896484 375.100006103516 343.600006103516 343.100006103516 346.899993896484 348.899993896484 346.799987792969 344.100006103516 338.799987792969 330.600006103516 321.399993896484 319.100006103516 323.399993896484 330.100006103516 411.899993896484
572.599975585938 564.299987792969 555.400024414062 550.900024414062 542.900024414062 533.599975585938 523.799987792969 518.200012207031 530.400024414062 544.599975585938 555 558.900024414062 557.099975585938 560.099975585938 557.900024414062 551.799987792969 550.099975585938 547.799987792969 547.799987792969 550.5 550.299987792969 550.099975585938 552.400024414062 554.200012207031 553.799987792969 550.599975585938 550 547.400024414062 543.099975585938 539 537.799987792969 535.299987792969 531.900024414062 527.200012207031 524.799987792969 521.400024414062 514.799987792969 503.700012207031 469.299987792969 434 371.399993896484 372.299987792969 384.700012207031 342.299987792969 344.899993896484 347.799987792969 347.799987792969 343.299987792969 338.700012207031 336.299987792969 335.799987792969 336.899993896484 340.100006103516 345.899993896484
572.599975585938 563.200012207031 555.5 549.5 542.400024414062 536.299987792969 528.900024414062 526.400024414062 531.200012207031 537.599975585938 543.799987792969 545.599975585938 546.599975585938 550.299987792969 553.400024414062 554.599975585938 555.900024414062 556.5 558.900024414062 559.799987792969 559.099975585938 557.400024414062 557.700012207031 557.299987792969 555.299987792969 553.599975585938 549.799987792969 545.5 539.5 534.799987792969 529.400024414062 524 518.5 515.099975585938 511.899993896484 508.899993896484 503.5 494.399993896484 485.100006103516 457.799987792969 447.399993896484 453.700012207031 453.399993896484 409.899993896484 371.100006103516 351.600006103516 353.299987792969 354.299987792969 354.799987792969 353.600006103516 351.100006103516 350.299987792969 350.399993896484 350.200012207031
572.299987792969 566.400024414062 558.400024414062 552.400024414062 546.400024414062 540.299987792969 535.799987792969 532.599975585938 534.799987792969 539.299987792969 541.599975585938 543 547.299987792969 551.900024414062 556.299987792969 559.400024414062 563.400024414062 566.299987792969 569.200012207031 570.900024414062 568.900024414062 565.5 562.400024414062 560.299987792969 557.900024414062 554 548.700012207031 543.400024414062 538.299987792969 534.099975585938 526.099975585938 516.400024414062 507.100006103516 505.399993896484 495.200012207031 499.799987792969 495.600006103516 475.200012207031 452.700012207031 468.399993896484 441.899993896484 436.399993896484 370.299987792969 351.799987792969 379.700012207031 376 380.399993896484 368.600006103516 370.799987792969 369.700012207031 363.899993896484 360.5 357.600006103516 379.899993896484
576.799987792969 571 562.400024414062 556.099975585938 552.799987792969 547.200012207031 542.299987792969 541.099975585938 543.099975585938 544.799987792969 544.700012207031 548.099975585938 552.200012207031 556.700012207031 561.700012207031 567.099975585938 573.5 577.900024414062 582.5 584.400024414062 578.799987792969 573.799987792969 570.599975585938 565.400024414062 558.599975585938 554.099975585938 547.400024414062 540.400024414062 537.299987792969 532.700012207031 528.900024414062 522.299987792969 507.399993896484 503.299987792969 498.799987792969 494 483.600006103516 488.899993896484 477.799987792969 484.399993896484 473.899993896484 387.600006103516 356.5 358.700012207031 378.600006103516 368.399993896484 374.299987792969 379.5 384.899993896484 394.399993896484 377.5 370.5 372.899993896484 361
583.099975585938 575.799987792969 568.599975585938 564.799987792969 562.599975585938 556.799987792969 553.400024414062 551.900024414062 551.700012207031 551.799987792969 553.799987792969 555.799987792969 560.099975585938 564.099975585938 569.299987792969 577.099975585938 584.099975585938 591.400024414062 597.799987792969 597.900024414062 591.099975585938 584.400024414062 577.299987792969 569.400024414062 562.900024414062 555.799987792969 548.400024414062 541.400024414062 536.799987792969 532.799987792969 529.200012207031 521.5 513.599975585938 506.399993896484 496.799987792969 491 483.399993896484 493.399993896484 494.299987792969 494.600006103516 470.799987792969 397.5 372.700012207031 367.200012207031 387.399993896484 403.299987792969 381.899993896484 388.399993896484 398.899993896484 399.799987792969 388 376.200012207031 367.200012207031 385.200012207031
587.700012207031 583.299987792969 577.900024414062 574.400024414062 571 566.299987792969 564.099975585938 561.900024414062 560.799987792969 561.700012207031 561.599975585938 562.900024414062 567.099975585938 572.099975585938 577.599975585938 585.599975585938 593 600.799987792969 611.099975585938 611.799987792969 603.099975585938 592.5 582.299987792969 572.900024414062 565.099975585938 557.099975585938 550.5 543.599975585938 537.799987792969 532.299987792969 528.299987792969 522.700012207031 518.099975585938 512.200012207031 503.399993896484 498.5 499.899993896484 502.200012207031 503.799987792969 506.899993896484 483.899993896484 426.600006103516 384.799987792969 413.600006103516 432.5 382.799987792969 386.899993896484 391.299987792969 417.200012207031 396.700012207031 386.399993896484 377.299987792969 368.600006103516 360.5
593.799987792969 591.299987792969 586.799987792969 583.299987792969 579.5 576.200012207031 572.900024414062 571.700012207031 570.799987792969 570.5 568.900024414062 570.400024414062 574.299987792969 578.599975585938 584.099975585938 590 596.900024414062 607.900024414062 619.700012207031 619 607.5 596.900024414062 585.700012207031 575.400024414062 566.900024414062 558.5 551 543.299987792969 536.400024414062 533.299987792969 530.400024414062 525.299987792969 520.700012207031 517.200012207031 512.299987792969 509.899993896484 512.099975585938 513.599975585938 507 521.299987792969 515.400024414062 456.899993896484 440.399993896484 397.100006103516 398.100006103516 448.899993896484 404.600006103516 424.5 436.399993896484 385.899993896484 397.899993896484 398.899993896484 364.5 364.399993896484
601.599975585938 599.099975585938 595.799987792969 592.799987792969 589 586.200012207031 584.200012207031 582.5 580.299987792969 577.900024414062 575.400024414062 577.099975585938 579.900024414062 582.799987792969 585.400024414062 589.900024414062 597.299987792969 604.900024414062 612.299987792969 612.299987792969 604.400024414062 594.900024414062 584 575 566.900024414062 558.099975585938 548.299987792969 541.299987792969 536.400024414062 534.099975585938 530.599975585938 526.900024414062 523.799987792969 520.400024414062 518.799987792969 518.799987792969 520.599975585938 524.900024414062 529.799987792969 535.900024414062 541.799987792969 546.599975585938 547.200012207031 526.599975585938 476.200012207031 469.299987792969 416.799987792969 422.5 397.100006103516 439.799987792969 398 391.100006103516 374.5 375.799987792969
607.400024414062 607.5 606.099975585938 603.299987792969 598.299987792969 596.799987792969 593.299987792969 592.099975585938 587.599975585938 585.799987792969 583.099975585938 582.700012207031 583.599975585938 584.799987792969 585.900024414062 589.400024414062 593.299987792969 596.799987792969 600.799987792969 601.700012207031 596.200012207031 590.299987792969 580.799987792969 571.400024414062 564.200012207031 555.299987792969 545.400024414062 539.400024414062 534.900024414062 533.099975585938 530.299987792969 528.400024414062 525.799987792969 524.299987792969 525.099975585938 526.400024414062 530.599975585938 535.099975585938 540.700012207031 548.299987792969 557.099975585938 563.900024414062 566.900024414062 563.5 552.799987792969 529.299987792969 459.700012207031 469.299987792969 424.600006103516 431.5 407.700012207031 384.200012207031 351.5 347.399993896484
614 615.400024414062 613.799987792969 611.099975585938 607.400024414062 605 602.799987792969 600.099975585938 596.400024414062 592.099975585938 589.299987792969 586.799987792969 585.799987792969 584.400024414062 582.900024414062 583.900024414062 586.099975585938 589.400024414062 590.799987792969 590.299987792969 586.099975585938 583.599975585938 575.599975585938 567.700012207031 560.400024414062 551.400024414062 542.599975585938 536.799987792969 533.200012207031 530.299987792969 528.299987792969 528.799987792969 528.299987792969 528.700012207031 529.5 533.900024414062 539.200012207031 546.5 554.299987792969 563.900024414062 572.299987792969 580.799987792969 586.099975585938 582.900024414062 571.299987792969 511.399993896484 482.600006103516 470.100006103516 455.100006103516 377.100006103516 390.899993896484 421.299987792969 353.799987792969 357.700012207031
619.799987792969 622.5 621 618.400024414062 616 611.900024414062 608.400024414062 606.700012207031 602.799987792969 596.400024414062 594.099975585938 590.5 587.5 582.400024414062 579.400024414062 577.5 577.599975585938 578.599975585938 578.400024414062 578.799987792969 577.799987792969 575.599975585938 570.900024414062 563.799987792969 555.099975585938 545.099975585938 537.700012207031 532.400024414062 529.599975585938 527.200012207031 526.400024414062 527.900024414062 528.099975585938 530.400024414062 533.900024414062 539 546.299987792969 554.599975585938 564.200012207031 575.400024414062 586.799987792969 598.400024414062 608.5 608.799987792969 558.900024414062 523.400024414062 476.399993896484 451.100006103516 422.399993896484 424.399993896484 354.700012207031 339.899993896484 345.899993896484 341.799987792969
624.299987792969 629 629.400024414062 626.599975585938 623.400024414062 619.299987792969 612.799987792969 610.400024414062 606.599975585938 600.799987792969 596.599975585938 591.099975585938 586.5 579 574.099975585938 570.599975585938 567.400024414062 564.799987792969 564.099975585938 566.099975585938 568.200012207031 569.400024414062 564.900024414062 557.099975585938 545.900024414062 537.700012207031 531.099975585938 526.400024414062 524.5 523 523.900024414062 526.400024414062 527.900024414062 530.599975585938 535.299987792969 542.599975585938 549.799987792969 559.099975585938 570.799987792969 581.900024414062 596.799987792969 611.599975585938 627 635.700012207031 609.799987792969 548.5 494.600006103516 464.600006103516 356.299987792969 398.200012207031 385.100006103516 352.600006103516 356.5 327.600006103516
629.599975585938 635.299987792969 636.200012207031 634.5 629.099975585938 621.900024414062 615.099975585938 611.299987792969 607.400024414062 602.599975585938 598.099975585938 590.599975585938 582.599975585938 574.299987792969 567.599975585938 561.799987792969 555.5 550.299987792969 549.200012207031 552.299987792969 557.299987792969 562.799987792969 559.599975585938 549.099975585938 537.799987792969 529.099975585938 522.700012207031 518.900024414062 518.599975585938 518.5 519.599975585938 523.400024414062 527.299987792969 531.700012207031 536.900024414062 544.400024414062 553.599975585938 561.900024414062 573.400024414062 586.400024414062 599.900024414062 613.5 626.400024414062 633.400024414062 607.299987792969 566.099975585938 516.599975585938 414.299987792969 438.799987792969 374 341.100006103516 337.799987792969 326.399993896484 332.100006103516
633.700012207031 640.400024414062 642.099975585938 639 630.400024414062 619.400024414062 610.900024414062 606.900024414062 607 603.799987792969 597.099975585938 588.099975585938 577.299987792969 572.400024414062 560.900024414062 551.799987792969 544.299987792969 534.700012207031 531 537.099975585938 544.900024414062 549.599975585938 546.900024414062 536.799987792969 526.599975585938 518.5 512.400024414062 487.799987792969 476.600006103516 512.900024414062 516.299987792969 521.700012207031 526.5 531.400024414062 537.200012207031 544.700012207031 553.400024414062 562.799987792969 575.599975585938 586.799987792969 598.599975585938 609.400024414062 616.299987792969 611.900024414062 589.900024414062 544.900024414062 498.100006103516 441.899993896484 393.899993896484 389.799987792969 347.799987792969 324.799987792969 322.299987792969 319.100006103516
632.599975585938 643.900024414062 648.299987792969 642.599975585938 627.099975585938 611 599.400024414062 595.099975585938 600.5 601.200012207031 589.900024414062 578.400024414062 568.900024414062 562.5 552.5 546.200012207031 536.700012207031 528.5 525 528.200012207031 530.900024414062 531.599975585938 529.900024414062 522.200012207031 489.299987792969 482.399993896484 400.899993896484 453.799987792969 412.600006103516 462.100006103516 457.399993896484 475.5 504.100006103516 530 536.799987792969 544 552.099975585938 560.700012207031 571.200012207031 582.099975585938 591.900024414062 599.900024414062 602.400024414062 595.099975585938 576.799987792969 492.299987792969 490.700012207031 388.799987792969 361.299987792969 356.799987792969 345.399993896484 321.799987792969 319.100006103516 317.899993896484
623.799987792969 639.799987792969 652.900024414062 643.400024414062 616.5 590.900024414062 576.900024414062 573.099975585938 578.700012207031 580.299987792969 574.099975585938 566.700012207031 560.599975585938 554.599975585938 546.900024414062 540.900024414062 532.099975585938 524.599975585938 521.400024414062 520.099975585938 518.599975585938 517.099975585938 513.099975585938 472.100006103516 473.299987792969 356.600006103516 332.200012207031 321.799987792969 326.299987792969 325.200012207031 366.399993896484 418.799987792969 468.700012207031 518.099975585938 535.599975585938 541.299987792969 547.400024414062 556.900024414062 565.099975585938 575.200012207031 582.799987792969 589.299987792969 590.799987792969 583.799987792969 567.400024414062 545.400024414062 526.099975585938 509.600006103516 359.399993896484 322.299987792969 319.5 318.899993896484 317.700012207031 317.600006103516
606.900024414062 622.599975585938 641.799987792969 625.799987792969 589.400024414062 561.900024414062 544.299987792969 540.400024414062 547.400024414062 554.700012207031 556 553 548.799987792969 544.799987792969 540.099975585938 534.099975585938 528.900024414062 522.400024414062 517.400024414062 513 510.399993896484 505.600006103516 487.399993896484 457 349.600006103516 300.399993896484 296.100006103516 297.600006103516 304.600006103516 317.100006103516 330.100006103516 352.600006103516 359.600006103516 452.399993896484 531.700012207031 524.599975585938 540.900024414062 549.700012207031 558 567.400024414062 574.900024414062 580.900024414062 582.099975585938 576.099975585938 560.599975585938 543 525.400024414062 431.100006103516 344.799987792969 319.399993896484 316.600006103516 316.700012207031 316.100006103516 316
580 587 587.700012207031 573.900024414062 547.099975585938 524.900024414062 508.200012207031 506.799987792969 521.599975585938 532.400024414062 538.299987792969 541.099975585938 539.799987792969 537.299987792969 533.599975585938 528.900024414062 524 519.900024414062 515 509.299987792969 503.799987792969 496.399993896484 455.799987792969 392.299987792969 306.299987792969 286.5 282.100006103516 282.899993896484 292.5 309.799987792969 328.299987792969 342 361.399993896484 376.200012207031 474.600006103516 529.400024414062 533.200012207031 538.599975585938 547.900024414062 558.200012207031 567.599975585938 573.799987792969 575.700012207031 570.799987792969 560.799987792969 540.799987792969 523.200012207031 439.100006103516 341.899993896484 316.600006103516 313.799987792969 313.899993896484 314.299987792969 315
