data/layers/future_layer_mc_126_60/bio13.asc
NCOLS 494 
NROWS 529 
XLLCORNER -117.166666666667 
YLLCORNER -55.5 
CELLSIZE 0.166666666666667 
NODATA_value -3.4e+38 
[rows 168 to 191 of 529, columns 216 to 269 of 494]
-3.4e+38 -3.4e+38 -3.4e+38 -3.4e+38 -3.4e+38 -3.4e+38 -3.4e+38 -3.4e+38 -3.4e+38 -3.4e+38 -3.4e+38 -3.4e+38 -3.4e+38 -3.4e+38 -3.4e+38 -3.4e+38 -3.4e+38 -3.4e+38 -3.4e+38 -3.4e+38 -3.4e+38 -3.4e+38 -3.4e+38 782.900024414062 795.900024414062 760.900024414062 686 594.299987792969 411.299987792969 257.899993896484 241.899993896484 230.300003051758 264.399993896484 278.399993896484 228.600006103516 226.5 254.399993896484 290.299987792969 296.299987792969 288.600006103516 252.5 161.100006103516 169.300003051758 228.899993896484 254.899993896484 354 432.299987792969 529.5 495.399993896484 452 422.799987792969 448.799987792969 440 448.399993896484
-3.4e+38 -3.4e+38 -3.4e+38 -3.4e+38 -3.4e+38 -3.4e+38 -3.4e+38 -3.4e+38 -3.4e+38 -3.4e+38 -3.4e+38 -3.4e+38 -3.4e+38 -3.4e+38 -3.4e+38 -3.4e+38 -3.4e+38 -3.4e+38 -3.4e+38 -3.4e+38 -3.4e+38 -3.4e+38 -3.4e+38 826.400024414062 799.900024414062 755.5 656.400024414062 518.5 316.399993896484 253.899993896484 222.100006103516 232.800003051758 247.899993896484 246.899993896484 241.899993896484 250.199996948242 264.700012207031 280.200012207031 274.899993896484 284.799987792969 223.300003051758 173.100006103516 193.300003051758 211.899993896484 268.100006103516 359.100006103516 498.299987792969 501.399993896484 469.299987792969 431.799987792969 422.200012207031 438.799987792969 414.899993896484 415.299987792969
-3.4e+38 -3.4e+38 -3.4e+38 -3.4e+38 -3.4e+38 -3.4e+38 -3.4e+38 -3.4e+38 -3.4e+38 -3.4e+38 -3.4e+38 -3.4e+38 -3.4e+38 -3.4e+38 -3.4e+38 -3.4e+38 -3.4e+38 -3.4e+38 -3.4e+38 -3.4e+38 -3.4e+38 -3.4e+38 -3.4e+38 831.400024414062 804.599975585938 756.299987792969 616.599975585938 461.399993896484 278 234.800003051758 218.100006103516 249 251 215.800003051758 228.100006103516 252.800003051758 260.399993896484 258.5 264.799987792969 265.100006103516 238.600006103516 179.899993896484 216.699996948242 235.899993896484 318.899993896484 464.299987792969 485.100006103516 448.100006103516 451.700012207031 456.200012207031 446.5 442.799987792969 434.899993896484 445.899993896484
-3.4e+38 -3.4e+38 -3.4e+38 -3.4e+38 -3.4e+38 -3.4e+38 -3.4e+38 -3.4e+38 -3.4e+38 -3.4e+38 -3.4e+38 -3.4e+38 -3.4e+38 -3.4e+38 -3.4e+38 -3.4e+38 -3.4e+38 -3.4e+38 -3.4e+38 -3.4e+38 -3.4e+38 -3.4e+38 -3.4e+38 774.599975585938 815.900024414062 761.599975585938 522.799987792969 333.299987792969 255.800003051758 216.100006103516 230.300003051758 234.800003051758 207.600006103516 217.800003051758 243.800003051758 256.399993896484 249.800003051758 253.100006103516 274.299987792969 235.399993896484 183.800003051758 161.399993896484 261.600006103516 308.299987792969 448 459.100006103516 440.899993896484 425.299987792969 423.299987792969 447.600006103516 500.100006103516 478.299987792969 456.899993896484 441.799987792969
-3.4e+38 -3.4e+38 -3.4e+38 -3.4e+38 -3.4e+38 -3.4e+38 -3.4e+38 -3.4e+38 -3.4e+38 -3.4e+38 -3.4e+38 -3.4e+38 -3.4e+38 -3.4e+38 -3.4e+38 -3.4e+38 -3.4e+38 -3.4e+38 -3.4e+38 -3.4e+38 -3.4e+38 -3.4e+38 -3.4e+38 733.299987792969 716.599975585938 714.299987792969 486.899993896484 242.100006103516 223.600006103516 219.300003051758 245.5 234.100006103516 206.100006103516 220.5 235.800003051758 259.700012207031 271.899993896484 268.899993896484 258.100006103516 218.100006103516 179 177.5 241.899993896484 319.899993896484 524.700012207031 441.799987792969 401.600006103516 411.799987792969 432.5 475.899993896484 478.399993896484 478.899993896484 463.299987792969 454.899993896484
-3.4e+38 -3.4e+38 -3.4e+38 -3.4e+38 -3.4e+38 -3.4e+38 -3.4e+38 -3.4e+38 -3.4e+38 -3.4e+38 -3.4e+38 -3.4e+38 -3.4e+38 -3.4e+38 -3.4e+38 -3.4e+38 -3.4e+38 -3.4e+38 -3.4e+38 -3.4e+38 -3.4e+38 -3.4e+38 -3.4e+38 -3.4e+38 630.900024414062 569.900024414062 287.899993896484 222.199996948242 211.100006103516 213 238.800003051758 211.399993896484 196.300003051758 244.800003051758 252.100006103516 259.700012207031 283.899993896484 264.399993896484 239.899993896484 192.399993896484 144.399993896484 200.699996948242 232.100006103516 375 462.100006103516 412.899993896484 405.100006103516 403.600006103516 423.899993896484 455.700012207031 444.100006103516 410.799987792969 416.899993896484 418
-3.4e+38 -3.4e+38 -3.4e+38 -3.4e+38 -3.4e+38 -3.4e+38 -3.4e+38 -3.4e+38 -3.4e+38 -3.4e+38 -3.4e+38 -3.4e+38 -3.4e+38 -3.4e+38 -3.4e+38 -3.4e+38 -3.4e+38 -3.4e+38 -3.4e+38 -3.4e+38 -3.4e+38 -3.4e+38 -3.4e+38 -3.4e+38 627.299987792969 446.100006103516 256.299987792969 248.600006103516 212 206.399993896484 242 209.600006103516 225.399993896484 261.600006103516 253.899993896484 248.5 248.100006103516 238.399993896484 213 158.399993896484 162.300003051758 183.399993896484 287.299987792969 383.399993896484 381.700012207031 389.799987792969 388.100006103516 403.5 422.899993896484 439.600006103516 432.299987792969 418.100006103516 411.200012207031 423.600006103516
-3.4e+38 -3.4e+38 -3.4e+38 -3.4e+38 -3.4e+38 -3.4e+38 -3.4e+38 -3.4e+38 -3.4e+38 -3.4e+38 -3.4e+38 -3.4e+38 -3.4e+38 -3.4e+38 -3.4e+38 -3.4e+38 -3.4e+38 -3.4e+38 -3.4e+38 -3.4e+38 -3.4e+38 -3.4e+38 -3.4e+38 715.400024414062 564.5 344.799987792969 251.899993896484 248.899993896484 223.100006103516 214.800003051758 218.600006103516 210.100006103516 254 271.899993896484 265.399993896484 250.699996948242 236.899993896484 229.800003051758 221.899993896484 203.100006103516 238.800003051758 273.799987792969 360.899993896484 395.899993896484 373.399993896484 368.5 389.299987792969 400.899993896484 425 439.100006103516 434.5 436.899993896484 408.399993896484 409.600006103516
-3.4e+38 -3.4e+38 -3.4e+38 -3.4e+38 -3.4e+38 -3.4e+38 -3.4e+38 -3.4e+38 -3.4e+38 -3.4e+38 -3.4e+38 -3.4e+38 -3.4e+38 -3.4e+38 -3.4e+38 -3.4e+38 -3.4e+38 -3.4e+38 -3.4e+38 -3.4e+38 -3.4e+38 -3.4e+38 710.099975585938 668.700012207031 516.700012207031 319.600006103516 272.100006103516 259.100006103516 234.600006103516 230.100006103516 207.100006103516 218.100006103516 239.199996948242 265.799987792969 260.899993896484 248.300003051758 223.199996948242 221.399993896484 204.5 247 294.5 324.899993896484 352.299987792969 404.5 393.799987792969 362.899993896484 371 392.299987792969 398.700012207031 403.700012207031 416.700012207031 398.5 399.899993896484 400.299987792969
-3.4e+38 -3.4e+38 -3.4e+38 -3.4e+38 -3.4e+38 -3.4e+38 -3.4e+38 -3.4e+38 -3.4e+38 -3.4e+38 -3.4e+38 -3.4e+38 -3.4e+38 -3.4e+38 -3.4e+38 -3.4e+38 -3.4e+38 -3.4e+38 -3.4e+38 -3.4e+38 -3.4e+38 -3.4e+38 695.099975585938 620.299987792969 450.399993896484 323.299987792969 310.899993896484 285.899993896484 249.100006103516 245.800003051758 192.399993896484 202 215.300003051758 228.800003051758 253.899993896484 226.800003051758 218.600006103516 199.399993896484 229.800003051758 253.399993896484 297.899993896484 335.700012207031 357.600006103516 370.899993896484 383.899993896484 368.399993896484 362.600006103516 369.899993896484 397.399993896484 409.399993896484 413.299987792969 404.600006103516 393.100006103516 406.799987792969
-3.4e+38 -3.4e+38 -3.4e+38 -3.4e+38 -3.4e+38 -3.4e+38 -3.4e+38 -3.4e+38 -3.4e+38 -3.4e+38 -3.4e+38 -3.4e+38 -3.4e+38 -3.4e+38 -3.4e+38 -3.4e+38 -3.4e+38 -3.4e+38 -3.4e+38 -3.4e+38 -3.4e+38 665.099975585938 659.099975585938 580.799987792969 473.299987792969 342.700012207031 323.600006103516 295 259 232.699996948242 179.300003051758 198.600006103516 185.600006103516 227.100006103516 231.699996948242 221.899993896484 218.399993896484 205.300003051758 244 261.299987792969 283.899993896484 303.200012207031 348.899993896484 357.100006103516 361.799987792969 337.899993896484 349.899993896484 348 372.100006103516 396.799987792969 403.899993896484 420.700012207031 398.399993896484 389.100006103516
-3.4e+38 -3.4e+38 -3.4e+38 -3.4e+38 -3.4e+38 -3.4e+38 -3.4e+38 -3.4e+38 -3.4e+38 -3.4e+38 -3.4e+38 -3.4e+38 -3.4e+38 -3.4e+38 -3.4e+38 -3.4e+38 -3.4e+38 -3.4e+38 -3.4e+38 -3.4e+38 -3.4e+38 644.5 610.5 497.299987792969 406.100006103516 346.799987792969 327.100006103516 291.100006103516 242.199996948242 199.800003051758 204.300003051758 195.100006103516 196.100006103516 218.899993896484 225.100006103516 217.899993896484 195.899993896484 200.5 213.300003051758 260.799987792969 264.299987792969 291.899993896484 322.100006103516 337.100006103516 329.100006103516 320 333.299987792969 347.200012207031 357.5 369.399993896484 401.799987792969 390.899993896484 382.899993896484 384.399993896484
-3.4e+38 -3.4e+38 -3.4e+38 -3.4e+38 -3.4e+38 -3.4e+38 -3.4e+38 -3.4e+38 -3.4e+38 -3.4e+38 -3.4e+38 -3.4e+38 -3.4e+38 -3.4e+38 -3.4e+38 -3.4e+38 -3.4e+38 504.899993896484 564.400024414062 612.299987792969 611.299987792969 563.400024414062 488.399993896484 380.600006103516 344.399993896484 372 325.799987792969 299 237.5 208.600006103516 205.800003051758 200.5 203.300003051758 216.399993896484 210.800003051758 210.600006103516 206 209.800003051758 226.899993896484 246.399993896484 262.299987792969 277.600006103516 293.100006103516 318.100006103516 328.799987792969 324.799987792969 333.799987792969 344.299987792969 362.100006103516 369.299987792969 372.899993896484 371.299987792969 397.799987792969 403.299987792969
-3.4e+38 -3.4e+38 -3.4e+38 -3.4e+38 -3.4e+38 -3.4e+38 -3.4e+38 -3.4e+38 -3.4e+38 -3.4e+38 -3.4e+38 -3.4e+38 -3.4e+38 -3.4e+38 -3.4e+38 -3.4e+38 531.299987792969 586.099975585938 610.700012207031 597.299987792969 557.799987792969 482.799987792969 350.799987792969 356.899993896484 355.799987792969 352.600006103516 333.200012207031 294.399993896484 217.800003051758 236.399993896484 200.899993896484 192.899993896484 196.399993896484 208.300003051758 194.5 210.399993896484 206.899993896484 219.300003051758 243.899993896484 248.399993896484 263.399993896484 269 275.600006103516 316.399993896484 319.299987792969 319.899993896484 319.5 339.600006103516 355.600006103516 365.700012207031 402.899993896484 409.399993896484 393.600006103516 376.100006103516
-3.4e+38 -3.4e+38 -3.4e+38 -3.4e+38 -3.4e+38 -3.4e+38 -3.4e+38 -3.4e+38 -3.4e+38 -3.4e+38 -3.4e+38 -3.4e+38 -3.4e+38 -3.4e+38 -3.4e+38 465.899993896484 542.799987792969 591.299987792969 598.599975585938 585.900024414062 519.099975585938 397.700012207031 331.899993896484 346.100006103516 334.600006103516 306 311.200012207031 234 211.800003051758 224.699996948242 199.5 191.399993896484 184.800003051758 189.699996948242 228.800003051758 207.399993896484 201.399993896484 235.399993896484 256.600006103516 263.600006103516 276.799987792969 291.700012207031 291.600006103516 318.299987792969 315.200012207031 318.399993896484 322.399993896484 349.799987792969 363.600006103516 380.100006103516 389.899993896484 394.100006103516 387.899993896484 372.200012207031
-3.4e+38 -3.4e+38 -3.4e+38 -3.4e+38 -3.4e+38 -3.4e+38 -3.4e+38 -3.4e+38 -3.4e+38 -3.4e+38 -3.4e+38 -3.4e+38 -3.4e+38 -3.4e+38 -3.4e+38 457.700012207031 533 580.5 600.599975585938 586.400024414062 475 335.600006103516 324.5 317.200012207031 284.100006103516 292.5 273.600006103516 220.100006103516 228.600006103516 209.300003051758 203.800003051758 178.600006103516 175.399993896484 204 223.899993896484 198.600006103516 242.899993896484 275.700012207031 283.399993896484 285.100006103516 294.399993896484 307 289.799987792969 318.600006103516 319.600006103516 320.700012207031 336.799987792969 348.600006103516 358.700012207031 370.600006103516 370 386.299987792969 384.299987792969 377.700012207031
-3.4e+38 -3.4e+38 -3.4e+38 -3.4e+38 -3.4e+38 -3.4e+38 -3.4e+38 -3.4e+38 -3.4e+38 -3.4e+38 -3.4e+38 -3.4e+38 -3.4e+38 -3.4e+38 -3.4e+38 -3.4e+38 521.299987792969 593.299987792969 614.599975585938 567.099975585938 412.700012207031 321.799987792969 302 263.899993896484 254.699996948242 273.299987792969 228.699996948242 236.899993896484 207.899993896484 198.699996948242 172.800003051758 184.100006103516 195.300003051758 221.600006103516 227.300003051758 284.299987792969 356.299987792969 335.600006103516 314.5 310.799987792969 305.399993896484 315.5 314.299987792969 315.200012207031 312.299987792969 320.200012207031 333.399993896484 340.600006103516 349.899993896484 346 356.299987792969 363 375.399993896484 365.399993896484
-3.4e+38 -3.4e+38 -3.4e+38 -3.4e+38 -3.4e+38 -3.4e+38 -3.4e+38 -3.4e+38 -3.4e+38 -3.4e+38 -3.4e+38 -3.4e+38 -3.4e+38 -3.4e+38 -3.4e+38 -3.4e+38 516.799987792969 618 642.599975585938 521.599975585938 391.5 287.600006103516 275.399993896484 241.600006103516 263.299987792969 246.399993896484 224.5 212.899993896484 237.399993896484 237.600006103516 217.600006103516 232.699996948242 259 279 269.399993896484 360.899993896484 355.899993896484 350.100006103516 333.5 323.899993896484 312.5 304.600006103516 319.600006103516 331.399993896484 327.299987792969 324.700012207031 329.299987792969 339.600006103516 344.899993896484 328.700012207031 333.600006103516 341.299987792969 364.899993896484 360.399993896484
-3.4e+38 -3.4e+38 -3.4e+38 -3.4e+38 -3.4e+38 -3.4e+38 -3.4e+38 -3.4e+38 -3.4e+38 -3.4e+38 -3.4e+38 -3.4e+38 -3.4e+38 -3.4e+38 373.299987792969 430.899993896484 501.899993896484 584.700012207031 578.400024414062 489.899993896484 333.399993896484 249.100006103516 229.100006103516 247.899993896484 261.100006103516 232.5 262.600006103516 239 256.600006103516 276.299987792969 284.799987792969 317 345.799987792969 420.5 381 387 361.5 351.100006103516 341.899993896484 329.399993896484 322.799987792969 317.100006103516 328.200012207031 326.600006103516 325.799987792969 329.700012207031 336.899993896484 344.100006103516 349.399993896484 332.899993896484 321.399993896484 333.399993896484 347.299987792969 349.700012207031
-3.4e+38 -3.4e+38 -3.4e+38 -3.4e+38 -3.4e+38 -3.4e+38 -3.4e+38 -3.4e+38 -3.4e+38 -3.4e+38 -3.4e+38 -3.4e+38 -3.4e+38 -3.4e+38 362 408.100006103516 466.600006103516 506.600006103516 460.399993896484 366.899993896484 284.899993896484 226.300003051758 229.899993896484 223.399993896484 233.5 246.800003051758 257.799987792969 325.100006103516 338.100006103516 323.899993896484 350.399993896484 407.299987792969 419.899993896484 428.200012207031 417.899993896484 392.299987792969 371.399993896484 358 347.200012207031 338 327.600006103516 334.799987792969 328.600006103516 320.399993896484 323.100006103516 321.100006103516 333.799987792969 337.600006103516 346.799987792969 353.700012207031 330.600006103516 332.600006103516 332.600006103516 349.5
-3.4e+38 -3.4e+38 -3.4e+38 -3.4e+38 -3.4e+38 -3.4e+38 -3.4e+38 -3.4e+38 -3.4e+38 -3.4e+38 -3.4e+38 -3.4e+38 -3.4e+38 322 344.899993896484 365.899993896484 421.600006103516 465.700012207031 318 246.800003051758 207.600006103516 202.600006103516 198 189.800003051758 220.100006103516 274.200012207031 295.399993896484 426.200012207031 405.100006103516 440.200012207031 443.799987792969 441.700012207031 424.899993896484 417.399993896484 409.600006103516 390.399993896484 370.600006103516 357 347.799987792969 338.299987792969 324.299987792969 334.899993896484 325.200012207031 326.5 318.899993896484 318.399993896484 337.100006103516 339.600006103516 341.700012207031 345.700012207031 324.399993896484 327.899993896484 331.899993896484 348
-3.4e+38 -3.4e+38 -3.4e+38 -3.4e+38 -3.4e+38 -3.4e+38 -3.4e+38 -3.4e+38 -3.4e+38 -3.4e+38 -3.4e+38 -3.4e+38 -3.4e+38 327.399993896484 313.899993896484 324.299987792969 378.600006103516 358.200012207031 227.399993896484 182.300003051758 148.100006103516 152.699996948242 168.5 178 228.399993896484 295.299987792969 418.700012207031 501.600006103516 460.299987792969 447.5 443.399993896484 440.399993896484 430.600006103516 418.299987792969 393.299987792969 379.5 364.600006103516 356.100006103516 346.399993896484 338.299987792969 334.399993896484 335.799987792969 330.899993896484 328.899993896484 319.100006103516 320.799987792969 327.100006103516 327.100006103516 328.899993896484 327.399993896484 342.399993896484 327.899993896484 328.5 338.899993896484
-3.4e+38 -3.4e+38 -3.4e+38 -3.4e+38 -3.4e+38 -3.4e+38 -3.4e+38 -3.4e+38 -3.4e+38 213.800003051758 250.800003051758 293.600006103516 321.700012207031 321.899993896484 291.100006103516 295.899993896484 270.899993896484 201.699996948242 163.300003051758 132.100006103516 130.399993896484 133.600006103516 152.100006103516 212.100006103516 270.899993896484 361.200012207031 447.100006103516 449.799987792969 443.100006103516 445.700012207031 446.600006103516 435.799987792969 419.299987792969 403.899993896484 384.200012207031 360.700012207031 354.399993896484 349.799987792969 342.899993896484 335.600006103516 330.399993896484 331.899993896484 333 330.200012207031 318.700012207031 313.600006103516 319.899993896484 322.299987792969 322.299987792969 333.399993896484 344.799987792969 329.399993896484 328.399993896484 329.799987792969
-3.4e+38 -3.4e+38 -3.4e+38 -3.4e+38 -3.4e+38 -3.4e+38 -3.4e+38 242.399993896484 242.100006103516 246.5 268 297.100006103516 310 304.5 268 248.5 214.800003051758 179.300003051758 137 120.900001525879 134.5 132.399993896484 162.300003051758 223.399993896484 343.899993896484 400.5 386.600006103516 404.899993896484 424.799987792969 437.100006103516 441.799987792969 432.100006103516 413.700012207031 393.399993896484 366.299987792969 340.100006103516 341.200012207031 345.299987792969 337.799987792969 340.799987792969 339 337.399993896484 337.899993896484 328.700012207031 321 321.200012207031 323.799987792969 322.100006103516 323.5 335.600006103516 331.600006103516 335.600006103516 337.100006103516 333.200012207031
