data/layers/future_layer_mc_126_60/bio13.asc
NCOLS 494 
NROWS 529 
XLLCORNER -117.166666666667 
YLLCORNER -55.5 
CELLSIZE 0.166666666666667 
NODATA_value -3.4e+38 
[rows 336 to 359 of 529, columns 378 to 431 of 494]
193.300003051758 186.199996948242 184.899993896484 183.100006103516 180.300003051758 177.100006103516 175.300003051758 173.399993896484 171.800003051758 171 168.199996948242 164.699996948242 156.399993896484 154.300003051758 160.800003051758 169.399993896484 180.800003051758 201 203.100006103516 185.699996948242 172.399993896484 170.100006103516 166.5 163.800003051758 164.699996948242 171.800003051758 171.899993896484 175.399993896484 184.899993896484 177.399993896484 173.800003051758 180.899993896484 190.399993896484 194.600006103516 191.100006103516 192.399993896484 191.600006103516 189.100006103516 188.800003051758 205.399993896484 221.600006103516 226 227.199996948242 229.699996948242 231.899993896484 234.5 228.699996948242 227.199996948242 232.300003051758 235.300003051758 236.600006103516 240.899993896484 255.899993896484 281.600006103516
187.5 180.399993896484 180.699996948242 178.199996948242 177.899993896484 176.300003051758 174.399993896484 172.899993896484 173.300003051758 175.199996948242 171.5 169.800003051758 167.600006103516 166.5 170.100006103516 176.600006103516 183.100006103516 196.800003051758 198.300003051758 186.899993896484 179.800003051758 172.899993896484 166.300003051758 163.199996948242 165.100006103516 166.300003051758 164.199996948242 170.199996948242 173.800003051758 173.300003051758 171.600006103516 177.800003051758 185.100006103516 189.300003051758 187.199996948242 186.300003051758 186.399993896484 184.300003051758 183.399993896484 193.399993896484 221.600006103516 233.5 238.5 239.399993896484 243.699996948242 241.600006103516 243.5 247.300003051758 258.600006103516 267.100006103516 283.299987792969 278.5 282.5 -3.4e+38
185.899993896484 181.399993896484 177.100006103516 176.199996948242 174 176.600006103516 173.300003051758 170.5 172.199996948242 176.199996948242 175.699996948242 173 177.699996948242 181.699996948242 183.800003051758 186.600006103516 188.600006103516 186.800003051758 188.600006103516 186.5 185.399993896484 180.399993896484 176.199996948242 170.899993896484 165.800003051758 162.199996948242 162.399993896484 168.5 171.5 171.600006103516 169.100006103516 172.100006103516 176.699996948242 183 184.100006103516 185.600006103516 186.899993896484 188.100006103516 191.100006103516 211.899993896484 242.399993896484 249.800003051758 251.399993896484 255.899993896484 259.600006103516 258.200012207031 290 316.700012207031 335.600006103516 -3.4e+38 -3.4e+38 -3.4e+38 -3.4e+38 -3.4e+38
182.199996948242 180.399993896484 179.100006103516 178.800003051758 174.100006103516 172.699996948242 172.300003051758 171.600006103516 174.600006103516 177.300003051758 177 178 186.5 195.399993896484 196.899993896484 196 189.899993896484 183.300003051758 184.600006103516 181.300003051758 178.800003051758 177.199996948242 177.199996948242 174.199996948242 170.800003051758 166.600006103516 166.600006103516 168.699996948242 172.800003051758 171.100006103516 168.800003051758 165.100006103516 172.199996948242 182.600006103516 186 187.399993896484 188.100006103516 193.800003051758 214.399993896484 247.100006103516 261.399993896484 259.200012207031 260.600006103516 275.899993896484 298 322.600006103516 338.600006103516 350.899993896484 -3.4e+38 -3.4e+38 -3.4e+38 -3.4e+38 -3.4e+38 -3.4e+38
189 183.899993896484 183.899993896484 183.100006103516 177.600006103516 177.699996948242 181.300003051758 182.899993896484 183.800003051758 184.100006103516 186.300003051758 188.300003051758 192.399993896484 198.300003051758 200.600006103516 200.899993896484 196.699996948242 189.300003051758 179.399993896484 176.5 170.800003051758 168.100006103516 169.800003051758 172.300003051758 172.800003051758 173.800003051758 180.199996948242 178.899993896484 177.600006103516 177.800003051758 175.300003051758 172.300003051758 179 193.699996948242 197.399993896484 191.899993896484 191.800003051758 200.300003051758 217.699996948242 240.800003051758 253.600006103516 261.5 275.100006103516 289.399993896484 307 -3.4e+38 -3.4e+38 -3.4e+38 -3.4e+38 -3.4e+38 -3.4e+38 -3.4e+38 -3.4e+38 -3.4e+38
199.800003051758 190.5 188 186.899993896484 185.800003051758 187.899993896484 194.600006103516 197.100006103516 198.399993896484 197.899993896484 197.100006103516 191.899993896484 191.199996948242 196.699996948242 199.399993896484 200.600006103516 197.899993896484 190.899993896484 179.399993896484 172.100006103516 164.800003051758 160.199996948242 165.600006103516 174.899993896484 179.899993896484 189.800003051758 201.699996948242 202.899993896484 197.399993896484 191.800003051758 186.100006103516 180.300003051758 182.300003051758 195 204 205.899993896484 211.399993896484 220.5 229.600006103516 237.600006103516 250.300003051758 262.700012207031 276.299987792969 -3.4e+38 -3.4e+38 -3.4e+38 -3.4e+38 -3.4e+38 -3.4e+38 -3.4e+38 -3.4e+38 -3.4e+38 -3.4e+38 -3.4e+38
212.800003051758 205.399993896484 196.600006103516 193.800003051758 197 201.199996948242 204.100006103516 208.699996948242 211.399993896484 212.800003051758 206.100006103516 192.800003051758 189.600006103516 192.800003051758 206.5 206.399993896484 198.600006103516 195.399993896484 184.600006103516 176.199996948242 168.100006103516 161.600006103516 160.199996948242 171.899993896484 188.899993896484 201.100006103516 204.600006103516 203.899993896484 200.100006103516 187.699996948242 178.600006103516 182.600006103516 184 192.199996948242 204.100006103516 214.100006103516 223 228.399993896484 234.100006103516 244 256.799987792969 277.899993896484 -3.4e+38 -3.4e+38 -3.4e+38 -3.4e+38 -3.4e+38 -3.4e+38 -3.4e+38 -3.4e+38 -3.4e+38 -3.4e+38 -3.4e+38 -3.4e+38
225.800003051758 214.800003051758 200 200.699996948242 211.600006103516 217.399993896484 215.300003051758 216.899993896484 234.300003051758 235.300003051758 220.199996948242 212.800003051758 198.300003051758 206.600006103516 219.399993896484 213.800003051758 200.699996948242 199.800003051758 191.800003051758 183.100006103516 173.399993896484 167.300003051758 161.600006103516 179.399993896484 192.899993896484 202.199996948242 206.199996948242 206.300003051758 189.800003051758 167.600006103516 163.899993896484 176 186.899993896484 198.5 212 226.899993896484 235.300003051758 237.300003051758 236.100006103516 243.300003051758 252.399993896484 -3.4e+38 -3.4e+38 -3.4e+38 -3.4e+38 -3.4e+38 -3.4e+38 -3.4e+38 -3.4e+38 -3.4e+38 -3.4e+38 -3.4e+38 -3.4e+38 -3.4e+38
226.800003051758 216.800003051758 200 208.899993896484 225.300003051758 236.100006103516 229.300003051758 219.300003051758 222.899993896484 227.800003051758 216.199996948242 203.399993896484 213.600006103516 225.5 228 216.600006103516 206.800003051758 200.199996948242 193.800003051758 187.100006103516 177.899993896484 170.699996948242 163.899993896484 176.100006103516 192.300003051758 200.899993896484 207.100006103516 197 165.300003051758 144.5 167 178.300003051758 191.899993896484 206.5 220.199996948242 240.199996948242 254.800003051758 260.399993896484 258.299987792969 -3.4e+38 -3.4e+38 -3.4e+38 -3.4e+38 -3.4e+38 -3.4e+38 -3.4e+38 -3.4e+38 -3.4e+38 -3.4e+38 -3.4e+38 -3.4e+38 -3.4e+38 -3.4e+38 -3.4e+38
234.100006103516 227.800003051758 218.800003051758 219.800003051758 229.100006103516 237.899993896484 237.899993896484 230.100006103516 221.100006103516 214.100006103516 211.399993896484 210.600006103516 214.800003051758 221.199996948242 222.800003051758 217.100006103516 208.5 199.399993896484 192.600006103516 187.100006103516 181.600006103516 174.399993896484 166.5 165 187.399993896484 198.300003051758 200.899993896484 175.199996948242 156.300003051758 170.699996948242 195.100006103516 198.600006103516 202.600006103516 220.800003051758 232.899993896484 253.5 283.100006103516 290.299987792969 -3.4e+38 -3.4e+38 -3.4e+38 -3.4e+38 -3.4e+38 -3.4e+38 -3.4e+38 -3.4e+38 -3.4e+38 -3.4e+38 -3.4e+38 -3.4e+38 -3.4e+38 -3.4e+38 -3.4e+38 -3.4e+38
242.300003051758 241.600006103516 232.600006103516 221.5 218.899993896484 229.600006103516 236 237.399993896484 232.100006103516 219.199996948242 211 209.899993896484 213.600006103516 214.899993896484 214.300003051758 211.100006103516 205.800003051758 200.899993896484 193.600006103516 187.100006103516 184.199996948242 177 168.800003051758 165.399993896484 182 201.399993896484 200.399993896484 186.100006103516 195.800003051758 202.100006103516 219.699996948242 219.699996948242 227.399993896484 242.5 263.899993896484 286.399993896484 318.100006103516 -3.4e+38 -3.4e+38 -3.4e+38 -3.4e+38 -3.4e+38 -3.4e+38 -3.4e+38 -3.4e+38 -3.4e+38 -3.4e+38 -3.4e+38 -3.4e+38 -3.4e+38 -3.4e+38 -3.4e+38 -3.4e+38 -3.4e+38
248.899993896484 238.800003051758 222.600006103516 208.300003051758 208.399993896484 220.199996948242 230.5 232.899993896484 230.699996948242 222.899993896484 215.600006103516 211.800003051758 209.800003051758 207.699996948242 206.600006103516 202.300003051758 200.600006103516 200.800003051758 194 190.300003051758 188.399993896484 181.300003051758 173.399993896484 180.300003051758 203.600006103516 217.300003051758 211.800003051758 197.899993896484 216.800003051758 222.399993896484 223.300003051758 234.300003051758 256.299987792969 274.100006103516 282.600006103516 308.399993896484 -3.4e+38 -3.4e+38 -3.4e+38 -3.4e+38 -3.4e+38 -3.4e+38 -3.4e+38 -3.4e+38 -3.4e+38 -3.4e+38 -3.4e+38 -3.4e+38 -3.4e+38 -3.4e+38 -3.4e+38 -3.4e+38 -3.4e+38 -3.4e+38
243.100006103516 232.5 220.899993896484 215.300003051758 214.399993896484 227.399993896484 235.800003051758 234.100006103516 228.399993896484 219.699996948242 212.600006103516 207.800003051758 204.5 204.600006103516 202.300003051758 197.600006103516 196.300003051758 199.800003051758 197.100006103516 192.899993896484 192.399993896484 186.399993896484 179.800003051758 190.600006103516 207.800003051758 214.5 195.300003051758 203.199996948242 208.100006103516 209 223.899993896484 245.600006103516 250.699996948242 -3.4e+38 -3.4e+38 -3.4e+38 -3.4e+38 -3.4e+38 -3.4e+38 -3.4e+38 -3.4e+38 -3.4e+38 -3.4e+38 -3.4e+38 -3.4e+38 -3.4e+38 -3.4e+38 -3.4e+38 -3.4e+38 -3.4e+38 -3.4e+38 -3.4e+38 -3.4e+38 -3.4e+38
229.199996948242 225.899993896484 223.399993896484 229.399993896484 236.600006103516 245.199996948242 248 238.899993896484 228.699996948242 218.800003051758 212.300003051758 207.600006103516 206.800003051758 204.300003051758 200.899993896484 198.399993896484 198.699996948242 200.5 199.399993896484 194.800003051758 190.100006103516 183.699996948242 182.399993896484 189.300003051758 191.899993896484 181.800003051758 169.300003051758 177.300003051758 182.399993896484 192.300003051758 216.300003051758 242.100006103516 260.899993896484 268 -3.4e+38 -3.4e+38 -3.4e+38 -3.4e+38 -3.4e+38 -3.4e+38 -3.4e+38 -3.4e+38 -3.4e+38 -3.4e+38 -3.4e+38 -3.4e+38 -3.4e+38 -3.4e+38 -3.4e+38 -3.4e+38 -3.4e+38 -3.4e+38 -3.4e+38 -3.4e+38
220.100006103516 220.600006103516 224.199996948242 241.800003051758 252.5 253.100006103516 247.699996948242 239.899993896484 227.600006103516 218.300003051758 212.800003051758 209.699996948242 208 205.899993896484 202.899993896484 200.600006103516 199.600006103516 199.899993896484 197.699996948242 192.5 185.5 178.5 184.600006103516 185.800003051758 179.399993896484 167.399993896484 156.600006103516 161.800003051758 168.600006103516 182.300003051758 207.899993896484 236 255.100006103516 270.299987792969 -3.4e+38 -3.4e+38 -3.4e+38 -3.4e+38 -3.4e+38 -3.4e+38 -3.4e+38 -3.4e+38 -3.4e+38 -3.4e+38 -3.4e+38 -3.4e+38 -3.4e+38 -3.4e+38 -3.4e+38 -3.4e+38 -3.4e+38 -3.4e+38 -3.4e+38 -3.4e+38
212.800003051758 215.699996948242 221.800003051758 235.100006103516 241.300003051758 242.399993896484 240.100006103516 234.899993896484 224 217.800003051758 217 215.699996948242 211.800003051758 208.300003051758 203.199996948242 199.399993896484 196.199996948242 194.800003051758 192.600006103516 187.100006103516 180.300003051758 174.699996948242 181.100006103516 181.899993896484 174.800003051758 163.699996948242 154.800003051758 155.100006103516 162.800003051758 180.600006103516 201.399993896484 235.399993896484 254.800003051758 -3.4e+38 -3.4e+38 -3.4e+38 -3.4e+38 -3.4e+38 -3.4e+38 -3.4e+38 -3.4e+38 -3.4e+38 -3.4e+38 -3.4e+38 -3.4e+38 -3.4e+38 -3.4e+38 -3.4e+38 -3.4e+38 -3.4e+38 -3.4e+38 -3.4e+38 -3.4e+38 -3.4e+38
207.199996948242 211.300003051758 215.399993896484 225.100006103516 231.899993896484 231.899993896484 233.600006103516 228 219.800003051758 215.300003051758 221.600006103516 225 218.600006103516 210.399993896484 203.399993896484 197.600006103516 192.5 189.199996948242 186.399993896484 182.800003051758 176.800003051758 170.300003051758 172.600006103516 173.800003051758 171.300003051758 167.100006103516 164.300003051758 164.199996948242 171.399993896484 183.899993896484 205.300003051758 237.600006103516 258.399993896484 -3.4e+38 -3.4e+38 -3.4e+38 -3.4e+38 -3.4e+38 -3.4e+38 -3.4e+38 -3.4e+38 -3.4e+38 -3.4e+38 -3.4e+38 -3.4e+38 -3.4e+38 -3.4e+38 -3.4e+38 -3.4e+38 -3.4e+38 -3.4e+38 -3.4e+38 -3.4e+38 -3.4e+38
202.899993896484 207.899993896484 212 218.100006103516 223.800003051758 226.699996948242 226.600006103516 223.300003051758 218.699996948242 216.800003051758 228.899993896484 237.300003051758 222.899993896484 210.199996948242 202.399993896484 195.100006103516 188.600006103516 183.100006103516 182.100006103516 179.399993896484 174.899993896484 170.399993896484 167.800003051758 168.600006103516 169.5 169.899993896484 170 172.199996948242 179.600006103516 192.699996948242 210.800003051758 240.199996948242 -3.4e+38 -3.4e+38 -3.4e+38 -3.4e+38 -3.4e+38 -3.4e+38 -3.4e+38 -3.4e+38 -3.4e+38 -3.4e+38 -3.4e+38 -3.4e+38 -3.4e+38 -3.4e+38 -3.4e+38 -3.4e+38 -3.4e+38 -3.4e+38 -3.4e+38 -3.4e+38 -3.4e+38 -3.4e+38
200.100006103516 206.100006103516 211.399993896484 217.100006103516 221.899993896484 224.300003051758 224.600006103516 223.399993896484 221.800003051758 223.300003051758 248 251.800003051758 225.899993896484 207.5 199.300003051758 193.600006103516 187.300003051758 180 179.899993896484 178.399993896484 175.600006103516 172.300003051758 168.600006103516 166.300003051758 166.899993896484 170 172.5 176.800003051758 184.699996948242 200.399993896484 217 233.300003051758 250.399993896484 -3.4e+38 -3.4e+38 -3.4e+38 -3.4e+38 -3.4e+38 -3.4e+38 -3.4e+38 -3.4e+38 -3.4e+38 -3.4e+38 -3.4e+38 -3.4e+38 -3.4e+38 -3.4e+38 -3.4e+38 -3.4e+38 -3.4e+38 -3.4e+38 -3.4e+38 -3.4e+38 -3.4e+38
198.899993896484 205.300003051758 210.899993896484 216.399993896484 221.600006103516 224.399993896484 225.100006103516 225.899993896484 227.600006103516 232.5 246.699996948242 250.899993896484 227.300003051758 208.899993896484 199.5 194.399993896484 188.800003051758 182.899993896484 180.399993896484 179.100006103516 176.699996948242 173.800003051758 171.100006103516 168.5 166.199996948242 167.699996948242 173.5 178.600006103516 187.300003051758 200.899993896484 213.600006103516 225.800003051758 237.300003051758 -3.4e+38 -3.4e+38 -3.4e+38 -3.4e+38 -3.4e+38 -3.4e+38 -3.4e+38 -3.4e+38 -3.4e+38 -3.4e+38 -3.4e+38 -3.4e+38 -3.4e+38 -3.4e+38 -3.4e+38 -3.4e+38 -3.4e+38 -3.4e+38 -3.4e+38 -3.4e+38 -3.4e+38
197.699996948242 204.300003051758 210.100006103516 216.100006103516 221.300003051758 224.199996948242 225.399993896484 226 228 233.800003051758 249.399993896484 248.399993896484 233.100006103516 216.800003051758 202.699996948242 195.100006103516 190.800003051758 186.399993896484 183 179.199996948242 177.100006103516 175.300003051758 173.300003051758 171.100006103516 168.800003051758 168 171.600006103516 179.399993896484 187.600006103516 198.699996948242 208.800003051758 219.600006103516 224.600006103516 -3.4e+38 -3.4e+38 -3.4e+38 -3.4e+38 -3.4e+38 -3.4e+38 -3.4e+38 -3.4e+38 -3.4e+38 -3.4e+38 -3.4e+38 -3.4e+38 -3.4e+38 -3.4e+38 -3.4e+38 -3.4e+38 -3.4e+38 -3.4e+38 -3.4e+38 -3.4e+38 -3.4e+38
198.800003051758 203.800003051758 209.899993896484 216.199996948242 221.100006103516 223.899993896484 224.800003051758 224.100006103516 224.800003051758 232.800003051758 244.600006103516 240.399993896484 229.399993896484 215.800003051758 206.199996948242 199.300003051758 197.800003051758 192.199996948242 187.399993896484 180.300003051758 176.899993896484 174.600006103516 173.100006103516 172.300003051758 169.899993896484 169.699996948242 172.100006103516 179.699996948242 187.899993896484 194.5 203.399993896484 209.100006103516 213.100006103516 -3.4e+38 -3.4e+38 -3.4e+38 -3.4e+38 -3.4e+38 -3.4e+38 -3.4e+38 -3.4e+38 -3.4e+38 -3.4e+38 -3.4e+38 -3.4e+38 -3.4e+38 -3.4e+38 -3.4e+38 -3.4e+38 -3.4e+38 -3.4e+38 -3.4e+38 -3.4e+38 -3.4e+38
199.600006103516 206 209.399993896484 216.100006103516 220.5 224 223.300003051758 221.300003051758 219.600006103516 223 226.100006103516 228.5 223.899993896484 216.800003051758 209.600006103516 205.600006103516 208.300003051758 197.300003051758 189.300003051758 181.699996948242 178.300003051758 175.5 173.899993896484 172.5 170 170.899993896484 174.899993896484 179.300003051758 184.5 195 202.100006103516 204.600006103516 208.600006103516 -3.4e+38 -3.4e+38 -3.4e+38 -3.4e+38 -3.4e+38 -3.4e+38 -3.4e+38 -3.4e+38 -3.4e+38 -3.4e+38 -3.4e+38 -3.4e+38 -3.4e+38 -3.4e+38 -3.4e+38 -3.4e+38 -3.4e+38 -3.4e+38 -3.4e+38 -3.4e+38 -3.4e+38
203.300003051758 204.899993896484 209.399993896484 214.600006103516 218.899993896484 222.199996948242 220.199996948242 217.100006103516 213.899993896484 217.100006103516 214.800003051758 214.600006103516 212.899993896484 208 200.600006103516 200.5 196.300003051758 188.899993896484 183.800003051758 181.300003051758 178.600006103516 175.399993896484 172.899993896484 171.399993896484 170.699996948242 171.899993896484 176.600006103516 183.5 190.699996948242 195.800003051758 200.800003051758 200.800003051758 197.600006103516 -3.4e+38 -3.4e+38 -3.4e+38 -3.4e+38 -3.4e+38 -3.4e+38 -3.4e+38 -3.4e+38 -3.4e+38 -3.4e+38 -3.4e+38 -3.4e+38 -3.4e+38 -3.4e+38 -3.4e+38 -3.4e+38 -3.4e+38 -3.4e+38 -3.4e+38 -3.4e+38 -3.4e+38
