data/layers/future_layer_mc_126_60/bio14.asc
NCOLS 494 
NROWS 529 
XLLCORNER -117.166666666667 
YLLCORNER -55.5 
CELLSIZE 0.166666666666667 
NODATA_value -3.4e+38 
[rows 150 to 174 of 529, columns 232 to 289 of 494]
-3.4e+38 -3.4e+38 23.2999992370605 53.2999992370605 39.2999992370605 40.9000015258789 22.1000003814697 22.2999992370605 55.7000007629395 74.8000030517578 75.5999984741211 94.1999969482422 115.900001525879 98.0999984741211 85.5 102.800003051758 97.5 83.6999969482422 65.1999969482422 69.8000030517578 75.5 72.3000030517578 89.6999969482422 106.099998474121 94.8000030517578 71.5999984741211 46.7000007629395 42.5 43.0999984741211 45.4000015258789 38.2000007629395 49.5 38.7999992370605 33.0999984741211 44.5999984741211 41.7999992370605 51.9000015258789 79.3000030517578 62.4000015258789 52.5 44.2999992370605 29.7999992370605 24.7999992370605 19 13.8000001907349 14.3000001907349 12.8999996185303 10.6000003814697 10.3999996185303 10.3999996185303 9.30000019073486 8.30000019073486 6.80000019073486 6 5.30000019073486 5 5.59999990463257 3.59999990463257
-3.4e+38 -3.4e+38 -3.4e+38 17.2999992370605 20.7000007629395 45.0999984741211 19.6000003814697 33.5999984741211 72.9000015258789 97 96.0999984741211 91.5999984741211 117.599998474121 142.399993896484 129.100006103516 127.400001525879 104.099998474121 100.099998474121 87.3000030517578 85 87.9000015258789 97.8000030517578 99.3000030517578 108.699996948242 87.5999984741211 91.0999984741211 62.5999984741211 40.5999984741211 47.5 57.9000015258789 41.4000015258789 51.4000015258789 46.7999992370605 22.7999992370605 33.9000015258789 30.2999992370605 30.7999992370605 91.8000030517578 102.400001525879 61 47.2000007629395 29.6000003814697 22.8999996185303 17.3999996185303 14.8000001907349 14.6000003814697 12.3000001907349 11.6000003814697 9.89999961853027 9.60000038146973 7.90000009536743 7.59999990463257 7.59999990463257 6.09999990463257 6.19999980926514 8 5.80000019073486 4.09999990463257
-3.4e+38 -3.4e+38 -3.4e+38 -3.4e+38 21.6000003814697 35.2999992370605 37.2000007629395 43.5999984741211 89.8000030517578 97.1999969482422 107.900001525879 108.800003051758 116.400001525879 105.400001525879 105.900001525879 82.5999984741211 68 74.0999984741211 84.3000030517578 92.4000015258789 93.5 101.599998474121 99.3000030517578 110.599998474121 86.4000015258789 93 63.5999984741211 41.5999984741211 55.7000007629395 63.0999984741211 57.9000015258789 56.4000015258789 52 24.3999996185303 25.3999996185303 29.1000003814697 45.7999992370605 100.099998474121 119.400001525879 70.3000030517578 48.9000015258789 30.8999996185303 20.2999992370605 14.5 14.6000003814697 12.8999996185303 12.6000003814697 11.5 10.8000001907349 9.5 10.3000001907349 8.60000038146973 7.59999990463257 6.30000019073486 5.90000009536743 7.80000019073486 5.30000019073486 4.40000009536743
-3.4e+38 -3.4e+38 -3.4e+38 -3.4e+38 -3.4e+38 40.2000007629395 50.4000015258789 80.0999984741211 101 121.099998474121 156.899993896484 178.600006103516 133.800003051758 70.0999984741211 60.2999992370605 68.9000015258789 67.0999984741211 83.8000030517578 97.0999984741211 91.9000015258789 100.699996948242 102.699996948242 99.9000015258789 96.3000030517578 90.5999984741211 71.3000030517578 54.5999984741211 60.0999984741211 65.8000030517578 62.2000007629395 62.5999984741211 61.2000007629395 52.2999992370605 23.8999996185303 20.8999996185303 24.3999996185303 68.0999984741211 92.9000015258789 91.4000015258789 64.5999984741211 43.7999992370605 30.8999996185303 21.1000003814697 16.5 15 14.8000001907349 12.6000003814697 12.1999998092651 11.8000001907349 11.1000003814697 10 9 8.80000019073486 6.90000009536743 6.80000019073486 8.5 6.09999990463257 5.59999990463257
-3.4e+38 -3.4e+38 -3.4e+38 -3.4e+38 -3.4e+38 45.4000015258789 79.5 139.399993896484 143.600006103516 172.399993896484 206.300003051758 242.5 172.800003051758 78.4000015258789 62.7999992370605 75.6999969482422 75.3000030517578 80.4000015258789 89.3000030517578 93.0999984741211 101.199996948242 106.800003051758 116.099998474121 102.699996948242 105.900001525879 77.3000030517578 69.5999984741211 60.9000015258789 67.6999969482422 69.9000015258789 76.4000015258789 58.5999984741211 57.2999992370605 42.2999992370605 14.6999998092651 21 58.7999992370605 98.4000015258789 104.900001525879 91.3000030517578 47.7000007629395 31.6000003814697 18.8999996185303 19.3999996185303 17.2999992370605 14.8000001907349 12.6999998092651 11.6000003814697 11.3999996185303 10.3000001907349 9.80000019073486 9.30000019073486 9.30000019073486 8.19999980926514 6.90000009536743 6.40000009536743 6.09999990463257 6.19999980926514
-3.4e+38 -3.4e+38 -3.4e+38 -3.4e+38 -3.4e+38 -3.4e+38 97.5999984741211 144.100006103516 191.300003051758 207.100006103516 146.399993896484 211.600006103516 170.100006103516 83.5999984741211 73.4000015258789 74.9000015258789 77.5 81.0999984741211 81.4000015258789 103.800003051758 97.5 110.800003051758 101.800003051758 100.400001525879 95.6999969482422 74.1999969482422 73.0999984741211 83.8000030517578 76.0999984741211 75.6999969482422 65.1999969482422 62.0999984741211 59.9000015258789 54.9000015258789 27.8999996185303 12.3000001907349 17.7999992370605 53.4000015258789 95.5 110.800003051758 59.5999984741211 27.7999992370605 18.6000003814697 19.1000003814697 18.1000003814697 13.1999998092651 12.1999998092651 13.3999996185303 11.8999996185303 11.1000003814697 10.6000003814697 10.1999998092651 10 8.89999961853027 8 7.69999980926514 7.19999980926514 7.09999990463257
-3.4e+38 -3.4e+38 -3.4e+38 -3.4e+38 -3.4e+38 -3.4e+38 -3.4e+38 169.899993896484 352 340.299987792969 191.800003051758 241.899993896484 135.100006103516 101.599998474121 86.0999984741211 77.9000015258789 77.6999969482422 86.9000015258789 88.8000030517578 101.900001525879 114.300003051758 112.099998474121 113.599998474121 99.9000015258789 86.5999984741211 83.8000030517578 98 95.5999984741211 94.4000015258789 97.5999984741211 55.9000015258789 67.9000015258789 56.4000015258789 57.2999992370605 35 22.2999992370605 7.80000019073486 9.5 17.8999996185303 91.5999984741211 50.0999984741211 24.2999992370605 17.1000003814697 21.2999992370605 18.8999996185303 15.1000003814697 13.3999996185303 12.1999998092651 12.1000003814697 12 11.5 10.6000003814697 10.1999998092651 10 9.60000038146973 9.30000019073486 9.10000038146973 8.89999961853027
-3.4e+38 -3.4e+38 -3.4e+38 -3.4e+38 -3.4e+38 -3.4e+38 -3.4e+38 203.899993896484 403.299987792969 421.5 323 282.5 174.300003051758 137.399993896484 90 94.8000030517578 78.3000030517578 92.1999969482422 101.800003051758 118.800003051758 125.599998474121 118.300003051758 110.800003051758 104.699996948242 84.0999984741211 108.800003051758 110.400001525879 106.099998474121 91.6999969482422 76.5 57.7999992370605 71.4000015258789 62.2999992370605 42.9000015258789 30.6000003814697 24.3999996185303 11.8999996185303 3.09999990463257 26.8999996185303 44.7999992370605 28.7000007629395 21 18.1000003814697 22 20.7000007629395 17.7000007629395 14.6000003814697 14.3999996185303 14.1999998092651 13.6999998092651 12.8999996185303 12.6999998092651 12.5 11.3000001907349 10.3999996185303 9.5 10.1000003814697 9.80000019073486
-3.4e+38 -3.4e+38 -3.4e+38 -3.4e+38 -3.4e+38 -3.4e+38 -3.4e+38 173.399993896484 383.200012207031 347.899993896484 405.100006103516 378.100006103516 230 121.800003051758 102.599998474121 91.6999969482422 99.1999969482422 111 101.5 115.800003051758 151.100006103516 127.099998474121 104.400001525879 91 94 95.5 99.0999984741211 104.400001525879 103.900001525879 74.8000030517578 76.5999984741211 71 68.4000015258789 24.7000007629395 21.8999996185303 22.6000003814697 8.89999961853027 23.1000003814697 96.0999984741211 52.5999984741211 24.3999996185303 20.2000007629395 19 18.3999996185303 17.6000003814697 17.2000007629395 17.2000007629395 15.6999998092651 15.1000003814697 14.6999998092651 14.3999996185303 15.1000003814697 13.8000001907349 11.8999996185303 12.1000003814697 11.8000001907349 11.8000001907349 11.1999998092651
-3.4e+38 -3.4e+38 -3.4e+38 -3.4e+38 -3.4e+38 -3.4e+38 -3.4e+38 185.5 342.100006103516 447.799987792969 455.899993896484 455.100006103516 350.100006103516 184 114.300003051758 102.5 103.5 116.699996948242 95.1999969482422 146.399993896484 160 129.300003051758 106.599998474121 101.599998474121 95.0999984741211 96.9000015258789 107.300003051758 95.8000030517578 67.9000015258789 74.4000015258789 80.6999969482422 58.9000015258789 42 16.5 21.1000003814697 20.1000003814697 16.8999996185303 62 65.9000015258789 64.5999984741211 23.8999996185303 20.2000007629395 18.8999996185303 18.7000007629395 18.1000003814697 18.1000003814697 17.7999992370605 17.8999996185303 17.1000003814697 16.1000003814697 14.6999998092651 15.6000003814697 14.6999998092651 14.1000003814697 13 12.8999996185303 11.8999996185303 12.8999996185303
-3.4e+38 -3.4e+38 -3.4e+38 -3.4e+38 -3.4e+38 -3.4e+38 -3.4e+38 203.399993896484 262.100006103516 482.399993896484 481.899993896484 439.899993896484 362.200012207031 147.800003051758 127.099998474121 98.4000015258789 94.0999984741211 112.300003051758 113.300003051758 157.399993896484 135.5 127.099998474121 100.300003051758 98 100.800003051758 115 106.400001525879 69.4000015258789 72.3000030517578 81.9000015258789 55.2999992370605 39.7999992370605 20.2999992370605 24.2999992370605 19 15.3000001907349 19.7000007629395 35.7999992370605 39.2999992370605 31.2999992370605 20.2999992370605 19.1000003814697 20.6000003814697 21.5 19 18.3999996185303 19.7000007629395 18.1000003814697 18.1000003814697 15.6000003814697 14.5 14.8999996185303 14.3000001907349 13 13.1000003814697 12.8999996185303 13.6000003814697 15.5
-3.4e+38 -3.4e+38 -3.4e+38 -3.4e+38 -3.4e+38 -3.4e+38 -3.4e+38 -3.4e+38 303.399993896484 482.100006103516 488.799987792969 454.100006103516 410.100006103516 227.800003051758 116.800003051758 113.900001525879 114.599998474121 92.5 121.699996948242 141.399993896484 157.100006103516 121.5 99.5999984741211 94.9000015258789 107.400001525879 118.800003051758 99.4000015258789 76.4000015258789 36.9000015258789 47.4000015258789 28.7999992370605 27.1000003814697 31.8999996185303 28.2999992370605 15.1999998092651 20.3999996185303 22.1000003814697 22 21.2999992370605 20.6000003814697 20.2999992370605 19.1000003814697 16.7000007629395 20.1000003814697 20.7000007629395 17.7999992370605 19 19.2999992370605 16.7999992370605 15.8999996185303 16.8999996185303 15.5 14.8999996185303 14.3999996185303 14.3000001907349 15.1000003814697 16.6000003814697 18.2999992370605
-3.4e+38 -3.4e+38 -3.4e+38 -3.4e+38 -3.4e+38 -3.4e+38 -3.4e+38 230.800003051758 380.5 477.899993896484 500.899993896484 489.299987792969 462.5 295.299987792969 132.300003051758 123.400001525879 119.099998474121 108.400001525879 117.800003051758 136.399993896484 132.100006103516 125.099998474121 96 102.900001525879 118.599998474121 113.199996948242 94.8000030517578 62.5999984741211 31.3999996185303 50.0999984741211 23.3999996185303 23.2000007629395 21.3999996185303 17.7999992370605 15.1000003814697 30.2000007629395 25.7999992370605 25.1000003814697 22.1000003814697 21.8999996185303 19.3999996185303 19.2000007629395 18.6000003814697 17.6000003814697 17.6000003814697 17.5 18.1000003814697 17.7000007629395 17.1000003814697 17.7999992370605 17.6000003814697 16.3999996185303 16.7999992370605 16.8999996185303 16.1000003814697 17.7999992370605 18.6000003814697 22.1000003814697
-3.4e+38 -3.4e+38 -3.4e+38 -3.4e+38 -3.4e+38 -3.4e+38 -3.4e+38 227 341.600006103516 463.399993896484 520.599975585938 494.100006103516 458.100006103516 238.600006103516 148.100006103516 130.399993896484 124.900001525879 117.099998474121 111.199996948242 84.8000030517578 138.100006103516 119.300003051758 100.099998474121 110.400001525879 129.5 105.300003051758 76.9000015258789 51.5999984741211 30.8999996185303 27.8999996185303 29.1000003814697 34.2000007629395 22.5 21.8999996185303 36.5999984741211 29.6000003814697 25.3999996185303 26.8999996185303 23.6000003814697 20.7999992370605 19.5 19.6000003814697 18.7000007629395 18.6000003814697 17.3999996185303 18.5 19 20.3999996185303 18.1000003814697 17.6000003814697 17.8999996185303 18.2999992370605 18.2000007629395 18.2999992370605 19.2999992370605 19.8999996185303 21.2000007629395 23.2000007629395
-3.4e+38 -3.4e+38 -3.4e+38 -3.4e+38 -3.4e+38 -3.4e+38 -3.4e+38 308.5 374 459.100006103516 454 495.5 378.899993896484 220.600006103516 130.800003051758 128.699996948242 124.900001525879 117.099998474121 86.5999984741211 96.3000030517578 125.699996948242 112.400001525879 91.6999969482422 105.900001525879 104.400001525879 86.3000030517578 61 39.4000015258789 33.7999992370605 41.2000007629395 32.5999984741211 46.7999992370605 51.4000015258789 49.5 44.7000007629395 26.2999992370605 23.2000007629395 30.3999996185303 19.8999996185303 21.3999996185303 19.7999992370605 18.6000003814697 21.2000007629395 23.2999992370605 19.7999992370605 19.2000007629395 20.3999996185303 18.7999992370605 18.3999996185303 18.1000003814697 19 19.2999992370605 19.8999996185303 20.8999996185303 21.6000003814697 22.6000003814697 23.8999996185303 23.5
-3.4e+38 -3.4e+38 -3.4e+38 -3.4e+38 -3.4e+38 -3.4e+38 -3.4e+38 376.899993896484 416.399993896484 487.399993896484 513.799987792969 461.700012207031 310.600006103516 145.899993896484 107.800003051758 121.300003051758 117.400001525879 107.300003051758 72.4000015258789 87.8000030517578 114.300003051758 97.9000015258789 88.3000030517578 82.8000030517578 69.4000015258789 80.4000015258789 48.5 41.7999992370605 34.7000007629395 47.4000015258789 44.7000007629395 57.2000007629395 45.0999984741211 59.7999992370605 31.1000003814697 25.2000007629395 19.6000003814697 20.3999996185303 19.8999996185303 19 20.2999992370605 17.7999992370605 18.2999992370605 19.1000003814697 19.2999992370605 20.7000007629395 19.1000003814697 19.2000007629395 19 19.1000003814697 19.5 20.7999992370605 22.1000003814697 22.6000003814697 23.8999996185303 24.8999996185303 27.6000003814697 26.2000007629395
-3.4e+38 -3.4e+38 -3.4e+38 -3.4e+38 -3.4e+38 -3.4e+38 -3.4e+38 380.600006103516 415.600006103516 496.700012207031 486.299987792969 364.299987792969 188.699996948242 141.100006103516 120.800003051758 112.400001525879 105.599998474121 99.9000015258789 70.5999984741211 57.7999992370605 90.5999984741211 79.4000015258789 80.4000015258789 80.0999984741211 76.3000030517578 54.2999992370605 44.9000015258789 40.5999984741211 41.4000015258789 66.4000015258789 47.2999992370605 48.5999984741211 46.7999992370605 36.7999992370605 33.7000007629395 22 25.7999992370605 23.1000003814697 23.2000007629395 19.8999996185303 20.6000003814697 19.2000007629395 19.3999996185303 21.6000003814697 21.1000003814697 20.3999996185303 19.2999992370605 20 20.2000007629395 19.8999996185303 19.6000003814697 20.8999996185303 23.5 23.1000003814697 26.2999992370605 26.2000007629395 26.2000007629395 27.7000007629395
-3.4e+38 -3.4e+38 -3.4e+38 -3.4e+38 -3.4e+38 -3.4e+38 -3.4e+38 401.899993896484 447.700012207031 465.5 415.600006103516 285.600006103516 164.100006103516 120.900001525879 102.900001525879 99.1999969482422 95.5 82 53.9000015258789 59 79.9000015258789 67.5 72.3000030517578 69.5999984741211 74.8000030517578 51.2999992370605 49.9000015258789 42.5 44.2999992370605 51 59.2999992370605 53.0999984741211 45.0999984741211 36.5999984741211 34.5 27.6000003814697 27.6000003814697 23 25.1000003814697 20.2000007629395 21.3999996185303 21 19.7999992370605 21.7999992370605 19.7999992370605 18.3999996185303 17.2000007629395 16.1000003814697 20.8999996185303 22.7999992370605 22.2999992370605 23.3999996185303 25.3999996185303 26.8999996185303 27.5 30.3999996185303 28.8999996185303 31.3999996185303
-3.4e+38 -3.4e+38 -3.4e+38 -3.4e+38 -3.4e+38 -3.4e+38 -3.4e+38 391.5 424.700012207031 421.600006103516 415.600006103516 309.399993896484 160.100006103516 97.0999984741211 82.8000030517578 78.5999984741211 90.5999984741211 73.4000015258789 68.9000015258789 61.0999984741211 70.1999969482422 70.1999969482422 67 74.9000015258789 92.4000015258789 56.2000007629395 51.2999992370605 55.2999992370605 36.0999984741211 50.2999992370605 89.0999984741211 50.5999984741211 39.5999984741211 28.3999996185303 33 31.8999996185303 28.2000007629395 18.1000003814697 24.3999996185303 19.3999996185303 18 15.6999998092651 14.1999998092651 18.2999992370605 14.3000001907349 22.7999992370605 18.8999996185303 17.2999992370605 21.3999996185303 23.2000007629395 24.7999992370605 23.2999992370605 27.1000003814697 27.2999992370605 28.8999996185303 33 36 33.2999992370605
-3.4e+38 -3.4e+38 -3.4e+38 -3.4e+38 -3.4e+38 -3.4e+38 -3.4e+38 392.299987792969 392.399993896484 399.100006103516 374.600006103516 269.899993896484 112.900001525879 89.5 71.0999984741211 72 80.5999984741211 69.8000030517578 67.8000030517578 72.8000030517578 63.2999992370605 55.2999992370605 68 77.3000030517578 84.6999969482422 71 51.2000007629395 57.2000007629395 62.2999992370605 88.0999984741211 69.9000015258789 46.2999992370605 34.7000007629395 36.5999984741211 28.7999992370605 27.6000003814697 22.3999996185303 15.6999998092651 16.3999996185303 15.3999996185303 11.3999996185303 11.5 10.8000001907349 11.6999998092651 13.6000003814697 15 19.2999992370605 21.3999996185303 19.3999996185303 20.5 22.7000007629395 24.2000007629395 27.1000003814697 32.7999992370605 34.7999992370605 35.7999992370605 37.2999992370605 39.7000007629395
-3.4e+38 -3.4e+38 -3.4e+38 -3.4e+38 -3.4e+38 -3.4e+38 -3.4e+38 369 374.100006103516 345.899993896484 321.299987792969 224.199996948242 92.1999969482422 73.4000015258789 67.0999984741211 71.5999984741211 67.3000030517578 73.5999984741211 63.9000015258789 66.8000030517578 49.9000015258789 59.5 75.5999984741211 70.5 82.4000015258789 62.7000007629395 57.0999984741211 71.9000015258789 87.3000030517578 78.4000015258789 51 38.7000007629395 32.4000015258789 33.9000015258789 27.3999996185303 20.2000007629395 16.5 15.8999996185303 13.6000003814697 10.3999996185303 10 10 10.6000003814697 10.8000001907349 13.6000003814697 16.7999992370605 16.2999992370605 18.1000003814697 21 23.5 28.3999996185303 32.7000007629395 35 36.2999992370605 37.5 39.2999992370605 39.4000015258789 42.9000015258789
-3.4e+38 -3.4e+38 -3.4e+38 -3.4e+38 -3.4e+38 -3.4e+38 -3.4e+38 316.899993896484 348.700012207031 337.399993896484 249.300003051758 118 83.5999984741211 64.4000015258789 74.4000015258789 63.9000015258789 76.0999984741211 70.3000030517578 62 53.0999984741211 55.2000007629395 56.0999984741211 56.4000015258789 74.9000015258789 83.0999984741211 43.7999992370605 41.2999992370605 77.8000030517578 83.0999984741211 59.2000007629395 46.5 36.2999992370605 33.4000015258789 35.2000007629395 20.8999996185303 16.3999996185303 12.8000001907349 11.3999996185303 11.8999996185303 10.3999996185303 10.3999996185303 10.1000003814697 10.3999996185303 10.3000001907349 12.8000001907349 14.1999998092651 18 18.6000003814697 19.6000003814697 26.1000003814697 33.4000015258789 35.2999992370605 36.7000007629395 38.5 40.7999992370605 43.5999984741211 44.2999992370605 45.7999992370605
-3.4e+38 -3.4e+38 -3.4e+38 -3.4e+38 -3.4e+38 -3.4e+38 -3.4e+38 271.200012207031 271.899993896484 289.600006103516 205.199996948242 85.4000015258789 70.1999969482422 72.8000030517578 69.0999984741211 67.9000015258789 76.9000015258789 61.9000015258789 55.4000015258789 43.7999992370605 60.0999984741211 45.7999992370605 56.2999992370605 81.5 66.5999984741211 35 56.5999984741211 94.3000030517578 74.3000030517578 50.7999992370605 45.7999992370605 41 34.2999992370605 27.3999996185303 20.8999996185303 16.6000003814697 14.1999998092651 12.3999996185303 11.8000001907349 10.6000003814697 10.3999996185303 10 10.1000003814697 10.8999996185303 15.1000003814697 18.8999996185303 23.2000007629395 21.8999996185303 30.5 33.5 36.0999984741211 37.5999984741211 39.4000015258789 41.2000007629395 43.9000015258789 44.5999984741211 49.0999984741211 52.7000007629395
-3.4e+38 -3.4e+38 -3.4e+38 -3.4e+38 -3.4e+38 -3.4e+38 -3.4e+38 -3.4e+38 242.800003051758 218 108.300003051758 66.9000015258789 57.7000007629395 59.9000015258789 68.5 70.5999984741211 73.8000030517578 55.0999984741211 46.5999984741211 46.5999984741211 56.9000015258789 45.0999984741211 58.4000015258789 80 47.7999992370605 48.4000015258789 67.9000015258789 99 57.7000007629395 43.0999984741211 38.0999984741211 35.5999984741211 32.4000015258789 22.6000003814697 20.8999996185303 23.1000003814697 15.6999998092651 16.1000003814697 14.3000001907349 12.5 12.1000003814697 10.6000003814697 13.1000003814697 17.2999992370605 19.8999996185303 29 31.2000007629395 31.6000003814697 31.1000003814697 34.2999992370605 37.2999992370605 39.4000015258789 40.7999992370605 43.5 45.4000015258789 47 50.5999984741211 51.5999984741211
-3.4e+38 -3.4e+38 -3.4e+38 -3.4e+38 -3.4e+38 -3.4e+38 -3.4e+38 -3.4e+38 244.199996948242 180.600006103516 75.5999984741211 67.9000015258789 51 58.2999992370605 65.1999969482422 73.5999984741211 67.4000015258789 51.7999992370605 47.0999984741211 47.4000015258789 42.9000015258789 46.2999992370605 66.9000015258789 71.5 66.5999984741211 54.5999984741211 80.3000030517578 63.7999992370605 45.0999984741211 38.7999992370605 37.2000007629395 34.5999984741211 28.6000003814697 27.1000003814697 24.2999992370605 24 18.7000007629395 18.2999992370605 16.8999996185303 17.7999992370605 18.6000003814697 18.7000007629395 13.6999998092651 21.1000003814697 26.6000003814697 28.2000007629395 26.7000007629395 32.0999984741211 30.7000007629395 32.5 37.7999992370605 41.2999992370605 42.9000015258789 45.0999984741211 46.5 49.5999984741211 54.7999992370605 53.2000007629395
