data/layers/future_layer_mc_126_60/bio18.asc
NCOLS 494 
NROWS 529 
XLLCORNER -117.166666666667 
YLLCORNER -55.5 
CELLSIZE 0.166666666666667 
NODATA_value -3.4e+38 
[rows 240 to 263 of 529, columns 324 to 377 of 494]
319.600006103516 309.799987792969 299.299987792969 291.5 284.5 285 294.200012207031 308.399993896484 324.799987792969 340.600006103516 355.600006103516 366.600006103516 374.100006103516 374.200012207031 372.100006103516 365.700012207031 356.5 337.600006103516 310.600006103516 293.600006103516 279.299987792969 276.700012207031 278.600006103516 280 279.899993896484 282.100006103516 287.600006103516 293.399993896484 295.299987792969 299.700012207031 302.100006103516 305.299987792969 313.899993896484 323.200012207031 314 301.899993896484 293.299987792969 285.700012207031 278.200012207031 272.100006103516 266.799987792969 264.100006103516 264.100006103516 263.299987792969 265 268.100006103516 269.100006103516 275.399993896484 274.799987792969 277.5 278.899993896484 281.899993896484 285.200012207031 287.100006103516
331.299987792969 304 291.299987792969 278.799987792969 269.600006103516 269.399993896484 279.600006103516 297.299987792969 317.899993896484 337.600006103516 354.600006103516 366.600006103516 373.799987792969 371.299987792969 366.299987792969 358.100006103516 346.799987792969 327.100006103516 308.899993896484 292.5 283.299987792969 278.700012207031 279.600006103516 280.100006103516 280 282.799987792969 284.799987792969 288.5 291.799987792969 295 298.799987792969 301.299987792969 306.100006103516 306 308.600006103516 300.799987792969 293.899993896484 286.299987792969 280.700012207031 274.5 268.299987792969 265.600006103516 265.799987792969 264.399993896484 266.399993896484 265.700012207031 267.600006103516 273 274.399993896484 277 279.5 284.899993896484 287.600006103516 292.899993896484
313.600006103516 292.600006103516 282.299987792969 269.600006103516 257.100006103516 251.399993896484 268.600006103516 289.399993896484 314.799987792969 339.600006103516 358.100006103516 370.899993896484 376.399993896484 369.799987792969 359.299987792969 348.600006103516 335.600006103516 319.799987792969 304.600006103516 292.799987792969 285 280.299987792969 278.799987792969 277.299987792969 279.600006103516 279.700012207031 280.799987792969 284.399993896484 287.399993896484 290.399993896484 295.100006103516 295.600006103516 297.399993896484 298.100006103516 297.5 298.799987792969 294.299987792969 288.600006103516 279.700012207031 274.700012207031 270.200012207031 267.899993896484 267.5 267.399993896484 266.100006103516 267.299987792969 273.299987792969 273.600006103516 273.100006103516 276.5 281.399993896484 286 290.899993896484 296.899993896484
296.700012207031 286.100006103516 278.299987792969 266.399993896484 254.5 250.100006103516 268.299987792969 290.100006103516 314.5 342.100006103516 361.399993896484 371.899993896484 373.100006103516 363.100006103516 353.899993896484 341.100006103516 327.200012207031 314.799987792969 302.899993896484 292.399993896484 285.700012207031 281.399993896484 276.399993896484 275.799987792969 276.399993896484 276 278.299987792969 279.600006103516 281.899993896484 286.399993896484 289.5 290.600006103516 291.299987792969 292.100006103516 291.399993896484 290.799987792969 292.5 289.399993896484 281.100006103516 276 272.600006103516 269.700012207031 269.600006103516 268.399993896484 266.600006103516 266.600006103516 274.299987792969 275.299987792969 274.899993896484 277.600006103516 283.100006103516 289.399993896484 295.899993896484 300.899993896484
286.899993896484 283.299987792969 277.700012207031 271.600006103516 266.799987792969 268.399993896484 280.799987792969 298.299987792969 318.100006103516 336.799987792969 352.100006103516 360.799987792969 361.899993896484 353.5 344.5 332.799987792969 321.200012207031 309.299987792969 298.700012207031 290.299987792969 283.600006103516 277.200012207031 274.100006103516 273.299987792969 273.399993896484 272.100006103516 274.600006103516 273.799987792969 276.700012207031 280.600006103516 283.100006103516 285.100006103516 284.399993896484 286.399993896484 286.399993896484 286.299987792969 291.299987792969 288.299987792969 284 280.100006103516 278.600006103516 273.399993896484 271.100006103516 271.600006103516 270.200012207031 269.700012207031 270.899993896484 275.399993896484 282 284.299987792969 286.399993896484 294.399993896484 300.5 305.399993896484
296.100006103516 285.299987792969 284.100006103516 282.799987792969 283.700012207031 287.299987792969 295.600006103516 309.899993896484 341.600006103516 341.799987792969 342.299987792969 347.399993896484 346.5 341.899993896484 333.700012207031 323.600006103516 313.600006103516 303.299987792969 293.600006103516 285.5 278.299987792969 273.399993896484 270.600006103516 270.100006103516 270.299987792969 269.299987792969 270.399993896484 268 271.299987792969 276.100006103516 275.799987792969 279 278.600006103516 279.299987792969 280.299987792969 283.299987792969 285.600006103516 288 287 289.200012207031 285.299987792969 283.299987792969 280.299987792969 274.399993896484 274.200012207031 273.200012207031 273.700012207031 277.799987792969 285.100006103516 292.5 291.799987792969 298.799987792969 307.799987792969 312.799987792969
333.700012207031 312.200012207031 289.899993896484 293.799987792969 298.899993896484 305.100006103516 314.299987792969 330.799987792969 349.299987792969 351.799987792969 349.399993896484 336.899993896484 333.899993896484 328.600006103516 322.100006103516 314 304.899993896484 296.600006103516 287 279.700012207031 274.600006103516 270.100006103516 267.100006103516 266.100006103516 264.700012207031 265.200012207031 264.399993896484 263.5 265.899993896484 269.299987792969 269.100006103516 271.299987792969 273.399993896484 273.799987792969 275 280.100006103516 281 283.299987792969 284.399993896484 286 288.899993896484 289.899993896484 289.299987792969 285.799987792969 282.600006103516 279.200012207031 278 279.700012207031 287.399993896484 290.899993896484 298.100006103516 304.799987792969 314.200012207031 320.5
312.100006103516 291.600006103516 298.299987792969 305.799987792969 313.100006103516 322.799987792969 340.299987792969 358.100006103516 350 335.399993896484 345.899993896484 339.299987792969 323.399993896484 317.299987792969 310.399993896484 302.700012207031 294.600006103516 287.899993896484 279.399993896484 274.100006103516 268.700012207031 264.299987792969 260.5 259.100006103516 259.600006103516 259.200012207031 256.899993896484 259.600006103516 260.600006103516 264.399993896484 263.600006103516 265.299987792969 269.299987792969 268.299987792969 269.899993896484 273.899993896484 275.600006103516 277.100006103516 278.899993896484 280.399993896484 280.600006103516 282.5 284.399993896484 285.299987792969 288.899993896484 289.399993896484 284.299987792969 286.100006103516 296 299.100006103516 304.799987792969 311 319.799987792969 328.600006103516
314.600006103516 297.5 305.399993896484 315.899993896484 327 337.5 365.5 364.899993896484 350.399993896484 327.299987792969 322.899993896484 316.299987792969 309.799987792969 304.5 301 303 284.299987792969 278.100006103516 272.100006103516 266.200012207031 261.899993896484 258.600006103516 254.399993896484 251.899993896484 254.300003051758 250.899993896484 249.800003051758 253.5 254.5 258.299987792969 256.299987792969 261.299987792969 262.799987792969 265.200012207031 266.899993896484 269.100006103516 270.299987792969 272.5 273.899993896484 276.299987792969 277.5 280.799987792969 281.399993896484 282.600006103516 287.899993896484 292.100006103516 295.299987792969 302.899993896484 303.5 311.799987792969 315.899993896484 316.399993896484 324.600006103516 330.399993896484
293.600006103516 302.899993896484 312.5 323.100006103516 334.299987792969 345.899993896484 360.899993896484 360.399993896484 335.299987792969 320.299987792969 312.399993896484 303 295.899993896484 290.299987792969 285.5 282 274.299987792969 269.799987792969 264.899993896484 258.299987792969 254.699996948242 251.300003051758 248.100006103516 245.800003051758 246.800003051758 245.699996948242 245.399993896484 245.399993896484 246.300003051758 250.399993896484 249.199996948242 254 256.200012207031 259 263.899993896484 264.600006103516 267.100006103516 270.200012207031 272.299987792969 275.100006103516 277.799987792969 280.100006103516 282.100006103516 285.600006103516 289.899993896484 294.399993896484 299.299987792969 303.700012207031 307.899993896484 319.299987792969 327.600006103516 325.5 325.799987792969 331.600006103516
298.399993896484 310.299987792969 322.600006103516 334.600006103516 338.700012207031 339.600006103516 347.600006103516 337 320.799987792969 310.5 301.399993896484 290.399993896484 285.299987792969 284.299987792969 275.399993896484 269.399993896484 265.100006103516 259.200012207031 255.399993896484 251.800003051758 247.600006103516 245.300003051758 242.399993896484 239.800003051758 241.100006103516 240.699996948242 239.300003051758 238.899993896484 240.100006103516 244.100006103516 245 248.5 254.899993896484 257.299987792969 268.799987792969 263.299987792969 265.399993896484 271.399993896484 275.600006103516 277.799987792969 278.600006103516 280.299987792969 283.399993896484 287.899993896484 291.799987792969 295.700012207031 299.799987792969 305.200012207031 312.299987792969 322.100006103516 331.100006103516 330.799987792969 327.899993896484 330.5
302.299987792969 309.299987792969 322.299987792969 334.200012207031 331.600006103516 325.100006103516 326.200012207031 313.899993896484 299.899993896484 289.299987792969 283.100006103516 276.399993896484 273.799987792969 266.600006103516 263.399993896484 259 257.899993896484 252.800003051758 248.399993896484 246.100006103516 243.399993896484 240.800003051758 240.100006103516 237.899993896484 235.399993896484 238.800003051758 234.5 233.800003051758 237.199996948242 239.800003051758 242.899993896484 245.800003051758 254.300003051758 256.5 263.700012207031 266.600006103516 267.899993896484 272.399993896484 277.299987792969 283.299987792969 282.799987792969 286.899993896484 289.200012207031 290.5 292.299987792969 295.799987792969 301.299987792969 306.799987792969 313.899993896484 322.799987792969 331.399993896484 331.100006103516 328.299987792969 329.100006103516
301.399993896484 305.799987792969 319.799987792969 331.5 329.799987792969 317.700012207031 302.899993896484 286.799987792969 272.299987792969 267.5 265.799987792969 262.299987792969 259.700012207031 255.300003051758 250 248.100006103516 246.300003051758 241.800003051758 239.800003051758 237.600006103516 237.600006103516 235.600006103516 235.399993896484 243.100006103516 238.199996948242 236.699996948242 228.800003051758 228.899993896484 229.899993896484 242.600006103516 238 243.100006103516 249.399993896484 257.200012207031 265.299987792969 268.899993896484 269.700012207031 276.200012207031 278.5 282.5 288.799987792969 291.799987792969 292.200012207031 296.799987792969 294 297.299987792969 300.100006103516 309 314.200012207031 321.799987792969 329.399993896484 331 326.399993896484 327.899993896484
304.100006103516 309.100006103516 316.200012207031 319.299987792969 322.799987792969 299.700012207031 273.399993896484 260.399993896484 250 250.699996948242 251.399993896484 249.699996948242 248.300003051758 244.399993896484 239.800003051758 237.800003051758 235.699996948242 234.199996948242 232.600006103516 230.600006103516 229.699996948242 227.600006103516 228.399993896484 231.5 230.199996948242 230.600006103516 224.5 223.699996948242 225.399993896484 226.899993896484 233.800003051758 241.300003051758 247.300003051758 257.200012207031 265.700012207031 267.600006103516 270.700012207031 276.100006103516 280.799987792969 287.600006103516 292.100006103516 293 293 293 297.899993896484 298.100006103516 302.399993896484 310.399993896484 315.100006103516 321.399993896484 327.200012207031 328.799987792969 329.100006103516 327.200012207031
297 303 305.299987792969 305.5 299.100006103516 282.299987792969 254.5 240.899993896484 236.300003051758 239.399993896484 241.600006103516 240.399993896484 239.100006103516 235.600006103516 231.300003051758 228.600006103516 228.5 227.300003051758 226.100006103516 225.300003051758 223.399993896484 220.899993896484 220 222.899993896484 225.600006103516 222 223.899993896484 224.600006103516 222.600006103516 222.199996948242 236.899993896484 243.100006103516 254.800003051758 259.600006103516 264.700012207031 268.399993896484 274.299987792969 273.399993896484 283 288.299987792969 294.299987792969 300.100006103516 301.799987792969 299.100006103516 301.600006103516 301.399993896484 306.600006103516 307 314.600006103516 319.600006103516 323.899993896484 327.299987792969 331.5 327.899993896484
295.799987792969 294.899993896484 296.100006103516 293 283.799987792969 269.899993896484 256.600006103516 235.300003051758 233.899993896484 235.699996948242 238.199996948242 238.699996948242 233.699996948242 230.100006103516 226.399993896484 224.5 224.5 222.800003051758 223.600006103516 226.300003051758 221.300003051758 218.399993896484 218 215 221.199996948242 219.600006103516 221.199996948242 228 227.800003051758 225.399993896484 233.600006103516 247.100006103516 258.399993896484 263.299987792969 270.600006103516 271.200012207031 277.100006103516 275.899993896484 284.5 288.700012207031 292.700012207031 297.700012207031 306 303.799987792969 302.600006103516 297.600006103516 302.200012207031 311 313.799987792969 318.399993896484 321 323.299987792969 324.600006103516 326.700012207031
292 291.799987792969 290.799987792969 284.899993896484 270.399993896484 260.899993896484 254.899993896484 240.100006103516 235.899993896484 237.600006103516 237.399993896484 235.100006103516 233.899993896484 228.899993896484 227.600006103516 228 223.5 220.100006103516 218.899993896484 219.399993896484 216.399993896484 218.899993896484 214.600006103516 214.800003051758 215.199996948242 215.800003051758 221.199996948242 228.300003051758 233.100006103516 231.800003051758 239.600006103516 252.800003051758 259.5 269.299987792969 278.200012207031 274.399993896484 277.200012207031 277.899993896484 280.799987792969 284.799987792969 283.200012207031 292.600006103516 296.299987792969 294.600006103516 295.399993896484 293.200012207031 299.600006103516 301.399993896484 306.600006103516 312.100006103516 311 312.899993896484 321.899993896484 324.100006103516
290.299987792969 289.100006103516 290.399993896484 284.299987792969 263.799987792969 256.200012207031 255 246.600006103516 240.600006103516 241.899993896484 240.800003051758 237.199996948242 232.800003051758 228.800003051758 229.899993896484 228.300003051758 222.5 221.199996948242 219.699996948242 216.899993896484 215.100006103516 217.699996948242 220 217.699996948242 214.899993896484 217 221.899993896484 236.800003051758 240.300003051758 242.899993896484 253 259.600006103516 266.299987792969 277.100006103516 282.399993896484 282.200012207031 275.5 276.899993896484 276.100006103516 279.399993896484 280.799987792969 283.799987792969 286.700012207031 285 282.100006103516 286.600006103516 294.600006103516 293.200012207031 300.399993896484 304.299987792969 300.299987792969 305.100006103516 310.600006103516 320.5
286 284.299987792969 281.299987792969 275.100006103516 265 262.700012207031 261.700012207031 259.600006103516 248.899993896484 244.800003051758 250.399993896484 241.100006103516 239.899993896484 231.300003051758 228.600006103516 228.399993896484 225.600006103516 222.300003051758 220.600006103516 217 215.100006103516 217.5 217.300003051758 211.899993896484 214.100006103516 215.300003051758 220.800003051758 232.899993896484 241.100006103516 245.199996948242 257.799987792969 270.700012207031 280.899993896484 286 287.100006103516 281.799987792969 275.799987792969 273.700012207031 271.399993896484 279.600006103516 275.299987792969 276.899993896484 279.399993896484 275.899993896484 278.5 279.799987792969 284 286.799987792969 289.100006103516 291.5 293.600006103516 298.5 307.600006103516 311.399993896484
280.299987792969 277.399993896484 274.299987792969 268.600006103516 267.299987792969 270.399993896484 271.100006103516 273.299987792969 256.299987792969 249.899993896484 252.100006103516 244.899993896484 236.100006103516 233.399993896484 231.300003051758 229.100006103516 226.5 223.199996948242 221.199996948242 217.399993896484 216.899993896484 213.899993896484 216.100006103516 214.800003051758 210.699996948242 211.399993896484 217.399993896484 226.800003051758 233.899993896484 241.300003051758 253.5 269.799987792969 282.799987792969 290.899993896484 288.700012207031 280.600006103516 274.600006103516 271.200012207031 266.600006103516 266 267.299987792969 267.5 267.799987792969 267.899993896484 267.799987792969 268.399993896484 270.200012207031 271.100006103516 275 276.600006103516 279.700012207031 286.799987792969 293.399993896484 295.799987792969
266.299987792969 265.899993896484 263.799987792969 261.700012207031 267.299987792969 278.299987792969 284.299987792969 284.5 277 260.899993896484 251.699996948242 245.199996948242 237.300003051758 234.399993896484 234.300003051758 229.899993896484 227.100006103516 224.800003051758 222.600006103516 219.899993896484 217.899993896484 214.699996948242 215.399993896484 213.300003051758 211.600006103516 212.899993896484 219.300003051758 227.800003051758 235.100006103516 237.800003051758 246.5 258.399993896484 269.600006103516 275.100006103516 275.799987792969 271.200012207031 267.799987792969 262.799987792969 260 256.5 255.5 253.800003051758 253.899993896484 252 258.200012207031 258.5 258.899993896484 255.5 257.100006103516 258.799987792969 264.399993896484 274 279.200012207031 281.399993896484
259.100006103516 260.299987792969 255.399993896484 255.300003051758 267.100006103516 281.799987792969 296.100006103516 300.899993896484 283.100006103516 268.700012207031 254.300003051758 241.100006103516 237.600006103516 239.300003051758 236.899993896484 232.800003051758 230.100006103516 227.100006103516 225.100006103516 221.800003051758 218.100006103516 216 213.600006103516 213.699996948242 217.100006103516 219.399993896484 223.699996948242 229.399993896484 237.5 235 242.100006103516 250.800003051758 257.899993896484 252.899993896484 255.100006103516 258.100006103516 260.200012207031 255 253.600006103516 251.600006103516 245 244.899993896484 243.600006103516 242.399993896484 241.800003051758 240.300003051758 243.399993896484 245.899993896484 243.199996948242 242.800003051758 245.399993896484 260.799987792969 262.399993896484 268.100006103516
253 251.100006103516 253.600006103516 252.399993896484 268.899993896484 283.600006103516 295.799987792969 295.799987792969 279.399993896484 264.600006103516 252.899993896484 240.800003051758 239.899993896484 249.5 243.100006103516 234.800003051758 232.399993896484 229.399993896484 226.399993896484 222.800003051758 221 217.600006103516 216.800003051758 219.399993896484 224.600006103516 223.300003051758 229.399993896484 235.300003051758 236.100006103516 236.600006103516 238.699996948242 244.399993896484 245.800003051758 246.600006103516 244.100006103516 244.800003051758 252.899993896484 251.399993896484 246.399993896484 244.600006103516 248.100006103516 246.5 236.699996948242 234.100006103516 230.899993896484 228.5 225.100006103516 228.899993896484 224.100006103516 226.399993896484 229.300003051758 240.100006103516 249.5 250.5
248.600006103516 244.800003051758 244.199996948242 254.899993896484 266.100006103516 276.799987792969 282.600006103516 281.299987792969 268.399993896484 256.899993896484 251.899993896484 244.800003051758 249.600006103516 249.100006103516 248.800003051758 239.300003051758 235.699996948242 232.699996948242 228.100006103516 225.399993896484 225.100006103516 221.800003051758 219.899993896484 222.100006103516 229.899993896484 231.600006103516 237.300003051758 241.300003051758 237.399993896484 235.100006103516 235.600006103516 240.100006103516 238.5 238.100006103516 243.100006103516 242.300003051758 243.300003051758 248.300003051758 245 234.100006103516 242.899993896484 245.600006103516 234.899993896484 232.399993896484 224 223.699996948242 217.800003051758 219.199996948242 213.100006103516 215.100006103516 214.100006103516 220.399993896484 232.899993896484 241
