data/layers/future_layer_mc_126_60/bio14.asc
NCOLS 494 
NROWS 529 
XLLCORNER -117.166666666667 
YLLCORNER -55.5 
CELLSIZE 0.166666666666667 
NODATA_value -3.4e+38 
[rows 75 to 99 of 529, columns 116 to 173 of 494]
55.2000007629395 62.0999984741211 64.4000015258789 68.5999984741211 66.1999969482422 68.8000030517578 68.3000030517578 -3.4e+38 -3.4e+38 -3.4e+38 -3.4e+38 -3.4e+38 -3.4e+38 -3.4e+38 -3.4e+38 -3.4e+38 -3.4e+38 -3.4e+38 -3.4e+38 -3.4e+38 -3.4e+38 -3.4e+38 -3.4e+38 -3.4e+38 -3.4e+38 -3.4e+38 -3.4e+38 -3.4e+38 -3.4e+38 -3.4e+38 -3.4e+38 -3.4e+38 -3.4e+38 -3.4e+38 -3.4e+38 -3.4e+38 -3.4e+38 -3.4e+38 -3.4e+38 -3.4e+38 -3.4e+38 -3.4e+38 -3.4e+38 -3.4e+38 15.6000003814697 18.1000003814697 19.7000007629395 20.7999992370605 20.2999992370605 21.2999992370605 22.7999992370605 24.3999996185303 25.7999992370605 25.8999996185303 25.6000003814697 24.7000007629395 27.7000007629395 32.5
32.5999984741211 37.9000015258789 49.7000007629395 65.8000030517578 71.4000015258789 75.4000015258789 70.9000015258789 -3.4e+38 -3.4e+38 -3.4e+38 -3.4e+38 -3.4e+38 -3.4e+38 -3.4e+38 -3.4e+38 -3.4e+38 -3.4e+38 -3.4e+38 -3.4e+38 -3.4e+38 -3.4e+38 -3.4e+38 -3.4e+38 -3.4e+38 -3.4e+38 -3.4e+38 -3.4e+38 -3.4e+38 -3.4e+38 -3.4e+38 -3.4e+38 -3.4e+38 -3.4e+38 -3.4e+38 -3.4e+38 -3.4e+38 -3.4e+38 -3.4e+38 -3.4e+38 -3.4e+38 -3.4e+38 -3.4e+38 -3.4e+38 -3.4e+38 17.3999996185303 19.2000007629395 19.2999992370605 18.8999996185303 21.2000007629395 21.8999996185303 23.3999996185303 24.5 26 27.1000003814697 27.2999992370605 26.7999992370605 28.7999992370605 33.5999984741211
14.3000001907349 15.1999998092651 21.1000003814697 33 48.0999984741211 48.9000015258789 53.7999992370605 42.5999984741211 -3.4e+38 -3.4e+38 -3.4e+38 -3.4e+38 -3.4e+38 -3.4e+38 -3.4e+38 -3.4e+38 -3.4e+38 -3.4e+38 -3.4e+38 -3.4e+38 -3.4e+38 -3.4e+38 -3.4e+38 -3.4e+38 -3.4e+38 -3.4e+38 -3.4e+38 -3.4e+38 -3.4e+38 -3.4e+38 -3.4e+38 -3.4e+38 -3.4e+38 -3.4e+38 -3.4e+38 -3.4e+38 -3.4e+38 -3.4e+38 -3.4e+38 -3.4e+38 -3.4e+38 -3.4e+38 -3.4e+38 -3.4e+38 19 21.2999992370605 22.2000007629395 20.8999996185303 22.3999996185303 23.6000003814697 23.7000007629395 24.1000003814697 25.3999996185303 27.7000007629395 29.6000003814697 30.1000003814697 32.2999992370605 35.7999992370605
10.6999998092651 8.30000019073486 10.1000003814697 16.2999992370605 32.7000007629395 45.0999984741211 39.7999992370605 24.2999992370605 -3.4e+38 -3.4e+38 -3.4e+38 -3.4e+38 -3.4e+38 -3.4e+38 -3.4e+38 -3.4e+38 -3.4e+38 -3.4e+38 -3.4e+38 -3.4e+38 -3.4e+38 -3.4e+38 -3.4e+38 -3.4e+38 -3.4e+38 -3.4e+38 -3.4e+38 -3.4e+38 -3.4e+38 -3.4e+38 -3.4e+38 -3.4e+38 -3.4e+38 -3.4e+38 -3.4e+38 -3.4e+38 -3.4e+38 -3.4e+38 -3.4e+38 -3.4e+38 -3.4e+38 -3.4e+38 -3.4e+38 17.8999996185303 19.2999992370605 24.1000003814697 24.1000003814697 21.2999992370605 21.7000007629395 23.6000003814697 21.2000007629395 20.7999992370605 22.7999992370605 25.7999992370605 30.2999992370605 32 33.5 35.7000007629395
7.80000019073486 5.40000009536743 5.59999990463257 16.7000007629395 35.5999984741211 37 26.2999992370605 11.5 7.90000009536743 -3.4e+38 -3.4e+38 -3.4e+38 -3.4e+38 -3.4e+38 -3.4e+38 -3.4e+38 -3.4e+38 -3.4e+38 -3.4e+38 -3.4e+38 -3.4e+38 -3.4e+38 -3.4e+38 -3.4e+38 -3.4e+38 -3.4e+38 -3.4e+38 -3.4e+38 -3.4e+38 -3.4e+38 -3.4e+38 -3.4e+38 -3.4e+38 -3.4e+38 -3.4e+38 -3.4e+38 -3.4e+38 -3.4e+38 -3.4e+38 -3.4e+38 -3.4e+38 -3.4e+38 -3.4e+38 18.1000003814697 18.7999992370605 23 23.1000003814697 21.7000007629395 21.1000003814697 20.3999996185303 17.3999996185303 16.8999996185303 19.2000007629395 23 27.7999992370605 31.1000003814697 33.4000015258789 35.4000015258789
6.09999990463257 4.69999980926514 6.30000019073486 21.7000007629395 32.9000015258789 34.5 22.1000003814697 12.8000001907349 9.69999980926514 -3.4e+38 -3.4e+38 -3.4e+38 -3.4e+38 -3.4e+38 -3.4e+38 -3.4e+38 -3.4e+38 -3.4e+38 -3.4e+38 -3.4e+38 -3.4e+38 -3.4e+38 -3.4e+38 -3.4e+38 -3.4e+38 -3.4e+38 -3.4e+38 -3.4e+38 -3.4e+38 -3.4e+38 -3.4e+38 -3.4e+38 -3.4e+38 -3.4e+38 -3.4e+38 -3.4e+38 -3.4e+38 -3.4e+38 -3.4e+38 -3.4e+38 -3.4e+38 -3.4e+38 -3.4e+38 18.2999992370605 17.7999992370605 20.5 21.8999996185303 21.1000003814697 19.3999996185303 16.8999996185303 13.8999996185303 13 15.3000001907349 19.1000003814697 23.7000007629395 29.1000003814697 33 35.7999992370605
5.80000019073486 4.80000019073486 9.30000019073486 25 32.2999992370605 36.5 27 16.1000003814697 11.5 12.6000003814697 -3.4e+38 -3.4e+38 -3.4e+38 -3.4e+38 -3.4e+38 -3.4e+38 -3.4e+38 -3.4e+38 -3.4e+38 -3.4e+38 -3.4e+38 -3.4e+38 -3.4e+38 -3.4e+38 -3.4e+38 -3.4e+38 -3.4e+38 -3.4e+38 -3.4e+38 -3.4e+38 -3.4e+38 -3.4e+38 -3.4e+38 -3.4e+38 -3.4e+38 -3.4e+38 -3.4e+38 -3.4e+38 -3.4e+38 -3.4e+38 -3.4e+38 19.1000003814697 19.1000003814697 17.6000003814697 16.8999996185303 18.7999992370605 20.2000007629395 20.1000003814697 18.3999996185303 16.1000003814697 14.3000001907349 12.8000001907349 13.8000001907349 15.8000001907349 18.8999996185303 24.3999996185303 30.8999996185303 36.4000015258789
4.90000009536743 3.70000004768372 7 20.2999992370605 30.7000007629395 39.0999984741211 37.2000007629395 23.6000003814697 12.1999998092651 11.6000003814697 14 -3.4e+38 -3.4e+38 -3.4e+38 -3.4e+38 -3.4e+38 -3.4e+38 -3.4e+38 -3.4e+38 -3.4e+38 -3.4e+38 -3.4e+38 -3.4e+38 -3.4e+38 -3.4e+38 -3.4e+38 -3.4e+38 -3.4e+38 -3.4e+38 -3.4e+38 -3.4e+38 -3.4e+38 -3.4e+38 -3.4e+38 -3.4e+38 -3.4e+38 -3.4e+38 -3.4e+38 -3.4e+38 -3.4e+38 19.5 19.8999996185303 19.1000003814697 18.2000007629395 18.3999996185303 18.7999992370605 19.5 19.7999992370605 18.2000007629395 17.3999996185303 15.8000001907349 14.1999998092651 13.6000003814697 13.6000003814697 14.6000003814697 18.5 27 34.7999992370605
3.09999990463257 2.59999990463257 6.30000019073486 16.6000003814697 26.8999996185303 44.5999984741211 52.5 31.8999996185303 12.8000001907349 11.5 12.8000001907349 15.8999996185303 -3.4e+38 -3.4e+38 -3.4e+38 -3.4e+38 -3.4e+38 -3.4e+38 -3.4e+38 -3.4e+38 -3.4e+38 -3.4e+38 -3.4e+38 -3.4e+38 -3.4e+38 -3.4e+38 -3.4e+38 -3.4e+38 -3.4e+38 -3.4e+38 -3.4e+38 -3.4e+38 -3.4e+38 -3.4e+38 -3.4e+38 -3.4e+38 -3.4e+38 -3.4e+38 -3.4e+38 -3.4e+38 19.8999996185303 20.6000003814697 20.2999992370605 19.8999996185303 19.7000007629395 20 20.5 20.5 19.6000003814697 19.2999992370605 18.3999996185303 16.7999992370605 15 12.8000001907349 12.3000001907349 15.8999996185303 24.8999996185303 30.1000003814697
2 2.90000009536743 5.80000019073486 12.3999996185303 20 46.5999984741211 55.2999992370605 37.9000015258789 16.2999992370605 13.5 15.5 18.8999996185303 25.1000003814697 23.7000007629395 24.8999996185303 35.5 -3.4e+38 -3.4e+38 -3.4e+38 -3.4e+38 -3.4e+38 -3.4e+38 -3.4e+38 -3.4e+38 -3.4e+38 -3.4e+38 -3.4e+38 -3.4e+38 -3.4e+38 -3.4e+38 -3.4e+38 -3.4e+38 30.1000003814697 28.8999996185303 27 25 -3.4e+38 -3.4e+38 -3.4e+38 -3.4e+38 21.3999996185303 21.1000003814697 21.6000003814697 21.6000003814697 21.5 21.7999992370605 22.7999992370605 22.6000003814697 21.8999996185303 21.6000003814697 21.5 20.5 19.2999992370605 16.1000003814697 13.8999996185303 19.1000003814697 24.1000003814697 -3.4e+38
2.09999990463257 2.70000004768372 5.30000019073486 8.39999961853027 14.8999996185303 41.9000015258789 45.7999992370605 41.9000015258789 25.7000007629395 18.5 17 19.3999996185303 22.8999996185303 21.8999996185303 20.6000003814697 25.6000003814697 24.8999996185303 27.5 -3.4e+38 -3.4e+38 -3.4e+38 -3.4e+38 -3.4e+38 -3.4e+38 -3.4e+38 -3.4e+38 -3.4e+38 -3.4e+38 -3.4e+38 -3.4e+38 40.2999992370605 37.2000007629395 35.7999992370605 33.7999992370605 31 28.7999992370605 26.2999992370605 -3.4e+38 23.7999992370605 23 22.8999996185303 22.3999996185303 21.3999996185303 22.3999996185303 23.7999992370605 24.2999992370605 25.7999992370605 25.7000007629395 24.3999996185303 25.1000003814697 24.7999992370605 24.5 24.7000007629395 24.7999992370605 22.3999996185303 23.6000003814697 23 -3.4e+38
3.29999995231628 4.09999990463257 5.80000019073486 2.79999995231628 12.1000003814697 31.1000003814697 67.5 43.4000015258789 40.7999992370605 31.6000003814697 24.8999996185303 21.1000003814697 22.5 19.8999996185303 16 17.6000003814697 20.1000003814697 18.8999996185303 24.2999992370605 -3.4e+38 -3.4e+38 -3.4e+38 -3.4e+38 -3.4e+38 -3.4e+38 43.9000015258789 42.2999992370605 41.4000015258789 44.2000007629395 46.5999984741211 46.0999984741211 44.5999984741211 44 42.4000015258789 38.2000007629395 34.0999984741211 30.2999992370605 27.3999996185303 26.1000003814697 24.7000007629395 23.8999996185303 23.7000007629395 20.1000003814697 20.7999992370605 25.2999992370605 27.3999996185303 29 28.2999992370605 27.1000003814697 27.6000003814697 27.8999996185303 28.2000007629395 28.2000007629395 28.7000007629395 28.6000003814697 28.2999992370605 26.7999992370605 27.3999996185303
4.90000009536743 4.09999990463257 5.40000009536743 5.80000019073486 10.5 25.2999992370605 51 71.5 58.4000015258789 51.5999984741211 37.9000015258789 29.7000007629395 24.6000003814697 19.5 16.6000003814697 15.1999998092651 18.8999996185303 19.7999992370605 26.2000007629395 37.7000007629395 47.0999984741211 48.2999992370605 47.2999992370605 47.2999992370605 45.9000015258789 44.5999984741211 44.7000007629395 43.4000015258789 44.9000015258789 47.0999984741211 49.2999992370605 50.5999984741211 51.7999992370605 52.7999992370605 48.2000007629395 40.4000015258789 34.5999984741211 30.3999996185303 29.2999992370605 29.3999996185303 28 25.8999996185303 24.7999992370605 24.7999992370605 27.8999996185303 29.7999992370605 31.2999992370605 31.3999996185303 30.8999996185303 30.7000007629395 30.8999996185303 31.2999992370605 30.7000007629395 31.7000007629395 32.7000007629395 32.7999992370605 34.2999992370605 35.0999984741211
4.90000009536743 4.19999980926514 5.09999990463257 5.59999990463257 8.89999961853027 18.3999996185303 38 64.0999984741211 68.4000015258789 62.4000015258789 54.2999992370605 38.2000007629395 28.8999996185303 23.6000003814697 20.8999996185303 20.1000003814697 21.2999992370605 23.2999992370605 26.6000003814697 36.7999992370605 43 44.0999984741211 45.2000007629395 47.5 49.0999984741211 48.9000015258789 47.9000015258789 47.5 48.2999992370605 47.9000015258789 54.0999984741211 58.7999992370605 61.0999984741211 61.5999984741211 59 49.4000015258789 42.5999984741211 39.7999992370605 36.9000015258789 36.5999984741211 34.7999992370605 31.8999996185303 29.7999992370605 29.3999996185303 30.1000003814697 30.8999996185303 31.8999996185303 32.2999992370605 32.2999992370605 32.2000007629395 32.5999984741211 32.7999992370605 33.0999984741211 35.7999992370605 38.7999992370605 42.7000007629395 44.5999984741211 -3.4e+38
4.19999980926514 3.90000009536743 4.5 4.30000019073486 8.30000019073486 12.1000003814697 23.1000003814697 46.7999992370605 62.9000015258789 64.1999969482422 65.0999984741211 48.2999992370605 35.5 29.1000003814697 23.7999992370605 24.5 27.1000003814697 30.7999992370605 35.4000015258789 41.5999984741211 46 45.4000015258789 48 51.4000015258789 53.9000015258789 56.2999992370605 56.9000015258789 60.2999992370605 65 67.1999969482422 71.3000030517578 74.1999969482422 75.5999984741211 71.5 70.9000015258789 67.1999969482422 59.4000015258789 51.0999984741211 46.4000015258789 44.5 41.4000015258789 37.5999984741211 34.9000015258789 32.4000015258789 31.8999996185303 31.7999992370605 32.5999984741211 33 33.5 33.7999992370605 33.2000007629395 32.2999992370605 33.9000015258789 38.2000007629395 45.9000015258789 48.4000015258789 49.7999992370605 -3.4e+38
4.59999990463257 5 4.90000009536743 3.29999995231628 5.09999990463257 10.8999996185303 16.1000003814697 24.6000003814697 43.7999992370605 58.7000007629395 59 52.0999984741211 43.2999992370605 32.5999984741211 27.1000003814697 29.1000003814697 33.5999984741211 41.2999992370605 45.5999984741211 51.5 57.0999984741211 58.5999984741211 59.5999984741211 63.0999984741211 67.8000030517578 72.8000030517578 77.9000015258789 85 103.699996948242 111.099998474121 104.300003051758 99.5999984741211 102.300003051758 99.3000030517578 91.5 82.8000030517578 72.0999984741211 63.0999984741211 56.2999992370605 51.5999984741211 46.7000007629395 42.2999992370605 38.5 35.5 33.5999984741211 33 33.2999992370605 34.2000007629395 35.4000015258789 34.5999984741211 33.5999984741211 33.7000007629395 33.5 38.5999984741211 48.0999984741211 51.4000015258789 52.9000015258789 -3.4e+38
4.90000009536743 4.69999980926514 5.30000019073486 2.79999995231628 3.90000009536743 6.59999990463257 10 15.8000001907349 25.6000003814697 46 53.5999984741211 49.0999984741211 38.5 33.9000015258789 30.3999996185303 32.5999984741211 36.2999992370605 48.4000015258789 53.9000015258789 61.7999992370605 72.5999984741211 73.6999969482422 71.4000015258789 72.5999984741211 79.9000015258789 91.1999969482422 112.300003051758 131.100006103516 146.300003051758 144.600006103516 130.300003051758 100.300003051758 103.800003051758 110.599998474121 97.6999969482422 87.0999984741211 76.8000030517578 69.4000015258789 63 56.9000015258789 51.2999992370605 47.0999984741211 42.5 38.7999992370605 35.2999992370605 33.5999984741211 34.4000015258789 36.4000015258789 37.7000007629395 36.2999992370605 36.5999984741211 36.7000007629395 36.5 40.5999984741211 49.0999984741211 52.5999984741211 53.2999992370605 -3.4e+38
5.19999980926514 5.09999990463257 4.69999980926514 4.09999990463257 4.19999980926514 3.90000009536743 5.5 11.5 14.1000003814697 31.8999996185303 38.0999984741211 47.4000015258789 35.4000015258789 33.0999984741211 33.5 36.2999992370605 42.9000015258789 50.4000015258789 57.0999984741211 65.1999969482422 75.5999984741211 78.4000015258789 68 63.5 75 78.6999969482422 92.9000015258789 86.9000015258789 57.7999992370605 53.9000015258789 95.4000015258789 80.3000030517578 69.4000015258789 80.3000030517578 88.5999984741211 80.4000015258789 73.6999969482422 69.4000015258789 65.0999984741211 61.4000015258789 56.7999992370605 51.5999984741211 47.0999984741211 42.9000015258789 38.0999984741211 34.9000015258789 34.9000015258789 38.0999984741211 40.0999984741211 40.2999992370605 40.7000007629395 40.4000015258789 41.2000007629395 44.0999984741211 49.9000015258789 53.5999984741211 54.9000015258789 -3.4e+38
7.90000009536743 7.30000019073486 5.90000009536743 4.09999990463257 4.5 3.59999990463257 3.29999995231628 4.80000019073486 7.40000009536743 17.2000007629395 20.2000007629395 35.4000015258789 36 32.4000015258789 27.3999996185303 29.3999996185303 37.7000007629395 46.5 52.4000015258789 47.5999984741211 44.5999984741211 55.7000007629395 53.4000015258789 45.4000015258789 55.2999992370605 51.4000015258789 52 46.5999984741211 33.9000015258789 23.5 47.4000015258789 62.4000015258789 57.4000015258789 64.8000030517578 68.8000030517578 66.6999969482422 65.1999969482422 61.9000015258789 62 63.5999984741211 61.5 57.0999984741211 52.2000007629395 49.0999984741211 45.0999984741211 40.7999992370605 39.9000015258789 40.5999984741211 42.9000015258789 45.2999992370605 44.5999984741211 45.7000007629395 45.9000015258789 50.7000007629395 53.9000015258789 55.7000007629395 57.7999992370605 -3.4e+38
8.30000019073486 8.30000019073486 7.09999990463257 6.09999990463257 6.09999990463257 4.59999990463257 2 2.29999995231628 2.29999995231628 5.09999990463257 7.80000019073486 16.3999996185303 18.7999992370605 20.8999996185303 21.3999996185303 21.2000007629395 25.2999992370605 36.4000015258789 43.5999984741211 39.7999992370605 31.2000007629395 28.6000003814697 28.1000003814697 30.5 31.1000003814697 26.2000007629395 26.2000007629395 23.6000003814697 24.1000003814697 11.1999998092651 20.1000003814697 24.2000007629395 36.9000015258789 45.5999984741211 52.2999992370605 55.7999992370605 54.5 55.7000007629395 54.4000015258789 58.7000007629395 63.7999992370605 59.5999984741211 56.5 55.4000015258789 54.2000007629395 52.0999984741211 48.7000007629395 42.7999992370605 43.2999992370605 47.9000015258789 48.0999984741211 49.7999992370605 55 57.2999992370605 57.5999984741211 57.2999992370605 60.4000015258789 -3.4e+38
6.90000009536743 8.60000038146973 8.39999961853027 8.10000038146973 6.30000019073486 3.79999995231628 2 2.09999990463257 1.60000002384186 2.90000009536743 4.19999980926514 5.80000019073486 9.5 11.8000001907349 10.3999996185303 11.1000003814697 11.6999998092651 21.2999992370605 27.2999992370605 19 16.2999992370605 20.7999992370605 21.2999992370605 20.8999996185303 18.2999992370605 14.1999998092651 11.3999996185303 9.69999980926514 9.10000038146973 8.10000038146973 9.10000038146973 12.6000003814697 18.6000003814697 26.6000003814697 39 45.2999992370605 49.7000007629395 49.4000015258789 53.2000007629395 53.0999984741211 59.9000015258789 61.5999984741211 61.2999992370605 63.2999992370605 64.1999969482422 61.5 56.2000007629395 51.5999984741211 51.4000015258789 55.9000015258789 54.7000007629395 57.5999984741211 61.9000015258789 61.9000015258789 60.2999992370605 58.7000007629395 60.4000015258789 -3.4e+38
6.80000019073486 5.90000009536743 6.30000019073486 7 5.30000019073486 3.90000009536743 3.20000004768372 2.59999990463257 1.70000004768372 3.09999990463257 2.79999995231628 1.29999995231628 3.90000009536743 2.40000009536743 1.79999995231628 2.09999990463257 2.29999995231628 6.40000009536743 8.10000038146973 5.40000009536743 4 8.19999980926514 14 12.6000003814697 10.1999998092651 4.59999990463257 7.09999990463257 5 3.09999990463257 5.40000009536743 8.80000019073486 8.89999961853027 10.1999998092651 16.2999992370605 26.2999992370605 38.5 44.4000015258789 44.0999984741211 46.7999992370605 47.0999984741211 54.5999984741211 63.5999984741211 68.1999969482422 72 72.3000030517578 69.3000030517578 65.5999984741211 62.5 62.4000015258789 64.6999969482422 66.9000015258789 69.0999984741211 69.5 66.9000015258789 61.7000007629395 59.9000015258789 59.7999992370605 -3.4e+38
4.30000019073486 4.90000009536743 7.40000009536743 5.5 5.59999990463257 4.09999990463257 3.29999995231628 1.39999997615814 2.90000009536743 5.40000009536743 3.79999995231628 1.20000004768372 1.79999995231628 0.899999976158142 1 2 2 -3.4e+38 2.40000009536743 1.29999995231628 0.699999988079071 1.70000004768372 2.79999995231628 7 5.19999980926514 4.59999990463257 2.29999995231628 1.89999997615814 1.10000002384186 1.70000004768372 3.90000009536743 5 6.40000009536743 7.80000019073486 19 30 45.7000007629395 45.5999984741211 38.5999984741211 45 55.5999984741211 67.8000030517578 76.5999984741211 80.9000015258789 81.0999984741211 80.0999984741211 77.3000030517578 75.3000030517578 75.8000030517578 77.3000030517578 78.5999984741211 80 76.0999984741211 68 66.4000015258789 65.3000030517578 -3.4e+38 -3.4e+38
2.09999990463257 2.79999995231628 6.90000009536743 9.60000038146973 7.09999990463257 5.30000019073486 5.09999990463257 7.09999990463257 7.59999990463257 7.5 6.90000009536743 3.09999990463257 1.60000002384186 1.29999995231628 1.20000004768372 1.70000004768372 1.60000002384186 -3.4e+38 -3.4e+38 -3.4e+38 0.100000001490116 0.400000005960464 -3.4e+38 0.300000011920929 1.60000002384186 4.09999990463257 2 1 0.800000011920929 0.699999988079071 1.60000002384186 2.90000009536743 3.59999990463257 4.40000009536743 13.6999998092651 24.2999992370605 40.5 40.5999984741211 38.2999992370605 46.2000007629395 60.5999984741211 72.0999984741211 85.3000030517578 90.0999984741211 90.5999984741211 91.0999984741211 89 86.8000030517578 87.0999984741211 88.5999984741211 86.8000030517578 83.3000030517578 78.0999984741211 74.5999984741211 -3.4e+38 -3.4e+38 -3.4e+38 -3.4e+38
1.79999995231628 2.40000009536743 2.90000009536743 4.80000019073486 4.19999980926514 5.19999980926514 5.30000019073486 6.80000019073486 6.59999990463257 6.40000009536743 4.59999990463257 2.5 1.39999997615814 1 1.10000002384186 -3.4e+38 -3.4e+38 -3.4e+38 -3.4e+38 -3.4e+38 -3.4e+38 -3.4e+38 -3.4e+38 -3.4e+38 0.300000011920929 2.09999990463257 2.09999990463257 0.899999976158142 0.600000023841858 1.20000004768372 1.89999997615814 1.70000004768372 1.79999995231628 3.59999990463257 8.60000038146973 17.8999996185303 35.4000015258789 56.5999984741211 59.2000007629395 59.7999992370605 64.4000015258789 78.9000015258789 94.3000030517578 98.5 101.099998474121 103.900001525879 100.099998474121 98 96.5999984741211 94.5999984741211 90.1999969482422 85.6999969482422 82.4000015258789 83.3000030517578 -3.4e+38 -3.4e+38 -3.4e+38 -3.4e+38
