data/layers/future_layer_mc_126_60/bio19.asc
NCOLS 494 
NROWS 529 
XLLCORNER -117.166666666667 
YLLCORNER -55.5 
CELLSIZE 0.166666666666667 
NODATA_value -3.4e+38 
[rows 216 to 239 of 529, columns 270 to 323 of 494]
574.299987792969 576.299987792969 559.799987792969 606.299987792969 646.900024414062 654.299987792969 662.900024414062 666.099975585938 664.799987792969 656.099975585938 645.400024414062 633.599975585938 621 596.400024414062 572.400024414062 553.099975585938 532.900024414062 532.299987792969 554.900024414062 578 600.299987792969 607.700012207031 612.299987792969 608.099975585938 611.400024414062 610 610.799987792969 611.400024414062 612.099975585938 618.599975585938 624.099975585938 620.900024414062 617.200012207031 613.400024414062 608.900024414062 602.099975585938 596.099975585938 600.099975585938 598.900024414062 605.400024414062 608 609.700012207031 605.599975585938 594.799987792969 650.799987792969 603.400024414062 672.299987792969 543.400024414062 532.200012207031 530.200012207031 520.400024414062 519.599975585938 600.799987792969 567.299987792969
555.299987792969 575.299987792969 550.400024414062 594.400024414062 644 651.299987792969 656.700012207031 655.400024414062 658.099975585938 645.299987792969 636.599975585938 629.900024414062 607 582.900024414062 558.099975585938 524.299987792969 484.299987792969 496.100006103516 524.599975585938 543.599975585938 568.200012207031 577.799987792969 579.5 579.299987792969 581.599975585938 582.099975585938 588.299987792969 586.400024414062 586.400024414062 590.599975585938 597.599975585938 592.299987792969 592.400024414062 588.799987792969 580.299987792969 575.900024414062 572.5 570 563.900024414062 562.299987792969 560.799987792969 561.400024414062 550.599975585938 545.799987792969 548.299987792969 535.299987792969 560.299987792969 519.799987792969 497.799987792969 490.700012207031 483.200012207031 503.399993896484 517.799987792969 621.099975585938
614.299987792969 601.299987792969 585.900024414062 585.799987792969 629.900024414062 634.299987792969 651.799987792969 652.299987792969 649.200012207031 634.099975585938 622.099975585938 615.099975585938 607.299987792969 584.200012207031 550.400024414062 514 477.5 487.200012207031 504.100006103516 511.299987792969 535.799987792969 543.799987792969 544.700012207031 553.400024414062 556.099975585938 555.400024414062 558.599975585938 558.799987792969 559.599975585938 564.400024414062 573.599975585938 571.900024414062 571.900024414062 567.900024414062 557.400024414062 548.900024414062 542.799987792969 543.400024414062 532 524.099975585938 517.099975585938 520.400024414062 508.600006103516 511.399993896484 504.299987792969 496.899993896484 489.600006103516 483.299987792969 459.100006103516 441.299987792969 431.799987792969 458.299987792969 502.299987792969 533.299987792969
610.299987792969 610.299987792969 608.599975585938 618.599975585938 625.200012207031 625.799987792969 636.400024414062 632 630.299987792969 621.299987792969 611.900024414062 598.299987792969 599.799987792969 577.900024414062 541 508.399993896484 481.200012207031 485.600006103516 489.799987792969 498.399993896484 518.099975585938 522.099975585938 523.599975585938 527.900024414062 529.5 529.099975585938 526.400024414062 533.700012207031 545.099975585938 544 545.900024414062 549.799987792969 549.900024414062 541.400024414062 527.799987792969 526.799987792969 520.099975585938 516.799987792969 501.799987792969 491 486.899993896484 483.100006103516 475.5 475.299987792969 469.899993896484 468.600006103516 461.200012207031 450.100006103516 433.799987792969 415.299987792969 412.5 445 477.200012207031 515.200012207031
595.799987792969 600 603.599975585938 608.299987792969 616.299987792969 624.599975585938 627.5 631.599975585938 623.299987792969 614.099975585938 600.099975585938 583.599975585938 573 576.900024414062 533.099975585938 495.799987792969 475.799987792969 478.799987792969 474.5 490.600006103516 502.200012207031 505.600006103516 508.700012207031 512 512.5 506.100006103516 512.099975585938 515.599975585938 520 522.099975585938 521.900024414062 524.400024414062 522.599975585938 517.299987792969 510.200012207031 503.299987792969 493.299987792969 485 474 464.700012207031 457 452.299987792969 441.899993896484 443.299987792969 446.200012207031 441.5 439.100006103516 432.700012207031 422.799987792969 412.600006103516 417.899993896484 473.899993896484 552.200012207031 518.599975585938
571.5 576.599975585938 587.599975585938 601.799987792969 605.099975585938 611.099975585938 616.400024414062 614.599975585938 601.299987792969 590.599975585938 571.099975585938 544.099975585938 529.599975585938 526.299987792969 494.799987792969 475.600006103516 471.399993896484 468.799987792969 473 488.100006103516 490.100006103516 491.799987792969 493.100006103516 496.399993896484 497.299987792969 488.100006103516 495.600006103516 499.600006103516 498.899993896484 506.100006103516 507.100006103516 505 503.299987792969 491.100006103516 490.899993896484 482.899993896484 473.399993896484 464.5 450.299987792969 441.299987792969 429.299987792969 416 415.899993896484 420.399993896484 421.600006103516 421.600006103516 422.200012207031 421.299987792969 418.600006103516 413.399993896484 418.899993896484 438 476.799987792969 502.399993896484
555.700012207031 560.799987792969 567.900024414062 579.5 581.200012207031 585.700012207031 589.900024414062 592.900024414062 583.099975585938 565.599975585938 537.799987792969 511.100006103516 488.100006103516 473.5 469.600006103516 468.5 464.799987792969 462.799987792969 470.200012207031 479.5 479.299987792969 477.700012207031 479.600006103516 479.100006103516 478.600006103516 473.700012207031 480.100006103516 479.299987792969 480.899993896484 484.200012207031 487.399993896484 491.399993896484 487.200012207031 471.399993896484 469.899993896484 460.799987792969 453.799987792969 442.899993896484 432.899993896484 421.600006103516 412.600006103516 406.799987792969 403.5 403.899993896484 406.299987792969 411.299987792969 413.899993896484 415.100006103516 415.299987792969 415 427.600006103516 495.100006103516 531.599975585938 470.700012207031
542.200012207031 547.200012207031 555.299987792969 561.900024414062 564 568.099975585938 570.200012207031 569.400024414062 554.299987792969 538.900024414062 518.799987792969 491.399993896484 474.600006103516 466.799987792969 465 464 465.299987792969 463.700012207031 470.299987792969 471.100006103516 471.799987792969 473 470.399993896484 468.799987792969 462.5 468.100006103516 468.5 463.399993896484 463.200012207031 470.200012207031 470.799987792969 470.799987792969 463.700012207031 456.5 450.100006103516 443.200012207031 435.899993896484 425.299987792969 419.700012207031 410.600006103516 408.399993896484 403.899993896484 396.600006103516 396.399993896484 398.600006103516 401.200012207031 404.299987792969 408.100006103516 411.600006103516 417.100006103516 421.700012207031 444.799987792969 442.600006103516 450.600006103516
524 532.099975585938 539.200012207031 540.5 545.400024414062 549.400024414062 546.900024414062 539.099975585938 530.200012207031 519.099975585938 500.100006103516 478.299987792969 463.600006103516 459.399993896484 455.799987792969 456 457.700012207031 461 467.600006103516 465.899993896484 466.100006103516 466.600006103516 461.899993896484 462.899993896484 455 456.600006103516 452.899993896484 449.399993896484 447.700012207031 451.299987792969 451.200012207031 455.100006103516 444.700012207031 437.399993896484 432.799987792969 427.299987792969 419.200012207031 416.100006103516 409.600006103516 404.399993896484 401.100006103516 395.899993896484 393.700012207031 391.5 392.399993896484 396.899993896484 401.200012207031 406.100006103516 410.5 415.399993896484 415.899993896484 422.799987792969 428.399993896484 437.399993896484
510.299987792969 516.400024414062 516.599975585938 520.200012207031 527.400024414062 527.900024414062 525.099975585938 517.700012207031 506.799987792969 494.600006103516 478.600006103516 464.899993896484 454.899993896484 451.899993896484 447.799987792969 450 455.399993896484 461.600006103516 464.5 461.899993896484 456.700012207031 456.399993896484 455.799987792969 454.100006103516 449.899993896484 443.5 441 437.899993896484 435.799987792969 430.600006103516 430.100006103516 425.100006103516 421.600006103516 416.600006103516 410.799987792969 404.600006103516 405.899993896484 404.899993896484 401.100006103516 400.600006103516 397.399993896484 398.799987792969 397.299987792969 393.399993896484 394.399993896484 396.600006103516 400.100006103516 401.200012207031 403.100006103516 408.700012207031 409.700012207031 412.600006103516 413.399993896484 418.299987792969
495.299987792969 496 497.399993896484 504.899993896484 506 504.600006103516 504.600006103516 496.799987792969 485.299987792969 470.600006103516 461.100006103516 451.600006103516 450.100006103516 444.200012207031 439.100006103516 440.700012207031 447.799987792969 451.799987792969 455.799987792969 458.600006103516 457.600006103516 453.899993896484 445.799987792969 439.899993896484 439.899993896484 432.299987792969 430.899993896484 424.399993896484 419.799987792969 410.299987792969 403.399993896484 399.100006103516 397.399993896484 388.799987792969 387.100006103516 387.100006103516 392.899993896484 397.799987792969 397.299987792969 396.799987792969 395.799987792969 395.299987792969 394.399993896484 394 393.200012207031 392.799987792969 393.399993896484 396.600006103516 403.600006103516 404.399993896484 401.5 396.899993896484 431.700012207031 431.299987792969
480.399993896484 478.899993896484 482.700012207031 484.899993896484 483.899993896484 480.899993896484 475.799987792969 470.100006103516 463.299987792969 455.100006103516 446.299987792969 436.399993896484 436.600006103516 433.5 427 431.299987792969 435.100006103516 443.299987792969 455.700012207031 453.399993896484 449.899993896484 442.100006103516 434.899993896484 428.200012207031 425.299987792969 420.5 418.600006103516 411.200012207031 402.399993896484 393.100006103516 390.5 385.899993896484 377.899993896484 368.799987792969 374.299987792969 377.299987792969 384.899993896484 388.600006103516 391.700012207031 396.899993896484 395.700012207031 395.899993896484 397.899993896484 396 394 392.600006103516 389 386.299987792969 390.899993896484 391.600006103516 385.899993896484 383.299987792969 382.200012207031 374.799987792969
466.799987792969 469.100006103516 473.399993896484 467.299987792969 467 462.600006103516 458.200012207031 451.700012207031 448.899993896484 442.200012207031 428.399993896484 422.299987792969 420.799987792969 421.100006103516 415.100006103516 417.399993896484 421.100006103516 433.200012207031 444 444.899993896484 436 429.100006103516 422.799987792969 418.5 410.600006103516 406.899993896484 405.100006103516 396.799987792969 385.100006103516 382.600006103516 382.100006103516 375 367.100006103516 364.100006103516 368.600006103516 371.299987792969 375.299987792969 382.399993896484 387 394.299987792969 396.399993896484 396.100006103516 399.299987792969 397 393.5 388.200012207031 380.399993896484 375.5 375.399993896484 372 369.399993896484 366.100006103516 361.299987792969 489.299987792969
456.799987792969 453.700012207031 457.700012207031 455.700012207031 449.799987792969 444.600006103516 441.5 434.799987792969 429.899993896484 420.100006103516 409.600006103516 409.200012207031 402 404.799987792969 400.299987792969 402.299987792969 406.600006103516 412.600006103516 421.600006103516 426.799987792969 419.299987792969 414.899993896484 409.600006103516 407.200012207031 401.200012207031 394.899993896484 383 379.899993896484 380.100006103516 377 372.600006103516 366.899993896484 361.600006103516 358.799987792969 362.399993896484 366.600006103516 371.100006103516 383 385.899993896484 396.899993896484 402.5 404.200012207031 400.5 395.299987792969 389.899993896484 383.799987792969 371.399993896484 355.399993896484 351.799987792969 348.799987792969 347.899993896484 347.100006103516 374.899993896484 506
447.899993896484 448.299987792969 445.600006103516 439.799987792969 433.399993896484 428.799987792969 426.200012207031 419.299987792969 415.299987792969 406.600006103516 396.299987792969 395.899993896484 385.899993896484 387 385 383.100006103516 386.100006103516 392.799987792969 403.200012207031 402.600006103516 401.5 396.799987792969 391.700012207031 391.200012207031 383.899993896484 375.399993896484 370.899993896484 371.799987792969 369.299987792969 368.600006103516 362.700012207031 359.100006103516 355 356.200012207031 358.100006103516 360.600006103516 369.799987792969 375 383.799987792969 396.100006103516 403.899993896484 406.299987792969 406.399993896484 401.600006103516 392.399993896484 373.399993896484 353.200012207031 342.299987792969 336.299987792969 333.100006103516 325.899993896484 327.600006103516 392.100006103516 594.400024414062
433.200012207031 432.899993896484 431 421.899993896484 421.600006103516 420.200012207031 411.600006103516 402.799987792969 397.799987792969 385.700012207031 378.600006103516 378.600006103516 371.399993896484 365.5 363.700012207031 363.399993896484 367.899993896484 375.799987792969 382.399993896484 378.700012207031 381.600006103516 378.399993896484 374.200012207031 373.299987792969 368.700012207031 361.600006103516 358.799987792969 361.299987792969 357.200012207031 356 351.600006103516 351.600006103516 352.899993896484 356.899993896484 356 358.600006103516 368.899993896484 373.799987792969 384.399993896484 395.200012207031 404.399993896484 411.299987792969 410.799987792969 404.399993896484 389.100006103516 364.5 345.100006103516 329.799987792969 320.700012207031 312.799987792969 311.200012207031 311.799987792969 307.299987792969 513.900024414062
422.799987792969 421.899993896484 416.799987792969 412.299987792969 411.5 406.899993896484 398.100006103516 390.899993896484 377.600006103516 366.899993896484 366.299987792969 360.700012207031 358.100006103516 350.100006103516 346.200012207031 347.399993896484 350 356.899993896484 359.799987792969 358.200012207031 362.600006103516 362.100006103516 356.899993896484 354.899993896484 348.5 344.200012207031 348.299987792969 350.600006103516 344.200012207031 343.600006103516 343.5 344.899993896484 348 351.5 353.799987792969 359.799987792969 366.399993896484 374.299987792969 383.299987792969 391.600006103516 404.899993896484 416.100006103516 421.100006103516 415.299987792969 396.200012207031 364.899993896484 333.100006103516 313.799987792969 302.600006103516 299.700012207031 298.299987792969 294 290.799987792969 363.600006103516
415.299987792969 414.5 408.600006103516 404.100006103516 403.899993896484 398.399993896484 391.200012207031 378.299987792969 365.700012207031 354.299987792969 351.399993896484 343 339.200012207031 333.299987792969 330.899993896484 332.299987792969 334.100006103516 340.299987792969 341.600006103516 345.100006103516 344.299987792969 345.100006103516 342.899993896484 336.700012207031 331 330.399993896484 338.700012207031 336.100006103516 331.899993896484 332.100006103516 335.600006103516 336.799987792969 337.299987792969 341.799987792969 344.5 350.700012207031 360.100006103516 367.799987792969 377.399993896484 387.799987792969 400.899993896484 414.899993896484 424.899993896484 427.899993896484 401.799987792969 354 316.799987792969 297.399993896484 284.5 278.799987792969 278.600006103516 275.299987792969 276.100006103516 278.5
403.899993896484 406.600006103516 401.600006103516 402.799987792969 396.299987792969 391.799987792969 383.899993896484 369.899993896484 357.200012207031 346.799987792969 338.700012207031 329.100006103516 323.100006103516 314.899993896484 314.100006103516 316.200012207031 316 321.399993896484 324.700012207031 327.100006103516 327 323.899993896484 321.600006103516 317.899993896484 319.200012207031 320.899993896484 322.399993896484 320.399993896484 318.799987792969 321.5 322.399993896484 323.799987792969 327.799987792969 332.200012207031 338.600006103516 343.799987792969 351.399993896484 358.5 365.600006103516 373.299987792969 388.700012207031 399.899993896484 406.899993896484 410.799987792969 381 333.399993896484 291.600006103516 274.899993896484 269.600006103516 264.299987792969 263.600006103516 264.399993896484 264.899993896484 264.200012207031
396.399993896484 396.399993896484 399.399993896484 397.799987792969 393.399993896484 385.299987792969 375.600006103516 364 351.5 336.299987792969 325.899993896484 318.600006103516 308.899993896484 301.5 296 296.700012207031 296.700012207031 300.899993896484 305.100006103516 308.799987792969 309.100006103516 306.700012207031 306.299987792969 305.299987792969 305.899993896484 308.600006103516 307.399993896484 304.799987792969 307.5 308.700012207031 306.399993896484 310.200012207031 316.100006103516 324.700012207031 326.299987792969 330.600006103516 339.299987792969 347.799987792969 357.899993896484 367.299987792969 376.600006103516 385.799987792969 384.600006103516 374.899993896484 350.100006103516 308.399993896484 270 261.200012207031 255.800003051758 253.600006103516 254.5 253.300003051758 256.100006103516 255.899993896484
385.799987792969 389.299987792969 391.5 394.100006103516 388.200012207031 385.100006103516 372.799987792969 358.600006103516 342.600006103516 325.100006103516 314.100006103516 306.899993896484 297.799987792969 286.899993896484 286 292.799987792969 292 291.899993896484 292.799987792969 298.100006103516 300.299987792969 297.799987792969 294.399993896484 295 294.299987792969 294.299987792969 295.100006103516 295.700012207031 294.5 294.399993896484 292.399993896484 297.700012207031 304.899993896484 311.299987792969 315.200012207031 321.399993896484 327.799987792969 335 345 355.299987792969 361.399993896484 364.5 363.100006103516 350.700012207031 323.899993896484 291.600006103516 267.600006103516 254.5 246.600006103516 243.399993896484 244.399993896484 243.199996948242 247.300003051758 247.5
373 379.100006103516 385.899993896484 386.799987792969 382.899993896484 376.600006103516 372.299987792969 364.899993896484 342.600006103516 326.700012207031 315.100006103516 304.700012207031 295.399993896484 287.600006103516 284.100006103516 287.299987792969 286.600006103516 284.799987792969 283.5 286.299987792969 287.100006103516 284.899993896484 281.600006103516 280.399993896484 279.700012207031 280.899993896484 279.299987792969 279.700012207031 281.799987792969 284.399993896484 285.600006103516 290.100006103516 294.200012207031 299.700012207031 305.799987792969 307.899993896484 313.200012207031 320.5 331.799987792969 341.600006103516 343.100006103516 346.799987792969 341.899993896484 327 307.399993896484 282.600006103516 263.799987792969 248.399993896484 243.300003051758 238.100006103516 237.699996948242 239.100006103516 240.800003051758 241.800003051758
357.899993896484 367.100006103516 371.100006103516 372.299987792969 370.600006103516 374.700012207031 379.799987792969 370.700012207031 348.100006103516 332.299987792969 317.100006103516 301.799987792969 291.299987792969 287.100006103516 280.299987792969 283.5 280.399993896484 277.899993896484 274.899993896484 274.299987792969 273.600006103516 273.299987792969 272.799987792969 270.899993896484 269.600006103516 271.899993896484 270.200012207031 268 270.299987792969 272.299987792969 271.100006103516 275.600006103516 281.799987792969 284.100006103516 293.399993896484 296.100006103516 300.299987792969 305.799987792969 314.100006103516 322.799987792969 327.100006103516 328 325.100006103516 313.399993896484 296.100006103516 276.200012207031 258.899993896484 242.899993896484 236.800003051758 231.800003051758 229.800003051758 232.5 232.899993896484 235.899993896484
336.600006103516 342 346.799987792969 351.600006103516 357.899993896484 364.399993896484 378.399993896484 374.899993896484 352.700012207031 337.100006103516 318.899993896484 305.100006103516 294.100006103516 284.600006103516 280.899993896484 273.399993896484 272.399993896484 270.299987792969 266.799987792969 264.600006103516 259.899993896484 260.5 265.200012207031 262.100006103516 259.5 260.799987792969 258.600006103516 256.299987792969 258.100006103516 260.100006103516 260.799987792969 260.100006103516 265.299987792969 272.100006103516 279.799987792969 282.399993896484 286.899993896484 291.100006103516 297.299987792969 301.899993896484 307.700012207031 312.399993896484 310.399993896484 301.700012207031 291.200012207031 272.399993896484 253.5 235.199996948242 228.899993896484 224.199996948242 221.800003051758 224.5 227.899993896484 230.899993896484
