data/layers/future_layer_mc_126_60/bio15.asc
NCOLS 494 
NROWS 529 
XLLCORNER -117.166666666667 
YLLCORNER -55.5 
CELLSIZE 0.166666666666667 
NODATA_value -3.4e+38 
[rows 125 to 149 of 529, columns 275 to 329 of 494]
-3.4e+38 -3.4e+38 -3.4e+38 -3.4e+38 -3.4e+38 -3.4e+38 -3.4e+38 60.5999984741211 60.0999984741211 -3.4e+38 -3.4e+38 -3.4e+38 -3.4e+38 -3.4e+38 -3.4e+38 -3.4e+38 -3.4e+38 -3.4e+38 -3.4e+38 -3.4e+38 -3.4e+38 -3.4e+38 -3.4e+38 -3.4e+38 -3.4e+38 -3.4e+38 -3.4e+38 -3.4e+38 -3.4e+38 -3.4e+38 -3.4e+38 -3.4e+38 -3.4e+38 -3.4e+38 -3.4e+38 -3.4e+38 -3.4e+38 -3.4e+38 -3.4e+38 -3.4e+38 -3.4e+38 -3.4e+38 -3.4e+38 -3.4e+38 -3.4e+38 -3.4e+38 -3.4e+38 -3.4e+38 -3.4e+38 -3.4e+38 -3.4e+38 -3.4e+38 -3.4e+38 -3.4e+38 -3.4e+38
-3.4e+38 -3.4e+38 -3.4e+38 -3.4e+38 -3.4e+38 -3.4e+38 -3.4e+38 -3.4e+38 -3.4e+38 -3.4e+38 -3.4e+38 -3.4e+38 -3.4e+38 -3.4e+38 -3.4e+38 -3.4e+38 -3.4e+38 -3.4e+38 -3.4e+38 -3.4e+38 -3.4e+38 -3.4e+38 -3.4e+38 -3.4e+38 -3.4e+38 -3.4e+38 -3.4e+38 -3.4e+38 -3.4e+38 -3.4e+38 -3.4e+38 -3.4e+38 -3.4e+38 -3.4e+38 -3.4e+38 -3.4e+38 -3.4e+38 -3.4e+38 -3.4e+38 -3.4e+38 -3.4e+38 -3.4e+38 -3.4e+38 -3.4e+38 -3.4e+38 -3.4e+38 -3.4e+38 -3.4e+38 -3.4e+38 -3.4e+38 -3.4e+38 -3.4e+38 -3.4e+38 -3.4e+38 -3.4e+38
-3.4e+38 -3.4e+38 -3.4e+38 -3.4e+38 -3.4e+38 -3.4e+38 -3.4e+38 -3.4e+38 -3.4e+38 -3.4e+38 51.7000007629395 42.4000015258789 43.2000007629395 -3.4e+38 -3.4e+38 -3.4e+38 -3.4e+38 -3.4e+38 -3.4e+38 -3.4e+38 -3.4e+38 -3.4e+38 -3.4e+38 -3.4e+38 -3.4e+38 -3.4e+38 -3.4e+38 -3.4e+38 -3.4e+38 -3.4e+38 -3.4e+38 -3.4e+38 -3.4e+38 -3.4e+38 -3.4e+38 -3.4e+38 -3.4e+38 -3.4e+38 -3.4e+38 -3.4e+38 -3.4e+38 -3.4e+38 -3.4e+38 -3.4e+38 -3.4e+38 -3.4e+38 -3.4e+38 -3.4e+38 -3.4e+38 -3.4e+38 -3.4e+38 -3.4e+38 -3.4e+38 -3.4e+38 -3.4e+38
-3.4e+38 -3.4e+38 -3.4e+38 -3.4e+38 -3.4e+38 -3.4e+38 72.0999984741211 68.9000015258789 58.2000007629395 52.5999984741211 43.2000007629395 37.7999992370605 38.5 42.2999992370605 46.5 47.4000015258789 -3.4e+38 -3.4e+38 -3.4e+38 -3.4e+38 -3.4e+38 -3.4e+38 -3.4e+38 -3.4e+38 -3.4e+38 -3.4e+38 -3.4e+38 -3.4e+38 -3.4e+38 -3.4e+38 -3.4e+38 -3.4e+38 -3.4e+38 -3.4e+38 -3.4e+38 -3.4e+38 -3.4e+38 -3.4e+38 -3.4e+38 -3.4e+38 -3.4e+38 -3.4e+38 -3.4e+38 -3.4e+38 -3.4e+38 -3.4e+38 -3.4e+38 -3.4e+38 -3.4e+38 -3.4e+38 -3.4e+38 -3.4e+38 -3.4e+38 -3.4e+38 -3.4e+38
-3.4e+38 -3.4e+38 -3.4e+38 67.9000015258789 66.5999984741211 68.4000015258789 66.4000015258789 61.5 58.4000015258789 50.4000015258789 41.7000007629395 40.7000007629395 41.7000007629395 41.7000007629395 43.9000015258789 44.4000015258789 45.4000015258789 -3.4e+38 -3.4e+38 -3.4e+38 -3.4e+38 -3.4e+38 -3.4e+38 -3.4e+38 -3.4e+38 -3.4e+38 -3.4e+38 -3.4e+38 -3.4e+38 -3.4e+38 -3.4e+38 -3.4e+38 -3.4e+38 -3.4e+38 -3.4e+38 -3.4e+38 -3.4e+38 -3.4e+38 -3.4e+38 -3.4e+38 -3.4e+38 -3.4e+38 -3.4e+38 -3.4e+38 -3.4e+38 -3.4e+38 -3.4e+38 -3.4e+38 -3.4e+38 -3.4e+38 -3.4e+38 -3.4e+38 -3.4e+38 -3.4e+38 -3.4e+38
73.0999984741211 65.5 65.5 64.5999984741211 66.4000015258789 65.8000030517578 62.7000007629395 58.2000007629395 55.2000007629395 51.7999992370605 46.9000015258789 42.4000015258789 42.5 39.2999992370605 40.2999992370605 43.9000015258789 42.7000007629395 45.9000015258789 -3.4e+38 -3.4e+38 -3.4e+38 -3.4e+38 -3.4e+38 -3.4e+38 -3.4e+38 -3.4e+38 -3.4e+38 -3.4e+38 -3.4e+38 -3.4e+38 -3.4e+38 -3.4e+38 -3.4e+38 -3.4e+38 -3.4e+38 -3.4e+38 -3.4e+38 -3.4e+38 -3.4e+38 -3.4e+38 -3.4e+38 -3.4e+38 -3.4e+38 -3.4e+38 -3.4e+38 -3.4e+38 -3.4e+38 -3.4e+38 -3.4e+38 -3.4e+38 -3.4e+38 -3.4e+38 -3.4e+38 -3.4e+38 -3.4e+38
65.1999969482422 62.5 64.4000015258789 63.2000007629395 62.7000007629395 60.9000015258789 59.0999984741211 57.5999984741211 53.5 47.2999992370605 41.4000015258789 40.9000015258789 41.7000007629395 42.4000015258789 45.2000007629395 42.5 42.2999992370605 43.5 -3.4e+38 -3.4e+38 -3.4e+38 -3.4e+38 -3.4e+38 -3.4e+38 -3.4e+38 -3.4e+38 -3.4e+38 -3.4e+38 -3.4e+38 -3.4e+38 -3.4e+38 -3.4e+38 -3.4e+38 -3.4e+38 -3.4e+38 -3.4e+38 -3.4e+38 -3.4e+38 -3.4e+38 -3.4e+38 -3.4e+38 -3.4e+38 -3.4e+38 -3.4e+38 -3.4e+38 -3.4e+38 -3.4e+38 -3.4e+38 -3.4e+38 -3.4e+38 -3.4e+38 -3.4e+38 -3.4e+38 -3.4e+38 -3.4e+38
62.9000015258789 60.7999992370605 62.2000007629395 59.9000015258789 60.2999992370605 59 57.9000015258789 56 52.2000007629395 49.4000015258789 43.7999992370605 44.5999984741211 48.7999992370605 48.2000007629395 45.4000015258789 44.5999984741211 44.7999992370605 43.7000007629395 -3.4e+38 -3.4e+38 -3.4e+38 -3.4e+38 -3.4e+38 -3.4e+38 -3.4e+38 -3.4e+38 -3.4e+38 -3.4e+38 -3.4e+38 -3.4e+38 45.9000015258789 -3.4e+38 -3.4e+38 -3.4e+38 -3.4e+38 -3.4e+38 -3.4e+38 -3.4e+38 -3.4e+38 -3.4e+38 -3.4e+38 -3.4e+38 -3.4e+38 -3.4e+38 -3.4e+38 51.2000007629395 49.0999984741211 47 44.7999992370605 45.9000015258789 46.2999992370605 -3.4e+38 -3.4e+38 -3.4e+38 -3.4e+38
60.4000015258789 63.0999984741211 65.6999969482422 57 57.0999984741211 58.7000007629395 56.9000015258789 55.9000015258789 53.9000015258789 52.2999992370605 49.7000007629395 47.5 47.2000007629395 47.5 49.4000015258789 46.2999992370605 48.5 48 47.7000007629395 47.2000007629395 50.5 50.0999984741211 52.9000015258789 55.5 53.7999992370605 53.4000015258789 51.7999992370605 51.0999984741211 49.5 46.0999984741211 48.5999984741211 -3.4e+38 -3.4e+38 -3.4e+38 -3.4e+38 -3.4e+38 -3.4e+38 -3.4e+38 -3.4e+38 -3.4e+38 -3.4e+38 -3.4e+38 -3.4e+38 -3.4e+38 -3.4e+38 -3.4e+38 53.0999984741211 50.2999992370605 48.5 49.5 48.7000007629395 -3.4e+38 -3.4e+38 -3.4e+38 -3.4e+38
53.9000015258789 60.2000007629395 65.8000030517578 55.2000007629395 52.9000015258789 55.7999992370605 52.7999992370605 54.9000015258789 55.5999984741211 52.7000007629395 51 51.5999984741211 52.7999992370605 51.7000007629395 54.9000015258789 56.5999984741211 54.7000007629395 53.5 55.7000007629395 55.7999992370605 55.2999992370605 60.7999992370605 56.7999992370605 61.9000015258789 62.5 59.5 57.9000015258789 62.2000007629395 55.5 48.5999984741211 45.4000015258789 45 49.7999992370605 -3.4e+38 -3.4e+38 -3.4e+38 -3.4e+38 -3.4e+38 -3.4e+38 -3.4e+38 -3.4e+38 -3.4e+38 61.2000007629395 61.2000007629395 56.7000007629395 52.5 48.9000015258789 47.7999992370605 48.5 48.7999992370605 46.4000015258789 46.9000015258789 -3.4e+38 -3.4e+38 -3.4e+38
-3.4e+38 57.5999984741211 55.9000015258789 56 53.2000007629395 54 54.0999984741211 52.2999992370605 54.7999992370605 51.5999984741211 53.2000007629395 54.2000007629395 57.7999992370605 61.0999984741211 61.7000007629395 61.2999992370605 60.2999992370605 61 60.9000015258789 61.7999992370605 63.7000007629395 66.6999969482422 66.5 67.1999969482422 66.8000030517578 63.5 61.7000007629395 62.4000015258789 57.0999984741211 54.2999992370605 52 52 48.9000015258789 47.5999984741211 53.0999984741211 -3.4e+38 -3.4e+38 -3.4e+38 -3.4e+38 -3.4e+38 59.5999984741211 60.0999984741211 60 62 56.7000007629395 53.9000015258789 53.2999992370605 49.2000007629395 51.5999984741211 51.7999992370605 48.7000007629395 47.5999984741211 45.2000007629395 -3.4e+38 -3.4e+38
-3.4e+38 -3.4e+38 55 52.2000007629395 50.5999984741211 53.5 54 50.9000015258789 50.5999984741211 51.7999992370605 55 55.7999992370605 59.4000015258789 62.2999992370605 61.5 62.5999984741211 62.9000015258789 65.4000015258789 64.5 67.0999984741211 68.8000030517578 69.4000015258789 69.6999969482422 71.1999969482422 71.3000030517578 71.9000015258789 70.5 71.5 70.8000030517578 68.6999969482422 65.5 63.2000007629395 61.5999984741211 62.2999992370605 61.5 64.9000015258789 63.4000015258789 66.0999984741211 64.5999984741211 62.4000015258789 63.7999992370605 62.7999992370605 61.2999992370605 60.4000015258789 61.7000007629395 63 63.2000007629395 61.5 58.5 54 49.2000007629395 47 46 42.7999992370605 41.2000007629395
-3.4e+38 -3.4e+38 50.9000015258789 51.2000007629395 53.7999992370605 52.5 50.7999992370605 49.7999992370605 50.5 54.0999984741211 53.7000007629395 57.5 63.7000007629395 65.5999984741211 64.9000015258789 65.1999969482422 67 68.0999984741211 67.9000015258789 68.8000030517578 70.4000015258789 71.0999984741211 73.0999984741211 74.5 75.5999984741211 73.8000030517578 75 77 76.9000015258789 76.1999969482422 75.0999984741211 72.6999969482422 71.3000030517578 72 72.0999984741211 73.3000030517578 72.6999969482422 71.5 68.1999969482422 69 68.8000030517578 67.0999984741211 65.0999984741211 66.9000015258789 67.5999984741211 68.5999984741211 66 64 61.2000007629395 57.2999992370605 49.0999984741211 46.4000015258789 43.9000015258789 42.2999992370605 41.2000007629395
-3.4e+38 -3.4e+38 49.5 49.7999992370605 51 50.5999984741211 51.4000015258789 50.2999992370605 52.0999984741211 52.9000015258789 57.4000015258789 60.9000015258789 66.9000015258789 70 69.4000015258789 70 70.9000015258789 71.3000030517578 71.9000015258789 72.3000030517578 73.0999984741211 73.5999984741211 74.5999984741211 77.6999969482422 78.3000030517578 77.5999984741211 80 80.3000030517578 82.0999984741211 80.4000015258789 78.1999969482422 77.4000015258789 77 75.8000030517578 77 77.9000015258789 77.8000030517578 76.5 73.9000015258789 72.8000030517578 72.5 71.8000030517578 70.9000015258789 71.0999984741211 68.6999969482422 68.4000015258789 65.8000030517578 65.8000030517578 64.4000015258789 59.2000007629395 52.7000007629395 47.5 44.5999984741211 42.5999984741211 41.2999992370605
-3.4e+38 -3.4e+38 44 49.0999984741211 50.4000015258789 49.5999984741211 49.9000015258789 52.5 53.4000015258789 55.4000015258789 59.5 66.5 70.0999984741211 71.6999969482422 70.8000030517578 71 71.3000030517578 72.6999969482422 74.5 75.8000030517578 76 77.3000030517578 80.1999969482422 80.8000030517578 81.3000030517578 82.3000030517578 82.9000015258789 84.1999969482422 83.9000015258789 81 80.4000015258789 80.3000030517578 81.5 81.5 80.3000030517578 79.4000015258789 80.3000030517578 80.5 78.3000030517578 75.4000015258789 75.6999969482422 74.3000030517578 73.4000015258789 72.8000030517578 70.8000030517578 69.4000015258789 68.9000015258789 66.0999984741211 65.0999984741211 62.7000007629395 57.9000015258789 51 47 45.5999984741211 42.9000015258789
-3.4e+38 -3.4e+38 43.9000015258789 42 49.2000007629395 51.2000007629395 50.9000015258789 52.7000007629395 56.7999992370605 63 68.6999969482422 71.0999984741211 72.4000015258789 74.1999969482422 73.3000030517578 73.3000030517578 71.6999969482422 72.9000015258789 74.8000030517578 76.5 77.8000030517578 81.4000015258789 81 81.9000015258789 82.3000030517578 83 83.3000030517578 83.8000030517578 83.8000030517578 83.5999984741211 84.1999969482422 82.5999984741211 84.1999969482422 81.4000015258789 82.3000030517578 82.5999984741211 81.5 81.1999969482422 79.0999984741211 76.5999984741211 76.5999984741211 76.3000030517578 75 75.3000030517578 73.0999984741211 71.8000030517578 70.6999969482422 69.6999969482422 67.1999969482422 63.0999984741211 58.9000015258789 54.2999992370605 49.7999992370605 48.7000007629395 46.5
-3.4e+38 39.7999992370605 46.0999984741211 55.5999984741211 57 55.5 50 55.5999984741211 61.7999992370605 66.5999984741211 70.9000015258789 72.8000030517578 74.6999969482422 76.5 76.4000015258789 76.3000030517578 74.1999969482422 74.5999984741211 73.8000030517578 77.0999984741211 78.9000015258789 81.0999984741211 81.6999969482422 78.9000015258789 84.5999984741211 84.6999969482422 83.8000030517578 84.9000015258789 85.9000015258789 85.8000030517578 85 81.1999969482422 83.3000030517578 82.5999984741211 83.4000015258789 83.8000030517578 81.6999969482422 80.8000030517578 78.3000030517578 77.8000030517578 77.5999984741211 76.4000015258789 76.1999969482422 75.0999984741211 74.5999984741211 72.9000015258789 70.9000015258789 70.5 67.4000015258789 63.5999984741211 60.7000007629395 59.4000015258789 59.9000015258789 53 48
40.5999984741211 48.5999984741211 62.9000015258789 59.2999992370605 53.5999984741211 44.7000007629395 53 60.5 66.1999969482422 69 72.8000030517578 74.1999969482422 73.0999984741211 72.6999969482422 72.9000015258789 72 71.5 74.1999969482422 76.9000015258789 76.0999984741211 78.5 81.1999969482422 82.1999969482422 82.3000030517578 85.3000030517578 84.0999984741211 85.9000015258789 87.0999984741211 87.9000015258789 87 85.1999969482422 86.0999984741211 85.5999984741211 85.3000030517578 84.3000030517578 82.5999984741211 81.6999969482422 80.6999969482422 80.0999984741211 79.6999969482422 79 77.9000015258789 75.8000030517578 75.4000015258789 75.3000030517578 72.6999969482422 72.5999984741211 69.5999984741211 66.3000030517578 65 61.4000015258789 61.9000015258789 59 58.7000007629395 53.5
58.5999984741211 61.2000007629395 61.7999992370605 56.0999984741211 45.9000015258789 55.4000015258789 58.5999984741211 64.8000030517578 70.0999984741211 72 74.1999969482422 75.3000030517578 75.6999969482422 75.5999984741211 74.0999984741211 74.5999984741211 75.6999969482422 77 77.8000030517578 78.3000030517578 79.9000015258789 82 82.1999969482422 83.4000015258789 85.5 86.0999984741211 85.1999969482422 86.9000015258789 88.9000015258789 87.8000030517578 85.1999969482422 86.0999984741211 85 85.6999969482422 84.5 83.1999969482422 82 82 80.3000030517578 79.5 80.4000015258789 78.5 78.8000030517578 77 76.5999984741211 73.6999969482422 72.8000030517578 67.8000030517578 68.8000030517578 65.8000030517578 65.5999984741211 65.4000015258789 60.5999984741211 60.7999992370605 59.0999984741211
52.7000007629395 57.2999992370605 59.9000015258789 43.9000015258789 49.7999992370605 56.9000015258789 58.7000007629395 69 72 73.8000030517578 73.8000030517578 74.6999969482422 76 76.9000015258789 76.5 76.9000015258789 76.3000030517578 76.9000015258789 79.5999984741211 80 81.6999969482422 83.5 83.8000030517578 85.4000015258789 87.4000015258789 88.0999984741211 87.1999969482422 87.3000030517578 87.9000015258789 87.6999969482422 87.9000015258789 87.9000015258789 86.8000030517578 87.0999984741211 86.4000015258789 86.1999969482422 84.1999969482422 81.4000015258789 80.4000015258789 80.5 80.5 80.1999969482422 79.9000015258789 77.8000030517578 77.0999984741211 72.6999969482422 71.4000015258789 70.9000015258789 69.3000030517578 67.8000030517578 67.5 66.0999984741211 58.4000015258789 53.5999984741211 48.4000015258789
52.5999984741211 54.2000007629395 47.0999984741211 46.0999984741211 53.5999984741211 59.7000007629395 63.7000007629395 69.1999969482422 71.8000030517578 72.5 73.8000030517578 74.5 73.9000015258789 75.3000030517578 75 74.5999984741211 75 76.3000030517578 81.3000030517578 83.0999984741211 83.5999984741211 84.6999969482422 84.3000030517578 86 87.4000015258789 88.0999984741211 89 87.9000015258789 85.0999984741211 86.8000030517578 87.5999984741211 88 86.5 86.9000015258789 86.0999984741211 86.4000015258789 85.0999984741211 83.3000030517578 82.3000030517578 81.4000015258789 81.1999969482422 79.5999984741211 79.8000030517578 77.9000015258789 77.9000015258789 76.3000030517578 72.9000015258789 69.5999984741211 70.0999984741211 66.1999969482422 67.5 61 55.2999992370605 53.0999984741211 49.9000015258789
51.9000015258789 52.0999984741211 46.2999992370605 52.5999984741211 57 60.0999984741211 66.3000030517578 70.5 69.1999969482422 71.6999969482422 73.3000030517578 74.1999969482422 74 75.1999969482422 75.9000015258789 77.9000015258789 79.5999984741211 79.9000015258789 81.5 84 84.6999969482422 84.0999984741211 84.3000030517578 85.0999984741211 85.8000030517578 87 87.3000030517578 87 87.1999969482422 85.6999969482422 86.0999984741211 84.8000030517578 84.9000015258789 81.9000015258789 84.9000015258789 84.5 85.5999984741211 82.8000030517578 82.6999969482422 81.5999984741211 81.3000030517578 79.5999984741211 78.8000030517578 76.1999969482422 75.9000015258789 75.1999969482422 72.3000030517578 70.4000015258789 67.5999984741211 66.0999984741211 64.5 60.9000015258789 57.5 52.7999992370605 47.0999984741211
49.7000007629395 50.9000015258789 51.5 57.0999984741211 62.2999992370605 61.9000015258789 69.4000015258789 70.5 70.8000030517578 69.9000015258789 70.3000030517578 73.5 74.3000030517578 73.8000030517578 75.3000030517578 77.4000015258789 80.5999984741211 80.8000030517578 82.5999984741211 83.3000030517578 84.9000015258789 86.0999984741211 85.5 85.9000015258789 86 87.3000030517578 85.9000015258789 86.9000015258789 85.5999984741211 82.6999969482422 85.0999984741211 81.1999969482422 80.4000015258789 82.4000015258789 81.0999984741211 82.5 82.1999969482422 80.3000030517578 80.5999984741211 80 79.9000015258789 78.0999984741211 76.5999984741211 75.8000030517578 75.4000015258789 72.8000030517578 73.1999969482422 71.0999984741211 71.1999969482422 69.9000015258789 62.7000007629395 57.5999984741211 54.2999992370605 53.9000015258789 48.7999992370605
51.7000007629395 56 60 62.2000007629395 66.0999984741211 67 66.8000030517578 71.1999969482422 70.5 70 72.5999984741211 75.5 75.8000030517578 74.4000015258789 74.8000030517578 78.3000030517578 78.1999969482422 78.5999984741211 80 83.6999969482422 84.5999984741211 84.9000015258789 85.0999984741211 85.8000030517578 85.9000015258789 86.1999969482422 86.9000015258789 85.6999969482422 86.1999969482422 82.0999984741211 83.8000030517578 79.3000030517578 79.9000015258789 80.9000015258789 79.8000030517578 78.3000030517578 79.0999984741211 79.5 77.9000015258789 79 79.6999969482422 79.5 77.8000030517578 75.6999969482422 76.0999984741211 75.5999984741211 76.5999984741211 74.4000015258789 70.6999969482422 66.3000030517578 63.0999984741211 58.2000007629395 58.9000015258789 56 57.5999984741211
56.4000015258789 60.0999984741211 62.4000015258789 63.7000007629395 65.3000030517578 66.6999969482422 67.3000030517578 68.3000030517578 69.3000030517578 72 74.1999969482422 75.0999984741211 76.6999969482422 77.5 78 80.5 80 79.5 83.5999984741211 84.1999969482422 87 86.5999984741211 86.1999969482422 85.9000015258789 86.1999969482422 85.5999984741211 86.0999984741211 85.5 85.5 83.5999984741211 82.3000030517578 82.3000030517578 82.5999984741211 83.5999984741211 79.6999969482422 79 78.1999969482422 78.5999984741211 78.0999984741211 78.3000030517578 79.3000030517578 78.6999969482422 78.1999969482422 77.3000030517578 77.0999984741211 77 76.0999984741211 73.5999984741211 72.4000015258789 66 53.5 52.7999992370605 55.9000015258789 62.7000007629395 62
