data/layers/future_layer_mc_126_60/bio17.asc
NCOLS 494 
NROWS 529 
XLLCORNER -117.166666666667 
YLLCORNER -55.5 
CELLSIZE 0.166666666666667 
NODATA_value -3.4e+38 
[rows 48 to 71 of 529, columns 54 to 107 of 494]
-3.4e+38 -3.4e+38 7 6.80000019073486 6.59999990463257 8 10.3000001907349 14.3000001907349 14.8000001907349 24.7999992370605 28.2000007629395 35.4000015258789 42 41.2999992370605 37.9000015258789 32.9000015258789 26.8999996185303 20 24.1000003814697 15.3000001907349 10.1000003814697 11.3000001907349 11 13.8999996185303 12.1000003814697 12 13.8000001907349 14.1000003814697 14.1000003814697 16.2000007629395 17.3999996185303 16.7000007629395 17.1000003814697 16.2999992370605 16.6000003814697 18.1000003814697 20.1000003814697 23.2999992370605 27.7000007629395 34.9000015258789 39.7999992370605 36.5 43.9000015258789 38.0999984741211 38.4000015258789 40.5999984741211 39.5 41.7999992370605 49.2999992370605 51.7000007629395 57.5999984741211 64.0999984741211 54.4000015258789 48.7000007629395
-3.4e+38 -3.4e+38 -3.4e+38 -3.4e+38 6 6.59999990463257 9.30000019073486 12.6999998092651 16.8999996185303 20.7999992370605 34.4000015258789 47.0999984741211 52.5 49.7999992370605 42.0999984741211 36 30.7000007629395 24.2999992370605 23.2999992370605 20.6000003814697 10.8999996185303 9.80000019073486 10.3999996185303 11.3000001907349 12.3000001907349 13 13.3999996185303 13.3999996185303 13.1999998092651 14.3999996185303 14.8000001907349 14.5 14.8999996185303 14.6000003814697 15.5 17 19.3999996185303 21.5 24.5 28.8999996185303 33.2000007629395 33.0999984741211 36.7999992370605 35.5999984741211 32.5 34.4000015258789 35.9000015258789 38.0999984741211 43.9000015258789 48.2999992370605 51.0999984741211 60.7999992370605 53.7999992370605 50.2000007629395
-3.4e+38 -3.4e+38 -3.4e+38 -3.4e+38 -3.4e+38 6.19999980926514 8 14.6000003814697 14.3000001907349 17 29.3999996185303 30.2999992370605 44.2999992370605 43.5999984741211 37.7999992370605 35.4000015258789 32.4000015258789 26.6000003814697 22.2000007629395 20.8999996185303 11.1000003814697 8.5 9.60000038146973 11.3000001907349 13 13.6999998092651 13.6000003814697 13.8999996185303 14 14 13.8999996185303 12.5 13.1000003814697 14.3999996185303 14.6000003814697 15.8999996185303 18.5 20.7999992370605 22.1000003814697 23.2000007629395 25 29.1000003814697 34.4000015258789 32.7999992370605 33 35 37 36.7999992370605 37.7999992370605 42.9000015258789 49.5999984741211 59.0999984741211 54.2000007629395 52.7999992370605
-3.4e+38 -3.4e+38 -3.4e+38 -3.4e+38 -3.4e+38 -3.4e+38 -3.4e+38 8.89999961853027 10.8000001907349 14.1000003814697 17.3999996185303 24.1000003814697 26.3999996185303 30 43.9000015258789 38 32.2999992370605 29.8999996185303 24.7999992370605 20.7999992370605 13.1000003814697 10.1000003814697 10.8000001907349 11.3999996185303 13.8999996185303 14.3000001907349 15.3999996185303 16.6000003814697 15.6999998092651 14.3000001907349 12.6999998092651 11.6999998092651 14.6000003814697 15.1000003814697 14.1000003814697 15.3000001907349 17.2999992370605 19.5 20.6000003814697 21 22.7999992370605 26 29.8999996185303 31.7999992370605 33.4000015258789 34.9000015258789 36.4000015258789 36.4000015258789 37.2000007629395 42.0999984741211 49.4000015258789 56 57.4000015258789 54.0999984741211
-3.4e+38 -3.4e+38 -3.4e+38 -3.4e+38 -3.4e+38 -3.4e+38 -3.4e+38 -3.4e+38 8.39999961853027 10.1000003814697 12.3000001907349 17.7999992370605 31.2000007629395 33.2000007629395 33.4000015258789 37.9000015258789 34.9000015258789 32 30.2000007629395 24.6000003814697 18.6000003814697 13.8999996185303 13.8999996185303 12.1000003814697 13.1000003814697 14.8999996185303 16.2000007629395 17.2999992370605 16.8999996185303 13.1000003814697 12.1000003814697 11.6000003814697 14 17.1000003814697 15.3999996185303 16.2000007629395 18 18.2000007629395 20.2000007629395 21.2000007629395 24.6000003814697 26.7999992370605 29.7000007629395 32.2000007629395 34.2999992370605 36.5999984741211 38.0999984741211 38.4000015258789 36.5 42.2999992370605 47.9000015258789 49 54.7000007629395 53.5999984741211
-3.4e+38 -3.4e+38 -3.4e+38 -3.4e+38 -3.4e+38 -3.4e+38 -3.4e+38 -3.4e+38 7.30000019073486 9.30000019073486 12 18.6000003814697 21.5 24.2999992370605 41.2999992370605 45.5999984741211 44.7000007629395 36.2999992370605 35 32.5 25.7000007629395 23.8999996185303 15.6000003814697 12.6999998092651 13 13.8000001907349 17.2000007629395 16.5 14.8999996185303 12.5 13.5 13 15.1000003814697 16.7000007629395 17.2000007629395 17.7999992370605 19.1000003814697 19.3999996185303 21.2999992370605 22.8999996185303 26.2000007629395 28.7999992370605 30.3999996185303 32.5999984741211 34.7999992370605 39.7999992370605 39.5 39.5 37.4000015258789 41.2999992370605 46 47.7999992370605 51.4000015258789 52.0999984741211
-3.4e+38 -3.4e+38 -3.4e+38 -3.4e+38 -3.4e+38 -3.4e+38 -3.4e+38 -3.4e+38 -3.4e+38 7.80000019073486 8.39999961853027 9.60000038146973 12.3999996185303 28.3999996185303 37.9000015258789 39.7000007629395 46.2999992370605 39.2999992370605 38.7000007629395 38.2999992370605 34.2999992370605 29.2000007629395 16.6000003814697 15.8999996185303 15.3000001907349 13.8000001907349 16.2999992370605 16.2000007629395 14.3999996185303 14.6000003814697 14.8000001907349 15.1999998092651 17.3999996185303 17.6000003814697 18.1000003814697 19.3999996185303 20.7000007629395 22.1000003814697 22.8999996185303 26.2999992370605 28 29.6000003814697 30.2999992370605 32.7999992370605 37.0999984741211 40.9000015258789 39.7999992370605 38.9000015258789 39.2000007629395 39.2999992370605 42.9000015258789 44.9000015258789 44.4000015258789 49.5999984741211
-3.4e+38 -3.4e+38 -3.4e+38 -3.4e+38 -3.4e+38 -3.4e+38 -3.4e+38 -3.4e+38 -3.4e+38 -3.4e+38 6.40000009536743 6.69999980926514 10.8999996185303 21.1000003814697 28.2999992370605 34.2999992370605 41.5999984741211 39.5 35.9000015258789 38.2999992370605 35 25.6000003814697 17.8999996185303 20.2999992370605 18.2999992370605 16.5 16.3999996185303 15.5 15.3000001907349 14.8000001907349 14.8999996185303 15.3999996185303 16.2999992370605 17.2999992370605 17.7000007629395 18.8999996185303 19.2000007629395 22.1000003814697 30.7999992370605 32.2999992370605 29.2999992370605 29.2999992370605 31.1000003814697 33.7000007629395 37.9000015258789 40.0999984741211 39.2999992370605 40.2999992370605 40.4000015258789 38.2999992370605 40.5 42 41.4000015258789 49.5999984741211
-3.4e+38 -3.4e+38 -3.4e+38 -3.4e+38 -3.4e+38 -3.4e+38 -3.4e+38 -3.4e+38 -3.4e+38 -3.4e+38 -3.4e+38 4.90000009536743 7.30000019073486 10.8999996185303 18.8999996185303 22.8999996185303 38.4000015258789 35.5999984741211 36.0999984741211 36.0999984741211 29.7999992370605 23.1000003814697 20.1000003814697 19.7999992370605 15.8000001907349 17.1000003814697 14.1000003814697 14.8000001907349 14.5 13.1999998092651 14.3999996185303 14.6000003814697 15.8000001907349 16.8999996185303 17.2999992370605 17.2999992370605 17.2999992370605 22.2999992370605 33.7000007629395 33.4000015258789 29.7000007629395 29.3999996185303 32.0999984741211 34.0999984741211 36.4000015258789 38.7999992370605 38.7999992370605 39.7999992370605 38.7000007629395 36.5999984741211 38.7999992370605 40.4000015258789 45.7999992370605 53.7999992370605
-3.4e+38 -3.4e+38 -3.4e+38 -3.4e+38 -3.4e+38 -3.4e+38 -3.4e+38 -3.4e+38 -3.4e+38 -3.4e+38 -3.4e+38 -3.4e+38 5.5 6.5 8.80000019073486 16.5 35 31.3999996185303 31.7999992370605 28.8999996185303 25.7999992370605 22.3999996185303 20 21.2000007629395 14.5 13.8999996185303 14.3000001907349 15.1000003814697 12.6000003814697 12.8000001907349 13.6000003814697 14.8999996185303 16.2999992370605 16.7000007629395 17 18.6000003814697 19.2000007629395 21.7000007629395 26.7000007629395 30.7999992370605 29.1000003814697 30.7000007629395 32.7000007629395 32.5999984741211 33.5 36.0999984741211 37.2999992370605 39.9000015258789 36.9000015258789 35.0999984741211 34.7999992370605 41.9000015258789 50.2000007629395 54.7000007629395
-3.4e+38 -3.4e+38 -3.4e+38 -3.4e+38 -3.4e+38 -3.4e+38 -3.4e+38 -3.4e+38 -3.4e+38 -3.4e+38 -3.4e+38 -3.4e+38 -3.4e+38 5.30000019073486 8.39999961853027 11.1000003814697 19.7999992370605 22.5 31.2000007629395 27.1000003814697 25.1000003814697 22.2999992370605 19.2999992370605 17.7999992370605 13.8999996185303 12.8000001907349 14.3000001907349 14.8999996185303 12.8000001907349 12.8000001907349 13.3999996185303 14.3999996185303 15.3000001907349 15.8999996185303 17.2999992370605 18.6000003814697 21.3999996185303 22 24.6000003814697 28.1000003814697 29.3999996185303 31.5 32.2999992370605 32 32 34.5999984741211 38.2999992370605 39.5 34.7999992370605 33.7000007629395 31.7999992370605 44.0999984741211 57.7999992370605 63.2000007629395
-3.4e+38 -3.4e+38 -3.4e+38 -3.4e+38 -3.4e+38 -3.4e+38 -3.4e+38 -3.4e+38 -3.4e+38 -3.4e+38 -3.4e+38 -3.4e+38 -3.4e+38 -3.4e+38 5.30000019073486 8.69999980926514 11.6000003814697 20 29.7999992370605 21.5 23.6000003814697 20.3999996185303 17.8999996185303 16.2999992370605 14 11.8000001907349 13.8000001907349 13.3999996185303 14.3000001907349 15.1000003814697 15.8000001907349 14.8000001907349 14.8999996185303 16.3999996185303 18.1000003814697 19.3999996185303 21.2999992370605 21.7999992370605 22.6000003814697 25 28.3999996185303 31.2999992370605 30.8999996185303 29.3999996185303 29.3999996185303 33.9000015258789 33.9000015258789 38.5999984741211 34.5999984741211 29.2999992370605 28.8999996185303 40 57.7000007629395 61.7000007629395
-3.4e+38 -3.4e+38 -3.4e+38 -3.4e+38 -3.4e+38 -3.4e+38 -3.4e+38 -3.4e+38 -3.4e+38 -3.4e+38 -3.4e+38 -3.4e+38 -3.4e+38 -3.4e+38 -3.4e+38 5.80000019073486 7.40000009536743 13.3000001907349 25.2999992370605 21.6000003814697 22.7999992370605 19.2000007629395 16.8999996185303 15.6000003814697 13.5 13.3000001907349 13.8999996185303 14.6000003814697 16.2000007629395 17.7000007629395 16.8999996185303 15.6999998092651 15.3999996185303 16.5 17.3999996185303 17.2999992370605 19.1000003814697 20 21.1000003814697 24.3999996185303 28.7999992370605 30.7999992370605 30.2000007629395 29.2000007629395 29.8999996185303 35.7999992370605 38.5999984741211 38.9000015258789 33.5999984741211 29.3999996185303 29.6000003814697 33.2999992370605 55.0999984741211 59.5999984741211
-3.4e+38 -3.4e+38 -3.4e+38 -3.4e+38 -3.4e+38 -3.4e+38 -3.4e+38 -3.4e+38 -3.4e+38 -3.4e+38 -3.4e+38 -3.4e+38 -3.4e+38 -3.4e+38 -3.4e+38 4.30000019073486 5.80000019073486 10.1000003814697 16.2000007629395 20 22.5 18.3999996185303 16.5 16.7999992370605 14.6000003814697 16.7999992370605 14.8999996185303 18.1000003814697 18.8999996185303 17.2999992370605 16.2999992370605 15.6000003814697 15.6000003814697 19 17.6000003814697 15.6000003814697 17.1000003814697 18.1000003814697 19.7999992370605 23.8999996185303 27.3999996185303 30.2999992370605 28.8999996185303 28 28.7000007629395 33.7999992370605 37.7000007629395 40.5 33.5999984741211 28.3999996185303 28.3999996185303 29.2000007629395 53.4000015258789 59.2000007629395
-3.4e+38 -3.4e+38 -3.4e+38 -3.4e+38 -3.4e+38 -3.4e+38 -3.4e+38 -3.4e+38 -3.4e+38 -3.4e+38 -3.4e+38 -3.4e+38 -3.4e+38 -3.4e+38 -3.4e+38 2.59999990463257 4.5 7.40000009536743 13.8999996185303 16.8999996185303 21.3999996185303 17 15.8999996185303 17.7999992370605 15.8000001907349 19.2999992370605 16.7000007629395 20 18.5 16.3999996185303 16.1000003814697 15 15.3999996185303 20.8999996185303 15.3999996185303 14.3999996185303 17.3999996185303 18.1000003814697 20.5 23.6000003814697 25.7000007629395 29.2999992370605 29.2999992370605 28.3999996185303 28.2999992370605 34 37 38.4000015258789 35.2999992370605 31 31.2999992370605 28.2999992370605 50.7999992370605 63.7999992370605
-3.4e+38 -3.4e+38 -3.4e+38 -3.4e+38 -3.4e+38 -3.4e+38 -3.4e+38 -3.4e+38 -3.4e+38 -3.4e+38 -3.4e+38 -3.4e+38 -3.4e+38 -3.4e+38 -3.4e+38 3.20000004768372 4.69999980926514 6.30000019073486 9.30000019073486 14.5 18.1000003814697 15.8000001907349 18.1000003814697 15.6000003814697 16.6000003814697 20.8999996185303 15.3000001907349 17.1000003814697 16 15.8000001907349 17.2999992370605 13.8000001907349 15.1000003814697 17.5 13.8999996185303 13.6000003814697 15.3000001907349 17.6000003814697 23.2999992370605 24.8999996185303 28.1000003814697 30.2999992370605 30.1000003814697 28.3999996185303 26.6000003814697 31.3999996185303 35 34.9000015258789 36.0999984741211 33.2999992370605 30.2000007629395 30.2999992370605 55.5999984741211 71.4000015258789
-3.4e+38 -3.4e+38 -3.4e+38 -3.4e+38 -3.4e+38 -3.4e+38 -3.4e+38 -3.4e+38 -3.4e+38 -3.4e+38 -3.4e+38 -3.4e+38 -3.4e+38 -3.4e+38 -3.4e+38 -3.4e+38 6.69999980926514 8.19999980926514 9.89999961853027 13.6000003814697 13.8000001907349 13.3000001907349 15.3000001907349 16.6000003814697 15.3000001907349 20.2000007629395 15.1000003814697 19.5 20.3999996185303 17.6000003814697 17.8999996185303 13.5 13.8000001907349 14.3999996185303 12.8999996185303 13.1000003814697 15.6999998092651 20.8999996185303 24.5 26.1000003814697 27.6000003814697 31.2999992370605 30.3999996185303 28.7999992370605 27.8999996185303 29.2999992370605 33 34 34.7000007629395 31.8999996185303 31.1000003814697 34.5999984741211 56.7999992370605 79.0999984741211
-3.4e+38 -3.4e+38 -3.4e+38 -3.4e+38 -3.4e+38 -3.4e+38 -3.4e+38 -3.4e+38 -3.4e+38 -3.4e+38 -3.4e+38 -3.4e+38 -3.4e+38 -3.4e+38 -3.4e+38 -3.4e+38 8.10000038146973 9.69999980926514 11.8999996185303 12.3000001907349 13 12.3000001907349 17.3999996185303 18.6000003814697 15.3999996185303 19.3999996185303 12.6999998092651 24 23 18.8999996185303 16.6000003814697 13.1000003814697 14.5 14.6999998092651 14.1999998092651 14.6000003814697 18.3999996185303 25.8999996185303 28.3999996185303 28.6000003814697 29.3999996185303 31.3999996185303 28.3999996185303 26.5 26.8999996185303 27.8999996185303 29.5 32.0999984741211 33.2999992370605 31.7999992370605 31.8999996185303 39 56 80.1999969482422
-3.4e+38 -3.4e+38 -3.4e+38 -3.4e+38 -3.4e+38 -3.4e+38 -3.4e+38 -3.4e+38 -3.4e+38 -3.4e+38 -3.4e+38 -3.4e+38 -3.4e+38 -3.4e+38 -3.4e+38 -3.4e+38 -3.4e+38 10.6000003814697 12.1000003814697 12.1000003814697 12.6000003814697 11.3000001907349 15.3000001907349 18.1000003814697 16.5 15.3000001907349 14.1000003814697 23.3999996185303 20.8999996185303 19.2999992370605 13.8000001907349 13.3999996185303 15.6000003814697 14.3000001907349 14.5 16.3999996185303 21.2999992370605 26.8999996185303 28.5 28.5 29.2999992370605 30.7999992370605 26.8999996185303 27.8999996185303 26.3999996185303 28.2999992370605 31.8999996185303 33.4000015258789 32.2999992370605 32.7000007629395 32.9000015258789 36.5999984741211 58.0999984741211 68.5999984741211
-3.4e+38 -3.4e+38 -3.4e+38 -3.4e+38 -3.4e+38 -3.4e+38 -3.4e+38 -3.4e+38 -3.4e+38 -3.4e+38 -3.4e+38 -3.4e+38 -3.4e+38 -3.4e+38 -3.4e+38 -3.4e+38 -3.4e+38 -3.4e+38 13.1000003814697 14.6999998092651 14.5 12.3999996185303 12.3000001907349 16.5 16.8999996185303 10.3999996185303 16.7999992370605 18.7999992370605 20.5 19 11.5 15.3000001907349 13.8999996185303 13.1000003814697 14.5 18.6000003814697 21.6000003814697 22.7999992370605 26.6000003814697 30 29.3999996185303 32.0999984741211 29.7999992370605 25.3999996185303 24.8999996185303 28.2999992370605 32.0999984741211 31.3999996185303 32.4000015258789 31.5 34.5999984741211 42.2999992370605 54.0999984741211 43.7000007629395
-3.4e+38 -3.4e+38 -3.4e+38 -3.4e+38 -3.4e+38 -3.4e+38 -3.4e+38 -3.4e+38 -3.4e+38 -3.4e+38 -3.4e+38 -3.4e+38 -3.4e+38 -3.4e+38 -3.4e+38 -3.4e+38 -3.4e+38 -3.4e+38 14.6999998092651 12.5 17.1000003814697 15.8999996185303 15.3000001907349 14.1999998092651 13.8000001907349 14.1999998092651 14 13.3999996185303 13.8999996185303 11.6999998092651 13.1000003814697 13.6000003814697 12.6000003814697 12.3999996185303 13.8000001907349 16.8999996185303 19.6000003814697 20.2000007629395 24.2999992370605 30.3999996185303 34.5999984741211 35.5999984741211 29 24 25.3999996185303 27.2999992370605 31.7000007629395 29.1000003814697 30.2999992370605 29 29.1000003814697 37 45.2000007629395 43.9000015258789
-3.4e+38 -3.4e+38 -3.4e+38 -3.4e+38 -3.4e+38 -3.4e+38 -3.4e+38 -3.4e+38 -3.4e+38 -3.4e+38 -3.4e+38 -3.4e+38 -3.4e+38 -3.4e+38 -3.4e+38 -3.4e+38 -3.4e+38 -3.4e+38 14.1999998092651 15.6000003814697 14.1000003814697 15.8999996185303 16.2999992370605 14.5 11.6000003814697 10.3999996185303 11.8999996185303 14.1999998092651 10.3999996185303 11.3999996185303 13.3000001907349 12.8000001907349 13.1000003814697 13.3999996185303 13.6000003814697 15.6000003814697 18.2000007629395 19.2999992370605 19.8999996185303 22.3999996185303 29.2999992370605 35 33.2999992370605 24.3999996185303 25.8999996185303 27.3999996185303 28.8999996185303 27.3999996185303 24.6000003814697 23.7000007629395 23.8999996185303 33.5 38.5999984741211 46
-3.4e+38 -3.4e+38 -3.4e+38 -3.4e+38 -3.4e+38 -3.4e+38 -3.4e+38 -3.4e+38 -3.4e+38 -3.4e+38 -3.4e+38 -3.4e+38 -3.4e+38 -3.4e+38 -3.4e+38 -3.4e+38 -3.4e+38 12.3999996185303 12.8000001907349 16.5 19 17.8999996185303 18.8999996185303 17.8999996185303 14.3999996185303 11.8999996185303 11.6000003814697 11.8000001907349 12.3999996185303 12.6000003814697 12.3000001907349 12.5 13.5 13.8999996185303 13.8000001907349 14.3999996185303 17.3999996185303 18.3999996185303 19.1000003814697 20.6000003814697 21.1000003814697 23.6000003814697 28.7000007629395 25.7999992370605 25.7999992370605 29.6000003814697 29.2999992370605 29.8999996185303 28.5 24.2999992370605 22.6000003814697 33.2000007629395 32.5999984741211 42.2000007629395
-3.4e+38 -3.4e+38 -3.4e+38 -3.4e+38 -3.4e+38 -3.4e+38 -3.4e+38 -3.4e+38 -3.4e+38 -3.4e+38 -3.4e+38 -3.4e+38 -3.4e+38 -3.4e+38 -3.4e+38 -3.4e+38 -3.4e+38 7.40000009536743 12.8000001907349 21 22.7000007629395 22.7000007629395 20.3999996185303 18 17.2999992370605 15.8999996185303 15.6999998092651 15.6000003814697 13.6000003814697 12.3000001907349 12.6000003814697 13 13.3999996185303 13.8999996185303 14 16.6000003814697 18.6000003814697 17.1000003814697 18.2999992370605 20.1000003814697 19.7999992370605 21 23 24 25 26.7999992370605 24.1000003814697 23.1000003814697 22.2999992370605 24.2999992370605 26.2000007629395 28.8999996185303 27.2999992370605 36.5999984741211
