data/layers/future_layer_mc_126_60/bio12.asc
NCOLS 494 
NROWS 529 
XLLCORNER -117.166666666667 
YLLCORNER -55.5 
CELLSIZE 0.166666666666667 
NODATA_value -3.4e+38 
[rows 288 to 311 of 529, columns 432 to 485 of 494]
1179.90002441406 1134.59997558594 1070.09997558594 1033.40002441406 988.200012207031 941.799987792969 908.400024414062 878.900024414062 847.700012207031 813.799987792969 801.700012207031 814.299987792969 844.299987792969 861.099975585938 910.299987792969 910.599975585938 861.599975585938 803.5 750.900024414062 764.400024414062 822.799987792969 895.599975585938 927.200012207031 865.099975585938 830.900024414062 815.700012207031 820.5 845.5 831.5 835.099975585938 836.099975585938 859.200012207031 942.400024414062 1126.5 1316.59997558594 1490.90002441406 1675.90002441406 -3.4e+38 -3.4e+38 -3.4e+38 -3.4e+38 -3.4e+38 -3.4e+38 -3.4e+38 -3.4e+38 -3.4e+38 -3.4e+38 -3.4e+38 -3.4e+38 -3.4e+38 -3.4e+38 -3.4e+38 -3.4e+38 -3.4e+38
1137 1096.90002441406 1048.80004882812 1003.09997558594 955.200012207031 935.400024414062 917.799987792969 886.599975585938 856.900024414062 832.400024414062 821.599975585938 842.299987792969 876.400024414062 896.400024414062 946.200012207031 932.400024414062 887.200012207031 837.099975585938 807.700012207031 810.299987792969 856.200012207031 908 916.799987792969 852.5 808.099975585938 806.299987792969 880.700012207031 898.5 838.099975585938 841.200012207031 838.799987792969 867 891.200012207031 975.299987792969 1159.90002441406 1410.59997558594 1623.80004882812 -3.4e+38 -3.4e+38 -3.4e+38 -3.4e+38 -3.4e+38 -3.4e+38 -3.4e+38 -3.4e+38 -3.4e+38 -3.4e+38 -3.4e+38 -3.4e+38 -3.4e+38 -3.4e+38 -3.4e+38 -3.4e+38 -3.4e+38
1115.59997558594 1084.30004882812 1050.30004882812 1006.5 975.099975585938 962.5 953.700012207031 919.099975585938 891.400024414062 869.400024414062 869.299987792969 880 918.700012207031 942.700012207031 966.900024414062 958.5 920.599975585938 879 846.599975585938 839.200012207031 850.299987792969 868.299987792969 841.400024414062 804.599975585938 792 839.900024414062 925.900024414062 907.099975585938 890.700012207031 826.200012207031 826.599975585938 850.599975585938 901.900024414062 1005.59997558594 1142.09997558594 1347.80004882812 1528.69995117188 -3.4e+38 -3.4e+38 -3.4e+38 -3.4e+38 -3.4e+38 -3.4e+38 -3.4e+38 -3.4e+38 -3.4e+38 -3.4e+38 -3.4e+38 -3.4e+38 -3.4e+38 -3.4e+38 -3.4e+38 -3.4e+38 -3.4e+38
1091.59997558594 1073.59997558594 1071.40002441406 1047.40002441406 1015 1032.09997558594 1020.79998779297 976.5 939.799987792969 913.400024414062 908.799987792969 910.5 939.299987792969 957.900024414062 981.599975585938 986.099975585938 954.799987792969 895.299987792969 874.400024414062 861.299987792969 854.099975585938 849.700012207031 837.099975585938 824.299987792969 811.099975585938 828.599975585938 877.799987792969 867.299987792969 837.299987792969 806.299987792969 801.299987792969 840.099975585938 927.799987792969 1040.59997558594 1169.80004882812 1304.19995117188 1478 -3.4e+38 -3.4e+38 -3.4e+38 -3.4e+38 -3.4e+38 -3.4e+38 -3.4e+38 -3.4e+38 -3.4e+38 -3.4e+38 -3.4e+38 -3.4e+38 -3.4e+38 -3.4e+38 -3.4e+38 -3.4e+38 -3.4e+38
1060.80004882812 1088.59997558594 1132.19995117188 1086.19995117188 1062.69995117188 1125.5 1093.40002441406 1032.59997558594 980.099975585938 947.400024414062 937.099975585938 940.599975585938 946.099975585938 964.400024414062 1004.20001220703 1017.59997558594 980.400024414062 891.900024414062 889.400024414062 872.799987792969 855.900024414062 845.799987792969 839.200012207031 830.099975585938 813.200012207031 823.5 844.400024414062 836.099975585938 805.599975585938 796.400024414062 803.099975585938 849.799987792969 934.299987792969 1060 1184.59997558594 1282.5 1483.59997558594 -3.4e+38 -3.4e+38 -3.4e+38 -3.4e+38 -3.4e+38 -3.4e+38 -3.4e+38 -3.4e+38 -3.4e+38 -3.4e+38 -3.4e+38 -3.4e+38 -3.4e+38 -3.4e+38 -3.4e+38 -3.4e+38 -3.4e+38
1028.09997558594 1082.09997558594 1136.59997558594 1147.30004882812 1129.40002441406 1116.80004882812 1084.80004882812 1044.30004882812 981.900024414062 957 967.299987792969 982.5 951.299987792969 957.700012207031 1010.79998779297 1028.19995117188 974.400024414062 887.900024414062 898 859.099975585938 847.200012207031 840.700012207031 831.599975585938 829.099975585938 829.900024414062 844.200012207031 861.700012207031 843 822.099975585938 817.5 827.299987792969 871.799987792969 977.700012207031 1123.90002441406 1230.30004882812 1339.69995117188 1536.59997558594 -3.4e+38 -3.4e+38 -3.4e+38 -3.4e+38 -3.4e+38 -3.4e+38 -3.4e+38 -3.4e+38 -3.4e+38 -3.4e+38 -3.4e+38 -3.4e+38 -3.4e+38 -3.4e+38 -3.4e+38 -3.4e+38 -3.4e+38
1021.59997558594 1087.5 1129.90002441406 1150.90002441406 1199.30004882812 1081.40002441406 1053.80004882812 1042.90002441406 991.799987792969 967.400024414062 1002.70001220703 1031.80004882812 982.099975585938 969.400024414062 990.900024414062 1012.09997558594 964 886.099975585938 896.400024414062 849.799987792969 823.799987792969 832.700012207031 819.299987792969 809.599975585938 834.700012207031 865.799987792969 882.799987792969 861.900024414062 868.299987792969 861.900024414062 922.700012207031 906.900024414062 1030.90002441406 1172.59997558594 1286.59997558594 1425.40002441406 -3.4e+38 -3.4e+38 -3.4e+38 -3.4e+38 -3.4e+38 -3.4e+38 -3.4e+38 -3.4e+38 -3.4e+38 -3.4e+38 -3.4e+38 -3.4e+38 -3.4e+38 -3.4e+38 -3.4e+38 -3.4e+38 -3.4e+38 -3.4e+38
1080.19995117188 1132.90002441406 1148 1100.40002441406 1130.5 1128.80004882812 1096.5 1073.30004882812 1019.40002441406 984.900024414062 1025 1026.80004882812 997.400024414062 981.799987792969 962.400024414062 974.5 906.099975585938 885.599975585938 884.599975585938 854.400024414062 808.299987792969 806.700012207031 815.700012207031 846.799987792969 859.799987792969 896.700012207031 917.200012207031 907.400024414062 921.099975585938 903.099975585938 880.200012207031 973.299987792969 1086.90002441406 1208.80004882812 1316.69995117188 1455.40002441406 -3.4e+38 -3.4e+38 -3.4e+38 -3.4e+38 -3.4e+38 -3.4e+38 -3.4e+38 -3.4e+38 -3.4e+38 -3.4e+38 -3.4e+38 -3.4e+38 -3.4e+38 -3.4e+38 -3.4e+38 -3.4e+38 -3.4e+38 -3.4e+38
1104.80004882812 1181.30004882812 1194.90002441406 1139.90002441406 1179.80004882812 1209.90002441406 1213.40002441406 1142.90002441406 1065.69995117188 1020.09997558594 1051.5 1033.30004882812 1011.40002441406 995.400024414062 959.200012207031 947.599975585938 926.900024414062 910.200012207031 848.599975585938 831.099975585938 874.299987792969 874 870.400024414062 888.799987792969 888.900024414062 917.400024414062 952.900024414062 976.299987792969 975.200012207031 978.799987792969 992.099975585938 1056.90002441406 1132.59997558594 1214.80004882812 1305.19995117188 1426.19995117188 -3.4e+38 -3.4e+38 -3.4e+38 -3.4e+38 -3.4e+38 -3.4e+38 -3.4e+38 -3.4e+38 -3.4e+38 -3.4e+38 -3.4e+38 -3.4e+38 -3.4e+38 -3.4e+38 -3.4e+38 -3.4e+38 -3.4e+38 -3.4e+38
1098.19995117188 1152.30004882812 1182.90002441406 1129.80004882812 1214.09997558594 1252.5 1245.5 1182.40002441406 1117.19995117188 1062.90002441406 1075.09997558594 1053.90002441406 1036.5 1007.59997558594 973.900024414062 953.900024414062 911.900024414062 883.599975585938 867.099975585938 892.400024414062 915.299987792969 916.400024414062 907.299987792969 927.299987792969 930.200012207031 952.299987792969 987.099975585938 1014.09997558594 1042.19995117188 1047.69995117188 1074.09997558594 1090.5 1128.5 1181.40002441406 1269.80004882812 1389.40002441406 -3.4e+38 -3.4e+38 -3.4e+38 -3.4e+38 -3.4e+38 -3.4e+38 -3.4e+38 -3.4e+38 -3.4e+38 -3.4e+38 -3.4e+38 -3.4e+38 -3.4e+38 -3.4e+38 -3.4e+38 -3.4e+38 -3.4e+38 -3.4e+38
1093.80004882812 1076.90002441406 1084.09997558594 1089.90002441406 1146.19995117188 1206.80004882812 1180.19995117188 1096.59997558594 1052.80004882812 1059.19995117188 1063.90002441406 1076.40002441406 1045.90002441406 1007.90002441406 1001.29998779297 967.900024414062 967.5 928.5 932.599975585938 935.900024414062 946 956.599975585938 952.900024414062 959 960.400024414062 977.5 1016.40002441406 1056.80004882812 1089.90002441406 1111.5 1112.19995117188 1115 1129.09997558594 1149.59997558594 1230.90002441406 1322.59997558594 -3.4e+38 -3.4e+38 -3.4e+38 -3.4e+38 -3.4e+38 -3.4e+38 -3.4e+38 -3.4e+38 -3.4e+38 -3.4e+38 -3.4e+38 -3.4e+38 -3.4e+38 -3.4e+38 -3.4e+38 -3.4e+38 -3.4e+38 -3.4e+38
1082.30004882812 1047.40002441406 998.799987792969 1016.79998779297 1070.40002441406 1103.40002441406 1090.59997558594 1046.09997558594 1044 1050.40002441406 1058.09997558594 1060.30004882812 1047.80004882812 1051.69995117188 1021.20001220703 1013.79998779297 1011 978.400024414062 994.200012207031 997.700012207031 997.700012207031 991.099975585938 962.599975585938 976.599975585938 985.299987792969 1009.59997558594 1041.09997558594 1070.30004882812 1086.09997558594 1076.80004882812 1080.30004882812 1089.30004882812 1108.59997558594 1144.09997558594 1233.09997558594 -3.4e+38 -3.4e+38 -3.4e+38 -3.4e+38 -3.4e+38 -3.4e+38 -3.4e+38 -3.4e+38 -3.4e+38 -3.4e+38 -3.4e+38 -3.4e+38 -3.4e+38 -3.4e+38 -3.4e+38 -3.4e+38 -3.4e+38 -3.4e+38 -3.4e+38
1076.09997558594 1042.09997558594 1003.09997558594 999.799987792969 1044.80004882812 1086.90002441406 1045 1045.90002441406 1063.69995117188 1066.30004882812 1078.59997558594 1059.30004882812 1093.69995117188 1061.69995117188 1057.30004882812 1057.59997558594 1058.69995117188 1042.80004882812 1038.19995117188 1030.30004882812 1043.30004882812 1024.80004882812 996.599975585938 991.700012207031 1016 1043.09997558594 1058.30004882812 1080 1084.90002441406 1061.5 1043.40002441406 1064.80004882812 1102.80004882812 1144.09997558594 1255 -3.4e+38 -3.4e+38 -3.4e+38 -3.4e+38 -3.4e+38 -3.4e+38 -3.4e+38 -3.4e+38 -3.4e+38 -3.4e+38 -3.4e+38 -3.4e+38 -3.4e+38 -3.4e+38 -3.4e+38 -3.4e+38 -3.4e+38 -3.4e+38 -3.4e+38
1063.40002441406 1023.59997558594 996.299987792969 1003.40002441406 1067.90002441406 1117.80004882812 1019.90002441406 1009.79998779297 1151.69995117188 1094.40002441406 1100.5 1128.40002441406 1118.09997558594 1107.59997558594 1108.40002441406 1110.90002441406 1102.69995117188 1105.80004882812 1078.90002441406 1064.80004882812 1043.69995117188 1029 1028.30004882812 1032.90002441406 1042.09997558594 1058 1071.30004882812 1077.90002441406 1091.40002441406 1079.09997558594 1066.59997558594 1099.40002441406 1148.80004882812 1206.09997558594 1318.80004882812 1391.09997558594 -3.4e+38 -3.4e+38 -3.4e+38 -3.4e+38 -3.4e+38 -3.4e+38 -3.4e+38 -3.4e+38 -3.4e+38 -3.4e+38 -3.4e+38 -3.4e+38 -3.4e+38 -3.4e+38 -3.4e+38 -3.4e+38 -3.4e+38 -3.4e+38
1044 1033.59997558594 996.5 978.799987792969 1093.09997558594 1124.80004882812 1010.29998779297 1037.40002441406 1212.80004882812 1139.69995117188 1182.59997558594 1166.30004882812 1148.19995117188 1177.09997558594 1180.40002441406 1148.09997558594 1148.69995117188 1141.59997558594 1133.30004882812 1090.80004882812 1066.19995117188 1066.09997558594 1069.90002441406 1063.40002441406 1069.30004882812 1075.19995117188 1085.30004882812 1090.80004882812 1102.90002441406 1116.09997558594 1134.30004882812 1184.80004882812 1268.90002441406 1358.5 1435.40002441406 -3.4e+38 -3.4e+38 -3.4e+38 -3.4e+38 -3.4e+38 -3.4e+38 -3.4e+38 -3.4e+38 -3.4e+38 -3.4e+38 -3.4e+38 -3.4e+38 -3.4e+38 -3.4e+38 -3.4e+38 -3.4e+38 -3.4e+38 -3.4e+38 -3.4e+38
1048.80004882812 1063.59997558594 1041.5 975.299987792969 1106.90002441406 1084.40002441406 983.599975585938 1147.59997558594 1276.80004882812 1177.90002441406 1204.09997558594 1197.30004882812 1209.80004882812 1233.19995117188 1224.80004882812 1204 1153.90002441406 1088.19995117188 1103.80004882812 1089.40002441406 1124.90002441406 1100.5 1088.09997558594 1101.09997558594 1099.59997558594 1105.90002441406 1119.59997558594 1131.19995117188 1136.30004882812 1155.59997558594 1186.90002441406 1263.90002441406 1380.5 1493.80004882812 -3.4e+38 -3.4e+38 -3.4e+38 -3.4e+38 -3.4e+38 -3.4e+38 -3.4e+38 -3.4e+38 -3.4e+38 -3.4e+38 -3.4e+38 -3.4e+38 -3.4e+38 -3.4e+38 -3.4e+38 -3.4e+38 -3.4e+38 -3.4e+38 -3.4e+38 -3.4e+38
1098.19995117188 1094.69995117188 1087.90002441406 1014.59997558594 1054.90002441406 971.799987792969 1052.59997558594 1245.59997558594 1310.59997558594 1269.90002441406 1253.90002441406 1260.09997558594 1305.19995117188 1293.90002441406 1273.69995117188 1196.30004882812 1148.90002441406 1114.30004882812 1107.80004882812 1115.59997558594 1111.69995117188 1121.80004882812 1128.19995117188 1121.09997558594 1116.90002441406 1118.59997558594 1134.09997558594 1160.30004882812 1171.59997558594 1195.09997558594 1241.09997558594 1317.80004882812 1437.30004882812 -3.4e+38 -3.4e+38 -3.4e+38 -3.4e+38 -3.4e+38 -3.4e+38 -3.4e+38 -3.4e+38 -3.4e+38 -3.4e+38 -3.4e+38 -3.4e+38 -3.4e+38 -3.4e+38 -3.4e+38 -3.4e+38 -3.4e+38 -3.4e+38 -3.4e+38 -3.4e+38 -3.4e+38
1139.59997558594 1126.40002441406 1091.09997558594 1012.79998779297 993 978.700012207031 1042.09997558594 1241.5 1369.80004882812 1394.40002441406 1345.59997558594 1390.90002441406 1300.80004882812 1291.80004882812 1277.90002441406 1238.80004882812 1192.69995117188 1211 1131.59997558594 1140.5 1113.19995117188 1126.40002441406 1112.40002441406 1119.90002441406 1132.09997558594 1144.30004882812 1148.09997558594 1168.30004882812 1194.30004882812 1217.09997558594 1263 1338.69995117188 1417.40002441406 -3.4e+38 -3.4e+38 -3.4e+38 -3.4e+38 -3.4e+38 -3.4e+38 -3.4e+38 -3.4e+38 -3.4e+38 -3.4e+38 -3.4e+38 -3.4e+38 -3.4e+38 -3.4e+38 -3.4e+38 -3.4e+38 -3.4e+38 -3.4e+38 -3.4e+38 -3.4e+38 -3.4e+38
1176.09997558594 1164.69995117188 1115.80004882812 1061.09997558594 1054.80004882812 1026 1094.90002441406 1312.90002441406 1369.59997558594 1391.59997558594 1414.59997558594 1367.59997558594 1339.09997558594 1335.19995117188 1317.09997558594 1278.90002441406 1221.5 1188.80004882812 1153.80004882812 1144 1131.40002441406 1141.59997558594 1145.40002441406 1157.80004882812 1184.80004882812 1185.69995117188 1170.30004882812 1180.09997558594 1199.80004882812 1223.90002441406 1260.59997558594 1317.30004882812 -3.4e+38 -3.4e+38 -3.4e+38 -3.4e+38 -3.4e+38 -3.4e+38 -3.4e+38 -3.4e+38 -3.4e+38 -3.4e+38 -3.4e+38 -3.4e+38 -3.4e+38 -3.4e+38 -3.4e+38 -3.4e+38 -3.4e+38 -3.4e+38 -3.4e+38 -3.4e+38 -3.4e+38 -3.4e+38
1172.90002441406 1175.09997558594 1142 1118.30004882812 1107.09997558594 1069.30004882812 1097.19995117188 1308 1358.30004882812 1443.40002441406 1401.40002441406 1368.40002441406 1404.30004882812 1406.30004882812 1389.30004882812 1363.90002441406 1335.30004882812 1272 1177.5 1156.69995117188 1145.59997558594 1167.30004882812 1177.30004882812 1170.59997558594 1175.19995117188 1164.40002441406 1177.09997558594 1197.19995117188 1209.59997558594 1222.30004882812 1237.69995117188 1273 -3.4e+38 -3.4e+38 -3.4e+38 -3.4e+38 -3.4e+38 -3.4e+38 -3.4e+38 -3.4e+38 -3.4e+38 -3.4e+38 -3.4e+38 -3.4e+38 -3.4e+38 -3.4e+38 -3.4e+38 -3.4e+38 -3.4e+38 -3.4e+38 -3.4e+38 -3.4e+38 -3.4e+38 -3.4e+38
1178.80004882812 1166.19995117188 1166.80004882812 1163.5 1165.69995117188 1129.09997558594 1148.40002441406 1265.90002441406 1430.09997558594 1473.09997558594 1412.09997558594 1400.5 1415.80004882812 1429.40002441406 1407.80004882812 1390.09997558594 1358.59997558594 1268.30004882812 1210.59997558594 1172.09997558594 1153.90002441406 1165.59997558594 1166.80004882812 1166.59997558594 1187.09997558594 1181.80004882812 1191 1202.19995117188 1211.80004882812 1223.40002441406 1234.5 1253.09997558594 -3.4e+38 -3.4e+38 -3.4e+38 -3.4e+38 -3.4e+38 -3.4e+38 -3.4e+38 -3.4e+38 -3.4e+38 -3.4e+38 -3.4e+38 -3.4e+38 -3.4e+38 -3.4e+38 -3.4e+38 -3.4e+38 -3.4e+38 -3.4e+38 -3.4e+38 -3.4e+38 -3.4e+38 -3.4e+38
1200.80004882812 1199 1185.5 1199.30004882812 1210.90002441406 1203.19995117188 1194.80004882812 1236.59997558594 1439.90002441406 1461.09997558594 1420.80004882812 1411.5 1429.69995117188 1441.90002441406 1409.40002441406 1382.59997558594 1302.80004882812 1223.30004882812 1191.80004882812 1182.69995117188 1155.09997558594 1159.30004882812 1173 1184.5 1234.40002441406 1231.40002441406 1206.09997558594 1209.5 1219.19995117188 1218.59997558594 1233.40002441406 1263.19995117188 -3.4e+38 -3.4e+38 -3.4e+38 -3.4e+38 -3.4e+38 -3.4e+38 -3.4e+38 -3.4e+38 -3.4e+38 -3.4e+38 -3.4e+38 -3.4e+38 -3.4e+38 -3.4e+38 -3.4e+38 -3.4e+38 -3.4e+38 -3.4e+38 -3.4e+38 -3.4e+38 -3.4e+38 -3.4e+38
1233.90002441406 1247.40002441406 1228.59997558594 1230.80004882812 1261.90002441406 1244.30004882812 1249.19995117188 1289.40002441406 1371.09997558594 1538.69995117188 1465.5 1448.90002441406 1449.40002441406 1408.30004882812 1325.90002441406 1339.90002441406 1287.40002441406 1212 1206.69995117188 1208.30004882812 1181.59997558594 1159.30004882812 1195.30004882812 1167.30004882812 1200.30004882812 1233.19995117188 1201.40002441406 1213.90002441406 1223.80004882812 1225.30004882812 1228.69995117188 1259.09997558594 -3.4e+38 -3.4e+38 -3.4e+38 -3.4e+38 -3.4e+38 -3.4e+38 -3.4e+38 -3.4e+38 -3.4e+38 -3.4e+38 -3.4e+38 -3.4e+38 -3.4e+38 -3.4e+38 -3.4e+38 -3.4e+38 -3.4e+38 -3.4e+38 -3.4e+38 -3.4e+38 -3.4e+38 -3.4e+38
1235.59997558594 1270.5 1261.19995117188 1246.30004882812 1265.19995117188 1297.59997558594 1295.90002441406 1323.30004882812 1357.90002441406 1509.90002441406 1495.69995117188 1424.80004882812 1402.59997558594 1405.69995117188 1373.30004882812 1317.59997558594 1228.30004882812 1226.09997558594 1243.80004882812 1237.09997558594 1200.40002441406 1242.40002441406 1216.09997558594 1180.30004882812 1185.09997558594 1244.40002441406 1202.40002441406 1241.30004882812 1245.40002441406 1226.30004882812 1239.09997558594 1269.40002441406 -3.4e+38 -3.4e+38 -3.4e+38 -3.4e+38 -3.4e+38 -3.4e+38 -3.4e+38 -3.4e+38 -3.4e+38 -3.4e+38 -3.4e+38 -3.4e+38 -3.4e+38 -3.4e+38 -3.4e+38 -3.4e+38 -3.4e+38 -3.4e+38 -3.4e+38 -3.4e+38 -3.4e+38 -3.4e+38
