data/layers/future_layer_mc_126_60/bio19.asc
NCOLS 494 
NROWS 529 
XLLCORNER -117.166666666667 
YLLCORNER -55.5 
CELLSIZE 0.166666666666667 
NODATA_value -3.4e+38 
[rows 192 to 215 of 529, columns 378 to 431 of 494]
794.599975585938 791.400024414062 764.900024414062 770.200012207031 776.400024414062 777.400024414062 779.200012207031 787.099975585938 791.299987792969 792.400024414062 782.099975585938 780.400024414062 778.799987792969 785.799987792969 797.400024414062 807.599975585938 813.299987792969 811.299987792969 801 780.099975585938 765.099975585938 802.299987792969 842.799987792969 885 -3.4e+38 -3.4e+38 -3.4e+38 -3.4e+38 -3.4e+38 -3.4e+38 -3.4e+38 -3.4e+38 -3.4e+38 -3.4e+38 -3.4e+38 -3.4e+38 -3.4e+38 -3.4e+38 -3.4e+38 -3.4e+38 -3.4e+38 -3.4e+38 -3.4e+38 -3.4e+38 -3.4e+38 -3.4e+38 -3.4e+38 -3.4e+38 -3.4e+38 -3.4e+38 -3.4e+38 -3.4e+38 -3.4e+38 -3.4e+38
818.299987792969 785.299987792969 778.299987792969 780.700012207031 782.599975585938 786.099975585938 789.799987792969 799.599975585938 803.299987792969 802.400024414062 804.299987792969 798.700012207031 796.799987792969 802.700012207031 810.599975585938 818.900024414062 829 829.5 817.900024414062 790.799987792969 769.599975585938 795 835.5 878.200012207031 -3.4e+38 -3.4e+38 -3.4e+38 -3.4e+38 -3.4e+38 -3.4e+38 -3.4e+38 -3.4e+38 -3.4e+38 -3.4e+38 -3.4e+38 -3.4e+38 -3.4e+38 -3.4e+38 -3.4e+38 -3.4e+38 -3.4e+38 -3.4e+38 -3.4e+38 -3.4e+38 -3.4e+38 -3.4e+38 -3.4e+38 -3.4e+38 -3.4e+38 -3.4e+38 -3.4e+38 -3.4e+38 -3.4e+38 -3.4e+38
904.299987792969 842.799987792969 820.299987792969 786.299987792969 790 797.099975585938 799.700012207031 805.900024414062 811.099975585938 813.299987792969 816 814.700012207031 812.799987792969 816.799987792969 823.799987792969 833 848.400024414062 856.099975585938 855 829.299987792969 809.5 818.099975585938 843.099975585938 878.099975585938 917.599975585938 -3.4e+38 1017.20001220703 1064.40002441406 -3.4e+38 -3.4e+38 -3.4e+38 -3.4e+38 -3.4e+38 -3.4e+38 -3.4e+38 -3.4e+38 -3.4e+38 -3.4e+38 -3.4e+38 -3.4e+38 -3.4e+38 -3.4e+38 -3.4e+38 -3.4e+38 -3.4e+38 -3.4e+38 -3.4e+38 -3.4e+38 -3.4e+38 -3.4e+38 -3.4e+38 -3.4e+38 -3.4e+38 -3.4e+38
904.599975585938 892.599975585938 825.099975585938 819.599975585938 811.099975585938 802.799987792969 808.5 817.599975585938 821.599975585938 822.099975585938 828 832.799987792969 827.599975585938 830.799987792969 835.400024414062 845.5 860.5 875.200012207031 892.400024414062 865.299987792969 843.400024414062 842.299987792969 859.5 891.099975585938 927 970.700012207031 1023.90002441406 1076.40002441406 -3.4e+38 -3.4e+38 -3.4e+38 -3.4e+38 -3.4e+38 -3.4e+38 -3.4e+38 -3.4e+38 -3.4e+38 -3.4e+38 -3.4e+38 -3.4e+38 -3.4e+38 -3.4e+38 -3.4e+38 -3.4e+38 -3.4e+38 -3.4e+38 -3.4e+38 -3.4e+38 -3.4e+38 -3.4e+38 -3.4e+38 -3.4e+38 -3.4e+38 -3.4e+38
907.5 900.799987792969 892.099975585938 865.799987792969 849 821.799987792969 818.299987792969 828.299987792969 829.299987792969 829.599975585938 833.900024414062 840.099975585938 838.700012207031 839.200012207031 841.799987792969 849.299987792969 862.299987792969 877.400024414062 888.900024414062 878.599975585938 858.299987792969 857.799987792969 865.5 890 931.700012207031 983.400024414062 1034.80004882812 1090.30004882812 1141.80004882812 -3.4e+38 -3.4e+38 -3.4e+38 -3.4e+38 -3.4e+38 -3.4e+38 -3.4e+38 -3.4e+38 -3.4e+38 -3.4e+38 -3.4e+38 -3.4e+38 -3.4e+38 -3.4e+38 -3.4e+38 -3.4e+38 -3.4e+38 -3.4e+38 -3.4e+38 -3.4e+38 -3.4e+38 -3.4e+38 -3.4e+38 -3.4e+38 -3.4e+38
919.200012207031 899.200012207031 893 887.299987792969 873.400024414062 838.400024414062 828.5 835.599975585938 828.299987792969 832.099975585938 843.099975585938 853 849.5 849.299987792969 845.900024414062 849 855.599975585938 863.799987792969 874.099975585938 870.299987792969 857.299987792969 861.299987792969 876.099975585938 902.099975585938 935 978.200012207031 1031.09997558594 1091.59997558594 1152 1207.30004882812 1253.59997558594 1293.69995117188 -3.4e+38 -3.4e+38 -3.4e+38 -3.4e+38 -3.4e+38 -3.4e+38 -3.4e+38 -3.4e+38 -3.4e+38 -3.4e+38 -3.4e+38 -3.4e+38 -3.4e+38 -3.4e+38 -3.4e+38 -3.4e+38 -3.4e+38 -3.4e+38 -3.4e+38 -3.4e+38 -3.4e+38 -3.4e+38
947.400024414062 927.299987792969 899.799987792969 892.799987792969 887.400024414062 869.900024414062 828.599975585938 845.299987792969 827.900024414062 840 855.200012207031 851.5 855.5 854.799987792969 849.400024414062 844.400024414062 845.400024414062 852.799987792969 859.200012207031 855 855.400024414062 859.200012207031 875.099975585938 902.200012207031 939 983.599975585938 1035.09997558594 1096.09997558594 1156.80004882812 1216.59997558594 1271.40002441406 1311.09997558594 1339.80004882812 1408.30004882812 1406.5 -3.4e+38 -3.4e+38 -3.4e+38 -3.4e+38 -3.4e+38 -3.4e+38 -3.4e+38 -3.4e+38 -3.4e+38 -3.4e+38 -3.4e+38 -3.4e+38 -3.4e+38 -3.4e+38 -3.4e+38 -3.4e+38 -3.4e+38 -3.4e+38 -3.4e+38
990.799987792969 962.900024414062 932.400024414062 908.400024414062 896.900024414062 893.400024414062 916.900024414062 874.799987792969 815.599975585938 816.700012207031 838.099975585938 844.299987792969 849.799987792969 851.799987792969 848.400024414062 840.200012207031 841.099975585938 843.599975585938 846.5 838.400024414062 842.599975585938 847.099975585938 867.099975585938 894.400024414062 929.299987792969 972.400024414062 1026 1080.90002441406 1139.30004882812 1206.59997558594 1252.80004882812 1276.90002441406 1326.80004882812 1400.69995117188 1382.59997558594 1322.40002441406 -3.4e+38 -3.4e+38 -3.4e+38 -3.4e+38 -3.4e+38 -3.4e+38 -3.4e+38 -3.4e+38 -3.4e+38 -3.4e+38 -3.4e+38 -3.4e+38 -3.4e+38 -3.4e+38 -3.4e+38 -3.4e+38 -3.4e+38 -3.4e+38
1016.5 979.900024414062 964.799987792969 941.599975585938 942.200012207031 931.599975585938 889.599975585938 865.299987792969 818.599975585938 816.200012207031 826.599975585938 835.400024414062 849.299987792969 852.5 848.200012207031 841.099975585938 841 835.599975585938 835.5 832.400024414062 833.400024414062 838.599975585938 861.099975585938 890.700012207031 924.299987792969 965.400024414062 1011.29998779297 1061.5 1109.5 1152.30004882812 1182.90002441406 1205.80004882812 1272.90002441406 1319.40002441406 1319.90002441406 1295.30004882812 1248.59997558594 1226.59997558594 1203.80004882812 1174.09997558594 1177.09997558594 1189.09997558594 -3.4e+38 -3.4e+38 -3.4e+38 -3.4e+38 -3.4e+38 -3.4e+38 -3.4e+38 -3.4e+38 -3.4e+38 -3.4e+38 -3.4e+38 -3.4e+38
1027.80004882812 1057.80004882812 1063.90002441406 1049.30004882812 971.599975585938 869.599975585938 818.599975585938 815.5 822.400024414062 774.400024414062 814.099975585938 841.299987792969 842.299987792969 850.400024414062 843.299987792969 844.599975585938 839.400024414062 834.299987792969 837.400024414062 835.299987792969 841 849.299987792969 872.900024414062 900.799987792969 934.900024414062 974 1016.59997558594 1058.69995117188 1089.90002441406 1108.09997558594 1108.59997558594 1123.80004882812 1188.59997558594 1224.19995117188 1257.80004882812 1246 1225.80004882812 1217.80004882812 1178.69995117188 1175.90002441406 1154.40002441406 1197.80004882812 1188.90002441406 1172.59997558594 1132.19995117188 -3.4e+38 -3.4e+38 -3.4e+38 -3.4e+38 -3.4e+38 -3.4e+38 -3.4e+38 -3.4e+38 -3.4e+38
1016.29998779297 1071.5 1081.30004882812 1059.69995117188 932.799987792969 799.299987792969 751.299987792969 798.900024414062 843.099975585938 810.799987792969 785.299987792969 812.900024414062 837.099975585938 853.099975585938 845.299987792969 843.5 836.900024414062 837.599975585938 839.799987792969 840.400024414062 846.400024414062 855.900024414062 880.200012207031 910.5 944.099975585938 980.400024414062 1020.59997558594 1058.40002441406 1081.30004882812 1090.59997558594 1075 1058.40002441406 1108.40002441406 1160.59997558594 1197.59997558594 1190.80004882812 1173.30004882812 1146.30004882812 1147.30004882812 1175.90002441406 1147.5 1156.30004882812 1165.30004882812 1165.90002441406 1127.40002441406 1087.40002441406 1064.90002441406 1029 -3.4e+38 -3.4e+38 -3.4e+38 -3.4e+38 -3.4e+38 -3.4e+38
1015.59997558594 1013.40002441406 1012.90002441406 1012.20001220703 920.599975585938 821.400024414062 774.099975585938 796.799987792969 840.299987792969 865 808.700012207031 791 844.799987792969 849.200012207031 842.599975585938 836.900024414062 834.099975585938 839.599975585938 843.700012207031 848.299987792969 852.799987792969 863.099975585938 885.700012207031 915.900024414062 949.700012207031 987.799987792969 1029 1067.09997558594 1094.80004882812 1103.69995117188 1095.59997558594 1088.5 1095.30004882812 1138.40002441406 1157.69995117188 1152.59997558594 1138.09997558594 1117.40002441406 1113.80004882812 1077.90002441406 1089.80004882812 1109.09997558594 1121.5 1109.40002441406 1074.40002441406 1031.30004882812 1019.79998779297 1001.59997558594 1029.80004882812 1084.69995117188 1152.40002441406 -3.4e+38 -3.4e+38 -3.4e+38
933.299987792969 920.299987792969 916.700012207031 918.400024414062 868.900024414062 842.599975585938 806.799987792969 814.799987792969 817.700012207031 842.099975585938 858.900024414062 863.599975585938 844.5 860 838.200012207031 834.299987792969 837.599975585938 843.400024414062 854.099975585938 857.900024414062 862.799987792969 869.200012207031 890.299987792969 921.599975585938 957.299987792969 997.299987792969 1036.09997558594 1076.40002441406 1117.30004882812 1142.19995117188 1139.40002441406 1115.5 1121.09997558594 1128.80004882812 1148.19995117188 1127.59997558594 1108.80004882812 1081.59997558594 1052.69995117188 1032.5 1035.40002441406 1053.40002441406 1072.30004882812 1036.90002441406 1021.70001220703 980.299987792969 917.400024414062 929.099975585938 1006.40002441406 1090.30004882812 1222.19995117188 1199.19995117188 -3.4e+38 -3.4e+38
884.5 895.099975585938 880.799987792969 847.900024414062 825.700012207031 834.799987792969 811.5 808.400024414062 812.299987792969 830.099975585938 894.099975585938 917.400024414062 959.900024414062 879.799987792969 845 838.099975585938 837.200012207031 850.799987792969 869.099975585938 881.700012207031 884.799987792969 881.599975585938 897.400024414062 932.900024414062 970.700012207031 1007.09997558594 1044.80004882812 1083.5 1122.5 1149.40002441406 1144 1126 1137.59997558594 1126 1121.59997558594 1109.09997558594 1088.59997558594 1066.09997558594 1046 1020.5 1005.59997558594 992.799987792969 1012.70001220703 995 960.299987792969 905.099975585938 870.200012207031 888.799987792969 988.5 1115.30004882812 1200.19995117188 1194 1105.59997558594 -3.4e+38
852 838.700012207031 818.900024414062 802.599975585938 780.799987792969 780.700012207031 786.099975585938 807 830 866.299987792969 912.599975585938 985.099975585938 989.5 904.599975585938 892.900024414062 863.400024414062 834.299987792969 874.700012207031 904.400024414062 922.5 925.200012207031 920.400024414062 927.799987792969 968.299987792969 994.599975585938 1027.69995117188 1049.5 1077.69995117188 1107.30004882812 1125.59997558594 1147.09997558594 1143.80004882812 1139.40002441406 1126.90002441406 1116.90002441406 1103.5 1085.59997558594 1063.80004882812 1044.59997558594 1022.29998779297 1006.40002441406 992.299987792969 1014.20001220703 958 928 893 865.599975585938 868.799987792969 1000.29998779297 1083.59997558594 1140.69995117188 1065.80004882812 1084.69995117188 926.299987792969
819.5 786.599975585938 780.599975585938 766.200012207031 767 784.400024414062 804 827 855 892.799987792969 943.200012207031 975.599975585938 1008.09997558594 987 961.799987792969 930.400024414062 901.599975585938 936.900024414062 974 976.299987792969 990.599975585938 998 1008.90002441406 1025.40002441406 1030.80004882812 1027.80004882812 1053.59997558594 1090.40002441406 1106.80004882812 1128.59997558594 1140.69995117188 1144.69995117188 1136.19995117188 1126 1116.40002441406 1100.69995117188 1083 1064.80004882812 1046.30004882812 1025.30004882812 1002.29998779297 988.599975585938 979.900024414062 944.299987792969 919.599975585938 898.799987792969 886.400024414062 908.599975585938 1023.29998779297 1084.40002441406 1132.90002441406 1132.09997558594 1062.30004882812 924.599975585938
801 791.599975585938 787 789.599975585938 792.099975585938 804.099975585938 827.299987792969 851.900024414062 875.5 911.900024414062 944.900024414062 970 1006.90002441406 1015.70001220703 1018 1013.40002441406 1039.90002441406 1025.09997558594 1042.59997558594 1051.90002441406 1073.59997558594 1077.69995117188 1093.09997558594 1096.30004882812 1085.69995117188 1074.09997558594 1091 1109.40002441406 1111.09997558594 1134.40002441406 1138.80004882812 1139.40002441406 1136.30004882812 1125.5 1110.59997558594 1095.59997558594 1081.19995117188 1064.30004882812 1043.40002441406 1025.09997558594 1009.40002441406 984.200012207031 975.599975585938 958.099975585938 926.799987792969 909.400024414062 904.400024414062 951.299987792969 1033.90002441406 1088.09997558594 1128.09997558594 1145.5 1078.80004882812 994.400024414062
820.900024414062 816.099975585938 815.900024414062 809.400024414062 813.400024414062 825.900024414062 843.799987792969 862 886.299987792969 918.599975585938 947.599975585938 967.799987792969 1001.20001220703 1022.79998779297 1034.40002441406 1057.30004882812 1089.40002441406 1134.90002441406 1134.30004882812 1136.5 1145.90002441406 1128.80004882812 1130.09997558594 1126.80004882812 1117.30004882812 1111 1112.19995117188 1114.09997558594 1118.80004882812 1130.30004882812 1127.19995117188 1131.09997558594 1125.80004882812 1108.80004882812 1097.40002441406 1083.40002441406 1067.09997558594 1049.40002441406 1032.30004882812 1013.59997558594 994.299987792969 973.900024414062 1001.09997558594 945.799987792969 924.599975585938 915.599975585938 914.099975585938 931.700012207031 1030.59997558594 1058.09997558594 1115.5 1117 1156.40002441406 1105.80004882812
858.099975585938 838.599975585938 826.599975585938 821.5 827.099975585938 833.299987792969 849.599975585938 869.700012207031 892.700012207031 921.599975585938 950.599975585938 978.599975585938 992.799987792969 1029.19995117188 1046.80004882812 1075.40002441406 1116.59997558594 1153.69995117188 1193.09997558594 1191.09997558594 1180.80004882812 1168.59997558594 1163.90002441406 1157.09997558594 1146.19995117188 1136.30004882812 1131.59997558594 1123.40002441406 1126.90002441406 1126.09997558594 1119.59997558594 1117.90002441406 1107.80004882812 1096.90002441406 1085.40002441406 1072.09997558594 1052.69995117188 1034.59997558594 1019.29998779297 1001.70001220703 985.099975585938 976.099975585938 983.599975585938 953.299987792969 922.400024414062 916.799987792969 921.200012207031 934.799987792969 964.900024414062 1043.19995117188 1076.19995117188 1099.19995117188 1101.40002441406 1016.90002441406
863.200012207031 847.400024414062 833.799987792969 826.299987792969 830.900024414062 840.900024414062 855.599975585938 874.400024414062 899.5 927.5 957.099975585938 983.799987792969 999.799987792969 1029 1051.09997558594 1076.90002441406 1109.30004882812 1150.59997558594 1196.59997558594 1208.59997558594 1212.19995117188 1209 1194.30004882812 1185.59997558594 1168.30004882812 1155.80004882812 1145.09997558594 1129.19995117188 1130.09997558594 1118.59997558594 1113.19995117188 1104.30004882812 1094.69995117188 1086 1071.59997558594 1053.19995117188 1036.30004882812 1017.70001220703 1003.40002441406 987.299987792969 977.900024414062 972.799987792969 968.799987792969 937.599975585938 926.900024414062 917.900024414062 920.900024414062 923.200012207031 952.099975585938 1024.59997558594 1057.5 1060.90002441406 1045.19995117188 980.400024414062
850.599975585938 831.099975585938 828.299987792969 828.099975585938 831.099975585938 843 861.299987792969 879.799987792969 906.299987792969 934.200012207031 963.400024414062 986.400024414062 999.700012207031 1027.19995117188 1046.80004882812 1064.69995117188 1087.69995117188 1117.59997558594 1157.09997558594 1199.40002441406 1184.80004882812 1204.30004882812 1220.40002441406 1198.59997558594 1180.30004882812 1164.90002441406 1144.30004882812 1142.19995117188 1131.30004882812 1116.19995117188 1110 1100.80004882812 1084.90002441406 1071.5 1058.30004882812 1036 1020.20001220703 1003.29998779297 989.200012207031 979.400024414062 970.5 968.599975585938 944.099975585938 935.099975585938 919.700012207031 914.700012207031 917.900024414062 919.099975585938 923.700012207031 974.099975585938 1027.09997558594 1024.09997558594 1006.59997558594 964.400024414062
836.599975585938 825.799987792969 819.700012207031 823.400024414062 830.099975585938 845.299987792969 860.900024414062 882.099975585938 911.099975585938 940.200012207031 968.700012207031 990.799987792969 1012.20001220703 1026.40002441406 1043.30004882812 1052.90002441406 1058.40002441406 1072.30004882812 1104.90002441406 1152.69995117188 1176.30004882812 1180.09997558594 1207.90002441406 1188.09997558594 1178.09997558594 1165.40002441406 1147.80004882812 1140.59997558594 1128 1116.80004882812 1105.30004882812 1094.80004882812 1075.30004882812 1057.30004882812 1040.59997558594 1022.79998779297 1005.59997558594 988.799987792969 973.599975585938 970.700012207031 964.5 942 923.599975585938 923.700012207031 922.099975585938 911 909.599975585938 916.299987792969 914.400024414062 927.900024414062 994.099975585938 997.299987792969 991.799987792969 975.299987792969
821.599975585938 813.299987792969 808.400024414062 811.700012207031 822.299987792969 840.299987792969 861.700012207031 884.400024414062 914.900024414062 947.400024414062 974.799987792969 997.299987792969 1020 1035.69995117188 1041.80004882812 1041.30004882812 1032.30004882812 1024.09997558594 1053.30004882812 1105.19995117188 1150.40002441406 1160.30004882812 1162.19995117188 1162.40002441406 1162.69995117188 1159.40002441406 1147.80004882812 1138.09997558594 1124.59997558594 1106.90002441406 1094.30004882812 1081.80004882812 1062.09997558594 1043.30004882812 1026.30004882812 1007.29998779297 986.799987792969 969 955 944.599975585938 961.799987792969 946.5 910.200012207031 910.900024414062 906.5 900.400024414062 909 901.799987792969 906.599975585938 913 972.099975585938 987.400024414062 990.900024414062 982.799987792969
807 802 801.900024414062 795.799987792969 807.599975585938 833.200012207031 852.5 884.900024414062 920.5 957.900024414062 984.099975585938 1004.09997558594 1027.40002441406 1050.40002441406 1047.40002441406 1043.40002441406 1028.5 1006.90002441406 1027.09997558594 1071.40002441406 1110.90002441406 1121.80004882812 1119.90002441406 1131.30004882812 1142.40002441406 1147.80004882812 1143.5 1133.40002441406 1119 1101.40002441406 1085.30004882812 1068.30004882812 1045.90002441406 1027.09997558594 1007.59997558594 986.299987792969 972.299987792969 957.599975585938 939.900024414062 929.200012207031 944.299987792969 920.900024414062 904.099975585938 909.299987792969 902.299987792969 909.599975585938 900.799987792969 922.299987792969 911.400024414062 939.299987792969 986.200012207031 1003.09997558594 996.799987792969 979.799987792969
