data/layers/future_layer_mc_126_60/bio19.asc
NCOLS 494 
NROWS 529 
XLLCORNER -117.166666666667 
YLLCORNER -55.5 
CELLSIZE 0.166666666666667 
NODATA_value -3.4e+38 
[rows 408 to 431 of 529, columns 324 to 377 of 494]
71.5999984741211 72.5999984741211 73.5999984741211 75.3000030517578 77.5 79.4000015258789 80.9000015258789 83.6999969482422 86.6999969482422 89 92.5 98.9000015258789 104.900001525879 110.5 113.099998474121 116.199996948242 121.099998474121 125 129.600006103516 134.399993896484 141.800003051758 149.300003051758 155.100006103516 160 164.300003051758 166.600006103516 167.899993896484 165.600006103516 168.399993896484 168.5 168.100006103516 169.300003051758 171.300003051758 173.600006103516 173.600006103516 176.100006103516 -3.4e+38 -3.4e+38 -3.4e+38 -3.4e+38 -3.4e+38 -3.4e+38 -3.4e+38 -3.4e+38 -3.4e+38 -3.4e+38 -3.4e+38 -3.4e+38 -3.4e+38 -3.4e+38 -3.4e+38 -3.4e+38 -3.4e+38 -3.4e+38
73.4000015258789 74.5999984741211 75.0999984741211 76.4000015258789 77.4000015258789 80.4000015258789 81.5999984741211 83.4000015258789 87 89.8000030517578 94.6999969482422 99.5999984741211 105.400001525879 111.400001525879 112.900001525879 118.099998474121 122 125.5 129.699996948242 134.300003051758 138.600006103516 147.100006103516 150.300003051758 154 158.300003051758 163.100006103516 163.600006103516 163.100006103516 166.600006103516 165.800003051758 165.100006103516 165.699996948242 167 169.600006103516 172.100006103516 -3.4e+38 -3.4e+38 -3.4e+38 -3.4e+38 -3.4e+38 -3.4e+38 -3.4e+38 -3.4e+38 -3.4e+38 -3.4e+38 -3.4e+38 -3.4e+38 -3.4e+38 -3.4e+38 -3.4e+38 -3.4e+38 -3.4e+38 -3.4e+38 -3.4e+38
73.9000015258789 74.5 75.1999969482422 77.9000015258789 79.5 80.4000015258789 81.9000015258789 84.8000030517578 87.5 90.0999984741211 94.5 100.800003051758 107.099998474121 110.300003051758 114.599998474121 118.599998474121 121.599998474121 125.400001525879 130.800003051758 135.300003051758 137.899993896484 143.300003051758 148.300003051758 151.800003051758 154.899993896484 157.899993896484 160.100006103516 159.800003051758 161.100006103516 161.600006103516 161.5 163 164.399993896484 168 -3.4e+38 -3.4e+38 -3.4e+38 -3.4e+38 -3.4e+38 -3.4e+38 -3.4e+38 -3.4e+38 -3.4e+38 -3.4e+38 -3.4e+38 -3.4e+38 -3.4e+38 -3.4e+38 -3.4e+38 -3.4e+38 -3.4e+38 -3.4e+38 -3.4e+38 -3.4e+38
75 74.5999984741211 75.5999984741211 79.6999969482422 90.3000030517578 79.9000015258789 82.3000030517578 84 86.9000015258789 90.3000030517578 94.8000030517578 99.9000015258789 104.599998474121 108.099998474121 113.800003051758 118.599998474121 121.800003051758 124.599998474121 129.300003051758 132.5 137.100006103516 140.300003051758 144.399993896484 148.800003051758 152 153.5 155.399993896484 156.899993896484 157.899993896484 158.800003051758 159.5 159.600006103516 161.600006103516 166.800003051758 -3.4e+38 -3.4e+38 -3.4e+38 -3.4e+38 -3.4e+38 -3.4e+38 -3.4e+38 -3.4e+38 -3.4e+38 -3.4e+38 -3.4e+38 -3.4e+38 -3.4e+38 -3.4e+38 -3.4e+38 -3.4e+38 -3.4e+38 -3.4e+38 -3.4e+38 -3.4e+38
75.0999984741211 76.0999984741211 77.5999984741211 80.6999969482422 89 81.6999969482422 83.5999984741211 84.8000030517578 88.5999984741211 91.0999984741211 94.9000015258789 99.5 103.400001525879 107.300003051758 112.699996948242 117.400001525879 119.599998474121 124.300003051758 128.899993896484 131.399993896484 134.300003051758 139 142.600006103516 147 148.699996948242 150.899993896484 153 154.100006103516 155.899993896484 156.5 157.800003051758 158.100006103516 160.5 165.5 170.399993896484 -3.4e+38 -3.4e+38 -3.4e+38 -3.4e+38 -3.4e+38 -3.4e+38 -3.4e+38 -3.4e+38 -3.4e+38 -3.4e+38 -3.4e+38 -3.4e+38 -3.4e+38 -3.4e+38 -3.4e+38 -3.4e+38 -3.4e+38 -3.4e+38 -3.4e+38
76.5 78.4000015258789 80.0999984741211 80.0999984741211 80.5999984741211 82.9000015258789 85.1999969482422 87.9000015258789 88.8000030517578 91.9000015258789 94.9000015258789 99.1999969482422 102.400001525879 107.099998474121 112.800003051758 116.300003051758 119.900001525879 122.400001525879 125.800003051758 129.300003051758 131.800003051758 135.699996948242 139.800003051758 143.5 145.800003051758 149.199996948242 150.399993896484 151.399993896484 153.100006103516 153.399993896484 155.600006103516 156.100006103516 157.800003051758 164.199996948242 169.600006103516 175.199996948242 -3.4e+38 -3.4e+38 -3.4e+38 -3.4e+38 -3.4e+38 -3.4e+38 -3.4e+38 -3.4e+38 -3.4e+38 -3.4e+38 -3.4e+38 -3.4e+38 -3.4e+38 -3.4e+38 -3.4e+38 -3.4e+38 -3.4e+38 -3.4e+38
76.5999984741211 77 79.8000030517578 81.4000015258789 82.0999984741211 83.4000015258789 85.5999984741211 87.0999984741211 88.9000015258789 91.0999984741211 96.4000015258789 99.9000015258789 104.199996948242 108.800003051758 112.5 115.199996948242 118.699996948242 120.5 123.300003051758 126.099998474121 128.300003051758 131.899993896484 135.800003051758 138.800003051758 142.899993896484 147 149.300003051758 149.800003051758 152.699996948242 153.100006103516 152.600006103516 154.100006103516 155.699996948242 160.199996948242 168.800003051758 174.100006103516 184.100006103516 205.300003051758 -3.4e+38 -3.4e+38 -3.4e+38 -3.4e+38 -3.4e+38 -3.4e+38 -3.4e+38 -3.4e+38 -3.4e+38 -3.4e+38 -3.4e+38 -3.4e+38 -3.4e+38 -3.4e+38 -3.4e+38 -3.4e+38
79.0999984741211 78.8000030517578 80.4000015258789 82.9000015258789 82.5 82.8000030517578 86.0999984741211 88.1999969482422 89.6999969482422 91.1999969482422 95.5999984741211 99.9000015258789 104.800003051758 108.599998474121 112.199996948242 114.900001525879 117.5 121.199996948242 122.699996948242 124.699996948242 126.5 128 132.199996948242 135 139.5 143.300003051758 145.600006103516 147.800003051758 151.800003051758 153.399993896484 152.699996948242 155.100006103516 158.800003051758 163.199996948242 169.100006103516 175.399993896484 186.800003051758 205.100006103516 225.699996948242 -3.4e+38 -3.4e+38 -3.4e+38 -3.4e+38 -3.4e+38 -3.4e+38 -3.4e+38 -3.4e+38 -3.4e+38 -3.4e+38 -3.4e+38 -3.4e+38 -3.4e+38 -3.4e+38 -3.4e+38
78.3000030517578 78.8000030517578 79.5 82.0999984741211 83.1999969482422 83.0999984741211 85.5 87.5999984741211 89.8000030517578 93.4000015258789 96 99.0999984741211 103.400001525879 107.199996948242 110.599998474121 115.300003051758 120.400001525879 122.599998474121 121.800003051758 122.900001525879 123.800003051758 126.300003051758 129.199996948242 132.100006103516 135.699996948242 138 142.100006103516 145 149.5 151 152.300003051758 156.800003051758 160.300003051758 163.300003051758 169.100006103516 176.100006103516 187.399993896484 201.899993896484 216.399993896484 -3.4e+38 -3.4e+38 -3.4e+38 -3.4e+38 -3.4e+38 -3.4e+38 -3.4e+38 -3.4e+38 -3.4e+38 -3.4e+38 -3.4e+38 -3.4e+38 -3.4e+38 -3.4e+38 -3.4e+38
78.9000015258789 79.4000015258789 79.8000030517578 81.5999984741211 82.1999969482422 83.5999984741211 86.8000030517578 89 90.4000015258789 93.4000015258789 97.1999969482422 99 103 107.099998474121 109.599998474121 113.300003051758 118.599998474121 123.400001525879 121.300003051758 120.099998474121 121.099998474121 124.599998474121 127.800003051758 129.699996948242 134.800003051758 136.699996948242 139.899993896484 142.899993896484 146.300003051758 150.399993896484 150.899993896484 154.800003051758 158.899993896484 163.899993896484 168.399993896484 176.300003051758 185.800003051758 196.5 -3.4e+38 -3.4e+38 -3.4e+38 -3.4e+38 -3.4e+38 -3.4e+38 -3.4e+38 -3.4e+38 -3.4e+38 -3.4e+38 -3.4e+38 -3.4e+38 -3.4e+38 -3.4e+38 -3.4e+38 -3.4e+38
77 76.9000015258789 78.9000015258789 80.0999984741211 80.8000030517578 83.0999984741211 86.3000030517578 88.5999984741211 90.9000015258789 92.9000015258789 96.8000030517578 99.8000030517578 103.800003051758 107.300003051758 111.199996948242 113 116.900001525879 119.800003051758 120.599998474121 120.800003051758 120.099998474121 122.800003051758 125.400001525879 130.600006103516 133.300003051758 135.600006103516 139.699996948242 142.100006103516 145.899993896484 148.899993896484 151.300003051758 154.699996948242 159.5 164.800003051758 168.100006103516 172.800003051758 181.699996948242 191.300003051758 -3.4e+38 -3.4e+38 -3.4e+38 -3.4e+38 -3.4e+38 -3.4e+38 -3.4e+38 -3.4e+38 -3.4e+38 -3.4e+38 -3.4e+38 -3.4e+38 -3.4e+38 -3.4e+38 -3.4e+38 -3.4e+38
77.4000015258789 76 77.3000030517578 77.9000015258789 79.9000015258789 82.5999984741211 85.5999984741211 89.5999984741211 92.8000030517578 95 97.5 100.900001525879 103.800003051758 107.699996948242 110.400001525879 113.099998474121 114.599998474121 115.900001525879 117.300003051758 117.300003051758 118.400001525879 120.699996948242 125.400001525879 132.699996948242 136.800003051758 137.600006103516 140.5 145 146.699996948242 149.300003051758 150.800003051758 155.199996948242 158.800003051758 162.399993896484 165.399993896484 172.100006103516 181.300003051758 -3.4e+38 -3.4e+38 -3.4e+38 -3.4e+38 -3.4e+38 -3.4e+38 -3.4e+38 -3.4e+38 -3.4e+38 -3.4e+38 -3.4e+38 -3.4e+38 -3.4e+38 -3.4e+38 -3.4e+38 -3.4e+38 -3.4e+38
73.4000015258789 75.1999969482422 76.4000015258789 78.0999984741211 79.5999984741211 83.4000015258789 86.0999984741211 88.8000030517578 92.3000030517578 95.9000015258789 98.8000030517578 101.099998474121 104.300003051758 106.800003051758 109.900001525879 112.199996948242 113.599998474121 114.300003051758 114.900001525879 115 116 116.599998474121 124.900001525879 131.600006103516 136.399993896484 140.100006103516 143.199996948242 146.800003051758 146.899993896484 149.199996948242 153.600006103516 157.699996948242 159.600006103516 160.800003051758 164.699996948242 172.899993896484 -3.4e+38 -3.4e+38 -3.4e+38 -3.4e+38 -3.4e+38 -3.4e+38 -3.4e+38 -3.4e+38 -3.4e+38 -3.4e+38 -3.4e+38 -3.4e+38 -3.4e+38 -3.4e+38 -3.4e+38 -3.4e+38 -3.4e+38 -3.4e+38
71.3000030517578 73.5999984741211 76.5999984741211 77.9000015258789 80.5999984741211 84.8000030517578 87.4000015258789 89.5999984741211 91.9000015258789 94.9000015258789 97.8000030517578 99.9000015258789 103.800003051758 106.400001525879 108.400001525879 110.300003051758 112 112.900001525879 113.800003051758 114 115.099998474121 115.900001525879 123.5 130.600006103516 137.199996948242 142.600006103516 147.5 149.399993896484 150.800003051758 152.699996948242 157.199996948242 160.100006103516 161.5 160.600006103516 164.300003051758 -3.4e+38 -3.4e+38 -3.4e+38 -3.4e+38 -3.4e+38 -3.4e+38 -3.4e+38 -3.4e+38 -3.4e+38 -3.4e+38 -3.4e+38 -3.4e+38 -3.4e+38 -3.4e+38 -3.4e+38 -3.4e+38 -3.4e+38 -3.4e+38 -3.4e+38
70.3000030517578 72.5999984741211 75.4000015258789 78.5999984741211 82.0999984741211 88.4000015258789 91.3000030517578 92.0999984741211 92.9000015258789 95.6999969482422 98.5999984741211 100.900001525879 105.099998474121 106.099998474121 107.5 109.400001525879 112.199996948242 113.800003051758 114.800003051758 114.699996948242 116.599998474121 120.400001525879 126.5 133.399993896484 139.300003051758 146.800003051758 151.300003051758 154.100006103516 154.800003051758 156.800003051758 159.600006103516 163.300003051758 163.199996948242 160.899993896484 -3.4e+38 -3.4e+38 -3.4e+38 -3.4e+38 -3.4e+38 -3.4e+38 -3.4e+38 -3.4e+38 -3.4e+38 -3.4e+38 -3.4e+38 -3.4e+38 -3.4e+38 -3.4e+38 -3.4e+38 -3.4e+38 -3.4e+38 -3.4e+38 -3.4e+38 -3.4e+38
68.5999984741211 71.8000030517578 75.0999984741211 79.9000015258789 83.5 89.5999984741211 95.0999984741211 96.3000030517578 97.0999984741211 98.1999969482422 99.5999984741211 99.9000015258789 102.300003051758 104.5 106.800003051758 109.300003051758 110.300003051758 112.5 114.300003051758 117.5 120.300003051758 123 128.100006103516 135.300003051758 143.399993896484 150.100006103516 156.100006103516 160.300003051758 160.100006103516 161.899993896484 165.100006103516 166.600006103516 163.800003051758 -3.4e+38 -3.4e+38 -3.4e+38 -3.4e+38 -3.4e+38 -3.4e+38 -3.4e+38 -3.4e+38 -3.4e+38 -3.4e+38 -3.4e+38 -3.4e+38 -3.4e+38 -3.4e+38 -3.4e+38 -3.4e+38 -3.4e+38 -3.4e+38 -3.4e+38 -3.4e+38 -3.4e+38
65.8000030517578 69.5 73.6999969482422 76.6999969482422 83 89.6999969482422 94.5 96.4000015258789 98.1999969482422 99.4000015258789 100.400001525879 100 101.300003051758 101.599998474121 104.800003051758 108.400001525879 109.599998474121 113.199996948242 115.800003051758 119.199996948242 124.099998474121 128.100006103516 134.399993896484 141.800003051758 149.800003051758 157 161.699996948242 165.300003051758 165.800003051758 166.899993896484 168 170.300003051758 167.800003051758 -3.4e+38 -3.4e+38 -3.4e+38 -3.4e+38 -3.4e+38 -3.4e+38 -3.4e+38 -3.4e+38 -3.4e+38 -3.4e+38 -3.4e+38 -3.4e+38 -3.4e+38 -3.4e+38 -3.4e+38 -3.4e+38 -3.4e+38 -3.4e+38 -3.4e+38 -3.4e+38 -3.4e+38
64.8000030517578 66.9000015258789 71.4000015258789 75.8000030517578 80.5999984741211 86.4000015258789 91.1999969482422 95 94.4000015258789 98.5999984741211 100 99 100 101.599998474121 105.599998474121 107.900001525879 110 112.300003051758 116.300003051758 119.800003051758 126.300003051758 132.399993896484 140.899993896484 148.300003051758 157.300003051758 166 172.199996948242 175.600006103516 175.300003051758 172.800003051758 172.699996948242 174.800003051758 -3.4e+38 -3.4e+38 -3.4e+38 -3.4e+38 -3.4e+38 -3.4e+38 -3.4e+38 -3.4e+38 -3.4e+38 -3.4e+38 -3.4e+38 -3.4e+38 -3.4e+38 -3.4e+38 -3.4e+38 -3.4e+38 -3.4e+38 -3.4e+38 -3.4e+38 -3.4e+38 -3.4e+38 -3.4e+38
62.0999984741211 65.5 69.3000030517578 74.1999969482422 78.6999969482422 83.6999969482422 87.3000030517578 89.1999969482422 92.9000015258789 94.5 96.4000015258789 99.4000015258789 100.099998474121 102.400001525879 105.5 109.099998474121 111.800003051758 113.300003051758 117.599998474121 123.300003051758 128.800003051758 134.800003051758 144.399993896484 154.5 164.399993896484 176.800003051758 185.399993896484 189.399993896484 186.300003051758 -3.4e+38 -3.4e+38 -3.4e+38 -3.4e+38 -3.4e+38 -3.4e+38 -3.4e+38 -3.4e+38 -3.4e+38 -3.4e+38 -3.4e+38 -3.4e+38 -3.4e+38 -3.4e+38 -3.4e+38 -3.4e+38 -3.4e+38 -3.4e+38 -3.4e+38 -3.4e+38 -3.4e+38 -3.4e+38 -3.4e+38 -3.4e+38 -3.4e+38
60.4000015258789 63.5999984741211 68.4000015258789 71.6999969482422 75.5999984741211 80.1999969482422 85.0999984741211 85.8000030517578 89.3000030517578 92.0999984741211 94.5999984741211 96.5999984741211 99.5 104.400001525879 105.599998474121 108.599998474121 111.699996948242 114.900001525879 119.400001525879 125 131.899993896484 137.399993896484 149.300003051758 159.100006103516 171.199996948242 183 -3.4e+38 -3.4e+38 -3.4e+38 -3.4e+38 -3.4e+38 -3.4e+38 -3.4e+38 -3.4e+38 -3.4e+38 -3.4e+38 -3.4e+38 -3.4e+38 -3.4e+38 -3.4e+38 -3.4e+38 -3.4e+38 -3.4e+38 -3.4e+38 -3.4e+38 -3.4e+38 -3.4e+38 -3.4e+38 -3.4e+38 -3.4e+38 -3.4e+38 -3.4e+38 -3.4e+38 -3.4e+38
58.5 63.5 66.4000015258789 68.5 73.5999984741211 78.5999984741211 82 85.0999984741211 87.4000015258789 90.5999984741211 92.8000030517578 95.5999984741211 99.3000030517578 104 106.800003051758 109.199996948242 112.900001525879 117.800003051758 122.400001525879 126.599998474121 132.699996948242 -3.4e+38 -3.4e+38 -3.4e+38 -3.4e+38 -3.4e+38 -3.4e+38 -3.4e+38 -3.4e+38 -3.4e+38 -3.4e+38 -3.4e+38 -3.4e+38 -3.4e+38 -3.4e+38 -3.4e+38 -3.4e+38 -3.4e+38 -3.4e+38 -3.4e+38 -3.4e+38 -3.4e+38 -3.4e+38 -3.4e+38 -3.4e+38 -3.4e+38 -3.4e+38 -3.4e+38 -3.4e+38 -3.4e+38 -3.4e+38 -3.4e+38 -3.4e+38 -3.4e+38
55.7000007629395 58.7999992370605 62.0999984741211 66.0999984741211 68.9000015258789 -3.4e+38 -3.4e+38 -3.4e+38 86.0999984741211 89.5999984741211 92.5 95.9000015258789 100.800003051758 103.900001525879 -3.4e+38 -3.4e+38 -3.4e+38 -3.4e+38 -3.4e+38 -3.4e+38 -3.4e+38 -3.4e+38 -3.4e+38 -3.4e+38 -3.4e+38 -3.4e+38 -3.4e+38 -3.4e+38 -3.4e+38 -3.4e+38 -3.4e+38 -3.4e+38 -3.4e+38 -3.4e+38 -3.4e+38 -3.4e+38 -3.4e+38 -3.4e+38 -3.4e+38 -3.4e+38 -3.4e+38 -3.4e+38 -3.4e+38 -3.4e+38 -3.4e+38 -3.4e+38 -3.4e+38 -3.4e+38 -3.4e+38 -3.4e+38 -3.4e+38 -3.4e+38 -3.4e+38 -3.4e+38
53.5999984741211 56.2999992370605 59.4000015258789 62.5999984741211 66.6999969482422 -3.4e+38 -3.4e+38 -3.4e+38 -3.4e+38 -3.4e+38 -3.4e+38 -3.4e+38 -3.4e+38 -3.4e+38 -3.4e+38 -3.4e+38 -3.4e+38 -3.4e+38 -3.4e+38 -3.4e+38 -3.4e+38 -3.4e+38 -3.4e+38 -3.4e+38 -3.4e+38 -3.4e+38 -3.4e+38 -3.4e+38 -3.4e+38 -3.4e+38 -3.4e+38 -3.4e+38 -3.4e+38 -3.4e+38 -3.4e+38 -3.4e+38 -3.4e+38 -3.4e+38 -3.4e+38 -3.4e+38 -3.4e+38 -3.4e+38 -3.4e+38 -3.4e+38 -3.4e+38 -3.4e+38 -3.4e+38 -3.4e+38 -3.4e+38 -3.4e+38 -3.4e+38 -3.4e+38 -3.4e+38 -3.4e+38
51.2000007629395 53.0999984741211 57.7999992370605 60.9000015258789 64.8000030517578 -3.4e+38 -3.4e+38 -3.4e+38 -3.4e+38 -3.4e+38 -3.4e+38 -3.4e+38 -3.4e+38 -3.4e+38 -3.4e+38 -3.4e+38 -3.4e+38 -3.4e+38 -3.4e+38 -3.4e+38 -3.4e+38 -3.4e+38 -3.4e+38 -3.4e+38 -3.4e+38 -3.4e+38 -3.4e+38 -3.4e+38 -3.4e+38 -3.4e+38 -3.4e+38 -3.4e+38 -3.4e+38 -3.4e+38 -3.4e+38 -3.4e+38 -3.4e+38 -3.4e+38 -3.4e+38 -3.4e+38 -3.4e+38 -3.4e+38 -3.4e+38 -3.4e+38 -3.4e+38 -3.4e+38 -3.4e+38 -3.4e+38 -3.4e+38 -3.4e+38 -3.4e+38 -3.4e+38 -3.4e+38 -3.4e+38
