data/layers/future_layer_mc_126_60/bio1.asc
NCOLS 494 
NROWS 529 
XLLCORNER -117.166666666667 
YLLCORNER -55.5 
CELLSIZE 0.166666666666667 
NODATA_value -3.4e+38 
[rows 144 to 167 of 529, columns 220 to 274 of 494]
27.3999996185303 27.1000003814697 25.5 -3.4e+38 -3.4e+38 -3.4e+38 -3.4e+38 -3.4e+38 -3.4e+38 -3.4e+38 -3.4e+38 -3.4e+38 27.5 27.2000007629395 27.3999996185303 27.5 27.1000003814697 25.5 26.1000003814697 -3.4e+38 -3.4e+38 -3.4e+38 27.6000003814697 27.3999996185303 27.5 27.5 28.1000003814697 28.2999992370605 28.2000007629395 27.8999996185303 28.2999992370605 28.5 28.6000003814697 28.7000007629395 28.7000007629395 28.7999992370605 28.7999992370605 28.6000003814697 28.2000007629395 29.1000003814697 29.2000007629395 26.8999996185303 21.7000007629395 23.2000007629395 25.2000007629395 25.7999992370605 28.2000007629395 28.6000003814697 28.8999996185303 29.2000007629395 29.2000007629395 29.2999992370605 28.7999992370605 26.1000003814697 18.6000003814697
28.1000003814697 28.1000003814697 -3.4e+38 -3.4e+38 -3.4e+38 -3.4e+38 -3.4e+38 -3.4e+38 -3.4e+38 -3.4e+38 -3.4e+38 -3.4e+38 -3.4e+38 -3.4e+38 27.3999996185303 27.2999992370605 27.5 26.5 24.1000003814697 -3.4e+38 -3.4e+38 -3.4e+38 -3.4e+38 27.2999992370605 27.2000007629395 27.5 28 28.2999992370605 28.2000007629395 28.1000003814697 28.2999992370605 28.5 28.6000003814697 28.6000003814697 28.7000007629395 28.6000003814697 28.2000007629395 26.7000007629395 26.8999996185303 28.7999992370605 29.2000007629395 25.8999996185303 20.1000003814697 20.6000003814697 22.6000003814697 24.2999992370605 27.2000007629395 28.2000007629395 28.7000007629395 28.6000003814697 28.2999992370605 26 24.5 22.3999996185303 20.2999992370605
-3.4e+38 -3.4e+38 -3.4e+38 -3.4e+38 -3.4e+38 -3.4e+38 -3.4e+38 -3.4e+38 -3.4e+38 -3.4e+38 -3.4e+38 -3.4e+38 -3.4e+38 -3.4e+38 27.2000007629395 27.6000003814697 27.7000007629395 27.2999992370605 24.2000007629395 23.7999992370605 -3.4e+38 -3.4e+38 -3.4e+38 26.8999996185303 27.1000003814697 27.2999992370605 28 28.1000003814697 28.1000003814697 28.2000007629395 28.2999992370605 28.3999996185303 28.6000003814697 28.7000007629395 28.7000007629395 28.2999992370605 26.5 23.2999992370605 24.2000007629395 28.5 29.2000007629395 28.2999992370605 22.2999992370605 19.7999992370605 19.8999996185303 22 25.7999992370605 27.7999992370605 28.2999992370605 27.7999992370605 24.5 16.2000007629395 17.1000003814697 16.5 16.2000007629395
-3.4e+38 -3.4e+38 -3.4e+38 -3.4e+38 -3.4e+38 -3.4e+38 -3.4e+38 -3.4e+38 -3.4e+38 -3.4e+38 -3.4e+38 -3.4e+38 -3.4e+38 -3.4e+38 26.7000007629395 27.5 27.5 27.5 25.2000007629395 22.8999996185303 27.3999996185303 27.7999992370605 -3.4e+38 27 26.3999996185303 27.1000003814697 27.1000003814697 27.1000003814697 27.7000007629395 28.1000003814697 28.2000007629395 28.2999992370605 28.5 28.7000007629395 28.7999992370605 27.8999996185303 26.3999996185303 21.2000007629395 24.2999992370605 28.7000007629395 29.2000007629395 29 24.7000007629395 19.3999996185303 17.8999996185303 19 23.3999996185303 27 26.5 23.6000003814697 18.8999996185303 13.3000001907349 18.7000007629395 17.5 20
28.2000007629395 -3.4e+38 -3.4e+38 -3.4e+38 -3.4e+38 -3.4e+38 -3.4e+38 -3.4e+38 -3.4e+38 -3.4e+38 -3.4e+38 -3.4e+38 -3.4e+38 26.3999996185303 26.7000007629395 27.1000003814697 25.2000007629395 26.7999992370605 27 25.5 27.6000003814697 -3.4e+38 -3.4e+38 26.7999992370605 25.5 26.8999996185303 24.7999992370605 26.2000007629395 27.7999992370605 28.1000003814697 28.1000003814697 28.2999992370605 28.5 28.7999992370605 28.6000003814697 26.5 25.2000007629395 22.2000007629395 25.5 29.1000003814697 29.2000007629395 29.1000003814697 26.6000003814697 17.1000003814697 15.6999998092651 16.7000007629395 22.2999992370605 26.7999992370605 24.3999996185303 20.2000007629395 16.2000007629395 16 21 21.6000003814697 23.6000003814697
27.3999996185303 28.1000003814697 -3.4e+38 -3.4e+38 -3.4e+38 -3.4e+38 -3.4e+38 -3.4e+38 -3.4e+38 -3.4e+38 -3.4e+38 -3.4e+38 -3.4e+38 -3.4e+38 24.7999992370605 25.8999996185303 23.8999996185303 25.5 26.7999992370605 27.6000003814697 28.1000003814697 28.1000003814697 28.2000007629395 27.2000007629395 25.2000007629395 26.7000007629395 26.3999996185303 26.8999996185303 27.2999992370605 27 28 28.1000003814697 28.3999996185303 28.8999996185303 28.8999996185303 26.3999996185303 23.2999992370605 23.5 26.7000007629395 29.1000003814697 29.1000003814697 29.1000003814697 28.3999996185303 21.2000007629395 15.3999996185303 14.5 22.1000003814697 23 22.7999992370605 22.1000003814697 21.3999996185303 22.7000007629395 24.6000003814697 26 27.1000003814697
25.8999996185303 27.1000003814697 -3.4e+38 -3.4e+38 -3.4e+38 -3.4e+38 -3.4e+38 -3.4e+38 -3.4e+38 -3.4e+38 -3.4e+38 -3.4e+38 -3.4e+38 -3.4e+38 25.7000007629395 24.1000003814697 25.7999992370605 24.3999996185303 26.7999992370605 28 28.2000007629395 28.2999992370605 28.2999992370605 27 23.7999992370605 25.7999992370605 26.7999992370605 25.6000003814697 23.7999992370605 25.1000003814697 27.2000007629395 27.5 27.5 28.8999996185303 29 25.8999996185303 23.5 23.6000003814697 27.5 29 29.1000003814697 28.8999996185303 28.3999996185303 24.3999996185303 17 13.3999996185303 18.2000007629395 18.6000003814697 18 21.6000003814697 24.7000007629395 26 27 27.5 27.7999992370605
27.7000007629395 -3.4e+38 -3.4e+38 -3.4e+38 -3.4e+38 -3.4e+38 -3.4e+38 -3.4e+38 -3.4e+38 -3.4e+38 -3.4e+38 -3.4e+38 -3.4e+38 -3.4e+38 -3.4e+38 25.2000007629395 26.1000003814697 25.8999996185303 27.3999996185303 28 28.2999992370605 28.2999992370605 28.5 28.2000007629395 23.7000007629395 23.5 24.6000003814697 22.5 21.2000007629395 22.6000003814697 24.6000003814697 25.7999992370605 26.2000007629395 28 28.3999996185303 26.1000003814697 24.7999992370605 23.6000003814697 26.7000007629395 29 28.7999992370605 28.6000003814697 28.2999992370605 25.2999992370605 18.6000003814697 11.6000003814697 13.6000003814697 14.8000001907349 13.5 16.2000007629395 23.1000003814697 26.3999996185303 27.2000007629395 27.3999996185303 27.7000007629395
-3.4e+38 -3.4e+38 -3.4e+38 -3.4e+38 -3.4e+38 -3.4e+38 -3.4e+38 -3.4e+38 -3.4e+38 -3.4e+38 -3.4e+38 -3.4e+38 -3.4e+38 -3.4e+38 -3.4e+38 -3.4e+38 26.6000003814697 25.8999996185303 26.6000003814697 28 28.3999996185303 28.5 28.5 28.2000007629395 26.1000003814697 19.6000003814697 20.5 18 19.6000003814697 21.5 24 23.8999996185303 24.2000007629395 26.7999992370605 27.2000007629395 26.2000007629395 25.7999992370605 25.7000007629395 27.8999996185303 28.8999996185303 28.6000003814697 28.3999996185303 27.7000007629395 24.8999996185303 20.3999996185303 11.3999996185303 10.6000003814697 13.8999996185303 17.6000003814697 17.5 23.3999996185303 26.2000007629395 26.8999996185303 27.2999992370605 27.5
-3.4e+38 -3.4e+38 -3.4e+38 -3.4e+38 -3.4e+38 -3.4e+38 -3.4e+38 -3.4e+38 -3.4e+38 -3.4e+38 -3.4e+38 -3.4e+38 -3.4e+38 -3.4e+38 -3.4e+38 -3.4e+38 -3.4e+38 26.8999996185303 27.2000007629395 28 28.3999996185303 28.7000007629395 28.3999996185303 27 25.6000003814697 20.2999992370605 17.5 16 22.7999992370605 21.3999996185303 20.5 22.5 22.8999996185303 25 25.7000007629395 26.2000007629395 26.6000003814697 27.7999992370605 28.7999992370605 28.8999996185303 28.7000007629395 28.2000007629395 26.7999992370605 23.3999996185303 21.5 10.6000003814697 9.10000038146973 12.3000001907349 15.8999996185303 21.2000007629395 24.7000007629395 26.2000007629395 26.7999992370605 27.1000003814697 27.5
-3.4e+38 -3.4e+38 -3.4e+38 -3.4e+38 -3.4e+38 -3.4e+38 -3.4e+38 -3.4e+38 -3.4e+38 -3.4e+38 -3.4e+38 -3.4e+38 -3.4e+38 -3.4e+38 -3.4e+38 -3.4e+38 -3.4e+38 26.6000003814697 26.6000003814697 27.3999996185303 28.5 28.8999996185303 28.7000007629395 26 24.5 22.2000007629395 21.2000007629395 19 20.2000007629395 15.3999996185303 17.1000003814697 21.6000003814697 21.8999996185303 23 24.7999992370605 26.1000003814697 27.7000007629395 28.7000007629395 28.7999992370605 28.7999992370605 28.6000003814697 27.8999996185303 24.2000007629395 22.1000003814697 22.2000007629395 16.3999996185303 8.89999961853027 10.1000003814697 14.6999998092651 19.6000003814697 23.8999996185303 25.7999992370605 26.7000007629395 27.1000003814697 27.3999996185303
-3.4e+38 -3.4e+38 -3.4e+38 -3.4e+38 -3.4e+38 -3.4e+38 -3.4e+38 -3.4e+38 -3.4e+38 -3.4e+38 -3.4e+38 -3.4e+38 -3.4e+38 -3.4e+38 -3.4e+38 -3.4e+38 -3.4e+38 -3.4e+38 26.7000007629395 26.8999996185303 28.5 29 28.7999992370605 25 24.1000003814697 19.6000003814697 20.5 21 17 14.6000003814697 15.5 20.3999996185303 22.7999992370605 22.8999996185303 24.3999996185303 26.3999996185303 28.2000007629395 28.7000007629395 28.7000007629395 28.7000007629395 28.3999996185303 27.2000007629395 19.2999992370605 22.7999992370605 22.2000007629395 20.2999992370605 14.5 8.89999961853027 9.30000019073486 12.6000003814697 17.8999996185303 23.2999992370605 26.3999996185303 27 27.2999992370605
-3.4e+38 -3.4e+38 -3.4e+38 -3.4e+38 -3.4e+38 -3.4e+38 -3.4e+38 -3.4e+38 -3.4e+38 -3.4e+38 -3.4e+38 -3.4e+38 -3.4e+38 -3.4e+38 -3.4e+38 -3.4e+38 -3.4e+38 -3.4e+38 -3.4e+38 27.2999992370605 28.3999996185303 28.8999996185303 28.7000007629395 26.2999992370605 25.7000007629395 18.7999992370605 15.1000003814697 20.7999992370605 21.7999992370605 15.3999996185303 16.7000007629395 21.1000003814697 22.6000003814697 23.5 24.6000003814697 26.7999992370605 28.6000003814697 28.7000007629395 28.7000007629395 28.3999996185303 27.8999996185303 24.8999996185303 16.8999996185303 23.2000007629395 20 20 19.7000007629395 13.8000001907349 6.69999980926514 7.5 10 19.7999992370605 26.1000003814697 27 27.2999992370605
-3.4e+38 -3.4e+38 -3.4e+38 -3.4e+38 -3.4e+38 -3.4e+38 -3.4e+38 -3.4e+38 -3.4e+38 -3.4e+38 -3.4e+38 -3.4e+38 -3.4e+38 -3.4e+38 -3.4e+38 -3.4e+38 -3.4e+38 -3.4e+38 -3.4e+38 26.2000007629395 27.7999992370605 28.5 28.7000007629395 26.5 25.5 20.7999992370605 14.3999996185303 20.7999992370605 23.6000003814697 16.5 19.2000007629395 19.5 21.6000003814697 23.8999996185303 25.3999996185303 27.3999996185303 28.7000007629395 28.6000003814697 28.5 28 26.2000007629395 24.2000007629395 18.6000003814697 21.7000007629395 19.7000007629395 16.2000007629395 16.6000003814697 16.5 9.39999961853027 4.80000019073486 12.8999996185303 22.3999996185303 26.3999996185303 27.2000007629395 27.2999992370605
-3.4e+38 -3.4e+38 -3.4e+38 -3.4e+38 -3.4e+38 -3.4e+38 -3.4e+38 -3.4e+38 -3.4e+38 -3.4e+38 -3.4e+38 -3.4e+38 -3.4e+38 -3.4e+38 -3.4e+38 -3.4e+38 -3.4e+38 -3.4e+38 -3.4e+38 25.1000003814697 27.1000003814697 27.8999996185303 28.5 27.5 25.5 18.7000007629395 17.6000003814697 22.2999992370605 20.7999992370605 19.6000003814697 17.2999992370605 18.7000007629395 20.7999992370605 23.8999996185303 26.3999996185303 28.2999992370605 28.7000007629395 28.2999992370605 28.2000007629395 26.7999992370605 24.8999996185303 21.5 21.3999996185303 20 19.5 11.8000001907349 12.6000003814697 15.3000001907349 8.19999980926514 13 20.7000007629395 25.2999992370605 26.7999992370605 27.2999992370605 27.5
-3.4e+38 -3.4e+38 -3.4e+38 -3.4e+38 -3.4e+38 -3.4e+38 -3.4e+38 -3.4e+38 -3.4e+38 -3.4e+38 -3.4e+38 -3.4e+38 -3.4e+38 -3.4e+38 -3.4e+38 -3.4e+38 -3.4e+38 -3.4e+38 -3.4e+38 25.2999992370605 26.3999996185303 27.6000003814697 28.2000007629395 28 26 20.5 16 21.7999992370605 21.7999992370605 17.2000007629395 17.2000007629395 17.6000003814697 21.7000007629395 24.2999992370605 27.2000007629395 28.6000003814697 28.6000003814697 27.7999992370605 27 23.2000007629395 17.6000003814697 20.3999996185303 20.6000003814697 18.1000003814697 15 9.5 12.3000001907349 12 11.5 19 23.2999992370605 25.6000003814697 27.1000003814697 27.3999996185303 27.6000003814697
-3.4e+38 -3.4e+38 -3.4e+38 -3.4e+38 -3.4e+38 -3.4e+38 -3.4e+38 -3.4e+38 -3.4e+38 -3.4e+38 -3.4e+38 -3.4e+38 -3.4e+38 -3.4e+38 -3.4e+38 -3.4e+38 -3.4e+38 -3.4e+38 -3.4e+38 26.5 26.6000003814697 27.2000007629395 27.8999996185303 27.7999992370605 26.2000007629395 19.7999992370605 17.3999996185303 22.8999996185303 23.5 20.7000007629395 16.7000007629395 17.6000003814697 23.6000003814697 25.2000007629395 27.7999992370605 28.6000003814697 28.2999992370605 26.1000003814697 25.3999996185303 16.5 18.2000007629395 19.5 17.3999996185303 15 10.1999998092651 12.8999996185303 11.3000001907349 9.60000038146973 15.8000001907349 20.7999992370605 24.2000007629395 26.5 27.2999992370605 27.5 27.6000003814697
-3.4e+38 -3.4e+38 -3.4e+38 -3.4e+38 -3.4e+38 -3.4e+38 -3.4e+38 -3.4e+38 -3.4e+38 -3.4e+38 -3.4e+38 -3.4e+38 -3.4e+38 -3.4e+38 -3.4e+38 -3.4e+38 -3.4e+38 -3.4e+38 -3.4e+38 -3.4e+38 26.7000007629395 27 27.7000007629395 27.7000007629395 26.6000003814697 23.3999996185303 16.2000007629395 21.7000007629395 20.1000003814697 24.5 18.6000003814697 15.8999996185303 21.5 25.5 28.1000003814697 28.5 27.2999992370605 24.7999992370605 24.5 19.2999992370605 14.5 15.8999996185303 12.6999998092651 13.1000003814697 14.1999998092651 14.1999998092651 9.89999961853027 15.1000003814697 18.5 23.1000003814697 26 27.2000007629395 27.5 27.7000007629395 27.7000007629395
-3.4e+38 -3.4e+38 -3.4e+38 -3.4e+38 -3.4e+38 -3.4e+38 -3.4e+38 -3.4e+38 -3.4e+38 -3.4e+38 -3.4e+38 -3.4e+38 -3.4e+38 -3.4e+38 -3.4e+38 -3.4e+38 -3.4e+38 -3.4e+38 -3.4e+38 25.3999996185303 26.5 27.1000003814697 27.5 27.6000003814697 27.1000003814697 24.5 17.7999992370605 16.6000003814697 15.6000003814697 22.2000007629395 17.5 16.5 22.3999996185303 25.2999992370605 28.2999992370605 27.8999996185303 24.5 23.1000003814697 24.2000007629395 16.3999996185303 14.8000001907349 16.7000007629395 12.8999996185303 13.6000003814697 12.3000001907349 11.5 10.8000001907349 19.2000007629395 22.2000007629395 25.7999992370605 27.2000007629395 27.6000003814697 27.7000007629395 27.7000007629395 27.7999992370605
-3.4e+38 -3.4e+38 -3.4e+38 -3.4e+38 -3.4e+38 -3.4e+38 -3.4e+38 -3.4e+38 -3.4e+38 -3.4e+38 -3.4e+38 -3.4e+38 -3.4e+38 -3.4e+38 -3.4e+38 -3.4e+38 -3.4e+38 -3.4e+38 -3.4e+38 24.8999996185303 26.6000003814697 27.2000007629395 27.3999996185303 27.3999996185303 26.8999996185303 25.8999996185303 23.2000007629395 18.5 17.3999996185303 22.2000007629395 15.5 12.8000001907349 19 25.3999996185303 28.2000007629395 26.2000007629395 22 22.2000007629395 21.2000007629395 14.1000003814697 14.6999998092651 12 14.6000003814697 13.6000003814697 11.6999998092651 11 15 20.6000003814697 25.5 27.3999996185303 27.6000003814697 27.7000007629395 27.7000007629395 27.7000007629395 27.7999992370605
-3.4e+38 -3.4e+38 -3.4e+38 -3.4e+38 -3.4e+38 -3.4e+38 -3.4e+38 -3.4e+38 -3.4e+38 -3.4e+38 -3.4e+38 -3.4e+38 -3.4e+38 -3.4e+38 -3.4e+38 -3.4e+38 -3.4e+38 -3.4e+38 -3.4e+38 26.1000003814697 26.7999992370605 27.2999992370605 27.2000007629395 27.2000007629395 25.8999996185303 23.5 19.2000007629395 18.6000003814697 21.6000003814697 22.1000003814697 13.5 12.6000003814697 19.7000007629395 25.2000007629395 27.7000007629395 24.7999992370605 22.8999996185303 21.1000003814697 14.6999998092651 11.5 13.8999996185303 12.8999996185303 16 15.3999996185303 18.3999996185303 19.1000003814697 22.6000003814697 25.2999992370605 27.2999992370605 27.7000007629395 27.7999992370605 27.7999992370605 27.7999992370605 27.7999992370605 27.7999992370605
-3.4e+38 -3.4e+38 -3.4e+38 -3.4e+38 -3.4e+38 -3.4e+38 -3.4e+38 -3.4e+38 -3.4e+38 -3.4e+38 -3.4e+38 -3.4e+38 -3.4e+38 -3.4e+38 -3.4e+38 -3.4e+38 -3.4e+38 -3.4e+38 -3.4e+38 26.7000007629395 27 27.2000007629395 27.2999992370605 27.2000007629395 25.5 19.8999996185303 13.3000001907349 21.3999996185303 22.8999996185303 21.6000003814697 13.3000001907349 13.1999998092651 19.5 25.7999992370605 27.7000007629395 23 23.5 19.1000003814697 12.6999998092651 14 13.8000001907349 15.5 18.3999996185303 17.2000007629395 21.5 20.5 25.2999992370605 27.1000003814697 27.7000007629395 27.7000007629395 27.7999992370605 27.7999992370605 27.8999996185303 27.8999996185303 28
-3.4e+38 -3.4e+38 -3.4e+38 -3.4e+38 -3.4e+38 -3.4e+38 -3.4e+38 -3.4e+38 -3.4e+38 -3.4e+38 -3.4e+38 -3.4e+38 -3.4e+38 -3.4e+38 -3.4e+38 -3.4e+38 -3.4e+38 -3.4e+38 -3.4e+38 26.7000007629395 26.7000007629395 27.1000003814697 27.2999992370605 26.1000003814697 24.2999992370605 22.1000003814697 18.2999992370605 23.2000007629395 22 18.6000003814697 9.5 8.39999961853027 18.8999996185303 26.2000007629395 27.3999996185303 22.1000003814697 19.2000007629395 15 14 14.1999998092651 12.3999996185303 15.5 17.8999996185303 21.5 24.2000007629395 24.3999996185303 26.7999992370605 27.6000003814697 27.7999992370605 27.7999992370605 27.7999992370605 27.7999992370605 27.8999996185303 27.8999996185303 28
-3.4e+38 -3.4e+38 -3.4e+38 -3.4e+38 -3.4e+38 -3.4e+38 -3.4e+38 -3.4e+38 -3.4e+38 -3.4e+38 -3.4e+38 -3.4e+38 -3.4e+38 -3.4e+38 -3.4e+38 -3.4e+38 -3.4e+38 -3.4e+38 -3.4e+38 26.7999992370605 26.7000007629395 27 27.2000007629395 25 22.7000007629395 19 20.8999996185303 24 22 16.3999996185303 5.90000009536743 8.30000019073486 18.2999992370605 26.8999996185303 26.1000003814697 22.1000003814697 18 14.3999996185303 14.3999996185303 12.1999998092651 11.8999996185303 16.7000007629395 19.2999992370605 24.8999996185303 26 26.8999996185303 27.6000003814697 27.7000007629395 27.7999992370605 27.7999992370605 27.8999996185303 27.8999996185303 27.8999996185303 27.8999996185303 27.8999996185303
