data/layers/future_layer_mc_126_60/bio12.asc
NCOLS 494 
NROWS 529 
XLLCORNER -117.166666666667 
YLLCORNER -55.5 
CELLSIZE 0.166666666666667 
NODATA_value -3.4e+38 
[rows 264 to 287 of 529, columns 270 to 323 of 494]
2057 2101.80004882812 2146.89990234375 2189.5 2220 2242.5 2254.89990234375 2252.39990234375 2232.5 2200.30004882812 2146.89990234375 2074.69995117188 1988.40002441406 1891 1794 1722.09997558594 1685.19995117188 1670.40002441406 1665.90002441406 1666.90002441406 1667.30004882812 1668.80004882812 1666.40002441406 1657 1652.30004882812 1652 1643.59997558594 1637.30004882812 1636.80004882812 1634.09997558594 1628.09997558594 1614.40002441406 1594.90002441406 1566.90002441406 1560.30004882812 1579.30004882812 1595.80004882812 1602.5 1617.90002441406 1628.40002441406 1636 1633 1641.90002441406 1647.80004882812 1634.80004882812 1618.40002441406 1605.69995117188 1593.59997558594 1590.19995117188 1597.40002441406 1607.09997558594 1618.80004882812 1637.59997558594 1649.30004882812
2110.39990234375 2163.5 2223.80004882812 2277.10009765625 2321.19995117188 2355.60009765625 2377.80004882812 2385 2373.69995117188 2332.10009765625 2275.80004882812 2211.39990234375 2121.60009765625 2018.09997558594 1916.59997558594 1832.80004882812 1773.30004882812 1738.09997558594 1715.09997558594 1701.09997558594 1692.69995117188 1685.19995117188 1675.80004882812 1671.40002441406 1664.09997558594 1653.40002441406 1647.5 1641.5 1633.40002441406 1622 1614.80004882812 1596.30004882812 1566.09997558594 1547 1543.09997558594 1570.80004882812 1566.90002441406 1581.40002441406 1595.30004882812 1607.30004882812 1614.30004882812 1612.09997558594 1616.40002441406 1620 1609.30004882812 1596.59997558594 1586.30004882812 1577 1583.5 1596.5 1603.19995117188 1594.09997558594 1599.19995117188 1607.40002441406
2160.80004882812 2234.30004882812 2302.39990234375 2372.30004882812 2434.89990234375 2486.69995117188 2530.89990234375 2547 2539 2505.30004882812 2443.69995117188 2365.60009765625 2274.80004882812 2167.10009765625 2055.30004882812 1953.90002441406 1874.69995117188 1814.69995117188 1772.59997558594 1742.40002441406 1724 1710.40002441406 1700.59997558594 1682 1672.30004882812 1664.69995117188 1652.5 1645.80004882812 1632.19995117188 1617.59997558594 1606.40002441406 1589.19995117188 1557.90002441406 1555.30004882812 1536.09997558594 1563.40002441406 1552 1566 1582.69995117188 1599 1600.09997558594 1610.30004882812 1589.30004882812 1593.59997558594 1584.40002441406 1577.69995117188 1569 1567.5 1565.5 1570.80004882812 1573 1577.80004882812 1574.09997558594 1588.30004882812
2209 2296 2387.89990234375 2482.89990234375 2570.30004882812 2643.10009765625 2707.39990234375 2740.5 2743 2714.5 2655.30004882812 2563.80004882812 2446.30004882812 2336.30004882812 2203.69995117188 2083.89990234375 1981.30004882812 1899.30004882812 1838.90002441406 1792.09997558594 1764.90002441406 1738.30004882812 1720.69995117188 1701.40002441406 1695.30004882812 1673.69995117188 1662.59997558594 1653.90002441406 1637.40002441406 1621.69995117188 1603.30004882812 1579.59997558594 1565.09997558594 1572.80004882812 1544.30004882812 1563.59997558594 1553.80004882812 1558.19995117188 1576.09997558594 1592.69995117188 1588.30004882812 1597.90002441406 1569.5 1571.80004882812 1565.40002441406 1558.19995117188 1552.80004882812 1545.69995117188 1551.5 1565.19995117188 1568.09997558594 1573.69995117188 1574.80004882812 1576.80004882812
2017.40002441406 2223.89990234375 2477 2603.10009765625 2725.39990234375 2829.19995117188 2904.30004882812 2970.69995117188 2986.39990234375 2960.19995117188 2898.89990234375 2804.80004882812 2672.80004882812 2525.39990234375 2371 2217 2087.80004882812 1981.59997558594 1900.80004882812 1842.69995117188 1806.19995117188 1771.30004882812 1747 1729.80004882812 1712.59997558594 1694.40002441406 1677.19995117188 1661.80004882812 1645.59997558594 1625.09997558594 1603 1584.80004882812 1597.19995117188 1579.19995117188 1558.09997558594 1554.90002441406 1558.30004882812 1560.09997558594 1583.30004882812 1586.40002441406 1596.90002441406 1593.80004882812 1569.59997558594 1574 1550.80004882812 1544 1535.90002441406 1538.90002441406 1552.40002441406 1547.90002441406 1551.59997558594 1560.80004882812 1560 1557.59997558594
1616.90002441406 2014.90002441406 2415.80004882812 2693.39990234375 2885.10009765625 3030.39990234375 3143.69995117188 3212 3261.19995117188 3255.39990234375 3183.80004882812 3067.5 2916.10009765625 2739.39990234375 2551.89990234375 2370 2198.39990234375 2056.80004882812 1963.59997558594 1896.80004882812 1845.80004882812 1809.59997558594 1783.09997558594 1760.80004882812 1738.90002441406 1711.30004882812 1694.90002441406 1673.90002441406 1655.09997558594 1632.69995117188 1618.30004882812 1601.59997558594 1610.69995117188 1599.80004882812 1581.80004882812 1559.5 1567.30004882812 1565 1590 1596.69995117188 1598.5 1574.69995117188 1570.5 1578.80004882812 1547.30004882812 1530.30004882812 1535.09997558594 1538.40002441406 1525 1514 1529.5 1530.09997558594 1539.09997558594 1530.90002441406
1002 1493.5 2044.30004882812 2394.89990234375 2949.89990234375 3230.80004882812 3397.39990234375 3520.89990234375 3568 3565.10009765625 3507.10009765625 3366.60009765625 3189.10009765625 2977.39990234375 2744.60009765625 2516.60009765625 2306.89990234375 2131.60009765625 2022.19995117188 1951 1894.90002441406 1854.59997558594 1819.5 1790.30004882812 1765.30004882812 1737.90002441406 1715.09997558594 1698.19995117188 1676.59997558594 1652.5 1649.09997558594 1621.40002441406 1626.19995117188 1621.09997558594 1602.09997558594 1571.80004882812 1589.59997558594 1575.30004882812 1588.30004882812 1581.5 1592.19995117188 1576.5 1554.30004882812 1564 1541.59997558594 1524.40002441406 1514.40002441406 1521.5 1511.90002441406 1495 1496.80004882812 1500.40002441406 1509.69995117188 1519.90002441406
1076.80004882812 1310.59997558594 1997.59997558594 2507.39990234375 3043.10009765625 3421.69995117188 3664.10009765625 3848.80004882812 3953.69995117188 3947.30004882812 3843 3683.80004882812 3457.19995117188 3212 2951.30004882812 2684.39990234375 2433.10009765625 2218.39990234375 2082.80004882812 2009.59997558594 1953.30004882812 1906.30004882812 1867.30004882812 1828.59997558594 1800.80004882812 1765 1740.59997558594 1740.09997558594 1718.69995117188 1682.59997558594 1647.09997558594 1635.80004882812 1642.59997558594 1629.59997558594 1617.30004882812 1611.90002441406 1607 1600.30004882812 1586.69995117188 1596.30004882812 1597.69995117188 1586.09997558594 1548.09997558594 1544.90002441406 1553.80004882812 1537.30004882812 1514.90002441406 1498.09997558594 1489 1474.80004882812 1477.40002441406 1481.40002441406 1487 1503.5
1062.40002441406 885.200012207031 1844.90002441406 2687.60009765625 3176.30004882812 3580.10009765625 3944.60009765625 4199.60009765625 4345.5 4365.60009765625 4273.7998046875 4055 3771.19995117188 3458.39990234375 3152.60009765625 2864 2593.39990234375 2356.69995117188 2198.19995117188 2105.69995117188 2032.40002441406 1974.80004882812 1914.40002441406 1888.19995117188 1844.40002441406 1827.69995117188 1795.09997558594 1770.69995117188 1727.5 1712.90002441406 1685.90002441406 1658.09997558594 1664.59997558594 1638.09997558594 1626.59997558594 1627.09997558594 1618.69995117188 1598.59997558594 1580.09997558594 1580.09997558594 1594.30004882812 1588.5 1554.80004882812 1567.30004882812 1559.40002441406 1553.90002441406 1518.69995117188 1494.5 1495.90002441406 1466.30004882812 1459.30004882812 1464.09997558594 1467.09997558594 1482.69995117188
894.799987792969 743.099975585938 890.900024414062 2503.60009765625 3265.69995117188 3586.80004882812 3910.60009765625 4551.7001953125 4817.7998046875 4877.7998046875 4773.10009765625 4439.5 4077.80004882812 3727.89990234375 3375.19995117188 3047.80004882812 2755.10009765625 2514.69995117188 2339.30004882812 2213.10009765625 2125.60009765625 2038.59997558594 1983.30004882812 1938.30004882812 1893.09997558594 1853.19995117188 1818.09997558594 1784.59997558594 1745.09997558594 1735.69995117188 1696.30004882812 1682.80004882812 1669.40002441406 1662.09997558594 1647.5 1644.80004882812 1626.59997558594 1592.09997558594 1597.80004882812 1564.90002441406 1584.59997558594 1572.5 1560.40002441406 1551 1576.59997558594 1547.80004882812 1519.09997558594 1482.59997558594 1469.09997558594 1453.09997558594 1438.5 1442.59997558594 1451.59997558594 1465.09997558594
818.599975585938 815.299987792969 603.200012207031 1153.30004882812 2379.30004882812 2989.39990234375 3671.69995117188 4528.7998046875 5233.2998046875 5479 5281.2998046875 4847.7001953125 4358.39990234375 3929.80004882812 3574.5 3206.39990234375 2904.10009765625 2655.60009765625 2458 2300.69995117188 2192.30004882812 2101.5 2022.19995117188 1956.40002441406 1924.90002441406 1873 1847.19995117188 1819.09997558594 1784.90002441406 1758.5 1701.80004882812 1707.40002441406 1686.59997558594 1687.19995117188 1672.90002441406 1646.5 1637.80004882812 1573 1603.90002441406 1601.19995117188 1599.09997558594 1593.80004882812 1564.09997558594 1569.40002441406 1556.59997558594 1544.59997558594 1506.40002441406 1461.59997558594 1445.59997558594 1446.90002441406 1424.09997558594 1422.90002441406 1434.80004882812 1450.59997558594
835.900024414062 869.5 750.599975585938 586.400024414062 691.200012207031 1079.09997558594 1565.90002441406 3389.39990234375 5259.2998046875 6057.7001953125 5667.7998046875 5143.89990234375 4564.7001953125 4122.5 3721.19995117188 3342.5 3027.5 2762.10009765625 2548.89990234375 2375.60009765625 2242.10009765625 2137.80004882812 2054.80004882812 1990.40002441406 1938.90002441406 1895.69995117188 1852 1832.59997558594 1817 1759 1724.19995117188 1731.80004882812 1710.30004882812 1700.40002441406 1684.69995117188 1665.90002441406 1652.09997558594 1621.80004882812 1611.30004882812 1621.90002441406 1615.69995117188 1585.09997558594 1580.90002441406 1573.80004882812 1553.40002441406 1526.30004882812 1476.5 1439.59997558594 1419.40002441406 1425.69995117188 1421.30004882812 1415.59997558594 1420.5 1444.09997558594
782.700012207031 778 778 647.299987792969 818.700012207031 843 820.299987792969 1700.80004882812 2094.80004882812 3526.10009765625 4863.89990234375 4742.39990234375 4398.89990234375 4241.2001953125 3773.10009765625 3424.30004882812 3112.39990234375 2838.89990234375 2608.19995117188 2429.60009765625 2290.60009765625 2178.10009765625 2089.39990234375 2017.09997558594 1957.59997558594 1905.59997558594 1866 1835.40002441406 1806.59997558594 1769.90002441406 1746.90002441406 1735.40002441406 1731.5 1707.59997558594 1692.09997558594 1671.19995117188 1651 1645.59997558594 1639.19995117188 1634.80004882812 1626.69995117188 1585.30004882812 1588.80004882812 1572.80004882812 1550.30004882812 1522.09997558594 1477.30004882812 1425.40002441406 1405.30004882812 1413.59997558594 1417.09997558594 1422.90002441406 1423.90002441406 1427.19995117188
911.799987792969 813.900024414062 720.700012207031 793.299987792969 741.700012207031 899.200012207031 888.299987792969 860 880.299987792969 938.799987792969 2148.19995117188 2844.69995117188 3190.10009765625 3715.89990234375 3605 3296.30004882812 2980 2831.39990234375 2638.80004882812 2459.10009765625 2317.80004882812 2184.10009765625 2095.89990234375 2022.40002441406 1974.30004882812 1924.40002441406 1892.5 1862 1815.09997558594 1784 1759.30004882812 1745.09997558594 1735.09997558594 1709.30004882812 1695 1680.09997558594 1668.59997558594 1659.09997558594 1643.19995117188 1631.40002441406 1626.80004882812 1589.09997558594 1582.30004882812 1568.09997558594 1554.09997558594 1524.80004882812 1488.69995117188 1443.90002441406 1417.30004882812 1422.19995117188 1415.90002441406 1423.09997558594 1415 1409.59997558594
890.400024414062 824.299987792969 881 798.900024414062 863.299987792969 933.599975585938 978.400024414062 956.799987792969 924.799987792969 899.799987792969 913.400024414062 1019.79998779297 1320.40002441406 2325.89990234375 3026.60009765625 2845.80004882812 2607.39990234375 2464.19995117188 2462.60009765625 2308.60009765625 2267.30004882812 2163.39990234375 2080.69995117188 2024.80004882812 1991.80004882812 1945.90002441406 1898.69995117188 1862.40002441406 1824.09997558594 1793.90002441406 1766 1738.80004882812 1720.09997558594 1721 1698.30004882812 1693.09997558594 1680.40002441406 1669 1656.30004882812 1642.59997558594 1624 1586.80004882812 1583.40002441406 1574.40002441406 1562.30004882812 1541.19995117188 1503.5 1468.30004882812 1426.19995117188 1415.09997558594 1415.40002441406 1414.59997558594 1404.90002441406 1403.59997558594
922.200012207031 899.099975585938 861.5 896.799987792969 902.5 936.400024414062 947.099975585938 942.599975585938 936.099975585938 848.599975585938 910.299987792969 888.299987792969 857.400024414062 988.700012207031 1715.90002441406 2258.5 2205.69995117188 1975.09997558594 2141.39990234375 2126.80004882812 2025.90002441406 1990.80004882812 2015.09997558594 1945.30004882812 1938.09997558594 1930.90002441406 1900.59997558594 1870.09997558594 1833.40002441406 1810.09997558594 1788.59997558594 1752.30004882812 1728.69995117188 1717.90002441406 1704.30004882812 1696.40002441406 1682.59997558594 1673.90002441406 1665.30004882812 1654.59997558594 1645.09997558594 1604.5 1593.30004882812 1586 1574.19995117188 1556.59997558594 1518.30004882812 1487.90002441406 1451.40002441406 1435.5 1430 1402.19995117188 1393.5 1391
983.5 985.099975585938 952.799987792969 933.700012207031 867 929.400024414062 929.599975585938 946 966.5 928.099975585938 873.599975585938 925.599975585938 897.599975585938 875.099975585938 1051.59997558594 1149.69995117188 1680.09997558594 1811.80004882812 1865.69995117188 1943.90002441406 1739.59997558594 1672.80004882812 1834.80004882812 1894.59997558594 1878.30004882812 1902.19995117188 1896.80004882812 1874.40002441406 1846.59997558594 1823.30004882812 1801.09997558594 1769.80004882812 1746.69995117188 1723.09997558594 1717.40002441406 1699.80004882812 1683 1678.80004882812 1671.59997558594 1667.40002441406 1655.59997558594 1637.59997558594 1609.40002441406 1618.09997558594 1610.19995117188 1576.80004882812 1539.40002441406 1502.80004882812 1467.19995117188 1446.69995117188 1431.90002441406 1401.19995117188 1387.09997558594 1376.40002441406
972.599975585938 1014.29998779297 1003.59997558594 974.900024414062 915.900024414062 825 896.400024414062 948.099975585938 938.099975585938 915.599975585938 894.099975585938 846.200012207031 861 897.900024414062 920.400024414062 983.400024414062 1201.40002441406 1544.80004882812 1698.80004882812 1553.59997558594 1661.09997558594 1805.90002441406 1693.80004882812 1697.59997558594 1805.90002441406 1846.59997558594 1883.30004882812 1886.30004882812 1867.80004882812 1855.59997558594 1822.90002441406 1790.30004882812 1776.69995117188 1742.40002441406 1731.90002441406 1704.30004882812 1697.59997558594 1698.09997558594 1682.30004882812 1680.30004882812 1671.40002441406 1667 1646.40002441406 1653.30004882812 1651.30004882812 1609.19995117188 1558.59997558594 1524.19995117188 1495.40002441406 1478.59997558594 1445.80004882812 1406.59997558594 1382.80004882812 1367.40002441406
953.799987792969 989.400024414062 989.700012207031 972.700012207031 941.900024414062 919.900024414062 933 958.099975585938 886.099975585938 849.799987792969 890.200012207031 843.5 820.200012207031 838.5 882.400024414062 880.599975585938 928.299987792969 1099.30004882812 1267.09997558594 1326.40002441406 1481.59997558594 1667.59997558594 1454.90002441406 1448.90002441406 1627.19995117188 1855.90002441406 1850.80004882812 1879.5 1882.59997558594 1849.40002441406 1814.40002441406 1785.30004882812 1772.19995117188 1760.40002441406 1735.09997558594 1728.40002441406 1724.80004882812 1710.09997558594 1707.59997558594 1701.90002441406 1701.09997558594 1704.09997558594 1689.5 1681.5 1688.59997558594 1661.40002441406 1605.19995117188 1558.09997558594 1524.69995117188 1497.09997558594 1456.40002441406 1417.59997558594 1382.59997558594 1357
904.900024414062 935.200012207031 954.599975585938 953.099975585938 916.400024414062 930.599975585938 934.599975585938 918.599975585938 873.799987792969 807.299987792969 807.599975585938 865.799987792969 931.200012207031 906.599975585938 902.799987792969 903.400024414062 946.299987792969 959.099975585938 1036.19995117188 1356.80004882812 1490.30004882812 1426.59997558594 1385.59997558594 1371.19995117188 1578.90002441406 1765.59997558594 1858.09997558594 1867.5 1825.69995117188 1827.09997558594 1799 1782.59997558594 1778.40002441406 1771.09997558594 1754.80004882812 1749.40002441406 1746.40002441406 1745.80004882812 1743.30004882812 1730.90002441406 1738.09997558594 1741.90002441406 1745 1736.90002441406 1733.40002441406 1710 1657.90002441406 1599.40002441406 1555 1514.19995117188 1466.5 1423.30004882812 1384.59997558594 1351.09997558594
845.599975585938 885.400024414062 898 896.700012207031 881.599975585938 885.900024414062 936.099975585938 891.599975585938 818.099975585938 864.799987792969 786.900024414062 781.400024414062 815.400024414062 813.599975585938 907.200012207031 938 940 969.400024414062 980.099975585938 1136.59997558594 1349.40002441406 1363.80004882812 1350.30004882812 1316.40002441406 1457.80004882812 1623.09997558594 1789.90002441406 1828 1817.09997558594 1800.30004882812 1791.30004882812 1780.19995117188 1785.19995117188 1777.09997558594 1784.09997558594 1799.19995117188 1797.30004882812 1787.59997558594 1774 1769.80004882812 1785.19995117188 1803.69995117188 1801.69995117188 1810.30004882812 1798.90002441406 1762.30004882812 1720.80004882812 1654.80004882812 1590.90002441406 1541.40002441406 1481.80004882812 1429.09997558594 1381.40002441406 1337.69995117188
797.099975585938 835.700012207031 865 854.099975585938 859.099975585938 853.5 885.400024414062 895.900024414062 832.200012207031 809.299987792969 804.099975585938 792.700012207031 785.299987792969 831.900024414062 784.299987792969 904.799987792969 911.099975585938 933.799987792969 977.900024414062 980.799987792969 1176.09997558594 1355.69995117188 1346.59997558594 1370.59997558594 1423.30004882812 1667 1685.40002441406 1760.40002441406 1814 1793.59997558594 1811.90002441406 1803.80004882812 1811.19995117188 1826.30004882812 1851.30004882812 1865.30004882812 1866.19995117188 1861.59997558594 1845.59997558594 1840.30004882812 1861.90002441406 1888.40002441406 1898.19995117188 1899.69995117188 1886.90002441406 1840.80004882812 1784.90002441406 1716.59997558594 1640.90002441406 1574 1503.69995117188 1437.09997558594 1376.90002441406 1322.5
752.799987792969 798.099975585938 819.299987792969 819.900024414062 873 877.299987792969 875.799987792969 912.599975585938 967.099975585938 924.799987792969 827 776.299987792969 785.299987792969 805.299987792969 796.599975585938 860.099975585938 908.799987792969 919.700012207031 956.599975585938 970.599975585938 1061.59997558594 1290.40002441406 1397 1447.59997558594 1372.90002441406 1559.30004882812 1721 1664.30004882812 1761.80004882812 1784.59997558594 1823.30004882812 1839.69995117188 1849.40002441406 1878.90002441406 1911.19995117188 1935.40002441406 1948.30004882812 1962.40002441406 1966 1967.40002441406 1990.59997558594 2004.90002441406 2011.19995117188 2000.90002441406 1990.09997558594 1947.30004882812 1874.80004882812 1787.90002441406 1703.69995117188 1613.90002441406 1530.59997558594 1449.40002441406 1374.40002441406 1308.80004882812
688.599975585938 734.099975585938 751.599975585938 768.299987792969 769.299987792969 836.599975585938 877.400024414062 914.400024414062 946.400024414062 951.400024414062 850.700012207031 752.599975585938 729 764.400024414062 816.799987792969 874.599975585938 922.599975585938 952.599975585938 951.900024414062 966.400024414062 1067.59997558594 1156.69995117188 1361.80004882812 1466.40002441406 1445.59997558594 1470.09997558594 1684.90002441406 1729.5 1703.90002441406 1762.40002441406 1811.80004882812 1879.59997558594 1903.40002441406 1948.90002441406 1990.40002441406 2026.5 2057 2084.5 2109.60009765625 2130.30004882812 2140.80004882812 2157.19995117188 2158.30004882812 2124.60009765625 2111.39990234375 2050.10009765625 1973.40002441406 1877.5 1766.09997558594 1663.80004882812 1562.40002441406 1465.09997558594 1373.80004882812 1295.59997558594
