data/layers/future_layer_mc_126_60/bio15.asc
NCOLS 494 
NROWS 529 
XLLCORNER -117.166666666667 
YLLCORNER -55.5 
CELLSIZE 0.166666666666667 
NODATA_value -3.4e+38 
[rows 425 to 449 of 529, columns 275 to 329 of 494]
69.3000030517578 68.9000015258789 71.3000030517578 67.8000030517578 63.2999992370605 60.5 54.0999984741211 48.2999992370605 41.9000015258789 34.2999992370605 25.1000003814697 19.3999996185303 17.6000003814697 19.1000003814697 19 22.3999996185303 26.7000007629395 30.5 33.5999984741211 34.7000007629395 33.9000015258789 32.0999984741211 32.5 33.5999984741211 35.0999984741211 35.4000015258789 35.5 37 39.2000007629395 41 43.2000007629395 41.0999984741211 45.7999992370605 45.5999984741211 44.2000007629395 42.9000015258789 42.4000015258789 41.9000015258789 41.0999984741211 40.9000015258789 41.2000007629395 41.7000007629395 42.7000007629395 43.5999984741211 42.4000015258789 39.4000015258789 42.0999984741211 40.2000007629395 39.0999984741211 38.7000007629395 39.0999984741211 39.0999984741211 39.4000015258789 39.5 39.2999992370605
68.4000015258789 69.3000030517578 70 66.6999969482422 62.2000007629395 58.7999992370605 53.2999992370605 48.0999984741211 42.2999992370605 34.5999984741211 25.7000007629395 20.7999992370605 18.8999996185303 18.2999992370605 21.3999996185303 26.1000003814697 30 33.5999984741211 35.7000007629395 36.0999984741211 35 33.0999984741211 32.0999984741211 32.2000007629395 33.4000015258789 34.2999992370605 34.2999992370605 35.2999992370605 36.4000015258789 37.4000015258789 38.4000015258789 40.0999984741211 39.4000015258789 40.5999984741211 39.7999992370605 39.5999984741211 39.7000007629395 39.2000007629395 39.0999984741211 39.7999992370605 40 40.4000015258789 41.2999992370605 41.2000007629395 39.9000015258789 40.9000015258789 40.9000015258789 38.7999992370605 38.2000007629395 38.2000007629395 38.0999984741211 38.2999992370605 38.4000015258789 38.7000007629395 38.5999984741211
67.3000030517578 68.3000030517578 69.5 68.5999984741211 62.4000015258789 58.2999992370605 53.5999984741211 46.0999984741211 41.0999984741211 35.7999992370605 27.3999996185303 21.6000003814697 19.5 18.7000007629395 22 26.5 31.8999996185303 35.2999992370605 38.0999984741211 37.5 34.4000015258789 31.2999992370605 29.8999996185303 30.7999992370605 31.7999992370605 32.4000015258789 33.2999992370605 33 33.2000007629395 33.9000015258789 34.2999992370605 35.2000007629395 34.2999992370605 35.0999984741211 35.2999992370605 35.4000015258789 35.7999992370605 36.4000015258789 37.2000007629395 38.4000015258789 39.2000007629395 39.4000015258789 38.5 38.7000007629395 39.5 39.0999984741211 38.7999992370605 37.0999984741211 37.4000015258789 36.5999984741211 36.7000007629395 36.5999984741211 37 37.5 38.0999984741211
67.6999969482422 67.9000015258789 70.5999984741211 70.0999984741211 66.1999969482422 57.9000015258789 51.7000007629395 46.4000015258789 40.9000015258789 33.7000007629395 29.3999996185303 24.8999996185303 22.6000003814697 19.2999992370605 19.1000003814697 26.2999992370605 31.1000003814697 36.7000007629395 40.0999984741211 39.4000015258789 33 29.2000007629395 27.6000003814697 27.7999992370605 30.2999992370605 32.0999984741211 32.5999984741211 31.7999992370605 31.2000007629395 31.2000007629395 31.2999992370605 32 31.6000003814697 31.1000003814697 31.1000003814697 31.7999992370605 32.2999992370605 33.4000015258789 34.7000007629395 35.5 36.9000015258789 37.4000015258789 36.7000007629395 37.5 37.7000007629395 38.5999984741211 37.9000015258789 37.2000007629395 36.2000007629395 35.7999992370605 34.7999992370605 35.0999984741211 35.9000015258789 36 36.7000007629395
67.5999984741211 67.8000030517578 71.5 70.9000015258789 68 58.5 52.0999984741211 45.9000015258789 39.0999984741211 35.0999984741211 29.7000007629395 27 26.7000007629395 21.2000007629395 22.8999996185303 25.7999992370605 32 36.5 41.4000015258789 41.0999984741211 33.7000007629395 26.7000007629395 25.3999996185303 27.1000003814697 30.2999992370605 33.2999992370605 33.5 32.2000007629395 31.1000003814697 29.8999996185303 28.5 28.2000007629395 28 27.7000007629395 27.6000003814697 28.3999996185303 29.1000003814697 30.6000003814697 32 33.4000015258789 34.7999992370605 35.5 36.2000007629395 36.7000007629395 36.7000007629395 36.9000015258789 36.7999992370605 36.2999992370605 35.7999992370605 35.2000007629395 34.9000015258789 34.7999992370605 34.7999992370605 35.7000007629395 -3.4e+38
67.3000030517578 68.3000030517578 70.5999984741211 68.4000015258789 66.5 58.7000007629395 52.0999984741211 45.7000007629395 41 34.5 31.6000003814697 26.6000003814697 24.6000003814697 20.7999992370605 22.6000003814697 26.7999992370605 32.2999992370605 35.9000015258789 38.4000015258789 38.4000015258789 32.7999992370605 25 22.7000007629395 25.3999996185303 31.5 35 33.2000007629395 31.7000007629395 30.1000003814697 28.5 27.1000003814697 26.3999996185303 25.5 24.8999996185303 24.3999996185303 25.6000003814697 26.7000007629395 28.1000003814697 29.8999996185303 31.2000007629395 32.7000007629395 33.7000007629395 33.9000015258789 34.2000007629395 34.9000015258789 34.4000015258789 34.5999984741211 34.7000007629395 34.2999992370605 34.2000007629395 34.0999984741211 33.7999992370605 33.9000015258789 34.5 -3.4e+38
65.9000015258789 65.8000030517578 68.6999969482422 68.8000030517578 64.3000030517578 57.2999992370605 51.9000015258789 47.5 41.2000007629395 36.2000007629395 31.8999996185303 27.3999996185303 23.7000007629395 22 24.5 28.1000003814697 28.5 29.7000007629395 33.7999992370605 34.4000015258789 30.7999992370605 25.1000003814697 22.7000007629395 25.3999996185303 29.6000003814697 32.2999992370605 32 31.2000007629395 29.7999992370605 28.3999996185303 26.2000007629395 24.3999996185303 23.5 22.7999992370605 22.7999992370605 23.7999992370605 24.8999996185303 26.5 27.8999996185303 28 29.5 30.7999992370605 31.6000003814697 32.0999984741211 33.0999984741211 33.0999984741211 33.0999984741211 33.7000007629395 33.7000007629395 34.2000007629395 34.5 33.9000015258789 33.7000007629395 33.7999992370605 -3.4e+38
65.3000030517578 66.8000030517578 66.6999969482422 66.6999969482422 60.2000007629395 55 51.0999984741211 46.7999992370605 42.5999984741211 38.7999992370605 35.0999984741211 32 33.7000007629395 34 30.8999996185303 28.2000007629395 27 28.7999992370605 31.2000007629395 31.3999996185303 28.2999992370605 25.2000007629395 23.1000003814697 22.6000003814697 26.6000003814697 29.7000007629395 30 29.1000003814697 27.7999992370605 26.7000007629395 25.2999992370605 23.8999996185303 23.2000007629395 22.2000007629395 22 23 24 25.2000007629395 26.1000003814697 26.8999996185303 27.8999996185303 28.7000007629395 29.2999992370605 30.1000003814697 29.6000003814697 31 31.7000007629395 32.4000015258789 32.7000007629395 33.5 34.2000007629395 34.7999992370605 34.7999992370605 34.2000007629395 34.7999992370605
63 64.0999984741211 63.5 62.0999984741211 55.7000007629395 53.5 49.4000015258789 45.5 42.5999984741211 39.0999984741211 38.2000007629395 37.7000007629395 37.7000007629395 35.7999992370605 30.8999996185303 27.2000007629395 26.1000003814697 28.5 28.7000007629395 28.6000003814697 27.1000003814697 25.2999992370605 23.2000007629395 23.7000007629395 24.6000003814697 25.7000007629395 26.8999996185303 27.6000003814697 26.8999996185303 25.7000007629395 24.6000003814697 23.6000003814697 22.6000003814697 22.3999996185303 22.2000007629395 22.7999992370605 23.2000007629395 23.5 24.2999992370605 25.1000003814697 26.1000003814697 26.3999996185303 27.3999996185303 28.2000007629395 29.2000007629395 29.3999996185303 30 30.6000003814697 31.5 32.4000015258789 34.0999984741211 35.2000007629395 35.4000015258789 34.7000007629395 35
60.9000015258789 60 58.7999992370605 56.7000007629395 53.2999992370605 51.7000007629395 48.4000015258789 45.5 42.7999992370605 40.4000015258789 38.0999984741211 37.2000007629395 33 29.6000003814697 28.7000007629395 27.5 26.7000007629395 27.7999992370605 28.6000003814697 27.8999996185303 26.2000007629395 24.3999996185303 23.6000003814697 23.2000007629395 23.7999992370605 24.8999996185303 24.7000007629395 25.1000003814697 25.8999996185303 25.2999992370605 24.3999996185303 23.3999996185303 22.8999996185303 22.5 22.2000007629395 22.8999996185303 23.3999996185303 23.3999996185303 23.2999992370605 24 24 24.7000007629395 25.3999996185303 26.6000003814697 27.8999996185303 28.2999992370605 26.2999992370605 28.5 31 31.8999996185303 33.0999984741211 33.9000015258789 34.2999992370605 34.4000015258789 34.5
59.5 56.4000015258789 55.9000015258789 55.0999984741211 56.5 50 46.7999992370605 46.0999984741211 44.0999984741211 39.2999992370605 35.9000015258789 33.2999992370605 29.6000003814697 27.7000007629395 27.2999992370605 26.6000003814697 26.7000007629395 28 27.8999996185303 27.2000007629395 26.6000003814697 24.8999996185303 24 23.3999996185303 23.1000003814697 24.3999996185303 24.2000007629395 24.2000007629395 24.2999992370605 24.5 24.1000003814697 23.7999992370605 23.6000003814697 23 23 23.2999992370605 23.5 23.1000003814697 22.7000007629395 22.8999996185303 23.1000003814697 23.1000003814697 23.7999992370605 24.7000007629395 26.1000003814697 27.3999996185303 28.3999996185303 28.8999996185303 29.8999996185303 31 32 32.9000015258789 33.5999984741211 34 -3.4e+38
59.5999984741211 57.4000015258789 54.5 52.4000015258789 53.5999984741211 49.9000015258789 46.9000015258789 46.2000007629395 42.2999992370605 37.2999992370605 32.5 31 28.3999996185303 26.6000003814697 25.8999996185303 26.3999996185303 26.7000007629395 27.8999996185303 28 27.5 26.6000003814697 26.1000003814697 25.5 24.2999992370605 24.1000003814697 24.5 24.8999996185303 24.8999996185303 24.7000007629395 24.1000003814697 24 24 23.7000007629395 23.2999992370605 22.7000007629395 23.2999992370605 23.7999992370605 23.3999996185303 23.1000003814697 23 22.2000007629395 21.7999992370605 22.7999992370605 24.1000003814697 25.7999992370605 27 27.7999992370605 28.7000007629395 29.7000007629395 31.2999992370605 32 32.5999984741211 33.4000015258789 34 -3.4e+38
66.9000015258789 63.9000015258789 55.5 51.9000015258789 50.0999984741211 51.0999984741211 47.2999992370605 45.5 41.5999984741211 38.5 34 31 28.8999996185303 27 26.2999992370605 26.2999992370605 27.3999996185303 27.5 28 28.1000003814697 27.7000007629395 27.2999992370605 26.2999992370605 25.2999992370605 24.6000003814697 25 25.2000007629395 24.8999996185303 24.7000007629395 24.3999996185303 24.3999996185303 23.8999996185303 23 22.8999996185303 22 23.2000007629395 23.3999996185303 24.1000003814697 23.7000007629395 23.3999996185303 22.6000003814697 22 22.7000007629395 24 24.7999992370605 26.2999992370605 27.2999992370605 28.7000007629395 29.3999996185303 30.5 31.3999996185303 32.0999984741211 33.4000015258789 34 -3.4e+38
65.4000015258789 64.9000015258789 56.0999984741211 51.9000015258789 50.5 50.4000015258789 47.9000015258789 45.9000015258789 42.7999992370605 40.7999992370605 37 33.5 30.3999996185303 28.2999992370605 27.2000007629395 27.2999992370605 28.7999992370605 29 29.7000007629395 29.8999996185303 28.8999996185303 28.6000003814697 27.3999996185303 26.5 25.7999992370605 25.6000003814697 25.3999996185303 25.3999996185303 24.3999996185303 24.1000003814697 24 23.3999996185303 23.8999996185303 23.3999996185303 23.3999996185303 23.2999992370605 24.2999992370605 23.7000007629395 24.2999992370605 23.8999996185303 23.2999992370605 23.2000007629395 23.5 23.7999992370605 25.1000003814697 25.7000007629395 27.1000003814697 28.2999992370605 29.1000003814697 29.2999992370605 29.8999996185303 31.6000003814697 32.7000007629395 -3.4e+38 -3.4e+38
66.5999984741211 68.4000015258789 57.5 53.7000007629395 51.5 51.2999992370605 49.5 45.9000015258789 44.5 42.5999984741211 37.7999992370605 32.5 30.2999992370605 28.8999996185303 27.8999996185303 28.6000003814697 30.2999992370605 30.1000003814697 30.5 30.7000007629395 29.7000007629395 28.2000007629395 27.6000003814697 26.7000007629395 27 26.5 25.8999996185303 25.6000003814697 24.7000007629395 24.3999996185303 24.3999996185303 23.6000003814697 24.5 24.7999992370605 25.2000007629395 25.6000003814697 25.7999992370605 26.2999992370605 26.3999996185303 25.1000003814697 23.8999996185303 23.3999996185303 23.3999996185303 23.5 24.5 25.3999996185303 26.8999996185303 27.6000003814697 28.7000007629395 29.2000007629395 29.7000007629395 30.7999992370605 32.5 33.9000015258789 35
66.9000015258789 63.5 64.5 57.4000015258789 54.7000007629395 52.5999984741211 50.2000007629395 47.2000007629395 45 40.7999992370605 35.0999984741211 33.2999992370605 31.1000003814697 30.1000003814697 29.7000007629395 29.6000003814697 31.2000007629395 31.2999992370605 31.2000007629395 30.2999992370605 30 29.7999992370605 29.1000003814697 28.2000007629395 27.2000007629395 27.2999992370605 26.7000007629395 26.2000007629395 25.2999992370605 25.1000003814697 25.1000003814697 24.6000003814697 24.5 25.1000003814697 25.2999992370605 26 27.1000003814697 -3.4e+38 -3.4e+38 26.2999992370605 25.2999992370605 24.2000007629395 23.8999996185303 24.1000003814697 25.2999992370605 25.6000003814697 26.2000007629395 26.7000007629395 27.7000007629395 28.3999996185303 29.5 30.5 32.0999984741211 33.7000007629395 -3.4e+38
67.8000030517578 63.2000007629395 64.9000015258789 60.7000007629395 57.4000015258789 57.0999984741211 51.9000015258789 48.4000015258789 47.2999992370605 41.9000015258789 37.2999992370605 34.5 33 31.1000003814697 30.7000007629395 30.7000007629395 31.6000003814697 32.7999992370605 32.0999984741211 31.1000003814697 31.1000003814697 30.1000003814697 29.7999992370605 29.7999992370605 28.8999996185303 29 27.7000007629395 27.2999992370605 27.2000007629395 26.7999992370605 26 25.6000003814697 25.6000003814697 25.3999996185303 26.2999992370605 26.5 27.2000007629395 -3.4e+38 -3.4e+38 -3.4e+38 -3.4e+38 -3.4e+38 24.5 24.2000007629395 25 25.5 26.5 27.5 28.2999992370605 28.6000003814697 29.3999996185303 30.2999992370605 -3.4e+38 -3.4e+38 -3.4e+38
59.5999984741211 62.2999992370605 65.0999984741211 63.7999992370605 60.5 56.7999992370605 53.7999992370605 51.4000015258789 49.2000007629395 44.2000007629395 40.2000007629395 38.4000015258789 35.9000015258789 32.5999984741211 30.8999996185303 31.7999992370605 33 32.7000007629395 32.5999984741211 32.4000015258789 32.4000015258789 31.1000003814697 30.2999992370605 30.2999992370605 30.5 29.7000007629395 29.1000003814697 28.2999992370605 27.7000007629395 26.7999992370605 25.8999996185303 25.8999996185303 25.8999996185303 25.7000007629395 25.8999996185303 25.7000007629395 25.8999996185303 -3.4e+38 -3.4e+38 -3.4e+38 -3.4e+38 -3.4e+38 -3.4e+38 -3.4e+38 -3.4e+38 26 26.8999996185303 27.6000003814697 28.5 28.7000007629395 -3.4e+38 -3.4e+38 -3.4e+38 -3.4e+38 -3.4e+38
65.5 67.5 69 67.4000015258789 65.5 60.4000015258789 57.5 55.0999984741211 50.5999984741211 45.2999992370605 41.2000007629395 38.7000007629395 35.9000015258789 33.7000007629395 32.7000007629395 33.2999992370605 33.2000007629395 32.7000007629395 32.7000007629395 32.2999992370605 32.9000015258789 31.6000003814697 31.2999992370605 30.7999992370605 30.6000003814697 29.6000003814697 30.2000007629395 29.7999992370605 29 28 26.7000007629395 26.2000007629395 26 25.7999992370605 25.1000003814697 25.6000003814697 26 -3.4e+38 -3.4e+38 -3.4e+38 -3.4e+38 -3.4e+38 -3.4e+38 -3.4e+38 -3.4e+38 -3.4e+38 -3.4e+38 -3.4e+38 -3.4e+38 -3.4e+38 -3.4e+38 -3.4e+38 -3.4e+38 -3.4e+38 -3.4e+38
66.5 70.3000030517578 68.4000015258789 65 63.7000007629395 63.4000015258789 65.6999969482422 62.2000007629395 53.2000007629395 47.4000015258789 43.7000007629395 40.4000015258789 36.2000007629395 34.0999984741211 33.9000015258789 33.7999992370605 33.0999984741211 32.2000007629395 33 31.2999992370605 31.3999996185303 31.3999996185303 31.7999992370605 30.5 29.2999992370605 29.2000007629395 29 29.7999992370605 29.3999996185303 27.3999996185303 26.6000003814697 26.1000003814697 25.6000003814697 25.2999992370605 24.8999996185303 25.6000003814697 25.7000007629395 -3.4e+38 -3.4e+38 -3.4e+38 -3.4e+38 -3.4e+38 -3.4e+38 -3.4e+38 -3.4e+38 -3.4e+38 -3.4e+38 -3.4e+38 -3.4e+38 -3.4e+38 -3.4e+38 -3.4e+38 -3.4e+38 -3.4e+38 -3.4e+38
62.2999992370605 67 69 65.0999984741211 60.5 59.5 58.0999984741211 56.2000007629395 53.7999992370605 50.5999984741211 48.5 42.7000007629395 39.0999984741211 39.5999984741211 36.4000015258789 33.7000007629395 32.2999992370605 32.2000007629395 31.6000003814697 31.7000007629395 31.7000007629395 31.2999992370605 30.7000007629395 30 28.8999996185303 28.7000007629395 28.2999992370605 28.7999992370605 28.7999992370605 27.5 26.2000007629395 26 25.7000007629395 25.2999992370605 25.2999992370605 25.2999992370605 24.6000003814697 24.2999992370605 -3.4e+38 -3.4e+38 -3.4e+38 -3.4e+38 -3.4e+38 -3.4e+38 -3.4e+38 -3.4e+38 -3.4e+38 -3.4e+38 -3.4e+38 -3.4e+38 -3.4e+38 -3.4e+38 -3.4e+38 -3.4e+38 -3.4e+38
61.2000007629395 63.2999992370605 64.5999984741211 61.7000007629395 61.0999984741211 58.9000015258789 57.4000015258789 54.4000015258789 53.2000007629395 51.5 47.2999992370605 43.5 41.2000007629395 44.7999992370605 37.4000015258789 34.2999992370605 32.2000007629395 31.8999996185303 32.2000007629395 31.5 31.3999996185303 31.7999992370605 30.3999996185303 29.8999996185303 28.5 27.8999996185303 26.8999996185303 27.2999992370605 27.2000007629395 26.8999996185303 25.8999996185303 25.3999996185303 25.2000007629395 25.1000003814697 25 24.2999992370605 23.7999992370605 23.2999992370605 -3.4e+38 -3.4e+38 -3.4e+38 -3.4e+38 -3.4e+38 -3.4e+38 -3.4e+38 -3.4e+38 -3.4e+38 -3.4e+38 -3.4e+38 -3.4e+38 -3.4e+38 -3.4e+38 -3.4e+38 -3.4e+38 -3.4e+38
59.4000015258789 61.2999992370605 62.0999984741211 60.0999984741211 58.9000015258789 58.4000015258789 57 54.5 51.2999992370605 51.2000007629395 48.2000007629395 47 45.0999984741211 40.9000015258789 38.2999992370605 38.0999984741211 36.0999984741211 34 37.2000007629395 32.5999984741211 30.8999996185303 30.1000003814697 29.7999992370605 28.7000007629395 28.3999996185303 27.1000003814697 26.3999996185303 25.8999996185303 25.7000007629395 25.6000003814697 25.7000007629395 25.1000003814697 24.3999996185303 24.5 24 23.7999992370605 23.3999996185303 -3.4e+38 -3.4e+38 -3.4e+38 -3.4e+38 -3.4e+38 -3.4e+38 -3.4e+38 -3.4e+38 -3.4e+38 -3.4e+38 -3.4e+38 -3.4e+38 -3.4e+38 -3.4e+38 -3.4e+38 -3.4e+38 -3.4e+38 -3.4e+38
61.0999984741211 65.0999984741211 62.7000007629395 60.0999984741211 58.5 57.9000015258789 57.2000007629395 55.2000007629395 52.2999992370605 49.5999984741211 45.9000015258789 46.9000015258789 49.7000007629395 44.4000015258789 44.0999984741211 47.4000015258789 43.7999992370605 40.5999984741211 37 34 30.7000007629395 29.6000003814697 28.6000003814697 27.7000007629395 27.2999992370605 27.2000007629395 26.5 25.7999992370605 25.6000003814697 25.6000003814697 25.5 25.2000007629395 24.2999992370605 24.1000003814697 23.6000003814697 22.7000007629395 22.2000007629395 -3.4e+38 -3.4e+38 -3.4e+38 -3.4e+38 -3.4e+38 -3.4e+38 -3.4e+38 -3.4e+38 -3.4e+38 -3.4e+38 -3.4e+38 -3.4e+38 -3.4e+38 -3.4e+38 -3.4e+38 -3.4e+38 -3.4e+38 -3.4e+38
63 65.3000030517578 63 60.2000007629395 58.5999984741211 57.2999992370605 55.7000007629395 55.5 54 51.0999984741211 46.5999984741211 44.2000007629395 40.7000007629395 41.2999992370605 39.7999992370605 36.9000015258789 37.5999984741211 33.0999984741211 31.8999996185303 33.7000007629395 29.5 29.1000003814697 28.5 28.2999992370605 26.2000007629395 25.5 25.5 25.5 25.2000007629395 25.1000003814697 24.8999996185303 24.6000003814697 23.7000007629395 23.1000003814697 22.6000003814697 22.2999992370605 22.2999992370605 22.6000003814697 23.7000007629395 -3.4e+38 -3.4e+38 -3.4e+38 -3.4e+38 -3.4e+38 34.5 35.5999984741211 -3.4e+38 -3.4e+38 -3.4e+38 -3.4e+38 -3.4e+38 -3.4e+38 -3.4e+38 -3.4e+38 -3.4e+38
