data/layers/future_layer_mc_126_60/bio4.asc
NCOLS 494 
NROWS 529 
XLLCORNER -117.166666666667 
YLLCORNER -55.5 
CELLSIZE 0.166666666666667 
NODATA_value -3.4e+38 
[rows 216 to 239 of 529, columns 220 to 274 of 494]
-3.4e+38 137.100006103516 123.699996948242 108.800003051758 66.3000030517578 24.3999996185303 23.5 22.6000003814697 51.0999984741211 52.4000015258789 35.5 22.1000003814697 25 22.2000007629395 22 24.7999992370605 23.2999992370605 21.8999996185303 19.7999992370605 20.5 21.8999996185303 23.7999992370605 26.7000007629395 29.1000003814697 32.5999984741211 36.5999984741211 40.5 44.2000007629395 46.5999984741211 48.9000015258789 51.9000015258789 55.0999984741211 57 57.0999984741211 57.2999992370605 57.4000015258789 55.9000015258789 53.7000007629395 51.7000007629395 50.2999992370605 48.5999984741211 47.4000015258789 46.2999992370605 46.0999984741211 45.5 45.9000015258789 47.0999984741211 47.5 47.4000015258789 46.4000015258789 45.9000015258789 46.2000007629395 45.0999984741211 44.5999984741211 44.7999992370605
142.300003051758 120.199996948242 109.5 89.8000030517578 31.3999996185303 21.2999992370605 34.4000015258789 35.2999992370605 50.4000015258789 28.1000003814697 27.8999996185303 22.8999996185303 21.3999996185303 20.3999996185303 21.2000007629395 21.7000007629395 21.5 18.5 17.7000007629395 18.2999992370605 20.6000003814697 22.3999996185303 24.7000007629395 27.7999992370605 31.6000003814697 35.9000015258789 39.4000015258789 42.9000015258789 45.2999992370605 48.2999992370605 52.0999984741211 55.9000015258789 57 55.7999992370605 55.7000007629395 56.2000007629395 54.5999984741211 52.7999992370605 51.2999992370605 48.9000015258789 47.5 45.7999992370605 45.2000007629395 44.7000007629395 44.0999984741211 45.2999992370605 47.0999984741211 47.5999984741211 46.7999992370605 46.5 46.4000015258789 45.9000015258789 45.2000007629395 44.7000007629395 44.5999984741211
121.400001525879 107.099998474121 88.9000015258789 60.7000007629395 30.5 23.5 23.2999992370605 40.5999984741211 43.5999984741211 24.7999992370605 21.7000007629395 22.1000003814697 22 20.7999992370605 18.7999992370605 18.5 20.1000003814697 16.5 16 17.2999992370605 18.8999996185303 21 23.3999996185303 26.3999996185303 30.2000007629395 33.2999992370605 37 40.7999992370605 43.5 47.0999984741211 51 54.5 55.5999984741211 54.7000007629395 53.7000007629395 53.5 52.5 51 49.0999984741211 47.2999992370605 46.0999984741211 44.7999992370605 44.2999992370605 43 42.5999984741211 44.2000007629395 45.7000007629395 46 46 45.9000015258789 45.7999992370605 45.7000007629395 45.2000007629395 44.5 44
107.699996948242 89.1999969482422 68.6999969482422 40.5 24.8999996185303 17.6000003814697 18.7999992370605 33.2000007629395 37.5 27.7000007629395 23 23.8999996185303 22.2000007629395 18.8999996185303 18 17.2999992370605 19 15.8999996185303 14.8999996185303 16.1000003814697 17.8999996185303 20.3999996185303 22.7000007629395 25.7000007629395 28.7000007629395 32 36.0999984741211 39 41.7000007629395 44.7000007629395 48.4000015258789 51.2000007629395 52.0999984741211 52.0999984741211 51.5 51.4000015258789 50.4000015258789 49.0999984741211 47.7999992370605 45.9000015258789 45.2999992370605 43.9000015258789 42.9000015258789 41.9000015258789 41.7000007629395 43.2000007629395 44.5 44.2999992370605 44.7000007629395 44.5 45.0999984741211 45 44.7999992370605 44.5999984741211 44.5999984741211
114.5 97 59.7999992370605 28.6000003814697 26.7999992370605 18.7000007629395 18.2000007629395 25.2000007629395 33 26.5 25.1000003814697 22.7000007629395 20.6000003814697 19.2000007629395 17.2000007629395 17.6000003814697 17.3999996185303 15.3000001907349 14 15.1000003814697 17.6000003814697 19.3999996185303 22.2000007629395 24.7999992370605 28.2999992370605 31.2000007629395 34.5999984741211 38.2000007629395 40.2000007629395 42.7000007629395 45.4000015258789 47.7000007629395 48.2000007629395 48.5 48.5999984741211 48.7999992370605 48.2999992370605 47.4000015258789 45.5 44.7999992370605 44.2999992370605 43.5 41.9000015258789 41.0999984741211 40.5999984741211 42.0999984741211 43.0999984741211 44.0999984741211 44.2000007629395 44.5 44.2000007629395 43.9000015258789 44.4000015258789 44.4000015258789 44.2999992370605
134.600006103516 121.599998474121 92.6999969482422 50.7000007629395 23.3999996185303 20.6000003814697 17.6000003814697 19.6000003814697 29.5 28.8999996185303 23.5 23.3999996185303 22.8999996185303 20.6000003814697 17.2999992370605 18.1000003814697 16.7000007629395 14.6000003814697 13.6999998092651 14.3999996185303 16.6000003814697 18.5 21 24.2000007629395 27.1000003814697 30.7000007629395 33.2999992370605 36.5 38.7999992370605 40.7999992370605 42.5999984741211 44.4000015258789 45.2000007629395 45.7000007629395 45.7999992370605 46.7000007629395 46 45.0999984741211 44.2999992370605 44 43.5 42.5999984741211 40.9000015258789 39.5999984741211 40.4000015258789 40.7999992370605 41.5 42 43.7000007629395 44.0999984741211 43.9000015258789 43.7999992370605 43.5999984741211 44.0999984741211 44.4000015258789
162.399993896484 147.699996948242 110.5 81.1999969482422 36.4000015258789 23.2999992370605 20.3999996185303 22 27.6000003814697 25.8999996185303 24.7999992370605 26.5 27.2999992370605 26 21.2000007629395 20.3999996185303 16.8999996185303 13.8999996185303 13.1000003814697 13 15.1999998092651 17.5 20.1000003814697 23.2000007629395 26.1000003814697 30.2000007629395 32.5999984741211 35.4000015258789 36.9000015258789 38.4000015258789 40 41.4000015258789 42.9000015258789 42.7000007629395 43.5 44.5 43.5999984741211 42.7000007629395 42.9000015258789 42.7000007629395 42.2000007629395 41.5 40.2000007629395 39.2999992370605 40.2999992370605 40.5 40.5999984741211 41 42.0999984741211 43.2000007629395 43.5 43.4000015258789 44 44 44.2999992370605
185.399993896484 160.300003051758 115.800003051758 70.3000030517578 28.8999996185303 22.1000003814697 20.1000003814697 23.2999992370605 27.1000003814697 25.1000003814697 24.7000007629395 26.3999996185303 27.5 27.2999992370605 25.1000003814697 23 17.7000007629395 14 13.3000001907349 12.8000001907349 14.6999998092651 16.3999996185303 18.7999992370605 22.1000003814697 25.7000007629395 27.8999996185303 31.3999996185303 34.2000007629395 35.7999992370605 37 38.5 39.2999992370605 40.2999992370605 40.2999992370605 41.7999992370605 42.5 42.5999984741211 41.9000015258789 41.2000007629395 41.4000015258789 41.2000007629395 40.4000015258789 39.2000007629395 39.0999984741211 39.5 40.2999992370605 40.5 40.7999992370605 41.7000007629395 42.2000007629395 43.5 43.4000015258789 43.5999984741211 44 43.4000015258789
201.800003051758 187.100006103516 114.699996948242 35.5999984741211 27.3999996185303 22.5 22.3999996185303 22.7000007629395 32.5999984741211 24.2000007629395 24.6000003814697 29.8999996185303 27.7999992370605 33.4000015258789 30.1000003814697 26.3999996185303 16.8999996185303 16.2000007629395 14.6000003814697 13.8000001907349 14.8999996185303 16.5 18.5 22.3999996185303 24.7000007629395 27 30.8999996185303 33.2999992370605 34.2000007629395 35.2999992370605 36.7000007629395 37.5999984741211 38.9000015258789 39.5999984741211 40.7999992370605 41.0999984741211 40.4000015258789 40.7999992370605 39.7999992370605 40.9000015258789 40.7999992370605 39.9000015258789 39.7000007629395 39.2000007629395 39.2000007629395 39.5 40.2000007629395 40.7999992370605 41.0999984741211 42 42.2999992370605 43.2000007629395 43 44 44
217.100006103516 203.5 123 31.2000007629395 21.7999992370605 24.2999992370605 22.7999992370605 25.2999992370605 41 25.2999992370605 27.3999996185303 33 34.2999992370605 35.2000007629395 34.5 30.2999992370605 18.7000007629395 16.7999992370605 16.3999996185303 14.6999998092651 14.5 16.1000003814697 18.3999996185303 21 24.3999996185303 27 30.7999992370605 32.2999992370605 34.2000007629395 35 35.9000015258789 36.4000015258789 37.2999992370605 38.0999984741211 38.7999992370605 39.2999992370605 39.4000015258789 39.2000007629395 38.7000007629395 39 39.7999992370605 39.5 39.2999992370605 38.7000007629395 38.7000007629395 39 39.2999992370605 40.2999992370605 41.2000007629395 41.5999984741211 42.4000015258789 42.9000015258789 43.2999992370605 43.5999984741211 43.7000007629395
219.399993896484 205.800003051758 180.5 96 32.2000007629395 20.7000007629395 24.7999992370605 23.2000007629395 39.4000015258789 38.5 30.1000003814697 29 42.5 39.2999992370605 30.2000007629395 28.7999992370605 20 17.7000007629395 17.1000003814697 16.8999996185303 15.8000001907349 16.5 19 21.3999996185303 24.2000007629395 27.6000003814697 30.6000003814697 32.9000015258789 34.7000007629395 35.7000007629395 35.2000007629395 35.4000015258789 36 36.4000015258789 37.2000007629395 38.2000007629395 38 37.7999992370605 38.2000007629395 38.5999984741211 39.7000007629395 39.0999984741211 38.9000015258789 38.7999992370605 38.7000007629395 38.5 39.2000007629395 39.9000015258789 40.7000007629395 41.0999984741211 41.7999992370605 42.7999992370605 42.9000015258789 43.0999984741211 43.5999984741211
225.699996948242 205.399993896484 195 167.899993896484 126.099998474121 37.2999992370605 24.7999992370605 25.8999996185303 27.7999992370605 37.4000015258789 43.5999984741211 27.7000007629395 47.0999984741211 42.5 30.5 25.7999992370605 22.3999996185303 20.1000003814697 18 17.2999992370605 16.8999996185303 17.5 19.3999996185303 22.6000003814697 25.5 28.5 31.1000003814697 33.5 34.5999984741211 35.5999984741211 36 35 35.2000007629395 36.7000007629395 37.4000015258789 37.0999984741211 37.0999984741211 37.0999984741211 37.7999992370605 38.4000015258789 38.7000007629395 39.2000007629395 38.5 38.2000007629395 38.2000007629395 38.7999992370605 38.7000007629395 39.5999984741211 40.2000007629395 40.7000007629395 41.2000007629395 42.2999992370605 42.2999992370605 42.7000007629395 43.0999984741211
238.300003051758 211.800003051758 197.699996948242 170.100006103516 142.199996948242 51 28.2999992370605 27.2999992370605 40.4000015258789 46.9000015258789 66.1999969482422 44.7999992370605 43.5999984741211 29.7000007629395 28.8999996185303 26.5 25.2999992370605 23.5 21.2999992370605 19 20.1000003814697 21.3999996185303 20.7000007629395 23.2000007629395 26.2999992370605 29.8999996185303 32.7000007629395 35.2999992370605 36 35.7999992370605 35.9000015258789 35.9000015258789 35.7000007629395 36.2999992370605 36.5999984741211 36.5 36.2999992370605 36.7999992370605 36.7999992370605 37.5999984741211 38.2999992370605 38.4000015258789 38 37.9000015258789 37.2999992370605 37.9000015258789 38.5 39.4000015258789 40.2000007629395 40.7000007629395 41.2000007629395 41.7000007629395 42.5 43 43.0999984741211
249.100006103516 224.800003051758 203.699996948242 180.300003051758 141 59.5999984741211 28.7999992370605 27.1000003814697 32.7000007629395 39.2000007629395 65.5 73 43.4000015258789 31.2000007629395 29.1000003814697 29.2999992370605 27.3999996185303 25.1000003814697 24.1000003814697 24.1000003814697 23.1000003814697 24.6000003814697 24.3999996185303 23.8999996185303 27.2999992370605 31.2999992370605 33.7999992370605 35.9000015258789 36.9000015258789 36.9000015258789 36.7999992370605 36.4000015258789 35.2000007629395 35.7000007629395 34.5 35.2999992370605 35.5 35.9000015258789 36.2999992370605 37.2000007629395 37.9000015258789 38.0999984741211 37.5 37.5999984741211 37.7999992370605 38 38.5 39.2999992370605 39.9000015258789 40.9000015258789 41.0999984741211 42.4000015258789 42.9000015258789 43.2000007629395 43.2999992370605
254.800003051758 237.899993896484 218.800003051758 203.199996948242 165.300003051758 50.2000007629395 41.0999984741211 30.7000007629395 41.0999984741211 35.7999992370605 71.5999984741211 68.5 61.2999992370605 43.2999992370605 32 31.7999992370605 31.7999992370605 27.7000007629395 25.7000007629395 24.6000003814697 24.8999996185303 26.5 27.5 25.2000007629395 28.1000003814697 32.5999984741211 36.5 37.7999992370605 37.4000015258789 36.7999992370605 36.7000007629395 35.5999984741211 34.5999984741211 35 34.5999984741211 34.5999984741211 34.9000015258789 35.2999992370605 35.9000015258789 37 37.4000015258789 37.4000015258789 37.5999984741211 38 37.7999992370605 38 38.7999992370605 39.5 39.9000015258789 40.5 41.2999992370605 42 42.7999992370605 42.7999992370605 43
259.600006103516 249.100006103516 233.699996948242 213.899993896484 191.399993896484 112.099998474121 41.0999984741211 50.7000007629395 43.5 55.7000007629395 71 53.2000007629395 35.5 39.7000007629395 34.0999984741211 34.2000007629395 34.4000015258789 32.9000015258789 27.7000007629395 26.2000007629395 25.7999992370605 27.7999992370605 31.3999996185303 28.7999992370605 28 32.7000007629395 36.5 37.5999984741211 36.7000007629395 36.9000015258789 36.0999984741211 34.7000007629395 34 33.7000007629395 34.2999992370605 33.7000007629395 33.0999984741211 34.2999992370605 35.2999992370605 36.5 36.2999992370605 36.7000007629395 37.2000007629395 37.5 37.7999992370605 38.5999984741211 38.9000015258789 39.5 40.0999984741211 40.5999984741211 41.5 42.2000007629395 42.7000007629395 42.7999992370605 42.5999984741211
263.100006103516 256.200012207031 245.600006103516 225.300003051758 200.600006103516 142.399993896484 41.7999992370605 39.2999992370605 64.5 61.7999992370605 51.2000007629395 64.3000030517578 47.2999992370605 32.4000015258789 33.2999992370605 35.5999984741211 37.5999984741211 36.5 32.9000015258789 28.1000003814697 26.7000007629395 28.7000007629395 32.0999984741211 31.7999992370605 29.1000003814697 30.7000007629395 34 34.9000015258789 35.2999992370605 35.5999984741211 35.2000007629395 33.5999984741211 33.5999984741211 33.2000007629395 32.9000015258789 32.9000015258789 33.2000007629395 33.7000007629395 34.7999992370605 35.7999992370605 36.2000007629395 36.2000007629395 37 37.4000015258789 38.2999992370605 38.7999992370605 39.0999984741211 39.7999992370605 40.4000015258789 41.0999984741211 41.5999984741211 41.9000015258789 42.9000015258789 43.5 43.4000015258789
264.299987792969 260.200012207031 253.600006103516 241.199996948242 222 168.199996948242 54.5999984741211 36.5999984741211 50.7000007629395 54 38.5 44.7000007629395 47.7000007629395 37.9000015258789 32.2999992370605 34.7999992370605 38.2999992370605 39.5 35 30.2999992370605 28.8999996185303 30.7999992370605 31.6000003814697 32.9000015258789 32.9000015258789 30.6000003814697 31.7999992370605 34.4000015258789 33.5 34.2000007629395 33.5999984741211 32.4000015258789 32.7000007629395 32.5999984741211 32.5 32.5 32.7999992370605 33.2999992370605 34.2000007629395 35.2999992370605 35.7000007629395 36.2999992370605 36.5 37.5 38.2999992370605 38.7000007629395 39.9000015258789 39.9000015258789 40.5999984741211 41 41.7999992370605 42.2999992370605 43.5 44.5 44.2999992370605
-3.4e+38 262 258.899993896484 250.399993896484 232.699996948242 196.899993896484 128.699996948242 53 45.5 45.7999992370605 31.7999992370605 30 33.0999984741211 39.4000015258789 32.4000015258789 34.0999984741211 37.2999992370605 37.2999992370605 36.5 35 31.7000007629395 32.5 33.4000015258789 35.0999984741211 36.7000007629395 36.0999984741211 35.0999984741211 33.7000007629395 33.2999992370605 33.5999984741211 32.4000015258789 32 32.4000015258789 32.4000015258789 32.4000015258789 32.7999992370605 33 33.7999992370605 34.7999992370605 35.2000007629395 35.7000007629395 36.5 36.7999992370605 37.7000007629395 38.2999992370605 39.2000007629395 39.5 40.4000015258789 40.9000015258789 41.5999984741211 42.5 43.2999992370605 44 44.2999992370605 44.5
-3.4e+38 -3.4e+38 261.100006103516 250 239.699996948242 215.199996948242 193.300003051758 136.5 58.2000007629395 49.2000007629395 29.2999992370605 26.7000007629395 26.2999992370605 25.8999996185303 37 32.9000015258789 37.2999992370605 35.2999992370605 33.9000015258789 32.7999992370605 32.5 31.5 34.7999992370605 35.5999984741211 36.5 37 35.5 36.9000015258789 34.7999992370605 33.4000015258789 33.2000007629395 32.5 32.2999992370605 32.4000015258789 32.9000015258789 33.2000007629395 34 33.9000015258789 34.5999984741211 35.5 36.5999984741211 37.4000015258789 38.2999992370605 38.4000015258789 39.2999992370605 39.7000007629395 40 40.4000015258789 41.4000015258789 42.0999984741211 43.2000007629395 43.5999984741211 44.4000015258789 44.4000015258789 44.7000007629395
-3.4e+38 -3.4e+38 -3.4e+38 -3.4e+38 247.199996948242 232.300003051758 200.600006103516 156.899993896484 48.4000015258789 37.4000015258789 32.4000015258789 28 28.8999996185303 22.2999992370605 29.3999996185303 29.8999996185303 33.5999984741211 32.7999992370605 31.3999996185303 30.7999992370605 29.8999996185303 31.1000003814697 33.7999992370605 36.0999984741211 36.7000007629395 36.9000015258789 39.9000015258789 38.5999984741211 39.5 36.5 32.9000015258789 32.4000015258789 31.2000007629395 31.7000007629395 33 33.2000007629395 34 35 36.2999992370605 36.0999984741211 37 38 38.5999984741211 39.2999992370605 39.9000015258789 40.5999984741211 40.4000015258789 41.5999984741211 41.9000015258789 42.9000015258789 43.4000015258789 43.7000007629395 44.5999984741211 44.7999992370605 44.2999992370605
-3.4e+38 -3.4e+38 -3.4e+38 -3.4e+38 253.600006103516 244.5 220.800003051758 163.699996948242 58.9000015258789 38.2999992370605 34 36.7999992370605 37.5 25.7000007629395 24.8999996185303 30.5 37 30.2000007629395 29.3999996185303 29.7999992370605 29.2999992370605 30.8999996185303 35.7000007629395 36.5999984741211 36.0999984741211 36 39.5999984741211 39.5999984741211 40.0999984741211 40.2000007629395 33.5999984741211 32.0999984741211 31.1000003814697 31.7000007629395 32.4000015258789 33.0999984741211 33.9000015258789 34.7999992370605 36.4000015258789 37.7000007629395 37.7000007629395 38.7999992370605 39.4000015258789 39.2000007629395 40.7000007629395 40.7000007629395 41.5999984741211 42.2999992370605 43 43.7000007629395 44.0999984741211 44.5999984741211 45.2999992370605 45.0999984741211 44.7999992370605
-3.4e+38 -3.4e+38 -3.4e+38 -3.4e+38 -3.4e+38 247 221.399993896484 179.399993896484 88.9000015258789 51.2000007629395 33 32.2999992370605 26.6000003814697 33.5 25.5 24.7999992370605 34.7000007629395 35.2000007629395 29 29.2999992370605 32.7999992370605 31.7000007629395 35.5 35.9000015258789 35.7999992370605 36.5 38.7000007629395 34 34.0999984741211 34.0999984741211 31.2999992370605 30.8999996185303 31.8999996185303 32.5 33.0999984741211 35.0999984741211 34.2000007629395 35.2000007629395 36.2999992370605 38.4000015258789 38.7999992370605 39.5 40 40.7000007629395 41.0999984741211 41.2000007629395 41.9000015258789 42.7000007629395 43.5 43.7999992370605 44.5 45 45.2000007629395 45 44.9000015258789
-3.4e+38 -3.4e+38 -3.4e+38 -3.4e+38 -3.4e+38 -3.4e+38 215.899993896484 182.800003051758 123.400001525879 67.6999969482422 47 29.3999996185303 21.1000003814697 22.2999992370605 28.5 22.3999996185303 26.8999996185303 39.7999992370605 27.7999992370605 27.2999992370605 30.5 31.6000003814697 35 35.9000015258789 34.7000007629395 36.0999984741211 37.0999984741211 35.7000007629395 30 29.6000003814697 29.2999992370605 28.7999992370605 29.3999996185303 33.7999992370605 33.2000007629395 35.4000015258789 36 35.5 36.5999984741211 37.9000015258789 40 40.0999984741211 40.2999992370605 41 41.9000015258789 42.0999984741211 42.7000007629395 43.9000015258789 44.2000007629395 44.2000007629395 45.2000007629395 45.5 45.7999992370605 45.7999992370605 45.5999984741211
