data/layers/future_layer_mc_126_60/bio4.asc
NCOLS 494 
NROWS 529 
XLLCORNER -117.166666666667 
YLLCORNER -55.5 
CELLSIZE 0.166666666666667 
NODATA_value -3.4e+38 
[rows 168 to 191 of 529, columns 330 to 384 of 494]
42 44.5999984741211 46.0999984741211 47.9000015258789 48.5999984741211 51 56.0999984741211 56.2000007629395 56.2000007629395 56.0999984741211 59.9000015258789 60.5999984741211 59.2999992370605 60.0999984741211 59.4000015258789 61.2999992370605 61.0999984741211 62.2000007629395 64.4000015258789 64.6999969482422 65.5999984741211 65.4000015258789 66.6999969482422 67.4000015258789 67.9000015258789 68.1999969482422 68.5999984741211 68.1999969482422 68.1999969482422 68.9000015258789 69.5 70 70.1999969482422 69.4000015258789 70 70 70.4000015258789 71.5 71.8000030517578 71.9000015258789 72.4000015258789 74.5 76.8000030517578 73.9000015258789 73.1999969482422 73.1999969482422 74.1999969482422 73.1999969482422 73.0999984741211 72.8000030517578 72.8000030517578 72.6999969482422 72.6999969482422 69.5 66.6999969482422
46.5 47.2999992370605 49.2999992370605 50.7000007629395 50.2999992370605 54.7000007629395 57.7999992370605 62.2000007629395 63.4000015258789 64.0999984741211 63.7000007629395 64 64.0999984741211 64.9000015258789 65.5999984741211 64.4000015258789 64.0999984741211 65.8000030517578 67.0999984741211 68.1999969482422 68.5 68.0999984741211 68.6999969482422 69.0999984741211 69.9000015258789 70.3000030517578 70.5 70.5 71 71 71.8000030517578 72.5 72.6999969482422 71.9000015258789 72.4000015258789 73.0999984741211 73.1999969482422 73.5999984741211 73.5 73.5 73.0999984741211 73 74.0999984741211 73.4000015258789 73.3000030517578 72.8000030517578 73.0999984741211 72.6999969482422 72.1999969482422 71.9000015258789 72.5999984741211 72.5 72.8000030517578 70.5 67.9000015258789
48.2000007629395 50.0999984741211 51.2000007629395 52.5999984741211 56.7999992370605 61.7000007629395 66.3000030517578 69 68.1999969482422 69.1999969482422 68.8000030517578 67.5 67.8000030517578 67.9000015258789 69.5 67.4000015258789 67.8000030517578 69.0999984741211 70.5999984741211 70.4000015258789 71.3000030517578 71 71.1999969482422 71.4000015258789 71.8000030517578 72.4000015258789 71.8000030517578 72.1999969482422 72.8000030517578 72.5999984741211 73.1999969482422 75.0999984741211 74.9000015258789 74.6999969482422 75.0999984741211 76.3000030517578 75.9000015258789 75.8000030517578 75.5999984741211 74.9000015258789 73.5 72.9000015258789 72.4000015258789 72 72.3000030517578 72 72.5 72.0999984741211 70.8000030517578 70.5999984741211 71.3000030517578 71.4000015258789 72.8000030517578 71.1999969482422 68.8000030517578
48.4000015258789 48.9000015258789 53.5999984741211 57.2999992370605 62.4000015258789 67.5 70 71.6999969482422 71.6999969482422 72.8000030517578 74 72.9000015258789 72.8000030517578 71.5 71.9000015258789 73.9000015258789 73.0999984741211 73.3000030517578 74.4000015258789 74 74.1999969482422 74 74.0999984741211 74.4000015258789 74.6999969482422 74.4000015258789 74.1999969482422 74 73.9000015258789 74.6999969482422 76 76.8000030517578 77.5 78 77.9000015258789 78.8000030517578 77.9000015258789 77.9000015258789 76.8000030517578 75.8000030517578 74.4000015258789 73.3000030517578 72 70.8000030517578 70.0999984741211 70 70 69.5999984741211 68.9000015258789 68.9000015258789 70.3000030517578 71 72.3000030517578 71.5 70.3000030517578
51.2999992370605 54 56.2999992370605 59.5999984741211 65.3000030517578 69.4000015258789 72 73.5999984741211 75.9000015258789 76.6999969482422 76.6999969482422 76.4000015258789 75.9000015258789 78 79.6999969482422 81.0999984741211 80.3000030517578 79.6999969482422 79.8000030517578 79 77.5 77.1999969482422 77.3000030517578 77.1999969482422 77.5999984741211 77.1999969482422 76.5999984741211 75.8000030517578 76.1999969482422 76.1999969482422 78.1999969482422 78.0999984741211 79.8000030517578 79.8000030517578 80.5 81.8000030517578 81.1999969482422 79.8000030517578 78 75.9000015258789 74.5999984741211 73.5999984741211 72 69.6999969482422 68.6999969482422 68.1999969482422 67.9000015258789 68.4000015258789 66.4000015258789 67 68.0999984741211 70.8000030517578 71.6999969482422 72.5 71.9000015258789
52.0999984741211 54.5999984741211 56.4000015258789 61.9000015258789 66.5 69.3000030517578 72.9000015258789 75.5 77.3000030517578 78.5 80.5 80.5999984741211 82.5 84.4000015258789 84.5 84.8000030517578 84.5 83.0999984741211 83.0999984741211 82.0999984741211 81 80.1999969482422 80 80.1999969482422 80.0999984741211 79.6999969482422 79.0999984741211 78 77.8000030517578 77.6999969482422 78.4000015258789 79.1999969482422 80.8000030517578 81.5 81.5 82.9000015258789 82.9000015258789 80.4000015258789 78.0999984741211 76.3000030517578 74.0999984741211 72.8000030517578 71.1999969482422 69 67.6999969482422 66.9000015258789 66 65.3000030517578 64.9000015258789 65.0999984741211 67 70.1999969482422 72.3000030517578 72.8000030517578 73.5
51.7999992370605 55 57.7999992370605 63.2999992370605 65.9000015258789 70.0999984741211 73.5 75.8000030517578 79.1999969482422 81.5999984741211 83.4000015258789 85.4000015258789 87.5 89.5 90.0999984741211 90.1999969482422 87.9000015258789 87.3000030517578 86.8000030517578 85.6999969482422 84.8000030517578 84 83.4000015258789 82.8000030517578 82.4000015258789 82.3000030517578 81.6999969482422 80.5 79.4000015258789 79.1999969482422 79.6999969482422 80.0999984741211 79.8000030517578 81.0999984741211 81.3000030517578 81.1999969482422 80.4000015258789 78.8000030517578 77.4000015258789 75.8000030517578 74.3000030517578 72.1999969482422 70.3000030517578 68.0999984741211 66.8000030517578 65.8000030517578 64.5999984741211 63.5999984741211 62.7999992370605 64.9000015258789 66.8000030517578 70.4000015258789 71.8000030517578 73.5999984741211 74.5
52.4000015258789 55.2999992370605 57.4000015258789 61.0999984741211 65.0999984741211 70.5 74.5 77.6999969482422 79.5 83.0999984741211 86.0999984741211 88.0999984741211 91.6999969482422 93.5999984741211 95.1999969482422 92.1999969482422 88.0999984741211 88.5 88.1999969482422 87.4000015258789 86.3000030517578 85.4000015258789 84.4000015258789 84.4000015258789 83.9000015258789 83.5999984741211 82.8000030517578 81.5 80.8000030517578 80.3000030517578 79.5999984741211 79.5999984741211 79.3000030517578 79.9000015258789 79.5 78.9000015258789 79.5 77.5 76.3000030517578 74.9000015258789 73.5999984741211 71.5 69.5999984741211 67 65.6999969482422 65.1999969482422 63.5999984741211 63.2999992370605 63.2999992370605 63.7999992370605 65.4000015258789 67.6999969482422 70.1999969482422 72.5999984741211 74.5999984741211
52.5999984741211 55.4000015258789 58.5 61.5999984741211 65.5999984741211 72.8000030517578 75.8000030517578 79.9000015258789 83.0999984741211 84.0999984741211 87.5999984741211 90.9000015258789 92.5999984741211 93.6999969482422 90.6999969482422 84.1999969482422 86.6999969482422 87 86.9000015258789 87 86.4000015258789 85.5 84.5999984741211 84.4000015258789 84.1999969482422 83 82.5999984741211 81.3000030517578 80 79.1999969482422 78.8000030517578 78.6999969482422 78.0999984741211 78.4000015258789 77.9000015258789 77 76.9000015258789 75.6999969482422 74.0999984741211 73.3000030517578 72.3000030517578 70 69.3000030517578 67 65.1999969482422 63.7999992370605 63.2000007629395 62.0999984741211 62.7999992370605 63.2999992370605 64.9000015258789 66.0999984741211 68.5 71.4000015258789 73.8000030517578
53.0999984741211 55.5999984741211 58.7999992370605 63 67.4000015258789 72.6999969482422 77.5 80.1999969482422 82.3000030517578 84.4000015258789 87.8000030517578 89.6999969482422 91.9000015258789 91.4000015258789 92.9000015258789 89.5999984741211 89.5 88.9000015258789 88.8000030517578 87.5 86.4000015258789 85.0999984741211 84.6999969482422 84.0999984741211 83.6999969482422 82.9000015258789 82.4000015258789 81 79.5999984741211 78.5999984741211 77.9000015258789 77.6999969482422 77.3000030517578 76.1999969482422 76.1999969482422 74.4000015258789 73.6999969482422 73.5999984741211 72.4000015258789 71.8000030517578 71 70.1999969482422 68.8000030517578 66.5999984741211 64.5 63.4000015258789 63 62.5 62.4000015258789 63 63.5999984741211 65.0999984741211 67 69.3000030517578 71.9000015258789
53.5999984741211 55.9000015258789 60 63.2999992370605 67.3000030517578 73.4000015258789 77.1999969482422 80.5 84.5 86.8000030517578 87 88.1999969482422 88.1999969482422 92.9000015258789 95.0999984741211 93.5999984741211 94.0999984741211 93 90.4000015258789 86.5 86 85.0999984741211 84.5999984741211 83 82.6999969482422 82.4000015258789 81.5 80.9000015258789 79.1999969482422 77.8000030517578 77.5 76.0999984741211 76 74.8000030517578 73.9000015258789 73.9000015258789 72.6999969482422 71.6999969482422 70.8000030517578 70.4000015258789 69.1999969482422 68.3000030517578 67.0999984741211 65.5999984741211 63.5999984741211 62.9000015258789 62.0999984741211 62 62.4000015258789 62.4000015258789 63.2000007629395 64.4000015258789 66.5 67.5 68.5
54.7000007629395 57.5999984741211 60.5 63.4000015258789 66.6999969482422 71.5 76.3000030517578 81.3000030517578 84.9000015258789 86.1999969482422 86 87.6999969482422 88.4000015258789 92.0999984741211 93.0999984741211 93.6999969482422 94.3000030517578 94.0999984741211 89.6999969482422 85.6999969482422 85 84.5 83.9000015258789 83.3000030517578 82.3000030517578 82.3000030517578 81.4000015258789 80.8000030517578 79.0999984741211 77.5999984741211 76.6999969482422 75.3000030517578 74.1999969482422 73.3000030517578 72.8000030517578 72.1999969482422 72 70.1999969482422 69.0999984741211 68.5999984741211 67.5999984741211 67.0999984741211 67.5999984741211 64.8000030517578 63.9000015258789 62.7000007629395 61.7000007629395 61.7999992370605 61.7000007629395 61.9000015258789 62.7000007629395 63.5999984741211 65.3000030517578 66.0999984741211 67.4000015258789
55.4000015258789 57.7999992370605 61 64.3000030517578 67 70.6999969482422 75.1999969482422 79.9000015258789 82.1999969482422 83.5 84 85.8000030517578 90 91.8000030517578 92.5999984741211 93.0999984741211 93.9000015258789 92.8000030517578 85.5999984741211 85.3000030517578 84.3000030517578 84.0999984741211 83.0999984741211 82.8000030517578 82.1999969482422 81.8000030517578 81.0999984741211 80.5 79.1999969482422 77.9000015258789 76 74.6999969482422 73.5 72.0999984741211 70.9000015258789 70 70.5999984741211 69.3000030517578 68.5999984741211 67.3000030517578 67 66.3000030517578 67 65.8000030517578 64.5 62.4000015258789 61.5999984741211 61.5 61.2000007629395 61.5999984741211 62.2999992370605 62.5999984741211 64.1999969482422 64.5999984741211 65.8000030517578
55.7999992370605 58 60.5999984741211 64.1999969482422 65.1999969482422 70.5 73.8000030517578 78 80.3000030517578 82.1999969482422 82.5 82.9000015258789 87.3000030517578 89.8000030517578 91.4000015258789 92.5 93.3000030517578 88 84.3000030517578 84 83.5 82.8000030517578 83 82.5999984741211 82.0999984741211 81.6999969482422 81.0999984741211 80.4000015258789 79.4000015258789 77.6999969482422 76.4000015258789 74.5 73.0999984741211 72.0999984741211 70.9000015258789 69 68.6999969482422 68.5999984741211 68.5 66.6999969482422 66.3000030517578 66.1999969482422 65.5999984741211 66 64.6999969482422 63 61.7000007629395 61.4000015258789 61.2000007629395 61.7000007629395 62.4000015258789 62.0999984741211 63 64.0999984741211 64.5999984741211
55.2999992370605 57.2999992370605 60.2999992370605 63.7999992370605 66.6999969482422 70.1999969482422 74.4000015258789 76.6999969482422 79.0999984741211 81.1999969482422 82.9000015258789 83.4000015258789 85.4000015258789 86.8000030517578 89.6999969482422 90.4000015258789 87.4000015258789 84 83.1999969482422 82.1999969482422 82 81.9000015258789 82.0999984741211 81.9000015258789 81.5 81.6999969482422 81.4000015258789 80.1999969482422 79 78.3000030517578 76.5 75.4000015258789 73.5999984741211 72.1999969482422 71 69.5 69.6999969482422 73.1999969482422 71 68.4000015258789 66.5 66.1999969482422 65.3000030517578 64.5999984741211 64.5 63.2000007629395 62.7000007629395 61.2999992370605 61.2999992370605 61.5999984741211 60.9000015258789 61.5 62.2999992370605 62.9000015258789 63.0999984741211
54.5999984741211 57.2999992370605 60 63.5 66.5 70.1999969482422 73.5 75.4000015258789 77.8000030517578 80.6999969482422 82.9000015258789 82.8000030517578 84.0999984741211 85.5 87.1999969482422 84.8000030517578 82.6999969482422 82.5999984741211 81.8000030517578 81.9000015258789 81.1999969482422 81.4000015258789 81.5 81.1999969482422 80.9000015258789 81.1999969482422 81.0999984741211 80.4000015258789 79 78.0999984741211 77 76.3000030517578 74.3000030517578 73.4000015258789 72 71.9000015258789 74.3000030517578 77.8000030517578 76.5999984741211 70.3000030517578 67.0999984741211 66.4000015258789 65.5999984741211 65.3000030517578 64.6999969482422 63.7000007629395 62.4000015258789 61.5999984741211 61.2000007629395 60.7000007629395 60.2000007629395 60.7000007629395 60.5999984741211 62 62
54.7999992370605 56.4000015258789 58.5 62.0999984741211 65.0999984741211 68.9000015258789 71.1999969482422 73 75.0999984741211 77.8000030517578 79.9000015258789 80.5 80.9000015258789 81.8000030517578 80.6999969482422 80.1999969482422 80.0999984741211 80.1999969482422 79.6999969482422 79.1999969482422 79.3000030517578 79.5999984741211 79.1999969482422 79.1999969482422 79 79.3000030517578 79.1999969482422 78.1999969482422 78.5 77.5999984741211 76.1999969482422 75.0999984741211 74.5999984741211 74 73.3000030517578 73.1999969482422 78.3000030517578 81.5999984741211 80 74.1999969482422 68.0999984741211 67.5 66.1999969482422 66.5 65.5 64.5999984741211 63.5 62.4000015258789 61.7000007629395 61.5 61 61.2000007629395 61.2999992370605 62.0999984741211 63.5999984741211
54.2000007629395 52.9000015258789 53.4000015258789 61.0999984741211 63.7000007629395 66.1999969482422 69.0999984741211 71.4000015258789 73.3000030517578 75.4000015258789 77.1999969482422 77.8000030517578 78.4000015258789 77.8000030517578 78.3000030517578 77.4000015258789 77.5 78.1999969482422 76.9000015258789 77.5999984741211 77.5999984741211 77.8000030517578 77.4000015258789 77.1999969482422 77.5 77.3000030517578 77.1999969482422 77.3000030517578 76.8000030517578 76.0999984741211 75.3000030517578 75 74.9000015258789 74.6999969482422 74.1999969482422 73.5999984741211 79.5999984741211 83.1999969482422 81.5 77.4000015258789 69.6999969482422 68.4000015258789 67.6999969482422 67.9000015258789 67.3000030517578 66 64.5 63.4000015258789 63.2000007629395 62.2000007629395 61.5999984741211 61.5 61.7999992370605 63.2000007629395 63.9000015258789
50.7000007629395 50.7999992370605 56.0999984741211 60.2000007629395 62.7999992370605 64.5999984741211 67.3000030517578 69.5999984741211 70.8000030517578 73 74.1999969482422 74.5999984741211 75.0999984741211 75.3000030517578 75.8000030517578 75.5 75.1999969482422 74.8000030517578 75.0999984741211 75.5 76 75.5999984741211 75.5 75.4000015258789 75.3000030517578 75.6999969482422 75.6999969482422 75.5999984741211 76.0999984741211 75.6999969482422 75 74.9000015258789 75 74.6999969482422 74.0999984741211 74.4000015258789 80 82.9000015258789 81.1999969482422 76.0999984741211 70.5999984741211 70 69.8000030517578 69.5999984741211 69 67.1999969482422 65.9000015258789 64.8000030517578 63.5 63 62.5999984741211 62.0999984741211 62 63.2000007629395 64.3000030517578
51.5999984741211 53.9000015258789 56.4000015258789 58.5 61.0999984741211 62.9000015258789 66 67.5 68.3000030517578 70.5 71.8000030517578 72.0999984741211 72.4000015258789 72.5 73 73.9000015258789 73.5 72.6999969482422 72.5 73 73.8000030517578 73.6999969482422 73.3000030517578 74 74.3000030517578 74.3000030517578 74.3000030517578 74.6999969482422 75.1999969482422 75.1999969482422 75.0999984741211 75 75.0999984741211 75.0999984741211 75.0999984741211 75.3000030517578 81.5 83.3000030517578 77.0999984741211 73.5 71.9000015258789 71.6999969482422 71.5 70.9000015258789 70.3000030517578 69.1999969482422 68.4000015258789 67.5 65.4000015258789 64.0999984741211 63.7000007629395 63 63.0999984741211 63.2999992370605 64.4000015258789
54.0999984741211 55.7999992370605 56.2000007629395 57.7000007629395 59.5999984741211 61.0999984741211 64.9000015258789 65.3000030517578 67.1999969482422 67.3000030517578 68.3000030517578 69.8000030517578 70.1999969482422 70.3000030517578 70.5999984741211 71.0999984741211 71.0999984741211 71.5999984741211 70.9000015258789 71.0999984741211 71.3000030517578 72.1999969482422 72.0999984741211 72.6999969482422 72.4000015258789 73.1999969482422 73.5 73.8000030517578 74.5 74.9000015258789 75.4000015258789 75.1999969482422 75.4000015258789 75.8000030517578 76 76.8000030517578 78.6999969482422 81.5999984741211 76 74.5 73.5 73.5 73.0999984741211 72.9000015258789 72.4000015258789 71.5999984741211 69.1999969482422 68.3000030517578 67.5 65.5999984741211 64.4000015258789 62.7999992370605 62.9000015258789 63.5999984741211 64.3000030517578
53.9000015258789 53.7000007629395 54.7000007629395 56.5 57.7000007629395 58.9000015258789 62.2999992370605 63.2000007629395 64.8000030517578 64.8000030517578 66.4000015258789 67.3000030517578 67.8000030517578 67.6999969482422 67.8000030517578 68.1999969482422 68.6999969482422 69.3000030517578 69.8000030517578 68.6999969482422 69.1999969482422 70 70.5999984741211 71 71.3000030517578 71.5 72.5 73.4000015258789 73.5 74.4000015258789 74.8000030517578 75.5 76.1999969482422 76.9000015258789 76.9000015258789 77.9000015258789 79.5 81.5999984741211 77.5999984741211 76.1999969482422 75.6999969482422 75.4000015258789 75.0999984741211 75.0999984741211 74 73.3000030517578 70.1999969482422 68.1999969482422 67.0999984741211 68.0999984741211 66.4000015258789 64.3000030517578 64.0999984741211 63.7000007629395 64.5
50.5 52.0999984741211 53.0999984741211 54.5 55.7999992370605 57.5999984741211 59.7000007629395 62.2000007629395 62.2999992370605 62.7999992370605 64.3000030517578 64.5 65.5 65.6999969482422 66.5 67.1999969482422 67.4000015258789 67.9000015258789 67.3000030517578 67.6999969482422 68.0999984741211 68.6999969482422 69.6999969482422 70.0999984741211 70.1999969482422 71.0999984741211 71.1999969482422 71.9000015258789 73 74 74.8000030517578 76.0999984741211 76.8000030517578 77.5999984741211 78.1999969482422 78.9000015258789 79.8000030517578 80.5 78.4000015258789 77.5999984741211 77.6999969482422 77.5 77.3000030517578 77.0999984741211 75.5 73.8000030517578 72.5 70.8000030517578 68.1999969482422 67.3000030517578 67.6999969482422 65.5 63.5 64.4000015258789 65.0999984741211
50 50.7999992370605 52.0999984741211 53.0999984741211 54.4000015258789 55.2999992370605 57.5999984741211 58.7999992370605 59.4000015258789 60 61.4000015258789 62.2000007629395 63 63.2999992370605 64.4000015258789 65.1999969482422 65.3000030517578 65.1999969482422 65.5 66.0999984741211 66.8000030517578 67.6999969482422 67.9000015258789 69.1999969482422 69.4000015258789 69.9000015258789 70.3000030517578 70.6999969482422 72.1999969482422 73.1999969482422 74.6999969482422 75.6999969482422 77 78.5999984741211 79.6999969482422 81.3000030517578 80.5999984741211 80.3000030517578 82.0999984741211 81.5999984741211 79.6999969482422 78.9000015258789 79.6999969482422 78.5 78 75.5 73.9000015258789 72.6999969482422 71.0999984741211 68.4000015258789 67.0999984741211 66.4000015258789 65 63.4000015258789 63.9000015258789
