data/layers/future_layer_mc_126_60/bio4.asc
NCOLS 494 
NROWS 529 
XLLCORNER -117.166666666667 
YLLCORNER -55.5 
CELLSIZE 0.166666666666667 
NODATA_value -3.4e+38 
[rows 264 to 287 of 529, columns 330 to 384 of 494]
85.3000030517578 85.8000030517578 86.5999984741211 86.8000030517578 86.8000030517578 87.3000030517578 87.0999984741211 86.9000015258789 86.5 84.6999969482422 83.9000015258789 84 85.1999969482422 86.4000015258789 87.5 88.8000030517578 89.5 91.4000015258789 93.5999984741211 95.4000015258789 96.4000015258789 96.5999984741211 94.0999984741211 93.5999984741211 95 96.8000030517578 98 98 96.5999984741211 95.1999969482422 93 91.4000015258789 91.4000015258789 88.1999969482422 87 86.9000015258789 86 84.6999969482422 85.6999969482422 85.4000015258789 83.6999969482422 82.5999984741211 82.5999984741211 85.0999984741211 85.4000015258789 85.1999969482422 87.6999969482422 89.3000030517578 92.1999969482422 94.3000030517578 94.9000015258789 96.9000015258789 98.5999984741211 98.8000030517578 99.1999969482422
85.5 86.5 86.9000015258789 86.9000015258789 86.6999969482422 86.5999984741211 87 87.1999969482422 86.8000030517578 87 86.1999969482422 85.8000030517578 86.6999969482422 88 88.9000015258789 90 90.8000030517578 91.9000015258789 93.8000030517578 95.8000030517578 96.9000015258789 97 96.5999984741211 98.6999969482422 97.3000030517578 98.4000015258789 99.1999969482422 98.4000015258789 96.0999984741211 95.1999969482422 93.5999984741211 90.4000015258789 90.1999969482422 89.3000030517578 88.1999969482422 87.5 87.4000015258789 87.8000030517578 86.3000030517578 85.3000030517578 84.0999984741211 83.1999969482422 84 85.5999984741211 85.9000015258789 86.5 88.9000015258789 90.8000030517578 92.5 95.0999984741211 97.3000030517578 99.8000030517578 101.099998474121 101.199996948242 101.199996948242
85.4000015258789 85.9000015258789 85.6999969482422 86.4000015258789 86 86.4000015258789 86.8000030517578 86.5 87.5 88 87.5 87.0999984741211 87.8000030517578 89.1999969482422 90.0999984741211 90.6999969482422 92.1999969482422 93.4000015258789 94.3000030517578 95.9000015258789 98.0999984741211 97.6999969482422 98.5 100.599998474121 100 98.5 97.5 96.6999969482422 95.0999984741211 94.5999984741211 93 91.8000030517578 91.5999984741211 89.8000030517578 88.9000015258789 88.0999984741211 87.8000030517578 87.1999969482422 85.6999969482422 86 86.0999984741211 85.8000030517578 85.0999984741211 85.1999969482422 86.4000015258789 87.8000030517578 90.3000030517578 92.6999969482422 94.4000015258789 96.9000015258789 99.9000015258789 103.199996948242 103.800003051758 104.400001525879 104
84.5999984741211 85.1999969482422 85.5999984741211 85.6999969482422 86.0999984741211 85 85.5999984741211 87.0999984741211 86.9000015258789 87 87.5999984741211 88.1999969482422 89.5 91.5 92.5 93.3000030517578 94.1999969482422 95.6999969482422 96.5999984741211 97.3000030517578 98.5 100 101.699996948242 102 99.6999969482422 98.3000030517578 97.3000030517578 96.5999984741211 95 93.5999984741211 93.3000030517578 92.4000015258789 92.5999984741211 93.0999984741211 91.6999969482422 90.3000030517578 89.6999969482422 88.0999984741211 87.9000015258789 87 87.5999984741211 86.4000015258789 86.5 87.1999969482422 88.3000030517578 90.0999984741211 92.1999969482422 94.6999969482422 96.9000015258789 99.6999969482422 102.699996948242 106.199996948242 107.699996948242 107.199996948242 106.699996948242
84.4000015258789 85.3000030517578 85.5 85.5999984741211 85.4000015258789 85.3000030517578 85 85.5 86.3000030517578 87.0999984741211 88.4000015258789 89.0999984741211 91.0999984741211 92 94.1999969482422 96.8000030517578 97 98.1999969482422 99.8000030517578 100.400001525879 100.900001525879 100.5 100.099998474121 102.400001525879 103.099998474121 101.599998474121 99.5 97.6999969482422 95.5 93.8000030517578 93.5999984741211 93.6999969482422 94.1999969482422 94.3000030517578 92.3000030517578 91.4000015258789 90.5999984741211 88.5999984741211 89 87.5 87.0999984741211 87.5999984741211 87.8000030517578 89 90.6999969482422 92.1999969482422 94.3000030517578 97.0999984741211 99.8000030517578 102.699996948242 105.699996948242 109.099998474121 110.099998474121 110.199996948242 109
84.6999969482422 84.9000015258789 85.8000030517578 86.8000030517578 86.5999984741211 86.1999969482422 88.5 88.1999969482422 87.9000015258789 88.8000030517578 89.0999984741211 89.6999969482422 92.4000015258789 94.6999969482422 96.4000015258789 98.8000030517578 99.4000015258789 100.699996948242 102.199996948242 103.800003051758 103.900001525879 102.699996948242 101.900001525879 103.199996948242 103.300003051758 102.199996948242 101.5 98.0999984741211 95.6999969482422 93.6999969482422 92.9000015258789 94.8000030517578 94.5999984741211 93.5 92.5 91 90.1999969482422 86.8000030517578 87.9000015258789 86.6999969482422 86.8000030517578 89.0999984741211 89.6999969482422 91 92.9000015258789 94.8000030517578 97.4000015258789 100.599998474121 102.300003051758 105 107.199996948242 109.800003051758 111.199996948242 112.900001525879 111.400001525879
83.5999984741211 83.5999984741211 84.3000030517578 86.0999984741211 85.1999969482422 88 90.5999984741211 89.9000015258789 88.5999984741211 90.4000015258789 91.5999984741211 93 94.3000030517578 96.8000030517578 98.0999984741211 100.300003051758 101.400001525879 102.800003051758 104.099998474121 106.099998474121 106.599998474121 106.099998474121 104.199996948242 104.599998474121 103.300003051758 101.699996948242 101.900001525879 98.0999984741211 95 92.8000030517578 91.8000030517578 91.5999984741211 91.8000030517578 91.5999984741211 89.9000015258789 88.5 87.4000015258789 87.5999984741211 87.1999969482422 86.8000030517578 87.8000030517578 89.0999984741211 90.6999969482422 93.6999969482422 96.1999969482422 98.5 100.699996948242 102.300003051758 105 107.099998474121 110.300003051758 111.599998474121 113.599998474121 115.599998474121 114.599998474121
83 81.8000030517578 81.9000015258789 84.3000030517578 86.3000030517578 89.9000015258789 92 91.5999984741211 89.1999969482422 90.4000015258789 92.3000030517578 94.3000030517578 99 97.6999969482422 98.3000030517578 100.400001525879 102.599998474121 104.099998474121 105.800003051758 108.099998474121 108 109.199996948242 107.099998474121 106.300003051758 104.900001525879 102.199996948242 99.5999984741211 97.1999969482422 94.3000030517578 92.1999969482422 90.3000030517578 90.0999984741211 88.9000015258789 88 86.5 85.9000015258789 84.8000030517578 87.5 85.8000030517578 87 88 89.3000030517578 91.8000030517578 97.1999969482422 98.6999969482422 99.9000015258789 102.599998474121 105.400001525879 107.099998474121 109.5 112 114 116.199996948242 116.599998474121 117.5
82 82.8000030517578 82.1999969482422 85.9000015258789 89 90 91.0999984741211 92.3000030517578 90.9000015258789 91.3000030517578 93.3000030517578 95.1999969482422 98.5999984741211 98.8000030517578 100.300003051758 101.800003051758 104.400001525879 105.199996948242 107.599998474121 109.199996948242 109.400001525879 109.699996948242 109.5 108.5 106.5 102.800003051758 99.3000030517578 96 92.6999969482422 90 88.4000015258789 87.0999984741211 85.8000030517578 84.6999969482422 84.9000015258789 84.6999969482422 83.5 85 85 86.0999984741211 88 89.9000015258789 92.4000015258789 97.0999984741211 100.400001525879 102 105.099998474121 107.199996948242 109.900001525879 112.300003051758 114.300003051758 116.5 118.400001525879 118 118.800003051758
81.3000030517578 80.9000015258789 83.3000030517578 85.3000030517578 90 91.5999984741211 91.3000030517578 93.5999984741211 94.3000030517578 93.8000030517578 94.5 96 98.4000015258789 97.9000015258789 99.9000015258789 102.900001525879 105.800003051758 106.900001525879 108.699996948242 110.5 110.099998474121 110.199996948242 110.300003051758 110 107.800003051758 102.699996948242 98.5999984741211 95.0999984741211 92 88.5 86.6999969482422 84.5999984741211 84.1999969482422 81.5999984741211 82.4000015258789 82.0999984741211 83.0999984741211 83.3000030517578 84.6999969482422 85 88.0999984741211 90.5999984741211 94.0999984741211 99.5 102.199996948242 104.099998474121 107.199996948242 109.5 111.900001525879 115.5 116.900001525879 119.300003051758 121.300003051758 121.5 121.900001525879
81.1999969482422 82.5 83.3000030517578 86.9000015258789 89.4000015258789 92.3000030517578 94.4000015258789 95.5 97 97 97.4000015258789 98.1999969482422 97.5999984741211 99.1999969482422 99.5 103.5 105.5 107.300003051758 109.599998474121 110.099998474121 111.400001525879 112 112.300003051758 110.300003051758 106.599998474121 102.400001525879 98.5 94.3000030517578 90.1999969482422 86.9000015258789 84.1999969482422 82.3000030517578 80.5 79 78.0999984741211 77 81.1999969482422 80.6999969482422 83.0999984741211 84.5 88.4000015258789 91.0999984741211 94.4000015258789 99.5999984741211 103.300003051758 105.300003051758 108.699996948242 112.599998474121 114.699996948242 117.099998474121 119.400001525879 121.699996948242 124.300003051758 123.300003051758 123.900001525879
83.5999984741211 85.5999984741211 87.5 88.8000030517578 88.9000015258789 92.1999969482422 95.0999984741211 96.1999969482422 97.0999984741211 97.5 98.5999984741211 97.3000030517578 98.5 100.300003051758 100.300003051758 103.199996948242 105.5 108.599998474121 109.300003051758 110.400001525879 113.800003051758 110.900001525879 109.800003051758 106.800003051758 105.5 101.400001525879 97.0999984741211 92.4000015258789 87.9000015258789 84.5999984741211 81.8000030517578 79.9000015258789 78.5999984741211 75.9000015258789 75.6999969482422 75 79.3000030517578 80.1999969482422 81.8000030517578 84 87.4000015258789 92.4000015258789 94.5 99.4000015258789 102.900001525879 106.300003051758 109.599998474121 113.300003051758 116.699996948242 119 122.400001525879 125 125.800003051758 125.300003051758 128.5
87.1999969482422 87 88.5 90.0999984741211 92.3000030517578 94.8000030517578 96.0999984741211 96.5999984741211 97.1999969482422 99.6999969482422 99.3000030517578 100.099998474121 101.400001525879 101.599998474121 102.800003051758 103.5 105.800003051758 110.099998474121 109.400001525879 111.5 112.400001525879 108.400001525879 107.199996948242 104.400001525879 101.300003051758 101 94.8000030517578 89.6999969482422 86.0999984741211 82.4000015258789 78.9000015258789 77.5 77 74.5 72.3000030517578 74.0999984741211 78.1999969482422 77.9000015258789 79.8000030517578 83.9000015258789 88.8000030517578 91.4000015258789 95.1999969482422 100 102.800003051758 110.5 110.900001525879 114.900001525879 118.900001525879 119.300003051758 125.699996948242 127.400001525879 129.100006103516 129.300003051758 132.199996948242
93.9000015258789 91 90.0999984741211 91.1999969482422 91.9000015258789 92.9000015258789 93.5 95.0999984741211 98.4000015258789 98 98.0999984741211 100.300003051758 99.5999984741211 103.699996948242 104.800003051758 105.099998474121 106.199996948242 109.699996948242 110.199996948242 110.199996948242 108.199996948242 107.300003051758 104.099998474121 103 99.5 96.8000030517578 91.9000015258789 88.8000030517578 84.6999969482422 80.4000015258789 76.3000030517578 74.9000015258789 74 72.3000030517578 72.4000015258789 72.4000015258789 74.9000015258789 77.0999984741211 79.4000015258789 82.6999969482422 88.5 94.5 97.8000030517578 101 106.300003051758 113.400001525879 115.800003051758 119.099998474121 121.699996948242 123.900001525879 131.199996948242 130.399993896484 133.899993896484 135.399993896484 136.399993896484
93.9000015258789 93.0999984741211 93.6999969482422 94.1999969482422 95.5999984741211 95.5 95.6999969482422 97.3000030517578 98.5 99.9000015258789 100.699996948242 102.199996948242 101.400001525879 104.099998474121 104.400001525879 105.099998474121 105.800003051758 108 107.400001525879 110.5 107.099998474121 104.400001525879 102.599998474121 100.599998474121 97.3000030517578 94.1999969482422 90 88 82.1999969482422 78.1999969482422 76.0999984741211 73.3000030517578 72.5 71.9000015258789 72.0999984741211 71.5 73.4000015258789 75.4000015258789 79 83.5999984741211 88.5999984741211 95.0999984741211 103.400001525879 104.800003051758 108.800003051758 116.400001525879 120.099998474121 124.599998474121 127 131.699996948242 132.899993896484 132.899993896484 138.5 139.300003051758 139.600006103516
96.9000015258789 96.5999984741211 96.3000030517578 98.3000030517578 97.8000030517578 99.3000030517578 99.5999984741211 99.6999969482422 101.099998474121 102.199996948242 103.599998474121 104.199996948242 106.199996948242 104.800003051758 103.5 104.599998474121 105.199996948242 106.900001525879 106.699996948242 108 105.199996948242 103.300003051758 100.800003051758 98 95.1999969482422 92.8000030517578 89.4000015258789 85.5 81.8000030517578 78.9000015258789 75.3000030517578 72.8000030517578 71.5999984741211 71.4000015258789 73.1999969482422 73.0999984741211 73.3000030517578 75.5 79.3000030517578 84.6999969482422 89.8000030517578 97.4000015258789 105.800003051758 112 112.699996948242 120.300003051758 124.800003051758 128.899993896484 130.600006103516 135.199996948242 135.199996948242 138.699996948242 142.800003051758 142.600006103516 143.600006103516
100.599998474121 100.400001525879 100.699996948242 102 101.199996948242 102.099998474121 102.599998474121 102.400001525879 104.699996948242 104.400001525879 106.599998474121 108.199996948242 108.400001525879 109.199996948242 106.900001525879 105.699996948242 106.300003051758 106 105.5 105.5 103.099998474121 102 98.5999984741211 97 94.1999969482422 92.6999969482422 89.3000030517578 85 81.3000030517578 77.1999969482422 74.5999984741211 73.1999969482422 72.3000030517578 72.5 73.5 75.0999984741211 75.8000030517578 77.9000015258789 83 88.6999969482422 93.3000030517578 99.9000015258789 109.099998474121 115.900001525879 119.800003051758 123.599998474121 127.599998474121 130.699996948242 133.199996948242 137.699996948242 140.399993896484 143.899993896484 147.600006103516 147.300003051758 149.100006103516
105.099998474121 105 105.099998474121 105.599998474121 105.699996948242 106.599998474121 106.599998474121 106.300003051758 108.900001525879 107.099998474121 109.900001525879 111.900001525879 111.800003051758 110.599998474121 110.699996948242 108 106.599998474121 105.800003051758 106.300003051758 103.5 102.5 100.300003051758 99.0999984741211 97.0999984741211 95.3000030517578 93.1999969482422 90.6999969482422 85.9000015258789 83.3000030517578 80.6999969482422 77 76.3000030517578 75 73.5999984741211 74.5 76.1999969482422 78 80.9000015258789 86 91.5999984741211 98.8000030517578 105.199996948242 110.099998474121 119.599998474121 125.199996948242 128.899993896484 133.399993896484 135.600006103516 138.199996948242 141.300003051758 145 149.899993896484 152.600006103516 151.600006103516 154
109.599998474121 109.199996948242 110 110.099998474121 110.599998474121 111.400001525879 110.400001525879 110.300003051758 112.5 111 112 113.599998474121 114.599998474121 114.400001525879 113.199996948242 112.199996948242 108 108.400001525879 107 103.599998474121 102.199996948242 101.300003051758 100.599998474121 98.8000030517578 97 95.0999984741211 95.6999969482422 94 91.3000030517578 86.9000015258789 83 80.0999984741211 76.4000015258789 75.8000030517578 75.8000030517578 78.0999984741211 81.9000015258789 86.3000030517578 92.9000015258789 100.599998474121 105.400001525879 112.400001525879 119.099998474121 125.800003051758 131.800003051758 136.5 139.199996948242 143.199996948242 145.100006103516 146.5 151.199996948242 154.800003051758 157.5 158.800003051758 159.600006103516
114.900001525879 114.900001525879 115.400001525879 115.300003051758 115.800003051758 116.099998474121 115.900001525879 115.900001525879 116.699996948242 114 115.199996948242 116.900001525879 119.099998474121 118.400001525879 114.599998474121 116.5 110.900001525879 108.400001525879 107.699996948242 105 103.699996948242 104.5 104 103.5 103.900001525879 104.5 104.800003051758 100.300003051758 95.3000030517578 90 87.5 88.5 89.3000030517578 85 82.5999984741211 86.1999969482422 94.5999984741211 98.1999969482422 101.699996948242 104.199996948242 110 115.800003051758 124.300003051758 129.100006103516 135.300003051758 140.5 142.399993896484 146 150.199996948242 154.600006103516 159.600006103516 162.199996948242 162.5 162.100006103516 163.300003051758
120.599998474121 120.400001525879 120.800003051758 120.300003051758 121.5 122.099998474121 123.699996948242 122.599998474121 121.300003051758 119.800003051758 118.5 120.5 123 123.599998474121 119.300003051758 116.300003051758 114.300003051758 110.199996948242 110.099998474121 110.099998474121 110.099998474121 109.800003051758 109.199996948242 108.800003051758 107.800003051758 109.699996948242 111.800003051758 104.900001525879 103.599998474121 101.599998474121 102.5 103.699996948242 100.800003051758 98.0999984741211 104.300003051758 110.699996948242 112.199996948242 111.800003051758 112.800003051758 115.5 121.800003051758 127 132.800003051758 137.199996948242 139.600006103516 143 146.300003051758 149.199996948242 154.5 161.800003051758 160.600006103516 162.5 163.800003051758 167.899993896484 170.899993896484
126.400001525879 126.099998474121 126.400001525879 126.300003051758 126.699996948242 128.100006103516 129.899993896484 129.199996948242 127.300003051758 127.099998474121 124.900001525879 123.5 122.800003051758 126.400001525879 125.599998474121 122.5 120.599998474121 119.400001525879 113.199996948242 114.099998474121 115.5 115.099998474121 113.599998474121 113.199996948242 112.599998474121 117 119.699996948242 117.300003051758 116.400001525879 116 116.199996948242 118.199996948242 116.199996948242 121.599998474121 132.899993896484 128.399993896484 123.199996948242 122 120.199996948242 122.599998474121 125.099998474121 129.5 135.300003051758 141.600006103516 142 147.800003051758 150.5 152.899993896484 157.399993896484 163.699996948242 166.5 168.5 172.100006103516 175.399993896484 174.5
131.800003051758 132.199996948242 132.600006103516 132.5 132.699996948242 133.399993896484 136.100006103516 134.899993896484 133.699996948242 134.100006103516 133 132.899993896484 131.100006103516 132 132 129.699996948242 129.199996948242 126.900001525879 121.599998474121 118.900001525879 121.099998474121 120.599998474121 120.199996948242 119.699996948242 120.300003051758 125.099998474121 127.099998474121 126.400001525879 127.300003051758 128.199996948242 130.100006103516 129.800003051758 130.899993896484 143.800003051758 154.300003051758 137.800003051758 123.5 128.5 129.100006103516 132.300003051758 134.699996948242 134.899993896484 134.100006103516 139.600006103516 147.300003051758 152.100006103516 156.800003051758 162.899993896484 170.100006103516 174 176.100006103516 177.899993896484 176.399993896484 178.300003051758 179.899993896484
137.699996948242 138.300003051758 139.399993896484 139 139.699996948242 140.5 142.100006103516 144.399993896484 141.399993896484 140.699996948242 140.800003051758 139.300003051758 138.300003051758 138.699996948242 137.600006103516 135.399993896484 133.199996948242 130.899993896484 129.300003051758 127.5 129.100006103516 128.600006103516 128.300003051758 128 130.800003051758 133.600006103516 136.300003051758 136.100006103516 137 139.699996948242 136.699996948242 132.300003051758 131.699996948242 149.699996948242 159.399993896484 155.5 139 131.399993896484 132.399993896484 136.399993896484 137.600006103516 139.300003051758 142.699996948242 149.100006103516 154.399993896484 157.899993896484 162.800003051758 171.399993896484 178 182.300003051758 183.800003051758 183.100006103516 184.699996948242 187.100006103516 186.899993896484
