data/layers/future_layer_mc_126_60/bio4.asc
NCOLS 494 
NROWS 529 
XLLCORNER -117.166666666667 
YLLCORNER -55.5 
CELLSIZE 0.166666666666667 
NODATA_value -3.4e+38 
[rows 288 to 311 of 529, columns 275 to 329 of 494]
188.399993896484 189.300003051758 183.5 176.800003051758 166.399993896484 150.100006103516 138.5 131.199996948242 128.199996948242 121.300003051758 121.400001525879 132.300003051758 141.800003051758 138.300003051758 126.900001525879 115.5 93.1999969482422 91.3000030517578 111.800003051758 128.399993896484 127.400001525879 130.800003051758 141.800003051758 140.800003051758 139.399993896484 139 150.199996948242 157.600006103516 159.399993896484 164 167.100006103516 171.100006103516 174.199996948242 175.699996948242 176.800003051758 175.699996948242 174.899993896484 169.800003051758 165.699996948242 162.5 160.5 158.699996948242 156.800003051758 153.5 151.300003051758 150.399993896484 149.100006103516 147.800003051758 146.5 144.699996948242 143.800003051758 142.899993896484 142.800003051758 142.699996948242 144.300003051758
189.199996948242 191.100006103516 186.399993896484 174.699996948242 165 147.199996948242 129.600006103516 126.400001525879 124.599998474121 114.800003051758 113.5 117.800003051758 133.699996948242 138.5 101.400001525879 92.3000030517578 118.599998474121 92.1999969482422 93.0999984741211 114.900001525879 127.400001525879 128.899993896484 123.5 138.5 144.300003051758 138 139.699996948242 154.199996948242 162 163.399993896484 168.399993896484 172.199996948242 175.100006103516 179.300003051758 177.899993896484 177.399993896484 175.300003051758 172.399993896484 170.899993896484 166.899993896484 166.100006103516 162.699996948242 162.300003051758 160 158.199996948242 156.399993896484 154.800003051758 153.899993896484 154.199996948242 153.300003051758 150.399993896484 148.899993896484 148.899993896484 149.5 149.699996948242
192.5 192.800003051758 186.600006103516 173.899993896484 160.300003051758 145 132.5 126.599998474121 121.099998474121 114.400001525879 110.900001525879 114.199996948242 121 137.800003051758 147.199996948242 107.300003051758 139.800003051758 119.599998474121 110.5 102.900001525879 114.800003051758 124.599998474121 125.900001525879 122.800003051758 133.100006103516 145.300003051758 142.399993896484 146.699996948242 160 166.699996948242 168.600006103516 173 175.899993896484 180.100006103516 179.300003051758 178.399993896484 179 177.199996948242 174.199996948242 170.699996948242 169.899993896484 168.300003051758 166.399993896484 165.300003051758 164.300003051758 163.199996948242 160.600006103516 161.100006103516 160.399993896484 159.300003051758 157.100006103516 155.100006103516 153.600006103516 154.399993896484 156.199996948242
190.5 192.5 188.899993896484 172.5 161.100006103516 157.300003051758 143 135.800003051758 129.199996948242 122.599998474121 117.099998474121 116.400001525879 117.900001525879 129.399993896484 156.699996948242 180.699996948242 174.399993896484 164.600006103516 136.399993896484 90 103.800003051758 110.800003051758 123.300003051758 119.199996948242 130.699996948242 131.600006103516 145.899993896484 147.5 155 166.399993896484 171 174.800003051758 176.699996948242 179.199996948242 179.600006103516 181.100006103516 181 181 179.300003051758 174.800003051758 173.800003051758 172.600006103516 172.100006103516 171.699996948242 170.199996948242 170.199996948242 169.899993896484 169.5 169.399993896484 167.899993896484 165.399993896484 163.699996948242 162.699996948242 163.5 162.300003051758
182.199996948242 180.199996948242 184.699996948242 174.300003051758 162 160.800003051758 159.199996948242 140.300003051758 138.300003051758 133.199996948242 127.599998474121 122.400001525879 116.400001525879 129.300003051758 157 193.199996948242 204.5 176.100006103516 156.600006103516 109.800003051758 96.5999984741211 107.099998474121 110.099998474121 115.300003051758 123.300003051758 135.600006103516 143.199996948242 147.600006103516 150.300003051758 161.100006103516 171.600006103516 177 178.399993896484 179.399993896484 181.199996948242 182.300003051758 182.899993896484 183.399993896484 182.300003051758 179.600006103516 179.399993896484 177.399993896484 177.600006103516 178.399993896484 178.300003051758 178 177.199996948242 177.5 177.600006103516 175.699996948242 173.399993896484 170.399993896484 171.199996948242 171.600006103516 167.199996948242
183 184.100006103516 184.199996948242 165.600006103516 175.600006103516 168.899993896484 162.100006103516 146.800003051758 143.699996948242 141.199996948242 141.199996948242 139.800003051758 133.100006103516 145.300003051758 169.399993896484 198 215.800003051758 198.899993896484 172 147.300003051758 106 106.599998474121 113.400001525879 116.599998474121 126.099998474121 130.800003051758 137 145.800003051758 152.5 156.300003051758 165.399993896484 175.5 179.899993896484 180.600006103516 182.300003051758 184 183.899993896484 184.399993896484 183.800003051758 182.800003051758 182 183.100006103516 184.100006103516 185.699996948242 185.300003051758 185.399993896484 184.899993896484 186 187.399993896484 185.800003051758 183.699996948242 181.100006103516 179.600006103516 179.100006103516 173.600006103516
174.699996948242 187.800003051758 173.800003051758 147.5 180.699996948242 176.699996948242 170.600006103516 161.800003051758 158.300003051758 157.800003051758 156.600006103516 163.800003051758 166 176.300003051758 187.699996948242 206.800003051758 221.699996948242 226.600006103516 188.399993896484 170.100006103516 150.199996948242 111.199996948242 116.900001525879 124.800003051758 131 132.199996948242 135 145.600006103516 152 156.899993896484 163.300003051758 172.800003051758 179.100006103516 182.399993896484 183.600006103516 184.300003051758 183.899993896484 184.800003051758 183.800003051758 184.800003051758 186.800003051758 187.699996948242 188.300003051758 190.600006103516 193.199996948242 193.600006103516 194 195.300003051758 196.899993896484 198.199996948242 195.800003051758 193.699996948242 191 188.300003051758 181.899993896484
126.699996948242 147.899993896484 166.800003051758 131.800003051758 177.600006103516 179.800003051758 181 175.800003051758 174.600006103516 172.199996948242 172.300003051758 173.399993896484 186.300003051758 200.600006103516 206.300003051758 205.800003051758 220 239.300003051758 216.800003051758 158.199996948242 160.199996948242 146.300003051758 129.699996948242 130.5 135.300003051758 143.300003051758 157.199996948242 150.600006103516 153.300003051758 157.600006103516 163.199996948242 171 177.100006103516 182.600006103516 184.699996948242 184.800003051758 185.600006103516 185.800003051758 186.399993896484 188.699996948242 190.600006103516 192 193.300003051758 196.199996948242 200.300003051758 201.800003051758 203.100006103516 205.199996948242 205.699996948242 206.300003051758 206.100006103516 205.199996948242 201.199996948242 195.199996948242 190.800003051758
75.5 71.1999969482422 80.0999984741211 101 180.300003051758 187.5 187.300003051758 190.600006103516 183.800003051758 178.199996948242 182.800003051758 185.899993896484 197.399993896484 213.399993896484 216.899993896484 205.5 201.899993896484 219.100006103516 214.800003051758 173.100006103516 154.100006103516 152.300003051758 148.199996948242 151.5 145 154.300003051758 167.399993896484 160.699996948242 176.100006103516 171.199996948242 167.699996948242 171.600006103516 177.300003051758 182.199996948242 186.199996948242 186.800003051758 187.199996948242 187.800003051758 188.5 191.600006103516 194.5 196.399993896484 198.699996948242 202.5 207.100006103516 210.800003051758 212.399993896484 214.800003051758 214.800003051758 214.399993896484 213.5 212 210.100006103516 203.199996948242 198
76.5999984741211 79.0999984741211 92.5999984741211 149.399993896484 182.5 194.199996948242 195.300003051758 196.899993896484 194.5 186.899993896484 192.399993896484 189.699996948242 197.699996948242 205.899993896484 208 205.800003051758 202.100006103516 196.5 195.199996948242 184.5 176.699996948242 161.800003051758 178.800003051758 181.800003051758 169.5 165.300003051758 169.699996948242 177.899993896484 195.5 194.699996948242 179.600006103516 183.300003051758 180.300003051758 185.300003051758 186.100006103516 188.199996948242 189.899993896484 191.600006103516 192.100006103516 194.5 198.5 200.899993896484 204.300003051758 208.100006103516 213.199996948242 218.100006103516 222.399993896484 225.800003051758 226.5 223.300003051758 221 218.399993896484 216.300003051758 214 209.899993896484
82.4000015258789 77.5999984741211 82.4000015258789 121.900001525879 176.199996948242 195.5 193.300003051758 199.600006103516 201.300003051758 200.600006103516 199.600006103516 198.699996948242 195 197.600006103516 195.399993896484 194.5 193.800003051758 190.5 185.300003051758 200.399993896484 199.399993896484 190.899993896484 195.600006103516 205.600006103516 201.199996948242 183.5 184.300003051758 184.5 203.5 210.899993896484 214.800003051758 195.699996948242 183.100006103516 190.5 189.899993896484 191.699996948242 193.100006103516 193.699996948242 196.5 198.399993896484 201.800003051758 205.100006103516 210.199996948242 214 217.699996948242 225 230.600006103516 236.100006103516 236.600006103516 231.800003051758 228.199996948242 225.899993896484 222.600006103516 220 218.300003051758
109.400001525879 101.099998474121 90.9000015258789 103.800003051758 143.399993896484 160.100006103516 163.600006103516 190.600006103516 207.5 208.800003051758 205.699996948242 208 199.199996948242 194.100006103516 190.800003051758 188.100006103516 188.300003051758 194 189.899993896484 207.699996948242 240.100006103516 216.600006103516 227.5 228.100006103516 223.800003051758 211.699996948242 196.399993896484 202.800003051758 206.300003051758 218.399993896484 221.699996948242 221.800003051758 211 203.800003051758 198.300003051758 197.800003051758 200.800003051758 197.699996948242 197.399993896484 198.5 203 207.699996948242 213.699996948242 218.699996948242 223.600006103516 230.199996948242 237.5 243.899993896484 247 239.699996948242 235.600006103516 232.800003051758 229.800003051758 226.100006103516 224.399993896484
128.300003051758 142.600006103516 123.800003051758 113.699996948242 109.900001525879 112.199996948242 129.800003051758 161.199996948242 208.300003051758 216.100006103516 212.5 213.399993896484 208.600006103516 201.399993896484 192.800003051758 190.100006103516 191.800003051758 201.399993896484 211.399993896484 229.899993896484 256.100006103516 259.899993896484 258.299987792969 245.600006103516 240.800003051758 231.199996948242 221 222.100006103516 224.399993896484 218.100006103516 211.399993896484 222.300003051758 236.399993896484 239.100006103516 229.399993896484 214.699996948242 202.699996948242 200.399993896484 197.199996948242 193.399993896484 193.199996948242 199.100006103516 207.800003051758 219.600006103516 225.899993896484 233.699996948242 240.199996948242 248 251 245.600006103516 240.800003051758 238.800003051758 235.100006103516 233 230.399993896484
190.5 161.699996948242 187.5 185.800003051758 147 129.300003051758 131.5 156 202.800003051758 223.899993896484 221.199996948242 220.100006103516 216.100006103516 213.399993896484 208.100006103516 202.800003051758 201.800003051758 212 222 237.300003051758 258.399993896484 273 272.200012207031 263.299987792969 258.799987792969 254.600006103516 244.5 239.100006103516 227 216.800003051758 215.899993896484 222.699996948242 224.800003051758 235.100006103516 248.600006103516 222.5 204.600006103516 195.300003051758 190.199996948242 180.600006103516 187.5 183.5 189.100006103516 203.5 218.199996948242 227.600006103516 237.699996948242 243.5 245.800003051758 244.899993896484 243.399993896484 241.800003051758 240.600006103516 238.399993896484 236.399993896484
-3.4e+38 181.899993896484 220.100006103516 220 210.399993896484 198.199996948242 150.399993896484 138 188.899993896484 225.399993896484 229.300003051758 228.300003051758 225.5 226.5 218.399993896484 217 214.899993896484 222.699996948242 230.5 235.699996948242 255.5 272.200012207031 279.899993896484 279.899993896484 276.299987792969 272.5 261.600006103516 253.899993896484 247.800003051758 233.399993896484 224.699996948242 230.899993896484 230.699996948242 241.699996948242 236.699996948242 216.5 211.300003051758 194.800003051758 200 185.899993896484 182.800003051758 177.199996948242 176.399993896484 186 197 208.5 224.699996948242 236.5 241.199996948242 243.399993896484 243.600006103516 244.600006103516 244.300003051758 242.399993896484 240.800003051758
-3.4e+38 -3.4e+38 -3.4e+38 248 263.100006103516 253.199996948242 208.199996948242 167 178.399993896484 224.600006103516 226.5 242.199996948242 241 239.199996948242 235.399993896484 230.100006103516 229.100006103516 232.300003051758 240.199996948242 247.800003051758 251.899993896484 265.100006103516 284.200012207031 285.399993896484 284.899993896484 280.100006103516 272.200012207031 267.899993896484 259.700012207031 244.300003051758 237.100006103516 228.199996948242 230.5 230.600006103516 219.100006103516 236.699996948242 252 230.100006103516 221.5 202.800003051758 190.300003051758 182.899993896484 177.800003051758 181.600006103516 182.5 198.5 204.699996948242 230.100006103516 240.100006103516 244.199996948242 245.699996948242 247.300003051758 247.699996948242 246 244.300003051758
-3.4e+38 -3.4e+38 -3.4e+38 -3.4e+38 270.399993896484 275.5 268.700012207031 211.5 172.399993896484 218.800003051758 226.899993896484 251.600006103516 259.200012207031 250.300003051758 247.5 240.199996948242 238.899993896484 241.199996948242 247.899993896484 258.899993896484 269.299987792969 265 284.700012207031 294.200012207031 294.299987792969 288.299987792969 274.5 265.899993896484 268.600006103516 262.700012207031 247.399993896484 231.100006103516 227.5 235.5 226.800003051758 232.100006103516 241 246.199996948242 231.600006103516 212.899993896484 197 191.199996948242 183.100006103516 181.5 177.899993896484 186.300003051758 202.100006103516 231.399993896484 237.600006103516 247.899993896484 250.699996948242 250.199996948242 250 248.800003051758 247
-3.4e+38 -3.4e+38 -3.4e+38 -3.4e+38 -3.4e+38 -3.4e+38 271.700012207031 228.699996948242 173.699996948242 190.199996948242 208.899993896484 260.899993896484 264.200012207031 262.299987792969 254.600006103516 252.899993896484 251.899993896484 259.799987792969 267.5 273.200012207031 281 283.299987792969 290.299987792969 303.200012207031 307.5 306.299987792969 291.5 275.5 274 267.600006103516 253.899993896484 228.699996948242 223.800003051758 217.399993896484 228.199996948242 214.800003051758 220.399993896484 218.5 221.899993896484 207.600006103516 191.699996948242 188.699996948242 176.800003051758 179.199996948242 181.100006103516 185.399993896484 203.699996948242 229.399993896484 244.800003051758 252.899993896484 253.699996948242 253.5 253.300003051758 252.699996948242 252.300003051758
-3.4e+38 -3.4e+38 -3.4e+38 -3.4e+38 -3.4e+38 -3.4e+38 265.799987792969 231.600006103516 185.600006103516 186.5 205.600006103516 260.5 270.899993896484 265.100006103516 262.299987792969 264 266.299987792969 274.200012207031 280.200012207031 285 290.100006103516 296.200012207031 303.200012207031 311.600006103516 317.899993896484 321.299987792969 297.700012207031 278.100006103516 274.799987792969 267.899993896484 255 233.600006103516 217.899993896484 215.300003051758 223 223.300003051758 224.600006103516 210.300003051758 212.199996948242 200 192 189.100006103516 182.399993896484 178.100006103516 173.199996948242 186.100006103516 201.100006103516 236.300003051758 249.800003051758 257.899993896484 257.899993896484 257 256.899993896484 256.899993896484 256.299987792969
-3.4e+38 -3.4e+38 -3.4e+38 -3.4e+38 -3.4e+38 -3.4e+38 256.600006103516 234.600006103516 193.600006103516 192.699996948242 218.5 247.399993896484 273 274.200012207031 266.600006103516 271.799987792969 276.299987792969 283.5 291.799987792969 295.5 300.600006103516 305.899993896484 311.100006103516 320.100006103516 322.700012207031 332.600006103516 321.799987792969 288.100006103516 276.600006103516 268.399993896484 258.299987792969 241.600006103516 217.899993896484 202.800003051758 201.399993896484 194 221.100006103516 218.399993896484 206.199996948242 210.600006103516 207.800003051758 202.899993896484 199 176.100006103516 175.300003051758 198.600006103516 220.699996948242 249.100006103516 258.100006103516 262.600006103516 261.799987792969 261.600006103516 261.299987792969 260.899993896484 260.5
-3.4e+38 -3.4e+38 -3.4e+38 -3.4e+38 -3.4e+38 -3.4e+38 247.899993896484 231.600006103516 198.300003051758 193.100006103516 216.199996948242 249.5 269.399993896484 281.200012207031 277.899993896484 277.5 283.600006103516 293.299987792969 294.299987792969 305.899993896484 310.600006103516 314.299987792969 314.600006103516 329.299987792969 338.700012207031 326 331 302.299987792969 282.5 267.799987792969 256.5 250.399993896484 229 207.5 186.699996948242 172.300003051758 187.5 209.699996948242 176.600006103516 195.399993896484 203.899993896484 205.899993896484 203.5 184.199996948242 197.899993896484 219.800003051758 253.699996948242 254.399993896484 266.399993896484 266.899993896484 266.100006103516 266 264.899993896484 264.899993896484 264.700012207031
-3.4e+38 -3.4e+38 -3.4e+38 -3.4e+38 -3.4e+38 -3.4e+38 230.399993896484 226.100006103516 206.100006103516 198.399993896484 205.399993896484 237.399993896484 261.799987792969 278.5 283.5 283.899993896484 286.100006103516 298.200012207031 307.200012207031 313.799987792969 319.799987792969 322.899993896484 327.399993896484 332.299987792969 330.5 323.799987792969 317.799987792969 296.399993896484 282.200012207031 269.200012207031 255.699996948242 247.699996948242 237 211.399993896484 191.699996948242 167.800003051758 171.399993896484 194.199996948242 167.399993896484 189.800003051758 192.800003051758 191.199996948242 212.100006103516 211.699996948242 221.899993896484 246.600006103516 259.600006103516 260.700012207031 266.600006103516 268.5 269.5 269.100006103516 268.700012207031 268.200012207031 268.600006103516
-3.4e+38 -3.4e+38 -3.4e+38 -3.4e+38 -3.4e+38 -3.4e+38 -3.4e+38 224.800003051758 220.100006103516 205 212.699996948242 247.300003051758 264.700012207031 278.399993896484 287.299987792969 286.100006103516 290 298.899993896484 319.399993896484 325 327.600006103516 329 331.700012207031 333.700012207031 332.299987792969 329.899993896484 318.399993896484 305.5 289.700012207031 282.600006103516 263.799987792969 248.699996948242 234 214.800003051758 190.699996948242 169.699996948242 166.5 164.199996948242 160.699996948242 177.600006103516 201.300003051758 196 205.800003051758 228.600006103516 240.699996948242 254.800003051758 258.5 254.300003051758 262 268.899993896484 273.899993896484 272.100006103516 272 272 271.299987792969
-3.4e+38 -3.4e+38 -3.4e+38 -3.4e+38 -3.4e+38 -3.4e+38 -3.4e+38 220.600006103516 223.300003051758 213 214.399993896484 235.5 262.5 280.899993896484 287.5 295.600006103516 304.299987792969 314.600006103516 317.399993896484 320 336 335.399993896484 336.200012207031 336.100006103516 333.5 332.899993896484 327.799987792969 310.799987792969 288.799987792969 283.700012207031 269.100006103516 256.700012207031 239.199996948242 217 197 177.100006103516 179.199996948242 174.300003051758 177.399993896484 167.300003051758 182.899993896484 208.5 213.399993896484 237.399993896484 249.699996948242 251.399993896484 256.100006103516 253.100006103516 257.600006103516 266.399993896484 274.799987792969 275 275.600006103516 275.100006103516 275.200012207031
