data/layers/future_layer_mc_126_60/bio8.asc
NCOLS 494 
NROWS 529 
XLLCORNER -117.166666666667 
YLLCORNER -55.5 
CELLSIZE 0.166666666666667 
NODATA_value -3.4e+38 
[rows 0 to 24 of 529, columns 0 to 54 of 494]
-339999999999999996123846586046231871488.000000000000000 15.3000001907349 14.1999998092651 12.5 11.1000003814697 10.6000003814697 10.8000001907349 14.5 15.3000001907349 15.1999998092651 20.6000003814697 31.2000007629395 29.8999996185303 32 32.2000007629395 32.5 33 33.7000007629395 33.7999992370605 33.2999992370605 33.0999984741211 35.2000007629395 36 35.7999992370605 35.5 35.2000007629395 34.2000007629395 32.9000015258789 31.7000007629395 32.0999984741211 32.5 33 33.2000007629395 32.5 32.7999992370605 32.4000015258789 30.1000003814697 29.1000003814697 26.7000007629395 29.2999992370605 27 24.6000003814697 26.2999992370605 24.3999996185303 25.1000003814697 28.2000007629395 28 26.8999996185303 26.7000007629395 26.5 25.7999992370605 23.7000007629395 22 23.7000007629395 24.5
-3.4e+38 14.8999996185303 14.3999996185303 13.8000001907349 12 10.1000003814697 8.69999980926514 10.1999998092651 15.3999996185303 15.5 14.6999998092651 17 29 31.5 32.5 32.7000007629395 32.7000007629395 32.5 32.0999984741211 32.7000007629395 32.5999984741211 34.0999984741211 35.2000007629395 35.0999984741211 34.7000007629395 34.0999984741211 33.7000007629395 32.0999984741211 31.7000007629395 31.7999992370605 32.0999984741211 32.4000015258789 32.5 31.8999996185303 31.7999992370605 31.7999992370605 31.1000003814697 28.5 23 27.3999996185303 28.3999996185303 25.7999992370605 25 26.1000003814697 26.1000003814697 27.6000003814697 28.1000003814697 27.5 25.7999992370605 26.2999992370605 26.2000007629395 24.7999992370605 23.7000007629395 24.6000003814697 25.2999992370605
-3.4e+38 -3.4e+38 13.8000001907349 13.6000003814697 12.6000003814697 9.5 8.19999980926514 9.19999980926514 16.2000007629395 15.8000001907349 15.3000001907349 21.7999992370605 30.8999996185303 31.6000003814697 32.7000007629395 32.9000015258789 32.7999992370605 32.0999984741211 31.8999996185303 31.5 32.5 33.7999992370605 34.7999992370605 34.9000015258789 34.5 33.7000007629395 33.2999992370605 32.2999992370605 32 31.5 31.6000003814697 31.8999996185303 31.6000003814697 31.5 31.1000003814697 31.2000007629395 30.7000007629395 31.2000007629395 29.7999992370605 25.2000007629395 27.1000003814697 26.8999996185303 25.7000007629395 26.6000003814697 26.2999992370605 24.8999996185303 27.1000003814697 27.5 26.7000007629395 26.2999992370605 26.1000003814697 26.2999992370605 25.7999992370605 25.7000007629395 26.1000003814697
-3.4e+38 -3.4e+38 14.5 14 12.6999998092651 10.8999996185303 9 7.5 13.3000001907349 16.5 16 21.5 30.6000003814697 31.6000003814697 32.5999984741211 32.9000015258789 32.9000015258789 32.5 32.4000015258789 32.2999992370605 32.4000015258789 32.5 33.2999992370605 34.4000015258789 34.2999992370605 33.2999992370605 32.2999992370605 31.8999996185303 32.0999984741211 31.5 31 30.2999992370605 29.6000003814697 30 30.1000003814697 30.2000007629395 30.2999992370605 30.6000003814697 29.7000007629395 27 26.7000007629395 27.2000007629395 25.7000007629395 26.3999996185303 26.2999992370605 25.7000007629395 24.5 25 26.7999992370605 26.1000003814697 25.7999992370605 26.2000007629395 26.1000003814697 25.8999996185303 26.1000003814697
-3.4e+38 -3.4e+38 -3.4e+38 14.3999996185303 12.8000001907349 12.3999996185303 10.6000003814697 7.80000019073486 11.3999996185303 15.3000001907349 16.5 16.2000007629395 27.2000007629395 31.1000003814697 31.5 32.4000015258789 32.7999992370605 32.9000015258789 32.7999992370605 32.5999984741211 32.5999984741211 32.5 32.5 33.4000015258789 33.7999992370605 33.2999992370605 32.7999992370605 32.2000007629395 32 31.8999996185303 31.3999996185303 30.7999992370605 29.6000003814697 26.8999996185303 29 27.3999996185303 28.3999996185303 29.5 27.7000007629395 27.1000003814697 25.8999996185303 27.1000003814697 25.8999996185303 25.1000003814697 26.2000007629395 25.6000003814697 23.2999992370605 20.7000007629395 25.6000003814697 25.6000003814697 25.7999992370605 26.2000007629395 25.7000007629395 25.6000003814697 25.6000003814697
-3.4e+38 -3.4e+38 -3.4e+38 -3.4e+38 13.3999996185303 12 11.1000003814697 9.60000038146973 9.60000038146973 13.3000001907349 15.3999996185303 15.6999998092651 21.7000007629395 31.1000003814697 31.3999996185303 -3.4e+38 32.2000007629395 32.7999992370605 32.7999992370605 32.5999984741211 32.7000007629395 32.5999984741211 32.7999992370605 32.7000007629395 32.9000015258789 32.9000015258789 32.0999984741211 32.5 32.2000007629395 31.8999996185303 31.2999992370605 30.7000007629395 30 26.7999992370605 28.3999996185303 28 28.6000003814697 26.6000003814697 24.6000003814697 25.6000003814697 25 26.8999996185303 26.3999996185303 25.2999992370605 26 25.2999992370605 23.2000007629395 21.8999996185303 25.3999996185303 24.2999992370605 25 25.8999996185303 26 25.8999996185303 26
-3.4e+38 -3.4e+38 -3.4e+38 13.8000001907349 13.8000001907349 12.1999998092651 10.5 10.5 10.6999998092651 10.6000003814697 13.5 15.8999996185303 24.3999996185303 31.2000007629395 -3.4e+38 -3.4e+38 -3.4e+38 -3.4e+38 32.4000015258789 -3.4e+38 -3.4e+38 32.4000015258789 32.7999992370605 32.4000015258789 31.7000007629395 31.7000007629395 32.2999992370605 32.0999984741211 31.8999996185303 31.5 30.2000007629395 29.7999992370605 29.7000007629395 27.5 27.2999992370605 27.2000007629395 27.2000007629395 26.2999992370605 25.3999996185303 24.3999996185303 24.8999996185303 26.7000007629395 26.5 25.7000007629395 26.5 25.7000007629395 24.2999992370605 25.1000003814697 24.5 24.1000003814697 23.1000003814697 25.2000007629395 25.2000007629395 26.1000003814697 26.3999996185303
-3.4e+38 -3.4e+38 -3.4e+38 -3.4e+38 14 13.8999996185303 13.1999998092651 11.5 11.1000003814697 10.8999996185303 12.5 26.6000003814697 30.5 31 -3.4e+38 -3.4e+38 -3.4e+38 -3.4e+38 -3.4e+38 -3.4e+38 -3.4e+38 -3.4e+38 32.5 32.4000015258789 31.8999996185303 31.7000007629395 33 32 31 30.7999992370605 30.2000007629395 29.6000003814697 29.5 28.5 27.3999996185303 26.6000003814697 26.1000003814697 26.8999996185303 24.7000007629395 24.3999996185303 23.1000003814697 24.7000007629395 26.2000007629395 24.7999992370605 26.2000007629395 26.2000007629395 25.6000003814697 26.2000007629395 24.7999992370605 24 23.8999996185303 25.3999996185303 25.2000007629395 25.7999992370605 26.5
-3.4e+38 -3.4e+38 -3.4e+38 -3.4e+38 -3.4e+38 14.3000001907349 14.1999998092651 12.6000003814697 10.8000001907349 10.3999996185303 21.3999996185303 30.7000007629395 30.2999992370605 -3.4e+38 -3.4e+38 -3.4e+38 -3.4e+38 -3.4e+38 -3.4e+38 -3.4e+38 -3.4e+38 -3.4e+38 -3.4e+38 -3.4e+38 31.7999992370605 32.5 33.7000007629395 32.2999992370605 31.5 31 30.7000007629395 29.2999992370605 29.6000003814697 29.1000003814697 28.2000007629395 27.6000003814697 26 25.8999996185303 25.6000003814697 24.7999992370605 24.7000007629395 25.7000007629395 25.3999996185303 25.1000003814697 25.5 26.2000007629395 25.7000007629395 26.8999996185303 25.2999992370605 23.7000007629395 22.3999996185303 25.2999992370605 25.2999992370605 25.6000003814697 26.2999992370605
-3.4e+38 -3.4e+38 -3.4e+38 -3.4e+38 -3.4e+38 14.5 14.3000001907349 13.5 11.8000001907349 8.10000038146973 14.5 29.7999992370605 30.2000007629395 -3.4e+38 -3.4e+38 -3.4e+38 -3.4e+38 -3.4e+38 -3.4e+38 -3.4e+38 -3.4e+38 -3.4e+38 -3.4e+38 -3.4e+38 -3.4e+38 32.7000007629395 34 33 32.0999984741211 31.7999992370605 31.2999992370605 30.8999996185303 29.7999992370605 28.5 29.1000003814697 28.1000003814697 25.7999992370605 25.8999996185303 24.7999992370605 25.2999992370605 24.3999996185303 25.2000007629395 24.8999996185303 24.2000007629395 25.3999996185303 26.2999992370605 26.7000007629395 27.5 24.1000003814697 21.8999996185303 23.6000003814697 24.7999992370605 25.5 25.7000007629395 26
-3.4e+38 -3.4e+38 -3.4e+38 -3.4e+38 -3.4e+38 -3.4e+38 14.6999998092651 14.1000003814697 12.3000001907349 8.60000038146973 5.90000009536743 24.5 30.7000007629395 29.8999996185303 -3.4e+38 -3.4e+38 -3.4e+38 -3.4e+38 -3.4e+38 -3.4e+38 -3.4e+38 -3.4e+38 -3.4e+38 -3.4e+38 -3.4e+38 32.7000007629395 34.0999984741211 33.5999984741211 32.9000015258789 31.6000003814697 31 31.2000007629395 30.7000007629395 30.2000007629395 29.8999996185303 29 27.7999992370605 27.1000003814697 25.5 25.8999996185303 24.3999996185303 24.7000007629395 24.7999992370605 22.7000007629395 25.2999992370605 26.3999996185303 25.8999996185303 27.7000007629395 24.1000003814697 23.5 25 25.1000003814697 25.2999992370605 25.5 25.3999996185303
-3.4e+38 -3.4e+38 -3.4e+38 -3.4e+38 -3.4e+38 -3.4e+38 -3.4e+38 14.3000001907349 13 11.6000003814697 8.80000019073486 15.3000001907349 30.6000003814697 29.7000007629395 30.8999996185303 -3.4e+38 -3.4e+38 -3.4e+38 -3.4e+38 -3.4e+38 -3.4e+38 -3.4e+38 -3.4e+38 -3.4e+38 -3.4e+38 32.9000015258789 33.9000015258789 33.4000015258789 33.2999992370605 33 32.5 32 31.2999992370605 30.5 30.1000003814697 29.2999992370605 28.8999996185303 28.3999996185303 26.7999992370605 24.6000003814697 24.8999996185303 25.2999992370605 25.3999996185303 25.2999992370605 24.7999992370605 25.8999996185303 26.3999996185303 26.6000003814697 26.6000003814697 23.7999992370605 24.1000003814697 24.2000007629395 24.6000003814697 24.5 24.8999996185303
-3.4e+38 -3.4e+38 -3.4e+38 -3.4e+38 -3.4e+38 -3.4e+38 -3.4e+38 14.8000001907349 13.8000001907349 12.8000001907349 11.5 12.5 28.2000007629395 29.2000007629395 30.2000007629395 -3.4e+38 -3.4e+38 -3.4e+38 -3.4e+38 -3.4e+38 -3.4e+38 -3.4e+38 -3.4e+38 -3.4e+38 -3.4e+38 32.2000007629395 33.9000015258789 33.0999984741211 33.0999984741211 32.9000015258789 32.4000015258789 31.7000007629395 31.5 31.2000007629395 30.5 30 29.5 28.7000007629395 26.6000003814697 26.1000003814697 24.7999992370605 26.1000003814697 25.8999996185303 26.2999992370605 24.2000007629395 24.7000007629395 27.2000007629395 24.3999996185303 23.8999996185303 25.7000007629395 23.1000003814697 21 22.6000003814697 23.6000003814697 24.5
-3.4e+38 -3.4e+38 -3.4e+38 -3.4e+38 -3.4e+38 -3.4e+38 -3.4e+38 -3.4e+38 14.3999996185303 13 12.6999998092651 11.8999996185303 17.2999992370605 28.3999996185303 27.1000003814697 -3.4e+38 -3.4e+38 -3.4e+38 -3.4e+38 -3.4e+38 -3.4e+38 -3.4e+38 -3.4e+38 -3.4e+38 -3.4e+38 -3.4e+38 33.5 33.5 32.2000007629395 32.2999992370605 32 31 31.2999992370605 30.7000007629395 30.5 30.1000003814697 29.6000003814697 28.2000007629395 27.3999996185303 26.8999996185303 24.7999992370605 26.2999992370605 27 26.2999992370605 25.5 24.7000007629395 27.5 25.7000007629395 23 26.2000007629395 23.7999992370605 20.7000007629395 20.3999996185303 21.6000003814697 23.6000003814697
-3.4e+38 -3.4e+38 -3.4e+38 -3.4e+38 -3.4e+38 -3.4e+38 -3.4e+38 -3.4e+38 14.6000003814697 14 13.6999998092651 13.3000001907349 12.8000001907349 18.6000003814697 18.3999996185303 -3.4e+38 -3.4e+38 -3.4e+38 -3.4e+38 -3.4e+38 -3.4e+38 -3.4e+38 -3.4e+38 -3.4e+38 -3.4e+38 -3.4e+38 -3.4e+38 32 31.3999996185303 31.2000007629395 31 30.3999996185303 29.3999996185303 29.1000003814697 29 29.2999992370605 29.1000003814697 28.2000007629395 27.6000003814697 26.7999992370605 25.6000003814697 27.2000007629395 25.1000003814697 25.8999996185303 26.8999996185303 24.6000003814697 27.1000003814697 26.7000007629395 24.1000003814697 25.5 22.7000007629395 19.8999996185303 19.7999992370605 20.8999996185303 22.8999996185303
-3.4e+38 -3.4e+38 -3.4e+38 -3.4e+38 -3.4e+38 -3.4e+38 -3.4e+38 -3.4e+38 -3.4e+38 14.8000001907349 14.1999998092651 13.6000003814697 13.3999996185303 13.3000001907349 14.5 -3.4e+38 -3.4e+38 -3.4e+38 -3.4e+38 -3.4e+38 -3.4e+38 -3.4e+38 -3.4e+38 -3.4e+38 -3.4e+38 -3.4e+38 -3.4e+38 31.6000003814697 30.8999996185303 30.7000007629395 30 29.7000007629395 28.7999992370605 27.8999996185303 28 28.7999992370605 28.8999996185303 28.7000007629395 27.7000007629395 26.2999992370605 25.8999996185303 28.1000003814697 26.1000003814697 27 27.7000007629395 24.7000007629395 27.2999992370605 27.7000007629395 24.2999992370605 22.2999992370605 21.8999996185303 21 19.8999996185303 19.8999996185303 21.2999992370605
-3.4e+38 -3.4e+38 -3.4e+38 -3.4e+38 -3.4e+38 -3.4e+38 -3.4e+38 -3.4e+38 -3.4e+38 15.3999996185303 15.1999998092651 14 13.6000003814697 13.3000001907349 13.1000003814697 14.5 -3.4e+38 -3.4e+38 -3.4e+38 -3.4e+38 -3.4e+38 -3.4e+38 -3.4e+38 -3.4e+38 -3.4e+38 -3.4e+38 -3.4e+38 31.8999996185303 31.5 30.5 30 29.2000007629395 28.5 27.8999996185303 28.3999996185303 28.7000007629395 28.7999992370605 29.1000003814697 27.5 28 26.2999992370605 28.5 25.8999996185303 26.5 28.3999996185303 26.1000003814697 27 27.3999996185303 25.1000003814697 22.5 20.8999996185303 21.2000007629395 18.7999992370605 18.2999992370605 20.3999996185303
-3.4e+38 -3.4e+38 -3.4e+38 -3.4e+38 -3.4e+38 -3.4e+38 -3.4e+38 -3.4e+38 -3.4e+38 16.1000003814697 15.6000003814697 15.3999996185303 14.8999996185303 14.3000001907349 13.8999996185303 13.6999998092651 -3.4e+38 -3.4e+38 -3.4e+38 -3.4e+38 -3.4e+38 -3.4e+38 -3.4e+38 -3.4e+38 -3.4e+38 -3.4e+38 -3.4e+38 -3.4e+38 32 31.2999992370605 30.7999992370605 29.2000007629395 28.6000003814697 28.7999992370605 28.3999996185303 28.5 29.1000003814697 29.7999992370605 28.8999996185303 28.7000007629395 27 27.3999996185303 27.7000007629395 26 27.2999992370605 28.7999992370605 26.6000003814697 28 26.2000007629395 24.7000007629395 20.2999992370605 20.2999992370605 19 18.2999992370605 19.5
-3.4e+38 -3.4e+38 -3.4e+38 -3.4e+38 -3.4e+38 -3.4e+38 -3.4e+38 -3.4e+38 -3.4e+38 -3.4e+38 -3.4e+38 -3.4e+38 16.7000007629395 15.8000001907349 15.1000003814697 13.5 14.1000003814697 16 -3.4e+38 -3.4e+38 -3.4e+38 -3.4e+38 -3.4e+38 -3.4e+38 -3.4e+38 -3.4e+38 -3.4e+38 -3.4e+38 -3.4e+38 31.6000003814697 31.2000007629395 31.1000003814697 30.6000003814697 30.1000003814697 29.8999996185303 29.7999992370605 29.8999996185303 30.7000007629395 30.3999996185303 29.7000007629395 29.6000003814697 27.2000007629395 28.2000007629395 26.7999992370605 27.3999996185303 29.2999992370605 27.6000003814697 27.2999992370605 26.7000007629395 25.7000007629395 23.8999996185303 20.6000003814697 18.5 19 18.5
-3.4e+38 -3.4e+38 -3.4e+38 -3.4e+38 -3.4e+38 -3.4e+38 -3.4e+38 -3.4e+38 -3.4e+38 -3.4e+38 -3.4e+38 -3.4e+38 -3.4e+38 17.2000007629395 16.5 14.8000001907349 14.1000003814697 15.1999998092651 14 15.8999996185303 -3.4e+38 -3.4e+38 -3.4e+38 -3.4e+38 -3.4e+38 -3.4e+38 -3.4e+38 -3.4e+38 -3.4e+38 31.2000007629395 30.7999992370605 31.1000003814697 31.3999996185303 31.3999996185303 31.1000003814697 30.3999996185303 29.7999992370605 31.1000003814697 31.1000003814697 30.2000007629395 30.7000007629395 28.6000003814697 27.1000003814697 27.7000007629395 28.5 29 26.2999992370605 28.2000007629395 27.3999996185303 26.7000007629395 24.6000003814697 21.6000003814697 20.6000003814697 19.3999996185303 18.7000007629395
-3.4e+38 -3.4e+38 -3.4e+38 -3.4e+38 -3.4e+38 -3.4e+38 -3.4e+38 -3.4e+38 -3.4e+38 -3.4e+38 -3.4e+38 -3.4e+38 -3.4e+38 -3.4e+38 -3.4e+38 16.5 15.3000001907349 14.8000001907349 13.8999996185303 14.8000001907349 16.2000007629395 -3.4e+38 -3.4e+38 -3.4e+38 -3.4e+38 -3.4e+38 -3.4e+38 -3.4e+38 -3.4e+38 -3.4e+38 30.5 31.2000007629395 31.6000003814697 31.8999996185303 31.6000003814697 31.5 31.3999996185303 31.2999992370605 31.8999996185303 31.1000003814697 30.5 29 27.5 26.7000007629395 29.5 28.8999996185303 27.2000007629395 28.2000007629395 26.2999992370605 25.5 23.2000007629395 22.7999992370605 20 19 18.6000003814697
-3.4e+38 -3.4e+38 -3.4e+38 -3.4e+38 -3.4e+38 -3.4e+38 -3.4e+38 -3.4e+38 -3.4e+38 -3.4e+38 -3.4e+38 -3.4e+38 -3.4e+38 -3.4e+38 -3.4e+38 -3.4e+38 17.1000003814697 15.8000001907349 15.6999998092651 15.6000003814697 15.8999996185303 -3.4e+38 -3.4e+38 -3.4e+38 -3.4e+38 -3.4e+38 -3.4e+38 -3.4e+38 30.7999992370605 -3.4e+38 30.5 31.5 31.7000007629395 32.2000007629395 32.0999984741211 32.2000007629395 32.2999992370605 32 31.8999996185303 30.7999992370605 30.5 28.1000003814697 27.7999992370605 26.7000007629395 27.8999996185303 27.6000003814697 28.8999996185303 29.1000003814697 25.7000007629395 23.7000007629395 24.3999996185303 22.5 20.3999996185303 20.2999992370605 19.1000003814697
-3.4e+38 -3.4e+38 -3.4e+38 -3.4e+38 -3.4e+38 -3.4e+38 -3.4e+38 -3.4e+38 -3.4e+38 -3.4e+38 -3.4e+38 -3.4e+38 -3.4e+38 -3.4e+38 -3.4e+38 -3.4e+38 -3.4e+38 16.7000007629395 16.3999996185303 16 14.8999996185303 -3.4e+38 -3.4e+38 -3.4e+38 -3.4e+38 -3.4e+38 -3.4e+38 -3.4e+38 30.5 -3.4e+38 -3.4e+38 31.2000007629395 32 32.5 32.4000015258789 32.2999992370605 32.2000007629395 32 31.6000003814697 30.5 30.1000003814697 29.2999992370605 28.3999996185303 27.2999992370605 28 27.6000003814697 27.2000007629395 27.3999996185303 25.7999992370605 23.2999992370605 24.2999992370605 22.2999992370605 21.2999992370605 19.2999992370605 20.1000003814697
-3.4e+38 -3.4e+38 -3.4e+38 -3.4e+38 -3.4e+38 -3.4e+38 -3.4e+38 -3.4e+38 -3.4e+38 -3.4e+38 -3.4e+38 -3.4e+38 -3.4e+38 -3.4e+38 -3.4e+38 -3.4e+38 -3.4e+38 17.1000003814697 16.6000003814697 16 15 18.3999996185303 17.6000003814697 28.7999992370605 -3.4e+38 -3.4e+38 -3.4e+38 -3.4e+38 -3.4e+38 -3.4e+38 -3.4e+38 -3.4e+38 31.7000007629395 31.8999996185303 32 32.2000007629395 32.0999984741211 31.7999992370605 31.7000007629395 30.7999992370605 30.1000003814697 29 27.7000007629395 28.2999992370605 28.5 29.3999996185303 26 25.3999996185303 25.1000003814697 22.6000003814697 23.2000007629395 21.6000003814697 21 18.5 21.1000003814697
-3.4e+38 -3.4e+38 -3.4e+38 -3.4e+38 -3.4e+38 -3.4e+38 -3.4e+38 -3.4e+38 -3.4e+38 -3.4e+38 -3.4e+38 -3.4e+38 -3.4e+38 -3.4e+38 -3.4e+38 -3.4e+38 -3.4e+38 -3.4e+38 -3.4e+38 15.8999996185303 14.3999996185303 20.8999996185303 16 26.3999996185303 -3.4e+38 -3.4e+38 -3.4e+38 -3.4e+38 -3.4e+38 -3.4e+38 -3.4e+38 -3.4e+38 -3.4e+38 31.7000007629395 32.2000007629395 32.4000015258789 32.2000007629395 30.5 31.1000003814697 30.5 29.7999992370605 30 28.7999992370605 29.5 27.8999996185303 30.2999992370605 27.2999992370605 24.6000003814697 24.7999992370605 22.3999996185303 22.7999992370605 21 21.2000007629395 18.7999992370605 19.2000007629395
