data/layers/future_layer_mc_126_60/bio8.asc
NCOLS 494 
NROWS 529 
XLLCORNER -117.166666666667 
YLLCORNER -55.5 
CELLSIZE 0.166666666666667 
NODATA_value -3.4e+38 
[rows 250 to 274 of 529, columns 220 to 274 of 494]
-3.4e+38 -3.4e+38 -3.4e+38 -3.4e+38 -3.4e+38 -3.4e+38 -3.4e+38 -3.4e+38 -3.4e+38 -3.4e+38 -3.4e+38 -3.4e+38 24.7000007629395 23.3999996185303 20.1000003814697 10.8000001907349 14 5.30000019073486 10.8999996185303 10.1999998092651 11.6000003814697 14 13.1000003814697 18.7999992370605 20.1000003814697 23.7000007629395 25.7000007629395 23.8999996185303 24.5 27 27.3999996185303 27.6000003814697 27.7000007629395 27.7999992370605 27.6000003814697 27.6000003814697 27.8999996185303 27.8999996185303 27.7999992370605 27.7000007629395 27.5 27.1000003814697 26.8999996185303 26.7000007629395 26.6000003814697 26.5 26.5 26.3999996185303 26.3999996185303 26.6000003814697 26.5 26.5 26.3999996185303 26.5 26.3999996185303
-3.4e+38 -3.4e+38 -3.4e+38 -3.4e+38 -3.4e+38 -3.4e+38 -3.4e+38 -3.4e+38 -3.4e+38 -3.4e+38 -3.4e+38 -3.4e+38 24.7000007629395 24.2999992370605 20 9.80000019073486 11.3999996185303 10.8999996185303 6.5 7.59999990463257 9.89999961853027 11.3000001907349 11.1999998092651 16.8999996185303 22 23.2999992370605 25.1000003814697 25.3999996185303 23.1000003814697 25.2999992370605 27.2000007629395 27.6000003814697 27.7000007629395 27.7000007629395 26.2999992370605 26.1000003814697 27.8999996185303 27.8999996185303 27.7999992370605 27.7000007629395 27.5 27.3999996185303 27.2000007629395 27 26.7000007629395 26.5 26.5 26.6000003814697 26.7000007629395 26.6000003814697 26.5 26.5 26.3999996185303 26.3999996185303 26.3999996185303
-3.4e+38 -3.4e+38 -3.4e+38 -3.4e+38 -3.4e+38 -3.4e+38 -3.4e+38 -3.4e+38 -3.4e+38 -3.4e+38 -3.4e+38 -3.4e+38 -3.4e+38 24.8999996185303 21.7999992370605 14.1000003814697 7.5 11.3999996185303 5 7.80000019073486 11.8999996185303 8.60000038146973 10.6999998092651 11.1999998092651 15.6000003814697 16.3999996185303 22.8999996185303 23.2999992370605 22.7000007629395 24.7999992370605 27.1000003814697 27.5 27.6000003814697 27.5 24.2000007629395 24.7999992370605 27.7999992370605 27.8999996185303 27.7999992370605 27.6000003814697 27.3999996185303 27.2999992370605 27.1000003814697 27.1000003814697 27 26.7999992370605 27 26.8999996185303 26.7999992370605 26.6000003814697 26.5 26.5 26.3999996185303 26.3999996185303 26.5
-3.4e+38 -3.4e+38 -3.4e+38 -3.4e+38 -3.4e+38 -3.4e+38 -3.4e+38 -3.4e+38 -3.4e+38 -3.4e+38 -3.4e+38 -3.4e+38 -3.4e+38 24.5 23.5 19.5 11.5 9 8 7 7.80000019073486 8.39999961853027 11 7.90000009536743 10.8000001907349 13.6999998092651 19.7999992370605 22 19.7000007629395 23.6000003814697 26.8999996185303 27.2999992370605 27.3999996185303 27.5 26.3999996185303 23.2999992370605 26.8999996185303 27.8999996185303 27.7999992370605 27.7000007629395 27.5 27.2000007629395 27 26.8999996185303 27 27 27 26.7999992370605 26.7000007629395 26.6000003814697 26.3999996185303 26.3999996185303 26.5 26.6000003814697 26.7000007629395
-3.4e+38 -3.4e+38 -3.4e+38 -3.4e+38 -3.4e+38 -3.4e+38 -3.4e+38 -3.4e+38 -3.4e+38 -3.4e+38 -3.4e+38 -3.4e+38 -3.4e+38 -3.4e+38 23.7999992370605 20.2000007629395 10.5 8.30000019073486 9.10000038146973 5.59999990463257 6.30000019073486 8.19999980926514 10.8999996185303 9.30000019073486 9.10000038146973 13.1999998092651 17.5 17.8999996185303 20 23.2999992370605 26.5 27.1000003814697 27.2999992370605 27.5 26.7999992370605 25.3999996185303 26.3999996185303 27.5 27.7999992370605 27.6000003814697 27.3999996185303 27.1000003814697 27 26.8999996185303 27 26.8999996185303 27 26.7999992370605 26.7999992370605 26.6000003814697 26.3999996185303 26.6000003814697 26.7000007629395 26.7000007629395 26.6000003814697
-3.4e+38 -3.4e+38 -3.4e+38 -3.4e+38 -3.4e+38 -3.4e+38 -3.4e+38 -3.4e+38 -3.4e+38 -3.4e+38 -3.4e+38 -3.4e+38 -3.4e+38 -3.4e+38 24.3999996185303 22.2000007629395 18.1000003814697 8.19999980926514 7.40000009536743 4.90000009536743 5.80000019073486 8.30000019073486 9.69999980926514 10 13.1000003814697 18.2999992370605 15.1999998092651 14.3000001907349 17.1000003814697 22.7999992370605 25.3999996185303 27 27.2000007629395 27.2999992370605 27.1000003814697 26.2000007629395 25.1000003814697 26.8999996185303 27.7000007629395 27.6000003814697 27.3999996185303 27.2000007629395 27.1000003814697 26.8999996185303 26.7999992370605 26.8999996185303 27 26.8999996185303 26.7999992370605 26.7000007629395 26.5 26.7000007629395 26.6000003814697 26.6000003814697 26.5
-3.4e+38 -3.4e+38 -3.4e+38 -3.4e+38 -3.4e+38 -3.4e+38 -3.4e+38 -3.4e+38 -3.4e+38 -3.4e+38 -3.4e+38 -3.4e+38 -3.4e+38 -3.4e+38 24.3999996185303 23.3999996185303 19.2000007629395 14.1000003814697 9.80000019073486 7.30000019073486 7.69999980926514 6.19999980926514 8.60000038146973 9.30000019073486 9.39999961853027 15.8999996185303 10.1999998092651 12.6000003814697 17.6000003814697 21.8999996185303 24.2999992370605 26.7000007629395 26.8999996185303 27.2000007629395 26.7999992370605 25.3999996185303 24.2000007629395 24.7999992370605 27.6000003814697 27.5 27.2999992370605 27.2000007629395 27.1000003814697 26.8999996185303 26.7999992370605 26.8999996185303 26.8999996185303 26.7999992370605 26.7999992370605 26.7000007629395 26.6000003814697 26.6000003814697 26.5 26.6000003814697 26.5
-3.4e+38 -3.4e+38 -3.4e+38 -3.4e+38 -3.4e+38 -3.4e+38 -3.4e+38 -3.4e+38 -3.4e+38 -3.4e+38 -3.4e+38 -3.4e+38 -3.4e+38 -3.4e+38 -3.4e+38 23.5 19.1000003814697 20 9.80000019073486 7.09999990463257 10.3999996185303 5 7.30000019073486 8.19999980926514 10.8999996185303 13.8999996185303 10.6000003814697 12.5 16.3999996185303 18.7000007629395 23.2999992370605 26.2000007629395 26.2999992370605 27 26.7999992370605 25 23.5 23.2000007629395 27.2999992370605 27.3999996185303 27.2000007629395 27 27 26.8999996185303 26.7999992370605 26.8999996185303 26.7999992370605 26.7999992370605 26.6000003814697 26.5 26.5 26.5 26.5 26.6000003814697 26.6000003814697
-3.4e+38 -3.4e+38 -3.4e+38 -3.4e+38 -3.4e+38 -3.4e+38 -3.4e+38 -3.4e+38 -3.4e+38 -3.4e+38 -3.4e+38 -3.4e+38 -3.4e+38 -3.4e+38 -3.4e+38 23.6000003814697 22.7999992370605 20.3999996185303 12.8000001907349 10.6999998092651 12.8999996185303 5.09999990463257 5.19999980926514 7.19999980926514 10.6000003814697 10.5 8.19999980926514 9.39999961853027 12.1999998092651 18.2999992370605 18.7999992370605 23.7999992370605 25.2999992370605 26.6000003814697 26 24.8999996185303 23.5 22.5 26.7999992370605 27.3999996185303 27.1000003814697 26.8999996185303 27 27 27 27 26.8999996185303 26.7999992370605 26.3999996185303 26.2999992370605 26.3999996185303 26.3999996185303 26.5 26.6000003814697 26.6000003814697
-3.4e+38 -3.4e+38 -3.4e+38 -3.4e+38 -3.4e+38 -3.4e+38 -3.4e+38 -3.4e+38 -3.4e+38 -3.4e+38 -3.4e+38 -3.4e+38 -3.4e+38 -3.4e+38 -3.4e+38 -3.4e+38 22.5 22.1000003814697 19.1000003814697 16.3999996185303 10 5.80000019073486 5.69999980926514 7.09999990463257 7.40000009536743 8.19999980926514 8.10000038146973 8.19999980926514 11.6999998092651 15.3999996185303 18.7999992370605 19.7000007629395 23.2999992370605 25.2000007629395 24.7999992370605 24 23.8999996185303 23.1000003814697 25.3999996185303 27.3999996185303 27.2000007629395 26.8999996185303 27.2000007629395 27.2000007629395 27.2000007629395 27 26.8999996185303 26.7999992370605 26.3999996185303 26.3999996185303 26.5 26.5 26.6000003814697 26.7000007629395 26.7000007629395
-3.4e+38 -3.4e+38 -3.4e+38 -3.4e+38 -3.4e+38 -3.4e+38 -3.4e+38 -3.4e+38 -3.4e+38 -3.4e+38 -3.4e+38 -3.4e+38 -3.4e+38 -3.4e+38 -3.4e+38 -3.4e+38 -3.4e+38 21.7999992370605 19.8999996185303 11.8999996185303 5.59999990463257 8.39999961853027 6.19999980926514 5.5 6.80000019073486 7.5 7.30000019073486 8.69999980926514 12.6999998092651 16 19.5 20.8999996185303 22.2999992370605 23.2000007629395 23.2999992370605 22.7000007629395 23.3999996185303 23.7000007629395 23 25.8999996185303 26.8999996185303 27.2000007629395 27.2000007629395 27.2000007629395 27 26.8999996185303 26.7999992370605 26.7000007629395 26.3999996185303 26.3999996185303 26.5 26.7000007629395 26.7000007629395 26.6000003814697 26.5
-3.4e+38 -3.4e+38 -3.4e+38 -3.4e+38 -3.4e+38 -3.4e+38 -3.4e+38 -3.4e+38 -3.4e+38 -3.4e+38 -3.4e+38 -3.4e+38 -3.4e+38 -3.4e+38 -3.4e+38 -3.4e+38 -3.4e+38 18.7999992370605 21.7000007629395 16.1000003814697 14 11.3999996185303 8.30000019073486 5.09999990463257 6.40000009536743 8.19999980926514 8.10000038146973 7.80000019073486 10.3000001907349 12.8999996185303 17.7999992370605 23.1000003814697 23 24.7000007629395 23.7000007629395 22.7000007629395 22.1000003814697 23.6000003814697 23.7000007629395 24.7000007629395 26.7999992370605 27 27 27.1000003814697 27 26.8999996185303 26.7999992370605 26.7000007629395 26.5 26.5 26.6000003814697 26.6000003814697 26.6000003814697 26.3999996185303 26.2999992370605
-3.4e+38 -3.4e+38 -3.4e+38 -3.4e+38 -3.4e+38 -3.4e+38 -3.4e+38 -3.4e+38 -3.4e+38 -3.4e+38 -3.4e+38 -3.4e+38 -3.4e+38 -3.4e+38 -3.4e+38 -3.4e+38 -3.4e+38 -3.4e+38 18.5 21.2000007629395 18.2999992370605 8.89999961853027 5.5 5.19999980926514 5.59999990463257 7.30000019073486 8.39999961853027 7.5 8.69999980926514 11.3999996185303 19.7000007629395 20.3999996185303 18.7999992370605 22.5 24.5 23.5 24.1000003814697 23.8999996185303 23.6000003814697 23.5 26.2999992370605 26.7999992370605 26.7999992370605 26.8999996185303 26.8999996185303 26.7999992370605 26.7999992370605 26.7999992370605 26.7000007629395 26.5 26.2000007629395 26.2000007629395 26.2999992370605 26.2999992370605 26.2999992370605
-3.4e+38 -3.4e+38 -3.4e+38 -3.4e+38 -3.4e+38 -3.4e+38 -3.4e+38 -3.4e+38 -3.4e+38 -3.4e+38 -3.4e+38 -3.4e+38 -3.4e+38 -3.4e+38 -3.4e+38 -3.4e+38 -3.4e+38 -3.4e+38 16.6000003814697 20.7999992370605 19.1000003814697 16.1000003814697 11 6.30000019073486 5.40000009536743 7.30000019073486 7.59999990463257 8 9.89999961853027 12.5 16.1000003814697 17.2999992370605 12.6999998092651 18.2000007629395 22.7999992370605 24.3999996185303 24.2999992370605 25.2000007629395 23.6000003814697 25 26 26.7999992370605 26.5 26.7999992370605 26.8999996185303 26.8999996185303 26.7999992370605 26.7000007629395 26.6000003814697 26.2000007629395 26.1000003814697 26.2000007629395 26.2000007629395 26.2000007629395 26.2999992370605
-3.4e+38 -3.4e+38 -3.4e+38 -3.4e+38 -3.4e+38 -3.4e+38 -3.4e+38 -3.4e+38 -3.4e+38 -3.4e+38 -3.4e+38 -3.4e+38 -3.4e+38 -3.4e+38 -3.4e+38 -3.4e+38 -3.4e+38 -3.4e+38 -3.4e+38 16.8999996185303 20.7000007629395 18.8999996185303 9.60000038146973 7.30000019073486 5.30000019073486 6.40000009536743 7.59999990463257 8.5 10.6000003814697 11.3999996185303 11.5 17.2999992370605 12.3000001907349 12.3000001907349 19.2999992370605 22.5 23.7000007629395 23.8999996185303 24.7999992370605 20.6000003814697 21.5 25.2999992370605 25.8999996185303 26.3999996185303 26.7000007629395 26.7999992370605 26.7999992370605 26.7000007629395 26.6000003814697 26.2999992370605 26.2000007629395 26.2999992370605 26.3999996185303 26.2999992370605 26.2999992370605
-3.4e+38 -3.4e+38 -3.4e+38 -3.4e+38 -3.4e+38 -3.4e+38 -3.4e+38 -3.4e+38 -3.4e+38 -3.4e+38 -3.4e+38 -3.4e+38 -3.4e+38 -3.4e+38 -3.4e+38 -3.4e+38 -3.4e+38 -3.4e+38 -3.4e+38 -3.4e+38 20.8999996185303 20 15.6000003814697 7.69999980926514 5.59999990463257 5.09999990463257 6.59999990463257 8.89999961853027 9.39999961853027 10.6000003814697 9.80000019073486 11 12.8000001907349 10.5 12.5 17.7000007629395 23.1000003814697 23.6000003814697 25.8999996185303 22.1000003814697 16.6000003814697 20.2999992370605 24.7000007629395 26.5 26.7000007629395 26.6000003814697 26.7000007629395 26.6000003814697 26.5 26.3999996185303 26.6000003814697 26.6000003814697 26.7000007629395 26.6000003814697 26.2999992370605
-3.4e+38 -3.4e+38 -3.4e+38 -3.4e+38 -3.4e+38 -3.4e+38 -3.4e+38 -3.4e+38 -3.4e+38 -3.4e+38 -3.4e+38 -3.4e+38 -3.4e+38 -3.4e+38 -3.4e+38 -3.4e+38 -3.4e+38 -3.4e+38 -3.4e+38 -3.4e+38 20.2999992370605 21 15 10.5 7 6.69999980926514 5.90000009536743 7.59999990463257 9.69999980926514 11.3999996185303 11.6000003814697 9.60000038146973 10.6000003814697 10.8000001907349 14.6999998092651 14.5 20.7999992370605 23.3999996185303 25.7000007629395 25 20.5 18.1000003814697 23.3999996185303 26.1000003814697 26.3999996185303 26.6000003814697 26.5 26.3999996185303 26.3999996185303 26.5 26.6000003814697 26.6000003814697 26.6000003814697 26.7000007629395 26.6000003814697
-3.4e+38 -3.4e+38 -3.4e+38 -3.4e+38 -3.4e+38 -3.4e+38 -3.4e+38 -3.4e+38 -3.4e+38 -3.4e+38 -3.4e+38 -3.4e+38 -3.4e+38 -3.4e+38 -3.4e+38 -3.4e+38 -3.4e+38 -3.4e+38 -3.4e+38 -3.4e+38 17.7000007629395 21.5 19.7999992370605 17.1000003814697 10.3999996185303 5.90000009536743 5.09999990463257 6.69999980926514 9.10000038146973 10.1999998092651 11.8999996185303 12.1000003814697 8.5 10.8000001907349 14.6999998092651 16 16.3999996185303 22.2999992370605 25.2000007629395 25.7999992370605 22.7999992370605 20.2999992370605 21.2000007629395 25.7000007629395 25.8999996185303 26.2999992370605 26 24.8999996185303 25.1000003814697 25.5 26.2000007629395 26.2999992370605 26.6000003814697 26.7000007629395 26.7000007629395
-3.4e+38 -3.4e+38 -3.4e+38 -3.4e+38 -3.4e+38 -3.4e+38 -3.4e+38 -3.4e+38 -3.4e+38 -3.4e+38 -3.4e+38 -3.4e+38 -3.4e+38 -3.4e+38 -3.4e+38 -3.4e+38 -3.4e+38 -3.4e+38 -3.4e+38 -3.4e+38 -3.4e+38 19.1000003814697 21.2999992370605 17.1000003814697 11.8999996185303 8.19999980926514 7.09999990463257 7 7.80000019073486 9.5 10.6999998092651 13.1999998092651 9.89999961853027 12 17.2000007629395 17.2000007629395 19.7999992370605 19.3999996185303 25.2000007629395 23.8999996185303 21.3999996185303 19.5 19.1000003814697 24.2000007629395 25.7999992370605 26 25.7999992370605 23.6000003814697 22.6000003814697 23.1000003814697 23.2000007629395 24.3999996185303 26.2000007629395 26.3999996185303 26.6000003814697
-3.4e+38 -3.4e+38 -3.4e+38 -3.4e+38 -3.4e+38 -3.4e+38 -3.4e+38 -3.4e+38 -3.4e+38 -3.4e+38 -3.4e+38 -3.4e+38 -3.4e+38 -3.4e+38 -3.4e+38 -3.4e+38 -3.4e+38 -3.4e+38 -3.4e+38 -3.4e+38 -3.4e+38 -3.4e+38 20.5 19.2000007629395 13.3000001907349 12.8999996185303 7.19999980926514 6 8.30000019073486 7.5 9.5 11 11 13 16.7000007629395 12.3999996185303 16.2999992370605 21.7999992370605 24.5 24.2999992370605 19.2999992370605 16.7000007629395 19.7999992370605 21.7999992370605 24.1000003814697 25.2000007629395 24.7999992370605 23.2000007629395 21.7999992370605 20.1000003814697 20.1000003814697 22.5 24.7000007629395 25.8999996185303 26.5
-3.4e+38 -3.4e+38 -3.4e+38 -3.4e+38 -3.4e+38 -3.4e+38 -3.4e+38 -3.4e+38 -3.4e+38 -3.4e+38 -3.4e+38 -3.4e+38 -3.4e+38 -3.4e+38 -3.4e+38 -3.4e+38 -3.4e+38 -3.4e+38 -3.4e+38 -3.4e+38 -3.4e+38 -3.4e+38 -3.4e+38 21 18.6000003814697 13.6999998092651 7.90000009536743 8.80000019073486 7.40000009536743 6.5 8 10.3000001907349 11.1999998092651 11.1000003814697 12.8999996185303 15.1000003814697 13.1999998092651 17.8999996185303 21.2999992370605 24.6000003814697 19.2000007629395 13.8999996185303 18 21.8999996185303 23.1000003814697 24.7999992370605 24 22 20.8999996185303 17.8999996185303 15.1999998092651 19.2999992370605 22.2999992370605 23.2999992370605 25.6000003814697
-3.4e+38 -3.4e+38 -3.4e+38 -3.4e+38 -3.4e+38 -3.4e+38 -3.4e+38 -3.4e+38 -3.4e+38 -3.4e+38 -3.4e+38 -3.4e+38 -3.4e+38 -3.4e+38 -3.4e+38 -3.4e+38 -3.4e+38 -3.4e+38 -3.4e+38 -3.4e+38 -3.4e+38 -3.4e+38 -3.4e+38 20.1000003814697 19.6000003814697 16.2000007629395 8.60000038146973 11.3999996185303 5.90000009536743 5.90000009536743 6.30000019073486 8.89999961853027 8.60000038146973 11.8000001907349 10.8999996185303 11.8999996185303 13.1000003814697 11.8000001907349 14.6000003814697 21.7000007629395 23.2999992370605 16.6000003814697 19.2999992370605 23.1000003814697 24.2999992370605 23.6000003814697 23.6000003814697 22.7000007629395 20.6000003814697 18.8999996185303 16.3999996185303 18.2000007629395 21.8999996185303 23.6000003814697 25.2000007629395
-3.4e+38 -3.4e+38 -3.4e+38 -3.4e+38 -3.4e+38 -3.4e+38 -3.4e+38 -3.4e+38 -3.4e+38 -3.4e+38 -3.4e+38 -3.4e+38 -3.4e+38 -3.4e+38 -3.4e+38 -3.4e+38 -3.4e+38 -3.4e+38 -3.4e+38 -3.4e+38 -3.4e+38 -3.4e+38 -3.4e+38 -3.4e+38 21.3999996185303 18.1000003814697 13.3000001907349 15.5 8.39999961853027 6.40000009536743 6.30000019073486 6.59999990463257 7 9.69999980926514 10.1000003814697 13.1999998092651 15.3000001907349 13.3000001907349 11.8000001907349 17 22.1000003814697 21.7999992370605 21.5 22.6000003814697 22.2000007629395 21.2999992370605 20.1000003814697 21.3999996185303 19.7999992370605 19.3999996185303 16.3999996185303 15.3000001907349 21.2000007629395 24.2000007629395 25.2999992370605
-3.4e+38 -3.4e+38 -3.4e+38 -3.4e+38 -3.4e+38 -3.4e+38 -3.4e+38 -3.4e+38 -3.4e+38 -3.4e+38 -3.4e+38 -3.4e+38 -3.4e+38 -3.4e+38 -3.4e+38 -3.4e+38 -3.4e+38 -3.4e+38 -3.4e+38 -3.4e+38 -3.4e+38 -3.4e+38 -3.4e+38 -3.4e+38 17.8999996185303 20.2000007629395 19.8999996185303 15.6000003814697 9.5 6.69999980926514 5.90000009536743 5.30000019073486 5.59999990463257 7.40000009536743 10.1999998092651 12.3000001907349 15.8999996185303 15.6000003814697 10.3999996185303 11.5 14.6000003814697 22.7999992370605 20.7000007629395 18.2000007629395 18.8999996185303 14.5 19.3999996185303 18 17.2999992370605 12.3000001907349 14.1000003814697 14.3000001907349 16.6000003814697 23.2000007629395 25.2000007629395
-3.4e+38 -3.4e+38 -3.4e+38 -3.4e+38 -3.4e+38 -3.4e+38 -3.4e+38 -3.4e+38 -3.4e+38 -3.4e+38 -3.4e+38 -3.4e+38 -3.4e+38 -3.4e+38 -3.4e+38 -3.4e+38 -3.4e+38 -3.4e+38 -3.4e+38 -3.4e+38 -3.4e+38 -3.4e+38 -3.4e+38 -3.4e+38 -3.4e+38 19.1000003814697 19.3999996185303 12.6000003814697 8.80000019073486 9.60000038146973 6.19999980926514 5.90000009536743 4.90000009536743 6.09999990463257 8.30000019073486 8.69999980926514 13.6999998092651 17.7000007629395 13.5 15.5 13.6000003814697 17.3999996185303 21.3999996185303 16.6000003814697 12.8999996185303 13.5 15.1000003814697 18.8999996185303 13 9.30000019073486 10.6999998092651 10.1000003814697 13.5 17.7000007629395 22
