data/layers/future_layer_mc_126_60/bio8.asc
NCOLS 494 
NROWS 529 
XLLCORNER -117.166666666667 
YLLCORNER -55.5 
CELLSIZE 0.166666666666667 
NODATA_value -3.4e+38 
[rows 250 to 274 of 529, columns 275 to 329 of 494]
26.3999996185303 26.3999996185303 26.3999996185303 26.5 26.3999996185303 26.2999992370605 26.2999992370605 26.3999996185303 26.3999996185303 26.3999996185303 26.3999996185303 26.2999992370605 26.2999992370605 26.2999992370605 26.2999992370605 26.2999992370605 26.3999996185303 26.2999992370605 26.3999996185303 26.5 26.5 26.6000003814697 26.7000007629395 26.7999992370605 26.8999996185303 26.8999996185303 27 27 27 27.1000003814697 27 27.1000003814697 27.1000003814697 27.2000007629395 27.2000007629395 27.2999992370605 27.2999992370605 27.2000007629395 27.1000003814697 27.1000003814697 27.2000007629395 27.2000007629395 27.1000003814697 27 27 26.8999996185303 26.7999992370605 26.7999992370605 26.7999992370605 26.6000003814697 26.5 26.5 26.6000003814697 26.5 26.3999996185303
26.3999996185303 26.3999996185303 26.5 26.3999996185303 26.2999992370605 26.2999992370605 26.2999992370605 26.3999996185303 26.3999996185303 26.2999992370605 26.2999992370605 26.3999996185303 26.3999996185303 26.2999992370605 26.2000007629395 26.2000007629395 26.2000007629395 26.2000007629395 26.2000007629395 26.3999996185303 26.3999996185303 26.5 26.6000003814697 26.7999992370605 26.7999992370605 27 27 27 27.2000007629395 27.2000007629395 27.2000007629395 27 27.1000003814697 27.2000007629395 27.2000007629395 27.1000003814697 27 27.2000007629395 27.1000003814697 27.2000007629395 27.2999992370605 27.2999992370605 27.1000003814697 27 26.8999996185303 26.8999996185303 26.7999992370605 26.7999992370605 26.7999992370605 26.7000007629395 26.6000003814697 26.3999996185303 26.6000003814697 26.2999992370605 26.2999992370605
26.6000003814697 26.6000003814697 26.3999996185303 26.2999992370605 26.3999996185303 26.3999996185303 26.2999992370605 26.3999996185303 26.3999996185303 26.2999992370605 26.3999996185303 26.3999996185303 26.3999996185303 26.3999996185303 26.2000007629395 26.2000007629395 26.1000003814697 26.2000007629395 26.2999992370605 26.3999996185303 26.5 26.6000003814697 26.7000007629395 26.7999992370605 26.7999992370605 26.8999996185303 27 27.1000003814697 27.2000007629395 27.1000003814697 27.1000003814697 27.1000003814697 27.1000003814697 27.2999992370605 27.2000007629395 27.2000007629395 27.2000007629395 27.2000007629395 27.2999992370605 27.2999992370605 27.2999992370605 27.2000007629395 27.1000003814697 26.8999996185303 26.7999992370605 26.8999996185303 26.7999992370605 26.7999992370605 26.7000007629395 26.7000007629395 26.5 26.5 26.5 26.2999992370605 26.2999992370605
26.5 26.5 26.3999996185303 26.5 26.5 26.2999992370605 26.3999996185303 26.3999996185303 26.3999996185303 26.3999996185303 26.3999996185303 26.3999996185303 26.2999992370605 26.2000007629395 26.2000007629395 26.2000007629395 26.1000003814697 26.2999992370605 26.3999996185303 26.3999996185303 26.5 26.6000003814697 26.7999992370605 26.7999992370605 26.8999996185303 27 27.1000003814697 27.2000007629395 27.2000007629395 27.2000007629395 27.2999992370605 27.2999992370605 27.2999992370605 27.3999996185303 27.3999996185303 27.5 27.5 27.3999996185303 27.3999996185303 27.2999992370605 27.2000007629395 27.2000007629395 27.1000003814697 27 26.8999996185303 26.7999992370605 26.7999992370605 26.7999992370605 26.7000007629395 26.7000007629395 26.7000007629395 26.5 26.2999992370605 26.2000007629395 26.2999992370605
26.5 26.3999996185303 26.3999996185303 26.6000003814697 26.3999996185303 26.3999996185303 26.3999996185303 26.3999996185303 26.3999996185303 26.3999996185303 26.2999992370605 26.3999996185303 26.2999992370605 26.2000007629395 26.2000007629395 26.2000007629395 26.2000007629395 26.2000007629395 26.3999996185303 26.5 26.5 26.6000003814697 26.7999992370605 26.7999992370605 27 27.1000003814697 27.2000007629395 27.2000007629395 27.2000007629395 27.2999992370605 27.5 27.6000003814697 27.6000003814697 27.6000003814697 27.6000003814697 27.6000003814697 27.7000007629395 27.5 27.5 27.2999992370605 27.2000007629395 27.2000007629395 27.1000003814697 27 26.8999996185303 26.7999992370605 26.7999992370605 26.7999992370605 26.7000007629395 26.7000007629395 26.6000003814697 26.3999996185303 26.2000007629395 26.2000007629395 26.2999992370605
26.5 26.5 26.6000003814697 26.5 26.3999996185303 26.3999996185303 26.3999996185303 26.3999996185303 26.3999996185303 26.3999996185303 26.5 26.5 26.2999992370605 26.2000007629395 26.2000007629395 26.2000007629395 26.2999992370605 26.3999996185303 26.5 26.5 26.7000007629395 26.7999992370605 26.7999992370605 26.8999996185303 26.8999996185303 27.1000003814697 27.2000007629395 27.2000007629395 27.3999996185303 27.3999996185303 27.3999996185303 27.5 27.6000003814697 27.6000003814697 27.6000003814697 27.7000007629395 27.7000007629395 27.6000003814697 27.5 27.2999992370605 27.2000007629395 27.1000003814697 27.1000003814697 27 26.8999996185303 26.7999992370605 26.7000007629395 26.6000003814697 26.6000003814697 26.7000007629395 26.6000003814697 26.2999992370605 26.2000007629395 26.2000007629395 26.2000007629395
26.6000003814697 26.6000003814697 26.6000003814697 26.3999996185303 26.5 26.5 26.5 26.3999996185303 26.3999996185303 26.5 26.5 26.2000007629395 26.2000007629395 26.2000007629395 26.2000007629395 26.2999992370605 26.3999996185303 26.3999996185303 26.5 26.7000007629395 26.7999992370605 26.7999992370605 26.7999992370605 26.8999996185303 27 27.1000003814697 27.2999992370605 27.2999992370605 27.2999992370605 27.3999996185303 27.5 27.5 27.6000003814697 27.7000007629395 27.7000007629395 27.7000007629395 27.7000007629395 27.6000003814697 27.5 27.2999992370605 27.1000003814697 27.2000007629395 27.2000007629395 27 26.8999996185303 26.8999996185303 26.6000003814697 26.5 26.6000003814697 26.7000007629395 26.5 26.2000007629395 26.1000003814697 26.1000003814697 26.2000007629395
26.6000003814697 26.7000007629395 26.5 26.3999996185303 26.6000003814697 26.5 26.5 26.5 26.5 26.5 26.5 26.2000007629395 26.2000007629395 26.2000007629395 26.2000007629395 26.2999992370605 26.3999996185303 26.3999996185303 26.5 26.6000003814697 26.7000007629395 26.7999992370605 26.8999996185303 27 27.2000007629395 27.2000007629395 27.2000007629395 27.2999992370605 27.3999996185303 27.5 27.6000003814697 27.7000007629395 27.7000007629395 27.7999992370605 27.7000007629395 27.7000007629395 27.7999992370605 27.6000003814697 27.5 27.3999996185303 27.2999992370605 27.2000007629395 27.2000007629395 27 26.8999996185303 26.8999996185303 26.6000003814697 26.3999996185303 26.6000003814697 26.6000003814697 26.5 26.2999992370605 26.2000007629395 26.2999992370605 26.2999992370605
26.7000007629395 26.6000003814697 26.5 26.6000003814697 26.6000003814697 26.5 26.3999996185303 26.5 26.5 26.6000003814697 26.3999996185303 26.1000003814697 26.1000003814697 26.1000003814697 26.2000007629395 26.2999992370605 26.3999996185303 26.3999996185303 26.5 26.6000003814697 26.7999992370605 26.7999992370605 26.8999996185303 27.1000003814697 27.2000007629395 27.2000007629395 27.2000007629395 27.3999996185303 27.5 27.6000003814697 27.6000003814697 27.7000007629395 27.7999992370605 27.8999996185303 27.7999992370605 27.8999996185303 27.8999996185303 27.7000007629395 27.6000003814697 27.3999996185303 27.2999992370605 27.1000003814697 27 27 26.7999992370605 26.7999992370605 26.6000003814697 26.2999992370605 26.5 26.2999992370605 26.2999992370605 26.1000003814697 26.2000007629395 26.2999992370605 26.2000007629395
26.6000003814697 26.5 26.5 26.5 26.5 26.3999996185303 26.5 26.5 26.6000003814697 26.5 26.3999996185303 26.1000003814697 26.2000007629395 26.2999992370605 26.3999996185303 26.5 26.6000003814697 26.7000007629395 26.7000007629395 26.7999992370605 26.7999992370605 26.8999996185303 26.8999996185303 27.1000003814697 27.1000003814697 27.2000007629395 27.3999996185303 27.3999996185303 27.6000003814697 27.6000003814697 27.7000007629395 27.8999996185303 27.8999996185303 27.8999996185303 27.8999996185303 28 28 27.7000007629395 27.6000003814697 27.2000007629395 27 26.7000007629395 26.7000007629395 26.3999996185303 26.6000003814697 26.6000003814697 26.2000007629395 26.2000007629395 26.3999996185303 26.2000007629395 26 26.2000007629395 26.2999992370605 26 26
26.2999992370605 26.2999992370605 26.3999996185303 26.5 26.5 26.6000003814697 26.6000003814697 26.5 26.5 26.3999996185303 26.3999996185303 26.2000007629395 26.2999992370605 26.3999996185303 26.5 26.6000003814697 26.7000007629395 26.7999992370605 26.7999992370605 26.7999992370605 26.8999996185303 27 27.1000003814697 27.2000007629395 27.2999992370605 27.3999996185303 27.6000003814697 27.6000003814697 27.7999992370605 27.7999992370605 27.8999996185303 28 28.1000003814697 28 28.1000003814697 28.1000003814697 28.1000003814697 27.7000007629395 27.7000007629395 27.6000003814697 27.5 27.1000003814697 26.5 26.2000007629395 26.1000003814697 25.7999992370605 25.5 25.8999996185303 26.2000007629395 26 26 26.2000007629395 26 25.8999996185303 25.8999996185303
26.2000007629395 26.2999992370605 26.2999992370605 26.2999992370605 26.3999996185303 26.3999996185303 26.3999996185303 26.5 26.5 26.5 26.7000007629395 26.3999996185303 26.3999996185303 26.6000003814697 26.7000007629395 26.7999992370605 26.7999992370605 26.7000007629395 26.7999992370605 26.8999996185303 26.8999996185303 27 27.2000007629395 27.2999992370605 27.3999996185303 27.5 27.7000007629395 27.7999992370605 27.8999996185303 28 28.1000003814697 28.1000003814697 28.1000003814697 28 28.1000003814697 28.1000003814697 28.1000003814697 27.8999996185303 27.6000003814697 27.3999996185303 27.3999996185303 27.2000007629395 26.8999996185303 26.5 26 25.2000007629395 24.6000003814697 26 26.2000007629395 25.8999996185303 26.1000003814697 26 25.8999996185303 25.6000003814697 26
26.2000007629395 26.2000007629395 26.2999992370605 26.2999992370605 26.3999996185303 26.3999996185303 26.5 26.5 26.5 26.6000003814697 26.6000003814697 26.2999992370605 26.3999996185303 26.6000003814697 26.7000007629395 26.7999992370605 26.7000007629395 26.7999992370605 26.7999992370605 26.8999996185303 26.8999996185303 27.2999992370605 27.3999996185303 27.5 27.6000003814697 27.6000003814697 27.7000007629395 27.8999996185303 28 28.1000003814697 28.1000003814697 28.2000007629395 28.1000003814697 28.1000003814697 28.1000003814697 28 28.1000003814697 27.8999996185303 27.7999992370605 27.6000003814697 27.3999996185303 27.2999992370605 27.2000007629395 27.1000003814697 26.7999992370605 26.1000003814697 25.8999996185303 26 26 25.7999992370605 25.8999996185303 26.1000003814697 25.8999996185303 26.1000003814697 26.1000003814697
26.3999996185303 26.3999996185303 26.3999996185303 26.3999996185303 26.3999996185303 26.5 26.5 26.5 26.5 26.3999996185303 26.2000007629395 26.2999992370605 26.3999996185303 26.6000003814697 26.7000007629395 26.8999996185303 26.8999996185303 26.8999996185303 26.8999996185303 27 27.2999992370605 27.3999996185303 27.5 27.5 27.6000003814697 27.7000007629395 27.7999992370605 27.8999996185303 27.8999996185303 28 28.2000007629395 28.1000003814697 28.1000003814697 28.2000007629395 28.1000003814697 28.1000003814697 28 27.8999996185303 27.7999992370605 27.7000007629395 27.5 27.2999992370605 27.2000007629395 27 26.7999992370605 26.5 26.3999996185303 26.2999992370605 26.3999996185303 26.1000003814697 26 25.8999996185303 25.8999996185303 26 26.1000003814697
26.2999992370605 26.2999992370605 26.3999996185303 26.5 26.5 26.2999992370605 26.3999996185303 26.3999996185303 26.5 26.6000003814697 26.3999996185303 26.5 26.5 26.6000003814697 26.7000007629395 26.7000007629395 26.7999992370605 26.8999996185303 26.8999996185303 27.2999992370605 27.3999996185303 27.3999996185303 27.5 27.6000003814697 27.7000007629395 27.7000007629395 27.7999992370605 27.7999992370605 28 28.1000003814697 28.1000003814697 28.1000003814697 28 28.1000003814697 28 28 28 27.8999996185303 27.7999992370605 27.7000007629395 27.5 27.3999996185303 27.2000007629395 27 26.7000007629395 26.6000003814697 26.6000003814697 26.5 26.1000003814697 26.1000003814697 26.1000003814697 26 25.7999992370605 26 26.1000003814697
26.1000003814697 26.2000007629395 26.2999992370605 26.3999996185303 26.5 26.3999996185303 26.2000007629395 26.2999992370605 26.3999996185303 26.5 26.3999996185303 26.3999996185303 26.5 26.6000003814697 26.6000003814697 26.7000007629395 26.7999992370605 27.1000003814697 27.3999996185303 27.3999996185303 27.3999996185303 27.5 27.6000003814697 27.7000007629395 27.7000007629395 27.7000007629395 27.7999992370605 27.8999996185303 28 28.1000003814697 28.1000003814697 28.1000003814697 28 28.1000003814697 28.1000003814697 28 28 27.8999996185303 27.7000007629395 27.6000003814697 27.5 27.2999992370605 27.2000007629395 27.1000003814697 27 26.6000003814697 26.5 26.2999992370605 26.2999992370605 26.2000007629395 26.2999992370605 26.2999992370605 26.1000003814697 25.8999996185303 26
26.2999992370605 26.2999992370605 26.2999992370605 26.3999996185303 26.5 26.6000003814697 26.5 26.5 26.5 26.6000003814697 26.7000007629395 26.6000003814697 26.7000007629395 26.6000003814697 26.8999996185303 26.8999996185303 27.1000003814697 27.3999996185303 27.2999992370605 27.3999996185303 27.6000003814697 27.5 27.5 27.6000003814697 27.7000007629395 27.7000007629395 27.8999996185303 27.8999996185303 28 28 28.1000003814697 28 28 28 28.1000003814697 28 28.1000003814697 28 27.7999992370605 27.6000003814697 27.5 27.2000007629395 27 27.1000003814697 27 26.5 26.2000007629395 26.5 26.6000003814697 26.6000003814697 26.5 26.5 26.2999992370605 25.8999996185303 25.7999992370605
26.6000003814697 26.5 26.5 26.5 26.5 26.5 26.6000003814697 26.7000007629395 26.6000003814697 26.7000007629395 26.7000007629395 26.7999992370605 26.8999996185303 27.1000003814697 27.1000003814697 27.2000007629395 27.2999992370605 27.2999992370605 27.2999992370605 27.6000003814697 27.3999996185303 27.5 27.6000003814697 27.6000003814697 27.7000007629395 27.7000007629395 27.8999996185303 27.8999996185303 28.1000003814697 27.8999996185303 28.1000003814697 28 27.8999996185303 28 28.2000007629395 28 28.1000003814697 28 27.7999992370605 27.6000003814697 27.5 27.2999992370605 27.2999992370605 27.1000003814697 27.1000003814697 26.8999996185303 26.7999992370605 26.7999992370605 26.7999992370605 26.7000007629395 26.7000007629395 26.5 25.8999996185303 26.1000003814697 25.6000003814697
26.7000007629395 26.7000007629395 26.5 26.5 26.6000003814697 26.6000003814697 26.5 26.6000003814697 26.7000007629395 26.7999992370605 26.8999996185303 26.8999996185303 26.8999996185303 27 27.2000007629395 27.2000007629395 27.2000007629395 27.2000007629395 27.5 27.5 27.5 27.6000003814697 27.6000003814697 27.7000007629395 27.7000007629395 27.7999992370605 27.8999996185303 28.1000003814697 28.1000003814697 28 28 28 28 28.1000003814697 28.2000007629395 28.2000007629395 28.1000003814697 28.1000003814697 28 27.7999992370605 27.6000003814697 27.3999996185303 27.2999992370605 27.2000007629395 27.1000003814697 27 27 26.8999996185303 26.8999996185303 26.7999992370605 26.7000007629395 26.3999996185303 26.2999992370605 25.8999996185303 25.1000003814697
26.7000007629395 26.7999992370605 26.7999992370605 26.6000003814697 26.6000003814697 26.7000007629395 26.6000003814697 26.6000003814697 26.7000007629395 26.7999992370605 26.7999992370605 26.8999996185303 27 27.1000003814697 27.2000007629395 27.2000007629395 27.2000007629395 27.3999996185303 27.5 27.5 27.5 27.6000003814697 27.6000003814697 27.7000007629395 27.7999992370605 27.7999992370605 27.8999996185303 28.1000003814697 28.2000007629395 28.1000003814697 28 28.1000003814697 28.1000003814697 28.2000007629395 28.2000007629395 28.2000007629395 28.1000003814697 28.1000003814697 28 27.7000007629395 27.6000003814697 27.5 27.2999992370605 27.1000003814697 27 27 27 26.8999996185303 26.8999996185303 26.7999992370605 26.6000003814697 26.5 26.5 26.3999996185303 25.7999992370605
26.6000003814697 26.7000007629395 26.7000007629395 26.7999992370605 26.7999992370605 26.7999992370605 26.7999992370605 26.7000007629395 26.7000007629395 26.7999992370605 26.8999996185303 27 27.1000003814697 27.2000007629395 27.2000007629395 27.3999996185303 27.3999996185303 27.5 27.5 27.5 27.6000003814697 27.6000003814697 27.7999992370605 27.7999992370605 27.7999992370605 28 28 28.1000003814697 28.2000007629395 28.1000003814697 28.1000003814697 28.2000007629395 28.2000007629395 28.1000003814697 28.2000007629395 28.2000007629395 28.2000007629395 28.1000003814697 27.8999996185303 27.7000007629395 27.5 27.2999992370605 27.2999992370605 27.2000007629395 27.2000007629395 27.1000003814697 27.1000003814697 27.1000003814697 27 26.8999996185303 26.7999992370605 26.6000003814697 26.5 26.2999992370605 26.2000007629395
26.2000007629395 26.5 26.6000003814697 26.7000007629395 26.7999992370605 26.8999996185303 26.8999996185303 26.8999996185303 26.8999996185303 26.8999996185303 27 27.1000003814697 27.2000007629395 27.2000007629395 27.2000007629395 27.2999992370605 27.3999996185303 27.3999996185303 27.5 27.6000003814697 27.6000003814697 27.7000007629395 27.8999996185303 28 28 28 28.1000003814697 28.2000007629395 28.2000007629395 28.2000007629395 28.2000007629395 28.2999992370605 28.2999992370605 28.1000003814697 28.2000007629395 28.2999992370605 28.2999992370605 28.1000003814697 28 27.7999992370605 27.7000007629395 27.6000003814697 27.3999996185303 27.3999996185303 27.2000007629395 27.1000003814697 27.1000003814697 27.1000003814697 27.1000003814697 27 26.7999992370605 26.7000007629395 26.5 26.3999996185303 26.3999996185303
25.7000007629395 26.2000007629395 26.5 26.6000003814697 26.7999992370605 26.7999992370605 26.7999992370605 26.7999992370605 27 27 27 27.1000003814697 27.2000007629395 27.1000003814697 27.2000007629395 27.2999992370605 27.3999996185303 27.3999996185303 27.6000003814697 27.7000007629395 27.8999996185303 27.8999996185303 27.8999996185303 27.8999996185303 28 28.1000003814697 28.1000003814697 28.2999992370605 28.1000003814697 28.2000007629395 28.2999992370605 28.2999992370605 28.1000003814697 28.1000003814697 28.1000003814697 28.2000007629395 28.2999992370605 28.1000003814697 28.1000003814697 28 27.8999996185303 27.7000007629395 27.5 27.3999996185303 27.2000007629395 27.1000003814697 27.1000003814697 26.8999996185303 27 26.8999996185303 27 26.8999996185303 26.7000007629395 26.5 26.6000003814697
24.8999996185303 24.7999992370605 25.7999992370605 26.3999996185303 26.5 26.3999996185303 26.6000003814697 26.7999992370605 26.8999996185303 27 27.1000003814697 27.1000003814697 27.1000003814697 27.1000003814697 27.2999992370605 27.3999996185303 27.3999996185303 27.5 27.7000007629395 27.7999992370605 27.8999996185303 27.8999996185303 27.8999996185303 27.8999996185303 28.1000003814697 28.1000003814697 28.1000003814697 28.2000007629395 28.2000007629395 28.2000007629395 28.2999992370605 28.2000007629395 28.2000007629395 28.1000003814697 28.1000003814697 28.2000007629395 28.2999992370605 28.2000007629395 28.2000007629395 28 27.8999996185303 27.7000007629395 27.5 27.3999996185303 27.2000007629395 27.2000007629395 27 26.8999996185303 27 27 27 27 27 26.7999992370605 26.7999992370605
22.8999996185303 23.7999992370605 24.6000003814697 25.1000003814697 25.5 26 26.2000007629395 26.7000007629395 26.7999992370605 26.7000007629395 27 27 27.1000003814697 27.1000003814697 27.2000007629395 27.2999992370605 27.3999996185303 27.3999996185303 27.6000003814697 27.7999992370605 27.7999992370605 28 28 28.1000003814697 28.1000003814697 28 28.2000007629395 28.1000003814697 28.2000007629395 28.2000007629395 28.2000007629395 28.2000007629395 28.1000003814697 28.1000003814697 28.2999992370605 28.2999992370605 28.2999992370605 28.2000007629395 28.2999992370605 28.2000007629395 27.8999996185303 27.7000007629395 27.6000003814697 27.3999996185303 27.3999996185303 27.2000007629395 26.8999996185303 26.7999992370605 27.1000003814697 27.2000007629395 26.8999996185303 26.8999996185303 26.8999996185303 26.8999996185303 26.8999996185303
