data/layers/future_layer_mc_126_60/bio9.asc
NCOLS 494 
NROWS 529 
XLLCORNER -117.166666666667 
YLLCORNER -55.5 
CELLSIZE 0.166666666666667 
NODATA_value -3.4e+38 
[rows 456 to 479 of 529, columns 275 to 329 of 494]
12.6999998092651 13.5 16.5 15.3999996185303 16.1000003814697 17 15.8999996185303 14.8999996185303 15.3000001907349 15.8999996185303 14.3000001907349 15.1000003814697 17.7999992370605 18 16.5 17.6000003814697 18.7000007629395 19.1000003814697 19.2000007629395 19.7000007629395 19.7000007629395 19.7999992370605 19.7999992370605 19.7999992370605 19.8999996185303 19.7000007629395 19.7000007629395 16.7000007629395 12.6000003814697 10.3000001907349 10 11.1000003814697 11.3999996185303 10.8999996185303 8.89999961853027 10.3000001907349 9.5 -3.4e+38 -3.4e+38 -3.4e+38 -3.4e+38 -3.4e+38 -3.4e+38 -3.4e+38 -3.4e+38 -3.4e+38 -3.4e+38 -3.4e+38 -3.4e+38 -3.4e+38 -3.4e+38 -3.4e+38 -3.4e+38 -3.4e+38 -3.4e+38
14.3999996185303 15.1000003814697 16 15.1000003814697 16 16.3999996185303 16.7999992370605 17 16.7000007629395 16.2000007629395 14.8999996185303 14.6999998092651 16.5 18.2000007629395 18.8999996185303 18.3999996185303 18.2999992370605 18.8999996185303 19.2999992370605 19.5 19.2000007629395 18.8999996185303 19.3999996185303 19.6000003814697 19.5 19.3999996185303 18.2999992370605 15.8999996185303 12.3000001907349 11.6000003814697 13.5 13.8000001907349 10.6000003814697 10.3000001907349 10.3000001907349 10.3000001907349 -3.4e+38 -3.4e+38 -3.4e+38 -3.4e+38 -3.4e+38 -3.4e+38 -3.4e+38 -3.4e+38 -3.4e+38 -3.4e+38 -3.4e+38 -3.4e+38 -3.4e+38 -3.4e+38 -3.4e+38 -3.4e+38 -3.4e+38 -3.4e+38 -3.4e+38
15.1999998092651 14.6999998092651 15.1999998092651 14 15.3999996185303 16.2000007629395 17 16.7999992370605 17.3999996185303 17.2000007629395 17.1000003814697 16 16.7999992370605 17.7000007629395 19.1000003814697 19.1000003814697 19.2999992370605 18.7000007629395 19.1000003814697 19.3999996185303 19.2999992370605 19.3999996185303 19.8999996185303 19.7999992370605 19.5 17.2999992370605 16 14 13.8000001907349 13.8000001907349 10.8999996185303 10.8000001907349 10.1000003814697 10 10 10.3000001907349 -3.4e+38 -3.4e+38 -3.4e+38 -3.4e+38 -3.4e+38 -3.4e+38 -3.4e+38 -3.4e+38 -3.4e+38 -3.4e+38 -3.4e+38 -3.4e+38 -3.4e+38 -3.4e+38 -3.4e+38 -3.4e+38 -3.4e+38 -3.4e+38 -3.4e+38
14.1000003814697 14.6000003814697 14.8999996185303 14.3000001907349 16 15.6000003814697 15.3000001907349 15.3000001907349 15.6999998092651 17.7000007629395 17.2999992370605 17.1000003814697 17.3999996185303 18.1000003814697 18.5 18.7999992370605 18.7999992370605 18.8999996185303 19.1000003814697 19.1000003814697 18.8999996185303 19.2000007629395 19.5 19.6000003814697 19.3999996185303 17.6000003814697 14.1000003814697 13.6000003814697 13.6999998092651 13.6000003814697 13.1999998092651 10.8999996185303 9.80000019073486 9.80000019073486 9.80000019073486 10 -3.4e+38 -3.4e+38 -3.4e+38 -3.4e+38 -3.4e+38 -3.4e+38 -3.4e+38 -3.4e+38 -3.4e+38 -3.4e+38 -3.4e+38 -3.4e+38 -3.4e+38 -3.4e+38 -3.4e+38 -3.4e+38 -3.4e+38 -3.4e+38 -3.4e+38
13.6999998092651 14.8999996185303 15.6000003814697 15.8000001907349 16.2000007629395 16.7000007629395 15.6000003814697 14.8000001907349 15 16.1000003814697 16 16.7999992370605 16.8999996185303 17.7000007629395 18.2999992370605 18.1000003814697 17.7000007629395 18 18.2999992370605 18.2000007629395 18.3999996185303 18.7999992370605 19.1000003814697 19.3999996185303 19.3999996185303 18.7000007629395 14.1000003814697 13.3999996185303 13.5 13.3000001907349 13 12.8999996185303 10.8000001907349 9.60000038146973 9.60000038146973 10 -3.4e+38 -3.4e+38 -3.4e+38 -3.4e+38 -3.4e+38 -3.4e+38 -3.4e+38 -3.4e+38 -3.4e+38 -3.4e+38 -3.4e+38 -3.4e+38 -3.4e+38 -3.4e+38 -3.4e+38 -3.4e+38 -3.4e+38 -3.4e+38 -3.4e+38
15 15.1999998092651 15.1999998092651 15.1999998092651 16.2000007629395 16.8999996185303 16.7000007629395 15.6999998092651 16.3999996185303 16.3999996185303 16.1000003814697 16.5 17.1000003814697 17.6000003814697 17.3999996185303 17.8999996185303 16.8999996185303 16.5 18 18.1000003814697 18.2000007629395 18.6000003814697 19 19.1000003814697 18.7999992370605 16.2000007629395 13.1999998092651 13.5 12.8999996185303 12.6999998092651 12.6000003814697 11.1999998092651 9.39999961853027 9.39999961853027 9.5 10.3000001907349 -3.4e+38 -3.4e+38 -3.4e+38 -3.4e+38 -3.4e+38 -3.4e+38 -3.4e+38 -3.4e+38 -3.4e+38 -3.4e+38 -3.4e+38 -3.4e+38 -3.4e+38 -3.4e+38 -3.4e+38 -3.4e+38 -3.4e+38 -3.4e+38 -3.4e+38
13.5 14.1000003814697 14.6999998092651 15.8999996185303 16.8999996185303 17.1000003814697 16.8999996185303 17.1000003814697 17.2999992370605 17.3999996185303 16.2999992370605 16.7999992370605 17.6000003814697 17.8999996185303 18 16.7999992370605 15.3999996185303 17.3999996185303 18.1000003814697 18.5 18.7000007629395 18.8999996185303 19 18.8999996185303 18.2999992370605 15 13.3999996185303 13 12.3999996185303 12.3000001907349 10.3000001907349 11.3999996185303 9.80000019073486 10.3000001907349 10.1999998092651 10.1000003814697 -3.4e+38 -3.4e+38 -3.4e+38 -3.4e+38 -3.4e+38 -3.4e+38 -3.4e+38 -3.4e+38 -3.4e+38 -3.4e+38 -3.4e+38 -3.4e+38 -3.4e+38 -3.4e+38 -3.4e+38 -3.4e+38 -3.4e+38 -3.4e+38 -3.4e+38
14 14.1000003814697 14.6999998092651 15.6000003814697 16.7999992370605 17.2000007629395 17.5 17.7000007629395 17.7000007629395 17.2000007629395 15.5 15.3999996185303 17.7000007629395 18.7000007629395 17.7000007629395 16.2999992370605 15.3999996185303 16.5 16.8999996185303 17.7999992370605 18.2999992370605 18.6000003814697 18.7000007629395 18.7000007629395 17.7999992370605 15.6000003814697 13.8000001907349 12.5 12.3999996185303 12 12.1000003814697 11.8999996185303 12.6999998092651 12.6999998092651 -3.4e+38 -3.4e+38 -3.4e+38 -3.4e+38 -3.4e+38 -3.4e+38 -3.4e+38 -3.4e+38 -3.4e+38 -3.4e+38 -3.4e+38 -3.4e+38 -3.4e+38 -3.4e+38 -3.4e+38 -3.4e+38 -3.4e+38 -3.4e+38 -3.4e+38 -3.4e+38 -3.4e+38
11.3999996185303 12.6999998092651 14.3999996185303 16.2999992370605 16.8999996185303 17.2000007629395 17.6000003814697 17.7999992370605 17.6000003814697 16.2000007629395 15.6999998092651 16.2999992370605 18.8999996185303 19 19 18.1000003814697 17.8999996185303 17.1000003814697 18.2999992370605 18 18.2000007629395 18.2999992370605 17.7000007629395 18.5 17.2999992370605 16.5 13.3000001907349 12 12.1000003814697 12.1999998092651 12.5 12.5 13 13 -3.4e+38 -3.4e+38 -3.4e+38 -3.4e+38 -3.4e+38 -3.4e+38 -3.4e+38 -3.4e+38 -3.4e+38 -3.4e+38 -3.4e+38 -3.4e+38 -3.4e+38 -3.4e+38 -3.4e+38 -3.4e+38 -3.4e+38 -3.4e+38 -3.4e+38 -3.4e+38 -3.4e+38
13.1999998092651 14.1000003814697 15.1000003814697 16.5 16.8999996185303 17.2000007629395 17.6000003814697 17.7000007629395 17.2999992370605 15.8999996185303 15.5 16.3999996185303 18.2000007629395 19 18.7999992370605 18.7000007629395 17.5 17.6000003814697 18.3999996185303 18.1000003814697 17.7000007629395 17.5 17.7999992370605 18.2999992370605 18.2000007629395 14.8000001907349 12.3000001907349 12.8999996185303 13.1999998092651 13.3999996185303 13.5 13.3999996185303 13.1999998092651 -3.4e+38 -3.4e+38 -3.4e+38 -3.4e+38 -3.4e+38 -3.4e+38 -3.4e+38 -3.4e+38 -3.4e+38 -3.4e+38 -3.4e+38 -3.4e+38 -3.4e+38 -3.4e+38 -3.4e+38 -3.4e+38 -3.4e+38 -3.4e+38 -3.4e+38 -3.4e+38 -3.4e+38 -3.4e+38
13.5 14.6999998092651 15.6000003814697 16.1000003814697 16.5 17.1000003814697 17.5 17.7999992370605 17.7999992370605 16.7999992370605 15.6999998092651 16.5 17.5 18.7999992370605 18.2000007629395 17.6000003814697 17.3999996185303 17.7000007629395 17.7999992370605 16.7000007629395 16.7999992370605 17 16.7999992370605 16.8999996185303 16.1000003814697 14.8999996185303 16 14.1999998092651 13.6999998092651 -3.4e+38 -3.4e+38 -3.4e+38 -3.4e+38 -3.4e+38 -3.4e+38 -3.4e+38 -3.4e+38 -3.4e+38 -3.4e+38 -3.4e+38 -3.4e+38 -3.4e+38 -3.4e+38 -3.4e+38 -3.4e+38 -3.4e+38 -3.4e+38 -3.4e+38 -3.4e+38 -3.4e+38 -3.4e+38 -3.4e+38 -3.4e+38 -3.4e+38 -3.4e+38
14.1000003814697 14.6000003814697 15.3000001907349 15.8000001907349 16.2999992370605 16.7000007629395 17 17.7999992370605 17.8999996185303 16.7999992370605 16.7999992370605 17.7999992370605 18.7000007629395 18.7999992370605 18.8999996185303 18.5 18.3999996185303 19.2000007629395 18.1000003814697 17.1000003814697 17.3999996185303 17.5 16.7999992370605 16.1000003814697 16.5 16.3999996185303 -3.4e+38 -3.4e+38 -3.4e+38 -3.4e+38 -3.4e+38 -3.4e+38 -3.4e+38 -3.4e+38 -3.4e+38 -3.4e+38 -3.4e+38 -3.4e+38 -3.4e+38 -3.4e+38 -3.4e+38 -3.4e+38 -3.4e+38 -3.4e+38 -3.4e+38 -3.4e+38 -3.4e+38 -3.4e+38 -3.4e+38 -3.4e+38 -3.4e+38 -3.4e+38 -3.4e+38 -3.4e+38 -3.4e+38
13.8999996185303 14.5 15.3999996185303 16.1000003814697 16.6000003814697 16.7999992370605 17.2000007629395 17.7000007629395 18 17.2000007629395 16.7999992370605 17.3999996185303 18.3999996185303 18.3999996185303 18.8999996185303 18.7000007629395 19.2999992370605 19.2000007629395 18.1000003814697 17.8999996185303 17.8999996185303 17.1000003814697 16.3999996185303 16.3999996185303 16.7000007629395 -3.4e+38 -3.4e+38 -3.4e+38 -3.4e+38 -3.4e+38 -3.4e+38 -3.4e+38 -3.4e+38 -3.4e+38 -3.4e+38 -3.4e+38 -3.4e+38 -3.4e+38 -3.4e+38 -3.4e+38 -3.4e+38 -3.4e+38 -3.4e+38 -3.4e+38 -3.4e+38 -3.4e+38 -3.4e+38 -3.4e+38 -3.4e+38 -3.4e+38 -3.4e+38 -3.4e+38 -3.4e+38 -3.4e+38 -3.4e+38
14.3000001907349 14.6999998092651 13.8999996185303 14.1000003814697 14.3000001907349 13.8000001907349 15.1000003814697 17 15.5 17.6000003814697 16.5 16.7000007629395 18.5 18.7999992370605 19 18.7000007629395 19.2000007629395 19 18.8999996185303 18.7000007629395 17.7000007629395 16.2999992370605 16.2999992370605 16.2000007629395 -3.4e+38 -3.4e+38 -3.4e+38 -3.4e+38 -3.4e+38 -3.4e+38 -3.4e+38 -3.4e+38 -3.4e+38 -3.4e+38 -3.4e+38 -3.4e+38 -3.4e+38 -3.4e+38 -3.4e+38 -3.4e+38 -3.4e+38 -3.4e+38 -3.4e+38 -3.4e+38 -3.4e+38 -3.4e+38 -3.4e+38 -3.4e+38 -3.4e+38 -3.4e+38 -3.4e+38 -3.4e+38 -3.4e+38 -3.4e+38 -3.4e+38
13.3999996185303 12.1999998092651 11.8999996185303 12.3000001907349 12.8000001907349 13.1999998092651 13.5 13.8999996185303 16.2999992370605 17.5 16.7999992370605 16.6000003814697 18.7999992370605 19.1000003814697 19.1000003814697 19 19.1000003814697 18.6000003814697 18 17.5 17.2999992370605 17 16.7000007629395 -3.4e+38 -3.4e+38 -3.4e+38 -3.4e+38 -3.4e+38 -3.4e+38 -3.4e+38 -3.4e+38 -3.4e+38 -3.4e+38 -3.4e+38 -3.4e+38 -3.4e+38 -3.4e+38 -3.4e+38 -3.4e+38 -3.4e+38 -3.4e+38 -3.4e+38 -3.4e+38 -3.4e+38 -3.4e+38 -3.4e+38 -3.4e+38 -3.4e+38 -3.4e+38 -3.4e+38 -3.4e+38 -3.4e+38 -3.4e+38 -3.4e+38 -3.4e+38
12.1000003814697 10.6999998092651 11 11.8999996185303 12.3999996185303 13 13.3000001907349 13.6000003814697 14.1999998092651 16 16.7000007629395 17.2999992370605 17.7999992370605 18.5 18.7999992370605 18.2999992370605 18 17.2999992370605 17.2000007629395 17.2999992370605 17.6000003814697 17.3999996185303 -3.4e+38 -3.4e+38 -3.4e+38 -3.4e+38 -3.4e+38 -3.4e+38 -3.4e+38 -3.4e+38 -3.4e+38 -3.4e+38 -3.4e+38 -3.4e+38 -3.4e+38 -3.4e+38 -3.4e+38 -3.4e+38 -3.4e+38 -3.4e+38 -3.4e+38 -3.4e+38 -3.4e+38 -3.4e+38 -3.4e+38 -3.4e+38 -3.4e+38 -3.4e+38 -3.4e+38 -3.4e+38 -3.4e+38 -3.4e+38 -3.4e+38 -3.4e+38 -3.4e+38
10.6999998092651 9.89999961853027 10.8000001907349 11.6000003814697 12.1999998092651 12.6999998092651 13.1999998092651 13.5 14.1999998092651 16.7000007629395 17.3999996185303 17.5 17.3999996185303 18.1000003814697 17.7999992370605 17.7000007629395 17.1000003814697 17.6000003814697 17.8999996185303 18.7999992370605 18.2999992370605 16.8999996185303 -3.4e+38 -3.4e+38 -3.4e+38 -3.4e+38 -3.4e+38 -3.4e+38 -3.4e+38 -3.4e+38 -3.4e+38 -3.4e+38 -3.4e+38 -3.4e+38 -3.4e+38 -3.4e+38 -3.4e+38 -3.4e+38 -3.4e+38 -3.4e+38 -3.4e+38 -3.4e+38 -3.4e+38 -3.4e+38 -3.4e+38 -3.4e+38 -3.4e+38 -3.4e+38 -3.4e+38 -3.4e+38 -3.4e+38 -3.4e+38 -3.4e+38 -3.4e+38 -3.4e+38
10.6000003814697 10.6000003814697 10.8000001907349 11.3999996185303 12.1000003814697 12.6999998092651 13.1999998092651 13.6000003814697 15.1999998092651 16.2999992370605 17 17.3999996185303 17.3999996185303 17.5 17.8999996185303 17.1000003814697 18.2000007629395 19.1000003814697 19.3999996185303 18.7999992370605 18.1000003814697 16.8999996185303 -3.4e+38 -3.4e+38 -3.4e+38 -3.4e+38 -3.4e+38 -3.4e+38 -3.4e+38 -3.4e+38 -3.4e+38 -3.4e+38 -3.4e+38 -3.4e+38 -3.4e+38 -3.4e+38 -3.4e+38 -3.4e+38 -3.4e+38 -3.4e+38 -3.4e+38 -3.4e+38 -3.4e+38 -3.4e+38 -3.4e+38 -3.4e+38 -3.4e+38 -3.4e+38 -3.4e+38 -3.4e+38 -3.4e+38 -3.4e+38 -3.4e+38 -3.4e+38 -3.4e+38
12.6999998092651 12.5 12.3000001907349 12.3000001907349 12.6000003814697 13.1999998092651 13.8999996185303 14.3000001907349 16 16.7999992370605 16.8999996185303 17.2999992370605 17.3999996185303 17.3999996185303 17.7000007629395 18.7999992370605 18.7000007629395 19.1000003814697 18.7999992370605 18.2999992370605 18.1000003814697 17.5 -3.4e+38 -3.4e+38 -3.4e+38 -3.4e+38 -3.4e+38 -3.4e+38 -3.4e+38 -3.4e+38 -3.4e+38 -3.4e+38 -3.4e+38 -3.4e+38 -3.4e+38 -3.4e+38 -3.4e+38 -3.4e+38 -3.4e+38 -3.4e+38 -3.4e+38 -3.4e+38 -3.4e+38 -3.4e+38 -3.4e+38 -3.4e+38 -3.4e+38 -3.4e+38 -3.4e+38 -3.4e+38 -3.4e+38 -3.4e+38 -3.4e+38 -3.4e+38 -3.4e+38
13 13 13 13.1999998092651 13.1999998092651 13.6999998092651 14.3999996185303 15.1000003814697 17.3999996185303 17.8999996185303 18.1000003814697 18.7000007629395 18.6000003814697 18.6000003814697 18.7000007629395 18.7000007629395 19.2999992370605 19.2000007629395 18.7000007629395 18 17.7999992370605 17.2000007629395 16.7000007629395 -3.4e+38 -3.4e+38 -3.4e+38 -3.4e+38 -3.4e+38 -3.4e+38 -3.4e+38 -3.4e+38 -3.4e+38 -3.4e+38 -3.4e+38 -3.4e+38 -3.4e+38 -3.4e+38 -3.4e+38 -3.4e+38 -3.4e+38 -3.4e+38 -3.4e+38 -3.4e+38 -3.4e+38 -3.4e+38 -3.4e+38 -3.4e+38 -3.4e+38 -3.4e+38 -3.4e+38 -3.4e+38 -3.4e+38 -3.4e+38 -3.4e+38 -3.4e+38
10.6999998092651 11.1999998092651 11.8000001907349 12.6000003814697 12.6000003814697 13.5 13.8000001907349 14.6000003814697 17.7999992370605 18.2000007629395 19 18.8999996185303 18.7000007629395 18.7999992370605 19.2000007629395 19.2999992370605 19.1000003814697 18.8999996185303 18.7999992370605 17.7999992370605 17.7000007629395 17.3999996185303 15.6999998092651 16.2999992370605 16.2999992370605 -3.4e+38 -3.4e+38 -3.4e+38 -3.4e+38 -3.4e+38 -3.4e+38 -3.4e+38 -3.4e+38 -3.4e+38 -3.4e+38 -3.4e+38 -3.4e+38 -3.4e+38 -3.4e+38 -3.4e+38 -3.4e+38 -3.4e+38 -3.4e+38 -3.4e+38 -3.4e+38 -3.4e+38 -3.4e+38 -3.4e+38 -3.4e+38 -3.4e+38 -3.4e+38 -3.4e+38 -3.4e+38 -3.4e+38 -3.4e+38
9.30000019073486 10.1000003814697 10.1000003814697 12.1000003814697 12.8000001907349 13.1000003814697 13.1000003814697 15.1000003814697 16.3999996185303 17.1000003814697 17.1000003814697 15.6999998092651 15.8000001907349 17 19 19.1000003814697 18.7000007629395 18.3999996185303 18.3999996185303 18.1000003814697 17.7999992370605 16.7999992370605 15.8999996185303 17 16.2999992370605 17.1000003814697 -3.4e+38 -3.4e+38 -3.4e+38 -3.4e+38 -3.4e+38 -3.4e+38 -3.4e+38 -3.4e+38 -3.4e+38 -3.4e+38 -3.4e+38 -3.4e+38 -3.4e+38 -3.4e+38 -3.4e+38 -3.4e+38 -3.4e+38 -3.4e+38 -3.4e+38 -3.4e+38 -3.4e+38 -3.4e+38 -3.4e+38 -3.4e+38 -3.4e+38 -3.4e+38 -3.4e+38 -3.4e+38 -3.4e+38
10.3000001907349 10.5 10.8999996185303 12.3999996185303 12.1999998092651 12.3000001907349 12.8999996185303 14.3999996185303 15.5 16.2000007629395 16.2000007629395 15.1999998092651 14.6000003814697 16 17 17 18 18.2999992370605 18 17.8999996185303 17.8999996185303 17.5 16.6000003814697 16.2999992370605 15.8000001907349 14.8999996185303 16.3999996185303 14.8000001907349 -3.4e+38 -3.4e+38 -3.4e+38 -3.4e+38 -3.4e+38 -3.4e+38 -3.4e+38 -3.4e+38 -3.4e+38 -3.4e+38 -3.4e+38 -3.4e+38 -3.4e+38 -3.4e+38 -3.4e+38 -3.4e+38 -3.4e+38 -3.4e+38 -3.4e+38 -3.4e+38 -3.4e+38 -3.4e+38 -3.4e+38 -3.4e+38 -3.4e+38 -3.4e+38 -3.4e+38
11.5 11.8000001907349 12.3000001907349 12.1000003814697 12.6000003814697 12.5 13.1999998092651 14.5 15.3999996185303 15.8999996185303 16.1000003814697 15.6999998092651 15.6000003814697 14.8000001907349 14.8999996185303 17.2999992370605 18.1000003814697 18.1000003814697 17.6000003814697 17.2999992370605 17.5 17.2999992370605 17.2000007629395 17 15.8999996185303 15.3999996185303 14.3999996185303 13.3999996185303 13.3999996185303 13.3999996185303 14 13.5 13.5 -3.4e+38 -3.4e+38 -3.4e+38 -3.4e+38 -3.4e+38 -3.4e+38 -3.4e+38 -3.4e+38 -3.4e+38 -3.4e+38 -3.4e+38 -3.4e+38 -3.4e+38 -3.4e+38 -3.4e+38 -3.4e+38 -3.4e+38 -3.4e+38 -3.4e+38 -3.4e+38 -3.4e+38 -3.4e+38
