data/layers/future_layer_mc_126_60/bio9.asc
NCOLS 494 
NROWS 529 
XLLCORNER -117.166666666667 
YLLCORNER -55.5 
CELLSIZE 0.166666666666667 
NODATA_value -3.4e+38 
[rows 384 to 407 of 529, columns 275 to 329 of 494]
18.5 18.1000003814697 14.6000003814697 10 7.40000009536743 6.69999980926514 4.90000009536743 2.40000009536743 2.70000004768372 11.5 12.3000001907349 9.69999980926514 0.200000002980232 5.30000019073486 6.09999990463257 8.39999961853027 9 9.69999980926514 9.69999980926514 6.19999980926514 4.5 9.80000019073486 10.5 10.3999996185303 11.5 13 12 11.8000001907349 11.8000001907349 11.8000001907349 12.1999998092651 12.6999998092651 12.8999996185303 12.8999996185303 12.6999998092651 11.1000003814697 9.19999980926514 8.89999961853027 6.19999980926514 6.09999990463257 9 9.89999961853027 10.8000001907349 11 11 11 11 11 11.1000003814697 11.1000003814697 11.1000003814697 11.1000003814697 11.1999998092651 11.1999998092651 11.1999998092651
19.8999996185303 19.7999992370605 17.5 13.1999998092651 7.09999990463257 6.19999980926514 7.90000009536743 8 2.09999990463257 9.5 11.5 8.89999961853027 0.899999976158142 1.79999995231628 6 8.10000038146973 9.19999980926514 9.30000019073486 9 6.90000009536743 7.90000009536743 10.1000003814697 10.6000003814697 11.3999996185303 11.5 13.8000001907349 12.1999998092651 12.3000001907349 12.5 12.3000001907349 12.1999998092651 12.8999996185303 12.8999996185303 12.8999996185303 12.8000001907349 12.1999998092651 9.39999961853027 9 5.69999980926514 5.30000019073486 8.60000038146973 10.1999998092651 10.6999998092651 10.8999996185303 10.8999996185303 10.8999996185303 10.8000001907349 10.8000001907349 10.8000001907349 10.8000001907349 10.8000001907349 10.8999996185303 10.8999996185303 10.8999996185303 11
20.5 20.5 19.1000003814697 16 10.5 5.30000019073486 5.69999980926514 9.30000019073486 3.09999990463257 10.3000001907349 12.3000001907349 8.19999980926514 1.89999997615814 0.100000001490116 3.59999990463257 6.80000019073486 8.80000019073486 9.39999961853027 9.39999961853027 9.30000019073486 9.39999961853027 10.1999998092651 10.6999998092651 10.8999996185303 11.3000001907349 11.8999996185303 13.1000003814697 13.8999996185303 13.1000003814697 12.6999998092651 12.3999996185303 13 13 12.8999996185303 12.6000003814697 12.3000001907349 11.1999998092651 9.5 6.90000009536743 5.40000009536743 9 10.3999996185303 10.6999998092651 10.8000001907349 10.8000001907349 10.8000001907349 10.6999998092651 10.6000003814697 10.6999998092651 10.6999998092651 10.6999998092651 10.6999998092651 10.8000001907349 10.8000001907349 10.8999996185303
19.6000003814697 19.5 19.5 17 14.8999996185303 7.19999980926514 3.40000009536743 2 9.30000019073486 14.1000003814697 11.8999996185303 8.5 5.59999990463257 3.29999995231628 3.90000009536743 7.30000019073486 9.80000019073486 9.89999961853027 10.1000003814697 9.69999980926514 9.80000019073486 10.1000003814697 10.5 11.6999998092651 11.1000003814697 11.5 12.1999998092651 16.2999992370605 15.1999998092651 12.8999996185303 12.8999996185303 13.1999998092651 13 12.8000001907349 12.5 12.1000003814697 11.6000003814697 10.3000001907349 5.59999990463257 7.40000009536743 9.10000038146973 9.89999961853027 10.3999996185303 10.6000003814697 10.6000003814697 10.6000003814697 10.6000003814697 10.5 10.5 10.5 10.5 10.5 10.6000003814697 10.6999998092651 10.6999998092651
19.6000003814697 18 16.1000003814697 14.6999998092651 12.1000003814697 8.60000038146973 6.30000019073486 0.200000002980232 5.40000009536743 13.3000001907349 7.09999990463257 8.19999980926514 5.5 1.39999997615814 6 8 9.80000019073486 9.5 10 9.69999980926514 9.89999961853027 10.1000003814697 10.6000003814697 11 11.3000001907349 11.1000003814697 12 14.5 14.8000001907349 13.1000003814697 13.1000003814697 13.1999998092651 13.1000003814697 12.8000001907349 12.5 12 11.3999996185303 10.5 5.30000019073486 8.5 9.80000019073486 9.89999961853027 10.3000001907349 10.3000001907349 10.3999996185303 10.3999996185303 10.3999996185303 10.3000001907349 10.3000001907349 10.3000001907349 10.3000001907349 10.3000001907349 10.3999996185303 10.5 10.6000003814697
20.2000007629395 20 19.7999992370605 17.6000003814697 13.3999996185303 7.59999990463257 5.59999990463257 8.80000019073486 6.80000019073486 8.89999961853027 4.09999990463257 8.19999980926514 3.59999990463257 1.29999995231628 6.30000019073486 10.3999996185303 12.8000001907349 9.60000038146973 9.60000038146973 9.69999980926514 9.89999961853027 10.1999998092651 11.1000003814697 11 11.3000001907349 11.1999998092651 11.8000001907349 13 13.6999998092651 13.3000001907349 13.1999998092651 13.1000003814697 13 12.3999996185303 11.8999996185303 11.3000001907349 11 10.3000001907349 5.59999990463257 8.60000038146973 10 10.1999998092651 10.3000001907349 10.3000001907349 10.3000001907349 10.1999998092651 10.1999998092651 10.1999998092651 10.1999998092651 10.1000003814697 10.1000003814697 10.1000003814697 10.1999998092651 10.3000001907349 10.5
21.3999996185303 21.3999996185303 21.1000003814697 19.2999992370605 14.8000001907349 10.1000003814697 5.80000019073486 5.90000009536743 7.90000009536743 4 6.69999980926514 8.39999961853027 3.20000004768372 2.5 6.30000019073486 11 12.1999998092651 9.60000038146973 9.39999961853027 9.5 9.69999980926514 10 10.3999996185303 10.8000001907349 11.3000001907349 11.1999998092651 11.6000003814697 12.6000003814697 13.3000001907349 13.3999996185303 13.3999996185303 13.1000003814697 10.8000001907349 10.1999998092651 10.3999996185303 10.6999998092651 10.8000001907349 10.1999998092651 6.09999990463257 8.10000038146973 9.5 9.69999980926514 9.69999980926514 10 10.1999998092651 10.1000003814697 10.1000003814697 10.1000003814697 10 9.89999961853027 9.89999961853027 9.89999961853027 10 10.1000003814697 10.3000001907349
21 18.2000007629395 20.5 19.6000003814697 16.6000003814697 10 7.19999980926514 1.5 3.5 3 7.59999990463257 8.19999980926514 5.90000009536743 4.80000019073486 7.69999980926514 10.3999996185303 9.39999961853027 9.30000019073486 9.19999980926514 9.30000019073486 9.5 9.69999980926514 10.1999998092651 10.6000003814697 11.3000001907349 11 11.1000003814697 12.3000001907349 13.1000003814697 13.5 13.1000003814697 11.3999996185303 8.30000019073486 9.69999980926514 10 10.3000001907349 10.3999996185303 9.80000019073486 6.59999990463257 8.19999980926514 9.30000019073486 9.5 9.60000038146973 10 10.1000003814697 10.1000003814697 10.1000003814697 10 9.89999961853027 9.80000019073486 9.80000019073486 9.80000019073486 9.80000019073486 9.89999961853027 10.1999998092651
20.2999992370605 19.7999992370605 21.1000003814697 22 21 13.6000003814697 9.30000019073486 4.09999990463257 4.59999990463257 6.19999980926514 10 9.5 6.90000009536743 4 7.5 9.10000038146973 9.10000038146973 9 9 9 9.30000019073486 9.5 9.89999961853027 10.3999996185303 10.8000001907349 11.1000003814697 11.1000003814697 11.6999998092651 12.6000003814697 12.6999998092651 10.5 6.90000009536743 7.69999980926514 8.89999961853027 9.69999980926514 10 9.89999961853027 9.39999961853027 6.90000009536743 8.89999961853027 9.19999980926514 9.5 9.69999980926514 9.89999961853027 10 10 10 9.89999961853027 9.80000019073486 9.80000019073486 9.69999980926514 9.69999980926514 9.69999980926514 9.89999961853027 10
20.7999992370605 20.2000007629395 20.8999996185303 20.7999992370605 19.8999996185303 15.8000001907349 11.5 6.40000009536743 5.40000009536743 7.90000009536743 3.29999995231628 6.5 8.69999980926514 4 7.5 8.69999980926514 8.80000019073486 8.69999980926514 8.69999980926514 8.80000019073486 8.89999961853027 9.19999980926514 9.5 10 10.5 10.8999996185303 10.6999998092651 10.8000001907349 11.6999998092651 12 8.80000019073486 7 8.30000019073486 8.80000019073486 9.60000038146973 9.39999961853027 9.19999980926514 8.5 8.10000038146973 9.39999961853027 9.5 9.60000038146973 9.80000019073486 9.89999961853027 10 9.89999961853027 9.89999961853027 9.80000019073486 9.80000019073486 9.69999980926514 9.69999980926514 9.69999980926514 9.69999980926514 9.80000019073486 10
20.6000003814697 19.5 20.8999996185303 22.5 19 10.1999998092651 5.5 1.70000004768372 3.79999995231628 5.69999980926514 0.699999988079071 5.90000009536743 10.1999998092651 6.19999980926514 7.5 8.10000038146973 8.5 8.39999961853027 8.39999961853027 8.5 8.60000038146973 8.80000019073486 9.10000038146973 9.5 10.6000003814697 10.3999996185303 10.5 10.6000003814697 11.1999998092651 11.1999998092651 8 8.39999961853027 9.30000019073486 9.30000019073486 9.30000019073486 8.39999961853027 8.39999961853027 8.19999980926514 8.60000038146973 9.30000019073486 9.5 9.69999980926514 9.80000019073486 9.80000019073486 9.80000019073486 9.80000019073486 9.80000019073486 9.80000019073486 9.80000019073486 9.69999980926514 9.69999980926514 9.69999980926514 9.69999980926514 9.69999980926514 9.80000019073486
20 19.8999996185303 20.7000007629395 22.7000007629395 21.2999992370605 15 5.30000019073486 5.5 3.70000004768372 3.09999990463257 6.59999990463257 13.3999996185303 10.6999998092651 6.90000009536743 7.40000009536743 7.69999980926514 8 8.19999980926514 8.10000038146973 8.19999980926514 8.30000019073486 8.39999961853027 8.60000038146973 9 9.80000019073486 9.80000019073486 9.69999980926514 10.3000001907349 10.8999996185303 10.6000003814697 9.30000019073486 9 9.60000038146973 9.39999961853027 9.19999980926514 8.30000019073486 8.5 8.60000038146973 8.89999961853027 9.19999980926514 9.39999961853027 9.69999980926514 9.80000019073486 9.69999980926514 9.80000019073486 9.69999980926514 9.69999980926514 9.69999980926514 9.69999980926514 9.60000038146973 9.60000038146973 9.60000038146973 9.60000038146973 9.60000038146973 9.60000038146973
21 22.2999992370605 21.7000007629395 23.2999992370605 23.2999992370605 17.7000007629395 12.5 11 5.90000009536743 -1.10000002384186 5.19999980926514 17.3999996185303 13.3000001907349 7.69999980926514 7.19999980926514 7.19999980926514 6.90000009536743 7.5 7.90000009536743 8 8.10000038146973 8.10000038146973 8.19999980926514 8.60000038146973 9.10000038146973 9.69999980926514 9.39999961853027 10.1000003814697 10.5 10.1999998092651 9.30000019073486 8.89999961853027 9.30000019073486 9.30000019073486 9.19999980926514 9 8.89999961853027 8.89999961853027 9.10000038146973 9.30000019073486 9.5 9.60000038146973 9.69999980926514 9.60000038146973 9.69999980926514 9.69999980926514 9.69999980926514 9.69999980926514 9.60000038146973 9.60000038146973 9.5 9.5 9.5 9.5 9.60000038146973
22.3999996185303 22.5 22.5 23.3999996185303 23.5 19.1000003814697 15.8000001907349 9.10000038146973 5 5.5 3.59999990463257 15.5 12.8999996185303 8.60000038146973 6.69999980926514 6.40000009536743 6.09999990463257 6.80000019073486 7.5 7.80000019073486 7.90000009536743 7.90000009536743 8.10000038146973 8.30000019073486 8.69999980926514 9.10000038146973 9.39999961853027 10.1000003814697 10.3000001907349 9.80000019073486 9.10000038146973 8.80000019073486 9 9.10000038146973 9.10000038146973 9 8.89999961853027 9.10000038146973 9.19999980926514 9.39999961853027 9.5 9.60000038146973 9.69999980926514 9.60000038146973 9.60000038146973 9.69999980926514 9.69999980926514 9.60000038146973 9.60000038146973 9.5 9.5 9.39999961853027 9.39999961853027 9.39999961853027 9.5
23.1000003814697 22.6000003814697 23 23.5 22.2999992370605 17.2999992370605 15.6000003814697 11.1000003814697 2.40000009536743 6.40000009536743 5.19999980926514 10.3000001907349 13.6000003814697 9.10000038146973 6.19999980926514 5.59999990463257 5.90000009536743 6.5 7.19999980926514 7.5 7.69999980926514 7.90000009536743 8 8.30000019073486 8.5 8.80000019073486 9.10000038146973 9.39999961853027 9.60000038146973 9.39999961853027 8.80000019073486 8.5 8.60000038146973 8.80000019073486 8.80000019073486 8.69999980926514 8.80000019073486 9 9.19999980926514 9.30000019073486 9.39999961853027 9.5 9.60000038146973 9.60000038146973 9.60000038146973 9.60000038146973 9.60000038146973 9.60000038146973 9.5 9.39999961853027 9.30000019073486 9.39999961853027 9.30000019073486 9.30000019073486 9.39999961853027
22.5 20.7999992370605 20.1000003814697 23 20.7000007629395 12.3999996185303 12.1999998092651 10.6000003814697 6.19999980926514 9.10000038146973 10.3999996185303 11 14.3999996185303 9.69999980926514 5.90000009536743 5.09999990463257 5.80000019073486 6.59999990463257 7.09999990463257 7.30000019073486 7.5 7.80000019073486 8 8.19999980926514 8.39999961853027 8.69999980926514 8.89999961853027 9.10000038146973 9.19999980926514 8.69999980926514 8.5 8.39999961853027 8.39999961853027 8.5 8.5 8.60000038146973 8.69999980926514 8.89999961853027 9.10000038146973 9.19999980926514 9.39999961853027 9.39999961853027 9.5 9.5 9.5 9.5 9.39999961853027 9.39999961853027 9.30000019073486 9.30000019073486 9.30000019073486 9.30000019073486 9.19999980926514 9.30000019073486 9.30000019073486
22.7000007629395 22.5 20.7999992370605 24.5 21.6000003814697 14.3000001907349 8.30000019073486 11.1000003814697 6.80000019073486 6.19999980926514 5.90000009536743 10.1999998092651 17.6000003814697 7.90000009536743 5.19999980926514 5.09999990463257 5.40000009536743 6.30000019073486 6.90000009536743 7.19999980926514 7.5 7.69999980926514 7.90000009536743 8.10000038146973 8.30000019073486 8.5 8.69999980926514 8.89999961853027 8.60000038146973 8.19999980926514 8.30000019073486 8.39999961853027 8.30000019073486 8.30000019073486 8.5 8.60000038146973 8.69999980926514 8.89999961853027 8.89999961853027 9.10000038146973 9.19999980926514 9.30000019073486 9.30000019073486 9.39999961853027 9.39999961853027 9.39999961853027 9.39999961853027 9.39999961853027 9.30000019073486 9.30000019073486 9.19999980926514 9.19999980926514 9.19999980926514 9.19999980926514 9.19999980926514
22.2999992370605 22.2000007629395 23.7999992370605 24.2000007629395 21.3999996185303 17.7000007629395 12.3000001907349 6.69999980926514 7.40000009536743 7.19999980926514 6.5 13.1000003814697 18.8999996185303 15.1000003814697 5.69999980926514 5.09999990463257 5.69999980926514 6.40000009536743 6.90000009536743 7.19999980926514 7.5 7.69999980926514 7.90000009536743 8.10000038146973 8.19999980926514 8.30000019073486 8.5 8.69999980926514 8.39999961853027 8 8.19999980926514 8.30000019073486 8.19999980926514 8.30000019073486 8.39999961853027 8.60000038146973 8.69999980926514 8.80000019073486 8.89999961853027 9 9.10000038146973 9.19999980926514 9.19999980926514 9.30000019073486 9.30000019073486 9.30000019073486 9.30000019073486 9.19999980926514 9.19999980926514 9.19999980926514 9.19999980926514 9.19999980926514 9.10000038146973 9.19999980926514 9.19999980926514
22.7000007629395 23 23.2999992370605 21.6000003814697 16.6000003814697 14.1999998092651 13.6000003814697 8.19999980926514 9.39999961853027 11.8999996185303 6.80000019073486 14.3000001907349 18.3999996185303 19.2999992370605 9.80000019073486 5 5.90000009536743 6.40000009536743 6.90000009536743 7.19999980926514 7.5 7.69999980926514 7.90000009536743 8 8.19999980926514 8.19999980926514 8.30000019073486 8.5 8 7.5 8.10000038146973 8.19999980926514 8.19999980926514 8.30000019073486 8.39999961853027 8.5 8.60000038146973 8.80000019073486 8.89999961853027 8.89999961853027 9.10000038146973 9.19999980926514 9.19999980926514 9.19999980926514 9.19999980926514 9.19999980926514 9.19999980926514 9.19999980926514 9.10000038146973 9.10000038146973 9.10000038146973 9.10000038146973 9.10000038146973 9.10000038146973 9.19999980926514
21.7999992370605 21.7999992370605 22.2999992370605 18.1000003814697 13.6000003814697 9 7.90000009536743 7.5 6.40000009536743 11.6999998092651 12.8999996185303 16.1000003814697 19.2999992370605 18.2000007629395 7.90000009536743 5 6 6.5 7 7.30000019073486 7.5 7.69999980926514 7.80000019073486 8 8.10000038146973 8.10000038146973 8.19999980926514 8.39999961853027 8.10000038146973 7.69999980926514 8 8 8.10000038146973 8.30000019073486 8.30000019073486 8.39999961853027 8.5 8.69999980926514 8.80000019073486 8.89999961853027 9 9.10000038146973 9.19999980926514 9.19999980926514 9.19999980926514 9.10000038146973 9.10000038146973 9.10000038146973 9.10000038146973 9.10000038146973 9 9 9 9.10000038146973 9.10000038146973
22.5 22.3999996185303 21.2000007629395 19.1000003814697 14.3000001907349 10.8000001907349 6.5 11.1000003814697 7.69999980926514 10.3000001907349 14.8999996185303 17.7000007629395 19.5 20 9.80000019073486 5 5.40000009536743 6.59999990463257 7 7.30000019073486 7.5 7.69999980926514 7.90000009536743 7.90000009536743 8 8.10000038146973 8.19999980926514 8.19999980926514 8.30000019073486 8.10000038146973 7.90000009536743 7.90000009536743 8.10000038146973 8.19999980926514 8.30000019073486 8.39999961853027 8.5 8.60000038146973 8.80000019073486 8.89999961853027 8.89999961853027 9.10000038146973 9.10000038146973 9.19999980926514 9.19999980926514 9.10000038146973 9.10000038146973 9 9 9 8.89999961853027 8.89999961853027 9 9 9.10000038146973
22.3999996185303 22.2000007629395 20.5 16.1000003814697 14 11.1999998092651 8.5 7.59999990463257 11.6000003814697 15.5 17 19.1000003814697 19.7000007629395 19.7999992370605 14.3000001907349 5.5 5 5.59999990463257 7.09999990463257 7.40000009536743 7.69999980926514 7.90000009536743 8 8 8.10000038146973 8.10000038146973 8.10000038146973 8.10000038146973 8.10000038146973 8.10000038146973 7.90000009536743 7.90000009536743 8 8.10000038146973 8.19999980926514 8.19999980926514 8.39999961853027 8.5 8.60000038146973 8.69999980926514 8.89999961853027 9 9.10000038146973 9.10000038146973 9.10000038146973 9.10000038146973 9 9 8.89999961853027 8.89999961853027 8.89999961853027 8.89999961853027 8.89999961853027 8.89999961853027 8.89999961853027
22 21.2000007629395 18.2999992370605 17.1000003814697 13.8999996185303 12.1000003814697 12.1000003814697 9.60000038146973 11.8999996185303 17.2000007629395 19.6000003814697 20.6000003814697 20.3999996185303 20.1000003814697 19.7000007629395 6.30000019073486 4.5 4.90000009536743 7 7.59999990463257 7.90000009536743 8 8 8.10000038146973 8.10000038146973 8 8.10000038146973 8.10000038146973 8.10000038146973 8 7.90000009536743 7.80000019073486 7.90000009536743 8 8.19999980926514 8.19999980926514 8.39999961853027 8.5 8.60000038146973 8.69999980926514 8.80000019073486 8.89999961853027 9 9 9 9 9 8.89999961853027 8.89999961853027 8.89999961853027 8.80000019073486 8.80000019073486 8.89999961853027 8.89999961853027 8.89999961853027
21.6000003814697 20.2000007629395 17.1000003814697 14.6000003814697 11 12.1000003814697 12 10.6000003814697 11.3999996185303 17.6000003814697 20.2000007629395 20.3999996185303 20.8999996185303 20.3999996185303 18.7999992370605 7 4.40000009536743 4.69999980926514 6.5 7.40000009536743 7.69999980926514 8 8 8 8 8.10000038146973 8 8 8 7.90000009536743 7.90000009536743 7.80000019073486 7.90000009536743 8 8.10000038146973 8.19999980926514 8.19999980926514 8.30000019073486 8.39999961853027 8.60000038146973 8.69999980926514 8.80000019073486 8.89999961853027 9 9 8.89999961853027 9 8.89999961853027 8.89999961853027 8.89999961853027 8.80000019073486 8.80000019073486 8.89999961853027 8.89999961853027 9
