data/layers/future_layer_mc_126_60/bio9.asc
NCOLS 494 
NROWS 529 
XLLCORNER -117.166666666667 
YLLCORNER -55.5 
CELLSIZE 0.166666666666667 
NODATA_value -3.4e+38 
[rows 288 to 311 of 529, columns 275 to 329 of 494]
2.09999990463257 0.800000011920929 0.300000011920929 0.600000023841858 1.70000004768372 6.09999990463257 7.5 8.60000038146973 8.39999961853027 8.80000019073486 8.69999980926514 7.59999990463257 6.80000019073486 7.19999980926514 9 10.6999998092651 16.5 18.3999996185303 21 22.2000007629395 21.8999996185303 22.1000003814697 23.1000003814697 22.7999992370605 22.2999992370605 22 23.3999996185303 24.1000003814697 23.8999996185303 24.1000003814697 24.1000003814697 24 24 24.1000003814697 24.1000003814697 24.1000003814697 24.1000003814697 24.2000007629395 24.2999992370605 24.3999996185303 24.5 24.6000003814697 24.7000007629395 24.7999992370605 24.7999992370605 24.8999996185303 25 25.1000003814697 25.2000007629395 25.1000003814697 24.8999996185303 24.7000007629395 24.5 24.6000003814697 24.7999992370605
1.29999995231628 1.70000004768372 2 2.20000004768372 2.90000009536743 5.19999980926514 8.19999980926514 8.80000019073486 8.80000019073486 9 9.10000038146973 9.10000038146973 7.90000009536743 7.5 13.6000003814697 17.3999996185303 9.89999961853027 14.6999998092651 19.3999996185303 21.2000007629395 22.1000003814697 22 21.1000003814697 22.7000007629395 22.8999996185303 21.5 21.3999996185303 23.2000007629395 23.7999992370605 23.7000007629395 23.8999996185303 23.8999996185303 24 24.1000003814697 24.1000003814697 24.1000003814697 24.1000003814697 24.1000003814697 24.2000007629395 24.2999992370605 24.2999992370605 24.3999996185303 24.5 24.6000003814697 24.7000007629395 24.7000007629395 24.7999992370605 24.8999996185303 25.2000007629395 26.3999996185303 26.3999996185303 24.7000007629395 24.2999992370605 24.2000007629395 24.3999996185303
1.5 1.29999995231628 1.89999997615814 3.59999990463257 4.5 5.69999980926514 7.90000009536743 8.30000019073486 8.89999961853027 9 9.30000019073486 9.30000019073486 9.10000038146973 7.90000009536743 6 13 6.09999990463257 9.19999980926514 12 20.1000003814697 21 21.6000003814697 21.2999992370605 20.3999996185303 21.3999996185303 22.3999996185303 21.2999992370605 21.6000003814697 23.1000003814697 23.6000003814697 23.7000007629395 23.8999996185303 24 24.1000003814697 24 24 24.1000003814697 24.1000003814697 24.2000007629395 24.2000007629395 24.2000007629395 24.2000007629395 24.2999992370605 24.3999996185303 24.5 24.6000003814697 24.6000003814697 24.7999992370605 26.2000007629395 26.8999996185303 26.6000003814697 24.7999992370605 23.7000007629395 23.6000003814697 23.8999996185303
2.5 1.29999995231628 1.10000002384186 3.20000004768372 4.59999990463257 3.40000009536743 5.19999980926514 6.80000019073486 7.90000009536743 8.89999961853027 9.30000019073486 9.39999961853027 9.39999961853027 9.10000038146973 7.5 6.19999980926514 3.5 0.899999976158142 7.09999990463257 16.7000007629395 19.7000007629395 20 20.8999996185303 19.5 20.6000003814697 20.1000003814697 21.6000003814697 21.1000003814697 21.8999996185303 23.3999996185303 23.6000003814697 23.8999996185303 23.8999996185303 23.8999996185303 23.8999996185303 23.8999996185303 24 24 24.1000003814697 24.1000003814697 24.1000003814697 24.2000007629395 24.2000007629395 24.2000007629395 24.2000007629395 24.2999992370605 24.3999996185303 24.3999996185303 26 26.2000007629395 26 25.2000007629395 23.8999996185303 23.5 23.6000003814697
3.29999995231628 3.09999990463257 1.60000002384186 2.90000009536743 4.40000009536743 3.70000004768372 2.59999990463257 6.59999990463257 7.90000009536743 7.90000009536743 9.10000038146973 9.39999961853027 9.60000038146973 8.89999961853027 8.10000038146973 5.90000009536743 5.30000019073486 2.5 3 11.3000001907349 17.1000003814697 19.1000003814697 18.7999992370605 18.6000003814697 19 20.1000003814697 20.6000003814697 20.5 20.2999992370605 22 23.3999996185303 23.7999992370605 23.7999992370605 25.2999992370605 25.6000003814697 24.7000007629395 23.8999996185303 24 24 24 24.1000003814697 24.1000003814697 24 24 24.1000003814697 24.1000003814697 24.1000003814697 24.2999992370605 25.1000003814697 25.5 24.6000003814697 23 22.7999992370605 23.1000003814697 23
2.70000004768372 2.29999995231628 2 4.90000009536743 2.20000004768372 2.59999990463257 3 5.69999980926514 7.09999990463257 7.80000019073486 7.80000019073486 7.80000019073486 8.89999961853027 8.19999980926514 7.69999980926514 6.59999990463257 5.90000009536743 4.90000009536743 2.79999995231628 4.40000009536743 12.5 17.3999996185303 17.8999996185303 17.6000003814697 18.2000007629395 18.5 18.7999992370605 19.3999996185303 19.7999992370605 20 21.7000007629395 23.2999992370605 24.3999996185303 25.5 25.5 25.6000003814697 25.3999996185303 24.7999992370605 24.2000007629395 23.8999996185303 23.8999996185303 23.8999996185303 23.8999996185303 23.8999996185303 23.8999996185303 23.8999996185303 23.8999996185303 23.8999996185303 25.3999996185303 25.3999996185303 24.7000007629395 22.6000003814697 22.2000007629395 22.7000007629395 22.7000007629395
2.70000004768372 1.79999995231628 3.20000004768372 7.19999980926514 2.09999990463257 3 3.20000004768372 4.30000019073486 4.80000019073486 5.59999990463257 6.90000009536743 6.19999980926514 7.19999980926514 6.80000019073486 7.19999980926514 6.40000009536743 6 5.69999980926514 5.09999990463257 4.59999990463257 4.80000019073486 13.1999998092651 17.5 17.2999992370605 17.7000007629395 14.8000001907349 15.3999996185303 18.1000003814697 18.6000003814697 18.3999996185303 19.5 22 24.2999992370605 25.3999996185303 25.5 25.6000003814697 25.6000003814697 25.6000003814697 25.5 24.6000003814697 23.7999992370605 23.7000007629395 23.6000003814697 23.6000003814697 23.6000003814697 23.7000007629395 24.2999992370605 24.7000007629395 25.1000003814697 25.2000007629395 25.1000003814697 24.2999992370605 23.2000007629395 22.8999996185303 22.7999992370605
8.69999980926514 6.40000009536743 4.59999990463257 8.80000019073486 3.29999995231628 3.40000009536743 2.20000004768372 2.40000009536743 3.5 5.90000009536743 5.80000019073486 6.19999980926514 7.09999990463257 6.80000019073486 6.30000019073486 5.80000019073486 5.69999980926514 5.69999980926514 6.30000019073486 9.5 7.30000019073486 6 13.1999998092651 16.7999992370605 17.1000003814697 14 10.6999998092651 15.8999996185303 15.1999998092651 16.8999996185303 17.1000003814697 18.8999996185303 22.1000003814697 25.1000003814697 25.3999996185303 25.5 25.5 25.5 25.3999996185303 25.1000003814697 23.7999992370605 23.6000003814697 23.6000003814697 23.3999996185303 23.2999992370605 23.2999992370605 24 24.7999992370605 24.8999996185303 24.7999992370605 24.7999992370605 24.8999996185303 25 24 22.7000007629395
14.8999996185303 16.2999992370605 15.6000003814697 12.3000001907349 2.59999990463257 2.59999990463257 2.40000009536743 2.09999990463257 3.20000004768372 6.30000019073486 4.90000009536743 5.09999990463257 6.80000019073486 6.90000009536743 6.80000019073486 5.59999990463257 5.19999980926514 6.09999990463257 6.59999990463257 7.90000009536743 11.1000003814697 12.1000003814697 12.1000003814697 9.30000019073486 13.8000001907349 13.3000001907349 10.3000001907349 14.6000003814697 9.39999961853027 11.3000001907349 16.5 16.2000007629395 19 23.2000007629395 25.2000007629395 25.3999996185303 25.3999996185303 25.3999996185303 25.3999996185303 25.3999996185303 24.8999996185303 23.7000007629395 24 23.5 23.1000003814697 23.1000003814697 23.7000007629395 24.7999992370605 24.7000007629395 24.6000003814697 24.6000003814697 24.7000007629395 24.8999996185303 25.1000003814697 24.1000003814697
18.1000003814697 15.6000003814697 13.6999998092651 6.90000009536743 2.59999990463257 1.89999997615814 2.40000009536743 1.89999997615814 2.70000004768372 5 3.20000004768372 5.80000019073486 7 7.09999990463257 7.09999990463257 7.19999980926514 6.40000009536743 6.09999990463257 6.69999980926514 7.09999990463257 8.89999961853027 13.3999996185303 9 2.20000004768372 8.5 13.1000003814697 13.3000001907349 12.3000001907349 5.19999980926514 6.30000019073486 12 12.5 17.2999992370605 19.8999996185303 23.3999996185303 25 25.2999992370605 25.2999992370605 25.2999992370605 25.2000007629395 25.1000003814697 24.8999996185303 24.7999992370605 23.8999996185303 23 22.7999992370605 23.2999992370605 24.2000007629395 24.5 24.3999996185303 24.5 24.7000007629395 24.8999996185303 25.1000003814697 25.2999992370605
18.5 17.6000003814697 16.2000007629395 10.6999998092651 4.19999980926514 1.70000004768372 2.59999990463257 1.79999995231628 2.20000004768372 2.90000009536743 4.09999990463257 4.40000009536743 6.80000019073486 7.30000019073486 7.30000019073486 7.59999990463257 7 5.80000019073486 6 7.19999980926514 6.90000009536743 8.10000038146973 9.39999961853027 5 4.5 10.8999996185303 12.6000003814697 13 8.39999961853027 5.30000019073486 5.19999980926514 10.6999998092651 14.8000001907349 18.1000003814697 19.6000003814697 23 24.2000007629395 24.7999992370605 25 25.1000003814697 25 24.7999992370605 24.7000007629395 24.5 23.5 24 24 24.2000007629395 24.3999996185303 24.3999996185303 24.2999992370605 24.5 24.7000007629395 25.1000003814697 25.2000007629395
20.1000003814697 20.1000003814697 18.8999996185303 14.3999996185303 9.39999961853027 7.80000019073486 7.69999980926514 4.19999980926514 2.20000004768372 3.59999990463257 4.69999980926514 3.5 5.90000009536743 6.30000019073486 7.40000009536743 7.90000009536743 7.90000009536743 6.90000009536743 5.69999980926514 6.80000019073486 6.30000019073486 4.90000009536743 5.90000009536743 5.69999980926514 4.69999980926514 5.5 10.6000003814697 10.5 9.30000019073486 4.90000009536743 7.09999990463257 6.40000009536743 10 10.5 13 18.6000003814697 19.7000007629395 21.7000007629395 23.5 24.1000003814697 24.5 24.6000003814697 24.5 24.2999992370605 24.2000007629395 24.1000003814697 24.2000007629395 24.2999992370605 24.2999992370605 24.2999992370605 24.2999992370605 24.3999996185303 24.7000007629395 24.8999996185303 25.1000003814697
19.8999996185303 20.5 20.1000003814697 19.1000003814697 17.6000003814697 15 12.6000003814697 8.69999980926514 1.70000004768372 1 4.30000019073486 4.90000009536743 5.59999990463257 5.69999980926514 6.90000009536743 7.5 7.80000019073486 7.40000009536743 6.80000019073486 6.5 6 5.40000009536743 5.59999990463257 5.19999980926514 4.90000009536743 5.09999990463257 7.19999980926514 8.10000038146973 7.90000009536743 10.8000001907349 14.3999996185303 13.1000003814697 9.60000038146973 9.30000019073486 8.10000038146973 10.6999998092651 16 18.7000007629395 19.5 21.2999992370605 22.5 23.2000007629395 23.6000003814697 24 23.7999992370605 23.8999996185303 24 24.2000007629395 24.2000007629395 24.2000007629395 24.2999992370605 24.3999996185303 24.7000007629395 24.8999996185303 25
21.5 20.2000007629395 20.8999996185303 20.7999992370605 19.7000007629395 18 13.6999998092651 9.89999961853027 3.20000004768372 0.899999976158142 4.40000009536743 5.59999990463257 5.5 5.5 5.80000019073486 6.09999990463257 6.69999980926514 6.90000009536743 6.5 6.09999990463257 5.80000019073486 5.5 5.69999980926514 5.5 5.80000019073486 5.40000009536743 4.40000009536743 6 9.60000038146973 12.6999998092651 14.1999998092651 13 13.8999996185303 11.8000001907349 8.5 11 11.5 12.1999998092651 13.6000003814697 15.1000003814697 20 19.8999996185303 21.1000003814697 22.3999996185303 23.1000003814697 23.5 23.7999992370605 24 24.1000003814697 23.7000007629395 24.3999996185303 24.3999996185303 24.7000007629395 24.7999992370605 24.8999996185303
-3.4e+38 20.7999992370605 21.8999996185303 20.3999996185303 20.7000007629395 20.2000007629395 17.7000007629395 14.6999998092651 6.69999980926514 2.70000004768372 2.09999990463257 3.20000004768372 4.09999990463257 3.20000004768372 4.59999990463257 5.19999980926514 5.5 6.09999990463257 5.59999990463257 5.19999980926514 5.59999990463257 5.69999980926514 5.69999980926514 6 6.30000019073486 6.59999990463257 5.09999990463257 5.40000009536743 7.09999990463257 10.3999996185303 13.6000003814697 12.5 12.3999996185303 10.1000003814697 9.39999961853027 13.1000003814697 14.3999996185303 13.5 14.1000003814697 14.3000001907349 16.6000003814697 16.2999992370605 17.8999996185303 20.3999996185303 21.2999992370605 21.8999996185303 23 23.7000007629395 24.1000003814697 24.2999992370605 24.3999996185303 24.3999996185303 24.6000003814697 24.7000007629395 24.8999996185303
-3.4e+38 -3.4e+38 -3.4e+38 23 23.1000003814697 21 19.7999992370605 17.3999996185303 9.39999961853027 3.70000004768372 4.30000019073486 1.70000004768372 2.59999990463257 2 1.60000002384186 4.40000009536743 4.5 4.59999990463257 4.69999980926514 4.59999990463257 4.59999990463257 5.40000009536743 5.69999980926514 5.90000009536743 6.30000019073486 6.69999980926514 5.69999980926514 5.09999990463257 6.69999980926514 8.30000019073486 10.1999998092651 13.1000003814697 14.5 12.8000001907349 12.8999996185303 14.8999996185303 15.5 15.3999996185303 15.8000001907349 15.6999998092651 16 16 17.2999992370605 19.3999996185303 19.3999996185303 21.1000003814697 21.5 23.2000007629395 23.7999992370605 24.2000007629395 24.3999996185303 24.3999996185303 24.6000003814697 24.7000007629395 24.7999992370605
-3.4e+38 -3.4e+38 -3.4e+38 -3.4e+38 24 23.1000003814697 21.3999996185303 18.5 12.1999998092651 5.19999980926514 3.90000009536743 0.100000001490116 0.899999976158142 -0.800000011920929 1.10000002384186 4 4.40000009536743 2.40000009536743 3.5 4.59999990463257 4.69999980926514 3.70000004768372 5.5 5.90000009536743 6.30000019073486 6.69999980926514 4.5 3.59999990463257 6.40000009536743 7.40000009536743 8.10000038146973 11.1999998092651 11.6999998092651 15.1999998092651 14.8999996185303 15.1000003814697 15.3000001907349 16.1000003814697 17 17.6000003814697 18 17.7999992370605 19.1000003814697 19.5 18.7999992370605 20 21.2999992370605 23.1000003814697 23.3999996185303 24.2000007629395 24.2999992370605 24.2999992370605 24.3999996185303 24.5 24.7000007629395
-3.4e+38 -3.4e+38 -3.4e+38 -3.4e+38 -3.4e+38 -3.4e+38 22.2000007629395 18.8999996185303 15 10 6.80000019073486 0.400000005960464 0.200000002980232 -0.100000001490116 2.79999995231628 4 3.5 3.40000009536743 4.59999990463257 5 4.80000019073486 4.59999990463257 5.19999980926514 5.69999980926514 5.90000009536743 6.19999980926514 5.5 3.5 6 8.5 6.59999990463257 10.6999998092651 13.1000003814697 14 15.3999996185303 14.6999998092651 15 15.3000001907349 16.6000003814697 16.3999996185303 16.2999992370605 17.7000007629395 16.6000003814697 19 19.5 20 21.2999992370605 22.7999992370605 23.5 24 24.1000003814697 24.1000003814697 24.2999992370605 24.5 24.7000007629395
-3.4e+38 -3.4e+38 -3.4e+38 -3.4e+38 -3.4e+38 -3.4e+38 22.8999996185303 18.2999992370605 16.2999992370605 11.6000003814697 8.60000038146973 2.09999990463257 2.59999990463257 -1.5 3.20000004768372 4.40000009536743 4.80000019073486 4.90000009536743 5 4.90000009536743 4.80000019073486 4.90000009536743 5.09999990463257 5.40000009536743 5.59999990463257 5.80000019073486 4.69999980926514 3.29999995231628 5.59999990463257 7.19999980926514 8 9.19999980926514 12.6999998092651 14.6000003814697 15.6999998092651 15.6999998092651 15.8999996185303 15.6999998092651 16.8999996185303 16.5 16.1000003814697 17.2000007629395 16.7000007629395 17.5 16.6000003814697 19.2999992370605 20.8999996185303 22.7999992370605 23.3999996185303 23.8999996185303 23.8999996185303 24 24.2000007629395 24.3999996185303 24.5
-3.4e+38 -3.4e+38 -3.4e+38 -3.4e+38 -3.4e+38 -3.4e+38 22.6000003814697 19.7999992370605 16 12.1999998092651 8.89999961853027 4.09999990463257 2 3 6.30000019073486 5.19999980926514 4.69999980926514 4.80000019073486 4.69999980926514 4.69999980926514 4.80000019073486 4.80000019073486 4.90000009536743 5.09999990463257 5.40000009536743 5.5 5.09999990463257 3.70000004768372 4.59999990463257 6.80000019073486 9 8.30000019073486 9.60000038146973 13.1000003814697 14.8000001907349 14.6000003814697 16.7999992370605 16.8999996185303 17 18.2000007629395 18.1000003814697 18.2999992370605 18.7000007629395 15.6000003814697 15.8999996185303 19.2999992370605 21.6000003814697 23 23.5 23.7999992370605 23.7999992370605 24 24.1000003814697 24.2999992370605 24.3999996185303
-3.4e+38 -3.4e+38 -3.4e+38 -3.4e+38 -3.4e+38 -3.4e+38 22 19.2999992370605 15.8999996185303 13.8000001907349 9.39999961853027 5 3.09999990463257 2.29999995231628 2 2.79999995231628 4.09999990463257 4.40000009536743 4.19999980926514 4.59999990463257 4.59999990463257 4.69999980926514 4.59999990463257 5 5.19999980926514 5.40000009536743 5.69999980926514 5.40000009536743 4.09999990463257 5.90000009536743 8.19999980926514 8.69999980926514 7.5 9.69999980926514 11.3000001907349 13.8999996185303 15.5 16.7999992370605 14.8999996185303 16.2000007629395 17.3999996185303 18 18.2000007629395 16 18.2999992370605 21 22.7999992370605 23 23.7000007629395 23.7999992370605 23.7999992370605 23.8999996185303 24.1000003814697 24.2999992370605 24.3999996185303
-3.4e+38 -3.4e+38 -3.4e+38 -3.4e+38 -3.4e+38 -3.4e+38 21 18.6000003814697 16 14.8000001907349 12.1000003814697 7.5 4.59999990463257 1.89999997615814 0.699999988079071 1 3.20000004768372 4.30000019073486 4.09999990463257 4.59999990463257 4.69999980926514 4.59999990463257 4.40000009536743 4.69999980926514 4.90000009536743 5.5 6 4.90000009536743 3.70000004768372 3 4.90000009536743 8.19999980926514 5.40000009536743 8.19999980926514 10.3999996185303 12.6999998092651 15.1999998092651 16 14.6000003814697 15.8000001907349 16 15.5 18.6000003814697 18.2999992370605 19.6000003814697 22.2000007629395 22.8999996185303 23.2999992370605 23.7999992370605 23.7999992370605 23.8999996185303 24 24.1000003814697 24.2000007629395 24.3999996185303
-3.4e+38 -3.4e+38 -3.4e+38 -3.4e+38 -3.4e+38 -3.4e+38 -3.4e+38 19.6000003814697 16.6000003814697 15.1000003814697 11.6999998092651 6.5 5.09999990463257 1.79999995231628 2.5 1.5 3.29999995231628 3.70000004768372 5.69999980926514 5.80000019073486 5.80000019073486 4.59999990463257 4.59999990463257 4.69999980926514 4.90000009536743 5.5 6 5.5 3.70000004768372 3.40000009536743 4.09999990463257 6.09999990463257 8.10000038146973 7.69999980926514 11.5 13.1000003814697 14.8999996185303 14.6000003814697 13.5 14.8999996185303 16.1000003814697 15.3000001907349 16.5 19 20.3999996185303 22.2000007629395 22.7000007629395 22.7999992370605 23.3999996185303 23.7000007629395 23.8999996185303 24.1000003814697 24.2000007629395 24.2000007629395 24.2999992370605
-3.4e+38 -3.4e+38 -3.4e+38 -3.4e+38 -3.4e+38 -3.4e+38 -3.4e+38 19.7000007629395 17.2000007629395 15.8999996185303 13 9.5 5.90000009536743 3.59999990463257 3.59999990463257 3.79999995231628 4.80000019073486 6 5.69999980926514 5.90000009536743 4.80000019073486 4.5 4.59999990463257 4.69999980926514 5 5.40000009536743 5.80000019073486 5.69999980926514 2.5 3.5 4.90000009536743 5.90000009536743 5.90000009536743 10 10 12.8999996185303 14.6999998092651 14.1000003814697 13.3999996185303 12.8999996185303 14.6999998092651 15.6000003814697 16 18.7000007629395 19.7000007629395 20.8999996185303 21.7000007629395 21.7000007629395 23.1000003814697 23.6000003814697 23.7999992370605 24 24.2000007629395 24.2000007629395 24.2000007629395
