data/layers/future_layer_can_126_60/bio14.asc
NCOLS 494 
NROWS 529 
XLLCORNER -117.166666666667 
YLLCORNER -55.5 
CELLSIZE 0.166666666666667 
NODATA_value -3.4e+38 
[rows 338 to 363 of 529, columns 348 to 405 of 494]
21.7000007629395 21.6000003814697 20.5 19.1000003814697 17.2000007629395 16.7000007629395 18.1000003814697 20.8999996185303 23.2999992370605 25.6000003814697 28.5 30.8999996185303 32.7000007629395 35 37.7000007629395 40.5999984741211 43.5 47.0999984741211 48.9000015258789 52.2999992370605 54.0999984741211 54.5 55.5999984741211 55.5 54.7999992370605 52.4000015258789 51.0999984741211 49.2000007629395 48.0999984741211 46.4000015258789 46.5 46.7999992370605 46.4000015258789 47.2999992370605 50.4000015258789 51.9000015258789 51.2999992370605 49.5999984741211 49.2999992370605 50.2999992370605 50.9000015258789 49.0999984741211 48.4000015258789 47.7000007629395 49.2999992370605 50.4000015258789 51.7000007629395 53.5999984741211 53.2000007629395 50.7999992370605 51.4000015258789 52.5999984741211 52.2000007629395 50.0999984741211 47.0999984741211 40.7999992370605 36.9000015258789 37.7999992370605
19.3999996185303 19.2999992370605 18.8999996185303 17.8999996185303 16.7999992370605 17 17.7000007629395 19.6000003814697 22.1000003814697 24 26.1000003814697 28 30.2000007629395 32.0999984741211 35.2999992370605 39.0999984741211 42.7999992370605 46.5999984741211 49.5999984741211 52.5 54.5999984741211 56.2000007629395 57.0999984741211 57.7999992370605 56.9000015258789 54.5999984741211 52.4000015258789 50.4000015258789 48 48.0999984741211 48.7999992370605 46.9000015258789 45.9000015258789 45.5999984741211 49.5 52.2999992370605 56.5 56.5999984741211 54.4000015258789 56.5999984741211 57.2999992370605 53.9000015258789 54 53.2999992370605 53.2999992370605 54.0999984741211 56.2000007629395 57.7999992370605 57.5999984741211 54.9000015258789 53.5999984741211 53.5999984741211 50.9000015258789 48.4000015258789 45.4000015258789 40.9000015258789 38.7999992370605 38.2000007629395
17.2999992370605 17.2000007629395 16.7000007629395 15.8000001907349 15.8000001907349 16.7000007629395 18 19.2999992370605 21.2000007629395 22.6000003814697 24.7000007629395 25.7000007629395 27.7999992370605 30.1000003814697 33.2999992370605 37.0999984741211 41.9000015258789 46.2999992370605 50.2999992370605 53.2000007629395 56.5 57.7000007629395 59 59.9000015258789 59.2999992370605 57.2000007629395 55.7999992370605 53.4000015258789 50.7999992370605 52.9000015258789 52.2999992370605 50.7000007629395 48.2999992370605 47.5999984741211 50.5 53.7999992370605 58 59.9000015258789 60.2000007629395 61.5999984741211 62.7999992370605 60.0999984741211 57.9000015258789 56.7999992370605 58.2999992370605 57.2999992370605 57.7000007629395 57.5999984741211 60.4000015258789 59.7000007629395 56.2999992370605 53.5 51.2999992370605 49.4000015258789 46.5999984741211 43.2999992370605 42.0999984741211 39.2999992370605
15.8000001907349 15.6000003814697 15.3999996185303 15 15.1000003814697 16.2000007629395 17.3999996185303 18.7999992370605 20.3999996185303 22.2999992370605 23.7000007629395 24.8999996185303 25.6000003814697 28.2999992370605 32.0999984741211 36.9000015258789 42 46.7999992370605 51.4000015258789 54.7999992370605 58.0999984741211 60.4000015258789 62.5999984741211 64 63.0999984741211 62.0999984741211 61.4000015258789 59.0999984741211 57 57.5 56.9000015258789 55 53.7000007629395 54.5999984741211 55.2999992370605 56.4000015258789 57.7999992370605 59.0999984741211 61.4000015258789 65.4000015258789 64.6999969482422 59.2000007629395 56.2999992370605 59.5 62.9000015258789 62.4000015258789 60.2000007629395 59.5999984741211 60.0999984741211 62 59.2000007629395 55.7000007629395 53.5999984741211 52.7000007629395 50.4000015258789 48.2999992370605 47.5 45.2999992370605
14.3999996185303 14.1000003814697 13.5 14.5 14.8000001907349 15.3000001907349 16.7000007629395 18.5 20.6000003814697 22.3999996185303 23.6000003814697 24.7999992370605 25 27.1000003814697 31.7000007629395 37.2999992370605 42.7999992370605 47.5999984741211 52.5 57.0999984741211 61.4000015258789 63.2999992370605 64.8000030517578 66.4000015258789 66.8000030517578 66.5999984741211 66.9000015258789 65.3000030517578 63.0999984741211 62.5999984741211 62.7999992370605 59.9000015258789 57 59.2000007629395 60.2999992370605 60.0999984741211 60.9000015258789 61.4000015258789 60.9000015258789 63.2000007629395 65 57.0999984741211 57.7999992370605 63 66.4000015258789 65.1999969482422 60.7999992370605 64.0999984741211 61.2999992370605 62.9000015258789 61.7000007629395 56.7999992370605 53.7999992370605 53.7000007629395 54.5 55.4000015258789 54.5999984741211 51.4000015258789
13.1999998092651 12.6000003814697 12.8999996185303 13.8000001907349 14.8000001907349 15.3000001907349 16.1000003814697 18.3999996185303 21.6000003814697 23.8999996185303 25.5 26.1000003814697 26.7999992370605 29.1000003814697 33.0999984741211 38.5999984741211 43.9000015258789 49.0999984741211 54.0999984741211 58.5999984741211 63.7000007629395 65.3000030517578 66.8000030517578 68.3000030517578 69.5999984741211 70.5999984741211 73.3000030517578 71.3000030517578 66.8000030517578 65.3000030517578 66.3000030517578 61.0999984741211 56.7999992370605 58.5 61.0999984741211 62.9000015258789 62.7999992370605 62.5999984741211 60.7999992370605 62.7999992370605 61.9000015258789 65.3000030517578 62.7000007629395 65.8000030517578 67.3000030517578 66.9000015258789 62.5999984741211 64 64.5999984741211 63.9000015258789 61.7000007629395 59.9000015258789 55.7999992370605 58.4000015258789 61.0999984741211 59.7000007629395 57.0999984741211 55.9000015258789
12.8999996185303 12.1000003814697 12.8000001907349 14.1000003814697 15.1999998092651 15.8000001907349 16.6000003814697 20.2999992370605 25.2999992370605 28.3999996185303 29.7000007629395 30.1000003814697 30.6000003814697 32.5 36.0999984741211 40.4000015258789 45.7000007629395 51.0999984741211 55.4000015258789 60 63.5999984741211 66.9000015258789 69.3000030517578 70.9000015258789 71.8000030517578 73.8000030517578 75.3000030517578 72.8000030517578 66.8000030517578 65.4000015258789 64.5999984741211 59.7000007629395 55 58.7999992370605 64 66.8000030517578 65.5999984741211 63.0999984741211 62.7999992370605 63.7000007629395 61.4000015258789 63.2999992370605 68 69.4000015258789 68 67.8000030517578 67 65.8000030517578 64.1999969482422 63.5 61.7999992370605 59.5 58 61.2999992370605 65.9000015258789 65.0999984741211 62.2999992370605 59.2000007629395
13 12.8000001907349 13.3000001907349 16 16.2000007629395 16.2999992370605 20.2999992370605 29.3999996185303 33.4000015258789 35.4000015258789 35.5999984741211 35.2000007629395 34.9000015258789 36.2000007629395 39.0999984741211 43.5999984741211 47.7999992370605 52.2999992370605 56.4000015258789 60.4000015258789 64.5999984741211 67.3000030517578 69.9000015258789 72.9000015258789 74.4000015258789 76.3000030517578 76.9000015258789 74.0999984741211 68.5999984741211 67.3000030517578 66.4000015258789 63.2999992370605 63.0999984741211 66.3000030517578 69.5999984741211 70.9000015258789 68.8000030517578 66.0999984741211 64.9000015258789 66.1999969482422 68.3000030517578 70.0999984741211 70.9000015258789 71.6999969482422 72.0999984741211 71.5 69.9000015258789 65.5 63.0999984741211 62.9000015258789 62.2999992370605 60.5 59.7999992370605 60.4000015258789 66.4000015258789 66.8000030517578 64.9000015258789 58.5999984741211
13.1000003814697 13.3000001907349 14.6999998092651 16.3999996185303 16.7999992370605 17.1000003814697 24.5 34.4000015258789 36.4000015258789 38.4000015258789 41.7999992370605 38.9000015258789 37.9000015258789 39.4000015258789 42.4000015258789 46.7999992370605 50.2999992370605 55.0999984741211 59.2999992370605 62.2999992370605 65.9000015258789 68.6999969482422 69.5 72.8000030517578 75.8000030517578 78.5 79.9000015258789 78.1999969482422 76 75.0999984741211 70.5999984741211 69 73.5999984741211 76.5 76.5999984741211 76.1999969482422 72.9000015258789 69.8000030517578 69.5 68.4000015258789 69.9000015258789 73.0999984741211 75.1999969482422 75.4000015258789 75.9000015258789 76.1999969482422 74.5999984741211 72.3000030517578 67 63.0999984741211 61.5 59.7000007629395 60 61.7000007629395 63.7000007629395 68.5 65.5999984741211 60.2999992370605
14.3000001907349 14.8999996185303 16 17.6000003814697 19 21.5 28.6000003814697 32.7000007629395 33.7999992370605 36.7999992370605 40.5 41.2999992370605 39.5999984741211 41.2999992370605 46 50.7000007629395 54.7000007629395 58.5999984741211 61.7999992370605 63.9000015258789 67.0999984741211 69.9000015258789 72.0999984741211 73.5999984741211 76.5999984741211 78.3000030517578 82.4000015258789 84.0999984741211 85.5999984741211 86.3000030517578 79.9000015258789 75.0999984741211 79.0999984741211 83.4000015258789 83.6999969482422 81.4000015258789 75.9000015258789 72.0999984741211 73.6999969482422 74.6999969482422 76.9000015258789 78.5 78.1999969482422 77.8000030517578 79.1999969482422 79.8000030517578 80 79.4000015258789 70.4000015258789 64.9000015258789 62.2999992370605 59.0999984741211 59.5999984741211 60.5 61.2999992370605 65 66.0999984741211 61.7999992370605
15.6000003814697 15.8999996185303 17.7999992370605 20 22.2999992370605 26.2999992370605 32.0999984741211 32.5999984741211 34.2999992370605 36.9000015258789 40.7000007629395 43.9000015258789 40.4000015258789 44.5999984741211 50.4000015258789 55.4000015258789 60.0999984741211 63.4000015258789 65.5999984741211 67 68.5 69.5999984741211 72.0999984741211 74.9000015258789 78.9000015258789 80.9000015258789 84.5999984741211 86.9000015258789 90.5999984741211 92.0999984741211 88.4000015258789 84.1999969482422 83.4000015258789 86.5 87.9000015258789 85.0999984741211 78.1999969482422 74.3000030517578 75.9000015258789 78.8000030517578 81.3000030517578 81.0999984741211 80.6999969482422 82.6999969482422 83.3000030517578 82.9000015258789 82.8000030517578 81.3000030517578 75.0999984741211 67.3000030517578 62.0999984741211 59.0999984741211 60.9000015258789 61.5999984741211 61.9000015258789 61.4000015258789 64.9000015258789 62.4000015258789
16.8999996185303 17.3999996185303 19.5 22.3999996185303 26.1000003814697 31.1000003814697 32.7000007629395 33.5999984741211 34.7999992370605 38.4000015258789 42.5999984741211 46.7999992370605 50.2000007629395 51.2999992370605 54.5999984741211 56.7000007629395 59.2999992370605 62.4000015258789 65.6999969482422 69.6999969482422 70.8000030517578 70.5999984741211 71.8000030517578 74.6999969482422 78.6999969482422 82.4000015258789 85.1999969482422 87.5999984741211 89.0999984741211 88.5999984741211 87.5999984741211 85.0999984741211 84.1999969482422 86.3000030517578 89.0999984741211 89.1999969482422 85.3000030517578 80.3000030517578 80.6999969482422 83.3000030517578 85.8000030517578 85.5 87.5 87.0999984741211 86.8000030517578 85.8000030517578 85.0999984741211 83.3000030517578 79.4000015258789 73.3000030517578 67.5999984741211 63.7000007629395 63.5999984741211 64.0999984741211 62.5999984741211 59.2999992370605 58.0999984741211 56.7999992370605
18.1000003814697 19.1000003814697 21.1000003814697 24.2000007629395 28.2999992370605 31.3999996185303 32.7999992370605 33.7999992370605 35.4000015258789 39.4000015258789 43.7999992370605 48.5 54 54.7999992370605 56.5999984741211 57.2999992370605 57.9000015258789 61 64.3000030517578 68.6999969482422 72.0999984741211 73.5 74.1999969482422 75.5999984741211 78.9000015258789 80.8000030517578 81.8000030517578 83.3000030517578 84.1999969482422 84.9000015258789 85.0999984741211 84.0999984741211 84.4000015258789 86.5999984741211 92.9000015258789 95 92.6999969482422 88.4000015258789 89.8000030517578 91.4000015258789 92.5999984741211 92.5 92.3000030517578 92.4000015258789 91.4000015258789 89.8000030517578 89.5 85.9000015258789 81.3000030517578 78.4000015258789 74.0999984741211 71.3000030517578 69.4000015258789 67.5999984741211 64.3000030517578 61.2000007629395 59.0999984741211 56.9000015258789
19.2000007629395 20.2999992370605 22.1000003814697 25.7000007629395 30.8999996185303 32.7999992370605 33.7999992370605 35.4000015258789 37.2999992370605 40.0999984741211 45 51.4000015258789 52.2999992370605 49.0999984741211 54.5999984741211 56.2000007629395 56.0999984741211 59.0999984741211 63.2999992370605 67.9000015258789 72.0999984741211 74.3000030517578 75.5999984741211 76.9000015258789 78.8000030517578 78.5999984741211 77.9000015258789 77 78.1999969482422 80.1999969482422 83.5999984741211 86.8000030517578 89.0999984741211 91.5 99.5 102.400001525879 100.400001525879 97.3000030517578 98.9000015258789 101.099998474121 101.599998474121 100.900001525879 98.4000015258789 97.5999984741211 98.8000030517578 97.9000015258789 95.9000015258789 88.6999969482422 84.5999984741211 83.8000030517578 79.5999984741211 77.0999984741211 73.3000030517578 70.1999969482422 68.3000030517578 65.5 63.4000015258789 62.7000007629395
20.7999992370605 21 22.5 26.1000003814697 32.7999992370605 34.2999992370605 35.5999984741211 36.7999992370605 38.4000015258789 40.9000015258789 46.4000015258789 53.2000007629395 50.4000015258789 47.9000015258789 54.2999992370605 55.4000015258789 53.5 56.7000007629395 61.0999984741211 66.4000015258789 71.8000030517578 76.5999984741211 77.4000015258789 77.6999969482422 78 75.3000030517578 72.0999984741211 70.6999969482422 73.5999984741211 78.9000015258789 84.4000015258789 90 100.699996948242 101.599998474121 105.800003051758 110.099998474121 106.599998474121 105.099998474121 105.400001525879 108.300003051758 110.400001525879 110.699996948242 105.5 103 100.900001525879 104.800003051758 102.099998474121 96.5999984741211 89 85.4000015258789 82.3000030517578 80.0999984741211 76.5999984741211 73.4000015258789 73.5999984741211 72.0999984741211 69.9000015258789 71.1999969482422
21.8999996185303 22.2999992370605 23.2999992370605 27.7000007629395 33.9000015258789 34.7999992370605 35.7000007629395 36.5 38.2999992370605 41 47.4000015258789 53.4000015258789 58.5999984741211 57.7000007629395 58 56.0999984741211 54.5999984741211 56.5999984741211 61.0999984741211 65.8000030517578 70.5 74.6999969482422 77.8000030517578 77.4000015258789 75.5 71.4000015258789 66.8000030517578 63.2999992370605 67.3000030517578 75.5999984741211 86.4000015258789 96 109.900001525879 115.099998474121 117.900001525879 117.400001525879 115.300003051758 113.400001525879 112 114.300003051758 120.900001525879 116.800003051758 106.099998474121 103 101.5 100.099998474121 97.5999984741211 95.3000030517578 92.8000030517578 87.9000015258789 82.8000030517578 81.1999969482422 78.9000015258789 77.3000030517578 75.8000030517578 76.5999984741211 77.8000030517578 78.6999969482422
23.5 24.7999992370605 25.6000003814697 29.5 35 36.0999984741211 37.4000015258789 38 38.9000015258789 42.2999992370605 47.7999992370605 52.2999992370605 56.7000007629395 57.9000015258789 57.9000015258789 57.4000015258789 56.7999992370605 59.0999984741211 63.0999984741211 64.9000015258789 68.4000015258789 74.8000030517578 77.8000030517578 75.9000015258789 73.9000015258789 69.5999984741211 63.7000007629395 59.0999984741211 65.1999969482422 77.3000030517578 88.4000015258789 101.599998474121 108.300003051758 116.099998474121 118.5 122.099998474121 123.199996948242 121.5 122.099998474121 126.900001525879 133 121.800003051758 104.400001525879 94.8000030517578 98.3000030517578 99.5 97.3000030517578 93.0999984741211 92.5999984741211 89.5 84.1999969482422 80.1999969482422 80.9000015258789 80.4000015258789 78.3000030517578 77.5 80.5999984741211 82.0999984741211
24.8999996185303 26.2000007629395 28.2999992370605 31.2999992370605 35.5999984741211 37.7999992370605 38.7000007629395 40 41.7999992370605 44.5 48.0999984741211 51.7000007629395 56.4000015258789 57.7999992370605 58.0999984741211 57.7999992370605 59.5 62.0999984741211 65.5999984741211 67.5999984741211 70.6999969482422 75.5999984741211 77.5999984741211 76.1999969482422 74.9000015258789 71.6999969482422 67 65.9000015258789 69.0999984741211 80.0999984741211 91.4000015258789 102.599998474121 104.900001525879 114.400001525879 115.800003051758 119.800003051758 123 123.400001525879 125.400001525879 129.300003051758 136 124.400001525879 105.800003051758 95.6999969482422 97.5 98.4000015258789 99.1999969482422 95.0999984741211 90.4000015258789 91 88.0999984741211 83.1999969482422 82.0999984741211 80.6999969482422 81.9000015258789 81.9000015258789 82.1999969482422 81.5999984741211
27 28.3999996185303 30.6000003814697 33.0999984741211 36.2999992370605 38.7000007629395 39.9000015258789 40.5999984741211 42.0999984741211 45.0999984741211 47.4000015258789 52.0999984741211 55.7999992370605 57.5 58.5999984741211 60.2000007629395 62.7000007629395 64.9000015258789 66.8000030517578 70.9000015258789 74.5999984741211 76.3000030517578 77.9000015258789 78.0999984741211 77.1999969482422 74.5 72.0999984741211 73 79.5 86.5999984741211 92.5 99.9000015258789 106.599998474121 113.599998474121 115.5 119.599998474121 122.900001525879 122.699996948242 124.099998474121 128.100006103516 138.300003051758 129.600006103516 113.400001525879 103.900001525879 99.9000015258789 99.0999984741211 97.9000015258789 93.9000015258789 89 87.5999984741211 89.5999984741211 90.0999984741211 88.3000030517578 84.3000030517578 87.6999969482422 87.6999969482422 89.0999984741211 83.6999969482422
29.3999996185303 31 33 35.2999992370605 37.4000015258789 39.9000015258789 41.4000015258789 42.4000015258789 43.0999984741211 44.0999984741211 46.2999992370605 50.9000015258789 54.7999992370605 57.2999992370605 59.2000007629395 61.0999984741211 64.0999984741211 66.4000015258789 70.8000030517578 74.9000015258789 77.8000030517578 80.0999984741211 80.0999984741211 79.8000030517578 80.3000030517578 78.6999969482422 77.8000030517578 79.4000015258789 85.3000030517578 89 93.5999984741211 99.3000030517578 104.800003051758 112.900001525879 115.400001525879 118.699996948242 120.400001525879 119.099998474121 121.900001525879 128.600006103516 135.600006103516 130.800003051758 117.400001525879 107.900001525879 101.599998474121 98 93.4000015258789 91.5999984741211 88.8000030517578 88.3000030517578 84.3000030517578 84.8000030517578 86.8000030517578 91.0999984741211 91.9000015258789 93.4000015258789 94.9000015258789 91.8000030517578
30.1000003814697 32.2999992370605 35.2999992370605 36.7999992370605 37.9000015258789 40.7000007629395 41.9000015258789 42.5 43.2000007629395 44.2999992370605 45.4000015258789 48.7999992370605 52.0999984741211 55.7999992370605 59.5999984741211 63 65.9000015258789 69.4000015258789 74.0999984741211 78.4000015258789 79.4000015258789 80.3000030517578 80.5999984741211 83 83.4000015258789 83.3000030517578 84.4000015258789 86.3000030517578 89.3000030517578 90.5 96.3000030517578 100.800003051758 105.199996948242 111.400001525879 114.900001525879 117.300003051758 118.099998474121 118.400001525879 119.699996948242 122.300003051758 125 125.300003051758 119.199996948242 109.699996948242 102.300003051758 97.8000030517578 94 94.4000015258789 90.8000030517578 91.8000030517578 89.5999984741211 89.5999984741211 92.4000015258789 97.0999984741211 99.4000015258789 103.5 101.400001525879 100.199996948242
29.7000007629395 31.8999996185303 34.7999992370605 36.9000015258789 38.4000015258789 41.2999992370605 42.9000015258789 44.0999984741211 44.5 44.9000015258789 45 47 50.5999984741211 54.5999984741211 59.9000015258789 64.8000030517578 67.8000030517578 72.5999984741211 77.9000015258789 76.8000030517578 77.9000015258789 79 80.1999969482422 83.9000015258789 86.4000015258789 86.5999984741211 86.4000015258789 88.8000030517578 91.8000030517578 94.1999969482422 97.8000030517578 102.5 105.599998474121 108.699996948242 114.199996948242 116.800003051758 118 116.699996948242 116.599998474121 119.800003051758 120.5 118.300003051758 115.300003051758 109.699996948242 102.800003051758 97.4000015258789 95 94.5999984741211 95.0999984741211 97.0999984741211 95.9000015258789 95.3000030517578 95.3000030517578 98.6999969482422 100.5 105.400001525879 106.400001525879 101.599998474121
30.2000007629395 32.2999992370605 34.7000007629395 37.2000007629395 39.4000015258789 41.4000015258789 42.9000015258789 44 44.7999992370605 45.2999992370605 44.5 46.0999984741211 49.9000015258789 53.9000015258789 60.2999992370605 65.5 70 74.4000015258789 77.4000015258789 75.3000030517578 76.0999984741211 78.4000015258789 80.8000030517578 83.8000030517578 88.0999984741211 89.5 90.5999984741211 92.5999984741211 93.5 95.8000030517578 99.5999984741211 103.900001525879 108.099998474121 110.199996948242 114.099998474121 115.300003051758 116.5 118.099998474121 116.800003051758 118.900001525879 118.800003051758 116.5 113.400001525879 105.900001525879 98.5999984741211 96.3000030517578 97.8000030517578 97.0999984741211 98.4000015258789 101.300003051758 101.300003051758 99.3000030517578 97.3000030517578 97 97.6999969482422 97.5999984741211 100.400001525879 104.599998474121
31.2999992370605 32.5999984741211 34.7000007629395 37 39.9000015258789 41.7000007629395 42.9000015258789 44.7999992370605 46.9000015258789 47.7000007629395 47.0999984741211 48.9000015258789 51.7999992370605 55.7000007629395 60.7999992370605 65.8000030517578 68.9000015258789 73.5 74.5999984741211 74.8000030517578 75.8000030517578 78.8000030517578 81.6999969482422 85.4000015258789 89.4000015258789 91.8000030517578 93.5 94.0999984741211 95.9000015258789 97.5999984741211 100.199996948242 105.400001525879 108.800003051758 110.199996948242 113.099998474121 114.400001525879 114.900001525879 117.400001525879 117.599998474121 118.699996948242 119.900001525879 118.699996948242 113.5 106.800003051758 101.300003051758 100.300003051758 101.5 102.400001525879 106.400001525879 108.099998474121 101.300003051758 99.3000030517578 100.300003051758 95.9000015258789 96.3000030517578 95.4000015258789 96.6999969482422 98.8000030517578
30.7999992370605 32.2999992370605 34.2999992370605 36.4000015258789 39.9000015258789 42 43.4000015258789 46.2000007629395 48.9000015258789 50.7999992370605 51.9000015258789 52.2999992370605 54.5999984741211 58.7999992370605 62.7000007629395 65.3000030517578 67.9000015258789 70.4000015258789 72.1999969482422 74.0999984741211 75.9000015258789 78.6999969482422 82.4000015258789 87.0999984741211 90.9000015258789 94.3000030517578 96.9000015258789 97.0999984741211 98.0999984741211 99.1999969482422 100.800003051758 103.900001525879 107.400001525879 109.800003051758 112.400001525879 114.099998474121 112.199996948242 115.300003051758 118.900001525879 120.199996948242 120.5 121.5 116.599998474121 111.300003051758 107.900001525879 108.300003051758 108.300003051758 105.599998474121 107.099998474121 107.599998474121 104 99.0999984741211 94.0999984741211 93.0999984741211 96.3000030517578 98 96.9000015258789 99.0999984741211
31.1000003814697 32.5999984741211 34.2000007629395 36.4000015258789 38.7999992370605 41.7999992370605 44.2999992370605 46 47.9000015258789 50.5999984741211 53.5999984741211 54.7000007629395 56.5 60.0999984741211 62.7999992370605 64.5999984741211 66.4000015258789 68.3000030517578 70.5999984741211 72.9000015258789 75.3000030517578 78.1999969482422 83.0999984741211 88.1999969482422 92.9000015258789 96.1999969482422 99.5999984741211 101 101 101.300003051758 102.400001525879 104.099998474121 106.800003051758 108.900001525879 110.300003051758 112.400001525879 110.900001525879 114.199996948242 119.599998474121 121 121.900001525879 123.800003051758 118.400001525879 116 113.5 113.599998474121 113.099998474121 109.900001525879 109.900001525879 107.400001525879 105.599998474121 100.400001525879 97.9000015258789 97.9000015258789 105.800003051758 113.900001525879 105.400001525879 105.400001525879
