data/layers/future_layer_can_126_60/bio13.asc
NCOLS 494 
NROWS 529 
XLLCORNER -117.166666666667 
YLLCORNER -55.5 
CELLSIZE 0.166666666666667 
NODATA_value -3.4e+38 
[rows 144 to 167 of 529, columns 324 to 377 of 494]
203.600006103516 208.899993896484 223 236.800003051758 234.399993896484 227.699996948242 250.300003051758 263.799987792969 271.299987792969 284.100006103516 289.600006103516 288.799987792969 291.100006103516 285.200012207031 271.200012207031 -3.4e+38 -3.4e+38 -3.4e+38 -3.4e+38 -3.4e+38 -3.4e+38 -3.4e+38 -3.4e+38 -3.4e+38 -3.4e+38 -3.4e+38 -3.4e+38 -3.4e+38 -3.4e+38 -3.4e+38 -3.4e+38 -3.4e+38 -3.4e+38 -3.4e+38 -3.4e+38 -3.4e+38 -3.4e+38 -3.4e+38 -3.4e+38 -3.4e+38 -3.4e+38 -3.4e+38 -3.4e+38 -3.4e+38 -3.4e+38 -3.4e+38 -3.4e+38 -3.4e+38 -3.4e+38 -3.4e+38 -3.4e+38 -3.4e+38 -3.4e+38 -3.4e+38
222.300003051758 213.899993896484 224.5 233.399993896484 249.100006103516 253.399993896484 262.5 271.5 278.100006103516 283.100006103516 289.799987792969 295.399993896484 297.799987792969 290.399993896484 282 281 285.299987792969 291.600006103516 292.600006103516 -3.4e+38 -3.4e+38 -3.4e+38 -3.4e+38 -3.4e+38 -3.4e+38 -3.4e+38 -3.4e+38 -3.4e+38 -3.4e+38 -3.4e+38 -3.4e+38 -3.4e+38 -3.4e+38 -3.4e+38 -3.4e+38 -3.4e+38 -3.4e+38 -3.4e+38 -3.4e+38 -3.4e+38 -3.4e+38 -3.4e+38 -3.4e+38 -3.4e+38 -3.4e+38 -3.4e+38 -3.4e+38 -3.4e+38 -3.4e+38 -3.4e+38 -3.4e+38 -3.4e+38 -3.4e+38 -3.4e+38
209.300003051758 222.600006103516 234.899993896484 244.600006103516 250.600006103516 257.799987792969 265.299987792969 270.600006103516 275.100006103516 282.600006103516 289.600006103516 297.399993896484 296.399993896484 295.5 295.100006103516 292.799987792969 294.700012207031 305.399993896484 312 297.899993896484 292.799987792969 -3.4e+38 -3.4e+38 -3.4e+38 -3.4e+38 -3.4e+38 -3.4e+38 -3.4e+38 -3.4e+38 -3.4e+38 -3.4e+38 -3.4e+38 -3.4e+38 -3.4e+38 -3.4e+38 -3.4e+38 -3.4e+38 -3.4e+38 -3.4e+38 -3.4e+38 -3.4e+38 -3.4e+38 -3.4e+38 -3.4e+38 -3.4e+38 -3.4e+38 -3.4e+38 -3.4e+38 -3.4e+38 -3.4e+38 -3.4e+38 -3.4e+38 -3.4e+38 -3.4e+38
224.800003051758 235.199996948242 248.399993896484 250 253.300003051758 259.100006103516 263.399993896484 271.5 278.799987792969 284.399993896484 292.600006103516 297.700012207031 300.799987792969 302.799987792969 304.799987792969 306.5 309.799987792969 306.600006103516 305.200012207031 314.299987792969 315.700012207031 313.899993896484 291.299987792969 -3.4e+38 -3.4e+38 -3.4e+38 -3.4e+38 -3.4e+38 -3.4e+38 -3.4e+38 -3.4e+38 -3.4e+38 -3.4e+38 -3.4e+38 -3.4e+38 -3.4e+38 -3.4e+38 -3.4e+38 -3.4e+38 -3.4e+38 -3.4e+38 -3.4e+38 -3.4e+38 -3.4e+38 -3.4e+38 -3.4e+38 -3.4e+38 -3.4e+38 -3.4e+38 -3.4e+38 -3.4e+38 -3.4e+38 -3.4e+38 -3.4e+38
228.800003051758 247 252.300003051758 249.899993896484 249.100006103516 257.299987792969 261.100006103516 272.299987792969 279.899993896484 287.100006103516 289.799987792969 295.299987792969 300.399993896484 307.799987792969 310.100006103516 312.799987792969 314.5 313.899993896484 308.399993896484 307.100006103516 329.799987792969 334 315.200012207031 299.899993896484 -3.4e+38 -3.4e+38 -3.4e+38 -3.4e+38 -3.4e+38 -3.4e+38 -3.4e+38 -3.4e+38 -3.4e+38 -3.4e+38 -3.4e+38 -3.4e+38 -3.4e+38 -3.4e+38 -3.4e+38 -3.4e+38 -3.4e+38 -3.4e+38 -3.4e+38 -3.4e+38 -3.4e+38 -3.4e+38 -3.4e+38 -3.4e+38 -3.4e+38 -3.4e+38 -3.4e+38 -3.4e+38 -3.4e+38 -3.4e+38
234.399993896484 195.699996948242 169.899993896484 221.300003051758 255.199996948242 259.799987792969 267.600006103516 274.399993896484 280 288.899993896484 281.299987792969 295.5 302.799987792969 308.899993896484 311.600006103516 313.899993896484 317.399993896484 315.100006103516 315 312.399993896484 312.600006103516 335.5 341.100006103516 322.299987792969 312.600006103516 -3.4e+38 -3.4e+38 -3.4e+38 -3.4e+38 -3.4e+38 -3.4e+38 -3.4e+38 -3.4e+38 -3.4e+38 -3.4e+38 -3.4e+38 -3.4e+38 -3.4e+38 -3.4e+38 -3.4e+38 -3.4e+38 -3.4e+38 -3.4e+38 -3.4e+38 -3.4e+38 -3.4e+38 -3.4e+38 -3.4e+38 -3.4e+38 -3.4e+38 -3.4e+38 -3.4e+38 -3.4e+38 -3.4e+38
226.399993896484 178.399993896484 157.399993896484 223 262 266.799987792969 272.799987792969 277.100006103516 283.100006103516 287.799987792969 282.399993896484 291.299987792969 302.399993896484 305.600006103516 312.600006103516 314.299987792969 319.299987792969 322.399993896484 324.600006103516 325.100006103516 313.700012207031 318.899993896484 327.399993896484 329.899993896484 322.100006103516 313.200012207031 -3.4e+38 -3.4e+38 -3.4e+38 -3.4e+38 -3.4e+38 -3.4e+38 -3.4e+38 -3.4e+38 -3.4e+38 -3.4e+38 -3.4e+38 -3.4e+38 -3.4e+38 -3.4e+38 -3.4e+38 -3.4e+38 -3.4e+38 -3.4e+38 -3.4e+38 -3.4e+38 -3.4e+38 -3.4e+38 -3.4e+38 -3.4e+38 -3.4e+38 -3.4e+38 -3.4e+38 -3.4e+38
255.300003051758 216.199996948242 220.100006103516 264.600006103516 269.299987792969 274.399993896484 283.899993896484 282.899993896484 282.600006103516 280.299987792969 291.299987792969 299 302.100006103516 301.899993896484 307.799987792969 304.600006103516 312.100006103516 313.399993896484 320.799987792969 323.600006103516 308.799987792969 318 320.600006103516 326.700012207031 344.5 329.299987792969 311.700012207031 -3.4e+38 -3.4e+38 -3.4e+38 -3.4e+38 -3.4e+38 -3.4e+38 -3.4e+38 -3.4e+38 -3.4e+38 -3.4e+38 -3.4e+38 -3.4e+38 -3.4e+38 -3.4e+38 -3.4e+38 -3.4e+38 -3.4e+38 -3.4e+38 -3.4e+38 -3.4e+38 -3.4e+38 -3.4e+38 -3.4e+38 -3.4e+38 -3.4e+38 -3.4e+38 -3.4e+38
259.600006103516 230.800003051758 249.300003051758 271.200012207031 273.899993896484 276.899993896484 280.399993896484 281.200012207031 282.100006103516 289.299987792969 299.600006103516 301.700012207031 303.899993896484 303.600006103516 303.899993896484 305.600006103516 313.5 322.399993896484 321 313.299987792969 317.100006103516 319.100006103516 327.799987792969 328.100006103516 358.299987792969 345.100006103516 325.399993896484 299.399993896484 -3.4e+38 -3.4e+38 -3.4e+38 -3.4e+38 -3.4e+38 -3.4e+38 -3.4e+38 -3.4e+38 -3.4e+38 -3.4e+38 -3.4e+38 -3.4e+38 -3.4e+38 -3.4e+38 -3.4e+38 -3.4e+38 -3.4e+38 -3.4e+38 -3.4e+38 -3.4e+38 -3.4e+38 -3.4e+38 -3.4e+38 -3.4e+38 -3.4e+38 -3.4e+38
213.800003051758 187.100006103516 243.800003051758 292.299987792969 293.799987792969 287 287.100006103516 287.799987792969 292.600006103516 296.600006103516 304.100006103516 304.200012207031 306.399993896484 308.5 311.100006103516 310.200012207031 314.799987792969 319.200012207031 322.899993896484 318.799987792969 318.399993896484 317.100006103516 320 324.399993896484 345 354.5 333.5 300.399993896484 -3.4e+38 -3.4e+38 -3.4e+38 -3.4e+38 -3.4e+38 -3.4e+38 -3.4e+38 -3.4e+38 -3.4e+38 -3.4e+38 -3.4e+38 -3.4e+38 -3.4e+38 -3.4e+38 -3.4e+38 -3.4e+38 -3.4e+38 -3.4e+38 -3.4e+38 -3.4e+38 -3.4e+38 -3.4e+38 -3.4e+38 -3.4e+38 -3.4e+38 -3.4e+38
278.299987792969 256.700012207031 289.899993896484 303.600006103516 306.799987792969 302.600006103516 298.600006103516 300.299987792969 305.100006103516 306.299987792969 305.100006103516 307.100006103516 307.600006103516 306.200012207031 304.5 310.600006103516 316.299987792969 316.700012207031 315.100006103516 314.899993896484 316.899993896484 318.600006103516 328 311.799987792969 312.299987792969 328.700012207031 317.600006103516 272.5 -3.4e+38 -3.4e+38 -3.4e+38 -3.4e+38 -3.4e+38 -3.4e+38 -3.4e+38 -3.4e+38 -3.4e+38 -3.4e+38 -3.4e+38 -3.4e+38 -3.4e+38 -3.4e+38 -3.4e+38 -3.4e+38 -3.4e+38 -3.4e+38 -3.4e+38 -3.4e+38 -3.4e+38 -3.4e+38 -3.4e+38 -3.4e+38 -3.4e+38 -3.4e+38
292.299987792969 294.899993896484 295.399993896484 295.799987792969 305 308.899993896484 310.899993896484 313.299987792969 310.299987792969 311.600006103516 311.5 293.899993896484 294.200012207031 298.299987792969 303.399993896484 300.700012207031 302.799987792969 310.899993896484 307.700012207031 307.399993896484 318.899993896484 319.399993896484 331.799987792969 332.600006103516 311.799987792969 323.5 317.899993896484 261.100006103516 380.600006103516 376.299987792969 318.100006103516 -3.4e+38 -3.4e+38 -3.4e+38 -3.4e+38 -3.4e+38 -3.4e+38 -3.4e+38 -3.4e+38 -3.4e+38 -3.4e+38 -3.4e+38 -3.4e+38 -3.4e+38 -3.4e+38 -3.4e+38 -3.4e+38 -3.4e+38 -3.4e+38 -3.4e+38 -3.4e+38 -3.4e+38 -3.4e+38 -3.4e+38
307.899993896484 289.799987792969 283.399993896484 298.399993896484 306.799987792969 308.200012207031 304.899993896484 296.600006103516 300.799987792969 304.899993896484 303.200012207031 302.299987792969 299.899993896484 297.899993896484 294.899993896484 305.600006103516 302.899993896484 309.100006103516 304.899993896484 323.600006103516 303.200012207031 312 306 313.899993896484 307.899993896484 301.799987792969 293.299987792969 318.700012207031 401.600006103516 423.200012207031 394.799987792969 284.600006103516 -3.4e+38 -3.4e+38 -3.4e+38 -3.4e+38 -3.4e+38 -3.4e+38 -3.4e+38 -3.4e+38 -3.4e+38 -3.4e+38 -3.4e+38 -3.4e+38 -3.4e+38 -3.4e+38 -3.4e+38 -3.4e+38 -3.4e+38 -3.4e+38 -3.4e+38 -3.4e+38 -3.4e+38 -3.4e+38
308.299987792969 326.299987792969 317.299987792969 304.299987792969 293.399993896484 298.299987792969 301.399993896484 315.299987792969 328.600006103516 348.200012207031 335.799987792969 367.399993896484 300.899993896484 299.799987792969 304.399993896484 310.200012207031 304.399993896484 302.100006103516 310.299987792969 339.600006103516 303.299987792969 309.600006103516 306.899993896484 304.399993896484 301 277.100006103516 269.200012207031 280.899993896484 375.100006103516 436.399993896484 421.799987792969 391 333.399993896484 -3.4e+38 -3.4e+38 -3.4e+38 -3.4e+38 -3.4e+38 -3.4e+38 -3.4e+38 -3.4e+38 -3.4e+38 -3.4e+38 -3.4e+38 -3.4e+38 -3.4e+38 -3.4e+38 -3.4e+38 -3.4e+38 -3.4e+38 -3.4e+38 -3.4e+38 -3.4e+38 -3.4e+38
317.700012207031 322.899993896484 323.799987792969 303.100006103516 310.600006103516 318.600006103516 320 348.200012207031 353.899993896484 364.799987792969 362.600006103516 314.100006103516 305 316.100006103516 319.799987792969 343.600006103516 340.799987792969 310.399993896484 300.899993896484 297.399993896484 307.600006103516 312.299987792969 303.899993896484 301.399993896484 288.600006103516 291.299987792969 266.799987792969 275.299987792969 339.399993896484 440.299987792969 458.799987792969 432.799987792969 385.899993896484 343.5 -3.4e+38 -3.4e+38 -3.4e+38 -3.4e+38 -3.4e+38 -3.4e+38 -3.4e+38 -3.4e+38 -3.4e+38 -3.4e+38 -3.4e+38 -3.4e+38 -3.4e+38 -3.4e+38 -3.4e+38 -3.4e+38 -3.4e+38 -3.4e+38 -3.4e+38 -3.4e+38
345.600006103516 348.299987792969 325.399993896484 326.600006103516 332.399993896484 340.700012207031 318.799987792969 310.399993896484 305.700012207031 313.5 306.399993896484 313.5 304.600006103516 310.299987792969 339.600006103516 368.200012207031 364.799987792969 335.899993896484 312.399993896484 355.200012207031 423 358.299987792969 313.399993896484 321 307.399993896484 296.799987792969 279.200012207031 308.100006103516 380.399993896484 438.399993896484 445.899993896484 425.899993896484 378.799987792969 361 326.299987792969 304.5 -3.4e+38 -3.4e+38 -3.4e+38 -3.4e+38 -3.4e+38 -3.4e+38 -3.4e+38 -3.4e+38 -3.4e+38 -3.4e+38 -3.4e+38 -3.4e+38 -3.4e+38 -3.4e+38 -3.4e+38 -3.4e+38 -3.4e+38 -3.4e+38
386.200012207031 334.600006103516 331.799987792969 343.899993896484 341.899993896484 363.299987792969 326.799987792969 330.5 325.600006103516 285.5 285.799987792969 344.5 337.899993896484 338 345.899993896484 373.899993896484 379.299987792969 370.200012207031 372.899993896484 338.299987792969 364.399993896484 361.299987792969 318.600006103516 329.899993896484 343.5 363.799987792969 355.799987792969 329.600006103516 363 401.600006103516 424 429.600006103516 372.700012207031 386.399993896484 348.600006103516 320.200012207031 -3.4e+38 318 307.299987792969 -3.4e+38 -3.4e+38 -3.4e+38 -3.4e+38 -3.4e+38 320.200012207031 321.399993896484 325.799987792969 -3.4e+38 348 362.399993896484 366.600006103516 -3.4e+38 -3.4e+38 -3.4e+38
381.200012207031 332.799987792969 326.399993896484 345.899993896484 346.799987792969 366.299987792969 316.600006103516 313.299987792969 293.399993896484 290.100006103516 291.600006103516 334.299987792969 337.299987792969 312.100006103516 334.299987792969 375.100006103516 383.600006103516 402.600006103516 358.899993896484 344.399993896484 370 381.600006103516 391.399993896484 383.899993896484 397.100006103516 422 340.200012207031 368.399993896484 347.899993896484 360.399993896484 369.5 417.299987792969 372.399993896484 390.5 353.899993896484 327.399993896484 323.899993896484 352.700012207031 343.700012207031 330.299987792969 327.600006103516 333.799987792969 320 309.100006103516 330.299987792969 353.700012207031 369.200012207031 376.399993896484 372.899993896484 391.299987792969 394.5 409.799987792969 424.100006103516 460.299987792969
391.399993896484 364.200012207031 401.299987792969 387.399993896484 387.200012207031 374.600006103516 407.5 346.399993896484 309.899993896484 298.600006103516 296.100006103516 325.399993896484 306.100006103516 334 356.399993896484 365.100006103516 395.799987792969 431.799987792969 409.100006103516 304.600006103516 441 448.5 471.700012207031 436.299987792969 383.399993896484 371.299987792969 354.399993896484 374.299987792969 375.200012207031 358 402.100006103516 403.600006103516 414.799987792969 386.600006103516 357.299987792969 355.700012207031 348.700012207031 357.700012207031 364.299987792969 357.5 363 360.399993896484 348.100006103516 356.100006103516 352 367.899993896484 369 379.100006103516 383.700012207031 395.399993896484 403.799987792969 415.100006103516 425.200012207031 452.399993896484
395.899993896484 404.299987792969 406.399993896484 372.5 338.5 346.299987792969 314.600006103516 372.399993896484 313.899993896484 293.299987792969 302.799987792969 305 306.5 332.299987792969 370.799987792969 373.100006103516 400.100006103516 426.100006103516 397.799987792969 314.299987792969 341.299987792969 420.600006103516 480.399993896484 456.299987792969 407.600006103516 381.100006103516 378.600006103516 408.299987792969 406.700012207031 390.799987792969 416.899993896484 371.600006103516 374.299987792969 375.299987792969 370.200012207031 374.799987792969 378.399993896484 376.799987792969 390.799987792969 381.399993896484 389.600006103516 384.299987792969 382.600006103516 386.799987792969 385.5 385.100006103516 388.700012207031 393.899993896484 400.100006103516 414.600006103516 421.799987792969 428.600006103516 431.799987792969 432.299987792969
395.299987792969 404.899993896484 411.200012207031 393.399993896484 376.899993896484 329.299987792969 317 348.200012207031 315.299987792969 310.799987792969 318.299987792969 301.299987792969 374.299987792969 331.799987792969 320.600006103516 348.399993896484 389.200012207031 338 315.600006103516 305.100006103516 397.100006103516 442.399993896484 470.399993896484 436.100006103516 463.700012207031 436.600006103516 481.899993896484 461.700012207031 412 390.299987792969 397 391 375.600006103516 373.399993896484 382.299987792969 396.600006103516 380.299987792969 381.5 406.799987792969 409 419.799987792969 402.600006103516 395 399.100006103516 413.899993896484 396.600006103516 404.299987792969 406.200012207031 414.5 422 432.399993896484 439.700012207031 441.899993896484 448.700012207031
401.700012207031 370.700012207031 408.100006103516 417.600006103516 412 389.399993896484 345.299987792969 343.899993896484 313.899993896484 313.399993896484 315.299987792969 304.399993896484 341.100006103516 309.299987792969 302.799987792969 331.100006103516 389.899993896484 458.700012207031 402.399993896484 385.299987792969 468.299987792969 487.299987792969 450.799987792969 389.299987792969 491.399993896484 466.799987792969 511.299987792969 484.799987792969 465.600006103516 425.299987792969 435 423.399993896484 387.799987792969 387.600006103516 399 402.799987792969 396.600006103516 399.200012207031 404 410.299987792969 409.799987792969 408.299987792969 431.299987792969 413.399993896484 422.399993896484 417.299987792969 406.600006103516 414.600006103516 419.100006103516 429.299987792969 445.100006103516 443.899993896484 452.899993896484 468
354.899993896484 390.100006103516 368.100006103516 420.600006103516 398.399993896484 390.100006103516 393 371.299987792969 336.600006103516 315.100006103516 315.299987792969 303.899993896484 308.600006103516 301.200012207031 332.799987792969 312.799987792969 364.600006103516 422.799987792969 439.799987792969 423.200012207031 477 486.899993896484 374.200012207031 431.299987792969 490 465.799987792969 503.399993896484 481.200012207031 475.5 444.299987792969 442 395.700012207031 389.799987792969 395.899993896484 396.299987792969 391.899993896484 396.100006103516 407.700012207031 406 409.700012207031 406.399993896484 414.399993896484 432.299987792969 437.799987792969 423.600006103516 418.399993896484 423.399993896484 438.299987792969 409.100006103516 428.200012207031 441.899993896484 447.100006103516 458.100006103516 475.399993896484
361.399993896484 394.100006103516 374.399993896484 402.299987792969 418.600006103516 412.399993896484 381.299987792969 350.799987792969 351.799987792969 316.899993896484 306.799987792969 290.5 329.100006103516 317.299987792969 374.600006103516 340.700012207031 343.200012207031 339.799987792969 343.399993896484 401.299987792969 467.299987792969 407.399993896484 381.100006103516 388.399993896484 450.100006103516 479.200012207031 475.200012207031 471.100006103516 472.399993896484 462.799987792969 451.700012207031 417.799987792969 411.200012207031 388.799987792969 394.200012207031 412.299987792969 401.200012207031 407.700012207031 415.799987792969 432.100006103516 413.799987792969 419.600006103516 422.899993896484 423.899993896484 421.399993896484 417.100006103516 430 415.5 379 439.299987792969 465.200012207031 471.299987792969 467.899993896484 481.100006103516
