data/layers/future_layer_can_126_60/bio11.asc
NCOLS 494 
NROWS 529 
XLLCORNER -117.166666666667 
YLLCORNER -55.5 
CELLSIZE 0.166666666666667 
NODATA_value -3.4e+38 
[rows 325 to 349 of 529, columns 330 to 384 of 494]
20.8999996185303 20.8999996185303 21.1000003814697 21.2000007629395 21.3999996185303 21.5 21.7000007629395 21.7999992370605 21.8999996185303 22.1000003814697 22.2000007629395 22.2999992370605 22.5 22.6000003814697 22.7999992370605 22.7999992370605 22.8999996185303 23 23.1000003814697 23.1000003814697 23.2000007629395 23.2000007629395 23.2999992370605 23.3999996185303 23.5 23.5 23.5 23.3999996185303 23.2000007629395 22.3999996185303 22.6000003814697 22.5 22.1000003814697 22.3999996185303 22.6000003814697 22.7000007629395 22.7999992370605 22.7999992370605 22.2000007629395 21.7000007629395 22 22.2999992370605 22.7000007629395 22.7000007629395 22.7000007629395 22.8999996185303 23 22.8999996185303 22.7999992370605 22.7999992370605 22.7999992370605 22.7999992370605 22.7000007629395 22.7000007629395 22.7000007629395
20.7999992370605 20.7999992370605 21 21.2000007629395 21.2999992370605 21.3999996185303 21.5 21.7000007629395 21.7000007629395 21.8999996185303 22 22.2000007629395 22.2999992370605 22.5 22.6000003814697 22.7000007629395 22.7999992370605 22.7999992370605 22.8999996185303 22.8999996185303 23 23.1000003814697 23.2000007629395 23.2000007629395 23.2000007629395 23.2999992370605 23.3999996185303 23.2000007629395 23 22.7000007629395 22.7000007629395 22.1000003814697 22.2000007629395 22.6000003814697 22.7000007629395 22.5 22.6000003814697 22.2999992370605 21.5 21.5 21.8999996185303 22.1000003814697 22.2999992370605 22.6000003814697 22.6000003814697 22.6000003814697 22.7000007629395 22.7000007629395 22.7999992370605 22.7999992370605 22.7999992370605 22.6000003814697 22.5 22.2999992370605 22.2000007629395
20.6000003814697 20.7000007629395 20.8999996185303 21.1000003814697 21.2999992370605 21.2999992370605 21.3999996185303 21.5 21.6000003814697 21.7000007629395 21.7999992370605 22 22.2000007629395 22.3999996185303 22.5 22.5 22.6000003814697 22.7000007629395 22.7000007629395 22.7999992370605 22.7999992370605 22.8999996185303 23 23 23.1000003814697 23.1000003814697 23.1000003814697 23 22.8999996185303 22.7999992370605 22.5 22.3999996185303 22.3999996185303 22.6000003814697 22.7000007629395 22.6000003814697 22.2000007629395 21.6000003814697 21.1000003814697 21.2999992370605 21.8999996185303 22.1000003814697 22.2000007629395 22.2000007629395 22.5 22.5 22.6000003814697 22.5 22.6000003814697 22.6000003814697 22.6000003814697 22.5 22.2999992370605 22.2000007629395 22.1000003814697
20.5 20.6000003814697 20.7999992370605 21.1000003814697 21.2000007629395 21.2999992370605 21.2999992370605 21.3999996185303 21.5 21.6000003814697 21.7000007629395 21.8999996185303 22.1000003814697 22.2999992370605 22.2999992370605 22.3999996185303 22.5 22.5 22.6000003814697 22.6000003814697 22.7000007629395 22.7000007629395 22.7999992370605 22.7999992370605 22.8999996185303 22.8999996185303 23 22.8999996185303 22.7999992370605 22.7999992370605 22.7000007629395 22.5 22.6000003814697 22.6000003814697 22.7000007629395 22.5 22.2000007629395 21.2000007629395 21.1000003814697 21.3999996185303 21.6000003814697 21.7999992370605 21.7000007629395 21.8999996185303 22 22.2000007629395 22.2999992370605 22.3999996185303 22.2000007629395 22.2000007629395 22.2999992370605 22.3999996185303 22.1000003814697 22 22
20.2000007629395 20.5 20.7999992370605 21 21.2000007629395 21.2000007629395 21.2999992370605 21.2999992370605 21.3999996185303 21.5 21.6000003814697 21.8999996185303 22 22.1000003814697 22.2000007629395 22.2999992370605 22.2999992370605 22.2999992370605 22.3999996185303 22.3999996185303 22.5 22.5 22.6000003814697 22.6000003814697 22.7000007629395 22.7000007629395 22.7999992370605 22.7000007629395 22.6000003814697 22.7000007629395 22.7000007629395 22.6000003814697 22.6000003814697 22.6000003814697 22.5 22.2999992370605 22.2000007629395 21.1000003814697 20.8999996185303 21.1000003814697 21.5 21.7000007629395 21.7000007629395 21.6000003814697 21.7000007629395 21.7999992370605 22 22.1000003814697 21.8999996185303 21.8999996185303 22.1000003814697 22.2000007629395 22 21.8999996185303 21.8999996185303
20 20.2999992370605 20.6000003814697 21.1000003814697 21.2000007629395 21.1000003814697 21.1000003814697 21.2000007629395 21.2000007629395 21.2999992370605 21.5 21.7000007629395 21.8999996185303 22 22.1000003814697 22.1000003814697 22.1000003814697 22.2000007629395 22.2000007629395 22.2000007629395 22.2999992370605 22.3999996185303 22.5 22.5 22.5 22.6000003814697 22.6000003814697 22.5 22.2000007629395 22.3999996185303 22.3999996185303 22.3999996185303 22.5 22.5 22.3999996185303 21.8999996185303 21.7000007629395 21.2000007629395 20.7000007629395 20.8999996185303 21.1000003814697 21.2999992370605 21.5 21.6000003814697 21.6000003814697 21.7000007629395 21.7000007629395 21.6000003814697 21.7000007629395 21.7000007629395 21.7000007629395 21.8999996185303 22 21.8999996185303 21.8999996185303
19.7000007629395 20 20.3999996185303 20.7999992370605 20.8999996185303 20.8999996185303 20.8999996185303 21 21.1000003814697 21.2000007629395 21.2999992370605 21.5 21.6000003814697 21.7999992370605 21.7999992370605 21.8999996185303 22 22 22.1000003814697 22.1000003814697 22.2000007629395 22.2000007629395 22.2999992370605 22.3999996185303 22.3999996185303 22.5 22.5 22.3999996185303 22 21.8999996185303 22.1000003814697 22.2999992370605 22.5 22.5 22.2999992370605 22.1000003814697 22 21.5 21 20.7000007629395 20.8999996185303 21 21 21.1000003814697 21.2000007629395 21.2999992370605 21.2000007629395 21.3999996185303 21.5 21.6000003814697 21.6000003814697 21.7000007629395 21.7999992370605 21.7000007629395 21.7999992370605
19.5 19.7999992370605 20.2000007629395 20.2999992370605 20.3999996185303 20.6000003814697 20.7000007629395 20.7000007629395 20.7999992370605 20.8999996185303 21.1000003814697 21.2000007629395 21.3999996185303 21.5 21.6000003814697 21.6000003814697 21.7999992370605 21.7999992370605 21.8999996185303 21.8999996185303 22 22.1000003814697 22.2000007629395 22.2000007629395 22.2999992370605 22.2999992370605 22.3999996185303 22.3999996185303 22.2999992370605 22.2000007629395 22.2000007629395 22.2999992370605 22.3999996185303 22.5 22.3999996185303 21.7999992370605 21.6000003814697 21.7000007629395 21.5 20.7000007629395 20.8999996185303 21 21.1000003814697 21.2000007629395 21.2000007629395 21.2000007629395 21.2000007629395 21.2000007629395 21.2000007629395 21.2999992370605 21.3999996185303 21.5 21.5 21.5 21.2000007629395
19.3999996185303 19.6000003814697 19.8999996185303 20 20.2000007629395 20.2999992370605 20.3999996185303 20.5 20.6000003814697 20.7000007629395 20.7999992370605 20.8999996185303 21.1000003814697 21.2000007629395 21.3999996185303 21.5 21.6000003814697 21.6000003814697 21.7000007629395 21.7999992370605 21.8999996185303 22 22 22.1000003814697 22.1000003814697 22.2000007629395 22.2999992370605 22.2999992370605 22.2999992370605 22.2999992370605 22.2000007629395 22.2000007629395 22.2999992370605 22.2999992370605 22.1000003814697 21.6000003814697 21.7999992370605 21.7000007629395 21.6000003814697 20.7000007629395 20.8999996185303 21.1000003814697 21.1000003814697 21.1000003814697 21.2000007629395 21.2999992370605 21.2000007629395 21 21 21.1000003814697 21.2000007629395 21.2999992370605 21.1000003814697 20.8999996185303 20.6000003814697
19.2999992370605 19.5 19.7000007629395 19.8999996185303 19.8999996185303 20.1000003814697 20.2000007629395 20.2999992370605 20.3999996185303 20.5 20.6000003814697 20.7000007629395 20.8999996185303 21 21.1000003814697 21.2000007629395 21.2999992370605 21.3999996185303 21.5 21.6000003814697 21.7000007629395 21.7000007629395 21.8999996185303 22 22 22.1000003814697 22.2999992370605 22.2999992370605 22.2999992370605 22.2999992370605 22.2000007629395 22.2000007629395 22.2000007629395 22 21.7999992370605 21.7999992370605 21.7000007629395 21.5 21.6000003814697 20.7000007629395 20.7000007629395 20.7000007629395 20.7000007629395 20.7999992370605 20.8999996185303 21 21 21 20.8999996185303 20.8999996185303 20.8999996185303 21.1000003814697 20.8999996185303 20.7000007629395 20.6000003814697
19.3999996185303 19.3999996185303 19.6000003814697 19.7000007629395 19.7999992370605 19.8999996185303 20 20.1000003814697 20.1000003814697 20.2000007629395 20.2999992370605 20.3999996185303 20.6000003814697 20.7999992370605 20.8999996185303 21 21.1000003814697 21.2000007629395 21.2000007629395 21.2999992370605 21.3999996185303 21.6000003814697 21.7000007629395 21.7999992370605 22 22.1000003814697 22.2000007629395 22.2999992370605 22.2999992370605 22.1000003814697 22.1000003814697 22 21.7999992370605 21.8999996185303 21.7999992370605 21.8999996185303 21.7999992370605 21.7000007629395 21.3999996185303 20.6000003814697 20.6000003814697 20.6000003814697 20.7999992370605 20.7000007629395 20.7000007629395 20.6000003814697 20.6000003814697 20.6000003814697 20.6000003814697 20.7999992370605 20.8999996185303 20.7000007629395 20.6000003814697 20.6000003814697 20.5
19.2999992370605 19.3999996185303 19.5 19.5 19.6000003814697 19.7000007629395 19.7999992370605 19.7999992370605 19.8999996185303 19.8999996185303 20 20.2000007629395 20.3999996185303 20.5 20.7000007629395 20.7999992370605 21 21.1000003814697 21.1000003814697 21.1000003814697 21.2000007629395 21.3999996185303 21.6000003814697 21.7999992370605 21.8999996185303 22 22.1000003814697 22.2000007629395 22.2999992370605 22.2000007629395 22.2000007629395 22.1000003814697 22 21.8999996185303 21.7999992370605 21.5 21.3999996185303 21.5 21.1000003814697 20.7000007629395 20.7999992370605 20.7000007629395 20.7000007629395 20.7000007629395 20.6000003814697 20.5 20.3999996185303 20.5 20.5 20.6000003814697 20.3999996185303 20.2000007629395 20.1000003814697 20.1000003814697 20
19.2999992370605 19.2999992370605 19.3999996185303 19.5 19.5 19.6000003814697 19.6000003814697 19.6000003814697 19.7000007629395 19.7000007629395 19.7999992370605 20 20.2000007629395 20.3999996185303 20.5 20.7000007629395 20.7999992370605 21 21 21 21.1000003814697 21.2999992370605 21.5 21.7000007629395 21.7999992370605 21.8999996185303 22 22.1000003814697 22.2000007629395 22.2000007629395 22.1000003814697 21.7999992370605 21.7000007629395 21.8999996185303 21.7000007629395 21.6000003814697 21.3999996185303 21.6000003814697 21.2999992370605 20.7000007629395 20.7999992370605 20.5 20.5 20.5 20.5 20.3999996185303 20.2000007629395 20.2000007629395 20.2999992370605 20.2999992370605 20 19.8999996185303 19.7000007629395 19.7999992370605 19.6000003814697
19.2000007629395 19.2999992370605 19.2999992370605 19.2999992370605 19.3999996185303 19.2999992370605 19.3999996185303 19.5 19.5 19.6000003814697 19.7000007629395 19.8999996185303 20.1000003814697 20.2999992370605 20.3999996185303 20.6000003814697 20.7000007629395 20.7999992370605 20.8999996185303 20.8999996185303 21 21.2000007629395 21.3999996185303 21.6000003814697 21.7000007629395 21.7999992370605 21.8999996185303 22 22.1000003814697 22.2000007629395 22.1000003814697 21.8999996185303 21.8999996185303 21.8999996185303 21.7999992370605 21.7999992370605 21.5 21.6000003814697 21.5 21.2000007629395 20.6000003814697 20.5 20.3999996185303 20.3999996185303 20.2999992370605 20.2999992370605 20.2000007629395 20.1000003814697 20.2000007629395 20.1000003814697 19.7999992370605 19.6000003814697 19.6000003814697 19.5 19.2000007629395
19.1000003814697 19.2000007629395 19.2000007629395 19.2000007629395 19.2999992370605 19.2999992370605 19.2999992370605 19.3999996185303 19.5 19.5 19.7000007629395 19.7999992370605 20 20.1000003814697 20.2999992370605 20.3999996185303 20.6000003814697 20.7000007629395 20.7999992370605 20.7999992370605 20.8999996185303 21.1000003814697 21.2999992370605 21.3999996185303 21.5 21.7000007629395 21.7999992370605 21.8999996185303 22 22.1000003814697 22.1000003814697 21.8999996185303 22 22 21.7999992370605 21.7999992370605 21.6000003814697 21.5 21.3999996185303 21.2000007629395 20.5 20.2000007629395 20.2000007629395 20.2000007629395 20.1000003814697 20 19.8999996185303 20 20 19.7999992370605 19.7000007629395 19.7000007629395 19.3999996185303 19.3999996185303 19.2000007629395
19 19 19 19.1000003814697 19.2000007629395 19.2000007629395 19.2999992370605 19.2999992370605 19.3999996185303 19.5 19.6000003814697 19.7000007629395 19.7999992370605 20 20.1000003814697 20.2999992370605 20.3999996185303 20.5 20.6000003814697 20.7000007629395 20.7999992370605 20.8999996185303 21.1000003814697 21.2000007629395 21.2999992370605 21.5 21.6000003814697 21.7000007629395 21.7999992370605 22 22 22 21.8999996185303 21.7999992370605 21.7000007629395 21.7000007629395 21.6000003814697 21.3999996185303 21.2999992370605 21.2000007629395 20.7999992370605 20.2999992370605 20 19.8999996185303 19.7999992370605 19.7999992370605 19.7999992370605 19.7999992370605 19.7000007629395 19.7000007629395 19.6000003814697 19.5 19.2999992370605 19.2000007629395 19
18.7999992370605 18.7999992370605 18.8999996185303 19 19 19.1000003814697 19.2000007629395 19.2999992370605 19.2999992370605 19.3999996185303 19.5 19.6000003814697 19.7000007629395 19.7999992370605 20 20.1000003814697 20.2000007629395 20.2999992370605 20.3999996185303 20.5 20.6000003814697 20.7999992370605 20.8999996185303 21.1000003814697 21.2000007629395 21.2999992370605 21.3999996185303 21.5 21.6000003814697 21.7000007629395 21.7999992370605 21.7999992370605 21.7000007629395 21.5 21.6000003814697 21.5 21.3999996185303 21.1000003814697 21 21 20.7999992370605 20.5 20.2000007629395 19.7000007629395 19.7000007629395 19.6000003814697 19.6000003814697 19.5 19.2000007629395 19.3999996185303 19.2999992370605 19.2999992370605 19.2000007629395 19.2000007629395 18.8999996185303
18.6000003814697 18.6000003814697 18.7000007629395 18.7999992370605 18.8999996185303 19 19.1000003814697 19.2000007629395 19.2000007629395 19.3999996185303 19.3999996185303 19.5 19.6000003814697 19.7000007629395 19.7999992370605 20 20.1000003814697 20.1000003814697 20.2000007629395 20.3999996185303 20.5 20.7000007629395 20.7999992370605 20.8999996185303 21 21.1000003814697 21.2000007629395 21.2999992370605 21.3999996185303 21.3999996185303 21.3999996185303 21.5 21.6000003814697 21.3999996185303 21.3999996185303 21.2999992370605 21.2999992370605 21.1000003814697 20.8999996185303 20.7999992370605 20.6000003814697 20.3999996185303 19.8999996185303 19.5 19.3999996185303 19.2999992370605 19.3999996185303 19.3999996185303 19.1000003814697 18.8999996185303 18.8999996185303 18.8999996185303 18.7999992370605 18.7999992370605 18.8999996185303
18.5 18.3999996185303 18.5 18.6000003814697 18.7000007629395 18.7999992370605 18.8999996185303 19 19.1000003814697 19.2000007629395 19.2999992370605 19.3999996185303 19.3999996185303 19.6000003814697 19.7000007629395 19.7999992370605 19.8999996185303 20 20.1000003814697 20.2000007629395 20.2999992370605 20.5 20.7000007629395 20.7000007629395 20.7999992370605 20.8999996185303 21 21.1000003814697 21.2000007629395 21.2999992370605 21.2999992370605 21.3999996185303 21.5 21.5 21.2000007629395 21.2000007629395 20.8999996185303 21 20.7999992370605 20.5 20.2999992370605 20.1000003814697 19.7000007629395 19.6000003814697 19.3999996185303 19.2000007629395 19.2999992370605 19.2000007629395 18.8999996185303 18.5 18.2999992370605 18.2999992370605 18.1000003814697 18.2000007629395 18.5
18.2999992370605 18.2999992370605 18.2999992370605 18.3999996185303 18.5 18.7000007629395 18.7000007629395 18.8999996185303 19 19.2000007629395 19.2000007629395 19.2999992370605 19.3999996185303 19.5 19.6000003814697 19.7000007629395 19.7999992370605 19.8999996185303 20 20 20.2000007629395 20.3999996185303 20.5 20.6000003814697 20.7000007629395 20.7000007629395 20.7999992370605 20.8999996185303 21 21.1000003814697 21.1000003814697 21.2999992370605 21.3999996185303 21.5 21.2999992370605 20.8999996185303 20.7999992370605 20.7000007629395 20.5 20.2999992370605 20.2000007629395 20 19.5 19.2999992370605 19.2999992370605 19.2000007629395 19.2000007629395 18.8999996185303 18.7000007629395 18.2999992370605 18 17.6000003814697 17.5 17.5 17.7999992370605
18.2000007629395 18.1000003814697 18.1000003814697 18.2000007629395 18.3999996185303 18.5 18.6000003814697 18.7000007629395 18.8999996185303 19 19.1000003814697 19.1000003814697 19.2000007629395 19.3999996185303 19.3999996185303 19.6000003814697 19.7000007629395 19.7999992370605 20 20.1000003814697 20.2999992370605 20.3999996185303 20.3999996185303 20.3999996185303 20.3999996185303 20.5 20.7000007629395 20.7000007629395 20.8999996185303 20.8999996185303 21 21.2000007629395 21.2000007629395 21.2999992370605 21.2000007629395 20.8999996185303 20.2999992370605 20.2000007629395 20.2000007629395 20.2000007629395 20.1000003814697 19.8999996185303 19.7000007629395 19.2999992370605 19.2999992370605 19.1000003814697 19 18.7000007629395 18.2999992370605 17.8999996185303 17.6000003814697 17.2000007629395 16.8999996185303 16.7999992370605 17
18.1000003814697 18.1000003814697 18.1000003814697 18.1000003814697 18.2999992370605 18.3999996185303 18.5 18.6000003814697 18.7000007629395 18.7999992370605 18.8999996185303 19 19.1000003814697 19.2000007629395 19.2999992370605 19.3999996185303 19.5 19.7000007629395 19.7999992370605 20 20.2000007629395 20.2000007629395 20.2000007629395 20.1000003814697 20.2000007629395 20.2999992370605 20.3999996185303 20.6000003814697 20.7000007629395 20.7000007629395 20.7999992370605 20.8999996185303 21 21 21 20.8999996185303 20.2000007629395 20 20.1000003814697 20 20 19.8999996185303 19.7000007629395 19.2999992370605 19.2000007629395 19.1000003814697 19 18.5 17.8999996185303 17.3999996185303 17.2000007629395 16.8999996185303 16.8999996185303 16.3999996185303 16.2999992370605
18.1000003814697 18 18.1000003814697 18.1000003814697 18.2000007629395 18.2999992370605 18.5 18.5 18.6000003814697 18.6000003814697 18.7000007629395 18.7999992370605 18.8999996185303 19 19.2000007629395 19.2999992370605 19.3999996185303 19.6000003814697 19.7000007629395 19.8999996185303 20 20 20 20 20 20.1000003814697 20.2999992370605 20.5 20.5 20.2000007629395 20.3999996185303 20.5 20.7000007629395 20.7999992370605 20.7999992370605 20.6000003814697 20.2999992370605 19.8999996185303 19.8999996185303 19.8999996185303 19.7999992370605 19.8999996185303 19.7000007629395 19.5 19.2000007629395 19.1000003814697 19 18.3999996185303 17.7999992370605 17.5 17.2999992370605 17.1000003814697 17.1000003814697 16.6000003814697 16.7000007629395
18 18 18 18.1000003814697 18.1000003814697 18.2000007629395 18.2999992370605 18.3999996185303 18.5 18.5 18.6000003814697 18.6000003814697 18.7999992370605 18.8999996185303 19 19.1000003814697 19.2999992370605 19.3999996185303 19.5 19.6000003814697 19.7999992370605 19.7999992370605 19.7999992370605 19.7999992370605 19.8999996185303 20 20.1000003814697 20.2000007629395 20.1000003814697 20.2000007629395 19.7999992370605 20.1000003814697 20.2999992370605 20.5 20.3999996185303 20.2999992370605 19.8999996185303 19.7999992370605 19.7000007629395 19.7000007629395 19.7000007629395 19.6000003814697 19.5 19.3999996185303 19.3999996185303 19.2999992370605 18.7999992370605 18.2999992370605 18 17.7000007629395 17.5 17.3999996185303 17.1000003814697 16.8999996185303 16.8999996185303
18 17.8999996185303 18 18 18.1000003814697 18.2000007629395 18.2000007629395 18.2999992370605 18.2999992370605 18.2999992370605 18.3999996185303 18.5 18.6000003814697 18.7000007629395 18.7999992370605 19 19.1000003814697 19.2000007629395 19.2999992370605 19.3999996185303 19.5 19.6000003814697 19.6000003814697 19.7000007629395 19.7999992370605 19.7999992370605 19.8999996185303 20 20 20 19.6000003814697 19.6000003814697 20 20.2000007629395 20.2000007629395 20.1000003814697 19.8999996185303 19.6000003814697 19.6000003814697 19.6000003814697 19.6000003814697 19.3999996185303 19.3999996185303 19.2999992370605 19.2000007629395 19.2000007629395 18.6000003814697 18.2000007629395 17.8999996185303 17.7000007629395 17.6000003814697 17.3999996185303 17.2000007629395 17 16.7999992370605
