data/layers/future_layer_can_126_60/bio15.asc
NCOLS 494 
NROWS 529 
XLLCORNER -117.166666666667 
YLLCORNER -55.5 
CELLSIZE 0.166666666666667 
NODATA_value -3.4e+38 
[rows 0 to 23 of 529, columns 110 to 164 of 494]
34.9000015258789 34.0999984741211 32.5 32.0999984741211 33.0999984741211 33.2000007629395 33.2999992370605 33.4000015258789 32.9000015258789 32.5 31.3999996185303 29.6000003814697 28.6000003814697 27.2999992370605 25.2999992370605 24.1000003814697 24.2999992370605 24.3999996185303 24 23.1000003814697 21.6000003814697 20.2000007629395 19 18 17.5 16.1000003814697 14.8999996185303 14.1000003814697 13.1999998092651 13.1000003814697 13.3999996185303 13.6999998092651 14.3999996185303 14.6000003814697 14.1000003814697 14.3000001907349 14.8000001907349 14.6000003814697 14.3999996185303 14.8999996185303 16 17 17.8999996185303 18.8999996185303 19.7000007629395 20.2000007629395 20.5 20.5 20.2999992370605 19.8999996185303 19.8999996185303 19.7999992370605 19.7999992370605 19.8999996185303 20.1000003814697
35.4000015258789 34.5 33.7999992370605 33.5999984741211 33.7000007629395 34.5999984741211 35.9000015258789 35.9000015258789 35 33.5999984741211 31.7999992370605 29.8999996185303 28.7999992370605 27.1000003814697 24.7000007629395 23.3999996185303 23.3999996185303 23.3999996185303 23.2000007629395 22.1000003814697 20.7999992370605 19.3999996185303 18.2999992370605 17.6000003814697 17.3999996185303 16.2999992370605 15 14.1000003814697 13.6000003814697 13.8999996185303 14.8000001907349 15.3999996185303 15.8999996185303 15.3000001907349 15.1000003814697 15.3000001907349 15.8000001907349 15.5 15.1999998092651 15.3999996185303 16.1000003814697 16.7999992370605 17.7000007629395 18.5 19.5 20.5 20.3999996185303 19.7999992370605 19.2999992370605 19.3999996185303 19.2000007629395 19 19.2000007629395 19.2999992370605 19.3999996185303
35.9000015258789 35.2999992370605 35.0999984741211 34.9000015258789 34.2999992370605 35.5 37.4000015258789 36.5999984741211 35.2999992370605 33.5 31.7000007629395 30.5 29.3999996185303 26.5 23.3999996185303 22.7000007629395 22.2999992370605 22.3999996185303 21.7999992370605 20.8999996185303 19.7000007629395 18.7000007629395 17.6000003814697 17 16.6000003814697 15.8999996185303 14.8999996185303 14.1999998092651 13.8999996185303 14.3999996185303 15.3999996185303 16.2000007629395 16.2999992370605 15.8000001907349 15.8000001907349 16.1000003814697 16.2000007629395 15.8999996185303 15.6999998092651 15.6999998092651 16.2000007629395 16.7000007629395 17.5 18.2999992370605 19 19.6000003814697 19.3999996185303 19 18.8999996185303 18.8999996185303 18.7000007629395 18.6000003814697 18.7000007629395 18.7999992370605 18.5
36.4000015258789 35.7999992370605 35 34.7000007629395 33.5 33.9000015258789 35.2999992370605 35.2000007629395 33.7000007629395 32.0999984741211 31.1000003814697 31.1000003814697 29.8999996185303 25.7999992370605 22.5 21.8999996185303 21.6000003814697 21.1000003814697 20.2999992370605 19.3999996185303 18.6000003814697 17.8999996185303 17.2999992370605 16.7999992370605 16.2000007629395 15.5 14.8000001907349 14.3999996185303 14.3999996185303 15 16.2999992370605 16.7000007629395 16.6000003814697 16.2999992370605 16.5 16.6000003814697 16.6000003814697 16.2999992370605 16 16 16 16.2000007629395 17.1000003814697 17.8999996185303 18.5 18.8999996185303 18.8999996185303 18.7000007629395 18.3999996185303 18.1000003814697 17.8999996185303 18.1000003814697 18.2999992370605 18.5 17.8999996185303
35.7000007629395 35.7000007629395 34.5999984741211 33.4000015258789 32.5 32.4000015258789 32.9000015258789 32.7000007629395 31.6000003814697 30.6000003814697 30.3999996185303 30.6000003814697 30 26.1000003814697 22.7999992370605 21.7000007629395 21.1000003814697 20.2000007629395 19.1000003814697 18.5 17.6000003814697 17.1000003814697 17 16.6000003814697 15.6999998092651 15.1999998092651 14.8999996185303 14.6999998092651 14.6999998092651 15.3999996185303 16.3999996185303 16.6000003814697 16.7000007629395 16.7000007629395 16.7000007629395 16.7000007629395 16.7000007629395 16.2999992370605 15.8999996185303 15.8999996185303 15.3999996185303 15.6000003814697 16.2999992370605 17.2999992370605 18 18.2999992370605 18.2000007629395 18.2000007629395 17.8999996185303 17.6000003814697 17.1000003814697 17.6000003814697 18.2999992370605 18.2999992370605 18
33.7000007629395 33.5999984741211 33.0999984741211 32.4000015258789 31.7999992370605 31.2999992370605 31 30.7000007629395 29.8999996185303 29.1000003814697 29.1000003814697 29 27.7999992370605 24.8999996185303 22.7000007629395 21.8999996185303 21.2000007629395 19.2000007629395 18.2000007629395 17.6000003814697 16.8999996185303 16.3999996185303 16.1000003814697 16 15.5 15.1000003814697 15 14.8999996185303 14.8999996185303 15.5 16 16.1000003814697 16.2999992370605 16.6000003814697 16.7999992370605 16.5 16 15.3000001907349 14.8000001907349 14.8999996185303 14.6000003814697 14.8000001907349 15.3999996185303 16.3999996185303 17.1000003814697 17.3999996185303 17.2999992370605 17.2000007629395 17.1000003814697 17.1000003814697 17.3999996185303 17.6000003814697 17.6000003814697 17.3999996185303 17.3999996185303
32.9000015258789 32.2000007629395 32.0999984741211 31.6000003814697 31.2999992370605 30.7999992370605 30.2000007629395 29.7000007629395 28.8999996185303 28.2999992370605 28.5 28.2000007629395 27.1000003814697 24.8999996185303 22.7000007629395 21.7000007629395 20.1000003814697 17.7999992370605 17 16.5 16.2999992370605 16.2000007629395 16.2000007629395 15.6999998092651 15.3999996185303 15.3000001907349 15.1999998092651 14.8999996185303 15 15.1999998092651 15.6000003814697 15.6999998092651 15.8000001907349 16.1000003814697 16.2000007629395 15.8999996185303 15 14 13.3999996185303 13.6999998092651 13.8999996185303 14.3999996185303 14.6000003814697 15.1999998092651 15.8000001907349 16 16.2000007629395 16.3999996185303 16.6000003814697 17 17.3999996185303 17.2999992370605 17.2000007629395 16.7000007629395 16.3999996185303
33.5999984741211 33 32.0999984741211 31.5 31.2000007629395 31.2999992370605 31.2000007629395 30.1000003814697 29 28.2999992370605 28.3999996185303 28.2999992370605 27.5 25.7000007629395 23.2999992370605 22.1000003814697 19.8999996185303 17.3999996185303 16.6000003814697 16.2999992370605 16.2000007629395 15.8999996185303 15.6999998092651 15.5 15.3999996185303 15.5 15.6999998092651 15.6000003814697 15.3000001907349 15.1999998092651 15.5 15.8000001907349 16 16.2999992370605 16.1000003814697 15.5 14.1999998092651 12.6000003814697 11.8999996185303 12.5 13.1999998092651 13.6000003814697 13.6000003814697 13.8000001907349 14.3000001907349 14.8000001907349 15.3999996185303 15.8999996185303 16.1000003814697 16.2000007629395 16.6000003814697 16.7000007629395 16.6000003814697 16.3999996185303 15.8999996185303
34.5 34 32.7000007629395 32.2999992370605 32.0999984741211 33.0999984741211 32.7000007629395 30.6000003814697 29.1000003814697 28.2999992370605 28.3999996185303 28 27 24.7999992370605 23.5 22.2000007629395 20 17.8999996185303 17.3999996185303 16.6000003814697 16.2999992370605 15.6999998092651 15.5 15.5 15.6000003814697 15.8999996185303 16.2999992370605 16.6000003814697 16.2000007629395 15.8000001907349 15.6999998092651 16.2999992370605 16.5 16.7999992370605 16.2999992370605 15.3000001907349 13.6000003814697 11.6999998092651 11.1000003814697 11.8000001907349 13.1999998092651 12.8999996185303 12.5 12.6000003814697 13.1999998092651 14.1000003814697 14.8999996185303 15.6000003814697 15.6000003814697 15.3999996185303 15.8999996185303 16.6000003814697 16.6000003814697 16.2000007629395 15.8000001907349
35.2999992370605 34.4000015258789 33.5 32.7999992370605 33.0999984741211 35.5 35 31.2000007629395 29.8999996185303 29 28.8999996185303 28.2999992370605 26.6000003814697 24.7999992370605 23.7000007629395 22.3999996185303 21.1000003814697 19.7999992370605 18.6000003814697 17.3999996185303 16.5 16.2999992370605 16 16.1000003814697 16.3999996185303 17 17.5 17.6000003814697 17.1000003814697 16 15.8000001907349 16.2000007629395 16.7999992370605 17 16.3999996185303 15.1999998092651 13.5 11.6000003814697 10.8999996185303 11.5 12.1999998092651 11.8000001907349 11.3000001907349 11.3000001907349 12.1999998092651 13.6999998092651 14.3999996185303 15 15.1999998092651 15.1999998092651 15.6999998092651 16.7000007629395 16.7999992370605 16.1000003814697 15.6999998092651
36.0999984741211 35.5 35 34.9000015258789 34.0999984741211 34 32.7000007629395 31.6000003814697 30.8999996185303 30.2000007629395 30.1000003814697 29.2999992370605 27.5 26 24.6000003814697 23.5 23 22 20.2999992370605 19.1000003814697 18.3999996185303 17.8999996185303 17.6000003814697 17.2999992370605 17.3999996185303 18.1000003814697 18.8999996185303 19.3999996185303 18.2000007629395 16.6000003814697 16.1000003814697 16.3999996185303 16.8999996185303 17.2000007629395 16.5 15.5 14.1000003814697 11.8999996185303 10.8000001907349 11 10.8000001907349 10.1999998092651 10.1999998092651 10.6000003814697 11.5 12.6999998092651 13.6000003814697 14.3999996185303 14.6999998092651 14.8999996185303 15.1999998092651 16 16.2999992370605 16.2999992370605 16
37.4000015258789 36.9000015258789 36.7999992370605 37 35.5999984741211 33.9000015258789 32.2999992370605 32.2999992370605 31.8999996185303 31.2999992370605 31.2000007629395 30.2999992370605 28.7999992370605 27.7000007629395 26.1000003814697 24.8999996185303 24.1000003814697 23.5 22.1000003814697 21.1000003814697 20.1000003814697 19.3999996185303 19.2000007629395 18.5 18.5 19 19.7999992370605 20.2999992370605 19.1000003814697 17.2999992370605 16.5 16.6000003814697 17 17.1000003814697 16.6000003814697 15.8999996185303 14.6999998092651 12.8000001907349 11.3000001907349 10.3999996185303 10.1000003814697 9.69999980926514 9.80000019073486 10.6999998092651 11.8999996185303 12.6999998092651 13.5 14.1999998092651 14.5 14.1000003814697 14.3000001907349 15 15.8000001907349 16.6000003814697 16.8999996185303
39.7999992370605 38.7000007629395 38.2999992370605 37.5999984741211 36.2000007629395 34.5999984741211 33.2999992370605 33.5 33.4000015258789 33.0999984741211 32.4000015258789 31.3999996185303 30.2999992370605 28.7999992370605 27.2000007629395 25.6000003814697 24.3999996185303 23.8999996185303 22.6000003814697 21.7999992370605 20.7999992370605 20.6000003814697 20.2999992370605 19.5 19.2999992370605 19.7000007629395 20.1000003814697 19.8999996185303 19.2000007629395 18.2000007629395 17.6000003814697 17.6000003814697 17.6000003814697 17.7000007629395 17.2999992370605 16.7999992370605 15.8000001907349 14.1999998092651 12.8000001907349 11.8000001907349 11.3999996185303 11.1000003814697 11.3000001907349 11.8999996185303 12.8000001907349 13.5 14.1000003814697 15 15.8000001907349 15.3000001907349 14.8000001907349 15.1000003814697 15.6999998092651 16.8999996185303 18.2000007629395
41.0999984741211 39.5 38.9000015258789 37.7999992370605 36.7000007629395 35.4000015258789 34.7000007629395 34.5 34.5 34.2999992370605 34 33.0999984741211 31.3999996185303 29.3999996185303 27.5 25.5 24.3999996185303 23.5 22.2999992370605 21.8999996185303 20.8999996185303 20.7000007629395 20.2000007629395 20.1000003814697 20.2000007629395 20.3999996185303 20.5 20.1000003814697 19.7999992370605 19.7999992370605 19.8999996185303 19.7999992370605 19.5 19.2000007629395 18.7000007629395 18 17.1000003814697 15.8999996185303 15.1999998092651 14.6000003814697 14.1000003814697 14 14.3999996185303 14.6999998092651 14.8999996185303 15.1000003814697 15.1999998092651 16.2000007629395 17.7000007629395 18 16.5 16.2000007629395 16.6000003814697 17.5 18.6000003814697
39.5 38.0999984741211 37 36.2999992370605 36 35.7999992370605 36 35.4000015258789 34.9000015258789 34.5 34.5 33.7999992370605 31.7999992370605 29.5 27.6000003814697 25.8999996185303 25.1000003814697 24.1000003814697 22.8999996185303 22 21.5 21.3999996185303 21.2000007629395 21.5 21.6000003814697 21.6000003814697 21.3999996185303 21.2999992370605 21.2999992370605 21.8999996185303 22.7000007629395 22.2000007629395 21.8999996185303 21.3999996185303 20.7999992370605 19.8999996185303 18.7999992370605 18.2000007629395 18.3999996185303 18.2000007629395 18.1000003814697 18.2999992370605 18.3999996185303 18.7000007629395 18.2999992370605 17.5 17 17 17.8999996185303 18.3999996185303 17.8999996185303 17.2000007629395 17.2000007629395 17.8999996185303 18.3999996185303
37 35.9000015258789 34.9000015258789 35.2000007629395 35.7999992370605 35.9000015258789 36.2999992370605 35.7000007629395 35.2000007629395 34.2999992370605 33.5 32.7000007629395 31.2000007629395 29.2999992370605 28 26.7999992370605 26.6000003814697 26.1000003814697 24.1000003814697 22.7999992370605 23.2000007629395 23.7000007629395 24.2000007629395 23.8999996185303 23.7000007629395 23.5 23.5 23.6000003814697 23.2999992370605 24 24.5 24.7000007629395 24.8999996185303 24.6000003814697 23.5 22.5 21.5 21.2000007629395 22 22.7000007629395 22.8999996185303 23.2999992370605 23.5 23.5 22.2999992370605 20.8999996185303 19.1000003814697 18.2000007629395 18.3999996185303 18.6000003814697 18.7999992370605 18.6000003814697 18.2000007629395 18.6000003814697 -3.4e+38
35.7000007629395 35.0999984741211 35 35.7000007629395 36.2000007629395 36.7999992370605 36.7000007629395 36.2000007629395 35.2999992370605 34 32.5999984741211 31 30.1000003814697 29.2000007629395 28.1000003814697 27.7000007629395 27.3999996185303 26.5 24.6000003814697 24.2999992370605 25.2999992370605 26.7000007629395 27.7999992370605 27.3999996185303 27 26.2000007629395 25.7000007629395 25.6000003814697 25.7000007629395 26.1000003814697 26.8999996185303 27.2000007629395 27.8999996185303 27.7000007629395 26.5 25.3999996185303 25.2999992370605 25.5 26.2999992370605 27.6000003814697 28.2000007629395 28.6000003814697 28.5 27.3999996185303 26.1000003814697 24.6000003814697 22.6000003814697 21 20 19.8999996185303 19.8999996185303 20.2000007629395 19.1000003814697 19.2999992370605 -3.4e+38
34.7999992370605 34.9000015258789 35 36.0999984741211 37.4000015258789 37.5999984741211 37.4000015258789 36.9000015258789 35.7999992370605 34.5 32.7000007629395 31.5 30.6000003814697 29.3999996185303 28.7999992370605 28.2000007629395 27.6000003814697 26.6000003814697 25.7000007629395 26.2999992370605 27.6000003814697 29.1000003814697 30.1000003814697 30.5 -3.4e+38 28.6000003814697 27.8999996185303 27.7999992370605 28.3999996185303 28.8999996185303 -3.4e+38 -3.4e+38 -3.4e+38 -3.4e+38 -3.4e+38 -3.4e+38 28.5 29.1000003814697 30.3999996185303 31.6000003814697 -3.4e+38 -3.4e+38 -3.4e+38 -3.4e+38 29.2000007629395 28.1000003814697 26.5 24.1000003814697 22.7999992370605 22 21.6000003814697 21.7000007629395 20.7999992370605 20.2999992370605 20.3999996185303
35.7999992370605 36.4000015258789 37.0999984741211 37.2000007629395 37.4000015258789 37.4000015258789 37.0999984741211 37.2000007629395 36.9000015258789 35.5 34 33 31.7000007629395 30.7999992370605 29.7999992370605 28.7000007629395 28.3999996185303 28.2000007629395 28.1000003814697 29.1000003814697 30.6000003814697 31.7999992370605 31.8999996185303 -3.4e+38 -3.4e+38 -3.4e+38 -3.4e+38 -3.4e+38 -3.4e+38 -3.4e+38 -3.4e+38 -3.4e+38 -3.4e+38 -3.4e+38 -3.4e+38 -3.4e+38 -3.4e+38 -3.4e+38 -3.4e+38 -3.4e+38 -3.4e+38 -3.4e+38 -3.4e+38 -3.4e+38 32.2000007629395 30.8999996185303 29.3999996185303 27.7000007629395 26.5 25.2000007629395 23.7000007629395 22.8999996185303 22.5 21.3999996185303 21.2999992370605
37.7000007629395 38.5999984741211 38.4000015258789 37.2000007629395 36.9000015258789 36.7000007629395 37.4000015258789 38 38.0999984741211 37.0999984741211 35.9000015258789 34.9000015258789 33.5999984741211 32.4000015258789 31.1000003814697 30 30.2000007629395 31.2999992370605 31.2000007629395 31.7000007629395 32.9000015258789 34.7000007629395 33.7999992370605 -3.4e+38 -3.4e+38 -3.4e+38 -3.4e+38 -3.4e+38 -3.4e+38 -3.4e+38 -3.4e+38 -3.4e+38 -3.4e+38 -3.4e+38 -3.4e+38 -3.4e+38 -3.4e+38 -3.4e+38 -3.4e+38 -3.4e+38 -3.4e+38 -3.4e+38 -3.4e+38 -3.4e+38 -3.4e+38 -3.4e+38 31.1000003814697 29.7999992370605 28.8999996185303 27.7999992370605 26.2000007629395 24.8999996185303 24.1000003814697 -3.4e+38 23.2000007629395
40.7999992370605 40 38.7999992370605 37.2999992370605 36.9000015258789 37.9000015258789 38.9000015258789 39.2999992370605 39.4000015258789 39 38.2000007629395 37.5 36.5999984741211 34.9000015258789 33.0999984741211 31.8999996185303 32.2999992370605 34.2000007629395 33.5999984741211 33.2000007629395 33.7000007629395 34.7000007629395 35.5 -3.4e+38 -3.4e+38 -3.4e+38 -3.4e+38 -3.4e+38 -3.4e+38 -3.4e+38 -3.4e+38 -3.4e+38 -3.4e+38 -3.4e+38 -3.4e+38 -3.4e+38 -3.4e+38 -3.4e+38 -3.4e+38 -3.4e+38 -3.4e+38 -3.4e+38 -3.4e+38 -3.4e+38 -3.4e+38 -3.4e+38 -3.4e+38 31.3999996185303 30.2000007629395 -3.4e+38 -3.4e+38 -3.4e+38 25.5 -3.4e+38 -3.4e+38
42.7999992370605 42 40.7999992370605 38.7999992370605 38.7000007629395 39.7000007629395 40.2999992370605 40.7000007629395 40.7999992370605 40.9000015258789 40.7999992370605 40.5999984741211 39.7999992370605 37.7000007629395 34.9000015258789 33.0999984741211 33.7000007629395 34.9000015258789 34.5 34 33.7999992370605 35.5 -3.4e+38 -3.4e+38 -3.4e+38 -3.4e+38 -3.4e+38 -3.4e+38 -3.4e+38 -3.4e+38 -3.4e+38 -3.4e+38 -3.4e+38 -3.4e+38 -3.4e+38 -3.4e+38 -3.4e+38 -3.4e+38 -3.4e+38 -3.4e+38 -3.4e+38 -3.4e+38 -3.4e+38 -3.4e+38 -3.4e+38 -3.4e+38 -3.4e+38 -3.4e+38 -3.4e+38 -3.4e+38 -3.4e+38 -3.4e+38 -3.4e+38 -3.4e+38 -3.4e+38
44.5 44.4000015258789 42.9000015258789 41.7000007629395 41.4000015258789 41.2000007629395 41.4000015258789 41.2999992370605 41.5 42.2000007629395 43.0999984741211 43.5999984741211 42.7999992370605 40.0999984741211 37 35.2000007629395 35.7000007629395 36.2999992370605 36.0999984741211 35.9000015258789 -3.4e+38 -3.4e+38 -3.4e+38 -3.4e+38 -3.4e+38 -3.4e+38 -3.4e+38 -3.4e+38 -3.4e+38 -3.4e+38 -3.4e+38 -3.4e+38 -3.4e+38 -3.4e+38 -3.4e+38 -3.4e+38 -3.4e+38 -3.4e+38 -3.4e+38 -3.4e+38 -3.4e+38 -3.4e+38 -3.4e+38 -3.4e+38 -3.4e+38 -3.4e+38 -3.4e+38 -3.4e+38 -3.4e+38 -3.4e+38 -3.4e+38 -3.4e+38 -3.4e+38 -3.4e+38 -3.4e+38
46.4000015258789 45.5 44.5 43.4000015258789 42.5 41.5999984741211 41.4000015258789 41.5 41.9000015258789 43.2000007629395 44.4000015258789 45 43.7000007629395 -3.4e+38 39.2000007629395 37.7999992370605 38.2999992370605 -3.4e+38 -3.4e+38 -3.4e+38 -3.4e+38 -3.4e+38 -3.4e+38 -3.4e+38 -3.4e+38 -3.4e+38 -3.4e+38 -3.4e+38 -3.4e+38 -3.4e+38 -3.4e+38 -3.4e+38 -3.4e+38 -3.4e+38 -3.4e+38 -3.4e+38 -3.4e+38 -3.4e+38 -3.4e+38 -3.4e+38 -3.4e+38 -3.4e+38 -3.4e+38 -3.4e+38 -3.4e+38 -3.4e+38 -3.4e+38 -3.4e+38 -3.4e+38 -3.4e+38 -3.4e+38 -3.4e+38 -3.4e+38 -3.4e+38 -3.4e+38
