data/layers/future_layer_can_126_60/bio19.asc
NCOLS 494 
NROWS 529 
XLLCORNER -117.166666666667 
YLLCORNER -55.5 
CELLSIZE 0.166666666666667 
NODATA_value -3.4e+38 
[rows 336 to 359 of 529, columns 385 to 439 of 494]
278.600006103516 274.399993896484 267.600006103516 260.700012207031 254 241.699996948242 236.100006103516 247.100006103516 257.600006103516 270.100006103516 273.399993896484 262.100006103516 252.800003051758 256.399993896484 255.800003051758 250.699996948242 255.100006103516 260.899993896484 253.199996948242 213.100006103516 181.5 185.100006103516 173.5 151.399993896484 143.600006103516 145.399993896484 141.300003051758 141 136.800003051758 108.400001525879 102.900001525879 100.099998474121 104.199996948242 110.900001525879 113.099998474121 116 114.099998474121 109.599998474121 112.099998474121 115 122.699996948242 132.199996948242 131.100006103516 124.699996948242 118.400001525879 123.599998474121 153.600006103516 241.600006103516 -3.4e+38 -3.4e+38 -3.4e+38 -3.4e+38 -3.4e+38 -3.4e+38 -3.4e+38
298.899993896484 293.5 277.700012207031 266.700012207031 261.700012207031 256.299987792969 255.600006103516 263.700012207031 276.700012207031 283.600006103516 287.100006103516 279.399993896484 270.200012207031 272.799987792969 276.899993896484 274.399993896484 262.200012207031 255.199996948242 227 191.699996948242 172.5 180 180.699996948242 163.899993896484 155.600006103516 155.100006103516 148.399993896484 148.600006103516 146.600006103516 119.900001525879 112.099998474121 106.5 106.5 118.5 127.800003051758 128.300003051758 126.099998474121 120.099998474121 125.699996948242 150.699996948242 158.5 187.600006103516 203.199996948242 190.199996948242 181.899993896484 198.899993896484 -3.4e+38 -3.4e+38 -3.4e+38 -3.4e+38 -3.4e+38 -3.4e+38 -3.4e+38 -3.4e+38 -3.4e+38
319.200012207031 312.799987792969 295 284.700012207031 272.700012207031 270.299987792969 272.200012207031 282.600006103516 289.200012207031 293.799987792969 298.899993896484 293.5 288.299987792969 279.299987792969 284 275 253.800003051758 226.699996948242 193.600006103516 178.699996948242 179.300003051758 189.399993896484 190.899993896484 185.199996948242 179.800003051758 175.399993896484 162.300003051758 159.199996948242 130 123.199996948242 118.400001525879 116.800003051758 126.5 147.699996948242 153.399993896484 150.600006103516 155.600006103516 163.899993896484 179.800003051758 242.699996948242 282.299987792969 318.299987792969 -3.4e+38 -3.4e+38 -3.4e+38 -3.4e+38 -3.4e+38 -3.4e+38 -3.4e+38 -3.4e+38 -3.4e+38 -3.4e+38 -3.4e+38 -3.4e+38 -3.4e+38
323.899993896484 326.799987792969 315.299987792969 304.899993896484 288 289.200012207031 290 293.700012207031 301.299987792969 309.100006103516 309.299987792969 307.200012207031 306.399993896484 299.799987792969 285 265.600006103516 242.699996948242 218.100006103516 192.100006103516 183.399993896484 184.300003051758 193.800003051758 194.699996948242 198.100006103516 154.800003051758 149.899993896484 142.199996948242 172.100006103516 140.5 128.800003051758 130.899993896484 148.5 177.800003051758 188.5 179 173.399993896484 196.5 242.399993896484 291.799987792969 299.899993896484 336.299987792969 -3.4e+38 -3.4e+38 -3.4e+38 -3.4e+38 -3.4e+38 -3.4e+38 -3.4e+38 -3.4e+38 -3.4e+38 -3.4e+38 -3.4e+38 -3.4e+38 -3.4e+38 -3.4e+38
333.600006103516 334.299987792969 332 323 306.399993896484 303.799987792969 304.600006103516 313.600006103516 311.899993896484 308.200012207031 304.299987792969 309 306.5 299.200012207031 270.299987792969 255.899993896484 241 221.699996948242 203.100006103516 199.100006103516 192 193.300003051758 197.800003051758 200.399993896484 202.100006103516 197.800003051758 190.399993896484 185.399993896484 149 146.199996948242 157.600006103516 171.100006103516 187.600006103516 193.899993896484 191.399993896484 207.100006103516 228.199996948242 256.899993896484 -3.4e+38 -3.4e+38 -3.4e+38 -3.4e+38 -3.4e+38 -3.4e+38 -3.4e+38 -3.4e+38 -3.4e+38 -3.4e+38 -3.4e+38 -3.4e+38 -3.4e+38 -3.4e+38 -3.4e+38 -3.4e+38 -3.4e+38
341.100006103516 343.899993896484 350.399993896484 340 302.700012207031 283.899993896484 306.100006103516 331.700012207031 330.5 317.600006103516 300.399993896484 295.200012207031 304.299987792969 287 260.399993896484 251.199996948242 249.100006103516 236.899993896484 226.399993896484 227.199996948242 223.300003051758 217.699996948242 213.100006103516 212.300003051758 209.199996948242 208.300003051758 206.600006103516 172.800003051758 177.399993896484 170.5 170.800003051758 175 184.699996948242 199.399993896484 197.800003051758 208 -3.4e+38 -3.4e+38 -3.4e+38 -3.4e+38 -3.4e+38 -3.4e+38 -3.4e+38 -3.4e+38 -3.4e+38 -3.4e+38 -3.4e+38 -3.4e+38 -3.4e+38 -3.4e+38 -3.4e+38 -3.4e+38 -3.4e+38 -3.4e+38 -3.4e+38
343 331.799987792969 336 349.399993896484 303 287.299987792969 309.799987792969 328.399993896484 324.700012207031 307.299987792969 308.600006103516 291.600006103516 296.700012207031 289.200012207031 263.200012207031 251.800003051758 250.800003051758 258.399993896484 267 268.200012207031 253.699996948242 242.899993896484 233 223.899993896484 213.300003051758 213.399993896484 225.899993896484 225.399993896484 180 176.5 182.199996948242 187.600006103516 208.199996948242 225.800003051758 239.600006103516 -3.4e+38 -3.4e+38 -3.4e+38 -3.4e+38 -3.4e+38 -3.4e+38 -3.4e+38 -3.4e+38 -3.4e+38 -3.4e+38 -3.4e+38 -3.4e+38 -3.4e+38 -3.4e+38 -3.4e+38 -3.4e+38 -3.4e+38 -3.4e+38 -3.4e+38 -3.4e+38
338.600006103516 329.100006103516 326.5 333.299987792969 358.100006103516 326 329.899993896484 331.899993896484 325.700012207031 298.899993896484 301 299.299987792969 295.799987792969 291 275.5 260.899993896484 276.399993896484 300.5 295.5 283.5 270.399993896484 257.799987792969 240.100006103516 231.800003051758 235.199996948242 241.699996948242 239.699996948242 229.199996948242 181.100006103516 183.600006103516 188.300003051758 208.199996948242 240.100006103516 257.399993896484 -3.4e+38 -3.4e+38 -3.4e+38 -3.4e+38 -3.4e+38 -3.4e+38 -3.4e+38 -3.4e+38 -3.4e+38 -3.4e+38 -3.4e+38 -3.4e+38 -3.4e+38 -3.4e+38 -3.4e+38 -3.4e+38 -3.4e+38 -3.4e+38 -3.4e+38 -3.4e+38 -3.4e+38
335.700012207031 328.5 325.100006103516 319 336.799987792969 359 360.899993896484 349.299987792969 330.799987792969 328.5 335.100006103516 310.700012207031 296 287 276.5 267.5 284.700012207031 323.799987792969 320 303 287.899993896484 258.399993896484 230.800003051758 234.899993896484 234 246.199996948242 270.700012207031 269.799987792969 204.5 205.100006103516 216.600006103516 235 -3.4e+38 -3.4e+38 -3.4e+38 -3.4e+38 -3.4e+38 -3.4e+38 -3.4e+38 -3.4e+38 -3.4e+38 -3.4e+38 -3.4e+38 -3.4e+38 -3.4e+38 -3.4e+38 -3.4e+38 -3.4e+38 -3.4e+38 -3.4e+38 -3.4e+38 -3.4e+38 -3.4e+38 -3.4e+38 -3.4e+38
352.799987792969 345.100006103516 344 361.100006103516 373.399993896484 370.5 364 360.299987792969 342.600006103516 327.799987792969 317.100006103516 308.100006103516 295.700012207031 288.5 282.799987792969 273.600006103516 270.600006103516 312.700012207031 323.200012207031 319.200012207031 292.200012207031 263.100006103516 250.399993896484 250.899993896484 257.799987792969 265.399993896484 289.299987792969 287.799987792969 230.899993896484 232.699996948242 241 -3.4e+38 -3.4e+38 -3.4e+38 -3.4e+38 -3.4e+38 -3.4e+38 -3.4e+38 -3.4e+38 -3.4e+38 -3.4e+38 -3.4e+38 -3.4e+38 -3.4e+38 -3.4e+38 -3.4e+38 -3.4e+38 -3.4e+38 -3.4e+38 -3.4e+38 -3.4e+38 -3.4e+38 -3.4e+38 -3.4e+38 -3.4e+38
383 386.700012207031 360.399993896484 360 373.299987792969 380 369.799987792969 363.5 357.399993896484 339.299987792969 329.200012207031 310.799987792969 293.899993896484 289.399993896484 283.799987792969 280.100006103516 275.399993896484 289.399993896484 326.5 323 306.399993896484 290.600006103516 271.700012207031 283.600006103516 284.399993896484 282.299987792969 238.699996948242 239.399993896484 246.399993896484 253.5 -3.4e+38 -3.4e+38 -3.4e+38 -3.4e+38 -3.4e+38 -3.4e+38 -3.4e+38 -3.4e+38 -3.4e+38 -3.4e+38 -3.4e+38 -3.4e+38 -3.4e+38 -3.4e+38 -3.4e+38 -3.4e+38 -3.4e+38 -3.4e+38 -3.4e+38 -3.4e+38 -3.4e+38 -3.4e+38 -3.4e+38 -3.4e+38 -3.4e+38
357.600006103516 377.299987792969 385 395.5 393.299987792969 379.600006103516 366.299987792969 365.700012207031 359.200012207031 353.899993896484 354.200012207031 319.299987792969 299 292.200012207031 286.399993896484 283.600006103516 282.299987792969 282 305.5 326.799987792969 274.200012207031 257 253.5 247.5 246.800003051758 229.899993896484 236 243.100006103516 265.899993896484 -3.4e+38 -3.4e+38 -3.4e+38 -3.4e+38 -3.4e+38 -3.4e+38 -3.4e+38 -3.4e+38 -3.4e+38 -3.4e+38 -3.4e+38 -3.4e+38 -3.4e+38 -3.4e+38 -3.4e+38 -3.4e+38 -3.4e+38 -3.4e+38 -3.4e+38 -3.4e+38 -3.4e+38 -3.4e+38 -3.4e+38 -3.4e+38 -3.4e+38 -3.4e+38
335.5 348.299987792969 370.600006103516 395.899993896484 379.100006103516 362.399993896484 365.399993896484 363 356.299987792969 355.200012207031 352 328.399993896484 302.5 290 280.100006103516 279.899993896484 283.899993896484 287 289 269.700012207031 266.899993896484 254.5 250.399993896484 260.700012207031 253 223.800003051758 -3.4e+38 -3.4e+38 -3.4e+38 -3.4e+38 -3.4e+38 -3.4e+38 -3.4e+38 -3.4e+38 -3.4e+38 -3.4e+38 -3.4e+38 -3.4e+38 -3.4e+38 -3.4e+38 -3.4e+38 -3.4e+38 -3.4e+38 -3.4e+38 -3.4e+38 -3.4e+38 -3.4e+38 -3.4e+38 -3.4e+38 -3.4e+38 -3.4e+38 -3.4e+38 -3.4e+38 -3.4e+38 -3.4e+38
329 339.899993896484 356 374.799987792969 367 375.399993896484 369.399993896484 361.799987792969 353.899993896484 350.799987792969 344.799987792969 327.700012207031 308.899993896484 296.5 286.399993896484 284 286.600006103516 283.399993896484 277.600006103516 272.700012207031 240.5 238.5 241.800003051758 264.399993896484 267 247.5 250.5 -3.4e+38 -3.4e+38 -3.4e+38 -3.4e+38 -3.4e+38 -3.4e+38 -3.4e+38 -3.4e+38 -3.4e+38 -3.4e+38 -3.4e+38 -3.4e+38 -3.4e+38 -3.4e+38 -3.4e+38 -3.4e+38 -3.4e+38 -3.4e+38 -3.4e+38 -3.4e+38 -3.4e+38 -3.4e+38 -3.4e+38 -3.4e+38 -3.4e+38 -3.4e+38 -3.4e+38 -3.4e+38
352.299987792969 359.200012207031 366.100006103516 367.5 369.100006103516 371.700012207031 374.899993896484 337.299987792969 358 354.200012207031 333.799987792969 316.799987792969 314.200012207031 304.399993896484 300.799987792969 269.899993896484 291.100006103516 251.899993896484 238.800003051758 233.899993896484 231.600006103516 234.5 244.699996948242 265.700012207031 252.199996948242 241.100006103516 260.799987792969 -3.4e+38 -3.4e+38 -3.4e+38 -3.4e+38 -3.4e+38 -3.4e+38 -3.4e+38 -3.4e+38 -3.4e+38 -3.4e+38 -3.4e+38 -3.4e+38 -3.4e+38 -3.4e+38 -3.4e+38 -3.4e+38 -3.4e+38 -3.4e+38 -3.4e+38 -3.4e+38 -3.4e+38 -3.4e+38 -3.4e+38 -3.4e+38 -3.4e+38 -3.4e+38 -3.4e+38 -3.4e+38
374.700012207031 373.600006103516 384.700012207031 367.600006103516 368 386.200012207031 395 374.100006103516 361.600006103516 350.899993896484 311.399993896484 295.799987792969 293.200012207031 283.100006103516 284.600006103516 283.299987792969 267.600006103516 250.5 243.100006103516 238.399993896484 239.699996948242 246.199996948242 259.200012207031 269.600006103516 269 241.399993896484 -3.4e+38 -3.4e+38 -3.4e+38 -3.4e+38 -3.4e+38 -3.4e+38 -3.4e+38 -3.4e+38 -3.4e+38 -3.4e+38 -3.4e+38 -3.4e+38 -3.4e+38 -3.4e+38 -3.4e+38 -3.4e+38 -3.4e+38 -3.4e+38 -3.4e+38 -3.4e+38 -3.4e+38 -3.4e+38 -3.4e+38 -3.4e+38 -3.4e+38 -3.4e+38 -3.4e+38 -3.4e+38 -3.4e+38
395.700012207031 388.799987792969 384.700012207031 387 396.399993896484 382.299987792969 385.299987792969 369.700012207031 388.600006103516 375.100006103516 342.100006103516 307.799987792969 297.100006103516 289.700012207031 288.100006103516 284.100006103516 272.899993896484 263.600006103516 254.300003051758 243.300003051758 249.399993896484 259.799987792969 270.100006103516 271.399993896484 261.100006103516 248 -3.4e+38 -3.4e+38 -3.4e+38 -3.4e+38 -3.4e+38 -3.4e+38 -3.4e+38 -3.4e+38 -3.4e+38 -3.4e+38 -3.4e+38 -3.4e+38 -3.4e+38 -3.4e+38 -3.4e+38 -3.4e+38 -3.4e+38 -3.4e+38 -3.4e+38 -3.4e+38 -3.4e+38 -3.4e+38 -3.4e+38 -3.4e+38 -3.4e+38 -3.4e+38 -3.4e+38 -3.4e+38 -3.4e+38
423 415.700012207031 394.399993896484 411.399993896484 414.799987792969 388.799987792969 373.399993896484 361.700012207031 356.100006103516 344.5 334 322.600006103516 306.200012207031 288 285.899993896484 283.299987792969 277.299987792969 265.799987792969 258.299987792969 259 264.100006103516 270.700012207031 274.700012207031 271.399993896484 246.899993896484 -3.4e+38 -3.4e+38 -3.4e+38 -3.4e+38 -3.4e+38 -3.4e+38 -3.4e+38 -3.4e+38 -3.4e+38 -3.4e+38 -3.4e+38 -3.4e+38 -3.4e+38 -3.4e+38 -3.4e+38 -3.4e+38 -3.4e+38 -3.4e+38 -3.4e+38 -3.4e+38 -3.4e+38 -3.4e+38 -3.4e+38 -3.4e+38 -3.4e+38 -3.4e+38 -3.4e+38 -3.4e+38 -3.4e+38 -3.4e+38
447.299987792969 445.5 457.600006103516 457.5 444.399993896484 392.700012207031 356.700012207031 357.200012207031 351.5 341.100006103516 325.299987792969 314.100006103516 303.899993896484 289.399993896484 284.700012207031 287.899993896484 285 274.200012207031 264.600006103516 268.700012207031 273.200012207031 273.700012207031 257.700012207031 256.399993896484 251.399993896484 253.199996948242 -3.4e+38 -3.4e+38 -3.4e+38 -3.4e+38 -3.4e+38 -3.4e+38 -3.4e+38 -3.4e+38 -3.4e+38 -3.4e+38 -3.4e+38 -3.4e+38 -3.4e+38 -3.4e+38 -3.4e+38 -3.4e+38 -3.4e+38 -3.4e+38 -3.4e+38 -3.4e+38 -3.4e+38 -3.4e+38 -3.4e+38 -3.4e+38 -3.4e+38 -3.4e+38 -3.4e+38 -3.4e+38 -3.4e+38
455.899993896484 463.399993896484 472.399993896484 460 449.799987792969 399.399993896484 361.600006103516 352.799987792969 347.799987792969 345.799987792969 331.799987792969 312.299987792969 313.799987792969 304.200012207031 295.200012207031 294.100006103516 292.799987792969 290.600006103516 280.799987792969 277.100006103516 276.200012207031 274.399993896484 277.399993896484 270.5 261.5 258.5 -3.4e+38 -3.4e+38 -3.4e+38 -3.4e+38 -3.4e+38 -3.4e+38 -3.4e+38 -3.4e+38 -3.4e+38 -3.4e+38 -3.4e+38 -3.4e+38 -3.4e+38 -3.4e+38 -3.4e+38 -3.4e+38 -3.4e+38 -3.4e+38 -3.4e+38 -3.4e+38 -3.4e+38 -3.4e+38 -3.4e+38 -3.4e+38 -3.4e+38 -3.4e+38 -3.4e+38 -3.4e+38 -3.4e+38
470 473.799987792969 482.200012207031 468.200012207031 457.100006103516 414.399993896484 378.100006103516 357.5 348.700012207031 341.5 328 311.399993896484 308.299987792969 315 313.799987792969 310.5 303.600006103516 307.899993896484 303.100006103516 299.100006103516 284.899993896484 281.5 296.200012207031 287.600006103516 276.200012207031 263 -3.4e+38 -3.4e+38 -3.4e+38 -3.4e+38 -3.4e+38 -3.4e+38 -3.4e+38 -3.4e+38 -3.4e+38 -3.4e+38 -3.4e+38 -3.4e+38 -3.4e+38 -3.4e+38 -3.4e+38 -3.4e+38 -3.4e+38 -3.4e+38 -3.4e+38 -3.4e+38 -3.4e+38 -3.4e+38 -3.4e+38 -3.4e+38 -3.4e+38 -3.4e+38 -3.4e+38 -3.4e+38 -3.4e+38
470.5 474.5 502.5 465.899993896484 447.899993896484 414.299987792969 382 360.600006103516 348.399993896484 335.100006103516 327 320.5 314.600006103516 303.700012207031 302.399993896484 307.799987792969 322.899993896484 321.799987792969 320.600006103516 321.100006103516 310.200012207031 313.600006103516 306.399993896484 291.5 278 263.399993896484 -3.4e+38 -3.4e+38 -3.4e+38 -3.4e+38 -3.4e+38 -3.4e+38 -3.4e+38 -3.4e+38 -3.4e+38 -3.4e+38 -3.4e+38 -3.4e+38 -3.4e+38 -3.4e+38 -3.4e+38 -3.4e+38 -3.4e+38 -3.4e+38 -3.4e+38 -3.4e+38 -3.4e+38 -3.4e+38 -3.4e+38 -3.4e+38 -3.4e+38 -3.4e+38 -3.4e+38 -3.4e+38 -3.4e+38
470 475.5 509.899993896484 508.600006103516 426.799987792969 402.399993896484 378.399993896484 359.299987792969 349.399993896484 347.899993896484 342.100006103516 332.799987792969 328.700012207031 327.299987792969 324.200012207031 329.799987792969 344.399993896484 343.700012207031 350.899993896484 339.899993896484 330.299987792969 323.700012207031 313.799987792969 299.200012207031 287 276.200012207031 -3.4e+38 -3.4e+38 -3.4e+38 -3.4e+38 -3.4e+38 -3.4e+38 -3.4e+38 -3.4e+38 -3.4e+38 -3.4e+38 -3.4e+38 -3.4e+38 -3.4e+38 -3.4e+38 -3.4e+38 -3.4e+38 -3.4e+38 -3.4e+38 -3.4e+38 -3.4e+38 -3.4e+38 -3.4e+38 -3.4e+38 -3.4e+38 -3.4e+38 -3.4e+38 -3.4e+38 -3.4e+38 -3.4e+38
462.100006103516 465.899993896484 506.100006103516 441.299987792969 423.100006103516 401.799987792969 372.5 343.700012207031 334.299987792969 333.399993896484 334.899993896484 337.700012207031 347.600006103516 348.899993896484 344.799987792969 340.700012207031 345.700012207031 349.700012207031 355.299987792969 351.600006103516 334.899993896484 319.399993896484 309.600006103516 295.200012207031 285.5 279.5 -3.4e+38 -3.4e+38 -3.4e+38 -3.4e+38 -3.4e+38 -3.4e+38 -3.4e+38 -3.4e+38 -3.4e+38 -3.4e+38 -3.4e+38 -3.4e+38 -3.4e+38 -3.4e+38 -3.4e+38 -3.4e+38 -3.4e+38 -3.4e+38 -3.4e+38 -3.4e+38 -3.4e+38 -3.4e+38 -3.4e+38 -3.4e+38 -3.4e+38 -3.4e+38 -3.4e+38 -3.4e+38 -3.4e+38
