data/layers/future_layer_can_126_60/bio1.asc
NCOLS 494 
NROWS 529 
XLLCORNER -117.166666666667 
YLLCORNER -55.5 
CELLSIZE 0.166666666666667 
NODATA_value -3.4e+38 
[rows 325 to 349 of 529, columns 275 to 329 of 494]
-3.4e+38 -3.4e+38 -3.4e+38 -3.4e+38 -3.4e+38 -3.4e+38 -3.4e+38 -3.4e+38 18.6000003814697 19 20 19.7999992370605 18.7999992370605 14.6000003814697 9.89999961853027 9 8.10000038146973 6.09999990463257 8.60000038146973 6.90000009536743 5.59999990463257 6 8.89999961853027 9.5 11.1000003814697 11.1000003814697 10.8000001907349 10.3999996185303 9.10000038146973 9.39999961853027 10.8000001907349 12 13.8000001907349 16.2000007629395 17.1000003814697 14.1999998092651 17.7000007629395 13.6999998092651 15 20.7999992370605 20.7999992370605 19.6000003814697 21.7000007629395 22.7000007629395 22.7999992370605 24.1000003814697 24.6000003814697 26.3999996185303 26.5 26.5 26.7000007629395 26.7999992370605 26.7000007629395 26.7000007629395 26.7000007629395
-3.4e+38 -3.4e+38 -3.4e+38 -3.4e+38 -3.4e+38 -3.4e+38 -3.4e+38 19.2000007629395 17.3999996185303 17.7999992370605 19.3999996185303 19.7000007629395 18.2000007629395 13.6999998092651 10.1999998092651 10 10.8000001907349 8.10000038146973 7 6 5.30000019073486 6 7 10 9.80000019073486 10 9.89999961853027 9.60000038146973 7.5 9.19999980926514 12.5 12.5 14.3000001907349 14.3999996185303 15.5 16.1000003814697 15.6999998092651 12.8999996185303 17.2999992370605 20.7999992370605 20.2999992370605 22 22.5 22.7999992370605 23.1000003814697 23.7999992370605 25.1000003814697 26 26.2000007629395 26.5 26.6000003814697 26.7000007629395 26.6000003814697 26.5 26.5
-3.4e+38 -3.4e+38 -3.4e+38 -3.4e+38 -3.4e+38 -3.4e+38 -3.4e+38 17.2999992370605 16.7999992370605 18 19.7000007629395 19.7000007629395 17.5 12.5 9.80000019073486 9.30000019073486 11.6999998092651 7.69999980926514 7.19999980926514 5.30000019073486 5.40000009536743 5.19999980926514 6.69999980926514 9.39999961853027 8.19999980926514 7.90000009536743 6.19999980926514 8 9.19999980926514 11.1999998092651 12.6000003814697 12 13.5 14.1000003814697 14.6000003814697 15.8000001907349 13.8999996185303 12.6000003814697 17.6000003814697 19.6000003814697 18.7999992370605 22.8999996185303 23 23.1000003814697 23.8999996185303 24.2999992370605 25.3999996185303 26 26.2000007629395 26.3999996185303 26.3999996185303 26.3999996185303 26.3999996185303 26.3999996185303 26.3999996185303
-3.4e+38 -3.4e+38 -3.4e+38 -3.4e+38 -3.4e+38 -3.4e+38 -3.4e+38 18.1000003814697 17.5 18.2000007629395 19.7000007629395 19.6000003814697 17.6000003814697 14.1999998092651 11.3999996185303 10.8000001907349 12.6999998092651 10.1999998092651 8.19999980926514 7 5.30000019073486 4.80000019073486 6.5 8.80000019073486 7.40000009536743 6.80000019073486 7.19999980926514 7.80000019073486 8.80000019073486 12 11.5 12.1000003814697 13.1999998092651 13.6000003814697 14.3999996185303 14.1999998092651 11.8000001907349 11.6000003814697 16.6000003814697 19.2999992370605 20.2000007629395 22.7999992370605 23.7000007629395 23.7999992370605 24.3999996185303 24.6000003814697 25.2999992370605 25.8999996185303 26.1000003814697 26.2000007629395 26.2999992370605 26.2999992370605 26.2999992370605 26.2000007629395 26.2999992370605
-3.4e+38 -3.4e+38 -3.4e+38 -3.4e+38 -3.4e+38 -3.4e+38 -3.4e+38 17.7999992370605 17.7999992370605 18.2999992370605 19.2999992370605 19 17.5 14.6000003814697 12.6000003814697 14.1000003814697 14.3000001907349 13.6999998092651 12.3999996185303 8.60000038146973 4.59999990463257 7.19999980926514 5 7.09999990463257 6.90000009536743 6.69999980926514 7.5 6.90000009536743 8.30000019073486 11.8999996185303 10.1999998092651 11.8000001907349 12.8999996185303 12.8000001907349 13.6000003814697 13.1000003814697 10.3000001907349 13.1000003814697 16.6000003814697 19.1000003814697 22.1000003814697 23 23.1000003814697 24.5 24.2000007629395 24.6000003814697 25.6000003814697 25.8999996185303 26 26 26.1000003814697 26.1000003814697 26 26.1000003814697 26.1000003814697
-3.4e+38 -3.4e+38 -3.4e+38 -3.4e+38 -3.4e+38 -3.4e+38 -3.4e+38 17.5 16.8999996185303 18 19.1000003814697 18.8999996185303 17.8999996185303 15.6000003814697 15.1999998092651 14.8999996185303 15 13.8999996185303 11.3999996185303 7.80000019073486 4.30000019073486 4.69999980926514 6.09999990463257 6.30000019073486 6.40000009536743 5.69999980926514 6.30000019073486 7.19999980926514 10.1999998092651 11.3999996185303 9.60000038146973 12.5 12.3000001907349 13 13.3000001907349 12.1999998092651 9.19999980926514 12.1999998092651 15.8999996185303 20.3999996185303 23.2999992370605 23.3999996185303 24.1000003814697 24.5 24.2000007629395 25.1000003814697 25.6000003814697 25.7000007629395 25.7999992370605 25.8999996185303 26 26 26 25.7999992370605 25.8999996185303
-3.4e+38 -3.4e+38 -3.4e+38 -3.4e+38 -3.4e+38 -3.4e+38 -3.4e+38 18.2999992370605 17.3999996185303 17.7999992370605 18.6000003814697 18.7999992370605 17.7999992370605 16.2999992370605 14.6000003814697 14.6999998092651 14.5 12.1000003814697 11.1000003814697 8.30000019073486 5.19999980926514 4.69999980926514 6.80000019073486 6.5 6.30000019073486 4.90000009536743 6.80000019073486 7.19999980926514 7.30000019073486 10 10.1999998092651 12.3999996185303 11.8999996185303 13.3000001907349 12.6999998092651 10.8999996185303 11.3000001907349 13.8999996185303 18.1000003814697 21.3999996185303 22.7000007629395 23.8999996185303 24.7000007629395 24.3999996185303 24.5 25.3999996185303 25.7999992370605 25.7999992370605 25.7000007629395 25.7999992370605 25.8999996185303 25.7999992370605 25.7999992370605 25.7000007629395 25.6000003814697
-3.4e+38 -3.4e+38 -3.4e+38 -3.4e+38 -3.4e+38 -3.4e+38 -3.4e+38 18 18.1000003814697 18 18.3999996185303 18.3999996185303 17.7000007629395 14.8999996185303 13.6000003814697 14.3999996185303 13.6999998092651 12.3000001907349 13.8999996185303 12.3000001907349 6.30000019073486 6.30000019073486 5.40000009536743 5.59999990463257 5.80000019073486 6.40000009536743 6.69999980926514 7.40000009536743 7.30000019073486 8.89999961853027 9.80000019073486 11.8999996185303 12.8999996185303 13.3000001907349 12.1999998092651 10.8999996185303 12.1999998092651 15.8000001907349 18.7999992370605 21.7999992370605 23.3999996185303 24.2999992370605 24.8999996185303 24.2999992370605 24.8999996185303 25.6000003814697 25.7999992370605 25.7000007629395 25.7000007629395 25.7999992370605 25.7999992370605 25.7000007629395 25.7000007629395 25.7000007629395 25.5
-3.4e+38 -3.4e+38 -3.4e+38 -3.4e+38 -3.4e+38 -3.4e+38 -3.4e+38 18.2000007629395 17.7000007629395 18 18.1000003814697 18.2000007629395 17.7999992370605 16 14.6999998092651 13.6000003814697 13.1999998092651 15 16.2000007629395 15.6000003814697 10.1999998092651 5.59999990463257 5.40000009536743 7.09999990463257 7.40000009536743 6.59999990463257 6.40000009536743 7.90000009536743 6.69999980926514 8.30000019073486 8.89999961853027 10.8000001907349 13.3000001907349 12.8000001907349 11.8999996185303 12 10.6999998092651 13.5 16.8999996185303 21.8999996185303 23.3999996185303 24.7000007629395 24.5 24.6000003814697 25.2000007629395 25.7000007629395 25.7000007629395 25.7000007629395 25.7000007629395 25.7000007629395 25.7000007629395 25.6000003814697 25.6000003814697 25.6000003814697 25.6000003814697
-3.4e+38 -3.4e+38 -3.4e+38 -3.4e+38 -3.4e+38 -3.4e+38 19.2999992370605 18.1000003814697 18.1000003814697 18.2999992370605 18.3999996185303 18.5 17.3999996185303 15.1999998092651 13.1000003814697 12.1000003814697 12.6999998092651 16.3999996185303 16.6000003814697 16.5 11.6999998092651 5.59999990463257 5.59999990463257 7.19999980926514 7.80000019073486 7.40000009536743 7.90000009536743 9.10000038146973 9.80000019073486 9.5 10.3999996185303 11.8000001907349 13.3000001907349 11.3000001907349 11.5 12.5 10.8999996185303 10.1000003814697 15.8999996185303 21.2000007629395 23.3999996185303 24.6000003814697 24.7999992370605 24.8999996185303 25.3999996185303 25.5 25.6000003814697 25.6000003814697 25.6000003814697 25.6000003814697 25.6000003814697 25.5 25.5 25.5 25.6000003814697
-3.4e+38 -3.4e+38 -3.4e+38 -3.4e+38 -3.4e+38 20.1000003814697 18.5 18.1000003814697 18.5 18.7000007629395 18.1000003814697 17.5 16.6000003814697 14.1000003814697 13.5 13.3000001907349 15.5 16.7000007629395 16.7999992370605 16.7000007629395 13.8000001907349 7.80000019073486 5.59999990463257 6.80000019073486 8.30000019073486 8.60000038146973 8.60000038146973 9.80000019073486 10.3000001907349 10.3000001907349 11.3999996185303 11.1000003814697 13.1999998092651 10.6999998092651 12 13.1999998092651 12.3999996185303 9.60000038146973 14.6999998092651 20.8999996185303 23.1000003814697 24.5 24.8999996185303 25.1000003814697 25.2999992370605 25.2999992370605 25.3999996185303 25.5 25.5 25.5 25.5 25.5 25.5 25.3999996185303 25.6000003814697
-3.4e+38 -3.4e+38 -3.4e+38 -3.4e+38 -3.4e+38 19.5 18.6000003814697 18.6000003814697 19.1000003814697 18.6000003814697 17.8999996185303 17.7999992370605 16.7000007629395 15.1000003814697 14.6000003814697 14.1000003814697 16.3999996185303 16.8999996185303 16.7999992370605 16.8999996185303 13.6000003814697 7 7.80000019073486 7.5 7.30000019073486 9.10000038146973 8.80000019073486 9.89999961853027 10.1000003814697 11.3000001907349 11.6999998092651 12.3999996185303 13.1000003814697 12.6000003814697 9.80000019073486 13.3000001907349 11.6000003814697 13.1999998092651 16.3999996185303 20.5 23.2999992370605 24.5 24.8999996185303 25.1000003814697 25.2000007629395 25.2000007629395 25.2000007629395 25.3999996185303 25.2999992370605 25.3999996185303 25.3999996185303 25.3999996185303 25.3999996185303 25.3999996185303 25.3999996185303
-3.4e+38 -3.4e+38 -3.4e+38 -3.4e+38 -3.4e+38 -3.4e+38 18.8999996185303 18.5 19.2999992370605 19.2999992370605 18.5 17.7000007629395 17.2999992370605 16 15.8999996185303 14.8000001907349 16.5 16.8999996185303 16.8999996185303 16.8999996185303 13.3999996185303 7 7.09999990463257 7.09999990463257 7.59999990463257 8.10000038146973 9.10000038146973 10.3000001907349 9.5 11.1000003814697 11.6999998092651 13.1000003814697 12.8999996185303 12.1000003814697 10.3999996185303 14 11.6000003814697 17.6000003814697 17.7000007629395 19.8999996185303 23.2000007629395 24.3999996185303 24.6000003814697 24.7999992370605 24.5 24.7999992370605 25.1000003814697 25.1000003814697 25.2000007629395 25.2999992370605 25.2999992370605 25.2999992370605 25.2999992370605 25.2999992370605 25.2999992370605
-3.4e+38 -3.4e+38 -3.4e+38 -3.4e+38 -3.4e+38 -3.4e+38 19.1000003814697 19.1000003814697 19.7999992370605 19.7000007629395 18.5 18 16.7000007629395 15.6000003814697 15.8000001907349 13.6000003814697 16 15.8999996185303 16.7000007629395 16.2000007629395 12.1000003814697 7.40000009536743 4 7 8.5 8.5 8.10000038146973 10.3000001907349 9.60000038146973 10.8000001907349 12.8000001907349 12.6999998092651 12.8000001907349 11 12.3000001907349 13.1999998092651 14.8000001907349 19.6000003814697 21.2000007629395 23.2999992370605 23.8999996185303 24 24.1000003814697 24.2999992370605 24.2000007629395 24.7000007629395 25 25.1000003814697 25.1000003814697 25.1000003814697 25.1000003814697 25.2000007629395 25.2000007629395 25.2000007629395 25.2000007629395
-3.4e+38 -3.4e+38 -3.4e+38 -3.4e+38 -3.4e+38 18.6000003814697 18.7000007629395 18.2999992370605 19.3999996185303 19.7000007629395 19.2000007629395 18.2000007629395 15.8999996185303 15.3000001907349 15.3999996185303 13.3000001907349 15.5 13.3999996185303 14.8000001907349 14.1999998092651 10.1999998092651 8.89999961853027 7.59999990463257 7.5 9.5 10.6999998092651 8.89999961853027 10.1000003814697 8.89999961853027 10.1000003814697 11.8999996185303 11.6000003814697 10.3000001907349 10 11.1999998092651 16.3999996185303 18.1000003814697 20.5 22 23.7000007629395 23.6000003814697 22.3999996185303 23.5 24 24.3999996185303 24.7000007629395 24.8999996185303 25 25.1000003814697 25.1000003814697 24.8999996185303 25 25.1000003814697 25.1000003814697 25.2000007629395
-3.4e+38 -3.4e+38 -3.4e+38 -3.4e+38 -3.4e+38 17.8999996185303 18.2999992370605 18.5 19.2000007629395 19.5 19 18.3999996185303 16.7000007629395 15.1000003814697 12.8000001907349 13.3000001907349 14 12.3999996185303 13.6000003814697 11.1000003814697 7.09999990463257 8.10000038146973 10.1000003814697 7.80000019073486 8.80000019073486 11.3999996185303 9.80000019073486 9.69999980926514 7.19999980926514 8.19999980926514 11.5 9.80000019073486 11 7.80000019073486 11.8999996185303 17.7999992370605 18.7999992370605 19.8999996185303 22.3999996185303 23.6000003814697 22.3999996185303 19.7999992370605 21.8999996185303 23.7000007629395 24.3999996185303 24.6000003814697 24.7999992370605 24.8999996185303 25 25 25 24.8999996185303 24.8999996185303 25 25.1000003814697
-3.4e+38 -3.4e+38 -3.4e+38 -3.4e+38 -3.4e+38 17.2000007629395 16.8999996185303 18 19 19.2999992370605 18.5 17.6000003814697 15.3999996185303 13.1999998092651 12.1999998092651 13.3000001907349 10.5 12.6999998092651 12 5.59999990463257 9.89999961853027 8.5 12.3000001907349 9.39999961853027 9.10000038146973 10.1000003814697 9.80000019073486 5.5 6.80000019073486 8.69999980926514 10.3999996185303 10.3999996185303 11.3999996185303 9.69999980926514 9.80000019073486 17.8999996185303 19.8999996185303 20.2000007629395 22.2999992370605 23.2999992370605 21.5 19.1000003814697 21.7999992370605 23.7000007629395 24.2999992370605 24.5 24.7000007629395 24.7999992370605 24.7999992370605 24.7999992370605 24.8999996185303 24.8999996185303 24.8999996185303 24.8999996185303 24.8999996185303
-3.4e+38 -3.4e+38 -3.4e+38 -3.4e+38 -3.4e+38 16.5 15.5 16.1000003814697 18.6000003814697 19 18.5 17.3999996185303 15.3999996185303 12.6999998092651 13.3999996185303 12.3999996185303 9.10000038146973 9.69999980926514 8.60000038146973 6.09999990463257 9.30000019073486 11.6000003814697 11.8999996185303 12.3000001907349 9.19999980926514 11.1999998092651 9.19999980926514 6.90000009536743 8.19999980926514 7.40000009536743 7.5 8.80000019073486 12.8000001907349 10.5 10 17.1000003814697 20.2000007629395 21.7000007629395 22.2000007629395 23.1000003814697 20.7000007629395 19 22.2999992370605 23.7999992370605 24.2000007629395 24.2999992370605 24.5 24.6000003814697 24.7000007629395 24.7000007629395 24.7000007629395 24.7000007629395 24.7999992370605 24.7999992370605 24.8999996185303
-3.4e+38 -3.4e+38 -3.4e+38 -3.4e+38 -3.4e+38 16.2000007629395 15 15.1999998092651 17.2999992370605 18.6000003814697 18.5 17.6000003814697 13.6000003814697 13.1000003814697 13.6000003814697 11.1999998092651 7.40000009536743 6.09999990463257 8.60000038146973 7.30000019073486 11.1999998092651 11.6999998092651 12.3000001907349 12.1000003814697 9.89999961853027 11.1999998092651 9.30000019073486 10.3999996185303 10.1999998092651 6.30000019073486 8.60000038146973 8.30000019073486 12.3000001907349 12.6999998092651 14.3999996185303 18.2000007629395 20.2000007629395 22 22.5 21.7999992370605 19.5 21.3999996185303 23 23.7999992370605 24.1000003814697 24.2999992370605 24.3999996185303 24.3999996185303 24.5 24.6000003814697 24.6000003814697 24.7000007629395 24.7000007629395 24.7000007629395 24.7000007629395
-3.4e+38 -3.4e+38 -3.4e+38 -3.4e+38 -3.4e+38 16.2000007629395 15.8000001907349 16.2999992370605 16.8999996185303 17.7999992370605 17.5 16.2000007629395 13 11.6999998092651 13 9.89999961853027 4.69999980926514 7.19999980926514 9 8.60000038146973 12 12.1000003814697 12.3000001907349 11.5 9.69999980926514 10.5 10.8000001907349 10.3000001907349 9.5 5.09999990463257 11 11.1999998092651 13.1999998092651 14.1999998092651 17.3999996185303 19.3999996185303 19.8999996185303 21.6000003814697 21 19 21.2000007629395 22.2000007629395 23.2000007629395 23.7000007629395 24.1000003814697 24.2000007629395 24.2000007629395 24.2999992370605 24.3999996185303 24.6000003814697 24.6000003814697 24.6000003814697 24.6000003814697 24.6000003814697 24.6000003814697
-3.4e+38 -3.4e+38 -3.4e+38 -3.4e+38 -3.4e+38 17.6000003814697 16.3999996185303 16.3999996185303 17 16.6000003814697 15.5 15.8000001907349 13.1999998092651 10.3999996185303 11 9 7.19999980926514 6.80000019073486 8.80000019073486 9.39999961853027 11.3999996185303 12.1999998092651 12.1999998092651 11.3999996185303 9.60000038146973 10.1999998092651 8.19999980926514 10 7.19999980926514 5.19999980926514 11.3000001907349 15.3999996185303 11.1999998092651 15.3000001907349 19.2000007629395 19.7000007629395 19.3999996185303 20.8999996185303 20.8999996185303 19.5 21.1000003814697 22.3999996185303 23.3999996185303 23.7000007629395 24 24.1000003814697 24.2000007629395 24.2999992370605 24.2999992370605 24.3999996185303 24.3999996185303 24.5 24.5 24.6000003814697 24.5
-3.4e+38 -3.4e+38 -3.4e+38 -3.4e+38 -3.4e+38 18.7000007629395 17.2999992370605 17.7000007629395 18.1000003814697 16.6000003814697 15.1000003814697 14 9.60000038146973 9.39999961853027 10.6000003814697 9.60000038146973 8 5.30000019073486 8.19999980926514 9.80000019073486 8.69999980926514 11.1999998092651 11.3999996185303 11.6999998092651 10.1999998092651 10.6999998092651 7.69999980926514 9.19999980926514 5.5 9.60000038146973 12.8999996185303 15.8000001907349 11.8000001907349 14.6000003814697 19.1000003814697 20.1000003814697 19.2999992370605 21.1000003814697 20.7000007629395 20.8999996185303 22 22.7999992370605 23.3999996185303 23.7000007629395 23.8999996185303 24 24.1000003814697 24.2000007629395 24.2000007629395 24.2999992370605 24.2999992370605 24.3999996185303 24.5 24.5 24.5
-3.4e+38 -3.4e+38 -3.4e+38 -3.4e+38 -3.4e+38 -3.4e+38 18.2999992370605 18.5 18.3999996185303 17.7999992370605 16.5 13.8999996185303 8.89999961853027 8.69999980926514 10.3000001907349 9.89999961853027 5.59999990463257 5.69999980926514 7.19999980926514 9.69999980926514 6.90000009536743 8.69999980926514 8.39999961853027 10.6000003814697 9.60000038146973 9.60000038146973 9.30000019073486 8.60000038146973 7.19999980926514 13.8000001907349 16 15.3000001907349 13.6000003814697 16.1000003814697 18.6000003814697 20.3999996185303 19.7000007629395 19.2999992370605 21.2999992370605 21.2999992370605 22.5 22.7999992370605 23.1000003814697 23.6000003814697 23.7999992370605 23.8999996185303 24 24 24.1000003814697 24.2000007629395 24.2999992370605 24.3999996185303 24.3999996185303 24.3999996185303 24.3999996185303
-3.4e+38 -3.4e+38 -3.4e+38 -3.4e+38 -3.4e+38 -3.4e+38 18.6000003814697 18.6000003814697 18.5 18.5 17 14.5 11.6000003814697 8.60000038146973 8.30000019073486 9.19999980926514 5.90000009536743 7 6.09999990463257 7 6.69999980926514 7.40000009536743 9.39999961853027 10.6000003814697 8.39999961853027 9.69999980926514 9.39999961853027 7.30000019073486 8.39999961853027 14.8999996185303 17.7000007629395 14.8999996185303 14.1999998092651 16.2000007629395 20 20.2999992370605 18.2000007629395 18.7000007629395 21.3999996185303 22.2000007629395 22.3999996185303 22.2999992370605 23 23.5 23.7000007629395 23.7999992370605 24 24 24.1000003814697 24.2000007629395 24.2000007629395 24.2999992370605 24.2999992370605 24.3999996185303 24.3999996185303
-3.4e+38 -3.4e+38 -3.4e+38 -3.4e+38 19.3999996185303 19.1000003814697 18.6000003814697 18.6000003814697 18.2999992370605 18 16.7000007629395 13.8999996185303 11.3000001907349 8 9.89999961853027 7.80000019073486 6.40000009536743 9.10000038146973 7.59999990463257 6.59999990463257 2.79999995231628 8.10000038146973 12.1999998092651 7.19999980926514 7.90000009536743 7.5 8.30000019073486 7.69999980926514 10.6999998092651 15.5 17.1000003814697 17.1000003814697 16.1000003814697 16.6000003814697 19.7000007629395 18 17.7999992370605 18.7999992370605 21.3999996185303 22 22 21.7999992370605 22.7999992370605 23.3999996185303 23.6000003814697 23.7000007629395 23.8999996185303 24 24.1000003814697 24.1000003814697 24.2000007629395 24.2000007629395 24.2999992370605 24.2999992370605 24.2999992370605
