data/layers/future_layer_can_126_60/bio12.asc
NCOLS 494 
NROWS 529 
XLLCORNER -117.166666666667 
YLLCORNER -55.5 
CELLSIZE 0.166666666666667 
NODATA_value -3.4e+38 
[rows 24 to 47 of 529, columns 55 to 109 of 494]
670.099975585938 613.700012207031 535.5 489.299987792969 494.299987792969 503 478.100006103516 483.200012207031 486.100006103516 520.5 479 441.799987792969 429.600006103516 369.899993896484 330.899993896484 321.200012207031 340.399993896484 339.100006103516 330.5 333.799987792969 350.200012207031 342.200012207031 344.600006103516 331.700012207031 314.700012207031 310.5 337.700012207031 280.600006103516 249.899993896484 247.300003051758 247.699996948242 259.5 320.899993896484 306.5 321.200012207031 329.600006103516 355.799987792969 381.5 398 405.799987792969 424.600006103516 444.200012207031 468 489.100006103516 511.600006103516 523.5 533.299987792969 539.900024414062 547.099975585938 549.5 561.299987792969 589 614.599975585938 617.299987792969 611
750.200012207031 634.200012207031 592.5 523.400024414062 508.399993896484 519.099975585938 487.200012207031 476.5 487.600006103516 476.799987792969 477.100006103516 487.5 430 381 340.299987792969 326.200012207031 329.299987792969 339.899993896484 364.700012207031 364.799987792969 368 360.100006103516 354.600006103516 330.399993896484 299.600006103516 283.600006103516 276.700012207031 274.600006103516 251.199996948242 277.899993896484 255.600006103516 265.799987792969 326.899993896484 311.899993896484 327.899993896484 339.899993896484 391.799987792969 454.600006103516 467.600006103516 448.700012207031 419.399993896484 428.5 451.5 471.299987792969 490.200012207031 507.899993896484 519.400024414062 529 535.599975585938 538.599975585938 547.200012207031 568.200012207031 588.900024414062 595.400024414062 591.400024414062
821.200012207031 740.599975585938 678.099975585938 575.5 571.200012207031 529.799987792969 516 493.100006103516 479.700012207031 478.799987792969 465.5 474.200012207031 424.799987792969 385.799987792969 357.399993896484 336.5 341.700012207031 339.200012207031 341.700012207031 383.5 386.899993896484 373.299987792969 369.700012207031 347.600006103516 301.600006103516 287.399993896484 284.600006103516 289.799987792969 265.299987792969 338.799987792969 279.399993896484 290.100006103516 306.799987792969 332.600006103516 337.600006103516 352.299987792969 401.5 478.700012207031 509.299987792969 483 440.299987792969 427.399993896484 438.299987792969 453 472.5 491.600006103516 502.200012207031 512 521.700012207031 526.200012207031 537.400024414062 555.5 569 574.599975585938 584.799987792969
869.5 787.299987792969 720.599975585938 657.400024414062 610.799987792969 570 545.099975585938 521.700012207031 510.899993896484 489 473.200012207031 471.299987792969 433.600006103516 379.799987792969 354 349.299987792969 349.899993896484 348.399993896484 361.799987792969 373.5 371.799987792969 379.100006103516 357.700012207031 326.899993896484 302.899993896484 298.299987792969 293.899993896484 291.899993896484 280.200012207031 318 318.399993896484 308.399993896484 319.799987792969 335.700012207031 350.299987792969 371.299987792969 441.700012207031 534.599975585938 514 480.100006103516 449.100006103516 431.100006103516 428.899993896484 438.899993896484 454.5 472.799987792969 487.5 497.200012207031 507.600006103516 514.700012207031 528.900024414062 544.799987792969 554.5 562.299987792969 576.299987792969
888.099975585938 819.599975585938 756.400024414062 716.599975585938 652.5 580.099975585938 579.599975585938 539 529.099975585938 502.399993896484 485.700012207031 463.799987792969 426.600006103516 393 367.700012207031 360.100006103516 360.5 365.799987792969 365.899993896484 371.899993896484 375.200012207031 379 365 335.899993896484 316.799987792969 335.200012207031 318.899993896484 294 288.899993896484 295.200012207031 303.899993896484 321.5 322.100006103516 343.299987792969 354.799987792969 369 387.399993896484 466.100006103516 482.899993896484 463.799987792969 444.600006103516 432 425 429.5 441.700012207031 458.799987792969 475.100006103516 485.5 494.600006103516 503.200012207031 514.700012207031 529.700012207031 539.599975585938 554.5 574.700012207031
918.200012207031 850.799987792969 777.400024414062 731.700012207031 677.5 617.599975585938 644.700012207031 583.799987792969 548.099975585938 535.5 487.600006103516 470 448.899993896484 410.5 374.399993896484 360.399993896484 373.799987792969 374.399993896484 365.5 360.5 377.600006103516 369.799987792969 360.799987792969 351.899993896484 348.5 335.100006103516 345.5 310.5 297.700012207031 299.5 303.700012207031 341.799987792969 335.700012207031 336 352 366.899993896484 384 404.700012207031 408.700012207031 428.5 429.399993896484 421.700012207031 416.600006103516 419.399993896484 431.200012207031 448.399993896484 465.799987792969 477 485.399993896484 486.799987792969 495.700012207031 513.700012207031 528.200012207031 548.299987792969 573.099975585938
961.900024414062 880 824.299987792969 760.599975585938 703.900024414062 664.900024414062 632.099975585938 587.799987792969 557.099975585938 538.700012207031 505.200012207031 485.200012207031 439.5 398.399993896484 367.700012207031 341.5 359 364.899993896484 353.700012207031 358.700012207031 391.200012207031 372.799987792969 361.299987792969 356.5 382.5 351.200012207031 366.5 342.899993896484 322.600006103516 313.899993896484 309.299987792969 366.200012207031 369.299987792969 336.899993896484 351.600006103516 358.200012207031 372.299987792969 394.5 391 404.899993896484 410.399993896484 410.899993896484 411 408.5 425 442.200012207031 458.200012207031 473 478.600006103516 477.100006103516 483.200012207031 501.700012207031 521.700012207031 544 573
988.599975585938 915.200012207031 861.599975585938 801.200012207031 754.200012207031 732.900024414062 690.5 613.900024414062 633.700012207031 535.700012207031 492.399993896484 470.399993896484 449.799987792969 427.899993896484 400.100006103516 364.799987792969 364.399993896484 367.399993896484 355.700012207031 385.799987792969 375.700012207031 392.100006103516 370.600006103516 389.700012207031 364.799987792969 384.600006103516 386.299987792969 344.100006103516 321.5 314.299987792969 307.600006103516 344.299987792969 384.299987792969 330.799987792969 329.299987792969 336.799987792969 356.700012207031 366.100006103516 369.100006103516 372.399993896484 395 402.700012207031 409.899993896484 411.100006103516 419.100006103516 436.100006103516 456.200012207031 475.100006103516 478.399993896484 478 483.899993896484 497.899993896484 516.599975585938 539.099975585938 573.099975585938
946.200012207031 964.099975585938 914.200012207031 851.700012207031 789.200012207031 764.200012207031 758.700012207031 704.299987792969 738.900024414062 556.5 517.099975585938 515.599975585938 471.899993896484 483.399993896484 450.299987792969 416.700012207031 401.899993896484 385.899993896484 372.399993896484 387.399993896484 391.600006103516 379.200012207031 394.799987792969 443.899993896484 374 421.5 396.600006103516 341.799987792969 308 304.899993896484 302.200012207031 324.799987792969 353.299987792969 315.799987792969 307 339.600006103516 346.200012207031 355.700012207031 352.200012207031 358.5 376.5 393.100006103516 409 417 425.700012207031 435.700012207031 460.899993896484 479.200012207031 476.200012207031 476.899993896484 482 496.399993896484 516.400024414062 538.200012207031 570.799987792969
935.799987792969 920.200012207031 946.099975585938 905.299987792969 850.799987792969 828.599975585938 841.400024414062 821.200012207031 810.299987792969 584.900024414062 541.799987792969 572 535.599975585938 532.099975585938 497.700012207031 463.5 441.200012207031 413.299987792969 393.799987792969 387.700012207031 410.299987792969 376.200012207031 409 380.200012207031 330.899993896484 330.600006103516 314.100006103516 294.100006103516 319.700012207031 290.799987792969 295.299987792969 313.799987792969 373.200012207031 372.899993896484 313.399993896484 305.899993896484 324 340.399993896484 343.700012207031 362.600006103516 380.200012207031 384.299987792969 405.200012207031 429.5 437.700012207031 446.399993896484 461.799987792969 472.799987792969 469.5 471.399993896484 481.299987792969 494.799987792969 518.299987792969 539.200012207031 566.700012207031
839.599975585938 869.200012207031 1006.59997558594 975.299987792969 934.200012207031 920.299987792969 921.700012207031 927.400024414062 866.700012207031 635.400024414062 596.400024414062 625.799987792969 589.900024414062 556.599975585938 535 504.5 472.700012207031 444.799987792969 429.399993896484 401.100006103516 391.600006103516 367.299987792969 343.899993896484 314.600006103516 287 284.399993896484 279.399993896484 278.200012207031 329.600006103516 276.200012207031 284.600006103516 279.299987792969 284 282.399993896484 259.5 264.700012207031 289.5 316.200012207031 345.700012207031 374.200012207031 379.399993896484 394.700012207031 407.899993896484 432.799987792969 456.600006103516 467.600006103516 474.200012207031 468.899993896484 464.5 469.399993896484 483 497.899993896484 518.599975585938 546.200012207031 568.5
1022.20001220703 946.299987792969 955 992 1005.90002441406 971.599975585938 959.799987792969 943.700012207031 869.099975585938 743.5 659 661.099975585938 652.200012207031 578.299987792969 538 524 504.700012207031 486.299987792969 459.299987792969 422.600006103516 396.799987792969 357.600006103516 318.100006103516 300.200012207031 270.899993896484 264.5 270.600006103516 276.899993896484 286.399993896484 317.899993896484 305.600006103516 306.399993896484 285.399993896484 297 270.299987792969 267.299987792969 265.5 317.200012207031 315.100006103516 334.200012207031 354.399993896484 377.299987792969 400.600006103516 442.700012207031 462.100006103516 481.799987792969 495.299987792969 491.899993896484 475.799987792969 483.600006103516 495.200012207031 510.600006103516 527.099975585938 556.400024414062 572.900024414062
1086.09997558594 1122.19995117188 1043.40002441406 1101.30004882812 1034.69995117188 1004.20001220703 950.5 929.099975585938 897.599975585938 841.5 727 723.099975585938 631.900024414062 571.799987792969 539 543.299987792969 531.400024414062 510.600006103516 476 437 389.899993896484 336.299987792969 292.899993896484 274.700012207031 262.600006103516 262.100006103516 284.5 276.899993896484 287.299987792969 289.299987792969 330.899993896484 250.199996948242 220.800003051758 205.100006103516 215.699996948242 246.600006103516 274.200012207031 305.600006103516 314.600006103516 324.600006103516 329.899993896484 342.100006103516 370.5 421.100006103516 451 491.700012207031 516.900024414062 522.799987792969 511.600006103516 516.799987792969 519.099975585938 529.700012207031 548.900024414062 564.5 571.200012207031
1095.30004882812 1088 1159.09997558594 1133.40002441406 1138.09997558594 1058.40002441406 995.900024414062 918.200012207031 882.099975585938 857.5 747.799987792969 762.099975585938 704.700012207031 586.400024414062 545.200012207031 556.200012207031 555.200012207031 537.900024414062 492 430.100006103516 392.399993896484 331 286.600006103516 264.600006103516 257.5 259.399993896484 284.799987792969 264 309.100006103516 244 280.5 209.699996948242 209.399993896484 245.899993896484 282.799987792969 251.600006103516 241.5 332.5 357.899993896484 320.899993896484 322 326.899993896484 352.299987792969 391.600006103516 427.600006103516 493.5 527.299987792969 563 565 565.700012207031 551.099975585938 540.900024414062 545.299987792969 551.299987792969 560.5
1069.80004882812 1031 1142.09997558594 1144.69995117188 1132.5 1089 1013.09997558594 931.700012207031 903.799987792969 858.200012207031 791.200012207031 731.299987792969 671.799987792969 592.700012207031 571.200012207031 572.099975585938 572.400024414062 558.299987792969 516.200012207031 451.600006103516 389.799987792969 326.899993896484 293.899993896484 271.700012207031 262.5 260.700012207031 279.899993896484 263.5 295.200012207031 247.600006103516 324.899993896484 202.800003051758 220.100006103516 278.899993896484 309.700012207031 306.299987792969 266.100006103516 255.199996948242 286.899993896484 301 317.5 302.600006103516 314.100006103516 344.5 400.100006103516 478.899993896484 522 570.599975585938 593.400024414062 615.400024414062 583.799987792969 551.299987792969 536.700012207031 530.299987792969 541.599975585938
1008.29998779297 1064.30004882812 1057.80004882812 1132.90002441406 1068.09997558594 1085 1021.59997558594 948.799987792969 892.900024414062 885.799987792969 858.599975585938 772.5 655.400024414062 611.200012207031 584.099975585938 581 579.099975585938 576 552.299987792969 504 424.200012207031 360.899993896484 315.700012207031 290.200012207031 273.700012207031 262.600006103516 257.700012207031 257.5 244.699996948242 224.899993896484 226.899993896484 232.100006103516 224 244.300003051758 242.800003051758 291.899993896484 316.399993896484 275.600006103516 361.399993896484 302.399993896484 279.799987792969 280.5 288.600006103516 324.700012207031 416.799987792969 494.299987792969 563.200012207031 585.299987792969 606.599975585938 622.700012207031 599.700012207031 560.900024414062 529.599975585938 523.099975585938 545.799987792969
926.5 1020.40002441406 1182.30004882812 1036.19995117188 1045.69995117188 1083.5 1030.40002441406 961.900024414062 901.099975585938 902.200012207031 865.799987792969 807 665.599975585938 635.200012207031 591.700012207031 572.400024414062 564.400024414062 564.299987792969 576.200012207031 533.799987792969 466.700012207031 400.5 354.700012207031 326 299.600006103516 276.299987792969 244.399993896484 235.800003051758 226.699996948242 217.699996948242 211.199996948242 205.800003051758 215.199996948242 213.5 212.399993896484 234.800003051758 246.100006103516 305 404.200012207031 315 277 279.5 297.600006103516 344.899993896484 429.600006103516 519.900024414062 610.099975585938 631.599975585938 636.700012207031 642.700012207031 619.400024414062 583.599975585938 551.099975585938 540.700012207031 555.299987792969
854.799987792969 954.400024414062 1168 1130.90002441406 1029.80004882812 1113.69995117188 1059.19995117188 982.599975585938 938 891.700012207031 850.599975585938 797.900024414062 679 612.200012207031 627.900024414062 563.400024414062 539 513.599975585938 550.700012207031 552.200012207031 520.5 441.100006103516 382.200012207031 380.5 360.899993896484 339 249.199996948242 225.699996948242 222.5 221 211.199996948242 203.5 203.800003051758 214.399993896484 225.399993896484 217.399993896484 225.699996948242 257.600006103516 308.100006103516 299.700012207031 295.799987792969 284.399993896484 293.799987792969 338.100006103516 418.600006103516 543.700012207031 699.200012207031 729.799987792969 700.400024414062 690.099975585938 663.099975585938 622.700012207031 579 558.299987792969 554.599975585938
786.700012207031 878 1004 1083.09997558594 1064.40002441406 1120.69995117188 1135.69995117188 1062.19995117188 989.700012207031 967.299987792969 909.799987792969 799.700012207031 788.700012207031 640.799987792969 655.900024414062 537.599975585938 523.200012207031 495.600006103516 465.899993896484 535.599975585938 498.100006103516 453.799987792969 404.299987792969 442.5 446.200012207031 317.399993896484 283.299987792969 253.899993896484 244.600006103516 238.699996948242 225.300003051758 236.399993896484 224.100006103516 257.299987792969 279.299987792969 280 282.100006103516 293.600006103516 309.899993896484 302.100006103516 358.200012207031 348.100006103516 318.899993896484 447.600006103516 547 529.200012207031 712.599975585938 887.5 811.900024414062 759 735.299987792969 680.400024414062 615.700012207031 577.099975585938 550.5
738.099975585938 877 995.099975585938 1046.69995117188 1055 1122.90002441406 1181.59997558594 1079.40002441406 1026.5 1032 995.200012207031 896.799987792969 740.099975585938 599.900024414062 747.400024414062 544.599975585938 507.5 504.899993896484 474.200012207031 457.299987792969 458.899993896484 445.299987792969 376.200012207031 387.600006103516 411.700012207031 360.100006103516 334.299987792969 304.200012207031 286.100006103516 263.100006103516 243 228.699996948242 258 378.299987792969 409.299987792969 400.299987792969 402.5 375.799987792969 375.799987792969 373.100006103516 408 432.299987792969 433.200012207031 550.200012207031 638 624 666.099975585938 956.299987792969 942 844.200012207031 791.799987792969 723.900024414062 651.299987792969 599 562
716.700012207031 814.799987792969 957.900024414062 1006.90002441406 1062.69995117188 1084.5 1095.69995117188 1144.30004882812 1226.09997558594 1158.30004882812 1082.80004882812 976.599975585938 858.400024414062 664.900024414062 578 530 538.900024414062 597.900024414062 563.400024414062 515.900024414062 413.799987792969 470.100006103516 412.700012207031 386.899993896484 377.200012207031 373.700012207031 358.200012207031 356.600006103516 363.799987792969 324 303.600006103516 285.399993896484 267.600006103516 273.799987792969 306.600006103516 390.700012207031 443.799987792969 476.700012207031 501.700012207031 511.299987792969 492.899993896484 500.100006103516 575.099975585938 519.599975585938 578.5 671.400024414062 624.900024414062 793.099975585938 997.400024414062 899.200012207031 819.200012207031 742.299987792969 676.799987792969 630.5 594.599975585938
634.299987792969 715.200012207031 859.700012207031 949.400024414062 1025.5 1075.40002441406 1040.80004882812 1053.09997558594 1204.69995117188 1281.59997558594 1218.19995117188 1079.90002441406 951.599975585938 858.700012207031 744.700012207031 551.400024414062 555.200012207031 614.700012207031 613 583.200012207031 473.5 451.299987792969 448.600006103516 464.200012207031 422 402.700012207031 399.899993896484 371.100006103516 388.600006103516 349.200012207031 325.5 347.5 307.5 344.200012207031 333 379.100006103516 386.899993896484 429 506 531.099975585938 532.299987792969 522.099975585938 515.599975585938 475.299987792969 493.399993896484 604.099975585938 612.200012207031 606.5 821.400024414062 883.5 830.599975585938 762.400024414062 710 668.099975585938 646.200012207031
553.400024414062 613.299987792969 704.700012207031 792.900024414062 910.299987792969 967.799987792969 1020.59997558594 1131.80004882812 1347.09997558594 1142.40002441406 1115 1083.59997558594 1046.69995117188 912.900024414062 862.099975585938 666.900024414062 694.5 591.700012207031 580.5 601.299987792969 544.599975585938 515.900024414062 505 463.5 455.899993896484 430.200012207031 417.5 391 364.100006103516 379.899993896484 340.600006103516 351.5 353.899993896484 368.700012207031 385.899993896484 384.299987792969 399.5 439 448.100006103516 471.100006103516 489.299987792969 483.799987792969 497.399993896484 456.200012207031 444.799987792969 463.5 624.799987792969 574.799987792969 681.599975585938 854.599975585938 836.400024414062 760 711.599975585938 687.400024414062 685.5
503.5 536.700012207031 596 686.200012207031 823.5 927 1031.90002441406 1048.30004882812 1124 1036.09997558594 1204.69995117188 1082.80004882812 1103.19995117188 978.299987792969 935.200012207031 803.099975585938 745.700012207031 744.400024414062 619.5 598.099975585938 566.599975585938 549.900024414062 569.099975585938 509.700012207031 499.899993896484 487.600006103516 480.700012207031 446.799987792969 392.600006103516 368.299987792969 354.5 358.299987792969 351.899993896484 354.299987792969 392.600006103516 404.600006103516 380.200012207031 437.600006103516 495.399993896484 449.200012207031 467.5 465.899993896484 442.600006103516 450.799987792969 409.700012207031 413.600006103516 445.700012207031 508.799987792969 608.400024414062 792.099975585938 856.599975585938 752.700012207031 665.400024414062 729.200012207031 733.5
