data/layers/future_layer_can_126_60/bio19.asc
NCOLS 494 
NROWS 529 
XLLCORNER -117.166666666667 
YLLCORNER -55.5 
CELLSIZE 0.166666666666667 
NODATA_value -3.4e+38 
[rows 312 to 335 of 529, columns 275 to 329 of 494]
-3.4e+38 -3.4e+38 -3.4e+38 -3.4e+38 -3.4e+38 -3.4e+38 -3.4e+38 0 0 0 0 0 0 0.5 0.5 0 0.300000011920929 8.69999980926514 24.1000003814697 25.7000007629395 16.8999996185303 9.69999980926514 4.40000009536743 2.20000004768372 2 2.20000004768372 2.59999990463257 2.20000004768372 2 2 2.09999990463257 4.19999980926514 5.5 7.19999980926514 5.69999980926514 8.30000019073486 10.1000003814697 8.60000038146973 8 8.80000019073486 14.5 18 20.7999992370605 34.9000015258789 43.0999984741211 49.0999984741211 47.2000007629395 42.9000015258789 43.5999984741211 44.5 42.2000007629395 41 41.5 41.5 43
-3.4e+38 -3.4e+38 -3.4e+38 -3.4e+38 -3.4e+38 -3.4e+38 -3.4e+38 0 0 0 0 0 0 0.5 0.699999988079071 0 0 0.300000011920929 12.1999998092651 10.5 4.40000009536743 1.89999997615814 4.09999990463257 3.29999995231628 1.89999997615814 1 1.29999995231628 1 1.5 1.89999997615814 2 2.40000009536743 4.69999980926514 5.90000009536743 6.09999990463257 8 8.69999980926514 7.19999980926514 8.19999980926514 9 15 21 25.2000007629395 38.5999984741211 42.4000015258789 45.2999992370605 44.5 39.5 37.5999984741211 38.5 38.7999992370605 36.9000015258789 36.7999992370605 37.5999984741211 39.5
-3.4e+38 -3.4e+38 -3.4e+38 -3.4e+38 -3.4e+38 -3.4e+38 -3.4e+38 0 0 0 0 0 0 0.100000001490116 0.600000023841858 1.39999997615814 0.100000001490116 0 0 7.30000019073486 5.40000009536743 1 10.6999998092651 25.8999996185303 13.3999996185303 0.400000005960464 0.100000001490116 0 0.800000011920929 1.39999997615814 2 2.79999995231628 4.40000009536743 5.19999980926514 5.80000019073486 8 7.59999990463257 6.40000009536743 8.39999961853027 10.6999998092651 14.5 24.5 28.1000003814697 39.7999992370605 43.2000007629395 44 41.0999984741211 36.9000015258789 34 34.2000007629395 35.2999992370605 34.5999984741211 34.0999984741211 34 35.5999984741211
-3.4e+38 -3.4e+38 -3.4e+38 -3.4e+38 -3.4e+38 -3.4e+38 -3.4e+38 0.600000023841858 0 0 0 0 0 0 0.100000001490116 0.100000001490116 0 0 3.70000004768372 42 50.5 33.0999984741211 32 44 33.9000015258789 0.600000023841858 0 0.200000002980232 1.20000004768372 1.10000002384186 2.79999995231628 3.09999990463257 3.59999990463257 4.59999990463257 6.30000019073486 6.80000019073486 7 7.30000019073486 7.5 10.6999998092651 14.8999996185303 22.2000007629395 30.7999992370605 42.7999992370605 43.9000015258789 43 40.5 35.5999984741211 32.5999984741211 33.0999984741211 33.2000007629395 32.5 31.5 31.2999992370605 31.6000003814697
-3.4e+38 -3.4e+38 -3.4e+38 -3.4e+38 -3.4e+38 -3.4e+38 -3.4e+38 0.800000011920929 0 0 0 0 0 0.300000011920929 0.200000002980232 0.100000001490116 0 0 2 35.5 52.5 52 54.7000007629395 51.7000007629395 44.7999992370605 6.30000019073486 0 0.400000005960464 0.699999988079071 1 1.79999995231628 2.40000009536743 3 4 5 5.69999980926514 6.30000019073486 7 6.80000019073486 8.5 17.7000007629395 17.7000007629395 34.5999984741211 43.5 47.2999992370605 43.5999984741211 39.9000015258789 34.7000007629395 32.5 32.9000015258789 32.4000015258789 31 30 28.8999996185303 29.3999996185303
-3.4e+38 -3.4e+38 -3.4e+38 -3.4e+38 -3.4e+38 -3.4e+38 -3.4e+38 0.5 0 0 0 0 0 0 0.300000011920929 0 0.699999988079071 4.59999990463257 7.69999980926514 32.7000007629395 25.2000007629395 52 53.5 54.2999992370605 30.7999992370605 35 0.899999976158142 0.300000011920929 1 1 1.70000004768372 2 2.40000009536743 3.90000009536743 4.5 5.80000019073486 4.90000009536743 6.19999980926514 7.59999990463257 13.1999998092651 21.5 20 38 45 48.5999984741211 43.7000007629395 39.5 36 32.5999984741211 32.5999984741211 32 30.1000003814697 28.7000007629395 27.1000003814697 26.7000007629395
-3.4e+38 -3.4e+38 -3.4e+38 -3.4e+38 -3.4e+38 -3.4e+38 -3.4e+38 0.100000001490116 0 0 0 0 0 0 0 0 2 2.59999990463257 7.40000009536743 23.2000007629395 4.30000019073486 28.5 55.0999984741211 54.7000007629395 55 46.7000007629395 14.6000003814697 0.100000001490116 0.300000011920929 1.20000004768372 1.29999995231628 2 2 3.59999990463257 5 5.30000019073486 4.5 6.09999990463257 8.10000038146973 17.7999992370605 23.7000007629395 30.2000007629395 43.5999984741211 46.5999984741211 47.5999984741211 43.0999984741211 40.5999984741211 37.4000015258789 33.4000015258789 31.7999992370605 31.1000003814697 28.6000003814697 27 24.8999996185303 24.1000003814697
-3.4e+38 -3.4e+38 -3.4e+38 -3.4e+38 -3.4e+38 -3.4e+38 -3.4e+38 0.100000001490116 0 0 0 0 0 0 0 0 0 0.100000001490116 0.699999988079071 4 7.69999980926514 0.899999976158142 22.6000003814697 51.2999992370605 48.4000015258789 23.7999992370605 4.5 1.5 0 0.899999976158142 1.20000004768372 2 2 2.59999990463257 4.5 4.59999990463257 5.19999980926514 6.19999980926514 7.19999980926514 18.7999992370605 20.3999996185303 34.4000015258789 50.5999984741211 48.4000015258789 48.5999984741211 44.2999992370605 42.2000007629395 39.9000015258789 35.0999984741211 32.0999984741211 31.3999996185303 28.5 25.8999996185303 24.2999992370605 24.2000007629395
-3.4e+38 -3.4e+38 -3.4e+38 -3.4e+38 -3.4e+38 -3.4e+38 -3.4e+38 0 0 0 0 0 0 0 0 0 0 0 0 0.300000011920929 1.89999997615814 0 9.30000019073486 13.3999996185303 4.40000009536743 2.70000004768372 4.80000019073486 1.5 0 0.100000001490116 0.899999976158142 2 2 2.29999995231628 4 4.69999980926514 6.19999980926514 5.19999980926514 8.10000038146973 13.1999998092651 17.8999996185303 46.2000007629395 54.7999992370605 54.0999984741211 52.0999984741211 47.5 45 42.7000007629395 37.5999984741211 33.2000007629395 30.6000003814697 28.5 25.2000007629395 23.7000007629395 24.6000003814697
-3.4e+38 -3.4e+38 -3.4e+38 -3.4e+38 -3.4e+38 -3.4e+38 -3.4e+38 0 0 0 0 0 0 0 0 0.100000001490116 0 0 0 0 0.5 1.70000004768372 4 0.400000005960464 1.5 0.899999976158142 2.59999990463257 0 0 0 0.300000011920929 1.70000004768372 2 2.29999995231628 3.20000004768372 3.09999990463257 6.19999980926514 7 7.30000019073486 21.7000007629395 21.2999992370605 38.7000007629395 57.7000007629395 57.5 55.2999992370605 52.2000007629395 48.7000007629395 46.5999984741211 39.9000015258789 34.9000015258789 32 28 24.3999996185303 22.6000003814697 22.7999992370605
-3.4e+38 -3.4e+38 -3.4e+38 -3.4e+38 -3.4e+38 -3.4e+38 -3.4e+38 -3.4e+38 0 0 0 0 0 0 0 0 0 0 0 0.699999988079071 0.200000002980232 0 0 0 0 0 0 0 0 0 0.200000002980232 1.70000004768372 2 2 2 2.90000009536743 6.30000019073486 6.30000019073486 8.5 14.6000003814697 26.6000003814697 34.7000007629395 53.5 60.5 58.7000007629395 55.7999992370605 52.7000007629395 50.5999984741211 42.5999984741211 36.7999992370605 32.7999992370605 28.1000003814697 24.2000007629395 22.1000003814697 21
-3.4e+38 -3.4e+38 -3.4e+38 -3.4e+38 -3.4e+38 -3.4e+38 -3.4e+38 -3.4e+38 0 0 0 0 0 0.100000001490116 0 0 0.100000001490116 0.300000011920929 0.300000011920929 0 0 0 0 0 0.200000002980232 0 0 0 0 0.200000002980232 0.699999988079071 1.29999995231628 1.89999997615814 2 2 2.90000009536743 6.30000019073486 5.59999990463257 7.09999990463257 11.6000003814697 18.5 27.7000007629395 50.2000007629395 63.9000015258789 63.0999984741211 60.4000015258789 58.2999992370605 53.2999992370605 44.7999992370605 39.5999984741211 33.2999992370605 28.7999992370605 25 23 21.8999996185303
-3.4e+38 -3.4e+38 -3.4e+38 -3.4e+38 -3.4e+38 -3.4e+38 -3.4e+38 -3.4e+38 0 0 0 0 0 0.200000002980232 0 0 0.100000001490116 0 0 0.200000002980232 0.100000001490116 0 0 0 0.699999988079071 0 0 0 0 0.300000011920929 0.5 1.60000002384186 2 2 1.89999997615814 2.29999995231628 4.80000019073486 3.90000009536743 7.40000009536743 17 16.7999992370605 19.6000003814697 50.7000007629395 66.5 66.5999984741211 67.6999969482422 67.0999984741211 56.0999984741211 47.2000007629395 41.5 34.5999984741211 29.7000007629395 26.7000007629395 24.7999992370605 23.8999996185303
-3.4e+38 -3.4e+38 -3.4e+38 -3.4e+38 -3.4e+38 -3.4e+38 -3.4e+38 -3.4e+38 0 0 0 0 0.100000001490116 0.100000001490116 0 0 0 0.100000001490116 0 0.100000001490116 0.200000002980232 1.60000002384186 0 0 0 0 0 0 0.899999976158142 0.800000011920929 1.10000002384186 0.899999976158142 1.70000004768372 1.79999995231628 1.89999997615814 1.89999997615814 3.90000009536743 3 8.5 22.7000007629395 22.7999992370605 29.7999992370605 56.2999992370605 65.3000030517578 66.8000030517578 73.4000015258789 70.9000015258789 58.2000007629395 49.7999992370605 43.2000007629395 35.5999984741211 30.1000003814697 27.7999992370605 26.1000003814697 25.6000003814697
-3.4e+38 -3.4e+38 -3.4e+38 -3.4e+38 -3.4e+38 -3.4e+38 -3.4e+38 0.300000011920929 0 0 0 0 0 0 0 0 0 0 0.300000011920929 0.800000011920929 0.899999976158142 0.899999976158142 0 0 0 0 0 0.100000001490116 1.29999995231628 0.800000011920929 0.5 1.20000004768372 1 1.29999995231628 1.20000004768372 2.20000004768372 3.09999990463257 3.09999990463257 13.1000003814697 24 26.1000003814697 57.2000007629395 64.4000015258789 65.8000030517578 70.4000015258789 75 72.5 59.9000015258789 52 43.7000007629395 36.7999992370605 32.4000015258789 29.7999992370605 27.2999992370605 27.5
-3.4e+38 -3.4e+38 -3.4e+38 -3.4e+38 -3.4e+38 -3.4e+38 -3.4e+38 0.400000005960464 0 0 0 0 0 0 0 0 0 0.5 0.200000002980232 1 1.29999995231628 0.899999976158142 0.200000002980232 0 0.300000011920929 0.300000011920929 1.10000002384186 0.400000005960464 0.400000005960464 0.300000011920929 0.400000005960464 1.10000002384186 0.699999988079071 1 1 2.20000004768372 2.90000009536743 3.29999995231628 12.5 20.6000003814697 29.6000003814697 68.3000030517578 68.9000015258789 67.9000015258789 71.9000015258789 72.8000030517578 67.0999984741211 57.7999992370605 50.7000007629395 44.5 38.5 33.4000015258789 30.7000007629395 28.7999992370605 29.7999992370605
-3.4e+38 -3.4e+38 -3.4e+38 -3.4e+38 -3.4e+38 -3.4e+38 -3.4e+38 0 0 0 0 0 0 0 0 0 0 0 0.200000002980232 0.699999988079071 0.899999976158142 0.699999988079071 0.100000001490116 0 0.300000011920929 0.300000011920929 0.400000005960464 0.400000005960464 0.400000005960464 0 0.800000011920929 1 1.10000002384186 1.20000004768372 1.39999997615814 1.79999995231628 2.20000004768372 3.29999995231628 9.80000019073486 23.2000007629395 43.5999984741211 69.9000015258789 71.6999969482422 71.8000030517578 69.4000015258789 67.6999969482422 62.9000015258789 56.2000007629395 50.9000015258789 45 39.5999984741211 34.2000007629395 31.2000007629395 29.7000007629395 30.2999992370605
-3.4e+38 -3.4e+38 -3.4e+38 -3.4e+38 -3.4e+38 -3.4e+38 -3.4e+38 0 0 0 0 0 0 0 0 0 0 0 0 0.400000005960464 1.29999995231628 1.79999995231628 0.600000023841858 0 0.400000005960464 0.5 0.400000005960464 1.20000004768372 0.699999988079071 0.300000011920929 1.5 1.60000002384186 1.29999995231628 1.89999997615814 2 2 2.20000004768372 3.59999990463257 8.19999980926514 27.2999992370605 56.5 69.1999969482422 68.1999969482422 68.1999969482422 66.9000015258789 64.8000030517578 59.7999992370605 55.0999984741211 50.5999984741211 44.2999992370605 39.7999992370605 35 31.7999992370605 29.7999992370605 30.2000007629395
-3.4e+38 -3.4e+38 -3.4e+38 -3.4e+38 -3.4e+38 -3.4e+38 -3.4e+38 0 0 0.5 0 0 0.100000001490116 0.100000001490116 0 0 0 0 0 0.400000005960464 1.39999997615814 0.899999976158142 0.400000005960464 0.200000002980232 1.39999997615814 1.60000002384186 1.20000004768372 1 0 0.5 1.79999995231628 2.20000004768372 1.10000002384186 1.29999995231628 1.70000004768372 2 3.29999995231628 3.09999990463257 12.1999998092651 38.5999984741211 68.1999969482422 70.5999984741211 68.3000030517578 67 64.5999984741211 61.7000007629395 57.2999992370605 54 49.7000007629395 44 39.4000015258789 35.4000015258789 32 30.2000007629395 30.6000003814697
-3.4e+38 -3.4e+38 -3.4e+38 -3.4e+38 -3.4e+38 -3.4e+38 -3.4e+38 0 0.300000011920929 0.899999976158142 0.100000001490116 0 0 0.300000011920929 0 0 0 0 0 0.200000002980232 2.29999995231628 0.899999976158142 0.400000005960464 0.300000011920929 1.10000002384186 1.5 2.09999990463257 1.79999995231628 1.79999995231628 1.89999997615814 1.89999997615814 2 1 1 1 1.70000004768372 2.29999995231628 4.30000019073486 22 45.9000015258789 59.5999984741211 64.6999969482422 66.1999969482422 64.9000015258789 62.7999992370605 59.2000007629395 56.5 52.7000007629395 49 43.9000015258789 39.5 35.7999992370605 33 31.2999992370605 31.2000007629395
-3.4e+38 -3.4e+38 -3.4e+38 -3.4e+38 -3.4e+38 -3.4e+38 -3.4e+38 0 0.100000001490116 0.100000001490116 0 0 0.100000001490116 0 0 0 0 0 0 0 1.5 0.800000011920929 0.600000023841858 0.699999988079071 0.600000023841858 0.800000011920929 1.39999997615814 2 1.79999995231628 2 2 2 1 1 1 1.29999995231628 2.40000009536743 7.90000009536743 25.5 48.2000007629395 57.9000015258789 35.4000015258789 64 62 59 56.7000007629395 53.7000007629395 51.2000007629395 48.5 43.5 39.2000007629395 36.2000007629395 34.4000015258789 18.3999996185303 18.2000007629395
-3.4e+38 -3.4e+38 -3.4e+38 -3.4e+38 -3.4e+38 -3.4e+38 -3.4e+38 0 0.200000002980232 0 0 0.100000001490116 0.300000011920929 0 0 0 0 0 0 0 0.600000023841858 1.89999997615814 2.20000004768372 0 0 0.899999976158142 1.39999997615814 1.39999997615814 2 2 2 2 1 1 1 1 2.29999995231628 5.69999980926514 20.3999996185303 47.2999992370605 53.4000015258789 32.5999984741211 58.0999984741211 57.2999992370605 54.7000007629395 52.7999992370605 50.2999992370605 48.0999984741211 45.5999984741211 42.7999992370605 39.5999984741211 20.1000003814697 19.2999992370605 19.6000003814697 20.2000007629395
-3.4e+38 -3.4e+38 -3.4e+38 -3.4e+38 -3.4e+38 -3.4e+38 0.5 0 0 0 0.100000001490116 0.100000001490116 0.100000001490116 0 0 0 0 0 0 0 0.600000023841858 3.5 3.29999995231628 0.300000011920929 0.300000011920929 1.10000002384186 0.800000011920929 1.39999997615814 1.60000002384186 2 2 2 1.10000002384186 2 1 1.39999997615814 2.40000009536743 3.40000009536743 14.3000001907349 44 49.2999992370605 29.7999992370605 29.5 51.2000007629395 49.7999992370605 48.2000007629395 45.7000007629395 45.4000015258789 44.4000015258789 41.9000015258789 22.2000007629395 21.7999992370605 21.1000003814697 21.1000003814697 22.1000003814697
-3.4e+38 -3.4e+38 -3.4e+38 -3.4e+38 -3.4e+38 2.09999990463257 0 0.100000001490116 0.100000001490116 0 0 0 0.100000001490116 0 0 0 0 0 0 0 0.100000001490116 3.09999990463257 3.09999990463257 7.19999980926514 0.200000002980232 0.300000011920929 0.400000005960464 0.400000005960464 1.60000002384186 2 2 2 1.60000002384186 1 1.39999997615814 1.89999997615814 2.20000004768372 3.79999995231628 11.1000003814697 41.4000015258789 45 25.7000007629395 25.6000003814697 25.2000007629395 45.5 44 43.5999984741211 24 23.6000003814697 23 23 23 22.8999996185303 23.3999996185303 25.1000003814697
