data/layers/future_layer_can_126_60/bio16.asc
NCOLS 494 
NROWS 529 
XLLCORNER -117.166666666667 
YLLCORNER -55.5 
CELLSIZE 0.166666666666667 
NODATA_value -3.4e+38 
[rows 432 to 455 of 529, columns 275 to 329 of 494]
433 347.100006103516 287.899993896484 246 185.899993896484 144.899993896484 119.599998474121 100.699996948242 83.5999984741211 70.6999969482422 59.0999984741211 50.2000007629395 44.2000007629395 40.2999992370605 42.7000007629395 52.2999992370605 58.0999984741211 62.5999984741211 69.5999984741211 73.6999969482422 74.1999969482422 69.1999969482422 65.3000030517578 69 76.0999984741211 85.9000015258789 97 104.199996948242 105 102.699996948242 98.5999984741211 95.0999984741211 92 88.5999984741211 87.3000030517578 88 88.4000015258789 88.4000015258789 89.3000030517578 90.6999969482422 92 93.5999984741211 96 99.5999984741211 104.5 109.599998474121 116 122.199996948242 127.599998474121 134.100006103516 140.100006103516 145.899993896484 153.199996948242 166.399993896484 181.199996948242
409 334.200012207031 282.5 225.5 171.600006103516 144.600006103516 120.800003051758 101.699996948242 89.1999969482422 75.6999969482422 66.5 57.4000015258789 48.2000007629395 42.2999992370605 44.7999992370605 51.4000015258789 55 61.2000007629395 67.6999969482422 71 70.5999984741211 68.5999984741211 66 68.6999969482422 75.0999984741211 82.5 89.9000015258789 95.1999969482422 97.0999984741211 96.1999969482422 94 91.1999969482422 89 86.6999969482422 85.0999984741211 84.8000030517578 84.3000030517578 84.5999984741211 85.0999984741211 86.0999984741211 87.4000015258789 88.9000015258789 91.0999984741211 95.5999984741211 100.099998474121 105.599998474121 112.300003051758 118 124.400001525879 129.899993896484 135.399993896484 139.5 146 158.800003051758 172.600006103516
404.5 328.899993896484 268.600006103516 215.199996948242 176.800003051758 146.600006103516 122.099998474121 110.099998474121 97.0999984741211 83.3000030517578 72 61.9000015258789 51.7000007629395 46.0999984741211 46.5 50.7000007629395 54.7000007629395 60.5 65.5999984741211 68.0999984741211 68.9000015258789 68.4000015258789 67.4000015258789 70.5999984741211 74.3000030517578 79.3000030517578 85.9000015258789 88.6999969482422 89.6999969482422 90 88.8000030517578 87.0999984741211 85.6999969482422 85.1999969482422 83.8000030517578 83.1999969482422 82.5 82.1999969482422 82.5 82.5999984741211 83.1999969482422 84.1999969482422 86.0999984741211 90.5999984741211 96.0999984741211 101.099998474121 109.199996948242 114.699996948242 120 126.800003051758 130.899993896484 136.300003051758 143.600006103516 153.5 164.300003051758
398.299987792969 328.700012207031 274.100006103516 225.5 185.5 153.100006103516 127.699996948242 120 108.199996948242 87 74 63.5 53.5999984741211 49.2000007629395 49.2999992370605 51.2000007629395 54.0999984741211 59.2000007629395 63.7999992370605 66.4000015258789 67.5 67.1999969482422 67.9000015258789 71.5999984741211 74.5999984741211 78 81.5999984741211 86.0999984741211 87.0999984741211 85.0999984741211 86.5999984741211 85.6999969482422 85 84.3000030517578 83.3000030517578 82.1999969482422 82.0999984741211 80.5 80.4000015258789 80.0999984741211 79.3000030517578 79.1999969482422 82.3000030517578 87.1999969482422 92.5999984741211 99.4000015258789 105.400001525879 111.099998474121 117.300003051758 124.199996948242 129.899993896484 136.199996948242 142.800003051758 150 -3.4e+38
412.799987792969 342.799987792969 284.799987792969 233.199996948242 186.5 155.399993896484 140.800003051758 127.5 107.099998474121 86 71.8000030517578 64.6999969482422 57.5 53.5 52.5999984741211 52.9000015258789 54.7999992370605 58.7999992370605 62.7000007629395 65 66.6999969482422 67.1999969482422 68.9000015258789 70.5 74.6999969482422 77.6999969482422 80.0999984741211 81.8000030517578 82.4000015258789 83 83.6999969482422 84.4000015258789 84.3000030517578 83.8000030517578 82.5 82.0999984741211 81.9000015258789 80.8000030517578 80.3000030517578 79.6999969482422 77.8000030517578 76.5999984741211 80.3000030517578 85.5 91.9000015258789 97.1999969482422 104.400001525879 110.900001525879 117.400001525879 125.199996948242 129.5 135.5 142.699996948242 148.600006103516 -3.4e+38
425.799987792969 342.100006103516 275.700012207031 238 196.800003051758 160.199996948242 140.699996948242 129.100006103516 106.599998474121 90.6999969482422 78.5999984741211 69 61.7000007629395 55.5999984741211 55.0999984741211 54.9000015258789 56.5 60.0999984741211 62.7000007629395 65.3000030517578 66.8000030517578 67.8000030517578 68.5 71 73.9000015258789 75.9000015258789 77.5 79.0999984741211 80.8000030517578 82.5999984741211 82.9000015258789 82.3000030517578 82.6999969482422 83.0999984741211 83.3000030517578 82.6999969482422 82.4000015258789 83.0999984741211 82.5999984741211 81.0999984741211 79.6999969482422 79.4000015258789 81.3000030517578 85.9000015258789 91.1999969482422 96.6999969482422 102.400001525879 110.099998474121 117.099998474121 123.800003051758 130.699996948242 136 141.899993896484 147.199996948242 -3.4e+38
404.100006103516 350.200012207031 288.5 246 199.300003051758 163.399993896484 151.699996948242 135.699996948242 110.800003051758 96.0999984741211 85.5999984741211 77.5999984741211 68.9000015258789 61.2000007629395 59.2999992370605 58.2000007629395 58.5999984741211 61.5 63.2000007629395 66.0999984741211 68 68.5 69.3000030517578 70.4000015258789 72.8000030517578 74.1999969482422 76.0999984741211 78 80.1999969482422 82 83.6999969482422 85.3000030517578 81.9000015258789 82.1999969482422 84.0999984741211 84.8000030517578 98.8000030517578 89.3000030517578 85.1999969482422 84.5999984741211 83.1999969482422 83.4000015258789 84.6999969482422 87.1999969482422 91.5 96.5999984741211 102.099998474121 109.5 116.599998474121 123.199996948242 131.600006103516 136.100006103516 141.300003051758 -3.4e+38 -3.4e+38
389.5 360.299987792969 292.700012207031 245.300003051758 211.899993896484 183.300003051758 161.100006103516 131.899993896484 113.199996948242 101 88.0999984741211 77.5 69.0999984741211 64.5999984741211 63.4000015258789 62.4000015258789 63 64.4000015258789 65.5 67.1999969482422 68.1999969482422 68.4000015258789 69.6999969482422 70.9000015258789 71.4000015258789 73.0999984741211 74.0999984741211 76.0999984741211 78.0999984741211 79.1999969482422 80 82 86.5999984741211 80.8000030517578 82.0999984741211 83.1999969482422 85.6999969482422 88.0999984741211 88.5 86.8000030517578 86 85.8000030517578 86.4000015258789 88.8000030517578 92.3000030517578 97.3000030517578 102.900001525879 110.099998474121 116.699996948242 124.599998474121 130.199996948242 137.600006103516 139.899993896484 144.100006103516 147.100006103516
385.5 336.399993896484 297.899993896484 244.100006103516 200.199996948242 174.5 162 135.199996948242 116.400001525879 99.4000015258789 86.0999984741211 79 72.9000015258789 68.8000030517578 65.6999969482422 64.0999984741211 66.6999969482422 66.4000015258789 66.9000015258789 68.4000015258789 69.1999969482422 69.5999984741211 69.5 69.5999984741211 69.3000030517578 70.6999969482422 71.9000015258789 73.8000030517578 75.8000030517578 77.0999984741211 78.3000030517578 79.6999969482422 79.4000015258789 79.8000030517578 81.4000015258789 83.3000030517578 85.6999969482422 -3.4e+38 -3.4e+38 88.6999969482422 87.5999984741211 87.4000015258789 88.0999984741211 90.0999984741211 93.3000030517578 97.6999969482422 103.400001525879 108.5 115.5 124 131.399993896484 134.800003051758 137.800003051758 142.600006103516 -3.4e+38
375.100006103516 327.899993896484 289.799987792969 244.300003051758 201.899993896484 176.199996948242 162.399993896484 136.399993896484 120.800003051758 103.5 93.1999969482422 85.0999984741211 79.5 71.6999969482422 70.1999969482422 64.5 67.6999969482422 68.8000030517578 68.8000030517578 69.4000015258789 70.3000030517578 69.6999969482422 69.5 69.6999969482422 69.8000030517578 70.3000030517578 71.4000015258789 72.3000030517578 73.3000030517578 74.1999969482422 76.5 77.5 78.6999969482422 78.9000015258789 79.6999969482422 81.5999984741211 84.1999969482422 -3.4e+38 -3.4e+38 -3.4e+38 -3.4e+38 -3.4e+38 87.6999969482422 90.3000030517578 93.5 97.9000015258789 102.900001525879 108.599998474121 115.5 122.199996948242 129.199996948242 131.800003051758 -3.4e+38 -3.4e+38 -3.4e+38
363.399993896484 313.899993896484 281.700012207031 245.699996948242 209 182.800003051758 160.899993896484 139 123.800003051758 108.099998474121 99.4000015258789 96.4000015258789 89.3000030517578 76.1999969482422 68.8000030517578 69.1999969482422 71.1999969482422 71 70.1999969482422 69.5 69.6999969482422 69.9000015258789 69.5 69.3000030517578 69.5999984741211 69.9000015258789 71.3000030517578 72.0999984741211 72.5 73.4000015258789 74.0999984741211 75.8000030517578 77.1999969482422 77.9000015258789 78.6999969482422 79.5 82.3000030517578 -3.4e+38 -3.4e+38 -3.4e+38 -3.4e+38 -3.4e+38 -3.4e+38 -3.4e+38 -3.4e+38 97.8000030517578 101.900001525879 106.900001525879 113.099998474121 118.800003051758 -3.4e+38 -3.4e+38 -3.4e+38 -3.4e+38 -3.4e+38
373.200012207031 332.399993896484 292.799987792969 249.5 218.199996948242 190.399993896484 164.800003051758 146.800003051758 127.900001525879 111.099998474121 103.599998474121 99.5999984741211 91.1999969482422 82.9000015258789 75.3000030517578 75.6999969482422 74.8000030517578 71.3000030517578 70.1999969482422 68.8000030517578 68.8000030517578 69.3000030517578 69.3000030517578 69.8000030517578 69.5999984741211 70.3000030517578 71.9000015258789 72 72.5 72.5999984741211 72.8000030517578 73.5 73.9000015258789 75 76.3000030517578 77.5999984741211 79 -3.4e+38 -3.4e+38 -3.4e+38 -3.4e+38 -3.4e+38 -3.4e+38 -3.4e+38 -3.4e+38 -3.4e+38 -3.4e+38 -3.4e+38 -3.4e+38 -3.4e+38 -3.4e+38 -3.4e+38 -3.4e+38 -3.4e+38 -3.4e+38
373.600006103516 341.399993896484 279.700012207031 235.899993896484 203.899993896484 187.399993896484 180.600006103516 157.399993896484 133.300003051758 118.400001525879 107.199996948242 102.199996948242 91.9000015258789 84.8000030517578 79.3000030517578 76 74.9000015258789 71.4000015258789 71.3000030517578 68.0999984741211 68 68.1999969482422 68.6999969482422 68.6999969482422 68.8000030517578 70.8000030517578 71.6999969482422 70.8000030517578 71.3000030517578 71 70.5 71.4000015258789 72.3000030517578 72.6999969482422 72.8000030517578 73.4000015258789 75.4000015258789 -3.4e+38 -3.4e+38 -3.4e+38 -3.4e+38 -3.4e+38 -3.4e+38 -3.4e+38 -3.4e+38 -3.4e+38 -3.4e+38 -3.4e+38 -3.4e+38 -3.4e+38 -3.4e+38 -3.4e+38 -3.4e+38 -3.4e+38 -3.4e+38
348.299987792969 321.799987792969 279.100006103516 228.399993896484 194 171.600006103516 151.800003051758 138.199996948242 128.399993896484 120 112.599998474121 102.400001525879 94 93.4000015258789 84 77 73.3000030517578 69.8000030517578 68.0999984741211 66.5999984741211 66.1999969482422 67 67.1999969482422 67.4000015258789 67.8000030517578 68.9000015258789 69.6999969482422 69.0999984741211 70 69.5999984741211 69.3000030517578 69.1999969482422 69.6999969482422 70 70.3000030517578 70.4000015258789 71.9000015258789 73.5 -3.4e+38 -3.4e+38 -3.4e+38 -3.4e+38 -3.4e+38 -3.4e+38 -3.4e+38 -3.4e+38 -3.4e+38 -3.4e+38 -3.4e+38 -3.4e+38 -3.4e+38 -3.4e+38 -3.4e+38 -3.4e+38 -3.4e+38
330.600006103516 289.200012207031 246.600006103516 212 193.300003051758 170 151 136.199996948242 123.400001525879 118 108.300003051758 101 95 102.199996948242 84.8000030517578 79.3000030517578 74.4000015258789 71.4000015258789 71.9000015258789 65.3000030517578 65.9000015258789 65 65.3000030517578 65.6999969482422 65.3000030517578 65.9000015258789 66.4000015258789 67.5 67.5 67.9000015258789 67.8000030517578 68 68 67.4000015258789 67.9000015258789 67.9000015258789 67.9000015258789 69.4000015258789 -3.4e+38 -3.4e+38 -3.4e+38 -3.4e+38 -3.4e+38 -3.4e+38 -3.4e+38 -3.4e+38 -3.4e+38 -3.4e+38 -3.4e+38 -3.4e+38 -3.4e+38 -3.4e+38 -3.4e+38 -3.4e+38 -3.4e+38
296.600006103516 273.100006103516 237.5 207.100006103516 180.399993896484 165.800003051758 150.100006103516 136.899993896484 120.599998474121 114.099998474121 108.300003051758 104.199996948242 99 89.5 85.4000015258789 85.8000030517578 81.8000030517578 77.6999969482422 85.4000015258789 65.3000030517578 63.5999984741211 63.2999992370605 63.7999992370605 63.2999992370605 63.4000015258789 63.5999984741211 64.3000030517578 64.5 65.5999984741211 65.5999984741211 66.0999984741211 66.1999969482422 66.0999984741211 65.5999984741211 65.1999969482422 64.5999984741211 65.0999984741211 -3.4e+38 -3.4e+38 -3.4e+38 -3.4e+38 -3.4e+38 -3.4e+38 -3.4e+38 -3.4e+38 -3.4e+38 -3.4e+38 -3.4e+38 -3.4e+38 -3.4e+38 -3.4e+38 -3.4e+38 -3.4e+38 -3.4e+38 -3.4e+38
304.100006103516 278.799987792969 230.100006103516 205.399993896484 180 160.5 143 133.5 122.699996948242 110.300003051758 100.599998474121 99.3000030517578 104.199996948242 94.5 95.5 104.800003051758 97.0999984741211 90.6999969482422 82.1999969482422 70.5999984741211 61.4000015258789 61.5 62.4000015258789 62.0999984741211 62.2000007629395 62.0999984741211 65.3000030517578 62.5 63.9000015258789 64.4000015258789 64.4000015258789 64 63.7999992370605 63.7999992370605 63.5 62.7999992370605 62.2000007629395 -3.4e+38 -3.4e+38 -3.4e+38 -3.4e+38 -3.4e+38 -3.4e+38 -3.4e+38 -3.4e+38 -3.4e+38 -3.4e+38 -3.4e+38 -3.4e+38 -3.4e+38 -3.4e+38 -3.4e+38 -3.4e+38 -3.4e+38 -3.4e+38
316.399993896484 279.5 231 196.600006103516 178.399993896484 158 136.899993896484 127 119 110.800003051758 101.400001525879 92.6999969482422 84.0999984741211 86.4000015258789 82.8000030517578 76.3000030517578 77.5999984741211 68.3000030517578 69.0999984741211 73.4000015258789 60.2999992370605 60.2999992370605 59.9000015258789 61.7000007629395 62.0999984741211 62.5 62.5 61.2000007629395 62.4000015258789 62.7999992370605 63.0999984741211 62.9000015258789 62.7999992370605 62.9000015258789 62 60.5999984741211 60.7999992370605 60.9000015258789 62.0999984741211 -3.4e+38 -3.4e+38 -3.4e+38 -3.4e+38 -3.4e+38 88.9000015258789 93 -3.4e+38 -3.4e+38 -3.4e+38 -3.4e+38 -3.4e+38 -3.4e+38 -3.4e+38 -3.4e+38 -3.4e+38
306.5 268.200012207031 232.199996948242 195.800003051758 183.300003051758 152.899993896484 131 121.099998474121 111.5 104 96 89.5999984741211 83.8000030517578 79.8000030517578 75.0999984741211 69.0999984741211 65.5 63.7999992370605 64.3000030517578 63.5999984741211 62 62.2999992370605 58.5 60.9000015258789 61.4000015258789 63.2000007629395 63.5 63.7999992370605 62.2000007629395 61.7000007629395 62.4000015258789 62.7000007629395 61 60.5 59.4000015258789 58.9000015258789 57.5999984741211 57.9000015258789 59.2999992370605 62.7000007629395 -3.4e+38 -3.4e+38 -3.4e+38 -3.4e+38 88.6999969482422 93.1999969482422 -3.4e+38 -3.4e+38 -3.4e+38 -3.4e+38 -3.4e+38 -3.4e+38 -3.4e+38 -3.4e+38 -3.4e+38
313.899993896484 249.399993896484 202.699996948242 178.699996948242 173.699996948242 153.600006103516 128.199996948242 122.699996948242 112.5 106.900001525879 90.0999984741211 88.8000030517578 84.8000030517578 77.3000030517578 74.4000015258789 74.9000015258789 72 71.5999984741211 70 67.8000030517578 66.8000030517578 66 59.2999992370605 61.7000007629395 63.2000007629395 65.5 67.6999969482422 67.9000015258789 64.6999969482422 63 62.5 60.7999992370605 61.0999984741211 60.2999992370605 59.2000007629395 57.2000007629395 55.0999984741211 54 -3.4e+38 -3.4e+38 -3.4e+38 -3.4e+38 -3.4e+38 82.3000030517578 94.0999984741211 95.0999984741211 -3.4e+38 -3.4e+38 -3.4e+38 -3.4e+38 -3.4e+38 -3.4e+38 -3.4e+38 -3.4e+38 -3.4e+38
287.200012207031 233.399993896484 191.800003051758 169.199996948242 162.899993896484 140.100006103516 122.599998474121 117 107.400001525879 101.400001525879 97.5 86.6999969482422 82.1999969482422 77.8000030517578 76.5 80 75.3000030517578 73.9000015258789 72 67.6999969482422 65.1999969482422 61.7000007629395 60.5999984741211 63.4000015258789 70.5 70.5 71.4000015258789 71.5 69.5 66 64.4000015258789 62.0999984741211 60.4000015258789 58.7000007629395 57.9000015258789 56.9000015258789 55.5 54.0999984741211 -3.4e+38 -3.4e+38 -3.4e+38 -3.4e+38 -3.4e+38 82 89.5999984741211 96.0999984741211 -3.4e+38 -3.4e+38 -3.4e+38 -3.4e+38 -3.4e+38 -3.4e+38 -3.4e+38 -3.4e+38 -3.4e+38
275.200012207031 220.100006103516 191.399993896484 165.899993896484 157.199996948242 132 113.300003051758 102.400001525879 97.8000030517578 95 85.8000030517578 84.5 78.1999969482422 76.0999984741211 75.5 73.5 72.5 71 68.4000015258789 63.7000007629395 63.7000007629395 62.2000007629395 64.3000030517578 67.3000030517578 73.9000015258789 86.1999969482422 85.3000030517578 77.9000015258789 79.0999984741211 73.5 63.2000007629395 62 61.2999992370605 59.2999992370605 58.9000015258789 57.9000015258789 57.5999984741211 55.5 57.5 -3.4e+38 -3.4e+38 -3.4e+38 -3.4e+38 -3.4e+38 -3.4e+38 -3.4e+38 -3.4e+38 -3.4e+38 -3.4e+38 -3.4e+38 -3.4e+38 -3.4e+38 -3.4e+38 -3.4e+38 -3.4e+38
284.799987792969 228.699996948242 193.699996948242 164.300003051758 146.199996948242 131.800003051758 110.199996948242 97.5999984741211 93.5 88.8000030517578 86 81.4000015258789 82.5 76.5 73.1999969482422 72.1999969482422 71 67.5 66.8000030517578 66.0999984741211 66.5 65.5 72.6999969482422 79.3000030517578 78.6999969482422 75.8000030517578 73.4000015258789 74.6999969482422 73.3000030517578 64.5999984741211 61.4000015258789 61.0999984741211 61.5999984741211 60.9000015258789 63.2999992370605 61.2000007629395 60.0999984741211 59.9000015258789 59.7999992370605 62 -3.4e+38 -3.4e+38 -3.4e+38 -3.4e+38 -3.4e+38 -3.4e+38 -3.4e+38 -3.4e+38 -3.4e+38 -3.4e+38 -3.4e+38 -3.4e+38 -3.4e+38 -3.4e+38 -3.4e+38
275.700012207031 235.100006103516 191.399993896484 166.600006103516 137.100006103516 122.900001525879 104.699996948242 96.5 86.5999984741211 82.5 91.0999984741211 77.0999984741211 76.5 77.8000030517578 73.9000015258789 72 73.9000015258789 65.5 67.5 71.9000015258789 73.6999969482422 75.1999969482422 80.0999984741211 78.1999969482422 74.9000015258789 71.4000015258789 68.0999984741211 67.5 65.3000030517578 64 62.2999992370605 62.2000007629395 62.2999992370605 61.9000015258789 62.4000015258789 63.2999992370605 64.5 64.6999969482422 -3.4e+38 -3.4e+38 -3.4e+38 -3.4e+38 -3.4e+38 -3.4e+38 -3.4e+38 -3.4e+38 -3.4e+38 -3.4e+38 -3.4e+38 -3.4e+38 -3.4e+38 -3.4e+38 -3.4e+38 -3.4e+38 -3.4e+38
