data/layers/future_layer_can_126_60/bio1.asc
NCOLS 494 
NROWS 529 
XLLCORNER -117.166666666667 
YLLCORNER -55.5 
CELLSIZE 0.166666666666667 
NODATA_value -3.4e+38 
[rows 400 to 424 of 529, columns 275 to 329 of 494]
17.8999996185303 17.6000003814697 16.1000003814697 19.7000007629395 16.7000007629395 9.10000038146973 2.59999990463257 5.19999980926514 1 0.300000011920929 0 4.19999980926514 11.6000003814697 14.3999996185303 14.3000001907349 14.3000001907349 15 16.1000003814697 17.1000003814697 17.5 17.7999992370605 18.1000003814697 18.5 18.7000007629395 18.7999992370605 18.8999996185303 18.8999996185303 19 18.5 17.7999992370605 17.8999996185303 18 17.8999996185303 17.7999992370605 17.8999996185303 17.8999996185303 17.8999996185303 18 18 18.1000003814697 18.1000003814697 18.1000003814697 18.1000003814697 18.1000003814697 18 17.8999996185303 17.8999996185303 17.7999992370605 17.7000007629395 17.6000003814697 17.5 17.5 17.5 17.3999996185303 17.3999996185303
17.3999996185303 17.2000007629395 18.7000007629395 19.2000007629395 16.3999996185303 12.6999998092651 6.69999980926514 0.899999976158142 1.60000002384186 1.20000004768372 0.699999988079071 6.90000009536743 12 13.1000003814697 13.3000001907349 14.1999998092651 15.1999998092651 16.2000007629395 16.8999996185303 17.2999992370605 17.7000007629395 18 18.2999992370605 18.5 18.6000003814697 18.7000007629395 18.7000007629395 18.7999992370605 18.2000007629395 17.7000007629395 17.7999992370605 17.8999996185303 17.8999996185303 17.8999996185303 17.8999996185303 18 18 18 18 18 18.1000003814697 18.1000003814697 18 18 18 17.8999996185303 17.7999992370605 17.7000007629395 17.6000003814697 17.6000003814697 17.5 17.5 17.5 17.3999996185303 17.3999996185303
17.5 17.7999992370605 17.8999996185303 16.3999996185303 11.6000003814697 8.80000019073486 8.19999980926514 2.40000009536743 3.40000009536743 5.69999980926514 0.899999976158142 8.10000038146973 11.6000003814697 12.3000001907349 12.1999998092651 14 15.3999996185303 16.2000007629395 16.7999992370605 17.2999992370605 17.7000007629395 17.8999996185303 18.1000003814697 18.2999992370605 18.3999996185303 18.5 18.5 18.6000003814697 17.7999992370605 17.1000003814697 17.7999992370605 17.8999996185303 17.8999996185303 17.8999996185303 17.8999996185303 17.8999996185303 18 18 18 18 18.1000003814697 18.1000003814697 18 18 17.8999996185303 17.7999992370605 17.7000007629395 17.6000003814697 17.6000003814697 17.5 17.5 17.5 17.3999996185303 17.3999996185303 17.2999992370605
16.2999992370605 16.1000003814697 16.3999996185303 13.1999998092651 8.5 3.5 2.5 1.70000004768372 0.5 5.40000009536743 6.59999990463257 9.60000038146973 12.5 13.1999998092651 13.1000003814697 13.8999996185303 15.3999996185303 16.1000003814697 16.7000007629395 17.1000003814697 17.3999996185303 17.7000007629395 18 18.1000003814697 18.2000007629395 18.2999992370605 18.2999992370605 18.3999996185303 17.7999992370605 17.2999992370605 17.7000007629395 17.7999992370605 17.7999992370605 17.8999996185303 17.8999996185303 17.7999992370605 17.8999996185303 18 18 18 18 18.1000003814697 18.1000003814697 18 17.8999996185303 17.7999992370605 17.7000007629395 17.7000007629395 17.6000003814697 17.5 17.5 17.3999996185303 17.3999996185303 17.3999996185303 17.2999992370605
16.2999992370605 16.1000003814697 15.3999996185303 13.8999996185303 9.10000038146973 5.30000019073486 0.899999976158142 5 1.79999995231628 4.09999990463257 8.5 11.1999998092651 12.6000003814697 13.3000001907349 13.1000003814697 13.5 14.6999998092651 16 16.6000003814697 17.1000003814697 17.2999992370605 17.6000003814697 17.8999996185303 17.8999996185303 18 18.2000007629395 18.2000007629395 18.2999992370605 18.2000007629395 17.8999996185303 17.7000007629395 17.7000007629395 17.7999992370605 17.7999992370605 17.7999992370605 17.7999992370605 17.8999996185303 17.8999996185303 18 18 18 18.1000003814697 18.1000003814697 18 17.8999996185303 17.7999992370605 17.7000007629395 17.6000003814697 17.5 17.5 17.3999996185303 17.3999996185303 17.3999996185303 17.2999992370605 17.2999992370605
16 15.6999998092651 14.6000003814697 11.1000003814697 8.60000038146973 5.40000009536743 2.59999990463257 1.60000002384186 5.5 9.30000019073486 10.5 12.3000001907349 13.1000003814697 13.5 13.6999998092651 13.6000003814697 14.1000003814697 15 16.7999992370605 17.2000007629395 17.5 17.6000003814697 17.7000007629395 17.7999992370605 17.8999996185303 18.1000003814697 18.1000003814697 18.1000003814697 18.1000003814697 17.8999996185303 17.7000007629395 17.7000007629395 17.7000007629395 17.7000007629395 17.7000007629395 17.7000007629395 17.7000007629395 17.7999992370605 17.7999992370605 17.7999992370605 17.8999996185303 18 18 17.8999996185303 17.8999996185303 17.7999992370605 17.7000007629395 17.6000003814697 17.5 17.5 17.3999996185303 17.2999992370605 17.2999992370605 17.2000007629395 17.2000007629395
15.6999998092651 14.8000001907349 13 11.6999998092651 8.30000019073486 6.09999990463257 5.69999980926514 3.40000009536743 5.69999980926514 10.6999998092651 12.6999998092651 13.3000001907349 13.5 13.6000003814697 13.6999998092651 13.6000003814697 13.3000001907349 14 16.5 17.2999992370605 17.6000003814697 17.7000007629395 17.7000007629395 17.8999996185303 17.8999996185303 18 18 18 18 17.7999992370605 17.7000007629395 17.7000007629395 17.7000007629395 17.6000003814697 17.7000007629395 17.6000003814697 17.7000007629395 17.7000007629395 17.7999992370605 17.7999992370605 17.7999992370605 17.8999996185303 17.8999996185303 17.7999992370605 17.7999992370605 17.7000007629395 17.6000003814697 17.6000003814697 17.5 17.3999996185303 17.3999996185303 17.2999992370605 17.2999992370605 17.2999992370605 17.2000007629395
15.3000001907349 13.8999996185303 11.8000001907349 9 5.09999990463257 5.80000019073486 5.69999980926514 4.5 5.30000019073486 10.8000001907349 13 13.1999998092651 13.3999996185303 13.5 13.5 13.5 13.1999998092651 13.8000001907349 15.8999996185303 17 17.3999996185303 17.7000007629395 17.7000007629395 17.7000007629395 17.8999996185303 17.8999996185303 17.8999996185303 17.8999996185303 17.8999996185303 17.7999992370605 17.7000007629395 17.6000003814697 17.6000003814697 17.6000003814697 17.6000003814697 17.6000003814697 17.6000003814697 17.6000003814697 17.5 17.6000003814697 17.7000007629395 17.7999992370605 17.7999992370605 17.7999992370605 17.7000007629395 17.6000003814697 17.6000003814697 17.5 17.5 17.3999996185303 17.3999996185303 17.2999992370605 17.2999992370605 17.2000007629395 17.2000007629395
15.1000003814697 12.8000001907349 10.6000003814697 8.10000038146973 6 4.59999990463257 7.19999980926514 3.40000009536743 5.80000019073486 10.8000001907349 13 13.1999998092651 13.3999996185303 13.5 12.8000001907349 12.3999996185303 11.8999996185303 12.8000001907349 15 16.3999996185303 17.1000003814697 17.5 17.6000003814697 17.7000007629395 17.7999992370605 17.7999992370605 17.7999992370605 17.7999992370605 17.7999992370605 17.7000007629395 17.6000003814697 17.5 17.5 17.5 17.5 17.5 17.5 17.5 17.5 17.6000003814697 17.7000007629395 17.7000007629395 17.7000007629395 17.7000007629395 17.6000003814697 17.6000003814697 17.5 17.5 17.3999996185303 17.2999992370605 17.2999992370605 17.2999992370605 17.2999992370605 17.2000007629395 17.2000007629395
14.3999996185303 11.1000003814697 9.5 5.40000009536743 5.80000019073486 4.30000019073486 7.59999990463257 6.30000019073486 7.59999990463257 10.6999998092651 12.3999996185303 13.1999998092651 13.1999998092651 13.1000003814697 12.6000003814697 11.1999998092651 8.5 8.19999980926514 12.8000001907349 15.5 16.6000003814697 17.2000007629395 17.6000003814697 17.6000003814697 17.7000007629395 17.7000007629395 17.7000007629395 17.7000007629395 17.7000007629395 17.6000003814697 17.5 17.5 17.5 17.3999996185303 17.3999996185303 17.5 17.5 17.3999996185303 17.3999996185303 17.5 17.6000003814697 17.5 17.5 17.6000003814697 17.5 17.5 17.5 17.3999996185303 17.2999992370605 17.2999992370605 17.2999992370605 17.2000007629395 17.2000007629395 17.2000007629395 17.1000003814697
12.8999996185303 12.1000003814697 10.8000001907349 8.80000019073486 6.59999990463257 5 6.80000019073486 9.39999961853027 6.90000009536743 9.30000019073486 10.3999996185303 12.3000001907349 12.8999996185303 13 11.8000001907349 10.3999996185303 9.5 10.5 13.6000003814697 15.1999998092651 16.1000003814697 16.7999992370605 17.2999992370605 17.6000003814697 17.6000003814697 17.6000003814697 17.7000007629395 17.7000007629395 17.6000003814697 17.6000003814697 17.5 17.3999996185303 17.3999996185303 17.3999996185303 17.3999996185303 17.3999996185303 17.2999992370605 17.2999992370605 17.3999996185303 17.3999996185303 17.3999996185303 17.3999996185303 17.3999996185303 17.5 17.5 17.3999996185303 17.3999996185303 17.2999992370605 17.2999992370605 17.2999992370605 17.2000007629395 17.2000007629395 17.2000007629395 17.1000003814697 17.1000003814697
11.8000001907349 10.1000003814697 9.30000019073486 7.69999980926514 7.69999980926514 5.09999990463257 6.90000009536743 8.19999980926514 9 11.6999998092651 8.69999980926514 9.80000019073486 12.1999998092651 13 11.8999996185303 10.6999998092651 10.5 11.8000001907349 14.1000003814697 15.1000003814697 15.8000001907349 16.3999996185303 16.8999996185303 17.3999996185303 17.5 17.6000003814697 17.6000003814697 17.6000003814697 17.6000003814697 17.5 17.3999996185303 17.3999996185303 17.2999992370605 17.2999992370605 17.2999992370605 17.2999992370605 17.2999992370605 17.2999992370605 17.2999992370605 17.2999992370605 17.3999996185303 17.3999996185303 17.3999996185303 17.3999996185303 17.3999996185303 17.3999996185303 17.2999992370605 17.2999992370605 17.2999992370605 17.2000007629395 17.2000007629395 17.2000007629395 17.2000007629395 17.1000003814697 17
11.3000001907349 8 9.19999980926514 7.09999990463257 5.90000009536743 5.40000009536743 4.59999990463257 7.80000019073486 7.69999980926514 12.1000003814697 10.6000003814697 8.60000038146973 12 12.6999998092651 12 11 11.3000001907349 13 14.3999996185303 15.1999998092651 15.8000001907349 16.2999992370605 16.7000007629395 17.1000003814697 17.5 17.5 17.5 17.5 17.5 17.3999996185303 17.3999996185303 17.2999992370605 17.2999992370605 17.2999992370605 17.2999992370605 17.2999992370605 17.2000007629395 17.2000007629395 17.2999992370605 17.2000007629395 17.2999992370605 17.2999992370605 17.3999996185303 17.2999992370605 17.2999992370605 17.2999992370605 17.2000007629395 17.2000007629395 17.2000007629395 17.1000003814697 17.1000003814697 17.1000003814697 17.1000003814697 17 16.8999996185303
10.1000003814697 7.69999980926514 9.69999980926514 7 5.5 6.5 7.69999980926514 4.59999990463257 9.60000038146973 12 12.8000001907349 10.6999998092651 11.6999998092651 11.5 11.8000001907349 12 13 13.6999998092651 14.5 15.1999998092651 15.6999998092651 16.1000003814697 16.5 16.8999996185303 17.5 17.5 17.3999996185303 17.3999996185303 17.3999996185303 17.3999996185303 17.2999992370605 17.2999992370605 17.2000007629395 17.2000007629395 17.2999992370605 17.2999992370605 17.2999992370605 17.2999992370605 17.2000007629395 17.2000007629395 17.2000007629395 17.2999992370605 17.2999992370605 17.2999992370605 17.2000007629395 17.2000007629395 17.1000003814697 17.1000003814697 17.1000003814697 17.1000003814697 17 17 16.8999996185303 16.7999992370605 16.7999992370605
9.60000038146973 8.10000038146973 8.39999961853027 7.19999980926514 6.40000009536743 4.90000009536743 9.39999961853027 6.30000019073486 6.80000019073486 10.6000003814697 12.3999996185303 8.60000038146973 5.5 7.80000019073486 11.3999996185303 13 13.5 14.1999998092651 14.8000001907349 15.1999998092651 15.6999998092651 16 16.3999996185303 16.7000007629395 17.2999992370605 17.5 17.3999996185303 17.3999996185303 17.3999996185303 17.2999992370605 17.2999992370605 17.2999992370605 17.2000007629395 17.2000007629395 17.2000007629395 17.2999992370605 17.2999992370605 17.2000007629395 17.1000003814697 17.1000003814697 17.2000007629395 17.2000007629395 17.2000007629395 17.2000007629395 17.1000003814697 17.1000003814697 17 17 17 16.8999996185303 16.8999996185303 16.8999996185303 16.7999992370605 16.7000007629395 16.7000007629395
9.39999961853027 8.5 7.90000009536743 7.59999990463257 6.80000019073486 2.70000004768372 5.69999980926514 9.5 8.80000019073486 13 12.1999998092651 10.1000003814697 10 12.3000001907349 13.3999996185303 13.8000001907349 14.1000003814697 14.6000003814697 15 15.3999996185303 15.6999998092651 16.1000003814697 16.3999996185303 16.7000007629395 17.1000003814697 17.3999996185303 17.2999992370605 17.3999996185303 17.2999992370605 17.2999992370605 17.2999992370605 17.2999992370605 17.2000007629395 17.2000007629395 17.1000003814697 17.1000003814697 17.2000007629395 17.2000007629395 17.1000003814697 17.2000007629395 17.1000003814697 17.1000003814697 17.1000003814697 17.1000003814697 17.1000003814697 17 16.8999996185303 16.8999996185303 16.8999996185303 16.7999992370605 16.7999992370605 16.7000007629395 16.7000007629395 16.6000003814697 16.6000003814697
10.1999998092651 7.80000019073486 7.80000019073486 10.3999996185303 7.69999980926514 4.80000019073486 5.09999990463257 9.80000019073486 13 13.8000001907349 11.8999996185303 10.5 11 12.8999996185303 13.8000001907349 14.1000003814697 14.3999996185303 14.6999998092651 15.1000003814697 15.5 15.8000001907349 16.1000003814697 16.5 16.7999992370605 17.2000007629395 17.3999996185303 17.2999992370605 17.3999996185303 17.3999996185303 17.2999992370605 17.2999992370605 17.2999992370605 17.2000007629395 17.1000003814697 16.8999996185303 16.7999992370605 16.8999996185303 16.8999996185303 16.8999996185303 16.8999996185303 17.1000003814697 17.2000007629395 17.2000007629395 17.1000003814697 17 16.8999996185303 16.7999992370605 16.7999992370605 16.7000007629395 16.7000007629395 16.7000007629395 16.6000003814697 16.6000003814697 16.6000003814697 16.6000003814697
7.09999990463257 7.69999980926514 9.69999980926514 10.8999996185303 8 8.69999980926514 6.40000009536743 7.30000019073486 11.8000001907349 13.1999998092651 12.1000003814697 13.3999996185303 13 13.1999998092651 13.3000001907349 13.8999996185303 14.3000001907349 14.6999998092651 15.1000003814697 15.6000003814697 16 16.2000007629395 16.5 16.7999992370605 17.2999992370605 17.3999996185303 17.2999992370605 17.2999992370605 17.3999996185303 17.3999996185303 17.2999992370605 17.2999992370605 17.2000007629395 17.1000003814697 16.8999996185303 16.6000003814697 16.5 16.7000007629395 16.7999992370605 16.8999996185303 17 17.2000007629395 17.1000003814697 17 16.8999996185303 16.7999992370605 16.7000007629395 16.7000007629395 16.6000003814697 16.6000003814697 16.5 16.5 16.6000003814697 16.5 16.5
7.80000019073486 6.5 7.69999980926514 11.3999996185303 8.39999961853027 11.6000003814697 9.5 6.09999990463257 11.1999998092651 14.3999996185303 14.6999998092651 15.1000003814697 15.1000003814697 14.1999998092651 12.5 13.6999998092651 14.5 14.8999996185303 15.3000001907349 15.6999998092651 16.1000003814697 16.2999992370605 16.5 16.7999992370605 17.2000007629395 17.3999996185303 17.2999992370605 17.2999992370605 17.3999996185303 17.2999992370605 17.2999992370605 17.2999992370605 17.2000007629395 17.1000003814697 16.8999996185303 16.8999996185303 16.7000007629395 16.7999992370605 16.7999992370605 16.8999996185303 17 17 17 17 16.8999996185303 16.7999992370605 16.7000007629395 16.6000003814697 16.6000003814697 16.5 16.6000003814697 16.5 16.3999996185303 16.3999996185303 16.2999992370605
8.39999961853027 7.19999980926514 8.39999961853027 12.1999998092651 9.89999961853027 13 12.5 7.59999990463257 10.6999998092651 14 15.1000003814697 14.3999996185303 14.8000001907349 15.6000003814697 15.1000003814697 15 14.6999998092651 14.8999996185303 15.3000001907349 15.8000001907349 16.1000003814697 16.2999992370605 16.5 16.7999992370605 17.2999992370605 17.2999992370605 17.2999992370605 17.2000007629395 17.2000007629395 17.2000007629395 17.2999992370605 17.2000007629395 17.1000003814697 17 16.7999992370605 16.6000003814697 16.6000003814697 16.6000003814697 16.6000003814697 16.7999992370605 16.8999996185303 17 17 16.8999996185303 16.7999992370605 16.7000007629395 16.7000007629395 16.6000003814697 16.5 16.5 16.2999992370605 16.2000007629395 16.1000003814697 16 15.8999996185303
8.60000038146973 7.80000019073486 8.60000038146973 11.6000003814697 12.1999998092651 13 14.1999998092651 13.1999998092651 12.8999996185303 12.6999998092651 13.6000003814697 14.1999998092651 14.6999998092651 15.1000003814697 15.6000003814697 15.6999998092651 15.6000003814697 15.5 15.5 16 16.2999992370605 16.5 16.6000003814697 16.7000007629395 17.1000003814697 17.2999992370605 17.2999992370605 17.2000007629395 17.2000007629395 17.1000003814697 17.1000003814697 17.1000003814697 17.1000003814697 17.1000003814697 17.1000003814697 17 16.7000007629395 16.6000003814697 16.7000007629395 16.7000007629395 16.8999996185303 16.8999996185303 16.7999992370605 16.7999992370605 16.7000007629395 16.7000007629395 16.6000003814697 16.5 16.2999992370605 16.1000003814697 15.8999996185303 15.8000001907349 15.6999998092651 15.6000003814697 15.5
7.80000019073486 7.80000019073486 9.5 10 10.5 10.8000001907349 12.8999996185303 13.8999996185303 14.1000003814697 12.8000001907349 14.6000003814697 15.3000001907349 14.3999996185303 14.1999998092651 13.8999996185303 14.6000003814697 15.6000003814697 16.1000003814697 16.2000007629395 16.2999992370605 16.5 16.6000003814697 16.7000007629395 16.7000007629395 16.7999992370605 17 17 17 17.1000003814697 17.1000003814697 17.1000003814697 17.1000003814697 17.1000003814697 17.1000003814697 17.1000003814697 17 16.7000007629395 16.5 16.2999992370605 16.5 16.6000003814697 16.7000007629395 16.7000007629395 16.7000007629395 16.6000003814697 16.5 16.3999996185303 16.2999992370605 16.1000003814697 16 15.8000001907349 15.5 15.1999998092651 15.1000003814697 15
9 8.10000038146973 8.5 10.8999996185303 11.5 10.8000001907349 12.6999998092651 14.1999998092651 14.5 13.1000003814697 14.1999998092651 15.6999998092651 15 13.8000001907349 11.3999996185303 13.5 15.1999998092651 15.8999996185303 16.2000007629395 16.2999992370605 16.3999996185303 16.6000003814697 16.6000003814697 16.7000007629395 16.7000007629395 16.7999992370605 16.7999992370605 16.8999996185303 16.8999996185303 17.1000003814697 17.1000003814697 17 17 17 17 17 16.7999992370605 16.6000003814697 16.5 16.6000003814697 16.6000003814697 16.7000007629395 16.7000007629395 16.6000003814697 16.6000003814697 16.5 16.3999996185303 16.2999992370605 16.1000003814697 15.8999996185303 15.6999998092651 15.5 15.1999998092651 15 14.3999996185303
8.30000019073486 7.30000019073486 8.30000019073486 11.5 12.1999998092651 11.1000003814697 12.1000003814697 13 14.6999998092651 14 12.8999996185303 15.1999998092651 16.2999992370605 16.2999992370605 15.8999996185303 15.3000001907349 16.1000003814697 16.1000003814697 16.3999996185303 16.7000007629395 16.7999992370605 16.7000007629395 16.7000007629395 16.6000003814697 16.7000007629395 16.7999992370605 16.7999992370605 16.8999996185303 16.8999996185303 17 17 17 16.8999996185303 16.8999996185303 16.7000007629395 16.7000007629395 16.7999992370605 16.7000007629395 16.6000003814697 16.7999992370605 16.7000007629395 16.6000003814697 16.7000007629395 16.6000003814697 16.6000003814697 16.5 16.3999996185303 16.1000003814697 16 15.8999996185303 15.6999998092651 15.5 15.3999996185303 15.1999998092651 14.8999996185303
9.5 7.5 7.80000019073486 11.6000003814697 12.3999996185303 11.5 12.8999996185303 13.6999998092651 14.3000001907349 14.8000001907349 12.6999998092651 13.8999996185303 15.8999996185303 17 17.2000007629395 17 16.6000003814697 16 16.1000003814697 16.3999996185303 16.7999992370605 16.7999992370605 16.8999996185303 16.8999996185303 16.7999992370605 16.7999992370605 17 17 17 16.8999996185303 16.8999996185303 17 16.8999996185303 16.7000007629395 16.6000003814697 16.6000003814697 16.7999992370605 16.6000003814697 16.5 16.7999992370605 17 17.1000003814697 17.2000007629395 17.1000003814697 16.8999996185303 16.6000003814697 16.3999996185303 16.2999992370605 16 15.8000001907349 15.6999998092651 15.6999998092651 15.6000003814697 15.3999996185303 15.1999998092651
