data/layers/future_layer_can_126_60/bio19.asc
NCOLS 494 
NROWS 529 
XLLCORNER -117.166666666667 
YLLCORNER -55.5 
CELLSIZE 0.166666666666667 
NODATA_value -3.4e+38 
[rows 168 to 191 of 529, columns 220 to 274 of 494]
-3.4e+38 -3.4e+38 -3.4e+38 -3.4e+38 -3.4e+38 -3.4e+38 -3.4e+38 -3.4e+38 -3.4e+38 -3.4e+38 -3.4e+38 -3.4e+38 -3.4e+38 -3.4e+38 -3.4e+38 -3.4e+38 -3.4e+38 -3.4e+38 -3.4e+38 2118.39990234375 2086.80004882812 1940.5 1839.19995117188 1588.59997558594 1064.59997558594 618.700012207031 542.799987792969 513.5 612.700012207031 585.400024414062 460.100006103516 455.700012207031 600.599975585938 675.799987792969 635 638.700012207031 687.700012207031 237.800003051758 322.100006103516 548.200012207031 620.299987792969 832.099975585938 995.900024414062 1257.09997558594 1179.19995117188 1061.5 991.5 1054.59997558594 1032.90002441406 1088 1052.30004882812 984.700012207031 994.099975585938 1011.79998779297 1072
-3.4e+38 -3.4e+38 -3.4e+38 -3.4e+38 -3.4e+38 -3.4e+38 -3.4e+38 -3.4e+38 -3.4e+38 -3.4e+38 -3.4e+38 -3.4e+38 -3.4e+38 -3.4e+38 -3.4e+38 -3.4e+38 -3.4e+38 -3.4e+38 -3.4e+38 2208.60009765625 2087.60009765625 1860 1775.19995117188 1410.90002441406 817.700012207031 612.200012207031 477.600006103516 516.099975585938 571.700012207031 491.899993896484 512.799987792969 583.900024414062 613.700012207031 608.299987792969 652 644.099975585938 583.299987792969 329.899993896484 440.399993896484 499 638.599975585938 854.099975585938 1129.5 1179 1096.59997558594 1013.40002441406 986.799987792969 1024.90002441406 1000.59997558594 1021.59997558594 975.5 994.200012207031 1116.59997558594 1173.19995117188 1096
-3.4e+38 -3.4e+38 -3.4e+38 -3.4e+38 -3.4e+38 -3.4e+38 -3.4e+38 -3.4e+38 -3.4e+38 -3.4e+38 -3.4e+38 -3.4e+38 -3.4e+38 -3.4e+38 -3.4e+38 -3.4e+38 -3.4e+38 -3.4e+38 -3.4e+38 2142 2097.10009765625 1895.59997558594 1644.80004882812 1175.80004882812 642.700012207031 531.099975585938 471.700012207031 564.400024414062 551.599975585938 423.899993896484 465.799987792969 578.299987792969 596.400024414062 612 662.900024414062 632.200012207031 442.200012207031 415.700012207031 520.700012207031 571 792.200012207031 1064.80004882812 1146.5 1023.79998779297 1012.90002441406 1018.29998779297 1005 1014.70001220703 1066.90002441406 1073 1040.90002441406 1055.69995117188 1059.40002441406 1068.40002441406 1026.30004882812
-3.4e+38 -3.4e+38 -3.4e+38 -3.4e+38 -3.4e+38 -3.4e+38 -3.4e+38 -3.4e+38 -3.4e+38 -3.4e+38 -3.4e+38 -3.4e+38 -3.4e+38 -3.4e+38 -3.4e+38 -3.4e+38 -3.4e+38 -3.4e+38 -3.4e+38 1989.19995117188 2133.10009765625 1604.59997558594 1367 788.299987792969 591 454.799987792969 517.700012207031 516.599975585938 422.399993896484 435.5 498.100006103516 571.5 591.900024414062 613.299987792969 604.599975585938 600.5 361.600006103516 365.399993896484 627.5 717.900024414062 1046.5 1009.79998779297 1019.20001220703 953.5 956 1000.90002441406 1067.80004882812 1038.09997558594 1066.5 1027.30004882812 1004.29998779297 1063.69995117188 1031.19995117188 999.400024414062 998.900024414062
-3.4e+38 -3.4e+38 -3.4e+38 -3.4e+38 -3.4e+38 -3.4e+38 -3.4e+38 -3.4e+38 -3.4e+38 -3.4e+38 -3.4e+38 -3.4e+38 -3.4e+38 -3.4e+38 -3.4e+38 -3.4e+38 -3.4e+38 -3.4e+38 -3.4e+38 1908.5 1798.30004882812 1503.19995117188 1186.5 586.400024414062 514.200012207031 487.799987792969 505.899993896484 405 413.799987792969 452.600006103516 493.899993896484 568.700012207031 657.900024414062 596.599975585938 583.299987792969 466.200012207031 336 442.399993896484 609.700012207031 734.099975585938 1097.5 970 914.5 920.099975585938 949 1012.90002441406 1022.40002441406 1016 1055.69995117188 1033.09997558594 1029.30004882812 1030.40002441406 1008.40002441406 1016.90002441406 998.799987792969
-3.4e+38 -3.4e+38 -3.4e+38 -3.4e+38 -3.4e+38 -3.4e+38 -3.4e+38 -3.4e+38 -3.4e+38 -3.4e+38 -3.4e+38 -3.4e+38 -3.4e+38 -3.4e+38 -3.4e+38 -3.4e+38 -3.4e+38 -3.4e+38 -3.4e+38 -3.4e+38 1370.19995117188 1187.80004882812 738.599975585938 503.5 498.899993896484 480.600006103516 419.600006103516 361.100006103516 427.299987792969 518.799987792969 655.099975585938 562.900024414062 642.799987792969 574 541.400024414062 335.899993896484 323.700012207031 510.600006103516 584.099975585938 864.700012207031 983 932.400024414062 914 916.900024414062 949.5 990.799987792969 987.299987792969 965.700012207031 983 983.700012207031 1038.30004882812 986.400024414062 1037.5 1050.30004882812 1032.90002441406
-3.4e+38 -3.4e+38 -3.4e+38 -3.4e+38 -3.4e+38 -3.4e+38 -3.4e+38 -3.4e+38 -3.4e+38 -3.4e+38 -3.4e+38 -3.4e+38 -3.4e+38 -3.4e+38 -3.4e+38 -3.4e+38 -3.4e+38 -3.4e+38 -3.4e+38 -3.4e+38 1329.69995117188 979.599975585938 624.599975585938 542.5 514.700012207031 499.600006103516 456.399993896484 380.5 505.899993896484 660.599975585938 667.5 615.5 529.299987792969 499 337.600006103516 304.600006103516 378.5 464.399993896484 682.5 911.5 872 898.299987792969 911.900024414062 926.400024414062 963.200012207031 978.299987792969 990.700012207031 970.799987792969 971.599975585938 1007.90002441406 1018.5 1025.5 1009.09997558594 998.200012207031 1021.79998779297
-3.4e+38 -3.4e+38 -3.4e+38 -3.4e+38 -3.4e+38 -3.4e+38 -3.4e+38 -3.4e+38 -3.4e+38 -3.4e+38 -3.4e+38 -3.4e+38 -3.4e+38 -3.4e+38 -3.4e+38 -3.4e+38 -3.4e+38 -3.4e+38 -3.4e+38 1327.69995117188 1252.5 688 415.399993896484 576.200012207031 550.5 498.100006103516 397.700012207031 401 568.599975585938 690.099975585938 656.599975585938 618.599975585938 500 482.399993896484 335.700012207031 446.600006103516 536.200012207031 636 829.299987792969 909.400024414062 839.700012207031 834.799987792969 909.900024414062 938.5 981 1001.40002441406 1013.90002441406 1021 966.900024414062 1013.59997558594 1030.90002441406 1038.09997558594 1000.09997558594 997.200012207031 996.5
-3.4e+38 -3.4e+38 -3.4e+38 -3.4e+38 -3.4e+38 -3.4e+38 -3.4e+38 -3.4e+38 -3.4e+38 -3.4e+38 -3.4e+38 -3.4e+38 -3.4e+38 -3.4e+38 -3.4e+38 -3.4e+38 -3.4e+38 -3.4e+38 1391.09997558594 1587.80004882812 1087.69995117188 690.400024414062 441.700012207031 609.700012207031 579.900024414062 529.900024414062 386.200012207031 414 535.900024414062 610.5 651.599975585938 591.599975585938 554.700012207031 458 368.399993896484 549.099975585938 771.900024414062 874.5 843 929 906.400024414062 865.5 919.700012207031 949.099975585938 971.200012207031 954 979.5 948.099975585938 981 1018 1036.69995117188 1018 921.700012207031 964.5 989.099975585938
-3.4e+38 -3.4e+38 -3.4e+38 -3.4e+38 -3.4e+38 -3.4e+38 -3.4e+38 -3.4e+38 -3.4e+38 -3.4e+38 -3.4e+38 -3.4e+38 -3.4e+38 -3.4e+38 -3.4e+38 -3.4e+38 -3.4e+38 -3.4e+38 1492.09997558594 1434.59997558594 1008.79998779297 729.900024414062 667.200012207031 688.299987792969 532.200012207031 562.5 397.200012207031 387.700012207031 502.799987792969 562 615 540.700012207031 455.5 399.299987792969 499.100006103516 680.299987792969 753.900024414062 877.200012207031 842.099975585938 903.200012207031 885.700012207031 892 924.700012207031 934.099975585938 995.400024414062 1020.79998779297 1011 970.799987792969 1006.09997558594 1054.59997558594 1047.30004882812 1013.59997558594 990.900024414062 988.299987792969 1005
-3.4e+38 -3.4e+38 -3.4e+38 -3.4e+38 -3.4e+38 -3.4e+38 -3.4e+38 -3.4e+38 -3.4e+38 -3.4e+38 -3.4e+38 -3.4e+38 -3.4e+38 -3.4e+38 -3.4e+38 -3.4e+38 -3.4e+38 1550.40002441406 1576.30004882812 1497.09997558594 1180.40002441406 728.700012207031 708.200012207031 617.400024414062 628 484.600006103516 446.600006103516 506.600006103516 416.299987792969 566.599975585938 545.5 539.299987792969 508.700012207031 482.899993896484 589.299987792969 696.200012207031 721.5 789.5 790.400024414062 883.200012207031 852.099975585938 838.299987792969 866.299987792969 885.599975585938 971.099975585938 994 1004.59997558594 999.400024414062 1011.40002441406 1000.20001220703 1038 983.200012207031 961 986.5 990.099975585938
-3.4e+38 -3.4e+38 -3.4e+38 -3.4e+38 -3.4e+38 -3.4e+38 -3.4e+38 -3.4e+38 -3.4e+38 -3.4e+38 -3.4e+38 -3.4e+38 -3.4e+38 -3.4e+38 -3.4e+38 -3.4e+38 -3.4e+38 1475.19995117188 1488.09997558594 1273.80004882812 1039.69995117188 741.400024414062 731.900024414062 581 566.299987792969 406.299987792969 466.200012207031 409.700012207031 418.799987792969 560.299987792969 549.5 506.799987792969 394.5 461.799987792969 513.900024414062 697.200012207031 658.5 737.599975585938 696.400024414062 814 786.700012207031 792.400024414062 814.099975585938 881.200012207031 904.799987792969 925.400024414062 979.099975585938 995.799987792969 953.400024414062 974.400024414062 1030 964.299987792969 971.5 998.599975585938 1005.70001220703
-3.4e+38 -3.4e+38 -3.4e+38 -3.4e+38 -3.4e+38 -3.4e+38 -3.4e+38 -3.4e+38 -3.4e+38 -3.4e+38 -3.4e+38 -3.4e+38 -3.4e+38 1234.90002441406 1274.59997558594 1334.40002441406 1385.09997558594 1315.90002441406 1194.19995117188 891.900024414062 780.900024414062 804 675.700012207031 643.700012207031 535.200012207031 532.799987792969 440.700012207031 527 434.200012207031 433.5 455.899993896484 434.100006103516 517.400024414062 568.400024414062 566.599975585938 645.700012207031 665.299987792969 742.099975585938 689.200012207031 778 796.900024414062 770.099975585938 833.799987792969 835.099975585938 874.799987792969 913 925.299987792969 956.200012207031 1009.59997558594 1020.09997558594 993.700012207031 978.400024414062 981.799987792969 1009.09997558594 1017
-3.4e+38 -3.4e+38 -3.4e+38 -3.4e+38 -3.4e+38 -3.4e+38 -3.4e+38 -3.4e+38 -3.4e+38 -3.4e+38 -3.4e+38 -3.4e+38 1034.30004882812 1214.90002441406 1236.40002441406 1325.69995117188 1308.40002441406 1207.90002441406 787.400024414062 744.200012207031 776.099975585938 740.599975585938 626.599975585938 651.5 486.600006103516 613.599975585938 462.600006103516 361.200012207031 315 312.600006103516 480.700012207031 517.5 489.100006103516 515.700012207031 564.700012207031 634.799987792969 680.099975585938 741.599975585938 717.599975585938 808.900024414062 776.5 765.299987792969 797.299987792969 835.900024414062 831.299987792969 890.400024414062 970.200012207031 998.200012207031 968.299987792969 968.299987792969 969.5 958.200012207031 968.099975585938 987 994.299987792969
-3.4e+38 -3.4e+38 -3.4e+38 -3.4e+38 -3.4e+38 -3.4e+38 -3.4e+38 -3.4e+38 -3.4e+38 -3.4e+38 -3.4e+38 908.599975585938 1036.69995117188 1163.40002441406 1235.59997558594 1292.59997558594 1259.40002441406 957.700012207031 711 723.400024414062 697.299987792969 583.5 598.200012207031 553.900024414062 553.900024414062 599.5 525.700012207031 527.400024414062 323.399993896484 406 626.099975585938 513 539.799987792969 606.200012207031 645.700012207031 690.099975585938 740.700012207031 785.200012207031 752.700012207031 801.599975585938 801.900024414062 811 823.700012207031 838.200012207031 879.200012207031 919.299987792969 935.900024414062 953.5 944.299987792969 966.900024414062 988.799987792969 991.599975585938 977.900024414062 985.299987792969 992.700012207031
-3.4e+38 -3.4e+38 -3.4e+38 -3.4e+38 -3.4e+38 -3.4e+38 -3.4e+38 -3.4e+38 -3.4e+38 -3.4e+38 -3.4e+38 853.599975585938 991.099975585938 1132 1308.90002441406 1322.90002441406 1156.40002441406 857.799987792969 741.599975585938 661 584.299987792969 546.299987792969 547.900024414062 552.400024414062 621.200012207031 523.200012207031 543.5 415.600006103516 359.700012207031 503.5 610.5 518.599975585938 665.599975585938 730.799987792969 739 772.200012207031 706.599975585938 748.5 770.799987792969 831.200012207031 835.299987792969 798 795.299987792969 812.900024414062 858.799987792969 880.5 897 953.299987792969 928.5 943 986.599975585938 972.5 968.200012207031 975.099975585938 1002.09997558594
-3.4e+38 -3.4e+38 -3.4e+38 -3.4e+38 -3.4e+38 -3.4e+38 -3.4e+38 -3.4e+38 -3.4e+38 -3.4e+38 -3.4e+38 -3.4e+38 950.5 1120.19995117188 1329.19995117188 1276.40002441406 990.599975585938 800 672.200012207031 509.799987792969 438.100006103516 571.599975585938 316.100006103516 620.299987792969 503.100006103516 555.5 502.799987792969 511.799987792969 532.599975585938 596.5 589 794.599975585938 961.799987792969 905.799987792969 856.799987792969 762.400024414062 770 798 812.5 831.799987792969 795.599975585938 785.900024414062 770.799987792969 816.599975585938 868.700012207031 838.299987792969 857.5 931.900024414062 919.700012207031 900.799987792969 933.200012207031 951.400024414062 967.200012207031 969.599975585938 996.799987792969
-3.4e+38 -3.4e+38 -3.4e+38 -3.4e+38 -3.4e+38 -3.4e+38 -3.4e+38 -3.4e+38 -3.4e+38 -3.4e+38 -3.4e+38 -3.4e+38 928.700012207031 1183.80004882812 1349 1148.69995117188 911.599975585938 695.5 596.200012207031 443.200012207031 511.700012207031 510.799987792969 463.299987792969 560.599975585938 671.700012207031 653.099975585938 558.200012207031 688.200012207031 778 810.599975585938 778 1012.40002441406 983.5 970.599975585938 935.099975585938 902.400024414062 795.799987792969 762.700012207031 830 842.400024414062 834 810.599975585938 785.700012207031 820.900024414062 816.900024414062 801.900024414062 848.299987792969 855.099975585938 870.5 888.599975585938 899.799987792969 905.400024414062 949 1000.29998779297 981.099975585938
-3.4e+38 -3.4e+38 -3.4e+38 -3.4e+38 -3.4e+38 -3.4e+38 -3.4e+38 -3.4e+38 -3.4e+38 -3.4e+38 475.200012207031 749.299987792969 911 1113.30004882812 1242.80004882812 1073.90002441406 791.599975585938 550.700012207031 469.5 487.700012207031 561.700012207031 443.299987792969 705 534.700012207031 719.5 809.200012207031 823.099975585938 939.400024414062 1019.40002441406 1183.5 1068.30004882812 1101.80004882812 1023.09997558594 997.299987792969 875.200012207031 838.599975585938 840.099975585938 813 836.599975585938 812.099975585938 797.5 769.200012207031 775.599975585938 807.700012207031 798.200012207031 807.299987792969 802.299987792969 834.299987792969 861.200012207031 891 880.700012207031 891.400024414062 925.599975585938 959.900024414062 964.400024414062
-3.4e+38 -3.4e+38 -3.4e+38 -3.4e+38 -3.4e+38 -3.4e+38 -3.4e+38 -3.4e+38 -3.4e+38 -3.4e+38 628.299987792969 729.700012207031 871.5 999.700012207031 1042.90002441406 908.700012207031 686 471.200012207031 439.200012207031 463.399993896484 478.899993896484 654.5 693 785.599975585938 767.900024414062 920.099975585938 1060.59997558594 1188.5 1226.40002441406 1232 1184.59997558594 1129.19995117188 1073.80004882812 1020.70001220703 995.200012207031 880 850.700012207031 868.5 833.099975585938 790.5 792 783.799987792969 775 791.299987792969 830.799987792969 905.599975585938 800.799987792969 828 862.200012207031 880.200012207031 886.5 915.799987792969 922.700012207031 931 945
-3.4e+38 -3.4e+38 -3.4e+38 -3.4e+38 -3.4e+38 -3.4e+38 -3.4e+38 -3.4e+38 -3.4e+38 537.400024414062 439.600006103516 685 813 1026 833.700012207031 593.200012207031 459.899993896484 396.299987792969 404.700012207031 254.300003051758 524.5 761.700012207031 825.599975585938 985.599975585938 879.599975585938 1304.59997558594 1307.40002441406 1302.59997558594 1253.5 1219.69995117188 1192.09997558594 1139.69995117188 1085.59997558594 1044 898.299987792969 884.599975585938 851.299987792969 855.5 825 811 797.099975585938 775.400024414062 773.299987792969 812.400024414062 803.5 840 783.299987792969 829.200012207031 855.900024414062 886.900024414062 912.400024414062 906.099975585938 911.799987792969 934.900024414062 965.799987792969
-3.4e+38 -3.4e+38 -3.4e+38 -3.4e+38 -3.4e+38 -3.4e+38 -3.4e+38 -3.4e+38 -3.4e+38 561.400024414062 572.900024414062 648 772.400024414062 875 579.400024414062 402.799987792969 153.100006103516 152.899993896484 218.199996948242 419.299987792969 624.799987792969 832.900024414062 1197.80004882812 1432.09997558594 1340.80004882812 1290.90002441406 1284.30004882812 1290.19995117188 1268.59997558594 1225 1142 1094.59997558594 1047 1030.80004882812 897.900024414062 883.200012207031 850.400024414062 842.700012207031 828.5 808.700012207031 805 780 785 794.200012207031 802.799987792969 814.700012207031 869.299987792969 830.200012207031 846.5 882.200012207031 896.5 892.400024414062 908.799987792969 910.599975585938 920.299987792969
-3.4e+38 -3.4e+38 -3.4e+38 -3.4e+38 -3.4e+38 121.400001525879 212.399993896484 494.600006103516 593 607.400024414062 574 639 681.700012207031 539.299987792969 379.700012207031 169.899993896484 157.699996948242 185.100006103516 320.100006103516 561.700012207031 750.200012207031 959.299987792969 1272 1308.19995117188 1288.5 1280.59997558594 1285.30004882812 1259.30004882812 1207.30004882812 1171.30004882812 1107.19995117188 1017.40002441406 1002.20001220703 995.400024414062 890.299987792969 876.700012207031 862.400024414062 838.099975585938 847 825.400024414062 807.599975585938 804.799987792969 818.799987792969 799.700012207031 789.799987792969 810.599975585938 871.799987792969 835.900024414062 825 853.900024414062 872.099975585938 875 909.700012207031 903.900024414062 921.200012207031
-3.4e+38 -3.4e+38 -3.4e+38 119.400001525879 102.300003051758 139.800003051758 197.800003051758 516.900024414062 570.200012207031 573.5 552.700012207031 607.099975585938 564 461.700012207031 327.899993896484 191.600006103516 182.199996948242 239.899993896484 423.399993896484 596.599975585938 961 1189.80004882812 1106.5 1169.09997558594 1222.19995117188 1259.30004882812 1250.69995117188 1226.59997558594 1184.59997558594 1114.69995117188 1034.30004882812 957.799987792969 957.5 888 888.599975585938 873.900024414062 866 867.700012207031 850.700012207031 841.099975585938 815.900024414062 820 830.799987792969 815.099975585938 782.900024414062 812.400024414062 818.400024414062 835.099975585938 815 827.200012207031 854.200012207031 864.5 875.400024414062 887.5 906.400024414062
