data/layers/future_layer_can_126_60/bio12.asc
NCOLS 494 
NROWS 529 
XLLCORNER -117.166666666667 
YLLCORNER -55.5 
CELLSIZE 0.166666666666667 
NODATA_value -3.4e+38 
[rows 384 to 407 of 529, columns 330 to 384 of 494]
918.599975585938 943.5 966.5 983.799987792969 997.400024414062 1006.29998779297 1013 1018.90002441406 1022.29998779297 1030 1043.09997558594 1051.40002441406 1050.59997558594 1064.5 1079.19995117188 1092.69995117188 1107.5 1125.69995117188 1148.19995117188 1176.5 1208.59997558594 1242 1275.5 1307.19995117188 1346 1365.19995117188 1377.40002441406 1388.19995117188 1396.40002441406 1398.59997558594 1398.19995117188 1392.40002441406 1386 1382.59997558594 1377.59997558594 1388.80004882812 1397.90002441406 1409.19995117188 1422 1442.40002441406 1454.30004882812 1459 1468.69995117188 1471.19995117188 1470.30004882812 1470.40002441406 1471.19995117188 1475.19995117188 1479.80004882812 1485.5 1496.09997558594 1507.09997558594 1512.30004882812 1522.69995117188 1519.80004882812
920.799987792969 943.900024414062 967.400024414062 984.400024414062 997.299987792969 1008.79998779297 1017.79998779297 1025.90002441406 1040.30004882812 1045.80004882812 1062.40002441406 1068.90002441406 1070.09997558594 1070.69995117188 1078.30004882812 1087.69995117188 1100.90002441406 1118.90002441406 1139.5 1166.69995117188 1196.59997558594 1224.59997558594 1253.80004882812 1286.30004882812 1314.40002441406 1336.90002441406 1357.69995117188 1367.30004882812 1377.30004882812 1383.5 1380.59997558594 1377.09997558594 1369.69995117188 1360.5 1357.90002441406 1355.80004882812 1353.40002441406 1364.19995117188 1381.19995117188 1399.30004882812 1413.59997558594 1430.40002441406 1441.90002441406 1444.30004882812 1443.19995117188 1442.40002441406 1444.40002441406 1448.90002441406 1456.09997558594 1459.5 1463.90002441406 1479.09997558594 1501.69995117188 1502.40002441406 1491.19995117188
926 948.700012207031 968.400024414062 984.599975585938 998.5 1012.29998779297 1024.59997558594 1037.5 1052.59997558594 1079.69995117188 1100.5 1086 1075 1072.80004882812 1077.30004882812 1084.19995117188 1095.5 1110.09997558594 1127.69995117188 1151.40002441406 1179.09997558594 1204.09997558594 1232.69995117188 1263.30004882812 1291.30004882812 1317.69995117188 1336.19995117188 1352.09997558594 1361.80004882812 1364.69995117188 1365.30004882812 1365.19995117188 1356.59997558594 1343.30004882812 1337.40002441406 1336.59997558594 1322.40002441406 1324.5 1341.90002441406 1359.69995117188 1377.5 1395.80004882812 1402.19995117188 1412.80004882812 1416.5 1415.80004882812 1415.40002441406 1424.30004882812 1429.69995117188 1433.30004882812 1435.40002441406 1458.30004882812 1466.59997558594 1472.80004882812 1463.40002441406
931.400024414062 950.5 968.200012207031 985.200012207031 999 1018.20001220703 1031.40002441406 1046 1077.59997558594 1090.5 1100.19995117188 1086.19995117188 1073.80004882812 1069.59997558594 1073.19995117188 1077.19995117188 1088.30004882812 1102.19995117188 1117.30004882812 1137.69995117188 1160.19995117188 1182.80004882812 1207.40002441406 1237.59997558594 1273.19995117188 1299.5 1320.59997558594 1336 1347.5 1348.90002441406 1349.5 1346.69995117188 1338.09997558594 1328.09997558594 1321.69995117188 1316.40002441406 1309.30004882812 1304.59997558594 1319.09997558594 1331.40002441406 1345 1359.90002441406 1377.40002441406 1382.90002441406 1389.69995117188 1393.19995117188 1392.40002441406 1402 1402.59997558594 1404.5 1411.69995117188 1432.59997558594 1449.59997558594 1441.69995117188 1442.80004882812
937 957.5 973.900024414062 987.700012207031 1004.5 1022.59997558594 1034.90002441406 1046.59997558594 1063.30004882812 1072.59997558594 1077 1070.5 1063.30004882812 1060.5 1062.59997558594 1069.59997558594 1078.59997558594 1092.09997558594 1105.5 1124.59997558594 1142.80004882812 1158.19995117188 1184.90002441406 1213.69995117188 1248.90002441406 1283.19995117188 1306.19995117188 1323.30004882812 1329.90002441406 1336.5 1334.80004882812 1330.80004882812 1324.30004882812 1314.80004882812 1302.80004882812 1296.09997558594 1287 1287.90002441406 1300.09997558594 1306.19995117188 1322.80004882812 1339.19995117188 1352.59997558594 1361.5 1364.80004882812 1370.90002441406 1373.59997558594 1372.5 1377.09997558594 1380.40002441406 1393.40002441406 1414.09997558594 1426.80004882812 1423.69995117188 1428.59997558594
943.799987792969 961.099975585938 977.599975585938 989.900024414062 1004.5 1019.59997558594 1033.09997558594 1041.30004882812 1058 1048.59997558594 1052.90002441406 1044.5 1042.80004882812 1042.69995117188 1048.40002441406 1058.40002441406 1069.90002441406 1081.59997558594 1092.69995117188 1110.30004882812 1123.80004882812 1136.09997558594 1157.80004882812 1184.59997558594 1228.5 1268.5 1287.80004882812 1304.90002441406 1318 1323.09997558594 1328.5 1327.19995117188 1322.19995117188 1307.90002441406 1288.19995117188 1273.09997558594 1264.30004882812 1260.90002441406 1275.19995117188 1291 1304.59997558594 1317.09997558594 1333.69995117188 1347 1347.90002441406 1351.80004882812 1353.5 1347.69995117188 1349.30004882812 1371 1379.30004882812 1382.59997558594 1391.19995117188 1398.09997558594 1393.5
954.5 966.700012207031 978.400024414062 992.299987792969 1001.20001220703 1014.09997558594 1027.90002441406 1037.40002441406 1039.19995117188 1032.30004882812 1024.69995117188 1016 1016 1022 1033.59997558594 1046 1057.59997558594 1072.19995117188 1080.69995117188 1094.90002441406 1107 1119.59997558594 1132.59997558594 1145.90002441406 1196.69995117188 1240.59997558594 1272.69995117188 1292.59997558594 1307.40002441406 1317.40002441406 1321.19995117188 1326.90002441406 1323.19995117188 1305.09997558594 1276 1251.40002441406 1237.40002441406 1239.19995117188 1249.19995117188 1268.30004882812 1285.19995117188 1302.80004882812 1321.09997558594 1329.40002441406 1337.09997558594 1342.90002441406 1341.90002441406 1332.59997558594 1341.80004882812 1361.09997558594 1364.80004882812 1363.09997558594 1369.40002441406 1371 1371.40002441406
963.400024414062 974.200012207031 980.700012207031 990 996.700012207031 1005 1022.09997558594 1032.19995117188 1030.90002441406 1018.70001220703 1028.30004882812 990.5 992.700012207031 1005.09997558594 1019.09997558594 1037.40002441406 1048.5 1064.40002441406 1074 1088.40002441406 1097.19995117188 1101.69995117188 1111.90002441406 1125.30004882812 1169.09997558594 1214.19995117188 1251.69995117188 1276.40002441406 1296.80004882812 1310.40002441406 1320.90002441406 1328.80004882812 1328.40002441406 1314.59997558594 1275.90002441406 1228.09997558594 1199.69995117188 1209.09997558594 1232 1254.90002441406 1276.90002441406 1292.80004882812 1314.19995117188 1325.09997558594 1332.59997558594 1341.09997558594 1341.40002441406 1345.80004882812 1348.40002441406 1354.30004882812 1359.80004882812 1355.09997558594 1355.90002441406 1349.90002441406 1340.5
970.5 975.299987792969 980.700012207031 985.900024414062 990.599975585938 995.599975585938 1008.5 1020.5 1023.5 1004.90002441406 986.599975585938 978.400024414062 1002.09997558594 1000.20001220703 1010.40002441406 1031.59997558594 1045 1061.30004882812 1066.40002441406 1078.90002441406 1090.5 1096.40002441406 1107.90002441406 1121.5 1155.69995117188 1201.09997558594 1240.09997558594 1268.69995117188 1287.30004882812 1299.69995117188 1316.5 1331.5 1333.19995117188 1335 1290.90002441406 1224.5 1192.69995117188 1210.69995117188 1233.30004882812 1256.80004882812 1273.90002441406 1295 1316 1333.30004882812 1344.90002441406 1361.30004882812 1368.19995117188 1361.30004882812 1359.09997558594 1354.69995117188 1349.90002441406 1347.5 1341.19995117188 1319 1312.80004882812
966.799987792969 973.700012207031 976.200012207031 980.5 982.400024414062 982.400024414062 992.799987792969 1007.79998779297 1023 994 981.799987792969 979.200012207031 976.599975585938 990.700012207031 1006.29998779297 1028.30004882812 1042.59997558594 1058.09997558594 1062.59997558594 1073.09997558594 1082.09997558594 1088.40002441406 1092.09997558594 1112.5 1146 1192.69995117188 1229.40002441406 1257 1275.59997558594 1293.09997558594 1313.19995117188 1324.40002441406 1332.80004882812 1337.59997558594 1306 1256.69995117188 1229 1230 1241.90002441406 1261.30004882812 1280.5 1302 1324.5 1347.90002441406 1359 1374.30004882812 1383.80004882812 1378.30004882812 1365.69995117188 1354.5 1343.80004882812 1334 1316.30004882812 1305.30004882812 1322.5
963.900024414062 970.200012207031 975.700012207031 979 976.299987792969 974.5 979.599975585938 989.5 993.900024414062 980.700012207031 958.5 961 977.799987792969 989.299987792969 1009.40002441406 1034.69995117188 1048.19995117188 1059.69995117188 1062.40002441406 1064 1066.90002441406 1064.40002441406 -3.4e+38 1091.90002441406 1145.30004882812 1188.19995117188 1222.19995117188 1245.80004882812 1263.69995117188 1288.19995117188 1302 1319.40002441406 1330.19995117188 1327.5 1306 1280.59997558594 1260.5 1253 1261.80004882812 1278.59997558594 1297.69995117188 1311.5 1334.90002441406 1355 1368.09997558594 1381.80004882812 1390.30004882812 1390.90002441406 1368.69995117188 1350.69995117188 1335 1313.09997558594 1303 1309.80004882812 1304.59997558594
963.200012207031 968.599975585938 970.900024414062 974.799987792969 975.700012207031 972.700012207031 975.700012207031 982.099975585938 980.200012207031 968.299987792969 952.599975585938 939.400024414062 953.900024414062 985.200012207031 1013.20001220703 1052.30004882812 1065.59997558594 1067.59997558594 1057.19995117188 1048.90002441406 1041.69995117188 1027.19995117188 -3.4e+38 1055.09997558594 1137.09997558594 1182.19995117188 1213.19995117188 1236.80004882812 1261.30004882812 1281.09997558594 1298.5 1313.40002441406 1325.69995117188 1325.59997558594 1310.90002441406 1293.80004882812 1281.09997558594 1277.5 1281.80004882812 1295 1310.30004882812 1324.40002441406 1344.30004882812 1360.19995117188 1370.5 1385.69995117188 1400.5 1390.69995117188 1369.90002441406 1349 1323.69995117188 1302.69995117188 1304.5 1303.59997558594 1290.5
962.200012207031 968.200012207031 973 975.5 975.299987792969 974.599975585938 976.700012207031 976.799987792969 973.200012207031 964.700012207031 954 947 959.700012207031 988.5 1023 1053.59997558594 1080.19995117188 1083.19995117188 1060.40002441406 1042.30004882812 1023.90002441406 1004.40002441406 -3.4e+38 1025.19995117188 1104.59997558594 1156.30004882812 1193.09997558594 1223.40002441406 1251.19995117188 1274.59997558594 1294.5 1311.90002441406 1321.90002441406 1327.30004882812 1320.09997558594 1305.69995117188 1296.90002441406 1293.69995117188 1299.59997558594 1307.40002441406 1319.09997558594 1333.80004882812 1349.59997558594 1357 1367.30004882812 1379.59997558594 1382.5 1371.30004882812 1355.40002441406 1337 1320 1294.90002441406 1295.19995117188 1291.30004882812 1266.5
965.5 971.400024414062 977.599975585938 977.799987792969 978.099975585938 979.099975585938 978.900024414062 976.700012207031 975.799987792969 967.900024414062 964 964.799987792969 980.599975585938 1001.90002441406 1031.09997558594 1066 1095.59997558594 1088.30004882812 1058 1034.69995117188 1015.09997558594 -3.4e+38 -3.4e+38 1035.19995117188 1084.90002441406 1137 1175.59997558594 1212.80004882812 1243.59997558594 1266.90002441406 1286.09997558594 1303.40002441406 1312.5 1318.59997558594 1316.19995117188 1309.40002441406 1302.40002441406 1304.30004882812 1306.40002441406 1314.59997558594 1325.40002441406 1339.80004882812 1346.90002441406 1354.09997558594 1359 1365 1362.30004882812 1348 1337.19995117188 1323.69995117188 1311.90002441406 1293.59997558594 1291.90002441406 -3.4e+38 -3.4e+38
970.700012207031 976.599975585938 979.700012207031 982.200012207031 986.799987792969 983.799987792969 981 982.400024414062 981.5 978.299987792969 977.299987792969 980.200012207031 996.599975585938 1018.20001220703 1044.30004882812 1070.40002441406 1082.69995117188 1071.59997558594 1047.59997558594 1026.69995117188 1013.20001220703 -3.4e+38 -3.4e+38 1047.19995117188 1085.69995117188 1123 1164.19995117188 1200.19995117188 1230.19995117188 1255.59997558594 1274.59997558594 1294.19995117188 1305.09997558594 1310 1308 1306.5 1304.09997558594 1305.19995117188 1308.90002441406 1319.59997558594 1328.09997558594 1341.40002441406 1345.80004882812 1345.30004882812 1349.69995117188 1345.69995117188 1338.59997558594 1333.5 1320 1309.90002441406 1297.80004882812 1285.5 -3.4e+38 -3.4e+38 -3.4e+38
974 980.599975585938 983.299987792969 985.200012207031 986 985.900024414062 984.700012207031 986.900024414062 987.400024414062 990.599975585938 989.599975585938 995.900024414062 1011.59997558594 1030.40002441406 1049.80004882812 1066 1072.30004882812 1058 1035.40002441406 1020.59997558594 1014.59997558594 1016.5 1026.80004882812 1050.80004882812 1088 1126.40002441406 1161.69995117188 1191.69995117188 1218 1243.80004882812 1263.40002441406 1278.59997558594 1287.19995117188 1293 1292.69995117188 1294.69995117188 1296 1298.80004882812 1303.5 1313.40002441406 1324.69995117188 1340.09997558594 1337.69995117188 1333.90002441406 1329.09997558594 1325.09997558594 1316.69995117188 1309.40002441406 1301.5 1293.69995117188 1280.40002441406 1261.80004882812 -3.4e+38 -3.4e+38 -3.4e+38
976.5 979.599975585938 985.799987792969 988.700012207031 992.700012207031 991.299987792969 991.400024414062 992.099975585938 993 994.200012207031 995.900024414062 1001.90002441406 1019.20001220703 1039.69995117188 1057.40002441406 1070.40002441406 1072.90002441406 1058.19995117188 1034.59997558594 1017 1018.40002441406 1022.79998779297 1033.80004882812 -3.4e+38 1087.69995117188 1126.19995117188 1155.90002441406 1180.59997558594 1202.30004882812 1223.19995117188 1243.19995117188 1262.80004882812 1272.90002441406 1275.59997558594 1272.19995117188 1271.90002441406 1275.09997558594 1282.09997558594 1289.09997558594 1300.80004882812 1311.30004882812 1329.59997558594 1333.69995117188 1322.80004882812 1312.40002441406 1303 1292.19995117188 1288.30004882812 1279.40002441406 1275.59997558594 1255 -3.4e+38 -3.4e+38 -3.4e+38 -3.4e+38
986.099975585938 983.099975585938 988.5 995.299987792969 995.599975585938 996.299987792969 998.700012207031 998.299987792969 995.5 995.5 998 1005.29998779297 1018.79998779297 1041 1065.59997558594 1081.90002441406 1088.09997558594 1076.40002441406 1051.69995117188 1036.90002441406 1029.59997558594 1033.19995117188 -3.4e+38 -3.4e+38 -3.4e+38 1125.40002441406 1154.30004882812 1170.19995117188 1180.59997558594 1194.69995117188 1210.90002441406 1232.59997558594 1248.19995117188 1243.09997558594 1236.09997558594 1235.40002441406 1243.59997558594 1253.40002441406 1264.5 1276.59997558594 1296.30004882812 1314.30004882812 1314.40002441406 1301.59997558594 1287.30004882812 1284.19995117188 1272.80004882812 1267.5 1258.69995117188 1239.19995117188 -3.4e+38 -3.4e+38 -3.4e+38 -3.4e+38 -3.4e+38
984.099975585938 987.599975585938 994.599975585938 1000 1000.5 997.299987792969 1000.09997558594 1003.09997558594 999.900024414062 996.599975585938 998.099975585938 999.700012207031 1014.90002441406 1039.90002441406 1071.69995117188 1101.59997558594 1114.40002441406 1101.5 1078.40002441406 1058.69995117188 1050 1049.69995117188 -3.4e+38 -3.4e+38 -3.4e+38 -3.4e+38 -3.4e+38 -3.4e+38 -3.4e+38 -3.4e+38 -3.4e+38 1177 1195.80004882812 1183.40002441406 1175.5 1183.40002441406 1201.19995117188 1220.5 1233.90002441406 1242.59997558594 1261.40002441406 1286.30004882812 1277.30004882812 1264.09997558594 1257.5 1249.90002441406 1236.80004882812 1230.19995117188 1219.90002441406 -3.4e+38 -3.4e+38 -3.4e+38 -3.4e+38 -3.4e+38 -3.4e+38
982.599975585938 989.400024414062 995.599975585938 1002 1005.29998779297 1007.20001220703 1008.09997558594 1010.79998779297 1006.29998779297 1001.90002441406 997.299987792969 992.799987792969 1002 1029.5 1077.09997558594 1127.90002441406 1147.80004882812 1123 1099.19995117188 1079.19995117188 1071.90002441406 1087.30004882812 -3.4e+38 -3.4e+38 -3.4e+38 -3.4e+38 -3.4e+38 -3.4e+38 -3.4e+38 -3.4e+38 -3.4e+38 -3.4e+38 1102.19995117188 1093.59997558594 1089.59997558594 1113.80004882812 1152.30004882812 1177.59997558594 1189 1193.40002441406 1204.19995117188 1217.80004882812 1211 1201 1198.90002441406 1197.69995117188 1191.90002441406 1183.30004882812 -3.4e+38 -3.4e+38 -3.4e+38 -3.4e+38 -3.4e+38 -3.4e+38 -3.4e+38
982.099975585938 988.900024414062 996.700012207031 1004.79998779297 1009.40002441406 1014.09997558594 1017 1014.5 1010.5 1002.20001220703 993.299987792969 982.799987792969 981.5 1009.29998779297 1066.30004882812 1132.69995117188 1158.09997558594 1133.19995117188 1109.59997558594 1091.30004882812 1081.59997558594 1082.09997558594 1094.90002441406 -3.4e+38 -3.4e+38 -3.4e+38 -3.4e+38 -3.4e+38 -3.4e+38 -3.4e+38 -3.4e+38 -3.4e+38 -3.4e+38 -3.4e+38 -3.4e+38 1018.90002441406 1087.59997558594 -3.4e+38 -3.4e+38 -3.4e+38 -3.4e+38 1139.59997558594 1132.09997558594 1136.30004882812 1143.09997558594 -3.4e+38 -3.4e+38 -3.4e+38 -3.4e+38 -3.4e+38 -3.4e+38 -3.4e+38 -3.4e+38 -3.4e+38 -3.4e+38
979.400024414062 988.5 1001.40002441406 1011.09997558594 1018.40002441406 1025.90002441406 1027.69995117188 1025.69995117188 1018.90002441406 1009.70001220703 997.099975585938 982.5 969.200012207031 990.799987792969 1047 1100 1124.30004882812 1120 1106.59997558594 1092.19995117188 1082.90002441406 1078.30004882812 1077.80004882812 1081.40002441406 1089.30004882812 1102.19995117188 -3.4e+38 -3.4e+38 -3.4e+38 -3.4e+38 -3.4e+38 -3.4e+38 -3.4e+38 -3.4e+38 -3.4e+38 -3.4e+38 -3.4e+38 -3.4e+38 -3.4e+38 -3.4e+38 -3.4e+38 -3.4e+38 -3.4e+38 -3.4e+38 -3.4e+38 -3.4e+38 -3.4e+38 -3.4e+38 -3.4e+38 -3.4e+38 -3.4e+38 -3.4e+38 -3.4e+38 -3.4e+38 -3.4e+38
972.5 985.900024414062 1003.29998779297 1015.59997558594 1029.09997558594 1036.40002441406 1044.40002441406 1042.69995117188 1034 1022.79998779297 1010.70001220703 997.599975585938 985.5 1000.79998779297 1037.30004882812 1070.09997558594 1092.30004882812 1099.59997558594 1093.59997558594 1084.19995117188 1077.30004882812 1073 1071.80004882812 1069.19995117188 1073 1075.40002441406 1064 1046.80004882812 -3.4e+38 -3.4e+38 -3.4e+38 -3.4e+38 -3.4e+38 -3.4e+38 -3.4e+38 -3.4e+38 -3.4e+38 -3.4e+38 -3.4e+38 -3.4e+38 -3.4e+38 -3.4e+38 -3.4e+38 -3.4e+38 -3.4e+38 -3.4e+38 -3.4e+38 -3.4e+38 -3.4e+38 -3.4e+38 -3.4e+38 -3.4e+38 -3.4e+38 -3.4e+38 -3.4e+38
963.5 982.099975585938 1001.90002441406 1017.70001220703 1033.5 1045.80004882812 1057 1060 1050.80004882812 1033.09997558594 1019.59997558594 1008.09997558594 1001.09997558594 1011.90002441406 1033.40002441406 1056.19995117188 1073.30004882812 1081.59997558594 1083.09997558594 1078.40002441406 1072.5 1066.5 1062.40002441406 1058.5 1054.5 1050.59997558594 1039.30004882812 1024.69995117188 1002.79998779297 -3.4e+38 -3.4e+38 -3.4e+38 -3.4e+38 -3.4e+38 -3.4e+38 -3.4e+38 -3.4e+38 -3.4e+38 -3.4e+38 -3.4e+38 -3.4e+38 -3.4e+38 -3.4e+38 -3.4e+38 -3.4e+38 -3.4e+38 -3.4e+38 -3.4e+38 -3.4e+38 -3.4e+38 -3.4e+38 -3.4e+38 -3.4e+38 -3.4e+38 -3.4e+38
