data/layers/future_layer_can_126_60/bio15.asc
NCOLS 494 
NROWS 529 
XLLCORNER -117.166666666667 
YLLCORNER -55.5 
CELLSIZE 0.166666666666667 
NODATA_value -3.4e+38 
[rows 144 to 167 of 529, columns 220 to 274 of 494]
62.5999984741211 62.5999984741211 62.7999992370605 -3.4e+38 -3.4e+38 -3.4e+38 -3.4e+38 -3.4e+38 -3.4e+38 -3.4e+38 -3.4e+38 -3.4e+38 66.6999969482422 63.4000015258789 59.2999992370605 60 59.7999992370605 43 41 -3.4e+38 -3.4e+38 -3.4e+38 53 46.9000015258789 49.0999984741211 52.7999992370605 52.2999992370605 54.2000007629395 55.7999992370605 53.5999984741211 56.9000015258789 58.7000007629395 61.7000007629395 59.7000007629395 58 59 60.0999984741211 60.7999992370605 60.5999984741211 61.2999992370605 58.7000007629395 50 43.2999992370605 39.0999984741211 42.4000015258789 39.5 43.9000015258789 40.7999992370605 41 44.5 38.5999984741211 37.7000007629395 38.5999984741211 35.9000015258789 53.4000015258789
68.0999984741211 68.8000030517578 -3.4e+38 -3.4e+38 -3.4e+38 -3.4e+38 -3.4e+38 -3.4e+38 -3.4e+38 -3.4e+38 -3.4e+38 -3.4e+38 -3.4e+38 -3.4e+38 59.7999992370605 57.7000007629395 60.4000015258789 53.2000007629395 42.7000007629395 -3.4e+38 -3.4e+38 -3.4e+38 -3.4e+38 42 44.9000015258789 50.2999992370605 47.2999992370605 50.7999992370605 53.2999992370605 54.7000007629395 54.5999984741211 58.9000015258789 60.7999992370605 58.7999992370605 57.2999992370605 57.4000015258789 57.0999984741211 53.5 59 60.2999992370605 58.2000007629395 50.9000015258789 42.9000015258789 39 38.2000007629395 36.4000015258789 41.7999992370605 40.5 37.7000007629395 39.5 37.4000015258789 34.2999992370605 37.9000015258789 43.7999992370605 52.5
-3.4e+38 -3.4e+38 -3.4e+38 -3.4e+38 -3.4e+38 -3.4e+38 -3.4e+38 -3.4e+38 -3.4e+38 -3.4e+38 -3.4e+38 -3.4e+38 -3.4e+38 -3.4e+38 56.2999992370605 56.5 58.7000007629395 58.7000007629395 50.9000015258789 43.5999984741211 -3.4e+38 -3.4e+38 -3.4e+38 42.7999992370605 41 43.2000007629395 50.7000007629395 51.2999992370605 49.7000007629395 51.5 52.4000015258789 53 53.5999984741211 53.9000015258789 57.0999984741211 57 49.9000015258789 47.0999984741211 50.9000015258789 57.5999984741211 53.5 44.2000007629395 46.2999992370605 42.7000007629395 41.0999984741211 36.5999984741211 38.5999984741211 38.5999984741211 37.7000007629395 35.2000007629395 35.5999984741211 48.2999992370605 51.7000007629395 53.5999984741211 59.5999984741211
-3.4e+38 -3.4e+38 -3.4e+38 -3.4e+38 -3.4e+38 -3.4e+38 -3.4e+38 -3.4e+38 -3.4e+38 -3.4e+38 -3.4e+38 -3.4e+38 -3.4e+38 -3.4e+38 50.0999984741211 47.0999984741211 50.4000015258789 57.9000015258789 51.7999992370605 51 54.2999992370605 60.5999984741211 -3.4e+38 38 41.7999992370605 45 47.2999992370605 47.9000015258789 46.4000015258789 47.5 51.9000015258789 53.5 50.2999992370605 51.7999992370605 55.2000007629395 53.5999984741211 49.7999992370605 44.0999984741211 50.2000007629395 58.7000007629395 55.7000007629395 51.0999984741211 47.2000007629395 45.4000015258789 48.9000015258789 40.5 40.7999992370605 43.2000007629395 39.5 33.2999992370605 40.5999984741211 57.7000007629395 56.2999992370605 60.7999992370605 59.7000007629395
74.0999984741211 -3.4e+38 -3.4e+38 -3.4e+38 -3.4e+38 -3.4e+38 -3.4e+38 -3.4e+38 -3.4e+38 -3.4e+38 -3.4e+38 -3.4e+38 -3.4e+38 51.5 48.5999984741211 45.9000015258789 43.2999992370605 58.2999992370605 55.7000007629395 52.2000007629395 56.5999984741211 -3.4e+38 -3.4e+38 38.5999984741211 36.7999992370605 47.0999984741211 36.2000007629395 45.4000015258789 51.0999984741211 47.7999992370605 47.7999992370605 49.9000015258789 49.5 50.5 50.7999992370605 47.7000007629395 48.5 46.5999984741211 50.5 55.5999984741211 55.5999984741211 52.0999984741211 48.7999992370605 49.0999984741211 50.7000007629395 45.0999984741211 41.9000015258789 41.2000007629395 39 39.4000015258789 44.5 48.4000015258789 53.2000007629395 53.5999984741211 56.9000015258789
73.1999969482422 77 -3.4e+38 -3.4e+38 -3.4e+38 -3.4e+38 -3.4e+38 -3.4e+38 -3.4e+38 -3.4e+38 -3.4e+38 -3.4e+38 -3.4e+38 -3.4e+38 42.2000007629395 44.2999992370605 44.7000007629395 55.4000015258789 59.4000015258789 58.2999992370605 52.7999992370605 47.7000007629395 44.5999984741211 37.5999984741211 35.5 45.7000007629395 41.9000015258789 47 47 44.2000007629395 47.2000007629395 48.7000007629395 47.5999984741211 49 49.0999984741211 45.5 42.2000007629395 45.9000015258789 50.2999992370605 52.5999984741211 53.5999984741211 51.7000007629395 51.2000007629395 47.2999992370605 48.0999984741211 48.2999992370605 43.7999992370605 41.7000007629395 38.7999992370605 39.5 46.4000015258789 50.7999992370605 51.5999984741211 56.7999992370605 60.4000015258789
67.5999984741211 73.1999969482422 -3.4e+38 -3.4e+38 -3.4e+38 -3.4e+38 -3.4e+38 -3.4e+38 -3.4e+38 -3.4e+38 -3.4e+38 -3.4e+38 -3.4e+38 -3.4e+38 59 53 57.4000015258789 54.0999984741211 58.5 59.5999984741211 47.5 44.0999984741211 43.2999992370605 38.5999984741211 32.5 38.4000015258789 43.9000015258789 34.4000015258789 34.7000007629395 40.2999992370605 47.5 47.9000015258789 47.0999984741211 46.7000007629395 45.9000015258789 41.5999984741211 40.4000015258789 45 50.9000015258789 51.7000007629395 51.2000007629395 50.2000007629395 50.5 47.0999984741211 46.7999992370605 48.4000015258789 43.5999984741211 43.2000007629395 44.2999992370605 40.9000015258789 43.9000015258789 51.2999992370605 53.7000007629395 59.7999992370605 62.7000007629395
71.1999969482422 -3.4e+38 -3.4e+38 -3.4e+38 -3.4e+38 -3.4e+38 -3.4e+38 -3.4e+38 -3.4e+38 -3.4e+38 -3.4e+38 -3.4e+38 -3.4e+38 -3.4e+38 -3.4e+38 61.2999992370605 62.4000015258789 53.7999992370605 60.2000007629395 55.5 44.0999984741211 40 39.0999984741211 38 37.2000007629395 28.7000007629395 31.8999996185303 32.7000007629395 39.5 37.7000007629395 41.5999984741211 44.5 46 46.2000007629395 43.5999984741211 40.2999992370605 42.2000007629395 40.5999984741211 45.5999984741211 52.7000007629395 49.2000007629395 45 50.5 46.4000015258789 43.4000015258789 51.9000015258789 50.2000007629395 51.2000007629395 59.5 53.2000007629395 47.2000007629395 55.2000007629395 57.5 62.5999984741211 64.0999984741211
-3.4e+38 -3.4e+38 -3.4e+38 -3.4e+38 -3.4e+38 -3.4e+38 -3.4e+38 -3.4e+38 -3.4e+38 -3.4e+38 -3.4e+38 -3.4e+38 -3.4e+38 -3.4e+38 -3.4e+38 -3.4e+38 61 58.0999984741211 55.5999984741211 52.5 42.2000007629395 38.9000015258789 34.5999984741211 35.9000015258789 36.2000007629395 39.7999992370605 36.7999992370605 41.4000015258789 43 43.2999992370605 43.7999992370605 42.5999984741211 41 42.4000015258789 42.9000015258789 39.7000007629395 42.5 41.2999992370605 46.2000007629395 52.2999992370605 48.0999984741211 45.5 45.4000015258789 44.5999984741211 43.5 49.0999984741211 55.5999984741211 58.5 49.5 49.5 43.7000007629395 53 60.0999984741211 63 65.1999969482422
-3.4e+38 -3.4e+38 -3.4e+38 -3.4e+38 -3.4e+38 -3.4e+38 -3.4e+38 -3.4e+38 -3.4e+38 -3.4e+38 -3.4e+38 -3.4e+38 -3.4e+38 -3.4e+38 -3.4e+38 -3.4e+38 -3.4e+38 59.2999992370605 53.0999984741211 46 39.7999992370605 33.2999992370605 30.7999992370605 30.3999996185303 31.2999992370605 42.0999984741211 45.2000007629395 42 44.4000015258789 41.0999984741211 37.5999984741211 40.5999984741211 39.5999984741211 39.4000015258789 39.7000007629395 41.4000015258789 41.5999984741211 46.2000007629395 50.2000007629395 46.4000015258789 46.2999992370605 45.9000015258789 43.7000007629395 42.2999992370605 42.2999992370605 47.9000015258789 53.5999984741211 67.3000030517578 54.7999992370605 45.5999984741211 48.7999992370605 53.5999984741211 59.5999984741211 60.5 65.0999984741211
-3.4e+38 -3.4e+38 -3.4e+38 -3.4e+38 -3.4e+38 -3.4e+38 -3.4e+38 -3.4e+38 -3.4e+38 -3.4e+38 -3.4e+38 -3.4e+38 -3.4e+38 -3.4e+38 -3.4e+38 -3.4e+38 -3.4e+38 59.0999984741211 49.7999992370605 35.9000015258789 34.7000007629395 29.3999996185303 27.5 27 29.6000003814697 40 46.0999984741211 40.2000007629395 42.0999984741211 47.7000007629395 40.0999984741211 39.7000007629395 38 36.5 38.7999992370605 40.7000007629395 40.2999992370605 45.2999992370605 45.4000015258789 47.0999984741211 45.7999992370605 45.0999984741211 41.2999992370605 42.4000015258789 40.7999992370605 48.5 53.5999984741211 64.5999984741211 59.7999992370605 53.2999992370605 48.7000007629395 50.4000015258789 61 65.0999984741211 66.9000015258789
-3.4e+38 -3.4e+38 -3.4e+38 -3.4e+38 -3.4e+38 -3.4e+38 -3.4e+38 -3.4e+38 -3.4e+38 -3.4e+38 -3.4e+38 -3.4e+38 -3.4e+38 -3.4e+38 -3.4e+38 -3.4e+38 -3.4e+38 -3.4e+38 49.0999984741211 38.2999992370605 30.6000003814697 27.7999992370605 33.5 27.7000007629395 29.7999992370605 40 42 40.2999992370605 42.5999984741211 41 41.9000015258789 36.7000007629395 38.2000007629395 36.2999992370605 37.0999984741211 38.9000015258789 41.4000015258789 44.2000007629395 45.7999992370605 42.7000007629395 44.2999992370605 41.7999992370605 39.7999992370605 41.2000007629395 40.5 44.2999992370605 54.0999984741211 55 69.0999984741211 60.0999984741211 57.2000007629395 50.9000015258789 57.5 65 70
-3.4e+38 -3.4e+38 -3.4e+38 -3.4e+38 -3.4e+38 -3.4e+38 -3.4e+38 -3.4e+38 -3.4e+38 -3.4e+38 -3.4e+38 -3.4e+38 -3.4e+38 -3.4e+38 -3.4e+38 -3.4e+38 -3.4e+38 -3.4e+38 -3.4e+38 32.7000007629395 18.2000007629395 18 28.2000007629395 22.7000007629395 29.2000007629395 42 39.5999984741211 38.4000015258789 38 35.7000007629395 35.7000007629395 36.2000007629395 35.5999984741211 35.2000007629395 35 38.7000007629395 40.0999984741211 43 42.2000007629395 40 39.2000007629395 36.9000015258789 42.2999992370605 41.7000007629395 42.7999992370605 44.5999984741211 51.9000015258789 55.5999984741211 62.5999984741211 71.3000030517578 71.3000030517578 55.7999992370605 60.4000015258789 65 68.5999984741211
-3.4e+38 -3.4e+38 -3.4e+38 -3.4e+38 -3.4e+38 -3.4e+38 -3.4e+38 -3.4e+38 -3.4e+38 -3.4e+38 -3.4e+38 -3.4e+38 -3.4e+38 -3.4e+38 -3.4e+38 -3.4e+38 -3.4e+38 -3.4e+38 -3.4e+38 30.7000007629395 13.6000003814697 13.5 19.2999992370605 21 25 31.7000007629395 37.5 36.2000007629395 37.2000007629395 34.2000007629395 33.5999984741211 31.7000007629395 31.7999992370605 32.5999984741211 34.2999992370605 37.9000015258789 40.2999992370605 41.7999992370605 40.5 37.7000007629395 38.0999984741211 39.5999984741211 43.9000015258789 43.2999992370605 45.5999984741211 47.7000007629395 53.7000007629395 52.2999992370605 57.9000015258789 68.1999969482422 65.0999984741211 63.2999992370605 66 65.9000015258789 65.3000030517578
-3.4e+38 -3.4e+38 -3.4e+38 -3.4e+38 -3.4e+38 -3.4e+38 -3.4e+38 -3.4e+38 -3.4e+38 -3.4e+38 -3.4e+38 -3.4e+38 -3.4e+38 -3.4e+38 -3.4e+38 -3.4e+38 -3.4e+38 -3.4e+38 -3.4e+38 32.2000007629395 13.8000001907349 16.8999996185303 13.6999998092651 15.8999996185303 24.7000007629395 28.3999996185303 32.5 33.5 34.4000015258789 34.5999984741211 32 31.7999992370605 25.8999996185303 31.5 34.7000007629395 37.4000015258789 40.9000015258789 40.0999984741211 39.9000015258789 37.0999984741211 36.2000007629395 38.5999984741211 43.7999992370605 44.2999992370605 43.0999984741211 50.9000015258789 52.4000015258789 54.7999992370605 64.3000030517578 68.8000030517578 50.2999992370605 59.7000007629395 65.6999969482422 66.8000030517578 66.5999984741211
-3.4e+38 -3.4e+38 -3.4e+38 -3.4e+38 -3.4e+38 -3.4e+38 -3.4e+38 -3.4e+38 -3.4e+38 -3.4e+38 -3.4e+38 -3.4e+38 -3.4e+38 -3.4e+38 -3.4e+38 -3.4e+38 -3.4e+38 -3.4e+38 -3.4e+38 33.7999992370605 17.5 13.6000003814697 13 12.8999996185303 18.7000007629395 24.8999996185303 30.6000003814697 30 32.9000015258789 31.2000007629395 31.7999992370605 22.2000007629395 24.2000007629395 30.5 35.5999984741211 36.0999984741211 40.4000015258789 38.2999992370605 36.2999992370605 36.5 39.9000015258789 44.4000015258789 42.5 48.2000007629395 46.9000015258789 54.5999984741211 49.7999992370605 50.2000007629395 72.0999984741211 57.0999984741211 53.5 56.2999992370605 67.3000030517578 69.6999969482422 66.3000030517578
-3.4e+38 -3.4e+38 -3.4e+38 -3.4e+38 -3.4e+38 -3.4e+38 -3.4e+38 -3.4e+38 -3.4e+38 -3.4e+38 -3.4e+38 -3.4e+38 -3.4e+38 -3.4e+38 -3.4e+38 -3.4e+38 -3.4e+38 -3.4e+38 -3.4e+38 28.6000003814697 23.7000007629395 11.6999998092651 12.5 13.8000001907349 17.2000007629395 25.2999992370605 26.7999992370605 33.7999992370605 34.2999992370605 30.1000003814697 29.7999992370605 21.2000007629395 27.6000003814697 29.5 39.2000007629395 36.2000007629395 39.7999992370605 37.2999992370605 34.7999992370605 36 44.9000015258789 45.5 48.7000007629395 49.7999992370605 51.7999992370605 52.2999992370605 58.7999992370605 67.3000030517578 71.8000030517578 63.2999992370605 62.5999984741211 62.0999984741211 65 67.9000015258789 67.5999984741211
-3.4e+38 -3.4e+38 -3.4e+38 -3.4e+38 -3.4e+38 -3.4e+38 -3.4e+38 -3.4e+38 -3.4e+38 -3.4e+38 -3.4e+38 -3.4e+38 -3.4e+38 -3.4e+38 -3.4e+38 -3.4e+38 -3.4e+38 -3.4e+38 -3.4e+38 -3.4e+38 19.7000007629395 12.3000001907349 12.1000003814697 13.3000001907349 14.5 22.2000007629395 29.6000003814697 30.2000007629395 28.6000003814697 33.4000015258789 28.2000007629395 23.1000003814697 25 30.7000007629395 36.7000007629395 37.2000007629395 38.2000007629395 34 35.7000007629395 38.0999984741211 47.2999992370605 48.5 48.2000007629395 51.5 48.5 49.7999992370605 62.0999984741211 67.6999969482422 67.6999969482422 64.5999984741211 63.2000007629395 64.3000030517578 65.3000030517578 68.0999984741211 69.5999984741211
-3.4e+38 -3.4e+38 -3.4e+38 -3.4e+38 -3.4e+38 -3.4e+38 -3.4e+38 -3.4e+38 -3.4e+38 -3.4e+38 -3.4e+38 -3.4e+38 -3.4e+38 -3.4e+38 -3.4e+38 -3.4e+38 -3.4e+38 -3.4e+38 -3.4e+38 22.5 15.6000003814697 12.1000003814697 11.5 12.6000003814697 11.8000001907349 19.7000007629395 29.2999992370605 26.6000003814697 28.2000007629395 30.7000007629395 30.2000007629395 24.8999996185303 28.6000003814697 31.8999996185303 35.7000007629395 37.2000007629395 34.9000015258789 31.7999992370605 36.5 38.0999984741211 52.4000015258789 48.5 48.9000015258789 50 51.9000015258789 51.5 68.1999969482422 63.2000007629395 64.6999969482422 64 63.2999992370605 64.1999969482422 65.8000030517578 67.8000030517578 70.6999969482422
-3.4e+38 -3.4e+38 -3.4e+38 -3.4e+38 -3.4e+38 -3.4e+38 -3.4e+38 -3.4e+38 -3.4e+38 -3.4e+38 -3.4e+38 -3.4e+38 -3.4e+38 -3.4e+38 -3.4e+38 -3.4e+38 -3.4e+38 -3.4e+38 -3.4e+38 28.2999992370605 18 12.3999996185303 10 11.3999996185303 11 23.2999992370605 28.1000003814697 27 26.7000007629395 28.7000007629395 30.5 31.6000003814697 27.5 31.6000003814697 37 35.2000007629395 30.3999996185303 33 37.5 38.2000007629395 46.2000007629395 41.5 46.4000015258789 48.2000007629395 56.0999984741211 58.7000007629395 61.2999992370605 64.1999969482422 63.7999992370605 63.4000015258789 65.1999969482422 67.4000015258789 65.3000030517578 65.6999969482422 69.5999984741211
-3.4e+38 -3.4e+38 -3.4e+38 -3.4e+38 -3.4e+38 -3.4e+38 -3.4e+38 -3.4e+38 -3.4e+38 -3.4e+38 -3.4e+38 -3.4e+38 -3.4e+38 -3.4e+38 -3.4e+38 -3.4e+38 -3.4e+38 -3.4e+38 -3.4e+38 18.5 18.1000003814697 13 11.6999998092651 9.89999961853027 13.8000001907349 21.7000007629395 26.6000003814697 26.7999992370605 26.5 28.8999996185303 32.5 26.2999992370605 29.6000003814697 32.7999992370605 39.7000007629395 36.0999984741211 32.9000015258789 36.2000007629395 33.9000015258789 39.9000015258789 39.9000015258789 40.2000007629395 48.2999992370605 52.2000007629395 52.5 57.9000015258789 60.7000007629395 63.4000015258789 64 64.1999969482422 65.8000030517578 68.5999984741211 69.3000030517578 68 68.5999984741211
-3.4e+38 -3.4e+38 -3.4e+38 -3.4e+38 -3.4e+38 -3.4e+38 -3.4e+38 -3.4e+38 -3.4e+38 -3.4e+38 -3.4e+38 -3.4e+38 -3.4e+38 -3.4e+38 -3.4e+38 -3.4e+38 -3.4e+38 -3.4e+38 -3.4e+38 15.8999996185303 16.2000007629395 10.8999996185303 8.30000019073486 10.3999996185303 17.6000003814697 24.1000003814697 27 25.2999992370605 26.2999992370605 29.2000007629395 35.2999992370605 30.1000003814697 30.2999992370605 35.7999992370605 40.2999992370605 36.7999992370605 39.5999984741211 35.2999992370605 35.4000015258789 37 38.0999984741211 45.4000015258789 50.5 48.5999984741211 58.5 56.0999984741211 63.5999984741211 64.4000015258789 66.4000015258789 65.0999984741211 65.6999969482422 68.5 69.8000030517578 69.5999984741211 69.3000030517578
-3.4e+38 -3.4e+38 -3.4e+38 -3.4e+38 -3.4e+38 -3.4e+38 -3.4e+38 -3.4e+38 -3.4e+38 -3.4e+38 -3.4e+38 -3.4e+38 -3.4e+38 -3.4e+38 -3.4e+38 -3.4e+38 -3.4e+38 -3.4e+38 -3.4e+38 16.8999996185303 13.5 9.89999961853027 8.69999980926514 13 21.6000003814697 26.1000003814697 23 26.1000003814697 27.7000007629395 30.2000007629395 31.8999996185303 33.5 33.5 40.4000015258789 41.2999992370605 37.2999992370605 35.4000015258789 36.0999984741211 33.2000007629395 34 44.4000015258789 50.5999984741211 52.2000007629395 55.2000007629395 57.7999992370605 62.2999992370605 63.7999992370605 65.3000030517578 66.3000030517578 65.4000015258789 66.4000015258789 67.4000015258789 66.3000030517578 67.0999984741211 68
-3.4e+38 -3.4e+38 -3.4e+38 -3.4e+38 -3.4e+38 -3.4e+38 -3.4e+38 -3.4e+38 -3.4e+38 -3.4e+38 -3.4e+38 -3.4e+38 -3.4e+38 -3.4e+38 -3.4e+38 -3.4e+38 -3.4e+38 -3.4e+38 -3.4e+38 15.8000001907349 13.5 10.8999996185303 11.8000001907349 14.8000001907349 24.8999996185303 23.2999992370605 25.7999992370605 26.7000007629395 29.6000003814697 31.8999996185303 31.7999992370605 32.2000007629395 33.5999984741211 42.5999984741211 40.7000007629395 37.7000007629395 34 34.5 32.5999984741211 37.5999984741211 52.4000015258789 47.2999992370605 49.4000015258789 56.7999992370605 58.9000015258789 61.4000015258789 62.7000007629395 65.9000015258789 66.9000015258789 65.8000030517578 66.8000030517578 68.6999969482422 66.6999969482422 65.8000030517578 65.8000030517578
