data/layers/future_layer_can_126_60/bio13.asc
NCOLS 494 
NROWS 529 
XLLCORNER -117.166666666667 
YLLCORNER -55.5 
CELLSIZE 0.166666666666667 
NODATA_value -3.4e+38 
[rows 336 to 359 of 529, columns 378 to 431 of 494]
181 172.100006103516 167.399993896484 161.699996948242 155.600006103516 149.300003051758 153.899993896484 158 159.5 159.199996948242 160.699996948242 159.199996948242 159.399993896484 163.800003051758 173.699996948242 186.100006103516 198.100006103516 205.699996948242 202 193.300003051758 186.100006103516 176.100006103516 171.399993896484 167.600006103516 167.399993896484 174.600006103516 173.199996948242 180.300003051758 192.800003051758 183.800003051758 180.399993896484 187.100006103516 196.800003051758 200.600006103516 196.399993896484 197.399993896484 195.800003051758 193.100006103516 191.899993896484 207.399993896484 222.300003051758 225.699996948242 225.199996948242 226.300003051758 226.699996948242 227.800003051758 220.699996948242 217.899993896484 221.800003051758 223.600006103516 224 227.100006103516 240.300003051758 262.399993896484
181.300003051758 173.300003051758 168.300003051758 160.300003051758 157.800003051758 156.100006103516 161.100006103516 164.399993896484 163.100006103516 160 163.600006103516 168.100006103516 173.399993896484 178.100006103516 182.600006103516 192.600006103516 200.399993896484 204.800003051758 204.399993896484 199.399993896484 194.300003051758 185.800003051758 177.899993896484 172.300003051758 165.800003051758 168.100006103516 169.899993896484 178.800003051758 181.399993896484 180.100006103516 177.800003051758 184.399993896484 191.199996948242 195.399993896484 193.199996948242 191.699996948242 191.300003051758 188.5 187.199996948242 196.100006103516 222.800003051758 233.399993896484 236.899993896484 236.199996948242 238.5 235.100006103516 235.300003051758 237.600006103516 247.399993896484 254.100006103516 268.100006103516 262 264.700012207031 -3.4e+38
180.699996948242 176.899993896484 163.800003051758 152.699996948242 152.800003051758 163.100006103516 164.100006103516 166.300003051758 164.899993896484 162.300003051758 165.399993896484 177.800003051758 188.600006103516 196.899993896484 193.800003051758 197.300003051758 200.5 203.300003051758 205.100006103516 202.199996948242 200.300003051758 194 188.899993896484 182 174.600006103516 170.100006103516 170.5 176.5 179.199996948242 178.600006103516 175.699996948242 178.199996948242 182.800003051758 187.399993896484 189.899993896484 191.600006103516 192.100006103516 193.399993896484 195.800003051758 215.300003051758 244.899993896484 250.5 250.300003051758 252.800003051758 254.800003051758 251.699996948242 278.799987792969 303.100006103516 320.100006103516 -3.4e+38 -3.4e+38 -3.4e+38 -3.4e+38 -3.4e+38
176.199996948242 172.399993896484 150.800003051758 140.800003051758 152.600006103516 163.899993896484 166.5 166.100006103516 166.600006103516 169.600006103516 171.899993896484 181.600006103516 195.199996948242 206.899993896484 200 197.600006103516 197.399993896484 198.800003051758 200.399993896484 196.100006103516 192.300003051758 189.5 189.100006103516 185 180.699996948242 175.600006103516 175.399993896484 176.399993896484 180.199996948242 177.300003051758 174.899993896484 171.199996948242 177.800003051758 186.100006103516 191.5 194 194.199996948242 200.100006103516 220.600006103516 252.399993896484 265.399993896484 261.100006103516 260.399993896484 274 293.600006103516 309.299987792969 316.600006103516 327.100006103516 -3.4e+38 -3.4e+38 -3.4e+38 -3.4e+38 -3.4e+38 -3.4e+38
175.100006103516 162.100006103516 145.600006103516 144.100006103516 164.600006103516 176.199996948242 181.100006103516 180.800003051758 175.800003051758 180.600006103516 185 187.300003051758 191.600006103516 197.800003051758 199.899993896484 200 196.699996948242 196.300003051758 193.399993896484 189.899993896484 182.699996948242 179.300003051758 180.800003051758 182.300003051758 182.600006103516 182.800003051758 188.600006103516 186.800003051758 184.699996948242 184.800003051758 181.600006103516 178.399993896484 185.100006103516 194 199.899993896484 198.300003051758 197.600006103516 206.300003051758 225.300003051758 247.199996948242 258.299987792969 264.600006103516 276.700012207031 282.399993896484 290.100006103516 -3.4e+38 -3.4e+38 -3.4e+38 -3.4e+38 -3.4e+38 -3.4e+38 -3.4e+38 -3.4e+38 -3.4e+38
173.800003051758 162.100006103516 159.800003051758 167.699996948242 185.399993896484 197.399993896484 201.100006103516 202.800003051758 204.800003051758 206.800003051758 201 191.199996948242 190.699996948242 196.199996948242 196.699996948242 198.600006103516 196 192.199996948242 186.399993896484 181.899993896484 172.800003051758 167.399993896484 174.899993896484 184.199996948242 188.899993896484 198.800003051758 210.699996948242 211.300003051758 205.300003051758 198.699996948242 193.100006103516 186.699996948242 189.300003051758 198.800003051758 205.600006103516 207.100006103516 215.600006103516 229.300003051758 238.300003051758 245 256.299987792969 266.899993896484 278.799987792969 -3.4e+38 -3.4e+38 -3.4e+38 -3.4e+38 -3.4e+38 -3.4e+38 -3.4e+38 -3.4e+38 -3.4e+38 -3.4e+38 -3.4e+38
175 167 167.300003051758 182.399993896484 201.399993896484 210.699996948242 214.100006103516 223.5 235.800003051758 237.100006103516 224.399993896484 201.100006103516 189.5 192.300003051758 185.899993896484 188.399993896484 196.399993896484 185.899993896484 181.300003051758 177.199996948242 168.899993896484 161.100006103516 167.100006103516 180.399993896484 198.300003051758 210.300003051758 213.300003051758 212.399993896484 207.399993896484 194.5 184.800003051758 189.5 191.199996948242 198.199996948242 207.5 213.699996948242 222.600006103516 236.300003051758 244.399993896484 252.5 264.100006103516 283.700012207031 -3.4e+38 -3.4e+38 -3.4e+38 -3.4e+38 -3.4e+38 -3.4e+38 -3.4e+38 -3.4e+38 -3.4e+38 -3.4e+38 -3.4e+38 -3.4e+38
180.199996948242 170.800003051758 160.899993896484 176.600006103516 199.300003051758 216.600006103516 223.699996948242 237.399993896484 262 262.5 245.100006103516 226.800003051758 196.5 195.100006103516 203.399993896484 188.899993896484 188.100006103516 183.100006103516 178.899993896484 174.100006103516 166.600006103516 165.899993896484 165.399993896484 188 201.899993896484 211.199996948242 214.399993896484 214.300003051758 196.899993896484 173.199996948242 169.600006103516 182.399993896484 194.100006103516 204.800003051758 214.600006103516 224.399993896484 231.899993896484 235.899993896484 246.100006103516 252.600006103516 260.100006103516 -3.4e+38 -3.4e+38 -3.4e+38 -3.4e+38 -3.4e+38 -3.4e+38 -3.4e+38 -3.4e+38 -3.4e+38 -3.4e+38 -3.4e+38 -3.4e+38 -3.4e+38
181.399993896484 172.5 158.600006103516 173.399993896484 199.399993896484 220.199996948242 228.199996948242 236.5 248.5 253.399993896484 239.899993896484 219.300003051758 215.5 236.100006103516 244.300003051758 210.199996948242 189.399993896484 180.399993896484 172.699996948242 170.600006103516 162.5 162 164.800003051758 184.300003051758 201.300003051758 209.899993896484 216.100006103516 204.600006103516 171.300003051758 149.699996948242 172.899993896484 185.100006103516 199.800003051758 213.899993896484 227.600006103516 238.800003051758 251.100006103516 256.100006103516 256.100006103516 -3.4e+38 -3.4e+38 -3.4e+38 -3.4e+38 -3.4e+38 -3.4e+38 -3.4e+38 -3.4e+38 -3.4e+38 -3.4e+38 -3.4e+38 -3.4e+38 -3.4e+38 -3.4e+38 -3.4e+38
187.300003051758 181.399993896484 174.399993896484 184 200.800003051758 211.399993896484 217.199996948242 223.399993896484 229.399993896484 232.899993896484 224.800003051758 211.600006103516 214.899993896484 231.600006103516 237.699996948242 220.899993896484 197.300003051758 177.600006103516 174.399993896484 163.899993896484 158.699996948242 159.600006103516 162 170.699996948242 195.699996948242 206.5 208.399993896484 181.899993896484 162.300003051758 177 202.100006103516 206.100006103516 210.5 229.600006103516 242.600006103516 262 278.899993896484 285.600006103516 -3.4e+38 -3.4e+38 -3.4e+38 -3.4e+38 -3.4e+38 -3.4e+38 -3.4e+38 -3.4e+38 -3.4e+38 -3.4e+38 -3.4e+38 -3.4e+38 -3.4e+38 -3.4e+38 -3.4e+38 -3.4e+38
194.199996948242 194.600006103516 195.300003051758 192.899993896484 194.300003051758 199.100006103516 200.199996948242 199.600006103516 204.899993896484 213.199996948242 211.399993896484 207.600006103516 212.699996948242 219.199996948242 221.100006103516 214.800003051758 199.399993896484 180.899993896484 167.199996948242 161.600006103516 154.600006103516 153.399993896484 159.300003051758 166.300003051758 183.899993896484 203.300003051758 201.399993896484 188.300003051758 203.399993896484 209.5 227.600006103516 228.199996948242 236.199996948242 252.399993896484 271.600006103516 284.799987792969 313.299987792969 -3.4e+38 -3.4e+38 -3.4e+38 -3.4e+38 -3.4e+38 -3.4e+38 -3.4e+38 -3.4e+38 -3.4e+38 -3.4e+38 -3.4e+38 -3.4e+38 -3.4e+38 -3.4e+38 -3.4e+38 -3.4e+38 -3.4e+38
201.800003051758 200.800003051758 196.300003051758 193.600006103516 193.800003051758 194.5 195.600006103516 195.5 193.800003051758 200.100006103516 204.100006103516 205.899993896484 207.199996948242 207.899993896484 208.800003051758 201.300003051758 194.399993896484 185.600006103516 164.199996948242 159.300003051758 154.399993896484 161.5 170.600006103516 182.300003051758 205.600006103516 219.100006103516 212.800003051758 200.600006103516 224.5 230 231.300003051758 243.100006103516 266.399993896484 284.700012207031 287.700012207031 304.799987792969 -3.4e+38 -3.4e+38 -3.4e+38 -3.4e+38 -3.4e+38 -3.4e+38 -3.4e+38 -3.4e+38 -3.4e+38 -3.4e+38 -3.4e+38 -3.4e+38 -3.4e+38 -3.4e+38 -3.4e+38 -3.4e+38 -3.4e+38 -3.4e+38
199.600006103516 199.800003051758 198.100006103516 199.399993896484 199.899993896484 203.300003051758 214.399993896484 207.800003051758 193.600006103516 197.600006103516 200.899993896484 202.100006103516 201.300003051758 202 198.699996948242 191.199996948242 186.100006103516 180.899993896484 162.800003051758 157.199996948242 163.600006103516 171.899993896484 181.600006103516 192.600006103516 209.800003051758 216.100006103516 198.699996948242 210.399993896484 215.399993896484 216 232.199996948242 254.800003051758 260.600006103516 -3.4e+38 -3.4e+38 -3.4e+38 -3.4e+38 -3.4e+38 -3.4e+38 -3.4e+38 -3.4e+38 -3.4e+38 -3.4e+38 -3.4e+38 -3.4e+38 -3.4e+38 -3.4e+38 -3.4e+38 -3.4e+38 -3.4e+38 -3.4e+38 -3.4e+38 -3.4e+38 -3.4e+38
196.399993896484 199.899993896484 202.300003051758 208 213.600006103516 218.800003051758 223.899993896484 215.699996948242 201.600006103516 203.600006103516 203.300003051758 201.5 200.100006103516 198.300003051758 193.300003051758 187.300003051758 183.899993896484 179 170.600006103516 165 168.600006103516 177.899993896484 185.100006103516 191.300003051758 193.899993896484 182.800003051758 173.600006103516 184.100006103516 189.300003051758 199.100006103516 224.300003051758 251.100006103516 268.299987792969 278.399993896484 -3.4e+38 -3.4e+38 -3.4e+38 -3.4e+38 -3.4e+38 -3.4e+38 -3.4e+38 -3.4e+38 -3.4e+38 -3.4e+38 -3.4e+38 -3.4e+38 -3.4e+38 -3.4e+38 -3.4e+38 -3.4e+38 -3.4e+38 -3.4e+38 -3.4e+38 -3.4e+38
198 205.300003051758 214.300003051758 221.600006103516 228.300003051758 229.199996948242 220.899993896484 215.300003051758 208.100006103516 206.600006103516 206.800003051758 204.899993896484 200.399993896484 194.899993896484 189.899993896484 185.699996948242 182.100006103516 172.899993896484 169.699996948242 170.199996948242 172.699996948242 178.5 186 187.600006103516 180.899993896484 168.399993896484 160.800003051758 167.100006103516 174.5 188.300003051758 215.5 238.899993896484 256.700012207031 273.399993896484 -3.4e+38 -3.4e+38 -3.4e+38 -3.4e+38 -3.4e+38 -3.4e+38 -3.4e+38 -3.4e+38 -3.4e+38 -3.4e+38 -3.4e+38 -3.4e+38 -3.4e+38 -3.4e+38 -3.4e+38 -3.4e+38 -3.4e+38 -3.4e+38 -3.4e+38 -3.4e+38
199.100006103516 211.5 223.300003051758 232.800003051758 234.100006103516 226.100006103516 221.5 221.300003051758 217.100006103516 209.199996948242 208.800003051758 207.800003051758 202.100006103516 194.399993896484 187.899993896484 182.300003051758 175.899993896484 171.100006103516 169.300003051758 167.100006103516 170.300003051758 175.300003051758 182.100006103516 182.899993896484 175.800003051758 164.699996948242 155.300003051758 158.800003051758 168.600006103516 187.100006103516 208.600006103516 235.300003051758 253.300003051758 -3.4e+38 -3.4e+38 -3.4e+38 -3.4e+38 -3.4e+38 -3.4e+38 -3.4e+38 -3.4e+38 -3.4e+38 -3.4e+38 -3.4e+38 -3.4e+38 -3.4e+38 -3.4e+38 -3.4e+38 -3.4e+38 -3.4e+38 -3.4e+38 -3.4e+38 -3.4e+38 -3.4e+38
198.300003051758 208.899993896484 216.699996948242 227.399993896484 226.899993896484 216.600006103516 220.600006103516 216.100006103516 212.699996948242 213.600006103516 212.899993896484 211.300003051758 203.300003051758 194.199996948242 184.5 179.899993896484 173.699996948242 168.699996948242 162.800003051758 163.300003051758 163.5 169.100006103516 173.800003051758 174.600006103516 171.399993896484 167.899993896484 164.800003051758 165.199996948242 174.100006103516 187 206.300003051758 235.399993896484 256.600006103516 -3.4e+38 -3.4e+38 -3.4e+38 -3.4e+38 -3.4e+38 -3.4e+38 -3.4e+38 -3.4e+38 -3.4e+38 -3.4e+38 -3.4e+38 -3.4e+38 -3.4e+38 -3.4e+38 -3.4e+38 -3.4e+38 -3.4e+38 -3.4e+38 -3.4e+38 -3.4e+38 -3.4e+38
194.100006103516 200.300003051758 200.199996948242 203.199996948242 207.399993896484 207.600006103516 209.899993896484 206.899993896484 204.5 208.899993896484 221.399993896484 221.100006103516 201 187.600006103516 181.899993896484 177.199996948242 171.800003051758 165.800003051758 163.100006103516 155.600006103516 161.100006103516 166.800003051758 170.100006103516 170.100006103516 169.5 170.100006103516 170.300003051758 172.199996948242 179.600006103516 193.300003051758 209.800003051758 238.199996948242 -3.4e+38 -3.4e+38 -3.4e+38 -3.4e+38 -3.4e+38 -3.4e+38 -3.4e+38 -3.4e+38 -3.4e+38 -3.4e+38 -3.4e+38 -3.4e+38 -3.4e+38 -3.4e+38 -3.4e+38 -3.4e+38 -3.4e+38 -3.4e+38 -3.4e+38 -3.4e+38 -3.4e+38 -3.4e+38
188.399993896484 191.300003051758 196.100006103516 197.699996948242 203.199996948242 199.5 201.300003051758 205.100006103516 208.600006103516 214.199996948242 234.100006103516 230.399993896484 198 178.899993896484 175.5 173.899993896484 170.399993896484 166.199996948242 164.399993896484 162.199996948242 163.699996948242 167.899993896484 168.399993896484 168.699996948242 169.300003051758 170.5 174 178.100006103516 184.699996948242 199.399993896484 216 231.300003051758 248.100006103516 -3.4e+38 -3.4e+38 -3.4e+38 -3.4e+38 -3.4e+38 -3.4e+38 -3.4e+38 -3.4e+38 -3.4e+38 -3.4e+38 -3.4e+38 -3.4e+38 -3.4e+38 -3.4e+38 -3.4e+38 -3.4e+38 -3.4e+38 -3.4e+38 -3.4e+38 -3.4e+38 -3.4e+38
182.399993896484 185.800003051758 193 194.600006103516 200.300003051758 201.600006103516 201.899993896484 206.399993896484 212.100006103516 220.100006103516 232.199996948242 229.300003051758 196.699996948242 178.600006103516 173.300003051758 172.5 171.600006103516 168.399993896484 166.899993896484 168.100006103516 168.100006103516 170 172.100006103516 170.699996948242 167.899993896484 169.399993896484 177.699996948242 183.300003051758 188.800003051758 200.399993896484 212.600006103516 224.5 235.300003051758 -3.4e+38 -3.4e+38 -3.4e+38 -3.4e+38 -3.4e+38 -3.4e+38 -3.4e+38 -3.4e+38 -3.4e+38 -3.4e+38 -3.4e+38 -3.4e+38 -3.4e+38 -3.4e+38 -3.4e+38 -3.4e+38 -3.4e+38 -3.4e+38 -3.4e+38 -3.4e+38 -3.4e+38
179.399993896484 183.100006103516 187.5 190.899993896484 195.600006103516 196.300003051758 198.199996948242 201.800003051758 206.300003051758 214.300003051758 230.100006103516 224.899993896484 205.800003051758 189 176.600006103516 172.899993896484 172.100006103516 171 170.100006103516 168.600006103516 170.399993896484 172.899993896484 175.899993896484 175.300003051758 172.899993896484 173.5 176.199996948242 185.5 187.800003051758 198.699996948242 208.600006103516 218.899993896484 223.600006103516 -3.4e+38 -3.4e+38 -3.4e+38 -3.4e+38 -3.4e+38 -3.4e+38 -3.4e+38 -3.4e+38 -3.4e+38 -3.4e+38 -3.4e+38 -3.4e+38 -3.4e+38 -3.4e+38 -3.4e+38 -3.4e+38 -3.4e+38 -3.4e+38 -3.4e+38 -3.4e+38 -3.4e+38
182.800003051758 180.800003051758 183.100006103516 185.300003051758 188.600006103516 189.300003051758 191.899993896484 193.800003051758 195.300003051758 205 219.699996948242 215 202.300003051758 188.300003051758 180.300003051758 178.100006103516 179.300003051758 175.600006103516 173.300003051758 171 171.800003051758 173.100006103516 175 178.300003051758 176.399993896484 178.300003051758 179.600006103516 187.199996948242 190.199996948242 195.100006103516 203.5 209.100006103516 212.800003051758 -3.4e+38 -3.4e+38 -3.4e+38 -3.4e+38 -3.4e+38 -3.4e+38 -3.4e+38 -3.4e+38 -3.4e+38 -3.4e+38 -3.4e+38 -3.4e+38 -3.4e+38 -3.4e+38 -3.4e+38 -3.4e+38 -3.4e+38 -3.4e+38 -3.4e+38 -3.4e+38 -3.4e+38
184.899993896484 189.300003051758 188.399993896484 186.5 191.5 188.600006103516 185.600006103516 187.600006103516 194.600006103516 202.100006103516 196.300003051758 201.800003051758 199.899993896484 193.399993896484 187.5 185.5 187.800003051758 179.100006103516 174.899993896484 172.5 174.300003051758 174.600006103516 176.300003051758 178.800003051758 179 180.800003051758 185.100006103516 187.100006103516 191.199996948242 203.600006103516 211.100006103516 210 210 -3.4e+38 -3.4e+38 -3.4e+38 -3.4e+38 -3.4e+38 -3.4e+38 -3.4e+38 -3.4e+38 -3.4e+38 -3.4e+38 -3.4e+38 -3.4e+38 -3.4e+38 -3.4e+38 -3.4e+38 -3.4e+38 -3.4e+38 -3.4e+38 -3.4e+38 -3.4e+38 -3.4e+38
188.399993896484 187.600006103516 188.899993896484 187.899993896484 189.800003051758 189.100006103516 188.300003051758 187.300003051758 189.199996948242 197.300003051758 190.899993896484 187.100006103516 188.899993896484 187.399993896484 182.5 184.600006103516 179 173.800003051758 171.300003051758 173.600006103516 175.300003051758 175.699996948242 175.399993896484 179.100006103516 181.199996948242 182.699996948242 187.899993896484 195.899993896484 204.399993896484 210.199996948242 215.300003051758 214.899993896484 207.899993896484 -3.4e+38 -3.4e+38 -3.4e+38 -3.4e+38 -3.4e+38 -3.4e+38 -3.4e+38 -3.4e+38 -3.4e+38 -3.4e+38 -3.4e+38 -3.4e+38 -3.4e+38 -3.4e+38 -3.4e+38 -3.4e+38 -3.4e+38 -3.4e+38 -3.4e+38 -3.4e+38 -3.4e+38
