data/layers/future_layer_can_126_60/bio18.asc
NCOLS 494 
NROWS 529 
XLLCORNER -117.166666666667 
YLLCORNER -55.5 
CELLSIZE 0.166666666666667 
NODATA_value -3.4e+38 
[rows 200 to 224 of 529, columns 385 to 439 of 494]
158.800003051758 166.199996948242 177.699996948242 185 201.100006103516 214.600006103516 221.199996948242 212.199996948242 215.100006103516 210.199996948242 192.899993896484 189 182.899993896484 181.899993896484 181.5 178.600006103516 175.899993896484 175.5 176.5 175.899993896484 177.300003051758 182.100006103516 185.300003051758 177.600006103516 164.899993896484 111.5 143 146.600006103516 156 102.300003051758 150.600006103516 129.5 114.5 100.699996948242 90.8000030517578 -3.4e+38 -3.4e+38 -3.4e+38 -3.4e+38 -3.4e+38 -3.4e+38 -3.4e+38 -3.4e+38 -3.4e+38 -3.4e+38 -3.4e+38 -3.4e+38 -3.4e+38 -3.4e+38 -3.4e+38 -3.4e+38 -3.4e+38 -3.4e+38 -3.4e+38 -3.4e+38
152.399993896484 162.100006103516 171.600006103516 181.899993896484 201.699996948242 220.699996948242 229.5 217.300003051758 219.600006103516 207.399993896484 196.899993896484 196.199996948242 191 190.600006103516 191.100006103516 187.399993896484 183.5 181.899993896484 181 181.5 183 184.699996948242 184.100006103516 172.5 158.100006103516 157.800003051758 155.100006103516 168.699996948242 180.800003051758 124.300003051758 160.399993896484 134.300003051758 116.099998474121 102.300003051758 95.5 87.4000015258789 82.9000015258789 75.0999984741211 -3.4e+38 -3.4e+38 -3.4e+38 -3.4e+38 -3.4e+38 -3.4e+38 -3.4e+38 -3.4e+38 -3.4e+38 -3.4e+38 -3.4e+38 -3.4e+38 -3.4e+38 -3.4e+38 -3.4e+38 -3.4e+38 -3.4e+38
137.699996948242 148.199996948242 165.399993896484 181.699996948242 199.899993896484 223.300003051758 234.5 220.399993896484 217.600006103516 204.699996948242 200.399993896484 199.399993896484 198.100006103516 197.699996948242 196.699996948242 195.399993896484 193.100006103516 190.399993896484 185.600006103516 184.5 185.5 185.899993896484 183.800003051758 173.300003051758 157.899993896484 161.300003051758 175.699996948242 196.300003051758 199 204.100006103516 171 139.199996948242 119 104.599998474121 98.0999984741211 92.9000015258789 89.0999984741211 82.0999984741211 75.0999984741211 67.1999969482422 60.2999992370605 -3.4e+38 -3.4e+38 -3.4e+38 -3.4e+38 -3.4e+38 -3.4e+38 -3.4e+38 -3.4e+38 -3.4e+38 -3.4e+38 -3.4e+38 -3.4e+38 -3.4e+38 -3.4e+38
129.300003051758 133.699996948242 153.300003051758 173.800003051758 197.600006103516 213.5 215.399993896484 218.699996948242 207.199996948242 198.300003051758 200.800003051758 201.800003051758 202.300003051758 205.800003051758 205.600006103516 204.199996948242 200.600006103516 195.600006103516 189.300003051758 186.300003051758 186.600006103516 190.699996948242 189.199996948242 185.600006103516 176.899993896484 184.5 215.300003051758 229.600006103516 264.399993896484 225.699996948242 186.199996948242 145.100006103516 118 108.900001525879 103.900001525879 99.5999984741211 94.5 88.0999984741211 83 76.4000015258789 70.3000030517578 64.9000015258789 62.5999984741211 70.0999984741211 -3.4e+38 -3.4e+38 -3.4e+38 -3.4e+38 -3.4e+38 -3.4e+38 -3.4e+38 -3.4e+38 -3.4e+38 -3.4e+38 -3.4e+38
123.699996948242 129.300003051758 141.5 165.300003051758 184.899993896484 198.100006103516 207.100006103516 199.600006103516 195.199996948242 196.199996948242 196.600006103516 201.600006103516 204.800003051758 211.300003051758 214.399993896484 214.100006103516 208 199.899993896484 192.5 189 188.399993896484 197.800003051758 198.199996948242 202.800003051758 198.699996948242 218.199996948242 250.100006103516 357.799987792969 250.600006103516 247.199996948242 200.100006103516 160.800003051758 132.600006103516 120.199996948242 114.099998474121 109 103.599998474121 98.3000030517578 93.4000015258789 88.5 84.3000030517578 82.1999969482422 85.1999969482422 101.800003051758 98.0999984741211 -3.4e+38 -3.4e+38 -3.4e+38 -3.4e+38 -3.4e+38 -3.4e+38 -3.4e+38 -3.4e+38 -3.4e+38 -3.4e+38
117.199996948242 122.800003051758 130.699996948242 155 180.100006103516 194.800003051758 192.300003051758 192.399993896484 184.699996948242 181.800003051758 185.399993896484 194.300003051758 205.399993896484 215.699996948242 274.799987792969 224.899993896484 267.5 199.899993896484 191.300003051758 186.800003051758 185.399993896484 188.399993896484 194.899993896484 195.100006103516 203.600006103516 233.899993896484 250.800003051758 262.399993896484 310.100006103516 261.799987792969 217.899993896484 183 154 138.100006103516 125.400001525879 119.900001525879 115.699996948242 110.900001525879 106.699996948242 102.5 100.199996948242 103 108.5 117.5 112.400001525879 91.9000015258789 -3.4e+38 55.7000007629395 -3.4e+38 -3.4e+38 -3.4e+38 -3.4e+38 -3.4e+38 -3.4e+38 -3.4e+38
118.599998474121 128.699996948242 144.399993896484 164.300003051758 180.199996948242 188.300003051758 184.899993896484 177.300003051758 169.199996948242 159 171.300003051758 189.300003051758 204 214.899993896484 269.200012207031 268.399993896484 258.799987792969 249.399993896484 255.5 177.399993896484 239.300003051758 245.300003051758 249.5 260.600006103516 212.800003051758 227 238.5 244.699996948242 309.399993896484 273.700012207031 232.600006103516 202.5 178 158.300003051758 145.899993896484 137.699996948242 128.899993896484 122.699996948242 118.5 118.400001525879 117.300003051758 121 120.800003051758 120.900001525879 114.800003051758 100.599998474121 76.3000030517578 54.7999992370605 40.7999992370605 -3.4e+38 -3.4e+38 -3.4e+38 -3.4e+38 -3.4e+38 -3.4e+38
126.199996948242 134.600006103516 143.600006103516 160.199996948242 160.100006103516 170.899993896484 168.899993896484 165.600006103516 158.399993896484 156 171.5 184.800003051758 195 210.399993896484 219.399993896484 252.100006103516 251.800003051758 185.699996948242 220.300003051758 223.399993896484 231.100006103516 226.199996948242 241.600006103516 233 207.800003051758 216.600006103516 224.800003051758 248 304.600006103516 277.299987792969 247.899993896484 222.899993896484 200.100006103516 179.5 166.199996948242 153.899993896484 143.100006103516 136.399993896484 131.399993896484 130.199996948242 130.899993896484 133.399993896484 129.100006103516 125.800003051758 116.599998474121 99.4000015258789 76.6999969482422 56.0999984741211 44.2000007629395 42.2999992370605 -3.4e+38 -3.4e+38 -3.4e+38 -3.4e+38 -3.4e+38
124 130.100006103516 137.600006103516 144.5 146.600006103516 154.600006103516 156.5 155.800003051758 153 161.300003051758 170.699996948242 179.899993896484 194.800003051758 209.399993896484 213.199996948242 215 260 187.300003051758 172.699996948242 177 215.800003051758 205.600006103516 215.899993896484 213.300003051758 196.800003051758 205.300003051758 212.399993896484 212.399993896484 222.5 284 260.600006103516 237.100006103516 218.100006103516 199.399993896484 183.600006103516 170 160.100006103516 152.300003051758 145.199996948242 140.899993896484 142.899993896484 143.600006103516 139.100006103516 131.100006103516 118.800003051758 102 82.5999984741211 61.9000015258789 49.2999992370605 46.7999992370605 -3.4e+38 -3.4e+38 -3.4e+38 -3.4e+38 -3.4e+38
119.199996948242 124.599998474121 130.100006103516 135.899993896484 136.199996948242 140.399993896484 145.699996948242 148.199996948242 151.600006103516 156.699996948242 169.199996948242 178.699996948242 191.899993896484 200.199996948242 208.5 208.800003051758 240.899993896484 183.800003051758 176.199996948242 169.800003051758 165.5 192.800003051758 199 198.899993896484 191.300003051758 195 192.800003051758 208.100006103516 196.199996948242 190.300003051758 269.100006103516 251.5 230.5 213.5 196.899993896484 184.899993896484 172.800003051758 162.699996948242 157.800003051758 153.199996948242 153.399993896484 151.5 142.699996948242 135 120.199996948242 107.300003051758 88.3000030517578 67.5 55.5999984741211 50.5999984741211 56 -3.4e+38 -3.4e+38 -3.4e+38 -3.4e+38
116.900001525879 120.599998474121 124.599998474121 128.600006103516 132.5 126.699996948242 136.399993896484 139.300003051758 145.100006103516 151.899993896484 159.800003051758 170.800003051758 181 187.5 191.699996948242 192 210.399993896484 202.300003051758 170.100006103516 166.100006103516 162.199996948242 185.600006103516 187 185.399993896484 221.199996948242 210.600006103516 187.300003051758 189.199996948242 186.399993896484 178.300003051758 275.700012207031 261.100006103516 244 224.399993896484 210 199.100006103516 187.800003051758 174.600006103516 168.300003051758 165.600006103516 162.300003051758 159.5 151.199996948242 141.5 127.199996948242 110.5 93.1999969482422 73.9000015258789 64.4000015258789 59.7000007629395 66.1999969482422 -3.4e+38 -3.4e+38 -3.4e+38 -3.4e+38
114.900001525879 116.599998474121 119.199996948242 122.099998474121 123.800003051758 122.800003051758 128.199996948242 130.5 136.899993896484 142.199996948242 147.800003051758 158.300003051758 167.300003051758 171.600006103516 174.300003051758 172.600006103516 182.699996948242 167.199996948242 177 163.5 167.199996948242 173.800003051758 170.199996948242 172 169.899993896484 168 190.199996948242 178.5 172.199996948242 164 164.300003051758 264.100006103516 250.800003051758 234.100006103516 219.699996948242 210.399993896484 200.600006103516 187.600006103516 179.399993896484 174.300003051758 167.399993896484 167.899993896484 162.100006103516 152.399993896484 136.899993896484 117.800003051758 99.5999984741211 83.9000015258789 78.0999984741211 77.6999969482422 78.5 91.9000015258789 96.5 -3.4e+38 -3.4e+38
112.300003051758 112.699996948242 113.5 115.800003051758 114.800003051758 113.599998474121 118.300003051758 121.900001525879 127.699996948242 131.399993896484 136.600006103516 144.100006103516 151.600006103516 155.300003051758 158 158.300003051758 160.5 161.300003051758 160.600006103516 152.199996948242 159.5 161.399993896484 160.199996948242 161.600006103516 162.199996948242 185.300003051758 178.100006103516 173.800003051758 147.399993896484 160.399993896484 161.300003051758 157 258.100006103516 241.100006103516 232.100006103516 218.199996948242 207.699996948242 199.5 189.399993896484 183.5 177.600006103516 174 175.199996948242 163.5 153.199996948242 133.300003051758 116.699996948242 103.900001525879 99.9000015258789 98.5 95.3000030517578 101.900001525879 96.4000015258789 -3.4e+38 97.5999984741211
111.199996948242 111.199996948242 109.699996948242 110.900001525879 113.400001525879 115.5 113.699996948242 116 121 123.199996948242 125.099998474121 131.199996948242 135.899993896484 139.399993896484 143.600006103516 144.5 145.5 145.600006103516 145.399993896484 142.899993896484 145.300003051758 148 152.100006103516 152.300003051758 155.199996948242 147.300003051758 169.199996948242 165.800003051758 161.199996948242 158 157.699996948242 151.899993896484 261.5 248.600006103516 235.199996948242 226.100006103516 218.800003051758 211.800003051758 198.300003051758 193.100006103516 187.800003051758 182.800003051758 181.699996948242 177.5 169.300003051758 151.800003051758 135.699996948242 126 119.400001525879 114.699996948242 109.599998474121 113.199996948242 113.800003051758 115.099998474121 114.400001525879
111.900001525879 108.800003051758 108.400001525879 106.599998474121 109.5 110.300003051758 113 115.099998474121 114.599998474121 114.5 115.099998474121 119.699996948242 123.199996948242 126.699996948242 129.399993896484 132 134.899993896484 131.899993896484 134.5 133.699996948242 134.399993896484 138.800003051758 140.199996948242 141.300003051758 141.300003051758 138.899993896484 161.899993896484 158 152.600006103516 152 150.5 146.300003051758 142.699996948242 143.100006103516 245.199996948242 234.100006103516 225.800003051758 216.5 209 201.5 195.800003051758 189.100006103516 188.199996948242 181.100006103516 175.5 166.699996948242 155.5 145.899993896484 138.5 128.5 128.699996948242 132.5 131.5 131.899993896484 133.699996948242
111.599998474121 110.800003051758 108.199996948242 109.199996948242 105.800003051758 107.599998474121 113.900001525879 116.199996948242 115.900001525879 109.699996948242 106.300003051758 108.800003051758 113.699996948242 116.300003051758 119.800003051758 123.699996948242 127 123.199996948242 125.699996948242 126.699996948242 125.599998474121 128.600006103516 132 131.699996948242 134.199996948242 159.5 155.399993896484 149.5 147.5 146.399993896484 139.899993896484 142.300003051758 137.800003051758 138 249.899993896484 238.5 233.100006103516 224 217.399993896484 210.699996948242 207.600006103516 200.600006103516 196.600006103516 193.199996948242 189.399993896484 181.5 172.199996948242 164.199996948242 156.800003051758 146 151 152.399993896484 149.699996948242 78.0999984741211 155.100006103516
113.5 111.900001525879 110.400001525879 109 106.599998474121 113.699996948242 118 119.199996948242 118.699996948242 110.800003051758 103 103.400001525879 107.5 108.699996948242 112.699996948242 115.5 119.699996948242 114.099998474121 119 121.199996948242 120 120.800003051758 120.800003051758 124.699996948242 122.800003051758 149.800003051758 146.800003051758 143.600006103516 139.800003051758 136.300003051758 141.100006103516 133.100006103516 135.199996948242 131.899993896484 255.600006103516 246.800003051758 235.5 228.699996948242 221.899993896484 217.699996948242 212.5 207.5 198.399993896484 195.600006103516 199.899993896484 199.699996948242 188.899993896484 178.699996948242 168.800003051758 170 165.800003051758 168.600006103516 92.1999969482422 87.9000015258789 171.800003051758
116 111.199996948242 111.900001525879 106.599998474121 117.199996948242 123 127.400001525879 128.699996948242 127.699996948242 119.699996948242 110.599998474121 106.599998474121 106.300003051758 106.199996948242 105.699996948242 108.5 102.599998474121 106.800003051758 110.599998474121 112.900001525879 115.400001525879 116.099998474121 115.900001525879 118.5 118.099998474121 144.100006103516 140.699996948242 135 130.100006103516 127.099998474121 125.199996948242 123.300003051758 128.199996948242 127.400001525879 258.200012207031 248.600006103516 239.300003051758 231.300003051758 225.600006103516 219.399993896484 213.300003051758 208.600006103516 201.100006103516 193.600006103516 192.100006103516 205.300003051758 198.800003051758 183.699996948242 179.399993896484 109.699996948242 104.300003051758 102.199996948242 102 97.6999969482422 93.1999969482422
115.699996948242 112.5 111.099998474121 115.5 123.800003051758 133.5 141.800003051758 140.300003051758 132 124.800003051758 116.099998474121 111.699996948242 109.599998474121 105.699996948242 102.599998474121 104.5 95.1999969482422 98.5999984741211 103.300003051758 107.300003051758 113 109 109.900001525879 111.300003051758 109.900001525879 109.300003051758 131.199996948242 125 123.800003051758 120.400001525879 118.900001525879 113.800003051758 123.199996948242 121.300003051758 260 251.899993896484 241.399993896484 234 228.300003051758 221.100006103516 214.399993896484 210.5 205.5 198.899993896484 193 194.100006103516 186.5 184.899993896484 182.699996948242 104.5 106.199996948242 108.900001525879 107 104.300003051758 92.4000015258789
119.099998474121 116.699996948242 116 121.199996948242 128.199996948242 137.300003051758 145 151.100006103516 133.800003051758 126.800003051758 119.099998474121 114.400001525879 111.099998474121 108 104.300003051758 104 90.5999984741211 93.8000030517578 95.4000015258789 96.5999984741211 98.5 103 105.5 104.099998474121 129.199996948242 125.199996948242 123.699996948242 120 116.199996948242 112.800003051758 107.900001525879 123 117.400001525879 112.699996948242 262.5 254.800003051758 244.100006103516 237.100006103516 233.699996948242 226.699996948242 220.399993896484 217 211.699996948242 205.699996948242 197.199996948242 187.100006103516 179 184.100006103516 105.400001525879 104.300003051758 110.300003051758 112.800003051758 117.300003051758 109.699996948242 89.9000015258789
124.099998474121 122.900001525879 122.599998474121 125.900001525879 131.100006103516 136.199996948242 155.100006103516 154.800003051758 133.800003051758 127.900001525879 120.800003051758 117.599998474121 115.400001525879 111.400001525879 109.400001525879 110.300003051758 114.599998474121 91.3000030517578 94.5 92.9000015258789 90.4000015258789 99.8000030517578 98.4000015258789 99.1999969482422 96.9000015258789 120 114.300003051758 113.5 108.900001525879 104.5 123.699996948242 120.900001525879 117 109.5 103.400001525879 256.299987792969 247.899993896484 241.5 236.100006103516 229.699996948242 225.600006103516 220.5 217.699996948242 213.100006103516 208 197.399993896484 99.0999984741211 99.5 96.8000030517578 97.0999984741211 99.6999969482422 107 110.5 96.1999969482422 84.1999969482422
127.5 125.5 125.900001525879 129.300003051758 132.100006103516 134.800003051758 159.899993896484 136.100006103516 132 127.400001525879 122.400001525879 118.599998474121 116.900001525879 114.900001525879 115.400001525879 117.199996948242 94 95.6999969482422 95.6999969482422 87.9000015258789 84 92.5 95 95.3000030517578 96.0999984741211 108.800003051758 107.5 104.199996948242 99.1999969482422 95.9000015258789 122.300003051758 118.599998474121 112.300003051758 107.800003051758 100.400001525879 259.200012207031 253 243.899993896484 234.800003051758 228.699996948242 227.699996948242 223.100006103516 222.399993896484 221.399993896484 220.699996948242 210 95.9000015258789 92.1999969482422 93.3000030517578 92 99.5 102 98.6999969482422 87 79.1999969482422
130 127.300003051758 128.199996948242 131.199996948242 164.300003051758 164.800003051758 133.800003051758 164.199996948242 129 127.300003051758 124.699996948242 121.599998474121 122.599998474121 121.5 123 124.699996948242 93.1999969482422 93.4000015258789 92.5 90.5 86.5 109 91.5 93 92.5999984741211 89 98 95.1999969482422 80 78.5 119.300003051758 115.099998474121 108.400001525879 105.300003051758 96.9000015258789 261 254.800003051758 244.800003051758 237.100006103516 232.100006103516 227.899993896484 224.800003051758 222.800003051758 222.300003051758 223.600006103516 218.800003051758 101.599998474121 95.4000015258789 91.0999984741211 93.1999969482422 96.1999969482422 97.8000030517578 96.9000015258789 88.4000015258789 83.9000015258789
174.399993896484 170.899993896484 172 171.199996948242 171.600006103516 171.5 170.100006103516 168.800003051758 168.100006103516 168.600006103516 124.400001525879 125 127.199996948242 90.9000015258789 91.0999984741211 92.3000030517578 91.9000015258789 91.4000015258789 93 93.4000015258789 87.5999984741211 86.4000015258789 90.4000015258789 92.0999984741211 87.6999969482422 97 90.6999969482422 88.5999984741211 85.0999984741211 73.1999969482422 121 115.199996948242 110.900001525879 106.5 97.6999969482422 265.100006103516 255.100006103516 246.199996948242 235.300003051758 231.800003051758 227.600006103516 225.5 221.300003051758 220.399993896484 220.399993896484 217.800003051758 103.300003051758 102 97.8000030517578 94.3000030517578 91.1999969482422 96.0999984741211 94 91.9000015258789 86.3000030517578
278.100006103516 177.600006103516 281.100006103516 285 179.199996948242 179.300003051758 177.899993896484 175.399993896484 295.299987792969 174 176.800003051758 182.199996948242 132.899993896484 90.9000015258789 92.3000030517578 93.5999984741211 92.6999969482422 93.8000030517578 94 94.4000015258789 93 87 90.3000030517578 87.5999984741211 83.1999969482422 91.6999969482422 86.8000030517578 83 78.9000015258789 120.900001525879 118.5 110.300003051758 108.699996948242 103.199996948242 95.3000030517578 269.399993896484 258.5 248.699996948242 236.600006103516 228.300003051758 223.399993896484 218.899993896484 217.399993896484 218.899993896484 218.199996948242 216.100006103516 108.099998474121 106.199996948242 104.900001525879 101.400001525879 98 98.5 99.3000030517578 95.9000015258789 93
