data/layers/future_layer_can_126_60/bio16.asc
NCOLS 494 
NROWS 529 
XLLCORNER -117.166666666667 
YLLCORNER -55.5 
CELLSIZE 0.166666666666667 
NODATA_value -3.4e+38 
[rows 240 to 263 of 529, columns 220 to 274 of 494]
-3.4e+38 -3.4e+38 -3.4e+38 -3.4e+38 -3.4e+38 -3.4e+38 18.8999996185303 127.5 247.600006103516 242.300003051758 277 295.399993896484 358.700012207031 347.600006103516 349.399993896484 372.700012207031 381.399993896484 530.400024414062 460.600006103516 436.100006103516 470.100006103516 555.299987792969 616.200012207031 624 614 593.400024414062 615.700012207031 626 631.400024414062 626.900024414062 612 600.5 599.400024414062 614.5 642 667.200012207031 699.599975585938 729.099975585938 766.099975585938 815.299987792969 865.700012207031 898 893.900024414062 886.200012207031 878.700012207031 871.400024414062 863.400024414062 863.599975585938 863.200012207031 859.200012207031 844.299987792969 826.799987792969 810.900024414062 799.299987792969 795
-3.4e+38 -3.4e+38 -3.4e+38 -3.4e+38 -3.4e+38 -3.4e+38 -3.4e+38 38.7000007629395 133.100006103516 116.300003051758 199.899993896484 257 316.600006103516 340 376.899993896484 455.5 396.600006103516 487.5 482.399993896484 435.700012207031 454.899993896484 529.400024414062 698.099975585938 690.200012207031 691.700012207031 661 668 688.200012207031 692.099975585938 683.900024414062 661.099975585938 643 632 631.799987792969 648.700012207031 665 689.900024414062 717.599975585938 750.900024414062 796.900024414062 841.599975585938 870.900024414062 876.299987792969 873.700012207031 868.200012207031 859.799987792969 848.299987792969 843.099975585938 846.400024414062 842.200012207031 828.5 810 793.700012207031 778 769.900024414062
-3.4e+38 -3.4e+38 -3.4e+38 -3.4e+38 -3.4e+38 -3.4e+38 -3.4e+38 12.5 33.5999984741211 119.599998474121 226.5 242 279.899993896484 359.100006103516 363.799987792969 440.299987792969 435 450.399993896484 498.899993896484 447.299987792969 437.799987792969 495.5 744.5 674.799987792969 682.299987792969 719.400024414062 734 772.400024414062 764.599975585938 760.200012207031 727.599975585938 692 670.400024414062 655 654.200012207031 663.299987792969 680.5 703.700012207031 732.599975585938 768 804.700012207031 832.099975585938 848.700012207031 856 857.200012207031 854.099975585938 846.599975585938 839.299987792969 838.5 831.099975585938 816.799987792969 799.799987792969 782.700012207031 764.400024414062 755.200012207031
-3.4e+38 -3.4e+38 -3.4e+38 -3.4e+38 -3.4e+38 -3.4e+38 -3.4e+38 -3.4e+38 35.7000007629395 142.699996948242 179.800003051758 179.300003051758 248.5 392.399993896484 438.5 423.5 468.399993896484 373 481.899993896484 436.5 434.700012207031 510.299987792969 702.799987792969 644.400024414062 671.099975585938 759 769.599975585938 742.700012207031 862.799987792969 852 809.400024414062 758.299987792969 710.200012207031 673.5 654.799987792969 656.599975585938 668.200012207031 686.400024414062 711 740.900024414062 770.200012207031 799.599975585938 820.900024414062 834.299987792969 846.5 852.700012207031 851.299987792969 845.299987792969 836.799987792969 823.700012207031 807.200012207031 792.299987792969 779.099975585938 768.599975585938 769.799987792969
-3.4e+38 -3.4e+38 -3.4e+38 -3.4e+38 -3.4e+38 -3.4e+38 -3.4e+38 -3.4e+38 -3.4e+38 40.5999984741211 133.800003051758 138.300003051758 211.800003051758 332.299987792969 292.399993896484 445.899993896484 452.299987792969 365.5 463.600006103516 438.700012207031 419.200012207031 449.399993896484 640.099975585938 786.400024414062 694.099975585938 770 721.400024414062 780.200012207031 987.5 960.900024414062 911.200012207031 835.700012207031 760.799987792969 696.299987792969 657.400024414062 640.599975585938 651.700012207031 668 691.700012207031 717.400024414062 739.099975585938 768.900024414062 794.099975585938 814.700012207031 835.099975585938 852.5 861 853 835.599975585938 818.400024414062 802.400024414062 789.5 779.900024414062 775.599975585938 782.700012207031
-3.4e+38 -3.4e+38 -3.4e+38 -3.4e+38 -3.4e+38 -3.4e+38 -3.4e+38 -3.4e+38 -3.4e+38 -3.4e+38 70.3000030517578 154.5 173.199996948242 277.899993896484 226.800003051758 317.399993896484 455.899993896484 348 360 402.799987792969 401.299987792969 417.200012207031 501.600006103516 833.299987792969 910 795.299987792969 719.799987792969 699.799987792969 1003.70001220703 1094.5 1027.09997558594 922.599975585938 813.900024414062 717.900024414062 655.299987792969 624.799987792969 632.700012207031 651.400024414062 672.799987792969 694.599975585938 716.099975585938 741.799987792969 768.599975585938 793.200012207031 819.200012207031 843.299987792969 864.799987792969 851.299987792969 828.599975585938 810.099975585938 795.200012207031 784.099975585938 778.700012207031 776.299987792969 785.900024414062
-3.4e+38 -3.4e+38 -3.4e+38 -3.4e+38 -3.4e+38 -3.4e+38 -3.4e+38 -3.4e+38 -3.4e+38 -3.4e+38 23.8999996185303 61.9000015258789 144.699996948242 178.100006103516 197.899993896484 396.299987792969 416 356.299987792969 338 396 432.899993896484 403.100006103516 442.600006103516 687 1088.30004882812 1035.40002441406 673.299987792969 738.099975585938 1163.19995117188 1256.19995117188 1163.30004882812 1023.20001220703 870.799987792969 740.299987792969 654.400024414062 622.599975585938 618.599975585938 639.799987792969 659 678.700012207031 696.200012207031 716.200012207031 745.299987792969 768.400024414062 794.5 817.200012207031 832.5 825.900024414062 808.400024414062 792.799987792969 780.5 771.900024414062 770.099975585938 772.400024414062 782.400024414062
-3.4e+38 -3.4e+38 -3.4e+38 -3.4e+38 -3.4e+38 -3.4e+38 -3.4e+38 -3.4e+38 -3.4e+38 -3.4e+38 -3.4e+38 40.2999992370605 110.5 140.800003051758 174.699996948242 211.100006103516 339 268.5 308.600006103516 354.600006103516 398.700012207031 396.299987792969 414.100006103516 548.799987792969 940 1030.09997558594 840.200012207031 959.299987792969 1276.80004882812 1440.5 1322.40002441406 1141.19995117188 951.099975585938 783.5 673.200012207031 622.799987792969 622.900024414062 634.200012207031 648.700012207031 664 679.599975585938 695.900024414062 720.400024414062 743 764.5 782 792.299987792969 791.200012207031 782 770.5 761.299987792969 756.400024414062 756.799987792969 763.599975585938 771.5
-3.4e+38 -3.4e+38 -3.4e+38 -3.4e+38 -3.4e+38 -3.4e+38 -3.4e+38 -3.4e+38 -3.4e+38 -3.4e+38 -3.4e+38 23.6000003814697 56.7000007629395 140.800003051758 183.699996948242 215.5 379.799987792969 353 332.600006103516 345.700012207031 417.899993896484 388.600006103516 402.799987792969 424.200012207031 678.900024414062 1097.69995117188 962 802.299987792969 1237.90002441406 1651 1491.59997558594 1262.69995117188 1039.90002441406 845.900024414062 711.099975585938 636.599975585938 624.799987792969 630.700012207031 638 647.900024414062 662.299987792969 678.099975585938 698.5 720.099975585938 736.5 747.799987792969 755.799987792969 757.700012207031 753.5 745.799987792969 740 738.099975585938 739.200012207031 746.700012207031 757.5
-3.4e+38 -3.4e+38 -3.4e+38 -3.4e+38 -3.4e+38 -3.4e+38 -3.4e+38 -3.4e+38 -3.4e+38 -3.4e+38 -3.4e+38 9.69999980926514 37.0999984741211 121.900001525879 215.100006103516 279.799987792969 354 441.899993896484 320 343.100006103516 375.600006103516 418.299987792969 402 407.399993896484 521.900024414062 1040.59997558594 1131.69995117188 685.200012207031 1267.90002441406 1797.5 1636.40002441406 1351.69995117188 1101.09997558594 895.799987792969 750.799987792969 666.099975585938 630.099975585938 627.200012207031 630.900024414062 637.400024414062 646.799987792969 665.099975585938 681.599975585938 698.5 711.200012207031 718.200012207031 722.200012207031 726.400024414062 724.799987792969 720.700012207031 717.5 717.5 720.400024414062 728.900024414062 740
-3.4e+38 -3.4e+38 -3.4e+38 -3.4e+38 -3.4e+38 -3.4e+38 -3.4e+38 -3.4e+38 -3.4e+38 -3.4e+38 -3.4e+38 -3.4e+38 25.2000007629395 67.3000030517578 145.600006103516 280 268.100006103516 443.200012207031 369.600006103516 380.899993896484 378.299987792969 384.600006103516 394.200012207031 409 458.899993896484 768.799987792969 1173.09997558594 843.299987792969 979.099975585938 1704 1637.59997558594 1358.19995117188 1113.09997558594 915.700012207031 784.799987792969 698 644.5 629.200012207031 625.299987792969 630.700012207031 640.599975585938 654.5 668 681.5 692.599975585938 697.099975585938 700.599975585938 701.799987792969 702 699.099975585938 695 694.700012207031 700.099975585938 709.400024414062 723.200012207031
-3.4e+38 -3.4e+38 -3.4e+38 -3.4e+38 -3.4e+38 -3.4e+38 -3.4e+38 -3.4e+38 -3.4e+38 -3.4e+38 -3.4e+38 -3.4e+38 17 45.9000015258789 134.399993896484 306.5 308.700012207031 351.600006103516 427.299987792969 425.399993896484 404.600006103516 403.5 402.299987792969 394.100006103516 506.799987792969 673.400024414062 997.900024414062 1085.19995117188 670 1163.69995117188 1465.59997558594 1269.19995117188 1064.90002441406 897.200012207031 795.299987792969 718.400024414062 651.099975585938 633.700012207031 628.599975585938 630.599975585938 640.099975585938 649.599975585938 660.099975585938 669.200012207031 678.5 683 686.200012207031 686.099975585938 685.5 680.400024414062 674.599975585938 671.799987792969 679.299987792969 691.799987792969 706.5
-3.4e+38 -3.4e+38 -3.4e+38 -3.4e+38 -3.4e+38 -3.4e+38 -3.4e+38 -3.4e+38 -3.4e+38 -3.4e+38 -3.4e+38 -3.4e+38 -3.4e+38 32.7000007629395 90.5999984741211 245.699996948242 371.100006103516 343.899993896484 437.100006103516 422.299987792969 393.200012207031 417.399993896484 405.5 417.899993896484 405.100006103516 411.899993896484 575.5 640.299987792969 577.599975585938 973.799987792969 1279.40002441406 1137.40002441406 978.599975585938 845.599975585938 732 700.700012207031 653.900024414062 631.900024414062 630.099975585938 631.400024414062 638.599975585938 647 655.799987792969 661.700012207031 669 672.599975585938 674.799987792969 673.799987792969 671.900024414062 667.599975585938 660.900024414062 656 662.599975585938 679.5 695.900024414062
-3.4e+38 -3.4e+38 -3.4e+38 -3.4e+38 -3.4e+38 -3.4e+38 -3.4e+38 -3.4e+38 -3.4e+38 -3.4e+38 -3.4e+38 -3.4e+38 -3.4e+38 29.1000003814697 58.7999992370605 150.100006103516 330.399993896484 357.700012207031 386.399993896484 425.100006103516 421.100006103516 410.5 394.100006103516 457.700012207031 434.799987792969 406.299987792969 390.100006103516 488.299987792969 360.899993896484 741.799987792969 1130.90002441406 1012.90002441406 887.799987792969 775 745.599975585938 696.299987792969 665.099975585938 631.799987792969 628.099975585938 631 636.900024414062 645 653.299987792969 660.5 663.599975585938 666.5 668 666.599975585938 665.799987792969 662.700012207031 657.700012207031 655 660.700012207031 676.400024414062 691
-3.4e+38 -3.4e+38 -3.4e+38 -3.4e+38 -3.4e+38 -3.4e+38 -3.4e+38 -3.4e+38 -3.4e+38 -3.4e+38 -3.4e+38 -3.4e+38 -3.4e+38 -3.4e+38 42.7999992370605 125 345.700012207031 372.100006103516 360.799987792969 421.100006103516 428.200012207031 407.299987792969 405.399993896484 444.100006103516 466.100006103516 411.100006103516 335.5 352.100006103516 348.700012207031 628.799987792969 1003 924.099975585938 811.599975585938 713.5 701.400024414062 720.099975585938 680.799987792969 640 626.400024414062 632.799987792969 637.200012207031 646.700012207031 650.599975585938 658.900024414062 662 664.900024414062 663.900024414062 666.200012207031 667.400024414062 665.599975585938 663.299987792969 662.5 669.200012207031 679.299987792969 692.5
-3.4e+38 -3.4e+38 -3.4e+38 -3.4e+38 -3.4e+38 -3.4e+38 -3.4e+38 -3.4e+38 -3.4e+38 -3.4e+38 -3.4e+38 -3.4e+38 -3.4e+38 -3.4e+38 28.2000007629395 73.5 201.699996948242 381.600006103516 366.200012207031 427.700012207031 428.100006103516 404.700012207031 419.399993896484 436.299987792969 411.5 314.600006103516 382.5 420.100006103516 381.899993896484 562 870.799987792969 892.299987792969 797.700012207031 713.5 703.700012207031 715.799987792969 712.099975585938 665.5 633.599975585938 636.299987792969 643.5 649.200012207031 653.299987792969 660.599975585938 666.200012207031 668 669.5 671.5 674.099975585938 674.5 676.299987792969 677.099975585938 682.299987792969 689.299987792969 698.900024414062
-3.4e+38 -3.4e+38 -3.4e+38 -3.4e+38 -3.4e+38 -3.4e+38 -3.4e+38 -3.4e+38 -3.4e+38 -3.4e+38 -3.4e+38 -3.4e+38 -3.4e+38 -3.4e+38 19.3999996185303 42.2999992370605 163.899993896484 333.100006103516 381.299987792969 367.200012207031 410.399993896484 436.600006103516 432.799987792969 449 482.299987792969 357.899993896484 522.599975585938 471 402.700012207031 559.200012207031 779.900024414062 903.900024414062 853.599975585938 807 786 757.900024414062 730.099975585938 707.5 647.099975585938 643 649.200012207031 653.200012207031 657.099975585938 665.900024414062 673 673.900024414062 678 682.400024414062 685 688.900024414062 690.5 693.5 698.700012207031 705.700012207031 712.400024414062
-3.4e+38 -3.4e+38 -3.4e+38 -3.4e+38 -3.4e+38 -3.4e+38 -3.4e+38 -3.4e+38 -3.4e+38 -3.4e+38 -3.4e+38 -3.4e+38 -3.4e+38 -3.4e+38 -3.4e+38 30.6000003814697 148.800003051758 154.100006103516 386.200012207031 403.5 395.100006103516 451.299987792969 444.799987792969 461.100006103516 458.600006103516 404.100006103516 520.299987792969 472.799987792969 390.299987792969 426 729.299987792969 918.200012207031 918.099975585938 933.200012207031 870.299987792969 788.299987792969 742.599975585938 724.200012207031 671 649.700012207031 654.799987792969 661.299987792969 663.599975585938 673.599975585938 680.599975585938 683.299987792969 689 695.799987792969 701 704.900024414062 707.099975585938 711.799987792969 716.700012207031 722.900024414062 729
-3.4e+38 -3.4e+38 -3.4e+38 -3.4e+38 -3.4e+38 -3.4e+38 -3.4e+38 -3.4e+38 -3.4e+38 -3.4e+38 -3.4e+38 -3.4e+38 -3.4e+38 -3.4e+38 -3.4e+38 18.1000003814697 39.2999992370605 119.800003051758 350.700012207031 377 379.600006103516 443.700012207031 467.5 467.700012207031 467.299987792969 485.799987792969 598.299987792969 614.200012207031 513.200012207031 456.700012207031 543.299987792969 814.599975585938 885.599975585938 940.799987792969 876.400024414062 807 764.299987792969 745.599975585938 694 661.400024414062 660.700012207031 670.900024414062 670.599975585938 677.5 685.5 693.700012207031 701.200012207031 710.900024414062 718.200012207031 722.5 726.799987792969 732 737.700012207031 742.799987792969 747.599975585938
-3.4e+38 -3.4e+38 -3.4e+38 -3.4e+38 -3.4e+38 -3.4e+38 -3.4e+38 -3.4e+38 -3.4e+38 -3.4e+38 -3.4e+38 -3.4e+38 -3.4e+38 -3.4e+38 -3.4e+38 -3.4e+38 19 62.2999992370605 174.899993896484 272.5 407.100006103516 434.5 453.299987792969 458.100006103516 477.5 528 612 632.400024414062 543.299987792969 470.5 560.700012207031 660.200012207031 809.299987792969 869.400024414062 843.5 811.700012207031 789 768.700012207031 718.599975585938 663.700012207031 664.400024414062 674 671.400024414062 682.5 694.200012207031 706.400024414062 717.200012207031 727.400024414062 737.400024414062 742.400024414062 748 755.200012207031 761.299987792969 767.299987792969 771.299987792969
-3.4e+38 -3.4e+38 -3.4e+38 -3.4e+38 -3.4e+38 -3.4e+38 -3.4e+38 -3.4e+38 -3.4e+38 -3.4e+38 -3.4e+38 -3.4e+38 -3.4e+38 -3.4e+38 -3.4e+38 -3.4e+38 -3.4e+38 30.6000003814697 129.5 359.399993896484 432.200012207031 435.600006103516 450.200012207031 475.100006103516 470.299987792969 507.899993896484 582.799987792969 610.900024414062 479.700012207031 488.100006103516 637.5 751.599975585938 803.5 832.700012207031 834.299987792969 824 806.900024414062 787.599975585938 761.299987792969 707.700012207031 672.5 664.5 676.799987792969 690 707.700012207031 721.099975585938 735.700012207031 747.099975585938 758.400024414062 765.400024414062 773.299987792969 780.200012207031 788.299987792969 793.099975585938 797.400024414062
-3.4e+38 -3.4e+38 -3.4e+38 -3.4e+38 -3.4e+38 -3.4e+38 -3.4e+38 -3.4e+38 -3.4e+38 -3.4e+38 -3.4e+38 -3.4e+38 -3.4e+38 -3.4e+38 -3.4e+38 -3.4e+38 -3.4e+38 20.5 59.5 263.100006103516 342.399993896484 408.700012207031 452.5 482.700012207031 490.200012207031 523.700012207031 559 583.700012207031 528.700012207031 476.799987792969 617.200012207031 780.700012207031 828.700012207031 839 842.099975585938 815.599975585938 818.900024414062 799.400024414062 776 747.5 678.599975585938 676.5 688.5 701.400024414062 717.5 736.299987792969 752 764.599975585938 777.200012207031 788.799987792969 798.700012207031 808.599975585938 816.200012207031 823.599975585938 827.099975585938
-3.4e+38 -3.4e+38 -3.4e+38 -3.4e+38 -3.4e+38 -3.4e+38 -3.4e+38 -3.4e+38 -3.4e+38 -3.4e+38 -3.4e+38 -3.4e+38 -3.4e+38 -3.4e+38 -3.4e+38 -3.4e+38 -3.4e+38 -3.4e+38 29.7000007629395 76.8000030517578 190.300003051758 432.799987792969 467.799987792969 490.100006103516 512.599975585938 526.799987792969 526.900024414062 563.799987792969 544.700012207031 472 682.400024414062 777.700012207031 727.900024414062 865.700012207031 834.700012207031 834 784 765 779.099975585938 786.799987792969 702.900024414062 692 700.5 716.099975585938 730.200012207031 751.299987792969 767.299987792969 782.599975585938 797.400024414062 812.400024414062 826.700012207031 837.5 847 855.5 861.099975585938
-3.4e+38 -3.4e+38 -3.4e+38 -3.4e+38 -3.4e+38 -3.4e+38 -3.4e+38 -3.4e+38 -3.4e+38 -3.4e+38 -3.4e+38 -3.4e+38 -3.4e+38 -3.4e+38 -3.4e+38 -3.4e+38 -3.4e+38 -3.4e+38 40.5999984741211 42.2000007629395 146.800003051758 270.799987792969 391.700012207031 491.899993896484 542.299987792969 528.900024414062 531.799987792969 530.400024414062 468.200012207031 420.600006103516 585.200012207031 630.799987792969 534.599975585938 723.900024414062 856.700012207031 806.900024414062 778.5 727.200012207031 777 743.900024414062 714.400024414062 696.700012207031 721.900024414062 732.700012207031 746.200012207031 762.299987792969 785.5 804.700012207031 822.900024414062 839.599975585938 854 865.700012207031 879.599975585938 890.900024414062 899.900024414062
