data/layers/future_layer_can_126_60/bio17.asc
NCOLS 494 
NROWS 529 
XLLCORNER -117.166666666667 
YLLCORNER -55.5 
CELLSIZE 0.166666666666667 
NODATA_value -3.4e+38 
[rows 25 to 49 of 529, columns 55 to 109 of 494]
41.9000015258789 35.9000015258789 31.6000003814697 26.7000007629395 24.6000003814697 22.8999996185303 20.2999992370605 19.5 18.6000003814697 16.2000007629395 16.2999992370605 17.2999992370605 15.6000003814697 15.1000003814697 14.3000001907349 13.8999996185303 12.8000001907349 13 14 14.1000003814697 15.3000001907349 16.7999992370605 18.8999996185303 20 20.3999996185303 21.2999992370605 22.7000007629395 24.2000007629395 25.3999996185303 27.6000003814697 25.7999992370605 24.3999996185303 26.6000003814697 25 25.2000007629395 25.1000003814697 27.6000003814697 32.2000007629395 32 29.7000007629395 28.6000003814697 32.9000015258789 37.7999992370605 40.9000015258789 44.7000007629395 48.7000007629395 52.7999992370605 57.7999992370605 63.0999984741211 66.4000015258789 67.8000030517578 66.5 64 68.1999969482422 71.5999984741211
45.5 42 37.5999984741211 30.6000003814697 29.6000003814697 24.5 21.6000003814697 18.3999996185303 15.6999998092651 15.1999998092651 15.1000003814697 16 15.1000003814697 14.6999998092651 15.1999998092651 15.3000001907349 14.1000003814697 13.1000003814697 12.6999998092651 15.5 17 18.2000007629395 20.1000003814697 21.2000007629395 20.8999996185303 22.6000003814697 24.7999992370605 26.8999996185303 28.2999992370605 29.1000003814697 28.7999992370605 26.7999992370605 25.8999996185303 26.6000003814697 26.2999992370605 26.7000007629395 28.7000007629395 33.5999984741211 34.2999992370605 32.4000015258789 31 32.7000007629395 35.5999984741211 37 39.2999992370605 43.5999984741211 49.4000015258789 54.5 60.4000015258789 64.5999984741211 67.3000030517578 67.5999984741211 66.3000030517578 67 71.0999984741211
49.9000015258789 45.5999984741211 40.7000007629395 35.7000007629395 31.2000007629395 26.3999996185303 22.7999992370605 19.1000003814697 16.7999992370605 14.5 15.1999998092651 16.2999992370605 15.1999998092651 14.1999998092651 14.1999998092651 15.3000001907349 14.8000001907349 14.6000003814697 14.6999998092651 15.6000003814697 17.1000003814697 19.6000003814697 20.2000007629395 20.7000007629395 21.2999992370605 23.5 26.7000007629395 29.8999996185303 30.7999992370605 29.7000007629395 29 27 26.2999992370605 26.8999996185303 27.5 27.5 31.3999996185303 38.2999992370605 35.7999992370605 33.7999992370605 33.7000007629395 33.4000015258789 34.0999984741211 35.0999984741211 35.5999984741211 40.7999992370605 47.5 53.2999992370605 57.9000015258789 61.5 66 68.4000015258789 68.9000015258789 68.1999969482422 70.0999984741211
53.0999984741211 48.2999992370605 44 40 33 24.3999996185303 24.3999996185303 18.2999992370605 17.6000003814697 15.1999998092651 15.6999998092651 16.5 15.1999998092651 14.1999998092651 13 13.5 14.6999998092651 14.8999996185303 15.6999998092651 16.2000007629395 17.7999992370605 18.7999992370605 19.2999992370605 19.8999996185303 21.8999996185303 23.3999996185303 26.1000003814697 30 31.7999992370605 31 28.2999992370605 26.5 26.1000003814697 26.2999992370605 26.8999996185303 27.2999992370605 28.1000003814697 33.7999992370605 34 33.2999992370605 33.7000007629395 35.5 35.5 36.0999984741211 37.2000007629395 41.7999992370605 47.5999984741211 52 56.2999992370605 59.2000007629395 63.5999984741211 66.1999969482422 67.8000030517578 68.5 70.5
52.0999984741211 49.7999992370605 44.5999984741211 40.7999992370605 33.5999984741211 26.6000003814697 29.2000007629395 22.2000007629395 19.2999992370605 18.1000003814697 16.7000007629395 16.8999996185303 15.1000003814697 14.1000003814697 12.5 12.1999998092651 13.8000001907349 14.3999996185303 15.1000003814697 15.6999998092651 16.7999992370605 16.7999992370605 17 18.3999996185303 20.8999996185303 23.2000007629395 24.5 27.2000007629395 29.7999992370605 29.8999996185303 28.2000007629395 25.5 25.2000007629395 24.7000007629395 25.2999992370605 27.3999996185303 28.5 28.7999992370605 28.7000007629395 32 34.4000015258789 36.7000007629395 38.7999992370605 40.2999992370605 41.2999992370605 44.2000007629395 48.7000007629395 52.0999984741211 55.7000007629395 56.5 59.4000015258789 63 64.9000015258789 67.1999969482422 70.3000030517578
50.2000007629395 47 45 40.7000007629395 34.7000007629395 30.6000003814697 27.1000003814697 23.2999992370605 20.6000003814697 19 17.6000003814697 17.2999992370605 15.1000003814697 13.6999998092651 11.3000001907349 11 13 14.6000003814697 15.1999998092651 15.3999996185303 16.1000003814697 16.2000007629395 17.8999996185303 18.3999996185303 19.8999996185303 21.7999992370605 23.2000007629395 24.7999992370605 25.7999992370605 26.7000007629395 26.7999992370605 25.2999992370605 26 25.2999992370605 25.1000003814697 26.1000003814697 27.3999996185303 28.1000003814697 28.5 31.6000003814697 35.0999984741211 38 41.2000007629395 43.4000015258789 43.5999984741211 45.2000007629395 48.9000015258789 53.4000015258789 57.2999992370605 57.4000015258789 58 60.4000015258789 63.2999992370605 65.9000015258789 70.5
48.7000007629395 44.9000015258789 43.5 40.7000007629395 39.5 36.7000007629395 30.7000007629395 25.1000003814697 24.7000007629395 20.2999992370605 18.1000003814697 16.5 15.1000003814697 14.3000001907349 12.3000001907349 11.3000001907349 12.6999998092651 13.8999996185303 15.1000003814697 15.8999996185303 16.5 16.6000003814697 18 18.7999992370605 19 20.7999992370605 21.3999996185303 22.7000007629395 24.2000007629395 25.7999992370605 25.5 24.2000007629395 25.6000003814697 24.5 23.7999992370605 23.1000003814697 25.2000007629395 27 27.7999992370605 29.7000007629395 35.2999992370605 38.5999984741211 41.4000015258789 41.5999984741211 41.5 43.5 48.7000007629395 54.4000015258789 58.5999984741211 60.5 59.7999992370605 60.2999992370605 61.7000007629395 64.5 69.6999969482422
41.9000015258789 44.0999984741211 45.0999984741211 43.2000007629395 40.4000015258789 38.7000007629395 35 29.7000007629395 29.3999996185303 21.3999996185303 19.7000007629395 17.6000003814697 15.1000003814697 14.8999996185303 14.1999998092651 12.8999996185303 14.1000003814697 14.3999996185303 15.5 16 15.8999996185303 15.8999996185303 17.6000003814697 18.8999996185303 18.5 20.1000003814697 20.5 21.3999996185303 25 24.2000007629395 23.7000007629395 22.7999992370605 22.5 22.5 22.8999996185303 22.8999996185303 23.7000007629395 26.7000007629395 27.7999992370605 29.7000007629395 33.0999984741211 36.7999992370605 39.4000015258789 40.0999984741211 40.2999992370605 41.4000015258789 47.7000007629395 54.7999992370605 56.9000015258789 58.4000015258789 59.4000015258789 60.7999992370605 61.5999984741211 64.0999984741211 68.8000030517578
41 41.0999984741211 43.7999992370605 43.9000015258789 44 41.7999992370605 38.7999992370605 34.9000015258789 31.7999992370605 22.8999996185303 20.2999992370605 19.6000003814697 17 16 14.8000001907349 14.3000001907349 14.1999998092651 14.1999998092651 15.6999998092651 14.6999998092651 15.3000001907349 16 16.8999996185303 17.2999992370605 17 18 18.7999992370605 21.3999996185303 21.6000003814697 21.5 20.7000007629395 21 22.6000003814697 23.1000003814697 21.8999996185303 21.5 22.3999996185303 27 29.3999996185303 30.2999992370605 32.5999984741211 32.7000007629395 36.0999984741211 40.0999984741211 40.7000007629395 41.5999984741211 46.7999992370605 53.2000007629395 55.5 57.2999992370605 58.5 59.2000007629395 61.5999984741211 63.2999992370605 67.3000030517578
36.2999992370605 39.0999984741211 45.2000007629395 45.7999992370605 44.7000007629395 44.2000007629395 41.4000015258789 38.2999992370605 33.7000007629395 24.3999996185303 22.2999992370605 20.6000003814697 18.1000003814697 15.6999998092651 15 15.3000001907349 15.6000003814697 15.1000003814697 14.8999996185303 15 15 15.3999996185303 15.5 15.6999998092651 16.2000007629395 16.8999996185303 17.7999992370605 18.2999992370605 17.7999992370605 18.6000003814697 19.2000007629395 19.2999992370605 19.3999996185303 19.5 19.1000003814697 20.3999996185303 21.5 23.8999996185303 27.2000007629395 29.2000007629395 30.2000007629395 32.4000015258789 35.9000015258789 40.2999992370605 42.0999984741211 44.7999992370605 47.4000015258789 52.2000007629395 54.2999992370605 56.5 57.2999992370605 57.2999992370605 59.5 62.2999992370605 65.5999984741211
41.0999984741211 40.2999992370605 41.5 44 46.0999984741211 44.7000007629395 41.7999992370605 38.4000015258789 31.8999996185303 26.7000007629395 23.2999992370605 20.7999992370605 19.5 15.6999998092651 14.1000003814697 15.3000001907349 15.8999996185303 15.8000001907349 15.1000003814697 15 14.6000003814697 14.1000003814697 14.6000003814697 14.1999998092651 15 15.3000001907349 15.8000001907349 15.6000003814697 16 16.7999992370605 17.3999996185303 17.5 17.7000007629395 18 16.7999992370605 17.8999996185303 19.1000003814697 21.5 23.1000003814697 24 27.1000003814697 30.5 35 41.4000015258789 43.2000007629395 45.7999992370605 49.2999992370605 50.9000015258789 51.5 55.2000007629395 55.7999992370605 56.9000015258789 57.7000007629395 61.2999992370605 64.6999969482422
42.2000007629395 47 44 47.2000007629395 44.5 43.7999992370605 41.0999984741211 37.9000015258789 28.6000003814697 25.3999996185303 23.6000003814697 21.7999992370605 18.8999996185303 15.1000003814697 13.8000001907349 14.3000001907349 15.6999998092651 15.6999998092651 15.1000003814697 14.6999998092651 14 13.6000003814697 12.8999996185303 12.6999998092651 13.5 13.5 14 14.1000003814697 14.1999998092651 14.8000001907349 16.7999992370605 15.1999998092651 15.3000001907349 15.1000003814697 15.3000001907349 16.5 18.2999992370605 20.2000007629395 22.3999996185303 24.7999992370605 25.2999992370605 27.2000007629395 31.5 37.7000007629395 41.0999984741211 45.4000015258789 50.7999992370605 53.0999984741211 53.5999984741211 56.2000007629395 57.2000007629395 57.4000015258789 58.5 61 63.4000015258789
40.5999984741211 42.4000015258789 47 47.5999984741211 48.5999984741211 45.7000007629395 42.5 39.0999984741211 26.7000007629395 24.3999996185303 22.3999996185303 23.1000003814697 20.6000003814697 15.3000001907349 13.1999998092651 14.1999998092651 15.5 15.8000001907349 15.3000001907349 13.1000003814697 13.3000001907349 12.8999996185303 12.1999998092651 11.3999996185303 11.5 12 12.6999998092651 13.1000003814697 13.1999998092651 12.3999996185303 14 13.3999996185303 13.8000001907349 14.8999996185303 16.3999996185303 16.6000003814697 16.8999996185303 21.2000007629395 23.2000007629395 25.1000003814697 26 27.3999996185303 29.8999996185303 34.7999992370605 38.0999984741211 45.0999984741211 50.5999984741211 58.9000015258789 60.9000015258789 62.5 60.2999992370605 57.7000007629395 57.2000007629395 57.9000015258789 60.9000015258789
37 36 45.0999984741211 47.7000007629395 49.0999984741211 48.4000015258789 45.5 36.0999984741211 25.7000007629395 23.8999996185303 22.7999992370605 21.7000007629395 19.3999996185303 15.6999998092651 14.3999996185303 14.6999998092651 15 15.6999998092651 15.1000003814697 13.5 12.6000003814697 11.6999998092651 11.1000003814697 11 11 11.1999998092651 11.5 12.1999998092651 12.6999998092651 12.1000003814697 14.3000001907349 12.3999996185303 13.1999998092651 15.8000001907349 17.2999992370605 17.7000007629395 18 18.5 20.8999996185303 24.5 27.1000003814697 26.7000007629395 27.5 30.6000003814697 36.5999984741211 44.4000015258789 49.5999984741211 56.4000015258789 61.4000015258789 69.5999984741211 66.4000015258789 59.9000015258789 55.2999992370605 53 55.4000015258789
29.2000007629395 35.0999984741211 36.5999984741211 45.5999984741211 44.4000015258789 48.0999984741211 45.4000015258789 37.5999984741211 28.5 27.7000007629395 28.1000003814697 24.7000007629395 19 16.6000003814697 14.8999996185303 15.3999996185303 15.6000003814697 15.3999996185303 16.1000003814697 14.5 12.8999996185303 12.1999998092651 11.8000001907349 10.5 10.6999998092651 9.89999961853027 10.1999998092651 11 11.6000003814697 11.1999998092651 11.6000003814697 12.3000001907349 12.8999996185303 14.3999996185303 15.3000001907349 17.6000003814697 19.2999992370605 19.7999992370605 24.2999992370605 28 26.5 26.2999992370605 25.7000007629395 27.7999992370605 35.2000007629395 43.2000007629395 51.9000015258789 56.0999984741211 56.7999992370605 67.0999984741211 66 57.7999992370605 51.9000015258789 51.2999992370605 55.2000007629395
19.2000007629395 28.1000003814697 44.9000015258789 34 40.5 47.5999984741211 47.7000007629395 42.4000015258789 37.4000015258789 34.7999992370605 32.4000015258789 29.2999992370605 21.2000007629395 18.7999992370605 16.2000007629395 15.5 13.8000001907349 14.8999996185303 15.5 14.8999996185303 13.1999998092651 12.8000001907349 12.1999998092651 11.6000003814697 10 9.10000038146973 9.80000019073486 11.3999996185303 12.6000003814697 11.3999996185303 11.8000001907349 12.1000003814697 13.1000003814697 13.6000003814697 14.3000001907349 15.8999996185303 17.8999996185303 20.7000007629395 25.7000007629395 29 29 27.3999996185303 27.1000003814697 28.7000007629395 33 42 53.5999984741211 59.5999984741211 63.0999984741211 66.0999984741211 62.4000015258789 56.5 52.9000015258789 53.7999992370605 58.2000007629395
14.8999996185303 20.1000003814697 42 42.7999992370605 36.9000015258789 49.4000015258789 48.2999992370605 46.0999984741211 43.2999992370605 41.4000015258789 38.2999992370605 32.7000007629395 24.2000007629395 19.1000003814697 18.5 14.6000003814697 13.1999998092651 13.1000003814697 13.8999996185303 14.8000001907349 14.1999998092651 14 13.5 12.8999996185303 12.1999998092651 11.3000001907349 10.6999998092651 11.8000001907349 12.8000001907349 12.1999998092651 11.8999996185303 12.3999996185303 13.8000001907349 13.5 14.1999998092651 15.6000003814697 17.2999992370605 20.6000003814697 23.3999996185303 27.7000007629395 30 28.8999996185303 27.6000003814697 29.1000003814697 32.4000015258789 41.5999984741211 54.7999992370605 63.5 67.1999969482422 66.9000015258789 61.2000007629395 55.2000007629395 52.4000015258789 56.0999984741211 59.9000015258789
12.8999996185303 13.1999998092651 18.7000007629395 37.2000007629395 38.2000007629395 46.2000007629395 51.0999984741211 47.5999984741211 43.2999992370605 46.2000007629395 44.5 35.2999992370605 32.2000007629395 22.3999996185303 21.1000003814697 13.1999998092651 12 11.3999996185303 11.3000001907349 13.8999996185303 13.1000003814697 12.6999998092651 12.5 13.8000001907349 14.5 11.1000003814697 12 13.1999998092651 13.6999998092651 12.6999998092651 12.1999998092651 12.6999998092651 13 13.8999996185303 15.1999998092651 16.6000003814697 19 21.2000007629395 23.6000003814697 26 28.6000003814697 29.7000007629395 28 36 44.4000015258789 41.7999992370605 51.7999992370605 68.5999984741211 73 68.6999969482422 61.2999992370605 53.7000007629395 52.4000015258789 55.7999992370605 59.7000007629395
10.3000001907349 11 13.3000001907349 20.1000003814697 25.5 39.7000007629395 49.9000015258789 43.5999984741211 41.7999992370605 45.4000015258789 47.7000007629395 42 30.6000003814697 20.6000003814697 26.7999992370605 13.6999998092651 10.6999998092651 11.3000001907349 10.6000003814697 11.1000003814697 11.6999998092651 12.1000003814697 9.30000019073486 10.8999996185303 12.6999998092651 12.8000001907349 12.6999998092651 13.8999996185303 16 14.8999996185303 14.1000003814697 13.6999998092651 14.1999998092651 17.7999992370605 19.7999992370605 20.2999992370605 21.7000007629395 22.1000003814697 23.5 25.5 28.2999992370605 33.0999984741211 36.4000015258789 45.9000015258789 54.5999984741211 55.7999992370605 53.2000007629395 66.1999969482422 75.8000030517578 71.0999984741211 62.2000007629395 55.5 53.9000015258789 55 57.2999992370605
8.60000038146973 8.89999961853027 11.6000003814697 12.1000003814697 21.2000007629395 29.6000003814697 35.7999992370605 42.5 50.9000015258789 48.2000007629395 48.0999984741211 46.2000007629395 39.2999992370605 25 17.3999996185303 12.3999996185303 11.3000001907349 14.3000001907349 12.8999996185303 12.1999998092651 9.89999961853027 12.8000001907349 11.3999996185303 11.1999998092651 11.1999998092651 11.3999996185303 12.1000003814697 13.6000003814697 16.1000003814697 16.6000003814697 15.8000001907349 15.1999998092651 15.1000003814697 14.8999996185303 16.3999996185303 20.6000003814697 23.5 26.8999996185303 31.1000003814697 35 36 38.9000015258789 48.2999992370605 47.5999984741211 53.0999984741211 62.2999992370605 57 60.2999992370605 73.8000030517578 68.8000030517578 65.3000030517578 59.7000007629395 56.2000007629395 56.2000007629395 57.7999992370605
6.90000009536743 8 9.80000019073486 10.3999996185303 15.6999998092651 24.8999996185303 25.1000003814697 31.2999992370605 43.7999992370605 54.7000007629395 52.9000015258789 50.0999984741211 43.9000015258789 36.0999984741211 25.7999992370605 12.6999998092651 12.6999998092651 14.5 12.8000001907349 12.3000001907349 10.8000001907349 10.8000001907349 11.1000003814697 11.6999998092651 11.1999998092651 11.3999996185303 12.8000001907349 13.8000001907349 15.8999996185303 17.2999992370605 17.2999992370605 18.3999996185303 16 17.2999992370605 17.8999996185303 20.3999996185303 21.5 25.5 33 38.4000015258789 41.5 44.2999992370605 47.7000007629395 46.4000015258789 51.4000015258789 59.7999992370605 59.2999992370605 49.7000007629395 61.5999984741211 68.1999969482422 66.3000030517578 61.5 57.4000015258789 57.0999984741211 61.7999992370605
6.90000009536743 7.5 8.10000038146973 8.19999980926514 10.6000003814697 12.1000003814697 18.5 32 48.4000015258789 39.5999984741211 42.7000007629395 46.2999992370605 46.0999984741211 37 30.8999996185303 18 18.2999992370605 11.1000003814697 9.89999961853027 11.1999998092651 10.8000001907349 10.6999998092651 11.3000001907349 11 11.3000001907349 11.8999996185303 13.1999998092651 14.3999996185303 15.8999996185303 17.5 19.6000003814697 18.6000003814697 17.8999996185303 18.7999992370605 19 20.8999996185303 22.2999992370605 27.2999992370605 29.7999992370605 34.5999984741211 38.5 42 46.7999992370605 46.7000007629395 48.4000015258789 51 61.4000015258789 50.4000015258789 55.4000015258789 65.6999969482422 66.8000030517578 60.5 58.2999992370605 60.5999984741211 66
6.59999990463257 8.19999980926514 7.5 7.09999990463257 8.89999961853027 10.6000003814697 17.3999996185303 20.5 29.2000007629395 27.5 45.0999984741211 43.7000007629395 46 37.4000015258789 32.5999984741211 23.1000003814697 19.6000003814697 18.1000003814697 11 10.3000001907349 10 10.6999998092651 12.3000001907349 11.6999998092651 12.3999996185303 12.8999996185303 13.8999996185303 14.3999996185303 16.7999992370605 18.7999992370605 20 18.2000007629395 17.3999996185303 17.7999992370605 18.8999996185303 20.5 21.7999992370605 28.2000007629395 34 34.2999992370605 38.4000015258789 40.9000015258789 41.2000007629395 45.0999984741211 43.2999992370605 45.7999992370605 47.9000015258789 47.7000007629395 51.2000007629395 61.5 64.8000030517578 56.9000015258789 52 61.7999992370605 65.3000030517578
-3.4e+38 7.09999990463257 6.80000019073486 6.5 8 10.1999998092651 13.8999996185303 14.3999996185303 24.7000007629395 28.1000003814697 35.2000007629395 42.2000007629395 41.2000007629395 37.9000015258789 32.9000015258789 26.6000003814697 19.8999996185303 23.7999992370605 15.1999998092651 9.69999980926514 11.3000001907349 11 13.8999996185303 12.1999998092651 12.1000003814697 13.8000001907349 14.1999998092651 14.1000003814697 16.2000007629395 16.5 16 16.6000003814697 16.1000003814697 16.5 17.7999992370605 19.5 21.7000007629395 25.7999992370605 33 38.5 34.9000015258789 42.0999984741211 36.7999992370605 36.7000007629395 39.0999984741211 38.0999984741211 40.2999992370605 46.7000007629395 49.2999992370605 56.7000007629395 64.0999984741211 54.7999992370605 48.7000007629395 62.4000015258789 66.5
-3.4e+38 -3.4e+38 -3.4e+38 6 6.69999980926514 9.30000019073486 12.5 16.7999992370605 20.7999992370605 34.0999984741211 46.5 52.9000015258789 49.9000015258789 41.9000015258789 36 30.7000007629395 24.2000007629395 23 20.1000003814697 10.8999996185303 9.80000019073486 10.3999996185303 11.3000001907349 12.3999996185303 13.1000003814697 13.5 13.3000001907349 13.1999998092651 14.3999996185303 14.6000003814697 14.3999996185303 14.8000001907349 14.6000003814697 15.6000003814697 17 19.1000003814697 20.8999996185303 22.5 27 31.7999992370605 31.7999992370605 35.0999984741211 34.2000007629395 31.5 33.4000015258789 33.7000007629395 35.7999992370605 41.7000007629395 46.5999984741211 50.2999992370605 60.4000015258789 53.7999992370605 50.2000007629395 54.0999984741211 60
