data/layers/future_layer_can_126_60/bio15.asc
NCOLS 494 
NROWS 529 
XLLCORNER -117.166666666667 
YLLCORNER -55.5 
CELLSIZE 0.166666666666667 
NODATA_value -3.4e+38 
[rows 384 to 407 of 529, columns 275 to 329 of 494]
117.199996948242 113.099998474121 103.599998474121 90.0999984741211 79.8000030517578 78.1999969482422 71.3000030517578 65.5 50.7000007629395 32.4000015258789 25.7000007629395 37.5 26.7000007629395 52.2999992370605 61.2999992370605 77.5 84.8000030517578 85.5 89 83.3000030517578 80.5999984741211 94.5999984741211 93.6999969482422 96.0999984741211 96.8000030517578 88.4000015258789 92.5999984741211 92.1999969482422 90.4000015258789 85.6999969482422 81.3000030517578 77.8000030517578 74.0999984741211 71.0999984741211 69 67.6999969482422 65.8000030517578 66 68.5999984741211 68.6999969482422 68.6999969482422 71 75.1999969482422 75.9000015258789 75.6999969482422 74.4000015258789 72.5 70.9000015258789 69.1999969482422 67.5999984741211 66.3000030517578 64.9000015258789 63.2000007629395 61.9000015258789 60.7000007629395
116.400001525879 116 105.599998474121 91 78.1999969482422 76.1999969482422 75.5 75.5999984741211 64.4000015258789 39.4000015258789 24.7000007629395 33.2000007629395 25 35.4000015258789 58.4000015258789 74 84.8000030517578 87.5999984741211 90.0999984741211 84 89.1999969482422 93.8000030517578 90.0999984741211 90.9000015258789 94.1999969482422 86.5 90.6999969482422 88.9000015258789 86.5 83.0999984741211 78.6999969482422 75.1999969482422 72.4000015258789 69 66.4000015258789 64.6999969482422 63.7000007629395 64.4000015258789 68.5999984741211 69.0999984741211 67.3000030517578 70.5 73.5 75.4000015258789 76.1999969482422 74.6999969482422 72.4000015258789 70.1999969482422 68.6999969482422 66.6999969482422 65.3000030517578 64.0999984741211 62.5 61.0999984741211 60.2999992370605
115.099998474121 114.800003051758 106.5 97.1999969482422 83.9000015258789 75.0999984741211 75.1999969482422 71 66.1999969482422 42.2000007629395 25.2000007629395 31.3999996185303 24.5 25.1000003814697 48 66.1999969482422 80.3000030517578 84.6999969482422 88.4000015258789 91.1999969482422 92.5999984741211 91.3000030517578 88 86 91.4000015258789 90.4000015258789 83.1999969482422 78.8000030517578 82.4000015258789 80.8000030517578 76.4000015258789 73 69.5 66.3000030517578 63.7000007629395 61.7000007629395 59.2999992370605 60.9000015258789 65.4000015258789 68.1999969482422 66.4000015258789 69.5999984741211 72.3000030517578 73.8000030517578 75 73.6999969482422 71.5999984741211 69.4000015258789 67.5 65.9000015258789 64.5999984741211 63.2999992370605 61.5999984741211 60.9000015258789 60
112.599998474121 109.800003051758 105.900001525879 98.5999984741211 91.3000030517578 78 75.0999984741211 67.5 59.7000007629395 33.2000007629395 23 31.1000003814697 21.8999996185303 23.7000007629395 47.5 67.1999969482422 78.8000030517578 81.4000015258789 82.0999984741211 85.5999984741211 91 89.1999969482422 90.8000030517578 83 88 88.6999969482422 86 70.0999984741211 69.9000015258789 78.5999984741211 74.1999969482422 71.5 67.6999969482422 64.0999984741211 61.5 59.7999992370605 56.2000007629395 56.5999984741211 65.3000030517578 64.6999969482422 64.5999984741211 67.5 70.3000030517578 72.1999969482422 72.5999984741211 71.6999969482422 69.9000015258789 67.9000015258789 66.0999984741211 64.3000030517578 63.4000015258789 62.2000007629395 61 60.0999984741211 59.5
111.300003051758 106.900001525879 101.699996948242 97.3000030517578 89.5 82.6999969482422 78.5 68.1999969482422 66.3000030517578 43.7999992370605 49.7999992370605 21.2999992370605 26.6000003814697 27.6000003814697 53.2000007629395 68.1999969482422 78 80.6999969482422 82.4000015258789 88.5 88.5 90.5999984741211 85.5999984741211 84.5999984741211 85.0999984741211 85.1999969482422 83.5 72.0999984741211 70.5999984741211 76 72.4000015258789 69.3000030517578 65.8000030517578 63.0999984741211 60.2999992370605 58.4000015258789 55.9000015258789 56.5 65.1999969482422 63 63.7999992370605 66.5 69.4000015258789 71 71.1999969482422 70.4000015258789 68.5 66.5 64.6999969482422 63.0999984741211 62 61.4000015258789 60.2000007629395 59.7000007629395 59.2000007629395
109.599998474121 108.699996948242 105.400001525879 99.6999969482422 89.8000030517578 82.5999984741211 78.4000015258789 85.6999969482422 73.3000030517578 57.4000015258789 54.4000015258789 21.7999992370605 29.5 27.1000003814697 51.2999992370605 69.9000015258789 70.1999969482422 80.0999984741211 84.4000015258789 89.1999969482422 89.4000015258789 87.5 83.0999984741211 81.5 82.5 82.0999984741211 80.6999969482422 77.5999984741211 74.9000015258789 73.5 70.4000015258789 66.4000015258789 63.5999984741211 61.2999992370605 59.7999992370605 58 57.2000007629395 58 64.0999984741211 62.7000007629395 63.7000007629395 66.0999984741211 68.6999969482422 70.0999984741211 70 68.9000015258789 67.4000015258789 65.5 63.4000015258789 61.7000007629395 61.2000007629395 60.5999984741211 59.7999992370605 59.2999992370605 59
112.300003051758 110 107.300003051758 100.900001525879 91.8000030517578 83.0999984741211 79.5999984741211 78.6999969482422 79 71.5999984741211 57.7999992370605 22.1000003814697 26.2999992370605 23.6000003814697 47.7999992370605 67.6999969482422 70 81 85.4000015258789 87.8000030517578 87.4000015258789 86.8000030517578 85.1999969482422 80.8000030517578 79.9000015258789 79.8000030517578 78.0999984741211 76.5999984741211 74.5999984741211 71.5 68.1999969482422 64.8000030517578 62.0999984741211 61.2000007629395 60.0999984741211 59.0999984741211 58.7000007629395 59.2000007629395 62.7999992370605 63.2999992370605 63.9000015258789 65.0999984741211 67.8000030517578 68.8000030517578 68.6999969482422 67.3000030517578 65.8000030517578 64.1999969482422 61.9000015258789 60.2000007629395 59.9000015258789 59.9000015258789 59.2000007629395 59.0999984741211 58.7000007629395
114 106.699996948242 107.300003051758 102.199996948242 92.8000030517578 84.0999984741211 81.1999969482422 71.4000015258789 75.3000030517578 69.5 55.2000007629395 28.6000003814697 22.2000007629395 23.2000007629395 53.4000015258789 70 75.1999969482422 78.4000015258789 83.9000015258789 86.1999969482422 85.5 84.0999984741211 82.1999969482422 80.0999984741211 75.6999969482422 77.8000030517578 75.3000030517578 73.6999969482422 72.1999969482422 69.6999969482422 66.5999984741211 63.7999992370605 63.0999984741211 62 61.2999992370605 60.2000007629395 60.0999984741211 60.5999984741211 62.2999992370605 63.7000007629395 64.5 65.6999969482422 67.5999984741211 68.1999969482422 67.5999984741211 66.5 65.0999984741211 63.2999992370605 61.2999992370605 60.0999984741211 59.5999984741211 59.7000007629395 59.2000007629395 58.9000015258789 58.7000007629395
115.099998474121 109.5 109.599998474121 106.300003051758 98.5999984741211 85.6999969482422 80.8000030517578 75.1999969482422 75.1999969482422 74.3000030517578 55.2000007629395 39.2000007629395 19.1000003814697 21.6000003814697 52 72 75.5999984741211 79.1999969482422 82.9000015258789 84.1999969482422 83.0999984741211 80.9000015258789 78.9000015258789 78.8000030517578 77.1999969482422 75.4000015258789 73.1999969482422 71.5999984741211 70.5 68.9000015258789 66.3000030517578 62.2999992370605 63.4000015258789 63 61.9000015258789 60.7000007629395 60.5999984741211 61.7000007629395 62.2999992370605 64.1999969482422 64.8000030517578 66.4000015258789 67.5 67.9000015258789 67.3000030517578 66.0999984741211 64.5 62.7999992370605 61.7000007629395 60.5 59.7000007629395 59.2999992370605 58.5999984741211 58.5999984741211 58.2999992370605
115.599998474121 109.699996948242 107.5 102.400001525879 95.8000030517578 87.6999969482422 81.5999984741211 78.6999969482422 77.5999984741211 74.5 67.0999984741211 53 18.6000003814697 25.1000003814697 50.5 70.3000030517578 75.4000015258789 78.8000030517578 81.8000030517578 81.5 79.8000030517578 78.5 77.3000030517578 75.3000030517578 73.8000030517578 71.8000030517578 70.5999984741211 69.9000015258789 68.9000015258789 68.5999984741211 67 64.4000015258789 63.7000007629395 62.7999992370605 62 60.9000015258789 61.2999992370605 62.0999984741211 63.0999984741211 64.8000030517578 65.5 66.9000015258789 68 67.9000015258789 66.8000030517578 65.5999984741211 64.3000030517578 62.5999984741211 61.7000007629395 60.5 59.5 58.7999992370605 58.5999984741211 58.2000007629395 58.0999984741211
112.400001525879 106.699996948242 107 105.900001525879 94 87.4000015258789 79.3000030517578 71.8000030517578 73.3000030517578 74 65.0999984741211 52 16.6000003814697 29.8999996185303 48.2000007629395 64.0999984741211 72.5 76.8000030517578 78.8000030517578 79.4000015258789 77.4000015258789 74.8000030517578 73.1999969482422 72.6999969482422 69.5 69.6999969482422 70.0999984741211 69.4000015258789 69.0999984741211 68.4000015258789 66.4000015258789 64.6999969482422 63.7999992370605 63.2999992370605 62.2999992370605 61.2000007629395 61.5999984741211 62.7999992370605 63.7000007629395 64.6999969482422 66.3000030517578 67.8000030517578 68.8000030517578 68.3000030517578 66.6999969482422 65.3000030517578 64.1999969482422 62.9000015258789 61.5999984741211 60.7999992370605 59.9000015258789 58.9000015258789 58.5999984741211 58.2000007629395 58.0999984741211
110.300003051758 107.699996948242 105.099998474121 105.199996948242 95.6999969482422 88.0999984741211 76.8000030517578 74 73.1999969482422 70.5 61.2000007629395 37.7000007629395 16.2000007629395 28 47.4000015258789 61.0999984741211 69.1999969482422 72.5 74.5999984741211 74.6999969482422 73.4000015258789 71.8000030517578 69.6999969482422 69.1999969482422 68.0999984741211 68.5 69.1999969482422 68.3000030517578 67.6999969482422 67.3000030517578 66.0999984741211 63.9000015258789 63.7999992370605 63.2000007629395 63.0999984741211 61.9000015258789 61.9000015258789 62.9000015258789 64 65.1999969482422 66 67.1999969482422 67.9000015258789 67.5 66.5999984741211 65.4000015258789 64.0999984741211 63 61.7000007629395 60.7999992370605 60.2000007629395 59.2999992370605 58.9000015258789 58.5999984741211 58.2000007629395
111.900001525879 112.400001525879 105.300003051758 104 96.5 89.9000015258789 83.5999984741211 78 73.5 61.2000007629395 62.2999992370605 33 14.6999998092651 33.7000007629395 50.2999992370605 59.5 64.6999969482422 70.5999984741211 71.9000015258789 71.5 70.5999984741211 68.6999969482422 66.1999969482422 66.5999984741211 66.6999969482422 66 67.6999969482422 66.9000015258789 66.4000015258789 65.6999969482422 65.0999984741211 63.2000007629395 63.0999984741211 63.4000015258789 63.2000007629395 62.2999992370605 62.5999984741211 62.7999992370605 64.0999984741211 65 65.8000030517578 66.6999969482422 66.8000030517578 66.9000015258789 66.0999984741211 65.1999969482422 64.0999984741211 63.0999984741211 62.0999984741211 61.2000007629395 60.9000015258789 59.7999992370605 59.4000015258789 58.9000015258789 58.2000007629395
114.800003051758 112.900001525879 109.099998474121 102.199996948242 95.9000015258789 93.3000030517578 85.8000030517578 77.5999984741211 71.5 71.0999984741211 67.9000015258789 39.7999992370605 15.3000001907349 37.2999992370605 51.5999984741211 56.2000007629395 59.2000007629395 65.5 68.3000030517578 67.9000015258789 67.1999969482422 66.0999984741211 64.8000030517578 63.7000007629395 63.9000015258789 64.4000015258789 65.5999984741211 62.7000007629395 58.7999992370605 64.8000030517578 64 63.4000015258789 63 63 62.7999992370605 62.4000015258789 62.9000015258789 63.4000015258789 63.7000007629395 65 65.5 65.9000015258789 66.0999984741211 66 66 64.9000015258789 63.9000015258789 62.9000015258789 62.2000007629395 61.7000007629395 61.4000015258789 60.7000007629395 60 59.2000007629395 58.5999984741211
113.599998474121 111.199996948242 112.300003051758 108.099998474121 98.0999984741211 95.0999984741211 90.0999984741211 78.0999984741211 65.5999984741211 72.5999984741211 65.3000030517578 50.4000015258789 13.8999996185303 37.5999984741211 46.9000015258789 47.4000015258789 55.0999984741211 61.7999992370605 63.7999992370605 64.5 64.0999984741211 63.5999984741211 63.2000007629395 63 62.5 63 63.7000007629395 63.9000015258789 63.7000007629395 63.7999992370605 63.4000015258789 63.0999984741211 62.7999992370605 62.7000007629395 63 62.9000015258789 62.7999992370605 62.7000007629395 63.7000007629395 64 64.6999969482422 64.8000030517578 64.9000015258789 64.6999969482422 64.8000030517578 64.4000015258789 63.9000015258789 63.2000007629395 62.2999992370605 62.0999984741211 61.7000007629395 61.2999992370605 59.7999992370605 59.4000015258789 58.9000015258789
110.699996948242 106.300003051758 106.199996948242 109.699996948242 101.099998474121 90.3000030517578 85.0999984741211 78.4000015258789 70.3000030517578 76.3000030517578 69.8000030517578 53.5 18.8999996185303 28.2999992370605 36.2000007629395 38.4000015258789 48.7999992370605 57 59.4000015258789 60.2999992370605 60.7999992370605 60.9000015258789 61.5 61.9000015258789 62 62.5999984741211 62.7999992370605 62.7999992370605 63.2000007629395 62.7000007629395 62.7999992370605 62.7000007629395 62.5999984741211 62.7999992370605 62.7000007629395 62.7999992370605 62.7999992370605 63.0999984741211 63.0999984741211 63.7000007629395 64 64.5999984741211 64.4000015258789 64.4000015258789 64 63.9000015258789 63.7999992370605 63.0999984741211 62.7999992370605 62.4000015258789 62 61.4000015258789 60.7999992370605 59.7000007629395 59
111.199996948242 109.699996948242 104.300003051758 110.900001525879 102 91.1999969482422 78.1999969482422 77.6999969482422 70.4000015258789 71.4000015258789 70.5999984741211 59.5999984741211 27.3999996185303 14.8999996185303 24.2999992370605 33.2999992370605 43 51 55.5 56.2999992370605 57.5999984741211 58.5999984741211 59.7999992370605 60.5 60.7000007629395 61.4000015258789 61.5999984741211 62.0999984741211 62.7000007629395 62.4000015258789 62.7000007629395 62.5999984741211 61.7999992370605 62 62.2000007629395 62.5 62.2999992370605 62.2000007629395 62.5 62.9000015258789 63.5999984741211 63.9000015258789 63.7999992370605 63.7999992370605 63.4000015258789 63.5 63.9000015258789 63.7000007629395 62.9000015258789 62.2000007629395 61.7999992370605 61 60.4000015258789 59.5999984741211 59.2000007629395
107.300003051758 108.300003051758 110.800003051758 107.599998474121 99.5999984741211 94.3000030517578 82.3000030517578 70.1999969482422 70.0999984741211 68.4000015258789 68.6999969482422 51.5999984741211 31.3999996185303 15.8999996185303 15.5 27.2999992370605 39.0999984741211 45.4000015258789 50.7000007629395 53.5999984741211 55.5999984741211 56.5 57.5999984741211 58.9000015258789 60.2000007629395 60.7000007629395 61 61.7999992370605 61.7999992370605 61.9000015258789 62.4000015258789 61.7999992370605 61.4000015258789 61.2000007629395 61.2000007629395 61.2999992370605 61.5999984741211 61.4000015258789 61.7000007629395 62.0999984741211 63.4000015258789 64 63.7000007629395 63.4000015258789 63 63.0999984741211 63.5999984741211 63.7000007629395 62.9000015258789 62.2999992370605 61.7000007629395 61.2000007629395 60.5 59.4000015258789 53.5
106.099998474121 109.199996948242 108.300003051758 101.900001525879 95.5 89.4000015258789 84.1999969482422 71.8000030517578 68.8000030517578 67.1999969482422 64 51.5 34.4000015258789 19.5 13.6999998092651 22.6000003814697 34.9000015258789 41 46.2000007629395 51 53.5 54.7999992370605 56.7000007629395 58.5999984741211 59.0999984741211 59.7000007629395 60.0999984741211 61.2000007629395 61.2000007629395 61 61.2999992370605 61.2999992370605 60.7000007629395 60.4000015258789 60.2999992370605 60.7000007629395 60.7000007629395 60.7999992370605 61.2000007629395 61.2000007629395 62.4000015258789 63 63.2999992370605 62.7999992370605 63 63.2999992370605 63.2000007629395 63 62.7000007629395 62.2000007629395 61.5999984741211 61.2000007629395 60.5 58.7000007629395 54.2999992370605
106.099998474121 104.699996948242 102.900001525879 97.6999969482422 91.9000015258789 80.8000030517578 74.9000015258789 69.8000030517578 64.3000030517578 67.5999984741211 63.4000015258789 50.2999992370605 31.5 17 12.6000003814697 19.2000007629395 30.2000007629395 35.2999992370605 41 45.7999992370605 49.5999984741211 53.5 56 57.4000015258789 58 59 58.7999992370605 60.0999984741211 60.2000007629395 59.7999992370605 60 60.5 60.0999984741211 59.5999984741211 59.5 59.9000015258789 59.7000007629395 60 60.7000007629395 61 61.7000007629395 62.4000015258789 62.5999984741211 62.5999984741211 62.7999992370605 62.9000015258789 63 62.7000007629395 62.2999992370605 62 61.7999992370605 61.2000007629395 60.2000007629395 59.4000015258789 58.7000007629395
106.099998474121 105.400001525879 100.699996948242 95.5 89.6999969482422 81 70.5999984741211 72 65.9000015258789 68 61.5 47.4000015258789 34.0999984741211 20.6000003814697 13 15.5 24.8999996185303 32.7000007629395 38.7000007629395 43.7999992370605 47.5999984741211 51 54.2000007629395 55.9000015258789 57.2999992370605 57.5 58 58.7000007629395 59.2000007629395 59.5999984741211 59.4000015258789 59.9000015258789 59.4000015258789 59.2000007629395 59 58.9000015258789 58.5 59.5 59.5999984741211 60.5999984741211 61.2999992370605 62.2999992370605 62.5 62.0999984741211 61.9000015258789 62.0999984741211 62.0999984741211 62.0999984741211 61.7999992370605 61.5 61.2999992370605 60.5999984741211 59.4000015258789 59.0999984741211 57.2999992370605
105.699996948242 103 97.1999969482422 93.3000030517578 87.8000030517578 79.3000030517578 71.3000030517578 66.6999969482422 69 65.5999984741211 56 43.5999984741211 32.2000007629395 21.7000007629395 14.6000003814697 14.3000001907349 21.7999992370605 29.1000003814697 37 43.5999984741211 45.7999992370605 49.5 52.7000007629395 54.7000007629395 55.7999992370605 56.5999984741211 56.7999992370605 57.5 58.4000015258789 58.2999992370605 58.9000015258789 59.4000015258789 59.2999992370605 59.5 59.2000007629395 58.4000015258789 58.5 59.0999984741211 59.9000015258789 60.7000007629395 61.0999984741211 61.5999984741211 61.9000015258789 61.5999984741211 61.4000015258789 60.9000015258789 61.0999984741211 61.0999984741211 61 61.2000007629395 61 60.0999984741211 59.2999992370605 58.2999992370605 57.5
101.900001525879 97.8000030517578 94.0999984741211 91.9000015258789 85.5 78.5 74 70.0999984741211 71 64.5999984741211 53.2000007629395 43.5999984741211 41.4000015258789 34.0999984741211 17.5 14 18.1000003814697 25.3999996185303 34.2000007629395 40.7999992370605 42.0999984741211 44.2999992370605 51.2000007629395 53.7999992370605 54.4000015258789 55 55.5 56.5 57.5 57.7000007629395 58.0999984741211 59 59.2999992370605 59.2000007629395 58.7999992370605 58.9000015258789 58.9000015258789 59.4000015258789 59.7000007629395 60.2999992370605 60.7000007629395 61.0999984741211 61 60.7000007629395 60.7000007629395 60.2999992370605 60 60.0999984741211 60 60.4000015258789 60.2000007629395 59 57.7999992370605 57.4000015258789 56.7000007629395
97.5 93 92 88.6999969482422 79.0999984741211 77 73.6999969482422 72.0999984741211 71.9000015258789 64.6999969482422 52.7999992370605 47.2000007629395 41.0999984741211 29.1000003814697 18.2999992370605 14.1999998092651 16.8999996185303 23.7999992370605 31.6000003814697 37.5999984741211 42.2000007629395 43.4000015258789 48.7999992370605 50.7000007629395 52.0999984741211 53.5 54.5 55.5999984741211 56.5 56.7000007629395 57.7000007629395 58.5999984741211 59 59.2000007629395 59 59.2999992370605 59.7999992370605 59.7000007629395 59.7999992370605 60.4000015258789 60.5 60.0999984741211 60.0999984741211 59.7999992370605 59.5 59 58.7999992370605 58.7000007629395 58.7999992370605 58.5999984741211 58.2999992370605 57.2999992370605 56.5 56.0999984741211 55.9000015258789
