data/layers/future_layer_can_126_60/bio18.asc
NCOLS 494 
NROWS 529 
XLLCORNER -117.166666666667 
YLLCORNER -55.5 
CELLSIZE 0.166666666666667 
NODATA_value -3.4e+38 
[rows 375 to 399 of 529, columns 330 to 384 of 494]
445.799987792969 450.200012207031 443.700012207031 435.100006103516 429 421.5 413.799987792969 405.399993896484 397.299987792969 394.700012207031 391 388.100006103516 382.899993896484 377.700012207031 370.200012207031 367.5 372.899993896484 377.899993896484 385.100006103516 393.5 403.5 413.799987792969 424.399993896484 436.5 450.899993896484 465.700012207031 479.799987792969 491.899993896484 499.299987792969 502.200012207031 504.5 502.899993896484 496.899993896484 489.799987792969 484.100006103516 476 470.600006103516 465.5 458.799987792969 457 457.200012207031 455.299987792969 454.399993896484 454.100006103516 457.200012207031 459 460.299987792969 459.600006103516 457.799987792969 460.399993896484 461.899993896484 464 467.899993896484 469.5 472.899993896484
443.799987792969 445.100006103516 441.5 434.5 427.299987792969 420.5 414.600006103516 406.700012207031 400.5 398.200012207031 392.600006103516 387.600006103516 384.5 379.399993896484 374 371.600006103516 375.399993896484 382.399993896484 388.100006103516 400.100006103516 412.200012207031 420.799987792969 432.799987792969 449.299987792969 460.899993896484 479.200012207031 495 501.700012207031 505.299987792969 508.299987792969 502.5 501.200012207031 500.899993896484 492.700012207031 486.100006103516 480.200012207031 474.100006103516 465.899993896484 457.700012207031 452.700012207031 450.5 453.399993896484 451 451.600006103516 453.100006103516 452.899993896484 454.100006103516 455.399993896484 454.899993896484 452.899993896484 454.700012207031 456.600006103516 458.299987792969 459.700012207031 461.299987792969
440.399993896484 441 437.600006103516 431.299987792969 425.399993896484 420.600006103516 413.700012207031 409.100006103516 402.899993896484 399.399993896484 395.899993896484 391.200012207031 387.700012207031 380.600006103516 377.799987792969 378.200012207031 383.100006103516 389.5 396.200012207031 406.100006103516 416.100006103516 426.100006103516 439.600006103516 454.600006103516 470.5 486.5 502 508 509 506 506.100006103516 506.200012207031 501.799987792969 492.700012207031 487.899993896484 480 473.5 464.700012207031 454.600006103516 447.100006103516 446.600006103516 448.799987792969 448.200012207031 447.799987792969 449.100006103516 448.299987792969 450.399993896484 447.899993896484 448.299987792969 450.700012207031 453.100006103516 453.100006103516 449.100006103516 450 449.399993896484
434.600006103516 434.200012207031 431.600006103516 429.5 425.100006103516 421 415.200012207031 407.899993896484 404.299987792969 401.200012207031 398.299987792969 393.600006103516 389.799987792969 385 384.399993896484 385.299987792969 389.600006103516 396 404.100006103516 411.600006103516 421.799987792969 432.100006103516 444.899993896484 457.600006103516 471.799987792969 485.799987792969 496.899993896484 507 509.799987792969 506.799987792969 504.799987792969 501.799987792969 499.5 493.5 484.5 476.799987792969 470.299987792969 463 451 445 445.899993896484 444.899993896484 444.799987792969 444.299987792969 443.600006103516 445.700012207031 445.899993896484 445.399993896484 446.600006103516 448.200012207031 448.299987792969 445.5 444.100006103516 439.899993896484 440
425.700012207031 426.200012207031 426.200012207031 425.899993896484 424.299987792969 419.899993896484 414.700012207031 407.700012207031 403.700012207031 400.5 397.200012207031 394.299987792969 393 390 389.899993896484 393.600006103516 398.799987792969 402.299987792969 407.5 416.399993896484 426.799987792969 436.200012207031 447.5 459.5 471.700012207031 480.200012207031 493.799987792969 502.600006103516 504.399993896484 502.899993896484 499.899993896484 497.399993896484 496.399993896484 492.700012207031 483.399993896484 473.399993896484 466 461.100006103516 453 448.5 444.299987792969 443.899993896484 444.5 445.100006103516 443 441.700012207031 441.5 441.200012207031 440.200012207031 442.5 443.5 441.399993896484 439.200012207031 433.700012207031 432.5
417.600006103516 419.299987792969 421.5 422 420.899993896484 418.399993896484 412.100006103516 405.5 402.700012207031 401.5 397.399993896484 395.799987792969 394.799987792969 392.600006103516 394.600006103516 401 404.600006103516 406.399993896484 412 419 428.799987792969 438.200012207031 447.899993896484 459.299987792969 471.100006103516 479 485.100006103516 494.5 497.600006103516 496.5 494.399993896484 490.299987792969 487.299987792969 482.600006103516 477.5 469.899993896484 461.100006103516 460.5 463 463.299987792969 456.299987792969 451.700012207031 448.799987792969 444 439.200012207031 439.299987792969 439.299987792969 437.299987792969 441.299987792969 438 433 434.100006103516 432.100006103516 427.799987792969 426.799987792969
407.200012207031 411.700012207031 415 417.600006103516 415.200012207031 413.5 409.100006103516 403.100006103516 401 398.200012207031 396.200012207031 396.5 395.799987792969 395.5 400 404.799987792969 406.799987792969 409.600006103516 414.299987792969 421.399993896484 429.5 439.100006103516 446.600006103516 457 465.799987792969 470.200012207031 476.200012207031 486.100006103516 487.299987792969 485.899993896484 484.299987792969 481.600006103516 477.299987792969 471.600006103516 468.299987792969 464.200012207031 461.700012207031 464.399993896484 473.899993896484 483.5 481.200012207031 464.299987792969 451.5 444 439 438.600006103516 436.399993896484 434.100006103516 434.100006103516 432.200012207031 428.899993896484 425.899993896484 425.399993896484 422.799987792969 419
397.600006103516 401.899993896484 409.600006103516 415.399993896484 412 408.299987792969 403.700012207031 399.799987792969 398.299987792969 395.700012207031 395.5 396.5 396.700012207031 396.600006103516 401.799987792969 404.799987792969 408.299987792969 411.799987792969 415.399993896484 421.5 428.200012207031 435.200012207031 445.100006103516 454 460.899993896484 464.399993896484 472.799987792969 476.799987792969 477.200012207031 476.200012207031 473.5 470.200012207031 465.5 460.100006103516 455.200012207031 452.5 455.899993896484 461.399993896484 464.799987792969 477.799987792969 481.700012207031 467.299987792969 452.5 442.399993896484 435.399993896484 431.100006103516 432.299987792969 431.399993896484 428.600006103516 427 426.200012207031 423.5 421 419.399993896484 416.799987792969
386.799987792969 393.100006103516 402.399993896484 409.100006103516 409.600006103516 404.899993896484 399.899993896484 395.799987792969 393.799987792969 393.200012207031 395.899993896484 396 395.700012207031 402.299987792969 404.399993896484 405.799987792969 409 412.100006103516 415.600006103516 419.5 425.600006103516 432.700012207031 439.700012207031 446.5 455.399993896484 458.100006103516 466 469.299987792969 467.399993896484 465.600006103516 463.700012207031 460.299987792969 454.399993896484 448.100006103516 443.200012207031 442.899993896484 443.399993896484 442.600006103516 446.200012207031 457.399993896484 460.299987792969 455.5 446.899993896484 440 431 427.399993896484 424 422.700012207031 421.700012207031 421.399993896484 420.600006103516 420.5 417.899993896484 416.100006103516 416.5
377.200012207031 386.299987792969 395.5 401.5 402.5 400.399993896484 395.799987792969 391.899993896484 389 391 396.100006103516 396.399993896484 400.799987792969 402.700012207031 403.899993896484 406.100006103516 406.799987792969 410.700012207031 414.299987792969 417.600006103516 422.299987792969 427.600006103516 434 439.5 448.600006103516 452.100006103516 457.299987792969 459.899993896484 460.100006103516 457.600006103516 455.399993896484 450.5 444 436.100006103516 429.299987792969 426.700012207031 420.5 422.200012207031 425.5 434 437.399993896484 438.299987792969 436.600006103516 432.399993896484 427.100006103516 421.899993896484 416.600006103516 413.5 412.100006103516 413 414.399993896484 415.600006103516 415.299987792969 417.799987792969 416.700012207031
381.399993896484 387 395.299987792969 400 400.799987792969 399 393.200012207031 387.799987792969 391.399993896484 391.899993896484 400.5 404.600006103516 405 402.700012207031 402.5 401.100006103516 403.799987792969 407.5 411.799987792969 414.899993896484 418.799987792969 422.100006103516 426 431.5 436.700012207031 443.399993896484 448.899993896484 450.700012207031 452.399993896484 450.899993896484 446.899993896484 442.700012207031 434.299987792969 425.100006103516 417 407.700012207031 399.200012207031 399.5 404.700012207031 412.799987792969 418.399993896484 423.100006103516 424.100006103516 422 417.200012207031 412.899993896484 409.100006103516 407.700012207031 408.399993896484 407.799987792969 407.899993896484 411.100006103516 414.5 415 413.600006103516
385.600006103516 392.299987792969 395.200012207031 399.799987792969 401.100006103516 399.799987792969 394.799987792969 390.200012207031 390.100006103516 404.299987792969 414.700012207031 408.299987792969 403.299987792969 399.600006103516 398.299987792969 397.700012207031 399.899993896484 404.5 408.299987792969 409.700012207031 410.899993896484 412.299987792969 415.5 421 425.600006103516 435.100006103516 439.600006103516 443.200012207031 444.299987792969 441.700012207031 439.399993896484 435.299987792969 426.200012207031 415.100006103516 406.600006103516 397.399993896484 383.100006103516 379.399993896484 386.600006103516 394.200012207031 402.299987792969 407.899993896484 408.600006103516 410.200012207031 409 406.200012207031 402.700012207031 403.299987792969 402.5 401.600006103516 402.700012207031 408.799987792969 410.399993896484 411.799987792969 410.600006103516
389.700012207031 395.200012207031 398.399993896484 401.5 401.100006103516 401.399993896484 399.600006103516 395.399993896484 396.299987792969 408.600006103516 411.5 404.399993896484 397.399993896484 393.299987792969 392.799987792969 392.799987792969 395.299987792969 398.899993896484 401.299987792969 401.399993896484 401 400.200012207031 402.399993896484 407.799987792969 418.5 427.399993896484 433.5 435.200012207031 436.5 435.399993896484 432 428.100006103516 418.899993896484 407.600006103516 398.299987792969 388 375.600006103516 369.399993896484 374.200012207031 380.600006103516 386.600006103516 392.100006103516 399 400 400.200012207031 398.799987792969 396.200012207031 398 398.399993896484 397.200012207031 399.299987792969 404.299987792969 408.600006103516 407.5 407.399993896484
396 400.5 404.100006103516 404.299987792969 405.299987792969 405.5 404.600006103516 401.200012207031 400 402.299987792969 399.899993896484 393.600006103516 387.600006103516 384.799987792969 384.5 386.200012207031 388.299987792969 391.700012207031 391.700012207031 392.399993896484 389.100006103516 386.899993896484 388.899993896484 394.899993896484 407.100006103516 419.700012207031 426.899993896484 428.5 428.100006103516 430.200012207031 427.700012207031 420.899993896484 412.200012207031 401.299987792969 389.200012207031 377.299987792969 365.5 361 364.700012207031 367.799987792969 374.600006103516 382.700012207031 388.5 393.100006103516 393.299987792969 394.299987792969 393 392.299987792969 392.799987792969 394.299987792969 398.200012207031 402.600006103516 406.200012207031 404.899993896484 404.700012207031
404 405.700012207031 407.899993896484 407.700012207031 407.399993896484 407.799987792969 407.600006103516 403.200012207031 398.600006103516 391.899993896484 387.299987792969 378.299987792969 372.700012207031 370.899993896484 372.100006103516 376.700012207031 379.899993896484 383.100006103516 382.799987792969 382.899993896484 377.100006103516 370.100006103516 368.799987792969 373.799987792969 396.299987792969 415.299987792969 417.899993896484 420 420.600006103516 423.700012207031 423.799987792969 418.5 410.399993896484 397.200012207031 381.799987792969 365.600006103516 353.899993896484 348.399993896484 353.299987792969 358.899993896484 365.299987792969 374.100006103516 381.100006103516 387.100006103516 387.799987792969 391 391.399993896484 389.100006103516 389.200012207031 394.899993896484 397.299987792969 398.600006103516 401.200012207031 400.299987792969 395.799987792969
410.600006103516 410.299987792969 409.899993896484 409.299987792969 408.5 407.399993896484 408.5 407.799987792969 397.899993896484 383.600006103516 370.600006103516 358.799987792969 354.700012207031 358 361.5 368.700012207031 373.100006103516 376.299987792969 376.100006103516 376.399993896484 369.799987792969 361.399993896484 350.799987792969 343.100006103516 374.200012207031 398.600006103516 407.600006103516 411.899993896484 415.399993896484 418 418.200012207031 418 411.899993896484 398.799987792969 378.299987792969 356.5 341.899993896484 339.200012207031 341.899993896484 349.700012207031 358.600006103516 368 375.799987792969 381.700012207031 387.600006103516 391.600006103516 391.399993896484 388.200012207031 389.700012207031 395.600006103516 398 396 396.799987792969 395.100006103516 390.100006103516
418.100006103516 417.100006103516 411.299987792969 408.899993896484 405.799987792969 404.200012207031 406.100006103516 408.200012207031 397 376.600006103516 357 339.100006103516 338 346.200012207031 352.799987792969 361.399993896484 367.299987792969 371.600006103516 372.100006103516 374.200012207031 369.299987792969 359.5 347.399993896484 337.700012207031 359.100006103516 382.700012207031 394.600006103516 402.799987792969 410.100006103516 414.899993896484 419.100006103516 421.200012207031 418.200012207031 406.899993896484 380.5 346.100006103516 322.399993896484 323.5 334.799987792969 345.700012207031 356.5 364.5 374.799987792969 383.299987792969 389.299987792969 393.700012207031 396.700012207031 398.200012207031 397.799987792969 399.100006103516 399.200012207031 396.5 394.5 388.5 379.899993896484
420.600006103516 416 410.799987792969 405.700012207031 400.700012207031 397.200012207031 397.600006103516 399.200012207031 391.799987792969 370.299987792969 349 331.200012207031 328.100006103516 337.200012207031 345.5 355.899993896484 363.299987792969 369.399993896484 370.600006103516 374.200012207031 374 366.200012207031 357.600006103516 353 363 381 391.200012207031 398.899993896484 408 413.5 420.5 425.299987792969 423.399993896484 421.899993896484 390.299987792969 345.899993896484 321.200012207031 325.899993896484 336 346.700012207031 356.200012207031 366.899993896484 377.700012207031 388.100006103516 394.5 401.799987792969 406.299987792969 406.600006103516 405.799987792969 403.100006103516 400.899993896484 397.5 391.200012207031 380.600006103516 394.299987792969
413.200012207031 412.299987792969 406.600006103516 399.700012207031 393.399993896484 386.700012207031 386 388.899993896484 390.299987792969 365.200012207031 341.299987792969 328.100006103516 324.399993896484 330 341.700012207031 352.899993896484 361.700012207031 368.100006103516 370.5 374.899993896484 378.600006103516 376 364.299987792969 363 370.700012207031 386.799987792969 394.399993896484 400.299987792969 407 414 421.799987792969 425.700012207031 427.799987792969 426 403.399993896484 366.799987792969 344.600006103516 340.299987792969 343.600006103516 351.200012207031 359.700012207031 370.600006103516 380.700012207031 392.200012207031 400.5 408.600006103516 415.299987792969 417.100006103516 413.399993896484 407.200012207031 402.200012207031 397.299987792969 385.399993896484 394.899993896484 399.600006103516
405.600006103516 404.700012207031 402.100006103516 395.100006103516 386.100006103516 378.299987792969 375.399993896484 375.5 371.100006103516 354.600006103516 331 319 318.399993896484 327.399993896484 340.200012207031 354.5 363.399993896484 368.5 369.899993896484 370.399993896484 372 368.799987792969 -3.4e+38 361.399993896484 383.5 395 399.600006103516 402.399993896484 406.299987792969 410.899993896484 417.200012207031 424.899993896484 429.799987792969 424.100006103516 406.899993896484 383.399993896484 364.700012207031 355.5 355.600006103516 360.399993896484 367 373.899993896484 383.200012207031 394.5 404.899993896484 414.799987792969 425.299987792969 426.399993896484 418.100006103516 411 402.200012207031 389.600006103516 394.799987792969 384.799987792969 398.600006103516
401.100006103516 399.299987792969 394.5 389.5 383.5 376.799987792969 371.600006103516 368.5 360.799987792969 345.299987792969 326.299987792969 309.100006103516 311.799987792969 326.299987792969 342.5 359.200012207031 370.399993896484 371.799987792969 365.700012207031 359.700012207031 354.100006103516 341.899993896484 -3.4e+38 344.700012207031 388.100006103516 399.600006103516 401 402.399993896484 406.5 410.799987792969 415.600006103516 421.600006103516 424.700012207031 424.600006103516 411.799987792969 392.299987792969 375.600006103516 366.899993896484 363.799987792969 365.600006103516 369.700012207031 376 385.100006103516 396.100006103516 406.200012207031 418 429.799987792969 427.5 418.799987792969 410.399993896484 400.899993896484 390.600006103516 400.299987792969 389.100006103516 379.799987792969
395 394.100006103516 391.700012207031 387.299987792969 382.100006103516 376 370.100006103516 364.100006103516 354.600006103516 341.899993896484 326.899993896484 315.100006103516 316.600006103516 329.799987792969 348.100006103516 365.600006103516 378.100006103516 375.200012207031 363.799987792969 351.700012207031 338.5 321.799987792969 -3.4e+38 324.700012207031 364.899993896484 384.299987792969 391.899993896484 397.5 401.700012207031 405.700012207031 410.899993896484 415.200012207031 418.600006103516 420.899993896484 413.299987792969 395.899993896484 381.200012207031 372.700012207031 368.799987792969 367.899993896484 372.200012207031 376.700012207031 384.200012207031 392.399993896484 402.600006103516 413.5 418.5 417.299987792969 413 407.100006103516 401.399993896484 390 400.399993896484 386.799987792969 386.700012207031
392 390.5 388.700012207031 386.399993896484 382.200012207031 377.200012207031 371 364.299987792969 356.5 346.100006103516 335.600006103516 327.700012207031 329.399993896484 338.200012207031 352.299987792969 369.600006103516 384.799987792969 374.799987792969 355.5 339.799987792969 326 -3.4e+38 -3.4e+38 325.5 348 368.5 380.399993896484 389.700012207031 394.799987792969 399 401.799987792969 404.299987792969 407.200012207031 407.700012207031 401.799987792969 392.399993896484 381.700012207031 375 370.600006103516 369 370 374.600006103516 378.899993896484 386.200012207031 394 401.899993896484 405.700012207031 406.600006103516 403.799987792969 399.799987792969 397.200012207031 390 401.5 -3.4e+38 -3.4e+38
390.200012207031 390.299987792969 386.899993896484 385.100006103516 381 376.200012207031 371.399993896484 367.299987792969 361.200012207031 355.100006103516 346 339.899993896484 339 345.399993896484 355.700012207031 365.600006103516 369.5 359.200012207031 342.700012207031 327.799987792969 318.100006103516 -3.4e+38 -3.4e+38 326.100006103516 341.600006103516 356.899993896484 370.299987792969 379.299987792969 386 389.399993896484 392.100006103516 393.700012207031 394.299987792969 393.200012207031 389.299987792969 383.700012207031 377.299987792969 371.399993896484 367.899993896484 366.100006103516 366.200012207031 370.600006103516 373.299987792969 376 383.299987792969 388.399993896484 391.399993896484 395.700012207031 392.200012207031 391.700012207031 388.399993896484 386 -3.4e+38 -3.4e+38 -3.4e+38
387.200012207031 387.399993896484 385.5 383 379.200012207031 375.399993896484 371.299987792969 366.200012207031 363.100006103516 361.899993896484 352.899993896484 346.299987792969 344.600006103516 346.799987792969 352.100006103516 356 354.799987792969 343.200012207031 327 315.600006103516 312.299987792969 311.399993896484 313.899993896484 323.299987792969 337 351.200012207031 362.200012207031 370.5 376 379 380.399993896484 381.100006103516 380 378.399993896484 375.399993896484 372.200012207031 367.899993896484 364.200012207031 361.899993896484 360.200012207031 359.299987792969 362.399993896484 364.399993896484 368.100006103516 372.200012207031 376.100006103516 379.5 379.5 382.100006103516 382.5 379.100006103516 383.799987792969 -3.4e+38 -3.4e+38 -3.4e+38
