data/layers/future_layer_can_126_60/bio19.asc
NCOLS 494 
NROWS 529 
XLLCORNER -117.166666666667 
YLLCORNER -55.5 
CELLSIZE 0.166666666666667 
NODATA_value -3.4e+38 
[rows 0 to 23 of 529, columns 165 to 219 of 494]
418.5 418.100006103516 416 415.399993896484 416.399993896484 416.399993896484 416.100006103516 415.600006103516 414.200012207031 411.700012207031 406.899993896484 404.799987792969 406.899993896484 409.299987792969 410.700012207031 409 406.5 402.399993896484 403.700012207031 406.700012207031 407.5 414.100006103516 418.399993896484 417.100006103516 414.299987792969 410.899993896484 399.799987792969 385.100006103516 377.799987792969 373.299987792969 368.899993896484 362.799987792969 354.899993896484 353.799987792969 358 354.899993896484 352.600006103516 354 353.5 347.399993896484 338.5 330.799987792969 321.299987792969 313.299987792969 310.700012207031 311 308.600006103516 307.899993896484 306 298.5 290.399993896484 287.299987792969 286 283.399993896484 279.399993896484
425 424.5 420.600006103516 417.600006103516 416.600006103516 419.100006103516 426.600006103516 427.5 425 418.799987792969 413.700012207031 410.700012207031 407.399993896484 408.100006103516 407.799987792969 401.600006103516 396.600006103516 395.399993896484 394.100006103516 396.299987792969 397.600006103516 401.899993896484 403.700012207031 404.600006103516 400.899993896484 396.200012207031 388.200012207031 376.799987792969 369.299987792969 367.899993896484 368.799987792969 364.200012207031 355.299987792969 351.399993896484 352.899993896484 352.5 350.899993896484 351.600006103516 347.100006103516 341.600006103516 334.700012207031 325.799987792969 319.299987792969 313.600006103516 312.299987792969 310.700012207031 306.100006103516 302.700012207031 296.399993896484 288.700012207031 282.399993896484 277.799987792969 274.799987792969 271.700012207031 270.200012207031
428.200012207031 428.200012207031 424.100006103516 418.799987792969 418.200012207031 424.899993896484 438.100006103516 441.899993896484 435.100006103516 426.600006103516 419.100006103516 414.5 411.299987792969 413.299987792969 410.5 402 400.5 397 396 392.5 391.200012207031 391.5 392.899993896484 394.100006103516 393.200012207031 388.399993896484 381.5 373 367 367.399993896484 369.399993896484 366.899993896484 361.200012207031 352.299987792969 349.299987792969 348.600006103516 349 347.899993896484 341.200012207031 335.5 329.399993896484 321.200012207031 315.700012207031 314.5 311.100006103516 308.299987792969 302.799987792969 295 286.200012207031 278.299987792969 271.600006103516 266.399993896484 265.899993896484 263.799987792969 -3.4e+38
431.200012207031 426.799987792969 423.600006103516 420.600006103516 423.299987792969 429.600006103516 444.700012207031 451.700012207031 439.700012207031 432.299987792969 424.899993896484 417.299987792969 416.5 418.5 414.700012207031 408.700012207031 403.700012207031 402.5 400.600006103516 393.5 387.5 384.200012207031 385.100006103516 384.399993896484 385.5 382.399993896484 381.200012207031 375.5 368.899993896484 367.700012207031 369.700012207031 369.399993896484 367.200012207031 356.700012207031 347.700012207031 343.700012207031 343.5 339.600006103516 334.200012207031 330.299987792969 326.100006103516 319.100006103516 314.5 314 309.5 304.700012207031 296.899993896484 286.200012207031 278.700012207031 270.899993896484 262.600006103516 260 -3.4e+38 -3.4e+38 -3.4e+38
429.399993896484 424.899993896484 421.299987792969 419.5 422.899993896484 427.5 438.399993896484 443.399993896484 440.799987792969 436.600006103516 431.700012207031 423.399993896484 420 417.5 415.399993896484 410.100006103516 409.200012207031 410.5 408.700012207031 396 384.200012207031 378.399993896484 376.600006103516 379.299987792969 378.399993896484 380 381.700012207031 380.100006103516 377.700012207031 376.600006103516 376.200012207031 374 368.799987792969 360.100006103516 350.299987792969 345 340.799987792969 335.700012207031 329.299987792969 326.5 324 319.5 316.399993896484 314.399993896484 308.600006103516 300.799987792969 295.5 284.600006103516 275.700012207031 271.200012207031 265.5 261.200012207031 -3.4e+38 -3.4e+38 -3.4e+38
428.700012207031 420.700012207031 415.200012207031 411.700012207031 415.399993896484 419.700012207031 427.100006103516 437.700012207031 439.299987792969 440.700012207031 440.700012207031 437.100006103516 426.700012207031 418.399993896484 414.399993896484 414.399993896484 416 416.299987792969 410.700012207031 400.299987792969 388.399993896484 374.399993896484 370.899993896484 378.200012207031 380.299987792969 384.299987792969 387.600006103516 387.5 388.899993896484 388.799987792969 384.100006103516 378.5 371.299987792969 363.799987792969 354.299987792969 347.700012207031 342.700012207031 332.600006103516 324.100006103516 323.799987792969 327.100006103516 326.5 322.299987792969 317.600006103516 310.899993896484 303.799987792969 295.600006103516 286.100006103516 278.700012207031 274.200012207031 269.700012207031 -3.4e+38 -3.4e+38 -3.4e+38 -3.4e+38
433.200012207031 425.899993896484 415.5 411.799987792969 414.600006103516 417.799987792969 424.5 434.899993896484 439.299987792969 441.5 442.299987792969 440.899993896484 427.600006103516 419.799987792969 418.600006103516 424 426.700012207031 419 414.899993896484 406.399993896484 393.200012207031 372.399993896484 368.399993896484 377.899993896484 381.700012207031 388.100006103516 397.799987792969 401.399993896484 403.5 398.299987792969 388.799987792969 381.399993896484 373.899993896484 366.200012207031 358.899993896484 351.899993896484 343 332 323.200012207031 324.799987792969 332.100006103516 331.600006103516 326 320.5 311.799987792969 302.899993896484 296.299987792969 288.299987792969 282.700012207031 278.200012207031 275.899993896484 -3.4e+38 -3.4e+38 -3.4e+38 -3.4e+38
436.899993896484 430.399993896484 425.399993896484 421.899993896484 420.299987792969 420.399993896484 421.200012207031 428.399993896484 432.399993896484 434.200012207031 436.399993896484 433 425.600006103516 422.899993896484 423.200012207031 430.100006103516 431.799987792969 424.5 416.399993896484 405.700012207031 388.5 364.700012207031 363.5 371.100006103516 377.700012207031 388.600006103516 404.799987792969 412.899993896484 418.700012207031 403.200012207031 391.299987792969 382.200012207031 374.100006103516 369.200012207031 363.100006103516 354.299987792969 344.399993896484 330.799987792969 318.799987792969 319.299987792969 329.899993896484 331.100006103516 326.600006103516 319 309.299987792969 299.200012207031 293.299987792969 286.5 282.200012207031 281.399993896484 -3.4e+38 -3.4e+38 -3.4e+38 -3.4e+38 -3.4e+38
440.100006103516 435.200012207031 431.899993896484 427.100006103516 425.100006103516 420 417.600006103516 418 421.299987792969 425.299987792969 427.5 427.600006103516 424.299987792969 422.299987792969 422 423.100006103516 424.299987792969 417.200012207031 412.600006103516 404.5 387.700012207031 369.600006103516 363.399993896484 365.200012207031 369.600006103516 382.399993896484 399.600006103516 407.5 409.200012207031 396.299987792969 387.5 381 375.200012207031 370.5 363.200012207031 355 337.299987792969 318.600006103516 303.600006103516 306.5 318.700012207031 324.799987792969 323.700012207031 315.5 303.200012207031 295.299987792969 291.899993896484 285.299987792969 279.899993896484 278.299987792969 -3.4e+38 -3.4e+38 -3.4e+38 -3.4e+38 -3.4e+38
437.5 435.200012207031 434.299987792969 429.5 424.399993896484 418.100006103516 415.100006103516 413.200012207031 416.100006103516 417.600006103516 419.799987792969 421.899993896484 420.899993896484 417.200012207031 415 411.299987792969 410 405.200012207031 402.200012207031 395.299987792969 385.799987792969 376.299987792969 369.600006103516 369.700012207031 371.399993896484 379.600006103516 387.5 390.899993896484 388 382.5 377.799987792969 373.399993896484 369.899993896484 368 362.899993896484 351.399993896484 332.100006103516 307 283.399993896484 288.5 311.100006103516 325.399993896484 320.600006103516 310.299987792969 299.100006103516 290.700012207031 285.299987792969 280.399993896484 275.399993896484 -3.4e+38 -3.4e+38 -3.4e+38 -3.4e+38 -3.4e+38 -3.4e+38
430.600006103516 431 431.600006103516 431.100006103516 425.200012207031 418.200012207031 414.5 409.899993896484 408.399993896484 409 411.200012207031 413.100006103516 411.299987792969 406.5 404.200012207031 401.600006103516 395.200012207031 393.799987792969 392.100006103516 392.700012207031 389.200012207031 382.200012207031 375.600006103516 371.899993896484 374 378.600006103516 378.5 376.200012207031 374.799987792969 372.399993896484 367.200012207031 366.799987792969 367.299987792969 363.100006103516 357.200012207031 347.899993896484 332.799987792969 306.100006103516 276.600006103516 282 308.399993896484 320.100006103516 315.899993896484 308.600006103516 295.600006103516 284.799987792969 278.100006103516 273.899993896484 270.399993896484 -3.4e+38 -3.4e+38 -3.4e+38 -3.4e+38 -3.4e+38 -3.4e+38
424.200012207031 425.5 431.899993896484 431.700012207031 425.299987792969 418.799987792969 410.399993896484 404.200012207031 399.200012207031 400.600006103516 402.100006103516 403.399993896484 399.600006103516 395.299987792969 390.799987792969 383.5 375 379.200012207031 383.399993896484 387 387.700012207031 386.100006103516 379.200012207031 375.200012207031 375.5 377 373.200012207031 368 363.299987792969 362.299987792969 362.5 365.899993896484 366 361.899993896484 356.700012207031 351.100006103516 340.600006103516 320.299987792969 303.399993896484 301.100006103516 311.899993896484 315.100006103516 312.100006103516 302.200012207031 289.600006103516 278.799987792969 272.799987792969 267.5 262.5 -3.4e+38 -3.4e+38 -3.4e+38 -3.4e+38 -3.4e+38 -3.4e+38
421.799987792969 426.700012207031 429.200012207031 425.200012207031 419.200012207031 413.200012207031 403.5 398 395.399993896484 -3.4e+38 -3.4e+38 395.899993896484 388.600006103516 381.100006103516 372.200012207031 361.5 360.799987792969 369.5 374.700012207031 375.700012207031 378.399993896484 381.299987792969 378.600006103516 374.799987792969 375.5 374.100006103516 369.100006103516 361.799987792969 358.799987792969 360.399993896484 362.299987792969 363.100006103516 362.700012207031 364.5 365.100006103516 356.700012207031 347.100006103516 336.600006103516 324.100006103516 322.299987792969 321.899993896484 314.799987792969 304.899993896484 295.399993896484 284.200012207031 276.799987792969 269.399993896484 258.5 254.300003051758 -3.4e+38 -3.4e+38 -3.4e+38 -3.4e+38 -3.4e+38 -3.4e+38
414.200012207031 419 415.799987792969 -3.4e+38 -3.4e+38 401 395 -3.4e+38 387.600006103516 -3.4e+38 -3.4e+38 384.399993896484 377.799987792969 365.100006103516 -3.4e+38 -3.4e+38 -3.4e+38 -3.4e+38 -3.4e+38 -3.4e+38 -3.4e+38 368.100006103516 371.700012207031 369.899993896484 370.100006103516 367.5 363 356.600006103516 354.399993896484 355.899993896484 356.700012207031 358 359.799987792969 362.700012207031 360.600006103516 351.200012207031 344.200012207031 340.600006103516 329.799987792969 325.799987792969 321 312 301.200012207031 290.799987792969 283.600006103516 275.399993896484 266 256.600006103516 253.100006103516 -3.4e+38 -3.4e+38 -3.4e+38 -3.4e+38 -3.4e+38 -3.4e+38
406.5 -3.4e+38 -3.4e+38 -3.4e+38 -3.4e+38 -3.4e+38 -3.4e+38 -3.4e+38 -3.4e+38 -3.4e+38 -3.4e+38 -3.4e+38 -3.4e+38 -3.4e+38 -3.4e+38 -3.4e+38 -3.4e+38 -3.4e+38 -3.4e+38 -3.4e+38 -3.4e+38 -3.4e+38 -3.4e+38 362 365.200012207031 367.200012207031 368.100006103516 361.399993896484 353.100006103516 350.5 349.799987792969 351.5 352.399993896484 351.799987792969 346.700012207031 337.899993896484 333.100006103516 328.899993896484 324.299987792969 320.899993896484 312.700012207031 305.700012207031 294 287.100006103516 281.299987792969 274.600006103516 265.399993896484 257.299987792969 253.100006103516 -3.4e+38 -3.4e+38 -3.4e+38 -3.4e+38 -3.4e+38 -3.4e+38
-3.4e+38 -3.4e+38 -3.4e+38 -3.4e+38 -3.4e+38 -3.4e+38 -3.4e+38 -3.4e+38 -3.4e+38 -3.4e+38 -3.4e+38 -3.4e+38 -3.4e+38 -3.4e+38 -3.4e+38 -3.4e+38 -3.4e+38 -3.4e+38 -3.4e+38 -3.4e+38 -3.4e+38 -3.4e+38 -3.4e+38 -3.4e+38 -3.4e+38 362.299987792969 370.399993896484 363 351.700012207031 344.5 342.899993896484 340.700012207031 -3.4e+38 -3.4e+38 -3.4e+38 325.100006103516 322.5 322.299987792969 318.200012207031 314.399993896484 306.399993896484 300.899993896484 291.600006103516 281.700012207031 278.299987792969 270.600006103516 262.5 254.5 249.399993896484 251.399993896484 -3.4e+38 -3.4e+38 -3.4e+38 -3.4e+38 -3.4e+38
-3.4e+38 387.200012207031 -3.4e+38 -3.4e+38 -3.4e+38 -3.4e+38 -3.4e+38 -3.4e+38 -3.4e+38 -3.4e+38 -3.4e+38 -3.4e+38 -3.4e+38 -3.4e+38 -3.4e+38 -3.4e+38 -3.4e+38 -3.4e+38 -3.4e+38 -3.4e+38 -3.4e+38 -3.4e+38 -3.4e+38 -3.4e+38 -3.4e+38 -3.4e+38 349.100006103516 346.700012207031 339.100006103516 333 -3.4e+38 -3.4e+38 -3.4e+38 -3.4e+38 -3.4e+38 -3.4e+38 312.5 313 309.100006103516 303.299987792969 301.100006103516 294.899993896484 286.299987792969 279.200012207031 275 266.700012207031 258.899993896484 247.899993896484 242.5 247.100006103516 -3.4e+38 -3.4e+38 -3.4e+38 -3.4e+38 -3.4e+38
379.100006103516 -3.4e+38 -3.4e+38 -3.4e+38 -3.4e+38 -3.4e+38 -3.4e+38 -3.4e+38 -3.4e+38 -3.4e+38 -3.4e+38 -3.4e+38 -3.4e+38 -3.4e+38 -3.4e+38 -3.4e+38 -3.4e+38 -3.4e+38 -3.4e+38 -3.4e+38 -3.4e+38 -3.4e+38 -3.4e+38 -3.4e+38 -3.4e+38 -3.4e+38 329.200012207031 -3.4e+38 -3.4e+38 -3.4e+38 -3.4e+38 -3.4e+38 -3.4e+38 -3.4e+38 -3.4e+38 -3.4e+38 -3.4e+38 307.200012207031 307.299987792969 301.700012207031 300.200012207031 293.700012207031 288 277.200012207031 270.899993896484 259.899993896484 252.100006103516 241.199996948242 235 240.800003051758 -3.4e+38 -3.4e+38 -3.4e+38 -3.4e+38 -3.4e+38
-3.4e+38 -3.4e+38 -3.4e+38 -3.4e+38 -3.4e+38 -3.4e+38 -3.4e+38 -3.4e+38 -3.4e+38 -3.4e+38 -3.4e+38 -3.4e+38 -3.4e+38 -3.4e+38 -3.4e+38 -3.4e+38 -3.4e+38 -3.4e+38 -3.4e+38 -3.4e+38 -3.4e+38 -3.4e+38 -3.4e+38 -3.4e+38 -3.4e+38 -3.4e+38 -3.4e+38 -3.4e+38 -3.4e+38 -3.4e+38 -3.4e+38 -3.4e+38 -3.4e+38 -3.4e+38 -3.4e+38 -3.4e+38 -3.4e+38 -3.4e+38 304.200012207031 304.100006103516 303.700012207031 299.100006103516 290.600006103516 276.799987792969 264.700012207031 254.800003051758 246.699996948242 239.899993896484 238.100006103516 240.399993896484 241.699996948242 -3.4e+38 -3.4e+38 -3.4e+38 -3.4e+38
-3.4e+38 -3.4e+38 -3.4e+38 -3.4e+38 -3.4e+38 -3.4e+38 -3.4e+38 -3.4e+38 -3.4e+38 -3.4e+38 -3.4e+38 -3.4e+38 -3.4e+38 -3.4e+38 -3.4e+38 -3.4e+38 -3.4e+38 -3.4e+38 -3.4e+38 -3.4e+38 -3.4e+38 -3.4e+38 -3.4e+38 -3.4e+38 -3.4e+38 -3.4e+38 -3.4e+38 -3.4e+38 -3.4e+38 -3.4e+38 -3.4e+38 -3.4e+38 -3.4e+38 -3.4e+38 -3.4e+38 -3.4e+38 -3.4e+38 -3.4e+38 -3.4e+38 298.299987792969 302.5 298.100006103516 287.399993896484 272.600006103516 260.799987792969 251.199996948242 243.699996948242 239.600006103516 239.800003051758 241.600006103516 239.699996948242 -3.4e+38 -3.4e+38 -3.4e+38 -3.4e+38
-3.4e+38 349.299987792969 348.200012207031 -3.4e+38 -3.4e+38 -3.4e+38 -3.4e+38 -3.4e+38 -3.4e+38 -3.4e+38 -3.4e+38 -3.4e+38 -3.4e+38 -3.4e+38 -3.4e+38 -3.4e+38 -3.4e+38 -3.4e+38 -3.4e+38 -3.4e+38 -3.4e+38 -3.4e+38 -3.4e+38 -3.4e+38 -3.4e+38 -3.4e+38 -3.4e+38 -3.4e+38 -3.4e+38 -3.4e+38 -3.4e+38 -3.4e+38 -3.4e+38 -3.4e+38 -3.4e+38 -3.4e+38 -3.4e+38 -3.4e+38 -3.4e+38 -3.4e+38 289.700012207031 284.899993896484 277.899993896484 266.200012207031 255.699996948242 246.199996948242 240.100006103516 238.899993896484 235 234.699996948242 231.5 -3.4e+38 -3.4e+38 -3.4e+38 -3.4e+38
-3.4e+38 -3.4e+38 -3.4e+38 -3.4e+38 -3.4e+38 -3.4e+38 -3.4e+38 -3.4e+38 -3.4e+38 -3.4e+38 -3.4e+38 -3.4e+38 -3.4e+38 -3.4e+38 -3.4e+38 -3.4e+38 -3.4e+38 -3.4e+38 -3.4e+38 -3.4e+38 -3.4e+38 -3.4e+38 -3.4e+38 -3.4e+38 -3.4e+38 -3.4e+38 -3.4e+38 -3.4e+38 -3.4e+38 -3.4e+38 -3.4e+38 -3.4e+38 -3.4e+38 -3.4e+38 -3.4e+38 -3.4e+38 -3.4e+38 -3.4e+38 -3.4e+38 -3.4e+38 -3.4e+38 -3.4e+38 265.799987792969 255 247.899993896484 239.800003051758 231.399993896484 230 226.699996948242 224.300003051758 222.699996948242 215.5 -3.4e+38 -3.4e+38 -3.4e+38
-3.4e+38 -3.4e+38 -3.4e+38 -3.4e+38 -3.4e+38 -3.4e+38 -3.4e+38 -3.4e+38 -3.4e+38 -3.4e+38 -3.4e+38 -3.4e+38 -3.4e+38 -3.4e+38 -3.4e+38 -3.4e+38 -3.4e+38 -3.4e+38 -3.4e+38 -3.4e+38 -3.4e+38 -3.4e+38 -3.4e+38 -3.4e+38 -3.4e+38 -3.4e+38 -3.4e+38 -3.4e+38 -3.4e+38 -3.4e+38 -3.4e+38 -3.4e+38 -3.4e+38 -3.4e+38 -3.4e+38 -3.4e+38 -3.4e+38 -3.4e+38 -3.4e+38 -3.4e+38 -3.4e+38 -3.4e+38 253.399993896484 245.199996948242 235 232.600006103516 227.899993896484 217.699996948242 216.5 214.600006103516 206 204.800003051758 205.800003051758 -3.4e+38 -3.4e+38
-3.4e+38 -3.4e+38 -3.4e+38 -3.4e+38 -3.4e+38 -3.4e+38 -3.4e+38 -3.4e+38 -3.4e+38 -3.4e+38 -3.4e+38 -3.4e+38 -3.4e+38 -3.4e+38 -3.4e+38 -3.4e+38 -3.4e+38 -3.4e+38 -3.4e+38 -3.4e+38 -3.4e+38 -3.4e+38 -3.4e+38 -3.4e+38 -3.4e+38 -3.4e+38 -3.4e+38 -3.4e+38 -3.4e+38 -3.4e+38 -3.4e+38 -3.4e+38 -3.4e+38 -3.4e+38 -3.4e+38 -3.4e+38 -3.4e+38 -3.4e+38 -3.4e+38 -3.4e+38 -3.4e+38 -3.4e+38 244.600006103516 238.899993896484 232.100006103516 226.600006103516 221.600006103516 213.399993896484 209.399993896484 201.300003051758 193.5 198 202.300003051758 -3.4e+38 -3.4e+38
