data/layers/future_layer_can_126_60/bio10.asc
NCOLS 494 
NROWS 529 
XLLCORNER -117.166666666667 
YLLCORNER -55.5 
CELLSIZE 0.166666666666667 
NODATA_value -3.4e+38 
[rows 0 to 23 of 529, columns 0 to 54 of 494]
-339999999999999996123846586046231871488.000000000000000 25.7999992370605 26.6000003814697 26.5 26.3999996185303 26.7999992370605 27.8999996185303 32.2000007629395 34.2000007629395 34.9000015258789 35.5999984741211 35.2000007629395 34.9000015258789 34.7000007629395 35.0999984741211 35.5 36 35.4000015258789 35.5999984741211 35.5 35.7999992370605 36.0999984741211 36.2999992370605 36.2000007629395 36.0999984741211 36 35.0999984741211 33.9000015258789 32.9000015258789 33.2999992370605 33.7000007629395 34.2000007629395 34.4000015258789 33.7000007629395 34.0999984741211 33.7999992370605 31.8999996185303 31 28.7999992370605 31.2000007629395 28.8999996185303 26.6000003814697 28.2999992370605 26.3999996185303 27.2000007629395 30.2999992370605 30.1000003814697 29 28.7000007629395 28.3999996185303 27.7999992370605 25.7999992370605 24.2000007629395 25.8999996185303 26.7000007629395
-3.4e+38 25.3999996185303 26.5 27.3999996185303 26.7999992370605 25.2999992370605 23.8999996185303 26.2000007629395 32.7999992370605 33.2999992370605 33.2000007629395 34.0999984741211 33.9000015258789 34.4000015258789 35.5 35.7999992370605 35.5999984741211 34.9000015258789 34.5999984741211 34.5999984741211 35.0999984741211 35.4000015258789 35.5 35.5999984741211 35.4000015258789 35 34.5999984741211 33.2000007629395 32.7999992370605 33.0999984741211 33.4000015258789 33.7000007629395 33.9000015258789 33.4000015258789 33.5 33.4000015258789 32.7999992370605 30.3999996185303 24.8999996185303 29.3999996185303 30.2999992370605 27.7999992370605 27.1000003814697 28.1000003814697 28.2000007629395 29.7000007629395 30.2999992370605 29.7000007629395 28 28.3999996185303 28.2999992370605 26.8999996185303 25.8999996185303 26.8999996185303 27.6000003814697
-3.4e+38 -3.4e+38 25.3999996185303 26.7999992370605 26.6000003814697 23.7000007629395 22.6000003814697 24.2999992370605 30.6000003814697 31.7000007629395 31.7999992370605 32.9000015258789 33.2999992370605 34.2000007629395 35.4000015258789 35.7000007629395 35.5999984741211 34.9000015258789 34.5999984741211 34.2999992370605 34.5 34.9000015258789 35.2000007629395 35.4000015258789 35.0999984741211 34.5 34.2999992370605 33.4000015258789 33.0999984741211 32.7000007629395 32.9000015258789 33.2999992370605 33.2000007629395 33.0999984741211 32.9000015258789 33 32.7000007629395 33.0999984741211 31.7000007629395 27.2999992370605 29.1000003814697 29 27.8999996185303 28.6000003814697 28.5 27.2000007629395 29.3999996185303 29.7000007629395 28.8999996185303 28.5 28.2999992370605 28.5 28 28 28.2999992370605
-3.4e+38 -3.4e+38 25.3999996185303 26.2000007629395 26.1000003814697 24.7999992370605 22.8999996185303 22 27.2000007629395 29.1000003814697 30.6000003814697 31.3999996185303 32.9000015258789 34 35.0999984741211 35.5 35.5 35.0999984741211 35 34.7999992370605 34.5999984741211 35.0999984741211 35.4000015258789 35.0999984741211 34.9000015258789 34.0999984741211 33.2000007629395 32.9000015258789 33.0999984741211 32.7000007629395 32.4000015258789 31.8999996185303 31.2999992370605 31.7999992370605 32 32 32.2000007629395 32.5999984741211 31.7000007629395 29 28.7999992370605 29.2999992370605 28 28.7000007629395 28.6000003814697 28 26.7999992370605 27.2000007629395 29 28.3999996185303 28 28.5 28.3999996185303 28.2000007629395 28.5
-3.4e+38 -3.4e+38 -3.4e+38 25.1000003814697 25 26 24.3999996185303 21.8999996185303 25.3999996185303 27.7999992370605 29.2000007629395 31.3999996185303 32.7999992370605 33.2000007629395 33.7999992370605 34.7000007629395 35.2000007629395 35.2000007629395 35.0999984741211 34.9000015258789 35 35 35.2000007629395 35.5 34.4000015258789 34 33.5999984741211 33.2000007629395 33.0999984741211 33 32.7000007629395 32.2000007629395 31.2000007629395 28.7999992370605 30.8999996185303 29.2999992370605 30.3999996185303 31.5 29.8999996185303 29.2999992370605 28.2000007629395 29.2999992370605 28.2000007629395 27.5 28.6000003814697 28 25.7000007629395 23 27.8999996185303 27.7999992370605 28.1000003814697 28.6000003814697 28.1000003814697 28.1000003814697 28.1000003814697
-3.4e+38 -3.4e+38 -3.4e+38 -3.4e+38 24.7999992370605 24.8999996185303 24.6000003814697 23.2000007629395 23.7999992370605 27.3999996185303 29.2000007629395 31.2000007629395 32.4000015258789 33.2999992370605 33.4000015258789 -3.4e+38 34.2999992370605 34.9000015258789 34.9000015258789 34.7000007629395 34.9000015258789 34.7000007629395 34.9000015258789 35.2999992370605 34.5 33.5 32.9000015258789 33.2999992370605 33.2000007629395 33.0999984741211 32.5999984741211 32.0999984741211 31.5 28.6000003814697 30.2999992370605 29.8999996185303 30.6000003814697 28.6000003814697 26.7999992370605 28 27.5 29.3999996185303 28.8999996185303 27.8999996185303 28.5 27.7999992370605 25.5 24.1000003814697 27.7000007629395 26.5 27.3999996185303 28.2999992370605 28.3999996185303 28.3999996185303 28.5
-3.4e+38 -3.4e+38 -3.4e+38 24.1000003814697 25.2999992370605 24.6000003814697 23.7999992370605 24.7000007629395 25 25.3999996185303 28.8999996185303 30.8999996185303 32.5999984741211 33.4000015258789 -3.4e+38 -3.4e+38 -3.4e+38 -3.4e+38 34.4000015258789 -3.4e+38 -3.4e+38 34.7000007629395 35.2000007629395 35.0999984741211 34.4000015258789 34.0999984741211 33.0999984741211 32.7999992370605 32.9000015258789 32.5999984741211 31.6000003814697 31.2999992370605 31.2999992370605 29.2999992370605 29.2000007629395 29.1000003814697 29.2000007629395 28.2999992370605 27.6000003814697 26.7999992370605 27.5 29.2000007629395 29.1000003814697 28.2999992370605 29 28.2000007629395 26.7999992370605 27.7000007629395 26.8999996185303 26.5 25.6000003814697 27.7000007629395 27.7999992370605 28.6000003814697 28.8999996185303
-3.4e+38 -3.4e+38 -3.4e+38 -3.4e+38 24.5 25.2999992370605 25.1000003814697 24.6000003814697 25.3999996185303 25.2000007629395 27.8999996185303 30.3999996185303 32.9000015258789 33.0999984741211 -3.4e+38 -3.4e+38 -3.4e+38 -3.4e+38 -3.4e+38 -3.4e+38 -3.4e+38 -3.4e+38 34.7999992370605 34.7999992370605 34.5 34.4000015258789 33.9000015258789 32.7999992370605 32 32 31.5 31.2000007629395 31 30.2000007629395 29.2000007629395 28.5 28.1000003814697 28.8999996185303 27 26.7999992370605 25.6000003814697 27.2000007629395 28.8999996185303 27.5 28.8999996185303 28.7999992370605 28.1000003814697 28.7999992370605 27.2999992370605 26.5 26.3999996185303 28 27.7999992370605 28.3999996185303 29
-3.4e+38 -3.4e+38 -3.4e+38 -3.4e+38 -3.4e+38 24.2999992370605 25.2999992370605 25.2999992370605 24.8999996185303 24.7999992370605 29 30.8999996185303 31.7000007629395 -3.4e+38 -3.4e+38 -3.4e+38 -3.4e+38 -3.4e+38 -3.4e+38 -3.4e+38 -3.4e+38 -3.4e+38 -3.4e+38 -3.4e+38 34.2999992370605 34.5 34.4000015258789 33.2000007629395 32.5 32.0999984741211 32.0999984741211 30.7999992370605 31.2000007629395 30.7999992370605 30 29.6000003814697 27.8999996185303 28 27.7999992370605 27.2000007629395 27.2999992370605 28.3999996185303 28.1000003814697 27.8999996185303 28.2999992370605 28.7999992370605 28.2999992370605 29.3999996185303 27.7999992370605 26.2999992370605 24.8999996185303 27.8999996185303 28 28.2999992370605 29
-3.4e+38 -3.4e+38 -3.4e+38 -3.4e+38 -3.4e+38 23.2999992370605 24.6000003814697 25.3999996185303 25.3999996185303 22.2000007629395 24.7000007629395 30.7999992370605 31.2999992370605 -3.4e+38 -3.4e+38 -3.4e+38 -3.4e+38 -3.4e+38 -3.4e+38 -3.4e+38 -3.4e+38 -3.4e+38 -3.4e+38 -3.4e+38 -3.4e+38 34.7000007629395 34.5999984741211 33.7000007629395 33 32.7999992370605 32.5 32.2999992370605 31.3999996185303 30.1000003814697 30.7999992370605 29.8999996185303 27.7000007629395 28 26.8999996185303 27.7000007629395 27 27.7999992370605 27.7000007629395 27 28.2000007629395 29 29.3999996185303 30 26.7000007629395 24.5 26.2999992370605 27.5 28.2000007629395 28.3999996185303 28.7000007629395
-3.4e+38 -3.4e+38 -3.4e+38 -3.4e+38 -3.4e+38 -3.4e+38 24.1000003814697 25.1000003814697 25.6000003814697 22.5 20.1000003814697 28.2999992370605 31.1000003814697 31.8999996185303 -3.4e+38 -3.4e+38 -3.4e+38 -3.4e+38 -3.4e+38 -3.4e+38 -3.4e+38 -3.4e+38 -3.4e+38 -3.4e+38 -3.4e+38 34.5999984741211 34.5999984741211 34.2999992370605 33.7999992370605 32.5999984741211 32.2999992370605 32.5 32.2000007629395 31.8999996185303 31.6000003814697 30.8999996185303 29.7000007629395 29.1000003814697 27.6000003814697 28.2000007629395 27 27.2999992370605 27.5 25.3999996185303 28.1000003814697 29.1000003814697 28.7000007629395 30.2999992370605 26.7999992370605 26.2000007629395 27.7000007629395 27.8999996185303 28.1000003814697 28.2000007629395 28.2000007629395
-3.4e+38 -3.4e+38 -3.4e+38 -3.4e+38 -3.4e+38 -3.4e+38 -3.4e+38 24 25.7000007629395 25.6000003814697 22.7999992370605 25.5 31.1000003814697 31.8999996185303 32.7999992370605 -3.4e+38 -3.4e+38 -3.4e+38 -3.4e+38 -3.4e+38 -3.4e+38 -3.4e+38 -3.4e+38 -3.4e+38 -3.4e+38 34.4000015258789 34.4000015258789 34.0999984741211 34.0999984741211 34 33.5999984741211 33.2999992370605 32.9000015258789 32.2000007629395 31.8999996185303 31.1000003814697 30.7000007629395 30.2999992370605 28.8999996185303 27 27.3999996185303 27.8999996185303 28.2000007629395 28.2000007629395 27.7000007629395 28.7999992370605 29.2999992370605 29.2999992370605 29.2999992370605 26.5 26.8999996185303 27 27.5 27.3999996185303 27.7000007629395
-3.4e+38 -3.4e+38 -3.4e+38 -3.4e+38 -3.4e+38 -3.4e+38 -3.4e+38 23.2999992370605 24.8999996185303 26.1000003814697 25.8999996185303 25.5 29.3999996185303 30.5 32.0999984741211 -3.4e+38 -3.4e+38 -3.4e+38 -3.4e+38 -3.4e+38 -3.4e+38 -3.4e+38 -3.4e+38 -3.4e+38 -3.4e+38 33.7999992370605 34.5 33.7999992370605 33.9000015258789 33.9000015258789 33.5 33.0999984741211 33.0999984741211 32.7999992370605 32.2000007629395 31.7999992370605 31.3999996185303 30.7000007629395 28.7000007629395 28.3999996185303 27.2000007629395 28.7000007629395 28.7000007629395 29.2000007629395 27.1000003814697 27.7000007629395 30.2000007629395 27.2999992370605 26.7000007629395 28.5 26 23.7999992370605 25.5 26.5 27.3999996185303
-3.4e+38 -3.4e+38 -3.4e+38 -3.4e+38 -3.4e+38 -3.4e+38 -3.4e+38 -3.4e+38 24.2000007629395 25.7000007629395 26.7999992370605 26.7000007629395 27 30.2000007629395 31.6000003814697 -3.4e+38 -3.4e+38 -3.4e+38 -3.4e+38 -3.4e+38 -3.4e+38 -3.4e+38 -3.4e+38 -3.4e+38 -3.4e+38 -3.4e+38 34 34.0999984741211 33.0999984741211 33.2999992370605 33.0999984741211 32.4000015258789 32.7999992370605 32.4000015258789 32.2000007629395 31.8999996185303 31.5 30.2000007629395 29.6000003814697 29.1000003814697 27.2999992370605 28.8999996185303 29.7999992370605 29.2999992370605 28.6000003814697 27.7999992370605 30.6000003814697 28.7000007629395 25.8999996185303 29.1000003814697 26.7999992370605 23.6000003814697 23.1000003814697 24.3999996185303 26.5
-3.4e+38 -3.4e+38 -3.4e+38 -3.4e+38 -3.4e+38 -3.4e+38 -3.4e+38 -3.4e+38 23.2999992370605 25.2999992370605 26.8999996185303 27.3999996185303 27.5 28.2999992370605 30.5 -3.4e+38 -3.4e+38 -3.4e+38 -3.4e+38 -3.4e+38 -3.4e+38 -3.4e+38 -3.4e+38 -3.4e+38 -3.4e+38 -3.4e+38 -3.4e+38 32.7000007629395 32.2999992370605 32.2999992370605 32.2000007629395 31.7999992370605 30.8999996185303 30.7000007629395 30.7000007629395 31.1000003814697 30.8999996185303 30.2999992370605 29.7000007629395 29.2000007629395 28.1000003814697 30 27.8999996185303 28.8999996185303 30 27.6000003814697 30.2999992370605 29.7000007629395 27.1000003814697 28.5 25.7000007629395 22.7000007629395 22.6000003814697 23.7999992370605 25.7999992370605
-3.4e+38 -3.4e+38 -3.4e+38 -3.4e+38 -3.4e+38 -3.4e+38 -3.4e+38 -3.4e+38 -3.4e+38 25.1000003814697 26.3999996185303 27.2000007629395 27.7999992370605 28.2000007629395 29.3999996185303 -3.4e+38 -3.4e+38 -3.4e+38 -3.4e+38 -3.4e+38 -3.4e+38 -3.4e+38 -3.4e+38 -3.4e+38 -3.4e+38 -3.4e+38 -3.4e+38 32.2999992370605 31.7999992370605 31.7000007629395 31.2000007629395 31 30.1000003814697 29.3999996185303 29.5 30.5 30.7999992370605 30.7000007629395 29.8999996185303 28.6000003814697 28.3999996185303 30.8999996185303 28.8999996185303 30.1000003814697 30.8999996185303 27.7999992370605 30.5 30.7999992370605 27.3999996185303 25.2999992370605 24.8999996185303 24 22.7999992370605 22.7000007629395 24.2000007629395
-3.4e+38 -3.4e+38 -3.4e+38 -3.4e+38 -3.4e+38 -3.4e+38 -3.4e+38 -3.4e+38 -3.4e+38 25.1000003814697 26.5 26.8999996185303 27.5 27.8999996185303 27.8999996185303 29.2999992370605 -3.4e+38 -3.4e+38 -3.4e+38 -3.4e+38 -3.4e+38 -3.4e+38 -3.4e+38 -3.4e+38 -3.4e+38 -3.4e+38 -3.4e+38 33.0999984741211 32.2999992370605 31.5 31.1000003814697 30.2999992370605 29.7999992370605 29.3999996185303 29.7999992370605 30.2000007629395 30.5 31 29.7999992370605 30.5 28.7999992370605 31.2999992370605 28.7999992370605 29.6000003814697 31.6000003814697 29.2000007629395 30.1000003814697 30.6000003814697 28.3999996185303 25.5 23.7999992370605 24.2000007629395 21.5 21 23.2000007629395
-3.4e+38 -3.4e+38 -3.4e+38 -3.4e+38 -3.4e+38 -3.4e+38 -3.4e+38 -3.4e+38 -3.4e+38 24.3999996185303 26.2000007629395 26.8999996185303 27.2999992370605 27.7999992370605 27.7999992370605 28.1000003814697 -3.4e+38 -3.4e+38 -3.4e+38 -3.4e+38 -3.4e+38 -3.4e+38 -3.4e+38 -3.4e+38 -3.4e+38 -3.4e+38 -3.4e+38 -3.4e+38 32.7000007629395 32.2000007629395 31.8999996185303 30.5 29.8999996185303 30.2000007629395 29.8999996185303 30.1000003814697 30.8999996185303 31.7000007629395 31 31.1000003814697 29.6000003814697 30.1000003814697 30.6000003814697 29 30.3999996185303 32 29.8999996185303 31.2999992370605 29.5 27.8999996185303 23.2000007629395 23.1000003814697 21.6000003814697 20.8999996185303 22.2000007629395
-3.4e+38 -3.4e+38 -3.4e+38 -3.4e+38 -3.4e+38 -3.4e+38 -3.4e+38 -3.4e+38 -3.4e+38 -3.4e+38 -3.4e+38 -3.4e+38 26.7999992370605 27.2999992370605 27.5 27.5 28.5 30.2000007629395 -3.4e+38 -3.4e+38 -3.4e+38 -3.4e+38 -3.4e+38 -3.4e+38 -3.4e+38 -3.4e+38 -3.4e+38 -3.4e+38 -3.4e+38 32.5 32.2999992370605 32.2999992370605 31.7999992370605 31.5 31.2999992370605 31.2999992370605 31.5 32.5 32.4000015258789 32 32.0999984741211 29.8999996185303 31 29.7999992370605 30.6000003814697 32.5999984741211 30.8999996185303 30.6000003814697 30.1000003814697 29.1000003814697 27.1000003814697 23.3999996185303 21.1000003814697 21.7000007629395 21.1000003814697
-3.4e+38 -3.4e+38 -3.4e+38 -3.4e+38 -3.4e+38 -3.4e+38 -3.4e+38 -3.4e+38 -3.4e+38 -3.4e+38 -3.4e+38 -3.4e+38 -3.4e+38 26.2000007629395 27 27.2999992370605 27.7000007629395 28.8999996185303 28.3999996185303 30 -3.4e+38 -3.4e+38 -3.4e+38 -3.4e+38 -3.4e+38 -3.4e+38 -3.4e+38 -3.4e+38 -3.4e+38 32.0999984741211 31.7999992370605 32.2000007629395 32.5999984741211 32.7000007629395 32.4000015258789 32 31.3999996185303 32.7000007629395 33 32.4000015258789 33 31.2000007629395 30 30.7000007629395 31.6000003814697 32.2999992370605 29.5 31.5 30.7999992370605 30.2000007629395 27.8999996185303 24.5 23.2999992370605 22.1000003814697 21.2999992370605
-3.4e+38 -3.4e+38 -3.4e+38 -3.4e+38 -3.4e+38 -3.4e+38 -3.4e+38 -3.4e+38 -3.4e+38 -3.4e+38 -3.4e+38 -3.4e+38 -3.4e+38 -3.4e+38 -3.4e+38 26.7999992370605 27.2000007629395 27.7999992370605 27.5 28.6000003814697 29.7000007629395 -3.4e+38 -3.4e+38 -3.4e+38 -3.4e+38 -3.4e+38 -3.4e+38 -3.4e+38 -3.4e+38 -3.4e+38 31.5 32.2999992370605 32.7999992370605 33.0999984741211 33 33 32.9000015258789 33 33.7999992370605 33.0999984741211 32.7000007629395 31.6000003814697 30.2999992370605 29.7000007629395 32.5999984741211 32.0999984741211 30.5 31.6000003814697 29.6000003814697 28.8999996185303 26.3999996185303 25.8999996185303 22.7000007629395 21.6000003814697 21.2999992370605
-3.4e+38 -3.4e+38 -3.4e+38 -3.4e+38 -3.4e+38 -3.4e+38 -3.4e+38 -3.4e+38 -3.4e+38 -3.4e+38 -3.4e+38 -3.4e+38 -3.4e+38 -3.4e+38 -3.4e+38 -3.4e+38 26.3999996185303 27.2999992370605 27.7000007629395 28.1000003814697 28.8999996185303 -3.4e+38 -3.4e+38 -3.4e+38 -3.4e+38 -3.4e+38 -3.4e+38 -3.4e+38 31.7000007629395 -3.4e+38 31.6000003814697 32.5999984741211 32.7999992370605 33.4000015258789 33.5 33.5999984741211 33.7999992370605 33.7000007629395 33.5999984741211 32.7000007629395 32.5999984741211 30.5 30.5 29.7000007629395 31 30.7000007629395 32.2000007629395 32.5 28.8999996185303 26.8999996185303 27.7000007629395 25.7000007629395 23.2000007629395 23.2000007629395 21.7999992370605
-3.4e+38 -3.4e+38 -3.4e+38 -3.4e+38 -3.4e+38 -3.4e+38 -3.4e+38 -3.4e+38 -3.4e+38 -3.4e+38 -3.4e+38 -3.4e+38 -3.4e+38 -3.4e+38 -3.4e+38 -3.4e+38 -3.4e+38 26.3999996185303 26.8999996185303 27.6000003814697 28.1000003814697 -3.4e+38 -3.4e+38 -3.4e+38 -3.4e+38 -3.4e+38 -3.4e+38 -3.4e+38 31.3999996185303 -3.4e+38 -3.4e+38 32.2000007629395 33 33.5999984741211 33.5999984741211 33.7000007629395 33.7000007629395 33.5999984741211 33.2999992370605 32.4000015258789 32.2000007629395 31.5 31 30.2000007629395 31.1000003814697 30.7000007629395 30.3999996185303 30.6000003814697 29.1000003814697 26.3999996185303 27.6000003814697 25.3999996185303 24.2999992370605 22 23
-3.4e+38 -3.4e+38 -3.4e+38 -3.4e+38 -3.4e+38 -3.4e+38 -3.4e+38 -3.4e+38 -3.4e+38 -3.4e+38 -3.4e+38 -3.4e+38 -3.4e+38 -3.4e+38 -3.4e+38 -3.4e+38 -3.4e+38 25.1000003814697 25.7999992370605 26.8999996185303 27.6000003814697 28.1000003814697 30.1000003814697 30.5 -3.4e+38 -3.4e+38 -3.4e+38 -3.4e+38 -3.4e+38 -3.4e+38 -3.4e+38 -3.4e+38 32.7000007629395 33 33.2999992370605 33.7000007629395 33.5999984741211 33.4000015258789 33.4000015258789 32.5999984741211 32.2000007629395 31.2999992370605 30.3999996185303 31.1000003814697 31.5 32.5 29.1000003814697 28.6000003814697 28.2000007629395 25.5 26.3999996185303 24.6000003814697 24 21.1000003814697 24
