data/layers/future_layer_can_126_60/bio18.asc
NCOLS 494 
NROWS 529 
XLLCORNER -117.166666666667 
YLLCORNER -55.5 
CELLSIZE 0.166666666666667 
NODATA_value -3.4e+38 
[rows 225 to 249 of 529, columns 220 to 274 of 494]
96.3000030517578 131.399993896484 301.299987792969 56.7999992370605 55.9000015258789 95.4000015258789 134.100006103516 163.5 167.5 224.399993896484 239.899993896484 284 323.600006103516 354.299987792969 363.899993896484 375 384 394.299987792969 402.399993896484 415.899993896484 429.299987792969 443.100006103516 454.299987792969 460 462.200012207031 465.600006103516 528.799987792969 525.900024414062 521.099975585938 519.799987792969 518.5 521.200012207031 522.900024414062 525.299987792969 527.299987792969 524.599975585938 517.599975585938 509.700012207031 502.299987792969 499.100006103516 498.600006103516 501.600006103516 502.399993896484 505.700012207031 510.899993896484 516.200012207031 519.099975585938 516.200012207031 509.899993896484 502.299987792969 493.100006103516 484.100006103516 473.299987792969 463.899993896484 454.799987792969
84.8000030517578 114.5 172.399993896484 370.700012207031 73 103.199996948242 135.699996948242 176.600006103516 168.899993896484 212.600006103516 246.699996948242 267.100006103516 321.600006103516 341.799987792969 346.399993896484 355.200012207031 345.399993896484 373.899993896484 390.600006103516 407.899993896484 422.899993896484 436.399993896484 448.600006103516 456.600006103516 460.399993896484 463.399993896484 467.100006103516 520.299987792969 516.799987792969 516.099975585938 519.400024414062 522.700012207031 524 524.700012207031 523.400024414062 519.099975585938 512.299987792969 504.600006103516 500 498.799987792969 502.600006103516 507.700012207031 509.299987792969 512.799987792969 519.700012207031 527.599975585938 531.799987792969 525.400024414062 519.099975585938 512.200012207031 503.399993896484 494.100006103516 484.299987792969 476.399993896484 468.399993896484
85.9000015258789 108.099998474121 141.100006103516 193.5 299.899993896484 89.0999984741211 147.600006103516 177.699996948242 206.699996948242 208.800003051758 234.5 261.399993896484 304.399993896484 324.299987792969 306.700012207031 311.899993896484 317.200012207031 339.799987792969 359.600006103516 385.700012207031 410.399993896484 427.600006103516 439 449.200012207031 455.799987792969 460.299987792969 465.700012207031 469.799987792969 512.099975585938 514.400024414062 518.799987792969 523.200012207031 524.599975585938 525.099975585938 522 515.700012207031 507 497.700012207031 493.200012207031 494.5 500.799987792969 506.299987792969 511.899993896484 517.5 524.799987792969 532.200012207031 537.400024414062 532.200012207031 526.900024414062 520 512 503.700012207031 495.899993896484 488.600006103516 480.700012207031
72.9000015258789 95.5 122.300003051758 174.800003051758 230.800003051758 137.199996948242 142.399993896484 190.5 174.100006103516 193.5 240.399993896484 232.800003051758 265.299987792969 264.299987792969 255.199996948242 272.799987792969 281.5 297.399993896484 320.399993896484 357.200012207031 377.700012207031 400.899993896484 429 440.5 448.700012207031 453.799987792969 459.5 466.100006103516 463.399993896484 510.100006103516 517.599975585938 524.200012207031 526.400024414062 527.400024414062 523.700012207031 512.799987792969 499.700012207031 487.899993896484 484.299987792969 488.299987792969 496.399993896484 504.5 511.700012207031 519.099975585938 527 534 537.5 536 533.200012207031 527.5 520.099975585938 513.799987792969 507.299987792969 501 494.799987792969
56.9000015258789 83.5999984741211 111.5 155 232.800003051758 336.899993896484 129.600006103516 192.5 197.699996948242 200.300003051758 203.5 216.800003051758 234.199996948242 272.799987792969 267 251.800003051758 256 277.799987792969 292.100006103516 314.100006103516 342.799987792969 364.5 401.799987792969 431.399993896484 439.5 443 445.399993896484 449.5 450.700012207031 448.899993896484 514.099975585938 523.099975585938 528.599975585938 531.799987792969 527.599975585938 514.099975585938 490.799987792969 473.799987792969 472.5 480.899993896484 491.5 502.399993896484 511.700012207031 520.299987792969 528.099975585938 534.5 538.900024414062 539.599975585938 538.5 534.799987792969 530.099975585938 524.5 518.700012207031 513.700012207031 507.899993896484
48.2999992370605 68 90.6999969482422 111.900001525879 180 118.900001525879 130.899993896484 173.5 170.100006103516 208.699996948242 162.699996948242 174.399993896484 183.300003051758 200.800003051758 271.399993896484 245.199996948242 257.5 256.600006103516 306.200012207031 335.399993896484 356.200012207031 345.5 384.799987792969 421.600006103516 430 429.899993896484 426.200012207031 427.200012207031 432.200012207031 435.899993896484 511.399993896484 522.400024414062 531.599975585938 536.400024414062 532.700012207031 514.5 481.100006103516 453.899993896484 462.299987792969 476.299987792969 490.200012207031 501.399993896484 512.599975585938 522 529.599975585938 536.400024414062 541.599975585938 543.299987792969 543.700012207031 541.900024414062 538.599975585938 534.799987792969 530.599975585938 526.099975585938 520.400024414062
42 54 71.6999969482422 101.599998474121 135 261.200012207031 132.5 124.199996948242 157.600006103516 171.699996948242 143.199996948242 185.800003051758 229.199996948242 170.300003051758 216.399993896484 238.5 283.600006103516 284.200012207031 259.600006103516 331.299987792969 344.899993896484 336.299987792969 336.100006103516 386.5 428.200012207031 430.5 417.5 413.399993896484 416.299987792969 425 429.899993896484 519.900024414062 531.799987792969 541.5 532.799987792969 511.100006103516 481.200012207031 458.899993896484 464.299987792969 477.600006103516 490.200012207031 502.5 514.299987792969 523.900024414062 531.799987792969 539.5 544.700012207031 546.900024414062 549.099975585938 549.400024414062 547.5 545.700012207031 542.099975585938 538 533.299987792969
36.4000015258789 47.5999984741211 56 83.0999984741211 127.5 245.100006103516 167.199996948242 174.899993896484 120.199996948242 145.399993896484 183.100006103516 141.600006103516 180 246.699996948242 258.5 235.199996948242 283 355.5 309.899993896484 296.899993896484 334.200012207031 321.5 313.200012207031 342 424.899993896484 452 437.799987792969 413.799987792969 409.700012207031 417.799987792969 502.899993896484 514.799987792969 525.799987792969 535.799987792969 525.599975585938 507.700012207031 487.299987792969 476.100006103516 475.399993896484 483.5 495.299987792969 506.899993896484 518.099975585938 527.400024414062 535.700012207031 543.5 549 551.599975585938 555.099975585938 556.200012207031 556 555.400024414062 553.299987792969 549.299987792969 545.200012207031
29.3999996185303 36.9000015258789 44.9000015258789 58.7999992370605 86 193.899993896484 353.200012207031 207.300003051758 145.800003051758 162.899993896484 247.100006103516 203.899993896484 168 206.399993896484 278.700012207031 241.699996948242 265.899993896484 280.899993896484 287.5 265.600006103516 272.899993896484 280.799987792969 299 322.399993896484 372.899993896484 474 459.899993896484 435.399993896484 414.700012207031 418.5 419.399993896484 504 510.399993896484 515.5 510.100006103516 499.600006103516 489 483.799987792969 485.100006103516 492.200012207031 502.100006103516 512.400024414062 523 531.599975585938 540.700012207031 547.799987792969 552.900024414062 557.099975585938 561 563.099975585938 564 565.200012207031 563.799987792969 560.299987792969 556.700012207031
-3.4e+38 27 35 42.7999992370605 65.5 138.300003051758 278.600006103516 154 178.699996948242 180.100006103516 262.299987792969 268.600006103516 239 185.199996948242 276.899993896484 277.899993896484 298.100006103516 228.600006103516 243 281.5 270.299987792969 270.5 276.299987792969 309.299987792969 310.700012207031 356.700012207031 402.200012207031 432.200012207031 428.600006103516 493.5 490 490.100006103516 491.299987792969 494.299987792969 493.299987792969 489.399993896484 486.399993896484 486.799987792969 491.100006103516 499.600006103516 509.700012207031 519.299987792969 528.599975585938 537 544.599975585938 551.799987792969 556.700012207031 561.099975585938 565.900024414062 568.900024414062 572 574.599975585938 573.599975585938 570.5 566.400024414062
-3.4e+38 -3.4e+38 22.7999992370605 27.2000007629395 41.4000015258789 88.5 119.099998474121 231.699996948242 315.899993896484 171.699996948242 276.799987792969 292.600006103516 277.100006103516 280.100006103516 213.899993896484 307 316.700012207031 253.600006103516 239 249 271.700012207031 268.399993896484 295.600006103516 283.5 268 299.200012207031 361.200012207031 377.700012207031 457.399993896484 408.200012207031 407.399993896484 470.799987792969 469.600006103516 473.399993896484 475.299987792969 477.899993896484 481 487.100006103516 495.299987792969 505.399993896484 515.900024414062 526.700012207031 535.900024414062 542.400024414062 548.599975585938 554.5 559.099975585938 564.299987792969 569.400024414062 574.400024414062 579.200012207031 583 582.599975585938 578.900024414062 573
-3.4e+38 -3.4e+38 -3.4e+38 -3.4e+38 27.8999996185303 53.2000007629395 105.5 179.800003051758 176.5 250.699996948242 278.399993896484 273.799987792969 303.399993896484 239.899993896484 188.800003051758 265.899993896484 318.5 244.399993896484 237.600006103516 247.199996948242 261.799987792969 282 296.5 276.399993896484 245.800003051758 263.5 326.200012207031 345.600006103516 372.600006103516 429.100006103516 444.899993896484 448.600006103516 447.799987792969 451.5 457.700012207031 465 473.600006103516 484.899993896484 498.799987792969 511.100006103516 523.200012207031 534.299987792969 542.200012207031 547.900024414062 552.299987792969 556.5 560.200012207031 564.700012207031 570.900024414062 576.599975585938 583.900024414062 589.5 590.799987792969 585.799987792969 575.799987792969
-3.4e+38 -3.4e+38 -3.4e+38 -3.4e+38 22.6000003814697 33 57.2000007629395 156.699996948242 345.5 217.699996948242 240.199996948242 294 345.600006103516 277.5 207.600006103516 246.300003051758 403.899993896484 297.700012207031 256.899993896484 257.299987792969 277.600006103516 303.200012207031 322.5 280.5 236.600006103516 249 324.899993896484 339.299987792969 361.100006103516 402.799987792969 422.5 429.299987792969 427.799987792969 430.700012207031 439.299987792969 451.100006103516 465 481.700012207031 499.700012207031 517.900024414062 531.5 543 549.700012207031 552.700012207031 555.400024414062 556.099975585938 557.700012207031 562.400024414062 569 576.099975585938 584.200012207031 591.799987792969 598.299987792969 590.599975585938 574.799987792969
-3.4e+38 -3.4e+38 -3.4e+38 -3.4e+38 -3.4e+38 19.5 49.5 109.800003051758 272.200012207031 155.300003051758 188.300003051758 216.600006103516 240.699996948242 347.899993896484 280.799987792969 206.600006103516 402.5 406.799987792969 322.600006103516 273.799987792969 328.5 345.799987792969 352.200012207031 324.700012207031 290.200012207031 293.100006103516 335.200012207031 356.399993896484 387.799987792969 410.299987792969 418.200012207031 416.299987792969 410.600006103516 414.299987792969 424.200012207031 442.5 456.700012207031 476.600006103516 496.899993896484 519.599975585938 536.599975585938 547.799987792969 551 550.200012207031 547.5 545.900024414062 545.799987792969 550.400024414062 558.200012207031 565.099975585938 572.599975585938 580.799987792969 590.700012207031 579.599975585938 558.099975585938
-3.4e+38 -3.4e+38 -3.4e+38 -3.4e+38 -3.4e+38 -3.4e+38 26.2000007629395 96.5999984741211 192.600006103516 253.399993896484 134.100006103516 156.800003051758 207.899993896484 229.699996948242 298.600006103516 214.300003051758 288.100006103516 429.5 265.600006103516 255.800003051758 352.700012207031 389.399993896484 411.799987792969 392.600006103516 373.399993896484 361.600006103516 368 371.299987792969 416.399993896484 426.5 426.299987792969 413.600006103516 394.700012207031 402.700012207031 414.100006103516 433.5 450.700012207031 469.600006103516 492.799987792969 517.900024414062 539 551.900024414062 548.5 540.599975585938 534.700012207031 526.599975585938 524.200012207031 528.599975585938 538.099975585938 546.599975585938 550.299987792969 554.5 554.900024414062 545.799987792969 530.700012207031
-3.4e+38 -3.4e+38 -3.4e+38 -3.4e+38 -3.4e+38 -3.4e+38 18.8999996185303 127.5 247.600006103516 242.300003051758 161.199996948242 155 229.5 205.199996948242 186.5 203.199996948242 208.199996948242 427.5 269.5 251.199996948242 296.200012207031 377.100006103516 480.5 450.299987792969 468 392.100006103516 408.799987792969 399.799987792969 456.799987792969 456.299987792969 446.100006103516 426.5 400 397.100006103516 409.700012207031 423.100006103516 441.799987792969 460.700012207031 484.799987792969 511.200012207031 539.400024414062 554.400024414062 541.299987792969 527.799987792969 516.799987792969 508.100006103516 501.899993896484 504.399993896484 512.299987792969 521.099975585938 526 525.299987792969 521.200012207031 510.700012207031 500.399993896484
-3.4e+38 -3.4e+38 -3.4e+38 -3.4e+38 -3.4e+38 -3.4e+38 -3.4e+38 38.7000007629395 133.100006103516 116.300003051758 199.899993896484 257 175 193.300003051758 197.199996948242 286.899993896484 223.399993896484 308.299987792969 375.399993896484 250.100006103516 279 346.600006103516 584.200012207031 510.200012207031 508 452.200012207031 445.200012207031 451.100006103516 448.799987792969 503.5 481.600006103516 456.399993896484 429.399993896484 414.600006103516 415.299987792969 420.600006103516 433.100006103516 449.100006103516 470.399993896484 495.200012207031 519.099975585938 530.299987792969 523.400024414062 512.400024414062 502.5 491.700012207031 479.799987792969 479.600006103516 490.299987792969 499.200012207031 502.399993896484 499.799987792969 492.799987792969 481.100006103516 472.200012207031
-3.4e+38 -3.4e+38 -3.4e+38 -3.4e+38 -3.4e+38 -3.4e+38 -3.4e+38 12.5 33.5999984741211 119.599998474121 226.5 242 113 235.300003051758 195.300003051758 276 264.600006103516 281.899993896484 420.600006103516 268.399993896484 261 316.100006103516 654 488.100006103516 485.700012207031 500.399993896484 488.700012207031 502.600006103516 485.100006103516 564.599975585938 531.599975585938 496.600006103516 462.200012207031 435.700012207031 422.700012207031 419 423.899993896484 436.899993896484 454.100006103516 474 490.700012207031 500.200012207031 500.899993896484 494.899993896484 487.700012207031 482.899993896484 474.600006103516 471.200012207031 481.700012207031 485.299987792969 485.899993896484 481.799987792969 474.100006103516 463.600006103516 454.399993896484
-3.4e+38 -3.4e+38 -3.4e+38 -3.4e+38 -3.4e+38 -3.4e+38 -3.4e+38 -3.4e+38 35.7000007629395 142.699996948242 179.800003051758 111 197.100006103516 341 386.200012207031 354.399993896484 406.700012207031 202.100006103516 416.100006103516 352.399993896484 264.899993896484 337.600006103516 543.5 454.799987792969 462.700012207031 516.5 500 461.399993896484 537 526.200012207031 593.5 544 497.200012207031 455.799987792969 428.700012207031 416.100006103516 413.600006103516 421.899993896484 435.600006103516 451.399993896484 465.100006103516 474.799987792969 478.5 477.399993896484 476.700012207031 478.100006103516 477.200012207031 475.399993896484 477.100006103516 476.399993896484 474.5 470.399993896484 465.399993896484 459.399993896484 459.100006103516
-3.4e+38 -3.4e+38 -3.4e+38 -3.4e+38 -3.4e+38 -3.4e+38 -3.4e+38 -3.4e+38 -3.4e+38 40.5999984741211 133.800003051758 91.6999969482422 155.5 295.100006103516 179.800003051758 407.600006103516 396.200012207031 210.699996948242 405.700012207031 373.200012207031 254.800003051758 283 467.600006103516 590.099975585938 470.100006103516 508 452.700012207031 473.799987792969 602.599975585938 725.400024414062 543.599975585938 600.900024414062 532.900024414062 475 432.399993896484 408.700012207031 403.100006103516 407.799987792969 419.100006103516 431.799987792969 442.399993896484 452.600006103516 458 461 466.299987792969 476.299987792969 483.399993896484 480.899993896484 475.299987792969 471.100006103516 467 463.700012207031 461.5 460.700012207031 464.700012207031
-3.4e+38 -3.4e+38 -3.4e+38 -3.4e+38 -3.4e+38 -3.4e+38 -3.4e+38 -3.4e+38 -3.4e+38 -3.4e+38 70.3000030517578 154.5 115.099998474121 228.5 87.9000015258789 258.700012207031 393.399993896484 212.600006103516 219.5 348.100006103516 247.5 260 326.700012207031 609.200012207031 632.200012207031 513.5 446.299987792969 418.200012207031 596.599975585938 646.299987792969 600.700012207031 668.400024414062 573.700012207031 492 436.299987792969 402.100006103516 392.100006103516 395.299987792969 403.799987792969 414.600006103516 424.899993896484 433.700012207031 439.5 445 452.799987792969 469.600006103516 485.799987792969 479.799987792969 469.700012207031 463.299987792969 459.700012207031 458.299987792969 458.799987792969 460.899993896484 467.399993896484
-3.4e+38 -3.4e+38 -3.4e+38 -3.4e+38 -3.4e+38 -3.4e+38 -3.4e+38 -3.4e+38 -3.4e+38 -3.4e+38 23.8999996185303 61.9000015258789 144.699996948242 122.099998474121 197.899993896484 335.700012207031 358.399993896484 301.799987792969 203 342.600006103516 375.799987792969 254.699996948242 279.5 464.5 742.200012207031 672.299987792969 409 436.299987792969 674.799987792969 724.700012207031 667.799987792969 589.599975585938 506.5 515.799987792969 446.399993896484 407.399993896484 388.399993896484 387.899993896484 394.700012207031 403 410.600006103516 417.600006103516 422.600006103516 426.700012207031 434.299987792969 448.5 460.700012207031 461.100006103516 455.899993896484 451.600006103516 450.299987792969 451.100006103516 454.399993896484 459.700012207031 467.799987792969
-3.4e+38 -3.4e+38 -3.4e+38 -3.4e+38 -3.4e+38 -3.4e+38 -3.4e+38 -3.4e+38 -3.4e+38 -3.4e+38 -3.4e+38 40.2999992370605 110.5 140.800003051758 87.9000015258789 151.300003051758 287.399993896484 170.899993896484 192.600006103516 222 349.299987792969 343.700012207031 261.299987792969 349 613.599975585938 647.700012207031 506.899993896484 558.299987792969 725.900024414062 816.799987792969 752.299987792969 656.5 557 466.600006103516 480.700012207031 429.399993896484 402.399993896484 390.799987792969 394.399993896484 398.399993896484 402.600006103516 405.399993896484 407.299987792969 408 411.100006103516 420.700012207031 429.399993896484 433.799987792969 436 437 439.399993896484 443.299987792969 448.600006103516 455.799987792969 465.399993896484
-3.4e+38 -3.4e+38 -3.4e+38 -3.4e+38 -3.4e+38 -3.4e+38 -3.4e+38 -3.4e+38 -3.4e+38 -3.4e+38 -3.4e+38 23.6000003814697 56.7000007629395 140.800003051758 183.699996948242 215.5 379.799987792969 302.299987792969 283.799987792969 217.100006103516 359.100006103516 254.5 260.200012207031 274.100006103516 426.600006103516 663.900024414062 572.5 467.700012207031 703.700012207031 925.700012207031 849.200012207031 732.400024414062 616.599975585938 512.299987792969 436.899993896484 472.299987792969 431.5 410.299987792969 401.600006103516 399.100006103516 397.799987792969 396.399993896484 394.5 391.100006103516 389.100006103516 394.299987792969 400 408.5 416 422.5 428.100006103516 434.600006103516 441.600006103516 449.5 459.700012207031
-3.4e+38 -3.4e+38 -3.4e+38 -3.4e+38 -3.4e+38 -3.4e+38 -3.4e+38 -3.4e+38 -3.4e+38 -3.4e+38 -3.4e+38 9.60000038146973 37.0999984741211 121.900001525879 215.100006103516 279.799987792969 354 441.899993896484 200.399993896484 213.600006103516 237.199996948242 360.200012207031 265.600006103516 252.199996948242 319.799987792969 628.299987792969 670.900024414062 397.700012207031 722.099975585938 1027.5 947.200012207031 798.599975585938 665 550.900024414062 470.200012207031 408.200012207031 465.100006103516 434.399993896484 415.299987792969 404.600006103516 396.399993896484 391.100006103516 385 377.700012207031 371.799987792969 372.5 376.399993896484 388.5 399.700012207031 408.399993896484 416.799987792969 425.100006103516 434 443.5 454.700012207031
