data/layers/future_layer_can_126_60/bio16.asc
NCOLS 494 
NROWS 529 
XLLCORNER -117.166666666667 
YLLCORNER -55.5 
CELLSIZE 0.166666666666667 
NODATA_value -3.4e+38 
[rows 456 to 479 of 529, columns 275 to 329 of 494]
269.799987792969 231.699996948242 185 154.399993896484 135.699996948242 116.599998474121 101.599998474121 95.5999984741211 81.5 78.0999984741211 78.5 71.5999984741211 75.5 76.3000030517578 67.8000030517578 69.3000030517578 73.0999984741211 74.6999969482422 74.5999984741211 75.5999984741211 74.1999969482422 74.4000015258789 76.3000030517578 72.8000030517578 72.8000030517578 71.6999969482422 71.8000030517578 68.0999984741211 65.9000015258789 64.6999969482422 63.0999984741211 63.2000007629395 64.9000015258789 64.3000030517578 62.2000007629395 63.4000015258789 63.9000015258789 -3.4e+38 -3.4e+38 -3.4e+38 -3.4e+38 -3.4e+38 -3.4e+38 -3.4e+38 -3.4e+38 -3.4e+38 -3.4e+38 -3.4e+38 -3.4e+38 -3.4e+38 -3.4e+38 -3.4e+38 -3.4e+38 -3.4e+38 -3.4e+38
259.5 223.399993896484 176.899993896484 152.600006103516 125 107.199996948242 91.9000015258789 81.4000015258789 74.8000030517578 71.5999984741211 70.5999984741211 71.0999984741211 67 75.5999984741211 78.8000030517578 73.4000015258789 69.5 72.1999969482422 76.0999984741211 74.8000030517578 70.8000030517578 66.5 77.3000030517578 78.8000030517578 69.8000030517578 67.3000030517578 65.8000030517578 65.6999969482422 65.5 65.0999984741211 67.9000015258789 72.9000015258789 65.9000015258789 62.4000015258789 61.5 61.9000015258789 -3.4e+38 -3.4e+38 -3.4e+38 -3.4e+38 -3.4e+38 -3.4e+38 -3.4e+38 -3.4e+38 -3.4e+38 -3.4e+38 -3.4e+38 -3.4e+38 -3.4e+38 -3.4e+38 -3.4e+38 -3.4e+38 -3.4e+38 -3.4e+38 -3.4e+38
257.899993896484 216.899993896484 176.100006103516 162.100006103516 120 99.9000015258789 86.0999984741211 79.5999984741211 73.1999969482422 72 68.0999984741211 66.8000030517578 66.5 68.9000015258789 78.4000015258789 77 75 68.0999984741211 68.3000030517578 71.0999984741211 70.6999969482422 69.9000015258789 81.9000015258789 84 73.9000015258789 66.5999984741211 65.4000015258789 64.1999969482422 64.5 66.4000015258789 64.3000030517578 64.9000015258789 62.9000015258789 62.7999992370605 63.5 64.9000015258789 -3.4e+38 -3.4e+38 -3.4e+38 -3.4e+38 -3.4e+38 -3.4e+38 -3.4e+38 -3.4e+38 -3.4e+38 -3.4e+38 -3.4e+38 -3.4e+38 -3.4e+38 -3.4e+38 -3.4e+38 -3.4e+38 -3.4e+38 -3.4e+38 -3.4e+38
251.399993896484 202.399993896484 158.199996948242 135.600006103516 101.599998474121 94.6999969482422 93.6999969482422 91 80.9000015258789 67 67.8000030517578 66.0999984741211 68.3000030517578 70.1999969482422 72 74.1999969482422 70.1999969482422 65.3000030517578 66.8000030517578 69 67.1999969482422 70.1999969482422 72.4000015258789 73.6999969482422 78 70.4000015258789 67.1999969482422 67.1999969482422 65.6999969482422 65.0999984741211 65.4000015258789 64.1999969482422 64.5 63.5999984741211 63.5 65.5 -3.4e+38 -3.4e+38 -3.4e+38 -3.4e+38 -3.4e+38 -3.4e+38 -3.4e+38 -3.4e+38 -3.4e+38 -3.4e+38 -3.4e+38 -3.4e+38 -3.4e+38 -3.4e+38 -3.4e+38 -3.4e+38 -3.4e+38 -3.4e+38 -3.4e+38
234.199996948242 184.300003051758 142 116.5 96.6999969482422 82.5999984741211 81.3000030517578 89.8000030517578 84.6999969482422 68.9000015258789 69.5999984741211 63.2999992370605 64.5999984741211 67 70.6999969482422 67.1999969482422 62.7999992370605 62.7999992370605 63.7999992370605 63.2999992370605 65.5999984741211 72.4000015258789 71.5 75.3000030517578 71.9000015258789 73.5999984741211 68.5 67.3000030517578 67.8000030517578 67.5 67.4000015258789 66.4000015258789 65.8000030517578 66.1999969482422 66.1999969482422 67 -3.4e+38 -3.4e+38 -3.4e+38 -3.4e+38 -3.4e+38 -3.4e+38 -3.4e+38 -3.4e+38 -3.4e+38 -3.4e+38 -3.4e+38 -3.4e+38 -3.4e+38 -3.4e+38 -3.4e+38 -3.4e+38 -3.4e+38 -3.4e+38 -3.4e+38
221.300003051758 178 151.5 125 95.0999984741211 84.5 72.9000015258789 70 62.0999984741211 62.9000015258789 64.6999969482422 61.7000007629395 63.4000015258789 66.1999969482422 65.5 67.0999984741211 63.5999984741211 60.2999992370605 64.8000030517578 64.5 63.5999984741211 66.5 72.5999984741211 79 74.0999984741211 67.0999984741211 66.4000015258789 69.0999984741211 67 67.5 68 68.5999984741211 69.5999984741211 69.5 68.1999969482422 70.5999984741211 -3.4e+38 -3.4e+38 -3.4e+38 -3.4e+38 -3.4e+38 -3.4e+38 -3.4e+38 -3.4e+38 -3.4e+38 -3.4e+38 -3.4e+38 -3.4e+38 -3.4e+38 -3.4e+38 -3.4e+38 -3.4e+38 -3.4e+38 -3.4e+38 -3.4e+38
220.699996948242 188.399993896484 155.399993896484 117.699996948242 99 86 71.9000015258789 66.3000030517578 62.5999984741211 60.2000007629395 64.9000015258789 63.7000007629395 59 63.4000015258789 64.5 61.4000015258789 62.0999984741211 60.5 65.8000030517578 70.5999984741211 72.3000030517578 73.5 82.4000015258789 84.3000030517578 70.0999984741211 67.0999984741211 69.4000015258789 67.5999984741211 66.0999984741211 68.0999984741211 68.4000015258789 70.9000015258789 72.3000030517578 73.3000030517578 72.5999984741211 74 -3.4e+38 -3.4e+38 -3.4e+38 -3.4e+38 -3.4e+38 -3.4e+38 -3.4e+38 -3.4e+38 -3.4e+38 -3.4e+38 -3.4e+38 -3.4e+38 -3.4e+38 -3.4e+38 -3.4e+38 -3.4e+38 -3.4e+38 -3.4e+38 -3.4e+38
219.399993896484 185.600006103516 150.399993896484 118.699996948242 101.199996948242 88.4000015258789 76.5999984741211 68.1999969482422 63 59.7999992370605 75.0999984741211 73.4000015258789 58.7999992370605 63.2000007629395 61.7999992370605 58.2000007629395 60.7000007629395 60.7999992370605 63.5 67.5999984741211 71.5 74.5 73.5 72 71 71.8000030517578 71.8000030517578 68.8000030517578 70.0999984741211 71.3000030517578 73.0999984741211 72.9000015258789 75.0999984741211 77.4000015258789 -3.4e+38 -3.4e+38 -3.4e+38 -3.4e+38 -3.4e+38 -3.4e+38 -3.4e+38 -3.4e+38 -3.4e+38 -3.4e+38 -3.4e+38 -3.4e+38 -3.4e+38 -3.4e+38 -3.4e+38 -3.4e+38 -3.4e+38 -3.4e+38 -3.4e+38 -3.4e+38 -3.4e+38
215.5 179.800003051758 147.199996948242 118.300003051758 102.5 92.8000030517578 78.5999984741211 69.1999969482422 61.7000007629395 62.7999992370605 66.0999984741211 58.5 60.7999992370605 61.5999984741211 59.5999984741211 59.4000015258789 66.5999984741211 60.0999984741211 68.5999984741211 68.5 67.9000015258789 71.0999984741211 71.0999984741211 74 72.8000030517578 75.4000015258789 71.6999969482422 71.8000030517578 73.3000030517578 76.5999984741211 77.1999969482422 76.3000030517578 78.5 81 -3.4e+38 -3.4e+38 -3.4e+38 -3.4e+38 -3.4e+38 -3.4e+38 -3.4e+38 -3.4e+38 -3.4e+38 -3.4e+38 -3.4e+38 -3.4e+38 -3.4e+38 -3.4e+38 -3.4e+38 -3.4e+38 -3.4e+38 -3.4e+38 -3.4e+38 -3.4e+38 -3.4e+38
196.100006103516 157.699996948242 136.800003051758 121.400001525879 106.199996948242 91.0999984741211 79.3000030517578 69 61.0999984741211 62.5999984741211 67.4000015258789 56.2000007629395 57.4000015258789 59.0999984741211 56.2999992370605 58.9000015258789 59.5 60.4000015258789 67.5999984741211 65.5999984741211 66.5 68.5999984741211 70.4000015258789 73.4000015258789 76.8000030517578 73.3000030517578 70.6999969482422 74.6999969482422 78.1999969482422 78.3000030517578 79.1999969482422 79.4000015258789 78.6999969482422 -3.4e+38 -3.4e+38 -3.4e+38 -3.4e+38 -3.4e+38 -3.4e+38 -3.4e+38 -3.4e+38 -3.4e+38 -3.4e+38 -3.4e+38 -3.4e+38 -3.4e+38 -3.4e+38 -3.4e+38 -3.4e+38 -3.4e+38 -3.4e+38 -3.4e+38 -3.4e+38 -3.4e+38 -3.4e+38
192.300003051758 158.600006103516 138 120.099998474121 102.599998474121 88.5999984741211 77.9000015258789 69.5 61.4000015258789 56.5 57.7000007629395 53.7000007629395 55.4000015258789 60.5999984741211 57.9000015258789 59.7999992370605 63.2000007629395 61.5 63.7000007629395 65.6999969482422 67.6999969482422 69.6999969482422 73.6999969482422 76.3000030517578 72.5 70.4000015258789 77.0999984741211 80.9000015258789 82 -3.4e+38 -3.4e+38 -3.4e+38 -3.4e+38 -3.4e+38 -3.4e+38 -3.4e+38 -3.4e+38 -3.4e+38 -3.4e+38 -3.4e+38 -3.4e+38 -3.4e+38 -3.4e+38 -3.4e+38 -3.4e+38 -3.4e+38 -3.4e+38 -3.4e+38 -3.4e+38 -3.4e+38 -3.4e+38 -3.4e+38 -3.4e+38 -3.4e+38 -3.4e+38
197.199996948242 163.899993896484 137 116.5 100.099998474121 88.5999984741211 76.8000030517578 70.6999969482422 62.7000007629395 57.2999992370605 54.5999984741211 52.4000015258789 56.5999984741211 59 59.7000007629395 60 63.4000015258789 65.1999969482422 64.3000030517578 65.3000030517578 68.1999969482422 73.0999984741211 76.0999984741211 74.8000030517578 71.5999984741211 77.9000015258789 -3.4e+38 -3.4e+38 -3.4e+38 -3.4e+38 -3.4e+38 -3.4e+38 -3.4e+38 -3.4e+38 -3.4e+38 -3.4e+38 -3.4e+38 -3.4e+38 -3.4e+38 -3.4e+38 -3.4e+38 -3.4e+38 -3.4e+38 -3.4e+38 -3.4e+38 -3.4e+38 -3.4e+38 -3.4e+38 -3.4e+38 -3.4e+38 -3.4e+38 -3.4e+38 -3.4e+38 -3.4e+38 -3.4e+38
191 158 133.300003051758 115.300003051758 98.1999969482422 86.3000030517578 77.9000015258789 70.4000015258789 64.3000030517578 56.2999992370605 54.5 53.9000015258789 53.2999992370605 57.2999992370605 60.9000015258789 61.2000007629395 62.7000007629395 63.4000015258789 63.7999992370605 66.4000015258789 71.0999984741211 73.4000015258789 73.5 70.9000015258789 78.3000030517578 -3.4e+38 -3.4e+38 -3.4e+38 -3.4e+38 -3.4e+38 -3.4e+38 -3.4e+38 -3.4e+38 -3.4e+38 -3.4e+38 -3.4e+38 -3.4e+38 -3.4e+38 -3.4e+38 -3.4e+38 -3.4e+38 -3.4e+38 -3.4e+38 -3.4e+38 -3.4e+38 -3.4e+38 -3.4e+38 -3.4e+38 -3.4e+38 -3.4e+38 -3.4e+38 -3.4e+38 -3.4e+38 -3.4e+38 -3.4e+38
187.399993896484 150.100006103516 125.599998474121 109.5 94.4000015258789 84.1999969482422 78 71.1999969482422 64.6999969482422 59.4000015258789 55.7000007629395 55.5 54.2000007629395 54.9000015258789 57.2000007629395 60.2999992370605 61.0999984741211 61 64 66.9000015258789 69.6999969482422 73.4000015258789 75.5 81.3000030517578 -3.4e+38 -3.4e+38 -3.4e+38 -3.4e+38 -3.4e+38 -3.4e+38 -3.4e+38 -3.4e+38 -3.4e+38 -3.4e+38 -3.4e+38 -3.4e+38 -3.4e+38 -3.4e+38 -3.4e+38 -3.4e+38 -3.4e+38 -3.4e+38 -3.4e+38 -3.4e+38 -3.4e+38 -3.4e+38 -3.4e+38 -3.4e+38 -3.4e+38 -3.4e+38 -3.4e+38 -3.4e+38 -3.4e+38 -3.4e+38 -3.4e+38
165.399993896484 134.100006103516 115.199996948242 98.3000030517578 88.0999984741211 81 73.6999969482422 68.4000015258789 63.9000015258789 59 56.2000007629395 58.5999984741211 56.7000007629395 56.7999992370605 60.7000007629395 59.5999984741211 58.7999992370605 60.5 63.7999992370605 67.5999984741211 69.9000015258789 74 83 -3.4e+38 -3.4e+38 -3.4e+38 -3.4e+38 -3.4e+38 -3.4e+38 -3.4e+38 -3.4e+38 -3.4e+38 -3.4e+38 -3.4e+38 -3.4e+38 -3.4e+38 -3.4e+38 -3.4e+38 -3.4e+38 -3.4e+38 -3.4e+38 -3.4e+38 -3.4e+38 -3.4e+38 -3.4e+38 -3.4e+38 -3.4e+38 -3.4e+38 -3.4e+38 -3.4e+38 -3.4e+38 -3.4e+38 -3.4e+38 -3.4e+38 -3.4e+38
151.5 127.5 102.5 87.8000030517578 78.5999984741211 73.3000030517578 68.5 65.6999969482422 63.9000015258789 62.0999984741211 57.9000015258789 58.0999984741211 56 53.7000007629395 54.2000007629395 57 59.4000015258789 62.5999984741211 67.9000015258789 70.4000015258789 71 78.4000015258789 -3.4e+38 -3.4e+38 -3.4e+38 -3.4e+38 -3.4e+38 -3.4e+38 -3.4e+38 -3.4e+38 -3.4e+38 -3.4e+38 -3.4e+38 -3.4e+38 -3.4e+38 -3.4e+38 -3.4e+38 -3.4e+38 -3.4e+38 -3.4e+38 -3.4e+38 -3.4e+38 -3.4e+38 -3.4e+38 -3.4e+38 -3.4e+38 -3.4e+38 -3.4e+38 -3.4e+38 -3.4e+38 -3.4e+38 -3.4e+38 -3.4e+38 -3.4e+38 -3.4e+38
150.800003051758 119.400001525879 93.5 78.6999969482422 69.9000015258789 66.9000015258789 65 64.9000015258789 64.8000030517578 64.6999969482422 62.7999992370605 59.5999984741211 57.5 56 55.4000015258789 58.4000015258789 61.9000015258789 64.5 66.5999984741211 71.1999969482422 74.1999969482422 79.5999984741211 -3.4e+38 -3.4e+38 -3.4e+38 -3.4e+38 -3.4e+38 -3.4e+38 -3.4e+38 -3.4e+38 -3.4e+38 -3.4e+38 -3.4e+38 -3.4e+38 -3.4e+38 -3.4e+38 -3.4e+38 -3.4e+38 -3.4e+38 -3.4e+38 -3.4e+38 -3.4e+38 -3.4e+38 -3.4e+38 -3.4e+38 -3.4e+38 -3.4e+38 -3.4e+38 -3.4e+38 -3.4e+38 -3.4e+38 -3.4e+38 -3.4e+38 -3.4e+38 -3.4e+38
107.300003051758 89.9000015258789 76.8000030517578 67.4000015258789 63.2999992370605 61.5999984741211 61.5999984741211 63 63.7999992370605 64.8000030517578 64.5999984741211 64.4000015258789 62.5 62 60.5999984741211 60.9000015258789 59.9000015258789 64.0999984741211 68.6999969482422 72.5 75.0999984741211 76.5999984741211 -3.4e+38 -3.4e+38 -3.4e+38 -3.4e+38 -3.4e+38 -3.4e+38 -3.4e+38 -3.4e+38 -3.4e+38 -3.4e+38 -3.4e+38 -3.4e+38 -3.4e+38 -3.4e+38 -3.4e+38 -3.4e+38 -3.4e+38 -3.4e+38 -3.4e+38 -3.4e+38 -3.4e+38 -3.4e+38 -3.4e+38 -3.4e+38 -3.4e+38 -3.4e+38 -3.4e+38 -3.4e+38 -3.4e+38 -3.4e+38 -3.4e+38 -3.4e+38 -3.4e+38
89.3000030517578 64.8000030517578 57.0999984741211 55.2000007629395 55.0999984741211 56.4000015258789 59 61.0999984741211 63 64.0999984741211 67.6999969482422 69.0999984741211 68.3000030517578 67.5999984741211 59.2999992370605 58.9000015258789 61.7999992370605 65.8000030517578 68.6999969482422 70.6999969482422 73 73.8000030517578 -3.4e+38 -3.4e+38 -3.4e+38 -3.4e+38 -3.4e+38 -3.4e+38 -3.4e+38 -3.4e+38 -3.4e+38 -3.4e+38 -3.4e+38 -3.4e+38 -3.4e+38 -3.4e+38 -3.4e+38 -3.4e+38 -3.4e+38 -3.4e+38 -3.4e+38 -3.4e+38 -3.4e+38 -3.4e+38 -3.4e+38 -3.4e+38 -3.4e+38 -3.4e+38 -3.4e+38 -3.4e+38 -3.4e+38 -3.4e+38 -3.4e+38 -3.4e+38 -3.4e+38
77.9000015258789 58 51.0999984741211 51.2000007629395 51.5 55.7000007629395 59.0999984741211 66.1999969482422 73.1999969482422 75.5 79.1999969482422 81 73.1999969482422 67.5 62.5999984741211 63.0999984741211 66.0999984741211 69.1999969482422 72.4000015258789 73.5 74.9000015258789 75.6999969482422 74.6999969482422 -3.4e+38 -3.4e+38 -3.4e+38 -3.4e+38 -3.4e+38 -3.4e+38 -3.4e+38 -3.4e+38 -3.4e+38 -3.4e+38 -3.4e+38 -3.4e+38 -3.4e+38 -3.4e+38 -3.4e+38 -3.4e+38 -3.4e+38 -3.4e+38 -3.4e+38 -3.4e+38 -3.4e+38 -3.4e+38 -3.4e+38 -3.4e+38 -3.4e+38 -3.4e+38 -3.4e+38 -3.4e+38 -3.4e+38 -3.4e+38 -3.4e+38 -3.4e+38
79.4000015258789 70.4000015258789 55.7999992370605 49.0999984741211 49.2000007629395 51.5 55.7000007629395 62.7999992370605 75.1999969482422 82.5999984741211 96.8000030517578 93.5 80.3000030517578 78.5 74.5999984741211 72.6999969482422 74.5999984741211 75.0999984741211 76.8000030517578 76.0999984741211 77.5999984741211 78.5999984741211 77 76.9000015258789 75.5 -3.4e+38 -3.4e+38 -3.4e+38 -3.4e+38 -3.4e+38 -3.4e+38 -3.4e+38 -3.4e+38 -3.4e+38 -3.4e+38 -3.4e+38 -3.4e+38 -3.4e+38 -3.4e+38 -3.4e+38 -3.4e+38 -3.4e+38 -3.4e+38 -3.4e+38 -3.4e+38 -3.4e+38 -3.4e+38 -3.4e+38 -3.4e+38 -3.4e+38 -3.4e+38 -3.4e+38 -3.4e+38 -3.4e+38 -3.4e+38
88.1999969482422 81.1999969482422 66.0999984741211 52.0999984741211 49.5 51.4000015258789 55.5999984741211 61.5999984741211 68 74.6999969482422 76.4000015258789 79.4000015258789 82.4000015258789 83.5 82.4000015258789 76.5999984741211 76.3000030517578 76.0999984741211 76.9000015258789 80.6999969482422 79.0999984741211 79.5 78.9000015258789 78.3000030517578 77 74 -3.4e+38 -3.4e+38 -3.4e+38 -3.4e+38 -3.4e+38 -3.4e+38 -3.4e+38 -3.4e+38 -3.4e+38 -3.4e+38 -3.4e+38 -3.4e+38 -3.4e+38 -3.4e+38 -3.4e+38 -3.4e+38 -3.4e+38 -3.4e+38 -3.4e+38 -3.4e+38 -3.4e+38 -3.4e+38 -3.4e+38 -3.4e+38 -3.4e+38 -3.4e+38 -3.4e+38 -3.4e+38 -3.4e+38
75.4000015258789 61.5999984741211 47.2999992370605 46.7000007629395 48 49.5 60 65 66.3000030517578 70.3000030517578 68.5 79.0999984741211 86.5 85.4000015258789 82.1999969482422 79.8000030517578 75.9000015258789 77.5 75.3000030517578 78.0999984741211 80.5999984741211 79.5999984741211 79.4000015258789 78.3000030517578 76.1999969482422 75.3000030517578 71.5 71.6999969482422 -3.4e+38 -3.4e+38 -3.4e+38 -3.4e+38 -3.4e+38 -3.4e+38 -3.4e+38 -3.4e+38 -3.4e+38 -3.4e+38 -3.4e+38 -3.4e+38 -3.4e+38 -3.4e+38 -3.4e+38 -3.4e+38 -3.4e+38 -3.4e+38 -3.4e+38 -3.4e+38 -3.4e+38 -3.4e+38 -3.4e+38 -3.4e+38 -3.4e+38 -3.4e+38 -3.4e+38
54 48.4000015258789 46.4000015258789 46.4000015258789 48.4000015258789 49.2000007629395 54 56.4000015258789 60.5 67.3000030517578 68.0999984741211 72.5999984741211 77.8000030517578 91.9000015258789 88.0999984741211 80.4000015258789 85.4000015258789 89.4000015258789 80.5999984741211 75.5999984741211 77.8000030517578 76 76.0999984741211 76.5999984741211 76.5999984741211 75.3000030517578 73.8000030517578 71.8000030517578 69.9000015258789 67.8000030517578 62.5999984741211 60.9000015258789 57.2999992370605 -3.4e+38 -3.4e+38 -3.4e+38 -3.4e+38 -3.4e+38 -3.4e+38 -3.4e+38 -3.4e+38 -3.4e+38 -3.4e+38 -3.4e+38 -3.4e+38 -3.4e+38 -3.4e+38 -3.4e+38 -3.4e+38 -3.4e+38 -3.4e+38 -3.4e+38 -3.4e+38 -3.4e+38 -3.4e+38
