data/layers/future_layer_can_126_60/bio10.asc
NCOLS 494 
NROWS 529 
XLLCORNER -117.166666666667 
YLLCORNER -55.5 
CELLSIZE 0.166666666666667 
NODATA_value -3.4e+38 
[rows 144 to 167 of 529, columns 220 to 274 of 494]
29.2999992370605 28.8999996185303 27.2000007629395 -3.4e+38 -3.4e+38 -3.4e+38 -3.4e+38 -3.4e+38 -3.4e+38 -3.4e+38 -3.4e+38 -3.4e+38 29 28.7000007629395 28.8999996185303 29 28.6000003814697 26.8999996185303 27.5 -3.4e+38 -3.4e+38 -3.4e+38 28.8999996185303 28.7000007629395 28.8999996185303 28.8999996185303 29.6000003814697 29.7999992370605 29.8999996185303 29.7000007629395 30.1000003814697 30.5 30.6000003814697 30.6000003814697 30.7000007629395 30.7999992370605 30.8999996185303 30.7999992370605 30.3999996185303 31.3999996185303 31.5 29.1000003814697 23.6000003814697 25.2000007629395 27.1000003814697 27.5 29.8999996185303 30.3999996185303 30.8999996185303 31.1000003814697 31.2999992370605 31.3999996185303 30.8999996185303 28.2000007629395 20.7000007629395
30 29.8999996185303 -3.4e+38 -3.4e+38 -3.4e+38 -3.4e+38 -3.4e+38 -3.4e+38 -3.4e+38 -3.4e+38 -3.4e+38 -3.4e+38 -3.4e+38 -3.4e+38 28.8999996185303 28.8999996185303 29 28 25.5 -3.4e+38 -3.4e+38 -3.4e+38 -3.4e+38 28.6000003814697 28.5 28.8999996185303 29.3999996185303 29.7999992370605 29.8999996185303 29.8999996185303 30.2000007629395 30.5 30.6000003814697 30.7000007629395 30.7999992370605 30.7999992370605 30.2999992370605 28.8999996185303 29.1000003814697 31.2000007629395 31.5 28.2000007629395 21.8999996185303 22.3999996185303 24.3999996185303 26 29 30.1000003814697 30.6000003814697 30.7000007629395 30.3999996185303 28.1000003814697 26.6000003814697 24.5 22.3999996185303
-3.4e+38 -3.4e+38 -3.4e+38 -3.4e+38 -3.4e+38 -3.4e+38 -3.4e+38 -3.4e+38 -3.4e+38 -3.4e+38 -3.4e+38 -3.4e+38 -3.4e+38 -3.4e+38 28.7999992370605 29.2000007629395 29.2000007629395 28.8999996185303 25.6000003814697 25.2999992370605 -3.4e+38 -3.4e+38 -3.4e+38 28.2000007629395 28.3999996185303 28.7000007629395 29.5 29.6000003814697 29.7999992370605 30 30.2999992370605 30.5 30.7000007629395 30.7999992370605 30.8999996185303 30.5 28.6000003814697 25.2999992370605 26.2999992370605 30.8999996185303 31.6000003814697 30.7999992370605 24.2999992370605 21.5 21.7000007629395 23.7999992370605 27.7000007629395 29.7000007629395 30.2999992370605 29.8999996185303 26.6000003814697 18.2999992370605 19.2000007629395 18.7000007629395 18.2999992370605
-3.4e+38 -3.4e+38 -3.4e+38 -3.4e+38 -3.4e+38 -3.4e+38 -3.4e+38 -3.4e+38 -3.4e+38 -3.4e+38 -3.4e+38 -3.4e+38 -3.4e+38 -3.4e+38 28.2000007629395 29.1000003814697 29.1000003814697 29.1000003814697 26.7000007629395 24.2999992370605 28.8999996185303 29.1000003814697 -3.4e+38 28.2999992370605 27.7999992370605 28.6000003814697 28.6000003814697 28.7000007629395 29.3999996185303 29.8999996185303 30.2000007629395 30.2999992370605 30.6000003814697 30.8999996185303 30.8999996185303 30 28.5 23.1000003814697 26.5 31.1000003814697 31.6000003814697 31.3999996185303 26.7999992370605 21.2000007629395 19.8999996185303 20.7999992370605 25.2999992370605 28.8999996185303 28.5 25.7000007629395 20.8999996185303 15.3000001907349 20.7999992370605 19.7000007629395 22.1000003814697
30.1000003814697 -3.4e+38 -3.4e+38 -3.4e+38 -3.4e+38 -3.4e+38 -3.4e+38 -3.4e+38 -3.4e+38 -3.4e+38 -3.4e+38 -3.4e+38 -3.4e+38 28 28.2999992370605 28.7000007629395 26.7000007629395 28.3999996185303 28.5 27 29 -3.4e+38 -3.4e+38 28.2000007629395 26.8999996185303 28.2999992370605 26.2999992370605 27.7999992370605 29.6000003814697 30 30.1000003814697 30.3999996185303 30.6000003814697 30.8999996185303 30.7000007629395 28.5 27.2999992370605 24.2000007629395 27.7999992370605 31.5 31.6000003814697 31.3999996185303 28.7999992370605 19 17.7999992370605 18.6000003814697 24.1000003814697 28.7999992370605 26.3999996185303 22.2000007629395 18.2999992370605 18.1000003814697 23.2000007629395 23.8999996185303 25.7000007629395
29.3999996185303 30 -3.4e+38 -3.4e+38 -3.4e+38 -3.4e+38 -3.4e+38 -3.4e+38 -3.4e+38 -3.4e+38 -3.4e+38 -3.4e+38 -3.4e+38 -3.4e+38 26.2999992370605 27.3999996185303 25.2999992370605 27 28.2999992370605 29.1000003814697 29.6000003814697 29.6000003814697 29.5 28.7000007629395 26.7000007629395 28.1000003814697 27.8999996185303 28.5 29.1000003814697 28.8999996185303 29.8999996185303 30.2000007629395 30.3999996185303 30.8999996185303 30.8999996185303 28.3999996185303 25.2000007629395 25.6000003814697 29 31.5 31.5 31.3999996185303 30.7000007629395 23.2000007629395 17.3999996185303 16.3999996185303 23.8999996185303 24.8999996185303 24.8999996185303 24.2000007629395 23.6000003814697 24.8999996185303 26.7999992370605 28.2000007629395 29.2999992370605
27.8999996185303 29.1000003814697 -3.4e+38 -3.4e+38 -3.4e+38 -3.4e+38 -3.4e+38 -3.4e+38 -3.4e+38 -3.4e+38 -3.4e+38 -3.4e+38 -3.4e+38 -3.4e+38 27.2000007629395 25.6000003814697 27.2999992370605 25.8999996185303 28.2999992370605 29.5 29.7000007629395 29.7000007629395 29.7999992370605 28.5 25.2999992370605 27.2999992370605 28.2999992370605 27.2000007629395 25.6000003814697 27 29.2000007629395 29.5 29.3999996185303 30.7999992370605 30.8999996185303 27.8999996185303 25.5 25.7000007629395 29.8999996185303 31.5 31.5 31.2999992370605 30.7999992370605 26.6000003814697 19 15.1999998092651 20 20.5 19.8999996185303 23.7000007629395 26.8999996185303 28.2000007629395 29.2000007629395 29.7000007629395 30
29.7999992370605 -3.4e+38 -3.4e+38 -3.4e+38 -3.4e+38 -3.4e+38 -3.4e+38 -3.4e+38 -3.4e+38 -3.4e+38 -3.4e+38 -3.4e+38 -3.4e+38 -3.4e+38 -3.4e+38 26.7000007629395 27.6000003814697 27.3999996185303 29 29.6000003814697 29.7999992370605 29.7000007629395 30 29.7000007629395 25.2000007629395 25.1000003814697 26.2000007629395 24.1000003814697 22.7999992370605 24.2999992370605 26.5 27.7000007629395 28.1000003814697 29.8999996185303 30.2999992370605 28.1000003814697 26.8999996185303 25.7000007629395 29.1000003814697 31.3999996185303 31.2999992370605 31.1000003814697 30.7000007629395 27.7000007629395 20.7000007629395 13.6999998092651 15.5 16.7000007629395 15.5 18.2999992370605 25.2999992370605 28.6000003814697 29.3999996185303 29.7000007629395 30
-3.4e+38 -3.4e+38 -3.4e+38 -3.4e+38 -3.4e+38 -3.4e+38 -3.4e+38 -3.4e+38 -3.4e+38 -3.4e+38 -3.4e+38 -3.4e+38 -3.4e+38 -3.4e+38 -3.4e+38 -3.4e+38 28.2000007629395 27.3999996185303 28.1000003814697 29.5 29.8999996185303 30 30 29.7999992370605 27.7000007629395 21.2000007629395 22.1000003814697 19.6000003814697 21.2000007629395 23.2999992370605 25.7999992370605 25.7000007629395 26 28.7000007629395 29.1000003814697 28.2000007629395 27.8999996185303 27.7999992370605 30.2999992370605 31.2999992370605 31.1000003814697 30.8999996185303 30.2000007629395 27.3999996185303 22.7000007629395 13.6000003814697 12.8000001907349 15.8000001907349 19.6000003814697 19.5 25.6000003814697 28.5 29.2000007629395 29.6000003814697 29.7999992370605
-3.4e+38 -3.4e+38 -3.4e+38 -3.4e+38 -3.4e+38 -3.4e+38 -3.4e+38 -3.4e+38 -3.4e+38 -3.4e+38 -3.4e+38 -3.4e+38 -3.4e+38 -3.4e+38 -3.4e+38 -3.4e+38 -3.4e+38 28.3999996185303 28.7000007629395 29.5 29.8999996185303 30.2000007629395 29.8999996185303 28.5 27.2000007629395 21.8999996185303 19 17.6000003814697 24.6000003814697 23.2000007629395 22.2999992370605 24.2999992370605 24.7999992370605 26.7999992370605 27.7000007629395 28.2999992370605 28.7000007629395 30 31.2000007629395 31.3999996185303 31.2999992370605 30.7999992370605 29.3999996185303 26 24 12.8999996185303 11.5 14.5 17.8999996185303 23.3999996185303 27 28.6000003814697 29.1000003814697 29.5 29.7999992370605
-3.4e+38 -3.4e+38 -3.4e+38 -3.4e+38 -3.4e+38 -3.4e+38 -3.4e+38 -3.4e+38 -3.4e+38 -3.4e+38 -3.4e+38 -3.4e+38 -3.4e+38 -3.4e+38 -3.4e+38 -3.4e+38 -3.4e+38 28.2000007629395 28.1000003814697 28.8999996185303 30 30.2999992370605 30.1000003814697 27.5 26 23.7999992370605 22.8999996185303 20.6000003814697 21.8999996185303 17 18.8999996185303 23.3999996185303 23.7000007629395 24.8999996185303 26.7000007629395 28.2000007629395 29.8999996185303 30.8999996185303 31.1000003814697 31.2999992370605 31.2000007629395 30.5 26.7000007629395 24.7000007629395 24.8999996185303 18.7999992370605 11.3999996185303 12.5 16.7999992370605 21.7000007629395 26.1000003814697 28.2000007629395 29.1000003814697 29.5 29.7999992370605
-3.4e+38 -3.4e+38 -3.4e+38 -3.4e+38 -3.4e+38 -3.4e+38 -3.4e+38 -3.4e+38 -3.4e+38 -3.4e+38 -3.4e+38 -3.4e+38 -3.4e+38 -3.4e+38 -3.4e+38 -3.4e+38 -3.4e+38 -3.4e+38 28.1000003814697 28.3999996185303 29.8999996185303 30.3999996185303 30.2999992370605 26.5 25.6000003814697 21.1000003814697 22.1000003814697 22.6000003814697 18.5 16.2000007629395 17.2000007629395 22.2000007629395 24.6000003814697 24.7000007629395 26.2999992370605 28.3999996185303 30.2999992370605 31 31 31.2000007629395 31 29.7999992370605 21.7000007629395 25.5 25 22.8999996185303 16.8999996185303 11.3000001907349 11.6999998092651 14.8999996185303 20.1000003814697 25.6000003814697 28.8999996185303 29.3999996185303 29.7999992370605
-3.4e+38 -3.4e+38 -3.4e+38 -3.4e+38 -3.4e+38 -3.4e+38 -3.4e+38 -3.4e+38 -3.4e+38 -3.4e+38 -3.4e+38 -3.4e+38 -3.4e+38 -3.4e+38 -3.4e+38 -3.4e+38 -3.4e+38 -3.4e+38 -3.4e+38 28.7000007629395 29.7000007629395 30.2999992370605 30.1000003814697 27.7000007629395 27.1000003814697 20.2999992370605 16.5 22.2999992370605 23.3999996185303 17 18.3999996185303 22.7999992370605 24.2999992370605 25.2999992370605 26.3999996185303 28.7999992370605 30.7000007629395 30.8999996185303 31 30.8999996185303 30.3999996185303 27.3999996185303 19.2999992370605 26 22.7999992370605 22.6000003814697 22.3999996185303 16.2999992370605 9.10000038146973 9.89999961853027 12.3999996185303 22.2000007629395 28.6000003814697 29.5 29.7999992370605
-3.4e+38 -3.4e+38 -3.4e+38 -3.4e+38 -3.4e+38 -3.4e+38 -3.4e+38 -3.4e+38 -3.4e+38 -3.4e+38 -3.4e+38 -3.4e+38 -3.4e+38 -3.4e+38 -3.4e+38 -3.4e+38 -3.4e+38 -3.4e+38 -3.4e+38 27.6000003814697 29.1000003814697 29.8999996185303 30 27.8999996185303 27 22.2000007629395 15.8000001907349 22.2000007629395 25.2000007629395 18 20.7999992370605 21.1000003814697 23.2000007629395 25.7000007629395 27.2000007629395 29.3999996185303 30.7999992370605 30.7000007629395 30.7999992370605 30.3999996185303 28.6000003814697 26.5 21 24.2999992370605 22.3999996185303 18.7999992370605 19.2000007629395 19 11.6999998092651 7.40000009536743 15.3000001907349 24.8999996185303 29 29.7000007629395 29.8999996185303
-3.4e+38 -3.4e+38 -3.4e+38 -3.4e+38 -3.4e+38 -3.4e+38 -3.4e+38 -3.4e+38 -3.4e+38 -3.4e+38 -3.4e+38 -3.4e+38 -3.4e+38 -3.4e+38 -3.4e+38 -3.4e+38 -3.4e+38 -3.4e+38 -3.4e+38 26.5 28.3999996185303 29.2999992370605 29.7999992370605 28.8999996185303 26.8999996185303 20.1000003814697 19 23.7999992370605 22.2999992370605 21.1000003814697 18.8999996185303 20.2000007629395 22.3999996185303 25.7000007629395 28.2000007629395 30.2999992370605 30.7000007629395 30.3999996185303 30.3999996185303 29 27.1000003814697 23.7999992370605 23.7999992370605 22.6000003814697 22.1000003814697 14.3000001907349 15.1000003814697 17.7999992370605 10.8000001907349 15.3999996185303 23.1000003814697 28 29.3999996185303 30 30.1000003814697
-3.4e+38 -3.4e+38 -3.4e+38 -3.4e+38 -3.4e+38 -3.4e+38 -3.4e+38 -3.4e+38 -3.4e+38 -3.4e+38 -3.4e+38 -3.4e+38 -3.4e+38 -3.4e+38 -3.4e+38 -3.4e+38 -3.4e+38 -3.4e+38 -3.4e+38 26.7000007629395 27.7000007629395 28.8999996185303 29.5 29.2999992370605 27.3999996185303 21.8999996185303 17.3999996185303 23.2000007629395 23.2999992370605 18.6000003814697 18.6000003814697 19.1000003814697 23.3999996185303 26.1000003814697 29.1000003814697 30.6000003814697 30.6000003814697 29.8999996185303 29.1000003814697 25.2999992370605 19.8999996185303 22.7999992370605 23 20.7000007629395 17.5 12 14.8000001907349 14.6000003814697 14.1999998092651 21.5 25.8999996185303 28.2999992370605 29.8999996185303 30.2000007629395 30.2999992370605
-3.4e+38 -3.4e+38 -3.4e+38 -3.4e+38 -3.4e+38 -3.4e+38 -3.4e+38 -3.4e+38 -3.4e+38 -3.4e+38 -3.4e+38 -3.4e+38 -3.4e+38 -3.4e+38 -3.4e+38 -3.4e+38 -3.4e+38 -3.4e+38 -3.4e+38 27.8999996185303 27.8999996185303 28.5 29.2000007629395 29.1000003814697 27.6000003814697 21.2000007629395 18.7999992370605 24.3999996185303 25 22.2999992370605 18.1000003814697 19 25.3999996185303 26.8999996185303 29.6000003814697 30.5 30.2999992370605 28.1000003814697 27.3999996185303 18.7000007629395 20.3999996185303 21.8999996185303 19.7999992370605 17.5 12.8000001907349 15.5 13.8999996185303 12.3000001907349 18.3999996185303 23.3999996185303 26.8999996185303 29.3999996185303 30.2000007629395 30.2999992370605 30.3999996185303
-3.4e+38 -3.4e+38 -3.4e+38 -3.4e+38 -3.4e+38 -3.4e+38 -3.4e+38 -3.4e+38 -3.4e+38 -3.4e+38 -3.4e+38 -3.4e+38 -3.4e+38 -3.4e+38 -3.4e+38 -3.4e+38 -3.4e+38 -3.4e+38 -3.4e+38 -3.4e+38 28 28.2999992370605 29 29 27.8999996185303 24.7999992370605 17.6000003814697 23.1000003814697 21.5 26.2000007629395 20.1000003814697 17.2999992370605 23.2999992370605 27.2000007629395 29.8999996185303 30.2999992370605 29.2000007629395 26.7999992370605 26.3999996185303 21.3999996185303 16.7999992370605 18.3999996185303 15.1000003814697 15.6000003814697 16.8999996185303 16.7999992370605 12.6999998092651 17.7000007629395 21.1000003814697 25.8999996185303 29 30.2000007629395 30.3999996185303 30.5 30.6000003814697
-3.4e+38 -3.4e+38 -3.4e+38 -3.4e+38 -3.4e+38 -3.4e+38 -3.4e+38 -3.4e+38 -3.4e+38 -3.4e+38 -3.4e+38 -3.4e+38 -3.4e+38 -3.4e+38 -3.4e+38 -3.4e+38 -3.4e+38 -3.4e+38 -3.4e+38 26.7000007629395 27.7999992370605 28.2999992370605 28.7999992370605 28.8999996185303 28.5 25.8999996185303 19.1000003814697 17.8999996185303 17 23.7999992370605 19.1000003814697 18 24.1000003814697 27 30 29.7000007629395 26.3999996185303 25 26.2000007629395 18.5 17.1000003814697 19.1000003814697 15.3999996185303 16.2999992370605 15 14.1999998092651 13.6000003814697 21.8999996185303 24.8999996185303 28.8999996185303 30.3999996185303 30.6000003814697 30.6000003814697 30.7000007629395 30.7000007629395
-3.4e+38 -3.4e+38 -3.4e+38 -3.4e+38 -3.4e+38 -3.4e+38 -3.4e+38 -3.4e+38 -3.4e+38 -3.4e+38 -3.4e+38 -3.4e+38 -3.4e+38 -3.4e+38 -3.4e+38 -3.4e+38 -3.4e+38 -3.4e+38 -3.4e+38 26.2000007629395 27.8999996185303 28.5 28.7000007629395 28.7000007629395 28.2999992370605 27.2999992370605 24.6000003814697 19.7999992370605 18.7999992370605 23.7000007629395 16.8999996185303 14.1999998092651 20.6000003814697 27.1000003814697 30 28 23.8999996185303 24.1000003814697 23.1000003814697 16.2000007629395 17 14.3999996185303 17.2000007629395 16.2999992370605 14.3999996185303 13.8000001907349 17.7000007629395 23.3999996185303 28.6000003814697 30.6000003814697 30.7999992370605 30.7999992370605 30.7999992370605 30.7000007629395 30.7999992370605
-3.4e+38 -3.4e+38 -3.4e+38 -3.4e+38 -3.4e+38 -3.4e+38 -3.4e+38 -3.4e+38 -3.4e+38 -3.4e+38 -3.4e+38 -3.4e+38 -3.4e+38 -3.4e+38 -3.4e+38 -3.4e+38 -3.4e+38 -3.4e+38 -3.4e+38 27.3999996185303 28.1000003814697 28.6000003814697 28.5 28.6000003814697 27.2999992370605 24.8999996185303 20.5 20 23 23.6000003814697 14.8999996185303 14.1000003814697 21.3999996185303 26.8999996185303 29.6000003814697 26.6000003814697 24.7999992370605 22.8999996185303 16.6000003814697 13.8000001907349 16.2000007629395 15.3000001907349 18.6000003814697 18.1000003814697 21.1000003814697 21.7999992370605 25.5 28.3999996185303 30.7000007629395 30.8999996185303 31 30.8999996185303 30.8999996185303 30.8999996185303 30.8999996185303
-3.4e+38 -3.4e+38 -3.4e+38 -3.4e+38 -3.4e+38 -3.4e+38 -3.4e+38 -3.4e+38 -3.4e+38 -3.4e+38 -3.4e+38 -3.4e+38 -3.4e+38 -3.4e+38 -3.4e+38 -3.4e+38 -3.4e+38 -3.4e+38 -3.4e+38 28.1000003814697 28.2999992370605 28.5 28.6000003814697 28.5 26.8999996185303 21.2000007629395 14.6999998092651 22.7999992370605 24.2999992370605 23.1000003814697 14.8000001907349 14.6000003814697 21.1000003814697 27.5 29.6000003814697 24.7000007629395 25.2000007629395 20.8999996185303 14.6999998092651 16.2000007629395 16.1000003814697 17.8999996185303 21 19.8999996185303 24.2999992370605 23.2999992370605 28.5 30.3999996185303 31 31 31.1000003814697 31 31 30.8999996185303 31
-3.4e+38 -3.4e+38 -3.4e+38 -3.4e+38 -3.4e+38 -3.4e+38 -3.4e+38 -3.4e+38 -3.4e+38 -3.4e+38 -3.4e+38 -3.4e+38 -3.4e+38 -3.4e+38 -3.4e+38 -3.4e+38 -3.4e+38 -3.4e+38 -3.4e+38 28 28 28.3999996185303 28.5 27.3999996185303 25.7000007629395 23.5 19.7999992370605 24.6000003814697 23.3999996185303 20.1000003814697 11 10 20.5 27.8999996185303 29.2999992370605 23.8999996185303 20.8999996185303 16.8999996185303 16 16.3999996185303 14.8000001907349 18 20.5 24.2999992370605 27.2999992370605 27.6000003814697 30.2000007629395 31 31.2000007629395 31.1000003814697 31.1000003814697 31.1000003814697 31 31 31.1000003814697
-3.4e+38 -3.4e+38 -3.4e+38 -3.4e+38 -3.4e+38 -3.4e+38 -3.4e+38 -3.4e+38 -3.4e+38 -3.4e+38 -3.4e+38 -3.4e+38 -3.4e+38 -3.4e+38 -3.4e+38 -3.4e+38 -3.4e+38 -3.4e+38 -3.4e+38 28.1000003814697 28.1000003814697 28.2999992370605 28.5 26.2999992370605 24 20.3999996185303 22.3999996185303 25.5 23.5 17.7999992370605 7.40000009536743 9.89999961853027 19.7999992370605 28.6000003814697 27.8999996185303 23.8999996185303 19.7999992370605 16.5 16.6000003814697 14.5 14.3999996185303 19.2999992370605 21.8999996185303 28.1000003814697 29.5 30.3999996185303 31.1000003814697 31.2000007629395 31.2000007629395 31.2999992370605 31.2000007629395 31.2000007629395 31.1000003814697 31.1000003814697 31.1000003814697
