data/layers/future_layer_can_126_60/bio14.asc
NCOLS 494 
NROWS 529 
XLLCORNER -117.166666666667 
YLLCORNER -55.5 
CELLSIZE 0.166666666666667 
NODATA_value -3.4e+38 
[rows 234 to 259 of 529, columns 406 to 463 of 494]
20.7999992370605 21.6000003814697 21.6000003814697 22.2999992370605 24.2999992370605 24.3999996185303 22.2000007629395 20.1000003814697 17.6000003814697 16 13.6000003814697 11.8000001907349 11.1999998092651 12.1000003814697 13.1999998092651 13.1999998092651 12.5 10 9.39999961853027 8.39999961853027 7.30000019073486 7.80000019073486 9.5 9.30000019073486 8.80000019073486 7.90000009536743 8 7.40000009536743 8.19999980926514 8.89999961853027 9.10000038146973 7.40000009536743 5.5 5.30000019073486 7.40000009536743 6.30000019073486 5 4.5 3.5 3.09999990463257 3.79999995231628 4.30000019073486 3.79999995231628 2.40000009536743 2 2 2 2 1.39999997615814 1 1.39999997615814 1.89999997615814 2.40000009536743 2.20000004768372 2.79999995231628 3.79999995231628 3.5 4.80000019073486
20.6000003814697 21.7000007629395 22.1000003814697 22.3999996185303 22.7999992370605 22.6000003814697 21.3999996185303 19.5 17.2000007629395 16.3999996185303 14.1000003814697 11.8999996185303 11.3999996185303 12 12.5 13.6000003814697 13.1999998092651 11.5 9.69999980926514 8.80000019073486 8.30000019073486 8.60000038146973 10.3000001907349 10.3000001907349 9.30000019073486 9 8.80000019073486 8.80000019073486 8.69999980926514 8.89999961853027 8.60000038146973 7.30000019073486 5.59999990463257 5.09999990463257 5.19999980926514 5.40000009536743 4.69999980926514 3.90000009536743 3.09999990463257 2.09999990463257 2.09999990463257 2.29999995231628 2.29999995231628 2.09999990463257 2 2 2 2 1.60000002384186 1 1.39999997615814 2.09999990463257 3 2.90000009536743 2.79999995231628 3.09999990463257 3.40000009536743 4.30000019073486
19.8999996185303 20.3999996185303 20.5 20.1000003814697 19.8999996185303 19.8999996185303 19.2999992370605 17.2999992370605 16.6000003814697 16.2999992370605 13.8999996185303 11.6000003814697 12 11.6999998092651 12.1999998092651 12.6999998092651 12.1000003814697 11.6000003814697 10.5 8.89999961853027 8.39999961853027 9 10.1000003814697 10.1000003814697 9.80000019073486 9.5 10.3000001907349 10 8.60000038146973 7.80000019073486 7.30000019073486 5.09999990463257 3.5 2.59999990463257 2.5 2.79999995231628 3.40000009536743 3.09999990463257 2.40000009536743 1.60000002384186 1.10000002384186 1.10000002384186 1.20000004768372 1.20000004768372 1.29999995231628 1.60000002384186 1.79999995231628 1.60000002384186 1.10000002384186 1 1.5 2 2.90000009536743 3 3 3.29999995231628 3.40000009536743 4
18.6000003814697 18.6000003814697 18.5 18.6000003814697 17.8999996185303 18 17.2999992370605 16.1000003814697 15.8000001907349 15.1999998092651 13.5 11.8000001907349 12 11.8000001907349 11.3999996185303 11.3000001907349 10.3000001907349 10.3999996185303 9.89999961853027 8.30000019073486 7.5 8.10000038146973 8.39999961853027 8.10000038146973 8.60000038146973 9.89999961853027 8.60000038146973 7.40000009536743 7 6.09999990463257 4.80000019073486 3.40000009536743 3.09999990463257 2.70000004768372 2.29999995231628 2.40000009536743 2.90000009536743 2.59999990463257 1.60000002384186 1 1 1 1 1 1 1 1.10000002384186 1.60000002384186 1.10000002384186 1 1.39999997615814 1.89999997615814 2.29999995231628 2.29999995231628 2.40000009536743 3.09999990463257 3.59999990463257 4.30000019073486
17.2999992370605 16.7000007629395 16.3999996185303 17.3999996185303 17.2999992370605 17 15.8999996185303 14.8000001907349 15 13.6000003814697 11.8000001907349 11.1999998092651 11.6000003814697 10.6000003814697 10.3000001907349 9.10000038146973 8.60000038146973 8.89999961853027 8.89999961853027 8.10000038146973 7.30000019073486 7.90000009536743 7 5.90000009536743 6 6.90000009536743 5.80000019073486 5.09999990463257 4.59999990463257 4.40000009536743 3.29999995231628 2.70000004768372 2.90000009536743 2.5 2 1.79999995231628 1.79999995231628 1.70000004768372 1 1 0.800000011920929 0.100000001490116 0.100000001490116 0.600000023841858 1 1 1 1.10000002384186 1 1 1.10000002384186 1.89999997615814 1.79999995231628 1.39999997615814 1.89999997615814 2.20000004768372 2.29999995231628 3.40000009536743
15.8999996185303 15.6000003814697 15.6000003814697 15.1000003814697 15.1999998092651 15.3000001907349 14.1999998092651 14.1999998092651 13.1000003814697 11.3999996185303 10.3000001907349 10.1000003814697 9.89999961853027 10.3000001907349 9.39999961853027 8.19999980926514 7.69999980926514 7.90000009536743 7.69999980926514 6.90000009536743 6.40000009536743 7.19999980926514 5.59999990463257 4.80000019073486 4.80000019073486 4.59999990463257 3.79999995231628 3.5 3.29999995231628 2.90000009536743 2.79999995231628 2.5 2.5 2.09999990463257 1.89999997615814 1.60000002384186 1 1 1 1 1 0.300000011920929 0 0 0.400000005960464 1 1 1 1 1 1 1.10000002384186 1 1 1.20000004768372 1.60000002384186 2.20000004768372 6.09999990463257
14.5 14.1999998092651 14.1000003814697 13.8000001907349 13.3000001907349 12.6999998092651 12.1000003814697 12.3999996185303 11.1000003814697 10.6999998092651 9.5 8.60000038146973 8.10000038146973 6.80000019073486 5.80000019073486 5.40000009536743 5.40000009536743 5.59999990463257 6 5.09999990463257 4.59999990463257 4.90000009536743 4.40000009536743 3.79999995231628 3.59999990463257 2.20000004768372 2.09999990463257 2 2.40000009536743 3 2.70000004768372 2.5 2.09999990463257 2 1.60000002384186 1.10000002384186 1 1 1 1.20000004768372 1.29999995231628 1.20000004768372 0.699999988079071 0.100000001490116 0.100000001490116 1 0.899999976158142 0.899999976158142 0.800000011920929 0.899999976158142 1 1 1 1.60000002384186 2.59999990463257 3.20000004768372 5.09999990463257 8.80000019073486
13.5 14.1000003814697 12.8000001907349 12.6000003814697 12.1000003814697 11.6000003814697 11 10.5 9.39999961853027 8.69999980926514 7.90000009536743 7.30000019073486 6.40000009536743 4.90000009536743 3.70000004768372 3.29999995231628 3.40000009536743 4.19999980926514 4.80000019073486 4 3.20000004768372 3.70000004768372 3.40000009536743 3 2 1.29999995231628 1.29999995231628 2.09999990463257 2.40000009536743 2.09999990463257 1.79999995231628 1.79999995231628 1.60000002384186 1.60000002384186 1.5 1.20000004768372 1 1 1 1.29999995231628 2 1.60000002384186 0.899999976158142 0.300000011920929 0 0.5 0.100000001490116 0 0 0.100000001490116 0.200000002980232 0.200000002980232 0.899999976158142 2.40000009536743 3.70000004768372 4.90000009536743 5.40000009536743 9.19999980926514
12.6000003814697 11.8999996185303 11.3999996185303 11.3999996185303 10.6000003814697 9.80000019073486 9.60000038146973 9.30000019073486 8 7.59999990463257 7.09999990463257 6.19999980926514 5 3.90000009536743 3 2 2.09999990463257 2.90000009536743 3.90000009536743 3.29999995231628 3 2.79999995231628 2.59999990463257 2.29999995231628 1.20000004768372 1.60000002384186 1.5 1.89999997615814 2 1.89999997615814 1.39999997615814 1 1.10000002384186 1.20000004768372 1.10000002384186 1.10000002384186 1 1 1 1.39999997615814 1.79999995231628 1.10000002384186 1 0.100000001490116 0 0.100000001490116 0 0 0 0 0 0.100000001490116 1.10000002384186 3 3.79999995231628 3.79999995231628 3.70000004768372 5
12 11.3999996185303 10.8000001907349 10.1000003814697 9.39999961853027 8.80000019073486 8.10000038146973 7.69999980926514 6.69999980926514 6.30000019073486 5.80000019073486 4.90000009536743 4.19999980926514 3.20000004768372 2.90000009536743 2.29999995231628 2.09999990463257 2.09999990463257 2.70000004768372 2.5 2.40000009536743 2 2.09999990463257 1.5 1.39999997615814 1 1.20000004768372 1.39999997615814 1.60000002384186 1.39999997615814 1.10000002384186 1 1 1 1.29999995231628 1.89999997615814 1.20000004768372 1 1 1.39999997615814 1.89999997615814 1.10000002384186 1 0 0 0.100000001490116 0 0 0 0 0 0 0.600000023841858 1.79999995231628 2.59999990463257 2.40000009536743 2.59999990463257 2.90000009536743
10.6999998092651 10.1000003814697 10.3000001907349 9.60000038146973 8.80000019073486 7.69999980926514 6.80000019073486 6.59999990463257 5.90000009536743 5.59999990463257 5.09999990463257 4.5 4 3.09999990463257 2.70000004768372 2.09999990463257 2.20000004768372 2.29999995231628 2 2.09999990463257 2.09999990463257 1.79999995231628 1.89999997615814 1.79999995231628 1.10000002384186 1.29999995231628 1.29999995231628 1.39999997615814 1.29999995231628 1.10000002384186 1 1 1 1 1.5 2 2.09999990463257 1.60000002384186 1.79999995231628 2 1.79999995231628 1 1 0.300000011920929 0.300000011920929 0.200000002980232 0 0 0 0 0 0 0.800000011920929 3.09999990463257 2.79999995231628 1.79999995231628 1.60000002384186 2.20000004768372
10.6000003814697 9.80000019073486 9.30000019073486 9 8.10000038146973 7.09999990463257 6.09999990463257 5.90000009536743 5.09999990463257 4.80000019073486 4.90000009536743 4.40000009536743 3.79999995231628 3.09999990463257 3 2.40000009536743 2.79999995231628 2.29999995231628 1.89999997615814 1.60000002384186 1.10000002384186 1 1.10000002384186 1.29999995231628 1 1.29999995231628 1 1 1.29999995231628 1.89999997615814 1.29999995231628 1.29999995231628 1 1 1.5 2 2 2 2.09999990463257 2 1.60000002384186 1.10000002384186 1 0.899999976158142 1 0.400000005960464 0 0 0 0 0 0.400000005960464 1.79999995231628 3.29999995231628 3.29999995231628 2.90000009536743 2.29999995231628 2.09999990463257
9.60000038146973 9.10000038146973 8.80000019073486 8 7.5 6.40000009536743 5.90000009536743 5.40000009536743 4.30000019073486 4 4 4 3.40000009536743 3.09999990463257 3 2.90000009536743 3.09999990463257 2.09999990463257 1.39999997615814 1 1.29999995231628 1 0.600000023841858 1 1.10000002384186 1 1 1 1.10000002384186 1.60000002384186 1.89999997615814 1.79999995231628 1.10000002384186 1 1 1.29999995231628 1.70000004768372 2 2 2 1.29999995231628 1 1 0.899999976158142 0.600000023841858 0 0 0 0.100000001490116 0.600000023841858 0.5 1.10000002384186 2 2.70000004768372 2.40000009536743 3.09999990463257 3.09999990463257 2.90000009536743
8.39999961853027 8.5 8.10000038146973 7.40000009536743 6.59999990463257 5.90000009536743 4.69999980926514 4.40000009536743 4 4 3.90000009536743 3.70000004768372 3.20000004768372 3 3 3.29999995231628 3.59999990463257 2.09999990463257 1 1 1 0.699999988079071 0.100000001490116 0.400000005960464 0.600000023841858 1 1 1 1.10000002384186 1.89999997615814 2 2 1.20000004768372 0.800000011920929 1 1 1 1.39999997615814 1.79999995231628 2 1.60000002384186 1 1 0.899999976158142 0.200000002980232 0 0 0 0.899999976158142 0.899999976158142 1 1.29999995231628 1.29999995231628 1.60000002384186 2 2.90000009536743 2.59999990463257 2
8.80000019073486 8 7.09999990463257 6.40000009536743 5.80000019073486 5.19999980926514 4.30000019073486 3.90000009536743 3.20000004768372 3.29999995231628 3 2.90000009536743 3 3 3 3.09999990463257 3 2.20000004768372 1.20000004768372 1.20000004768372 0.899999976158142 0.100000001490116 0 0.300000011920929 0 0.600000023841858 1 1 1.20000004768372 1.89999997615814 2.09999990463257 1.79999995231628 0.899999976158142 0.100000001490116 0.800000011920929 1 1 1 1 1.39999997615814 1.79999995231628 1 0.699999988079071 0.699999988079071 0.200000002980232 0 0 0.400000005960464 1 1 1 1 1 1.20000004768372 2 2.70000004768372 2.29999995231628 2
8 7.19999980926514 6.59999990463257 6 5.09999990463257 4.90000009536743 4.09999990463257 3.70000004768372 3 3 3 2.90000009536743 2.59999990463257 2.29999995231628 2.59999990463257 3 2.70000004768372 2 1.70000004768372 1.20000004768372 0.899999976158142 0.400000005960464 0 0 0 0.200000002980232 0.800000011920929 1 1.29999995231628 2 2.59999990463257 2 1.5 0.800000011920929 0.5 1 1 1 1 1 1.10000002384186 0.600000023841858 0 0 0 0 0.200000002980232 0.800000011920929 1 1 1 0.600000023841858 1.39999997615814 1.89999997615814 2.40000009536743 2.09999990463257 1.89999997615814 2
7.59999990463257 7 6.19999980926514 5.90000009536743 5 4.90000009536743 4 3.29999995231628 3.09999990463257 2.79999995231628 2.79999995231628 2.59999990463257 2.20000004768372 2 2.09999990463257 2.20000004768372 1.70000004768372 1.39999997615814 1.20000004768372 1.10000002384186 1 0.800000011920929 0.100000001490116 0 0 0 0.300000011920929 1 1.29999995231628 2 2.29999995231628 2.29999995231628 1.89999997615814 1 0.5 0.100000001490116 0.400000005960464 0.600000023841858 0.400000005960464 0.400000005960464 0.899999976158142 0.300000011920929 0 0 0 0 0.600000023841858 1 1 1 1.10000002384186 1 1.5 2.40000009536743 3.20000004768372 2.59999990463257 1.20000004768372 1.79999995231628
7.30000019073486 6.80000019073486 6.30000019073486 5.69999980926514 5.09999990463257 4.69999980926514 4.09999990463257 3.40000009536743 3.29999995231628 3 2.20000004768372 2.09999990463257 2 2 2 1.39999997615814 1 1 1 1.10000002384186 1 0.899999976158142 0 0 0 0 0.400000005960464 1 1 1.89999997615814 1.89999997615814 2.09999990463257 1.39999997615814 0.800000011920929 0.200000002980232 0 0 0 0 0 0 0 0.300000011920929 0 0 0 0.300000011920929 0.800000011920929 1 0.600000023841858 0.600000023841858 0.899999976158142 1.5 2.40000009536743 2.59999990463257 2.79999995231628 2.20000004768372 2
7 6.30000019073486 6 5.59999990463257 5 4.80000019073486 4 4 3.59999990463257 3 3 2.40000009536743 2.09999990463257 1.89999997615814 1.10000002384186 1 1 1 1 1 1 0.899999976158142 0 0 0 0 0 0.300000011920929 0.899999976158142 1.39999997615814 2 2 1.29999995231628 0.5 0 0 0 0 0 0 0 0.5 0.899999976158142 0.100000001490116 0 0 0 0.200000002980232 0.800000011920929 0.600000023841858 0.600000023841858 0.600000023841858 1.29999995231628 1.29999995231628 2.09999990463257 2.59999990463257 4 3.59999990463257
6.40000009536743 6.30000019073486 6 5.30000019073486 5 4.80000019073486 4.09999990463257 4 3.59999990463257 3 3 2.5 2 1.89999997615814 1.29999995231628 1 1 1 1 1 1 0.699999988079071 0.400000005960464 0 0 0 0 0 0 0.800000011920929 1.20000004768372 1.29999995231628 1.20000004768372 0.899999976158142 0.300000011920929 0 0 0 0 0 0 0.699999988079071 1 0.600000023841858 0 0 0 0 0.100000001490116 0.400000005960464 0.899999976158142 0.899999976158142 0.600000023841858 0.800000011920929 1.60000002384186 2.20000004768372 3.40000009536743 4.19999980926514
6.40000009536743 6.09999990463257 6 5.69999980926514 5.09999990463257 4.90000009536743 4.40000009536743 4.09999990463257 3.79999995231628 3.09999990463257 2.90000009536743 2.70000004768372 2.09999990463257 2 1.29999995231628 1 1 1 1 1 1 1 1 0.600000023841858 0.400000005960464 0 0 0 0 0.800000011920929 1 1 1 1 1 0.400000005960464 0 0 0 0 0 0.800000011920929 1 0.800000011920929 0.400000005960464 0.100000001490116 0.100000001490116 0.400000005960464 0.300000011920929 0.400000005960464 0.600000023841858 1 0.800000011920929 0.899999976158142 0.899999976158142 1.89999997615814 3.09999990463257 3.40000009536743
6.19999980926514 6.59999990463257 6.09999990463257 6 5.09999990463257 5 4.80000019073486 4.40000009536743 4 3.59999990463257 3 3 2.29999995231628 2 1.29999995231628 1 1 1 1 1 1 1 1 1 0.200000002980232 0 0 0.100000001490116 0.699999988079071 1 1 1 1 1 1 0.899999976158142 0.200000002980232 0 0 0 0 0.300000011920929 0.300000011920929 0.100000001490116 0.800000011920929 0.400000005960464 0.400000005960464 1 0.200000002980232 0.300000011920929 1.10000002384186 1.29999995231628 1.60000002384186 1.10000002384186 1.79999995231628 2.90000009536743 6.80000019073486 8.39999961853027
6.59999990463257 6.80000019073486 6.09999990463257 6 5.90000009536743 5.30000019073486 5 4.90000009536743 4.09999990463257 3.70000004768372 3 3 2.29999995231628 2 1.70000004768372 1.10000002384186 1 1 1 1 1 1 1 0.800000011920929 0 0 0 0.800000011920929 1 1 1 1 1 1 1 1 1 0.899999976158142 0.300000011920929 0 0 0 0 0 0.100000001490116 0.800000011920929 0.800000011920929 0.100000001490116 0 0.800000011920929 2.5 2.59999990463257 1.10000002384186 1.39999997615814 6 10.6000003814697 14.3000001907349 13.3999996185303
6.69999980926514 6.80000019073486 6.09999990463257 6.30000019073486 6 5.90000009536743 5.30000019073486 5 4.40000009536743 3.90000009536743 3 3 2.29999995231628 2 2 1.5 1.10000002384186 1 1 1 1 1 1 1 0.300000011920929 0.200000002980232 0.699999988079071 1 1 1 1 1 1 1 1 1 1 1 1 0.400000005960464 0 0 0 0 0.600000023841858 1 0.5 0.100000001490116 1.10000002384186 2.70000004768372 5.09999990463257 2.29999995231628 1.79999995231628 4 12.3999996185303 17.6000003814697 18 16
6.09999990463257 6.30000019073486 6.59999990463257 6.69999980926514 6.30000019073486 6 5.30000019073486 4.59999990463257 4.09999990463257 3.90000009536743 3.09999990463257 3 2.5 2 2 2 1.20000004768372 1 1 1 1 1 1 1 0.899999976158142 0.300000011920929 1 1 0.899999976158142 0.800000011920929 1 1 1 1 1 1 1 1 1 1 0.600000023841858 0.400000005960464 0.400000005960464 0.800000011920929 0.899999976158142 0.899999976158142 0.300000011920929 1 3.40000009536743 4.90000009536743 3.59999990463257 2.09999990463257 3.40000009536743 8 17.2999992370605 25.6000003814697 19.7999992370605 16.3999996185303
6 6.30000019073486 6.40000009536743 6.30000019073486 6 5.69999980926514 4.90000009536743 4.09999990463257 3.59999990463257 3 3 3 2.90000009536743 2.40000009536743 2 1.89999997615814 1.39999997615814 1.10000002384186 1 1 1 1 1 1 0.899999976158142 0.100000001490116 0.600000023841858 0.100000001490116 0 0 0.699999988079071 0.899999976158142 0.400000005960464 0.699999988079071 1 1 0.800000011920929 1 1 1 1 1 1 1 1 0.200000002980232 0.100000001490116 1.39999997615814 3.40000009536743 4.30000019073486 2.5 1.79999995231628 4.59999990463257 10.3000001907349 20.7999992370605 26.5 18.7999992370605 16.8999996185303
