data/layers/future_layer_can_126_60/bio18.asc
NCOLS 494 
NROWS 529 
XLLCORNER -117.166666666667 
YLLCORNER -55.5 
CELLSIZE 0.166666666666667 
NODATA_value -3.4e+38 
[rows 325 to 349 of 529, columns 275 to 329 of 494]
-3.4e+38 -3.4e+38 -3.4e+38 -3.4e+38 -3.4e+38 -3.4e+38 -3.4e+38 -3.4e+38 0.200000002980232 1 1.29999995231628 2.79999995231628 5.40000009536743 15.8999996185303 35.9000015258789 43 49.4000015258789 60.7999992370605 55.7999992370605 63.0999984741211 71.0999984741211 73.3000030517578 67.5999984741211 71.1999969482422 73.4000015258789 81.6999969482422 92.8000030517578 104.900001525879 116.900001525879 92.6999969482422 106.400001525879 123.900001525879 144 166.800003051758 104.599998474121 191.5 215.100006103516 206.300003051758 149.300003051758 304 304.299987792969 204.300003051758 327.299987792969 324.799987792969 316.600006103516 206.699996948242 301.600006103516 313.100006103516 296.600006103516 277.200012207031 259.5 241.5 223.300003051758 211.100006103516 202.300003051758
-3.4e+38 -3.4e+38 -3.4e+38 -3.4e+38 -3.4e+38 -3.4e+38 -3.4e+38 0 0.600000023841858 1.20000004768372 1.29999995231628 2.79999995231628 6.09999990463257 16.2999992370605 31.7999992370605 37.5999984741211 37.9000015258789 51.2999992370605 57.5999984741211 63.4000015258789 68.5 70.5999984741211 73.1999969482422 69.3000030517578 75.9000015258789 83.9000015258789 93.5999984741211 103.800003051758 117.400001525879 94.8000030517578 111.5 123.900001525879 146.399993896484 164 188 197.399993896484 204.100006103516 199.699996948242 163.899993896484 303 306.799987792969 343 345.5 343.100006103516 336.399993896484 324 337.299987792969 337.799987792969 318.299987792969 296.100006103516 274.5 259.100006103516 238 222.300003051758 213.399993896484
-3.4e+38 -3.4e+38 -3.4e+38 -3.4e+38 -3.4e+38 -3.4e+38 -3.4e+38 0 1.39999997615814 1.29999995231628 1.29999995231628 3 6.80000019073486 18.3999996185303 32 37.7000007629395 33.5999984741211 51 55.5 63.9000015258789 66.3000030517578 71.5999984741211 71.6999969482422 69.6999969482422 80.5999984741211 88.4000015258789 100.800003051758 105.300003051758 81 93.5999984741211 109.300003051758 122.099998474121 143.899993896484 165.800003051758 187.800003051758 194.399993896484 194.399993896484 196.199996948242 159.699996948242 284.100006103516 294.799987792969 370.200012207031 371.5 370 377.799987792969 371.600006103516 388.399993896484 369.299987792969 341.799987792969 316.200012207031 291.600006103516 271 250.5 234 224.800003051758
-3.4e+38 -3.4e+38 -3.4e+38 -3.4e+38 -3.4e+38 -3.4e+38 -3.4e+38 0 0.800000011920929 1.10000002384186 1.39999997615814 3.20000004768372 6.30000019073486 13.3999996185303 24.5 31.2000007629395 29.3999996185303 40.7999992370605 50 57.0999984741211 65.1999969482422 71.5999984741211 70.5 69.6999969482422 80.8000030517578 88.9000015258789 95 102.699996948242 79.1999969482422 92.9000015258789 103.699996948242 121.5 141.800003051758 160.600006103516 183.399993896484 187.199996948242 180.600006103516 188.800003051758 149 288.399993896484 326.799987792969 383.700012207031 408.299987792969 408.700012207031 425.200012207031 423.399993896484 421.200012207031 399.899993896484 372.100006103516 337.100006103516 309.399993896484 284.600006103516 264.5 244.300003051758 230.699996948242
-3.4e+38 -3.4e+38 -3.4e+38 -3.4e+38 -3.4e+38 -3.4e+38 -3.4e+38 0 0.600000023841858 1.10000002384186 1.70000004768372 3.29999995231628 6.40000009536743 12.6999998092651 19.8999996185303 20.7000007629395 24.5 31 38.5999984741211 50.9000015258789 64.5 61.7000007629395 73.4000015258789 73.0999984741211 79.9000015258789 86.3000030517578 92.0999984741211 103.699996948242 80 91 99 116.300003051758 134.5 146.699996948242 165.699996948242 173.5 167 193.800003051758 226.199996948242 295.399993896484 374.5 404.899993896484 414.100006103516 454.399993896484 444.600006103516 447.5 452.700012207031 428.100006103516 391.899993896484 356.600006103516 325.700012207031 300.100006103516 275.299987792969 253.300003051758 237.899993896484
-3.4e+38 -3.4e+38 -3.4e+38 -3.4e+38 -3.4e+38 -3.4e+38 -3.4e+38 0 1.29999995231628 1.5 2.09999990463257 3.40000009536743 5.80000019073486 10.6000003814697 14.3999996185303 18 22.2999992370605 29.5 38.5 50.7999992370605 64.1999969482422 66.9000015258789 67.9000015258789 73.8000030517578 78.5999984741211 87.6999969482422 93.3000030517578 100.300003051758 75.5999984741211 87 96.0999984741211 112.599998474121 124.699996948242 139.199996948242 150.300003051758 158.5 156.5 179.100006103516 230.600006103516 331.600006103516 420.5 432.100006103516 464.100006103516 476.100006103516 466.600006103516 479.100006103516 469.200012207031 442.799987792969 412.700012207031 376 341.399993896484 313.200012207031 289.5 260.399993896484 243.600006103516
-3.4e+38 -3.4e+38 -3.4e+38 -3.4e+38 -3.4e+38 -3.4e+38 -3.4e+38 0 0.699999988079071 1.89999997615814 2.40000009536743 3.40000009536743 5.69999980926514 9.19999980926514 15.1999998092651 18.3999996185303 22.7000007629395 31.2999992370605 37.5 47.7999992370605 61.0999984741211 65.1999969482422 63.2999992370605 71.0999984741211 77 87 90.9000015258789 97.6999969482422 75.9000015258789 84.0999984741211 93.1999969482422 104.900001525879 115 127.900001525879 136.899993896484 144.300003051758 156.800003051758 179.199996948242 266.899993896484 363 412.5 462.899993896484 492.200012207031 489.299987792969 489 504.100006103516 494.700012207031 468.100006103516 428.700012207031 390.799987792969 353.899993896484 322.100006103516 299.700012207031 276 251
-3.4e+38 -3.4e+38 -3.4e+38 -3.4e+38 -3.4e+38 -3.4e+38 -3.4e+38 0 0.699999988079071 1.79999995231628 2.29999995231628 3.5 5.80000019073486 10.8999996185303 16.3999996185303 18.2000007629395 23.2000007629395 30 32.5 39.2000007629395 56.2000007629395 59.2000007629395 67 72 75.9000015258789 81.4000015258789 88.1999969482422 95 74.0999984741211 80.5999984741211 90.4000015258789 98.4000015258789 108.300003051758 116.199996948242 126 134.5 151.699996948242 191.300003051758 282 382.299987792969 438.600006103516 478.899993896484 502.200012207031 492.600006103516 500 512.700012207031 497.200012207031 471.799987792969 441.100006103516 398.700012207031 362 330.100006103516 304.700012207031 284.600006103516 264.600006103516
-3.4e+38 -3.4e+38 -3.4e+38 -3.4e+38 -3.4e+38 -3.4e+38 -3.4e+38 0 0.899999976158142 1.79999995231628 2.29999995231628 3.40000009536743 5.80000019073486 9.30000019073486 14.1999998092651 18.7000007629395 23.5 26.1000003814697 30.6000003814697 36.4000015258789 47.0999984741211 60.2999992370605 67.4000015258789 67.3000030517578 71.4000015258789 80 88.0999984741211 92.1999969482422 73.3000030517578 78.5 86.8000030517578 95.8000030517578 100.099998474121 107.599998474121 116.900001525879 125.599998474121 135.5 166.600006103516 242.5 388.399993896484 433 471.100006103516 481.600006103516 493.399993896484 497.100006103516 504.899993896484 483.100006103516 458.600006103516 430.600006103516 397.799987792969 364.200012207031 334.299987792969 308.299987792969 290.600006103516 273.200012207031
-3.4e+38 -3.4e+38 -3.4e+38 -3.4e+38 -3.4e+38 -3.4e+38 0 0 0.300000011920929 1.60000002384186 2.20000004768372 3.40000009536743 5.90000009536743 9.89999961853027 15.8999996185303 20.5 24.3999996185303 24.2000007629395 30 35.7999992370605 44.2000007629395 60.7999992370605 65.6999969482422 65.9000015258789 68.8000030517578 77.0999984741211 82.9000015258789 88.5999984741211 66.5 74.8000030517578 81.9000015258789 89.4000015258789 93.6999969482422 104 111.699996948242 115.300003051758 126.099998474121 144.199996948242 213.100006103516 373.5 424.100006103516 451.5 463.700012207031 477.799987792969 483.600006103516 472.700012207031 457.799987792969 439.5 419 393.399993896484 361.5 335 310.100006103516 291.700012207031 278.600006103516
-3.4e+38 -3.4e+38 -3.4e+38 -3.4e+38 -3.4e+38 0 0 0 0.100000001490116 1.60000002384186 2.09999990463257 3.90000009536743 6.30000019073486 11 15.1999998092651 17.7000007629395 19.7000007629395 23.3999996185303 28.7999992370605 35 40.0999984741211 54.2999992370605 63.7999992370605 68 66.5999984741211 72.5999984741211 79.1999969482422 59.2999992370605 64.0999984741211 72.3000030517578 77.6999969482422 85.5999984741211 88.8000030517578 101.099998474121 104.699996948242 107.900001525879 116.900001525879 138.300003051758 188.5 367.899993896484 407.399993896484 426.700012207031 440.700012207031 450.299987792969 453.200012207031 445.200012207031 439.399993896484 424.899993896484 404.100006103516 378.899993896484 356.700012207031 333.299987792969 310.100006103516 293 282.700012207031
-3.4e+38 -3.4e+38 -3.4e+38 -3.4e+38 -3.4e+38 0 0 0 0 1.70000004768372 2.29999995231628 3.59999990463257 6 10.1999998092651 13.3999996185303 16.5 19 22.7999992370605 28.7000007629395 34 39.2000007629395 54.0999984741211 57.2000007629395 62.5 68.3000030517578 69.9000015258789 77.0999984741211 82.1999969482422 61.9000015258789 68.5999984741211 75.1999969482422 82.3000030517578 86.1999969482422 92.9000015258789 107.400001525879 113.699996948242 121.599998474121 148.199996948242 230 355.799987792969 390.100006103516 406.899993896484 421.200012207031 431.600006103516 439.100006103516 424.899993896484 417.5 407.299987792969 385.5 367.299987792969 347.100006103516 326.899993896484 307.799987792969 292.600006103516 279.100006103516
-3.4e+38 -3.4e+38 -3.4e+38 -3.4e+38 -3.4e+38 -3.4e+38 0 0 0 1.29999995231628 2 3.79999995231628 5.40000009536743 8.89999961853027 11.3999996185303 15.3000001907349 18.5 21.7999992370605 28.2000007629395 32.9000015258789 38 53.2000007629395 58.5 63.2000007629395 66.3000030517578 71 75.6999969482422 79.6999969482422 62.7000007629395 66.8000030517578 75.1999969482422 80.5 84.8000030517578 92 105.599998474121 122.300003051758 133.899993896484 259 275.100006103516 339.5 367.5 377.899993896484 392.299987792969 410.600006103516 411.5 406.200012207031 397.799987792969 384.5 372.200012207031 354.399993896484 335.700012207031 317 302.399993896484 290.600006103516 280.399993896484
-3.4e+38 -3.4e+38 -3.4e+38 -3.4e+38 -3.4e+38 -3.4e+38 0 0 0 1.10000002384186 2 3.40000009536743 5.30000019073486 8.89999961853027 11 16 18.2999992370605 22.1000003814697 27.5 31.7999992370605 38.7999992370605 52.4000015258789 65.9000015258789 63.2999992370605 65 69.8000030517578 51.4000015258789 53.7999992370605 61.4000015258789 65.1999969482422 72.8000030517578 78.9000015258789 84.4000015258789 92.6999969482422 111.300003051758 130.300003051758 191.899993896484 344.100006103516 348.100006103516 329.600006103516 334.600006103516 357.899993896484 375.399993896484 390.600006103516 393.799987792969 389.399993896484 380.200012207031 369.200012207031 355.600006103516 334.700012207031 320.299987792969 310.100006103516 295.600006103516 285 278.299987792969
-3.4e+38 -3.4e+38 -3.4e+38 -3.4e+38 -3.4e+38 0 0 0 0 1.10000002384186 2 3.09999990463257 5.90000009536743 9.19999980926514 10.8000001907349 15.6000003814697 17.5 23.5 27.2000007629395 31.6000003814697 40.2999992370605 44.9000015258789 54.2000007629395 60.9000015258789 62.2999992370605 64.4000015258789 49.5999984741211 52.7000007629395 61.5 65.1999969482422 72.1999969482422 79 86.1999969482422 93.5999984741211 115.900001525879 206.300003051758 300.899993896484 352.200012207031 321 292.299987792969 314.700012207031 351.899993896484 364.799987792969 374.799987792969 378.100006103516 374.299987792969 363.899993896484 353.100006103516 343.200012207031 328.399993896484 304.399993896484 295.700012207031 290.600006103516 282.200012207031 276.299987792969
-3.4e+38 -3.4e+38 -3.4e+38 -3.4e+38 -3.4e+38 0 0 0 0 0.699999988079071 2 2.79999995231628 5.09999990463257 8.89999961853027 13.3000001907349 15.3000001907349 18 23.7999992370605 26.6000003814697 34.2000007629395 46.0999984741211 47.0999984741211 49.5 60.5 63.2000007629395 62.5999984741211 71.8000030517578 77.5 63.5 68.6999969482422 71 78.8000030517578 85.5999984741211 96.9000015258789 129.100006103516 288 343.100006103516 349.899993896484 290 267.200012207031 309.600006103516 341.600006103516 355 363.899993896484 371.799987792969 362.200012207031 351.700012207031 339.399993896484 326.299987792969 313.600006103516 296.200012207031 284.600006103516 282.100006103516 279.200012207031 275.799987792969
-3.4e+38 -3.4e+38 -3.4e+38 -3.4e+38 -3.4e+38 0 0 0 0 0.400000005960464 2 2.90000009536743 6 10.1000003814697 13.5 15.3999996185303 22.8999996185303 22.7999992370605 27.7000007629395 44.7999992370605 38.9000015258789 47.0999984741211 46 54.9000015258789 61 64.8000030517578 70.5 90.5 63.5 67.5999984741211 70.5 77.9000015258789 86.4000015258789 94 124.099998474121 309 368.5 336.700012207031 273.200012207031 262.600006103516 307.100006103516 333.799987792969 341.899993896484 362.600006103516 366.399993896484 355.700012207031 342.5 330.799987792969 316.399993896484 299.399993896484 287 280.299987792969 277.600006103516 276 273.200012207031
-3.4e+38 -3.4e+38 -3.4e+38 -3.4e+38 -3.4e+38 0 0.100000001490116 0.400000005960464 0 0.5 1.89999997615814 2.70000004768372 6.09999990463257 10.5 11.8999996185303 15.8000001907349 25.2999992370605 28.3999996185303 33.7000007629395 42.5999984741211 40.5999984741211 39.5999984741211 45.2999992370605 49.2000007629395 59.9000015258789 62 71.8000030517578 85.4000015258789 59.9000015258789 67.5 74.1999969482422 82.0999984741211 89.4000015258789 97.0999984741211 123.900001525879 272.299987792969 342.399993896484 280.100006103516 255.5 261.600006103516 307.100006103516 324.100006103516 331.299987792969 363.600006103516 358 341.799987792969 332.100006103516 320.399993896484 306.5 293.899993896484 285.200012207031 277.700012207031 275 274 272.600006103516
-3.4e+38 -3.4e+38 -3.4e+38 -3.4e+38 -3.4e+38 0 0.400000005960464 0.699999988079071 0.300000011920929 0.400000005960464 1.79999995231628 2.5 7.80000019073486 10.1999998092651 12.1000003814697 17.1000003814697 28.6000003814697 36 33.0999984741211 39.4000015258789 36.0999984741211 41.9000015258789 48.9000015258789 48.9000015258789 57.9000015258789 59.5 71.8000030517578 75.0999984741211 55.5 68.0999984741211 77.5999984741211 84.1999969482422 93.3000030517578 103.800003051758 163.899993896484 309.200012207031 316.600006103516 238.600006103516 228.199996948242 269.700012207031 316.100006103516 308.200012207031 313.5 350.299987792969 345.799987792969 332.399993896484 319.899993896484 306.799987792969 297.299987792969 290.700012207031 284.100006103516 278 274.700012207031 273 272.700012207031
-3.4e+38 -3.4e+38 -3.4e+38 -3.4e+38 -3.4e+38 0 0.100000001490116 0 0.5 1 1.79999995231628 3.20000004768372 8 11.8999996185303 11.6999998092651 19.2999992370605 35.5 32.5 32.2999992370605 36.4000015258789 43.4000015258789 52.4000015258789 46.7999992370605 48.9000015258789 57.9000015258789 61.5 67.5 73.6999969482422 81.9000015258789 73.4000015258789 78.4000015258789 84.0999984741211 95.4000015258789 126.900001525879 242.899993896484 337.600006103516 321.5 244.800003051758 261.799987792969 309 287.799987792969 280.100006103516 294.299987792969 314 322.299987792969 314.700012207031 303.600006103516 297.700012207031 295.700012207031 292.700012207031 285.299987792969 279.600006103516 275 273.200012207031 272.100006103516
-3.4e+38 -3.4e+38 -3.4e+38 -3.4e+38 -3.4e+38 0 0 0.100000001490116 0.400000005960464 1.10000002384186 2.79999995231628 3.5 8 14 15 20.8999996185303 28.5 32.7999992370605 31.8999996185303 35 39 49.5999984741211 48.4000015258789 48.4000015258789 58.5999984741211 62.2000007629395 73.3000030517578 74.4000015258789 89.5 73.1999969482422 84.1999969482422 94.5 97.3000030517578 156.300003051758 285.5 321.700012207031 306.700012207031 278.299987792969 283 312.299987792969 288.200012207031 273.100006103516 280.899993896484 284.399993896484 297.200012207031 297.700012207031 295.200012207031 294 291.299987792969 287.100006103516 280.100006103516 277.299987792969 275 274.200012207031 274
-3.4e+38 -3.4e+38 -3.4e+38 -3.4e+38 -3.4e+38 0 0 0 0 1 2.79999995231628 5.30000019073486 13.6000003814697 16.3999996185303 15.8000001907349 20.1000003814697 27 37 34 33.9000015258789 41.5 41.4000015258789 44.7999992370605 47.5999984741211 55.5999984741211 60.0999984741211 75.9000015258789 76.3000030517578 67.0999984741211 69.0999984741211 84.5999984741211 91.6999969482422 96.1999969482422 143.5 247 286.299987792969 276.200012207031 282.100006103516 292.799987792969 293.799987792969 273.700012207031 266.299987792969 265 257.700012207031 271.799987792969 281.100006103516 285 285.200012207031 283.5 280 278.399993896484 276 274.399993896484 274.5 274.5
-3.4e+38 -3.4e+38 -3.4e+38 -3.4e+38 -3.4e+38 -3.4e+38 0 0 0 0.699999988079071 1.89999997615814 5.40000009536743 14.3999996185303 17.7999992370605 16.5 19.7000007629395 33 36.5 36.4000015258789 33.4000015258789 46.5999984741211 46.0999984741211 51.2999992370605 49.9000015258789 58 61.7999992370605 69 77.8000030517578 65.1999969482422 72.8000030517578 83.5999984741211 86.3000030517578 96.9000015258789 133 201 258 266.799987792969 277.100006103516 295 296.899993896484 276.700012207031 269.100006103516 264.600006103516 257.700012207031 271.700012207031 274.399993896484 278.600006103516 280.700012207031 278.600006103516 277.299987792969 275.899993896484 274.899993896484 274 273 274.200012207031
-3.4e+38 -3.4e+38 -3.4e+38 -3.4e+38 -3.4e+38 -3.4e+38 0 0 0 0.300000011920929 1.5 4.90000009536743 9.89999961853027 17.2999992370605 20.7999992370605 21.3999996185303 32 33.0999984741211 39.5999984741211 41.4000015258789 47.0999984741211 48.9000015258789 48.9000015258789 49.2999992370605 60.9000015258789 61.5999984741211 66.8000030517578 82.6999969482422 63 73.5999984741211 78.1999969482422 82.0999984741211 97.6999969482422 129.300003051758 201.899993896484 230.300003051758 215.5 264.700012207031 319.799987792969 306.700012207031 291 291.700012207031 278.5 268.200012207031 275.700012207031 280.5 281.299987792969 278.299987792969 276 275.600006103516 273.600006103516 273.100006103516 272.700012207031 270.799987792969 273.299987792969
-3.4e+38 -3.4e+38 -3.4e+38 -3.4e+38 0 0 0 0 0 0.300000011920929 1.79999995231628 5.80000019073486 10.6999998092651 18.7999992370605 18.2000007629395 24.7999992370605 30.7999992370605 27.6000003814697 35.5 42.7999992370605 59.2000007629395 48.7999992370605 41.9000015258789 60.2000007629395 62.5 68.5999984741211 72.3000030517578 82.5 60.2999992370605 66.3000030517578 73.4000015258789 77.9000015258789 89.5 116.199996948242 172 172.699996948242 189.300003051758 257.200012207031 332.799987792969 321.100006103516 311.700012207031 312.700012207031 290.399993896484 281.700012207031 279.600006103516 279.799987792969 280.299987792969 278.700012207031 277.100006103516 274.200012207031 271.5 270.700012207031 270.5 270.399993896484 271.899993896484
