data/layers/future_layer_can_126_60/bio14.asc
NCOLS 494 
NROWS 529 
XLLCORNER -117.166666666667 
YLLCORNER -55.5 
CELLSIZE 0.166666666666667 
NODATA_value -3.4e+38 
[rows 130 to 155 of 529, columns 232 to 289 of 494]
-3.4e+38 -3.4e+38 -3.4e+38 -3.4e+38 -3.4e+38 -3.4e+38 -3.4e+38 -3.4e+38 -3.4e+38 -3.4e+38 -3.4e+38 -3.4e+38 -3.4e+38 -3.4e+38 -3.4e+38 -3.4e+38 -3.4e+38 -3.4e+38 -3.4e+38 -3.4e+38 -3.4e+38 6.30000019073486 6.19999980926514 1.29999995231628 -3.4e+38 1.60000002384186 9.60000038146973 14 12.3000001907349 11.8000001907349 13.3000001907349 16.5 12.6000003814697 8.89999961853027 7.09999990463257 16.2000007629395 17.3999996185303 16.1000003814697 10.3999996185303 10.3000001907349 -3.4e+38 -3.4e+38 -3.4e+38 6.80000019073486 9.30000019073486 9.89999961853027 8.80000019073486 8.10000038146973 9.5 10.1999998092651 10 10.1000003814697 10.8999996185303 19.6000003814697 15 18.2000007629395 19.1000003814697 18.6000003814697
-3.4e+38 -3.4e+38 -3.4e+38 -3.4e+38 -3.4e+38 -3.4e+38 -3.4e+38 -3.4e+38 -3.4e+38 -3.4e+38 -3.4e+38 -3.4e+38 -3.4e+38 -3.4e+38 -3.4e+38 -3.4e+38 -3.4e+38 -3.4e+38 -3.4e+38 -3.4e+38 9.5 8.5 6.80000019073486 1.89999997615814 -3.4e+38 2.79999995231628 8.30000019073486 15 12 9.89999961853027 15 13.8999996185303 10.3000001907349 8.30000019073486 12.8999996185303 18.5 23.1000003814697 17.2000007629395 13.6000003814697 12.1000003814697 12.8000001907349 -3.4e+38 10.6000003814697 11.1000003814697 12.3999996185303 10.6000003814697 10.5 11.6000003814697 11.3000001907349 11.8999996185303 11.6000003814697 13.1999998092651 18.3999996185303 19.3999996185303 18.6000003814697 16.2999992370605 16.2000007629395 17.7999992370605
-3.4e+38 -3.4e+38 -3.4e+38 -3.4e+38 -3.4e+38 -3.4e+38 -3.4e+38 -3.4e+38 -3.4e+38 -3.4e+38 -3.4e+38 -3.4e+38 -3.4e+38 -3.4e+38 -3.4e+38 -3.4e+38 -3.4e+38 -3.4e+38 -3.4e+38 4.59999990463257 9.5 10.8000001907349 9.60000038146973 5.59999990463257 8 8.89999961853027 8.60000038146973 13.8999996185303 14.6000003814697 13 14 13.3999996185303 11.1000003814697 11.3000001907349 21.3999996185303 18.8999996185303 13.3000001907349 17.6000003814697 16.8999996185303 16.2000007629395 16.6000003814697 -3.4e+38 12.1000003814697 13.1000003814697 13.8999996185303 12.3999996185303 13.1000003814697 13.6000003814697 13.6000003814697 14.3999996185303 13.8999996185303 13.5 15.1000003814697 17.6000003814697 14.6000003814697 13.6000003814697 15.8999996185303 15.3999996185303
-3.4e+38 -3.4e+38 -3.4e+38 -3.4e+38 -3.4e+38 -3.4e+38 -3.4e+38 -3.4e+38 -3.4e+38 -3.4e+38 -3.4e+38 -3.4e+38 -3.4e+38 -3.4e+38 -3.4e+38 -3.4e+38 -3.4e+38 -3.4e+38 11.3999996185303 12.6999998092651 8.30000019073486 11.6000003814697 10 12.6999998092651 13.6000003814697 16.3999996185303 12.8000001907349 12.1000003814697 14.1000003814697 14.1999998092651 13.3000001907349 12.3999996185303 15.3000001907349 13.3000001907349 22.2999992370605 22.1000003814697 14.5 20.7999992370605 19.1000003814697 18.3999996185303 -3.4e+38 -3.4e+38 -3.4e+38 15.8000001907349 14.8000001907349 12.3000001907349 18.5 17.2999992370605 15.3000001907349 14.8000001907349 14.8999996185303 14.3999996185303 13.5 15.8000001907349 16.3999996185303 15.5 17.6000003814697 17.7999992370605
-3.4e+38 -3.4e+38 -3.4e+38 -3.4e+38 -3.4e+38 -3.4e+38 -3.4e+38 -3.4e+38 -3.4e+38 -3.4e+38 -3.4e+38 -3.4e+38 -3.4e+38 -3.4e+38 -3.4e+38 -3.4e+38 -3.4e+38 -3.4e+38 13.8000001907349 12.3000001907349 12.1999998092651 9.80000019073486 14.6000003814697 14.6000003814697 14.1999998092651 13.3000001907349 13.6999998092651 11.6999998092651 13.8999996185303 12.8000001907349 13 13.3000001907349 14.6999998092651 13.6000003814697 21.7000007629395 20.7000007629395 17.2999992370605 21.7999992370605 22.3999996185303 21.8999996185303 -3.4e+38 -3.4e+38 -3.4e+38 21.3999996185303 17.2999992370605 13.6000003814697 19.8999996185303 25.2999992370605 18.1000003814697 16.2999992370605 15.3000001907349 15.3999996185303 14 13.8999996185303 15.6000003814697 16.6000003814697 17.7999992370605 16.1000003814697
-3.4e+38 -3.4e+38 -3.4e+38 -3.4e+38 -3.4e+38 -3.4e+38 -3.4e+38 -3.4e+38 -3.4e+38 -3.4e+38 -3.4e+38 -3.4e+38 -3.4e+38 -3.4e+38 -3.4e+38 -3.4e+38 -3.4e+38 -3.4e+38 10.8000001907349 13.6999998092651 17.5 12.1999998092651 12.3000001907349 15.1999998092651 15.8000001907349 18.1000003814697 13 14.3999996185303 13.8999996185303 12.6999998092651 12.3999996185303 14.6000003814697 16.3999996185303 16.2000007629395 24.7999992370605 19.3999996185303 21.7999992370605 24.5 24.1000003814697 -3.4e+38 -3.4e+38 -3.4e+38 -3.4e+38 -3.4e+38 18 18.2999992370605 19.5 24.7999992370605 22.8999996185303 17.7999992370605 18.8999996185303 15.1999998092651 15.8999996185303 12.5 15.6000003814697 13.8999996185303 12.8999996185303 11.8999996185303
-3.4e+38 -3.4e+38 -3.4e+38 -3.4e+38 -3.4e+38 -3.4e+38 -3.4e+38 -3.4e+38 -3.4e+38 -3.4e+38 -3.4e+38 -3.4e+38 -3.4e+38 -3.4e+38 -3.4e+38 -3.4e+38 -3.4e+38 -3.4e+38 14.6000003814697 15 17.6000003814697 8.60000038146973 13.3999996185303 14.3999996185303 15.8000001907349 17.6000003814697 14.8000001907349 14.6000003814697 15.3000001907349 14.1000003814697 14.1000003814697 14.8000001907349 17 27.3999996185303 24.2000007629395 22.7999992370605 28.7999992370605 28.5 -3.4e+38 -3.4e+38 -3.4e+38 -3.4e+38 -3.4e+38 -3.4e+38 -3.4e+38 20.6000003814697 23.7999992370605 25.7999992370605 23.7999992370605 21.7000007629395 21.2999992370605 17.6000003814697 14.8999996185303 14.1999998092651 16.2000007629395 14.8999996185303 11.5 11.3999996185303
-3.4e+38 -3.4e+38 -3.4e+38 -3.4e+38 -3.4e+38 -3.4e+38 -3.4e+38 -3.4e+38 -3.4e+38 -3.4e+38 -3.4e+38 -3.4e+38 -3.4e+38 -3.4e+38 -3.4e+38 -3.4e+38 -3.4e+38 -3.4e+38 14.5 18.6000003814697 17 12.8999996185303 10.1000003814697 14.1000003814697 15 14.3999996185303 14.3000001907349 13.3000001907349 16.2999992370605 13.3999996185303 15.6000003814697 15.3000001907349 22.8999996185303 35.7000007629395 23.8999996185303 21.7999992370605 32.5 30.5 -3.4e+38 -3.4e+38 -3.4e+38 -3.4e+38 -3.4e+38 -3.4e+38 -3.4e+38 22.3999996185303 23.2999992370605 21.6000003814697 21.7000007629395 23.2999992370605 18.2999992370605 19.8999996185303 17.2999992370605 20.7000007629395 17.7999992370605 13.8000001907349 9.5 11.3999996185303
-3.4e+38 -3.4e+38 -3.4e+38 -3.4e+38 -3.4e+38 -3.4e+38 -3.4e+38 -3.4e+38 -3.4e+38 -3.4e+38 -3.4e+38 -3.4e+38 -3.4e+38 -3.4e+38 -3.4e+38 -3.4e+38 -3.4e+38 -3.4e+38 15.8999996185303 17.6000003814697 17 17.1000003814697 10.1000003814697 15.6000003814697 16.1000003814697 15 13.8000001907349 14.6000003814697 12.8000001907349 15.3000001907349 15.3000001907349 17.6000003814697 38.0999984741211 30.2999992370605 22.8999996185303 33.5999984741211 34.0999984741211 36.2000007629395 26.8999996185303 -3.4e+38 -3.4e+38 -3.4e+38 -3.4e+38 -3.4e+38 -3.4e+38 23.5 21.1000003814697 22.7999992370605 24 20.1000003814697 20.1000003814697 24.8999996185303 22.7999992370605 20.1000003814697 15.8999996185303 11.6000003814697 9 9
-3.4e+38 -3.4e+38 -3.4e+38 -3.4e+38 -3.4e+38 -3.4e+38 -3.4e+38 -3.4e+38 -3.4e+38 -3.4e+38 -3.4e+38 -3.4e+38 -3.4e+38 -3.4e+38 -3.4e+38 -3.4e+38 -3.4e+38 -3.4e+38 17.8999996185303 18.3999996185303 19.8999996185303 19.1000003814697 15.1000003814697 15 15.3000001907349 13.6000003814697 14.8000001907349 12.6999998092651 11.3000001907349 13.5 14.8000001907349 27.2999992370605 45 27.7999992370605 22.2000007629395 42.4000015258789 47.0999984741211 38 44.0999984741211 -3.4e+38 -3.4e+38 -3.4e+38 -3.4e+38 -3.4e+38 -3.4e+38 33.5999984741211 25.3999996185303 26.8999996185303 27.2999992370605 18.7999992370605 25.7999992370605 23.2000007629395 21.1000003814697 16.6000003814697 11.1999998092651 11.6999998092651 8.5 7.40000009536743
28.2999992370605 -3.4e+38 -3.4e+38 -3.4e+38 -3.4e+38 -3.4e+38 -3.4e+38 -3.4e+38 -3.4e+38 -3.4e+38 -3.4e+38 -3.4e+38 -3.4e+38 -3.4e+38 -3.4e+38 16.1000003814697 16.7999992370605 18.3999996185303 20.2999992370605 20.8999996185303 19.7999992370605 19.7999992370605 16.1000003814697 12.6000003814697 11.1999998092651 12.1999998092651 16 12.3999996185303 11.8999996185303 12.8000001907349 20.7999992370605 50.0999984741211 35.9000015258789 28 43.5 54.9000015258789 57.5999984741211 57.7000007629395 49.7999992370605 48.2999992370605 -3.4e+38 -3.4e+38 -3.4e+38 -3.4e+38 -3.4e+38 36.2999992370605 32.7999992370605 26.7999992370605 21.1000003814697 24.2999992370605 28.6000003814697 20.2999992370605 15.8999996185303 11.1999998092651 9.5 8.39999961853027 7.19999980926514 7.59999990463257
16.7999992370605 29.1000003814697 34.0999984741211 -3.4e+38 -3.4e+38 -3.4e+38 -3.4e+38 -3.4e+38 -3.4e+38 -3.4e+38 -3.4e+38 -3.4e+38 -3.4e+38 -3.4e+38 17.5 16.8999996185303 17.1000003814697 18.2999992370605 20.2999992370605 22 19.3999996185303 18.2999992370605 14.6000003814697 12.1999998092651 12.3999996185303 12.3000001907349 12.6000003814697 12.6999998092651 12.6000003814697 14.8000001907349 40.5 53.2999992370605 53.7000007629395 49 58 66 67.5999984741211 57.5999984741211 47.9000015258789 52 -3.4e+38 -3.4e+38 -3.4e+38 -3.4e+38 41.7000007629395 28.3999996185303 15.1999998092651 11.6999998092651 16.6000003814697 32.0999984741211 22.5 16.2999992370605 14.8000001907349 9.69999980926514 8.39999961853027 7.59999990463257 7 7.30000019073486
29.1000003814697 22.1000003814697 24.2000007629395 34.2999992370605 -3.4e+38 -3.4e+38 -3.4e+38 -3.4e+38 -3.4e+38 -3.4e+38 -3.4e+38 -3.4e+38 -3.4e+38 16.3999996185303 19.1000003814697 18.8999996185303 20.3999996185303 20.7000007629395 23 23.2999992370605 20.1000003814697 15.6000003814697 19.7000007629395 17.2999992370605 12.3999996185303 13.5 14.3000001907349 12.8000001907349 13.8000001907349 16 53.9000015258789 55.2999992370605 60.2000007629395 57.2999992370605 66 75.5999984741211 59.7999992370605 51 45.5999984741211 50.2999992370605 58.5999984741211 54.4000015258789 48.7999992370605 41.7000007629395 26.3999996185303 10 9.19999980926514 20.6000003814697 41.0999984741211 24.8999996185303 16.2999992370605 14.3999996185303 15 9 8 7.90000009536743 7.40000009536743 6.90000009536743
18.3999996185303 19.2999992370605 16.7000007629395 19.3999996185303 35 -3.4e+38 -3.4e+38 -3.4e+38 -3.4e+38 -3.4e+38 -3.4e+38 -3.4e+38 20.2999992370605 20.3999996185303 23 26.7000007629395 22.7000007629395 24.1000003814697 26.1000003814697 23.2000007629395 21.1000003814697 20.3999996185303 22.2000007629395 21.2999992370605 18.8999996185303 21.1000003814697 16.3999996185303 12.8999996185303 16.2999992370605 17.6000003814697 51.9000015258789 52.7999992370605 56.4000015258789 71.5999984741211 77.0999984741211 76.3000030517578 68.5999984741211 48.5999984741211 49.2999992370605 52.2999992370605 53.5 57 37.7999992370605 15.3000001907349 9.80000019073486 10.3000001907349 14.6000003814697 44.0999984741211 21.7999992370605 18.2999992370605 13.8999996185303 11.1999998092651 9.80000019073486 8.80000019073486 7.80000019073486 6 6.19999980926514 5.59999990463257
10.8999996185303 20.7000007629395 31.6000003814697 24.2000007629395 20.2999992370605 55.7999992370605 55.0999984741211 -3.4e+38 -3.4e+38 -3.4e+38 34.5 42.2000007629395 39.2999992370605 26.2999992370605 35.2999992370605 27.3999996185303 26.8999996185303 26.8999996185303 28.2999992370605 26.7000007629395 20.3999996185303 26.6000003814697 28.8999996185303 26 20.2999992370605 22.1000003814697 17.7999992370605 14.1000003814697 17.3999996185303 26.6000003814697 58.9000015258789 64.3000030517578 58.4000015258789 58.2000007629395 76.3000030517578 80.3000030517578 73.4000015258789 61.5 64.5999984741211 75.3000030517578 63.5999984741211 63.9000015258789 28.1000003814697 22.7999992370605 16.7999992370605 10.8000001907349 48.5 29.2999992370605 18.8999996185303 24.7999992370605 11.8000001907349 9.80000019073486 8.39999961853027 8.10000038146973 6.80000019073486 5.90000009536743 5.30000019073486 5
-3.4e+38 -3.4e+38 23.2999992370605 30.7999992370605 22.2000007629395 32.0999984741211 56.7999992370605 -3.4e+38 -3.4e+38 -3.4e+38 -3.4e+38 50 47.0999984741211 34.9000015258789 43.5999984741211 37.9000015258789 30.7999992370605 28.7999992370605 29.3999996185303 30.2999992370605 25.1000003814697 34.5999984741211 43.2999992370605 35.9000015258789 28.8999996185303 32.7000007629395 20.2999992370605 17.6000003814697 19.2999992370605 26.5 57.2999992370605 70 67.5999984741211 75 77.9000015258789 79.3000030517578 84.4000015258789 85 78.8000030517578 71.8000030517578 61.7000007629395 39.9000015258789 22.8999996185303 16.8999996185303 13.5 41.4000015258789 37.9000015258789 22.8999996185303 18.1000003814697 17.2999992370605 11.6999998092651 8.89999961853027 8.39999961853027 7.19999980926514 6.19999980926514 5.80000019073486 5.90000009536743 5.80000019073486
-3.4e+38 -3.4e+38 35.9000015258789 32.2999992370605 27.8999996185303 16 40.5 52.9000015258789 -3.4e+38 -3.4e+38 -3.4e+38 52.0999984741211 53.7999992370605 48.5999984741211 41.7999992370605 38.9000015258789 35.9000015258789 29.1000003814697 33.7000007629395 38 34.7999992370605 37.0999984741211 41.2999992370605 40.7999992370605 53.9000015258789 40.0999984741211 38.7999992370605 20.7999992370605 32.5999984741211 43.5 36.7999992370605 46.4000015258789 53.5 68.5 73.8000030517578 82.5 89.4000015258789 84.3000030517578 67.4000015258789 35.4000015258789 29.2000007629395 27.5 23.8999996185303 23.3999996185303 29.1000003814697 43.4000015258789 24.2999992370605 19.6000003814697 22.7000007629395 15 10.1000003814697 9.30000019073486 7.80000019073486 6.59999990463257 5.69999980926514 5.59999990463257 6.09999990463257 4.40000009536743
-3.4e+38 -3.4e+38 48.0999984741211 53.4000015258789 49.9000015258789 24.3999996185303 36.9000015258789 35.2000007629395 31.7000007629395 23.5 -3.4e+38 60.5999984741211 61.9000015258789 53.5999984741211 39.4000015258789 39.2000007629395 48.7000007629395 51 37.5999984741211 34.7999992370605 43.2999992370605 44.0999984741211 51.9000015258789 51.5999984741211 56.2000007629395 54.2000007629395 39.2000007629395 20 32.2999992370605 39.9000015258789 34.9000015258789 38.5 30.1000003814697 52.5999984741211 65.9000015258789 66.8000030517578 74.8000030517578 71.9000015258789 37.9000015258789 18.1000003814697 27.2999992370605 29.1000003814697 34.5 35.0999984741211 26.2000007629395 22.5 18.5 14.8000001907349 24.6000003814697 9.89999961853027 9.5 8.30000019073486 8.39999961853027 8.5 7.59999990463257 6.80000019073486 7.09999990463257 5.80000019073486
-3.4e+38 43.5 44.9000015258789 55.4000015258789 67.4000015258789 22.6000003814697 22.5 38.2999992370605 24.1000003814697 -3.4e+38 -3.4e+38 71.9000015258789 72.5999984741211 54.7000007629395 66.0999984741211 55.0999984741211 41.2000007629395 48 44.9000015258789 44.9000015258789 43.9000015258789 49.7000007629395 62.0999984741211 71.4000015258789 55.9000015258789 52.4000015258789 38.7999992370605 23.6000003814697 26.1000003814697 36.5999984741211 37.0999984741211 28.7000007629395 24.7999992370605 39.7999992370605 54.2999992370605 59 55.0999984741211 42.2999992370605 52.2999992370605 59.2999992370605 35.4000015258789 47.0999984741211 32.2000007629395 22.8999996185303 19.1000003814697 15.3000001907349 14.6000003814697 13.6000003814697 14.6000003814697 14.8999996185303 8.30000019073486 7.69999980926514 8.30000019073486 7.80000019073486 5.30000019073486 5.90000009536743 6.09999990463257 5.30000019073486
-3.4e+38 -3.4e+38 68.5 68.9000015258789 70.9000015258789 31.3999996185303 23.3999996185303 27.5 42.9000015258789 55 61.7999992370605 83.8000030517578 81.3000030517578 62.7999992370605 65.1999969482422 62 50.2000007629395 60 50.2999992370605 54.7999992370605 54.5999984741211 54.2999992370605 66.5999984741211 78.3000030517578 80.0999984741211 52.0999984741211 41 32 29.6000003814697 31.6000003814697 37.0999984741211 40.5999984741211 24.8999996185303 34.2999992370605 40.2999992370605 45.2999992370605 47.9000015258789 50.0999984741211 68.4000015258789 57.5 34.2999992370605 27.7000007629395 24.7999992370605 21.6000003814697 11.3999996185303 12.1000003814697 13.3000001907349 9.89999961853027 9.39999961853027 9.60000038146973 8.80000019073486 7.90000009536743 6.80000019073486 5.80000019073486 5.59999990463257 4.90000009536743 4.80000019073486 3.59999990463257
-3.4e+38 -3.4e+38 27 51.4000015258789 36.5999984741211 39.5 20.6000003814697 27.1000003814697 50.7999992370605 68.1999969482422 67.9000015258789 83.8000030517578 102.599998474121 86.5999984741211 74.9000015258789 93.0999984741211 85.0999984741211 75.4000015258789 56 58.9000015258789 64.0999984741211 62.7000007629395 78.5999984741211 94.3000030517578 83.3000030517578 60 38.2999992370605 34.7999992370605 35.4000015258789 37.5 31.3999996185303 40.4000015258789 31.8999996185303 27.2999992370605 37.2999992370605 34.9000015258789 44.9000015258789 74.9000015258789 58.7999992370605 46.9000015258789 39.4000015258789 26.3999996185303 22.6000003814697 16.5 12.1000003814697 12.5 11.3000001907349 9.60000038146973 9.39999961853027 9.39999961853027 8.5 7.80000019073486 6.80000019073486 5.90000009536743 5.30000019073486 5 5.59999990463257 3.59999990463257
-3.4e+38 -3.4e+38 -3.4e+38 15.3000001907349 18.8999996185303 41.5999984741211 20.2000007629395 40.2000007629395 72.5 89.6999969482422 86.4000015258789 81.6999969482422 104.599998474121 130.899993896484 113.599998474121 115.800003051758 95 96 85.8000030517578 76.0999984741211 74.9000015258789 83.5999984741211 85.9000015258789 93.4000015258789 74.0999984741211 75.9000015258789 51.7000007629395 33.2999992370605 39.2000007629395 47.4000015258789 34 42.0999984741211 38 18.6000003814697 28 25.2999992370605 25.7999992370605 79.9000015258789 89.4000015258789 54.2999992370605 41.7999992370605 26.2999992370605 21.1000003814697 15.3000001907349 12.8999996185303 12.6999998092651 10.8999996185303 10.5 8.89999961853027 8.60000038146973 7.40000009536743 7.30000019073486 7.30000019073486 6.09999990463257 6.19999980926514 7.59999990463257 5.80000019073486 4.09999990463257
-3.4e+38 -3.4e+38 -3.4e+38 -3.4e+38 20.1000003814697 34.7999992370605 37.9000015258789 43.2999992370605 90.6999969482422 94.5 96.5 97.0999984741211 103.599998474121 98.1999969482422 98.4000015258789 81.4000015258789 58.7999992370605 63.7999992370605 72.9000015258789 79.5999984741211 81.4000015258789 87.3000030517578 84.1999969482422 96.6999969482422 72.9000015258789 78.5999984741211 52.7000007629395 33.9000015258789 45.7999992370605 51.5999984741211 47.2000007629395 46 42.2999992370605 20.1000003814697 21.1000003814697 24.2999992370605 39.2999992370605 85.5 110.400001525879 64.4000015258789 44.0999984741211 27.2999992370605 19.1000003814697 12.6000003814697 12.8000001907349 11.6000003814697 11.5 10.5 9.80000019073486 8.5 9.39999961853027 7.90000009536743 7.40000009536743 6.30000019073486 5.90000009536743 7.40000009536743 5.30000019073486 4.40000009536743
-3.4e+38 -3.4e+38 -3.4e+38 -3.4e+38 -3.4e+38 40.2999992370605 50.7000007629395 77.5999984741211 101.900001525879 108.599998474121 140.600006103516 182.300003051758 121.599998474121 61.7999992370605 52.9000015258789 60.0999984741211 59.5999984741211 72.5999984741211 88.4000015258789 80.3000030517578 88.1999969482422 87.4000015258789 84.5999984741211 83.3000030517578 77.0999984741211 62.0999984741211 45.5999984741211 50.4000015258789 54.4000015258789 50.7999992370605 52.4000015258789 49.7999992370605 42.5 19.6000003814697 17.2999992370605 20.2999992370605 57.5999984741211 79.4000015258789 80.8000030517578 60.2999992370605 41.4000015258789 27.2999992370605 18.6000003814697 14.3000001907349 13.1999998092651 13 11.3999996185303 11.1000003814697 10.8000001907349 10.1000003814697 9 8.19999980926514 8 6.80000019073486 6.69999980926514 8.10000038146973 6 5.59999990463257
-3.4e+38 -3.4e+38 -3.4e+38 -3.4e+38 -3.4e+38 43.0999984741211 77.3000030517578 139 129.300003051758 154.899993896484 191.899993896484 264.200012207031 160.800003051758 72.5999984741211 55.9000015258789 66.9000015258789 66.6999969482422 70.3000030517578 77.5999984741211 81.3000030517578 89.0999984741211 97.6999969482422 99.8000030517578 87.3000030517578 91.5 65.3000030517578 58.2999992370605 50.4000015258789 55.9000015258789 60.2999992370605 63.0999984741211 47.7999992370605 46.5 34.7999992370605 12 17.3999996185303 49.2999992370605 83.4000015258789 93.0999984741211 83.5999984741211 43 29.5 16.2999992370605 16.6000003814697 15.1000003814697 13.1000003814697 11.6000003814697 10.6000003814697 10.3999996185303 9.30000019073486 8.89999961853027 8.39999961853027 8.39999961853027 7.59999990463257 6.90000009536743 6.40000009536743 6.09999990463257 6.19999980926514
-3.4e+38 -3.4e+38 -3.4e+38 -3.4e+38 -3.4e+38 -3.4e+38 101.699996948242 140.300003051758 176.300003051758 192.399993896484 134.800003051758 241.100006103516 153.5 75.0999984741211 66.8000030517578 66.9000015258789 69.1999969482422 71.8000030517578 72 91.5 90.5999984741211 98 87.8000030517578 86.6999969482422 83.4000015258789 63 62.0999984741211 70.4000015258789 64.0999984741211 63.0999984741211 53.7999992370605 50.5999984741211 48.9000015258789 45.2999992370605 23.1000003814697 10.3999996185303 15.1000003814697 47 82.4000015258789 100.900001525879 54.7000007629395 24.3999996185303 16.2999992370605 16.3999996185303 15.8999996185303 12.1000003814697 11.1999998092651 12.3000001907349 10.8999996185303 10.1000003814697 9.60000038146973 9.19999980926514 9.10000038146973 8.10000038146973 7.40000009536743 7.30000019073486 7 6.90000009536743
