data/layers/future_layer_can_126_60/bio12.asc
NCOLS 494 
NROWS 529 
XLLCORNER -117.166666666667 
YLLCORNER -55.5 
CELLSIZE 0.166666666666667 
NODATA_value -3.4e+38 
[rows 288 to 311 of 529, columns 275 to 329 of 494]
838.599975585938 920.5 979.900024414062 1030.69995117188 1081.19995117188 920.099975585938 821.200012207031 777.5 863.900024414062 919.5 987.599975585938 1025.90002441406 1024.09997558594 1018.59997558594 1011.90002441406 994.099975585938 1105.69995117188 1247.69995117188 1404.19995117188 1512.09997558594 1529.40002441406 1591 1692.40002441406 1706.59997558594 1715.80004882812 1758.30004882812 1883.5 1952.5 2013 2077 2133.60009765625 2183.60009765625 2219.39990234375 2256 2279.19995117188 2289.89990234375 2295.30004882812 2269.5 2225 2171 2093.89990234375 1999.30004882812 1884.90002441406 1759.5 1630.5 1510.5 1396.40002441406 1284.19995117188 1187 1111.69995117188 1073.40002441406 1059.90002441406 1055.40002441406 1058.40002441406 1062.19995117188
756 784.900024414062 862.900024414062 967.799987792969 1025.5 954.099975585938 755.5 762.200012207031 877.299987792969 993.200012207031 1065.59997558594 1075.69995117188 1055.09997558594 1016.79998779297 972.599975585938 1004.09997558594 952.5 1082 1278.09997558594 1417.19995117188 1509.40002441406 1536.30004882812 1565.5 1707.80004882812 1766 1742.19995117188 1816 1990.80004882812 2090.10009765625 2174.39990234375 2251.5 2317.5 2370 2436.60009765625 2460.69995117188 2479 2474 2446.19995117188 2394.60009765625 2312.69995117188 2219.80004882812 2102 1978.09997558594 1836.19995117188 1692.5 1549.90002441406 1418.59997558594 1287.40002441406 1179.19995117188 1092.69995117188 1051.09997558594 1041.69995117188 1043.80004882812 1049.80004882812 1052.5
633.299987792969 700.900024414062 774.299987792969 857.900024414062 932.700012207031 902.099975585938 748.599975585938 780 889.400024414062 1055.19995117188 1167.69995117188 1155.90002441406 1091.69995117188 1025.80004882812 1012.5 945.099975585938 926.700012207031 940.599975585938 1030 1317.5 1408 1490.5 1518.40002441406 1548.40002441406 1688.59997558594 1808.59997558594 1835.5 1947.09997558594 2143.19995117188 2265.30004882812 2370 2459.69995117188 2532.30004882812 2610.80004882812 2648.60009765625 2672.19995117188 2670.60009765625 2637.5 2577.5 2482.30004882812 2367.80004882812 2225.39990234375 2074.80004882812 1913.5 1754 1596.40002441406 1442.69995117188 1310.19995117188 1186.80004882812 1091.59997558594 1046.80004882812 1041.90002441406 1047.09997558594 1048.59997558594 1050.09997558594
502.200012207031 619.400024414062 716.700012207031 773.099975585938 827.700012207031 902.5 888.299987792969 882.299987792969 930.200012207031 1056.09997558594 1187.90002441406 1205.19995117188 1134.30004882812 1020 921 825.200012207031 876.400024414062 918.799987792969 888.299987792969 1138.5 1296.90002441406 1383.19995117188 1468.09997558594 1470.59997558594 1623.59997558594 1670.90002441406 1879.69995117188 1938 2139.10009765625 2353.19995117188 2484.80004882812 2608.60009765625 2699.30004882812 2781.30004882812 2842 2877 2873.5 2848.60009765625 2783.80004882812 2664.80004882812 2523.60009765625 2360 2178.60009765625 1991.69995117188 1808.59997558594 1638.90002441406 1487.09997558594 1340.5 1220.69995117188 1132.30004882812 1075.40002441406 1060.69995117188 1059.90002441406 1051.80004882812 1054.09997558594
446.600006103516 507.899993896484 630 682.5 732.200012207031 812.099975585938 888.400024414062 849.700012207031 903.700012207031 1037.19995117188 1165.69995117188 1231.80004882812 1150 1038.69995117188 897.5 827.799987792969 793.700012207031 881.299987792969 869.799987792969 919.099975585938 1144.59997558594 1289.59997558594 1355.19995117188 1396.19995117188 1508.5 1636.5 1799.40002441406 1927.80004882812 2009.80004882812 2349.39990234375 2591.39990234375 2751.39990234375 2867 2967 3040.30004882812 3081 3087.39990234375 3059.80004882812 2992.60009765625 2865.39990234375 2701.39990234375 2497.5 2281.89990234375 2075.10009765625 1878.80004882812 1683.80004882812 1515.80004882812 1373.80004882812 1254.09997558594 1163 1105.30004882812 1089.90002441406 1076.59997558594 1063.19995117188 1060.69995117188
440.899993896484 486.299987792969 565.099975585938 561.599975585938 701.700012207031 753.799987792969 807.400024414062 805.5 840.400024414062 932.099975585938 1046.09997558594 1111.09997558594 1095.19995117188 1013.79998779297 913.700012207031 834.200012207031 789.700012207031 796.099975585938 826.599975585938 805.099975585938 930.400024414062 1166.40002441406 1234.80004882812 1295.80004882812 1385.5 1494.5 1643.30004882812 1780.40002441406 1969.90002441406 2131.69995117188 2522.39990234375 2852.30004882812 3030.30004882812 3155.80004882812 3250.69995117188 3290.5 3291 3256.89990234375 3196.69995117188 3074.39990234375 2871.69995117188 2631.10009765625 2383.89990234375 2150.60009765625 1935.40002441406 1741.69995117188 1555.30004882812 1396 1277.80004882812 1181.19995117188 1123.59997558594 1096.19995117188 1084.30004882812 1062 1056.40002441406
407.5 468.600006103516 493.5 439.700012207031 651.099975585938 680.400024414062 729.900024414062 763.299987792969 792 825.299987792969 873.599975585938 942.900024414062 968.700012207031 929.799987792969 860.900024414062 815.5 770.799987792969 734.799987792969 722.900024414062 725.299987792969 772.900024414062 961.400024414062 1169 1189.19995117188 1279.30004882812 1200.09997558594 1311.30004882812 1623 1815.69995117188 1904.80004882812 2211.60009765625 2809.60009765625 3145.5 3344.19995117188 3461.60009765625 3499.60009765625 3468 3435.60009765625 3395.69995117188 3277.39990234375 3032.30004882812 2747.39990234375 2458.30004882812 2192.69995117188 1965 1770.90002441406 1585.90002441406 1413.30004882812 1278.5 1190.5 1118.69995117188 1078.30004882812 1064.5 1042.09997558594 1032.90002441406
219.699996948242 319.5 413.600006103516 340.200012207031 555.599975585938 606.700012207031 670.700012207031 712.299987792969 732.599975585938 695.400024414062 746.900024414062 802.700012207031 827.799987792969 819.200012207031 798.900024414062 792.799987792969 746 693.700012207031 640.900024414062 591.299987792969 636.299987792969 760.599975585938 911.200012207031 1115.19995117188 1184.69995117188 1101.90002441406 1008.29998779297 1369.69995117188 1448.69995117188 1651.80004882812 1791.69995117188 2249.89990234375 3007 3480.80004882812 3672.69995117188 3707.5 3587.80004882812 3525.10009765625 3578.5 3486 3158.39990234375 2813.19995117188 2492.10009765625 2208.80004882812 1964.40002441406 1752.69995117188 1576.5 1414 1267.59997558594 1164.90002441406 1096.19995117188 1055.80004882812 1028.59997558594 1014.40002441406 1002.59997558594
69.6999969482422 70.5 100 195.800003051758 516.299987792969 565.799987792969 610.299987792969 647.400024414062 654.900024414062 589.700012207031 665.200012207031 708 708.299987792969 715.200012207031 713.400024414062 734.5 719.599975585938 651.900024414062 594.5 576.900024414062 607.799987792969 714.299987792969 793.200012207031 822.200012207031 983.799987792969 998.799987792969 968.099975585938 1196 1054.5 1223 1614.59997558594 1679.5 2450.10009765625 3317.60009765625 3828.19995117188 3969 3653.89990234375 3506.5 3610.5 3529.5 3163.10009765625 2796.80004882812 2469.69995117188 2184.89990234375 1941.5 1727.40002441406 1541.90002441406 1391 1259.69995117188 1135 1055.59997558594 1018.40002441406 999.099975585938 977.599975585938 964.599975585938
25.8999996185303 58.2999992370605 98.6999969482422 293.700012207031 475.5 530 549.799987792969 586.700012207031 589.400024414062 549.599975585938 626.799987792969 607.900024414062 612.400024414062 629.799987792969 637.099975585938 629.799987792969 640.900024414062 620.5 567.200012207031 540.5 548.700012207031 653.200012207031 612.799987792969 750.200012207031 801.400024414062 918.299987792969 992.200012207031 1013.90002441406 973 1013 1239.90002441406 1309.69995117188 2016.69995117188 2770.80004882812 3466.30004882812 3891.39990234375 3670.30004882812 3463.5 3426.39990234375 3290 3019.19995117188 2697 2393.89990234375 2121.80004882812 1892 1687.09997558594 1507.30004882812 1348.09997558594 1214.5 1097.40002441406 1010.79998779297 968.799987792969 959 948.599975585938 949.400024414062
14.8000001907349 24.1000003814697 43.7999992370605 149 366.299987792969 476.5 480.899993896484 523.400024414062 531.5 528.700012207031 530.599975585938 556.799987792969 539.900024414062 553.099975585938 574.400024414062 568.400024414062 581.799987792969 593.400024414062 563.200012207031 486 499.799987792969 544.299987792969 563.5 619 698 812.099975585938 881.799987792969 932.700012207031 946.200012207031 967 1002.40002441406 1166.09997558594 1407.40002441406 2325.69995117188 2773.30004882812 3336.10009765625 3338.5 3263.5 3181.89990234375 3037.19995117188 2804.80004882812 2542.69995117188 2287.69995117188 2041.90002441406 1827 1648.69995117188 1472 1313.19995117188 1176.80004882812 1042.90002441406 958.200012207031 923.299987792969 925.5 926.700012207031 930.599975585938
7.09999990463257 10.6999998092651 17.7000007629395 59.5 169.399993896484 232.100006103516 260.200012207031 388 459.700012207031 436.200012207031 439.899993896484 510.5 499.600006103516 521 518.799987792969 519 512.5 521.5 539.099975585938 470.200012207031 454.399993896484 528.5 500.899993896484 541.299987792969 626.200012207031 696.5 774 826.200012207031 899.900024414062 939.799987792969 974.200012207031 915.200012207031 1072.30004882812 1103.90002441406 1362.69995117188 2547.5 2792.10009765625 2782 2772.69995117188 2650.89990234375 2534.5 2350.10009765625 2151.39990234375 1948.59997558594 1781.30004882812 1621.80004882812 1442.40002441406 1284.90002441406 1163.80004882812 1033.80004882812 927 891.099975585938 896.5 904.400024414062 902.700012207031
3.79999995231628 5.59999990463257 8.19999980926514 12.8000001907349 22.5 54.4000015258789 103.199996948242 215.399993896484 397.700012207031 436.5 394.299987792969 424.299987792969 448.799987792969 483.399993896484 484.100006103516 482.399993896484 469.700012207031 465.600006103516 459.700012207031 444.299987792969 433.399993896484 440.100006103516 451.200012207031 505.299987792969 571.099975585938 639.5 696.5 739.599975585938 800.200012207031 815.299987792969 753.799987792969 865.299987792969 829.200012207031 730.299987792969 772.400024414062 1028.09997558594 1910.69995117188 2205.19995117188 2155.69995117188 2034.69995117188 1958.09997558594 1913.40002441406 1863.30004882812 1798.80004882812 1664.80004882812 1547.5 1401.30004882812 1277.90002441406 1205.59997558594 1099.90002441406 943.799987792969 888.200012207031 878.299987792969 879.099975585938 879.200012207031
1.39999997615814 2.29999995231628 2.59999990463257 4.59999990463257 8.60000038146973 19.1000003814697 74.3000030517578 153.199996948242 314.700012207031 388.899993896484 348.200012207031 363.799987792969 404.799987792969 437.600006103516 459.600006103516 469.299987792969 454.600006103516 438.5 427.700012207031 417.799987792969 410 407.100006103516 416.799987792969 454.700012207031 505.100006103516 573.200012207031 650.299987792969 691.799987792969 726.900024414062 736.5 725.299987792969 854.700012207031 946.299987792969 756.099975585938 645.599975585938 652.599975585938 699.799987792969 895.400024414062 1097.80004882812 1074.59997558594 1353.30004882812 1217.80004882812 1256 1385.80004882812 1441.5 1404.30004882812 1335.90002441406 1252.90002441406 1180.5 1087.90002441406 958.799987792969 890.400024414062 877.900024414062 861.099975585938 860.299987792969
-3.4e+38 3.59999990463257 2.5 9.5 12 14.3000001907349 22.3999996185303 61.2999992370605 210.699996948242 310.399993896484 346.899993896484 371.399993896484 403.799987792969 445.200012207031 446.100006103516 447.200012207031 441 416.399993896484 416.700012207031 410.600006103516 389.100006103516 381.200012207031 385.299987792969 397.5 444 505 583.400024414062 637 677.200012207031 708.599975585938 711.400024414062 741.200012207031 736.400024414062 628.900024414062 627.200012207031 683.900024414062 672.400024414062 638.799987792969 693.599975585938 796.299987792969 882.299987792969 804.099975585938 797.400024414062 907.700012207031 1021.09997558594 1093.90002441406 1183.09997558594 1200 1179.40002441406 1102.30004882812 978.900024414062 901 867.200012207031 848.299987792969 846.200012207031
-3.4e+38 -3.4e+38 -3.4e+38 5.59999990463257 10.3000001907349 9.19999980926514 9.69999980926514 23.5 145.199996948242 258.200012207031 283.299987792969 361 396.399993896484 435.700012207031 454.200012207031 423.5 421.799987792969 411.100006103516 400.299987792969 393.200012207031 389.5 370.899993896484 364.5 378.399993896484 415.299987792969 465.399993896484 527.700012207031 581.599975585938 615.700012207031 644.799987792969 664.400024414062 725.700012207031 789.5 688.599975585938 674.200012207031 676.299987792969 627.700012207031 636 640.900024414062 612.099975585938 590.400024414062 577.599975585938 586.099975585938 669.099975585938 748.700012207031 889.299987792969 923.599975585938 1071.90002441406 1099.30004882812 1049.40002441406 962.099975585938 886.700012207031 848.799987792969 824.400024414062 810.5
-3.4e+38 -3.4e+38 -3.4e+38 -3.4e+38 8.5 8.89999961853027 7.69999980926514 11.6999998092651 93 209.800003051758 267.5 361.799987792969 384.700012207031 431.100006103516 436.5 398.700012207031 393.200012207031 429.200012207031 396.299987792969 364.799987792969 358.100006103516 390.700012207031 359.399993896484 366.799987792969 395.299987792969 437 502.700012207031 543.599975585938 568.200012207031 586.599975585938 600.700012207031 636.900024414062 660.099975585938 718.700012207031 690 644.299987792969 592.599975585938 570.700012207031 576.5 530.299987792969 475.299987792969 474 518.400024414062 583.799987792969 654.700012207031 739.700012207031 833.599975585938 1000.09997558594 971 976.700012207031 914 847.5 813.400024414062 788 775.200012207031
-3.4e+38 -3.4e+38 -3.4e+38 -3.4e+38 -3.4e+38 -3.4e+38 4.90000009536743 8 43.5999984741211 136.100006103516 206.600006103516 328.399993896484 364.399993896484 390.700012207031 391.899993896484 364.299987792969 376 375.700012207031 344.200012207031 332.799987792969 330.899993896484 345.100006103516 345 356.899993896484 382.799987792969 418.200012207031 457.100006103516 493 520.5 547.900024414062 554 622.900024414062 664.900024414062 696.5 687.5 646.599975585938 610.400024414062 571.599975585938 514.299987792969 491 493.5 465.299987792969 546.599975585938 592 678 724.5 787.599975585938 888.700012207031 898.400024414062 873.799987792969 827.5 786.799987792969 764.599975585938 746.900024414062 744
-3.4e+38 -3.4e+38 -3.4e+38 -3.4e+38 -3.4e+38 -3.4e+38 2.5 6.30000019073486 18.5 99.5 156 295.5 336.299987792969 368.600006103516 346.5 319.799987792969 305.299987792969 299.899993896484 300 305.899993896484 310.299987792969 317.700012207031 326.799987792969 341 367.799987792969 403.899993896484 430 444.100006103516 475.799987792969 498.799987792969 522 556.700012207031 629.799987792969 674.299987792969 682 651.400024414062 599.799987792969 572.5 507.200012207031 502.299987792969 494.5 505.399993896484 558.099975585938 609.900024414062 667.900024414062 719.299987792969 746.299987792969 834 826.400024414062 788.700012207031 744.299987792969 720.799987792969 709 702.5 703.700012207031
-3.4e+38 -3.4e+38 -3.4e+38 -3.4e+38 -3.4e+38 -3.4e+38 0.400000005960464 2.40000009536743 16.2000007629395 77 150.100006103516 246 308.799987792969 312.299987792969 278 279.600006103516 277.5 271.299987792969 272.399993896484 279 287 296.200012207031 309.600006103516 328 348 381.799987792969 415.5 409.899993896484 424.899993896484 458.799987792969 492.200012207031 503.299987792969 549.299987792969 646.400024414062 681.799987792969 679.900024414062 599.799987792969 555.400024414062 517.5 489 500.899993896484 523.099975585938 577.200012207031 614.299987792969 647.700012207031 721.799987792969 761.900024414062 809.400024414062 777.200012207031 710.700012207031 668 666 664.099975585938 661.5 661.299987792969
-3.4e+38 -3.4e+38 -3.4e+38 -3.4e+38 -3.4e+38 -3.4e+38 0.100000001490116 1.89999997615814 12 42.2999992370605 126.300003051758 221.300003051758 271.200012207031 287.799987792969 291 278.700012207031 254.800003051758 247.699996948242 256.200012207031 256.600006103516 264.200012207031 274.299987792969 288.899993896484 302.399993896484 317.799987792969 352.399993896484 387.799987792969 400 374.700012207031 403.700012207031 444.600006103516 470.399993896484 477.799987792969 544.599975585938 609.400024414062 674.700012207031 657 558.5 595.200012207031 509.5 517.099975585938 533.400024414062 597 614.799987792969 659.400024414062 729.799987792969 804.599975585938 777.5 750.700012207031 686 642.400024414062 631.599975585938 625.900024414062 625.200012207031 625.200012207031
-3.4e+38 -3.4e+38 -3.4e+38 -3.4e+38 -3.4e+38 -3.4e+38 0 2.40000009536743 8.89999961853027 26.8999996185303 69.8000030517578 156.600006103516 214.5 264.299987792969 278.600006103516 274 242.899993896484 225.600006103516 233.699996948242 230.300003051758 239.699996948242 250.800003051758 267.100006103516 277.700012207031 295.600006103516 314.700012207031 344.600006103516 348.899993896484 325.700012207031 323.200012207031 360.399993896484 428.100006103516 403.100006103516 490.899993896484 576.700012207031 654.099975585938 656 579.099975585938 602.099975585938 525.299987792969 516.700012207031 554 601.400024414062 624 676.900024414062 757.400024414062 778.299987792969 768.299987792969 733.099975585938 678.099975585938 636.700012207031 613 600.900024414062 592.5 596.200012207031
-3.4e+38 -3.4e+38 -3.4e+38 -3.4e+38 -3.4e+38 -3.4e+38 -3.4e+38 1.39999997615814 5.09999990463257 19.7000007629395 63.9000015258789 150.699996948242 182.5 238.399993896484 239.800003051758 249.399993896484 228 215.899993896484 204.699996948242 213.199996948242 221.5 225.399993896484 237.300003051758 250 264.799987792969 278.299987792969 293 299.200012207031 276.899993896484 282.700012207031 309 354.399993896484 425.399993896484 454 585.299987792969 648.599975585938 650.400024414062 620.900024414062 618.5 561.5 519 568.400024414062 594.099975585938 649.700012207031 699.099975585938 748.099975585938 740.299987792969 722 706.799987792969 673 638.700012207031 602.400024414062 583 574.400024414062 569.599975585938
-3.4e+38 -3.4e+38 -3.4e+38 -3.4e+38 -3.4e+38 -3.4e+38 -3.4e+38 1.10000002384186 3.79999995231628 11.1000003814697 41.2000007629395 90.9000015258789 152 194.600006103516 200.300003051758 188.5 176.399993896484 181.399993896484 189.399993896484 189.300003051758 193.899993896484 202.600006103516 213.699996948242 221.5 229.300003051758 233.800003051758 243.399993896484 253 227 242.5 274.899993896484 318.600006103516 348.100006103516 474.700012207031 513.299987792969 610.599975585938 618.900024414062 610.5 597 608.5 588.5 589.599975585938 631.099975585938 667.299987792969 697.099975585938 714 708.700012207031 697.5 680.200012207031 646.400024414062 623 587.700012207031 568.799987792969 552.099975585938 543.700012207031
