data/layers/future_layer_can_126_60/bio10.asc
NCOLS 494 
NROWS 529 
XLLCORNER -117.166666666667 
YLLCORNER -55.5 
CELLSIZE 0.166666666666667 
NODATA_value -3.4e+38 
[rows 288 to 311 of 529, columns 330 to 384 of 494]
31.2999992370605 31.2999992370605 31.3999996185303 31.6000003814697 31.6000003814697 31.6000003814697 31.8999996185303 32.2999992370605 32.0999984741211 32.0999984741211 32.0999984741211 32.2000007629395 32.2999992370605 32.5 32.4000015258789 32.2999992370605 32.0999984741211 31.7000007629395 31.3999996185303 31.5 31.7000007629395 31.7000007629395 31.6000003814697 31.5 31.2999992370605 31.5 31.2999992370605 31 30.8999996185303 30.7999992370605 29.8999996185303 29.3999996185303 29.5 29.7999992370605 30 30.3999996185303 30.3999996185303 29.8999996185303 28.2000007629395 28.3999996185303 28.2999992370605 27.8999996185303 27.7000007629395 27.7999992370605 27.7000007629395 27.7999992370605 27.7999992370605 27.7999992370605 27.7999992370605 27.8999996185303 28 28.1000003814697 28.2999992370605 28.7000007629395 28.7999992370605
31.2000007629395 31.1000003814697 31.1000003814697 31.3999996185303 31.5 31.3999996185303 31.7999992370605 32.0999984741211 31.8999996185303 32 32.2000007629395 32.2999992370605 32.5 32.5 32.4000015258789 31.7999992370605 31.3999996185303 31.8999996185303 31.5 32 32.0999984741211 32.0999984741211 32 31.7999992370605 31.5 31.6000003814697 31.5 31.1000003814697 31 30.5 29.2999992370605 29.5 30 30 30.3999996185303 30.7000007629395 31 30.7000007629395 30.5 29.2999992370605 27.8999996185303 27.6000003814697 28.1000003814697 28.3999996185303 28.2999992370605 28 28 27.8999996185303 27.6000003814697 27.7000007629395 27.7000007629395 28 28.2999992370605 28.6000003814697 28.7999992370605
31.1000003814697 31.2000007629395 31.2999992370605 31.2999992370605 31.3999996185303 31.5 31.8999996185303 32.0999984741211 32 32.2000007629395 32.4000015258789 32.5 32.4000015258789 32.5 32.4000015258789 32.0999984741211 30.5 31.7000007629395 31.8999996185303 32.2000007629395 32.2999992370605 32.4000015258789 32.2999992370605 32 31.6000003814697 31.8999996185303 31.6000003814697 31.3999996185303 31.2000007629395 29.7000007629395 29.7999992370605 30.5 29.8999996185303 30.3999996185303 30.5 30.8999996185303 31.1000003814697 31 30.7000007629395 29.7000007629395 28 27.6000003814697 28.3999996185303 29.2000007629395 28.5 28.2000007629395 28.6000003814697 28.1000003814697 27.5 27.6000003814697 27.6000003814697 28.1000003814697 28.6000003814697 28.8999996185303 29
30.7000007629395 31.1000003814697 31.2000007629395 31.2999992370605 31.5 31.6000003814697 31.7999992370605 31.8999996185303 32 32.2999992370605 32.5 32.5 32.5999984741211 32.5 32.5 32.2000007629395 30.2000007629395 30.8999996185303 32.2000007629395 32.2999992370605 32.5 32.5 32.5999984741211 32.2000007629395 32.0999984741211 32.0999984741211 31.7999992370605 31.3999996185303 30.7000007629395 30.1000003814697 31.1000003814697 30.8999996185303 30.6000003814697 31 31 31 31.1000003814697 31.1000003814697 30.7999992370605 30.1000003814697 28.5 27.7999992370605 28.8999996185303 29.7000007629395 29.2999992370605 28.6000003814697 28.6000003814697 28.7999992370605 28.5 28.3999996185303 27.6000003814697 28 28.6000003814697 28.7000007629395 28.7999992370605
30.6000003814697 30.8999996185303 31.1000003814697 31.2000007629395 31.2000007629395 31.5 31.7000007629395 31.7000007629395 31.7999992370605 32.2000007629395 32.4000015258789 32.5 32.5999984741211 32.5 32.5 31.7999992370605 30.5 31.8999996185303 32.7999992370605 32.7999992370605 32.9000015258789 32.7000007629395 32.7999992370605 32.5 32.2999992370605 32.2999992370605 32 31.2999992370605 30.5 31.3999996185303 31.3999996185303 31.2999992370605 31.2000007629395 31.2999992370605 31.2999992370605 31.2999992370605 31.2999992370605 31.1000003814697 30.8999996185303 30.6000003814697 29.8999996185303 28.2999992370605 28.7999992370605 29.8999996185303 29.6000003814697 29.2000007629395 29 29.2999992370605 29.1000003814697 28.7999992370605 28.1000003814697 28.3999996185303 28.6000003814697 28.6000003814697 28.7999992370605
30.2999992370605 30.7999992370605 30.8999996185303 31.1000003814697 31.2000007629395 31.2999992370605 31.5 31.7000007629395 31.8999996185303 32.2000007629395 32.2000007629395 32.2999992370605 32.4000015258789 32.4000015258789 32.5 32.5 32.5 32.9000015258789 33.0999984741211 33.2000007629395 33.2000007629395 33 33.0999984741211 32.5999984741211 32.5 32.4000015258789 32.0999984741211 31.1000003814697 31.1000003814697 31.7000007629395 31.6000003814697 31.5 31.3999996185303 31.5 31.5 31.3999996185303 31.2999992370605 31.1000003814697 30.8999996185303 30.7000007629395 28.8999996185303 28.3999996185303 29 30 29.7999992370605 29.5 29.7000007629395 29.6000003814697 29.2000007629395 29.1000003814697 28.3999996185303 28.3999996185303 27.6000003814697 27.8999996185303 28.5
29.8999996185303 30.5 30.7999992370605 31.1000003814697 31.2000007629395 31.2999992370605 31.2999992370605 31.5 31.6000003814697 31.7999992370605 31.8999996185303 32.2000007629395 32.2999992370605 32.5 32.5999984741211 32.7999992370605 32.9000015258789 33 33.2000007629395 33.2999992370605 33.2999992370605 33.2999992370605 33.2000007629395 32.7999992370605 32.7999992370605 32.5999984741211 32.0999984741211 31.2000007629395 31.7000007629395 31.7999992370605 31.7999992370605 31.7000007629395 31.6000003814697 31.5 31.5 31.3999996185303 31.2000007629395 31.2000007629395 31.2000007629395 31 30.7000007629395 29.3999996185303 29.7000007629395 30.2000007629395 30 30 29.8999996185303 29.7000007629395 29.2999992370605 29.1000003814697 28.5 28.3999996185303 28.1000003814697 27.7000007629395 27.7000007629395
30.2000007629395 30.7999992370605 31.1000003814697 31 31 31.2000007629395 31.3999996185303 31.3999996185303 31.3999996185303 31.6000003814697 32.0999984741211 32.4000015258789 32.5999984741211 32.7999992370605 32.9000015258789 33.0999984741211 33.2000007629395 33.2000007629395 33.0999984741211 33.4000015258789 33.5 33.5 33.2999992370605 33.0999984741211 33 32.7000007629395 32.2000007629395 32 32.0999984741211 32 31.8999996185303 31.7999992370605 31.7000007629395 31.5 31.3999996185303 31.3999996185303 31.2999992370605 31.2999992370605 31.2999992370605 31.2000007629395 31 30.5 30.5 29.5 29.6000003814697 29.8999996185303 30 29.6000003814697 29.1000003814697 28.7999992370605 28.2999992370605 28 28.2000007629395 27.8999996185303 27.3999996185303
30.8999996185303 31.2999992370605 31.1000003814697 31 31.2999992370605 31.3999996185303 31.5 31.3999996185303 31.7000007629395 31.8999996185303 32.2999992370605 32.4000015258789 32.5 32.5999984741211 32.7999992370605 32.9000015258789 33.0999984741211 33.2999992370605 33.2999992370605 33.4000015258789 33.4000015258789 33.5 33.2999992370605 33.2000007629395 33.0999984741211 32.7999992370605 32.5 32.2999992370605 32.2000007629395 32.2000007629395 32 31.8999996185303 31.7000007629395 31.6000003814697 31.5 31.3999996185303 31.2999992370605 31.2999992370605 31.1000003814697 31 31 30.8999996185303 30.7999992370605 29.7000007629395 29.2999992370605 29.3999996185303 29.8999996185303 29.5 28.2999992370605 27.8999996185303 27.6000003814697 27.6000003814697 28 28 28.2000007629395
31.3999996185303 31.2999992370605 31.2999992370605 31.3999996185303 31.2999992370605 31.5 31.7000007629395 31.8999996185303 32 32.2999992370605 32.4000015258789 32.2000007629395 32.4000015258789 32.7000007629395 32.7999992370605 33 33.0999984741211 33.2999992370605 33.4000015258789 33.5 33.5 33.5 33.2999992370605 33.2999992370605 33.2000007629395 32.9000015258789 32.5999984741211 32.4000015258789 32.2000007629395 32.2000007629395 32 31.8999996185303 31.7999992370605 31.7000007629395 31.6000003814697 31.5 31.5 31.3999996185303 31.2999992370605 31.2000007629395 31.1000003814697 31 31 30 29.2999992370605 29.3999996185303 29.6000003814697 29.2999992370605 28 27.7999992370605 27.7000007629395 27.2999992370605 27.6000003814697 28 28.7000007629395
31.7999992370605 31.7999992370605 31.7000007629395 31.6000003814697 31.6000003814697 31.8999996185303 32.0999984741211 32.2000007629395 32.2999992370605 32.2999992370605 32.2999992370605 32.2000007629395 32.2000007629395 32.5 32.7000007629395 32.5999984741211 33.0999984741211 33.2999992370605 33.4000015258789 33.4000015258789 33.4000015258789 33.2999992370605 33.2000007629395 33.2000007629395 33.0999984741211 33 32.7999992370605 32.5 32.2999992370605 32.2000007629395 32.0999984741211 31.8999996185303 31.7999992370605 31.7000007629395 31.7000007629395 31.5 31.5 31.3999996185303 31.3999996185303 31.2999992370605 31.2000007629395 31.2000007629395 31.1000003814697 30.2999992370605 29.3999996185303 29 29 28.3999996185303 28.2000007629395 28.2000007629395 28 27.6000003814697 27.1000003814697 27.2999992370605 28.2999992370605
31.8999996185303 32 32 32.0999984741211 31.8999996185303 32.0999984741211 32.2999992370605 32.4000015258789 32.2999992370605 32.4000015258789 32.2999992370605 32.2000007629395 32.0999984741211 32.2999992370605 32.5999984741211 32.7999992370605 33.0999984741211 32.9000015258789 33.2000007629395 33.2000007629395 33.2999992370605 33.4000015258789 33.4000015258789 33.2000007629395 33.2000007629395 33.0999984741211 32.7999992370605 32.5999984741211 32.4000015258789 32.2999992370605 32.2000007629395 32.0999984741211 31.8999996185303 31.7999992370605 31.7000007629395 31.7000007629395 31.7000007629395 31.6000003814697 31.5 31.2999992370605 31.2999992370605 31.2000007629395 31 30 29.2999992370605 29 28.7999992370605 28.6000003814697 28.3999996185303 28.2000007629395 27.7999992370605 27.7000007629395 27.5 27.6000003814697 27.5
31.7999992370605 32 32 32.2000007629395 32.2999992370605 32.4000015258789 32.5 32.5 32.5999984741211 32.7000007629395 32.5 32.4000015258789 32.2000007629395 32.0999984741211 32.0999984741211 32.5 32.7999992370605 32.7000007629395 33 33.2000007629395 33.2999992370605 33.2000007629395 33.2999992370605 33.2999992370605 33 32.9000015258789 32.7999992370605 32.5999984741211 32.4000015258789 32.2999992370605 32.2000007629395 32 31.8999996185303 31.8999996185303 32 31.8999996185303 31.7999992370605 31.7000007629395 31.5 31.3999996185303 31.2999992370605 31.1000003814697 30.8999996185303 30 29.2000007629395 29.1000003814697 28.7999992370605 28.6000003814697 28.2999992370605 28.1000003814697 27.8999996185303 28 27.7999992370605 27.5 27.6000003814697
31.7000007629395 31.8999996185303 32.0999984741211 32.0999984741211 32.0999984741211 32.4000015258789 32.5999984741211 32.7000007629395 32.7000007629395 32.7999992370605 32.7000007629395 32.2999992370605 32.4000015258789 32.5 32.4000015258789 32.7000007629395 32.7000007629395 32.4000015258789 32.9000015258789 33.0999984741211 33.0999984741211 33 33.0999984741211 32.9000015258789 32.7999992370605 32.7999992370605 32.7000007629395 32.5999984741211 32.5 32.4000015258789 32.2000007629395 32.0999984741211 32.0999984741211 32 32 32 31.8999996185303 31.7999992370605 31.7000007629395 31.6000003814697 31.3999996185303 31.2000007629395 30.8999996185303 30.2000007629395 29.5 29 29 28.7999992370605 28.7000007629395 28.5 28.1000003814697 28.2999992370605 27.7999992370605 27.3999996185303 27.2999992370605
31.7000007629395 31.8999996185303 32 32.2000007629395 32.2999992370605 32.4000015258789 32.4000015258789 32.5999984741211 32.7000007629395 32.5999984741211 32.5999984741211 32.4000015258789 32.5 32.7000007629395 32.2999992370605 32.2000007629395 32.0999984741211 32.0999984741211 32.4000015258789 32.7999992370605 33 32.9000015258789 33 32.7999992370605 32.5999984741211 32.5999984741211 32.7000007629395 32.5999984741211 32.5 32.4000015258789 32.2999992370605 32.4000015258789 32.2999992370605 32.2000007629395 32.0999984741211 32 31.8999996185303 31.7999992370605 31.7000007629395 31.6000003814697 31.5 31.3999996185303 31.2000007629395 30.6000003814697 29.6000003814697 29.7000007629395 29.3999996185303 29.1000003814697 29.5 29.6000003814697 28.6000003814697 28.2000007629395 27.2000007629395 27.2999992370605 27.2000007629395
31.7000007629395 31.7999992370605 32 32.0999984741211 32.2000007629395 32.4000015258789 32.5 32.2999992370605 32.2000007629395 32.0999984741211 32.0999984741211 32.0999984741211 32.2999992370605 32.5 32.7999992370605 32.0999984741211 31.2000007629395 31.1000003814697 30.8999996185303 31.7999992370605 32.5999984741211 32.5999984741211 32.9000015258789 32.7999992370605 32.5 32.4000015258789 32.5999984741211 32 32.5 32.4000015258789 32.4000015258789 32.4000015258789 32.2999992370605 32.2000007629395 32.0999984741211 32 31.8999996185303 31.7999992370605 31.7000007629395 31.6000003814697 31.5 31.3999996185303 31.2000007629395 30.7999992370605 30.2000007629395 30.6000003814697 30.2999992370605 29.8999996185303 29.8999996185303 29.8999996185303 29.6000003814697 28.6000003814697 27.5 27 27.1000003814697
31.7000007629395 31.8999996185303 32 32.0999984741211 32.2999992370605 32.4000015258789 32.5 32.4000015258789 32.0999984741211 31.8999996185303 31.7999992370605 31.6000003814697 31.7000007629395 32.0999984741211 32.7999992370605 32.9000015258789 32.5999984741211 32.2999992370605 32 31.7999992370605 32.2999992370605 32.4000015258789 32.5 32.2999992370605 32.5 32.2000007629395 32 32.4000015258789 32.5 32.5 32.5 32.4000015258789 32.2000007629395 32.2000007629395 32.0999984741211 32 32 31.7999992370605 31.7000007629395 31.5 31.5 31.3999996185303 31.2999992370605 31 30.2000007629395 30.2999992370605 30.2000007629395 30 30.1000003814697 29.7999992370605 29.5 29.2999992370605 28.7999992370605 27.2000007629395 26.7999992370605
31.7000007629395 31.8999996185303 32 32.0999984741211 32.2000007629395 32.4000015258789 32.4000015258789 32.5 32.2999992370605 32 32 32.0999984741211 31.7000007629395 32.4000015258789 31.6000003814697 32.0999984741211 33 33 32.7999992370605 31.8999996185303 31.7000007629395 32.0999984741211 32 32.0999984741211 32.2999992370605 32 31.8999996185303 32.4000015258789 32.5 32.5 32.4000015258789 32.2000007629395 32.0999984741211 32 31.8999996185303 31.7999992370605 31.6000003814697 31.6000003814697 31.6000003814697 31.5 31.3999996185303 31.2999992370605 31.2000007629395 30.8999996185303 30.1000003814697 30.2999992370605 30.2000007629395 29.8999996185303 29.8999996185303 29.7999992370605 29.5 29.2000007629395 28.5 27.2000007629395 27
31.6000003814697 31.7999992370605 32 32.0999984741211 32.2000007629395 32.2999992370605 32.4000015258789 32.5 32.2999992370605 32.0999984741211 32 32.2000007629395 31.8999996185303 32.5 32.7999992370605 32.4000015258789 32.5 32.5999984741211 33 32.7999992370605 32.2000007629395 32.0999984741211 32 31.7000007629395 31.7000007629395 31.7999992370605 32 32.5 32.5 32.5 32.4000015258789 32.2999992370605 32.2000007629395 32.0999984741211 31.8999996185303 31.7999992370605 31.7999992370605 31.7999992370605 31.7000007629395 31.6000003814697 31.3999996185303 31.2999992370605 31.2000007629395 30.7999992370605 30.5 30.5 30.1000003814697 29.8999996185303 29.7999992370605 29.8999996185303 29.7000007629395 29.3999996185303 28.2999992370605 27.7000007629395 27.6000003814697
31.6000003814697 31.7999992370605 31.8999996185303 32.0999984741211 32.2000007629395 32.2000007629395 32.2000007629395 32.2999992370605 32.0999984741211 32.2000007629395 32.2000007629395 32.2999992370605 32.2000007629395 32.2000007629395 32.7999992370605 33 33.0999984741211 33 33 32.9000015258789 32.9000015258789 32.7000007629395 32.9000015258789 32.5999984741211 32.5999984741211 32.4000015258789 32.2000007629395 32.5999984741211 32.5 32.5 32.4000015258789 32.2000007629395 32.2000007629395 32.2000007629395 32 32 31.8999996185303 31.7000007629395 31.6000003814697 31.6000003814697 31.5 31.2999992370605 31.2000007629395 30.2000007629395 30.5 30.6000003814697 30.2000007629395 30.2000007629395 29.8999996185303 29.7000007629395 29.5 29.3999996185303 28.7000007629395 28.2999992370605 27.7000007629395
31.6000003814697 31.7999992370605 31.8999996185303 32 32.0999984741211 32 32.0999984741211 31.8999996185303 31.8999996185303 31.8999996185303 32.0999984741211 32.2999992370605 32.5999984741211 32.2999992370605 32.4000015258789 32.7000007629395 32.9000015258789 33 33.0999984741211 33.0999984741211 33 33 33 32.9000015258789 32.9000015258789 32.7999992370605 32.7000007629395 32.5999984741211 32.5 32.4000015258789 32.2000007629395 32.2000007629395 32.2000007629395 32.2000007629395 32.0999984741211 32 31.8999996185303 31.7000007629395 31.7000007629395 31.6000003814697 31.5 31.3999996185303 31.2000007629395 29.8999996185303 30.3999996185303 30.2999992370605 30.2000007629395 30 29.7999992370605 29.5 29.1000003814697 28.7000007629395 28.3999996185303 28.2000007629395 27.6000003814697
31.6000003814697 31.6000003814697 31.7000007629395 31.7000007629395 31.7000007629395 31.7000007629395 31.7000007629395 31.7000007629395 31.7000007629395 32 32 32.4000015258789 32.5999984741211 32.5999984741211 32.4000015258789 32.2999992370605 32.5 32.7999992370605 32.9000015258789 33.0999984741211 33.0999984741211 33.0999984741211 33 33 32.9000015258789 32.7999992370605 32.7000007629395 32.5999984741211 32.4000015258789 32.2999992370605 32.2999992370605 32.2999992370605 32.2000007629395 32.0999984741211 32 31.8999996185303 31.7999992370605 31.7000007629395 31.6000003814697 31.6000003814697 31.5 31.3999996185303 30.7999992370605 29.6000003814697 29.8999996185303 29.6000003814697 30.1000003814697 30 29.6000003814697 29.2999992370605 28.8999996185303 28.6000003814697 28.2999992370605 28.5 28.1000003814697
31.6000003814697 31.7000007629395 31.7000007629395 31.6000003814697 31.7000007629395 31.8999996185303 32 32 31.8999996185303 32 32.2000007629395 32.5 32.5999984741211 32.7000007629395 32.5999984741211 32.4000015258789 32.2000007629395 32.2000007629395 32.5 32.7999992370605 33 33 32.9000015258789 32.9000015258789 32.7999992370605 32.5 32.4000015258789 32.2000007629395 32.2000007629395 32.2999992370605 32.2000007629395 32.2000007629395 32.2000007629395 32 31.8999996185303 31.8999996185303 31.7000007629395 31.7000007629395 31.6000003814697 31.6000003814697 31.5 31.3999996185303 30.5 29.6000003814697 29.2000007629395 29 29.8999996185303 30.1000003814697 29.7999992370605 29.3999996185303 28.8999996185303 28.7999992370605 28.2000007629395 28.2000007629395 28.2999992370605
31.6000003814697 31.7000007629395 31.7999992370605 31.7999992370605 31.7000007629395 31.8999996185303 32.0999984741211 32.2000007629395 32.2000007629395 32.0999984741211 32.2000007629395 32.5 32.7000007629395 32.7999992370605 32.7000007629395 32.5999984741211 32.5999984741211 32.2999992370605 32.2000007629395 32.5 32.7999992370605 32.9000015258789 32.9000015258789 32.7999992370605 32.7999992370605 32.4000015258789 32.5999984741211 31.2999992370605 32.2000007629395 32.2999992370605 32.2000007629395 32.2000007629395 32.0999984741211 32 31.8999996185303 31.7999992370605 31.7000007629395 31.7000007629395 31.6000003814697 31.5 31.2999992370605 31.2000007629395 30.2999992370605 30.1000003814697 28.6000003814697 28.3999996185303 29 29.8999996185303 29.7000007629395 29 28.7999992370605 28.8999996185303 28.5 28.1000003814697 28
