data/layers/future_layer_can_126_60/bio17.asc
NCOLS 494 
NROWS 529 
XLLCORNER -117.166666666667 
YLLCORNER -55.5 
CELLSIZE 0.166666666666667 
NODATA_value -3.4e+38 
[rows 0 to 24 of 529, columns 165 to 219 of 494]
283.799987792969 291 293.799987792969 293.5 287.700012207031 279.799987792969 274 276.200012207031 276 278.200012207031 276.700012207031 276.299987792969 274.899993896484 274.399993896484 274.799987792969 279 281 280.899993896484 284 283.700012207031 280.200012207031 282.799987792969 281.5 282.399993896484 282.899993896484 283.200012207031 270.700012207031 253.100006103516 243.300003051758 241.399993896484 240.699996948242 237.399993896484 226.600006103516 217.699996948242 220.800003051758 225 228 230.600006103516 228 227.100006103516 223.699996948242 218.300003051758 213.399993896484 213 219.199996948242 222.600006103516 220.399993896484 217.199996948242 213.5 211.899993896484 213.699996948242 220.399993896484 226.699996948242 230.800003051758 230.399993896484
297.600006103516 300.299987792969 296.5 291.799987792969 290.5 289.799987792969 289.5 285.600006103516 282.299987792969 277.799987792969 275.100006103516 270.399993896484 262.299987792969 260.200012207031 264 267.899993896484 271.299987792969 274.399993896484 274.899993896484 276.5 276.200012207031 277.399993896484 275.700012207031 277.5 277.100006103516 272.100006103516 261 246.5 234.699996948242 232.300003051758 233.600006103516 228.699996948242 218.399993896484 210.699996948242 212.399993896484 219.399993896484 226.300003051758 231.199996948242 231 227.800003051758 220.899993896484 212.100006103516 209.300003051758 213.100006103516 220.600006103516 225.100006103516 222 216 211 211.699996948242 215.300003051758 220.5 225.899993896484 228.899993896484 230
303.600006103516 305.799987792969 298.700012207031 291.100006103516 289.399993896484 294.5 298.899993896484 295.899993896484 287.600006103516 281.600006103516 276.399993896484 271.200012207031 262.299987792969 258.299987792969 259.5 262.799987792969 269.899993896484 271.399993896484 274.200012207031 275 276.600006103516 278.799987792969 279.399993896484 280 276.399993896484 265.799987792969 255 242.699996948242 231.899993896484 228 226.399993896484 222.399993896484 214.100006103516 207.100006103516 208 215.899993896484 224.300003051758 231 234.699996948242 228.399993896484 216.899993896484 204.399993896484 201.199996948242 211.699996948242 221.100006103516 224.399993896484 222 215.699996948242 210.699996948242 211.199996948242 216.600006103516 221.399993896484 225.5 228.300003051758 -3.4e+38
300.399993896484 301.5 298.200012207031 292 288.600006103516 288.700012207031 299.299987792969 303.799987792969 292.5 284.700012207031 281.299987792969 277.100006103516 266.5 259 258.5 264.100006103516 268.200012207031 272.700012207031 274.899993896484 278.100006103516 280.700012207031 283.600006103516 288.200012207031 290 276.899993896484 260 250.100006103516 241.300003051758 231.899993896484 222.899993896484 221.300003051758 220.199996948242 215.5 211.300003051758 208.5 212.399993896484 221 223.199996948242 226.100006103516 224.300003051758 215 203.800003051758 201.800003051758 211.699996948242 221.600006103516 224.899993896484 224 214.100006103516 208.800003051758 211.600006103516 217.600006103516 223.300003051758 -3.4e+38 -3.4e+38 -3.4e+38
294 298.299987792969 300.399993896484 296.899993896484 296.100006103516 294.700012207031 299 297.100006103516 293.899993896484 290.799987792969 288.899993896484 287.399993896484 273.899993896484 264.600006103516 264.799987792969 268.200012207031 273.399993896484 279.200012207031 282.399993896484 283.299987792969 284.399993896484 285.299987792969 286.299987792969 285.200012207031 267.899993896484 253.600006103516 247.699996948242 242 234.899993896484 228.600006103516 225.199996948242 221.899993896484 219.699996948242 217.800003051758 214.899993896484 215.899993896484 219.100006103516 218.300003051758 216.5 220 216.800003051758 213 211.100006103516 213.5 221.800003051758 224.199996948242 226.699996948242 213.600006103516 207.600006103516 213 219.199996948242 224.399993896484 -3.4e+38 -3.4e+38 -3.4e+38
299.700012207031 301.700012207031 305.600006103516 305.799987792969 305.399993896484 307.100006103516 305.799987792969 302.5 297 294 294 292.200012207031 281 273.299987792969 271.200012207031 278.299987792969 283.700012207031 287.5 287.399993896484 287.299987792969 286.200012207031 284.600006103516 282 274.700012207031 261.700012207031 251.800003051758 248.199996948242 242.5 240.899993896484 237.300003051758 230 228 230.199996948242 230.100006103516 226.199996948242 224.199996948242 222.800003051758 219.5 217.300003051758 218.800003051758 221.199996948242 219.300003051758 215.600006103516 216.300003051758 222 224.300003051758 222.399993896484 216.5 213.399993896484 218.199996948242 225.100006103516 -3.4e+38 -3.4e+38 -3.4e+38 -3.4e+38
310 312.399993896484 313.299987792969 314.399993896484 314.299987792969 315.5 312.799987792969 308.5 302.100006103516 299.700012207031 300.200012207031 298 286.100006103516 285.299987792969 288.600006103516 292.5 294.5 297.100006103516 295.299987792969 292.700012207031 290.700012207031 286.399993896484 280.200012207031 273.5 262.899993896484 256 253.100006103516 247.100006103516 245.199996948242 240.5 234.899993896484 234.899993896484 240.800003051758 241.300003051758 236.100006103516 231.800003051758 228.300003051758 224.800003051758 221.199996948242 221 225.100006103516 224.300003051758 220.199996948242 220.699996948242 224.5 223.800003051758 221.899993896484 220.199996948242 221 226.899993896484 233.699996948242 -3.4e+38 -3.4e+38 -3.4e+38 -3.4e+38
319.100006103516 319.700012207031 320.899993896484 319.799987792969 319.5 321.899993896484 320.700012207031 318.299987792969 312.5 309.600006103516 309.200012207031 307.5 302.799987792969 307 307.899993896484 308.5 308.600006103516 306 304.200012207031 301.299987792969 298.700012207031 287.5 277 270.100006103516 263.200012207031 260.700012207031 260.200012207031 256.5 253.899993896484 246.100006103516 240.699996948242 238.399993896484 241.300003051758 243.399993896484 241.300003051758 236.800003051758 233.699996948242 228.199996948242 218.600006103516 218.5 223.899993896484 225.899993896484 225.300003051758 226.600006103516 227.5 222.300003051758 221.699996948242 224.100006103516 228.100006103516 234.899993896484 -3.4e+38 -3.4e+38 -3.4e+38 -3.4e+38 -3.4e+38
325.899993896484 328.399993896484 329.799987792969 326.799987792969 324.799987792969 329.600006103516 329.600006103516 328.5 327.200012207031 324.600006103516 322 321.200012207031 322.100006103516 319.5 315.299987792969 314 315.100006103516 311.700012207031 312.899993896484 309.299987792969 300.100006103516 288.200012207031 273.5 260.100006103516 264.899993896484 266.899993896484 267.100006103516 264.700012207031 260.200012207031 252.899993896484 248.300003051758 242.600006103516 236.399993896484 240.399993896484 241.600006103516 240.300003051758 231.600006103516 219.199996948242 208.600006103516 209.899993896484 218.899993896484 224.699996948242 227.699996948242 229.899993896484 227.399993896484 222.300003051758 224.100006103516 229.199996948242 234.699996948242 241.300003051758 -3.4e+38 -3.4e+38 -3.4e+38 -3.4e+38 -3.4e+38
328.299987792969 331.700012207031 335 334.5 331.5 328.700012207031 329.700012207031 329.299987792969 329.700012207031 328.100006103516 327 327.899993896484 328.100006103516 325 321.899993896484 318.700012207031 315.600006103516 311.700012207031 310.799987792969 307.899993896484 300.700012207031 291.299987792969 278.399993896484 269.899993896484 267.799987792969 271.899993896484 271.299987792969 269.600006103516 263.700012207031 258.100006103516 253.600006103516 247.899993896484 246.600006103516 244.399993896484 243.699996948242 239 228.800003051758 212.100006103516 194.800003051758 197.899993896484 214.399993896484 228.300003051758 229.100006103516 228.399993896484 226.100006103516 223.899993896484 225.5 232.5 241.300003051758 -3.4e+38 -3.4e+38 -3.4e+38 -3.4e+38 -3.4e+38 -3.4e+38
328.299987792969 334 334.600006103516 334.700012207031 332.299987792969 329.700012207031 332 329.899993896484 328.899993896484 328 327.299987792969 330.100006103516 329 327.799987792969 323.399993896484 319.899993896484 311.399993896484 311.299987792969 310.700012207031 312.600006103516 308.799987792969 299.799987792969 287.700012207031 279.600006103516 276.200012207031 275.299987792969 271.100006103516 265.799987792969 261.100006103516 257.600006103516 253.800003051758 252.600006103516 252.699996948242 248.100006103516 242.800003051758 242.300003051758 236.5 217 192.699996948242 194.699996948242 214 225.800003051758 227 226.100006103516 223.100006103516 222 226.699996948242 235.899993896484 239.300003051758 -3.4e+38 -3.4e+38 -3.4e+38 -3.4e+38 -3.4e+38 -3.4e+38
331 331.399993896484 333.299987792969 331.899993896484 331.5 330.600006103516 330.799987792969 331.700012207031 330.100006103516 327.600006103516 327 331 330.899993896484 330.5 327 314.799987792969 305.899993896484 310.5 313.299987792969 316.200012207031 313.799987792969 308.399993896484 298.5 289.600006103516 284.399993896484 281.200012207031 274.5 269 262.899993896484 261.100006103516 262.299987792969 261.899993896484 259.700012207031 256.5 252.600006103516 253.899993896484 251.800003051758 234.199996948242 215.5 209.5 216.399993896484 221.5 223.399993896484 220.399993896484 218.699996948242 220.199996948242 227.300003051758 235.800003051758 234.199996948242 -3.4e+38 -3.4e+38 -3.4e+38 -3.4e+38 -3.4e+38 -3.4e+38
325.399993896484 328.100006103516 328.700012207031 327.5 327.600006103516 328.600006103516 331.5 331.299987792969 331 -3.4e+38 -3.4e+38 333.100006103516 333.700012207031 332.399993896484 327.799987792969 314.399993896484 309 312.899993896484 314.600006103516 314.299987792969 312.100006103516 311.799987792969 304.600006103516 298 293.899993896484 289.299987792969 279.899993896484 270.600006103516 268.700012207031 271.200012207031 273.899993896484 272.200012207031 271.200012207031 268 266.799987792969 262.899993896484 258.799987792969 249.5 233.600006103516 225.699996948242 222.899993896484 221.899993896484 218.800003051758 216.199996948242 214.199996948242 216.899993896484 226.899993896484 229.699996948242 228.800003051758 -3.4e+38 -3.4e+38 -3.4e+38 -3.4e+38 -3.4e+38 -3.4e+38
320 321.299987792969 321.600006103516 -3.4e+38 -3.4e+38 324 327.100006103516 -3.4e+38 326.299987792969 -3.4e+38 -3.4e+38 329.799987792969 332.5 328.899993896484 -3.4e+38 -3.4e+38 -3.4e+38 -3.4e+38 -3.4e+38 -3.4e+38 -3.4e+38 309.799987792969 308.799987792969 304.899993896484 301.5 296.799987792969 285.299987792969 273.799987792969 274.399993896484 279.100006103516 282.5 285.5 282.200012207031 276.700012207031 271.100006103516 264.299987792969 260.299987792969 256.100006103516 241.100006103516 230.800003051758 225.300003051758 221.399993896484 218.399993896484 212.800003051758 208.5 212.399993896484 225.399993896484 227.600006103516 227.199996948242 -3.4e+38 -3.4e+38 -3.4e+38 -3.4e+38 -3.4e+38 -3.4e+38
317.399993896484 -3.4e+38 -3.4e+38 -3.4e+38 -3.4e+38 -3.4e+38 -3.4e+38 -3.4e+38 -3.4e+38 -3.4e+38 -3.4e+38 -3.4e+38 -3.4e+38 -3.4e+38 -3.4e+38 -3.4e+38 -3.4e+38 -3.4e+38 -3.4e+38 -3.4e+38 -3.4e+38 -3.4e+38 -3.4e+38 307.299987792969 308.799987792969 307.600006103516 303.399993896484 293.100006103516 289 288.200012207031 287.700012207031 288.399993896484 285.899993896484 277.899993896484 268.200012207031 257.299987792969 250.5 245.100006103516 237.300003051758 229.600006103516 222.699996948242 220.199996948242 217.800003051758 210.800003051758 204.899993896484 208.5 220.699996948242 227 227 -3.4e+38 -3.4e+38 -3.4e+38 -3.4e+38 -3.4e+38 -3.4e+38
-3.4e+38 -3.4e+38 -3.4e+38 -3.4e+38 -3.4e+38 -3.4e+38 -3.4e+38 -3.4e+38 -3.4e+38 -3.4e+38 -3.4e+38 -3.4e+38 -3.4e+38 -3.4e+38 -3.4e+38 -3.4e+38 -3.4e+38 -3.4e+38 -3.4e+38 -3.4e+38 -3.4e+38 -3.4e+38 -3.4e+38 -3.4e+38 -3.4e+38 316.299987792969 321.899993896484 314.100006103516 303.299987792969 296.799987792969 295.700012207031 291.100006103516 -3.4e+38 -3.4e+38 -3.4e+38 251.199996948242 241 238.100006103516 232.100006103516 226.100006103516 220.5 218.399993896484 214.600006103516 208.100006103516 204.800003051758 209.100006103516 218.899993896484 224.5 223.300003051758 223.399993896484 -3.4e+38 -3.4e+38 -3.4e+38 -3.4e+38 -3.4e+38
-3.4e+38 322.100006103516 -3.4e+38 -3.4e+38 -3.4e+38 -3.4e+38 -3.4e+38 -3.4e+38 -3.4e+38 -3.4e+38 -3.4e+38 -3.4e+38 -3.4e+38 -3.4e+38 -3.4e+38 -3.4e+38 -3.4e+38 -3.4e+38 -3.4e+38 -3.4e+38 -3.4e+38 -3.4e+38 -3.4e+38 -3.4e+38 -3.4e+38 -3.4e+38 321.600006103516 319.299987792969 309.799987792969 301.799987792969 -3.4e+38 -3.4e+38 -3.4e+38 -3.4e+38 -3.4e+38 -3.4e+38 241.300003051758 236.699996948242 229.699996948242 220.899993896484 216.100006103516 213.199996948242 209.100006103516 206.800003051758 207.100006103516 209.800003051758 216.5 219 217.699996948242 220.399993896484 -3.4e+38 -3.4e+38 -3.4e+38 -3.4e+38 -3.4e+38
326.899993896484 -3.4e+38 -3.4e+38 -3.4e+38 -3.4e+38 -3.4e+38 -3.4e+38 -3.4e+38 -3.4e+38 -3.4e+38 -3.4e+38 -3.4e+38 -3.4e+38 -3.4e+38 -3.4e+38 -3.4e+38 -3.4e+38 -3.4e+38 -3.4e+38 -3.4e+38 -3.4e+38 -3.4e+38 -3.4e+38 -3.4e+38 -3.4e+38 -3.4e+38 310.399993896484 -3.4e+38 -3.4e+38 -3.4e+38 -3.4e+38 -3.4e+38 -3.4e+38 -3.4e+38 -3.4e+38 -3.4e+38 -3.4e+38 237.100006103516 230.800003051758 221.300003051758 218.300003051758 214 209.100006103516 206.100006103516 208.100006103516 209.600006103516 215.600006103516 215.399993896484 215.399993896484 219.600006103516 -3.4e+38 -3.4e+38 -3.4e+38 -3.4e+38 -3.4e+38
-3.4e+38 -3.4e+38 -3.4e+38 -3.4e+38 -3.4e+38 -3.4e+38 -3.4e+38 -3.4e+38 -3.4e+38 -3.4e+38 -3.4e+38 -3.4e+38 -3.4e+38 -3.4e+38 -3.4e+38 -3.4e+38 -3.4e+38 -3.4e+38 -3.4e+38 -3.4e+38 -3.4e+38 -3.4e+38 -3.4e+38 -3.4e+38 -3.4e+38 -3.4e+38 -3.4e+38 -3.4e+38 -3.4e+38 -3.4e+38 -3.4e+38 -3.4e+38 -3.4e+38 -3.4e+38 -3.4e+38 -3.4e+38 -3.4e+38 -3.4e+38 230.100006103516 223.699996948242 220.199996948242 217 213.199996948242 209.399993896484 208.800003051758 210.199996948242 214 214.199996948242 215.899993896484 220.600006103516 220.199996948242 -3.4e+38 -3.4e+38 -3.4e+38 -3.4e+38
-3.4e+38 -3.4e+38 -3.4e+38 -3.4e+38 -3.4e+38 -3.4e+38 -3.4e+38 -3.4e+38 -3.4e+38 -3.4e+38 -3.4e+38 -3.4e+38 -3.4e+38 -3.4e+38 -3.4e+38 -3.4e+38 -3.4e+38 -3.4e+38 -3.4e+38 -3.4e+38 -3.4e+38 -3.4e+38 -3.4e+38 -3.4e+38 -3.4e+38 -3.4e+38 -3.4e+38 -3.4e+38 -3.4e+38 -3.4e+38 -3.4e+38 -3.4e+38 -3.4e+38 -3.4e+38 -3.4e+38 -3.4e+38 -3.4e+38 -3.4e+38 -3.4e+38 225.800003051758 222.899993896484 220.300003051758 216.399993896484 209.800003051758 210.199996948242 210.800003051758 213.699996948242 213.300003051758 215.100006103516 220.300003051758 221.199996948242 -3.4e+38 -3.4e+38 -3.4e+38 -3.4e+38
-3.4e+38 298.799987792969 297.899993896484 -3.4e+38 -3.4e+38 -3.4e+38 -3.4e+38 -3.4e+38 -3.4e+38 -3.4e+38 -3.4e+38 -3.4e+38 -3.4e+38 -3.4e+38 -3.4e+38 -3.4e+38 -3.4e+38 -3.4e+38 -3.4e+38 -3.4e+38 -3.4e+38 -3.4e+38 -3.4e+38 -3.4e+38 -3.4e+38 -3.4e+38 -3.4e+38 -3.4e+38 -3.4e+38 -3.4e+38 -3.4e+38 -3.4e+38 -3.4e+38 -3.4e+38 -3.4e+38 -3.4e+38 -3.4e+38 -3.4e+38 -3.4e+38 -3.4e+38 224 220 218.5 213.699996948242 211.699996948242 211 213.800003051758 214.100006103516 211.100006103516 214.800003051758 216.100006103516 -3.4e+38 -3.4e+38 -3.4e+38 -3.4e+38
-3.4e+38 -3.4e+38 -3.4e+38 -3.4e+38 -3.4e+38 -3.4e+38 -3.4e+38 -3.4e+38 -3.4e+38 -3.4e+38 -3.4e+38 -3.4e+38 -3.4e+38 -3.4e+38 -3.4e+38 -3.4e+38 -3.4e+38 -3.4e+38 -3.4e+38 -3.4e+38 -3.4e+38 -3.4e+38 -3.4e+38 -3.4e+38 -3.4e+38 -3.4e+38 -3.4e+38 -3.4e+38 -3.4e+38 -3.4e+38 -3.4e+38 -3.4e+38 -3.4e+38 -3.4e+38 -3.4e+38 -3.4e+38 -3.4e+38 -3.4e+38 -3.4e+38 -3.4e+38 -3.4e+38 -3.4e+38 219.100006103516 214.899993896484 211.5 210.5 209.199996948242 206.800003051758 204.5 204.600006103516 208.300003051758 206.300003051758 -3.4e+38 -3.4e+38 -3.4e+38
-3.4e+38 -3.4e+38 -3.4e+38 -3.4e+38 -3.4e+38 -3.4e+38 -3.4e+38 -3.4e+38 -3.4e+38 -3.4e+38 -3.4e+38 -3.4e+38 -3.4e+38 -3.4e+38 -3.4e+38 -3.4e+38 -3.4e+38 -3.4e+38 -3.4e+38 -3.4e+38 -3.4e+38 -3.4e+38 -3.4e+38 -3.4e+38 -3.4e+38 -3.4e+38 -3.4e+38 -3.4e+38 -3.4e+38 -3.4e+38 -3.4e+38 -3.4e+38 -3.4e+38 -3.4e+38 -3.4e+38 -3.4e+38 -3.4e+38 -3.4e+38 -3.4e+38 -3.4e+38 -3.4e+38 -3.4e+38 218.600006103516 214.699996948242 209.199996948242 208.699996948242 207.199996948242 196.899993896484 195 192 186 192.199996948242 203.199996948242 -3.4e+38 -3.4e+38
-3.4e+38 -3.4e+38 -3.4e+38 -3.4e+38 -3.4e+38 -3.4e+38 -3.4e+38 -3.4e+38 -3.4e+38 -3.4e+38 -3.4e+38 -3.4e+38 -3.4e+38 -3.4e+38 -3.4e+38 -3.4e+38 -3.4e+38 -3.4e+38 -3.4e+38 -3.4e+38 -3.4e+38 -3.4e+38 -3.4e+38 -3.4e+38 -3.4e+38 -3.4e+38 -3.4e+38 -3.4e+38 -3.4e+38 -3.4e+38 -3.4e+38 -3.4e+38 -3.4e+38 -3.4e+38 -3.4e+38 -3.4e+38 -3.4e+38 -3.4e+38 -3.4e+38 -3.4e+38 -3.4e+38 -3.4e+38 218.5 215.199996948242 211 207.399993896484 200.199996948242 191.5 187.600006103516 178.100006103516 168.699996948242 184.600006103516 202.300003051758 -3.4e+38 -3.4e+38
-3.4e+38 -3.4e+38 -3.4e+38 -3.4e+38 -3.4e+38 -3.4e+38 -3.4e+38 -3.4e+38 -3.4e+38 -3.4e+38 -3.4e+38 -3.4e+38 -3.4e+38 -3.4e+38 -3.4e+38 -3.4e+38 -3.4e+38 -3.4e+38 -3.4e+38 -3.4e+38 -3.4e+38 -3.4e+38 -3.4e+38 -3.4e+38 -3.4e+38 -3.4e+38 -3.4e+38 -3.4e+38 -3.4e+38 -3.4e+38 -3.4e+38 -3.4e+38 -3.4e+38 -3.4e+38 -3.4e+38 -3.4e+38 -3.4e+38 -3.4e+38 -3.4e+38 -3.4e+38 -3.4e+38 -3.4e+38 223.899993896484 221.100006103516 213.800003051758 206.100006103516 199.899993896484 193.199996948242 182.600006103516 176 176.100006103516 188 201 -3.4e+38 -3.4e+38
