data/layers/future_layer_can_126_60/bio17.asc
NCOLS 494 
NROWS 529 
XLLCORNER -117.166666666667 
YLLCORNER -55.5 
CELLSIZE 0.166666666666667 
NODATA_value -3.4e+38 
[rows 200 to 224 of 529, columns 220 to 274 of 494]
20.1000003814697 24.1000003814697 27.6000003814697 33.5 46.2999992370605 65.5 89.1999969482422 112.199996948242 108.5 64.0999984741211 104.099998474121 108.400001525879 164.199996948242 221.800003051758 296.299987792969 424 680.599975585938 712.299987792969 727.299987792969 700.400024414062 689.700012207031 674 655.5 634.700012207031 612.799987792969 589.099975585938 556.799987792969 522.400024414062 490.899993896484 459.100006103516 448.700012207031 449.700012207031 445.200012207031 438.700012207031 433.100006103516 428.200012207031 423.299987792969 418.899993896484 415.299987792969 412 410.600006103516 408.700012207031 408.799987792969 404.600006103516 401.899993896484 401.899993896484 406.200012207031 407.899993896484 411.399993896484 413.200012207031 415.899993896484 421.799987792969 427.100006103516 431.200012207031 434.600006103516
24.5 23.5 22.1000003814697 25.5 34.7000007629395 51.5 74 93.6999969482422 86.4000015258789 70 103.800003051758 94.5999984741211 199.300003051758 236.100006103516 362.700012207031 590.299987792969 742.5 762.599975585938 750 733.5 715 693.799987792969 664.400024414062 641.799987792969 620.5 582.700012207031 550.400024414062 517.599975585938 489.899993896484 465.799987792969 456.700012207031 453.5 449.899993896484 444.100006103516 439.299987792969 434.700012207031 430 424.899993896484 421.799987792969 418.700012207031 413.700012207031 408.100006103516 402 396.100006103516 394 395.399993896484 398.799987792969 401.299987792969 404.600006103516 409 414.200012207031 418.399993896484 421.5 427.399993896484 432.799987792969
25.5 21 18.5 19.2000007629395 22.5 37.2000007629395 61.0999984741211 81.0999984741211 70.8000030517578 64.9000015258789 119.400001525879 94.8000030517578 201.800003051758 216.899993896484 409 735.599975585938 807.5 800 778.799987792969 750.900024414062 723 690.799987792969 663.799987792969 635.700012207031 619.400024414062 584.400024414062 550.299987792969 519.400024414062 495 477 466.5 458.899993896484 453.200012207031 449.399993896484 445.299987792969 440.799987792969 436.200012207031 430.600006103516 423.899993896484 416.100006103516 409.100006103516 400.399993896484 393.5 387.899993896484 385.899993896484 386.899993896484 390.5 393.5 398.200012207031 404.899993896484 410.100006103516 415.600006103516 420.600006103516 424.700012207031 429.399993896484
26 22 18.2000007629395 12.3999996185303 12.3000001907349 21.3999996185303 40.4000015258789 66.4000015258789 58.9000015258789 74.8000030517578 126.699996948242 107.300003051758 173.5 197.800003051758 396.5 780.599975585938 819.299987792969 814.5 785.599975585938 750.900024414062 719.099975585938 696.299987792969 662.599975585938 631.799987792969 606.599975585938 577 547.099975585938 520.799987792969 500.100006103516 483.200012207031 473.100006103516 463.600006103516 457 450.700012207031 447.799987792969 443.799987792969 438 430.5 423.100006103516 413.899993896484 404.399993896484 394.200012207031 385.799987792969 379.100006103516 376.100006103516 379.100006103516 383.200012207031 387.200012207031 393 400 406.200012207031 411.899993896484 418.100006103516 422.5 428.700012207031
34.4000015258789 23.2000007629395 17.8999996185303 11 8.89999961853027 14 28.2999992370605 48.2999992370605 47.7000007629395 54.5 122.300003051758 146.300003051758 162.800003051758 307.600006103516 616.299987792969 801.599975585938 824.299987792969 814.5 778.299987792969 745.799987792969 711.599975585938 683.5 657.900024414062 631.299987792969 604.799987792969 575.799987792969 547.700012207031 522.599975585938 504.700012207031 489.299987792969 478.200012207031 468.299987792969 461.100006103516 455.799987792969 451.399993896484 448 442 434.200012207031 425.299987792969 414.299987792969 403.700012207031 389.5 379 371.299987792969 369.5 373.899993896484 378.600006103516 383.700012207031 390.700012207031 396.799987792969 402.799987792969 409 414.5 420.5 426.200012207031
22.8999996185303 18.2999992370605 16 12.6999998092651 11 15.6000003814697 25.6000003814697 39.0999984741211 40.9000015258789 55.4000015258789 109.900001525879 136.699996948242 187.100006103516 273.299987792969 691.5 774.099975585938 779.799987792969 784.799987792969 767.599975585938 739.700012207031 713.599975585938 680.599975585938 653.599975585938 628.299987792969 602.5 576.200012207031 552 529.400024414062 511.200012207031 497.799987792969 487.200012207031 478.100006103516 471.899993896484 466.200012207031 461.799987792969 458.100006103516 454.100006103516 445.399993896484 435.899993896484 423.899993896484 409.5 392.5 377.100006103516 369.299987792969 368.899993896484 374.100006103516 380.100006103516 385.200012207031 391.899993896484 398.200012207031 403.399993896484 408.600006103516 414.399993896484 419.899993896484 425.200012207031
16.3999996185303 12.6999998092651 9.69999980926514 10.8000001907349 13.1000003814697 19.2000007629395 28 40.9000015258789 39 59.9000015258789 95.5999984741211 153.100006103516 200 267.399993896484 624 720.599975585938 741.400024414062 736.200012207031 730.299987792969 716.599975585938 697.900024414062 672.099975585938 642.5 619.799987792969 599.400024414062 576.900024414062 553.900024414062 534.400024414062 518.099975585938 507.200012207031 497 489.299987792969 481.299987792969 477.399993896484 473.200012207031 471 467.700012207031 459.899993896484 450.399993896484 436.5 420 399.799987792969 380.299987792969 370.5 372.200012207031 378.200012207031 383.299987792969 388.700012207031 394.600006103516 400.200012207031 404.600006103516 410 415.399993896484 420.600006103516 425
14.8000001907349 8.60000038146973 7.69999980926514 8.10000038146973 9.89999961853027 16 25.6000003814697 44.2999992370605 41.7000007629395 49.7999992370605 88.6999969482422 159.399993896484 213.699996948242 271.299987792969 549.700012207031 663.200012207031 694.299987792969 697.299987792969 696.099975585938 685.599975585938 671.799987792969 651.799987792969 626.299987792969 605.099975585938 586.200012207031 571.5 552.700012207031 535.799987792969 521.099975585938 510.799987792969 501.700012207031 495.799987792969 490.200012207031 487.100006103516 485.399993896484 482.700012207031 481 475.799987792969 468.200012207031 455 437.600006103516 416.5 395.200012207031 383.5 382 385.700012207031 388.899993896484 393.600006103516 397.5 402.600006103516 406.899993896484 410.399993896484 415.200012207031 420.299987792969 426
16.8999996185303 13.1000003814697 8.80000019073486 8.39999961853027 9.19999980926514 13 23.3999996185303 46.4000015258789 54.4000015258789 50.9000015258789 66.4000015258789 163.899993896484 225.800003051758 260.899993896484 479.100006103516 598.900024414062 644.700012207031 656.099975585938 651.299987792969 649.299987792969 636.700012207031 624.200012207031 607.5 587.900024414062 570.099975585938 559.5 546 533.599975585938 521.099975585938 511.600006103516 505.399993896484 501.299987792969 496.899993896484 494.399993896484 493.899993896484 494.200012207031 493.5 492.299987792969 488.5 475.799987792969 459 438.299987792969 418.399993896484 404.200012207031 395.899993896484 396.799987792969 397.299987792969 400.100006103516 402.5 405.100006103516 408.399993896484 412.600006103516 416.100006103516 420.799987792969 426
28.8999996185303 22.5 11.8999996185303 7.19999980926514 11.1000003814697 16.7999992370605 29.3999996185303 53 69.6999969482422 48.7999992370605 82.8000030517578 176.399993896484 221.899993896484 270.700012207031 442.799987792969 471.700012207031 579.799987792969 615.200012207031 605 604.099975585938 597.299987792969 591.799987792969 581.299987792969 570.299987792969 558.200012207031 545.099975585938 535.400024414062 528.799987792969 518.099975585938 512 506.299987792969 503.5 502.200012207031 502.399993896484 503.399993896484 504.100006103516 506.100006103516 508.5 507.700012207031 497.799987792969 483.399993896484 462.899993896484 442.100006103516 423.700012207031 412 409.299987792969 406.5 406.700012207031 408.200012207031 409.5 411.700012207031 413 416.200012207031 419.600006103516 425.100006103516
41.7999992370605 27.6000003814697 11.3999996185303 8.69999980926514 12.6000003814697 22.8999996185303 37.9000015258789 59 47.5999984741211 86.0999984741211 142.800003051758 209.699996948242 242.300003051758 295.399993896484 381.100006103516 441.799987792969 542.200012207031 561.400024414062 557 562.400024414062 560.400024414062 555.200012207031 550.700012207031 543 537.299987792969 527.299987792969 520.299987792969 515.400024414062 511.899993896484 507.399993896484 503.399993896484 502.700012207031 504.5 506.899993896484 507.899993896484 511.700012207031 515.400024414062 520.599975585938 521.200012207031 512.200012207031 501.299987792969 482.600006103516 461.399993896484 440.600006103516 426.399993896484 419.100006103516 415 413.299987792969 412.700012207031 413 413.700012207031 416.100006103516 419.399993896484 421.399993896484 423
-3.4e+38 11.3999996185303 -3.4e+38 8.39999961853027 13.6999998092651 24.1000003814697 36.4000015258789 50.9000015258789 102.400001525879 143 174.300003051758 192.199996948242 240.899993896484 333.399993896484 351.5 444.600006103516 502.5 513.099975585938 518 523.900024414062 525 522 515.200012207031 511.799987792969 508.100006103516 503.700012207031 499.700012207031 498 496.700012207031 498.299987792969 498.399993896484 500.700012207031 502.600006103516 507.100006103516 510.5 514.900024414062 518.900024414062 524.099975585938 523.5 518.599975585938 509.200012207031 491 471 451.399993896484 436.299987792969 427.5 421.600006103516 419.299987792969 417.5 416.799987792969 417.200012207031 419.200012207031 421.100006103516 421.799987792969 422.899993896484
-3.4e+38 -3.4e+38 9.80000019073486 -3.4e+38 -3.4e+38 31.8999996185303 39 135.899993896484 190.399993896484 134.5 169.300003051758 208 268.700012207031 378.399993896484 325.799987792969 451.700012207031 471.899993896484 479.600006103516 485.799987792969 490.899993896484 490.399993896484 488.799987792969 484.5 477.399993896484 474 472.700012207031 471.899993896484 475.200012207031 479.399993896484 482.600006103516 490 496 498.200012207031 504.700012207031 511.600006103516 515.599975585938 518.099975585938 520.799987792969 519.700012207031 514.5 505 489 471.799987792969 455.100006103516 442.200012207031 432.700012207031 427.399993896484 423.600006103516 420.200012207031 419.399993896484 419.5 419.899993896484 420.600006103516 421 420.5
-3.4e+38 -3.4e+38 -3.4e+38 -3.4e+38 47.2999992370605 37.5999984741211 53 181.100006103516 131.399993896484 105.5 164.5 215.899993896484 263.899993896484 340.5 372.799987792969 446.700012207031 449.100006103516 449.200012207031 459.299987792969 461.899993896484 460.799987792969 458.899993896484 452.799987792969 446.799987792969 441.200012207031 443.100006103516 441.700012207031 450.200012207031 460.200012207031 466.899993896484 476 486.899993896484 493.100006103516 501 508.600006103516 514.099975585938 516.900024414062 517.299987792969 514.099975585938 507.100006103516 497.5 484.600006103516 468.799987792969 455 442.399993896484 434.399993896484 429.299987792969 425.100006103516 422.5 421.399993896484 421.899993896484 421.5 421 419.700012207031 417.600006103516
-3.4e+38 -3.4e+38 -3.4e+38 -3.4e+38 47.0999984741211 33.4000015258789 104.800003051758 150.800003051758 97.8000030517578 98.5 170.899993896484 212.100006103516 297.799987792969 350.399993896484 412.299987792969 418.200012207031 426.799987792969 427.799987792969 434.899993896484 438.299987792969 435.899993896484 430.799987792969 421.600006103516 417 410.899993896484 412.100006103516 415.799987792969 426.399993896484 438.399993896484 450.5 461.700012207031 471.399993896484 485.399993896484 495.100006103516 502.799987792969 509.299987792969 513 512.400024414062 507.600006103516 499.600006103516 489.399993896484 476.899993896484 463.399993896484 449.700012207031 439 433.299987792969 429.5 425 422.399993896484 421.799987792969 422.200012207031 421.899993896484 421 418.200012207031 414.5
-3.4e+38 -3.4e+38 -3.4e+38 34.2000007629395 43.5999984741211 28 36.2000007629395 45.9000015258789 96.5999984741211 138.699996948242 158.300003051758 213.100006103516 274.200012207031 296.600006103516 302 410.100006103516 413.600006103516 410.5 415.399993896484 419.200012207031 417.100006103516 411.899993896484 400.299987792969 389.899993896484 384.299987792969 386 393.299987792969 407.399993896484 420.899993896484 431.799987792969 445.600006103516 457.399993896484 472.200012207031 490 499.200012207031 505 508.600006103516 506.600006103516 500.399993896484 491.100006103516 479.700012207031 468 455.399993896484 443.700012207031 435 429 425.899993896484 423 421 420.100006103516 420.399993896484 420.700012207031 418.799987792969 414.200012207031 411.100006103516
-3.4e+38 7.69999980926514 16.8999996185303 38.4000015258789 41.7000007629395 32.7000007629395 41.2999992370605 56.7999992370605 84.8000030517578 152.399993896484 165.399993896484 272.899993896484 264.100006103516 281.399993896484 343.799987792969 398.799987792969 405.600006103516 396.5 401.899993896484 403.399993896484 402.5 394.5 383.399993896484 372.299987792969 366.5 368.200012207031 376.700012207031 390.899993896484 404.100006103516 416 429.299987792969 442.5 458.399993896484 476.600006103516 493.799987792969 503.5 506.600006103516 501.600006103516 493.5 482.600006103516 469.5 458.200012207031 445.899993896484 434 426.399993896484 423.299987792969 421.299987792969 419 418.5 415.799987792969 415 414.299987792969 410.799987792969 408.100006103516 404.600006103516
4.69999980926514 9.19999980926514 19.2999992370605 33.0999984741211 20.3999996185303 34.7000007629395 97.4000015258789 114.699996948242 141.800003051758 147.5 190.399993896484 285.299987792969 283.700012207031 348.299987792969 383.100006103516 385.799987792969 389.5 397.700012207031 391.5 394.399993896484 391.700012207031 385.700012207031 374.799987792969 364.700012207031 358.799987792969 360.899993896484 368.899993896484 380.299987792969 391.200012207031 402 413.899993896484 427.899993896484 444.799987792969 466.399993896484 484.299987792969 499 501.399993896484 493.899993896484 483.100006103516 472.100006103516 458 445.200012207031 430.100006103516 420.100006103516 415.5 416.600006103516 416.600006103516 415.200012207031 412.600006103516 410.399993896484 410 408.200012207031 403.200012207031 400.100006103516 397.399993896484
2.29999995231628 4.80000019073486 13.1000003814697 20.6000003814697 18.6000003814697 28.2999992370605 74.5 152.300003051758 162.300003051758 174.300003051758 245.100006103516 269.100006103516 275.600006103516 363.600006103516 381.600006103516 390.399993896484 387.799987792969 408.200012207031 387.5 387.100006103516 385 379.299987792969 371.5 363.100006103516 359.899993896484 360.600006103516 367.299987792969 376.700012207031 383.700012207031 395.700012207031 405.200012207031 416.299987792969 433.299987792969 452.5 472.700012207031 489 488 480 467.600006103516 454.5 440.299987792969 426.299987792969 411.799987792969 405 399.200012207031 407.200012207031 411.200012207031 409.299987792969 408 406.600006103516 405 401.899993896484 398.200012207031 393.299987792969 388.299987792969
1.10000002384186 2.5 4.90000009536743 9.69999980926514 14.6999998092651 19.7999992370605 54.2000007629395 135.100006103516 148.699996948242 193.300003051758 251.800003051758 247 286.700012207031 358.700012207031 380.299987792969 391.799987792969 380.799987792969 403.799987792969 385.399993896484 382 381.899993896484 377.399993896484 370.899993896484 366.100006103516 363.799987792969 364.200012207031 368.600006103516 375.5 382.600006103516 390.700012207031 398.700012207031 408 423.600006103516 438.5 452 463 464.200012207031 460.100006103516 451.399993896484 436.899993896484 423.700012207031 409.799987792969 400.600006103516 390.200012207031 390 395.100006103516 399.700012207031 402.899993896484 402.600006103516 401.899993896484 400 396.5 392.799987792969 385.899993896484 382.100006103516
0.699999988079071 2 4.59999990463257 8.39999961853027 13.8000001907349 23.5 35 106.699996948242 164.899993896484 180.199996948242 209.100006103516 279.600006103516 318.5 329.5 373.899993896484 379.899993896484 378.299987792969 408.700012207031 384.899993896484 381.100006103516 379.600006103516 376.399993896484 372.5 370.700012207031 369 367.600006103516 371.100006103516 376.399993896484 382.5 387.299987792969 394 402.799987792969 413 423.600006103516 433.600006103516 439.100006103516 439.100006103516 439 433.700012207031 423.799987792969 412.799987792969 401.299987792969 387.700012207031 378.5 383.899993896484 386 388.299987792969 391.700012207031 394.200012207031 394.899993896484 394.799987792969 391.5 386.399993896484 380.299987792969 374.200012207031
0 0.899999976158142 3.09999990463257 7.80000019073486 12.1999998092651 23.3999996185303 54 65.6999969482422 172.100006103516 180.399993896484 218.399993896484 288.899993896484 329.899993896484 351.399993896484 371 374 377.799987792969 406.5 384.700012207031 379.5 380.100006103516 379.299987792969 376.600006103516 375.700012207031 373.399993896484 371.100006103516 374.600006103516 377.200012207031 382.100006103516 384.299987792969 388.299987792969 395.799987792969 402.899993896484 409.200012207031 413.600006103516 417.200012207031 417.600006103516 419.5 418.100006103516 407 393.200012207031 381.700012207031 369.700012207031 364.5 373.700012207031 378.200012207031 380.600006103516 382.299987792969 384.600006103516 385.700012207031 387 385.799987792969 383.5 378.600006103516 370.5
1.29999995231628 1.10000002384186 2 5.69999980926514 14.8000001907349 19.5 42.7999992370605 134.100006103516 174.300003051758 183.199996948242 222.600006103516 289.200012207031 328.5 349 371.5 371.899993896484 378.100006103516 396 382.100006103516 379.600006103516 380.700012207031 381.100006103516 378.700012207031 379.399993896484 376.100006103516 374.899993896484 373.899993896484 376.799987792969 377 380.899993896484 384.799987792969 388.399993896484 391.799987792969 395.200012207031 396.200012207031 391.299987792969 387.799987792969 388.5 392.5 388.399993896484 376.600006103516 361.600006103516 351.700012207031 358.100006103516 364.100006103516 366.5 368.700012207031 373 377.200012207031 379.200012207031 380.600006103516 379.700012207031 378.299987792969 378.899993896484 371
1.20000004768372 0.699999988079071 2 8.19999980926514 20.8999996185303 24.5 65.5 147.699996948242 151 191.399993896484 222.800003051758 277 325.600006103516 352.5 366.700012207031 368.799987792969 385.100006103516 383.700012207031 374.399993896484 377.100006103516 380.299987792969 383.799987792969 383.5 380.700012207031 377.5 377.100006103516 374.600006103516 375.399993896484 374.399993896484 375.700012207031 378.600006103516 381.899993896484 384.200012207031 383.700012207031 376.799987792969 367.5 357.299987792969 367.299987792969 378 375.799987792969 364.700012207031 351.700012207031 348.5 350.700012207031 352.700012207031 353.399993896484 353.700012207031 357.299987792969 363.700012207031 369.200012207031 376.200012207031 374.600006103516 375.399993896484 375.600006103516 373.600006103516
1.10000002384186 0.600000023841858 3.90000009536743 16.7000007629395 21.1000003814697 44.2999992370605 114 145.899993896484 147 211.699996948242 217.600006103516 273.700012207031 319.799987792969 356 365.299987792969 374.700012207031 387.700012207031 369 369.399993896484 371.799987792969 376.100006103516 379.600006103516 383.200012207031 381.600006103516 376.399993896484 376.200012207031 374.899993896484 373.200012207031 371.600006103516 371.200012207031 373 374.600006103516 375.700012207031 372.700012207031 365.200012207031 355.5 349 354 365.100006103516 367.799987792969 365.799987792969 357.5 354.399993896484 347.799987792969 347.100006103516 341.299987792969 342 345.100006103516 355 357.799987792969 363.299987792969 370.600006103516 373.600006103516 374.399993896484 371.700012207031
