data/layers/future_layer_can_126_60/bio15.asc
NCOLS 494 
NROWS 529 
XLLCORNER -117.166666666667 
YLLCORNER -55.5 
CELLSIZE 0.166666666666667 
NODATA_value -3.4e+38 
[rows 336 to 359 of 529, columns 330 to 384 of 494]
80.5 79.4000015258789 77 75.3000030517578 73.4000015258789 71.9000015258789 69.9000015258789 67.6999969482422 65.5999984741211 64 61.7999992370605 58.7999992370605 57 55.0999984741211 53.5 52.7000007629395 51.4000015258789 50.9000015258789 51 51.9000015258789 49.7000007629395 47.5999984741211 46.4000015258789 46.2999992370605 46 45.5 45 44.5 44.4000015258789 43.2999992370605 41.7999992370605 40.7000007629395 39.9000015258789 39 37.9000015258789 37 36.2999992370605 35.4000015258789 34.9000015258789 34.5 34.0999984741211 33.7000007629395 33.5 33.2999992370605 33.5 33.2999992370605 33.5999984741211 33.5 33.0999984741211 32.5999984741211 31.7999992370605 31.2999992370605 31.3999996185303 32.2000007629395 32.5999984741211
80.5999984741211 79.0999984741211 77.1999969482422 75.1999969482422 73.1999969482422 72 69.9000015258789 67.5999984741211 65.8000030517578 64.0999984741211 61.7000007629395 59.2000007629395 57 54.7000007629395 53.0999984741211 52.2000007629395 51.2000007629395 50.0999984741211 49.9000015258789 50 49 47.7000007629395 47.2999992370605 47.5999984741211 46.7999992370605 45.5999984741211 45.0999984741211 44.5999984741211 44 43.2000007629395 42 40.7000007629395 39.7999992370605 38.5999984741211 37.7999992370605 36.7000007629395 35.5 34.5 34 33.5999984741211 33.4000015258789 32.7999992370605 32.5 32.4000015258789 32.7999992370605 32.7999992370605 32.7999992370605 32.7000007629395 32.4000015258789 31.6000003814697 30.1000003814697 28.2999992370605 28.6000003814697 29.8999996185303 30.7000007629395
80.4000015258789 79.6999969482422 77.5 75.3000030517578 72.9000015258789 71.3000030517578 69.6999969482422 67.5999984741211 65.5999984741211 63.7000007629395 61.2000007629395 59.0999984741211 56.5999984741211 54.5999984741211 52.5999984741211 51.5999984741211 50.5 49.2000007629395 48.5 48.2999992370605 48 47.5999984741211 47.7000007629395 47.7999992370605 46.9000015258789 45.9000015258789 45.2999992370605 44.7999992370605 44.2999992370605 43.2999992370605 42.2999992370605 41 39.7999992370605 38.4000015258789 37.4000015258789 36.0999984741211 34.5999984741211 33.7999992370605 32.9000015258789 32.7999992370605 32.4000015258789 32 31.3999996185303 31.6000003814697 32 32.2999992370605 32.2999992370605 32.0999984741211 32 31.7000007629395 28.7000007629395 25.7999992370605 25.8999996185303 28.5 28.6000003814697
79.9000015258789 79.5 77.1999969482422 75 72.5 71 69.5 67.3000030517578 65.5999984741211 63.7999992370605 61.5 58.9000015258789 56.7000007629395 54.7000007629395 52.9000015258789 51.0999984741211 49.7000007629395 48.5999984741211 47.9000015258789 47.2000007629395 46.7999992370605 46.7000007629395 47.0999984741211 46.9000015258789 46.5999984741211 46.2000007629395 45.7000007629395 45.5 45.0999984741211 44.2999992370605 43.2999992370605 42 40.4000015258789 38.5 36.7999992370605 35.2999992370605 33.7999992370605 32.5999984741211 32.0999984741211 32 31.3999996185303 30.8999996185303 30.7999992370605 30.8999996185303 31.2999992370605 31.5 32.0999984741211 31.7000007629395 30.7000007629395 30.5 26.7000007629395 23.6000003814697 24.6000003814697 26.2999992370605 26.2000007629395
78.6999969482422 77.6999969482422 75.6999969482422 73.5999984741211 71.8000030517578 70.0999984741211 68.5999984741211 67 65.1999969482422 63.5999984741211 61.7000007629395 59 56.5 54.5999984741211 52.5999984741211 50.9000015258789 49.0999984741211 48.0999984741211 46.9000015258789 46.2000007629395 45.9000015258789 46.0999984741211 46.4000015258789 46.5999984741211 46.4000015258789 46.5 46.4000015258789 46.2999992370605 46.2000007629395 45.7000007629395 44.7999992370605 43.2999992370605 41.2999992370605 39 36.5 34.5999984741211 32.7000007629395 31.3999996185303 30.6000003814697 30.7999992370605 30.3999996185303 29.6000003814697 29.3999996185303 29.6000003814697 29.8999996185303 30.5 31.2999992370605 31 29.8999996185303 28.7000007629395 25.7999992370605 24 25.3999996185303 27.1000003814697 27.7000007629395
77.4000015258789 76 74.3000030517578 72.5999984741211 71.0999984741211 69.3000030517578 68.1999969482422 66.9000015258789 65.5999984741211 64 61.7999992370605 59.5 57 54.7999992370605 52.5999984741211 50.7999992370605 48.7000007629395 47.2000007629395 46.2000007629395 45.5 45.0999984741211 45.2000007629395 45.7000007629395 46.2000007629395 46.4000015258789 46.5999984741211 46.5999984741211 47 47.2999992370605 47.2999992370605 46.7999992370605 45.0999984741211 42.2000007629395 39.0999984741211 36.2999992370605 33.9000015258789 31.7000007629395 30.1000003814697 28.7999992370605 28.3999996185303 28.2999992370605 28 28 28 27.8999996185303 28.2000007629395 28.6000003814697 28.7999992370605 29 29.2999992370605 27.3999996185303 26.2999992370605 28 30 31
76.5 74.8000030517578 73.0999984741211 71.6999969482422 70.4000015258789 68.8000030517578 67.6999969482422 66.8000030517578 65.6999969482422 64.1999969482422 62.2000007629395 60 57.4000015258789 55 52.7000007629395 50.7000007629395 48.7999992370605 47.4000015258789 46 45 44.7000007629395 44.4000015258789 44.7999992370605 46 46.9000015258789 47.0999984741211 46.7999992370605 47.0999984741211 48 48.7999992370605 48.7000007629395 46.4000015258789 42.5 39.2000007629395 36.2000007629395 33.4000015258789 31.1000003814697 29.2999992370605 27.7000007629395 27.2999992370605 27.2000007629395 27.2000007629395 27.2000007629395 26.8999996185303 26.2999992370605 26 26.2000007629395 27.1000003814697 28.2999992370605 28.7000007629395 28 28.1000003814697 30 32 33.4000015258789
75.8000030517578 73.5999984741211 72.0999984741211 70.8000030517578 69.3000030517578 68.4000015258789 67.6999969482422 66.8000030517578 65.9000015258789 65 63.0999984741211 60.5 57.9000015258789 55.5999984741211 53 51 49.0999984741211 47.2000007629395 45.9000015258789 44.4000015258789 43.5999984741211 43.4000015258789 44.5 45.9000015258789 47.5 48.2999992370605 47.2999992370605 46.7000007629395 47.2999992370605 48 47.2999992370605 45.0999984741211 42.0999984741211 38.5999984741211 35.7000007629395 33.2000007629395 31 29.1000003814697 28.1000003814697 27.7999992370605 27.7000007629395 27.2999992370605 26.8999996185303 26.1000003814697 24.6000003814697 23.8999996185303 24.7999992370605 26.2999992370605 27.7999992370605 28.2000007629395 27.7999992370605 28.7000007629395 30.8999996185303 33.5 35.2999992370605
75.0999984741211 73.4000015258789 71.5 70.1999969482422 69.3000030517578 68.0999984741211 67.5999984741211 66.5 65.8000030517578 65.3000030517578 63.4000015258789 60.5999984741211 58.2999992370605 55.7999992370605 53.5 51.2000007629395 49.5 47.7000007629395 46.2999992370605 44.5999984741211 43.2000007629395 43.2000007629395 44.5 46.5999984741211 48.7999992370605 49.7000007629395 47.7000007629395 45.4000015258789 45.2000007629395 45.2000007629395 44.7000007629395 42.7999992370605 40.5 37.9000015258789 35.0999984741211 32.7999992370605 31.1000003814697 29.6000003814697 29.2000007629395 29 28.7000007629395 28.2999992370605 27.2999992370605 25.7999992370605 24.2999992370605 23.5 24.7000007629395 26.3999996185303 27.6000003814697 27.7999992370605 27.7999992370605 28.2999992370605 30.7999992370605 33.9000015258789 35.2999992370605
75.1999969482422 73.0999984741211 71.5 70.1999969482422 69.1999969482422 68.4000015258789 67.5 66.6999969482422 66 64.8000030517578 63.2000007629395 60.7999992370605 58.4000015258789 55.9000015258789 54.0999984741211 52.2000007629395 50.2000007629395 48.5999984741211 47.2000007629395 45.7999992370605 44.5 43 44.5 47.2999992370605 48.2000007629395 46.5999984741211 45.2000007629395 43.7000007629395 43.0999984741211 42.7999992370605 42.4000015258789 40.7999992370605 39 36.5999984741211 34.4000015258789 32.7000007629395 31.5 30.3999996185303 30.2000007629395 30.2999992370605 30.2999992370605 29.2999992370605 28.1000003814697 26 24.1000003814697 23.7000007629395 25.2999992370605 27 27.2999992370605 27.5 27.2000007629395 26.7000007629395 27.3999996185303 29.7999992370605 31.7000007629395
75.5 73.4000015258789 71.9000015258789 70.4000015258789 69.5 68.5 67.5 66.6999969482422 65.4000015258789 64.1999969482422 62.7999992370605 60.5999984741211 58.2999992370605 56.2999992370605 54.2999992370605 52.9000015258789 51 49.2000007629395 48.0999984741211 46.9000015258789 45.5 44.5 45.7999992370605 49.0999984741211 46.7999992370605 43.7000007629395 42.2000007629395 41.5 41.4000015258789 41.7000007629395 41.0999984741211 39.5 37.4000015258789 35.5 33.7999992370605 32.2999992370605 31.2000007629395 30.6000003814697 30.7999992370605 31 31.2999992370605 30.2000007629395 28.5 26.3999996185303 24.3999996185303 23.7999992370605 24.8999996185303 26.7000007629395 27.1000003814697 26.8999996185303 25.8999996185303 24.1000003814697 24.2999992370605 25.2000007629395 26.7999992370605
75.8000030517578 73.8000030517578 72.1999969482422 70.6999969482422 69.6999969482422 68.5 67.3000030517578 66.5999984741211 65.4000015258789 64.1999969482422 62.5999984741211 60.7000007629395 58.9000015258789 56.9000015258789 55 53.2999992370605 51.7000007629395 50.0999984741211 48.7000007629395 47.7000007629395 46.5 45.7999992370605 46.2999992370605 47.2999992370605 45 42.2999992370605 40.5 39.7000007629395 40 41.2999992370605 41 38.9000015258789 36.2000007629395 34.2999992370605 32.5999984741211 31.6000003814697 30.8999996185303 30.7999992370605 31 31.2000007629395 31.2000007629395 30.3999996185303 28.8999996185303 27.2999992370605 24.6000003814697 23.3999996185303 23.8999996185303 25.8999996185303 26.8999996185303 25.3999996185303 23.7000007629395 22.1000003814697 22.6000003814697 23.5 26.5
76 74.1999969482422 72.5999984741211 71.1999969482422 70.0999984741211 68.3000030517578 67.4000015258789 66.5 65.5 64 62.7999992370605 61 59.2000007629395 57.2000007629395 55.5999984741211 54.0999984741211 52.5 51.0999984741211 49.5999984741211 48.2999992370605 47.0999984741211 46.0999984741211 45.7999992370605 45.2000007629395 43.5999984741211 41.5999984741211 39.7000007629395 38.9000015258789 39.2999992370605 40 41 37.9000015258789 35.0999984741211 33 31.7000007629395 31.1000003814697 30.7999992370605 30.7999992370605 31 31.3999996185303 31 30.1000003814697 28.5 26.7000007629395 24.1000003814697 22.6000003814697 22.5 24 25 24.2999992370605 23.6000003814697 23.3999996185303 23.2999992370605 25.7000007629395 28.8999996185303
76.3000030517578 74.5 73 71.1999969482422 69.8000030517578 68.5999984741211 67.5999984741211 66.9000015258789 65.8000030517578 64.0999984741211 62.9000015258789 61.0999984741211 59.2999992370605 57.9000015258789 56.0999984741211 54.5 52.9000015258789 51.7000007629395 50.2999992370605 49 47.4000015258789 46.2999992370605 45.2999992370605 44.0999984741211 42.5 40.9000015258789 39.5 38.2999992370605 37.7000007629395 37.2999992370605 36.7999992370605 35.5 33.4000015258789 31.7999992370605 30.7000007629395 30.7999992370605 30.8999996185303 30.7999992370605 31.1000003814697 31.3999996185303 31.1000003814697 29.3999996185303 27.2999992370605 25.5 23.2999992370605 22.2000007629395 21.2999992370605 22 23 24 24.8999996185303 26 27 28.2999992370605 29.8999996185303
76.6999969482422 75 73.5 71.6999969482422 69.8000030517578 68.6999969482422 67.9000015258789 66.6999969482422 65.8000030517578 64.4000015258789 63.2000007629395 61.0999984741211 59.2999992370605 57.4000015258789 56.2999992370605 54.7999992370605 53.2999992370605 52 50.7000007629395 49.2999992370605 47.5 46.2000007629395 45.0999984741211 43.5999984741211 42 40.5999984741211 39.0999984741211 37.5999984741211 36.7000007629395 35.7000007629395 33.2000007629395 32.7000007629395 31.7000007629395 30.7999992370605 30.3999996185303 30.8999996185303 31 30.8999996185303 30.8999996185303 30.6000003814697 30.2000007629395 28.7000007629395 26.7000007629395 25 23.2999992370605 22.2000007629395 21.5 21.5 22.5 24.5 26.1000003814697 28.3999996185303 29 28.7999992370605 27.2999992370605
76.6999969482422 75.4000015258789 73.8000030517578 72 70.4000015258789 69 67.5999984741211 66.4000015258789 65.6999969482422 64.5 63.0999984741211 61.0999984741211 59.2000007629395 57.7000007629395 56.2999992370605 55.0999984741211 53.7000007629395 52.2999992370605 51.2000007629395 49.5999984741211 48.0999984741211 46.0999984741211 44.5999984741211 43.0999984741211 41.9000015258789 40.2000007629395 38.7000007629395 37.0999984741211 35.5 34.2999992370605 32.9000015258789 32.2000007629395 31.5 30.8999996185303 31.2000007629395 31.8999996185303 31.7999992370605 31.1000003814697 30.7000007629395 30.2999992370605 29.5 28 26.3999996185303 25 23.8999996185303 23.2000007629395 22.5 22.3999996185303 22.5 23.8999996185303 25.7000007629395 27.5 26.2000007629395 24.8999996185303 24.1000003814697
77.0999984741211 76.3000030517578 74.4000015258789 72.1999969482422 70.3000030517578 69 67.4000015258789 66.3000030517578 65.0999984741211 63.9000015258789 62.7000007629395 61 59.5999984741211 58.0999984741211 56.4000015258789 54.9000015258789 53.9000015258789 52.5999984741211 51.2999992370605 49.9000015258789 48.2000007629395 46.4000015258789 44.5999984741211 43.0999984741211 41.4000015258789 40 38.7000007629395 36.7000007629395 34 31.7999992370605 31 31 30.6000003814697 31.5 32.7999992370605 33.2999992370605 32.2999992370605 31.1000003814697 30.2999992370605 29.5 28.2999992370605 27.3999996185303 26.3999996185303 25.7999992370605 25.2999992370605 24.8999996185303 23.7999992370605 22.5 22.1000003814697 22.7000007629395 22.7999992370605 24.2999992370605 23.3999996185303 21 22
77.0999984741211 76.0999984741211 74.4000015258789 72.1999969482422 70 68.8000030517578 67.4000015258789 66.0999984741211 64.8000030517578 63.5 62.4000015258789 61.0999984741211 59.7000007629395 58.2999992370605 56.7999992370605 55.5 54.0999984741211 52.7000007629395 51.5 50 48.5 46.5999984741211 44.7999992370605 43.5 41.7999992370605 40.4000015258789 38.7000007629395 36.4000015258789 32.7999992370605 30 28.3999996185303 29 29.5 31.1000003814697 32.5999984741211 33.2999992370605 31.8999996185303 30.7000007629395 29.7000007629395 28.7000007629395 27.8999996185303 27.1000003814697 26.6000003814697 26.6000003814697 27 27.2000007629395 25.7999992370605 23.6000003814697 21.3999996185303 20.6000003814697 19.2000007629395 18.7999992370605 18.7999992370605 18.2000007629395 18.3999996185303
76.9000015258789 75 73.1999969482422 71.1999969482422 69.6999969482422 68.5999984741211 67.0999984741211 65.5999984741211 64.4000015258789 63.2999992370605 62.2000007629395 61.0999984741211 59.7000007629395 58.5 57.2000007629395 55.7999992370605 54.4000015258789 53.2000007629395 51.7000007629395 50.2000007629395 48.9000015258789 47.2000007629395 45.2999992370605 43.5999984741211 41.9000015258789 40.4000015258789 38.5999984741211 35.7000007629395 33.0999984741211 30.7999992370605 29.2999992370605 28.8999996185303 29.1000003814697 29.8999996185303 30.5 30.7999992370605 30.2000007629395 29.3999996185303 29.1000003814697 28.2999992370605 27.7999992370605 27.2000007629395 26.7000007629395 27 28 29 26.7000007629395 23 20.7999992370605 18.5 18.2000007629395 17.6000003814697 17.6000003814697 16 15.5
76.0999984741211 74.0999984741211 72.5 70.5999984741211 69.0999984741211 68.1999969482422 67 65.5999984741211 64.1999969482422 63.2999992370605 62.2000007629395 61.0999984741211 59.9000015258789 58.7000007629395 57.5 56.2000007629395 54.9000015258789 53.7999992370605 52.4000015258789 51 49.2000007629395 47.7000007629395 45.7999992370605 43.9000015258789 42.2999992370605 40.2000007629395 37.7000007629395 35.4000015258789 33.2000007629395 31.7999992370605 30.3999996185303 29.2999992370605 28.7999992370605 28.7000007629395 28.5 28.2000007629395 27.7999992370605 27.7000007629395 27.5 27.2000007629395 27.2000007629395 26.7999992370605 26.6000003814697 26.7000007629395 27.2999992370605 27 25.5 22 19.3999996185303 17.6000003814697 17.8999996185303 16.7000007629395 16.8999996185303 16.1000003814697 15.3000001907349
75.3000030517578 73.5 71.8000030517578 69.6999969482422 68.6999969482422 67.5999984741211 66.5999984741211 65.5 64.1999969482422 63.2999992370605 62.2000007629395 61 59.9000015258789 58.7999992370605 57.7000007629395 56.5 55.4000015258789 54.2000007629395 52.7000007629395 51.4000015258789 49.7000007629395 48.2000007629395 46.7000007629395 44.7000007629395 42.2000007629395 39.7000007629395 37.2999992370605 34.9000015258789 33.2999992370605 32 30.8999996185303 29.5 28.3999996185303 27.5 26.8999996185303 26.3999996185303 26.3999996185303 26.1000003814697 25.8999996185303 26 26 26.5 26 25.7000007629395 25.7999992370605 24.7999992370605 22.2999992370605 20.3999996185303 19.1000003814697 17.7999992370605 16.8999996185303 16.1000003814697 16 15.1999998092651 14.6999998092651
74.4000015258789 72.8000030517578 71.3000030517578 69.5 68.4000015258789 67.6999969482422 66.5999984741211 65.1999969482422 64.3000030517578 63.2000007629395 62.2000007629395 61 60.2000007629395 59 57.9000015258789 56.7999992370605 56 54.7999992370605 53.0999984741211 51.7000007629395 50 48.5 46.9000015258789 44.7999992370605 42.0999984741211 39.4000015258789 36.7999992370605 34.5999984741211 32.7000007629395 31 30 28.8999996185303 27.7999992370605 26.7999992370605 26 25.6000003814697 25.1000003814697 24.8999996185303 24.6000003814697 24.5 25 25.7999992370605 25.7000007629395 24.5 23.8999996185303 22.7999992370605 20.8999996185303 19.8999996185303 18.7000007629395 17.7999992370605 16.8999996185303 15.6999998092651 15.5 14.6999998092651 14.6000003814697
73.8000030517578 72.3000030517578 71 69.4000015258789 68.4000015258789 67.5999984741211 66.4000015258789 65 64.3000030517578 63.2999992370605 62.2999992370605 61.4000015258789 60.2000007629395 59.0999984741211 58 57.2000007629395 56.2000007629395 55 53.9000015258789 52.2000007629395 50 48.2999992370605 46.5999984741211 44.2000007629395 41.5 39.0999984741211 36.5 34 32 30.2000007629395 29.1000003814697 28 26.8999996185303 26.1000003814697 25.6000003814697 25 24.3999996185303 24.1000003814697 23.5 23.5 23.7999992370605 24.1000003814697 23.8999996185303 22.8999996185303 21.7999992370605 21.1000003814697 20.1000003814697 19.6000003814697 18.1000003814697 17.3999996185303 16.7000007629395 15.6999998092651 15.1999998092651 15 14.6999998092651
73 71.4000015258789 70.5 69.1999969482422 68.1999969482422 67.3000030517578 66.0999984741211 65.1999969482422 64.1999969482422 63.0999984741211 62.2000007629395 61.5 60.2999992370605 58.9000015258789 58.2999992370605 57.4000015258789 56.5 55.5999984741211 54.7000007629395 52.7999992370605 50.2999992370605 48.0999984741211 46 43.7999992370605 41.2999992370605 38.5999984741211 36.0999984741211 33.4000015258789 31.6000003814697 30 28.7000007629395 27.6000003814697 26.5 25.7999992370605 25.2999992370605 24.6000003814697 24.2999992370605 24.2999992370605 23.7000007629395 23.2000007629395 23.3999996185303 22.8999996185303 22.2000007629395 21.7000007629395 21.1000003814697 20.3999996185303 19.5 18.8999996185303 18 17 16.5 15.8999996185303 15.1000003814697 14.8000001907349 14.5
