data/layers/future_layer_can_126_60/bio17.asc
NCOLS 494 
NROWS 529 
XLLCORNER -117.166666666667 
YLLCORNER -55.5 
CELLSIZE 0.166666666666667 
NODATA_value -3.4e+38 
[rows 425 to 449 of 529, columns 275 to 329 of 494]
121.099998474121 88.1999969482422 72.5 63.2999992370605 51.5999984741211 43.7999992370605 36 30.2999992370605 29.2000007629395 29.7000007629395 29.7999992370605 31 30.7999992370605 35.2000007629395 36.5999984741211 36 34 32.2000007629395 32.9000015258789 34 35.9000015258789 38.4000015258789 38.4000015258789 39.0999984741211 39.7000007629395 42.0999984741211 45 46.7000007629395 46.2999992370605 45.9000015258789 45.4000015258789 50.5999984741211 44.2000007629395 44.0999984741211 44.9000015258789 45.2999992370605 45.9000015258789 46 46.9000015258789 46.7000007629395 46.5 47.2999992370605 47.2999992370605 47.7999992370605 52.2999992370605 60 53.9000015258789 57.7999992370605 61.7999992370605 64.8000030517578 67 71.4000015258789 75.4000015258789 78.5999984741211 84.3000030517578
129.300003051758 87.1999969482422 71.5 61.0999984741211 47.2999992370605 38.9000015258789 32.5 28.7999992370605 27.6000003814697 28.3999996185303 28.2999992370605 29.6000003814697 29.3999996185303 31.2000007629395 29.8999996185303 30.2999992370605 31.7000007629395 32 33.2000007629395 34.4000015258789 35.4000015258789 36.5 37.0999984741211 38.2000007629395 39.4000015258789 40.9000015258789 43.9000015258789 46.5999984741211 47.7999992370605 48.9000015258789 49.2000007629395 48.7000007629395 49.5999984741211 47.4000015258789 48.9000015258789 48.2999992370605 47.5999984741211 47.2000007629395 47 46 46.0999984741211 46.5999984741211 46.0999984741211 47.9000015258789 53 52.2000007629395 52.2999992370605 56.5999984741211 59.2999992370605 62.0999984741211 65.4000015258789 69.4000015258789 73.5999984741211 76.6999969482422 81.6999969482422
112.400001525879 93.1999969482422 70.4000015258789 57.5999984741211 43.7999992370605 34.5999984741211 30 27.8999996185303 26.5 27.6000003814697 27.2999992370605 28.8999996185303 27.8999996185303 28.2999992370605 29.3999996185303 29.5 31 33.0999984741211 34.4000015258789 36.4000015258789 37.2000007629395 37.0999984741211 37.2000007629395 36.7999992370605 38.0999984741211 41 43.5 46.9000015258789 49.2000007629395 51.7000007629395 52.5 52.2999992370605 54.4000015258789 52 50.5999984741211 49.7999992370605 49 48.2000007629395 47.0999984741211 45.5 44.4000015258789 44.5 46.7999992370605 48 48.5 50.5999984741211 51.7000007629395 56 56.9000015258789 60.4000015258789 63.7000007629395 68.4000015258789 71.3000030517578 73.8000030517578 78.1999969482422
103.199996948242 83.5999984741211 67.9000015258789 57.4000015258789 45.7000007629395 36.0999984741211 30.5 27 25.8999996185303 26.6000003814697 26 27 27.7000007629395 28.2999992370605 30.8999996185303 27.7000007629395 32.7000007629395 34.5 36.0999984741211 38.4000015258789 40.0999984741211 37.5 37 37 37.4000015258789 39.9000015258789 43.7999992370605 48.2999992370605 51.5999984741211 52.7999992370605 54.2000007629395 52.9000015258789 53.2000007629395 52.7000007629395 52 50.7999992370605 49.7999992370605 48.5999984741211 47.7000007629395 47.0999984741211 45.0999984741211 44.9000015258789 46.5999984741211 45.9000015258789 47.2000007629395 47.4000015258789 50.2999992370605 51.7000007629395 55.5999984741211 58.5 63.5999984741211 66.5 68.5999984741211 72.4000015258789 76.6999969482422
91 74.5999984741211 62 53.9000015258789 44.5999984741211 36.2000007629395 31.2000007629395 27.2999992370605 26 25.6000003814697 26.3999996185303 26.5 28 27.3999996185303 27.8999996185303 30.8999996185303 31.1000003814697 36.0999984741211 38.2999992370605 40.4000015258789 40.2999992370605 38.5999984741211 36.9000015258789 35.4000015258789 36 38.2999992370605 43.5999984741211 49.5 52.7999992370605 54.4000015258789 55.7000007629395 55.5999984741211 54.7999992370605 53.5999984741211 52.7000007629395 51.5999984741211 50.7999992370605 49.2000007629395 48 46.5999984741211 45.0999984741211 44.4000015258789 43.7999992370605 43.7999992370605 44.5999984741211 46.0999984741211 48 49.5999984741211 52.4000015258789 55.7999992370605 58.7999992370605 62.2000007629395 66.0999984741211 68.5 -3.4e+38
82.5 66.4000015258789 53.5999984741211 52 44.9000015258789 35.5999984741211 31.5 27.8999996185303 26 25.6000003814697 25.8999996185303 26.6000003814697 27.2000007629395 26.3999996185303 27.8999996185303 30 32.0999984741211 34.5999984741211 37.4000015258789 37.5 38.4000015258789 38.4000015258789 38.7000007629395 36.0999984741211 34.7999992370605 37.9000015258789 46.5 53.4000015258789 55.2999992370605 56.2999992370605 56 56 55.7999992370605 55.0999984741211 54.2000007629395 52.2000007629395 51.2999992370605 49.5999984741211 47.7999992370605 46.2000007629395 45 44.2000007629395 44.2999992370605 44.4000015258789 44.5 47.2000007629395 47.7000007629395 48.5 51.0999984741211 53.5999984741211 56.2999992370605 59.4000015258789 62.7000007629395 66.6999969482422 -3.4e+38
78.5 64.5999984741211 49.4000015258789 47.7999992370605 38.9000015258789 35 31.2000007629395 29 27.2999992370605 26.2999992370605 25.5 25.3999996185303 26.7000007629395 24.5 24.7000007629395 27.2999992370605 30 32.5 30.8999996185303 32.2000007629395 35 36.7999992370605 37.2999992370605 36.4000015258789 36.7999992370605 40.4000015258789 48.2999992370605 55.2999992370605 55.9000015258789 55.0999984741211 55.7999992370605 56.7000007629395 56.0999984741211 55.7999992370605 55.2999992370605 52.7999992370605 51.5999984741211 49.7000007629395 48.0999984741211 48.7000007629395 47.0999984741211 45.5 45 45.0999984741211 44.4000015258789 45.4000015258789 46.7999992370605 47.7000007629395 49.7999992370605 51.2000007629395 53.2000007629395 57.7999992370605 60.9000015258789 64.9000015258789 -3.4e+38
80.3000030517578 62.5 52.2999992370605 43.4000015258789 37.7000007629395 34.4000015258789 32.0999984741211 30.5 29 27.2000007629395 26.1000003814697 24.7000007629395 20.6000003814697 19.7999992370605 24.1000003814697 28.7000007629395 27.3999996185303 26.7999992370605 28.2000007629395 30.2000007629395 34.0999984741211 35.7000007629395 37 40.5999984741211 40.2000007629395 42.9000015258789 48.2000007629395 53.4000015258789 55.0999984741211 55 55 55.9000015258789 56.4000015258789 55.5999984741211 55.5 53.9000015258789 51.7999992370605 49.9000015258789 48.7000007629395 48.2999992370605 47.4000015258789 46.7000007629395 46.5 45.9000015258789 48.2000007629395 46.2999992370605 47.2999992370605 48.2999992370605 49.9000015258789 50.9000015258789 53.2999992370605 56.2999992370605 59.7000007629395 63.0999984741211 67.4000015258789
79.8000030517578 63.5 56.5 44.9000015258789 38.7999992370605 35.2000007629395 33.7999992370605 31.2999992370605 30.2999992370605 28.5 26.6000003814697 22.7999992370605 19.7000007629395 19.2999992370605 24.2000007629395 29.1000003814697 26.3999996185303 26.2000007629395 29.2000007629395 31 33 34.7000007629395 37.5 39.4000015258789 42.4000015258789 47.2999992370605 49.0999984741211 50.7000007629395 52.5 53.4000015258789 54.2000007629395 55 55.7999992370605 55.5 54.9000015258789 53.7999992370605 52.2000007629395 51.7999992370605 50.4000015258789 48.7999992370605 48.0999984741211 48 47.0999984741211 46.9000015258789 46.2000007629395 47.7999992370605 49.2000007629395 50.7999992370605 52 52.4000015258789 54 55.7999992370605 59 62.0999984741211 66.1999969482422
85.8000030517578 71.5 61.4000015258789 49.7999992370605 43.7000007629395 36.9000015258789 34.7999992370605 34.7999992370605 32.9000015258789 31.2000007629395 27.7000007629395 24.5 23.1000003814697 23.8999996185303 26.2000007629395 28.5 27.2000007629395 27.2000007629395 28.2999992370605 30.1000003814697 32.7999992370605 35.7000007629395 37.5 40.2999992370605 42.9000015258789 45.5999984741211 50.7000007629395 52.0999984741211 50.5 51.9000015258789 52.5999984741211 53 53.0999984741211 53.5 53.5999984741211 53.2000007629395 51.7000007629395 50.7999992370605 50.7999992370605 49.7999992370605 49.7000007629395 48.2000007629395 47.9000015258789 47.7999992370605 47.2999992370605 48.5 59.7000007629395 56.2999992370605 52.7000007629395 53.7999992370605 54.4000015258789 56.7999992370605 59.5999984741211 61.9000015258789 65.1999969482422
88.5 78.5 66.0999984741211 55.7000007629395 43.2999992370605 40.7000007629395 37.4000015258789 38.2000007629395 37.2000007629395 33 29.7000007629395 27.7999992370605 26.7000007629395 27.3999996185303 28.5 28.2999992370605 27.5 27.1000003814697 28 29.7999992370605 31.7000007629395 34.4000015258789 36.9000015258789 39.5 42.5999984741211 44 47.0999984741211 50.5 51.2000007629395 50.5 51.2999992370605 51.2999992370605 51.5 51.9000015258789 51.5999984741211 51.5999984741211 51.4000015258789 51.2000007629395 51 49.7999992370605 48.7000007629395 48.4000015258789 48.7999992370605 49.2999992370605 48.7000007629395 49 50 52.2999992370605 53.4000015258789 54.7000007629395 56.0999984741211 58.7000007629395 60.7000007629395 62.5 -3.4e+38
93.1999969482422 80.8000030517578 71.9000015258789 62.2999992370605 46.7000007629395 41.7000007629395 41.7000007629395 40.5999984741211 36.7000007629395 32.2000007629395 29.7999992370605 29.7000007629395 29.6000003814697 30.7999992370605 30.2999992370605 29.7000007629395 28.6000003814697 27.1000003814697 27.5 29.1000003814697 31.5 33.0999984741211 35.2999992370605 38 40.7000007629395 42.9000015258789 44.4000015258789 45.9000015258789 47 48.7000007629395 49.2999992370605 49.0999984741211 49.7000007629395 50.5 50.5999984741211 50.7000007629395 50.5 51.2999992370605 51.2000007629395 50.9000015258789 50.4000015258789 50.0999984741211 49.4000015258789 49.9000015258789 49.0999984741211 49.4000015258789 50.9000015258789 52.5999984741211 53.7000007629395 54.5999984741211 56.5 59.5 62.5 63.9000015258789 -3.4e+38
77.9000015258789 68.8000030517578 68.4000015258789 65.0999984741211 55.0999984741211 42.4000015258789 40.5 41.0999984741211 35.5999984741211 32.2000007629395 30.6000003814697 30.3999996185303 31 32.2999992370605 32.4000015258789 31 28.7999992370605 29.2999992370605 28.7999992370605 29.3999996185303 31.2000007629395 32.9000015258789 34.7000007629395 37.5 39.5999984741211 40.7000007629395 41.9000015258789 43.7999992370605 45 46.0999984741211 47.0999984741211 47.7999992370605 48.5999984741211 49.2999992370605 51.2999992370605 50.5999984741211 50.2999992370605 50.4000015258789 51.0999984741211 51.7999992370605 51.7999992370605 51.7000007629395 50.4000015258789 50.5 50.7000007629395 50.7999992370605 51.7000007629395 53 55.2000007629395 56.2000007629395 58.5 60.9000015258789 62.7999992370605 66.5 -3.4e+38
83.1999969482422 71 70.4000015258789 67.0999984741211 55.4000015258789 44.7999992370605 44.5999984741211 42.7999992370605 35.2999992370605 32.2999992370605 31.1000003814697 31.1000003814697 31.8999996185303 33 34.5999984741211 33 30.2000007629395 30 29.8999996185303 29.7000007629395 31.3999996185303 32.7000007629395 34.2000007629395 35.5999984741211 37.7000007629395 38.7999992370605 40.5 41.7000007629395 44 45.4000015258789 46.7999992370605 49.2000007629395 46.7999992370605 47.7999992370605 50.2999992370605 51.4000015258789 62.4000015258789 55.7000007629395 50.7999992370605 52.0999984741211 52.5999984741211 53 52.4000015258789 51.7999992370605 51.4000015258789 52.5999984741211 52.2999992370605 53.9000015258789 55.9000015258789 58.7999992370605 63.0999984741211 62.7000007629395 64.8000030517578 -3.4e+38 -3.4e+38
79.6999969482422 67.9000015258789 69.3000030517578 63.7999992370605 58.0999984741211 50 46.2999992370605 40.0999984741211 34.2999992370605 32.2000007629395 32.0999984741211 32.0999984741211 32.9000015258789 34.7999992370605 36.2999992370605 34.5 30.7999992370605 31.3999996185303 30.2999992370605 30.6000003814697 31.3999996185303 33.0999984741211 34.7000007629395 36.4000015258789 36.5 37.9000015258789 39.2000007629395 40.5999984741211 42.0999984741211 43.2000007629395 44.0999984741211 46.5999984741211 48.7999992370605 45.2000007629395 45.4000015258789 45.5999984741211 47 48.0999984741211 48.0999984741211 50.0999984741211 52.0999984741211 53.9000015258789 54.5999984741211 54.7000007629395 54 53.9000015258789 54 55.7000007629395 57 59.7000007629395 62.2000007629395 65.8000030517578 66.5 71.3000030517578 73.0999984741211
80 72.5 59.2000007629395 56.7000007629395 49 45 46 39.2999992370605 34.5 32.9000015258789 33.7000007629395 33.7999992370605 35.2999992370605 36.2000007629395 36.2000007629395 35.9000015258789 32.0999984741211 31.3999996185303 30.6000003814697 31.1000003814697 31.2000007629395 31.7000007629395 32.5 34.2000007629395 35.7000007629395 36.2999992370605 37.4000015258789 39.4000015258789 41 41.4000015258789 42.7000007629395 44.0999984741211 44.2999992370605 44.0999984741211 44.5 44.7999992370605 45 -3.4e+38 -3.4e+38 49.2999992370605 51.2000007629395 52.9000015258789 54.5999984741211 55.2000007629395 54.2999992370605 55 56.0999984741211 57.7999992370605 59 61.7999992370605 63.2999992370605 65.5999984741211 67.8000030517578 75 -3.4e+38
71.5999984741211 67.1999969482422 55.9000015258789 52.2000007629395 46.5999984741211 41.2999992370605 44.0999984741211 38.2000007629395 34.4000015258789 34.2000007629395 35.7999992370605 36.7999992370605 37.9000015258789 37.2999992370605 35.9000015258789 37.7000007629395 32.7000007629395 31.5 31.5 31.5 31.1000003814697 31.8999996185303 32.0999984741211 32.5999984741211 33.4000015258789 33.7000007629395 35.9000015258789 37.2999992370605 38.4000015258789 39.5 41.2000007629395 42.5999984741211 42.7999992370605 42.9000015258789 42.5999984741211 43.5 43.9000015258789 -3.4e+38 -3.4e+38 -3.4e+38 -3.4e+38 -3.4e+38 54.2000007629395 56.5 57.0999984741211 57.7000007629395 57.9000015258789 58.5 60.5999984741211 63.4000015258789 65.5999984741211 67.3000030517578 -3.4e+38 -3.4e+38 -3.4e+38
82.1999969482422 63.7999992370605 53.7999992370605 48.9000015258789 44.7999992370605 42.9000015258789 40.9000015258789 36.5 34 33.5999984741211 35.7999992370605 38.7999992370605 39.7999992370605 39.0999984741211 39 36.0999984741211 34.7000007629395 33.7000007629395 32.5999984741211 32.0999984741211 31.5 31.8999996185303 32.7999992370605 32 32.2999992370605 33 33.7000007629395 35.2000007629395 37.2999992370605 39.0999984741211 40.5 41.2999992370605 42.2000007629395 42.4000015258789 42.5 43.4000015258789 45.5 -3.4e+38 -3.4e+38 -3.4e+38 -3.4e+38 -3.4e+38 -3.4e+38 -3.4e+38 -3.4e+38 59.4000015258789 60.2999992370605 61.0999984741211 62.2000007629395 64.3000030517578 -3.4e+38 -3.4e+38 -3.4e+38 -3.4e+38 -3.4e+38
71.0999984741211 59.5999984741211 52 46.0999984741211 42 41.2000007629395 37.9000015258789 35.4000015258789 34.0999984741211 34.0999984741211 36.0999984741211 38.4000015258789 39.5999984741211 40.5 41 39.5999984741211 37 34.5999984741211 33.0999984741211 32.7000007629395 31.7999992370605 33.4000015258789 33.5 33.2999992370605 33.4000015258789 34.4000015258789 34.5 35 35.7000007629395 37.2000007629395 39.0999984741211 40.2999992370605 41.2000007629395 41.9000015258789 42.9000015258789 42.5999984741211 43.2000007629395 -3.4e+38 -3.4e+38 -3.4e+38 -3.4e+38 -3.4e+38 -3.4e+38 -3.4e+38 -3.4e+38 -3.4e+38 -3.4e+38 -3.4e+38 -3.4e+38 -3.4e+38 -3.4e+38 -3.4e+38 -3.4e+38 -3.4e+38 -3.4e+38
68.6999969482422 57.7000007629395 50.7000007629395 46.2999992370605 40.7999992370605 37.7999992370605 34.2999992370605 32.2999992370605 34.2000007629395 35.7000007629395 35.0999984741211 37.9000015258789 38.5 39.2999992370605 40.5 40.5999984741211 38.0999984741211 36.0999984741211 33.7999992370605 34.7000007629395 34.5999984741211 33.2000007629395 32.5 34.5999984741211 36.5 39.2000007629395 40.9000015258789 36.0999984741211 35.4000015258789 36.7999992370605 37.7999992370605 39.4000015258789 41.2000007629395 41.7000007629395 42 42 42.5999984741211 -3.4e+38 -3.4e+38 -3.4e+38 -3.4e+38 -3.4e+38 -3.4e+38 -3.4e+38 -3.4e+38 -3.4e+38 -3.4e+38 -3.4e+38 -3.4e+38 -3.4e+38 -3.4e+38 -3.4e+38 -3.4e+38 -3.4e+38 -3.4e+38
70.0999984741211 57.7999992370605 50.0999984741211 44.9000015258789 42.0999984741211 37.7000007629395 34.0999984741211 31.8999996185303 32.2000007629395 32.2999992370605 32.4000015258789 34.5999984741211 34.9000015258789 34.0999984741211 35.5999984741211 39.7000007629395 39.7999992370605 38 35.4000015258789 34.0999984741211 33.5999984741211 32.9000015258789 33.9000015258789 35 36.7999992370605 38.4000015258789 39 36.0999984741211 35.5999984741211 35.7000007629395 37.5 38.0999984741211 39.2000007629395 39.5 40.2000007629395 41 42.2000007629395 42.9000015258789 -3.4e+38 -3.4e+38 -3.4e+38 -3.4e+38 -3.4e+38 -3.4e+38 -3.4e+38 -3.4e+38 -3.4e+38 -3.4e+38 -3.4e+38 -3.4e+38 -3.4e+38 -3.4e+38 -3.4e+38 -3.4e+38 -3.4e+38
68.5999984741211 57.7999992370605 50 45.2000007629395 41.2000007629395 38 34.2999992370605 32.9000015258789 30.8999996185303 30.7999992370605 32.0999984741211 32.9000015258789 32.7000007629395 31.6000003814697 33.4000015258789 36.2999992370605 38.7000007629395 38.0999984741211 37.7999992370605 35.7000007629395 34.5 32.9000015258789 33.2999992370605 34.0999984741211 35.0999984741211 36.4000015258789 37.5999984741211 36.5999984741211 35.5999984741211 36 36.7999992370605 38 39.5 39.7000007629395 39.4000015258789 40.0999984741211 40.5999984741211 42.0999984741211 -3.4e+38 -3.4e+38 -3.4e+38 -3.4e+38 -3.4e+38 -3.4e+38 -3.4e+38 -3.4e+38 -3.4e+38 -3.4e+38 -3.4e+38 -3.4e+38 -3.4e+38 -3.4e+38 -3.4e+38 -3.4e+38 -3.4e+38
68.6999969482422 60.5 51.5999984741211 46.2999992370605 40.5999984741211 38 35.5999984741211 34 32 30.3999996185303 31.2000007629395 31.3999996185303 30.5 31.3999996185303 33.2000007629395 32.7000007629395 34.5 36.0999984741211 35.5 36.2999992370605 35.0999984741211 35 35.9000015258789 35.2000007629395 34.9000015258789 35.9000015258789 37.0999984741211 36.4000015258789 36.2000007629395 36 36.2999992370605 37.2999992370605 38.7000007629395 39.2000007629395 39.2999992370605 39.2000007629395 40.2000007629395 -3.4e+38 -3.4e+38 -3.4e+38 -3.4e+38 -3.4e+38 -3.4e+38 -3.4e+38 -3.4e+38 -3.4e+38 -3.4e+38 -3.4e+38 -3.4e+38 -3.4e+38 -3.4e+38 -3.4e+38 -3.4e+38 -3.4e+38 -3.4e+38
68.5999984741211 57.7000007629395 49.7999992370605 46.5 41.9000015258789 37.4000015258789 33.5 32.2999992370605 32.2000007629395 30.3999996185303 30.8999996185303 29.2000007629395 28.5 29.2000007629395 29.2999992370605 29 30.3999996185303 32.2000007629395 32.7999992370605 34.0999984741211 35.5 35.7999992370605 36.4000015258789 35.2999992370605 35.7999992370605 35.7000007629395 38.9000015258789 36.5999984741211 36.4000015258789 36.0999984741211 36.4000015258789 37.5999984741211 38.5999984741211 38.5 38.5 39.2000007629395 39.9000015258789 -3.4e+38 -3.4e+38 -3.4e+38 -3.4e+38 -3.4e+38 -3.4e+38 -3.4e+38 -3.4e+38 -3.4e+38 -3.4e+38 -3.4e+38 -3.4e+38 -3.4e+38 -3.4e+38 -3.4e+38 -3.4e+38 -3.4e+38 -3.4e+38
70.5999984741211 58.0999984741211 50.5999984741211 44.5 42.2999992370605 38.0999984741211 33.2999992370605 30.3999996185303 29.3999996185303 29.5 31.3999996185303 30.2000007629395 29.3999996185303 28.5 28.6000003814697 28.8999996185303 28.7000007629395 29.8999996185303 32.0999984741211 33 34.2999992370605 34.2999992370605 33.9000015258789 34.9000015258789 36.4000015258789 37.4000015258789 38.2000007629395 37.7000007629395 36.9000015258789 36.5999984741211 36.7999992370605 38.0999984741211 39.0999984741211 39.7999992370605 39.2000007629395 38.7000007629395 39.9000015258789 39.7999992370605 40.5 -3.4e+38 -3.4e+38 -3.4e+38 -3.4e+38 -3.4e+38 44.5 46.7999992370605 -3.4e+38 -3.4e+38 -3.4e+38 -3.4e+38 -3.4e+38 -3.4e+38 -3.4e+38 -3.4e+38 -3.4e+38
