data/layers/future_layer_can_126_60/bio10.asc
NCOLS 494 
NROWS 529 
XLLCORNER -117.166666666667 
YLLCORNER -55.5 
CELLSIZE 0.166666666666667 
NODATA_value -3.4e+38 
[rows 456 to 479 of 529, columns 275 to 329 of 494]
13.1999998092651 14 17 16 16.6000003814697 17.5 16.3999996185303 15.8999996185303 17.2999992370605 17.8999996185303 16.3999996185303 17.2000007629395 19.7999992370605 20 18.3999996185303 19.6000003814697 20.6000003814697 20.8999996185303 21 21.3999996185303 21.3999996185303 21.2999992370605 21.2999992370605 21.2999992370605 21.3999996185303 21.5 21.5 21.3999996185303 21.2999992370605 21.2999992370605 21.2000007629395 21.5 21.6000003814697 21.2000007629395 20.8999996185303 20.7000007629395 20.7999992370605 -3.4e+38 -3.4e+38 -3.4e+38 -3.4e+38 -3.4e+38 -3.4e+38 -3.4e+38 -3.4e+38 -3.4e+38 -3.4e+38 -3.4e+38 -3.4e+38 -3.4e+38 -3.4e+38 -3.4e+38 -3.4e+38 -3.4e+38 -3.4e+38
14.8000001907349 15.6000003814697 16.3999996185303 15.6000003814697 16.5 16.8999996185303 17.2999992370605 17.5 18 18.2000007629395 16.8999996185303 16.7999992370605 18.5 20.2000007629395 20.8999996185303 20.2999992370605 20.2000007629395 20.7000007629395 21.1000003814697 21.2000007629395 20.8999996185303 20.5 20.8999996185303 21.1000003814697 21 20.7999992370605 20.8999996185303 21.1000003814697 21.1000003814697 21.1000003814697 21.2999992370605 21.3999996185303 20.7999992370605 20.5 20.3999996185303 20.2999992370605 -3.4e+38 -3.4e+38 -3.4e+38 -3.4e+38 -3.4e+38 -3.4e+38 -3.4e+38 -3.4e+38 -3.4e+38 -3.4e+38 -3.4e+38 -3.4e+38 -3.4e+38 -3.4e+38 -3.4e+38 -3.4e+38 -3.4e+38 -3.4e+38 -3.4e+38
15.6000003814697 15.1999998092651 15.6000003814697 14.5 15.8999996185303 16.7999992370605 17.5 17.2999992370605 17.7999992370605 18.7999992370605 18.3999996185303 17.7999992370605 18.7999992370605 19.7000007629395 21.1000003814697 21.1000003814697 21.2000007629395 20.5 20.8999996185303 21.2000007629395 21 21 21.3999996185303 21.2999992370605 21 20.3999996185303 20.2999992370605 20.3999996185303 20.7000007629395 20.7999992370605 20.5 20.2999992370605 20.2000007629395 20.1000003814697 20.1000003814697 20.2000007629395 -3.4e+38 -3.4e+38 -3.4e+38 -3.4e+38 -3.4e+38 -3.4e+38 -3.4e+38 -3.4e+38 -3.4e+38 -3.4e+38 -3.4e+38 -3.4e+38 -3.4e+38 -3.4e+38 -3.4e+38 -3.4e+38 -3.4e+38 -3.4e+38 -3.4e+38
14.5 15 15.3000001907349 14.6999998092651 16.5 16.1000003814697 15.8000001907349 15.8000001907349 16.2000007629395 18.2000007629395 17.7000007629395 18 19.3999996185303 20.1000003814697 20.5 20.7999992370605 20.7000007629395 20.7999992370605 20.7999992370605 20.8999996185303 20.6000003814697 20.7999992370605 21 21.1000003814697 20.8999996185303 20.7000007629395 20.5 20.6000003814697 20.6000003814697 20.5 20.2000007629395 20 19.8999996185303 19.7999992370605 19.7000007629395 19.7999992370605 -3.4e+38 -3.4e+38 -3.4e+38 -3.4e+38 -3.4e+38 -3.4e+38 -3.4e+38 -3.4e+38 -3.4e+38 -3.4e+38 -3.4e+38 -3.4e+38 -3.4e+38 -3.4e+38 -3.4e+38 -3.4e+38 -3.4e+38 -3.4e+38 -3.4e+38
14.1000003814697 15.3000001907349 16 16.2000007629395 16.6000003814697 17.2000007629395 16.1000003814697 15.3000001907349 15.5 16.6000003814697 16.2999992370605 17.3999996185303 18.8999996185303 19.7000007629395 20.2999992370605 20.1000003814697 19.6000003814697 19.7999992370605 20.1000003814697 19.8999996185303 20.1000003814697 20.3999996185303 20.7000007629395 20.8999996185303 20.8999996185303 20.7999992370605 20.3999996185303 20.3999996185303 20.3999996185303 20.2000007629395 19.7999992370605 19.7000007629395 19.6000003814697 19.5 19.3999996185303 19.7999992370605 -3.4e+38 -3.4e+38 -3.4e+38 -3.4e+38 -3.4e+38 -3.4e+38 -3.4e+38 -3.4e+38 -3.4e+38 -3.4e+38 -3.4e+38 -3.4e+38 -3.4e+38 -3.4e+38 -3.4e+38 -3.4e+38 -3.4e+38 -3.4e+38 -3.4e+38
15.5 15.6999998092651 15.6999998092651 15.6999998092651 16.7000007629395 17.3999996185303 17.2000007629395 16.2000007629395 16.8999996185303 16.8999996185303 16.5 17 18.8999996185303 19.6000003814697 19.2999992370605 19.8999996185303 18.7999992370605 18.2999992370605 19.7999992370605 19.7999992370605 19.7999992370605 20.2000007629395 20.5 20.6000003814697 20.5 20.1000003814697 20.2000007629395 20.3999996185303 19.7000007629395 19.5 19.3999996185303 19.3999996185303 19.2999992370605 19.2000007629395 19.2000007629395 20 -3.4e+38 -3.4e+38 -3.4e+38 -3.4e+38 -3.4e+38 -3.4e+38 -3.4e+38 -3.4e+38 -3.4e+38 -3.4e+38 -3.4e+38 -3.4e+38 -3.4e+38 -3.4e+38 -3.4e+38 -3.4e+38 -3.4e+38 -3.4e+38 -3.4e+38
13.8999996185303 14.6000003814697 15.1000003814697 16.3999996185303 17.3999996185303 17.6000003814697 17.5 17.6000003814697 17.7000007629395 17.7999992370605 16.7999992370605 17.2000007629395 18.6000003814697 19.7000007629395 19.8999996185303 18.7000007629395 17.2999992370605 19.2000007629395 19.8999996185303 20.2000007629395 20.2999992370605 20.5 20.6000003814697 20.5 20.2000007629395 19.8999996185303 20.2999992370605 19.8999996185303 19.2000007629395 19.2000007629395 19.1000003814697 19.1000003814697 19.2999992370605 19.2999992370605 19.2999992370605 19.7999992370605 -3.4e+38 -3.4e+38 -3.4e+38 -3.4e+38 -3.4e+38 -3.4e+38 -3.4e+38 -3.4e+38 -3.4e+38 -3.4e+38 -3.4e+38 -3.4e+38 -3.4e+38 -3.4e+38 -3.4e+38 -3.4e+38 -3.4e+38 -3.4e+38 -3.4e+38
14.3999996185303 14.6000003814697 15.1000003814697 16.1000003814697 17.2999992370605 17.7999992370605 18 18.2000007629395 18.2000007629395 17.6000003814697 15.8999996185303 15.8000001907349 18.2000007629395 19.7000007629395 19.6000003814697 18.1000003814697 17.2000007629395 18.2999992370605 18.6000003814697 19.5 19.8999996185303 20.2000007629395 20.2999992370605 20.2000007629395 20.1000003814697 20 20 19.3999996185303 19.2000007629395 18.8999996185303 18.7999992370605 18.7999992370605 19.2999992370605 19.8999996185303 -3.4e+38 -3.4e+38 -3.4e+38 -3.4e+38 -3.4e+38 -3.4e+38 -3.4e+38 -3.4e+38 -3.4e+38 -3.4e+38 -3.4e+38 -3.4e+38 -3.4e+38 -3.4e+38 -3.4e+38 -3.4e+38 -3.4e+38 -3.4e+38 -3.4e+38 -3.4e+38 -3.4e+38
11.8999996185303 13.1000003814697 14.8000001907349 16.7999992370605 17.3999996185303 17.7999992370605 18.1000003814697 18.2000007629395 18 16.6000003814697 16.1000003814697 16.7000007629395 19.2999992370605 19.5 19.6000003814697 19.5 19.5 18.8999996185303 20 19.7000007629395 19.7999992370605 19.8999996185303 19.8999996185303 20.1000003814697 19.8999996185303 20 19.2999992370605 18.8999996185303 18.8999996185303 19 19.2999992370605 19.2000007629395 19.7000007629395 19.8999996185303 -3.4e+38 -3.4e+38 -3.4e+38 -3.4e+38 -3.4e+38 -3.4e+38 -3.4e+38 -3.4e+38 -3.4e+38 -3.4e+38 -3.4e+38 -3.4e+38 -3.4e+38 -3.4e+38 -3.4e+38 -3.4e+38 -3.4e+38 -3.4e+38 -3.4e+38 -3.4e+38 -3.4e+38
13.6000003814697 14.5 15.6000003814697 16.8999996185303 17.3999996185303 17.7000007629395 18.1000003814697 18.2000007629395 17.7999992370605 16.2999992370605 15.8999996185303 16.7999992370605 18.5 19.2999992370605 19.1000003814697 19.6000003814697 19.5 19.2999992370605 20.1000003814697 19.7000007629395 19.3999996185303 19.2000007629395 19.3999996185303 19.8999996185303 19.8999996185303 19.1000003814697 18.6000003814697 19.2999992370605 19.8999996185303 20.1000003814697 20.2000007629395 20 19.7999992370605 -3.4e+38 -3.4e+38 -3.4e+38 -3.4e+38 -3.4e+38 -3.4e+38 -3.4e+38 -3.4e+38 -3.4e+38 -3.4e+38 -3.4e+38 -3.4e+38 -3.4e+38 -3.4e+38 -3.4e+38 -3.4e+38 -3.4e+38 -3.4e+38 -3.4e+38 -3.4e+38 -3.4e+38 -3.4e+38
13.8999996185303 15.1000003814697 16 16.5 17 17.5 17.8999996185303 18.2999992370605 18.2000007629395 17.2000007629395 16.1000003814697 16.8999996185303 17.8999996185303 19.1000003814697 18.5 18.2000007629395 18.7999992370605 19 19.1000003814697 18.3999996185303 18.3999996185303 19 19.7000007629395 19.7000007629395 18.6000003814697 18.3999996185303 19.7999992370605 20.2000007629395 20.3999996185303 -3.4e+38 -3.4e+38 -3.4e+38 -3.4e+38 -3.4e+38 -3.4e+38 -3.4e+38 -3.4e+38 -3.4e+38 -3.4e+38 -3.4e+38 -3.4e+38 -3.4e+38 -3.4e+38 -3.4e+38 -3.4e+38 -3.4e+38 -3.4e+38 -3.4e+38 -3.4e+38 -3.4e+38 -3.4e+38 -3.4e+38 -3.4e+38 -3.4e+38 -3.4e+38
14.5 15 15.8000001907349 16.2999992370605 16.7999992370605 17.2000007629395 17.5 18.2999992370605 18.3999996185303 17.2000007629395 17.2000007629395 18.2999992370605 19.1000003814697 19.1000003814697 19.2000007629395 19 19.1000003814697 19.5 19.1000003814697 18.7999992370605 19 19.5 19.6000003814697 18.8999996185303 18.2000007629395 19.6000003814697 -3.4e+38 -3.4e+38 -3.4e+38 -3.4e+38 -3.4e+38 -3.4e+38 -3.4e+38 -3.4e+38 -3.4e+38 -3.4e+38 -3.4e+38 -3.4e+38 -3.4e+38 -3.4e+38 -3.4e+38 -3.4e+38 -3.4e+38 -3.4e+38 -3.4e+38 -3.4e+38 -3.4e+38 -3.4e+38 -3.4e+38 -3.4e+38 -3.4e+38 -3.4e+38 -3.4e+38 -3.4e+38 -3.4e+38
14.3000001907349 14.8999996185303 15.8000001907349 16.5 17.1000003814697 17.6000003814697 18 18.2000007629395 18.5 17.7000007629395 17.2999992370605 17.7999992370605 18.7000007629395 18.7999992370605 19.2999992370605 19.1000003814697 19.5 19.5 19 19.2999992370605 19.3999996185303 18.7999992370605 18.5 18.1000003814697 19.5 -3.4e+38 -3.4e+38 -3.4e+38 -3.4e+38 -3.4e+38 -3.4e+38 -3.4e+38 -3.4e+38 -3.4e+38 -3.4e+38 -3.4e+38 -3.4e+38 -3.4e+38 -3.4e+38 -3.4e+38 -3.4e+38 -3.4e+38 -3.4e+38 -3.4e+38 -3.4e+38 -3.4e+38 -3.4e+38 -3.4e+38 -3.4e+38 -3.4e+38 -3.4e+38 -3.4e+38 -3.4e+38 -3.4e+38 -3.4e+38
14.6999998092651 15.3000001907349 16.1000003814697 16.7000007629395 17.2000007629395 17.6000003814697 18 18.2000007629395 18.5 18.3999996185303 16.8999996185303 17.1000003814697 18.8999996185303 19.2000007629395 19.2999992370605 19.1000003814697 19.5 19.2000007629395 19.2000007629395 18.8999996185303 17.8999996185303 17.7000007629395 17.7999992370605 18.7999992370605 -3.4e+38 -3.4e+38 -3.4e+38 -3.4e+38 -3.4e+38 -3.4e+38 -3.4e+38 -3.4e+38 -3.4e+38 -3.4e+38 -3.4e+38 -3.4e+38 -3.4e+38 -3.4e+38 -3.4e+38 -3.4e+38 -3.4e+38 -3.4e+38 -3.4e+38 -3.4e+38 -3.4e+38 -3.4e+38 -3.4e+38 -3.4e+38 -3.4e+38 -3.4e+38 -3.4e+38 -3.4e+38 -3.4e+38 -3.4e+38 -3.4e+38
14 15.5 16.1000003814697 16.7000007629395 17.2000007629395 17.6000003814697 18 18.2000007629395 18.6000003814697 18.7999992370605 17.6000003814697 17 19.2000007629395 19.3999996185303 19.3999996185303 19.2999992370605 19.2999992370605 18.8999996185303 18.2000007629395 17.7000007629395 17.5 18.2999992370605 19.5 -3.4e+38 -3.4e+38 -3.4e+38 -3.4e+38 -3.4e+38 -3.4e+38 -3.4e+38 -3.4e+38 -3.4e+38 -3.4e+38 -3.4e+38 -3.4e+38 -3.4e+38 -3.4e+38 -3.4e+38 -3.4e+38 -3.4e+38 -3.4e+38 -3.4e+38 -3.4e+38 -3.4e+38 -3.4e+38 -3.4e+38 -3.4e+38 -3.4e+38 -3.4e+38 -3.4e+38 -3.4e+38 -3.4e+38 -3.4e+38 -3.4e+38 -3.4e+38
15.1000003814697 15 15.3999996185303 16.2999992370605 16.7999992370605 17.3999996185303 17.7999992370605 18 18.2999992370605 18.7999992370605 18.6000003814697 19.3999996185303 19.1000003814697 19 19.1000003814697 18.6000003814697 18.2000007629395 17.6000003814697 17.3999996185303 17.5 18.1000003814697 19.2000007629395 -3.4e+38 -3.4e+38 -3.4e+38 -3.4e+38 -3.4e+38 -3.4e+38 -3.4e+38 -3.4e+38 -3.4e+38 -3.4e+38 -3.4e+38 -3.4e+38 -3.4e+38 -3.4e+38 -3.4e+38 -3.4e+38 -3.4e+38 -3.4e+38 -3.4e+38 -3.4e+38 -3.4e+38 -3.4e+38 -3.4e+38 -3.4e+38 -3.4e+38 -3.4e+38 -3.4e+38 -3.4e+38 -3.4e+38 -3.4e+38 -3.4e+38 -3.4e+38 -3.4e+38
13.3000001907349 14.1999998092651 15.1000003814697 15.8999996185303 16.6000003814697 17.1000003814697 17.6000003814697 18 18.5 18.6000003814697 19.2000007629395 19.2999992370605 19.2000007629395 19.3999996185303 18.7000007629395 18.1000003814697 17.7000007629395 18.1000003814697 18.7999992370605 19.7999992370605 19.6000003814697 19.8999996185303 -3.4e+38 -3.4e+38 -3.4e+38 -3.4e+38 -3.4e+38 -3.4e+38 -3.4e+38 -3.4e+38 -3.4e+38 -3.4e+38 -3.4e+38 -3.4e+38 -3.4e+38 -3.4e+38 -3.4e+38 -3.4e+38 -3.4e+38 -3.4e+38 -3.4e+38 -3.4e+38 -3.4e+38 -3.4e+38 -3.4e+38 -3.4e+38 -3.4e+38 -3.4e+38 -3.4e+38 -3.4e+38 -3.4e+38 -3.4e+38 -3.4e+38 -3.4e+38 -3.4e+38
14.8000001907349 14.8000001907349 15.1000003814697 15.8000001907349 16.6000003814697 17.1000003814697 17.7000007629395 18.1000003814697 18.2000007629395 18.2000007629395 18.7999992370605 19.2000007629395 19.2000007629395 19.2000007629395 18.5 18.2000007629395 19.2000007629395 19.8999996185303 20.2999992370605 20.3999996185303 20.1000003814697 20.2000007629395 -3.4e+38 -3.4e+38 -3.4e+38 -3.4e+38 -3.4e+38 -3.4e+38 -3.4e+38 -3.4e+38 -3.4e+38 -3.4e+38 -3.4e+38 -3.4e+38 -3.4e+38 -3.4e+38 -3.4e+38 -3.4e+38 -3.4e+38 -3.4e+38 -3.4e+38 -3.4e+38 -3.4e+38 -3.4e+38 -3.4e+38 -3.4e+38 -3.4e+38 -3.4e+38 -3.4e+38 -3.4e+38 -3.4e+38 -3.4e+38 -3.4e+38 -3.4e+38 -3.4e+38
16.7999992370605 16.7999992370605 16.6000003814697 16.6000003814697 17 17.6000003814697 18.2999992370605 18.7000007629395 18.7000007629395 18.7000007629395 18.7999992370605 19.1000003814697 19.2000007629395 19.2000007629395 19.2000007629395 19.5 19.7999992370605 20.2999992370605 20.1000003814697 19.7999992370605 19.6000003814697 19.5 -3.4e+38 -3.4e+38 -3.4e+38 -3.4e+38 -3.4e+38 -3.4e+38 -3.4e+38 -3.4e+38 -3.4e+38 -3.4e+38 -3.4e+38 -3.4e+38 -3.4e+38 -3.4e+38 -3.4e+38 -3.4e+38 -3.4e+38 -3.4e+38 -3.4e+38 -3.4e+38 -3.4e+38 -3.4e+38 -3.4e+38 -3.4e+38 -3.4e+38 -3.4e+38 -3.4e+38 -3.4e+38 -3.4e+38 -3.4e+38 -3.4e+38 -3.4e+38 -3.4e+38
17 17.2000007629395 17.2999992370605 17.5 17.6000003814697 18.2000007629395 18.8999996185303 19.5 19.8999996185303 19.7999992370605 20 20.6000003814697 20.5 20.2999992370605 20.1000003814697 19.7999992370605 19.7000007629395 19.6000003814697 19.5 19.2999992370605 19.1000003814697 19 19.2999992370605 -3.4e+38 -3.4e+38 -3.4e+38 -3.4e+38 -3.4e+38 -3.4e+38 -3.4e+38 -3.4e+38 -3.4e+38 -3.4e+38 -3.4e+38 -3.4e+38 -3.4e+38 -3.4e+38 -3.4e+38 -3.4e+38 -3.4e+38 -3.4e+38 -3.4e+38 -3.4e+38 -3.4e+38 -3.4e+38 -3.4e+38 -3.4e+38 -3.4e+38 -3.4e+38 -3.4e+38 -3.4e+38 -3.4e+38 -3.4e+38 -3.4e+38 -3.4e+38
13.6000003814697 14.3999996185303 15.8000001907349 16.8999996185303 17 17.8999996185303 18.2000007629395 18.5 19.7000007629395 20.1000003814697 20.8999996185303 20.7999992370605 20.5 20.6000003814697 20.5 20.2999992370605 20.2999992370605 20.1000003814697 19.8999996185303 19.3999996185303 19.2000007629395 19.1000003814697 18.8999996185303 18.8999996185303 18.8999996185303 -3.4e+38 -3.4e+38 -3.4e+38 -3.4e+38 -3.4e+38 -3.4e+38 -3.4e+38 -3.4e+38 -3.4e+38 -3.4e+38 -3.4e+38 -3.4e+38 -3.4e+38 -3.4e+38 -3.4e+38 -3.4e+38 -3.4e+38 -3.4e+38 -3.4e+38 -3.4e+38 -3.4e+38 -3.4e+38 -3.4e+38 -3.4e+38 -3.4e+38 -3.4e+38 -3.4e+38 -3.4e+38 -3.4e+38 -3.4e+38
11.1000003814697 12.1000003814697 13.8999996185303 16.5 17.2000007629395 17.3999996185303 16.8999996185303 17.2000007629395 18.2999992370605 19 19 17.6000003814697 17.6000003814697 18.7000007629395 19.8999996185303 20 19.8999996185303 19.8999996185303 19.7000007629395 19.7999992370605 19.2999992370605 19.1000003814697 18.8999996185303 18.7000007629395 18.5 18.2999992370605 -3.4e+38 -3.4e+38 -3.4e+38 -3.4e+38 -3.4e+38 -3.4e+38 -3.4e+38 -3.4e+38 -3.4e+38 -3.4e+38 -3.4e+38 -3.4e+38 -3.4e+38 -3.4e+38 -3.4e+38 -3.4e+38 -3.4e+38 -3.4e+38 -3.4e+38 -3.4e+38 -3.4e+38 -3.4e+38 -3.4e+38 -3.4e+38 -3.4e+38 -3.4e+38 -3.4e+38 -3.4e+38 -3.4e+38
12.1000003814697 13 15 16.6000003814697 16.5 16.6000003814697 15.6999998092651 16.2000007629395 17.2999992370605 18.1000003814697 18.1000003814697 17 16.3999996185303 17.7999992370605 18.7999992370605 18.7999992370605 19.7000007629395 20 19.6000003814697 19.5 19.5 19.2999992370605 19.1000003814697 19 18.5 18.2999992370605 18.2999992370605 18.2999992370605 -3.4e+38 -3.4e+38 -3.4e+38 -3.4e+38 -3.4e+38 -3.4e+38 -3.4e+38 -3.4e+38 -3.4e+38 -3.4e+38 -3.4e+38 -3.4e+38 -3.4e+38 -3.4e+38 -3.4e+38 -3.4e+38 -3.4e+38 -3.4e+38 -3.4e+38 -3.4e+38 -3.4e+38 -3.4e+38 -3.4e+38 -3.4e+38 -3.4e+38 -3.4e+38 -3.4e+38
14.6999998092651 15.3999996185303 16.2999992370605 16.2000007629395 16.7999992370605 16.3999996185303 15.6000003814697 16.2999992370605 17.2000007629395 17.7000007629395 17.8999996185303 17.5 17.3999996185303 16.6000003814697 16.7000007629395 19.1000003814697 19.7999992370605 19.7999992370605 19.2000007629395 18.8999996185303 19.1000003814697 19 18.8999996185303 18.7999992370605 18.7999992370605 18.3999996185303 18.1000003814697 17.8999996185303 17.7000007629395 17.6000003814697 17.2999992370605 17.1000003814697 17 -3.4e+38 -3.4e+38 -3.4e+38 -3.4e+38 -3.4e+38 -3.4e+38 -3.4e+38 -3.4e+38 -3.4e+38 -3.4e+38 -3.4e+38 -3.4e+38 -3.4e+38 -3.4e+38 -3.4e+38 -3.4e+38 -3.4e+38 -3.4e+38 -3.4e+38 -3.4e+38 -3.4e+38 -3.4e+38
