data/layers/future_layer_can_126_60/bio13.asc
NCOLS 494 
NROWS 529 
XLLCORNER -117.166666666667 
YLLCORNER -55.5 
CELLSIZE 0.166666666666667 
NODATA_value -3.4e+38 
[rows 288 to 311 of 529, columns 378 to 431 of 494]
299.200012207031 300.100006103516 297.600006103516 293.5 288.100006103516 281.299987792969 275.100006103516 268.399993896484 267.600006103516 271.100006103516 268.600006103516 258.200012207031 251.800003051758 248.899993896484 243.699996948242 243.600006103516 244.800003051758 246.800003051758 247.399993896484 248.399993896484 248.399993896484 248.300003051758 249.300003051758 252.5 255.899993896484 254.600006103516 254.800003051758 255.199996948242 253.100006103516 250.300003051758 248.300003051758 247.399993896484 242.800003051758 240.100006103516 236.100006103516 231.899993896484 228.399993896484 227.300003051758 227.399993896484 228.699996948242 226.300003051758 222.199996948242 224.600006103516 231 236 238.199996948242 255.5 269.100006103516 324.5 332.399993896484 310.200012207031 273.799987792969 246.300003051758 223.600006103516
294.799987792969 295.899993896484 295.899993896484 294.5 289.600006103516 283.100006103516 275.899993896484 272.899993896484 267.600006103516 268.200012207031 265.600006103516 260.100006103516 257.200012207031 254.300003051758 249.300003051758 248.399993896484 247.899993896484 247.399993896484 248.300003051758 249.899993896484 250.100006103516 252.399993896484 256.899993896484 259.899993896484 262.399993896484 261.700012207031 261.200012207031 260.299987792969 258.899993896484 258 257.899993896484 254.100006103516 248.800003051758 243.899993896484 236.899993896484 229.899993896484 226.600006103516 225.300003051758 226.600006103516 228.699996948242 230.300003051758 230.600006103516 231.300003051758 227.300003051758 215.399993896484 210.600006103516 217 233.5 274.100006103516 281.700012207031 277.600006103516 254.199996948242 232.100006103516 217.399993896484
293.299987792969 293.899993896484 295.899993896484 291.5 286.5 281.600006103516 277.100006103516 273.799987792969 271.799987792969 271.899993896484 272.100006103516 266.299987792969 263.399993896484 259.100006103516 256.100006103516 254.300003051758 253.600006103516 253.199996948242 252.899993896484 253.800003051758 255.100006103516 257.399993896484 261.100006103516 265.899993896484 268.200012207031 268.299987792969 266.899993896484 265.399993896484 266.200012207031 267.799987792969 269.200012207031 256.799987792969 248.100006103516 243.100006103516 235.899993896484 229.600006103516 224.800003051758 223 226.899993896484 230.399993896484 232.199996948242 234.300003051758 237.199996948242 230.800003051758 227.600006103516 225.899993896484 235.100006103516 222.300003051758 230.600006103516 242.100006103516 244.800003051758 236.800003051758 222.100006103516 209.399993896484
283.799987792969 287.700012207031 292.399993896484 291.399993896484 285.399993896484 283.399993896484 280.700012207031 278.700012207031 277.200012207031 274.299987792969 271.600006103516 270.200012207031 266.200012207031 264.200012207031 262.600006103516 260.299987792969 259.299987792969 258.399993896484 257.899993896484 258.700012207031 259.299987792969 261.299987792969 265.700012207031 269.299987792969 272.100006103516 271.899993896484 271.100006103516 269.899993896484 270.5 272.600006103516 274.399993896484 263.600006103516 249.399993896484 240.800003051758 235.899993896484 232.399993896484 228.800003051758 231.399993896484 237.300003051758 238.199996948242 235.300003051758 236.300003051758 238 237.899993896484 242.199996948242 239.600006103516 234.399993896484 217.800003051758 219.800003051758 224.199996948242 222.5 223.300003051758 211.100006103516 199.699996948242
278.899993896484 284.700012207031 289.700012207031 287.399993896484 285.399993896484 286.299987792969 282.799987792969 280.600006103516 279.799987792969 278.5 276.799987792969 274.299987792969 271.600006103516 269.799987792969 266.600006103516 265.399993896484 264.700012207031 262.5 262.200012207031 262.600006103516 263.299987792969 264.799987792969 268.5 272.100006103516 273.600006103516 273.200012207031 273.100006103516 271.700012207031 271.600006103516 270.399993896484 270.100006103516 259.100006103516 250.600006103516 240.899993896484 238.300003051758 242.100006103516 247.800003051758 252.600006103516 252.899993896484 248.899993896484 241.600006103516 233.899993896484 232.399993896484 232.300003051758 230.899993896484 237.5 229.399993896484 214.399993896484 211.300003051758 211.399993896484 209.100006103516 206.699996948242 200.800003051758 192.600006103516
277 281.700012207031 288 287.899993896484 291.100006103516 290.299987792969 287.299987792969 286.799987792969 285.600006103516 281.399993896484 281.600006103516 281.100006103516 275.799987792969 272.899993896484 270.600006103516 268.100006103516 267.700012207031 268.600006103516 266.299987792969 264.600006103516 265.100006103516 268.700012207031 270.299987792969 272.700012207031 273.5 273.600006103516 272.899993896484 271.799987792969 271.299987792969 267.899993896484 263.100006103516 256.600006103516 248.699996948242 241.600006103516 245.100006103516 251.300003051758 261.799987792969 272.200012207031 267.600006103516 258.299987792969 247.399993896484 234.800003051758 231.800003051758 230.199996948242 223.899993896484 233.600006103516 232.699996948242 224.399993896484 216.100006103516 209.399993896484 201.300003051758 195.600006103516 188.600006103516 183.899993896484
275.200012207031 280.700012207031 287.100006103516 289.700012207031 291.600006103516 293.399993896484 294.399993896484 291.600006103516 288.100006103516 288 289.299987792969 290.100006103516 283.399993896484 277.799987792969 273.899993896484 273.600006103516 271.899993896484 271.5 270.299987792969 267.799987792969 266.200012207031 268.299987792969 269.799987792969 271.700012207031 272.700012207031 273.700012207031 272.799987792969 271.5 270.200012207031 267.299987792969 263 255.699996948242 247.300003051758 244.399993896484 247.699996948242 255.100006103516 266.200012207031 274.600006103516 271.399993896484 263.799987792969 254.699996948242 251.100006103516 245.5 234.5 225.699996948242 218.699996948242 229.300003051758 225.300003051758 218 212 200.899993896484 193.800003051758 187.899993896484 183.600006103516
276.600006103516 280.899993896484 287.899993896484 291.899993896484 291.600006103516 295.100006103516 299.600006103516 293.899993896484 289.899993896484 288.399993896484 288.799987792969 288.899993896484 288.399993896484 284.100006103516 278.899993896484 278.299987792969 276.200012207031 272.600006103516 271.799987792969 270 269.299987792969 268.399993896484 269.299987792969 271.399993896484 272 271.600006103516 271.700012207031 270.600006103516 270.100006103516 268.100006103516 262 255.600006103516 250 251.199996948242 255.199996948242 260.100006103516 267.399993896484 271.899993896484 270.399993896484 268.299987792969 261.100006103516 256 253.399993896484 241.100006103516 228.899993896484 215.600006103516 213.399993896484 220.399993896484 213.699996948242 208.300003051758 203.600006103516 197.100006103516 190.399993896484 188.199996948242
281.899993896484 287.899993896484 291.600006103516 294.100006103516 293.200012207031 295.100006103516 296.399993896484 293.899993896484 294.399993896484 295 292 290.799987792969 289 286.299987792969 283.799987792969 280.600006103516 277 274.299987792969 274.600006103516 271.5 271.200012207031 271.700012207031 268.799987792969 270.600006103516 271.100006103516 271.299987792969 269.600006103516 269.799987792969 269.600006103516 270.100006103516 262.100006103516 257.5 253.600006103516 254.800003051758 258.100006103516 263.200012207031 268.100006103516 270.100006103516 272.899993896484 273.600006103516 268.5 262.899993896484 260.299987792969 246.300003051758 231.800003051758 220.199996948242 209.399993896484 206.399993896484 212.100006103516 208.899993896484 205 197.600006103516 192.399993896484 191.399993896484
284.5 287.100006103516 291.399993896484 295.600006103516 295.899993896484 296.600006103516 295.600006103516 296 296.899993896484 298.600006103516 296.100006103516 295.600006103516 292.100006103516 291.100006103516 286.799987792969 282.600006103516 277.399993896484 274.600006103516 273.899993896484 273.799987792969 270.799987792969 271.100006103516 269.799987792969 268.700012207031 269.100006103516 269.200012207031 268.399993896484 268.399993896484 267.899993896484 264.899993896484 262.399993896484 260.399993896484 257.399993896484 259.100006103516 261.600006103516 265.600006103516 268.700012207031 271.200012207031 275.600006103516 276.299987792969 273.100006103516 269.799987792969 265.600006103516 251.5 237.300003051758 223.899993896484 214.399993896484 208.5 212.800003051758 208.600006103516 205.899993896484 199.699996948242 194.300003051758 194.199996948242
281.799987792969 285.299987792969 290.700012207031 296.200012207031 299.399993896484 301.5 298.700012207031 299.799987792969 299.799987792969 301.299987792969 299.899993896484 298.100006103516 296.399993896484 294.200012207031 288.399993896484 284.299987792969 277.799987792969 275.399993896484 272.799987792969 271.600006103516 269.600006103516 268.600006103516 267.799987792969 267.399993896484 267.700012207031 268.299987792969 267.200012207031 267.700012207031 267.899993896484 265.600006103516 262.799987792969 261.299987792969 259.799987792969 261 264.399993896484 266.799987792969 269.299987792969 272 276.299987792969 277.100006103516 276.100006103516 272.899993896484 271.299987792969 259.399993896484 243.100006103516 230.699996948242 222.100006103516 220.199996948242 214.600006103516 209.199996948242 205.100006103516 199.5 197.5 196.300003051758
281.700012207031 284.799987792969 291.799987792969 294.600006103516 298.799987792969 302.399993896484 305 308.299987792969 305.399993896484 305.799987792969 306.600006103516 301.299987792969 298.299987792969 295.100006103516 291.600006103516 287.399993896484 281.299987792969 276.100006103516 271.399993896484 268.799987792969 266.5 266.299987792969 266.299987792969 265.299987792969 266.399993896484 266.600006103516 266.100006103516 265.799987792969 267.600006103516 265.299987792969 263.899993896484 261.899993896484 261.600006103516 261.600006103516 264.700012207031 267.299987792969 268.899993896484 275.100006103516 278.600006103516 279.600006103516 279.899993896484 279.799987792969 269.399993896484 265.299987792969 251.399993896484 235.899993896484 230.300003051758 244.399993896484 235.199996948242 211.699996948242 207.100006103516 204.300003051758 201.300003051758 203.399993896484
282.700012207031 287.600006103516 291.299987792969 292.399993896484 296.399993896484 303.5 306.899993896484 310.100006103516 311.600006103516 312.299987792969 310.799987792969 305.600006103516 299.5 295.799987792969 291.899993896484 287.700012207031 281.600006103516 275.100006103516 270.600006103516 266.399993896484 264.299987792969 264.299987792969 265.299987792969 265.200012207031 265.100006103516 264.100006103516 265.600006103516 264.799987792969 266.299987792969 264.399993896484 264.5 263.100006103516 263.399993896484 262.600006103516 264.299987792969 266.100006103516 271.299987792969 276.399993896484 279.399993896484 280.600006103516 284.100006103516 289 278 264 249.399993896484 235.600006103516 239.899993896484 247.300003051758 239.5 225.399993896484 218.300003051758 212.899993896484 211.5 211
281.299987792969 283.899993896484 288.299987792969 289.299987792969 296.600006103516 302.5 307.100006103516 309.600006103516 313.399993896484 312.899993896484 310.100006103516 306.600006103516 299.600006103516 293.799987792969 290.799987792969 286.100006103516 279.899993896484 274.100006103516 268.899993896484 263.899993896484 264.200012207031 262.5 262.399993896484 263.799987792969 264.100006103516 264.299987792969 264.399993896484 265.299987792969 264.399993896484 263.899993896484 264.399993896484 263.600006103516 263.899993896484 263.100006103516 262.799987792969 267.399993896484 270.100006103516 274 277.899993896484 281 289.799987792969 294.299987792969 286.200012207031 267.799987792969 248.899993896484 238.899993896484 242.199996948242 245.100006103516 240.899993896484 234.399993896484 228.300003051758 222.600006103516 221.600006103516 217
273.299987792969 276.100006103516 281.700012207031 285.799987792969 294.600006103516 300.100006103516 304.600006103516 308.399993896484 310.600006103516 309.299987792969 306.299987792969 304.100006103516 300.600006103516 293.799987792969 289.700012207031 284.600006103516 278.799987792969 272.899993896484 266.600006103516 265.299987792969 263.700012207031 261.799987792969 261.200012207031 262.899993896484 263.200012207031 265.100006103516 265.700012207031 265.799987792969 263.799987792969 265.700012207031 266 263.600006103516 263.799987792969 263.600006103516 263 266.399993896484 266 267.700012207031 273.700012207031 280.399993896484 289.100006103516 294.600006103516 286.200012207031 268.299987792969 263.399993896484 247.800003051758 245.199996948242 246.199996948242 247.800003051758 241.300003051758 234.5 230.100006103516 227 219.100006103516
271.100006103516 273.299987792969 276.399993896484 282.5 291.600006103516 297.5 300.899993896484 304.799987792969 307.899993896484 307.100006103516 304.600006103516 300.5 298.299987792969 292.799987792969 287.600006103516 284.100006103516 277.899993896484 272.799987792969 266 261.200012207031 260.700012207031 261.600006103516 261.600006103516 262.399993896484 263.100006103516 263.799987792969 265.100006103516 265 263.799987792969 267.100006103516 265.100006103516 262.399993896484 262.5 262 261.700012207031 260.799987792969 259.399993896484 261.299987792969 267.799987792969 277.700012207031 285.299987792969 294.799987792969 281.700012207031 276.600006103516 272.600006103516 260.700012207031 256.899993896484 250.300003051758 251.600006103516 245.199996948242 238 235.199996948242 230.699996948242 219.300003051758
267.200012207031 270.100006103516 275.100006103516 278.299987792969 284.100006103516 294.600006103516 299.299987792969 301.799987792969 303 303.299987792969 301.200012207031 297.399993896484 296.899993896484 292.5 288.799987792969 283.899993896484 280.200012207031 274.100006103516 268.399993896484 265.799987792969 263.799987792969 263.399993896484 263.799987792969 262.799987792969 262.899993896484 264.5 265.799987792969 265.799987792969 265 264.899993896484 264.899993896484 261.299987792969 260.299987792969 258.700012207031 260.700012207031 258.299987792969 255.399993896484 256.200012207031 263.799987792969 274.100006103516 281.100006103516 289.899993896484 300.799987792969 298.700012207031 297.799987792969 283.700012207031 276.399993896484 253.300003051758 251.899993896484 247.800003051758 243.300003051758 237.399993896484 230.699996948242 218.699996948242
267.200012207031 269.799987792969 273.799987792969 279.600006103516 282.799987792969 291.700012207031 294.799987792969 298.399993896484 298.799987792969 298.200012207031 298.299987792969 294.299987792969 293.399993896484 292.899993896484 289.100006103516 283.799987792969 278.899993896484 274.200012207031 270.600006103516 267.5 266.200012207031 265.600006103516 265.600006103516 263.899993896484 263.5 265.200012207031 265.799987792969 265.399993896484 265.700012207031 263 262.399993896484 260.100006103516 257.299987792969 256.799987792969 260.100006103516 259.799987792969 259.299987792969 258.299987792969 263.399993896484 268.600006103516 281 292.200012207031 305.200012207031 317.200012207031 318.600006103516 299.399993896484 275 255.600006103516 253.5 251.800003051758 241.699996948242 239.699996948242 234.199996948242 225.800003051758
265.100006103516 268.299987792969 271 276.100006103516 281.799987792969 287.899993896484 289.200012207031 291.799987792969 293.299987792969 292.100006103516 293.399993896484 293.200012207031 292.399993896484 290 286.5 281.399993896484 279 273.899993896484 271.899993896484 270.299987792969 268.399993896484 266.100006103516 265.600006103516 262.899993896484 263.399993896484 264.899993896484 266 265.200012207031 265.100006103516 263.399993896484 259.700012207031 259.100006103516 258.100006103516 254.899993896484 263.200012207031 266.799987792969 264.5 263.100006103516 263.100006103516 270.799987792969 282.399993896484 294.799987792969 301.299987792969 306.799987792969 300.5 281.299987792969 269.700012207031 256.399993896484 254.899993896484 249.899993896484 243.800003051758 243.800003051758 234.800003051758 232.600006103516
260.899993896484 265.5 269.100006103516 272.100006103516 277.100006103516 282.299987792969 285.799987792969 286.299987792969 287.799987792969 288.100006103516 289.299987792969 291.100006103516 290 287.100006103516 284 281 277.700012207031 275.299987792969 271.899993896484 271.399993896484 268.799987792969 266.399993896484 264 262.299987792969 262.5 263.299987792969 263.799987792969 263.899993896484 262.799987792969 261.399993896484 260.399993896484 260.899993896484 261.100006103516 258.799987792969 272.399993896484 293.899993896484 285.299987792969 276.299987792969 269.200012207031 273.899993896484 281.799987792969 290.399993896484 299.299987792969 303.600006103516 291.5 266.399993896484 264.600006103516 261.100006103516 255.800003051758 251.699996948242 249.899993896484 247.399993896484 239.899993896484 237.199996948242
262.200012207031 265 267.100006103516 270.600006103516 276.200012207031 277.700012207031 279.700012207031 281.700012207031 282.899993896484 283.399993896484 286.100006103516 286.899993896484 287.100006103516 285.299987792969 281.600006103516 280.5 278.600006103516 276.399993896484 272.100006103516 270.600006103516 269.600006103516 265.600006103516 261.600006103516 260.5 260.799987792969 262.299987792969 263.100006103516 264.399993896484 263.600006103516 262.299987792969 263.299987792969 261.399993896484 260 263.100006103516 273.899993896484 281.5 293.399993896484 292.600006103516 282.899993896484 283.399993896484 286.5 289.299987792969 296.100006103516 301 286.299987792969 266.5 260.100006103516 261.5 255.899993896484 255 258.100006103516 251.699996948242 244.899993896484 242.300003051758
258 262.899993896484 266.100006103516 269.700012207031 272.600006103516 271.899993896484 275.100006103516 276.399993896484 278.200012207031 279.600006103516 281.700012207031 283.399993896484 282.299987792969 281.200012207031 280.899993896484 278.700012207031 278.700012207031 277.399993896484 273.700012207031 269.799987792969 266.399993896484 264.5 258.899993896484 260.200012207031 260.799987792969 260.299987792969 261.100006103516 262.899993896484 263.100006103516 262.299987792969 263.100006103516 262.299987792969 261.899993896484 261.5 273.100006103516 286.600006103516 284.600006103516 288.399993896484 289.799987792969 290.299987792969 295 296.299987792969 296.5 298.899993896484 288.600006103516 272.899993896484 266.799987792969 266.600006103516 260.899993896484 263.100006103516 259.799987792969 253.600006103516 249.100006103516 246.899993896484
252.199996948242 256.700012207031 262.799987792969 264.799987792969 265.899993896484 268.799987792969 268.899993896484 271.299987792969 273.700012207031 275.600006103516 275.799987792969 279.399993896484 279.200012207031 278.600006103516 279.100006103516 279.299987792969 278.700012207031 277.700012207031 274 269 264.399993896484 261.600006103516 259 256.799987792969 255.699996948242 255.899993896484 258.399993896484 260 260.600006103516 262.100006103516 263.600006103516 263.299987792969 263.5 263.399993896484 267.299987792969 277.799987792969 283.600006103516 283.100006103516 286.799987792969 289.399993896484 290.299987792969 294.600006103516 298.700012207031 302.399993896484 294.799987792969 287.399993896484 273.399993896484 272.100006103516 265.200012207031 268 263.5 258.100006103516 252.600006103516 249.5
250 255.699996948242 259.299987792969 259.899993896484 262.600006103516 263.899993896484 264.799987792969 266.600006103516 267.200012207031 269.799987792969 269.200012207031 272.899993896484 274.700012207031 276.700012207031 278.299987792969 278.5 278.5 278.100006103516 273.700012207031 268.100006103516 262.100006103516 257.799987792969 254.100006103516 250.300003051758 250.399993896484 251.199996948242 253.399993896484 256.600006103516 259.399993896484 261.600006103516 263.5 265 265.399993896484 265.399993896484 266.899993896484 270.899993896484 279.100006103516 284.100006103516 287.700012207031 291.5 296.600006103516 299.399993896484 302.299987792969 303.600006103516 299.700012207031 293 281 275.799987792969 272.299987792969 270.100006103516 265.600006103516 260.100006103516 253 242.600006103516
