data/layers/future_layer_can_126_60/bio1.asc
NCOLS 494 
NROWS 529 
XLLCORNER -117.166666666667 
YLLCORNER -55.5 
CELLSIZE 0.166666666666667 
NODATA_value -3.4e+38 
[rows 200 to 224 of 529, columns 385 to 439 of 494]
27.8999996185303 28 28.2999992370605 28.2000007629395 28.2000007629395 28.3999996185303 28.5 28.6000003814697 28.5 28.5 28.5 28.5 28.5 28.5 28.5 28.5 28.5 28.5 28.5 28.5 28.6000003814697 28.7000007629395 28.8999996185303 28.8999996185303 29 29 28.8999996185303 29.2000007629395 29.2000007629395 28.6000003814697 28.3999996185303 28.2999992370605 28.2999992370605 28.2000007629395 28.1000003814697 -3.4e+38 -3.4e+38 -3.4e+38 -3.4e+38 -3.4e+38 -3.4e+38 -3.4e+38 -3.4e+38 -3.4e+38 -3.4e+38 -3.4e+38 -3.4e+38 -3.4e+38 -3.4e+38 -3.4e+38 -3.4e+38 -3.4e+38 -3.4e+38 -3.4e+38 -3.4e+38
28.2000007629395 28.3999996185303 28.2999992370605 28.3999996185303 28.2000007629395 28.3999996185303 28.5 28.6000003814697 28.3999996185303 28.3999996185303 28.5 28.3999996185303 28.3999996185303 28.3999996185303 28.2999992370605 28.3999996185303 28.3999996185303 28.3999996185303 28.3999996185303 28.3999996185303 28.5 28.7000007629395 28.7999992370605 28.8999996185303 28.8999996185303 28.8999996185303 28.8999996185303 29.2000007629395 28.6000003814697 28.3999996185303 28.2999992370605 28.2000007629395 28.1000003814697 28.1000003814697 28 28 28.2000007629395 28.2000007629395 -3.4e+38 -3.4e+38 -3.4e+38 -3.4e+38 -3.4e+38 -3.4e+38 -3.4e+38 -3.4e+38 -3.4e+38 -3.4e+38 -3.4e+38 -3.4e+38 -3.4e+38 -3.4e+38 -3.4e+38 -3.4e+38 -3.4e+38
28.3999996185303 28.1000003814697 28.2999992370605 28.5 28.3999996185303 28.3999996185303 28.5 28.5 28.3999996185303 28.3999996185303 28.3999996185303 28.2999992370605 28.2999992370605 28.3999996185303 28.2999992370605 28.2999992370605 28.2999992370605 28.2999992370605 28.2999992370605 28.3999996185303 28.3999996185303 28.6000003814697 28.7000007629395 28.7999992370605 28.7999992370605 28.6000003814697 29 28.7000007629395 28.3999996185303 28.2999992370605 28.2000007629395 28.2000007629395 28.1000003814697 28 28 28 28 28 28 28.1000003814697 28.1000003814697 -3.4e+38 -3.4e+38 -3.4e+38 -3.4e+38 -3.4e+38 -3.4e+38 -3.4e+38 -3.4e+38 -3.4e+38 -3.4e+38 -3.4e+38 -3.4e+38 -3.4e+38 -3.4e+38
28.6000003814697 28.1000003814697 28.1000003814697 28.3999996185303 28.6000003814697 28.6000003814697 28.5 28.3999996185303 28.3999996185303 28.3999996185303 28.2999992370605 28.2999992370605 28.2999992370605 28.2999992370605 28.2000007629395 28.2000007629395 28.2000007629395 28.2000007629395 28.2999992370605 28.2999992370605 28.3999996185303 28.5 28.6000003814697 28.7999992370605 28.7000007629395 28.6000003814697 28.7000007629395 28.3999996185303 28.2000007629395 28.2000007629395 28.2000007629395 28.1000003814697 28.1000003814697 28 28 27.8999996185303 27.8999996185303 27.7999992370605 27.8999996185303 27.8999996185303 28.1000003814697 28.1000003814697 28.2000007629395 28.2000007629395 -3.4e+38 -3.4e+38 -3.4e+38 -3.4e+38 -3.4e+38 -3.4e+38 -3.4e+38 -3.4e+38 -3.4e+38 -3.4e+38 -3.4e+38
28.3999996185303 28.6000003814697 28.5 28.6000003814697 28.6000003814697 28.5 28.5 28.3999996185303 28.3999996185303 28.2999992370605 28.2000007629395 28.2000007629395 28.2000007629395 28.2000007629395 28.1000003814697 28.1000003814697 28.1000003814697 28.2000007629395 28.2000007629395 28.2999992370605 28.3999996185303 28.5 28.6000003814697 28.6000003814697 28.6000003814697 28.7000007629395 28.3999996185303 28.3999996185303 28.2000007629395 28.2000007629395 28.2000007629395 28.1000003814697 28 28 27.7999992370605 27.7999992370605 27.8999996185303 27.7999992370605 27.8999996185303 28 28 28.1000003814697 28 28.2000007629395 28.2000007629395 -3.4e+38 -3.4e+38 -3.4e+38 -3.4e+38 -3.4e+38 -3.4e+38 -3.4e+38 -3.4e+38 -3.4e+38 -3.4e+38
28.6000003814697 28.7000007629395 28.7999992370605 28.7000007629395 28.6000003814697 28.5 28.5 28.2999992370605 28.2000007629395 28.2000007629395 28.2999992370605 28.2000007629395 28.1000003814697 28.1000003814697 28.1000003814697 28.1000003814697 28.2000007629395 28.2000007629395 28.2000007629395 28.2999992370605 28.3999996185303 28.3999996185303 28.5 28.7000007629395 28.5 28.3999996185303 28.2999992370605 28.2000007629395 28.1000003814697 28.2000007629395 28.2000007629395 28.1000003814697 28.1000003814697 28.1000003814697 28 27.8999996185303 27.8999996185303 27.8999996185303 28 28 28 28 28 28 28 28.2000007629395 -3.4e+38 28.2999992370605 -3.4e+38 -3.4e+38 -3.4e+38 -3.4e+38 -3.4e+38 -3.4e+38 -3.4e+38
28.7999992370605 28.7999992370605 28.7999992370605 28.7999992370605 28.6000003814697 28.3999996185303 28.2999992370605 28.2000007629395 28.2000007629395 28.2999992370605 28.3999996185303 28.2000007629395 28.2000007629395 28.2000007629395 28.1000003814697 28.1000003814697 28.2000007629395 28.2999992370605 28.2999992370605 28.3999996185303 28.5 28.5 28.6000003814697 28.5 28.3999996185303 28.2999992370605 28.2000007629395 28.2000007629395 28.1000003814697 28.1000003814697 28.1000003814697 28.1000003814697 28.1000003814697 28.1000003814697 28 27.8999996185303 27.8999996185303 27.8999996185303 28 28 28.1000003814697 28.1000003814697 28.1000003814697 27.8999996185303 27.8999996185303 28.2000007629395 28.2999992370605 28.2000007629395 28.2000007629395 -3.4e+38 -3.4e+38 -3.4e+38 -3.4e+38 -3.4e+38 -3.4e+38
28.7000007629395 28.6000003814697 28.6000003814697 28.5 28.7000007629395 28.3999996185303 28.2999992370605 28.2000007629395 28.2000007629395 28.3999996185303 28.2999992370605 28.2999992370605 28.2999992370605 28.2999992370605 28.2000007629395 28.2000007629395 28.2999992370605 28.2999992370605 28.2999992370605 28.3999996185303 28.3999996185303 28.3999996185303 28.5 28.3999996185303 28.3999996185303 28.3999996185303 28.2000007629395 28.2000007629395 28.2000007629395 28.1000003814697 28.1000003814697 28.1000003814697 28.1000003814697 28.1000003814697 28.1000003814697 28 27.7999992370605 27.8999996185303 27.8999996185303 27.8999996185303 28.1000003814697 28.1000003814697 28.1000003814697 28 28 28.1000003814697 28.2999992370605 28.2000007629395 28.2000007629395 28.2999992370605 -3.4e+38 -3.4e+38 -3.4e+38 -3.4e+38 -3.4e+38
28.2999992370605 28.3999996185303 28.3999996185303 28.3999996185303 28.6000003814697 28.3999996185303 28.2999992370605 28.2999992370605 28.2999992370605 28.2999992370605 28.2000007629395 28.2000007629395 28.2999992370605 28.2999992370605 28.2000007629395 28.2000007629395 28.2000007629395 28.2000007629395 28.2999992370605 28.5 28.5 28.5 28.5 28.3999996185303 28.3999996185303 28.2999992370605 28.2000007629395 28.2000007629395 28.2000007629395 28.2000007629395 28.2000007629395 28.2000007629395 28.2000007629395 28.1000003814697 28 27.8999996185303 27.7999992370605 27.8999996185303 27.7999992370605 27.8999996185303 28.1000003814697 28.1000003814697 28.2000007629395 28.1000003814697 28.2000007629395 28.2000007629395 28.2999992370605 28.2000007629395 28.1000003814697 28.2000007629395 -3.4e+38 -3.4e+38 -3.4e+38 -3.4e+38 -3.4e+38
28.2999992370605 28.3999996185303 28.3999996185303 28.3999996185303 28.5 28.6000003814697 28.2999992370605 28.2999992370605 28.2999992370605 28.3999996185303 28.2000007629395 28.2999992370605 28.2000007629395 28.2000007629395 28.2000007629395 28.2000007629395 28.2000007629395 28.2999992370605 28.3999996185303 28.5 28.5 28.6000003814697 28.5 28.3999996185303 28.3999996185303 28.3999996185303 28.2999992370605 28.2000007629395 28.2000007629395 28.2000007629395 28.2000007629395 28.2000007629395 28.2000007629395 28.1000003814697 28 27.8999996185303 27.7999992370605 27.7999992370605 27.8999996185303 28 28.1000003814697 28.1000003814697 28.2000007629395 28.2000007629395 28.2000007629395 28.3999996185303 28.3999996185303 28.2000007629395 28.2000007629395 28.3999996185303 28.3999996185303 -3.4e+38 -3.4e+38 -3.4e+38 -3.4e+38
28.2000007629395 28.2999992370605 28.3999996185303 28.3999996185303 28.3999996185303 28.7000007629395 28.3999996185303 28.2999992370605 28.2999992370605 28.2999992370605 28.2999992370605 28.2000007629395 28.2999992370605 28.2000007629395 28.2000007629395 28.2000007629395 28.2999992370605 28.2999992370605 28.3999996185303 28.5 28.6000003814697 28.6000003814697 28.6000003814697 28.3999996185303 28.3999996185303 28.3999996185303 28.2999992370605 28.2999992370605 28.2999992370605 28.2999992370605 28.2000007629395 28.2999992370605 28.2000007629395 28 27.8999996185303 27.8999996185303 27.8999996185303 27.8999996185303 27.8999996185303 28 28 28.1000003814697 28.2000007629395 28.2999992370605 28.3999996185303 28.3999996185303 28.3999996185303 28.5 28.5 28.5 28.5 -3.4e+38 -3.4e+38 -3.4e+38 -3.4e+38
28.2000007629395 28.2000007629395 28.2000007629395 28.2999992370605 28.2999992370605 28.6000003814697 28.6000003814697 28.2999992370605 28.2000007629395 28.2000007629395 28.2000007629395 28.2000007629395 28.2999992370605 28.2999992370605 28.2999992370605 28.2999992370605 28.2999992370605 28.3999996185303 28.3999996185303 28.6000003814697 28.6000003814697 28.6000003814697 28.5 28.5 28.5 28.3999996185303 28.2999992370605 28.2999992370605 28.2999992370605 28.2999992370605 28.2000007629395 28.2999992370605 28.2999992370605 28.1000003814697 27.8999996185303 27.7999992370605 27.7999992370605 27.8999996185303 28 28 27.7999992370605 27.8999996185303 28.2000007629395 28.2999992370605 28.3999996185303 28.3999996185303 28.2999992370605 28.5 28.5 28.6000003814697 28.7000007629395 29 28.7999992370605 -3.4e+38 -3.4e+38
28.2000007629395 28.1000003814697 28.2000007629395 28.2000007629395 28.2999992370605 28.6000003814697 28.6000003814697 28.2000007629395 28.2999992370605 28.2999992370605 28.2000007629395 28.2000007629395 28.2000007629395 28.2000007629395 28.2999992370605 28.3999996185303 28.2999992370605 28.3999996185303 28.5 28.6000003814697 28.5 28.6000003814697 28.5 28.5 28.5 28.3999996185303 28.3999996185303 28.3999996185303 28.3999996185303 28.2999992370605 28.2999992370605 28.2000007629395 28.2000007629395 28.1000003814697 28 27.7999992370605 27.7999992370605 28.1000003814697 28 27.8999996185303 27.8999996185303 27.8999996185303 28.1000003814697 28.2999992370605 28.3999996185303 28.3999996185303 28.3999996185303 28.5 28.6000003814697 28.7999992370605 28.8999996185303 28.8999996185303 28.7999992370605 -3.4e+38 28.7999992370605
28.2000007629395 28.2000007629395 28.1000003814697 28.2000007629395 28.5 28.7000007629395 28.7000007629395 28.2999992370605 28.2000007629395 28.2000007629395 28.2000007629395 28.2000007629395 28.2000007629395 28.2000007629395 28.2000007629395 28.2999992370605 28.3999996185303 28.3999996185303 28.5 28.7000007629395 28.5 28.5 28.5 28.6000003814697 28.7000007629395 28.5 28.3999996185303 28.3999996185303 28.2999992370605 28.2999992370605 28.2999992370605 28.2999992370605 28.2000007629395 28.1000003814697 27.8999996185303 27.8999996185303 28 28.1000003814697 28 28 27.8999996185303 28 28.1000003814697 28.3999996185303 28.5 28.3999996185303 28.5 28.5 28.7000007629395 28.8999996185303 28.8999996185303 29 28.8999996185303 28.7999992370605 28.7999992370605
28.2000007629395 28.1000003814697 28.2000007629395 28.2000007629395 28.3999996185303 28.5 28.3999996185303 28.3999996185303 28.2000007629395 28.1000003814697 28.1000003814697 28.1000003814697 28.2000007629395 28.1000003814697 28.2000007629395 28.2999992370605 28.3999996185303 28.3999996185303 28.5 28.7999992370605 28.6000003814697 28.5 28.5 28.6000003814697 28.7000007629395 28.5 28.3999996185303 28.3999996185303 28.2999992370605 28.3999996185303 28.2999992370605 28.2999992370605 28.1000003814697 28.1000003814697 28 27.8999996185303 27.7999992370605 28.1000003814697 28.1000003814697 27.8999996185303 28 28.1000003814697 28.2000007629395 28.3999996185303 28.5 28.5 28.6000003814697 28.7000007629395 28.8999996185303 29.1000003814697 29 29.1000003814697 29 28.8999996185303 28.8999996185303
28.1000003814697 28.1000003814697 28 28.1000003814697 28.2999992370605 28.2999992370605 28 28.2000007629395 28.2000007629395 28.1000003814697 28.1000003814697 28.2000007629395 28.2000007629395 28.1000003814697 28.2000007629395 28.2000007629395 28.3999996185303 28.3999996185303 28.5 28.7999992370605 28.8999996185303 28.6000003814697 28.6000003814697 28.7000007629395 28.7000007629395 28.5 28.5 28.5 28.3999996185303 28.3999996185303 28.2000007629395 28.1000003814697 28.1000003814697 27.8999996185303 27.8999996185303 27.8999996185303 28.1000003814697 28.2000007629395 28.1000003814697 28 28.2000007629395 28.2000007629395 28.2999992370605 28.5 28.6000003814697 28.7000007629395 28.7999992370605 29 29.1000003814697 29.2000007629395 29.2000007629395 29.1000003814697 29 29 28.8999996185303
27.8999996185303 27.7000007629395 27.7000007629395 27.7999992370605 28.1000003814697 27.8999996185303 27.8999996185303 28 27.7999992370605 27.8999996185303 28.1000003814697 28.1000003814697 28.1000003814697 28.1000003814697 28.2000007629395 28.2999992370605 28.2999992370605 28.5 28.6000003814697 28.7000007629395 28.8999996185303 28.7000007629395 28.6000003814697 28.7999992370605 28.7000007629395 28.5 28.3999996185303 28.3999996185303 28.2999992370605 28.2999992370605 28.2999992370605 28.1000003814697 27.8999996185303 28 28.2999992370605 28.2999992370605 28.2000007629395 28.1000003814697 27.8999996185303 28.1000003814697 28.2999992370605 28.3999996185303 28.5 28.6000003814697 28.6000003814697 28.7999992370605 28.8999996185303 29 29.1000003814697 29.2999992370605 29.2000007629395 29.1000003814697 29.2000007629395 29.1000003814697 29.2000007629395
27.3999996185303 27.2999992370605 27.7999992370605 27.8999996185303 27.7999992370605 27.7000007629395 27.7000007629395 27.6000003814697 27.6000003814697 27.6000003814697 27.8999996185303 27.8999996185303 28 28.1000003814697 28.2000007629395 28.2000007629395 28.3999996185303 28.5 28.6000003814697 28.7000007629395 29 28.8999996185303 28.7999992370605 28.7999992370605 28.7999992370605 28.5 28.3999996185303 28.2999992370605 28.2000007629395 28.2000007629395 28.2000007629395 28.1000003814697 27.8999996185303 28 28.2000007629395 28.2999992370605 28.2000007629395 28 27.8999996185303 28.2000007629395 28.2999992370605 28.5 28.6000003814697 28.7000007629395 28.7999992370605 28.8999996185303 29 29.1000003814697 29.2000007629395 29.3999996185303 29.2000007629395 29.2999992370605 29.2000007629395 29.1000003814697 29.2999992370605
27.6000003814697 27.5 27.7999992370605 27.6000003814697 27.5 27.3999996185303 27.2999992370605 27.2999992370605 27.3999996185303 27.3999996185303 27.6000003814697 27.7000007629395 27.8999996185303 28.1000003814697 28.2999992370605 28.2999992370605 28.3999996185303 28.5 28.6000003814697 28.7000007629395 29 28.8999996185303 28.7999992370605 28.7999992370605 28.7000007629395 28.6000003814697 28.5 28.3999996185303 28.2999992370605 28.2999992370605 28.2999992370605 28.2000007629395 28.1000003814697 28.2999992370605 28.2000007629395 28.2999992370605 28 27.7000007629395 27.8999996185303 28 28.2000007629395 28.5 28.6000003814697 28.7000007629395 28.7999992370605 28.8999996185303 29.1000003814697 29.2999992370605 29.5 29.5 29.3999996185303 29.3999996185303 29.3999996185303 29.2999992370605 29.2999992370605
27.7000007629395 27.6000003814697 27.6000003814697 27.2000007629395 27.2000007629395 27.2000007629395 27.1000003814697 27.1000003814697 27.2999992370605 27.3999996185303 27.5 27.5 27.7000007629395 28 28.2000007629395 28.2999992370605 28.3999996185303 28.5 28.7000007629395 28.7000007629395 28.8999996185303 28.8999996185303 28.8999996185303 28.7000007629395 28.7000007629395 28.5 28.3999996185303 28.5 28.2999992370605 28.2999992370605 28.2999992370605 28.1000003814697 28.1000003814697 28 28.1000003814697 28.2000007629395 27.7999992370605 27.5 27.6000003814697 27.7999992370605 28.3999996185303 28.2999992370605 28.5 28.7999992370605 28.7999992370605 29 29.2000007629395 29.3999996185303 29.6000003814697 29.7000007629395 29.7000007629395 29.6000003814697 29.6000003814697 29.5 29.2999992370605
27.5 27.5 27.5 27.2999992370605 27.1000003814697 27 27.1000003814697 27.1000003814697 27.2000007629395 27.3999996185303 27.3999996185303 27.2000007629395 27.5 27.8999996185303 28 28.2000007629395 28.3999996185303 28.5 28.7000007629395 28.8999996185303 28.8999996185303 28.7999992370605 28.8999996185303 28.8999996185303 28.7999992370605 28.7000007629395 28.3999996185303 28.2999992370605 28.2000007629395 28.2000007629395 28.2000007629395 28.1000003814697 27.8999996185303 28.2000007629395 28.2000007629395 27.8999996185303 27.6000003814697 27.7000007629395 27.8999996185303 28.2000007629395 28.2999992370605 28.1000003814697 28.6000003814697 28.7999992370605 28.8999996185303 29 29.2999992370605 29.6000003814697 29.7000007629395 29.7999992370605 29.7999992370605 29.6000003814697 29.6000003814697 29.5 29.2999992370605
27.5 27.5 27.3999996185303 27.2999992370605 27.1000003814697 27 26.7999992370605 27 27.1000003814697 27.3999996185303 27.3999996185303 27.2999992370605 27.5 27.7999992370605 28 28.2000007629395 28.3999996185303 28.5 28.7000007629395 28.8999996185303 29 28.7999992370605 28.8999996185303 29 28.7999992370605 28.6000003814697 28.5 28.5 28.1000003814697 27.8999996185303 28.2000007629395 27.7999992370605 28 28.2000007629395 27.8999996185303 27.6000003814697 27.7000007629395 27.7999992370605 28.2000007629395 28.1000003814697 27.7999992370605 28.1000003814697 28.3999996185303 28.7000007629395 28.7999992370605 29.1000003814697 29.2999992370605 29.6000003814697 29.7999992370605 29.8999996185303 29.7999992370605 29.7000007629395 29.5 29.3999996185303 29.3999996185303
27.3999996185303 27.5 27.3999996185303 27.2000007629395 27.1000003814697 26.8999996185303 27 26.8999996185303 27.1000003814697 27.3999996185303 27.5 27.3999996185303 27.5 27.7999992370605 28 28.2000007629395 28.2999992370605 28.5 28.6000003814697 28.7999992370605 28.8999996185303 29 29 29 28.7999992370605 28.6000003814697 28.3999996185303 28.3999996185303 28.3999996185303 28.1000003814697 27.8999996185303 27.7000007629395 28.1000003814697 28.2000007629395 27.7000007629395 27.8999996185303 28.1000003814697 28.1000003814697 28 28 27.7000007629395 27.7000007629395 28.1000003814697 28.2999992370605 28.3999996185303 28.8999996185303 29.2999992370605 29.5 29.7000007629395 29.7999992370605 29.7000007629395 29.5 29.3999996185303 29.2999992370605 29.5
27.5 27.5 27.3999996185303 27.2000007629395 27.2000007629395 27 27.1000003814697 27.2000007629395 27.3999996185303 27.3999996185303 27.5 27.3999996185303 27.3999996185303 27.7000007629395 27.8999996185303 28 28.1000003814697 28.2999992370605 28.3999996185303 28.7000007629395 28.8999996185303 29 29.1000003814697 28.8999996185303 28.7000007629395 28.5 28.2999992370605 28.2000007629395 28.2999992370605 28 27.7999992370605 27.7000007629395 27.8999996185303 28.2000007629395 27.7000007629395 27.7999992370605 28.1000003814697 27.7999992370605 27.7000007629395 27.8999996185303 27.5 27.7000007629395 28.2000007629395 28 27.8999996185303 28.7000007629395 29.1000003814697 29.2000007629395 29.5 29.6000003814697 29.6000003814697 29.5 29.2999992370605 29.3999996185303 29.3999996185303
27.5 27.5 27.2999992370605 27.2999992370605 27.1000003814697 27 27 27.2000007629395 27.2999992370605 27.5 27.6000003814697 27.5 27.3999996185303 27.7000007629395 27.8999996185303 28 28 28.1000003814697 28.2999992370605 28.6000003814697 28.7000007629395 29 29 28.8999996185303 28.6000003814697 28.2999992370605 28.1000003814697 28 28.2999992370605 28.2000007629395 27.8999996185303 27.5 27.6000003814697 28.1000003814697 27.6000003814697 27.7999992370605 27.8999996185303 27.3999996185303 27.7000007629395 27.6000003814697 27.1000003814697 27.7000007629395 28 27.6000003814697 28 28.6000003814697 28.6000003814697 28.7999992370605 29.2000007629395 29.2999992370605 29.5 29.2999992370605 29.2999992370605 29.2000007629395 29.2999992370605
