data/layers/future_layer_can_126_60/bio12.asc
NCOLS 494 
NROWS 529 
XLLCORNER -117.166666666667 
YLLCORNER -55.5 
CELLSIZE 0.166666666666667 
NODATA_value -3.4e+38 
[rows 336 to 359 of 529, columns 330 to 384 of 494]
653.599975585938 640.299987792969 626.200012207031 613.900024414062 613.700012207031 601.5 589.400024414062 576.599975585938 564.400024414062 554.900024414062 564.099975585938 595.599975585938 635.299987792969 672.200012207031 709.200012207031 750.700012207031 781.099975585938 800.900024414062 802.5 812.400024414062 864.5 938.400024414062 1006.20001220703 1030.80004882812 1058.69995117188 1089.59997558594 1129.80004882812 1171.30004882812 1220 1266.90002441406 1290.90002441406 1333.80004882812 1371.69995117188 1399.59997558594 1421.40002441406 1443.40002441406 1467.59997558594 1477.09997558594 1503.69995117188 1531 1537.40002441406 1544.19995117188 1529.09997558594 1507.30004882812 1487.09997558594 1463.5 1436.40002441406 1405.59997558594 1373 1311.5 1302.90002441406 1300.09997558594 1293.30004882812 1283 1274.19995117188
658.099975585938 646.200012207031 634.599975585938 625.200012207031 614.299987792969 608.700012207031 595.799987792969 584.299987792969 573.599975585938 557.799987792969 572 609.700012207031 651.599975585938 691 732.099975585938 780.799987792969 817.599975585938 836.400024414062 829.5 843.900024414062 875.200012207031 920.5 965.200012207031 990.5 1028.30004882812 1071.30004882812 1119.09997558594 1164.59997558594 1206.09997558594 1253.90002441406 1293.5 1335.40002441406 1379.59997558594 1404.19995117188 1432.5 1451.5 1469.19995117188 1485.40002441406 1505.5 1537 1550.19995117188 1551.30004882812 1538.5 1520.30004882812 1504 1486.59997558594 1460.09997558594 1420.09997558594 1370.19995117188 1317.59997558594 1317.90002441406 1313.19995117188 1340.30004882812 1342.19995117188 1324.90002441406
658.799987792969 652.599975585938 645.400024414062 634.900024414062 624.799987792969 616.900024414062 611.299987792969 603.900024414062 595.700012207031 597.099975585938 605.400024414062 638.900024414062 676.900024414062 717.799987792969 756.5 802.599975585938 830.799987792969 847.400024414062 848.700012207031 862.900024414062 887.900024414062 917.400024414062 940.799987792969 965.200012207031 1011.5 1060.5 1112.80004882812 1161.69995117188 1209.40002441406 1256.69995117188 1300.19995117188 1341.40002441406 1373.69995117188 1402.40002441406 1430 1455.90002441406 1462.90002441406 1489.90002441406 1511.5 1529.80004882812 1555.69995117188 1557.59997558594 1540.90002441406 1529.5 1514.40002441406 1504.59997558594 1480.30004882812 1443.59997558594 1375.19995117188 1331.19995117188 1314.09997558594 1320.09997558594 1351.69995117188 1393.30004882812 1359
657.400024414062 657.400024414062 653.599975585938 645.799987792969 640.900024414062 635.200012207031 630 631.400024414062 631.700012207031 634.900024414062 649.5 672.599975585938 705.299987792969 740.700012207031 789.400024414062 826.200012207031 849.5 863.5 871.799987792969 881.099975585938 900.099975585938 919.5 942.900024414062 967.200012207031 1004.29998779297 1050 1108.30004882812 1163.19995117188 1213 1262.09997558594 1311.09997558594 1347.59997558594 1375.40002441406 1395.69995117188 1418.59997558594 1438.59997558594 1460.69995117188 1475.59997558594 1502.09997558594 1535.40002441406 1556 1557.69995117188 1546 1534.90002441406 1525.5 1519.19995117188 1514.40002441406 1476.30004882812 1400.30004882812 1359.69995117188 1311 1306.69995117188 1365.80004882812 1382.19995117188 1369.69995117188
653.599975585938 656.200012207031 658.099975585938 658.099975585938 659 658.900024414062 659.700012207031 663.700012207031 672.799987792969 681.5 697.200012207031 716.5 739.599975585938 766 791.599975585938 823.599975585938 852.799987792969 871.900024414062 887.099975585938 899.400024414062 910.200012207031 930.299987792969 947.700012207031 977.900024414062 1009.70001220703 1053.09997558594 1109.90002441406 1167.19995117188 1227.30004882812 1273 1320.19995117188 1353 1376.69995117188 1397.19995117188 1418.30004882812 1434.30004882812 1445 1463.5 1483.80004882812 1524.40002441406 1537.5 1547.80004882812 1546 1543.5 1542.30004882812 1544.30004882812 1533.09997558594 1512.90002441406 1459.19995117188 1398.59997558594 1350.40002441406 1340.90002441406 1395.30004882812 1411.5 1410
652 658.400024414062 661.099975585938 666.599975585938 672.599975585938 683.299987792969 694.900024414062 703.299987792969 715.799987792969 729 744 760.700012207031 774.700012207031 795.099975585938 814.5 837.299987792969 861 877.599975585938 896 914.5 931.599975585938 944.700012207031 954.299987792969 970.5 995.700012207031 1034.5 1094.19995117188 1167.90002441406 1243.30004882812 1296.40002441406 1336.5 1371.09997558594 1391.69995117188 1408 1415.5 1429.19995117188 1432.30004882812 1446.09997558594 1453.80004882812 1479.80004882812 1504.80004882812 1524 1530.40002441406 1546.69995117188 1545.19995117188 1552.19995117188 1547.69995117188 1536.90002441406 1506.5 1449.09997558594 1412 1418 1450.5 1468.69995117188 1471.30004882812
649 658.299987792969 666.5 673.599975585938 687.299987792969 702 724.200012207031 743.900024414062 765.700012207031 782.400024414062 792.299987792969 801.099975585938 809.700012207031 825.200012207031 842.400024414062 861.200012207031 874.200012207031 893.099975585938 910.799987792969 933 948.700012207031 957.700012207031 958.599975585938 963.5 982.200012207031 1022.20001220703 1078.30004882812 1165.59997558594 1260.5 1322.09997558594 1354.90002441406 1379.69995117188 1394.59997558594 1407.40002441406 1421.69995117188 1423.69995117188 1418.40002441406 1411.80004882812 1409.09997558594 1431.90002441406 1474.19995117188 1495.59997558594 1519.40002441406 1541.19995117188 1543.59997558594 1547.30004882812 1544.69995117188 1538.90002441406 1536.69995117188 1491.09997558594 1448.69995117188 1469 1508.09997558594 1519.30004882812 1509.90002441406
648.299987792969 661.700012207031 672 683.599975585938 700.900024414062 722.200012207031 744.299987792969 772.900024414062 806.299987792969 834.299987792969 837.700012207031 840.200012207031 842.900024414062 852.400024414062 864.799987792969 878.799987792969 894.299987792969 904.599975585938 922.700012207031 950 974.799987792969 978.200012207031 974.299987792969 962.900024414062 961.700012207031 992.299987792969 1060.80004882812 1161.30004882812 1266.5 1331 1359.80004882812 1384.30004882812 1401.40002441406 1409.59997558594 1425.09997558594 1425.19995117188 1419.09997558594 1407.19995117188 1394.59997558594 1420.59997558594 1458.19995117188 1491.80004882812 1518.09997558594 1536.5 1539.80004882812 1539.5 1543.19995117188 1548.59997558594 1560.69995117188 1493.59997558594 1428 1459.5 1532.30004882812 1567.59997558594 1554.30004882812
647.5 661.900024414062 676.5 689.799987792969 711.299987792969 736.700012207031 763 795.900024414062 833.200012207031 870.799987792969 872.200012207031 868.200012207031 873.400024414062 879.200012207031 886.900024414062 895.599975585938 909 922.400024414062 935.599975585938 956.599975585938 986.799987792969 995.700012207031 989.299987792969 970.400024414062 956.299987792969 973.799987792969 1060.90002441406 1169.5 1264.19995117188 1323.59997558594 1363.5 1384.09997558594 1403.09997558594 1413.09997558594 1425.69995117188 1433.90002441406 1428.90002441406 1423.59997558594 1422.19995117188 1442.5 1467.09997558594 1493.09997558594 1528.09997558594 1546.19995117188 1550.90002441406 1554.19995117188 1536.09997558594 1554.19995117188 1552.69995117188 1495.69995117188 1413.19995117188 1495.40002441406 1594.30004882812 1646.30004882812 1619.40002441406
646.799987792969 661 680.200012207031 698.599975585938 719.799987792969 745.900024414062 777.400024414062 807.700012207031 843.599975585938 869.299987792969 884.099975585938 889.900024414062 895.5 902.200012207031 903.400024414062 910.299987792969 921.400024414062 933.200012207031 945.099975585938 955.900024414062 981.900024414062 1016.5 1007.09997558594 987.599975585938 1008.09997558594 1096.59997558594 1137.5 1209.5 1279 1331.90002441406 1377 1393.19995117188 1411.09997558594 1424.30004882812 1429.5 1437.19995117188 1448 1449.90002441406 1457.80004882812 1469.80004882812 1489.90002441406 1512.59997558594 1535.90002441406 1563 1574.69995117188 1576.40002441406 1560.40002441406 1586.59997558594 1600.5 1582.59997558594 1562.09997558594 1616.40002441406 1699.69995117188 1713.80004882812 1692.30004882812
645.400024414062 661.599975585938 679.099975585938 700.700012207031 726.200012207031 754 785.099975585938 815 845.5 873.900024414062 889.900024414062 901.299987792969 912.200012207031 917.299987792969 921.200012207031 928.299987792969 935.799987792969 945.400024414062 956.299987792969 964.799987792969 990.299987792969 1021.79998779297 1018.5 1009.29998779297 1072.5 1171.30004882812 1221.69995117188 1266.19995117188 1310.19995117188 1353 1389.59997558594 1411.40002441406 1426.40002441406 1437.09997558594 1449.30004882812 1453.90002441406 1471.5 1478.59997558594 1483.09997558594 1492 1507.69995117188 1531.09997558594 1557.69995117188 1587.69995117188 1602 1608 1600.5 1645.19995117188 1685.5 1715.19995117188 1718.40002441406 1723.69995117188 1715.09997558594 1748.69995117188 1741.80004882812
644.400024414062 660.200012207031 679.900024414062 701.200012207031 727.200012207031 758.599975585938 790.599975585938 820.599975585938 850.099975585938 875.400024414062 894.5 908.900024414062 919.599975585938 935.5 942.700012207031 948.099975585938 954 963.5 971 987.900024414062 1010.59997558594 1030.59997558594 1040.80004882812 1060.30004882812 1114.5 1193.30004882812 1258.59997558594 1327.40002441406 1350.40002441406 1380.90002441406 1410.30004882812 1433.19995117188 1446.40002441406 1460.59997558594 1473.40002441406 1479.59997558594 1484.69995117188 1502.09997558594 1503.5 1513.30004882812 1531.19995117188 1541 1575.69995117188 1611.30004882812 1643.40002441406 1652.30004882812 1641 1674.80004882812 1777 1758.80004882812 1719.90002441406 1721.30004882812 1716.80004882812 1744.80004882812 1721
642.400024414062 657.200012207031 678 701.200012207031 728.200012207031 762.400024414062 794.5 825.200012207031 853.900024414062 880.900024414062 902.5 918.799987792969 933.700012207031 946.799987792969 957.5 966.299987792969 976.099975585938 983.900024414062 993.799987792969 1009.79998779297 1030.90002441406 1054 1078.59997558594 1112.09997558594 1162.59997558594 1222.80004882812 1285.30004882812 1344.40002441406 1385.19995117188 1410.80004882812 1433.5 1453 1466.09997558594 1480.5 1496.19995117188 1505.5 1514.80004882812 1521 1524.5 1533 1538.30004882812 1561.80004882812 1591.90002441406 1634.69995117188 1672.19995117188 1685.19995117188 1685.19995117188 1704.09997558594 1736.69995117188 1726.69995117188 1702.5 1715.40002441406 1735.80004882812 1753 1726.40002441406
636.799987792969 654.299987792969 677.299987792969 702.099975585938 732 765.599975585938 799.299987792969 833.099975585938 860.200012207031 888.400024414062 910.900024414062 931 949.799987792969 962.400024414062 976.299987792969 984 996.700012207031 1007.09997558594 1018.90002441406 1034.69995117188 1059.09997558594 1086.5 1117.40002441406 1155 1204.09997558594 1258.5 1303.09997558594 1353.90002441406 1404.80004882812 1446.90002441406 1466.90002441406 1472.80004882812 1475.59997558594 1492.40002441406 1514.09997558594 1519.5 1528.19995117188 1532.09997558594 1534.90002441406 1539.19995117188 1549.09997558594 1573.30004882812 1607.69995117188 1648.59997558594 1683.80004882812 1702.59997558594 1694.30004882812 1689.90002441406 1690.90002441406 1686.19995117188 1687.40002441406 1731.30004882812 1769.40002441406 1801.69995117188 1795.09997558594
632.700012207031 648 672 701.700012207031 732.099975585938 765.400024414062 802 842.099975585938 875.099975585938 899.099975585938 922.700012207031 948.099975585938 969 982.900024414062 995.5 1006.70001220703 1018 1029.5 1041.80004882812 1055.5 1083.80004882812 1121.30004882812 1161 1198.09997558594 1240.80004882812 1279.90002441406 1314.09997558594 1355.5 1404.59997558594 1466.59997558594 1490.09997558594 1464 1459.5 1482 1517.59997558594 1525.5 1526 1531.40002441406 1535.80004882812 1543.90002441406 1556.09997558594 1583.30004882812 1624.30004882812 1654.59997558594 1676.69995117188 1673.19995117188 1677.19995117188 1686.59997558594 1697.30004882812 1691.5 1736.19995117188 1785.5 1827.90002441406 1832.90002441406 1830.30004882812
629.799987792969 643.200012207031 665 695.099975585938 730.900024414062 768.200012207031 805.700012207031 846.700012207031 891.299987792969 923.900024414062 937.700012207031 964.099975585938 987.900024414062 1006.29998779297 1019.20001220703 1030 1042 1055.80004882812 1062.5 1080.30004882812 1106.80004882812 1148.40002441406 1195.69995117188 1238.69995117188 1276.90002441406 1297.30004882812 1321.59997558594 1346.90002441406 1381.90002441406 1422.90002441406 1417.40002441406 1414.30004882812 1423.80004882812 1425.90002441406 1460.30004882812 1501.09997558594 1526 1532.5 1545.5 1556.09997558594 1573.19995117188 1591.90002441406 1621.90002441406 1652.19995117188 1660.40002441406 1654.80004882812 1663.59997558594 1676.80004882812 1701.09997558594 1743.40002441406 1796.30004882812 1834.69995117188 1875 1866 1853.40002441406
626.900024414062 639.200012207031 663 698.599975585938 735.700012207031 775.900024414062 816.099975585938 856.799987792969 896.900024414062 936 961.700012207031 990 1006.79998779297 1032.19995117188 1044.69995117188 1059.90002441406 1070.30004882812 1080.09997558594 1091.59997558594 1107.80004882812 1127.5 1168.90002441406 1229.19995117188 1288.80004882812 1305.69995117188 1312.09997558594 1320.80004882812 1330.40002441406 1352.5 1375.40002441406 1360.69995117188 1366.5 1376.69995117188 1359.59997558594 1402.09997558594 1467.59997558594 1497.09997558594 1510.69995117188 1530.90002441406 1549 1560.69995117188 1578.30004882812 1603.90002441406 1627 1627.09997558594 1623.40002441406 1647.30004882812 1680.59997558594 1722.90002441406 1767.30004882812 1838.5 1863.30004882812 1883.5 1902.09997558594 1878.30004882812
637.5 646.099975585938 668.900024414062 706 744 787.599975585938 829.799987792969 872.900024414062 914.900024414062 957.099975585938 991 1011.20001220703 1032.30004882812 1050.90002441406 1072.19995117188 1086 1107.09997558594 1114.19995117188 1125.59997558594 1138.90002441406 1154.80004882812 1201.30004882812 1261.30004882812 1325.80004882812 1331.90002441406 1328.90002441406 1318.69995117188 1318.5 1346.80004882812 1372.5 1367.09997558594 1368.80004882812 1365.19995117188 1355.40002441406 1396.90002441406 1455.5 1485.69995117188 1504.19995117188 1511.09997558594 1520 1546.69995117188 1562.09997558594 1575.69995117188 1586.09997558594 1588.09997558594 1589.19995117188 1621 1669.09997558594 1734.09997558594 1791.40002441406 1855.09997558594 1896.40002441406 1911 1927.19995117188 1912.30004882812
644.099975585938 673.799987792969 700.5 725.299987792969 765.900024414062 803.099975585938 847.099975585938 893.700012207031 941.700012207031 979.200012207031 1013.90002441406 1040 1063 1076.90002441406 1096.69995117188 1111.90002441406 1132.5 1146.19995117188 1159.19995117188 1177.09997558594 1201.59997558594 1241.59997558594 1293.90002441406 1325.09997558594 1345.80004882812 1346.59997558594 1342 1347.30004882812 1380.5 1414.5 1425.5 1412 1398.09997558594 1402.80004882812 1425.80004882812 1459.59997558594 1491.80004882812 1498.80004882812 1505 1530.19995117188 1538.30004882812 1531.5 1536.09997558594 1550.09997558594 1554.59997558594 1564.30004882812 1608.30004882812 1676.19995117188 1740.09997558594 1811 1850 1893.90002441406 1910.30004882812 1942.09997558594 1953.40002441406
663.200012207031 691.900024414062 722.299987792969 749.900024414062 785.799987792969 823.5 867.5 915.099975585938 969.400024414062 1009.90002441406 1043.80004882812 1069.90002441406 1091.30004882812 1103.90002441406 1124.69995117188 1139.69995117188 1159.5 1178.5 1199.5 1223.19995117188 1249.90002441406 1286.5 1322.30004882812 1341 1360.19995117188 1367 1370.19995117188 1387.40002441406 1420.80004882812 1472.19995117188 1499.59997558594 1469.5 1445.5 1447.09997558594 1462.40002441406 1488.09997558594 1507.19995117188 1514.69995117188 1514.80004882812 1527.69995117188 1512.90002441406 1503.19995117188 1503.59997558594 1520 1533.80004882812 1571.5 1615.09997558594 1687.19995117188 1759.80004882812 1817.80004882812 1841.5 1888.40002441406 1908.40002441406 1926.5 1953.59997558594
680.400024414062 707.799987792969 733.900024414062 768.799987792969 801.900024414062 851.5 896.900024414062 941.700012207031 991.5 1042.69995117188 1083.30004882812 1097.69995117188 1114.5 1127 1144.40002441406 1165.30004882812 1186 1207.90002441406 1235.5 1265.09997558594 1293.80004882812 1322.59997558594 1347.19995117188 1366 1375.5 1372.80004882812 1378.90002441406 1401.59997558594 1439.90002441406 1497.40002441406 1524.59997558594 1497 1475.19995117188 1480 1495 1519.09997558594 1535.09997558594 1543.80004882812 1550.19995117188 1530.80004882812 1504.90002441406 1471.69995117188 1480.59997558594 1495.19995117188 1527.69995117188 1583.09997558594 1656.90002441406 1717.90002441406 1758.69995117188 1801.40002441406 1841.90002441406 1883.30004882812 1917.5 1932.5 1959.69995117188
693.599975585938 722.5 752.5 787.700012207031 817.099975585938 857.099975585938 907.200012207031 958.700012207031 1005.79998779297 1059.09997558594 1092.90002441406 1114.80004882812 1130 1149.19995117188 1165.90002441406 1185.80004882812 1210.19995117188 1235.69995117188 1266.5 1302.59997558594 1334.19995117188 1354.90002441406 1368.59997558594 1386.80004882812 1382.80004882812 1376.40002441406 1376.80004882812 1386.59997558594 1412.80004882812 1447 1477 1486.30004882812 1490.30004882812 1498.69995117188 1522.40002441406 1552.40002441406 1577.59997558594 1595.09997558594 1589.5 1560 1506.5 1455.5 1459 1512.69995117188 1557.59997558594 1611.80004882812 1683.90002441406 1718 1762.40002441406 1797.69995117188 1830.09997558594 1879 1917.40002441406 1929.30004882812 1949.30004882812
710.599975585938 744.799987792969 774.599975585938 805 833.299987792969 875.5 922.299987792969 961.799987792969 1007.20001220703 1052.5 1083.90002441406 1109 1132.30004882812 1154.09997558594 1173.40002441406 1199 1227.90002441406 1261.40002441406 1293 1329.69995117188 1363.40002441406 1372.80004882812 1383.19995117188 1387.5 1380.40002441406 1373 1366 1362.59997558594 1365.09997558594 1384.5 1419.80004882812 1450.90002441406 1482.40002441406 1510.30004882812 1547.30004882812 1588.19995117188 1631 1654.19995117188 1643.5 1596.90002441406 1537 1503.80004882812 1509.80004882812 1565.69995117188 1625.90002441406 1659.80004882812 1693.90002441406 1715.90002441406 1767.30004882812 1805.59997558594 1838.09997558594 1873.90002441406 1909.40002441406 1918 1917.40002441406
728.900024414062 765.099975585938 795.599975585938 817.299987792969 848.700012207031 889.900024414062 937.799987792969 967.799987792969 1009.90002441406 1048 1075 1101.09997558594 1125.19995117188 1150.80004882812 1173.30004882812 1201.40002441406 1233.19995117188 1272.40002441406 1311 1355.30004882812 1384.69995117188 1387.19995117188 1387.09997558594 1383.5 1376.09997558594 1371.19995117188 1356.69995117188 1342.80004882812 1321.30004882812 1330.30004882812 1372.80004882812 1416.09997558594 1459.59997558594 1502.69995117188 1561.69995117188 1615.59997558594 1664.80004882812 1709.09997558594 1699.09997558594 1640.40002441406 1588.40002441406 1574.90002441406 1599.90002441406 1617.40002441406 1636.80004882812 1666.90002441406 1703.90002441406 1734.40002441406 1771.69995117188 1802.69995117188 1838.69995117188 1855.69995117188 1890.40002441406 1897.09997558594 1902.69995117188
