data/layers/future_layer_can_126_60/bio16.asc
NCOLS 494 
NROWS 529 
XLLCORNER -117.166666666667 
YLLCORNER -55.5 
CELLSIZE 0.166666666666667 
NODATA_value -3.4e+38 
[rows 336 to 359 of 529, columns 330 to 384 of 494]
351.200012207031 342.200012207031 328.899993896484 317.399993896484 311.399993896484 300.799987792969 288.399993896484 275.799987792969 264.5 255.600006103516 253.300003051758 257.100006103516 266.299987792969 273 280.600006103516 297.700012207031 310.5 316.600006103516 312.799987792969 312.100006103516 324.700012207031 347.899993896484 368.5 372.899993896484 380.100006103516 387.799987792969 397.600006103516 414.399993896484 437.600006103516 451.5 448.899993896484 461.299987792969 477.100006103516 485 489.299987792969 493 498.299987792969 497.5 502.299987792969 509.100006103516 510.799987792969 512.799987792969 508.899993896484 505.100006103516 502.899993896484 494.700012207031 485.899993896484 473.399993896484 465.299987792969 444.799987792969 440.700012207031 438.899993896484 437.899993896484 439 438.700012207031
356.399993896484 347.700012207031 336.700012207031 325.700012207031 313 305.600006103516 292.5 280.399993896484 270.200012207031 258.100006103516 257.200012207031 265.600006103516 274.399993896484 281.5 290.5 310.799987792969 327.299987792969 331.100006103516 323.700012207031 323.600006103516 329.899993896484 339.799987792969 352.899993896484 358.600006103516 370.299987792969 382.399993896484 396 409 428.100006103516 444.100006103516 452.899993896484 461.799987792969 476.299987792969 482.899993896484 491.399993896484 494.200012207031 494.899993896484 497.200012207031 500 508.5 513.700012207031 512.400024414062 510.899993896484 508 505.799987792969 500.299987792969 490.399993896484 473.299987792969 462.100006103516 443.399993896484 437.700012207031 428.200012207031 441.700012207031 451.100006103516 449.200012207031
357.799987792969 355.299987792969 345.399993896484 332.299987792969 318.799987792969 307.799987792969 299.200012207031 289.299987792969 279.5 274.5 270.700012207031 277.799987792969 284.700012207031 293.5 299.100006103516 317.899993896484 330.200012207031 332.799987792969 328.100006103516 328.399993896484 332.700012207031 338.799987792969 343.600006103516 349.799987792969 365.100006103516 380.600006103516 398.299987792969 414 428.600006103516 444.799987792969 457.5 467.600006103516 476 483.100006103516 490.299987792969 495 490.5 496.100006103516 498.200012207031 501.899993896484 510.399993896484 512.799987792969 509.299987792969 508.5 506.399993896484 504.100006103516 494.299987792969 476.100006103516 459.5 448.700012207031 427.700012207031 413.299987792969 429.600006103516 462 449.899993896484
355.700012207031 357.5 349.200012207031 336.299987792969 325.200012207031 316 307.200012207031 300.5 295.5 291 290.299987792969 291.5 297.200012207031 303.899993896484 316.600006103516 323 331.200012207031 333.799987792969 332.399993896484 331.399993896484 333.299987792969 336.5 344.399993896484 351.299987792969 363.799987792969 381.200012207031 400.799987792969 419.899993896484 435.5 450.799987792969 465.799987792969 474.600006103516 480.899993896484 483.899993896484 487 487.700012207031 488.899993896484 487.899993896484 492.899993896484 502 508.100006103516 510 509 507.600006103516 507.5 506 503.600006103516 480.899993896484 461.100006103516 450.600006103516 411.100006103516 389.100006103516 425.100006103516 444.600006103516 438.100006103516
348.200012207031 348.399993896484 344 336.899993896484 330 323.200012207031 317.5 313.200012207031 311.399993896484 309.200012207031 309.5 309.399993896484 310.700012207031 314.100006103516 316.100006103516 321.799987792969 326.899993896484 330.899993896484 332.200012207031 331.299987792969 333.200012207031 340.399993896484 346.700012207031 359.399993896484 369.600006103516 386.200012207031 406.600006103516 425.200012207031 448.600006103516 464.299987792969 477.600006103516 482.799987792969 485.799987792969 487.100006103516 487.299987792969 486.600006103516 484.200012207031 482.899993896484 484 495.5 499.700012207031 503.5 505 506.899993896484 506.200012207031 506.899993896484 502.700012207031 487.299987792969 476.899993896484 454.700012207031 418.700012207031 402.899993896484 438.100006103516 457.200012207031 458.700012207031
340.600006103516 340.899993896484 337.200012207031 334.200012207031 330.700012207031 328.600006103516 329.600006103516 328 328.899993896484 328.299987792969 328.700012207031 328.200012207031 325.200012207031 326.200012207031 325.799987792969 327.299987792969 328.299987792969 329.5 332.299987792969 336.399993896484 341 345.399993896484 349.5 356.200012207031 366 380.299987792969 400.799987792969 428.600006103516 462.100006103516 482.299987792969 494.200012207031 499.600006103516 494.799987792969 492.799987792969 488.299987792969 485.399993896484 478.700012207031 475.899993896484 472.600006103516 480.100006103516 487 495.100006103516 499.600006103516 503.899993896484 503.100006103516 500.899993896484 494.299987792969 488.299987792969 488.700012207031 476.700012207031 455.299987792969 454.100006103516 477.899993896484 496.700012207031 501.799987792969
332.5 332.399993896484 331 330 331.200012207031 332 338.100006103516 342.299987792969 347.299987792969 349.600006103516 348 344.600006103516 339.600006103516 338.100006103516 336.799987792969 336.799987792969 334.899993896484 336.200012207031 337.799987792969 341.799987792969 346.700012207031 348.399993896484 349.600006103516 355.299987792969 364.600006103516 376 393.200012207031 432.100006103516 474 500.399993896484 512.099975585938 511.100006103516 498.600006103516 493.5 490.600006103516 483.299987792969 474 465.399993896484 457.600006103516 463.799987792969 477.299987792969 487.5 497.399993896484 501.600006103516 500.100006103516 494 482.299987792969 487.200012207031 497.5 489.5 475.299987792969 489.200012207031 516.200012207031 530 531.400024414062
325.5 325.899993896484 325.399993896484 326 329.5 336.100006103516 342.799987792969 352 362.700012207031 371.299987792969 366.299987792969 360 353.100006103516 349 345.5 343 343.399993896484 340 341 345.799987792969 352.200012207031 353.899993896484 357.399993896484 357.399993896484 358.299987792969 365.200012207031 388.899993896484 431 478 504.899993896484 510.700012207031 510 500.899993896484 492.799987792969 490 483.600006103516 474 463.399993896484 454.299987792969 462 477.299987792969 489.700012207031 499.5 502.200012207031 495.700012207031 485.399993896484 472.100006103516 486.700012207031 500.600006103516 484.799987792969 467.100006103516 490.100006103516 530.799987792969 557.599975585938 560.200012207031
319 320.299987792969 319.299987792969 320.899993896484 328.600006103516 337.100006103516 347.299987792969 358.100006103516 370.899993896484 384.5 379.200012207031 369.399993896484 364.5 358.5 353.899993896484 349.700012207031 349.100006103516 347.799987792969 346.5 347.5 354.100006103516 359.100006103516 365.399993896484 366.799987792969 363.200012207031 359.100006103516 387.100006103516 428.700012207031 470.100006103516 492.600006103516 503.799987792969 500 493.5 491 487.799987792969 484.399993896484 478.200012207031 470.799987792969 467.799987792969 474.799987792969 485.299987792969 496.700012207031 504.899993896484 504 496.899993896484 481.5 466.399993896484 483.799987792969 495.299987792969 480.799987792969 459.399993896484 496.399993896484 549.799987792969 588.299987792969 586.599975585938
316.299987792969 315.5 316.600006103516 319.299987792969 328 338.5 350 361.100006103516 373.399993896484 380.200012207031 382 376.600006103516 371 366.299987792969 360.600006103516 357.100006103516 354 351.700012207031 350.899993896484 350.799987792969 356.100006103516 363.100006103516 373.899993896484 383.700012207031 385.899993896484 405.100006103516 405.200012207031 433.5 463 484.5 499.100006103516 494.100006103516 489.200012207031 488 484.600006103516 482.899993896484 482.700012207031 479.899993896484 481.700012207031 488.600006103516 499.100006103516 507.100006103516 513 511.799987792969 500.100006103516 483.899993896484 472.600006103516 492 507.299987792969 507.100006103516 505.899993896484 525.700012207031 561.5 585.200012207031 590.799987792969
315.600006103516 315.799987792969 317.399993896484 321.399993896484 330.200012207031 341.200012207031 351.899993896484 362.200012207031 370.899993896484 378.600006103516 380.600006103516 379.200012207031 376.399993896484 371.899993896484 366.299987792969 363.600006103516 359.799987792969 356.399993896484 356.100006103516 356.299987792969 362.700012207031 374.5 389.399993896484 407.399993896484 411.899993896484 428.299987792969 427.700012207031 438.5 461 482.700012207031 493.799987792969 492.5 484.200012207031 483.399993896484 484.600006103516 483.5 484.799987792969 486 488.799987792969 495.200012207031 506 515.299987792969 521.700012207031 521.599975585938 511.399993896484 494.5 486.700012207031 513 532.400024414062 546.700012207031 552.200012207031 544.900024414062 548.200012207031 565.299987792969 573.400024414062
315.899993896484 316.100006103516 319.799987792969 324.200012207031 332.100006103516 342.399993896484 352.600006103516 362.399993896484 370.899993896484 377.299987792969 380.100006103516 380.200012207031 378.600006103516 379.700012207031 374.799987792969 370 366.5 364.399993896484 362.200012207031 366.399993896484 373.899993896484 383.799987792969 397.100006103516 414.100006103516 419.5 430.5 434.600006103516 447.100006103516 459.799987792969 481.899993896484 494.899993896484 491.299987792969 482 483.600006103516 483.299987792969 483.899993896484 483.399993896484 489.399993896484 492.200012207031 497.700012207031 508.100006103516 515.400024414062 527.400024414062 535.299987792969 525.599975585938 506.700012207031 494.100006103516 517.799987792969 564.900024414062 555.5 542.599975585938 535.299987792969 541.5 558.799987792969 572.299987792969
316.399993896484 317.299987792969 321.700012207031 327.700012207031 334.899993896484 344 353.600006103516 363 371.299987792969 377.5 382.899993896484 383.700012207031 383.5 381.899993896484 380.700012207031 377.799987792969 375.299987792969 373 372 374.5 381.700012207031 391.200012207031 403.5 415 425.399993896484 434 440.299987792969 450.600006103516 465.799987792969 479.399993896484 496.600006103516 482.5 478.100006103516 479.899993896484 482.399993896484 483.600006103516 485.799987792969 488.100006103516 492 496.700012207031 503.299987792969 513.700012207031 523.900024414062 533.799987792969 527.700012207031 511.399993896484 497.899993896484 518.599975585938 547.700012207031 550.299987792969 542.900024414062 547.299987792969 554.900024414062 580.299987792969 589.200012207031
315.399993896484 318.200012207031 324.399993896484 330.299987792969 337.399993896484 347.399993896484 357 367.100006103516 373.200012207031 379.100006103516 384.399993896484 386.5 389.100006103516 388.5 387.600006103516 383.399993896484 382.899993896484 384.100006103516 385.700012207031 387.700012207031 392.700012207031 401.799987792969 412 421 430.5 438.700012207031 442.799987792969 450.799987792969 463.600006103516 475.799987792969 486.299987792969 479.100006103516 470.399993896484 474.100006103516 479.100006103516 481.299987792969 484.899993896484 485.100006103516 486 489.799987792969 495.799987792969 503.100006103516 512.099975585938 519 514.200012207031 505.899993896484 488.899993896484 503.899993896484 525.200012207031 539.599975585938 549.299987792969 568.799987792969 587.900024414062 612.299987792969 621
316.700012207031 319.100006103516 325.299987792969 332.600006103516 339.399993896484 348.799987792969 359.600006103516 370.899993896484 379.899993896484 383 388.200012207031 392.299987792969 394.899993896484 394.100006103516 394.5 394 394.799987792969 394.899993896484 396 397.399993896484 401.899993896484 411.5 421.799987792969 427.700012207031 434.899993896484 438.600006103516 440.299987792969 446 457.600006103516 475.600006103516 470.600006103516 462.899993896484 455.600006103516 466.5 475.299987792969 474.899993896484 476.700012207031 479.799987792969 481.899993896484 482.600006103516 484.299987792969 490.799987792969 499.200012207031 501.600006103516 496.200012207031 480 472.600006103516 498.399993896484 526.200012207031 546.400024414062 573.599975585938 595.599975585938 612.599975585938 622.099975585938 616.099975585938
317.299987792969 319.899993896484 324.799987792969 332.5 342.299987792969 351.799987792969 361.399993896484 372.100006103516 385.5 393.799987792969 393.399993896484 397.799987792969 402.100006103516 403.799987792969 404.5 406.600006103516 408 408.5 407.5 408.299987792969 411.600006103516 419 426.799987792969 433.799987792969 439.799987792969 437.399993896484 438 439.799987792969 445.600006103516 462.5 466.5 458 446.299987792969 454 462.5 472.299987792969 484.799987792969 485.899993896484 489.299987792969 491.5 496 494.299987792969 495.899993896484 498.399993896484 494.700012207031 484.299987792969 478.200012207031 497.200012207031 525.200012207031 558 586.799987792969 606 612.299987792969 609.900024414062 604.400024414062
318.299987792969 322.299987792969 328.100006103516 336.299987792969 345.700012207031 356.299987792969 366.299987792969 376.700012207031 386.899993896484 397 402.399993896484 407.899993896484 409.100006103516 414.5 416.100006103516 419.799987792969 420.899993896484 421.200012207031 420.5 420.299987792969 421 426.600006103516 436.200012207031 445.899993896484 442.200012207031 441.399993896484 439.700012207031 433.200012207031 438.299987792969 448.600006103516 442.899993896484 439.899993896484 423.899993896484 446.100006103516 451.5 466.5 477.799987792969 479 485.600006103516 490.799987792969 492.100006103516 493.600006103516 499 504.200012207031 500.299987792969 492 487 497.299987792969 527 556.400024414062 584.700012207031 602.700012207031 606.200012207031 600.5 601.299987792969
324.799987792969 326.799987792969 332.600006103516 341.799987792969 350.100006103516 362.700012207031 374 384.299987792969 394.5 406.399993896484 415 416.700012207031 420.399993896484 425.100006103516 430.899993896484 433.700012207031 437.899993896484 436.899993896484 436 434 432.5 440.100006103516 447.700012207031 457.100006103516 453.399993896484 448 441 430.600006103516 433.899993896484 446 439.799987792969 427.200012207031 419.799987792969 439.600006103516 442.100006103516 461.799987792969 470.899993896484 476.299987792969 477.299987792969 479.100006103516 489.5 493.700012207031 498.200012207031 502.5 502.799987792969 498.799987792969 493.399993896484 500.600006103516 523.400024414062 550.400024414062 571.900024414062 588 592.799987792969 593.200012207031 592.5
328.200012207031 336.600006103516 344.100006103516 349.299987792969 360.299987792969 371 382.299987792969 393.899993896484 406.799987792969 414.299987792969 423.5 430 434 438.600006103516 445 447.100006103516 451.600006103516 452.399993896484 452.299987792969 452 453.200012207031 458.399993896484 463.799987792969 461.100006103516 457.600006103516 452.399993896484 446.299987792969 435.600006103516 443.399993896484 453.5 451.200012207031 436.100006103516 426.100006103516 436 439.200012207031 450.700012207031 465.399993896484 468.600006103516 474.200012207031 484.5 489.700012207031 487 488.700012207031 497.200012207031 500.600006103516 503.899993896484 499.399993896484 497.799987792969 517.200012207031 541.799987792969 560.5 576.599975585938 584.400024414062 584.299987792969 585.799987792969
336.100006103516 343.600006103516 352.700012207031 359.200012207031 368.899993896484 380 392 404 418.100006103516 427.799987792969 435.299987792969 442.5 450 453.700012207031 459.700012207031 462.299987792969 466.899993896484 469.899993896484 472.5 474.899993896484 474.399993896484 477.5 479 471.799987792969 467.700012207031 458.700012207031 449.5 448.299987792969 454.200012207031 466.399993896484 469.399993896484 452.299987792969 437.299987792969 437.5 439.899993896484 448 459 466.700012207031 470.299987792969 479.5 479.799987792969 477.5 479.600006103516 486.899993896484 493.799987792969 500 500.799987792969 497.299987792969 512.900024414062 532.900024414062 549.099975585938 565 572.900024414062 578.700012207031 582.700012207031
343.200012207031 350.899993896484 358 367 376.600006103516 392.700012207031 404.899993896484 416.5 428.200012207031 441.5 452.399993896484 455.600006103516 462.299987792969 466.200012207031 471.399993896484 476.200012207031 480.399993896484 484.600006103516 489.200012207031 494.5 494.600006103516 494.899993896484 493.100006103516 486.700012207031 475.899993896484 462.100006103516 453.200012207031 450.100006103516 456.299987792969 469.700012207031 473.5 460 447.899993896484 445.200012207031 446.399993896484 450 458.899993896484 465.799987792969 474.5 474.200012207031 470.899993896484 464.899993896484 470.100006103516 475.600006103516 485.700012207031 496 501.299987792969 503.899993896484 504.200012207031 521.5 537.200012207031 553.400024414062 560.799987792969 567 573.299987792969
347.799987792969 356.700012207031 365.299987792969 375.700012207031 383.600006103516 396.100006103516 412.799987792969 426.399993896484 438.799987792969 452.399993896484 459.299987792969 466.399993896484 473.200012207031 479.299987792969 482.299987792969 487.899993896484 495.299987792969 500.399993896484 504.5 511.399993896484 513.299987792969 509.899993896484 503.299987792969 496.600006103516 480.299987792969 463.600006103516 451.700012207031 443.299987792969 443.100006103516 447.200012207031 452.799987792969 454.200012207031 453.5 453.799987792969 459.200012207031 465.700012207031 468.100006103516 472.799987792969 477.399993896484 475.5 466.399993896484 457.5 462 476.399993896484 487.700012207031 497.200012207031 506.600006103516 505.399993896484 505.399993896484 512.599975585938 525.099975585938 540 547.200012207031 554 560
354.899993896484 366.399993896484 376.100006103516 384.100006103516 392.5 406.600006103516 422 430.700012207031 443.899993896484 455.899993896484 460.700012207031 469.700012207031 478.100006103516 483.899993896484 488.700012207031 497.399993896484 505.5 514.599975585938 520.799987792969 526.099975585938 526.799987792969 517.900024414062 510.299987792969 498.200012207031 480.5 464 449 435.200012207031 425.200012207031 422.299987792969 430 438.5 448 459.799987792969 473.600006103516 482.100006103516 485.700012207031 485.600006103516 483.899993896484 479.600006103516 470.600006103516 466.600006103516 471 487.299987792969 500.299987792969 506 507.600006103516 505.5 507.700012207031 516 515.700012207031 529.200012207031 534.5 541.299987792969 542
361 373.5 384.899993896484 389.799987792969 399.600006103516 414.299987792969 430.700012207031 436.700012207031 448.899993896484 457.799987792969 461.5 470.700012207031 477.299987792969 482.700012207031 491.799987792969 501.200012207031 511.5 524.400024414062 535.200012207031 541.599975585938 538.400024414062 524.799987792969 512 498.600006103516 482.100006103516 464.700012207031 447 429.399993896484 409.700012207031 403.700012207031 414.700012207031 426.899993896484 440.899993896484 457.299987792969 482.600006103516 495.899993896484 497.200012207031 503.899993896484 496 491.200012207031 485.399993896484 486.600006103516 495.200012207031 499 500.700012207031 504.399993896484 507.5 509.600006103516 510.5 513.299987792969 518.299987792969 517 526.299987792969 529 530.799987792969
