data/layers/future_layer_can_126_60/bio13.asc
NCOLS 494 
NROWS 529 
XLLCORNER -117.166666666667 
YLLCORNER -55.5 
CELLSIZE 0.166666666666667 
NODATA_value -3.4e+38 
[rows 192 to 215 of 529, columns 324 to 377 of 494]
293.100006103516 282.899993896484 274.600006103516 275.200012207031 277.5 276.5 282.299987792969 281.600006103516 282.899993896484 287.5 292.299987792969 294 297.399993896484 299.100006103516 300.600006103516 303.100006103516 306.399993896484 308.100006103516 308.399993896484 309.399993896484 309.600006103516 315.399993896484 320.399993896484 327.700012207031 334.200012207031 343.100006103516 350.899993896484 359.799987792969 368.200012207031 377.600006103516 387.899993896484 398.399993896484 408.299987792969 416 425.899993896484 430.799987792969 438.100006103516 442.899993896484 448.600006103516 452.799987792969 456.5 459.399993896484 463.100006103516 467.399993896484 470 470.399993896484 468.600006103516 471.100006103516 477 475.899993896484 475.899993896484 474.600006103516 474.299987792969 472.5
299.399993896484 293.600006103516 289.100006103516 285.200012207031 283.200012207031 287.100006103516 287.100006103516 285.5 285.200012207031 291.799987792969 292.600006103516 293.899993896484 297.399993896484 297.100006103516 299.299987792969 298.799987792969 301.399993896484 304.600006103516 310.799987792969 314.5 318.200012207031 326.100006103516 333.100006103516 341 347.299987792969 355.600006103516 363.600006103516 370.600006103516 380.299987792969 389.600006103516 399.600006103516 408.799987792969 417.399993896484 426.399993896484 435.899993896484 441.899993896484 447.299987792969 453.100006103516 458 462.5 467.899993896484 470.200012207031 471 475.600006103516 477.299987792969 475.899993896484 475.799987792969 478.799987792969 480.600006103516 481.799987792969 480.200012207031 476.399993896484 474.600006103516 470.899993896484
301.299987792969 298.299987792969 297.899993896484 294.299987792969 288.100006103516 293.899993896484 292.200012207031 291.799987792969 293.799987792969 295.799987792969 298.700012207031 302.600006103516 305.100006103516 305.399993896484 305.5 307.399993896484 312.899993896484 317.100006103516 321.399993896484 325.899993896484 330 336 343.799987792969 351.5 359.399993896484 367.799987792969 376.100006103516 385 393.899993896484 401.399993896484 411.299987792969 420.899993896484 430.700012207031 438.700012207031 445.700012207031 451.100006103516 458.799987792969 464.700012207031 470.799987792969 473.899993896484 476.399993896484 479.5 482.100006103516 484.799987792969 485.299987792969 483.899993896484 484.100006103516 481.799987792969 484.200012207031 484.100006103516 484.600006103516 481.600006103516 477 468.799987792969
312.700012207031 316.299987792969 316.100006103516 315.600006103516 311.299987792969 305.399993896484 300.399993896484 301.600006103516 304.299987792969 310.200012207031 313.899993896484 317.600006103516 317.100006103516 318.299987792969 319.600006103516 321.700012207031 325.100006103516 327.399993896484 329.799987792969 337.899993896484 342.100006103516 347.5 354.399993896484 362 371.100006103516 377.299987792969 388 397.399993896484 406.399993896484 414.5 423.100006103516 433.600006103516 443.299987792969 450.399993896484 456.600006103516 463.799987792969 470.700012207031 475.399993896484 479.899993896484 483.100006103516 486.799987792969 491.200012207031 490.5 493.299987792969 492.100006103516 488.399993896484 488 489.899993896484 491.399993896484 486.600006103516 485.299987792969 480.799987792969 477.799987792969 466.899993896484
324.899993896484 334.100006103516 337.299987792969 335.799987792969 332.700012207031 324.100006103516 319.100006103516 319.100006103516 322.899993896484 326.600006103516 328.600006103516 328.299987792969 328.799987792969 330.100006103516 333.100006103516 332.100006103516 334.700012207031 337.600006103516 340.799987792969 345.899993896484 350 357.100006103516 361.5 369.899993896484 377.899993896484 388.899993896484 398 407.100006103516 416.700012207031 426.899993896484 434 443.899993896484 452.899993896484 461.600006103516 467.299987792969 472.799987792969 480.799987792969 485.700012207031 490.299987792969 493.899993896484 492.5 494.5 495.899993896484 497.600006103516 497.299987792969 493.399993896484 492.600006103516 494 491.899993896484 489.799987792969 485.399993896484 483.200012207031 480.899993896484 464.700012207031
338.200012207031 348.5 357.299987792969 353.899993896484 348.399993896484 344.899993896484 341.700012207031 340.600006103516 342.799987792969 343.100006103516 343.799987792969 342.600006103516 340.299987792969 341.399993896484 341 341.799987792969 343.899993896484 345.399993896484 347.899993896484 351.299987792969 356.899993896484 362.100006103516 368.899993896484 375.899993896484 383.799987792969 395.299987792969 402.399993896484 410.299987792969 420.700012207031 432.799987792969 440.799987792969 451.899993896484 459.700012207031 467.899993896484 476.399993896484 482.299987792969 488.899993896484 491.899993896484 494.600006103516 498.700012207031 497.600006103516 495.899993896484 496.200012207031 497.299987792969 499.399993896484 494.899993896484 494.100006103516 494 493.799987792969 493.100006103516 487.700012207031 480.399993896484 476.899993896484 465.299987792969
340.799987792969 353.200012207031 363.799987792969 363.799987792969 362.100006103516 361.899993896484 364.100006103516 363.299987792969 361.700012207031 359.100006103516 358.200012207031 353.600006103516 350.399993896484 349.600006103516 348.399993896484 349.100006103516 349.600006103516 351.899993896484 355.399993896484 359.899993896484 363.600006103516 368.799987792969 376.399993896484 383.600006103516 393 399.799987792969 404.799987792969 413.700012207031 423.399993896484 433.399993896484 445.299987792969 455.899993896484 462.399993896484 469.299987792969 480.399993896484 489.399993896484 494.299987792969 497.700012207031 500.399993896484 500.799987792969 499.700012207031 498.899993896484 498.5 498.899993896484 498.899993896484 495 492.5 491.799987792969 490.700012207031 491 486.100006103516 481.700012207031 480 474.200012207031
341.600006103516 351.600006103516 362 367.299987792969 370.600006103516 374.899993896484 381.899993896484 384.899993896484 381.299987792969 374.5 368.200012207031 363.399993896484 358.700012207031 357 355.799987792969 355.600006103516 355.700012207031 358.200012207031 363.299987792969 367.600006103516 369.799987792969 376.100006103516 383.399993896484 388.600006103516 398.5 403.399993896484 408 418.700012207031 427.899993896484 437.5 445.5 455.299987792969 462.299987792969 472.600006103516 483.200012207031 492.399993896484 500.299987792969 501.399993896484 503.899993896484 505.799987792969 501 497.5 499.100006103516 495.600006103516 495.600006103516 491.799987792969 487.799987792969 488.5 487.600006103516 487.899993896484 486.100006103516 480.299987792969 482.100006103516 481.100006103516
337.700012207031 347.5 360.799987792969 368.299987792969 372.899993896484 381.899993896484 394.299987792969 403.299987792969 396.399993896484 382.5 375.299987792969 370.200012207031 364.600006103516 361.899993896484 359.200012207031 359.299987792969 359.100006103516 360.700012207031 367 370.700012207031 373.700012207031 382.100006103516 386.200012207031 391.200012207031 398.200012207031 407.100006103516 414.399993896484 421.899993896484 430.799987792969 436 443.399993896484 453.600006103516 462.299987792969 472.799987792969 482 492.299987792969 500.899993896484 503 507.299987792969 503.5 499.799987792969 498.399993896484 497.399993896484 492.899993896484 488.100006103516 484.700012207031 481.399993896484 481.5 483.299987792969 480.200012207031 478.5 476 473.299987792969 471.399993896484
345.600006103516 349.100006103516 355.399993896484 365.100006103516 370.700012207031 380.399993896484 392.899993896484 405.299987792969 395.100006103516 382.399993896484 376.200012207031 371.899993896484 365.799987792969 363.5 358.600006103516 357.899993896484 360.399993896484 362.799987792969 367.100006103516 370.399993896484 376.399993896484 382.700012207031 388.100006103516 394.399993896484 400 407.5 413.899993896484 420.299987792969 427.5 435.100006103516 438.899993896484 448 458.799987792969 468.5 480.5 491.100006103516 499.100006103516 504.299987792969 503.299987792969 499.299987792969 496.600006103516 496.200012207031 497 490.899993896484 483.299987792969 478.100006103516 473.899993896484 470.899993896484 468.799987792969 470.399993896484 471.200012207031 469.5 461.5 467.5
359.100006103516 359.200012207031 355.299987792969 351.899993896484 357.799987792969 365.799987792969 372.799987792969 377.600006103516 378.100006103516 374.799987792969 374.700012207031 370.899993896484 366.100006103516 364.899993896484 360.799987792969 356.700012207031 356.399993896484 360.5 366.399993896484 371.600006103516 377.399993896484 380.899993896484 387.299987792969 394.399993896484 400.799987792969 405.299987792969 410.600006103516 416.799987792969 424.5 430.299987792969 435.600006103516 441.200012207031 450.899993896484 460.299987792969 470.299987792969 482.399993896484 493.899993896484 498.100006103516 492.299987792969 489.399993896484 488.299987792969 488 491.700012207031 483.200012207031 475.600006103516 467.200012207031 460.299987792969 458.5 457.200012207031 459.100006103516 462 457.399993896484 456.700012207031 464.899993896484
365.700012207031 365.399993896484 362.700012207031 357.399993896484 348.299987792969 343.799987792969 341.799987792969 346.100006103516 357.200012207031 364.799987792969 369.200012207031 369.600006103516 367.700012207031 365 360.600006103516 355.899993896484 352.600006103516 356.899993896484 364.899993896484 371.799987792969 376.600006103516 380.5 388.5 392.399993896484 397.299987792969 401.799987792969 407.299987792969 413.799987792969 417.799987792969 422.700012207031 427.799987792969 433.399993896484 440.899993896484 446.299987792969 456.399993896484 466.399993896484 474.299987792969 476.5 474.5 474.399993896484 473.100006103516 471.299987792969 472.399993896484 465.600006103516 454.899993896484 446.5 443.200012207031 440.299987792969 439.399993896484 448.5 451.899993896484 453.399993896484 449.299987792969 464
372.700012207031 372.700012207031 369 362.299987792969 351.700012207031 338.100006103516 329.100006103516 327.299987792969 342.600006103516 354.600006103516 366.899993896484 369.399993896484 366.799987792969 364.799987792969 361.899993896484 358.899993896484 357.799987792969 359.399993896484 361.100006103516 370.100006103516 374.600006103516 381.299987792969 387.799987792969 389.100006103516 392.100006103516 396.899993896484 401.700012207031 407.299987792969 412.799987792969 414.100006103516 416.5 418.399993896484 425.100006103516 430.799987792969 440.399993896484 453.600006103516 467.5 472.899993896484 474.100006103516 472.5 470.100006103516 466 460 451.100006103516 439 428.100006103516 421.100006103516 418.799987792969 422.200012207031 426.299987792969 434.299987792969 442.399993896484 439.200012207031 443.600006103516
375.299987792969 374.600006103516 372.100006103516 365.899993896484 356.600006103516 343.299987792969 337.299987792969 340.5 351 358.700012207031 368.100006103516 371.399993896484 370.600006103516 367.5 364.899993896484 363.899993896484 363.299987792969 367.799987792969 369.100006103516 373.299987792969 376.700012207031 384.899993896484 387.399993896484 386.100006103516 387.899993896484 391.899993896484 397.799987792969 405.299987792969 406.600006103516 405.200012207031 405.799987792969 407.100006103516 411.399993896484 420.700012207031 437.100006103516 452.600006103516 466.600006103516 474.100006103516 477 476.100006103516 470.600006103516 460.700012207031 455.399993896484 449.100006103516 437.399993896484 421.600006103516 405.600006103516 400.5 399.799987792969 401.600006103516 408.100006103516 405.899993896484 400.799987792969 403.799987792969
377.399993896484 376.899993896484 375.700012207031 372 364.399993896484 352.799987792969 346 351.600006103516 361.5 370.700012207031 373.299987792969 375.299987792969 372.100006103516 368.100006103516 366.200012207031 366.700012207031 368.700012207031 372.600006103516 378.799987792969 381.299987792969 382.399993896484 391.299987792969 397.399993896484 390.100006103516 381.899993896484 384.299987792969 387.600006103516 394.299987792969 394.799987792969 392.600006103516 393.200012207031 393.799987792969 404.399993896484 417.799987792969 432.899993896484 448.299987792969 462.5 473 476.899993896484 474.100006103516 465.700012207031 454.299987792969 447.399993896484 440.799987792969 427 407.600006103516 392.799987792969 386.299987792969 379.200012207031 381.399993896484 382.600006103516 381.700012207031 385.799987792969 393.299987792969
379.799987792969 380.399993896484 378.799987792969 377.299987792969 373.200012207031 364.600006103516 358.200012207031 363.399993896484 373.100006103516 381.899993896484 378.799987792969 376.399993896484 372.399993896484 368.799987792969 366.200012207031 366.899993896484 369.600006103516 374.399993896484 379.899993896484 382.299987792969 385 400.899993896484 404.600006103516 390.299987792969 379.100006103516 373.200012207031 373.100006103516 376.299987792969 376.899993896484 376 377.399993896484 387.200012207031 397.799987792969 413 429.299987792969 444.5 458 470.399993896484 476.299987792969 470.799987792969 457 437.799987792969 425.299987792969 413.399993896484 397.5 384.600006103516 377.200012207031 375.100006103516 365.799987792969 359.399993896484 356.399993896484 368.799987792969 376.899993896484 380.299987792969
381.799987792969 381.600006103516 381.399993896484 381.799987792969 378.799987792969 373.899993896484 368.700012207031 369.799987792969 379.100006103516 386.799987792969 383.600006103516 372.200012207031 367.799987792969 368.100006103516 364.899993896484 363 367.5 370.600006103516 375.5 376 380.600006103516 393.299987792969 389.299987792969 378.299987792969 375.299987792969 373.399993896484 372.299987792969 371.700012207031 370.299987792969 370.100006103516 374.100006103516 382 391.399993896484 404.899993896484 421.200012207031 437 452.600006103516 467.600006103516 476.600006103516 467.899993896484 443.299987792969 419.299987792969 402.299987792969 395.299987792969 384.100006103516 372 366.299987792969 366.899993896484 368.299987792969 367.799987792969 365.5 369.600006103516 383.799987792969 372.799987792969
382.299987792969 382.399993896484 383.299987792969 382.799987792969 382.600006103516 381.799987792969 380.5 379.700012207031 378.899993896484 377.799987792969 376.899993896484 376.799987792969 373.899993896484 373.600006103516 369.600006103516 366.299987792969 363.899993896484 362.299987792969 362.899993896484 367.899993896484 375.799987792969 381.100006103516 378.299987792969 373.100006103516 372.399993896484 372.299987792969 372.399993896484 372.399993896484 372.799987792969 371.5 371.100006103516 374.799987792969 382.399993896484 396.700012207031 414.299987792969 429.600006103516 444.100006103516 457.799987792969 465.600006103516 449.899993896484 428.399993896484 409.399993896484 394.899993896484 386.100006103516 377.799987792969 371.799987792969 366.299987792969 369.100006103516 376.600006103516 386.299987792969 396.299987792969 400 388.600006103516 362.700012207031
379.799987792969 382.399993896484 384.899993896484 384.899993896484 387.600006103516 389.399993896484 389.100006103516 389.399993896484 389.799987792969 388.600006103516 387.399993896484 386.5 380.799987792969 378.799987792969 374.100006103516 371.799987792969 368.399993896484 366.299987792969 367.399993896484 370 373.700012207031 376.200012207031 376.299987792969 375.899993896484 375.299987792969 375.100006103516 376.5 377.100006103516 374.100006103516 370.899993896484 370.200012207031 367.899993896484 371.100006103516 387.399993896484 406.899993896484 422.299987792969 431.799987792969 436.899993896484 435.299987792969 426.700012207031 417.399993896484 403 391.899993896484 384.600006103516 379.399993896484 374.299987792969 372.899993896484 372.100006103516 376.600006103516 394.100006103516 428.600006103516 423.899993896484 402.100006103516 387.899993896484
377.399993896484 381.100006103516 384.700012207031 388.899993896484 391.799987792969 394.399993896484 397.5 400.100006103516 399.899993896484 399.899993896484 399.100006103516 397 390.899993896484 384.899993896484 379 376.600006103516 372.899993896484 371.100006103516 370.700012207031 370.899993896484 372.200012207031 373.799987792969 374.5 376.200012207031 376.899993896484 378.799987792969 382.200012207031 382.399993896484 380.399993896484 375.799987792969 370.799987792969 367.399993896484 367.799987792969 390.200012207031 406.899993896484 413.600006103516 416.299987792969 417.5 414.399993896484 410.200012207031 404.399993896484 394.899993896484 386.299987792969 380.299987792969 374.700012207031 369.899993896484 368.299987792969 366.899993896484 368.899993896484 388 414.299987792969 416.600006103516 403.799987792969 392.200012207031
374.100006103516 379.299987792969 385 390.399993896484 396.600006103516 400.799987792969 404.899993896484 408.799987792969 409.299987792969 410.399993896484 410.700012207031 407.100006103516 402.299987792969 393.600006103516 383.299987792969 378.5 376.100006103516 373.600006103516 372.100006103516 371.600006103516 372.299987792969 373.5 375.200012207031 375.299987792969 377.100006103516 381 384.299987792969 387 386.200012207031 381.799987792969 377.600006103516 378.299987792969 392.299987792969 410.100006103516 415.299987792969 412.200012207031 406.899993896484 402.600006103516 401.100006103516 398.299987792969 392.200012207031 384.899993896484 379.700012207031 374.899993896484 369.399993896484 366.799987792969 366.600006103516 362.600006103516 363.299987792969 376.899993896484 390.399993896484 394.600006103516 385.299987792969 369.5
371.600006103516 378.899993896484 386 392.299987792969 398.799987792969 405.299987792969 410.700012207031 415.5 417.600006103516 421.200012207031 420.100006103516 417.799987792969 411.5 400.799987792969 389.799987792969 376.899993896484 377.600006103516 374.600006103516 374.399993896484 372.600006103516 370.899993896484 371.399993896484 372.5 375.399993896484 376.100006103516 381.899993896484 387.799987792969 390.600006103516 388.899993896484 378.799987792969 376.600006103516 383.700012207031 404.100006103516 431.799987792969 423.399993896484 409.399993896484 399.399993896484 395.200012207031 390.299987792969 387.100006103516 382.600006103516 376.299987792969 371.5 369 365.399993896484 364.100006103516 365 359.700012207031 361.100006103516 369.5 374.899993896484 375.100006103516 365.399993896484 361.399993896484
366.899993896484 375.700012207031 385.5 394.600006103516 402.799987792969 410.299987792969 416.100006103516 421.700012207031 424.600006103516 425.299987792969 427.700012207031 427.5 418.200012207031 405.600006103516 392.399993896484 378.399993896484 372.700012207031 370.799987792969 372.399993896484 372.100006103516 364.799987792969 365.799987792969 368.299987792969 372.399993896484 375.5 379.799987792969 386.899993896484 392.200012207031 392.100006103516 378.100006103516 369.399993896484 366.799987792969 378.799987792969 401.899993896484 400.899993896484 394.299987792969 390.399993896484 385.600006103516 382 377.899993896484 374.100006103516 369.299987792969 365.299987792969 363.399993896484 362.100006103516 362.299987792969 362.899993896484 353.799987792969 359.700012207031 363.899993896484 364.799987792969 364 361.299987792969 361.299987792969
360.299987792969 371 383.100006103516 395.100006103516 405.700012207031 414.799987792969 421.600006103516 426.600006103516 429.100006103516 429.600006103516 433.299987792969 435.799987792969 422.399993896484 403.5 385.799987792969 377.600006103516 369.899993896484 366.299987792969 363.899993896484 360.299987792969 358.100006103516 358.299987792969 360.799987792969 364.200012207031 368.399993896484 374.899993896484 380 382.200012207031 379.299987792969 368.899993896484 352.100006103516 336.299987792969 329.299987792969 346.600006103516 366.700012207031 375 378.299987792969 378.100006103516 374.899993896484 370.600006103516 368.100006103516 364.600006103516 361.899993896484 360.899993896484 360.399993896484 360.299987792969 358.600006103516 349.100006103516 358.100006103516 360.299987792969 359.799987792969 361.100006103516 360.299987792969 361.100006103516
