data/layers/future_layer_can_126_60/bio3.asc
NCOLS 494 
NROWS 529 
XLLCORNER -117.166666666667 
YLLCORNER -55.5 
CELLSIZE 0.166666666666667 
NODATA_value -3.4e+38 
[rows 200 to 224 of 529, columns 330 to 384 of 494]
70.3000030517578 70.5 71.0999984741211 71 71.1999969482422 71.6999969482422 71.5 71.5999984741211 71.4000015258789 71.4000015258789 70.8000030517578 70.6999969482422 70.0999984741211 69.4000015258789 69.0999984741211 68.8000030517578 68.6999969482422 68.4000015258789 68.4000015258789 68.4000015258789 68.5999984741211 68.6999969482422 69.1999969482422 68.8000030517578 68.6999969482422 69.3000030517578 69.8000030517578 69.5 70.1999969482422 69.9000015258789 70.9000015258789 70.5999984741211 71.6999969482422 71.3000030517578 72.1999969482422 71.6999969482422 72 72.4000015258789 72.8000030517578 73.1999969482422 73.8000030517578 73.6999969482422 73.9000015258789 73.9000015258789 74.4000015258789 75.0999984741211 74.9000015258789 75.0999984741211 74.9000015258789 75.8000030517578 76.3000030517578 76.0999984741211 76.3000030517578 76.1999969482422 77.0999984741211
70.4000015258789 69.5999984741211 70.6999969482422 70.5 70.6999969482422 71.8000030517578 71 71.4000015258789 71.4000015258789 70.5 70.8000030517578 70.0999984741211 69.8000030517578 69.5 69.3000030517578 69.0999984741211 68.8000030517578 68.6999969482422 68.5 68.5 68.5 69 69.3000030517578 69.1999969482422 69.1999969482422 69.0999984741211 69.6999969482422 69.6999969482422 70.4000015258789 70.8000030517578 70.5 70.9000015258789 71.5 71.9000015258789 72.3000030517578 72.3000030517578 72.6999969482422 73 73 73.3000030517578 73.8000030517578 73.9000015258789 74.3000030517578 74.6999969482422 74.5 74.1999969482422 74.3000030517578 74.9000015258789 74.9000015258789 74 74.5999984741211 74.6999969482422 75.5 76 77
68.6999969482422 69.5 70 70.0999984741211 70.6999969482422 71 71 71.3000030517578 70.3000030517578 70.9000015258789 70.5 69.6999969482422 69.5 69.3000030517578 69.1999969482422 68.3000030517578 68.4000015258789 68 68.3000030517578 68.3000030517578 68.5999984741211 68.5999984741211 68.8000030517578 69.1999969482422 69.0999984741211 69.5999984741211 69.4000015258789 69.9000015258789 69.8000030517578 70.6999969482422 70.8000030517578 71.0999984741211 71.8000030517578 72.0999984741211 72.8000030517578 72.5 73.0999984741211 73.6999969482422 73.1999969482422 73.6999969482422 73.6999969482422 73.5999984741211 74.3000030517578 74.0999984741211 74.4000015258789 74.1999969482422 73.8000030517578 74.0999984741211 74.1999969482422 74.1999969482422 74.1999969482422 74.6999969482422 75.5999984741211 76.1999969482422 76.9000015258789
67.4000015258789 68.3000030517578 69.3000030517578 69.5 70.3000030517578 70.3000030517578 71.1999969482422 70.4000015258789 70.9000015258789 70.3000030517578 69.5 68.6999969482422 69.5 69.3000030517578 68.3000030517578 67.6999969482422 68.5 68.4000015258789 68 68.1999969482422 68.1999969482422 68.6999969482422 68.9000015258789 69 69.5 69.5 69.8000030517578 70.1999969482422 70.9000015258789 70.5999984741211 71.0999984741211 71.3000030517578 72 71.8000030517578 73 72.9000015258789 73.0999984741211 73.4000015258789 73.9000015258789 73.1999969482422 73.4000015258789 73.5999984741211 73.3000030517578 73.5 72.9000015258789 72.9000015258789 72.9000015258789 72.9000015258789 73.6999969482422 74.8000030517578 74.6999969482422 75.0999984741211 74.9000015258789 75.5999984741211 76.4000015258789
68 67.4000015258789 68.5 68.0999984741211 69.5 69.9000015258789 70.4000015258789 70.5 70.1999969482422 70.3000030517578 69.6999969482422 69.0999984741211 68.0999984741211 68.0999984741211 67.5999984741211 67.8000030517578 68.0999984741211 67.9000015258789 68 68.5999984741211 68.4000015258789 68.5999984741211 68.6999969482422 69.0999984741211 69.4000015258789 69.3000030517578 69.6999969482422 70.4000015258789 70.6999969482422 70.8000030517578 71.3000030517578 71.5 71.4000015258789 72.1999969482422 72.4000015258789 72.6999969482422 72.8000030517578 73 73.4000015258789 73.6999969482422 73.8000030517578 73.1999969482422 73.0999984741211 72.8000030517578 72.4000015258789 72.3000030517578 72.3000030517578 73.4000015258789 74.9000015258789 75.0999984741211 74.8000030517578 74.6999969482422 74.8000030517578 75.5999984741211 76
68.0999984741211 68.6999969482422 68.9000015258789 68.5 68.8000030517578 69.3000030517578 70.0999984741211 70.1999969482422 70 69.8000030517578 69.6999969482422 69.3000030517578 68.4000015258789 67.3000030517578 66.9000015258789 67.4000015258789 67.4000015258789 68.0999984741211 67.5 67.8000030517578 68.5 68.1999969482422 68.5 68.5999984741211 69.3000030517578 69.9000015258789 70.0999984741211 70.3000030517578 70.4000015258789 70.3000030517578 71.5999984741211 71.6999969482422 71.9000015258789 72 72.1999969482422 72.9000015258789 73.0999984741211 73.4000015258789 73.6999969482422 73.5999984741211 73.4000015258789 73.5999984741211 73.3000030517578 73.0999984741211 72.9000015258789 73 73 73.9000015258789 74.3000030517578 74.9000015258789 74.5 75.0999984741211 75.1999969482422 75.5999984741211 76.1999969482422
67.6999969482422 68.5 68.5 68.8000030517578 68.0999984741211 69.4000015258789 70 69.6999969482422 69.8000030517578 69.5 68.9000015258789 68.5999984741211 68.9000015258789 67.6999969482422 66.5999984741211 66.0999984741211 66.6999969482422 67.3000030517578 67.3000030517578 67.8000030517578 68.1999969482422 68.1999969482422 68.8000030517578 69.0999984741211 69.3000030517578 69.3000030517578 70.3000030517578 70.4000015258789 69.8000030517578 70.5 71 71.5 72.1999969482422 71.9000015258789 73.5 73.5 73.3000030517578 73.0999984741211 74.0999984741211 73.8000030517578 73.8000030517578 73.5 73.0999984741211 73.3000030517578 72.8000030517578 73.5999984741211 74 74.3000030517578 74.6999969482422 74.6999969482422 74.9000015258789 75.5 75.8000030517578 76.0999984741211 76.6999969482422
68 68.1999969482422 68.8000030517578 68.9000015258789 68.4000015258789 68.6999969482422 69.1999969482422 69.6999969482422 70.0999984741211 69.5999984741211 69.0999984741211 68.6999969482422 68.3000030517578 67.6999969482422 67.3000030517578 66.6999969482422 66.5999984741211 67.4000015258789 67.5 67.8000030517578 68 68.5 69 69.0999984741211 69.4000015258789 69.4000015258789 70.1999969482422 70.4000015258789 70.5 70.6999969482422 71 71 71.6999969482422 72 72.8000030517578 73.3000030517578 73 73.1999969482422 73.4000015258789 73.3000030517578 73.3000030517578 73.5 72.5999984741211 72.5 72.8000030517578 73.1999969482422 73.6999969482422 74.1999969482422 74.1999969482422 74.5999984741211 74.5999984741211 74.5999984741211 75.5 76.5999984741211 76.9000015258789
68.0999984741211 68.5 69.0999984741211 69.0999984741211 69.3000030517578 68.9000015258789 68.5 69.5999984741211 69.8000030517578 69.5 69 68 67.9000015258789 67.6999969482422 68 67.6999969482422 67.8000030517578 67.5 67.0999984741211 67.3000030517578 67.4000015258789 68.5999984741211 68.5999984741211 69 69.1999969482422 70 69.5999984741211 70.3000030517578 70.4000015258789 70.1999969482422 71.1999969482422 71.3000030517578 71.3000030517578 72.0999984741211 71.8000030517578 72.1999969482422 72.9000015258789 73.9000015258789 73.5999984741211 73.4000015258789 72.1999969482422 72.5 72.3000030517578 71.6999969482422 72.5999984741211 72.0999984741211 74.3000030517578 74.5999984741211 74 74.0999984741211 75.0999984741211 75.9000015258789 76.5 76.9000015258789 77.4000015258789
68.5999984741211 68.1999969482422 69 68.8000030517578 69.5 69.5 68.1999969482422 69.1999969482422 68.9000015258789 69.0999984741211 68.6999969482422 68.1999969482422 67.9000015258789 67.4000015258789 67.3000030517578 67.1999969482422 67.1999969482422 67.5999984741211 66.6999969482422 67.1999969482422 67.5 68 68.5999984741211 69 68.8000030517578 69.5999984741211 70.0999984741211 70.1999969482422 70.5999984741211 70.5999984741211 70.4000015258789 71.5 70.6999969482422 71.4000015258789 71.5 72.4000015258789 74.1999969482422 74.9000015258789 74.6999969482422 74.4000015258789 73.1999969482422 71.5999984741211 71.4000015258789 71.3000030517578 71.0999984741211 71.6999969482422 73.5999984741211 73 74.1999969482422 75 75.8000030517578 76.5999984741211 77 76.6999969482422 77.5
68.1999969482422 68.4000015258789 68.8000030517578 69.1999969482422 69.0999984741211 69.0999984741211 68.3000030517578 68.5 68.5 68.5999984741211 68.5 67.6999969482422 68.0999984741211 67.3000030517578 67 67.5 67 67.3000030517578 67.0999984741211 67.4000015258789 68.1999969482422 67.8000030517578 68.4000015258789 68 68.8000030517578 69.4000015258789 69.5999984741211 69.4000015258789 69 69.6999969482422 70.5999984741211 70.5 70 70.8000030517578 71.9000015258789 73.3000030517578 74.4000015258789 74.8000030517578 74.5 74.1999969482422 73.0999984741211 72.3000030517578 71 70.5 71 72.5999984741211 73.5999984741211 74.8000030517578 75.3000030517578 76 77.0999984741211 76.6999969482422 77 77.8000030517578 77.5
68 68.5 68.5999984741211 68.9000015258789 69 68.9000015258789 68.5999984741211 68 68 68.5999984741211 68.3000030517578 67.6999969482422 67.6999969482422 67.0999984741211 66.6999969482422 66.9000015258789 67.3000030517578 67.1999969482422 67.1999969482422 67.5 68.4000015258789 68.4000015258789 68.8000030517578 68.6999969482422 68.3000030517578 68.6999969482422 68.5 69.5 69.4000015258789 69.4000015258789 69.4000015258789 69.6999969482422 70.3000030517578 71.1999969482422 72.9000015258789 73.8000030517578 75.0999984741211 75.0999984741211 74.4000015258789 73.8000030517578 73.1999969482422 72.6999969482422 70.8000030517578 71.6999969482422 72.8000030517578 73.5 74.8000030517578 75.5 76.8000030517578 76.3000030517578 77 77.0999984741211 77.1999969482422 77.5999984741211 78.0999984741211
67.5999984741211 68.5 68.3000030517578 68.8000030517578 69.0999984741211 68.8000030517578 68.8000030517578 69.1999969482422 67.9000015258789 67.1999969482422 67.5 67.8000030517578 66.9000015258789 66.5999984741211 66.5 67 67.4000015258789 67.0999984741211 67.3000030517578 67.9000015258789 68.0999984741211 68.6999969482422 68.5999984741211 69 68.8000030517578 68.6999969482422 69.6999969482422 69.9000015258789 69.1999969482422 70.4000015258789 69.6999969482422 70 70.9000015258789 72.1999969482422 73.4000015258789 74.1999969482422 75 74.9000015258789 75.0999984741211 74.1999969482422 73.5999984741211 73.1999969482422 71.4000015258789 72.9000015258789 73.4000015258789 74.5999984741211 75.1999969482422 76.5 76.4000015258789 77.3000030517578 77.0999984741211 77.8000030517578 77.0999984741211 78.0999984741211 78.5999984741211
67.8000030517578 67.6999969482422 68.0999984741211 68.8000030517578 69.1999969482422 68.6999969482422 69.0999984741211 68.9000015258789 68.4000015258789 66.8000030517578 67.0999984741211 67.5 67.3000030517578 66.6999969482422 66.6999969482422 66.9000015258789 66.9000015258789 66.9000015258789 67.1999969482422 67.5999984741211 68.5999984741211 68.8000030517578 68.5 67.8000030517578 68.5999984741211 70.0999984741211 70.5 70.1999969482422 70.5999984741211 70.5999984741211 70.5999984741211 71.3000030517578 71.5999984741211 72.5 73.6999969482422 75 75.0999984741211 75 75.0999984741211 75 74.4000015258789 73.3000030517578 72 73.3000030517578 74.5 74.4000015258789 75.9000015258789 76.4000015258789 76.8000030517578 77.1999969482422 77.3000030517578 77.6999969482422 77.8000030517578 78.6999969482422 78.8000030517578
68.0999984741211 68 67.9000015258789 67.8000030517578 67.9000015258789 68.5999984741211 68.6999969482422 68.6999969482422 68.9000015258789 67.4000015258789 66.1999969482422 66.5 65.4000015258789 65.8000030517578 65.5999984741211 66.0999984741211 66.3000030517578 67.3000030517578 67.3000030517578 67.8000030517578 68.0999984741211 69.1999969482422 68.3000030517578 68 69.5 70.0999984741211 70.1999969482422 70.0999984741211 71.1999969482422 70.9000015258789 71.9000015258789 71.5 72.5 72.8000030517578 73.8000030517578 75.0999984741211 76 76 75.0999984741211 75.0999984741211 74.9000015258789 73.9000015258789 73.3000030517578 74.8000030517578 75.0999984741211 75.6999969482422 76.1999969482422 76.5 76.9000015258789 76.9000015258789 78.1999969482422 77.6999969482422 78.3000030517578 78.4000015258789 79.0999984741211
68 68 68.3000030517578 68.5999984741211 69 69.1999969482422 69 68.1999969482422 67.5 68.3000030517578 67.3000030517578 66.1999969482422 65.6999969482422 65.3000030517578 65.5999984741211 66.0999984741211 65.8000030517578 65.6999969482422 66.0999984741211 66.5999984741211 67.5 67.8000030517578 68.4000015258789 69.5 70.1999969482422 70.0999984741211 70.0999984741211 71.0999984741211 71.5999984741211 71 72 72 72.9000015258789 73.4000015258789 74.0999984741211 75.5 76.3000030517578 76.4000015258789 76.5 75.6999969482422 75.5 74.4000015258789 75 75.5999984741211 75.9000015258789 76 76.4000015258789 76.6999969482422 77.3000030517578 78.1999969482422 77.9000015258789 78.6999969482422 78.3000030517578 79 79.9000015258789
67.6999969482422 67.6999969482422 67.4000015258789 68.0999984741211 68.3000030517578 68.8000030517578 68.8000030517578 68.0999984741211 67.5 67.6999969482422 67.6999969482422 66.5999984741211 66.6999969482422 66.3000030517578 67.3000030517578 67.3000030517578 67 66.8000030517578 66 66.5 68 68.3000030517578 69.0999984741211 70.1999969482422 70.1999969482422 70.1999969482422 70.0999984741211 71.1999969482422 72.0999984741211 72.1999969482422 72.8000030517578 73.4000015258789 73.8000030517578 74.3000030517578 74.9000015258789 76 76.3000030517578 77 76.5999984741211 76.4000015258789 76.3000030517578 74.8000030517578 76.3000030517578 76.3000030517578 76.5999984741211 77 77.1999969482422 77.3000030517578 77.5 78.0999984741211 78.5999984741211 78.4000015258789 79.5 79.1999969482422 79.6999969482422
67.5 67.8000030517578 67.8000030517578 67.5999984741211 67.9000015258789 68.1999969482422 68.8000030517578 68.0999984741211 68.3000030517578 68.3000030517578 68.3000030517578 67.4000015258789 67.1999969482422 67 67 67.5999984741211 66.8000030517578 66.8000030517578 67.1999969482422 67.5 68.4000015258789 69.3000030517578 69.9000015258789 70.0999984741211 70.1999969482422 70.4000015258789 71.4000015258789 71.0999984741211 72 72.5 72.9000015258789 73.3000030517578 74.4000015258789 74.5999984741211 75.8000030517578 75.9000015258789 76.5 77.3000030517578 77 77.4000015258789 77 76.8000030517578 76.8000030517578 76.8000030517578 77.3000030517578 77.3000030517578 77.8000030517578 77.6999969482422 78.4000015258789 78.5 78.4000015258789 79.4000015258789 79.8000030517578 79.3000030517578 79.3000030517578
67.3000030517578 67.4000015258789 67.8000030517578 67.5 67.9000015258789 68.5999984741211 68.6999969482422 69.1999969482422 69.1999969482422 68.6999969482422 68.4000015258789 68.1999969482422 67.9000015258789 67 67.5999984741211 67.5999984741211 67.5 67.4000015258789 66.9000015258789 68 68.6999969482422 69.3000030517578 69.6999969482422 70.0999984741211 70.5999984741211 70.5999984741211 71.5999984741211 71.5 71.4000015258789 72.6999969482422 73.3000030517578 74.4000015258789 74.5999984741211 74.6999969482422 75.3000030517578 76.3000030517578 77.0999984741211 77.5 78.3000030517578 77.4000015258789 77.6999969482422 77.9000015258789 77.8000030517578 77.5 77.5 77.8000030517578 78 77.9000015258789 78.5 78.9000015258789 79.0999984741211 78.9000015258789 80.5 80.5 80.3000030517578
67.5 67.1999969482422 66.9000015258789 68 67.8000030517578 68.8000030517578 69.0999984741211 69.6999969482422 69.5999984741211 69.5999984741211 69.1999969482422 68.3000030517578 68.4000015258789 68 67.8000030517578 68 68.0999984741211 67.5999984741211 67.5999984741211 68.1999969482422 68.3000030517578 69.5 69.9000015258789 70.4000015258789 71.1999969482422 71.3000030517578 72.4000015258789 72 72.5 72.9000015258789 73.9000015258789 73.6999969482422 74.5 75.9000015258789 75.9000015258789 76.9000015258789 76.9000015258789 77.3000030517578 78.9000015258789 77.9000015258789 78.5 78.6999969482422 78.5999984741211 78.6999969482422 78.6999969482422 78.9000015258789 79 78.9000015258789 78.5 79.1999969482422 79.0999984741211 80.0999984741211 80.4000015258789 80.8000030517578 80.5999984741211
67.6999969482422 67.3000030517578 67.9000015258789 67.4000015258789 68.3000030517578 68.6999969482422 69.6999969482422 69.5 70.0999984741211 69.5999984741211 69.1999969482422 69.0999984741211 68.6999969482422 68 68.0999984741211 68.3000030517578 68.1999969482422 68.0999984741211 67.8000030517578 68.0999984741211 68.6999969482422 69.4000015258789 70.3000030517578 70.5 70.5 71 71.5999984741211 72.3000030517578 72.5999984741211 73.3000030517578 73.5999984741211 74.3000030517578 75 75.8000030517578 76.3000030517578 77 77.0999984741211 77.5999984741211 77.6999969482422 78.9000015258789 79 79.1999969482422 78.9000015258789 78.8000030517578 78.5 79.3000030517578 78.8000030517578 79.3000030517578 79.5999984741211 78.8000030517578 79.5 80.4000015258789 80.0999984741211 80.0999984741211 80.9000015258789
67.4000015258789 67.1999969482422 67.5999984741211 68.0999984741211 69.0999984741211 69.3000030517578 69.5 70 70.0999984741211 69.6999969482422 69.5 68.8000030517578 69.1999969482422 68.5999984741211 68.5 68.5 68.1999969482422 68.0999984741211 68.0999984741211 68.9000015258789 69.0999984741211 69.0999984741211 69.5 70.4000015258789 70.5999984741211 71.3000030517578 71.5 72.1999969482422 72.4000015258789 72.8000030517578 73.9000015258789 74.5 74.6999969482422 75.8000030517578 75.6999969482422 76.5999984741211 76.6999969482422 77.5 78 78.9000015258789 79.4000015258789 79.0999984741211 78.3000030517578 78.4000015258789 78.8000030517578 78.9000015258789 79.0999984741211 79.5 79.1999969482422 79.5 80.0999984741211 80.3000030517578 80.9000015258789 80.9000015258789 81.3000030517578
67.3000030517578 67.9000015258789 68.8000030517578 69.3000030517578 70.0999984741211 69.8000030517578 70.0999984741211 70.5999984741211 70 70 70.4000015258789 69.6999969482422 69.0999984741211 69.0999984741211 69 69 69.3000030517578 68.4000015258789 69.0999984741211 69.5 69 69.0999984741211 70.0999984741211 70 70.5999984741211 70.5999984741211 71.3000030517578 71.9000015258789 72.0999984741211 72.8000030517578 74 74.0999984741211 74.5 75.5 75.6999969482422 76.3000030517578 77.1999969482422 77.3000030517578 78.5999984741211 79 78.6999969482422 78.5999984741211 79.0999984741211 78.6999969482422 79.1999969482422 79.1999969482422 79.1999969482422 79.5999984741211 80.5 80.3000030517578 80.3000030517578 80.8000030517578 81 80.6999969482422 81.0999984741211
68.4000015258789 69.0999984741211 69.3000030517578 69.0999984741211 69.5 69.6999969482422 69.8000030517578 70.1999969482422 70.3000030517578 70.6999969482422 70.5999984741211 70.5 70.3000030517578 69.6999969482422 69.5999984741211 70.0999984741211 69.5 69.3000030517578 69 69.1999969482422 69.1999969482422 69.9000015258789 69.5 70.1999969482422 70.3000030517578 71 71.6999969482422 72.1999969482422 72.0999984741211 72.6999969482422 73.5 74.4000015258789 74.5 75.0999984741211 76.5 76.6999969482422 76.9000015258789 77.5 78.3000030517578 79.0999984741211 78.5999984741211 79 79.4000015258789 79.1999969482422 79.0999984741211 78.9000015258789 79.3000030517578 79.6999969482422 80.1999969482422 80.1999969482422 80.5 80.9000015258789 81.5999984741211 81.1999969482422 81.0999984741211
69.0999984741211 69.5999984741211 69.6999969482422 69.5 70.0999984741211 69.5999984741211 70.1999969482422 70.5 71.1999969482422 70.5 71 70.6999969482422 70.5 70.5 70.5 69.5 69.5 69.4000015258789 69.0999984741211 69.4000015258789 69 69.4000015258789 69.6999969482422 70.4000015258789 70.8000030517578 71.1999969482422 71.8000030517578 71.8000030517578 72.4000015258789 73.1999969482422 73.4000015258789 74.3000030517578 74.8000030517578 74.6999969482422 75.6999969482422 76.6999969482422 77.3000030517578 77.5 77.6999969482422 78.1999969482422 79.1999969482422 79.0999984741211 79.4000015258789 79.0999984741211 79.3000030517578 79 79.1999969482422 79.5999984741211 80.3000030517578 80.5 80.5999984741211 80.9000015258789 80.8000030517578 80.6999969482422 80.0999984741211
