data/layers/future_layer_can_126_60/bio3.asc
NCOLS 494 
NROWS 529 
XLLCORNER -117.166666666667 
YLLCORNER -55.5 
CELLSIZE 0.166666666666667 
NODATA_value -3.4e+38 
[rows 325 to 349 of 529, columns 330 to 384 of 494]
53.0999984741211 53.2999992370605 53.7000007629395 54 54.5 55 55.4000015258789 55.2000007629395 55.5999984741211 55.7999992370605 55.9000015258789 56.2999992370605 56.4000015258789 56.5999984741211 57.0999984741211 56.9000015258789 56.7999992370605 56.9000015258789 56.7999992370605 56.7000007629395 56.5999984741211 57.0999984741211 57.2999992370605 57.5 57.5999984741211 57.7000007629395 58.0999984741211 58.4000015258789 58.7999992370605 58.7999992370605 59 59.7000007629395 59.7999992370605 59.7999992370605 60 60.2000007629395 60.7000007629395 60.5 60.5999984741211 60.7999992370605 60.7999992370605 60.4000015258789 60.4000015258789 61 60.7000007629395 60.7999992370605 60.9000015258789 61.5 61.7000007629395 62.0999984741211 62.2000007629395 62.7999992370605 62.7000007629395 62.5 62.5999984741211
52.7999992370605 52.9000015258789 53.5 54.2000007629395 54.4000015258789 54.9000015258789 55.0999984741211 55.4000015258789 55.5999984741211 55.7999992370605 56.4000015258789 56.4000015258789 56.4000015258789 56.5999984741211 56.5999984741211 56.7000007629395 56.9000015258789 56.4000015258789 56.7000007629395 56.7000007629395 56.7999992370605 56.7999992370605 57.2000007629395 57.4000015258789 57.2000007629395 57.5 58 58.0999984741211 58.7000007629395 58.7999992370605 59.0999984741211 59.7999992370605 59.7999992370605 59.7000007629395 59.5999984741211 60 60.2999992370605 60.4000015258789 60.5999984741211 60.5 60.2999992370605 60.0999984741211 60 60.2000007629395 60.0999984741211 60.2999992370605 60.2000007629395 60.7000007629395 61.4000015258789 61.7999992370605 62.4000015258789 62.5 62.5999984741211 62.7999992370605 62.9000015258789
52.7000007629395 52.9000015258789 53.5999984741211 54.2000007629395 54.7000007629395 54.9000015258789 55 55.0999984741211 55.5 55.5999984741211 55.7999992370605 56.5 56.5999984741211 56.5 56.5999984741211 56.5999984741211 56.4000015258789 56.5999984741211 56.7000007629395 56.7999992370605 57 56.9000015258789 57 57 57.0999984741211 57.2000007629395 57.7000007629395 57.7999992370605 58.4000015258789 58.5 59.0999984741211 59.5 59.5999984741211 59.5999984741211 59.7000007629395 59.5999984741211 59.7999992370605 60.5 60.5 60.2000007629395 59.7999992370605 59.4000015258789 59.5 59.4000015258789 59.2999992370605 59.9000015258789 60.2999992370605 60.5 60.9000015258789 61.5999984741211 62 62.4000015258789 62.5 62.7999992370605 63
52.5999984741211 53 53.5 54.2000007629395 54.7999992370605 55 55.0999984741211 55.0999984741211 55.4000015258789 55.5999984741211 55.7999992370605 56.2000007629395 56.4000015258789 56.5999984741211 56.5 56.7000007629395 56.7000007629395 56.7999992370605 56.7000007629395 56.5999984741211 56.7999992370605 56.4000015258789 56.7000007629395 56.7999992370605 57 57 57.5999984741211 57.7000007629395 57.7999992370605 58.5999984741211 59.0999984741211 59 59 59.2000007629395 59.2000007629395 59.5999984741211 60 60.2000007629395 60.2000007629395 59.4000015258789 59.5 58.7000007629395 58.9000015258789 58.7999992370605 58.9000015258789 59.2999992370605 60 60.5999984741211 61.5 62.2000007629395 62.0999984741211 62.7000007629395 63.0999984741211 63 62.7999992370605
52.2999992370605 53 53.7000007629395 54.2999992370605 54.7999992370605 55.2000007629395 55.0999984741211 55 55.5999984741211 55.5999984741211 55.7000007629395 55.7000007629395 56 56.0999984741211 56.2999992370605 56.2999992370605 56.5 56.2000007629395 56.2999992370605 56.4000015258789 56.2999992370605 56.5 56.7000007629395 56.4000015258789 56.7999992370605 56.9000015258789 57 57.2999992370605 57.7000007629395 58.2999992370605 58.5 58.5999984741211 58.7000007629395 58.7999992370605 59 59 59.2999992370605 59.5999984741211 59.7000007629395 59.5999984741211 59 58.4000015258789 58.0999984741211 58.2999992370605 59.0999984741211 59.0999984741211 59.5999984741211 60.5999984741211 61.5 62.2000007629395 62.2000007629395 62.5 62.9000015258789 63 63.0999984741211
51.5999984741211 52.5 53.5999984741211 54.7000007629395 54.7000007629395 54.7999992370605 54.7000007629395 55 54.9000015258789 55.2999992370605 55.4000015258789 55.7999992370605 55.7000007629395 55.9000015258789 55.7999992370605 56.2000007629395 56.2999992370605 56.2999992370605 56.0999984741211 56.2000007629395 56.5999984741211 56.4000015258789 56.5 56.7000007629395 56.9000015258789 57 57.2999992370605 57.2999992370605 57.9000015258789 58.2999992370605 58.4000015258789 58.5999984741211 58.7999992370605 58.7999992370605 59.2000007629395 59 59.2999992370605 59.5 59.5 59.2999992370605 59 58.7999992370605 58.0999984741211 58 59.0999984741211 59.4000015258789 59.5 60.2999992370605 61 62 62.5 62.4000015258789 62.7000007629395 62.7999992370605 62.7000007629395
51.0999984741211 51.9000015258789 53.0999984741211 54.2999992370605 54.2999992370605 54.2000007629395 54.4000015258789 54.7000007629395 54.7999992370605 54.9000015258789 55.2000007629395 55.2000007629395 55.4000015258789 55.5 55.5999984741211 55.9000015258789 56.0999984741211 55.9000015258789 56 56.5 56.5 56.7999992370605 56.7000007629395 57.0999984741211 56.7999992370605 56.9000015258789 57.0999984741211 57.5 58 58.2999992370605 58.2000007629395 58.5 58.7000007629395 58.5 58.7999992370605 58.9000015258789 58.7999992370605 58.9000015258789 59 58.7999992370605 58.7000007629395 58.7999992370605 58.2999992370605 58.2999992370605 58.5999984741211 58.7999992370605 59.5 60.2999992370605 60.7999992370605 61.5 62.5 62.4000015258789 62.5 62.5999984741211 62.5
50.9000015258789 51.5 52.4000015258789 52.7000007629395 53 53.4000015258789 53.7999992370605 54 54.2999992370605 54.4000015258789 54.5 55 54.9000015258789 55.0999984741211 55.5 55.5999984741211 55.7999992370605 55.9000015258789 56.0999984741211 56.0999984741211 56.4000015258789 56.5999984741211 56.5999984741211 56.7000007629395 56.7000007629395 56.7000007629395 57.2000007629395 57.7000007629395 58 58.0999984741211 58.5 58.4000015258789 58.5999984741211 58.5999984741211 58.4000015258789 58.5 58.5 58.4000015258789 58.5999984741211 58.4000015258789 59 58.5 58.5 58.7999992370605 58.7000007629395 58.7000007629395 59.0999984741211 60 61.0999984741211 61.5 62.0999984741211 62.2999992370605 62.5 63 63.7000007629395
50.7000007629395 50.9000015258789 51.7999992370605 52.2000007629395 52.5 52.7000007629395 53.0999984741211 53.5999984741211 53.7000007629395 53.9000015258789 53.9000015258789 54.2999992370605 54.4000015258789 54.7999992370605 55.2999992370605 55.4000015258789 55.4000015258789 55.7999992370605 56.2000007629395 56.2000007629395 56.5 56.5999984741211 56.5999984741211 56.5999984741211 56.5 56.7999992370605 56.7999992370605 57.2999992370605 57.7000007629395 57.7999992370605 58.2999992370605 58.4000015258789 58.5 58.5 58.4000015258789 58.4000015258789 58.2999992370605 58.0999984741211 57.9000015258789 58.7999992370605 59 58.2999992370605 58 58 58.2000007629395 58.5 59.5 60.0999984741211 60.5999984741211 61.7999992370605 62 62.0999984741211 63.2000007629395 64.0999984741211 64.1999969482422
50.2999992370605 50.7000007629395 51.2000007629395 51.7999992370605 52.0999984741211 52.4000015258789 52.5 52.9000015258789 53.0999984741211 53.2999992370605 53.7999992370605 53.9000015258789 54.4000015258789 54.7000007629395 55 55.2000007629395 55.2000007629395 55.4000015258789 55.7999992370605 56.0999984741211 56.2999992370605 56.2000007629395 56.7000007629395 56.7999992370605 56.5 56.5999984741211 56.5 56.5 57 57.7000007629395 58.0999984741211 58.4000015258789 58.2999992370605 58.5 58.5999984741211 58.2000007629395 57.7000007629395 57.7999992370605 57.5999984741211 58.5999984741211 57.9000015258789 57.9000015258789 58 57.9000015258789 58.0999984741211 58.4000015258789 58.9000015258789 59.4000015258789 60.2000007629395 61.0999984741211 61.2999992370605 62 63.4000015258789 63.7999992370605 63.9000015258789
50.2999992370605 50.2999992370605 51 51.4000015258789 51.7000007629395 51.7999992370605 52.0999984741211 52.5 52.5999984741211 52.9000015258789 52.9000015258789 53.2999992370605 54.2000007629395 54.2999992370605 54.5999984741211 55.2000007629395 55.2000007629395 55.5 55.7000007629395 56 56.0999984741211 56.4000015258789 56.4000015258789 56.5 56.4000015258789 56.4000015258789 56.4000015258789 56.2000007629395 56.7000007629395 57.0999984741211 57.7000007629395 57.9000015258789 58.2999992370605 58.2000007629395 58 57.5999984741211 58 57.5999984741211 57.5 58.0999984741211 57.9000015258789 57.9000015258789 57.7000007629395 58 58.0999984741211 58.2999992370605 58.9000015258789 59.2999992370605 60.2000007629395 60.5 60.5999984741211 61.7999992370605 62.4000015258789 63.2999992370605 63.5
50 50.4000015258789 50.5999984741211 50.7000007629395 51.4000015258789 51.7000007629395 51.9000015258789 51.7999992370605 51.7999992370605 52.2000007629395 52.4000015258789 53 53.7000007629395 53.7999992370605 54.2999992370605 54.7000007629395 55.0999984741211 55.4000015258789 55.7000007629395 56.0999984741211 56.2999992370605 56.5 56.5999984741211 56.2999992370605 56.5999984741211 56.0999984741211 55.9000015258789 55.7999992370605 55.7999992370605 56.5 57.0999984741211 57.2999992370605 57.5999984741211 57.5999984741211 57.5 57.4000015258789 57.2999992370605 56.7999992370605 57.5 57.9000015258789 58 57.2999992370605 57.4000015258789 57.5 58.0999984741211 58.2999992370605 58.5999984741211 59.2999992370605 59.7999992370605 59.5999984741211 60.7999992370605 61.9000015258789 62.4000015258789 62.7000007629395 63.5999984741211
50.0999984741211 50.0999984741211 50.4000015258789 50.5999984741211 50.5 51.2999992370605 51.5999984741211 51.5 51.7999992370605 52 52.2000007629395 52.5999984741211 53 53.5999984741211 54.0999984741211 54.2999992370605 54.7000007629395 55.2000007629395 55.4000015258789 55.7999992370605 56.0999984741211 56.2000007629395 56.2000007629395 56.4000015258789 56.0999984741211 55.9000015258789 55.7999992370605 55.5999984741211 55.5999984741211 56.2000007629395 56.7000007629395 57 57.2000007629395 57.2999992370605 57.7000007629395 57.5999984741211 57.2000007629395 56.7999992370605 57 57.7000007629395 57.2999992370605 57.4000015258789 57.0999984741211 57.2999992370605 57.5999984741211 57.9000015258789 58.5999984741211 59 59.0999984741211 59.4000015258789 60.9000015258789 61.4000015258789 62.2999992370605 62.7999992370605 62.7000007629395
50.0999984741211 50 50.4000015258789 50.5999984741211 50.5999984741211 50.2000007629395 50.7000007629395 51.4000015258789 51.7000007629395 52 51.9000015258789 52.5999984741211 52.9000015258789 53.7000007629395 53.7999992370605 54.4000015258789 54.5 54.5999984741211 54.9000015258789 55.0999984741211 55.2999992370605 55.4000015258789 55.5999984741211 56 55.7999992370605 55.5999984741211 55.7999992370605 55.2000007629395 55.5 55.7999992370605 55.7999992370605 56.4000015258789 56.5 56.5999984741211 56.9000015258789 57.0999984741211 56.7000007629395 56.5999984741211 57.0999984741211 57.0999984741211 57.2000007629395 57.0999984741211 56.9000015258789 57.0999984741211 57.2999992370605 57.4000015258789 57.9000015258789 58.5 58.2999992370605 59.4000015258789 60.5999984741211 61.2000007629395 61.7000007629395 62.4000015258789 61.7999992370605
50.0999984741211 50.2000007629395 50.4000015258789 50.5 50.7999992370605 50.7000007629395 50.7000007629395 50.5999984741211 51.5999984741211 51.7999992370605 52 52.2999992370605 52.5999984741211 52.7999992370605 53.7999992370605 54.4000015258789 54.4000015258789 54.5 54.5 54.5 54.7000007629395 54.7999992370605 55.2000007629395 55.0999984741211 55.0999984741211 55 55 55.0999984741211 55.2000007629395 55.2000007629395 55.7000007629395 55.7000007629395 55.7999992370605 55.9000015258789 56 56.4000015258789 56.4000015258789 56.5 56.5 56.5999984741211 56.5999984741211 57.2000007629395 57 57.5 57.4000015258789 57.2999992370605 57.7000007629395 57.5 57.2999992370605 59.2000007629395 60.0999984741211 60.7000007629395 61.0999984741211 61.2999992370605 61.0999984741211
49.9000015258789 49.7999992370605 50.0999984741211 50.5 50.5999984741211 50.5999984741211 50.9000015258789 50.9000015258789 51 51.2999992370605 51.9000015258789 52.0999984741211 52.5 52.5999984741211 52.7000007629395 53.4000015258789 53.5999984741211 53.7000007629395 53.9000015258789 53.9000015258789 54.0999984741211 54.4000015258789 54.5999984741211 55 54.9000015258789 55 54.7999992370605 54.7000007629395 54.7000007629395 54.5999984741211 54.7000007629395 54.7000007629395 55.0999984741211 55.2999992370605 55.5999984741211 56.0999984741211 56 56.4000015258789 56 55.7999992370605 55.7999992370605 57 57.2999992370605 57.7000007629395 58 57.7000007629395 57.0999984741211 57.0999984741211 58.2000007629395 59.0999984741211 59.7000007629395 60.2999992370605 60.7999992370605 60.7000007629395 61.0999984741211
49.2999992370605 49.5 49.5999984741211 50 50.2000007629395 50.5 50.9000015258789 50.9000015258789 51.2000007629395 51.0999984741211 51.2000007629395 51.9000015258789 52.0999984741211 52.2999992370605 52.5999984741211 52.7000007629395 53.0999984741211 53.0999984741211 53.2999992370605 53.4000015258789 53.4000015258789 53.7999992370605 53.7000007629395 54 54 54.0999984741211 54.2000007629395 54 54 53.7999992370605 53.7000007629395 54 54.7999992370605 55.4000015258789 55.5 55.7999992370605 56.0999984741211 56.2999992370605 56 55.7000007629395 55.7999992370605 56 56.5999984741211 58.4000015258789 58 58.0999984741211 57.5 58.2000007629395 59.5 60.0999984741211 59.9000015258789 60.0999984741211 60 60.0999984741211 61.2000007629395
49.2999992370605 49.2999992370605 49.5999984741211 49.7000007629395 50 50.2999992370605 50.7000007629395 51.0999984741211 51.2000007629395 51.5 51.4000015258789 51.2999992370605 51.7999992370605 51.9000015258789 52.0999984741211 52.2999992370605 52.5999984741211 52.5 52.4000015258789 52.5 52.7999992370605 53.2999992370605 53.2000007629395 53.2999992370605 53.5999984741211 53.7000007629395 53.4000015258789 53.2999992370605 53.2999992370605 52.9000015258789 52.5999984741211 53.2999992370605 54.0999984741211 54.9000015258789 55.0999984741211 55.9000015258789 55.9000015258789 55.7999992370605 55.9000015258789 56.0999984741211 56.0999984741211 56 56.7000007629395 58 57.7999992370605 57.7999992370605 57.5 57.5999984741211 59.0999984741211 60.2000007629395 60.2999992370605 59.9000015258789 59.5999984741211 59.4000015258789 60.5999984741211
49.2999992370605 49.2999992370605 49.4000015258789 49.7999992370605 50 50.0999984741211 50.4000015258789 50.5 51.2000007629395 51.2999992370605 51.5 51.4000015258789 51.5999984741211 51.7000007629395 52 52.0999984741211 52.2000007629395 52.2000007629395 52 51.9000015258789 52.4000015258789 52.5999984741211 52.7999992370605 52.7000007629395 52.7999992370605 53 52.7999992370605 52.7000007629395 52.9000015258789 52.5 52.2999992370605 52.7000007629395 53.9000015258789 54.7999992370605 55.2000007629395 55.9000015258789 55.7000007629395 55.7000007629395 55.7000007629395 56.2999992370605 56.2000007629395 56.5999984741211 56.7999992370605 57.4000015258789 57.7000007629395 57.4000015258789 57.0999984741211 57.9000015258789 59.4000015258789 60.2000007629395 60.9000015258789 61 60.5 59.4000015258789 59.0999984741211
49.2000007629395 49 49.2999992370605 49.5999984741211 49.7000007629395 50 50.2000007629395 50.5 51 51.2999992370605 51.5 51.4000015258789 51.7000007629395 51.5999984741211 51.7000007629395 52.2000007629395 51.9000015258789 51.9000015258789 51.7000007629395 51.4000015258789 51.7000007629395 52.0999984741211 52.4000015258789 52.2000007629395 52.2999992370605 52.7000007629395 52.2999992370605 52.5999984741211 52.4000015258789 52.4000015258789 52.2000007629395 52.5999984741211 53.5999984741211 54.2999992370605 55 55.2999992370605 55.4000015258789 55.5 55.5999984741211 56.0999984741211 56.5 56.5999984741211 57.0999984741211 57.9000015258789 57.9000015258789 57.7999992370605 55.7000007629395 57.7000007629395 58.2999992370605 59.5999984741211 61.2000007629395 61.5 60.7999992370605 60 59
48.7999992370605 48.7000007629395 49 49.4000015258789 49.7000007629395 50.2000007629395 50.2999992370605 50.4000015258789 51 51.0999984741211 51.2000007629395 51.4000015258789 51.2999992370605 51.4000015258789 51.5 51.7000007629395 51.7000007629395 51.7999992370605 51.5 51.5999984741211 51.7999992370605 51.7000007629395 51.7999992370605 51.7000007629395 51.7999992370605 52.2999992370605 52.2999992370605 52.2999992370605 52.4000015258789 52.2000007629395 52.7999992370605 52.4000015258789 53.2000007629395 54 54.5 55.2000007629395 55.2000007629395 55.7999992370605 55.9000015258789 56.2999992370605 56.2999992370605 56.2999992370605 57 57.7999992370605 57.7000007629395 57 56 57.9000015258789 57.9000015258789 59.7999992370605 60.7999992370605 61.2000007629395 60.2999992370605 60.2999992370605 60
48.7999992370605 48.5999984741211 49 49.2999992370605 49.4000015258789 49.9000015258789 50.4000015258789 50.5999984741211 50.7999992370605 51.0999984741211 51.2000007629395 51.2999992370605 51.2999992370605 51.4000015258789 51.4000015258789 51.4000015258789 51.2999992370605 51.2999992370605 51.2999992370605 51.7999992370605 51.7999992370605 51.7999992370605 51.5999984741211 51.5 51.4000015258789 51.7999992370605 52 52.0999984741211 52 52.2000007629395 52.5999984741211 52.7000007629395 53.2999992370605 53.7000007629395 54.0999984741211 54.7000007629395 54.9000015258789 55.4000015258789 56 56 55.7000007629395 56.0999984741211 56.5 57.4000015258789 57.5 57 56.0999984741211 57.7999992370605 57.7000007629395 59.5999984741211 59.7000007629395 60.2999992370605 59.5999984741211 60.2000007629395 60.7000007629395
48.5999984741211 48.7999992370605 49.0999984741211 49.2999992370605 49.7000007629395 49.7999992370605 50.0999984741211 50.5999984741211 50.7000007629395 51.0999984741211 51 51.4000015258789 51.4000015258789 51.4000015258789 51.5 51.5999984741211 51.2999992370605 51 51.2000007629395 51.5 51.4000015258789 51.0999984741211 51.2000007629395 51.2999992370605 51.4000015258789 51.7000007629395 51.7000007629395 51.4000015258789 51.7000007629395 52.0999984741211 52.5999984741211 52.5999984741211 53.0999984741211 53.4000015258789 53.7999992370605 54.4000015258789 54.5 55 55.2000007629395 55.4000015258789 55.9000015258789 54.7999992370605 55.9000015258789 57 57.4000015258789 56.7000007629395 55.5 57.2999992370605 58.0999984741211 58.0999984741211 57.5 58.7000007629395 58.7000007629395 59.5999984741211 59.7000007629395
48.9000015258789 48.9000015258789 48.9000015258789 49.0999984741211 49.5 50 50.2000007629395 50.5 50.9000015258789 51.2000007629395 51.0999984741211 51 51 51.4000015258789 51.4000015258789 51.5 51.4000015258789 51 50.9000015258789 51.0999984741211 51.0999984741211 50.9000015258789 50.9000015258789 51.2999992370605 51.2000007629395 51.2999992370605 51.5 51.2999992370605 51.9000015258789 52 52.5 52.7000007629395 52.7999992370605 53.0999984741211 53.5999984741211 53.7999992370605 54.4000015258789 54.7999992370605 55.2000007629395 55.5 55 55.5 55.5999984741211 56.4000015258789 56.7000007629395 55.5999984741211 56.7999992370605 57.7000007629395 57.4000015258789 57.0999984741211 56.2999992370605 57.7999992370605 57.7000007629395 58.2999992370605 58.9000015258789
48.9000015258789 48.9000015258789 48.9000015258789 49.2000007629395 49.5999984741211 50 50.2999992370605 50.7000007629395 50.7999992370605 51.2999992370605 51.2999992370605 51.2999992370605 51.2999992370605 51.4000015258789 51.5 51.2999992370605 51 51 51 50.9000015258789 50.4000015258789 50.7999992370605 50.5999984741211 50.9000015258789 51.2999992370605 51.5 51.5 51.2999992370605 52 52.0999984741211 52.5 52.5 52.9000015258789 52.9000015258789 53.4000015258789 53.7000007629395 53.9000015258789 54.4000015258789 54.7999992370605 55.2999992370605 55.2000007629395 55.5 56 56.5999984741211 56.7000007629395 56 56.0999984741211 55.2999992370605 55 55.7999992370605 56.4000015258789 57.0999984741211 57.2999992370605 58 58.4000015258789
