data/layers/future_layer_can_126_60/bio3.asc
NCOLS 494 
NROWS 529 
XLLCORNER -117.166666666667 
YLLCORNER -55.5 
CELLSIZE 0.166666666666667 
NODATA_value -3.4e+38 
[rows 300 to 324 of 529, columns 385 to 439 of 494]
63.5999984741211 63.2000007629395 63.5999984741211 63.4000015258789 63.5999984741211 63.7000007629395 64.0999984741211 64.3000030517578 64.0999984741211 64.3000030517578 64.8000030517578 65 65 65 64.5999984741211 64.5999984741211 64.4000015258789 64.6999969482422 64.8000030517578 65 65.3000030517578 65.1999969482422 65 65.4000015258789 65.0999984741211 65.5999984741211 65.0999984741211 64.6999969482422 65.0999984741211 65.6999969482422 65.3000030517578 65.4000015258789 65.1999969482422 65 65.1999969482422 64.8000030517578 64.5999984741211 65.0999984741211 65.5 66.0999984741211 66.5 66.5999984741211 66.6999969482422 66.5 65.9000015258789 65.8000030517578 65.4000015258789 64.5 64.1999969482422 64.3000030517578 64.5 64.9000015258789 65.0999984741211 64.9000015258789 65.6999969482422
63.5 63.2000007629395 63.2000007629395 63.4000015258789 63.5999984741211 63.7000007629395 63.7999992370605 64.3000030517578 64.3000030517578 64.4000015258789 64.8000030517578 64.9000015258789 65.3000030517578 64.9000015258789 64.8000030517578 64.8000030517578 64.6999969482422 64.5999984741211 65 65.1999969482422 65.0999984741211 64.9000015258789 65 65 65.0999984741211 65 65.0999984741211 64.6999969482422 65.4000015258789 65.5 65.3000030517578 65.0999984741211 65 65.3000030517578 65 64.9000015258789 64.6999969482422 65.1999969482422 65.5999984741211 66.4000015258789 66.9000015258789 67.0999984741211 67.0999984741211 66.6999969482422 66.4000015258789 65.9000015258789 65.4000015258789 64.3000030517578 64 64.5 64.3000030517578 64.8000030517578 64.9000015258789 64.5999984741211 65.0999984741211
63.2000007629395 63.2000007629395 63.2000007629395 63.2000007629395 63.5999984741211 63.5 63.9000015258789 64.3000030517578 64.5 65 65.0999984741211 65.4000015258789 65.1999969482422 64.8000030517578 64.6999969482422 64.8000030517578 64.5999984741211 64.5 64.9000015258789 65.0999984741211 65.1999969482422 65.0999984741211 65.1999969482422 65.3000030517578 65.1999969482422 65 64.9000015258789 64.9000015258789 65.5 65.1999969482422 65.3000030517578 65.0999984741211 64.9000015258789 64.9000015258789 64.9000015258789 64.5999984741211 65.1999969482422 65.3000030517578 65.8000030517578 66.5 67.5 68.1999969482422 67.1999969482422 66.8000030517578 66 65.8000030517578 65.3000030517578 64.4000015258789 63.9000015258789 64.4000015258789 63.9000015258789 64.5 64.3000030517578 64.5999984741211 64.9000015258789
63.5 63.5999984741211 63.5 63.2999992370605 63.7000007629395 63.0999984741211 63.2999992370605 64 64.5999984741211 65 65.0999984741211 65.5 65 65.1999969482422 64.9000015258789 64.6999969482422 65.0999984741211 65.1999969482422 65.1999969482422 65.1999969482422 65.4000015258789 64.6999969482422 65.5 64.9000015258789 64.6999969482422 64.6999969482422 64.8000030517578 65 65 64.5999984741211 64.9000015258789 64.8000030517578 64.6999969482422 64.6999969482422 64.8000030517578 64.8000030517578 64.9000015258789 65.1999969482422 66.0999984741211 66.5999984741211 67 67.5 66.9000015258789 66.1999969482422 65.9000015258789 65.5 64.5999984741211 64.3000030517578 64.4000015258789 64 64.0999984741211 64.5999984741211 64.4000015258789 64.0999984741211 64.4000015258789
63.2999992370605 63.5999984741211 63.9000015258789 64 63.7999992370605 63.5999984741211 64 64.5 64.6999969482422 65.0999984741211 65.1999969482422 65.4000015258789 65.5 65.5 65.0999984741211 64.8000030517578 64.8000030517578 65 64.8000030517578 65 65 65 64.6999969482422 64.6999969482422 64.5 64.5999984741211 64.4000015258789 64.8000030517578 64.6999969482422 64.9000015258789 64.5999984741211 64.1999969482422 63.7999992370605 64 64.4000015258789 64.5 64.6999969482422 65 65.5999984741211 66.4000015258789 66.1999969482422 66.5 66.5 65.8000030517578 65.8000030517578 65.0999984741211 64.1999969482422 64.0999984741211 64.0999984741211 64.3000030517578 64 64.0999984741211 63.9000015258789 64.0999984741211 64.0999984741211
63.5 63.7000007629395 63.5 64 64 64.1999969482422 64.3000030517578 64.8000030517578 65 65.0999984741211 65.3000030517578 65.3000030517578 65.0999984741211 65.0999984741211 65.3000030517578 65 65.1999969482422 65.1999969482422 65.3000030517578 65.0999984741211 65 64.8000030517578 64.5 64.5999984741211 63.5999984741211 64.0999984741211 64 64.1999969482422 64.3000030517578 64.1999969482422 64.3000030517578 63.7000007629395 63.5 63.7000007629395 64.0999984741211 64 64 65 65.6999969482422 65.5999984741211 66 65.9000015258789 65.6999969482422 65.0999984741211 65.1999969482422 64.1999969482422 63.9000015258789 64.1999969482422 63.9000015258789 64.1999969482422 63.9000015258789 64 63.9000015258789 64 64.3000030517578
63.2999992370605 63.2000007629395 63.4000015258789 64.0999984741211 64.0999984741211 64.0999984741211 64.3000030517578 64.5999984741211 64.5 65 65 65.1999969482422 65.3000030517578 65.0999984741211 64.9000015258789 65.1999969482422 64.5999984741211 64.5 65 65 64.5999984741211 64.5999984741211 64.1999969482422 64 63.9000015258789 64.0999984741211 63.4000015258789 64.3000030517578 64.1999969482422 64 63.5 62.9000015258789 62.9000015258789 63.2999992370605 63.5 63.7999992370605 63.9000015258789 64.0999984741211 64.5999984741211 65.5 65.1999969482422 65.1999969482422 64.9000015258789 64.4000015258789 64.6999969482422 64 63.7000007629395 63.9000015258789 63.7999992370605 63.9000015258789 63.9000015258789 63.9000015258789 63.7999992370605 64 64.0999984741211
63.2000007629395 63.2000007629395 63.7000007629395 64.0999984741211 64.4000015258789 64.3000030517578 64.5999984741211 64.9000015258789 65 64.8000030517578 65.0999984741211 65.1999969482422 65.1999969482422 65.1999969482422 65.1999969482422 64.9000015258789 64.3000030517578 64.5 64.6999969482422 64.6999969482422 64.3000030517578 64.3000030517578 64 63.9000015258789 64.0999984741211 64.4000015258789 64.1999969482422 64.5 65 64.6999969482422 63.9000015258789 63.4000015258789 62.7000007629395 62.7999992370605 62.9000015258789 63.4000015258789 64 63.7999992370605 64.4000015258789 64.6999969482422 64.9000015258789 64.5999984741211 64.3000030517578 64.5 64.4000015258789 63.5 63.4000015258789 63.4000015258789 63.2000007629395 63.7000007629395 63.7999992370605 63.9000015258789 64 63.7999992370605 63.7999992370605
63.5999984741211 63.5999984741211 64 64.1999969482422 64.3000030517578 64.5 64.1999969482422 64.4000015258789 64.6999969482422 64.6999969482422 64.8000030517578 65 65.1999969482422 65 64.6999969482422 64.5 64.5999984741211 64.4000015258789 64.4000015258789 64.3000030517578 64.5 64.4000015258789 63.7000007629395 63.7000007629395 63.7000007629395 64.1999969482422 64.5999984741211 64.5999984741211 64.5999984741211 65 64.5 63.7999992370605 63 62.7999992370605 62.7999992370605 62.9000015258789 63.2999992370605 63.4000015258789 63.7999992370605 64.1999969482422 64.5 64.0999984741211 63.7999992370605 63.7000007629395 63.5999984741211 63.2000007629395 62.7999992370605 62.4000015258789 63.0999984741211 63.5 63.5999984741211 64 64.3000030517578 64.1999969482422 64.1999969482422
63.7999992370605 63.9000015258789 64 64 64.4000015258789 64 64.0999984741211 64.3000030517578 64.4000015258789 64.8000030517578 65.0999984741211 64.6999969482422 64.8000030517578 64.6999969482422 64.9000015258789 64.4000015258789 64.8000030517578 64.5999984741211 64.5 64.1999969482422 64.4000015258789 64 63.2999992370605 63.2000007629395 62.9000015258789 63.7999992370605 64.3000030517578 64.6999969482422 65.4000015258789 64.5 64.6999969482422 63.9000015258789 63.2000007629395 63.0999984741211 62.5999984741211 62.9000015258789 63 63 63.4000015258789 63.5 63.5999984741211 63.4000015258789 63.5 63.2000007629395 63.0999984741211 62.9000015258789 62.5 62.5999984741211 63.0999984741211 63.5 63.5999984741211 64.0999984741211 64.3000030517578 64.6999969482422 64.5999984741211
63.7000007629395 64.1999969482422 64.0999984741211 64.1999969482422 64.1999969482422 64.5 64.4000015258789 64.5 64.5 65 65.0999984741211 65 64.8000030517578 64.4000015258789 64.5 64.6999969482422 64.5 64.5 64.5 64 64.0999984741211 64 63.4000015258789 63.2000007629395 63.2000007629395 63.4000015258789 64.3000030517578 65 64.5999984741211 64.5999984741211 64.1999969482422 63.5 63.0999984741211 62.2000007629395 61.7999992370605 62.4000015258789 62.5 62.5 63.0999984741211 62.9000015258789 62.9000015258789 63 63 62.7000007629395 62.7000007629395 62.5 62.7999992370605 62.5 62.7000007629395 63.2000007629395 63.7000007629395 64.3000030517578 64.4000015258789 64.5999984741211 64.6999969482422
63.4000015258789 63.7000007629395 64.0999984741211 63.9000015258789 64.1999969482422 64.4000015258789 64.4000015258789 64.4000015258789 64.8000030517578 64.9000015258789 64.6999969482422 64.9000015258789 64.8000030517578 64.5 64.5999984741211 64.3000030517578 64.4000015258789 64.4000015258789 64.1999969482422 64.0999984741211 63.9000015258789 63.7999992370605 63.4000015258789 63.2000007629395 63.2000007629395 63.5 63.9000015258789 64.1999969482422 64.5 64.4000015258789 64.0999984741211 63.2999992370605 62.5 61.9000015258789 62.2000007629395 61.5999984741211 62.0999984741211 62 62.2999992370605 62.2000007629395 62.7000007629395 62.7999992370605 62.4000015258789 62.2999992370605 62.4000015258789 62.2000007629395 62.2000007629395 62.4000015258789 62.5999984741211 63.2999992370605 64 64.5 64.8000030517578 64.9000015258789 64.6999969482422
64.0999984741211 63.7999992370605 63.5999984741211 63.9000015258789 64.0999984741211 64.3000030517578 64.3000030517578 64.5 64.6999969482422 64.8000030517578 65 65.0999984741211 64.5 64.4000015258789 64.4000015258789 64.3000030517578 64.1999969482422 64.0999984741211 64 63.7000007629395 63.7999992370605 63.7000007629395 63.2999992370605 63.0999984741211 63.2999992370605 63.7000007629395 63.5 63.7000007629395 64 63.7000007629395 63.2999992370605 62.9000015258789 62.2999992370605 62 61.7999992370605 61.7999992370605 61.7000007629395 61.7999992370605 61.7000007629395 62.0999984741211 62.2999992370605 61.7999992370605 61.7000007629395 62 62.2000007629395 62.2999992370605 62.2000007629395 62 62.4000015258789 63.2000007629395 64 64.4000015258789 64.8000030517578 65 65.3000030517578
63.7999992370605 63.5 63.5999984741211 63.5999984741211 63.7999992370605 64.3000030517578 64.5 64.1999969482422 63.9000015258789 64.5 64.5 64.5999984741211 64.3000030517578 64.3000030517578 64.3000030517578 64.0999984741211 63.7999992370605 64.0999984741211 63.7999992370605 63.5 63.4000015258789 63.5 63 63 63.0999984741211 63.2000007629395 63.4000015258789 63.4000015258789 63.5 63.4000015258789 62.7999992370605 62.2000007629395 61.7000007629395 61.5 61.2999992370605 61.2999992370605 61 61.0999984741211 61.2999992370605 61.5999984741211 61.5 61.4000015258789 61.4000015258789 61.7999992370605 62 61.7999992370605 62 62.0999984741211 62.9000015258789 63.4000015258789 63.9000015258789 64.3000030517578 65 65.1999969482422 65.5
63.4000015258789 63.2999992370605 63.5 63.5999984741211 63.7000007629395 63.7999992370605 63.9000015258789 63.7000007629395 63.7999992370605 63.5999984741211 63.9000015258789 63.7999992370605 63.7999992370605 63.7000007629395 63.7000007629395 63.7000007629395 63.5 63.5999984741211 63.7000007629395 63.5999984741211 63.4000015258789 63.2999992370605 63.2999992370605 63.4000015258789 63.0999984741211 63.0999984741211 63.0999984741211 63.0999984741211 62.9000015258789 62.5 62.2000007629395 61.7000007629395 60.9000015258789 60.5 60.4000015258789 60.4000015258789 60.5999984741211 60.5 60.7000007629395 60.7999992370605 61.2000007629395 61 61 61.4000015258789 61.4000015258789 61.5999984741211 62.0999984741211 62.0999984741211 62.4000015258789 63.2000007629395 64 64.1999969482422 65.0999984741211 65.5 65.9000015258789
63.5 63.4000015258789 63.4000015258789 63.5 63.5999984741211 63.5999984741211 63.5999984741211 63.5 63.0999984741211 62.9000015258789 63.2000007629395 63.0999984741211 62.7000007629395 63.0999984741211 63.4000015258789 63.2999992370605 63.0999984741211 62.7000007629395 63 63 63.2000007629395 63 63.0999984741211 63.4000015258789 63.0999984741211 62.4000015258789 62.4000015258789 62.5999984741211 62.2000007629395 61.9000015258789 61.7999992370605 60.5999984741211 60.2000007629395 59.7000007629395 59.2999992370605 59.2999992370605 59.5999984741211 59.9000015258789 60.5 60.4000015258789 60.7000007629395 60.5999984741211 61 60.9000015258789 61 61.4000015258789 61.7999992370605 62 62.0999984741211 63 63.5 64.1999969482422 64.9000015258789 66.0999984741211 66.4000015258789
63.2999992370605 63.4000015258789 63.2999992370605 63.2000007629395 63.0999984741211 62.9000015258789 63 62.7000007629395 62.5999984741211 62.2999992370605 62.2999992370605 62.5 62.4000015258789 62.9000015258789 63.0999984741211 63.0999984741211 63.0999984741211 62.7999992370605 63 63.0999984741211 63 62.9000015258789 62.5 63.0999984741211 63 62.2999992370605 61.7999992370605 61.7000007629395 61.7000007629395 61.2999992370605 60.7999992370605 60.0999984741211 59.2999992370605 58.9000015258789 58.4000015258789 58.5 58.7999992370605 59.2999992370605 59.9000015258789 60.0999984741211 60.2999992370605 60.5 60.7999992370605 60.7000007629395 60.5999984741211 61.0999984741211 61.5999984741211 61.5999984741211 62 62.7000007629395 63.2999992370605 64 64.5999984741211 64.9000015258789 65.0999984741211
63.5999984741211 63.5999984741211 62.9000015258789 63.0999984741211 62.7000007629395 62.5 62.5999984741211 62.0999984741211 62 61.7000007629395 61.2000007629395 60.9000015258789 62.0999984741211 62.5999984741211 63 62.7000007629395 62.7999992370605 62.7999992370605 62.9000015258789 62.9000015258789 63.0999984741211 62.7000007629395 62.4000015258789 62.4000015258789 62.2000007629395 62.2999992370605 62 61.5 61.4000015258789 61.0999984741211 60.5999984741211 59.5 58.0999984741211 57.5 57.7999992370605 57.4000015258789 58.2000007629395 58.5999984741211 59.5 60 60 60.2000007629395 60.2999992370605 60.5 60.9000015258789 60.7999992370605 61.2000007629395 61.2000007629395 61.5 62.2000007629395 63 63.7000007629395 64.0999984741211 64.0999984741211 64.9000015258789
63.0999984741211 63.2000007629395 62.5999984741211 62.5999984741211 62.4000015258789 62 61.7999992370605 61.5999984741211 61.7000007629395 61.2999992370605 60.9000015258789 61.5 61.9000015258789 62.2999992370605 62.7000007629395 62.7000007629395 62.5999984741211 62.7999992370605 62.9000015258789 62.7000007629395 62.7999992370605 62.7999992370605 62.5999984741211 62.4000015258789 62.2000007629395 62.4000015258789 61.7999992370605 61.2999992370605 61.5 61 60.5 59.4000015258789 57.4000015258789 56.5999984741211 57.2000007629395 57.2000007629395 57.7999992370605 58.2999992370605 58.7000007629395 59.2999992370605 59.7999992370605 60.0999984741211 60.2999992370605 60.5999984741211 60.4000015258789 60.5999984741211 60.7000007629395 60.7999992370605 61.2999992370605 61.9000015258789 62.2000007629395 63.0999984741211 63.9000015258789 63.9000015258789 63.9000015258789
63.2000007629395 62.5999984741211 62.9000015258789 62.4000015258789 62.0999984741211 61.5999984741211 61.2000007629395 61.0999984741211 60.7000007629395 61.2000007629395 60.5999984741211 61.0999984741211 62 62 62.2999992370605 62.5999984741211 62.5 62.9000015258789 62.7999992370605 62.9000015258789 62.7000007629395 62.7999992370605 62.7000007629395 62.0999984741211 62.4000015258789 62.2000007629395 61.7000007629395 61.2999992370605 61.2000007629395 60.7999992370605 60.4000015258789 59.2999992370605 57.7000007629395 56.2999992370605 56.7999992370605 57 58 58.5999984741211 58.9000015258789 59.0999984741211 59.2999992370605 59.7999992370605 60 59.9000015258789 60 60.2999992370605 60.2999992370605 60.4000015258789 61.2000007629395 61.5999984741211 62.2000007629395 62.9000015258789 63.2999992370605 63.4000015258789 63.7999992370605
62.7999992370605 62.7000007629395 62.0999984741211 61.7999992370605 61.9000015258789 61.4000015258789 61 61 60.4000015258789 60.7999992370605 60.9000015258789 60.7999992370605 61.2000007629395 61.9000015258789 62.5 62.5 62.5 62.7999992370605 62.7999992370605 62.5999984741211 62.9000015258789 62.9000015258789 62.7000007629395 62.5 62.5999984741211 62.2999992370605 61.9000015258789 61.7000007629395 61.2000007629395 61.2999992370605 60.7000007629395 59.2999992370605 58.5 57.7999992370605 57.7999992370605 57.5 58.2000007629395 58.5 58.7999992370605 59.0999984741211 59.2999992370605 59.5 59.9000015258789 59.5999984741211 60 60.2999992370605 60.5 60.0999984741211 60.5 61.5 62 62.5 62.7999992370605 62.9000015258789 63.2999992370605
62.7999992370605 62.2999992370605 61.9000015258789 61.2000007629395 61.0999984741211 61.0999984741211 61 60.7000007629395 60.5999984741211 61.2000007629395 60.9000015258789 61.2000007629395 61 60.9000015258789 61.5999984741211 62.4000015258789 62.4000015258789 62.5999984741211 62.9000015258789 62.9000015258789 63 63 63 62.7000007629395 62.5999984741211 62.5 62.4000015258789 61.7999992370605 61.2000007629395 61.5 61.2999992370605 59.9000015258789 58.9000015258789 58.2999992370605 58.5 58.2999992370605 58.2999992370605 58.5999984741211 58.9000015258789 59.2000007629395 59.4000015258789 59.5 59.9000015258789 59.7999992370605 59.7000007629395 59.9000015258789 60 59.9000015258789 60.2999992370605 61.0999984741211 61.4000015258789 61.9000015258789 62.2999992370605 62.7999992370605 63.2000007629395
62.5999984741211 62.0999984741211 61.7999992370605 61.4000015258789 61 61.0999984741211 60.5 60.4000015258789 60.5999984741211 61.2000007629395 61.0999984741211 61.2000007629395 61.2000007629395 61.5999984741211 61.5999984741211 61.9000015258789 62.0999984741211 62.0999984741211 62.9000015258789 63.0999984741211 63.0999984741211 63.2000007629395 62.7999992370605 62.7999992370605 62.7999992370605 63 62.5999984741211 62.0999984741211 61.7000007629395 61.5999984741211 61.7000007629395 61.5999984741211 60.4000015258789 59.5999984741211 59.4000015258789 59.0999984741211 59.0999984741211 59 59.0999984741211 59.5999984741211 59.7999992370605 60 60.0999984741211 60.2999992370605 60.4000015258789 60.2000007629395 59.5999984741211 59.5 59.7000007629395 60.7000007629395 61.4000015258789 61.9000015258789 62.5 62.9000015258789 63.5
62.5 62.5 62 61.9000015258789 61.4000015258789 61.2999992370605 60 60.5 61.2000007629395 60.9000015258789 60.9000015258789 61.2000007629395 61 61.5 61.7999992370605 62.2000007629395 62 61.9000015258789 62.7000007629395 62.7999992370605 63.2000007629395 63.0999984741211 63 63.4000015258789 63.2999992370605 62.9000015258789 63 62 61.9000015258789 61.4000015258789 61.7000007629395 61.7999992370605 60.9000015258789 60.7000007629395 60 59.7000007629395 59.9000015258789 59.7000007629395 59.5 60.2000007629395 60.0999984741211 60.2000007629395 60.2999992370605 60.7999992370605 60.9000015258789 60.7000007629395 60.0999984741211 59.5999984741211 59.9000015258789 60.7999992370605 61.4000015258789 62.4000015258789 62.7999992370605 63.7000007629395 64.1999969482422
62.5999984741211 62.5 61.7999992370605 61.7000007629395 61.5999984741211 61.0999984741211 59.9000015258789 61.2999992370605 60.7999992370605 60.7999992370605 60.7000007629395 60.5999984741211 60.7000007629395 61.2999992370605 61.7999992370605 62.0999984741211 62 62.4000015258789 62.7000007629395 62.7000007629395 62.5999984741211 62.9000015258789 63.2999992370605 63.4000015258789 63.4000015258789 63.5999984741211 63.2000007629395 62.5 62.0999984741211 62 61.7000007629395 61.4000015258789 61.2999992370605 60.7999992370605 60.4000015258789 60.7999992370605 60.5999984741211 60.2999992370605 60.2999992370605 60.5999984741211 60.5999984741211 60.7000007629395 61.2999992370605 61.2999992370605 61.2999992370605 61.2000007629395 61.2000007629395 60.7999992370605 60.7999992370605 61.7000007629395 62.2000007629395 62.4000015258789 63.0999984741211 63.9000015258789 64.6999969482422
