data/layers/future_layer_can_126_60/bio3.asc
NCOLS 494 
NROWS 529 
XLLCORNER -117.166666666667 
YLLCORNER -55.5 
CELLSIZE 0.166666666666667 
NODATA_value -3.4e+38 
[rows 250 to 274 of 529, columns 275 to 329 of 494]
72.3000030517578 72 71.6999969482422 71 71 70.9000015258789 71 70.5999984741211 70.5999984741211 70.5999984741211 70.5999984741211 70.5999984741211 70.4000015258789 70.4000015258789 70.8000030517578 71 70.9000015258789 70.1999969482422 69.9000015258789 69.4000015258789 69 68.9000015258789 68.5 68.0999984741211 67.9000015258789 68.0999984741211 67.9000015258789 67.9000015258789 68.1999969482422 68.1999969482422 68.1999969482422 68.5999984741211 68.6999969482422 68.6999969482422 68.8000030517578 69.3000030517578 69.3000030517578 69.3000030517578 69.1999969482422 69.3000030517578 69.1999969482422 69 69.0999984741211 69.5 69.1999969482422 68.9000015258789 68.6999969482422 68.9000015258789 68.4000015258789 68.4000015258789 68.3000030517578 69 68.9000015258789 69.4000015258789 69.5999984741211
72 71.8000030517578 71.9000015258789 71.4000015258789 71.0999984741211 70.5999984741211 70.1999969482422 70.5 70.4000015258789 70.1999969482422 70.5999984741211 70.3000030517578 70.1999969482422 70.1999969482422 70.0999984741211 70.3000030517578 70.5 70.3000030517578 69.5 68.6999969482422 68.3000030517578 68.1999969482422 67.6999969482422 67.6999969482422 67.5999984741211 68 67.5999984741211 67.8000030517578 68.0999984741211 68.1999969482422 68.1999969482422 68.1999969482422 68.8000030517578 68.4000015258789 68.5999984741211 68.8000030517578 69.0999984741211 69.1999969482422 69 69.0999984741211 69.4000015258789 69.4000015258789 69.0999984741211 69.0999984741211 69 68.6999969482422 68.9000015258789 69 69.0999984741211 68.5999984741211 68.9000015258789 69.1999969482422 69.3000030517578 69.8000030517578 69.5999984741211
71.9000015258789 71.9000015258789 71.6999969482422 71 70.6999969482422 70.5999984741211 70.3000030517578 70.5999984741211 70 70.0999984741211 69.9000015258789 69.9000015258789 70.0999984741211 70 70.3000030517578 69.9000015258789 69.6999969482422 70.1999969482422 69 68.6999969482422 67.5999984741211 67.3000030517578 66.6999969482422 66.6999969482422 67 66.9000015258789 67.5999984741211 67.5 67.4000015258789 67.8000030517578 68.0999984741211 68.3000030517578 68.4000015258789 68.6999969482422 68.5 68.6999969482422 69.1999969482422 68.8000030517578 68.8000030517578 69.4000015258789 69 68.9000015258789 69.3000030517578 69 68.8000030517578 68.8000030517578 69 69.0999984741211 69.1999969482422 69.3000030517578 69.0999984741211 69.4000015258789 69.5999984741211 69.6999969482422 70.0999984741211
72 72.1999969482422 71.5 71.4000015258789 70.6999969482422 70.5999984741211 70 69.9000015258789 69.6999969482422 69.6999969482422 69.6999969482422 69.6999969482422 69.6999969482422 69.5 69.8000030517578 69.6999969482422 69.3000030517578 68.8000030517578 68.1999969482422 67.3000030517578 66.9000015258789 66.4000015258789 66.5999984741211 66.4000015258789 66.9000015258789 66.8000030517578 66.5999984741211 67 67.0999984741211 67.9000015258789 67.9000015258789 68.5 68.4000015258789 68.4000015258789 68.6999969482422 68.6999969482422 68.9000015258789 68.9000015258789 69.0999984741211 69 69.1999969482422 69.1999969482422 69.1999969482422 69.4000015258789 69.3000030517578 69 69.3000030517578 69.5999984741211 69.5999984741211 69.5 69.8000030517578 69.8000030517578 69.9000015258789 70.1999969482422 70.1999969482422
71.8000030517578 71.5 71.6999969482422 71.1999969482422 70.4000015258789 70.5 70.1999969482422 69.6999969482422 69.5 69.4000015258789 69.5 69.4000015258789 69.5 69.3000030517578 69.4000015258789 68.6999969482422 68.8000030517578 68.3000030517578 67.4000015258789 66.9000015258789 66.1999969482422 66.0999984741211 65.8000030517578 66.1999969482422 66.4000015258789 66.3000030517578 66.8000030517578 67 67.0999984741211 67.6999969482422 67.6999969482422 67.9000015258789 68.3000030517578 68.3000030517578 68.4000015258789 68.6999969482422 68.6999969482422 69 68.9000015258789 68.9000015258789 69.1999969482422 69.4000015258789 69.0999984741211 69.3000030517578 69.5 69.4000015258789 69.4000015258789 69.6999969482422 70.1999969482422 69.9000015258789 70 70.0999984741211 70.4000015258789 70.1999969482422 70.5999984741211
72.0999984741211 71.6999969482422 71.1999969482422 70.8000030517578 70.5999984741211 70.0999984741211 70.3000030517578 70 69.4000015258789 69.6999969482422 69.1999969482422 69.1999969482422 69.3000030517578 69.0999984741211 68.9000015258789 68.4000015258789 67.9000015258789 67.1999969482422 66.6999969482422 66.0999984741211 65.5 65.1999969482422 65.1999969482422 65.8000030517578 65.5 66.0999984741211 66.5 66.4000015258789 66.5 67 67.5 67.8000030517578 68.1999969482422 68.1999969482422 68.5999984741211 68.6999969482422 68.6999969482422 68.9000015258789 68.9000015258789 69.0999984741211 69.0999984741211 69.3000030517578 69.0999984741211 69.6999969482422 69.8000030517578 69.5999984741211 69.9000015258789 69.8000030517578 70.1999969482422 70.5999984741211 70.3000030517578 70.3000030517578 70.6999969482422 70.5999984741211 70.8000030517578
72.5999984741211 72.1999969482422 71.5 71.4000015258789 70.6999969482422 70.0999984741211 69.5999984741211 69.5 69.5999984741211 69.4000015258789 69.3000030517578 69.5 68.9000015258789 68.5 68.0999984741211 67.5999984741211 67.0999984741211 66.5 66 65.0999984741211 64.9000015258789 64.9000015258789 65.0999984741211 65.3000030517578 65.9000015258789 65.5999984741211 65.9000015258789 66.4000015258789 66.5 66.8000030517578 67.1999969482422 67.5999984741211 68 68 68.5 68.6999969482422 68.9000015258789 68.9000015258789 69 69.0999984741211 69.3000030517578 69.5 69.5 69.5999984741211 69.8000030517578 70 70.1999969482422 70 70.5 70.5 70.9000015258789 71.0999984741211 71.0999984741211 71.0999984741211 71
73 72.0999984741211 71.8000030517578 71.0999984741211 70.6999969482422 70.3000030517578 70.1999969482422 69.5 69.4000015258789 69.3000030517578 69 68.5999984741211 68.5 68.0999984741211 67.5999984741211 67 66.1999969482422 66 65.5999984741211 65 64.3000030517578 64.4000015258789 64.6999969482422 64.9000015258789 65 65.5999984741211 66 65.9000015258789 66.3000030517578 66.5999984741211 66.9000015258789 67.5 67.8000030517578 68.1999969482422 68.1999969482422 68.1999969482422 68.6999969482422 69 68.9000015258789 69.4000015258789 68.8000030517578 69 69.4000015258789 69.8000030517578 69.9000015258789 70 70.0999984741211 70 70.4000015258789 70.4000015258789 70.8000030517578 71 71.0999984741211 71.1999969482422 71.4000015258789
72.8000030517578 72.0999984741211 71.8000030517578 71.0999984741211 70.5999984741211 70.5 69.9000015258789 69.4000015258789 69.3000030517578 69.3000030517578 69.1999969482422 68.5999984741211 67.9000015258789 67.5999984741211 67 66.3000030517578 65.9000015258789 65.1999969482422 65.0999984741211 64.8000030517578 64.5 64.5999984741211 64.5999984741211 64.5 64.9000015258789 65.3000030517578 65.5999984741211 66 66.0999984741211 66.5 67.0999984741211 67.1999969482422 67.8000030517578 68.1999969482422 68.1999969482422 68.5 68.9000015258789 69 68.9000015258789 69.1999969482422 69.3000030517578 69.1999969482422 69.6999969482422 69.8000030517578 69.8000030517578 69.8000030517578 69.6999969482422 70.0999984741211 70.1999969482422 70.5 70.8000030517578 71.0999984741211 71.0999984741211 71.5999984741211 71.6999969482422
73 72.4000015258789 71.4000015258789 70.6999969482422 70.1999969482422 70.0999984741211 69.6999969482422 69.3000030517578 69 68.6999969482422 68.5 67.5 67.5999984741211 66.8000030517578 66.5 65.8000030517578 65.4000015258789 65 64.5999984741211 64.5 64.3000030517578 64.3000030517578 64.3000030517578 64.5 64.5999984741211 64.9000015258789 65.1999969482422 65.5999984741211 65.9000015258789 66.5999984741211 66.8000030517578 67.3000030517578 67.5 67.9000015258789 67.6999969482422 68 68.5999984741211 68.5999984741211 68.5999984741211 68.6999969482422 69 69.4000015258789 69.5 69.5999984741211 69.6999969482422 70.0999984741211 69.8000030517578 70 69.8000030517578 70.4000015258789 70.5 71.0999984741211 71.1999969482422 71.6999969482422 72
73 72.3000030517578 71.4000015258789 70.5999984741211 70.4000015258789 69.6999969482422 69.4000015258789 69.1999969482422 68.5999984741211 68.3000030517578 67.9000015258789 67.5 67.0999984741211 67 66.5 65.3000030517578 65.1999969482422 64.9000015258789 64.6999969482422 64 64 64.3000030517578 64.0999984741211 64.5 64.5 64.8000030517578 65.3000030517578 65.5999984741211 65.5999984741211 66.4000015258789 66.4000015258789 67.1999969482422 67.4000015258789 67.8000030517578 68.1999969482422 68 68.5 68.5999984741211 68.6999969482422 68.6999969482422 69.5 69.1999969482422 69.8000030517578 69.5999984741211 69.9000015258789 70.1999969482422 70.1999969482422 69.8000030517578 69.6999969482422 70.3000030517578 70.5999984741211 70.9000015258789 71.3000030517578 71.8000030517578 72.3000030517578
72.5 72.1999969482422 71.4000015258789 70.6999969482422 70 69.1999969482422 69 68.5 68.1999969482422 68 67.4000015258789 67.1999969482422 66.5999984741211 66.0999984741211 65.5 65.1999969482422 64.8000030517578 64.5999984741211 64.3000030517578 64.0999984741211 63.7000007629395 64.1999969482422 64.1999969482422 64.3000030517578 64.3000030517578 64.5 65.0999984741211 65.3000030517578 65.6999969482422 66.1999969482422 66.5 66.9000015258789 67.4000015258789 67.4000015258789 67.6999969482422 68.1999969482422 68.4000015258789 68.5999984741211 68.4000015258789 68.8000030517578 68.6999969482422 69 69.0999984741211 69.0999984741211 69.6999969482422 69.5999984741211 69.5999984741211 69.8000030517578 70.0999984741211 70.0999984741211 70.6999969482422 71.1999969482422 71.3000030517578 71.5999984741211 71.6999969482422
73.1999969482422 72.5 71.4000015258789 70.4000015258789 69.9000015258789 68.8000030517578 68.1999969482422 67.9000015258789 67.6999969482422 67.4000015258789 66.8000030517578 66.1999969482422 65.6999969482422 65.3000030517578 65.4000015258789 65.1999969482422 65.1999969482422 64.3000030517578 64.3000030517578 64.1999969482422 63.9000015258789 63.9000015258789 64 64 64.5999984741211 64.5999984741211 65.0999984741211 65.1999969482422 65.5 65.9000015258789 66.1999969482422 66.5 67.1999969482422 67.1999969482422 67.6999969482422 67.5999984741211 68 68.1999969482422 68.3000030517578 68.3000030517578 68.6999969482422 68.5999984741211 69 69.1999969482422 69.3000030517578 69.5999984741211 69.5999984741211 70 70.0999984741211 70 70.5 70.8000030517578 70.9000015258789 71.6999969482422 71.5
72.6999969482422 71.9000015258789 71.1999969482422 70.6999969482422 69.5999984741211 69 68 67.6999969482422 66.9000015258789 66.5999984741211 65.5999984741211 65.6999969482422 65.0999984741211 65 64.9000015258789 64.5 64.4000015258789 64.3000030517578 64.4000015258789 64 63.7999992370605 63.9000015258789 64 64.3000030517578 64.5 64.6999969482422 64.8000030517578 65.1999969482422 65.3000030517578 66 65.9000015258789 66.5 66.6999969482422 67.4000015258789 67.1999969482422 68 68 68.3000030517578 68.3000030517578 68 68.5 68.8000030517578 68.5999984741211 68.8000030517578 69.1999969482422 69.3000030517578 69.8000030517578 69.8000030517578 69.8000030517578 70 70.4000015258789 70.3000030517578 70.6999969482422 71 71.5999984741211
73.1999969482422 71.8000030517578 71.1999969482422 70.5 69.8000030517578 69 68.1999969482422 67.6999969482422 66.5999984741211 66.3000030517578 65.4000015258789 65.0999984741211 65.0999984741211 65.1999969482422 64.9000015258789 64.5999984741211 64.4000015258789 64.5 64.1999969482422 64 64 64 63.7999992370605 64.1999969482422 64.1999969482422 64.5 64.3000030517578 64.8000030517578 64.9000015258789 65.5 65.9000015258789 66.3000030517578 66.5 67 67.0999984741211 67.1999969482422 67.4000015258789 67.8000030517578 68.0999984741211 68.1999969482422 68.1999969482422 68.1999969482422 68.5999984741211 68.8000030517578 69.1999969482422 69.1999969482422 69.0999984741211 69.8000030517578 69.6999969482422 70 69.9000015258789 70.3000030517578 70.4000015258789 71 70.8000030517578
73.1999969482422 72.5 71.5 70.4000015258789 69.5999984741211 68.5 68.0999984741211 67.5999984741211 66.5 65.8000030517578 65.5999984741211 65.5 65.0999984741211 65.0999984741211 64.6999969482422 64.6999969482422 64.5 64.5999984741211 64.1999969482422 64 64 63.7999992370605 63.9000015258789 63.9000015258789 64.0999984741211 64.5 64.3000030517578 64.5 64.8000030517578 65.3000030517578 65.6999969482422 66.0999984741211 66.5 66.3000030517578 66.6999969482422 66.9000015258789 67 67.5 67.5999984741211 67.9000015258789 67.6999969482422 68.0999984741211 68.4000015258789 68.6999969482422 69.1999969482422 69.1999969482422 69 69.4000015258789 69.5 69.5 69.5 69.5 69.8000030517578 70.1999969482422 70.5999984741211
73.3000030517578 72.5999984741211 72 70.6999969482422 69.5 68.5 67.6999969482422 67.1999969482422 66.4000015258789 66.0999984741211 65.8000030517578 65.4000015258789 65.4000015258789 65 65 64.9000015258789 64.5 64.4000015258789 64.3000030517578 64 63.9000015258789 64 63.9000015258789 64.0999984741211 63.7999992370605 64.5 64.3000030517578 64.5 65.0999984741211 64.6999969482422 65.4000015258789 65.6999969482422 66 65.9000015258789 66.3000030517578 66.8000030517578 66.5999984741211 67.0999984741211 67.0999984741211 67.4000015258789 67.8000030517578 67.5999984741211 68.1999969482422 68 69 68.6999969482422 68.9000015258789 68.6999969482422 69.1999969482422 69.0999984741211 69.3000030517578 69.8000030517578 69.5999984741211 70.1999969482422 70.3000030517578
73.1999969482422 72.4000015258789 71.5999984741211 70.6999969482422 69.6999969482422 68.5999984741211 67.5999984741211 67.4000015258789 66.5 66.5 66.5 66 65.8000030517578 65.4000015258789 65 64.9000015258789 64.6999969482422 64.4000015258789 64.3000030517578 64.1999969482422 63.7000007629395 64 63.9000015258789 64 64.0999984741211 64 64.0999984741211 64.5 64.5 65 64.9000015258789 65.4000015258789 65.5 65.8000030517578 66.0999984741211 66.4000015258789 66.4000015258789 66.4000015258789 66.6999969482422 67.1999969482422 67.5999984741211 67.6999969482422 67.4000015258789 67.6999969482422 68.1999969482422 68.4000015258789 68.1999969482422 68.8000030517578 68.6999969482422 69 69.0999984741211 69.0999984741211 69.3000030517578 69.3000030517578 69.5
73.5999984741211 72.6999969482422 71.3000030517578 70.3000030517578 69.1999969482422 68.5999984741211 68.1999969482422 67.3000030517578 67.1999969482422 66.5 66.5999984741211 66.1999969482422 66.1999969482422 65.4000015258789 65.5 65.0999984741211 64.5999984741211 64.5999984741211 64.3000030517578 64 63.9000015258789 63.7999992370605 63.9000015258789 63.5999984741211 63.9000015258789 63.7999992370605 64 64.3000030517578 64.4000015258789 64.5999984741211 64.6999969482422 64.6999969482422 65.0999984741211 65.9000015258789 65.6999969482422 65.9000015258789 65.9000015258789 66.3000030517578 66.3000030517578 66.4000015258789 67.0999984741211 67.4000015258789 67.5 67.5999984741211 67.6999969482422 68.3000030517578 68.5 68.0999984741211 68.5 68.1999969482422 68.6999969482422 68.8000030517578 68.5999984741211 68.8000030517578 69.4000015258789
73.9000015258789 73.1999969482422 71.8000030517578 70.8000030517578 69.6999969482422 69.0999984741211 68.3000030517578 67.5999984741211 67.1999969482422 66.8000030517578 66.8000030517578 66.6999969482422 66.3000030517578 65.9000015258789 65.6999969482422 65.0999984741211 65.0999984741211 64.8000030517578 64.3000030517578 64.3000030517578 64.0999984741211 63.9000015258789 64 63.9000015258789 63.5 63.9000015258789 63.5999984741211 64.1999969482422 64.0999984741211 64.0999984741211 64.1999969482422 64.5999984741211 65 65.0999984741211 65.8000030517578 66 65.5 66.0999984741211 66.4000015258789 66.1999969482422 66.4000015258789 66.8000030517578 67.3000030517578 67.1999969482422 67.5 67.9000015258789 67.6999969482422 68.4000015258789 67.8000030517578 67.9000015258789 68 68.1999969482422 68.4000015258789 68.5 68.5999984741211
74.3000030517578 73.0999984741211 72.3000030517578 71 69.6999969482422 69.0999984741211 68.3000030517578 67.5999984741211 67.6999969482422 67.1999969482422 66.9000015258789 66.9000015258789 66.9000015258789 66.1999969482422 66 65.5999984741211 65.0999984741211 64.6999969482422 64.4000015258789 64 63.5999984741211 63.7000007629395 63.5999984741211 63.7999992370605 63.5999984741211 63.7999992370605 63.5999984741211 63.7999992370605 64 64.0999984741211 64 64.5999984741211 64.5 64.9000015258789 65 65.4000015258789 65.3000030517578 65.5999984741211 66.3000030517578 66.1999969482422 66.4000015258789 66.5999984741211 66.4000015258789 66.5999984741211 66.6999969482422 67.0999984741211 67.0999984741211 67 66.9000015258789 67.0999984741211 67.5999984741211 67.5 67.8000030517578 67.8000030517578 67.8000030517578
74.9000015258789 73.1999969482422 72.5 71.0999984741211 70.0999984741211 69.1999969482422 68.5 67.9000015258789 67.5 67.6999969482422 67.0999984741211 67.3000030517578 67.5 66.6999969482422 66 65.8000030517578 65.5 64.9000015258789 64.3000030517578 64.1999969482422 63.5999984741211 63.2000007629395 63.5999984741211 63.7000007629395 63.5 63.2999992370605 63.2000007629395 63.4000015258789 63.7000007629395 63.5999984741211 63.7999992370605 64.0999984741211 64.1999969482422 64.3000030517578 64.9000015258789 65.3000030517578 64.6999969482422 64.8000030517578 65.5 66.1999969482422 66.1999969482422 66.4000015258789 66.0999984741211 66.0999984741211 66.5999984741211 66.5999984741211 66.8000030517578 66.5999984741211 66.4000015258789 66.4000015258789 66.9000015258789 67.0999984741211 67.3000030517578 67.4000015258789 67.5999984741211
76.0999984741211 74.6999969482422 73.3000030517578 72.0999984741211 70.8000030517578 69.6999969482422 69.1999969482422 68.5999984741211 68.0999984741211 67.9000015258789 68 67.6999969482422 67.9000015258789 67.0999984741211 66.5 65.8000030517578 65.5999984741211 65.1999969482422 64.5999984741211 64.0999984741211 63.7999992370605 63.5 63.2999992370605 63.2999992370605 63.2000007629395 63 63 63.2999992370605 63.4000015258789 63.7000007629395 63.7999992370605 63.2000007629395 63.5999984741211 64.1999969482422 64.4000015258789 64.8000030517578 64.3000030517578 64.6999969482422 65.3000030517578 65.9000015258789 66 65.9000015258789 66.1999969482422 66.5999984741211 65.9000015258789 66.3000030517578 66.4000015258789 66.4000015258789 66.5999984741211 66.3000030517578 66.0999984741211 66.3000030517578 66.8000030517578 66.8000030517578 66.6999969482422
76.5999984741211 75.1999969482422 74.4000015258789 73.1999969482422 71.5999984741211 70.8000030517578 69.5999984741211 69.1999969482422 68.9000015258789 68.9000015258789 68.0999984741211 68 68 67.4000015258789 67.0999984741211 66.5999984741211 65.5999984741211 65 64.5999984741211 64.4000015258789 63.5 63.5999984741211 63.5 63.4000015258789 63.2999992370605 62.7999992370605 62.7999992370605 62.7999992370605 63.4000015258789 63.2999992370605 63.2999992370605 63.0999984741211 62.9000015258789 63.4000015258789 63.7999992370605 63.7000007629395 63.4000015258789 64.0999984741211 64.5 65.3000030517578 65.1999969482422 65.3000030517578 65.6999969482422 65.6999969482422 66.1999969482422 65.8000030517578 66.0999984741211 65.9000015258789 66 66.0999984741211 65.9000015258789 66 65.5999984741211 66.0999984741211 65.9000015258789
76.9000015258789 76.3000030517578 75.0999984741211 74.1999969482422 72.5 71.3000030517578 70.6999969482422 70.4000015258789 69.8000030517578 69.1999969482422 68.8000030517578 68.4000015258789 67.9000015258789 67.5 66.9000015258789 66.1999969482422 65.6999969482422 65.1999969482422 64.8000030517578 64.3000030517578 63.9000015258789 63.2999992370605 63.2000007629395 63 62.5 62.2999992370605 62.0999984741211 62.5 62.9000015258789 62.7999992370605 62.2999992370605 62.5 62.2999992370605 63.2999992370605 62.7000007629395 62.9000015258789 63.4000015258789 63.5999984741211 63.5999984741211 63.7999992370605 64.5 64.9000015258789 64.5999984741211 65 65.9000015258789 65.5 65.4000015258789 65.6999969482422 65.1999969482422 65.1999969482422 65.9000015258789 65.6999969482422 65.6999969482422 65.3000030517578 65.3000030517578
