data/layers/future_layer_can_126_60/bio4.asc
NCOLS 494 
NROWS 529 
XLLCORNER -117.166666666667 
YLLCORNER -55.5 
CELLSIZE 0.166666666666667 
NODATA_value -3.4e+38 
[rows 168 to 191 of 529, columns 220 to 274 of 494]
-3.4e+38 -3.4e+38 -3.4e+38 -3.4e+38 -3.4e+38 -3.4e+38 -3.4e+38 -3.4e+38 -3.4e+38 -3.4e+38 -3.4e+38 -3.4e+38 -3.4e+38 -3.4e+38 -3.4e+38 -3.4e+38 -3.4e+38 -3.4e+38 -3.4e+38 24.7999992370605 22.7000007629395 22.5 23.2000007629395 25.5 22.8999996185303 24.3999996185303 31.7000007629395 32.5999984741211 28.1000003814697 18.1000003814697 16.5 20.2999992370605 28.2999992370605 41.5 40.5 38 31.6000003814697 44.5 57.7999992370605 63.7999992370605 75.8000030517578 79.8000030517578 99.1999969482422 135 152.399993896484 160.600006103516 161.899993896484 164.600006103516 168 171.600006103516 173.199996948242 170.399993896484 168.399993896484 167.600006103516 166.300003051758
-3.4e+38 -3.4e+38 -3.4e+38 -3.4e+38 -3.4e+38 -3.4e+38 -3.4e+38 -3.4e+38 -3.4e+38 -3.4e+38 -3.4e+38 -3.4e+38 -3.4e+38 -3.4e+38 -3.4e+38 -3.4e+38 -3.4e+38 -3.4e+38 -3.4e+38 25.5 24.2000007629395 22.5 23.8999996185303 25 24 25.8999996185303 35.2999992370605 33.9000015258789 28.2999992370605 15 19.2000007629395 29 51.9000015258789 50.2000007629395 47.9000015258789 41.7000007629395 39.7999992370605 52.0999984741211 63.7999992370605 66.1999969482422 78 83.6999969482422 132.100006103516 149.899993896484 158.699996948242 162.399993896484 165.600006103516 169.199996948242 173 176.300003051758 178.699996948242 175.199996948242 169.899993896484 167.899993896484 166.699996948242
-3.4e+38 -3.4e+38 -3.4e+38 -3.4e+38 -3.4e+38 -3.4e+38 -3.4e+38 -3.4e+38 -3.4e+38 -3.4e+38 -3.4e+38 -3.4e+38 -3.4e+38 -3.4e+38 -3.4e+38 -3.4e+38 -3.4e+38 -3.4e+38 -3.4e+38 25.3999996185303 24.6000003814697 25 23.8999996185303 24.6000003814697 20.7000007629395 30.1000003814697 36.5 29.7000007629395 22 18.7999992370605 18.2999992370605 40.2000007629395 58.7999992370605 56.7999992370605 51.5 44.7000007629395 45.4000015258789 62 73.8000030517578 69.1999969482422 79 123.300003051758 149.199996948242 155 161.800003051758 165.699996948242 170.300003051758 173.199996948242 176 180.699996948242 179.800003051758 175.800003051758 173.5 170.899993896484 169.300003051758
-3.4e+38 -3.4e+38 -3.4e+38 -3.4e+38 -3.4e+38 -3.4e+38 -3.4e+38 -3.4e+38 -3.4e+38 -3.4e+38 -3.4e+38 -3.4e+38 -3.4e+38 -3.4e+38 -3.4e+38 -3.4e+38 -3.4e+38 -3.4e+38 -3.4e+38 24.2000007629395 22.2999992370605 25.2000007629395 25.2999992370605 17 17.6000003814697 37.7000007629395 28.5 23.7999992370605 18.6000003814697 18.1000003814697 25.7000007629395 57.5999984741211 66.6999969482422 57.7000007629395 50.2000007629395 43.9000015258789 51.7999992370605 71.0999984741211 77 77.1999969482422 103.099998474121 132.600006103516 146.600006103516 154.100006103516 159.399993896484 166.600006103516 168.899993896484 172.899993896484 175.800003051758 176.800003051758 175.600006103516 173.899993896484 173.800003051758 170.399993896484 166.5
-3.4e+38 -3.4e+38 -3.4e+38 -3.4e+38 -3.4e+38 -3.4e+38 -3.4e+38 -3.4e+38 -3.4e+38 -3.4e+38 -3.4e+38 -3.4e+38 -3.4e+38 -3.4e+38 -3.4e+38 -3.4e+38 -3.4e+38 -3.4e+38 -3.4e+38 18.5 19.3999996185303 20.8999996185303 18.7000007629395 14.3000001907349 15.8999996185303 24.7000007629395 21.7999992370605 21.7999992370605 22 20.8999996185303 29.8999996185303 70.8000030517578 68.4000015258789 55.7999992370605 51.5999984741211 47.2000007629395 57.2999992370605 75.5 79.4000015258789 81.9000015258789 111.699996948242 128 139.300003051758 151.699996948242 159 162.5 167.899993896484 170.800003051758 172.5 173.699996948242 173.199996948242 171.399993896484 170.199996948242 168.300003051758 164.199996948242
-3.4e+38 -3.4e+38 -3.4e+38 -3.4e+38 -3.4e+38 -3.4e+38 -3.4e+38 -3.4e+38 -3.4e+38 -3.4e+38 -3.4e+38 -3.4e+38 -3.4e+38 -3.4e+38 -3.4e+38 -3.4e+38 -3.4e+38 -3.4e+38 -3.4e+38 -3.4e+38 16.7999992370605 18.1000003814697 12.6000003814697 13.8999996185303 18.8999996185303 20.8999996185303 22.7000007629395 25.8999996185303 24.3999996185303 37.9000015258789 62.5999984741211 74 72.6999969482422 58.5999984741211 50 54.2999992370605 68.5 76.6999969482422 79.1999969482422 92.0999984741211 111.599998474121 123.199996948242 134.800003051758 146 154.800003051758 160.699996948242 164.5 166.5 169.899993896484 168.899993896484 168.899993896484 168.300003051758 166.300003051758 164.800003051758 161.800003051758
-3.4e+38 -3.4e+38 -3.4e+38 -3.4e+38 -3.4e+38 -3.4e+38 -3.4e+38 -3.4e+38 -3.4e+38 -3.4e+38 -3.4e+38 -3.4e+38 -3.4e+38 -3.4e+38 -3.4e+38 -3.4e+38 -3.4e+38 -3.4e+38 -3.4e+38 -3.4e+38 16.7999992370605 16.5 12 14.6000003814697 24.5 27 23.1000003814697 29.8999996185303 25.2000007629395 48.0999984741211 63.0999984741211 56.2999992370605 74.0999984741211 51.5 56.9000015258789 61.9000015258789 73.5 78.6999969482422 87.9000015258789 104.5 112.900001525879 121.199996948242 132.100006103516 143.800003051758 153.600006103516 156.399993896484 158.399993896484 163.300003051758 166.399993896484 166.399993896484 165.5 166.100006103516 163 160.699996948242 159.399993896484
-3.4e+38 -3.4e+38 -3.4e+38 -3.4e+38 -3.4e+38 -3.4e+38 -3.4e+38 -3.4e+38 -3.4e+38 -3.4e+38 -3.4e+38 -3.4e+38 -3.4e+38 -3.4e+38 -3.4e+38 -3.4e+38 -3.4e+38 -3.4e+38 -3.4e+38 15.6999998092651 16.7000007629395 15 14.8000001907349 20.8999996185303 28.2999992370605 32 27 31.7999992370605 33.2000007629395 52.2999992370605 57.2000007629395 61.4000015258789 65.6999969482422 52.2999992370605 63.7999992370605 72.3000030517578 82.8000030517578 88.0999984741211 95.5999984741211 107.099998474121 115.699996948242 122.599998474121 129.5 140.100006103516 149.199996948242 153.899993896484 158.600006103516 160.800003051758 162.699996948242 161.600006103516 161.699996948242 160.300003051758 160.5 157.199996948242 155.800003051758
-3.4e+38 -3.4e+38 -3.4e+38 -3.4e+38 -3.4e+38 -3.4e+38 -3.4e+38 -3.4e+38 -3.4e+38 -3.4e+38 -3.4e+38 -3.4e+38 -3.4e+38 -3.4e+38 -3.4e+38 -3.4e+38 -3.4e+38 -3.4e+38 16.2999992370605 16.3999996185303 21.8999996185303 18.8999996185303 20.2000007629395 26.5 31.2000007629395 33.2999992370605 31.2999992370605 33.5 35.2999992370605 44.9000015258789 56 66.4000015258789 68.0999984741211 56.5999984741211 73.8000030517578 80.4000015258789 86.1999969482422 92.5999984741211 97.8000030517578 108 120.5 125.300003051758 130.5 140.300003051758 146.800003051758 151.800003051758 155.300003051758 156.699996948242 157.100006103516 159.699996948242 159.699996948242 159.5 155.100006103516 153.5 153.800003051758
-3.4e+38 -3.4e+38 -3.4e+38 -3.4e+38 -3.4e+38 -3.4e+38 -3.4e+38 -3.4e+38 -3.4e+38 -3.4e+38 -3.4e+38 -3.4e+38 -3.4e+38 -3.4e+38 -3.4e+38 -3.4e+38 -3.4e+38 -3.4e+38 16.7999992370605 18.3999996185303 24.2000007629395 26 23.2999992370605 30.6000003814697 34.9000015258789 31.6000003814697 40.2000007629395 41.7999992370605 37.4000015258789 40.5 59.2999992370605 67.3000030517578 58.5 65.6999969482422 75.5 79.5 85.8000030517578 96.9000015258789 103.400001525879 108.300003051758 127.800003051758 131.699996948242 134.699996948242 139.600006103516 147.699996948242 150.300003051758 154.699996948242 155.399993896484 156.699996948242 158.199996948242 156.5 156.800003051758 155.300003051758 152.899993896484 152.699996948242
-3.4e+38 -3.4e+38 -3.4e+38 -3.4e+38 -3.4e+38 -3.4e+38 -3.4e+38 -3.4e+38 -3.4e+38 -3.4e+38 -3.4e+38 -3.4e+38 -3.4e+38 -3.4e+38 -3.4e+38 -3.4e+38 -3.4e+38 17.8999996185303 17.8999996185303 20.7999992370605 28.5 22.7000007629395 25.2999992370605 33.0999984741211 32.4000015258789 34.5 42.5999984741211 46.0999984741211 44.4000015258789 44.7000007629395 63.2000007629395 64.3000030517578 53.2999992370605 69.1999969482422 79.5 84 87.3000030517578 100.099998474121 108.400001525879 110.699996948242 127 133.399993896484 135.100006103516 140.600006103516 146.100006103516 150.300003051758 153 154.600006103516 156.5 153.800003051758 157 155.699996948242 153.300003051758 151.399993896484 151.100006103516
-3.4e+38 -3.4e+38 -3.4e+38 -3.4e+38 -3.4e+38 -3.4e+38 -3.4e+38 -3.4e+38 -3.4e+38 -3.4e+38 -3.4e+38 -3.4e+38 -3.4e+38 -3.4e+38 -3.4e+38 -3.4e+38 -3.4e+38 17.5 20.5 29.1000003814697 34.0999984741211 22.7000007629395 29 34.2999992370605 32.5999984741211 42.9000015258789 43 46.2000007629395 47.5999984741211 51.2000007629395 58.4000015258789 55.7999992370605 66.3000030517578 73 80.5999984741211 83.1999969482422 92.3000030517578 101.099998474121 110.599998474121 116.5 124.300003051758 130.600006103516 133.699996948242 139.100006103516 143.399993896484 147 153 152.300003051758 153 152.100006103516 156.199996948242 152 151.300003051758 149.199996948242 149.399993896484
-3.4e+38 -3.4e+38 -3.4e+38 -3.4e+38 -3.4e+38 -3.4e+38 -3.4e+38 -3.4e+38 -3.4e+38 -3.4e+38 -3.4e+38 -3.4e+38 -3.4e+38 24.8999996185303 22.5 19.3999996185303 18.1000003814697 19.2000007629395 30.6000003814697 32.7000007629395 35.2999992370605 22.1000003814697 29 31.1000003814697 36.9000015258789 48.5999984741211 45.5999984741211 47.0999984741211 51.7000007629395 56.7000007629395 57.7000007629395 58.0999984741211 74.1999969482422 73.9000015258789 77.5 87.5999984741211 97.8000030517578 104.900001525879 112.900001525879 118.5 122.800003051758 127.599998474121 132.899993896484 137.600006103516 142 145.699996948242 149.5 151.199996948242 152.199996948242 152.5 151.899993896484 150.199996948242 149.100006103516 149.600006103516 147.300003051758
-3.4e+38 -3.4e+38 -3.4e+38 -3.4e+38 -3.4e+38 -3.4e+38 -3.4e+38 -3.4e+38 -3.4e+38 -3.4e+38 -3.4e+38 -3.4e+38 28 24.2000007629395 19.6000003814697 19.1000003814697 20.5 27.7000007629395 27.1000003814697 28.8999996185303 28.7000007629395 32.5999984741211 31.7000007629395 33.7999992370605 43.0999984741211 55.7000007629395 50.5 53 57.2000007629395 63 61.2000007629395 70.8000030517578 74 76.9000015258789 87.3000030517578 96.4000015258789 103.400001525879 108.099998474121 114.900001525879 118.699996948242 122.599998474121 128.800003051758 134 136.399993896484 142.199996948242 143.399993896484 148.800003051758 149.300003051758 148.899993896484 148.100006103516 149.899993896484 148.300003051758 148.5 146.800003051758 147.899993896484
-3.4e+38 -3.4e+38 -3.4e+38 -3.4e+38 -3.4e+38 -3.4e+38 -3.4e+38 -3.4e+38 -3.4e+38 -3.4e+38 -3.4e+38 30.2000007629395 25.7999992370605 21.6000003814697 19.6000003814697 19.5 21.7999992370605 32 26.7999992370605 26.5 37.7000007629395 58.2000007629395 40.7999992370605 39.9000015258789 55 54.2999992370605 51.4000015258789 53.2999992370605 65.3000030517578 68.8000030517578 72.6999969482422 75.9000015258789 73.5 84 96.5999984741211 102.900001525879 109 112.800003051758 116.099998474121 121.300003051758 124 127.599998474121 133.300003051758 136.399993896484 140.5 142.100006103516 146.199996948242 146.800003051758 148.199996948242 148.399993896484 150 147.199996948242 147 146.5 146.800003051758
-3.4e+38 -3.4e+38 -3.4e+38 -3.4e+38 -3.4e+38 -3.4e+38 -3.4e+38 -3.4e+38 -3.4e+38 -3.4e+38 -3.4e+38 27.5 24.2999992370605 20 19.1000003814697 18.3999996185303 23.3999996185303 34.2000007629395 33.2999992370605 30.2999992370605 63 52.5999984741211 35.4000015258789 53.2999992370605 56 50.7000007629395 55.4000015258789 60.7999992370605 66.0999984741211 68.0999984741211 76.4000015258789 78 84 98.8000030517578 105.900001525879 109.300003051758 113.300003051758 117 118.900001525879 124.199996948242 125.199996948242 128.699996948242 131.699996948242 135.300003051758 139.5 141.399993896484 143.699996948242 144.699996948242 145.100006103516 147.300003051758 146.300003051758 146.699996948242 145.699996948242 144.600006103516 145.5
-3.4e+38 -3.4e+38 -3.4e+38 -3.4e+38 -3.4e+38 -3.4e+38 -3.4e+38 -3.4e+38 -3.4e+38 -3.4e+38 -3.4e+38 -3.4e+38 24.2999992370605 20.5 18.6000003814697 20.2000007629395 25.7000007629395 32.9000015258789 34.4000015258789 52.2999992370605 64.9000015258789 48.4000015258789 42.0999984741211 60.4000015258789 49 50.0999984741211 55.9000015258789 62.0999984741211 68.0999984741211 73.1999969482422 78.9000015258789 87.5999984741211 105.900001525879 109.599998474121 112.400001525879 115 117.199996948242 119.900001525879 123.699996948242 125.5 128.100006103516 128.699996948242 132.100006103516 137 139.5 142.300003051758 143 143.800003051758 143.800003051758 145.5 145 145.899993896484 145.100006103516 144.800003051758 144.699996948242
-3.4e+38 -3.4e+38 -3.4e+38 -3.4e+38 -3.4e+38 -3.4e+38 -3.4e+38 -3.4e+38 -3.4e+38 -3.4e+38 -3.4e+38 -3.4e+38 23.7999992370605 18.8999996185303 17.2000007629395 21.1000003814697 25.2000007629395 29.8999996185303 35.7999992370605 54 50.9000015258789 35.7999992370605 50.7999992370605 53.9000015258789 60.7999992370605 56.9000015258789 60.7000007629395 67.1999969482422 74.1999969482422 83.3000030517578 85.9000015258789 102 113.400001525879 114.900001525879 119.5 119.5 121.300003051758 123.300003051758 125 127.199996948242 129.199996948242 130.300003051758 134 136.899993896484 140.300003051758 141.600006103516 141.699996948242 142.5 142.5 143.300003051758 142.699996948242 144.300003051758 144.399993896484 144.600006103516 142.800003051758
-3.4e+38 -3.4e+38 -3.4e+38 -3.4e+38 -3.4e+38 -3.4e+38 -3.4e+38 -3.4e+38 -3.4e+38 -3.4e+38 35.7999992370605 30.7000007629395 25.7999992370605 20.8999996185303 18.2999992370605 19.6000003814697 25.5 26.3999996185303 42.7000007629395 44.2000007629395 35.7999992370605 46.7999992370605 55.2999992370605 50.9000015258789 60.0999984741211 67.6999969482422 70.5 82.1999969482422 89.8000030517578 103.5 98 112.599998474121 119.400001525879 121.400001525879 122.5 123.699996948242 125.400001525879 127.099998474121 129.600006103516 130.600006103516 133 134.300003051758 134.899993896484 138.600006103516 140.899993896484 142.399993896484 140.399993896484 142.399993896484 141.800003051758 142.600006103516 143.899993896484 143.5 143.899993896484 142.800003051758 143.899993896484
-3.4e+38 -3.4e+38 -3.4e+38 -3.4e+38 -3.4e+38 -3.4e+38 -3.4e+38 -3.4e+38 -3.4e+38 -3.4e+38 36.2000007629395 32.4000015258789 27.3999996185303 25.3999996185303 22.6000003814697 20.7999992370605 25.2000007629395 29.3999996185303 34.5999984741211 42 36.2999992370605 58 53.7999992370605 59 61.7000007629395 69.9000015258789 76.5999984741211 97.8000030517578 109.099998474121 112.099998474121 113.099998474121 117.099998474121 120.699996948242 124.599998474121 127 128 128.600006103516 130.300003051758 132 132.600006103516 134.899993896484 136.5 138.699996948242 140.899993896484 142 143.100006103516 143.5 142.800003051758 141.899993896484 143.699996948242 142.399993896484 144.100006103516 143.199996948242 143.199996948242 143.800003051758
-3.4e+38 -3.4e+38 -3.4e+38 -3.4e+38 -3.4e+38 -3.4e+38 -3.4e+38 -3.4e+38 -3.4e+38 37.9000015258789 35.9000015258789 33.2000007629395 27.5 24.8999996185303 24 27.2999992370605 24.5 28.2999992370605 31.1000003814697 42.7000007629395 55.7000007629395 64.4000015258789 59.5 64.4000015258789 68.0999984741211 77.9000015258789 96.3000030517578 109.800003051758 114 116.400001525879 118.599998474121 122.800003051758 124.099998474121 126.199996948242 129.399993896484 129 129.399993896484 130.399993896484 133.699996948242 134.600006103516 135.800003051758 137.699996948242 140.699996948242 141.399993896484 144.300003051758 146.100006103516 142.100006103516 143.699996948242 143.800003051758 142.399993896484 142.100006103516 143.5 142.899993896484 142.100006103516 141.5
-3.4e+38 -3.4e+38 -3.4e+38 -3.4e+38 -3.4e+38 -3.4e+38 -3.4e+38 -3.4e+38 -3.4e+38 34.2999992370605 34.2999992370605 32.0999984741211 27.8999996185303 26.2000007629395 27 23.7000007629395 34.0999984741211 36.7999992370605 37.9000015258789 56.7999992370605 62.2999992370605 66.0999984741211 62.4000015258789 73.5 83.9000015258789 100 107.800003051758 114.400001525879 117.900001525879 120.199996948242 123.199996948242 124.800003051758 127.199996948242 128.699996948242 130.600006103516 131.300003051758 130.699996948242 132.100006103516 133.899993896484 135.300003051758 135.899993896484 138.300003051758 140.300003051758 142.899993896484 143.800003051758 144.699996948242 144.100006103516 142.300003051758 142.899993896484 142.199996948242 141.5 142.100006103516 141.300003051758 141.899993896484 140.300003051758
-3.4e+38 -3.4e+38 -3.4e+38 -3.4e+38 -3.4e+38 38.2000007629395 37.0999984741211 36.2999992370605 35.7000007629395 36.4000015258789 34.7999992370605 33.9000015258789 30.5 28.7999992370605 26.1000003814697 33.5999984741211 44.5 47.2999992370605 52.7000007629395 61.2000007629395 64.3000030517578 60.4000015258789 71.9000015258789 89.5999984741211 96.6999969482422 105.5 109.599998474121 116.199996948242 120.099998474121 124.199996948242 125.900001525879 128.100006103516 129.199996948242 130.699996948242 132.600006103516 132.699996948242 131.600006103516 134.199996948242 137.100006103516 138 138.699996948242 139.800003051758 142.399993896484 143.699996948242 146 144.100006103516 144.5 141.899993896484 142.699996948242 141.800003051758 142.199996948242 141.699996948242 140.300003051758 139.899993896484 140.5
-3.4e+38 -3.4e+38 -3.4e+38 53.7000007629395 50.2999992370605 43.9000015258789 43.2999992370605 42 39.2999992370605 37.2999992370605 38.5999984741211 33.9000015258789 28.3999996185303 28.1000003814697 22.2999992370605 39.2000007629395 47 54.2999992370605 59.4000015258789 52.4000015258789 56.5 71.6999969482422 88.4000015258789 97 104.199996948242 107.099998474121 114.199996948242 119.900001525879 122.099998474121 126.099998474121 128.5 131.300003051758 132.199996948242 130.800003051758 132.100006103516 133.600006103516 133.800003051758 136.199996948242 136.800003051758 137.399993896484 138.699996948242 140.800003051758 142.199996948242 143 146.300003051758 144.899993896484 145 144 141.800003051758 142.399993896484 141.100006103516 142.199996948242 141.199996948242 138.399993896484 138.5
