data/layers/future_layer_can_126_60/bio4.asc
NCOLS 494 
NROWS 529 
XLLCORNER -117.166666666667 
YLLCORNER -55.5 
CELLSIZE 0.166666666666667 
NODATA_value -3.4e+38 
[rows 192 to 215 of 529, columns 220 to 274 of 494]
-3.4e+38 -3.4e+38 -3.4e+38 61.5999984741211 56.2999992370605 49.7999992370605 47.5999984741211 45 41.2999992370605 42.0999984741211 40.4000015258789 36.2999992370605 23.7000007629395 23.7999992370605 24.5 38.5999984741211 50.4000015258789 53.5999984741211 57.7999992370605 51.0999984741211 66.6999969482422 79.9000015258789 94.1999969482422 106.400001525879 111.199996948242 112.400001525879 116.099998474121 119.599998474121 122.699996948242 126.400001525879 128.899993896484 131.800003051758 132.800003051758 132.100006103516 132.800003051758 134.199996948242 135.899993896484 136.100006103516 136.399993896484 136.5 139.800003051758 140.699996948242 141.899993896484 143.899993896484 145.899993896484 145.899993896484 145 144 142.600006103516 142 141.199996948242 140.800003051758 139.800003051758 139.600006103516 139.899993896484
-3.4e+38 -3.4e+38 -3.4e+38 64.5999984741211 60.0999984741211 52.5 50.7000007629395 47.5999984741211 45.0999984741211 42.5999984741211 36.7000007629395 30.2000007629395 22 21.6000003814697 26.1000003814697 31.3999996185303 50 46.5999984741211 48.5 62.0999984741211 73.1999969482422 85.5 96 106.599998474121 112 112 116.5 120.099998474121 123.5 125.699996948242 128.199996948242 131.399993896484 133.100006103516 132.699996948242 133 132.800003051758 134.800003051758 135.5 137.100006103516 137.899993896484 139.899993896484 141 143 144.199996948242 145.699996948242 143.800003051758 144.699996948242 144.399993896484 141.5 142.5 141.399993896484 140.5 140.300003051758 139.300003051758 139.100006103516
-3.4e+38 -3.4e+38 -3.4e+38 68.4000015258789 58.7999992370605 55.7000007629395 56 52.7999992370605 47.7000007629395 42.2000007629395 36.4000015258789 30.2999992370605 21.8999996185303 21.6000003814697 28.7000007629395 42.9000015258789 43.7999992370605 42.7999992370605 54.2000007629395 64.1999969482422 77.5 86.4000015258789 95.8000030517578 103.300003051758 107.800003051758 110.699996948242 116.099998474121 120.5 122.599998474121 125.900001525879 127.699996948242 128.899993896484 131.699996948242 133 133.199996948242 133.600006103516 136.199996948242 135.800003051758 137.100006103516 138.399993896484 139.800003051758 143 143.600006103516 146.100006103516 146.199996948242 144.300003051758 144.600006103516 144 141.600006103516 140.800003051758 141.300003051758 139.699996948242 138.800003051758 138 137.899993896484
-3.4e+38 -3.4e+38 -3.4e+38 61.4000015258789 58.0999984741211 59.0999984741211 61 56.5999984741211 48.4000015258789 40.2000007629395 34.2999992370605 29.2999992370605 25.5 23.1000003814697 29.7000007629395 43.4000015258789 42.9000015258789 45.5 55.2000007629395 66.1999969482422 77.1999969482422 84.8000030517578 92.5 100.099998474121 105.199996948242 111.300003051758 115.5 120.400001525879 123.300003051758 124.5 127.5 129.5 130.199996948242 132 132.600006103516 132.800003051758 133.600006103516 135.899993896484 138.399993896484 138.5 140.600006103516 141.800003051758 143.800003051758 144.899993896484 146.399993896484 144.699996948242 144.800003051758 143.199996948242 141.800003051758 140.899993896484 140.5 138.800003051758 138.100006103516 138.899993896484 138.899993896484
-3.4e+38 -3.4e+38 68.0999984741211 61.2000007629395 59.7000007629395 59.2000007629395 61.2999992370605 57.7000007629395 52.0999984741211 39.9000015258789 34.2999992370605 22.5 27.7000007629395 22.8999996185303 38.7999992370605 46.0999984741211 43.7000007629395 47.5 56.7999992370605 68.5999984741211 78.5999984741211 86.1999969482422 92.1999969482422 99.4000015258789 105.199996948242 111.099998474121 115.699996948242 119.5 122.699996948242 124.099998474121 126.800003051758 127.300003051758 128.699996948242 131.100006103516 131.699996948242 132.800003051758 134.399993896484 136.899993896484 138.199996948242 139.199996948242 140 142 144.100006103516 145.100006103516 145.699996948242 144.199996948242 143.600006103516 143.100006103516 141.5 140.300003051758 139.600006103516 138.699996948242 138.699996948242 136.899993896484 137.699996948242
-3.4e+38 74.8000030517578 63.5 61.2000007629395 60.4000015258789 60.0999984741211 59.7000007629395 59.7000007629395 52 37 30.2000007629395 18.1000003814697 29.2999992370605 28.1000003814697 46.4000015258789 44.4000015258789 44.7999992370605 49.5 57.4000015258789 70.3000030517578 78.5999984741211 87.4000015258789 93.5999984741211 98.3000030517578 103.300003051758 109.699996948242 115.599998474121 120.300003051758 122.699996948242 123.5 126.400001525879 127.199996948242 129.5 131.399993896484 132 132.899993896484 134.699996948242 136.699996948242 138.399993896484 138.199996948242 141.100006103516 141.5 144.399993896484 144.699996948242 145.5 144.100006103516 143.199996948242 142.399993896484 142.100006103516 140.699996948242 140.100006103516 139 137.699996948242 135.5 136.300003051758
-3.4e+38 69.5 62.5 61.4000015258789 60.5 60.2000007629395 62.9000015258789 59.9000015258789 39.2000007629395 33.7000007629395 27.3999996185303 16.8999996185303 18.5 37.2999992370605 42.7000007629395 43.2999992370605 46.2000007629395 52.7000007629395 62.0999984741211 73.4000015258789 79.5999984741211 88.0999984741211 93.4000015258789 99.8000030517578 104.199996948242 110.199996948242 115.800003051758 119.900001525879 122 123.900001525879 124.300003051758 128 130.100006103516 131 132.5 133.5 135.600006103516 136.300003051758 137.399993896484 138.800003051758 141.199996948242 142 143 146.100006103516 146.399993896484 145 143.800003051758 140.199996948242 141 139.100006103516 138.399993896484 136.699996948242 137.399993896484 135.199996948242 135.100006103516
-3.4e+38 72.0999984741211 65.4000015258789 61.5999984741211 60.7000007629395 61 66.0999984741211 60.5999984741211 33.4000015258789 24.1000003814697 18.5 16.3999996185303 29.8999996185303 44.0999984741211 49.5 44.7999992370605 48.5 54.2000007629395 65 75.0999984741211 81.1999969482422 87.5 93.0999984741211 99.1999969482422 103.900001525879 107.300003051758 114.400001525879 119.300003051758 119.900001525879 123.199996948242 125.699996948242 126.699996948242 127.599998474121 131 131.399993896484 133.699996948242 135.699996948242 137.600006103516 137.899993896484 138.699996948242 141.5 142.5 142.399993896484 145.100006103516 146 145.300003051758 142.399993896484 143.100006103516 141.600006103516 138.600006103516 139.100006103516 137 135.800003051758 134.699996948242 134.600006103516
78.4000015258789 70.6999969482422 62 62.2000007629395 61.2999992370605 63.2999992370605 66.4000015258789 62.7999992370605 34.5 16.7999992370605 19.2000007629395 21.8999996185303 39.2999992370605 48.5999984741211 42.7999992370605 45.9000015258789 52 57.7000007629395 68.9000015258789 76.5 81.1999969482422 87 92.6999969482422 99.3000030517578 103.5 108.599998474121 113.599998474121 118.400001525879 120.800003051758 121.5 123.800003051758 128.199996948242 129.199996948242 130.399993896484 132.600006103516 133.600006103516 135 136.699996948242 137.199996948242 138.699996948242 139.899993896484 141.600006103516 143.199996948242 143.899993896484 145.199996948242 143.100006103516 141.5 141.100006103516 140.800003051758 139.100006103516 138.699996948242 137.899993896484 136.399993896484 133.199996948242 133.100006103516
73.9000015258789 65.1999969482422 62.7000007629395 62 62.5999984741211 62.9000015258789 64.5 63 30.6000003814697 18.3999996185303 28.1000003814697 38.5999984741211 47.7999992370605 50 42.9000015258789 46.5999984741211 56.9000015258789 61.7000007629395 71.5999984741211 76.4000015258789 80.9000015258789 87.6999969482422 93.4000015258789 98.6999969482422 103.300003051758 108.5 113.5 117.699996948242 120.400001525879 124 125.5 128.5 129.5 130.100006103516 131.899993896484 132.300003051758 134.5 137.100006103516 137 138.5 139.199996948242 141.600006103516 142.100006103516 144.899993896484 145.5 142.600006103516 141.199996948242 140.5 138.399993896484 138.300003051758 138.300003051758 136.5 134 133.5 132.399993896484
73.8000030517578 72.5999984741211 70.5999984741211 70.5 67.8000030517578 67.0999984741211 65.9000015258789 53.9000015258789 22.5 25.5 36.2000007629395 47.9000015258789 53.2000007629395 52.9000015258789 44.5 52.0999984741211 60.5 65.6999969482422 71.8000030517578 77.4000015258789 81.5999984741211 88.4000015258789 94.5 98 103.599998474121 108.5 114.599998474121 118.400001525879 121.300003051758 123.199996948242 127.5 128 128.199996948242 130.600006103516 131.899993896484 133.5 132.899993896484 134.899993896484 137.699996948242 137.899993896484 140.100006103516 142.100006103516 143.600006103516 143.800003051758 144.699996948242 144.199996948242 141.899993896484 140.399993896484 139.399993896484 135.800003051758 137 136.100006103516 133.699996948242 133.699996948242 131.399993896484
79.6999969482422 88.9000015258789 93.0999984741211 83.4000015258789 73.9000015258789 73.9000015258789 67.1999969482422 52.2999992370605 20.2999992370605 31.2000007629395 40.5 55 49.9000015258789 48.4000015258789 48.9000015258789 53.7000007629395 59.7999992370605 68 72.5 77.5 83 88.1999969482422 92.5999984741211 98.6999969482422 103.099998474121 108.599998474121 113.5 118.400001525879 120.699996948242 123 123.400001525879 127.900001525879 127.800003051758 131 131.699996948242 133.199996948242 133.300003051758 136.800003051758 136 138.300003051758 139.699996948242 141.800003051758 142.399993896484 143.899993896484 144.600006103516 142.699996948242 141.899993896484 141.600006103516 139.600006103516 137.300003051758 136.300003051758 133.899993896484 133.399993896484 132.300003051758 130.600006103516
85.4000015258789 110.900001525879 103.400001525879 87.4000015258789 81.5 75.8000030517578 69 47.7999992370605 21 28 34.4000015258789 43.9000015258789 45.5999984741211 42.5999984741211 47.5999984741211 55.7000007629395 62.4000015258789 68 74.1999969482422 78.3000030517578 82.4000015258789 87 93.3000030517578 98.8000030517578 102.800003051758 108.099998474121 114.300003051758 118.300003051758 119.599998474121 122.699996948242 123.099998474121 126 125.900001525879 128.100006103516 131.800003051758 132.300003051758 135 133.699996948242 135.600006103516 137.699996948242 138.600006103516 140.5 143.5 143.699996948242 143.300003051758 142 140.5 140.300003051758 140 137.800003051758 135.5 133 131.600006103516 131.800003051758 130.5
97.1999969482422 96.5999984741211 88.4000015258789 81.5999984741211 80.4000015258789 79 73.9000015258789 45.5999984741211 18 22.8999996185303 27.2000007629395 41.4000015258789 42 42.9000015258789 48.7999992370605 56.9000015258789 63.2999992370605 67.5999984741211 74.5 77 82.6999969482422 87.1999969482422 92 97.0999984741211 103.099998474121 105.5 113.599998474121 116.599998474121 117.5 120 122.199996948242 125 125.800003051758 128 130.600006103516 130.199996948242 132.800003051758 134.800003051758 135.300003051758 136.5 138.800003051758 140.399993896484 141.399993896484 142.199996948242 143 142.600006103516 139.899993896484 140.399993896484 139.300003051758 135.800003051758 135.300003051758 132.699996948242 133.399993896484 131.5 131.899993896484
89.9000015258789 81.5 74 78.5 81.1999969482422 82.5999984741211 79.0999984741211 50.2999992370605 20.1000003814697 22.8999996185303 22.2000007629395 31 39 41.4000015258789 47.2999992370605 55.7000007629395 63.2000007629395 68.3000030517578 73.1999969482422 77.9000015258789 82.0999984741211 87.8000030517578 91.8000030517578 97.5 101.300003051758 106.5 111.400001525879 116.099998474121 116.900001525879 119 120.099998474121 121.800003051758 125.300003051758 126.400001525879 127.800003051758 129.399993896484 131.100006103516 132.699996948242 133 135.5 136.300003051758 138.600006103516 139.600006103516 143.800003051758 142.300003051758 140.100006103516 140.899993896484 138.199996948242 137.300003051758 136.899993896484 135.100006103516 134.100006103516 132.800003051758 131.100006103516 130.100006103516
91.8000030517578 80 69.5999984741211 78.0999984741211 83.3000030517578 84.4000015258789 78.9000015258789 53.2999992370605 24.2000007629395 21.6000003814697 21.3999996185303 27.2000007629395 37.2000007629395 41.9000015258789 47.7000007629395 54.7000007629395 63.5999984741211 68 73.5999984741211 77.4000015258789 81.5999984741211 87.5 91.4000015258789 95.1999969482422 100.599998474121 104.5 109.699996948242 113.199996948242 115.900001525879 117.699996948242 119.599998474121 121.900001525879 123.099998474121 125.900001525879 127.400001525879 129.300003051758 130 132.100006103516 133 135.100006103516 135.100006103516 138.300003051758 140.600006103516 140.399993896484 141.899993896484 141.300003051758 141.300003051758 137.800003051758 138.399993896484 137.300003051758 134.800003051758 133.600006103516 134 132.600006103516 131.100006103516
106.099998474121 87.5 77.8000030517578 77.8000030517578 82.5999984741211 84 81.6999969482422 64.9000015258789 19.6000003814697 23 24 32.5999984741211 35.2999992370605 42.2999992370605 50.7999992370605 56.5999984741211 63.9000015258789 71 75.1999969482422 77.9000015258789 82.3000030517578 87 90.3000030517578 94.5999984741211 99.3000030517578 102.699996948242 108.099998474121 112.400001525879 112.699996948242 116.099998474121 117.699996948242 120.800003051758 121.5 122.800003051758 125 126.699996948242 130.600006103516 131.100006103516 131.699996948242 134.199996948242 135.399993896484 137 138.199996948242 140.699996948242 142.199996948242 142.199996948242 140.399993896484 139 138.199996948242 135.899993896484 135.399993896484 134.399993896484 133.300003051758 132.300003051758 130.800003051758
115.300003051758 100 89.5 91.5 85.1999969482422 82.6999969482422 78.4000015258789 67 24.5 32.2000007629395 25.2999992370605 36 35.5 46.2000007629395 54.2999992370605 58.7999992370605 65.9000015258789 71.4000015258789 74.3000030517578 78.0999984741211 80 84.5999984741211 89.5999984741211 92.8000030517578 96.9000015258789 102.900001525879 106.199996948242 110.400001525879 112.800003051758 114.400001525879 115.300003051758 118.800003051758 120.300003051758 122.300003051758 122.699996948242 126.599998474121 127.199996948242 129.600006103516 130.600006103516 133.600006103516 135.600006103516 137.100006103516 137.800003051758 140.199996948242 140.800003051758 140.300003051758 141.5 138.199996948242 138.600006103516 137.800003051758 134.600006103516 134.899993896484 133.699996948242 132.800003051758 131.199996948242
120.300003051758 109.900001525879 101.400001525879 97.5999984741211 89.4000015258789 83.4000015258789 76.0999984741211 46.9000015258789 27.7000007629395 25 31.5 33.0999984741211 36.7000007629395 50.5999984741211 58 61.5 67.5999984741211 73.0999984741211 75.5999984741211 78.8000030517578 79.9000015258789 84.6999969482422 88.5999984741211 92.1999969482422 95.5 100 104 108.099998474121 111.099998474121 112.199996948242 114.199996948242 116.5 119.5 121.699996948242 122.699996948242 124.5 127 129.399993896484 130.899993896484 133.699996948242 133.100006103516 135.699996948242 138.300003051758 140.199996948242 140.100006103516 140.399993896484 139.5 137.899993896484 138 136.600006103516 135.899993896484 135.300003051758 134.699996948242 133.800003051758 132.100006103516
-3.4e+38 119.5 -3.4e+38 99.3000030517578 91.0999984741211 82.6999969482422 51.4000015258789 21 29.6000003814697 33.7999992370605 33.7999992370605 36 45.2999992370605 56.2999992370605 59 66.5999984741211 69.9000015258789 72.5 75.5999984741211 76.8000030517578 80.5999984741211 84.4000015258789 87.4000015258789 92.1999969482422 94.9000015258789 97.5999984741211 102 106.599998474121 108.5 110.900001525879 112.699996948242 114.099998474121 119.199996948242 119.900001525879 121.900001525879 123.300003051758 126.5 128.100006103516 129 130.300003051758 132.5 135.100006103516 136.899993896484 138.600006103516 139.600006103516 139.899993896484 140.5 138.399993896484 137.5 137.600006103516 137.699996948242 136.300003051758 134.300003051758 133.100006103516 132.199996948242
-3.4e+38 -3.4e+38 102.300003051758 -3.4e+38 -3.4e+38 46.9000015258789 24.5 35.2999992370605 43.5999984741211 40.5 40.0999984741211 42.5 50.2000007629395 61.7999992370605 58.5 69 70.1999969482422 72.6999969482422 75.3000030517578 77.8000030517578 80.0999984741211 82.3000030517578 86.8000030517578 89.3000030517578 92.6999969482422 95.4000015258789 101.400001525879 104.900001525879 106.5 110.199996948242 110.900001525879 115.099998474121 115.300003051758 118.400001525879 121.699996948242 123.800003051758 125.699996948242 128 128.899993896484 132.300003051758 132 134 136 138.100006103516 139.199996948242 140.399993896484 138.5 138 138.899993896484 136.800003051758 137.399993896484 136.699996948242 135.100006103516 133.199996948242 133.300003051758
-3.4e+38 -3.4e+38 -3.4e+38 -3.4e+38 80.5999984741211 43.0999984741211 29.2999992370605 46.0999984741211 50.7000007629395 46.0999984741211 46.2000007629395 46.2000007629395 51.2999992370605 58.2000007629395 62.7999992370605 68.4000015258789 69.5999984741211 71.3000030517578 74.9000015258789 76.0999984741211 79.5999984741211 82 83.5999984741211 87.6999969482422 90.1999969482422 93.5999984741211 98.4000015258789 103.199996948242 105.5 108.199996948242 110.400001525879 113.800003051758 116.699996948242 119.099998474121 120.300003051758 121.400001525879 124.400001525879 126 129.600006103516 130.300003051758 130.5 134.800003051758 134.600006103516 136.600006103516 138.899993896484 140.5 140.300003051758 139.600006103516 138.300003051758 138.100006103516 136.899993896484 136 136.5 134.899993896484 132.699996948242
-3.4e+38 -3.4e+38 -3.4e+38 -3.4e+38 63.9000015258789 23.6000003814697 36.5999984741211 47.5 50.0999984741211 50.2999992370605 50.9000015258789 47.9000015258789 52.4000015258789 59.0999984741211 63 65.5 69.0999984741211 70 72.4000015258789 78.1999969482422 78.0999984741211 79.5999984741211 82.5999984741211 86.8000030517578 89.6999969482422 93.1999969482422 97.5999984741211 101.599998474121 104.5 106.099998474121 109.699996948242 113.5 115.400001525879 118.699996948242 119.800003051758 121.400001525879 124.5 125.5 129.300003051758 129.899993896484 130.100006103516 132.899993896484 134.699996948242 136.699996948242 139.199996948242 139.399993896484 140 138.699996948242 139.100006103516 138 136.399993896484 135.899993896484 137 134.100006103516 133.199996948242
-3.4e+38 -3.4e+38 -3.4e+38 85.8000030517578 53.9000015258789 24.7999992370605 35.5 38.2000007629395 49 54 48.4000015258789 48.5 53.5 58.5 61.7999992370605 65.3000030517578 67.1999969482422 70.9000015258789 71 76.4000015258789 77.0999984741211 81.3000030517578 80.4000015258789 86 89.1999969482422 92.5 97.6999969482422 100.400001525879 104 108.199996948242 110.900001525879 113 116.300003051758 117.199996948242 119.300003051758 121.599998474121 123.099998474121 126.199996948242 127 128.699996948242 131.699996948242 132.100006103516 132.899993896484 135.600006103516 138.100006103516 138.399993896484 139.100006103516 139.899993896484 137.699996948242 138.399993896484 137 136.399993896484 136.399993896484 135.100006103516 135.100006103516
