data/layers/future_layer_can_126_60/bio4.asc
NCOLS 494 
NROWS 529 
XLLCORNER -117.166666666667 
YLLCORNER -55.5 
CELLSIZE 0.166666666666667 
NODATA_value -3.4e+38 
[rows 432 to 455 of 529, columns 275 to 329 of 494]
482.200012207031 511.200012207031 530.599975585938 533.900024414062 547 559.900024414062 572.599975585938 589.5 603.700012207031 612.799987792969 622.200012207031 624.900024414062 625 613.200012207031 601.200012207031 616.900024414062 636.400024414062 629.799987792969 634.299987792969 639.799987792969 643.599975585938 642.700012207031 643.799987792969 644.200012207031 639.099975585938 634.099975585938 630.599975585938 629.400024414062 629.099975585938 629.200012207031 628.299987792969 627.5 626.900024414062 613.400024414062 611.200012207031 626.400024414062 625.5 622.5 621.099975585938 618.799987792969 615.299987792969 613.900024414062 610 605.900024414062 604.5 600.900024414062 596.799987792969 592.099975585938 589.799987792969 587 581.299987792969 574.099975585938 566 562.099975585938 556.799987792969
490.399993896484 512.400024414062 528.599975585938 538 554.799987792969 562.400024414062 576.5 591.299987792969 601.299987792969 610.799987792969 618.700012207031 624.299987792969 606 605.200012207031 634 642.5 630 629.900024414062 637 638.299987792969 640.599975585938 639.700012207031 640.700012207031 640.700012207031 641.299987792969 639.5 634.799987792969 630.700012207031 627.700012207031 626.900024414062 628 627.5 626.799987792969 626.799987792969 624.200012207031 619.299987792969 622.200012207031 622.400024414062 619.799987792969 615.799987792969 613.900024414062 611 607.299987792969 604.799987792969 602.5 598.299987792969 595.400024414062 593.5 589.799987792969 587.200012207031 579.099975585938 573.799987792969 565.400024414062 557 552.200012207031
486 518.700012207031 532.5 541.599975585938 557.799987792969 564.799987792969 574.099975585938 588.700012207031 602.099975585938 612.400024414062 616.200012207031 621.700012207031 625 627.799987792969 634.200012207031 638.5 629.5 632.599975585938 637.5 638 638.900024414062 639.200012207031 638.099975585938 637.799987792969 636 637.799987792969 636.299987792969 633.799987792969 626.799987792969 625 624.299987792969 623.200012207031 622.799987792969 621.599975585938 622.900024414062 617.700012207031 619.5 617.700012207031 615.700012207031 615.700012207031 614.5 612.799987792969 611 604.299987792969 601 596.400024414062 593.299987792969 590.700012207031 588.400024414062 584.599975585938 579.799987792969 569.799987792969 562.099975585938 554 546.200012207031
492.100006103516 518.799987792969 535.900024414062 546.799987792969 551 569.5 578.299987792969 590.400024414062 599.900024414062 605.400024414062 610.900024414062 615.200012207031 617.400024414062 622.099975585938 627 631.299987792969 625.400024414062 627.400024414062 632.400024414062 635.900024414062 636.200012207031 632.299987792969 633.099975585938 635.200012207031 633.700012207031 632.700012207031 634.700012207031 634.5 628.599975585938 625.099975585938 623.099975585938 622.200012207031 620.700012207031 619.099975585938 616.700012207031 615.599975585938 610.799987792969 612.900024414062 612.400024414062 615.900024414062 615.299987792969 611.299987792969 608.900024414062 603.900024414062 602.599975585938 596.299987792969 591.799987792969 588.200012207031 583 579.200012207031 575.299987792969 568.799987792969 557.599975585938 549.5 -3.4e+38
491.100006103516 513.299987792969 535.200012207031 548.599975585938 553.799987792969 569 581.700012207031 590.400024414062 596.200012207031 597.200012207031 600.200012207031 605.299987792969 610.099975585938 614.799987792969 616.799987792969 623.400024414062 620 620.200012207031 623.299987792969 625.099975585938 628.599975585938 628.700012207031 629.599975585938 631.400024414062 631.099975585938 631.599975585938 629 628.400024414062 627.700012207031 627.799987792969 622.900024414062 619.5 619.5 615 613.700012207031 611.099975585938 609 610 608.900024414062 609.900024414062 606.700012207031 605.400024414062 600.299987792969 600.299987792969 595 592.900024414062 588.599975585938 585.099975585938 579.700012207031 574.599975585938 567.299987792969 562.599975585938 556.400024414062 547.099975585938 -3.4e+38
482.5 507.700012207031 537.400024414062 555.299987792969 560.700012207031 566.099975585938 578.299987792969 580.900024414062 584.700012207031 592 594.799987792969 599.5 602.700012207031 608.200012207031 611 614.299987792969 616.099975585938 618.200012207031 617.900024414062 619.200012207031 622.400024414062 623.700012207031 626.099975585938 626 627.900024414062 626.599975585938 625.599975585938 624.599975585938 623.599975585938 624.299987792969 621.599975585938 617.599975585938 613.299987792969 612.799987792969 613.200012207031 607.400024414062 604.799987792969 603.5 604.900024414062 604.299987792969 605.400024414062 606.5 598 590.200012207031 588.400024414062 586.299987792969 583.200012207031 579.299987792969 574.5 569.400024414062 561.700012207031 557 548.299987792969 536.700012207031 -3.4e+38
485.5 509.600006103516 541.400024414062 557 559.200012207031 568.700012207031 576.299987792969 575.400024414062 586.200012207031 586.5 591.200012207031 595.200012207031 597.5 603.700012207031 605.700012207031 607.5 609.700012207031 613.299987792969 612 613.5 617.299987792969 620.400024414062 621.200012207031 624 624.799987792969 623.599975585938 623 621 620.599975585938 620.700012207031 618.099975585938 615.5 611.700012207031 610.700012207031 605.700012207031 606.900024414062 594.700012207031 601.099975585938 602.900024414062 599.099975585938 596.099975585938 596.700012207031 594.400024414062 590.700012207031 583.599975585938 577.599975585938 575.799987792969 572.599975585938 570.099975585938 564.099975585938 555.5 550.900024414062 542.400024414062 -3.4e+38 -3.4e+38
489.399993896484 507.700012207031 536.099975585938 555.299987792969 562.599975585938 569.5 578.700012207031 587.200012207031 583.099975585938 584.200012207031 588.5 596.200012207031 600.799987792969 604.900024414062 605.200012207031 605.200012207031 608.200012207031 610.799987792969 613.5 612 615.099975585938 617.799987792969 620.799987792969 623.200012207031 621.599975585938 620.900024414062 619.900024414062 617.400024414062 618.599975585938 617.599975585938 614.799987792969 613.200012207031 609.200012207031 604.700012207031 600.200012207031 595.200012207031 594.099975585938 593.099975585938 590 586.700012207031 586.700012207031 586.299987792969 584.200012207031 582.799987792969 579.200012207031 572.900024414062 565.5 565.700012207031 562.400024414062 557.299987792969 550.200012207031 543.099975585938 533.099975585938 527.099975585938 510.700012207031
495 515.299987792969 532.799987792969 549 559.299987792969 569.900024414062 585.299987792969 587.200012207031 582.5 585.799987792969 595.299987792969 601.200012207031 605.799987792969 605.299987792969 603.599975585938 601.599975585938 609.599975585938 612.299987792969 615.599975585938 619.299987792969 618.299987792969 616.5 617 618.200012207031 616.099975585938 615.799987792969 615.200012207031 612 612.5 609.799987792969 604 605.799987792969 605.700012207031 601.700012207031 597.200012207031 591.400024414062 584 -3.4e+38 -3.4e+38 569 575 574.400024414062 573.400024414062 569.5 567.599975585938 565.099975585938 561.599975585938 552.799987792969 547.900024414062 542.400024414062 544.099975585938 535.700012207031 526.099975585938 516.400024414062 -3.4e+38
492.100006103516 521.900024414062 531.5 545.200012207031 556.200012207031 559.900024414062 581.400024414062 584 583.799987792969 592.799987792969 600.799987792969 606.700012207031 610.400024414062 606.299987792969 598.799987792969 596.5 604.900024414062 611.200012207031 615.200012207031 615.099975585938 615.599975585938 615.700012207031 614.799987792969 613.900024414062 610.200012207031 607.599975585938 606.099975585938 605.200012207031 604.099975585938 601.099975585938 597.900024414062 599.099975585938 595.200012207031 594.700012207031 589.900024414062 586.099975585938 578.099975585938 -3.4e+38 -3.4e+38 -3.4e+38 -3.4e+38 -3.4e+38 554.900024414062 558.099975585938 557.700012207031 554.400024414062 551.799987792969 550.799987792969 548.599975585938 542.5 534.5 525.599975585938 -3.4e+38 -3.4e+38 -3.4e+38
483.600006103516 519 532.799987792969 541.599975585938 554.799987792969 568.5 578.700012207031 579.200012207031 583.299987792969 587.5 598.200012207031 605.900024414062 615.400024414062 610.599975585938 606.200012207031 606.5 609.200012207031 612 615.299987792969 615 615.400024414062 613.5 609.900024414062 606.400024414062 604.700012207031 601.400024414062 599.900024414062 595.799987792969 594.299987792969 592.599975585938 591.400024414062 591.200012207031 589.799987792969 587.099975585938 584.900024414062 579.900024414062 570.299987792969 -3.4e+38 -3.4e+38 -3.4e+38 -3.4e+38 -3.4e+38 -3.4e+38 -3.4e+38 -3.4e+38 539.5 540.900024414062 537.5 533.799987792969 529.200012207031 -3.4e+38 -3.4e+38 -3.4e+38 -3.4e+38 -3.4e+38
498.5 520.099975585938 530.599975585938 540.599975585938 551 567.099975585938 573.799987792969 577.700012207031 585.099975585938 590.200012207031 599.599975585938 606.400024414062 612.900024414062 614.900024414062 614 613.900024414062 616 612.900024414062 612.900024414062 607.299987792969 608.5 603.200012207031 601.299987792969 601.799987792969 598.900024414062 594.099975585938 588.099975585938 584.900024414062 583.900024414062 586.299987792969 584.599975585938 584.200012207031 582.400024414062 580.099975585938 577.700012207031 574.099975585938 564.200012207031 -3.4e+38 -3.4e+38 -3.4e+38 -3.4e+38 -3.4e+38 -3.4e+38 -3.4e+38 -3.4e+38 -3.4e+38 -3.4e+38 -3.4e+38 -3.4e+38 -3.4e+38 -3.4e+38 -3.4e+38 -3.4e+38 -3.4e+38 -3.4e+38
495.200012207031 518.599975585938 535.700012207031 548.299987792969 554.299987792969 561.299987792969 560.599975585938 566.900024414062 585.299987792969 595.200012207031 594.299987792969 604.799987792969 608.900024414062 611.299987792969 610.099975585938 615.200012207031 614.299987792969 612.200012207031 610.200012207031 606.299987792969 603.299987792969 604 599.900024414062 598.700012207031 595.200012207031 587.200012207031 578.900024414062 578.099975585938 580.099975585938 582.900024414062 580.599975585938 577.299987792969 575.799987792969 575.400024414062 572 568.400024414062 561.099975585938 -3.4e+38 -3.4e+38 -3.4e+38 -3.4e+38 -3.4e+38 -3.4e+38 -3.4e+38 -3.4e+38 -3.4e+38 -3.4e+38 -3.4e+38 -3.4e+38 -3.4e+38 -3.4e+38 -3.4e+38 -3.4e+38 -3.4e+38 -3.4e+38
492.5 516.200012207031 534.700012207031 548.599975585938 561.5 563.200012207031 567.400024414062 566.700012207031 578.299987792969 586 584.599975585938 595.900024414062 598.400024414062 594.5 598.900024414062 611.099975585938 609 606.400024414062 606.5 603.599975585938 604.099975585938 603 596.099975585938 595.099975585938 591.700012207031 585.5 579.5 577 578 578 577.299987792969 576.400024414062 573.5 571.5 568.099975585938 561.299987792969 552.900024414062 546.700012207031 -3.4e+38 -3.4e+38 -3.4e+38 -3.4e+38 -3.4e+38 -3.4e+38 -3.4e+38 -3.4e+38 -3.4e+38 -3.4e+38 -3.4e+38 -3.4e+38 -3.4e+38 -3.4e+38 -3.4e+38 -3.4e+38 -3.4e+38
494.799987792969 517.599975585938 536.5 552.799987792969 562.400024414062 568.5 569.099975585938 574.200012207031 576.200012207031 580.299987792969 584 592.799987792969 589.900024414062 584.299987792969 591.400024414062 601.700012207031 605.900024414062 601 592.900024414062 597.799987792969 599.5 602.200012207031 596.599975585938 591.900024414062 592.099975585938 590.099975585938 582.900024414062 578.599975585938 578.900024414062 577.900024414062 576.5 572.200012207031 568 564.200012207031 559.099975585938 555.900024414062 546.5 535.900024414062 -3.4e+38 -3.4e+38 -3.4e+38 -3.4e+38 -3.4e+38 -3.4e+38 -3.4e+38 -3.4e+38 -3.4e+38 -3.4e+38 -3.4e+38 -3.4e+38 -3.4e+38 -3.4e+38 -3.4e+38 -3.4e+38 -3.4e+38
505.799987792969 532.700012207031 547.299987792969 558.099975585938 562.099975585938 571.400024414062 577.200012207031 581.099975585938 581.099975585938 578.099975585938 584.700012207031 586.299987792969 584.700012207031 588.700012207031 594.200012207031 592.799987792969 596.299987792969 599 582 589.799987792969 597.299987792969 598.400024414062 590.799987792969 590.599975585938 588.700012207031 590.299987792969 586.900024414062 583.299987792969 580.900024414062 576.599975585938 574.5 571.599975585938 566.099975585938 562.700012207031 557.400024414062 550.599975585938 543.799987792969 -3.4e+38 -3.4e+38 -3.4e+38 -3.4e+38 -3.4e+38 -3.4e+38 -3.4e+38 -3.4e+38 -3.4e+38 -3.4e+38 -3.4e+38 -3.4e+38 -3.4e+38 -3.4e+38 -3.4e+38 -3.4e+38 -3.4e+38 -3.4e+38
508 526.400024414062 546.900024414062 562.599975585938 566.799987792969 570.700012207031 572.099975585938 582.099975585938 585.200012207031 582.200012207031 584 579 575 582.799987792969 581.799987792969 575.200012207031 577.400024414062 584.400024414062 579.5 581.200012207031 587.700012207031 589.400024414062 579 587.200012207031 589.799987792969 587.599975585938 588.200012207031 584 577.700012207031 573.599975585938 570.900024414062 566.400024414062 565.5 559.799987792969 553.200012207031 548.5 539.900024414062 -3.4e+38 -3.4e+38 -3.4e+38 -3.4e+38 -3.4e+38 -3.4e+38 -3.4e+38 -3.4e+38 -3.4e+38 -3.4e+38 -3.4e+38 -3.4e+38 -3.4e+38 -3.4e+38 -3.4e+38 -3.4e+38 -3.4e+38 -3.4e+38
520.200012207031 528.700012207031 547 557.200012207031 569 570.799987792969 571 574.5 581.5 583 588.200012207031 585.700012207031 583 578.900024414062 581.099975585938 580.799987792969 576.900024414062 581.5 581.200012207031 574.599975585938 582.599975585938 588.700012207031 586.200012207031 588 589.599975585938 587.700012207031 585.400024414062 579.099975585938 576.200012207031 573.200012207031 569.5 565.5 563 556.400024414062 550.5 545.299987792969 538.5 530 517.799987792969 -3.4e+38 -3.4e+38 -3.4e+38 -3.4e+38 -3.4e+38 471.5 465.799987792969 -3.4e+38 -3.4e+38 -3.4e+38 -3.4e+38 -3.4e+38 -3.4e+38 -3.4e+38 -3.4e+38 -3.4e+38
506.600006103516 526.5 534.700012207031 554.099975585938 565.200012207031 566.900024414062 565.099975585938 563.700012207031 577.099975585938 581.599975585938 582.5 588.900024414062 590.5 586.599975585938 578.400024414062 587.700012207031 587.799987792969 589.299987792969 589.200012207031 585.200012207031 586.700012207031 581.799987792969 578.400024414062 582.5 586 586 581.400024414062 573.5 570.799987792969 568.799987792969 568.299987792969 567.599975585938 562.900024414062 557.400024414062 550.200012207031 546.400024414062 538.099975585938 528.5 518 506.799987792969 -3.4e+38 -3.4e+38 -3.4e+38 -3.4e+38 464.799987792969 458.299987792969 -3.4e+38 -3.4e+38 -3.4e+38 -3.4e+38 -3.4e+38 -3.4e+38 -3.4e+38 -3.4e+38 -3.4e+38
496.399993896484 526.400024414062 540.200012207031 553.200012207031 568.700012207031 569.900024414062 569.299987792969 573.099975585938 577.700012207031 585.200012207031 582.200012207031 586.599975585938 588.700012207031 586.700012207031 582.700012207031 580.799987792969 584.599975585938 589.299987792969 591.799987792969 590.900024414062 585.599975585938 574.799987792969 572.799987792969 577.5 581.299987792969 580.400024414062 581.599975585938 579.099975585938 572.400024414062 568.299987792969 566.799987792969 566.400024414062 561.900024414062 558.400024414062 551.400024414062 545.200012207031 536.599975585938 525.5 -3.4e+38 -3.4e+38 -3.4e+38 -3.4e+38 -3.4e+38 464.700012207031 455.399993896484 448.600006103516 -3.4e+38 -3.4e+38 -3.4e+38 -3.4e+38 -3.4e+38 -3.4e+38 -3.4e+38 -3.4e+38 -3.4e+38
497.299987792969 522.099975585938 540.599975585938 551.299987792969 564.900024414062 564.700012207031 566.099975585938 572.400024414062 569.200012207031 584.700012207031 586.700012207031 578.299987792969 583.5 584.299987792969 580.900024414062 573.099975585938 572.799987792969 576.099975585938 579.200012207031 576.700012207031 573.400024414062 573 574.700012207031 576.299987792969 578.700012207031 584.799987792969 585.599975585938 580.900024414062 576.700012207031 571.099975585938 568.799987792969 566.900024414062 562.400024414062 559.700012207031 555.299987792969 546.700012207031 536 519.299987792969 -3.4e+38 -3.4e+38 -3.4e+38 -3.4e+38 -3.4e+38 457 447.100006103516 437.100006103516 -3.4e+38 -3.4e+38 -3.4e+38 -3.4e+38 -3.4e+38 -3.4e+38 -3.4e+38 -3.4e+38 -3.4e+38
504.600006103516 522.599975585938 529.200012207031 547.5 563.400024414062 566.5 566.799987792969 564.099975585938 565.799987792969 568.400024414062 579.200012207031 585.700012207031 578.099975585938 580.200012207031 582.200012207031 585.799987792969 583.700012207031 572.700012207031 573.200012207031 575.5 577.5 575.299987792969 576 578.5 586.200012207031 586.400024414062 584.299987792969 582.299987792969 579.5 572.900024414062 567.900024414062 567.099975585938 561.799987792969 558.200012207031 552.299987792969 546.099975585938 538 525.099975585938 512.799987792969 -3.4e+38 -3.4e+38 -3.4e+38 -3.4e+38 -3.4e+38 -3.4e+38 -3.4e+38 -3.4e+38 -3.4e+38 -3.4e+38 -3.4e+38 -3.4e+38 -3.4e+38 -3.4e+38 -3.4e+38 -3.4e+38
506.399993896484 522.200012207031 534.400024414062 539 557.5 564.400024414062 569.299987792969 566.900024414062 564.299987792969 565.700012207031 567.5 574 584.5 584.099975585938 583.799987792969 585.400024414062 584.200012207031 573.200012207031 577 575 577.400024414062 574.200012207031 581.799987792969 583.5 583.299987792969 582.400024414062 579.900024414062 577.099975585938 572.299987792969 568.700012207031 564.700012207031 560.700012207031 558.700012207031 554.799987792969 551.900024414062 549 539.900024414062 527.599975585938 515.200012207031 497.600006103516 -3.4e+38 -3.4e+38 -3.4e+38 -3.4e+38 -3.4e+38 -3.4e+38 -3.4e+38 -3.4e+38 -3.4e+38 -3.4e+38 -3.4e+38 -3.4e+38 -3.4e+38 -3.4e+38 -3.4e+38
486.600006103516 509.899993896484 529.299987792969 527.5 546.299987792969 561.700012207031 563.599975585938 559.299987792969 566.900024414062 567.099975585938 560.700012207031 562.299987792969 585.799987792969 586.900024414062 584.400024414062 584.799987792969 585.299987792969 575.599975585938 578.799987792969 581.900024414062 581.700012207031 581.5 581.299987792969 579.700012207031 577.599975585938 575.599975585938 570.299987792969 568.900024414062 566.400024414062 564 560.200012207031 556.200012207031 552.299987792969 549.400024414062 544.200012207031 541.5 537.299987792969 524.299987792969 -3.4e+38 -3.4e+38 -3.4e+38 -3.4e+38 -3.4e+38 -3.4e+38 -3.4e+38 -3.4e+38 -3.4e+38 -3.4e+38 -3.4e+38 -3.4e+38 -3.4e+38 -3.4e+38 -3.4e+38 -3.4e+38 -3.4e+38
