data/layers/future_layer_can_126_60/bio4.asc
NCOLS 494 
NROWS 529 
XLLCORNER -117.166666666667 
YLLCORNER -55.5 
CELLSIZE 0.166666666666667 
NODATA_value -3.4e+38 
[rows 48 to 71 of 529, columns 55 to 109 of 494]
-3.4e+38 430.700012207031 440.299987792969 438.5 391 347 318.899993896484 326.299987792969 290.5 297.5 290.200012207031 302.100006103516 323.799987792969 342.100006103516 374.799987792969 371.100006103516 382.600006103516 352.899993896484 376.100006103516 401.200012207031 388.299987792969 393.899993896484 357.399993896484 382.5 390 370.200012207031 371.600006103516 384.399993896484 370.200012207031 355.200012207031 330 313.600006103516 321.799987792969 337.700012207031 330.700012207031 348.399993896484 361.5 362.600006103516 344.5 346.200012207031 387.299987792969 324.200012207031 360.799987792969 330.700012207031 311.100006103516 317 302.299987792969 277 296.5 393.899993896484 511.799987792969 525 514.5 468.200012207031 491.100006103516
-3.4e+38 -3.4e+38 -3.4e+38 427.299987792969 420.600006103516 361.600006103516 314.899993896484 293.200012207031 282.299987792969 262.700012207031 286 308.100006103516 339.399993896484 359.899993896484 369.200012207031 374.700012207031 375.399993896484 359.799987792969 362.200012207031 389.5 393.399993896484 388.299987792969 379.700012207031 387.399993896484 367 363.5 371.299987792969 380.399993896484 360.600006103516 342.299987792969 335.100006103516 327.700012207031 324.700012207031 322.399993896484 346.200012207031 350.399993896484 364.799987792969 367.600006103516 371.399993896484 366.799987792969 378 345.299987792969 344.299987792969 368.899993896484 345 318 300.100006103516 273.5 269.5 326.600006103516 458.700012207031 525.400024414062 521.700012207031 502.5 496.399993896484
-3.4e+38 -3.4e+38 -3.4e+38 -3.4e+38 415.100006103516 375.200012207031 294 297.299987792969 286 252.399993896484 258.399993896484 286.5 296.200012207031 314 365.200012207031 371.299987792969 371.5 372.399993896484 353 375.600006103516 392.700012207031 396.899993896484 388.600006103516 370.299987792969 348.100006103516 350.899993896484 355.299987792969 357 346.700012207031 346.700012207031 354.899993896484 346.600006103516 342.399993896484 349.600006103516 359 373.299987792969 385.299987792969 384.899993896484 361.600006103516 377.100006103516 358.899993896484 331.700012207031 354.899993896484 359.100006103516 333.799987792969 326.799987792969 315.799987792969 315.100006103516 281.799987792969 348.399993896484 453 521.200012207031 522.099975585938 516.400024414062 508
-3.4e+38 -3.4e+38 -3.4e+38 -3.4e+38 -3.4e+38 -3.4e+38 358.799987792969 323.100006103516 297.5 277.799987792969 255.899993896484 251.199996948242 261.600006103516 315.700012207031 358.899993896484 371.799987792969 369.700012207031 364.600006103516 356.600006103516 360.399993896484 381.399993896484 388.700012207031 385.399993896484 374.5 349.799987792969 331.5 339.5 344.399993896484 346.899993896484 358.100006103516 375 348 343.299987792969 356.399993896484 370.399993896484 381 385.700012207031 377.299987792969 366.299987792969 365.299987792969 357.799987792969 350.200012207031 368.200012207031 326.799987792969 314.700012207031 325.5 323.700012207031 341.600006103516 314.899993896484 351.899993896484 401.100006103516 467.700012207031 524.299987792969 519.599975585938 508.200012207031
-3.4e+38 -3.4e+38 -3.4e+38 -3.4e+38 -3.4e+38 -3.4e+38 -3.4e+38 352.200012207031 338.200012207031 315.600006103516 282.5 259.100006103516 264.399993896484 292.5 325.299987792969 371.700012207031 366.200012207031 349.399993896484 356.5 350.200012207031 365.799987792969 360.299987792969 378.899993896484 378.399993896484 346 340.700012207031 335.5 336.299987792969 361.700012207031 381.799987792969 390.899993896484 362.799987792969 342.299987792969 358.5 374.700012207031 364.799987792969 355.899993896484 355 342.299987792969 338.5 353.799987792969 352.600006103516 366.799987792969 339.299987792969 327.399993896484 326 291.600006103516 326.200012207031 272.299987792969 277.600006103516 302.600006103516 371.600006103516 495.600006103516 512.799987792969 495
-3.4e+38 -3.4e+38 -3.4e+38 -3.4e+38 -3.4e+38 -3.4e+38 -3.4e+38 367.399993896484 335.600006103516 299.200012207031 263.799987792969 255.399993896484 252.5 283.299987792969 333.700012207031 353.899993896484 343.600006103516 340.200012207031 336.5 338.899993896484 312.600006103516 338.399993896484 356.299987792969 352.100006103516 341.600006103516 329.399993896484 332.299987792969 329.100006103516 355.700012207031 381 378.799987792969 376.200012207031 372.700012207031 373 356.399993896484 354 342.100006103516 337.100006103516 334.899993896484 333.399993896484 334.799987792969 343.799987792969 333.399993896484 330.299987792969 340.899993896484 317.600006103516 287.200012207031 300.5 298.399993896484 275.799987792969 298.299987792969 373.600006103516 416 476.299987792969 470.899993896484
-3.4e+38 -3.4e+38 -3.4e+38 -3.4e+38 -3.4e+38 -3.4e+38 -3.4e+38 -3.4e+38 333.299987792969 321.700012207031 305 292 254.800003051758 266 288.100006103516 314.899993896484 316.100006103516 314.5 303.299987792969 295.200012207031 294.100006103516 349.100006103516 330.200012207031 329.100006103516 340.200012207031 321.299987792969 328 333.700012207031 353 368.600006103516 364.299987792969 370.299987792969 363.600006103516 357 350.600006103516 350.600006103516 339.899993896484 335.600006103516 329.700012207031 324 318 334.200012207031 308.399993896484 311.200012207031 344.299987792969 321.700012207031 303.899993896484 279.200012207031 314.700012207031 273.899993896484 289.399993896484 388 388.5 423.600006103516 449.100006103516
-3.4e+38 -3.4e+38 -3.4e+38 -3.4e+38 -3.4e+38 -3.4e+38 -3.4e+38 -3.4e+38 -3.4e+38 336.799987792969 322.299987792969 292 254.300003051758 251.600006103516 258.100006103516 278.799987792969 292.899993896484 303.5 294 293.299987792969 303 327.600006103516 309.399993896484 308.200012207031 319.5 314.899993896484 316.700012207031 319 331.600006103516 338.700012207031 362.399993896484 349.5 347.600006103516 349.600006103516 342.799987792969 335.799987792969 327.799987792969 312.600006103516 320.700012207031 309.899993896484 305.5 310.700012207031 300 323.100006103516 334.200012207031 303.5 308 286.100006103516 281 282.299987792969 296.899993896484 372.899993896484 373 412.399993896484 430.299987792969
-3.4e+38 -3.4e+38 -3.4e+38 -3.4e+38 -3.4e+38 -3.4e+38 -3.4e+38 -3.4e+38 -3.4e+38 -3.4e+38 333 304.5 287.5 252.5 258.799987792969 254.600006103516 265.399993896484 288.399993896484 274 277 311 315.600006103516 309 309.799987792969 303.700012207031 330.799987792969 314.899993896484 319.700012207031 333.600006103516 340.899993896484 336.600006103516 343.700012207031 335.899993896484 333.799987792969 333.200012207031 319.5 307.299987792969 301.100006103516 304 306.399993896484 302.200012207031 295 306.5 315.799987792969 344.5 308 314.600006103516 305.600006103516 282.700012207031 299.399993896484 296.600006103516 316.5 330.600006103516 410.899993896484 422.100006103516
-3.4e+38 -3.4e+38 -3.4e+38 -3.4e+38 -3.4e+38 -3.4e+38 -3.4e+38 -3.4e+38 -3.4e+38 -3.4e+38 -3.4e+38 311.899993896484 304.700012207031 290.799987792969 268.100006103516 245.100006103516 259 267.299987792969 281.200012207031 289.899993896484 311.799987792969 310.899993896484 294.200012207031 334.5 323.399993896484 321.799987792969 306.799987792969 316.700012207031 327.899993896484 318.100006103516 306.5 326.100006103516 314.799987792969 317.299987792969 314.600006103516 306.200012207031 291.5 295.100006103516 300.899993896484 309.600006103516 295 299.799987792969 298.700012207031 302.700012207031 333.200012207031 317.299987792969 308.5 312.299987792969 284.100006103516 330.899993896484 290 331.799987792969 313 409.5 410
-3.4e+38 -3.4e+38 -3.4e+38 -3.4e+38 -3.4e+38 -3.4e+38 -3.4e+38 -3.4e+38 -3.4e+38 -3.4e+38 -3.4e+38 -3.4e+38 305.299987792969 278.399993896484 279.600006103516 252.300003051758 248.600006103516 267.299987792969 283.799987792969 277.299987792969 290.600006103516 299.399993896484 305 347.899993896484 329.200012207031 311.100006103516 310 330.100006103516 317 310.200012207031 305.899993896484 311.799987792969 296.600006103516 299.5 299.200012207031 298 291.600006103516 303.600006103516 310.299987792969 305.299987792969 298.200012207031 313.700012207031 323.600006103516 304.100006103516 321.600006103516 314.5 311.399993896484 333.700012207031 313.799987792969 339.899993896484 311.899993896484 372.5 368.5 405.600006103516 412
-3.4e+38 -3.4e+38 -3.4e+38 -3.4e+38 -3.4e+38 -3.4e+38 -3.4e+38 -3.4e+38 -3.4e+38 -3.4e+38 -3.4e+38 -3.4e+38 -3.4e+38 297.100006103516 273.799987792969 263.200012207031 252.399993896484 262.399993896484 288.200012207031 278.100006103516 280.799987792969 295.200012207031 302.299987792969 361.600006103516 340 311.100006103516 342.200012207031 320.799987792969 294.799987792969 292.5 311.600006103516 301.5 282.799987792969 288.5 290.799987792969 291.100006103516 293.399993896484 300.600006103516 309.700012207031 310.399993896484 315.399993896484 319.600006103516 328.399993896484 305.100006103516 297.399993896484 290.399993896484 301.100006103516 339.5 342.200012207031 340.399993896484 318.799987792969 378.5 390 398.799987792969 404.100006103516
-3.4e+38 -3.4e+38 -3.4e+38 -3.4e+38 -3.4e+38 -3.4e+38 -3.4e+38 -3.4e+38 -3.4e+38 -3.4e+38 -3.4e+38 -3.4e+38 -3.4e+38 -3.4e+38 269.899993896484 272.5 266 250.199996948242 264.399993896484 272.799987792969 294.399993896484 293.399993896484 295.100006103516 352.700012207031 358.600006103516 332.299987792969 335.299987792969 312.399993896484 281.700012207031 308 305 297.899993896484 292.899993896484 285.100006103516 291.399993896484 294.799987792969 295.700012207031 300.399993896484 299.399993896484 310.899993896484 300.100006103516 309.399993896484 323.399993896484 309.200012207031 318 291.899993896484 311.600006103516 327.399993896484 339.600006103516 329.799987792969 310 362.799987792969 386.299987792969 393.399993896484 388.5
-3.4e+38 -3.4e+38 -3.4e+38 -3.4e+38 -3.4e+38 -3.4e+38 -3.4e+38 -3.4e+38 -3.4e+38 -3.4e+38 -3.4e+38 -3.4e+38 -3.4e+38 -3.4e+38 285.200012207031 288.200012207031 262.5 262.100006103516 258.5 276.399993896484 288.700012207031 292.100006103516 295.399993896484 323.5 333.299987792969 347 319.5 309.700012207031 303.100006103516 313.700012207031 308.5 296.399993896484 280.100006103516 285.5 302.299987792969 285.899993896484 287.700012207031 291.100006103516 290.899993896484 290.799987792969 291.299987792969 304.299987792969 302.600006103516 295.200012207031 305.799987792969 302.600006103516 325.5 328.700012207031 330.5 331.399993896484 312.799987792969 331.100006103516 390.700012207031 393.399993896484 378.600006103516
-3.4e+38 -3.4e+38 -3.4e+38 -3.4e+38 -3.4e+38 -3.4e+38 -3.4e+38 -3.4e+38 -3.4e+38 -3.4e+38 -3.4e+38 -3.4e+38 -3.4e+38 -3.4e+38 281 280.600006103516 256.399993896484 250.600006103516 255.199996948242 261.799987792969 279.700012207031 292.700012207031 296.399993896484 305.299987792969 295.200012207031 334.299987792969 308.799987792969 320 312.299987792969 300.899993896484 315.700012207031 290.600006103516 274.200012207031 291.899993896484 305.600006103516 289.899993896484 285.100006103516 289.100006103516 284 283.899993896484 289.299987792969 290.100006103516 311 288.600006103516 303.399993896484 303.600006103516 326.399993896484 339.200012207031 341.899993896484 337.799987792969 309.899993896484 321.200012207031 376.899993896484 395.100006103516 378
-3.4e+38 -3.4e+38 -3.4e+38 -3.4e+38 -3.4e+38 -3.4e+38 -3.4e+38 -3.4e+38 -3.4e+38 -3.4e+38 -3.4e+38 -3.4e+38 -3.4e+38 -3.4e+38 267.299987792969 268.399993896484 263.899993896484 253.399993896484 249.300003051758 242.600006103516 261.899993896484 266.299987792969 282.700012207031 303.899993896484 277.799987792969 319.399993896484 323.200012207031 323.100006103516 315.700012207031 290.299987792969 292.100006103516 278.399993896484 279.5 291.600006103516 311.200012207031 299.200012207031 286.899993896484 285.5 292.5 289.5 283.600006103516 278.399993896484 290.399993896484 287.899993896484 282.200012207031 313.899993896484 317.100006103516 344.299987792969 345.5 332.399993896484 305 329.700012207031 376.600006103516 391.600006103516 376.299987792969
-3.4e+38 -3.4e+38 -3.4e+38 -3.4e+38 -3.4e+38 -3.4e+38 -3.4e+38 -3.4e+38 -3.4e+38 -3.4e+38 -3.4e+38 -3.4e+38 -3.4e+38 -3.4e+38 -3.4e+38 261.200012207031 265.899993896484 255.800003051758 241.199996948242 239.5 248.399993896484 265.5 283 308.700012207031 280.799987792969 297.299987792969 296.799987792969 307.100006103516 302.5 279.600006103516 301.799987792969 283 282 293.700012207031 308.299987792969 304.799987792969 284.899993896484 290.600006103516 289.399993896484 284.899993896484 283.399993896484 268.399993896484 288.200012207031 283 269.5 283.899993896484 284.899993896484 343.5 348.600006103516 333.799987792969 324.200012207031 335.5 374.899993896484 383.200012207031 391.5
-3.4e+38 -3.4e+38 -3.4e+38 -3.4e+38 -3.4e+38 -3.4e+38 -3.4e+38 -3.4e+38 -3.4e+38 -3.4e+38 -3.4e+38 -3.4e+38 -3.4e+38 -3.4e+38 -3.4e+38 264.100006103516 268.100006103516 254.5 245.600006103516 237.600006103516 243.899993896484 260.799987792969 268.399993896484 298.399993896484 269.299987792969 296.100006103516 277.399993896484 286 289.100006103516 278.600006103516 305.200012207031 287.899993896484 285.899993896484 305.899993896484 308 310.700012207031 289.799987792969 285.399993896484 289.100006103516 288.600006103516 270.5 278.200012207031 288.399993896484 279.100006103516 282.100006103516 268.899993896484 283.700012207031 311.5 337.700012207031 345.600006103516 341.5 344.700012207031 370.100006103516 376.200012207031 397.100006103516
-3.4e+38 -3.4e+38 -3.4e+38 -3.4e+38 -3.4e+38 -3.4e+38 -3.4e+38 -3.4e+38 -3.4e+38 -3.4e+38 -3.4e+38 -3.4e+38 -3.4e+38 -3.4e+38 -3.4e+38 -3.4e+38 270.399993896484 251.399993896484 245.5 249.300003051758 252.199996948242 252.600006103516 252.100006103516 275.100006103516 264.200012207031 284.399993896484 269.600006103516 282.899993896484 273 294.700012207031 288.200012207031 276.200012207031 300.100006103516 311.299987792969 303 293.5 283 283 282.5 278.600006103516 272.799987792969 281.399993896484 268.799987792969 279.399993896484 274.700012207031 275.799987792969 294.899993896484 307.5 313.299987792969 339.799987792969 337.899993896484 354.5 344.899993896484 334.299987792969 373.399993896484
-3.4e+38 -3.4e+38 -3.4e+38 -3.4e+38 -3.4e+38 -3.4e+38 -3.4e+38 -3.4e+38 -3.4e+38 -3.4e+38 -3.4e+38 -3.4e+38 -3.4e+38 -3.4e+38 -3.4e+38 -3.4e+38 -3.4e+38 247.399993896484 248.600006103516 257 262.299987792969 252.5 249.100006103516 249.899993896484 278.5 257.799987792969 257.100006103516 263.200012207031 259.600006103516 297.5 271.899993896484 287.799987792969 313.700012207031 315.600006103516 305.5 288.600006103516 297.5 277.799987792969 277.299987792969 273.299987792969 270 265.899993896484 271.299987792969 278.799987792969 268.100006103516 262 276.299987792969 283.899993896484 299.200012207031 295.799987792969 331 342.399993896484 282.100006103516 267.100006103516 362.399993896484
-3.4e+38 -3.4e+38 -3.4e+38 -3.4e+38 -3.4e+38 -3.4e+38 -3.4e+38 -3.4e+38 -3.4e+38 -3.4e+38 -3.4e+38 -3.4e+38 -3.4e+38 -3.4e+38 -3.4e+38 -3.4e+38 -3.4e+38 251.100006103516 249.199996948242 243.300003051758 253.5 249.600006103516 245.800003051758 247.899993896484 254.600006103516 253.100006103516 262.299987792969 267.899993896484 281.200012207031 279.399993896484 281 302.600006103516 321.299987792969 314.299987792969 304.700012207031 304.399993896484 300.600006103516 281.100006103516 264.299987792969 269.700012207031 270.200012207031 279.700012207031 287.899993896484 288.200012207031 277.5 259.899993896484 255.699996948242 251.300003051758 267.299987792969 250.100006103516 287.299987792969 325.200012207031 292.100006103516 280.100006103516 327.299987792969
-3.4e+38 -3.4e+38 -3.4e+38 -3.4e+38 -3.4e+38 -3.4e+38 -3.4e+38 -3.4e+38 -3.4e+38 -3.4e+38 -3.4e+38 -3.4e+38 -3.4e+38 -3.4e+38 -3.4e+38 -3.4e+38 -3.4e+38 245.800003051758 234.899993896484 236.600006103516 241.199996948242 241.600006103516 253.100006103516 260 268.700012207031 262 258.299987792969 292.399993896484 274.200012207031 273.200012207031 280.299987792969 287.600006103516 299 296.100006103516 293.5 298.700012207031 303.5 293.399993896484 281.100006103516 266.799987792969 253.899993896484 268.799987792969 287.600006103516 286.399993896484 277.399993896484 267 254.100006103516 252.899993896484 256.100006103516 255.5 256.100006103516 293.700012207031 300.299987792969 280.700012207031 311.100006103516
-3.4e+38 -3.4e+38 -3.4e+38 -3.4e+38 -3.4e+38 -3.4e+38 -3.4e+38 -3.4e+38 -3.4e+38 -3.4e+38 -3.4e+38 -3.4e+38 -3.4e+38 -3.4e+38 -3.4e+38 -3.4e+38 240.600006103516 244 231.399993896484 228.399993896484 233.600006103516 229.199996948242 233.899993896484 256 269.299987792969 274.5 271.200012207031 270.799987792969 265.700012207031 278.600006103516 274.700012207031 284.399993896484 289.399993896484 285.100006103516 285.899993896484 291.700012207031 300.600006103516 302.899993896484 300 291.399993896484 271 265.399993896484 283.399993896484 283 265.100006103516 250.5 235.800003051758 238.199996948242 263.299987792969 266 245.300003051758 264.200012207031 252 287.399993896484 245.699996948242
-3.4e+38 -3.4e+38 -3.4e+38 -3.4e+38 -3.4e+38 -3.4e+38 -3.4e+38 -3.4e+38 -3.4e+38 -3.4e+38 -3.4e+38 -3.4e+38 -3.4e+38 -3.4e+38 -3.4e+38 -3.4e+38 246.5 237.399993896484 221.800003051758 220.699996948242 228.899993896484 233.300003051758 237.300003051758 248.199996948242 258.100006103516 270.700012207031 263.799987792969 264.299987792969 271.200012207031 270.399993896484 273.600006103516 274.5 277.299987792969 290.799987792969 287 286.600006103516 309.299987792969 296.200012207031 289.299987792969 291.799987792969 278.899993896484 264.700012207031 269.799987792969 267.399993896484 249.899993896484 258.5 256.899993896484 253.300003051758 253.800003051758 241.199996948242 235.899993896484 240 230 245.199996948242 266.700012207031
