data/layers/future_layer_can_126_60/bio5.asc
NCOLS 494 
NROWS 529 
XLLCORNER -117.166666666667 
YLLCORNER -55.5 
CELLSIZE 0.166666666666667 
NODATA_value -3.4e+38 
[rows 168 to 191 of 529, columns 220 to 274 of 494]
-3.4e+38 -3.4e+38 -3.4e+38 -3.4e+38 -3.4e+38 -3.4e+38 -3.4e+38 -3.4e+38 -3.4e+38 -3.4e+38 -3.4e+38 -3.4e+38 -3.4e+38 -3.4e+38 -3.4e+38 -3.4e+38 -3.4e+38 -3.4e+38 -3.4e+38 31.7000007629395 31.7000007629395 32.2000007629395 32.7000007629395 32.5 28.2999992370605 26.7999992370605 30 30.7999992370605 29 23 17 17.5 27.3999996185303 36 35.2999992370605 33.5999984741211 28.5 22.2999992370605 21.3999996185303 22.3999996185303 18.2999992370605 23.1000003814697 29.3999996185303 34.5999984741211 36.5 37.2999992370605 37.5 37.7999992370605 38.0999984741211 38.2999992370605 38.2000007629395 37.9000015258789 37.7000007629395 37.5999984741211 37.5999984741211
-3.4e+38 -3.4e+38 -3.4e+38 -3.4e+38 -3.4e+38 -3.4e+38 -3.4e+38 -3.4e+38 -3.4e+38 -3.4e+38 -3.4e+38 -3.4e+38 -3.4e+38 -3.4e+38 -3.4e+38 -3.4e+38 -3.4e+38 -3.4e+38 -3.4e+38 31.6000003814697 31.7999992370605 32.2999992370605 32.7999992370605 31.6000003814697 28 26.3999996185303 31.6000003814697 30.8999996185303 29.3999996185303 19 22 27.6000003814697 34.0999984741211 35.5 36.0999984741211 34.2999992370605 26.7999992370605 19 20.2000007629395 26 22 25.1000003814697 33.5999984741211 35.7000007629395 37.2999992370605 37.4000015258789 37.5 37.7000007629395 38.0999984741211 38.2000007629395 38.0999984741211 37.9000015258789 37.9000015258789 37.5999984741211 37.4000015258789
-3.4e+38 -3.4e+38 -3.4e+38 -3.4e+38 -3.4e+38 -3.4e+38 -3.4e+38 -3.4e+38 -3.4e+38 -3.4e+38 -3.4e+38 -3.4e+38 -3.4e+38 -3.4e+38 -3.4e+38 -3.4e+38 -3.4e+38 -3.4e+38 -3.4e+38 31.7000007629395 31.8999996185303 32.4000015258789 32.5 29.6000003814697 23.2999992370605 29.6000003814697 31.6000003814697 27.6000003814697 24.3999996185303 15.6999998092651 21.2000007629395 30.2999992370605 35.4000015258789 36.9000015258789 36.7999992370605 33.4000015258789 26.7999992370605 17.5 18.7000007629395 25.1000003814697 26.2000007629395 32.7000007629395 35.4000015258789 36.5999984741211 37.2999992370605 37.4000015258789 37.5999984741211 37.7999992370605 38 38.2999992370605 38.2000007629395 38 37.7999992370605 37.5999984741211 37.5
-3.4e+38 -3.4e+38 -3.4e+38 -3.4e+38 -3.4e+38 -3.4e+38 -3.4e+38 -3.4e+38 -3.4e+38 -3.4e+38 -3.4e+38 -3.4e+38 -3.4e+38 -3.4e+38 -3.4e+38 -3.4e+38 -3.4e+38 -3.4e+38 -3.4e+38 31.7999992370605 32.2000007629395 32.5999984741211 32.2000007629395 23.6000003814697 24.6000003814697 32 28.2000007629395 22.5 16.2999992370605 19.1000003814697 25.8999996185303 33.9000015258789 37.2999992370605 37.2999992370605 35.2999992370605 29.1000003814697 21.5 15.3000001907349 17.2000007629395 22.3999996185303 32.0999984741211 34.7999992370605 35.7999992370605 36.5 37 37.2999992370605 37.5 37.7000007629395 38 38.0999984741211 38 37.7999992370605 37.7999992370605 37.7000007629395 37.5
-3.4e+38 -3.4e+38 -3.4e+38 -3.4e+38 -3.4e+38 -3.4e+38 -3.4e+38 -3.4e+38 -3.4e+38 -3.4e+38 -3.4e+38 -3.4e+38 -3.4e+38 -3.4e+38 -3.4e+38 -3.4e+38 -3.4e+38 -3.4e+38 -3.4e+38 31.8999996185303 32.4000015258789 32.7999992370605 30.2999992370605 24.3999996185303 28.2000007629395 29.8999996185303 22.7999992370605 17.3999996185303 17.3999996185303 21.7000007629395 26.7000007629395 37.0999984741211 38.0999984741211 36.9000015258789 33.7999992370605 25.6000003814697 19.2000007629395 16 18.2000007629395 27.7000007629395 33.7999992370605 35 35.5999984741211 36.2999992370605 36.9000015258789 37 37.4000015258789 37.7000007629395 37.9000015258789 38 37.7999992370605 37.7999992370605 37.7000007629395 37.5999984741211 37.4000015258789
-3.4e+38 -3.4e+38 -3.4e+38 -3.4e+38 -3.4e+38 -3.4e+38 -3.4e+38 -3.4e+38 -3.4e+38 -3.4e+38 -3.4e+38 -3.4e+38 -3.4e+38 -3.4e+38 -3.4e+38 -3.4e+38 -3.4e+38 -3.4e+38 -3.4e+38 -3.4e+38 32.7000007629395 31.8999996185303 28.7000007629395 28 30.1000003814697 29.1000003814697 18.7000007629395 14.8000001907349 17 29.2000007629395 34.7999992370605 37.0999984741211 38.2000007629395 36.2999992370605 30.1000003814697 21.5 16 18 21.5 29.2000007629395 34.4000015258789 35.2999992370605 35.7999992370605 36.2000007629395 36.5999984741211 37 37.2999992370605 37.5 37.9000015258789 37.7999992370605 37.7000007629395 37.7000007629395 37.7000007629395 37.5 37.4000015258789
-3.4e+38 -3.4e+38 -3.4e+38 -3.4e+38 -3.4e+38 -3.4e+38 -3.4e+38 -3.4e+38 -3.4e+38 -3.4e+38 -3.4e+38 -3.4e+38 -3.4e+38 -3.4e+38 -3.4e+38 -3.4e+38 -3.4e+38 -3.4e+38 -3.4e+38 -3.4e+38 32.5999984741211 31 28 27.5 32.0999984741211 31.1000003814697 20.6000003814697 15.6999998092651 22.6000003814697 31.3999996185303 34.7999992370605 32.7000007629395 37.2999992370605 31.7000007629395 27.2000007629395 19.5 20.8999996185303 19.8999996185303 27 32.7999992370605 35.2000007629395 35.5999984741211 36.0999984741211 36.5 36.9000015258789 37.2000007629395 37.5 37.7999992370605 37.7999992370605 37.7999992370605 37.7000007629395 37.7000007629395 37.2999992370605 37.0999984741211 37.2000007629395
-3.4e+38 -3.4e+38 -3.4e+38 -3.4e+38 -3.4e+38 -3.4e+38 -3.4e+38 -3.4e+38 -3.4e+38 -3.4e+38 -3.4e+38 -3.4e+38 -3.4e+38 -3.4e+38 -3.4e+38 -3.4e+38 -3.4e+38 -3.4e+38 -3.4e+38 32.7000007629395 32.4000015258789 28.2000007629395 22.2999992370605 28.3999996185303 32.5999984741211 31.1000003814697 17.3999996185303 17.6000003814697 26.5 32.4000015258789 33.0999984741211 34.2999992370605 35.5999984741211 29.5 28.2999992370605 23.2000007629395 25.2000007629395 26.8999996185303 31.8999996185303 34.4000015258789 35.5999984741211 36.2000007629395 36.5999984741211 36.7999992370605 37.2000007629395 37.4000015258789 37.7000007629395 37.7999992370605 37.7000007629395 37.7000007629395 37.5999984741211 37.4000015258789 37.0999984741211 36.9000015258789 36.9000015258789
-3.4e+38 -3.4e+38 -3.4e+38 -3.4e+38 -3.4e+38 -3.4e+38 -3.4e+38 -3.4e+38 -3.4e+38 -3.4e+38 -3.4e+38 -3.4e+38 -3.4e+38 -3.4e+38 -3.4e+38 -3.4e+38 -3.4e+38 -3.4e+38 32.7000007629395 32.9000015258789 32 27.3999996185303 21.6000003814697 30.5 32.7999992370605 31.1000003814697 17 19.2000007629395 24.7000007629395 29.7000007629395 32.5 37.2000007629395 36.5999984741211 30.6000003814697 25.3999996185303 28.1000003814697 30.7999992370605 32.7000007629395 32 33.7999992370605 35.7999992370605 36.4000015258789 36.7999992370605 37 37.2999992370605 37.5 37.7000007629395 37.5999984741211 37.5999984741211 37.5999984741211 37.5999984741211 37.4000015258789 37 37 37
-3.4e+38 -3.4e+38 -3.4e+38 -3.4e+38 -3.4e+38 -3.4e+38 -3.4e+38 -3.4e+38 -3.4e+38 -3.4e+38 -3.4e+38 -3.4e+38 -3.4e+38 -3.4e+38 -3.4e+38 -3.4e+38 -3.4e+38 -3.4e+38 32.7999992370605 33.0999984741211 30.8999996185303 29.7999992370605 27.3999996185303 32.4000015258789 32.5 26.7000007629395 15.3999996185303 17.5 22.7999992370605 25 33.7000007629395 37.2999992370605 34 25.5 24.6000003814697 30 33.9000015258789 34.2000007629395 32.7000007629395 32.2999992370605 36 36.4000015258789 36.7000007629395 37 37.5999984741211 37.7999992370605 37.9000015258789 37.7000007629395 37.7999992370605 37.9000015258789 37.7000007629395 37.4000015258789 37.2000007629395 37.0999984741211 37.0999984741211
-3.4e+38 -3.4e+38 -3.4e+38 -3.4e+38 -3.4e+38 -3.4e+38 -3.4e+38 -3.4e+38 -3.4e+38 -3.4e+38 -3.4e+38 -3.4e+38 -3.4e+38 -3.4e+38 -3.4e+38 -3.4e+38 -3.4e+38 32.7000007629395 33 33.4000015258789 33 25.6000003814697 27.6000003814697 30.1000003814697 26.8999996185303 21.7000007629395 15.6999998092651 17.2000007629395 19.7000007629395 27.3999996185303 35.5999984741211 36.5 29.2000007629395 22.1000003814697 22.2999992370605 29.3999996185303 34.2999992370605 34.7000007629395 34 32.2000007629395 35.7999992370605 36.2000007629395 36.5 37 37.5999984741211 37.9000015258789 38 38 38 37.9000015258789 37.7999992370605 37.5 37.2999992370605 37.2999992370605 37.2000007629395
-3.4e+38 -3.4e+38 -3.4e+38 -3.4e+38 -3.4e+38 -3.4e+38 -3.4e+38 -3.4e+38 -3.4e+38 -3.4e+38 -3.4e+38 -3.4e+38 -3.4e+38 -3.4e+38 -3.4e+38 -3.4e+38 -3.4e+38 32.7000007629395 33.2000007629395 32.7999992370605 32.2999992370605 25.2999992370605 28.1000003814697 28.2999992370605 23.3999996185303 17.8999996185303 22 21.2000007629395 23.1000003814697 30.2999992370605 34.9000015258789 31.7999992370605 24.1000003814697 26.1000003814697 27 29.3999996185303 34.5 34.9000015258789 35 34.0999984741211 35.4000015258789 35.9000015258789 36.2999992370605 36.7999992370605 37.2999992370605 37.5999984741211 38.0999984741211 38.2000007629395 38 37.7999992370605 37.9000015258789 37.2999992370605 37.2000007629395 37.2000007629395 37.2999992370605
-3.4e+38 -3.4e+38 -3.4e+38 -3.4e+38 -3.4e+38 -3.4e+38 -3.4e+38 -3.4e+38 -3.4e+38 -3.4e+38 -3.4e+38 -3.4e+38 -3.4e+38 31.8999996185303 32.0999984741211 32.2999992370605 32.5 32.7000007629395 32.0999984741211 30.2000007629395 31 25.3999996185303 28.3999996185303 27.5 22.3999996185303 17.2999992370605 23.3999996185303 27.2000007629395 29.6000003814697 33.4000015258789 33.5999984741211 27.5 23 27.7000007629395 31.8999996185303 31.8999996185303 34.7999992370605 35.0999984741211 35.2999992370605 34.7000007629395 35.0999984741211 36 36.2000007629395 36.5999984741211 37 37.5 38.0999984741211 38.2999992370605 38 37.7999992370605 37.4000015258789 37.2000007629395 37.2000007629395 37.2000007629395 37.2000007629395
-3.4e+38 -3.4e+38 -3.4e+38 -3.4e+38 -3.4e+38 -3.4e+38 -3.4e+38 -3.4e+38 -3.4e+38 -3.4e+38 -3.4e+38 -3.4e+38 32 32.0999984741211 32.2000007629395 32.4000015258789 32.5999984741211 32.2000007629395 24.2999992370605 27.2999992370605 26.2000007629395 28.1000003814697 28.6000003814697 26 20 17.7999992370605 23 29 31 32.7000007629395 26.6000003814697 23.5 27.2000007629395 32.4000015258789 33.7999992370605 34.5 34.7999992370605 35.0999984741211 35.2999992370605 34.7999992370605 35.4000015258789 36.2000007629395 36.2999992370605 36.5999984741211 37.0999984741211 37.4000015258789 37.7999992370605 38.0999984741211 37.7999992370605 37.5 37.5 37.2999992370605 37.2999992370605 37.2999992370605 37.4000015258789
-3.4e+38 -3.4e+38 -3.4e+38 -3.4e+38 -3.4e+38 -3.4e+38 -3.4e+38 -3.4e+38 -3.4e+38 -3.4e+38 -3.4e+38 31.7999992370605 31.8999996185303 32.2000007629395 32.2999992370605 32.4000015258789 32.5999984741211 30.3999996185303 22.2999992370605 23.7999992370605 28.2999992370605 33.7000007629395 28.8999996185303 21.2999992370605 17.2000007629395 20.5 25.6000003814697 27.2999992370605 32.2999992370605 31.2999992370605 22.1000003814697 26.7999992370605 30.3999996185303 32.7999992370605 34.2999992370605 34.7000007629395 35 35.2000007629395 35.5 35.7999992370605 36 36.2999992370605 36.4000015258789 36.5999984741211 36.7999992370605 36.7999992370605 37.5 37.9000015258789 37.5 37.4000015258789 37.5 37.4000015258789 37.4000015258789 37.4000015258789 37.4000015258789
-3.4e+38 -3.4e+38 -3.4e+38 -3.4e+38 -3.4e+38 -3.4e+38 -3.4e+38 -3.4e+38 -3.4e+38 -3.4e+38 -3.4e+38 31.7999992370605 32 32.2000007629395 32.2999992370605 32.2999992370605 32.2999992370605 31 27.1000003814697 25.3999996185303 34.7000007629395 31 23.7999992370605 17.7999992370605 19.7000007629395 23.8999996185303 25.7000007629395 29.3999996185303 32.0999984741211 26.7000007629395 24.7999992370605 30.6000003814697 31.1000003814697 34 34.7000007629395 34.5999984741211 34.9000015258789 35.2999992370605 35.5 36 36.2000007629395 36.0999984741211 36.2999992370605 36.4000015258789 36.4000015258789 36.5999984741211 37.0999984741211 37.2999992370605 37.4000015258789 37.4000015258789 37.2999992370605 37.2999992370605 37.2000007629395 37.2999992370605 37.2000007629395
-3.4e+38 -3.4e+38 -3.4e+38 -3.4e+38 -3.4e+38 -3.4e+38 -3.4e+38 -3.4e+38 -3.4e+38 -3.4e+38 -3.4e+38 -3.4e+38 32.0999984741211 32.2000007629395 32.2999992370605 32.0999984741211 31.5 31.8999996185303 28.6000003814697 32.7000007629395 34.5999984741211 28.6000003814697 20.8999996185303 18.2000007629395 24.1000003814697 27.7999992370605 29.8999996185303 29.2000007629395 29.3999996185303 27.7000007629395 28.7999992370605 31.3999996185303 35.2000007629395 35.0999984741211 35 34.9000015258789 35 35.2999992370605 35.5999984741211 35.9000015258789 35.9000015258789 36 36.2000007629395 36.4000015258789 36.5 36.7000007629395 37 37.0999984741211 37.0999984741211 37.2000007629395 37.2999992370605 37.2000007629395 37.0999984741211 37.0999984741211 37
-3.4e+38 -3.4e+38 -3.4e+38 -3.4e+38 -3.4e+38 -3.4e+38 -3.4e+38 -3.4e+38 -3.4e+38 -3.4e+38 -3.4e+38 -3.4e+38 32 32.2000007629395 32.2000007629395 31.7000007629395 31.2000007629395 30.2000007629395 28.7000007629395 33.2000007629395 30.2000007629395 23.6000003814697 20.2999992370605 22.2999992370605 22 25.5 28.5 28.8999996185303 28.3999996185303 32.5999984741211 31.5 34.2999992370605 35.4000015258789 35.2999992370605 35.2999992370605 35.2000007629395 35.2000007629395 35.2999992370605 35.7000007629395 36 36.0999984741211 36.2000007629395 36.2999992370605 36.5 36.5999984741211 36.7000007629395 36.7999992370605 36.9000015258789 37 37 37.0999984741211 37 37 36.9000015258789 36.9000015258789
-3.4e+38 -3.4e+38 -3.4e+38 -3.4e+38 -3.4e+38 -3.4e+38 -3.4e+38 -3.4e+38 -3.4e+38 -3.4e+38 32.0999984741211 32 31.7000007629395 31.7999992370605 31.6000003814697 31.5 28.8999996185303 23.1000003814697 31.2999992370605 29.2000007629395 25.2000007629395 19.8999996185303 20.5 26.3999996185303 25.2999992370605 24.7999992370605 26.3999996185303 32.0999984741211 33.7000007629395 35.5 33.9000015258789 35.5 35.5 35.5 35.5 35.4000015258789 35.5 35.5999984741211 35.9000015258789 36 36 36.2000007629395 36.2999992370605 36.4000015258789 36.5999984741211 36.5999984741211 36.7999992370605 36.9000015258789 37 37 37 37 36.9000015258789 37 36.9000015258789
-3.4e+38 -3.4e+38 -3.4e+38 -3.4e+38 -3.4e+38 -3.4e+38 -3.4e+38 -3.4e+38 -3.4e+38 -3.4e+38 32.2000007629395 32.0999984741211 31.3999996185303 30.2999992370605 29.5 29 27.5 24.7999992370605 27 27.2999992370605 25.2999992370605 19.2999992370605 24.3999996185303 30.6000003814697 29.5 27.5 28.8999996185303 34.2999992370605 35.5999984741211 36 35.9000015258789 35.7999992370605 35.7000007629395 35.7000007629395 35.7000007629395 35.5 35.5999984741211 35.9000015258789 36 35.9000015258789 36.0999984741211 36.2999992370605 36.5 36.5 36.5999984741211 35.7000007629395 36.5999984741211 36.7999992370605 36.9000015258789 37 37 37.0999984741211 36.9000015258789 37 36.9000015258789
-3.4e+38 -3.4e+38 -3.4e+38 -3.4e+38 -3.4e+38 -3.4e+38 -3.4e+38 -3.4e+38 -3.4e+38 32.2999992370605 32.2999992370605 31.7999992370605 31.1000003814697 29.3999996185303 26.6000003814697 24.8999996185303 21.8999996185303 23.3999996185303 22.3999996185303 21 19.6000003814697 21 25.2000007629395 31.2999992370605 29.7999992370605 31.7999992370605 34 35.5 35.7999992370605 35.9000015258789 36 36 35.7999992370605 35.7000007629395 35.7999992370605 35.7000007629395 35.5999984741211 35.9000015258789 36 36 36.0999984741211 36.2999992370605 36.5 36.5 36.5999984741211 36.5 36.5 36.7000007629395 36.9000015258789 36.7999992370605 37 37 37 37 36.9000015258789
-3.4e+38 -3.4e+38 -3.4e+38 -3.4e+38 -3.4e+38 -3.4e+38 -3.4e+38 -3.4e+38 -3.4e+38 32.2999992370605 32.2999992370605 31.2000007629395 30.1000003814697 27.8999996185303 25.2999992370605 21.7999992370605 18.1000003814697 20 22.5 18.7999992370605 20.1000003814697 23.2999992370605 27.2000007629395 32.7000007629395 32.7999992370605 35 35.4000015258789 35.7000007629395 35.9000015258789 36 36 36 35.7999992370605 35.7000007629395 35.7999992370605 35.7000007629395 35.7000007629395 35.9000015258789 35.9000015258789 36 36.0999984741211 36.2999992370605 36.4000015258789 36.5999984741211 36.5999984741211 36.7000007629395 36.0999984741211 36.7000007629395 36.9000015258789 36.7999992370605 36.9000015258789 37 36.9000015258789 37 36.9000015258789
-3.4e+38 -3.4e+38 -3.4e+38 -3.4e+38 -3.4e+38 31.1000003814697 31.3999996185303 31.7000007629395 32.0999984741211 32.0999984741211 31.6000003814697 29.3999996185303 27.2000007629395 25.2000007629395 23 16.2999992370605 18.6000003814697 19.7999992370605 18.7000007629395 18.6000003814697 20.8999996185303 26.7999992370605 31.7000007629395 34.4000015258789 34.7000007629395 35.0999984741211 35.4000015258789 35.7000007629395 35.7999992370605 36 35.9000015258789 36 35.7999992370605 35.7000007629395 35.7999992370605 35.7999992370605 35.7000007629395 35.7999992370605 36 36 36.2000007629395 36.2999992370605 36.4000015258789 36.5 36.5999984741211 36.5999984741211 36.2999992370605 36.7000007629395 36.9000015258789 36.9000015258789 37 37 36.9000015258789 36.7999992370605 36.9000015258789
-3.4e+38 -3.4e+38 -3.4e+38 31.3999996185303 30.8999996185303 31.1000003814697 31.2000007629395 31.5 31.7999992370605 31.8999996185303 30 26.3999996185303 26.2999992370605 25.8999996185303 20 15.5 18.6000003814697 19.2000007629395 19.2000007629395 23.6000003814697 28.8999996185303 32.5999984741211 34.2999992370605 34.7999992370605 34.9000015258789 35 35.2999992370605 35.5999984741211 35.7999992370605 36 36 36 35.9000015258789 35.7000007629395 35.7000007629395 35.9000015258789 35.7999992370605 35.7999992370605 36 36 36.2000007629395 36.2999992370605 36.2999992370605 36.2999992370605 36.5 36.2999992370605 36.7000007629395 36.9000015258789 36.9000015258789 37 37 37 36.9000015258789 36.7999992370605 36.7999992370605
