data/layers/future_layer_can_126_60/bio5.asc
NCOLS 494 
NROWS 529 
XLLCORNER -117.166666666667 
YLLCORNER -55.5 
CELLSIZE 0.166666666666667 
NODATA_value -3.4e+38 
[rows 240 to 263 of 529, columns 330 to 384 of 494]
38.2999992370605 38.4000015258789 38.4000015258789 38.4000015258789 38.2999992370605 38.4000015258789 38.4000015258789 38.4000015258789 38.5 38.5 38.2999992370605 38.0999984741211 38 37.9000015258789 38.2000007629395 38.2000007629395 37.9000015258789 38 38.2000007629395 38.2999992370605 38.0999984741211 37.7000007629395 37.7999992370605 37.9000015258789 37.9000015258789 38 38 38 37.5 37.4000015258789 37.4000015258789 37.2000007629395 37.2000007629395 37.2000007629395 37.0999984741211 37.2000007629395 37.0999984741211 37.0999984741211 37.0999984741211 37.0999984741211 37.2999992370605 37.2999992370605 36.9000015258789 36.7999992370605 36.9000015258789 36.7999992370605 36.5999984741211 36.5 36.4000015258789 36.4000015258789 36.2999992370605 36.5 36.2999992370605 36.2000007629395 36
38.2000007629395 38.2999992370605 38.2999992370605 38.2999992370605 38.2999992370605 38.2999992370605 38.2999992370605 38.2999992370605 38.4000015258789 38.2999992370605 38.0999984741211 38.2000007629395 38.2000007629395 38 37.9000015258789 38 37.7999992370605 37.7999992370605 38.0999984741211 38 38.0999984741211 37.9000015258789 37.9000015258789 37.9000015258789 37.9000015258789 38 38.2000007629395 38.0999984741211 38 37.4000015258789 37.2999992370605 37.2999992370605 37.2999992370605 37.0999984741211 37.2999992370605 37.2000007629395 37.2000007629395 37.2000007629395 37.2000007629395 37.2999992370605 37.4000015258789 37.7000007629395 37.0999984741211 37 37 36.7999992370605 36.7999992370605 36.5 36.4000015258789 36.5 36.5 36.5 36.5 36.2999992370605 36.2000007629395
38.2000007629395 38.2000007629395 38.2999992370605 38.2000007629395 38.2000007629395 38.2999992370605 38.2999992370605 38.2999992370605 38.2999992370605 38.2999992370605 38.2999992370605 38.2999992370605 38.2999992370605 38.2000007629395 37.9000015258789 38 37.7999992370605 37.9000015258789 37.7999992370605 37.9000015258789 38 38 37.9000015258789 38 38 38 38 38 38.0999984741211 37.7000007629395 37.4000015258789 37.2999992370605 37.2999992370605 37.4000015258789 37.5 37.4000015258789 37.2999992370605 37.0999984741211 37.2999992370605 37.5 37.7999992370605 37.7999992370605 37.4000015258789 37.2000007629395 37.0999984741211 37 36.9000015258789 36.5999984741211 36.5999984741211 36.5 36.5 36.5 36.5 36.4000015258789 36.2000007629395
38.2000007629395 38.0999984741211 38.2999992370605 38.2999992370605 38.2999992370605 38.2000007629395 38.2000007629395 38.2000007629395 38.0999984741211 38.2000007629395 38.2999992370605 38.2999992370605 38.2000007629395 38.0999984741211 37.9000015258789 38 37.9000015258789 37.9000015258789 37.9000015258789 38 37.9000015258789 37.9000015258789 38 38 38 38 38.0999984741211 38 38.0999984741211 38.0999984741211 37.7000007629395 37.2000007629395 37.2999992370605 37.5 37.4000015258789 37.4000015258789 37.4000015258789 37.2999992370605 37.2999992370605 37.4000015258789 37.7999992370605 37.9000015258789 37.5999984741211 37.4000015258789 37.2000007629395 37.0999984741211 36.9000015258789 36.7999992370605 36.5 36.5 36.5999984741211 36.7000007629395 36.5999984741211 36.5999984741211 36.5999984741211
38.2000007629395 38.2000007629395 38.2000007629395 38.2000007629395 38.0999984741211 38.2000007629395 38.2000007629395 38.0999984741211 38.0999984741211 38.2000007629395 38.2999992370605 38.2000007629395 38.2999992370605 38.2000007629395 38 38.2000007629395 38.0999984741211 37.9000015258789 37.7000007629395 37.9000015258789 37.7000007629395 38 37.9000015258789 38 38 38 38.2000007629395 38 38.0999984741211 38 37.5999984741211 37.2000007629395 37.0999984741211 37.0999984741211 36.9000015258789 37.4000015258789 37.5 37.4000015258789 37.4000015258789 37.5 37.7000007629395 37.9000015258789 38.0999984741211 37.7000007629395 37.4000015258789 37.0999984741211 37 37 36.5 36.5 36.7999992370605 36.7000007629395 36.7999992370605 36.5999984741211 36.7000007629395
38.2000007629395 38.2999992370605 38.7000007629395 38.4000015258789 38.0999984741211 38.0999984741211 38.2000007629395 38.2000007629395 38.0999984741211 38.2000007629395 38.2000007629395 38.0999984741211 38.2999992370605 38.2000007629395 38.2999992370605 38.2999992370605 38.0999984741211 37.9000015258789 37.7999992370605 37.7999992370605 37.7000007629395 38 37.9000015258789 38 38.0999984741211 38 38.0999984741211 38.0999984741211 38.0999984741211 37.7000007629395 37.2999992370605 37.4000015258789 37 37.2000007629395 36.7999992370605 36.7000007629395 36.7999992370605 37.2999992370605 37.4000015258789 37.7000007629395 37.7999992370605 37.7000007629395 38.0999984741211 37.5 37.4000015258789 37.2999992370605 37 37 36.7000007629395 36.9000015258789 36.9000015258789 36.9000015258789 36.7999992370605 36.7000007629395 36.7000007629395
38.2000007629395 38.5999984741211 38.7000007629395 38.7000007629395 38.5999984741211 38.0999984741211 38 38.2000007629395 38.0999984741211 38.2000007629395 38.2000007629395 38.2000007629395 38.2000007629395 38.2999992370605 38.2999992370605 38.2000007629395 38 37.7000007629395 37.7000007629395 37.7000007629395 38 37.9000015258789 37.9000015258789 37.7999992370605 38 38.0999984741211 38.0999984741211 38.2000007629395 38.0999984741211 37.5 37.5 37.2999992370605 37.2000007629395 37.0999984741211 36.9000015258789 36.7999992370605 36.7000007629395 36.5999984741211 36.9000015258789 37.5 37.7999992370605 37.7000007629395 38.0999984741211 37.5999984741211 37.5999984741211 37.4000015258789 37.0999984741211 37 36.9000015258789 36.9000015258789 37 36.9000015258789 36.9000015258789 36.5999984741211 36.7000007629395
38.5 38.7999992370605 38.5999984741211 38.0999984741211 38.4000015258789 38.4000015258789 38.2000007629395 38.0999984741211 38.0999984741211 38.0999984741211 38.2000007629395 38.0999984741211 38.2000007629395 38.2000007629395 38.2000007629395 38.2000007629395 38.2000007629395 38.0999984741211 37.5999984741211 37.7999992370605 38.0999984741211 37.7000007629395 37.9000015258789 37.5 38 38 38.2999992370605 38.2999992370605 38.2000007629395 37.7999992370605 38 37.7999992370605 37.7000007629395 37.5 37.2999992370605 37.2000007629395 37.0999984741211 36.9000015258789 36.9000015258789 36.9000015258789 37.5 37.9000015258789 38.2000007629395 37.9000015258789 37.5999984741211 37.5999984741211 37.2000007629395 37 37 37.0999984741211 37 36.9000015258789 37 36.7999992370605 36.7000007629395
38.5999984741211 38.7000007629395 38.4000015258789 38 38.0999984741211 38.0999984741211 38.0999984741211 38.0999984741211 38.2999992370605 38.2000007629395 38.2000007629395 38.0999984741211 38 38.0999984741211 38.2000007629395 38.0999984741211 38.2999992370605 38.0999984741211 37.7000007629395 38.0999984741211 38 37.5999984741211 37.7999992370605 37.5 37.9000015258789 37.5 37.9000015258789 38.0999984741211 38 38.0999984741211 38.0999984741211 38 38.0999984741211 38 38 37.7999992370605 37.7999992370605 37.7000007629395 37.2999992370605 36.9000015258789 36.7000007629395 36.7999992370605 37.2999992370605 37.7999992370605 37.2999992370605 37.5 37.0999984741211 37.0999984741211 37.0999984741211 37.0999984741211 37 37 37.0999984741211 36.9000015258789 36.5999984741211
38.2000007629395 38.5 38.2000007629395 38.0999984741211 38.0999984741211 38.0999984741211 38.0999984741211 38.0999984741211 38.0999984741211 38.0999984741211 38.0999984741211 38.0999984741211 38 38 38.0999984741211 38.0999984741211 38.2000007629395 38.2000007629395 38 37.9000015258789 37.7000007629395 37.7000007629395 37.7000007629395 37.5999984741211 37.9000015258789 37.7999992370605 37.9000015258789 37.9000015258789 38.2000007629395 38.0999984741211 38.0999984741211 38.0999984741211 38.2999992370605 38.2999992370605 38.0999984741211 38.0999984741211 38.0999984741211 37.9000015258789 37.5999984741211 37.2000007629395 36.9000015258789 36.7000007629395 36.9000015258789 37.5 37.2999992370605 37.2000007629395 37.2999992370605 37.0999984741211 37.2000007629395 37.0999984741211 37.0999984741211 37.2000007629395 37.0999984741211 37 36.7999992370605
38.2000007629395 38.2999992370605 38.2000007629395 38.2000007629395 38.0999984741211 38.0999984741211 38 38.0999984741211 38.0999984741211 38 38.2000007629395 38.0999984741211 38.0999984741211 38 38.0999984741211 38.2000007629395 38.2999992370605 38.2000007629395 38.2000007629395 38.2000007629395 37.7000007629395 37.7999992370605 37.7999992370605 37.7999992370605 37.7999992370605 37.7999992370605 37.4000015258789 37.7000007629395 38.4000015258789 38.0999984741211 38.2000007629395 38.4000015258789 38.5999984741211 38.2999992370605 38.0999984741211 38.0999984741211 38.2000007629395 38.0999984741211 37.9000015258789 37.5999984741211 37.4000015258789 36.9000015258789 37.0999984741211 37.2000007629395 37.0999984741211 37 37.2999992370605 37.2999992370605 37.2000007629395 37.2000007629395 37.2000007629395 37.2000007629395 37.0999984741211 37 36.7999992370605
38.2000007629395 38.2999992370605 38.0999984741211 38 38 38 38 38 38.0999984741211 38.0999984741211 38.2000007629395 38.2000007629395 38 38 38.0999984741211 38.2999992370605 38.2999992370605 38.2000007629395 38.2000007629395 38 37.9000015258789 37.7999992370605 37.7999992370605 37.7999992370605 38 37.9000015258789 37.5 37.5 37.7999992370605 37.7999992370605 38.0999984741211 38.2000007629395 38.2999992370605 38.4000015258789 38.4000015258789 38.5 38.5 38.2999992370605 37.9000015258789 37.7999992370605 37.5 37.2000007629395 37.2999992370605 37.4000015258789 37.2999992370605 37.2999992370605 37.5 37.4000015258789 37.4000015258789 37.2999992370605 37.2999992370605 37.2000007629395 37.2000007629395 37.0999984741211 37
38.4000015258789 38.2999992370605 38 37.9000015258789 38 38 38 38 38 38.0999984741211 38.0999984741211 38.0999984741211 38.0999984741211 38.0999984741211 38.0999984741211 38.2999992370605 38.4000015258789 38.5999984741211 38.4000015258789 38 37.7999992370605 37.9000015258789 37.9000015258789 38.2999992370605 38 38 37.7000007629395 37.7000007629395 38.0999984741211 38.2000007629395 38.2000007629395 38.0999984741211 38.4000015258789 38.5 38.5999984741211 38.2000007629395 38.4000015258789 38.5999984741211 38.0999984741211 37.7000007629395 37.9000015258789 37.7000007629395 37.9000015258789 37.7000007629395 37.5 37.7000007629395 37.5 37.4000015258789 37.4000015258789 37.4000015258789 37.2000007629395 37.2000007629395 37.2000007629395 37.0999984741211 37
38.2999992370605 38.2999992370605 38 38 37.9000015258789 38 37.9000015258789 37.9000015258789 38 38 38 38.0999984741211 37.9000015258789 37.7999992370605 38 38.0999984741211 38.2999992370605 38.4000015258789 38.0999984741211 37.7999992370605 37.7000007629395 37.9000015258789 37.9000015258789 38 38 38.0999984741211 38 38 38.4000015258789 38.4000015258789 38.4000015258789 38.2000007629395 38.2000007629395 38.7000007629395 39 38.7000007629395 38.5999984741211 38.4000015258789 38.0999984741211 38.0999984741211 38 38 38 38.0999984741211 37.7000007629395 37.5999984741211 38 37.5999984741211 37.5 37.4000015258789 37.2999992370605 37.2999992370605 37.2000007629395 37.0999984741211 37
38.0999984741211 38.2000007629395 38 37.9000015258789 37.9000015258789 37.9000015258789 37.7999992370605 37.9000015258789 38.0999984741211 38 38 38 38.0999984741211 38 38 38.2000007629395 38.2999992370605 38.2999992370605 38.4000015258789 38 37.9000015258789 38 38 38.0999984741211 38.2999992370605 38.2999992370605 38.2999992370605 38.0999984741211 38.2999992370605 38.4000015258789 38.5 38.4000015258789 38.4000015258789 38.7999992370605 39 39.2000007629395 39.2999992370605 39 39 38.7999992370605 38.5999984741211 38.4000015258789 38.2999992370605 38.5999984741211 38.0999984741211 37.7999992370605 38 37.5999984741211 37.5999984741211 37.4000015258789 37.7000007629395 37.7000007629395 37.4000015258789 37.4000015258789 37
38.4000015258789 38 37.9000015258789 37.7999992370605 37.9000015258789 37.9000015258789 37.7999992370605 37.9000015258789 38 38 38 37.9000015258789 38.2000007629395 38.0999984741211 38 38.2000007629395 38.2000007629395 38.2999992370605 38.2999992370605 38.2999992370605 38.0999984741211 38.2000007629395 38 38.0999984741211 38.0999984741211 38.2999992370605 38.4000015258789 38.2999992370605 38.2999992370605 38.4000015258789 38.4000015258789 38.5 38.5999984741211 38.7999992370605 38.7999992370605 39 39.2999992370605 39.4000015258789 39.4000015258789 38.9000015258789 38.7999992370605 39.0999984741211 39.2000007629395 38.9000015258789 38.4000015258789 38.4000015258789 37.7999992370605 37.5 37.7000007629395 37.5999984741211 37.7999992370605 37.7999992370605 37.5999984741211 37.7999992370605 37.0999984741211
38.2999992370605 38 37.7000007629395 37.5 37.7999992370605 37.7000007629395 37.7000007629395 37.9000015258789 38 38.2000007629395 38.0999984741211 37.9000015258789 38 37.7000007629395 38 38.2999992370605 38.2999992370605 38.2999992370605 38.2999992370605 38.2999992370605 38.2000007629395 38.2999992370605 38.2000007629395 38.0999984741211 38.0999984741211 38.0999984741211 38.2000007629395 38.4000015258789 38.4000015258789 38.2000007629395 38.4000015258789 38.5 38.5 38.5 38.5 38.9000015258789 39 39.0999984741211 39 38.7999992370605 38.7000007629395 38.9000015258789 39.0999984741211 39.0999984741211 38.5999984741211 38.0999984741211 37.9000015258789 37.9000015258789 37.9000015258789 37.9000015258789 38.2999992370605 38 37.5 37.4000015258789 37.2999992370605
38.2999992370605 38.0999984741211 37.7000007629395 37.4000015258789 37.5999984741211 37.5999984741211 37.7999992370605 37.9000015258789 38 38.0999984741211 38 37.9000015258789 37.7999992370605 37.7000007629395 37.7999992370605 37.9000015258789 38 37.9000015258789 38.2000007629395 38.2000007629395 38.2000007629395 38.2999992370605 38.2000007629395 38.2000007629395 38.4000015258789 38.2999992370605 38.0999984741211 38.2000007629395 37.7000007629395 37.9000015258789 38 38.5 38.4000015258789 38.4000015258789 38.5 38.4000015258789 38.5999984741211 38.7999992370605 38.7000007629395 38.9000015258789 39.2000007629395 39 39.0999984741211 39.0999984741211 38.4000015258789 38 37.9000015258789 38.2000007629395 37.7999992370605 37.5999984741211 37.7000007629395 38.0999984741211 37.2999992370605 37.2999992370605 37.2999992370605
38.2999992370605 38.0999984741211 37.7000007629395 37.5999984741211 37.5999984741211 37.5 38.0999984741211 37.7999992370605 37.7999992370605 38.0999984741211 37.9000015258789 37.7999992370605 37.5 37.7000007629395 37.7000007629395 37.5999984741211 37.7999992370605 37.7000007629395 37.5 37.7999992370605 38.2000007629395 38.2000007629395 38.2000007629395 38.2000007629395 38.2999992370605 37.5999984741211 37.9000015258789 37.7000007629395 37.9000015258789 38 38.0999984741211 38.2000007629395 38.0999984741211 38.2999992370605 38.2999992370605 38.4000015258789 38.7999992370605 38.5999984741211 38.9000015258789 38.9000015258789 39.0999984741211 39.0999984741211 39 38.9000015258789 38.7000007629395 38.5999984741211 38.2000007629395 37.9000015258789 37.7999992370605 37.5999984741211 37.5999984741211 37.7000007629395 37.4000015258789 37.2999992370605 37.2999992370605
38.2000007629395 38.0999984741211 37.7000007629395 37.5 37.7000007629395 37.7000007629395 37.9000015258789 37.7999992370605 37.7999992370605 37.9000015258789 37.7999992370605 37.5999984741211 37.5 37.7000007629395 37.2999992370605 37.5 37.9000015258789 37.7999992370605 37.4000015258789 37.2999992370605 37.5999984741211 38.0999984741211 38 37.9000015258789 38 37.7999992370605 37.5999984741211 37.7999992370605 37.9000015258789 37.9000015258789 38 38.2000007629395 38.2000007629395 38.0999984741211 38.0999984741211 38.5 38.5999984741211 38.5999984741211 38.5999984741211 38.7999992370605 38.9000015258789 38.9000015258789 38.5999984741211 38.2000007629395 38.2999992370605 38.2999992370605 37.7000007629395 37.4000015258789 37.4000015258789 37.7999992370605 37.7000007629395 37.7000007629395 37.5 37.2999992370605 37.4000015258789
38.0999984741211 38.2000007629395 38.2000007629395 37.7000007629395 37.4000015258789 37.7999992370605 37.7000007629395 37.5999984741211 37.9000015258789 38 38 37.7999992370605 37.5 37.5 37.5 37.4000015258789 37.7000007629395 37.5999984741211 37.5 37.5999984741211 38 38.2000007629395 38.2999992370605 38 38.2000007629395 38.2999992370605 38 37.5999984741211 37.7999992370605 38 38.0999984741211 38.0999984741211 38.2000007629395 38.0999984741211 38.2999992370605 38.4000015258789 38.4000015258789 38.2999992370605 38.2999992370605 38.5999984741211 38.7000007629395 38.4000015258789 38.2000007629395 38.2000007629395 38.0999984741211 37.7999992370605 37.5 37.5 37.7000007629395 37.7000007629395 37.5999984741211 37.5999984741211 37.4000015258789 37.2999992370605 37.4000015258789
38.0999984741211 38.2000007629395 38.0999984741211 37.7000007629395 37.7000007629395 37.7000007629395 37.7000007629395 37.7000007629395 37.9000015258789 37.7999992370605 37.9000015258789 37.7000007629395 37.2999992370605 37.4000015258789 37.4000015258789 37.4000015258789 37.5999984741211 37.5 37.5999984741211 37.7999992370605 38.0999984741211 38.0999984741211 38.4000015258789 38.0999984741211 38 38.4000015258789 38.5999984741211 38.4000015258789 38 38.0999984741211 38.0999984741211 38 38 38 38.0999984741211 38.0999984741211 38.2000007629395 38.2000007629395 37.9000015258789 37.7999992370605 37.7000007629395 37.7000007629395 37.7000007629395 37.7999992370605 37.7000007629395 38.2000007629395 37.9000015258789 37.9000015258789 37.7000007629395 37.5999984741211 37.5999984741211 37.4000015258789 37.4000015258789 37.5 37.4000015258789
38.2000007629395 38.2000007629395 38 37.5 37.7999992370605 37.5999984741211 37.7000007629395 38.0999984741211 37.7999992370605 37.7000007629395 37.7999992370605 37.7000007629395 37.4000015258789 37.5 37.2000007629395 37.5 37.5 37.5 37.7000007629395 37.7000007629395 38.0999984741211 38.2999992370605 38.2999992370605 38.2999992370605 38 38.2999992370605 38.5 38.5 38.2000007629395 38.2999992370605 38.4000015258789 38.2000007629395 38.0999984741211 37.7999992370605 37.9000015258789 38 37.7000007629395 38.0999984741211 38 38 37.7999992370605 37.9000015258789 37.2999992370605 37.2999992370605 37.7999992370605 38.2000007629395 38.2999992370605 37.9000015258789 37.7999992370605 37.5999984741211 37.7000007629395 37.7000007629395 37.5999984741211 37.5 37.4000015258789
38.2000007629395 38.2999992370605 38 37.7999992370605 38.0999984741211 38 38 37.5999984741211 37.4000015258789 37.5999984741211 37.5 37.0999984741211 37.4000015258789 37.2000007629395 37.0999984741211 37.4000015258789 37.5999984741211 37.5 37.7000007629395 37.9000015258789 37.9000015258789 38.2000007629395 38.2999992370605 38.2000007629395 38.2000007629395 38.2999992370605 38.5 38.7999992370605 38.7999992370605 38.5999984741211 38.2000007629395 38.2999992370605 38.2999992370605 37.7999992370605 37.9000015258789 38.0999984741211 37.7000007629395 37.7000007629395 37.7999992370605 37.7999992370605 37.7999992370605 37.7999992370605 37.5 37.5 37.4000015258789 37.4000015258789 37.9000015258789 38 37.9000015258789 37.5999984741211 37.7000007629395 37.5 37.5 37.7000007629395 37.5
