data/layers/future_layer_can_126_60/bio5.asc
NCOLS 494 
NROWS 529 
XLLCORNER -117.166666666667 
YLLCORNER -55.5 
CELLSIZE 0.166666666666667 
NODATA_value -3.4e+38 
[rows 312 to 335 of 529, columns 385 to 439 of 494]
35.7999992370605 36 36.2000007629395 36.2000007629395 36 35.7999992370605 35.2999992370605 34.7999992370605 35.4000015258789 35.5999984741211 35.9000015258789 36.0999984741211 35.7999992370605 36.0999984741211 36.0999984741211 36.2999992370605 36.4000015258789 36.4000015258789 36.2000007629395 36.0999984741211 35.9000015258789 36.2000007629395 36.2999992370605 36.2000007629395 36.0999984741211 35.7000007629395 35.0999984741211 34.7999992370605 34.5 33.9000015258789 33.2000007629395 33 32.7999992370605 32.4000015258789 32.2000007629395 32.7999992370605 32.5999984741211 32.5999984741211 32.7000007629395 32.2000007629395 31.6000003814697 31.8999996185303 32.9000015258789 34.0999984741211 34.5 34.7000007629395 34.7000007629395 35 35.0999984741211 34.5 34.2999992370605 33.7999992370605 33.2999992370605 33.5 33.2999992370605
36.0999984741211 36.0999984741211 36.2000007629395 36.4000015258789 36.2999992370605 36 35.4000015258789 34.9000015258789 35.5999984741211 35.7999992370605 35.9000015258789 36.0999984741211 35.7999992370605 36.0999984741211 36.0999984741211 36.0999984741211 36.2999992370605 36.4000015258789 36.4000015258789 36.5999984741211 36.7000007629395 36.5999984741211 36.4000015258789 36.2000007629395 35.7999992370605 35.7000007629395 35.2000007629395 34.7000007629395 34.4000015258789 34.0999984741211 33.4000015258789 32.7999992370605 32.5 32.4000015258789 32.0999984741211 32.5 32.2000007629395 31.8999996185303 32.4000015258789 32.0999984741211 31.7000007629395 31.7000007629395 32.7000007629395 34.2000007629395 34.4000015258789 34.5999984741211 34.7000007629395 34.7000007629395 34.7000007629395 34.0999984741211 34.0999984741211 33.5999984741211 32.7999992370605 33.0999984741211 33.2999992370605
36.0999984741211 36.0999984741211 36.2000007629395 36.2999992370605 36.2000007629395 36 35.5 35.5 35.5999984741211 35.7999992370605 35.9000015258789 35.9000015258789 35.7999992370605 35.9000015258789 36.0999984741211 36.4000015258789 36.4000015258789 36.5999984741211 36.7000007629395 36.7999992370605 36.9000015258789 36.7999992370605 36.4000015258789 36.2999992370605 36 36.0999984741211 35.7000007629395 35.4000015258789 35.2000007629395 34.5999984741211 34.0999984741211 33.5 33 32.2000007629395 32 31.6000003814697 31.2000007629395 31.3999996185303 31.7999992370605 31.3999996185303 31.6000003814697 32.0999984741211 33.0999984741211 34.2000007629395 34.5 34.5 34.2999992370605 34.2000007629395 34.5 33.7999992370605 33.7999992370605 33.7000007629395 32.9000015258789 32.7999992370605 33.2000007629395
36 35.9000015258789 36.0999984741211 36 36.0999984741211 36.0999984741211 35.9000015258789 35.5999984741211 35.7000007629395 35.7999992370605 35.7000007629395 35.7999992370605 35.7000007629395 35.7000007629395 36 36.0999984741211 36.2000007629395 36.2000007629395 36.4000015258789 36.7000007629395 36.7999992370605 36.9000015258789 37.0999984741211 36.7999992370605 36.5 36.7999992370605 36.5 36.2000007629395 35.5999984741211 35.2999992370605 34.9000015258789 34.7000007629395 34.0999984741211 33.2000007629395 31.6000003814697 31.7000007629395 31 30.7999992370605 31.2999992370605 31.7999992370605 31.6000003814697 33.0999984741211 33.9000015258789 34.2000007629395 34.4000015258789 34.2000007629395 33.5999984741211 34 34.4000015258789 34 33.0999984741211 33.2000007629395 33.0999984741211 32.7999992370605 32.5
36.0999984741211 35.7000007629395 36 36.0999984741211 36.2000007629395 36.2000007629395 35.9000015258789 35.9000015258789 36 36 35.9000015258789 35.7999992370605 35.5999984741211 35.7999992370605 35.9000015258789 35.9000015258789 36.0999984741211 36.4000015258789 36.5999984741211 36.7999992370605 36.7000007629395 36.9000015258789 37.2000007629395 36.7999992370605 36.9000015258789 36.7000007629395 36.5 36.0999984741211 35.7000007629395 35.2999992370605 35.0999984741211 34.7000007629395 34.2999992370605 33.7000007629395 32.2000007629395 31.1000003814697 31.1000003814697 31 31.5 32.2999992370605 32.7000007629395 33.2999992370605 33.7000007629395 34.0999984741211 34.4000015258789 33.7000007629395 33.2999992370605 33.5 34.2000007629395 33.7999992370605 33 32.7000007629395 32.7999992370605 31.8999996185303 30.5
36.2000007629395 35.9000015258789 35.9000015258789 36.0999984741211 36.2000007629395 36.4000015258789 36.0999984741211 36 36 36 35.7999992370605 35.4000015258789 35.5999984741211 35.5999984741211 35.5 35.5999984741211 35.7999992370605 36.2000007629395 36.4000015258789 36.5999984741211 36.7000007629395 36.7999992370605 37 36.5999984741211 36.5 36.2999992370605 36.4000015258789 36.4000015258789 36 35.7000007629395 35.2999992370605 34.2999992370605 32.9000015258789 32.2000007629395 33.2000007629395 32.5999984741211 32.5999984741211 31.3999996185303 30.6000003814697 31.5 33 33.2999992370605 33.7000007629395 33.9000015258789 33.9000015258789 33 32.7999992370605 33.5 33.7999992370605 33.5 32.2999992370605 32 32.5 32.4000015258789 29.8999996185303
36.4000015258789 36 36 36.0999984741211 36.0999984741211 36.2999992370605 36.2000007629395 35.9000015258789 36.2000007629395 35.9000015258789 35.5999984741211 35.5999984741211 35.7000007629395 35.7000007629395 35.7000007629395 35.9000015258789 35.9000015258789 36 36.0999984741211 36.2999992370605 36.5 36.4000015258789 36.5999984741211 36.5 36.2999992370605 36.0999984741211 36.2000007629395 36.2999992370605 35.7999992370605 35.4000015258789 35.2999992370605 34.5999984741211 33 32.2999992370605 32.4000015258789 31.6000003814697 33.2000007629395 32.9000015258789 31.2999992370605 31.7000007629395 32.9000015258789 33.2999992370605 33.0999984741211 33.4000015258789 33.2000007629395 32.7000007629395 32.4000015258789 33.0999984741211 33.4000015258789 32.9000015258789 32.9000015258789 32.0999984741211 31.8999996185303 31.7999992370605 30.3999996185303
36.2000007629395 36.2000007629395 36 36.2000007629395 35.7999992370605 36.2000007629395 36.4000015258789 36.2000007629395 36.0999984741211 36.0999984741211 35.7000007629395 35.7000007629395 35.7000007629395 35.7000007629395 35.7000007629395 35.5999984741211 35.5999984741211 35.9000015258789 36.0999984741211 35.9000015258789 36 36.2000007629395 36.2000007629395 36.2999992370605 36.2000007629395 36.0999984741211 35.9000015258789 36 35.9000015258789 35 34.5 34.5 33.2999992370605 32.2999992370605 32.2999992370605 31.7000007629395 33.0999984741211 33.2000007629395 33.2999992370605 32.4000015258789 31.7999992370605 32.5999984741211 32.0999984741211 33.0999984741211 33.2000007629395 33.0999984741211 32.5 32.5999984741211 32.5999984741211 32.2000007629395 32.5999984741211 32 31.1000003814697 31.5 31.2999992370605
36 36.0999984741211 36.0999984741211 36.0999984741211 36.0999984741211 36.0999984741211 36.2999992370605 36.2999992370605 36.0999984741211 36.0999984741211 35.7999992370605 35.5 35.4000015258789 35.5999984741211 35.5999984741211 35.5 35.5999984741211 35.5999984741211 35.5999984741211 35.7999992370605 35.5999984741211 35.7999992370605 35.7999992370605 36 35.7999992370605 35.7000007629395 35.5 35.7000007629395 35.7999992370605 35.4000015258789 34.5 33.7999992370605 33.7000007629395 33.4000015258789 32.7999992370605 32 33 32.9000015258789 33.0999984741211 33.2999992370605 33 32.5999984741211 32.7999992370605 32.7999992370605 33.2000007629395 33.0999984741211 32.5 32.4000015258789 32.4000015258789 31.8999996185303 31.7000007629395 31.2000007629395 31.1000003814697 31.5 30.8999996185303
35.5999984741211 35.7999992370605 36 35.7999992370605 35.9000015258789 36 35.7999992370605 36.0999984741211 36.2000007629395 35.9000015258789 35.5999984741211 35.5 35.2999992370605 35.2000007629395 35.2999992370605 35.4000015258789 35.5 35.5 35.5 35.5999984741211 35.5 35.5 35.5 35.5999984741211 35.5999984741211 35.5 35.2000007629395 35.2999992370605 35.5999984741211 35.4000015258789 35.0999984741211 34.0999984741211 33.0999984741211 33 33 32.2999992370605 32.2999992370605 31.7000007629395 31.7999992370605 32.2000007629395 32.4000015258789 32.5999984741211 32.4000015258789 32.0999984741211 32.9000015258789 33.0999984741211 33 32.7999992370605 32.2000007629395 32 31.7999992370605 31.3999996185303 31.2999992370605 31 30.5
35.5999984741211 35.5999984741211 35.7999992370605 35.7999992370605 35.7999992370605 36.0999984741211 35.7999992370605 36 36 35.7000007629395 35.2999992370605 35.0999984741211 35.0999984741211 35.2000007629395 35.2999992370605 35.2999992370605 35.2000007629395 35 35.2999992370605 35.4000015258789 35.2999992370605 35.4000015258789 35.5 35.2000007629395 35.2000007629395 35.0999984741211 35 34.7000007629395 35.2000007629395 35.2999992370605 35.0999984741211 34.9000015258789 34.4000015258789 33.4000015258789 32.9000015258789 32.0999984741211 31.5 31.2999992370605 31.5 31.2999992370605 31.8999996185303 32.7000007629395 32.7000007629395 33 33 33 33 32.7000007629395 32.4000015258789 32.2000007629395 32.0999984741211 31.7000007629395 31.3999996185303 30.8999996185303 30.2000007629395
35.7000007629395 35.4000015258789 35.7999992370605 35.7999992370605 35.7999992370605 35.9000015258789 35.7000007629395 35.9000015258789 35.7999992370605 35.5999984741211 35.4000015258789 35.0999984741211 34.9000015258789 34.7999992370605 34.9000015258789 35 35.0999984741211 34.7999992370605 34.9000015258789 34.7000007629395 34.7999992370605 34.9000015258789 35 34.9000015258789 34.7000007629395 34.7000007629395 34.2999992370605 34.2999992370605 34.7000007629395 34.9000015258789 34.2999992370605 34.4000015258789 34.5999984741211 34 32.5 32.2000007629395 32.4000015258789 32 31.5 32.0999984741211 32.5 32.7000007629395 32.7000007629395 32.7000007629395 32.7000007629395 32.7000007629395 32.5999984741211 32.5 32.2999992370605 32.0999984741211 31.7999992370605 31.3999996185303 30.8999996185303 30.6000003814697 29.8999996185303
35.5999984741211 35.4000015258789 35.5999984741211 35.7999992370605 35.7000007629395 35.7000007629395 35.4000015258789 35.7000007629395 35.4000015258789 35.2999992370605 35.2999992370605 35.2000007629395 35.0999984741211 34.7000007629395 34.5 34.5 34.7000007629395 34.7000007629395 34.5999984741211 34.4000015258789 34.2000007629395 34.2999992370605 34.5999984741211 34.5999984741211 34.5999984741211 34.5 34.2999992370605 33.9000015258789 34 34.4000015258789 34.2999992370605 34.0999984741211 34 34.0999984741211 33.9000015258789 33.7000007629395 32.7999992370605 32.2000007629395 31.2000007629395 31.5 32.2999992370605 32.5999984741211 32.7000007629395 32.7000007629395 32.7000007629395 32.2999992370605 32.0999984741211 32.2000007629395 32 31.6000003814697 31.2999992370605 31.2999992370605 30.7999992370605 29.8999996185303 29.2999992370605
35.4000015258789 35.5 35.5999984741211 35.5999984741211 35.5999984741211 35.2000007629395 35.7000007629395 35.7999992370605 35.4000015258789 35.0999984741211 34.9000015258789 34.9000015258789 34.7999992370605 34.7000007629395 34.5999984741211 34.4000015258789 34.2000007629395 34.0999984741211 34.2000007629395 34.2000007629395 34.2000007629395 34 34 34.2000007629395 34.2000007629395 34 33.7999992370605 33.5 33.2999992370605 33.5999984741211 33.7999992370605 33.5 33.2999992370605 33.0999984741211 33.4000015258789 33.7999992370605 32.5999984741211 31.6000003814697 31.7000007629395 31.7999992370605 32 32.0999984741211 32.2000007629395 32.4000015258789 32.4000015258789 32.2999992370605 32 32.0999984741211 31.7000007629395 31.2000007629395 30.6000003814697 30.7999992370605 30.1000003814697 29.5 28.7999992370605
35.2000007629395 35.4000015258789 35.5 35.5999984741211 35.2999992370605 35.5 35.7000007629395 35.5999984741211 35.5999984741211 35.5 35.2999992370605 34.9000015258789 34.5 34.4000015258789 34.5 34.4000015258789 34.2999992370605 34.0999984741211 34 33.7999992370605 34 33.9000015258789 34 33.9000015258789 33.7999992370605 33.7000007629395 33.5 33.0999984741211 32.7999992370605 32.5999984741211 32.9000015258789 33.2999992370605 33.5 33.4000015258789 33.2999992370605 33.2999992370605 32.4000015258789 30.5 30.2000007629395 31.2000007629395 30.8999996185303 31 31.8999996185303 32.0999984741211 32 32.0999984741211 32.2000007629395 32.0999984741211 31.3999996185303 31.1000003814697 30.6000003814697 30.2999992370605 29.3999996185303 28.7999992370605 28.3999996185303
35 35.0999984741211 35.2000007629395 35.2000007629395 35.0999984741211 35.7000007629395 35.5 35.2999992370605 35.2999992370605 35.4000015258789 35.2999992370605 35.2000007629395 34.9000015258789 34.5 34.2000007629395 34.0999984741211 34 33.9000015258789 33.7999992370605 33.7000007629395 33.7000007629395 33.7000007629395 33.7999992370605 33.5999984741211 33.5999984741211 33.5 33.2000007629395 33 32.7000007629395 31.7999992370605 31.3999996185303 31.7999992370605 32.7999992370605 34.0999984741211 33.9000015258789 33.2000007629395 32.7000007629395 31 29.2999992370605 30.2999992370605 30.7999992370605 30 30.8999996185303 31.7000007629395 31.5 31 31.5 31.7999992370605 31.3999996185303 30.1000003814697 29.7000007629395 29.3999996185303 28.7000007629395 28.1000003814697 28.2999992370605
34.9000015258789 35.0999984741211 35.2999992370605 34.9000015258789 35.2999992370605 35.4000015258789 35.4000015258789 35.4000015258789 35.2999992370605 35.2000007629395 35.0999984741211 34.9000015258789 34.7000007629395 34.5999984741211 34.4000015258789 34.0999984741211 33.5999984741211 33.5 33.5999984741211 33.2000007629395 33.2000007629395 33.2999992370605 33.5 33.2999992370605 33.5 33.2999992370605 32.7999992370605 32.5 32 31.5 30.7999992370605 30.6000003814697 31.6000003814697 33.2000007629395 33.5 32.7999992370605 32.2000007629395 31.2999992370605 30.3999996185303 29.8999996185303 29.7000007629395 29.7000007629395 30.7999992370605 31.3999996185303 31.1000003814697 29.7999992370605 30.7000007629395 31 30.2999992370605 27.7000007629395 27.3999996185303 27.8999996185303 27.6000003814697 28.7999992370605 29.1000003814697
35 34.7999992370605 34.9000015258789 35.0999984741211 35 35.2000007629395 35.2000007629395 35.2999992370605 35.2000007629395 35 34.9000015258789 34.5 34.5 34.2000007629395 33.9000015258789 33.9000015258789 33.9000015258789 33.5 32.9000015258789 32.5 32.5 33.2000007629395 33.4000015258789 33.2000007629395 33.0999984741211 33.0999984741211 32.7000007629395 31.7000007629395 31.7999992370605 31 30.5 30.7999992370605 31.7999992370605 32.0999984741211 32.2999992370605 31.8999996185303 31.7000007629395 30.7000007629395 30.2000007629395 30.2999992370605 30.2000007629395 30.5 31 30.7000007629395 30.2999992370605 29.3999996185303 28 30.1000003814697 29.7999992370605 26 26.2999992370605 28 29.5 29.7999992370605 29.7000007629395
34.5 34.5999984741211 34.9000015258789 34.5999984741211 34.5999984741211 35.2000007629395 35.2999992370605 35.0999984741211 35.0999984741211 35 34.9000015258789 34.5999984741211 34.7000007629395 34.4000015258789 34 33.7000007629395 33.0999984741211 33.0999984741211 32.9000015258789 32.5999984741211 32.9000015258789 32.9000015258789 32.9000015258789 32.9000015258789 32.4000015258789 32.7999992370605 32.4000015258789 31.5 31 30.2999992370605 30 31 31.7000007629395 31.5 31.6000003814697 31.3999996185303 31.2000007629395 30.7000007629395 29.7999992370605 29.3999996185303 27.8999996185303 28.5 30 30 30.1000003814697 29.2999992370605 27.3999996185303 27.2000007629395 27.2000007629395 26.2000007629395 27.8999996185303 31.1000003814697 31 30.7999992370605 30.3999996185303
34.7000007629395 34.7000007629395 34.7999992370605 34.7000007629395 34.2000007629395 35 34.9000015258789 35 35 35.0999984741211 34.9000015258789 34.7000007629395 34.7999992370605 34.5999984741211 34.0999984741211 33.4000015258789 33.4000015258789 33.0999984741211 33.0999984741211 33 32.9000015258789 32.7999992370605 32.5 32.2999992370605 32.0999984741211 32.4000015258789 32.4000015258789 32.0999984741211 31.8999996185303 31.7000007629395 31.6000003814697 31.7999992370605 31.6000003814697 31.5 31.2999992370605 31.2000007629395 30.7000007629395 29.5 29.2999992370605 27.7999992370605 26.2999992370605 28.2000007629395 28.3999996185303 28.7000007629395 27.8999996185303 27.3999996185303 27.6000003814697 30 30.5 30.2000007629395 30.6000003814697 30.7000007629395 30.8999996185303 31.1000003814697 30.8999996185303
34.4000015258789 34.4000015258789 34.2000007629395 34.2000007629395 34.2999992370605 34.5 34.4000015258789 34.5999984741211 34.5999984741211 34.7000007629395 34.9000015258789 35 35 34.9000015258789 34.2000007629395 34 33.9000015258789 33.5999984741211 33.2999992370605 33.0999984741211 33 32.7999992370605 32.2999992370605 32 31.5 31.7000007629395 31.2999992370605 31.8999996185303 31.7999992370605 31.7999992370605 31.7000007629395 31.7000007629395 31.6000003814697 31.3999996185303 31.2999992370605 31.1000003814697 30.1000003814697 28.8999996185303 28.1000003814697 27.1000003814697 27.1000003814697 26.8999996185303 25.8999996185303 28 26.7999992370605 28 30.7999992370605 30.7999992370605 29.2999992370605 27 26.5 27.7000007629395 28.7000007629395 30.2999992370605 30.7000007629395
34 33.7999992370605 33.5999984741211 33.5999984741211 33.5999984741211 33.7000007629395 33.7000007629395 33.5 33.5 34 34.5 34.7000007629395 34.9000015258789 34.7000007629395 34.5999984741211 34.2999992370605 34 33.7999992370605 33.4000015258789 33.2999992370605 32.9000015258789 32.2999992370605 32.2000007629395 32 31.7000007629395 31.2000007629395 30.5 30.6000003814697 31.5 31.7000007629395 31.7000007629395 31.2999992370605 30.8999996185303 30.7999992370605 30.8999996185303 30.6000003814697 29.2000007629395 28.5 28.2000007629395 27.5 27 26.2000007629395 27.5 28.1000003814697 29.7000007629395 30.3999996185303 29.6000003814697 28.6000003814697 28.1000003814697 26.7999992370605 28.5 30.1000003814697 30.2999992370605 30.5 -3.4e+38
34.0999984741211 33.7999992370605 33.5 32.9000015258789 32.5999984741211 32.7000007629395 32.5999984741211 32.7999992370605 32.7999992370605 33.4000015258789 34.0999984741211 34.5 34.9000015258789 34.2999992370605 34.0999984741211 34.2999992370605 33.9000015258789 33.2000007629395 32.7999992370605 32.5999984741211 32.2000007629395 32.2000007629395 31.8999996185303 31.6000003814697 31.2000007629395 30.7999992370605 30.1000003814697 30 31 31.2999992370605 31.2000007629395 31.1000003814697 30.7000007629395 30.5 30.2999992370605 29.6000003814697 28.7000007629395 28.1000003814697 27.7000007629395 27.2000007629395 27.1000003814697 28.1000003814697 28.7999992370605 29.5 29.6000003814697 28.8999996185303 28 28.2000007629395 27.2999992370605 28.7000007629395 -3.4e+38 -3.4e+38 -3.4e+38 -3.4e+38 -3.4e+38
34.2000007629395 33.9000015258789 33.4000015258789 32.7999992370605 31.7999992370605 31.5 32.0999984741211 31.6000003814697 31.8999996185303 32.4000015258789 33.2999992370605 34.0999984741211 34.0999984741211 33.7999992370605 33.2999992370605 33.5 33.0999984741211 32.7000007629395 32.0999984741211 31.7999992370605 31.3999996185303 31.3999996185303 31.7000007629395 31.5 31.5 31.2000007629395 30.8999996185303 30.5 30.3999996185303 30.5 30.3999996185303 30.2000007629395 30 29.7999992370605 29.2999992370605 28.1000003814697 27.3999996185303 27.3999996185303 26.6000003814697 26.6000003814697 27.6000003814697 28.2999992370605 29 28.6000003814697 28 28.2000007629395 27.6000003814697 26.5 28 30.2999992370605 -3.4e+38 -3.4e+38 -3.4e+38 -3.4e+38 -3.4e+38
