data/layers/future_layer_can_126_60/bio8.asc
NCOLS 494 
NROWS 529 
XLLCORNER -117.166666666667 
YLLCORNER -55.5 
CELLSIZE 0.166666666666667 
NODATA_value -3.4e+38 
[rows 0 to 23 of 529, columns 165 to 219 of 494]
19.1000003814697 15.1999998092651 15.1000003814697 15 15.1000003814697 15.1999998092651 15.3000001907349 15.3000001907349 15.3999996185303 15.3999996185303 15.5 11.6999998092651 11.6999998092651 11.5 11.5 11.5 11.5 11.5 15.6000003814697 15.8000001907349 16 15.6999998092651 15.6000003814697 15.5 15.3999996185303 15.3000001907349 15.1999998092651 15.3999996185303 11.5 11.3999996185303 11.3000001907349 11.3000001907349 28.8999996185303 29.1000003814697 11.5 11.8999996185303 12.1999998092651 11.8000001907349 11.8999996185303 29.2999992370605 29.5 29.3999996185303 29.2999992370605 29.2999992370605 29.2999992370605 29.2999992370605 29.3999996185303 29.3999996185303 29.3999996185303 29.3999996185303 29.3999996185303 29.3999996185303 29.3999996185303 29.3999996185303 29.3999996185303
15.1999998092651 15.1999998092651 15.1999998092651 15.3000001907349 15.3000001907349 15.3999996185303 15.3000001907349 15.5 15.3999996185303 15.6000003814697 15.6999998092651 11.6999998092651 11.6999998092651 11.8000001907349 11.8000001907349 12 12.1000003814697 12 12.1000003814697 16.2999992370605 16.6000003814697 16.2000007629395 16 15.8999996185303 15.8000001907349 15.5 11.6000003814697 11.6000003814697 11.8999996185303 11.6000003814697 11.3999996185303 28.7000007629395 28.8999996185303 29.2000007629395 29.2000007629395 12 12.1000003814697 12.1000003814697 29.3999996185303 29.3999996185303 29.5 29.2999992370605 29.2999992370605 29.3999996185303 29.3999996185303 29.3999996185303 29.3999996185303 29.6000003814697 29.6000003814697 29.3999996185303 29.5 29.3999996185303 29.3999996185303 29.6000003814697 29.6000003814697
15.3999996185303 15.3000001907349 15.3000001907349 15.3999996185303 15.5 15.5 15.3999996185303 11.6000003814697 11.8000001907349 11.8999996185303 12 11.8999996185303 11.8000001907349 11.8000001907349 12 12.1999998092651 12.1000003814697 12.3000001907349 12.3999996185303 12.3999996185303 12.5 12.3000001907349 12.1999998092651 12.1000003814697 11.8000001907349 11.8000001907349 11.6999998092651 11.6999998092651 11.8000001907349 28.7000007629395 28.6000003814697 28.7999992370605 28.8999996185303 29.2000007629395 29.2999992370605 29.2999992370605 29.3999996185303 29.5 29.3999996185303 29.3999996185303 29.3999996185303 29.3999996185303 29.3999996185303 29.3999996185303 29.6000003814697 29.3999996185303 29.5 29.5 29.5 29.5 29.3999996185303 29.3999996185303 29.3999996185303 29.5 -3.4e+38
15.6000003814697 15.6000003814697 15.6000003814697 15.6000003814697 15.6999998092651 15.8000001907349 11.6999998092651 11.6999998092651 11.8999996185303 12.1999998092651 12 12 12 12.1999998092651 12.1999998092651 12.1999998092651 12.1999998092651 12.3000001907349 12.3000001907349 12.3999996185303 12.3000001907349 12.1999998092651 12 12 11.8000001907349 12 11.8999996185303 12 28.7000007629395 28.6000003814697 28.7000007629395 28.7999992370605 29 29.2000007629395 29.3999996185303 29.3999996185303 29.2999992370605 29.3999996185303 29.3999996185303 29.2999992370605 29.3999996185303 29.3999996185303 29.3999996185303 29.3999996185303 29.5 29.3999996185303 29.6000003814697 29.5 29.5 29.3999996185303 29.6000003814697 29.7999992370605 -3.4e+38 -3.4e+38 -3.4e+38
15.8000001907349 15.8000001907349 15.8999996185303 15.8000001907349 11.8999996185303 12 12.1000003814697 12.1000003814697 12.1999998092651 12.3000001907349 12.1999998092651 12 12.3000001907349 12.3999996185303 12.1000003814697 12.1999998092651 12.1999998092651 12.1999998092651 12.1999998092651 12.1999998092651 12.1999998092651 12.1999998092651 12.1000003814697 12 12 12 12.1000003814697 12.1999998092651 28.7999992370605 28.7999992370605 28.8999996185303 29 29.2000007629395 29.2999992370605 29.3999996185303 29.3999996185303 29.2999992370605 29.2999992370605 29.5 29.3999996185303 29.2999992370605 29.3999996185303 29.3999996185303 29.3999996185303 29.3999996185303 29.3999996185303 29.6000003814697 29.5 29.6000003814697 29.5 28.8999996185303 29 -3.4e+38 -3.4e+38 -3.4e+38
16.1000003814697 16.2000007629395 12.3000001907349 12.3999996185303 12.1999998092651 12.1999998092651 12.1999998092651 12.1999998092651 12.5 12.6000003814697 12.3999996185303 12.1999998092651 12.3000001907349 12.3999996185303 12.3000001907349 12.1000003814697 12.1000003814697 12.1999998092651 12.3999996185303 12.3000001907349 12.3000001907349 12.3000001907349 12.3000001907349 12.3000001907349 12.1999998092651 28.7000007629395 28.7999992370605 29 28.8999996185303 28.8999996185303 29.1000003814697 29.1000003814697 29.2000007629395 29.2999992370605 29.2000007629395 29.2000007629395 29.2000007629395 29.2000007629395 29.3999996185303 29.2999992370605 29.2999992370605 29.2000007629395 29.3999996185303 29.3999996185303 29.2999992370605 29.3999996185303 29.6000003814697 29.6000003814697 29.6000003814697 28.8999996185303 29 -3.4e+38 -3.4e+38 -3.4e+38 -3.4e+38
20.2000007629395 20.2000007629395 12.6000003814697 12.5 12.3999996185303 12.3999996185303 12.5 12.5 12.6000003814697 12.6999998092651 12.6999998092651 12.5 12.5 12.3999996185303 12.3000001907349 12.1999998092651 12.3000001907349 28.7999992370605 12.5 12.5 12.5 12.3999996185303 12.5 28.7999992370605 28.7999992370605 28.7000007629395 28.7999992370605 29 29.1000003814697 29.1000003814697 29.2000007629395 29.1000003814697 29.2999992370605 29.3999996185303 29.1000003814697 29.1000003814697 29.2000007629395 29.2000007629395 29.2999992370605 29.2000007629395 29.3999996185303 29.2999992370605 29.3999996185303 29.3999996185303 29.5 29.5 29.6000003814697 29.5 29.5 29 29.1000003814697 -3.4e+38 -3.4e+38 -3.4e+38 -3.4e+38
20.2999992370605 12.8999996185303 12.8999996185303 12.8000001907349 12.6000003814697 28.3999996185303 28.5 28.5 12.8999996185303 13 13 12.8000001907349 28 27.7999992370605 27.7000007629395 28.7000007629395 28.7000007629395 28.7999992370605 28.7999992370605 28.7999992370605 28.7000007629395 28.8999996185303 28.7999992370605 28.8999996185303 28.8999996185303 28.8999996185303 29 29.1000003814697 12.8000001907349 29.2000007629395 29.2000007629395 29.2000007629395 29.2000007629395 29.2000007629395 29 29.1000003814697 29.2000007629395 29.2000007629395 29.2000007629395 29.2000007629395 29.2999992370605 29.2999992370605 29.3999996185303 29.5 29.5 29.5 29.5 29.5 29.5 29.1000003814697 -3.4e+38 -3.4e+38 -3.4e+38 -3.4e+38 -3.4e+38
13 13 13.1000003814697 13 28.7000007629395 28.3999996185303 28.6000003814697 28.5 28.6000003814697 28.7999992370605 29.2999992370605 29.2000007629395 28.8999996185303 28.8999996185303 28.7000007629395 28.7999992370605 28.7999992370605 28.7999992370605 28.7999992370605 28.7999992370605 28.8999996185303 29.1000003814697 29 29.1000003814697 29 29.2000007629395 29.2000007629395 29.2000007629395 29.2000007629395 29.2999992370605 29.2999992370605 29.3999996185303 29.2999992370605 29.1000003814697 29 29.2000007629395 29.1000003814697 29.2000007629395 29.1000003814697 29.1000003814697 29.1000003814697 29.2000007629395 29.3999996185303 29.6000003814697 29.6000003814697 29.5 29.5 29.5 29.2000007629395 29.2000007629395 -3.4e+38 -3.4e+38 -3.4e+38 -3.4e+38 -3.4e+38
13.1999998092651 13.1000003814697 28.7000007629395 28.6000003814697 28.6000003814697 28.6000003814697 28.7000007629395 28.6000003814697 28.6000003814697 28.7999992370605 28.8999996185303 29.1000003814697 28.8999996185303 29 28.8999996185303 28.8999996185303 28.8999996185303 28.7999992370605 28.7999992370605 28.7999992370605 28.8999996185303 29 29 29 29 29.1000003814697 29.2000007629395 29.2000007629395 29.2999992370605 29.3999996185303 29.3999996185303 29.3999996185303 29.1000003814697 29 29.1000003814697 29.2000007629395 29.2000007629395 29.2000007629395 29.1000003814697 29.1000003814697 29 29.1000003814697 29.1000003814697 29.2999992370605 29.3999996185303 29.5 29.5 29.5 29.2000007629395 -3.4e+38 -3.4e+38 -3.4e+38 -3.4e+38 -3.4e+38 -3.4e+38
29.1000003814697 28.7000007629395 28.7000007629395 28.7999992370605 28.7000007629395 28.7000007629395 28.6000003814697 28.7999992370605 28.7000007629395 29 29 29.1000003814697 29.1000003814697 29 29.1000003814697 29 29 28.8999996185303 28.8999996185303 28.8999996185303 28.8999996185303 28.8999996185303 29 29.1000003814697 29.1000003814697 29.2000007629395 29.2000007629395 29.2999992370605 29.2999992370605 29.3999996185303 29.3999996185303 29.1000003814697 29 29 29.1000003814697 29.1000003814697 29.1000003814697 29.1000003814697 29.1000003814697 29.1000003814697 29 29.1000003814697 29.2000007629395 29.2999992370605 29.2999992370605 29.3999996185303 29.6000003814697 29 29.1000003814697 -3.4e+38 -3.4e+38 -3.4e+38 -3.4e+38 -3.4e+38 -3.4e+38
28.8999996185303 28.7999992370605 28.7999992370605 28.8999996185303 28.8999996185303 28.8999996185303 28.8999996185303 28.7999992370605 29 29.3999996185303 29 29.2000007629395 29.2000007629395 29.2000007629395 29.2999992370605 29.2999992370605 29.2000007629395 29.1000003814697 29.2000007629395 29.1000003814697 29.1000003814697 29 29.1000003814697 29.1000003814697 29.1000003814697 29.1000003814697 29.1000003814697 29.2000007629395 29.2999992370605 29.1000003814697 29 28.8999996185303 29 29 29 29.1000003814697 29.1000003814697 29 29.1000003814697 29.1000003814697 29 29.1000003814697 29.2000007629395 29.2000007629395 29.3999996185303 29.5 29.5 29.1000003814697 29.2999992370605 -3.4e+38 -3.4e+38 -3.4e+38 -3.4e+38 -3.4e+38 -3.4e+38
29 28.8999996185303 28.8999996185303 29 29.1000003814697 29 28.8999996185303 29 29.1000003814697 -3.4e+38 -3.4e+38 29.3999996185303 29.3999996185303 29.3999996185303 29.6000003814697 29.6000003814697 29.5 29.3999996185303 29.2999992370605 29.2000007629395 29.2999992370605 29.2000007629395 29.1000003814697 29.1000003814697 29.1000003814697 29 29.1000003814697 29.1000003814697 29.1000003814697 28.8999996185303 29 29 29.1000003814697 29 29 29 29.1000003814697 29.1000003814697 29.2000007629395 29.2000007629395 29.2000007629395 29.1000003814697 29.2000007629395 29.2000007629395 29.2999992370605 29.3999996185303 29.1000003814697 29.1000003814697 29.2000007629395 -3.4e+38 -3.4e+38 -3.4e+38 -3.4e+38 -3.4e+38 -3.4e+38
29 29.1000003814697 29.2000007629395 -3.4e+38 -3.4e+38 29.2999992370605 29.2000007629395 -3.4e+38 29.2000007629395 -3.4e+38 -3.4e+38 29.2000007629395 29.6000003814697 29.6000003814697 -3.4e+38 -3.4e+38 -3.4e+38 -3.4e+38 -3.4e+38 -3.4e+38 -3.4e+38 29.2999992370605 29.2000007629395 29.1000003814697 29.2000007629395 29.1000003814697 29.1000003814697 29.2000007629395 29.1000003814697 29.1000003814697 29.1000003814697 29.2000007629395 29.2999992370605 29.1000003814697 28.8999996185303 29 29.1000003814697 29.1000003814697 29.2999992370605 29.2999992370605 29.2999992370605 29.2999992370605 29.2000007629395 29.2000007629395 29.2000007629395 29.2999992370605 29 29.2000007629395 29.3999996185303 -3.4e+38 -3.4e+38 -3.4e+38 -3.4e+38 -3.4e+38 -3.4e+38
29.1000003814697 -3.4e+38 -3.4e+38 -3.4e+38 -3.4e+38 -3.4e+38 -3.4e+38 -3.4e+38 -3.4e+38 -3.4e+38 -3.4e+38 -3.4e+38 -3.4e+38 -3.4e+38 -3.4e+38 -3.4e+38 -3.4e+38 -3.4e+38 -3.4e+38 -3.4e+38 -3.4e+38 -3.4e+38 -3.4e+38 29.2999992370605 29.2000007629395 29.1000003814697 29.1000003814697 29 29 29.1000003814697 29.1000003814697 29.2000007629395 29.1000003814697 29.1000003814697 29 29 29.1000003814697 29.1000003814697 29.2999992370605 29.3999996185303 29.2999992370605 29.2999992370605 29.1000003814697 29.1000003814697 29.2000007629395 29.2000007629395 29 29.3999996185303 29.3999996185303 -3.4e+38 -3.4e+38 -3.4e+38 -3.4e+38 -3.4e+38 -3.4e+38
-3.4e+38 -3.4e+38 -3.4e+38 -3.4e+38 -3.4e+38 -3.4e+38 -3.4e+38 -3.4e+38 -3.4e+38 -3.4e+38 -3.4e+38 -3.4e+38 -3.4e+38 -3.4e+38 -3.4e+38 -3.4e+38 -3.4e+38 -3.4e+38 -3.4e+38 -3.4e+38 -3.4e+38 -3.4e+38 -3.4e+38 -3.4e+38 -3.4e+38 29.1000003814697 29.1000003814697 29.1000003814697 29.1000003814697 29 29.1000003814697 29.2999992370605 -3.4e+38 -3.4e+38 -3.4e+38 29.2000007629395 29.2999992370605 29.1000003814697 29.2000007629395 29.2999992370605 29.3999996185303 29.3999996185303 29.2000007629395 29.1000003814697 29.1000003814697 29.1000003814697 29.2999992370605 29.1000003814697 29.1000003814697 28.8999996185303 -3.4e+38 -3.4e+38 -3.4e+38 -3.4e+38 -3.4e+38
-3.4e+38 29.5 -3.4e+38 -3.4e+38 -3.4e+38 -3.4e+38 -3.4e+38 -3.4e+38 -3.4e+38 -3.4e+38 -3.4e+38 -3.4e+38 -3.4e+38 -3.4e+38 -3.4e+38 -3.4e+38 -3.4e+38 -3.4e+38 -3.4e+38 -3.4e+38 -3.4e+38 -3.4e+38 -3.4e+38 -3.4e+38 -3.4e+38 -3.4e+38 29.1000003814697 29.2000007629395 29.1000003814697 29.1000003814697 -3.4e+38 -3.4e+38 -3.4e+38 -3.4e+38 -3.4e+38 -3.4e+38 29.2999992370605 29.2000007629395 29.2000007629395 29.2000007629395 29.2000007629395 29.2000007629395 29.2000007629395 29.1000003814697 28.8999996185303 29 29 28.7999992370605 29 29 -3.4e+38 -3.4e+38 -3.4e+38 -3.4e+38 -3.4e+38
29.6000003814697 -3.4e+38 -3.4e+38 -3.4e+38 -3.4e+38 -3.4e+38 -3.4e+38 -3.4e+38 -3.4e+38 -3.4e+38 -3.4e+38 -3.4e+38 -3.4e+38 -3.4e+38 -3.4e+38 -3.4e+38 -3.4e+38 -3.4e+38 -3.4e+38 -3.4e+38 -3.4e+38 -3.4e+38 -3.4e+38 -3.4e+38 -3.4e+38 -3.4e+38 29.2999992370605 -3.4e+38 -3.4e+38 -3.4e+38 -3.4e+38 -3.4e+38 -3.4e+38 -3.4e+38 -3.4e+38 -3.4e+38 -3.4e+38 29.2999992370605 29.2000007629395 29.1000003814697 29.2000007629395 29.2000007629395 29.2000007629395 28.8999996185303 28.7999992370605 28.8999996185303 29 29.1000003814697 28.8999996185303 28.8999996185303 -3.4e+38 -3.4e+38 -3.4e+38 -3.4e+38 -3.4e+38
-3.4e+38 -3.4e+38 -3.4e+38 -3.4e+38 -3.4e+38 -3.4e+38 -3.4e+38 -3.4e+38 -3.4e+38 -3.4e+38 -3.4e+38 -3.4e+38 -3.4e+38 -3.4e+38 -3.4e+38 -3.4e+38 -3.4e+38 -3.4e+38 -3.4e+38 -3.4e+38 -3.4e+38 -3.4e+38 -3.4e+38 -3.4e+38 -3.4e+38 -3.4e+38 -3.4e+38 -3.4e+38 -3.4e+38 -3.4e+38 -3.4e+38 -3.4e+38 -3.4e+38 -3.4e+38 -3.4e+38 -3.4e+38 -3.4e+38 -3.4e+38 29.1000003814697 29 29.1000003814697 29.2000007629395 29 29 28.7999992370605 28.7999992370605 29 29 29.1000003814697 28.7999992370605 28.8999996185303 -3.4e+38 -3.4e+38 -3.4e+38 -3.4e+38
-3.4e+38 -3.4e+38 -3.4e+38 -3.4e+38 -3.4e+38 -3.4e+38 -3.4e+38 -3.4e+38 -3.4e+38 -3.4e+38 -3.4e+38 -3.4e+38 -3.4e+38 -3.4e+38 -3.4e+38 -3.4e+38 -3.4e+38 -3.4e+38 -3.4e+38 -3.4e+38 -3.4e+38 -3.4e+38 -3.4e+38 -3.4e+38 -3.4e+38 -3.4e+38 -3.4e+38 -3.4e+38 -3.4e+38 -3.4e+38 -3.4e+38 -3.4e+38 -3.4e+38 -3.4e+38 -3.4e+38 -3.4e+38 -3.4e+38 -3.4e+38 -3.4e+38 29.1000003814697 29 29 29.1000003814697 29 28.8999996185303 28.8999996185303 28.7999992370605 28.8999996185303 29 28.8999996185303 28.8999996185303 -3.4e+38 -3.4e+38 -3.4e+38 -3.4e+38
-3.4e+38 29.7000007629395 29.7000007629395 -3.4e+38 -3.4e+38 -3.4e+38 -3.4e+38 -3.4e+38 -3.4e+38 -3.4e+38 -3.4e+38 -3.4e+38 -3.4e+38 -3.4e+38 -3.4e+38 -3.4e+38 -3.4e+38 -3.4e+38 -3.4e+38 -3.4e+38 -3.4e+38 -3.4e+38 -3.4e+38 -3.4e+38 -3.4e+38 -3.4e+38 -3.4e+38 -3.4e+38 -3.4e+38 -3.4e+38 -3.4e+38 -3.4e+38 -3.4e+38 -3.4e+38 -3.4e+38 -3.4e+38 -3.4e+38 -3.4e+38 -3.4e+38 -3.4e+38 29 29 29.1000003814697 29.1000003814697 29.1000003814697 29 28.8999996185303 28.8999996185303 29.1000003814697 28.8999996185303 28.7999992370605 -3.4e+38 -3.4e+38 -3.4e+38 -3.4e+38
-3.4e+38 -3.4e+38 -3.4e+38 -3.4e+38 -3.4e+38 -3.4e+38 -3.4e+38 -3.4e+38 -3.4e+38 -3.4e+38 -3.4e+38 -3.4e+38 -3.4e+38 -3.4e+38 -3.4e+38 -3.4e+38 -3.4e+38 -3.4e+38 -3.4e+38 -3.4e+38 -3.4e+38 -3.4e+38 -3.4e+38 -3.4e+38 -3.4e+38 -3.4e+38 -3.4e+38 -3.4e+38 -3.4e+38 -3.4e+38 -3.4e+38 -3.4e+38 -3.4e+38 -3.4e+38 -3.4e+38 -3.4e+38 -3.4e+38 -3.4e+38 -3.4e+38 -3.4e+38 -3.4e+38 -3.4e+38 29.1000003814697 29.1000003814697 29.1000003814697 29.1000003814697 29.1000003814697 28.8999996185303 28.8999996185303 29 28.8999996185303 28.8999996185303 -3.4e+38 -3.4e+38 -3.4e+38
-3.4e+38 -3.4e+38 -3.4e+38 -3.4e+38 -3.4e+38 -3.4e+38 -3.4e+38 -3.4e+38 -3.4e+38 -3.4e+38 -3.4e+38 -3.4e+38 -3.4e+38 -3.4e+38 -3.4e+38 -3.4e+38 -3.4e+38 -3.4e+38 -3.4e+38 -3.4e+38 -3.4e+38 -3.4e+38 -3.4e+38 -3.4e+38 -3.4e+38 -3.4e+38 -3.4e+38 -3.4e+38 -3.4e+38 -3.4e+38 -3.4e+38 -3.4e+38 -3.4e+38 -3.4e+38 -3.4e+38 -3.4e+38 -3.4e+38 -3.4e+38 -3.4e+38 -3.4e+38 -3.4e+38 -3.4e+38 29.2000007629395 29.2000007629395 29.2000007629395 29.2000007629395 29.3999996185303 29.2000007629395 29.2999992370605 29.1000003814697 29.2000007629395 28.8999996185303 29 -3.4e+38 -3.4e+38
-3.4e+38 -3.4e+38 -3.4e+38 -3.4e+38 -3.4e+38 -3.4e+38 -3.4e+38 -3.4e+38 -3.4e+38 -3.4e+38 -3.4e+38 -3.4e+38 -3.4e+38 -3.4e+38 -3.4e+38 -3.4e+38 -3.4e+38 -3.4e+38 -3.4e+38 -3.4e+38 -3.4e+38 -3.4e+38 -3.4e+38 -3.4e+38 -3.4e+38 -3.4e+38 -3.4e+38 -3.4e+38 -3.4e+38 -3.4e+38 -3.4e+38 -3.4e+38 -3.4e+38 -3.4e+38 -3.4e+38 -3.4e+38 -3.4e+38 -3.4e+38 -3.4e+38 -3.4e+38 -3.4e+38 -3.4e+38 29.2000007629395 29.2000007629395 29.2000007629395 29.2000007629395 29.2999992370605 29.3999996185303 29.2999992370605 29.3999996185303 29.5 29.2000007629395 29.1000003814697 -3.4e+38 -3.4e+38
