data/layers/future_layer_can_126_60/bio8.asc
NCOLS 494 
NROWS 529 
XLLCORNER -117.166666666667 
YLLCORNER -55.5 
CELLSIZE 0.166666666666667 
NODATA_value -3.4e+38 
[rows 264 to 287 of 529, columns 275 to 329 of 494]
27.2000007629395 27.2000007629395 27.2999992370605 27.5 27.3999996185303 27.2000007629395 27.2999992370605 27.3999996185303 27.3999996185303 27.6000003814697 27.6000003814697 27.7000007629395 27.7999992370605 27.7999992370605 27.8999996185303 27.8999996185303 28 28 28 28.2000007629395 28.2999992370605 28.2999992370605 28.3999996185303 28.5 28.7000007629395 28.7000007629395 28.7999992370605 28.8999996185303 29.1000003814697 29.1000003814697 29.1000003814697 29.1000003814697 29 29.2000007629395 29.1000003814697 29.1000003814697 29.1000003814697 28.8999996185303 28.7999992370605 28.7000007629395 28.5 28.3999996185303 28.2999992370605 28.1000003814697 27.7000007629395 27.6000003814697 27.6000003814697 27.3999996185303 27.2000007629395 27.1000003814697 27.1000003814697 26.8999996185303 26.7999992370605 27 27
27.1000003814697 27.1000003814697 27.2000007629395 27.2999992370605 27.3999996185303 27.3999996185303 27.2000007629395 27.2000007629395 27.3999996185303 27.3999996185303 27.5 27.6000003814697 27.6000003814697 27.7999992370605 27.7999992370605 27.8999996185303 28.1000003814697 28.1000003814697 28.2000007629395 28.2999992370605 28.2000007629395 28.5 28.5 28.7000007629395 28.7000007629395 28.6000003814697 28.7000007629395 28.8999996185303 29 29.1000003814697 29.1000003814697 29.1000003814697 29 29.2000007629395 29.1000003814697 29.1000003814697 29.1000003814697 28.8999996185303 28.7999992370605 28.7000007629395 28.5 28.3999996185303 28.2000007629395 28.1000003814697 28.1000003814697 27.6000003814697 27.6000003814697 27.2999992370605 27.2999992370605 27.2000007629395 27.2999992370605 27.2000007629395 27.1000003814697 26.7999992370605 27
27.2999992370605 27.2000007629395 27.2000007629395 27.3999996185303 27.3999996185303 27.6000003814697 27.5 27.3999996185303 27.3999996185303 27.5 27.6000003814697 27.6000003814697 27.6000003814697 27.7999992370605 27.7999992370605 28 28.1000003814697 28.2000007629395 28.1000003814697 28.2999992370605 28.5 28.2999992370605 28.5 28.6000003814697 28.7000007629395 28.6000003814697 28.8999996185303 29 29 29 29.1000003814697 29.1000003814697 29 29 29.2000007629395 29.1000003814697 29.1000003814697 29 28.7999992370605 28.7000007629395 28.5 28.2999992370605 28.1000003814697 28.2000007629395 28 27.6000003814697 27.2000007629395 27.6000003814697 27.6000003814697 27.6000003814697 27.5 27.5 27.2999992370605 26.8999996185303 26.7999992370605
27.6000003814697 27.5 27.3999996185303 27.3999996185303 27.3999996185303 27.5 27.5 27.7000007629395 27.5 27.6000003814697 27.6000003814697 27.7000007629395 27.7999992370605 27.7999992370605 28 28.1000003814697 28.1000003814697 28.1000003814697 28.1000003814697 28.3999996185303 28.2999992370605 28.3999996185303 28.5 28.6000003814697 28.6000003814697 28.6000003814697 28.7999992370605 28.8999996185303 29.1000003814697 29 29.1000003814697 29.1000003814697 29 29 29.1000003814697 29.1000003814697 29.1000003814697 29 28.8999996185303 28.7000007629395 28.6000003814697 28.3999996185303 28.2999992370605 28.2000007629395 28.1000003814697 28 27.8999996185303 27.7999992370605 27.7999992370605 27.7000007629395 27.7000007629395 27.5 26.8999996185303 27.1000003814697 26.6000003814697
27.7000007629395 27.6000003814697 27.3999996185303 27.3999996185303 27.6000003814697 27.5 27.3999996185303 27.5 27.7000007629395 27.7000007629395 27.7999992370605 27.7999992370605 27.7000007629395 27.7999992370605 27.8999996185303 28.1000003814697 28.1000003814697 28.1000003814697 28.2999992370605 28.3999996185303 28.3999996185303 28.5 28.5 28.6000003814697 28.6000003814697 28.6000003814697 28.8999996185303 29 29.1000003814697 29.1000003814697 29.1000003814697 29.1000003814697 29 29.1000003814697 29.2000007629395 29.1000003814697 29.1000003814697 29 29.1000003814697 28.7999992370605 28.6000003814697 28.5 28.3999996185303 28.2999992370605 28.2000007629395 28.1000003814697 28.1000003814697 28 27.8999996185303 27.7999992370605 27.6000003814697 27.3999996185303 27.3999996185303 26.8999996185303 26.1000003814697
27.6000003814697 27.7999992370605 27.7000007629395 27.5 27.5 27.5 27.5 27.6000003814697 27.7000007629395 27.7000007629395 27.7000007629395 27.7999992370605 27.8999996185303 27.8999996185303 28 28.1000003814697 28.1000003814697 28.2000007629395 28.3999996185303 28.2999992370605 28.3999996185303 28.3999996185303 28.5 28.6000003814697 28.6000003814697 28.7000007629395 28.8999996185303 29 29.1000003814697 29.1000003814697 29.1000003814697 29.1000003814697 29.1000003814697 29.2000007629395 29.2999992370605 29.2000007629395 29.2000007629395 29.1000003814697 29 28.7999992370605 28.7000007629395 28.6000003814697 28.3999996185303 28.2000007629395 28 28.1000003814697 28.1000003814697 28 27.8999996185303 27.7999992370605 27.6000003814697 27.6000003814697 27.3999996185303 27.2999992370605 26.7999992370605
27.5 27.6000003814697 27.6000003814697 27.7000007629395 27.7999992370605 27.7000007629395 27.7000007629395 27.6000003814697 27.5 27.7000007629395 27.7999992370605 27.8999996185303 27.8999996185303 27.8999996185303 28 28.1000003814697 28.2000007629395 28.2999992370605 28.2999992370605 28.3999996185303 28.3999996185303 28.3999996185303 28.6000003814697 28.6000003814697 28.6000003814697 28.7999992370605 28.8999996185303 29.1000003814697 29.1000003814697 29.1000003814697 29.1000003814697 29.2000007629395 29.2000007629395 29.1000003814697 29.2000007629395 29.2000007629395 29.2000007629395 29 28.8999996185303 28.7999992370605 28.6000003814697 28.3999996185303 28.3999996185303 28.2999992370605 28.2999992370605 28.2000007629395 28.2000007629395 28.1000003814697 28.1000003814697 28 27.7999992370605 27.6000003814697 27.6000003814697 27.2999992370605 27.2000007629395
27.1000003814697 27.3999996185303 27.6000003814697 27.6000003814697 27.7000007629395 27.7999992370605 27.7999992370605 27.7999992370605 27.7999992370605 27.7999992370605 27.8999996185303 27.8999996185303 28.1000003814697 28 28.1000003814697 28.1000003814697 28.2000007629395 28.2000007629395 28.2999992370605 28.3999996185303 28.3999996185303 28.5 28.7999992370605 28.7000007629395 28.7999992370605 28.7999992370605 28.8999996185303 29.1000003814697 29.1000003814697 29.1000003814697 29.2000007629395 29.2000007629395 29.2000007629395 29.1000003814697 29.1000003814697 29.2000007629395 29.2000007629395 29.1000003814697 28.8999996185303 28.8999996185303 28.7999992370605 28.6000003814697 28.5 28.5 28.2999992370605 28.1000003814697 28.1000003814697 28.1000003814697 28.1000003814697 28 27.7999992370605 27.7000007629395 27.6000003814697 27.3999996185303 27.3999996185303
26.7000007629395 27.1000003814697 27.3999996185303 27.5 27.7000007629395 27.7000007629395 27.7000007629395 27.7999992370605 27.8999996185303 27.8999996185303 27.8999996185303 27.8999996185303 28 27.8999996185303 28 28.2000007629395 28.2000007629395 28.2000007629395 28.3999996185303 28.3999996185303 28.7000007629395 28.7000007629395 28.7999992370605 28.7000007629395 28.7999992370605 28.8999996185303 28.8999996185303 29.1000003814697 29.1000003814697 29.1000003814697 29.2000007629395 29.2000007629395 29.1000003814697 29 29.1000003814697 29.1000003814697 29.2000007629395 29 29 29.1000003814697 28.8999996185303 28.7000007629395 28.6000003814697 28.5 28.2999992370605 28.1000003814697 28.1000003814697 27.8999996185303 27.8999996185303 27.8999996185303 28 28 27.7999992370605 27.5 27.6000003814697
25.8999996185303 25.7000007629395 26.7999992370605 27.2999992370605 27.3999996185303 27.2999992370605 27.6000003814697 27.7000007629395 27.7999992370605 27.8999996185303 27.8999996185303 27.8999996185303 27.8999996185303 28 28.1000003814697 28.2000007629395 28.2000007629395 28.2999992370605 28.3999996185303 28.5 28.7000007629395 28.7000007629395 28.6000003814697 28.6000003814697 28.7999992370605 28.8999996185303 29 29 29 29 29.1000003814697 29.1000003814697 29.1000003814697 29 28.8999996185303 29.1000003814697 29.2000007629395 29.1000003814697 29.1000003814697 29.1000003814697 28.8999996185303 28.7999992370605 28.5 28.3999996185303 28.2999992370605 28.2000007629395 27.8999996185303 27.7999992370605 27.8999996185303 27.8999996185303 27.8999996185303 27.8999996185303 28 27.8999996185303 27.7999992370605
23.8999996185303 24.7000007629395 25.3999996185303 26 26.3999996185303 26.8999996185303 27.2000007629395 27.5 27.7999992370605 27.7000007629395 27.8999996185303 27.8999996185303 27.8999996185303 27.8999996185303 28 28.2000007629395 28.2000007629395 28.2000007629395 28.2999992370605 28.5 28.6000003814697 28.7000007629395 28.7000007629395 28.7999992370605 28.7999992370605 28.7999992370605 29 28.8999996185303 29 29 29.1000003814697 29.1000003814697 29 28.8999996185303 29.1000003814697 29.1000003814697 29.1000003814697 29.1000003814697 29.1000003814697 29.1000003814697 28.8999996185303 28.7999992370605 28.6000003814697 28.3999996185303 28.3999996185303 28.1000003814697 27.7999992370605 27.7999992370605 28 28.1000003814697 27.8999996185303 27.8999996185303 27.8999996185303 27.8999996185303 27.8999996185303
17 18.2999992370605 23.1000003814697 25.2000007629395 26.2000007629395 26.2000007629395 26.2000007629395 26.2000007629395 26.8999996185303 27.2999992370605 27.6000003814697 27.7000007629395 27.7999992370605 27.8999996185303 28 28 28.1000003814697 28.1000003814697 28.2999992370605 28.3999996185303 28.5 28.6000003814697 28.6000003814697 28.7999992370605 28.7000007629395 28.7000007629395 29 28.8999996185303 29 29 29 29.1000003814697 29 29 29.1000003814697 29.1000003814697 29.1000003814697 29 29 28.8999996185303 28.8999996185303 28.7000007629395 28.5 28.2999992370605 28.3999996185303 28.2000007629395 28 28.1000003814697 28.2000007629395 28.2000007629395 27.8999996185303 27.8999996185303 27.7000007629395 28 28
9.39999961853027 11.1999998092651 18.5 18.7000007629395 22.1000003814697 24.7000007629395 25.1000003814697 25.2000007629395 26.7999992370605 26.2000007629395 27.1000003814697 27.2000007629395 27.3999996185303 27.7999992370605 27.8999996185303 28 28.1000003814697 28.1000003814697 28.1000003814697 28.2000007629395 28.2999992370605 28.5 28.6000003814697 28.6000003814697 28.6000003814697 28.7999992370605 28.8999996185303 29 29 29 29 29 29.1000003814697 29.1000003814697 29.1000003814697 29.1000003814697 29 29 29 28.8999996185303 28.7999992370605 28.7000007629395 28.3999996185303 28.2999992370605 28.2999992370605 28.2000007629395 28.2999992370605 28.2000007629395 28.2999992370605 28.2000007629395 28.2000007629395 27.8999996185303 27.7000007629395 27.8999996185303 28
8.10000038146973 8.30000019073486 12.5 8.89999961853027 12.8000001907349 18.7000007629395 21.1000003814697 22.2000007629395 24.5 25.3999996185303 25.5 25.2999992370605 26.3999996185303 27.2000007629395 27.7000007629395 27.8999996185303 27.2000007629395 27.8999996185303 28.1000003814697 28.2000007629395 28.3999996185303 28.5 28.6000003814697 28.6000003814697 28.6000003814697 28.7000007629395 28.7999992370605 28.8999996185303 29 29 29 29 29 29.1000003814697 29 29 28.7999992370605 28.8999996185303 28.7000007629395 28.7999992370605 28.7000007629395 28.6000003814697 28.5 28.2999992370605 28.2999992370605 28.2000007629395 28.2999992370605 28.2000007629395 28.2000007629395 28.2000007629395 28.2000007629395 28 27.7999992370605 27.7999992370605 27.7999992370605
7.30000019073486 4.69999980926514 5.69999980926514 6.80000019073486 8.69999980926514 11.8000001907349 13.1999998092651 14.8999996185303 20 23.2999992370605 23.5 23.3999996185303 23.6000003814697 25 25.1000003814697 26.6000003814697 27.1000003814697 27 27.7000007629395 28.2999992370605 28.3999996185303 28.3999996185303 28.6000003814697 28.5 28.6000003814697 28.6000003814697 28.7999992370605 28.7999992370605 29 29 29 29 29 29 29 28.8999996185303 28.7999992370605 28.7999992370605 28.7000007629395 28.7999992370605 28.7999992370605 28.6000003814697 28.5 28.2999992370605 28.2000007629395 28.2000007629395 28.2000007629395 28.2999992370605 28.3999996185303 28.2000007629395 28.2999992370605 28.2000007629395 27.8999996185303 27.7999992370605 27.7999992370605
7.09999990463257 6 6 6.19999980926514 8.69999980926514 7.19999980926514 8.5 9.5 11.6999998092651 17.7000007629395 21.3999996185303 21.8999996185303 21.2000007629395 23.1000003814697 24.1000003814697 24 24.7999992370605 26.3999996185303 26.2999992370605 27.2000007629395 28.2000007629395 28.2999992370605 28.5 28.6000003814697 28.6000003814697 28.7000007629395 28.7000007629395 28.7999992370605 28.8999996185303 28.8999996185303 28.8999996185303 28.8999996185303 29 29 28.8999996185303 28.8999996185303 28.7999992370605 28.7000007629395 28.7999992370605 28.7000007629395 28.6000003814697 28.6000003814697 28.3999996185303 28.3999996185303 28.3999996185303 28.2999992370605 28.1000003814697 28.2000007629395 28.2000007629395 28.2000007629395 28.2000007629395 28.2000007629395 28.1000003814697 27.8999996185303 27.8999996185303
7.80000019073486 7.09999990463257 6.19999980926514 5.5 6.80000019073486 7.90000009536743 6.69999980926514 7.90000009536743 9.69999980926514 13.3999996185303 14.8999996185303 19.3999996185303 20.7999992370605 21.7000007629395 23.1000003814697 22.2000007629395 22 24.6000003814697 26.2000007629395 26.7000007629395 27.3999996185303 28.2999992370605 28.5 28.6000003814697 28.6000003814697 28.7000007629395 28.7999992370605 28.8999996185303 28.8999996185303 29 28.8999996185303 28.8999996185303 28.8999996185303 28.8999996185303 28.8999996185303 28.8999996185303 28.7999992370605 28.7999992370605 28.7000007629395 28.7999992370605 28.6000003814697 28.5 28.3999996185303 28.3999996185303 28.3999996185303 28.3999996185303 28.1000003814697 28.1000003814697 28.1000003814697 28.1000003814697 28.1000003814697 28.1000003814697 28.1000003814697 28.1000003814697 28
10.8999996185303 8.39999961853027 6.69999980926514 6.80000019073486 7.09999990463257 7.59999990463257 8.80000019073486 8.39999961853027 7.59999990463257 7.80000019073486 13 16.1000003814697 19.5 21.1000003814697 20.2000007629395 22.2000007629395 24.7000007629395 23.8999996185303 24.3999996185303 26.2999992370605 27.1000003814697 27.7000007629395 28.5 28.6000003814697 28.7999992370605 28.8999996185303 28.8999996185303 29 28.8999996185303 28.8999996185303 28.8999996185303 28.8999996185303 28.8999996185303 28.8999996185303 28.8999996185303 28.8999996185303 28.7999992370605 28.7000007629395 28.7999992370605 28.7999992370605 28.7000007629395 28.5 28.2999992370605 28.3999996185303 28.5 28.2999992370605 28.2000007629395 28.1000003814697 27.8999996185303 28.1000003814697 28.1000003814697 28.1000003814697 28.2000007629395 28.1000003814697 28.1000003814697
9.19999980926514 7.69999980926514 6.5 8.30000019073486 8.89999961853027 8 8.80000019073486 9.39999961853027 9 8.39999961853027 10.1000003814697 12.1999998092651 14.8999996185303 17.2000007629395 18.5 20.8999996185303 24 21.6000003814697 21.6000003814697 24.2000007629395 27.7000007629395 27.5 27.8999996185303 28.5 28.7000007629395 28.7999992370605 28.7999992370605 28.8999996185303 28.8999996185303 28.8999996185303 28.8999996185303 28.8999996185303 28.8999996185303 28.7999992370605 28.7999992370605 28.7999992370605 28.7999992370605 28.7000007629395 28.7000007629395 28.7000007629395 28.6000003814697 28.5 28.5 28.5 28.5 28.3999996185303 28.2999992370605 28.2000007629395 28.1000003814697 28.1000003814697 28.1000003814697 28.1000003814697 28.1000003814697 28.1000003814697 28.1000003814697
9 8 8.10000038146973 8.89999961853027 10.1000003814697 10 8.80000019073486 7.40000009536743 7.90000009536743 8.10000038146973 8.19999980926514 7.40000009536743 8 12.6999998092651 20.1000003814697 22.7999992370605 22.2000007629395 22.2999992370605 21.1000003814697 24.3999996185303 26.7000007629395 28.1000003814697 28.1000003814697 27.7000007629395 28.5 28.7000007629395 28.7999992370605 28.8999996185303 28.8999996185303 28.7999992370605 28.7999992370605 28.7999992370605 28.7999992370605 28.7999992370605 28.7999992370605 28.7999992370605 28.7999992370605 28.7999992370605 28.7000007629395 28.7000007629395 28.7000007629395 28.6000003814697 28.3999996185303 28.5 28.5 28.2999992370605 28.2999992370605 28.2999992370605 28.2000007629395 28.1000003814697 28.1000003814697 28.1000003814697 28.1000003814697 28.1000003814697 28.1000003814697
9.89999961853027 8 8.80000019073486 10.1999998092651 9.39999961853027 10.8000001907349 10.8999996185303 10.1999998092651 10.3000001907349 8.30000019073486 7.80000019073486 7.40000009536743 6.09999990463257 9.69999980926514 16.6000003814697 21.3999996185303 22.2999992370605 23.2999992370605 21.2999992370605 22.7999992370605 25.3999996185303 27.3999996185303 28.1000003814697 28.1000003814697 27.7000007629395 28.5 28.7999992370605 29 28.7999992370605 28.7999992370605 28.7999992370605 28.7999992370605 28.7999992370605 28.7999992370605 28.7999992370605 28.7999992370605 28.7999992370605 28.7999992370605 28.7999992370605 28.7000007629395 28.7000007629395 28.6000003814697 28.6000003814697 28.3999996185303 28.3999996185303 28.3999996185303 28.2999992370605 28.2999992370605 28 28.1000003814697 28.1000003814697 28.1000003814697 28.2000007629395 28.1000003814697 28.1000003814697
9.60000038146973 9.19999980926514 8.80000019073486 10.1000003814697 10.5 10.6999998092651 10.6999998092651 11 10.1000003814697 11.3000001907349 8.80000019073486 8.89999961853027 8.10000038146973 7 10.6000003814697 17.7000007629395 23.1000003814697 23.6000003814697 23.7000007629395 22.8999996185303 26.2999992370605 26.3999996185303 27.5 28.2000007629395 27.8999996185303 28.5 28.7000007629395 28.8999996185303 28.8999996185303 28.7999992370605 28.7999992370605 28.7999992370605 28.7999992370605 28.7999992370605 28.7999992370605 28.7999992370605 28.8999996185303 28.7999992370605 28.7999992370605 28.7000007629395 28.7000007629395 28.6000003814697 28.6000003814697 28.3999996185303 28.3999996185303 28.3999996185303 28.3999996185303 28.2999992370605 28 28 28 28.1000003814697 28.1000003814697 28.1000003814697 28
7.30000019073486 8.39999961853027 8.10000038146973 6.80000019073486 8.69999980926514 10.5 11.1999998092651 11.1999998092651 11 11.6000003814697 10.6999998092651 9.60000038146973 9.39999961853027 8.69999980926514 11.3999996185303 15.3999996185303 21.6000003814697 24.3999996185303 25.2999992370605 23.2999992370605 24.8999996185303 27.2999992370605 25.8999996185303 27.2999992370605 27.7000007629395 27.8999996185303 28.7000007629395 28.6000003814697 28.7000007629395 28.7999992370605 28.7999992370605 28.7999992370605 28.7999992370605 28.7999992370605 28.7999992370605 28.8999996185303 28.8999996185303 28.7999992370605 28.7000007629395 28.7999992370605 28.7999992370605 28.7000007629395 28.6000003814697 28.6000003814697 28.5 28.3999996185303 28.3999996185303 28.3999996185303 28.2000007629395 28 27.8999996185303 28 28.1000003814697 28.1000003814697 28
6.80000019073486 6 6 5.69999980926514 8.30000019073486 10.3999996185303 11.6000003814697 12.1999998092651 12.1999998092651 12.1000003814697 11.5 10.6999998092651 9.39999961853027 9.39999961853027 11.8000001907349 17.6000003814697 18.8999996185303 23.8999996185303 25.7999992370605 24.8999996185303 23.8999996185303 26.7999992370605 27.7000007629395 26.3999996185303 26.7999992370605 27.1000003814697 28.5 28.3999996185303 28.6000003814697 28.7000007629395 28.7999992370605 28.7999992370605 28.7999992370605 28.8999996185303 28.8999996185303 28.8999996185303 28.7999992370605 28.7999992370605 28.7000007629395 28.7999992370605 28.7000007629395 28.7000007629395 28.7000007629395 28.6000003814697 28.6000003814697 28.5 28.5 28.5 28.5 28.2000007629395 27.7999992370605 28 27.8999996185303 28.1000003814697 28
