data/layers/future_layer_can_126_60/bio8.asc
NCOLS 494 
NROWS 529 
XLLCORNER -117.166666666667 
YLLCORNER -55.5 
CELLSIZE 0.166666666666667 
NODATA_value -3.4e+38 
[rows 192 to 215 of 529, columns 330 to 384 of 494]
28.5 28.5 28.5 28.5 28.6000003814697 28.6000003814697 28.6000003814697 28.5 28.3999996185303 28.3999996185303 28.3999996185303 28.2999992370605 28.2000007629395 28.1000003814697 28 28 28.1000003814697 28.1000003814697 27.8999996185303 27.7999992370605 27.7999992370605 27.5 27.5 27.6000003814697 27.3999996185303 27.1000003814697 26.8999996185303 27 27 27.1000003814697 26.8999996185303 27.1000003814697 27.1000003814697 27.1000003814697 26.8999996185303 26.8999996185303 26.6000003814697 26.5 26.3999996185303 26.3999996185303 26.2000007629395 26.1000003814697 25.6000003814697 25.8999996185303 26.1000003814697 26.1000003814697 26.1000003814697 26.1000003814697 25.7999992370605 25.5 26.2000007629395 26.2000007629395 25.7999992370605 26.2000007629395 26.2000007629395
28.3999996185303 28.6000003814697 28.3999996185303 28.5 28.6000003814697 28.7000007629395 28.6000003814697 28.5 28.3999996185303 28.3999996185303 28.3999996185303 28.2000007629395 28 28.1000003814697 28 28 28.1000003814697 27.7999992370605 27.7999992370605 27.6000003814697 27.6000003814697 27.6000003814697 27.6000003814697 27.6000003814697 27.6000003814697 27.3999996185303 27.3999996185303 27.2999992370605 27.1000003814697 27.1000003814697 27.1000003814697 27.1000003814697 27.1000003814697 27.2000007629395 27 27 27 26.5 26.3999996185303 26.2999992370605 26.2000007629395 25.6000003814697 25.3999996185303 25.2999992370605 25.6000003814697 26 26.1000003814697 25.8999996185303 26 25.7999992370605 25.8999996185303 26.2000007629395 26.3999996185303 26.5 26.5
28.6000003814697 28.5 28.3999996185303 28.5 28.6000003814697 28.6000003814697 28.6000003814697 28.5 28.3999996185303 28.3999996185303 28.2999992370605 28.2000007629395 27.8999996185303 28 28 27.8999996185303 27.8999996185303 27.6000003814697 27.3999996185303 27.3999996185303 27.6000003814697 27.6000003814697 27.6000003814697 27.6000003814697 27.6000003814697 27.5 27.5 27.3999996185303 27.2000007629395 27.1000003814697 27.1000003814697 27.1000003814697 27.1000003814697 27.2000007629395 27 26.8999996185303 26.8999996185303 26.3999996185303 26.3999996185303 26.1000003814697 26.1000003814697 26 25.6000003814697 25.2000007629395 25.2999992370605 25.6000003814697 25.7999992370605 26.1000003814697 25.7999992370605 25.7999992370605 25.6000003814697 26.2999992370605 26.3999996185303 26.3999996185303 26.6000003814697
28.3999996185303 28.5 28.3999996185303 28.5 28.6000003814697 28.5 28.5 28.5 28.6000003814697 28.3999996185303 28.2000007629395 28.2000007629395 28.2000007629395 27.7999992370605 27.8999996185303 27.8999996185303 27.7999992370605 27.7000007629395 27.3999996185303 27.2000007629395 27.2000007629395 27.2999992370605 27.3999996185303 27.5 27.2000007629395 27.1000003814697 27.2999992370605 27.3999996185303 27.2999992370605 27.3999996185303 27.2000007629395 27.2000007629395 27.1000003814697 27.1000003814697 26.8999996185303 26.7000007629395 26.8999996185303 26.5 26.2999992370605 26.1000003814697 26 25.7999992370605 25.3999996185303 25.2000007629395 25.3999996185303 25.6000003814697 25.6000003814697 26 26.2000007629395 26.1000003814697 25.8999996185303 26.2000007629395 26.6000003814697 26.5 26.6000003814697
28.3999996185303 28.3999996185303 28.3999996185303 28.5 28.6000003814697 28.3999996185303 28.2000007629395 28.2000007629395 28.2000007629395 28.1000003814697 28 28 27.8999996185303 27.7999992370605 27.7999992370605 27.8999996185303 27.7999992370605 27.8999996185303 27.7999992370605 27.2999992370605 27 27.2000007629395 27.1000003814697 27.3999996185303 27.5 27.2999992370605 27.1000003814697 27.2000007629395 27.3999996185303 27.3999996185303 27.2000007629395 27.3999996185303 27.2000007629395 27.1000003814697 26.8999996185303 26.5 26.8999996185303 26.5 26.3999996185303 26.1000003814697 26.1000003814697 25.6000003814697 25.3999996185303 25.3999996185303 25.5 25.5 25.3999996185303 26.1000003814697 26.3999996185303 26.2999992370605 26.2999992370605 26.3999996185303 26.2999992370605 26.3999996185303 26.6000003814697
27.8999996185303 28.1000003814697 28.1000003814697 28.1000003814697 28.1000003814697 28.1000003814697 28.1000003814697 28.1000003814697 28.1000003814697 28 28 28 27.8999996185303 27.7999992370605 27.6000003814697 27.7000007629395 27.7999992370605 27.8999996185303 27.8999996185303 27.2000007629395 27.1000003814697 27.2999992370605 27.2999992370605 27.2999992370605 27.3999996185303 26.8999996185303 27.1000003814697 26.7999992370605 27.1000003814697 27.3999996185303 27.3999996185303 27.3999996185303 27.2999992370605 27.1000003814697 27.1000003814697 26.6000003814697 26.7999992370605 26.2999992370605 26.2000007629395 26.2000007629395 26 25.5 25.3999996185303 25.2000007629395 25.5 25.6000003814697 25.6000003814697 26.1000003814697 26.2999992370605 26.6000003814697 26.3999996185303 26.2999992370605 26.6000003814697 26.6000003814697 26.3999996185303
27.8999996185303 28 28 28 28.1000003814697 28.1000003814697 28.1000003814697 28.1000003814697 28.1000003814697 28 28 27.8999996185303 27.7999992370605 27.6000003814697 27.6000003814697 27.6000003814697 27.3999996185303 27.8999996185303 27.7999992370605 27.1000003814697 27.2999992370605 27.6000003814697 27.2999992370605 27.3999996185303 27.6000003814697 27.2999992370605 26.8999996185303 27.2999992370605 27.3999996185303 27.3999996185303 27.3999996185303 27.6000003814697 27.3999996185303 27.2000007629395 27.1000003814697 26.8999996185303 26.7999992370605 26.2999992370605 26 26.2000007629395 26 25.5 25.3999996185303 25.1000003814697 25.3999996185303 25.6000003814697 25.3999996185303 25.7000007629395 26.1000003814697 26.2000007629395 26.3999996185303 26.3999996185303 26.2000007629395 26.2000007629395 26.2000007629395
27.7999992370605 28 27.8999996185303 28 28.1000003814697 28.1000003814697 28 28 28 28 28 27.7999992370605 27.3999996185303 27.3999996185303 27.6000003814697 27.6000003814697 27.3999996185303 27.7999992370605 27.7000007629395 27.3999996185303 27.7000007629395 27.7999992370605 27.6000003814697 27.3999996185303 27.6000003814697 27.6000003814697 27.6000003814697 27.6000003814697 27.5 27.3999996185303 27.3999996185303 27.6000003814697 27.5 27.3999996185303 27.1000003814697 27.1000003814697 26.6000003814697 26.5 26.1000003814697 26.2000007629395 26.1000003814697 25.7999992370605 25.3999996185303 25.1000003814697 25.2000007629395 25.6000003814697 25.2999992370605 25.2000007629395 25.3999996185303 25.8999996185303 26.2000007629395 26.3999996185303 26.2000007629395 26 24.7000007629395
27.7999992370605 27.8999996185303 27.8999996185303 27.8999996185303 28 28.1000003814697 27.8999996185303 28 28 28 28 28 27.6000003814697 27.3999996185303 27.7000007629395 27.6000003814697 27.5 27.7999992370605 27.8999996185303 27.7000007629395 27.5 27.7999992370605 27.7999992370605 27.5 27.5 27.6000003814697 27.7000007629395 27.6000003814697 27.7000007629395 27.3999996185303 27.5 27.6000003814697 27.3999996185303 27.3999996185303 27.3999996185303 27.2000007629395 26.8999996185303 26.6000003814697 26.2000007629395 26.2000007629395 26.2000007629395 26 25.3999996185303 25.2999992370605 25.3999996185303 25.6000003814697 25.7000007629395 25.7000007629395 25.2000007629395 26.1000003814697 26.2000007629395 26.2000007629395 25.7999992370605 25.3999996185303 25.7000007629395
27.7999992370605 27.8999996185303 27.8999996185303 27.8999996185303 27.8999996185303 28.1000003814697 27.8999996185303 27.8999996185303 28 28 28 27.8999996185303 27.5 27.6000003814697 27.6000003814697 27.7000007629395 27.7999992370605 27.7000007629395 27.7999992370605 27.7999992370605 27.6000003814697 27.7000007629395 27.7999992370605 27.7000007629395 27.6000003814697 27.1000003814697 27.2000007629395 27.5 27.2999992370605 27.6000003814697 27.6000003814697 27.3999996185303 27.1000003814697 27.3999996185303 27.2000007629395 27.2000007629395 27.2000007629395 26.7999992370605 26.2000007629395 26 26.1000003814697 26 26 25.7999992370605 25.5 25.3999996185303 25.8999996185303 25.7000007629395 25 24.7000007629395 24.7999992370605 24.8999996185303 25.3999996185303 25.8999996185303 26.2000007629395
27.8999996185303 27.8999996185303 27.8999996185303 27.8999996185303 27.8999996185303 28.1000003814697 27.8999996185303 27.8999996185303 27.7999992370605 27.8999996185303 28.1000003814697 27.8999996185303 27.7999992370605 27.6000003814697 27.7999992370605 27.7999992370605 27.7000007629395 27.7999992370605 27.6000003814697 27.7999992370605 27.7999992370605 27.7999992370605 27.5 27.6000003814697 27.7000007629395 27.5 27.2000007629395 27.2000007629395 27.3999996185303 27.6000003814697 27.6000003814697 27.5 27.5 27.5 27.5 27.3999996185303 27.2999992370605 27.1000003814697 26.6000003814697 26.2000007629395 26.3999996185303 26.3999996185303 26.2000007629395 25.8999996185303 25.6000003814697 25.7999992370605 25.8999996185303 25.6000003814697 25.2999992370605 24.1000003814697 24.7999992370605 25.3999996185303 26.1000003814697 26.5 26.7999992370605
28 28 27.8999996185303 28 27.8999996185303 28 27.8999996185303 27.6000003814697 27.8999996185303 28 28 27.8999996185303 28 27.8999996185303 27.7999992370605 27.7999992370605 27.6000003814697 27.7000007629395 27.7999992370605 27.8999996185303 27.7999992370605 27.7999992370605 27.7000007629395 27.3999996185303 27.7000007629395 27.5 27.5 27.3999996185303 27.6000003814697 27.7999992370605 27.7999992370605 27.8999996185303 27.7999992370605 27.7999992370605 27.7000007629395 27.6000003814697 27.6000003814697 27.6000003814697 27.3999996185303 27.1000003814697 26.7999992370605 26.7000007629395 26.5 25.7000007629395 25.3999996185303 25.3999996185303 25.7999992370605 25 25.1000003814697 25.6000003814697 26 25.8999996185303 26.1000003814697 26.3999996185303 26.8999996185303
27.8999996185303 28.3999996185303 27.8999996185303 28 27.8999996185303 27.8999996185303 27.8999996185303 27.7999992370605 27.8999996185303 27.8999996185303 27.8999996185303 27.8999996185303 28.1000003814697 28 28.1000003814697 27.8999996185303 27.5 27.6000003814697 27.8999996185303 28 27.7000007629395 27.6000003814697 27.5 27.2999992370605 27.6000003814697 28.5 28.5 28.3999996185303 28.1000003814697 28.2000007629395 28.2000007629395 28.5 28.5 28.5 28.5 27.5 28.3999996185303 28.5 28.3999996185303 28.2000007629395 28 28 27.8999996185303 27.6000003814697 27 26.1000003814697 25.7000007629395 26.3999996185303 26.1000003814697 26.6000003814697 26.6000003814697 26.3999996185303 26.3999996185303 26.2999992370605 26.6000003814697
28.2000007629395 28.2000007629395 28.2999992370605 28.3999996185303 28.2999992370605 27.8999996185303 27.8999996185303 27.7999992370605 27.8999996185303 27.8999996185303 27.8999996185303 27.8999996185303 28.1000003814697 28.1000003814697 28.1000003814697 27.8999996185303 27.8999996185303 27.7999992370605 28.2000007629395 27.7999992370605 27.7999992370605 27.7999992370605 27.7000007629395 28.1000003814697 28.1000003814697 28.2000007629395 28.3999996185303 28.3999996185303 28.3999996185303 28.2999992370605 28.1000003814697 28.1000003814697 28 28.1000003814697 28.2000007629395 28.2999992370605 28.3999996185303 28.3999996185303 28.2000007629395 27.8999996185303 28 28.2000007629395 28.1000003814697 28 27.7999992370605 27.6000003814697 27.7000007629395 27.6000003814697 26.3999996185303 26.2999992370605 26.6000003814697 26.7999992370605 26.6000003814697 26.3999996185303 26.7999992370605
28.2999992370605 28.2999992370605 28.2999992370605 28.3999996185303 28.3999996185303 28.2999992370605 28.2999992370605 28.2000007629395 28.2999992370605 28 27.8999996185303 27.6000003814697 27.7000007629395 27.8999996185303 28 28.3999996185303 28.3999996185303 28.1000003814697 27.7999992370605 27.8999996185303 28.1000003814697 28.3999996185303 28.3999996185303 28.2999992370605 28.2000007629395 28.1000003814697 28.1000003814697 28.2999992370605 28.3999996185303 28.3999996185303 28.5 28.2000007629395 28.1000003814697 28.1000003814697 28.2000007629395 28.3999996185303 28.3999996185303 28.3999996185303 28.2000007629395 28 28 27.8999996185303 28.1000003814697 28.1000003814697 27.8999996185303 27.8999996185303 27.8999996185303 27.6000003814697 26.6000003814697 26.7999992370605 27 27 26.8999996185303 27.1000003814697 27.1000003814697
28.2000007629395 28.2999992370605 28.3999996185303 28.3999996185303 28.3999996185303 28.3999996185303 28.2000007629395 28.1000003814697 28.2000007629395 28.2999992370605 27.7999992370605 27.6000003814697 27.5 27.5 27.6000003814697 28.2000007629395 28.2000007629395 27.8999996185303 28.2000007629395 28.2000007629395 28.2000007629395 28.2000007629395 28.3999996185303 28.5 28.2999992370605 28.2000007629395 28.2000007629395 28.2000007629395 28.2000007629395 28.3999996185303 28.3999996185303 28.6000003814697 28.5 28.3999996185303 28.3999996185303 28.7000007629395 28.7000007629395 28.5 28.5 28.2999992370605 28.2000007629395 28.1000003814697 28.2000007629395 28.1000003814697 28 27.8999996185303 27.8999996185303 27.7999992370605 27.7999992370605 27.1000003814697 27.1000003814697 27.1000003814697 27.1000003814697 27.2000007629395 27.1000003814697
28.2000007629395 28.2999992370605 28.2000007629395 28.2000007629395 28.2000007629395 28.2999992370605 28.2999992370605 28.2000007629395 28.1000003814697 28.1000003814697 28 27.6000003814697 27.7000007629395 27.7000007629395 27.8999996185303 27.8999996185303 28.2000007629395 28.2999992370605 28.2000007629395 28.2999992370605 28.2999992370605 28.2000007629395 28.2000007629395 28.3999996185303 28.3999996185303 28.2000007629395 28.2000007629395 28.2999992370605 28.3999996185303 28.3999996185303 28.3999996185303 28.3999996185303 28.6000003814697 28.5 28.7000007629395 28.6000003814697 28.6000003814697 28.5 28.5 28.3999996185303 28.2999992370605 28.2999992370605 28.2000007629395 28.1000003814697 28.1000003814697 27.8999996185303 27.8999996185303 27.8999996185303 27.8999996185303 27.8999996185303 27.1000003814697 27.1000003814697 26.8999996185303 26.8999996185303 26.7999992370605
28.2000007629395 28.2000007629395 28.2000007629395 28.2000007629395 28.1000003814697 28.1000003814697 28.2000007629395 28.2000007629395 28.2000007629395 28.1000003814697 28.1000003814697 28.1000003814697 27.7000007629395 28.1000003814697 28.1000003814697 28.1000003814697 28.2000007629395 28.2999992370605 28.5 28.5 28.5 28.5 28.5 28.3999996185303 28.5 28.2999992370605 28.2000007629395 28.2000007629395 28.3999996185303 28.3999996185303 28.2999992370605 28.3999996185303 28.7000007629395 28.7000007629395 28.6000003814697 28.6000003814697 28.2000007629395 28.1000003814697 28.3999996185303 28.2999992370605 28.2000007629395 28.1000003814697 28 27.8999996185303 27.8999996185303 27.7999992370605 27.7999992370605 27.7999992370605 27.7999992370605 27.7999992370605 27.5 26.7000007629395 26.6000003814697 26.6000003814697 27.2000007629395
28.2000007629395 28.2000007629395 28.2000007629395 28.2000007629395 28.2000007629395 28.1000003814697 28.2999992370605 28.2000007629395 28.2000007629395 28.2000007629395 28.2000007629395 28.2000007629395 28.1000003814697 27.8999996185303 28 28.2000007629395 28.1000003814697 28.1000003814697 28.2000007629395 28.2000007629395 28.2000007629395 28.2000007629395 28.3999996185303 28.6000003814697 28.5 28.3999996185303 28.3999996185303 28.6000003814697 28.6000003814697 28.3999996185303 28.6000003814697 28.7999992370605 28.7000007629395 28.7000007629395 28.5 28.3999996185303 28 28 27.7999992370605 27.7999992370605 27.8999996185303 28 27.8999996185303 27.7999992370605 27.7999992370605 27.7999992370605 27.7999992370605 27.7000007629395 27.6000003814697 27.5 27.2000007629395 27.2000007629395 27.1000003814697 27.2000007629395 27.2000007629395
28.2000007629395 28.2000007629395 28.2000007629395 28.2000007629395 28.2000007629395 28.1000003814697 28.2000007629395 28.2999992370605 28.2999992370605 28.2000007629395 28.2000007629395 28.2000007629395 28 27.8999996185303 28.1000003814697 28.1000003814697 28.2000007629395 28.2000007629395 28.1000003814697 28.1000003814697 28.1000003814697 28.2000007629395 28.2000007629395 28.2999992370605 28.6000003814697 28.7000007629395 28.7999992370605 28.7000007629395 28.7999992370605 28.7999992370605 28.7999992370605 28.7000007629395 28.7000007629395 28.5 28.3999996185303 28 28 28 28 28 27.8999996185303 27.7999992370605 27.8999996185303 27.3999996185303 27.1000003814697 27.3999996185303 27.3999996185303 27.1000003814697 27.3999996185303 26.8999996185303 26.8999996185303 27.1000003814697 26.8999996185303 27.1000003814697 27.1000003814697
28.2000007629395 28.2000007629395 28.2000007629395 28.2000007629395 28.2000007629395 28.1000003814697 28.1000003814697 28.2000007629395 28.3999996185303 28.2999992370605 28.2000007629395 28.1000003814697 28.1000003814697 28 28.1000003814697 28.2000007629395 28.2000007629395 28.2999992370605 28.2000007629395 28.2000007629395 28.2000007629395 28.2000007629395 28.2000007629395 28.3999996185303 28.5 28.6000003814697 28.7000007629395 28.7999992370605 28.7999992370605 28.7999992370605 28.7999992370605 28.7000007629395 28.6000003814697 28.3999996185303 28.1000003814697 28 28 27.8999996185303 28 27.8999996185303 27.5 27.6000003814697 27.7999992370605 27 27.2000007629395 27.1000003814697 27 27.1000003814697 27 27.1000003814697 26.7999992370605 26.8999996185303 26.8999996185303 26.8999996185303 27
28.2000007629395 28.2999992370605 28.2999992370605 28.2000007629395 28.2000007629395 28.1000003814697 28.1000003814697 28.1000003814697 28.2000007629395 28.3999996185303 28.2000007629395 28.2000007629395 28.2000007629395 28.1000003814697 28.1000003814697 28.2000007629395 28.2000007629395 28.2000007629395 28.3999996185303 28.2999992370605 28.2999992370605 28.3999996185303 28.5 28.6000003814697 28.6000003814697 28.7000007629395 28.7999992370605 28.7000007629395 28.5 28.5 28.5 28.5 28.5 28.3999996185303 28.1000003814697 28 28 28 27.8999996185303 27.7999992370605 27.3999996185303 27.6000003814697 27.6000003814697 27.1000003814697 27.2999992370605 27.2999992370605 27.2000007629395 27 26.6000003814697 26.7999992370605 26.7999992370605 26.6000003814697 26.7999992370605 26.7999992370605 26.8999996185303
28.2999992370605 28.2999992370605 28.2999992370605 28.2999992370605 28.2999992370605 28.3999996185303 28.2999992370605 28.2000007629395 28.2000007629395 28.2999992370605 28.3999996185303 28.2000007629395 28.3999996185303 28.2999992370605 28.2999992370605 28.3999996185303 28.3999996185303 28.3999996185303 28.3999996185303 28.3999996185303 28.3999996185303 28.5 28.6000003814697 28.6000003814697 28.6000003814697 28.7000007629395 28.7000007629395 28.6000003814697 28.5 28.5 28.3999996185303 28.3999996185303 28.2999992370605 28.3999996185303 28.1000003814697 28 28 28 27.8999996185303 27.6000003814697 27.2000007629395 27.7999992370605 27.5 27.1000003814697 27.2000007629395 27.1000003814697 27.1000003814697 26.7999992370605 26.7000007629395 26.7999992370605 26.8999996185303 26.7999992370605 26.7000007629395 26.7999992370605 26.7999992370605
28.2000007629395 28.2999992370605 28.2000007629395 28.2999992370605 28.3999996185303 29.2000007629395 28.3999996185303 28.3999996185303 28.3999996185303 28.2999992370605 28.3999996185303 28.2000007629395 28.2999992370605 28.3999996185303 28.3999996185303 28.5 28.6000003814697 28.6000003814697 28.6000003814697 28.5 28.6000003814697 28.6000003814697 28.6000003814697 28.6000003814697 28.5 28.7000007629395 28.6000003814697 28.5 28.3999996185303 28.3999996185303 28.3999996185303 28.3999996185303 28.2999992370605 28.2999992370605 28.1000003814697 28 28 28 27.7999992370605 27.6000003814697 27.3999996185303 27.8999996185303 27.2000007629395 27.1000003814697 27.1000003814697 27 27.1000003814697 26.7999992370605 26.7999992370605 26.7999992370605 26.6000003814697 26.8999996185303 26.7999992370605 26.6000003814697 26.7999992370605
