data/layers/future_layer_can_126_60/bio8.asc
NCOLS 494 
NROWS 529 
XLLCORNER -117.166666666667 
YLLCORNER -55.5 
CELLSIZE 0.166666666666667 
NODATA_value -3.4e+38 
[rows 144 to 167 of 529, columns 220 to 274 of 494]
28.3999996185303 27.5 26.1000003814697 -3.4e+38 -3.4e+38 -3.4e+38 -3.4e+38 -3.4e+38 -3.4e+38 -3.4e+38 -3.4e+38 -3.4e+38 28.2000007629395 27.8999996185303 28.2000007629395 28.2000007629395 28.1000003814697 26.1000003814697 26.7999992370605 -3.4e+38 -3.4e+38 -3.4e+38 28.7000007629395 28.5 28.6000003814697 28.7000007629395 29.2000007629395 29.6000003814697 29.5 28.8999996185303 29.3999996185303 29.7999992370605 29.7000007629395 29.7000007629395 29.7000007629395 29.7999992370605 29.8999996185303 29.6000003814697 29.2999992370605 30.1000003814697 30 28.1000003814697 23.1000003814697 24.8999996185303 26.6000003814697 27.2000007629395 29.6000003814697 29.8999996185303 30.2000007629395 30.3999996185303 30.3999996185303 30.3999996185303 29.8999996185303 27.1000003814697 19.6000003814697
28.3999996185303 28.6000003814697 -3.4e+38 -3.4e+38 -3.4e+38 -3.4e+38 -3.4e+38 -3.4e+38 -3.4e+38 -3.4e+38 -3.4e+38 -3.4e+38 -3.4e+38 -3.4e+38 28.2000007629395 28.1000003814697 28.2999992370605 27.3999996185303 24.7999992370605 -3.4e+38 -3.4e+38 -3.4e+38 -3.4e+38 28.5 28.2999992370605 28.5 29.1000003814697 29.5 29.3999996185303 29.2999992370605 29.3999996185303 29.3999996185303 29.6000003814697 29.6000003814697 29.7000007629395 29.6000003814697 29.2000007629395 27.7999992370605 27.8999996185303 29.7000007629395 30 27.1000003814697 21.6000003814697 22.1000003814697 24.1000003814697 25.7999992370605 28.6000003814697 29.5 29.8999996185303 29.7999992370605 29.3999996185303 27.1000003814697 25.7000007629395 23.5 21.2999992370605
-3.4e+38 -3.4e+38 -3.4e+38 -3.4e+38 -3.4e+38 -3.4e+38 -3.4e+38 -3.4e+38 -3.4e+38 -3.4e+38 -3.4e+38 -3.4e+38 -3.4e+38 -3.4e+38 27.7999992370605 28.2999992370605 28.7999992370605 28.3999996185303 24.7999992370605 24.5 -3.4e+38 -3.4e+38 -3.4e+38 28.1000003814697 28.2000007629395 28.3999996185303 29.1000003814697 29.2000007629395 29.2000007629395 29.2999992370605 29.2999992370605 29.2999992370605 29.3999996185303 29.7000007629395 29.7000007629395 29.2999992370605 27.6000003814697 24.3999996185303 25.3999996185303 29.6000003814697 30 29.3999996185303 23.7000007629395 21.5 21.5 23.6000003814697 27.2000007629395 29.1000003814697 29.6000003814697 29 25.7999992370605 17.5 18.3999996185303 17.6000003814697 17.2000007629395
-3.4e+38 -3.4e+38 -3.4e+38 -3.4e+38 -3.4e+38 -3.4e+38 -3.4e+38 -3.4e+38 -3.4e+38 -3.4e+38 -3.4e+38 -3.4e+38 -3.4e+38 -3.4e+38 27 28.7000007629395 28.7000007629395 28.3999996185303 25.6000003814697 23.7999992370605 28.3999996185303 28.8999996185303 -3.4e+38 28.2000007629395 27.5 28.2999992370605 28.1000003814697 28.2000007629395 28.7999992370605 29.1000003814697 29.1000003814697 29.2000007629395 29.3999996185303 29.7000007629395 29.7999992370605 28.8999996185303 27.3999996185303 22.3999996185303 25.5 29.7999992370605 30.2999992370605 30.1000003814697 25.8999996185303 20.7999992370605 19.3999996185303 20.5 24.8999996185303 28.3999996185303 27.7999992370605 24.8999996185303 20.2000007629395 14.3999996185303 19.8999996185303 18.7000007629395 21.1000003814697
28.5 -3.4e+38 -3.4e+38 -3.4e+38 -3.4e+38 -3.4e+38 -3.4e+38 -3.4e+38 -3.4e+38 -3.4e+38 -3.4e+38 -3.4e+38 -3.4e+38 26.7999992370605 27.1000003814697 27.3999996185303 25.7000007629395 27.7999992370605 27.8999996185303 26.3999996185303 28.6000003814697 -3.4e+38 -3.4e+38 27.6000003814697 26.6000003814697 28 25.8999996185303 27.2999992370605 28.7999992370605 29.1000003814697 29.3999996185303 29.3999996185303 29.6000003814697 29.7999992370605 29.7000007629395 27.5 26.3999996185303 23.3999996185303 26.6000003814697 30.1000003814697 30.2999992370605 30.2000007629395 27.8999996185303 18.3999996185303 17.1000003814697 18 23.7999992370605 28.2000007629395 25.7000007629395 21.3999996185303 17.3999996185303 17.2000007629395 22.1000003814697 22.7000007629395 24.5
27.6000003814697 28.3999996185303 -3.4e+38 -3.4e+38 -3.4e+38 -3.4e+38 -3.4e+38 -3.4e+38 -3.4e+38 -3.4e+38 -3.4e+38 -3.4e+38 -3.4e+38 -3.4e+38 25.2999992370605 26.2999992370605 24.3999996185303 26.6000003814697 27.7999992370605 28.6000003814697 29.1000003814697 29.2999992370605 29.3999996185303 27.8999996185303 26.3999996185303 27.8999996185303 27.6000003814697 28 28.3999996185303 28.1000003814697 29.1000003814697 29.2000007629395 29.5 29.8999996185303 30 27.5 24.3999996185303 24.7999992370605 27.8999996185303 30 30.2000007629395 30.2000007629395 29.6000003814697 22.5 16.7999992370605 15.8999996185303 23.5 24.3999996185303 24.2000007629395 23.2999992370605 22.5 23.7000007629395 25.6000003814697 26.8999996185303 27.7999992370605
26 27.2000007629395 -3.4e+38 -3.4e+38 -3.4e+38 -3.4e+38 -3.4e+38 -3.4e+38 -3.4e+38 -3.4e+38 -3.4e+38 -3.4e+38 -3.4e+38 -3.4e+38 26.2000007629395 24.7000007629395 26.3999996185303 25.1000003814697 27.7999992370605 29.1000003814697 29.2999992370605 29.5 29.6000003814697 27.7000007629395 25 27.1000003814697 28 26.7999992370605 25.1000003814697 26.3999996185303 28.2000007629395 28.5 28.5 30 29.8999996185303 27.1000003814697 24.7000007629395 24.7999992370605 28.6000003814697 30.1000003814697 30.2000007629395 30 29.6000003814697 25.7000007629395 18.3999996185303 14.6999998092651 19.7000007629395 20.1000003814697 19.3999996185303 22.7999992370605 25.2000007629395 26.6000003814697 27.8999996185303 28.2999992370605 28.3999996185303
27.7999992370605 -3.4e+38 -3.4e+38 -3.4e+38 -3.4e+38 -3.4e+38 -3.4e+38 -3.4e+38 -3.4e+38 -3.4e+38 -3.4e+38 -3.4e+38 -3.4e+38 -3.4e+38 -3.4e+38 25.7999992370605 26.6000003814697 26.3999996185303 28.3999996185303 29.1000003814697 29.5 28.8999996185303 29.7000007629395 29.3999996185303 24.3999996185303 24.7000007629395 25.7999992370605 23.7999992370605 22.6000003814697 23.8999996185303 26 27.1000003814697 27.2000007629395 29.1000003814697 29.5 27 25.7999992370605 24.7999992370605 27.8999996185303 30.1000003814697 30 29.7999992370605 29.6000003814697 26.7000007629395 19.8999996185303 12.8999996185303 15 16.2000007629395 14.8000001907349 17.3999996185303 24 27 28 28.2000007629395 28.2999992370605
-3.4e+38 -3.4e+38 -3.4e+38 -3.4e+38 -3.4e+38 -3.4e+38 -3.4e+38 -3.4e+38 -3.4e+38 -3.4e+38 -3.4e+38 -3.4e+38 -3.4e+38 -3.4e+38 -3.4e+38 -3.4e+38 27.1000003814697 26.3999996185303 27.1000003814697 28.5 28.8999996185303 29 29 29.3999996185303 26.7000007629395 20.8999996185303 21.7999992370605 19.3999996185303 20.8999996185303 22.3999996185303 25.3999996185303 24.8999996185303 25.5 27.7000007629395 28.1000003814697 27.1000003814697 26.7000007629395 26.8999996185303 29 29.8999996185303 29.7999992370605 29.6000003814697 28.8999996185303 26.2000007629395 21.7000007629395 12.6999998092651 11.8999996185303 15.1000003814697 18.8999996185303 18.7000007629395 24.2000007629395 26.6000003814697 27.5 27.8999996185303 28
-3.4e+38 -3.4e+38 -3.4e+38 -3.4e+38 -3.4e+38 -3.4e+38 -3.4e+38 -3.4e+38 -3.4e+38 -3.4e+38 -3.4e+38 -3.4e+38 -3.4e+38 -3.4e+38 -3.4e+38 -3.4e+38 -3.4e+38 27.3999996185303 27.7999992370605 28.6000003814697 28.8999996185303 29.2000007629395 28.8999996185303 27.6000003814697 26.2000007629395 21.5 18.7999992370605 17.3999996185303 24.1000003814697 22.8999996185303 22.1000003814697 23.6000003814697 24.3999996185303 26.2999992370605 27 27.1000003814697 27.7999992370605 28.8999996185303 29.8999996185303 29.8999996185303 29.7999992370605 29.3999996185303 28 24.6000003814697 22.7999992370605 11.8999996185303 10.3999996185303 13.5 17.1000003814697 22.3999996185303 25.2000007629395 26.7000007629395 27.2000007629395 27.6000003814697 27.8999996185303
-3.4e+38 -3.4e+38 -3.4e+38 -3.4e+38 -3.4e+38 -3.4e+38 -3.4e+38 -3.4e+38 -3.4e+38 -3.4e+38 -3.4e+38 -3.4e+38 -3.4e+38 -3.4e+38 -3.4e+38 -3.4e+38 -3.4e+38 27.2000007629395 27.2000007629395 28.1000003814697 29 29.3999996185303 29.2000007629395 26.6000003814697 25.1000003814697 23.2999992370605 22.2999992370605 20.3999996185303 21.6000003814697 16.7999992370605 18.7000007629395 23.2000007629395 23.3999996185303 24.3999996185303 26.1000003814697 27.2999992370605 28.8999996185303 29.7000007629395 29.7999992370605 29.7999992370605 29.7000007629395 28.8999996185303 25.3999996185303 23.3999996185303 23.5 17.7999992370605 10.1000003814697 11.1999998092651 15.8999996185303 20.7000007629395 24.3999996185303 26.1000003814697 26.8999996185303 27.2000007629395 27.5
-3.4e+38 -3.4e+38 -3.4e+38 -3.4e+38 -3.4e+38 -3.4e+38 -3.4e+38 -3.4e+38 -3.4e+38 -3.4e+38 -3.4e+38 -3.4e+38 -3.4e+38 -3.4e+38 -3.4e+38 -3.4e+38 -3.4e+38 -3.4e+38 27.2999992370605 27.6000003814697 29.1000003814697 29.6000003814697 29.3999996185303 25.7000007629395 24.7999992370605 20.7999992370605 21.7000007629395 22.2000007629395 18.3999996185303 16.1000003814697 17.1000003814697 22.1000003814697 24.2999992370605 24.2999992370605 25.7999992370605 27.5 29.2999992370605 29.7999992370605 29.7000007629395 29.7000007629395 29.5 28.2000007629395 20.3999996185303 23.8999996185303 23.3999996185303 21.5 15.6999998092651 10.1000003814697 10.3000001907349 13.6999998092651 18.8999996185303 23.7999992370605 26.5 27 27.2999992370605
-3.4e+38 -3.4e+38 -3.4e+38 -3.4e+38 -3.4e+38 -3.4e+38 -3.4e+38 -3.4e+38 -3.4e+38 -3.4e+38 -3.4e+38 -3.4e+38 -3.4e+38 -3.4e+38 -3.4e+38 -3.4e+38 -3.4e+38 -3.4e+38 -3.4e+38 27.8999996185303 29 29.5 29.8999996185303 26.8999996185303 26.2999992370605 19.6000003814697 16.5 22.1000003814697 23.1000003814697 17 18.2999992370605 22.7000007629395 24.1000003814697 24.8999996185303 25.7999992370605 27.8999996185303 29.5 29.7000007629395 29.6000003814697 29.3999996185303 28.7999992370605 25.7999992370605 18.1000003814697 24.2999992370605 21.2999992370605 21.2000007629395 20.7999992370605 15 7.69999980926514 8.5 10.8999996185303 20.5 26.2000007629395 26.8999996185303 27.2000007629395
-3.4e+38 -3.4e+38 -3.4e+38 -3.4e+38 -3.4e+38 -3.4e+38 -3.4e+38 -3.4e+38 -3.4e+38 -3.4e+38 -3.4e+38 -3.4e+38 -3.4e+38 -3.4e+38 -3.4e+38 -3.4e+38 -3.4e+38 -3.4e+38 -3.4e+38 26.8999996185303 28.2999992370605 29 29.8999996185303 27.2000007629395 26.2000007629395 21.6000003814697 15.8000001907349 22.1000003814697 24.8999996185303 18 20.7000007629395 21.1000003814697 23.1000003814697 25.2000007629395 26.6000003814697 28.5 29.7000007629395 29.5 29.5 29 27 24.8999996185303 19.7000007629395 22.7999992370605 20.8999996185303 17.6000003814697 17.7999992370605 17.7000007629395 10.3999996185303 5.90000009536743 13.8000001907349 22.7999992370605 26.3999996185303 27 27.1000003814697
-3.4e+38 -3.4e+38 -3.4e+38 -3.4e+38 -3.4e+38 -3.4e+38 -3.4e+38 -3.4e+38 -3.4e+38 -3.4e+38 -3.4e+38 -3.4e+38 -3.4e+38 -3.4e+38 -3.4e+38 -3.4e+38 -3.4e+38 -3.4e+38 -3.4e+38 25.8999996185303 27.7999992370605 28.6000003814697 29.1000003814697 28.1000003814697 26.2000007629395 20 18.7999992370605 23.5 22.1000003814697 20.8999996185303 18.7999992370605 20.2000007629395 22.2000007629395 25.2000007629395 27.5 29.3999996185303 29.6000003814697 29.2000007629395 29.1000003814697 28.1000003814697 25.5 22.2999992370605 22.2999992370605 21.2000007629395 20.8999996185303 13.1000003814697 13.8999996185303 16.3999996185303 9.30000019073486 13.6999998092651 21.2000007629395 25.3999996185303 27.2000007629395 27.2000007629395 27.7999992370605
-3.4e+38 -3.4e+38 -3.4e+38 -3.4e+38 -3.4e+38 -3.4e+38 -3.4e+38 -3.4e+38 -3.4e+38 -3.4e+38 -3.4e+38 -3.4e+38 -3.4e+38 -3.4e+38 -3.4e+38 -3.4e+38 -3.4e+38 -3.4e+38 -3.4e+38 26 27.2000007629395 28.2999992370605 28.7999992370605 28.7000007629395 26.7999992370605 21.2999992370605 17.1000003814697 22.8999996185303 23 18.5 18.5 19 23.1000003814697 25.7999992370605 28.5 29.6000003814697 29.5 28.7000007629395 27.8999996185303 24.6000003814697 18.7999992370605 21.3999996185303 21.8999996185303 19.6000003814697 16.2999992370605 10.6999998092651 13.3999996185303 13.1999998092651 12.1000003814697 19.7000007629395 23.6000003814697 25.6000003814697 27.6000003814697 27.7999992370605 27.7999992370605
-3.4e+38 -3.4e+38 -3.4e+38 -3.4e+38 -3.4e+38 -3.4e+38 -3.4e+38 -3.4e+38 -3.4e+38 -3.4e+38 -3.4e+38 -3.4e+38 -3.4e+38 -3.4e+38 -3.4e+38 -3.4e+38 -3.4e+38 -3.4e+38 -3.4e+38 27.2000007629395 27.2999992370605 27.8999996185303 28.7000007629395 28.6000003814697 26.7999992370605 20.6000003814697 18.6000003814697 24.2000007629395 24.7999992370605 22.1000003814697 18.1000003814697 18.8999996185303 24.8999996185303 26.5 29 29.7999992370605 29.5 27.5 26.7999992370605 17.7000007629395 19.5 20.7000007629395 18.8999996185303 16.6000003814697 11.5 14.1000003814697 12.3999996185303 9.5 16.5 21.2999992370605 24.2999992370605 27.1000003814697 27.7999992370605 27.7999992370605 27.2000007629395
-3.4e+38 -3.4e+38 -3.4e+38 -3.4e+38 -3.4e+38 -3.4e+38 -3.4e+38 -3.4e+38 -3.4e+38 -3.4e+38 -3.4e+38 -3.4e+38 -3.4e+38 -3.4e+38 -3.4e+38 -3.4e+38 -3.4e+38 -3.4e+38 -3.4e+38 -3.4e+38 27.3999996185303 27.7999992370605 28.5 28.5 27.2000007629395 24.2000007629395 17.5 22.8999996185303 21.2999992370605 25.7999992370605 19.7999992370605 17.1000003814697 22.8999996185303 26.7999992370605 29.2999992370605 29.6000003814697 28.6000003814697 26.3999996185303 25.8999996185303 20.8999996185303 16 17.3999996185303 13.8999996185303 14.3000001907349 15.5 15.3999996185303 10.3999996185303 15.8000001907349 19.1000003814697 23.8999996185303 26.6000003814697 27.7000007629395 27.8999996185303 28 27.8999996185303
-3.4e+38 -3.4e+38 -3.4e+38 -3.4e+38 -3.4e+38 -3.4e+38 -3.4e+38 -3.4e+38 -3.4e+38 -3.4e+38 -3.4e+38 -3.4e+38 -3.4e+38 -3.4e+38 -3.4e+38 -3.4e+38 -3.4e+38 -3.4e+38 -3.4e+38 26.1000003814697 27.2000007629395 27.7999992370605 28.2999992370605 28.3999996185303 27.7999992370605 25.2000007629395 18.7000007629395 17.7999992370605 16.7000007629395 23.6000003814697 18.6000003814697 17.6000003814697 23.6000003814697 26.6000003814697 29.2999992370605 28.8999996185303 26.1000003814697 24.7999992370605 25.7999992370605 17.8999996185303 16.2000007629395 18.1000003814697 14 14.8999996185303 13.5 12.6000003814697 11.3000001907349 20.2000007629395 23 26.3999996185303 27.7999992370605 28 28 28 27.8999996185303
-3.4e+38 -3.4e+38 -3.4e+38 -3.4e+38 -3.4e+38 -3.4e+38 -3.4e+38 -3.4e+38 -3.4e+38 -3.4e+38 -3.4e+38 -3.4e+38 -3.4e+38 -3.4e+38 -3.4e+38 -3.4e+38 -3.4e+38 -3.4e+38 -3.4e+38 25.6000003814697 27.6000003814697 28 28.1000003814697 28.1000003814697 27.7000007629395 26.7000007629395 24.1000003814697 19.3999996185303 18.5 23.2999992370605 16.5 13.8999996185303 20.1000003814697 26.5 29.1000003814697 27.3999996185303 23.6000003814697 23.7999992370605 22.7000007629395 15.5 16.2000007629395 13.1000003814697 15.8000001907349 14.8000001907349 12.1000003814697 11 15.5 21 26.2000007629395 27.8999996185303 28.1000003814697 28.1000003814697 28 27.8999996185303 28
-3.4e+38 -3.4e+38 -3.4e+38 -3.4e+38 -3.4e+38 -3.4e+38 -3.4e+38 -3.4e+38 -3.4e+38 -3.4e+38 -3.4e+38 -3.4e+38 -3.4e+38 -3.4e+38 -3.4e+38 -3.4e+38 -3.4e+38 -3.4e+38 -3.4e+38 26.7999992370605 27.8999996185303 28.3999996185303 28.3999996185303 27.8999996185303 26.7000007629395 24.2999992370605 20.3999996185303 19.7000007629395 22.6000003814697 23.1000003814697 14.3999996185303 13.6999998092651 20.7999992370605 26.2999992370605 28.7999992370605 26 24.2999992370605 22.6000003814697 16.2000007629395 12.8000001907349 15.1000003814697 14.1000003814697 17.2999992370605 15.8999996185303 19 19.7000007629395 22.8999996185303 25.2000007629395 28 28.2000007629395 28.2000007629395 28.1000003814697 28.1000003814697 28.1000003814697 28
-3.4e+38 -3.4e+38 -3.4e+38 -3.4e+38 -3.4e+38 -3.4e+38 -3.4e+38 -3.4e+38 -3.4e+38 -3.4e+38 -3.4e+38 -3.4e+38 -3.4e+38 -3.4e+38 -3.4e+38 -3.4e+38 -3.4e+38 -3.4e+38 -3.4e+38 27.3999996185303 28 28.2999992370605 28.6000003814697 27.8999996185303 26.2999992370605 20.7999992370605 14.3000001907349 22.3999996185303 24 22.6000003814697 14.1999998092651 14.1000003814697 20.6000003814697 26.7999992370605 28.8999996185303 24.1000003814697 24.6000003814697 20.3999996185303 14 15.3999996185303 15.1000003814697 16.1000003814697 19 17.7000007629395 21.8999996185303 21.1000003814697 26.1000003814697 27.7999992370605 28.2000007629395 28.2000007629395 28.1000003814697 28.1000003814697 28.1000003814697 28.1000003814697 28.1000003814697
-3.4e+38 -3.4e+38 -3.4e+38 -3.4e+38 -3.4e+38 -3.4e+38 -3.4e+38 -3.4e+38 -3.4e+38 -3.4e+38 -3.4e+38 -3.4e+38 -3.4e+38 -3.4e+38 -3.4e+38 -3.4e+38 -3.4e+38 -3.4e+38 -3.4e+38 27.3999996185303 27.7000007629395 28.2000007629395 27.8999996185303 26.7999992370605 25.1000003814697 23 19.1000003814697 24.2999992370605 23 19.6000003814697 10.5 9.39999961853027 19.8999996185303 27.3999996185303 28.6000003814697 23.2000007629395 20.3999996185303 16.2999992370605 15.3000001907349 15.5 13.6000003814697 16.7999992370605 19.2000007629395 21.8999996185303 25.1000003814697 25.2000007629395 27.2999992370605 28.1000003814697 28.1000003814697 28.1000003814697 28.1000003814697 28.1000003814697 28.1000003814697 28.1000003814697 28.1000003814697
-3.4e+38 -3.4e+38 -3.4e+38 -3.4e+38 -3.4e+38 -3.4e+38 -3.4e+38 -3.4e+38 -3.4e+38 -3.4e+38 -3.4e+38 -3.4e+38 -3.4e+38 -3.4e+38 -3.4e+38 -3.4e+38 -3.4e+38 -3.4e+38 -3.4e+38 27.7999992370605 27.7999992370605 28.2000007629395 27.8999996185303 25.6000003814697 23.3999996185303 19.7000007629395 21.8999996185303 25.1000003814697 23 17.2999992370605 6.90000009536743 9.30000019073486 19.2000007629395 27.8999996185303 27.2000007629395 23.2000007629395 19.2000007629395 15.8000001907349 15.8000001907349 13.5 12.6000003814697 18 20.5 25.6000003814697 26.6000003814697 27.3999996185303 28.1000003814697 28.1000003814697 28.1000003814697 28.1000003814697 28.1000003814697 28.1000003814697 28.1000003814697 28 28
