data/layers/future_layer_can_126_60/bio9.asc
NCOLS 494 
NROWS 529 
XLLCORNER -117.166666666667 
YLLCORNER -55.5 
CELLSIZE 0.166666666666667 
NODATA_value -3.4e+38 
[rows 384 to 407 of 529, columns 330 to 384 of 494]
11.1999998092651 11.3999996185303 11.5 11.8000001907349 12.1000003814697 12.1999998092651 12.3000001907349 12.6000003814697 12.8999996185303 13 13.1000003814697 13.3000001907349 13.1999998092651 13.1000003814697 13.1999998092651 13.3000001907349 13.3000001907349 13.3000001907349 13.3999996185303 13.3999996185303 13.3999996185303 13.3000001907349 13.3000001907349 13.3999996185303 13.5 13.3999996185303 13.3000001907349 13.3000001907349 13.3000001907349 13.3000001907349 13.3000001907349 13.3000001907349 13.1999998092651 13.1000003814697 13.1000003814697 12.8000001907349 13 13.3000001907349 13.3999996185303 13.5 13.6999998092651 13.8000001907349 16.7999992370605 16.8999996185303 17.2000007629395 17.3999996185303 17.6000003814697 17.6000003814697 17.7000007629395 17.5 17.2000007629395 16.7999992370605 22.7999992370605 22.6000003814697 22.8999996185303
11.1000003814697 11.1999998092651 11.3999996185303 11.6999998092651 11.8999996185303 12 12.3000001907349 12.3999996185303 12.8000001907349 13 13 12.8999996185303 12.8000001907349 12.8999996185303 13 13 13.1000003814697 13.1000003814697 13.1999998092651 13.1000003814697 13.1000003814697 13.1000003814697 13.1999998092651 13.1999998092651 13.3000001907349 13.3000001907349 13.1999998092651 13.3000001907349 13.1999998092651 13 12.8999996185303 12.8999996185303 13.1000003814697 12.8000001907349 12.8000001907349 13 13.1000003814697 13.1999998092651 13.3000001907349 13.3999996185303 13.3999996185303 16.5 16.6000003814697 16.7000007629395 16.8999996185303 17.1000003814697 17.2999992370605 17.2999992370605 17.3999996185303 17.2999992370605 17.2000007629395 16.7999992370605 22.1000003814697 22.3999996185303 22.8999996185303
11 11.1000003814697 11.3000001907349 11.6000003814697 11.8000001907349 12 12.1000003814697 12.3000001907349 12.6000003814697 12.6999998092651 12.6000003814697 12.6999998092651 12.6999998092651 12.6999998092651 12.8000001907349 12.8999996185303 12.8999996185303 13 13 13 13 13 13.1000003814697 13.1000003814697 13.1999998092651 13.1000003814697 13 13 13 13 12.8000001907349 12.6999998092651 12.6000003814697 12.6999998092651 12.6000003814697 12.6000003814697 13 13.1000003814697 13.1999998092651 13.3000001907349 13.3999996185303 16.3999996185303 16.5 16.3999996185303 16.6000003814697 16.8999996185303 17 17 17.2000007629395 17.1000003814697 17 22.1000003814697 22.1000003814697 22.2000007629395 22.7000007629395
10.8999996185303 11 11.1999998092651 11.3999996185303 11.6999998092651 11.8999996185303 12.1000003814697 12.3999996185303 12.6000003814697 12.3999996185303 12.3000001907349 12.5 12.6000003814697 12.6000003814697 12.6000003814697 12.8000001907349 12.8999996185303 12.8999996185303 13 12.8999996185303 12.8000001907349 12.8000001907349 12.8999996185303 13 13 12.8999996185303 12.8999996185303 12.8999996185303 12.8999996185303 12.8000001907349 12.6999998092651 12.6999998092651 12.5 12.5 12.5 12.3999996185303 12.6999998092651 13 16.2000007629395 16.3999996185303 16.3999996185303 16.3999996185303 16.3999996185303 16.3999996185303 16.3999996185303 16.6000003814697 16.6000003814697 16.6000003814697 16.7000007629395 16.7999992370605 16.7999992370605 16.3999996185303 21.8999996185303 22.1000003814697 22.3999996185303
10.6999998092651 10.8000001907349 11 11.3000001907349 11.6000003814697 11.8000001907349 12 12.3999996185303 12.5 12.3999996185303 12.3000001907349 12.3000001907349 12.3999996185303 12.5 12.6000003814697 12.6000003814697 12.6000003814697 12.8000001907349 12.6999998092651 12.6999998092651 12.6000003814697 12.6999998092651 12.8000001907349 12.8999996185303 13 12.8999996185303 12.8999996185303 12.8999996185303 12.8999996185303 12.8000001907349 12.8000001907349 12.6999998092651 12.6000003814697 12.6000003814697 12.5 12.5 15.8999996185303 15.8999996185303 16.1000003814697 16.2000007629395 16.2000007629395 16.2000007629395 16.2000007629395 16.2999992370605 16.2999992370605 16.2999992370605 16.2999992370605 16.2999992370605 16.2999992370605 16.6000003814697 16.6000003814697 16.2000007629395 21.5 21.7999992370605 21.8999996185303
10.6999998092651 10.6999998092651 10.8000001907349 11.1999998092651 11.5 11.6999998092651 12 12.3000001907349 12.5 12.5 12.3000001907349 12.1999998092651 12.3000001907349 12.5 12.6000003814697 12.5 12.5 12.6000003814697 12.6999998092651 12.6000003814697 12.6000003814697 12.6000003814697 14.1999998092651 14.1999998092651 14.3000001907349 12.6999998092651 12.8000001907349 12.8000001907349 14.8999996185303 12.8000001907349 12.6999998092651 12.6999998092651 12.6000003814697 12.5 12.3999996185303 15.6999998092651 15.8999996185303 16 16 16 16.1000003814697 16.2000007629395 16.1000003814697 16.1000003814697 16 16 16 16 16.2000007629395 15.8999996185303 16.2000007629395 16.5 21.7000007629395 21.7000007629395 22
10.6000003814697 10.6000003814697 10.6999998092651 10.8999996185303 11.3000001907349 11.5 11.8000001907349 12.1999998092651 12.3999996185303 12.5 12.5 12.3000001907349 12.3000001907349 12.3000001907349 12.5 12.5 12.5 12.5 12.6000003814697 12.5 12.5 12.5 14.1000003814697 14.1999998092651 14.3000001907349 14.3999996185303 14.5 14.6999998092651 12.5 14.6999998092651 12.5 12.3000001907349 12.3000001907349 12.3000001907349 15.8000001907349 15.6999998092651 15.6999998092651 15.8000001907349 15.8999996185303 15.8999996185303 15.8999996185303 15.8999996185303 15.8000001907349 15.8999996185303 15.8999996185303 15.8000001907349 15.8000001907349 15.8000001907349 15.8000001907349 15.6999998092651 16.1000003814697 16.3999996185303 16.3999996185303 21.7000007629395 21.7999992370605
10.5 10.6999998092651 10.6999998092651 10.8000001907349 11 11.3999996185303 11.6000003814697 12 12.1999998092651 12.3000001907349 12.5 12.5 12.3999996185303 12.3000001907349 12.5 12.3000001907349 12.3999996185303 12.3999996185303 12.5 12.3000001907349 12.3000001907349 12.3999996185303 14.1000003814697 14.1999998092651 14.1999998092651 14.5 14.6999998092651 14.8999996185303 14.8000001907349 14.6999998092651 14.6000003814697 12.3000001907349 14.1999998092651 14.1999998092651 15.8000001907349 15.8000001907349 15.6999998092651 15.8000001907349 15.8000001907349 15.6999998092651 15.6000003814697 15.6999998092651 15.6000003814697 15.6000003814697 15.5 15.3999996185303 15.3999996185303 15.3000001907349 15.6000003814697 15.8000001907349 15.8999996185303 16.1000003814697 16.2999992370605 21.3999996185303 21.3999996185303
10.3000001907349 10.5 10.6000003814697 10.6000003814697 10.8000001907349 11.1000003814697 11.3000001907349 11.5 11.8000001907349 12 12.1999998092651 12.5 12.6000003814697 12.3999996185303 12.3999996185303 12.3000001907349 12.3000001907349 12.3000001907349 12.3999996185303 12.1999998092651 12.1999998092651 12.3000001907349 12.3000001907349 12.3999996185303 14.1999998092651 14.3999996185303 14.6000003814697 14.8999996185303 14.8000001907349 14.6999998092651 14.3999996185303 14.3000001907349 14.3000001907349 14.1999998092651 15.6999998092651 15.6999998092651 15.6000003814697 15.6999998092651 15.6000003814697 15.5 15.5 15.3000001907349 15.1999998092651 15.1000003814697 14.8000001907349 14.6000003814697 14.8000001907349 15.1000003814697 15.3999996185303 15.8000001907349 15.8999996185303 16 16 18.7999992370605 21
10.1999998092651 10.3000001907349 10.5 10.3999996185303 10.6000003814697 10.8999996185303 11 11 11.3000001907349 11.6999998092651 12 12.1999998092651 12.3000001907349 12.3999996185303 12.3000001907349 12.3000001907349 12.3000001907349 12.3000001907349 12.3000001907349 12.1999998092651 12.1000003814697 12.1000003814697 12.1000003814697 12.1999998092651 12.3000001907349 12.1999998092651 12.3000001907349 14.6000003814697 14.6999998092651 14.5 14.3999996185303 14.3000001907349 14.1999998092651 15.6999998092651 15.6000003814697 15.6000003814697 15.5 15.3999996185303 15.3999996185303 15.1999998092651 15.1999998092651 15.1000003814697 14.6999998092651 14.6999998092651 14.6999998092651 14.8000001907349 14.8999996185303 15 15.5 15.6000003814697 15.6999998092651 15.8000001907349 15.8000001907349 18.5 18.5
10 10.1000003814697 10.1999998092651 10.3999996185303 10.5 10.6000003814697 10.6999998092651 10.8000001907349 11 11.3999996185303 11.6999998092651 12 12.1000003814697 12.3000001907349 12.3999996185303 12.3000001907349 12.3999996185303 12.3000001907349 12.3000001907349 12.1000003814697 12 12 -3.4e+38 12 12.1000003814697 12.1000003814697 12.1999998092651 12.1999998092651 14.3999996185303 14.3999996185303 14.3000001907349 14.1999998092651 14.1000003814697 15.5 15.3999996185303 15.3000001907349 15.1999998092651 15.1000003814697 15.1000003814697 15 14.8000001907349 14.6999998092651 14.6000003814697 14.6999998092651 15.1999998092651 15 15.1999998092651 15 15.3000001907349 15.5 15.6000003814697 15.6000003814697 15.6000003814697 15.6999998092651 15.6999998092651
9.89999961853027 10 10.1000003814697 10.1999998092651 10.3000001907349 10.3999996185303 10.5 10.6999998092651 10.8000001907349 11.1000003814697 11.5 11.8000001907349 12 12.1000003814697 12.1999998092651 12.3999996185303 12.3999996185303 12.3999996185303 12.3000001907349 12.1000003814697 12 11.8999996185303 -3.4e+38 11.8999996185303 11.8999996185303 11.8999996185303 11.8999996185303 12 14 14.1000003814697 14 14.1000003814697 14 15.5 15.3999996185303 15.3000001907349 15 15 15 14.8000001907349 14.8000001907349 14.6000003814697 14.3000001907349 14.6999998092651 15.1000003814697 15 15.1999998092651 15.1000003814697 15.3000001907349 15.3999996185303 15.3999996185303 15.3999996185303 15.3999996185303 15.5 15.5
9.80000019073486 9.80000019073486 9.89999961853027 10 10.1999998092651 10.3000001907349 10.3999996185303 10.5 10.6999998092651 11 11.1999998092651 11.5 11.8999996185303 12 12.1000003814697 12.1999998092651 12.1999998092651 12.1999998092651 12.1999998092651 12.1999998092651 12.1999998092651 12.1000003814697 -3.4e+38 11.8999996185303 11.8000001907349 11.8000001907349 11.8000001907349 11.8000001907349 13.8000001907349 13.8999996185303 13.8000001907349 13.6999998092651 13.8000001907349 15.3999996185303 15.3000001907349 15.1999998092651 15 14.8999996185303 14.8000001907349 14.6999998092651 14.6000003814697 14.3000001907349 14.1999998092651 14.6000003814697 14.6999998092651 14.8000001907349 15.1000003814697 15.1999998092651 15.1000003814697 15.1999998092651 15.1999998092651 15.1999998092651 15.1999998092651 15.1999998092651 15.1999998092651
9.69999980926514 9.69999980926514 9.69999980926514 9.89999961853027 9.89999961853027 10.1000003814697 10.3000001907349 10.3999996185303 10.6000003814697 10.8000001907349 11 11.3000001907349 11.5 11.8000001907349 12 12.1000003814697 12.1000003814697 12.1999998092651 12.1999998092651 12.1999998092651 12.1999998092651 -3.4e+38 -3.4e+38 12 11.8000001907349 11.6999998092651 11.6999998092651 11.6000003814697 13.6000003814697 13.6000003814697 13.5 13.5 13.3999996185303 13.5 13.3999996185303 15 13.1000003814697 14.6999998092651 14.6000003814697 14.6000003814697 14.3000001907349 14.1999998092651 14.3000001907349 14.5 14.5 14.8000001907349 14.8999996185303 14.8999996185303 15 15 15.1000003814697 15.1000003814697 15 -3.4e+38 -3.4e+38
9.60000038146973 9.60000038146973 9.69999980926514 9.80000019073486 9.89999961853027 9.89999961853027 10.1999998092651 10.3000001907349 10.3999996185303 10.6999998092651 10.8999996185303 11.1000003814697 11.3000001907349 11.6000003814697 11.6999998092651 12 12.1000003814697 12.1999998092651 12.1999998092651 12.1999998092651 12.1000003814697 -3.4e+38 -3.4e+38 11.8000001907349 11.6999998092651 11.6999998092651 11.6999998092651 11.6000003814697 13.1999998092651 13.3000001907349 13.1999998092651 13.1999998092651 13.1000003814697 13 13 13 12.8000001907349 12.8000001907349 12.6999998092651 12.6999998092651 14.1000003814697 14.1999998092651 14.3999996185303 14.6000003814697 14.6999998092651 14.8000001907349 14.8000001907349 14.6999998092651 14.8000001907349 14.8000001907349 14.8999996185303 14.8999996185303 -3.4e+38 -3.4e+38 -3.4e+38
9.5 9.60000038146973 9.60000038146973 9.69999980926514 9.80000019073486 9.89999961853027 10 10.1999998092651 10.3999996185303 10.5 10.8000001907349 11.1000003814697 11.1999998092651 11.5 11.6999998092651 11.8000001907349 12 12.1000003814697 12.1999998092651 12.1999998092651 12.1000003814697 12 12 11.8999996185303 11.8000001907349 11.6999998092651 13.3999996185303 13.3000001907349 13.1999998092651 13 13 13.1000003814697 13.1000003814697 12.8999996185303 12.6999998092651 12.8000001907349 12.8000001907349 12.8000001907349 12.6999998092651 12.5 12.3000001907349 12.3000001907349 14.1999998092651 14.3000001907349 14.3000001907349 14.3999996185303 14.5 14.6000003814697 14.6000003814697 14.5 14.6999998092651 14.8000001907349 -3.4e+38 -3.4e+38 -3.4e+38
9.39999961853027 9.5 9.5 9.60000038146973 9.60000038146973 9.69999980926514 9.89999961853027 10 10.1999998092651 10.3999996185303 10.6999998092651 11 11.1999998092651 11.5 11.6999998092651 11.8000001907349 11.8999996185303 12 12 12 12 12 12.1000003814697 -3.4e+38 11.8000001907349 11.6999998092651 11.6000003814697 13.1999998092651 13.1999998092651 13.1999998092651 13 12.8999996185303 13 12.8000001907349 12.6999998092651 12.6999998092651 12.6000003814697 12.6000003814697 12.6999998092651 12.6000003814697 12.6000003814697 12.3000001907349 13.6999998092651 13.8999996185303 14.1999998092651 14.3000001907349 14.1999998092651 14.1999998092651 14.1999998092651 14.3000001907349 14.6000003814697 -3.4e+38 -3.4e+38 -3.4e+38 -3.4e+38
9.39999961853027 9.39999961853027 9.39999961853027 9.5 9.60000038146973 9.69999980926514 9.69999980926514 9.89999961853027 10.1999998092651 10.3999996185303 10.6000003814697 10.8999996185303 11.1000003814697 11.3999996185303 11.6000003814697 11.8000001907349 11.8999996185303 11.8999996185303 12 11.8999996185303 11.8999996185303 11.8999996185303 -3.4e+38 -3.4e+38 -3.4e+38 11.8999996185303 11.6999998092651 13.1999998092651 13.1999998092651 13.1000003814697 13.1000003814697 13 13 12.8999996185303 12.8000001907349 12.6999998092651 12.6999998092651 12.6999998092651 12.6999998092651 12.6999998092651 12.6999998092651 12.3999996185303 12.1000003814697 13.6999998092651 13.8000001907349 13.6000003814697 13.8000001907349 13.8999996185303 14.1000003814697 14.5 -3.4e+38 -3.4e+38 -3.4e+38 -3.4e+38 -3.4e+38
9.30000019073486 9.30000019073486 9.39999961853027 9.39999961853027 9.5 9.60000038146973 9.60000038146973 9.80000019073486 10 10.3000001907349 10.5 10.8000001907349 11.1000003814697 11.3999996185303 11.5 13.5 13.6000003814697 13.6000003814697 13.6999998092651 11.8999996185303 11.8999996185303 11.8999996185303 -3.4e+38 -3.4e+38 -3.4e+38 -3.4e+38 -3.4e+38 -3.4e+38 -3.4e+38 -3.4e+38 -3.4e+38 13 12.8999996185303 12.8000001907349 12.6999998092651 12.6999998092651 12.6999998092651 12.6999998092651 12.6000003814697 12.6999998092651 12.6000003814697 12.1000003814697 11.8999996185303 11.8999996185303 13.3999996185303 13.3999996185303 13.8999996185303 14.1000003814697 14.1999998092651 -3.4e+38 -3.4e+38 -3.4e+38 -3.4e+38 -3.4e+38 -3.4e+38
9.19999980926514 9.30000019073486 9.39999961853027 9.39999961853027 9.5 9.60000038146973 9.60000038146973 9.60000038146973 9.89999961853027 10.1999998092651 10.5 10.6999998092651 11.1000003814697 11.3000001907349 11.5 13.6999998092651 13.8000001907349 13.6999998092651 13.6000003814697 13.5 13.6000003814697 11.6999998092651 -3.4e+38 -3.4e+38 -3.4e+38 -3.4e+38 -3.4e+38 -3.4e+38 -3.4e+38 -3.4e+38 -3.4e+38 -3.4e+38 12.6999998092651 12.6999998092651 12.8000001907349 12.6000003814697 12.5 12.6999998092651 12.6000003814697 12.6000003814697 12.6000003814697 12.1999998092651 12.1999998092651 12.6000003814697 14 14 14.1000003814697 14.1999998092651 -3.4e+38 -3.4e+38 -3.4e+38 -3.4e+38 -3.4e+38 -3.4e+38 -3.4e+38
9.19999980926514 9.30000019073486 9.30000019073486 9.39999961853027 9.39999961853027 9.5 9.60000038146973 9.69999980926514 9.89999961853027 10.1999998092651 10.5 10.6999998092651 11 11.1999998092651 11.5 13.6999998092651 13.6999998092651 13.6000003814697 13.5 13.3999996185303 13.3999996185303 13.3000001907349 13.3000001907349 -3.4e+38 -3.4e+38 -3.4e+38 -3.4e+38 -3.4e+38 -3.4e+38 -3.4e+38 -3.4e+38 -3.4e+38 -3.4e+38 -3.4e+38 -3.4e+38 12.5 12.5 -3.4e+38 -3.4e+38 -3.4e+38 -3.4e+38 12.5 12.8000001907349 19.3999996185303 19.2000007629395 -3.4e+38 -3.4e+38 -3.4e+38 -3.4e+38 -3.4e+38 -3.4e+38 -3.4e+38 -3.4e+38 -3.4e+38 -3.4e+38
9.10000038146973 9.19999980926514 9.30000019073486 9.30000019073486 9.39999961853027 9.60000038146973 9.60000038146973 9.80000019073486 10 10.1999998092651 10.5 10.6999998092651 10.8999996185303 11 11.3000001907349 13.3999996185303 13.3999996185303 13.3000001907349 13.1999998092651 13.1000003814697 13 13 12.8000001907349 12.6999998092651 12.5 12.5 -3.4e+38 -3.4e+38 -3.4e+38 -3.4e+38 -3.4e+38 -3.4e+38 -3.4e+38 -3.4e+38 -3.4e+38 -3.4e+38 -3.4e+38 -3.4e+38 -3.4e+38 -3.4e+38 -3.4e+38 -3.4e+38 -3.4e+38 -3.4e+38 -3.4e+38 -3.4e+38 -3.4e+38 -3.4e+38 -3.4e+38 -3.4e+38 -3.4e+38 -3.4e+38 -3.4e+38 -3.4e+38 -3.4e+38
9.19999980926514 9.19999980926514 9.30000019073486 9.39999961853027 9.5 9.60000038146973 9.69999980926514 9.89999961853027 10.1000003814697 10.1999998092651 10.5 10.6000003814697 10.8000001907349 11 11.1000003814697 11.1999998092651 13.1000003814697 13.1000003814697 12.8999996185303 12.8000001907349 12.6999998092651 12.6000003814697 12.5 12.3000001907349 12.1999998092651 12 12 10.3000001907349 -3.4e+38 -3.4e+38 -3.4e+38 -3.4e+38 -3.4e+38 -3.4e+38 -3.4e+38 -3.4e+38 -3.4e+38 -3.4e+38 -3.4e+38 -3.4e+38 -3.4e+38 -3.4e+38 -3.4e+38 -3.4e+38 -3.4e+38 -3.4e+38 -3.4e+38 -3.4e+38 -3.4e+38 -3.4e+38 -3.4e+38 -3.4e+38 -3.4e+38 -3.4e+38 -3.4e+38
9.19999980926514 9.30000019073486 9.30000019073486 9.39999961853027 9.39999961853027 9.60000038146973 9.69999980926514 9.89999961853027 10.1000003814697 10.1999998092651 10.3000001907349 10.3999996185303 10.6999998092651 10.8000001907349 10.8999996185303 11 12.8000001907349 12.6999998092651 12.6999998092651 12.5 12.5 12.3000001907349 12.1999998092651 12.1000003814697 11.8999996185303 11.8999996185303 11.8000001907349 10.1000003814697 10.1999998092651 -3.4e+38 -3.4e+38 -3.4e+38 -3.4e+38 -3.4e+38 -3.4e+38 -3.4e+38 -3.4e+38 -3.4e+38 -3.4e+38 -3.4e+38 -3.4e+38 -3.4e+38 -3.4e+38 -3.4e+38 -3.4e+38 -3.4e+38 -3.4e+38 -3.4e+38 -3.4e+38 -3.4e+38 -3.4e+38 -3.4e+38 -3.4e+38 -3.4e+38 -3.4e+38
