data/layers/future_layer_can_126_60/bio9.asc
NCOLS 494 
NROWS 529 
XLLCORNER -117.166666666667 
YLLCORNER -55.5 
CELLSIZE 0.166666666666667 
NODATA_value -3.4e+38 
[rows 360 to 383 of 529, columns 275 to 329 of 494]
-3.4e+38 -3.4e+38 -3.4e+38 21.7999992370605 20.1000003814697 19.5 19.7999992370605 17.2000007629395 16.1000003814697 12.3999996185303 8.10000038146973 8.5 4.40000009536743 4.09999990463257 2.09999990463257 2.90000009536743 2.20000004768372 2 5.30000019073486 6.59999990463257 10 14.1999998092651 14.8000001907349 8.39999961853027 4.09999990463257 10.6000003814697 12 10.6999998092651 10.3000001907349 9 7.30000019073486 8.5 15.1999998092651 17.5 17.7999992370605 14.8999996185303 14.8000001907349 14.6000003814697 14.6000003814697 14.5 14.3999996185303 14.5 14.6999998092651 14.8000001907349 14.8999996185303 15 15.1000003814697 15.1999998092651 15.3000001907349 15.3000001907349 15.3000001907349 15.3000001907349 15.3000001907349 15.3000001907349 15.3000001907349
-3.4e+38 -3.4e+38 -3.4e+38 20.7000007629395 20.2999992370605 18.7999992370605 17.6000003814697 16.2000007629395 14.8000001907349 10.8999996185303 7.69999980926514 7.69999980926514 4.09999990463257 1.60000002384186 1.10000002384186 2.90000009536743 4 2.40000009536743 4 6.80000019073486 9.69999980926514 14 12 7.5 8.89999961853027 12 12.3999996185303 12.5 12.8999996185303 16.7999992370605 12.6999998092651 11.3999996185303 14.1999998092651 17 17.7000007629395 14.8000001907349 14.6000003814697 14.6000003814697 14.5 14.3000001907349 14.1999998092651 14.3000001907349 14.3000001907349 14.5 14.8000001907349 14.8999996185303 15 15 15.1999998092651 15.1999998092651 15.1999998092651 15.1000003814697 15.1000003814697 15.1000003814697 15.1000003814697
-3.4e+38 -3.4e+38 20.2000007629395 20.3999996185303 20.2000007629395 18.1000003814697 16.5 15.3999996185303 13.6999998092651 10.3999996185303 9.10000038146973 6.19999980926514 2.70000004768372 1.60000002384186 -0.300000011920929 -1.70000004768372 1.39999997615814 2.90000009536743 6.30000019073486 8.89999961853027 9.89999961853027 11.6999998092651 11.6999998092651 10 11.6999998092651 13.5 13.6999998092651 13.8000001907349 17.2999992370605 14.3000001907349 14.1999998092651 11 13.6999998092651 15.6000003814697 17.2000007629395 17.2999992370605 14.5 14.3000001907349 14.1000003814697 13.8999996185303 14 14.1000003814697 14.1999998092651 14.3000001907349 14.5 14.6999998092651 14.8000001907349 14.8999996185303 14.8999996185303 15 15 15 15 15 15
-3.4e+38 -3.4e+38 19.8999996185303 20.6000003814697 20.2999992370605 18.6000003814697 16.6000003814697 15.3000001907349 13.5 9.89999961853027 7.5 7.40000009536743 5.5 1.39999997615814 -2.5 -2.70000004768372 2.40000009536743 3.40000009536743 5.5 9.19999980926514 9 11.5 12.3999996185303 12 12.5 13.5 13.6999998092651 13.8000001907349 14.1000003814697 17.1000003814697 13.8999996185303 10 11.3000001907349 14.6999998092651 16.6000003814697 14.3999996185303 14.3000001907349 14.1000003814697 13.6999998092651 13.5 13.6999998092651 13.8999996185303 14.1000003814697 14.1999998092651 14.3999996185303 14.6000003814697 14.5 14.6000003814697 14.8000001907349 14.8000001907349 14.8000001907349 14.6999998092651 14.8000001907349 14.8000001907349 14.8000001907349
-3.4e+38 20.6000003814697 19.2999992370605 20.2000007629395 19.7000007629395 17.7999992370605 16.2000007629395 13.3000001907349 14.3000001907349 9.39999961853027 6.59999990463257 4.19999980926514 4 1.39999997615814 -0.699999988079071 -0.800000011920929 5 4.80000019073486 6 7.09999990463257 7.5 10.3999996185303 18.2999992370605 12.1000003814697 11.8999996185303 13.3999996185303 13.6999998092651 13.8000001907349 13.8999996185303 13.6999998092651 13.5 8.60000038146973 10.3999996185303 12.1000003814697 13.3000001907349 14 13.8999996185303 13.8000001907349 13.5 13.5 13.6999998092651 13.8999996185303 14.1000003814697 14.1999998092651 14.3000001907349 14.3000001907349 14.5 14.5 14.6000003814697 14.6000003814697 14.6000003814697 14.6000003814697 14.6999998092651 14.8000001907349 14.6999998092651
-3.4e+38 20.5 19.1000003814697 20.2000007629395 19.1000003814697 17 14.8999996185303 11.5 11.1000003814697 11.6999998092651 3.79999995231628 2.29999995231628 3.79999995231628 2 1.89999997615814 2.40000009536743 6.5 7 9.5 8.30000019073486 8.39999961853027 10.1999998092651 12.5 12.8999996185303 12.6999998092651 13.3000001907349 13.6000003814697 13.6999998092651 13.6999998092651 13.6000003814697 13.1999998092651 7.5 9.5 12.3000001907349 12.1999998092651 12.6000003814697 13.3000001907349 13.5 13.5 13.6000003814697 13.6999998092651 14 14.1000003814697 14.3000001907349 14.3000001907349 14.3999996185303 14.3999996185303 14.5 14.5 14.5 14.5 14.5 14.5 14.5 14.5
-3.4e+38 20.5 20 19.1000003814697 17.3999996185303 16.2000007629395 12.8999996185303 9.19999980926514 8.19999980926514 4.5 -0.200000002980232 3.79999995231628 3.90000009536743 3.79999995231628 2.09999990463257 3.90000009536743 8.5 10.8000001907349 9.30000019073486 9.60000038146973 7.90000009536743 9.5 12.1000003814697 12.6999998092651 12.8000001907349 12.1000003814697 12.8999996185303 13.5 13.5 13.3000001907349 12.3999996185303 6.19999980926514 10.1000003814697 13.5 11.3999996185303 12 13.3000001907349 13.6000003814697 13.6000003814697 13.6000003814697 13.8999996185303 14.1000003814697 14.1999998092651 14.3000001907349 14.3000001907349 14.3000001907349 14.3000001907349 14.3000001907349 14.1999998092651 14.3000001907349 14.3000001907349 14.3999996185303 14.3999996185303 14.3000001907349 14.3000001907349
-3.4e+38 19.7999992370605 20.5 19.5 17 14.3000001907349 11.3999996185303 7.19999980926514 6.19999980926514 2.20000004768372 1 3.20000004768372 3.40000009536743 4.09999990463257 2.70000004768372 7.90000009536743 10.6999998092651 12.1999998092651 10.6000003814697 11 6.30000019073486 9 11.5 12.1000003814697 11.6999998092651 9.39999961853027 11.8000001907349 13.1000003814697 13.3999996185303 13.1999998092651 10.1000003814697 9.30000019073486 12.6999998092651 13.8000001907349 11.1999998092651 12.6999998092651 13.6999998092651 13.8999996185303 13.6999998092651 13.6999998092651 13.8999996185303 14.1000003814697 14.1999998092651 14.3000001907349 14.3000001907349 14.1999998092651 14.1999998092651 14.1999998092651 14.1999998092651 14.1999998092651 14.1999998092651 14.1999998092651 14.1999998092651 14.1999998092651 14.1999998092651
18.8999996185303 17.7999992370605 18.7999992370605 17.8999996185303 16.7000007629395 15.3999996185303 11.8999996185303 7.40000009536743 6.90000009536743 2.59999990463257 1.79999995231628 2 4.59999990463257 5.09999990463257 4.40000009536743 8.39999961853027 11 12.1000003814697 13.1000003814697 13.3000001907349 5.90000009536743 8.39999961853027 10 12 8.80000019073486 6 11.5 12.6000003814697 13 12.1999998092651 11 13.3000001907349 13.8999996185303 13.3000001907349 11.3999996185303 13.1000003814697 13.8999996185303 13.8999996185303 13.8999996185303 13.8000001907349 14.1000003814697 14.1999998092651 14.3000001907349 14.3000001907349 14.3000001907349 14.1999998092651 14.1000003814697 14.1000003814697 14.1000003814697 14.1000003814697 14.1000003814697 14.1000003814697 14 14.1000003814697 14.1000003814697
19.2999992370605 18.3999996185303 19.2999992370605 17.2000007629395 14.1999998092651 14.1000003814697 13.1999998092651 10.6999998092651 7.40000009536743 3.29999995231628 2.5 2.79999995231628 5.59999990463257 4.69999980926514 5.30000019073486 7 7.59999990463257 10 11.6999998092651 10.8000001907349 3.90000009536743 3.29999995231628 9.80000019073486 12.1000003814697 7.19999980926514 5.90000009536743 11.1000003814697 11.6000003814697 12.6999998092651 13.1999998092651 13.8000001907349 13.8999996185303 14 13.6999998092651 11.3000001907349 13.3000001907349 13.8999996185303 14 14 14 14.1999998092651 14.3999996185303 14.3999996185303 14.3000001907349 14.3000001907349 14.1000003814697 14 14 14 13.8999996185303 14 14 14 14 14
19.2000007629395 18.2999992370605 18.7000007629395 16.2000007629395 13.1999998092651 10.3000001907349 8.39999961853027 8.60000038146973 4.40000009536743 2.90000009536743 1.89999997615814 3.29999995231628 5 6.30000019073486 3.79999995231628 9.10000038146973 8 10.3000001907349 11.6999998092651 10.5 3.29999995231628 2.59999990463257 10.1000003814697 12.1999998092651 8.5 9.30000019073486 10.1000003814697 11.3999996185303 13.3999996185303 13.6999998092651 13.8000001907349 14 14 14 12.1000003814697 13.3999996185303 14 14.1000003814697 14 14.1000003814697 14.3999996185303 14.5 14.3999996185303 14.1999998092651 13.8999996185303 13.8000001907349 13.8000001907349 14 14 13.8999996185303 13.8000001907349 13.8000001907349 13.8000001907349 13.8000001907349 13.8000001907349
18.8999996185303 18.5 19.1000003814697 16 11.6999998092651 9 4.40000009536743 3.59999990463257 3.20000004768372 3.59999990463257 3.5 4.19999980926514 4.80000019073486 5.90000009536743 5.09999990463257 9.69999980926514 10.1999998092651 10.1000003814697 11.6000003814697 10.8999996185303 8.5 8.30000019073486 11.3000001907349 12.3000001907349 10.1999998092651 10.3999996185303 10.3999996185303 13 13.3999996185303 13.6000003814697 13.8000001907349 13.8999996185303 14 14.1000003814697 13 13.8000001907349 14 14.1000003814697 14 14.1000003814697 14.3999996185303 14.5 14.3000001907349 13.8999996185303 13.3999996185303 13.1999998092651 13.1999998092651 13.6000003814697 13.8000001907349 13.8000001907349 13.6999998092651 13.6999998092651 13.6999998092651 13.6999998092651 13.6999998092651
19.8999996185303 19.6000003814697 19.2000007629395 15.8999996185303 11.1000003814697 8.10000038146973 7.30000019073486 3 3.09999990463257 2.5 5.5 3.20000004768372 6.19999980926514 5.80000019073486 5.90000009536743 9.89999961853027 11.3000001907349 10.3999996185303 11.6000003814697 11.3000001907349 10.6999998092651 9.10000038146973 11.3000001907349 12.5 11.8999996185303 9.39999961853027 12.1000003814697 13.3000001907349 13.3999996185303 13.6999998092651 13.8000001907349 13.8999996185303 13.8999996185303 14.1000003814697 13.8999996185303 14 14.1000003814697 14.1999998092651 14.3000001907349 14.1000003814697 14.5 14.5 14.3000001907349 13.6999998092651 12.8999996185303 12.5 12.8000001907349 13.5 13.6999998092651 13.6999998092651 13.6999998092651 13.6000003814697 13.6000003814697 13.5 13.5
19.3999996185303 17.7999992370605 18.2000007629395 15.3000001907349 11.1000003814697 5.80000019073486 6.19999980926514 4.59999990463257 1.89999997615814 2.5 5.19999980926514 1.20000004768372 6.5 4.09999990463257 6 8.5 11.3999996185303 11.6000003814697 11.6999998092651 14 11 9.5 9.10000038146973 12.3999996185303 12.3999996185303 10.3000001907349 12.6999998092651 13.3000001907349 13.5 13.6000003814697 13.8000001907349 13.8000001907349 13.6000003814697 14.1000003814697 14.3000001907349 14.1999998092651 14.1999998092651 14.3000001907349 14.3999996185303 14.1000003814697 14.3999996185303 14.5 14.1000003814697 13.1000003814697 12.1999998092651 12.1000003814697 12.8000001907349 13.3999996185303 13.6000003814697 13.5 13.5 13.5 13.3999996185303 13.3999996185303 13.3000001907349
20 19.2000007629395 18.3999996185303 16.6000003814697 11.1999998092651 10.3999996185303 5.5 2.90000009536743 1.89999997615814 3.90000009536743 3.09999990463257 3.09999990463257 6.19999980926514 6.5 5.59999990463257 7.30000019073486 9.5 14.3000001907349 11.5 14 11 10 8.39999961853027 10.5 12.5 10.8999996185303 13 13.3999996185303 13.6000003814697 13.8000001907349 13.8000001907349 13.8999996185303 13.5 14 14.3000001907349 14.3000001907349 14.1999998092651 14.3000001907349 14.3000001907349 14 14.1000003814697 14.1999998092651 13.5 12.3000001907349 11.6000003814697 11.8000001907349 12.8999996185303 13.3999996185303 13.3999996185303 13.3999996185303 13.3000001907349 13.3000001907349 13.3000001907349 13.3000001907349 13.3000001907349
-3.4e+38 20.2000007629395 19.3999996185303 17.6000003814697 14.6000003814697 10.8999996185303 10.6000003814697 7.59999990463257 1.20000004768372 3.20000004768372 1.39999997615814 7.30000019073486 9 8.89999961853027 6.19999980926514 8.19999980926514 9.19999980926514 11.6000003814697 12.1000003814697 11 10.6000003814697 10.3000001907349 9 9.5 11.8999996185303 12.5 13.1000003814697 13.3999996185303 13.6000003814697 13.6999998092651 13.8000001907349 13.8999996185303 13.6000003814697 14 14.3000001907349 14.3000001907349 14.3000001907349 14.3000001907349 16.7000007629395 16.6000003814697 14 13.8000001907349 12.5 11.1999998092651 11.3999996185303 12.3999996185303 13 13.1999998092651 13.3000001907349 13.1999998092651 13.1999998092651 13.1000003814697 13.1000003814697 13.1000003814697 13
20.7999992370605 19.2999992370605 19.2999992370605 19.6000003814697 15.1000003814697 11.6000003814697 7.30000019073486 8.80000019073486 2.79999995231628 0.899999976158142 3.40000009536743 8.19999980926514 10.3000001907349 10.5 6 10.1000003814697 10.6000003814697 11.6000003814697 12.1000003814697 11.3999996185303 10.3999996185303 10.3999996185303 10.1000003814697 10.8000001907349 11.1999998092651 12.6999998092651 13.1999998092651 13.5 13.6000003814697 13.6999998092651 13.8999996185303 14 13.8999996185303 14.1000003814697 17.1000003814697 17.1000003814697 16.7000007629395 16.6000003814697 16.5 16.7000007629395 13.8999996185303 13.1999998092651 11.3000001907349 10.8999996185303 11.6000003814697 12.5 12.8999996185303 13.1000003814697 13.1999998092651 13 13 13 12.8999996185303 13 12.8999996185303
20 18.7999992370605 18.5 16.5 11.5 9.39999961853027 6 5.5 2.09999990463257 0 5.80000019073486 7.80000019073486 10.1999998092651 10.6999998092651 8.39999961853027 10.5 10.8000001907349 11.6000003814697 15 11.8999996185303 10.1999998092651 10.3000001907349 10.6999998092651 11.1999998092651 11.8000001907349 12.5 13.1000003814697 13.3999996185303 13.3000001907349 13.5 13.6999998092651 13.8000001907349 14.1000003814697 14.1000003814697 14.1999998092651 17.1000003814697 16.8999996185303 14 13.8999996185303 13.8999996185303 13.5 12.6000003814697 10.8000001907349 11 11.8999996185303 12.5 12.8000001907349 13.1000003814697 13 12.8999996185303 12.8000001907349 12.8000001907349 12.8999996185303 12.8000001907349 12.8000001907349
20.1000003814697 20.3999996185303 19.2000007629395 17.3999996185303 11.1999998092651 6 4.59999990463257 3.70000004768372 3.5 -0.400000005960464 5.90000009536743 7.69999980926514 9.69999980926514 6.59999990463257 6 10.3999996185303 11 11.5 12 12 11.5 9 11 11.3999996185303 11.8000001907349 12.3000001907349 12.8999996185303 13.1999998092651 13 11.8000001907349 13.3000001907349 13.6000003814697 13.8999996185303 14.1000003814697 14.1999998092651 14.1000003814697 13.8999996185303 13.6999998092651 13.5 13.1999998092651 12.3999996185303 11.5 10.3999996185303 11.1000003814697 11.8999996185303 12.3999996185303 12.6000003814697 12.8000001907349 12.8000001907349 12.8999996185303 12.8000001907349 12.8000001907349 12.6999998092651 12.6000003814697 12.6000003814697
21.6000003814697 20.7000007629395 18.5 15.1000003814697 9 6.5 5 5.69999980926514 6.40000009536743 1.79999995231628 5.30000019073486 7.09999990463257 8.60000038146973 4.69999980926514 6.09999990463257 10.1999998092651 11.1000003814697 11.6000003814697 11.8999996185303 12 11.8999996185303 9.19999980926514 10.8999996185303 11.6000003814697 12 12.3000001907349 12.8000001907349 12.8999996185303 12.3000001907349 10.8999996185303 12.8999996185303 13.6000003814697 13.8000001907349 14 14.1000003814697 13.8999996185303 13.5 13.3000001907349 13 12.3000001907349 11 9.80000019073486 10.1999998092651 11 11.8000001907349 12.1999998092651 12.5 12.6999998092651 12.6999998092651 12.6000003814697 12.6000003814697 12.6000003814697 12.5 12.3999996185303 12.3999996185303
21.2000007629395 20.2999992370605 20.1000003814697 17.7999992370605 14.6000003814697 7.09999990463257 5.09999990463257 6 6.30000019073486 6.80000019073486 9 7.19999980926514 7.40000009536743 4.90000009536743 8.19999980926514 8.89999961853027 11.1000003814697 11.3999996185303 11.8000001907349 12 12.1000003814697 10.1999998092651 9.5 11.1999998092651 12.5 12.8000001907349 12.6999998092651 12.5 10.8999996185303 11.8000001907349 12.6000003814697 13.5 13.8000001907349 13.8999996185303 14 13.6999998092651 13 12.6999998092651 12.1999998092651 11.8000001907349 10.1999998092651 8.30000019073486 9.60000038146973 10.6999998092651 11.5 12.1000003814697 12.3000001907349 12.3999996185303 12.3999996185303 12.3999996185303 12.3999996185303 12.3000001907349 12.3000001907349 12.3000001907349 12.3000001907349
20.2000007629395 19.7999992370605 18.5 17.2999992370605 13.6999998092651 8.30000019073486 5.69999980926514 7.69999980926514 9.19999980926514 8.30000019073486 10.8999996185303 8.19999980926514 6.30000019073486 3 7.80000019073486 8.39999961853027 10.6999998092651 10.8999996185303 11.3999996185303 11.6999998092651 11.8000001907349 12.1000003814697 9.5 8.89999961853027 12.5 12.8999996185303 12.6000003814697 12 10.1999998092651 11.3999996185303 12.8999996185303 13.3999996185303 13.8000001907349 13.8999996185303 14 13.1000003814697 11.6999998092651 12 11 10.3999996185303 9.60000038146973 7.59999990463257 9.5 10.5 11.3999996185303 11.8000001907349 12 12.1000003814697 12.1000003814697 12.1000003814697 12.1000003814697 12.1000003814697 12.1000003814697 12.1000003814697 12
18.8999996185303 19.5 18 14.8000001907349 12.8999996185303 7.5 5.09999990463257 6.90000009536743 4.5 8.10000038146973 11.8000001907349 9.60000038146973 5.90000009536743 3.59999990463257 6 8.89999961853027 10.1000003814697 10.8999996185303 11 10.8000001907349 9.10000038146973 11.8000001907349 11.1999998092651 7.59999990463257 12.1000003814697 13.1000003814697 12.8000001907349 11.8000001907349 10.6999998092651 11.8000001907349 13 13.5 13.8000001907349 13.8999996185303 13.8000001907349 12 10.8000001907349 11.1999998092651 9.30000019073486 8.5 8.80000019073486 8.39999961853027 9.80000019073486 10.6999998092651 11.3000001907349 11.6999998092651 11.8000001907349 11.8000001907349 11.8000001907349 11.8000001907349 11.8000001907349 11.8000001907349 11.8000001907349 11.8000001907349 11.6999998092651
18.7999992370605 18.2999992370605 16 10.5 8.39999961853027 6.90000009536743 4.09999990463257 3 3.5 8.39999961853027 11.8999996185303 10.6999998092651 9.10000038146973 6.59999990463257 5.09999990463257 9.30000019073486 9.69999980926514 10.8000001907349 11.1999998092651 9.19999980926514 4.5 10.5 11.6000003814697 9.5 12.5 13.3000001907349 13.1000003814697 12.6000003814697 12 12.6000003814697 13.1999998092651 13.6000003814697 13.8999996185303 13.8999996185303 13.6999998092651 11.6999998092651 10.1000003814697 10.5 7.90000009536743 6.80000019073486 9.10000038146973 9.5 10.6000003814697 11.1999998092651 11.3999996185303 11.3999996185303 11.5 11.6000003814697 11.6000003814697 11.5 11.6000003814697 11.5 11.5 11.5 11.5
