data/layers/future_layer_can_126_60/bio9.asc
NCOLS 494 
NROWS 529 
XLLCORNER -117.166666666667 
YLLCORNER -55.5 
CELLSIZE 0.166666666666667 
NODATA_value -3.4e+38 
[rows 456 to 479 of 529, columns 275 to 329 of 494]
13.8999996185303 14.8000001907349 17.8999996185303 16.7999992370605 17.3999996185303 18.3999996185303 17.2000007629395 16.7000007629395 16.2999992370605 16.8999996185303 15.3000001907349 16.1000003814697 18.7000007629395 18.8999996185303 17.2999992370605 18.3999996185303 19.5 19.8999996185303 20 20.3999996185303 20.3999996185303 20.3999996185303 18.2000007629395 14.6999998092651 14.8000001907349 14.8999996185303 14.8999996185303 14.8999996185303 14.8000001907349 14.8000001907349 14.6999998092651 11.6999998092651 11.8999996185303 11.6000003814697 11.3000001907349 11.1000003814697 11.3000001907349 -3.4e+38 -3.4e+38 -3.4e+38 -3.4e+38 -3.4e+38 -3.4e+38 -3.4e+38 -3.4e+38 -3.4e+38 -3.4e+38 -3.4e+38 -3.4e+38 -3.4e+38 -3.4e+38 -3.4e+38 -3.4e+38 -3.4e+38 -3.4e+38
15.6000003814697 16.3999996185303 17.2000007629395 16.5 17.2999992370605 17.7999992370605 18.2000007629395 18.2999992370605 18.7999992370605 17.1000003814697 15.8000001907349 15.6999998092651 17.3999996185303 19.1000003814697 19.7999992370605 19.2000007629395 19.2000007629395 19.6000003814697 20 20.1000003814697 19.8999996185303 19.6000003814697 20 20.2000007629395 14.3999996185303 14.3999996185303 14.3000001907349 14.5 14.5 14.6000003814697 14.8000001907349 15 11.1000003814697 10.8999996185303 10.8000001907349 10.8000001907349 -3.4e+38 -3.4e+38 -3.4e+38 -3.4e+38 -3.4e+38 -3.4e+38 -3.4e+38 -3.4e+38 -3.4e+38 -3.4e+38 -3.4e+38 -3.4e+38 -3.4e+38 -3.4e+38 -3.4e+38 -3.4e+38 -3.4e+38 -3.4e+38 -3.4e+38
16.5 15.8999996185303 16.3999996185303 15.3000001907349 16.7000007629395 17.6000003814697 18.2999992370605 18.2000007629395 18.7000007629395 17.7000007629395 17.2999992370605 16.7999992370605 17.7000007629395 18.6000003814697 19.8999996185303 19.8999996185303 20 19.5 19.7999992370605 20.1000003814697 20 20 20.3999996185303 20.3999996185303 14.6000003814697 14 13.8000001907349 14 14.3000001907349 14.3999996185303 14.1000003814697 14 10.6000003814697 10.5 10.6000003814697 10.8000001907349 -3.4e+38 -3.4e+38 -3.4e+38 -3.4e+38 -3.4e+38 -3.4e+38 -3.4e+38 -3.4e+38 -3.4e+38 -3.4e+38 -3.4e+38 -3.4e+38 -3.4e+38 -3.4e+38 -3.4e+38 -3.4e+38 -3.4e+38 -3.4e+38 -3.4e+38
15.3000001907349 15.8000001907349 16.2000007629395 15.5 17.3999996185303 16.8999996185303 16.7000007629395 16.7000007629395 17 17.2000007629395 16.6000003814697 16.8999996185303 18.2999992370605 18.8999996185303 19.2999992370605 19.6000003814697 19.6000003814697 19.7000007629395 19.7999992370605 19.7999992370605 19.6000003814697 19.7999992370605 20.1000003814697 20.2000007629395 19.8999996185303 14.3000001907349 14 14.1999998092651 14.1999998092651 14.1999998092651 13.8999996185303 13.6999998092651 10.3000001907349 10.3000001907349 10.3000001907349 10.3999996185303 -3.4e+38 -3.4e+38 -3.4e+38 -3.4e+38 -3.4e+38 -3.4e+38 -3.4e+38 -3.4e+38 -3.4e+38 -3.4e+38 -3.4e+38 -3.4e+38 -3.4e+38 -3.4e+38 -3.4e+38 -3.4e+38 -3.4e+38 -3.4e+38 -3.4e+38
14.8999996185303 16.2000007629395 16.7999992370605 17.1000003814697 17.5 18 16.8999996185303 16.1000003814697 16.2000007629395 17.3999996185303 15.3000001907349 16.3999996185303 17.7999992370605 18.6000003814697 19.2000007629395 18.8999996185303 18.5 18.7999992370605 19.1000003814697 18.8999996185303 19.1000003814697 19.3999996185303 19.7999992370605 20 14.5 14.3999996185303 14 14 14 13.8000001907349 13.5 13.3999996185303 13.3999996185303 10 10 10.5 -3.4e+38 -3.4e+38 -3.4e+38 -3.4e+38 -3.4e+38 -3.4e+38 -3.4e+38 -3.4e+38 -3.4e+38 -3.4e+38 -3.4e+38 -3.4e+38 -3.4e+38 -3.4e+38 -3.4e+38 -3.4e+38 -3.4e+38 -3.4e+38 -3.4e+38
16.2999992370605 16.5 16.5 16.5 17.6000003814697 18.2000007629395 18 17 17.6000003814697 17.6000003814697 17.2999992370605 17.7999992370605 17.7999992370605 18.5 18.2000007629395 18.7999992370605 17.6000003814697 17.2000007629395 18.7000007629395 18.7999992370605 18.7999992370605 19.2999992370605 19.6000003814697 19.7999992370605 19.5 13.8000001907349 13.8000001907349 14 13.3999996185303 13.3000001907349 13.1999998092651 13.1000003814697 9.89999961853027 9.89999961853027 10 10.6999998092651 -3.4e+38 -3.4e+38 -3.4e+38 -3.4e+38 -3.4e+38 -3.4e+38 -3.4e+38 -3.4e+38 -3.4e+38 -3.4e+38 -3.4e+38 -3.4e+38 -3.4e+38 -3.4e+38 -3.4e+38 -3.4e+38 -3.4e+38 -3.4e+38 -3.4e+38
14.6999998092651 15.3000001907349 15.8999996185303 17.2000007629395 18.2000007629395 18.3999996185303 18.2999992370605 18.3999996185303 18.5 18.6000003814697 17.6000003814697 18.1000003814697 17.5 18.6000003814697 18.8999996185303 17.7000007629395 16.2000007629395 18.2000007629395 18.7999992370605 19.2000007629395 19.2999992370605 19.6000003814697 19.7000007629395 19.6000003814697 17.2000007629395 13.5 13.8999996185303 13.5 13 13 12.8000001907349 13 13.1000003814697 13.1999998092651 10.1000003814697 10.6000003814697 -3.4e+38 -3.4e+38 -3.4e+38 -3.4e+38 -3.4e+38 -3.4e+38 -3.4e+38 -3.4e+38 -3.4e+38 -3.4e+38 -3.4e+38 -3.4e+38 -3.4e+38 -3.4e+38 -3.4e+38 -3.4e+38 -3.4e+38 -3.4e+38 -3.4e+38
15.1999998092651 15.3000001907349 15.8000001907349 16.8999996185303 18.1000003814697 18.6000003814697 18.8999996185303 19 19 18.3999996185303 16.7000007629395 16.6000003814697 17.1000003814697 18.7000007629395 18.6000003814697 17.1000003814697 16.2000007629395 17.2999992370605 17.7000007629395 18.6000003814697 18.8999996185303 19.2000007629395 19.3999996185303 19.2999992370605 17.2000007629395 13.6999998092651 13.8000001907349 13 12.8999996185303 12.6000003814697 12.6000003814697 12.6999998092651 13.1999998092651 13.8000001907349 -3.4e+38 -3.4e+38 -3.4e+38 -3.4e+38 -3.4e+38 -3.4e+38 -3.4e+38 -3.4e+38 -3.4e+38 -3.4e+38 -3.4e+38 -3.4e+38 -3.4e+38 -3.4e+38 -3.4e+38 -3.4e+38 -3.4e+38 -3.4e+38 -3.4e+38 -3.4e+38 -3.4e+38
12.6999998092651 13.8999996185303 15.6000003814697 17.6000003814697 18.2000007629395 18.6000003814697 18.8999996185303 19 18.7999992370605 17.3999996185303 16.8999996185303 17.3999996185303 20.1000003814697 18.5 18.6000003814697 18.6000003814697 18.5 17.8999996185303 19 18.7000007629395 18.8999996185303 19 19 19.2000007629395 17 13.6999998092651 13 12.6000003814697 12.6999998092651 12.8000001907349 13 13 13.6000003814697 13.8999996185303 -3.4e+38 -3.4e+38 -3.4e+38 -3.4e+38 -3.4e+38 -3.4e+38 -3.4e+38 -3.4e+38 -3.4e+38 -3.4e+38 -3.4e+38 -3.4e+38 -3.4e+38 -3.4e+38 -3.4e+38 -3.4e+38 -3.4e+38 -3.4e+38 -3.4e+38 -3.4e+38 -3.4e+38
14.3000001907349 15.3000001907349 16.3999996185303 17.7999992370605 18.2000007629395 18.5 18.8999996185303 19 18.6000003814697 17.1000003814697 16.7000007629395 17.6000003814697 19.2999992370605 20.1000003814697 18.1000003814697 18.6000003814697 18.6000003814697 18.2999992370605 19.2000007629395 18.7999992370605 18.3999996185303 18.2000007629395 18.5 19.1000003814697 16.8999996185303 16.2000007629395 12.3000001907349 13.1000003814697 13.6999998092651 14 14 14 13.8000001907349 -3.4e+38 -3.4e+38 -3.4e+38 -3.4e+38 -3.4e+38 -3.4e+38 -3.4e+38 -3.4e+38 -3.4e+38 -3.4e+38 -3.4e+38 -3.4e+38 -3.4e+38 -3.4e+38 -3.4e+38 -3.4e+38 -3.4e+38 -3.4e+38 -3.4e+38 -3.4e+38 -3.4e+38 -3.4e+38
14.6999998092651 15.8999996185303 16.7999992370605 17.2999992370605 17.7999992370605 18.2999992370605 18.7000007629395 19.1000003814697 19 18.1000003814697 16.8999996185303 17.7000007629395 18.6000003814697 19.7999992370605 19.2999992370605 17.2999992370605 17.8999996185303 18.1000003814697 18.2000007629395 17.5 17.5 18.1000003814697 18.8999996185303 18.7999992370605 15.6999998092651 17.6000003814697 17 14 14.1999998092651 -3.4e+38 -3.4e+38 -3.4e+38 -3.4e+38 -3.4e+38 -3.4e+38 -3.4e+38 -3.4e+38 -3.4e+38 -3.4e+38 -3.4e+38 -3.4e+38 -3.4e+38 -3.4e+38 -3.4e+38 -3.4e+38 -3.4e+38 -3.4e+38 -3.4e+38 -3.4e+38 -3.4e+38 -3.4e+38 -3.4e+38 -3.4e+38 -3.4e+38 -3.4e+38
15.1999998092651 15.6999998092651 16.6000003814697 17.1000003814697 17.6000003814697 17.8999996185303 18.2999992370605 19.1000003814697 19.2000007629395 18.1000003814697 17.8999996185303 19 19.7999992370605 19.8999996185303 20 19.7000007629395 19.8999996185303 18.7000007629395 18.2999992370605 17.8999996185303 18.1000003814697 18.7000007629395 18.7999992370605 18 17.2999992370605 16.7000007629395 -3.4e+38 -3.4e+38 -3.4e+38 -3.4e+38 -3.4e+38 -3.4e+38 -3.4e+38 -3.4e+38 -3.4e+38 -3.4e+38 -3.4e+38 -3.4e+38 -3.4e+38 -3.4e+38 -3.4e+38 -3.4e+38 -3.4e+38 -3.4e+38 -3.4e+38 -3.4e+38 -3.4e+38 -3.4e+38 -3.4e+38 -3.4e+38 -3.4e+38 -3.4e+38 -3.4e+38 -3.4e+38 -3.4e+38
15 15.6999998092651 16.6000003814697 17.2999992370605 17.8999996185303 18.3999996185303 18.7999992370605 19.1000003814697 19.2000007629395 18.5 18.1000003814697 18.6000003814697 19.5 19.5 19.8999996185303 19.7999992370605 20.2999992370605 18.7000007629395 18.2000007629395 18.5 18.5 18 17.7000007629395 17.2000007629395 16.6000003814697 -3.4e+38 -3.4e+38 -3.4e+38 -3.4e+38 -3.4e+38 -3.4e+38 -3.4e+38 -3.4e+38 -3.4e+38 -3.4e+38 -3.4e+38 -3.4e+38 -3.4e+38 -3.4e+38 -3.4e+38 -3.4e+38 -3.4e+38 -3.4e+38 -3.4e+38 -3.4e+38 -3.4e+38 -3.4e+38 -3.4e+38 -3.4e+38 -3.4e+38 -3.4e+38 -3.4e+38 -3.4e+38 -3.4e+38 -3.4e+38
15.3999996185303 16.1000003814697 16.7999992370605 17.6000003814697 18 14.3999996185303 18.7999992370605 19.1000003814697 19.2999992370605 19.2000007629395 17.7999992370605 17.8999996185303 19.7000007629395 19.8999996185303 20.1000003814697 19.7999992370605 20.2000007629395 20 20 18.1000003814697 17.1000003814697 16.7999992370605 17 18 -3.4e+38 -3.4e+38 -3.4e+38 -3.4e+38 -3.4e+38 -3.4e+38 -3.4e+38 -3.4e+38 -3.4e+38 -3.4e+38 -3.4e+38 -3.4e+38 -3.4e+38 -3.4e+38 -3.4e+38 -3.4e+38 -3.4e+38 -3.4e+38 -3.4e+38 -3.4e+38 -3.4e+38 -3.4e+38 -3.4e+38 -3.4e+38 -3.4e+38 -3.4e+38 -3.4e+38 -3.4e+38 -3.4e+38 -3.4e+38 -3.4e+38
14.6999998092651 16.2000007629395 13 13.6000003814697 14 14.3999996185303 14.8000001907349 17.2999992370605 17.6000003814697 17.8999996185303 16.6000003814697 17.8999996185303 20 20.2000007629395 20.2000007629395 20 20 19.6000003814697 18.8999996185303 18.3999996185303 16.7000007629395 17.5 18.7000007629395 -3.4e+38 -3.4e+38 -3.4e+38 -3.4e+38 -3.4e+38 -3.4e+38 -3.4e+38 -3.4e+38 -3.4e+38 -3.4e+38 -3.4e+38 -3.4e+38 -3.4e+38 -3.4e+38 -3.4e+38 -3.4e+38 -3.4e+38 -3.4e+38 -3.4e+38 -3.4e+38 -3.4e+38 -3.4e+38 -3.4e+38 -3.4e+38 -3.4e+38 -3.4e+38 -3.4e+38 -3.4e+38 -3.4e+38 -3.4e+38 -3.4e+38 -3.4e+38
15.8000001907349 11.8999996185303 12.1999998092651 13.1000003814697 13.6999998092651 14.3000001907349 14.6000003814697 14.8000001907349 17.5 18 17.7999992370605 18.6000003814697 19.8999996185303 19.7999992370605 19.8999996185303 19.3999996185303 19 18.3999996185303 18.2000007629395 18.2000007629395 17.2999992370605 18.3999996185303 -3.4e+38 -3.4e+38 -3.4e+38 -3.4e+38 -3.4e+38 -3.4e+38 -3.4e+38 -3.4e+38 -3.4e+38 -3.4e+38 -3.4e+38 -3.4e+38 -3.4e+38 -3.4e+38 -3.4e+38 -3.4e+38 -3.4e+38 -3.4e+38 -3.4e+38 -3.4e+38 -3.4e+38 -3.4e+38 -3.4e+38 -3.4e+38 -3.4e+38 -3.4e+38 -3.4e+38 -3.4e+38 -3.4e+38 -3.4e+38 -3.4e+38 -3.4e+38 -3.4e+38
14 11 12 12.6999998092651 13.5 13.8999996185303 14.5 14.8000001907349 15.3000001907349 17.7999992370605 18.3999996185303 18.5 18.3999996185303 20.2000007629395 19.5 19 18.5 18.8999996185303 19.5 20.5 20.2999992370605 19.1000003814697 -3.4e+38 -3.4e+38 -3.4e+38 -3.4e+38 -3.4e+38 -3.4e+38 -3.4e+38 -3.4e+38 -3.4e+38 -3.4e+38 -3.4e+38 -3.4e+38 -3.4e+38 -3.4e+38 -3.4e+38 -3.4e+38 -3.4e+38 -3.4e+38 -3.4e+38 -3.4e+38 -3.4e+38 -3.4e+38 -3.4e+38 -3.4e+38 -3.4e+38 -3.4e+38 -3.4e+38 -3.4e+38 -3.4e+38 -3.4e+38 -3.4e+38 -3.4e+38 -3.4e+38
11.8000001907349 11.8000001907349 12 12.6000003814697 13.3999996185303 14 14.5 14.8000001907349 17.2999992370605 17.2999992370605 18 18.3999996185303 18.3999996185303 18.3999996185303 19.2999992370605 18.8999996185303 20.1000003814697 20.7000007629395 21.1000003814697 19.6000003814697 19.3999996185303 19.3999996185303 -3.4e+38 -3.4e+38 -3.4e+38 -3.4e+38 -3.4e+38 -3.4e+38 -3.4e+38 -3.4e+38 -3.4e+38 -3.4e+38 -3.4e+38 -3.4e+38 -3.4e+38 -3.4e+38 -3.4e+38 -3.4e+38 -3.4e+38 -3.4e+38 -3.4e+38 -3.4e+38 -3.4e+38 -3.4e+38 -3.4e+38 -3.4e+38 -3.4e+38 -3.4e+38 -3.4e+38 -3.4e+38 -3.4e+38 -3.4e+38 -3.4e+38 -3.4e+38 -3.4e+38
13.8999996185303 13.6000003814697 13.5 13.3999996185303 13.8999996185303 14.5 15.1000003814697 15.5 17.7999992370605 17.7000007629395 17.8999996185303 18.2000007629395 18.3999996185303 18.2999992370605 20.1000003814697 20.2999992370605 20.6000003814697 21.1000003814697 20.8999996185303 19 18.7999992370605 18.7999992370605 -3.4e+38 -3.4e+38 -3.4e+38 -3.4e+38 -3.4e+38 -3.4e+38 -3.4e+38 -3.4e+38 -3.4e+38 -3.4e+38 -3.4e+38 -3.4e+38 -3.4e+38 -3.4e+38 -3.4e+38 -3.4e+38 -3.4e+38 -3.4e+38 -3.4e+38 -3.4e+38 -3.4e+38 -3.4e+38 -3.4e+38 -3.4e+38 -3.4e+38 -3.4e+38 -3.4e+38 -3.4e+38 -3.4e+38 -3.4e+38 -3.4e+38 -3.4e+38 -3.4e+38
14.1000003814697 14.1999998092651 14.1999998092651 14.3999996185303 14.3999996185303 15.1000003814697 15.8000001907349 16.3999996185303 19 18.8999996185303 19.1000003814697 19.7000007629395 19.6000003814697 19.5 20.8999996185303 20.6000003814697 20.5 20.2999992370605 20.2999992370605 20 18.3999996185303 18.2999992370605 18.5 -3.4e+38 -3.4e+38 -3.4e+38 -3.4e+38 -3.4e+38 -3.4e+38 -3.4e+38 -3.4e+38 -3.4e+38 -3.4e+38 -3.4e+38 -3.4e+38 -3.4e+38 -3.4e+38 -3.4e+38 -3.4e+38 -3.4e+38 -3.4e+38 -3.4e+38 -3.4e+38 -3.4e+38 -3.4e+38 -3.4e+38 -3.4e+38 -3.4e+38 -3.4e+38 -3.4e+38 -3.4e+38 -3.4e+38 -3.4e+38 -3.4e+38 -3.4e+38
12.8999996185303 11.3000001907349 12.6999998092651 13.6999998092651 13.8999996185303 14.8000001907349 15.1000003814697 17.7000007629395 18.7999992370605 19.2999992370605 20.1000003814697 19.8999996185303 19.7000007629395 19.7999992370605 21.2000007629395 21.1000003814697 21.1000003814697 20.8999996185303 20.6000003814697 20.2000007629395 18.5 18.2999992370605 18.2000007629395 18.1000003814697 18.2000007629395 -3.4e+38 -3.4e+38 -3.4e+38 -3.4e+38 -3.4e+38 -3.4e+38 -3.4e+38 -3.4e+38 -3.4e+38 -3.4e+38 -3.4e+38 -3.4e+38 -3.4e+38 -3.4e+38 -3.4e+38 -3.4e+38 -3.4e+38 -3.4e+38 -3.4e+38 -3.4e+38 -3.4e+38 -3.4e+38 -3.4e+38 -3.4e+38 -3.4e+38 -3.4e+38 -3.4e+38 -3.4e+38 -3.4e+38 -3.4e+38
10.3000001907349 11.3000001907349 10.8000001907349 13.3000001907349 14.1000003814697 14.3000001907349 16.1000003814697 16.3999996185303 17.5 18.2000007629395 18.2000007629395 16.7999992370605 16.7999992370605 17.8999996185303 20.7000007629395 20.7999992370605 20.7000007629395 20.7000007629395 20.5 20.5 20 18.2999992370605 18.2000007629395 17.8999996185303 17.7999992370605 15.3000001907349 -3.4e+38 -3.4e+38 -3.4e+38 -3.4e+38 -3.4e+38 -3.4e+38 -3.4e+38 -3.4e+38 -3.4e+38 -3.4e+38 -3.4e+38 -3.4e+38 -3.4e+38 -3.4e+38 -3.4e+38 -3.4e+38 -3.4e+38 -3.4e+38 -3.4e+38 -3.4e+38 -3.4e+38 -3.4e+38 -3.4e+38 -3.4e+38 -3.4e+38 -3.4e+38 -3.4e+38 -3.4e+38 -3.4e+38
11.3000001907349 12.1999998092651 12 13.6000003814697 13.5 13.6000003814697 14.8999996185303 15.3999996185303 16.6000003814697 17.2999992370605 17.2999992370605 16.2000007629395 15.6999998092651 17 17.8999996185303 18 19 20.7999992370605 20.3999996185303 20.2999992370605 20.2000007629395 18.6000003814697 18.3999996185303 18.2999992370605 17.7999992370605 15.3000001907349 15.3000001907349 15.3999996185303 -3.4e+38 -3.4e+38 -3.4e+38 -3.4e+38 -3.4e+38 -3.4e+38 -3.4e+38 -3.4e+38 -3.4e+38 -3.4e+38 -3.4e+38 -3.4e+38 -3.4e+38 -3.4e+38 -3.4e+38 -3.4e+38 -3.4e+38 -3.4e+38 -3.4e+38 -3.4e+38 -3.4e+38 -3.4e+38 -3.4e+38 -3.4e+38 -3.4e+38 -3.4e+38 -3.4e+38
14 14.6999998092651 13.3000001907349 13.3000001907349 13.8000001907349 15.8000001907349 14.8999996185303 15.5 16.3999996185303 16.8999996185303 17.2000007629395 16.7000007629395 16.7000007629395 15.8000001907349 15.8999996185303 18.2999992370605 19 19 18.5 19.7000007629395 18.3999996185303 18.2000007629395 18.2000007629395 18.1000003814697 18.1000003814697 17.6000003814697 17.2999992370605 12.1999998092651 12 11.8999996185303 14.1999998092651 14 13.8000001907349 -3.4e+38 -3.4e+38 -3.4e+38 -3.4e+38 -3.4e+38 -3.4e+38 -3.4e+38 -3.4e+38 -3.4e+38 -3.4e+38 -3.4e+38 -3.4e+38 -3.4e+38 -3.4e+38 -3.4e+38 -3.4e+38 -3.4e+38 -3.4e+38 -3.4e+38 -3.4e+38 -3.4e+38 -3.4e+38
