data/pcas/pcas_mc_585/pca_referenceLayers_mc_585/PC03.asc
NCOLS 494 
NROWS 529 
XLLCORNER -117.166666666667 
YLLCORNER -55.5 
CELLSIZE 0.166666666666667 
NODATA_value -3.4e+38 
[rows 352 to 373 of 529, columns 306 to 356 of 494]
-2.11478290517054 -0.593769121857293 -1.29051526131392 -0.929818411600725 -0.271928696474771 -0.0433789491227708 -0.0105656150338003 -0.379365475885103 0.170049960192641 0.643630690272799 0.738949192148724 0.983073134526113 1.11059422073313 1.1876420899917 1.24497279546648 1.33721123504106 1.40530628469109 1.45469862422815 1.5053367536783 1.55333195231737 1.6238903357155 1.63956854977928 1.7012764748388 1.75362864183933 1.77729604033177 1.7929511616579 1.80366508712535 1.76867223569447 1.78415718957413 1.74241697661989 1.71855799071493 1.66443585067502 1.64543066613154 1.65356998948941 1.66679044904937 1.63859793939359 1.65201213539523 1.72552805912618 1.70089036483503 1.6773069295425 1.66564579984799 1.64868192757441 1.64761129305791 1.67890005080533 1.69036277440252 1.73583550569882 1.79855200833524 1.93732645166135 1.88766577327608 1.85230593236123 1.85212192477371
-2.19291766456596 -0.548476701738183 -1.35106727923979 -0.740489278686125 -0.107725530525689 0.0301872328006157 -0.173015118008911 -0.136940796423184 0.344676359003899 0.688449818503924 0.884159066799724 0.977371513078662 1.09766620138022 1.17852673735319 1.25712309848317 1.33240887495295 1.40618621207425 1.47845943802876 1.52352121769146 1.55125542371759 1.6309004400967 1.65684635936667 1.72918708034468 1.78812831419454 1.82109625861903 1.83822797328456 1.81669949563381 1.82594352581635 1.80129871410742 1.76685461182338 1.71923546941346 1.69339984041708 1.64254124634278 1.67691688428997 1.6954035601801 1.70271760847636 1.65638991586342 1.68256623478776 1.67128349947872 1.69275303209634 1.73395803065395 1.70279292480349 1.68228292768226 1.68618540062075 1.68396732398588 1.7488101732398 1.82062179978703 1.92527409493916 1.89074166979967 1.87688577313313 1.860958701662
-1.69700461741297 -0.390275816186188 -1.61078319956438 -0.620671831970442 0.00797942566285951 0.232869544384131 0.0133128757156122 -0.00454585871745195 0.510566602508111 0.877123113777075 1.01498274332554 1.06561459799835 1.12220771480454 1.2113122506343 1.29607671751772 1.34872633804776 1.42772560169477 1.47402787724052 1.55189646789882 1.59178625312175 1.64778812200785 1.64548435083483 1.71209623124872 1.77682906622901 1.78434482960761 1.91794526711778 1.89823534148716 1.8053724785223 1.85715150465767 1.77526358064438 1.73419256423425 1.6913966108271 1.69191820828512 1.68837892965595 1.67728719049092 1.71602831548765 1.73907336148976 1.66306075939102 1.66175860872508 1.67918008014474 1.71984653947581 1.73779226326302 1.69319241615182 1.70919782004908 1.72736349681124 1.78183638568344 1.86197715643897 1.86233086609961 1.94291577321697 1.92741948286183 1.90821857952725
-0.87378424430607 -0.493309802589906 -2.14211145012868 -0.675654007201065 0.103973456907452 0.368878846507651 0.248970709507469 0.404049315618464 0.827648859423063 1.02262125173417 1.09640613126169 1.14723245408252 1.18299765828139 1.23390540710086 1.29765157652794 1.36595966903476 1.46056924158619 1.50789391680938 1.56034072284541 1.61508236926365 1.65220804709274 1.66434181099536 1.72982587329787 1.81443867632455 1.8018362973805 1.89420194137058 1.86462866108043 1.85446096190565 1.87053158925867 1.81262634204003 1.75245631351379 1.74503250942355 1.75047620887783 1.71241221964914 1.69873875719836 1.71651362039044 1.74007370156194 1.65370776016259 1.66299528153414 1.66718480219729 1.70006623436046 1.70662735566512 1.70368065788563 1.73357636967053 1.77102202241293 1.83565685865535 1.85061479519435 1.86523902284061 1.95055611824004 1.94920539282635 1.96265958674443
-0.670667126582661 -1.40203489157993 -1.79692515990748 -0.557044589496679 0.376413642893764 0.750519895954449 0.835879601987264 0.90349413852864 1.05823810005719 1.12989262818703 1.21168266290176 1.22675481143582 1.25243262006631 1.28891752941659 1.36972718823257 1.4028852485235 1.44323427483629 1.49363666951799 1.54142339120953 1.58333936172342 1.61967719889659 1.66517958686927 1.72154590209685 1.76569845019567 1.77254485018732 1.83367281586717 1.79696154667675 1.87932668006549 1.83323712089258 1.85753413268596 1.84143356266354 1.78518201517914 1.76244299958443 1.75234919599628 1.76575661349048 1.75494971340526 1.68055221222293 1.67274245450601 1.66934953084957 1.67166442102061 1.68225239073886 1.70912360986918 1.74926771542166 1.75975115070145 1.79822296896122 1.84526654061405 1.83982929442539 1.9416950124866 1.94475817692136 1.93405541760321 1.95200363163377
-0.709633939697325 -2.37967621845128 -0.911539121585297 0.0148589511876045 0.959580057797204 1.21223740452501 1.15338533021511 1.14400816053987 1.16541698284589 1.2062325429542 1.23665334799079 1.26323783027633 1.3342525878582 1.36134191405903 1.41082861019582 1.41649712323999 1.45898956695814 1.50626542655373 1.54576751364741 1.57742581056767 1.60370887338284 1.67133806564934 1.76817500805173 1.80118710484778 1.7894354755536 1.81139353605035 1.86000213855794 1.91762454261278 1.82208681059233 1.7887151020043 1.80978247965527 1.80862338758351 1.7599598476277 1.7646613983989 1.76153485351184 1.70238497007276 1.67787791205031 1.69602196970575 1.67472889467549 1.68996245043063 1.68583627415305 1.70305812274349 1.74664199124179 1.78231209086464 1.81704463831417 1.86352184895128 1.84054356912575 1.95720604464267 1.94882140973082 1.95433293566031 1.95704596675134
-1.90155021903407 -2.01336702737796 0.189388507286481 1.23644148207549 1.5576359562332 1.48204981388203 1.404119097342 1.36233436929935 1.2750609733738 1.31351992481574 1.27427235265456 1.34356903046033 1.39353056232669 1.44381294217714 1.4578385378344 1.4351073615401 1.47576336630066 1.52571467617716 1.5492146056519 1.55795711014869 1.61287086876995 1.66160456838238 1.7592895807007 1.78482091093478 1.81550608495476 1.81542625651901 1.88176033078535 1.90814500834092 1.82323822961515 1.83587052215482 1.82724743716462 1.7676422530721 1.74585480375984 1.74611419688214 1.71886759844635 1.66491625723902 1.67624294313444 1.65893293079676 1.67138068819479 1.6849478702466 1.71279817068395 1.74801937531022 1.75758840077363 1.77789138308508 1.8452682524953 1.82508629358465 1.87083234214159 1.9243403475116 1.93772870314989 1.95090889133279 1.94985186077186
-2.49424678257849 0.115334399630137 1.38862908445065 1.78326148874245 1.79881864982441 1.72256647946433 1.58910378991425 1.52309054371988 1.3888466276945 1.3957150329883 1.36106106654293 1.42999911958503 1.46330462261496 1.47934105235622 1.4497304670024 1.47289846002044 1.51750996211179 1.53541480019705 1.56458413428128 1.58436804589466 1.6026787031263 1.71803542217158 1.78963727331086 1.80837799563729 1.86374206960404 1.85661733025667 1.93080348417239 1.85864018196563 1.81913885916677 1.82175806173012 1.82598076863191 1.77007025459283 1.75190465488598 1.73643593750025 1.69394853871675 1.6492225529132 1.64567529311454 1.66699365780456 1.64742729364902 1.66866444157934 1.71512122502102 1.77101306395771 1.78590028915573 1.81311143059845 1.82275309948836 1.81515781880407 1.86789571408878 1.88424968689576 1.89974113873789 1.96096833882344 1.96948330285139
-0.840361222809068 0.569712323560821 1.65394696060987 1.96311894836238 1.9502960215048 1.78313672369433 1.60817250144514 1.53773426699894 1.49160512980703 1.44241893975258 1.4128901381691 1.45445076988267 1.46274371227148 1.46703065812235 1.45881846137366 1.48323079459108 1.53881524180535 1.54064676872546 1.56829666221403 1.66948696358686 1.65517705951999 1.70290380371415 1.75649011896468 1.76034485084996 1.82868815155175 1.8463947388435 1.93995229793613 1.86398286671198 1.85248234842941 1.81736064969656 1.78917147442142 1.75808262546403 1.74440299923714 1.70080395813136 1.6429141267095 1.61579320059217 1.63801381563777 1.63959950350165 1.67057420853107 1.70844263165714 1.7344971764305 1.79007791864945 1.83587206507405 1.85004461865471 1.83727897241308 1.86882278144569 1.88662310724536 1.88433151515385 1.87365874573334 1.95062264772639 1.96698857104369
0.428101668345375 0.391519343023469 1.41231300725696 1.8477363662653 1.90982895237559 1.85269145982169 1.73317396207121 1.50860432915816 1.52434132011519 1.48388848556673 1.48898440139878 1.57827517557894 1.47496213353202 1.48551633527056 1.4864192383196 1.60418296575275 1.52595626393461 1.65049776088408 1.6475497234429 1.63374509623254 1.66521907332492 1.68832578576807 1.74368072669788 1.79665547834485 1.82702989179203 1.90908647904954 1.89310711412175 1.81797744253152 1.81999677538035 1.78849028190757 1.77547131346837 1.76660903641167 1.76219799369208 1.69721576937705 1.69011686399002 1.65843844725474 1.64072328664093 1.65786733461867 1.65681893842039 1.68412395513679 1.72262907648965 1.78689597507493 1.81003544970142 1.79342386962928 1.85351660406229 1.87047722530437 1.88131481650237 1.89469861120213 1.88859428537722 1.8994080157992 1.92938422709273
0.263325907932866 0.287240811752108 1.03097677140051 1.50706177664159 1.75846140336724 1.71820513451991 1.65954106864989 1.52940675942768 1.47622400172582 1.53445071145154 1.53233761540702 1.52283573905645 1.46820203936115 1.51586545404105 1.61034215144577 1.59146626384472 1.59551802404369 1.60788070415257 1.6087877958975 1.63877572365232 1.65605713884219 1.69170131821932 1.7477050305615 1.80076716774753 1.82827834004619 1.85103362157889 1.85046805070235 1.83335940819478 1.81052928117838 1.78415504603731 1.77234485688736 1.76110583752346 1.71440767911122 1.67980037853494 1.69253858642438 1.63925565840895 1.62833491935696 1.66602156656432 1.66872639996604 1.65556912195079 1.7144863295263 1.75431211167939 1.75111267841012 1.75506359942662 1.79239887941878 1.82823259309737 1.86597576412662 1.86247558439466 1.87155054775548 1.92556051071998 1.94844439059786
-0.0805317029623567 0.520645990391619 0.806521483667363 1.3201885868378 1.65627547400787 1.66560006949571 1.61153272395702 1.45437816923994 1.42256061783204 1.48845178210347 1.57047994943691 1.5457708833462 1.6030292766795 1.61973443485636 1.63747539521485 1.5914603104598 1.60644706109892 1.59149252242122 1.59421159981618 1.60864618205268 1.62062167954236 1.68636193128536 1.7552089231481 1.78451238426152 1.83245027322339 1.83409555402559 1.79143199301414 1.7916904181733 1.79740005956195 1.76750088472316 1.7691236138571 1.72798219164213 1.71450250904765 1.70353615315488 1.6901900528659 1.70153084485534 1.60728987651746 1.65220796229092 1.63425989866991 1.65305235771475 1.70370696535438 1.7608595476636 1.73022880279979 1.68448307648384 1.73503591618974 1.77935128768204 1.82157285652645 1.81230220924188 1.85434220012147 1.9086174545978 1.92967104047962
-0.479910326623047 0.198982303695879 0.885110002583027 1.15729484660688 1.52311085946141 1.54405753079747 1.58558204348745 1.45954290415949 1.44022671713336 1.50915835556452 1.55471739885563 1.57484293841138 1.6346216020077 1.6477839472866 1.64133379363502 1.62412645705195 1.59335140786964 1.61045597673261 1.64000976407894 1.63329912696587 1.68688923176573 1.67816787114642 1.78643853480445 1.78104944250998 1.80939061378187 1.82740212869945 1.78885093773247 1.77991296140934 1.79073508705786 1.73040923022248 1.74440466094028 1.70292271384023 1.70591046075887 1.70127549528279 1.71082416382426 1.73738010349458 1.62176308881276 1.60166082407269 1.64022489689803 1.65731835048015 1.68615145721105 1.73475281531337 1.65942803763774 1.61724852197832 1.73446788471147 1.7211507500384 1.76972879686399 1.80808625691297 1.81622926810909 1.87963928292067 1.93831007169812
-0.681986117811865 -0.0337925115997184 0.969920277147831 0.947223789058619 1.05775577607597 1.28819253224372 1.49106518894387 1.45350348982729 1.45916811301337 1.5443653113337 1.62482117534397 1.61799724972323 1.66615010794553 1.68303446267649 1.67298454608377 1.66318021721385 1.61288690549322 1.62439689125624 1.61643063397198 1.63216641800868 1.66272966371333 1.68972730099056 1.77241215238161 1.79040528337997 1.77333765006623 1.80430260959477 1.79714859141904 1.76631128370819 1.75462572070315 1.72275959162868 1.71916949484552 1.69045381686815 1.70098601166269 1.68058074953519 1.68423624673568 1.69257453947363 1.61915051904086 1.60425439607664 1.60654991858681 1.63352825029437 1.65260155165305 1.67353173217831 1.57029114629095 1.66631309948795 1.7111954574988 1.70980064749487 1.74465627351757 1.79002665555961 1.82792973416186 1.85764365919052 1.92247150334105
-1.06960915737188 0.29317538973706 1.35532658909879 0.881592390431162 0.892712816276789 1.25378196838187 1.48821388463448 1.48732087357732 1.50336186787827 1.61846533973909 1.63490274250458 1.75775427082139 1.68788979781159 1.67145012015963 1.67733055453134 1.67038469194918 1.67176500513782 1.65019232118754 1.63701431539476 1.64778912386542 1.67618942988322 1.70535782855641 1.71329727614942 1.78814505408856 1.79276934620413 1.786023051064 1.80114117521472 1.78025387174468 1.73416012772534 1.70967465393932 1.70768395991014 1.69126129578074 1.69546656003963 1.66837435165742 1.67336114944939 1.66305120367175 1.5712036128587 1.59319645474738 1.58326670352391 1.6214756819355 1.65580534365353 1.63575766063626 1.54592379260002 1.64832789345502 1.66222427370531 1.72179048293755 1.75809925364881 1.78644965788438 1.8216787714988 1.88848058345026 1.9436531624139
0.0435336248184221 1.15802864281152 1.53856061462159 0.755826229246148 1.06838528494892 1.41938670420737 1.54870135833988 1.51933081598164 1.54527249054329 1.69578980840431 1.75068977847033 1.76356775178938 1.74302127108276 1.68975238464621 1.71006918798378 1.65711454949881 1.67855097082594 1.64507254333616 1.64491767666972 1.65635847543228 1.68513441917124 1.68022553858547 1.7364606709485 1.8004373336032 1.78667697593108 1.78289093931936 1.76457154532428 1.75529497738518 1.71951313978981 1.70141303625822 1.71239875476296 1.71963296955792 1.70545839096564 1.68034489269173 1.66867809029709 1.64906560297898 1.62179053276879 1.57728550729316 1.59703408063313 1.63863054297876 1.6515924721363 1.61096632849547 1.56838386815934 1.66537512348379 1.69017266409603 1.71142321625551 1.74469681553099 1.77462069809419 1.84449650682367 1.85555736239321 1.8754924745886
1.32468217035237 1.63767960941224 1.42526864929285 0.980419113416172 1.24371891586293 1.51177458501364 1.55370105974723 1.56060108214549 1.65602557647194 1.6889046066727 1.75846865528385 1.76245743340982 1.73189581184624 1.72239118612607 1.68314363701543 1.68542808122993 1.65403174119342 1.64976314601197 1.65381118369812 1.63669240292302 1.62851452747922 1.65326773591698 1.76338505424293 1.79608625915368 1.79759004776765 1.7739310101608 1.7418032445654 1.72485659912048 1.70374086573579 1.72824314115082 1.71571630005239 1.71234805023103 1.70535956791161 1.65402767525957 1.67265078978666 1.62378553195574 1.6018094862303 1.66503627037399 1.62267498351068 1.6541832287024 1.63563668385117 1.58330292190616 1.59933123690998 1.68319325200279 1.69043953103147 1.708410297596 1.71417317889122 1.76512277076877 1.83921159090933 1.87382006686507 1.95255565291068
1.76363586670258 1.69400365352395 1.57484649874445 0.939799633313663 1.28583669098569 1.54673286345876 1.5865906513753 1.64872897181898 1.66167458082359 1.72186372791792 1.7936774778953 1.74179654401903 1.75405391162136 1.69689677596963 1.66838993901564 1.65145294330546 1.66542969480744 1.64653302665433 1.62892067990681 1.65323075303264 1.66522482992058 1.67878945756408 1.75443569264279 1.75074006827184 1.79195182212537 1.77912047958291 1.74747901502046 1.6825380666797 1.68973240277348 1.68556089068563 1.69782840953358 1.706063111766 1.68772696940712 1.70132539886723 1.66174390694129 1.65592223708163 1.60108428579368 1.6640157115796 1.7245662712484 1.72596302063051 1.58030282374494 1.57570675732261 1.61542699018916 1.67205652317507 1.69781034882697 1.72475256226659 1.77656511796466 1.84557014816416 1.89547752340634 1.93558280796694 1.94004483947346
1.82300831623522 1.78628131954219 1.76224354059215 1.12832911965507 1.37905443206619 1.60918171044433 1.64751312715238 1.64679221917333 1.66188119966558 1.76148436776279 1.75867755770154 1.74782673464771 1.65767437815698 1.59682675462798 1.54109430511622 1.59652478920204 1.6580514043183 1.66225263938907 1.62598531700463 1.66153072694997 1.68688181824997 1.70172738327657 1.72577134971888 1.73228020248549 1.73256346470684 1.71635495039577 1.70375731676824 1.66923931391821 1.67445497899842 1.69918699554298 1.69760333305803 1.70607815208345 1.6907723876709 1.69748206097733 1.66844465699169 1.63292270844921 1.63538918276438 1.70911336526348 1.71548795953784 1.69078111780036 1.52953961382094 1.5561462160541 1.64535347960521 1.67676482122967 1.70746177066136 1.71239105347178 1.81056581480983 1.88241631089039 1.91113912539406 1.93415851016379 1.97469373539569
1.82821566550885 1.82805468399242 1.79796616574711 1.33503694521111 1.50822747773974 1.60263774915792 1.60147901078803 1.57899178989405 1.6453688305689 1.79251828601897 1.76128437839975 1.82936007145576 1.51705893348926 1.45615674983545 1.41913498699055 1.45787549678538 1.57381441163564 1.66656574696454 1.66620197565659 1.69526733267006 1.71982017329619 1.68888072151848 1.66773175352548 1.68372870657022 1.6807900986116 1.68252354802058 1.68157713416591 1.65323296043014 1.68584266558926 1.68731904219826 1.71824947024724 1.69925002896792 1.69987184708002 1.6689073333805 1.65132809434654 1.66428025418477 1.65595072582751 1.71460489259371 1.69585085831004 1.57969961078897 1.57513392298916 1.68113741543332 1.64236837366071 1.66301324479192 1.68909650488208 1.74966524346099 1.83256094450268 1.85902252317632 1.92132001929054 1.93489310576831 1.97318509983213
1.77999428792694 1.77588135793599 1.77459309312662 1.5567120094141 1.56530487827274 1.59801459418846 1.67126185763933 1.71745139190162 1.57374067407036 1.70838258653608 1.75108479764588 1.68244859117757 1.44140224980969 1.35258388191309 1.31564940122726 1.40015943594239 1.53918876765645 1.65372787590843 1.67202286766505 1.67696471974707 1.6725712353733 1.69142206854946 1.67072236365554 1.67022882879079 1.68779536328791 1.66987097364952 1.69245763184869 1.67823750616622 1.66821031616426 1.68971018340381 1.68972062847347 1.70939668460773 1.68127069442597 1.66522585231918 1.65190285831592 1.65302724314748 1.71217420845557 1.72566487064079 1.67006975305945 1.55323130188138 1.61205162256105 1.69432500090456 1.72204619186577 1.6964231235522 1.68575778116973 1.77475701874061 1.8457202398397 1.88804958805612 1.94072670768368 1.99332659184188 2.01768402996477
1.70061871349489 1.54104301516535 1.67476438938541 1.64695426104573 1.61405987354074 1.70557696944251 1.70659718043544 1.75793634284952 1.51557754155676 1.65032630911953 1.67225360320727 1.47550733571168 1.30999800646468 1.20343970747879 1.23691239707621 1.35351884960386 1.53866706709045 1.63569733249512 1.65936794372796 1.66614554003549 1.64073871134313 1.64672127322464 1.64283147641632 1.64831775187727 1.66179035469018 1.69215754253222 1.69357388603573 1.69788750480515 1.70818899133761 1.69466436752959 1.68028674125271 1.69167179005017 1.67804408935081 1.66155943646871 1.68930946161792 1.66376333684028 1.72318567272924 1.71224681154513 1.65691974728892 1.57700469767523 1.62335297613133 1.7052287436209 1.72916519367411 1.74899410309526 1.72261203785212 1.80567700798413 1.86371693712689 1.90765563889538 1.9651397717387 1.97656757923137 2.02965219069766
