data/pcas/pcas_mc_585/pca_referenceLayers_mc_585/PC03.asc
NCOLS 494 
NROWS 529 
XLLCORNER -117.166666666667 
YLLCORNER -55.5 
CELLSIZE 0.166666666666667 
NODATA_value -3.4e+38 
[rows 308 to 329 of 529, columns 357 to 407 of 494]
0.803145180737523 0.775995949105507 0.842086714270347 0.924482815423967 0.932728640433971 1.01888361365804 1.11863689998366 1.14789620879569 1.11993112940268 1.112441652682 1.11524892112137 1.12178207659281 1.14549709362296 1.1399550818447 1.13370626053221 1.05807509336393 0.789244725142963 0.911472008109522 0.878127565575579 0.833032516623599 0.769758872510436 0.749877203758401 0.658051990263416 0.553291314619363 0.428312077009012 0.387956478929281 0.323519838035685 0.261229928760277 0.18068813254259 0.163299588999131 0.158193144518941 0.179535227750203 0.190017543592462 0.16822875221758 0.202271564762417 0.17881284994554 0.184744820372284 0.145005992682389 0.188277870676084 0.150905583479943 0.0740638803824001 0.108146869070203 0.183823393946737 0.111724220000015 0.11981564339107 0.118487572080587 0.167699759730895 0.16489983329797 0.108731999978991 0.148125945425184 0.135712636868714
0.801999409988706 0.823177376477861 0.883695078155975 0.986287091276882 1.02693057996767 1.08283264436085 1.11764332949825 1.10521901758869 1.12343269434571 1.1341762886729 1.10837922087656 1.152577408971 1.19144102824835 1.16110384181316 1.13535474843275 0.961285144743589 0.765897120358167 0.776151245579753 0.718611002759294 0.829527032680388 0.773743552685403 0.689211479167456 0.627053996061686 0.526888972049361 0.470523562055468 0.395739427531772 0.389822213629047 0.312446741220038 0.228485626014699 0.240894477987117 0.220587387459329 0.237029945974638 0.249528858729636 0.255859252157473 0.203762274410896 0.116425607332606 0.161766740695786 0.21614858897697 0.17058586545496 0.229371419174032 0.219442669257249 0.171776361332013 0.193358569005024 0.0923578485955732 0.182627510640804 0.137910836590288 0.166460589892217 0.170615417797784 0.147701092046843 0.152091177764436 0.190592765378784
0.823524867632835 0.832027845365605 0.921284730823323 1.01603538777414 1.06311048814475 1.13014806534603 1.12306699249055 1.10689639631849 1.1175273930933 1.1371047858641 1.17649533260931 1.1936031041735 1.17618977791091 1.16189178447908 1.10976747692273 0.875766782651536 0.773365128932109 0.703651402473234 0.634478368017448 0.782486672229874 0.780525208377209 0.695759286826939 0.612433051614617 0.512571751577059 0.489293417621384 0.381986149303328 0.374421203458791 0.361013932503261 0.308156858323116 0.314897408823537 0.318482151907978 0.320815096729441 0.284897090857227 0.286028815398859 0.199259700869731 0.175057903131103 0.222379636414158 0.192960877966627 0.23125690935605 0.248568307294507 0.234490293226152 0.211396523626027 0.213431340652545 0.200959974072449 0.196672399654204 0.143841101005303 0.151279773302063 0.188589058713535 0.189368266708695 0.143588336438436 0.166437909297977
0.771107153546273 0.92038203702282 0.945906117227832 1.04552437388498 1.10691382979948 1.13109686100897 1.15673641872167 1.15867270984016 1.14256698919139 1.14251843033994 1.18546935809135 1.18313261005296 1.13781857237803 1.05057133768178 1.02055360259788 0.845955325081284 0.829143265602513 0.633350122928769 0.640206818109558 0.619901404109173 0.755574999432893 0.688982503687536 0.546336359651515 0.542666426905791 0.519358033286197 0.446551264380249 0.360888152785277 0.365010717260926 0.392966054641662 0.390414432642994 0.356599095145352 0.402138800666235 0.349175704176577 0.275749764322497 0.128900676813886 0.118246351325362 0.167717866409677 0.237871016141562 0.253403778165828 0.231941208876147 0.232188365422354 0.214060880211621 0.216603638324751 0.23239873552601 0.22519444145235 0.166006421665093 0.117739987893182 0.1281930087706 0.184856016723336 0.228106011641916 0.228810785982256
1.06038225018434 1.0022168047819 1.05492308434144 1.08265856186718 1.08293833137498 1.08552495718954 1.12847917488842 1.12423544397291 1.12815889395287 1.13077794342413 1.12255067361318 1.12038150894823 1.05425798294564 1.07420277481143 0.952505517218584 0.883225911047297 0.880715767568607 0.635845856898858 0.618281665420625 0.59517643064615 0.650847933524852 0.617050923786325 0.518483483182672 0.505347438734249 0.538213890156181 0.473004365538698 0.432269747639396 0.449816435688103 0.411122838849526 0.411117730300142 0.444822680375962 0.425744605979237 0.375960277309101 0.33635607965456 0.221220047557911 0.129240332594833 0.204592446028777 0.195478192179175 0.219987099452593 0.220001591881522 0.122568665808108 0.193764393752702 0.2065001754032 0.233369055421667 0.221020571049112 0.20017380040978 0.174583724761272 0.163337141269671 0.123314465460441 0.238455052105758 0.271304560520569
1.11929775527119 1.07925445153007 1.15578143028045 1.15472339615884 1.13687880449176 1.06408550171143 1.04648845935548 1.1046324109478 1.09296016421962 1.07980093752247 1.13345605783634 1.09855356672974 1.09314452714941 1.04015537454071 0.800479481702033 0.865303391973811 0.771650232207933 0.746773391695091 0.602321405870177 0.512865280304145 0.549660532888269 0.568079961285899 0.474264020779409 0.483537146130302 0.536157264070997 0.487985839109689 0.489726032383961 0.477288862465197 0.492919311541854 0.469316364181236 0.501920591347588 0.477314272829671 0.472140573050313 0.391013476001671 0.262715119985527 0.159257969805389 0.227133132491223 0.235568665757335 0.208874870634882 0.199470118030197 0.149381931361488 0.234504737826909 0.215720624020047 0.216150363877692 0.213656480079404 0.245436448096606 0.228294487905204 0.258031393646699 0.299492997594707 0.303449887544707 0.292245486384731
1.15121296500588 1.20376663801887 1.2061027989973 1.12142916157532 1.11457024889372 1.11781291447661 1.07700294987379 1.13245990618666 1.16186122025494 1.11783044811943 1.08116804599917 1.08973321899104 1.10282192108338 0.945462854668642 0.784923384533133 0.801996516949837 0.747527351913766 0.8244607291099 0.756375800638131 0.572811226751037 0.527875257299928 0.533588231344007 0.506617197557429 0.535680082420636 0.551545399871107 0.551431020508857 0.525312606049461 0.553489296699292 0.525628727360155 0.511043087683001 0.536190918897262 0.518621833683568 0.4829033251128 0.421569383312416 0.328246513846667 0.294594490435565 0.294025562101124 0.260408208929161 0.226065878621443 0.180629816452937 0.196574988878932 0.236088244228857 0.276630592161463 0.289299923261225 0.260593913394448 0.255313565516802 0.299578640801227 0.295232040637501 0.330742767749754 0.337095170821533 0.307590971824664
1.25139674474957 1.26897692704417 1.19246438134396 1.09522965196968 1.11274598179226 1.13865781100431 1.13455275365343 1.13575002894692 1.16057567998881 1.14039218446827 1.06322389134128 1.07167048386162 1.01945705261229 0.844352809317498 0.848445565980552 0.730793956996557 0.848437849401463 0.791189832009774 0.717419341834198 0.557515962522056 0.559652025639237 0.560959006898621 0.573480240127304 0.518017477911883 0.569914063555578 0.569384327285941 0.595996396132538 0.523712836104548 0.542791018987514 0.502149749894819 0.529854809759146 0.507294684997699 0.516525581179394 0.496799633888924 0.406003800622688 0.350001373806478 0.348834755762612 0.325884386005716 0.287258810158509 0.276332770857124 0.209314689078685 0.216840062737692 0.277906766974392 0.265470885796473 0.217396594084421 0.177641236948382 0.214009270042878 0.270955041728431 0.298377187079149 0.328947266317994 0.398177134346653
1.31418992101003 1.30906056426337 1.21721969085618 1.03598997717986 0.956141122216703 1.15424162218854 1.13976608194447 1.12840492912215 1.14798560634432 1.1442311720151 1.09704021371236 1.04096907081294 0.94225099258333 0.948109946667696 0.801680321631055 0.85229900397352 0.843532248023172 0.762251153317416 0.661076859327975 0.498406206097009 0.54286760095509 0.548994078793271 0.587416093954168 0.574044401241028 0.562379880617835 0.601440625070175 0.643018630369778 0.612218793421127 0.587831065849435 0.504129702090393 0.564923987800122 0.572646255808639 0.558512816387977 0.555753893723431 0.459301436699963 0.473595996532371 0.437485077458184 0.414710931825906 0.368721316321672 0.337822298302873 0.291239564104108 0.305985559638313 0.307742152307804 0.263904104410833 0.27566309759475 0.28474971563269 0.300701283178912 0.310357220905836 0.296672812884697 0.346848038809777 0.400164601606085
1.36292079091932 1.36096046947719 1.29104668522822 1.22773690670046 1.0124739018116 1.13468572184173 1.16512292667803 1.20239400128123 1.11740200729943 1.12093189674705 1.09827888589698 0.994113842272105 0.928063077705495 0.952520511223088 0.872927423468005 0.879360001429122 0.829624783210668 0.721055722896767 0.46711489207466 0.482080889092662 0.543556857401821 0.575615913258477 0.572650002162264 0.62295384273246 0.568787463620703 0.593813757321838 0.619034097885552 0.667020193739359 0.624799535975011 0.569974398243129 0.56757182135203 0.605932554800174 0.609137241100017 0.636733989898926 0.563587009367616 0.54851234105087 0.52652512356494 0.451182536448805 0.380760399381478 0.266202054382182 0.341851130808464 0.328393609692035 0.265975633407229 0.308711321392272 0.322531050997234 0.361135895991264 0.312438027023056 0.281876986049981 0.283932984389811 0.312983891364203 0.358505414183743
1.38011644061114 1.368916336757 1.30315536988186 1.21647699701116 1.01619377936725 1.17960231737178 1.21570995019858 1.2281708343697 1.13663590873096 1.10356093510977 1.13415777837778 1.0563058355127 0.858335934596101 0.974688787317416 0.937519068900233 0.925615831151221 0.804606953516549 0.632386739781707 0.478762525259703 0.521463810407989 0.587168322673606 0.622912536290775 0.614926799231586 0.666937921424552 0.617468642750911 0.622910286477505 0.622201963494413 0.659375664064729 0.701031957200064 0.627763155537022 0.617971504358566 0.617558750496507 0.637353286916159 0.659698949710595 0.619576336864096 0.586094763408488 0.627947785434141 0.501461947147532 0.392152382759698 0.394940305288487 0.414221764408143 0.399950638804505 0.385835030638443 0.407630366154956 0.404457950428143 0.375168091866934 0.372704780321424 0.294456424763932 0.279443653498883 0.21620173745462 0.290580518255387
1.37765422341249 1.36032597160084 1.32571233009908 1.28306137490761 1.06781170369269 1.09648694831101 1.21090340537134 1.23259345116788 1.1664575103859 1.13656029994463 1.13932423021061 1.07293169466314 1.00268450229086 0.990463831138164 0.962731525190041 0.893634644571946 0.796873610712842 0.66505252512211 0.587386302616758 0.555723351965834 0.602935926433307 0.602125464416385 0.663531162673459 0.635800809176569 0.643954524455714 0.597444316782877 0.621194246773787 0.625902506024405 0.683742174457446 0.691752102362171 0.652241491706318 0.682983718604119 0.610576004430221 0.680216663136725 0.7060038701887 0.676540117401514 0.617586363465791 0.592382040157878 0.477173176148485 0.447761343374947 0.461256660130694 0.443007509724472 0.415858290749359 0.372329919163957 0.370289045502544 0.412662733088043 0.427089175712984 0.279148794264832 0.246496898639226 0.277619560931547 0.241740770014764
1.32746999944705 1.3485696755792 1.35211908061226 1.27626990656693 1.057908510452 0.983926095907399 1.12615341923606 1.1017077466409 1.15904722651955 1.1991260375073 1.16229222569004 1.0871997268245 1.00785789575252 0.995006518990491 0.991077560412268 0.903612235474868 0.780439358969677 0.726218605349221 0.649673849427 0.604533692401393 0.608725714485614 0.587348325549068 0.651260741117786 0.623356558497964 0.674270654967444 0.687676889061119 0.665711622165732 0.657277287406252 0.666154480640617 0.697860410799897 0.687306914717412 0.711843184602331 0.670034804854993 0.728298879652739 0.753473473866946 0.759256293477624 0.66020539031056 0.648841635718983 0.546561464850154 0.420424443444013 0.36045089094812 0.418247899251328 0.398312115549174 0.388557316408585 0.395050296335262 0.372313726461137 0.30393480410854 0.28455902391342 0.243806914031513 0.251789980150886 0.22286326732176
1.37098415493454 1.40660453172743 1.36029077380342 1.32195267281118 1.13942609031128 0.920974876082664 1.05210084858643 1.16321901450775 1.21451653729141 1.23070734298467 1.14779627331962 1.09344070583265 1.03199221674897 0.912620098242834 0.889933739395867 0.828375337719296 0.730539257190815 0.769784872206475 0.740485760135274 0.632888403610201 0.664066600262532 0.652379395525252 0.661726518952566 0.603095435473051 0.674154882485343 0.684606468531612 0.730708805067962 0.654019497514384 0.626046099705568 0.664483172898653 0.70804600244636 0.642277067099723 0.674944486079767 0.713130390416848 0.666429473447777 0.719812282061141 0.703581640626577 0.629704718572952 0.533121163370414 0.457049774921594 0.368478742046643 0.313976227684175 0.317952081121384 0.37886136130946 0.39523701475509 0.388151209731463 0.31603854659009 0.262871213376543 0.226684814357132 0.22114965075868 0.211381804296617
1.43526903867387 1.3916950334258 1.25864457743894 1.35590839006941 1.20337933342397 0.967513203641808 1.05259320933966 1.2266985234002 1.26060662813405 1.20863106604774 1.13505326206785 1.09915012764709 0.962857097117371 0.888445588813105 0.825649048352965 0.845153083463284 0.865628754947243 0.805683777110984 0.6959160089618 0.732128802840739 0.712094190608877 0.693442262172297 0.669369075484151 0.630405899180944 0.624468430519547 0.631644099424023 0.698780050551673 0.699438688107377 0.647945000288981 0.655412251466508 0.682011406748219 0.672655621552681 0.689001208063949 0.710893222956827 0.647603690462202 0.642892338683254 0.656898336078192 0.593591842966432 0.457610532977201 0.397740039141561 0.375836126995804 0.368691888102183 0.373372394801473 0.374454020190272 0.369299906329473 0.293748430951046 0.334023265633516 0.297068308609189 0.265668385601057 0.23431101957001 0.257399161798108
1.40570945709178 1.40461654003958 1.40919984350184 1.37098989298281 1.16322228702461 0.997313714132599 1.18144354931645 1.27661281090871 1.27905016356956 1.18515518833965 1.18777094194432 1.10451795243227 0.900392621276523 0.971214456713587 0.968272225995483 0.897558756127477 0.928031762740686 0.891399941736245 0.764589919347446 0.75237155882113 0.766292990521644 0.723389680027697 0.731949649309281 0.722181793231672 0.653478851228572 0.65330892185741 0.659379580032859 0.745285147757645 0.683244772006688 0.641637514437441 0.716988587103974 0.687510001230324 0.687718261128426 0.670335780536493 0.581239885897299 0.590345581467287 0.567552166954327 0.541641890281388 0.537292800738377 0.416467916540857 0.342097998709068 0.362687523825767 0.336547948020017 0.326705754060918 0.356249890587404 0.276739000567484 0.295174912499036 0.23385828012687 0.249513212494615 0.224044740901746 0.195370403077785
1.41476325029464 1.37420054761232 1.22252956056878 1.31331960875529 1.18890564224857 1.07860641773138 1.27635900953513 1.32799733114182 1.30418236950566 1.27178883100046 1.2146424669839 1.06261509060173 0.997621234034086 1.01017709060206 1.06152401170186 1.05493214060063 1.02712809037347 0.987205537965545 0.937824252365902 0.826445683863183 0.80706075855209 0.798350329566551 0.773241381322779 0.742849181164006 0.720379645412241 0.682664471996266 0.698796127030622 0.721982109307502 0.708148001563571 0.664553735738537 0.708032979851696 0.719143476144355 0.68074719850468 0.645323512764307 0.548484751205593 0.598114162591161 0.554749184474432 0.565271379081769 0.512875101102013 0.468234542191785 0.403613384808074 0.335908916720896 0.289799320481839 0.274126794546522 0.300461599508889 0.285683713916584 0.321896073699951 0.272859880766684 0.167695862314549 0.178911771034511 0.196542508567781
1.38943031848007 1.3928142580793 1.2260058515553 1.36290443538476 1.30724628472119 1.22869173724257 1.34790013087365 1.32882122171158 1.2984177979257 1.32854892093334 1.23254127588023 1.10445793283858 1.01944879725095 1.08871380009554 1.15090372718846 1.14866639272651 1.0631436090157 1.02229845165403 1.00431357034069 0.996197520772924 0.885622092100795 0.816683674827617 0.833071540310447 0.77106927307772 0.768213351021316 0.749444172303939 0.750368531379891 0.720838095564985 0.697136903013778 0.713499976405438 0.723905586691382 0.697664656861684 0.695061098272508 0.583839470857869 0.595490217243517 0.632040155620902 0.591172757169627 0.561917901732949 0.483914321155571 0.431037258811354 0.413436060540733 0.383087357862894 0.350862425250141 0.264434851966884 0.21992039690183 0.247425656794579 0.309510242716169 0.334589527131485 0.296949338179008 0.169843674264132 0.165898999165004
1.50865194242091 1.48143268736688 1.39342864104284 1.42737003068169 1.29422254650099 1.31282387514554 1.41020559682308 1.37703317035463 1.31012391850549 1.29910485004594 1.16329788403995 1.04764703578238 1.06869284575918 1.11498478874543 1.15426088227552 1.17810302484757 1.16308197083806 1.10269498387932 1.06141767650244 1.001974119724 0.930988318066927 0.887610538226528 0.873897552202066 0.837246191188775 0.766167379348255 0.734813158749629 0.698863378914198 0.679199166581278 0.699446514220533 0.722962516560529 0.721959720712566 0.745020009429409 0.657504246271318 0.651490815527229 0.665189268906598 0.619666674432513 0.614712913990964 0.55641342938605 0.558642527580263 0.47085637680688 0.459355425514212 0.456755047244364 0.426234777028872 0.353956153636154 0.31551808236102 0.269251822206705 0.266324543292818 0.263182836970177 0.290367422539058 0.231462874666705 0.177139299139657
1.59619247098134 1.59241187733256 1.5726483567747 1.42499606272834 1.36725718534236 1.48267002716511 1.45601890035307 1.43780465217307 1.399236015433 1.24819246225489 1.13510008586417 1.0134006563547 1.07326458413528 1.19807584799151 1.30363340852588 1.28775119441727 1.29681814124478 1.25161519271789 1.15701754175307 1.02661541265771 0.934871060032264 0.918307825360885 0.900641732172537 0.880266946272436 0.806912124628462 0.777577068317385 0.727970209452083 0.733257707831841 0.688157412718593 0.694125269366853 0.672794307717808 0.687313938709689 0.588557052739657 0.68208155883654 0.641096337069159 0.56194319244514 0.555249326251863 0.521517200512137 0.510726384471703 0.552566665405861 0.576790840811817 0.526632961659702 0.450206000673762 0.387701944865071 0.316790804596219 0.298421604811331 0.265025532555856 0.273159143605804 0.231012410179962 0.200405298287227 0.187122482030341
1.63122610957551 1.64517416471989 1.64476131088295 1.58508162772454 1.51838814312032 1.54413307279137 1.55797715598784 1.5522279133192 1.40020113341369 1.26020609462337 1.12394675554253 1.16274287478717 1.18443438795663 1.32793942386342 1.33636692871443 1.2828919151784 1.32516420905619 1.27733315856602 1.22451544456975 1.133741874811 1.02542308791686 0.952763239518253 0.876201097599091 0.902993866883054 0.84825956448764 0.768794731693765 0.777875591655587 0.731198726879993 0.680961405758016 0.684593524695652 0.720897908992952 0.606113738884731 0.68167401590621 0.638201695055259 0.6419649825732 0.606403279543865 0.555724121537178 0.469550448584633 0.466290051877329 0.484428546937302 0.546084776341776 0.561862060650849 0.52664026957122 0.450195076028029 0.302879834003957 0.259139782036411 0.32356722900543 0.235529474529504 0.158337700220578 0.147489252444016 0.146480538145967
1.57588743052406 1.65512231955887 1.6588793425965 1.60174572630894 1.56639453639225 1.56719977592325 1.55764337263133 1.49617169837383 1.4379954158692 1.3858435962806 1.10547188932377 1.13793333258268 1.27558477036687 1.38411642912341 1.40939740924394 1.3667188109017 1.3022784863721 1.28572932843821 1.23265941268543 1.14761832456453 1.02780554475744 0.941877254175024 0.878338352677872 0.908292662987083 0.872244516141439 0.82622585412605 0.819178883886118 0.77829670102468 0.741571953097946 0.684540915950076 0.676891456191753 0.664620564383835 0.642225346076283 0.670895964123967 0.636425517050004 0.622007874608455 0.568846224222682 0.478037801593847 0.467402605725135 0.443257044063202 0.51914017525128 0.513065270506092 0.469460907699612 0.448767148396925 0.431106394444599 0.331466439805059 0.19602973674046 0.0816857323133003 0.061487238327112 0.157132687536863 0.0846607779608781
