data/pcas/pcas_mc_585/pca_referenceLayers_mc_585/PC03.asc
NCOLS 494 
NROWS 529 
XLLCORNER -117.166666666667 
YLLCORNER -55.5 
CELLSIZE 0.166666666666667 
NODATA_value -3.4e+38 
[rows 242 to 263 of 529, columns 408 to 458 of 494]
-1.0101619374149 -0.951554156198955 -1.01129912090499 -1.06575747921682 -0.994590548605764 -0.950470409922686 -0.990736924848854 -1.15484713954471 -1.18758725827503 -1.26427702157717 -1.30665163966441 -1.19468847208881 -1.21087216737312 -1.23297193338209 -1.19447778719464 -1.20011163136917 -1.25251924464092 -1.32656308252131 -1.27766700966369 -1.2282910221699 -1.25997942310054 -1.26621779565551 -1.28533579798892 -1.21047566894235 -1.19763162560896 -1.22693915353681 -1.23562472432595 -1.24949614621723 -1.3054916822589 -1.34165217736279 -1.36061322232275 -1.37594906191247 -1.3162487850701 -1.4435770552343 -1.62878374941978 -1.48455197010154 -1.49603529207035 -1.47400648644129 -1.38739168625575 -1.36125149547408 -1.35261623092433 -1.31880300003916 -1.39180897718195 -1.45741276905773 -1.45017370637263 -1.53899087207162 -1.57902285990814 -1.53693599533739 -1.57788508568927 -1.61676369213284 -1.6942974292682
-0.98539487358809 -0.977711310421389 -1.03935656585222 -1.05932164160927 -0.96806445970767 -1.00446410790529 -1.02145747970098 -1.07263351862567 -1.0837722087372 -1.14992831278964 -1.22753704729535 -1.2415306588325 -1.23980044886964 -1.21629392316267 -1.24071268100999 -1.19662218374224 -1.28175084340028 -1.26094519013712 -1.31092210169977 -1.20916307446286 -1.29439548556646 -1.22737253583656 -1.24246480550081 -1.24745343063517 -1.20799742434834 -1.27478794898756 -1.30205995957865 -1.31609849734458 -1.3611727549808 -1.41590531471616 -1.4597781053249 -1.43301879187667 -1.35649642991703 -1.51547219057403 -1.52612080757153 -1.45624038549189 -1.50502082113777 -1.4817918951424 -1.30162558150259 -1.33486193161917 -1.34949223969918 -1.37295467563819 -1.38845478148851 -1.42330874130317 -1.50426817219623 -1.45863107116581 -1.47012344495712 -1.44163546763272 -1.47175886779438 -1.54702624364544 -1.60537605115744
-0.995072565548912 -0.981028016296413 -1.06982664018016 -1.11284019291061 -0.981041131846977 -1.00335574691139 -1.04219309640075 -1.0711844905242 -1.09947800922842 -1.16004093644055 -1.15386739764616 -1.21204647133073 -1.28937991681288 -1.25312065089612 -1.24086988244733 -1.15968857366375 -1.25329105889763 -1.27514505308436 -1.33841464809974 -1.23152706118075 -1.31023608654955 -1.22210143428979 -1.30321161165003 -1.29017116814725 -1.28532627692989 -1.29480897337659 -1.314488586923 -1.4023878002473 -1.44224975636072 -1.51653767387288 -1.45907195955525 -1.4054066317306 -1.34171155312212 -1.49386725373904 -1.46618956007696 -1.5025579052843 -1.42412097903742 -1.24984255118668 -1.28589554718939 -1.28355072004274 -1.30058336946083 -1.34978883324692 -1.3440753099273 -1.4042449785898 -1.47686708543691 -1.47664721664256 -1.44194267126696 -1.40914861576709 -1.49283185165188 -1.52032130643094 -1.50063368765107
-0.895430439028413 -1.00997146935054 -1.09512668849237 -1.1994320107988 -1.02075764662175 -1.01398074976257 -1.07176647558711 -1.09061118428646 -1.10987979010534 -1.19697930795763 -1.12763107955797 -1.21154261512984 -1.25725807627481 -1.27713266816728 -1.21659370959992 -1.14577235631543 -1.25849014759632 -1.26398156383397 -1.39160425785453 -1.33870900284438 -1.2667063800137 -1.27245114464944 -1.30944136502558 -1.30704043039681 -1.28493841717979 -1.27148814170288 -1.36177525797259 -1.31203067163556 -1.46973555727576 -1.52563920559128 -1.53268731140181 -1.44991197334035 -1.36817816679757 -1.52680009775535 -1.50833302863411 -1.47478786780438 -1.35306865749369 -1.29206429314408 -1.26147572667139 -1.22766460301105 -1.23272461589208 -1.28163013718509 -1.38756466188307 -1.4052782182934 -1.43948920391089 -1.43228300354233 -1.38553595751454 -1.44368174781392 -1.46505734936035 -1.4749577298909 -1.45817159648092
-0.895693592360698 -1.09823283653524 -1.18971890850046 -1.17441890238052 -1.05225917382675 -1.03977360476336 -1.10809215499023 -1.11870882212414 -1.06684370455467 -1.10983188707572 -1.15596586095192 -1.23809613732024 -1.22665127327436 -1.2600121493186 -1.17718249789894 -1.23126414511086 -1.25819846138132 -1.29943037943107 -1.29674607539218 -1.29150363565888 -1.25386614883013 -1.30348640075966 -1.30931978435061 -1.2816298136785 -1.27674193821141 -1.27266113465857 -1.31540362968473 -1.40444655754586 -1.46904891673066 -1.55031834746809 -1.58355746427039 -1.38176381785621 -1.46303591489594 -1.53201689803903 -1.56208433207851 -1.48981181914515 -1.37888984331946 -1.28254909579118 -1.35151468542249 -1.25494626150039 -1.23312153681563 -1.27716271953405 -1.33252171461591 -1.36347325132476 -1.34431808766519 -1.36237800185587 -1.44869361126098 -1.44549913529269 -1.44305942426998 -1.30572479865931 -1.27507894725371
-0.921656436761703 -1.13678415281252 -1.16675099022906 -1.24870314682921 -1.24612604120823 -1.11656156573929 -1.11876187344797 -1.10351873111001 -1.1220573093256 -1.11334497765093 -1.15641043815252 -1.21857966333888 -1.23282083752656 -1.20061953023918 -1.13800077430203 -1.2300296586875 -1.22073924457954 -1.26931529364246 -1.26306437154984 -1.32444080298495 -1.27627984312627 -1.31904292477967 -1.2670700500694 -1.29071284301144 -1.29234996175749 -1.26318405080234 -1.37780939846375 -1.40899414480249 -1.47877124545711 -1.5186731710932 -1.45628003118076 -1.45377230440633 -1.60089990517911 -1.60504096732765 -1.62319756555073 -1.54234382680185 -1.39446202042917 -1.38896921977577 -1.3794890483354 -1.34942721330494 -1.25595775116788 -1.29227756027477 -1.23005208588291 -1.29171525503075 -1.35470075353541 -1.42921331968913 -1.43688670922917 -1.38445839766128 -1.30254224448819 -1.21916562397946 -1.23778168220759
-0.949006787186176 -1.13177022333462 -1.26862583603886 -1.24758424284157 -1.20299240020451 -1.11028634230201 -1.09010311692172 -1.14654482266456 -1.12584258848846 -1.12565990651362 -1.1903893929096 -1.23615569593556 -1.22390395311419 -1.25766715814744 -1.24029931180339 -1.21489511779745 -1.23991158769977 -1.22594598156244 -1.25381972616708 -1.25885425285239 -1.31841158195783 -1.29708844430094 -1.28158319919064 -1.28993682244744 -1.3040958493311 -1.31825100117466 -1.35794689282135 -1.44181516135253 -1.42490167297767 -1.39319669721838 -1.43855392910457 -1.50926715900988 -1.62794103118084 -1.68091235471474 -1.68725449334168 -1.61307901912374 -1.47825873396628 -1.43351124205607 -1.36713691333539 -1.37292987361221 -1.31884986527147 -1.19180424190057 -1.17096259700969 -1.2799306642127 -1.37620340121864 -1.36787032829248 -1.43815990060339 -1.29183416937894 -1.27574926882012 -1.2802731694996 -1.28385836038078
-0.983578592296124 -1.1831624499299 -1.23748087624712 -1.21546886592676 -1.10689628360578 -1.07120891519784 -1.11746847033801 -1.13652927766593 -1.12959844229673 -1.16617788697931 -1.22226669972137 -1.18613147175283 -1.22541915010434 -1.27059588127934 -1.21780896405408 -1.24513499221911 -1.17084357770472 -1.1647969969625 -1.22299871786714 -1.21691891482752 -1.30079338096946 -1.32882214898774 -1.30775192184736 -1.37972132585446 -1.28278810520026 -1.28819774998246 -1.36698694894942 -1.37224812330321 -1.34577141212163 -1.32432468494932 -1.48463295895596 -1.53783676474288 -1.59386784962202 -1.67442188785086 -1.70230891918699 -1.62239942929782 -1.54800342689577 -1.4567781601055 -1.28697115611471 -1.22063136918067 -1.16117251153172 -1.17075348368337 -1.23055251023967 -1.30409978115863 -1.34643095128672 -1.36420527562033 -1.28948534879623 -1.29132440643612 -1.25868314036429 -1.31699828239088 -1.29093335374448
-0.992491391359065 -1.21933519018972 -1.33912053943867 -1.18219685958318 -1.09210187786489 -1.11198843038911 -1.09451162305202 -1.17472903230767 -1.13225725351635 -1.12338105033996 -1.13926561439497 -1.12705027812987 -1.18423577135074 -1.2869070041516 -1.26771385406254 -1.31055133096785 -1.26625652243986 -1.24055455354075 -1.19558002939816 -1.20630466658714 -1.33432932373721 -1.35570181289957 -1.33963281591612 -1.27658198183032 -1.26138237466307 -1.304703494998 -1.32720116650363 -1.35617644475886 -1.32133258311288 -1.29141957334566 -1.48466827936856 -1.56459723845346 -1.54277419286122 -1.68189587120693 -1.76223636065351 -1.6504237951535 -1.50377416128568 -1.28288781652166 -1.19216029017997 -1.14065376712799 -1.18359731273084 -1.21221096615054 -1.28549936381214 -1.26933867176503 -1.33128536995973 -1.25974797599919 -1.25370171206167 -1.24911044969292 -1.28004122780215 -1.28141051693385 -1.3376353375414
-0.981864978451698 -1.27713131149508 -1.32425414535891 -1.19218582581215 -1.1079158461662 -1.13737643138197 -1.05567273746474 -1.12815815213467 -1.13941607534968 -1.08443299357864 -1.08939440402242 -1.12045195399933 -1.1355524824788 -1.21754191795692 -1.23266620652887 -1.29617760045674 -1.27935541868023 -1.27258052927394 -1.22375813355306 -1.20561573805011 -1.34276274140429 -1.38799086745134 -1.29496192923826 -1.25705655011321 -1.30733680954946 -1.18385470078473 -1.33946623505776 -1.31233027203043 -1.25458913289227 -1.34407310409165 -1.58755314285584 -1.65491015206198 -1.5943046571602 -1.65397656771013 -1.6679597413758 -1.48829278567477 -1.39867987162912 -1.3474654579592 -1.30247147603499 -1.19755792075857 -1.1897433461714 -1.28352197320393 -1.33919179808037 -1.36667373694627 -1.36199044024809 -1.25548932344124 -1.19376351253577 -1.20340494143778 -1.25573021052121 -1.30824718404875 -1.32150282628622
-1.01411192266861 -1.32447030115086 -1.27621470014235 -1.12983389404191 -1.11441748599796 -1.06871430865917 -1.07640840035924 -1.08159986267764 -1.11091383303745 -1.04917834924669 -1.09113709852455 -1.0855802088071 -1.09967515441796 -1.13319293612994 -1.24977213905984 -1.26148210106966 -1.2643395171952 -1.24915164642539 -1.26785201412077 -1.28459243666107 -1.27189255724131 -1.29135084264938 -1.29408079432929 -1.31024813543319 -1.3120057431733 -1.18211241393758 -1.11554841581438 -1.22115710916517 -1.23149531462958 -1.47412721356492 -1.4889589442633 -1.63465717262758 -1.67119861700638 -1.67110337279242 -1.58361571920754 -1.60399184727865 -1.55535869919626 -1.43889934161528 -1.33732740190721 -1.27477921720453 -1.30753822157075 -1.34291259529103 -1.41071797450926 -1.42167495825399 -1.39728670925124 -1.29847410200891 -1.21384257435835 -1.19803649912824 -1.38732975925918 -1.48625590096975 -1.38320443515681
-0.948665155607197 -1.33882641326128 -1.19281106326688 -1.0859432665192 -1.07492242345475 -1.10199370949719 -1.09649124442835 -1.0658221262988 -1.09596539253691 -1.04380690157626 -1.05474328464482 -1.08533670403209 -1.08838617498072 -1.1749836378773 -1.21140662362927 -1.27219907256832 -1.19131555549775 -1.14321392210505 -1.14338243978214 -1.18894135633353 -1.1576917970369 -1.16174469876291 -1.10971536582866 -1.10992017534096 -1.00754894171947 -1.00988939428518 -0.979176536719645 -0.985735486905373 -1.14462710816919 -1.33071971335207 -1.52703262955135 -1.58726450062415 -1.56459458823126 -1.56858754138799 -1.55525152122779 -1.53305043857416 -1.4614152992244 -1.457672415085 -1.39152477462776 -1.31526461783687 -1.28018782411129 -1.30714345468509 -1.37760017648949 -1.4901825043645 -1.33023998196802 -1.31062278952557 -1.26703619659903 -1.27380677357189 -1.31007787241124 -1.33541388271318 -1.33710750627396
-0.966421290503195 -1.27034089979188 -1.1864361189897 -1.08759040032707 -1.14354453133944 -1.22352380363432 -1.13258999405621 -1.06327892065889 -1.07804786955003 -1.07414600263756 -1.05831999278919 -1.02551464392355 -1.05251959991576 -1.16186897467896 -1.22723810110944 -1.25049883695739 -1.15670111382079 -1.11897607089284 -1.18173683077581 -0.971676741651122 -0.940645159111476 -0.940889243992521 -0.976314647317578 -1.01932137213791 -1.01518581963084 -1.00410423506763 -0.986924423193845 -0.981174730280653 -1.19471333954047 -1.38441173001027 -1.3878820126548 -1.3820937750539 -1.45313392168687 -1.46939122459392 -1.54455482858981 -1.52959550281236 -1.5070818368188 -1.45236717596499 -1.39269906067793 -1.33153413392363 -1.28880453563996 -1.33600440879888 -1.36894103545791 -1.35130468832024 -1.36946871297159 -1.34644498367341 -1.33691937758891 -1.24939065252833 -1.29481135252555 -1.32981287089269 -1.36633959722219
-0.94075359434718 -0.989612224321948 -1.18336227683889 -1.08086347564384 -1.14668082181974 -1.33561262291642 -1.15776253052482 -1.00480022101238 -1.04320532469305 -1.00152934510081 -1.01506946573038 -1.02092096615866 -1.06809205607008 -1.10326047721554 -1.10147571372182 -1.18001446480058 -1.29840459465358 -1.02927761080277 -0.992200802375343 -0.963036546731224 -0.876777197436683 -0.897090870338132 -0.93921136558413 -0.987554538920557 -0.989909035663192 -1.01559120517872 -0.995542368007884 -0.925792544238627 -1.0020224779906 -1.10041352586071 -1.19038442931262 -1.25523912158497 -1.41674479546696 -1.45237188133854 -1.47615183421498 -1.45743656438387 -1.44508282100877 -1.43244590752709 -1.40094989522799 -1.34676826287401 -1.32097405446262 -1.37773009790719 -1.44045082783287 -1.4530239088175 -1.40396857500098 -1.29848084773795 -1.46735302238609 -1.44978928648214 -1.5121380250795 -1.44858269715495 -1.33121709643987
-0.898966638256418 -1.02200875634093 -1.14454371009003 -1.04923252804421 -1.13507164762018 -1.26521484908089 -1.22206034507598 -1.03503715425332 -1.03800287795502 -1.01066378054009 -1.01682462598284 -1.02375141018318 -1.04034186895516 -1.06328857212479 -1.08517584744503 -1.14645340436874 -1.23153807031077 -1.08821797490266 -1.07525092549957 -0.924941951523019 -0.96288980822518 -0.98236628017574 -0.968503415637993 -1.01788442466635 -0.928747059925343 -0.839219713476967 -0.868559874782969 -0.935152534069828 -0.932326062188546 -0.982072766804454 -1.13009221765858 -1.22395860457362 -1.38781732670124 -1.44422040312235 -1.46865767001222 -1.40846923845658 -1.4105500789725 -1.40038875095789 -1.38036795788068 -1.30701248585175 -1.32507730336583 -1.43069268316906 -1.4317669681124 -1.50775850143415 -1.34999147474665 -1.24482913941025 -1.35548793130671 -1.62213527109751 -1.55614390298594 -1.30609433387941 -1.19838415084981
-0.87773619742741 -0.893282020738404 -0.915673086819717 -0.811719210497721 -0.886999986584672 -1.15487354397954 -1.26997194373183 -1.0208054389353 -1.04630849473331 -1.03933340217869 -1.04133803798922 -1.02741772907409 -1.02508608400037 -1.0343263529356 -1.11339674251011 -1.07325374158422 -0.977558752200528 -1.06675113999749 -1.12195189093617 -1.01053843580546 -1.03621072540658 -1.06295950492695 -0.96102360440968 -1.00302214513627 -0.952367399550573 -0.793775720291125 -0.72754262432169 -0.785280109981941 -0.89493483400807 -1.00339714641868 -1.14040296813868 -1.25727201495375 -1.387256861009 -1.40816409479274 -1.42131438098199 -1.39916712180667 -1.40794411411837 -1.41312711279422 -1.43477710274727 -1.33856511102198 -1.32099603515312 -1.32207624636202 -1.34545713633756 -1.30211090900965 -1.19822314529397 -1.48182887674271 -1.66298337284285 -1.60151845029459 -1.40091740378627 -1.24178735007607 -1.18975477246444
-0.819838926170545 -0.830469533537102 -0.802779830296788 -0.845982770314881 -0.887756836122606 -0.994674700830054 -1.29038931533485 -1.03695120007785 -1.00884906178434 -0.983566549630996 -1.00180722206828 -1.02194058610987 -1.10817763402802 -1.06390817984367 -1.06970980094532 -1.14799034109058 -0.951074154289224 -1.04741585279239 -1.09483355305573 -1.0517793426985 -1.10445027521883 -1.1015583582696 -1.08352834434834 -0.849341209399883 -0.720923612938232 -0.655619744352978 -0.702005475185062 -0.746898738131478 -0.853819807854964 -0.872770569097952 -1.09071676694935 -1.29269024162325 -1.38107605785115 -1.41639717513525 -1.46347571611182 -1.38147498919563 -1.47427445222475 -1.47952713944491 -1.44914215871307 -1.36369529536592 -1.32219475921404 -1.36717076243307 -1.35256182343534 -1.2785031360776 -1.28156210902152 -1.69426157615466 -1.67234887808979 -1.44761531172975 -1.32604430270132 -1.23446297314627 -1.131209542037
-0.8215376600134 -0.792140775143014 -0.828129488701107 -0.873357275303427 -0.799425280037672 -0.959366589848197 -1.15673092408876 -1.15603970671818 -1.06079594103636 -1.00292875840652 -1.06444923684437 -0.992249417666461 -1.01801261606834 -1.10594898681738 -1.08133157188001 -1.20026570793681 -0.941107016803455 -1.02513105183441 -1.05551006395496 -1.01568410038349 -0.991980223596822 -1.02536900670509 -1.058117935507 -0.791404679118715 -0.613777560032822 -0.599958765428332 -0.714895988554677 -0.798642774793227 -0.888396163632773 -0.902551281911509 -1.01493573142291 -1.13872477449923 -1.30359841533493 -1.32709332607849 -1.49986563310676 -1.29780662237949 -1.35254634805808 -1.46223975523619 -1.39903238207582 -1.37211432566061 -1.38149852673516 -1.35241352884634 -1.19655824659602 -1.1872858835789 -1.26839136378126 -1.6149568885513 -1.55760669032695 -1.44984399349435 -1.36880848626043 -1.20679152463119 -1.22997403938645
-0.81639768433264 -0.772172649549893 -0.906163105638301 -1.05980750854391 -0.79921531205161 -1.00339262825491 -1.18269183436237 -1.23752953367398 -1.07857354387724 -0.993293886062779 -0.961401026505332 -1.02622991186472 -1.00298873143299 -1.10974450006265 -1.10275971441185 -1.14780694769389 -1.2630209963743 -1.011385583573 -1.02417614427737 -1.0357746872371 -0.952128695757913 -0.933852830250787 -1.05302231921304 -0.84767689899755 -0.700660853070061 -0.626075822873471 -0.723298540467333 -0.72241635250757 -0.709169244310945 -0.74367092630974 -0.828899932321357 -1.09485113775557 -1.18059267047123 -1.28203254471584 -1.35313764354236 -1.36033288996454 -1.44269617285799 -1.38789387906753 -1.40573946921059 -1.36247605811284 -1.28576466458793 -1.27390499930719 -1.15524290540403 -1.1640619949575 -1.19729343876706 -1.39142179714988 -1.40523039596435 -1.32872622312659 -1.33576573545261 -1.27478315882591 -1.22593010172921
-0.754750161315538 -0.70979905947061 -0.82827577301623 -0.784483326971553 -0.784955677799961 -0.974270710504492 -1.03246718145492 -1.22337539530989 -1.11299042507385 -1.07553204095043 -1.00569076196457 -1.03654107531285 -1.06371688638866 -1.12281195692562 -1.20088695011754 -1.16432258882796 -1.22633469511391 -1.01233707894172 -0.998412316922012 -1.03079975883479 -0.94377500639142 -0.878865765356236 -0.953554763110139 -0.902619879146917 -0.745113525179225 -0.729759242511678 -0.658723358788336 -0.497197192315045 -0.52490257568582 -0.624093958591457 -0.781483008081542 -1.02123487072618 -1.18465029696836 -1.35253666537907 -1.40719477211918 -1.38856290798669 -1.45231805484936 -1.37881281538511 -1.39001009295438 -1.46683915186952 -1.33672658521697 -1.24703214060022 -1.16194520762809 -1.17982701998746 -1.24483964911718 -1.28761731626316 -1.32602555336154 -1.31834676493851 -1.2837808196928 -1.3357423976966 -1.23186840077978
-0.701929470580898 -0.685361203132754 -0.719522350408682 -0.705131518481944 -1.0061666860488 -0.995684902040908 -0.892270386226855 -1.07566983633226 -1.11582283701623 -1.11791370543446 -1.06043360071413 -1.10247667209766 -1.12859826389377 -1.17607052508414 -1.31372003504508 -1.24109597541511 -1.31931999189099 -1.23606783557911 -1.02371282029289 -1.03366007275703 -1.03708674417343 -0.932394775319418 -0.844354213709081 -0.837078211692164 -0.76903295546871 -0.648678974891344 -0.553331205967472 -0.469367749194794 -0.453883555787485 -0.580685825242189 -0.699888118873121 -0.939654157572604 -1.11696897833778 -1.3143247439701 -1.40140141496073 -1.40701958961928 -1.41995083993443 -1.40339431139591 -1.3545447660925 -1.69591954648937 -1.49553595410932 -1.29587069871115 -1.34138037924236 -1.33032481116401 -1.4057089409792 -1.37675511229552 -1.39908915920556 -1.49036514862631 -1.3018421714196 -1.27006966833977 -1.07078334384367
-0.674689501411126 -0.711769384579698 -0.69760976719407 -0.715870301703124 -0.9592905511277 -0.943646561445895 -0.916893368166435 -0.969481121881541 -1.18590483890499 -1.29472282911399 -1.24996263866666 -1.26604812586728 -1.1710362704304 -1.15789188356501 -1.35076814951115 -1.40027819730712 -1.29008371090998 -1.06185291117325 -1.03672745629525 -1.11121349822654 -1.09171755210742 -0.97507072800917 -0.916620182367382 -0.955244826501957 -0.78132453077643 -0.737355943125754 -0.557344757875831 -0.512812820496071 -0.467979744703055 -0.467573515567418 -0.632539582464171 -0.840727978413395 -0.993763431971318 -1.2600792413946 -1.40788450049032 -1.36815681185627 -1.38718690205955 -1.42013734716845 -1.49343786373218 -1.81730669865941 -1.58086474940791 -1.51385456866262 -1.26450097600573 -1.3782167534861 -1.45640141883353 -1.44620974454113 -1.39983451696052 -1.43814375756052 -1.20640141192251 -1.17051416758585 -0.979289266186351
