data/pcas/pcas_mc_585/pca_referenceLayers_mc_585/PC03.asc
NCOLS 494 
NROWS 529 
XLLCORNER -117.166666666667 
YLLCORNER -55.5 
CELLSIZE 0.166666666666667 
NODATA_value -3.4e+38 
[rows 176 to 197 of 529, columns 255 to 305 of 494]
-0.211968027315385 0.147548087412199 0.249919826030159 0.166480512154181 0.604890076536542 -0.0426209994839004 0.064463004490395 -0.115511838710871 -0.107815878310643 -0.140072308717835 -0.0865990661953782 -0.119598388766533 -0.213176255522577 -0.09137920019827 -0.0992201974940264 0.0655310363756969 -0.0454357119796929 0.0435769755599471 0.138594898125004 0.15808913112681 0.203075364593243 0.280669399917169 0.281989858625324 0.285039096452542 0.31969085978731 0.349793816626621 0.459218664604172 0.525397139383923 0.559178426704963 0.587910903550855 0.589677860269194 0.563193815774789 0.640821434227313 0.695626129373026 0.756170570372158 0.812285493973493 0.927313076365316 1.06050763170333 1.17142580740479 1.18473242594002 1.29967391602128 1.33882804995335 1.38669654970092 1.48936656518563 1.50466900786535 1.41596284441777 1.37352544809296 1.36605835773555 1.37686991751755 1.370515910417 1.40387362071833
0.0281543914897967 0.432130745803459 0.268567803975205 0.040079456883484 0.315219485322103 0.35026162335061 0.171694767744364 -0.0666470353406544 -0.0521358569878 0.196957958658878 0.266028506092698 0.279964158569862 -0.126217214534299 -0.0805203967592878 0.134967767670026 0.0760922227429228 0.0131167512683693 0.0374133370053533 0.136475416467554 0.156349493745758 0.199623942208133 0.271758215436827 0.293028604833803 0.329766046331944 0.34402537013668 0.379026910039613 0.518330855215357 0.553634840691007 0.595144161711236 0.610875266189028 0.63099735940088 0.714961815588666 0.752057266387876 0.829993392345562 0.98659808224093 0.998240882328341 1.05118249173593 1.18133030308741 1.37737604051364 1.49706599931536 1.4826363315036 1.52947633743224 1.59208006946056 1.58994418884607 1.57411046046646 1.61747551535524 1.56767303978139 1.54624820790265 1.5620714737056 1.5462446875801 1.47275179453807
-0.136256569001159 0.356384131740897 0.33204299045184 0.159861629833735 0.119374553897505 0.362440321753642 0.256793106436976 0.202113156681277 0.165294642086596 0.0721952016974149 0.128946161310592 0.0509147755753963 -0.0826804448103247 -0.025181156180688 0.322299973894493 0.307954482914289 0.117690292920397 0.0852119173137761 0.121267610291122 0.139838625981634 0.218659328140846 0.252475624061271 0.255270444292783 0.331421174132466 0.386884359129465 0.421207136884681 0.565796305074546 0.631217213292874 0.669781335054041 0.730529398545558 0.750772677729224 0.83888027332215 0.928618865380034 1.05358581457134 1.26588970214064 1.28669649611762 1.32471718614114 1.45186191728657 1.65382575527876 1.58440691014643 1.62661513195075 1.71628482141691 1.69160874768187 1.70712408860991 1.75185086718141 1.71890536200405 1.7335337352898 1.7341748273858 1.73988772800314 1.68005059418564 1.57710748385091
-0.160817744546637 0.438556143900977 0.32869212108879 0.249258366292997 0.128451342311476 0.269601801761727 0.251979152153097 0.236844270397805 0.211761257066685 0.203276515847532 0.167852413683848 0.0664296918396692 0.0528383041362048 0.209238771858021 0.17782420517707 0.320630806885122 0.111592348424023 0.144030087031007 0.150868848809902 0.198231281207273 0.226432300802393 0.285733731844227 0.325584997054033 0.394274618718781 0.490117625294362 0.572230001612922 0.654015764626337 0.721216908356371 0.79605318155089 0.887926817266714 0.947476301393291 1.07978950952981 1.16711150108346 1.27770703109882 1.5338484905594 1.49475277215102 1.55333532678416 1.71925822454969 1.80876181793716 1.77654697565793 1.74962618187696 1.84233502861679 1.8769071098759 1.88944473555015 1.87966352154784 1.8608163787333 1.83942997351845 1.88173611799588 1.82394627799975 1.74354793071403 1.62823830846151
0.174421651197297 0.463395665953144 0.325613086456635 0.366136514831002 0.246267279657088 0.277711379756884 0.276549624157431 0.27863777339823 0.297559278649113 0.262786537156368 0.249334998215609 0.283006200180942 0.119106992527619 0.195948574678919 0.28365160851109 0.265077495252422 0.153546339804105 0.210419865809152 0.224531648284861 0.271376222398117 0.291590794789356 0.33918735823737 0.367832851332889 0.463669993482278 0.623774150343374 0.655047445621468 0.75502734330491 0.818788915327507 0.926129566161256 1.08911452289487 1.15971616025128 1.29604113435561 1.45057575412895 1.54712220162536 1.68994544362405 1.69120677769135 1.80440429188114 1.94278892141772 1.92367623765401 1.8327232315509 1.87224555788949 1.92621864002525 1.93220476541718 1.96913548478947 1.99902672494962 2.00616764323561 2.01447499130266 1.92931833293815 1.89493654186152 1.80472715375473 1.73570222391875
0.570056585689899 0.49888765759019 0.402467823440071 0.535990838452443 0.219315850567766 0.263331228852146 0.351463691675774 0.352587888165927 0.335025494824102 0.326585769498788 0.311345173043959 0.314221972691249 0.320900520156909 0.285324182373906 0.248295130560931 0.266723686655291 0.247044883571575 0.280495910336188 0.264747852568487 0.319361092611482 0.373034019744243 0.460105296506762 0.544935711487346 0.641407652402604 0.764332760280432 0.859992183328052 0.902784637470543 1.01690094495396 1.15650903745154 1.31985087008248 1.37222691670824 1.56236269793905 1.59987146266479 1.73907400303077 1.82048925105478 1.84328345133405 1.91520394213766 1.9799525781092 1.95247004565415 1.97155208080594 1.96794662713639 2.0120782553118 2.02913384954299 2.03752855200974 2.00847355889392 2.0164090671201 2.0047800317801 1.97618452136535 1.91254027738859 1.86634953531783 1.77600672620113
0.645673429610144 0.582881744536977 0.464696640429556 0.442507274244607 0.376312756995774 0.389013278679582 0.342242557290096 0.360905843561255 0.375469827620185 0.345523052333291 0.317002635933646 0.387176290787429 0.431288794337935 0.359394998826513 0.357545230224442 0.326853029151317 0.31865307575666 0.340872441471835 0.397189841266544 0.422944920234865 0.51607940058095 0.59637702628875 0.729335090317422 0.841335423804687 0.876123660121513 0.994332904513677 1.05919781516425 1.18800509075702 1.40699396296827 1.51103647069283 1.64788557041785 1.69217260895282 1.73288205724492 1.85197225458267 1.87047360430882 1.87583780365969 2.00979339288092 2.01261104627833 1.97771794012985 2.00694048455722 2.04332690127449 2.04591186766579 2.05100511026146 2.05653934962205 2.05321803953664 2.07379537920468 2.03629075286954 1.98429701399873 1.9201981907386 1.84560430124277 1.76474404323745
0.638862034866249 0.553453878650293 0.50939645585076 0.47232935285916 0.488314591817073 0.428155709830835 0.352361683348571 0.369978742886789 0.403006771804454 0.366844428553943 0.347922246979294 0.4503467548319 0.517768417876075 0.405613309618183 0.412581868283141 0.394180603596134 0.403129460548538 0.424814557233856 0.474039051986812 0.596488983671302 0.602123696357789 0.691843597503003 0.81886224286245 0.876346585153496 1.0217755107317 1.16243370179482 1.26064663380951 1.45209416965982 1.52869826878042 1.63036317858701 1.75194931148446 1.810160599321 1.81387039670576 1.85257390418831 1.87073736202613 1.87570684383439 1.98368996283186 2.01216013595937 2.00880177671692 2.01158682575774 2.06126139252506 2.06558817299128 2.07943916481566 2.08454257608492 2.07947047874397 2.06082467633092 2.03014167925173 1.95812862265143 1.91403855931404 1.80498224690077 1.72917567767951
0.746380701094585 0.601753933200899 0.58832464069775 0.59447585366182 0.456073795492501 0.434712976882944 0.42744709035931 0.403340100507978 0.449439185882435 0.450897496243849 0.475857287823037 0.520144217761399 0.584194952356537 0.466985101715654 0.470001709221671 0.494078246966825 0.529881999879927 0.540475585381694 0.613948129419679 0.69469337765886 0.794953847027797 0.950029819311954 0.997496294320739 1.10275467787407 1.23429408570431 1.38297237400524 1.44998922483776 1.6375906258006 1.71455932757684 1.72828778485029 1.79181304867703 1.81422521255004 1.83641044956706 1.85620629768523 1.86442955087913 1.88080440972775 1.95285392626626 2.02152287859784 1.96663463457758 2.02149937189007 2.08395071855013 2.10565416434906 2.08333479134939 2.09156137339174 2.07820580567838 2.06628088281026 2.00780362018039 1.93867478618876 1.89464859051809 1.79600599712611 1.67513800887611
0.88150662587991 0.707592702773823 0.637666578110174 0.672984216714654 0.54823418970214 0.529264866613399 0.506344106078667 0.514870341175148 0.538173414616287 0.570944897708025 0.590370152293824 0.594130084024125 0.618863535718297 0.60599114411576 0.573950875144574 0.614998731016647 0.626744622844649 0.70994883375997 0.803072798334655 0.860394145593973 0.954669067266557 1.03696337981921 1.17079342993471 1.28254008758911 1.46419478201896 1.51518413949149 1.63098980044161 1.72186860949046 1.80004395698517 1.78403075579006 1.79950601995461 1.80375865146273 1.84030216498298 1.84723945230693 1.86204491166804 1.92876607910806 1.9559117790753 1.99208226071803 2.01441238109884 2.08444927081501 2.13071404053865 2.11374220791932 2.12088812095984 2.04599610888357 2.04539681716675 1.9953863987234 1.97804418806035 1.91516017410282 1.87607229540285 1.76847103000152 1.68137647004936
0.91583034318311 0.775583679455381 0.714480866156134 0.747984306894805 0.653206459381914 0.570044515318542 0.589662977742937 0.612257629383186 0.640668153383808 0.698401177187568 0.756212444916575 0.734943302119773 0.752669494508977 0.759735960501201 0.793944831330907 0.746597984164462 0.827769285634573 0.881877532806152 0.954489263376933 1.08472381525256 1.14789036947012 1.16733410264545 1.32769371936971 1.48111935711705 1.57349038454735 1.66886805669692 1.72926930232064 1.74968872693844 1.74576477429412 1.78185396382627 1.80223144600137 1.81298114573491 1.83020645123482 1.82933535181664 1.86004565326728 1.87233546908421 1.92489407979014 1.99496463323671 2.0630523843847 2.10915940204706 2.13528934092503 2.10157063226804 2.10676645291297 2.0556686730263 1.99476655880898 1.92659630359372 1.87599361135884 1.86893337844976 1.84327492419615 1.75390274070813 1.63047675890616
0.885423697147885 0.825669235383415 0.937569843926623 0.805806761514194 0.691373898287701 0.688278434775855 0.703691582927194 0.745501973258196 0.761022067368452 0.870852278553797 0.974752089303203 0.951105843875292 0.891242079168613 0.916237294320829 1.02040407828089 0.994643200617217 1.15328855055707 1.11736841418895 1.22837653107631 1.27652936216868 1.38270415437621 1.46398852050341 1.5032538909417 1.62917121443868 1.69260847719124 1.7584930812691 1.78798933016887 1.8157989378015 1.8309282117721 1.82296492225416 1.83149438977487 1.83593083147663 1.84096284384282 1.81735596556832 1.81157227805472 1.81433014808068 1.88504480964521 1.96980415915213 2.06510293959992 2.10645846385656 2.08725775121971 2.08086209547123 2.0659253227441 2.01335258057932 1.97672776240842 1.88814264128386 1.80369063769324 1.77018553919461 1.79693021018549 1.73763696792011 1.63536281173317
0.912802967943293 0.870576010351164 0.925345773087464 0.809419514823777 0.747753594136808 0.73082936935254 0.768254753214486 0.835658039724578 0.871226823022545 0.989555667110342 1.22119674418995 1.09628045075658 1.02698946453209 1.00014635947788 1.07670011720915 1.18199023394829 1.23407382637454 1.26601876578372 1.46625982660187 1.56178855070511 1.63526379622603 1.6116856212375 1.67757897607101 1.70332916453619 1.76292692332587 1.8073820765202 1.84191613517055 1.84142624728131 1.8708333428349 1.84200288297237 1.82709565257751 1.8295515316155 1.80362961940678 1.78263193761483 1.78032651990119 1.78946274248036 1.81210546743807 1.9398204464699 2.02576938059565 2.06428775498921 2.04755584552158 2.01456496184836 1.99082686483035 1.97256585692496 1.93149899701718 1.86463899662434 1.77923516287505 1.76989247663439 1.72812460444836 1.65485845759547 1.60499159547041
0.878841932246848 0.862249106665255 0.874599610964718 0.843235297484435 0.840205708715475 0.859687572105654 0.846173558853072 0.941826575619327 1.01163646251255 1.10865826743673 1.18718944978443 1.15769140753354 1.24746031766531 1.13599641739805 1.16653896888291 1.23280398187908 1.36848360974793 1.35946105144602 1.53232909388638 1.61626189724636 1.61331107605423 1.64255231802262 1.66711136508164 1.71278221759699 1.73499018160637 1.80223049186725 1.83365241758978 1.88266792607291 1.87162000397369 1.84916957839362 1.82670302510512 1.78472661419181 1.76841862793075 1.76931694565767 1.76468903420007 1.78701909183791 1.7909959189234 1.89039144143809 1.93620122178718 1.97403058636605 1.95147418306263 1.92250241689525 1.88736741802208 1.88192544257506 1.84186339376708 1.78067026529224 1.74414708792885 1.68214114903635 1.64967690896642 1.60994456777132 1.55531613106672
0.91374381430948 0.89544858883689 0.890554110838213 0.891588177490946 0.886562306074646 0.930660237831009 0.973736032961435 1.01562878446863 1.13604447841747 1.21614655731567 1.1590400211265 1.30864207328039 1.25888787071007 1.25950278762865 1.31997431411074 1.38941234363734 1.50941096930336 1.48109036067681 1.49121125796999 1.56372519766182 1.57753614504642 1.63556371929606 1.66195504173885 1.67411507968026 1.70258801796889 1.76593334445782 1.77863269999641 1.81047476759216 1.81383222749921 1.82885825076919 1.81308303685092 1.75657726323267 1.74254986080182 1.73896213603417 1.74105784111278 1.7643941527783 1.80569890109652 1.86651083648683 1.8811113535223 1.8983551550085 1.88110529301586 1.83090649723191 1.82247206171601 1.74770129665826 1.7133108300528 1.68266527618418 1.66618382526208 1.61256604803256 1.60056883713845 1.5349229986991 1.45842213574482
1.01831059331766 0.943238670718689 0.918297945498396 0.954704901815259 0.979619143856753 1.04892159638988 1.08167142987079 1.14683773289373 1.22918016384728 1.26190563401176 1.29741623910028 1.41878531092837 1.41911316569 1.31791772518369 1.39176905251587 1.44582683510805 1.50003823956026 1.51701528378296 1.53486735309741 1.56008578723223 1.56251684573752 1.60470463106965 1.63846630869637 1.63151142414571 1.68671861878824 1.7064577090508 1.73751393715303 1.74075560653248 1.74376297849941 1.76998652512799 1.74080480011169 1.72505080271194 1.71955645421913 1.70590735896799 1.74469589738746 1.7407400953347 1.77759359513779 1.7962199943956 1.82717112446527 1.82410689733751 1.80875979804288 1.75705745149707 1.71434039622341 1.63911668498451 1.60368235993576 1.59932317046744 1.60682337512208 1.58624541159528 1.51734483008212 1.47446286004551 1.33939478443163
1.04043964903319 1.03545861057681 0.994119098872751 1.03624662071414 1.03925614367393 1.14174897445126 1.18856341202836 1.26000106912416 1.2329568745898 1.26657586974639 1.38378722787971 1.47987217896719 1.49389503884587 1.45431998478977 1.48368908733381 1.46617105448349 1.5075606654224 1.5370315748083 1.53424552588571 1.5696834590386 1.58332296638603 1.59510822952885 1.64228709754333 1.60958800560779 1.64781832072918 1.68225605959246 1.67508561792014 1.6700668614573 1.66692890231481 1.68176259991655 1.69174391444299 1.69515500191547 1.67067242774788 1.69343724622864 1.73145932570778 1.71516181490635 1.75398531645648 1.76310290128714 1.80342564191135 1.78940386483806 1.75109461134615 1.69539773138415 1.60172835354154 1.54236479374525 1.46973705299473 1.48042507433654 1.49458372000673 1.48513165190505 1.44581161572311 1.34711959505775 1.28400505977346
1.11493159691922 1.08986973460619 1.09638049915387 1.10611038584329 1.11020480748371 1.20345062953381 1.23597121246063 1.30856328509433 1.35796573128156 1.40273440230441 1.45681643915066 1.42899926231526 1.46446391079625 1.46058372205673 1.47806598611554 1.46655080922568 1.50305133272122 1.51444535723608 1.52947333185507 1.55539152882727 1.58731941045622 1.59155011683181 1.6196431666109 1.60052823867228 1.61694661134022 1.62833833308624 1.63398329642528 1.61486232746211 1.61193915154212 1.63189139083176 1.61932153083529 1.63874547728976 1.64861685773205 1.66677630751764 1.70006944589678 1.70678819370597 1.74357681573848 1.77790412840113 1.79332116431052 1.76839467000087 1.72131954709798 1.65661444905049 1.54238095474081 1.42024633413518 1.36124347650242 1.40730573071223 1.40411018569565 1.41592152996381 1.38219158952021 1.31722480361911 1.22550112133193
1.14382292127329 1.13438062802959 1.14308671509003 1.19010745785799 1.19295156726564 1.26021448033203 1.32660750743433 1.37819150115887 1.4167434103046 1.41304920595999 1.41632710462472 1.4177098784935 1.45664740441788 1.446695614985 1.4644522871716 1.46569558291129 1.49167598930879 1.52695593706385 1.51852245725741 1.51817357048185 1.57283838806113 1.59045698146261 1.58244547240855 1.57264522636977 1.58868106031815 1.59910408876323 1.55859004481693 1.56400786850901 1.55239635677522 1.58640820124656 1.61558326235817 1.62283735963396 1.63637550934038 1.64608325288306 1.68477395969675 1.70979698851007 1.74181903980356 1.75211887264325 1.77901294466955 1.77419513063684 1.71136119740539 1.6290686144434 1.5301708159584 1.4100873862543 1.34734486526698 1.37434476373913 1.35187253785234 1.33509638833658 1.28734561190029 1.22334799238399 1.15183499759752
1.08572882195299 1.11087929901108 1.13992829944639 1.20708619166578 1.26232904582005 1.31503436191359 1.33653129782621 1.36524117143686 1.39960687317509 1.37220813978747 1.38650689250913 1.39220237689885 1.43465268176655 1.43474316273923 1.45780784780142 1.45928942905357 1.46829748436385 1.48282640769133 1.48569158557719 1.52456059115216 1.54048317457488 1.57308821675119 1.57458275446723 1.56846235235582 1.57461788794773 1.57472982864913 1.55433811109319 1.52865598607742 1.5185904556743 1.56219946584645 1.58684886828809 1.62284305815892 1.65234331981624 1.66195769234858 1.70683014796039 1.71455628595337 1.7439673614347 1.73789609339171 1.74570644219179 1.75235474116481 1.70804461167535 1.61598673770963 1.52919566773511 1.46677711580276 1.39452248320527 1.38845971637936 1.35034599373937 1.29729469048087 1.22997980341745 1.13878409608796 1.09754312255351
1.09778123567897 1.13255292436387 1.18833287676942 1.23793849556619 1.30012472004535 1.32114638279799 1.34149935479524 1.36039233878139 1.37862215655055 1.37725935224352 1.38540404534995 1.38211556058912 1.36828727558414 1.39279609501688 1.43020384818792 1.43214800386483 1.44444024668746 1.47994798635698 1.48960783056218 1.52390716588397 1.53457538535055 1.5648724932277 1.58601962647957 1.55810056186664 1.55851143098243 1.54957340940577 1.53758141630804 1.54674900230128 1.5196919030171 1.55558687991145 1.58736201362797 1.61361014699256 1.63980234813182 1.67140092524951 1.68935804143744 1.70143656975462 1.72282612836429 1.73519020178605 1.72737878624962 1.71048652464785 1.67499089239447 1.6205147052763 1.53163661406373 1.48883976296521 1.47022547245142 1.43888574710819 1.39457912440576 1.25943084709192 1.16511559901386 1.10197175439551 1.00161600880916
1.18219552949218 1.17706767285459 1.23677272724477 1.31875228224694 1.30105737358469 1.31364975435332 1.34696130727063 1.35076078630668 1.37000743658099 1.34095181645532 1.34736711774964 1.35592856250529 1.36431422082577 1.41148392211523 1.44649775481883 1.44338578591081 1.46113213488477 1.45724168187539 1.49101946306167 1.53033855857859 1.55345583853596 1.54618703514362 1.56607108840946 1.55673594819776 1.56386703101966 1.54231873505976 1.57419059703023 1.54463506614827 1.54910030904578 1.56284376382188 1.54547976948878 1.59673930031631 1.64475002341096 1.64831812952437 1.66441303447948 1.69112668467929 1.69938418055935 1.71543531219865 1.7013862530762 1.68298559592644 1.64001381919998 1.59699459932879 1.57061734329302 1.53882186491425 1.48904552766432 1.43244216403385 1.35541743977077 1.25200341058984 1.13169577427462 1.03974727095349 0.932643688530187
