data/pcas/pcas_mc_585/pca_referenceLayers_mc_585/PC06.asc
NCOLS 494 
NROWS 529 
XLLCORNER -117.166666666667 
YLLCORNER -55.5 
CELLSIZE 0.166666666666667 
NODATA_value -3.4e+38 
[rows 242 to 263 of 529, columns 306 to 356 of 494]
-0.181231287724953 -0.117313070702215 -0.0952709520870039 -0.0687789127376018 -0.11146544746605 -0.147642049588665 -0.127693268262915 -0.142675975321716 -0.149016423331687 -0.0930382679348003 -0.11084074431753 -0.0747906644275069 -0.0580855561810913 -0.0559755666469049 -0.157114111041309 -0.0935924903575283 -0.0645701378143716 -0.125894202583041 -0.203783609915589 -0.0713235832118151 -0.1074144355234 -0.0733534838962507 -0.0460159563930979 0.00801348186805412 -0.00833716140585145 -0.0193890510421225 -0.0369007147016906 0.0140271632271025 0.0796712377268855 0.0943097828706055 0.106672099647376 0.109556194257796 0.0851063441549471 0.0722929349210124 0.0330221885268548 -0.000498270982696836 0.00420726566917212 -0.0158038346504575 -0.0490247913958279 -0.0250911877451701 -0.0178813377626644 -0.0410533017124022 -0.0362806858257586 0.0168016637825523 0.033968310601648 0.0462489201275683 0.0665196466583928 0.0789361964202833 0.0781652890452631 0.0923447288368054 0.0889757276190669
-0.157084325482631 -0.131281308078408 -0.0795240858254302 -0.0955222309933522 -0.108223385182861 -0.0913443914658771 -0.146275519705246 -0.150658018239445 -0.148567013142996 -0.165242871976949 -0.109644158534293 -0.0864371252557875 -0.0329677709107222 -0.0772013809010036 -0.108890862808143 -0.0799671501028736 -0.0949851212638325 -0.138060122804064 -0.120695685898674 -0.0195052245263145 -0.0508193858094781 -0.0448650610676836 -0.0201318342893477 0.0075113686724127 -0.013611805453726 -0.0183917733476461 -0.0140797266352481 -0.00165302099619796 0.0438849994446946 0.124370280077908 0.112710475121758 0.122762957663066 0.0695927456255219 0.0411580058930006 0.0213202976233721 -0.000624205979874892 -0.0292048504344256 -0.055542202450451 -0.0429228826282763 -0.0647379563892147 -0.0531556969082879 -0.0314628974864746 -0.0367816553479284 -0.0265790919453266 -0.0134183198257973 -0.00288563973894973 0.0382430055688464 0.0529786978593934 0.0327089121849027 0.0570312841008767 0.0714379430004063
-0.148897911873639 -0.0967132417736881 -0.0641196032963141 -0.0708700246802065 -0.0466694160352408 -0.081011828033349 -0.097211312814551 -0.118712874919207 -0.121625251943161 -0.146919091403013 -0.132449358693567 -0.0759027238378057 -0.0598003470993957 -0.0383883267011329 -0.144315778272405 -0.0925655262498127 -0.0527462415593504 -0.059053203817675 -0.0309351995328798 0.00380104343183546 -0.0255886250184907 -0.0371934522205319 -0.0346967624361013 -0.0287919666437004 -0.0407674835638258 -0.0258135235102632 -0.0236428375315038 0.00817731903685004 0.0529023894037549 0.0793597475960263 0.103054285090183 0.0743545765566672 0.0604376475470814 0.00547712000236728 0.0221152798543806 -0.00375432287596639 -0.0407630363271231 -0.0462667966894325 -0.0557628023704678 -0.0587884597655255 -0.0555805054872223 -0.0559638261874012 -0.0405043864249581 -0.0339891396982066 -0.0184973819814987 -0.0243790149017705 -0.00856809274452297 0.0218210954082392 0.00188057933834179 0.0105670298625627 0.0675371884332525
-0.146347855520173 -0.0985440491528375 -0.0198750102638872 -0.0329282331512301 -0.0552462310255104 -0.0808817828461101 -0.104169823870053 -0.11377756514573 -0.133453700022181 -0.15044949482843 -0.173757602563314 -0.105734641509778 -0.087612015392762 -0.0656805691872234 -0.0851779466509238 -0.0197401002303863 0.0412562638615889 0.0174586656599537 0.00498333337279416 -0.00391125317285856 -0.0173653015778101 -0.030027000052211 -0.0397712488744865 -0.0814653227130387 -0.0457005078352223 -0.0716001441304943 -0.213269511419971 -0.0817451639138875 0.0172040834203553 0.0366310741722229 0.0544907805574961 0.0392732062505535 0.0269273362209841 0.0197491969564869 0.0106794670341918 -0.0444391746358266 -0.0370960268635314 -0.0452827987822334 -0.0538693359423065 -0.0609550036519516 -0.0518847000234864 -0.0609012013877077 -0.0502791366147059 -0.0507125748913705 -0.0361070533860445 -0.0293434439460344 -0.0241464572539941 -0.0154832581567227 -0.0117989856085555 0.0227631522783043 0.0138173864624486
-0.178811995137559 -0.112008450267926 -0.0460789042441493 -0.027506733104122 -0.0885204121228405 -0.0875288359208656 -0.130273094960037 -0.141525010389672 -0.124684725362854 -0.180779450715568 -0.1685387542554 -0.122815134954005 -0.134090230966395 -0.127531783815516 -0.0440058641455273 -0.0017307154907853 0.00105213229627232 0.0233650905795812 0.0496274147148845 0.0429151390933849 0.0180890753262217 -0.0171649912053269 -0.0599794418253707 -0.062956618044912 -0.0954660592073873 -0.218168351905136 -0.261163388502743 -0.275125736834951 -0.19907838467729 -0.0168261791392706 0.0146948974906374 0.00999931288256956 0.000962124150215959 -0.0150636617759551 -0.0334161541733496 -0.0419828853433279 -0.0646803931369562 -0.0438171008906838 -0.0594910604101741 -0.0738530090576656 -0.0723233520977908 -0.061299156560069 -0.0723193811146244 -0.059783839860326 -0.0742429426118715 -0.0478607541303794 -0.0498535221701169 -0.0400190352369939 -0.0338681724950037 -0.0216171093010337 -0.0074838041306966
-0.199843978372788 -0.135039473678516 -0.101694726615117 -0.0851674039095456 -0.0985735269849987 -0.149486900248558 -0.170570387434864 -0.256768685512494 -0.162752188859879 -0.138376028600958 -0.175941234213792 -0.159173010951643 -0.169274524181885 -0.141547089455285 -0.105792802743678 -0.0392471358929226 -0.0293307411228788 0.017181136595898 0.0508607278304314 0.0551707059833021 0.0484120215442372 0.0192164629969742 -0.0449790427139569 -0.0787026875096577 -0.198264426422786 -0.344146422066973 -0.287678881381614 -0.143275215822726 -0.239906104083905 -0.182899790863684 -0.0732064441665173 -0.0484641347910047 -0.0368896160126819 -0.0496619307232483 -0.0464101630419909 -0.0531263432768934 -0.0731098428642801 -0.0843901972992233 -0.0943190291205002 -0.0802403688990616 -0.0887836715392553 -0.112836116715463 -0.101640071562556 -0.0927731095512203 -0.0980041000439505 -0.0552255137927179 -0.0809559561900042 -0.0539388097417152 -0.0717780864562163 -0.0425410526211874 -0.0960091504864174
-0.259243836509142 -0.191672575358769 -0.119914049745586 -0.124904002515823 -0.135808461709003 -0.208700018059348 -0.253134621369818 -0.305655101521051 -0.236894932987483 -0.190293147193313 -0.211561394599035 -0.212047882468331 -0.24177353272998 -0.301338067381334 -0.299113324313017 -0.165144857509428 0.0101750576611675 0.0265502630902926 0.0708166942112279 0.0737972740188276 0.0509980593619523 0.0272130944321376 -0.0401168002821031 -0.0899977312511271 -0.310067678455343 -0.378218278625305 -0.296914359714692 -0.129698908945488 -0.113179927575474 -0.113477405196117 -0.0824635457017964 -0.079136241807877 -0.164187167483334 -0.205736131474896 -0.103320106884547 -0.0944277420335595 -0.0945821106222868 -0.107330386880885 -0.119303034484731 -0.0817875215756174 -0.125851863712446 -0.119549214494865 -0.133046457925589 -0.122842720347167 -0.122426330289825 -0.0958375693236423 -0.0935239560505303 -0.0885872342319329 -0.0586450133965414 -0.0526352157009225 -0.0768476176209449
-0.253558194953639 -0.183320721617593 -0.144954439684085 -0.152066302549059 -0.19755227379968 -0.222768436342857 -0.308597343007557 -0.247143651714774 -0.252286822027473 -0.242825494786907 -0.232442394123503 -0.247767581947654 -0.226661803476152 -0.24863598191592 -0.199132048717121 -0.146362256864556 -0.063501722263612 0.0439753045148036 0.111676183821271 0.0825067036861091 0.0659805439982589 0.000544752787698888 -0.0379319002956546 -0.101333338991418 -0.185949381458955 -0.313118336171017 -0.199548211893159 -0.147584213860095 -0.147756741064803 -0.138105564914673 -0.142634358199589 -0.157082595930619 -0.151759859946544 -0.172457941565281 -0.120357810363247 -0.13756277400535 -0.144510672094315 -0.120702230215374 -0.133548225346596 -0.136170885561665 -0.13513177761335 -0.143411147217117 -0.138932279854958 -0.142033808458453 -0.107887174079973 -0.110161610567576 -0.0998175566424145 -0.090533380444248 -0.0991429422815207 -0.0768839079056414 -0.0759848069180569
-0.215152382516546 -0.161887366089992 -0.172726929908061 -0.174669970855295 -0.20125872381549 -0.217562614184756 -0.226482592926618 -0.276883992491241 -0.276573237289986 -0.284142989532401 -0.278884815458587 -0.247294072569538 -0.265478785696403 -0.250032680950915 -0.164655643626136 -0.110905068240724 -0.11820195223233 -0.0170251553646377 0.0869170901751866 0.099051238387709 0.0390334129686457 -0.0562833208910789 -0.0682174702274257 -0.121668073104448 -0.228070242745932 -0.227707331152145 -0.191153735643104 -0.189199618225194 -0.193715078738684 -0.179541223140149 -0.171563706043465 -0.25770160785912 -0.22363024615723 -0.16354456576485 -0.164042874493512 -0.169977210992513 -0.167553418539102 -0.150477125851953 -0.18124037812734 -0.160424396098539 -0.164577644894117 -0.167784777948961 -0.195595145397964 -0.185028129393891 -0.187710557233539 -0.0893235788512969 -0.179098964373835 -0.096329850089166 -0.154854097514228 -0.0826613458373364 -0.0694706117726623
-0.13423883752767 -0.121434777066723 -0.184828481634025 -0.169493800167311 -0.209954793777704 -0.248091757381865 -0.297069133139639 -0.309027717515611 -0.321848104971336 -0.359722577601542 -0.349597846345806 -0.320905921658718 -0.222944998257038 -0.199428118414983 -0.143943852307533 -0.128648187897788 -0.123738105777263 -0.0337842790710137 0.0410441561548601 0.0917502406664905 0.0160781581374972 -0.0997444447134551 -0.0845577843169797 -0.114523679809437 -0.223492677269814 -0.244014069989471 -0.212494433231961 -0.194222934407582 -0.206770008406958 -0.227426293186814 -0.237829968690675 -0.215183053547603 -0.232678371512362 -0.219023664092086 -0.228922926272563 -0.237891207807338 -0.197747039155867 -0.195748413980734 -0.246051058328591 -0.188034801069878 -0.262344465056395 -0.203086707983684 -0.280814182559427 -0.287076391838232 -0.226021557577329 -0.197651142922241 -0.222486325901033 -0.196702996467634 -0.19646798827822 -0.200436876926719 -0.1745332709376
-0.107639898388719 -0.124610220782849 -0.185045116612204 -0.233747418184254 -0.248063947229412 -0.285462665638269 -0.352259320181506 -0.376620360436499 -0.405754845488359 -0.44063590025965 -0.329808427320864 -0.285613356258194 -0.221748036655341 -0.150245110790098 -0.12898418092927 -0.105854336532594 -0.136146348504109 -0.0793772356196855 -0.00887048543346924 0.0272008208997962 -0.0481634544663431 -0.145146097925796 -0.142707803994225 -0.207980381837003 -0.259101812143899 -0.238458370632749 -0.162666696693652 -0.195056001661125 -0.225978740716306 -0.241735866095046 -0.261933145147402 -0.278476230833976 -0.289186841868818 -0.269901479440397 -0.276018115797203 -0.261642115496338 -0.21273190676987 -0.243055606081252 -0.293298586653473 -0.245495818762243 -0.268571418137377 -0.400123034260017 -0.374057524187065 -0.298023259612814 -0.246102421964639 -0.215558658555779 -0.210857744707846 -0.254536583554085 -0.207590365367498 -0.205109847218477 -0.181970085483499
-0.101292017106803 -0.123888126889372 -0.204523440979764 -0.228894763292243 -0.286305326272201 -0.327771310610819 -0.354529261839268 -0.382920634100428 -0.448198755619366 -0.440667532870485 -0.357999837800541 -0.310337093045468 -0.239883683168398 -0.228650879468226 -0.172939127637725 -0.175482756447259 -0.167153945512388 -0.112534942750982 -0.0924824766071179 -0.126260353518336 -0.141409706206241 -0.145303282852011 -0.17477368593607 -0.228209759985781 -0.172858204022356 -0.179946059585106 -0.136645722864313 -0.198539142313502 -0.227117472301007 -0.261702290814796 -0.279362998287335 -0.310329749077962 -0.327383695546532 -0.303736860102492 -0.298576030891983 -0.322648759404453 -0.295581643938367 -0.278754510866093 -0.287340271091692 -0.285293521612305 -0.277300044159898 -0.339802933471271 -0.321802037317542 -0.31784966737216 -0.257873541010969 -0.259283786638372 -0.270279853575432 -0.202070265722116 -0.257361782287626 -0.219200034550509 -0.21883799341363
-0.087801810486903 -0.0758557334908121 -0.143372081842423 -0.266483109972486 -0.275496037629227 -0.378538217815821 -0.388337972276315 -0.399593895815145 -0.42169238416354 -0.435017889610082 -0.38304894899598 -0.329694269887938 -0.269884748724917 -0.248099204495572 -0.195843549377246 -0.214214539306461 -0.194747397883704 -0.211677334157094 -0.149054987104307 -0.194144345113001 -0.205582617878851 -0.191472318184718 -0.226966990963531 -0.248411578740065 -0.175052111873636 -0.144299852212713 -0.163507823725831 -0.194924534691006 -0.273362419192422 -0.273397432783505 -0.302870028268912 -0.322667619265565 -0.355737050042581 -0.354778510654997 -0.346357066059225 -0.333926225030743 -0.330727461744567 -0.333446722358084 -0.314660969023919 -0.288454509843684 -0.297243948098534 -0.31481451951564 -0.346610066429081 -0.273508666243701 -0.297470489226847 -0.333687288553578 -0.26608452315752 -0.236523043053682 -0.363615378091544 -0.312279298151777 -0.300747962815856
-0.0127205657562143 -0.0743180111870387 -0.13009538932976 -0.213285033850699 -0.273212951360701 -0.370178680464 -0.393192809886693 -0.3932216221506 -0.430112751947218 -0.410666347894291 -0.335988708844113 -0.34326858216908 -0.354584478828687 -0.335243100829142 -0.245325288062379 -0.218139100403065 -0.226502418647879 -0.207306469136252 -0.24247901845673 -0.242911688702662 -0.263588981786799 -0.279803749682269 -0.333870704276178 -0.322400527432533 -0.309761248363613 -0.164246687935544 -0.16473583437336 -0.222467523467179 -0.299367338123181 -0.346540025891268 -0.325093468698368 -0.3442217509144 -0.353001251325035 -0.363570753137986 -0.320022249933147 -0.354875152350205 -0.384110198853772 -0.335200438871928 -0.329128448229404 -0.322054893166524 -0.318961917393237 -0.288361172486614 -0.329201930123733 -0.294646470279973 -0.30764224292842 -0.394196331869521 -0.33943578880527 -0.268273845362231 -0.267626101262082 -0.316722176507962 -0.322379247608825
-0.0365186851162141 -0.102973315792281 -0.149111773492126 -0.219652319198661 -0.278664726756647 -0.371501123409286 -0.41510101244987 -0.408280617077183 -0.430006121646676 -0.36835953576352 -0.347407770720155 -0.364466102178807 -0.402407050714959 -0.40300285137633 -0.331663441252076 -0.287619526728814 -0.237044177873612 -0.27177129086196 -0.276225687198109 -0.314287069263319 -0.308972047298333 -0.342187291803067 -0.390942483541033 -0.408922614400243 -0.358590936530443 -0.252039050011928 -0.227352254603027 -0.291141607403465 -0.325859499644538 -0.302175627139442 -0.335380051374386 -0.357978863274341 -0.392866103943231 -0.391994541623024 -0.362493518860752 -0.31812668819391 -0.372249088235176 -0.345108860330476 -0.306378108213512 -0.372984314636512 -0.328989775100519 -0.321751033437945 -0.326451990326463 -0.295785042268997 -0.313315751673064 -0.344327016139636 -0.346003965571613 -0.269148773407476 -0.259267654612202 -0.301115583238749 -0.266030050399605
-0.07202350723198 -0.108895783761998 -0.181220606276353 -0.232548869068185 -0.282480279434878 -0.374058907559532 -0.376567462469043 -0.457345975890858 -0.452992230224895 -0.402003517746684 -0.366272441024428 -0.384692360892645 -0.417048475123874 -0.432966648283908 -0.375747448928199 -0.300039991086682 -0.293805343920716 -0.297482418528405 -0.304906168116335 -0.361107099629356 -0.421428757025519 -0.439285369215267 -0.480292861928609 -0.459380441336086 -0.449100896144834 -0.337347370529781 -0.27917445947221 -0.306818682481102 -0.370940024846431 -0.338013306074873 -0.346911585954876 -0.324860450449774 -0.372838040268475 -0.366718197308083 -0.331134799373434 -0.339396103596184 -0.365761727654722 -0.327272364038978 -0.32080315818488 -0.358002560122851 -0.418329636021709 -0.375279229776534 -0.350649915947452 -0.336090829179863 -0.303744382970246 -0.391366449950063 -0.306254942636746 -0.316239194077692 -0.375916068778026 -0.306919878672634 -0.228340400614098
-0.0654337271879745 -0.140093383709314 -0.196870418184684 -0.24164370543793 -0.326626193431883 -0.475804250995112 -0.4355844461617 -0.446987122599285 -0.483306714972587 -0.378709736010113 -0.34779310330244 -0.391276301126833 -0.416817783381511 -0.418531097577964 -0.352693785325031 -0.359560350444528 -0.352999835209269 -0.308074698837591 -0.338139503403666 -0.408903932136075 -0.457946177782788 -0.505916432268439 -0.518609383685163 -0.533052699304514 -0.518956813925622 -0.456677718460414 -0.344735130368971 -0.327526902564063 -0.426952615322709 -0.356016168158215 -0.453546159586379 -0.337780211814102 -0.311386150155929 -0.371841428708045 -0.329813238645088 -0.319089042877952 -0.361388155025973 -0.338310240411346 -0.32696261335069 -0.359185722701449 -0.371884070526408 -0.318391037569481 -0.356814502778738 -0.359771053054343 -0.322004931767975 -0.34183289270928 -0.284195056005992 -0.31405394892931 -0.326729755773281 -0.303129693183881 -0.324184288325183
-0.0835544463419671 -0.120519532097993 -0.171755822776918 -0.248899774176191 -0.354441896258562 -0.427379866820962 -0.372461316015358 -0.358216463999187 -0.380575889281216 -0.350835368135206 -0.374312391189222 -0.339327292577142 -0.364043064074209 -0.362104188625569 -0.389440735346405 -0.341200170590424 -0.291290393658215 -0.287947895482978 -0.395422121513175 -0.464990383812504 -0.539332623983904 -0.511001260553694 -0.574326354708927 -0.555782044047052 -0.559766963000103 -0.529181969221269 -0.387715318675074 -0.358189698982837 -0.444986988240243 -0.388880922644274 -0.373022375753766 -0.353865263233514 -0.315366621840738 -0.313496550578296 -0.31311782734979 -0.382981382682866 -0.278179266684334 -0.354321905095833 -0.230046388252057 -0.307506443821789 -0.408305857755016 -0.396509671204592 -0.334750058710095 -0.332854959756222 -0.306780023727452 -0.305130069651485 -0.231142055318349 -0.234237679913608 -0.24974730605439 -0.293296894718165 -0.29562827903592
-0.0214037913839077 -0.0771506722302187 -0.180202751477385 -0.249025736850836 -0.357997567552588 -0.482791984183657 -0.396438284676846 -0.373818810534049 -0.328967117086591 -0.356669273689993 -0.352542876271657 -0.390566514025878 -0.350357662836597 -0.342571140388298 -0.383942531549561 -0.342206589971275 -0.332058290927283 -0.321705114042279 -0.371588151649013 -0.492382727881537 -0.574899714199206 -0.56326378960798 -0.592841509044727 -0.624640635980142 -0.581534670834658 -0.536566269559795 -0.535236885819714 -0.451265479321703 -0.396474225133729 -0.406144970733724 -0.34909164533834 -0.328703160453234 -0.363200457013443 -0.335009185961047 -0.315226427746119 -0.303521397709374 -0.268933077884162 -0.25767910616369 -0.238167109563632 -0.221798062775152 -0.367550621809176 -0.326419571344358 -0.339782598010846 -0.351009636271632 -0.383102670791239 -0.352420053196752 -0.317561816250231 -0.230132068227698 -0.251525334607099 -0.298313315714458 -0.249159122543465
0.00746755221782369 -0.0954818191121156 -0.191101475442385 -0.234485030003835 -0.375380309011234 -0.370616010266606 -0.346848322976491 -0.276944432826954 -0.284352535947018 -0.291933169526053 -0.345815758560427 -0.390645772612516 -0.419400623502541 -0.383579091401787 -0.419458623985278 -0.439836750572321 -0.373430644438441 -0.392433878714433 -0.409527517229818 -0.559579790079475 -0.604401840602769 -0.624029965046724 -0.597203205999117 -0.63615821016862 -0.576956485208477 -0.57320053567393 -0.535608661513558 -0.519950787818515 -0.43317791346688 -0.358632604546912 -0.33374520001583 -0.335117846916834 -0.364854029761758 -0.313499216846541 -0.299270257526508 -0.28162701190268 -0.269552852187998 -0.267938041623296 -0.339816733793545 -0.340711701532902 -0.333834067639263 -0.316960749441736 -0.371574468783714 -0.402169469770568 -0.421672770445746 -0.374348397804438 -0.384388685512246 -0.264365175312576 -0.253943013504487 -0.317374029889273 -0.361551058463675
-0.0474156346181853 -0.125802383720158 -0.180670074181384 -0.225749725622144 -0.269285442636556 -0.281440871790226 -0.269392172963178 -0.219526461558475 -0.240946859084526 -0.273609893945703 -0.331281977212344 -0.364209407917382 -0.414866745843223 -0.390258192370757 -0.408262222506629 -0.389447847557216 -0.393915882681569 -0.411406514488441 -0.430340910067202 -0.57063646868346 -0.665331728771666 -0.595577613363377 -0.678175142433562 -0.647157391508695 -0.599747558298585 -0.570843366223386 -0.563332571425439 -0.518631601261445 -0.452034665167418 -0.341824750290196 -0.346949743679886 -0.46478214053505 -0.367679105358369 -0.311444292888314 -0.288657630625308 -0.270748273376698 -0.250765584856227 -0.253668149176008 -0.224020012124452 -0.237749476102022 -0.314355895562565 -0.346222117242574 -0.308149386566228 -0.377079279687934 -0.428937666009082 -0.455866595527567 -0.36700253568098 -0.332256994603389 -0.266668963234442 -0.332232403433 -0.362321343010793
-0.0662977444009015 -0.100414354111118 -0.180897662178552 -0.176565811843112 -0.203126552172789 -0.206065320185295 -0.20517135123572 -0.189504234356106 -0.201927439461908 -0.256333684040049 -0.321098862620491 -0.335431524484002 -0.383857166616357 -0.417063715896034 -0.382841657429211 -0.398791450252235 -0.411590457684802 -0.539184233441471 -0.508279867166234 -0.493244405747675 -0.541495312096972 -0.593102900380525 -0.65119010843863 -0.661441478933052 -0.609086755054533 -0.570921480742532 -0.543613259806584 -0.538314194843838 -0.547599737251806 -0.477799440033933 -0.477638806106399 -0.42579726740092 -0.348478832979701 -0.30113734773795 -0.281608105522547 -0.272498569853714 -0.263513289039513 -0.234916405905954 -0.248714910592111 -0.337427500117013 -0.237502591948198 -0.24049774984712 -0.439636825837777 -0.487757018361705 -0.376285520379606 -0.499558373846867 -0.382760465814597 -0.216331900282829 -0.310125053791806 -0.375945299620831 -0.408014086847726
