data/pcas/pcas_mc_585/pca_referenceLayers_mc_585/PC06.asc
NCOLS 494 
NROWS 529 
XLLCORNER -117.166666666667 
YLLCORNER -55.5 
CELLSIZE 0.166666666666667 
NODATA_value -3.4e+38 
[rows 154 to 175 of 529, columns 255 to 305 of 494]
-1.09911065624667 -1.22330340301493 -1.12358670398232 -1.04508581635836 -1.00898007315317 -1.09847478489222 -1.00767632505227 -0.662767616241007 -0.755998921153769 -0.899163484133145 -0.547663393943777 0.077734607428519 0.136120988294461 -0.0259134955401269 -0.570405786143099 -0.784111912117195 -0.745804206633904 -0.157778014961426 0.0790610555084191 0.323230860821446 0.373763428503779 0.429481005630053 0.487386209452404 0.63789268231963 0.70264324110209 0.771924375913275 0.725070911646312 0.717245067540726 0.706244493228484 0.712431964694079 0.733145318125461 0.697559411335465 0.924238626082982 0.95077244868121 0.908258097838166 0.87403417217214 0.879295412528967 0.771177864356703 0.767708772241939 0.77322335157552 0.788304352017115 0.763197499635943 0.710379748145645 0.680155574066933 0.575597115549902 0.585151148093453 0.484312888567125 0.0910801934096492 0.254545361042583 0.50241685291534 0.387597076159301
-1.09496064779516 -1.23120310951825 -1.03217611152633 -0.972360222457989 -1.18962412675335 -1.00641767433544 -0.875036927898917 -0.684897114083489 -0.972961071057145 -1.13313588865222 -1.01856605164865 -0.511959482750608 0.171836446224743 0.844811516967699 0.357067066824536 -0.323374782310667 -0.735334350735876 -0.331247000724327 0.0989130154149933 0.346304601377325 0.355459893930536 0.494075956887328 0.507674457853643 0.631962789190107 0.701888837218548 0.799283523313613 0.793168645498617 0.727871868298461 0.730374293678432 0.724970271004672 0.697693091542449 0.701557292666254 0.665618577287042 0.645289901793453 0.892481881081763 0.799608331948742 0.82807947453162 0.753367834403042 0.726608412804664 0.778633179620264 0.751418107291715 0.737071121072191 0.724815039654277 0.61577092784905 0.487802815305749 0.460882701810627 0.296256764697512 0.176454822737721 0.327302176955992 0.42909319286761 0.25287042151562
-1.12158503160911 -1.23860350874865 -1.05777982354444 -1.13710389830634 -1.15563128683272 -1.05099408891509 -1.03450164065519 -0.67707023776016 -1.18903525495229 -1.11119072419764 -1.10957166418239 -1.01817069023523 -0.383351934103942 0.615267579360389 0.815344135585781 0.929123572243311 -0.37089164994494 -0.299161630380725 0.15741160033775 0.35203230981241 0.434447379109548 0.506190287010035 0.600110469257764 0.659207968351952 0.713347699155828 0.802300347313445 0.798628065747977 0.765100387048251 0.738913627028419 0.699488854613503 0.680962166789012 0.636392988770226 0.588729668333283 0.573255954449186 0.555275812771756 0.526657778606523 0.826558860830045 0.820801591480799 0.801481863828511 0.744774109439403 0.736889036957028 0.746939985876426 0.649255781165975 0.635421402030983 0.489640282683111 0.376638895174623 0.347958159298206 0.252593475261061 0.253659360919372 0.399835935370025 0.297751912792232
-1.25418474109519 -1.086007474419 -1.24376638217089 -1.15630840583061 -1.15198976932451 -0.982039226744611 -0.973428958730132 -0.905532640256183 -1.22185655564053 -1.03176580443507 -0.749978110925839 -0.745007679734369 -0.710064334538712 0.22683616824141 1.17965974382882 0.493128435610154 -0.154334035730651 0.0486367577978956 0.194220480405912 0.269693239894146 0.347811927415484 0.40764876004169 0.595326000390348 0.642412023920302 0.733402278321263 0.819393203351567 0.843225279708572 0.757509742220255 0.742289159756752 0.699791452543701 0.678008855718192 0.649902038047698 0.607080651378617 0.592733789171993 0.555732057194514 0.555655383099853 0.518330769722023 0.494213583143686 0.459073313261672 0.759886303167147 0.705374567228154 0.671969596432549 0.604508093483495 0.496695144326595 0.48631336398512 0.436324458129533 0.412119616806439 0.421667347708692 0.245688001015249 0.27846338392398 0.224343961363659
-1.38297369378714 -1.19600751873319 -1.15901894362805 -1.07924269602741 -1.17783240586158 -1.05725937721675 -1.11942953652572 -1.1862353192832 -1.13238823393206 -1.02239706299382 -0.13921747831804 -0.260203603636851 -0.636456783993909 0.590001636107232 0.647194046324479 -0.721929571702191 -0.28569075975775 0.158374491825329 0.231400111337496 0.280494098304743 0.354137728743498 0.398049112905522 0.578480716637907 0.681506917654549 0.745293363834758 0.798634048759764 0.864701981270017 0.814655875918391 0.751235531205956 0.716000701370072 0.703147751853983 0.64046128222611 0.58283094744244 0.560005019310212 0.581866453534912 0.539380314570774 0.515829049354026 0.513238084091191 0.451880924257387 0.441727512418253 0.428619724473009 0.372519134937442 0.349216273587407 0.210173385158176 0.042994986484749 0.371163738897171 0.258499899076508 0.335827498462338 0.300708201942534 0.184805124632866 0.147359330547103
-1.55009574381622 -1.39065499072774 -1.3174648598153 -1.31282704737646 -1.11863719012428 -0.974396814325147 -1.2221601446644 -1.31029292310625 -0.88138234880713 -0.66390072786045 0.251452353671735 -0.346526012790607 -0.147070907931034 0.393493194032444 -0.604042731835536 -0.638541329954649 -0.356406947662267 0.201672248315049 0.309429041156037 0.321339387570381 0.388313509500801 0.513483413808186 0.592290532628762 0.721967038716466 0.755045373964762 0.814972724550757 0.847209992515122 0.811964346133604 0.701586358507382 0.694703580462034 0.643279489525655 0.604818553821095 0.570727220431992 0.597396752387159 0.604641070374009 0.563826734071029 0.532839539502911 0.487816895528438 0.438846451471471 0.413001599809498 0.35286338239594 0.344643981897487 0.211020650975082 0.173145200264448 0.137320178278233 0.0137051328250588 0.25353919386398 0.319314797230245 0.367593840480406 0.185854098738574 0.124984907486433
-1.5693061197888 -1.41424258264529 -1.3469650602754 -1.24810919929021 -1.12848985619008 -0.86899212826897 -1.17321211288974 -0.924271560355074 -0.674682104028713 0.112660123487639 -0.618815408517554 -0.0498343806992978 0.659514916041953 -0.11935896087031 -0.531354383845683 -0.355470467540349 0.105554329581006 0.245661125107588 0.367128061061154 0.354487742727949 0.381768671885208 0.55016634130943 0.644614408902149 0.679731587966452 0.79882246611929 0.845644134895943 0.900315342015586 0.838976896321218 0.739310516871403 0.751195449244432 0.706799230205985 0.681378071299732 0.64716179731248 0.616525719919095 0.533396592822912 0.533880195622213 0.49188822676216 0.428352944502542 0.366943431999866 0.39348340508264 0.311375964686494 0.237365971917413 0.185072406365401 0.154414573959197 0.1855774471588 -0.0467873579684712 0.179157259603871 0.241383503719718 0.320763940162619 0.198011674993881 0.125035999131333
-1.58510421042499 -1.52210763844517 -1.39430936888908 -1.21704394197441 -1.11309207011689 -0.777993287087081 -0.893195421491254 -0.391591280817561 -0.526739426096842 -0.837484232828566 -0.844539342905982 0.457112678210947 -0.136160856989259 -0.316557681674972 -0.310943419073094 -0.0365323225977201 0.292910164710167 0.281020787842619 0.353354373767474 0.438663737361355 0.441363188224127 0.504721948343163 0.638966318284514 0.651284298077676 0.760263855370984 0.892742395682012 0.937262393150299 0.831763152568013 0.781459575447869 0.776123664912793 0.765920481961875 0.738815385850538 0.733409190086391 0.64376874568313 0.58257264349397 0.5276842540301 0.483456620682395 0.428288641635655 0.380217747650385 0.232004060137963 0.139193931173225 0.040592847080233 0.267251811500913 0.230557405420932 0.180702039997349 0.026818158878289 0.275007827303372 0.319853914477962 0.304507013265892 0.0770354920510507 0.0693217780921223
-1.69889689108261 -1.49260914800553 -1.27661178365047 -1.13904814843193 -0.900884294443955 -0.903566630586457 -0.917929308727245 -0.428213139043036 -0.667143212025123 -0.25324803862441 0.092259343668042 0.531561358807243 -0.616851191109145 -0.407784043019765 -0.0386639568202119 0.0627951004663506 0.347027581115036 0.362118925672965 0.418119244618156 0.488146915551651 0.522287469818054 0.513924082874418 0.630956839231075 0.721642899181511 0.846459848385123 0.870232063043976 0.874384366517347 0.856542048945334 0.845000127345849 0.786141512968679 0.760847416160747 0.748586852925699 0.708259655281691 0.642391604297683 0.603170736864399 0.563766963925177 0.504090423708535 0.423881078429962 0.295195729950353 0.216528711389197 -0.00132906278855449 -0.102442247256774 0.180614243768271 0.137130440391757 0.0431779271588033 0.0242123425591761 0.224544973041585 0.16366182853172 0.155938622282775 0.123353609738619 -0.0288114179997064
-1.68502532176245 -1.35111176173634 -1.10939941035612 -1.02062303936472 -0.868864406119092 -0.963386339148626 -0.370091687722221 -0.546382581374082 -0.213625228583258 0.395525065308039 0.493083148092296 0.0683235419542224 -0.33741956948534 -0.081464860435517 -0.0463062099763158 0.150796102254003 0.500879463072688 0.448640765091218 0.426463415399364 0.523535469995165 0.599302842755642 0.584971026321958 0.644085846328968 0.768552030093991 0.772731150513687 0.882143266477013 0.884830084354233 0.891084060127076 0.836307773793208 0.792730662026492 0.751688044001612 0.743766048541495 0.735570971384629 0.692915257711697 0.702353370910854 0.629008781879147 0.526017479180541 0.413881645561327 0.310769592486025 0.220060791360673 0.108010793515014 0.039636011434353 0.130200300315412 0.108368668773935 0.0421953249645546 -0.1180103618577 -0.165723973608625 0.190355935487068 0.174870700796048 0.175518480672724 -0.0314091355345807
-1.44974559672441 -1.35806121746424 -1.11150945785306 -0.831494152394256 -0.607038071291919 -0.863373673614844 -0.569971764569583 -0.52813194605397 -0.327278226143203 -0.596567673189829 -0.483660300848119 -0.427891915098332 -0.088332336244325 0.011987422098975 0.128137119237957 0.229144851361381 0.198043628909334 0.526610499363051 0.510114884701786 0.560677851701822 0.516830542302829 0.510099758497268 0.701236244451026 0.707721997876799 0.81470295321616 0.868239289081269 0.919236480827954 0.9064474158124 0.812034719882421 0.826341529884361 0.750257983898123 0.763877174686525 0.751507467307148 0.708784431993445 0.672745368470298 0.60530071537511 0.461120882740524 0.331346305649951 0.198332302798565 0.159013648495127 0.0890944764737901 0.141133688693087 0.159131087741928 0.00908358077747318 -0.00553314774184988 -0.0380823769008622 -0.0872789035467424 0.171248984362785 0.074415022244171 0.0433270469454853 -0.0957830345504285
-1.07123771762443 -1.32742649818281 -0.88099416028149 -0.879058217730499 -0.973819804210494 -0.873614479837723 -0.69434992325387 -0.618233209341687 -0.516852026796984 -0.50073096618627 -0.442396942246997 -0.144699202649447 -0.00168418599233094 0.119482326121742 0.235058449649723 0.259706671883593 0.288756621548078 0.55273484162301 0.565720098305093 0.582543699837568 0.543727985836354 0.578709653942784 0.674734217321151 0.824473508484061 0.86676636495273 0.920930668791842 0.927762679416348 0.884236672634184 0.831361327505913 0.741679611616773 0.751205055029343 0.754489956159613 0.706763858115528 0.664979395150181 0.632304375701673 0.506266032982988 0.414353468473906 0.327973832020982 0.233119624236189 0.0944065853373447 -0.00955014662808717 0.102401383589933 0.147646583013001 0.0467555223218231 -0.0528279124420504 -0.0859798509486431 -0.210106485189636 -0.251813969262961 -0.334409770537569 0.000954058951637804 -0.0465132173652273
-0.955852717255094 -0.883262659258995 -0.869427818182643 -1.0261119290223 -1.02150430208287 -0.479243091476162 -0.623991652125748 -0.491425124652168 -0.384969316091163 -0.287607725097397 -0.01983862503053 -0.0371413100596126 0.140246564468528 0.237918689380956 0.261281930174816 0.243014914759536 0.506299709875815 0.533218581862437 0.543394889529378 0.589848601070305 0.596089492248696 0.579981674713398 0.693452235381944 0.751195763382697 0.829575648055796 0.884825253798525 0.909063027373134 0.829037083714442 0.81183503778405 0.754707316517049 0.78775392931138 0.764434994380556 0.678998679166867 0.658613690883891 0.621269271506035 0.51278817277049 0.401687205601682 0.22878643555021 0.151704526674216 0.189056507890077 0.113331611296158 0.164445887879683 0.0977346718056363 -0.0514931854359431 -0.0528769787865856 -0.189747495734466 -0.274848265462631 -0.0153532128935387 -0.303022962842578 0.0034244711580822 -0.0260568658485163
-0.911643534587219 -1.01707491776194 -1.10974420476406 -1.2284353882478 -0.567529859243127 -0.15511901811842 -0.541137315785043 -0.387214088057313 -0.225657765205619 -0.109704346515374 -0.039029730545135 0.0178792150110382 0.124099134626249 0.255440602065467 0.262068691801487 0.213637460369162 0.48156062592865 0.48997311003259 0.545059613914958 0.569737474380283 0.549461261360353 0.636256920967123 0.714441001641622 0.812133860966513 0.892396292763402 0.945115914876078 0.96230993740058 0.854873661062611 0.80770216406708 0.783254357991427 0.774729344810092 0.772862701948513 0.69184510990483 0.674690005990165 0.595271437213158 0.490352111090612 0.453449439361862 0.298463359185297 0.298932735442913 0.180587802982467 0.0132962392859085 0.0858127237774705 -0.0284810641713843 -0.0598314772440718 -0.0560642290107729 -0.232816101072626 -0.389615866628815 -0.372076481374348 -0.290902743244416 -0.434260766107651 -0.0798581395868699
-1.41728283944219 -1.23952333636416 -0.990187689396862 -0.865879928290242 -0.68915019891844 0.174651035412333 -0.162313558717944 -0.4578182147441 0.00793052893345236 0.0940896952683015 0.0922755329951077 0.143181157530811 0.0233935501717147 0.210868704854056 0.246035472102618 0.176735068717098 0.457079345951897 0.516002231181926 0.557695446759195 0.63578365541628 0.648520062278765 0.736611181342405 0.715743837396319 0.821276467055432 0.870885768196845 0.943478788619954 0.92898044867999 0.85090559920192 0.819854848956646 0.7268457603366 0.720549959123614 0.737539059329011 0.655360258783655 0.606890023595032 0.527932201460398 0.479042490858114 0.399150518595432 0.359416239021318 0.303922962116857 0.102114994561848 0.0508073622207972 -0.0599199984437072 -0.145145332632696 -0.10002442474858 -0.0788721382018431 -0.254891893277653 -0.432248770933009 -0.291591585618498 -0.445627972975376 -0.565437653297125 -0.480731244938964
-1.35093953986055 -0.897774835754881 -0.870981443246256 -0.671742503628425 -0.808543048243564 -0.336687616442571 -0.419917859598169 -0.0909560133945843 0.120520020401736 0.165565587502813 0.180116624799042 0.38004029057944 0.325328356323115 0.20500144950236 0.239880479753265 0.233485109452351 0.524637945502158 0.553932954167924 0.671164221760043 0.67895375252915 0.709372499685115 0.795717182486259 0.784178531558312 0.79166770989493 0.812987314242062 0.856160749806104 0.855789442388117 0.797792322255906 0.747664947578807 0.724627642280811 0.712780443371874 0.704265313409522 0.661117328965601 0.613164334657377 0.512940635308544 0.439524015833641 0.423120653111542 0.292573489806192 0.185491297134757 0.0998073260723789 -0.0352773942043593 -0.070832620797049 -0.222913265044888 -0.171152697571253 -0.237275623394981 -0.282474131762477 -0.229202807468128 -0.303135328735439 -0.561901074312929 -0.623218138053852 -0.542015654821314
-0.997991907445556 -0.8940692641007 -0.564511821113353 -0.449607613300092 -0.71702107570664 -0.554356513971796 0.0140700287149967 0.142122577011371 0.188065488920152 0.249331207506287 0.200476860798647 0.325400096039186 0.264860910786019 0.1922398438704 0.184420117831326 0.248089729575411 0.477784047025518 0.562597053168942 0.639106636936114 0.697371619294244 0.780158817078055 0.77217335266005 0.79566644712656 0.838660963617055 0.827624547303 0.837515252987767 0.834312686569184 0.782689958194712 0.802637319451032 0.741551644362896 0.72150291670175 0.720557267881416 0.643166635048032 0.617603706500959 0.555711216976017 0.434623888865991 0.330163883061004 0.292708196329368 0.127729186148304 0.00473754786171493 -0.124801739534194 -0.0622800863469142 -0.263793139327155 -0.311382295359601 -0.200754191752771 -0.141179218111684 -0.271532966230897 -0.527068056716079 -0.58184822143221 -0.460410080449416 -0.585292919593822
-0.679626614504311 -0.594722998158889 -0.247915868334932 0.0894727386538094 -0.279993084104007 -0.16145483848204 0.172590941547655 0.184543014601466 0.260661263805516 0.388178346231075 0.390484210240167 0.350959576921115 0.348708053853259 0.353962222023196 0.318064756185058 0.275268775005536 0.519356285089619 0.537733360641194 0.665439032831176 0.723170488620424 0.762596876273801 0.77723425313181 0.798894945030682 0.835251980142805 0.782987422022142 0.787035787048334 0.819331510138431 0.804224615159711 0.784234175008175 0.757700221149264 0.700171691336121 0.63761779774821 0.567632535874018 0.500025621340341 0.42877756046154 0.318435107211522 0.25012706589904 0.178493866918942 0.0568892535196525 -0.0209605683410448 -0.161594463510315 -0.134081909255032 -0.396318816225855 -0.493135240331656 -0.302132031735023 -0.200029530023695 -0.480154106692773 -0.375420373342104 -0.386128761003051 -0.553086321754883 -0.636234514799368
-0.459371975708278 -0.568521015535118 -0.0865056908126598 -0.0904416791184845 -0.445202823440631 -0.0030009761845432 0.23269494184946 0.298566520791154 0.37310134709516 0.415859182944575 0.484243477923774 0.378424661791036 0.391950540488731 0.338680058847456 0.314353933633285 0.5182862788942 0.538973850382952 0.506272249216816 0.596959834594523 0.676015566855197 0.748975992696545 0.753528607684345 0.793917540630876 0.732842615422757 0.792804802755535 0.796363591827175 0.809289302948142 0.763408110432297 0.739476776378268 0.693213864722668 0.638168687325045 0.551956472714737 0.510945405076826 0.398383408730443 0.328961477587188 0.232353370330762 0.185924289180648 0.124119083342273 0.0730295102681617 -0.0568808861416315 -0.159917325464418 -0.357064421180702 -0.500386788201807 -0.496978769231427 -0.455269241757461 -0.51481631953986 -0.637703045685789 -0.361636669353851 -0.537331928849653 -0.691321864306193 -0.753777072175378
-0.323150911728282 -0.305710614838797 -0.110143681858136 -0.139399574501238 -0.269811898623785 -0.114516083518929 0.0791617732292798 0.286816648278237 0.401360438663805 0.45709927260519 0.488794325492419 0.390833559463867 0.344436509733836 0.325400301977392 0.251223557963989 0.46416548754985 0.510579900807346 0.499819571363963 0.63863784723737 0.647613145200635 0.660788642150318 0.727297569606127 0.737572816310906 0.761273881560571 0.760596566812048 0.81003899139798 0.769456844434692 0.743002280548422 0.691841173463339 0.645904502364189 0.58718135779427 0.498318353642983 0.42178659642193 0.345947553696118 0.286033202088203 0.215168509331155 0.109242464236275 0.08712379668725 0.0255391658869485 -0.136433583622331 -0.231273232055181 -0.413053427268288 -0.577305336458974 -0.578783367221866 -0.691494206646154 -0.812201117701168 -0.745078809492005 -0.646761005059573 -0.802237396077311 -0.914179098720648 -0.903742424995232
-0.362199178404719 -0.292642496922234 0.0383549885130221 -0.191203655807492 -0.01290799976535 -0.255000693220722 -0.0889796070803724 0.142210653367905 0.269311547779289 0.422649045518602 0.352355603676197 0.266441765698262 0.227038525878575 0.266064393425367 0.231226613430754 0.329241177395955 0.419522163438747 0.523793179590115 0.577489081719925 0.626266815832111 0.714801866823334 0.732824717699447 0.738868004465702 0.786849391938785 0.748686942591941 0.765217771823145 0.757791335006857 0.667655722774811 0.614715697530885 0.578526491453218 0.504157029571888 0.419908831578273 0.336000753726737 0.256093579904575 0.184524285308421 0.1368533928108 0.0583906507018305 -0.0384928909365162 -0.152887903622072 -0.306504763928029 -0.300495889202315 -0.668280344628867 -0.625969667779357 -0.701191358646605 -0.916540259305351 -0.893377303671077 -0.915190396885189 -1.00774420232725 -1.01737183436766 -1.10145612876286 -1.07902900789191
-0.137265763662775 -0.0664118071525966 -0.146234826985904 -0.254340757563186 -0.113973378509948 -0.379422457260248 -0.317837302172099 -0.0828677532469893 0.120371093585445 0.259082361918051 0.148573882425372 0.124867432948458 0.229528575275255 0.316628930480893 0.176291811102603 0.297155312796897 0.389434461893671 0.529070402509394 0.607535684640858 0.655968565113012 0.695680709700854 0.671483338801744 0.687943958628127 0.73815271579032 0.759454231638624 0.736950272250424 0.683755178451151 0.597035961383968 0.521665997193753 0.468592796044558 0.434275739459064 0.39145240490713 0.315775298676439 0.177517940139414 0.125583123093113 0.058001087144058 -0.0683673989928443 -0.225737878752294 -0.269657569773413 -0.388607494456163 -0.57445707160536 -0.750306981839414 -0.737873660859739 -0.818852515003958 -0.849544695337847 -0.898192642928696 -0.97312008865776 -1.06772493214367 -1.06277016615791 -1.22128561399764 -1.27896377036777
