data/pcas/pcas_mc_585/pca_referenceLayers_mc_585/PC06.asc
NCOLS 494 
NROWS 529 
XLLCORNER -117.166666666667 
YLLCORNER -55.5 
CELLSIZE 0.166666666666667 
NODATA_value -3.4e+38 
[rows 176 to 197 of 529, columns 357 to 407 of 494]
0.231672195446181 0.225452381205393 0.272877713284406 0.247650848417819 0.24315804593708 0.259508519096588 0.245292748993184 0.324313822244558 0.304299319192325 0.295252066779773 0.285389054405627 0.28747892126788 0.243895288551652 0.222992175567781 0.16076186771499 0.0855137854599536 0.121788546159971 0.122903409315848 0.0432204557614082 0.0424820666471674 -0.00852673431027007 0.00900119696746604 0.107671310164181 0.146950544063591 0.180251718826142 0.187947813354789 0.237712055838275 0.229740038534678 0.271383169575622 0.274524655385798 0.296734279300025 0.350615907701836 0.346709206017613 0.378485475094225 0.457015234247925 0.756587264526949 0.838720723431094 0.936823458016589 1.04171308356525 -3.4e+38 -3.4e+38 -3.4e+38 -3.4e+38 -3.4e+38 -3.4e+38 -3.4e+38 -3.4e+38 -3.4e+38 -3.4e+38 -3.4e+38 -3.4e+38
0.219630744315034 0.22414037413409 0.222875967883617 0.265778182917824 0.247754424434941 0.268487953083855 0.295256538457773 0.280539489430575 0.32949945126793 0.309548948789599 0.283299815420007 0.282008369561605 0.268184468344953 0.221711424709892 0.216169765295975 0.197398691869262 0.271008793171054 0.0964332514586921 0.0901652767530372 0.0590028060088811 0.0391043734720391 0.0384848597950692 0.126333758464238 0.114368030806302 0.153473328639308 0.197731477452968 0.181338394902635 0.241383060556645 0.245093753835734 0.279672102391145 0.302688526503028 0.304973490015629 0.348894806602528 0.39890289127006 0.437189931458633 0.736846847664125 0.824782580122023 0.900875435882792 0.992242800705984 -3.4e+38 -3.4e+38 -3.4e+38 -3.4e+38 -3.4e+38 -3.4e+38 -3.4e+38 -3.4e+38 -3.4e+38 -3.4e+38 -3.4e+38 -3.4e+38
0.230665463548117 0.258261139129477 0.237217150759835 0.282220096383521 0.310474633421131 0.313199369654172 0.321990118906927 0.300933262300267 0.349664343550101 0.320112665183671 0.280751421036355 0.303811329524683 0.26584762418896 0.236879156464875 0.221818523624488 0.209277976005279 0.144319903943376 0.119539972806984 0.0858479940599316 0.112170895263471 0.187690107614283 0.176417184326474 0.138259547804811 0.137215705318288 0.164329573769767 0.186553087168674 0.1539143631128 0.210390330366948 0.236935364838311 0.263640148462792 0.281627065990095 0.283852301397137 0.335861331840795 0.399556934303585 0.446839828900348 0.468330208880624 0.541378657631271 0.638802903764659 1.00008057221828 1.07285215418801 -3.4e+38 -3.4e+38 -3.4e+38 -3.4e+38 -3.4e+38 -3.4e+38 -3.4e+38 -3.4e+38 -3.4e+38 -3.4e+38 -3.4e+38
0.246007706790975 0.275276341773478 0.318270205984911 0.318191396476532 0.320861781847695 0.300147729934223 0.304609282112924 0.351669908622405 0.347649823529529 0.279890136122667 0.280290798061989 0.30063439661914 0.216524417880175 0.229882074159636 0.250041909690848 0.323890244827493 0.175306985662906 0.132978366385236 0.243246584278524 0.219199693364824 0.218363244630037 0.198802948750833 0.159077315623939 0.176571981250127 0.187700006086039 0.167996380423006 0.185592546260583 0.205321477966355 0.195149717766097 0.226924455377281 0.289234872071108 0.322930026602925 0.347542589067511 0.435820985981707 0.44852523674859 0.484982259109138 0.540962936702045 0.653316206960057 0.726622540504345 1.04284266767795 -3.4e+38 -3.4e+38 -3.4e+38 -3.4e+38 -3.4e+38 -3.4e+38 -3.4e+38 -3.4e+38 -3.4e+38 -3.4e+38 -3.4e+38
0.280279104670943 0.277968253706173 0.32828511665437 0.34145938174654 0.329794796121464 0.334343051344884 0.341845938953101 0.326197857535123 0.318942936052524 0.48931138657703 0.305417848635683 0.3196790061438 0.320105954439923 0.217134174592936 0.382979191801561 0.221558448098996 0.298138484343713 0.280526361332725 0.109449792216331 0.235926440940387 0.215407413986702 0.210010026699208 0.217018552160859 0.225012937514091 0.185785829889698 0.216756074750187 0.181196064646063 0.189970460311519 0.206270282429381 0.260268122558369 0.284317203410119 0.35091020982986 0.390583486643784 0.42181880202623 0.462918633251473 0.468192604662684 0.575515191083547 0.683889703133005 0.719799090237706 0.804436739811314 0.882092435213358 -3.4e+38 -3.4e+38 -3.4e+38 -3.4e+38 -3.4e+38 -3.4e+38 -3.4e+38 -3.4e+38 -3.4e+38 -3.4e+38
0.291844178465419 0.315705957966145 0.336703816366037 0.35493720069079 0.330672438872591 0.350106971483826 0.348590546893904 0.351111397793134 0.357478811646886 0.366819681226432 0.340243407995046 0.465621407087428 0.324687371093566 0.27515755656566 0.325370148028466 0.196257333686738 0.311614987644484 0.25990847651466 0.268928446124394 0.246620239386547 0.196156569585486 0.219412861135232 0.23323853550206 0.223735327817262 0.213532166654295 0.214034629903136 0.216185649914211 0.193321928864066 0.207093116630054 0.235573142297613 0.262097148496354 0.331571463779927 0.364119551594621 0.43324990227027 0.474400579972593 0.494631159367457 0.566366928547249 0.658068906594039 0.730417381142655 0.811829614500146 0.864468320641642 -3.4e+38 -3.4e+38 -3.4e+38 -3.4e+38 -3.4e+38 -3.4e+38 -3.4e+38 -3.4e+38 -3.4e+38 -3.4e+38
0.323094248494765 0.367202397512874 0.370353870892585 0.357866236132981 0.378859409525182 0.352353005337213 0.356123042550122 0.328915825059813 0.343830411867747 0.327496667283997 0.135826236773293 0.284122215258233 0.442847878512878 0.291336180214141 0.407097796703165 0.207827409708672 0.310822552842606 0.268876201812562 0.278777224768716 0.249230193767527 0.243654159073036 0.219544525830805 0.223239998790591 0.212523874910718 0.22465543400814 0.202805728578811 0.219616674864288 0.196371214717946 0.216532435850717 0.239318734918235 0.274899584124079 0.305068868225173 0.353753572871701 0.401342936969229 0.449104200344157 0.507597186630901 0.576449005922372 0.630254506136326 0.753184408208538 0.796820848807248 0.883613027044553 -3.4e+38 -3.4e+38 -3.4e+38 -3.4e+38 -3.4e+38 -3.4e+38 -3.4e+38 -3.4e+38 -3.4e+38 -3.4e+38
0.355196132869104 0.358059701373628 0.378298551674219 0.35500552701407 0.376532392097469 0.388615137962807 0.368651000910847 0.367378596740891 0.365461888334224 0.187353151275583 0.0345710323048648 0.0880300253491934 0.282797785894395 0.424673796870518 0.420216722411677 0.321070158507978 0.200819401265283 0.304882545720155 0.312543632459458 0.272655770783503 0.253881267457036 0.241454645211481 0.240111758945246 0.214477223618678 0.23992260649123 0.220903434411791 0.227473378858852 0.228804839250212 0.218140357099682 0.236535864357284 0.283622912926639 0.283769221550256 0.339268821497924 0.400588840966798 0.423965198807677 0.50650121912666 0.554249143388541 0.624799563143321 0.728510795546924 0.82103464187224 0.89335233682971 0.983909028085901 -3.4e+38 -3.4e+38 -3.4e+38 -3.4e+38 -3.4e+38 -3.4e+38 -3.4e+38 -3.4e+38 -3.4e+38
0.369388011324946 0.368934898891893 0.390012502856886 0.394855342610542 0.384669637316771 0.360526104705206 0.42046753126487 0.387653311246557 0.364659740143478 0.218944818319708 0.076768382674775 0.0348239632396755 0.189051096989121 0.308776208331259 0.302674437655511 0.387208870672644 0.363459695160492 0.340350824776132 0.350543171341569 0.300970135053812 0.253114546079352 0.246319304442924 0.237008617844153 0.237701160259345 0.242453127878268 0.243389197375583 0.223629483994485 0.250923938662294 0.223407885644847 0.229765435787435 0.249699181912968 0.302299830243561 0.328836580484387 0.362518515435711 0.412294394977987 0.467475604339181 0.542930224981844 0.64832957310986 0.734311613671856 0.808955485853711 0.881849668128677 0.924622068803947 -3.4e+38 -3.4e+38 -3.4e+38 -3.4e+38 -3.4e+38 -3.4e+38 -3.4e+38 -3.4e+38 -3.4e+38
0.366951926831411 0.38199961008942 0.399270214047383 0.401770839959848 0.382880352716367 0.401716603180266 0.380642055641017 0.397879697304939 0.385133730243066 0.226242690095727 0.113094752349083 0.0750902303954492 0.0826922803704443 0.248624891901558 0.283955503187175 0.392870946046274 0.298897436830945 0.381614571703531 0.361218122097948 0.344964973432872 0.285491995467878 0.24692993986855 0.241422120844198 0.233077553294283 0.251493615810573 0.250067039527387 0.265463890672207 0.252842044461271 0.237797384268382 0.244615086707438 0.267999531179462 0.281269032962544 0.320080902359154 0.363664187668114 0.439648501620762 0.48989596112726 0.546053719817531 0.63445302474648 0.750165691406728 0.845765016423098 0.856164067955067 0.954817059052202 0.940320366868894 1.04361763623592 1.25714059641881 -3.4e+38 -3.4e+38 -3.4e+38 -3.4e+38 -3.4e+38 -3.4e+38
0.403986996940295 0.399561447342347 0.39951236132349 0.41408977371325 0.391048927751147 0.399576116832957 0.396157933878887 0.404506048287473 0.420253605921605 0.240836628358591 0.115587550372125 0.149066360991478 0.167328552930821 0.300433572653535 0.255671940815705 0.365219458743402 0.340005688137923 0.386406182798624 0.370897063376668 0.348815629556074 0.287167434081345 0.282380148916107 0.259994918914917 0.23318859603434 0.235089585149649 0.254264486774749 0.261885582208098 0.260408371510765 0.246717822152846 0.291137586373293 0.266624698813988 0.305919880560307 0.3676768875004 0.396264189164683 0.444527452789854 0.519502879410136 0.564556420103155 0.659220427469053 0.731849714314968 0.802972462235381 0.837211330260004 0.924200476347769 0.912116342813391 0.940309937599019 1.04347674059486 1.16738899628765 -3.4e+38 -3.4e+38 -3.4e+38 -3.4e+38 -3.4e+38
0.403665650694886 0.404043637764603 0.402584956313783 0.416904473014794 0.399021728831974 0.415097691647399 0.419089659697275 0.396800512887559 0.410859085765594 0.215119563857918 0.167809809908171 0.316188536597808 0.277542056109375 0.304335101831622 0.264917944086063 0.339401626049619 0.255914952275634 0.378351953350356 0.365055857406086 0.31078063385947 0.305774084759732 0.33677165476377 0.336793827298252 0.256713874700448 0.240825099451274 0.261366964007402 0.301563264453329 0.318747642335894 0.314315448180099 0.293665968478111 0.299300948749551 0.325794462292421 0.345167768589856 0.393131015096767 0.442922085352014 0.504085143157605 0.562962681757278 0.625003258270061 0.722330787785017 0.794271892752187 0.817175795609233 0.902895146485659 0.974083440927653 0.946446859170666 0.994095199785757 1.07388449033234 -3.4e+38 -3.4e+38 -3.4e+38 -3.4e+38 -3.4e+38
0.392035849937057 0.377671570951218 0.390659790592821 0.393027045645702 0.392658139070383 0.377994248748101 0.3887170715663 0.360848946390602 0.37697438931855 0.311523222453257 0.196643746862252 0.337518785107836 0.336741745099383 0.301308694843572 0.292470404232048 0.282225529657202 0.279149314092444 0.27000594060814 0.264990640768444 0.318935175031201 0.310670902210333 0.295200856858532 0.294386262783959 0.28648826800846 0.274073514862371 0.246803444240463 0.278437051981324 0.288696413040282 0.2782949272148 0.269081366683817 0.286575360749071 0.278330090542211 0.323510751836227 0.359512782562536 0.385116967725764 0.495767359952709 0.557415044753951 0.651350505156186 0.699705861558513 0.738314347955872 0.769194862012635 0.842904524816988 0.827628881092556 0.896143947583152 1.04902995372109 1.10891281612673 -3.4e+38 -3.4e+38 -3.4e+38 -3.4e+38 -3.4e+38
0.369981877775642 0.378105043876435 0.358546149071154 0.363659753744591 0.356799259885989 0.324538457705591 0.349849657294404 0.351886464674909 0.341378154735477 0.290910626340424 0.181175664074261 0.259712671132647 0.287942931781599 0.264560416210004 0.253630084690469 0.268347075557278 0.258778758804505 0.266375726140801 0.332530502560312 0.308367601937062 0.255842006255031 0.256259065946619 0.284586253763531 0.287217749755153 0.237628303458808 0.253844435165201 0.238478898713977 0.247406834901815 0.271465452848227 0.243696604372452 0.256382084241836 0.26103212113465 0.298603103206402 0.330996199592762 0.382943346721321 0.440298733275317 0.514396270729611 0.594518062316317 0.664901636470406 0.671918977437665 0.749707239607563 0.847311124602191 0.84744245966078 0.95940341523772 0.99405401547922 1.05730179764151 -3.4e+38 -3.4e+38 -3.4e+38 -3.4e+38 -3.4e+38
0.35976381185413 0.332773941500698 0.355517770197211 0.332702130716075 0.316837047369842 0.310051724592351 0.310063915520421 0.305572899994361 0.304607894843224 0.273648094769579 0.211450510303636 0.251913967481946 0.265718245393606 0.236303251679015 0.228850520440507 0.254788109315275 0.230158555954681 0.314123856930619 0.278696502283016 0.265317694866748 0.264099244459533 0.22912977319588 0.228348298273949 0.241821180189674 0.223871941409996 0.204809231374225 0.232464887827314 0.237069543749585 0.243237546757217 0.232927376961041 0.244888514930026 0.225879342735419 0.221841120425911 0.264516937346536 0.309699213060902 0.413793551393624 0.496563367708993 0.597919695809356 0.637822489719657 0.648694431561493 0.763425655061882 0.756685172043172 0.788259621898133 0.861782860534993 1.03397309237533 1.09442903802927 -3.4e+38 -3.4e+38 -3.4e+38 -3.4e+38 -3.4e+38
0.326551313764231 0.306007600815921 0.320120946874087 0.290740963805097 0.289852009310143 0.263477999427842 0.267126523419791 0.233327435823206 0.240853875616444 0.255791547341101 0.242799587138893 0.173519378758982 0.141386831358634 0.218248375066897 0.234365835024611 0.229362581361183 0.282161457652575 0.288608632546366 0.29159899120002 0.234815789971444 0.254230844152149 0.272473070891752 0.228102812468863 0.224760064094577 0.214657013969424 0.22426865071163 0.182575525773418 0.197881821536269 0.180078895155828 0.205900655730948 0.223077779960257 0.218514585648143 0.240101406135986 0.247802163971434 0.291935362196612 0.399328944644638 0.459250479399256 0.501135662645641 0.529573895800656 0.598635779504105 0.674177333289658 0.70852680156155 0.761288314253855 0.861722006090989 1.0100108826817 -3.4e+38 -3.4e+38 -3.4e+38 -3.4e+38 -3.4e+38 -3.4e+38
0.29710986824055 0.302625998824208 0.276444281944519 0.281872204045413 0.245327915749939 0.208245088197392 0.181655022499341 0.183906619869794 0.189398520052462 0.165989232583267 0.154724757584157 0.101266788403025 0.0978648378596589 0.229491018316791 0.243960896775734 0.3056574738332 0.283724432179004 0.23459102223527 0.23201342211361 0.229219950013398 0.231376015632395 0.250304772649343 0.237252363029777 0.186712214222296 0.188645101284496 0.161684303001472 0.176159064964348 0.184684775689672 0.147707450203222 0.167331799915973 0.201711227777431 0.197041941491583 0.216649178102307 0.236825976131767 0.288765272655166 0.333388642539007 0.411643107149403 0.428674039496966 0.501315395333466 0.549195460905231 0.616332657078461 0.666917605502001 0.807390353302532 0.897270502900996 0.921149205604802 -3.4e+38 -3.4e+38 -3.4e+38 -3.4e+38 -3.4e+38 -3.4e+38
0.230733457158759 0.229503070881457 0.214496982607164 0.194683513632252 0.202314332274557 0.199909063939364 0.162762842029661 0.161155359748777 0.162858136975605 0.152583974075374 0.177445531299904 0.151059167843816 0.170949255625943 0.180584683461024 0.262547487327793 0.270887933752454 0.265641213756484 0.262010431164594 0.240329187206216 0.220581970943081 0.210342372943196 0.221742146390603 0.227108200578191 0.199064054307566 0.178300882405653 0.147196011377629 0.124725119546546 0.147270588830839 0.136886302052406 0.161611110317198 0.184691894023163 0.177914473390143 0.190735894504353 0.219248438350617 0.244627509883596 0.32319369733482 0.371900021557035 0.457212065083191 0.516885759929956 0.500144407802434 0.565033060922366 0.696685321022025 0.783237742200081 0.844062600489393 0.842841556055957 -3.4e+38 -3.4e+38 -3.4e+38 -3.4e+38 -3.4e+38 -3.4e+38
0.216086085944587 0.244838328624684 0.216593350293116 0.209191991744386 0.226890751102522 0.211072886009141 0.174022395104874 0.148566058372714 0.135684215490629 0.133948802723173 0.142345678761512 0.0974292770113785 0.0969682835279935 0.153913463719146 0.159135678334117 0.210345393188912 0.24730036584373 0.274409739146578 0.268863476835081 0.23125000461056 0.217122239896151 0.223125462980918 0.210003729142775 0.234441832316302 0.169833029466819 0.144246742604316 0.130840891719751 0.119470044004933 0.104661113961002 0.133098167746933 0.140564071985872 0.167996277587752 0.147517598172651 0.19687186350113 0.241352245646832 0.264735922114559 0.301858876214891 0.231940612071701 0.434164931518319 0.472652083430241 0.608333782211999 0.725297818323994 0.757111887382695 0.762512172394559 0.793429145913033 0.830270350064438 -3.4e+38 0.896697877208482 1.01922479106983 -3.4e+38 -3.4e+38
0.229137585333997 0.252073203798766 0.232611832897022 0.250965751096766 0.247344080504827 0.205502596923921 0.172539641158647 0.155636319990072 0.167531791237439 0.117992920601883 0.119433658430543 0.102485169878908 0.108412686893493 0.148917695143749 0.152061070833239 0.191382111457611 0.198569255285626 0.236979437109331 0.228457280140387 0.229564239421241 0.219031950308654 0.222094691287786 0.213808682946307 0.199175277891311 0.156714267922323 0.118526953547271 0.123164135017052 0.12864011418829 0.114329947217098 0.126342875556525 0.132423540137699 0.143986807709224 0.135911818437004 0.138833994511853 0.182904255132054 0.201311861487525 0.222626724113435 0.236687096613895 0.347120472746227 0.300234421283711 0.61077711359734 0.65564315874636 0.618236226871068 0.655206591790852 0.664107735059886 0.668075666306627 0.720557254848341 0.868220435599179 0.944208485963299 -3.4e+38 -3.4e+38
0.287327202490972 0.225606200390621 0.224084659767371 0.230805525962881 0.235877921345893 0.193274335675164 0.174104846914466 0.154638236418485 0.151390910042047 0.128807121827389 0.117234489848554 0.0653090097547542 0.0674155990369003 0.0951804538156482 0.155664441308045 0.165278359400463 0.184549054514895 0.2324126624657 0.231440312606781 0.263762278590564 0.239522059171777 0.2193348323358 0.216655128624748 0.175292495533089 0.163758830130953 0.146166212151863 0.105285593867381 0.108935901270378 0.0882848549342622 0.0987470506768597 0.0763324838165626 0.0970444192951974 0.108976845251675 0.0870480509251303 0.115241171878197 0.119725181521668 0.127172324896794 0.183730654603387 0.296242696259092 0.369903528637127 0.366846292054471 0.426568826755637 0.552898540694146 0.592231761903079 0.651632990046188 0.717391183273846 0.749353885623886 0.757718752659899 0.812433299660871 0.960769302130967 -3.4e+38
0.283153172186453 0.304635163849773 0.275129462287169 0.236254151640341 0.261118497655998 0.201955733829383 0.181296618845357 0.142724484023061 0.163378153183617 0.109389421301718 0.0945005314650859 0.0436661010485205 0.0313229562570673 0.0334055237659274 0.119238440071737 0.135510108266551 0.179740903585467 0.201492693543422 0.217399819759357 0.262664781675227 0.246135442944988 0.243841076732509 0.227324376298901 0.229638801754808 0.166120916248921 0.130554695956961 0.0798111715849829 0.10038840701876 0.106182077271758 0.0867158242541165 0.0820249717669484 0.10238427377686 0.0944534070175766 0.0712671355583495 0.0278458158198541 -0.00425277341698965 0.00743526665028948 0.13936819865117 0.23061750997164 0.303244771272867 0.326362953652335 0.359797906940806 0.388007968547757 0.436103685250652 0.442578303115788 0.512252600531563 0.560761846489442 0.630779520370632 0.760413220041705 0.845329904166586 0.918340047958659
