data/pcas/pcas_mc_585/pca_referenceLayers_mc_585/PC06.asc
NCOLS 494 
NROWS 529 
XLLCORNER -117.166666666667 
YLLCORNER -55.5 
CELLSIZE 0.166666666666667 
NODATA_value -3.4e+38 
[rows 418 to 439 of 529, columns 306 to 356 of 494]
-0.404092538848543 -0.384857647768768 -0.280319574580883 -0.21855223999948 -0.134916138089811 -0.0725370894900883 -0.0451202097588114 -0.00459252552799339 0.0316466217503841 0.0258205693066869 -0.00260646329746872 0.0257767003554444 0.0296142314596973 0.0151691277802869 -0.0022087119167786 0.00122493523615913 0.0334303111586429 0.0720052632596274 0.155658287716933 0.361386376938486 0.376471586476457 0.464288274047362 0.448554130842698 0.414549920563652 0.455865414147782 0.470912907334546 0.537018871298446 0.565589063784316 0.574833760387017 0.5942006567971 0.586109943918486 0.581962802625475 0.57066047554741 0.540043062375205 0.484337746368624 0.477326035524992 0.444548077808271 0.473670960008387 0.537768537812716 0.539402219216094 0.572632050231894 0.588726787674673 0.574287511458209 0.5562527990926 0.53394673989393 0.520474715536881 0.50519476328585 0.498380127854553 0.509997025472815 0.534896335182789 0.571710626374811
-0.477374368740054 -0.337500623030183 -0.266743095116442 -0.233872951573132 -0.151877861641485 -0.131725432519826 -0.129323704785971 -0.0829807152304559 -0.0679586611661995 -0.0738030852172318 -0.0417472160970757 -0.0739617647195892 -0.064026332019136 0.00469637630239794 -0.0235190906309085 0.0213493044790071 0.00811464089061861 0.0880949900289815 0.190903590150567 0.20283817527042 0.246862891892608 0.278461145829473 0.353795477431933 0.411076644836305 0.429485408192112 0.451034354628393 0.510752066514053 0.536424424596043 0.550206621388664 0.580464915992215 0.587579189978455 0.584927622374058 0.54222749109307 0.534483515741081 0.499500734683034 0.481846763175943 0.465153674495714 0.472875261964869 0.45130304932715 0.484098837472187 0.497571567660064 0.538621223050415 0.505947008119119 0.507204235414713 0.487639549811773 0.484181645765133 0.466411497813155 0.443849738550327 0.504144534369199 0.512570397129841 0.549861419999948
-0.493993612343021 -0.394770400979987 -0.349798015387875 -0.311363870138454 -0.254656547020692 -0.171068076949205 -0.148927131714892 -0.170780996513969 -0.119587358525416 -0.105382065336156 -0.0714469206773528 -0.115409141451981 -0.148687942866336 -0.116432939709841 -0.0921240441693534 -0.0384539111334739 -0.0169388613993982 0.0756434135229379 0.132201485382399 0.186495096081226 0.234910160722527 0.291827997344602 0.315183936077046 0.371077565818739 0.40823527127673 0.471614716929848 0.507266447180874 0.513747105437427 0.521120561893088 0.562656571803921 0.566926899757268 0.597840589833939 0.556509114727532 0.517458234545915 0.521420333038455 0.499092204398017 0.489335418105465 0.479124172488989 0.47041420626084 0.465579219643783 0.484211661015904 0.502025220934675 0.529304489272896 0.474839265489295 0.460816401447465 0.402673828348331 0.409917880444479 0.442167274568129 0.446270891166627 0.488898768915156 0.53970291917116
-0.537492063329377 -0.481153914914329 -0.415945757781341 -0.394542544533775 -0.335576150015398 -0.224879736657626 -0.202829065489567 -0.175759593148297 -0.182339037784527 -0.158012465567884 -0.158745857778947 -0.129230941392793 -0.100924386928633 -0.124421923223988 -0.132744831580307 -0.165483964922042 -0.0816969279716556 0.0793660584516857 0.146281226471334 0.193397139656036 0.277833627813418 0.309845790802638 0.338975903373939 0.374825190104109 0.384749394769592 0.42059380888958 0.48383056932559 0.492316620950914 0.491231497684479 0.54388276515312 0.569228343027015 0.570451988441749 0.560045573465016 0.534888296006154 0.505029753495663 0.51030107458979 0.491669147594527 0.479807580945527 0.464409305627582 0.475118755703974 0.48413204823918 0.492010556802185 0.492474102039906 0.427179014734793 0.385674140672073 0.376514287814741 0.349492125234871 0.348208249525719 0.354332276287697 0.415514227020749 0.526414372068805
-0.489547186121195 -0.465286030898707 -0.459915840359466 -0.433126321877839 -0.360067798012953 -0.317415297787834 -0.250143902969605 -0.222448943005506 -0.192977135091491 -0.185948626455652 -0.165165960131187 -0.127464338083853 -0.0983249497775007 -0.0870000427877502 -0.0363560908362044 -0.0123223662418578 -0.00520003522503648 0.0393732133983332 0.0946097425983984 0.173894783488465 0.22623187081963 0.31075394350489 0.346099755219006 0.468681083527702 0.492030607850525 0.413290374595058 0.447402303564113 0.490707840887329 0.496490165768438 0.53894140945087 0.530044811937578 0.543792761341864 0.541366777128288 0.53935402245746 0.507952047209625 0.510261387481986 0.48612516292901 0.478135432310843 0.481207619347959 0.461836994541738 0.487790707979376 0.506174026399808 0.501342304823725 0.458149510791427 0.430494254160442 0.381620465850265 0.363521269564283 0.321054377674129 0.346927481513279 0.374330309443077 0.474480533162331
-0.574538753294226 -0.428220788040493 -0.409099225376192 -0.422236095681845 -0.404809732885703 -0.409383294239534 -0.326262464051783 -0.266030167491974 -0.249984203669018 -0.190615233786209 -0.160664814701161 -0.155378389805182 -0.121967458214096 -0.114949097003606 -0.0278121507440201 0.00192384244024821 0.00622972765677973 0.0259620199202593 0.0774287695655496 0.155867465694143 0.211602059656762 0.307060581433125 0.305639166622591 0.355588243105806 0.561516500727564 0.458030933114296 0.488975675512072 0.432795349375535 0.457153470502936 0.501743641633348 0.505611799111481 0.503980932792447 0.533341982025949 0.540168735941773 0.541915290917704 0.521255764784622 0.517124622806012 0.49640698574747 0.470923496526758 0.48986207590962 0.487762631008897 0.485371938427685 0.481211402576085 0.465864801355674 0.438761972600773 0.434731233447625 0.366707310555799 0.375704764386097 0.427244630705295 0.433374747954982 0.52698031573935
-0.589066570135315 -0.40724937205615 -0.410285358781974 -0.460360081053071 -0.507720281456634 -0.507614800381413 -0.416043600836121 -0.359317585767693 -0.32981206609642 -0.299909373251866 -0.227998079589881 -0.210789665189939 -0.154619104809712 -0.084760178046128 0.00964106342269896 -0.0132131578225829 -0.000542399919226083 0.0564549924161244 0.0929711540168754 0.145125416826413 0.188027795007071 0.255471050169357 0.307778187277014 0.332936984347107 0.476681531591188 0.519926962369636 0.465728315442954 0.452482455324577 0.428797786791774 0.445958530424806 0.465655624570615 0.504067511364025 0.540994336252896 0.560220470781068 0.489117239501341 0.518229644908718 0.555196407187778 0.490389835792447 0.494175482745051 0.501341168790304 0.493734951153621 0.492834631977827 0.440442469592716 0.456631727870645 0.391008306624328 0.343864431087618 0.329511039138431 0.33604011554199 0.373409418134758 0.379507588479316 0.524231795949852
-0.398182496957234 -0.574291129466905 -0.597817256689877 -0.553810958207758 -0.55457396560268 -0.519892999017213 -0.459858822597809 -0.414783607316323 -0.411744770330805 -0.364945780701684 -0.289718103323893 -0.240299332060275 -0.143134149149379 -0.112305490032689 0.00549256151127414 0.0477405286818118 0.0335848145441181 0.0553025514979276 0.0681195687848786 0.120363594328194 0.133100190510699 0.206921275321919 0.250202265381226 0.322534451636338 0.356693146538625 0.46269177760988 0.426445050893643 0.448379704106997 0.454924768905824 0.442101940485993 0.453998435763143 0.477474657831931 0.474387332726232 0.491524764210801 0.500821990489989 0.517996185654014 0.504935745564398 0.472522425645639 0.512176713571762 0.517304312016586 0.535795080492224 0.482518837839947 0.434600948503238 0.389063690256369 0.381131630195327 0.405417667002597 0.391033389959226 0.38170985187165 0.412652080570181 0.428474499459053 -3.4e+38
-0.757903833837428 -0.652727671549714 -0.659931933920259 -0.631801218976333 -0.589803431154339 -0.548473324028505 -0.516841441651089 -0.450803209444327 -0.388168873581709 -0.400443034256841 -0.304479693890249 -0.22479903649688 -0.18239749368519 -0.0826516276126892 -0.0477221208659269 0.00383357565529455 -0.0133739469622245 0.0213932093036588 0.0689131963011378 0.089046735486622 0.130388024406612 0.170686029074475 0.247252520458461 0.282811459496341 0.322994882585049 0.353495328107966 0.444415300875617 0.392631167893691 0.398719170974784 0.403608535152322 0.441745430692505 0.405603264350434 0.437041503575588 0.481908113492238 0.487332655737752 0.509740152905213 0.500338394389258 0.477722474664293 0.48321167663822 0.483100395407634 0.4788796363856 0.418949371231836 0.448937009528053 0.436909743187552 0.404067226826831 0.385913189432354 0.442791587877185 -3.4e+38 -3.4e+38 -3.4e+38 -3.4e+38
-0.855217522534693 -0.788119925540918 -0.745764640276299 -0.711378233225017 -0.695847272607785 -0.631773394616735 -0.587377319925031 -0.532780147830475 -0.422737451254365 -0.404979100906738 -0.365017024779952 -0.306867225878238 -0.198490470242388 -0.147781681814754 -0.103592506682236 -0.0617526478340902 -0.0381587265052094 -0.0784385850455696 0.0685830551876998 0.0920328042056864 0.102330371888867 0.153141591246776 0.194631636255316 0.254512912954801 0.299100448666795 0.356931458025565 0.358581426962832 0.387906672832882 0.394601768257703 0.400266592737849 0.348724034397474 0.376734413781796 0.404466896559855 0.445754415286813 0.471402564106825 0.485670471531933 0.489672265853059 0.511710989933767 0.474715096160216 0.499538764593722 0.435672228960603 0.465430375763929 0.464563396674643 0.503146198154722 -3.4e+38 -3.4e+38 -3.4e+38 -3.4e+38 -3.4e+38 -3.4e+38 -3.4e+38
-0.761161263662765 -0.768517830467948 -0.772391911623741 -0.74051417613181 -0.694419927755434 -0.684014971826797 -0.604415920219217 -0.560729115455128 -0.512782076014379 -0.479896397607651 -0.442843143142136 -0.384972033345229 -0.27154523725022 -0.193151318558786 -0.169070954572779 -0.133129405316513 -0.15705799322739 -0.150197737606482 -0.0507183301035177 0.0317154110276804 -0.0188803329533057 0.134192107724318 0.290966932670868 0.374734839523292 0.312564053777949 0.303502691297406 0.340128898811348 0.365310249872998 0.38093511529745 0.364511456993187 0.365390800425999 0.372583715224077 0.409986712166622 0.428496471703558 0.460708212894884 0.489712802453883 0.496186754315602 0.512978234030496 0.528402210673426 -3.4e+38 -3.4e+38 -3.4e+38 -3.4e+38 -3.4e+38 -3.4e+38 -3.4e+38 -3.4e+38 -3.4e+38 -3.4e+38 -3.4e+38 -3.4e+38
-0.887870892025133 -0.8643212523683 -0.812685455066579 -0.726867281106234 -0.712516450458508 -0.698485271823516 -0.647768056058413 -0.591293534575824 -0.547311526700458 -0.497161251584707 -0.449128099739638 -0.403611667390103 -0.335159136410572 -0.287027285895598 -0.237194036977691 -0.227960642456833 -0.224401908354203 -0.206411083481106 -0.175680313467294 -0.133181367575458 -0.0631342341025097 -0.0267070839316019 0.110227774413749 -3.4e+38 -3.4e+38 -3.4e+38 0.367203062133735 0.313775433776852 0.350682454047786 0.351504909524106 0.356575871107291 0.409462883813268 -3.4e+38 -3.4e+38 -3.4e+38 -3.4e+38 -3.4e+38 -3.4e+38 -3.4e+38 -3.4e+38 -3.4e+38 -3.4e+38 -3.4e+38 -3.4e+38 -3.4e+38 -3.4e+38 -3.4e+38 -3.4e+38 -3.4e+38 -3.4e+38 -3.4e+38
-0.818940342385695 -0.836737083590017 -0.856966269651004 -0.86325087929358 -0.786822542811919 -0.739122960726272 -0.679361224183167 -0.623466013445999 -0.575457203457466 -0.503986308601122 -0.486133177193514 -0.454575938928295 -0.387680101885761 -0.363854146862102 -0.287875258615567 -0.236989175599787 -0.233280722748808 -0.217132309536263 -0.212828405991259 -0.137185113528096 -0.0741607620762774 -0.0648831524444906 0.0407804072697138 -3.4e+38 -3.4e+38 -3.4e+38 -3.4e+38 -3.4e+38 -3.4e+38 -3.4e+38 -3.4e+38 -3.4e+38 -3.4e+38 -3.4e+38 -3.4e+38 -3.4e+38 -3.4e+38 -3.4e+38 -3.4e+38 -3.4e+38 -3.4e+38 -3.4e+38 -3.4e+38 -3.4e+38 -3.4e+38 -3.4e+38 -3.4e+38 -3.4e+38 -3.4e+38 -3.4e+38 -3.4e+38
-0.794541131891043 -0.803054853685635 -0.758466112111989 -0.872026411508283 -0.84820101662251 -0.799624568221665 -0.657283989609214 -0.592885022133689 -0.619169541477366 -0.572681670262232 -0.525288205759301 -0.459022047072489 -0.45663461425075 -0.399858253687919 -0.346832682954356 -0.30797845868967 -0.255026857234769 -0.21840523113853 -0.171052737400151 -0.139422509667167 -0.0910879717567853 -0.0198601659313178 0.0275409116493598 -3.4e+38 -3.4e+38 -3.4e+38 -3.4e+38 -3.4e+38 -3.4e+38 -3.4e+38 -3.4e+38 -3.4e+38 -3.4e+38 -3.4e+38 -3.4e+38 -3.4e+38 -3.4e+38 -3.4e+38 -3.4e+38 -3.4e+38 -3.4e+38 -3.4e+38 -3.4e+38 -3.4e+38 -3.4e+38 -3.4e+38 -3.4e+38 -3.4e+38 -3.4e+38 -3.4e+38 -3.4e+38
-0.829188025612586 -0.853319665472963 -0.871005919088855 -0.809183586514759 -0.771550954312553 -0.716771924032257 -0.663129149322569 -0.596641130995962 -0.554258972148989 -0.536529567339494 -0.497664809752126 -0.461664952935738 -0.471611873662225 -0.447949101781415 -0.358230732047898 -0.311044362347076 -0.230201229164746 -0.194686380585562 -0.144771685015246 -0.0491533478621023 0.0174828597962624 0.0444835558119087 0.0892218302743632 0.197232498759985 -3.4e+38 -3.4e+38 -3.4e+38 -3.4e+38 -3.4e+38 -3.4e+38 -3.4e+38 -3.4e+38 -3.4e+38 -3.4e+38 -3.4e+38 -3.4e+38 -3.4e+38 -3.4e+38 -3.4e+38 -3.4e+38 -3.4e+38 -3.4e+38 -3.4e+38 -3.4e+38 -3.4e+38 -3.4e+38 -3.4e+38 -3.4e+38 -3.4e+38 -3.4e+38 -3.4e+38
-0.828722596447692 -0.827859485117981 -0.915978458529932 -0.897609323491404 -0.779103667798294 -0.691034501517243 -0.659345636757064 -0.618616976668876 -0.547129054452752 -0.533872742712805 -0.48979498876733 -0.508116411281481 -0.468425411315739 -0.425823789420096 -0.36043987252325 -0.3113968416585 -0.263724367261757 -0.185559910948572 -0.177817503692571 -0.101945390342525 -0.0222056600045376 0.0603766418364657 0.0926325238603565 0.129926603872256 -3.4e+38 -3.4e+38 -3.4e+38 -3.4e+38 -3.4e+38 -3.4e+38 -3.4e+38 -3.4e+38 -3.4e+38 -3.4e+38 -3.4e+38 -3.4e+38 -3.4e+38 -3.4e+38 -3.4e+38 -3.4e+38 -3.4e+38 -3.4e+38 -3.4e+38 -3.4e+38 -3.4e+38 -3.4e+38 -3.4e+38 -3.4e+38 -3.4e+38 -3.4e+38 -3.4e+38
-0.753714964073293 -0.732325545665123 -0.716787250904529 -0.820209879096602 -0.762266131114924 -0.606722367769056 -0.594998242481493 -0.510697542204146 -0.504801082831758 -0.501665076106686 -0.567309746693352 -0.444211170807017 -0.453741964304642 -0.384225254703875 -0.35023867410748 -0.312304633636741 -0.225771012851499 -0.206235928198192 -0.192623223307616 -0.117112555283123 -0.0328940090118601 0.03032627093355 0.108569951757426 0.177487549519764 -3.4e+38 -3.4e+38 -3.4e+38 -3.4e+38 -3.4e+38 -3.4e+38 -3.4e+38 -3.4e+38 -3.4e+38 -3.4e+38 -3.4e+38 -3.4e+38 -3.4e+38 -3.4e+38 -3.4e+38 -3.4e+38 -3.4e+38 -3.4e+38 -3.4e+38 -3.4e+38 -3.4e+38 -3.4e+38 -3.4e+38 -3.4e+38 -3.4e+38 -3.4e+38 -3.4e+38
-0.786310268772135 -0.66603954796141 -0.677445585984589 -0.651147445052314 -0.6165309053232 -0.561761034379793 -0.516590041015269 -0.540688206405714 -0.515478032465241 -0.470631274812977 -0.46937596432609 -0.443291339818762 -0.446928564938689 -0.402697922079421 -0.330204223234005 -0.294275834361389 -0.257748828627471 -0.216796316470938 -0.193218075776688 -0.127083444910095 -0.0868368592107358 -0.0114145370120887 0.114690222398303 -3.4e+38 -3.4e+38 -3.4e+38 -3.4e+38 -3.4e+38 -3.4e+38 -3.4e+38 -3.4e+38 -3.4e+38 -3.4e+38 -3.4e+38 -3.4e+38 -3.4e+38 -3.4e+38 -3.4e+38 -3.4e+38 -3.4e+38 -3.4e+38 -3.4e+38 -3.4e+38 -3.4e+38 -3.4e+38 -3.4e+38 -3.4e+38 -3.4e+38 -3.4e+38 -3.4e+38 -3.4e+38
-0.715266626533258 -0.730241837471929 -0.579892113531835 -0.55810401912662 -0.523097925120443 -0.485897986411008 -0.491807906163052 -0.494934310397162 -0.46828773071676 -0.441728817380977 -0.449087438765147 -0.411608090018029 -0.401116902547226 -0.352160051475232 -0.305401792952815 -0.273863160897787 -0.241660324347922 -0.225882446765146 -0.165560232092144 -0.0959526619024944 -0.0685953880896892 -0.00129861954203306 0.101749190891724 -3.4e+38 -3.4e+38 -3.4e+38 -3.4e+38 -3.4e+38 -3.4e+38 -3.4e+38 -3.4e+38 -3.4e+38 -3.4e+38 -3.4e+38 -3.4e+38 -3.4e+38 -3.4e+38 -3.4e+38 -3.4e+38 -3.4e+38 -3.4e+38 -3.4e+38 -3.4e+38 -3.4e+38 -3.4e+38 -3.4e+38 -3.4e+38 -3.4e+38 -3.4e+38 -3.4e+38 -3.4e+38
-0.626361319985134 -0.64630613299176 -0.651493922795862 -0.613250401112102 -0.441024186119127 -0.345044648043013 -0.364168082251846 -0.39941817576357 -0.426212844745826 -0.423445361343881 -0.579705628740514 -0.39350517661784 -0.318488905606906 -0.307279455192263 -0.263957926958575 -0.22578878397391 -0.214774225291502 -0.174287278867751 -0.127274099380247 -0.0855993496403659 -0.0528632441012863 0.0135707173261288 0.204175970888343 -3.4e+38 -3.4e+38 -3.4e+38 -3.4e+38 -3.4e+38 -3.4e+38 -3.4e+38 -3.4e+38 -3.4e+38 -3.4e+38 -3.4e+38 -3.4e+38 -3.4e+38 -3.4e+38 -3.4e+38 -3.4e+38 -3.4e+38 -3.4e+38 -3.4e+38 -3.4e+38 -3.4e+38 -3.4e+38 -3.4e+38 -3.4e+38 -3.4e+38 -3.4e+38 -3.4e+38 -3.4e+38
-0.581865700742289 -0.541470736293275 -0.554509509224848 -0.513127119351742 -0.45770571214399 -0.242479618835725 -0.30570401736227 -0.273182315191145 -0.368275431172757 -0.402319277046972 -0.413333609313672 -0.362653232117854 -0.319636076043959 -0.252425725066951 -0.193460545160642 -0.145343959412218 -0.137317131706036 -0.138073419529953 -0.0985055112712629 -0.0102798966303095 -0.0388114245355848 0.0242812254684212 -3.4e+38 -3.4e+38 -3.4e+38 -3.4e+38 -3.4e+38 -3.4e+38 -3.4e+38 -3.4e+38 -3.4e+38 -3.4e+38 -3.4e+38 -3.4e+38 -3.4e+38 -3.4e+38 -3.4e+38 -3.4e+38 -3.4e+38 -3.4e+38 -3.4e+38 -3.4e+38 -3.4e+38 -3.4e+38 -3.4e+38 -3.4e+38 -3.4e+38 -3.4e+38 -3.4e+38 -3.4e+38 -3.4e+38
-0.615927523210153 -0.524447922898521 -0.387506140766084 -0.323444758182131 -0.266748880780829 -0.236127716640003 -0.200781808168197 -0.139837937723196 -0.180790018512653 -0.261379785248098 -0.289505955755384 -0.297841792253508 -0.298316201500726 -0.216403878576892 -0.171387070758478 -0.105721614447175 -0.126198477402521 -0.0876040740217369 -0.056489387686795 -0.019506966715929 0.0533860596796049 0.0922836823733687 0.204431378506066 0.356819689783148 -3.4e+38 -3.4e+38 -3.4e+38 -3.4e+38 -3.4e+38 -3.4e+38 -3.4e+38 -3.4e+38 -3.4e+38 -3.4e+38 -3.4e+38 -3.4e+38 -3.4e+38 -3.4e+38 -3.4e+38 -3.4e+38 -3.4e+38 -3.4e+38 -3.4e+38 -3.4e+38 -3.4e+38 -3.4e+38 -3.4e+38 -3.4e+38 -3.4e+38 -3.4e+38 -3.4e+38
