data/pcas/pcas_mc_585/pca_referenceLayers_mc_585/PC12.asc
NCOLS 494 
NROWS 529 
XLLCORNER -117.166666666667 
YLLCORNER -55.5 
CELLSIZE 0.166666666666667 
NODATA_value -3.4e+38 
[rows 198 to 219 of 529, columns 200 to 249 of 494]
-3.4e+38 -3.4e+38 -3.4e+38 -3.4e+38 -3.4e+38 -3.4e+38 -3.4e+38 -3.4e+38 -3.4e+38 -3.4e+38 -3.4e+38 -3.4e+38 -3.4e+38 -3.4e+38 -3.4e+38 -3.4e+38 -3.4e+38 -3.4e+38 -3.4e+38 -3.4e+38 -3.4e+38 -0.000856253852018485 0.0159062672130372 0.0463116435772057 0.054460757024832 0.0715154559609027 0.115735044240985 0.137123000699674 -0.0181905235453729 -0.266954105763406 -0.181165376959047 -0.209575075931227 -0.159815021975435 -0.055128105568724 -0.00760057721058707 0.141513910711943 0.0630705019806341 -0.0205398894036274 0.204706283436784 0.162016332232465 0.161676357528646 0.128308374191247 0.0684378461957512 0.0232278917433732 0.013384067190775 0.0159726417360989 0.00964254583228863 0.00540345388373423 0.00599912924150423 0.000839661859745211
-3.4e+38 -3.4e+38 -3.4e+38 -3.4e+38 -3.4e+38 -3.4e+38 -3.4e+38 -3.4e+38 -3.4e+38 -3.4e+38 -3.4e+38 -3.4e+38 -3.4e+38 -3.4e+38 -3.4e+38 -3.4e+38 -3.4e+38 -3.4e+38 -3.4e+38 -3.4e+38 -3.4e+38 0.0119968447846329 0.0591932644462281 0.0743686734135085 0.0864899100694566 0.0959729670116572 0.1217028478505 0.113245491068875 -0.293457309515681 -0.223340123318478 -0.19851838647364 -0.179267213645738 -0.134866056138183 -0.0499985784368328 -0.0440422507810101 0.115530317861906 0.0701480077106481 -0.0313886517555436 0.167810992085295 0.137507592646401 0.121856229980229 0.0868739412383575 0.0445964229880011 0.004825260153758 -0.00902933979332449 -0.0115276571550653 -0.0218352988688021 -0.0225614886154788 -0.0237655258408013 -0.0191313961718352
-3.4e+38 -3.4e+38 -3.4e+38 -3.4e+38 -3.4e+38 -3.4e+38 -3.4e+38 -3.4e+38 -3.4e+38 -3.4e+38 -3.4e+38 -3.4e+38 -3.4e+38 -3.4e+38 -3.4e+38 -3.4e+38 -3.4e+38 -3.4e+38 -3.4e+38 -3.4e+38 -0.0335333187869184 0.0266394314930271 0.091057085481286 0.0943047444185811 0.101070221585971 0.0937216967857988 0.0966117980147907 0.122850204556647 0.0523266956465716 -0.193564782436082 -0.050369899061217 -0.0651058601621343 -0.0592302622376348 -0.0148606381883196 0.0902985793086992 0.130009273018289 0.164235406485007 0.151182481785771 0.125740670792655 0.115985767801365 0.0914191389991269 0.0671728344811507 0.0292443120452086 -2.00106859404858e-06 -0.0174127055519425 -0.029002675999817 -0.0484560449972095 -0.0527780747064957 -0.045055534784709 -0.036359170293206
-3.4e+38 -3.4e+38 -3.4e+38 -3.4e+38 -3.4e+38 -3.4e+38 -3.4e+38 -3.4e+38 -3.4e+38 -3.4e+38 -3.4e+38 -3.4e+38 -3.4e+38 -3.4e+38 -3.4e+38 -3.4e+38 -3.4e+38 -3.4e+38 -3.4e+38 -3.4e+38 -0.0354536769952723 0.0447938997862184 0.10726272767804 0.11768090892051 0.111643863435722 0.0690213802356116 0.0578787978939249 0.106168985000123 0.0143949125782813 -0.1076101889817 -0.110827353843429 0.0189307204975039 0.00091596365615005 0.0287552994580222 0.0977147267978576 0.105446004202207 0.142494083125226 0.165676465617672 0.125434127566779 0.109203308642351 0.0737764193137652 0.0460960856550866 0.022686355533442 -0.00534490942000454 -0.0383321815216895 -0.0522798770696544 -0.0629247200636982 -0.0719956664885808 -0.0721106834105361 -0.0622457355156188
-3.4e+38 -3.4e+38 -3.4e+38 -3.4e+38 -3.4e+38 -3.4e+38 -3.4e+38 -3.4e+38 -3.4e+38 -3.4e+38 -3.4e+38 -3.4e+38 -3.4e+38 -3.4e+38 -3.4e+38 -3.4e+38 -3.4e+38 -3.4e+38 -0.0320648496808369 0.0188141181817536 0.00907166491957799 0.0940890823788807 0.13293129566701 0.145717571591912 0.143197787467351 0.0105164862379427 -0.0593872664673568 0.00511189506844381 0.000790064044224478 -0.151944377456472 -0.0197766201070719 0.0539411650566645 0.0401419921450297 -0.00773069716868964 0.048365861607318 0.131126286977954 0.226926689664696 0.183782177129309 0.149895464504466 0.114893298880052 0.0732508547896258 0.0469961288478635 0.00293067976063019 -0.0249122275091456 -0.0468707598609639 -0.0665423242605797 -0.0727561119400584 -0.0865322508815284 -0.0927555652329388 -0.0689205232309825
-3.4e+38 -3.4e+38 -3.4e+38 -3.4e+38 -3.4e+38 -3.4e+38 -3.4e+38 -3.4e+38 -3.4e+38 -3.4e+38 -3.4e+38 -3.4e+38 -3.4e+38 -3.4e+38 -3.4e+38 -3.4e+38 -3.4e+38 -3.4e+38 -3.4e+38 0.0665991192553439 0.163687658569505 0.291722351969625 0.332945658463393 0.328269807700804 0.133090641311501 0.0119504545703828 -0.0780345177908479 0.00774462413285786 -0.175689104934221 -0.136743451799852 0.0281484077716008 0.0974608526113072 0.00598877450135493 -0.0120331673305755 0.0316935749798374 0.13023272345416 0.181905651175298 0.18931686058895 0.141639108486333 0.101364227329288 0.0555753395205281 0.0279254234739962 -0.00808894247924982 -0.0439113152636023 -0.0669008911091633 -0.0903444741762343 -0.100425929140545 -0.107777429064937 -0.110648383276744 -0.114484260950008
-3.4e+38 -3.4e+38 -3.4e+38 -3.4e+38 -3.4e+38 -3.4e+38 -3.4e+38 -3.4e+38 -3.4e+38 -3.4e+38 -3.4e+38 -3.4e+38 -3.4e+38 -3.4e+38 -3.4e+38 -3.4e+38 -3.4e+38 -3.4e+38 -3.4e+38 0.0902743184272851 0.227198851467109 0.334975299569027 0.348019858835735 0.311633086417147 0.151392579943354 0.121671128803311 0.0642709998027481 0.0178540939108462 -0.20650341644962 -0.170468266145787 -0.0327241010331234 0.0537333673646806 0.0259687114267829 0.0110113368430146 -0.013546764836913 0.0921256902936765 0.177526100489547 0.181008212418901 0.134196482094224 0.0954317055458634 0.0538604184221096 0.0186456326138381 -0.0216402441155924 -0.0467352739583451 -0.0785467147255627 -0.10448139533174 -0.105205512194304 -0.115329931318498 -0.125500313121527 -0.13367630408665
-3.4e+38 -3.4e+38 -3.4e+38 -3.4e+38 -3.4e+38 -3.4e+38 -3.4e+38 -3.4e+38 -3.4e+38 -3.4e+38 -3.4e+38 -3.4e+38 -3.4e+38 -3.4e+38 -3.4e+38 -3.4e+38 -3.4e+38 -3.4e+38 0.0709980754635678 0.145837705589792 0.265432464654795 0.294284959145024 0.297320350685752 0.290540365024221 0.124428278603549 0.137781117004839 0.125165295751337 0.016717703325446 -0.30812984369456 -0.0705858078704051 -0.0733590228141849 0.0739696878870486 -0.0132963171076887 0.0368322717129893 0.0284852605521904 0.0989406235710379 0.145827504484825 0.149404407743327 0.134353351401856 0.0908275342760528 0.05445397702231 0.0147704904474993 -0.027380556965784 -0.0530507758306838 -0.0845173353858535 -0.113319773175393 -0.114593784464642 -0.121742715236516 -0.131070007455196 -0.142583895609982
-3.4e+38 -3.4e+38 -3.4e+38 -3.4e+38 -3.4e+38 -3.4e+38 -3.4e+38 -3.4e+38 -3.4e+38 -3.4e+38 -3.4e+38 -3.4e+38 -3.4e+38 -3.4e+38 -3.4e+38 -3.4e+38 -3.4e+38 -3.4e+38 -3.4e+38 0.159409475425962 0.224557874327847 0.239772536876736 0.0997735721142203 0.0886709406856304 0.0905416719949982 0.0894834618909813 0.0871875533706722 0.0332382570168771 -0.254884758633375 -0.201421606747903 -0.0741651042303968 0.0189376157107098 -0.0377934836202105 -0.0152928888098331 0.0416307500747688 0.0538881185248119 0.132372943316272 0.124153105883948 0.11045841569159 0.0865648888765838 0.04616642529082 0.000701362774316927 -0.032176924389886 -0.0574543330508153 -0.0850172901886805 -0.103447133369446 -0.104028166590332 -0.116340334082591 -0.131668888896062 -0.142934446625439
-3.4e+38 -3.4e+38 -3.4e+38 -3.4e+38 -3.4e+38 -3.4e+38 -3.4e+38 -3.4e+38 -3.4e+38 -3.4e+38 -3.4e+38 -3.4e+38 -3.4e+38 -3.4e+38 -3.4e+38 -3.4e+38 -3.4e+38 -3.4e+38 -3.4e+38 0.185551375974396 0.194418482452534 0.172831014244444 0.0286154555764607 0.0391484563417029 0.0480272501045033 0.051426085843988 0.0521658050948418 0.00994560816068388 -0.243538009804806 -0.205470127294386 -0.0909353825671057 -0.00485471649700452 -0.0844800141809019 -0.0133130977871455 0.00231918285529643 0.0781035011342329 0.126623786183202 0.118430805392498 0.0994555240767405 0.0728790003437627 0.0300210735785114 -0.0071933999789274 -0.0293001495858459 -0.0631062786164118 -0.0986800243340706 -0.100432441735111 -0.100892257705661 -0.122600737045245 -0.13884731008135 -0.115831599672717
-3.4e+38 -3.4e+38 -3.4e+38 -3.4e+38 -3.4e+38 -3.4e+38 -3.4e+38 -3.4e+38 -3.4e+38 -3.4e+38 -3.4e+38 -3.4e+38 -3.4e+38 -3.4e+38 -3.4e+38 -3.4e+38 -3.4e+38 -3.4e+38 -3.4e+38 0.201961314583771 0.189891196013999 0.0963994604860516 -0.055937481593183 0.0149919050070471 0.00711458003520485 0.0387052486403944 0.0469352715463667 0.0332218764841934 -0.264067386303618 -0.148255014158303 -0.100649860068761 -0.0981027416040688 -0.0956281932122341 -0.0163168735050625 0.00668886498543626 0.0885821825269436 0.140861911159781 0.104373735670179 0.0746912140867567 0.0503801730188331 0.0189485342577181 0.00236138030120012 -0.038167826995807 -0.0744732707865934 -0.0997665685253721 -0.10393006968847 -0.107753155340203 -0.102610798942848 -0.143004109748675 -0.11430958585469
-3.4e+38 -3.4e+38 -3.4e+38 -3.4e+38 -3.4e+38 -3.4e+38 -3.4e+38 -3.4e+38 -3.4e+38 -3.4e+38 -3.4e+38 -3.4e+38 -3.4e+38 -3.4e+38 -3.4e+38 -3.4e+38 -3.4e+38 -3.4e+38 0.0598954121989189 0.219712539432843 0.185497736021633 0.0336164455607787 -0.0749993573406682 -0.0186936917945943 0.0301787786193185 0.0440771427879487 0.0236295040199663 0.0341917736158258 0.182800900227081 -0.0890714416479284 -0.078906305317659 -0.119128602701641 -0.0901302667642125 -0.000348962596059011 0.048503558138372 0.0837008059189665 0.0832861214223391 0.0946252341551785 0.048795639880933 0.0269128713370317 0.0178201599076113 0.00492983349156148 -0.0301145662354635 -0.0462338577077957 -0.0768408879859437 -0.112226272148902 -0.11712731051134 -0.113009811800782 -0.126982933977579 -0.129968586152344
-3.4e+38 -3.4e+38 -3.4e+38 -3.4e+38 -3.4e+38 -3.4e+38 -3.4e+38 -3.4e+38 -3.4e+38 -3.4e+38 -3.4e+38 -3.4e+38 -3.4e+38 -3.4e+38 -3.4e+38 -3.4e+38 -3.4e+38 -3.4e+38 -3.4e+38 -3.4e+38 0.116555182850861 0.028764928933054 -0.0746181874403797 -0.0156204039818912 0.0353831869785039 0.0765991301748496 0.0717686391023471 0.00499815943156987 -0.124531414271435 -0.0950685487061526 -0.0733334458643648 -0.0115791554532036 -0.120410743108515 -0.00256560099856496 0.0526988623582926 0.0976938540039993 0.0943567365289925 0.050532136116629 0.0326399405412114 0.015394440453025 0.0173151342781444 -0.00161195318599952 -0.0252948803649988 -0.0516916843528622 -0.0511890566841697 -0.0852538629717417 -0.101314194459485 -0.0917790203918574 -0.107867856684654 -0.0777868987242999
-3.4e+38 -3.4e+38 -3.4e+38 -3.4e+38 -3.4e+38 -3.4e+38 -3.4e+38 -3.4e+38 -3.4e+38 -3.4e+38 -3.4e+38 -3.4e+38 -3.4e+38 -3.4e+38 -3.4e+38 -3.4e+38 -3.4e+38 -3.4e+38 -3.4e+38 -3.4e+38 -3.4e+38 0.0279339042193962 -3.4e+38 -0.0424961470349561 0.0308850082540327 0.119601101754333 0.0380169170295712 -0.22860712182112 -0.0760642619555086 0.0242728350145358 0.00832816719007641 0.0263033337564585 -0.0193392575567024 0.0434362917345056 0.0275555882019314 0.0833810142453869 0.0429134356066148 0.0334486486231776 0.0429665354336095 0.0189948979140278 0.0132202727836446 -0.00124327042925212 -0.0177121133197453 -0.0468810498286796 -0.0583947070334093 -0.0640912564802193 -0.0798010860172086 -0.0786229410193541 -0.0755255764222941 -0.0421079464433369
-3.4e+38 -3.4e+38 -3.4e+38 -3.4e+38 -3.4e+38 -3.4e+38 -3.4e+38 -3.4e+38 -3.4e+38 -3.4e+38 -3.4e+38 -3.4e+38 -3.4e+38 -3.4e+38 -3.4e+38 -3.4e+38 -3.4e+38 -3.4e+38 -3.4e+38 -3.4e+38 -3.4e+38 -3.4e+38 -0.0801728039545776 -3.4e+38 -3.4e+38 0.0057309975244144 -0.199150993938411 -0.171727886304906 -0.076781654809172 0.0423176900430677 0.0744545524209387 0.0419041965920384 0.00959697105259261 0.114464618610399 0.0297750975370231 0.106528143692334 0.0203290600219099 0.0338810500714647 0.023174812023232 0.015336924920358 0.0156244059548621 0.0176162265513044 0.00359079910564764 -0.0242400577609861 -0.0384301740677884 -0.0534836026989665 -0.0559217581868459 -0.045377081470101 -0.0448992667115852 -0.00326701764572609
-3.4e+38 -3.4e+38 -3.4e+38 -3.4e+38 -3.4e+38 -3.4e+38 -3.4e+38 -3.4e+38 -3.4e+38 -3.4e+38 -3.4e+38 -3.4e+38 -3.4e+38 -3.4e+38 -3.4e+38 -3.4e+38 -3.4e+38 -3.4e+38 -3.4e+38 -3.4e+38 -3.4e+38 -3.4e+38 -3.4e+38 -3.4e+38 -0.00167268321254029 0.0335545964065705 -0.102735759229781 -0.0855478087322025 -0.0259346183842125 0.0274233762864418 0.067438433761364 0.0234436619618532 0.0196655595329452 0.0459665673511415 0.0427670690319677 0.0807310497545128 0.0675655622823481 0.0464554289863622 0.0134126154912327 0.0240834934145882 0.0294090219918489 0.0331413091558166 0.0302715936253079 0.0273214234689148 0.0170127375342416 0.00635649864911098 -0.0011695508896989 -0.00857077360754274 0.000376860770276294 0.0198089859752777
-3.4e+38 -3.4e+38 -3.4e+38 -3.4e+38 -3.4e+38 -3.4e+38 -3.4e+38 -3.4e+38 -3.4e+38 -3.4e+38 -3.4e+38 -3.4e+38 -3.4e+38 -3.4e+38 -3.4e+38 -3.4e+38 -3.4e+38 -3.4e+38 -3.4e+38 -3.4e+38 -3.4e+38 -3.4e+38 -3.4e+38 -3.4e+38 0.0190640066694954 -0.179405285975606 -0.0605300024568646 -0.0722989413822645 -0.0353951266846577 0.00100804583690788 0.0295012059638918 0.0686510776655153 0.0805504565100969 0.112455693216281 0.115896326666843 0.0609137232806501 0.0508445992700594 0.0440576299722973 0.0254885236303062 0.0331376407898286 0.0425928885811082 0.0580156730791439 0.0513459083197344 0.0414934089424746 0.0277621277758321 0.0179960313783756 0.0200141908753785 0.0180576832363373 0.0107149529636644 0.0205184568527198
-3.4e+38 -3.4e+38 -3.4e+38 -3.4e+38 -3.4e+38 -3.4e+38 -3.4e+38 -3.4e+38 -3.4e+38 -3.4e+38 -3.4e+38 -3.4e+38 -3.4e+38 -3.4e+38 -3.4e+38 -3.4e+38 -3.4e+38 -3.4e+38 -3.4e+38 -3.4e+38 -3.4e+38 -3.4e+38 -3.4e+38 0.0155240723081538 0.0307653602860702 -0.147839359484081 -0.0537511916698236 -0.0277931844843628 -0.0302899781232196 1.88177121782374e-05 0.0578889625525706 0.0687450705174695 0.0426815022836599 0.0355584923542516 0.0714015797062781 0.0579040230531682 0.034307588229386 0.0434206301618257 0.0406244300511565 0.0439848762308828 0.0611234548031392 0.0711822772579995 0.0600681528878501 0.0390121567847901 0.0287411617063931 0.0116461732909542 0.0170829356281065 0.0220748931213372 0.0213637921477734 -0.0042989491853769
-3.4e+38 -3.4e+38 -3.4e+38 -3.4e+38 -3.4e+38 -3.4e+38 -3.4e+38 -3.4e+38 -3.4e+38 -3.4e+38 -3.4e+38 -3.4e+38 -3.4e+38 -3.4e+38 -3.4e+38 -3.4e+38 -3.4e+38 -3.4e+38 -3.4e+38 -3.4e+38 -3.4e+38 -0.102406783519156 -0.046009961138571 0.0452121621201477 0.110205936481379 -0.135854919524709 -0.0269059005448641 0.0235458362231809 0.053198062487568 0.055400374197435 0.0754092978964784 0.0944846039793209 0.0435421075283053 0.0545946989191647 0.0931830837543661 0.0533284861478413 0.040390543414846 0.0577835587827784 0.0543686405670532 0.0635754374675813 0.0636323104494911 0.0620656232411152 0.0594018071772489 0.0335636133748343 0.0199163904476409 0.0229664697031341 0.00837829909463515 0.0121717071883193 0.0316001014094301 0.0380954809423134
-3.4e+38 -3.4e+38 -3.4e+38 -3.4e+38 -3.4e+38 -3.4e+38 -3.4e+38 -3.4e+38 -3.4e+38 -3.4e+38 -3.4e+38 -3.4e+38 -3.4e+38 -3.4e+38 -3.4e+38 -3.4e+38 -3.4e+38 -3.4e+38 -3.4e+38 -3.4e+38 -0.0866863010067233 -0.0435272197178859 -0.0133871132625143 0.0412481283116349 -0.12939218942778 -0.0664109816442701 0.00599282358123843 0.0878335732613072 0.0562207907411294 0.0957527208448155 0.0732495736286132 0.117733876454667 0.0570576646939401 0.0767498371128025 0.115667138627159 0.0724027290585253 0.0574781461063856 0.0629125381348624 0.0652751532675317 0.0580396858090019 0.0623294388921741 0.0541704960633758 0.0542112487909335 0.0322609896608624 0.0187277490920634 0.00827282187665805 -0.000553983292617716 0.00555339293607966 0.0657660130726746 0.0468938360295375
-3.4e+38 -3.4e+38 -3.4e+38 -3.4e+38 -3.4e+38 -3.4e+38 -3.4e+38 -3.4e+38 -3.4e+38 -3.4e+38 -3.4e+38 -3.4e+38 -3.4e+38 -3.4e+38 -3.4e+38 -3.4e+38 -3.4e+38 -3.4e+38 -3.4e+38 -0.0236710111441034 -0.044426593550943 -0.006106785159877 0.0675235360741182 0.159281337945958 -0.0270417032332354 -0.0235132141165688 -0.00831894751153295 0.0677829910126145 0.0690430231321748 0.114201159507989 0.128390767079784 0.0928189282048743 0.0640269572411284 0.0997273929822956 0.0955840971686786 0.0686792150324028 0.0711151229494944 0.0172935890252167 0.0655483225473804 0.0606575944919279 0.0531800418870683 0.0505515636050999 0.0658562731476845 0.0390474797571914 0.0189872486141191 0.00743808185554645 -0.000485046645337536 0.00826660658932585 0.0290602300077327 0.0788351514262533
-3.4e+38 -3.4e+38 -3.4e+38 -3.4e+38 -3.4e+38 -3.4e+38 -3.4e+38 -3.4e+38 -3.4e+38 -3.4e+38 -3.4e+38 -3.4e+38 -3.4e+38 -3.4e+38 -3.4e+38 -3.4e+38 -3.4e+38 -3.4e+38 -0.0452629879204547 -0.0125729416105567 0.106313290917442 0.214874133436963 0.204761772830694 -0.0632460782257276 -0.0240140518494229 -0.00281336083562025 0.0193371206237038 0.112814078512461 0.0987563180906363 0.120277817165416 0.134499097333674 0.0768868887960792 0.0595348282653217 0.0811304853616388 0.0462875509738229 0.025247139927527 0.0495138185613537 0.00498225284031482 0.0583053320589288 0.0561991060939021 0.0548079876488784 0.0555683058523622 0.0625306597526162 0.0405758666332938 0.0249053083098056 0.011088883966867 -0.00149761286340123 -0.000232408937770184 0.0306714498274245 0.0731857787072006
