data/pcas/pcas_mc_585/pca_referenceLayers_mc_585/PC12.asc
NCOLS 494 
NROWS 529 
XLLCORNER -117.166666666667 
YLLCORNER -55.5 
CELLSIZE 0.166666666666667 
NODATA_value -3.4e+38 
[rows 264 to 285 of 529, columns 350 to 399 of 494]
0.00553533286882446 0.00733573241850445 0.0424764390078007 0.0293847587248388 -0.0214095737538517 -0.0240464030418023 0.0371251263422196 0.0360816975475454 0.0411119818435642 -0.0287534614986233 -0.0389200903260557 -0.046213681845644 -0.0534990671482681 -0.00932676566745835 -0.0139613988902378 0.00838221558332691 0.0251854678739768 0.0386565389958932 0.0499861508300384 0.0472552838095988 0.0253202504541574 0.00479788920509663 0.136170333545552 -0.00052702186318318 0.138192760365518 0.126484555756141 0.136999448461334 0.136525561652392 0.142830644902131 0.141340292077673 0.134579412813522 0.128902401840223 0.12897407189299 0.12577762608683 0.125976694128421 0.113614750689648 0.0539324353481952 0.0571186233985842 0.0595405618612508 0.060417732947073 0.0724173531470104 0.0701064272453278 0.0747171880415184 0.0730489500600767 0.00985737124175619 0.0111345834676724 0.0105368716288408 0.0805209406921361 -0.0766365757569145 -0.0781951643265656
0.00438924616422022 0.000553568527651649 -0.00540747891485482 -0.00404552431684384 -0.00816302321153976 -0.0168533932813359 -0.0189765801724323 -0.0216243693557564 0.0422085684071526 0.0513005376197195 -0.0213971962927669 -0.0459717034413028 -0.057787316961417 -0.0100847813744281 -0.00685440773682588 0.0161295834851203 0.0398264009266811 0.0632246629090119 0.0760497812334966 0.0569084184860734 0.0249851772954495 0.0105143993513613 0.158444329525222 0.167725677380416 0.157311727012612 0.15028582770349 0.160080817566723 0.157951330306284 0.150475144948637 0.153955591446615 0.141342030745135 0.139882825785092 0.141154319714567 0.138862211424419 0.132454636908792 0.123483535803602 0.125502854874605 0.065457880465677 0.0709444053835902 0.0768030726148629 0.0851085671519949 0.0821665431422264 0.0722898682189364 0.0107792325460704 0.00735204175038173 0.00846719337075463 0.0158872918335029 0.0079923402857974 0.0672602820487594 -0.0737281748870986
-0.00878211032596125 -0.0106497608417263 -0.0149202691620394 -0.00682449342524173 -0.0134110740717644 -0.0160672917899787 -0.0203524149681347 0.0336057536696109 -0.0251956173509244 -0.0157803458516435 -0.0220880361639841 -0.0364809797479086 -0.0560471835515597 -0.00382396696212725 0.133611369731414 0.0180538177619064 0.0410879213441138 0.0553323612351718 0.0715104288654563 0.061134988803001 0.0348801016099276 0.0324774764390274 0.184462005517802 0.180785049956286 0.174752104927124 0.168524636561035 0.172121782559817 0.170817608945803 0.16888861919154 0.162534006062834 0.163415663766467 0.162378000221477 0.154249792116083 0.147307396866471 -0.0617292764829716 -0.0885439360862109 0.0728424330748582 -0.0830470244168561 0.0717505240144159 0.078135692630181 0.084232663899254 0.0850747383585666 0.0771513312833852 0.0802022566925998 0.0796958887380268 -0.0683983239327698 -0.0630995398299368 -0.0650990599245389 -0.0698902785584471 -0.0676255825241279
-0.0264681952749719 -0.0207524168029897 -0.0142916114837578 -0.011148439179627 -0.0196140860449292 -0.0285138667140732 -0.0324773972804795 0.0373986663367815 0.0384220152249589 0.0365190153954261 0.0361416791715774 0.0994585178215747 0.0838840592627836 0.177694676695997 0.16727133404573 0.154797331682851 0.179326628393875 0.19704414563066 0.0732990057127608 0.210988273914948 0.206815901237459 0.207996310957598 0.210356539029283 0.208818101133516 0.195804446180651 0.194653576491874 0.190818190725468 0.18257824531481 0.180918128848701 0.178177958597731 0.174870470865045 -0.0535441598994375 -0.0574956931065945 -0.0670295179637834 -0.0742207880312055 -0.0719556277205302 -0.0834000070529544 -0.0783011795146847 -0.0691597512596023 0.086445907116577 0.078182298071575 -0.0705800631225325 0.0104170426503876 0.0673686582508255 0.0609608517026855 -0.0746585518486819 -0.065176548038208 -0.0597899447208839 -0.0612693612927638 -0.0653084930692024
-0.0309046649931875 -0.0384669131131142 -0.0400509665564223 -0.0301025631828602 -0.0258171474111448 -0.0281746418241076 -0.0353632904794702 0.0288031350068818 -0.033845611781862 0.0303175190415224 0.115985659926974 0.161058333072748 0.192001330319133 0.218577992559348 0.213173398319416 0.173685081122707 0.191809902077531 0.206102480564056 0.0825510812288965 0.223700681499561 0.224409432899604 0.226701067445743 0.22286977579111 0.221216674237012 0.202734071832242 0.20469503824043 0.198666306674547 0.199654349254525 0.19360911392496 -0.0399525541197771 -0.0395566184935265 -0.0394892352294013 -0.0449112145504301 -0.0548323413660252 -0.0618718239679831 -0.0595915713613747 -0.0704184128168812 -0.0699305708771737 -0.0569514606685017 -0.0538877219759377 -0.0770125400656226 -0.0761790511404732 0.067179439410558 -0.071082714308182 -0.0814444448173607 -0.0760438998567087 -0.0624876015316248 -0.0646950430842484 -0.061632782140349 -0.0615959134937605
-0.039831877847304 -0.0435086061673849 -0.0436935098125156 -0.0429616598294506 -0.0341201169129417 -0.0367353075067432 -0.0316376507216422 -0.0360857899439439 0.0276892207040695 0.0286788491342022 0.173946931498004 0.180075308568378 0.225047449796655 0.254582700782563 0.238892465892472 0.189761582799606 0.203296043804026 0.211213274316663 0.236299815379134 0.243343268413352 0.236191350008578 0.241003495319363 0.231916624223899 0.218585623021787 0.220046216482582 0.22136466165819 0.214820348680528 0.209966403566314 -0.0269896271669978 -0.0311018833501753 -0.0381874277102731 -0.0352614310464215 -0.0365978047225898 -0.0411525027046319 -0.054824118119501 -0.0616430210142023 -0.0676077082542044 -0.0751886315577085 -0.0693478404801961 -0.0687989095362071 -0.0845758258169438 -0.0828350200312867 -0.0612682615066239 -0.0529513799568079 -0.0549800309767412 -0.0606799409468928 -0.0556414719953369 -0.061495644156809 -0.0594431822512014 -0.0627439847255353
-0.0481067314992884 -0.0448036105798865 -0.0491779753586399 -0.0510705868115332 -0.050044286343466 -0.0455309886339365 -0.0427539174490989 -0.141459446580486 0.0190561157685904 0.0207583163523406 0.173720763738022 0.165350446987816 0.212066578985854 0.213806081019913 0.197934379097143 0.192763344298882 0.221985085525114 0.248366296676097 0.247386816335199 0.249804561130841 0.253208024335213 0.2564038966991 0.244201063396082 0.242343010525291 0.23907451051429 0.228951135208578 -0.00998888565292613 -0.012909972797144 -0.0205815652164512 -0.024193203601647 -0.0252438702250282 -0.0294789030640503 -0.0279252811212881 -0.0352720630008077 -0.0432706067962479 -0.0599329887215765 -0.0678372356834328 -0.0655798610471264 -0.0663516571692815 -0.0668459700526466 -0.0736319256758371 -0.0785591538466026 -0.0674200797376383 -0.0550787145416437 -0.0464013364009931 -0.0453282062172879 -0.0484453024508521 -0.0439572552619008 -0.0408951334931634 -0.0519932136603806
-0.262551245515035 -0.264981117477127 -0.263269306367004 -0.0569871374559001 -0.0545888084102683 0.00727055041812563 -0.148137052909347 -0.149979208006185 -0.153750994509017 0.0039426716596586 0.169643716981361 0.165694581078938 0.174120578698584 0.183828696806262 0.19564515971332 0.220166329367597 0.235570647897553 0.270103747867684 0.270315239303491 0.275425623646873 0.266142326936616 0.256725715934995 0.252338963105538 0.247618702210214 0.00906337259291412 -0.000949179001639044 -0.00163163185171927 -0.00849805025678395 -0.0151934956799458 -0.0206765821393188 -0.0180281122463801 -0.0183955041448206 -0.0181163936973181 -0.0276253499297112 -0.0383495897084869 -0.0496145958002851 -0.0682887383504679 -0.0686798589572097 -0.0586981024659309 -0.0639019646527194 -0.0743569113597996 -0.0802766281113725 -0.06038990534818 -0.0523387690526051 -0.0422745773577401 -0.0357005501171074 -0.0352170085336147 -0.0408046048646061 -0.0408726455767035 -0.046280112201164
-0.258061379337855 -0.264079848092089 -0.274005474154105 -0.278216726921709 -0.155628906623201 -0.283535517909339 -0.286697389729838 -0.287839471998779 -0.287922112643852 -0.00113664882108044 0.167008579154408 0.171199056518565 0.175058579863543 0.19347249975172 0.216058454268246 0.249696606311863 0.26606324779923 0.288224293416053 0.290817065940863 0.288887036837611 0.27645260201669 0.259815237021305 0.260497844543189 0.0104494641615573 0.0124642807434939 -0.000259247565059864 -0.00334296307199947 -0.00373443829153955 -0.00692650565466807 -0.0104555514078268 -0.00917228167318862 -0.0074446719662682 -0.0131147402921763 -0.023313404423758 -0.0323808619291949 -0.0436567140540869 -0.0576222648822484 -0.0589465659421924 -0.0681255222537779 -0.0655754767452165 -0.0644656735008325 -0.0692405865706751 -0.0643709742602104 -0.0525135330762258 -0.0416597448171084 -0.0355040085027747 -0.0354172090909923 -0.0452262230710912 -0.0456827044866876 -0.0358451936327051
-0.214204881464405 -0.263972921166254 -0.265447324904465 -0.274672221564739 -0.28425353971136 -0.293797612746742 -0.294879292270368 -0.294787122624724 -0.000603930210583803 0.00125421335278154 0.00167180713254966 0.174273693597895 0.183490868790701 0.197804476272495 0.230344142670573 0.273916447383209 0.13531392519231 0.312683717075014 0.308824607076104 0.30003917634275 0.289958455004432 0.274577566509754 0.255856095924862 0.0195367832022437 0.0103276190023945 0.0044354171587596 -0.000402712904672448 0.00879534717418412 0.00325771056044658 -0.00385629698151477 -0.0033030398030294 -0.00609209608499293 -0.00627553837831286 -0.0126380868207766 -0.0254115403775845 -0.0391658932790996 -0.0505101240968527 -0.0577537354972782 -0.0735043915988002 -0.0650162982147734 -0.0615056901082082 -0.0626670020901158 -0.0563364894456894 -0.0546457677441642 -0.0402216168314726 -0.037848873671071 -0.0361989263770805 -0.0391505371209408 -0.0365834191914648 -0.0343128435015197
-0.238563876204224 -0.245144750021382 -0.251766994953131 -0.271004838308071 -0.292311319602505 -0.290759806853353 -0.301269902148244 -0.298833416591828 -0.293886389045941 -0.0115594696182041 0.157814950257858 0.00330002688870814 0.174807097576702 0.200168051004146 0.222366121727435 0.260999943692468 0.316046189299422 0.334551320545525 0.314307102828737 0.29410096915538 0.298949437233321 0.28169440837502 0.265196322960808 0.0188122191187583 0.00872629546534252 0.00462858777592519 0.00801210459956234 0.0112334717194105 0.018632817165071 0.0105884015112673 0.0131138592872586 0.0160703947026956 0.00582363030563939 0.00318589934301008 -0.0107468849349186 -0.0227548456109729 -0.0374255808897949 -0.049139090508323 -0.0621938883326664 -0.0590984947093155 -0.0544541939214934 -0.0570665188709415 -0.0526716548083388 -0.0459058109531822 -0.0409785010052657 -0.0424201363627917 -0.0383730318310926 -0.0267113243466395 -0.0273141032823848 -0.039643486142943
-0.193327053335295 -0.235259047082319 -0.245667370964049 -0.265322399100246 -0.277375031731651 -0.288011826569159 -0.299011226778298 -0.302355686817286 -0.14257213147398 -0.0234840538640607 0.133240839922859 -0.00574618283114784 0.171744271465394 0.188482129063552 0.216886269368361 0.24078038083544 0.303141837200118 0.318461916628995 0.304148732379729 0.279981350789869 0.283464316053827 0.273980199801213 0.0265862873634394 0.0134337638685443 0.00922722844433195 0.00740590862292126 0.00575863012738678 0.00841215945450656 0.0103296086335513 0.0129750043111317 0.0171835543220731 0.0171188466661031 0.020256052650015 0.0119970970136185 0.00654322416655867 -0.0193760375561836 -0.0304830965026325 -0.0433477544726666 -0.0569462040663575 -0.055104112429345 -0.0484116199185185 -0.046668634535953 -0.0479490338326164 -0.0389192882311919 -0.0368585587268983 -0.0472540318723879 -0.0267255995744415 -0.0274229678177506 -0.0266229368092081 -0.0362035182451278
-0.182342172858728 -0.231800960113889 -0.232626090898316 -0.254510976152963 -0.267163127566698 -0.273171415932993 -0.176177860691288 -0.186633427825704 -0.0393099595341749 -0.0309693396289706 0.127296674596219 0.132803120166408 0.162594867552173 0.170687046579144 0.193490633283733 0.228986012360345 0.272580219140844 0.274373984434105 0.264357267130626 0.264172616848435 0.0198259036822347 0.0212949838935702 0.0184791491480928 0.00984314921244345 0.0207181444930151 0.00770815644160464 0.00222393360010463 0.0105964171222754 0.00663769316255944 0.0107677479675228 0.0145346218670183 0.0167637768281577 0.0220924848144102 0.022378936167338 0.0229126076252789 0.00311268986230778 -0.0208237330170286 -0.0383638549947418 -0.0562810348051299 -0.0475146507748542 -0.0403352726980106 -0.0393931924257888 -0.045305775719767 -0.0416579482056052 -0.0443694018750799 -0.0331092169859889 -0.0246636089911135 -0.0334201368670573 -0.0309677881513803 -0.0355329481965041
-0.210129448318007 -0.218144862001539 -0.220710007511703 -0.234224638154592 -0.248981230087108 -0.263595034767622 -0.276486764145493 -0.0204228494247556 -0.0397952798569144 -0.0466221652902509 0.109340679992027 0.12337612034622 0.132789019609159 0.150476086461142 0.168241089959487 0.192322983149669 0.221062549694357 0.235629370509419 0.240096627570811 0.236445492280952 0.00318073317916991 -0.00168956599751006 0.000917329895562327 0.00258402845122438 0.0128021215751705 -0.00168574247661175 -0.0117387875265407 -0.00590902635092291 0.0048311515017614 0.0101371594539837 0.0214391909769602 0.0261367085841894 0.0364753031233423 0.043075864173498 0.0285619346312461 0.00311584599980316 -0.0192758601301819 -0.0404099428844052 -0.0395292499130946 -0.0315660013772901 -0.0241210529063234 -0.0340155165464905 -0.0352086639574125 -0.0393703458718805 -0.0431433249318167 -0.0348873272412468 -0.0318104142743164 -0.0304470872387054 -0.0286319272692675 -0.0292475438599137
-0.201274416679021 -0.198197137705379 -0.208180855276309 -0.21446254965604 -0.230440030551136 -0.249071454750724 -0.103603006055371 -0.152026355777669 -0.0264882117404348 0.114047540623229 0.0986785230481285 0.10376729006865 0.114610044827275 0.123127841880347 0.138486722499126 0.167220648734194 0.182132646438892 0.202153672103557 0.217788807511803 0.209977297807779 -0.013984361681056 -0.00167247494521466 -0.00614904995807786 -0.00907191511227332 -0.00657715928031978 -0.0123106994962601 -0.0218162036263746 -0.016649871324353 -0.0102732274211088 0.00478622472002119 0.0210040861552517 0.023365723225172 0.0372631624428474 0.0492696513356586 0.0326276312675887 0.00570409528993884 -0.028273076265267 -0.0350057654621729 -0.0226980128363576 -0.0135126897903003 -0.00987666400409062 -0.018373706420498 -0.0235115625513294 -0.0340229225805312 -0.0381247753074564 -0.0273945212003216 -0.0322342110549334 -0.0269117048561563 -0.0279301888542161 -0.0347270263205201
-0.188868457161462 -0.184750806211031 -0.19411644386686 -0.199981171356636 -0.21362638995351 -0.232859600610394 -0.238579214634134 -0.136989295805387 -0.00789221757321804 0.139459225390736 0.110276962623977 0.0857560637592653 0.0868646544975126 0.0943640094229439 0.10689772020256 0.122766320825273 0.156857644358982 0.172101012700921 0.199995712977829 0.198834868163406 -0.0253159155425134 -0.0190601745475277 -0.015808450451732 -0.0251242967476606 -0.0200081650044449 -0.0227655992048229 -0.0237817959704137 -0.0239431055233135 -0.0227044423016447 -0.0178719558437187 -0.00864151934413791 0.00947018230336825 0.032272455559388 0.0432714482702208 0.0269842400741739 -0.00522168028050238 -0.0341744376448053 -0.0264085965463376 -0.00711251386040371 -0.0076688340363556 -0.0127603280848847 -0.0169127569094375 -0.0208252133655953 -0.022608003627723 -0.0191483968394758 -0.0221199928649605 -0.0100997139477155 -0.0190282569125183 -0.0275402186947967 -0.023831611524815
-0.175499546153606 -0.182297979224993 -0.179395581223081 -0.178810787693271 -0.0455853198046029 -0.19781829825843 -0.066173793642988 -0.0861450562446077 0.0235336864686455 0.141357004875146 0.117300135159415 0.0927880928427344 0.0730168617183348 0.0796525233759937 0.0935981238784753 0.104511859536157 0.121922306518242 0.140177851892713 0.161924581368075 -0.0434207144266325 -0.0294563769363202 -0.0270799084687734 -0.0255745329246918 -0.0271268716429278 -0.0287123881298245 -0.036688504817256 -0.0430186971765189 -0.0428686565066549 -0.0342815123706514 -0.0410569736284229 -0.0388286784944977 -0.0166240339301247 0.0089587039924833 0.0133720742285862 0.00531749313544894 -0.0227197644850186 -0.0399027345336282 -0.0176119979216386 -0.00420539046672964 -0.00968094363045002 -0.012764071623742 -0.015811165102453 -0.0131267791364365 -0.00691313515835132 0.00101381245314099 -0.00381386469391272 -0.00268049337580886 -0.0209876157838051 -0.0161970670066676 -0.0144252632829348
-0.161000910535135 -0.160700457593723 -0.168108043839747 -0.16986126586031 -0.0335304115444269 -0.0409117422839559 -0.0545053369249757 -0.0621475072149376 -0.0665313836277105 -0.0773101952516008 0.00327224631204137 -0.00639081760123048 0.0990706122318629 0.0811235868785666 0.0805224787544537 0.0898161430039992 0.105261335782765 0.134267094003172 -0.0563901951784177 -0.048872608613629 -0.0414085424778021 -0.038624325919135 -0.0325459408030888 -0.0259753974044586 -0.0327033851265784 -0.0337664335229833 -0.0222636043431679 -0.019345983547253 -0.00951266664160812 -0.0104417239475728 -0.0232669082724637 -0.0453941193784853 -0.0217117435097885 -0.0187564245926525 -0.0187316191579466 -0.0339032188094212 -0.0250017940233739 -0.0121139829633968 -0.00223148731317196 -0.00235042492450988 -0.0131455131053159 -0.0198986088179269 -0.0109598620774093 0.00271937148720688 0.0135855374653471 0.00137870201912933 -0.00642407217339216 -0.00882701042825014 -0.00377749325664996 -0.00479402723257578
-0.149004983238323 -0.0172530400069315 -0.153211922770237 -0.0192407216208725 -0.0193309863112264 -0.02387933576909 -0.0297610970699187 -0.0291132078762041 -0.0323500168789858 -0.0498510431303799 -0.0599163138304918 0.023798910177408 0.00517619743010534 0.103440825523032 0.0928593148492542 0.0895184838665758 -0.00211750989961807 -0.0672423125578731 -0.0537753876058772 -0.0353877704027406 -0.0348840264027892 -0.0298951028864716 -0.0263765448302256 -0.033139475808307 -0.0174147547744952 -0.00807652409358157 0.00204928137127017 0.0152378401138148 0.0285005651967258 0.0301760536980779 0.0131051849210414 -0.00986868635885653 -0.0230795432876593 -0.0298858953785566 -0.023779290642628 -0.0212053450928366 -0.0087791832051298 -0.00461379874112322 -0.00186101809468719 -0.000328123616907455 -0.014366173712404 -0.0222718762745489 0.00024961601669167 0.00424347166577158 0.0143370931944279 0.00869654315035551 0.0123172286002719 0.00622339036771612 0.00431356597304176 -0.00205810518234258
-0.139920535791322 -0.00532009932615457 -0.00811088426485151 -0.0114733103616459 -0.00790504540318385 -0.00486727234938868 -0.00222692400816631 -0.0129197998705748 -0.0196311479544095 -0.0366554508885086 -0.0457243558180489 -0.040710011884393 -0.0449221537609207 0.0213232621427642 0.00657310140505621 0.00444017818232055 -0.0537475810396344 -0.0501581533425106 -0.0395978077706372 -0.0369856768704696 -0.0328745923059207 -0.0418584298054055 -0.0283842729123364 -0.0156351370942588 -0.00192950416715691 0.0153641244769919 0.0272588318560871 0.0434907778303822 0.0773741618146519 0.0741252697952517 0.0460593025873237 0.0222090811666338 0.0101535546630926 -0.00349338789360651 -0.00668049452449421 0.00599075551566157 0.00437043441013049 0.00736490601822538 0.0026094156817477 0.00772778635575276 -0.00133133508530216 -0.00201632145107188 0.0106745214525807 0.0242664516949516 0.0298759695228327 0.0203761673967997 0.00958254225731003 0.00733900358894088 0.00101804878748896 0.00687075509471716
0.0103355153242665 0.0169328949816906 0.00726715437418936 0.000194751602858936 -0.00466105484302608 0.00368636664773492 0.0117157420996488 -0.00674043636058044 -0.0151032678361326 -0.0145731570633215 -0.0133219855367046 -0.0194938790609739 -0.0368865048988482 -0.0389396545258231 -0.0370266375471623 -0.0297722784203216 -0.0263348481528743 -0.027999424703034 -0.0240590151423176 -0.0236191793087971 -0.0211708744738297 -0.0161240343215224 -0.0142730445341969 0.00286406842272044 0.00800204979774365 0.0208145220474684 0.0419802588388474 0.0602307383392958 0.0834281213792338 0.0936445544285734 0.0728392642185291 0.046260377122366 0.0328615859456665 0.0197670909082497 0.0154390425631224 0.0235472123654858 0.0180459560884935 0.0167631658961684 0.0128203510697227 0.0214819113114265 0.0199527176907024 0.0138903629853701 0.0193300530686774 0.0274993844492857 0.0300855963602622 0.0262183619873911 0.016592572088493 0.0111620259819745 0.0181585500534848 0.0123636362177093
0.0206070842577848 0.0255463685822507 0.0273196900390881 0.013692522234421 0.0139339394955154 0.0253893197442743 0.0216638568292173 0.0196559848552388 0.0200721778046284 0.00692920074960678 0.00165772361340553 -0.00636467169129701 -0.0151879606344356 -0.0101410772494582 0.0286727832779851 -0.00206099640311601 -0.0111993797788603 -0.00553160380401634 -0.0199132941022472 -0.02033146174567 -0.017328526657569 -0.0113745452789215 -0.00116762134130245 0.0106561087639472 0.00860448054033459 0.0335671257479545 0.0551833300191026 0.065569814426065 0.0747998996497412 0.0784192990886986 0.0736209426020725 0.0466835840106734 0.0412043950735218 0.0311150295536378 0.0365201792238742 0.0398027811272169 0.0326881430330977 0.0250682576887209 0.0242750567599053 0.033865769861116 0.0266685912197255 0.0177338754454393 0.0214373374917992 0.0319144917320379 0.0350460245946388 0.029256182980337 0.0243310839031197 0.0280806239143636 0.0240437269683591 0.0138313768946446
