data/pcas/pcas_mc_585/pca_referenceLayers_mc_585/PC12.asc
NCOLS 494 
NROWS 529 
XLLCORNER -117.166666666667 
YLLCORNER -55.5 
CELLSIZE 0.166666666666667 
NODATA_value -3.4e+38 
[rows 462 to 483 of 529, columns 250 to 299 of 494]
-3.4e+38 -3.4e+38 -3.4e+38 -3.4e+38 -3.4e+38 -3.4e+38 -3.4e+38 -0.162232847858047 -0.173109210054874 -0.191982315697695 -0.200699122785374 -3.4e+38 -3.4e+38 -3.4e+38 -0.204630409162238 -0.183397196520157 -0.166198283863327 -0.128449964441107 -0.185395040531036 -0.158453751751655 -0.137350051371185 -0.130165769328696 -0.115147264678271 -0.0909897615285535 -0.0792675877812988 -0.0641254344228418 -0.0504812326587891 -0.0305135612946236 0.0036801521180783 -0.0169336187034335 -0.0143584948368223 -0.0126411677571422 -0.0113921848361725 0.0385486605221593 0.0500143092442985 0.0279454254389913 0.033407211886246 0.0695781708872232 0.0805930774256489 0.0814448889805988 0.0831392003717603 0.0664422817077828 0.0934374670681379 0.101496038271819 0.093607769402188 0.0999376856407516 0.106027117123449 0.0882703570416692 0.0926407149255547 0.117733679131509
-3.4e+38 -3.4e+38 -3.4e+38 -3.4e+38 -3.4e+38 -3.4e+38 -3.4e+38 -0.137506893162363 -0.150300916815939 -3.4e+38 -0.17226658049033 -3.4e+38 -3.4e+38 -3.4e+38 -0.191523657275557 -0.166535480994914 -0.139623799428274 -0.158148678467979 -0.152455637594094 -0.147000013495881 -0.132312307255609 -0.113842659853245 -0.0973594662641936 -0.0820993680037402 -0.0618350620300908 -0.0491445904664883 -0.0399937841553676 -0.0238799034206484 0.00310976969497784 0.0218444597394619 0.0339461201213773 0.00109256571053253 0.0107071320347933 0.0131084106408267 0.0488405497367897 0.00091968779367789 -0.00830748089014451 0.0648001261742455 0.0802356584687264 0.0878669929683762 0.082809313861393 0.0643074210171027 0.0799259426748026 0.0903224116914574 0.0973299175343191 0.0972942454895385 0.09743826691238 0.110012870369906 0.11159631840504 0.116781150609745
-3.4e+38 -3.4e+38 -3.4e+38 -3.4e+38 -3.4e+38 -3.4e+38 -0.096171859984839 -0.111167454849199 -0.126511353348163 -0.136651196201567 -0.142150162660037 -3.4e+38 -3.4e+38 -0.162894371316398 -0.172563169452741 -0.151271314554273 -0.136362736959444 -0.136576047605031 -0.140691145448771 -0.12177066826409 -0.117006439941149 -0.110978796530015 -0.101054941170323 -0.0930808207155842 -0.0870647668422373 -0.0782789436154848 -0.0546580601044471 -0.0260923591970096 0.00733410790731073 0.0322499290286768 0.032798136048095 0.0480153559303197 0.0565273542727369 0.0155962776474225 0.022088806518484 0.0148729546242602 0.0309247200541482 0.0703933203714134 0.0784022651585664 0.0893465491283305 0.085687421688913 0.0801026751555352 0.0936223762907455 0.0951348394791428 0.0972678281373139 0.110671229674538 0.102984799980995 0.11170894520977 0.0681863450805139 0.113827888746926
-3.4e+38 -3.4e+38 -3.4e+38 -3.4e+38 -3.4e+38 -3.4e+38 -3.4e+38 -0.0831683620733871 -0.0974802192247603 -0.106989383367167 -0.107772614999608 -3.4e+38 -3.4e+38 -0.148932138979341 -0.153818003973896 -0.152599261993313 -0.151573520133085 -0.127956474603028 -0.111967283996372 -0.091430013359331 -0.100741291686515 -0.102629305719716 -0.0913455376702137 -0.0768308550698217 -0.0581565880104316 -0.0484383048654074 -0.0236129347260788 -0.00955227182122283 0.0106106661131686 0.0236530460942862 0.0431247104723618 0.0541272983391267 0.0657590638874387 0.0605409447219301 0.027344263891082 0.00619772795783263 0.0413438450040207 0.0650601411397515 0.0725029865875133 0.0860745589603043 0.0907129631260967 0.092815203755842 0.0959911057595385 0.0996553361553547 0.104769992915244 0.106129657683689 0.109726758555984 0.110703407851754 0.108829063962254 0.110061496148727
-3.4e+38 -3.4e+38 -3.4e+38 -3.4e+38 -3.4e+38 -3.4e+38 -3.4e+38 -0.0736412387706463 -0.0855780054282078 -0.109384907341371 -0.105447696009475 -3.4e+38 -3.4e+38 -0.132712558924674 -0.137942392483712 -0.138824927058909 -0.135220392225088 -0.120110592526155 -0.109068949498365 -0.101913835043177 -0.0732016572444086 -0.086322090134842 -0.0708859276830737 -0.0687382376333106 -0.0635200474579524 -0.0293318066666046 -0.0125037773929476 0.00769368948809543 0.0175871318569338 0.0248678972438289 0.0443464732504352 0.0627264579095135 0.0686666616695695 0.0736646047748751 0.0610897391416049 0.027244775488663 0.0451295110737921 0.0583394780925831 0.0732503474761295 0.0722514377306655 0.0648014494432315 0.073948443671728 0.0861856213937254 0.091444698136219 0.0928904574551599 0.0946675586648656 0.113703399225572 0.11568623688382 0.103654915981209 0.108127649747459
-3.4e+38 -3.4e+38 -3.4e+38 -3.4e+38 -3.4e+38 -3.4e+38 -3.4e+38 -0.062536649886911 -3.4e+38 -0.083817185500201 -0.100360642101107 -3.4e+38 -0.128892305352847 -0.125837325879005 -0.122009010589062 -0.116054272152379 -0.11681347181735 -0.109404864211207 -0.104959145927203 -0.0817278716048437 -0.0832160573756461 -0.084103978566802 -0.0468258567998831 -0.0272258003293497 -0.0330779171400338 -0.0206950131448591 -0.0132288700328899 0.00688987150580116 0.0221778362314837 0.0281984749680357 0.044125403658335 0.0592192557780312 0.0771180819198956 0.0810569903200226 0.066511794366837 0.0568958911269248 0.0712617603210071 0.0820097424251891 0.0773409960508699 0.0800972903941896 0.0765136320480848 0.0789729347468862 0.0902964895644418 0.0911400485942538 0.0855536365655636 0.0958910642684536 0.0997778380391412 0.110845424204755 0.108406201701152 0.104360464865421
-3.4e+38 -3.4e+38 -3.4e+38 -3.4e+38 -3.4e+38 -3.4e+38 -3.4e+38 -3.4e+38 -0.0611247003606776 -0.0795814342555434 -3.4e+38 -3.4e+38 -3.4e+38 -0.100944622433969 -3.4e+38 -0.108432276277539 -0.0829480696415361 -0.0647262378553012 -0.0703989612110996 -0.0818352871495778 -0.074227135010005 -0.0738516540971396 -0.0787237574338875 -0.0473285318310309 -0.0341434624983173 -0.0231698985032819 -0.00126707576534293 0.00819812239559332 0.0235413123214199 0.0420316209947298 0.0575758715059332 0.0638840729848504 0.0762934450451825 0.0870668686803296 0.0818058734729951 0.0655967475047772 0.0661532462580311 0.0894636905391376 0.0797329132932321 0.0793066347140745 0.074720449910096 0.0890842205353286 0.0891833417354801 0.0897916126180774 0.0966693194485698 0.0992780166791591 0.0946542798081215 0.0960990966464433 0.0959395857589605 0.118828513777306
-3.4e+38 -3.4e+38 -3.4e+38 -3.4e+38 -3.4e+38 -3.4e+38 -0.0219372900905798 -0.029503440873183 -3.4e+38 -0.0691844527425817 -0.0749598799644128 -0.0899263450343343 -0.0854271807970711 -0.108804139464654 -0.109105809699723 -0.105608005746337 -0.102549779218039 -0.0659740697495534 -0.0953460338702466 -0.0909861641371229 -0.0437939595708984 -0.054485113406857 -0.0491916454733765 -0.0447554512463737 -0.0341284847826316 -0.0224250422342991 -0.00339269043950524 0.013495562192097 0.0289892340686759 0.0490501816833001 0.0799943862638032 0.0682056103726256 0.0735036653289515 0.0842411723025561 0.0906483033598446 0.07170777497717 0.0604998733835527 0.0909348548814012 0.0889540102109189 0.0930490854721734 0.0816713963780993 0.0947867347968891 0.0945340666935448 0.100286208020867 0.0930407903850563 0.0828618491208901 0.0749591472558395 0.0837250582552745 0.101965715183262 -3.4e+38
-3.4e+38 -3.4e+38 -3.4e+38 -3.4e+38 -3.4e+38 -3.4e+38 -0.00312999693342055 -0.0173295682201419 -0.0318674741262134 -3.4e+38 -0.0511926792568761 -3.4e+38 -0.0729020218777916 -0.0773729552498048 -0.0942655025084737 -0.0816397882716004 -0.0823642073777479 -0.09189327264995 -0.0816707051785762 -0.0481188178158161 -0.0422732560155958 -0.0594200239942426 -0.0637915735485984 -0.0568961283965059 -0.0542835501936229 -0.0216992455467987 0.00384455781314548 0.0358701063012204 0.0566484162843524 0.0735982579804072 0.0848327237622981 0.0964835090229266 0.0922386419142002 0.0982154296348349 0.106952536739951 0.0882072080994081 0.0539545967511966 0.0945249686511865 0.099554296587807 0.0900815408104923 0.088483527849834 0.0918468469152979 0.0911276080406209 0.0839167251227556 0.0739017753943862 0.0690170067163238 0.0889720201912535 0.10461346853348 -3.4e+38 -3.4e+38
-3.4e+38 -3.4e+38 -3.4e+38 -3.4e+38 0.0260504583706021 0.0279141785910707 0.0149484455647441 0.0128305510846881 -0.00722508496425402 -0.0181612394037573 -0.0335092729003733 -3.4e+38 -0.0531170649605318 -0.0798376496473889 -0.0690963321277457 -0.0602749687349321 -0.0694848192251082 -0.0669329626644177 -0.0752316343569584 -0.0740149607025909 -0.0744197990429796 -0.0759361495628342 -0.0725189844219644 -0.054182897456132 -0.0470543233904464 -0.021721933296665 0.0139412758916641 0.0347894605749869 0.055643857291438 0.0785615983842674 0.0867190896332937 0.0986454418515042 0.104095494385537 0.105737143817795 0.105588268516844 0.102416921472825 0.116244635155351 0.102886187973176 0.0983904488933198 0.0952787774646696 0.0835767738382109 0.0745272573525053 0.0685745389609411 0.0598599355009341 0.0620067883207935 0.0805090808182757 0.0973260346336371 -3.4e+38 -3.4e+38 -3.4e+38
-3.4e+38 -3.4e+38 -3.4e+38 -3.4e+38 0.0422257540255939 0.0444013158760638 0.0409111299267315 0.0310928412448693 0.0202998294859187 0.00971191731367559 -0.00889888095379066 -3.4e+38 -0.039722755312173 -0.0557958302107254 -0.0480587842922735 -0.0622520654273556 -0.0629734876202765 -0.0709120604562128 -0.063233633141583 -0.0664332054358861 -0.0695234286037307 -0.0552247349424067 -0.0588502878670404 -0.0401893053624679 -0.0413561138660741 -0.0330618974515012 -0.0113168971868265 0.0384215406367583 0.0553234188645384 0.0810668243909398 0.0906720631939672 0.102399723834077 0.104742610354103 0.109783477100934 0.101647606740375 0.113117133367232 0.121153491687991 0.106365736704161 0.104226150097918 0.0843734387208201 0.0702542575936725 0.0556042551619506 0.0627785014258175 0.0765451572781317 0.0994510806218882 0.108069100572611 0.112033179302189 -3.4e+38 -3.4e+38 -3.4e+38
-3.4e+38 -3.4e+38 -3.4e+38 0.0698775814370841 0.0665797644760215 0.0599774914460282 0.0567745967553225 0.0496970619057356 0.0342706955026943 0.0295565415395509 -3.4e+38 -0.000913051454453473 -0.0257511745133658 -0.0367286149845633 -0.0404576855641364 -0.0462180276474739 -0.0599169879049856 -0.0526920447194216 -0.0638630213327224 -0.0579078687931721 -0.0652498715801974 -0.0585380628138818 -0.0566166093653805 -0.0395792868337951 -0.0231288415391823 0.0128637318175345 0.0313846456115635 0.0516024866542894 0.065781059578561 0.0805016675351136 0.0997568502888382 0.106793313230103 0.11013235024072 0.0976212256724507 0.100256863215269 0.107640987334822 0.114225405937057 0.10700178202778 0.0904814606332178 0.0703082833270535 0.0611100533406231 0.0755889607105507 0.0865020063633312 0.104701788141897 0.111771433287272 0.116429272796687 0.121977599824804 -3.4e+38 -3.4e+38 -3.4e+38
-3.4e+38 -3.4e+38 0.0967507284968755 0.0944974798953471 0.0922687573578805 0.0889997880346158 0.0735944241478562 0.0674589298711149 0.0548476533374308 0.0523789434273264 -3.4e+38 0.0206904078149584 -0.00843461466782902 -0.0302143775084507 -0.041751976610054 -0.0352152504400282 -0.0599722846290811 -0.0361299112559754 -0.0468576483809874 -0.0535301576976564 -0.0677294110308199 -0.0557889150283953 -0.0457166339740697 -0.0285523030265799 0.0134448649559004 0.0413753715180747 0.0585695169302312 0.0762940825821052 0.084859298118413 0.100270063727186 0.109305680104312 0.121879249650201 0.129183009631394 0.114674861530462 0.117431226870229 0.112817121582106 0.101848281880949 0.0970708006237154 0.0799120855511619 0.0749450369960109 0.0758731397185676 0.080349270492701 0.0984566601934939 0.0958566384769954 0.0976960881748731 0.101345067412864 0.108126958106516 -3.4e+38 -3.4e+38 -3.4e+38
0.124591934105208 0.11859014326206 -3.4e+38 0.107992047705567 0.111232375604289 0.108781578823746 0.100024838780036 0.091533633520486 0.0909346182687392 -3.4e+38 -3.4e+38 0.0517106755304827 -0.0252473953586064 -0.00478070485288559 -0.0103859516346048 -0.0220726365866211 -0.0454573243452704 -0.0428984933309499 -0.0424250004825527 -0.0463511611960292 -0.041190177464647 -0.0418987432139978 -0.0421677936962594 -0.0236046017593864 0.0172681095316705 0.0430905627999648 0.0650416122276469 0.0818758273075723 0.0921810108146176 0.103752306213291 0.109388176101302 0.127681460815305 0.0478067811316277 0.0451926682038928 0.0539881926840074 0.0537803525009002 0.0608007683454846 0.11896816042388 0.105206587539968 0.0839932341281796 0.0813924321557013 0.0804928657648058 0.078325595663139 0.0798425889074997 0.0865685003044598 0.0927717276300366 0.0946760896272646 0.114946759375421 -3.4e+38 -3.4e+38
-3.4e+38 -3.4e+38 -3.4e+38 -3.4e+38 0.139578033709302 0.139693922780229 -3.4e+38 -3.4e+38 0.108917429197422 -3.4e+38 0.0819853810606469 0.0302587424240707 -0.0148857838013111 0.000701568516994881 0.00470373874640042 -0.0399486256327504 -0.0176938513718601 -0.0116653186057228 -0.024341732103578 -0.000240765362867872 -0.0210029773600725 -0.0264959046359581 -0.0137529432996887 -0.000862985604521721 0.00306622490254761 0.0266516273029133 0.0493508706097521 0.0708500301656828 0.0947914844157891 0.104555209364225 0.115080473303663 0.118742497593429 0.111519423301105 0.0422894388024689 0.0575637310349396 0.06215125019569 0.0634578004604058 0.114855982828147 0.0967439957500677 0.0815053496502352 0.0829239982612651 0.087306086873869 0.0892025089412662 0.0888549593655498 0.0890470999275359 0.0956648913987284 0.0944705110873549 0.103490022493009 0.125824634573141 0.129356893778083
-3.4e+38 -3.4e+38 -3.4e+38 -3.4e+38 -3.4e+38 -3.4e+38 -3.4e+38 -3.4e+38 -3.4e+38 0.102947250005952 0.0721945192662577 0.00974933212882282 0.000513670662019768 -0.00304409290748776 -0.0060187064530061 -0.00222143504830779 -0.00295033352140848 -0.0126356852610394 0.00557867340726158 -0.0429120396273762 -0.050977423841038 -0.046918882178929 -0.0541447437663356 -0.011753875159811 -0.00259753862771039 0.0138192384709337 0.022050915607909 0.0533296488252801 0.0895269406642093 0.10800619837984 0.0304217036726148 0.0967348166342994 0.0941196058521664 0.11019697344565 0.0448416554406247 0.050299258098355 0.0753702125657342 0.0623253366646795 0.0621412858811964 0.0755695760292961 0.0786016059951157 0.0813844636559643 0.087049710007647 0.0892976939521398 0.0919971416945627 0.0941456514925982 0.0950693941617189 0.103802133109587 0.102268353614379 0.119252195058974
-3.4e+38 -3.4e+38 -3.4e+38 -3.4e+38 -3.4e+38 -3.4e+38 -3.4e+38 -3.4e+38 0.124248321217423 0.104949205059261 0.07685390037906 -0.0586645429945541 -0.0485744690064459 0.0220861396646299 0.000406210653368001 -0.0017959827248003 0.0105215783448417 0.00943774287253197 0.0163563160257324 -0.0276131923455315 -0.0190602306415195 -0.0609757911119603 -0.0604894545858407 -0.0447697777394316 0.0305922596660531 0.0352460672352006 0.0570728672418704 0.0928177968885931 0.106054348436039 0.109982375332965 0.0378868913984618 0.0809338693286243 0.0781363512856355 0.0924801485999532 0.107328105993026 0.108713660479175 0.0666649845919415 0.0398230066451226 0.0568619285814858 0.0770223381294444 0.0787108217165867 0.0989035693253526 0.104114008366033 0.10076464864802 0.100854005415107 0.103714919434505 0.104036711957998 0.110366598248233 0.112104812304015 0.124046452967419
-3.4e+38 -3.4e+38 -3.4e+38 -3.4e+38 -3.4e+38 -3.4e+38 -3.4e+38 -3.4e+38 0.138250748776161 0.113254743816566 0.0290537560539816 -0.0112441096830516 -0.0467504935777305 0.0428073754820482 0.0162300995009093 0.0127121514131635 0.0195715415009694 0.0285669135190547 0.0316249276481823 0.000334925181634631 -0.00289873045815292 0.00241257003765691 -0.029439476568998 -0.0244388454881132 -0.0205457343263585 -0.0157970189762299 0.0128345456554196 0.0155413890944956 0.0248058443229309 0.0303169789237397 0.0378314335608764 0.0881680616597431 0.0921396101770863 0.107446200652637 0.102537995980818 0.10006557512349 0.0816502664798254 0.0770396285511628 0.0386613013084707 0.0396606407491523 0.0901651238441324 0.103601844312536 0.0949635356096068 0.10366354075241 0.103061368574549 0.117198247037799 0.118012329401443 0.123268790961154 0.113446005333344 0.130055044696257
-3.4e+38 -3.4e+38 -3.4e+38 -3.4e+38 -3.4e+38 -3.4e+38 -3.4e+38 0.170495247794875 0.150150277748485 0.120617576013458 0.102683998065108 0.0517093752174749 0.0395765393449641 0.0214550604509296 0.0372644861314918 0.0355012565664152 0.0424291010705382 0.0373996454897928 0.027875507602742 -0.00759590615429676 -0.0501235708265797 0.0200731930531206 -0.0182202215634933 -0.0147897144420472 0.00922707018182786 0.0130574643022928 0.0106450774487899 0.00417529900342559 0.0860392544221407 0.0165215047898657 0.0236750031968847 0.0905484214489036 0.0808426859174301 0.0787081837609551 0.080781407295561 0.0867270022678921 0.0854422750714512 0.077704997276711 0.0474630992924883 0.0542576927710647 0.0694115337204411 0.0943744306259153 0.0986686723028909 0.0959827651741944 0.100934672026541 0.116543158724975 0.127818956699902 0.140012695137239 0.123974286400553 0.137158623493213
-3.4e+38 -3.4e+38 -3.4e+38 -3.4e+38 -3.4e+38 -3.4e+38 0.19863442336153 0.166578996636586 0.141948789523564 0.113724935164522 0.109901105599242 0.0879499239051354 0.0927633728270132 0.0453767353180712 0.0198645811980208 0.015616968743806 0.021146727857794 0.0369556026872155 -0.0127159075276254 -0.0462673341558867 -0.0785628347405138 -0.0526209526837834 -0.0104753904172317 -0.0134875410381035 0.00865096306324148 0.0051033309630226 -0.000467055161469512 0.00199145731368901 0.0185464954206293 0.0349693831238856 0.0339357876629191 0.0293808899372223 0.108266385058455 0.0952631235741865 0.09189427716724 0.0854873994168548 0.0808224634988162 0.0828654270950322 0.0687327295213268 0.0875588904064411 0.101085518084411 0.108997314817541 0.115663989060181 0.115290590076616 0.117211743585126 0.124158870452768 0.129250576358567 0.139554467603678 0.140107432807454 0.137505166662022
-3.4e+38 -3.4e+38 0.243746008823752 0.240570877783646 -3.4e+38 0.204981942487411 0.211611563504409 0.204907179585676 0.176088506901637 0.140733131985126 0.130796624687879 0.126680670910927 0.097003948970382 0.0625906924477609 0.0515712332351943 0.0755490786660623 0.0755277297724767 0.0248425966901509 0.00379547422389244 -0.0306998107917755 -0.0421844591093427 -0.0696307885147291 -0.086105491985756 -0.0258477031078697 -0.0135074921928579 -0.00193439979389123 0.00539535926460215 0.0111862927045817 0.0107009527575571 0.022498088985981 0.0304611577812485 0.0392061233724835 0.0376116927873493 0.106844880119034 0.0808520432097566 0.0890495384849941 0.0840023478628759 0.0789036903316188 0.0729927421495082 0.0916610219118994 0.0983965170789348 0.106912071875066 0.119462415601212 0.128293311423446 0.12395857494684 0.127053466820755 0.132669817759162 0.141740182771028 0.137217112829957 0.137889970553069
-3.4e+38 -3.4e+38 0.264992379044146 0.264824768541323 -3.4e+38 -3.4e+38 -3.4e+38 0.203228432209651 0.181229771913996 -3.4e+38 -3.4e+38 0.10246106389307 0.0915961866520444 0.0910357528284363 0.0934428103646471 0.091055603071649 0.0479751013232456 0.0275790946183874 0.0128603638346766 -0.0163844070927751 -0.0269719192724453 -0.0206377790486622 -0.0934808793993092 -0.0775845804950718 -0.0568891534353796 0.00172348648498699 0.00556514514921559 0.0206479665785583 0.0189133600110227 0.0341516424614077 0.0322529421577427 0.0315183484559349 0.0276203771846225 0.110204428263133 0.0943362494898081 0.0840594272709909 0.0772367857053289 0.0813859987136223 0.0749854864935709 0.10267906294507 0.110331981328809 0.123812872421053 0.122594008964866 0.123687230331177 0.13101914878612 0.134356275697564 0.132906876213291 0.145680695173092 0.157574355196625 0.150266698023843
