data/pcas/pcas_mc_585/pca_referenceLayers_mc_585/PC12.asc
NCOLS 494 
NROWS 529 
XLLCORNER -117.166666666667 
YLLCORNER -55.5 
CELLSIZE 0.166666666666667 
NODATA_value -3.4e+38 
[rows 176 to 197 of 529, columns 350 to 399 of 494]
0.103320753356359 0.145006202180272 0.140584373064911 0.248096706738974 0.241872340990039 0.216016789886881 0.184487949352736 0.150912563132599 0.126439316749174 0.0812933683841701 0.0893118719417737 0.102283366990664 0.0715956582560918 0.108971268862906 0.210503878759099 0.214962362336889 0.228350524348679 0.237584863060993 0.282540948144604 0.302293869161265 0.317559986162735 0.268303268222387 0.249110459329991 0.337317035029105 0.347113955919412 0.295752965825394 0.31521957643827 0.303571366072006 0.347916140266626 0.352328800333466 0.405228444648138 0.440592958145848 0.453790203355703 0.494406722600892 0.447477869605322 0.38726898484968 0.378598344270381 0.370422164339923 0.359333097097504 0.352097761385355 0.32414740068333 0.346476509814569 0.166776211438578 0.0967404696821294 0.0524477370396035 0.0385525833985736 -3.4e+38 -3.4e+38 -3.4e+38 -3.4e+38
0.126788774728592 0.161917220408142 0.184042089552326 0.208351161729617 0.223611992229548 0.197984016326527 0.172365198115088 0.140776963035574 0.122774488499027 0.0982837074159245 0.0805011222439928 0.0735869816432133 0.117470136806134 0.160994623715339 0.202171086785791 0.231971106002306 0.262034794119481 0.262271984129539 0.275267956710949 0.342885205378779 0.335432396877769 0.362409847499351 0.377634900193669 0.305093269126019 0.387706129658711 0.341588197703384 0.341950869600757 0.332427563425494 0.36341667528641 0.332458327896552 0.362896149529564 0.408551505029686 0.459054034833652 0.502788004953767 0.469756296305782 0.4216049304276 0.395072683067218 0.403905527264136 0.379366600587656 0.372330252110804 0.361516249386616 0.372432225218487 0.216615412672586 0.183005568163072 0.105559434350915 0.0788929240918719 -3.4e+38 -3.4e+38 -3.4e+38 -3.4e+38
0.0834602303379632 0.167638280045238 0.152983335212554 0.14591653806333 0.197148859144918 0.180913178839193 0.156062612400828 0.115930446705365 0.0975604753825016 0.107998571285846 0.0916880756266509 0.144345916689622 0.173226959812881 0.193279280797663 0.238233457205068 0.283163341598163 0.240603295176582 0.273300742597994 0.300882443094444 0.339987741992057 0.367846465173437 0.386309345546239 0.409007111981356 0.394476638309142 0.412329476865686 0.371480235343365 0.381411192107079 0.327632873527879 0.387043151278991 0.387710920708759 0.398389220354902 0.394881703233535 0.476147105749347 0.449465537754267 0.465566553167663 0.451304654565678 0.434283914261663 0.433392761342653 0.419630736530589 0.400061844358291 0.396309615210161 0.393927802608166 0.394553023700347 0.354947341567744 0.280704941395773 0.097011227405564 0.128603689612665 -3.4e+38 -3.4e+38 -3.4e+38
0.108992638337313 0.155017996633004 0.171431249897999 0.171858864501376 0.155053570784102 0.142556722674273 0.13673293974111 0.120905087436012 0.105266873693202 0.0988690082523589 0.116109005299233 0.169254508525499 0.177725895464875 0.190846022786132 0.273248254293795 0.296499722308467 0.259647803236841 0.270572663529227 0.31152337398913 0.349673097260853 0.370074065059147 0.366521927024762 0.324154645644112 0.430852875748158 0.427382336177482 0.341851889164669 0.36707136318978 0.386058407102561 0.423415949924708 0.437576729764229 0.442937274021622 0.437696326033615 0.465721668437344 0.453490371997727 0.439421917003736 0.46702208731603 0.47387124480923 0.433099679807732 0.424062593301442 0.413819072920998 0.42111865124957 0.400087281742748 0.422228141174114 0.396220579467442 0.306360708819809 0.276586027405523 0.108331931089273 -3.4e+38 -3.4e+38 -3.4e+38
0.115807417173538 0.130218579670188 0.160338465005825 0.172657615281002 0.136675615889733 0.130701618745903 0.113327324761201 0.122603899258094 0.142349770766591 0.134333919204369 0.164190605429942 0.188774642094424 0.214173352291358 0.244253596799972 0.289044389587667 0.311239407542767 0.266283636213138 0.304623622784174 0.333748327526014 0.381891297981951 0.357475317166015 0.314060521041578 0.427037253214302 0.377477687673002 0.363176912818049 0.417635186118092 0.367194770383147 0.410118404209226 0.467200423928822 0.479449864875983 0.481683480322865 0.479019975736148 0.483042624957983 0.509615602127148 0.495392764526394 0.497857652421831 0.496454884467615 0.47856105506698 0.430332345161384 0.417148789331681 0.419219843044918 0.44064789431131 0.447580281078834 0.410765555820695 0.337864094578173 0.316338289876999 0.293711658682357 0.295838262243278 -3.4e+38 -3.4e+38
0.0850712459418285 0.0990243882267065 0.132803467080429 0.156506661695976 0.151833967979122 0.113356087970398 0.133743199592159 0.138355123311059 0.160424730133452 0.176668344483056 0.184662785276906 0.207484778001533 0.237088485824088 0.257314395697129 0.279665574980576 0.317032443770658 0.35561147489591 0.38366679547703 0.313858712037739 0.399004537311008 0.403845140934097 0.353576120038819 0.425522021027772 0.401383839609012 0.391486401956427 0.370146362587676 0.410726784077822 0.433174176623758 0.475823411661254 0.492666357174217 0.508737791323828 0.524283829491667 0.535127474517951 0.545684272451285 0.540904612505516 0.526849922848227 0.530318447314533 0.515450289757686 0.479879839917344 0.435094047606371 0.445252453073765 0.447891299699723 0.448015173028039 0.428228168346811 0.377411444767163 0.345814450636101 0.304433658328501 0.318175313377958 -3.4e+38 -3.4e+38
0.094958470065867 0.116658416981994 0.146590435407787 0.164850972306612 0.155183550828801 0.162670198225658 0.170599780812145 0.174667047557734 0.169318242830958 0.203707338187862 0.223710009654176 0.244740294330875 0.260998921078801 0.267432666625776 0.283330753729987 0.317594896111396 0.344954743985239 0.380879797029747 0.391058134564662 0.351255647811247 0.431250102891141 0.379332632019848 0.466567454037243 0.417570093760435 0.425799654077697 0.41691070655034 0.431417912814226 0.480955942758411 0.501650325161667 0.529023556064199 0.541598103562927 0.562037884053153 0.573897247073122 0.567469657920671 0.564506976183839 0.555317298908153 0.535687210651124 0.534789078306325 0.503742488967891 0.483039682736723 0.452898054994977 0.439280397731767 0.451630969107975 0.452711073574596 0.404007292918781 0.368788107658 0.316710680479327 0.337882591284503 -3.4e+38 -3.4e+38
0.130860980366628 0.15282951147092 0.174142637411089 0.19839044346545 0.213540306908937 0.231241109812019 0.219282697009942 0.216892824892186 0.241496145061806 0.245398877320979 0.258106834166932 0.273376435008205 0.303113076164778 0.312580845936022 0.325902404346857 0.326665596474202 0.343057720773723 0.394913841770176 0.414109766445257 0.423352137749604 0.394916491508729 0.402674317345046 0.41375868991565 0.492422122495531 0.440437642989658 0.450425505203858 0.469909171712328 0.496680904540528 0.527120875412214 0.553548022202823 0.568838832093181 0.569458874614166 0.588810462294275 0.573663780961934 0.583323738258568 0.562188507245405 0.562325214337487 0.559862694521651 0.543587502377337 0.503865816708632 0.47870116822454 0.464241789824661 0.449589541209079 0.46229591783928 0.442186884762159 0.388304931109408 0.368842235052216 0.343966661237043 0.309763249778695 -3.4e+38
0.194077056937751 0.206621391719112 0.215953682728231 0.218014963985648 0.247148139152165 0.277514622033276 0.283598837207413 0.295151300758635 0.312289605776181 0.302977742391347 0.310395117357873 0.325025289981027 0.340761362697381 0.352895750689779 0.353763428280859 0.36123398124302 0.378238550558971 0.408591100921089 0.442472910568588 0.464230004988665 0.461943832293915 0.490180174312078 0.44943257106033 0.469030313670095 0.463855423163101 0.485692752593636 0.494319590504326 0.52388980578987 0.542181607665782 0.564742215731583 0.584095908637698 0.594911612515028 0.604093875418853 0.592460603741858 0.59604248002932 0.58465367429328 0.583437233926975 0.577176449549899 0.549078193384682 0.521526553059514 0.50728802825099 0.483966623823929 0.475972482896078 0.478837168344003 0.445939919131506 0.405239578024925 0.376587890208173 0.36102659008671 0.332627175270523 -3.4e+38
0.237652356686864 0.252576672867869 0.272954385392085 0.285290510435466 0.294342722514468 0.307694556595753 0.334720036456941 0.351108502119507 0.344174742490233 0.350744531233423 0.370328121158845 0.370591002055077 0.37911389155029 0.393705615899624 0.398630789668704 0.406015328202316 0.425789801010774 0.436662038871968 0.466734469363756 0.489826376792713 0.484951662489468 0.509396209755389 0.479342923152478 0.549930122281006 0.505399473558404 0.516142727881819 0.528057031551854 0.536566741563016 0.553739760033881 0.588853503421296 0.598361151663565 0.618598074687925 0.610206574826941 0.601574721101823 0.61705223825643 0.608136305492249 0.599529647033275 0.588168110387788 0.58135544259296 0.576641834708998 0.55380146995524 0.498467978821303 0.498150392521935 0.490254234739783 0.46047795999597 0.432019816703799 0.393286335280122 0.36382121789211 0.344374811045639 0.322086373036333
0.297766850985831 0.309550304217027 0.329443240201445 0.337149422560171 0.335440475763426 0.362342892571134 0.38876673258495 0.40124962478462 0.406723631887448 0.420850839835726 0.430020555379241 0.430712750943247 0.429260320650051 0.44341244071973 0.44891633250473 0.457952641329059 0.48308468455976 0.493312887967537 0.504976502534772 0.533516307397495 0.536889665606591 0.543766832291694 0.512582786644755 0.522507328945822 0.546372113989985 0.548662743394214 0.568816541929057 0.567308613054266 0.578238370790454 0.598020673061735 0.617777225029698 0.636790767475282 0.626531775850866 0.615294874786344 0.619210997787694 0.630232978135349 0.620345917264787 0.621425735062059 0.620166877540468 0.602149684919781 0.58464460830844 0.559938830054826 0.534245596598147 0.504989865674347 0.469795755545698 0.432902711341086 0.405249999049147 0.364918409148915 0.335278122887647 0.325658627164086
0.348119738632355 0.36998465483542 0.407093102344777 0.419231026721112 0.422100573307137 0.420688977600247 0.434023149500138 0.45196477257519 0.477121634924943 0.483234911680137 0.48181279192168 0.489051226567426 0.489152880779051 0.491306775245161 0.503490419214589 0.524709903231849 0.524023522300935 0.556947411612775 0.562356710069282 0.556962571415318 0.579259968119777 0.582374101098564 0.544655228195256 0.602236676603355 0.573504850171248 0.584145158183687 0.594840763245631 0.597901512411633 0.610796521334336 0.626255607706492 0.631391932074999 0.64311912817569 0.652169640119802 0.652104838763417 0.653642791737461 0.644740822588074 0.637064422582848 0.643663388100164 0.646219081003348 0.638985026368529 0.625705353478799 0.597518935170288 0.563083095384576 0.512547333242894 0.477085383100253 0.440251849721736 0.408980308543344 0.377511057465149 0.345507374704669 0.349192984686613
0.375952638527377 0.39776539917989 0.421756624336724 0.426337390557422 0.438588362873423 0.428212330159725 0.461720620246326 0.491649369731785 0.50065652075369 0.501171204030223 0.510962581203981 0.508979550046506 0.51760811564572 0.52949581864117 0.535075197978322 0.558405966475956 0.56792362714381 0.578795682131502 0.577613997421615 0.590966956232681 0.600284273971963 0.607381271679505 0.612878764494799 0.615804102707392 0.622142859284768 0.623147587506229 0.596538816340138 0.604001204937814 0.612638371407357 0.613778576245398 0.612337206104912 0.622390432185715 0.642848166154727 0.639043611004746 0.627502437742601 0.622904635304647 0.609012347664955 0.618834857137163 0.630880119822846 0.634599273708733 0.624237648566535 0.587101143575895 0.551052463023123 0.499601235088767 0.453133059503426 0.410452778645197 0.369760079864674 0.354632304333344 0.344490989310371 0.330108843132666
0.416470447556443 0.42962394712366 0.431199339076739 0.457412384076852 0.466249413065223 0.482408973178821 0.492361459847438 0.508530681461058 0.517991875684381 0.530868367585494 0.521639388894755 0.540779522005611 0.542529072495538 0.561137524833248 0.569000487939385 0.580290356346662 0.582235582476018 0.602670897717364 0.60714878045687 0.608594344787233 0.61024039209201 0.621056901006313 0.61721338691987 0.614663686903271 0.617387450442265 0.591997148734131 0.581769368920197 0.578494843846497 0.586610694150365 0.602796905297278 0.594439046645454 0.592323519539122 0.602565422560093 0.602562109266877 0.590978290789443 0.584252001725901 0.570834084269412 0.581582792016665 0.597887413106045 0.592724389239647 0.584594843320674 0.568057134930224 0.511591387127756 0.466583534152316 0.418994740840658 0.380857355495404 0.373846770491193 0.33577976436284 0.302365009994083 0.28638414995207
0.419843352782842 0.430037991343076 0.46006898475985 0.462807918890219 0.478589548405712 0.501029606041741 0.522739342023625 0.540091320024181 0.53986099286446 0.554749607734377 0.56609128412595 0.57767410503886 0.575755879139857 0.585856629630527 0.602315947851811 0.609936650526783 0.613824618557967 0.625297391282828 0.624579269411972 0.623035226379112 0.630653390416337 0.630803053166932 0.628192362971747 0.627183277497323 0.584850571265634 0.585784628455479 0.581848087121433 0.576304446193452 0.56397849476632 0.565563030907256 0.57625185753005 0.562713039162557 0.5542263396259 0.550548740504831 0.545456405629018 0.556143296004504 0.520573046553039 0.53984420639394 0.556915825506076 0.567691110127287 0.555085548338049 0.536881989907609 0.471199488290116 0.420961787753394 0.380503321105516 0.3584918667929 0.338474068572549 0.294372026794976 0.290932318027359 0.279923459193286
0.437561445193929 0.452390570027424 0.467929292278463 0.495317768243894 0.510099771975353 0.522891751886596 0.54358052186363 0.555746541020501 0.56961213439027 0.571800573671446 0.587295682219047 0.598555275945633 0.61043342114184 0.617933619526618 0.620778872671441 0.628476559599475 0.648696400453809 0.647456875235417 0.650509677476369 0.647700188483725 0.63235218191431 0.631038696320393 0.626052314229285 0.583372300533234 0.571076192868694 0.556074820827641 0.545980340965294 0.537692004296596 0.534239350075694 0.543546058886418 0.530058559832295 0.534246949269235 0.529002108381141 0.505002492117896 0.490103000599045 0.487001251038218 0.49617764835407 0.474942570379398 0.490316315965202 0.501741433424031 0.493418577645792 0.466554338211679 0.421292980418411 0.373820594024866 0.34032691830966 0.313798578463412 0.296805365471867 0.302794444638899 0.293805817700053 0.284742597059297
0.450281017480397 0.471507262563933 0.488684458568993 0.511650842465877 0.526389241576201 0.538004359333969 0.554143299563788 0.564344739814012 0.577492527183459 0.583803984422641 0.599243376944606 0.609691240662479 0.621477425421391 0.628218086556592 0.642474380483217 0.649398842149613 0.655832174269351 0.664108145958649 0.670003972411249 0.65623400401387 0.621762808068533 0.607300856884346 0.57268875037119 0.56277071545489 0.551822042747269 0.534953800793859 0.524538121155241 0.495334464562432 0.491572082567033 0.489314880692505 0.483130086087148 0.47688735523432 0.476553441938511 0.457745656515003 0.434818941405107 0.43931814829469 0.441301174135353 0.432391062526847 0.43132773288444 0.428344879036876 0.421970018511938 0.39208334370822 0.345524748559607 0.30753950676568 0.279995095722454 0.278768517848815 0.284349779601122 0.301056506464969 0.318375184365084 0.269982944741204
0.469872272331647 0.482141860373229 0.49775721135984 0.514694841600354 0.529486510197051 0.546486088802771 0.563781882826176 0.572742692820069 0.573637519974287 0.592424698573277 0.604362457425108 0.61655305985172 0.624431725308936 0.635204818312022 0.648957433066145 0.65357701333034 0.647788899490803 0.654105664487489 0.67067474985565 0.646199890019801 0.626482818150072 0.577958952416763 0.562724711689046 0.540888147578608 0.52770054561035 0.509038090043546 0.493605801522948 0.464415960661912 0.458256640793077 0.437789295184187 0.436326534005288 0.434260354824026 0.426775811452236 0.395835664208883 0.368788640328092 0.362949268664043 0.366739502134763 0.374534350702239 0.366232725025006 0.361453704983187 0.358144213407618 0.318193483504203 0.280560641881299 0.248735985326538 0.235424435496676 0.226074033882265 0.266286362875153 0.290135403927104 0.267218596181156 0.240852409009684
0.484761245240551 0.493947068219162 0.505897306507643 0.523800231326189 0.529081268658897 0.546124875314935 0.566719509440414 0.580235464727498 0.577666389115082 0.58253103781461 0.591763153003702 0.596830837264738 0.611930142014635 0.623569371445607 0.638064416832733 0.649760040690009 0.654095573314827 0.646929473527516 0.650636476425328 0.63619207175511 0.634676841237123 0.607505561032041 0.552870557395129 0.528755824844491 0.503681213693631 0.485409148456483 0.465301645238025 0.428939341694226 0.417896037804375 0.397251081796898 0.395798257943107 0.385993008793174 0.384634888900113 0.342588099126512 0.316157212806119 0.292400852469131 0.299297802828645 0.313751716770681 0.317523536001453 0.302409769210144 0.294218359635542 0.264953505522504 0.22404444795726 0.199045204163832 0.225452811416834 0.198745067193721 0.206040287247314 0.201543068257777 0.209918173418348 0.196734553706413
0.473009249246359 0.491762260299978 0.512855549511074 0.523744034614886 0.529967352612692 0.535457415168238 0.558856948187601 0.561645080755336 0.558467061647613 0.568450989269937 0.574598980789596 0.574020713785994 0.587606958936624 0.607929326334254 0.617514165002108 0.630841447092534 0.64144946113652 0.645337169227892 0.633988906174166 0.615995176636298 0.59805186935143 0.599012401706477 0.555958705098097 0.51629670780125 0.487266915284041 0.457877247496883 0.423125988626222 0.393102550668973 0.369575001691719 0.346558242885603 0.338236587193956 0.323119794987332 0.328299171181947 0.286531286189922 0.253244763161568 0.229443961853459 0.24217465324077 0.247576722461206 0.264406025664181 0.260305064878843 0.243076454384927 0.219161586554273 0.180494002553808 0.168040048500922 0.161519698281768 0.137879329633165 0.166024114731478 0.165983409163391 0.161725214785151 0.143196555120035
0.473650629614977 0.485601695118631 0.500394979739917 0.523547023049197 0.529228320425888 0.52754372521357 0.527144056223196 0.528647667731604 0.527285691290213 0.530241575604631 0.556239826969583 0.567415146447812 0.576513249634387 0.590991899815976 0.601336295616508 0.6002125712706 0.622153714838571 0.628588129336533 0.623365398531336 0.61851585203216 0.600234317258369 0.57624514523877 0.536573423859079 0.503286832414309 0.4709415602292 0.438472309557711 0.411929067238495 0.354584179098799 0.324284264912989 0.298348576852972 0.277665614249583 0.260567636681746 0.28592616322415 0.255085969746825 0.1999360923945 0.157305882628699 0.194465677241683 0.207700004619059 0.220616936938996 0.22084015094752 0.214120506511444 0.174038231017461 0.159700839249412 0.121161068270515 0.106537116222018 0.0998763935322998 0.105201606029229 0.0927482188644945 0.117310400668693 0.11271218815241
0.449976603554746 0.468960811323252 0.48578644477263 0.493329410501065 0.508462978493532 0.507375784323915 0.501046650947393 0.502290110431136 0.492421167744156 0.51290014980134 0.524717155883793 0.540344335936312 0.554260131057185 0.565846126061172 0.586519564912507 0.591073950968249 0.607752386915711 0.603167004716407 0.612052929607461 0.595657460445413 0.595782027652055 0.564108074906051 0.534797338927578 0.495748956941223 0.456775259317586 0.422094217716571 0.38076025002032 0.329620154327248 0.293916451154373 0.251083321829958 0.233886093957924 0.228313649634043 0.255057657579656 0.23302606980305 0.18283926521998 0.154375217477719 0.164783637333503 0.185700674981376 0.19514274258823 0.190694568108064 0.185003981563941 0.166104122569069 0.135822498757538 0.106991791261865 0.0787987253541407 0.0608436689904567 0.0640748791077257 0.0683654331389123 0.0661457520012848 0.0513312180976551
