data/pcas/pcas_mc_585/pca_referenceLayers_mc_585/PC16.asc
NCOLS 494 
NROWS 529 
XLLCORNER -117.166666666667 
YLLCORNER -55.5 
CELLSIZE 0.166666666666667 
NODATA_value -3.4e+38 
[rows 286 to 307 of 529, columns 400 to 449 of 494]
0.0702991880438372 0.0588546046033492 0.0569824052690936 0.0530439841321069 0.0524445546252898 0.0531535003127522 0.0551069361783902 0.0480904819350506 0.0351340299231646 0.0507882349685602 0.0325478321251031 0.0363236748712407 0.0513663832425665 0.0452745707338743 0.043584736769873 0.0557940316029251 0.041300783748754 0.0402795318880703 0.0467677562454036 0.0288447078275177 0.0231826480102989 0.0266625329019276 0.00713754647041469 0.0122537509958861 0.00339844392485694 -0.0212178960699959 -0.0434949358984975 -0.0510638290539747 -0.0622761078970931 -0.0527359267384796 -0.0460303555535229 -0.0452818209576307 -0.0418862124037815 -0.0482613290948139 -0.0315383212120236 -0.0293196606465748 -0.031743369169191 -0.021956454330637 -0.022116707665007 -0.0343474464791158 -0.0235920536315255 -0.0231129429796781 -0.0225134667290114 -0.0211210584012456 -0.0259168607633778 -0.0346445526863413 -0.0397663132722495 -0.0575229421661329 -0.0592711153078647 -0.0463766889064302
0.0708712538133335 0.0702224294480133 0.0593731795294443 0.063224915940008 0.059163626729333 0.0564803467945256 0.0501421570883124 0.0634000714304658 0.0504588174154408 0.0560710513726615 0.0455176568517361 0.0571077842544445 0.0492671785420163 0.045321149921273 0.0593911808401329 0.050354874807313 0.0461842831519173 0.0388107489858851 0.0509869856995506 0.0429283623502441 0.0412030522906391 0.028559640163447 0.0223252667773999 0.00505744132202598 0.00577570211359162 -0.0411652219916085 -0.0733605101600116 -0.0781064975577647 -0.0622398847822523 -0.0337028148690253 -0.0385318780178065 -0.0273357799308002 -0.0443023519418592 -0.0345061725436227 -0.0295713166297472 -0.0310570885912341 -0.0208145728494819 -0.0326772563604049 -0.0180391926610907 -0.021997600551866 -0.0221767633757255 -0.0193326241872163 -0.0292227876827789 -0.0219052487742722 -0.026721737324947 -0.043819387998986 -0.0548765636072982 -0.0641824740358678 -0.0823907110057272 -0.077468156240863
0.0720677912343964 0.0773961109518284 0.0733375248804476 0.0779618532843794 0.0576553468363876 0.0541094633433103 0.0506934372151677 0.049691753135854 0.0489634790863755 0.0402245001082865 0.0554215512854852 0.0523462228055312 0.0410375009090246 0.0342075979586636 0.0402226700950718 0.0566134010543198 0.0553366127494633 0.0494602886715605 0.0447091760621339 0.0506597523836243 0.028311554679238 0.0270098924850497 0.024025996710387 0.00410351103457077 -0.00396714118433979 -0.0109138533638586 -0.0440032803866391 -0.0601714010262074 -0.0418108088994243 -0.0457176627497321 -0.0305596543231062 -0.04416352639046 -0.0327862166255916 -0.0383332954346189 -0.0183970671723778 -0.0246559875478199 -0.00311892312875843 -0.00744451510238826 -0.005415151412873 -0.0292565531333511 -0.019372740753935 -0.0170266820676883 -0.0230948907916642 -0.0248662288285094 -0.0438675749322951 -0.0497632441748686 -0.0624333594902696 -0.0827026619946753 -0.0671761214621367 -0.0787171812242251
0.0582487324199766 0.0566520673166593 0.0551307519228768 0.0682667158021495 0.0585484872217036 0.0570207257022894 0.0628523534907422 0.0352952766128844 0.0404808889738371 0.0405766704691358 0.0451850726245493 0.0409884617066746 0.0413841928411222 0.0597070449563199 0.0522434036848607 0.0503546655178027 0.0347884847834216 0.0549206286133644 0.0392492033900949 0.0336901706338509 0.0332352602537205 0.0184041647771134 0.0158163365387388 0.0117761173049332 0.00527763079148608 -0.00858945234023567 -0.0330773432868793 -0.0324054269203744 -0.0426740703409626 -0.0417083486440818 -0.0382256012871081 -0.0263726612061578 -0.0164371923940619 -0.0288446567228308 -0.0236142990210856 -0.00984031285103151 0.013748966292458 -0.002240520047033 -0.0031921317932811 -0.00760708153565715 -0.0200596055457258 -0.00813134692884758 -0.0284670076798389 -0.0363703516562176 -0.0509831904859645 -0.0637414827696122 -0.0855997117217762 -0.0871902816270529 -0.0968851094604215 -0.0870360035465435
0.0780791415265931 0.0732654584072635 0.0567458361930081 0.0631821349163267 0.0578466047533786 0.0475281655524128 0.0507595468153016 0.05450494350704 0.050606776587644 0.0420079562776303 0.0453702546505985 0.0515774974287779 0.044712255857587 0.0619005762249582 0.0481892910756662 0.0470898576189586 0.0586704760845711 0.0526869620735368 0.0541452309268201 0.0314893636598962 0.041014050021088 0.0136177474167973 0.0134332356041513 0.00612479439249978 0.00162348193021486 -0.00304908755999482 -0.00555503566276606 -0.00864498570397323 -0.0294626038588961 -0.0324667632646054 -0.0229822366205128 -0.0251128817093831 -0.0147875937138653 -0.0172725467183577 -0.0315366860270002 0.00137433756487638 0.0104651484040977 0.00782531474820424 -0.0115935433047229 -0.0228459515448619 -0.0228344419111112 -0.0296307771706375 -0.0348893873022201 -0.0527817688578721 -0.0656317979275692 -0.0698761148614921 -0.0818036826835795 -0.0910508758182655 -0.0881153299827995 -0.0747004573089724
0.0660077722051988 0.0547868194105518 0.0497050552546436 0.0546507396150505 0.0487907597860501 0.0473780573749454 0.0634503919310953 0.0458302330747606 0.0460820600903213 0.0546586235277975 0.0468640196549874 0.0515266840189439 0.0640696517491981 0.0571715792979075 0.0568169216086824 0.052951826149495 0.0363263740962268 0.0360061683604284 0.0348909195015732 0.036823188373747 0.0342785977294559 0.0262286586010861 0.0110957502114741 0.0123901324066722 0.010174784775444 0.000715542259476981 -0.00571335148011782 -0.0151378067840531 -0.0119141552119103 -0.0297637271950576 -0.0169374327224572 -0.0171482180603463 -0.0244716720090766 -0.02131296904927 -0.00292481263850743 0.00183965277394585 0.00692416335445638 -0.0141199697985685 -0.0119878142449552 -0.0295493073640398 -0.0426327093690401 -0.0309667356433363 -0.0439228306972131 -0.0566064982956068 -0.0770162586073327 -0.0870103678284032 -0.0829825918120292 -0.0908411957581485 -0.0972764517243069 -0.0828912870296574
0.0613587125720236 0.0646572126573607 0.0607349111036482 0.0537745324363305 0.0452850027962032 0.048104851725315 0.0537728315052699 0.044980201721643 0.0356241234786224 0.0474518117719049 0.0516560497242715 0.052674463713053 0.0566859715619264 0.0535129834776257 0.0447983061187904 0.0371388157924048 0.0475589078074228 0.0490391095323917 0.050490643129077 0.0269599348229593 0.0293246568533129 0.0230508556119889 0.016408137526345 0.018010981067237 0.000674853980660077 0.00743332355868834 0.00551685715310954 0.0110137436278948 -0.00838866416718142 0.000386397961512852 -0.0208524735573518 -0.0122869913894513 -0.00704257975623496 -0.00493664094266503 -0.000103445572538649 -0.00550494521217362 0.00452575450675154 -0.0177802323497716 -0.0212311071269352 -0.0280774467579341 -0.0299274754179359 -0.0390336453934504 -0.0621903225778883 -0.063743694991576 -0.0801949591959145 -0.0902310879028777 -0.0994925595524351 -0.0836114189927575 -0.0899592425619975 -0.0855475682894622
0.0680046324407013 0.0593406358917101 0.0556594873660597 0.056481915153252 0.0368464328235922 0.0377466321897666 0.0514443457868911 0.0437550820675472 0.036980406232575 0.0413897587638147 0.0595991312808059 0.0675636181680921 0.0439825455892569 0.0497631757617898 0.0335043626436606 0.0352085271816866 0.0398345141969651 0.0327298417364518 0.0433941330627109 0.0359354491334872 0.0343403470900619 0.0121196976360208 0.0203624491218943 0.0188089774251595 0.00386006541145169 0.00458997347976334 -0.00284003806868376 0.00675128716736149 0.00288629038246035 -0.00898718316593297 -0.00357430122061066 -0.0163078274456543 -0.00670121479413922 -0.00327266691265138 0.008160243119471 -0.0110258219901043 0.00087085607478031 -0.0160717753393959 -0.0101241579056676 -0.00766407210510076 -0.0339244564783107 -0.0437432484353587 -0.0583097412430972 -0.0525088085859987 -0.0805166416968327 -0.0813503891859605 -0.0872197570750903 -0.0992820114921214 -0.0997675860094588 -0.0992396564503897
0.0779300212903641 0.0673272595772879 0.0596264176738741 0.0535994588115131 0.0519104511762434 0.0422083860096776 0.034637859151009 0.0498815029431883 0.0409352531972894 0.0414329098963967 0.0460228334989494 0.0514386450846841 0.0493836365493137 0.0372135086086344 0.0363084304550515 0.0319381400600586 0.0345290896312237 0.0259852590025341 0.0261813375132331 0.0264756165607878 0.0329716092066682 0.00724579120929081 0.0176924709489788 0.0281515706593243 0.0204651148035846 0.0129038054990697 -0.00255881113835647 -0.00560110681071303 -0.00729955089183195 -0.012803173369889 -0.0071759924418461 -0.00657053080417964 -0.0158370638711914 0.00298164445619074 -0.00233799454332696 0.00888109452951617 -0.00410581420660996 0.00709178061698679 -0.0185313637788417 -0.0233125782376203 -0.0235160650202946 -0.0501148564097467 -0.0542934196521362 -0.0638234791763205 -0.0786224204890216 -0.0801322383633067 -0.0934922757578389 -0.103066056496673 -0.0980690074878907 -0.0947539009146911
0.0661430942228128 0.0697824259899228 0.0588494098321324 0.0543744131946418 0.0501328154140882 0.0417406961674646 0.0337989563898968 0.0253011798860502 0.0382126344940829 0.04421850552674 0.0446972719170892 0.0548880626800968 0.0433302799882797 0.0386175825761862 0.0410374472161377 0.0364273384884478 0.0249077541592119 0.0240000983026464 0.0310574911331719 0.0351156401477752 0.0326985495078359 0.0213273026833717 0.0169318460045131 0.0262355721437682 0.0209142963666648 0.00816365351514112 -0.00218360733127915 -0.00673441084302506 -0.00859884488995276 -0.0147659956402132 -0.0132033956050526 -0.0113874566914485 0.00275813149019471 0.00501228722414645 0.00826279736825895 0.0167372887794781 0.00302057425832066 -0.00909163149216011 -0.0252952545771228 0.00910096169072409 -0.010099368029114 -0.0356732191726077 -0.0469208785522377 -0.0816805353644167 -0.0765219006540755 -0.0812697695684677 -0.0941870881751361 -0.111088064586247 -0.0922176641343493 -0.0893413904089643
0.0698993103827011 0.0564725058186866 0.0503642625840485 0.0516828361731222 0.046966999990826 0.0268195513765161 0.0340088251256418 0.019245996892529 0.0504256073469068 0.041433984776792 0.0553609903977953 0.0547648499519493 0.0316117784747584 0.0399468040100723 0.025477862289446 0.0214735243434418 0.0251362716512122 0.0195348344141163 0.0304132377571635 0.0217362120414794 0.0249548770778541 0.0200037498709661 0.0276101045329433 0.0262246727949592 0.0162047232559995 0.0127076781244899 0.00944799680512493 -0.000233826529611257 0.000519730152985579 -0.0114562296312737 0.00044114365054243 -0.00117751910598803 0.000279578536560285 0.00526577564922268 0.0106851245398111 0.00738205642984191 0.00838411548018678 -0.000609129959856909 -0.0105476902223329 0.0022874047282916 -0.00855948105479446 -0.0224794998373985 -0.0404169087523566 -0.0599874051311209 -0.0630081840993268 -0.0743696023571147 -0.0828213074597674 -0.0892488936133501 -0.0878403467281131 -0.0948144457092795
0.0573327128707466 0.0559176068467536 0.0625284590042682 0.0501372743578675 0.041533918926176 0.0432458736967842 0.0346266386771482 0.0324623536114257 0.0346504411378504 0.0341157364143204 0.0410861647622946 0.0290778219709455 0.0266626618083988 0.0293528069121478 0.0214944635126433 0.0178282818175031 0.0334150782326345 0.0194629992338765 0.0348070217894512 0.0201748852552221 0.0118568507517855 0.0351963485799317 0.0157710343329452 0.0204740087026225 0.0239746390746852 0.0165762296551209 -0.00715113784284708 -0.00785326273419173 -0.00241659262861221 -0.00360002711334583 -0.00567526231706431 0.0045186243497004 -0.010140577503435 -0.00415519807772695 0.0183038238459456 0.0167859769381939 0.0016421395673197 -0.00140274011582786 -0.0102580957544163 -0.0198656214802732 -0.0115935090778975 -0.0283367120302658 -0.028446596634017 -0.0562789627774311 -0.0586715496597483 -0.0616994507719158 -0.0743395688577461 -0.08759773914475 -0.0799546684497871 -0.087302473345092
0.0568532349635083 0.0560281933096183 0.0445697713278223 0.0544484455396742 0.0437019776960509 0.03240730547948 0.0448430565493229 0.0408326663943703 0.0311990891794106 0.0277434007166762 0.0368200002498848 0.0221759824675889 0.0223757888961586 0.0323030510102518 0.0212604656181766 0.0112284477852853 0.0191706812947619 0.0239475679551382 0.00991878925817662 0.0189004497382636 0.0116146959891365 0.0201994680201561 0.022716044069493 0.0229719586192236 0.0065064529457637 -0.0116336556603575 -0.00837777597308849 -0.000363673460859894 -0.00928114100842574 0.00244392403316895 -0.00521982037549896 -0.00491956876020961 -0.00844805710104637 -0.00199707481897383 0.0131711286826399 0.0234078542667999 0.00674219509834705 0.0130377940129855 -0.00647342444484922 -0.00331159189929248 -0.00985840516425289 -0.0246384601621168 -0.0369444807008217 -0.0364261353500674 -0.0314499819819134 -0.0592566142748207 -0.0652935260943124 -0.0779061275588449 -0.0762720203521272 -0.0639170505302093
0.0776496507252752 0.0695406516543653 0.0532293615206357 0.0503065758013561 0.0485997560428 0.03923999694757 0.0234958157047507 0.0513304331223301 0.0258977781526519 0.0386225335222776 0.021118894239074 0.0125966340734095 0.0120987254702857 0.0131721440696488 0.00678180802770264 0.00981987434318934 0.00772197461338264 0.00406005953924216 -0.00118356311502255 0.0120505574193061 0.0338226867462816 0.0283106422324561 0.00648248488590074 0.000620538041045011 -0.00563386376113099 -0.0224585129462569 -0.0251966563891901 -0.015088723634097 -0.00811506512387704 -0.0108585707155728 -0.00446086203938436 -0.0151391862705017 -0.0070847311755694 0.0193491892144457 0.0118507927928911 0.0134003861142875 0.0160724637295427 0.0206547384618558 0.00157606238250053 -0.0018864170162072 -0.0212116455005296 -0.020397818629965 -0.0401644730516554 -0.0363619207349837 -0.0532444454613011 -0.0357885432322643 -0.0506664044893181 -0.0505796919701342 -0.0538843976052426 -0.0665247755259518
0.072435016715914 0.0592628480665874 0.0651582382878049 0.0604573056020135 0.0573045868914541 0.041258985341369 0.0408888086755433 0.0407217423169486 0.0419256051650947 0.0399687752819907 0.0183317561905562 0.0131195730402398 0.0157013620596343 -8.53959683222091e-05 -0.00114442589308405 0.0127987648946067 0.00434089557268177 0.00799216293103384 0.018419799796095 0.00489611583240144 0.0195108444488625 0.0283983055645611 0.00686848703828368 -0.00280309143416327 -0.013320125375555 -0.024271908450347 -0.0374177446858938 -0.0186787026576477 -0.025623974557902 -0.0267667776930751 -0.00390959024421501 -0.0178156567360045 0.00920445543808213 0.0024132855030394 0.00725818626605925 0.0109248582931944 0.00487742409050657 0.000865891522557463 0.00733426730383081 0.007617997465636 0.000367747653152568 -0.0144862683052413 -0.0220120195579721 -0.033457656142946 -0.0276669938958257 -0.0462010515240905 -0.0407488478503108 -0.0529062533045924 -0.0564032120797962 -0.0604600273556222
0.0647197547586423 0.0618522660009741 0.0554315462015901 0.0644738723169365 0.0438823779720914 0.0482903133211163 0.0417770264914343 0.0373744748392854 0.0337129025813121 0.0350222359396287 0.0336103826682065 0.0104457952961141 0.00148951850205108 -0.00535045544127544 -0.0102504859777469 0.00082667268603797 0.00575321994743472 0.00994186841834701 0.0044605835102693 0.0138101273929838 0.00563952409151555 0.0238829219364919 0.001993554077548 0.000765147797088472 -0.0273686058474332 -0.0328942504510428 -0.0320444959884206 -0.032482699461096 -0.0319788743567005 -0.0141759516685394 -0.00767280522603615 -0.0104521106051025 0.0125751236875115 0.0157407774441597 -0.00153343771901118 0.00446422901532416 -0.0103830964658296 0.00942440451472967 0.00277536021641727 0.00501076768024537 0.011200736849961 -0.00981425687410234 -0.0205982898199964 -0.0341636692724419 -0.0379149425240788 -0.0368675634481709 -0.0544142305450937 -0.0557350094193352 -0.0565219353272376 -0.0586585201246431
0.0600935564581924 0.0648334885833847 0.0529855684552014 0.0469934318861516 0.0383889595961913 0.0387303435121052 0.0477237007325795 0.0320559159232559 0.0236553171088879 0.0129916471282493 0.00905633723711245 0.00260302079848401 -0.000167340092561488 -0.00979941758927457 -0.00963572962891138 0.00484092495801831 0.0115700134290717 0.0181437601313452 0.00596587208901561 0.00835039060228629 -0.000543845944356622 0.0198306608585293 0.0123795716718959 0.00118668691644956 -0.0241927813809018 -0.0228390604392992 -0.0349971315175511 -0.0407368500739231 -0.0288512324723479 -0.0167977030859915 -0.00314634716045529 -0.0159720980839781 0.0113605227489667 -0.00233960336575353 0.0134592515193119 0.0188153439213399 -0.00186606840461269 0.0135812239943411 0.0128890575280097 0.00266617665960412 0.00728497931559598 0.0123612898684095 -0.0084173703088562 -0.0164268250093543 -0.0327009289140188 -0.0515906758390437 -0.0405195110359115 -0.0488613084773 -0.0643750296946057 -0.0699322373826046
0.0627072269726726 0.0558666543703638 0.0475540987226443 0.0495039150722443 0.0512973906229868 0.0482074856997104 0.0309170413455146 0.0266773040869486 0.024843714712726 0.0170641303493012 0.0173341686986198 0.025284367121983 0.000299942589938859 0.00780085494619474 0.0122983275016825 0.0233315529898624 0.0110390212903016 0.00626591419941668 0.0121945919409962 0.00850453144014591 0.00735343612371085 0.000748933425034452 -0.00352174956228079 -0.00164586089039281 -0.0246970635501349 -0.0263216099990391 -0.022772299536469 -0.0311987234250425 -0.0153343797246454 -0.011114853803703 -0.00315401708654473 -0.00146159213904095 0.00864458721907078 0.0100616510608567 0.0108359569279528 -0.00270002599077439 0.00397719713650267 0.00803347087533769 0.0103241196609349 0.0140617778632865 0.00388082527479765 -0.00328617849979882 0.00354258891151206 -0.00897648824491832 -0.0211340981529046 -0.0351644678512843 -0.039646253257429 -0.0588152377767938 -0.044237054575646 -0.0637144954080799
0.0478594136990104 0.0437846270871748 0.0603986817544052 0.0518591852269329 0.0514458400464591 0.0515359610270079 0.0434797136604977 0.034157773502472 0.0310483841167377 0.0402984359426532 0.0169734168613517 0.0176731714180787 0.0115209509654836 0.0171547315305636 0.0167052238559693 0.0302453255422353 0.0158341971979568 0.0186300461038868 0.011765032014067 0.00693180269142185 -0.00773022807914586 0.00288295873807228 -0.00918740325490799 -0.0121724020271811 -0.0125372792353604 -0.00873514782718855 -0.0264033696676354 -0.0132444574581268 -0.0134815230874732 -0.00586298902329307 -0.0053816163187621 0.00499097147980451 0.0175806175689392 0.0173073430631378 0.00912024308377053 0.00137006623024136 -0.000464148014109052 0.00435304827387292 -0.00149907300324462 -0.00134131202054854 0.00381802659579161 -0.0118588283200303 -0.00225097914644869 -0.0100048017653852 -0.0165124649731446 -0.0449918793647798 -0.0529607200893217 -0.0629714320428059 -0.0448405770521176 -0.0603118832591025
0.0349899135706247 0.0563072041476836 0.0357808886449224 0.0471577523214586 0.044350517360141 0.0408146373290771 0.045339347599254 0.0411838553247563 0.0211315415438506 0.0192652491833136 0.0202037093804016 0.0225951809240247 0.0251540601394017 0.0240009773717356 0.0293429596916478 0.011352502563596 0.0280249867249396 0.0259656825020173 0.0216451338038475 -0.000797901697667469 0.00904406253886195 0.00177446037834914 -3.05802025733076e-05 -0.0149670339385677 0.00147100160936301 -0.00474648653292325 -0.00482530519053453 -0.000691116873142258 0.00305168522602689 -0.0037393487381739 -0.00153967427130998 0.00521533321097761 0.0104708987652877 0.0055570104798752 -0.00104987046046816 0.0183592723605379 0.00375702424572646 0.00549113601053287 -0.00343792278637545 -0.00674067191754113 -0.0195053678197387 -0.00789368604230026 -0.00175189192403222 0.000642255697386157 -0.0332530223142496 -0.0414726863903514 -0.0638304061271117 -0.055824758909237 -0.0718570782906382 -0.0632914256755936
0.0469465047178863 0.0639833561200742 0.0545891715799349 0.0379675052043323 0.0367374548991252 0.0473866427527724 0.0379086137648271 0.0485143779912017 0.0257311358104004 0.0273324282759563 0.0258774301617979 0.0336320430655954 0.0301600896007079 0.0203761084600126 0.0186814174337972 0.0130280285765433 0.0188979685529433 0.0257578600191789 0.00822800710146487 0.0122987059108641 0.0137407299850315 -0.00603165181974163 0.00293809924392129 0.0117470369290919 0.00427776924192368 0.00857821751690049 0.0100434763848144 0.0140280298708451 0.0032532113042052 -0.00179308095654687 0.0170083538412331 0.011885672933736 0.0194395393250845 0.00691052932483889 0.0165412823644911 0.012285632026022 -0.00141913491301292 0.0057768864759629 -0.00564813909936819 -0.0148475054496389 -0.0240249662251227 -0.0065300006398298 -0.0162038130153775 -0.0237692830745792 -0.0306018583070965 -0.0620706108012296 -0.0950111700714022 -0.0757421409566405 -0.079839262972925 -0.0550901917257844
0.0500177021298243 0.0479393000140846 0.047669154531567 0.0364934611625456 0.03215497565295 0.0392156092399576 0.0486459515502191 0.0492355534019885 0.036197674588418 0.0265672000362676 0.0206877531080265 0.0357769451032262 0.0137326629813123 0.00747870559251822 0.00453842480512943 -0.00253998971241286 0.0131631698878721 0.0112307252391246 0.0164843612974821 0.0121356065146348 0.0118601625666859 -0.00173055535101375 0.015032953342463 0.0123374192545949 0.0155875828071032 0.0114607151882393 0.0109264935713366 0.0224049105545581 0.0111745813392194 0.0171281361623343 0.0209340871010079 0.0161930324997604 0.0350553543107253 0.0159390560070171 0.0191527114606161 0.0127675715708713 -0.00920147616058006 -0.00346059139068084 -0.0248114510389759 -0.0277233175172229 -0.0172913375816934 -0.0245069688056732 -0.0114888291397764 -0.0277907946823856 -0.0479099442494389 -0.0640243625812167 -0.0772577024524309 -0.0775384537695012 -0.0802383966490846 -0.069806617128413
