data/pcas/pcas_mc_585/pca_referenceLayers_mc_585/PC16.asc
NCOLS 494 
NROWS 529 
XLLCORNER -117.166666666667 
YLLCORNER -55.5 
CELLSIZE 0.166666666666667 
NODATA_value -3.4e+38 
[rows 176 to 197 of 529, columns 350 to 399 of 494]
0.0374697817475159 0.0465437893650403 0.0557811795881526 0.0509917256754464 0.0545829289394483 0.0516484934320645 0.0516304221720183 0.0404972770287968 0.0486488699433151 0.0365443914888765 0.0280950908958143 0.0281699598026213 0.0360429370008334 0.0208644683412923 0.0169663738531863 7.47656859541312e-06 0.00640145173268315 0.0125922490369624 0.00160546674180839 0.0185285035109809 0.00985281565943896 0.0300378211884074 0.0142391399944503 0.0177723785421078 0.0239614741865752 0.0214986790647989 0.0254663317092191 0.0247648078120458 0.0277402992497992 -0.0262726504550837 -0.0239880675950257 -0.0265843193227153 -0.0248757523551045 -0.0258223957759542 -0.000515658099824859 0.00630715349570077 0.0216392045475624 0.0134539685020113 0.0313869998983067 0.0218514256413604 0.0326656216793572 0.0300637282615795 -0.0616515923414134 -0.0720240469382761 -0.079927721658492 -0.0693076444961927 -3.4e+38 -3.4e+38 -3.4e+38 -3.4e+38
0.0358952372417759 0.0448713653880036 0.0403697463127021 0.0451955986902572 0.0526113632755139 0.0553945338282437 0.0329677499413314 0.0457976398871046 0.0422460554715013 0.036346344316645 0.0276127610260931 0.0360652414462108 0.0231669644061202 0.0163485377476502 0.000958287444414813 0.00146570552878372 -0.0054392816087148 0.011258357820695 0.0120052044536997 0.0254416173392554 0.00628553231512272 0.0113034483772235 0.0243924928236383 -0.0141321109902572 0.0134439279889242 0.0183764437662425 0.0160565373970477 0.0237965550413315 0.0203757059574045 -0.0165936274583352 -0.0242848049323828 -0.00950953784122879 -0.0193328009441696 -0.028289839335313 0.000464455159410071 0.00622119166979831 0.0118781661980413 0.0118750656851253 0.0234231034705617 0.0312143477735184 0.0194972797810179 0.0069893371675683 -0.0682951409735172 -0.0794831017729998 -0.0861480140854472 -0.0822606946869277 -3.4e+38 -3.4e+38 -3.4e+38 -3.4e+38
0.0388623799048435 0.030787459655837 0.0398695813765254 0.0454560963070932 0.0513675434959363 0.0473742890330053 0.0438307738182429 0.0372032667996423 0.0470115275279428 0.0281460272426879 0.024182269723436 0.0261170558595367 0.0122849996692272 0.00685201735512443 -0.00364343669942994 0.0040039596247801 0.0226232839297362 0.00175242189590043 0.000970078618693693 0.0264779131028487 0.0128261744496027 0.0136195812327695 0.0202089995376238 0.0199231891177487 0.00648276712070012 0.0153446169141111 0.017291617072405 -0.0172114498877204 -0.0104097199181484 -0.0273741861761359 -0.0214348468694235 -0.0112912521284736 -0.0208753880778871 -0.0164737991287597 -0.0216740389192509 0.00034738087420319 -0.00215697274938395 0.0128516355813642 0.000211603854816 0.0110562378241649 0.0133436755645952 0.00303358222609409 -0.0118665356050337 -0.0194821983439909 -0.0288095738391684 -0.0936590818315035 -0.0933653024624793 -3.4e+38 -3.4e+38 -3.4e+38
0.0443185836269611 0.0483621704735936 0.0535388427463128 0.0468720316641028 0.0578300013305551 0.0521479585681494 0.056591623130374 0.0564438785650865 0.0411926110455022 0.0268913319006271 0.0222317442016618 0.0122432259242802 0.00365822556705049 -0.000164483867331297 -0.00117637268834367 -0.00240076171505127 0.0166051413685037 0.0197938342505886 0.003727326720424 0.0202818157736804 0.0186176522550674 -0.0139630851682699 -0.0161949113700922 0.0176373067612611 0.00450471464626218 -0.0108350374950069 -0.0300601078646701 -0.0156083962096637 -0.0230131295147206 -0.0259696867186699 -0.0238282270568142 -0.0170032091492812 -0.036610969946563 -0.0255519992098115 -0.0260057685041782 -0.0280805228031725 -0.0207420565264002 -0.000744886856557436 0.0010451077605247 0.000647048006026524 0.00686153952210523 -0.0182534409835509 -0.0171740074685599 -0.0207149181643561 -0.0220639575449557 -0.0400185071719914 -0.111542650375369 -3.4e+38 -3.4e+38 -3.4e+38
0.0602084853932857 0.0367945824994745 0.0264902158559448 0.0596668800352593 0.0523206734240045 0.052293737068462 0.0452910956918924 0.0493479867332846 0.0333161565634062 0.0279463002047967 0.0165873693655414 0.00465023200324259 0.000903892001978324 -0.0121658237913069 -0.0208553828844619 -0.0125792032876735 -0.0395549661513262 0.00586013293200489 0.0104118507141469 0.0100935953203968 0.0183734905157383 -0.0344491325469245 0.0165307019208124 -0.0215268507421274 -0.0144747984061301 0.00508100262968196 -0.0129285479464457 -0.0283749197403216 -0.0214943035684778 -0.0151375268599618 -0.0181516487185626 -0.0341890730549091 -0.0153284790291833 -0.0398857952246009 -0.0300421214872402 -0.0213417368686804 -0.00960402604054178 -0.00952688814070264 -0.00521836165970942 -0.00514827025954948 -0.0189106098206142 -0.0153177813923762 -0.0311978616865772 -0.0230975093542341 -0.0356370399422363 -0.0429689184743688 -0.0433044922960905 -0.0513445020513062 -3.4e+38 -3.4e+38
0.053189362669172 0.0463378695528678 0.0422098745722241 0.0634626600111962 0.0512506182392655 0.0516797422844935 0.0569389263911149 0.0390876976554944 0.0431333958667107 0.00789986565705564 0.0167028333888761 -0.00923909623776971 0.00491151935048828 -0.00510907153130057 -0.0160626387057796 -0.00913800049583881 -0.00320190703070757 -0.0140593961790552 -0.0371695055889501 -0.00557103721190161 -0.00641380035601048 -0.0245867007635628 0.000153756702824637 -0.0293143861309108 -0.0275612228655816 -0.0162319187416699 -0.0219624270803469 -0.0316632222402758 -0.0284256138370244 -0.0331684250702572 -0.0291939466102471 -0.0292900846754019 -0.0282514255342785 -0.025875038759276 -0.0435884471575009 -0.03930191142725 -0.0259928152493887 -0.0275917342082902 -0.0184283873479996 -0.0238154117661149 -0.0214419347447327 -0.0239002538498068 -0.0410039618729684 -0.0426377863844863 -0.0466356784729129 -0.0523093855384234 -0.0515441549221369 -0.0515897426137631 -3.4e+38 -3.4e+38
0.0585294799495961 0.0543426348343963 0.0459557777492797 0.058055892710124 0.049967122036781 0.0610880419395868 0.0500072091999446 0.0334542677845783 0.0204757412506348 0.0188517217039674 -0.00149120039612037 0.0107077117783144 -0.00721548711670879 -0.00688202366394301 -0.0211470496216994 -0.0129372128013331 -0.0191611517945309 -0.0129959898389359 -0.0108545646605094 -0.0442195482061068 -0.0242284529280593 -0.0405596049359412 -0.00351186855420398 -0.0277327721167258 -0.0303421519880421 -0.0144514879109001 -0.0344675916812281 -0.0275833828611818 -0.0389077561531118 -0.0434547118673597 -0.0382851541587206 -0.0383101154879825 -0.0369313660971114 -0.0363651681255406 -0.0356551886117701 -0.0373560738830268 -0.0315138303291211 -0.03799534353554 -0.0244533230478968 -0.024771344079926 -0.0247597809795819 -0.0303630511515871 -0.0338093546591871 -0.0393771575852982 -0.0483372797378752 -0.0452790340130315 -0.0555755499278061 -0.0596156198559372 -3.4e+38 -3.4e+38
0.0580992596694448 0.0452255576003008 0.0527028605972731 0.0630123055912201 0.0561171242759482 0.0439651010397968 0.0309613921275747 0.0357979161525464 0.0140837377805469 0.00371700803065494 -0.013205987982308 -0.0154672634813759 -0.00536862470116971 -0.0132721791872485 -0.0258171767224405 -0.00794538696632566 -0.0205644452622368 -0.0294932927728521 -0.0347924273021565 -0.017821769137075 -0.0558750016038498 -0.0430506498086265 -0.040479474556119 -0.00151883435813573 -0.0213231624812761 -0.0186903190884857 -0.0356969462591549 -0.0362159165371006 -0.0311751396083118 -0.0346226815992674 -0.0456260808440201 -0.0344501837956763 -0.036922302162875 -0.0373650142177402 -0.0402833189236275 -0.045673429092974 -0.0439103158573923 -0.0371394076764732 -0.0413679991415211 -0.0440898852548441 -0.0385860143175096 -0.0460009858684869 -0.0398758968598561 -0.0489459080047311 -0.0505631743628821 -0.0625890929107799 -0.062816826811282 -0.07296967961581 -0.0703955036247826 -3.4e+38
0.0500204575772181 0.0396214787433436 0.0439643552432694 0.0450129383004024 0.0511280383809468 0.0408865749189852 0.023109261929305 0.0258457003187161 0.0156279679698919 0.000781529982605472 -0.00694742599157804 -0.00469602104077602 -0.0255754246068545 -0.00195856944174294 -0.0231882803722233 -0.0279796902512894 -0.0192974007898434 -0.0364854799363835 -0.0356484946139429 -0.0354007258254311 -0.0275775163882658 -0.0286661988361699 -0.0567109418292977 -0.0599060659321847 -0.0584902447416004 -0.0513778396708708 -0.0251163668587984 -0.0414332654127016 -0.0400177727386824 -0.0325100193974092 -0.0354052839966654 -0.0305934883820399 -0.0394352362547196 -0.0470459024491649 -0.0344796260945234 -0.0514035496578999 -0.0506529636376335 -0.0482282233181169 -0.0388916913938821 -0.0450850109723962 -0.0510074220874018 -0.0559381531239333 -0.0458999752717528 -0.0482777119672391 -0.0462497467601992 -0.0613211192192873 -0.0579153403385287 -0.0716957983235404 -0.0685120644606486 -3.4e+38
0.0501805815980956 0.0472524225777118 0.0441886568686974 0.0260994684465878 0.03425430902818 0.0302147236262132 0.0322323680259554 0.0104390096474834 0.00215779019265715 -0.00943371426567143 -0.00559508364537113 -0.010914268552886 -0.0138141355937399 -0.0255472403463945 -0.0214242965875679 -0.0222090164843683 -0.0304466473858858 -0.0344885030606828 -0.0247774288054485 -0.0309477729176348 -0.0342925035530481 -0.0327235466099706 -0.0551561864429005 -0.0407684003180758 -0.0538411510100786 -0.0567928317694102 -0.0571591937693853 -0.0363953252607019 -0.0440411605813116 -0.038131202495363 -0.0446311066902008 -0.0438227027873677 -0.0468244867325566 -0.0450156795424377 -0.0407007129006754 -0.0454825512909229 -0.0495535837127395 -0.0496036216434601 -0.044321884852484 -0.0490419151556055 -0.0668775615110015 -0.0521693317860633 -0.0494042372580107 -0.0516807726078423 -0.0574581069097206 -0.0525342914641258 -0.0475903667508994 -0.0635252276314426 -0.067916372973181 -0.0589373337874132
0.0410566105837801 0.0389883017469183 0.0207072858518707 0.0171390135250603 0.0248489292165111 0.0177083517893809 0.0215815679391964 0.0126275444630088 -0.0118434169533187 -0.0157761141475378 -0.0152134013914613 -0.0248686656965626 -0.019257272757513 -0.0285595552865007 -0.0225420255904086 -0.0135854846448089 -0.0330184031200697 -0.0306636578898802 -0.0219400380822897 -0.0405531417711203 -0.0339298660829801 -0.0139723602326758 -0.0756010839073776 -0.0476441424230265 -0.0637603356493081 -0.0565784446775449 -0.0642944650893077 -0.0426894957204752 -0.038969421469796 -0.0371657449984751 -0.0516830618006803 -0.0484468183768682 -0.042403076310725 -0.0591009791872448 -0.0575276899716641 -0.0564597311358116 -0.037032187360941 -0.0497708127918882 -0.0687232886143729 -0.0452172173412347 -0.0536844557737687 -0.064100107465347 -0.0472875427539227 -0.0575135741355589 -0.054759694088683 -0.0570401962543306 -0.0614201722928783 -0.0682600641104139 -0.0472636701386378 -0.0536590236402965
0.0388024338885871 0.0340270622281704 0.0255001811029283 0.0223946369207179 0.0218936402057126 0.0175024433076185 -0.00318416801335479 0.00166251908224398 -0.0159690358057743 -0.0194315827922103 -0.0144402846856712 -0.0270831315600214 -0.0282088252421864 -0.0201544627962173 -0.0377800574420101 -0.0209862061497795 -0.0298803157126512 -0.0368226808362241 -0.0456694746389379 -0.0108178657728651 -0.0455162905305502 -0.0176972867596656 -0.0417956572864091 -0.0267064582836437 -0.0700837388175711 -0.0649469360399922 -0.0465043494275611 -0.0502485036278752 -0.0578179795371454 -0.0558428575754649 -0.0536149082342049 -0.0461481141912712 -0.043751546778928 -0.0660910568567958 -0.0572526552661775 -0.0617773271110984 -0.0588894149488914 -0.0543517638725957 -0.0547267743983795 -0.0557960386784673 -0.0596735176860348 -0.0593388529124816 -0.0511194388286619 -0.0672635553213312 -0.065870366999107 -0.0616911502937119 -0.0714855434554103 -0.0702276437195345 -0.0649412348849793 -0.0607746799239577
0.0346222104693599 0.0188643570758185 0.0104042765098093 0.00601134152803305 0.022655932433896 -0.000507090488222395 0.00161487986901411 -0.00778994627539276 -0.0184699821461339 -0.0144730479368877 -0.0217769019292906 -0.0142763354119724 -0.031118973379696 -0.0167025607251034 -0.0378497854253735 -0.0277643966924419 -0.0269078830503276 -0.0273524368297763 -0.0260701927088633 -0.0291210182225443 -0.0329015871411231 -0.0360301427231342 -0.0481695168376182 -0.0511460127232858 -0.0564530518170902 -0.0586812104257291 -0.0678902677239991 -0.0659104129696313 -0.0741919968307938 -0.0670549632764019 -0.0660748609923564 -0.0584714874030759 -0.069684337664721 -0.053237864388459 -0.0586665075485134 -0.0640217034188054 -0.0630871531685324 -0.0622184726640008 -0.0660974311475473 -0.0607582603691836 -0.0600021722711865 -0.0626576337087143 -0.0511928015305534 -0.0557911710206013 -0.049205681890051 -0.0559094403917758 -0.0678243721107945 -0.0799955343905064 -0.0715249254069248 -0.064290527877877
0.00931855413229886 0.0282227922765519 0.0159028500774651 0.00779741691315637 -0.000135359301133037 -0.00365837962394798 -0.0036679001623361 -0.00812331960333415 -0.0139872318789399 -0.0135332648684431 -0.0121400722476021 -0.0174908551951078 -0.0266162518170784 -0.0198017493455868 -0.00998646147519773 -0.0298307372339597 -0.0371835682654479 -0.0293017078409921 -0.0364396940937257 -0.0374073436900566 -0.0340273642836321 -0.0497550279884818 -0.0402578624586344 -0.0448051093968706 -0.0429448389967109 -0.067322148409751 -0.0628773737968175 -0.0773719450705192 -0.0690925026655008 -0.06275689998476 -0.0642963293288617 -0.0701770265261711 -0.0624346841879372 -0.0619088167052205 -0.0567596207230986 -0.0614305725825938 -0.0685996596421731 -0.0661166163328292 -0.0606963493521089 -0.0486008691458186 -0.0514083301993853 -0.0505422777048414 -0.0569486400323956 -0.050415317003678 -0.0513417794033543 -0.0539811333227974 -0.0766159781815815 -0.0626303261905774 -0.0509668561589386 -0.0505382213475899
0.0223248501294638 0.0100874804567666 0.0132710600887648 -0.00250547560381635 0.000981990326033064 -0.0134749835927724 -0.00311908775373219 0.00670996597443085 -0.00865703957543927 -0.0151679860086228 -0.0161317980381723 -0.0199976343167371 -0.00952645963606172 -0.0207905134861708 -0.0263969661880754 -0.0199905620557045 -0.025965875599464 -0.0366741019791703 -0.0355399021592261 -0.0322096099961016 -0.0433003307596406 -0.0423042498307984 -0.0303225863180989 -0.0420187810523581 -0.0453822224369879 -0.0629583121356786 -0.0635555954252598 -0.0682755666643134 -0.0631179000901184 -0.0622155544850962 -0.0632453354287571 -0.0701113558842856 -0.0682717269331439 -0.0606124491608407 -0.0541235396189852 -0.062006850939063 -0.0610093749020093 -0.0494433682742828 -0.0604336490822178 -0.0618294989656081 -0.0562437497503149 -0.0637506811842202 -0.0521326308796415 -0.0512942272318236 -0.0510792727821681 -0.0633303922003638 -0.0716739701776842 -0.0498400470325936 -0.0527725848277338 -0.0524337069199889
0.00670377443432497 0.0204344621344809 0.00825865541022382 0.00829968519849777 -0.00154985661315162 -0.00563427993125493 -0.00515782322713799 0.0112068798980782 -0.0157836137215866 0.00117319642159905 -0.0100794091543458 -0.0101447202226216 -0.0225130722693174 -0.0113467648579083 0.00148767948118705 -0.00150259797345041 -0.0248735504011107 -0.0220662826631244 -0.021881734266866 -0.0272714143239473 -0.022713581510798 -0.0315159262374766 -0.0326486966455941 -0.054749812417023 -0.0552895504811232 -0.04945265798976 -0.0614429079344496 -0.0610255353122756 -0.0596798444240844 -0.0622116352817516 -0.0644101996237108 -0.0667424036667119 -0.0661686367509893 -0.0673289980920322 -0.055745706405445 -0.0645202148504259 -0.0660653657877914 -0.066217100688572 -0.0551803973253484 -0.0554891711737947 -0.0572084293281239 -0.0476761320380894 -0.0449858123783201 -0.0561488203436663 -0.0536928346187441 -0.0546598547649132 -0.0580970533393223 -0.055679909948429 -0.0612543261555718 -0.0527313864194607
0.00539721381146392 0.0213788434746392 0.00936504690043741 0.0155690092937602 0.00671574558838317 -0.00507586603874369 -0.00139196312071435 -0.00404874017158058 0.00165999651920255 -0.0108575358533136 -0.0124233129835659 0.0210394474788844 0.0143983052521642 0.00189016456257152 0.00145726040623297 0.00297317674033748 -0.00639773275250878 -9.82403278050881e-05 -0.0300814701655036 -0.0238117264555828 -0.0154444738412051 -0.0163414330147155 -0.0481895521040873 -0.0347169227818209 -0.0500998539325097 -0.0513203327294383 -0.0434177234299318 -0.0470971280083708 -0.0515294284402979 -0.0636462527495582 -0.0600446793240284 -0.0635146885505221 -0.0685146177503963 -0.0680136887829043 -0.0495995430185886 -0.0663089234748279 -0.0682677535383984 -0.0637915675407206 -0.0569682021785952 -0.0506639009115281 -0.0554523152298481 -0.0493051830978291 -0.0470220899802015 -0.0551561913352729 -0.0584895114314288 -0.0515635144148951 -0.0697697635285383 -0.0659307521791558 -0.0644487134483002 -0.0372101848379995
0.0274811366476377 0.0186165673729861 0.0194079315852797 0.0111750521889422 0.0192118672265699 0.00696585342001041 -0.000279221472485894 0.019979061685129 0.0198760332717932 0.0123827299741651 0.0137342906460707 0.0151957069251828 0.00681015589408387 -0.000530267934644502 -0.00103963797483425 0.00447766943513717 0.00577929897494874 0.0042628276495701 -0.0261740466457467 -0.0184579265441933 -0.022308593243983 -0.0422767372079761 -0.0352176236767727 -0.0495361189557799 -0.0525881202470195 -0.0380730371094369 -0.0494049154185036 -0.0508340411665774 -0.0439245752554486 -0.0406636655295806 -0.0548768689984079 -0.0455360548641008 -0.0514325452905914 -0.057588323762675 -0.0524904669531102 -0.060939701706967 -0.0436732238059746 -0.0424644544643967 -0.0582633638604669 -0.0478236332283524 -0.055500159469747 -0.0534743201980367 -0.0394089264128008 -0.0479997824521189 -0.0473442656463773 -0.0450013026758564 -0.0694336497619009 -0.0658353457296184 -0.0423195301311612 -0.0399945846272461
0.0246979347485037 0.0107722397288501 0.0188758004726574 0.00824396326591699 0.00484684270920152 0.00604679882774159 0.0286095398583568 0.0158002402769362 0.0251179464818388 0.0175650431297102 0.00577170747418977 0.00633536224303767 0.00479409373452783 0.00584406659999087 0.000291828768318639 -0.00682191932038899 0.00142302833798509 -0.0034334998958379 -0.00676265156516301 -0.0113210226752191 -0.0271073693537703 -0.0180951547102275 -0.0387476217812001 -0.0412063791371972 -0.0280484348327646 -0.0314291583831742 -0.0477499105301928 -0.0461524158601681 -0.0420927771235727 -0.041629064177293 -0.0388040497307472 -0.0475764553964893 -0.0384307825949551 -0.0506858658546457 -0.0514505807748344 -0.0562365983585684 -0.0447456307725564 -0.0542172270894642 -0.051137566379332 -0.0599308131306983 -0.0478479558557313 -0.0321817652354848 -0.0405882449869124 -0.0312943044507409 -0.0530009400953773 -0.0450957799514791 -0.0486784042595395 -0.0280306085374325 -0.0284988025025041 -0.0187287770961994
0.0194134165352564 0.0183229316796773 0.0308968678892729 0.0169924456763488 0.00259426347576117 0.0197647520257266 0.0137692096485097 0.0244758900182918 0.024119490267691 0.0245732173802253 0.029299215348115 0.0208196275221689 0.0155114442277859 0.0118755881699218 0.00492407468484722 0.00578714587076309 -0.00229256694839099 0.00504090703894333 0.00495907239186492 0.00200630027402829 -0.0053088094604266 -0.0150145440766183 -0.0348459181376677 -0.0373263440220712 -0.0398656106476698 -0.0320331482569395 -0.03679402022385 -0.0376895216978021 -0.0311589555431123 -0.026935158888354 -0.0317928019994897 -0.0442385510275831 -0.0381159199696699 -0.0330977158062971 -0.0406566635948979 -0.0472039251209458 -0.0435049137666734 -0.0331163392171002 -0.0390261812249904 -0.0490848635253223 -0.0364467576405519 -0.0439817917875716 -0.0228759166870665 -0.0371482023542043 -0.0360330720307155 -0.0312966418577231 -0.0357289104958463 -0.0165857455829021 -0.0163573696759891 -0.00693055833829362
0.0154801948336741 0.0192558669999052 0.0218341147187295 0.00816355331582741 0.0229084849218267 0.0295828802697705 0.0288240481962674 0.0298207445162539 0.0122701761849405 0.0192554045914211 0.0192975400816355 0.0201413257782776 0.0127354795260384 0.0195078511506955 0.000123397628230631 -0.00367427942646319 0.0054993344873913 0.00916620174533661 0.0124337527653874 -4.46632357340576e-05 -0.00190012807078668 -0.0204602051304436 -0.0213334135787393 -0.0387161875256303 -0.0179977871613058 -0.0294888195873633 -0.0319090681076985 -0.0256219450259353 -0.0255998349179769 -0.0204064183347054 -0.0288227265773451 -0.0255990857184237 -0.0292812587237269 -0.0388294380672287 -0.0429099488618212 -0.0456714271391216 -0.0417932113898747 -0.0493139438091648 -0.0338956630061848 -0.0395591997407404 -0.0494885248425646 -0.0245904615261843 -0.0183354059656116 -0.0153784985156008 -0.0256300740366405 -0.0148513908344849 -0.0152788967552075 -0.00611023235628047 -0.00156437985449834 0.0172693659779687
0.0134956140923969 0.0243849330125353 0.0207095986803684 0.0363624388427809 0.0327034379022662 0.0340792229107661 0.0242846255250922 0.0190478618889984 0.0232200514031309 0.0330560952096825 0.0201728862098073 0.00688104604305537 0.00180708314945206 0.00638555790611385 0.00266906255460368 0.0124151965449714 0.00401124494960892 0.000456055183172321 -0.00659563616221781 -0.00452736138321644 -0.000350576498915234 -0.0187170252597357 -0.0324036384978662 -0.0309355191487205 -0.0284864778255063 -0.0308966180081071 -0.0274418538716497 -0.0183945774774501 -0.0159643473080433 -0.0123639299480136 -0.00898616195235992 -0.0286751624865889 -0.0293947278197188 -0.033667783638845 -0.0307625126468461 -0.0366734294439675 -0.0333039274911351 -0.0309918296507092 -0.0318277188526137 -0.0346831888984623 -0.021513069407172 -0.0279171590908405 -0.0164960910265758 -0.0232326557726513 -0.00759943936819062 -0.00556692471934811 0.0108572977733431 0.0180472866546294 0.00871961489343703 0.0207020931475152
