data/pcas/pcas_mc_585/pca_referenceLayers_mc_585/PC16.asc
NCOLS 494 
NROWS 529 
XLLCORNER -117.166666666667 
YLLCORNER -55.5 
CELLSIZE 0.166666666666667 
NODATA_value -3.4e+38 
[rows 418 to 439 of 529, columns 250 to 299 of 494]
-3.4e+38 -3.4e+38 -3.4e+38 -3.4e+38 -3.4e+38 -3.4e+38 -3.4e+38 -3.4e+38 -3.4e+38 -3.4e+38 -3.4e+38 -3.4e+38 -3.4e+38 -3.4e+38 5.77151260817248e-05 0.00587233747699002 -0.0015125184842133 -0.0245898375832838 -0.0339977829609937 -0.0106426313769242 -0.0261087427059518 -0.0322039125434696 -0.0126099072429246 -0.0347906495318654 -0.0496439794949651 -0.0527132395841601 -0.0423405675292307 -0.0716663956942987 -0.0896095914419316 -0.0621655402278548 -0.0753877939334775 -0.0794788348947857 -0.0850492722201935 -0.0565272000447414 -0.0503431760005883 -0.0385301142350272 -0.031513829015047 -0.0191587551733166 -0.133708780605594 -0.127775184243298 -0.125605739585003 -0.0999117617510486 -0.113689883466362 -0.108333112213716 -0.0812492092320996 -0.0790188090926052 -0.0706458738788831 -0.087312123559738 -0.086114176030554 -0.0680110332402974
-3.4e+38 -3.4e+38 -3.4e+38 -3.4e+38 -3.4e+38 -3.4e+38 -3.4e+38 -3.4e+38 -3.4e+38 -3.4e+38 -3.4e+38 -3.4e+38 -3.4e+38 -3.4e+38 -0.00525613464955326 -0.01166949962088 0.00598951533298138 -0.011318467676168 -0.0179689014629582 -0.0320254400263256 -0.0333419706503609 -0.04104868730476 -0.0259123730059052 -0.030839917631898 -0.0416565975637116 -0.0585908914105015 -0.0568883845859748 -0.0866255736695268 -0.0995299206638939 -0.0731338732531418 -0.103185375145615 -0.095206045653255 -0.0720453691060241 -0.0750820373316008 -0.0535257993053156 -0.0593251617551218 -0.0391753489898177 -0.00187584234009432 -0.129626512907549 -0.144116836710874 -0.134405032412003 -0.0968264592264886 -0.0923918276852317 -0.0910067603071964 -0.0918305393987334 -0.0728741449945582 -0.0805851865432417 -0.0642571562046321 -0.0753261891056952 -0.0719093698937698
-3.4e+38 -3.4e+38 -3.4e+38 -3.4e+38 -3.4e+38 -3.4e+38 -3.4e+38 -3.4e+38 -3.4e+38 -3.4e+38 -3.4e+38 -3.4e+38 0.00876550316038873 0.011757173791878 0.00292173536128933 -0.00952697393012182 -0.0101831071440323 -0.0155895375956884 -0.0393518451345947 -0.0460475846942515 -0.0552510359571634 -0.0371304208955502 -0.0442412057454936 -0.0399916541199779 -0.0560247056264686 -0.0602089258180734 -0.0735089800899776 -0.107089136351116 -0.111369889770278 -0.0946992381602327 -0.100104183135667 -0.103487857255181 -0.0909511808372913 -0.0752880877452922 -0.0683957388054341 -0.0602541150616517 -0.035805023441603 -0.0999815005324908 -0.116311238926825 -0.144919102134785 -0.075892696035915 -0.0891005487048567 -0.0703177364618094 -0.0764387021588857 -0.0667723382475849 -0.0770020983051851 -0.0686978653329549 -0.0691228941393344 -0.0478593322187309 -0.0664876354312944
-3.4e+38 -3.4e+38 -3.4e+38 -3.4e+38 -3.4e+38 -3.4e+38 -3.4e+38 -3.4e+38 -3.4e+38 -3.4e+38 -3.4e+38 -3.4e+38 0.0200018561124914 0.00980112450968079 0.0123411143360383 -0.00222925540282671 -0.0176055663808796 -0.0291077834588975 -0.0412754886991522 -0.0321180695250712 -0.0560007422953348 -0.0641972990368757 -0.0580550458513308 -0.047274675802537 -0.0549996297855006 -0.0829674947201577 -0.0824566410456966 -0.120679633528177 -0.129684447274091 -0.113931001226927 -0.110607191689465 -0.0965340751652479 -0.103418574488858 -0.0886166779408586 -0.0731368029209828 -0.131146821188892 -0.11401811772973 -0.134091337447307 -0.167665489576568 -0.136970271947802 -0.085834480112873 -0.0710683411317275 -0.0599249663113599 -0.0657165102575656 -0.061472647225026 -0.0563563910055114 -0.0584641329185638 -0.0579869109255036 -0.0639678482382821 -0.0595949789164598
-3.4e+38 -3.4e+38 -3.4e+38 -3.4e+38 -3.4e+38 -3.4e+38 -3.4e+38 -3.4e+38 -3.4e+38 -3.4e+38 -3.4e+38 -3.4e+38 0.0110720339606236 0.00821184357597124 -0.000382951714492458 0.0014493681841597 -0.0156139718100351 -0.0131298204760487 -0.016180620784637 -0.0238560231718559 -0.044026076624079 -0.0553129006991412 -0.0615807617854987 -0.0408475447990856 -0.0676516049615818 -0.0759910965193473 -0.0932315358646483 -0.113178625800282 -0.119314807823114 -0.122298281477928 -0.119486998531804 -0.0988190059671017 -0.0832895604494557 -0.055911450117662 -0.0605374665198262 -0.133481614584059 -0.107851958558973 -0.133383400358973 -0.153530070349559 -0.118983875439779 -0.09166136910734 -0.0586216930417163 -0.0603190717108508 -0.0556491711659859 -0.0519435337750943 -0.0627046809292513 -0.0517393739912193 -0.0618773301682415 -0.0558074886422519 -0.0463527218244516
-3.4e+38 -3.4e+38 -3.4e+38 -3.4e+38 -3.4e+38 -3.4e+38 -3.4e+38 -3.4e+38 -3.4e+38 -3.4e+38 -3.4e+38 -3.4e+38 0.0220326457424227 0.0046386066254543 0.00572130908489436 0.00466298972951778 0.0119292992915772 -0.00837249976489183 -0.00979315972738116 -0.0237767621360724 -0.0465532206174575 -0.0576259540654333 -0.0514873740688575 -0.0608559388071573 -0.0609488594531704 -0.0752554523431235 -0.0747782542020822 -0.102825995949125 -0.123240810375895 -0.122631400588156 -0.117562437495561 -0.107255395151352 -0.0813272640973969 -0.0793449566792672 -0.0447702122308033 -0.0749764052554412 -0.0960560536319323 -0.0636627693648486 -0.117397870372727 -0.0616767962093251 -0.0553869781630587 -0.0539290681491056 -0.0492605665778639 -0.0599664826507054 -0.060581273354552 -0.0557696101441237 -0.0484939635724261 -0.0510203109365823 -0.0547698769536185 -0.0570086168864547
-3.4e+38 -3.4e+38 -3.4e+38 -3.4e+38 -3.4e+38 -3.4e+38 -3.4e+38 -3.4e+38 -3.4e+38 -3.4e+38 -3.4e+38 -3.4e+38 -3.4e+38 0.00557891071207974 0.0114712488166073 -0.0110738301985817 -0.0029359904451091 -0.0116458603927847 -0.0234971229530986 -0.0208102295431889 -0.0561899325956151 -0.0391936214312445 -0.05826303067544 -0.0546923590409032 -0.0723517566391807 -0.0856090065744373 -0.0778070806630032 -0.0953332258387427 -0.126489400269175 -0.111421271843278 -0.103045459114512 -0.103079265962839 -0.0930305415876068 -0.0614807095073101 -0.106450289248942 -0.034470615051367 -0.156061160657356 -0.148116448788123 -0.0365865123787303 -0.037841699479709 -0.0516318138664308 -0.0583783919081735 -0.0379230538610748 -0.0455624381001109 -0.0494826353085956 -0.058341059560373 -0.0346178933666496 -0.0516811319626684 -0.0488067366947586 -0.0602073168221448
-3.4e+38 -3.4e+38 -3.4e+38 -3.4e+38 -3.4e+38 -3.4e+38 -3.4e+38 -3.4e+38 -3.4e+38 -3.4e+38 -3.4e+38 -3.4e+38 -3.4e+38 0.0106498972805737 0.000288691023499599 0.0127418078884154 0.00720324749866683 -0.00100297279265491 -0.0270393341672605 -0.0490076877320846 -0.0722150877545282 -0.061512488580368 -0.0652686136210253 -0.0641339019126754 -0.0778799735781803 -0.077713528541211 -0.0694886403666904 -0.0947394038559499 -0.1024618387536 -0.0950488814201599 -0.105339330072842 -0.0893886883446139 -0.0738551604935297 -0.0601306624263256 -0.106596074102199 -0.0389836124437602 -0.165270704386385 -0.127007921301316 -0.127320584825626 -0.0466944064421323 -0.0428221278968726 -0.0424952077994044 -0.0534721176340114 -0.0642852178785664 -0.0530434627555569 -0.0406787273541863 -0.0501127471094717 -0.0438732713381987 -0.0375919313581838 -0.0648229717902866
-3.4e+38 -3.4e+38 -3.4e+38 -3.4e+38 -3.4e+38 -3.4e+38 -3.4e+38 -3.4e+38 -3.4e+38 -3.4e+38 -3.4e+38 -3.4e+38 0.00905746603920231 0.000920214101360416 -0.00883916578397267 -0.0116615116278756 -0.00586538742291537 -0.031161786032628 -0.0546929751918463 -0.0531811629639474 -0.0604116615874343 -0.072088818812086 -0.0763579632141997 -0.0640955695125018 -0.064405429287422 -0.111983238027116 -0.0818733229094055 -0.0885676497411949 -0.0900579937703818 -0.105949527003761 -0.0915113700305202 -0.0736833151613402 -0.0604714753816903 -0.0633118295210142 -0.0634634206166649 -0.00388690371410457 -0.139023644280355 -0.136985586545174 -0.11063678560038 -0.0513380407655326 -0.0362524129761796 -0.0331146990282918 -0.0289804128655426 -0.0637641541502512 -0.0688049637856539 -0.028673919944902 -0.0447905607558973 -0.044641245373366 -0.0392107457961576 -0.0671894388587032
-3.4e+38 -3.4e+38 -3.4e+38 -3.4e+38 -3.4e+38 -3.4e+38 -3.4e+38 -3.4e+38 -3.4e+38 -3.4e+38 -3.4e+38 -3.4e+38 0.0194760538560968 0.00320064935937103 -0.00100141399430854 -0.0184572444955049 -0.0299776505751739 -0.0373412727716524 -0.0468318796604626 -0.0523763549126567 -0.0615157998807049 -0.055407425608417 -0.0738969494151986 -0.0598793259832992 -0.0807640608060505 -0.0976954533677326 -0.103888181043059 -0.0929159607648439 -0.0866712203638567 -0.0904155438271853 -0.0795791133003596 -0.0868044086679905 -0.0650808015848304 -0.057584537091177 -0.0340345106375885 -0.0032592498465474 -0.143159450095646 -0.128041599728292 -0.096323743561561 -0.0365047408611292 -0.0356968502246656 -0.0358247103564436 -0.0271539888654573 -0.0350578760867995 -0.0146845284672567 -0.0158302304991237 -0.0295660451418888 -0.0404074231563776 -0.0573555301219292 -0.0597469687275863
-3.4e+38 -3.4e+38 -3.4e+38 -3.4e+38 -3.4e+38 -3.4e+38 -3.4e+38 -3.4e+38 -3.4e+38 -3.4e+38 -3.4e+38 -3.4e+38 -3.4e+38 0.00758745259811768 -0.00209115345084419 -0.0176375577037259 -0.0340090474752443 -0.0443867427687442 -0.0551375017197681 -0.0559752291803289 -0.0702032271977392 -0.0501403884112243 -0.0471490580798294 -0.0568528959936258 -0.0730625656716319 -0.0788903340825379 -0.0851850322507743 -0.0740931213666753 -0.0833229121737815 -0.0958024746940083 -0.0770809008873468 -0.0657064998341554 -0.0771999694202612 -0.0630185652377105 -0.0330955457633854 -0.00295542503478767 0.0148309804163897 -0.123353132736157 -0.105556090531634 -0.0496234460340996 -0.0437327057563162 -0.0252075910528149 -0.0180536243308968 -0.00570048040449748 -0.00111219693492926 -0.0109993593113205 -0.0209985820398567 -0.0385911992954326 -0.0621115831046914 -0.0481373820379615
-3.4e+38 -3.4e+38 -3.4e+38 -3.4e+38 -3.4e+38 -3.4e+38 -3.4e+38 -3.4e+38 -3.4e+38 -3.4e+38 -3.4e+38 -3.4e+38 -3.4e+38 -0.00104928711372472 -0.00585549085941349 -0.0230508586811293 -0.0331158915118142 -0.04288316473545 -0.0544466607995177 -0.0502239452746536 -0.0547520900277677 -0.0543649917607028 -0.0553307164439221 -0.0443188849847931 -0.0579104009682128 -0.0790822941017278 -0.071722637997111 -0.0905891098981097 -0.0674874666002265 -0.0710634452733113 -0.0683855564604075 -0.0616874609012122 -0.0820352423036776 -0.0530684006979074 -0.0356454977027965 -0.0153514490129865 0.00341244374760115 0.0237056658943347 -0.0844310169718704 -0.0449756331444865 -0.0322223445543883 -0.0247709802220707 -0.00771413644439693 -0.0122464934287003 -0.0126468243289915 -8.79250259223641e-05 -0.0297618144262404 -0.0354279637805538 -0.0517313155313022 -0.0540200702020528
-3.4e+38 -3.4e+38 -3.4e+38 -3.4e+38 -3.4e+38 -3.4e+38 -3.4e+38 -3.4e+38 -3.4e+38 -3.4e+38 -3.4e+38 -3.4e+38 -3.4e+38 -3.4e+38 0.00264853962726475 -0.0145975657582444 -0.0323775802018265 -0.0366121939997654 -0.0429598413676193 -0.0366574370451905 -0.0395010232475439 -0.0481089929395425 -0.0566038920676155 -0.0648927906208549 -0.0541281354209295 -0.0600124905526388 -0.0877930204012439 -0.0925153746330848 -0.070253166013025 -0.0523530583514422 -0.0610078398493999 -0.0627826637903568 -0.0382027512662584 -0.0444324618669932 -0.0295063704866853 -0.011906242752739 -0.00244434034252249 -0.121476450616434 -0.110670700627712 -0.084456350619295 -0.0244687671640509 -0.021464797143526 -0.0118373634543443 -0.0207126714837356 -0.00671865589640062 -0.019817426207118 -0.0259489770768609 -0.0363346937936394 -0.0541206578178208 -0.0638173438775205
-3.4e+38 -3.4e+38 -3.4e+38 -3.4e+38 -3.4e+38 -3.4e+38 -3.4e+38 -3.4e+38 -3.4e+38 -3.4e+38 -3.4e+38 -3.4e+38 -3.4e+38 -3.4e+38 -0.00475002582002056 -0.0131049033318015 -0.0218782705291047 -0.0288012369152139 -0.0402645016520073 -0.0497668846827089 -0.0490080197257025 -0.0539499372462121 -0.0535215443255488 -0.0679400893067313 -0.0528585214296911 -0.0620454095570932 -0.0753580841139503 -0.0804090284141346 -0.0752618929964397 -0.0541927308950447 -0.0513280685466776 -0.0530074282313611 -0.059169519519813 -0.0372426593611132 -0.0234188763750179 -0.00568456450209047 0.0126509971689323 -0.119409983125043 -0.0789724044400894 -0.0743315435071465 -0.0272752595206965 -0.0147395693500437 -0.0109697606338153 -0.0305746219363693 -0.0247324407488047 -0.0336047219364183 -0.0392237150477752 -0.0405452847603067 -0.0602127956491738 -0.061187257027929
-3.4e+38 -3.4e+38 -3.4e+38 -3.4e+38 -3.4e+38 -3.4e+38 -3.4e+38 -3.4e+38 -3.4e+38 -3.4e+38 -3.4e+38 -3.4e+38 -3.4e+38 -3.4e+38 -0.00432724711131242 -0.0135705983449252 -0.00148816747315043 -0.0103235549143841 -0.0262154411934236 -0.030591028067671 -0.0541313704908402 -0.0566856418685701 -0.0622983349856804 -0.0602138817601731 -0.0457672679864766 -0.0568716964839049 -0.0660768402802071 -0.0697607475174784 -0.0687957700742238 -0.0657183330200035 -0.0457894501507712 -0.0376437285001036 -0.0233489790703235 -0.036161660152935 -0.0171839179376637 -0.0243875575236452 -0.0138874566773502 0.0175099470958306 0.057050053335265 -0.0281286933056917 0.0191181736305261 -0.0251990541556354 -0.026416780496299 -0.0421328097206447 -0.027413671887249 -0.0342730433676034 -0.0374811587142249 -0.0260300861330058 -0.0487459811645895 -0.0660900792508553
-3.4e+38 -3.4e+38 -3.4e+38 -3.4e+38 -3.4e+38 -3.4e+38 -3.4e+38 -3.4e+38 -3.4e+38 -3.4e+38 -3.4e+38 -3.4e+38 -3.4e+38 -3.4e+38 0.0185497974641501 0.000669374897749139 -0.00928647138998072 -0.0190847306926879 -0.0229625603402678 -0.0191825270679614 -0.0461425127455843 -0.0606873253504035 -0.0589049037770799 -0.0515007925472631 -0.0713967136295114 -0.0665519692668644 -0.0590409445226828 -0.0651069420902293 -0.0577514309998013 -0.0379452817608659 -0.0543258134331928 -0.0463808348057668 -0.0257652396244599 -0.0340689459802996 -0.00899481374396861 -0.0195643983121611 -0.00834568739557878 -0.00162740253305751 0.0404715236695398 -0.0321491604337112 -0.00366844347853092 -0.0493896553301747 -0.0367940409556908 -0.020868117280536 -0.0304746452361574 -0.0336960506908559 -0.0392451275570797 -0.0430926971576458 -0.0809580297997895 -0.0431163868157081
-3.4e+38 -3.4e+38 -3.4e+38 -3.4e+38 -3.4e+38 -3.4e+38 -3.4e+38 -3.4e+38 -3.4e+38 -3.4e+38 -3.4e+38 -3.4e+38 -3.4e+38 0.0198413224816824 0.0274467412640143 0.0277893769950721 0.0125885677567821 -0.0204323499311642 -0.0273727120239313 -0.0285883940576733 -0.0383772008203281 -0.0591005964849797 -0.0508125360198042 -0.0500055327079452 -0.060674631933228 -0.0562204675775315 -0.053941610392525 -0.052556745341932 -0.0537181586733756 -0.0464016161552114 -0.0362598111690546 -0.0190244910291403 -0.0132393751230402 -0.00503166137204947 -0.0398409355276295 -0.0205834264447668 -0.00143877689926353 -0.0070868474326802 0.0236178040372006 -0.0479800262057663 -0.00765569849210262 -0.0459919306322613 -0.0295761612154442 -0.0324000725744934 -0.0387110421476841 -0.0386912941504641 -0.0368956734101995 -0.0398911045871461 -0.0715481096788764 -0.081620389608436
-3.4e+38 -3.4e+38 -3.4e+38 -3.4e+38 -3.4e+38 -3.4e+38 -3.4e+38 -3.4e+38 -3.4e+38 -3.4e+38 -3.4e+38 -3.4e+38 0.00261157168937395 0.00784086669920109 0.0310302073535147 0.0108745854324823 0.00424638659230379 -0.00863362088699304 -0.0408697077003104 -0.0358691960927034 -0.0435093215876569 -0.0460103435393958 -0.0528409590349118 -0.054933865817744 -0.0590093153250268 -0.0637881964097415 -0.0496936004975722 -0.0459706145491708 -0.0559026261127823 -0.041366546096266 -0.0190684591146424 -0.0137993820122092 0.00616023747203893 0.0102156482361465 -0.0270003518417008 -0.0154402253077745 -0.0133752486014681 -0.0110194684823029 0.0278668929357423 -0.0594893556673109 -0.0393385660385412 -0.0430960264742513 -0.0446613841385297 -0.0458474995343378 -0.050603185912193 -0.0404744909912608 -0.0451363623494587 -0.0442278418942469 -0.0684173608532651 -0.0811634965543316
-3.4e+38 -3.4e+38 -3.4e+38 -3.4e+38 -3.4e+38 -3.4e+38 -3.4e+38 -3.4e+38 -3.4e+38 -3.4e+38 -3.4e+38 0.000935882990398949 0.00473677708094412 0.0034114215648108 0.0234246997113959 0.0231755538506477 0.00704487829036247 -0.00999252349292792 -0.0200164446748526 -0.0286470179897471 -0.0497041771302421 -0.0523775107417157 -0.0232986679900462 -0.0507144527974864 -0.0474481504990905 -0.045242201850352 -0.0476391592682818 -0.0504198024868225 -0.046244947766588 -0.034473311953696 -0.0210944830946472 -0.0158521296197774 0.00598577810667678 -0.00365674562808441 -0.00606188798186466 -0.00621525524522882 -0.0154969037693865 -0.0150373665405988 -0.0617395951997935 -0.0854673111960862 -0.0607387506322109 -0.0508431604807436 -0.0488805663229507 -0.0364504212828359 -0.0408955591308335 -0.04495520094136 -0.059970428062406 -0.0398289811504418 -0.0854332622664039 -0.0817779257431701
-3.4e+38 -3.4e+38 -3.4e+38 -3.4e+38 -3.4e+38 -3.4e+38 -3.4e+38 -3.4e+38 -3.4e+38 -3.4e+38 -3.4e+38 0.00983855518611523 0.0152654299539049 0.032979271097998 0.0379391261081209 0.0230047343008647 0.0205015704929368 0.0054407327427146 0.0129641377537665 -0.0143042012806067 -0.0126678250371755 -0.0485665384874639 -0.0384895783647246 -0.0352218597620764 -0.0439475992785448 -0.0419246546912389 -0.0589795636114468 -0.0460022570386922 -0.0302557767029079 -0.0250795772984521 -0.0271351791524525 -0.00802273354705305 0.0109686421722181 -0.00326849933721549 -0.00834557875134442 -0.0142355913216449 -0.00397265794573794 0.0045123088647305 -0.0854516579067408 -0.0797329613126579 -0.0600811487998767 -0.0692848302389872 -0.0593256751069854 -0.0584293828615709 -0.0568400096625237 -0.0582412693094511 -0.0474735503155603 -0.0503081798292485 -0.0444732862831157 -0.0940469280631178
-3.4e+38 -3.4e+38 -3.4e+38 -3.4e+38 -3.4e+38 -3.4e+38 -3.4e+38 -3.4e+38 -3.4e+38 -3.4e+38 -3.4e+38 -0.00510517067173285 0.0150353459536933 0.0219820248164882 0.0381297989618505 0.0514942885825398 0.0385708125559293 0.0102943033825177 -0.0332147176835048 -0.0316682123062397 -0.0285723709262258 -0.0516184308097397 -0.0506036111967435 -0.0361459303005959 -0.048234523898848 -0.0292810066965827 -0.0369427000765296 -0.0323919554616193 -0.0354890832516324 -0.0259285458331823 -0.00227786249416852 0.0165100814105744 0.00922047032887666 0.00354336387310793 -0.0202762210594375 -0.0153371864818268 -0.0115542966763087 0.0028312926297983 0.00149123901390051 -0.076680028448867 -0.0809768467506655 -0.0708336745223342 -0.0628054547296787 -0.0780950836068302 -0.0639842249437228 -0.0636928227207134 -0.0560591477384744 -0.0359240177817165 -0.064154810064272 -0.0949863036156552
-3.4e+38 -3.4e+38 -3.4e+38 -3.4e+38 -3.4e+38 -3.4e+38 -3.4e+38 -3.4e+38 -3.4e+38 -3.4e+38 -3.4e+38 0.0103692859248295 0.0157091903523838 0.0339559413262532 0.0339272053414853 0.0476383524170904 0.0385433120430403 0.021958400453393 0.00104234956083589 -0.0279133458039694 -0.0345194288998441 -0.0284095449728921 -0.0364089245329284 -0.0286471223628421 -0.0457433807685231 -0.038921310548419 -0.0408876123153089 -0.0525066598137745 -0.0356016805884457 -0.0270052419303915 0.00718167317657896 -0.0112249734546623 -0.017876261729797 -0.0127594066963983 -0.00970581950980997 -0.0282770395751902 -0.0022621154135794 0.00366743494040996 -0.0106350776065546 -0.0833852696973097 -0.109045868051774 -0.0830774926854916 -0.0763476968732965 -0.0647215608656602 -0.0479651642983152 -0.0517008190965965 -0.0587007508513731 -0.0386764560410605 -0.077135824508569 -0.0843138697317508
