data/pcas/pcas_mc_585/pca_referenceLayers_mc_585/PC16.asc
NCOLS 494 
NROWS 529 
XLLCORNER -117.166666666667 
YLLCORNER -55.5 
CELLSIZE 0.166666666666667 
NODATA_value -3.4e+38 
[rows 198 to 219 of 529, columns 350 to 399 of 494]
0.0308257445651144 0.0206003569005668 0.00982404555001297 0.0285835267393747 0.0270332922671116 0.0186306441990665 0.0158376215728251 0.0242008476415948 0.0159688934430334 0.0199432242896404 0.00329779305396591 0.0125421646833473 0.0166169805578548 0.0141248123069593 0.00223128394148633 0.00439033285968522 0.0152308731006383 0.0127547259036213 -0.000532000896266344 0.00883077160801539 0.000951279555777854 -0.0127747501918994 -0.0115353040443459 -0.00928763996821898 -0.0193447893300992 -0.0148697557769249 -0.0158922421011811 -0.00795158362294121 -0.0179009018638121 -0.0112471774962886 -0.00701182857621567 -0.0301383462012046 -0.0263710156657598 -0.0250305257109172 -0.0267751103466545 -0.0245568866945889 -0.03728436089765 -0.0208041102967395 -0.0197879402517445 -0.0227071771591967 -0.0399106316546975 -0.0305367273518441 -0.0189489391054071 -0.00918117345795028 0.0072552650336596 0.01188227727126 0.0255267214224186 0.0290840694258944 0.0326714061328549 0.031597460795248
0.024655529270835 0.0325182555652802 0.0403192769213904 0.0236817098957607 0.0243069276376823 0.0239638692686208 0.0214024612973932 0.0218101291257558 0.026466034942633 0.00679634953644384 0.0148504322531773 0.0142816137488855 0.0140629517698095 0.00570767140323855 0.00983121054650037 0.016251003651043 0.00402158069552687 0.0104906260460083 0.00511912684286879 0.0200395573264866 0.0169633147650613 0.00137257920297164 0.00307700158665113 -0.00255220896028958 -0.0162410827931403 -0.0171623901757707 0.00191964945220541 -0.0134329931278135 -0.00555290430500084 -0.00308378504633398 -0.0106937005696064 -0.00700586167760825 -0.024937532111033 -0.0238728882246844 -0.0225410312145927 -0.0145923953991376 -0.0139044864220676 -0.0223922444601625 -0.0174600788152755 -0.0219261688850039 -0.0241261679635504 -0.0133248432769421 -0.0153801428696047 0.00953985705396197 0.0163480822000509 0.0253741949942713 0.0229328963221583 0.0336953529907348 0.0317316889390549 0.0431374149444617
0.0325130512393156 0.0314588446913883 0.0189946801880912 0.0341331270525349 0.0275205683850922 0.034649118616905 0.0255039655994894 0.0318208881634815 0.0207235547123935 0.022587703383784 0.0139799179308173 0.0220355438859971 0.010250297502313 0.012339678560043 0.0142739816080996 0.0142075430896356 0.0217712230066098 0.00997639468697878 0.0125395889225774 0.0198468803194341 0.027921609022482 0.0166804480540946 0.023560302942023 0.0155483979737968 0.0060895782539044 -0.00242791248615003 -0.0052331455737987 0.0100733478764393 0.0032699169730968 -0.00194810306265111 -0.0126484109233953 -0.00656718187938388 -0.00928821413481237 -0.00939650586233887 -0.0026125215462969 -0.0170858440679232 -0.0237527613213663 -0.0216836874848121 -0.0227270759125962 -0.0198423826828964 -0.0187959095552937 -0.0143055942683595 -0.00806195841324846 0.0125867533431651 0.00208139170733757 0.0248209618429338 0.0254753768389081 0.028422113395198 0.042990227332606 0.0461015025216037
0.0324922691236511 0.0280193473190612 0.0268758982883098 0.0252560122155023 0.0379500801499107 0.0308845685938397 0.036329077700306 0.0203989414053369 0.0237031574617687 0.0161188840501727 0.0278001686517015 0.010490795902376 0.0276339257816848 0.0205789068146137 0.00791942052612482 0.0162699435026927 0.0274279633273337 0.0150861693328772 0.0224339800508679 0.0345239635712992 0.0163143198814993 0.0348390887005653 0.0231597590266809 0.0245672229449572 0.0145830481232434 0.0256666202206399 0.0161614140159143 0.0126694274132824 0.0111838711125971 0.00873800882688017 0.00657243004969654 0.0074949825982335 0.00496160791306564 -0.0058672726743927 -0.00884828693403658 -0.00424588242824812 -0.00756715607080612 -0.0156932740773135 -0.0142393815030594 -0.0110292966621555 -0.010796106147288 -0.00532450095019901 -0.00270157037165068 0.00864841833653723 0.0153616448891939 0.0373566055036542 0.027234144270489 0.0389955965637408 0.04609545927011 0.0378888596314481
0.0166281399924506 0.032771253235521 0.0344482882802196 0.0204666355501766 0.0338752751952459 0.022305259988914 0.0215587162972535 0.0322870112382273 0.0180166600239478 0.0251177053712753 0.0230690347043196 0.0152112201404848 0.0135958271094637 0.0254462275569958 0.0248414837018772 0.024401862718241 0.0350516350033616 0.0256842333351974 0.0364791584313817 0.0507654699636951 0.0399431652681616 0.0412299745735043 0.0336986626747107 0.0445239592401179 0.0430320953765296 0.037586776084234 0.0398210200142064 0.03594470885302 0.0283663199852283 0.0286134620319676 0.024910199094841 0.012209520584957 0.00583881097559763 0.0163531700476217 -0.015786585259981 0.00751400851698303 -0.00632053238067902 -0.0102422129650989 -0.00335308362809751 -0.00535843163514052 -0.00532117584082069 -0.0144334089922718 0.0108029076397626 0.00973834868197572 0.0208812549381523 0.0234733290291766 0.0387280532942659 0.0430497671821268 0.0400260043141333 0.0323617824594535
0.023300176143784 0.0248747027444129 0.0373169149368369 0.0160902322364593 0.0308622082480555 0.0381408900384533 0.0324852134560701 0.0410329172793355 0.0374232035208772 0.037978000426085 0.0265366238738479 0.0349021965931581 0.0369757915125474 0.0471389068251997 0.0484397678215941 0.0357671775087645 0.059292071450377 0.0540872256375022 0.047670580197574 0.0437606720067002 0.0622371137705187 0.0546450246756375 0.053109971641891 0.0592195086503357 0.0475066777954508 0.0569112947897639 0.0547539170365737 0.0483719489378649 0.042216647360637 0.0288504134673975 0.0284539301919297 0.0195035629297083 0.0182095889186058 0.0142791359772194 0.00497359719323763 0.0106399831000585 0.00289130741332251 0.0126007030962327 0.00126883808858126 0.0086266212824631 0.00198765852326462 0.00871300548534583 0.00987383320275741 0.0290763085495596 0.0295007548020505 0.0478194233194586 0.0453890505947158 0.0241209089197516 0.0252559302164583 0.0272272156153903
0.0244241657058042 0.030893968267687 0.0363456966604955 0.0402085032873324 0.0304135434979573 0.0525100874641655 0.0491093449565883 0.0507378682469957 0.040106851917174 0.0496121075974872 0.0503168040824169 0.0471116894735322 0.0566490845802582 0.0518500526577498 0.0518937882783112 0.0552047220481848 0.0674424828699938 0.0637454139678574 0.0488823311604288 0.0795836880424486 0.0767007521843917 0.0670647204407581 0.062914868687078 0.0750260097754607 0.0567089764624651 0.0628936604953772 0.0491607675420093 0.0435218520398696 0.0252967280478282 0.0194569387887333 0.0268922993592224 0.00697240520077694 0.00996142700185063 0.00894317416694358 0.00795097720002604 0.0168712580644892 0.0193283115277169 0.0193259999537433 0.0136953422164637 0.0193828051909591 0.0199940728599639 0.0106963293208878 0.0170701235028354 0.0280162194931008 0.029579914840785 0.0249897186273877 0.0214772331947893 0.0240663425970776 0.0291404892799682 0.0322202667128858
0.0327755010562243 0.032899665175915 0.0380471371941026 0.048391792035127 0.0403141625817721 0.047290360098024 0.0487795358370739 0.0580892652081858 0.0514068834106215 0.0615117761769296 0.06428528645284 0.0543139712182504 0.0668327563385582 0.0602318689181083 0.0783268056013674 0.0777344331356943 0.0767557761513534 0.0612313714192484 0.0725860953243589 0.067077236834557 0.0768780672422519 0.0685833871932083 0.0723343606764548 0.0673463166391395 0.0584263268480397 0.0665676174251438 0.0439541031474731 0.0465614996902745 0.0339296963045806 0.0148808741887185 0.0138794003726267 0.0180624386933815 0.00684235449518646 0.0185494325271723 0.0214407169590412 0.0217704009308289 0.024604869135586 0.0238574944511182 0.0240465730753624 0.0173683674474833 0.0192849476657729 0.028503341656512 0.0348121569367169 0.0324007619274932 0.030917685389365 0.0318421213815987 0.0309593039227917 0.0225740045040386 0.011129258256102 0.0285174936582947
0.0453662862351575 0.0380968260159288 0.0389932206174131 0.0415700460105356 0.0351523996409729 0.0461605974545003 0.0491853163896361 0.0671451056139862 0.0720693454396501 0.0502627217088484 0.0566191234550081 0.045688168798639 0.0498017143834025 0.0578281267851875 0.0718597520484292 0.0669170412498295 0.0718307306874228 0.060303210672887 0.0820265137102218 0.0726144741750869 0.0661259291178721 0.056959793804153 0.0673645781269734 0.0752989543657782 0.0573731274597133 0.0444731107935725 0.0417038893389152 0.0377988444967238 0.0319506724792076 0.0282077811449076 0.0220452015226107 0.00892373004462432 0.0220294137401827 0.0192361169449925 0.0217375247584086 0.026702618946705 0.0145520067945707 0.0212300708055988 0.0315460077414312 0.0309526487846492 0.0354694219583934 0.0418245778074206 0.036758562698578 0.0381134654563325 0.0309141456408836 0.0256894229727064 0.0156589354195138 0.00665917348686362 0.0205852936273431 0.0247164233974622
0.0612483150909846 0.0528861612921519 0.060863577932873 0.0553019159571362 0.0476913893222289 0.0587862254381362 0.0631222673031602 0.0626111690576789 0.0512272329081561 0.049712457418246 0.0408120698305578 0.0408360917524931 0.05073946817846 0.0483330704897354 0.0598178271651681 0.0615967034212692 0.0592044821079034 0.0665880364080478 0.0872307805574012 0.0792289488467764 0.0645042460950188 0.0899661189688946 0.0834595811974541 0.0691735908737942 0.0525245615434793 0.0511884489491528 0.0510594935618958 0.0505518196293542 0.0342381601585185 0.0446628259763439 0.0344246172107009 0.0271218478206302 0.0179727866875748 0.0258940111561185 0.0187323881471794 0.0317968937881865 0.0360606211152197 0.04055733562114 0.0482415878733467 0.0581386853994694 0.0482266839475541 0.0457458332891288 0.0417086990944341 0.0404664585018397 0.0219651915930776 0.0152331178197354 0.0150332464552018 0.00465051625753292 0.0205160026022611 0.0143512913782766
0.0586973969505673 0.0576648108720996 0.0712054422716853 0.0682405341178836 0.0551459767952295 0.0594578311160393 0.0538949808416537 0.0602071347826576 0.0627528900136494 0.0442838927892542 0.0461274301597387 0.0417894107628019 0.0264921423639716 0.0374200900254362 0.0556159354206358 0.0530479102784623 0.0706903314782291 0.0728337348790954 0.0715209381044351 0.0522081167481295 0.0817082120829387 0.0809600450670091 0.071513153640499 0.0679878562859098 0.0794891211739468 0.0737853867627102 0.0644799058903451 0.0522136418835941 0.0545834793558567 0.0594892354519656 0.0424790056833241 0.032732410873929 0.0298817732034903 0.0341248564025585 0.0557262544956093 0.0464101593548449 0.0464242153607905 0.0536230337932802 0.0505688977329644 0.0561857964815075 0.0330495110182177 0.0389437038494411 0.0336567280354729 0.0310988196409591 0.0245817539046009 0.0135102789548472 0.0172972989880644 0.00937650396384063 0.00393706898529142 0.000769690573607318
0.0544197334064903 0.0556241832136002 0.0630020469269553 0.0562467905867165 0.0607416201562512 0.0576485652332522 0.0540929278142521 0.0562473425085112 0.05240104552702 0.0419276226509335 0.0358361643217402 0.0329870871621569 0.027196957185812 0.027684486005069 0.0492042787815986 0.0610605370209727 0.066079409610542 0.0688010784949915 0.0476757309735355 0.058203987946935 0.0726491231337346 0.0749472949334941 0.0644945565676515 0.0624734691556047 0.0907123527467158 0.0702239282929079 0.0760357084895209 0.0733836627776194 0.075663323751006 0.0640514409649481 0.0542141616489985 0.0508966368496323 0.0625965456544105 0.0621241100550711 0.0663059051101455 0.0622782456071904 0.0608288990186155 0.0571301958709675 0.0511607500245432 0.0421088049931698 0.0441396837228461 0.0376735317465292 0.0278768115141751 0.0316513218942229 0.022159093870944 0.00607944868417284 0.00967182057620572 0.00499225705212519 -0.00547414768294305 -0.00619658659953828
0.0465356592630691 0.0445367825106192 0.0585981124609968 0.049174685805936 0.0448333505068646 0.0502952831400976 0.042512120154675 0.049710801198736 0.0398367785343632 0.0342030181390441 0.0382458499932247 0.0378726182917717 0.0530222080241706 0.0443899585823247 0.0462239235908101 0.0430140718533317 0.0570932384505773 0.0566922534451463 0.0672546059996312 0.0732461621158188 0.0682310462788478 0.0616730234808304 0.0706074247739576 0.0774025964337733 0.0887139196929502 0.0638569920492085 0.0770994062716412 0.0568306312367976 0.0840392538006169 0.0801468002808939 0.0658971978575107 0.0733817487134663 0.0656517228849884 0.0596857911251674 0.0652703680530521 0.0477646196393157 0.0476102396078324 0.0438487374837834 0.0417424222166498 0.0419841336340684 0.0364745696876659 0.0164478437544406 0.0193584025346941 0.0260744033759011 0.0189034801041969 0.0115524720538704 0.0117850879066411 -0.00937274731713614 0.00196808622784261 -0.00805453653881541
0.0396434414226759 0.0349836520060628 0.0429274824632066 0.0338972098788453 0.0393577693672486 0.0342257276561429 0.0417173708805439 0.0295477687094069 0.0485691375771213 0.040953728600286 0.0575550517486518 0.0443836798942493 0.042662771881191 0.0498059103907721 0.0514419480746016 0.0628557829076178 0.0580728691987448 0.0701556956037016 0.0633856407192529 0.0641465700445562 0.0661866399544021 0.0793294837223018 0.0603160010003535 0.0611575753587337 0.056064610297824 0.0666682137359123 0.0666683170582273 0.0784623670875075 0.0712520696597417 0.0846797316379255 0.0635751106644148 0.0731405600317103 0.0751487945542294 0.0570282063193002 0.0537482793266458 0.0514577907523801 0.0392264771809066 0.0324747427225598 0.0213597040979363 0.0223834073746283 0.0251463609124431 0.00585074219885068 0.0158403004805141 0.0144589079221524 0.0158802555270004 0.00860429452812864 -0.00662182170141676 -0.00732498064388404 -0.00228550039906839 -0.00051075082535415
0.0334115508731332 0.037054342686959 0.0239449300421792 0.019842059014615 0.0322972464372785 0.0296965099865406 0.0157493389499419 0.0116764830712797 0.0280179707677708 0.0448839068890312 0.0463658097496417 0.0551621640067878 0.0447482235146257 0.0592619335787213 0.0543701671237931 0.0498629330149754 0.0550429459367425 0.0562207875554238 0.0634202891452556 0.06525007994472 0.0755305799186923 0.0733021439309011 0.0740418669306238 0.058912779378869 0.0544874278325941 0.0622289533819187 0.061087338609863 0.0722636302418561 0.077877212717475 0.0730616784808929 0.06331758443785 0.0668531819503487 0.063542629179676 0.0605452758391398 0.055847632371163 0.0470813891782567 0.049170153572757 0.0337285033307957 0.0309140581277804 0.00717133444282791 0.0202355871682552 0.0162537134836036 0.00144347550703026 0.0183232863033257 0.00528654179378203 0.0100190662788019 -0.00551104199016728 -0.00563698469020671 -0.0165035979234023 -0.014506860064105
0.0317337451004252 0.0257808002419368 0.0195271577398715 0.0124702085975695 0.0166164516217288 0.00926681973357658 0.00583974958344205 -0.000913196192651261 -0.00456921869360409 0.0110870562396757 0.0402545250312037 0.0420023732151972 0.0466228016831406 0.049011138068452 0.0532384357817958 0.0452723992293722 0.0564916537921633 0.0582222389174351 0.0590664577165088 0.058159731540172 0.0770876685623829 0.0753007842493395 0.0691609367145516 0.0748785720882019 0.0497268042071451 0.0777057664830897 0.0718368506690463 0.0755819162940708 0.0801766259629929 0.0643127572447393 0.0590776507256555 0.0766461565621198 0.0564456974607533 0.0477354591515514 0.0520910332931971 0.0400619474986446 0.0333469703572448 0.0229773882790508 0.00846869958494437 -0.000400453657298669 -0.0125164467528355 0.00823226437221289 0.0103574054460165 0.00395771276259678 -0.00316619854724833 0.00242434934150294 -0.00217758111373498 -0.00348079312204977 -0.009088142065449 -0.0124778759652968
0.023135860303641 0.0116388006723895 0.020087257533112 0.02475722400617 0.0198995415693236 0.0155244173453227 -0.00494781041562656 -0.0138280796712965 -0.00969616807748647 0.00668757946058411 0.0303607565023567 0.0450489488665331 0.0428161192829453 0.0478729492346155 0.0456834269075576 0.0502221733500762 0.0562593221852981 0.057280949442477 0.0584929815262598 0.0607391942489963 0.0617840663359651 0.0609530667753256 0.0690550412315847 0.0636146854689424 0.0617802008391389 0.0606104345796441 0.0739561557859052 0.0703959605134607 0.0681425778241748 0.071922959386317 0.0603219078283267 0.061560610171505 0.0566409854750648 0.0500715237063491 0.0476623943580774 0.0393749767860137 0.0158757938624209 0.0141883699853416 0.00818381757271448 0.00450132013586754 -0.00735440698396896 -0.00973580406028549 -0.0108439501862525 0.000871076837201334 -0.00578833086864222 -0.00502130350967206 -0.00016532095722345 -0.0092832815886405 -0.0112962180854145 -0.0161642261152743
0.0288477052420618 0.0325533433935629 0.0190807995200076 0.0131932879279238 0.0207098937655691 0.00673047927497214 0.00487670981507047 0.00837930505575814 0.0108184076229341 0.0163680350405916 0.0319318586277753 0.0316813820984264 0.0495702841942597 0.0421984091663186 0.0363928937114474 0.053038294779646 0.0376611325618554 0.0430993115245809 0.04360351184449 0.0565224029689585 0.0455506465592743 0.0542233923881685 0.0675009794220031 0.05445529834028 0.0663769279363517 0.0607134510212426 0.0674805896364841 0.0582097541849688 0.0718762624121232 0.0637274765951879 0.0654616778364381 0.0630960575352054 0.0569949305803979 0.0561914698503757 0.0382844956149359 0.0190870943524026 0.0156261850610808 0.0129092379782891 0.000163609272443369 -0.00784327410119393 0.000501989065273115 -0.00986033557133018 -0.0110226126625984 0.000359222054242575 0.000912033764196171 0.00432837510323283 -0.0118705189585771 -0.016138102032957 -0.00532303124426101 -0.0204368905523288
0.0201268615704253 0.0313704620888735 0.0160777970046961 0.0204101476812635 0.0279337263603809 0.02540323306252 0.0193795572576192 0.0256803085448536 0.0208451363833543 0.0134531902106569 0.0184547966291571 0.0275854030172678 0.0404236905210759 0.0423114122697397 0.0426936749846497 0.0396019590195951 0.0398034819791406 0.0474328810254631 0.0374783697254983 0.0408535043308514 0.0532978395189376 0.0386085852166996 0.0461342000984004 0.0465996546969076 0.0468495899464763 0.0626464290011056 0.0547801801394917 0.0610948701438537 0.0538428758154016 0.0545010185520036 0.0521370469495601 0.0485807027507455 0.0376822001959672 0.0399280032977593 0.041964693744401 0.0193280515955112 0.0071187163625208 0.00738532551347013 -0.00403208144380365 -0.00763967137115128 0.000109264181373553 0.00132609336614681 -0.0121835261949149 0.00761367163899276 -0.00554614486285708 -0.0129090511629117 -0.00393968593646746 -0.0124858185518997 -0.0118421611192693 -0.0138988543049693
0.0345821357985913 0.0123730376546258 0.017820377569182 0.0276836534937878 0.0268952060558964 0.0252194717591809 0.0269148696672448 0.0216252769830849 0.0244877267769099 0.0251552652004813 0.0135201701608171 0.0198871315363591 0.0232267046236586 0.0295985640138451 0.0338864982207843 0.0227128066875177 0.0356274612528673 0.0415216071175029 0.0340123915904469 0.0277973523028454 0.0456469838291797 0.0466069165202934 0.0451632642159391 0.0399234801279502 0.0388212835033919 0.0448973471755975 0.0537367825623068 0.0491998451956554 0.0508888958584477 0.0436851653581014 0.0508439348653198 0.0498773821368546 0.0402325899481007 0.0402161026780021 0.0340078946030669 0.0325756577140807 0.0195627694884404 -0.0051373093144904 -0.00701148940447881 -0.00748195527489123 -0.0185926564577241 -0.00355221237038356 0.0108783880664924 0.002110889743854 0.00864151249454893 -0.00153830461974215 -0.00938114477502268 -0.0282789786669755 -0.0169987787206765 -0.0329157317894184
0.0179454311246407 0.0217404196871659 0.0218777197230295 0.0366153888819377 0.0260502774082938 0.0344215267196186 0.0144571542614886 0.0208297077188058 0.0281437507316727 0.0238818645897894 0.0205907268807052 0.0217600956452984 0.0273024318269512 0.0314057683686862 0.03543488809853 0.0408562356423479 0.0273254926337252 0.0299160362280913 0.0179831207311004 0.0305283579492478 0.0312196497117628 0.0408003941337619 0.0449727096143213 0.0470246640017227 0.0455653332400638 0.0343244868093427 0.0433142141142477 0.0477030449774663 0.0412092150802778 0.0477665728643056 0.0372131548071356 0.0434121328163647 0.0445038965626794 0.0278363139867323 0.0275312132398003 0.0183372659046126 0.0209262318136916 0.000406037917163093 0.0030398628952427 0.00131775181595296 -0.00372038953835239 -0.015306854142334 -0.00786751607814176 0.00827973927580192 0.0152950752502349 -0.00298852516474502 -0.00444041823239801 -0.0169688525998867 -0.0377197053169978 -0.0428791981270397
0.0168058541939566 0.0287651154799569 0.021633144891737 0.0347652515964355 0.0344751395786467 0.0249717925547335 0.0275372961111071 0.0305001702792703 0.0160191814887987 0.013107968168117 0.0167808145231444 0.0133957429368738 0.0213881879880777 0.0196551485394602 0.0302531860312854 0.0331836876174186 0.0257825835669006 0.0175523446137961 0.0170941536684206 0.0113371567434703 0.0243715236014226 0.0232850667879429 0.0361601151527098 0.0327975760026261 0.0216786269824227 0.0238650541761493 0.0352992009789745 0.0341391859990108 0.0280081239901816 0.0464920354305636 0.0396614870958189 0.0448965451377058 0.0311529220638899 0.0221932520867305 0.0281955847242797 0.0138684405117047 0.0154929158433969 0.00408982994942526 0.00608523599251055 0.00244602467881826 -0.00585438274863082 -0.010269587128128 -0.0274921033175443 -0.00235818455615937 -0.00426531958898832 -0.0108066092741633 -0.0207946206847263 -0.0191288625920076 -0.0310710163086214 -0.0422213951685915
