data/layers/future_layer_can_585_60/bio19.asc
NCOLS 494 
NROWS 529 
XLLCORNER -117.166666666667 
YLLCORNER -55.5 
CELLSIZE 0.166666666666667 
NODATA_value -3.4e+38 
[rows 192 to 215 of 529, columns 330 to 384 of 494]
708.900024414062 717.599975585938 731.099975585938 743.5 757.5 769.700012207031 789 793.700012207031 797.400024414062 806.799987792969 815.700012207031 820.5 825.700012207031 832.299987792969 835.5 836 836.099975585938 839.400024414062 842.599975585938 850.5 860.5 899.599975585938 918.200012207031 938.099975585938 962.299987792969 986.299987792969 1012.5 1033.40002441406 1056.09997558594 1071.5 1090.80004882812 1102.30004882812 1116.30004882812 1127.90002441406 1138.69995117188 1146.80004882812 1155.40002441406 1165.5 1175.09997558594 1175.09997558594 1173.80004882812 1179.30004882812 1087.59997558594 1088.59997558594 1093.80004882812 1098.90002441406 1103.30004882812 1107.40002441406 1118 1132.59997558594 1124.69995117188 1133.80004882812 1147.69995117188 1146.19995117188 1149.5
723.700012207031 727.200012207031 737.099975585938 760 761.400024414062 775 791.299987792969 792.400024414062 799.200012207031 803.5 809.5 818.700012207031 826.799987792969 829.799987792969 830.700012207031 836.700012207031 841.799987792969 850.099975585938 856.200012207031 892.700012207031 909.200012207031 923.5 946.099975585938 966.099975585938 989.299987792969 1011.40002441406 1032.30004882812 1054.59997558594 1082.90002441406 1098.5 1113.30004882812 1127.59997558594 1140.69995117188 1152 1163.59997558594 1169.40002441406 1174.09997558594 1183.69995117188 1189.69995117188 1189.40002441406 1191.59997558594 1100.19995117188 1109.09997558594 1117.40002441406 1117.90002441406 1114.19995117188 1115.90002441406 1117.19995117188 1120.40002441406 1126.59997558594 1129.80004882812 1131.40002441406 1129.30004882812 1128.5 1134.19995117188
744.200012207031 742.5 757.099975585938 771.299987792969 778.099975585938 790 796.299987792969 797.099975585938 796.599975585938 798.400024414062 808.299987792969 821.200012207031 823 825.900024414062 831 835.799987792969 867.200012207031 885.400024414062 904.200012207031 920.799987792969 938.799987792969 958.099975585938 977.099975585938 993.599975585938 1018.09997558594 1040.30004882812 1062.80004882812 1085 1105.80004882812 1121.90002441406 1140.19995117188 1154.30004882812 1169.80004882812 1179.80004882812 1187.59997558594 1195.30004882812 1201.5 1208.19995117188 1210.30004882812 1212.19995117188 1211.19995117188 1207.59997558594 1129.80004882812 1138.40002441406 1142.09997558594 1139.30004882812 1133.59997558594 1122.80004882812 1129.30004882812 1126.90002441406 1138.90002441406 1121.69995117188 1120.30004882812 1125.59997558594 1120.19995117188
761.200012207031 766.400024414062 770.599975585938 781.799987792969 790.5 799.799987792969 797.599975585938 799.200012207031 806.400024414062 811.200012207031 820.5 829.5 835.099975585938 850.200012207031 863.299987792969 875.5 892 909.799987792969 929 945.799987792969 966.799987792969 984.599975585938 1003.70001220703 1024 1046.5 1072.90002441406 1095.40002441406 1114.19995117188 1132.09997558594 1149.09997558594 1167.5 1182.69995117188 1195.40002441406 1207.40002441406 1216.40002441406 1227.09997558594 1225.30004882812 1231.80004882812 1232.30004882812 1225.40002441406 1140.90002441406 1232 1158.09997558594 1158.19995117188 1156.69995117188 1152.09997558594 1151.59997558594 1132.19995117188 1122.59997558594 1121.69995117188 1122.59997558594 1119.80004882812 1111.69995117188 1107.69995117188 1107.40002441406
812.200012207031 811.200012207031 817 821.200012207031 826.099975585938 826.099975585938 827.099975585938 830.400024414062 837.299987792969 834.299987792969 840.799987792969 848.799987792969 859.299987792969 870.299987792969 884 895.299987792969 907.799987792969 926.599975585938 943.799987792969 968.299987792969 988 1007.20001220703 1027.5 1048.30004882812 1069 1094.09997558594 1118.30004882812 1142.30004882812 1160.30004882812 1176.30004882812 1194.80004882812 1209.30004882812 1222.09997558594 1232.69995117188 1232.90002441406 1242 1244.30004882812 1247.90002441406 1248.40002441406 1239.80004882812 1161.90002441406 1171.59997558594 1174.09997558594 1175.19995117188 1169.19995117188 1169.59997558594 1171.30004882812 1137.69995117188 1119.59997558594 1114.80004882812 1107.80004882812 1100.90002441406 1107.19995117188 1103.30004882812 1101.30004882812
869.299987792969 864.799987792969 867.400024414062 866.099975585938 864.599975585938 860.799987792969 855.200012207031 854.799987792969 854.799987792969 855 861.200012207031 867.5 876.400024414062 886.200012207031 899.900024414062 912.099975585938 925.400024414062 940.299987792969 958.099975585938 983.400024414062 1001.29998779297 1017.20001220703 1037.40002441406 1065.5 1084.09997558594 1114.90002441406 1135.30004882812 1156 1181.19995117188 1198.59997558594 1216.69995117188 1223.59997558594 1234.5 1248.09997558594 1248.30004882812 1247.59997558594 1249.30004882812 1251.09997558594 1253 1243.80004882812 1243.30004882812 1186.40002441406 1188.09997558594 1192.30004882812 1183.19995117188 1173.5 1174.09997558594 1150.30004882812 1127.69995117188 1105.5 1100.19995117188 1096.69995117188 1089.90002441406 1088.40002441406 1098.90002441406
924.5 921.400024414062 916.200012207031 906.200012207031 899.799987792969 887.799987792969 879.900024414062 877.5 873.400024414062 872.599975585938 875.299987792969 882.299987792969 892.299987792969 905.599975585938 916.200012207031 927.599975585938 942 956.799987792969 977.400024414062 995.700012207031 1008 1024.30004882812 1044.19995117188 1068 1095.90002441406 1121.19995117188 1145.69995117188 1162.30004882812 1190 1214.40002441406 1229 1240.40002441406 1252.19995117188 1256 1257.09997558594 1255.40002441406 1256.5 1257 1197.19995117188 1247.40002441406 1240 1194 1196.09997558594 1202.19995117188 1193.90002441406 1186 1189.69995117188 1181.59997558594 1156.90002441406 1133.69995117188 1101.5 1096.09997558594 1099.09997558594 1091 1096.59997558594
973.5 976.599975585938 964.900024414062 945 925.700012207031 910.099975585938 899.299987792969 894 890 889 890.900024414062 898.900024414062 914.5 925.200012207031 930.299987792969 943.400024414062 956.900024414062 967.099975585938 988.299987792969 999.5 1010.09997558594 1032.09997558594 1050.19995117188 1074.69995117188 1096.59997558594 1120.19995117188 1142.5 1170.90002441406 1200.69995117188 1226.40002441406 1246.80004882812 1256.09997558594 1264.40002441406 1272.40002441406 1265.30004882812 1257.59997558594 1261.90002441406 1254.19995117188 1252.59997558594 1245.09997558594 1231.80004882812 1231.59997558594 1201 1208.30004882812 1207.90002441406 1194.09997558594 1206.09997558594 1211.19995117188 1204.30004882812 1171.5 1135.30004882812 1108.40002441406 1096.69995117188 1093.5 1177.90002441406
1008.59997558594 1025.09997558594 1003.29998779297 967.5 946.099975585938 931.200012207031 917.200012207031 909.700012207031 902.099975585938 902.5 902.700012207031 909.099975585938 926.599975585938 934.599975585938 940.299987792969 957.799987792969 966 975.900024414062 986.200012207031 1003.5 1020.40002441406 1034.80004882812 1055.40002441406 1071.19995117188 1093.59997558594 1122.40002441406 1147.80004882812 1176 1205.69995117188 1235.09997558594 1259.09997558594 1268.40002441406 1281.30004882812 1276.09997558594 1268.90002441406 1265.80004882812 1261.90002441406 1252.59997558594 1241.90002441406 1231.30004882812 1217.69995117188 1194.90002441406 1203.69995117188 1201 1202.30004882812 1198.19995117188 1193.5 1197.90002441406 1230.90002441406 1187.90002441406 1171.09997558594 1145.40002441406 1147.5 1135.19995117188 1084.09997558594
1007.90002441406 1031.5 1004.90002441406 969.099975585938 953.5 940 925.400024414062 920.299987792969 910.200012207031 908.700012207031 912.900024414062 921 933 942.700012207031 954.299987792969 963.799987792969 973.5 985.099975585938 994.099975585938 1005.70001220703 1019.90002441406 1034.69995117188 1052.5 1072.19995117188 1088.90002441406 1118.69995117188 1148.80004882812 1176 1210.59997558594 1240.30004882812 1267.19995117188 1282.19995117188 1284.30004882812 1279.19995117188 1271.69995117188 1267.69995117188 1265 1248.80004882812 1214.5 1204.69995117188 1193.80004882812 1185.90002441406 1179.90002441406 1188.59997558594 1195.09997558594 1197.59997558594 1177 1198.5 1244.09997558594 1282.09997558594 1291.5 1276.30004882812 1185.19995117188 1061.09997558594 998.700012207031
952.599975585938 963.299987792969 962.599975585938 950.5 947.299987792969 940 931.200012207031 926.900024414062 922 917.400024414062 917.400024414062 929.599975585938 940.099975585938 950.799987792969 959 967.900024414062 979.200012207031 992.299987792969 999.799987792969 1006.40002441406 1013.59997558594 1026.69995117188 1047.90002441406 1064 1081.40002441406 1105.09997558594 1135.59997558594 1167.69995117188 1197.5 1230.19995117188 1265.90002441406 1280.80004882812 1272.30004882812 1260.09997558594 1260.5 1244.09997558594 1258.80004882812 1239.30004882812 1217.30004882812 1199.19995117188 1177.19995117188 1169.59997558594 1167.19995117188 1172 1186.30004882812 1173.80004882812 1172.09997558594 1199.19995117188 1230.80004882812 1298.19995117188 1313.09997558594 1290.80004882812 1139.5 977 918.5
872.599975585938 883.900024414062 911.599975585938 925.400024414062 937.200012207031 939 936.299987792969 934.299987792969 928.200012207031 924.200012207031 922 930.099975585938 946.599975585938 957.799987792969 965.599975585938 970.599975585938 986.599975585938 990.200012207031 996.400024414062 1000.79998779297 1005.70001220703 1018.90002441406 1033.5 1050.80004882812 1068.59997558594 1090.5 1116.30004882812 1142 1174.19995117188 1206.19995117188 1233.90002441406 1264.90002441406 1242.90002441406 1256.69995117188 1235.59997558594 1228.59997558594 1224.19995117188 1214.90002441406 1172.90002441406 1146.40002441406 1155.59997558594 1119.80004882812 1135.80004882812 1164 1174.5 1179 1160.90002441406 1208.40002441406 1229.30004882812 1229.80004882812 1232.90002441406 1235.09997558594 1126.30004882812 1004.5 944
843.599975585938 835.200012207031 872.900024414062 902.299987792969 930.900024414062 937.099975585938 936.299987792969 938.200012207031 935.799987792969 934.5 938.799987792969 940 941.299987792969 958.900024414062 963.5 982.099975585938 991.799987792969 989.5 986.900024414062 991.099975585938 999.200012207031 1007.40002441406 1024.5 1036.09997558594 1046.19995117188 1089 1084.19995117188 1147.40002441406 1146.40002441406 1174.80004882812 1241.09997558594 1251.09997558594 1249.80004882812 1203.30004882812 1203.19995117188 1201.5 1218.19995117188 1162.09997558594 1137.69995117188 1148.30004882812 1080.90002441406 1067.19995117188 1066.69995117188 1103.90002441406 1130.69995117188 1164.09997558594 1144.90002441406 1159.19995117188 1129.69995117188 1118.09997558594 1117.30004882812 1122.69995117188 1065 1029 982.099975585938
869.799987792969 869.099975585938 890.099975585938 904.5 930.799987792969 939.400024414062 942.200012207031 942.099975585938 941.700012207031 942.599975585938 947.400024414062 955.200012207031 953.799987792969 961 969.400024414062 991.299987792969 992.5 987 981.700012207031 982.900024414062 989.700012207031 1023.20001220703 1007.20001220703 1015.5 1027 1085.69995117188 1110.40002441406 1140.80004882812 1171.5 1200.19995117188 1226.69995117188 1243.30004882812 1249.5 1246.59997558594 1236.90002441406 1216.40002441406 1208.5 1140.69995117188 1177.59997558594 1075.40002441406 1104.19995117188 1022.59997558594 1010.20001220703 1052 1025.19995117188 1065.5 1046.69995117188 1048.19995117188 1070.30004882812 1086.80004882812 1072.90002441406 1036.19995117188 1010.79998779297 1017.29998779297 985.200012207031
894.5 899.700012207031 916 932.099975585938 938 947.299987792969 946.200012207031 943.299987792969 943.700012207031 947.099975585938 952 961.099975585938 974.700012207031 976.900024414062 980.700012207031 977.299987792969 992.900024414062 987.200012207031 1017.40002441406 976.299987792969 975.200012207031 979.200012207031 986.299987792969 1039.30004882812 1002.59997558594 1075.5 1031.19995117188 1125.30004882812 1152 1181.09997558594 1209.09997558594 1229.30004882812 1237.59997558594 1233.30004882812 1225 1207.59997558594 1196.30004882812 1101.90002441406 1161.30004882812 1111.30004882812 998.900024414062 984.900024414062 961.900024414062 1016.40002441406 953 954.400024414062 1010.40002441406 1020.5 1028.30004882812 1016 996.299987792969 979.900024414062 954 948.700012207031 949.900024414062
925 928.099975585938 941.400024414062 957.200012207031 950.099975585938 951.400024414062 952.799987792969 948.400024414062 944.299987792969 945.799987792969 951.5 963.5 975.900024414062 983.700012207031 990.400024414062 994.099975585938 988.5 964.200012207031 1011.5 1007.40002441406 1010.09997558594 1015.29998779297 1019 1026.19995117188 1038.69995117188 1056 1077.90002441406 1106 1137 1167.40002441406 1191.59997558594 1211.90002441406 1225.19995117188 1219 1201.5 1169.19995117188 1150.30004882812 1125.5 1087.59997558594 1060.69995117188 946.299987792969 1030.69995117188 999.700012207031 898.900024414062 889 924.5 1001.29998779297 999.599975585938 986.700012207031 949.700012207031 945.799987792969 931.200012207031 933.299987792969 949.599975585938 967
937.299987792969 948.400024414062 961.799987792969 972.200012207031 968.5 947.900024414062 945.099975585938 945.799987792969 939.299987792969 941 947.900024414062 954.900024414062 965.900024414062 970.099975585938 972.799987792969 972.200012207031 1015.70001220703 995.900024414062 995.5 995.700012207031 1001.20001220703 1006.09997558594 1009.09997558594 1010.70001220703 1018.09997558594 1033.59997558594 1052.69995117188 1081 1113 1145.59997558594 1175.19995117188 1199.59997558594 1212 1203.80004882812 1167.30004882812 1128.59997558594 1106.69995117188 1092.30004882812 1063.19995117188 913.400024414062 1006.90002441406 1007.79998779297 1004.59997558594 908.400024414062 997.700012207031 1014.70001220703 1038.40002441406 1000.29998779297 961.099975585938 952.599975585938 949.900024414062 955.700012207031 959.400024414062 968.5 990.299987792969
950.700012207031 959.799987792969 964.5 966.299987792969 962.299987792969 950.599975585938 931.200012207031 934.700012207031 927.799987792969 924.599975585938 931.799987792969 937.799987792969 947 982.299987792969 994.700012207031 998.5 990.200012207031 978.900024414062 979.900024414062 982.700012207031 987.900024414062 992 995.799987792969 996.799987792969 996.299987792969 1006.79998779297 1024.19995117188 1055.5 1090.80004882812 1126.90002441406 1159.90002441406 1181.80004882812 1186.5 1158.69995117188 1132.80004882812 1111.69995117188 1096.90002441406 1075 937 1032.19995117188 1009.70001220703 1015.79998779297 930.599975585938 954.799987792969 1076.90002441406 1089 1064.90002441406 1000.59997558594 980 977.299987792969 979.900024414062 974.200012207031 980.5 990.299987792969 1005.5
955.700012207031 959.599975585938 963.099975585938 961.900024414062 953.400024414062 941.099975585938 914.900024414062 911.400024414062 906.799987792969 911.599975585938 916 920.400024414062 984.099975585938 929.5 989.200012207031 987.799987792969 981.299987792969 977.799987792969 977.5 980 985.700012207031 988.299987792969 983.700012207031 976.900024414062 978.400024414062 979.299987792969 989.700012207031 1021.70001220703 1067.19995117188 1110.69995117188 1139 1148.59997558594 1139.40002441406 1126.90002441406 1121.30004882812 1100.59997558594 1084.69995117188 1069.09997558594 1056.69995117188 1040.30004882812 1031.59997558594 922 928.700012207031 975.700012207031 1161.69995117188 1048.80004882812 1087 981 1020.09997558594 999.599975585938 987.200012207031 983.299987792969 991.400024414062 994.700012207031 1009
959.200012207031 963.599975585938 962.799987792969 959.5 951.099975585938 936.700012207031 911.200012207031 884.799987792969 886.200012207031 899.299987792969 900.400024414062 905 991.299987792969 988.099975585938 985 982.700012207031 975.299987792969 972.900024414062 972 977.400024414062 985.5 987.599975585938 985.700012207031 974.099975585938 960.099975585938 954.5 956.299987792969 1002.20001220703 1047.59997558594 1086.59997558594 1113 1124.30004882812 1116.69995117188 1109.90002441406 1101.59997558594 1083.40002441406 1066 1051.69995117188 1037.80004882812 1023.90002441406 1015.5 1008.20001220703 907.599975585938 969.599975585938 1029.09997558594 1029.80004882812 1091.80004882812 1066.59997558594 1022.20001220703 1005.5 991.200012207031 984.599975585938 991.099975585938 999.599975585938 1013.40002441406
959.299987792969 964.299987792969 963.5 961.799987792969 951.599975585938 935.200012207031 915.5 893.099975585938 869.5 875.700012207031 1002.79998779297 890.400024414062 997.900024414062 993.900024414062 988 979.900024414062 973.700012207031 965.900024414062 965.099975585938 972.900024414062 983.400024414062 990 987.700012207031 974.299987792969 957.799987792969 948.700012207031 967.799987792969 1004.40002441406 1039.90002441406 1076.80004882812 1108.5 1108.40002441406 1100 1092.30004882812 1076.09997558594 1059.59997558594 1045.09997558594 1033.09997558594 1020.09997558594 1012 1009.09997558594 993.299987792969 988.099975585938 933.700012207031 967.799987792969 977.799987792969 957.200012207031 1012.09997558594 1003.29998779297 982.299987792969 981.400024414062 982.599975585938 987.200012207031 998.799987792969 1017
957.700012207031 961.700012207031 960.799987792969 962.099975585938 948.900024414062 937 918.5 897.200012207031 873.400024414062 848.900024414062 869.700012207031 1005.09997558594 1006.40002441406 998.900024414062 988.099975585938 976.599975585938 969.700012207031 965 959.099975585938 972.5 987.900024414062 994.5 984.900024414062 951.700012207031 940.099975585938 939.5 958.799987792969 1005 1030.69995117188 1055.09997558594 1077.5 1087.30004882812 1074 1064.69995117188 1051.59997558594 1036.80004882812 1024.80004882812 1014.29998779297 1005.59997558594 999.400024414062 996.799987792969 977.5 978 1001.09997558594 916.599975585938 1012.5 990.5 982.799987792969 982.700012207031 972.299987792969 967.400024414062 974.299987792969 982.799987792969 999.200012207031 1015.79998779297
960.599975585938 965 961.099975585938 949.700012207031 941.799987792969 935.799987792969 912.799987792969 892.099975585938 870.799987792969 845 839.900024414062 996.400024414062 1006.20001220703 1004.40002441406 973.900024414062 966.700012207031 964.200012207031 965.599975585938 967.400024414062 976.900024414062 994.099975585938 1003 994.799987792969 955.299987792969 925.700012207031 899.299987792969 903 945.700012207031 979.799987792969 1009.09997558594 1038 1047.09997558594 1046.40002441406 1037.09997558594 1026.30004882812 1014.79998779297 1005.5 997 991.700012207031 987.700012207031 984.799987792969 954.099975585938 969.400024414062 977 976.900024414062 974.700012207031 968.099975585938 966.799987792969 962.400024414062 954 950.200012207031 957.099975585938 971.299987792969 991 1014.59997558594
963.5 963.5 959.599975585938 953.5 949.5 940.400024414062 910.599975585938 871.400024414062 839 835.200012207031 988.299987792969 986.900024414062 983.799987792969 972.700012207031 964.099975585938 957.599975585938 955.599975585938 956.599975585938 963.900024414062 980 990.299987792969 991.099975585938 974 947.5 900.200012207031 848.5 819.299987792969 857.900024414062 922.200012207031 971.099975585938 1003.29998779297 1019.29998779297 1018.20001220703 1009.79998779297 1004.40002441406 996.900024414062 988.099975585938 980.599975585938 977.700012207031 972.400024414062 966 937.599975585938 957.799987792969 959 955.400024414062 953.200012207031 949.400024414062 950.5 945.200012207031 941.599975585938 940.099975585938 937.5 950.599975585938 980.200012207031 1005.09997558594
