data/layers/future_layer_can_585_60/bio17.asc
NCOLS 494 
NROWS 529 
XLLCORNER -117.166666666667 
YLLCORNER -55.5 
CELLSIZE 0.166666666666667 
NODATA_value -3.4e+38 
[rows 312 to 335 of 529, columns 330 to 384 of 494]
20.2000007629395 21.6000003814697 22.7000007629395 24.3999996185303 25.7000007629395 27.7000007629395 29.5 30.7999992370605 33.5999984741211 35.4000015258789 37.7999992370605 40.2000007629395 41.7999992370605 43.2000007629395 44.4000015258789 46.2000007629395 48.5 50.9000015258789 52 53.5999984741211 54.5 56.0999984741211 58.2000007629395 60.5 64.9000015258789 67.9000015258789 70.6999969482422 73.9000015258789 75 77.1999969482422 79.5 80.5999984741211 83.1999969482422 85.8000030517578 86 87.6999969482422 88.6999969482422 89 91.6999969482422 92.3000030517578 92.9000015258789 93.9000015258789 92.5 91.4000015258789 92.9000015258789 93.4000015258789 90.8000030517578 87.6999969482422 86.3000030517578 86.5999984741211 85.5999984741211 83.3000030517578 82.0999984741211 81 79.0999984741211
17 18.5 20.2000007629395 21.7000007629395 23.3999996185303 25.5 27.3999996185303 28.8999996185303 30.5 32.9000015258789 34.5999984741211 37.4000015258789 38.5 40.7000007629395 42.2999992370605 43.9000015258789 46 48.7000007629395 51.4000015258789 52.5999984741211 53.9000015258789 56.7000007629395 59.9000015258789 64.0999984741211 68 71.4000015258789 74.6999969482422 77.0999984741211 78.6999969482422 80.0999984741211 81.9000015258789 82.6999969482422 83.3000030517578 85.5999984741211 87.6999969482422 88.5 89.0999984741211 91.1999969482422 93.3000030517578 94.3000030517578 94.8000030517578 97.1999969482422 95.3000030517578 94.5999984741211 95.6999969482422 94.5 94.0999984741211 91 89.5 90 88.6999969482422 85.5999984741211 83.0999984741211 81.5999984741211 80.3000030517578
15.6000003814697 16.2000007629395 18.2000007629395 19.5 21.3999996185303 23.3999996185303 25.2000007629395 26.7999992370605 28.8999996185303 30.2999992370605 32.4000015258789 34.2999992370605 37.2000007629395 38.2000007629395 40 42.0999984741211 44 46.9000015258789 49.5999984741211 52.0999984741211 54.5 57.2000007629395 61.7999992370605 67.0999984741211 69.5999984741211 75.1999969482422 79.6999969482422 80.3000030517578 82.1999969482422 83.9000015258789 83.9000015258789 85.5 87.1999969482422 87.3000030517578 89.0999984741211 91.5 92.1999969482422 92.1999969482422 93.5999984741211 95.3000030517578 97.1999969482422 97.4000015258789 97 97 96.6999969482422 96.0999984741211 96.8000030517578 96.1999969482422 93.5999984741211 91.3000030517578 89.6999969482422 87.6999969482422 85 82.9000015258789 81.4000015258789
13.8999996185303 15.1000003814697 16.6000003814697 18.5 20.1000003814697 22 23.6000003814697 25.7000007629395 27.2000007629395 29.6000003814697 30.3999996185303 32.7999992370605 34.9000015258789 37.2999992370605 38.7000007629395 40.4000015258789 41.9000015258789 45.0999984741211 47.9000015258789 51.5 54.0999984741211 56.9000015258789 60.4000015258789 66.1999969482422 72.5999984741211 80.8000030517578 84 84.1999969482422 85 86.5 87.1999969482422 87.9000015258789 88.8000030517578 89.8000030517578 93 94.1999969482422 93.9000015258789 93.0999984741211 94.4000015258789 97.3000030517578 99.1999969482422 98.1999969482422 99.1999969482422 98.4000015258789 98.5 97.5 99 98.1999969482422 96 93.9000015258789 93.5999984741211 90.9000015258789 87.5 84.8000030517578 82.6999969482422
12.1999998092651 14.1999998092651 15.6999998092651 17.5 19.2000007629395 20.8999996185303 21.8999996185303 24 25.8999996185303 28.3999996185303 29.5 31.6000003814697 32.9000015258789 34.7999992370605 37.5999984741211 39.5 41.5 43.5999984741211 47.0999984741211 49.5999984741211 52.5999984741211 56.4000015258789 58.7999992370605 62.2999992370605 70.0999984741211 80.1999969482422 84 85.5 86.4000015258789 87.0999984741211 88.6999969482422 90 90.5999984741211 91.8000030517578 93.6999969482422 94.8000030517578 95.9000015258789 95.5999984741211 97.3000030517578 99 100.300003051758 102.300003051758 101.800003051758 100.900001525879 100.900001525879 100.900001525879 101.699996948242 99.9000015258789 97.9000015258789 96.0999984741211 94.6999969482422 92.6999969482422 90.3000030517578 87.5 84.6999969482422
10.6000003814697 13.5 14.8000001907349 16.3999996185303 18.2999992370605 19.8999996185303 21.2000007629395 23.5 24.5 26.8999996185303 28.7000007629395 31.1000003814697 31.8999996185303 34.5999984741211 36.5999984741211 38.5999984741211 41 42.5999984741211 45.9000015258789 48.4000015258789 51.4000015258789 54.9000015258789 57.2999992370605 59 67.4000015258789 77.0999984741211 82 84 87.9000015258789 88.8000030517578 90.8000030517578 92.8000030517578 92.5999984741211 93.5 94.5999984741211 95.1999969482422 97 96.3000030517578 99.6999969482422 100.5 101.900001525879 103 105.699996948242 104 103.900001525879 104 104.099998474121 102.699996948242 99.9000015258789 98 96 94.5 93.5 90.1999969482422 87.9000015258789
9.69999980926514 12.1999998092651 14.6000003814697 15.8000001907349 17.7000007629395 19.7999992370605 21.2999992370605 22.2000007629395 24 25.6000003814697 27.7000007629395 29.7999992370605 31.6000003814697 34.2999992370605 35.7000007629395 37.0999984741211 40.0999984741211 42.0999984741211 45.5999984741211 47.5 51.0999984741211 54.2999992370605 57.2999992370605 60.5 66.9000015258789 74.6999969482422 81.5 83.5 85.9000015258789 89.4000015258789 92.5 94.0999984741211 93.4000015258789 95.8000030517578 96.5999984741211 99.1999969482422 98.6999969482422 99.0999984741211 101.400001525879 104.300003051758 105.099998474121 106.699996948242 108.599998474121 108 107.400001525879 108.400001525879 107 105.5 103.900001525879 101.599998474121 98.0999984741211 95.8000030517578 95.3000030517578 92.4000015258789 90.0999984741211
9.69999980926514 13.1000003814697 14.5 16.1000003814697 17.3999996185303 18.7000007629395 20.1000003814697 21.6000003814697 23.2000007629395 25.7999992370605 27.5 29.6000003814697 31.2000007629395 32.7999992370605 35.2000007629395 36.7000007629395 38.7000007629395 40.7999992370605 44.0999984741211 47.7999992370605 51.5 53.7999992370605 57.5999984741211 61.7000007629395 67.5 74.6999969482422 80.3000030517578 82.8000030517578 87 90.1999969482422 93.5999984741211 96.4000015258789 96.5999984741211 96.9000015258789 98.1999969482422 99.8000030517578 100.900001525879 101.699996948242 102.699996948242 104.099998474121 106.599998474121 108.699996948242 109.599998474121 110.5 112 111.400001525879 110.900001525879 108.599998474121 106.800003051758 104.800003051758 101.5 98.4000015258789 96.5999984741211 95.1999969482422 92.5999984741211
10.1999998092651 13.5 14.1000003814697 15.3000001907349 16.3999996185303 17.7000007629395 19.2999992370605 21.1000003814697 23.6000003814697 24.7999992370605 27.1000003814697 30 30.3999996185303 31.8999996185303 34.0999984741211 36.5 37.9000015258789 40.9000015258789 44.0999984741211 46.9000015258789 51.2000007629395 54.0999984741211 58.4000015258789 63 68.5999984741211 73.1999969482422 78.5999984741211 81.9000015258789 87.5 90.3000030517578 94.3000030517578 96.8000030517578 97.8000030517578 98.8000030517578 99.9000015258789 100.699996948242 102.199996948242 104.199996948242 103.699996948242 106.599998474121 109.300003051758 110.800003051758 111.699996948242 113.099998474121 115 113.5 112.599998474121 111.300003051758 108.5 107.099998474121 104 101.800003051758 99.0999984741211 97 95.1999969482422
8.89999961853027 12.1999998092651 13.8000001907349 14.6000003814697 15.8999996185303 17.2000007629395 19.7000007629395 21.3999996185303 23 25.1000003814697 26.8999996185303 28.8999996185303 30.7999992370605 32.4000015258789 34.0999984741211 35.7999992370605 38.2999992370605 40.5 44.2000007629395 46.5 50.4000015258789 54.5 58.2000007629395 63.5999984741211 68.0999984741211 73 77.9000015258789 81.4000015258789 88.4000015258789 91.5 93.4000015258789 97.9000015258789 99.5999984741211 101.199996948242 102.699996948242 103.699996948242 103.699996948242 104 106.099998474121 108.400001525879 110.400001525879 112.199996948242 114 115.800003051758 117.400001525879 116.099998474121 113.400001525879 111.599998474121 110.699996948242 108.300003051758 107 104.300003051758 101.699996948242 100.099998474121 96.4000015258789
7.40000009536743 10.5 13.1999998092651 14.8000001907349 15.6999998092651 17 20.2999992370605 22.5 23.7999992370605 25.2999992370605 26.7999992370605 28.5 30.1000003814697 32.0999984741211 34.2999992370605 35.2000007629395 38.0999984741211 40.2999992370605 44.0999984741211 46.7000007629395 50.2000007629395 55.2000007629395 59.7999992370605 64.6999969482422 68.8000030517578 72.5 79.0999984741211 83.9000015258789 89 93.1999969482422 95.3000030517578 99.8000030517578 102.300003051758 104.800003051758 105.5 106.5 107.599998474121 107.099998474121 109.400001525879 111.099998474121 113.800003051758 116.5 117.900001525879 119 119.699996948242 118.300003051758 116.199996948242 115 113.300003051758 111.300003051758 108.800003051758 106 103.800003051758 103.300003051758 99.9000015258789
8 10.3000001907349 13.1000003814697 14.6999998092651 15.5 17.7999992370605 20.5 22.1000003814697 23.7000007629395 25.6000003814697 26.8999996185303 28.1000003814697 29.5 31 32.5999984741211 35.0999984741211 36.7999992370605 40.0999984741211 42.4000015258789 46.7999992370605 51.4000015258789 56.0999984741211 61.7999992370605 66.5 70.5999984741211 75.6999969482422 81.1999969482422 85.8000030517578 90 95.8000030517578 98.0999984741211 100.900001525879 104.5 108 110 109.099998474121 110.400001525879 110.900001525879 111.199996948242 115.900001525879 118.400001525879 119.099998474121 119.900001525879 121.400001525879 121.099998474121 122.199996948242 120.800003051758 118.300003051758 116.199996948242 114.599998474121 113 110.099998474121 107.300003051758 105.599998474121 103.199996948242
8.80000019073486 10.6000003814697 13.1999998092651 14.8000001907349 16.2000007629395 18.2999992370605 20.7000007629395 22.7999992370605 23.5 25.7999992370605 27.3999996185303 27.8999996185303 30.1000003814697 31.6000003814697 32.9000015258789 33.9000015258789 36.2000007629395 39.9000015258789 43.2000007629395 47.7999992370605 51.9000015258789 57.7000007629395 62.0999984741211 66.9000015258789 72.8000030517578 77.8000030517578 81.9000015258789 88.1999969482422 92.6999969482422 97.0999984741211 100.099998474121 103.5 106.099998474121 109.599998474121 112.699996948242 113.300003051758 115.400001525879 115 114.300003051758 118.300003051758 121.300003051758 122.300003051758 123.699996948242 124.599998474121 125.5 125.400001525879 124.099998474121 121.5 120.099998474121 118.199996948242 116.300003051758 113.5 110.099998474121 107.599998474121 104.699996948242
9.10000038146973 11 13.3000001907349 15.1999998092651 17 18.6000003814697 21 22.6000003814697 24.7000007629395 26.7000007629395 27.8999996185303 28.3999996185303 29.5 30.8999996185303 31.8999996185303 33.2000007629395 35.4000015258789 38.7000007629395 42.7000007629395 46.9000015258789 52.5999984741211 58.2000007629395 64.1999969482422 69.9000015258789 75 79.1999969482422 85 89.5 94.9000015258789 99.1999969482422 103.199996948242 105.599998474121 109.099998474121 112.199996948242 115.300003051758 117.300003051758 118.900001525879 118.400001525879 120.099998474121 123.400001525879 124.599998474121 125.300003051758 125.699996948242 127.099998474121 127.300003051758 128 127.599998474121 125 124.800003051758 121.800003051758 119.400001525879 116.5 111.800003051758 108.400001525879 105.599998474121
10.1000003814697 11.6999998092651 13.5 16 17.8999996185303 19.5 21.6000003814697 23.8999996185303 26.7999992370605 28.8999996185303 29.6000003814697 29.7999992370605 29.7999992370605 30.6000003814697 31.2999992370605 32.7000007629395 34.2000007629395 38.2999992370605 42.5 47 53 58.7000007629395 64.5 70.8000030517578 75.6999969482422 81.3000030517578 89.0999984741211 93.6999969482422 98.5 102.099998474121 105.199996948242 109 112.099998474121 114.900001525879 118.199996948242 120.699996948242 122.199996948242 123.5 125.800003051758 127.400001525879 127.5 127.699996948242 128.899993896484 130.100006103516 130.600006103516 130.699996948242 130.5 128.100006103516 127.599998474121 125.800003051758 123 119.099998474121 113.400001525879 109.699996948242 105.199996948242
10.6000003814697 12.5 14.1000003814697 17.1000003814697 18.6000003814697 21.1000003814697 23.2000007629395 24.7000007629395 27.7999992370605 30.5 31.2999992370605 32 31.2000007629395 30.5 30.2000007629395 32.0999984741211 33.7000007629395 37.7000007629395 42.7000007629395 48.5 54.7000007629395 59.7000007629395 66.3000030517578 71.4000015258789 77.4000015258789 83.5999984741211 90.5999984741211 96.5999984741211 100.599998474121 104.099998474121 108.300003051758 112.300003051758 115.599998474121 119 122.400001525879 123.800003051758 125.199996948242 127 130.800003051758 131.100006103516 131.199996948242 131.300003051758 132.600006103516 133.899993896484 133.699996948242 133 132.300003051758 132.5 131.5 130 125.599998474121 121.800003051758 116.099998474121 111.300003051758 106.699996948242
11.8999996185303 14.1999998092651 15.1000003814697 17.3999996185303 19.6000003814697 21.1000003814697 23.7999992370605 25.7000007629395 29 32 32.2999992370605 33.0999984741211 32.2000007629395 30.6000003814697 30.2999992370605 31.7999992370605 34.9000015258789 38.7000007629395 43.4000015258789 48.9000015258789 54.9000015258789 60.5999984741211 67.5 73.4000015258789 80.5 86.6999969482422 92.5 98.1999969482422 102.599998474121 107.699996948242 112 115.800003051758 119.699996948242 122.599998474121 125.800003051758 126.400001525879 127.800003051758 130.199996948242 133.300003051758 135.300003051758 135.600006103516 135.5 135.899993896484 136.399993896484 137.399993896484 136.699996948242 136.5 135.199996948242 135.699996948242 134.199996948242 128.699996948242 122.699996948242 117.900001525879 112.400001525879 106.400001525879
13.3000001907349 15.3000001907349 16.2999992370605 17.8999996185303 20.2000007629395 21.7999992370605 24.3999996185303 26.8999996185303 30.2999992370605 31 32.5 34.2000007629395 35.2000007629395 32.5999984741211 32.5 33.7000007629395 36.5999984741211 39.7000007629395 44.5999984741211 49.7999992370605 55.2000007629395 61.2999992370605 68.4000015258789 75.8000030517578 82.5 88.3000030517578 94.1999969482422 98.9000015258789 104.599998474121 109 113.599998474121 118.199996948242 121.5 125.199996948242 128 129.600006103516 131.199996948242 134.399993896484 137 138.699996948242 139 139.100006103516 139.199996948242 139.300003051758 141.399993896484 141.800003051758 140.600006103516 139.899993896484 141 137.800003051758 131.100006103516 123.400001525879 119 112 106.599998474121
14.3999996185303 16.1000003814697 17.2999992370605 19.1000003814697 21.3999996185303 22.7000007629395 24.1000003814697 26.8999996185303 30 31.7000007629395 33.2000007629395 34.7000007629395 36.2000007629395 33.4000015258789 34.2000007629395 36.2999992370605 38.5999984741211 43.0999984741211 47.0999984741211 51.0999984741211 57.0999984741211 63.4000015258789 70 76.5999984741211 83 88.6999969482422 94.8000030517578 100.199996948242 104.699996948242 109.5 114.300003051758 118.900001525879 123.5 127.900001525879 130.199996948242 130 132.699996948242 136.300003051758 140.800003051758 143.100006103516 142.899993896484 143.300003051758 143.199996948242 143.300003051758 143.800003051758 143.5 143.199996948242 143.600006103516 142.800003051758 140.899993896484 132.5 123.5 117.300003051758 111.099998474121 105.800003051758
15.1000003814697 15.6000003814697 17.8999996185303 20 22.5 23.8999996185303 25 27.1000003814697 29 30.8999996185303 33.2999992370605 35 36 34.2999992370605 35.9000015258789 38.7000007629395 42.4000015258789 45.0999984741211 49.4000015258789 53.9000015258789 59.2000007629395 64.4000015258789 70.5 76.9000015258789 82.6999969482422 88.8000030517578 94 99.3000030517578 105.900001525879 111.199996948242 115.800003051758 120.5 124.900001525879 129.300003051758 132.199996948242 134 136.699996948242 139.300003051758 143.399993896484 146.600006103516 147.300003051758 148.600006103516 148.699996948242 148.399993896484 147.800003051758 147.800003051758 147.100006103516 145.899993896484 143.899993896484 139.100006103516 132.100006103516 123.400001525879 115.099998474121 108.400001525879 104.5
16.8999996185303 18.2000007629395 20 21.3999996185303 22.8999996185303 24.7999992370605 25.3999996185303 27 28.7999992370605 31 32.9000015258789 34.5 35.5999984741211 37.4000015258789 38.7000007629395 41.0999984741211 44 47.4000015258789 51.5 55.7999992370605 61.2999992370605 66.5999984741211 72.1999969482422 77.9000015258789 83.5 89 94.8000030517578 100.199996948242 105.400001525879 111.400001525879 116.699996948242 122.599998474121 127.800003051758 130.699996948242 133.5 137.100006103516 140.199996948242 142.899993896484 146 149.699996948242 152.5 153.899993896484 153.899993896484 154 153.600006103516 152.800003051758 151.399993896484 149.399993896484 146.300003051758 140.699996948242 132.5 124 114.599998474121 107.5 105.599998474121
19 20.3999996185303 21.8999996185303 22.7000007629395 23.3999996185303 24.8999996185303 26.5 27.5 28.7999992370605 30.3999996185303 32.2999992370605 33.5 36.2000007629395 38.9000015258789 41.7000007629395 44.4000015258789 47.7999992370605 50.4000015258789 54.0999984741211 58.7999992370605 63.7999992370605 69 74.0999984741211 79 84.1999969482422 89.1999969482422 94.3000030517578 100.599998474121 106 111.800003051758 118.800003051758 124.800003051758 129.399993896484 132.899993896484 135.600006103516 138.300003051758 142.199996948242 146.100006103516 150 153.5 157.100006103516 158.800003051758 158.300003051758 158.399993896484 157.600006103516 157.100006103516 156.199996948242 153 149.399993896484 144.399993896484 135.699996948242 127 118.5 107.900001525879 106.5
21.3999996185303 22.1000003814697 23.2000007629395 24 24.8999996185303 26 26.7999992370605 27.7999992370605 28.2999992370605 29.2999992370605 32.7000007629395 35.0999984741211 37.7999992370605 41.2999992370605 45.5999984741211 49.2999992370605 52.2000007629395 54.5 57.5999984741211 61.5 66.3000030517578 70.9000015258789 76.5999984741211 80.9000015258789 84.3000030517578 88.6999969482422 93.3000030517578 99.0999984741211 105.599998474121 111.099998474121 117.300003051758 123.800003051758 129.300003051758 133.5 137.5 140.600006103516 144.800003051758 150.5 154 159.600006103516 161.600006103516 163.800003051758 164.199996948242 163 161.100006103516 160.800003051758 159.5 157.399993896484 155.399993896484 150.300003051758 142 135.300003051758 126.800003051758 115.099998474121 113.599998474121
24.7000007629395 24.8999996185303 24.5 25.7999992370605 26.6000003814697 26.7999992370605 27.2000007629395 28.1000003814697 28.2999992370605 28.5 31.2999992370605 35.2999992370605 39.7000007629395 43.9000015258789 49.5 54.5 57.0999984741211 58.7000007629395 59.0999984741211 61.0999984741211 66.5 72.9000015258789 78.9000015258789 82.5 84.5 87.8000030517578 92 97.8000030517578 104.300003051758 109.300003051758 114.5 121 129.300003051758 134.100006103516 139.899993896484 143.899993896484 149.899993896484 155.5 159.399993896484 164.100006103516 166.399993896484 169.399993896484 169.699996948242 169.600006103516 168 167.300003051758 165.600006103516 163.5 161.5 157.5 152 146.300003051758 138.399993896484 130.699996948242 129.699996948242
