data/layers/future_layer_can_585_60/bio13.asc
NCOLS 494 
NROWS 529 
XLLCORNER -117.166666666667 
YLLCORNER -55.5 
CELLSIZE 0.166666666666667 
NODATA_value -3.4e+38 
[rows 336 to 359 of 529, columns 270 to 323 of 494]
-3.4e+38 -3.4e+38 -3.4e+38 -3.4e+38 -3.4e+38 -3.4e+38 -3.4e+38 -3.4e+38 -3.4e+38 -3.4e+38 0.600000023841858 0 0 0 0.899999976158142 1.29999995231628 2 3.09999990463257 5.80000019073486 7.59999990463257 9.10000038146973 9.5 11.5 14.3999996185303 16.7000007629395 19.3999996185303 28.2000007629395 28.7999992370605 30.7000007629395 32.7999992370605 32.2000007629395 34.9000015258789 36.5999984741211 39.0999984741211 42.4000015258789 44.5 47.2000007629395 47.7999992370605 50.7000007629395 57 59.7000007629395 61.2999992370605 73.5999984741211 114.800003051758 177.600006103516 188.100006103516 189.5 194.399993896484 199.300003051758 207.199996948242 195.899993896484 190.100006103516 184.699996948242 174.399993896484
-3.4e+38 -3.4e+38 -3.4e+38 -3.4e+38 -3.4e+38 -3.4e+38 -3.4e+38 -3.4e+38 -3.4e+38 -3.4e+38 -3.4e+38 0 0 0 0.800000011920929 1 2 2.70000004768372 4.5 6.30000019073486 8.30000019073486 9.10000038146973 10.8000001907349 13.8999996185303 16.2000007629395 19 27.8999996185303 29.6000003814697 31.2999992370605 31.2999992370605 33.5999984741211 34.2000007629395 35.7999992370605 39.5999984741211 41.4000015258789 44.7999992370605 45.7999992370605 47.0999984741211 50.4000015258789 56.5 64.8000030517578 68.0999984741211 130.600006103516 138.899993896484 170.899993896484 174.899993896484 178.899993896484 181.300003051758 189.300003051758 189.899993896484 184.800003051758 179.399993896484 172 165.300003051758
-3.4e+38 -3.4e+38 -3.4e+38 -3.4e+38 -3.4e+38 -3.4e+38 -3.4e+38 -3.4e+38 -3.4e+38 -3.4e+38 -3.4e+38 0 0 0 0.800000011920929 1 1.79999995231628 2.79999995231628 4.30000019073486 6 8.80000019073486 9 10.6000003814697 13.3000001907349 15.3999996185303 20.2000007629395 27.2999992370605 34.0999984741211 31.1000003814697 31 32.9000015258789 35.7999992370605 34.9000015258789 38.7999992370605 40.4000015258789 43.0999984741211 44.5 47 51 60 68.3000030517578 99.3000030517578 176.899993896484 178.800003051758 162.899993896484 170.300003051758 173.600006103516 175.100006103516 180.800003051758 181.5 178.199996948242 172.199996948242 165.600006103516 157.100006103516
-3.4e+38 -3.4e+38 -3.4e+38 -3.4e+38 -3.4e+38 -3.4e+38 -3.4e+38 -3.4e+38 -3.4e+38 -3.4e+38 0.200000002980232 0.100000001490116 0.300000011920929 0.100000001490116 0.699999988079071 1 1.60000002384186 3.20000004768372 4.80000019073486 6.19999980926514 8.60000038146973 8.80000019073486 12.1000003814697 13 15.3000001907349 21.6000003814697 23.3999996185303 27.2999992370605 29.7999992370605 29.6000003814697 29.1000003814697 33.7999992370605 34 39.2999992370605 39.7999992370605 42.0999984741211 44.5999984741211 49.4000015258789 52.9000015258789 62.0999984741211 109.099998474121 155.600006103516 184.800003051758 167.899993896484 144.899993896484 158.100006103516 168.399993896484 172.600006103516 175.800003051758 176.300003051758 172.699996948242 165.300003051758 158.699996948242 151.699996948242
-3.4e+38 -3.4e+38 -3.4e+38 -3.4e+38 -3.4e+38 -3.4e+38 -3.4e+38 -3.4e+38 -3.4e+38 -3.4e+38 0.200000002980232 0.100000001490116 0.300000011920929 0.400000005960464 0.400000005960464 1 1.39999997615814 2.5 4.5 7.90000009536743 8.39999961853027 9.39999961853027 12.6000003814697 13.3000001907349 18 25.2000007629395 24.8999996185303 24.6000003814697 29.7999992370605 30.1000003814697 27.6000003814697 32.2999992370605 33.9000015258789 41.4000015258789 42.9000015258789 41.4000015258789 46.9000015258789 48.2999992370605 55.9000015258789 68.8000030517578 152.100006103516 177.600006103516 184.399993896484 156.300003051758 141.300003051758 154.5 170.899993896484 171 173.800003051758 175.300003051758 168.100006103516 160.300003051758 152.199996948242 144.100006103516
-3.4e+38 -3.4e+38 -3.4e+38 -3.4e+38 -3.4e+38 -3.4e+38 -3.4e+38 -3.4e+38 -3.4e+38 -3.4e+38 0.400000005960464 1.10000002384186 1.10000002384186 1 1 1.29999995231628 1.60000002384186 3.20000004768372 5.69999980926514 8.10000038146973 8.39999961853027 12.6999998092651 11.6000003814697 14.1000003814697 24.7999992370605 20.2999992370605 24.6000003814697 21.6000003814697 27.2999992370605 29.2000007629395 29.6000003814697 31.7000007629395 41.9000015258789 41.9000015258789 42.2999992370605 42.0999984741211 45.5999984741211 48.4000015258789 52.7999992370605 66.5 162.800003051758 200.199996948242 181.199996948242 147.899993896484 139.5 157.600006103516 168.699996948242 166.899993896484 175.899993896484 174.600006103516 166.5 156.800003051758 148.300003051758 139.100006103516
-3.4e+38 -3.4e+38 -3.4e+38 -3.4e+38 -3.4e+38 -3.4e+38 -3.4e+38 -3.4e+38 -3.4e+38 -3.4e+38 0.899999976158142 1.10000002384186 1 1.10000002384186 1.10000002384186 2 1.5 3.29999995231628 6.19999980926514 7.09999990463257 8.80000019073486 14 15.5 18.2999992370605 23.2999992370605 21.2999992370605 19.7999992370605 21.2999992370605 23.1000003814697 29.2999992370605 27.7999992370605 32.5 39.2000007629395 38.7000007629395 42.5999984741211 46.2999992370605 48.7999992370605 49.2000007629395 53.4000015258789 66.3000030517578 143.800003051758 183.699996948242 150.399993896484 136.800003051758 137.600006103516 158.399993896484 163.300003051758 163.399993896484 178.899993896484 171.600006103516 159.899993896484 152 143.399993896484 135.100006103516
-3.4e+38 -3.4e+38 -3.4e+38 -3.4e+38 -3.4e+38 -3.4e+38 -3.4e+38 -3.4e+38 -3.4e+38 -3.4e+38 1.29999995231628 1 1 1.60000002384186 1.79999995231628 2.29999995231628 1.39999997615814 4.30000019073486 5.59999990463257 6.80000019073486 9.60000038146973 15.8999996185303 19.7000007629395 17.8999996185303 21.2000007629395 18.1000003814697 20.6000003814697 23.2999992370605 23.6000003814697 27.8999996185303 27.2999992370605 32.7999992370605 32.9000015258789 35.2999992370605 43.9000015258789 47.0999984741211 50 51.2999992370605 55.5 87.3000030517578 163.100006103516 164.600006103516 125.800003051758 119.400001525879 139.300003051758 160.399993896484 158.800003051758 156.899993896484 171.399993896484 165.300003051758 155 145.899993896484 137.399993896484 131.5
-3.4e+38 -3.4e+38 -3.4e+38 -3.4e+38 -3.4e+38 -3.4e+38 -3.4e+38 -3.4e+38 -3.4e+38 -3.4e+38 1.29999995231628 1.10000002384186 1 1 1.60000002384186 1.60000002384186 1.89999997615814 4.59999990463257 7.19999980926514 6.5 10.8999996185303 19.7999992370605 17.7000007629395 17.3999996185303 19.2000007629395 20.3999996185303 24.7999992370605 21.8999996185303 23.6000003814697 27.8999996185303 28.6000003814697 30 32.5999984741211 36.2000007629395 47.7999992370605 45.7999992370605 48.4000015258789 52.4000015258789 68.3000030517578 130.5 180.100006103516 168.800003051758 128.399993896484 133.399993896484 155.399993896484 149.199996948242 147.600006103516 149.899993896484 150.300003051758 150.600006103516 145.100006103516 137.100006103516 132.800003051758 130
-3.4e+38 -3.4e+38 -3.4e+38 -3.4e+38 -3.4e+38 -3.4e+38 -3.4e+38 -3.4e+38 -3.4e+38 -3.4e+38 2.29999995231628 1.20000004768372 1 1.29999995231628 1 1.79999995231628 2.29999995231628 4.40000009536743 8.60000038146973 8.89999961853027 11.8000001907349 15.8000001907349 18.1000003814697 17.2999992370605 18.2999992370605 19 23.1000003814697 22.1000003814697 23.2000007629395 28.5 29.1000003814697 34.4000015258789 33.2000007629395 40.4000015258789 47.4000015258789 49.2000007629395 53.5 54.9000015258789 84.4000015258789 155.399993896484 172.699996948242 161.300003051758 145.5 144 156 148.300003051758 140.699996948242 135.800003051758 131.5 135.100006103516 134.300003051758 131.800003051758 130.399993896484 127.400001525879
-3.4e+38 -3.4e+38 -3.4e+38 -3.4e+38 -3.4e+38 -3.4e+38 -3.4e+38 -3.4e+38 -3.4e+38 -3.4e+38 3.79999995231628 1.79999995231628 1.89999997615814 2.20000004768372 1.5 1.89999997615814 3.09999990463257 8.19999980926514 9.80000019073486 9.39999961853027 11.3999996185303 14.6999998092651 20.2999992370605 18.2999992370605 17.6000003814697 21.6000003814697 20.2000007629395 21.6000003814697 22.6000003814697 26.7000007629395 28.1000003814697 35.9000015258789 34.5 44.7999992370605 42.5999984741211 48.2999992370605 51.2999992370605 53.9000015258789 76.9000015258789 134.899993896484 154.600006103516 144.600006103516 146.600006103516 147.600006103516 149 140.399993896484 133.100006103516 124.199996948242 116.099998474121 121.800003051758 125.199996948242 126.400001525879 125 122.699996948242
-3.4e+38 -3.4e+38 -3.4e+38 -3.4e+38 -3.4e+38 -3.4e+38 -3.4e+38 -3.4e+38 -3.4e+38 -3.4e+38 -3.4e+38 2 2 2.90000009536743 2.09999990463257 1.70000004768372 3.20000004768372 8.80000019073486 10.8000001907349 9.69999980926514 10.8999996185303 18.2000007629395 19.7999992370605 19.3999996185303 17.6000003814697 24.2000007629395 23.2999992370605 26 24.3999996185303 28.2999992370605 29.1000003814697 32.0999984741211 35.0999984741211 43.4000015258789 42.0999984741211 47.5 47.7000007629395 52.2999992370605 70.4000015258789 108.199996948242 139.800003051758 140.100006103516 140.600006103516 147.800003051758 149.899993896484 137.600006103516 131.600006103516 123.900001525879 115.599998474121 120.300003051758 120.800003051758 121.900001525879 121.900001525879 119.900001525879
-3.4e+38 -3.4e+38 -3.4e+38 -3.4e+38 -3.4e+38 -3.4e+38 -3.4e+38 -3.4e+38 -3.4e+38 -3.4e+38 -3.4e+38 1.60000002384186 2.09999990463257 2.90000009536743 2.79999995231628 2 2.79999995231628 5.5 10.1999998092651 11.8999996185303 11.8000001907349 17.7999992370605 18.2999992370605 21 21.5 24.2999992370605 25.2999992370605 24.7000007629395 23.7999992370605 29.2999992370605 28.6000003814697 30.8999996185303 38 41.0999984741211 42.0999984741211 43.9000015258789 44.9000015258789 52.4000015258789 68 109.400001525879 122.900001525879 109.900001525879 132.100006103516 158.199996948242 148 142.399993896484 141.300003051758 129.699996948242 120.400001525879 121.5 122.099998474121 122.599998474121 120.400001525879 118.699996948242
-3.4e+38 -3.4e+38 -3.4e+38 -3.4e+38 -3.4e+38 -3.4e+38 -3.4e+38 -3.4e+38 -3.4e+38 4.09999990463257 1.39999997615814 1.79999995231628 2 2.40000009536743 2.40000009536743 2 3.29999995231628 6.09999990463257 11.3000001907349 10.3999996185303 13.6999998092651 17.1000003814697 15 19 22.2999992370605 31.6000003814697 25.1000003814697 20.1000003814697 30.2999992370605 30.6000003814697 32.9000015258789 33.5999984741211 37.7000007629395 39 38.2999992370605 41.0999984741211 42.2000007629395 47.7000007629395 60.7999992370605 90.6999969482422 87.8000030517578 93.3000030517578 126.599998474121 162 154.199996948242 150.199996948242 148.800003051758 132.600006103516 126.300003051758 123.699996948242 122.800003051758 122.300003051758 120.5 118.5
-3.4e+38 -3.4e+38 -3.4e+38 -3.4e+38 -3.4e+38 -3.4e+38 -3.4e+38 -3.4e+38 -3.4e+38 2.09999990463257 1.29999995231628 1.79999995231628 2 2.40000009536743 2.70000004768372 2 2.90000009536743 5.80000019073486 11.6999998092651 10.6000003814697 14.3000001907349 14.6000003814697 18.1000003814697 19.1000003814697 18.2000007629395 21.6000003814697 17.7999992370605 26.7999992370605 29.7000007629395 31.6000003814697 36 37.7999992370605 38.0999984741211 42.9000015258789 39.4000015258789 36.5999984741211 41.2000007629395 46.0999984741211 59.7999992370605 60.7999992370605 76.3000030517578 104.5 138.100006103516 157.300003051758 155.5 151.899993896484 147.199996948242 140.100006103516 131.899993896484 127.699996948242 124.900001525879 123.099998474121 120.5 118.099998474121
-3.4e+38 -3.4e+38 -3.4e+38 -3.4e+38 -3.4e+38 -3.4e+38 -3.4e+38 -3.4e+38 -3.4e+38 2.40000009536743 1.89999997615814 1.89999997615814 2 2.29999995231628 3 2.20000004768372 3.29999995231628 6.90000009536743 11.1000003814697 12.3000001907349 14.3000001907349 17.1000003814697 19 18.8999996185303 17.6000003814697 17.1000003814697 19.5 25.7999992370605 23.6000003814697 30.1000003814697 38.0999984741211 42.0999984741211 39.7000007629395 44.7999992370605 42.2999992370605 40.7000007629395 45.2999992370605 49 52.2999992370605 60.4000015258789 78.3000030517578 111.900001525879 137.800003051758 143.399993896484 155.600006103516 152.5 149.899993896484 145.100006103516 139.800003051758 133.899993896484 128.199996948242 124.699996948242 121.099998474121 118
-3.4e+38 -3.4e+38 -3.4e+38 -3.4e+38 -3.4e+38 -3.4e+38 -3.4e+38 -3.4e+38 -3.4e+38 3.29999995231628 2 2 2 2.5 3 2.40000009536743 3.90000009536743 8.10000038146973 9.89999961853027 14.8000001907349 15.8999996185303 19.2999992370605 21.2999992370605 21.7999992370605 19.8999996185303 19.2000007629395 25.3999996185303 23.3999996185303 22.7999992370605 30.7000007629395 37.0999984741211 40.7999992370605 42 45.2999992370605 44.5 48 51.0999984741211 51.7000007629395 52.5999984741211 75 104 117.199996948242 131.600006103516 130.300003051758 154.600006103516 158.300003051758 154.399993896484 149.199996948242 143.899993896484 136.600006103516 130.100006103516 125.599998474121 122.300003051758 118.599998474121
-3.4e+38 -3.4e+38 -3.4e+38 -3.4e+38 -3.4e+38 -3.4e+38 -3.4e+38 -3.4e+38 -3.4e+38 4.09999990463257 2.09999990463257 2 2 3 3.09999990463257 3 4.40000009536743 6.5 7.59999990463257 12.5 17.8999996185303 18.7000007629395 22.3999996185303 26.1000003814697 19.2000007629395 19.7999992370605 24 21.6000003814697 21.3999996185303 27.7999992370605 36.0999984741211 37.7999992370605 39.7999992370605 44.7999992370605 47.5999984741211 51.0999984741211 53 52.5999984741211 55.4000015258789 84.8000030517578 109.400001525879 113.400001525879 131.600006103516 149.399993896484 157.399993896484 160.600006103516 161.699996948242 151.399993896484 143.399993896484 136.899993896484 130.899993896484 126.5 122.400001525879 118.400001525879
-3.4e+38 -3.4e+38 -3.4e+38 -3.4e+38 -3.4e+38 -3.4e+38 -3.4e+38 -3.4e+38 -3.4e+38 3.59999990463257 2.29999995231628 2 2.09999990463257 2.90000009536743 3 3 4.40000009536743 7.80000019073486 9.5 14.1000003814697 18.1000003814697 21.7000007629395 25.1000003814697 24.1000003814697 20.7999992370605 26.3999996185303 24.7000007629395 20.8999996185303 21.1000003814697 27.6000003814697 40.0999984741211 36.5999984741211 37.0999984741211 41.4000015258789 49.5 49.5999984741211 53.5999984741211 56.7999992370605 61.4000015258789 96 125.300003051758 127.699996948242 154.399993896484 162.899993896484 161.399993896484 163.699996948242 164.899993896484 151.300003051758 142 135.800003051758 130.199996948242 125.599998474121 121.300003051758 117.599998474121
-3.4e+38 -3.4e+38 -3.4e+38 -3.4e+38 -3.4e+38 -3.4e+38 -3.4e+38 -3.4e+38 -3.4e+38 3.79999995231628 2 2 2.40000009536743 3 3 5.40000009536743 8.10000038146973 11.6000003814697 11.3999996185303 14.6999998092651 19 24.1000003814697 25.2999992370605 23.1000003814697 24.1000003814697 29.6000003814697 26.2999992370605 24.3999996185303 24.7000007629395 29.3999996185303 42.7999992370605 32.5 35.2999992370605 44.4000015258789 48.4000015258789 47.2999992370605 51.5999984741211 55 67.9000015258789 98.3000030517578 150.300003051758 161.100006103516 176.100006103516 172.5 158.600006103516 153.600006103516 152.800003051758 144.800003051758 138.899993896484 134.199996948242 129.600006103516 125.099998474121 122.099998474121 117.800003051758
-3.4e+38 -3.4e+38 -3.4e+38 -3.4e+38 -3.4e+38 -3.4e+38 -3.4e+38 -3.4e+38 -3.4e+38 2.79999995231628 2 2.09999990463257 2.90000009536743 3 2.90000009536743 5.19999980926514 8 13.8999996185303 13 16.6000003814697 19.6000003814697 22.7999992370605 25.5 26.5 29.7000007629395 28.3999996185303 29 31.2999992370605 30.5 32 35.4000015258789 35.5999984741211 38.4000015258789 50.0999984741211 41.9000015258789 47.2999992370605 50.5999984741211 61.4000015258789 69.4000015258789 117.300003051758 196.100006103516 196 199.199996948242 179.699996948242 151.800003051758 145.800003051758 144.600006103516 137.600006103516 134.800003051758 131.699996948242 128.899993896484 124.099998474121 121.300003051758 118.099998474121
-3.4e+38 -3.4e+38 -3.4e+38 -3.4e+38 -3.4e+38 -3.4e+38 -3.4e+38 -3.4e+38 13.1000003814697 3.40000009536743 2.40000009536743 2.90000009536743 2.59999990463257 3.29999995231628 3 5 7.90000009536743 12.8000001907349 13.1000003814697 18.2999992370605 20.6000003814697 23 24.2999992370605 26.3999996185303 25.8999996185303 29.1000003814697 26.8999996185303 32.7999992370605 35.5999984741211 37.5 39.0999984741211 40.2999992370605 42.7999992370605 46.7000007629395 41.4000015258789 48.4000015258789 55.5999984741211 67.0999984741211 82.9000015258789 152.300003051758 187.600006103516 195.899993896484 202.800003051758 178.699996948242 147.600006103516 134.899993896484 135.199996948242 131.399993896484 131.399993896484 130.300003051758 127.5 123.099998474121 120.599998474121 117.900001525879
-3.4e+38 -3.4e+38 -3.4e+38 -3.4e+38 -3.4e+38 -3.4e+38 -3.4e+38 -3.4e+38 16.5 5 3 3.29999995231628 2.79999995231628 3.29999995231628 3 4.19999980926514 7.90000009536743 13.8000001907349 14.3999996185303 19.1000003814697 27.7000007629395 29.7999992370605 29.3999996185303 27.8999996185303 26.6000003814697 28.1000003814697 24.1000003814697 33 35.9000015258789 38.4000015258789 41.0999984741211 39.2000007629395 42 42.9000015258789 45.5 50.9000015258789 62.7999992370605 76.0999984741211 139.899993896484 166.100006103516 166.199996948242 178.199996948242 180.600006103516 168.399993896484 147.899993896484 131.600006103516 133.399993896484 129.600006103516 128.300003051758 128.699996948242 125.800003051758 122.5 118.599998474121 116.900001525879
-3.4e+38 -3.4e+38 -3.4e+38 -3.4e+38 -3.4e+38 -3.4e+38 -3.4e+38 -3.4e+38 14.1000003814697 6.69999980926514 4.59999990463257 2.5 2.29999995231628 3 3.90000009536743 5.09999990463257 10.8000001907349 15.5 18.1000003814697 20.3999996185303 22.2999992370605 29.6000003814697 27.8999996185303 27.1000003814697 27 31 23.3999996185303 27.2999992370605 33.5 40.7999992370605 40.4000015258789 42.2000007629395 43.5999984741211 48.0999984741211 52.0999984741211 60 71.5999984741211 118.199996948242 146.800003051758 147.399993896484 156.100006103516 164.600006103516 167.300003051758 162.399993896484 148.600006103516 134.100006103516 133.300003051758 129 128.399993896484 126.900001525879 122.900001525879 120.699996948242 118.199996948242 115.900001525879
