data/layers/future_layer_can_585_60/bio18.asc
NCOLS 494 
NROWS 529 
XLLCORNER -117.166666666667 
YLLCORNER -55.5 
CELLSIZE 0.166666666666667 
NODATA_value -3.4e+38 
[rows 360 to 383 of 529, columns 330 to 384 of 494]
331.700012207031 291.100006103516 346.600006103516 349.399993896484 358.100006103516 364.899993896484 373 377.600006103516 387.299987792969 391.5 398 404.899993896484 410.399993896484 416.200012207031 425.799987792969 433.200012207031 445 461.200012207031 479.700012207031 488.799987792969 489.700012207031 478.399993896484 468.299987792969 459.5 451.299987792969 441.399993896484 429.299987792969 409.5 384.600006103516 380 397.299987792969 411.299987792969 424.5 438.399993896484 453.600006103516 472.5 496.5 507.100006103516 488.100006103516 462.600006103516 442.899993896484 433.399993896484 435.5 438 446.100006103516 454.100006103516 464.299987792969 473.799987792969 489.100006103516 498.799987792969 509.299987792969 514.400024414062 523.900024414062 524.700012207031 523.200012207031
338.299987792969 346.200012207031 348.700012207031 353.5 362 369.600006103516 375.299987792969 381.799987792969 388.200012207031 388.299987792969 395.799987792969 402.399993896484 409.200012207031 415.600006103516 421.100006103516 429 439.399993896484 452.600006103516 462.200012207031 467.799987792969 471.299987792969 462.799987792969 455.799987792969 450.399993896484 444.600006103516 440.100006103516 436.100006103516 423.700012207031 402.799987792969 395.299987792969 401.700012207031 411.399993896484 424.600006103516 435.799987792969 449.299987792969 464.899993896484 480 484.600006103516 475.700012207031 460.899993896484 450.5 446.100006103516 448.100006103516 447.600006103516 454.200012207031 463.600006103516 476 482.399993896484 490.600006103516 501.799987792969 506.600006103516 512.700012207031 518.299987792969 518.200012207031 515.200012207031
343.600006103516 349.299987792969 355.399993896484 357.5 366.299987792969 372.299987792969 377.299987792969 381.899993896484 385 387.700012207031 393.700012207031 398.5 404.700012207031 410.299987792969 414.299987792969 419.5 428 436 439.700012207031 438.5 440.200012207031 437.5 435.700012207031 436.100006103516 436.399993896484 440.799987792969 444.600006103516 442.799987792969 424.600006103516 412.399993896484 410.399993896484 416.600006103516 422.899993896484 431.5 443.600006103516 455.299987792969 463.700012207031 465.5 460.5 452.200012207031 448.100006103516 450.899993896484 454.899993896484 462.399993896484 471 476.399993896484 482 487.5 490.899993896484 498.899993896484 502.700012207031 506.399993896484 511.100006103516 511.100006103516 508.299987792969
350 354.600006103516 358.399993896484 362.399993896484 369.399993896484 373.700012207031 377.5 380.399993896484 383.5 386.700012207031 391.100006103516 396.200012207031 399.200012207031 404.5 406.100006103516 410.399993896484 413.600006103516 417.700012207031 414.5 409.299987792969 408.5 406.700012207031 411.200012207031 415.100006103516 423.799987792969 433.299987792969 440.899993896484 444.399993896484 433.200012207031 421.899993896484 417.200012207031 419 422.200012207031 428.299987792969 437.200012207031 443.399993896484 448.899993896484 449.799987792969 448.799987792969 441.799987792969 444.5 456.600006103516 468 477.700012207031 484 489 489.600006103516 491.399993896484 493.200012207031 496.899993896484 499.399993896484 502.700012207031 505.399993896484 507 505
350.200012207031 356.100006103516 361.899993896484 366.299987792969 370.700012207031 373.899993896484 377.899993896484 380 384.5 387.799987792969 389.799987792969 393.600006103516 396.5 398 397.600006103516 397.399993896484 399.100006103516 400.5 388.200012207031 383.799987792969 382.399993896484 377 387.799987792969 398.799987792969 410.200012207031 421.299987792969 430 435.5 431.399993896484 425.200012207031 420.700012207031 420.200012207031 421.700012207031 427.899993896484 430.5 432 435.5 436.200012207031 437.100006103516 439.100006103516 450.5 467.700012207031 482.100006103516 493 496.299987792969 497.700012207031 496.200012207031 495 493.799987792969 494.5 495.299987792969 497.5 501.399993896484 502.399993896484 501.5
357.5 364.600006103516 371.799987792969 375.200012207031 377.100006103516 378.399993896484 379.600006103516 381.799987792969 386.299987792969 388.200012207031 389.399993896484 390.799987792969 391.799987792969 391.100006103516 388.899993896484 386.200012207031 384.5 381.5 369.700012207031 367.5 366.700012207031 364.299987792969 374.399993896484 387.299987792969 400.700012207031 411.5 420.399993896484 426.100006103516 426.700012207031 423.799987792969 422.200012207031 421.399993896484 423.600006103516 425.600006103516 423 422.899993896484 422 425.100006103516 432 447 462.399993896484 480.5 499.100006103516 508.100006103516 506.399993896484 501.299987792969 498.200012207031 496.600006103516 490.899993896484 490.100006103516 489.5 491.600006103516 496 498.200012207031 499.799987792969
371.200012207031 374.600006103516 377.799987792969 379.399993896484 377.399993896484 380.399993896484 382.399993896484 385.200012207031 388.100006103516 390.100006103516 388.299987792969 388 386.799987792969 385.799987792969 382.700012207031 379.5 377.5 369.700012207031 356.100006103516 357.600006103516 357.899993896484 360.899993896484 370.200012207031 378.700012207031 391.700012207031 404 412.799987792969 417.299987792969 422 423.200012207031 423.299987792969 424.799987792969 425.700012207031 424.700012207031 420.700012207031 414.299987792969 411 415 430.299987792969 448.299987792969 468 490.700012207031 511.200012207031 521.900024414062 515.200012207031 507 499.899993896484 495.399993896484 489.799987792969 487.799987792969 484.799987792969 485.100006103516 490.100006103516 494.100006103516 499.200012207031
379.100006103516 382.700012207031 382.399993896484 383.399993896484 383.100006103516 384.100006103516 387.200012207031 388.700012207031 389.299987792969 389.700012207031 387.899993896484 385.899993896484 384.600006103516 381.600006103516 379.700012207031 378.899993896484 373.700012207031 361.899993896484 352.899993896484 354.100006103516 357.200012207031 360.200012207031 365.700012207031 375.600006103516 386.700012207031 395.700012207031 405.899993896484 413.600006103516 422 426.299987792969 429.700012207031 429.600006103516 427.799987792969 424.299987792969 419.299987792969 411.5 408.100006103516 415.5 432.399993896484 451.600006103516 469.100006103516 490.399993896484 507.200012207031 514.099975585938 511.799987792969 505.600006103516 501.100006103516 496.200012207031 490.399993896484 485 480.299987792969 478.899993896484 485.100006103516 493.899993896484 501.399993896484
387.299987792969 389.100006103516 390.600006103516 391.299987792969 389.600006103516 390.799987792969 391.600006103516 391.600006103516 391.299987792969 389 387.100006103516 384.200012207031 381.700012207031 382.299987792969 380.600006103516 379.200012207031 372 362.299987792969 359.399993896484 359 358.899993896484 360.399993896484 365.5 372.600006103516 383.399993896484 395.299987792969 408.299987792969 422.799987792969 427.299987792969 430.799987792969 434.399993896484 436 432.799987792969 430.399993896484 423.799987792969 418.899993896484 416.899993896484 424.600006103516 435.5 452.100006103516 468.399993896484 484.899993896484 497.799987792969 506.899993896484 507.200012207031 503.200012207031 500.799987792969 495.299987792969 490 484.100006103516 480.799987792969 482.200012207031 488.5 495.5 502.100006103516
397.299987792969 399.600006103516 398.799987792969 395 394.700012207031 394.799987792969 394.299987792969 392.5 391.299987792969 390.100006103516 387.200012207031 383.100006103516 380.700012207031 382.5 384.200012207031 380.5 371.700012207031 367.100006103516 368.200012207031 364.600006103516 363.299987792969 365.600006103516 370.700012207031 377.299987792969 386.700012207031 397.600006103516 408.5 423.100006103516 430.700012207031 436.299987792969 440.399993896484 441.899993896484 440 436.899993896484 432.399993896484 428.5 429.600006103516 432.399993896484 443 457.399993896484 469.100006103516 483.399993896484 492.299987792969 497.899993896484 499.399993896484 500.200012207031 496.600006103516 493.399993896484 490.299987792969 486.700012207031 484.299987792969 486.600006103516 492.5 497.5 503.299987792969
404.399993896484 407 406.399993896484 403.399993896484 401.700012207031 401.700012207031 399.5 396.299987792969 392.299987792969 389.399993896484 386.299987792969 383.5 381.299987792969 384.299987792969 384.799987792969 380.899993896484 373 375.600006103516 375.399993896484 370.899993896484 371 369.799987792969 375.200012207031 380.399993896484 384.799987792969 399.799987792969 414.399993896484 425.899993896484 436.799987792969 445 450.899993896484 451.200012207031 449.600006103516 446.399993896484 442.100006103516 442.200012207031 442.200012207031 444.799987792969 450.299987792969 459.299987792969 472.399993896484 480.700012207031 488.899993896484 493.600006103516 495.100006103516 494.700012207031 494.799987792969 491.899993896484 489.600006103516 488.200012207031 488.100006103516 490.399993896484 496.399993896484 500.399993896484 509.899993896484
413 414.700012207031 413.200012207031 410.100006103516 409.399993896484 407.100006103516 404.600006103516 399.5 395.399993896484 389.600006103516 386.200012207031 382.799987792969 382 385 384.899993896484 376.600006103516 375 379.600006103516 378.200012207031 376.700012207031 377.799987792969 380.399993896484 385.299987792969 389.799987792969 396.100006103516 408.600006103516 425.299987792969 437.700012207031 450.299987792969 459.299987792969 462.399993896484 462.299987792969 460.600006103516 456.100006103516 454.600006103516 451.700012207031 449.299987792969 453.700012207031 459 464 469.399993896484 476.100006103516 482.100006103516 488.5 488.299987792969 489.600006103516 488.100006103516 488.299987792969 488.5 488.399993896484 491.399993896484 493.700012207031 499.700012207031 501.700012207031 510.899993896484
424.100006103516 424.399993896484 424.799987792969 419.600006103516 415.899993896484 412.899993896484 408.399993896484 402.399993896484 397 392.100006103516 386.200012207031 383.200012207031 383.299987792969 382.399993896484 381 375.100006103516 376.600006103516 380.700012207031 381.100006103516 382.899993896484 384.299987792969 390.299987792969 396.799987792969 404 410.200012207031 423.200012207031 440.299987792969 453.399993896484 464.799987792969 474.700012207031 479.299987792969 478.399993896484 472.700012207031 467.200012207031 464 460.200012207031 460.100006103516 458.899993896484 461.799987792969 465.399993896484 471.399993896484 474.899993896484 477.799987792969 484.399993896484 483.100006103516 481.600006103516 484.700012207031 484.5 484.100006103516 488.100006103516 491.700012207031 492.100006103516 497.799987792969 500.700012207031 513.200012207031
434.700012207031 435.399993896484 434.600006103516 428.299987792969 423 417 409.700012207031 404.5 398.5 393.5 389.100006103516 384.5 383.899993896484 383.100006103516 377.799987792969 374.299987792969 377.899993896484 381.399993896484 385.299987792969 388.600006103516 392.600006103516 401.700012207031 409.5 418 427.399993896484 439 454.700012207031 469.100006103516 482.700012207031 493.799987792969 496 491 485.100006103516 482.100006103516 474.799987792969 472 469.700012207031 465.399993896484 465.200012207031 465.799987792969 467.299987792969 470 472.799987792969 475 475.5 476.600006103516 476.899993896484 478.700012207031 480.899993896484 483.5 487.799987792969 490.299987792969 488.600006103516 496.100006103516 513.200012207031
443.100006103516 446.5 443.200012207031 436.299987792969 429.200012207031 421.700012207031 414.700012207031 407.100006103516 400.899993896484 396.600006103516 391.600006103516 389.799987792969 388.200012207031 381 375 373.600006103516 378.899993896484 383.899993896484 388.600006103516 393.100006103516 401.600006103516 413.600006103516 421.799987792969 433.100006103516 446.200012207031 459 472.200012207031 485.399993896484 497.200012207031 506.100006103516 511.299987792969 508 500.700012207031 493.5 485.799987792969 482.100006103516 474.100006103516 470.5 469 469 470 468.899993896484 467.100006103516 469.299987792969 472 471.200012207031 471.299987792969 473.299987792969 475.200012207031 475.899993896484 480 481.700012207031 484.299987792969 485.899993896484 494.299987792969
447.600006103516 451.600006103516 445.399993896484 437.899993896484 431.600006103516 424.200012207031 417.600006103516 409.200012207031 402 399.600006103516 395.100006103516 394 388.700012207031 383.899993896484 376.200012207031 374.399993896484 379.700012207031 385.600006103516 393.299987792969 402.100006103516 412.200012207031 422.299987792969 433.600006103516 445.399993896484 459.799987792969 475.5 489.399993896484 501.5 509.299987792969 512.400024414062 514.200012207031 512.799987792969 506.299987792969 499.200012207031 493.399993896484 485.399993896484 479.700012207031 475.200012207031 468.700012207031 466.5 467.100006103516 464.899993896484 464.600006103516 464.600006103516 467.700012207031 469.600006103516 470.600006103516 470.899993896484 469.5 471.399993896484 473.100006103516 475.899993896484 479.5 481.299987792969 484.200012207031
446.5 447.700012207031 443.899993896484 437.799987792969 430.600006103516 423.899993896484 419.399993896484 411.299987792969 405.200012207031 403.5 398.200012207031 394.200012207031 390.299987792969 386.299987792969 380.899993896484 378.200012207031 382.700012207031 390.799987792969 396.899993896484 409.100006103516 421.600006103516 430.299987792969 442.399993896484 459.399993896484 471.399993896484 489.5 506 512.900024414062 516.400024414062 519.200012207031 513.599975585938 512.599975585938 511.5 503.600006103516 497.200012207031 491.200012207031 484.799987792969 476.100006103516 469 463.299987792969 461.799987792969 464.5 462.299987792969 462.899993896484 465.200012207031 465 465.899993896484 467.899993896484 467.399993896484 465.200012207031 467.299987792969 470.299987792969 471.399993896484 472.200012207031 474.299987792969
443.5 443.799987792969 440.600006103516 435.100006103516 430.200012207031 425.600006103516 419.100006103516 414.100006103516 408.299987792969 405.5 402 397.200012207031 394.200012207031 387.700012207031 385.600006103516 386.200012207031 391.100006103516 398.200012207031 405.399993896484 415.399993896484 426.100006103516 436.100006103516 450.200012207031 465.299987792969 481.799987792969 498.200012207031 514.099975585938 520 521.299987792969 518.5 518.799987792969 519 514.599975585938 505.399993896484 500.200012207031 492.299987792969 486.100006103516 476.399993896484 466.799987792969 459 458.700012207031 461.299987792969 461.399993896484 460.5 462.100006103516 461.799987792969 463.299987792969 461.399993896484 462.100006103516 465.100006103516 466.899993896484 467.299987792969 463.299987792969 464.299987792969 463.200012207031
439.200012207031 438 435.299987792969 433.5 430.799987792969 426 420.200012207031 413.899993896484 410.600006103516 407.799987792969 404.600006103516 400.399993896484 397.100006103516 392.100006103516 392.100006103516 393.5 398.5 405 413.700012207031 421.799987792969 432.399993896484 443.100006103516 456 469.200012207031 483.899993896484 498.5 510 519.900024414062 523.200012207031 520.099975585938 519 515.900024414062 512.900024414062 507.799987792969 498.399993896484 489.799987792969 483.799987792969 475.899993896484 464.5 458.399993896484 459.299987792969 458.700012207031 458.899993896484 458.100006103516 458 460.5 460.600006103516 459.899993896484 461.600006103516 463.799987792969 463.5 461.100006103516 459.799987792969 455.100006103516 455.299987792969
431.399993896484 431.799987792969 431.299987792969 432.100006103516 430.299987792969 425.899993896484 421 414.600006103516 410.700012207031 407.600006103516 404 401.799987792969 400.700012207031 397.399993896484 397.799987792969 402.200012207031 408 412.200012207031 417.899993896484 426.799987792969 437.700012207031 447.700012207031 459.700012207031 471.799987792969 484.399993896484 493.700012207031 507.100006103516 517 519.799987792969 517.5 514.5 512.299987792969 511.5 507.799987792969 497.899993896484 487.899993896484 480.899993896484 475.899993896484 467.600006103516 463.200012207031 458.700012207031 458.600006103516 460.299987792969 460.399993896484 458.100006103516 457.700012207031 457.600006103516 458.100006103516 457.100006103516 458.799987792969 459.899993896484 457.899993896484 456.100006103516 450.399993896484 448.899993896484
423.899993896484 425.200012207031 427.700012207031 428.700012207031 427.200012207031 424.5 418.899993896484 412.899993896484 409.600006103516 409.299987792969 404.700012207031 403.899993896484 402.700012207031 401.299987792969 403.299987792969 410.799987792969 414.200012207031 416.200012207031 422.200012207031 430.100006103516 440.399993896484 450.200012207031 460 472.299987792969 484.899993896484 492.700012207031 499.200012207031 509.600006103516 513.700012207031 511.899993896484 509.399993896484 506 503.899993896484 498.899993896484 493.299987792969 485.799987792969 476.899993896484 476.899993896484 479.200012207031 480.100006103516 472.5 468 465.600006103516 460.799987792969 456 456.100006103516 456.200012207031 455.100006103516 458.399993896484 455.399993896484 451.399993896484 452.399993896484 450.5 446.399993896484 445
414.899993896484 418 422.200012207031 424.799987792969 422.200012207031 420.700012207031 417.100006103516 411.399993896484 408.600006103516 406 404.100006103516 405.200012207031 404.399993896484 404.399993896484 409.600006103516 414.799987792969 416.399993896484 420.600006103516 425.5 432.899993896484 441.399993896484 451.5 459.399993896484 471 479.899993896484 484.399993896484 490.899993896484 502.399993896484 503.5 502 500.299987792969 498.200012207031 494.100006103516 488.299987792969 484.799987792969 481.600006103516 478.600006103516 482 492 502.200012207031 500 482.899993896484 469.600006103516 462.299987792969 456.799987792969 456.899993896484 454.700012207031 452.799987792969 453.200012207031 451.600006103516 448.200012207031 445.5 444.399993896484 442.200012207031 438.100006103516
405.5 409.299987792969 417.399993896484 422.700012207031 420.200012207031 416.600006103516 412.299987792969 408.200012207031 406.700012207031 404.700012207031 403.899993896484 405.399993896484 405.700012207031 405.799987792969 412.200012207031 414.399993896484 418.799987792969 422.700012207031 426.5 433.600006103516 440.100006103516 447.799987792969 458.600006103516 468.899993896484 475.100006103516 479.399993896484 488.799987792969 493.5 493.799987792969 492.5 489.700012207031 487.799987792969 483.299987792969 478.100006103516 472.799987792969 470.600006103516 473.5 480.299987792969 483.600006103516 497.600006103516 501.899993896484 487.100006103516 471.899993896484 461.5 454.799987792969 451 451.600006103516 451.100006103516 448.799987792969 448 447.100006103516 444 440.5 439.200012207031 437.200012207031
395 401.100006103516 410.299987792969 417.899993896484 419.299987792969 413.899993896484 409.399993896484 404.899993896484 402.899993896484 402.600006103516 404.399993896484 404.899993896484 405.299987792969 412.100006103516 414.600006103516 416.200012207031 420.399993896484 423.399993896484 426.600006103516 431.5 438.5 446 453.799987792969 461.5 470.399993896484 473.700012207031 482.299987792969 486.299987792969 484.5 483 480.899993896484 477.799987792969 472.100006103516 466.399993896484 461.700012207031 461.600006103516 462.600006103516 461.600006103516 466.100006103516 477.700012207031 481.100006103516 476.100006103516 468 460.100006103516 451.299987792969 447.399993896484 444.799987792969 442.899993896484 441.799987792969 442.399993896484 441.700012207031 441.600006103516 439.399993896484 437.899993896484 438.200012207031
