data/layers/future_layer_can_585_60/bio15.asc
NCOLS 494 
NROWS 529 
XLLCORNER -117.166666666667 
YLLCORNER -55.5 
CELLSIZE 0.166666666666667 
NODATA_value -3.4e+38 
[rows 0 to 24 of 529, columns 165 to 219 of 494]
18.7999992370605 18.6000003814697 18.7999992370605 19.3999996185303 20.7000007629395 21.8999996185303 22.5 21.7000007629395 21.2000007629395 20.2000007629395 19.5 19.7000007629395 20.2999992370605 20.5 20.5 20.1000003814697 20.3999996185303 20.7000007629395 21.2000007629395 21.7000007629395 22.2000007629395 22.2999992370605 22.5 22.5 22.7000007629395 22.7000007629395 22.5 22.8999996185303 23 22.2000007629395 21.5 21.3999996185303 21.7999992370605 22.3999996185303 22 21.5 20.8999996185303 20.6000003814697 20.8999996185303 21 21.6000003814697 22.5 23.7000007629395 24.8999996185303 25.2000007629395 25.1000003814697 26 27.1000003814697 28.7000007629395 30.7999992370605 32.4000015258789 33.0999984741211 33.5999984741211 34.0999984741211 34.7000007629395
17.3999996185303 17.3999996185303 18.1000003814697 18.8999996185303 19.7999992370605 20.5 20.7999992370605 20.7999992370605 20.7000007629395 20.2999992370605 19.8999996185303 20.5 21.5 21.6000003814697 21.2000007629395 21.1000003814697 21.1000003814697 21.2000007629395 21.3999996185303 21.7000007629395 22 21.7999992370605 21.8999996185303 21.7999992370605 21.8999996185303 22.1000003814697 22.2999992370605 22.7999992370605 23.2000007629395 23 22.5 22.2999992370605 22.8999996185303 23.5 23.3999996185303 22.3999996185303 21.2999992370605 20.7999992370605 21 21.3999996185303 22.1000003814697 23.2000007629395 24.2000007629395 25.1000003814697 25.3999996185303 25.7000007629395 26.7999992370605 28.1000003814697 30 31.8999996185303 33.5 34.5999984741211 35.2999992370605 36.0999984741211 36.4000015258789
16.6000003814697 16.7000007629395 17.7000007629395 18.7999992370605 19.5 19.7999992370605 19.7000007629395 19.7000007629395 20 20.2000007629395 20.5 21 21.7000007629395 21.7999992370605 21.6000003814697 21.3999996185303 21.3999996185303 21.5 21.7999992370605 21.7000007629395 21.3999996185303 21.2000007629395 20.8999996185303 20.8999996185303 21.2000007629395 21.6000003814697 21.8999996185303 22.2999992370605 23.2000007629395 23.7999992370605 23.6000003814697 23.7000007629395 24.2000007629395 24.6000003814697 24.2999992370605 23.3999996185303 22.2000007629395 21.5 21.8999996185303 22.1000003814697 22.7000007629395 23.7000007629395 24.7999992370605 25.7000007629395 25.8999996185303 26.2999992370605 27.3999996185303 29.2000007629395 31.3999996185303 33.5 35.2000007629395 36.4000015258789 36.7999992370605 37.5 -3.4e+38
16.3999996185303 16.7999992370605 17.6000003814697 18.7000007629395 19.5 20.2999992370605 19.2000007629395 18.7000007629395 19.5 20.1000003814697 20.7000007629395 21.2999992370605 21.7999992370605 22.1000003814697 22 21.7999992370605 21.7000007629395 21.7999992370605 21.7999992370605 21.3999996185303 21.1000003814697 20.8999996185303 20.7000007629395 20.5 21 21.6000003814697 21.8999996185303 22.2999992370605 23.7000007629395 25 24.8999996185303 25 25.1000003814697 25.1000003814697 25.2000007629395 24.7999992370605 23.7999992370605 23.3999996185303 23.7000007629395 23.7000007629395 24.1000003814697 24.8999996185303 25.8999996185303 26.7000007629395 27 27.1000003814697 27.7999992370605 30.2999992370605 32.9000015258789 34.7999992370605 36.5999984741211 37.4000015258789 -3.4e+38 -3.4e+38 -3.4e+38
16.5 16.3999996185303 16.7000007629395 17.3999996185303 18.2000007629395 18.7999992370605 18.5 18.7000007629395 19.1000003814697 19.7000007629395 20.3999996185303 21.3999996185303 21.6000003814697 21.7000007629395 21.7999992370605 21.7000007629395 21.7000007629395 21.6000003814697 21.2999992370605 21 20.7999992370605 20.7999992370605 21 20.7999992370605 21.3999996185303 22.2000007629395 22.5 23.1000003814697 23.8999996185303 24.7999992370605 25.1000003814697 25.3999996185303 25.2999992370605 25.2999992370605 25.5 25.3999996185303 24.7999992370605 24.7999992370605 25.1000003814697 25 25.7000007629395 26.7999992370605 27.7000007629395 28.5 28.7999992370605 28.6000003814697 28.3999996185303 31.7000007629395 34.4000015258789 35.7999992370605 37 37.9000015258789 -3.4e+38 -3.4e+38 -3.4e+38
15.5 15.1999998092651 15.3999996185303 16 16.6000003814697 17 17.1000003814697 17.6000003814697 18.3999996185303 19 19.7999992370605 20.5 20.7000007629395 21 21.3999996185303 21.5 21.5 21.2999992370605 20.8999996185303 20.5 20.1000003814697 20.2000007629395 20.7999992370605 21.1000003814697 21.6000003814697 22.2000007629395 22.8999996185303 23.7000007629395 24.1000003814697 24.2999992370605 24.7999992370605 25.2999992370605 25.2999992370605 25.3999996185303 25.2000007629395 25 24.7000007629395 24.3999996185303 24.8999996185303 26 27.2999992370605 28.5 29.3999996185303 30.2999992370605 31.2000007629395 31.3999996185303 31.7000007629395 33.2999992370605 35 36.0999984741211 37 -3.4e+38 -3.4e+38 -3.4e+38 -3.4e+38
14.3000001907349 14.1000003814697 14.3999996185303 15.1999998092651 15.8999996185303 16.2000007629395 16.3999996185303 16.8999996185303 17.7000007629395 18.5 18.8999996185303 19.3999996185303 19.7000007629395 19.7999992370605 20.5 21.1000003814697 21.3999996185303 21 20.3999996185303 19.7999992370605 19.1000003814697 18.2999992370605 19.2000007629395 20.7000007629395 21.3999996185303 21.7999992370605 22.7000007629395 24.1000003814697 24.2999992370605 24.2999992370605 24.7999992370605 25.2999992370605 25.5 25.5 25 24.3999996185303 23.5 23.2000007629395 24.5 26.6000003814697 28.7000007629395 30.2000007629395 30.7000007629395 31.6000003814697 33 34.2000007629395 35.0999984741211 35.2999992370605 35.2999992370605 36.2999992370605 37.2999992370605 -3.4e+38 -3.4e+38 -3.4e+38 -3.4e+38
13.6000003814697 13.5 13.8000001907349 14.8000001907349 16 16.3999996185303 16.3999996185303 16.7999992370605 17.5 17.8999996185303 18.2999992370605 18.5 18.7000007629395 18.8999996185303 19.7000007629395 20.7000007629395 21.2999992370605 20.7999992370605 20 19.1000003814697 17.8999996185303 16.3999996185303 18.3999996185303 20.7000007629395 21.3999996185303 21.2999992370605 21.7999992370605 23 23.7000007629395 23.7999992370605 24.5 25.5 25.8999996185303 25.7000007629395 25 24 22.6000003814697 22.3999996185303 25.1000003814697 27.6000003814697 29.6000003814697 31 31.7000007629395 32.5 34 36.2999992370605 37.5999984741211 36.5 35.7000007629395 36.4000015258789 -3.4e+38 -3.4e+38 -3.4e+38 -3.4e+38 -3.4e+38
13.1999998092651 12.8999996185303 13.3000001907349 14.6000003814697 16.5 16.8999996185303 17.1000003814697 17.2999992370605 17.5 17.8999996185303 18.2999992370605 18.7000007629395 18.8999996185303 19 19.7000007629395 20.3999996185303 20.7999992370605 20.6000003814697 20 19.2000007629395 18.3999996185303 17.8999996185303 19.8999996185303 22.7999992370605 22.6000003814697 21.7000007629395 21.5 22.1000003814697 22.7000007629395 23.2999992370605 24.2999992370605 25.5 26.7000007629395 26.2999992370605 25.6000003814697 24.6000003814697 23.7000007629395 24.7000007629395 27.2999992370605 29.3999996185303 30.6000003814697 31.5 32.2000007629395 33.0999984741211 34.7999992370605 37.2000007629395 37.9000015258789 36.4000015258789 35.5999984741211 36.5999984741211 -3.4e+38 -3.4e+38 -3.4e+38 -3.4e+38 -3.4e+38
12.8999996185303 13 13.6000003814697 14.8000001907349 16.2999992370605 17 17.3999996185303 17.6000003814697 17.8999996185303 18.3999996185303 19.2000007629395 20 20.1000003814697 20.2000007629395 20.6000003814697 21.2000007629395 21.6000003814697 21.7000007629395 21.2999992370605 20.7999992370605 20.5 20.6000003814697 21.7000007629395 23 23.1000003814697 22.5 22.2999992370605 22.2999992370605 22.7000007629395 23.2000007629395 24.2999992370605 25.7000007629395 26.6000003814697 26.7999992370605 26.2999992370605 25.5 25.2999992370605 27.1000003814697 30.7000007629395 32.2000007629395 31.7999992370605 31.8999996185303 33.0999984741211 34.2999992370605 35.7999992370605 37.2999992370605 37.4000015258789 36 35.7000007629395 -3.4e+38 -3.4e+38 -3.4e+38 -3.4e+38 -3.4e+38 -3.4e+38
13.1000003814697 13.6999998092651 14.6999998092651 16 16.8999996185303 17.2000007629395 17.5 17.7000007629395 18.2000007629395 18.8999996185303 20.2000007629395 21.6000003814697 21.6000003814697 22 22.7999992370605 23.7000007629395 24.1000003814697 23.7000007629395 23.2999992370605 22.8999996185303 23 23.2999992370605 23.7999992370605 24.2999992370605 24.2999992370605 23.8999996185303 23.7999992370605 23.6000003814697 23.7999992370605 24.1000003814697 24.8999996185303 26.1000003814697 26.6000003814697 27.1000003814697 27.1000003814697 26.1000003814697 26 28 32.4000015258789 33.7999992370605 32.7999992370605 33.2000007629395 34.2999992370605 35.5999984741211 37 37.5999984741211 37 36.0999984741211 36.0999984741211 -3.4e+38 -3.4e+38 -3.4e+38 -3.4e+38 -3.4e+38 -3.4e+38
14.1999998092651 15.1000003814697 16.6000003814697 17.8999996185303 18.1000003814697 17.5 17.3999996185303 17.6000003814697 18.2999992370605 19 20.6000003814697 21.7999992370605 22.5 23.5 25 26.7999992370605 26.8999996185303 26 25.3999996185303 25.2000007629395 25.5 26.2000007629395 26.2999992370605 26.3999996185303 26.3999996185303 26.2000007629395 25.7000007629395 25.2999992370605 25.3999996185303 25.6000003814697 26.2000007629395 26.8999996185303 27.3999996185303 27.2999992370605 27 26.2000007629395 26.2000007629395 27.7000007629395 30.2999992370605 32.5999984741211 33.7000007629395 34.7000007629395 35.7999992370605 37.2000007629395 38.2999992370605 38.4000015258789 37.5 36.7999992370605 37.2999992370605 -3.4e+38 -3.4e+38 -3.4e+38 -3.4e+38 -3.4e+38 -3.4e+38
16.2000007629395 17.3999996185303 18.3999996185303 19.3999996185303 18.7999992370605 17.8999996185303 17.5 17.8999996185303 18.2999992370605 -3.4e+38 -3.4e+38 21.7999992370605 23 24.3999996185303 26 27.7000007629395 28.2000007629395 27.6000003814697 27.2999992370605 27.5 27.8999996185303 28.2000007629395 28.6000003814697 29 29.3999996185303 29.2999992370605 28.3999996185303 27.6000003814697 27.2999992370605 27.3999996185303 27.7999992370605 28.7000007629395 28.7999992370605 28.1000003814697 27.2000007629395 27.1000003814697 27.3999996185303 28 30.1000003814697 32.4000015258789 34.2999992370605 35.7999992370605 37.2999992370605 38.7999992370605 39.9000015258789 39.5999984741211 38.5999984741211 38.7999992370605 39 -3.4e+38 -3.4e+38 -3.4e+38 -3.4e+38 -3.4e+38 -3.4e+38
17 18 18.7999992370605 -3.4e+38 -3.4e+38 18.1000003814697 18.2999992370605 -3.4e+38 18.8999996185303 -3.4e+38 -3.4e+38 22.2000007629395 23.6000003814697 25.5 -3.4e+38 -3.4e+38 -3.4e+38 -3.4e+38 -3.4e+38 -3.4e+38 -3.4e+38 30.2999992370605 30.6000003814697 31.2999992370605 32.0999984741211 32.7000007629395 31.2999992370605 29.8999996185303 29.7000007629395 29.6000003814697 29.8999996185303 30.8999996185303 30.7999992370605 30 29.7000007629395 30.1000003814697 30.2000007629395 30.1000003814697 31.7999992370605 33.9000015258789 35.7000007629395 37.0999984741211 38.5999984741211 40.4000015258789 41.7000007629395 41.5 40.2000007629395 39.7000007629395 39.5999984741211 -3.4e+38 -3.4e+38 -3.4e+38 -3.4e+38 -3.4e+38 -3.4e+38
17.1000003814697 -3.4e+38 -3.4e+38 -3.4e+38 -3.4e+38 -3.4e+38 -3.4e+38 -3.4e+38 -3.4e+38 -3.4e+38 -3.4e+38 -3.4e+38 -3.4e+38 -3.4e+38 -3.4e+38 -3.4e+38 -3.4e+38 -3.4e+38 -3.4e+38 -3.4e+38 -3.4e+38 -3.4e+38 -3.4e+38 33.2999992370605 34 34.5999984741211 34.2000007629395 32.9000015258789 31.8999996185303 31.7000007629395 32 32.5999984741211 32.7999992370605 32.9000015258789 33.4000015258789 34.7000007629395 35.5 35.4000015258789 36.0999984741211 37 38 38.7999992370605 39.7999992370605 41.7000007629395 43.5999984741211 43.0999984741211 41.5 40.0999984741211 39.2999992370605 -3.4e+38 -3.4e+38 -3.4e+38 -3.4e+38 -3.4e+38 -3.4e+38
-3.4e+38 -3.4e+38 -3.4e+38 -3.4e+38 -3.4e+38 -3.4e+38 -3.4e+38 -3.4e+38 -3.4e+38 -3.4e+38 -3.4e+38 -3.4e+38 -3.4e+38 -3.4e+38 -3.4e+38 -3.4e+38 -3.4e+38 -3.4e+38 -3.4e+38 -3.4e+38 -3.4e+38 -3.4e+38 -3.4e+38 -3.4e+38 -3.4e+38 36.0999984741211 36.2999992370605 35.2000007629395 33.7999992370605 33.5 33.5999984741211 34.2999992370605 -3.4e+38 -3.4e+38 -3.4e+38 39.2999992370605 41 40.7000007629395 41 41.2999992370605 41.4000015258789 41.4000015258789 41.9000015258789 43.2999992370605 44.0999984741211 43.7000007629395 42.2000007629395 41.2000007629395 40 39 -3.4e+38 -3.4e+38 -3.4e+38 -3.4e+38 -3.4e+38
-3.4e+38 18.8999996185303 -3.4e+38 -3.4e+38 -3.4e+38 -3.4e+38 -3.4e+38 -3.4e+38 -3.4e+38 -3.4e+38 -3.4e+38 -3.4e+38 -3.4e+38 -3.4e+38 -3.4e+38 -3.4e+38 -3.4e+38 -3.4e+38 -3.4e+38 -3.4e+38 -3.4e+38 -3.4e+38 -3.4e+38 -3.4e+38 -3.4e+38 -3.4e+38 37.0999984741211 36.2000007629395 35.5 35.4000015258789 -3.4e+38 -3.4e+38 -3.4e+38 -3.4e+38 -3.4e+38 -3.4e+38 44 44.5999984741211 45.2999992370605 45.7000007629395 45.0999984741211 44.9000015258789 44.9000015258789 44.9000015258789 44.7999992370605 44.0999984741211 43 42.2999992370605 41.2999992370605 39.4000015258789 -3.4e+38 -3.4e+38 -3.4e+38 -3.4e+38 -3.4e+38
19.1000003814697 -3.4e+38 -3.4e+38 -3.4e+38 -3.4e+38 -3.4e+38 -3.4e+38 -3.4e+38 -3.4e+38 -3.4e+38 -3.4e+38 -3.4e+38 -3.4e+38 -3.4e+38 -3.4e+38 -3.4e+38 -3.4e+38 -3.4e+38 -3.4e+38 -3.4e+38 -3.4e+38 -3.4e+38 -3.4e+38 -3.4e+38 -3.4e+38 -3.4e+38 38 -3.4e+38 -3.4e+38 -3.4e+38 -3.4e+38 -3.4e+38 -3.4e+38 -3.4e+38 -3.4e+38 -3.4e+38 -3.4e+38 47 48 48.5999984741211 47.7000007629395 47.0999984741211 46.5999984741211 46.2000007629395 45.5999984741211 44.9000015258789 43.7999992370605 43.5 42.7000007629395 40.7000007629395 -3.4e+38 -3.4e+38 -3.4e+38 -3.4e+38 -3.4e+38
-3.4e+38 -3.4e+38 -3.4e+38 -3.4e+38 -3.4e+38 -3.4e+38 -3.4e+38 -3.4e+38 -3.4e+38 -3.4e+38 -3.4e+38 -3.4e+38 -3.4e+38 -3.4e+38 -3.4e+38 -3.4e+38 -3.4e+38 -3.4e+38 -3.4e+38 -3.4e+38 -3.4e+38 -3.4e+38 -3.4e+38 -3.4e+38 -3.4e+38 -3.4e+38 -3.4e+38 -3.4e+38 -3.4e+38 -3.4e+38 -3.4e+38 -3.4e+38 -3.4e+38 -3.4e+38 -3.4e+38 -3.4e+38 -3.4e+38 -3.4e+38 49.9000015258789 50.0999984741211 49.4000015258789 48.2999992370605 47 46.2999992370605 45.7999992370605 44.9000015258789 44.2999992370605 44.2000007629395 43.4000015258789 41.9000015258789 40.7000007629395 -3.4e+38 -3.4e+38 -3.4e+38 -3.4e+38
-3.4e+38 -3.4e+38 -3.4e+38 -3.4e+38 -3.4e+38 -3.4e+38 -3.4e+38 -3.4e+38 -3.4e+38 -3.4e+38 -3.4e+38 -3.4e+38 -3.4e+38 -3.4e+38 -3.4e+38 -3.4e+38 -3.4e+38 -3.4e+38 -3.4e+38 -3.4e+38 -3.4e+38 -3.4e+38 -3.4e+38 -3.4e+38 -3.4e+38 -3.4e+38 -3.4e+38 -3.4e+38 -3.4e+38 -3.4e+38 -3.4e+38 -3.4e+38 -3.4e+38 -3.4e+38 -3.4e+38 -3.4e+38 -3.4e+38 -3.4e+38 -3.4e+38 50.5999984741211 50.2000007629395 49.0999984741211 47.2999992370605 46.5 45.2999992370605 44.4000015258789 44.2999992370605 44.5 44.5 43.2000007629395 41.7999992370605 -3.4e+38 -3.4e+38 -3.4e+38 -3.4e+38
-3.4e+38 26.3999996185303 26.2999992370605 -3.4e+38 -3.4e+38 -3.4e+38 -3.4e+38 -3.4e+38 -3.4e+38 -3.4e+38 -3.4e+38 -3.4e+38 -3.4e+38 -3.4e+38 -3.4e+38 -3.4e+38 -3.4e+38 -3.4e+38 -3.4e+38 -3.4e+38 -3.4e+38 -3.4e+38 -3.4e+38 -3.4e+38 -3.4e+38 -3.4e+38 -3.4e+38 -3.4e+38 -3.4e+38 -3.4e+38 -3.4e+38 -3.4e+38 -3.4e+38 -3.4e+38 -3.4e+38 -3.4e+38 -3.4e+38 -3.4e+38 -3.4e+38 -3.4e+38 50.2999992370605 49.2999992370605 47.5 46.4000015258789 45.0999984741211 44.0999984741211 44.2999992370605 44.7000007629395 45.2999992370605 44.5 43.2999992370605 -3.4e+38 -3.4e+38 -3.4e+38 -3.4e+38
-3.4e+38 -3.4e+38 -3.4e+38 -3.4e+38 -3.4e+38 -3.4e+38 -3.4e+38 -3.4e+38 -3.4e+38 -3.4e+38 -3.4e+38 -3.4e+38 -3.4e+38 -3.4e+38 -3.4e+38 -3.4e+38 -3.4e+38 -3.4e+38 -3.4e+38 -3.4e+38 -3.4e+38 -3.4e+38 -3.4e+38 -3.4e+38 -3.4e+38 -3.4e+38 -3.4e+38 -3.4e+38 -3.4e+38 -3.4e+38 -3.4e+38 -3.4e+38 -3.4e+38 -3.4e+38 -3.4e+38 -3.4e+38 -3.4e+38 -3.4e+38 -3.4e+38 -3.4e+38 -3.4e+38 -3.4e+38 47.7999992370605 46.7999992370605 45.5999984741211 44.9000015258789 45.2999992370605 45.7000007629395 46.2000007629395 46.2999992370605 45.4000015258789 44.4000015258789 -3.4e+38 -3.4e+38 -3.4e+38
-3.4e+38 -3.4e+38 -3.4e+38 -3.4e+38 -3.4e+38 -3.4e+38 -3.4e+38 -3.4e+38 -3.4e+38 -3.4e+38 -3.4e+38 -3.4e+38 -3.4e+38 -3.4e+38 -3.4e+38 -3.4e+38 -3.4e+38 -3.4e+38 -3.4e+38 -3.4e+38 -3.4e+38 -3.4e+38 -3.4e+38 -3.4e+38 -3.4e+38 -3.4e+38 -3.4e+38 -3.4e+38 -3.4e+38 -3.4e+38 -3.4e+38 -3.4e+38 -3.4e+38 -3.4e+38 -3.4e+38 -3.4e+38 -3.4e+38 -3.4e+38 -3.4e+38 -3.4e+38 -3.4e+38 -3.4e+38 48.0999984741211 47.5 47.4000015258789 46.5 46.4000015258789 47.4000015258789 47.4000015258789 47.7999992370605 47.7000007629395 46.7000007629395 45.7999992370605 -3.4e+38 -3.4e+38
-3.4e+38 -3.4e+38 -3.4e+38 -3.4e+38 -3.4e+38 -3.4e+38 -3.4e+38 -3.4e+38 -3.4e+38 -3.4e+38 -3.4e+38 -3.4e+38 -3.4e+38 -3.4e+38 -3.4e+38 -3.4e+38 -3.4e+38 -3.4e+38 -3.4e+38 -3.4e+38 -3.4e+38 -3.4e+38 -3.4e+38 -3.4e+38 -3.4e+38 -3.4e+38 -3.4e+38 -3.4e+38 -3.4e+38 -3.4e+38 -3.4e+38 -3.4e+38 -3.4e+38 -3.4e+38 -3.4e+38 -3.4e+38 -3.4e+38 -3.4e+38 -3.4e+38 -3.4e+38 -3.4e+38 -3.4e+38 48.7999992370605 48.2999992370605 48.2000007629395 47.9000015258789 47.9000015258789 48.5999984741211 48.9000015258789 49.5 49.7999992370605 48.4000015258789 46.5 -3.4e+38 -3.4e+38
-3.4e+38 -3.4e+38 -3.4e+38 -3.4e+38 -3.4e+38 -3.4e+38 -3.4e+38 -3.4e+38 -3.4e+38 -3.4e+38 -3.4e+38 -3.4e+38 -3.4e+38 -3.4e+38 -3.4e+38 -3.4e+38 -3.4e+38 -3.4e+38 -3.4e+38 -3.4e+38 -3.4e+38 -3.4e+38 -3.4e+38 -3.4e+38 -3.4e+38 -3.4e+38 -3.4e+38 -3.4e+38 -3.4e+38 -3.4e+38 -3.4e+38 -3.4e+38 -3.4e+38 -3.4e+38 -3.4e+38 -3.4e+38 -3.4e+38 -3.4e+38 -3.4e+38 -3.4e+38 -3.4e+38 -3.4e+38 48.4000015258789 48.0999984741211 48.4000015258789 48.5999984741211 48.5999984741211 49.0999984741211 50.5 51.0999984741211 51.0999984741211 50 46.9000015258789 -3.4e+38 -3.4e+38
