data/layers/future_layer_can_585_60/bio19.asc
NCOLS 494 
NROWS 529 
XLLCORNER -117.166666666667 
YLLCORNER -55.5 
CELLSIZE 0.166666666666667 
NODATA_value -3.4e+38 
[rows 336 to 359 of 529, columns 385 to 439 of 494]
262 258.100006103516 251.800003051758 246.100006103516 239.399993896484 227.899993896484 223 234.199996948242 244.100006103516 255.899993896484 259.899993896484 249.199996948242 239.300003051758 243.5 243.100006103516 238.100006103516 241.699996948242 246.899993896484 239.699996948242 201.199996948242 171.899993896484 174.699996948242 163 141.699996948242 134.600006103516 136.600006103516 132 131.399993896484 127.800003051758 122.699996948242 94.5999984741211 91.0999984741211 94.5999984741211 101.300003051758 103.099998474121 105.099998474121 103.699996948242 100.300003051758 102 104.599998474121 111.199996948242 119.800003051758 118.699996948242 113.199996948242 106.900001525879 111.699996948242 138.100006103516 217.600006103516 -3.4e+38 -3.4e+38 -3.4e+38 -3.4e+38 -3.4e+38 -3.4e+38 -3.4e+38
280.899993896484 275.299987792969 261 251.699996948242 246.800003051758 241.899993896484 241.699996948242 249.199996948242 261.700012207031 268.899993896484 272.100006103516 264.899993896484 256.299987792969 259.299987792969 263.299987792969 260.100006103516 248.600006103516 241.600006103516 215.300003051758 181.800003051758 162.699996948242 169.399993896484 170 154.100006103516 145.800003051758 145.699996948242 139.199996948242 138.399993896484 135.800003051758 133.899993896484 102.099998474121 96.5 96 107.300003051758 116 116.199996948242 114.199996948242 109.099998474121 113.699996948242 135.800003051758 142.600006103516 169.399993896484 182.899993896484 171.100006103516 163.699996948242 179 -3.4e+38 -3.4e+38 -3.4e+38 -3.4e+38 -3.4e+38 -3.4e+38 -3.4e+38 -3.4e+38 -3.4e+38
299.5 294.200012207031 277.5 267.700012207031 256.799987792969 255.399993896484 257.299987792969 267.600006103516 274.100006103516 277.899993896484 283 278.399993896484 274.5 265.399993896484 269.899993896484 260.700012207031 240.300003051758 214.899993896484 183.600006103516 169.699996948242 169.5 178.5 179.800003051758 173.699996948242 168.5 164.699996948242 152.100006103516 148.199996948242 147.5 139 107.5 105.699996948242 114.400001525879 133.800003051758 138.600006103516 136.300003051758 140.600006103516 147.699996948242 162.100006103516 218.399993896484 253.800003051758 286.399993896484 -3.4e+38 -3.4e+38 -3.4e+38 -3.4e+38 -3.4e+38 -3.4e+38 -3.4e+38 -3.4e+38 -3.4e+38 -3.4e+38 -3.4e+38 -3.4e+38 -3.4e+38
304.5 307.100006103516 296.700012207031 287.700012207031 271.799987792969 273.399993896484 274.399993896484 278.299987792969 284.700012207031 293 293.5 291.700012207031 291.5 285.299987792969 271.799987792969 253.100006103516 230.899993896484 207.5 182.699996948242 174.300003051758 174 183.100006103516 183.5 186.5 190.800003051758 179.899993896484 164.699996948242 161 160.399993896484 148.800003051758 119 135 161.399993896484 170.699996948242 162.199996948242 157.100006103516 177.699996948242 218.800003051758 263.100006103516 271 304.399993896484 -3.4e+38 -3.4e+38 -3.4e+38 -3.4e+38 -3.4e+38 -3.4e+38 -3.4e+38 -3.4e+38 -3.4e+38 -3.4e+38 -3.4e+38 -3.4e+38 -3.4e+38 -3.4e+38
313.100006103516 314.600006103516 313.100006103516 303.899993896484 289 287.700012207031 288.200012207031 296.700012207031 295.399993896484 292.100006103516 288.700012207031 293.899993896484 292.600006103516 284.899993896484 258.200012207031 244.199996948242 229.199996948242 211 192.600006103516 188.800003051758 182.100006103516 182.5 185.699996948242 187.899993896484 190.300003051758 186.100006103516 178.699996948242 173.899993896484 168.5 164.199996948242 144.100006103516 155.800003051758 170.699996948242 176.699996948242 173.899993896484 187.800003051758 206.899993896484 233.5 -3.4e+38 -3.4e+38 -3.4e+38 -3.4e+38 -3.4e+38 -3.4e+38 -3.4e+38 -3.4e+38 -3.4e+38 -3.4e+38 -3.4e+38 -3.4e+38 -3.4e+38 -3.4e+38 -3.4e+38 -3.4e+38 -3.4e+38
320 323.799987792969 329.5 320.700012207031 285.5 267.799987792969 289.600006103516 313.799987792969 313 300.5 285.200012207031 280.899993896484 290.100006103516 273.899993896484 248.100006103516 238.600006103516 237 225.5 215.399993896484 215.899993896484 211.800003051758 206.399993896484 202.199996948242 200.800003051758 197.699996948242 196.600006103516 194.800003051758 193.699996948242 197.600006103516 156.300003051758 156.300003051758 160.199996948242 168.800003051758 182.5 180.800003051758 189.800003051758 -3.4e+38 -3.4e+38 -3.4e+38 -3.4e+38 -3.4e+38 -3.4e+38 -3.4e+38 -3.4e+38 -3.4e+38 -3.4e+38 -3.4e+38 -3.4e+38 -3.4e+38 -3.4e+38 -3.4e+38 -3.4e+38 -3.4e+38 -3.4e+38 -3.4e+38
321.899993896484 311.5 316.399993896484 329.399993896484 286 271.399993896484 293.100006103516 310.799987792969 308 291.600006103516 293.399993896484 277.600006103516 282.700012207031 277 251.199996948242 240.800003051758 239 246 254.300003051758 255.100006103516 240.899993896484 230.899993896484 221.699996948242 213 202.600006103516 201.800003051758 213.5 212.800003051758 202.199996948242 162.5 167.699996948242 172.600006103516 191.100006103516 207.800003051758 219.800003051758 -3.4e+38 -3.4e+38 -3.4e+38 -3.4e+38 -3.4e+38 -3.4e+38 -3.4e+38 -3.4e+38 -3.4e+38 -3.4e+38 -3.4e+38 -3.4e+38 -3.4e+38 -3.4e+38 -3.4e+38 -3.4e+38 -3.4e+38 -3.4e+38 -3.4e+38 -3.4e+38
317.100006103516 309.600006103516 307.200012207031 314.299987792969 338.600006103516 308.299987792969 312.200012207031 314.299987792969 308.799987792969 283.799987792969 286 285.299987792969 282.100006103516 278.899993896484 263.5 249.600006103516 264 287.100006103516 282.200012207031 270.299987792969 257.200012207031 246 229.199996948242 221 224.699996948242 230.100006103516 227.5 217.800003051758 204.399993896484 170.399993896484 174.600006103516 192 221.600006103516 237.600006103516 -3.4e+38 -3.4e+38 -3.4e+38 -3.4e+38 -3.4e+38 -3.4e+38 -3.4e+38 -3.4e+38 -3.4e+38 -3.4e+38 -3.4e+38 -3.4e+38 -3.4e+38 -3.4e+38 -3.4e+38 -3.4e+38 -3.4e+38 -3.4e+38 -3.4e+38 -3.4e+38 -3.4e+38
314.5 308.600006103516 305.5 300.5 317.5 339.799987792969 342.200012207031 330.899993896484 314.200012207031 312.200012207031 319 296.600006103516 282.899993896484 275.200012207031 265.200012207031 256.299987792969 272.899993896484 309.899993896484 306.700012207031 289.799987792969 275 247.100006103516 221.399993896484 224.899993896484 224 234.899993896484 258.200012207031 257.399993896484 190.699996948242 191.100006103516 201.899993896484 217.899993896484 -3.4e+38 -3.4e+38 -3.4e+38 -3.4e+38 -3.4e+38 -3.4e+38 -3.4e+38 -3.4e+38 -3.4e+38 -3.4e+38 -3.4e+38 -3.4e+38 -3.4e+38 -3.4e+38 -3.4e+38 -3.4e+38 -3.4e+38 -3.4e+38 -3.4e+38 -3.4e+38 -3.4e+38 -3.4e+38 -3.4e+38
330.200012207031 323.100006103516 323.5 339.799987792969 352.200012207031 349.799987792969 345.399993896484 341.5 325.600006103516 312.100006103516 302.399993896484 294.399993896484 282.700012207031 276.899993896484 271.399993896484 262.600006103516 259.600006103516 300.399993896484 310.899993896484 306.899993896484 280.200012207031 252.699996948242 240.5 241.199996948242 247.199996948242 254.300003051758 277.200012207031 275.5 216 217.899993896484 225.399993896484 -3.4e+38 -3.4e+38 -3.4e+38 -3.4e+38 -3.4e+38 -3.4e+38 -3.4e+38 -3.4e+38 -3.4e+38 -3.4e+38 -3.4e+38 -3.4e+38 -3.4e+38 -3.4e+38 -3.4e+38 -3.4e+38 -3.4e+38 -3.4e+38 -3.4e+38 -3.4e+38 -3.4e+38 -3.4e+38 -3.4e+38 -3.4e+38
358.100006103516 362.600006103516 338.299987792969 338.600006103516 351.899993896484 359 350.200012207031 345.100006103516 340.100006103516 323.299987792969 313.799987792969 297.299987792969 281.600006103516 277.600006103516 273 269.299987792969 264.899993896484 278.700012207031 314 311.100006103516 294.700012207031 279.899993896484 261.799987792969 272.799987792969 273.100006103516 271 282.100006103516 223.199996948242 230.199996948242 237.199996948242 -3.4e+38 -3.4e+38 -3.4e+38 -3.4e+38 -3.4e+38 -3.4e+38 -3.4e+38 -3.4e+38 -3.4e+38 -3.4e+38 -3.4e+38 -3.4e+38 -3.4e+38 -3.4e+38 -3.4e+38 -3.4e+38 -3.4e+38 -3.4e+38 -3.4e+38 -3.4e+38 -3.4e+38 -3.4e+38 -3.4e+38 -3.4e+38 -3.4e+38
333.799987792969 353.399993896484 361.600006103516 372.299987792969 370.700012207031 358.399993896484 347 347.600006103516 341.899993896484 337.799987792969 338.600006103516 305.600006103516 286.299987792969 280.899993896484 275.600006103516 273.700012207031 273 272.799987792969 294.5 315 303.799987792969 240.699996948242 236.300003051758 289.399993896484 290.600006103516 214.399993896484 220.5 227.699996948242 249.699996948242 -3.4e+38 -3.4e+38 -3.4e+38 -3.4e+38 -3.4e+38 -3.4e+38 -3.4e+38 -3.4e+38 -3.4e+38 -3.4e+38 -3.4e+38 -3.4e+38 -3.4e+38 -3.4e+38 -3.4e+38 -3.4e+38 -3.4e+38 -3.4e+38 -3.4e+38 -3.4e+38 -3.4e+38 -3.4e+38 -3.4e+38 -3.4e+38 -3.4e+38 -3.4e+38
312.700012207031 325.799987792969 347.299987792969 372.700012207031 356.899993896484 342.600006103516 346.200012207031 344.899993896484 339.700012207031 339 336.299987792969 314.5 290.899993896484 279.100006103516 271.200012207031 271.100006103516 275.299987792969 278.100006103516 279 298.200012207031 299.799987792969 237.699996948242 234 243.600006103516 236.5 209.600006103516 -3.4e+38 -3.4e+38 -3.4e+38 -3.4e+38 -3.4e+38 -3.4e+38 -3.4e+38 -3.4e+38 -3.4e+38 -3.4e+38 -3.4e+38 -3.4e+38 -3.4e+38 -3.4e+38 -3.4e+38 -3.4e+38 -3.4e+38 -3.4e+38 -3.4e+38 -3.4e+38 -3.4e+38 -3.4e+38 -3.4e+38 -3.4e+38 -3.4e+38 -3.4e+38 -3.4e+38 -3.4e+38 -3.4e+38
306.100006103516 317.799987792969 333.399993896484 352.299987792969 345.799987792969 354.600006103516 350 344.100006103516 337.399993896484 335.100006103516 330.299987792969 314.100006103516 297.600006103516 285.799987792969 277.700012207031 275.299987792969 277.399993896484 273.799987792969 268.600006103516 264 225.699996948242 223.899993896484 227 247.5 250.300003051758 232.100006103516 235.100006103516 -3.4e+38 -3.4e+38 -3.4e+38 -3.4e+38 -3.4e+38 -3.4e+38 -3.4e+38 -3.4e+38 -3.4e+38 -3.4e+38 -3.4e+38 -3.4e+38 -3.4e+38 -3.4e+38 -3.4e+38 -3.4e+38 -3.4e+38 -3.4e+38 -3.4e+38 -3.4e+38 -3.4e+38 -3.4e+38 -3.4e+38 -3.4e+38 -3.4e+38 -3.4e+38 -3.4e+38 -3.4e+38
328.100006103516 335.100006103516 342.799987792969 345 347.600006103516 351.700012207031 355.899993896484 352 341.700012207031 338.5 319.799987792969 304.100006103516 302.799987792969 294 292 286.899993896484 282.5 271.700012207031 223.899993896484 219.399993896484 217.699996948242 221.100006103516 230.899993896484 249.5 236.5 225.800003051758 244.800003051758 -3.4e+38 -3.4e+38 -3.4e+38 -3.4e+38 -3.4e+38 -3.4e+38 -3.4e+38 -3.4e+38 -3.4e+38 -3.4e+38 -3.4e+38 -3.4e+38 -3.4e+38 -3.4e+38 -3.4e+38 -3.4e+38 -3.4e+38 -3.4e+38 -3.4e+38 -3.4e+38 -3.4e+38 -3.4e+38 -3.4e+38 -3.4e+38 -3.4e+38 -3.4e+38 -3.4e+38 -3.4e+38
348.700012207031 348.100006103516 360.100006103516 369.200012207031 373.799987792969 365.399993896484 374.799987792969 388.700012207031 332.100006103516 322.899993896484 286.899993896484 272.399993896484 270.700012207031 262.5 264.600006103516 264 250 233.800003051758 227.399993896484 224 225.899993896484 231.100006103516 243.100006103516 253 252.100006103516 226 -3.4e+38 -3.4e+38 -3.4e+38 -3.4e+38 -3.4e+38 -3.4e+38 -3.4e+38 -3.4e+38 -3.4e+38 -3.4e+38 -3.4e+38 -3.4e+38 -3.4e+38 -3.4e+38 -3.4e+38 -3.4e+38 -3.4e+38 -3.4e+38 -3.4e+38 -3.4e+38 -3.4e+38 -3.4e+38 -3.4e+38 -3.4e+38 -3.4e+38 -3.4e+38 -3.4e+38 -3.4e+38 -3.4e+38
367.399993896484 362.399993896484 359.799987792969 387 402.799987792969 394.600006103516 352.799987792969 339.299987792969 356.600006103516 344.5 314.200012207031 283.100006103516 273.899993896484 268.200012207031 267.399993896484 264.600006103516 254.399993896484 246.300003051758 237.800003051758 227.699996948242 233.100006103516 242.899993896484 252.600006103516 253.800003051758 244.600006103516 232.5 -3.4e+38 -3.4e+38 -3.4e+38 -3.4e+38 -3.4e+38 -3.4e+38 -3.4e+38 -3.4e+38 -3.4e+38 -3.4e+38 -3.4e+38 -3.4e+38 -3.4e+38 -3.4e+38 -3.4e+38 -3.4e+38 -3.4e+38 -3.4e+38 -3.4e+38 -3.4e+38 -3.4e+38 -3.4e+38 -3.4e+38 -3.4e+38 -3.4e+38 -3.4e+38 -3.4e+38 -3.4e+38 -3.4e+38
393.100006103516 387.299987792969 390.299987792969 372.799987792969 420.799987792969 354.899993896484 341.700012207031 331.200012207031 326.100006103516 315.899993896484 306.299987792969 296 281.600006103516 266.100006103516 264.700012207031 262.5 258.299987792969 248 241.199996948242 241.5 246.199996948242 252.600006103516 256.799987792969 254.699996948242 231.899993896484 -3.4e+38 -3.4e+38 -3.4e+38 -3.4e+38 -3.4e+38 -3.4e+38 -3.4e+38 -3.4e+38 -3.4e+38 -3.4e+38 -3.4e+38 -3.4e+38 -3.4e+38 -3.4e+38 -3.4e+38 -3.4e+38 -3.4e+38 -3.4e+38 -3.4e+38 -3.4e+38 -3.4e+38 -3.4e+38 -3.4e+38 -3.4e+38 -3.4e+38 -3.4e+38 -3.4e+38 -3.4e+38 -3.4e+38 -3.4e+38
416 415.200012207031 428.299987792969 459.100006103516 453.700012207031 358.600006103516 326.100006103516 327.100006103516 322.100006103516 312.399993896484 298.399993896484 288.5 279.299987792969 266.899993896484 263.100006103516 266.799987792969 265.200012207031 255 246.100006103516 249.800003051758 254.699996948242 255.899993896484 241.300003051758 240.199996948242 235.699996948242 238 -3.4e+38 -3.4e+38 -3.4e+38 -3.4e+38 -3.4e+38 -3.4e+38 -3.4e+38 -3.4e+38 -3.4e+38 -3.4e+38 -3.4e+38 -3.4e+38 -3.4e+38 -3.4e+38 -3.4e+38 -3.4e+38 -3.4e+38 -3.4e+38 -3.4e+38 -3.4e+38 -3.4e+38 -3.4e+38 -3.4e+38 -3.4e+38 -3.4e+38 -3.4e+38 -3.4e+38 -3.4e+38 -3.4e+38
424.600006103516 432.899993896484 442.899993896484 470.799987792969 408.600006103516 364.100006103516 330.700012207031 322.600006103516 318.5 317.299987792969 304.700012207031 287.399993896484 288.700012207031 281.100006103516 273 273 272 270.5 260.899993896484 257.399993896484 257.799987792969 256.799987792969 259.799987792969 253.600006103516 245 242.5 -3.4e+38 -3.4e+38 -3.4e+38 -3.4e+38 -3.4e+38 -3.4e+38 -3.4e+38 -3.4e+38 -3.4e+38 -3.4e+38 -3.4e+38 -3.4e+38 -3.4e+38 -3.4e+38 -3.4e+38 -3.4e+38 -3.4e+38 -3.4e+38 -3.4e+38 -3.4e+38 -3.4e+38 -3.4e+38 -3.4e+38 -3.4e+38 -3.4e+38 -3.4e+38 -3.4e+38 -3.4e+38 -3.4e+38
438.600006103516 443.799987792969 453.299987792969 491.100006103516 415.799987792969 378.100006103516 345.700012207031 327.299987792969 320.200012207031 313.5 301.399993896484 286.799987792969 284.399993896484 291 290.799987792969 287.200012207031 282 286.399993896484 282.600006103516 279.200012207031 266.200012207031 262.700012207031 277 269.399993896484 258.600006103516 246.899993896484 -3.4e+38 -3.4e+38 -3.4e+38 -3.4e+38 -3.4e+38 -3.4e+38 -3.4e+38 -3.4e+38 -3.4e+38 -3.4e+38 -3.4e+38 -3.4e+38 -3.4e+38 -3.4e+38 -3.4e+38 -3.4e+38 -3.4e+38 -3.4e+38 -3.4e+38 -3.4e+38 -3.4e+38 -3.4e+38 -3.4e+38 -3.4e+38 -3.4e+38 -3.4e+38 -3.4e+38 -3.4e+38 -3.4e+38
440.399993896484 445.299987792969 472.899993896484 422.899993896484 407.700012207031 378.399993896484 349.299987792969 330.299987792969 319.600006103516 308.299987792969 300.899993896484 295.600006103516 290.399993896484 280.700012207031 279.799987792969 285.299987792969 300.100006103516 300.200012207031 299.100006103516 299.299987792969 289.799987792969 293.200012207031 286.399993896484 272.600006103516 260.700012207031 247.5 -3.4e+38 -3.4e+38 -3.4e+38 -3.4e+38 -3.4e+38 -3.4e+38 -3.4e+38 -3.4e+38 -3.4e+38 -3.4e+38 -3.4e+38 -3.4e+38 -3.4e+38 -3.4e+38 -3.4e+38 -3.4e+38 -3.4e+38 -3.4e+38 -3.4e+38 -3.4e+38 -3.4e+38 -3.4e+38 -3.4e+38 -3.4e+38 -3.4e+38 -3.4e+38 -3.4e+38 -3.4e+38 -3.4e+38
440.5 447 481.100006103516 481.399993896484 388.600006103516 367.100006103516 346.299987792969 329.299987792969 321.100006103516 320.600006103516 315.399993896484 307.5 303.899993896484 303.799987792969 300.799987792969 306.299987792969 320.799987792969 320.600006103516 327.799987792969 317.299987792969 308.700012207031 303.299987792969 294.600006103516 281.200012207031 270.5 261.100006103516 -3.4e+38 -3.4e+38 -3.4e+38 -3.4e+38 -3.4e+38 -3.4e+38 -3.4e+38 -3.4e+38 -3.4e+38 -3.4e+38 -3.4e+38 -3.4e+38 -3.4e+38 -3.4e+38 -3.4e+38 -3.4e+38 -3.4e+38 -3.4e+38 -3.4e+38 -3.4e+38 -3.4e+38 -3.4e+38 -3.4e+38 -3.4e+38 -3.4e+38 -3.4e+38 -3.4e+38 -3.4e+38 -3.4e+38
434.200012207031 438.5 477.899993896484 401.299987792969 385.600006103516 367 340.899993896484 315.399993896484 307.200012207031 307.100006103516 308.600006103516 312 322.100006103516 324.700012207031 320.200012207031 317.299987792969 322.100006103516 326.299987792969 331.899993896484 329 314 300.399993896484 291 277.899993896484 269.700012207031 264.5 -3.4e+38 -3.4e+38 -3.4e+38 -3.4e+38 -3.4e+38 -3.4e+38 -3.4e+38 -3.4e+38 -3.4e+38 -3.4e+38 -3.4e+38 -3.4e+38 -3.4e+38 -3.4e+38 -3.4e+38 -3.4e+38 -3.4e+38 -3.4e+38 -3.4e+38 -3.4e+38 -3.4e+38 -3.4e+38 -3.4e+38 -3.4e+38 -3.4e+38 -3.4e+38 -3.4e+38 -3.4e+38 -3.4e+38
