data/layers/future_layer_can_585_60/bio16.asc
NCOLS 494 
NROWS 529 
XLLCORNER -117.166666666667 
YLLCORNER -55.5 
CELLSIZE 0.166666666666667 
NODATA_value -3.4e+38 
[rows 24 to 47 of 529, columns 55 to 109 of 494]
418.100006103516 387.600006103516 345.399993896484 320.399993896484 326.5 333.700012207031 321.299987792969 327.600006103516 333.399993896484 357.100006103516 327.600006103516 297.200012207031 287.799987792969 242.100006103516 212.199996948242 206 223.300003051758 221.699996948242 216.399993896484 219.800003051758 228.600006103516 219.199996948242 217.600006103516 207.100006103516 191.100006103516 182.899993896484 193.399993896484 139.699996948242 118.699996948242 115.300003051758 117.5 124.099998474121 157.399993896484 147.100006103516 154.600006103516 149.600006103516 162.600006103516 174.100006103516 180.399993896484 181.5 185.600006103516 183.899993896484 182 182.100006103516 195 199.399993896484 197.899993896484 197.399993896484 197.600006103516 197.199996948242 202.800003051758 217.5 232.100006103516 231.5 223.199996948242
459.200012207031 395.799987792969 371.600006103516 335.600006103516 332.799987792969 342.799987792969 328.5 326.200012207031 337 332.200012207031 330.5 336.299987792969 289.200012207031 250.5 218.699996948242 209 214.800003051758 222.199996948242 241.699996948242 243 244.899993896484 236.199996948242 228.5 208.300003051758 183.199996948242 169.199996948242 154.699996948242 137.600006103516 120.099998474121 134.5 119.099998474121 124.199996948242 160.5 148.899993896484 159.199996948242 164.300003051758 180.699996948242 206 209.399993896484 201.800003051758 195.699996948242 190.100006103516 184.800003051758 184 187.600006103516 195.199996948242 196.600006103516 193.899993896484 194.399993896484 196.300003051758 196.699996948242 213.699996948242 234.600006103516 231.5 221.699996948242
486 440.799987792969 410.899993896484 360.899993896484 364 349.299987792969 347.399993896484 340.299987792969 337.5 337.700012207031 324.799987792969 328.799987792969 286.5 255.899993896484 233.300003051758 215 223.100006103516 223.5 225.899993896484 257.399993896484 259.299987792969 245.600006103516 240.800003051758 221.5 183.300003051758 169.399993896484 159.899993896484 151.199996948242 121.699996948242 174.899993896484 130.5 138 147.5 162.300003051758 162.100006103516 170.300003051758 187.5 218.699996948242 225.899993896484 211.399993896484 194.399993896484 187.899993896484 182.899993896484 181.800003051758 188.5 198.399993896484 198.300003051758 193.600006103516 190.600006103516 191.699996948242 193.800003051758 205.100006103516 219.5 221.699996948242 220
498.799987792969 455.799987792969 423.899993896484 398 382.799987792969 371.399993896484 365.5 360.5 358.799987792969 347.100006103516 331.700012207031 326.5 295.100006103516 251.899993896484 231.800003051758 225.600006103516 228.800003051758 228.399993896484 238.899993896484 245.899993896484 241.699996948242 244.300003051758 227.199996948242 202.699996948242 181.399993896484 173 159.899993896484 147.5 125.099998474121 158 155.600006103516 148.899993896484 154.100006103516 160.399993896484 167.300003051758 176.5 203.699996948242 237.199996948242 222.800003051758 198.5 182.5 177 174.600006103516 175.5 179.800003051758 188.199996948242 192.199996948242 190.5 188.899993896484 186.800003051758 189.100006103516 195.800003051758 205.800003051758 211.899993896484 215.800003051758
500 461.200012207031 433.100006103516 422.899993896484 402.100006103516 381.799987792969 385.799987792969 374.399993896484 371.399993896484 356.100006103516 341 319.700012207031 290.899993896484 264.399993896484 246.399993896484 239.100006103516 236 239.399993896484 237.199996948242 241.199996948242 242.100006103516 242.5 231.800003051758 209 187.399993896484 196.800003051758 175.5 143.399993896484 130.199996948242 135.600006103516 144.100006103516 156.699996948242 154.100006103516 167 171.399993896484 175.899993896484 187.100006103516 208.600006103516 205.800003051758 187.300003051758 172.300003051758 164.600006103516 163.199996948242 167 170.300003051758 177.800003051758 183.5 186.100006103516 187.300003051758 186.800003051758 185.800003051758 190.199996948242 197.300003051758 205.600006103516 213.600006103516
517 471 436.299987792969 427 413.100006103516 398.700012207031 414.899993896484 394.799987792969 380 374.399993896484 341.899993896484 327.5 311.899993896484 281.200012207031 254.899993896484 243 248.199996948242 244.100006103516 234.600006103516 228.100006103516 241.199996948242 235.399993896484 229 219.300003051758 210.800003051758 192.399993896484 194.300003051758 153.899993896484 138.699996948242 138.699996948242 142 169.399993896484 164.100006103516 161.899993896484 173.800003051758 176.399993896484 179.800003051758 185.699996948242 185.399993896484 178.699996948242 170.800003051758 164.5 157.899993896484 154.300003051758 160 169.300003051758 176.399993896484 180.600006103516 182.899993896484 182.100006103516 181.600006103516 186.600006103516 193.699996948242 201.899993896484 210.600006103516
547 501.700012207031 465.200012207031 442.600006103516 426.399993896484 418.799987792969 409.799987792969 392.600006103516 380.299987792969 374 354.5 340.100006103516 305.600006103516 273.399993896484 250.800003051758 228.699996948242 236.399993896484 232.899993896484 219.600006103516 223.300003051758 249.899993896484 236.600006103516 225.5 219.699996948242 235.199996948242 201.899993896484 206.600006103516 177.300003051758 157.800003051758 151 147.199996948242 186.699996948242 187 161.800003051758 172.600006103516 174.600006103516 175.300003051758 179.699996948242 174.399993896484 166 165.600006103516 165.199996948242 160 152.100006103516 155.899993896484 167 173.399993896484 174.300003051758 171.800003051758 168.699996948242 172.399993896484 181.399993896484 189.899993896484 199.800003051758 209.300003051758
566.799987792969 533.299987792969 499.799987792969 469.399993896484 448.299987792969 446.299987792969 436.799987792969 402.299987792969 421 366.5 341.799987792969 327.399993896484 313.299987792969 295.5 274.5 245.199996948242 239.600006103516 234.199996948242 219.399993896484 243 234.699996948242 249.399993896484 231.300003051758 243.300003051758 220.199996948242 226.800003051758 219.100006103516 175.199996948242 157.899993896484 151.399993896484 147.399993896484 173.100006103516 199.600006103516 160.600006103516 158.699996948242 164.600006103516 173.699996948242 168.699996948242 165.600006103516 156.199996948242 159.800003051758 165.300003051758 162.600006103516 157.699996948242 164.800003051758 170.5 175.100006103516 172.100006103516 171.100006103516 171.300003051758 173 176.5 186.600006103516 197.100006103516 208.399993896484
559.299987792969 565.099975585938 526.5 495.5 468.100006103516 459.799987792969 468.700012207031 449.700012207031 477.200012207031 376.100006103516 354.399993896484 358.100006103516 327.5 335.399993896484 308.700012207031 281.299987792969 264 246 231.600006103516 241.899993896484 247 239.5 249.199996948242 282.600006103516 228.100006103516 257.100006103516 225 175.5 147.300003051758 146.300003051758 146.300003051758 162.100006103516 181.399993896484 154.399993896484 144.100006103516 168.899993896484 169.699996948242 163.100006103516 156.800003051758 152.399993896484 155 158.600006103516 164.399993896484 173.600006103516 181.300003051758 186.199996948242 182 174.5 171 171.699996948242 172.5 175.399993896484 187.800003051758 198.800003051758 209.399993896484
555 546.099975585938 554.900024414062 529.799987792969 498.799987792969 493.200012207031 510.700012207031 512 516.299987792969 390.799987792969 369.200012207031 395.299987792969 372.100006103516 370.399993896484 342 311.5 290.100006103516 264.299987792969 246.100006103516 243.199996948242 261.700012207031 237.199996948242 260.200012207031 239.100006103516 200.300003051758 190.899993896484 166.800003051758 146.5 160.5 140.199996948242 146 158.399993896484 195.399993896484 192.899993896484 151.899993896484 146.699996948242 156.699996948242 153.399993896484 148 157.199996948242 162.600006103516 165.199996948242 172.899993896484 186 197.800003051758 201.199996948242 192 174.100006103516 167.699996948242 168.199996948242 169.5 179.800003051758 192.899993896484 202.399993896484 210.300003051758
504.299987792969 516.299987792969 589.700012207031 570.299987792969 549.599975585938 547.400024414062 557.799987792969 570.599975585938 547.799987792969 420 403.600006103516 428.5 408.5 387.799987792969 369.700012207031 340.5 307.899993896484 283.5 272.299987792969 252.399993896484 246.899993896484 231.5 216.300003051758 197.199996948242 174.199996948242 161.199996948242 149.699996948242 141.600006103516 174.699996948242 136.199996948242 141.800003051758 138.600006103516 141.800003051758 139.199996948242 120.300003051758 118.599998474121 131.399993896484 145.100006103516 155.699996948242 166.5 168 175.899993896484 179.800003051758 192.899993896484 211.899993896484 208.800003051758 204.899993896484 180.600006103516 165.5 164.699996948242 172.300003051758 187.5 200.5 208.5 215.100006103516
608.5 562 565.700012207031 584.599975585938 595 580.299987792969 582.099975585938 583.700012207031 551.900024414062 484.399993896484 439.100006103516 447.899993896484 444.399993896484 401.5 373.399993896484 355.200012207031 330.299987792969 312.399993896484 292.899993896484 267.600006103516 250.600006103516 224.899993896484 198.100006103516 187.600006103516 164.899993896484 150.5 147.300003051758 147.5 149.600006103516 168.800003051758 159 159.899993896484 144.5 151.100006103516 134.699996948242 128.199996948242 122 154.699996948242 148.300003051758 157.300003051758 166.800003051758 170.699996948242 181.300003051758 204.300003051758 211.800003051758 219.699996948242 219.199996948242 205 177.800003051758 173.899993896484 184.300003051758 198.300003051758 207.300003051758 214.899993896484 219.899993896484
645.400024414062 657.799987792969 616.200012207031 646.799987792969 612 599.700012207031 573.400024414062 576.299987792969 573.900024414062 547.299987792969 481.200012207031 484.100006103516 431.899993896484 398.100006103516 375.299987792969 373.399993896484 354 333.600006103516 306.200012207031 278.100006103516 246.199996948242 209.199996948242 178.800003051758 166.399993896484 155.600006103516 149.800003051758 158.300003051758 149.5 154.199996948242 153.199996948242 178.699996948242 125.400001525879 104.900001525879 94 100.599998474121 119.599998474121 132.899993896484 151.100006103516 152.600006103516 155 156.100006103516 158.199996948242 171.300003051758 198.600006103516 209.5 227.899993896484 232.5 225.899993896484 208.800003051758 199.300003051758 199.5 204.300003051758 209.600006103516 217.199996948242 222.699996948242
654.599975585938 646.900024414062 680.299987792969 665.200012207031 672.299987792969 628.400024414062 603.700012207031 563.900024414062 567.799987792969 559.799987792969 495.100006103516 504.600006103516 473.5 406.899993896484 381.100006103516 385.200012207031 377.299987792969 356.799987792969 318.899993896484 274.299987792969 247 204.100006103516 173.300003051758 158.399993896484 151 147.800003051758 160.100006103516 141.5 171.5 125.400001525879 146.699996948242 101.099998474121 100.400001525879 124.300003051758 146.5 124.699996948242 115.900001525879 169.600006103516 182.100006103516 155 153.300003051758 152.300003051758 164.5 183.600006103516 199.399993896484 229.5 239.800003051758 245.300003051758 237.699996948242 230.899993896484 220.5 210.5 208 214.399993896484 222.899993896484
651.400024414062 635.799987792969 674.5 669 661.900024414062 641.900024414062 605.400024414062 580.5 582.599975585938 559 520 486.100006103516 454.700012207031 411.899993896484 398.700012207031 396.600006103516 391.100006103516 372.700012207031 336.600006103516 288.399993896484 244.699996948242 201.100006103516 180.300003051758 164.199996948242 155.800003051758 149.800003051758 159.300003051758 141.399993896484 163.399993896484 128.800003051758 179.100006103516 98.0999984741211 109.5 143.899993896484 162.5 159.100006103516 132.300003051758 124.400001525879 142.399993896484 145.600006103516 151.199996948242 139.600006103516 144.5 160 186.600006103516 220.199996948242 236.699996948242 253.699996948242 259.200012207031 257.600006103516 233.300003051758 213.800003051758 205.5 209.699996948242 220.100006103516
645.599975585938 658.5 646.200012207031 662.599975585938 621.5 636.400024414062 612.900024414062 585.700012207031 566.799987792969 564.900024414062 549.5 503.399993896484 443.200012207031 421.200012207031 406.600006103516 401 393.100006103516 383.5 358.5 322.100006103516 267.799987792969 225.399993896484 195.800003051758 178.899993896484 164.5 153.699996948242 145 139.399993896484 128.600006103516 114.400001525879 116.699996948242 120 113.800003051758 125.699996948242 123.400001525879 150.899993896484 164.199996948242 137.800003051758 186.300003051758 142.699996948242 126.5 126.099998474121 132.899993896484 152.699996948242 198 229.600006103516 254.199996948242 262.299987792969 275.200012207031 264.799987792969 244.199996948242 222.100006103516 205.199996948242 203.800003051758 214.699996948242
631.599975585938 654.400024414062 693.200012207031 632.700012207031 615.099975585938 627.299987792969 604.200012207031 576.200012207031 549.299987792969 557.400024414062 541.200012207031 513.400024414062 444.299987792969 430.700012207031 408.200012207031 390.399993896484 381.399993896484 373.5 375.100006103516 338.299987792969 295.299987792969 253.100006103516 224.800003051758 206.800003051758 185.800003051758 165.300003051758 135.800003051758 125.900001525879 116.599998474121 110.300003051758 104.199996948242 101.800003051758 108.300003051758 106.5 105.800003051758 119 124.099998474121 156.100006103516 211.300003051758 150.600006103516 124.400001525879 125.300003051758 137.199996948242 162 207.600006103516 247.300003051758 277 273.600006103516 272.700012207031 269.200012207031 256.600006103516 239.600006103516 221.199996948242 210.899993896484 217.899993896484
595.099975585938 638.799987792969 691.799987792969 665 613.400024414062 636.200012207031 607.799987792969 565.900024414062 550.299987792969 530.700012207031 514.400024414062 497.799987792969 445.899993896484 414.100006103516 423.5 383.700012207031 361.100006103516 336.5 358 352.600006103516 334 281.200012207031 244 244.899993896484 229.399993896484 211.600006103516 137.899993896484 120.599998474121 117.800003051758 112.900001525879 105.199996948242 99.0999984741211 98.3000030517578 107.900001525879 116.5 110.099998474121 114.599998474121 129.899993896484 157.199996948242 145.300003051758 137.800003051758 127.5 135.699996948242 158 202.899993896484 265.200012207031 328.5 321 293.5 291.5 283.799987792969 269.600006103516 245 226.600006103516 219.399993896484
553.299987792969 615.200012207031 672.5 649.5 631 646.5 652.799987792969 605.5 569.599975585938 561.400024414062 537.099975585938 493.299987792969 493.299987792969 423.399993896484 434.100006103516 363.899993896484 349.399993896484 326.799987792969 301.399993896484 347.700012207031 321.700012207031 293.600006103516 260.5 288.200012207031 290.200012207031 194.600006103516 161.399993896484 134.399993896484 129.5 125.800003051758 116.5 123.900001525879 116.099998474121 139.100006103516 152.699996948242 149.199996948242 147 152.800003051758 159.600006103516 150.800003051758 181.899993896484 168.399993896484 150.800003051758 216.5 263.600006103516 259.200012207031 348.600006103516 410.799987792969 349.299987792969 325.899993896484 330.600006103516 310.200012207031 272.799987792969 243.199996948242 221.300003051758
520.5 619.599975585938 692.099975585938 692.5 670.400024414062 662.200012207031 676.599975585938 615.599975585938 588.900024414062 600.599975585938 584.599975585938 539.400024414062 464.399993896484 392.100006103516 478.700012207031 367.299987792969 340.5 336.299987792969 312.5 298.5 299.299987792969 291.399993896484 244.800003051758 253.5 269.5 226 201.5 170.899993896484 150.699996948242 139.199996948242 127.5 119.199996948242 139 211 226.899993896484 220.100006103516 219 203.100006103516 202.699996948242 198.800003051758 214.300003051758 216.899993896484 209.5 262.299987792969 302.200012207031 295.799987792969 322.899993896484 457.899993896484 423.5 375.5 365.100006103516 335.5 293.700012207031 260.399993896484 233.600006103516
504.299987792969 579.799987792969 672 703.799987792969 698.299987792969 667.799987792969 645.400024414062 663.299987792969 713.400024414062 683 644.700012207031 585.5 523.599975585938 424.700012207031 382.299987792969 359.299987792969 365.100006103516 398.299987792969 378 343.200012207031 271.399993896484 312.700012207031 272 252.199996948242 244.699996948242 240 220.300003051758 212.899993896484 211.5 180.899993896484 167.100006103516 156.899993896484 145.600006103516 150.100006103516 167.5 212.600006103516 240.699996948242 257 267 269.799987792969 259.100006103516 252.899993896484 280.200012207031 243.600006103516 267.799987792969 313.899993896484 292 370.399993896484 459 404.600006103516 369.899993896484 337.200012207031 305.5 282 256
437.100006103516 502.5 604.700012207031 667.400024414062 696.200012207031 681.5 650.099975585938 632.599975585938 717.099975585938 760.400024414062 729.200012207031 645.200012207031 573 527.900024414062 474.799987792969 370.700012207031 376.799987792969 412.700012207031 414.799987792969 395.799987792969 317.899993896484 303.600006103516 303.5 318 284.899993896484 264.600006103516 254.899993896484 225.100006103516 228.5 197.600006103516 180.699996948242 193.5 170.600006103516 190.300003051758 180.800003051758 204.800003051758 208.399993896484 229.800003051758 266.899993896484 275.200012207031 270.200012207031 256 244.899993896484 218.5 219.600006103516 270.899993896484 273.799987792969 283.399993896484 377.100006103516 394.700012207031 365.200012207031 335 315.100006103516 300.700012207031 284.399993896484
378.100006103516 420.399993896484 493.899993896484 566.900024414062 644.400024414062 675.299987792969 676.5 698.200012207031 814 695.5 678.099975585938 654.099975585938 630.5 561.200012207031 540.5 437.399993896484 460.899993896484 406.600006103516 400 412.5 374.299987792969 357 352.799987792969 322.799987792969 315.100006103516 289.200012207031 271 239.899993896484 211.199996948242 220.600006103516 188.600006103516 195.600006103516 195.800003051758 201.300003051758 209.800003051758 206.899993896484 212.800003051758 231.899993896484 234.899993896484 242.199996948242 245.100006103516 231.800003051758 232.800003051758 207 192.5 191.699996948242 276.200012207031 256.399993896484 311.700012207031 378.600006103516 355.600006103516 324.700012207031 306.700012207031 300.799987792969 295.700012207031
338.899993896484 357.399993896484 409.200012207031 488.700012207031 588.599975585938 657 693.799987792969 690.299987792969 715.200012207031 661.200012207031 738.700012207031 659.400024414062 670.700012207031 603.799987792969 584.700012207031 519.400024414062 492.899993896484 496.200012207031 425.700012207031 415.100006103516 396.200012207031 386.700012207031 400.299987792969 362.700012207031 352 335.5 321.899993896484 286.899993896484 234.300003051758 211.100006103516 198.300003051758 200.399993896484 195.699996948242 194.600006103516 213.800003051758 219.5 201.600006103516 227.5 254.199996948242 225.399993896484 229.600006103516 222.399993896484 206.399993896484 202.800003051758 175.5 170.100006103516 180.899993896484 213.199996948242 275.399993896484 357.600006103516 368.200012207031 323.899993896484 293 318.799987792969 313.899993896484
