data/layers/future_layer_can_585_60/bio13.asc
NCOLS 494 
NROWS 529 
XLLCORNER -117.166666666667 
YLLCORNER -55.5 
CELLSIZE 0.166666666666667 
NODATA_value -3.4e+38 
[rows 408 to 431 of 529, columns 324 to 377 of 494]
156.399993896484 157 157.699996948242 159.600006103516 162.699996948242 166.600006103516 170.300003051758 173.300003051758 174.699996948242 176.100006103516 176.199996948242 176.600006103516 177.100006103516 175.899993896484 171.800003051758 167.300003051758 163.100006103516 159.899993896484 155.899993896484 152.399993896484 149.600006103516 147 145.600006103516 142.399993896484 139.5 137.300003051758 135.100006103516 134.800003051758 135 134.800003051758 133.800003051758 130.800003051758 128.300003051758 126.300003051758 124.099998474121 120.800003051758 -3.4e+38 -3.4e+38 -3.4e+38 -3.4e+38 -3.4e+38 -3.4e+38 -3.4e+38 -3.4e+38 -3.4e+38 -3.4e+38 -3.4e+38 -3.4e+38 -3.4e+38 -3.4e+38 -3.4e+38 -3.4e+38 -3.4e+38 -3.4e+38
145.600006103516 145.5 146.100006103516 149.399993896484 153.899993896484 159.800003051758 166 170.399993896484 172.800003051758 174 173.899993896484 173.100006103516 173.800003051758 173.300003051758 170.199996948242 165.5 161.800003051758 158.399993896484 154.5 151.600006103516 148.800003051758 146.100006103516 143.199996948242 140.199996948242 137.100006103516 134.600006103516 133.899993896484 134.199996948242 134.100006103516 133.899993896484 132 129.199996948242 125.099998474121 123 121.300003051758 -3.4e+38 -3.4e+38 -3.4e+38 -3.4e+38 -3.4e+38 -3.4e+38 -3.4e+38 -3.4e+38 -3.4e+38 -3.4e+38 -3.4e+38 -3.4e+38 -3.4e+38 -3.4e+38 -3.4e+38 -3.4e+38 -3.4e+38 -3.4e+38 -3.4e+38
135.100006103516 134.100006103516 133.5 137.199996948242 144.800003051758 152.800003051758 160.899993896484 167.800003051758 170.5 170.699996948242 170.300003051758 169.800003051758 169.100006103516 168.600006103516 166.199996948242 163.600006103516 160.300003051758 157.600006103516 153.600006103516 150.899993896484 148.100006103516 145.100006103516 141.699996948242 138.399993896484 135.600006103516 134.300003051758 133.899993896484 134.399993896484 134 132.899993896484 131.699996948242 129.100006103516 125.300003051758 120.400001525879 -3.4e+38 -3.4e+38 -3.4e+38 -3.4e+38 -3.4e+38 -3.4e+38 -3.4e+38 -3.4e+38 -3.4e+38 -3.4e+38 -3.4e+38 -3.4e+38 -3.4e+38 -3.4e+38 -3.4e+38 -3.4e+38 -3.4e+38 -3.4e+38 -3.4e+38 -3.4e+38
126.300003051758 124.099998474121 122 128.100006103516 138.899993896484 145.899993896484 154.899993896484 163.300003051758 165.399993896484 165.899993896484 165.399993896484 164.800003051758 163.899993896484 163.399993896484 162.300003051758 160.300003051758 157.899993896484 155.300003051758 152.300003051758 149.699996948242 147.5 144.100006103516 140.399993896484 136.899993896484 134.100006103516 134.5 134.100006103516 133.899993896484 133.800003051758 133.399993896484 131.899993896484 130.100006103516 126.699996948242 120.900001525879 -3.4e+38 -3.4e+38 -3.4e+38 -3.4e+38 -3.4e+38 -3.4e+38 -3.4e+38 -3.4e+38 -3.4e+38 -3.4e+38 -3.4e+38 -3.4e+38 -3.4e+38 -3.4e+38 -3.4e+38 -3.4e+38 -3.4e+38 -3.4e+38 -3.4e+38 -3.4e+38
119.099998474121 118.300003051758 118.300003051758 123.699996948242 132.399993896484 139.899993896484 148.399993896484 154.600006103516 159.100006103516 159.800003051758 159.300003051758 158.5 158.399993896484 158.800003051758 158.100006103516 157.600006103516 156.199996948242 153.899993896484 151.899993896484 149.100006103516 146.600006103516 143.800003051758 140.899993896484 136.199996948242 134.300003051758 134.899993896484 134.5 133.800003051758 133.399993896484 132.300003051758 130.800003051758 129.899993896484 126.800003051758 121.800003051758 115.900001525879 -3.4e+38 -3.4e+38 -3.4e+38 -3.4e+38 -3.4e+38 -3.4e+38 -3.4e+38 -3.4e+38 -3.4e+38 -3.4e+38 -3.4e+38 -3.4e+38 -3.4e+38 -3.4e+38 -3.4e+38 -3.4e+38 -3.4e+38 -3.4e+38 -3.4e+38
114.5 114.900001525879 117 120.599998474121 126.900001525879 134.699996948242 141.800003051758 146.899993896484 150.699996948242 152.300003051758 153.300003051758 153.100006103516 152.800003051758 153.600006103516 154.5 154.899993896484 153.600006103516 152.399993896484 151.199996948242 149.300003051758 147.100006103516 143.800003051758 140.300003051758 136.399993896484 135 134.399993896484 134.399993896484 133.600006103516 132.399993896484 131.100006103516 130.699996948242 130.399993896484 128.600006103516 122.199996948242 114.800003051758 116.599998474121 -3.4e+38 -3.4e+38 -3.4e+38 -3.4e+38 -3.4e+38 -3.4e+38 -3.4e+38 -3.4e+38 -3.4e+38 -3.4e+38 -3.4e+38 -3.4e+38 -3.4e+38 -3.4e+38 -3.4e+38 -3.4e+38 -3.4e+38 -3.4e+38
111.300003051758 112.699996948242 114.699996948242 117.900001525879 122.900001525879 129.600006103516 135.800003051758 140.199996948242 143.800003051758 146.600006103516 148.300003051758 148.399993896484 148.699996948242 149.800003051758 150.899993896484 151.899993896484 151.800003051758 150.899993896484 150.300003051758 149.800003051758 147.399993896484 144.399993896484 140.600006103516 136.399993896484 134.699996948242 134.300003051758 132.699996948242 131.399993896484 130.300003051758 129.800003051758 129 129.300003051758 128.100006103516 121.599998474121 113.699996948242 116.599998474121 119.400001525879 125.900001525879 -3.4e+38 -3.4e+38 -3.4e+38 -3.4e+38 -3.4e+38 -3.4e+38 -3.4e+38 -3.4e+38 -3.4e+38 -3.4e+38 -3.4e+38 -3.4e+38 -3.4e+38 -3.4e+38 -3.4e+38 -3.4e+38
108.199996948242 110 112.599998474121 115.800003051758 120.199996948242 125.300003051758 130.199996948242 134.5 138.399993896484 140.899993896484 143.100006103516 143.899993896484 145.300003051758 146.800003051758 147.699996948242 149.300003051758 149.100006103516 149.600006103516 149.5 148.899993896484 146.800003051758 143.300003051758 139 136.899993896484 135.5 133.800003051758 131.399993896484 129 127.800003051758 126.800003051758 126.099998474121 125.400001525879 123.599998474121 119.199996948242 113.900001525879 115.400001525879 118.300003051758 123.400001525879 128.399993896484 -3.4e+38 -3.4e+38 -3.4e+38 -3.4e+38 -3.4e+38 -3.4e+38 -3.4e+38 -3.4e+38 -3.4e+38 -3.4e+38 -3.4e+38 -3.4e+38 -3.4e+38 -3.4e+38 -3.4e+38
105.400001525879 108 110.300003051758 113.199996948242 116.800003051758 121.300003051758 125.400001525879 129.399993896484 133.5 136.100006103516 138.399993896484 140 142.100006103516 143.5 144.600006103516 146 147.100006103516 147.699996948242 148.899993896484 148.199996948242 146.399993896484 142 138.199996948242 136.699996948242 134.699996948242 131.899993896484 128.600006103516 125.699996948242 123.400001525879 122.599998474121 121.400001525879 120.900001525879 119.099998474121 116.400001525879 114.599998474121 115.099998474121 116.5 119.300003051758 122.599998474121 -3.4e+38 -3.4e+38 -3.4e+38 -3.4e+38 -3.4e+38 -3.4e+38 -3.4e+38 -3.4e+38 -3.4e+38 -3.4e+38 -3.4e+38 -3.4e+38 -3.4e+38 -3.4e+38 -3.4e+38
103.099998474121 105.5 108.099998474121 111.099998474121 113.400001525879 118.300003051758 122.699996948242 126.300003051758 129.699996948242 132.800003051758 135 137 138.600006103516 140.300003051758 141.800003051758 142.100006103516 143.699996948242 145.600006103516 146.300003051758 146 144.300003051758 140.899993896484 137.300003051758 134.800003051758 132.899993896484 128.800003051758 126.300003051758 124.599998474121 122.599998474121 121 119.199996948242 118.099998474121 116.800003051758 116.300003051758 115.900001525879 115.099998474121 115 115.400001525879 -3.4e+38 -3.4e+38 -3.4e+38 -3.4e+38 -3.4e+38 -3.4e+38 -3.4e+38 -3.4e+38 -3.4e+38 -3.4e+38 -3.4e+38 -3.4e+38 -3.4e+38 -3.4e+38 -3.4e+38 -3.4e+38
100.599998474121 103.599998474121 105.900001525879 108.699996948242 112.199996948242 116.5 120.300003051758 123.900001525879 127.5 129.800003051758 131.600006103516 134.300003051758 135.300003051758 137.199996948242 138.5 139.199996948242 139.600006103516 141 141.5 141.300003051758 140.600006103516 138.100006103516 135.399993896484 133.300003051758 130.5 128.300003051758 126.699996948242 125.5 124.599998474121 123.5 122.300003051758 121.199996948242 119.599998474121 118.199996948242 116.599998474121 115.699996948242 118 120.400001525879 -3.4e+38 -3.4e+38 -3.4e+38 -3.4e+38 -3.4e+38 -3.4e+38 -3.4e+38 -3.4e+38 -3.4e+38 -3.4e+38 -3.4e+38 -3.4e+38 -3.4e+38 -3.4e+38 -3.4e+38 -3.4e+38
97.8000030517578 101.300003051758 103.5 107.400001525879 111.099998474121 115 118.5 122.300003051758 125.300003051758 127.300003051758 128.800003051758 130.800003051758 133 134 134.100006103516 134.800003051758 135.399993896484 135.899993896484 136.600006103516 135.899993896484 135.600006103516 134.800003051758 132.600006103516 131.199996948242 130 128.399993896484 127 126.099998474121 125.800003051758 125.099998474121 124.300003051758 123.400001525879 121.900001525879 120.099998474121 118.099998474121 116.099998474121 118.5 -3.4e+38 -3.4e+38 -3.4e+38 -3.4e+38 -3.4e+38 -3.4e+38 -3.4e+38 -3.4e+38 -3.4e+38 -3.4e+38 -3.4e+38 -3.4e+38 -3.4e+38 -3.4e+38 -3.4e+38 -3.4e+38 -3.4e+38
95.5999984741211 99 102.199996948242 105.400001525879 109.800003051758 114.400001525879 117.900001525879 121.300003051758 123.400001525879 125.599998474121 127.400001525879 128.399993896484 129.5 130.100006103516 130.399993896484 130.399993896484 131.300003051758 131.800003051758 131.899993896484 131.899993896484 131.699996948242 131.100006103516 130.199996948242 129.100006103516 128.5 127.5 126.599998474121 125.599998474121 125.599998474121 125.900001525879 126.199996948242 125.800003051758 124.900001525879 122.900001525879 120.599998474121 118.099998474121 -3.4e+38 -3.4e+38 -3.4e+38 -3.4e+38 -3.4e+38 -3.4e+38 -3.4e+38 -3.4e+38 -3.4e+38 -3.4e+38 -3.4e+38 -3.4e+38 -3.4e+38 -3.4e+38 -3.4e+38 -3.4e+38 -3.4e+38 -3.4e+38
93.5999984741211 97.5999984741211 101.5 106.199996948242 109.800003051758 114.599998474121 118 119.900001525879 122.599998474121 124.400001525879 125.099998474121 126 126.300003051758 126.300003051758 126.099998474121 126.5 126.900001525879 126.599998474121 127 126.599998474121 126.5 126.800003051758 127 127.099998474121 126.099998474121 125.400001525879 125.099998474121 125.800003051758 126 127.699996948242 128.100006103516 128.5 127.599998474121 126 123.300003051758 -3.4e+38 -3.4e+38 -3.4e+38 -3.4e+38 -3.4e+38 -3.4e+38 -3.4e+38 -3.4e+38 -3.4e+38 -3.4e+38 -3.4e+38 -3.4e+38 -3.4e+38 -3.4e+38 -3.4e+38 -3.4e+38 -3.4e+38 -3.4e+38 -3.4e+38
92.0999984741211 96.1999969482422 100 105 110 116.199996948242 119.5 120.5 122 122.900001525879 123.199996948242 123.199996948242 122.900001525879 122.199996948242 121.800003051758 121.900001525879 122 122.099998474121 121.900001525879 121.900001525879 122.400001525879 122 122.300003051758 122.800003051758 122.800003051758 123.099998474121 123.300003051758 124.300003051758 125.400001525879 127.699996948242 129.899993896484 131 130.399993896484 127.900001525879 -3.4e+38 -3.4e+38 -3.4e+38 -3.4e+38 -3.4e+38 -3.4e+38 -3.4e+38 -3.4e+38 -3.4e+38 -3.4e+38 -3.4e+38 -3.4e+38 -3.4e+38 -3.4e+38 -3.4e+38 -3.4e+38 -3.4e+38 -3.4e+38 -3.4e+38 -3.4e+38
90.4000015258789 94.5 99 103.5 109.099998474121 115 119.900001525879 120.800003051758 121.199996948242 120.199996948242 120.300003051758 119.800003051758 119.199996948242 118.800003051758 117.599998474121 117.400001525879 116.900001525879 117.400001525879 116.599998474121 116.900001525879 117.099998474121 117.599998474121 117.400001525879 118 118.800003051758 119.800003051758 120.400001525879 122.400001525879 124.199996948242 126.5 129.899993896484 132.699996948242 132.300003051758 -3.4e+38 -3.4e+38 -3.4e+38 -3.4e+38 -3.4e+38 -3.4e+38 -3.4e+38 -3.4e+38 -3.4e+38 -3.4e+38 -3.4e+38 -3.4e+38 -3.4e+38 -3.4e+38 -3.4e+38 -3.4e+38 -3.4e+38 -3.4e+38 -3.4e+38 -3.4e+38 -3.4e+38
87.0999984741211 91.4000015258789 95.9000015258789 101.599998474121 107.5 113.599998474121 117.400001525879 118.599998474121 118.800003051758 118.599998474121 117.400001525879 116.900001525879 115.800003051758 114.300003051758 113.800003051758 112.900001525879 112.300003051758 111.300003051758 112 112.599998474121 113 113.800003051758 113.900001525879 114.900001525879 116.199996948242 116.599998474121 117.199996948242 119.699996948242 121.400001525879 123.900001525879 126.900001525879 129.300003051758 129.100006103516 -3.4e+38 -3.4e+38 -3.4e+38 -3.4e+38 -3.4e+38 -3.4e+38 -3.4e+38 -3.4e+38 -3.4e+38 -3.4e+38 -3.4e+38 -3.4e+38 -3.4e+38 -3.4e+38 -3.4e+38 -3.4e+38 -3.4e+38 -3.4e+38 -3.4e+38 -3.4e+38 -3.4e+38
83.8000030517578 88 92.9000015258789 98.3000030517578 103.900001525879 109.300003051758 112.900001525879 115.400001525879 114.900001525879 115.599998474121 115.800003051758 114.400001525879 112.5 110.900001525879 110.099998474121 109.199996948242 107.800003051758 106.400001525879 107 108.300003051758 109.300003051758 109.800003051758 110.900001525879 111.699996948242 112.599998474121 112.800003051758 113.800003051758 115.599998474121 118.5 120.5 122.900001525879 124.800003051758 -3.4e+38 -3.4e+38 -3.4e+38 -3.4e+38 -3.4e+38 -3.4e+38 -3.4e+38 -3.4e+38 -3.4e+38 -3.4e+38 -3.4e+38 -3.4e+38 -3.4e+38 -3.4e+38 -3.4e+38 -3.4e+38 -3.4e+38 -3.4e+38 -3.4e+38 -3.4e+38 -3.4e+38 -3.4e+38
79.5 83.5999984741211 88.8000030517578 94.0999984741211 99.9000015258789 104.099998474121 107.400001525879 109.800003051758 110.800003051758 111.900001525879 111.400001525879 111 109.800003051758 108.400001525879 106.800003051758 105.699996948242 103.599998474121 102.599998474121 103.800003051758 104.599998474121 104.900001525879 106.199996948242 107.800003051758 108.599998474121 108.900001525879 109.300003051758 110.5 112.099998474121 114.099998474121 -3.4e+38 -3.4e+38 -3.4e+38 -3.4e+38 -3.4e+38 -3.4e+38 -3.4e+38 -3.4e+38 -3.4e+38 -3.4e+38 -3.4e+38 -3.4e+38 -3.4e+38 -3.4e+38 -3.4e+38 -3.4e+38 -3.4e+38 -3.4e+38 -3.4e+38 -3.4e+38 -3.4e+38 -3.4e+38 -3.4e+38 -3.4e+38 -3.4e+38
73.8000030517578 78.4000015258789 83 88.0999984741211 93.6999969482422 98.6999969482422 102.800003051758 105.099998474121 105.900001525879 107.5 107.599998474121 107 106.900001525879 105.400001525879 103.800003051758 102.800003051758 101.599998474121 101 101.599998474121 102.5 103.400001525879 104.199996948242 105.800003051758 105.599998474121 105.099998474121 105.5 -3.4e+38 -3.4e+38 -3.4e+38 -3.4e+38 -3.4e+38 -3.4e+38 -3.4e+38 -3.4e+38 -3.4e+38 -3.4e+38 -3.4e+38 -3.4e+38 -3.4e+38 -3.4e+38 -3.4e+38 -3.4e+38 -3.4e+38 -3.4e+38 -3.4e+38 -3.4e+38 -3.4e+38 -3.4e+38 -3.4e+38 -3.4e+38 -3.4e+38 -3.4e+38 -3.4e+38 -3.4e+38
70.0999984741211 73.6999969482422 77.6999969482422 82.5 87.4000015258789 92.5999984741211 97.1999969482422 100.199996948242 101.400001525879 102.099998474121 102.599998474121 102.599998474121 102.300003051758 102 101.5 100.800003051758 99.5 99.0999984741211 99.8000030517578 100.599998474121 100.800003051758 -3.4e+38 -3.4e+38 -3.4e+38 -3.4e+38 -3.4e+38 -3.4e+38 -3.4e+38 -3.4e+38 -3.4e+38 -3.4e+38 -3.4e+38 -3.4e+38 -3.4e+38 -3.4e+38 -3.4e+38 -3.4e+38 -3.4e+38 -3.4e+38 -3.4e+38 -3.4e+38 -3.4e+38 -3.4e+38 -3.4e+38 -3.4e+38 -3.4e+38 -3.4e+38 -3.4e+38 -3.4e+38 -3.4e+38 -3.4e+38 -3.4e+38 -3.4e+38 -3.4e+38
65.5999984741211 68.8000030517578 72.5999984741211 77.0999984741211 82 -3.4e+38 -3.4e+38 -3.4e+38 96.8000030517578 97.4000015258789 97.8000030517578 98.0999984741211 98.0999984741211 98.0999984741211 -3.4e+38 -3.4e+38 -3.4e+38 -3.4e+38 -3.4e+38 -3.4e+38 -3.4e+38 -3.4e+38 -3.4e+38 -3.4e+38 -3.4e+38 -3.4e+38 -3.4e+38 -3.4e+38 -3.4e+38 -3.4e+38 -3.4e+38 -3.4e+38 -3.4e+38 -3.4e+38 -3.4e+38 -3.4e+38 -3.4e+38 -3.4e+38 -3.4e+38 -3.4e+38 -3.4e+38 -3.4e+38 -3.4e+38 -3.4e+38 -3.4e+38 -3.4e+38 -3.4e+38 -3.4e+38 -3.4e+38 -3.4e+38 -3.4e+38 -3.4e+38 -3.4e+38 -3.4e+38
61.0999984741211 64.3000030517578 66.9000015258789 71.3000030517578 76.6999969482422 -3.4e+38 -3.4e+38 -3.4e+38 -3.4e+38 -3.4e+38 -3.4e+38 -3.4e+38 -3.4e+38 -3.4e+38 -3.4e+38 -3.4e+38 -3.4e+38 -3.4e+38 -3.4e+38 -3.4e+38 -3.4e+38 -3.4e+38 -3.4e+38 -3.4e+38 -3.4e+38 -3.4e+38 -3.4e+38 -3.4e+38 -3.4e+38 -3.4e+38 -3.4e+38 -3.4e+38 -3.4e+38 -3.4e+38 -3.4e+38 -3.4e+38 -3.4e+38 -3.4e+38 -3.4e+38 -3.4e+38 -3.4e+38 -3.4e+38 -3.4e+38 -3.4e+38 -3.4e+38 -3.4e+38 -3.4e+38 -3.4e+38 -3.4e+38 -3.4e+38 -3.4e+38 -3.4e+38 -3.4e+38 -3.4e+38
57.2000007629395 59.4000015258789 62 65.8000030517578 71 -3.4e+38 -3.4e+38 -3.4e+38 -3.4e+38 -3.4e+38 -3.4e+38 -3.4e+38 -3.4e+38 -3.4e+38 -3.4e+38 -3.4e+38 -3.4e+38 -3.4e+38 -3.4e+38 -3.4e+38 -3.4e+38 -3.4e+38 -3.4e+38 -3.4e+38 -3.4e+38 -3.4e+38 -3.4e+38 -3.4e+38 -3.4e+38 -3.4e+38 -3.4e+38 -3.4e+38 -3.4e+38 -3.4e+38 -3.4e+38 -3.4e+38 -3.4e+38 -3.4e+38 -3.4e+38 -3.4e+38 -3.4e+38 -3.4e+38 -3.4e+38 -3.4e+38 -3.4e+38 -3.4e+38 -3.4e+38 -3.4e+38 -3.4e+38 -3.4e+38 -3.4e+38 -3.4e+38 -3.4e+38 -3.4e+38
