data/layers/future_layer_can_585_60/bio17.asc
NCOLS 494 
NROWS 529 
XLLCORNER -117.166666666667 
YLLCORNER -55.5 
CELLSIZE 0.166666666666667 
NODATA_value -3.4e+38 
[rows 168 to 191 of 529, columns 275 to 329 of 494]
105.800003051758 90.1999969482422 110.300003051758 98.9000015258789 99.5 112.800003051758 124.800003051758 132 129.100006103516 142.600006103516 138.100006103516 142.100006103516 149 154.899993896484 153.600006103516 161.300003051758 167.800003051758 179 180.100006103516 178.600006103516 186.300003051758 201.800003051758 202.300003051758 160.5 165.699996948242 180.699996948242 186.100006103516 157.899993896484 169.100006103516 171.899993896484 160.100006103516 156.199996948242 164 184.899993896484 211.5 234.199996948242 256.5 253.300003051758 247.5 213 217.100006103516 234.399993896484 235.699996948242 254.699996948242 270.799987792969 248.800003051758 251.899993896484 264.299987792969 274.899993896484 314.600006103516 298.899993896484 263.5 257.600006103516 216.399993896484 234
94.4000015258789 100.199996948242 102.599998474121 104.5 108.199996948242 112.199996948242 117.300003051758 123.599998474121 133.399993896484 143 151.199996948242 156.600006103516 160.300003051758 162.5 168.199996948242 184.699996948242 182.699996948242 185.399993896484 184.100006103516 186.899993896484 196 199.199996948242 213.699996948242 209 205.300003051758 198 186.800003051758 173.5 203.699996948242 200.699996948242 169.399993896484 174.800003051758 179.600006103516 231.100006103516 245.600006103516 250.899993896484 270.200012207031 258.700012207031 232.5 239.600006103516 264.600006103516 263.700012207031 277.299987792969 276.5 318 260.600006103516 246.699996948242 246.199996948242 262.200012207031 316.100006103516 289.600006103516 272 281.299987792969 251.100006103516 252.300003051758
96 102.699996948242 105.599998474121 111.699996948242 117.300003051758 124 132.100006103516 142.399993896484 152.5 156.399993896484 164.399993896484 170.5 175.300003051758 168.100006103516 173.199996948242 182.399993896484 189.399993896484 186.600006103516 195.600006103516 205.199996948242 214.199996948242 203 206 221.699996948242 212.600006103516 200.5 200.399993896484 221.300003051758 216.5 197.699996948242 184.899993896484 176 185.899993896484 224 256.700012207031 247 280.399993896484 288.799987792969 278.899993896484 281.299987792969 297.299987792969 301.700012207031 310.799987792969 326.200012207031 313.799987792969 296 263.100006103516 258 254.600006103516 280.600006103516 333.5 325.5 284.299987792969 241.100006103516 245.600006103516
99.9000015258789 108.699996948242 115.099998474121 125.400001525879 128.899993896484 130.600006103516 142.399993896484 156.699996948242 161.199996948242 163 170.800003051758 179.899993896484 183.399993896484 183 192.699996948242 202.100006103516 202 203.300003051758 212.5 221 224.300003051758 220.699996948242 235 242.600006103516 222.100006103516 210.100006103516 238.300003051758 215.300003051758 207 218.300003051758 201.100006103516 199.600006103516 211.600006103516 210.399993896484 262.100006103516 264.700012207031 279.600006103516 286.299987792969 287.700012207031 288.299987792969 291.5 292.200012207031 292.299987792969 289.299987792969 307.799987792969 359.899993896484 291.899993896484 272.399993896484 284.600006103516 321.700012207031 302.5 296.200012207031 302.399993896484 285.299987792969 253.800003051758
109.5 129.800003051758 128.800003051758 143.399993896484 138 159.5 166.5 168.600006103516 169.399993896484 176.399993896484 181.100006103516 184.899993896484 192 202.600006103516 212.100006103516 216.5 223.800003051758 224.899993896484 226.399993896484 238 241.399993896484 256.5 266.200012207031 261.700012207031 255.199996948242 262.899993896484 266.299987792969 221.800003051758 242 247.5 253.5 240.199996948242 231.899993896484 243.399993896484 268 299.399993896484 305.600006103516 306.399993896484 301.100006103516 299.299987792969 304.799987792969 304.399993896484 301 299.299987792969 307.600006103516 318.299987792969 292.5 296.5 295.799987792969 350 297.299987792969 304.100006103516 289.600006103516 283.299987792969 267.299987792969
142 140.399993896484 155.699996948242 162.800003051758 166.300003051758 164.600006103516 177.199996948242 176.100006103516 175.399993896484 184.5 191.300003051758 196 207.5 216 220.899993896484 228.300003051758 234.800003051758 232.300003051758 237.399993896484 253.100006103516 261.100006103516 274.200012207031 294.399993896484 287.299987792969 292.100006103516 304 286.799987792969 263.399993896484 280.600006103516 287.799987792969 304.600006103516 285.399993896484 265 270.299987792969 308.600006103516 320.5 296.799987792969 329.600006103516 331.700012207031 333.100006103516 338.700012207031 312.399993896484 310 315.399993896484 322.899993896484 332.899993896484 350.100006103516 347.200012207031 315.799987792969 274.5 265.399993896484 287.700012207031 305.299987792969 302.100006103516 271
138.199996948242 159 163.699996948242 165.399993896484 173.300003051758 171.899993896484 174.800003051758 185.199996948242 193.199996948242 196.199996948242 202.399993896484 210.899993896484 218.800003051758 225.600006103516 227.199996948242 231.899993896484 235.699996948242 243.699996948242 258.100006103516 276.5 271 308.299987792969 305.700012207031 310.600006103516 329.200012207031 321.100006103516 312.799987792969 318.700012207031 318.799987792969 329.799987792969 334.700012207031 321.600006103516 332.299987792969 337.799987792969 337.700012207031 326 293.899993896484 315.600006103516 349.799987792969 354 332 325.5 318.700012207031 320.399993896484 322.899993896484 314.299987792969 319.299987792969 338.399993896484 319.600006103516 286.5 275.899993896484 292.700012207031 303.700012207031 288.600006103516 283.5
161.899993896484 169.800003051758 170 167.300003051758 171.600006103516 174.5 178.100006103516 192 204.600006103516 212.5 214.899993896484 218 218.800003051758 232.699996948242 237.100006103516 247.100006103516 253.800003051758 270.299987792969 273.5 285.5 307.299987792969 322.100006103516 318 322.5 326.899993896484 327.799987792969 321.899993896484 337.5 329.899993896484 346.299987792969 354.299987792969 367.5 358.700012207031 358 347.899993896484 303.600006103516 272.299987792969 299.5 353.399993896484 349.899993896484 338 341.399993896484 339.799987792969 318.799987792969 317.299987792969 309.799987792969 304.200012207031 308.700012207031 328.299987792969 322.5 303.799987792969 312.100006103516 293.700012207031 286.100006103516 274.600006103516
169.600006103516 179.100006103516 176.899993896484 174.100006103516 176.5 177.600006103516 192.199996948242 203.100006103516 214.899993896484 220.300003051758 224.5 225.800003051758 238.600006103516 247.899993896484 257.299987792969 268.899993896484 281.399993896484 298.200012207031 318.5 322.700012207031 340.5 344.600006103516 343.399993896484 357 354.799987792969 347.5 343 349 352.899993896484 363.600006103516 380.399993896484 378.200012207031 378.600006103516 365.299987792969 349.799987792969 275.799987792969 274.299987792969 318.899993896484 356.600006103516 354.200012207031 347.299987792969 346.799987792969 346.899993896484 318.5 319.299987792969 313.200012207031 312.399993896484 319.299987792969 315.399993896484 318.700012207031 316.100006103516 307.700012207031 300.899993896484 287.799987792969 283.200012207031
164.5 173.800003051758 177.100006103516 184.399993896484 184.699996948242 188.399993896484 206.300003051758 213.699996948242 218.199996948242 226.199996948242 235.699996948242 249.199996948242 257.100006103516 271.200012207031 294.899993896484 297.5 302.5 320.399993896484 347.399993896484 368.299987792969 369.100006103516 364.700012207031 366.200012207031 364.100006103516 369.700012207031 375.899993896484 377.200012207031 377.799987792969 384 383.600006103516 380.899993896484 376.799987792969 375.5 339.700012207031 297.100006103516 283.700012207031 302.399993896484 328 354.899993896484 347.700012207031 331 362.100006103516 345.200012207031 330.299987792969 322.399993896484 321.200012207031 313 305 311.299987792969 313.299987792969 302.600006103516 292.700012207031 291.200012207031 289.899993896484 280.799987792969
171.199996948242 174.5 175.199996948242 183.5 195.399993896484 202.600006103516 213.199996948242 224.100006103516 231.600006103516 243.199996948242 252.600006103516 271.899993896484 290.700012207031 302.5 334.5 338.799987792969 347.399993896484 370.299987792969 387.299987792969 374.200012207031 377.600006103516 384.299987792969 374.100006103516 376.299987792969 384 386.600006103516 388.600006103516 396.899993896484 404 403.799987792969 396.700012207031 384.299987792969 377.899993896484 350.299987792969 307.899993896484 297.299987792969 304.5 301.299987792969 307.700012207031 310.5 331.799987792969 360.899993896484 351.799987792969 340.5 328.5 325 315.899993896484 308.5 299.600006103516 303.299987792969 295.100006103516 287.600006103516 280.799987792969 268.5 258.700012207031
179.800003051758 181.5 188.800003051758 194.199996948242 210 219.699996948242 227.5 244.100006103516 254 276.200012207031 287.299987792969 310.799987792969 330.100006103516 344.299987792969 382.100006103516 374.100006103516 379.899993896484 401.399993896484 410.899993896484 401.700012207031 385 403.600006103516 407.700012207031 403.200012207031 396 398.600006103516 408.799987792969 415.299987792969 415.600006103516 414.399993896484 408.600006103516 395.600006103516 380.100006103516 362.799987792969 326 304.399993896484 305.399993896484 295.5 291.600006103516 303.200012207031 321.899993896484 353.200012207031 356 352.5 338.299987792969 331.100006103516 322.100006103516 313.799987792969 307.100006103516 303.700012207031 295.799987792969 286.700012207031 275.5 261.399993896484 254.600006103516
187.399993896484 191.600006103516 198.5 210 232.100006103516 237.800003051758 259.899993896484 271.700012207031 286.700012207031 317.899993896484 332.399993896484 360.200012207031 377.399993896484 390.399993896484 405.200012207031 405 414.299987792969 428.700012207031 421.100006103516 404.600006103516 411.700012207031 414.600006103516 411.5 413.299987792969 418.799987792969 425 429.200012207031 428.100006103516 430 429.399993896484 421.399993896484 411.700012207031 393.399993896484 370.5 351.600006103516 329.700012207031 310.299987792969 306.700012207031 298.100006103516 331.200012207031 364.299987792969 345.200012207031 357.200012207031 356.799987792969 346 338.299987792969 327.100006103516 316.399993896484 302.799987792969 293.399993896484 297.100006103516 287.700012207031 272 258.200012207031 249.399993896484
200.300003051758 216.899993896484 226.600006103516 248.800003051758 269.299987792969 277.899993896484 286.299987792969 301.399993896484 324.799987792969 355.100006103516 362.899993896484 399.899993896484 399.5 419 426.799987792969 421.399993896484 426.299987792969 434.700012207031 425.899993896484 428.100006103516 420.799987792969 423 417.200012207031 416.200012207031 415.700012207031 418.299987792969 422 426.899993896484 425.200012207031 425.799987792969 420.700012207031 402.600006103516 387.5 374.100006103516 362.399993896484 363.799987792969 330.600006103516 315.600006103516 313.600006103516 336.299987792969 343 323.600006103516 328.799987792969 355.100006103516 348.799987792969 338.200012207031 328.5 320.299987792969 305.799987792969 299 292.399993896484 282 275.100006103516 260.899993896484 247.100006103516
228.399993896484 240.100006103516 261.899993896484 284.899993896484 288.899993896484 309.399993896484 316.700012207031 337.100006103516 365.899993896484 387.299987792969 409.299987792969 412.700012207031 414.799987792969 423.299987792969 425.100006103516 427.100006103516 436.600006103516 436.5 432.100006103516 431.200012207031 431.399993896484 422.200012207031 416.5 414.299987792969 413.600006103516 419.700012207031 418 418.899993896484 420.600006103516 417.399993896484 409.299987792969 395.700012207031 378.399993896484 368.200012207031 364 349.899993896484 322.299987792969 319.799987792969 316.299987792969 303 302.100006103516 305.299987792969 311.799987792969 325.299987792969 335.600006103516 331.700012207031 331.100006103516 320 304 298.399993896484 292.100006103516 280.200012207031 266.899993896484 252.399993896484 242.800003051758
259.200012207031 269.100006103516 280.700012207031 295.600006103516 315.200012207031 331.600006103516 349.299987792969 372.299987792969 389.799987792969 405.200012207031 411.5 415.100006103516 414.299987792969 416.100006103516 417.100006103516 415.799987792969 426.700012207031 429.399993896484 431.5 431.700012207031 432.299987792969 427 419.600006103516 413.899993896484 411.700012207031 411 410 412.100006103516 409.299987792969 399.600006103516 392.799987792969 385 367.899993896484 361 365.399993896484 352.799987792969 321.399993896484 321.799987792969 338.399993896484 326.899993896484 311.200012207031 317.200012207031 318.799987792969 315.799987792969 320.399993896484 327.399993896484 320.100006103516 312.399993896484 297.799987792969 295.100006103516 282.899993896484 272.899993896484 258.899993896484 241.300003051758 234.5
292.100006103516 306.5 312.899993896484 331.299987792969 355.200012207031 370.700012207031 384.299987792969 399.700012207031 404.899993896484 406.700012207031 407.200012207031 406.299987792969 406.799987792969 408 408.5 410.600006103516 416.200012207031 420.899993896484 420.299987792969 425.399993896484 430.200012207031 426.600006103516 416.600006103516 409.399993896484 407.799987792969 404.299987792969 405.700012207031 403.299987792969 399.600006103516 394 378.799987792969 365 356.899993896484 348.700012207031 353.600006103516 351.899993896484 322.899993896484 330.299987792969 335.899993896484 345.299987792969 340.899993896484 341.399993896484 337.299987792969 331.100006103516 324.700012207031 308.799987792969 299 290.700012207031 288 281.5 270.399993896484 262.299987792969 248.100006103516 236.300003051758 226.5
320.100006103516 327.799987792969 345.799987792969 365.899993896484 392.100006103516 388.899993896484 394.5 400.600006103516 403.700012207031 403.5 402.399993896484 399.799987792969 399.799987792969 397.799987792969 397.299987792969 400.600006103516 402.5 409.700012207031 414 418.799987792969 425.299987792969 419.200012207031 417.200012207031 401.399993896484 400.399993896484 397.899993896484 400.200012207031 398.5 396.100006103516 383.700012207031 372.600006103516 360.700012207031 351.299987792969 345.700012207031 354.600006103516 345 324.200012207031 341.899993896484 343.5 338.600006103516 336.799987792969 334.700012207031 333.200012207031 320.100006103516 298.399993896484 288.799987792969 283.100006103516 284.100006103516 284.799987792969 265.200012207031 260.600006103516 252.100006103516 246.399993896484 233.399993896484 220.800003051758
346.600006103516 351 375.299987792969 395.700012207031 393.100006103516 388.200012207031 394.100006103516 398.299987792969 396.899993896484 396.700012207031 393.799987792969 393.5 390.600006103516 385.100006103516 385.200012207031 385.600006103516 391.299987792969 401.899993896484 410.299987792969 414.100006103516 416.799987792969 411.600006103516 408.299987792969 400.5 393.899993896484 393 387.700012207031 390.100006103516 390.399993896484 380.600006103516 362.799987792969 361.299987792969 359.100006103516 350 353.5 341.700012207031 339 335.799987792969 334 330.299987792969 329.100006103516 327.200012207031 324.700012207031 314.600006103516 303.200012207031 294.899993896484 292.200012207031 281.700012207031 276.799987792969 262.100006103516 256.899993896484 248.699996948242 234 224.100006103516 221.899993896484
384.399993896484 403.5 393.799987792969 391.899993896484 391.700012207031 394.700012207031 397.799987792969 398.200012207031 397.5 391.799987792969 390.299987792969 385 380.299987792969 375.399993896484 371.700012207031 369.899993896484 375.299987792969 392.100006103516 405 409.5 404.600006103516 401.700012207031 395.200012207031 389 389.100006103516 383.5 376.200012207031 378.799987792969 380.200012207031 373.700012207031 361.899993896484 346.299987792969 349.100006103516 344.799987792969 338.600006103516 330.299987792969 329.799987792969 332.399993896484 328.899993896484 323.899993896484 319.700012207031 318.100006103516 314.799987792969 306.399993896484 305.799987792969 299 292.100006103516 280.100006103516 272.700012207031 260.399993896484 254 232.5 224.5 217.600006103516 222.5
402.299987792969 397.799987792969 400.200012207031 391.600006103516 390.899993896484 393.600006103516 398.100006103516 397 395.700012207031 389 382.899993896484 376.799987792969 370.700012207031 365.799987792969 363.299987792969 361.700012207031 367.299987792969 384 396.600006103516 400.600006103516 394.799987792969 388.100006103516 382.5 375.700012207031 374.100006103516 373.100006103516 364.799987792969 365.399993896484 365.200012207031 360.600006103516 348.600006103516 343.600006103516 344.100006103516 340.600006103516 334.200012207031 329.700012207031 327.100006103516 322.799987792969 319.100006103516 311.100006103516 309.600006103516 298 298.200012207031 296.899993896484 296.700012207031 290.799987792969 283.700012207031 273.899993896484 263.600006103516 253 243.199996948242 227.800003051758 216.5 214.5 219.300003051758
389.5 392.899993896484 398.299987792969 389.200012207031 387.700012207031 387.799987792969 395.799987792969 395 387.600006103516 382 376.700012207031 370.100006103516 364.100006103516 361.600006103516 359 361.299987792969 365 376.299987792969 383.200012207031 386.600006103516 381.200012207031 373.799987792969 366 360.899993896484 356.600006103516 354 351.100006103516 353.299987792969 353.200012207031 348.5 340.799987792969 333.100006103516 332.899993896484 330.100006103516 326.700012207031 324.299987792969 319.100006103516 308.899993896484 302 288.200012207031 287.899993896484 288.399993896484 284.200012207031 285.600006103516 286 287 283.600006103516 275.799987792969 260 246.199996948242 232.300003051758 216.199996948242 211.5 210 211
383.299987792969 385.399993896484 387.899993896484 381.700012207031 382.299987792969 386.299987792969 384.799987792969 383 379.399993896484 375 371.200012207031 365.200012207031 359.299987792969 356.399993896484 355.200012207031 359 362 369.399993896484 372.100006103516 373.100006103516 366.899993896484 358.700012207031 350.100006103516 340.5 336.299987792969 333.799987792969 333 334.100006103516 341.299987792969 336.200012207031 330.399993896484 328.799987792969 328.700012207031 313.100006103516 310.5 313.5 306.899993896484 287.600006103516 290.899993896484 286.700012207031 285 281 283.399993896484 284.899993896484 283.399993896484 284.899993896484 277 280.299987792969 270.799987792969 243.100006103516 225.300003051758 207.399993896484 200.800003051758 203.5 210.899993896484
380.600006103516 378.700012207031 381.299987792969 384.299987792969 374.600006103516 373.799987792969 373 372.299987792969 370.299987792969 366.899993896484 361.5 356.799987792969 353.899993896484 353.100006103516 353.799987792969 356.799987792969 360 362.5 364.100006103516 362.5 353.899993896484 342.299987792969 329.600006103516 319.899993896484 314 318.399993896484 321.399993896484 323 324.899993896484 324 317.200012207031 319 303.5 288.700012207031 304.5 299.5 276.100006103516 278.700012207031 281.399993896484 280 286.799987792969 284.299987792969 286.600006103516 284.299987792969 282.700012207031 283.200012207031 276.399993896484 265.100006103516 255.399993896484 237.800003051758 225.199996948242 214.100006103516 205 209.899993896484 212.199996948242
