data/layers/future_layer_can_585_60/bio19.asc
NCOLS 494 
NROWS 529 
XLLCORNER -117.166666666667 
YLLCORNER -55.5 
CELLSIZE 0.166666666666667 
NODATA_value -3.4e+38 
[rows 240 to 263 of 529, columns 220 to 274 of 494]
-3.4e+38 -3.4e+38 -3.4e+38 -3.4e+38 -3.4e+38 -3.4e+38 0.300000011920929 1.60000002384186 10.8999996185303 16.7999992370605 209.600006103516 300.100006103516 360.5 352.299987792969 354.5 377.200012207031 384.700012207031 533.799987792969 462.200012207031 435.899993896484 468.399993896484 551.099975585938 559.900024414062 561.900024414062 548.200012207031 582.5 603 545.799987792969 542.099975585938 534.900024414062 523.299987792969 512.599975585938 515.099975585938 529.599975585938 549.799987792969 565.299987792969 587.700012207031 606.200012207031 630.099975585938 656.400024414062 688.099975585938 701.5 690.5 681.200012207031 671.799987792969 664.400024414062 654.200012207031 652.099975585938 654.099975585938 658.700012207031 661.700012207031 783 771.900024414062 761.599975585938 761.599975585938
-3.4e+38 -3.4e+38 -3.4e+38 -3.4e+38 -3.4e+38 -3.4e+38 -3.4e+38 0.600000023841858 1.10000002384186 1.39999997615814 6.09999990463257 8.10000038146973 324.700012207031 348 384 463.399993896484 402.200012207031 492.700012207031 486.600006103516 437.299987792969 454.799987792969 527.299987792969 629.099975585938 683.299987792969 606.099975585938 651 655.799987792969 670.5 588.700012207031 577.900024414062 558.400024414062 545.799987792969 536.200012207031 535.900024414062 548.099975585938 556.099975585938 574.099975585938 591.099975585938 613.5 641.700012207031 666.400024414062 679.900024414062 676.5 665.799987792969 658.599975585938 647.5 637.200012207031 630.599975585938 636.900024414062 642.599975585938 642.599975585938 637.400024414062 636 725 716.599975585938
-3.4e+38 -3.4e+38 -3.4e+38 -3.4e+38 -3.4e+38 -3.4e+38 -3.4e+38 3.09999990463257 1.5 0.899999976158142 19.3999996185303 179 218.300003051758 368.200012207031 377.200012207031 450 443.5 457.299987792969 503.399993896484 456.700012207031 439.600006103516 495.5 741.799987792969 670 675.5 708.099975585938 714.400024414062 740.599975585938 732.799987792969 626.200012207031 602.700012207031 580.5 562.099975585938 546.700012207031 543.799987792969 549.299987792969 561.700012207031 575.700012207031 595.299987792969 617.599975585938 640.099975585938 651.099975585938 655.299987792969 652.200012207031 648.799987792969 643.099975585938 632.799987792969 624.700012207031 629.400024414062 630.200012207031 627.700012207031 622 616.099975585938 607.400024414062 689.299987792969
-3.4e+38 -3.4e+38 -3.4e+38 -3.4e+38 -3.4e+38 -3.4e+38 -3.4e+38 -3.4e+38 0.100000001490116 1 9 183.100006103516 33.7999992370605 47.0999984741211 73.5999984741211 437.799987792969 169.100006103516 380.299987792969 179.600006103516 437.100006103516 444.399993896484 511.799987792969 699.299987792969 641.700012207031 663.099975585938 733.099975585938 737.299987792969 711.299987792969 812.200012207031 683 658.200012207031 623.599975585938 591.299987792969 555.700012207031 537.299987792969 538.299987792969 546.200012207031 557.799987792969 574.400024414062 593.5 611.099975585938 626.400024414062 634.900024414062 638.299987792969 642 223.100006103516 221.100006103516 632 629.200012207031 624.299987792969 616.299987792969 611.5 713.900024414062 601.599975585938 702.5
-3.4e+38 -3.4e+38 -3.4e+38 -3.4e+38 -3.4e+38 -3.4e+38 -3.4e+38 -3.4e+38 -3.4e+38 0.699999988079071 2.70000004768372 18 28.7999992370605 34.9000015258789 306.600006103516 64 72.6999969482422 379.5 80 452 430 457.200012207031 633.5 753.799987792969 676 736.700012207031 688.099975585938 734.5 914.400024414062 753.900024414062 857.900024414062 670.599975585938 734.400024414062 570.5 349.899993896484 206 336.100006103516 203.699996948242 212.199996948242 216.699996948242 587.099975585938 603.900024414062 374.600006103516 623.299987792969 634.700012207031 643 645.900024414062 387.5 629.700012207031 621 612.5 604.700012207031 600.400024414062 599.400024414062 606.299987792969
-3.4e+38 -3.4e+38 -3.4e+38 -3.4e+38 -3.4e+38 -3.4e+38 -3.4e+38 -3.4e+38 -3.4e+38 -3.4e+38 0.300000011920929 4.69999980926514 16.6000003814697 23 239.399993896484 102.199996948242 59.5 348.5 357.799987792969 133.600006103516 414 428.399993896484 512.900024414062 786.200012207031 848.299987792969 750.400024414062 678.299987792969 658.099975585938 920.599975585938 1002 949.799987792969 864 647.299987792969 574.599975585938 349.100006103516 195.100006103516 192.5 193.800003051758 200.5 202.100006103516 200.800003051758 203.300003051758 202.600006103516 204.100006103516 206.199996948242 207.899993896484 388.600006103516 385.5 375.899993896484 613.799987792969 604.099975585938 597.900024414062 596.099975585938 597.200012207031 717.099975585938
-3.4e+38 -3.4e+38 -3.4e+38 -3.4e+38 -3.4e+38 -3.4e+38 -3.4e+38 -3.4e+38 -3.4e+38 -3.4e+38 2.90000009536743 1 11 10.3999996185303 160.199996948242 34 51.5999984741211 55.7999992370605 353.200012207031 136.199996948242 72.0999984741211 415.700012207031 453.899993896484 701.200012207031 990.299987792969 943.900024414062 629.900024414062 682.099975585938 1046.90002441406 1132 1059.40002441406 945.299987792969 816.700012207031 396.5 224.699996948242 200.699996948242 185.300003051758 188.899993896484 193.199996948242 194 193.199996948242 191.100006103516 193 191.199996948242 192.5 195.199996948242 368.799987792969 368.600006103516 364.200012207031 599.400024414062 354.700012207031 357.600006103516 589.099975585938 362.5 598.700012207031
-3.4e+38 -3.4e+38 -3.4e+38 -3.4e+38 -3.4e+38 -3.4e+38 -3.4e+38 -3.4e+38 -3.4e+38 -3.4e+38 -3.4e+38 0.400000005960464 2 6.40000009536743 5.5 12.3000001907349 32.4000015258789 282.899993896484 324 370.5 64.0999984741211 409.799987792969 426 562.200012207031 950.799987792969 1037 762.700012207031 861.599975585938 1279 1440.59997558594 1320.40002441406 1137.90002441406 881.599975585938 615.299987792969 233.5 199 192.800003051758 190 187.100006103516 186.300003051758 185.199996948242 181.600006103516 332 180.899993896484 180 180.800003051758 180.5 347.5 346.299987792969 346.799987792969 344.5 578.400024414062 347.5 583.299987792969 361.100006103516
-3.4e+38 -3.4e+38 -3.4e+38 -3.4e+38 -3.4e+38 -3.4e+38 -3.4e+38 -3.4e+38 -3.4e+38 -3.4e+38 -3.4e+38 0.100000001490116 0.600000023841858 5 15.3999996185303 191.899993896484 30.7999992370605 38.2999992370605 46.5 362.399993896484 70.4000015258789 403.600006103516 416.600006103516 435.299987792969 693.099975585938 1082.30004882812 964.799987792969 805.700012207031 1241 1652.09997558594 1490.09997558594 1258.90002441406 954.700012207031 787.299987792969 244.300003051758 204.800003051758 194.199996948242 189.300003051758 183.100006103516 179.199996948242 175.199996948242 172.399993896484 168.600006103516 170.100006103516 168 167.100006103516 165.699996948242 328.200012207031 162 330.799987792969 332.600006103516 333.600006103516 335.5 340.299987792969 349
-3.4e+38 -3.4e+38 -3.4e+38 -3.4e+38 -3.4e+38 -3.4e+38 -3.4e+38 -3.4e+38 -3.4e+38 -3.4e+38 -3.4e+38 2 0.400000005960464 3.59999990463257 6 10 17.1000003814697 40.7999992370605 339.299987792969 361.700012207031 393.700012207031 55.0999984741211 76.8000030517578 419.399993896484 534.400024414062 1027.59997558594 1119.19995117188 689.299987792969 1271.80004882812 1800 1635.40002441406 1348.19995117188 1005.59997558594 828.099975585938 250.800003051758 211.600006103516 193.300003051758 182.399993896484 177.899993896484 174.199996948242 166.5 164.399993896484 159.699996948242 159 304.5 156 153.800003051758 151.800003051758 150.100006103516 149.5 321.799987792969 151.5 155.199996948242 330.799987792969 167.600006103516
-3.4e+38 -3.4e+38 -3.4e+38 -3.4e+38 -3.4e+38 -3.4e+38 -3.4e+38 -3.4e+38 -3.4e+38 -3.4e+38 -3.4e+38 -3.4e+38 0.400000005960464 1.60000002384186 6.80000019073486 6.90000009536743 251.699996948242 33.5999984741211 33.7000007629395 40.4000015258789 50.5 402 73.6999969482422 422.600006103516 470.600006103516 779.299987792969 1156 849.099975585938 982.700012207031 1707.09997558594 1637.30004882812 1355 1014.5 843.299987792969 731.5 221.699996948242 193.100006103516 184.5 176.600006103516 171.800003051758 165.399993896484 158.899993896484 154.899993896484 150.800003051758 147.600006103516 144.399993896484 144.300003051758 297.899993896484 301.100006103516 305.100006103516 137.899993896484 137.699996948242 142 147.800003051758 154.300003051758
-3.4e+38 -3.4e+38 -3.4e+38 -3.4e+38 -3.4e+38 -3.4e+38 -3.4e+38 -3.4e+38 -3.4e+38 -3.4e+38 -3.4e+38 -3.4e+38 0.699999988079071 1 5 7.09999990463257 7.80000019073486 16.3999996185303 36.0999984741211 43.7999992370605 41 65.8000030517578 52.2000007629395 408.399993896484 520.700012207031 685.799987792969 992 1081.09997558594 673.599975585938 1166.40002441406 1465.80004882812 1266.5 1060 308.200012207031 732.799987792969 668 194.899993896484 182.5 172.899993896484 166.300003051758 160.100006103516 153.300003051758 148.600006103516 142.5 140.199996948242 137 134.100006103516 131.199996948242 130.300003051758 128.600006103516 127.400001525879 126.400001525879 129.899993896484 136.600006103516 141.300003051758
-3.4e+38 -3.4e+38 -3.4e+38 -3.4e+38 -3.4e+38 -3.4e+38 -3.4e+38 -3.4e+38 -3.4e+38 -3.4e+38 -3.4e+38 -3.4e+38 -3.4e+38 1.39999997615814 2.70000004768372 3.29999995231628 9.69999980926514 8.89999961853027 21 35.2999992370605 35 48 50.4000015258789 62.9000015258789 418 421.600006103516 584.5 645.900024414062 581.099975585938 976.599975585938 1280.19995117188 420.200012207031 354.200012207031 284.299987792969 668.299987792969 642.900024414062 194.399993896484 178.899993896484 169.300003051758 162 154.800003051758 147.699996948242 142.800003051758 136.100006103516 133.399993896484 130.600006103516 128.199996948242 124.800003051758 123.099998474121 288 118.900001525879 116 119.400001525879 127.900001525879 133.100006103516
-3.4e+38 -3.4e+38 -3.4e+38 -3.4e+38 -3.4e+38 -3.4e+38 -3.4e+38 -3.4e+38 -3.4e+38 -3.4e+38 -3.4e+38 -3.4e+38 -3.4e+38 0.600000023841858 1.10000002384186 4.59999990463257 5.19999980926514 7.69999980926514 13.5 29.7999992370605 41.0999984741211 44.0999984741211 43.9000015258789 63 64.4000015258789 66 396.899993896484 493 363.899993896484 744.299987792969 405.200012207031 372.399993896484 319.899993896484 259.299987792969 229 627.5 203 174.399993896484 163.5 155.199996948242 149.699996948242 144.5 140 132.5 126.699996948242 125.099998474121 122.300003051758 121 119.400001525879 116.900001525879 114.199996948242 114 116.400001525879 122.699996948242 125.5
-3.4e+38 -3.4e+38 -3.4e+38 -3.4e+38 -3.4e+38 -3.4e+38 -3.4e+38 -3.4e+38 -3.4e+38 -3.4e+38 -3.4e+38 -3.4e+38 -3.4e+38 -3.4e+38 0.300000011920929 2.5 3.90000009536743 6.90000009536743 8.5 22.5 40.5999984741211 43.0999984741211 44.5999984741211 62.4000015258789 72 81.0999984741211 58.7000007629395 68.0999984741211 351.899993896484 632 345.5 327.799987792969 286.299987792969 239.199996948242 222.699996948242 195.800003051758 198.800003051758 170.600006103516 159.399993896484 150.100006103516 144.300003051758 140.899993896484 132.5 128.399993896484 122.900001525879 120.699996948242 117.400001525879 118.099998474121 116.300003051758 115.300003051758 113.900001525879 113.5 116.099998474121 118.900001525879 122.900001525879
-3.4e+38 -3.4e+38 -3.4e+38 -3.4e+38 -3.4e+38 -3.4e+38 -3.4e+38 -3.4e+38 -3.4e+38 -3.4e+38 -3.4e+38 -3.4e+38 -3.4e+38 -3.4e+38 0.699999988079071 1.29999995231628 3.40000009536743 5.09999990463257 7.40000009536743 18.2000007629395 33.7000007629395 38.2000007629395 47 55.5999984741211 57.2999992370605 326.200012207031 52.2999992370605 79.9000015258789 69.8000030517578 570.200012207031 284.200012207031 301.200012207031 269.899993896484 232.600006103516 216.5 198.300003051758 197 177 160.399993896484 152.300003051758 146 139.699996948242 132.399993896484 127.099998474121 124.300003051758 121.199996948242 119.5 117.699996948242 116.400001525879 115.800003051758 115.699996948242 116.199996948242 117.199996948242 120.400001525879 124.599998474121
-3.4e+38 -3.4e+38 -3.4e+38 -3.4e+38 -3.4e+38 -3.4e+38 -3.4e+38 -3.4e+38 -3.4e+38 -3.4e+38 -3.4e+38 -3.4e+38 -3.4e+38 -3.4e+38 1.89999997615814 0.800000011920929 1.5 0.600000023841858 5.5 10.1999998092651 19.7999992370605 40.2000007629395 45.0999984741211 54.2999992370605 71.3000030517578 40.5 75.9000015258789 85.8000030517578 70.3000030517578 123.199996948242 236.399993896484 287.799987792969 281.200012207031 256.100006103516 239.699996948242 217.899993896484 184.199996948242 188.800003051758 163.399993896484 153.800003051758 147.600006103516 140.100006103516 134.100006103516 129.600006103516 128.100006103516 124.300003051758 122.099998474121 121.400001525879 119.599998474121 120 120.599998474121 121.099998474121 122.400001525879 124.300003051758 127.099998474121
-3.4e+38 -3.4e+38 -3.4e+38 -3.4e+38 -3.4e+38 -3.4e+38 -3.4e+38 -3.4e+38 -3.4e+38 -3.4e+38 -3.4e+38 -3.4e+38 -3.4e+38 -3.4e+38 -3.4e+38 0.400000005960464 0.899999976158142 2.40000009536743 4.30000019073486 9.80000019073486 11.6999998092651 32 46.4000015258789 57.7000007629395 59.7000007629395 45.5 68.8000030517578 59.9000015258789 57.5999984741211 81.5 217.800003051758 277.899993896484 286 282.799987792969 251 216.899993896484 187.600006103516 629.200012207031 168 154.5 148.5 143.800003051758 136.399993896484 132.300003051758 131.100006103516 126.099998474121 124.400001525879 126.099998474121 125 125.400001525879 127.400001525879 126.599998474121 127.400001525879 128.5 130.800003051758
-3.4e+38 -3.4e+38 -3.4e+38 -3.4e+38 -3.4e+38 -3.4e+38 -3.4e+38 -3.4e+38 -3.4e+38 -3.4e+38 -3.4e+38 -3.4e+38 -3.4e+38 -3.4e+38 -3.4e+38 3 1.70000004768372 1.5 1.89999997615814 6 8.30000019073486 20.6000003814697 41.2999992370605 53.9000015258789 51.9000015258789 55.7999992370605 79.4000015258789 82.1999969482422 65.1999969482422 75.0999984741211 127.099998474121 249.5 270.399993896484 281 248.899993896484 222.300003051758 189.600006103516 642.599975585938 172 150.800003051758 149.399993896484 148.699996948242 140.5 135 132.800003051758 128.600006103516 128.300003051758 128.699996948242 131.300003051758 132 132.600006103516 133.399993896484 133 133.5 134.800003051758
-3.4e+38 -3.4e+38 -3.4e+38 -3.4e+38 -3.4e+38 -3.4e+38 -3.4e+38 -3.4e+38 -3.4e+38 -3.4e+38 -3.4e+38 -3.4e+38 -3.4e+38 -3.4e+38 -3.4e+38 -3.4e+38 12.1999998092651 4.90000009536743 0.300000011920929 1.60000002384186 8.10000038146973 18.2999992370605 28.3999996185303 43.0999984741211 52.2999992370605 60.7999992370605 79.0999984741211 81 68.9000015258789 62.2999992370605 98.5 173.100006103516 241.300003051758 257.700012207031 238.600006103516 219.399993896484 189.5 180.399993896484 180.800003051758 145.199996948242 144.300003051758 147.699996948242 140.100006103516 138.699996948242 137.300003051758 132.5 132.300003051758 133.800003051758 136.600006103516 136.899993896484 136.600006103516 139.699996948242 140.199996948242 139.600006103516 139
-3.4e+38 -3.4e+38 -3.4e+38 -3.4e+38 -3.4e+38 -3.4e+38 -3.4e+38 -3.4e+38 -3.4e+38 -3.4e+38 -3.4e+38 -3.4e+38 -3.4e+38 -3.4e+38 -3.4e+38 -3.4e+38 -3.4e+38 14.6000003814697 0 2.59999990463257 10.6000003814697 13.3000001907349 22.6000003814697 39.7999992370605 45.7999992370605 53.2000007629395 73.1999969482422 71.4000015258789 46.2999992370605 60.5999984741211 130.300003051758 189.600006103516 228.100006103516 242.800003051758 238.699996948242 222.5 192.699996948242 177.600006103516 187.899993896484 163.699996948242 142 137.600006103516 141.600006103516 142.300003051758 144.300003051758 140.100006103516 141 141.300003051758 143.899993896484 143.399993896484 141.899993896484 142.699996948242 144.300003051758 146 147.399993896484
-3.4e+38 -3.4e+38 -3.4e+38 -3.4e+38 -3.4e+38 -3.4e+38 -3.4e+38 -3.4e+38 -3.4e+38 -3.4e+38 -3.4e+38 -3.4e+38 -3.4e+38 -3.4e+38 -3.4e+38 -3.4e+38 -3.4e+38 20.5 3.90000009536743 0.400000005960464 2.29999995231628 7.30000019073486 16.6000003814697 34.4000015258789 46.5 48.7000007629395 62.4000015258789 71.0999984741211 51.0999984741211 47.7000007629395 116.300003051758 208.300003051758 232.399993896484 221.100006103516 226.300003051758 210 212 178.699996948242 167 167.600006103516 143.399993896484 139.300003051758 144.699996948242 146.699996948242 147.600006103516 147.899993896484 148.100006103516 149.699996948242 150.399993896484 151.399993896484 150 151 154.300003051758 156.399993896484 155.600006103516
-3.4e+38 -3.4e+38 -3.4e+38 -3.4e+38 -3.4e+38 -3.4e+38 -3.4e+38 -3.4e+38 -3.4e+38 -3.4e+38 -3.4e+38 -3.4e+38 -3.4e+38 -3.4e+38 -3.4e+38 -3.4e+38 -3.4e+38 -3.4e+38 26.6000003814697 4.30000019073486 0.400000005960464 7.40000009536743 16.8999996185303 29.6000003814697 47 49.7999992370605 51.2000007629395 67.0999984741211 62.7999992370605 51.2000007629395 139.300003051758 202.300003051758 198.199996948242 254.5 218.800003051758 218.300003051758 183 168.899993896484 174.5 182.5 155.5 141.399993896484 147.199996948242 151.800003051758 152 154.300003051758 155.199996948242 155.899993896484 156.100006103516 158.600006103516 163.300003051758 164.800003051758 165.5 166.899993896484 167.600006103516
-3.4e+38 -3.4e+38 -3.4e+38 -3.4e+38 -3.4e+38 -3.4e+38 -3.4e+38 -3.4e+38 -3.4e+38 -3.4e+38 -3.4e+38 -3.4e+38 -3.4e+38 -3.4e+38 -3.4e+38 -3.4e+38 -3.4e+38 -3.4e+38 38.0999984741211 9.69999980926514 0.100000001490116 1.5 6.69999980926514 21.2000007629395 40.9000015258789 53.7000007629395 59.9000015258789 60.5 46.9000015258789 44.5999984741211 111.699996948242 129.100006103516 567.599975585938 199 241.399993896484 196.399993896484 183.800003051758 151.800003051758 169.899993896484 155.199996948242 147.800003051758 137.5 152.800003051758 158.5 159.300003051758 158.5 164.300003051758 168.699996948242 169.600006103516 174.100006103516 175.399993896484 175.399993896484 177.399993896484 182.100006103516 181.699996948242
