data/layers/future_layer_can_585_60/bio19.asc
NCOLS 494 
NROWS 529 
XLLCORNER -117.166666666667 
YLLCORNER -55.5 
CELLSIZE 0.166666666666667 
NODATA_value -3.4e+38 
[rows 144 to 167 of 529, columns 330 to 384 of 494]
119.099998474121 135.5 166.199996948242 185.600006103516 201.399993896484 220.899993896484 227.600006103516 243 244.699996948242 -3.4e+38 -3.4e+38 -3.4e+38 -3.4e+38 -3.4e+38 -3.4e+38 -3.4e+38 -3.4e+38 -3.4e+38 -3.4e+38 -3.4e+38 -3.4e+38 -3.4e+38 -3.4e+38 -3.4e+38 -3.4e+38 -3.4e+38 -3.4e+38 -3.4e+38 -3.4e+38 -3.4e+38 -3.4e+38 -3.4e+38 -3.4e+38 -3.4e+38 -3.4e+38 -3.4e+38 -3.4e+38 -3.4e+38 -3.4e+38 -3.4e+38 -3.4e+38 -3.4e+38 -3.4e+38 -3.4e+38 -3.4e+38 -3.4e+38 -3.4e+38 -3.4e+38 -3.4e+38 -3.4e+38 -3.4e+38 -3.4e+38 -3.4e+38 -3.4e+38 -3.4e+38
137.699996948242 155.399993896484 174.199996948242 190.699996948242 197.600006103516 219.699996948242 228.100006103516 246.899993896484 252.699996948242 259 279.5 298 299.399993896484 -3.4e+38 -3.4e+38 -3.4e+38 -3.4e+38 -3.4e+38 -3.4e+38 -3.4e+38 -3.4e+38 -3.4e+38 -3.4e+38 -3.4e+38 -3.4e+38 -3.4e+38 -3.4e+38 -3.4e+38 -3.4e+38 -3.4e+38 -3.4e+38 -3.4e+38 -3.4e+38 -3.4e+38 -3.4e+38 -3.4e+38 -3.4e+38 -3.4e+38 -3.4e+38 -3.4e+38 -3.4e+38 -3.4e+38 -3.4e+38 -3.4e+38 -3.4e+38 -3.4e+38 -3.4e+38 -3.4e+38 -3.4e+38 -3.4e+38 -3.4e+38 -3.4e+38 -3.4e+38 -3.4e+38 -3.4e+38
150.399993896484 157.899993896484 157.399993896484 168.899993896484 195.399993896484 224.600006103516 227.100006103516 242.199996948242 258.5 269.700012207031 272.700012207031 279.700012207031 290.200012207031 289.100006103516 288.5 -3.4e+38 -3.4e+38 -3.4e+38 -3.4e+38 -3.4e+38 -3.4e+38 -3.4e+38 -3.4e+38 -3.4e+38 -3.4e+38 -3.4e+38 -3.4e+38 -3.4e+38 -3.4e+38 -3.4e+38 -3.4e+38 -3.4e+38 -3.4e+38 -3.4e+38 -3.4e+38 -3.4e+38 -3.4e+38 -3.4e+38 -3.4e+38 -3.4e+38 -3.4e+38 -3.4e+38 -3.4e+38 -3.4e+38 -3.4e+38 -3.4e+38 -3.4e+38 -3.4e+38 -3.4e+38 -3.4e+38 -3.4e+38 -3.4e+38 -3.4e+38 -3.4e+38 -3.4e+38
149.100006103516 150.399993896484 175 172.199996948242 203.600006103516 218 220 238.100006103516 253.5 267.200012207031 274.200012207031 275.799987792969 288.600006103516 291.299987792969 290 288.899993896484 296.700012207031 -3.4e+38 -3.4e+38 -3.4e+38 -3.4e+38 -3.4e+38 -3.4e+38 -3.4e+38 -3.4e+38 -3.4e+38 -3.4e+38 -3.4e+38 -3.4e+38 -3.4e+38 -3.4e+38 -3.4e+38 -3.4e+38 -3.4e+38 -3.4e+38 -3.4e+38 -3.4e+38 -3.4e+38 -3.4e+38 -3.4e+38 -3.4e+38 -3.4e+38 -3.4e+38 -3.4e+38 -3.4e+38 -3.4e+38 -3.4e+38 -3.4e+38 -3.4e+38 -3.4e+38 -3.4e+38 -3.4e+38 -3.4e+38 -3.4e+38 -3.4e+38
156.199996948242 156.100006103516 177.199996948242 188 194.600006103516 199 227.399993896484 233 246.399993896484 257.100006103516 265.600006103516 266.100006103516 279.200012207031 286.100006103516 287.399993896484 303.200012207031 300.899993896484 314.100006103516 -3.4e+38 -3.4e+38 -3.4e+38 -3.4e+38 -3.4e+38 -3.4e+38 -3.4e+38 -3.4e+38 -3.4e+38 -3.4e+38 -3.4e+38 -3.4e+38 -3.4e+38 -3.4e+38 -3.4e+38 -3.4e+38 -3.4e+38 -3.4e+38 -3.4e+38 -3.4e+38 -3.4e+38 -3.4e+38 -3.4e+38 -3.4e+38 -3.4e+38 -3.4e+38 -3.4e+38 -3.4e+38 -3.4e+38 -3.4e+38 -3.4e+38 -3.4e+38 -3.4e+38 -3.4e+38 -3.4e+38 -3.4e+38 -3.4e+38
118.099998474121 139.699996948242 175.899993896484 197.300003051758 180.300003051758 189.800003051758 215.199996948242 229.5 238.800003051758 248.300003051758 249.399993896484 248.100006103516 255.899993896484 269.399993896484 277.700012207031 295.5 302.200012207031 311.299987792969 307.200012207031 -3.4e+38 -3.4e+38 -3.4e+38 -3.4e+38 -3.4e+38 -3.4e+38 -3.4e+38 -3.4e+38 -3.4e+38 -3.4e+38 -3.4e+38 -3.4e+38 -3.4e+38 -3.4e+38 -3.4e+38 -3.4e+38 -3.4e+38 -3.4e+38 -3.4e+38 -3.4e+38 -3.4e+38 -3.4e+38 -3.4e+38 -3.4e+38 -3.4e+38 -3.4e+38 -3.4e+38 -3.4e+38 -3.4e+38 -3.4e+38 -3.4e+38 -3.4e+38 -3.4e+38 -3.4e+38 -3.4e+38 -3.4e+38
111.599998474121 117.699996948242 135.699996948242 169 184.699996948242 199.399993896484 214.600006103516 230.899993896484 228.899993896484 232.199996948242 234.300003051758 241.199996948242 250.100006103516 252.199996948242 264 273.899993896484 289.799987792969 304.299987792969 305.399993896484 305.399993896484 -3.4e+38 -3.4e+38 -3.4e+38 -3.4e+38 -3.4e+38 -3.4e+38 -3.4e+38 -3.4e+38 -3.4e+38 -3.4e+38 -3.4e+38 -3.4e+38 -3.4e+38 -3.4e+38 -3.4e+38 -3.4e+38 -3.4e+38 -3.4e+38 -3.4e+38 -3.4e+38 -3.4e+38 -3.4e+38 -3.4e+38 -3.4e+38 -3.4e+38 -3.4e+38 -3.4e+38 -3.4e+38 -3.4e+38 -3.4e+38 -3.4e+38 -3.4e+38 -3.4e+38 -3.4e+38 -3.4e+38
127.099998474121 134.600006103516 136.399993896484 143.699996948242 184.5 196.699996948242 215.199996948242 227.199996948242 229 234.399993896484 238.600006103516 243.199996948242 249 250.800003051758 255.800003051758 266.5 280.200012207031 287.299987792969 310.200012207031 313.399993896484 336.700012207031 -3.4e+38 -3.4e+38 -3.4e+38 -3.4e+38 -3.4e+38 -3.4e+38 -3.4e+38 -3.4e+38 -3.4e+38 -3.4e+38 -3.4e+38 -3.4e+38 -3.4e+38 -3.4e+38 -3.4e+38 -3.4e+38 -3.4e+38 -3.4e+38 -3.4e+38 -3.4e+38 -3.4e+38 -3.4e+38 -3.4e+38 -3.4e+38 -3.4e+38 -3.4e+38 -3.4e+38 -3.4e+38 -3.4e+38 -3.4e+38 -3.4e+38 -3.4e+38 -3.4e+38 -3.4e+38
129.600006103516 148.899993896484 133.800003051758 143.300003051758 167.600006103516 179.899993896484 199.5 215.600006103516 231.600006103516 216.699996948242 228.899993896484 239.100006103516 251.800003051758 261.100006103516 255.5 255.899993896484 273.5 286.5 295.100006103516 294.799987792969 317 324.799987792969 -3.4e+38 -3.4e+38 -3.4e+38 -3.4e+38 -3.4e+38 -3.4e+38 -3.4e+38 -3.4e+38 -3.4e+38 -3.4e+38 -3.4e+38 -3.4e+38 -3.4e+38 -3.4e+38 -3.4e+38 -3.4e+38 -3.4e+38 -3.4e+38 -3.4e+38 -3.4e+38 -3.4e+38 -3.4e+38 -3.4e+38 -3.4e+38 -3.4e+38 -3.4e+38 -3.4e+38 -3.4e+38 -3.4e+38 -3.4e+38 -3.4e+38 -3.4e+38 -3.4e+38
126 139.800003051758 142.100006103516 150.300003051758 170 175.199996948242 186.899993896484 213.399993896484 214.300003051758 213.5 217.699996948242 237.300003051758 242.199996948242 243.800003051758 256.200012207031 255.600006103516 266.399993896484 280 278.899993896484 313.799987792969 350.5 323.600006103516 -3.4e+38 -3.4e+38 -3.4e+38 -3.4e+38 -3.4e+38 -3.4e+38 -3.4e+38 -3.4e+38 -3.4e+38 -3.4e+38 -3.4e+38 -3.4e+38 -3.4e+38 -3.4e+38 -3.4e+38 -3.4e+38 -3.4e+38 -3.4e+38 -3.4e+38 -3.4e+38 -3.4e+38 -3.4e+38 -3.4e+38 -3.4e+38 -3.4e+38 -3.4e+38 -3.4e+38 -3.4e+38 -3.4e+38 -3.4e+38 -3.4e+38 -3.4e+38 -3.4e+38
129.300003051758 137.5 144.199996948242 159.300003051758 162.800003051758 180.899993896484 190.600006103516 217.199996948242 196.699996948242 204.199996948242 208.800003051758 213.300003051758 220.800003051758 237.100006103516 246.100006103516 250.899993896484 268.100006103516 288.899993896484 320.799987792969 344.899993896484 343.899993896484 305.700012207031 -3.4e+38 -3.4e+38 -3.4e+38 -3.4e+38 -3.4e+38 -3.4e+38 -3.4e+38 -3.4e+38 -3.4e+38 -3.4e+38 -3.4e+38 -3.4e+38 -3.4e+38 -3.4e+38 -3.4e+38 -3.4e+38 -3.4e+38 -3.4e+38 -3.4e+38 -3.4e+38 -3.4e+38 -3.4e+38 -3.4e+38 -3.4e+38 -3.4e+38 -3.4e+38 -3.4e+38 -3.4e+38 -3.4e+38 -3.4e+38 -3.4e+38 -3.4e+38 -3.4e+38
802.400024414062 145.699996948242 149.600006103516 161 186.399993896484 204.399993896484 213.199996948242 210.800003051758 216.699996948242 215.100006103516 211.5 215.699996948242 229.600006103516 231.100006103516 238.300003051758 264.200012207031 297 280.700012207031 314.700012207031 333.299987792969 336 310.700012207031 344.200012207031 329.399993896484 335 -3.4e+38 -3.4e+38 -3.4e+38 -3.4e+38 -3.4e+38 -3.4e+38 -3.4e+38 -3.4e+38 -3.4e+38 -3.4e+38 -3.4e+38 -3.4e+38 -3.4e+38 -3.4e+38 -3.4e+38 -3.4e+38 -3.4e+38 -3.4e+38 -3.4e+38 -3.4e+38 -3.4e+38 -3.4e+38 -3.4e+38 -3.4e+38 -3.4e+38 -3.4e+38 -3.4e+38 -3.4e+38 -3.4e+38 -3.4e+38
809.599975585938 154.199996948242 149.800003051758 172.399993896484 208.399993896484 216.300003051758 216.699996948242 223.800003051758 228.800003051758 247.100006103516 267.600006103516 264 274.200012207031 278.799987792969 261.600006103516 257.700012207031 275.700012207031 265 301.700012207031 342.600006103516 325.899993896484 310.600006103516 372 359 350.600006103516 325.399993896484 -3.4e+38 -3.4e+38 -3.4e+38 -3.4e+38 -3.4e+38 -3.4e+38 -3.4e+38 -3.4e+38 -3.4e+38 -3.4e+38 -3.4e+38 -3.4e+38 -3.4e+38 -3.4e+38 -3.4e+38 -3.4e+38 -3.4e+38 -3.4e+38 -3.4e+38 -3.4e+38 -3.4e+38 -3.4e+38 -3.4e+38 -3.4e+38 -3.4e+38 -3.4e+38 -3.4e+38 -3.4e+38 -3.4e+38
825 802.400024414062 180.5 201 205 206.600006103516 206.800003051758 206.600006103516 221.699996948242 258.799987792969 274.600006103516 296.5 289.899993896484 329.700012207031 301.700012207031 304.799987792969 315.600006103516 290 309.600006103516 282.899993896484 292.899993896484 306.700012207031 353.5 387 359.200012207031 348 317.799987792969 -3.4e+38 -3.4e+38 -3.4e+38 -3.4e+38 -3.4e+38 -3.4e+38 -3.4e+38 -3.4e+38 -3.4e+38 -3.4e+38 -3.4e+38 -3.4e+38 -3.4e+38 -3.4e+38 -3.4e+38 -3.4e+38 -3.4e+38 -3.4e+38 -3.4e+38 -3.4e+38 -3.4e+38 -3.4e+38 -3.4e+38 -3.4e+38 -3.4e+38 -3.4e+38 -3.4e+38 -3.4e+38
801.799987792969 798.299987792969 831.099975585938 835.5 226.5 214.5 224.800003051758 247.100006103516 272.700012207031 275.600006103516 248.5 317.100006103516 316.299987792969 307.700012207031 301.299987792969 315.799987792969 312.200012207031 315.299987792969 303.700012207031 273.200012207031 284.200012207031 282.5 356.399993896484 384.100006103516 378.399993896484 352.5 322.899993896484 316.899993896484 -3.4e+38 -3.4e+38 -3.4e+38 -3.4e+38 -3.4e+38 -3.4e+38 -3.4e+38 -3.4e+38 -3.4e+38 -3.4e+38 -3.4e+38 -3.4e+38 -3.4e+38 -3.4e+38 -3.4e+38 -3.4e+38 -3.4e+38 -3.4e+38 -3.4e+38 -3.4e+38 -3.4e+38 -3.4e+38 -3.4e+38 -3.4e+38 -3.4e+38 -3.4e+38 -3.4e+38
755.200012207031 843.099975585938 189.600006103516 842.700012207031 216.600006103516 218.600006103516 221.600006103516 254.899993896484 264.799987792969 219 278.5 278 328.799987792969 343.399993896484 365.700012207031 401.799987792969 359.399993896484 317.700012207031 301 257.899993896484 267.799987792969 293.100006103516 346.899993896484 371.600006103516 402.5 391.600006103516 348 338.100006103516 323.5 323.399993896484 -3.4e+38 -3.4e+38 -3.4e+38 -3.4e+38 -3.4e+38 -3.4e+38 -3.4e+38 -3.4e+38 -3.4e+38 -3.4e+38 -3.4e+38 -3.4e+38 -3.4e+38 -3.4e+38 -3.4e+38 -3.4e+38 -3.4e+38 -3.4e+38 -3.4e+38 -3.4e+38 -3.4e+38 -3.4e+38 -3.4e+38 -3.4e+38 -3.4e+38
844 849.099975585938 857 185.800003051758 191.100006103516 191.600006103516 204.100006103516 200.699996948242 239.899993896484 295.399993896484 301.399993896484 291 249.300003051758 365.200012207031 345.299987792969 407.899993896484 314.799987792969 263.899993896484 253.100006103516 317 327.100006103516 319.200012207031 353.399993896484 386.399993896484 379.200012207031 366 336.600006103516 363.200012207031 333.399993896484 324.700012207031 -3.4e+38 335.600006103516 338.700012207031 -3.4e+38 -3.4e+38 -3.4e+38 -3.4e+38 -3.4e+38 386.299987792969 391.700012207031 387.899993896484 -3.4e+38 408.399993896484 428.600006103516 438.700012207031 -3.4e+38 -3.4e+38 -3.4e+38 -3.4e+38 -3.4e+38 -3.4e+38 -3.4e+38 -3.4e+38 -3.4e+38 -3.4e+38
850.799987792969 835 809 750.099975585938 739.799987792969 829.099975585938 824.5 206 233.899993896484 270.5 289.200012207031 305.200012207031 214.899993896484 259.799987792969 341.799987792969 379.299987792969 339.399993896484 345.5 322.100006103516 390.200012207031 334.5 311.5 298.200012207031 325.600006103516 331.5 381.799987792969 351.600006103516 358.600006103516 348.299987792969 340.700012207031 372.700012207031 367.100006103516 370.200012207031 368.200012207031 375.600006103516 386.100006103516 385.799987792969 386.299987792969 414 421.100006103516 432 444.200012207031 443 455.600006103516 471.799987792969 483.600006103516 497.799987792969 504.100006103516 483.799987792969 -3.4e+38 -3.4e+38 -3.4e+38 -3.4e+38 -3.4e+38 -3.4e+38
889.099975585938 834.299987792969 806.200012207031 765.900024414062 774.700012207031 811.200012207031 786.5 830.700012207031 841.299987792969 249.100006103516 295.700012207031 270.299987792969 255.800003051758 169.5 275.700012207031 363.5 457.299987792969 465.899993896484 386 390.399993896484 293.299987792969 329.299987792969 316.600006103516 311.399993896484 399 344 386.299987792969 391.200012207031 350.899993896484 352 381.700012207031 381.299987792969 372.899993896484 381.799987792969 412.299987792969 429.299987792969 411.100006103516 404.700012207031 416.899993896484 430.299987792969 440.600006103516 444.600006103516 444.899993896484 458 474.600006103516 489.600006103516 502.5 516.299987792969 527.799987792969 543.099975585938 543.799987792969 -3.4e+38 -3.4e+38 -3.4e+38 -3.4e+38
167.600006103516 868.599975585938 825.299987792969 779.299987792969 773.299987792969 775.900024414062 791.599975585938 827.400024414062 843.099975585938 267.799987792969 265.899993896484 223.100006103516 245.699996948242 161.5 182.5 206.600006103516 263.399993896484 434.399993896484 468.700012207031 355 301 357.799987792969 341 354.899993896484 366 322.399993896484 380 356.600006103516 345 349.5 393.100006103516 390.899993896484 391.799987792969 397.200012207031 410.700012207031 414 408.100006103516 418.100006103516 427.299987792969 433.899993896484 444.799987792969 457.600006103516 455.100006103516 471.799987792969 486 499.799987792969 518.5 528.099975585938 540.799987792969 547.900024414062 568.299987792969 589.299987792969 623.200012207031 633 -3.4e+38
146.100006103516 836.200012207031 830.299987792969 804.599975585938 790.700012207031 773.700012207031 837.599975585938 800.700012207031 800.200012207031 826.200012207031 248.199996948242 207.699996948242 172.399993896484 157 182 221.100006103516 307.799987792969 269 420.5 395.899993896484 379.299987792969 418.899993896484 415.399993896484 409.299987792969 328.200012207031 348.799987792969 343.200012207031 333.700012207031 340.299987792969 342.799987792969 371.100006103516 379.899993896484 391.299987792969 403.299987792969 404.5 409.600006103516 418.700012207031 425.899993896484 413.600006103516 445.399993896484 455.399993896484 460.299987792969 463.200012207031 473.299987792969 488.600006103516 502.600006103516 512.5 532.599975585938 548.299987792969 566.599975585938 581.299987792969 600.900024414062 621.200012207031 654.5 679.299987792969
853.599975585938 834.700012207031 823.099975585938 797.599975585938 788.400024414062 749.700012207031 805.900024414062 767.299987792969 763.299987792969 784.900024414062 866.700012207031 288 241.199996948242 206.300003051758 213 251.699996948242 389.399993896484 288.299987792969 420.5 350.299987792969 438.100006103516 425.399993896484 419.700012207031 367.600006103516 387.100006103516 356.700012207031 350.100006103516 363.5 343.799987792969 344.100006103516 373.899993896484 396.5 397.399993896484 408.299987792969 418.5 428 428 432.100006103516 437 452.799987792969 463.100006103516 471.600006103516 472.299987792969 484.299987792969 499.200012207031 512.599975585938 523.900024414062 547.900024414062 553.700012207031 572.5 589.700012207031 611 633.700012207031 664.599975585938 686.900024414062
883.5 881.099975585938 826.099975585938 790.599975585938 782.799987792969 751.900024414062 757.700012207031 751 767.299987792969 743.900024414062 829 915.099975585938 900.599975585938 250.100006103516 284.600006103516 290 241.699996948242 321.799987792969 353.299987792969 309.200012207031 444.700012207031 439.899993896484 411 406.700012207031 403.799987792969 366.700012207031 340.5 330.899993896484 349.700012207031 399.700012207031 412.700012207031 397.5 417 433.799987792969 441.700012207031 437 439.299987792969 444.899993896484 438.299987792969 460.700012207031 473 476.5 436.700012207031 470.799987792969 494.899993896484 526.900024414062 537.299987792969 554.599975585938 569.799987792969 581.799987792969 595 611.799987792969 636.299987792969 671.099975585938 687.799987792969
876.599975585938 840 834.599975585938 790.5 771.299987792969 737.599975585938 765.599975585938 750.099975585938 806 763.5 776.400024414062 775.900024414062 781.400024414062 869.700012207031 243.399993896484 316.600006103516 262.700012207031 281.200012207031 388 371.200012207031 421.700012207031 401.299987792969 409.700012207031 421.5 399.299987792969 373.899993896484 380.5 364.200012207031 381.799987792969 415.700012207031 399.200012207031 416.100006103516 444 466.399993896484 456.799987792969 451.399993896484 456.200012207031 459.200012207031 460.5 471.799987792969 478.200012207031 448.299987792969 436.899993896484 471.399993896484 514 517 540.599975585938 560.799987792969 572.799987792969 592.5 593.200012207031 611.900024414062 643.900024414062 667 700.5
