data/layers/future_layer_can_585_60/bio18.asc
NCOLS 494 
NROWS 529 
XLLCORNER -117.166666666667 
YLLCORNER -55.5 
CELLSIZE 0.166666666666667 
NODATA_value -3.4e+38 
[rows 288 to 311 of 529, columns 275 to 329 of 494]
575.700012207031 626.099975585938 657.299987792969 685.299987792969 713 312.799987792969 277.600006103516 260.899993896484 283.299987792969 296.600006103516 313.200012207031 323.299987792969 320.100006103516 305.5 284.799987792969 268.899993896484 167.300003051758 188.800003051758 231.899993896484 249.300003051758 242.100006103516 238 236.5 400.299987792969 401.200012207031 406.100006103516 427.399993896484 439.100006103516 450.700012207031 463.200012207031 475.700012207031 489.100006103516 501.600006103516 515.099975585938 524.799987792969 532 537.200012207031 537.5 532 525.900024414062 511.399993896484 491.200012207031 467.299987792969 436.899993896484 406.799987792969 381 352 324.200012207031 300.5 282.600006103516 272.899993896484 270.299987792969 270.700012207031 271.700012207031 273.200012207031
515.700012207031 539 591.400024414062 655.900024414062 686 322.399993896484 250.699996948242 251.699996948242 284.399993896484 316.5 333.299987792969 333.399993896484 328.299987792969 312.799987792969 144.800003051758 145.399993896484 262.100006103516 158.5 206.899993896484 244.5 258.5 254.899993896484 240.899993896484 255.800003051758 263.100006103516 424.899993896484 435.200012207031 471.100006103516 488.200012207031 503.399993896484 518.700012207031 533 546 565.299987792969 573.299987792969 579.099975585938 580.099975585938 578.799987792969 572.599975585938 556.400024414062 539.799987792969 514.299987792969 488.399993896484 455.399993896484 421.600006103516 387.799987792969 356.700012207031 325.100006103516 299.799987792969 278.399993896484 267.299987792969 266.100006103516 267.799987792969 270.100006103516 272.200012207031
428.799987792969 477.899993896484 529.099975585938 589.200012207031 632.200012207031 300.299987792969 243.600006103516 254.800003051758 288.299987792969 333.899993896484 360 355.600006103516 336 318.600006103516 313 256.200012207031 273.799987792969 262.5 271 232.600006103516 251.899993896484 263.399993896484 258.5 252.199996948242 272.899993896484 462.600006103516 461 481.299987792969 520.700012207031 543.400024414062 562.099975585938 579.900024414062 595.799987792969 615.400024414062 622.200012207031 627.799987792969 630.400024414062 624.400024414062 615 594.200012207031 572.400024414062 542.5 509.600006103516 473.299987792969 436.600006103516 399.600006103516 362.399993896484 331.5 300.700012207031 277.399993896484 266.100006103516 265.700012207031 268.399993896484 269.700012207031 272.200012207031
337.399993896484 420 487.299987792969 528.900024414062 266.399993896484 297.700012207031 293.299987792969 291.5 304.200012207031 338.399993896484 374.399993896484 377.100006103516 351.899993896484 315.899993896484 291.799987792969 267.299987792969 276.299987792969 281.899993896484 257.399993896484 190.199996948242 238.699996948242 252.699996948242 267.200012207031 257.5 282.200012207031 435.899993896484 487.700012207031 496.200012207031 537 581.599975585938 606.599975585938 628.799987792969 646.5 663.299987792969 673.299987792969 680.400024414062 681.099975585938 674.599975585938 663.099975585938 636.400024414062 608.5 576 535.200012207031 492.799987792969 448.5 409.799987792969 373.899993896484 338.200012207031 309.799987792969 287.299987792969 273.799987792969 270 270.299987792969 270.299987792969 273.5
303.700012207031 346.5 430.100006103516 467.5 501.5 261.299987792969 289.299987792969 281.299987792969 303.399993896484 340.100006103516 380 398.399993896484 361.399993896484 321.700012207031 285.5 275.100006103516 265.899993896484 278.299987792969 266.700012207031 254.5 207.5 248.199996948242 254.199996948242 259.899993896484 278 448.700012207031 484.100006103516 503.5 519 595.799987792969 646.799987792969 677.400024414062 698.200012207031 715.099975585938 726.400024414062 733.900024414062 733.200012207031 725.200012207031 709.400024414062 681.799987792969 650.700012207031 607.400024414062 561.200012207031 515.400024414062 470 421.5 380.899993896484 345.700012207031 318.399993896484 295.899993896484 280.5 275.899993896484 273.299987792969 272.5 276.100006103516
303.799987792969 334.5 389.399993896484 390.600006103516 483.5 516 255.100006103516 258.899993896484 276.700012207031 307.600006103516 344.600006103516 365.200012207031 351.200012207031 319 290.700012207031 275 266.399993896484 262.700012207031 260.600006103516 246.199996948242 259.299987792969 227.5 244.100006103516 250.600006103516 268.899993896484 418.600006103516 449.100006103516 483.799987792969 521.200012207031 553.799987792969 643 715.400024414062 748.200012207031 769.400024414062 783.200012207031 786.5 781.799987792969 772.599975585938 757.700012207031 729.5 687.299987792969 638 584.900024414062 534.5 483.799987792969 438.100006103516 393 353.299987792969 324.200012207031 300.899993896484 285.5 278.100006103516 276.600006103516 274.399993896484 277.799987792969
284.799987792969 325.399993896484 344.100006103516 311.100006103516 452.100006103516 474.299987792969 222.800003051758 235.199996948242 248.800003051758 265.399993896484 284.899993896484 308.200012207031 312.899993896484 296.899993896484 273.5 265.899993896484 258.600006103516 249.199996948242 234.100006103516 227.600006103516 233.600006103516 186.800003051758 242.800003051758 243.199996948242 374.899993896484 328.899993896484 357.100006103516 449.799987792969 491.700012207031 503.899993896484 577.099975585938 715.900024414062 787 823.099975585938 838.400024414062 835.799987792969 822.400024414062 813.799987792969 806 778 726.200012207031 665.099975585938 602.200012207031 542.099975585938 491.5 446.5 402 359.899993896484 326.799987792969 306.399993896484 287.200012207031 276.799987792969 274.5 272.700012207031 273.600006103516
105.099998474121 231.800003051758 295.700012207031 173.800003051758 394.700012207031 430.600006103516 352.899993896484 213.899993896484 223.300003051758 215.5 238.100006103516 259.700012207031 265.299987792969 257.399993896484 418.299987792969 257.200012207031 246.899993896484 232.899993896484 210.600006103516 183.899993896484 195.5 225.399993896484 263.200012207031 234.100006103516 355 316.100006103516 273.700012207031 387 392.799987792969 446.799987792969 476.799987792969 590.700012207031 763.5 866.700012207031 896.599975585938 887.900024414062 847.799987792969 832 851.700012207031 832 757.700012207031 681.299987792969 609.400024414062 546.099975585938 489.799987792969 442 401.600006103516 362.299987792969 325.200012207031 300 284.899993896484 275.5 269.100006103516 266.399993896484 267.100006103516
1 3.20000004768372 6.5 34.2000007629395 372.100006103516 408.299987792969 320.299987792969 341.399993896484 192 177.5 211.300003051758 229.199996948242 226 222.899993896484 223.199996948242 236.800003051758 233.800003051758 210.100006103516 192 180.899993896484 186.100006103516 221.199996948242 242.300003051758 237.100006103516 287.799987792969 288.399993896484 271.600006103516 345.600006103516 285.100006103516 325 442.899993896484 450.700012207031 638.299987792969 837.900024414062 942.5 956.099975585938 863.200012207031 824.900024414062 858.5 841.700012207031 756.599975585938 677.099975585938 603.599975585938 539.799987792969 485.600006103516 436.899993896484 393.5 358 326.799987792969 295.399993896484 275.5 267.899993896484 263.600006103516 258.799987792969 258.100006103516
25.2000007629395 50.7000007629395 48.5 146.800003051758 349.200012207031 387 287 311.200012207031 317.700012207031 164.300003051758 201.899993896484 196.100006103516 194.899993896484 199 201 198.600006103516 201.699996948242 196 180.300003051758 171 169.199996948242 206 182.800003051758 234.5 231.399993896484 271.5 292.899993896484 293.700012207031 285.299987792969 286.299987792969 335.899993896484 346.399993896484 540.5 720.900024414062 864.299987792969 945.400024414062 874 818.799987792969 810.599975585938 777.900024414062 717.599975585938 649.400024414062 584.400024414062 525.200012207031 474.899993896484 427.899993896484 385.299987792969 349.399993896484 317.700012207031 289.299987792969 265.5 254.5 253.5 254.100006103516 255.5
15.5 24 40.5 74.6999969482422 281 243.699996948242 251 279 289.399993896484 296.600006103516 172.800003051758 186.699996948242 174.699996948242 177.300003051758 183.5 180.600006103516 183.699996948242 190.199996948242 181.800003051758 154.199996948242 157 166.399993896484 169.5 189.100006103516 214.300003051758 241.100006103516 263.899993896484 274.700012207031 276.799987792969 287.200012207031 291.100006103516 309 384.799987792969 618.700012207031 712.5 825.200012207031 803.5 775.5 751.099975585938 711.900024414062 661.099975585938 608.700012207031 555.900024414062 503.899993896484 458.899993896484 417.700012207031 375.799987792969 340.299987792969 310.399993896484 280.700012207031 252.699996948242 241.600006103516 244.800003051758 249.100006103516 253.199996948242
8.89999961853027 12.6000003814697 19.8999996185303 29.2000007629395 86 120.900001525879 139.399993896484 211.300003051758 256.5 254.399993896484 146 175.699996948242 167.399993896484 175.399993896484 170.5 168.5 286.799987792969 167.600006103516 175.899993896484 151.800003051758 242.199996948242 167.899993896484 150.899993896484 165.199996948242 195.600006103516 214.199996948242 232.600006103516 243.699996948242 260.799987792969 287.600006103516 287.799987792969 245.699996948242 286.200012207031 295.399993896484 360.700012207031 649.200012207031 690 666.599975585938 651.099975585938 612.5 591.400024414062 556.900024414062 517.900024414062 475.700012207031 440 403.899993896484 366.200012207031 330.5 302.5 277.299987792969 246 237.699996948242 242.800003051758 246.899993896484 249.300003051758
4.59999990463257 6.90000009536743 10.1999998092651 14.3999996185303 23.2000007629395 50.7999992370605 55.2000007629395 119.900001525879 226.300003051758 254.399993896484 242.399993896484 262.299987792969 278.899993896484 168.800003051758 165.199996948242 283.5 266.5 258.200012207031 251 239 231.5 236.699996948242 241.399993896484 155.5 178.399993896484 200 212.899993896484 221.399993896484 242.300003051758 241.600006103516 223.399993896484 252 227.199996948242 203.199996948242 205.399993896484 268 485.299987792969 537.400024414062 512 469.799987792969 450.700012207031 446.5 442 434.700012207031 407.200012207031 384 354.899993896484 329.799987792969 310.899993896484 293.399993896484 264.899993896484 249.300003051758 245.899993896484 245.800003051758 245.800003051758
0.800000011920929 2.5 2.79999995231628 4.80000019073486 10.1000003814697 19.2999992370605 39.7999992370605 86 181.199996948242 230.699996948242 220.600006103516 234.100006103516 262.200012207031 282 288.5 286 264.100006103516 246.800003051758 238.100006103516 229.199996948242 221.100006103516 218.899993896484 221.800003051758 237.300003051758 156.399993896484 180.399993896484 206.800003051758 214.399993896484 224.899993896484 226.800003051758 223.100006103516 259.100006103516 289.5 222.399993896484 176.899993896484 181.899993896484 189.899993896484 227 267.399993896484 253.699996948242 306.600006103516 277.700012207031 291.299987792969 329.799987792969 350.100006103516 348 341 329.100006103516 323.399993896484 316.700012207031 285.399993896484 260.200012207031 253.100006103516 246.300003051758 244.699996948242
-3.4e+38 1.89999997615814 1.10000002384186 4.90000009536743 4.69999980926514 6.90000009536743 21.7000007629395 58.2000007629395 124.900001525879 189.5 219.199996948242 242.100006103516 270.299987792969 289.5 291 281.5 266.100006103516 240.699996948242 237 230.399993896484 212.699996948242 205.199996948242 202.899993896484 204.199996948242 226.699996948242 155 184.300003051758 201.199996948242 209.899993896484 217.899993896484 224.199996948242 227.199996948242 222.5 178.600006103516 174.899993896484 195.300003051758 190.800003051758 172.699996948242 183.300003051758 191.399993896484 200.800003051758 183.800003051758 187.100006103516 217.800003051758 247.5 268.299987792969 300.200012207031 316.899993896484 323.399993896484 315.100006103516 289.200012207031 266.299987792969 254 245.800003051758 243
-3.4e+38 -3.4e+38 -3.4e+38 0.400000005960464 1.29999995231628 1.89999997615814 5.5 21.7000007629395 88.1999969482422 159.899993896484 184.399993896484 235.100006103516 268 285.299987792969 287.5 272.200012207031 261.399993896484 246.5 233.399993896484 224.600006103516 216.800003051758 200.800003051758 192 194.399993896484 209.800003051758 140.600006103516 162.800003051758 182.600006103516 189.5 196.399993896484 198.199996948242 224.5 249.300003051758 206.600006103516 196.899993896484 200.300003051758 185.699996948242 177.699996948242 170.399993896484 155.600006103516 146.800003051758 143.699996948242 147.300003051758 167.600006103516 184.5 220.699996948242 234.300003051758 283 298.600006103516 295.200012207031 279 259.700012207031 249.399993896484 240.300003051758 235.199996948242
-3.4e+38 -3.4e+38 -3.4e+38 -3.4e+38 0.100000001490116 1 1.89999997615814 10.1999998092651 58.4000015258789 130.699996948242 170 288.200012207031 251.300003051758 267 277.299987792969 258.399993896484 247.5 258.5 234.100006103516 211.5 202.5 216.100006103516 192.199996948242 192 201.699996948242 221.199996948242 156.300003051758 173.300003051758 173.199996948242 173.199996948242 174.899993896484 184.5 193.399993896484 223 208.100006103516 189.199996948242 169.300003051758 158.199996948242 154.699996948242 136.399993896484 121.800003051758 122.5 136.300003051758 154.699996948242 170.199996948242 188.800003051758 214.899993896484 262.799987792969 263.899993896484 275 262.100006103516 245.800003051758 237.100006103516 229.399993896484 226.399993896484
-3.4e+38 -3.4e+38 -3.4e+38 -3.4e+38 -3.4e+38 -3.4e+38 1.29999995231628 7.30000019073486 43.9000015258789 89.5999984741211 132.800003051758 271.799987792969 290.5 243.800003051758 254.399993896484 232.300003051758 232.300003051758 227.100006103516 203.600006103516 193.600006103516 188.899993896484 192 187.300003051758 190.100006103516 201.100006103516 219.399993896484 135.399993896484 152.899993896484 154.600006103516 156.600006103516 160.800003051758 178.600006103516 194.800003051758 206.899993896484 206.699996948242 187.300003051758 168.199996948242 152.100006103516 135.899993896484 124.900001525879 124.199996948242 122.400001525879 140.899993896484 157.600006103516 179.300003051758 189.800003051758 205.399993896484 232.699996948242 243.100006103516 244.800003051758 234.800003051758 225.800003051758 220.899993896484 216.300003051758 215.399993896484
-3.4e+38 -3.4e+38 -3.4e+38 -3.4e+38 -3.4e+38 -3.4e+38 0.600000023841858 6.09999990463257 18.6000003814697 64.5 101.400001525879 255.100006103516 282.700012207031 285.100006103516 217 200.5 189.600006103516 182.199996948242 178.300003051758 178.100006103516 178 179.199996948242 180.5 185.5 199.300003051758 218.699996948242 232.399993896484 134.800003051758 138.300003051758 139.100006103516 143.300003051758 151.899993896484 178.199996948242 198.300003051758 202.399993896484 188.699996948242 167.5 153.399993896484 133.899993896484 128.100006103516 123.800003051758 131.800003051758 145.5 159.199996948242 172.399993896484 188.5 195.800003051758 214.800003051758 219.5 218.100006103516 208.699996948242 204.5 202.600006103516 201.399993896484 201.800003051758
-3.4e+38 -3.4e+38 -3.4e+38 -3.4e+38 -3.4e+38 -3.4e+38 0 2.70000004768372 15.6000003814697 76.9000015258789 151.800003051758 144.600006103516 262.600006103516 263.399993896484 172.300003051758 171.5 168.699996948242 163.300003051758 161.600006103516 162.800003051758 165.199996948242 167.699996948242 172.699996948242 181.600006103516 247.600006103516 273.5 229.600006103516 220 122.900001525879 126.099998474121 125.599998474121 136.199996948242 152 183.5 197.699996948242 193 169 151 135.899993896484 128 131.399993896484 138.699996948242 153.600006103516 158.800003051758 170.199996948242 186.300003051758 193.899993896484 200.600006103516 199.5 190.5 184.300003051758 185.800003051758 186.899993896484 187.800003051758 187.899993896484
-3.4e+38 -3.4e+38 -3.4e+38 -3.4e+38 -3.4e+38 -3.4e+38 0 2.09999990463257 11.3000001907349 40.5 77.5 205.100006103516 236.699996948242 244.5 241.899993896484 166.300003051758 152.300003051758 147.399993896484 205.899993896484 203.5 206.800003051758 211 217.800003051758 224.600006103516 231.199996948242 255.600006103516 215.899993896484 220 201.899993896484 112 114.599998474121 121.5 132.800003051758 153 174.600006103516 196.199996948242 182.899993896484 150.899993896484 154.100006103516 127.099998474121 130.699996948242 139.5 157.100006103516 161.600006103516 174.800003051758 185.100006103516 190.800003051758 186 183.5 176.800003051758 171.699996948242 173 173.5 175.5 176.300003051758
-3.4e+38 -3.4e+38 -3.4e+38 -3.4e+38 -3.4e+38 -3.4e+38 0 2.5 8.69999980926514 24.7000007629395 67.9000015258789 151 195.699996948242 223.800003051758 230.600006103516 224.800003051758 142.100006103516 133.5 191.399993896484 186.300003051758 190.300003051758 196.600006103516 205.800003051758 211 220.300003051758 229.600006103516 246.399993896484 190.199996948242 175.100006103516 92.5999984741211 101.099998474121 113.900001525879 116 142.300003051758 170.199996948242 195.899993896484 188.399993896484 156.199996948242 159.199996948242 129 127.599998474121 142.300003051758 158 165.600006103516 176.199996948242 183.899993896484 181.100006103516 177 171.600006103516 167.899993896484 165 163.800003051758 163.199996948242 163.399993896484 166.100006103516
-3.4e+38 -3.4e+38 -3.4e+38 -3.4e+38 -3.4e+38 -3.4e+38 -3.4e+38 1.29999995231628 4.59999990463257 17.7999992370605 62.2000007629395 144.399993896484 169.300003051758 203.100006103516 204.100006103516 205.699996948242 190.899993896484 181 167 166.300003051758 173.100006103516 180.800003051758 187.699996948242 194.100006103516 202.399993896484 205 210.600006103516 161 148.100006103516 148.600006103516 86.9000015258789 99.5999984741211 122.199996948242 135.800003051758 180.399993896484 200.600006103516 191.699996948242 177.699996948242 173.899993896484 139.699996948242 130.5 148.800003051758 158.699996948242 170.699996948242 177.399993896484 179.399993896484 175.5 170.600006103516 165.5 163.800003051758 161.699996948242 156.800003051758 155.800003051758 156.5 156
-3.4e+38 -3.4e+38 -3.4e+38 -3.4e+38 -3.4e+38 -3.4e+38 -3.4e+38 1.10000002384186 3.20000004768372 10 39 88.5 143.899993896484 172.399993896484 174.800003051758 166 155.300003051758 152.100006103516 151.699996948242 152.600006103516 157.699996948242 165.199996948242 171.899993896484 175.899993896484 178.899993896484 178.5 181.300003051758 134.5 119.400001525879 128.100006103516 143.600006103516 89.6999969482422 101.699996948242 146.5 160.100006103516 190 185 180.199996948242 171.800003051758 169.5 153.800003051758 160.600006103516 176 176.899993896484 179.100006103516 178.699996948242 174 170.399993896484 161.600006103516 155.699996948242 155.699996948242 150.600006103516 149.300003051758 148.300003051758 147.699996948242
