data/layers/future_layer_can_585_60/bio16.asc
NCOLS 494 
NROWS 529 
XLLCORNER -117.166666666667 
YLLCORNER -55.5 
CELLSIZE 0.166666666666667 
NODATA_value -3.4e+38 
[rows 0 to 23 of 529, columns 55 to 109 of 494]
177.600006103516 197.100006103516 174.699996948242 162.199996948242 164.800003051758 154.199996948242 144.899993896484 145.199996948242 170.399993896484 140.600006103516 128.300003051758 130.300003051758 141.5 214 243.100006103516 230.899993896484 213.300003051758 219.600006103516 196.600006103516 178.699996948242 163.699996948242 156 156.699996948242 157.699996948242 164.199996948242 168.699996948242 171.800003051758 173.600006103516 175.399993896484 179.399993896484 177.399993896484 178.600006103516 179.300003051758 177.300003051758 176 180.199996948242 184 192.300003051758 195.199996948242 201.899993896484 203.5 206.800003051758 210.5 217.300003051758 217.100006103516 217.600006103516 214.899993896484 215.399993896484 216 214.5 219 224 228.5 233.600006103516 241
151.100006103516 157.100006103516 152 155.100006103516 162.699996948242 156.899993896484 144.600006103516 142.300003051758 171.199996948242 136.100006103516 136.699996948242 145.699996948242 154.699996948242 170.199996948242 172.5 186.699996948242 178 201.5 216.699996948242 191.800003051758 179.199996948242 169.100006103516 158.399993896484 156.699996948242 157 163.600006103516 164 161.600006103516 163.300003051758 164.800003051758 166.399993896484 165 167.800003051758 168.100006103516 169 170.5 175.600006103516 178.899993896484 190.800003051758 197.800003051758 197.100006103516 198.399993896484 201.800003051758 210.5 216.199996948242 215 217.199996948242 215.800003051758 215.600006103516 213.800003051758 219 222.5 220.899993896484 230.800003051758 243.399993896484
138.300003051758 132.600006103516 136 138.100006103516 142.800003051758 145.199996948242 138.199996948242 129.399993896484 164.100006103516 134.100006103516 137.100006103516 145.899993896484 162.699996948242 171.800003051758 160.100006103516 156.600006103516 161.699996948242 153.699996948242 203.300003051758 216.300003051758 194.199996948242 180.800003051758 161.699996948242 153.199996948242 153.399993896484 158.300003051758 155.100006103516 147.600006103516 150.5 152.5 155.100006103516 156 157.399993896484 158.5 160.300003051758 162.699996948242 169.100006103516 175 184.5 190.699996948242 192.199996948242 194.800003051758 197 204.5 214.600006103516 219.699996948242 223.5 224.399993896484 223.899993896484 223.399993896484 226.100006103516 227.699996948242 231.699996948242 242.800003051758 255.399993896484
134.800003051758 132.300003051758 146.399993896484 133.399993896484 140.699996948242 140.699996948242 134.199996948242 126.900001525879 126.699996948242 128 131.699996948242 144.600006103516 169.699996948242 167 168.600006103516 152.5 148.600006103516 149.800003051758 205.600006103516 236.600006103516 198.300003051758 171.600006103516 160.800003051758 150.399993896484 150.300003051758 151.399993896484 146.699996948242 142 138.899993896484 140.800003051758 145.699996948242 148.699996948242 147.5 149.399993896484 151.800003051758 155.300003051758 161.5 170.5 177.899993896484 187.300003051758 191.300003051758 193.5 196.600006103516 201.100006103516 212.199996948242 219.699996948242 223.100006103516 228.699996948242 231.399993896484 232.199996948242 234.100006103516 236.199996948242 243.5 254.5 265.799987792969
142.100006103516 140.600006103516 132.199996948242 132.899993896484 144.899993896484 141.300003051758 132.100006103516 126.800003051758 125.599998474121 129.699996948242 126.5 140.300003051758 168.199996948242 159.800003051758 155.699996948242 147.699996948242 140.399993896484 143.699996948242 194.399993896484 210.600006103516 182.199996948242 171.800003051758 163.800003051758 154 143.800003051758 142.199996948242 140.199996948242 140.300003051758 135.199996948242 134.699996948242 137.199996948242 141.399993896484 140.5 140.300003051758 143.399993896484 148.600006103516 154.5 163.300003051758 171.800003051758 181.300003051758 188.600006103516 191.899993896484 198.300003051758 203.399993896484 206.800003051758 215.100006103516 219.399993896484 226.699996948242 231.399993896484 235.699996948242 239.899993896484 243 247.800003051758 253 259.600006103516
147.199996948242 142.600006103516 137.699996948242 137.899993896484 137.100006103516 135 131.300003051758 126.800003051758 124.900001525879 118 121.900001525879 130.600006103516 153.399993896484 155.399993896484 144.600006103516 140 143.100006103516 145.100006103516 157.399993896484 193.600006103516 187.300003051758 179.600006103516 169.800003051758 155.600006103516 146.199996948242 138.5 135.199996948242 135 133.800003051758 129.800003051758 128.600006103516 129.899993896484 131.800003051758 135.5 139.300003051758 144.699996948242 151.199996948242 159.899993896484 170.5 178.699996948242 185.699996948242 189.699996948242 192.600006103516 200.5 206.5 209.800003051758 214 217.800003051758 221.899993896484 232.199996948242 239.399993896484 243.699996948242 246.5 247.100006103516 246.699996948242
156.199996948242 147.800003051758 145.5 143.100006103516 140.300003051758 137.5 132.100006103516 128 125.900001525879 118.900001525879 116 125.699996948242 134.300003051758 155.100006103516 153.199996948242 146.5 151.699996948242 162.100006103516 155.199996948242 181.699996948242 200.699996948242 181.899993896484 172.899993896484 161.399993896484 154.300003051758 143.399993896484 133.300003051758 130.699996948242 129.300003051758 124.599998474121 121.800003051758 122.400001525879 125.300003051758 129.600006103516 137.800003051758 143.899993896484 150.300003051758 157.5 167.100006103516 177.300003051758 184.100006103516 187.100006103516 188.100006103516 191.600006103516 196.399993896484 203.699996948242 209.300003051758 214.300003051758 219.100006103516 225.199996948242 232.800003051758 237.399993896484 238.800003051758 237.899993896484 236.600006103516
159.199996948242 161.5 155.300003051758 152.800003051758 148 139.899993896484 134.600006103516 128.899993896484 124.5 125.699996948242 123.199996948242 123.900001525879 131.600006103516 141 160 157.600006103516 163.199996948242 182.399993896484 198.199996948242 165 197.600006103516 189 176.399993896484 163.699996948242 154.100006103516 145.399993896484 135.199996948242 129.199996948242 127.400001525879 123.199996948242 120 117.599998474121 123.400001525879 131.100006103516 140 146.899993896484 151.600006103516 156 163.699996948242 173.600006103516 179.399993896484 181.699996948242 183.600006103516 185.800003051758 188.600006103516 197 204.399993896484 209.600006103516 217.800003051758 224.300003051758 229.100006103516 232.5 233.699996948242 231.5 230.699996948242
166.899993896484 174.699996948242 169.100006103516 164.800003051758 161 146.100006103516 138.199996948242 133.600006103516 132 136.199996948242 148 136.600006103516 138.199996948242 133.5 141.600006103516 164.800003051758 170.800003051758 191.600006103516 201.600006103516 174.100006103516 183.199996948242 197 178.899993896484 170.5 161.899993896484 151.600006103516 141 135.699996948242 133.300003051758 127.5 122 120.199996948242 127.400001525879 136.5 149 151.100006103516 154.100006103516 158.800003051758 163.899993896484 171.300003051758 177.899993896484 182 184.300003051758 184.5 186 193.199996948242 200.300003051758 207.699996948242 217.899993896484 224.899993896484 230 234.399993896484 236.399993896484 232.300003051758 229.5
172.399993896484 181.5 176.800003051758 171.199996948242 161.199996948242 155.399993896484 143.5 138.899993896484 142.100006103516 144.399993896484 152.399993896484 150 166.199996948242 134.600006103516 126.400001525879 157.199996948242 160.100006103516 174.100006103516 186.899993896484 175.300003051758 180 199.899993896484 197.399993896484 195.600006103516 175.699996948242 162.800003051758 151.600006103516 146.899993896484 141.899993896484 136.800003051758 131.800003051758 130.300003051758 136.100006103516 143.899993896484 152.300003051758 154.699996948242 157.5 159.899993896484 167 171.5 176 179.600006103516 182.300003051758 184.800003051758 187.600006103516 193.699996948242 202.100006103516 209.199996948242 216.199996948242 222.800003051758 227.899993896484 233.600006103516 235.5 233.100006103516 233.800003051758
184 190 179.800003051758 168.300003051758 163.5 158.5 149 145.800003051758 148.899993896484 144.5 152 163.600006103516 160.699996948242 162.600006103516 137.300003051758 135.5 145 189.100006103516 178.600006103516 183 187.800003051758 204.199996948242 227.100006103516 231.800003051758 194.899993896484 181.800003051758 167.600006103516 161.699996948242 153.600006103516 148.699996948242 143.100006103516 142.300003051758 148.399993896484 155.199996948242 159.5 157.300003051758 154.100006103516 157.300003051758 164.100006103516 170.199996948242 177.199996948242 180.199996948242 183.100006103516 185.199996948242 188 194.399993896484 200.399993896484 206.300003051758 212 217.699996948242 222.699996948242 229.699996948242 235.300003051758 237.100006103516 240.899993896484
183.800003051758 190.899993896484 181.699996948242 171.800003051758 166.5 161.800003051758 155.800003051758 160 149.800003051758 149.399993896484 156.199996948242 156.899993896484 152.5 163 181.899993896484 158.199996948242 140.100006103516 147.399993896484 172.699996948242 182.399993896484 193.199996948242 207.5 244 257.600006103516 242.100006103516 219.199996948242 197.699996948242 176.5 167.199996948242 161.899993896484 157.899993896484 151.399993896484 154.600006103516 160.199996948242 160.600006103516 158.399993896484 152.300003051758 153 162.399993896484 170 178.100006103516 181.899993896484 182.800003051758 185.800003051758 187.199996948242 194.899993896484 202 207.600006103516 212.199996948242 214.699996948242 218.300003051758 225.800003051758 234.600006103516 239.300003051758 245
187.199996948242 194.100006103516 187.399993896484 174.5 169.699996948242 170.899993896484 166.199996948242 169.199996948242 164.699996948242 170.300003051758 173.100006103516 165.199996948242 153.5 149.600006103516 162.5 171.100006103516 157.600006103516 154.199996948242 160.800003051758 181.300003051758 192.100006103516 205.199996948242 242.300003051758 256.799987792969 235.600006103516 229.300003051758 214 188.399993896484 182.100006103516 181.899993896484 173.399993896484 163.399993896484 157.600006103516 157.600006103516 155.899993896484 154.100006103516 152.100006103516 154.699996948242 162.300003051758 170.800003051758 177.699996948242 181.399993896484 183.800003051758 185.800003051758 187.399993896484 198.699996948242 207.600006103516 211.100006103516 209.800003051758 207.300003051758 212.100006103516 223.399993896484 232.899993896484 242.600006103516 253.699996948242
189.899993896484 191.5 186.899993896484 178.899993896484 175.600006103516 174.600006103516 179.399993896484 182.800003051758 189.399993896484 203.300003051758 202.899993896484 179.800003051758 179.199996948242 154 157.699996948242 167.699996948242 163.399993896484 163.800003051758 174.5 176.899993896484 207.800003051758 204.399993896484 219.100006103516 226.800003051758 234.899993896484 230.600006103516 216.699996948242 210 216.199996948242 206.5 188.100006103516 173.100006103516 160.399993896484 154 152.5 151.600006103516 152 156.199996948242 164.199996948242 171.899993896484 176.199996948242 179.899993896484 182.600006103516 184 192.5 205.5 214 217.399993896484 216.100006103516 212.699996948242 219.800003051758 225.699996948242 233.399993896484 245 261.899993896484
200.199996948242 197.800003051758 191.899993896484 186.300003051758 181.800003051758 182.899993896484 183.199996948242 196.5 221.800003051758 248 230.899993896484 205.300003051758 191.600006103516 171.399993896484 164.600006103516 183 173.100006103516 169.100006103516 188.699996948242 177.399993896484 194.899993896484 221.600006103516 220 213 222.699996948242 239.800003051758 241.100006103516 222.399993896484 203.199996948242 192.699996948242 189.300003051758 171.600006103516 154.800003051758 148.199996948242 145.699996948242 146 149 156.5 166.899993896484 172.5 174.600006103516 177.300003051758 180.199996948242 186.300003051758 199 210.5 218.899993896484 223.5 226.399993896484 228.399993896484 228.800003051758 232.800003051758 235.399993896484 246.600006103516 265.299987792969
222.300003051758 210.100006103516 203.800003051758 198.699996948242 189 184.699996948242 181.399993896484 206.899993896484 231.5 248.899993896484 236.600006103516 218.800003051758 193.899993896484 181.300003051758 177.399993896484 193.600006103516 192.800003051758 179.600006103516 197.699996948242 180.300003051758 193.199996948242 229.899993896484 227.100006103516 211.600006103516 219.600006103516 235.899993896484 226.600006103516 202.100006103516 187.899993896484 181.300003051758 175 156.899993896484 143 136.800003051758 136.300003051758 137.800003051758 143.800003051758 152.300003051758 163 167.699996948242 170.5 174.100006103516 177.800003051758 191 204.100006103516 215 223 229.300003051758 233.699996948242 236.600006103516 239 241.899993896484 243.399993896484 253.100006103516 271
248.300003051758 237.600006103516 220 216.399993896484 206 196.5 189.199996948242 196.399993896484 217.899993896484 233.699996948242 236 224.300003051758 207.600006103516 195.300003051758 199.300003051758 219.600006103516 225.399993896484 204.800003051758 208.399993896484 189.100006103516 183.600006103516 220.100006103516 210.399993896484 201.800003051758 208.699996948242 206.199996948242 203.100006103516 196.399993896484 173.100006103516 174.899993896484 156.100006103516 141.800003051758 128.899993896484 124.699996948242 126 129.399993896484 136.5 145 153.800003051758 160.899993896484 165.600006103516 171.399993896484 178.100006103516 196.199996948242 210.199996948242 218 226.399993896484 232 237.899993896484 242.100006103516 245 246.800003051758 251.100006103516 260.200012207031 279
272.700012207031 255.5 248.199996948242 232.300003051758 238.100006103516 224 227.100006103516 209.300003051758 223.899993896484 237.300003051758 238.899993896484 220.300003051758 219.199996948242 206.600006103516 211.300003051758 230 228 213.699996948242 198.5 194.600006103516 157.699996948242 170.899993896484 186.100006103516 185.199996948242 196.5 189.300003051758 192.699996948242 191 168.399993896484 145.199996948242 137.800003051758 132 124 120.099998474121 117.900001525879 122.199996948242 127.599998474121 137.199996948242 147.199996948242 155.600006103516 162 167.600006103516 177.800003051758 197.300003051758 211.300003051758 218.600006103516 226.800003051758 231.800003051758 237.699996948242 237.100006103516 240.5 246.699996948242 250.5 260.399993896484 280.200012207031
310.5 273.100006103516 271 250.399993896484 258.5 245.699996948242 276 277 243.199996948242 237.800003051758 240.600006103516 212.600006103516 203.800003051758 215.800003051758 219.699996948242 233.699996948242 224 203.199996948242 177.300003051758 177.600006103516 151.699996948242 143.300003051758 153.399993896484 184.600006103516 211.800003051758 197.5 181.100006103516 180.899993896484 160.399993896484 145.399993896484 132.5 125 125.400001525879 119.099998474121 113.300003051758 114.900001525879 120 126.800003051758 140 153.899993896484 163.399993896484 168.100006103516 176.5 191.100006103516 203.5 213.800003051758 221.899993896484 227.899993896484 230.899993896484 230.600006103516 231.699996948242 237.399993896484 247.600006103516 260.600006103516 270.299987792969
329.200012207031 301.200012207031 284.700012207031 267.399993896484 269.700012207031 267.700012207031 285.600006103516 316.600006103516 312.600006103516 244.699996948242 239.399993896484 217.399993896484 200.199996948242 202.600006103516 213.399993896484 227.600006103516 215.399993896484 196.300003051758 175.800003051758 190.100006103516 168.100006103516 149.800003051758 151.899993896484 183.199996948242 203.399993896484 199.100006103516 172 178 161.100006103516 147.699996948242 142 118.599998474121 120.900001525879 114.099998474121 116.599998474121 107.300003051758 111.5 122.300003051758 134.5 154.100006103516 166.600006103516 171.800003051758 176.800003051758 188.199996948242 197.100006103516 208.699996948242 215.699996948242 218.399993896484 221.5 219.300003051758 217.899993896484 227.300003051758 245 256.700012207031 257.299987792969
359.899993896484 331.899993896484 305.600006103516 284.200012207031 281.600006103516 284.700012207031 293.799987792969 318.799987792969 349.200012207031 285.299987792969 252 249.699996948242 204.600006103516 200 198.199996948242 198.100006103516 190.199996948242 179.899993896484 179.399993896484 191.600006103516 208.199996948242 166.399993896484 180 208.399993896484 185.399993896484 167.199996948242 159.399993896484 169.800003051758 194.300003051758 132.5 127.099998474121 150.300003051758 129.199996948242 112.400001525879 113.599998474121 106.900001525879 102 115.699996948242 135 154.100006103516 173.300003051758 182.899993896484 180.300003051758 188 199 208.100006103516 213 213.399993896484 212.800003051758 212.300003051758 215.800003051758 226.300003051758 242.100006103516 249.5 246.300003051758
362.899993896484 338.799987792969 315.700012207031 294 296.700012207031 299.700012207031 314.200012207031 336.5 370.100006103516 313.600006103516 267.200012207031 269.600006103516 214.300003051758 217.899993896484 202.899993896484 201 190.600006103516 178.100006103516 190.199996948242 190.5 195 200.899993896484 223.300003051758 234.100006103516 198.399993896484 167.100006103516 165 147 139.100006103516 125.900001525879 119.099998474121 147 168.899993896484 118.300003051758 129 152.699996948242 113.800003051758 117.900001525879 136.399993896484 157.100006103516 181.600006103516 198.899993896484 190.899993896484 190.899993896484 200.399993896484 207.100006103516 210 209.100006103516 207.300003051758 208.800003051758 214.199996948242 223.100006103516 233.300003051758 239.399993896484 241.199996948242
371.299987792969 337.100006103516 322.600006103516 301.5 310.100006103516 314.200012207031 332.600006103516 351.100006103516 377.600006103516 349.700012207031 288.200012207031 282.399993896484 229.300003051758 219.100006103516 210.899993896484 197.399993896484 194.300003051758 192.199996948242 190.100006103516 188.600006103516 202.300003051758 224.399993896484 240.899993896484 230.300003051758 203.100006103516 183.600006103516 154.699996948242 137.600006103516 127.300003051758 129.699996948242 118.699996948242 117.099998474121 173.600006103516 136.899993896484 137.100006103516 144.5 124.199996948242 129.199996948242 144.5 160.899993896484 180.199996948242 193.100006103516 189.899993896484 194 201.5 207.300003051758 207.899993896484 204.399993896484 202.100006103516 203.199996948242 210.600006103516 220 227.600006103516 234.300003051758 235.399993896484
384.799987792969 360.200012207031 333.100006103516 326.200012207031 312.299987792969 314.899993896484 328.299987792969 351.5 367.700012207031 357 315.899993896484 277.700012207031 251.100006103516 221.899993896484 212.800003051758 205.199996948242 209.800003051758 217.5 201 198.300003051758 205.300003051758 221 234.5 221.5 197.399993896484 196.100006103516 172.800003051758 132.899993896484 123.800003051758 119 119.5 118.599998474121 135.100006103516 132.300003051758 131.100006103516 142.300003051758 137 146.100006103516 157.5 172 181.300003051758 182.100006103516 183.300003051758 192 205 211.199996948242 204.699996948242 201.300003051758 199.300003051758 200.399993896484 205.5 214 224.300003051758 226.399993896484 225
