data/layers/future_layer_can_585_60/bio15.asc
NCOLS 494 
NROWS 529 
XLLCORNER -117.166666666667 
YLLCORNER -55.5 
CELLSIZE 0.166666666666667 
NODATA_value -3.4e+38 
[rows 200 to 224 of 529, columns 220 to 274 of 494]
116.199996948242 116 114.099998474121 110.400001525879 107.199996948242 102.5 98 93.9000015258789 87.0999984741211 63.7000007629395 45.4000015258789 42.2999992370605 28.6000003814697 19.8999996185303 20.7000007629395 26.3999996185303 27 27.2999992370605 25.7000007629395 25.6000003814697 25.5 25.7999992370605 26.2000007629395 26.8999996185303 28 29.5 31.2000007629395 33 34.4000015258789 35.5 37 38 38.7999992370605 39.4000015258789 39.9000015258789 40.0999984741211 40.4000015258789 40.4000015258789 40.2999992370605 40 39.7000007629395 39.5999984741211 39.5999984741211 39.5 39.4000015258789 39.0999984741211 38.7000007629395 38.4000015258789 38.2999992370605 38.2000007629395 38 37.9000015258789 37.7999992370605 37.5999984741211 37.7000007629395
108.300003051758 113.400001525879 114.900001525879 113.400001525879 111.400001525879 105.599998474121 100.199996948242 96.5999984741211 88.8000030517578 56.2000007629395 42.5999984741211 39.2000007629395 23.7000007629395 19.8999996185303 23.8999996185303 26.5 27.3999996185303 26.7000007629395 25.2999992370605 25.2999992370605 25.3999996185303 26 26.6000003814697 27.3999996185303 28.7000007629395 29.8999996185303 31.5 33.0999984741211 34.4000015258789 35.7000007629395 36.9000015258789 37.5999984741211 38.2000007629395 38.7999992370605 39.0999984741211 39.2999992370605 39.5 39.4000015258789 39.2999992370605 39.0999984741211 39 38.9000015258789 38.9000015258789 38.9000015258789 38.9000015258789 38.5999984741211 38.4000015258789 38.2999992370605 38.2999992370605 38.2000007629395 38.0999984741211 38.0999984741211 38.0999984741211 38.0999984741211 38.2000007629395
104.699996948242 112.599998474121 115.099998474121 117.599998474121 116.900001525879 109.099998474121 101.599998474121 96.5 89.8000030517578 58.5999984741211 38 34.4000015258789 22.7999992370605 23.2999992370605 24.7999992370605 26.2999992370605 25.5 24.8999996185303 25.1000003814697 25.1000003814697 25.3999996185303 26.1000003814697 27 27.8999996185303 29.2000007629395 30.5 31.8999996185303 33.2999992370605 34.4000015258789 35.5 36.7000007629395 37.2999992370605 37.5 38 38.2999992370605 38.7000007629395 38.7000007629395 38.5 38.5 38.5 38.5 38.4000015258789 38.4000015258789 38.5999984741211 38.5999984741211 38.5 38.5 38.4000015258789 38.4000015258789 38.2999992370605 38.4000015258789 38.4000015258789 38.4000015258789 38.5 38.7999992370605
107.199996948242 112.099998474121 116.599998474121 122.199996948242 121.300003051758 114.5 107.199996948242 99.4000015258789 89.3000030517578 56.7999992370605 35.7000007629395 29.7000007629395 23.3999996185303 26.7000007629395 24.7999992370605 24.8999996185303 24.7000007629395 24.6000003814697 24.7999992370605 25 25.7000007629395 26.5 27.2000007629395 28.2999992370605 29.3999996185303 30.7000007629395 32.0999984741211 33.4000015258789 34.4000015258789 35.4000015258789 36.2999992370605 36.7000007629395 37 37.2999992370605 37.5999984741211 37.9000015258789 37.9000015258789 37.9000015258789 37.9000015258789 38 37.9000015258789 37.9000015258789 38.0999984741211 38.4000015258789 38.5999984741211 38.5 38.5999984741211 38.7999992370605 38.7000007629395 38.7000007629395 38.7000007629395 38.7999992370605 38.9000015258789 39 39.2000007629395
105.099998474121 113.300003051758 116.5 122.599998474121 122.5 118.5 113 103.300003051758 85.4000015258789 59.9000015258789 39.7999992370605 27 25.5 25.7000007629395 22 22.8999996185303 22.7000007629395 23.7999992370605 24.3999996185303 25.1000003814697 25.7999992370605 26.5 27.5 28.5 29.7000007629395 31.1000003814697 32.2999992370605 33.4000015258789 34.2000007629395 34.9000015258789 35.7000007629395 36.2000007629395 36.5 36.7000007629395 36.9000015258789 37.0999984741211 37.2000007629395 37.4000015258789 37.5 37.5999984741211 37.5 37.7000007629395 38.0999984741211 38.4000015258789 38.5999984741211 38.7000007629395 38.7999992370605 38.7999992370605 38.9000015258789 39 39.0999984741211 39.2000007629395 39.4000015258789 39.7000007629395 39.9000015258789
116.400001525879 117.400001525879 118.099998474121 120.900001525879 121.699996948242 119.599998474121 116.400001525879 107.199996948242 89.6999969482422 63.4000015258789 41.2999992370605 29 25 27.5 23 23 23.3999996185303 23.2000007629395 23.7000007629395 24.6000003814697 25.3999996185303 26.2999992370605 27.3999996185303 28.3999996185303 29.3999996185303 30.7000007629395 31.7000007629395 32.7000007629395 33.2999992370605 34 34.7000007629395 35.0999984741211 35.4000015258789 35.7000007629395 36 36.0999984741211 36.4000015258789 36.4000015258789 36.5999984741211 36.7999992370605 37 37.2999992370605 37.5999984741211 38.0999984741211 38.4000015258789 38.5999984741211 38.7000007629395 38.7999992370605 38.7999992370605 39 39.2000007629395 39.4000015258789 39.5999984741211 39.9000015258789 40.4000015258789
121.400001525879 122.5 122.900001525879 122.5 121.5 119.300003051758 116.5 109.699996948242 90.1999969482422 62.9000015258789 46.2999992370605 30.3999996185303 26.3999996185303 27.7000007629395 21.8999996185303 22.7999992370605 22.8999996185303 23.3999996185303 23.6000003814697 24.2000007629395 25.1000003814697 26.1000003814697 27.1000003814697 28.1000003814697 29 30.2000007629395 31.2999992370605 32.0999984741211 32.7000007629395 33.4000015258789 34 34.2999992370605 34.5999984741211 35 35 35.2999992370605 35.4000015258789 35.7000007629395 35.9000015258789 36.2999992370605 36.5 36.7999992370605 37.2999992370605 37.7999992370605 38.2999992370605 38.5 38.5 38.7000007629395 38.7999992370605 39 39.2000007629395 39.4000015258789 39.7999992370605 40.2999992370605 40.9000015258789
124.199996948242 125.099998474121 123.099998474121 122.800003051758 122 119.5 115.900001525879 109.400001525879 95.4000015258789 74.3000030517578 49.5 34.0999984741211 28 28.1000003814697 21.2999992370605 22.2000007629395 22.3999996185303 23.2000007629395 23.3999996185303 24 24.8999996185303 25.7999992370605 26.8999996185303 27.8999996185303 29 30.1000003814697 30.8999996185303 31.7000007629395 32.0999984741211 32.7000007629395 33.2000007629395 33.4000015258789 33.7000007629395 34 34.2999992370605 34.2999992370605 34.7000007629395 35.0999984741211 35.4000015258789 35.7999992370605 36.2000007629395 36.5999984741211 37.0999984741211 37.7000007629395 38.0999984741211 38.2000007629395 38.4000015258789 38.5999984741211 38.7999992370605 38.9000015258789 39.2000007629395 39.5 40 40.5 41.2000007629395
126.300003051758 121.699996948242 121.5 118.900001525879 120.400001525879 119.400001525879 115.599998474121 109.599998474121 95.0999984741211 78.6999969482422 57.4000015258789 38.9000015258789 28.2000007629395 29.7000007629395 22.2999992370605 20.8999996185303 21.7000007629395 23 23.6000003814697 24 24.7999992370605 25.7000007629395 26.7999992370605 27.8999996185303 29 30.1000003814697 31 31.6000003814697 31.7999992370605 32 32.2000007629395 32.5 32.7999992370605 32.7999992370605 33.2999992370605 33.5999984741211 34 34.4000015258789 34.9000015258789 35.5 35.9000015258789 36.4000015258789 37 37.7000007629395 38.2999992370605 38.2000007629395 38.5 38.5999984741211 38.7999992370605 39 39.2999992370605 39.5 40 40.7000007629395 41.5999984741211
121.5 115 119.800003051758 121.900001525879 119.5 117.5 113.400001525879 108.199996948242 96 78 56.2000007629395 40 28.5 29.3999996185303 23.3999996185303 25.1000003814697 22.5 23.1000003814697 24.2000007629395 24.5 25.1000003814697 25.7000007629395 26.6000003814697 27.7999992370605 29 30.1000003814697 30.7999992370605 31 31.2000007629395 31.2999992370605 31.3999996185303 31.3999996185303 31.7000007629395 32 32.4000015258789 32.7999992370605 33.2999992370605 34 34.5999984741211 35.0999984741211 35.7000007629395 36.5 37.2000007629395 38 38.5999984741211 38.5 38.5999984741211 38.7999992370605 38.9000015258789 39.0999984741211 39.2000007629395 39.7999992370605 40.4000015258789 41.2000007629395 42
105.599998474121 110.199996948242 123.400001525879 125.400001525879 121.300003051758 117.599998474121 112.800003051758 104.099998474121 88.4000015258789 56.5 44.0999984741211 30.8999996185303 28.7000007629395 27.7999992370605 25.7999992370605 25.6000003814697 23.5 24.5 25.1000003814697 25 25.2000007629395 25.7999992370605 26.7000007629395 27.7999992370605 29.1000003814697 30.2000007629395 30.6000003814697 30.3999996185303 30.5 30.6000003814697 30.6000003814697 30.6000003814697 30.7999992370605 31.1000003814697 31.6000003814697 32 32.5999984741211 33.2999992370605 34.0999984741211 34.7999992370605 35.7000007629395 36.5999984741211 37.2000007629395 38.0999984741211 38.7000007629395 38.9000015258789 39 39.0999984741211 39.4000015258789 39.7000007629395 39.7999992370605 40 40.5999984741211 41.5 42.5
-3.4e+38 131.5 -3.4e+38 129.199996948242 123.300003051758 118.699996948242 110.699996948242 90.4000015258789 55.0999984741211 37.7999992370605 30 27.2999992370605 29.7999992370605 27.7000007629395 28.2999992370605 24.8999996185303 26 26.1000003814697 25.7000007629395 25.2999992370605 25.3999996185303 25.7000007629395 26.5 27.5 28.7000007629395 30 30.2999992370605 30 29.7999992370605 29.8999996185303 30 30 30.1000003814697 30.3999996185303 30.7000007629395 31.1000003814697 31.7000007629395 32.5 33.4000015258789 34.2999992370605 35.5 36.5 37.5 38.2000007629395 38.9000015258789 39.2999992370605 39.4000015258789 39.5999984741211 40 40.2000007629395 40.4000015258789 40.5999984741211 41.2999992370605 42 42.9000015258789
-3.4e+38 -3.4e+38 128.399993896484 -3.4e+38 -3.4e+38 109 87.5999984741211 45.5999984741211 33.4000015258789 37.7999992370605 27.8999996185303 25.7999992370605 28.7000007629395 28.3999996185303 30.6000003814697 25 27.2999992370605 26.7000007629395 26.1000003814697 25.6000003814697 25.5 25.6000003814697 26.2000007629395 27.1000003814697 28 28.7999992370605 29.2000007629395 29.1000003814697 29.2000007629395 29.2000007629395 29.2000007629395 29.2999992370605 29.3999996185303 29.6000003814697 29.7999992370605 30.2000007629395 30.7999992370605 31.7000007629395 32.7000007629395 33.7999992370605 35.0999984741211 36.2999992370605 37.5 38.4000015258789 39 39.5999984741211 40 40.2999992370605 40.7999992370605 41 41.2999992370605 41.5999984741211 42.2000007629395 42.9000015258789 43.7000007629395
-3.4e+38 -3.4e+38 -3.4e+38 -3.4e+38 97.4000015258789 102.099998474121 77.9000015258789 36.0999984741211 41.2999992370605 42.7999992370605 29 25.2999992370605 28.8999996185303 27.7999992370605 27.1000003814697 26.5 26.8999996185303 27.3999996185303 26.2000007629395 25.7000007629395 25.2999992370605 25.2999992370605 25.7000007629395 26.2999992370605 27 27.6000003814697 28.1000003814697 28.2999992370605 28.2999992370605 28.6000003814697 28.7000007629395 28.7000007629395 28.7000007629395 28.7999992370605 28.8999996185303 29.2999992370605 29.8999996185303 30.7999992370605 32 33.2999992370605 34.5999984741211 36 37.4000015258789 38.4000015258789 39.4000015258789 40 40.5 41 41.5 41.7999992370605 42.0999984741211 42.5999984741211 43.2000007629395 43.9000015258789 44.5999984741211
-3.4e+38 -3.4e+38 -3.4e+38 -3.4e+38 92.9000015258789 95.4000015258789 55.5999984741211 41.2000007629395 49.2999992370605 45.9000015258789 30.2999992370605 27.2999992370605 29.2000007629395 27.1000003814697 25.8999996185303 27.1000003814697 27.1000003814697 27.2999992370605 26.2999992370605 25.6000003814697 25.2999992370605 25.2000007629395 25.5 25.7000007629395 26.2000007629395 26.7000007629395 27.2000007629395 27.6000003814697 27.7000007629395 27.8999996185303 28.1000003814697 28.2000007629395 28.1000003814697 28.1000003814697 28.2000007629395 28.5 29.1000003814697 30 31.2999992370605 32.7000007629395 34.2999992370605 35.9000015258789 37.2000007629395 38.7999992370605 39.9000015258789 40.7000007629395 41.2999992370605 41.9000015258789 42.4000015258789 42.7999992370605 43.0999984741211 43.9000015258789 44.4000015258789 44.9000015258789 45.2999992370605
-3.4e+38 -3.4e+38 -3.4e+38 97.4000015258789 94.0999984741211 98.5 84.5999984741211 79.5 50.7999992370605 38.9000015258789 29.7999992370605 29.1000003814697 29 28.2000007629395 30.3999996185303 26 26.7000007629395 27.1000003814697 26.3999996185303 25.5 25 24.8999996185303 25.1000003814697 25.5 25.7000007629395 26.1000003814697 26.6000003814697 26.8999996185303 27.2000007629395 27.5 27.6000003814697 27.7000007629395 27.7000007629395 27.5 27.5 27.7999992370605 28.2999992370605 29.3999996185303 30.7000007629395 32.2999992370605 34 35.7000007629395 37.4000015258789 38.9000015258789 40.2000007629395 41.5 42.2000007629395 42.7000007629395 43.0999984741211 43.5999984741211 44.2000007629395 44.9000015258789 45.5 45.7000007629395 45.5999984741211
-3.4e+38 123.099998474121 112.099998474121 98.3000030517578 98.4000015258789 96.5 86.9000015258789 73.9000015258789 52 34.7999992370605 30.3999996185303 30 28.6000003814697 29.1000003814697 26.3999996185303 25.2999992370605 25.5 26.6000003814697 26 25.3999996185303 24.8999996185303 24.7999992370605 25 25.2999992370605 25.5 25.7999992370605 26.2999992370605 26.5 26.8999996185303 27.2000007629395 27.5 27.7000007629395 27.5 27 26.7999992370605 27 27.5 28.7999992370605 30.2999992370605 31.8999996185303 33.7999992370605 35.7000007629395 37.5999984741211 39.5 40.9000015258789 42 42.9000015258789 43.4000015258789 43.5 44.2999992370605 45 45.5999984741211 46.0999984741211 46.0999984741211 46.2999992370605
125.900001525879 119.699996948242 111 104.800003051758 111.699996948242 95.8000030517578 60.7999992370605 50.7999992370605 41.2000007629395 36.9000015258789 30.5 27.6000003814697 26.7000007629395 24.8999996185303 23.3999996185303 24.8999996185303 25.8999996185303 24.7000007629395 25.5 25 24.7000007629395 24.5 24.7999992370605 25.1000003814697 25.3999996185303 25.7000007629395 26.1000003814697 26.3999996185303 26.7999992370605 27.2000007629395 27.6000003814697 27.8999996185303 27.5 26.7000007629395 26.2000007629395 26.1000003814697 27 28.2999992370605 30 31.7999992370605 33.7999992370605 35.7000007629395 37.9000015258789 39.7999992370605 41.2999992370605 42.0999984741211 42.7999992370605 43.5 44.0999984741211 44.5999984741211 45.0999984741211 45.5999984741211 46.2000007629395 46.5 46.5
138.5 133.899993896484 124 117.199996948242 115.599998474121 108.400001525879 73.6999969482422 44.0999984741211 33.5999984741211 36 30.6000003814697 26.5 25.7999992370605 23 22.3999996185303 23 25 22.7000007629395 24.7999992370605 24.5 24.2999992370605 24.2999992370605 24.6000003814697 25 25.2999992370605 25.7000007629395 25.8999996185303 26.2000007629395 26.7000007629395 27 27.5 27.7999992370605 27.3999996185303 26.7000007629395 26.1000003814697 25.8999996185303 27 28.2999992370605 30.2999992370605 32.0999984741211 34.0999984741211 36.0999984741211 38.2999992370605 39.9000015258789 41.5999984741211 42.2000007629395 42.9000015258789 43.5999984741211 44.4000015258789 44.7000007629395 45.2000007629395 45.5999984741211 46 46.4000015258789 46.7000007629395
145.5 139.5 133.100006103516 124 116.900001525879 111.599998474121 85.6999969482422 46.5999984741211 34.5999984741211 34.7000007629395 29.7999992370605 26.7000007629395 24.6000003814697 22.2999992370605 22.5 22.5 24.7999992370605 22.7000007629395 24.1000003814697 24.2000007629395 24 24.1000003814697 24.3999996185303 24.7999992370605 25.2000007629395 25.5 25.7000007629395 26.2000007629395 26.6000003814697 26.8999996185303 27.5 27.7000007629395 27.2999992370605 27.1000003814697 26.8999996185303 27.1000003814697 27.8999996185303 28.8999996185303 30.5 32.5 34.4000015258789 36.4000015258789 38.2999992370605 40.2999992370605 41.5 42.2999992370605 43 43.7999992370605 44.2999992370605 44.7999992370605 45.0999984741211 45.5999984741211 45.7999992370605 45.9000015258789 46
154.100006103516 147.800003051758 134.800003051758 123.5 121.400001525879 110.699996948242 100 62 41.2999992370605 39.5999984741211 30.2999992370605 26.1000003814697 23.7000007629395 23.2999992370605 22 23.2000007629395 24.5 22.1000003814697 23.5 23.7000007629395 23.8999996185303 24 24.2999992370605 24.7000007629395 25.1000003814697 25.7000007629395 25.8999996185303 26.2999992370605 26.6000003814697 27.1000003814697 27.5 27.7000007629395 27.6000003814697 27.7999992370605 28 28.6000003814697 29.3999996185303 30.2000007629395 31.2999992370605 32.9000015258789 34.5 36.2999992370605 38.2999992370605 40.2000007629395 41.2000007629395 42.2000007629395 43.0999984741211 43.7000007629395 44.4000015258789 44.7999992370605 45.0999984741211 45.4000015258789 45.7000007629395 45.7000007629395 45.5999984741211
170.5 165.5 150 130.899993896484 119.300003051758 109.099998474121 87 83.5999984741211 44.7999992370605 36.4000015258789 33.4000015258789 27 24.6000003814697 23.1000003814697 22.3999996185303 24.2000007629395 24.1000003814697 21.7999992370605 23.1000003814697 23.5 23.7999992370605 23.8999996185303 24.2999992370605 24.7000007629395 25.3999996185303 26 26.2000007629395 26.6000003814697 26.7999992370605 27.5 28.1000003814697 28.2000007629395 28.5 28.8999996185303 29.7000007629395 30.5 31.1000003814697 31.7000007629395 32.2999992370605 33.5 35.0999984741211 36.7999992370605 38.5999984741211 40.2999992370605 41.0999984741211 42.2999992370605 43.2000007629395 43.9000015258789 44.5 44.9000015258789 45.2000007629395 45.5999984741211 45.5 45.0999984741211 45.0999984741211
195.699996948242 195.899993896484 163.800003051758 142.899993896484 119.5 108.699996948242 93.3000030517578 62 46.7000007629395 39.7000007629395 34.0999984741211 28.1000003814697 26 25 23.7000007629395 24.2999992370605 23.7999992370605 21.7000007629395 22.8999996185303 23.2000007629395 23.5 24 24.6000003814697 25 25.7000007629395 26.2000007629395 26.8999996185303 27.2999992370605 27.7999992370605 28.1000003814697 28.6000003814697 29.1000003814697 29.6000003814697 30.2999992370605 31.3999996185303 32.5999984741211 33.5 33.5 33.4000015258789 34.2000007629395 35.5999984741211 37.5 39.4000015258789 40.5 41.4000015258789 42.5 43.5 44.2000007629395 44.7999992370605 45.0999984741211 45.2000007629395 45.2999992370605 45.2000007629395 45 44.7999992370605
210.399993896484 197 159.600006103516 132.5 112 104.900001525879 86.3000030517578 60.5 54.2000007629395 39.7000007629395 31.1000003814697 27.7000007629395 25.2999992370605 25.2999992370605 24.8999996185303 24.3999996185303 22.8999996185303 22.1000003814697 23.2000007629395 23.2999992370605 23.3999996185303 23.8999996185303 24.7000007629395 25.5 26.2999992370605 26.8999996185303 27.6000003814697 28.1000003814697 28.7000007629395 29.2000007629395 29.6000003814697 30 30.7999992370605 31.7000007629395 32.7999992370605 34.2000007629395 35.7999992370605 34.9000015258789 34.0999984741211 35 36.7000007629395 38.5 40 41 42.0999984741211 43.2000007629395 44.2999992370605 44.9000015258789 45.0999984741211 45.2000007629395 45.2000007629395 45.2999992370605 45 44.7000007629395 44.7000007629395
188.600006103516 184.899993896484 148.300003051758 120.5 112.699996948242 96.0999984741211 72.0999984741211 61.2000007629395 53.7000007629395 37.7999992370605 32 27.5 24.8999996185303 26.1000003814697 25.2999992370605 24.2000007629395 21.2999992370605 22.7000007629395 23.1000003814697 23.3999996185303 23.7999992370605 24.5 25.3999996185303 26.1000003814697 26.8999996185303 27.6000003814697 28.2000007629395 29.1000003814697 29.7000007629395 30.3999996185303 30.8999996185303 31.2999992370605 31.8999996185303 32.5 33.5999984741211 34.9000015258789 35.9000015258789 35.5999984741211 35.2999992370605 36 37.5 39.2000007629395 40.2999992370605 41.5 42.5999984741211 44.0999984741211 44.9000015258789 45.2999992370605 45.2000007629395 45.4000015258789 45.5 45.2999992370605 44.9000015258789 44.7999992370605 44.7999992370605
