data/layers/future_layer_can_585_60/bio13.asc
NCOLS 494 
NROWS 529 
XLLCORNER -117.166666666667 
YLLCORNER -55.5 
CELLSIZE 0.166666666666667 
NODATA_value -3.4e+38 
[rows 168 to 191 of 529, columns 216 to 269 of 494]
-3.4e+38 -3.4e+38 -3.4e+38 -3.4e+38 -3.4e+38 -3.4e+38 -3.4e+38 -3.4e+38 -3.4e+38 -3.4e+38 -3.4e+38 -3.4e+38 -3.4e+38 -3.4e+38 -3.4e+38 -3.4e+38 -3.4e+38 -3.4e+38 -3.4e+38 -3.4e+38 -3.4e+38 -3.4e+38 -3.4e+38 752.299987792969 773.400024414062 749.099975585938 663.900024414062 513.099975585938 351.5 235.800003051758 230 220.600006103516 255.899993896484 257.700012207031 210.899993896484 212.600006103516 274.600006103516 316.899993896484 305.799987792969 308.200012207031 281.700012207031 182.600006103516 194.300003051758 207.199996948242 220 305.600006103516 369.600006103516 497.799987792969 484.799987792969 438.100006103516 449.299987792969 452.899993896484 455.100006103516 444.299987792969
-3.4e+38 -3.4e+38 -3.4e+38 -3.4e+38 -3.4e+38 -3.4e+38 -3.4e+38 -3.4e+38 -3.4e+38 -3.4e+38 -3.4e+38 -3.4e+38 -3.4e+38 -3.4e+38 -3.4e+38 -3.4e+38 -3.4e+38 -3.4e+38 -3.4e+38 -3.4e+38 -3.4e+38 -3.4e+38 -3.4e+38 793 800.799987792969 734.900024414062 618.599975585938 447.799987792969 263.399993896484 245.399993896484 214.699996948242 219.399993896484 244.5 216.600006103516 231.699996948242 261.399993896484 277.399993896484 287.799987792969 301.200012207031 308.200012207031 252.899993896484 191.699996948242 180.399993896484 221.300003051758 231.5 307.899993896484 498.799987792969 511.5 503.299987792969 473.600006103516 463.600006103516 454.399993896484 424.299987792969 413.5
-3.4e+38 -3.4e+38 -3.4e+38 -3.4e+38 -3.4e+38 -3.4e+38 -3.4e+38 -3.4e+38 -3.4e+38 -3.4e+38 -3.4e+38 -3.4e+38 -3.4e+38 -3.4e+38 -3.4e+38 -3.4e+38 -3.4e+38 -3.4e+38 -3.4e+38 -3.4e+38 -3.4e+38 -3.4e+38 -3.4e+38 813.599975585938 811.200012207031 726.099975585938 552.5 399.399993896484 249.899993896484 227.399993896484 206.899993896484 239.600006103516 232.899993896484 186.800003051758 214.399993896484 259.200012207031 270.100006103516 285.600006103516 298.600006103516 294.299987792969 254.300003051758 197.600006103516 191.699996948242 227.600006103516 297.100006103516 482.600006103516 523.099975585938 512.200012207031 493 457.399993896484 436.299987792969 423.299987792969 412.299987792969 422.399993896484
-3.4e+38 -3.4e+38 -3.4e+38 -3.4e+38 -3.4e+38 -3.4e+38 -3.4e+38 -3.4e+38 -3.4e+38 -3.4e+38 -3.4e+38 -3.4e+38 -3.4e+38 -3.4e+38 -3.4e+38 -3.4e+38 -3.4e+38 -3.4e+38 -3.4e+38 -3.4e+38 -3.4e+38 -3.4e+38 -3.4e+38 749.799987792969 805.599975585938 700.900024414062 461.399993896484 287.100006103516 235.399993896484 208.800003051758 220.800003051758 219.399993896484 189.300003051758 195.899993896484 229.600006103516 256.299987792969 270.100006103516 285.100006103516 286.600006103516 266.600006103516 212.899993896484 163.300003051758 232.600006103516 273.399993896484 471.299987792969 513.200012207031 516.400024414062 499.100006103516 475.299987792969 457 432.799987792969 439.399993896484 420.600006103516 418.600006103516
-3.4e+38 -3.4e+38 -3.4e+38 -3.4e+38 -3.4e+38 -3.4e+38 -3.4e+38 -3.4e+38 -3.4e+38 -3.4e+38 -3.4e+38 -3.4e+38 -3.4e+38 -3.4e+38 -3.4e+38 -3.4e+38 -3.4e+38 -3.4e+38 -3.4e+38 -3.4e+38 -3.4e+38 -3.4e+38 -3.4e+38 712.5 673.099975585938 651.900024414062 430.399993896484 232.100006103516 221.899993896484 208.199996948242 223 181.800003051758 184.699996948242 210.899993896484 230.300003051758 261.299987792969 281.299987792969 278.299987792969 279.899993896484 255 206.899993896484 176.300003051758 227.399993896484 315.799987792969 557.5 522.200012207031 479 460 461.5 448.600006103516 418.299987792969 418.100006103516 406.700012207031 407.200012207031
-3.4e+38 -3.4e+38 -3.4e+38 -3.4e+38 -3.4e+38 -3.4e+38 -3.4e+38 -3.4e+38 -3.4e+38 -3.4e+38 -3.4e+38 -3.4e+38 -3.4e+38 -3.4e+38 -3.4e+38 -3.4e+38 -3.4e+38 -3.4e+38 -3.4e+38 -3.4e+38 -3.4e+38 -3.4e+38 -3.4e+38 -3.4e+38 585 513.799987792969 250 216.800003051758 207.600006103516 200.199996948242 193.800003051758 171.899993896484 204.899993896484 234.300003051758 258 258.100006103516 282.899993896484 279.399993896484 257.600006103516 225.899993896484 161.399993896484 196.899993896484 225.699996948242 370.799987792969 498.299987792969 485.799987792969 484.600006103516 448.700012207031 448.200012207031 437.100006103516 425.399993896484 414.799987792969 410.399993896484 401.299987792969
-3.4e+38 -3.4e+38 -3.4e+38 -3.4e+38 -3.4e+38 -3.4e+38 -3.4e+38 -3.4e+38 -3.4e+38 -3.4e+38 -3.4e+38 -3.4e+38 -3.4e+38 -3.4e+38 -3.4e+38 -3.4e+38 -3.4e+38 -3.4e+38 -3.4e+38 -3.4e+38 -3.4e+38 -3.4e+38 -3.4e+38 -3.4e+38 578.599975585938 398.799987792969 232.100006103516 236 201.5 197.600006103516 205.399993896484 190.5 214.300003051758 245.199996948242 255.399993896484 240.399993896484 252.5 239.399993896484 230.600006103516 174 172.5 185.899993896484 289.200012207031 406.399993896484 419.200012207031 451.600006103516 446.899993896484 453.299987792969 454.799987792969 435.100006103516 412.899993896484 411 400.899993896484 404.799987792969
-3.4e+38 -3.4e+38 -3.4e+38 -3.4e+38 -3.4e+38 -3.4e+38 -3.4e+38 -3.4e+38 -3.4e+38 -3.4e+38 -3.4e+38 -3.4e+38 -3.4e+38 -3.4e+38 -3.4e+38 -3.4e+38 -3.4e+38 -3.4e+38 -3.4e+38 -3.4e+38 -3.4e+38 -3.4e+38 -3.4e+38 674.299987792969 516.900024414062 306.299987792969 236.699996948242 251.100006103516 214.600006103516 209.100006103516 185.800003051758 197.800003051758 221.699996948242 249.800003051758 240.100006103516 234.899993896484 236.699996948242 226.100006103516 231.300003051758 206.399993896484 234.5 264.299987792969 356.5 406.100006103516 433.299987792969 424.100006103516 449.200012207031 434.399993896484 453.299987792969 422.600006103516 414.200012207031 406.399993896484 398.700012207031 393.799987792969
-3.4e+38 -3.4e+38 -3.4e+38 -3.4e+38 -3.4e+38 -3.4e+38 -3.4e+38 -3.4e+38 -3.4e+38 -3.4e+38 -3.4e+38 -3.4e+38 -3.4e+38 -3.4e+38 -3.4e+38 -3.4e+38 -3.4e+38 -3.4e+38 -3.4e+38 -3.4e+38 -3.4e+38 -3.4e+38 690.200012207031 628 471.200012207031 282.700012207031 242.399993896484 269.200012207031 252.399993896484 221.899993896484 180.899993896484 186.699996948242 214.300003051758 238.699996948242 242 241.699996948242 230.899993896484 220 209.300003051758 251.5 298.5 327.399993896484 341.799987792969 381.899993896484 435.200012207031 430.100006103516 414.100006103516 451.299987792969 438.700012207031 424.899993896484 410.600006103516 399.100006103516 392.899993896484 392.200012207031
-3.4e+38 -3.4e+38 -3.4e+38 -3.4e+38 -3.4e+38 -3.4e+38 -3.4e+38 -3.4e+38 -3.4e+38 -3.4e+38 -3.4e+38 -3.4e+38 -3.4e+38 -3.4e+38 -3.4e+38 -3.4e+38 -3.4e+38 -3.4e+38 -3.4e+38 -3.4e+38 -3.4e+38 -3.4e+38 672.599975585938 580.099975585938 409.799987792969 303.899993896484 293.600006103516 303.299987792969 254.600006103516 228.899993896484 173.600006103516 187.5 212.300003051758 232.899993896484 233.399993896484 225.199996948242 227.399993896484 204.899993896484 223.600006103516 264.100006103516 291.100006103516 344.600006103516 336.700012207031 355.799987792969 402.200012207031 397.700012207031 414.799987792969 413.899993896484 425.700012207031 409.700012207031 404.600006103516 395.600006103516 392.5 390.799987792969
-3.4e+38 -3.4e+38 -3.4e+38 -3.4e+38 -3.4e+38 -3.4e+38 -3.4e+38 -3.4e+38 -3.4e+38 -3.4e+38 -3.4e+38 -3.4e+38 -3.4e+38 -3.4e+38 -3.4e+38 -3.4e+38 -3.4e+38 -3.4e+38 -3.4e+38 -3.4e+38 -3.4e+38 671.599975585938 634.400024414062 560.599975585938 437.5 301.5 301.100006103516 289.600006103516 253.5 203.699996948242 179.899993896484 223 195.600006103516 231.899993896484 219.899993896484 220.5 242.199996948242 223.800003051758 239.100006103516 265.5 296 311.399993896484 330.5 343.299987792969 368.100006103516 370 394.200012207031 380.700012207031 405.100006103516 405.899993896484 398.799987792969 395.200012207031 378.299987792969 383.200012207031
-3.4e+38 -3.4e+38 -3.4e+38 -3.4e+38 -3.4e+38 -3.4e+38 -3.4e+38 -3.4e+38 -3.4e+38 -3.4e+38 -3.4e+38 -3.4e+38 -3.4e+38 -3.4e+38 -3.4e+38 -3.4e+38 -3.4e+38 -3.4e+38 -3.4e+38 -3.4e+38 -3.4e+38 649.599975585938 584.400024414062 471.399993896484 395.600006103516 306.5 300.799987792969 272.299987792969 229.899993896484 178.600006103516 193.899993896484 205.100006103516 215.199996948242 220.699996948242 220.300003051758 233.699996948242 228.899993896484 212.399993896484 216.100006103516 255.199996948242 274.700012207031 298.200012207031 318.299987792969 323.700012207031 344 355.200012207031 360 365.100006103516 371.299987792969 374.299987792969 384.399993896484 376 365.5 370.100006103516
-3.4e+38 -3.4e+38 -3.4e+38 -3.4e+38 -3.4e+38 -3.4e+38 -3.4e+38 -3.4e+38 -3.4e+38 -3.4e+38 -3.4e+38 -3.4e+38 -3.4e+38 -3.4e+38 -3.4e+38 -3.4e+38 -3.4e+38 511 577.200012207031 627.400024414062 627.400024414062 562.900024414062 479.299987792969 351.5 321.899993896484 334.5 293.5 269.100006103516 218.399993896484 230.800003051758 206.800003051758 211.100006103516 208.899993896484 208.399993896484 220 236.300003051758 230.399993896484 232.800003051758 236.100006103516 252.300003051758 282.299987792969 298.899993896484 316.399993896484 316.799987792969 321.600006103516 339.399993896484 347.600006103516 345.200012207031 356.299987792969 364 371.100006103516 367.399993896484 376.399993896484 380.299987792969
-3.4e+38 -3.4e+38 -3.4e+38 -3.4e+38 -3.4e+38 -3.4e+38 -3.4e+38 -3.4e+38 -3.4e+38 -3.4e+38 -3.4e+38 -3.4e+38 -3.4e+38 -3.4e+38 -3.4e+38 -3.4e+38 535.099975585938 592 617.900024414062 605.900024414062 562.599975585938 481.5 330.799987792969 336.100006103516 331.399993896484 314.399993896484 285.700012207031 267.700012207031 207.899993896484 283.700012207031 225.300003051758 207.600006103516 202.5 205.699996948242 227.600006103516 235.300003051758 227.399993896484 228.899993896484 252.600006103516 277.700012207031 289.399993896484 303.5 316.399993896484 327.600006103516 322.100006103516 333.600006103516 339.799987792969 340.600006103516 351.799987792969 362.799987792969 386.299987792969 390.799987792969 374.600006103516 366.100006103516
-3.4e+38 -3.4e+38 -3.4e+38 -3.4e+38 -3.4e+38 -3.4e+38 -3.4e+38 -3.4e+38 -3.4e+38 -3.4e+38 -3.4e+38 -3.4e+38 -3.4e+38 -3.4e+38 -3.4e+38 469.299987792969 540.599975585938 590.400024414062 599.299987792969 588.099975585938 512.799987792969 383.100006103516 322.600006103516 330.399993896484 314.600006103516 275.899993896484 282.299987792969 231.600006103516 242.800003051758 269.100006103516 227.899993896484 224 204.199996948242 214.100006103516 250.600006103516 233.300003051758 219.800003051758 259.5 296.100006103516 314.799987792969 320.799987792969 325.399993896484 331.399993896484 357.399993896484 344.299987792969 336.799987792969 335.200012207031 340.299987792969 352.899993896484 367.600006103516 375.899993896484 378.299987792969 371.100006103516 360.399993896484
-3.4e+38 -3.4e+38 -3.4e+38 -3.4e+38 -3.4e+38 -3.4e+38 -3.4e+38 -3.4e+38 -3.4e+38 -3.4e+38 -3.4e+38 -3.4e+38 -3.4e+38 -3.4e+38 -3.4e+38 468.799987792969 524.299987792969 572.900024414062 594.700012207031 582.299987792969 470.899993896484 326.399993896484 316.5 303.100006103516 269.399993896484 269 251.399993896484 233.899993896484 276.200012207031 244.899993896484 240.899993896484 213.100006103516 205.5 242.600006103516 247.300003051758 217.600006103516 254.600006103516 322.600006103516 342.399993896484 338.799987792969 340.100006103516 348.799987792969 341.399993896484 362.700012207031 358.799987792969 329.600006103516 330.299987792969 341.100006103516 350.299987792969 360.700012207031 358.600006103516 373.299987792969 370 362.200012207031
-3.4e+38 -3.4e+38 -3.4e+38 -3.4e+38 -3.4e+38 -3.4e+38 -3.4e+38 -3.4e+38 -3.4e+38 -3.4e+38 -3.4e+38 -3.4e+38 -3.4e+38 -3.4e+38 -3.4e+38 -3.4e+38 537.799987792969 578.200012207031 601.400024414062 557.099975585938 407 313.100006103516 296.200012207031 253 236.699996948242 254.199996948242 236.800003051758 271 237.699996948242 226.600006103516 203.699996948242 222.199996948242 235.899993896484 248.899993896484 238.800003051758 300.399993896484 391.600006103516 366.399993896484 370.100006103516 364.5 358.799987792969 351.600006103516 356.399993896484 351.600006103516 330.899993896484 323.100006103516 330 336.5 344.799987792969 339.5 348.200012207031 353.600006103516 364.100006103516 354
-3.4e+38 -3.4e+38 -3.4e+38 -3.4e+38 -3.4e+38 -3.4e+38 -3.4e+38 -3.4e+38 -3.4e+38 -3.4e+38 -3.4e+38 -3.4e+38 -3.4e+38 -3.4e+38 -3.4e+38 -3.4e+38 555.400024414062 603 621 506.299987792969 382 287.299987792969 270.600006103516 227.899993896484 250.100006103516 237 246.5 244 290.799987792969 277.5 248.100006103516 251.300003051758 293 304.200012207031 282.399993896484 393 407.700012207031 394.399993896484 388.600006103516 383.200012207031 373.899993896484 357.299987792969 362.299987792969 357.200012207031 347.799987792969 328.100006103516 328.799987792969 338.600006103516 342.899993896484 333.399993896484 339.399993896484 342.600006103516 356.799987792969 351.600006103516
-3.4e+38 -3.4e+38 -3.4e+38 -3.4e+38 -3.4e+38 -3.4e+38 -3.4e+38 -3.4e+38 -3.4e+38 -3.4e+38 -3.4e+38 -3.4e+38 -3.4e+38 -3.4e+38 432.799987792969 485.299987792969 543.400024414062 558.799987792969 552.5 470.399993896484 323.299987792969 250.399993896484 239.100006103516 237.300003051758 249.100006103516 250.100006103516 311.100006103516 272.200012207031 295.200012207031 337.600006103516 346.299987792969 343.899993896484 377.600006103516 455 401.799987792969 450.100006103516 433.100006103516 421.600006103516 406 388.200012207031 377.5 365.5 370.399993896484 354.299987792969 326.899993896484 331.899993896484 339.100006103516 346 350.799987792969 333 339 343.399993896484 347.700012207031 352.299987792969
-3.4e+38 -3.4e+38 -3.4e+38 -3.4e+38 -3.4e+38 -3.4e+38 -3.4e+38 -3.4e+38 -3.4e+38 -3.4e+38 -3.4e+38 -3.4e+38 -3.4e+38 -3.4e+38 419.200012207031 466.5 474.100006103516 474.899993896484 436.299987792969 368.600006103516 291.799987792969 229.399993896484 233.899993896484 226.600006103516 230.800003051758 273.899993896484 287.600006103516 344.700012207031 356.5 378.5 404.399993896484 452.600006103516 491.600006103516 495.799987792969 488.399993896484 467.700012207031 445.299987792969 427.799987792969 411.899993896484 393.700012207031 376.399993896484 381.299987792969 365.100006103516 342.600006103516 335.700012207031 333.799987792969 338.799987792969 342.600006103516 351.299987792969 356.700012207031 337.100006103516 343.299987792969 347.5 352.399993896484
-3.4e+38 -3.4e+38 -3.4e+38 -3.4e+38 -3.4e+38 -3.4e+38 -3.4e+38 -3.4e+38 -3.4e+38 -3.4e+38 -3.4e+38 -3.4e+38 -3.4e+38 376.700012207031 401.899993896484 413.5 391.799987792969 433.799987792969 340.600006103516 269.600006103516 225.399993896484 213.699996948242 219.399993896484 217.300003051758 255.399993896484 314.600006103516 332.600006103516 433.100006103516 437.600006103516 464.799987792969 486.799987792969 524.900024414062 513.599975585938 499.899993896484 481.799987792969 461.100006103516 438.799987792969 423.299987792969 413.399993896484 400.5 368.399993896484 379 357.899993896484 342.299987792969 348.899993896484 340.899993896484 342.899993896484 345.5 347.399993896484 349.899993896484 337 343.299987792969 349 351.899993896484
-3.4e+38 -3.4e+38 -3.4e+38 -3.4e+38 -3.4e+38 -3.4e+38 -3.4e+38 -3.4e+38 -3.4e+38 -3.4e+38 -3.4e+38 -3.4e+38 -3.4e+38 382.899993896484 364.899993896484 350.200012207031 354.899993896484 343.299987792969 255.100006103516 199.899993896484 173.399993896484 178.100006103516 192.899993896484 211.800003051758 254.800003051758 341.299987792969 433 504.399993896484 476.200012207031 487.899993896484 508.100006103516 518.799987792969 509.399993896484 494.100006103516 466.299987792969 442.600006103516 429.200012207031 418.899993896484 407 400.700012207031 387.5 381.600006103516 358.399993896484 353 350 351.799987792969 345 343.799987792969 341.100006103516 342.299987792969 345.899993896484 345.399993896484 350.899993896484 352.899993896484
-3.4e+38 -3.4e+38 -3.4e+38 -3.4e+38 -3.4e+38 -3.4e+38 -3.4e+38 -3.4e+38 -3.4e+38 223.300003051758 292.100006103516 347.299987792969 378 375.399993896484 337.299987792969 322.100006103516 293.100006103516 229.800003051758 184.100006103516 154.600006103516 153.300003051758 157.399993896484 176.100006103516 239.800003051758 306.399993896484 367.399993896484 461.399993896484 499.100006103516 506.100006103516 493.399993896484 505.399993896484 503.600006103516 493.600006103516 473.799987792969 451.5 418.799987792969 410.600006103516 405.299987792969 397.399993896484 393.600006103516 377.799987792969 371.100006103516 365.600006103516 355.600006103516 351.700012207031 349.299987792969 348.399993896484 347.299987792969 345.399993896484 345 349.399993896484 348.299987792969 351.899993896484 353.899993896484
-3.4e+38 -3.4e+38 -3.4e+38 -3.4e+38 -3.4e+38 -3.4e+38 -3.4e+38 240.5 241.300003051758 258.899993896484 308.399993896484 346.399993896484 362.399993896484 353.899993896484 307.899993896484 278.100006103516 236.699996948242 201.100006103516 157.899993896484 140.600006103516 156.899993896484 154.899993896484 181.100006103516 234.5 368.100006103516 444.700012207031 445.899993896484 474.799987792969 498.100006103516 505.899993896484 506.5 492.899993896484 481.5 456.5 423.399993896484 394.700012207031 392.600006103516 393.100006103516 386.600006103516 382.399993896484 379.299987792969 372.600006103516 371.600006103516 361.200012207031 356.299987792969 354.299987792969 349.899993896484 347.100006103516 346.100006103516 344 347.299987792969 352.899993896484 352.600006103516 356
