data/layers/future_layer_can_585_60/bio12.asc
NCOLS 494 
NROWS 529 
XLLCORNER -117.166666666667 
YLLCORNER -55.5 
CELLSIZE 0.166666666666667 
NODATA_value -3.4e+38 
[rows 288 to 311 of 529, columns 385 to 439 of 494]
1268.19995117188 1268.69995117188 1294.30004882812 1286.5 1237.59997558594 1216.80004882812 1220.09997558594 1208.59997558594 1226.5 1228.19995117188 1234.90002441406 1232.30004882812 1237.19995117188 1243 1246.30004882812 1242.90002441406 1245.30004882812 1254.90002441406 1238.19995117188 1223.30004882812 1207.40002441406 1189 1167.90002441406 1157 1153.19995117188 1149 1135.59997558594 1124.30004882812 1116.59997558594 1096.5 1083.69995117188 1093.69995117188 1105.59997558594 1074.30004882812 1038.19995117188 1042.69995117188 1056.5 1064.30004882812 1064 1115.59997558594 1152.40002441406 1329.30004882812 1339.59997558594 1246.09997558594 1108.59997558594 1000.5 909.400024414062 867.900024414062 833.200012207031 782.799987792969 754.599975585938 720.900024414062 682.5 656.599975585938 633.299987792969
1278.80004882812 1251.40002441406 1252 1242.40002441406 1228.40002441406 1220.80004882812 1224.40002441406 1217.80004882812 1226.09997558594 1235.69995117188 1243.30004882812 1243.40002441406 1250 1252.59997558594 1255 1263 1269.69995117188 1280.09997558594 1263.59997558594 1247.90002441406 1232 1216.09997558594 1206.90002441406 1200.69995117188 1195.40002441406 1181.69995117188 1158.19995117188 1143.5 1140.80004882812 1133.19995117188 1109.90002441406 1103.5 1109.09997558594 1099.30004882812 1072.69995117188 1058.09997558594 1026.30004882812 978.200012207031 957.5 978.400024414062 1022.20001220703 1149.19995117188 1162.09997558594 1135.5 1042.59997558594 958.299987792969 891.200012207031 841.599975585938 809.400024414062 771.299987792969 735.5 697.200012207031 680.5 666 639.900024414062
1268.59997558594 1255 1252.80004882812 1256.30004882812 1234.30004882812 1228 1226.69995117188 1229.5 1235.40002441406 1247.19995117188 1255.19995117188 1257.59997558594 1258 1265.59997558594 1265.09997558594 1269.69995117188 1282.30004882812 1291.80004882812 1284.5 1272.09997558594 1260 1248.19995117188 1247.30004882812 1253.69995117188 1236.19995117188 1212.30004882812 1186.59997558594 1169.69995117188 1156.5 1144.5 1125.19995117188 1119.09997558594 1115.5 1100.90002441406 1079.19995117188 1065.69995117188 1028 1010.20001220703 1001.70001220703 1031 977 988.799987792969 1018.5 1017.29998779297 985.099975585938 925.400024414062 869.099975585938 829.099975585938 803.5 775.200012207031 739.900024414062 714.799987792969 704.299987792969 695.799987792969 667.299987792969
1275.40002441406 1262.59997558594 1246.09997558594 1232.09997558594 1229.59997558594 1224.09997558594 1230.5 1244.90002441406 1248.69995117188 1253 1259.19995117188 1263.30004882812 1267.80004882812 1272.59997558594 1274.09997558594 1283.59997558594 1291.09997558594 1307.69995117188 1305.90002441406 1295.5 1282.5 1275 1272.40002441406 1279.90002441406 1264 1230.59997558594 1203.19995117188 1178.59997558594 1163 1146.5 1142.40002441406 1131.59997558594 1121.69995117188 1099.59997558594 1086.69995117188 1071.09997558594 1053.90002441406 1056.90002441406 1045.90002441406 1023 954.5 947 952.099975585938 936.900024414062 936.900024414062 887.299987792969 838.299987792969 813.700012207031 798.900024414062 795.099975585938 774 747.299987792969 758.299987792969 748.700012207031 713
1270.5 1260.59997558594 1251.30004882812 1240.5 1233.80004882812 1241.19995117188 1242.30004882812 1246.19995117188 1257.59997558594 1267.19995117188 1266.69995117188 1268.19995117188 1279.80004882812 1281.40002441406 1283.69995117188 1296.09997558594 1308.19995117188 1318 1314.40002441406 1306.69995117188 1300.69995117188 1291.40002441406 1283.80004882812 1277.90002441406 1259.09997558594 1232.5 1203.19995117188 1182.30004882812 1170.09997558594 1161.69995117188 1160.90002441406 1147.40002441406 1139.69995117188 1117.19995117188 1081.69995117188 1059.30004882812 1036.90002441406 1016.70001220703 1033.5 997 935.299987792969 909.900024414062 903.200012207031 887.5 877 851.400024414062 815.299987792969 792.099975585938 812.400024414062 844.400024414062 806.599975585938 784.700012207031 833.5 805.799987792969 756.099975585938
1287.19995117188 1280 1255 1260.69995117188 1266.40002441406 1249.40002441406 1244.30004882812 1253.69995117188 1258.5 1269.5 1294.59997558594 1288.80004882812 1281.59997558594 1287.30004882812 1307.90002441406 1305.5 1321.09997558594 1324.5 1324.59997558594 1312 1306.59997558594 1299.30004882812 1287.90002441406 1275.80004882812 1262 1232.30004882812 1203.19995117188 1181.5 1173.59997558594 1172.5 1180.5 1176.09997558594 1154.30004882812 1124.90002441406 1078.19995117188 1035.90002441406 1018.5 990.799987792969 1015.79998779297 1002.70001220703 962.200012207031 924.900024414062 893.700012207031 859.099975585938 834.099975585938 808.200012207031 782.900024414062 769.799987792969 810.400024414062 850.700012207031 855.400024414062 839.700012207031 830.799987792969 803.700012207031 767.900024414062
1303 1290.30004882812 1289.19995117188 1306.09997558594 1315 1284 1264.30004882812 1260.80004882812 1278.09997558594 1283 1297.90002441406 1304.09997558594 1295.59997558594 1292.5 1305.40002441406 1304.09997558594 1317.19995117188 1320.80004882812 1320.30004882812 1306.90002441406 1300.80004882812 1292.80004882812 1283.90002441406 1268.90002441406 1261.59997558594 1233.69995117188 1210 1193.5 1186.59997558594 1181.59997558594 1190.40002441406 1182.59997558594 1164.30004882812 1136.09997558594 1123.90002441406 1094.5 1036.09997558594 990.400024414062 957.700012207031 985.900024414062 963.400024414062 927.400024414062 897.900024414062 854.599975585938 827.099975585938 804 786.299987792969 768.099975585938 818.099975585938 848.099975585938 862.299987792969 895.900024414062 806.900024414062 783 770.5
1300.90002441406 1283.80004882812 1277.59997558594 1282.30004882812 1294.59997558594 1308.69995117188 1297.59997558594 1281.5 1300 1305.09997558594 1297.80004882812 1308.09997558594 1304.09997558594 1308.69995117188 1302.59997558594 1305.80004882812 1315.69995117188 1316.59997558594 1310.90002441406 1299.69995117188 1292.19995117188 1291.19995117188 1280.80004882812 1259.69995117188 1247.19995117188 1233.30004882812 1211.40002441406 1196.69995117188 1197.40002441406 1189.30004882812 1185.59997558594 1173.40002441406 1171.19995117188 1150.09997558594 1129.5 1115.69995117188 1055.90002441406 995.200012207031 937.5 918.599975585938 938.200012207031 906.900024414062 881.5 863.5 839.799987792969 816.299987792969 807.799987792969 816.5 856.400024414062 865.400024414062 827.299987792969 848.400024414062 845 817 793.700012207031
1292 1293.80004882812 1300.80004882812 1290.59997558594 1295 1300.30004882812 1306.80004882812 1308.80004882812 1313.09997558594 1311.90002441406 1304.90002441406 1325.90002441406 1316.30004882812 1318.59997558594 1328.40002441406 1305.80004882812 1310.30004882812 1312.80004882812 1307.90002441406 1289.09997558594 1286.59997558594 1292.19995117188 1290.80004882812 1248.30004882812 1237.19995117188 1235.80004882812 1219.69995117188 1205.69995117188 1192.59997558594 1186.90002441406 1174.59997558594 1183.09997558594 1196.40002441406 1167.69995117188 1141.30004882812 1128.59997558594 1067.5 1000.59997558594 949.599975585938 893.5 876.099975585938 900.299987792969 884.5 870.299987792969 844.900024414062 825.799987792969 821.700012207031 841.799987792969 897.099975585938 904.5 862.5 890.799987792969 911.099975585938 908.200012207031 848.5
1296.69995117188 1300.90002441406 1310.59997558594 1299.69995117188 1307.69995117188 1306.5 1322 1320.80004882812 1320 1311.80004882812 1310.59997558594 1331.19995117188 1341.19995117188 1321.09997558594 1329.80004882812 1321.09997558594 1305.69995117188 1303.40002441406 1300.59997558594 1282 1280 1280.5 1264.09997558594 1238.19995117188 1235.09997558594 1233.69995117188 1219.5 1210.5 1195.09997558594 1184.59997558594 1177.5 1191 1192.30004882812 1172.09997558594 1155 1139.59997558594 1079.80004882812 1022.79998779297 967.700012207031 925.099975585938 895.599975585938 909.200012207031 883.799987792969 875.299987792969 854.299987792969 835.400024414062 834.900024414062 842.400024414062 880.799987792969 898.900024414062 855.799987792969 918.900024414062 945.599975585938 936.700012207031 884.900024414062
1303.90002441406 1303.40002441406 1309.69995117188 1308.30004882812 1310.69995117188 1320.40002441406 1330.80004882812 1324.19995117188 1325.19995117188 1313.90002441406 1321 1336.40002441406 1340 1334 1323.80004882812 1320.09997558594 1301.5 1295.5 1294.19995117188 1277.40002441406 1272.09997558594 1271.90002441406 1252.69995117188 1235.90002441406 1229.69995117188 1223 1209.09997558594 1207 1192.30004882812 1174.69995117188 1173 1181.40002441406 1182.59997558594 1174.80004882812 1158.19995117188 1149.59997558594 1101.40002441406 1045 1008.09997558594 983.299987792969 960 936 887.099975585938 869.900024414062 856.700012207031 856.200012207031 847.400024414062 845 829.900024414062 831.5 830.200012207031 870.799987792969 913 889.200012207031 822
1343.59997558594 1314.90002441406 1321.69995117188 1336.69995117188 1324.90002441406 1328.40002441406 1335.40002441406 1350.59997558594 1358.69995117188 1349 1349.90002441406 1346.30004882812 1335.90002441406 1320.40002441406 1316.19995117188 1312.40002441406 1296.40002441406 1287.09997558594 1284.80004882812 1274.90002441406 1258.09997558594 1261.69995117188 1236.80004882812 1228.69995117188 1220.09997558594 1216.90002441406 1196.30004882812 1194.09997558594 1179.19995117188 1168.30004882812 1187.19995117188 1187.80004882812 1184.30004882812 1179.69995117188 1178.80004882812 1130.5 1118.09997558594 1075.40002441406 1034.69995117188 1017.59997558594 1014.70001220703 992.799987792969 916.599975585938 893 886.799987792969 871 862.900024414062 841.400024414062 813.400024414062 772.099975585938 781.900024414062 819.599975585938 839.799987792969 825.400024414062 787.799987792969
1352.30004882812 1359.5 1358.69995117188 1359.80004882812 1350.80004882812 1332.19995117188 1351.80004882812 1359.80004882812 1367.30004882812 1361.30004882812 1352.69995117188 1347.40002441406 1338.69995117188 1324.5 1306.19995117188 1302.80004882812 1288.90002441406 1280.69995117188 1276.19995117188 1267.80004882812 1251.5 1255.19995117188 1227.69995117188 1230.5 1215.69995117188 1210.90002441406 1192.59997558594 1177.80004882812 1166.30004882812 1179.40002441406 1195.19995117188 1193.09997558594 1185 1190.09997558594 1209.90002441406 1163.19995117188 1108.90002441406 1062.90002441406 1017.79998779297 1022.40002441406 1021 991.599975585938 949.400024414062 929.900024414062 905.900024414062 890.900024414062 877.599975585938 843.599975585938 815.5 781.200012207031 774.400024414062 805.599975585938 832.599975585938 797.099975585938 793.400024414062
1344.09997558594 1360.30004882812 1342.19995117188 1336.80004882812 1353.09997558594 1338 1337.30004882812 1344 1358 1358.5 1353.59997558594 1347.80004882812 1335.5 1319.90002441406 1299.59997558594 1293.59997558594 1284.80004882812 1276.30004882812 1269.30004882812 1257 1251.69995117188 1239.59997558594 1223.40002441406 1223.09997558594 1203.80004882812 1202.80004882812 1187.30004882812 1165.40002441406 1175.69995117188 1173.5 1180.19995117188 1186.19995117188 1184.69995117188 1214.80004882812 1225.59997558594 1187.69995117188 1116.5 1056.09997558594 1020.29998779297 1024.69995117188 1026.5 1009.5 984 960.799987792969 933 921.5 889.900024414062 839.5 808.099975585938 782.799987792969 782.599975585938 827.799987792969 863.299987792969 782.299987792969 770
1347 1344.19995117188 1331 1322.40002441406 1339.30004882812 1340.59997558594 1325.5 1331.59997558594 1344.90002441406 1345.69995117188 1340.5 1337.40002441406 1333.90002441406 1316.09997558594 1296.69995117188 1286.09997558594 1274.09997558594 1267.30004882812 1268.80004882812 1270.19995117188 1256.69995117188 1226.59997558594 1234.80004882812 1226.40002441406 1207.30004882812 1195.5 1178.90002441406 1171.90002441406 1171.90002441406 1156.69995117188 1158.40002441406 1174.5 1188.80004882812 1209 1214.59997558594 1174.30004882812 1114.80004882812 1106.09997558594 1061.09997558594 1054.59997558594 1052.5 1056.80004882812 1017.79998779297 983.299987792969 955.5 936.099975585938 887.700012207031 829.599975585938 820.299987792969 787.799987792969 769.299987792969 852 872.700012207031 778.900024414062 795.900024414062
1341.69995117188 1340.90002441406 1333.19995117188 1321.30004882812 1319.5 1347.90002441406 1337.59997558594 1323.40002441406 1328.19995117188 1328.5 1322.59997558594 1325.80004882812 1315.69995117188 1303.59997558594 1290.90002441406 1275.69995117188 1265.69995117188 1266.19995117188 1272.30004882812 1271.40002441406 1254.19995117188 1224.90002441406 1249 1216.30004882812 1196.90002441406 1188 1175.90002441406 1171.19995117188 1154.30004882812 1140 1142.30004882812 1157.69995117188 1183.90002441406 1194.5 1219.5 1171.90002441406 1149.80004882812 1138 1109 1111.5 1090.40002441406 1085.09997558594 1042.30004882812 999.200012207031 976.099975585938 948.400024414062 884.099975585938 840.299987792969 849.099975585938 827 769.400024414062 867.900024414062 846 764.400024414062 884.5
1334.69995117188 1333.90002441406 1330.19995117188 1316.90002441406 1305.19995117188 1326.69995117188 1333.5 1318 1310 1313.80004882812 1311.59997558594 1308 1308.09997558594 1300.40002441406 1284 1271.19995117188 1255.59997558594 1255.40002441406 1258.80004882812 1257.30004882812 1242.09997558594 1233.09997558594 1220.80004882812 1219.40002441406 1192.19995117188 1181 1168.09997558594 1171.5 1146.80004882812 1141.30004882812 1143.90002441406 1152 1172.09997558594 1187 1205.09997558594 1236.90002441406 1218.5 1220.80004882812 1195.09997558594 1189.90002441406 1117.19995117188 1101.19995117188 1063.19995117188 1025.90002441406 983.799987792969 942.099975585938 880.5 884.099975585938 877.099975585938 866 805 831.299987792969 763.599975585938 820.099975585938 962.799987792969
1331.30004882812 1331.09997558594 1325.30004882812 1318.09997558594 1301.80004882812 1305.09997558594 1324.5 1312.59997558594 1303.30004882812 1297.80004882812 1292.90002441406 1290.59997558594 1285.80004882812 1288 1277.40002441406 1265.59997558594 1249.69995117188 1242.80004882812 1251 1250.59997558594 1230.40002441406 1228.90002441406 1209.59997558594 1201.69995117188 1180.80004882812 1171.30004882812 1169.69995117188 1166.80004882812 1151.09997558594 1150.5 1147.5 1152.90002441406 1154.09997558594 1190.19995117188 1224.69995117188 1257.30004882812 1288.40002441406 1302.30004882812 1268.40002441406 1195.30004882812 1130.90002441406 1112.09997558594 1094.69995117188 1023.29998779297 997.099975585938 956.700012207031 908.400024414062 919.299987792969 905.5 872.700012207031 806.900024414062 785.400024414062 769.799987792969 814.799987792969 962.299987792969
1320.59997558594 1327.30004882812 1321.59997558594 1312.80004882812 1305 1308.90002441406 1300 1297.80004882812 1282.40002441406 1287.19995117188 1277.69995117188 1276.59997558594 1270.5 1259 1256.5 1252.80004882812 1243 1225.40002441406 1236.80004882812 1238.09997558594 1219 1217.30004882812 1204.30004882812 1180.69995117188 1181.59997558594 1180.09997558594 1165.80004882812 1172.69995117188 1167.90002441406 1153.30004882812 1146 1141.30004882812 1168.40002441406 1207.19995117188 1241.59997558594 1258 1276.09997558594 1271.09997558594 1224.90002441406 1194.80004882812 1141.40002441406 1124.30004882812 1082.5 1033.59997558594 1017 954.400024414062 933 950.599975585938 937.900024414062 894.299987792969 846.099975585938 835.700012207031 808.099975585938 857.5 1019.5
1311.19995117188 1319.30004882812 1314.40002441406 1309.5 1307.09997558594 1301.69995117188 1292.80004882812 1284.19995117188 1272.69995117188 1264.90002441406 1264.19995117188 1253.40002441406 1255.80004882812 1248.69995117188 1243.59997558594 1230.69995117188 1217.69995117188 1209.5 1216.90002441406 1216.90002441406 1215.30004882812 1200.19995117188 1195.19995117188 1196.19995117188 1214.5 1222.80004882812 1191.69995117188 1209.80004882812 1250.30004882812 1212 1190.5 1176 1192.40002441406 1213.90002441406 1234.5 1266.59997558594 1293.59997558594 1267.30004882812 1197.09997558594 1193.40002441406 1169.69995117188 1129.90002441406 1092.09997558594 1063.80004882812 1031.69995117188 975 944.400024414062 949.299987792969 948.299987792969 917.900024414062 893.700012207031 879.299987792969 842.900024414062 860.799987792969 1018.70001220703
1299.30004882812 1303.30004882812 1306.59997558594 1295 1287.40002441406 1293.80004882812 1286.90002441406 1264.59997558594 1258.90002441406 1255.40002441406 1246.30004882812 1236.40002441406 1238.69995117188 1237.80004882812 1221.09997558594 1200.90002441406 1198.30004882812 1196.19995117188 1204.59997558594 1215.5 1219.69995117188 1213 1207.09997558594 1212.19995117188 1208.40002441406 1217.59997558594 1228.19995117188 1228.69995117188 1227.19995117188 1249.30004882812 1258.80004882812 1234.09997558594 1237 1241.09997558594 1242 1267 1297.80004882812 1253 1192.40002441406 1172.90002441406 1172.19995117188 1125.90002441406 1112.09997558594 1105.69995117188 1052.5 1006.09997558594 970.900024414062 956.200012207031 943.099975585938 938.5 931.400024414062 928.099975585938 892.099975585938 902.099975585938 988.099975585938
1284.09997558594 1287.09997558594 1285.80004882812 1281.59997558594 1279.09997558594 1269.09997558594 1264.5 1259.59997558594 1242.69995117188 1238.90002441406 1236.19995117188 1223.80004882812 1212.30004882812 1206.59997558594 1198.40002441406 1177.5 1193.40002441406 1194.19995117188 1190.09997558594 1196.59997558594 1203.59997558594 1211.30004882812 1209.80004882812 1211.40002441406 1211.69995117188 1221.19995117188 1239.09997558594 1254.19995117188 1282.40002441406 1251.09997558594 1259.69995117188 1268.40002441406 1272.30004882812 1278.69995117188 1272.90002441406 1268.40002441406 1283.5 1258.5 1205.40002441406 1190.19995117188 1198.09997558594 1166.5 1161.09997558594 1121.5 1070.19995117188 1030.30004882812 994.5 976.900024414062 972.599975585938 955.5 959.599975585938 963.5 949.900024414062 937.299987792969 964.799987792969
1265.19995117188 1270.80004882812 1267.90002441406 1258 1265.90002441406 1259.09997558594 1251.40002441406 1241.5 1234.90002441406 1230.09997558594 1223.19995117188 1210.90002441406 1198 1184.5 1173.19995117188 1172.40002441406 1171.09997558594 1169 1174.90002441406 1184.69995117188 1189.90002441406 1202.40002441406 1210.59997558594 1219.69995117188 1226.30004882812 1232.19995117188 1250 1265.40002441406 1279.19995117188 1285 1266.5 1276.30004882812 1275.19995117188 1262.19995117188 1265.69995117188 1271 1291.40002441406 1271 1263.90002441406 1213.19995117188 1230.19995117188 1206.09997558594 1201 1148 1097.5 1058.5 1023.59997558594 1002.5 1011 989.700012207031 983.599975585938 1001.59997558594 980.400024414062 978.599975585938 1005.5
1249.90002441406 1244.09997558594 1251.5 1239 1242.59997558594 1244.90002441406 1243.5 1237.19995117188 1228.5 1222.09997558594 1211.19995117188 1196.80004882812 1178 1162.19995117188 1152.90002441406 1145.5 1142.19995117188 1145.09997558594 1153.90002441406 1165.69995117188 1176.90002441406 1193.5 1208 1225.30004882812 1239.90002441406 1249.90002441406 1265.30004882812 1276.30004882812 1288.30004882812 1305.80004882812 1307.40002441406 1306.40002441406 1298 1299.19995117188 1289.40002441406 1278.09997558594 1279.5 1274.40002441406 1273.09997558594 1244.5 1250.69995117188 1260.30004882812 1221.30004882812 1167.5 1115.30004882812 1073.30004882812 1014.79998779297 1004.90002441406 1028 1014 995 1001.40002441406 1020.20001220703 1014.09997558594 1031.80004882812
