data/layers/future_layer_can_585_60/bio14.asc
NCOLS 494 
NROWS 529 
XLLCORNER -117.166666666667 
YLLCORNER -55.5 
CELLSIZE 0.166666666666667 
NODATA_value -3.4e+38 
[rows 130 to 155 of 529, columns 290 to 347 of 494]
15.3000001907349 17.2999992370605 17.8999996185303 -3.4e+38 -3.4e+38 -3.4e+38 -3.4e+38 -3.4e+38 -3.4e+38 -3.4e+38 -3.4e+38 -3.4e+38 -3.4e+38 -3.4e+38 -3.4e+38 -3.4e+38 -3.4e+38 -3.4e+38 -3.4e+38 -3.4e+38 -3.4e+38 -3.4e+38 -3.4e+38 -3.4e+38 -3.4e+38 -3.4e+38 -3.4e+38 -3.4e+38 -3.4e+38 -3.4e+38 -3.4e+38 -3.4e+38 -3.4e+38 -3.4e+38 -3.4e+38 -3.4e+38 -3.4e+38 -3.4e+38 -3.4e+38 -3.4e+38 -3.4e+38 -3.4e+38 -3.4e+38 -3.4e+38 -3.4e+38 -3.4e+38 -3.4e+38 -3.4e+38 -3.4e+38 -3.4e+38 -3.4e+38 -3.4e+38 -3.4e+38 -3.4e+38 -3.4e+38 -3.4e+38 -3.4e+38 -3.4e+38
17.2000007629395 17.3999996185303 17.6000003814697 -3.4e+38 -3.4e+38 -3.4e+38 -3.4e+38 -3.4e+38 -3.4e+38 -3.4e+38 -3.4e+38 -3.4e+38 -3.4e+38 -3.4e+38 -3.4e+38 -3.4e+38 -3.4e+38 -3.4e+38 -3.4e+38 -3.4e+38 -3.4e+38 -3.4e+38 -3.4e+38 -3.4e+38 -3.4e+38 -3.4e+38 -3.4e+38 -3.4e+38 -3.4e+38 -3.4e+38 -3.4e+38 -3.4e+38 -3.4e+38 -3.4e+38 -3.4e+38 -3.4e+38 -3.4e+38 -3.4e+38 -3.4e+38 -3.4e+38 -3.4e+38 -3.4e+38 -3.4e+38 -3.4e+38 -3.4e+38 63.9000015258789 67.9000015258789 -3.4e+38 -3.4e+38 -3.4e+38 -3.4e+38 -3.4e+38 -3.4e+38 -3.4e+38 -3.4e+38 -3.4e+38 -3.4e+38 -3.4e+38
18.2999992370605 18 18.1000003814697 -3.4e+38 -3.4e+38 -3.4e+38 -3.4e+38 -3.4e+38 -3.4e+38 -3.4e+38 -3.4e+38 -3.4e+38 -3.4e+38 -3.4e+38 -3.4e+38 28.7999992370605 -3.4e+38 -3.4e+38 -3.4e+38 -3.4e+38 -3.4e+38 -3.4e+38 -3.4e+38 -3.4e+38 -3.4e+38 -3.4e+38 -3.4e+38 -3.4e+38 -3.4e+38 -3.4e+38 18.5 22.3999996185303 26.7000007629395 31.3999996185303 30.5 28.2999992370605 -3.4e+38 -3.4e+38 -3.4e+38 -3.4e+38 -3.4e+38 -3.4e+38 -3.4e+38 -3.4e+38 50.2999992370605 61 66.6999969482422 -3.4e+38 -3.4e+38 -3.4e+38 -3.4e+38 -3.4e+38 -3.4e+38 -3.4e+38 -3.4e+38 -3.4e+38 -3.4e+38 -3.4e+38
19.5 17.8999996185303 18.7000007629395 19.1000003814697 18.2999992370605 14.8000001907349 17.1000003814697 14.6999998092651 14.8000001907349 19.8999996185303 21.7999992370605 18.2999992370605 18.6000003814697 22.1000003814697 30.1000003814697 34.2000007629395 -3.4e+38 -3.4e+38 -3.4e+38 -3.4e+38 -3.4e+38 -3.4e+38 -3.4e+38 -3.4e+38 -3.4e+38 -3.4e+38 -3.4e+38 -3.4e+38 -3.4e+38 -3.4e+38 -3.4e+38 18.8999996185303 24.3999996185303 28.6000003814697 29.2000007629395 28.3999996185303 -3.4e+38 -3.4e+38 -3.4e+38 -3.4e+38 -3.4e+38 -3.4e+38 -3.4e+38 -3.4e+38 52.5999984741211 64.4000015258789 -3.4e+38 -3.4e+38 -3.4e+38 -3.4e+38 -3.4e+38 -3.4e+38 -3.4e+38 -3.4e+38 -3.4e+38 -3.4e+38 -3.4e+38 -3.4e+38
12.8000001907349 15.3000001907349 16.7999992370605 13.6000003814697 11.8000001907349 13.8999996185303 14.8999996185303 15.3999996185303 11.3000001907349 12.3000001907349 18.1000003814697 17.2000007629395 14.6999998092651 22.3999996185303 28 32.0999984741211 31.6000003814697 23 -3.4e+38 -3.4e+38 -3.4e+38 -3.4e+38 -3.4e+38 -3.4e+38 -3.4e+38 -3.4e+38 -3.4e+38 15.3999996185303 16.6000003814697 18.7000007629395 26.2000007629395 30.8999996185303 32.7999992370605 29.2999992370605 28.6000003814697 29.8999996185303 28.2999992370605 -3.4e+38 -3.4e+38 -3.4e+38 -3.4e+38 -3.4e+38 -3.4e+38 -3.4e+38 46.5999984741211 59.0999984741211 63.5999984741211 -3.4e+38 -3.4e+38 -3.4e+38 -3.4e+38 -3.4e+38 -3.4e+38 -3.4e+38 -3.4e+38 -3.4e+38 -3.4e+38 -3.4e+38
11.3000001907349 13.8000001907349 11.1000003814697 10.8000001907349 11.3999996185303 11.6999998092651 11.3000001907349 10.8000001907349 10.3999996185303 10.8000001907349 15.1999998092651 15.3999996185303 15.1999998092651 17.2999992370605 21.2999992370605 23.8999996185303 20.6000003814697 28.3999996185303 27.6000003814697 18.6000003814697 -3.4e+38 -3.4e+38 -3.4e+38 -3.4e+38 -3.4e+38 18.2000007629395 16.7000007629395 19.7000007629395 19.7999992370605 27.7000007629395 27.5 27.2999992370605 30.2999992370605 27.2999992370605 25.3999996185303 28.3999996185303 30.7999992370605 32.0999984741211 -3.4e+38 -3.4e+38 -3.4e+38 -3.4e+38 -3.4e+38 -3.4e+38 -3.4e+38 -3.4e+38 -3.4e+38 -3.4e+38 -3.4e+38 -3.4e+38 -3.4e+38 -3.4e+38 -3.4e+38 -3.4e+38 -3.4e+38 -3.4e+38 -3.4e+38 -3.4e+38
12.1000003814697 12.5 10.8999996185303 11 10 10.5 10.8999996185303 10.6000003814697 9.89999961853027 9.69999980926514 9.60000038146973 10.6000003814697 11.1999998092651 11.6999998092651 13.8999996185303 17.1000003814697 16.1000003814697 17.6000003814697 18.1000003814697 17.5 13.6000003814697 15.6000003814697 14.6999998092651 14.3999996185303 16.5 16.8999996185303 16.6000003814697 17.8999996185303 20.2999992370605 18.8999996185303 16.3999996185303 16.3999996185303 19.2999992370605 21.2000007629395 23.7000007629395 25.8999996185303 31.5 31.5 33.2000007629395 36.7999992370605 35.0999984741211 -3.4e+38 -3.4e+38 -3.4e+38 -3.4e+38 -3.4e+38 -3.4e+38 -3.4e+38 -3.4e+38 -3.4e+38 -3.4e+38 -3.4e+38 -3.4e+38 -3.4e+38 -3.4e+38 -3.4e+38 -3.4e+38 -3.4e+38
11.6999998092651 10.3000001907349 9.89999961853027 8.60000038146973 8.30000019073486 8.39999961853027 8.30000019073486 8 7.40000009536743 7.09999990463257 8.10000038146973 8.60000038146973 8.10000038146973 6.80000019073486 8.80000019073486 5.69999980926514 6.40000009536743 8.69999980926514 6.5 6 7.90000009536743 11.3999996185303 11.6999998092651 12.8000001907349 13.3999996185303 14.3999996185303 14.3999996185303 15 15.3999996185303 12.8999996185303 10.1999998092651 11 14.6999998092651 13.3999996185303 19.5 25.6000003814697 30 32.0999984741211 32.7000007629395 35.7999992370605 40.0999984741211 42.2999992370605 45.0999984741211 48.5999984741211 -3.4e+38 -3.4e+38 -3.4e+38 -3.4e+38 -3.4e+38 -3.4e+38 -3.4e+38 -3.4e+38 -3.4e+38 -3.4e+38 -3.4e+38 -3.4e+38 -3.4e+38 -3.4e+38
9.10000038146973 8.69999980926514 8.10000038146973 7.59999990463257 7.59999990463257 6.90000009536743 6.40000009536743 6.90000009536743 5.5 5.40000009536743 5.19999980926514 4.90000009536743 5.09999990463257 5.5 5.09999990463257 5.19999980926514 5.40000009536743 5.30000019073486 6.80000019073486 5.19999980926514 5.80000019073486 6.30000019073486 8.80000019073486 11.3000001907349 11.3000001907349 10.8999996185303 13 12.8999996185303 10.1000003814697 8.60000038146973 9.30000019073486 10.3000001907349 10.1999998092651 11.5 21.2999992370605 25.7999992370605 29.3999996185303 32.5999984741211 33.7999992370605 35.5999984741211 39.2000007629395 40.5999984741211 46.7000007629395 47.5999984741211 51.2999992370605 -3.4e+38 -3.4e+38 -3.4e+38 -3.4e+38 -3.4e+38 -3.4e+38 -3.4e+38 -3.4e+38 -3.4e+38 -3.4e+38 -3.4e+38 -3.4e+38 -3.4e+38
7.90000009536743 7.09999990463257 7.09999990463257 6.09999990463257 5.40000009536743 5.30000019073486 5.19999980926514 4.59999990463257 4.19999980926514 3.90000009536743 4.40000009536743 3.90000009536743 4.59999990463257 4.80000019073486 4.80000019073486 4.80000019073486 6.5 4.40000009536743 4.40000009536743 5.90000009536743 5.40000009536743 5.40000009536743 5.30000019073486 7.80000019073486 10.3000001907349 9.39999961853027 10.8999996185303 11.6999998092651 9.89999961853027 9.30000019073486 9.80000019073486 10.1000003814697 9.80000019073486 10.3999996185303 13.1000003814697 22.1000003814697 27.8999996185303 29.6000003814697 32.2000007629395 35.2999992370605 38.5 41.2999992370605 44.7999992370605 50.7999992370605 53.5 53.0999984741211 58.0999984741211 -3.4e+38 -3.4e+38 -3.4e+38 -3.4e+38 -3.4e+38 -3.4e+38 -3.4e+38 -3.4e+38 -3.4e+38 -3.4e+38 -3.4e+38
6.80000019073486 6.40000009536743 6.30000019073486 5.09999990463257 4.19999980926514 4.09999990463257 3.90000009536743 3.20000004768372 3.40000009536743 3.40000009536743 3.40000009536743 3.29999995231628 3.40000009536743 4.09999990463257 3.90000009536743 4.09999990463257 5.09999990463257 4.80000019073486 5 5.09999990463257 5.59999990463257 5.80000019073486 5.09999990463257 6.40000009536743 8.89999961853027 8.89999961853027 9.19999980926514 9.60000038146973 9.5 8.80000019073486 9.30000019073486 9.89999961853027 9.30000019073486 10.3000001907349 12.8000001907349 15.5 25.2000007629395 28.6000003814697 32.9000015258789 35.7999992370605 38.7999992370605 40 46.4000015258789 52.7999992370605 53.5 55.9000015258789 54.7000007629395 56.5999984741211 -3.4e+38 -3.4e+38 -3.4e+38 -3.4e+38 -3.4e+38 -3.4e+38 -3.4e+38 -3.4e+38 -3.4e+38 -3.4e+38
6.90000009536743 6.09999990463257 5.90000009536743 4.69999980926514 2.90000009536743 3.09999990463257 3.29999995231628 3.29999995231628 2.79999995231628 2.90000009536743 2.79999995231628 2.70000004768372 2.90000009536743 3.20000004768372 3.40000009536743 3.59999990463257 3.70000004768372 3.59999990463257 4 4.80000019073486 5 6.09999990463257 5.40000009536743 6.40000009536743 7.19999980926514 9.30000019073486 8.80000019073486 8.60000038146973 8.80000019073486 8.89999961853027 8.60000038146973 9.10000038146973 9.60000038146973 11.8999996185303 16.3999996185303 18.7000007629395 15.8999996185303 16.1000003814697 26.6000003814697 36.0999984741211 38.7000007629395 39.9000015258789 44.4000015258789 46.4000015258789 47.7999992370605 50.9000015258789 52.5999984741211 55.9000015258789 56.7999992370605 -3.4e+38 -3.4e+38 -3.4e+38 -3.4e+38 -3.4e+38 -3.4e+38 -3.4e+38 -3.4e+38 -3.4e+38
6.59999990463257 6.09999990463257 5 3.40000009536743 2.79999995231628 2.59999990463257 2.40000009536743 1.79999995231628 2.59999990463257 2.29999995231628 2.29999995231628 2.59999990463257 2.79999995231628 3.29999995231628 3.09999990463257 3.29999995231628 3.59999990463257 4.19999980926514 4.09999990463257 4.59999990463257 5.69999980926514 5.59999990463257 6.09999990463257 6.30000019073486 6.19999980926514 7.80000019073486 9.19999980926514 9.69999980926514 9.10000038146973 9.10000038146973 9.39999961853027 9.5 12.8000001907349 17.1000003814697 17.2999992370605 24.1000003814697 17.3999996185303 16.1000003814697 19.2999992370605 29.1000003814697 38.0999984741211 40.4000015258789 44.2999992370605 51.5 58.2999992370605 56.2999992370605 53.2999992370605 52.9000015258789 -3.4e+38 -3.4e+38 -3.4e+38 -3.4e+38 -3.4e+38 -3.4e+38 -3.4e+38 -3.4e+38 -3.4e+38 -3.4e+38
6.09999990463257 5.59999990463257 4.09999990463257 2.90000009536743 2.20000004768372 1.39999997615814 1.79999995231628 1.39999997615814 2.79999995231628 2.59999990463257 2.40000009536743 2.79999995231628 3.29999995231628 2.40000009536743 2.90000009536743 3.5 3.40000009536743 4 4.80000019073486 5.30000019073486 5.5 5.90000009536743 5.80000019073486 7.09999990463257 6.30000019073486 7.59999990463257 8.60000038146973 8.80000019073486 9.60000038146973 9.60000038146973 10.6000003814697 10.1000003814697 15.6000003814697 15.6000003814697 15.8999996185303 19.3999996185303 17.6000003814697 18 16.8999996185303 22.2999992370605 38.0999984741211 41.7999992370605 46.4000015258789 51.5999984741211 55.2999992370605 61.2999992370605 61.4000015258789 57.9000015258789 55.7999992370605 -3.4e+38 -3.4e+38 -3.4e+38 -3.4e+38 -3.4e+38 -3.4e+38 -3.4e+38 -3.4e+38 -3.4e+38
4.59999990463257 5.30000019073486 3.29999995231628 1.89999997615814 1.5 1.60000002384186 2.59999990463257 2.40000009536743 3.59999990463257 2.09999990463257 2.40000009536743 2.20000004768372 2.40000009536743 2.40000009536743 2.79999995231628 3.29999995231628 3.90000009536743 4.30000019073486 4.90000009536743 4.40000009536743 4.90000009536743 5.59999990463257 5.80000019073486 7.09999990463257 6.80000019073486 7.40000009536743 8.80000019073486 9.10000038146973 9.80000019073486 9.89999961853027 12.6999998092651 13.8000001907349 15.1000003814697 16.2000007629395 16.7000007629395 14.8000001907349 16.2999992370605 28.1000003814697 27.3999996185303 30.1000003814697 34.4000015258789 38.7000007629395 45.2000007629395 46.5 55.7000007629395 62.4000015258789 58.4000015258789 59.2999992370605 55.0999984741211 -3.4e+38 -3.4e+38 -3.4e+38 -3.4e+38 -3.4e+38 -3.4e+38 -3.4e+38 -3.4e+38 -3.4e+38
5.59999990463257 4.30000019073486 2.59999990463257 1.79999995231628 2.40000009536743 2.09999990463257 2.79999995231628 2.09999990463257 2.79999995231628 3.09999990463257 2.79999995231628 2.40000009536743 4.09999990463257 4.59999990463257 4.30000019073486 4.30000019073486 3.79999995231628 4.09999990463257 5.09999990463257 5.30000019073486 5.30000019073486 6 6.19999980926514 6.59999990463257 7.09999990463257 8.30000019073486 8.30000019073486 9.39999961853027 10.1999998092651 10.1000003814697 10.8999996185303 12.6999998092651 15.3999996185303 14.3000001907349 18.6000003814697 15.1000003814697 21.8999996185303 25.1000003814697 30.6000003814697 34.7000007629395 36 40.7000007629395 48.5 53.7000007629395 56.9000015258789 62.4000015258789 64.5 67.0999984741211 66.8000030517578 67.4000015258789 70.3000030517578 72.5999984741211 66.3000030517578 -3.4e+38 -3.4e+38 -3.4e+38 -3.4e+38 -3.4e+38
2.79999995231628 2.59999990463257 1.79999995231628 1.20000004768372 1.70000004768372 1.79999995231628 2.20000004768372 2.40000009536743 2.5 2.20000004768372 2.20000004768372 3.79999995231628 5.30000019073486 4.5 7.09999990463257 5.59999990463257 6.40000009536743 7.40000009536743 10.3999996185303 8.10000038146973 9.5 6.80000019073486 6.90000009536743 6.80000019073486 7.69999980926514 8.5 8.60000038146973 9.30000019073486 10.1999998092651 10.6000003814697 11.1000003814697 13.1999998092651 15.3000001907349 16.7000007629395 18.3999996185303 20 24.3999996185303 28.7999992370605 33.2999992370605 34.7000007629395 43.2999992370605 44.0999984741211 41.2999992370605 44.0999984741211 56.7999992370605 66.9000015258789 61.5999984741211 66.4000015258789 65.9000015258789 70.9000015258789 73.5 77.5999984741211 75.9000015258789 77.0999984741211 70.3000030517578 -3.4e+38 -3.4e+38 -3.4e+38
3 2.09999990463257 1.89999997615814 1.60000002384186 1.5 1.29999995231628 1.60000002384186 1.70000004768372 2.29999995231628 2.09999990463257 1.79999995231628 2.5 4.5 5.40000009536743 8.69999980926514 7.59999990463257 11.3999996185303 11.8000001907349 10.1000003814697 14 9.5 10.3999996185303 9.60000038146973 9.69999980926514 10.3999996185303 8.80000019073486 9.39999961853027 10.1999998092651 12.1000003814697 12.6000003814697 13.3999996185303 14.8000001907349 13.8000001907349 14.8999996185303 17.7999992370605 23.2999992370605 29.3999996185303 34.7999992370605 35.4000015258789 42.5 47.4000015258789 44.9000015258789 52.5 44.2999992370605 60.0999984741211 63.5999984741211 57.2000007629395 58.7000007629395 57.4000015258789 57.5999984741211 63.4000015258789 72.8000030517578 71.9000015258789 71.5 80.5999984741211 79.0999984741211 70.8000030517578 -3.4e+38
3.79999995231628 2.09999990463257 2 1.39999997615814 1.20000004768372 1.10000002384186 1.29999995231628 1.29999995231628 1.89999997615814 2.40000009536743 2.09999990463257 2.59999990463257 3.90000009536743 4.09999990463257 10.3000001907349 8.80000019073486 13.8999996185303 11 9.30000019073486 8.19999980926514 9.39999961853027 9.30000019073486 9.30000019073486 12.1000003814697 11.8999996185303 10.5 11 11.8000001907349 12.6000003814697 11.8999996185303 12.3999996185303 13.5 14.6000003814697 18.2999992370605 19.8999996185303 25.1000003814697 30.3999996185303 29.7999992370605 32.0999984741211 28.5 30.7999992370605 43.7999992370605 49.2999992370605 53.7999992370605 49.2999992370605 51.2000007629395 68.3000030517578 68.8000030517578 67.9000015258789 65.4000015258789 62.4000015258789 65.9000015258789 72.5999984741211 75.0999984741211 76 77.0999984741211 73.3000030517578 67.6999969482422
3.5 2.70000004768372 2.20000004768372 2 1.79999995231628 1.70000004768372 1.89999997615814 2.09999990463257 1.89999997615814 2.40000009536743 2.09999990463257 2.90000009536743 4.30000019073486 4.5 5.80000019073486 8.10000038146973 7.69999980926514 6.19999980926514 7.19999980926514 11.3999996185303 12.6000003814697 11.6000003814697 9.10000038146973 11.1000003814697 11.8999996185303 11.3999996185303 12.3999996185303 13 12.8000001907349 13.3000001907349 15 14.5 16.1000003814697 17.8999996185303 23.1000003814697 25.7999992370605 24.3999996185303 28.1000003814697 27.1000003814697 24.6000003814697 31.2999992370605 38.0999984741211 47.5999984741211 55.7999992370605 41.2999992370605 45.4000015258789 58.7999992370605 66.8000030517578 71.1999969482422 68.4000015258789 67.3000030517578 66.6999969482422 68.3000030517578 73.5999984741211 76.4000015258789 80.5999984741211 73.5 70.4000015258789
3.59999990463257 3 2.70000004768372 2.20000004768372 2.40000009536743 1.89999997615814 2.09999990463257 2 2.59999990463257 2.79999995231628 2.90000009536743 2.70000004768372 2.90000009536743 3.20000004768372 3.40000009536743 5.30000019073486 9.10000038146973 8.89999961853027 12.3000001907349 13.1000003814697 14.1000003814697 13.3999996185303 11.3999996185303 10.1999998092651 11.3999996185303 11.8999996185303 13.3999996185303 13.8000001907349 14.3999996185303 14.5 16.2999992370605 16.1000003814697 18.6000003814697 22.6000003814697 25.7000007629395 23 19.6000003814697 25.1000003814697 24.1000003814697 25 26.1000003814697 27.6000003814697 32.9000015258789 48 50.7999992370605 58.0999984741211 63.0999984741211 70.3000030517578 66.8000030517578 65.9000015258789 66.4000015258789 61.7999992370605 68.4000015258789 65.0999984741211 68.9000015258789 67.8000030517578 68.5999984741211 71.0999984741211
3.79999995231628 4.30000019073486 3.70000004768372 4.5 3.20000004768372 3.79999995231628 3.70000004768372 4 2 2.20000004768372 3 3.09999990463257 2.90000009536743 3.20000004768372 5.80000019073486 9.80000019073486 10.8999996185303 8.10000038146973 9.80000019073486 12.6000003814697 12.6000003814697 13.1000003814697 14.3999996185303 13.6000003814697 13.3000001907349 14.3999996185303 15.6000003814697 16.6000003814697 15.8999996185303 17.7999992370605 17.8999996185303 17.7999992370605 21.7999992370605 27.7999992370605 26.1000003814697 27.7000007629395 28.7999992370605 26.7000007629395 23.2000007629395 27.8999996185303 29.1000003814697 36.0999984741211 34.4000015258789 32.4000015258789 55.7999992370605 57 65.3000030517578 65.0999984741211 68.4000015258789 66.4000015258789 68.4000015258789 66.1999969482422 65.8000030517578 64.3000030517578 65.0999984741211 68.3000030517578 64.1999969482422 64.5999984741211
4.59999990463257 4.5 3.70000004768372 3.79999995231628 3.79999995231628 3.59999990463257 3.40000009536743 3.29999995231628 4.19999980926514 3.40000009536743 3.5 3.09999990463257 3.5 4.69999980926514 8 9.89999961853027 11 12.5 12.3000001907349 11.6999998092651 16.7999992370605 13.1000003814697 14.3000001907349 14.3999996185303 15.5 16.2999992370605 18.3999996185303 20.2999992370605 20.7999992370605 20.7000007629395 19 21.7000007629395 22.3999996185303 22.3999996185303 26.8999996185303 29.6000003814697 33.2999992370605 28.3999996185303 29.2999992370605 30.1000003814697 35.4000015258789 40.0999984741211 32.0999984741211 32.4000015258789 40.0999984741211 41.9000015258789 57.4000015258789 59.7000007629395 70.9000015258789 50.7000007629395 63 64.0999984741211 64 63.4000015258789 63.5 68.4000015258789 64.3000030517578 61.9000015258789
5.30000019073486 5.80000019073486 5 4.40000009536743 4.90000009536743 4.80000019073486 4.40000009536743 5.40000009536743 5.80000019073486 5.59999990463257 4 5.59999990463257 7.59999990463257 6.09999990463257 7.80000019073486 13.3999996185303 17.5 14.1000003814697 12.8999996185303 14.3999996185303 19.2999992370605 14.8999996185303 14.3000001907349 16.7999992370605 18.1000003814697 19.7999992370605 21.2999992370605 22.2999992370605 21.7999992370605 21.2000007629395 20.3999996185303 21.8999996185303 23.3999996185303 29.3999996185303 21 21.3999996185303 36.9000015258789 26.7999992370605 26.7000007629395 30.7000007629395 31.6000003814697 31.3999996185303 33.9000015258789 36.4000015258789 37.9000015258789 39.2999992370605 42.0999984741211 57.7999992370605 54.9000015258789 52.7999992370605 56.4000015258789 60.5 60.4000015258789 57.7999992370605 63.4000015258789 61.7000007629395 66.8000030517578 65.0999984741211
5.90000009536743 6.80000019073486 6.30000019073486 5.80000019073486 6.09999990463257 5.90000009536743 5.30000019073486 5.59999990463257 6.09999990463257 6.30000019073486 4.59999990463257 7 16.1000003814697 7.09999990463257 7.30000019073486 14.6999998092651 18.1000003814697 14.1000003814697 15.1000003814697 15.3999996185303 20.7999992370605 18.7000007629395 16.3999996185303 17.1000003814697 18.1000003814697 20.1000003814697 22.7000007629395 24.2000007629395 25.1000003814697 25.3999996185303 24.2999992370605 25.8999996185303 27.2000007629395 30.7999992370605 33.5999984741211 32.4000015258789 34.0999984741211 26.7000007629395 28.7999992370605 28.6000003814697 28.7999992370605 27.2999992370605 28.7999992370605 36.5999984741211 34.5999984741211 39.9000015258789 44.4000015258789 62.5999984741211 45.7999992370605 49.2999992370605 50.0999984741211 46.4000015258789 54.4000015258789 56.5999984741211 57.9000015258789 62.9000015258789 62.9000015258789 63.5
8.10000038146973 7.59999990463257 8.10000038146973 6.5 6.30000019073486 6.30000019073486 6.5 6.59999990463257 6.09999990463257 6.90000009536743 6.40000009536743 10 10.6000003814697 7.40000009536743 8.10000038146973 22.7999992370605 18.3999996185303 16.7999992370605 14.3999996185303 18 24.8999996185303 25 23.3999996185303 23.1000003814697 21.2000007629395 20.5 24.1000003814697 27.3999996185303 28.8999996185303 30.2999992370605 25.8999996185303 28.1000003814697 30.6000003814697 34.0999984741211 38.5999984741211 42.5999984741211 35.4000015258789 34.5 33.4000015258789 35.7999992370605 29.8999996185303 31.7000007629395 29.8999996185303 35.0999984741211 41.4000015258789 50.7000007629395 62.5999984741211 55.2999992370605 48.2999992370605 43.4000015258789 43.5999984741211 51.2999992370605 57.7999992370605 55.7999992370605 60.4000015258789 60.5999984741211 59.9000015258789 61.0999984741211
