data/layers/future_layer_can_585_60/bio17.asc
NCOLS 494 
NROWS 529 
XLLCORNER -117.166666666667 
YLLCORNER -55.5 
CELLSIZE 0.166666666666667 
NODATA_value -3.4e+38 
[rows 168 to 191 of 529, columns 220 to 274 of 494]
-3.4e+38 -3.4e+38 -3.4e+38 -3.4e+38 -3.4e+38 -3.4e+38 -3.4e+38 -3.4e+38 -3.4e+38 -3.4e+38 -3.4e+38 -3.4e+38 -3.4e+38 -3.4e+38 -3.4e+38 -3.4e+38 -3.4e+38 -3.4e+38 -3.4e+38 1318.5 1408.19995117188 1377.30004882812 1349.69995117188 1126.69995117188 610.5 357.100006103516 311.100006103516 309.399993896484 331.200012207031 296.600006103516 252.600006103516 241.399993896484 280.799987792969 296 290.700012207031 310.100006103516 335.700012207031 218.199996948242 202.199996948242 206.5 142.399993896484 191.699996948242 309.899993896484 231.100006103516 205.100006103516 160.399993896484 147.399993896484 147.100006103516 144.899993896484 136 136.399993896484 120 112.5 105.400001525879 101.800003051758
-3.4e+38 -3.4e+38 -3.4e+38 -3.4e+38 -3.4e+38 -3.4e+38 -3.4e+38 -3.4e+38 -3.4e+38 -3.4e+38 -3.4e+38 -3.4e+38 -3.4e+38 -3.4e+38 -3.4e+38 -3.4e+38 -3.4e+38 -3.4e+38 -3.4e+38 1300.19995117188 1322 1308.80004882812 1234.30004882812 1047.80004882812 429.200012207031 339.700012207031 297.100006103516 285.200012207031 299.700012207031 264.700012207031 258.200012207031 283.100006103516 267.5 258.100006103516 311.299987792969 311.299987792969 296.200012207031 257.299987792969 197.199996948242 229.199996948242 235.399993896484 294.700012207031 287.100006103516 225 193.699996948242 165.300003051758 158.600006103516 151.399993896484 127.400001525879 118.800003051758 117.199996948242 105.300003051758 95.1999969482422 91.1999969482422 85.5999984741211
-3.4e+38 -3.4e+38 -3.4e+38 -3.4e+38 -3.4e+38 -3.4e+38 -3.4e+38 -3.4e+38 -3.4e+38 -3.4e+38 -3.4e+38 -3.4e+38 -3.4e+38 -3.4e+38 -3.4e+38 -3.4e+38 -3.4e+38 -3.4e+38 -3.4e+38 1263.19995117188 1247.40002441406 1186.69995117188 1070.30004882812 830 374 296.100006103516 279.899993896484 278.600006103516 267.299987792969 269.5 238.300003051758 269.200012207031 255.399993896484 264.600006103516 310.799987792969 291 311.899993896484 223 212.199996948242 256.5 309.700012207031 326 248 205.699996948242 184.699996948242 174.399993896484 150.800003051758 136.300003051758 131.699996948242 138.199996948242 110.099998474121 100.800003051758 88.9000015258789 98.4000015258789 93.5
-3.4e+38 -3.4e+38 -3.4e+38 -3.4e+38 -3.4e+38 -3.4e+38 -3.4e+38 -3.4e+38 -3.4e+38 -3.4e+38 -3.4e+38 -3.4e+38 -3.4e+38 -3.4e+38 -3.4e+38 -3.4e+38 -3.4e+38 -3.4e+38 -3.4e+38 1133.69995117188 1185.30004882812 1120.5 986 484.5 329.200012207031 272.399993896484 283.200012207031 256.100006103516 290.299987792969 258.200012207031 239.100006103516 246.600006103516 245.899993896484 251 248.5 268.100006103516 286.899993896484 172.300003051758 166.699996948242 259.600006103516 359.700012207031 283.299987792969 229.399993896484 205 182.600006103516 165.800003051758 152.699996948242 132 124 117.5 107 101.5 102.099998474121 103.300003051758 97.5999984741211
-3.4e+38 -3.4e+38 -3.4e+38 -3.4e+38 -3.4e+38 -3.4e+38 -3.4e+38 -3.4e+38 -3.4e+38 -3.4e+38 -3.4e+38 -3.4e+38 -3.4e+38 -3.4e+38 -3.4e+38 -3.4e+38 -3.4e+38 -3.4e+38 -3.4e+38 993.700012207031 987.5 1030.59997558594 798.799987792969 331.700012207031 281.799987792969 285.700012207031 278.600006103516 278.600006103516 312.700012207031 237.5 228 232.100006103516 254 238.600006103516 245.899993896484 299 246.600006103516 158.300003051758 208 344.399993896484 350.700012207031 250 221.600006103516 200.600006103516 178.199996948242 162.300003051758 152.199996948242 141 130.699996948242 114.699996948242 119.199996948242 101.300003051758 104.900001525879 112.699996948242 103.699996948242
-3.4e+38 -3.4e+38 -3.4e+38 -3.4e+38 -3.4e+38 -3.4e+38 -3.4e+38 -3.4e+38 -3.4e+38 -3.4e+38 -3.4e+38 -3.4e+38 -3.4e+38 -3.4e+38 -3.4e+38 -3.4e+38 -3.4e+38 -3.4e+38 -3.4e+38 -3.4e+38 909 854.700012207031 423.299987792969 282.200012207031 258.700012207031 244.399993896484 287.100006103516 255.199996948242 303.100006103516 230.600006103516 230.699996948242 226.100006103516 236.100006103516 226.899993896484 239.899993896484 278.399993896484 187.300003051758 202.5 255.399993896484 384.399993896484 304.799987792969 234.300003051758 208.800003051758 188.600006103516 174.399993896484 154.5 147.399993896484 137.600006103516 128.600006103516 139.800003051758 137.600006103516 123.099998474121 132.100006103516 119.300003051758 116.900001525879
-3.4e+38 -3.4e+38 -3.4e+38 -3.4e+38 -3.4e+38 -3.4e+38 -3.4e+38 -3.4e+38 -3.4e+38 -3.4e+38 -3.4e+38 -3.4e+38 -3.4e+38 -3.4e+38 -3.4e+38 -3.4e+38 -3.4e+38 -3.4e+38 -3.4e+38 -3.4e+38 915.799987792969 704.299987792969 315.600006103516 283.200012207031 236 230.600006103516 281.799987792969 268.799987792969 265.5 226.600006103516 230.100006103516 215.100006103516 204.699996948242 201.5 232.199996948242 266.5 241.699996948242 220.899993896484 321 321.799987792969 251.100006103516 224.600006103516 208.199996948242 194.800003051758 188.5 180.100006103516 167.399993896484 188.300003051758 156.600006103516 179 191.600006103516 169 143.5 135.199996948242 128.100006103516
-3.4e+38 -3.4e+38 -3.4e+38 -3.4e+38 -3.4e+38 -3.4e+38 -3.4e+38 -3.4e+38 -3.4e+38 -3.4e+38 -3.4e+38 -3.4e+38 -3.4e+38 -3.4e+38 -3.4e+38 -3.4e+38 -3.4e+38 -3.4e+38 -3.4e+38 1071.5 802.5 543.599975585938 344.399993896484 288.5 237.100006103516 216.800003051758 298.299987792969 296.100006103516 230.800003051758 232 226.399993896484 210.800003051758 199.100006103516 226.199996948242 257.799987792969 306.899993896484 322.200012207031 331.399993896484 360.700012207031 294.5 260.600006103516 234.5 215.399993896484 209.300003051758 202.100006103516 226.800003051758 215.5 181.300003051758 144.300003051758 184.399993896484 193.699996948242 183.300003051758 149.899993896484 153 151.5
-3.4e+38 -3.4e+38 -3.4e+38 -3.4e+38 -3.4e+38 -3.4e+38 -3.4e+38 -3.4e+38 -3.4e+38 -3.4e+38 -3.4e+38 -3.4e+38 -3.4e+38 -3.4e+38 -3.4e+38 -3.4e+38 -3.4e+38 -3.4e+38 1101.80004882812 1065.19995117188 867.5 383.299987792969 355.399993896484 296.100006103516 230.800003051758 216.899993896484 293.100006103516 327.5 250 219.5 231.300003051758 187.399993896484 190.199996948242 227 310.200012207031 343.799987792969 362.600006103516 329.700012207031 321.600006103516 370.700012207031 264.200012207031 234.800003051758 226.5 213.699996948242 196.100006103516 201.399993896484 182.100006103516 157.800003051758 171.899993896484 158.5 181.100006103516 143.800003051758 152.5 166.399993896484 167.5
-3.4e+38 -3.4e+38 -3.4e+38 -3.4e+38 -3.4e+38 -3.4e+38 -3.4e+38 -3.4e+38 -3.4e+38 -3.4e+38 -3.4e+38 -3.4e+38 -3.4e+38 -3.4e+38 -3.4e+38 -3.4e+38 -3.4e+38 -3.4e+38 1211.40002441406 1134.69995117188 833.599975585938 398 369 329.299987792969 228.699996948242 221.699996948242 269.899993896484 294.600006103516 276.200012207031 238.699996948242 212.699996948242 159.199996948242 167.5 280.100006103516 314.5 349.600006103516 340.799987792969 311.600006103516 286.200012207031 332.399993896484 279.899993896484 238.699996948242 228.899993896484 215 252.199996948242 262.100006103516 239.5 175.399993896484 184 198.800003051758 173.399993896484 150.899993896484 150.600006103516 165.5 163.899993896484
-3.4e+38 -3.4e+38 -3.4e+38 -3.4e+38 -3.4e+38 -3.4e+38 -3.4e+38 -3.4e+38 -3.4e+38 -3.4e+38 -3.4e+38 -3.4e+38 -3.4e+38 -3.4e+38 -3.4e+38 -3.4e+38 -3.4e+38 1152.5 1235.30004882812 1138.19995117188 899.200012207031 414.899993896484 367.200012207031 310 239.199996948242 271.5 275.399993896484 274.399993896484 323 234 166.199996948242 164.5 244.399993896484 293.600006103516 280.200012207031 331 313.200012207031 297.100006103516 273.899993896484 295.899993896484 273.299987792969 244.600006103516 229.100006103516 206.600006103516 217.800003051758 229.5 206.399993896484 181 182.100006103516 214.5 208.199996948242 161 153.899993896484 159.800003051758 162.300003051758
-3.4e+38 -3.4e+38 -3.4e+38 -3.4e+38 -3.4e+38 -3.4e+38 -3.4e+38 -3.4e+38 -3.4e+38 -3.4e+38 -3.4e+38 -3.4e+38 -3.4e+38 -3.4e+38 -3.4e+38 -3.4e+38 -3.4e+38 1190.90002441406 1145.40002441406 1032 657.200012207031 374.299987792969 357.100006103516 278.200012207031 229.199996948242 311.200012207031 299.799987792969 320.700012207031 287.899993896484 209.699996948242 164.800003051758 227.300003051758 313 325.700012207031 329.100006103516 320.799987792969 304.200012207031 279.5 257.600006103516 248.100006103516 243.800003051758 220.100006103516 211.399993896484 201.800003051758 188.800003051758 181.899993896484 191.5 189.100006103516 185.899993896484 180.699996948242 223.399993896484 162.399993896484 166.199996948242 170.899993896484 175.699996948242
-3.4e+38 -3.4e+38 -3.4e+38 -3.4e+38 -3.4e+38 -3.4e+38 -3.4e+38 -3.4e+38 -3.4e+38 -3.4e+38 -3.4e+38 -3.4e+38 -3.4e+38 958.799987792969 1012.5 1117.80004882812 1120.40002441406 1027.5 989.599975585938 525.099975585938 387.399993896484 363.200012207031 321 245.800003051758 286 295.399993896484 329.799987792969 240.300003051758 208.100006103516 172.699996948242 179.100006103516 300.399993896484 310.100006103516 333.5 337.200012207031 316.5 299.899993896484 267.200012207031 262.299987792969 244.899993896484 236.800003051758 221.699996948242 209.800003051758 205.399993896484 191.199996948242 186.899993896484 191.100006103516 184.600006103516 182.5 204.899993896484 199 172.100006103516 178 180.600006103516 186
-3.4e+38 -3.4e+38 -3.4e+38 -3.4e+38 -3.4e+38 -3.4e+38 -3.4e+38 -3.4e+38 -3.4e+38 -3.4e+38 -3.4e+38 -3.4e+38 921.5 1085.59997558594 1133 1165.19995117188 1076.40002441406 946.700012207031 442.899993896484 314.100006103516 311.299987792969 305.899993896484 259.5 253.699996948242 397.200012207031 308.100006103516 345.600006103516 269.700012207031 219.600006103516 194 299.799987792969 321.299987792969 325.299987792969 352.799987792969 338.299987792969 321.200012207031 301 271.600006103516 274.899993896484 244.600006103516 232.100006103516 223.800003051758 217.199996948242 206.199996948242 198.300003051758 202.800003051758 211.300003051758 204.300003051758 188.899993896484 183.899993896484 180.600006103516 181.800003051758 185.899993896484 186.899993896484 192
-3.4e+38 -3.4e+38 -3.4e+38 -3.4e+38 -3.4e+38 -3.4e+38 -3.4e+38 -3.4e+38 -3.4e+38 -3.4e+38 -3.4e+38 713.5 885.599975585938 1062.5 1161.19995117188 1158 1063.19995117188 695.900024414062 289.100006103516 278 258.5 245.800003051758 229.5 351.899993896484 346.700012207031 362.399993896484 345.5 306.799987792969 228.600006103516 245.600006103516 294.5 321.899993896484 326.899993896484 355.700012207031 350.799987792969 334.799987792969 315.799987792969 287.299987792969 273.399993896484 267.799987792969 250.5 223.199996948242 214.800003051758 207.5 201.199996948242 209.800003051758 214.699996948242 220.300003051758 195.699996948242 190.899993896484 194.199996948242 194 196.800003051758 207.800003051758 212.300003051758
-3.4e+38 -3.4e+38 -3.4e+38 -3.4e+38 -3.4e+38 -3.4e+38 -3.4e+38 -3.4e+38 -3.4e+38 -3.4e+38 -3.4e+38 679.5 858.799987792969 1036.80004882812 1101.69995117188 1083.59997558594 938.799987792969 470.100006103516 251.5 229 200.5 205.199996948242 261 394.899993896484 373.899993896484 380.5 351.399993896484 293.600006103516 251.199996948242 302.799987792969 310.799987792969 325.399993896484 363.299987792969 387.700012207031 366.100006103516 335.5 314.700012207031 300.100006103516 277.799987792969 276.200012207031 258.299987792969 227.5 215.800003051758 210 206.300003051758 206.399993896484 222.399993896484 241.100006103516 203.800003051758 207.699996948242 204.800003051758 209.399993896484 215.5 225.199996948242 244.199996948242
-3.4e+38 -3.4e+38 -3.4e+38 -3.4e+38 -3.4e+38 -3.4e+38 -3.4e+38 -3.4e+38 -3.4e+38 -3.4e+38 -3.4e+38 -3.4e+38 801.400024414062 994.700012207031 1074.90002441406 1000.79998779297 700.400024414062 395.600006103516 212.699996948242 174.699996948242 179.600006103516 182.199996948242 301.799987792969 419.899993896484 389.899993896484 370.799987792969 327.600006103516 326.600006103516 310.899993896484 324.899993896484 317.799987792969 390.200012207031 433.399993896484 405.399993896484 371 345.600006103516 319.299987792969 307.5 297 264.100006103516 243.399993896484 229.600006103516 222.800003051758 215.199996948242 211.899993896484 207.100006103516 218.800003051758 238.899993896484 217.199996948242 216.600006103516 223.600006103516 233.399993896484 243.199996948242 249.899993896484 269
-3.4e+38 -3.4e+38 -3.4e+38 -3.4e+38 -3.4e+38 -3.4e+38 -3.4e+38 -3.4e+38 -3.4e+38 -3.4e+38 -3.4e+38 -3.4e+38 777.599975585938 1007.09997558594 1060.09997558594 873.200012207031 669.099975585938 299.399993896484 192.699996948242 167.399993896484 181.300003051758 225.399993896484 407.700012207031 412.899993896484 424.399993896484 398.799987792969 370.200012207031 341.100006103516 339.299987792969 395.600006103516 369.899993896484 442 424.100006103516 405.600006103516 382.299987792969 359.299987792969 328.799987792969 307.299987792969 307.5 279.399993896484 261 240.399993896484 233 225.800003051758 225.5 219.899993896484 228.399993896484 238.800003051758 242.199996948242 239 248.100006103516 255.800003051758 274.200012207031 287.799987792969 296.399993896484
-3.4e+38 -3.4e+38 -3.4e+38 -3.4e+38 -3.4e+38 -3.4e+38 -3.4e+38 -3.4e+38 -3.4e+38 -3.4e+38 459.899993896484 581.599975585938 761.5 936.200012207031 957.700012207031 821.5 505.399993896484 167 183.600006103516 181.399993896484 188.399993896484 405.799987792969 472.399993896484 442.899993896484 432.299987792969 417.700012207031 397.100006103516 447.600006103516 478.200012207031 524.799987792969 448.399993896484 452.5 417.700012207031 402.799987792969 381.899993896484 357.299987792969 330.899993896484 312.299987792969 308.600006103516 284.100006103516 253.600006103516 246.600006103516 240 238.600006103516 245.600006103516 252.5 257.600006103516 261.200012207031 269.799987792969 280.200012207031 272.299987792969 294.299987792969 306.700012207031 320.299987792969 343.100006103516
-3.4e+38 -3.4e+38 -3.4e+38 -3.4e+38 -3.4e+38 -3.4e+38 -3.4e+38 -3.4e+38 -3.4e+38 -3.4e+38 433.399993896484 558.099975585938 723.900024414062 848.5 779.299987792969 595.700012207031 362.399993896484 150.899993896484 179.800003051758 171.300003051758 206.5 476.200012207031 475.299987792969 583.099975585938 528.200012207031 446.799987792969 449.200012207031 597.599975585938 566.700012207031 528.200012207031 488.700012207031 452 422.5 400 389 354.799987792969 332.799987792969 337.799987792969 305 275.5 264.899993896484 259.600006103516 260.100006103516 260.200012207031 275.399993896484 313 299.600006103516 286.600006103516 300 319.399993896484 316.200012207031 342.299987792969 342 359.799987792969 369.700012207031
-3.4e+38 -3.4e+38 -3.4e+38 -3.4e+38 -3.4e+38 -3.4e+38 -3.4e+38 -3.4e+38 -3.4e+38 346.100006103516 411.600006103516 536.400024414062 676.200012207031 782.799987792969 424.200012207031 232.300003051758 156.899993896484 147.399993896484 200.100006103516 236.199996948242 414.299987792969 447.799987792969 479.100006103516 654.700012207031 573.799987792969 623 684.099975585938 665.299987792969 586 529.599975585938 497.600006103516 456 419.5 398.899993896484 377.200012207031 355.200012207031 333.600006103516 338.299987792969 306.5 287.399993896484 281.399993896484 273.899993896484 276.299987792969 284.700012207031 298.5 335.399993896484 314.600006103516 314 312.799987792969 332.899993896484 348.100006103516 362.299987792969 365.100006103516 397.600006103516 399.399993896484
-3.4e+38 -3.4e+38 -3.4e+38 -3.4e+38 -3.4e+38 -3.4e+38 -3.4e+38 -3.4e+38 -3.4e+38 384 418.100006103516 510 597.099975585938 533.400024414062 199.600006103516 122.599998474121 144.899993896484 148.199996948242 201.399993896484 341.700012207031 403.200012207031 428.100006103516 586.200012207031 739.599975585938 699.900024414062 721.700012207031 713.599975585938 675.299987792969 610.799987792969 547.200012207031 486.399993896484 450.799987792969 409.399993896484 387.299987792969 371.299987792969 353.700012207031 337.799987792969 332.799987792969 310.899993896484 310.399993896484 305.5 294.299987792969 303.200012207031 307.100006103516 320.399993896484 329.100006103516 340.100006103516 348.399993896484 338.600006103516 349.399993896484 357 382.200012207031 385.5 395.399993896484 393.600006103516
-3.4e+38 -3.4e+38 -3.4e+38 -3.4e+38 -3.4e+38 123.599998474121 194.800003051758 282.100006103516 391.399993896484 422.299987792969 418.399993896484 417.5 320.399993896484 165.800003051758 100.099998474121 150.5 145.899993896484 172.399993896484 273.399993896484 339.100006103516 370.200012207031 529.400024414062 682.299987792969 727.099975585938 702.099975585938 702.599975585938 703.900024414062 666 606.299987792969 545.299987792969 482 432.899993896484 400.799987792969 377.700012207031 367.700012207031 351.399993896484 340.200012207031 329.200012207031 323.799987792969 319.700012207031 317.799987792969 317.200012207031 322.5 328.700012207031 340.899993896484 336.399993896484 363.899993896484 357.299987792969 359.399993896484 372.899993896484 386.5 391 388.399993896484 386.399993896484 388.600006103516
-3.4e+38 -3.4e+38 -3.4e+38 117.800003051758 102.300003051758 141.399993896484 200.699996948242 274.5 341.899993896484 369.100006103516 318.799987792969 218.800003051758 165.699996948242 115.5 105.199996948242 164.399993896484 160.899993896484 211.800003051758 290.200012207031 381.899993896484 583.099975585938 673.5 628.700012207031 637.099975585938 658 674.5 671.5 642.799987792969 608.099975585938 549.900024414062 483.399993896484 426.299987792969 395 374.799987792969 361.700012207031 354.899993896484 343.200012207031 336 335.200012207031 336.899993896484 336.299987792969 338.600006103516 342.899993896484 348.5 349.600006103516 359.399993896484 378 383 378.100006103516 384 383 385.899993896484 385.299987792969 382.100006103516 380.600006103516
