data/layers/future_layer_can_585_60/bio14.asc
NCOLS 494 
NROWS 529 
XLLCORNER -117.166666666667 
YLLCORNER -55.5 
CELLSIZE 0.166666666666667 
NODATA_value -3.4e+38 
[rows 0 to 25 of 529, columns 58 to 115 of 494]
4.09999990463257 4.30000019073486 4.90000009536743 5 5.19999980926514 6.80000019073486 5.59999990463257 5.09999990463257 5.09999990463257 5.80000019073486 10.6999998092651 12.8999996185303 11.6999998092651 8.80000019073486 9.19999980926514 7.59999990463257 6.90000009536743 6.19999980926514 5.90000009536743 6 6.30000019073486 8.10000038146973 7.69999980926514 7.19999980926514 7 7.5 8.60000038146973 9.89999961853027 11.6000003814697 12.6000003814697 12.3000001907349 12.8000001907349 13.1000003814697 13.3999996185303 13.3000001907349 14 15 15.3000001907349 15.8999996185303 15.8999996185303 17.7000007629395 19.8999996185303 20.5 20.7999992370605 21.3999996185303 22.1000003814697 22.7000007629395 23.7000007629395 24.8999996185303 26.1000003814697 29.2999992370605 32.5 34.4000015258789 35.7000007629395 37.5999984741211 37.9000015258789 37.4000015258789 36.5999984741211
3.79999995231628 4.40000009536743 4.90000009536743 5.09999990463257 5.09999990463257 6.90000009536743 4.40000009536743 4.90000009536743 4.69999980926514 5.90000009536743 7.40000009536743 6.80000019073486 7.59999990463257 6.09999990463257 7.90000009536743 8.89999961853027 7.30000019073486 6.69999980926514 6.09999990463257 6 6.59999990463257 7.59999990463257 8 7.90000009536743 7 7.40000009536743 8.30000019073486 9.39999961853027 10.6000003814697 11.3999996185303 12 12.6000003814697 13.1999998092651 13.6000003814697 13.6999998092651 14.5 15 15 15 15.5 17.7000007629395 20.7999992370605 21.2999992370605 21.7000007629395 22 22.1000003814697 22.3999996185303 23.8999996185303 26.2000007629395 28.8999996185303 31.3999996185303 32 33.5999984741211 36.0999984741211 37.7000007629395 38.2999992370605 38 37.7999992370605
3.79999995231628 4.09999990463257 4.90000009536743 5 4.59999990463257 6.40000009536743 4.59999990463257 4.90000009536743 4.80000019073486 6.40000009536743 7.30000019073486 5.80000019073486 5.09999990463257 5.09999990463257 4.30000019073486 8.39999961853027 9.30000019073486 7.59999990463257 6.80000019073486 6 6.40000009536743 7.59999990463257 8.10000038146973 7.90000009536743 7 7 7.59999990463257 8.39999961853027 9.39999961853027 10.3999996185303 11.3999996185303 12.3000001907349 13.1000003814697 14 14 14.1000003814697 14.6999998092651 14.8999996185303 15 15.6000003814697 17.3999996185303 19.8999996185303 20.6000003814697 21.2000007629395 21.8999996185303 22.6000003814697 23.1000003814697 25 27.6000003814697 30.6000003814697 31 31.8999996185303 33.7999992370605 35.9000015258789 37.2999992370605 37.9000015258789 38.7999992370605 39.4000015258789
4 4.30000019073486 4.40000009536743 4.80000019073486 4.59999990463257 4.19999980926514 4.30000019073486 5 5.30000019073486 6.40000009536743 6.80000019073486 6.59999990463257 5.30000019073486 4.40000009536743 4.09999990463257 8 10.6000003814697 7.59999990463257 6.30000019073486 6.09999990463257 6.09999990463257 7.30000019073486 8.10000038146973 7.80000019073486 7 6.59999990463257 7 7.5 8.5 9.30000019073486 10.3000001907349 11.6000003814697 12.8999996185303 13.5 14 14 15.1000003814697 15.3999996185303 15.6999998092651 16.3999996185303 17.2000007629395 18.7999992370605 18.7999992370605 18.8999996185303 20.3999996185303 21.7000007629395 23.2999992370605 25.7999992370605 28.5 30 31.3999996185303 32.9000015258789 34.2999992370605 35.2999992370605 36.2000007629395 37.2000007629395 38.7999992370605 40.5999984741211
4 4.5 4.5 4.09999990463257 4 4.30000019073486 5.09999990463257 4.59999990463257 5 6.30000019073486 6.09999990463257 5.90000009536743 5.09999990463257 4 4 7.09999990463257 8.60000038146973 6.80000019073486 6 6.19999980926514 6.80000019073486 7.09999990463257 7.19999980926514 7.40000009536743 7.09999990463257 6.09999990463257 6.5 7.09999990463257 7.69999980926514 8.30000019073486 9.39999961853027 10.8999996185303 12 12.8999996185303 13 13.1000003814697 14.1000003814697 14.8999996185303 15.8999996185303 17.1000003814697 17.7999992370605 17.8999996185303 18 18.5 19.8999996185303 21.2999992370605 23.5 26.7000007629395 28.7999992370605 29.8999996185303 30.7999992370605 32.0999984741211 33.7999992370605 34.9000015258789 35.5999984741211 36.5999984741211 38.9000015258789 41.4000015258789
4 4 4 4 4 4.30000019073486 4.59999990463257 3.79999995231628 3.79999995231628 4.80000019073486 5.09999990463257 5.40000009536743 5 4.30000019073486 4 5.09999990463257 6.59999990463257 6.80000019073486 6.59999990463257 6.80000019073486 6.59999990463257 7 7 6.90000009536743 6.40000009536743 5.80000019073486 6.40000009536743 7 7 7.40000009536743 8.69999980926514 10.3000001907349 11.3999996185303 12.3000001907349 13 13 13 13.6000003814697 15.1000003814697 16.3999996185303 17.5 18.2999992370605 18.6000003814697 19.2000007629395 20.2999992370605 21.2999992370605 23.7000007629395 26.6000003814697 28.2999992370605 28.7000007629395 29.1000003814697 29.2000007629395 31.7999992370605 33.4000015258789 34.9000015258789 35.9000015258789 38.0999984741211 40.7999992370605
3.59999990463257 3.90000009536743 4 4 4 4.09999990463257 3.90000009536743 3.09999990463257 2.79999995231628 3.09999990463257 4.30000019073486 5 5.40000009536743 4.90000009536743 5.09999990463257 4.30000019073486 6 7.09999990463257 6.90000009536743 6.90000009536743 7 7 7.19999980926514 7.09999990463257 7.19999980926514 6.80000019073486 7 7.59999990463257 7.40000009536743 7.69999980926514 8.60000038146973 10.1000003814697 11.1999998092651 12 12.5 13 13 13 14.1000003814697 15.6000003814697 16.7999992370605 17.7999992370605 18.8999996185303 19.7999992370605 20.3999996185303 21.7999992370605 23.5 25.6000003814697 27.1000003814697 27.6000003814697 27.6000003814697 28 29.3999996185303 31.5 33.5 34.9000015258789 36.7999992370605 39.4000015258789
3 3.09999990463257 3.79999995231628 4 4 4.09999990463257 4.09999990463257 2.79999995231628 2.09999990463257 2.09999990463257 3.20000004768372 4.80000019073486 5.90000009536743 5.80000019073486 6.40000009536743 7.40000009536743 4.90000009536743 6.90000009536743 6.90000009536743 6.90000009536743 6.80000019073486 7 7.30000019073486 8.39999961853027 7.80000019073486 7.69999980926514 7.80000019073486 8 8 8 8.89999961853027 9.80000019073486 11 11.6999998092651 12.1000003814697 13 13 13 14 15.3999996185303 16.6000003814697 17.7999992370605 18.7000007629395 19.8999996185303 20.6000003814697 22.5 23.5 24.5 25.7000007629395 26.7999992370605 27 27.1000003814697 27.7000007629395 29.5 31.7999992370605 33.7999992370605 34.9000015258789 37
2.40000009536743 3.09999990463257 3.40000009536743 4 4.09999990463257 4.80000019073486 4.80000019073486 3.59999990463257 2 2.09999990463257 2.59999990463257 3.59999990463257 5.80000019073486 6.30000019073486 6.90000009536743 7.09999990463257 5.09999990463257 5.80000019073486 7 6.59999990463257 7.09999990463257 7 7.19999980926514 8.10000038146973 7.80000019073486 8 8 8.30000019073486 7.40000009536743 7.59999990463257 9.10000038146973 10.3999996185303 11 11.3999996185303 12 12.3999996185303 12.8999996185303 13.6999998092651 14.8000001907349 15.8999996185303 16.7999992370605 18 19.2999992370605 20.1000003814697 21 22.5 23.7000007629395 24.2999992370605 25.2000007629395 26.1000003814697 26.2999992370605 26.6000003814697 26.2999992370605 28 30.8999996185303 32.7999992370605 33.2999992370605 33.5999984741211
3.29999995231628 3.59999990463257 4 4.19999980926514 4.30000019073486 4.90000009536743 4.5 3.79999995231628 2.29999995231628 3.5 2.40000009536743 3 5 5.09999990463257 5.30000019073486 5.80000019073486 5 5.40000009536743 6.90000009536743 7.30000019073486 8.10000038146973 7.09999990463257 6.90000009536743 7.30000019073486 7.30000019073486 7.59999990463257 8.30000019073486 8.30000019073486 8 8.10000038146973 8.80000019073486 9.80000019073486 10.6000003814697 11.5 12 12.3000001907349 13.5 14.5 15.3999996185303 16.6000003814697 17.5 18.6000003814697 19.2000007629395 20.1000003814697 21.3999996185303 22.6000003814697 23.6000003814697 24.1000003814697 24.8999996185303 25.2999992370605 25.7000007629395 26.1000003814697 26.6000003814697 27.7000007629395 30.5 32.2999992370605 32.5999984741211 31.7999992370605
3.90000009536743 4 4.30000019073486 4.90000009536743 5.09999990463257 5.09999990463257 4.40000009536743 4 3.59999990463257 3.59999990463257 4.30000019073486 3.40000009536743 3.70000004768372 4.09999990463257 6.19999980926514 5.59999990463257 5.30000019073486 6 7.09999990463257 8.89999961853027 8.89999961853027 7.40000009536743 7.19999980926514 7.09999990463257 7.59999990463257 8 8.5 9.10000038146973 8.89999961853027 8.80000019073486 9 9.5 10 10.3000001907349 11.8000001907349 12.1000003814697 13.5 15 16.1000003814697 17.1000003814697 17.8999996185303 19 19 20 21.1000003814697 22.2999992370605 23.2999992370605 24 24.3999996185303 25 25.1000003814697 25.6000003814697 26 27.6000003814697 30.3999996185303 33.0999984741211 34.2999992370605 35.0999984741211
3.5 3.29999995231628 3.40000009536743 4.40000009536743 4.90000009536743 5.80000019073486 5.40000009536743 4.80000019073486 4 3.90000009536743 4.59999990463257 5.80000019073486 4.59999990463257 4 4.09999990463257 4.80000019073486 5.40000009536743 5.90000009536743 7.09999990463257 8.89999961853027 9.30000019073486 9.10000038146973 8.39999961853027 8.19999980926514 7.90000009536743 8 8.5 8.89999961853027 9 9.10000038146973 9.30000019073486 9.60000038146973 10 10.1000003814697 10.6999998092651 12 13.3000001907349 15.3999996185303 16.6000003814697 17.2000007629395 18 19 19 19.7999992370605 21.1000003814697 22.5 23.7999992370605 24.2000007629395 24.8999996185303 24.8999996185303 24.7999992370605 25 25.2999992370605 26.8999996185303 30.2999992370605 34.5999984741211 36.9000015258789 38.7999992370605
3 3 3 3.5 4.5 5.80000019073486 6.09999990463257 5.59999990463257 4.90000009536743 4.30000019073486 4.19999980926514 4.59999990463257 5.09999990463257 4.09999990463257 4 4.09999990463257 4.90000009536743 6.09999990463257 6.90000009536743 8.39999961853027 9.10000038146973 8.80000019073486 8.5 8.39999961853027 7.40000009536743 7.69999980926514 8.30000019073486 8.80000019073486 9 9 9 9 9 9.60000038146973 10.3000001907349 11.8000001907349 12.8999996185303 14.8999996185303 16.1000003814697 16.8999996185303 17.8999996185303 18.7000007629395 18.5 19.5 20.7999992370605 22.3999996185303 23.7999992370605 24.1000003814697 24.3999996185303 24.6000003814697 25.3999996185303 26.6000003814697 27.7999992370605 29.6000003814697 31 34.4000015258789 37.2999992370605 39.9000015258789
2.90000009536743 2.79999995231628 3 3.29999995231628 4.59999990463257 6 6.09999990463257 5.59999990463257 4.69999980926514 4.90000009536743 3.90000009536743 3.59999990463257 4 3.90000009536743 4 4.5 4.69999980926514 6.80000019073486 6.59999990463257 7.40000009536743 7.69999980926514 8.10000038146973 8.10000038146973 7.69999980926514 7.69999980926514 8.39999961853027 8.60000038146973 8.39999961853027 8.5 8.80000019073486 8.80000019073486 8.5 8.89999961853027 9 10.1000003814697 11 11.8999996185303 13.6999998092651 15.1000003814697 16.1000003814697 17.2000007629395 18 18 18.6000003814697 20.3999996185303 22.2000007629395 23.6000003814697 24.6000003814697 25.2000007629395 25.8999996185303 27.2999992370605 29.3999996185303 30.8999996185303 32.2999992370605 34.0999984741211 36 37.4000015258789 39.5999984741211
2.79999995231628 2.79999995231628 3 3.29999995231628 4.59999990463257 5.90000009536743 5.80000019073486 5.90000009536743 4.80000019073486 4.09999990463257 3.29999995231628 3 3.59999990463257 3.40000009536743 3.79999995231628 4.5 4.19999980926514 5.30000019073486 7.30000019073486 6.90000009536743 6.30000019073486 7.30000019073486 8.10000038146973 8.30000019073486 7.90000009536743 7.09999990463257 7 7.69999980926514 7.69999980926514 7.90000009536743 8 8 8.39999961853027 9 9.89999961853027 10.8000001907349 11.3999996185303 12.8999996185303 14.1000003814697 15.3999996185303 16.6000003814697 17.6000003814697 18 18.7999992370605 20.6000003814697 22.6000003814697 24.1000003814697 25.3999996185303 26.6000003814697 27.2999992370605 28.6000003814697 29.8999996185303 32.7999992370605 35.0999984741211 36.4000015258789 38.0999984741211 40.2000007629395 41
3 3 3 3.09999990463257 3.70000004768372 5.30000019073486 5.80000019073486 5.90000009536743 4.40000009536743 3.40000009536743 3 3 3.09999990463257 3.20000004768372 3.09999990463257 4.40000009536743 4.09999990463257 5 7.09999990463257 7 6.30000019073486 6.59999990463257 7.09999990463257 7.09999990463257 6.80000019073486 6.09999990463257 5.90000009536743 6.30000019073486 6.30000019073486 6.30000019073486 6.59999990463257 7.40000009536743 7.90000009536743 8.80000019073486 10 10.8000001907349 11.3000001907349 12.3999996185303 13.6000003814697 14.8000001907349 15.8999996185303 17.2999992370605 17.8999996185303 19.6000003814697 21.5 23.6000003814697 24.8999996185303 26.6000003814697 28 28.8999996185303 29.7999992370605 32.2000007629395 34.9000015258789 37.5999984741211 39.4000015258789 40.5999984741211 41.7999992370605 42.9000015258789
3 3 3 3 3.09999990463257 3.5 4 4.30000019073486 3.59999990463257 3 3 3 3 3.59999990463257 3.59999990463257 4.19999980926514 4 4.40000009536743 6.59999990463257 6.30000019073486 6.09999990463257 6 6 6.09999990463257 6.09999990463257 5.59999990463257 5.69999980926514 5.30000019073486 5.19999980926514 5.30000019073486 5.59999990463257 6.30000019073486 7.09999990463257 8.30000019073486 9.5 11 11.3000001907349 12.3000001907349 13.1000003814697 14.1999998092651 15.3999996185303 16.7999992370605 17.8999996185303 20 22.2999992370605 23.7000007629395 25.7999992370605 27.6000003814697 28.8999996185303 29.3999996185303 31.2999992370605 33.7000007629395 36 38.5 39.9000015258789 41.0999984741211 43.0999984741211 41.7999992370605
3.20000004768372 3.09999990463257 3 3 3 3.20000004768372 3.5 3.5 3 3 3 2.79999995231628 3 3.20000004768372 3.40000009536743 3.20000004768372 3.70000004768372 3.09999990463257 4.40000009536743 5.30000019073486 5.30000019073486 5.90000009536743 6 6 6.09999990463257 5.59999990463257 5 5 4.59999990463257 4.09999990463257 4.30000019073486 5.09999990463257 6 6.80000019073486 8.30000019073486 10.6000003814697 11.8000001907349 12.1999998092651 13 13.6000003814697 14.8000001907349 16.6000003814697 18 20.3999996185303 22.6000003814697 24 25.2999992370605 27 28.3999996185303 29.3999996185303 31.3999996185303 34.2999992370605 37.5999984741211 39.0999984741211 40.7000007629395 41.7000007629395 42.7000007629395 42.2999992370605
4.09999990463257 3.59999990463257 3 3.20000004768372 3.5 3.09999990463257 3.09999990463257 3 3 2.90000009536743 2.40000009536743 2.29999995231628 3.09999990463257 3.09999990463257 3.09999990463257 3 3.20000004768372 2.90000009536743 3.40000009536743 4.30000019073486 5.59999990463257 6 6.09999990463257 6 5.80000019073486 5.19999980926514 5 4.5 4 4 4 4 4.40000009536743 5.59999990463257 7.30000019073486 9.80000019073486 11.5 12 12.3000001907349 13.1000003814697 14.5 16.5 18 20.3999996185303 22.6000003814697 23.6000003814697 24.7000007629395 25.6000003814697 27.3999996185303 29 31.7999992370605 33.4000015258789 35.5 37.0999984741211 38.2999992370605 39.9000015258789 40.5999984741211 40.9000015258789
4.59999990463257 3.59999990463257 3 3.09999990463257 3.90000009536743 3.59999990463257 3.09999990463257 3 3 3 2.70000004768372 2.40000009536743 3 3.09999990463257 3 3 4 3.70000004768372 4.59999990463257 5.09999990463257 5.80000019073486 6 6.09999990463257 5.40000009536743 5.80000019073486 5.59999990463257 4.90000009536743 4.59999990463257 4 4 3.70000004768372 3.59999990463257 3.29999995231628 4.5 6.59999990463257 9.60000038146973 10.8000001907349 11.3000001907349 11.8999996185303 12.5 14.3999996185303 16.1000003814697 18 20 21.7999992370605 22.6000003814697 23.3999996185303 23.7000007629395 25.7999992370605 28.7999992370605 31.6000003814697 32 33.0999984741211 34.7999992370605 35.5999984741211 35.9000015258789 36.2000007629395 37.7999992370605
5.69999980926514 4 3.29999995231628 3.20000004768372 3.79999995231628 4.5 3.40000009536743 3 3 3 3 3 3 3 3 3.09999990463257 3.79999995231628 5 3.79999995231628 5.09999990463257 6.30000019073486 6.19999980926514 5.30000019073486 5.19999980926514 5.69999980926514 6.69999980926514 4.40000009536743 4.09999990463257 4.59999990463257 4 3.09999990463257 3 2.59999990463257 2.70000004768372 4.80000019073486 8.69999980926514 10 10.6000003814697 11.3000001907349 12.5 14.3999996185303 16 17.7999992370605 19.6000003814697 21.2999992370605 21.8999996185303 22.7000007629395 23.5 25.7000007629395 28.2999992370605 30.2000007629395 30 29.7999992370605 30.1000003814697 30.1000003814697 30.2000007629395 30.8999996185303 32.9000015258789
5.90000009536743 4.19999980926514 3.90000009536743 4 4.19999980926514 4.90000009536743 3.59999990463257 3 3.09999990463257 3 3 3 3 3 3 3 3.40000009536743 4.09999990463257 5 6 6.59999990463257 6.09999990463257 5.40000009536743 5.80000019073486 5.09999990463257 5.30000019073486 4.80000019073486 4.09999990463257 4.5 4.90000009536743 3.29999995231628 3.59999990463257 4.40000009536743 2.90000009536743 4 6.40000009536743 10 10 10.8000001907349 12.5 14.6000003814697 16 17.5 19.1000003814697 19.7999992370605 19.7000007629395 20.7000007629395 22.2999992370605 23.7999992370605 24.8999996185303 25.7000007629395 25.6000003814697 25.8999996185303 26.2999992370605 26.1000003814697 26.2999992370605 27.2000007629395 28.7999992370605
5.5 5.5 3.79999995231628 3.90000009536743 4.69999980926514 5.19999980926514 4.09999990463257 3 3 3 3 3 3 3 3 3 3 3.59999990463257 4.59999990463257 5.80000019073486 6.09999990463257 6.09999990463257 6.5 6.09999990463257 5.69999980926514 5.40000009536743 4.90000009536743 4 3.70000004768372 5.30000019073486 4.30000019073486 4.09999990463257 4.30000019073486 3.79999995231628 4.09999990463257 6.59999990463257 9.10000038146973 9.30000019073486 10.1999998092651 11.8000001907349 14.1000003814697 15.6000003814697 17.2000007629395 18.1000003814697 18 18 18.6000003814697 20.1000003814697 21.2999992370605 21.8999996185303 22.6000003814697 23.1000003814697 23.6000003814697 23.1000003814697 23.2999992370605 24.1000003814697 25.3999996185303 26.5
6.30000019073486 5.19999980926514 3.59999990463257 3.29999995231628 4.80000019073486 5 4.30000019073486 3.20000004768372 3 3 3 3 3 3 2.90000009536743 2.70000004768372 2.79999995231628 3 3.29999995231628 4.59999990463257 5.30000019073486 5.69999980926514 6.59999990463257 6.90000009536743 6 6 5.90000009536743 4.5 3.79999995231628 4.30000019073486 4.09999990463257 4.09999990463257 4.30000019073486 4.69999980926514 5.5 7.80000019073486 8.80000019073486 8.80000019073486 9.39999961853027 10.8000001907349 12.8999996185303 15.1000003814697 16.6000003814697 16.6000003814697 17.1000003814697 18 18.2999992370605 19.2999992370605 19.7999992370605 19.3999996185303 19.6000003814697 20.1000003814697 20.3999996185303 21.2000007629395 22.3999996185303 23.7999992370605 25.7999992370605 27.8999996185303
7.09999990463257 6.40000009536743 5.69999980926514 4.40000009536743 4.80000019073486 4.19999980926514 4.09999990463257 3.40000009536743 3 3.09999990463257 3.09999990463257 3 3 3 2.79999995231628 2.09999990463257 2.09999990463257 2.70000004768372 3 3.79999995231628 4.59999990463257 5.30000019073486 6 6.90000009536743 6.59999990463257 5.40000009536743 6 5.59999990463257 5 5.59999990463257 5.30000019073486 5.09999990463257 6.09999990463257 6.80000019073486 7.69999980926514 8.80000019073486 8.30000019073486 7.40000009536743 8.39999961853027 9.39999961853027 11.3000001907349 13.6999998092651 13.8000001907349 14.8000001907349 16.7000007629395 17.7000007629395 18.6000003814697 18.7999992370605 17.8999996185303 16.7999992370605 17.2000007629395 17.7000007629395 18.7999992370605 20.1000003814697 21.7999992370605 23.7999992370605 26.7999992370605 29.6000003814697
7.59999990463257 6.80000019073486 6.09999990463257 5.09999990463257 4.30000019073486 3.90000009536743 3.09999990463257 3.09999990463257 3.29999995231628 3 3 3 3 3 2.79999995231628 2.59999990463257 2.29999995231628 2.70000004768372 3 3.29999995231628 4.40000009536743 5.30000019073486 6.09999990463257 6.80000019073486 6.09999990463257 5.19999980926514 6.09999990463257 5.59999990463257 5.30000019073486 6.19999980926514 5.5 5.69999980926514 6.09999990463257 7 9.10000038146973 8.89999961853027 7.80000019073486 6.19999980926514 7 8.60000038146973 9.30000019073486 11.3000001907349 11.6000003814697 13.3000001907349 15.8000001907349 17.3999996185303 19.2999992370605 19.6000003814697 17.3999996185303 14.8999996185303 16.3999996185303 17.3999996185303 18.6000003814697 20 22.2000007629395 24.2999992370605 27.6000003814697 32
