data/layers/future_layer_can_585_60/bio15.asc
NCOLS 494 
NROWS 529 
XLLCORNER -117.166666666667 
YLLCORNER -55.5 
CELLSIZE 0.166666666666667 
NODATA_value -3.4e+38 
[rows 300 to 324 of 529, columns 385 to 439 of 494]
83.6999969482422 83.0999984741211 82.9000015258789 82.9000015258789 82.5999984741211 82.9000015258789 81.9000015258789 81.5 81.3000030517578 81.1999969482422 81.4000015258789 81.8000030517578 82.0999984741211 82.6999969482422 83.5999984741211 84.0999984741211 84.8000030517578 85.0999984741211 85.1999969482422 85.9000015258789 86.6999969482422 86.5 87.9000015258789 87.6999969482422 88.5999984741211 88.8000030517578 90 91.1999969482422 92.3000030517578 92.0999984741211 91.8000030517578 92.6999969482422 93.8000030517578 94.4000015258789 94.1999969482422 95.0999984741211 96.1999969482422 95.9000015258789 95.0999984741211 94.4000015258789 95 95.4000015258789 95.5999984741211 95.5 95.6999969482422 95.9000015258789 96.4000015258789 98.3000030517578 99.8000030517578 99.5 98.0999984741211 96.4000015258789 95.1999969482422 95.9000015258789 96.8000030517578
83.0999984741211 82.5999984741211 82.8000030517578 83 82.1999969482422 82 81.5999984741211 81.4000015258789 80.9000015258789 80.6999969482422 81 81.4000015258789 82 82.6999969482422 83.5 83.9000015258789 84.5 85 85.3000030517578 86.1999969482422 86.5999984741211 87.0999984741211 87.9000015258789 88.0999984741211 89.1999969482422 89.4000015258789 90.3000030517578 91.9000015258789 92 92.5999984741211 92.5 92.8000030517578 93.9000015258789 93.6999969482422 94.0999984741211 95.4000015258789 96.4000015258789 96.5 96.5 95.6999969482422 95.6999969482422 95.4000015258789 95.5 95.6999969482422 95.9000015258789 95.9000015258789 96.8000030517578 98.5999984741211 99.6999969482422 99.5999984741211 98.6999969482422 96.5999984741211 94.5999984741211 96.1999969482422 97.8000030517578
82 82.1999969482422 82.5999984741211 82.6999969482422 81.9000015258789 81.8000030517578 81.8000030517578 81.4000015258789 80.8000030517578 80.6999969482422 81.0999984741211 81.5 82 82.5999984741211 83.5999984741211 83.8000030517578 84.6999969482422 85.0999984741211 85.1999969482422 85.1999969482422 86.0999984741211 87.6999969482422 87.5 88.0999984741211 89 89.6999969482422 90.9000015258789 91.4000015258789 91.9000015258789 92.9000015258789 92.6999969482422 93 93.6999969482422 94.4000015258789 95.4000015258789 96.4000015258789 96.8000030517578 96.8000030517578 96.9000015258789 96.0999984741211 95.4000015258789 95.1999969482422 95.5999984741211 95.8000030517578 96 96.1999969482422 97.4000015258789 98.6999969482422 99 99.6999969482422 99.4000015258789 97.1999969482422 95.5 96.9000015258789 98.0999984741211
81.1999969482422 81.5999984741211 81.9000015258789 82.0999984741211 81.9000015258789 80.6999969482422 80.8000030517578 81.1999969482422 81.0999984741211 81 81.4000015258789 81.4000015258789 82.0999984741211 82.6999969482422 83.5999984741211 84.1999969482422 84.5999984741211 84.8000030517578 84.5999984741211 84.9000015258789 86 87.6999969482422 86.6999969482422 88.4000015258789 89.3000030517578 90 90.9000015258789 91.0999984741211 91.6999969482422 92.3000030517578 92.0999984741211 92.9000015258789 93.6999969482422 94.9000015258789 95.4000015258789 96.3000030517578 97 97 96.6999969482422 95.9000015258789 95.4000015258789 95.1999969482422 95.5 95.9000015258789 96 96.1999969482422 97.6999969482422 98.0999984741211 98.5999984741211 99.3000030517578 100.099998474121 98 97.3000030517578 98 97.5
80.6999969482422 80.9000015258789 81.1999969482422 81.6999969482422 81.9000015258789 81.0999984741211 80.5999984741211 81.1999969482422 81.4000015258789 81.5 81.5999984741211 81.6999969482422 82.0999984741211 82.5999984741211 83.5999984741211 84.3000030517578 84.9000015258789 85 85.1999969482422 85.6999969482422 86.8000030517578 87.1999969482422 88 88.1999969482422 89.3000030517578 90.0999984741211 91 90.9000015258789 91.5 90.5999984741211 90.4000015258789 92.8000030517578 94.5 95.5999984741211 96.4000015258789 96.5999984741211 97.5 97.0999984741211 96 94.9000015258789 95.1999969482422 94.9000015258789 95.0999984741211 95.5999984741211 96.3000030517578 96.9000015258789 97.9000015258789 98.0999984741211 99.0999984741211 99.6999969482422 100.300003051758 99.5 99.3000030517578 98.5999984741211 97.5
79.9000015258789 79.9000015258789 80.3000030517578 80.9000015258789 81.1999969482422 81.3000030517578 80.6999969482422 81.3000030517578 81.4000015258789 81.6999969482422 82 82.0999984741211 82.5 82.5999984741211 83.3000030517578 84.1999969482422 84.9000015258789 85.3000030517578 85.3000030517578 85.8000030517578 87.0999984741211 87.3000030517578 88.3000030517578 88.5999984741211 89.5999984741211 90.0999984741211 90.8000030517578 91.5 92.3000030517578 91.5999984741211 91.9000015258789 93.9000015258789 96.0999984741211 96.3000030517578 96.4000015258789 96.8000030517578 97.0999984741211 96.3000030517578 94.1999969482422 94.1999969482422 94.5 94.5999984741211 94.1999969482422 95.4000015258789 96.0999984741211 97.0999984741211 97.9000015258789 98.3000030517578 99.5 100.300003051758 101.199996948242 100.900001525879 99.9000015258789 99.3000030517578 98.9000015258789
78.6999969482422 78.6999969482422 79 79.8000030517578 80.5999984741211 80.5999984741211 81.1999969482422 81.4000015258789 81.8000030517578 81.9000015258789 82.1999969482422 82.4000015258789 83 83.6999969482422 83.8000030517578 84.3000030517578 84.5999984741211 85.9000015258789 85.9000015258789 86.3000030517578 87.4000015258789 87.6999969482422 88.5 89 89 89.5999984741211 91.0999984741211 92 93.3000030517578 94.0999984741211 95.1999969482422 97 97.3000030517578 97 96.6999969482422 96.5 96 94.8000030517578 93.3000030517578 92.5 93.1999969482422 93.5999984741211 94.1999969482422 95.3000030517578 96 97.5999984741211 98.1999969482422 98.4000015258789 99.6999969482422 100.900001525879 101.900001525879 101.400001525879 100.099998474121 99.4000015258789 98.3000030517578
77.6999969482422 77.8000030517578 78.0999984741211 78.8000030517578 79.5999984741211 80 80.8000030517578 81.1999969482422 81.9000015258789 82.1999969482422 82.4000015258789 83 83.1999969482422 83.6999969482422 84 84.6999969482422 85.5 86.3000030517578 86.5 87.0999984741211 87.4000015258789 88.0999984741211 88.1999969482422 87.6999969482422 87 87.6999969482422 90.1999969482422 91.5 92.9000015258789 94.6999969482422 95.9000015258789 97.4000015258789 98.0999984741211 97.8000030517578 96.9000015258789 95.5999984741211 93.9000015258789 92.6999969482422 91.5999984741211 91.0999984741211 91.5999984741211 92.9000015258789 94 95 96 97.5999984741211 98.8000030517578 99.1999969482422 100.300003051758 101.800003051758 102.900001525879 102.5 99.6999969482422 98.9000015258789 97.5
77 77.1999969482422 77.5 78.5999984741211 79.5 79.6999969482422 80.3000030517578 81.4000015258789 82 82.5 83.0999984741211 83.4000015258789 83.5 83.8000030517578 84.3000030517578 85.1999969482422 85.6999969482422 86.4000015258789 86.5999984741211 86.5999984741211 86.9000015258789 87 87 86.5999984741211 86.6999969482422 87.3000030517578 88.9000015258789 91 93.0999984741211 94.3000030517578 94.5999984741211 96.3000030517578 96.9000015258789 96.9000015258789 96.4000015258789 95 92.9000015258789 92.3000030517578 91.5999984741211 91.1999969482422 90.9000015258789 92.5999984741211 93.5 94.1999969482422 95.9000015258789 96.9000015258789 98.5 99.6999969482422 101.199996948242 102.300003051758 103.5 103.900001525879 100.300003051758 98.5999984741211 97.5
76.5 76.8000030517578 77.5 78.3000030517578 79 79.8000030517578 80.3000030517578 81 82.0999984741211 83 83.4000015258789 83.9000015258789 84.5 84.5 85 85.4000015258789 85.5 85.9000015258789 86.5 86.8000030517578 87 86.5999984741211 86.3000030517578 86.1999969482422 86.1999969482422 86.8000030517578 88 89.5 91 92.9000015258789 94.0999984741211 94.4000015258789 95 94.9000015258789 94.9000015258789 94.5999984741211 93.0999984741211 91.8000030517578 91.6999969482422 91.1999969482422 90.3000030517578 91.3000030517578 92.0999984741211 93.5999984741211 95.5 96.5 98.0999984741211 99.4000015258789 100.300003051758 101.300003051758 102 101.400001525879 99.6999969482422 98.6999969482422 98.5
76.1999969482422 76.5999984741211 77.1999969482422 78.0999984741211 78.5999984741211 79.4000015258789 80.0999984741211 81.1999969482422 82.3000030517578 82.8000030517578 83.9000015258789 84.4000015258789 84.5 84.9000015258789 85.4000015258789 85.4000015258789 85.4000015258789 85.9000015258789 86.0999984741211 86.3000030517578 86.5999984741211 86.0999984741211 85.5999984741211 85.6999969482422 85.8000030517578 86.3000030517578 86.9000015258789 88.1999969482422 89 90.0999984741211 92.0999984741211 92.6999969482422 93.6999969482422 94.8000030517578 94.6999969482422 94.0999984741211 92.5 91.6999969482422 90.4000015258789 90.8000030517578 89.6999969482422 89.8000030517578 90.5 93 94.8000030517578 95.8000030517578 96.6999969482422 98.3000030517578 99.0999984741211 99.5999984741211 99.3000030517578 98.4000015258789 97.8000030517578 97.5 97.6999969482422
75.3000030517578 76 76.5 77.3000030517578 78.0999984741211 78.6999969482422 79.5999984741211 80.9000015258789 82 83.0999984741211 84.1999969482422 84.6999969482422 85 85.3000030517578 85.3000030517578 85.5999984741211 85.5999984741211 85.5999984741211 85.6999969482422 85.8000030517578 86.3000030517578 86.1999969482422 85.8000030517578 85.4000015258789 85.3000030517578 85.5 85.8000030517578 86.5 87 87.4000015258789 88.4000015258789 89.6999969482422 91.1999969482422 91.9000015258789 92.9000015258789 93.5 93 92 90.5 90.0999984741211 89.0999984741211 88 89.5999984741211 92.6999969482422 94.8000030517578 95.5 96.0999984741211 97.5999984741211 98.1999969482422 98.0999984741211 97.5 96.0999984741211 95.5999984741211 96.0999984741211 96.8000030517578
73.6999969482422 75 75.8000030517578 76.5999984741211 77.3000030517578 78.1999969482422 79.1999969482422 80.0999984741211 82.0999984741211 83.3000030517578 84.5 85 85.4000015258789 85.0999984741211 85 85.1999969482422 85.3000030517578 85.5 85.6999969482422 86 86.1999969482422 86 85.6999969482422 85.4000015258789 85.1999969482422 84.9000015258789 84.9000015258789 85.0999984741211 85.3000030517578 85.4000015258789 85.5 86.5999984741211 88.5 89.1999969482422 90.5 92.1999969482422 92.3000030517578 91.5999984741211 90.6999969482422 89.6999969482422 88.3000030517578 87.8000030517578 90.3000030517578 93.3000030517578 95.1999969482422 95.5 95.9000015258789 97 97.5 96.9000015258789 96.5999984741211 95.1999969482422 93.6999969482422 95.0999984741211 96.8000030517578
73 73.9000015258789 74.9000015258789 75.5999984741211 76.5 77.5999984741211 78.5 79.5 81.5999984741211 83.3000030517578 84.8000030517578 85.3000030517578 85.3000030517578 84.9000015258789 84.5 84.6999969482422 85.0999984741211 85.5 85.6999969482422 86.0999984741211 86.5 86 85.4000015258789 85.3000030517578 84.5999984741211 84.3000030517578 84.3000030517578 83.8000030517578 83.5 83.0999984741211 82.9000015258789 84.5 86.3000030517578 88.1999969482422 89.1999969482422 90.9000015258789 91.3000030517578 90.4000015258789 90.3000030517578 89.4000015258789 88.4000015258789 87.8000030517578 89.9000015258789 92.5999984741211 94.1999969482422 95.4000015258789 96.1999969482422 96.8000030517578 96.5 96 95.6999969482422 94.5 93.9000015258789 94.4000015258789 96.3000030517578
71.8000030517578 72.6999969482422 73.5999984741211 74.5 75.1999969482422 76.5 77.4000015258789 78.8000030517578 80.5 82.3000030517578 84 84.6999969482422 84.1999969482422 83.9000015258789 83.9000015258789 84.3000030517578 84.8000030517578 85.5 85.8000030517578 86.0999984741211 86.4000015258789 85.6999969482422 85.0999984741211 84.8000030517578 84.1999969482422 83.8000030517578 84 83.6999969482422 83.5 82.1999969482422 81.0999984741211 84 85.9000015258789 87.0999984741211 88.1999969482422 88.6999969482422 88.6999969482422 88.5999984741211 89.1999969482422 88.3000030517578 87.9000015258789 88.5999984741211 90 91.6999969482422 93 94.5999984741211 95.9000015258789 96.4000015258789 96.3000030517578 96 95.5999984741211 95.0999984741211 94.8000030517578 94.5999984741211 95.5
70.5999984741211 71.1999969482422 72.1999969482422 73 73.9000015258789 74.9000015258789 76.4000015258789 77.5999984741211 79.0999984741211 80.6999969482422 82.0999984741211 82.8000030517578 83 83.0999984741211 83.0999984741211 83.1999969482422 84.4000015258789 85.1999969482422 85.8000030517578 86.4000015258789 86.5999984741211 86.3000030517578 85.9000015258789 84.6999969482422 83.6999969482422 83.5999984741211 84.0999984741211 84.5 84.3000030517578 84.3000030517578 85.4000015258789 87.3000030517578 88.4000015258789 88.4000015258789 86.5999984741211 87.4000015258789 87.3000030517578 86.8000030517578 87.4000015258789 88.0999984741211 87.5 89.4000015258789 90.3000030517578 90.6999969482422 91.0999984741211 92.5999984741211 94 95.3000030517578 95.6999969482422 95.6999969482422 95.1999969482422 95.5999984741211 95.4000015258789 94.8000030517578 94.0999984741211
69.3000030517578 69.8000030517578 70.6999969482422 71.5 72.3000030517578 73.1999969482422 74.5 75.9000015258789 77.4000015258789 78.9000015258789 80.0999984741211 80.9000015258789 81.5 82.1999969482422 82.3000030517578 82 82.6999969482422 84.3000030517578 85 86.3000030517578 87 87.1999969482422 86.6999969482422 85.5 84.3000030517578 84.1999969482422 84.8000030517578 85.1999969482422 86.4000015258789 87.3000030517578 88.8000030517578 89.5999984741211 90.5 90.0999984741211 87.6999969482422 85.5999984741211 86.1999969482422 86 86.6999969482422 88.1999969482422 88.5999984741211 89 89.5999984741211 89.6999969482422 89.6999969482422 91.0999984741211 92.5 93.6999969482422 94.5 94.9000015258789 94.5999984741211 95.5 95.3000030517578 95.1999969482422 93.9000015258789
68 68.4000015258789 69 69.9000015258789 70.5 71.5999984741211 72.5999984741211 73.6999969482422 75 76.6999969482422 78 79.0999984741211 79.9000015258789 80.8000030517578 81 79.9000015258789 79.4000015258789 81.6999969482422 83.5999984741211 86.5 88 88.3000030517578 87.8000030517578 86.9000015258789 86.0999984741211 85.5 85.5 85.9000015258789 87.3000030517578 88.9000015258789 89.6999969482422 89.8000030517578 87.5 86 89 88 88.5 86.9000015258789 85.5 86.1999969482422 88.4000015258789 88.3000030517578 88.5 88.6999969482422 89.5 90.5999984741211 91.6999969482422 93 94.1999969482422 94.4000015258789 93.5999984741211 94 94.9000015258789 94.8000030517578 94.0999984741211
66.5 66.8000030517578 67.1999969482422 68 68.4000015258789 69.5999984741211 70.4000015258789 71.3000030517578 72.5 74.1999969482422 75.4000015258789 76.5999984741211 77.8000030517578 78.6999969482422 79 78.6999969482422 78.5999984741211 79.6999969482422 81.5999984741211 85.6999969482422 88.1999969482422 89.3000030517578 89.1999969482422 88.3000030517578 87.5999984741211 86.6999969482422 86.0999984741211 87.1999969482422 88.4000015258789 89.5 91 89.6999969482422 86.0999984741211 83.8000030517578 85.5999984741211 84.5 88.6999969482422 88.6999969482422 86.3000030517578 86.0999984741211 87.4000015258789 87.0999984741211 86.8000030517578 87.5 88.5 90 91.4000015258789 92.6999969482422 93.9000015258789 94.3000030517578 94.0999984741211 93.8000030517578 94.3000030517578 94.6999969482422 93
64.5999984741211 65.3000030517578 65.9000015258789 66.4000015258789 67 67.6999969482422 68.3000030517578 69 70.4000015258789 71.6999969482422 73.1999969482422 74.5999984741211 76 77 77.1999969482422 77.8000030517578 77.8000030517578 78.5 80.1999969482422 84.3000030517578 86.8000030517578 87.5999984741211 88.5 88.8000030517578 88.4000015258789 87.9000015258789 87.4000015258789 88.8000030517578 90 89.4000015258789 88.4000015258789 88.5999984741211 85.5 81.9000015258789 83.9000015258789 83.9000015258789 87.1999969482422 88.0999984741211 88.5999984741211 86.9000015258789 85.6999969482422 86 85.6999969482422 86.5999984741211 88.1999969482422 89.5 90.9000015258789 92.1999969482422 93.4000015258789 93.9000015258789 94.3000030517578 93.9000015258789 92.6999969482422 91.6999969482422 91.4000015258789
63.2000007629395 63.7000007629395 64.4000015258789 64.8000030517578 65.5 65.9000015258789 66.4000015258789 66.6999969482422 68.0999984741211 70 71.5999984741211 73 74.8000030517578 75.8000030517578 76.5 77 77.6999969482422 78.4000015258789 80.1999969482422 82.1999969482422 83 83.4000015258789 85.5 87.1999969482422 88.8000030517578 88.8000030517578 88 89.0999984741211 90.8000030517578 90.0999984741211 86.5 84.0999984741211 84.9000015258789 85.5 85.1999969482422 83.9000015258789 86.4000015258789 87.0999984741211 87 87.1999969482422 86.6999969482422 86.3000030517578 86.1999969482422 86.5 87.5 88.5999984741211 89.8000030517578 91.4000015258789 93.1999969482422 94 94.0999984741211 93 91 90.5 90.5
61.5 62 62.9000015258789 63.4000015258789 64 64.6999969482422 65.1999969482422 66.0999984741211 67.0999984741211 69.0999984741211 70.5 71.9000015258789 73.6999969482422 75 75.8000030517578 76.5 77.4000015258789 78.1999969482422 79.5999984741211 80.8000030517578 81.1999969482422 82.0999984741211 83.9000015258789 85.5 87.5 88.5999984741211 88.0999984741211 88.4000015258789 89.6999969482422 88.9000015258789 86.3000030517578 82.5999984741211 81 82.4000015258789 85 84.1999969482422 85.0999984741211 84.6999969482422 84.9000015258789 85.0999984741211 84.4000015258789 84.6999969482422 84.8000030517578 85.5999984741211 86.1999969482422 87.1999969482422 88.5999984741211 90.9000015258789 93 94.0999984741211 93.8000030517578 92.6999969482422 91.0999984741211 90 89.3000030517578
59.9000015258789 60.5 61.2999992370605 62.2000007629395 62.7000007629395 64.0999984741211 65 66 67.0999984741211 68.4000015258789 70.1999969482422 72.3000030517578 74 74.6999969482422 75.0999984741211 75.5999984741211 76.6999969482422 77.6999969482422 78.1999969482422 79.0999984741211 80.5 82.0999984741211 82.9000015258789 83.1999969482422 84.5999984741211 87.1999969482422 87.9000015258789 87.3000030517578 88 87 84.1999969482422 81.5 80.8000030517578 81.5 82.8000030517578 83.0999984741211 83.5999984741211 83.5 83.6999969482422 83 82.8000030517578 83.4000015258789 84.1999969482422 84.6999969482422 84.5999984741211 85.9000015258789 87 89.0999984741211 91.3000030517578 93.0999984741211 92.6999969482422 92 90.8000030517578 89.5999984741211 88.5999984741211
58.2999992370605 58.9000015258789 59.9000015258789 61 61.7999992370605 63.2000007629395 64.8000030517578 66 67.0999984741211 68.0999984741211 69.5 72.4000015258789 74.1999969482422 74.5999984741211 74.9000015258789 75.8000030517578 76.0999984741211 76.5 76.4000015258789 77.1999969482422 78.6999969482422 80.8000030517578 82.0999984741211 82.4000015258789 83.9000015258789 86.6999969482422 86.9000015258789 86.0999984741211 86.3000030517578 84.9000015258789 81.1999969482422 78.8000030517578 78.8000030517578 80.3000030517578 81.3000030517578 82.5999984741211 84.4000015258789 84.5999984741211 82.5 82.0999984741211 81.9000015258789 82.5 83 83.4000015258789 83.8000030517578 84.9000015258789 85.9000015258789 87.4000015258789 89 90.5999984741211 91.0999984741211 90.5999984741211 90 89.0999984741211 88.0999984741211
56.7999992370605 57.5999984741211 58.2999992370605 59.4000015258789 60.2000007629395 61.5 62.7000007629395 64.9000015258789 64.9000015258789 66 68.0999984741211 71.5 73.6999969482422 74.3000030517578 74.6999969482422 76 76.6999969482422 76.5999984741211 75.0999984741211 74.6999969482422 76.0999984741211 78.5 80.5 81.9000015258789 83.5 85.1999969482422 85.6999969482422 85.6999969482422 86 84.1999969482422 80.9000015258789 78.4000015258789 77.5 79.1999969482422 81.6999969482422 84.0999984741211 85.0999984741211 85.1999969482422 83.1999969482422 82.0999984741211 82.0999984741211 82 82.1999969482422 82.6999969482422 83.5 84.9000015258789 86.1999969482422 87.9000015258789 88.9000015258789 89.9000015258789 89.5 89.4000015258789 89.1999969482422 88.4000015258789 87.0999984741211
