data/layers/future_layer_can_585_60/bio18.asc
NCOLS 494 
NROWS 529 
XLLCORNER -117.166666666667 
YLLCORNER -55.5 
CELLSIZE 0.166666666666667 
NODATA_value -3.4e+38 
[rows 264 to 287 of 529, columns 330 to 384 of 494]
226.899993896484 228.800003051758 227.800003051758 224.600006103516 223.300003051758 224.800003051758 227.399993896484 228.899993896484 230.899993896484 227 225.600006103516 226.399993896484 226.699996948242 227.600006103516 230.100006103516 232.399993896484 233.800003051758 237.899993896484 244 249.300003051758 254.399993896484 253.199996948242 247.5 243.800003051758 243.699996948242 243.899993896484 243.699996948242 241.5 244.300003051758 251.600006103516 256.799987792969 264.299987792969 269.5 264.299987792969 261.299987792969 266.899993896484 265.399993896484 264 266.600006103516 265.600006103516 271.100006103516 271.700012207031 451.700012207031 276.399993896484 464.100006103516 466.899993896484 471.200012207031 475.899993896484 482.799987792969 484 482.799987792969 484.399993896484 482.5 481.5 478.700012207031
219.899993896484 221.899993896484 222 220.800003051758 220.5 222 226.399993896484 229.5 229.300003051758 229.800003051758 227.699996948242 227.800003051758 226.800003051758 228.899993896484 230.399993896484 234.399993896484 236.800003051758 240.399993896484 246.100006103516 249.699996948242 252 252.5 251.300003051758 252.300003051758 248.199996948242 247.399993896484 248.300003051758 251 251.899993896484 255.5 261.100006103516 263.399993896484 270.600006103516 275.200012207031 272.399993896484 273.299987792969 274.700012207031 272.899993896484 263.600006103516 266.5 275.799987792969 271 455.299987792969 460 460.200012207031 464.100006103516 469.299987792969 471.899993896484 472.399993896484 473.600006103516 474.5 474 473.200012207031 472.5 468.600006103516
213.699996948242 214.800003051758 216.600006103516 217.100006103516 216.800003051758 219.199996948242 221.800003051758 225.699996948242 227 229.699996948242 228.399993896484 228.300003051758 228.899993896484 230.699996948242 231.5 234.800003051758 238.5 242.899993896484 246.899993896484 249.699996948242 252 250.399993896484 251.5 254.5 252.600006103516 250.199996948242 250.199996948242 252.800003051758 254.199996948242 261.200012207031 266.799987792969 274.200012207031 282.899993896484 287.399993896484 454.5 281.600006103516 282.899993896484 273.899993896484 266.5 276.899993896484 282.600006103516 272.799987792969 455.600006103516 455.5 457.5 460.700012207031 463.700012207031 463.100006103516 464.399993896484 466.200012207031 466.399993896484 466 464.700012207031 463.299987792969 459.700012207031
209 209.899993896484 210.199996948242 211.399993896484 212.100006103516 213.399993896484 216.199996948242 221.699996948242 222.899993896484 224.5 227.300003051758 228.899993896484 230.800003051758 232.399993896484 234.100006103516 235.100006103516 240 245.100006103516 248.199996948242 249.800003051758 250.300003051758 253.5 254.600006103516 256.799987792969 252.600006103516 251 253.600006103516 256.200012207031 260.200012207031 264.299987792969 271.5 469.600006103516 473.799987792969 479.600006103516 477.299987792969 470.700012207031 466.600006103516 460.799987792969 280.5 461.600006103516 464.799987792969 462.5 457.799987792969 455.299987792969 457.5 458.100006103516 459 459.899993896484 461.5 459.600006103516 458.899993896484 459 456.600006103516 455.200012207031 452.799987792969
205.199996948242 205.399993896484 205.600006103516 205.5 206 207.300003051758 209.5 214.300003051758 217.699996948242 221.5 226.800003051758 230.399993896484 233.399993896484 233.800003051758 235.899993896484 239.5 241.600006103516 245.5 247.600006103516 249.5 250.300003051758 250.199996948242 251.800003051758 257 260.5 260.399993896484 259.799987792969 262.299987792969 269.200012207031 272.799987792969 475 482.700012207031 488 492.600006103516 493.899993896484 488.600006103516 479.700012207031 473.700012207031 287 466.700012207031 466.899993896484 464.700012207031 456.5 455.899993896484 452.399993896484 452.799987792969 455.5 455.799987792969 455.600006103516 454.5 453.100006103516 452.899993896484 450.5 448.200012207031 445.899993896484
202 200.399993896484 203 203.699996948242 202.899993896484 203 206.800003051758 209.699996948242 214.899993896484 220.600006103516 226.199996948242 231.300003051758 236.800003051758 237.699996948242 239.300003051758 241 242.5 245.5 248.899993896484 250.100006103516 252.399993896484 252.399993896484 252.800003051758 258.200012207031 260 263.399993896484 267.700012207031 268.399993896484 274.799987792969 283.200012207031 479.100006103516 491.299987792969 501.100006103516 507.100006103516 507.299987792969 498.899993896484 490.299987792969 480.799987792969 477.5 471.700012207031 469.299987792969 466.899993896484 460.600006103516 455.100006103516 455.100006103516 455.399993896484 455.200012207031 452.899993896484 451 448.299987792969 447.700012207031 445.799987792969 444 443.200012207031 439.899993896484
199 197.300003051758 198.600006103516 200.699996948242 198.5 201.699996948242 202.600006103516 206.5 212.100006103516 222.5 229.199996948242 236.5 242.100006103516 245.300003051758 244.100006103516 245 245.600006103516 247.399993896484 252.600006103516 252.699996948242 254.300003051758 253.899993896484 255.5 263.200012207031 264.399993896484 262.700012207031 269.5 269.5 273.600006103516 284.399993896484 481.799987792969 489.399993896484 501.399993896484 502.700012207031 503 500.799987792969 493.700012207031 488.299987792969 481.100006103516 476.200012207031 472.899993896484 469.299987792969 463 461.299987792969 457 453.600006103516 453.799987792969 453 447.5 444.5 443 440.600006103516 438.899993896484 439.100006103516 436.200012207031
196.300003051758 193.5 192.5 195.800003051758 198.399993896484 202.199996948242 204 208.199996948242 213.199996948242 225.600006103516 235.399993896484 243.899993896484 255.800003051758 251.600006103516 245.300003051758 244.899993896484 247.300003051758 249.800003051758 253.899993896484 254.300003051758 256.700012207031 256.100006103516 256.700012207031 268.299987792969 269.100006103516 267.899993896484 268.600006103516 272.100006103516 274 481.600006103516 484.600006103516 487.100006103516 498.600006103516 503.700012207031 503.200012207031 501.100006103516 494.600006103516 491.200012207031 485.399993896484 480.100006103516 475 468.100006103516 464.200012207031 461 456.299987792969 451.600006103516 448.799987792969 447.600006103516 446.100006103516 441.700012207031 438.799987792969 436.600006103516 434.399993896484 431.399993896484 430.299987792969
193.899993896484 193.5 191.800003051758 196.600006103516 199.800003051758 203.100006103516 206.399993896484 211.800003051758 215.699996948242 224.600006103516 238.300003051758 248.699996948242 257.100006103516 248.199996948242 246.699996948242 248.800003051758 249.800003051758 250.600006103516 252.800003051758 254.300003051758 262.200012207031 258.700012207031 257.799987792969 266.600006103516 273.600006103516 268.200012207031 268.5 268 272.399993896484 481.399993896484 487.200012207031 486 492.299987792969 497.899993896484 501.899993896484 500.200012207031 495.600006103516 492.799987792969 485.299987792969 481.700012207031 475.5 468.799987792969 464.5 458.299987792969 454.600006103516 449.399993896484 446 445.5 443.299987792969 438.700012207031 436.5 433.100006103516 428.700012207031 426.299987792969 423.600006103516
191.699996948242 190.699996948242 193.100006103516 195.699996948242 202.800003051758 207.699996948242 207.800003051758 215 222.5 232.399993896484 235 243.199996948242 252.600006103516 250.399993896484 250.100006103516 250.699996948242 252.100006103516 250.600006103516 254 254.800003051758 262.600006103516 268.799987792969 258.100006103516 259.600006103516 273.200012207031 265.399993896484 268.100006103516 270.399993896484 278.899993896484 476.700012207031 484.100006103516 486 488.600006103516 494 497.399993896484 497.700012207031 494.399993896484 490.799987792969 485.600006103516 480.299987792969 476.799987792969 471.299987792969 463.399993896484 461.799987792969 451.100006103516 448 444.399993896484 444.899993896484 443.5 436.299987792969 434 430 426.100006103516 422 419
192.300003051758 192.600006103516 192.300003051758 197.5 201.699996948242 208.800003051758 214.300003051758 220 226.399993896484 232.800003051758 233.800003051758 238.199996948242 246 250.199996948242 248.300003051758 250.5 249.399993896484 249.5 257.100006103516 255.5 262.600006103516 264 259 258.799987792969 270.5 270.700012207031 274.799987792969 271.899993896484 272.100006103516 474.399993896484 481.5 480.200012207031 479.700012207031 487.5 487.200012207031 487.700012207031 491 487.100006103516 481.399993896484 477.600006103516 474.600006103516 470.600006103516 463.299987792969 458.899993896484 450.5 448 443.899993896484 443.799987792969 446 436.5 434.700012207031 433.5 427.299987792969 428.700012207031 422.399993896484
190.399993896484 193.899993896484 197.600006103516 199.199996948242 198.699996948242 207.100006103516 216 223.199996948242 227.699996948242 230.899993896484 232.800003051758 232.100006103516 238.699996948242 245.699996948242 246.100006103516 246.600006103516 245.100006103516 250.800003051758 253.699996948242 255.800003051758 264.200012207031 258.899993896484 259.5 256.200012207031 268.5 269.899993896484 274.100006103516 268.600006103516 469.399993896484 471 474 476.899993896484 479.299987792969 479.5 485.100006103516 481.100006103516 485.600006103516 482.5 479.200012207031 471 471.399993896484 468.600006103516 462.799987792969 456.799987792969 452.100006103516 450.100006103516 445.799987792969 445.799987792969 443 439.799987792969 436.5 430.899993896484 427.399993896484 427.299987792969 420.700012207031
188.899993896484 189.399993896484 196.5 198.300003051758 202.600006103516 208.5 213.300003051758 218.600006103516 224.699996948242 229.399993896484 230.399993896484 232.399993896484 237.600006103516 244.600006103516 244.899993896484 244.399993896484 243.5 254.800003051758 253.600006103516 260.5 261.299987792969 262.299987792969 263.5 255.300003051758 263.100006103516 271.700012207031 272.299987792969 269.399993896484 471 466.5 470.899993896484 474.899993896484 476 472.600006103516 475.899993896484 478.799987792969 479.100006103516 476.100006103516 471.799987792969 466.200012207031 459.899993896484 463.700012207031 462.5 456.100006103516 457.200012207031 448.700012207031 452.899993896484 449.799987792969 445.700012207031 443.299987792969 434.5 429.399993896484 425.200012207031 423.5 416.899993896484
193.899993896484 188.800003051758 190.800003051758 192.600006103516 196.5 200.399993896484 205.899993896484 211.699996948242 219.800003051758 220.300003051758 223.899993896484 226.300003051758 231 239.100006103516 244.5 242.699996948242 243 252.399993896484 254.199996948242 257.799987792969 259.200012207031 259.899993896484 254.100006103516 257.100006103516 259.100006103516 269.5 267.799987792969 269.700012207031 269.5 462.899993896484 465 468.299987792969 465.600006103516 466.700012207031 465.100006103516 469.100006103516 470.100006103516 468.299987792969 465.700012207031 460.399993896484 457 453.799987792969 456.700012207031 457.799987792969 455.799987792969 446.700012207031 449.799987792969 451.299987792969 447.700012207031 444.700012207031 435.5 434.100006103516 424.700012207031 419.399993896484 411.600006103516
186.800003051758 186.600006103516 190.199996948242 194.699996948242 197.300003051758 198.699996948242 202.399993896484 210.699996948242 213.699996948242 214.100006103516 217.699996948242 221.600006103516 224.300003051758 233.300003051758 239.5 240.699996948242 240.199996948242 249.300003051758 249.100006103516 252.600006103516 253.899993896484 252.899993896484 250.699996948242 256.100006103516 256.700012207031 263.799987792969 456.100006103516 268.399993896484 269.299987792969 463.5 466.399993896484 462.200012207031 459.200012207031 459.299987792969 456.600006103516 462.200012207031 460.200012207031 460 457 455 453.799987792969 452.600006103516 447.5 452.200012207031 454.5 445.899993896484 449.799987792969 449 451.399993896484 445 441.200012207031 438.899993896484 426.799987792969 418.299987792969 412.100006103516
184.199996948242 184.199996948242 186.300003051758 194.199996948242 191.899993896484 195.800003051758 199 207.600006103516 213.300003051758 212 211.399993896484 214.699996948242 224.800003051758 222.699996948242 228.600006103516 234.100006103516 236.699996948242 244.800003051758 245 246.300003051758 249.100006103516 246.100006103516 248.699996948242 250.199996948242 254.399993896484 261.100006103516 258.5 262.799987792969 266.700012207031 460.399993896484 457.200012207031 454.299987792969 451 453.600006103516 444 445.899993896484 451.299987792969 449.700012207031 449.5 449 450 448.600006103516 444.600006103516 441.799987792969 452.799987792969 447.700012207031 451.200012207031 452.5 455.299987792969 451.100006103516 450.799987792969 445.899993896484 433.600006103516 424 416.5
181.800003051758 182.199996948242 183.800003051758 186.699996948242 191.800003051758 192.699996948242 195.399993896484 202.600006103516 210.699996948242 210.699996948242 211.800003051758 214.399993896484 217.399993896484 221.800003051758 219.800003051758 224.100006103516 232.699996948242 239 237.899993896484 241.800003051758 242.399993896484 241.699996948242 243.399993896484 244.699996948242 435.899993896484 252.699996948242 444.600006103516 450.799987792969 450.200012207031 448.899993896484 445.5 441.799987792969 440.5 446.100006103516 441.299987792969 433.600006103516 430.799987792969 432.200012207031 430.600006103516 434.600006103516 441.299987792969 444.700012207031 439.100006103516 441 444.799987792969 449.700012207031 454 458.700012207031 463.100006103516 468.700012207031 466.899993896484 455.200012207031 441.5 433.700012207031 423.899993896484
180 180 182.199996948242 183.899993896484 186.5 188.899993896484 191.399993896484 196.399993896484 208.899993896484 205.899993896484 209 210.5 213.100006103516 213.899993896484 216.600006103516 220.800003051758 230.199996948242 235.399993896484 234.899993896484 235.899993896484 234.899993896484 234.5 238.300003051758 237.899993896484 426.5 429.600006103516 435.299987792969 434.700012207031 429.399993896484 425.200012207031 426.5 423.600006103516 420.299987792969 429.200012207031 428.5 419.299987792969 420.200012207031 420.899993896484 423.100006103516 427.700012207031 430.399993896484 435.899993896484 438.799987792969 441.700012207031 444.899993896484 451 452.600006103516 458.200012207031 477.799987792969 488.5 486 469.799987792969 454.5 445.299987792969 432.899993896484
177.5 177.5 179.899993896484 181.800003051758 183.800003051758 185.699996948242 188.100006103516 191.199996948242 205.300003051758 203.699996948242 202.300003051758 210.899993896484 208.199996948242 210.699996948242 213.899993896484 216.600006103516 225.199996948242 229.300003051758 229.699996948242 230.899993896484 229.899993896484 405.899993896484 234.699996948242 410.399993896484 412.5 415.899993896484 409.700012207031 405.700012207031 404 403.600006103516 405.600006103516 404.100006103516 406.100006103516 406.399993896484 406.700012207031 407.899993896484 404.600006103516 405.100006103516 407.5 406.299987792969 416.5 425.299987792969 433.100006103516 440 445 450.5 455.799987792969 465.100006103516 492.100006103516 511.899993896484 503.700012207031 483.799987792969 467.799987792969 453.799987792969 440.200012207031
175.199996948242 175.5 176.899993896484 179.600006103516 180.899993896484 183.300003051758 184.300003051758 188.5 196.899993896484 202.600006103516 202.399993896484 203.199996948242 204.5 208 210.100006103516 212.100006103516 216 225 226.199996948242 228.899993896484 227.800003051758 397.100006103516 400.299987792969 399 396.299987792969 392.600006103516 389 392.899993896484 393.799987792969 392.600006103516 385.299987792969 376.600006103516 371.200012207031 373.399993896484 381.100006103516 379.299987792969 371.5 378.200012207031 387 401.100006103516 410.200012207031 424 431.399993896484 440.600006103516 448.5 457.799987792969 472 496 529.400024414062 539.099975585938 517.700012207031 496.299987792969 481.899993896484 469 451.399993896484
172.699996948242 172.899993896484 175 176.300003051758 179.300003051758 180.100006103516 186.5 185.899993896484 185.5 193.600006103516 204.600006103516 200.800003051758 340.600006103516 204.5 209.199996948242 206.199996948242 352.899993896484 214 378.899993896484 380.399993896484 385.899993896484 384.200012207031 386.899993896484 386.100006103516 380.899993896484 376.5 371.399993896484 375.799987792969 370.399993896484 364.5 359 352.100006103516 347.200012207031 347.5 339.700012207031 338 345.200012207031 358.399993896484 371.899993896484 384.799987792969 399 409.700012207031 421.299987792969 434.799987792969 451.799987792969 471.100006103516 495.700012207031 516.599975585938 539 537.400024414062 525.799987792969 507.899993896484 491.200012207031 472.700012207031 452.200012207031
287.799987792969 171.199996948242 172.899993896484 174.100006103516 176.399993896484 177.300003051758 185.300003051758 183.899993896484 182.199996948242 184.100006103516 322.299987792969 195.5 200.300003051758 333.399993896484 339 203.5 344.299987792969 353.399993896484 365 368 372.600006103516 373 375.700012207031 375.399993896484 372.799987792969 364.100006103516 359 359.100006103516 354.799987792969 347 337.799987792969 328.799987792969 322.899993896484 313 302.299987792969 312.200012207031 326.899993896484 342.399993896484 355.399993896484 375.200012207031 396.899993896484 413.100006103516 422.100006103516 434.100006103516 455.799987792969 481.5 498.200012207031 516.5 529.5 531 521.299987792969 509.200012207031 488.600006103516 469.600006103516 455.5
283.799987792969 286.100006103516 289.399993896484 171.899993896484 173.800003051758 175.5 303.5 178.800003051758 179.699996948242 311.399993896484 314.399993896484 321 326.700012207031 327 334.700012207031 339.5 347 347.399993896484 348.5 355.899993896484 360.799987792969 363.5 362.899993896484 367.899993896484 363.600006103516 356.399993896484 347.899993896484 345.200012207031 342.399993896484 334.299987792969 322.200012207031 314.600006103516 306.700012207031 289 275 299.899993896484 332.700012207031 340.600006103516 353.700012207031 370.600006103516 387.899993896484 409.200012207031 438.600006103516 451.600006103516 464 478.399993896484 490.100006103516 502.600006103516 511.899993896484 514.200012207031 509 498.299987792969 487.200012207031 472.700012207031 458.100006103516
279.899993896484 281.700012207031 284.299987792969 170.800003051758 172.800003051758 294.200012207031 296.200012207031 303.600006103516 301.899993896484 306.899993896484 314.200012207031 317.299987792969 319.899993896484 325 331.5 334.399993896484 339.5 339.899993896484 341.799987792969 349.5 350.899993896484 352.200012207031 351 351.600006103516 349.600006103516 345.299987792969 341 335.200012207031 330.899993896484 323.799987792969 316.299987792969 313.5 310.299987792969 285.5 272.799987792969 283.299987792969 311.799987792969 341.799987792969 361 371.399993896484 388.5 408.200012207031 431.5 444.700012207031 455.899993896484 469.299987792969 482.600006103516 490.899993896484 498.399993896484 497.899993896484 494.399993896484 489.600006103516 475.200012207031 462.299987792969 451.700012207031
