data/layers/future_layer_can_585_60/bio16.asc
NCOLS 494 
NROWS 529 
XLLCORNER -117.166666666667 
YLLCORNER -55.5 
CELLSIZE 0.166666666666667 
NODATA_value -3.4e+38 
[rows 336 to 359 of 529, columns 385 to 439 of 494]
430.899993896484 425.5 424.100006103516 430 435.399993896484 439.200012207031 453.799987792969 477.5 510.200012207031 542.799987792969 578.099975585938 570.900024414062 540.900024414062 514.200012207031 487 473 471.799987792969 481.100006103516 496.299987792969 502.5 508.899993896484 518 493.899993896484 474.200012207031 493.799987792969 523.599975585938 534.700012207031 525 526.299987792969 519.299987792969 505.600006103516 497.399993896484 521 545.200012207031 565.799987792969 578.299987792969 589.099975585938 594.400024414062 600.200012207031 588.799987792969 591.299987792969 607 606.400024414062 600.799987792969 602.5 639 715 835.400024414062 -3.4e+38 -3.4e+38 -3.4e+38 -3.4e+38 -3.4e+38 -3.4e+38 -3.4e+38
440.600006103516 437.399993896484 439.200012207031 442.200012207031 451.399993896484 463.700012207031 476.399993896484 496.5 521.700012207031 544.799987792969 567.599975585938 563.900024414062 540.799987792969 517.400024414062 497.399993896484 474.399993896484 470 474.799987792969 484.799987792969 482.899993896484 477.299987792969 480.200012207031 480.399993896484 473.700012207031 489.5 508.799987792969 518.799987792969 508 500.899993896484 495.5 483.399993896484 471.399993896484 483.399993896484 547.599975585938 589.799987792969 605.299987792969 609.200012207031 622 619.200012207031 626.799987792969 635.799987792969 672.599975585938 696.400024414062 717.299987792969 705.200012207031 718.799987792969 -3.4e+38 -3.4e+38 -3.4e+38 -3.4e+38 -3.4e+38 -3.4e+38 -3.4e+38 -3.4e+38 -3.4e+38
441.100006103516 443.899993896484 454.100006103516 465.200012207031 475.399993896484 490.799987792969 508.700012207031 520.599975585938 535.900024414062 548.700012207031 551.700012207031 548.900024414062 532.5 518.700012207031 502.899993896484 471.899993896484 469.100006103516 469 470.799987792969 474.899993896484 468 470.600006103516 475.100006103516 474.100006103516 481.799987792969 491.399993896484 495.799987792969 492.200012207031 488.100006103516 490.200012207031 493.200012207031 492.899993896484 537.599975585938 617.900024414062 636.299987792969 636.900024414062 650 668.700012207031 672.400024414062 762.099975585938 832.200012207031 887 -3.4e+38 -3.4e+38 -3.4e+38 -3.4e+38 -3.4e+38 -3.4e+38 -3.4e+38 -3.4e+38 -3.4e+38 -3.4e+38 -3.4e+38 -3.4e+38 -3.4e+38
431 449.399993896484 472.200012207031 487.200012207031 496.100006103516 513.299987792969 532.5 536.900024414062 545.799987792969 546.099975585938 534.099975585938 531.099975585938 517.900024414062 499.600006103516 484.600006103516 469.299987792969 470.299987792969 473.899993896484 473.100006103516 476.899993896484 467.899993896484 476.200012207031 476.399993896484 478.100006103516 474.100006103516 485 493.100006103516 494.700012207031 487.799987792969 498.899993896484 526.200012207031 573.799987792969 649.799987792969 677.900024414062 660.700012207031 658.599975585938 710.400024414062 785.099975585938 851.599975585938 874.299987792969 897.900024414062 -3.4e+38 -3.4e+38 -3.4e+38 -3.4e+38 -3.4e+38 -3.4e+38 -3.4e+38 -3.4e+38 -3.4e+38 -3.4e+38 -3.4e+38 -3.4e+38 -3.4e+38 -3.4e+38
456.899993896484 470.399993896484 496.700012207031 515.400024414062 511.899993896484 515 531.099975585938 537 549.299987792969 553 542.099975585938 519.799987792969 504.600006103516 485 471.399993896484 470.200012207031 471.399993896484 473.100006103516 477.5 488.899993896484 483.899993896484 486.700012207031 494.200012207031 494.100006103516 491.399993896484 504.399993896484 517.099975585938 523.599975585938 519.900024414062 535.5 567.099975585938 587.200012207031 639.200012207031 665.200012207031 681 718 752.599975585938 773.599975585938 -3.4e+38 -3.4e+38 -3.4e+38 -3.4e+38 -3.4e+38 -3.4e+38 -3.4e+38 -3.4e+38 -3.4e+38 -3.4e+38 -3.4e+38 -3.4e+38 -3.4e+38 -3.4e+38 -3.4e+38 -3.4e+38 -3.4e+38
503.299987792969 517.599975585938 535.400024414062 540.400024414062 519.200012207031 497.700012207031 509.5 523.799987792969 543.700012207031 550.200012207031 534.799987792969 513 490.799987792969 470.5 461.399993896484 469 483.100006103516 487.799987792969 501.799987792969 519.700012207031 527.599975585938 525.299987792969 521 518.599975585938 513 519.599975585938 535.099975585938 550.200012207031 558.900024414062 576.400024414062 598.799987792969 612.299987792969 628.599975585938 664.5 696.700012207031 737.400024414062 -3.4e+38 -3.4e+38 -3.4e+38 -3.4e+38 -3.4e+38 -3.4e+38 -3.4e+38 -3.4e+38 -3.4e+38 -3.4e+38 -3.4e+38 -3.4e+38 -3.4e+38 -3.4e+38 -3.4e+38 -3.4e+38 -3.4e+38 -3.4e+38 -3.4e+38
540.400024414062 557.200012207031 574.700012207031 573.200012207031 543.799987792969 486.100006103516 495.799987792969 502.5 516.599975585938 542.900024414062 511.399993896484 500.100006103516 478.899993896484 462.600006103516 454.399993896484 458.200012207031 478 507.700012207031 527.900024414062 529.099975585938 528.299987792969 528.200012207031 509.700012207031 498.399993896484 523.700012207031 531.799987792969 537.200012207031 557.400024414062 575.599975585938 596.900024414062 617.599975585938 624.599975585938 650 691.400024414062 749.599975585938 -3.4e+38 -3.4e+38 -3.4e+38 -3.4e+38 -3.4e+38 -3.4e+38 -3.4e+38 -3.4e+38 -3.4e+38 -3.4e+38 -3.4e+38 -3.4e+38 -3.4e+38 -3.4e+38 -3.4e+38 -3.4e+38 -3.4e+38 -3.4e+38 -3.4e+38 -3.4e+38
568.700012207031 594.5 613 604 585.099975585938 538.299987792969 528.200012207031 525.900024414062 511 517.599975585938 500.799987792969 485.899993896484 472.100006103516 460.200012207031 461.600006103516 458 494.5 516.700012207031 532.200012207031 539.099975585938 540.900024414062 506.200012207031 455.200012207031 454.100006103516 494.600006103516 523.5 551.099975585938 577.400024414062 602.799987792969 618.400024414062 635.700012207031 643.400024414062 666.400024414062 696.200012207031 -3.4e+38 -3.4e+38 -3.4e+38 -3.4e+38 -3.4e+38 -3.4e+38 -3.4e+38 -3.4e+38 -3.4e+38 -3.4e+38 -3.4e+38 -3.4e+38 -3.4e+38 -3.4e+38 -3.4e+38 -3.4e+38 -3.4e+38 -3.4e+38 -3.4e+38 -3.4e+38 -3.4e+38
583.599975585938 597.5 611.299987792969 600.599975585938 576.799987792969 561.799987792969 570.200012207031 572 530.799987792969 505.399993896484 490.5 474.399993896484 467.700012207031 456.700012207031 455.399993896484 459.799987792969 493.200012207031 523 539.400024414062 554 531.099975585938 451.100006103516 397.700012207031 456.600006103516 492.700012207031 525.400024414062 565.200012207031 600.200012207031 641.900024414062 675.799987792969 697.299987792969 706.200012207031 -3.4e+38 -3.4e+38 -3.4e+38 -3.4e+38 -3.4e+38 -3.4e+38 -3.4e+38 -3.4e+38 -3.4e+38 -3.4e+38 -3.4e+38 -3.4e+38 -3.4e+38 -3.4e+38 -3.4e+38 -3.4e+38 -3.4e+38 -3.4e+38 -3.4e+38 -3.4e+38 -3.4e+38 -3.4e+38 -3.4e+38
588.400024414062 591 594.299987792969 583.299987792969 563.900024414062 555.599975585938 561.799987792969 560.700012207031 535 506.700012207031 479.899993896484 459.700012207031 452.200012207031 453.100006103516 455.799987792969 459.899993896484 474.600006103516 523 549.099975585938 555.5 492.5 437.399993896484 468 526 531.900024414062 533.700012207031 593.400024414062 624 687.700012207031 756 774.400024414062 -3.4e+38 -3.4e+38 -3.4e+38 -3.4e+38 -3.4e+38 -3.4e+38 -3.4e+38 -3.4e+38 -3.4e+38 -3.4e+38 -3.4e+38 -3.4e+38 -3.4e+38 -3.4e+38 -3.4e+38 -3.4e+38 -3.4e+38 -3.4e+38 -3.4e+38 -3.4e+38 -3.4e+38 -3.4e+38 -3.4e+38 -3.4e+38
572.599975585938 572.299987792969 572.700012207031 562.799987792969 549.700012207031 543.599975585938 542.799987792969 537.400024414062 524.799987792969 503.200012207031 484.399993896484 456.700012207031 440.899993896484 447.899993896484 452.200012207031 459.100006103516 475.799987792969 513.700012207031 550.599975585938 542.099975585938 521.299987792969 544.299987792969 551.200012207031 589.400024414062 588.700012207031 604.5 646.400024414062 715.700012207031 779.299987792969 844 -3.4e+38 -3.4e+38 -3.4e+38 -3.4e+38 -3.4e+38 -3.4e+38 -3.4e+38 -3.4e+38 -3.4e+38 -3.4e+38 -3.4e+38 -3.4e+38 -3.4e+38 -3.4e+38 -3.4e+38 -3.4e+38 -3.4e+38 -3.4e+38 -3.4e+38 -3.4e+38 -3.4e+38 -3.4e+38 -3.4e+38 -3.4e+38 -3.4e+38
568.900024414062 558.200012207031 549.900024414062 538.5 533.299987792969 531 525.099975585938 519.299987792969 506.399993896484 498.700012207031 494 458.799987792969 445.700012207031 449.5 453.200012207031 467.100006103516 486.200012207031 518.200012207031 560.599975585938 565.400024414062 550.700012207031 586.400024414062 594.799987792969 606.799987792969 637.200012207031 708.200012207031 770.5 791.700012207031 847.200012207031 -3.4e+38 -3.4e+38 -3.4e+38 -3.4e+38 -3.4e+38 -3.4e+38 -3.4e+38 -3.4e+38 -3.4e+38 -3.4e+38 -3.4e+38 -3.4e+38 -3.4e+38 -3.4e+38 -3.4e+38 -3.4e+38 -3.4e+38 -3.4e+38 -3.4e+38 -3.4e+38 -3.4e+38 -3.4e+38 -3.4e+38 -3.4e+38 -3.4e+38 -3.4e+38
572 562.599975585938 546.400024414062 527.900024414062 526.900024414062 521.400024414062 515.099975585938 507.700012207031 495.100006103516 490.299987792969 492.899993896484 473.399993896484 453.700012207031 456 460.700012207031 479.899993896484 498 522 539.799987792969 544.299987792969 542.200012207031 546.700012207031 558.900024414062 619.099975585938 684.5 711.099975585938 -3.4e+38 -3.4e+38 -3.4e+38 -3.4e+38 -3.4e+38 -3.4e+38 -3.4e+38 -3.4e+38 -3.4e+38 -3.4e+38 -3.4e+38 -3.4e+38 -3.4e+38 -3.4e+38 -3.4e+38 -3.4e+38 -3.4e+38 -3.4e+38 -3.4e+38 -3.4e+38 -3.4e+38 -3.4e+38 -3.4e+38 -3.4e+38 -3.4e+38 -3.4e+38 -3.4e+38 -3.4e+38 -3.4e+38
590.799987792969 571.700012207031 555.700012207031 537.799987792969 530.200012207031 518.5 511.600006103516 503.600006103516 495.200012207031 494.600006103516 497 491.700012207031 474.200012207031 466.299987792969 477.100006103516 494.100006103516 504.399993896484 504.200012207031 490 486.5 485.399993896484 495.299987792969 530.400024414062 608 682.200012207031 735.900024414062 762.099975585938 -3.4e+38 -3.4e+38 -3.4e+38 -3.4e+38 -3.4e+38 -3.4e+38 -3.4e+38 -3.4e+38 -3.4e+38 -3.4e+38 -3.4e+38 -3.4e+38 -3.4e+38 -3.4e+38 -3.4e+38 -3.4e+38 -3.4e+38 -3.4e+38 -3.4e+38 -3.4e+38 -3.4e+38 -3.4e+38 -3.4e+38 -3.4e+38 -3.4e+38 -3.4e+38 -3.4e+38 -3.4e+38
599.5 572.900024414062 558.099975585938 546.700012207031 535.299987792969 523.5 511.600006103516 502.399993896484 497.299987792969 498.5 494.200012207031 492.100006103516 487.100006103516 481.700012207031 492 511.700012207031 510.600006103516 492.299987792969 472.600006103516 461.899993896484 463.799987792969 477.600006103516 517.400024414062 592.200012207031 658.900024414062 717.799987792969 765.599975585938 -3.4e+38 -3.4e+38 -3.4e+38 -3.4e+38 -3.4e+38 -3.4e+38 -3.4e+38 -3.4e+38 -3.4e+38 -3.4e+38 -3.4e+38 -3.4e+38 -3.4e+38 -3.4e+38 -3.4e+38 -3.4e+38 -3.4e+38 -3.4e+38 -3.4e+38 -3.4e+38 -3.4e+38 -3.4e+38 -3.4e+38 -3.4e+38 -3.4e+38 -3.4e+38 -3.4e+38 -3.4e+38
596.799987792969 579.400024414062 561.599975585938 554.799987792969 545.5 529.799987792969 514.299987792969 504.200012207031 498 492.5 490 489.399993896484 483.799987792969 483.200012207031 495.299987792969 516.599975585938 512.400024414062 492.600006103516 467.100006103516 453.5 461 479.600006103516 524.799987792969 581 650.599975585938 699.799987792969 -3.4e+38 -3.4e+38 -3.4e+38 -3.4e+38 -3.4e+38 -3.4e+38 -3.4e+38 -3.4e+38 -3.4e+38 -3.4e+38 -3.4e+38 -3.4e+38 -3.4e+38 -3.4e+38 -3.4e+38 -3.4e+38 -3.4e+38 -3.4e+38 -3.4e+38 -3.4e+38 -3.4e+38 -3.4e+38 -3.4e+38 -3.4e+38 -3.4e+38 -3.4e+38 -3.4e+38 -3.4e+38 -3.4e+38
588.099975585938 575 570.299987792969 569.799987792969 560.5 536.200012207031 516.799987792969 498.5 496.600006103516 490.100006103516 486.200012207031 479 476.799987792969 471.299987792969 483.5 498 498.600006103516 489 479.100006103516 476.399993896484 483.600006103516 502.700012207031 533.5 583 641.200012207031 691.200012207031 -3.4e+38 -3.4e+38 -3.4e+38 -3.4e+38 -3.4e+38 -3.4e+38 -3.4e+38 -3.4e+38 -3.4e+38 -3.4e+38 -3.4e+38 -3.4e+38 -3.4e+38 -3.4e+38 -3.4e+38 -3.4e+38 -3.4e+38 -3.4e+38 -3.4e+38 -3.4e+38 -3.4e+38 -3.4e+38 -3.4e+38 -3.4e+38 -3.4e+38 -3.4e+38 -3.4e+38 -3.4e+38 -3.4e+38
582.599975585938 573.299987792969 577 595.900024414062 584.400024414062 533.799987792969 503 493.600006103516 488.799987792969 486 481 470.200012207031 459.100006103516 457.700012207031 472.200012207031 485.200012207031 490.100006103516 489.700012207031 490.799987792969 492.899993896484 499.899993896484 518.799987792969 553 584.099975585938 631.299987792969 -3.4e+38 -3.4e+38 -3.4e+38 -3.4e+38 -3.4e+38 -3.4e+38 -3.4e+38 -3.4e+38 -3.4e+38 -3.4e+38 -3.4e+38 -3.4e+38 -3.4e+38 -3.4e+38 -3.4e+38 -3.4e+38 -3.4e+38 -3.4e+38 -3.4e+38 -3.4e+38 -3.4e+38 -3.4e+38 -3.4e+38 -3.4e+38 -3.4e+38 -3.4e+38 -3.4e+38 -3.4e+38 -3.4e+38 -3.4e+38
586.299987792969 587 600.200012207031 628.5 604.799987792969 528.400024414062 485.100006103516 479.799987792969 480.399993896484 478.899993896484 475.299987792969 471.100006103516 463.899993896484 460.399993896484 470.799987792969 477.200012207031 483.799987792969 488.200012207031 495.700012207031 504.5 515.599975585938 532 549 575.799987792969 607.900024414062 649.099975585938 -3.4e+38 -3.4e+38 -3.4e+38 -3.4e+38 -3.4e+38 -3.4e+38 -3.4e+38 -3.4e+38 -3.4e+38 -3.4e+38 -3.4e+38 -3.4e+38 -3.4e+38 -3.4e+38 -3.4e+38 -3.4e+38 -3.4e+38 -3.4e+38 -3.4e+38 -3.4e+38 -3.4e+38 -3.4e+38 -3.4e+38 -3.4e+38 -3.4e+38 -3.4e+38 -3.4e+38 -3.4e+38 -3.4e+38
587 592 602.099975585938 620.900024414062 603.599975585938 527.599975585938 484.899993896484 474.700012207031 474.600006103516 474.799987792969 471.399993896484 466.799987792969 468.700012207031 466.200012207031 469.700012207031 478 482 484 493.399993896484 510.100006103516 524.599975585938 542.799987792969 560.900024414062 575.099975585938 588.799987792969 617.200012207031 -3.4e+38 -3.4e+38 -3.4e+38 -3.4e+38 -3.4e+38 -3.4e+38 -3.4e+38 -3.4e+38 -3.4e+38 -3.4e+38 -3.4e+38 -3.4e+38 -3.4e+38 -3.4e+38 -3.4e+38 -3.4e+38 -3.4e+38 -3.4e+38 -3.4e+38 -3.4e+38 -3.4e+38 -3.4e+38 -3.4e+38 -3.4e+38 -3.4e+38 -3.4e+38 -3.4e+38 -3.4e+38 -3.4e+38
577.299987792969 580.700012207031 588.400024414062 616.299987792969 596.299987792969 546.799987792969 505.399993896484 479.700012207031 473.600006103516 470.799987792969 467.700012207031 464.899993896484 462.600006103516 466.799987792969 473 482 485.5 489 497.299987792969 508.600006103516 529.099975585938 542.799987792969 559.700012207031 576.200012207031 592.5 588.900024414062 -3.4e+38 -3.4e+38 -3.4e+38 -3.4e+38 -3.4e+38 -3.4e+38 -3.4e+38 -3.4e+38 -3.4e+38 -3.4e+38 -3.4e+38 -3.4e+38 -3.4e+38 -3.4e+38 -3.4e+38 -3.4e+38 -3.4e+38 -3.4e+38 -3.4e+38 -3.4e+38 -3.4e+38 -3.4e+38 -3.4e+38 -3.4e+38 -3.4e+38 -3.4e+38 -3.4e+38 -3.4e+38 -3.4e+38
559.599975585938 560.700012207031 577.400024414062 598.599975585938 576.700012207031 540.400024414062 505.200012207031 483.399993896484 475.299987792969 473.899993896484 467.399993896484 463.700012207031 460.299987792969 461.200012207031 466.700012207031 474.5 487 490 501.799987792969 514.200012207031 532.700012207031 551 561 575.599975585938 579.900024414062 574.799987792969 -3.4e+38 -3.4e+38 -3.4e+38 -3.4e+38 -3.4e+38 -3.4e+38 -3.4e+38 -3.4e+38 -3.4e+38 -3.4e+38 -3.4e+38 -3.4e+38 -3.4e+38 -3.4e+38 -3.4e+38 -3.4e+38 -3.4e+38 -3.4e+38 -3.4e+38 -3.4e+38 -3.4e+38 -3.4e+38 -3.4e+38 -3.4e+38 -3.4e+38 -3.4e+38 -3.4e+38 -3.4e+38 -3.4e+38
543.799987792969 541.400024414062 544.400024414062 549.700012207031 549.400024414062 529.700012207031 506.799987792969 486.5 477.899993896484 476.899993896484 464.5 459.5 458.100006103516 460 462.399993896484 470.899993896484 481.899993896484 489.600006103516 501.5 518.299987792969 532.299987792969 547.700012207031 571.299987792969 587 583.400024414062 582.099975585938 -3.4e+38 -3.4e+38 -3.4e+38 -3.4e+38 -3.4e+38 -3.4e+38 -3.4e+38 -3.4e+38 -3.4e+38 -3.4e+38 -3.4e+38 -3.4e+38 -3.4e+38 -3.4e+38 -3.4e+38 -3.4e+38 -3.4e+38 -3.4e+38 -3.4e+38 -3.4e+38 -3.4e+38 -3.4e+38 -3.4e+38 -3.4e+38 -3.4e+38 -3.4e+38 -3.4e+38 -3.4e+38 -3.4e+38
529.599975585938 525 523 521.599975585938 514.599975585938 505.299987792969 489.799987792969 469.899993896484 462.799987792969 457.200012207031 452.899993896484 451.700012207031 453.100006103516 455.899993896484 459.700012207031 466.200012207031 479 488.600006103516 500.399993896484 517.599975585938 537 556.299987792969 571.5 582.299987792969 578.400024414062 564.799987792969 -3.4e+38 -3.4e+38 -3.4e+38 -3.4e+38 -3.4e+38 -3.4e+38 -3.4e+38 -3.4e+38 -3.4e+38 -3.4e+38 -3.4e+38 -3.4e+38 -3.4e+38 -3.4e+38 -3.4e+38 -3.4e+38 -3.4e+38 -3.4e+38 -3.4e+38 -3.4e+38 -3.4e+38 -3.4e+38 -3.4e+38 -3.4e+38 -3.4e+38 -3.4e+38 -3.4e+38 -3.4e+38 -3.4e+38
