data/layers/future_layer_can_585_60/bio14.asc
NCOLS 494 
NROWS 529 
XLLCORNER -117.166666666667 
YLLCORNER -55.5 
CELLSIZE 0.166666666666667 
NODATA_value -3.4e+38 
[rows 208 to 233 of 529, columns 290 to 347 of 494]
106.900001525879 104.599998474121 101.599998474121 98.0999984741211 94.9000015258789 92.5999984741211 90.5 88.4000015258789 86.6999969482422 84.5999984741211 82.9000015258789 81 78.9000015258789 77.3000030517578 75.6999969482422 74.8000030517578 74.9000015258789 75.8000030517578 77.4000015258789 79.5999984741211 82.0999984741211 83.9000015258789 84.8000030517578 84.0999984741211 81.4000015258789 79.4000015258789 78.0999984741211 77.0999984741211 75.8000030517578 74.9000015258789 74.5 73.5 72.5 71.9000015258789 71.6999969482422 72 72.8000030517578 73.3000030517578 72.4000015258789 70.0999984741211 67.8000030517578 66.6999969482422 66.5999984741211 67.4000015258789 68.6999969482422 69.9000015258789 71.4000015258789 72.8000030517578 73.3000030517578 72.0999984741211 71.4000015258789 71.0999984741211 70.8000030517578 67.4000015258789 61.9000015258789 55.7999992370605 50.4000015258789 47.5999984741211
109.300003051758 107.300003051758 103.800003051758 100.099998474121 97.3000030517578 94.9000015258789 92.6999969482422 91.0999984741211 90.0999984741211 88.3000030517578 87 85.0999984741211 83 80.9000015258789 79 77.8000030517578 77.9000015258789 78.9000015258789 81 83.8000030517578 87.5 90.6999969482422 91.9000015258789 89 84.8000030517578 82.5 80.4000015258789 78.9000015258789 77.5 76.4000015258789 75.4000015258789 74.5 73.3000030517578 72.6999969482422 72.5 72.5999984741211 72.8000030517578 72.8000030517578 71.9000015258789 70.5 69.0999984741211 67.8000030517578 67.5999984741211 68.0999984741211 69.3000030517578 69.4000015258789 67.0999984741211 67.5 67.1999969482422 66.9000015258789 65.6999969482422 65.3000030517578 64.9000015258789 61.9000015258789 58.0999984741211 54.0999984741211 49.5 46.2000007629395
112.800003051758 109.900001525879 106.099998474121 102.099998474121 98.8000030517578 96.3000030517578 94.8000030517578 94 93.4000015258789 92.3000030517578 91.5 89.5 87.1999969482422 84.5999984741211 82 79.9000015258789 79.8000030517578 81.9000015258789 84.5 87.5999984741211 90.5999984741211 94 95.5999984741211 91.6999969482422 87.0999984741211 84 81.8000030517578 79.8000030517578 78.4000015258789 77.0999984741211 76.3000030517578 74.6999969482422 73.3000030517578 72.9000015258789 72.0999984741211 72.0999984741211 72.0999984741211 72.0999984741211 72 70.8000030517578 69.4000015258789 68.1999969482422 68 68.8000030517578 69.0999984741211 65.5 60.9000015258789 59.2000007629395 59 59.2999992370605 59.7000007629395 59.5999984741211 59.4000015258789 57.7999992370605 55.5 53.0999984741211 50.5 47.4000015258789
116.599998474121 112.599998474121 107.699996948242 103 99.0999984741211 96.5999984741211 95.8000030517578 95.9000015258789 96.0999984741211 96.8000030517578 96.3000030517578 94.6999969482422 91.8000030517578 88.4000015258789 85.5999984741211 82.6999969482422 82.3000030517578 84.8000030517578 86.9000015258789 89.5 91.6999969482422 93.8000030517578 93.8000030517578 91.5 87.4000015258789 84.4000015258789 82 80.3000030517578 78.4000015258789 77.3000030517578 75.9000015258789 73.8000030517578 72.8000030517578 72.0999984741211 71.8000030517578 71.8000030517578 71.5999984741211 71.5999984741211 71.3000030517578 70.5 69.5 68.5999984741211 68 66.3000030517578 63.2000007629395 59.4000015258789 55.5999984741211 51.4000015258789 50.7999992370605 51.2999992370605 51.9000015258789 53.5999984741211 54.2000007629395 54.0999984741211 53.9000015258789 52.9000015258789 51.2999992370605 47.9000015258789
120.599998474121 114.599998474121 107.900001525879 102.199996948242 97.9000015258789 95.5999984741211 95.5999984741211 97 99.3000030517578 101.400001525879 101.900001525879 99.5999984741211 96.5999984741211 93.6999969482422 89.6999969482422 86.5 86.3000030517578 88.0999984741211 89.5999984741211 91.0999984741211 91.9000015258789 92.1999969482422 91.5999984741211 89.5999984741211 86.3000030517578 83.8000030517578 81.5999984741211 79.8000030517578 78.3000030517578 77.0999984741211 74.4000015258789 72.4000015258789 71.4000015258789 70.9000015258789 70.9000015258789 71 71.0999984741211 71 71 70.4000015258789 69.5 68.4000015258789 65.8000030517578 61.7999992370605 58.5999984741211 54.9000015258789 51 47.0999984741211 43.4000015258789 43.2000007629395 44.7999992370605 47.0999984741211 48.7999992370605 50.4000015258789 51.7000007629395 52.7999992370605 52.2999992370605 48
119.699996948242 112.900001525879 106.099998474121 100.400001525879 95.6999969482422 93.0999984741211 94.0999984741211 97.3000030517578 99.9000015258789 100.599998474121 101.099998474121 101.900001525879 98.5999984741211 95.0999984741211 92.0999984741211 90 89.5999984741211 91.3000030517578 92.3000030517578 92.5 92.0999984741211 90.9000015258789 89.4000015258789 87.3000030517578 84.5 82.3000030517578 80.8000030517578 78.9000015258789 77.3000030517578 74.1999969482422 71.9000015258789 70.4000015258789 69.8000030517578 69.5 70 70.4000015258789 70.5999984741211 71 71 70.4000015258789 68 64.8000030517578 62.0999984741211 58.7999992370605 54.2999992370605 50.0999984741211 46.4000015258789 42.7000007629395 39.0999984741211 36.5 38.7000007629395 40.0999984741211 42.5 46.2000007629395 47.9000015258789 49.9000015258789 50.4000015258789 46.5999984741211
111.400001525879 107.900001525879 103 97.5 93.0999984741211 90.0999984741211 93.0999984741211 95.3000030517578 97.0999984741211 97.9000015258789 99.0999984741211 100.800003051758 99.5999984741211 96.5 94.3000030517578 92.5 91.5999984741211 92.8000030517578 94.5 92.9000015258789 91.6999969482422 89.8000030517578 87.8000030517578 85.3000030517578 82.5999984741211 80.5999984741211 79 77.0999984741211 73.8000030517578 70.5999984741211 68.5999984741211 67.8000030517578 67.8000030517578 68.0999984741211 68.9000015258789 69.8000030517578 70.3000030517578 70.9000015258789 70.5999984741211 68.9000015258789 66.4000015258789 64.0999984741211 60.7999992370605 55.4000015258789 51.2999992370605 47.0999984741211 42.7999992370605 39.7999992370605 36.0999984741211 33.0999984741211 32.7999992370605 34.5999984741211 39.0999984741211 45.4000015258789 43.5999984741211 45.2999992370605 46.2999992370605 45.7000007629395
102.900001525879 101.699996948242 98.9000015258789 95.5999984741211 92.5 90.9000015258789 92.3000030517578 94.0999984741211 95.4000015258789 97 98 99.3000030517578 99.3000030517578 97.5 95.5999984741211 94.1999969482422 93.3000030517578 93.0999984741211 93.5999984741211 93.3000030517578 90.9000015258789 88.4000015258789 86 83.5999984741211 80.5999984741211 78.8000030517578 76.9000015258789 72.9000015258789 69.8000030517578 66.4000015258789 64.9000015258789 64.5999984741211 65.3000030517578 66.4000015258789 67.6999969482422 68.8000030517578 69.0999984741211 68.9000015258789 67.5999984741211 65.5999984741211 64.5999984741211 62.5999984741211 60.4000015258789 56.9000015258789 51.4000015258789 45.7999992370605 41.5999984741211 37.4000015258789 32.2999992370605 31.2999992370605 31.6000003814697 33.7000007629395 34.7999992370605 37.7000007629395 42.0999984741211 43.4000015258789 43.5999984741211 42.5999984741211
92.5999984741211 95.5 95.5 93.8000030517578 92.4000015258789 92.4000015258789 92.8000030517578 93.5999984741211 94.8000030517578 95.5 96.6999969482422 97.9000015258789 98.3000030517578 98.3000030517578 96.5999984741211 95.3000030517578 94.0999984741211 92.9000015258789 92 91.1999969482422 89.4000015258789 86.4000015258789 83.9000015258789 81.3000030517578 78.9000015258789 76 72.0999984741211 68.6999969482422 65.1999969482422 62.2000007629395 60.7999992370605 61.2999992370605 62.4000015258789 64.4000015258789 66.5999984741211 66.3000030517578 65.5999984741211 65.1999969482422 64.9000015258789 63.7999992370605 63.4000015258789 61.5999984741211 59.9000015258789 57.5999984741211 52.2000007629395 46.5999984741211 41.5999984741211 37.4000015258789 33.2999992370605 30.8999996185303 31.7999992370605 33.2999992370605 36.4000015258789 40.7000007629395 41.7999992370605 42.7999992370605 43.7999992370605 43.2000007629395
87.4000015258789 90.1999969482422 92.1999969482422 93.6999969482422 93 93.1999969482422 93.9000015258789 94.4000015258789 94.8000030517578 95 95 96.3000030517578 97.5 98.5999984741211 96.8000030517578 95.3000030517578 94.5 92.5 90.5 88.5999984741211 86.5999984741211 84.3000030517578 81.4000015258789 79.0999984741211 75.9000015258789 72.3000030517578 68.5 64.6999969482422 60.9000015258789 57.7000007629395 56.5 57.5 59.7999992370605 61.2999992370605 61.9000015258789 61.7000007629395 62.4000015258789 62.5 62.0999984741211 62.0999984741211 61.9000015258789 60.5 59.2999992370605 57.5999984741211 55.5 52.0999984741211 47.2999992370605 41.2999992370605 38 35.9000015258789 36.0999984741211 37.0999984741211 38.0999984741211 39.5999984741211 40.5999984741211 41.4000015258789 41.9000015258789 41.7999992370605
84.8000030517578 87.5999984741211 89.9000015258789 93.3000030517578 93.3000030517578 93.8000030517578 95 94.5999984741211 94.6999969482422 94.5 94.9000015258789 94.4000015258789 94.8000030517578 95.5 96.3000030517578 94.6999969482422 93.0999984741211 91 88.3000030517578 85.9000015258789 83.3000030517578 80.6999969482422 78.0999984741211 75.6999969482422 72.5 69.3000030517578 65.9000015258789 61.9000015258789 57.4000015258789 53.4000015258789 51.7999992370605 53 56.5 58.9000015258789 58.4000015258789 58.7000007629395 59.0999984741211 59.5999984741211 59.9000015258789 59.5 60.7999992370605 59.7999992370605 59.7000007629395 58.5999984741211 57.5999984741211 54.9000015258789 50.5999984741211 46.7000007629395 41.9000015258789 39.7999992370605 39.2999992370605 39.5999984741211 39 39.2999992370605 39.7999992370605 39.7999992370605 40.4000015258789 40.5999984741211
84 86.6999969482422 89.5999984741211 93.3000030517578 93 93.5999984741211 95.1999969482422 94.8000030517578 94.5 93.6999969482422 93.5999984741211 92.5999984741211 91.8000030517578 91.8000030517578 92.3000030517578 92.1999969482422 90.6999969482422 88.0999984741211 85.0999984741211 81.5999984741211 78.4000015258789 75.8000030517578 73.4000015258789 71 68.5 65.3000030517578 61.9000015258789 58.7000007629395 55.2999992370605 51.5999984741211 48.7000007629395 51.2999992370605 54.2999992370605 55.7999992370605 55.7000007629395 55.5999984741211 55.5999984741211 56.7999992370605 57.5999984741211 57.7999992370605 58.2999992370605 57.7999992370605 57.4000015258789 58.0999984741211 58.5999984741211 55.9000015258789 51.5 47.4000015258789 44.0999984741211 42.4000015258789 41.0999984741211 39.7999992370605 39.0999984741211 39 39.2999992370605 39.5 39.7000007629395 39.2999992370605
84 86.9000015258789 90.3000030517578 93.4000015258789 93.3000030517578 93.0999984741211 95 96 94.3000030517578 92.4000015258789 90.3000030517578 89.5999984741211 88.5999984741211 88.1999969482422 87.0999984741211 86.5999984741211 84.5999984741211 82.0999984741211 79.8000030517578 76.3000030517578 72.0999984741211 69.4000015258789 67.8000030517578 66.0999984741211 63.7000007629395 62 59.9000015258789 56.7000007629395 53.7999992370605 51.5999984741211 49.5999984741211 51.2000007629395 53.2999992370605 53.5999984741211 53 52.7000007629395 54.2999992370605 54.9000015258789 55.4000015258789 55.5999984741211 55.7999992370605 55.5999984741211 56 55.7999992370605 55.5999984741211 53.7999992370605 50.5999984741211 46.9000015258789 44.2000007629395 42.4000015258789 40.9000015258789 40.0999984741211 39.5 39 39.5 39.4000015258789 38.7999992370605 38.7999992370605
84.5999984741211 87.1999969482422 90.5999984741211 94.3000030517578 94.3000030517578 92.9000015258789 95.6999969482422 95.3000030517578 92.9000015258789 90.5999984741211 88.0999984741211 86.8000030517578 85.3000030517578 83.5999984741211 82.4000015258789 81.4000015258789 79.5 76.9000015258789 74.8000030517578 71.4000015258789 67.0999984741211 62.9000015258789 62.7999992370605 62.4000015258789 60.7999992370605 59.0999984741211 57.9000015258789 56.4000015258789 53.7000007629395 51.7000007629395 51.4000015258789 52.7000007629395 53.7999992370605 54.0999984741211 52.5999984741211 52.9000015258789 53 53.4000015258789 54 54.0999984741211 54 54.0999984741211 53.7000007629395 53.5999984741211 53.2000007629395 51.5 49.2000007629395 46.5999984741211 44.0999984741211 42.7000007629395 41.2999992370605 40.2999992370605 39.7999992370605 39.0999984741211 39.7999992370605 39.7000007629395 39.2999992370605 38.7999992370605
85.9000015258789 87.3000030517578 90 93.0999984741211 95.4000015258789 95.3000030517578 95.0999984741211 93.8000030517578 91 87.6999969482422 85.8000030517578 83.5999984741211 81.3000030517578 79.0999984741211 77.5999984741211 76.4000015258789 74.9000015258789 72.9000015258789 70.8000030517578 68.1999969482422 64.5999984741211 61.7999992370605 61.4000015258789 60.4000015258789 59.4000015258789 58.7999992370605 57.2000007629395 54.9000015258789 54.0999984741211 54.2000007629395 54.7999992370605 54.5999984741211 54.9000015258789 54.7999992370605 53.4000015258789 53.2999992370605 53.0999984741211 53.4000015258789 53.2999992370605 53 52.5 52.4000015258789 52.5999984741211 52.5 51.7999992370605 50.5999984741211 48.7999992370605 46.7000007629395 44.9000015258789 43.2999992370605 42 41.2999992370605 40.9000015258789 40.0999984741211 40.2999992370605 40.7999992370605 40.2999992370605 40
86.9000015258789 87.9000015258789 89.5 91.4000015258789 93.0999984741211 93.4000015258789 92.8000030517578 91 88.3000030517578 85.5999984741211 82.8000030517578 79.4000015258789 77.0999984741211 75.3000030517578 73.8000030517578 72.9000015258789 71.9000015258789 69.9000015258789 68.4000015258789 66.1999969482422 64.3000030517578 61.5999984741211 60.0999984741211 59.4000015258789 59.2000007629395 58.2999992370605 56.7999992370605 56.4000015258789 56.4000015258789 57 56.7000007629395 56.0999984741211 56.9000015258789 56 55.0999984741211 53.7999992370605 53.4000015258789 53 52.7999992370605 52.4000015258789 51.5999984741211 51.4000015258789 51.4000015258789 51.2999992370605 50.5999984741211 50.0999984741211 48.4000015258789 46.5 45.2999992370605 43.7999992370605 42.4000015258789 42.0999984741211 41.7000007629395 41.0999984741211 41.2999992370605 41.5999984741211 41.7999992370605 41.4000015258789
85.1999969482422 87.3000030517578 87.9000015258789 89.4000015258789 90.9000015258789 90.4000015258789 89.5 88.1999969482422 85.4000015258789 82.3000030517578 76.8000030517578 73.1999969482422 70.4000015258789 71.6999969482422 70.8000030517578 70.0999984741211 69.1999969482422 68 67 65.6999969482422 62.5999984741211 60.7000007629395 59.9000015258789 59 58.5999984741211 58.2999992370605 57.7999992370605 58.4000015258789 58.5999984741211 58.0999984741211 57.5 57.4000015258789 57.2000007629395 56.9000015258789 55.5999984741211 53.9000015258789 53.0999984741211 52.2999992370605 51.9000015258789 51.4000015258789 50.9000015258789 50.4000015258789 50.2999992370605 50 49.9000015258789 49.2000007629395 47.4000015258789 46.9000015258789 46.2999992370605 43.9000015258789 43.0999984741211 42.9000015258789 42.5 42.4000015258789 42.5999984741211 42.9000015258789 42.5 42.5
80.5999984741211 81.1999969482422 83.4000015258789 84.1999969482422 85.5999984741211 85.0999984741211 84.1999969482422 81.9000015258789 79.5 75.5999984741211 71.8000030517578 68.4000015258789 66.6999969482422 69.1999969482422 68.4000015258789 67.4000015258789 67.0999984741211 66.5999984741211 66.0999984741211 64.0999984741211 61.5999984741211 60.2999992370605 59 57.5999984741211 57.4000015258789 57.9000015258789 58.0999984741211 58.0999984741211 58.9000015258789 59 58.0999984741211 58.0999984741211 57.0999984741211 57 56.0999984741211 53.9000015258789 52.4000015258789 51.9000015258789 51.4000015258789 50.5999984741211 50.0999984741211 49.4000015258789 49.0999984741211 49.2000007629395 49.0999984741211 48.4000015258789 48 47.0999984741211 46 44.5999984741211 43.5999984741211 43 43.0999984741211 43.4000015258789 43.5999984741211 43.5999984741211 43.9000015258789 44
76.9000015258789 77.5999984741211 78.9000015258789 78.6999969482422 78.0999984741211 77.3000030517578 76.9000015258789 74.3000030517578 72.1999969482422 68.9000015258789 66.9000015258789 65.4000015258789 65.4000015258789 67.0999984741211 65.6999969482422 65.3000030517578 65.3000030517578 65.9000015258789 64.4000015258789 63.4000015258789 61.5999984741211 60.4000015258789 58.2999992370605 57.9000015258789 57.0999984741211 57.4000015258789 57.7999992370605 58.2999992370605 59.9000015258789 60 58.7000007629395 57.5 56.9000015258789 56.2000007629395 54.4000015258789 53.7999992370605 52.4000015258789 51.7999992370605 50.5999984741211 49.9000015258789 49.4000015258789 48.9000015258789 48.7000007629395 48.7999992370605 49.4000015258789 49 48.0999984741211 47.2000007629395 46.7000007629395 45.5 44.4000015258789 44.2000007629395 44.5999984741211 45.0999984741211 45.2999992370605 45.0999984741211 45.2000007629395 45.2999992370605
74.3000030517578 74.4000015258789 73.9000015258789 73.4000015258789 72.9000015258789 72.0999984741211 70.0999984741211 69.1999969482422 66.8000030517578 64.8000030517578 63.4000015258789 64.0999984741211 64.5 65.8000030517578 65.3000030517578 64.6999969482422 65.5 65.3000030517578 63.5999984741211 62.5 60.4000015258789 59.7000007629395 58.4000015258789 58.7999992370605 57.7999992370605 57.4000015258789 56.5999984741211 56.2999992370605 58.2000007629395 58.2000007629395 57.2000007629395 57 56 55.2999992370605 53.4000015258789 52.4000015258789 52.7999992370605 51.5999984741211 50.5 49.2000007629395 48.9000015258789 48.2999992370605 48.2999992370605 48.2999992370605 48.4000015258789 48.9000015258789 48.7000007629395 48.5 47.9000015258789 46.9000015258789 46.2999992370605 46.5999984741211 46.9000015258789 46.5999984741211 46.9000015258789 46.5 46.7999992370605 46.4000015258789
70.3000030517578 69.6999969482422 69.4000015258789 69 68.5 67.9000015258789 66.4000015258789 65 63.2999992370605 61.2999992370605 61.4000015258789 61.2000007629395 61.5999984741211 62.4000015258789 62.5999984741211 63.9000015258789 63.5999984741211 63.7000007629395 63 61.5999984741211 61 60.0999984741211 58.2999992370605 58 58.0999984741211 56 55.2000007629395 55.2000007629395 55.0999984741211 55.2999992370605 54.4000015258789 54.4000015258789 53.7999992370605 52.7000007629395 51.0999984741211 51 50.2999992370605 48.9000015258789 48.2999992370605 47.2000007629395 46.2999992370605 46.0999984741211 47.0999984741211 46.9000015258789 47.2000007629395 48.2000007629395 48 48.9000015258789 49 49.5999984741211 49.5999984741211 49.4000015258789 48.7999992370605 48.2000007629395 47.5 47.0999984741211 46.7000007629395 45.7999992370605
67.4000015258789 66.4000015258789 65.3000030517578 64.1999969482422 63.4000015258789 62.9000015258789 61.7999992370605 60.4000015258789 59.7999992370605 58.7999992370605 58.2000007629395 58.2000007629395 58.9000015258789 59 59.7000007629395 61.4000015258789 61.0999984741211 61.9000015258789 61.9000015258789 61.2999992370605 61 60.9000015258789 58.7000007629395 58.0999984741211 57.0999984741211 54.9000015258789 52.7000007629395 52.2999992370605 53.4000015258789 53.2999992370605 52.2999992370605 51.9000015258789 51.2999992370605 50.9000015258789 49.5 49.5 47.4000015258789 46.5999984741211 46.2999992370605 45.4000015258789 44.2999992370605 43.5999984741211 43.9000015258789 44.5999984741211 45.4000015258789 45.0999984741211 45.5999984741211 46.0999984741211 47.0999984741211 47 46.7000007629395 46.7999992370605 46.5999984741211 46.0999984741211 45.9000015258789 45.2999992370605 44.9000015258789 44.5
65.3000030517578 63.5 61.4000015258789 59.4000015258789 58.2999992370605 57.4000015258789 56.2999992370605 56.4000015258789 55.5999984741211 55.4000015258789 54.4000015258789 55.0999984741211 55.5999984741211 56.0999984741211 57.4000015258789 58.5999984741211 59.7999992370605 60.7999992370605 60.9000015258789 60.9000015258789 60.7999992370605 61.2000007629395 60.0999984741211 58.7999992370605 56.7000007629395 54.4000015258789 51.7000007629395 51 51.2999992370605 51.2999992370605 51.0999984741211 50.4000015258789 49.5 48.7999992370605 47.9000015258789 46.7999992370605 45.5999984741211 44.9000015258789 44.2999992370605 43.5 41.7000007629395 41.2999992370605 41.4000015258789 42.5 42.9000015258789 43.5999984741211 43.9000015258789 44.7000007629395 45.5999984741211 45.4000015258789 44.7999992370605 45.0999984741211 44.7999992370605 44.4000015258789 43.5999984741211 43.4000015258789 43.0999984741211 42.7999992370605
61.4000015258789 58.4000015258789 56.7999992370605 54.4000015258789 53.2999992370605 52.4000015258789 51.5 51.7000007629395 51.4000015258789 51.7999992370605 51.0999984741211 51.7999992370605 52.7999992370605 53.5 54.9000015258789 55.7999992370605 57.7999992370605 58.4000015258789 59.0999984741211 59.5 59.9000015258789 61 60.4000015258789 59.5 57.5999984741211 54.4000015258789 51.5999984741211 50.5999984741211 49.7999992370605 49.2999992370605 48.7999992370605 48.2000007629395 47.9000015258789 47.5999984741211 46 44.7999992370605 44 42.5999984741211 41.5999984741211 40.2999992370605 39.2000007629395 39.0999984741211 39.9000015258789 40.5999984741211 41.5999984741211 42 42.7000007629395 43.7999992370605 43.9000015258789 44.2999992370605 43.4000015258789 43 43.2999992370605 43.5999984741211 42.7999992370605 42.5999984741211 41.7999992370605 41.0999984741211
57.9000015258789 54.2000007629395 51.7000007629395 49.5999984741211 48.9000015258789 47.5999984741211 47.2999992370605 47.5999984741211 47.0999984741211 47.5999984741211 48.2000007629395 49.5999984741211 50.4000015258789 50.9000015258789 51.5999984741211 52.7000007629395 55.0999984741211 55.7999992370605 56.2000007629395 57.4000015258789 58.7000007629395 60.7000007629395 61 60.7999992370605 58.2999992370605 54.5 51.0999984741211 49.2000007629395 48.2999992370605 47.0999984741211 46.5 44.9000015258789 44.9000015258789 44.5999984741211 43.2000007629395 42.5 41.5999984741211 40.7999992370605 39.7999992370605 38.7999992370605 37.2999992370605 36.5999984741211 38.5999984741211 40.5 41.7000007629395 41.5999984741211 42.4000015258789 42.9000015258789 42.7999992370605 42.5999984741211 42.0999984741211 41.5 41.5999984741211 42.0999984741211 41.5 40.7000007629395 38.5999984741211 37.7999992370605
55.0999984741211 50.7000007629395 47.5999984741211 45.4000015258789 44.4000015258789 44.2000007629395 43.5 43.5 43.4000015258789 44.4000015258789 45.4000015258789 46.4000015258789 46.9000015258789 48.0999984741211 49.2000007629395 50.5999984741211 52.2999992370605 53.4000015258789 55 56.5 57.5999984741211 59.2999992370605 61.2000007629395 61.9000015258789 57.7999992370605 53.2000007629395 49.7999992370605 47.2000007629395 45.5999984741211 44.7999992370605 44.2999992370605 43.2999992370605 42.9000015258789 42.7000007629395 41.2999992370605 41.0999984741211 40.7000007629395 39.2999992370605 38.4000015258789 37.4000015258789 36.7000007629395 35.9000015258789 39.9000015258789 42.0999984741211 41.5999984741211 42.2000007629395 42.9000015258789 42.7000007629395 41.9000015258789 41.0999984741211 41.4000015258789 40.7000007629395 40.5999984741211 39.7000007629395 37.4000015258789 36.7999992370605 35.7000007629395 34.7999992370605
