data/layers/future_layer_can_585_60/bio13.asc
NCOLS 494 
NROWS 529 
XLLCORNER -117.166666666667 
YLLCORNER -55.5 
CELLSIZE 0.166666666666667 
NODATA_value -3.4e+38 
[rows 216 to 239 of 529, columns 324 to 377 of 494]
344.200012207031 356.100006103516 369 382.899993896484 396.299987792969 407 414.600006103516 417.299987792969 415.600006103516 414.799987792969 414.600006103516 416.600006103516 405.899993896484 388.200012207031 372.5 362.299987792969 356.899993896484 351.899993896484 350.600006103516 349.5 347.799987792969 349.899993896484 353.399993896484 357.700012207031 362.299987792969 367.100006103516 371.600006103516 373.799987792969 369.899993896484 360 341.100006103516 317.799987792969 296 318.200012207031 349.899993896484 368.100006103516 376.899993896484 378.899993896484 377.600006103516 375.299987792969 371.100006103516 368.399993896484 368.899993896484 369.899993896484 371.600006103516 373.399993896484 368.799987792969 367 376.100006103516 377.899993896484 379.600006103516 383.899993896484 387.600006103516 390.700012207031
338.299987792969 351.899993896484 366.799987792969 383.299987792969 399.100006103516 412.700012207031 420.899993896484 419.399993896484 411.299987792969 403.799987792969 397.799987792969 395.200012207031 388.200012207031 378.100006103516 368.899993896484 359.700012207031 352.799987792969 346.399993896484 340.899993896484 336.899993896484 336.899993896484 338 341.399993896484 347.799987792969 356.600006103516 361.799987792969 366 367.399993896484 362.600006103516 353.299987792969 337.899993896484 322.299987792969 313.799987792969 327.299987792969 351.399993896484 369.100006103516 377.700012207031 378.299987792969 375.5 372.799987792969 369.299987792969 366.299987792969 367.600006103516 369.299987792969 371.399993896484 372.799987792969 367.799987792969 372.299987792969 376.100006103516 377.600006103516 378.600006103516 384.299987792969 390.899993896484 396.799987792969
334.5 349.700012207031 364.899993896484 381.600006103516 397.600006103516 415.899993896484 428.100006103516 420.799987792969 405.899993896484 390 377.399993896484 373.600006103516 372.399993896484 367.899993896484 361.399993896484 353.600006103516 345.899993896484 338.700012207031 331.700012207031 324.799987792969 321 321.399993896484 327.299987792969 336.200012207031 346.5 353.799987792969 358.200012207031 358.899993896484 356.100006103516 352.5 346.299987792969 339 340.100006103516 350.799987792969 366.100006103516 377.5 382 380.100006103516 375.600006103516 371.600006103516 367.899993896484 364.299987792969 365.799987792969 368.899993896484 372.200012207031 372.899993896484 372.100006103516 376.700012207031 378.700012207031 376.600006103516 377.899993896484 383.899993896484 396.5 405.100006103516
332 347.399993896484 362.899993896484 378.299987792969 395.100006103516 412.799987792969 422.399993896484 412.600006103516 394.799987792969 378.5 361.299987792969 358.799987792969 360.899993896484 359.600006103516 355.899993896484 349.299987792969 339.700012207031 331 322 313 306.799987792969 306.399993896484 310.399993896484 319 330.399993896484 341.399993896484 349.100006103516 354.299987792969 357.299987792969 358 356.799987792969 356.100006103516 360.799987792969 371.700012207031 382.299987792969 385.5 384.600006103516 380.600006103516 375.5 370.5 366.299987792969 361.399993896484 364.899993896484 368.899993896484 373.200012207031 372.5 380 379.399993896484 381.299987792969 375.899993896484 370.600006103516 375.899993896484 398.700012207031 409.799987792969
330.600006103516 345.700012207031 362.200012207031 376.600006103516 389.600006103516 401.700012207031 406.600006103516 400.600006103516 389 373.799987792969 362.5 357.899993896484 356.200012207031 355.700012207031 352.299987792969 345.600006103516 336.799987792969 325.100006103516 312.799987792969 301.200012207031 291.799987792969 288.399993896484 293.299987792969 305.299987792969 317.200012207031 331.600006103516 342.399993896484 353.399993896484 360.299987792969 364.799987792969 367.399993896484 369.799987792969 374.100006103516 378.899993896484 385.299987792969 387 383.799987792969 381.299987792969 376 370.299987792969 363.399993896484 360.799987792969 359.700012207031 364.100006103516 367.600006103516 380.100006103516 387.899993896484 385.700012207031 385.100006103516 381.100006103516 376.799987792969 382.700012207031 398.600006103516 404.100006103516
334.600006103516 347.899993896484 360.799987792969 372.299987792969 382.399993896484 390.899993896484 393.100006103516 389.200012207031 381.5 372.5 364.899993896484 359.299987792969 356.299987792969 355.299987792969 350.799987792969 344.600006103516 336 321.700012207031 308.399993896484 292.100006103516 277.600006103516 269.700012207031 276.799987792969 292.700012207031 309.399993896484 324.100006103516 337.899993896484 352.200012207031 363.299987792969 372.600006103516 378.100006103516 379.600006103516 380.899993896484 382.299987792969 384.899993896484 385.200012207031 383.200012207031 379.899993896484 375.5 368.299987792969 358.399993896484 354.399993896484 354 358.299987792969 375.899993896484 389.899993896484 395 395.899993896484 393.700012207031 390.899993896484 386.700012207031 390.299987792969 397.899993896484 400.200012207031
341.100006103516 349.799987792969 358.899993896484 367.600006103516 374.299987792969 379.700012207031 381.200012207031 380.399993896484 377.100006103516 371.5 366.100006103516 362 359.5 357.399993896484 354.899993896484 347.200012207031 337.299987792969 324.600006103516 308.299987792969 290.100006103516 272.399993896484 263.600006103516 271.299987792969 286.899993896484 304.600006103516 319.200012207031 333.899993896484 349.299987792969 363 376.600006103516 384.600006103516 383.200012207031 381.899993896484 381.899993896484 383.600006103516 382.799987792969 381.600006103516 379.399993896484 373.899993896484 365.399993896484 354.299987792969 347.899993896484 355.899993896484 370.200012207031 387.899993896484 398 403.899993896484 400.600006103516 400.299987792969 396.600006103516 392.5 388.299987792969 389.200012207031 389.5
348.600006103516 353.899993896484 358 363.399993896484 369.700012207031 373.100006103516 374.399993896484 374.799987792969 372.299987792969 368.799987792969 366.200012207031 364.100006103516 362.100006103516 359.899993896484 358.299987792969 353.399993896484 344.200012207031 332.100006103516 316.100006103516 297.399993896484 282.799987792969 274.399993896484 279.100006103516 290.700012207031 305.299987792969 319.600006103516 333.200012207031 346.799987792969 360.100006103516 372.399993896484 379.799987792969 379.100006103516 378.200012207031 378.600006103516 378.200012207031 378.799987792969 379 379.600006103516 378.299987792969 368.600006103516 353.600006103516 346.5 365 382.100006103516 399.299987792969 407.700012207031 411.600006103516 407 404.700012207031 399.899993896484 392.600006103516 388.399993896484 384.200012207031 384.100006103516
355.799987792969 356.799987792969 359.899993896484 362.299987792969 364.399993896484 366.600006103516 368.399993896484 368.899993896484 368.799987792969 367.299987792969 365.899993896484 365.799987792969 366.200012207031 366.100006103516 367.100006103516 363.100006103516 355.799987792969 345.100006103516 329.5 312.100006103516 299.5 290.799987792969 292.299987792969 298.100006103516 308.899993896484 321.5 333.399993896484 345.799987792969 356.299987792969 366.100006103516 372.299987792969 373.299987792969 373.5 373.899993896484 372.799987792969 373.399993896484 374.600006103516 375.100006103516 378.399993896484 369.100006103516 354.799987792969 356.5 378.299987792969 396.100006103516 410.899993896484 419.200012207031 419.5 415.600006103516 407.299987792969 398.799987792969 391.600006103516 386.600006103516 384.600006103516 382
360.200012207031 358.600006103516 359.100006103516 358.399993896484 359.399993896484 360.799987792969 362.799987792969 363.600006103516 364.200012207031 365.600006103516 367.399993896484 369.299987792969 370.700012207031 372.299987792969 374.299987792969 376.299987792969 371.600006103516 358.399993896484 342.600006103516 326.600006103516 314.200012207031 306.299987792969 304.100006103516 307.299987792969 315.399993896484 324.700012207031 333.600006103516 343.200012207031 352.100006103516 359.100006103516 364 367.600006103516 369.299987792969 368.600006103516 367.200012207031 367.899993896484 365.100006103516 364.799987792969 368.399993896484 368.799987792969 364.100006103516 371.899993896484 385.200012207031 406.399993896484 423.5 429.600006103516 428.100006103516 422.899993896484 414 403.399993896484 394.399993896484 387.5 384.299987792969 380.399993896484
361.799987792969 359.399993896484 358.100006103516 355.299987792969 356.100006103516 356 357.600006103516 358.799987792969 360.5 362.600006103516 366.5 369.100006103516 372.5 376.600006103516 382.399993896484 386.100006103516 386.200012207031 373 356.299987792969 339.5 327.799987792969 319.100006103516 314.399993896484 316.600006103516 321 326.700012207031 334.100006103516 341.100006103516 348.299987792969 355.100006103516 359.299987792969 363 365.100006103516 362.899993896484 361.200012207031 362.100006103516 357.399993896484 350 355.100006103516 365.700012207031 372.399993896484 381.899993896484 395.299987792969 421.600006103516 437.799987792969 443.100006103516 439.600006103516 430.899993896484 419.799987792969 408.600006103516 396.799987792969 387.600006103516 382.5 379.399993896484
361.299987792969 357.399993896484 355.299987792969 351.600006103516 351.399993896484 350.100006103516 351.200012207031 352.799987792969 355.100006103516 358.299987792969 362.100006103516 367.899993896484 373.799987792969 380.200012207031 384.100006103516 387.600006103516 388 380 364 349.799987792969 337.100006103516 327.799987792969 324.399993896484 323.5 324.600006103516 329.299987792969 333.299987792969 339.5 345.799987792969 351.399993896484 354.5 357.600006103516 360.100006103516 358.200012207031 357.700012207031 357.200012207031 349.799987792969 345.899993896484 355 370.399993896484 381.899993896484 398.100006103516 415.299987792969 443.899993896484 461 461.299987792969 451.200012207031 437.799987792969 424.299987792969 411 398.399993896484 386.200012207031 379.5 376.5
359 354.399993896484 350.399993896484 347.799987792969 345.799987792969 343.299987792969 343.100006103516 345.700012207031 351.299987792969 354.299987792969 360.200012207031 369.299987792969 375.600006103516 381.100006103516 384.100006103516 387.700012207031 386.700012207031 380.899993896484 369.100006103516 356.100006103516 343.399993896484 335.600006103516 331.100006103516 328.299987792969 327.799987792969 330.600006103516 334.299987792969 339.100006103516 344.200012207031 349 352.600006103516 355.5 356.799987792969 357.100006103516 357.200012207031 355.600006103516 350.700012207031 355.299987792969 364.700012207031 379.399993896484 394.700012207031 412.5 439.799987792969 475.100006103516 487.899993896484 475.899993896484 459.399993896484 443 426.399993896484 411 397.100006103516 384.700012207031 375.5 372.299987792969
357.299987792969 352.600006103516 348.299987792969 343.899993896484 340.100006103516 336.799987792969 335.700012207031 337.799987792969 343.299987792969 350.5 359.399993896484 369.799987792969 373.899993896484 379.100006103516 384.399993896484 387.100006103516 384.5 379.799987792969 370.899993896484 359.200012207031 348.5 339.700012207031 334.600006103516 330.200012207031 329.5 330.600006103516 334.700012207031 338.299987792969 341.799987792969 347 351.100006103516 353.799987792969 356.600006103516 357.299987792969 356.799987792969 355.100006103516 356.700012207031 363.100006103516 371.100006103516 385.600006103516 404.200012207031 423.899993896484 453.799987792969 486.5 494.799987792969 479.399993896484 461.799987792969 444.600006103516 428 411.700012207031 394.799987792969 379.399993896484 372 369.799987792969
355.600006103516 350.5 343.899993896484 339.5 334.100006103516 330.700012207031 327.299987792969 327.700012207031 334.600006103516 345.100006103516 363.600006103516 376.299987792969 379.200012207031 379.100006103516 383.799987792969 385.600006103516 383.299987792969 378.600006103516 371.399993896484 360.399993896484 349.899993896484 340.799987792969 335.799987792969 331.5 329.399993896484 330.600006103516 332.700012207031 336.600006103516 341 346 349.399993896484 352.799987792969 354.899993896484 354.799987792969 354.600006103516 357.799987792969 362.200012207031 368.299987792969 376.299987792969 388.399993896484 405.799987792969 425.100006103516 450.200012207031 470.399993896484 477 469.799987792969 456.100006103516 440.700012207031 426.399993896484 409.899993896484 393.899993896484 379.600006103516 372.200012207031 368.899993896484
352.799987792969 347.700012207031 341.5 335.799987792969 330.399993896484 324.299987792969 318.399993896484 318.200012207031 325.100006103516 340.799987792969 363.399993896484 378.600006103516 381.399993896484 380.799987792969 382.299987792969 383.299987792969 382.100006103516 378.799987792969 370.799987792969 359.399993896484 348.399993896484 340.299987792969 334.899993896484 330.200012207031 327.799987792969 329.399993896484 331.5 335.100006103516 340.399993896484 344.899993896484 347.399993896484 351.600006103516 353.700012207031 353.600006103516 356.600006103516 360.100006103516 363.100006103516 369.899993896484 378.600006103516 389.100006103516 402.100006103516 420.100006103516 438.399993896484 451.100006103516 456.899993896484 454.600006103516 445.100006103516 434.899993896484 420.600006103516 407.899993896484 394.5 382.899993896484 375.399993896484 369.600006103516
350.799987792969 345.5 340.5 335.100006103516 328.600006103516 321.5 312.700012207031 307.100006103516 317.399993896484 341.799987792969 363.899993896484 377 381.399993896484 380.700012207031 380.100006103516 380.100006103516 379.600006103516 374.299987792969 366.700012207031 355.799987792969 345.399993896484 336.399993896484 330.600006103516 326.399993896484 324.600006103516 327.299987792969 329.399993896484 333.899993896484 338.899993896484 343.399993896484 347.299987792969 351.600006103516 353.600006103516 355.299987792969 358.799987792969 362.899993896484 366.100006103516 369.899993896484 376.200012207031 385.100006103516 396.600006103516 411.299987792969 426.200012207031 434.899993896484 439.899993896484 439.399993896484 434.299987792969 426.299987792969 415.299987792969 404.799987792969 394.600006103516 384.700012207031 377.399993896484 370.899993896484
349.299987792969 344.799987792969 341.299987792969 336.799987792969 330.799987792969 323.100006103516 315.799987792969 307.600006103516 326.899993896484 356.399993896484 370.600006103516 378.100006103516 381.399993896484 380.299987792969 376.799987792969 375.700012207031 373.299987792969 366.799987792969 357.399993896484 347.399993896484 339.299987792969 330.600006103516 325.200012207031 322.100006103516 320.600006103516 324.399993896484 328.399993896484 334.200012207031 338.100006103516 343.799987792969 349.200012207031 353.899993896484 355.299987792969 355.899993896484 359.700012207031 362.100006103516 366.399993896484 370.799987792969 373.600006103516 381.899993896484 389.600006103516 397.399993896484 409.299987792969 417.700012207031 423.5 426.700012207031 423.600006103516 416.799987792969 410.399993896484 401.600006103516 393.200012207031 385.600006103516 377.899993896484 371.399993896484
348.899993896484 346 343.399993896484 338.899993896484 335.899993896484 331.600006103516 331.299987792969 340.399993896484 366.799987792969 375.799987792969 378.600006103516 381.700012207031 382.799987792969 379.100006103516 375.600006103516 371.600006103516 366.100006103516 357.600006103516 346.600006103516 336.899993896484 329.100006103516 322.299987792969 318.299987792969 316.600006103516 316.799987792969 321.700012207031 328 334 340 345.299987792969 350.299987792969 354.899993896484 359.5 359.399993896484 358.600006103516 362.299987792969 364.399993896484 366.100006103516 368.299987792969 375.799987792969 381.200012207031 388.100006103516 396.200012207031 402.899993896484 407.799987792969 409.799987792969 410 409.600006103516 403.100006103516 397.399993896484 390.5 384.399993896484 377.600006103516 372.399993896484
349.399993896484 346.799987792969 346 345.399993896484 343.100006103516 344.399993896484 348.200012207031 357.100006103516 368.899993896484 377.600006103516 382.600006103516 384.399993896484 383.5 379.799987792969 375.399993896484 368.700012207031 359.299987792969 349.5 336.799987792969 326.5 317.5 311.799987792969 310.100006103516 310.100006103516 313.399993896484 319.700012207031 327.399993896484 333.799987792969 339.399993896484 347.100006103516 354.700012207031 359.100006103516 361.799987792969 362.299987792969 359.399993896484 360.399993896484 362.899993896484 361.700012207031 361.399993896484 367.399993896484 371.899993896484 376.5 382.899993896484 389.799987792969 395.799987792969 400.100006103516 401.200012207031 401.5 398.600006103516 394.399993896484 389.299987792969 382.700012207031 379.299987792969 375.100006103516
350 349.399993896484 348.600006103516 348.799987792969 349.100006103516 354 359.299987792969 367.700012207031 375 381.399993896484 384.899993896484 385.299987792969 385.200012207031 382.899993896484 376.899993896484 367.299987792969 355.200012207031 341.5 326.299987792969 314.200012207031 305.399993896484 300.799987792969 302.399993896484 305.700012207031 309.899993896484 318.100006103516 326.100006103516 333.700012207031 341.700012207031 351.700012207031 358.299987792969 363 364.100006103516 363.700012207031 361.600006103516 360.299987792969 360.700012207031 356.799987792969 355.899993896484 357.799987792969 359.5 364.600006103516 371.799987792969 379.600006103516 385.100006103516 388 391.799987792969 394.399993896484 393.600006103516 389.299987792969 387.700012207031 386.600006103516 382.899993896484 378.299987792969
351.100006103516 352.100006103516 352.700012207031 354.100006103516 356.399993896484 361 367 373.600006103516 379.799987792969 386 389.899993896484 390.299987792969 389.399993896484 385.700012207031 379.799987792969 368.200012207031 354.799987792969 336.899993896484 316.100006103516 300.5 292.299987792969 290.299987792969 295.399993896484 301 306.600006103516 314.899993896484 325.399993896484 334.700012207031 341.899993896484 353.899993896484 360.299987792969 366 368.899993896484 365.799987792969 362.700012207031 360.799987792969 359.899993896484 355.100006103516 351.700012207031 348.5 348.399993896484 356 363.399993896484 371.600006103516 376.200012207031 379 383.899993896484 385.799987792969 385.399993896484 388.299987792969 390.200012207031 389.5 385.200012207031 379.100006103516
353.700012207031 353.899993896484 355.600006103516 359.299987792969 363.100006103516 366 371.299987792969 377.799987792969 384.399993896484 390.399993896484 394.399993896484 395.700012207031 394.100006103516 390.5 382.700012207031 373.700012207031 359.399993896484 334.799987792969 306.799987792969 284.899993896484 279.399993896484 283.299987792969 290.100006103516 297.899993896484 304.5 312.299987792969 323.100006103516 334.200012207031 344.200012207031 353.299987792969 360.700012207031 365.799987792969 369.200012207031 369.700012207031 364.399993896484 363.100006103516 360 354.399993896484 351.399993896484 348 346 349.799987792969 358.700012207031 364.100006103516 368.399993896484 372 377.299987792969 379.799987792969 381.100006103516 388.899993896484 391.399993896484 388.899993896484 383.299987792969 376.200012207031
355.700012207031 356.299987792969 359.600006103516 363.100006103516 366.600006103516 371.100006103516 376.200012207031 382.399993896484 389.600006103516 395.799987792969 399.399993896484 400.100006103516 398.399993896484 393.600006103516 386.5 378 367.100006103516 339.399993896484 307.700012207031 281.299987792969 277.200012207031 280.799987792969 286.899993896484 295.700012207031 302.799987792969 311.100006103516 321.100006103516 332.600006103516 343.5 354.399993896484 361 364.799987792969 368.299987792969 375.100006103516 371.899993896484 367.100006103516 361.700012207031 356.799987792969 352.899993896484 350.600006103516 347.700012207031 349.799987792969 355.399993896484 359 363.799987792969 366 368.399993896484 373.700012207031 376.899993896484 387.700012207031 391.600006103516 385.799987792969 378.299987792969 371.100006103516
