data/layers/future_layer_can_585_60/bio12.asc
NCOLS 494 
NROWS 529 
XLLCORNER -117.166666666667 
YLLCORNER -55.5 
CELLSIZE 0.166666666666667 
NODATA_value -3.4e+38 
[rows 72 to 95 of 529, columns 110 to 164 of 494]
727.900024414062 1124.40002441406 1599.40002441406 2111 2164.69995117188 1706.90002441406 1520.09997558594 1212.5 1237.19995117188 1359.40002441406 -3.4e+38 -3.4e+38 -3.4e+38 -3.4e+38 -3.4e+38 -3.4e+38 -3.4e+38 -3.4e+38 -3.4e+38 -3.4e+38 -3.4e+38 -3.4e+38 -3.4e+38 -3.4e+38 -3.4e+38 -3.4e+38 -3.4e+38 -3.4e+38 -3.4e+38 -3.4e+38 -3.4e+38 -3.4e+38 -3.4e+38 -3.4e+38 -3.4e+38 -3.4e+38 -3.4e+38 -3.4e+38 -3.4e+38 -3.4e+38 -3.4e+38 -3.4e+38 -3.4e+38 -3.4e+38 -3.4e+38 -3.4e+38 -3.4e+38 -3.4e+38 -3.4e+38 -3.4e+38 -3.4e+38 662.200012207031 745.5 829.200012207031 855.900024414062
675.299987792969 893 1145 1895.09997558594 2380.5 2165.5 1792.90002441406 1456.5 1460.5 1508.80004882812 1571.40002441406 -3.4e+38 -3.4e+38 -3.4e+38 -3.4e+38 -3.4e+38 -3.4e+38 -3.4e+38 -3.4e+38 -3.4e+38 -3.4e+38 -3.4e+38 -3.4e+38 -3.4e+38 -3.4e+38 -3.4e+38 -3.4e+38 -3.4e+38 -3.4e+38 -3.4e+38 -3.4e+38 -3.4e+38 -3.4e+38 -3.4e+38 -3.4e+38 -3.4e+38 -3.4e+38 -3.4e+38 -3.4e+38 -3.4e+38 -3.4e+38 -3.4e+38 -3.4e+38 -3.4e+38 -3.4e+38 -3.4e+38 -3.4e+38 -3.4e+38 -3.4e+38 -3.4e+38 712.400024414062 745.299987792969 794.5 843.5 864.400024414062
689.599975585938 799.599975585938 774.099975585938 1022.09997558594 2015.90002441406 2456.19995117188 2164.5 1731.5 1577.19995117188 1635.80004882812 1748 1762.69995117188 -3.4e+38 -3.4e+38 -3.4e+38 -3.4e+38 -3.4e+38 -3.4e+38 -3.4e+38 -3.4e+38 -3.4e+38 -3.4e+38 -3.4e+38 -3.4e+38 -3.4e+38 -3.4e+38 -3.4e+38 -3.4e+38 -3.4e+38 -3.4e+38 -3.4e+38 -3.4e+38 -3.4e+38 -3.4e+38 -3.4e+38 -3.4e+38 -3.4e+38 -3.4e+38 -3.4e+38 -3.4e+38 -3.4e+38 -3.4e+38 -3.4e+38 -3.4e+38 -3.4e+38 -3.4e+38 -3.4e+38 -3.4e+38 -3.4e+38 -3.4e+38 775.200012207031 816.799987792969 842.5 851.400024414062 849.5
511.299987792969 725.400024414062 611.200012207031 683.799987792969 984.900024414062 1855.40002441406 2117.89990234375 2023.59997558594 1860.69995117188 1829.19995117188 1750.40002441406 1768.30004882812 1706 -3.4e+38 -3.4e+38 -3.4e+38 -3.4e+38 -3.4e+38 -3.4e+38 -3.4e+38 -3.4e+38 -3.4e+38 -3.4e+38 -3.4e+38 -3.4e+38 -3.4e+38 -3.4e+38 -3.4e+38 -3.4e+38 -3.4e+38 -3.4e+38 -3.4e+38 -3.4e+38 -3.4e+38 -3.4e+38 -3.4e+38 -3.4e+38 -3.4e+38 -3.4e+38 -3.4e+38 -3.4e+38 -3.4e+38 -3.4e+38 -3.4e+38 -3.4e+38 -3.4e+38 -3.4e+38 -3.4e+38 -3.4e+38 -3.4e+38 837.299987792969 880.299987792969 879 849.700012207031 835.700012207031
432 580.900024414062 731.400024414062 760.200012207031 780.900024414062 1004.90002441406 1369 1373.69995117188 1538.80004882812 1776.69995117188 1809.90002441406 1822 1737.40002441406 -3.4e+38 -3.4e+38 -3.4e+38 -3.4e+38 -3.4e+38 -3.4e+38 -3.4e+38 -3.4e+38 -3.4e+38 -3.4e+38 -3.4e+38 -3.4e+38 -3.4e+38 -3.4e+38 -3.4e+38 -3.4e+38 -3.4e+38 -3.4e+38 -3.4e+38 -3.4e+38 -3.4e+38 -3.4e+38 -3.4e+38 -3.4e+38 -3.4e+38 -3.4e+38 -3.4e+38 -3.4e+38 -3.4e+38 -3.4e+38 -3.4e+38 -3.4e+38 -3.4e+38 -3.4e+38 -3.4e+38 -3.4e+38 -3.4e+38 887.299987792969 915.400024414062 896.900024414062 853.700012207031 832.599975585938
469.299987792969 519.900024414062 633.799987792969 809.400024414062 773 768.700012207031 750.700012207031 710 858.200012207031 1041.69995117188 1426.59997558594 1503.09997558594 1666.69995117188 1385.69995117188 -3.4e+38 -3.4e+38 -3.4e+38 -3.4e+38 -3.4e+38 -3.4e+38 -3.4e+38 -3.4e+38 -3.4e+38 -3.4e+38 -3.4e+38 -3.4e+38 -3.4e+38 -3.4e+38 -3.4e+38 -3.4e+38 -3.4e+38 -3.4e+38 -3.4e+38 -3.4e+38 -3.4e+38 -3.4e+38 -3.4e+38 -3.4e+38 -3.4e+38 -3.4e+38 -3.4e+38 -3.4e+38 -3.4e+38 -3.4e+38 -3.4e+38 -3.4e+38 -3.4e+38 -3.4e+38 -3.4e+38 -3.4e+38 933.099975585938 927.099975585938 901.200012207031 869.200012207031 850.799987792969
649 710.099975585938 726.299987792969 726.200012207031 767.200012207031 742.900024414062 678.700012207031 510.5 606 755.200012207031 1196.5 1522.40002441406 1363.80004882812 1105.40002441406 -3.4e+38 -3.4e+38 -3.4e+38 -3.4e+38 -3.4e+38 -3.4e+38 -3.4e+38 -3.4e+38 -3.4e+38 -3.4e+38 -3.4e+38 -3.4e+38 -3.4e+38 -3.4e+38 -3.4e+38 -3.4e+38 -3.4e+38 -3.4e+38 -3.4e+38 -3.4e+38 -3.4e+38 -3.4e+38 -3.4e+38 -3.4e+38 -3.4e+38 -3.4e+38 -3.4e+38 -3.4e+38 -3.4e+38 -3.4e+38 -3.4e+38 -3.4e+38 -3.4e+38 -3.4e+38 -3.4e+38 954.200012207031 978.799987792969 952.099975585938 915.799987792969 885.299987792969 871.299987792969
933.799987792969 873.799987792969 853.299987792969 770.5 697 638.900024414062 568.099975585938 431.600006103516 432.899993896484 831.900024414062 1251.09997558594 1366.19995117188 1139.40002441406 983.900024414062 1006.79998779297 -3.4e+38 -3.4e+38 -3.4e+38 -3.4e+38 -3.4e+38 -3.4e+38 -3.4e+38 -3.4e+38 -3.4e+38 -3.4e+38 -3.4e+38 -3.4e+38 -3.4e+38 -3.4e+38 -3.4e+38 -3.4e+38 -3.4e+38 -3.4e+38 -3.4e+38 -3.4e+38 -3.4e+38 -3.4e+38 -3.4e+38 -3.4e+38 -3.4e+38 -3.4e+38 -3.4e+38 -3.4e+38 -3.4e+38 -3.4e+38 -3.4e+38 -3.4e+38 -3.4e+38 -3.4e+38 975.400024414062 979.400024414062 950.599975585938 915.599975585938 887.599975585938 870
916.099975585938 970.700012207031 746.299987792969 725.400024414062 881.700012207031 708.200012207031 518.299987792969 440.899993896484 525.200012207031 1018.59997558594 1208.30004882812 1414.40002441406 1115.5 1024.30004882812 962.900024414062 -3.4e+38 -3.4e+38 -3.4e+38 -3.4e+38 -3.4e+38 -3.4e+38 -3.4e+38 -3.4e+38 -3.4e+38 -3.4e+38 -3.4e+38 -3.4e+38 -3.4e+38 -3.4e+38 -3.4e+38 -3.4e+38 -3.4e+38 -3.4e+38 -3.4e+38 -3.4e+38 -3.4e+38 -3.4e+38 -3.4e+38 -3.4e+38 -3.4e+38 -3.4e+38 -3.4e+38 -3.4e+38 -3.4e+38 -3.4e+38 -3.4e+38 -3.4e+38 -3.4e+38 -3.4e+38 968.799987792969 949.599975585938 927.200012207031 898.099975585938 865.099975585938 832.599975585938
942.5 1084.40002441406 813.299987792969 784.900024414062 771.299987792969 689.5 571.799987792969 540.099975585938 682.799987792969 1253.69995117188 1340.30004882812 1627.09997558594 1214.90002441406 1053.19995117188 951.299987792969 1151.09997558594 -3.4e+38 -3.4e+38 -3.4e+38 -3.4e+38 -3.4e+38 -3.4e+38 -3.4e+38 -3.4e+38 -3.4e+38 -3.4e+38 -3.4e+38 -3.4e+38 -3.4e+38 -3.4e+38 -3.4e+38 -3.4e+38 -3.4e+38 -3.4e+38 -3.4e+38 -3.4e+38 -3.4e+38 -3.4e+38 -3.4e+38 -3.4e+38 -3.4e+38 -3.4e+38 -3.4e+38 -3.4e+38 -3.4e+38 -3.4e+38 -3.4e+38 1024.19995117188 1007.40002441406 971.599975585938 941.200012207031 912.900024414062 879 839.900024414062 799.700012207031
958.400024414062 949.900024414062 810.900024414062 794.599975585938 716.700012207031 623.599975585938 528.299987792969 477.899993896484 566.099975585938 946.200012207031 1360 1635.59997558594 1613.5 1400.19995117188 1088.09997558594 1165.30004882812 1343.90002441406 -3.4e+38 -3.4e+38 -3.4e+38 -3.4e+38 -3.4e+38 -3.4e+38 -3.4e+38 -3.4e+38 -3.4e+38 -3.4e+38 -3.4e+38 -3.4e+38 -3.4e+38 -3.4e+38 -3.4e+38 -3.4e+38 -3.4e+38 -3.4e+38 -3.4e+38 -3.4e+38 -3.4e+38 -3.4e+38 -3.4e+38 -3.4e+38 -3.4e+38 -3.4e+38 -3.4e+38 -3.4e+38 -3.4e+38 1086.40002441406 1074.80004882812 1039.40002441406 992.099975585938 954.700012207031 912.400024414062 863 819.299987792969 781.099975585938
871.400024414062 834.200012207031 771.5 719.099975585938 642.099975585938 580.400024414062 500.600006103516 433.899993896484 470.200012207031 845.700012207031 1319.5 1797.69995117188 2316.10009765625 1810 1246.09997558594 1251.90002441406 1335.09997558594 1390.80004882812 -3.4e+38 -3.4e+38 -3.4e+38 -3.4e+38 -3.4e+38 -3.4e+38 -3.4e+38 -3.4e+38 -3.4e+38 -3.4e+38 -3.4e+38 -3.4e+38 -3.4e+38 -3.4e+38 -3.4e+38 -3.4e+38 -3.4e+38 -3.4e+38 -3.4e+38 -3.4e+38 -3.4e+38 -3.4e+38 -3.4e+38 -3.4e+38 -3.4e+38 -3.4e+38 -3.4e+38 -3.4e+38 1123.40002441406 1110.59997558594 1066.69995117188 1013.20001220703 966.700012207031 917.200012207031 857.299987792969 809.799987792969 779.799987792969
792.700012207031 747.700012207031 715.900024414062 633.599975585938 582.299987792969 610.599975585938 519.5 474.799987792969 532.900024414062 770.099975585938 1315.80004882812 2045.90002441406 2565 2107.10009765625 1427.5 1315.80004882812 1320 1332.30004882812 1389 1576.40002441406 1887.5 2273.60009765625 -3.4e+38 -3.4e+38 -3.4e+38 -3.4e+38 -3.4e+38 -3.4e+38 -3.4e+38 -3.4e+38 -3.4e+38 -3.4e+38 -3.4e+38 -3.4e+38 -3.4e+38 -3.4e+38 -3.4e+38 -3.4e+38 1297.5 1298.90002441406 1284.80004882812 1253.30004882812 -3.4e+38 -3.4e+38 -3.4e+38 -3.4e+38 1119.19995117188 1100.90002441406 1061.80004882812 1007.09997558594 963.099975585938 917.900024414062 860.599975585938 811.400024414062 798.599975585938
778.299987792969 778 648.599975585938 605.700012207031 608.400024414062 619 577.400024414062 474.100006103516 533.900024414062 703.599975585938 1268.80004882812 2096.5 2551.89990234375 2453.5 1876.09997558594 1487.09997558594 1400.59997558594 1386.90002441406 1391.40002441406 1488.09997558594 1680.69995117188 1894.30004882812 1848.69995117188 2040.19995117188 -3.4e+38 -3.4e+38 -3.4e+38 -3.4e+38 -3.4e+38 -3.4e+38 -3.4e+38 -3.4e+38 -3.4e+38 -3.4e+38 -3.4e+38 -3.4e+38 1487 1427.69995117188 1428.19995117188 1436.09997558594 1421.40002441406 1366.69995117188 1304.09997558594 -3.4e+38 1180 1139.5 1109.40002441406 1072.69995117188 1008.20001220703 967.700012207031 950 919.400024414062 884.5 852.799987792969 847.400024414062
817.5 728.200012207031 689 751.700012207031 567.400024414062 425 454.299987792969 487.799987792969 502.799987792969 375.700012207031 1066.30004882812 1920.40002441406 3090.89990234375 2717.5 2556.5 2051 1764 1580.19995117188 1479.90002441406 1420.59997558594 1389.90002441406 1457 1601.59997558594 1622 1783.80004882812 -3.4e+38 -3.4e+38 -3.4e+38 -3.4e+38 -3.4e+38 -3.4e+38 1813.09997558594 1729.80004882812 1663.30004882812 1625.30004882812 1666.80004882812 1647.30004882812 1574.09997558594 1549.19995117188 1551 1523.90002441406 1459 1392.09997558594 1280.5 1195.90002441406 1157.09997558594 1134.80004882812 1084.09997558594 994.900024414062 959.5 955.799987792969 948.5 934.099975585938 915.299987792969 909.299987792969
801.599975585938 750.400024414062 739.599975585938 703 603.799987792969 444.100006103516 505.600006103516 536.400024414062 501.600006103516 548.299987792969 846.400024414062 1702.5 2703 3395.89990234375 3145 2775.30004882812 2283.39990234375 1917.90002441406 1650.59997558594 1434.40002441406 1288.19995117188 1260 1409.09997558594 1509.80004882812 1742.69995117188 2174 2504.30004882812 2453.80004882812 2287.69995117188 2089.39990234375 1955.40002441406 1872.19995117188 1794.5 1727.19995117188 1683.5 1729.30004882812 1734.09997558594 1709.30004882812 1694.69995117188 1671.59997558594 1611.40002441406 1497.40002441406 1409.90002441406 1287.69995117188 1203.69995117188 1194 1172.30004882812 1116.5 1059.69995117188 1024.19995117188 1011.59997558594 1005.59997558594 994.400024414062 980 972.599975585938
865.099975585938 806.400024414062 801.799987792969 728.900024414062 641.400024414062 610.099975585938 571.5 591.5 511.5 564.5 741.5 1250.80004882812 2104.30004882812 2957.80004882812 3167.80004882812 3067 2802 2262.5 1854.40002441406 1586.19995117188 1414.80004882812 1368.09997558594 1465 1660.69995117188 1842.30004882812 2127.10009765625 2294.30004882812 2250.80004882812 2183.80004882812 2037.59997558594 1953.40002441406 1953.19995117188 1912.40002441406 1867.59997558594 1829.59997558594 1783 1831.69995117188 1877.59997558594 1890.59997558594 1869.19995117188 1740.5 1569.59997558594 1418.30004882812 1365.09997558594 1301.30004882812 1271.09997558594 1233.30004882812 1176.90002441406 1136 1112.69995117188 1090.69995117188 1076.30004882812 1062.40002441406 1047.40002441406 1040
987.599975585938 883.5 907.099975585938 824.5 706.5 677.900024414062 612.200012207031 585.700012207031 539.299987792969 535.200012207031 714.700012207031 908.200012207031 1524.59997558594 2368.10009765625 2837.10009765625 3015.5 3045.39990234375 2541.89990234375 2103.30004882812 1800.80004882812 1557 1514.5 1622.19995117188 1839.69995117188 2061.80004882812 2268.60009765625 2348.60009765625 2215.60009765625 2196.39990234375 2154.19995117188 2104.5 2141.19995117188 2174.89990234375 2211.69995117188 2206.69995117188 2170.80004882812 2165.69995117188 2226.10009765625 2282.10009765625 2247.19995117188 2003.59997558594 1839.5 1760 1581.69995117188 1465.90002441406 1395.5 1343.30004882812 1302.40002441406 1257.80004882812 1223.19995117188 1191.40002441406 1166.30004882812 1137.19995117188 1120.09997558594 1108.90002441406
1153.59997558594 897.799987792969 878.400024414062 877.400024414062 765 708 672.799987792969 641.5 618.700012207031 558 630.5 851.400024414062 1204.30004882812 1656.69995117188 2333.39990234375 2620.60009765625 2781.10009765625 2599.39990234375 2352.19995117188 1999.80004882812 1739.30004882812 1742.69995117188 1852.30004882812 2101.30004882812 2394 2622.69995117188 2685.10009765625 2562.80004882812 2451.5 2406.10009765625 2420.80004882812 2506 2656.5 2833.30004882812 2978.5 2939.69995117188 2737.89990234375 2708.10009765625 2654.10009765625 2648.19995117188 2378.80004882812 2144.30004882812 1980.30004882812 1794.80004882812 1649.69995117188 1575.30004882812 1513.59997558594 1462.69995117188 1408.69995117188 1353.59997558594 1308.30004882812 1263.09997558594 1219.40002441406 1191.19995117188 1178.80004882812
1234.09997558594 1108.5 1082 1019.40002441406 875.5 779.099975585938 787.200012207031 702.900024414062 716.299987792969 619.799987792969 651.900024414062 729.599975585938 901.599975585938 1185 1524.80004882812 2216.39990234375 2601.5 2438.39990234375 2344.69995117188 2296 2108.60009765625 2094.80004882812 2192 2430 2791.89990234375 3059.10009765625 3129.69995117188 2911.69995117188 2704.69995117188 2584.10009765625 2631.89990234375 2767.19995117188 3151.80004882812 3287.60009765625 3510.39990234375 3302.5 3066.19995117188 2491 2568.5 2705.60009765625 2434.60009765625 2245 2077.5 1934.19995117188 1825.69995117188 1755 1695.09997558594 1652.40002441406 1580.59997558594 1503.09997558594 1429.59997558594 1361.30004882812 1301.19995117188 1269.30004882812 1250.40002441406
1293.30004882812 1273.19995117188 1198.80004882812 1187.80004882812 1105 965.400024414062 849 781.799987792969 774.400024414062 712.599975585938 685.700012207031 701.5 787.599975585938 940 1100.59997558594 1716.30004882812 2016.5 2399.39990234375 2207 2301.89990234375 2325.10009765625 2480.60009765625 2605.30004882812 2697.19995117188 2996.30004882812 3271.69995117188 3149.80004882812 2952.89990234375 2532.89990234375 2251.10009765625 2452.60009765625 2405.69995117188 2536.80004882812 2329.5 1769.59997558594 1680 2436.39990234375 2148.19995117188 1921.19995117188 2087.89990234375 2303.5 2124.39990234375 2016.80004882812 1979.80004882812 1953.69995117188 1946.90002441406 1920.5 1857.59997558594 1775.09997558594 1668.30004882812 1560.40002441406 1461.90002441406 1364.69995117188 1324.80004882812 1308.90002441406
1388.90002441406 1353.30004882812 1373 1448.5 1477.5 1442.19995117188 1040.80004882812 925.400024414062 988.799987792969 871 763.700012207031 723 666.099975585938 736 930.900024414062 1187.69995117188 1392.80004882812 1918.09997558594 2055.89990234375 1963.90002441406 1886.40002441406 1998.40002441406 2392.30004882812 2538.89990234375 2680.30004882812 2233 1952.5 2256.39990234375 2101.10009765625 1666.09997558594 1937.19995117188 1793 1786 1607.80004882812 1370.40002441406 1200.5 1630.90002441406 1881 1738.40002441406 1824.90002441406 1880.40002441406 1858.09997558594 1853.30004882812 1845.09997558594 1942.69995117188 2100.19995117188 2154.39990234375 2102.30004882812 1991 1870 1732.59997558594 1584.19995117188 1451.30004882812 1362.40002441406 1383.19995117188
1717.19995117188 1526 1599 1549.09997558594 1563.09997558594 1521.40002441406 1445.40002441406 1054.80004882812 1290.69995117188 1049.09997558594 856.099975585938 767.900024414062 696.599975585938 646.200012207031 685.200012207031 888.099975585938 1046.69995117188 1396.59997558594 1292.90002441406 1385.40002441406 1383.69995117188 1391.40002441406 1631.5 2007.69995117188 2156 1858.30004882812 1392.5 1217.5 1163.5 1249.5 1256.59997558594 1132.80004882812 1215.69995117188 1191.59997558594 1226.09997558594 1056.59997558594 1130.80004882812 1214.59997558594 1437.80004882812 1594.80004882812 1652.80004882812 1720.90002441406 1729 1774.80004882812 1804.40002441406 2013.59997558594 2294.5 2340.60009765625 2196.60009765625 2056.5 1920.40002441406 1764.69995117188 1610.09997558594 1462.69995117188 1467
1817.69995117188 1853.30004882812 1650 1758.09997558594 1616.59997558594 1635.90002441406 1595.80004882812 1432.5 1431.90002441406 1045.19995117188 908.099975585938 806 775.700012207031 645.200012207031 614.900024414062 754.5 862.400024414062 956.299987792969 970.900024414062 940.900024414062 887 884 1033.69995117188 1400.59997558594 1523.09997558594 1050.19995117188 943 927.900024414062 906.700012207031 891.799987792969 932.5 910.5 898.200012207031 914.599975585938 977.799987792969 1018.29998779297 992.799987792969 976.400024414062 1044.90002441406 1231.80004882812 1513.40002441406 1637.80004882812 1726.09997558594 1745.90002441406 1832.19995117188 1887.90002441406 2197.39990234375 2394.89990234375 2314.80004882812 2210.10009765625 2111.69995117188 1978.69995117188 1841.59997558594 1737.30004882812 1734.90002441406
