data/layers/future_layer_can_585_60/bio18.asc
NCOLS 494 
NROWS 529 
XLLCORNER -117.166666666667 
YLLCORNER -55.5 
CELLSIZE 0.166666666666667 
NODATA_value -3.4e+38 
[rows 168 to 191 of 529, columns 220 to 274 of 494]
-3.4e+38 -3.4e+38 -3.4e+38 -3.4e+38 -3.4e+38 -3.4e+38 -3.4e+38 -3.4e+38 -3.4e+38 -3.4e+38 -3.4e+38 -3.4e+38 -3.4e+38 -3.4e+38 -3.4e+38 -3.4e+38 -3.4e+38 -3.4e+38 -3.4e+38 1658.80004882812 1705.30004882812 1626.5 1759.69995117188 1210.5 610.5 357.100006103516 311.100006103516 309.399993896484 331.200012207031 296.600006103516 382.600006103516 374.600006103516 405.799987792969 443 448.299987792969 364.899993896484 417.5 291.600006103516 271.700012207031 278.5 238.600006103516 264.299987792969 332.700012207031 231.100006103516 205.100006103516 160.399993896484 147.399993896484 147.100006103516 220.699996948242 208.899993896484 206 312.100006103516 310.200012207031 295.100006103516 293.100006103516
-3.4e+38 -3.4e+38 -3.4e+38 -3.4e+38 -3.4e+38 -3.4e+38 -3.4e+38 -3.4e+38 -3.4e+38 -3.4e+38 -3.4e+38 -3.4e+38 -3.4e+38 -3.4e+38 -3.4e+38 -3.4e+38 -3.4e+38 -3.4e+38 -3.4e+38 1656 1680.09997558594 1567.5 1578.59997558594 1059.90002441406 429.200012207031 339.700012207031 297.100006103516 285.200012207031 299.700012207031 413.899993896484 433.399993896484 386.200012207031 276.399993896484 413.100006103516 414.600006103516 420 426.600006103516 289.600006103516 257.200012207031 325.799987792969 292.700012207031 315.899993896484 287.100006103516 225 193.699996948242 165.300003051758 219.5 217.699996948242 193.800003051758 185.199996948242 184 299.799987792969 285.399993896484 291.399993896484 284.100006103516
-3.4e+38 -3.4e+38 -3.4e+38 -3.4e+38 -3.4e+38 -3.4e+38 -3.4e+38 -3.4e+38 -3.4e+38 -3.4e+38 -3.4e+38 -3.4e+38 -3.4e+38 -3.4e+38 -3.4e+38 -3.4e+38 -3.4e+38 -3.4e+38 -3.4e+38 1811.5 1796.5 1702.19995117188 1479.40002441406 868.599975585938 374 296.100006103516 279.899993896484 278.600006103516 267.299987792969 356.600006103516 384.899993896484 271.799987792969 260.100006103516 377.899993896484 389.299987792969 418.5 428 256.700012207031 252.5 324.299987792969 356.299987792969 396.899993896484 248 205.699996948242 184.699996948242 174.399993896484 210.800003051758 201.100006103516 199 196.899993896484 178.399993896484 287.799987792969 278.399993896484 291.5 272.899993896484
-3.4e+38 -3.4e+38 -3.4e+38 -3.4e+38 -3.4e+38 -3.4e+38 -3.4e+38 -3.4e+38 -3.4e+38 -3.4e+38 -3.4e+38 -3.4e+38 -3.4e+38 -3.4e+38 -3.4e+38 -3.4e+38 -3.4e+38 -3.4e+38 -3.4e+38 1565.40002441406 1818.30004882812 1882.19995117188 1149.59997558594 491.100006103516 329.200012207031 272.399993896484 283.200012207031 256.100006103516 352.600006103516 362.5 349.899993896484 248 245.899993896484 359.299987792969 473.700012207031 455.200012207031 330.799987792969 233.300003051758 233.300003051758 283.100006103516 442.200012207031 371.399993896484 229.399993896484 205 242.399993896484 227.600006103516 217.800003051758 200.600006103516 203.899993896484 186.699996948242 173.399993896484 285.399993896484 281.5 291.600006103516 275
-3.4e+38 -3.4e+38 -3.4e+38 -3.4e+38 -3.4e+38 -3.4e+38 -3.4e+38 -3.4e+38 -3.4e+38 -3.4e+38 -3.4e+38 -3.4e+38 -3.4e+38 -3.4e+38 -3.4e+38 -3.4e+38 -3.4e+38 -3.4e+38 -3.4e+38 1375.19995117188 1443.90002441406 1716.19995117188 922.299987792969 331.700012207031 281.799987792969 285.700012207031 278.600006103516 378.700012207031 346.600006103516 369.5 332.899993896484 232.100006103516 254 380 456.5 391 281.899993896484 246.100006103516 243.800003051758 403.100006103516 446.399993896484 336.200012207031 293.899993896484 258.600006103516 238.100006103516 226.399993896484 216.600006103516 213.600006103516 220.399993896484 184.600006103516 302.899993896484 274.5 269.100006103516 286.700012207031 277.799987792969
-3.4e+38 -3.4e+38 -3.4e+38 -3.4e+38 -3.4e+38 -3.4e+38 -3.4e+38 -3.4e+38 -3.4e+38 -3.4e+38 -3.4e+38 -3.4e+38 -3.4e+38 -3.4e+38 -3.4e+38 -3.4e+38 -3.4e+38 -3.4e+38 -3.4e+38 -3.4e+38 1204.80004882812 1232.09997558594 542 389.600006103516 361.799987792969 244.399993896484 394.600006103516 351.600006103516 332.600006103516 340.799987792969 233.199996948242 226.100006103516 236.100006103516 358 414.899993896484 309.700012207031 246.5 267.700012207031 297.100006103516 510 397 312.299987792969 280.799987792969 249.800003051758 241.699996948242 231.800003051758 214.300003051758 211.399993896484 196.699996948242 188.300003051758 287.5 286.100006103516 273.899993896484 289 288.299987792969
-3.4e+38 -3.4e+38 -3.4e+38 -3.4e+38 -3.4e+38 -3.4e+38 -3.4e+38 -3.4e+38 -3.4e+38 -3.4e+38 -3.4e+38 -3.4e+38 -3.4e+38 -3.4e+38 -3.4e+38 -3.4e+38 -3.4e+38 -3.4e+38 -3.4e+38 -3.4e+38 1490.09997558594 800.099975585938 445.899993896484 409 346.100006103516 321.899993896484 379.399993896484 347.200012207031 374.299987792969 351.899993896484 356.5 336.700012207031 327.200012207031 305.700012207031 373.700012207031 297.100006103516 306.100006103516 287.299987792969 402.200012207031 533.200012207031 326.299987792969 297.600006103516 279.100006103516 259.299987792969 257.5 245.899993896484 228.600006103516 250.399993896484 216.100006103516 223 315.100006103516 314.5 296.5 296.799987792969 286
-3.4e+38 -3.4e+38 -3.4e+38 -3.4e+38 -3.4e+38 -3.4e+38 -3.4e+38 -3.4e+38 -3.4e+38 -3.4e+38 -3.4e+38 -3.4e+38 -3.4e+38 -3.4e+38 -3.4e+38 -3.4e+38 -3.4e+38 -3.4e+38 -3.4e+38 1813.69995117188 1187.30004882812 675.799987792969 454.5 410.600006103516 353.600006103516 322.5 385.899993896484 357.100006103516 343.5 362.899993896484 355.600006103516 335.5 311.299987792969 418.299987792969 402.399993896484 346.100006103516 394.299987792969 406.899993896484 541.200012207031 520 319.700012207031 289.100006103516 285.600006103516 275.399993896484 262.899993896484 282.700012207031 261.5 241.399993896484 212.899993896484 228.300003051758 316.299987792969 327.700012207031 305.399993896484 311.799987792969 316.799987792969
-3.4e+38 -3.4e+38 -3.4e+38 -3.4e+38 -3.4e+38 -3.4e+38 -3.4e+38 -3.4e+38 -3.4e+38 -3.4e+38 -3.4e+38 -3.4e+38 -3.4e+38 -3.4e+38 -3.4e+38 -3.4e+38 -3.4e+38 -3.4e+38 1883.90002441406 1690.80004882812 1203.19995117188 558.799987792969 473.100006103516 429.299987792969 358.899993896484 331.799987792969 376.799987792969 372.5 411 345 350.799987792969 306.100006103516 289.100006103516 397.600006103516 404.5 446.399993896484 485.299987792969 511.600006103516 534.299987792969 558.299987792969 332.700012207031 434.600006103516 284.799987792969 282.600006103516 265.5 263.200012207031 252.5 227.699996948242 239.699996948242 316.5 327.600006103516 313 317.899993896484 326 324.600006103516
-3.4e+38 -3.4e+38 -3.4e+38 -3.4e+38 -3.4e+38 -3.4e+38 -3.4e+38 -3.4e+38 -3.4e+38 -3.4e+38 -3.4e+38 -3.4e+38 -3.4e+38 -3.4e+38 -3.4e+38 -3.4e+38 -3.4e+38 -3.4e+38 1874 1623.09997558594 986.700012207031 570.400024414062 547.400024414062 486.700012207031 363.700012207031 344.200012207031 354.799987792969 346 377.399993896484 409.100006103516 326.100006103516 260 254.199996948242 351.700012207031 372.200012207031 465.100006103516 491.700012207031 485.5 488.5 514.099975585938 467.600006103516 422.5 287.799987792969 282.899993896484 312.700012207031 318.600006103516 300.5 245.199996948242 252 341.700012207031 323.600006103516 316.5 321 328.600006103516 326.299987792969
-3.4e+38 -3.4e+38 -3.4e+38 -3.4e+38 -3.4e+38 -3.4e+38 -3.4e+38 -3.4e+38 -3.4e+38 -3.4e+38 -3.4e+38 -3.4e+38 -3.4e+38 -3.4e+38 -3.4e+38 -3.4e+38 -3.4e+38 1838.19995117188 1787.09997558594 1479.40002441406 1055.59997558594 597.5 553 481.299987792969 375.299987792969 424.100006103516 336.200012207031 330.600006103516 335.600006103516 403.799987792969 272.600006103516 246.5 359.899993896484 330.700012207031 325.5 435.299987792969 482.700012207031 464.600006103516 470.5 491.5 435.600006103516 416.100006103516 405.899993896484 393.700012207031 291.799987792969 298.299987792969 277.299987792969 253.100006103516 255.5 364.100006103516 344.399993896484 329.799987792969 325 326.799987792969 325
-3.4e+38 -3.4e+38 -3.4e+38 -3.4e+38 -3.4e+38 -3.4e+38 -3.4e+38 -3.4e+38 -3.4e+38 -3.4e+38 -3.4e+38 -3.4e+38 -3.4e+38 -3.4e+38 -3.4e+38 -3.4e+38 -3.4e+38 1754.90002441406 1612 1174.69995117188 809 582 544.099975585938 440.100006103516 348.799987792969 379.600006103516 376 344.100006103516 346.100006103516 382.5 263.700012207031 365.100006103516 340.799987792969 362.100006103516 406.200012207031 424.700012207031 460.600006103516 452.799987792969 440.399993896484 444.5 423.899993896484 412.899993896484 403.799987792969 387.399993896484 387 381.399993896484 269.700012207031 269.899993896484 361.600006103516 352.200012207031 378.200012207031 331.399993896484 333.5 331.5 329.299987792969
-3.4e+38 -3.4e+38 -3.4e+38 -3.4e+38 -3.4e+38 -3.4e+38 -3.4e+38 -3.4e+38 -3.4e+38 -3.4e+38 -3.4e+38 -3.4e+38 -3.4e+38 1375.59997558594 1296.30004882812 1400 1514.80004882812 1451 1172.80004882812 730.400024414062 600.5 599.900024414062 517.400024414062 414.100006103516 466.899993896484 351.100006103516 377.299987792969 374 378 375.5 361.5 353 324.200012207031 367.700012207031 419.5 444.5 457.799987792969 440.200012207031 431.899993896484 430.100006103516 431.100006103516 408.5 402.600006103516 396.200012207031 394.299987792969 380.299987792969 377.100006103516 271.299987792969 361.399993896484 380.700012207031 372.299987792969 344.399993896484 345.700012207031 343 343.5
-3.4e+38 -3.4e+38 -3.4e+38 -3.4e+38 -3.4e+38 -3.4e+38 -3.4e+38 -3.4e+38 -3.4e+38 -3.4e+38 -3.4e+38 -3.4e+38 1451.30004882812 1539.80004882812 1598.30004882812 1575 1352.90002441406 1117.59997558594 644 577.400024414062 562.299987792969 548.5 479.899993896484 589.799987792969 432.600006103516 342.899993896484 367.200012207031 369.399993896484 359.700012207031 357.799987792969 333.399993896484 323.399993896484 355.200012207031 419 470.5 455.5 444.200012207031 429.700012207031 426.600006103516 419.100006103516 413.899993896484 400.899993896484 401.5 393.899993896484 389.200012207031 375.700012207031 381.399993896484 375.700012207031 373.5 370.799987792969 357.799987792969 350.899993896484 352.399993896484 352.5 348.600006103516
-3.4e+38 -3.4e+38 -3.4e+38 -3.4e+38 -3.4e+38 -3.4e+38 -3.4e+38 -3.4e+38 -3.4e+38 -3.4e+38 -3.4e+38 1313.5 1477.80004882812 1591.90002441406 1573.30004882812 1173.69995117188 1201.30004882812 696.700012207031 535.200012207031 536.099975585938 500.600006103516 468.5 426.200012207031 490.700012207031 371.299987792969 363.600006103516 384.200012207031 350.200012207031 328.100006103516 313.700012207031 294.5 336.600006103516 373.799987792969 453.5 468.399993896484 457.700012207031 436.899993896484 421.100006103516 409.700012207031 401.899993896484 401.200012207031 395.799987792969 396 396.700012207031 384.700012207031 379.600006103516 380.299987792969 385.899993896484 379.799987792969 374.600006103516 367.299987792969 360.299987792969 358.899993896484 358.399993896484 357.600006103516
-3.4e+38 -3.4e+38 -3.4e+38 -3.4e+38 -3.4e+38 -3.4e+38 -3.4e+38 -3.4e+38 -3.4e+38 -3.4e+38 -3.4e+38 1281.80004882812 1467.19995117188 1568.09997558594 1571.40002441406 1144.40002441406 1025.40002441406 471 501 466.399993896484 422.299987792969 403.100006103516 560.900024414062 417.899993896484 373.899993896484 401.299987792969 367.399993896484 332.700012207031 306.200012207031 302.799987792969 310.799987792969 367.399993896484 378.299987792969 484.200012207031 479.200012207031 448.399993896484 430.5 422.299987792969 416.100006103516 398.5 391.5 393.100006103516 390.600006103516 399.299987792969 393 384.399993896484 397.799987792969 403 383.399993896484 377 373 365.399993896484 361.5 367.899993896484 372.700012207031
-3.4e+38 -3.4e+38 -3.4e+38 -3.4e+38 -3.4e+38 -3.4e+38 -3.4e+38 -3.4e+38 -3.4e+38 -3.4e+38 -3.4e+38 -3.4e+38 1452.5 1580.80004882812 1582.90002441406 1072.69995117188 823.700012207031 597.599975585938 455.399993896484 403.299987792969 393.600006103516 366.899993896484 479.399993896484 419.899993896484 428.399993896484 407 351 328.100006103516 310.899993896484 324.899993896484 317.799987792969 400.600006103516 524 508.600006103516 474.399993896484 447.399993896484 430.5 419 408.700012207031 396.600006103516 399.899993896484 395.200012207031 390.200012207031 401.200012207031 399.899993896484 394.600006103516 396.399993896484 396.100006103516 389.600006103516 384.100006103516 384.700012207031 374.899993896484 374 371.799987792969 381.5
-3.4e+38 -3.4e+38 -3.4e+38 -3.4e+38 -3.4e+38 -3.4e+38 -3.4e+38 -3.4e+38 -3.4e+38 -3.4e+38 -3.4e+38 -3.4e+38 1445.09997558594 1636 1640.40002441406 957.400024414062 766.299987792969 503.200012207031 414.200012207031 378.799987792969 366.200012207031 348.200012207031 471.5 433.700012207031 424.399993896484 398.799987792969 370.200012207031 341.100006103516 339.299987792969 395.600006103516 369.899993896484 481.799987792969 514.400024414062 493.700012207031 471 447.5 434.700012207031 420.100006103516 406.899993896484 392.600006103516 391.899993896484 396.600006103516 392.799987792969 404.700012207031 405.299987792969 401.100006103516 402.799987792969 406.600006103516 405 391 389.100006103516 380.100006103516 387.399993896484 391.5 395
-3.4e+38 -3.4e+38 -3.4e+38 -3.4e+38 -3.4e+38 -3.4e+38 -3.4e+38 -3.4e+38 -3.4e+38 -3.4e+38 1054.40002441406 1206.30004882812 1387.09997558594 1520.40002441406 1473.19995117188 903.5 633.599975585938 368.700012207031 374.899993896484 373.799987792969 349.899993896484 480.5 472.399993896484 472.299987792969 432.299987792969 417.700012207031 397.100006103516 447.600006103516 478.200012207031 557.900024414062 475.799987792969 509.100006103516 491.299987792969 483.100006103516 465.299987792969 447.899993896484 433.5 421 408.600006103516 403.600006103516 404.399993896484 401.899993896484 402.200012207031 407.200012207031 413.799987792969 412.5 402.600006103516 402.5 409.899993896484 404.799987792969 397.5 402 402.799987792969 410.200012207031 417.5
-3.4e+38 -3.4e+38 -3.4e+38 -3.4e+38 -3.4e+38 -3.4e+38 -3.4e+38 -3.4e+38 -3.4e+38 -3.4e+38 1043.5 1168.5 1239.69995117188 1285.40002441406 1193.19995117188 744.200012207031 536 338.899993896484 350.5 330.899993896484 341.399993896484 476.200012207031 482.5 583.099975585938 528.200012207031 446.799987792969 449.200012207031 597.599975585938 609.200012207031 594.400024414062 558.799987792969 523.099975585938 490.799987792969 475.799987792969 462.799987792969 443.200012207031 434.899993896484 426.100006103516 415.200012207031 410.100006103516 406.700012207031 405.600006103516 405.600006103516 410.600006103516 418.100006103516 435.5 430.399993896484 415.899993896484 420.200012207031 424.100006103516 412.700012207031 418.700012207031 410.799987792969 421 422.5
-3.4e+38 -3.4e+38 -3.4e+38 -3.4e+38 -3.4e+38 -3.4e+38 -3.4e+38 -3.4e+38 -3.4e+38 874.5 935.900024414062 1006.90002441406 1071.30004882812 1162.59997558594 563.099975585938 345.799987792969 308.600006103516 294.799987792969 431.600006103516 415.700012207031 439.100006103516 447.799987792969 479.100006103516 654.700012207031 573.799987792969 623 684.099975585938 710.700012207031 648.099975585938 591.099975585938 554.5 516.900024414062 485.700012207031 464.5 446.399993896484 430.399993896484 423.399993896484 419.700012207031 409.399993896484 403.700012207031 401.899993896484 401.700012207031 402 407.399993896484 407.700012207031 421.700012207031 415 416.100006103516 410.5 416.200012207031 412.5 426.5 419.899993896484 425.100006103516 428.600006103516
-3.4e+38 -3.4e+38 -3.4e+38 -3.4e+38 -3.4e+38 -3.4e+38 -3.4e+38 -3.4e+38 -3.4e+38 845.5 832.799987792969 866.200012207031 952.200012207031 684.299987792969 302.399993896484 263.200012207031 334.899993896484 339.200012207031 371.799987792969 369.5 403.200012207031 428.100006103516 586.200012207031 739.599975585938 699.900024414062 728.799987792969 725 693.599975585938 650.200012207031 596.599975585938 540.400024414062 506.100006103516 469.600006103516 449.100006103516 435.700012207031 419.899993896484 412.600006103516 407.200012207031 400.700012207031 399.399993896484 394.5 391.299987792969 399.200012207031 399.399993896484 406.5 405.5 415.399993896484 419.100006103516 411.200012207031 413.399993896484 406.100006103516 414.399993896484 415.600006103516 424.200012207031 437
-3.4e+38 -3.4e+38 -3.4e+38 -3.4e+38 -3.4e+38 465.100006103516 602.400024414062 733 839.400024414062 837.200012207031 764 766.200012207031 669 264.299987792969 170.300003051758 292.5 289.5 288.700012207031 313.899993896484 339.100006103516 370.200012207031 529.400024414062 682.299987792969 729.200012207031 716.099975585938 713.599975585938 706.400024414062 666 616.400024414062 572.900024414062 534.700012207031 485.600006103516 454.399993896484 434 425 412.600006103516 404.600006103516 397.600006103516 394.200012207031 392.399993896484 387.299987792969 387.700012207031 390.200012207031 394.600006103516 403 400 410.299987792969 410.299987792969 408.700012207031 409.299987792969 410.899993896484 417.899993896484 413.5 421.899993896484 432.799987792969
-3.4e+38 -3.4e+38 -3.4e+38 623 621.200012207031 534.900024414062 772.200012207031 719.599975585938 771.700012207031 754.599975585938 669.599975585938 571.900024414062 279.299987792969 204 189.300003051758 260.100006103516 275.799987792969 275 294.299987792969 381.899993896484 583.099975585938 675.299987792969 652.700012207031 673.5 687.799987792969 703 677.099975585938 642.799987792969 608.099975585938 583.099975585938 522 472.899993896484 443.700012207031 424.899993896484 414.600006103516 408.100006103516 397.100006103516 390.5 387.700012207031 385.799987792969 383.100006103516 385.799987792969 388.399993896484 393.200012207031 394 399.200012207031 405.5 405.100006103516 403.700012207031 402.399993896484 410 415 415.100006103516 425 429
