data/layers/future_layer_can_585_60/bio16.asc
NCOLS 494 
NROWS 529 
XLLCORNER -117.166666666667 
YLLCORNER -55.5 
CELLSIZE 0.166666666666667 
NODATA_value -3.4e+38 
[rows 408 to 431 of 529, columns 275 to 329 of 494]
449.299987792969 420.299987792969 408.5 362.799987792969 307.100006103516 267.100006103516 273 256.600006103516 266.700012207031 222 184.100006103516 188.899993896484 153.399993896484 127.699996948242 98.4000015258789 86.4000015258789 88.0999984741211 92.3000030517578 97.6999969482422 103.400001525879 110.599998474121 115.300003051758 118.699996948242 124.599998474121 131.199996948242 141.100006103516 149.5 161.600006103516 176.699996948242 188.5 200.199996948242 213.699996948242 229.699996948242 240.800003051758 250.199996948242 260.600006103516 271.799987792969 286 301.5 317.100006103516 333.700012207031 351.200012207031 370.399993896484 387.700012207031 402.600006103516 410 409.5 405 399 394.299987792969 391.299987792969 390.600006103516 395.600006103516 404.5 415.899993896484
449.399993896484 434.399993896484 405.100006103516 334.700012207031 305.299987792969 273.200012207031 273.200012207031 266.899993896484 273.899993896484 220.600006103516 179.300003051758 156.399993896484 140.699996948242 124.699996948242 101 97 100.400001525879 92.4000015258789 93 97 105 109 113.900001525879 120.5 126.099998474121 135.800003051758 146.100006103516 158.899993896484 175.399993896484 188.399993896484 203.600006103516 218.300003051758 234.5 246.800003051758 259.100006103516 271.200012207031 280.799987792969 292.600006103516 305.799987792969 320.700012207031 334.600006103516 350.700012207031 366.600006103516 383.100006103516 399.299987792969 408.5 399 385.600006103516 375.399993896484 367.600006103516 362.600006103516 361.399993896484 369.399993896484 382.600006103516 399.899993896484
464 448.899993896484 406.700012207031 360.100006103516 310.899993896484 277.100006103516 264.200012207031 278.200012207031 261.600006103516 222.199996948242 187.199996948242 153.899993896484 140.199996948242 135.600006103516 104.900001525879 98.3000030517578 96 89.6999969482422 90.6999969482422 96.3000030517578 101.199996948242 107 110.699996948242 115.599998474121 121.199996948242 130.300003051758 141.899993896484 155.600006103516 175.600006103516 190.699996948242 207 223.199996948242 240.800003051758 253.300003051758 266.200012207031 278.100006103516 287.399993896484 298.799987792969 310.600006103516 320.5 332.299987792969 345.700012207031 358.700012207031 373.100006103516 384.899993896484 391.600006103516 375.899993896484 360.200012207031 349.5 339.399993896484 331.899993896484 329.5 339.5 359.399993896484 382
487.299987792969 455.700012207031 405.399993896484 353.299987792969 317 275.399993896484 260.899993896484 284.5 257.100006103516 193.5 197.199996948242 161.399993896484 130 118.699996948242 102.599998474121 96 87.0999984741211 86.8000030517578 89.5999984741211 93.5 98.3000030517578 103.5 106.800003051758 112.599998474121 116.900001525879 123.900001525879 135.699996948242 152.699996948242 174.100006103516 193.5 211.600006103516 229.199996948242 246 258.799987792969 272.299987792969 283.299987792969 293.799987792969 301.399993896484 310.299987792969 318.399993896484 330.600006103516 339 348 356.200012207031 360.200012207031 355.799987792969 340.799987792969 329.799987792969 323.200012207031 315.5 306.399993896484 300 314.5 341.5 364.399993896484
497.299987792969 426.200012207031 399.899993896484 337.200012207031 299 277.899993896484 260.700012207031 264.600006103516 260.5 179.100006103516 169.300003051758 160.600006103516 126.800003051758 112.199996948242 99.9000015258789 94.8000030517578 82.4000015258789 84.6999969482422 87.9000015258789 91.9000015258789 96.0999984741211 102.199996948242 107.5 112.400001525879 118 125.900001525879 134 152.399993896484 178.5 199.5 216.5 233.800003051758 250.300003051758 262.399993896484 276.299987792969 287.200012207031 295.100006103516 301 308.799987792969 316.100006103516 325.200012207031 331.600006103516 334.5 336.600006103516 334.600006103516 326.799987792969 310.700012207031 305.299987792969 302 297.5 293.299987792969 291.200012207031 303.700012207031 326.600006103516 349
494.899993896484 426.299987792969 403 333.700012207031 294.5 271.299987792969 264.700012207031 259.399993896484 224.199996948242 177.399993896484 143.399993896484 138.300003051758 117.400001525879 111.5 98.1999969482422 90 78.9000015258789 82.5 86.0999984741211 90.3000030517578 95.8000030517578 102.400001525879 108.5 114.199996948242 120 127 136.899993896484 159.199996948242 191 210 224 237.800003051758 250.899993896484 262.200012207031 275.700012207031 288.899993896484 291.799987792969 296.5 301.700012207031 309.5 318 323.100006103516 321.600006103516 318.600006103516 313.5 305.899993896484 296.5 290.700012207031 288.399993896484 287.200012207031 286.100006103516 289.600006103516 299.799987792969 317.100006103516 336.899993896484
494 431.700012207031 384.700012207031 334.200012207031 293.899993896484 270 255.5 260 233.300003051758 169.600006103516 137.399993896484 144.800003051758 162.899993896484 124.800003051758 93.8000030517578 81.5999984741211 75.4000015258789 79.8000030517578 84.0999984741211 88.8000030517578 95.4000015258789 101.5 108.5 116.599998474121 122.599998474121 131 145.899993896484 183 212.399993896484 223.600006103516 233.300003051758 241.100006103516 249 257.399993896484 268.200012207031 277.200012207031 282 285.5 290.299987792969 297.700012207031 306.100006103516 313.399993896484 313.100006103516 302.200012207031 295.5 288.399993896484 282.899993896484 280.399993896484 280.700012207031 280.600006103516 281.899993896484 287.700012207031 296.5 310 327.100006103516
508.700012207031 462.399993896484 386.899993896484 339.5 305.5 271.700012207031 252.600006103516 214.399993896484 189.199996948242 136.5 134.100006103516 127.900001525879 108.900001525879 89 79.1999969482422 72.0999984741211 72.0999984741211 76.5999984741211 81.5 86.6999969482422 93.5 99.9000015258789 108.199996948242 115.599998474121 124 136.699996948242 159.399993896484 194.199996948242 219.199996948242 225.399993896484 232.199996948242 234.5 242.699996948242 249.5 256.100006103516 262.899993896484 268.200012207031 271.600006103516 275.799987792969 281.299987792969 287.799987792969 297.700012207031 301.399993896484 281.899993896484 274.700012207031 272 269.5 270.100006103516 271.700012207031 273.399993896484 277.299987792969 283.799987792969 293 304.700012207031 319.399993896484
534.200012207031 446.5 384.600006103516 352.100006103516 306.100006103516 265.600006103516 256.399993896484 195.800003051758 143.300003051758 122.400001525879 121.900001525879 113.099998474121 98.5999984741211 79.6999969482422 70.4000015258789 66.9000015258789 69.1999969482422 74.4000015258789 79.0999984741211 85.0999984741211 92.0999984741211 98.9000015258789 106.5 116.300003051758 127.099998474121 142.800003051758 161.199996948242 185.699996948242 204.600006103516 217.699996948242 221.300003051758 224.800003051758 229.399993896484 235.5 243 249.100006103516 253 256.700012207031 257.799987792969 261.100006103516 264.899993896484 267.200012207031 265 254.600006103516 253.199996948242 254.899993896484 258.799987792969 260.700012207031 264 268.5 274.100006103516 280.600006103516 289.100006103516 299.5 312.100006103516
505.399993896484 444.899993896484 400.799987792969 351.799987792969 312.600006103516 266 260.299987792969 227.399993896484 145.100006103516 119.199996948242 113.400001525879 87.5 82.3000030517578 74.8000030517578 66.5999984741211 64.6999969482422 67.1999969482422 72.4000015258789 77.5 84.1999969482422 91 98.3000030517578 107.599998474121 115.900001525879 127 141.899993896484 157.199996948242 174.800003051758 189.600006103516 200.5 207.300003051758 212.5 216.899993896484 222.300003051758 229 233.199996948242 235.899993896484 238.100006103516 238.5 239.699996948242 238.199996948242 235.300003051758 230.699996948242 224.5 231.5 241.100006103516 247.399993896484 252 256.899993896484 263.399993896484 270 278.200012207031 286.200012207031 293.100006103516 306.200012207031
517.200012207031 445.100006103516 390.899993896484 344.200012207031 304.200012207031 242.899993896484 236.899993896484 246.399993896484 149.899993896484 105.199996948242 88.3000030517578 80.6999969482422 71.3000030517578 65.6999969482422 64.5 61 64.6999969482422 70 75.3000030517578 83.0999984741211 89.5 98.9000015258789 107.300003051758 117.199996948242 127.300003051758 140 151.699996948242 164.300003051758 176.100006103516 185.800003051758 192.5 200 206.100006103516 210.600006103516 215.199996948242 219.100006103516 220.199996948242 221.5 222 219.300003051758 216.399993896484 209.899993896484 204.100006103516 199.699996948242 213 228.800003051758 239.300003051758 245.300003051758 251.800003051758 260.100006103516 267.5 275.700012207031 284.100006103516 292.899993896484 304.700012207031
534.900024414062 466.799987792969 410.200012207031 338.899993896484 297.700012207031 210.199996948242 175.899993896484 210.699996948242 150.800003051758 100.5 79.5999984741211 72.4000015258789 70 70.0999984741211 56.2999992370605 57.9000015258789 62.5999984741211 68.5999984741211 74.3000030517578 82.1999969482422 88.6999969482422 97.5999984741211 104.800003051758 114.099998474121 124.5 135.600006103516 145.699996948242 154.100006103516 164.199996948242 173.899993896484 180.899993896484 189.5 195.399993896484 199.600006103516 202.899993896484 205.600006103516 207.199996948242 208.199996948242 207.399993896484 204.300003051758 200 195.600006103516 189.899993896484 190.800003051758 202.5 218.300003051758 230 236.199996948242 244.899993896484 254.699996948242 265.799987792969 274.200012207031 285.700012207031 295.799987792969 306
551.099975585938 477 421 347.799987792969 268.299987792969 195.699996948242 132.100006103516 121 106.300003051758 92.6999969482422 73.5999984741211 69.1999969482422 65.3000030517578 61.2999992370605 59.9000015258789 57.4000015258789 63 68.6999969482422 74.3000030517578 82.1999969482422 88.6999969482422 96.0999984741211 103.5 112.199996948242 120.5 126.800003051758 137.399993896484 144.800003051758 154.300003051758 162.300003051758 169.399993896484 175.5 181.800003051758 188.100006103516 191.600006103516 191.899993896484 193 193.600006103516 192.800003051758 191.699996948242 188.899993896484 186.199996948242 187.600006103516 190.600006103516 199.5 207.600006103516 216.899993896484 226.300003051758 237.199996948242 249.699996948242 261.799987792969 274.100006103516 286.399993896484 298.100006103516 308.5
550.200012207031 491.899993896484 443 388.700012207031 304.299987792969 237.300003051758 146 104.099998474121 82.9000015258789 81.3000030517578 66.0999984741211 64.4000015258789 56.4000015258789 52.2999992370605 53.4000015258789 55.7999992370605 63 70.5 76.5999984741211 82.3000030517578 88.0999984741211 94.9000015258789 101.400001525879 108 115.5 123 131.699996948242 138.800003051758 144.899993896484 152.699996948242 159.100006103516 164.699996948242 171.399993896484 177.699996948242 179.800003051758 180.800003051758 181.699996948242 182.600006103516 183 183 181.800003051758 181.399993896484 183.699996948242 189.800003051758 196.899993896484 203.100006103516 208.600006103516 220 232.300003051758 245.300003051758 258.700012207031 273.700012207031 289.700012207031 302.700012207031 312.100006103516
634.400024414062 515 443.899993896484 356.899993896484 272.5 224.5 143.399993896484 101 80.5999984741211 73.4000015258789 59.2000007629395 60 54.5 50.7999992370605 55.5999984741211 54.4000015258789 62.4000015258789 71.3000030517578 77.9000015258789 83.8000030517578 88.8000030517578 92.5999984741211 98.9000015258789 104.300003051758 109.699996948242 117.400001525879 125.099998474121 131.100006103516 136.199996948242 142.300003051758 149 155.399993896484 162.399993896484 164.5 167 169.800003051758 169.699996948242 171.399993896484 171.899993896484 172.800003051758 174.600006103516 177.699996948242 181.800003051758 189 196.600006103516 203.600006103516 207.699996948242 216.899993896484 229 241.300003051758 254.699996948242 269.200012207031 285.899993896484 301.399993896484 313.5
599.700012207031 487.899993896484 457.100006103516 343 255.800003051758 211.800003051758 142.800003051758 107.199996948242 80.8000030517578 65.6999969482422 59 52.4000015258789 53.2000007629395 52.2000007629395 52.5999984741211 57.5 66.8000030517578 73.5 79.9000015258789 85.3000030517578 89.5999984741211 91.8000030517578 95.4000015258789 100.099998474121 103.599998474121 109.699996948242 117 123 128.699996948242 132.800003051758 140 145.600006103516 150.100006103516 153.699996948242 156.800003051758 156.399993896484 159 159.699996948242 163 164.800003051758 167 170.699996948242 176.5 185.600006103516 197 207.300003051758 210.300003051758 215.600006103516 224.199996948242 236.600006103516 250.399993896484 265.200012207031 278.899993896484 295.100006103516 309.899993896484
659.5 499.899993896484 454.299987792969 337 247 193.800003051758 127.400001525879 93.6999969482422 77.0999984741211 61.5 56.2000007629395 48.9000015258789 48.9000015258789 55.9000015258789 66 63.7000007629395 70.3000030517578 74.5 80.9000015258789 85.9000015258789 90.0999984741211 91.5999984741211 92.5 95.6999969482422 98.3000030517578 102.900001525879 108.699996948242 113.900001525879 121.099998474121 125.599998474121 130.600006103516 136.199996948242 142.899993896484 143.800003051758 146.5 147 150.100006103516 152.199996948242 153.899993896484 156.100006103516 158.399993896484 161.800003051758 168.899993896484 177.199996948242 187.399993896484 198.199996948242 204.5 210.399993896484 218.899993896484 229.800003051758 242.5 257 272.700012207031 289.100006103516 304.899993896484
671.799987792969 505.600006103516 439.100006103516 336.100006103516 230.399993896484 187.800003051758 126.900001525879 86.0999984741211 69.6999969482422 58.4000015258789 51.2999992370605 46 45.7000007629395 50.5 55.7999992370605 63.0999984741211 70 74 79.8000030517578 84.5999984741211 88.9000015258789 89.5999984741211 88.3000030517578 90.8000030517578 93.0999984741211 98.0999984741211 102.599998474121 106.800003051758 111.699996948242 118 123 128.600006103516 132.300003051758 135.399993896484 136.399993896484 138.5 140.399993896484 142.899993896484 144.699996948242 147.5 150.699996948242 155.5 159.800003051758 167.399993896484 175.300003051758 184.100006103516 191.300003051758 199.199996948242 209.300003051758 220.300003051758 233.300003051758 247.5 263.200012207031 278.899993896484 293.600006103516
691.099975585938 508.299987792969 423.799987792969 316.899993896484 205.300003051758 148.300003051758 109.099998474121 80.4000015258789 68.1999969482422 57.7999992370605 47.9000015258789 45.2999992370605 44.2000007629395 46.0999984741211 52.9000015258789 61.5 71.5999984741211 80.4000015258789 86 89.1999969482422 89.0999984741211 86.5 85.6999969482422 85.5999984741211 89 93.8000030517578 99.4000015258789 104.199996948242 108 112.300003051758 116.599998474121 120 122.599998474121 124.199996948242 129.399993896484 131 132.100006103516 132.899993896484 135.5 138.300003051758 141.5 145.300003051758 149.699996948242 155.300003051758 163.100006103516 170.600006103516 178.199996948242 186.699996948242 195.5 207.699996948242 220.100006103516 235.199996948242 251 268.100006103516 280.5
598.299987792969 504.600006103516 413.399993896484 321.899993896484 197.399993896484 126.800003051758 101.199996948242 81.1999969482422 65.8000030517578 59 50.0999984741211 44.7000007629395 42 42 51.0999984741211 60.5 73.1999969482422 87.0999984741211 96.1999969482422 99.3000030517578 93.5999984741211 85 80.1999969482422 79.3000030517578 84.1999969482422 90.6999969482422 97 102.400001525879 106.400001525879 108.300003051758 110.5 114.099998474121 116 117.300003051758 118.599998474121 120.199996948242 121.400001525879 123.400001525879 127.400001525879 130.600006103516 133.399993896484 135.899993896484 139.399993896484 144 150.899993896484 158.199996948242 165.5 173.300003051758 183.300003051758 191.199996948242 204.399993896484 219.300003051758 234.699996948242 251.199996948242 267.799987792969
557.700012207031 461.5 407.799987792969 348.100006103516 246 144.5 103.400001525879 77.8000030517578 66.0999984741211 56.2000007629395 51.0999984741211 46.0999984741211 43.7999992370605 42.7999992370605 47.5 56.7000007629395 75.3000030517578 93.4000015258789 106.900001525879 110.300003051758 97 81.0999984741211 72.6999969482422 73 79.6999969482422 87.5999984741211 96.0999984741211 103.400001525879 107.5 107.699996948242 106.699996948242 105.400001525879 107.400001525879 108.599998474121 109.199996948242 112.5 113.400001525879 116 118.5 121.599998474121 124.900001525879 127.099998474121 129.899993896484 133.5 139.399993896484 146.600006103516 154 161.600006103516 171.800003051758 180.600006103516 192.300003051758 202.399993896484 216.800003051758 231.300003051758 250.399993896484
500 405.299987792969 367.899993896484 323.100006103516 254.199996948242 152.100006103516 110.699996948242 82.3000030517578 65 58.7999992370605 52.4000015258789 48.4000015258789 48.5999984741211 42.7000007629395 45.7999992370605 59.7000007629395 72.0999984741211 95.0999984741211 116.099998474121 121 97.0999984741211 75.0999984741211 64 68 75.0999984741211 85.9000015258789 97.4000015258789 105.900001525879 109 108.5 106.599998474121 104.099998474121 102.400001525879 101.199996948242 101.099998474121 102.400001525879 104.900001525879 107.400001525879 109.900001525879 112.5 115.5 117.900001525879 121 124.300003051758 129.199996948242 136.300003051758 145.199996948242 152.100006103516 161.399993896484 170 179.5 190.399993896484 201.699996948242 214.699996948242 -3.4e+38
453.799987792969 366.5 305 297.700012207031 247.800003051758 155.100006103516 114.199996948242 86.8000030517578 70.8000030517578 60.0999984741211 53.7999992370605 47.2999992370605 45.4000015258789 42.7000007629395 45.5999984741211 58.7000007629395 73.5999984741211 88.5 103 103.400001525879 90.4000015258789 70.5999984741211 59 63.7000007629395 71.8000030517578 84 100.199996948242 110.800003051758 111.400001525879 108.599998474121 105.900001525879 103.5 99.6999969482422 97.1999969482422 95.3000030517578 96.3000030517578 98.8000030517578 101.699996948242 103.900001525879 104.699996948242 107.400001525879 110 112.400001525879 115.199996948242 120.5 129.300003051758 136.800003051758 143.399993896484 150.300003051758 159.199996948242 167.399993896484 176.199996948242 187.800003051758 200.800003051758 -3.4e+38
422 347.600006103516 269.899993896484 273.399993896484 202.100006103516 148.399993896484 112.400001525879 92.9000015258789 75.4000015258789 62.0999984741211 52.7999992370605 47.5999984741211 43.2999992370605 40 42 54.2999992370605 65.4000015258789 74.5999984741211 79.3000030517578 84.1999969482422 81.8000030517578 71.8000030517578 63.5999984741211 67.4000015258789 75.1999969482422 86.1999969482422 102.099998474121 113.599998474121 112.5 107.5 103.199996948242 99.1999969482422 95.1999969482422 91.9000015258789 90.5 91.1999969482422 92.0999984741211 94.3000030517578 97.3000030517578 100 101.800003051758 103.699996948242 105.900001525879 108.699996948242 113.800003051758 120.199996948242 127.300003051758 135.199996948242 141.899993896484 149 155.899993896484 163.199996948242 173.100006103516 186.699996948242 -3.4e+38
