data/layers/future_layer_can_585_60/bio17.asc
NCOLS 494 
NROWS 529 
XLLCORNER -117.166666666667 
YLLCORNER -55.5 
CELLSIZE 0.166666666666667 
NODATA_value -3.4e+38 
[rows 216 to 239 of 529, columns 275 to 329 of 494]
313.799987792969 310.299987792969 308.200012207031 307.200012207031 305.399993896484 302.200012207031 299.600006103516 296.899993896484 289.5 279 266.399993896484 254.699996948242 256.700012207031 268.899993896484 279.700012207031 286.600006103516 292.600006103516 292.200012207031 290 286.399993896484 285.5 289.299987792969 294.799987792969 300 303.700012207031 305.100006103516 305.899993896484 304.299987792969 303.799987792969 303.5 302.299987792969 300.899993896484 296.100006103516 289.700012207031 283.700012207031 278 272.5 266.899993896484 259.600006103516 251.800003051758 242.800003051758 233 225.600006103516 214.899993896484 204.699996948242 198.399993896484 195.5 194.300003051758 197.699996948242 200.300003051758 202 201.600006103516 201.800003051758 202.100006103516 200
308.899993896484 305.5 302.600006103516 302 301 299.799987792969 299.299987792969 297.100006103516 289.600006103516 277.299987792969 258.100006103516 238.199996948242 240.800003051758 256.600006103516 267 276.399993896484 282.899993896484 286.5 288.700012207031 288.600006103516 289.399993896484 293 297.299987792969 301.100006103516 302.799987792969 302.600006103516 303.5 303.700012207031 303.5 303.299987792969 303.399993896484 303.200012207031 293.700012207031 283.700012207031 274.600006103516 265.799987792969 258.100006103516 251.600006103516 245.5 238.100006103516 231.199996948242 219.800003051758 208.899993896484 197.800003051758 187.300003051758 181.699996948242 181.399993896484 183.199996948242 186 190.100006103516 193.600006103516 196.5 197.199996948242 198.300003051758 197.5
301.399993896484 298.399993896484 296.399993896484 295.899993896484 296.200012207031 296.600006103516 299 302 296.399993896484 282.200012207031 262.100006103516 243.300003051758 247 254.800003051758 262 271.899993896484 278.200012207031 283.299987792969 288.399993896484 291.200012207031 293.100006103516 296.100006103516 299 301.700012207031 301.899993896484 302.200012207031 300.700012207031 300.5 300 299.700012207031 298.899993896484 295.600006103516 285.799987792969 275.100006103516 263.299987792969 252.699996948242 244.899993896484 238.800003051758 232.600006103516 226.399993896484 217.100006103516 207.199996948242 196.5 183.300003051758 171.800003051758 165.300003051758 167.600006103516 174 180.199996948242 185.199996948242 189 192 193.699996948242 194.399993896484 194.399993896484
294.600006103516 290.399993896484 288.299987792969 288.100006103516 289.899993896484 293.600006103516 298.799987792969 309 307.799987792969 287.799987792969 264.299987792969 248.800003051758 247.600006103516 254.899993896484 264.100006103516 272 277.899993896484 283.700012207031 289 293.399993896484 297.299987792969 298.799987792969 300.700012207031 302.600006103516 301.5 300.5 298.899993896484 296.399993896484 294 290.700012207031 287.100006103516 282.700012207031 274.200012207031 263.700012207031 252.300003051758 240.399993896484 229 222.100006103516 217.100006103516 212.100006103516 205.300003051758 197.399993896484 187.600006103516 177.199996948242 164.800003051758 156.399993896484 162.300003051758 168.699996948242 175.800003051758 182.399993896484 184.300003051758 186.100006103516 189 190.800003051758 192.300003051758
289.100006103516 283.600006103516 280.799987792969 280.799987792969 283.899993896484 288.600006103516 296.299987792969 312.799987792969 318.600006103516 284.100006103516 260.600006103516 249.600006103516 250.5 253.199996948242 262.299987792969 273.799987792969 280.600006103516 286.5 291.600006103516 295.899993896484 299.899993896484 302.100006103516 304 303.299987792969 300.899993896484 296.600006103516 291.600006103516 286.899993896484 280.700012207031 275.600006103516 272.700012207031 267.399993896484 259.700012207031 249.600006103516 238.800003051758 224.100006103516 214.199996948242 207.600006103516 204.800003051758 201.600006103516 197.199996948242 191.5 184.100006103516 175.399993896484 166.899993896484 161.300003051758 163.399993896484 167.600006103516 173.399993896484 179.199996948242 181.600006103516 185.199996948242 186.5 187.100006103516 188.100006103516
286 278.799987792969 273.399993896484 273.799987792969 277.100006103516 279.799987792969 284.399993896484 288.899993896484 291.299987792969 261.700012207031 249.699996948242 248 252.199996948242 255.600006103516 263.799987792969 272.799987792969 282.799987792969 289.600006103516 295 299.100006103516 301.600006103516 303.200012207031 304 302.200012207031 296 286.899993896484 279.899993896484 273.899993896484 266.600006103516 263.100006103516 259.399993896484 254.199996948242 245.5 236.800003051758 226.600006103516 213.199996948242 199.5 196.5 197.100006103516 195.600006103516 192.5 189.600006103516 184.699996948242 178.199996948242 171.300003051758 168.5 168.699996948242 170.5 175.899993896484 177.5 181.600006103516 182.5 183.300003051758 184 184.899993896484
287 278.299987792969 272.399993896484 273.700012207031 275.700012207031 276.100006103516 269.700012207031 261.899993896484 257.299987792969 249.699996948242 247.300003051758 249.5 253.899993896484 259.5 267.200012207031 273 281.100006103516 290.700012207031 295.799987792969 298.799987792969 299.700012207031 300.899993896484 301.700012207031 294.799987792969 283.100006103516 275.600006103516 268 260.5 253.800003051758 251.300003051758 248.199996948242 243.300003051758 235.399993896484 226.699996948242 217.800003051758 207.100006103516 197.5 194.199996948242 194.699996948242 194.100006103516 193.899993896484 191.699996948242 187 183.300003051758 180 178 176.5 176.100006103516 177.399993896484 178.899993896484 181.399993896484 181.800003051758 182.399993896484 182.899993896484 182.699996948242
292.5 285.600006103516 280.200012207031 278.700012207031 276.700012207031 271.200012207031 261.399993896484 256.799987792969 253.5 251.399993896484 249.699996948242 252.100006103516 256.200012207031 261.299987792969 267.100006103516 273.700012207031 280.100006103516 287.5 290.299987792969 291.399993896484 292.799987792969 292.5 286.299987792969 279.200012207031 274.600006103516 264.299987792969 254.100006103516 247.600006103516 243.5 240.5 238.800003051758 234.199996948242 227.600006103516 222 212.899993896484 205.800003051758 199.300003051758 196.600006103516 196.699996948242 197.5 196.5 195 194.100006103516 192.600006103516 190.399993896484 187 184.5 182.399993896484 180.100006103516 181 181.399993896484 181.699996948242 180.800003051758 181.300003051758 180.800003051758
299 293 287.5 285 279.100006103516 269.100006103516 259.899993896484 257.700012207031 255.800003051758 254.800003051758 254.199996948242 256.600006103516 259.5 263.5 268.700012207031 272.299987792969 277.299987792969 276.200012207031 278.600006103516 278.700012207031 278.299987792969 274.899993896484 270.700012207031 264.600006103516 261.5 252.899993896484 243.399993896484 235 234.199996948242 232.300003051758 230.199996948242 226.100006103516 222.100006103516 217.399993896484 211.5 206.5 202.300003051758 200.800003051758 200.899993896484 201.5 201.5 201.899993896484 202.800003051758 202.199996948242 199.199996948242 194.199996948242 190.699996948242 187.199996948242 184.300003051758 182.399993896484 181.399993896484 179.5 178.199996948242 177.399993896484 176.100006103516
301.899993896484 296.200012207031 291.5 286.100006103516 278.399993896484 269.799987792969 265.299987792969 261 259.200012207031 258.200012207031 258.600006103516 261.700012207031 263.700012207031 267.100006103516 268.700012207031 264.5 264.600006103516 267.399993896484 266.899993896484 265.600006103516 261.399993896484 260.100006103516 255.600006103516 250.300003051758 242.100006103516 236.800003051758 232.699996948242 225.100006103516 223 221.5 219.399993896484 218 217.5 214.800003051758 212.100006103516 208.699996948242 207.199996948242 205.399993896484 204.800003051758 204.800003051758 206.699996948242 208.199996948242 209.100006103516 209.600006103516 208.100006103516 202.100006103516 196.600006103516 191.199996948242 187.5 183.800003051758 179.800003051758 177.300003051758 175.800003051758 174.100006103516 173.800003051758
300.100006103516 296.100006103516 292 285.200012207031 279.5 272.799987792969 267.899993896484 265.600006103516 263.200012207031 260 259.600006103516 263.200012207031 261.799987792969 264.5 264.299987792969 261.899993896484 258.799987792969 256.5 254.100006103516 251.300003051758 247.100006103516 244.600006103516 238.600006103516 234.399993896484 225.600006103516 221.899993896484 218.100006103516 214.399993896484 210 206.100006103516 205.199996948242 206.800003051758 212.100006103516 213.100006103516 214.300003051758 212.899993896484 212.100006103516 209.5 209.300003051758 209.699996948242 211.5 211.100006103516 209.600006103516 211.100006103516 210 205.5 199.899993896484 193.699996948242 188.699996948242 183.199996948242 178.300003051758 176.699996948242 174.899993896484 172.600006103516 170.800003051758
298.899993896484 295.700012207031 290.799987792969 286.200012207031 281.299987792969 274.799987792969 270.600006103516 268 264.299987792969 259.200012207031 259.299987792969 258.100006103516 260.700012207031 263.899993896484 262.399993896484 258.200012207031 252.399993896484 246.899993896484 242.399993896484 237.300003051758 234.600006103516 229.800003051758 224.300003051758 220.300003051758 212.399993896484 210.100006103516 208.199996948242 205 201.199996948242 200.399993896484 200.899993896484 204.800003051758 206.399993896484 208.199996948242 212.300003051758 213.899993896484 216.100006103516 215.899993896484 216.600006103516 214.399993896484 213.699996948242 211.199996948242 207.199996948242 207.800003051758 205.899993896484 200.600006103516 196.600006103516 193.199996948242 187.5 181.399993896484 177.300003051758 176.100006103516 173.100006103516 170.5 168
300.399993896484 295.100006103516 291.399993896484 288.799987792969 282.600006103516 274.299987792969 268.299987792969 264.700012207031 262.799987792969 256.799987792969 255.600006103516 255.100006103516 259.100006103516 258.899993896484 256.700012207031 249.300003051758 243.300003051758 237.100006103516 231.5 226.100006103516 221.800003051758 218.199996948242 213.699996948242 208.199996948242 202.899993896484 202.699996948242 200.199996948242 196.800003051758 196.5 197.699996948242 198.800003051758 200.800003051758 203.300003051758 205.399993896484 211 213.5 214.5 216.199996948242 216.100006103516 216.199996948242 212.5 209 203.699996948242 201.800003051758 197.300003051758 192.899993896484 188.600006103516 185.300003051758 179.5 172.699996948242 170.5 169.899993896484 168 167.5 164.899993896484
290.899993896484 289.399993896484 284.600006103516 281.899993896484 274.700012207031 268.100006103516 265.200012207031 259.299987792969 257.899993896484 253.600006103516 250.399993896484 252.199996948242 250.5 249.800003051758 245 238.199996948242 232.300003051758 224.699996948242 219.5 215 209.800003051758 205.600006103516 201.899993896484 199.800003051758 195.399993896484 193.199996948242 192.300003051758 191.600006103516 191 194.100006103516 196.800003051758 198.100006103516 202.699996948242 204.899993896484 212 215.199996948242 216.100006103516 214.800003051758 215.300003051758 213.600006103516 210.300003051758 204.5 195 192 188.300003051758 184.300003051758 182 177 172.899993896484 168.399993896484 166 161.899993896484 158.899993896484 158.300003051758 155.300003051758
288 283.799987792969 281.399993896484 275.600006103516 269.899993896484 263.399993896484 260.799987792969 254.600006103516 250.199996948242 246.399993896484 243.800003051758 242.800003051758 240.600006103516 239.399993896484 233.300003051758 227.800003051758 219.899993896484 212.199996948242 206.300003051758 201.800003051758 195.5 191.800003051758 191.300003051758 189.199996948242 189.300003051758 185.699996948242 185.899993896484 185.600006103516 186.699996948242 190.600006103516 193 196.300003051758 199.100006103516 203.5 210.5 215.199996948242 217.800003051758 218.899993896484 216.600006103516 213 207.100006103516 197 189.199996948242 183.699996948242 180.100006103516 176.300003051758 174.199996948242 171.199996948242 165.199996948242 162.899993896484 159.5 156.899993896484 153.600006103516 151.100006103516 148.399993896484
284.200012207031 279.899993896484 275.200012207031 270.700012207031 263.5 258.399993896484 254.300003051758 248.699996948242 243 239.399993896484 234.899993896484 233.100006103516 232.399993896484 231.5 222.100006103516 215.699996948242 207.800003051758 200.5 194.399993896484 189.800003051758 183.300003051758 179 179.699996948242 177.199996948242 178.5 178 179.600006103516 181.800003051758 182.199996948242 184.800003051758 188.600006103516 193.600006103516 196.199996948242 202.5 208.300003051758 213.399993896484 219.100006103516 220.699996948242 219.600006103516 213.600006103516 202.100006103516 191 182.399993896484 176.100006103516 170.800003051758 169 167.399993896484 164 159.800003051758 157.899993896484 153.5 151.100006103516 146.800003051758 143.899993896484 140.5
280.200012207031 274.700012207031 271.700012207031 265 257.899993896484 256.700012207031 251.5 246.5 239 233.399993896484 228.5 226.199996948242 224.699996948242 220.399993896484 211.800003051758 204.600006103516 197 187.800003051758 181.699996948242 176.100006103516 170.699996948242 167.800003051758 169.300003051758 167 169.199996948242 169.699996948242 173.899993896484 175.100006103516 177.100006103516 180.399993896484 184.300003051758 188.699996948242 192.899993896484 198.899993896484 204.100006103516 211.100006103516 221 225.800003051758 225.5 216 200.800003051758 184.300003051758 174.300003051758 168 162 160.800003051758 157.300003051758 155.199996948242 152.800003051758 150.199996948242 146.100006103516 143.800003051758 141 138 134.800003051758
278 270.5 264 259.600006103516 254.600006103516 250.5 244.399993896484 239.899993896484 233 226.899993896484 222.300003051758 220.600006103516 217.399993896484 211.699996948242 204.199996948242 194.399993896484 186 176.899993896484 167.800003051758 162.699996948242 160.800003051758 160 159.300003051758 157.399993896484 160 162.100006103516 164.300003051758 167.199996948242 169.600006103516 173.699996948242 178 183.5 187 193.199996948242 200.100006103516 208.899993896484 218.199996948242 226.800003051758 230.899993896484 216.399993896484 193.699996948242 175.100006103516 164.699996948242 157.800003051758 153.399993896484 151 147.600006103516 146 145.399993896484 141.800003051758 140.100006103516 139 136.399993896484 134 131.199996948242
272.799987792969 266.5 260.600006103516 255.199996948242 248.699996948242 242.600006103516 235.899993896484 229.5 224.100006103516 221 217.5 213.699996948242 208.899993896484 205.399993896484 195.199996948242 185 173.800003051758 164.199996948242 155.300003051758 150.5 151 150.699996948242 150.399993896484 149.100006103516 151.399993896484 152.899993896484 156.399993896484 160.800003051758 164.100006103516 168.399993896484 173.399993896484 177.600006103516 182.300003051758 187.199996948242 193.300003051758 201.300003051758 208.199996948242 214.800003051758 219.399993896484 205 181.199996948242 160 151.399993896484 148.800003051758 144.800003051758 144.100006103516 142.899993896484 140.699996948242 138.600006103516 135.199996948242 134.5 133.5 131 128.600006103516 129.199996948242
266.5 260.299987792969 253.899993896484 251.399993896484 241.699996948242 234.399993896484 228 218.899993896484 213.600006103516 208.199996948242 208.899993896484 206.600006103516 201.699996948242 197.199996948242 186.600006103516 176.199996948242 166 155.899993896484 147.399993896484 143 142.600006103516 141 140.100006103516 143.100006103516 144.5 147.800003051758 151.899993896484 155 159.899993896484 162.800003051758 166.100006103516 169.399993896484 174.199996948242 180 186.300003051758 192.399993896484 199.100006103516 201.800003051758 200.5 187.5 168 148.800003051758 143.199996948242 140.899993896484 139.5 138.5 136 135.600006103516 133.300003051758 130.399993896484 129.800003051758 128.100006103516 127.599998474121 125.699996948242 127.199996948242
259.200012207031 249.300003051758 244.699996948242 243 234.300003051758 225.5 219.800003051758 211.399993896484 202.600006103516 200.699996948242 203.100006103516 200.199996948242 195.199996948242 188.399993896484 180.699996948242 168.899993896484 158.199996948242 150.100006103516 142 136.600006103516 135.100006103516 133.699996948242 132.300003051758 135.300003051758 138.800003051758 141.600006103516 145.399993896484 149.100006103516 153.399993896484 157.199996948242 159.699996948242 163.699996948242 167 172.800003051758 177.800003051758 182.899993896484 186 186.899993896484 184.5 175.5 158.899993896484 144.899993896484 137.800003051758 135.100006103516 133.100006103516 133.199996948242 129.899993896484 129.100006103516 128.100006103516 127.199996948242 125.900001525879 124.300003051758 122.599998474121 122.699996948242 124.699996948242
244.699996948242 235.100006103516 232.5 229.800003051758 226.5 221.100006103516 213.5 205.199996948242 199.100006103516 197.199996948242 196.199996948242 192.800003051758 187.399993896484 179.600006103516 172.100006103516 162.5 152.800003051758 144.699996948242 137.899993896484 131 128.399993896484 126.099998474121 125 128.899993896484 134.199996948242 136.800003051758 140.600006103516 142.399993896484 146.800003051758 151.100006103516 153.100006103516 155.800003051758 159.199996948242 162.699996948242 168 171.600006103516 175.100006103516 174 171.5 165.199996948242 151.199996948242 139.899993896484 132.100006103516 129.600006103516 128 127.800003051758 127.300003051758 125.599998474121 124.900001525879 123.699996948242 122.5 121.300003051758 119.199996948242 119.699996948242 120.199996948242
227.699996948242 217.899993896484 214.800003051758 214.199996948242 215.600006103516 213.399993896484 205.300003051758 198.399993896484 195.100006103516 191.399993896484 187.899993896484 184.399993896484 178.899993896484 171.600006103516 164 156 147.800003051758 140.100006103516 133.600006103516 126.800003051758 124 120.599998474121 119.099998474121 123.099998474121 128.100006103516 133.100006103516 137.899993896484 139.600006103516 142 144.800003051758 146.199996948242 148.800003051758 151 154.100006103516 157.899993896484 160.800003051758 163 162.800003051758 161.300003051758 153.800003051758 142.199996948242 133.300003051758 125.599998474121 123.900001525879 122.300003051758 122.099998474121 122.699996948242 120.900001525879 121 120.099998474121 118 115.300003051758 113.400001525879 113.199996948242 113.5
207 199.899993896484 197 201.5 204.600006103516 203.800003051758 201.300003051758 195.399993896484 189.5 186.199996948242 180.5 175.199996948242 171.899993896484 165.100006103516 157.399993896484 149.300003051758 141.5 136.600006103516 129.399993896484 122.900001525879 119.099998474121 115.199996948242 114.300003051758 117.900001525879 124.699996948242 131.199996948242 135.199996948242 137.899993896484 140.300003051758 140.300003051758 140.100006103516 141.800003051758 143.300003051758 146.5 149.5 152.899993896484 154.899993896484 154.899993896484 151 147.5 136.5 127.400001525879 119.400001525879 117.300003051758 115.800003051758 116.699996948242 117.900001525879 117.099998474121 117.099998474121 116 112.5 109.5 107.699996948242 105.400001525879 105.599998474121
