data/layers/future_layer_can_585_60/bio12.asc
NCOLS 494 
NROWS 529 
XLLCORNER -117.166666666667 
YLLCORNER -55.5 
CELLSIZE 0.166666666666667 
NODATA_value -3.4e+38 
[rows 432 to 455 of 529, columns 275 to 329 of 494]
846.599975585938 663.900024414062 547 472.399993896484 369 294.399993896484 248.600006103516 216.5 186.699996948242 164.800003051758 148.100006103516 133.5 123.099998474121 119 129 155.699996948242 169.300003051758 178.300003051758 195.800003051758 211.100006103516 222.600006103516 221.300003051758 221.800003051758 232.899993896484 242.899993896484 270.600006103516 308.799987792969 336.100006103516 341.700012207031 335.600006103516 326.700012207031 318.799987792969 312.700012207031 304.799987792969 303.200012207031 302.5 301.100006103516 299.600006103516 302 305.899993896484 310 314.700012207031 321.299987792969 329.600006103516 343.799987792969 352 366.600006103516 380.200012207031 394.299987792969 405.799987792969 418.399993896484 431 445.5 475.200012207031 505.5
814.799987792969 660.900024414062 561.5 450 355.600006103516 299.799987792969 256.600006103516 223 198.699996948242 175.600006103516 159.399993896484 143.800003051758 128.600006103516 121.5 133.800003051758 159 162.600006103516 174.100006103516 193.300003051758 208.699996948242 215.399993896484 218.899993896484 227 236.800003051758 254 281.299987792969 300.899993896484 316.200012207031 323.299987792969 322.899993896484 319.600006103516 312.799987792969 307.899993896484 302 298.399993896484 295.899993896484 294.700012207031 295.299987792969 294.799987792969 295.5 298.899993896484 304.700012207031 311 318.600006103516 328.5 340.5 354.5 368.100006103516 383 392.299987792969 401.399993896484 410.700012207031 423.100006103516 448.100006103516 477.299987792969
820.599975585938 674.799987792969 559.200012207031 450.200012207031 378.799987792969 312.299987792969 265.600006103516 244.5 216.399993896484 192.199996948242 171.5 155.199996948242 141 136.600006103516 139.199996948242 154.699996948242 161.699996948242 171.800003051758 186.5 200.800003051758 212.199996948242 220.899993896484 229.600006103516 242.5 256.799987792969 274.600006103516 296.200012207031 307.5 307.200012207031 310.100006103516 309 305.299987792969 301.100006103516 299.200012207031 294.899993896484 291.5 289.799987792969 289.200012207031 288.799987792969 287.799987792969 292.100006103516 294.299987792969 300.299987792969 309 318.899993896484 331.200012207031 360 365.299987792969 372 383.200012207031 390.200012207031 401 416.100006103516 434.299987792969 457.200012207031
816.099975585938 695.5 581.799987792969 483.399993896484 395 333.200012207031 283.799987792969 266 241.699996948242 202.899993896484 179.699996948242 163.100006103516 151.699996948242 146.399993896484 147.899993896484 155 161.899993896484 170.600006103516 182.5 196 206.399993896484 216.300003051758 229.100006103516 242.100006103516 255.300003051758 267.5 282.100006103516 296.899993896484 300.899993896484 297.5 300.100006103516 296.799987792969 294.299987792969 291.799987792969 289 285.600006103516 285.299987792969 283.100006103516 284.100006103516 283.700012207031 282.600006103516 283.600006103516 290 300.5 311 321.799987792969 335.600006103516 347.5 361.5 373.600006103516 384.200012207031 397.700012207031 411.399993896484 425.399993896484 -3.4e+38
848.799987792969 720.200012207031 614.900024414062 514.799987792969 405.799987792969 344.700012207031 313.700012207031 282.700012207031 243.300003051758 205.100006103516 182.199996948242 170.5 163.399993896484 158.199996948242 158.100006103516 162 167.5 172.300003051758 182.199996948242 193.5 204.899993896484 214.899993896484 228.100006103516 239.300003051758 252.5 263.799987792969 272.299987792969 280.399993896484 284.799987792969 287.299987792969 288.299987792969 289.200012207031 289.200012207031 288.100006103516 284.600006103516 281.799987792969 279.700012207031 278.799987792969 278.5 277.899993896484 275.600006103516 273.600006103516 281.5 293.200012207031 304.399993896484 316.100006103516 330.5 343.200012207031 356 369.100006103516 379.200012207031 393.100006103516 406.700012207031 418.700012207031 -3.4e+38
824.700012207031 678.799987792969 594.400024414062 531.099975585938 445.200012207031 353.899993896484 313.799987792969 289.5 245.300003051758 215 196 181.5 173.5 168.800003051758 167.5 168.800003051758 171.699996948242 177.300003051758 184.300003051758 194.699996948242 204.899993896484 214 224.800003051758 236.100006103516 246 254 261.100006103516 268.600006103516 273.700012207031 278.899993896484 280.399993896484 280.299987792969 281.600006103516 282.100006103516 284.299987792969 280.799987792969 278.600006103516 277.100006103516 277.700012207031 276.799987792969 276.5 277 280.399993896484 290.5 301.100006103516 313.600006103516 326.100006103516 340 354.899993896484 367.100006103516 380.600006103516 391.600006103516 402.600006103516 415.5 -3.4e+38
804.200012207031 694 617.599975585938 548 449.799987792969 364.5 336.100006103516 303.600006103516 253.699996948242 225.800003051758 209.300003051758 196.5 186.399993896484 180.399993896484 179.399993896484 176.600006103516 177.800003051758 181.199996948242 186.899993896484 194.699996948242 205.300003051758 213.800003051758 222.399993896484 231.199996948242 239.100006103516 246.300003051758 254 259.600006103516 268.399993896484 274.200012207031 277.600006103516 281.100006103516 273.5 275.299987792969 281.100006103516 282.299987792969 312.399993896484 293.600006103516 280.700012207031 281.399993896484 279.100006103516 281 284.5 290.700012207031 299.299987792969 312.5 322.5 337.700012207031 352.899993896484 366.700012207031 385.200012207031 391.100006103516 399.700012207031 -3.4e+38 -3.4e+38
774.299987792969 694.400024414062 618.099975585938 538 473.5 402.399993896484 352.600006103516 295.5 258.200012207031 234.699996948242 214.300003051758 200.199996948242 191.600006103516 189.699996948242 190.199996948242 185.5 185.300003051758 189 192.199996948242 197.699996948242 206.300003051758 213 221.300003051758 229.300003051758 233 240.100006103516 245.199996948242 252.100006103516 258.399993896484 261.700012207031 264.799987792969 271 279 267.100006103516 267.100006103516 269.5 275.600006103516 279.700012207031 279.5 280.399993896484 281.799987792969 283.100006103516 285.600006103516 292.399993896484 298.899993896484 309.700012207031 321.299987792969 336.899993896484 351.100006103516 367.100006103516 378.799987792969 395.399993896484 397.200012207031 407.100006103516 413.200012207031
766.200012207031 678.900024414062 584.400024414062 512.700012207031 434.5 380.899993896484 354.600006103516 301 263.899993896484 234.899993896484 215.399993896484 207 201.600006103516 200.100006103516 197.800003051758 192.5 194.100006103516 193.399993896484 196.699996948242 203 206.699996948242 211.699996948242 216.100006103516 222.600006103516 226.600006103516 231.899993896484 237.100006103516 243.300003051758 250.699996948242 252.800003051758 254.5 260.600006103516 260.799987792969 261.399993896484 263.399993896484 267.399993896484 270.799987792969 -3.4e+38 -3.4e+38 280.5 282.200012207031 282.5 284.899993896484 290 297.5 307 320.700012207031 334.100006103516 349.799987792969 367.600006103516 381 386.700012207031 391.299987792969 406 -3.4e+38
731.900024414062 655.299987792969 564.400024414062 496.700012207031 426.899993896484 372.299987792969 348.5 299.100006103516 267.700012207031 241.300003051758 227.399993896484 218.699996948242 215.100006103516 207.600006103516 206.399993896484 200.199996948242 197.899993896484 200.399993896484 202.600006103516 205.699996948242 207.5 211.300003051758 214 218.199996948242 220.699996948242 223.100006103516 229.800003051758 233.699996948242 237.899993896484 241.300003051758 247.100006103516 251.699996948242 254 256.700012207031 257.5 260.5 263.799987792969 -3.4e+38 -3.4e+38 -3.4e+38 -3.4e+38 -3.4e+38 281.299987792969 289.200012207031 295.799987792969 307.399993896484 319.100006103516 331.5 348.600006103516 363.700012207031 376 380.399993896484 -3.4e+38 -3.4e+38 -3.4e+38
760.400024414062 638.599975585938 553.799987792969 489.399993896484 425.700012207031 377.799987792969 338.200012207031 297.299987792969 270.200012207031 247 235.300003051758 235.600006103516 231.100006103516 216.5 207.600006103516 206.899993896484 209.600006103516 209.300003051758 207.199996948242 206.300003051758 206.800003051758 211 212.600006103516 212.199996948242 213.800003051758 215.199996948242 218.800003051758 223.5 229.199996948242 234.699996948242 239.800003051758 245.899993896484 249.399993896484 251.399993896484 252.300003051758 255.100006103516 261.799987792969 -3.4e+38 -3.4e+38 -3.4e+38 -3.4e+38 -3.4e+38 -3.4e+38 -3.4e+38 -3.4e+38 302.899993896484 314.700012207031 328.200012207031 342.399993896484 355.399993896484 -3.4e+38 -3.4e+38 -3.4e+38 -3.4e+38 -3.4e+38
730.599975585938 641.599975585938 558.200012207031 484.100006103516 427.799987792969 379.5 336.5 303.5 274.5 251.600006103516 242.100006103516 240.800003051758 233.800003051758 227.199996948242 223.100006103516 224.600006103516 219.5 211.100006103516 208.800003051758 206.300003051758 206.800003051758 207.899993896484 208.899993896484 210 210.399993896484 213 214.600006103516 215.800003051758 221 227.399993896484 233.399993896484 237.899993896484 240.5 243.5 246 247.100006103516 250.399993896484 -3.4e+38 -3.4e+38 -3.4e+38 -3.4e+38 -3.4e+38 -3.4e+38 -3.4e+38 -3.4e+38 -3.4e+38 -3.4e+38 -3.4e+38 -3.4e+38 -3.4e+38 -3.4e+38 -3.4e+38 -3.4e+38 -3.4e+38 -3.4e+38
725.799987792969 639.299987792969 537.5 459.899993896484 403.799987792969 369.899993896484 354 315.600006103516 279.399993896484 261.799987792969 246.399993896484 244.800003051758 232.5 228.600006103516 225.800003051758 225.600006103516 219 211.699996948242 209.800003051758 207.5 207 205.899993896484 207.199996948242 209.800003051758 211.899993896484 218 220.800003051758 212.699996948242 215.100006103516 220.199996948242 224.399993896484 230 233.899993896484 236.5 237.800003051758 239 241.899993896484 -3.4e+38 -3.4e+38 -3.4e+38 -3.4e+38 -3.4e+38 -3.4e+38 -3.4e+38 -3.4e+38 -3.4e+38 -3.4e+38 -3.4e+38 -3.4e+38 -3.4e+38 -3.4e+38 -3.4e+38 -3.4e+38 -3.4e+38 -3.4e+38
702.200012207031 620.900024414062 533.200012207031 446.200012207031 384.700012207031 343.399993896484 309.5 288.200012207031 270.899993896484 259.600006103516 250.199996948242 238.100006103516 229 231.5 223.199996948242 221.600006103516 217.100006103516 210.199996948242 206.300003051758 205 203.399993896484 204.199996948242 204.800003051758 207 209.899993896484 213.699996948242 214.800003051758 210.5 213.199996948242 216.5 220.399993896484 222.199996948242 224.699996948242 224.300003051758 226.699996948242 227.600006103516 231.5 234.699996948242 -3.4e+38 -3.4e+38 -3.4e+38 -3.4e+38 -3.4e+38 -3.4e+38 -3.4e+38 -3.4e+38 -3.4e+38 -3.4e+38 -3.4e+38 -3.4e+38 -3.4e+38 -3.4e+38 -3.4e+38 -3.4e+38 -3.4e+38
674.299987792969 581.799987792969 492.100006103516 421.100006103516 378.700012207031 338.200012207031 306.899993896484 283.299987792969 260.700012207031 253.100006103516 242.300003051758 232.300003051758 226.699996948242 241.300003051758 219.899993896484 218.199996948242 213.399993896484 207.800003051758 208.899993896484 203.600006103516 203.600006103516 201.300003051758 200.100006103516 200.600006103516 206.800003051758 210 210.300003051758 210 211 213.100006103516 215.100006103516 217.699996948242 219.699996948242 220.300003051758 221.100006103516 221.199996948242 221.300003051758 223.699996948242 -3.4e+38 -3.4e+38 -3.4e+38 -3.4e+38 -3.4e+38 -3.4e+38 -3.4e+38 -3.4e+38 -3.4e+38 -3.4e+38 -3.4e+38 -3.4e+38 -3.4e+38 -3.4e+38 -3.4e+38 -3.4e+38 -3.4e+38
626.700012207031 554.099975585938 471.5 413.200012207031 359.200012207031 329.799987792969 303.899993896484 282.700012207031 257.100006103516 246.600006103516 239.100006103516 232.699996948242 228.699996948242 218.300003051758 218.399993896484 219.600006103516 215.100006103516 211.699996948242 225 201.100006103516 200.100006103516 201.399993896484 200.699996948242 197.300003051758 199.800003051758 206.100006103516 209.5 207.699996948242 208.5 208.199996948242 211.100006103516 214.199996948242 216.100006103516 216.300003051758 214.800003051758 212.399993896484 214 -3.4e+38 -3.4e+38 -3.4e+38 -3.4e+38 -3.4e+38 -3.4e+38 -3.4e+38 -3.4e+38 -3.4e+38 -3.4e+38 -3.4e+38 -3.4e+38 -3.4e+38 -3.4e+38 -3.4e+38 -3.4e+38 -3.4e+38 -3.4e+38
626.099975585938 554.900024414062 455.100006103516 408.399993896484 358.399993896484 322.100006103516 291.200012207031 274.399993896484 259.200012207031 239.100006103516 226.899993896484 225.899993896484 234 221.600006103516 228.399993896484 246 233.600006103516 224.600006103516 214.699996948242 202.399993896484 195.5 197.600006103516 196.100006103516 197 199.300003051758 201.300003051758 211 204.300003051758 206.199996948242 206.199996948242 207.100006103516 209.800003051758 211.100006103516 210.199996948242 209.300003051758 208.199996948242 206 -3.4e+38 -3.4e+38 -3.4e+38 -3.4e+38 -3.4e+38 -3.4e+38 -3.4e+38 -3.4e+38 -3.4e+38 -3.4e+38 -3.4e+38 -3.4e+38 -3.4e+38 -3.4e+38 -3.4e+38 -3.4e+38 -3.4e+38 -3.4e+38
623.200012207031 543.400024414062 452.5 388.799987792969 354.899993896484 318.700012207031 280.799987792969 261.5 247.300003051758 236.300003051758 226.5 213.600006103516 203.100006103516 209.300003051758 205.600006103516 198.399993896484 202.5 190.399993896484 196.199996948242 203.399993896484 189.699996948242 189.600006103516 188.5 193.5 198.199996948242 202.300003051758 204.300003051758 202.699996948242 203.899993896484 204.5 205.600006103516 207.800003051758 208.600006103516 209.199996948242 205.399993896484 201.600006103516 200.600006103516 198.399993896484 200.399993896484 -3.4e+38 -3.4e+38 -3.4e+38 -3.4e+38 -3.4e+38 245 252.199996948242 -3.4e+38 -3.4e+38 -3.4e+38 -3.4e+38 -3.4e+38 -3.4e+38 -3.4e+38 -3.4e+38 -3.4e+38
622.400024414062 525 453 386.799987792969 361.299987792969 307.799987792969 268.5 249.5 234.5 224.600006103516 213.800003051758 206.100006103516 201.899993896484 197.600006103516 191.399993896484 185.800003051758 182.899993896484 182.199996948242 185.199996948242 186 186.100006103516 191.5 187.199996948242 192.300003051758 195.899993896484 200.899993896484 202.5 204.199996948242 201.100006103516 202 203.800003051758 206.399993896484 204.600006103516 203.300003051758 200.300003051758 197 191.899993896484 190 191.199996948242 195.600006103516 -3.4e+38 -3.4e+38 -3.4e+38 -3.4e+38 239.100006103516 248.100006103516 -3.4e+38 -3.4e+38 -3.4e+38 -3.4e+38 -3.4e+38 -3.4e+38 -3.4e+38 -3.4e+38 -3.4e+38
616.900024414062 493.700012207031 409 360.799987792969 347.799987792969 313.700012207031 268.200012207031 257 238.300003051758 230.199996948242 203.100006103516 201.899993896484 199.5 192.899993896484 188.899993896484 190.600006103516 185.5 187.600006103516 188.300003051758 190.100006103516 190.800003051758 192.699996948242 185.5 191.600006103516 196.199996948242 200.100006103516 205.600006103516 206.399993896484 202 199.800003051758 201.100006103516 200.5 202.100006103516 200.300003051758 197.5 192.199996948242 186.100006103516 181.399993896484 -3.4e+38 -3.4e+38 -3.4e+38 -3.4e+38 -3.4e+38 224.199996948242 244.199996948242 246.5 -3.4e+38 -3.4e+38 -3.4e+38 -3.4e+38 -3.4e+38 -3.4e+38 -3.4e+38 -3.4e+38 -3.4e+38
594 470 394.200012207031 346.600006103516 333.899993896484 289.100006103516 254.600006103516 245.100006103516 223.600006103516 222.699996948242 219.199996948242 193.800003051758 189.100006103516 186.399993896484 187 192.699996948242 185.5 186.899993896484 187 184.800003051758 185.199996948242 182.100006103516 185.699996948242 191.800003051758 205.399993896484 206.5 208.300003051758 209.5 207.5 202.899993896484 201.699996948242 201.300003051758 199.300003051758 197.100006103516 193.699996948242 191.5 186.899993896484 181.199996948242 -3.4e+38 -3.4e+38 -3.4e+38 -3.4e+38 -3.4e+38 224.199996948242 236 246.300003051758 -3.4e+38 -3.4e+38 -3.4e+38 -3.4e+38 -3.4e+38 -3.4e+38 -3.4e+38 -3.4e+38 -3.4e+38
570 450 390 344.100006103516 328.600006103516 279.100006103516 239.899993896484 219.199996948242 207.800003051758 206.100006103516 194.100006103516 197 181.100006103516 180.199996948242 185 183.699996948242 183.399993896484 182 180.699996948242 176.899993896484 180.899993896484 181.399993896484 189.5 196.899993896484 210.100006103516 230.899993896484 230.199996948242 217.800003051758 220.199996948242 212.899993896484 198.399993896484 197.899993896484 198.800003051758 197.600006103516 197.5 195.399993896484 192.800003051758 185.5 186.899993896484 -3.4e+38 -3.4e+38 -3.4e+38 -3.4e+38 -3.4e+38 -3.4e+38 -3.4e+38 -3.4e+38 -3.4e+38 -3.4e+38 -3.4e+38 -3.4e+38 -3.4e+38 -3.4e+38 -3.4e+38 -3.4e+38
600.200012207031 474.399993896484 400 340.700012207031 309.100006103516 280.700012207031 237.699996948242 214.600006103516 201.300003051758 192.800003051758 190.899993896484 184.5 195.199996948242 183.699996948242 180.199996948242 181.399993896484 179.600006103516 176.100006103516 180.699996948242 180.600006103516 185.300003051758 184.199996948242 200 214 214.600006103516 210.800003051758 207.100006103516 209.5 208.800003051758 196.100006103516 193.399993896484 193.899993896484 196.699996948242 199.800003051758 206.600006103516 202.5 200.300003051758 194.800003051758 190.600006103516 192.199996948242 -3.4e+38 -3.4e+38 -3.4e+38 -3.4e+38 -3.4e+38 -3.4e+38 -3.4e+38 -3.4e+38 -3.4e+38 -3.4e+38 -3.4e+38 -3.4e+38 -3.4e+38 -3.4e+38 -3.4e+38
580.400024414062 485.5 397.700012207031 339.399993896484 287.700012207031 263.899993896484 230.199996948242 209.199996948242 191.899993896484 184.199996948242 197.300003051758 173.600006103516 182.100006103516 187.699996948242 179 180.300003051758 187.800003051758 174.300003051758 182.399993896484 191.100006103516 196.899993896484 199.699996948242 208.800003051758 207.5 204.399993896484 200.600006103516 195.699996948242 196.199996948242 191.300003051758 190.399993896484 191.699996948242 193.399993896484 196.899993896484 199 202.100006103516 205.5 210 207.100006103516 -3.4e+38 -3.4e+38 -3.4e+38 -3.4e+38 -3.4e+38 -3.4e+38 -3.4e+38 -3.4e+38 -3.4e+38 -3.4e+38 -3.4e+38 -3.4e+38 -3.4e+38 -3.4e+38 -3.4e+38 -3.4e+38 -3.4e+38
