data/layers/future_layer_can_585_60/bio15.asc
NCOLS 494 
NROWS 529 
XLLCORNER -117.166666666667 
YLLCORNER -55.5 
CELLSIZE 0.166666666666667 
NODATA_value -3.4e+38 
[rows 250 to 274 of 529, columns 220 to 274 of 494]
-3.4e+38 -3.4e+38 -3.4e+38 -3.4e+38 -3.4e+38 -3.4e+38 -3.4e+38 -3.4e+38 -3.4e+38 -3.4e+38 -3.4e+38 -3.4e+38 82.3000030517578 98.4000015258789 97.5999984741211 81.6999969482422 79.5999984741211 71.3000030517578 69.3000030517578 67.4000015258789 69.6999969482422 67.3000030517578 63.9000015258789 58.7999992370605 54.0999984741211 47.7000007629395 50.4000015258789 51.7999992370605 51.2999992370605 50.7999992370605 51 50.5999984741211 50.0999984741211 50.5999984741211 51.5999984741211 52.4000015258789 53.7000007629395 54.9000015258789 56.4000015258789 58.0999984741211 60.2999992370605 62.5999984741211 64.6999969482422 66.8000030517578 68.4000015258789 69 68.8000030517578 68.3000030517578 68.0999984741211 67.3000030517578 66.4000015258789 65.5999984741211 64.8000030517578 63.7000007629395 62.9000015258789
-3.4e+38 -3.4e+38 -3.4e+38 -3.4e+38 -3.4e+38 -3.4e+38 -3.4e+38 -3.4e+38 -3.4e+38 -3.4e+38 -3.4e+38 -3.4e+38 68.4000015258789 90.8000030517578 106 83.4000015258789 81.5999984741211 76.9000015258789 70.1999969482422 67.4000015258789 68 66.6999969482422 65.3000030517578 59.9000015258789 55.2000007629395 51.7999992370605 52.0999984741211 53.2000007629395 54 49.7999992370605 51 50.4000015258789 50.5 51.0999984741211 51.9000015258789 52.7000007629395 53.9000015258789 55.2999992370605 57 58.7999992370605 61 63.2999992370605 65.3000030517578 67.5 68.9000015258789 69.3000030517578 69.4000015258789 69 68.4000015258789 67.5999984741211 66.9000015258789 66.1999969482422 65.4000015258789 64.1999969482422 63.5999984741211
-3.4e+38 -3.4e+38 -3.4e+38 -3.4e+38 -3.4e+38 -3.4e+38 -3.4e+38 -3.4e+38 -3.4e+38 -3.4e+38 -3.4e+38 -3.4e+38 -3.4e+38 78 106.800003051758 92.9000015258789 82 81.5999984741211 76 70.4000015258789 70.3000030517578 65.9000015258789 65.5 62.5999984741211 60.2999992370605 57.5999984741211 55.0999984741211 56.0999984741211 57 50.5999984741211 51.0999984741211 50.4000015258789 50.4000015258789 51.5999984741211 53.4000015258789 54 54.0999984741211 55.5 57.4000015258789 59.2999992370605 61.5999984741211 64.0999984741211 66.0999984741211 68.3000030517578 69.6999969482422 69.8000030517578 69.5 69.3000030517578 68.5999984741211 67.8000030517578 67.4000015258789 66.8000030517578 65.9000015258789 64.6999969482422 64.0999984741211
-3.4e+38 -3.4e+38 -3.4e+38 -3.4e+38 -3.4e+38 -3.4e+38 -3.4e+38 -3.4e+38 -3.4e+38 -3.4e+38 -3.4e+38 -3.4e+38 -3.4e+38 84 97.5 114.099998474121 91 83.4000015258789 78.6999969482422 72.8000030517578 68.5999984741211 67.1999969482422 67.1999969482422 62.7000007629395 62.4000015258789 62 61.0999984741211 60.4000015258789 62.7000007629395 52.5 51.2000007629395 50.2999992370605 50.2000007629395 51.5 53.5999984741211 56.2999992370605 53.5999984741211 56.2000007629395 58.2999992370605 60.2999992370605 62.2999992370605 64.5 66.5 69 70.5999984741211 70.3000030517578 70.0999984741211 69.4000015258789 68.8000030517578 68.3000030517578 67.6999969482422 67 66 65.0999984741211 64.5999984741211
-3.4e+38 -3.4e+38 -3.4e+38 -3.4e+38 -3.4e+38 -3.4e+38 -3.4e+38 -3.4e+38 -3.4e+38 -3.4e+38 -3.4e+38 -3.4e+38 -3.4e+38 -3.4e+38 99.6999969482422 118.800003051758 97.3000030517578 87.0999984741211 82.1999969482422 76.3000030517578 69.5999984741211 67.9000015258789 67.3000030517578 62.5999984741211 60.9000015258789 62.7000007629395 66.6999969482422 65.0999984741211 66.5 57.0999984741211 51.7000007629395 50.7000007629395 50 50.7999992370605 53 56.7999992370605 55 57.2999992370605 58.7999992370605 61.2000007629395 63.2999992370605 65.1999969482422 67.5999984741211 69.5999984741211 71.0999984741211 70.9000015258789 70.5999984741211 69.6999969482422 69.3000030517578 68.5 67.8000030517578 67 66.1999969482422 65.5999984741211 65
-3.4e+38 -3.4e+38 -3.4e+38 -3.4e+38 -3.4e+38 -3.4e+38 -3.4e+38 -3.4e+38 -3.4e+38 -3.4e+38 -3.4e+38 -3.4e+38 -3.4e+38 -3.4e+38 87.6999969482422 112.300003051758 129.899993896484 92.9000015258789 85.9000015258789 78.6999969482422 72.9000015258789 70.1999969482422 67 65 65.1999969482422 74.3000030517578 66.5 64.3000030517578 66.4000015258789 60.7000007629395 52.7999992370605 51.5999984741211 50.7000007629395 51.2000007629395 53.2999992370605 56.4000015258789 56.9000015258789 57.7999992370605 59 60.9000015258789 62.9000015258789 64.8000030517578 67 68.9000015258789 70.0999984741211 70 69.5999984741211 69.1999969482422 68.9000015258789 68.3000030517578 67.5999984741211 66.8000030517578 66.3000030517578 65.6999969482422 64.9000015258789
-3.4e+38 -3.4e+38 -3.4e+38 -3.4e+38 -3.4e+38 -3.4e+38 -3.4e+38 -3.4e+38 -3.4e+38 -3.4e+38 -3.4e+38 -3.4e+38 -3.4e+38 -3.4e+38 73 100.5 144 129.199996948242 98.3000030517578 86.1999969482422 79.5999984741211 70.4000015258789 68.4000015258789 66 62.2999992370605 71.5 62.7000007629395 65.1999969482422 67.9000015258789 63.2000007629395 54.7999992370605 53 52.2000007629395 53 54.0999984741211 56 59.4000015258789 58.2000007629395 59.4000015258789 61 62.5999984741211 64.4000015258789 66.0999984741211 67.8000030517578 68.8000030517578 68.8000030517578 68.5999984741211 68.3000030517578 68.1999969482422 67.5999984741211 67 66.4000015258789 65.9000015258789 65.5 65
-3.4e+38 -3.4e+38 -3.4e+38 -3.4e+38 -3.4e+38 -3.4e+38 -3.4e+38 -3.4e+38 -3.4e+38 -3.4e+38 -3.4e+38 -3.4e+38 -3.4e+38 -3.4e+38 -3.4e+38 99.1999969482422 151.800003051758 131.600006103516 103 88.0999984741211 88.4000015258789 73.9000015258789 68.6999969482422 65.5 66.0999984741211 70.5999984741211 65.3000030517578 67.5 72.4000015258789 67.8000030517578 55.5 54.7000007629395 54.2000007629395 55.2999992370605 56.4000015258789 57.4000015258789 59.9000015258789 60.0999984741211 59.7000007629395 61.2999992370605 62.7000007629395 64 65.5 67.0999984741211 67.6999969482422 68 68 67.5 67.4000015258789 67 66.3000030517578 66.0999984741211 65.6999969482422 65.3000030517578 65.0999984741211
-3.4e+38 -3.4e+38 -3.4e+38 -3.4e+38 -3.4e+38 -3.4e+38 -3.4e+38 -3.4e+38 -3.4e+38 -3.4e+38 -3.4e+38 -3.4e+38 -3.4e+38 -3.4e+38 -3.4e+38 72.4000015258789 101.5 134 120.599998474121 99.5999984741211 97.9000015258789 78.4000015258789 71 67.1999969482422 69.0999984741211 68.1999969482422 64.9000015258789 65.3000030517578 68 70.6999969482422 62.9000015258789 54.9000015258789 55.0999984741211 56.2000007629395 57.2999992370605 57.5999984741211 60.5 60.5 60.4000015258789 62.4000015258789 63.0999984741211 63.7999992370605 65 66.3000030517578 67 67.3000030517578 67.4000015258789 67.3000030517578 66.6999969482422 66.3000030517578 66 65.6999969482422 65.5 65.4000015258789 65.1999969482422
-3.4e+38 -3.4e+38 -3.4e+38 -3.4e+38 -3.4e+38 -3.4e+38 -3.4e+38 -3.4e+38 -3.4e+38 -3.4e+38 -3.4e+38 -3.4e+38 -3.4e+38 -3.4e+38 -3.4e+38 -3.4e+38 37.9000015258789 104.400001525879 134.199996948242 121.699996948242 94 80.3000030517578 75.5999984741211 71.0999984741211 68.9000015258789 68 65.9000015258789 66.5 68.6999969482422 70.6999969482422 69.5 60.0999984741211 56.0999984741211 56.2999992370605 57.4000015258789 58.4000015258789 61.4000015258789 62 60.5 63.5 64 64 64.9000015258789 65.8000030517578 66.5 67 66.9000015258789 66.8000030517578 66.5 66.0999984741211 65.9000015258789 65.5 65.3000030517578 65.4000015258789 65.4000015258789
-3.4e+38 -3.4e+38 -3.4e+38 -3.4e+38 -3.4e+38 -3.4e+38 -3.4e+38 -3.4e+38 -3.4e+38 -3.4e+38 -3.4e+38 -3.4e+38 -3.4e+38 -3.4e+38 -3.4e+38 -3.4e+38 -3.4e+38 50.4000015258789 138.5 111.5 86.5999984741211 88.6999969482422 79.1999969482422 72.9000015258789 71.5 70.4000015258789 67.4000015258789 69.1999969482422 75.0999984741211 71.8000030517578 65.4000015258789 60.2000007629395 57.5 56.7000007629395 57 58.4000015258789 61.5999984741211 62.7999992370605 60.7999992370605 63 64.6999969482422 65.1999969482422 65 65.4000015258789 65.5 66.0999984741211 66.0999984741211 66.0999984741211 65.9000015258789 65.5999984741211 65.8000030517578 65.6999969482422 65.5999984741211 65.4000015258789 65.3000030517578
-3.4e+38 -3.4e+38 -3.4e+38 -3.4e+38 -3.4e+38 -3.4e+38 -3.4e+38 -3.4e+38 -3.4e+38 -3.4e+38 -3.4e+38 -3.4e+38 -3.4e+38 -3.4e+38 -3.4e+38 -3.4e+38 -3.4e+38 28.6000003814697 107.699996948242 134.100006103516 117.800003051758 100.800003051758 86.5 75.0999984741211 72.5999984741211 74.6999969482422 70.9000015258789 69.4000015258789 74.0999984741211 75.3000030517578 62.7999992370605 58.7999992370605 57.5 59.2000007629395 58.5 59.5 59.2999992370605 63.0999984741211 64 63.5 65.1999969482422 65.5 65 65 65.0999984741211 65.3000030517578 65.3000030517578 65.1999969482422 65.1999969482422 65.3000030517578 65.5999984741211 65.5999984741211 65.3000030517578 65.1999969482422 65.4000015258789
-3.4e+38 -3.4e+38 -3.4e+38 -3.4e+38 -3.4e+38 -3.4e+38 -3.4e+38 -3.4e+38 -3.4e+38 -3.4e+38 -3.4e+38 -3.4e+38 -3.4e+38 -3.4e+38 -3.4e+38 -3.4e+38 -3.4e+38 -3.4e+38 34.5 106.199996948242 129.100006103516 96.8000030517578 83.6999969482422 77.9000015258789 72.8000030517578 74.3000030517578 74.4000015258789 70.5 71 73.5999984741211 60.2999992370605 58.7999992370605 58.2000007629395 56 59.2999992370605 59 62.0999984741211 63.4000015258789 62.9000015258789 62.2000007629395 64 65.6999969482422 64.9000015258789 64.5999984741211 64.6999969482422 64.6999969482422 64.6999969482422 64.8000030517578 65 65.0999984741211 64.9000015258789 64.9000015258789 64.9000015258789 65 65.1999969482422
-3.4e+38 -3.4e+38 -3.4e+38 -3.4e+38 -3.4e+38 -3.4e+38 -3.4e+38 -3.4e+38 -3.4e+38 -3.4e+38 -3.4e+38 -3.4e+38 -3.4e+38 -3.4e+38 -3.4e+38 -3.4e+38 -3.4e+38 -3.4e+38 52.5 80.5 138.199996948242 123 100.5 83.8000030517578 76.6999969482422 73.6999969482422 72.1999969482422 72.0999984741211 74.4000015258789 74.5 62.7000007629395 64.3000030517578 69.3000030517578 57.7999992370605 56.9000015258789 60.9000015258789 62 65.3000030517578 63.4000015258789 64.6999969482422 65.1999969482422 66.0999984741211 64.6999969482422 64 64.0999984741211 64.1999969482422 64 63.9000015258789 64.1999969482422 64.0999984741211 64.1999969482422 64.5 64.5999984741211 64.5999984741211 64.9000015258789
-3.4e+38 -3.4e+38 -3.4e+38 -3.4e+38 -3.4e+38 -3.4e+38 -3.4e+38 -3.4e+38 -3.4e+38 -3.4e+38 -3.4e+38 -3.4e+38 -3.4e+38 -3.4e+38 -3.4e+38 -3.4e+38 -3.4e+38 -3.4e+38 -3.4e+38 46 74.1999969482422 130.800003051758 100.5 89 81.4000015258789 76.5 75.1999969482422 74 77.1999969482422 77.4000015258789 69.9000015258789 65.1999969482422 71.0999984741211 66.9000015258789 58.4000015258789 57.7999992370605 61.0999984741211 60.2999992370605 65.1999969482422 60.5 61.2999992370605 63.5 64 63.5999984741211 63.4000015258789 63.5 63.4000015258789 63.7000007629395 63.7999992370605 63.9000015258789 63.9000015258789 64.0999984741211 64.0999984741211 64 64.5
-3.4e+38 -3.4e+38 -3.4e+38 -3.4e+38 -3.4e+38 -3.4e+38 -3.4e+38 -3.4e+38 -3.4e+38 -3.4e+38 -3.4e+38 -3.4e+38 -3.4e+38 -3.4e+38 -3.4e+38 -3.4e+38 -3.4e+38 -3.4e+38 -3.4e+38 -3.4e+38 99.5999984741211 135.800003051758 128.300003051758 94.5 86.5 81.9000015258789 79.8000030517578 77.6999969482422 77.3000030517578 78.4000015258789 74.5 73.1999969482422 72.9000015258789 70.0999984741211 67.9000015258789 58.7999992370605 60.4000015258789 59.4000015258789 65.5999984741211 62.5999984741211 62.5 60.7000007629395 62.2000007629395 63.9000015258789 63.4000015258789 62.9000015258789 63 63 63.4000015258789 63.5 63.5 63.7999992370605 63.7000007629395 63.7999992370605 64.3000030517578
-3.4e+38 -3.4e+38 -3.4e+38 -3.4e+38 -3.4e+38 -3.4e+38 -3.4e+38 -3.4e+38 -3.4e+38 -3.4e+38 -3.4e+38 -3.4e+38 -3.4e+38 -3.4e+38 -3.4e+38 -3.4e+38 -3.4e+38 -3.4e+38 -3.4e+38 -3.4e+38 81.5 133.199996948242 131.199996948242 106 92.1999969482422 88.6999969482422 83.8000030517578 82.5999984741211 82.9000015258789 85.3000030517578 82.0999984741211 75.5999984741211 74.1999969482422 70.9000015258789 70.5999984741211 64.9000015258789 59.4000015258789 60.5 63.2999992370605 64.4000015258789 63.0999984741211 61.0999984741211 61.5 63.4000015258789 63 62.7000007629395 62.4000015258789 62.5 63 63.0999984741211 63.2999992370605 63.0999984741211 63.2000007629395 63.5 64.0999984741211
-3.4e+38 -3.4e+38 -3.4e+38 -3.4e+38 -3.4e+38 -3.4e+38 -3.4e+38 -3.4e+38 -3.4e+38 -3.4e+38 -3.4e+38 -3.4e+38 -3.4e+38 -3.4e+38 -3.4e+38 -3.4e+38 -3.4e+38 -3.4e+38 -3.4e+38 -3.4e+38 45.0999984741211 124.099998474121 139.699996948242 123.400001525879 105 91.5 87.8000030517578 85.0999984741211 85.9000015258789 85 86.4000015258789 81.9000015258789 74.0999984741211 72.5 68.1999969482422 69.0999984741211 62.5 57.9000015258789 60.9000015258789 63.4000015258789 64 64.0999984741211 60.2000007629395 62.5 62.2000007629395 62.4000015258789 62.2999992370605 61.2000007629395 62 62.4000015258789 62.5 62.5999984741211 62.5999984741211 62.9000015258789 63.4000015258789
-3.4e+38 -3.4e+38 -3.4e+38 -3.4e+38 -3.4e+38 -3.4e+38 -3.4e+38 -3.4e+38 -3.4e+38 -3.4e+38 -3.4e+38 -3.4e+38 -3.4e+38 -3.4e+38 -3.4e+38 -3.4e+38 -3.4e+38 -3.4e+38 -3.4e+38 -3.4e+38 -3.4e+38 43.9000015258789 126.300003051758 134 113.900001525879 100.300003051758 95.3000030517578 90.8000030517578 88 88.1999969482422 86.5 86.4000015258789 75.5 71.9000015258789 71.1999969482422 69.1999969482422 66.6999969482422 58.5999984741211 59.7000007629395 60.7999992370605 62 64.3000030517578 63 61.7999992370605 62.7999992370605 62.2999992370605 63.0999984741211 64.5 64.8000030517578 65.3000030517578 65.1999969482422 62.9000015258789 62.0999984741211 62.2000007629395 62.5
-3.4e+38 -3.4e+38 -3.4e+38 -3.4e+38 -3.4e+38 -3.4e+38 -3.4e+38 -3.4e+38 -3.4e+38 -3.4e+38 -3.4e+38 -3.4e+38 -3.4e+38 -3.4e+38 -3.4e+38 -3.4e+38 -3.4e+38 -3.4e+38 -3.4e+38 -3.4e+38 -3.4e+38 -3.4e+38 63.5999984741211 136.100006103516 122.800003051758 115.099998474121 99 93.5999984741211 93.5999984741211 87.5 85.8000030517578 83.5999984741211 78.1999969482422 76.3000030517578 75.0999984741211 70.0999984741211 65.9000015258789 62.2999992370605 60.9000015258789 61.7000007629395 62.5999984741211 64.4000015258789 64.9000015258789 64.5999984741211 63.0999984741211 64 65.1999969482422 66.9000015258789 67.5999984741211 67.0999984741211 67.1999969482422 64.5999984741211 63 62.2000007629395 62.2000007629395
-3.4e+38 -3.4e+38 -3.4e+38 -3.4e+38 -3.4e+38 -3.4e+38 -3.4e+38 -3.4e+38 -3.4e+38 -3.4e+38 -3.4e+38 -3.4e+38 -3.4e+38 -3.4e+38 -3.4e+38 -3.4e+38 -3.4e+38 -3.4e+38 -3.4e+38 -3.4e+38 -3.4e+38 -3.4e+38 -3.4e+38 119.400001525879 133.600006103516 124.099998474121 104.400001525879 102.400001525879 96.1999969482422 90.4000015258789 86.9000015258789 83.9000015258789 81.4000015258789 76.6999969482422 75.8000030517578 75.0999984741211 70.5999984741211 65.5999984741211 61.4000015258789 62.2999992370605 65.0999984741211 67.5 65.3000030517578 66 64.8000030517578 66.1999969482422 67.9000015258789 69 70 71.5 72.5 67.3000030517578 65.6999969482422 63.0999984741211 62.0999984741211
-3.4e+38 -3.4e+38 -3.4e+38 -3.4e+38 -3.4e+38 -3.4e+38 -3.4e+38 -3.4e+38 -3.4e+38 -3.4e+38 -3.4e+38 -3.4e+38 -3.4e+38 -3.4e+38 -3.4e+38 -3.4e+38 -3.4e+38 -3.4e+38 -3.4e+38 -3.4e+38 -3.4e+38 -3.4e+38 -3.4e+38 50.4000015258789 139.899993896484 130.600006103516 109.5 110 97.1999969482422 93.5 89.4000015258789 85.0999984741211 81.5999984741211 80.9000015258789 78.5999984741211 75.0999984741211 74.5 70.6999969482422 65.5 62.5 64.6999969482422 68 67.0999984741211 67 67.8000030517578 69.6999969482422 71 73 73.1999969482422 73.0999984741211 74.3000030517578 68.8000030517578 66.0999984741211 63.5999984741211 61.9000015258789
-3.4e+38 -3.4e+38 -3.4e+38 -3.4e+38 -3.4e+38 -3.4e+38 -3.4e+38 -3.4e+38 -3.4e+38 -3.4e+38 -3.4e+38 -3.4e+38 -3.4e+38 -3.4e+38 -3.4e+38 -3.4e+38 -3.4e+38 -3.4e+38 -3.4e+38 -3.4e+38 -3.4e+38 -3.4e+38 -3.4e+38 -3.4e+38 80.0999984741211 141.199996948242 122.699996948242 121.900001525879 103.900001525879 97.1999969482422 93.1999969482422 88.6999969482422 84.9000015258789 81 78.5 79.4000015258789 78.9000015258789 77.5 73.4000015258789 67.3000030517578 63.9000015258789 67.1999969482422 66.5999984741211 67.9000015258789 68.6999969482422 70.0999984741211 70.5999984741211 73.9000015258789 74.3000030517578 74.4000015258789 75.5 74.5 65.9000015258789 62.5999984741211 61.0999984741211
-3.4e+38 -3.4e+38 -3.4e+38 -3.4e+38 -3.4e+38 -3.4e+38 -3.4e+38 -3.4e+38 -3.4e+38 -3.4e+38 -3.4e+38 -3.4e+38 -3.4e+38 -3.4e+38 -3.4e+38 -3.4e+38 -3.4e+38 -3.4e+38 -3.4e+38 -3.4e+38 -3.4e+38 -3.4e+38 -3.4e+38 -3.4e+38 86.1999969482422 118.199996948242 139.5 133.600006103516 110.599998474121 100.400001525879 96.3000030517578 92.3000030517578 88 84.4000015258789 81.8000030517578 81.1999969482422 83.5999984741211 82.4000015258789 77.1999969482422 75.8000030517578 70.6999969482422 67.5999984741211 68.6999969482422 69.1999969482422 71.5999984741211 73.9000015258789 74.1999969482422 77 76.5 82.0999984741211 80.6999969482422 79.8000030517578 67.3000030517578 61.2999992370605 60.5
-3.4e+38 -3.4e+38 -3.4e+38 -3.4e+38 -3.4e+38 -3.4e+38 -3.4e+38 -3.4e+38 -3.4e+38 -3.4e+38 -3.4e+38 -3.4e+38 -3.4e+38 -3.4e+38 -3.4e+38 -3.4e+38 -3.4e+38 -3.4e+38 -3.4e+38 -3.4e+38 -3.4e+38 -3.4e+38 -3.4e+38 -3.4e+38 -3.4e+38 74.6999969482422 145.600006103516 127.599998474121 112.300003051758 110.199996948242 99.1999969482422 95.5999984741211 91.3000030517578 87.3000030517578 85 82.5999984741211 85.0999984741211 89.5999984741211 82.8000030517578 83.4000015258789 76.1999969482422 70.9000015258789 72.4000015258789 74.6999969482422 77.3000030517578 80.9000015258789 79.6999969482422 80 83.8000030517578 88.0999984741211 89.8000030517578 90.9000015258789 82.4000015258789 62.4000015258789 59.4000015258789
