data/layers/future_layer_can_585_60/bio14.asc
NCOLS 494 
NROWS 529 
XLLCORNER -117.166666666667 
YLLCORNER -55.5 
CELLSIZE 0.166666666666667 
NODATA_value -3.4e+38 
[rows 338 to 363 of 529, columns 348 to 405 of 494]
19.8999996185303 19.6000003814697 18.6000003814697 17.3999996185303 15.3000001907349 15 16.3999996185303 18.7000007629395 21.1000003814697 23.2000007629395 25.8999996185303 27.8999996185303 29.6000003814697 31.3999996185303 34 36.2999992370605 38.5999984741211 41.7999992370605 43.5999984741211 46.5 48.0999984741211 48.5 49.2999992370605 49.5 48.5999984741211 46.5999984741211 45.0999984741211 43.9000015258789 42.4000015258789 41.2999992370605 41.2999992370605 41.0999984741211 40.9000015258789 41.7000007629395 44.5 46 45.2999992370605 44 43.5 44.4000015258789 44.7999992370605 43.2999992370605 42.5999984741211 41.9000015258789 43.2999992370605 44.2999992370605 45.4000015258789 46.9000015258789 46.5999984741211 44.5 44.7999992370605 45.9000015258789 45.5 43.7999992370605 40.9000015258789 35.5 31.8999996185303 32.7999992370605
17.7999992370605 17.7000007629395 17.2999992370605 16.2999992370605 15.3999996185303 15.1000003814697 15.8999996185303 17.7999992370605 20.1000003814697 21.7999992370605 23.6000003814697 25.2999992370605 27.2999992370605 29 31.7999992370605 35.0999984741211 38.2999992370605 41.5 44.2999992370605 46.7000007629395 48.5999984741211 49.9000015258789 50.5999984741211 51.0999984741211 50.5999984741211 48.4000015258789 46.4000015258789 44.5999984741211 42.4000015258789 42.2999992370605 43.0999984741211 41.5 40.0999984741211 40.2999992370605 43.5999984741211 46.0999984741211 49.7999992370605 49.9000015258789 47.7999992370605 50 50.2000007629395 47.5 47.4000015258789 46.7000007629395 46.5999984741211 47.5999984741211 49.2000007629395 50.4000015258789 50.2999992370605 47.9000015258789 46.7999992370605 46.5999984741211 44.4000015258789 41.9000015258789 39.4000015258789 35.7999992370605 33.5999984741211 33.2000007629395
16 15.8000001907349 15.3999996185303 14.8000001907349 14.8000001907349 15.6000003814697 16.1000003814697 17.6000003814697 19.2000007629395 20.6000003814697 22.3999996185303 23.3999996185303 25 27.2000007629395 30.2000007629395 33.4000015258789 37.5999984741211 41.4000015258789 45 47.4000015258789 50.2000007629395 51.4000015258789 52.5 53.4000015258789 52.7000007629395 50.7999992370605 49.4000015258789 47.2000007629395 45.0999984741211 46.7999992370605 46.0999984741211 44.5999984741211 42.5 41.9000015258789 44.5999984741211 47.5 51 52.9000015258789 53 54.2999992370605 55.2000007629395 52.7999992370605 50.7999992370605 49.7999992370605 51.0999984741211 50.0999984741211 50.5 50.4000015258789 52.7999992370605 52.2999992370605 49 46.7999992370605 44.4000015258789 42.9000015258789 40.5 37.5999984741211 36.4000015258789 33.9000015258789
14.3999996185303 14.3999996185303 14 14 14.1000003814697 15.1999998092651 15.8999996185303 17.1000003814697 18.5 20.2999992370605 21.7000007629395 22.2000007629395 23.2999992370605 25.6000003814697 29 33.2999992370605 37.7999992370605 41.7999992370605 45.7000007629395 48.7999992370605 51.7999992370605 53.7999992370605 55.7000007629395 57 56.0999984741211 55.4000015258789 54.5999984741211 52.4000015258789 50.2999992370605 50.7000007629395 50.0999984741211 48.5999984741211 47.2000007629395 48.2000007629395 48.5999984741211 49.7000007629395 50.9000015258789 52.0999984741211 53.7999992370605 57.4000015258789 56.7999992370605 52.0999984741211 49.2999992370605 52.2000007629395 54.9000015258789 54.5999984741211 52.7999992370605 52.2000007629395 52.4000015258789 54 51.5999984741211 48.5999984741211 46.5999984741211 45.7999992370605 43.7999992370605 41.7999992370605 41.0999984741211 39.0999984741211
13.3999996185303 13.1000003814697 12.5 13.5 13.8000001907349 14.3000001907349 15.6000003814697 16.7999992370605 18.7000007629395 20.3999996185303 21.5 22.2999992370605 22.3999996185303 24.6000003814697 28.3999996185303 33.5999984741211 38.4000015258789 42.7000007629395 47 51 54.7999992370605 56.5999984741211 57.7999992370605 59.2000007629395 59.5999984741211 59.4000015258789 59.2999992370605 58.0999984741211 55.7999992370605 55.0999984741211 55.4000015258789 52.7999992370605 50.2999992370605 52.0999984741211 52.9000015258789 52.5999984741211 53.7000007629395 54.2000007629395 53.2999992370605 55.4000015258789 56.7999992370605 50.0999984741211 50.2999992370605 55.0999984741211 58.0999984741211 56.9000015258789 52.9000015258789 55.7000007629395 53.2999992370605 54.7999992370605 53.5999984741211 49.2000007629395 46.7999992370605 46.5999984741211 47.2999992370605 48.0999984741211 47.0999984741211 44.2999992370605
12.1999998092651 12 12.1000003814697 12.8000001907349 13.6999998092651 14.1000003814697 15.1000003814697 16.8999996185303 19.6000003814697 21.7999992370605 23.2999992370605 23.7000007629395 24.2999992370605 26.2999992370605 29.8999996185303 34.7999992370605 39.4000015258789 44.0999984741211 48.0999984741211 52.5 56.9000015258789 58.2999992370605 59.5999984741211 61 62.0999984741211 62.7999992370605 65.0999984741211 63.2999992370605 59.0999984741211 57.7999992370605 58.2999992370605 54.0999984741211 49.9000015258789 51.5 53.9000015258789 55.0999984741211 55.2999992370605 54.9000015258789 53.0999984741211 55.0999984741211 54.0999984741211 57.2000007629395 54.9000015258789 57.4000015258789 58.7999992370605 58.5999984741211 54.5999984741211 55.7999992370605 56.2000007629395 55.5999984741211 53.5999984741211 51.9000015258789 48.5 50.7000007629395 52.7999992370605 51.7000007629395 49.5999984741211 48.2999992370605
12.3000001907349 12 12 13.1000003814697 14 14.1000003814697 15.3999996185303 18.5 23.2000007629395 25.8999996185303 27.1000003814697 27.5 27.7999992370605 29.5 32.7000007629395 36.5 41 45.7999992370605 49.4000015258789 53.7999992370605 57 59.9000015258789 61.5999984741211 63.0999984741211 63.9000015258789 65.5999984741211 67 64.4000015258789 59 57.9000015258789 57.0999984741211 52.5999984741211 48.4000015258789 51.7000007629395 56.2999992370605 58.7000007629395 57.5999984741211 55.5 54.9000015258789 55.7000007629395 53.5999984741211 55.2000007629395 59.2000007629395 60.5 59.2999992370605 58.9000015258789 58.2000007629395 57.2999992370605 55.5999984741211 55.2999992370605 53.5999984741211 51.5 50.4000015258789 53 56.9000015258789 56.2000007629395 53.7999992370605 51
12.3999996185303 12 12.3999996185303 14.8999996185303 14.8000001907349 15.1999998092651 18.6000003814697 27 30.6000003814697 32.4000015258789 32.4000015258789 32.0999984741211 31.7000007629395 32.7000007629395 35.2999992370605 39.2999992370605 43 46.9000015258789 50.7999992370605 54.2999992370605 57.7999992370605 60.2000007629395 61.9000015258789 63.5 64.9000015258789 68.0999984741211 68.3000030517578 65.5 60.7999992370605 59.5 58.5999984741211 55.7000007629395 55.5999984741211 58.2999992370605 60.9000015258789 62.0999984741211 60.2999992370605 57.9000015258789 56.7999992370605 57.9000015258789 59.5999984741211 61.0999984741211 61.9000015258789 62.5 62.5999984741211 62.0999984741211 60.5999984741211 56.9000015258789 54.9000015258789 54.2999992370605 53.7999992370605 52.4000015258789 51.5999984741211 52.2000007629395 57.4000015258789 57.5999984741211 56.0999984741211 50.5999984741211
12.8999996185303 12.3999996185303 13.6999998092651 15.3999996185303 15.8000001907349 16 22.7000007629395 29.2999992370605 30.8999996185303 33.2999992370605 36.2000007629395 35.5 34.7999992370605 35.7999992370605 38.4000015258789 42.2000007629395 45.2999992370605 49.5 53.0999984741211 56 58.9000015258789 60.7000007629395 60.2999992370605 62.9000015258789 65.5999984741211 68.3000030517578 70.3000030517578 69.3000030517578 67.3000030517578 66.5 62.2000007629395 60.7000007629395 64.8000030517578 67.3000030517578 67.3000030517578 66.6999969482422 63.7999992370605 61 60.5999984741211 59.7000007629395 61.0999984741211 63.7000007629395 65.4000015258789 65.5 65.9000015258789 66.4000015258789 64.8000030517578 62.7000007629395 58.0999984741211 54.5999984741211 53.0999984741211 51.7000007629395 52 53.2000007629395 54.9000015258789 59.0999984741211 56.5999984741211 52
13.3000001907349 13.8999996185303 15 16.6000003814697 17.6000003814697 20 26.6000003814697 27.7999992370605 28.7999992370605 31.6000003814697 34.7999992370605 37.5999984741211 36.0999984741211 37.5999984741211 41.7999992370605 46 49.4000015258789 52.7000007629395 55.5999984741211 57.5 60.0999984741211 62 62.0999984741211 63.7000007629395 66.3000030517578 67.5999984741211 71.4000015258789 72.8000030517578 75.4000015258789 76.0999984741211 70.5 66.0999984741211 69.4000015258789 73.3000030517578 73.3000030517578 71.3000030517578 66.3000030517578 63.0999984741211 64.3000030517578 65 66.9000015258789 68.3000030517578 68.0999984741211 67.5999984741211 68.6999969482422 69 69.3000030517578 68.5 60.7999992370605 56 53.4000015258789 50.9000015258789 51.5999984741211 52.4000015258789 53 55.9000015258789 57.0999984741211 53.2999992370605
14.6000003814697 15.1000003814697 16.7999992370605 18.7999992370605 20.8999996185303 24.6000003814697 27.1000003814697 27.7999992370605 29.2000007629395 31.7999992370605 34.7999992370605 37.5999984741211 37 40.7000007629395 45.7999992370605 49.4000015258789 51.9000015258789 55.0999984741211 57.5999984741211 59.9000015258789 61.5 62.5 64.4000015258789 66.9000015258789 68.5999984741211 69.9000015258789 73.0999984741211 75.0999984741211 78.4000015258789 81.4000015258789 77.9000015258789 74.0999984741211 73.0999984741211 75.9000015258789 77.0999984741211 74.4000015258789 68.4000015258789 64.9000015258789 65.9000015258789 68.6999969482422 70.8000030517578 70.4000015258789 70 71.5999984741211 72.0999984741211 71.6999969482422 71.6999969482422 70.0999984741211 64.6999969482422 58 53.4000015258789 51.0999984741211 52.2999992370605 53.0999984741211 53.4000015258789 53.0999984741211 56 53.7999992370605
16.1000003814697 16.3999996185303 18.3999996185303 21.1000003814697 24.3999996185303 26.6000003814697 27.7999992370605 28.6000003814697 29.8999996185303 32.7999992370605 36.5999984741211 39.9000015258789 43 45.2999992370605 46.7999992370605 48.5999984741211 50.7999992370605 53.4000015258789 56.5 59.7999992370605 62.5 63.4000015258789 64.0999984741211 66.6999969482422 69.9000015258789 73.0999984741211 75.4000015258789 77.5999984741211 78.5999984741211 78 77.0999984741211 74.4000015258789 73.9000015258789 75.6999969482422 78 77.8000030517578 74.4000015258789 69.9000015258789 70.3000030517578 72.3000030517578 74.5 74.1999969482422 75.8000030517578 75.4000015258789 75.0999984741211 74.3000030517578 73.4000015258789 71.8000030517578 68.4000015258789 63 57.9000015258789 54.5999984741211 54.5999984741211 55.2999992370605 53.7999992370605 51.0999984741211 50 48.9000015258789
17.2999992370605 18.1000003814697 20.1000003814697 22.7999992370605 26.5 26.6000003814697 28.2999992370605 29 30.5 33.7000007629395 37.5 41.5999984741211 46.2999992370605 48.5999984741211 48.5 48.7999992370605 49.5 52.2000007629395 55.2999992370605 58.7000007629395 62.0999984741211 65.8000030517578 66.3000030517578 67.4000015258789 70.0999984741211 71.8000030517578 72.5999984741211 73.5 74.5999984741211 74.9000015258789 75.0999984741211 73.9000015258789 74 75.9000015258789 81.0999984741211 82.9000015258789 80.9000015258789 76.9000015258789 78.0999984741211 79.3000030517578 80.4000015258789 80.1999969482422 79.9000015258789 80 78.9000015258789 77.3000030517578 77.0999984741211 73.9000015258789 70 67.5 63.5999984741211 61.0999984741211 59.5 57.9000015258789 55.2999992370605 52.5999984741211 50.9000015258789 49
18.2000007629395 19.2999992370605 21 24.3999996185303 27.7000007629395 28.2999992370605 28.7999992370605 30.2999992370605 31.6000003814697 34.2000007629395 38.5999984741211 43.9000015258789 48.2000007629395 45.0999984741211 49.2000007629395 47.9000015258789 47.9000015258789 50.4000015258789 54.0999984741211 58.0999984741211 61.5999984741211 65.8000030517578 67.6999969482422 68.5 70.0999984741211 69.8000030517578 69.0999984741211 68.3000030517578 69.0999984741211 70.5999984741211 73.5999984741211 76.1999969482422 77.9000015258789 80.1999969482422 86.8000030517578 89.3000030517578 87.5 84.5 85.8000030517578 87.6999969482422 87.9000015258789 87.4000015258789 85.0999984741211 84.3000030517578 85.3000030517578 84.3000030517578 82.5999984741211 76.1999969482422 72.4000015258789 71.5999984741211 68.3000030517578 65.9000015258789 64.8000030517578 61.7999992370605 59 56.2999992370605 54.5999984741211 54
19.7999992370605 20 21.2999992370605 24.8999996185303 28.1000003814697 29.3999996185303 30.2999992370605 31.6000003814697 33.2000007629395 35 39.7000007629395 45.4000015258789 46.5999984741211 43.9000015258789 49.5999984741211 47.4000015258789 45.5999984741211 48.0999984741211 52.2999992370605 56.7000007629395 61.2000007629395 65.5999984741211 68.8000030517578 69.5 69.5999984741211 67 64 62.5999984741211 64.9000015258789 69.3000030517578 74.0999984741211 79.0999984741211 88.0999984741211 88.8000030517578 92.3000030517578 96 92.8000030517578 91.0999984741211 91.4000015258789 93.8000030517578 95.4000015258789 95.4000015258789 91.0999984741211 88.8000030517578 86.9000015258789 90.0999984741211 87.6999969482422 82.8000030517578 76.3000030517578 73.0999984741211 70.4000015258789 68.5 67.6999969482422 65.0999984741211 63.9000015258789 61.9000015258789 60.2000007629395 61.4000015258789
21.2000007629395 21.2999992370605 22.2999992370605 26.2999992370605 29.1000003814697 30.1000003814697 30.7000007629395 31.3999996185303 33 35.0999984741211 40.5 45.7000007629395 49.9000015258789 50.4000015258789 49.4000015258789 47.5999984741211 46.5 48.2999992370605 52 56.0999984741211 59.9000015258789 63.7999992370605 68.3000030517578 69.3000030517578 67.0999984741211 63.5 59.2999992370605 55.9000015258789 59.5999984741211 66.4000015258789 75.9000015258789 84.4000015258789 95.0999984741211 98.5999984741211 101.300003051758 101.900001525879 100 98.3000030517578 96.9000015258789 98.5999984741211 104.5 101.800003051758 92.5 89.5 87.3000030517578 85.8000030517578 83.5999984741211 81.5999984741211 79.5 75.0999984741211 70.5999984741211 69.6999969482422 69.4000015258789 68.5999984741211 67.4000015258789 67.4000015258789 66.9000015258789 67.5999984741211
22.6000003814697 23.7999992370605 24.6000003814697 28.2999992370605 30 31.1000003814697 32 32.4000015258789 33.2999992370605 36.2000007629395 41.0999984741211 44.5999984741211 48.2999992370605 49.4000015258789 49.5 48.7999992370605 48.2999992370605 50.0999984741211 53.5 55.2999992370605 58.0999984741211 63.7000007629395 67.1999969482422 67.8000030517578 65.9000015258789 61.9000015258789 56.4000015258789 52.2000007629395 57.5 68.0999984741211 77.6999969482422 89.0999984741211 94.5 99 101.599998474121 106.199996948242 106.800003051758 105.199996948242 105.699996948242 109.699996948242 115.099998474121 105.800003051758 90.9000015258789 82.6999969482422 85.8000030517578 85.8000030517578 83.0999984741211 79.6999969482422 79.1999969482422 76.3000030517578 72.5 71.1999969482422 71.9000015258789 71.9000015258789 70.4000015258789 70.0999984741211 71.5999984741211 73
24.1000003814697 25.2000007629395 27.2000007629395 29.8999996185303 31.6000003814697 32.0999984741211 33.4000015258789 34.7000007629395 35.9000015258789 38.2000007629395 41.2999992370605 44.2999992370605 47.9000015258789 49.2999992370605 49.4000015258789 49.2999992370605 50.5 52.7999992370605 55.7000007629395 57.5999984741211 60.0999984741211 64.3000030517578 66.4000015258789 68.0999984741211 66.9000015258789 64 59.5 58.5 60.9000015258789 70.5999984741211 80.5999984741211 89.9000015258789 91.9000015258789 99.6999969482422 100.900001525879 104.300003051758 106.900001525879 106.900001525879 108.599998474121 111.599998474121 117.699996948242 108.099998474121 91.9000015258789 83.5 84.8000030517578 85.6999969482422 84.9000015258789 81.4000015258789 78.9000015258789 78.6999969482422 76.5999984741211 73.8000030517578 73.0999984741211 72.4000015258789 73.8000030517578 73.4000015258789 74 73.6999969482422
26 27.2999992370605 29.1000003814697 31.1000003814697 32.2999992370605 33.2999992370605 34.5999984741211 35.0999984741211 36.0999984741211 38.5999984741211 40.5999984741211 44.7000007629395 47.5999984741211 49 49.7000007629395 51.0999984741211 53.4000015258789 55.2000007629395 56.9000015258789 60.2000007629395 63.5999984741211 64.8000030517578 66.6999969482422 67.6999969482422 69.0999984741211 66.5999984741211 64.4000015258789 65 70.4000015258789 76.5999984741211 81.5999984741211 88 93.5999984741211 99.5 101.099998474121 104.300003051758 107.099998474121 106.800003051758 107.800003051758 111.099998474121 119.800003051758 112.400001525879 98.8000030517578 90.5999984741211 87.3000030517578 87 86 82.5999984741211 78.5 77.3000030517578 79.8000030517578 80.0999984741211 78.4000015258789 75.4000015258789 78.8000030517578 79.0999984741211 80.1999969482422 75.8000030517578
26.3999996185303 28.2999992370605 30.2999992370605 31.8999996185303 32.9000015258789 34.4000015258789 35.4000015258789 36.4000015258789 37.0999984741211 37.7999992370605 39.7000007629395 43.7000007629395 46.9000015258789 48.7999992370605 50.5999984741211 52.2999992370605 54.7999992370605 56.5999984741211 60.2999992370605 63.9000015258789 66.1999969482422 68.9000015258789 68.6999969482422 68.0999984741211 69.5999984741211 70.4000015258789 69.4000015258789 70.8000030517578 75.9000015258789 78.9000015258789 82.9000015258789 87.5999984741211 92.4000015258789 98.9000015258789 101.300003051758 103.699996948242 105.300003051758 104.099998474121 106.300003051758 111.900001525879 118 113.599998474121 102.400001525879 94.3000030517578 88.9000015258789 85.9000015258789 82.1999969482422 80.5999984741211 78.4000015258789 78.0999984741211 74.9000015258789 75.4000015258789 77.5999984741211 81.5999984741211 82.9000015258789 84.0999984741211 85.3000030517578 83.0999984741211
26.2000007629395 28.1000003814697 30.7000007629395 32 32.9000015258789 35.2000007629395 35.9000015258789 36.5 37.2000007629395 38 38.5999984741211 41.9000015258789 44.9000015258789 47.7999992370605 50.9000015258789 53.7999992370605 56.4000015258789 59.4000015258789 63.2999992370605 67.0999984741211 70.9000015258789 71.5 71.1999969482422 70.9000015258789 72.8000030517578 74.9000015258789 75.6999969482422 77.1999969482422 79.6999969482422 80.5 85.3000030517578 89.0999984741211 92.9000015258789 98.0999984741211 100.900001525879 102.900001525879 103.400001525879 103.800003051758 104.599998474121 106.800003051758 108.900001525879 109.099998474121 103.699996948242 95.8000030517578 89.4000015258789 85.9000015258789 82.8000030517578 82.9000015258789 80.0999984741211 81.1999969482422 79.8000030517578 79.5999984741211 82.4000015258789 87 89.4000015258789 92.8000030517578 91.3000030517578 90.4000015258789
26 27.7999992370605 30.2000007629395 32.0999984741211 33.5 35.4000015258789 37.7000007629395 38.2999992370605 38.5 38.5999984741211 38.7999992370605 40.4000015258789 43.4000015258789 46.9000015258789 51.4000015258789 55.5 58 62.2000007629395 66.5999984741211 70.0999984741211 70.9000015258789 71.9000015258789 72.8000030517578 75.9000015258789 78.0999984741211 78.1999969482422 77.5999984741211 79.5999984741211 82.0999984741211 84 86.9000015258789 91 93.5999984741211 96.1999969482422 100.599998474121 102.800003051758 103.699996948242 102.699996948242 102.199996948242 104.900001525879 105.400001525879 103.400001525879 100.400001525879 95.5 89.4000015258789 85.4000015258789 83.8000030517578 83.4000015258789 84.3000030517578 86.0999984741211 85.4000015258789 84.5 85.3000030517578 88.5 90.5999984741211 93.6999969482422 93.3000030517578 92.3000030517578
26.3999996185303 28.2999992370605 30.1000003814697 32.4000015258789 34.2999992370605 35.7000007629395 37.4000015258789 38.2000007629395 38.7999992370605 39.2999992370605 38.5 39.7999992370605 43 46.4000015258789 51.9000015258789 56.2999992370605 60.0999984741211 63.7999992370605 69.8000030517578 69.1999969482422 69.5999984741211 71.5 73.4000015258789 75.9000015258789 80 80.5999984741211 81.6999969482422 83.4000015258789 83.9000015258789 85.8000030517578 88.9000015258789 92.6999969482422 95.9000015258789 97.8000030517578 101 101.800003051758 102.900001525879 104.099998474121 102.800003051758 104.5 104.300003051758 102.199996948242 99.1999969482422 92.5999984741211 86.0999984741211 83.9000015258789 86.3000030517578 85.8000030517578 87.4000015258789 89.5999984741211 90.3000030517578 88.4000015258789 87 87.0999984741211 87.9000015258789 87.9000015258789 90.9000015258789 94.6999969482422
27.3999996185303 28.6000003814697 30.3999996185303 32.2999992370605 34.7999992370605 35.9000015258789 37.7000007629395 38.7999992370605 40.7000007629395 41.0999984741211 40.7999992370605 42.0999984741211 44.7999992370605 48.0999984741211 52.4000015258789 56.5 60.5999984741211 65.3000030517578 68.5999984741211 68.5999984741211 69.5 72.0999984741211 74.5999984741211 77.8000030517578 80.9000015258789 83.3000030517578 84.5 85 86.0999984741211 87.5999984741211 89.8000030517578 94.4000015258789 97 98.0999984741211 100.5 101.599998474121 101.800003051758 103.800003051758 103.599998474121 104.699996948242 105.599998474121 104.099998474121 99.5999984741211 93.6999969482422 88.6999969482422 87.8000030517578 88.8000030517578 90.4000015258789 94.1999969482422 96.0999984741211 90.1999969482422 88.5 89.9000015258789 86.1999969482422 86.4000015258789 86.3000030517578 87.6999969482422 89.6999969482422
27.1000003814697 28.6000003814697 30.2000007629395 31.7999992370605 34.9000015258789 36.5999984741211 37.9000015258789 40.2000007629395 42.7999992370605 44.2000007629395 44.9000015258789 45.2999992370605 47.4000015258789 50.9000015258789 54.0999984741211 57.5999984741211 61.4000015258789 65.0999984741211 66.4000015258789 68.1999969482422 69.9000015258789 72.1999969482422 75.4000015258789 79.4000015258789 82.8000030517578 85.5 87.9000015258789 87.9000015258789 88.5 89.3000030517578 90.5999984741211 93.0999984741211 96.3000030517578 98.1999969482422 100.199996948242 101.400001525879 99.5 102.300003051758 105.5 106.199996948242 106.300003051758 107.199996948242 102.5 97.9000015258789 94.5 94.9000015258789 94.6999969482422 93.5 95.0999984741211 95.5999984741211 92.8000030517578 88.5999984741211 84.5 83.3000030517578 86.8000030517578 88.8000030517578 87.8000030517578 89.9000015258789
27.2999992370605 28.7000007629395 30.2000007629395 31.7000007629395 34.2000007629395 36.5999984741211 39.0999984741211 41.2000007629395 43.2999992370605 45.5999984741211 46.5999984741211 47.5 49 52.2999992370605 55.4000015258789 58.4000015258789 61.5 63.2999992370605 65.4000015258789 67.4000015258789 69.5999984741211 71.8000030517578 76.0999984741211 80.6999969482422 84.8000030517578 87.6999969482422 90.5999984741211 91.5 91.5999984741211 91.5999984741211 92.3000030517578 93.5999984741211 95.5999984741211 97.5 98.4000015258789 100.300003051758 98.9000015258789 101.599998474121 106.099998474121 107.300003051758 108.099998474121 109.599998474121 104.599998474121 102.300003051758 99.9000015258789 100.099998474121 99.8000030517578 97.4000015258789 97.5999984741211 95.3000030517578 94.3000030517578 89.9000015258789 87.9000015258789 87.6999969482422 95.3000030517578 102.900001525879 95.5999984741211 95.6999969482422
