data/layers/future_layer_can_585_60/bio12.asc
NCOLS 494 
NROWS 529 
XLLCORNER -117.166666666667 
YLLCORNER -55.5 
CELLSIZE 0.166666666666667 
NODATA_value -3.4e+38 
[rows 24 to 47 of 529, columns 55 to 109 of 494]
645.099975585938 591.299987792969 516.400024414062 472.200012207031 477.399993896484 484.399993896484 460.799987792969 465.600006103516 469.299987792969 502.5 462.600006103516 427.200012207031 415.799987792969 359.200012207031 323.100006103516 314.899993896484 334.899993896484 334.799987792969 327.600006103516 331.799987792969 346.899993896484 337 339.399993896484 327.100006103516 309.200012207031 304.700012207031 333 278.799987792969 248.5 245.199996948242 246.100006103516 257.600006103516 317.399993896484 303.299987792969 316.600006103516 325 349.700012207031 373.600006103516 390.200012207031 397.899993896484 414.200012207031 435.799987792969 460.399993896484 481.299987792969 503.100006103516 514.5 524.5 530 536.400024414062 539.599975585938 553.099975585938 578.799987792969 604.700012207031 608.299987792969 602.799987792969
721.5 609.599975585938 570.700012207031 504.200012207031 490.700012207031 500.100006103516 468.799987792969 458.399993896484 469.299987792969 459 459.700012207031 470.399993896484 415.600006103516 369.100006103516 331.700012207031 319.899993896484 323.899993896484 334.799987792969 359.5 361 364.899993896484 355.5 349.799987792969 326 295.799987792969 278.799987792969 272.799987792969 272.399993896484 250.800003051758 275.799987792969 255.100006103516 264.299987792969 324.299987792969 310.700012207031 325 335.799987792969 385.899993896484 446 457.899993896484 438.899993896484 407.299987792969 417.899993896484 443.100006103516 462.399993896484 480.299987792969 497.600006103516 508.700012207031 518.900024414062 526.200012207031 529.5 537.799987792969 557.5 577.700012207031 584.099975585938 580.599975585938
790.599975585938 712.5 653.299987792969 553.900024414062 549.900024414062 508.899993896484 494.5 471.700012207031 460.100006103516 459.200012207031 446.899993896484 456.899993896484 409 373.600006103516 347.5 328.299987792969 335.5 334.799987792969 339.100006103516 380.100006103516 385.100006103516 370.899993896484 366.399993896484 343.600006103516 296.700012207031 282.600006103516 281.200012207031 286.100006103516 263.200012207031 335.100006103516 277.799987792969 288.399993896484 305.299987792969 329.799987792969 334.899993896484 348.399993896484 395.5 468.799987792969 498.600006103516 472.299987792969 430.100006103516 416.299987792969 429 444.899993896484 464.100006103516 482.100006103516 492.600006103516 503 513.099975585938 518.200012207031 528.700012207031 546.799987792969 559.299987792969 564.200012207031 574
837 758.299987792969 693.900024414062 633.700012207031 589.200012207031 548.700012207031 522.400024414062 499.399993896484 489.899993896484 469.399993896484 453.899993896484 453 417.200012207031 367.700012207031 343.899993896484 340 343.299987792969 344.200012207031 358.299987792969 369.5 368.700012207031 375.700012207031 354 323 299.5 294 289.799987792969 289 279.200012207031 315.100006103516 315.5 306.899993896484 317.299987792969 331.600006103516 347.5 368.899993896484 434.700012207031 524.200012207031 504 471.700012207031 441.299987792969 422.5 419.299987792969 430.600006103516 447.5 464.200012207031 478.100006103516 488 499.100006103516 505.899993896484 519.599975585938 535.5 545.799987792969 552.599975585938 565.099975585938
855 788.200012207031 729 690.599975585938 628.099975585938 558.099975585938 556.099975585938 512.900024414062 505.299987792969 482.100006103516 465.899993896484 444.700012207031 411.100006103516 380.700012207031 358.899993896484 352.5 353.200012207031 359.700012207031 361.399993896484 368.100006103516 371.799987792969 375.100006103516 360.899993896484 333 313.399993896484 330 314.700012207031 292.299987792969 287.399993896484 293.899993896484 302.200012207031 318.899993896484 319.600006103516 340.299987792969 351.399993896484 366.200012207031 383.299987792969 458.100006103516 475.200012207031 457 436.200012207031 423.100006103516 414.899993896484 419.5 432.799987792969 450.100006103516 465.399993896484 475.899993896484 485.399993896484 494.5 504.200012207031 519.099975585938 530.299987792969 544.299987792969 563.299987792969
882.299987792969 819.099975585938 749.400024414062 705.299987792969 651.799987792969 594.900024414062 620.099975585938 558.700012207031 523.099975585938 513 467.700012207031 451.100006103516 432.700012207031 398.5 365.700012207031 353 366.700012207031 368.600006103516 360.700012207031 356.100006103516 372.5 364.700012207031 356.700012207031 347.899993896484 344.399993896484 331.899993896484 341 308.399993896484 297 298.299987792969 302.600006103516 339.5 333.899993896484 334.200012207031 349.5 363.399993896484 378.799987792969 398.899993896484 402 422 422.200012207031 414.399993896484 407.600006103516 410.100006103516 422 439.200012207031 455.399993896484 467.200012207031 475.799987792969 478 486.399993896484 503.5 519.400024414062 539 560.700012207031
922.5 844.599975585938 791.799987792969 731.400024414062 675.599975585938 638.599975585938 606.400024414062 563.099975585938 533.200012207031 516.799987792969 486.200012207031 467 425.5 387.100006103516 358.799987792969 334.200012207031 353.399993896484 357.799987792969 348.299987792969 354.299987792969 385.299987792969 367.700012207031 355.700012207031 351.399993896484 377.600006103516 348.399993896484 362.799987792969 342.100006103516 321.899993896484 312.5 307.799987792969 362.399993896484 365.799987792969 335.600006103516 348.700012207031 354.200012207031 366.399993896484 388.899993896484 385 398.799987792969 403.299987792969 404.100006103516 403.299987792969 400.700012207031 416.700012207031 432.899993896484 449.799987792969 464.200012207031 470.100006103516 468.399993896484 473.700012207031 492.299987792969 512.400024414062 534.5 560.700012207031
947.599975585938 876.900024414062 826.799987792969 769.5 724.299987792969 702.5 662.700012207031 588.700012207031 608.599975585938 513 472.899993896484 453.799987792969 437 417 390.799987792969 357.299987792969 358.299987792969 361.200012207031 350.200012207031 379.200012207031 369.899993896484 386.299987792969 364.899993896484 383.899993896484 361.799987792969 380.200012207031 383.200012207031 344 322.399993896484 314 305.600006103516 341.100006103516 379.600006103516 328.799987792969 326.700012207031 331.5 350.100006103516 359.399993896484 363 366.700012207031 388.399993896484 396.600006103516 402.399993896484 403.799987792969 411.200012207031 427 447.899993896484 465.700012207031 467.799987792969 467.799987792969 474.899993896484 488.200012207031 506.5 528.900024414062 560.200012207031
905.900024414062 923.700012207031 876.900024414062 816.599975585938 757.400024414062 732.5 727.299987792969 676 710.400024414062 534.700012207031 496.299987792969 497.100006103516 457.299987792969 469.799987792969 440.100006103516 408.100006103516 394.299987792969 378.399993896484 365.799987792969 380.200012207031 385.299987792969 372.5 387.899993896484 435.899993896484 370.299987792969 416 392.200012207031 341.299987792969 309.600006103516 305.399993896484 301.600006103516 322.200012207031 349.899993896484 312.5 303 333.799987792969 339.899993896484 347.700012207031 344.100006103516 351.5 369.299987792969 387.200012207031 402.600006103516 410.200012207031 418.200012207031 425.899993896484 450.600006103516 468.799987792969 464.600006103516 466 470.899993896484 484.399993896484 504.700012207031 527.799987792969 558
894.700012207031 880.900024414062 906.299987792969 866.900024414062 815.400024414062 793.299987792969 804.700012207031 788.299987792969 778.400024414062 562.299987792969 520.900024414062 551.700012207031 518 516.799987792969 485.100006103516 452.100006103516 432 405.5 385.899993896484 381.5 403.5 369.600006103516 402.100006103516 374.200012207031 329.399993896484 329.5 314.600006103516 294.700012207031 319.700012207031 290.799987792969 293.700012207031 309.899993896484 368.5 367.100006103516 308 300.399993896484 318.200012207031 333.600006103516 335.399993896484 353.5 370.399993896484 377 397.799987792969 421 428.299987792969 434.799987792969 449.399993896484 461.100006103516 458.5 459.799987792969 470.100006103516 483.5 506.5 528 553.599975585938
801.5 830.900024414062 963.099975585938 934.200012207031 894.099975585938 880.200012207031 882 887.900024414062 832.900024414062 611.200012207031 574.700012207031 603.599975585938 569.5 540.400024414062 520.599975585938 492.100006103516 462.600006103516 436.700012207031 422.299987792969 394.100006103516 384.899993896484 361.5 338.600006103516 311.899993896484 286.200012207031 282.600006103516 278.399993896484 276.600006103516 327.100006103516 274.399993896484 280.799987792969 274.299987792969 278.799987792969 278 255.5 259.399993896484 283.200012207031 310.200012207031 337.700012207031 365.600006103516 370.799987792969 386.799987792969 399.700012207031 423.5 444.200012207031 454.899993896484 460.399993896484 456.899993896484 452.899993896484 457.5 471.100006103516 485.299987792969 507.200012207031 534.5 555.700012207031
975.400024414062 903.299987792969 913.400024414062 949.099975585938 960.599975585938 927.400024414062 917 902.5 834.400024414062 715.5 634.5 636.5 628.599975585938 560.5 523.799987792969 511.200012207031 493.899993896484 477.200012207031 451.200012207031 416.600006103516 391 351.899993896484 312.700012207031 296.899993896484 270.799987792969 262.5 269.399993896484 275.700012207031 283.899993896484 314.100006103516 301.799987792969 302 280.799987792969 292.200012207031 266.399993896484 263.200012207031 261 312 309.200012207031 327.399993896484 347.700012207031 370.600006103516 392.600006103516 431.5 449.299987792969 468.5 480.799987792969 479.100006103516 465.200012207031 471.799987792969 483.5 497.5 514.700012207031 543.900024414062 559
1034.5 1070.5 996.099975585938 1050.90002441406 989.099975585938 958 908.400024414062 887.900024414062 858.200012207031 807 699.299987792969 696.700012207031 609 554.599975585938 524.5 529.099975585938 519.200012207031 500.899993896484 468.299987792969 430.700012207031 385.399993896484 331.399993896484 288.100006103516 270.700012207031 259.100006103516 258.399993896484 280.200012207031 273.600006103516 285.299987792969 287.299987792969 328.100006103516 248.100006103516 217.699996948242 202.300003051758 213.199996948242 242.699996948242 268.600006103516 299.899993896484 309.399993896484 318.600006103516 323.600006103516 334.600006103516 362.299987792969 410.299987792969 438.899993896484 476.5 501.399993896484 507.299987792969 497.200012207031 503.200012207031 505.399993896484 516.200012207031 535.200012207031 551.200012207031 557.599975585938
1043.19995117188 1037.59997558594 1107.19995117188 1082.59997558594 1087.80004882812 1012 950.700012207031 879.200012207031 843.799987792969 821 719.700012207031 734.200012207031 680.099975585938 568.799987792969 530.5 543.400024414062 542.700012207031 526.299987792969 483.600006103516 425.899993896484 389.200012207031 327.799987792969 282.700012207031 261.700012207031 254.399993896484 256.299987792969 281 261.100006103516 305.799987792969 241.800003051758 278.299987792969 208.399993896484 207.5 243.399993896484 278.700012207031 248 236.699996948242 325.600006103516 350.899993896484 315 315.100006103516 319.100006103516 344.399993896484 382.700012207031 416.600006103516 478.5 510.899993896484 545 546.700012207031 547.400024414062 534.799987792969 527.400024414062 532.799987792969 538.5 546.400024414062
1019 981.799987792969 1092.09997558594 1097 1085.40002441406 1043.19995117188 969.700012207031 892.900024414062 864.900024414062 823.299987792969 762.299987792969 706.5 649.700012207031 576.200012207031 556.900024414062 560 561.599975585938 548.700012207031 508.5 447.200012207031 386.600006103516 324.899993896484 292.200012207031 269.600006103516 260.600006103516 258.5 277.700012207031 261.799987792969 291.299987792969 244.5 321.799987792969 200.5 217.800003051758 275.600006103516 305.799987792969 301.799987792969 261 247.300003051758 280.899993896484 295.200012207031 310.899993896484 296 306.200012207031 337.299987792969 391.600006103516 464.799987792969 505 551.799987792969 573.200012207031 595.200012207031 567.200012207031 538.099975585938 524.700012207031 518 528.799987792969
958.599975585938 1016.09997558594 1013.09997558594 1087.59997558594 1027.30004882812 1041.5 978.400024414062 908.900024414062 857.700012207031 852.099975585938 828 747.5 635.400024414062 593.400024414062 570.200012207031 569.200012207031 569.200012207031 566.900024414062 544.700012207031 499.100006103516 420.200012207031 357.200012207031 313.100006103516 288.299987792969 271.799987792969 261.700012207031 256.5 256.299987792969 242.699996948242 223.199996948242 225.300003051758 229.600006103516 220.600006103516 240.800003051758 239.199996948242 287.100006103516 311 269 354.899993896484 296.600006103516 273 274.200012207031 283.100006103516 317.5 407.200012207031 480.600006103516 545.099975585938 566.400024414062 587.799987792969 602.799987792969 583.5 547.200012207031 517.5 510.600006103516 532.5
878.200012207031 973.5 1135.59997558594 994 1007.09997558594 1043.19995117188 989.700012207031 924.700012207031 868 870.799987792969 836.700012207031 781.900024414062 647.799987792969 618.200012207031 578.299987792969 561.900024414062 555.799987792969 557.299987792969 569.400024414062 528.599975585938 463.700012207031 397 352.799987792969 324.700012207031 297.5 275 243.699996948242 234.5 224.5 215.300003051758 209.600006103516 203.300003051758 211.399993896484 208.100006103516 207 229.399993896484 240.899993896484 299.399993896484 396.5 309.5 272.100006103516 273.700012207031 292 336.5 419.399993896484 506.200012207031 592.400024414062 612.5 617.299987792969 623.900024414062 602.299987792969 568.200012207031 536.5 527 539.5
808.200012207031 908.900024414062 1123.19995117188 1090.80004882812 993.099975585938 1074.69995117188 1021.90002441406 948.299987792969 906.599975585938 863 824.299987792969 775.5 661.200012207031 597.700012207031 613.599975585938 553 531.700012207031 508 545.099975585938 548 517.700012207031 439.600006103516 381.299987792969 378.5 358.700012207031 336.600006103516 247.300003051758 223.699996948242 221.100006103516 219.600006103516 209.300003051758 200.199996948242 200.300003051758 207.5 218.699996948242 211.699996948242 221.399993896484 251.699996948242 300.899993896484 293.100006103516 289.799987792969 278 288.100006103516 330.100006103516 408.799987792969 528.900024414062 679.099975585938 709.700012207031 681.099975585938 670.700012207031 644.299987792969 604.5 560.700012207031 541.900024414062 537.099975585938
745.099975585938 832.5 960.200012207031 1045 1029.30004882812 1083.40002441406 1096.19995117188 1028.59997558594 961.200012207031 940.400024414062 884.400024414062 780.099975585938 769.099975585938 626.599975585938 642.799987792969 528.299987792969 516.599975585938 490.899993896484 462 530.5 495.600006103516 451.399993896484 402.600006103516 440.5 443.5 316.100006103516 281.299987792969 251.899993896484 242.199996948242 235.899993896484 223.5 233.5 220.899993896484 252.899993896484 274.299987792969 275.200012207031 277.100006103516 287.899993896484 302.399993896484 294.700012207031 351 341.399993896484 312.5 438 533.200012207031 514.299987792969 692 863.400024414062 791.900024414062 738.5 712.400024414062 659.200012207031 595.799987792969 558 531.599975585938
698.299987792969 832.5 951.099975585938 1006.59997558594 1019.09997558594 1088.09997558594 1145 1048.5 998.599975585938 1004 970.299987792969 874.799987792969 724.200012207031 588.200012207031 732.900024414062 536.400024414062 501.5 499.5 470.100006103516 453.799987792969 455.5 441.600006103516 374.700012207031 386.799987792969 410 359.399993896484 333.600006103516 303.399993896484 283.700012207031 260.899993896484 239.699996948242 227.199996948242 255.399993896484 374.700012207031 403.700012207031 395 397.200012207031 369.299987792969 368.600006103516 366.200012207031 401.200012207031 424.5 425 536.599975585938 621.5 606.599975585938 646.700012207031 930.400024414062 917.599975585938 821.099975585938 767.5 699.799987792969 630.099975585938 578.799987792969 542.799987792969
678.299987792969 773.900024414062 915.5 965.700012207031 1027.69995117188 1053.5 1066.40002441406 1114.40002441406 1193.69995117188 1129.5 1056.69995117188 955.799987792969 840.400024414062 653.200012207031 567.599975585938 522.299987792969 532.299987792969 591.299987792969 557.799987792969 510.600006103516 411.299987792969 466.100006103516 410.5 385.799987792969 375.799987792969 372.399993896484 357.200012207031 355.799987792969 361.700012207031 321.399993896484 301.799987792969 284.299987792969 266.299987792969 272.899993896484 302.899993896484 386.700012207031 439 471.600006103516 495.600006103516 504.600006103516 485.899993896484 491.600006103516 562.099975585938 507.100006103516 564.200012207031 653.900024414062 607.400024414062 771.700012207031 969.900024414062 874.099975585938 795 718.700012207031 655.099975585938 609.700012207031 574.099975585938
601.799987792969 681.599975585938 822.400024414062 911.299987792969 990.5 1044.30004882812 1012.29998779297 1027 1176.80004882812 1251.59997558594 1192.09997558594 1058.30004882812 933.099975585938 843.900024414062 733.200012207031 543.200012207031 549.299987792969 608.700012207031 608.5 577.900024414062 469.5 448.700012207031 446.200012207031 462.5 421 402.299987792969 398.600006103516 370.299987792969 387.299987792969 347.399993896484 324.899993896484 346.100006103516 307.700012207031 342.899993896484 330.399993896484 375.100006103516 383.200012207031 425 500.5 525.700012207031 524.099975585938 511.799987792969 504.399993896484 463.799987792969 480.600006103516 589 595.700012207031 590.099975585938 798.299987792969 859.200012207031 807.099975585938 739.599975585938 687.900024414062 645.400024414062 624
524.799987792969 584.5 674 761 876.900024414062 935.900024414062 992 1105.09997558594 1316.80004882812 1118.69995117188 1092.69995117188 1063.59997558594 1028.30004882812 898.5 849.099975585938 658.299987792969 687 587.400024414062 577.200012207031 597.799987792969 540.799987792969 512.900024414062 502.600006103516 462.299987792969 455 428.600006103516 415.299987792969 388.799987792969 362.100006103516 377.299987792969 338.899993896484 349.899993896484 353.100006103516 366.600006103516 382.799987792969 381 396.799987792969 435.200012207031 443.200012207031 465.600006103516 483.399993896484 475.700012207031 487.700012207031 445.5 434.200012207031 451.200012207031 609.099975585938 560.200012207031 662 830.200012207031 814.299987792969 738.200012207031 689.599975585938 663.700012207031 660.700012207031
479 513 570.799987792969 659.5 794.5 896.5 1005.20001220703 1024 1101.09997558594 1017.09997558594 1183.09997558594 1064.19995117188 1085.19995117188 965 922.799987792969 793.099975585938 737.299987792969 737.099975585938 615.700012207031 595.799987792969 563.599975585938 547.799987792969 567.200012207031 506.799987792969 496.899993896484 484.799987792969 478.700012207031 444.299987792969 390.299987792969 366.5 352.600006103516 356.100006103516 350.100006103516 352.399993896484 390 402 377.5 434.700012207031 490.700012207031 445.200012207031 463.700012207031 460 436.799987792969 442.200012207031 401.299987792969 404.200012207031 435.600006103516 496.600006103516 591.599975585938 767.900024414062 832.400024414062 730 643.900024414062 703.400024414062 707.299987792969
