data/layers/future_layer_can_585_60/bio2.asc
NCOLS 494 
NROWS 529 
XLLCORNER -117.166666666667 
YLLCORNER -55.5 
CELLSIZE 0.166666666666667 
NODATA_value -3.4e+38 
[rows 400 to 424 of 529, columns 330 to 384 of 494]
13 13 12.8999996185303 12.8999996185303 12.8999996185303 12.8999996185303 12.8999996185303 12.8999996185303 12.8999996185303 13 13 13 12.8999996185303 12.8999996185303 12.8000001907349 12.6000003814697 12.5 12.1000003814697 11.6999998092651 11.1000003814697 10.8999996185303 10.3999996185303 10 -3.4e+38 10.6000003814697 10.8000001907349 10.8999996185303 10.8000001907349 11 11.1000003814697 11.1000003814697 11.3000001907349 11.3000001907349 11.1999998092651 11.1000003814697 10.8999996185303 10.8000001907349 10.6999998092651 10.5 10.3999996185303 10.1999998092651 10 9.80000019073486 9.80000019073486 9.80000019073486 9.69999980926514 9.60000038146973 9.39999961853027 9.30000019073486 9 8.30000019073486 -3.4e+38 -3.4e+38 -3.4e+38 -3.4e+38
12.8999996185303 12.8999996185303 12.8999996185303 12.8999996185303 12.8999996185303 13 13 12.8999996185303 13 13 13 13 13 12.8999996185303 12.8999996185303 12.8000001907349 12.5 12.3000001907349 11.8999996185303 11.1999998092651 10.6999998092651 10.1000003814697 -3.4e+38 -3.4e+38 -3.4e+38 10.1999998092651 10.6000003814697 10.6999998092651 10.6999998092651 10.8999996185303 10.8999996185303 11 11 11 10.8000001907349 10.6000003814697 10.5 10.3999996185303 10.1999998092651 10.1000003814697 10 9.69999980926514 9.60000038146973 9.5 9.39999961853027 9.19999980926514 9.10000038146973 9 8.89999961853027 8.5 -3.4e+38 -3.4e+38 -3.4e+38 -3.4e+38 -3.4e+38
13.1000003814697 13.1000003814697 13 12.8999996185303 12.8999996185303 12.5 12.6000003814697 13 13 13 13 13.1000003814697 13 13 12.8999996185303 12.8000001907349 12.6999998092651 12.3999996185303 12 11.3999996185303 10.8000001907349 10 -3.4e+38 -3.4e+38 -3.4e+38 -3.4e+38 -3.4e+38 -3.4e+38 -3.4e+38 -3.4e+38 -3.4e+38 10.6999998092651 10.8000001907349 10.6000003814697 10.5 10.3000001907349 10.3000001907349 10.1000003814697 9.89999961853027 9.80000019073486 9.5 9.30000019073486 9.19999980926514 9.10000038146973 8.89999961853027 8.80000019073486 8.80000019073486 8.89999961853027 8.80000019073486 -3.4e+38 -3.4e+38 -3.4e+38 -3.4e+38 -3.4e+38 -3.4e+38
13 13.1000003814697 13 12.8999996185303 12.8999996185303 12.8000001907349 12.5 12.8000001907349 12.8999996185303 12.8999996185303 13 13 13 13 13 13 12.8000001907349 12.3999996185303 12 11.5 10.8000001907349 10.1999998092651 -3.4e+38 -3.4e+38 -3.4e+38 -3.4e+38 -3.4e+38 -3.4e+38 -3.4e+38 -3.4e+38 -3.4e+38 -3.4e+38 10.3999996185303 10.3000001907349 10.1000003814697 10.1000003814697 10 9.80000019073486 9.60000038146973 9.39999961853027 9.19999980926514 8.89999961853027 8.80000019073486 8.80000019073486 8.69999980926514 8.69999980926514 8.60000038146973 8.19999980926514 -3.4e+38 -3.4e+38 -3.4e+38 -3.4e+38 -3.4e+38 -3.4e+38 -3.4e+38
13 13 13 12.8999996185303 12.8000001907349 12.6999998092651 12.6999998092651 12.8000001907349 12.8000001907349 12.8999996185303 13 13 13 13 13.1000003814697 13 12.8000001907349 12.5 12.1999998092651 11.6999998092651 11.3000001907349 10.6999998092651 10.3000001907349 -3.4e+38 -3.4e+38 -3.4e+38 -3.4e+38 -3.4e+38 -3.4e+38 -3.4e+38 -3.4e+38 -3.4e+38 -3.4e+38 -3.4e+38 -3.4e+38 9.60000038146973 9.5 -3.4e+38 -3.4e+38 -3.4e+38 -3.4e+38 8.60000038146973 8.5 8.5 8.39999961853027 -3.4e+38 -3.4e+38 -3.4e+38 -3.4e+38 -3.4e+38 -3.4e+38 -3.4e+38 -3.4e+38 -3.4e+38 -3.4e+38
13.3000001907349 13.1000003814697 13 13 12.8999996185303 12.6999998092651 12.8000001907349 12.6999998092651 12.8000001907349 12.8000001907349 12.8999996185303 13 13 13 13.1000003814697 13 12.8000001907349 12.6000003814697 12.3000001907349 11.8999996185303 11.6999998092651 11.3999996185303 11 10.6999998092651 10.3000001907349 10 -3.4e+38 -3.4e+38 -3.4e+38 -3.4e+38 -3.4e+38 -3.4e+38 -3.4e+38 -3.4e+38 -3.4e+38 -3.4e+38 -3.4e+38 -3.4e+38 -3.4e+38 -3.4e+38 -3.4e+38 -3.4e+38 -3.4e+38 -3.4e+38 -3.4e+38 -3.4e+38 -3.4e+38 -3.4e+38 -3.4e+38 -3.4e+38 -3.4e+38 -3.4e+38 -3.4e+38 -3.4e+38 -3.4e+38
13.1000003814697 13.1000003814697 13 12.8999996185303 12.8000001907349 12.6999998092651 12.5 12.5 12.6000003814697 12.6000003814697 12.8000001907349 12.8999996185303 12.8999996185303 12.8999996185303 13 12.8999996185303 12.6999998092651 12.6000003814697 12.3000001907349 12.1000003814697 11.8000001907349 11.5 11.1999998092651 10.8999996185303 10.6000003814697 10.3999996185303 10.1999998092651 10 -3.4e+38 -3.4e+38 -3.4e+38 -3.4e+38 -3.4e+38 -3.4e+38 -3.4e+38 -3.4e+38 -3.4e+38 -3.4e+38 -3.4e+38 -3.4e+38 -3.4e+38 -3.4e+38 -3.4e+38 -3.4e+38 -3.4e+38 -3.4e+38 -3.4e+38 -3.4e+38 -3.4e+38 -3.4e+38 -3.4e+38 -3.4e+38 -3.4e+38 -3.4e+38 -3.4e+38
13.1000003814697 13.1000003814697 13 12.8000001907349 12.6999998092651 12.6000003814697 12.5 12.6000003814697 12.5 12.6000003814697 12.6999998092651 12.6999998092651 12.8000001907349 12.8999996185303 12.8000001907349 12.6999998092651 12.5 12.5 12.3000001907349 12.1000003814697 11.8999996185303 11.6000003814697 11.3999996185303 11.1000003814697 10.8000001907349 10.5 10.3000001907349 10.1000003814697 9.89999961853027 -3.4e+38 -3.4e+38 -3.4e+38 -3.4e+38 -3.4e+38 -3.4e+38 -3.4e+38 -3.4e+38 -3.4e+38 -3.4e+38 -3.4e+38 -3.4e+38 -3.4e+38 -3.4e+38 -3.4e+38 -3.4e+38 -3.4e+38 -3.4e+38 -3.4e+38 -3.4e+38 -3.4e+38 -3.4e+38 -3.4e+38 -3.4e+38 -3.4e+38 -3.4e+38
13.1000003814697 13.1000003814697 12.8999996185303 12.6999998092651 12.6999998092651 12.5 12.5 12.6000003814697 12.6000003814697 12.6000003814697 12.6999998092651 12.6999998092651 12.8000001907349 12.8000001907349 12.6999998092651 12.6999998092651 12.6000003814697 12.5 12.3000001907349 12.1000003814697 11.8999996185303 11.6999998092651 11.5 11.1999998092651 10.8999996185303 10.6999998092651 10.5 10.1999998092651 10 9.60000038146973 -3.4e+38 -3.4e+38 -3.4e+38 -3.4e+38 -3.4e+38 -3.4e+38 -3.4e+38 -3.4e+38 -3.4e+38 -3.4e+38 -3.4e+38 -3.4e+38 -3.4e+38 -3.4e+38 -3.4e+38 -3.4e+38 -3.4e+38 -3.4e+38 -3.4e+38 -3.4e+38 -3.4e+38 -3.4e+38 -3.4e+38 -3.4e+38 -3.4e+38
13.1000003814697 13 12.8000001907349 12.8000001907349 12.6999998092651 12.6000003814697 12.3999996185303 12.5 12.6000003814697 12.6000003814697 12.6999998092651 12.6999998092651 12.6999998092651 12.8000001907349 12.8000001907349 12.6999998092651 12.6999998092651 12.6000003814697 12.3000001907349 12.1000003814697 11.8000001907349 11.8000001907349 11.6000003814697 11.3000001907349 10.8000001907349 10.6000003814697 10.3999996185303 10.1999998092651 10 -3.4e+38 -3.4e+38 -3.4e+38 -3.4e+38 -3.4e+38 -3.4e+38 -3.4e+38 -3.4e+38 -3.4e+38 -3.4e+38 -3.4e+38 -3.4e+38 -3.4e+38 -3.4e+38 -3.4e+38 -3.4e+38 -3.4e+38 -3.4e+38 -3.4e+38 -3.4e+38 -3.4e+38 -3.4e+38 -3.4e+38 -3.4e+38 -3.4e+38 -3.4e+38
13.1999998092651 12.8999996185303 12.8999996185303 12.8000001907349 12.6999998092651 12.5 12.3000001907349 12.3999996185303 12.6000003814697 12.6000003814697 12.6999998092651 12.8000001907349 12.8000001907349 12.8000001907349 12.8000001907349 12.8000001907349 12.6999998092651 12.6000003814697 12.5 12.3000001907349 12.1000003814697 11.8000001907349 11.6000003814697 11.3000001907349 11.1000003814697 10.6000003814697 10.6999998092651 10.3999996185303 -3.4e+38 -3.4e+38 -3.4e+38 -3.4e+38 -3.4e+38 -3.4e+38 -3.4e+38 -3.4e+38 -3.4e+38 -3.4e+38 -3.4e+38 -3.4e+38 -3.4e+38 -3.4e+38 -3.4e+38 -3.4e+38 -3.4e+38 -3.4e+38 -3.4e+38 -3.4e+38 -3.4e+38 -3.4e+38 -3.4e+38 -3.4e+38 -3.4e+38 -3.4e+38 -3.4e+38
13.3000001907349 13.1999998092651 13.1000003814697 13 12.8000001907349 12.6999998092651 12.6000003814697 12.6000003814697 12.6999998092651 12.6999998092651 12.8000001907349 12.6999998092651 12.6999998092651 12.8000001907349 12.8999996185303 12.8000001907349 12.6999998092651 12.6000003814697 12.5 12.3000001907349 12.1999998092651 12 11.8000001907349 11.5 11.1999998092651 11 10.8999996185303 10.6000003814697 -3.4e+38 -3.4e+38 -3.4e+38 -3.4e+38 -3.4e+38 -3.4e+38 -3.4e+38 -3.4e+38 -3.4e+38 -3.4e+38 -3.4e+38 -3.4e+38 -3.4e+38 -3.4e+38 -3.4e+38 -3.4e+38 -3.4e+38 -3.4e+38 -3.4e+38 -3.4e+38 -3.4e+38 -3.4e+38 -3.4e+38 -3.4e+38 -3.4e+38 -3.4e+38 -3.4e+38
13.3999996185303 13.3999996185303 13.1999998092651 13.1000003814697 13 12.8000001907349 12.6999998092651 12.8000001907349 12.8000001907349 12.6999998092651 12.8000001907349 12.8000001907349 12.8000001907349 12.8000001907349 12.8000001907349 12.8000001907349 12.6999998092651 12.6000003814697 12.5 12.3999996185303 12.1999998092651 12 11.8999996185303 11.6999998092651 11.3999996185303 11.1000003814697 11 10.8000001907349 10.3000001907349 -3.4e+38 -3.4e+38 -3.4e+38 -3.4e+38 -3.4e+38 -3.4e+38 -3.4e+38 -3.4e+38 -3.4e+38 -3.4e+38 -3.4e+38 -3.4e+38 -3.4e+38 -3.4e+38 -3.4e+38 -3.4e+38 -3.4e+38 -3.4e+38 -3.4e+38 -3.4e+38 -3.4e+38 -3.4e+38 -3.4e+38 -3.4e+38 -3.4e+38 -3.4e+38
13.6000003814697 13.3999996185303 13.3999996185303 13.1999998092651 13.1000003814697 12.8999996185303 12.8999996185303 12.8999996185303 12.8999996185303 12.8000001907349 12.8000001907349 12.8999996185303 12.8000001907349 12.8000001907349 12.8000001907349 12.6999998092651 12.6999998092651 12.6000003814697 12.5 12.3999996185303 12.3000001907349 12.1000003814697 11.8999996185303 11.6999998092651 11.5 11.3999996185303 11.1999998092651 10.8999996185303 10.6000003814697 9.80000019073486 -3.4e+38 -3.4e+38 -3.4e+38 -3.4e+38 -3.4e+38 -3.4e+38 -3.4e+38 -3.4e+38 -3.4e+38 -3.4e+38 -3.4e+38 -3.4e+38 -3.4e+38 -3.4e+38 -3.4e+38 -3.4e+38 -3.4e+38 -3.4e+38 -3.4e+38 -3.4e+38 -3.4e+38 -3.4e+38 -3.4e+38 -3.4e+38 -3.4e+38
13.6999998092651 13.5 13.3000001907349 13.1999998092651 13.1000003814697 13.1000003814697 12.8999996185303 12.8999996185303 12.8999996185303 12.8999996185303 12.8999996185303 12.8000001907349 12.8000001907349 12.8000001907349 12.6999998092651 12.6999998092651 12.6999998092651 12.6000003814697 12.5 12.5 12.3000001907349 12.1000003814697 12 11.8000001907349 11.5 11.5 11.3000001907349 11 10.6999998092651 10.3000001907349 9.80000019073486 9.19999980926514 -3.4e+38 -3.4e+38 -3.4e+38 -3.4e+38 -3.4e+38 -3.4e+38 -3.4e+38 -3.4e+38 -3.4e+38 -3.4e+38 -3.4e+38 -3.4e+38 -3.4e+38 -3.4e+38 -3.4e+38 -3.4e+38 -3.4e+38 -3.4e+38 -3.4e+38 -3.4e+38 -3.4e+38 -3.4e+38 -3.4e+38
13.8000001907349 13.6000003814697 13.5 13.3000001907349 13.1999998092651 13 13 13 13 12.8999996185303 12.8999996185303 12.8000001907349 12.8000001907349 12.8000001907349 12.8000001907349 12.8000001907349 12.6999998092651 12.6000003814697 12.5 12.5 12.3000001907349 12.1000003814697 12.1000003814697 11.8999996185303 11.8000001907349 11.6000003814697 11.3000001907349 11 10.6999998092651 10.3999996185303 9.69999980926514 9.39999961853027 9.10000038146973 -3.4e+38 -3.4e+38 -3.4e+38 -3.4e+38 -3.4e+38 -3.4e+38 -3.4e+38 -3.4e+38 -3.4e+38 -3.4e+38 -3.4e+38 -3.4e+38 -3.4e+38 -3.4e+38 -3.4e+38 -3.4e+38 -3.4e+38 -3.4e+38 -3.4e+38 -3.4e+38 -3.4e+38 -3.4e+38
13.6000003814697 13.3999996185303 13.5 13.3000001907349 13.1999998092651 13.1000003814697 13.1000003814697 13 12.8999996185303 12.8999996185303 12.8999996185303 12.8999996185303 12.8999996185303 12.8999996185303 12.8000001907349 12.8000001907349 12.6999998092651 12.6000003814697 12.5 12.3999996185303 12.3000001907349 12.1999998092651 12.1000003814697 12 11.8000001907349 11.6000003814697 11.1999998092651 11 10.6999998092651 10.3000001907349 9.69999980926514 9.39999961853027 9.30000019073486 -3.4e+38 -3.4e+38 -3.4e+38 -3.4e+38 -3.4e+38 -3.4e+38 -3.4e+38 -3.4e+38 -3.4e+38 -3.4e+38 -3.4e+38 -3.4e+38 -3.4e+38 -3.4e+38 -3.4e+38 -3.4e+38 -3.4e+38 -3.4e+38 -3.4e+38 -3.4e+38 -3.4e+38 -3.4e+38
13.3999996185303 13.5 13.5 13.3999996185303 13.3000001907349 13.1999998092651 13.1000003814697 13 13 12.8999996185303 12.8999996185303 12.8000001907349 12.8999996185303 12.8999996185303 12.8999996185303 12.8000001907349 12.6999998092651 12.6000003814697 12.5 12.5 12.3999996185303 12.3000001907349 12.1000003814697 12 11.8000001907349 11.6000003814697 11.3000001907349 11 10.6000003814697 10.3999996185303 9.80000019073486 9.30000019073486 -3.4e+38 -3.4e+38 -3.4e+38 -3.4e+38 -3.4e+38 -3.4e+38 -3.4e+38 -3.4e+38 -3.4e+38 -3.4e+38 -3.4e+38 -3.4e+38 -3.4e+38 -3.4e+38 -3.4e+38 -3.4e+38 -3.4e+38 -3.4e+38 -3.4e+38 -3.4e+38 -3.4e+38 -3.4e+38 -3.4e+38
13.6999998092651 13.6999998092651 13.5 13.3999996185303 13.3000001907349 13.1999998092651 13.1000003814697 13 12.8999996185303 12.8999996185303 12.8999996185303 12.8000001907349 12.8999996185303 12.8999996185303 12.8000001907349 12.8000001907349 12.6999998092651 12.6000003814697 12.5 12.3999996185303 12.3000001907349 12.1999998092651 12.1000003814697 12 11.8000001907349 11.6000003814697 11.3999996185303 11.1000003814697 10.6000003814697 10.3000001907349 9.89999961853027 9.30000019073486 -3.4e+38 -3.4e+38 -3.4e+38 -3.4e+38 -3.4e+38 -3.4e+38 -3.4e+38 -3.4e+38 -3.4e+38 -3.4e+38 -3.4e+38 -3.4e+38 -3.4e+38 -3.4e+38 -3.4e+38 -3.4e+38 -3.4e+38 -3.4e+38 -3.4e+38 -3.4e+38 -3.4e+38 -3.4e+38 -3.4e+38
13.8000001907349 13.6999998092651 13.5 13.3999996185303 13.3000001907349 13.1000003814697 13 12.8999996185303 12.8999996185303 12.8000001907349 12.8000001907349 12.8000001907349 12.8000001907349 12.8000001907349 12.8999996185303 12.8000001907349 12.8000001907349 12.6000003814697 12.5 12.3999996185303 12.3000001907349 12.1000003814697 12.1000003814697 12 11.8000001907349 11.6000003814697 11.3999996185303 11.1999998092651 10.8000001907349 10.3999996185303 10 -3.4e+38 -3.4e+38 -3.4e+38 -3.4e+38 -3.4e+38 -3.4e+38 -3.4e+38 -3.4e+38 -3.4e+38 -3.4e+38 -3.4e+38 -3.4e+38 -3.4e+38 -3.4e+38 -3.4e+38 -3.4e+38 -3.4e+38 -3.4e+38 -3.4e+38 -3.4e+38 -3.4e+38 -3.4e+38 -3.4e+38 -3.4e+38
13.8000001907349 13.6000003814697 13.5 13.3999996185303 13.3000001907349 13.1000003814697 13 12.8000001907349 12.8000001907349 12.8000001907349 12.6999998092651 12.6999998092651 12.6999998092651 12.6999998092651 12.6999998092651 12.6999998092651 12.6000003814697 12.5 12.3000001907349 12.3000001907349 12.1999998092651 12.1999998092651 12.1000003814697 11.8999996185303 11.8000001907349 11.6000003814697 11.3999996185303 11.1999998092651 10.8999996185303 10.6000003814697 -3.4e+38 -3.4e+38 -3.4e+38 -3.4e+38 -3.4e+38 -3.4e+38 -3.4e+38 -3.4e+38 -3.4e+38 -3.4e+38 -3.4e+38 -3.4e+38 -3.4e+38 -3.4e+38 -3.4e+38 -3.4e+38 -3.4e+38 -3.4e+38 -3.4e+38 -3.4e+38 -3.4e+38 -3.4e+38 -3.4e+38 -3.4e+38 -3.4e+38
13.8000001907349 13.6999998092651 13.5 13.3999996185303 13.3000001907349 13.1000003814697 12.8999996185303 12.8000001907349 12.6999998092651 12.6999998092651 12.6999998092651 12.6000003814697 12.6000003814697 12.6000003814697 12.6000003814697 12.5 12.3999996185303 12.3000001907349 12.1999998092651 12.3000001907349 12.1999998092651 12.1000003814697 12.1000003814697 11.8999996185303 11.8000001907349 11.6000003814697 11.3999996185303 11.1999998092651 10.6999998092651 -3.4e+38 -3.4e+38 -3.4e+38 -3.4e+38 -3.4e+38 -3.4e+38 -3.4e+38 -3.4e+38 -3.4e+38 -3.4e+38 -3.4e+38 -3.4e+38 -3.4e+38 -3.4e+38 -3.4e+38 -3.4e+38 -3.4e+38 -3.4e+38 -3.4e+38 -3.4e+38 -3.4e+38 -3.4e+38 -3.4e+38 -3.4e+38 -3.4e+38 -3.4e+38
13.3000001907349 13.6000003814697 13.5 13.3000001907349 13.1999998092651 13 12.8999996185303 12.8000001907349 12.6999998092651 12.6000003814697 12.6000003814697 12.5 12.5 12.5 12.3999996185303 12.3999996185303 12.1999998092651 12.1000003814697 12 12 11.8999996185303 11.8999996185303 11.8999996185303 11.8000001907349 11.6999998092651 11.6000003814697 11.3999996185303 11.1999998092651 -3.4e+38 -3.4e+38 -3.4e+38 -3.4e+38 -3.4e+38 -3.4e+38 -3.4e+38 -3.4e+38 -3.4e+38 -3.4e+38 -3.4e+38 -3.4e+38 -3.4e+38 -3.4e+38 -3.4e+38 -3.4e+38 -3.4e+38 -3.4e+38 -3.4e+38 -3.4e+38 -3.4e+38 -3.4e+38 -3.4e+38 -3.4e+38 -3.4e+38 -3.4e+38 -3.4e+38
13 13.3000001907349 13.1999998092651 13.3000001907349 13.1999998092651 13 12.8999996185303 12.8000001907349 12.6000003814697 12.5 12.3999996185303 12.3999996185303 12.3000001907349 12.3000001907349 12.3000001907349 12.1999998092651 12.1000003814697 12 11.8999996185303 11.8000001907349 11.6999998092651 11.6000003814697 11.6000003814697 11.5 11.3000001907349 11.3000001907349 11.1999998092651 -3.4e+38 -3.4e+38 -3.4e+38 -3.4e+38 -3.4e+38 -3.4e+38 -3.4e+38 -3.4e+38 -3.4e+38 -3.4e+38 -3.4e+38 -3.4e+38 -3.4e+38 -3.4e+38 -3.4e+38 -3.4e+38 -3.4e+38 -3.4e+38 -3.4e+38 -3.4e+38 -3.4e+38 -3.4e+38 -3.4e+38 -3.4e+38 -3.4e+38 -3.4e+38 -3.4e+38 -3.4e+38
13.1999998092651 13 13.1000003814697 13.1000003814697 13.1000003814697 13 12.8999996185303 12.6999998092651 12.5 12.3000001907349 12.3000001907349 12.3000001907349 12.1000003814697 12.1999998092651 12.1000003814697 12 11.8999996185303 11.8000001907349 11.8000001907349 11.6000003814697 11.6000003814697 11.5 11.5 11.3999996185303 11.3000001907349 11.3000001907349 11.1000003814697 -3.4e+38 -3.4e+38 -3.4e+38 -3.4e+38 -3.4e+38 -3.4e+38 -3.4e+38 -3.4e+38 -3.4e+38 -3.4e+38 -3.4e+38 -3.4e+38 -3.4e+38 -3.4e+38 -3.4e+38 -3.4e+38 -3.4e+38 -3.4e+38 -3.4e+38 -3.4e+38 -3.4e+38 -3.4e+38 -3.4e+38 -3.4e+38 -3.4e+38 -3.4e+38 -3.4e+38 -3.4e+38
