data/layers/future_layer_can_585_60/bio2.asc
NCOLS 494 
NROWS 529 
XLLCORNER -117.166666666667 
YLLCORNER -55.5 
CELLSIZE 0.166666666666667 
NODATA_value -3.4e+38 
[rows 175 to 199 of 529, columns 220 to 274 of 494]
-3.4e+38 -3.4e+38 -3.4e+38 -3.4e+38 -3.4e+38 -3.4e+38 -3.4e+38 -3.4e+38 -3.4e+38 -3.4e+38 -3.4e+38 -3.4e+38 -3.4e+38 -3.4e+38 -3.4e+38 -3.4e+38 -3.4e+38 -3.4e+38 -3.4e+38 8.69999980926514 9.30000019073486 9.69999980926514 9.30000019073486 10.5 11.5 11 9.30000019073486 9.10000038146973 9.69999980926514 10.3999996185303 10.5 10.6999998092651 10.8999996185303 9 9 8.10000038146973 8.10000038146973 8.39999961853027 9.80000019073486 10.6000003814697 10.6999998092651 10.8000001907349 10.6000003814697 10.1999998092651 10.1999998092651 10.1000003814697 10.1999998092651 10.1999998092651 10.1000003814697 10.3000001907349 10.3999996185303 10.3000001907349 10 9.69999980926514 9.69999980926514
-3.4e+38 -3.4e+38 -3.4e+38 -3.4e+38 -3.4e+38 -3.4e+38 -3.4e+38 -3.4e+38 -3.4e+38 -3.4e+38 -3.4e+38 -3.4e+38 -3.4e+38 -3.4e+38 -3.4e+38 -3.4e+38 -3.4e+38 -3.4e+38 8.5 9.10000038146973 9.80000019073486 9.89999961853027 9.60000038146973 11 11.5 11.1000003814697 9.30000019073486 9.19999980926514 9.60000038146973 9.89999961853027 10.3999996185303 11.6000003814697 11.3999996185303 9.39999961853027 8.39999961853027 8.39999961853027 9.10000038146973 9.89999961853027 9.69999980926514 10.1999998092651 10.8999996185303 11 10.8000001907349 10.5 10.3000001907349 10.1999998092651 10.1000003814697 10.1000003814697 10.1000003814697 10.1000003814697 10.3000001907349 10.1999998092651 9.69999980926514 9.60000038146973 9.60000038146973
-3.4e+38 -3.4e+38 -3.4e+38 -3.4e+38 -3.4e+38 -3.4e+38 -3.4e+38 -3.4e+38 -3.4e+38 -3.4e+38 -3.4e+38 -3.4e+38 -3.4e+38 -3.4e+38 -3.4e+38 -3.4e+38 -3.4e+38 -3.4e+38 8.69999980926514 9.39999961853027 10.1000003814697 10.3000001907349 10.6000003814697 11.5 11.6000003814697 10.5 9.5 9.19999980926514 9.5 9.39999961853027 10.8000001907349 11.8000001907349 10.6999998092651 8.60000038146973 8.30000019073486 8.89999961853027 10.1999998092651 10.3000001907349 9.60000038146973 9.39999961853027 10.6999998092651 10.8000001907349 10.6000003814697 10.3999996185303 10.6000003814697 10.5 10.3999996185303 10.1000003814697 10.1000003814697 10.1999998092651 10.1999998092651 10.1000003814697 9.89999961853027 9.60000038146973 9.60000038146973
-3.4e+38 -3.4e+38 -3.4e+38 -3.4e+38 -3.4e+38 -3.4e+38 -3.4e+38 -3.4e+38 -3.4e+38 -3.4e+38 -3.4e+38 -3.4e+38 -3.4e+38 -3.4e+38 -3.4e+38 -3.4e+38 -3.4e+38 8.39999961853027 9 9.69999980926514 10.5 10.3000001907349 10.8999996185303 11.3000001907349 10.8999996185303 10.3000001907349 9.30000019073486 9.19999980926514 9.19999980926514 9.89999961853027 11.3999996185303 11.6000003814697 9.60000038146973 8.39999961853027 8.30000019073486 8.69999980926514 10.1999998092651 10.3000001907349 10 9.30000019073486 10.5 10.5 10.3999996185303 10.3000001907349 10.5 10.3999996185303 10.3999996185303 10.1999998092651 10.1999998092651 10 10.1000003814697 9.89999961853027 9.69999980926514 9.60000038146973 9.5
-3.4e+38 -3.4e+38 -3.4e+38 -3.4e+38 -3.4e+38 -3.4e+38 -3.4e+38 -3.4e+38 -3.4e+38 -3.4e+38 -3.4e+38 -3.4e+38 -3.4e+38 -3.4e+38 -3.4e+38 -3.4e+38 -3.4e+38 8.60000038146973 9.30000019073486 10.1999998092651 10.8000001907349 10.3000001907349 11.1999998092651 11.3999996185303 10.8000001907349 10 10.1999998092651 9.60000038146973 9.39999961853027 10.3000001907349 11.1999998092651 10.6000003814697 9 8.89999961853027 8.80000019073486 8.89999961853027 10.1000003814697 10.1999998092651 10.1000003814697 9.80000019073486 10.1999998092651 10.3000001907349 10.3000001907349 10.3000001907349 10.1999998092651 10.1000003814697 10.1999998092651 10.1000003814697 9.89999961853027 9.89999961853027 10.1000003814697 9.69999980926514 9.69999980926514 9.60000038146973 9.60000038146973
-3.4e+38 -3.4e+38 -3.4e+38 -3.4e+38 -3.4e+38 -3.4e+38 -3.4e+38 -3.4e+38 -3.4e+38 -3.4e+38 -3.4e+38 -3.4e+38 -3.4e+38 7.09999990463257 7.40000009536743 7.69999980926514 8.10000038146973 9 9.89999961853027 10.5 10.8000001907349 10.6000003814697 11.5 11.6000003814697 11.1000003814697 10 10.3999996185303 10.3999996185303 10.3000001907349 10.8999996185303 11 9.80000019073486 8.80000019073486 9.10000038146973 9.89999961853027 9.5 10.1999998092651 10.1000003814697 10.1000003814697 9.89999961853027 10 10.1000003814697 10.1000003814697 10 10 9.89999961853027 10 10 10 10 9.89999961853027 9.60000038146973 9.69999980926514 9.60000038146973 9.60000038146973
-3.4e+38 -3.4e+38 -3.4e+38 -3.4e+38 -3.4e+38 -3.4e+38 -3.4e+38 -3.4e+38 -3.4e+38 -3.4e+38 -3.4e+38 -3.4e+38 7.09999990463257 7.30000019073486 7.59999990463257 7.90000009536743 8.5 9.69999980926514 9.5 10.3000001907349 10.3000001907349 11 11.3999996185303 11.5 10.8000001907349 9.89999961853027 10.1999998092651 10.6000003814697 10.6000003814697 10.8000001907349 9.5 9 9.10000038146973 10.1000003814697 10.1999998092651 10.1999998092651 10.1999998092651 10.1000003814697 10.1000003814697 9.89999961853027 10.1000003814697 10.1000003814697 10 10 10 10 10.1000003814697 10.1999998092651 10 9.80000019073486 9.69999980926514 9.69999980926514 9.69999980926514 9.60000038146973 9.69999980926514
-3.4e+38 -3.4e+38 -3.4e+38 -3.4e+38 -3.4e+38 -3.4e+38 -3.4e+38 -3.4e+38 -3.4e+38 -3.4e+38 -3.4e+38 7 7.19999980926514 7.5 7.80000019073486 8.30000019073486 9.10000038146973 9.89999961853027 9.30000019073486 10.1000003814697 10.8000001907349 11.8000001907349 11 10.8000001907349 10.3000001907349 10.1999998092651 10.6999998092651 10.3000001907349 10.8999996185303 10.5 9.10000038146973 9.19999980926514 9.80000019073486 10 10.1000003814697 10.1999998092651 10.1999998092651 10.1999998092651 10.1000003814697 10.1999998092651 10.3000001907349 10.1999998092651 10 10 9.89999961853027 10 10.1999998092651 10.1999998092651 9.89999961853027 9.69999980926514 9.69999980926514 9.69999980926514 9.80000019073486 9.69999980926514 9.80000019073486
-3.4e+38 -3.4e+38 -3.4e+38 -3.4e+38 -3.4e+38 -3.4e+38 -3.4e+38 -3.4e+38 -3.4e+38 -3.4e+38 -3.4e+38 7.09999990463257 7.30000019073486 7.59999990463257 8 8.60000038146973 9.39999961853027 10 9.60000038146973 10.1000003814697 11.8999996185303 11.1000003814697 10.5 10 10.1000003814697 10.3999996185303 10.3999996185303 10.5 10.6999998092651 9.5 9.19999980926514 9.60000038146973 9.5 9.89999961853027 10 10.1000003814697 10.1999998092651 10.1999998092651 10.1000003814697 10.3999996185303 10.3999996185303 10.1000003814697 9.89999961853027 9.80000019073486 9.80000019073486 9.89999961853027 10 10.1000003814697 9.80000019073486 9.80000019073486 9.69999980926514 9.69999980926514 9.69999980926514 9.69999980926514 9.80000019073486
-3.4e+38 -3.4e+38 -3.4e+38 -3.4e+38 -3.4e+38 -3.4e+38 -3.4e+38 -3.4e+38 -3.4e+38 -3.4e+38 -3.4e+38 -3.4e+38 7.59999990463257 7.90000009536743 8.39999961853027 9.19999980926514 9.69999980926514 10.1000003814697 9.69999980926514 11 11.5 10.5 10.5 9.89999961853027 10.5 10.8999996185303 10.8000001907349 10.1999998092651 10.1000003814697 9.39999961853027 9.39999961853027 9.5 10 10 9.89999961853027 10 10 10.1000003814697 10.3000001907349 10.1999998092651 10 9.89999961853027 9.80000019073486 9.80000019073486 9.69999980926514 9.69999980926514 9.80000019073486 9.89999961853027 9.69999980926514 9.69999980926514 9.69999980926514 9.69999980926514 9.69999980926514 9.69999980926514 9.80000019073486
-3.4e+38 -3.4e+38 -3.4e+38 -3.4e+38 -3.4e+38 -3.4e+38 -3.4e+38 -3.4e+38 -3.4e+38 -3.4e+38 -3.4e+38 -3.4e+38 7.90000009536743 8.19999980926514 8.69999980926514 9.60000038146973 9.80000019073486 9.69999980926514 9.60000038146973 10.8999996185303 10.3000001907349 10.1000003814697 9.89999961853027 9.89999961853027 9.89999961853027 10.1999998092651 10.3000001907349 10 9.60000038146973 9.69999980926514 9.60000038146973 9.80000019073486 9.80000019073486 9.89999961853027 9.80000019073486 9.89999961853027 9.80000019073486 9.69999980926514 10.1000003814697 10.1999998092651 10.1000003814697 9.89999961853027 9.69999980926514 9.69999980926514 9.69999980926514 9.69999980926514 9.69999980926514 9.69999980926514 9.69999980926514 9.69999980926514 9.69999980926514 9.69999980926514 9.69999980926514 9.80000019073486 9.80000019073486
-3.4e+38 -3.4e+38 -3.4e+38 -3.4e+38 -3.4e+38 -3.4e+38 -3.4e+38 -3.4e+38 -3.4e+38 -3.4e+38 7.80000019073486 7.90000009536743 8.19999980926514 8.69999980926514 9.10000038146973 9.69999980926514 9.30000019073486 8.69999980926514 10.1000003814697 10 9.80000019073486 9.89999961853027 9.5 9.89999961853027 9.80000019073486 9.89999961853027 9.80000019073486 9.60000038146973 9.69999980926514 10 9.60000038146973 9.89999961853027 9.80000019073486 9.80000019073486 9.80000019073486 9.69999980926514 9.60000038146973 9.60000038146973 10 9.89999961853027 9.69999980926514 9.69999980926514 9.60000038146973 9.60000038146973 9.60000038146973 9.60000038146973 9.60000038146973 9.60000038146973 9.69999980926514 9.69999980926514 9.69999980926514 9.69999980926514 9.69999980926514 9.80000019073486 9.80000019073486
-3.4e+38 -3.4e+38 -3.4e+38 -3.4e+38 -3.4e+38 -3.4e+38 -3.4e+38 -3.4e+38 -3.4e+38 -3.4e+38 8.19999980926514 8.5 9 9.30000019073486 9.19999980926514 9.19999980926514 8.89999961853027 9.19999980926514 9.69999980926514 9.80000019073486 9.89999961853027 9.39999961853027 9.5 10 9.80000019073486 9.69999980926514 9.60000038146973 9.69999980926514 9.89999961853027 10 9.89999961853027 9.80000019073486 9.80000019073486 9.60000038146973 9.69999980926514 9.60000038146973 9.5 9.69999980926514 9.69999980926514 9.5 9.60000038146973 9.60000038146973 9.60000038146973 9.5 9.60000038146973 9.5 9.60000038146973 9.60000038146973 9.60000038146973 9.69999980926514 9.69999980926514 9.89999961853027 9.69999980926514 9.80000019073486 9.80000019073486
-3.4e+38 -3.4e+38 -3.4e+38 -3.4e+38 -3.4e+38 -3.4e+38 -3.4e+38 -3.4e+38 -3.4e+38 8.19999980926514 8.5 8.89999961853027 9.39999961853027 9.30000019073486 8.69999980926514 8.39999961853027 8.69999980926514 9.5 9.5 9.69999980926514 9.39999961853027 9.60000038146973 9.5 9.89999961853027 9.60000038146973 9.60000038146973 9.60000038146973 9.69999980926514 9.89999961853027 9.89999961853027 9.89999961853027 9.89999961853027 9.80000019073486 9.60000038146973 9.60000038146973 9.60000038146973 9.39999961853027 9.60000038146973 9.60000038146973 9.5 9.5 9.60000038146973 9.60000038146973 9.60000038146973 9.60000038146973 9.60000038146973 9.60000038146973 9.60000038146973 9.60000038146973 9.60000038146973 9.69999980926514 9.80000019073486 9.69999980926514 9.80000019073486 10
-3.4e+38 -3.4e+38 -3.4e+38 -3.4e+38 -3.4e+38 -3.4e+38 -3.4e+38 -3.4e+38 -3.4e+38 8.19999980926514 8.60000038146973 9.10000038146973 9.39999961853027 9.19999980926514 8.60000038146973 8.80000019073486 9.5 9.80000019073486 9.80000019073486 9.39999961853027 9.30000019073486 9.5 9.60000038146973 9.89999961853027 9.60000038146973 9.60000038146973 9.60000038146973 9.69999980926514 10 10 9.80000019073486 9.89999961853027 9.80000019073486 9.69999980926514 9.60000038146973 9.60000038146973 9.39999961853027 9.60000038146973 9.5 9.5 9.5 9.60000038146973 9.60000038146973 9.60000038146973 9.60000038146973 9.69999980926514 9.60000038146973 9.69999980926514 9.69999980926514 9.69999980926514 9.69999980926514 9.80000019073486 9.80000019073486 9.80000019073486 9.80000019073486
-3.4e+38 -3.4e+38 -3.4e+38 -3.4e+38 -3.4e+38 7.5 7.59999990463257 7.90000009536743 8.10000038146973 8.30000019073486 8.69999980926514 9 8.89999961853027 8.80000019073486 8.89999961853027 9.39999961853027 10 9.80000019073486 9.19999980926514 8.89999961853027 9.10000038146973 9.30000019073486 9.80000019073486 10 9.80000019073486 9.69999980926514 9.69999980926514 9.69999980926514 9.80000019073486 9.89999961853027 9.80000019073486 9.69999980926514 9.69999980926514 9.60000038146973 9.60000038146973 9.60000038146973 9.5 9.5 9.5 9.5 9.5 9.60000038146973 9.60000038146973 9.60000038146973 9.60000038146973 9.69999980926514 9.80000019073486 9.69999980926514 9.69999980926514 9.69999980926514 9.80000019073486 9.80000019073486 9.80000019073486 9.80000019073486 9.89999961853027
-3.4e+38 -3.4e+38 -3.4e+38 7.59999990463257 7.69999980926514 7.69999980926514 7.69999980926514 7.90000009536743 8.19999980926514 8.5 8.89999961853027 8.69999980926514 8.80000019073486 9.19999980926514 9.60000038146973 9.89999961853027 10.1000003814697 9.60000038146973 9.10000038146973 9.19999980926514 9.5 9.80000019073486 9.89999961853027 10 9.80000019073486 9.60000038146973 9.60000038146973 9.60000038146973 9.69999980926514 9.80000019073486 9.69999980926514 9.60000038146973 9.60000038146973 9.5 9.5 9.60000038146973 9.60000038146973 9.5 9.5 9.5 9.60000038146973 9.60000038146973 9.60000038146973 9.60000038146973 9.69999980926514 9.69999980926514 9.80000019073486 9.89999961853027 9.69999980926514 9.69999980926514 9.80000019073486 9.80000019073486 9.80000019073486 9.89999961853027 9.89999961853027
-3.4e+38 -3.4e+38 -3.4e+38 7.80000019073486 8.10000038146973 8 7.90000009536743 8 8.39999961853027 8.60000038146973 8.80000019073486 8.80000019073486 9.69999980926514 10.3999996185303 10.6999998092651 10.8000001907349 10.1999998092651 9.39999961853027 9.19999980926514 9.39999961853027 9.89999961853027 10 9.89999961853027 10.1000003814697 10 9.80000019073486 9.80000019073486 9.69999980926514 9.69999980926514 9.69999980926514 9.69999980926514 9.60000038146973 9.60000038146973 9.60000038146973 9.5 9.60000038146973 9.69999980926514 9.60000038146973 9.60000038146973 9.60000038146973 9.60000038146973 9.60000038146973 9.69999980926514 9.60000038146973 9.69999980926514 9.80000019073486 10 10 9.80000019073486 9.80000019073486 9.80000019073486 9.80000019073486 9.80000019073486 9.89999961853027 9.89999961853027
-3.4e+38 -3.4e+38 -3.4e+38 8 8.30000019073486 8.10000038146973 8.10000038146973 8.19999980926514 8.60000038146973 8.39999961853027 8.80000019073486 9.69999980926514 10.5 11.3000001907349 11.6000003814697 11.1999998092651 9.69999980926514 9.69999980926514 9.60000038146973 9.69999980926514 10 10.3000001907349 10.1000003814697 10.1000003814697 10.1000003814697 10 9.89999961853027 9.89999961853027 9.80000019073486 9.80000019073486 9.80000019073486 9.69999980926514 9.60000038146973 9.60000038146973 9.60000038146973 9.60000038146973 9.60000038146973 9.60000038146973 9.60000038146973 9.69999980926514 9.69999980926514 9.60000038146973 9.69999980926514 9.69999980926514 9.69999980926514 9.80000019073486 10.1000003814697 10 9.89999961853027 9.80000019073486 9.80000019073486 9.80000019073486 9.89999961853027 9.89999961853027 9.89999961853027
-3.4e+38 -3.4e+38 -3.4e+38 8.39999961853027 8.30000019073486 8.30000019073486 8.30000019073486 8.39999961853027 8.69999980926514 8.69999980926514 8.80000019073486 9.5 11 12 11.6000003814697 10.5 10 9.80000019073486 9.69999980926514 9.80000019073486 9.89999961853027 10.1000003814697 10.1000003814697 10.1000003814697 10.1000003814697 10.1000003814697 10 10 9.89999961853027 9.80000019073486 9.80000019073486 9.69999980926514 9.69999980926514 9.69999980926514 9.69999980926514 9.60000038146973 9.69999980926514 9.60000038146973 9.60000038146973 9.69999980926514 9.69999980926514 9.69999980926514 9.69999980926514 9.69999980926514 9.69999980926514 9.80000019073486 10 10 9.80000019073486 9.89999961853027 9.89999961853027 9.89999961853027 9.89999961853027 9.89999961853027 9.89999961853027
-3.4e+38 -3.4e+38 -3.4e+38 8.39999961853027 8.30000019073486 8.39999961853027 8.5 8.5 8.69999980926514 8.80000019073486 9.10000038146973 10 12 12.1000003814697 11.6999998092651 10.3000001907349 10.3000001907349 9.89999961853027 9.89999961853027 9.80000019073486 9.89999961853027 10 10.1000003814697 10.1999998092651 10.1000003814697 10.1000003814697 10.1000003814697 10.1000003814697 9.89999961853027 9.89999961853027 9.89999961853027 9.89999961853027 9.80000019073486 9.69999980926514 9.69999980926514 9.60000038146973 9.69999980926514 9.69999980926514 9.69999980926514 9.80000019073486 9.80000019073486 9.80000019073486 9.80000019073486 9.80000019073486 9.80000019073486 9.89999961853027 10 9.89999961853027 9.89999961853027 9.89999961853027 9.89999961853027 9.89999961853027 9.89999961853027 9.89999961853027 10
-3.4e+38 -3.4e+38 8.60000038146973 8.69999980926514 8.5 8.60000038146973 8.60000038146973 8.60000038146973 8.69999980926514 8.80000019073486 9.30000019073486 11 12.8999996185303 12.3999996185303 11.3000001907349 10.3000001907349 10.6999998092651 10.1999998092651 9.89999961853027 9.89999961853027 9.89999961853027 10.1999998092651 10.1999998092651 10.1999998092651 10.1999998092651 10.1999998092651 10.1000003814697 10.1000003814697 10.1000003814697 10 10 9.89999961853027 9.80000019073486 9.89999961853027 10 9.69999980926514 9.69999980926514 9.69999980926514 9.80000019073486 9.80000019073486 9.80000019073486 9.80000019073486 9.89999961853027 9.80000019073486 9.80000019073486 9.89999961853027 9.89999961853027 9.89999961853027 10 9.89999961853027 9.89999961853027 9.89999961853027 9.89999961853027 10 10
-3.4e+38 8.89999961853027 9 8.89999961853027 8.60000038146973 8.69999980926514 8.69999980926514 8.69999980926514 8.80000019073486 9.10000038146973 9.89999961853027 11.6000003814697 13.1000003814697 11.6000003814697 10.6000003814697 10.8000001907349 10.6000003814697 10.3000001907349 9.89999961853027 10 10.1000003814697 10.3000001907349 10.3000001907349 10.3999996185303 10.1999998092651 10.1999998092651 10.1999998092651 10.1999998092651 10.1999998092651 10.1000003814697 10.1000003814697 10 10 9.89999961853027 10 9.89999961853027 9.80000019073486 9.80000019073486 9.80000019073486 9.89999961853027 9.89999961853027 9.89999961853027 9.89999961853027 9.89999961853027 9.89999961853027 9.89999961853027 10 10.1999998092651 10.1000003814697 10 10 10 9.89999961853027 10 10
-3.4e+38 9.30000019073486 9.30000019073486 9 8.69999980926514 8.80000019073486 8.69999980926514 8.69999980926514 8.80000019073486 9.30000019073486 10.1000003814697 12 12.5 11.3000001907349 10.8999996185303 11.1000003814697 10.8000001907349 10.5 10 10 10.1999998092651 10.1999998092651 10.1999998092651 10.1999998092651 10.1999998092651 10.1999998092651 10.1999998092651 10.3000001907349 10.3000001907349 10.1999998092651 10.1999998092651 10.1000003814697 10.1000003814697 10 10 9.89999961853027 10 10 10 10 9.89999961853027 9.89999961853027 10 10 10 10 10 10.3000001907349 10.1999998092651 10 10 10 10 10 10
-3.4e+38 9.60000038146973 9.60000038146973 9 8.89999961853027 9 8.80000019073486 8.69999980926514 8.89999961853027 10 10.5 11.8000001907349 11.5 11.1000003814697 10.5 11 10.6000003814697 10.3000001907349 10.1000003814697 10.1999998092651 10.1999998092651 10.1999998092651 10.3000001907349 10.1999998092651 10.3000001907349 10.3000001907349 10.3000001907349 10.3000001907349 10.3000001907349 10.3000001907349 10.1999998092651 10.1999998092651 10.1999998092651 10.1999998092651 10.1000003814697 10.1000003814697 10.1000003814697 10.1000003814697 10.1000003814697 10.1000003814697 10.1000003814697 10 10 10 10 10 10 10.1999998092651 10.1000003814697 10 10 10 10 10 10
