data/layers/future_layer_can_585_60/bio2.asc
NCOLS 494 
NROWS 529 
XLLCORNER -117.166666666667 
YLLCORNER -55.5 
CELLSIZE 0.166666666666667 
NODATA_value -3.4e+38 
[rows 300 to 324 of 529, columns 275 to 329 of 494]
11.3999996185303 10.3999996185303 10.8999996185303 10.6999998092651 10.6999998092651 11.3000001907349 12.3999996185303 13 14.6000003814697 15.1000003814697 15.3000001907349 15.3000001907349 15 15.1000003814697 15.1999998092651 15.6000003814697 15.6999998092651 15.8000001907349 15.8999996185303 16.2000007629395 17.2999992370605 17.1000003814697 17.2999992370605 17.5 17.6000003814697 17.6000003814697 17.2999992370605 17 17.2000007629395 17 17.2999992370605 17.3999996185303 17.3999996185303 17.5 16.8999996185303 16 14.6000003814697 13.6999998092651 13.5 12.8999996185303 12.5 12.1999998092651 11.8999996185303 11.8999996185303 11.8000001907349 11.6000003814697 11.6000003814697 11.6000003814697 11.6000003814697 11.6999998092651 11.8000001907349 11.8000001907349 12.1000003814697 12.3000001907349 12.3999996185303
8 10.3999996185303 9.69999980926514 9.60000038146973 10.3000001907349 10.1999998092651 12.1000003814697 12.8999996185303 13.8999996185303 15.1000003814697 15.5 15.6999998092651 15.1999998092651 14.6000003814697 14.8999996185303 15.5 15.8000001907349 16.1000003814697 16 16.3999996185303 17.2000007629395 17.7000007629395 17.3999996185303 17.3999996185303 17.7000007629395 17.7000007629395 17.7000007629395 17.3999996185303 17.2999992370605 16.8999996185303 17 17.3999996185303 17.7999992370605 17.6000003814697 17.6000003814697 17.1000003814697 16.5 15.6999998092651 15.1000003814697 14.3999996185303 13.3999996185303 13.1999998092651 12.6999998092651 12.1000003814697 11.6999998092651 11.3999996185303 11.3000001907349 11.3000001907349 11.3000001907349 11.6000003814697 11.6999998092651 11.6999998092651 12.1999998092651 12.3999996185303 12.5
-3.4e+38 8.80000019073486 8.19999980926514 9.19999980926514 9.19999980926514 9.10000038146973 10.3000001907349 11.6999998092651 13.6000003814697 15 15.1999998092651 15.3999996185303 15.6000003814697 15.5 15.6000003814697 16.1000003814697 16 16.2999992370605 16.2999992370605 16.1000003814697 16.7999992370605 17.7000007629395 17.6000003814697 17.3999996185303 17.7999992370605 18.2999992370605 17.7000007629395 17.7000007629395 17.3999996185303 16.8999996185303 16.7999992370605 16.7999992370605 17.3999996185303 17.2000007629395 17.2000007629395 17.2000007629395 17.1000003814697 16.7000007629395 16.2999992370605 14.8000001907349 14 13.6999998092651 13.3000001907349 12.8000001907349 12.1999998092651 11.8999996185303 11.3000001907349 11.1000003814697 11.1000003814697 11.3999996185303 11.6999998092651 11.8000001907349 12.1999998092651 12.3000001907349 12.6000003814697
-3.4e+38 -3.4e+38 -3.4e+38 7.90000009536743 7.69999980926514 8.39999961853027 9.5 10 12.6000003814697 14.3000001907349 15.1999998092651 15.5 15.8000001907349 16.2000007629395 16 16.2000007629395 16 16.2000007629395 16.5 16.3999996185303 16.2999992370605 17.2000007629395 17.8999996185303 17.3999996185303 18 18 17.7999992370605 17.8999996185303 17.7000007629395 17.2000007629395 17 16.7000007629395 16.3999996185303 16.7000007629395 17 16.7999992370605 16.5 16.2000007629395 16 15.3999996185303 14.8000001907349 14.3999996185303 13.8000001907349 13.1000003814697 12.8000001907349 12.1999998092651 11.8999996185303 11.3999996185303 11.3999996185303 11.5 11.8000001907349 11.8999996185303 12.3000001907349 12.3999996185303 12.5
-3.4e+38 -3.4e+38 -3.4e+38 -3.4e+38 6.59999990463257 6.90000009536743 7.30000019073486 9.19999980926514 11.6999998092651 14 14.6999998092651 15.8000001907349 16.2000007629395 16 16.1000003814697 16.2000007629395 16.2999992370605 16.2999992370605 16.2999992370605 16.7000007629395 16.7999992370605 16.7000007629395 17.5 17.6000003814697 18.2000007629395 17.3999996185303 17.6000003814697 17.7999992370605 17.7000007629395 17.2999992370605 17 16.7999992370605 16.6000003814697 16.1000003814697 16.2999992370605 16.5 16.2999992370605 15.8000001907349 15.3000001907349 14.8999996185303 14.6000003814697 14.6000003814697 14 13.5 13.1999998092651 12.6999998092651 12.1999998092651 11.8999996185303 11.8000001907349 12.1999998092651 12.1999998092651 12.1000003814697 12.3999996185303 12.5 12.5
-3.4e+38 -3.4e+38 -3.4e+38 -3.4e+38 -3.4e+38 -3.4e+38 6.80000019073486 9.10000038146973 10.8000001907349 12.5 13.5 15.8000001907349 15.8999996185303 16.2000007629395 16.5 16.7000007629395 16.3999996185303 16.6000003814697 17.1000003814697 17.1000003814697 17.2000007629395 16.8999996185303 17.2000007629395 18 18.3999996185303 18 17.7000007629395 17.7000007629395 17.6000003814697 17.1000003814697 17 16.5 16.2000007629395 16 15.6000003814697 15.8999996185303 15.8999996185303 15.8000001907349 15.1000003814697 15 14.6999998092651 14 14 13.5 13.3999996185303 13 12.3999996185303 12.1999998092651 12.3999996185303 12.6000003814697 12.3000001907349 12.3999996185303 12.6000003814697 12.5 12.6999998092651
-3.4e+38 -3.4e+38 -3.4e+38 -3.4e+38 -3.4e+38 -3.4e+38 5.80000019073486 8.80000019073486 10.1000003814697 12.5 13.3999996185303 15.5 16.2999992370605 15.5 16.2000007629395 16.5 16.5 17 17.2999992370605 17.3999996185303 17.2999992370605 17.3999996185303 17.6000003814697 17.8999996185303 18.2000007629395 18 17.5 17.5 17.5 17.1000003814697 16.7000007629395 16.5 16 15.6000003814697 15.1999998092651 15 14.8000001907349 14.8999996185303 14.1999998092651 14.3000001907349 14.3999996185303 13.8000001907349 13.8000001907349 13.6000003814697 13.1000003814697 12.6999998092651 12.5 12.3999996185303 12.8000001907349 13 12.6999998092651 12.6999998092651 12.6999998092651 12.6999998092651 12.8000001907349
-3.4e+38 -3.4e+38 -3.4e+38 -3.4e+38 -3.4e+38 -3.4e+38 6.69999980926514 8.89999961853027 10.5 11.8999996185303 14.1999998092651 14.5 16.1000003814697 16.1000003814697 15.6999998092651 16.2999992370605 16.7999992370605 16.8999996185303 16.8999996185303 17.2000007629395 17.6000003814697 17.6000003814697 17.6000003814697 18 16.2000007629395 16.5 17.7999992370605 17.2000007629395 17.2000007629395 16.7999992370605 16.3999996185303 16.5 16.1000003814697 15.3999996185303 15.1999998092651 15 14 14 13.6999998092651 13.6999998092651 13.6000003814697 13.3999996185303 13.3000001907349 13.1999998092651 12.8999996185303 12.3999996185303 12.1999998092651 12.6000003814697 13 13.1000003814697 13 12.8999996185303 12.8999996185303 12.8999996185303 12.8000001907349
-3.4e+38 -3.4e+38 -3.4e+38 -3.4e+38 -3.4e+38 -3.4e+38 7.40000009536743 9.19999980926514 10.8999996185303 11.5 13.3000001907349 14.6000003814697 15.6000003814697 15.8000001907349 16 16.3999996185303 16.7999992370605 16.8999996185303 16.5 17.2000007629395 17.5 17.3999996185303 17.1000003814697 17.1000003814697 15.8000001907349 14.1999998092651 16.7000007629395 16.8999996185303 16.8999996185303 16.7000007629395 16.6000003814697 16.6000003814697 16.3999996185303 15.8999996185303 15.5 15.1999998092651 14.3000001907349 13.6999998092651 14.1999998092651 13.6999998092651 13.6999998092651 13.3000001907349 13 12.6999998092651 12.1999998092651 12 12.3000001907349 12.6000003814697 13 13.1999998092651 13.1999998092651 13.1000003814697 13 12.8999996185303 12.8999996185303
-3.4e+38 -3.4e+38 -3.4e+38 -3.4e+38 -3.4e+38 -3.4e+38 8.39999961853027 9.69999980926514 10.6999998092651 11 12.1999998092651 14.1000003814697 15 15.8000001907349 16.1000003814697 16.1000003814697 15.8999996185303 16.6000003814697 16.6000003814697 16.8999996185303 17.2000007629395 17.2999992370605 17.2999992370605 17.2999992370605 17.2000007629395 14.6000003814697 14.1999998092651 16.3999996185303 16.7999992370605 17.2000007629395 17.1000003814697 16.6000003814697 16.7999992370605 16 15.5 15 14.3999996185303 13.8000001907349 14.1999998092651 13.5 13.3999996185303 13 12.1999998092651 12 11.8000001907349 12.1000003814697 12.3000001907349 12.6999998092651 13.1000003814697 13.3000001907349 13.3000001907349 13.1999998092651 13.1000003814697 12.8999996185303 13.1000003814697
-3.4e+38 -3.4e+38 -3.4e+38 -3.4e+38 -3.4e+38 -3.4e+38 -3.4e+38 9.30000019073486 10.3000001907349 11.1000003814697 12.6000003814697 14.3999996185303 15 15.5 16.5 16.2999992370605 16.2999992370605 16.2000007629395 15.8999996185303 15.3000001907349 16.5 17 17.2000007629395 17.2999992370605 17.2000007629395 15.1999998092651 13.8999996185303 16.3999996185303 16.8999996185303 17.2000007629395 16.8999996185303 16.6000003814697 16.1000003814697 15.8000001907349 15.1000003814697 14.8000001907349 14.3999996185303 14.3000001907349 14.6000003814697 13.8999996185303 12.8999996185303 12.8999996185303 12 11.6999998092651 11.6999998092651 11.8999996185303 12.1999998092651 12.6000003814697 13.1999998092651 13.5 13.5 13.3000001907349 13.1999998092651 13.1999998092651 13.1999998092651
-3.4e+38 -3.4e+38 -3.4e+38 -3.4e+38 -3.4e+38 -3.4e+38 -3.4e+38 9.5 10.3000001907349 11 12.1999998092651 13.6000003814697 14.8999996185303 15.6999998092651 16 16.2000007629395 16.2000007629395 15.1000003814697 13.1999998092651 12.6999998092651 15.8000001907349 16.6000003814697 17 17.2000007629395 17.1000003814697 16.7999992370605 16.8999996185303 16.5 16.7000007629395 17.1000003814697 16.7000007629395 16.5 16.5 15.3000001907349 15.1999998092651 14.3999996185303 14.1999998092651 14.3999996185303 14.1999998092651 14.3999996185303 13.3000001907349 12.5 12 11.5 11.6999998092651 11.8999996185303 12.1999998092651 12.6000003814697 13 13.3999996185303 13.6999998092651 13.3999996185303 13.3000001907349 13.3000001907349 13.1999998092651
-3.4e+38 -3.4e+38 -3.4e+38 -3.4e+38 -3.4e+38 -3.4e+38 -3.4e+38 10 10.8999996185303 11.6999998092651 12 12.6999998092651 13.8999996185303 15.3000001907349 15.8999996185303 16 16 14.3000001907349 12.8000001907349 12.1999998092651 13.1000003814697 15.6000003814697 16.2999992370605 16.7000007629395 16.5 16.6000003814697 16.7999992370605 16.1000003814697 16.7000007629395 17.2000007629395 16.8999996185303 16.5 16 15.1999998092651 15.6000003814697 14.8999996185303 14.1999998092651 14.1000003814697 13.3000001907349 13.8000001907349 13.3000001907349 12.3000001907349 12 11.3000001907349 11.6999998092651 12 12.5 12.6999998092651 12.6999998092651 13.3000001907349 13.3000001907349 13.3999996185303 13.3999996185303 13.3000001907349 13.3000001907349
-3.4e+38 -3.4e+38 -3.4e+38 -3.4e+38 -3.4e+38 -3.4e+38 -3.4e+38 9.39999961853027 10.8999996185303 11.3999996185303 11.8999996185303 12.3999996185303 13.3999996185303 15.6000003814697 16 16 15.8000001907349 15.8000001907349 14.6000003814697 14.1000003814697 15.3000001907349 15.8999996185303 15.8999996185303 16.1000003814697 16.5 16.2000007629395 16.5 16.2999992370605 16.5 17.1000003814697 17.2000007629395 16.8999996185303 16.2999992370605 16 15.6000003814697 15.1000003814697 14.6000003814697 15.1000003814697 14 13.6000003814697 13.8999996185303 12.3000001907349 12 11.5 11.6999998092651 12.1000003814697 12.6000003814697 12.8999996185303 12.6999998092651 13.1999998092651 13.3000001907349 13.3999996185303 13.3999996185303 13.1999998092651 13.3000001907349
-3.4e+38 -3.4e+38 -3.4e+38 -3.4e+38 -3.4e+38 -3.4e+38 -3.4e+38 9.39999961853027 11 11.8000001907349 11.8000001907349 12.5 13.3000001907349 15 15.8999996185303 16 16.1000003814697 16.2000007629395 15.8999996185303 15.5 15.1000003814697 15.3999996185303 14.5 13.6000003814697 15.1000003814697 16 16.2999992370605 17 16.8999996185303 17.1000003814697 17.2000007629395 16.8999996185303 16.2999992370605 16.3999996185303 15.5 14.8999996185303 14.6999998092651 15.3000001907349 14.1999998092651 13.3999996185303 13.5 12.1999998092651 11.8999996185303 11.6000003814697 11.8999996185303 12.1000003814697 12.5 13 12.6000003814697 13.3999996185303 13.6000003814697 13.3000001907349 13.3000001907349 13.3000001907349 13.3000001907349
-3.4e+38 -3.4e+38 -3.4e+38 -3.4e+38 -3.4e+38 -3.4e+38 -3.4e+38 7.90000009536743 11 11.3999996185303 11.6999998092651 12.1999998092651 13.3999996185303 14.3000001907349 16 16.2999992370605 16.2999992370605 15.8999996185303 14.8000001907349 12.6000003814697 12.5 13 13 12.6000003814697 12.8999996185303 15.8000001907349 16.2999992370605 16.3999996185303 16.3999996185303 16.8999996185303 16.2000007629395 15.8000001907349 15.8000001907349 15.3000001907349 15.5 15.3000001907349 15.1000003814697 14.6999998092651 14.8999996185303 14 13.3999996185303 13.1000003814697 12 11.6999998092651 12.1999998092651 12.1999998092651 12.3999996185303 12.8999996185303 12.6999998092651 13.1999998092651 13.3999996185303 13.5 13.5 13.5 13.3999996185303
-3.4e+38 -3.4e+38 -3.4e+38 -3.4e+38 -3.4e+38 -3.4e+38 -3.4e+38 7.5 10.8000001907349 11.3000001907349 11.3999996185303 12.1999998092651 13 14.5 16.2999992370605 16.5 16.3999996185303 15.8000001907349 14.6999998092651 12.1999998092651 12.1999998092651 12.3000001907349 12.3000001907349 12.5 12.6999998092651 15.1999998092651 16.6000003814697 16.2999992370605 16.2999992370605 16.1000003814697 15.6999998092651 15.1999998092651 15.3000001907349 15 14.8999996185303 15.1000003814697 15.1999998092651 14.8999996185303 15.3999996185303 15.1999998092651 13.1000003814697 13.6000003814697 12.1999998092651 11.8999996185303 12.1000003814697 12.3000001907349 12.5 13.1000003814697 12.8999996185303 13.3000001907349 13.5 13.6000003814697 13.6999998092651 13.6000003814697 13.5
-3.4e+38 -3.4e+38 -3.4e+38 -3.4e+38 -3.4e+38 -3.4e+38 -3.4e+38 7.69999980926514 10.6999998092651 11.3999996185303 11.6999998092651 12.3999996185303 13.5 15 16.2999992370605 16.1000003814697 15.8999996185303 14.8999996185303 14 12.5 13.3000001907349 12.3000001907349 12.1999998092651 12.3999996185303 12.6000003814697 13.6999998092651 16.2999992370605 16.2000007629395 16 16.1000003814697 15.6999998092651 15.3000001907349 15.1999998092651 14.6000003814697 14.6000003814697 14.8000001907349 15.1999998092651 15.1999998092651 15.3000001907349 14.1999998092651 12.8999996185303 13.3000001907349 12.3000001907349 12.1000003814697 12.3000001907349 12.5 12.5 13.3000001907349 13 13.1999998092651 13.3000001907349 13.3999996185303 13.6000003814697 13.6000003814697 13.5
-3.4e+38 -3.4e+38 -3.4e+38 -3.4e+38 -3.4e+38 -3.4e+38 -3.4e+38 9 11.1000003814697 10.8999996185303 11.1000003814697 12.3999996185303 13.6999998092651 15.3000001907349 16.3999996185303 16.1000003814697 15.6000003814697 15.3999996185303 14 13.1000003814697 15.1999998092651 13.3000001907349 12.3999996185303 12.3999996185303 12.6000003814697 13.1999998092651 15.3000001907349 16 16.2000007629395 16.1000003814697 15.6000003814697 15.3999996185303 15.1000003814697 14.6999998092651 14.3999996185303 14.6000003814697 15.1000003814697 14.8999996185303 15.1999998092651 13.6999998092651 13.1000003814697 12.6999998092651 12.1999998092651 12.3000001907349 12.3000001907349 12.5 12.8000001907349 13.3999996185303 13.3999996185303 13.3999996185303 13.5 13.3999996185303 13.3999996185303 13.5 13.5
-3.4e+38 -3.4e+38 -3.4e+38 -3.4e+38 -3.4e+38 -3.4e+38 -3.4e+38 9.10000038146973 11 11.1000003814697 10.8999996185303 12.3000001907349 13.5 14.3999996185303 15.8000001907349 16.1000003814697 16.2999992370605 16.2999992370605 15.8999996185303 15.5 15.6000003814697 15.3999996185303 13.8000001907349 12.3999996185303 12.8999996185303 14.8999996185303 16.6000003814697 16.3999996185303 16.5 16.2000007629395 15.6999998092651 15.3999996185303 15.1000003814697 14.8999996185303 14.5 14.3999996185303 14.6000003814697 14.8999996185303 15.3000001907349 13.8999996185303 13.6000003814697 12.6000003814697 12.1999998092651 12.3000001907349 12.5 12.6999998092651 12.8000001907349 12.8999996185303 13.1999998092651 13.3000001907349 13.5 13.5 13.3999996185303 13.6000003814697 13.6000003814697
-3.4e+38 -3.4e+38 -3.4e+38 -3.4e+38 -3.4e+38 -3.4e+38 -3.4e+38 9.10000038146973 11.1999998092651 11.6000003814697 10.8999996185303 12.3999996185303 13.5 14.1999998092651 16 16.3999996185303 16.7000007629395 16.5 16.2999992370605 15.8999996185303 15.6999998092651 15.6000003814697 15.1999998092651 14.8000001907349 15.3999996185303 16.1000003814697 16.5 16.7999992370605 16.6000003814697 16.3999996185303 16 15.3999996185303 15.1000003814697 14.8000001907349 14.6999998092651 14.6000003814697 14.1999998092651 15.1000003814697 15.1999998092651 14.3999996185303 13.8999996185303 12.3000001907349 12.3999996185303 12.3999996185303 12.6999998092651 12.8000001907349 12.8999996185303 13.1000003814697 13.3999996185303 13.5 13.5 13.5 13.5 13.6000003814697 13.6000003814697
-3.4e+38 -3.4e+38 -3.4e+38 -3.4e+38 -3.4e+38 -3.4e+38 -3.4e+38 8.39999961853027 10.6999998092651 12 11.5 12.5 13.3000001907349 14.1000003814697 15.3000001907349 16.2000007629395 16.2000007629395 16.2999992370605 16.2000007629395 16.1000003814697 15.8999996185303 15.6000003814697 15.6999998092651 16.2999992370605 16.6000003814697 16.5 16.6000003814697 16.7000007629395 16.3999996185303 16.5 16 15.6000003814697 15.3999996185303 15 14.8999996185303 15.1000003814697 14.3999996185303 15.1000003814697 15.3999996185303 13.6000003814697 13.5 12.8000001907349 12.5 12.5 12.8999996185303 13 13.1000003814697 13.1000003814697 13.6000003814697 13.5 13.6000003814697 13.6000003814697 13.5 13.6000003814697 13.6000003814697
-3.4e+38 -3.4e+38 -3.4e+38 -3.4e+38 -3.4e+38 -3.4e+38 -3.4e+38 -3.4e+38 10.6999998092651 11.6999998092651 11.8000001907349 12.1999998092651 12.8999996185303 13.8999996185303 14.8999996185303 16 16.2999992370605 16.3999996185303 16.2999992370605 16.1000003814697 15.8999996185303 16.1000003814697 16 16.1000003814697 16.1000003814697 16.5 16.8999996185303 16.7999992370605 16.7000007629395 16.5 16 16.1000003814697 15.6999998092651 15.3999996185303 15.5 15.3000001907349 14.5 15.1000003814697 15 14.3999996185303 13.5 13 12.6000003814697 12.6999998092651 13.1999998092651 13.3000001907349 13.1000003814697 13.3999996185303 13.8000001907349 13.6999998092651 13.8000001907349 13.8000001907349 13.6999998092651 13.6999998092651 13.6999998092651
-3.4e+38 -3.4e+38 -3.4e+38 -3.4e+38 -3.4e+38 -3.4e+38 -3.4e+38 -3.4e+38 11.1000003814697 11.3000001907349 11.1000003814697 11.8999996185303 12.8000001907349 13.8999996185303 15 16.1000003814697 16 16.2000007629395 16.3999996185303 16.5 16.1000003814697 15.8999996185303 15.8999996185303 16.2000007629395 16.2999992370605 16.6000003814697 17 16.7000007629395 16.7999992370605 16.7000007629395 16.1000003814697 15.6999998092651 15.5 15.5 16 15.5 14.8999996185303 15.3000001907349 15.3000001907349 14.8999996185303 14.3999996185303 13.8999996185303 13 12.8999996185303 13.1000003814697 13.5 13.3000001907349 13.8999996185303 14 13.8000001907349 13.8000001907349 13.8999996185303 13.8000001907349 13.8000001907349 13.8000001907349
-3.4e+38 -3.4e+38 -3.4e+38 -3.4e+38 -3.4e+38 -3.4e+38 -3.4e+38 -3.4e+38 10.6999998092651 10.8999996185303 11.1999998092651 12 12.5 13.8000001907349 15.1999998092651 16.2000007629395 16.3999996185303 16.5 16.5 16.3999996185303 16.2000007629395 16.2000007629395 16.2999992370605 16.2999992370605 16.5 17.2000007629395 17.2000007629395 17 16.7999992370605 16.7000007629395 16.2000007629395 16 15.6999998092651 15.3999996185303 15.8000001907349 15.8000001907349 15.1000003814697 15.8000001907349 15.5 14.6000003814697 14.6000003814697 14.6000003814697 13.3999996185303 13 13 13.5 13.3000001907349 14 14 13.6999998092651 13.8000001907349 13.8999996185303 13.8999996185303 14 14
