data/layers/future_layer_can_585_60/bio4.asc
NCOLS 494 
NROWS 529 
XLLCORNER -117.166666666667 
YLLCORNER -55.5 
CELLSIZE 0.166666666666667 
NODATA_value -3.4e+38 
[rows 240 to 263 of 529, columns 275 to 329 of 494]
158.100006103516 158.600006103516 161.199996948242 162.800003051758 163 165.399993896484 168.399993896484 170.5 171.100006103516 174.399993896484 177 179.199996948242 181.5 185.399993896484 187 189.5 191.100006103516 193.699996948242 196.5 198.199996948242 201.5 203.800003051758 205.699996948242 205.199996948242 207 206 203.399993896484 203.699996948242 203 202 201.100006103516 200.699996948242 198.199996948242 200.300003051758 199.199996948242 198.100006103516 195 197.5 195.800003051758 196.300003051758 195.899993896484 194.800003051758 194.300003051758 195 192.699996948242 193.100006103516 192.899993896484 194.600006103516 193.800003051758 194.699996948242 193.100006103516 192.399993896484 189.699996948242 186.899993896484 185.600006103516
157.5 156.5 159.100006103516 161.600006103516 162.600006103516 164.199996948242 166.199996948242 170.199996948242 171 173.199996948242 175.399993896484 178.899993896484 181.199996948242 183.100006103516 186.600006103516 188.800003051758 190.699996948242 194.5 196.399993896484 196.899993896484 199.699996948242 201.800003051758 204.199996948242 204.699996948242 205.699996948242 203.800003051758 204.199996948242 202.699996948242 201.399993896484 201.100006103516 200.699996948242 200.300003051758 200 199 198.600006103516 197.800003051758 197.199996948242 197 195.199996948242 195.899993896484 195.100006103516 194.199996948242 193.100006103516 194.399993896484 192.899993896484 192.600006103516 192.699996948242 193 193.600006103516 194.5 191.5 191.899993896484 188.899993896484 187 184.699996948242
155.199996948242 157.199996948242 158.699996948242 160.300003051758 160.800003051758 163.100006103516 164.800003051758 165.899993896484 170.300003051758 173.600006103516 175.699996948242 178 179.5 182 185.399993896484 188.800003051758 189.5 192.199996948242 193.699996948242 196.899993896484 198.100006103516 200.199996948242 202.899993896484 205.100006103516 203.5 203.100006103516 202.600006103516 203.399993896484 200.800003051758 200.600006103516 199.699996948242 198.699996948242 198.100006103516 197.699996948242 197.600006103516 197.5 196.899993896484 196.600006103516 195.699996948242 195.300003051758 196.399993896484 193.800003051758 193.300003051758 194.600006103516 192.800003051758 193.100006103516 192.199996948242 192.5 191.899993896484 191.600006103516 190.300003051758 187.5 188.800003051758 184.5 183.699996948242
154.899993896484 156.800003051758 157.199996948242 160.300003051758 160.5 162.600006103516 165.199996948242 167.100006103516 169.800003051758 171.399993896484 173.899993896484 176.800003051758 179.399993896484 182.199996948242 184.5 188.5 188.899993896484 191 193.199996948242 195.5 198.699996948242 199.899993896484 201.199996948242 203.300003051758 202.5 201.699996948242 201.600006103516 201.600006103516 199.800003051758 199.899993896484 199.399993896484 199.5 198.899993896484 198 196.600006103516 195.899993896484 196.399993896484 195.899993896484 196.399993896484 196 194.600006103516 194.5 193.100006103516 193.199996948242 192.399993896484 192.800003051758 191.600006103516 190.899993896484 191.300003051758 189.100006103516 187.5 186 184.600006103516 182.800003051758 181.199996948242
154.100006103516 155.600006103516 157.600006103516 158.699996948242 160.100006103516 163.100006103516 165.399993896484 166.600006103516 169.300003051758 170.100006103516 173.899993896484 176.899993896484 178.600006103516 182.100006103516 184 185.800003051758 188.600006103516 190.300003051758 193.100006103516 195.199996948242 195 199.199996948242 201.800003051758 201.600006103516 202.5 201.300003051758 201.300003051758 201.300003051758 199.399993896484 199.100006103516 199.399993896484 198.800003051758 199.600006103516 198.100006103516 197.199996948242 195.899993896484 197.899993896484 196.600006103516 195.800003051758 195.899993896484 195 194.800003051758 193.199996948242 191.600006103516 190.899993896484 191.5 191.100006103516 189.5 188.199996948242 186.899993896484 186.300003051758 184.600006103516 182.600006103516 182.100006103516 179.100006103516
153.699996948242 156 157.300003051758 158 160.399993896484 162.699996948242 164.899993896484 167.699996948242 168.600006103516 171.199996948242 173.899993896484 176.199996948242 177.5 180.699996948242 183.600006103516 185.5 188.5 191.399993896484 191.199996948242 194.399993896484 196.300003051758 197.600006103516 198.899993896484 201.899993896484 201.100006103516 200.5 200.100006103516 199.5 198.5 199.199996948242 199.699996948242 198.899993896484 198.399993896484 198.5 197.800003051758 197.800003051758 197 197.199996948242 197.399993896484 195.699996948242 193.800003051758 195 191.699996948242 191.399993896484 190.600006103516 190.300003051758 188.5 186 185.899993896484 185.800003051758 182.899993896484 182.899993896484 181.800003051758 179.699996948242 177.300003051758
151.899993896484 155 155.399993896484 158.399993896484 160.699996948242 161.300003051758 165 166.800003051758 168.800003051758 171 173.300003051758 175.199996948242 178.199996948242 181.199996948242 183 184.5 186.899993896484 189.300003051758 190.699996948242 194.100006103516 195.800003051758 197.199996948242 198.300003051758 198.899993896484 199.300003051758 199.100006103516 199.600006103516 198.100006103516 199 198.699996948242 198.699996948242 197.800003051758 197.300003051758 197.699996948242 197 197.300003051758 196.300003051758 197.100006103516 196.899993896484 195.300003051758 195.5 195 194.199996948242 191.899993896484 191.100006103516 189 187.5 185.199996948242 184.899993896484 183.699996948242 183.399993896484 180.800003051758 179.800003051758 177.800003051758 175.800003051758
152.300003051758 154.399993896484 155.800003051758 157.600006103516 159.699996948242 162.100006103516 165.5 167.399993896484 168 171.600006103516 173.199996948242 175.800003051758 177.800003051758 181.699996948242 182.5 184.199996948242 186.5 189.100006103516 191.199996948242 191.399993896484 195.899993896484 195.600006103516 198.699996948242 198.5 199.699996948242 198.100006103516 198.800003051758 199.800003051758 199 199 198.899993896484 198 198 197.399993896484 197.100006103516 195.899993896484 196.300003051758 197 196.199996948242 195.699996948242 196.100006103516 193.600006103516 193.399993896484 192.699996948242 190.399993896484 189.600006103516 186.300003051758 185.300003051758 182.899993896484 181.899993896484 179.699996948242 180.5 179.300003051758 177.800003051758 174.600006103516
151.300003051758 153.600006103516 155.699996948242 157.800003051758 160 163.800003051758 165 165.899993896484 168 171.800003051758 174.100006103516 176 179 180.5 182.899993896484 185.100006103516 186.5 187.899993896484 190 191.300003051758 194 195.800003051758 196.800003051758 198 200.699996948242 199.899993896484 200.300003051758 199.300003051758 197.800003051758 198.899993896484 197.300003051758 197.600006103516 197.300003051758 197.5 197 197.5 197.100006103516 196.699996948242 198.100006103516 196.5 196.100006103516 194.399993896484 192.5 192.699996948242 190.899993896484 189.699996948242 186.699996948242 184.899993896484 182.600006103516 180.300003051758 177.699996948242 177.899993896484 175.600006103516 175.399993896484 173.5
149.800003051758 154 155.199996948242 158.899993896484 161.5 162.600006103516 165.600006103516 167.600006103516 170.199996948242 171.300003051758 174.699996948242 175.699996948242 177.899993896484 181.699996948242 183.699996948242 186.800003051758 186.699996948242 188 188.600006103516 192 192.800003051758 194.899993896484 195.600006103516 198 199.199996948242 200.199996948242 198.800003051758 198.199996948242 197.600006103516 197.699996948242 197.800003051758 197.199996948242 196.600006103516 197.399993896484 197.600006103516 197.800003051758 196.699996948242 197.300003051758 197.199996948242 197.300003051758 198 193.5 192.399993896484 191.800003051758 190.199996948242 187.199996948242 186.800003051758 183.699996948242 181.199996948242 179.899993896484 176.800003051758 176.899993896484 175.699996948242 173.300003051758 172.699996948242
149.899993896484 153.399993896484 155.5 157.800003051758 160.899993896484 163.5 164.899993896484 167.100006103516 169.699996948242 170.600006103516 173.100006103516 176 177.100006103516 180.399993896484 182.399993896484 186.899993896484 187.800003051758 187.899993896484 188 189.5 192.899993896484 193.399993896484 196.300003051758 197.800003051758 198.699996948242 197.600006103516 196.600006103516 197.399993896484 197.199996948242 197.100006103516 198 198 199.399993896484 197.399993896484 198.199996948242 197.699996948242 197.5 197.199996948242 198.300003051758 197.300003051758 196.399993896484 193.600006103516 193 192.5 189.199996948242 186.800003051758 184.5 184.699996948242 182.600006103516 179.300003051758 176.699996948242 175.899993896484 174.5 174 172.100006103516
150.899993896484 152.699996948242 154.5 158.399993896484 161.100006103516 163 165.899993896484 167.899993896484 169 171.199996948242 172.699996948242 176 177.300003051758 180.899993896484 181.600006103516 184.300003051758 186.300003051758 187.899993896484 189.100006103516 191.600006103516 192.199996948242 194.899993896484 195.699996948242 197.399993896484 197.399993896484 197.600006103516 196.699996948242 195.899993896484 196.600006103516 197.199996948242 196.899993896484 198.800003051758 198.399993896484 198 198.699996948242 199.300003051758 198.300003051758 199.5 198.800003051758 197.199996948242 196.600006103516 196.300003051758 194.100006103516 191 187.699996948242 185.399993896484 183.699996948242 183.399993896484 180.699996948242 178.699996948242 175.800003051758 174 175.800003051758 173.100006103516 170.899993896484
149.199996948242 150.800003051758 154.699996948242 158.899993896484 160.600006103516 163.5 167.699996948242 168.600006103516 169.800003051758 172 174.899993896484 174.600006103516 175.699996948242 178.699996948242 180.5 183 184.199996948242 186.199996948242 189 190 192.899993896484 194.5 195.199996948242 196.800003051758 197.199996948242 196 196.300003051758 194.800003051758 196.699996948242 198.800003051758 198.399993896484 199.5 198.899993896484 199.100006103516 199.300003051758 199 199.199996948242 199.300003051758 199.199996948242 198.899993896484 198.100006103516 195.600006103516 192 190.399993896484 187.699996948242 185.399993896484 183.899993896484 182.600006103516 180.199996948242 178.699996948242 175.100006103516 174.199996948242 174.800003051758 172.399993896484 171.100006103516
150.199996948242 152.800003051758 155.800003051758 158.300003051758 159.199996948242 164.800003051758 167.300003051758 168.300003051758 169.600006103516 170.399993896484 173.100006103516 175.399993896484 177.699996948242 178.399993896484 180.399993896484 182.199996948242 183.699996948242 185.300003051758 186.899993896484 189.300003051758 192 193.399993896484 194.199996948242 196.100006103516 196.899993896484 196.399993896484 196.899993896484 197.600006103516 198.399993896484 199.199996948242 198.100006103516 200.199996948242 200.399993896484 202.300003051758 199.899993896484 199 199.600006103516 199.699996948242 201.100006103516 200.100006103516 199.300003051758 195.5 192.5 191.199996948242 190.399993896484 186.399993896484 185.100006103516 183 180 179.5 177 173.600006103516 172.300003051758 172.5 171.199996948242
148.100006103516 151.300003051758 153.600006103516 157.699996948242 161.600006103516 164.699996948242 165.800003051758 167.800003051758 170.100006103516 171.5 173.300003051758 174.600006103516 176 178 179.100006103516 181 183.600006103516 184.5 187.899993896484 188.699996948242 190.600006103516 193.300003051758 193.399993896484 195.800003051758 196.699996948242 197.199996948242 198.399993896484 198.399993896484 198.300003051758 199.899993896484 199.199996948242 199.699996948242 198.800003051758 200.100006103516 199.699996948242 199.399993896484 200.300003051758 201.100006103516 201.399993896484 200.5 201 197.199996948242 193.899993896484 191.899993896484 190.100006103516 187.100006103516 185.300003051758 183.199996948242 180.699996948242 178.600006103516 176 173.199996948242 170.600006103516 170.600006103516 170.300003051758
145.899993896484 148.800003051758 152.899993896484 155.399993896484 158.899993896484 162.600006103516 165.100006103516 165.600006103516 167.899993896484 169.600006103516 171 172.5 174.600006103516 175.899993896484 178 180.100006103516 182 184.5 187 187.600006103516 190.899993896484 193.199996948242 192.800003051758 196.600006103516 194.699996948242 196.300003051758 197.300003051758 197.399993896484 196.899993896484 195.600006103516 198.100006103516 197 196.699996948242 197.899993896484 198 199.399993896484 201 199 201.5 200.699996948242 200 194.399993896484 192.600006103516 191.899993896484 189.600006103516 186 184.600006103516 183.399993896484 182.399993896484 177.5 175.699996948242 174.300003051758 171.899993896484 171 169.699996948242
144.699996948242 147.600006103516 150.399993896484 153.5 158.199996948242 160.100006103516 163.5 164.100006103516 165.300003051758 167.399993896484 167.899993896484 170.800003051758 172 174.399993896484 176.100006103516 178.199996948242 180.699996948242 182.600006103516 183.800003051758 186.699996948242 189.800003051758 191.5 192.300003051758 194.199996948242 195.100006103516 195 194.5 193.699996948242 194.899993896484 195.100006103516 196.899993896484 197.100006103516 198.5 198.300003051758 198.600006103516 199 200.399993896484 200.300003051758 200.899993896484 200.399993896484 195.300003051758 194.199996948242 193.600006103516 192.699996948242 190.100006103516 188.100006103516 185 183.300003051758 180.800003051758 178.699996948242 177.399993896484 172.899993896484 171.199996948242 169.699996948242 170.399993896484
141.399993896484 145.100006103516 148.5 152.300003051758 155.100006103516 158.199996948242 160.600006103516 162.699996948242 164.600006103516 165.199996948242 167.300003051758 169.300003051758 169.899993896484 172.5 173.600006103516 177.600006103516 179.800003051758 180.399993896484 182.399993896484 184.899993896484 187.800003051758 191.300003051758 192.600006103516 193.699996948242 193.199996948242 193.399993896484 191.899993896484 192.800003051758 193.199996948242 194 194.899993896484 195.899993896484 196.899993896484 197.300003051758 197.800003051758 198.399993896484 199 198.100006103516 200.699996948242 201 197.899993896484 195.5 194 192.5 190.600006103516 187.300003051758 184.300003051758 183.300003051758 179.600006103516 177.5 175.699996948242 172.899993896484 173.100006103516 170.100006103516 169.100006103516
139.300003051758 144.5 146.699996948242 150 153.5 157 160.699996948242 162.399993896484 162 164.199996948242 166.199996948242 166.5 170.100006103516 170.899993896484 174.100006103516 175.399993896484 178.100006103516 178.600006103516 183.199996948242 184 186.399993896484 188.800003051758 192.100006103516 190.199996948242 189.699996948242 192.100006103516 192.600006103516 192.199996948242 191.699996948242 193.5 194.600006103516 196 195.699996948242 196.199996948242 197 198.899993896484 199.699996948242 199.100006103516 200.300003051758 199.699996948242 195.100006103516 194.600006103516 193.100006103516 190.300003051758 189.800003051758 187 185.100006103516 182.600006103516 179.300003051758 177.5 175.199996948242 173.399993896484 172.699996948242 169.5 169.199996948242
137.800003051758 141.800003051758 145.399993896484 148.899993896484 153.100006103516 155.800003051758 159.600006103516 159.800003051758 161.399993896484 161.699996948242 163.800003051758 167 168 170.100006103516 173.199996948242 176 178.100006103516 180.699996948242 181.300003051758 182.5 186.5 189.699996948242 190.300003051758 188.300003051758 189.5 190.600006103516 189.100006103516 191.5 191.100006103516 191.5 194.199996948242 195.399993896484 194.5 196.300003051758 196.5 199.5 198.899993896484 198.199996948242 196.300003051758 197 196 193.699996948242 191.300003051758 188.300003051758 187 185 184.100006103516 181 177 178.800003051758 176.399993896484 175.600006103516 171.699996948242 171.199996948242 170.399993896484
137 139 143.899993896484 147.199996948242 151.600006103516 155.800003051758 159.199996948242 160.399993896484 160 161.899993896484 162.300003051758 165.5 168.600006103516 171.300003051758 173.899993896484 173.800003051758 178.300003051758 180.699996948242 181.800003051758 183.300003051758 184.100006103516 185.800003051758 187 187.699996948242 189 188.699996948242 189 190 190.399993896484 192 192.399993896484 193.100006103516 195.100006103516 194.300003051758 195 198.5 200.600006103516 198.300003051758 196 194.199996948242 193.300003051758 191.600006103516 190.300003051758 188.800003051758 186.600006103516 184.199996948242 182.100006103516 179.699996948242 176.899993896484 175.699996948242 175.699996948242 173 172 170.300003051758 168.100006103516
134.300003051758 139.5 142.5 146.199996948242 151.699996948242 155.100006103516 158.899993896484 159.800003051758 162.300003051758 161.800003051758 164.100006103516 166.5 169.699996948242 171.399993896484 173.399993896484 175 178 179.199996948242 180.899993896484 181.399993896484 183.5 185.800003051758 187.699996948242 187.399993896484 189.600006103516 188.5 188.800003051758 188.600006103516 189.199996948242 190.300003051758 191.600006103516 193.600006103516 194.600006103516 194.600006103516 196.399993896484 198.699996948242 197 196.699996948242 194.800003051758 195 193.399993896484 190.100006103516 190.199996948242 188.100006103516 187.199996948242 184.600006103516 185.899993896484 180.199996948242 176.800003051758 177.800003051758 176.300003051758 174 173.300003051758 171.199996948242 168.699996948242
133.100006103516 137.800003051758 141.5 147.5 150.600006103516 157.300003051758 160.300003051758 163.399993896484 165.699996948242 166.199996948242 168.899993896484 169.399993896484 170.899993896484 170.300003051758 172.800003051758 175.300003051758 176.800003051758 176.699996948242 179.5 179.899993896484 183.399993896484 184.899993896484 187.5 187.600006103516 186.699996948242 187.699996948242 187.699996948242 188.100006103516 189 188.300003051758 190.5 193.899993896484 195.199996948242 194.399993896484 194.300003051758 194.100006103516 194.5 193.5 192.5 193.899993896484 191.899993896484 190.300003051758 188.800003051758 187.399993896484 184.600006103516 183.100006103516 180.800003051758 179.5 177.699996948242 177.899993896484 177.300003051758 176.399993896484 173.800003051758 172.5 170.699996948242
131.199996948242 135.699996948242 140.300003051758 145.300003051758 151.300003051758 156.199996948242 160.399993896484 164.100006103516 168.100006103516 171.699996948242 174.899993896484 175.800003051758 173.899993896484 173.800003051758 173.600006103516 173.800003051758 174.899993896484 175.5 177.399993896484 180.300003051758 181.100006103516 183.100006103516 184.600006103516 186 185 186.100006103516 187.300003051758 187.199996948242 188 188.5 188.199996948242 190.5 193.300003051758 193.699996948242 192.899993896484 192.199996948242 193.5 192.399993896484 193.199996948242 192.300003051758 191.100006103516 189.399993896484 189.600006103516 187.100006103516 183.899993896484 183.600006103516 181.300003051758 180.899993896484 182.399993896484 177 175.5 174.5 175 173.300003051758 172.399993896484
