data/layers/future_layer_can_585_60/bio4.asc
NCOLS 494 
NROWS 529 
XLLCORNER -117.166666666667 
YLLCORNER -55.5 
CELLSIZE 0.166666666666667 
NODATA_value -3.4e+38 
[rows 240 to 263 of 529, columns 330 to 384 of 494]
183.699996948242 182.300003051758 181.100006103516 180.399993896484 181.300003051758 181.399993896484 181.800003051758 181.100006103516 181.800003051758 181.100006103516 181.199996948242 181.199996948242 181 181.899993896484 182.399993896484 182.800003051758 183.5 183.5 185 180.699996948242 179.100006103516 176.5 173.899993896484 170.300003051758 169.300003051758 166.5 163.899993896484 163.600006103516 160.600006103516 159.600006103516 157.5 155.899993896484 155.600006103516 155 151.600006103516 150.399993896484 147.699996948242 146.300003051758 143 142.600006103516 139.399993896484 137.300003051758 132.5 128.5 125.5 122.599998474121 119 117.599998474121 113.400001525879 110.900001525879 109 105.400001525879 103.300003051758 101.900001525879 101.599998474121
182.899993896484 181.199996948242 181 179.600006103516 179.199996948242 180.800003051758 179.100006103516 179.199996948242 180.5 180.399993896484 177.199996948242 179.100006103516 179.800003051758 179.699996948242 179.300003051758 181 179.800003051758 181.300003051758 180.399993896484 178.399993896484 176.600006103516 174.800003051758 171.600006103516 170.899993896484 167.600006103516 165.399993896484 163.199996948242 160.600006103516 158.899993896484 160.300003051758 157.100006103516 155.399993896484 155.899993896484 154.5 154.100006103516 151.600006103516 148.5 146.199996948242 144.800003051758 142.399993896484 139.100006103516 137.899993896484 134.600006103516 129.600006103516 126.699996948242 123.400001525879 121.199996948242 119 114.5 111.5 109.099998474121 106.300003051758 105.300003051758 103.300003051758 99.9000015258789
181.899993896484 179.199996948242 179.800003051758 179.600006103516 179.5 177.699996948242 178 177.399993896484 177.300003051758 177 176.899993896484 176.699996948242 176.5 175.899993896484 177.699996948242 177.5 178.5 178 179 175.300003051758 173.600006103516 171.699996948242 170.300003051758 168.5 166.100006103516 162.699996948242 161.600006103516 160.699996948242 159 159 158.199996948242 158 155.199996948242 154.199996948242 153.199996948242 152.600006103516 150.800003051758 148.100006103516 145.399993896484 145.300003051758 140.899993896484 139.899993896484 134.699996948242 131.399993896484 129.300003051758 124.900001525879 121.800003051758 119.5 116.300003051758 113.800003051758 109.900001525879 108.599998474121 107.199996948242 103.800003051758 101.599998474121
180.199996948242 179.399993896484 177.899993896484 179 178.5 175.800003051758 175.800003051758 174.899993896484 174.399993896484 174.800003051758 174.800003051758 174.699996948242 175.699996948242 173.5 174.199996948242 174.699996948242 173.199996948242 174.5 174.100006103516 173.300003051758 170.5 168.899993896484 168.899993896484 167.399993896484 164.899993896484 162.199996948242 161.699996948242 160.399993896484 158.5 159.100006103516 157.699996948242 157.899993896484 156.399993896484 154.899993896484 155.300003051758 153.600006103516 150.600006103516 149.300003051758 146.199996948242 144.600006103516 144.899993896484 141.399993896484 137.899993896484 134.300003051758 130.5 126.800003051758 122.900001525879 120.800003051758 119.300003051758 116.400001525879 112.300003051758 108.5 108.099998474121 105.5 103.099998474121
178.399993896484 177.199996948242 177.899993896484 176.899993896484 176.699996948242 175.300003051758 175.5 174.300003051758 173.699996948242 173.100006103516 172.699996948242 171 170.699996948242 171.5 171.300003051758 171.699996948242 171.699996948242 171.699996948242 171.699996948242 169.800003051758 169 167.800003051758 166.5 163.800003051758 162.899993896484 161.199996948242 161.199996948242 159.300003051758 159 158.100006103516 158.600006103516 157.5 156.5 156.100006103516 156.600006103516 154.899993896484 153.399993896484 151.199996948242 146.800003051758 145.5 144.199996948242 141.899993896484 140.800003051758 137.800003051758 132.600006103516 128.699996948242 126 123.099998474121 121.099998474121 117.699996948242 114.099998474121 111.5 109.5 107.699996948242 101.599998474121
176.300003051758 177.300003051758 177.300003051758 176 173.100006103516 172.899993896484 172 172.199996948242 172.699996948242 170.100006103516 170.600006103516 170.300003051758 169.399993896484 170.600006103516 168.899993896484 168.600006103516 167.800003051758 168.800003051758 168.699996948242 166.5 165.800003051758 165.699996948242 163.199996948242 163.699996948242 162.100006103516 160.399993896484 160 159.399993896484 157.399993896484 158.5 158.300003051758 158.899993896484 158.100006103516 159.600006103516 158.100006103516 158.100006103516 155.899993896484 152.5 151.100006103516 147 144.5 144.5 142.899993896484 140 132.899993896484 130.399993896484 127.400001525879 125.400001525879 123.599998474121 116.900001525879 115 113 111 107.599998474121 106
176.5 176.300003051758 176.199996948242 174.899993896484 174.199996948242 171.899993896484 170.899993896484 169.199996948242 169.5 168.600006103516 169.199996948242 168.800003051758 167.199996948242 166.899993896484 166 165.899993896484 166.5 165.899993896484 164.600006103516 165.600006103516 163.300003051758 163.5 162.100006103516 162.100006103516 161 159.600006103516 160.300003051758 158 157.899993896484 158.699996948242 157.5 158.600006103516 158.399993896484 159.100006103516 159.600006103516 159.100006103516 158.399993896484 155.699996948242 153.300003051758 149.300003051758 147.699996948242 145 142.699996948242 139.399993896484 135.800003051758 132 131 126.800003051758 123.300003051758 119.5 118 114.5 112.5 110.900001525879 107.300003051758
175.300003051758 176.699996948242 173.899993896484 170.600006103516 171.800003051758 170.399993896484 169.699996948242 168.399993896484 169.399993896484 167.100006103516 167.899993896484 166.100006103516 165.899993896484 165.800003051758 163.800003051758 164.600006103516 162.600006103516 162.100006103516 163 162.899993896484 160.800003051758 161 161.199996948242 160.800003051758 159.899993896484 159.399993896484 159.600006103516 157.699996948242 156.899993896484 157 157.199996948242 158 159.100006103516 159.699996948242 158.800003051758 159.300003051758 158.300003051758 158.600006103516 155.199996948242 154.399993896484 149.800003051758 147.5 145.199996948242 142.399993896484 138.5 133.399993896484 131.199996948242 127.300003051758 124.699996948242 120.599998474121 117.099998474121 116.300003051758 113.699996948242 112.300003051758 108.199996948242
173.600006103516 173 173.199996948242 169.600006103516 168.899993896484 167 166.100006103516 165.699996948242 166.399993896484 166.100006103516 163.699996948242 163.100006103516 163.399993896484 163.300003051758 161.899993896484 161.899993896484 160 159.199996948242 159.300003051758 158.699996948242 159.399993896484 158 157.5 158.600006103516 159.100006103516 157.899993896484 158.199996948242 159.100006103516 159.300003051758 158.399993896484 156.300003051758 159 159.699996948242 160.399993896484 160.399993896484 161.600006103516 159 157.399993896484 155.399993896484 153.899993896484 152.199996948242 150.699996948242 148.399993896484 144.699996948242 142.300003051758 136.699996948242 133.300003051758 130 125 122.400001525879 120.800003051758 116.400001525879 115.199996948242 113.099998474121 110.900001525879
172.399993896484 171.100006103516 169.100006103516 168.600006103516 167.699996948242 166.800003051758 165.5 163.300003051758 163.899993896484 164.100006103516 162.199996948242 162.600006103516 161.5 161.399993896484 159.800003051758 158.600006103516 158.800003051758 156.699996948242 157.600006103516 156.399993896484 157.399993896484 156.600006103516 157 158 157.100006103516 156.899993896484 158.399993896484 158.600006103516 158.199996948242 159.600006103516 158.199996948242 159.300003051758 160 161.5 162.5 161.600006103516 161 159.199996948242 157.899993896484 156.100006103516 155.5 151.600006103516 148.600006103516 147.399993896484 146.5 140.899993896484 135.100006103516 130 127.199996948242 124.099998474121 121.699996948242 119.300003051758 116.199996948242 113.5 112.599998474121
170.899993896484 171 169 167.800003051758 165.899993896484 164.800003051758 163.699996948242 163.100006103516 162.699996948242 160.800003051758 161.199996948242 158.399993896484 158.300003051758 159.300003051758 157.100006103516 157.399993896484 155.600006103516 154.699996948242 156.300003051758 156.399993896484 155 154.899993896484 154.199996948242 157.399993896484 156.399993896484 157.5 157 158.600006103516 159.199996948242 158.600006103516 158.699996948242 160 161.5 160.800003051758 162.600006103516 163.300003051758 163.100006103516 160.800003051758 160.199996948242 157.800003051758 157.100006103516 154.899993896484 151.5 150.199996948242 148 143.399993896484 137.199996948242 131.800003051758 127.400001525879 125.900001525879 122.5 120.900001525879 117.300003051758 115.400001525879 113.800003051758
171.800003051758 170.300003051758 168.600006103516 165.300003051758 164.100006103516 162.199996948242 161.100006103516 161.300003051758 159.399993896484 159.699996948242 159.699996948242 157.100006103516 157.5 155.699996948242 154.300003051758 156.5 154.699996948242 152.600006103516 152.600006103516 154.199996948242 153.399993896484 153.5 154 156.600006103516 155.899993896484 157.100006103516 157.699996948242 159.100006103516 159.600006103516 162.100006103516 160.199996948242 161.800003051758 162.800003051758 166.399993896484 166 166.100006103516 165.399993896484 163.800003051758 160.899993896484 159.300003051758 156.199996948242 156.399993896484 152.5 150.600006103516 147.300003051758 143.5 137.399993896484 132.600006103516 128.800003051758 126.300003051758 124.099998474121 120.5 119.400001525879 116.699996948242 114.599998474121
169.399993896484 168.800003051758 165.300003051758 164.100006103516 162.5 161.5 158.699996948242 160.199996948242 157.800003051758 157.600006103516 156.5 155.199996948242 155.300003051758 153.199996948242 153.800003051758 154.100006103516 152.899993896484 153.600006103516 152.699996948242 152.5 151.199996948242 151.399993896484 153.100006103516 154.800003051758 154.399993896484 156 156.300003051758 159.100006103516 159.800003051758 160.300003051758 161.300003051758 163.699996948242 166.199996948242 167.600006103516 169.100006103516 171.100006103516 168.899993896484 167.199996948242 161.399993896484 160 157.300003051758 156.5 153.899993896484 149.600006103516 147.899993896484 145.300003051758 138.699996948242 133 129.300003051758 125.900001525879 125.300003051758 121.599998474121 120.099998474121 119 115.400001525879
170 168.5 163.300003051758 162.199996948242 160.899993896484 160.5 158.600006103516 157.899993896484 156.399993896484 156.5 154 153.100006103516 152.600006103516 150.899993896484 150.699996948242 150.5 150.100006103516 150.699996948242 149.399993896484 150.100006103516 149.300003051758 149.899993896484 149.300003051758 151.300003051758 153.399993896484 156.100006103516 155.600006103516 158.199996948242 158.600006103516 161.100006103516 162.899993896484 163.800003051758 163.899993896484 170 173.100006103516 172.100006103516 170.5 168.5 166.5 160.899993896484 159 156.699996948242 154.199996948242 153 149.399993896484 146.199996948242 141.800003051758 133.899993896484 131.199996948242 128.300003051758 125.900001525879 124.5 121.099998474121 120.699996948242 116.099998474121
167.699996948242 165.300003051758 163.600006103516 161.100006103516 159.899993896484 158.5 157.600006103516 155.399993896484 155.199996948242 152.300003051758 152.300003051758 151.800003051758 151.399993896484 150.399993896484 149.199996948242 148.5 147 147.5 148.399993896484 147.5 149.699996948242 148.600006103516 150.699996948242 150.800003051758 152.600006103516 154.600006103516 156.199996948242 157.399993896484 157.699996948242 160.600006103516 162.699996948242 161.800003051758 166.600006103516 171 171.800003051758 176.699996948242 175.199996948242 169.800003051758 168.5 164.899993896484 159.899993896484 156.899993896484 153.699996948242 152.600006103516 149.399993896484 146.800003051758 142 138 133.5 130.399993896484 127.900001525879 126.5 123.800003051758 123.900001525879 119.800003051758
169.600006103516 164.699996948242 161.199996948242 160.899993896484 159.5 158.5 157 156.100006103516 156.300003051758 153 154 151.100006103516 150.300003051758 151.600006103516 149.399993896484 147.699996948242 147.100006103516 145.5 145.5 146 147.100006103516 148.600006103516 151.300003051758 149.899993896484 150.899993896484 153.699996948242 156.399993896484 155.699996948242 156.699996948242 159.899993896484 161.199996948242 162.699996948242 164.399993896484 168.699996948242 171.800003051758 173.399993896484 175.399993896484 170.800003051758 168.699996948242 161.600006103516 158.600006103516 157.199996948242 153.699996948242 151.300003051758 147.800003051758 143.600006103516 139.300003051758 136.899993896484 133.100006103516 127.900001525879 126.599998474121 125.599998474121 124.699996948242 124.300003051758 119.300003051758
167.899993896484 163.399993896484 161 160.199996948242 159.600006103516 158.5 156.600006103516 155.800003051758 155.699996948242 154.899993896484 153.199996948242 151.5 150.399993896484 149.899993896484 149.899993896484 148.899993896484 146.699996948242 146.100006103516 145.300003051758 146 146.600006103516 149 149.699996948242 149.699996948242 150.399993896484 153.5 154.399993896484 156 158.199996948242 157.899993896484 158.800003051758 160.600006103516 163.399993896484 166.600006103516 167 170.300003051758 170.399993896484 167.300003051758 163.800003051758 159.399993896484 155 153.300003051758 151 149.300003051758 143.300003051758 141.100006103516 138.199996948242 136 133 128.600006103516 127.599998474121 125.199996948242 122 120.900001525879 119.199996948242
167.5 165 161.5 161.600006103516 160.300003051758 158.800003051758 158 155.199996948242 156.399993896484 154.800003051758 153.300003051758 151.300003051758 150.899993896484 149.699996948242 147.600006103516 149.399993896484 148.199996948242 148.300003051758 145.800003051758 146.699996948242 145.899993896484 149.300003051758 148.300003051758 151 150.800003051758 153.800003051758 153.100006103516 155 155 158.100006103516 156.100006103516 158.300003051758 160.399993896484 163.5 164.899993896484 165.899993896484 166.800003051758 163 159.199996948242 157.5 154.100006103516 153.199996948242 151.100006103516 145.5 140.600006103516 138.300003051758 135.300003051758 134.699996948242 131.600006103516 127 126.5 125.599998474121 122.099998474121 120.599998474121 117.800003051758
168.699996948242 165.600006103516 162 160.399993896484 161.100006103516 159 158.699996948242 155.199996948242 153.300003051758 153.5 154.100006103516 151.699996948242 150.899993896484 149.800003051758 148.5 149.5 147 147.300003051758 146.100006103516 147.5 148.199996948242 148.199996948242 147.699996948242 148.800003051758 152.100006103516 153.300003051758 154.100006103516 152.5 153.399993896484 154.699996948242 154.600006103516 157 158.899993896484 162.100006103516 161.899993896484 162.300003051758 163.300003051758 159.300003051758 157 155 152.300003051758 152.300003051758 148.199996948242 144.600006103516 139.600006103516 137.5 135.399993896484 132.899993896484 130.199996948242 126.099998474121 124.099998474121 123.199996948242 119.400001525879 119.199996948242 116.699996948242
167.300003051758 167.199996948242 162.399993896484 160.300003051758 161.300003051758 159.399993896484 157.600006103516 155.800003051758 154.600006103516 156.100006103516 153.300003051758 152.300003051758 152.399993896484 149.899993896484 148.399993896484 147.399993896484 147 145.600006103516 146.5 146 147.300003051758 148.899993896484 147.800003051758 148.5 150.5 150.699996948242 152.899993896484 152.800003051758 151.800003051758 152.699996948242 153.899993896484 155.199996948242 154.600006103516 157 158.600006103516 159.300003051758 159.600006103516 156.199996948242 155 151.800003051758 150.800003051758 146.899993896484 145.800003051758 141.800003051758 138.100006103516 135.399993896484 132.699996948242 129.699996948242 127.5 126.699996948242 124.699996948242 122.800003051758 121.099998474121 119.599998474121 117.800003051758
166.5 166.5 164.600006103516 164.5 161.300003051758 158.5 157.899993896484 156.699996948242 156.300003051758 155.199996948242 153 153.399993896484 152 150 149 148 147.300003051758 147.300003051758 144.600006103516 146.800003051758 148.300003051758 149.600006103516 148.699996948242 147.399993896484 149.100006103516 150.600006103516 152.899993896484 151.399993896484 152 152.100006103516 152.399993896484 153.5 155 153.899993896484 154.699996948242 155.899993896484 154.600006103516 152.300003051758 153.5 150.399993896484 148.800003051758 145.100006103516 143.399993896484 139.199996948242 135.699996948242 133.199996948242 130.399993896484 128.199996948242 127.900001525879 124.099998474121 123.900001525879 123.199996948242 120.599998474121 119.800003051758 119.599998474121
167.600006103516 166.899993896484 166.199996948242 166.899993896484 163.800003051758 158.899993896484 157.899993896484 158.300003051758 158 155.300003051758 155.100006103516 153.600006103516 152 151.399993896484 150.100006103516 148.100006103516 146.199996948242 147 145.699996948242 148.100006103516 149.199996948242 147.800003051758 150.800003051758 148.199996948242 149.100006103516 150.100006103516 152.899993896484 149.100006103516 148.699996948242 152.800003051758 153.699996948242 154.5 152.600006103516 153.199996948242 154 153.600006103516 151.5 150.899993896484 149.899993896484 147.199996948242 145.5 145.600006103516 141.699996948242 136.699996948242 135.300003051758 136.399993896484 130.100006103516 129.600006103516 127 124.699996948242 124.5 122.5 123.099998474121 120.199996948242 119.099998474121
169.600006103516 168.100006103516 169.399993896484 168 165.5 161.899993896484 159.199996948242 161.399993896484 159.800003051758 156.800003051758 157.199996948242 153.600006103516 152.199996948242 152.399993896484 152.600006103516 148.300003051758 148.100006103516 147.5 148.300003051758 147.199996948242 149.600006103516 150.199996948242 150.199996948242 151 149 150.5 151.800003051758 151.899993896484 150.399993896484 150.399993896484 154.600006103516 153.699996948242 154.800003051758 151.600006103516 155.100006103516 155.100006103516 150.899993896484 148.899993896484 147.899993896484 145.100006103516 142.5 141.600006103516 138 137.600006103516 135.5 134.5 132.100006103516 128.199996948242 127.599998474121 124.900001525879 125.699996948242 123.599998474121 123.099998474121 121.5 120.699996948242
172.199996948242 170.399993896484 170.199996948242 169.5 169.300003051758 165.399993896484 164.399993896484 162.199996948242 162.800003051758 158.100006103516 158.5 155.899993896484 153.899993896484 153.699996948242 151.399993896484 150.5 147.600006103516 148.399993896484 149.300003051758 149.199996948242 150.800003051758 151.100006103516 151.399993896484 150.600006103516 150 150.5 150.800003051758 151.199996948242 154 153.199996948242 153.300003051758 153.600006103516 153.800003051758 151 153.100006103516 154.899993896484 150 148.699996948242 146 144.600006103516 142.699996948242 140.300003051758 137.199996948242 136.399993896484 133.899993896484 132.199996948242 131.300003051758 130.800003051758 129.699996948242 127.5 126.300003051758 125.900001525879 125.400001525879 124.199996948242 123.5
