data/layers/future_layer_can_585_60/bio4.asc
NCOLS 494 
NROWS 529 
XLLCORNER -117.166666666667 
YLLCORNER -55.5 
CELLSIZE 0.166666666666667 
NODATA_value -3.4e+38 
[rows 48 to 71 of 529, columns 55 to 109 of 494]
-3.4e+38 428.899993896484 439.700012207031 436.299987792969 386.899993896484 344.600006103516 316.700012207031 324.200012207031 288.700012207031 294.700012207031 286.399993896484 298.700012207031 317.700012207031 336.299987792969 368.700012207031 365.200012207031 375.899993896484 344.299987792969 368.799987792969 394.200012207031 382.600006103516 388 350.799987792969 375.5 384.899993896484 364.799987792969 367.600006103516 379.100006103516 366.5 352.799987792969 324.899993896484 311.899993896484 321.399993896484 337.299987792969 333 347.700012207031 364.200012207031 365 345.5 347.899993896484 389.799987792969 327.600006103516 363.200012207031 336 313 322.399993896484 306.899993896484 282.5 301.799987792969 399 517.200012207031 532.299987792969 520.900024414062 476.200012207031 497.799987792969
-3.4e+38 -3.4e+38 -3.4e+38 426.399993896484 420.100006103516 358.600006103516 313.100006103516 290.100006103516 279.399993896484 260.700012207031 282.799987792969 303.600006103516 334.100006103516 353.799987792969 363.100006103516 368.100006103516 367.600006103516 352 355.600006103516 385.200012207031 388.200012207031 381.600006103516 373 380.899993896484 362.899993896484 359 368.100006103516 375.700012207031 359.5 340.100006103516 332 325.299987792969 322.399993896484 320.299987792969 345.799987792969 349.700012207031 364.600006103516 368 372.399993896484 367.5 380.100006103516 348.5 346.899993896484 372.200012207031 350.100006103516 322.100006103516 304.299987792969 278.200012207031 275.799987792969 333.399993896484 465 532 528.599975585938 508.5 505.200012207031
-3.4e+38 -3.4e+38 -3.4e+38 -3.4e+38 412.700012207031 371.899993896484 289.200012207031 293.600006103516 283.700012207031 249.399993896484 256.399993896484 281.899993896484 291.299987792969 308.600006103516 359.200012207031 363.899993896484 364.5 365.5 345.600006103516 369.700012207031 387.700012207031 392.200012207031 382.200012207031 365.399993896484 341.799987792969 346.100006103516 352.899993896484 353 343.5 341.799987792969 352.799987792969 344.5 340.200012207031 347.5 356.399993896484 373.799987792969 385.799987792969 385.100006103516 360.899993896484 377.899993896484 361.399993896484 334.799987792969 355.399993896484 361.299987792969 337.5 330.600006103516 319.700012207031 319.899993896484 286.399993896484 354.700012207031 459.700012207031 527.299987792969 529.599975585938 522.799987792969 514.200012207031
-3.4e+38 -3.4e+38 -3.4e+38 -3.4e+38 -3.4e+38 -3.4e+38 355.200012207031 319.299987792969 294.299987792969 273.600006103516 253.600006103516 249 256.799987792969 311 353.899993896484 365.799987792969 361.299987792969 358 350.799987792969 355.299987792969 375.700012207031 383.899993896484 379 366.600006103516 344.5 325.100006103516 335.799987792969 342.200012207031 343.899993896484 353.399993896484 370.700012207031 343.399993896484 341 355.100006103516 368.5 378.299987792969 383.399993896484 377.700012207031 365.399993896484 363.600006103516 359.799987792969 351.5 369.100006103516 330 316.700012207031 329.799987792969 326.600006103516 345.700012207031 319.100006103516 356.700012207031 406.600006103516 473.799987792969 529.400024414062 526.299987792969 515.900024414062
-3.4e+38 -3.4e+38 -3.4e+38 -3.4e+38 -3.4e+38 -3.4e+38 -3.4e+38 348.200012207031 333.100006103516 312.200012207031 278.5 254.699996948242 259.299987792969 286.5 318.5 363.899993896484 358.299987792969 343.799987792969 349.200012207031 342.700012207031 360 354.200012207031 372.700012207031 370.200012207031 340.700012207031 334.799987792969 330.600006103516 331.100006103516 356.899993896484 378 388 358 338.700012207031 355.399993896484 372.100006103516 363.399993896484 354.899993896484 354.5 342.799987792969 338.799987792969 353.299987792969 353.200012207031 368.799987792969 342.100006103516 330.899993896484 328.5 293.899993896484 329.600006103516 275.899993896484 283.799987792969 306.600006103516 378.600006103516 500.899993896484 518.400024414062 502.899993896484
-3.4e+38 -3.4e+38 -3.4e+38 -3.4e+38 -3.4e+38 -3.4e+38 -3.4e+38 363 331.700012207031 293.899993896484 258.399993896484 251.399993896484 246.899993896484 277 324.799987792969 346.899993896484 334.5 332.200012207031 329.100006103516 331.399993896484 304.799987792969 331.600006103516 350 345 335.5 324 328.5 325.899993896484 349.899993896484 377.399993896484 374.399993896484 371.100006103516 370.100006103516 370.799987792969 353.899993896484 352.100006103516 340.799987792969 336.100006103516 334.899993896484 331.700012207031 333.5 346 334 332.200012207031 341.299987792969 318.700012207031 290.799987792969 304.5 302.899993896484 281.299987792969 304.399993896484 378.399993896484 422.799987792969 483.399993896484 478.799987792969
-3.4e+38 -3.4e+38 -3.4e+38 -3.4e+38 -3.4e+38 -3.4e+38 -3.4e+38 -3.4e+38 330.299987792969 317.600006103516 298.200012207031 286.399993896484 249.899993896484 261.700012207031 281.399993896484 307.600006103516 311.100006103516 306.600006103516 295.899993896484 288.299987792969 288.5 342.5 323.299987792969 321.799987792969 335 316.5 323.600006103516 330.299987792969 350.600006103516 362.100006103516 359.799987792969 366.200012207031 358.5 355.100006103516 347.899993896484 349.600006103516 338.700012207031 333.899993896484 329.799987792969 324.200012207031 318.600006103516 333.100006103516 309.299987792969 313.799987792969 348.299987792969 325 308.399993896484 284.899993896484 318.600006103516 278.799987792969 295.200012207031 395.5 394.600006103516 431.5 455.100006103516
-3.4e+38 -3.4e+38 -3.4e+38 -3.4e+38 -3.4e+38 -3.4e+38 -3.4e+38 -3.4e+38 -3.4e+38 334.299987792969 317.700012207031 288.200012207031 249 246.600006103516 252.300003051758 271.100006103516 287 296.899993896484 286.899993896484 286 297.600006103516 320.700012207031 303.299987792969 301.5 312.899993896484 310.100006103516 311.399993896484 314.799987792969 326.399993896484 333.799987792969 357 346.600006103516 344.899993896484 348.399993896484 342.200012207031 335.799987792969 327.399993896484 312.799987792969 319.399993896484 311.600006103516 305.399993896484 312.5 301.799987792969 325.5 334.299987792969 306 311.5 288.799987792969 285.799987792969 287.5 302.399993896484 378.399993896484 380 418.799987792969 437
-3.4e+38 -3.4e+38 -3.4e+38 -3.4e+38 -3.4e+38 -3.4e+38 -3.4e+38 -3.4e+38 -3.4e+38 -3.4e+38 328.299987792969 300.600006103516 282.5 248.199996948242 252.100006103516 249 261.600006103516 281.700012207031 267.700012207031 270.799987792969 304.399993896484 310.600006103516 303.200012207031 304.299987792969 298.5 325.299987792969 309.700012207031 315.100006103516 328.899993896484 337.5 333.5 339.399993896484 332.200012207031 331.799987792969 331.5 317.799987792969 305.600006103516 300.299987792969 304.200012207031 305.600006103516 303.200012207031 296.5 308 316.700012207031 345.5 312.200012207031 317.100006103516 310.299987792969 285.399993896484 304.100006103516 302.5 322.5 338.200012207031 416.600006103516 428.200012207031
-3.4e+38 -3.4e+38 -3.4e+38 -3.4e+38 -3.4e+38 -3.4e+38 -3.4e+38 -3.4e+38 -3.4e+38 -3.4e+38 -3.4e+38 306.399993896484 298.5 285.600006103516 263.200012207031 239.600006103516 252.899993896484 263.200012207031 273.399993896484 286.799987792969 306.100006103516 304.299987792969 288.399993896484 327 316.700012207031 317.799987792969 301.600006103516 311.600006103516 325.600006103516 314.5 303.799987792969 321.700012207031 312.299987792969 317.100006103516 312.600006103516 304.200012207031 292.700012207031 297.100006103516 302.299987792969 308.700012207031 295.899993896484 303 299.5 305.200012207031 335.700012207031 318 311.799987792969 315.700012207031 289.700012207031 336.600006103516 295.100006103516 336.5 317.700012207031 415.700012207031 417.899993896484
-3.4e+38 -3.4e+38 -3.4e+38 -3.4e+38 -3.4e+38 -3.4e+38 -3.4e+38 -3.4e+38 -3.4e+38 -3.4e+38 -3.4e+38 -3.4e+38 300.700012207031 274.399993896484 275.5 246.800003051758 243.300003051758 260.200012207031 279.399993896484 270.399993896484 283.700012207031 293.399993896484 298.600006103516 340.899993896484 322.799987792969 305.700012207031 304 324.5 313 307.299987792969 302.299987792969 308.100006103516 294.899993896484 300.299987792969 299 296.600006103516 290.600006103516 302.899993896484 310.899993896484 305.100006103516 299.700012207031 315.299987792969 325.899993896484 306.700012207031 323.700012207031 316.5 314 338.299987792969 319.100006103516 343.700012207031 317.200012207031 377.600006103516 375 411.5 417.200012207031
-3.4e+38 -3.4e+38 -3.4e+38 -3.4e+38 -3.4e+38 -3.4e+38 -3.4e+38 -3.4e+38 -3.4e+38 -3.4e+38 -3.4e+38 -3.4e+38 -3.4e+38 292.299987792969 269.399993896484 256.600006103516 246.699996948242 257.600006103516 283 271.700012207031 273.299987792969 290.799987792969 295.700012207031 354.600006103516 335.899993896484 304.299987792969 337.100006103516 315.700012207031 291.5 289 308.399993896484 298.799987792969 282.200012207031 288.100006103516 291.299987792969 292.200012207031 294.700012207031 299.299987792969 309.399993896484 311.100006103516 315.700012207031 322.399993896484 332.5 307.899993896484 300.399993896484 294.600006103516 305.200012207031 342.399993896484 347 344.700012207031 324.299987792969 382.899993896484 394.799987792969 405.100006103516 410.399993896484
-3.4e+38 -3.4e+38 -3.4e+38 -3.4e+38 -3.4e+38 -3.4e+38 -3.4e+38 -3.4e+38 -3.4e+38 -3.4e+38 -3.4e+38 -3.4e+38 -3.4e+38 -3.4e+38 265.899993896484 267.100006103516 258.799987792969 244.199996948242 258.899993896484 269.200012207031 288.899993896484 288 288.299987792969 346.700012207031 353.100006103516 326.200012207031 328.100006103516 306.399993896484 278.100006103516 304.799987792969 301.899993896484 296.200012207031 292.399993896484 284 291.299987792969 292.5 295.299987792969 299.600006103516 300.399993896484 311.100006103516 302 311.5 324.5 310.899993896484 320.5 295.200012207031 314.100006103516 331.899993896484 342.899993896484 334.399993896484 316.5 367.100006103516 392.200012207031 400.299987792969 393.700012207031
-3.4e+38 -3.4e+38 -3.4e+38 -3.4e+38 -3.4e+38 -3.4e+38 -3.4e+38 -3.4e+38 -3.4e+38 -3.4e+38 -3.4e+38 -3.4e+38 -3.4e+38 -3.4e+38 278.899993896484 282.700012207031 256.299987792969 256.5 250.899993896484 270.600006103516 282.299987792969 287 289.299987792969 316.299987792969 327.5 341.399993896484 314.5 304.799987792969 298.299987792969 310.200012207031 306.700012207031 294 279.200012207031 283.600006103516 301.200012207031 286.899993896484 287.700012207031 292.600006103516 291.600006103516 293 293.299987792969 307.299987792969 304.899993896484 299.700012207031 309.399993896484 306.899993896484 329.5 334.399993896484 335.299987792969 334.700012207031 319.200012207031 336.100006103516 395.5 399.299987792969 384.899993896484
-3.4e+38 -3.4e+38 -3.4e+38 -3.4e+38 -3.4e+38 -3.4e+38 -3.4e+38 -3.4e+38 -3.4e+38 -3.4e+38 -3.4e+38 -3.4e+38 -3.4e+38 -3.4e+38 275.899993896484 275.5 251.5 245.399993896484 249 255.699996948242 275.899993896484 288.5 290.600006103516 299.600006103516 290.600006103516 329.200012207031 304 314.399993896484 309.600006103516 298.5 314.200012207031 289.200012207031 273.299987792969 289 305.299987792969 289.799987792969 285.799987792969 291.799987792969 284.700012207031 285.700012207031 293 292.5 315.5 292.799987792969 308.299987792969 309.600006103516 330.600006103516 343.299987792969 344.899993896484 344 316.600006103516 325.799987792969 383.100006103516 399.600006103516 383.899993896484
-3.4e+38 -3.4e+38 -3.4e+38 -3.4e+38 -3.4e+38 -3.4e+38 -3.4e+38 -3.4e+38 -3.4e+38 -3.4e+38 -3.4e+38 -3.4e+38 -3.4e+38 -3.4e+38 263.299987792969 262.899993896484 258.5 247.600006103516 244.399993896484 236.300003051758 256.200012207031 260.799987792969 279.200012207031 298 271.799987792969 314.399993896484 318.299987792969 319.299987792969 313.399993896484 288 290 276.899993896484 279.299987792969 291.700012207031 309.799987792969 298.600006103516 286.700012207031 285 294.799987792969 291.299987792969 286.5 281.399993896484 293.600006103516 292 287 318.700012207031 321 348 349 335.899993896484 311.299987792969 333.5 379.700012207031 396.799987792969 381.299987792969
-3.4e+38 -3.4e+38 -3.4e+38 -3.4e+38 -3.4e+38 -3.4e+38 -3.4e+38 -3.4e+38 -3.4e+38 -3.4e+38 -3.4e+38 -3.4e+38 -3.4e+38 -3.4e+38 -3.4e+38 256.399993896484 260.299987792969 249.300003051758 234.300003051758 234.5 244.800003051758 259.700012207031 277.399993896484 301.799987792969 274.5 292.100006103516 292.200012207031 303.299987792969 299.100006103516 277 298.700012207031 280.5 281 291.899993896484 307.200012207031 303.700012207031 285.100006103516 291.799987792969 291.799987792969 285.700012207031 284.600006103516 271.899993896484 291.200012207031 286.200012207031 273.5 288.899993896484 290.100006103516 347.200012207031 353.100006103516 338.100006103516 328.799987792969 339.299987792969 381.200012207031 390.899993896484 396.100006103516
-3.4e+38 -3.4e+38 -3.4e+38 -3.4e+38 -3.4e+38 -3.4e+38 -3.4e+38 -3.4e+38 -3.4e+38 -3.4e+38 -3.4e+38 -3.4e+38 -3.4e+38 -3.4e+38 -3.4e+38 259.299987792969 264 248 239.600006103516 232.300003051758 239 254.600006103516 262.399993896484 294 264 293.399993896484 272.5 283.399993896484 286 274.5 303.700012207031 285.899993896484 284.399993896484 303.700012207031 308.5 309.299987792969 289.299987792969 285.799987792969 291.600006103516 290.5 275.100006103516 281.700012207031 290.700012207031 282.700012207031 286.899993896484 274.799987792969 289.299987792969 317.100006103516 342.700012207031 352.399993896484 347.700012207031 350.5 376.799987792969 379.799987792969 402.399993896484
-3.4e+38 -3.4e+38 -3.4e+38 -3.4e+38 -3.4e+38 -3.4e+38 -3.4e+38 -3.4e+38 -3.4e+38 -3.4e+38 -3.4e+38 -3.4e+38 -3.4e+38 -3.4e+38 -3.4e+38 -3.4e+38 266.299987792969 245.100006103516 238.699996948242 244.199996948242 246.399993896484 245.600006103516 247.600006103516 270.100006103516 261 280 266.200012207031 278.600006103516 269.600006103516 291.899993896484 286.399993896484 274.899993896484 297.600006103516 309 302.299987792969 294.100006103516 283.700012207031 284.100006103516 284.299987792969 280.5 277 284.600006103516 272.799987792969 284.299987792969 279.200012207031 280.399993896484 298.399993896484 313.600006103516 316.700012207031 344.899993896484 342.600006103516 360.5 349.5 338.899993896484 378.799987792969
-3.4e+38 -3.4e+38 -3.4e+38 -3.4e+38 -3.4e+38 -3.4e+38 -3.4e+38 -3.4e+38 -3.4e+38 -3.4e+38 -3.4e+38 -3.4e+38 -3.4e+38 -3.4e+38 -3.4e+38 -3.4e+38 -3.4e+38 242.399993896484 243.100006103516 251 257.5 245.399993896484 243.600006103516 244.199996948242 274.799987792969 254.699996948242 254 262.5 257.899993896484 297.299987792969 271.899993896484 285.299987792969 312.100006103516 312 302.399993896484 290.200012207031 297.399993896484 279.799987792969 280.299987792969 275.399993896484 274.100006103516 269.5 274.600006103516 283 272.700012207031 265.5 279.799987792969 288 304.600006103516 302.100006103516 336.5 347.899993896484 288.700012207031 274.600006103516 367.299987792969
-3.4e+38 -3.4e+38 -3.4e+38 -3.4e+38 -3.4e+38 -3.4e+38 -3.4e+38 -3.4e+38 -3.4e+38 -3.4e+38 -3.4e+38 -3.4e+38 -3.4e+38 -3.4e+38 -3.4e+38 -3.4e+38 -3.4e+38 247.399993896484 243.399993896484 237.5 248.600006103516 244.899993896484 240.800003051758 243.699996948242 250.199996948242 251 259.799987792969 264.700012207031 278.600006103516 278.399993896484 279.100006103516 301 318.5 312.100006103516 303.299987792969 304.5 302.600006103516 283.600006103516 268.600006103516 271 273.899993896484 286.600006103516 292.5 291.799987792969 281.299987792969 264 261.399993896484 257.899993896484 272.899993896484 256.5 292.700012207031 329.899993896484 299.100006103516 286.200012207031 333.399993896484
-3.4e+38 -3.4e+38 -3.4e+38 -3.4e+38 -3.4e+38 -3.4e+38 -3.4e+38 -3.4e+38 -3.4e+38 -3.4e+38 -3.4e+38 -3.4e+38 -3.4e+38 -3.4e+38 -3.4e+38 -3.4e+38 -3.4e+38 240.899993896484 228.399993896484 231.699996948242 236.699996948242 236.899993896484 248.100006103516 255.5 264.600006103516 259.899993896484 256 290.799987792969 272.299987792969 271.200012207031 278.399993896484 288 299.299987792969 295.799987792969 293.200012207031 299.299987792969 305.600006103516 296.100006103516 284.600006103516 269.899993896484 259 272.399993896484 292.200012207031 291.100006103516 281.299987792969 273.200012207031 258.899993896484 259.600006103516 262.799987792969 260.899993896484 260.700012207031 300 307 284.399993896484 317.600006103516
-3.4e+38 -3.4e+38 -3.4e+38 -3.4e+38 -3.4e+38 -3.4e+38 -3.4e+38 -3.4e+38 -3.4e+38 -3.4e+38 -3.4e+38 -3.4e+38 -3.4e+38 -3.4e+38 -3.4e+38 -3.4e+38 236.100006103516 240.100006103516 226.600006103516 223.600006103516 229.600006103516 223.600006103516 227.899993896484 252.800003051758 264.600006103516 272.299987792969 269.399993896484 268.700012207031 265 277.200012207031 273.399993896484 281.5 288 286.5 286.899993896484 293.200012207031 302.100006103516 304.299987792969 303.600006103516 296.200012207031 275.600006103516 272.399993896484 288.399993896484 287.100006103516 271.799987792969 257.700012207031 240.899993896484 243.600006103516 268.299987792969 271.200012207031 250.899993896484 271 258.5 294.299987792969 253.199996948242
-3.4e+38 -3.4e+38 -3.4e+38 -3.4e+38 -3.4e+38 -3.4e+38 -3.4e+38 -3.4e+38 -3.4e+38 -3.4e+38 -3.4e+38 -3.4e+38 -3.4e+38 -3.4e+38 -3.4e+38 -3.4e+38 243.699996948242 234.5 217.199996948242 215.699996948242 224.399993896484 229.100006103516 234.100006103516 244.300003051758 253.899993896484 267.399993896484 260.399993896484 262.100006103516 270.700012207031 268.700012207031 270.899993896484 273.600006103516 277 289.600006103516 289.399993896484 288 311.299987792969 299.299987792969 294.399993896484 296.100006103516 282.700012207031 269.799987792969 274.100006103516 271.600006103516 255.300003051758 265.700012207031 261.700012207031 259.899993896484 260.5 246.5 241.600006103516 247 236.399993896484 251.699996948242 272.299987792969
