data/layers/future_layer_can_585_60/bio4.asc
NCOLS 494 
NROWS 529 
XLLCORNER -117.166666666667 
YLLCORNER -55.5 
CELLSIZE 0.166666666666667 
NODATA_value -3.4e+38 
[rows 336 to 359 of 529, columns 385 to 439 of 494]
289.200012207031 288.799987792969 291.299987792969 295.799987792969 293.5 295.399993896484 300 289.700012207031 278.600006103516 273.399993896484 270.399993896484 275.5 276.600006103516 271.899993896484 271.200012207031 277.299987792969 285.799987792969 295.700012207031 288.799987792969 285.5 275.299987792969 275.899993896484 270 263 257.700012207031 254.800003051758 254.699996948242 256.600006103516 259.5 261 260 257.100006103516 251.300003051758 252.399993896484 246.100006103516 240.800003051758 234.699996948242 232 231 239.100006103516 242.399993896484 245.699996948242 250 252.800003051758 252.800003051758 254.199996948242 252.199996948242 238.899993896484 -3.4e+38 -3.4e+38 -3.4e+38 -3.4e+38 -3.4e+38 -3.4e+38 -3.4e+38
291.100006103516 290.799987792969 289.700012207031 296.399993896484 300.700012207031 303.200012207031 299.700012207031 286.200012207031 278.5 275.100006103516 276.799987792969 276.399993896484 275.5 272.600006103516 269.200012207031 283.899993896484 285.5 293.600006103516 284.600006103516 280.200012207031 280.5 279.200012207031 274.399993896484 270.399993896484 266.899993896484 266.100006103516 267.700012207031 268.799987792969 267.600006103516 267.100006103516 264.600006103516 261.299987792969 256.600006103516 248.899993896484 245.100006103516 242.300003051758 241.100006103516 238.100006103516 239.699996948242 241.699996948242 244.899993896484 249.199996948242 250.5 258.200012207031 252.399993896484 248.800003051758 -3.4e+38 -3.4e+38 -3.4e+38 -3.4e+38 -3.4e+38 -3.4e+38 -3.4e+38 -3.4e+38 -3.4e+38
292.5 289.5 285.5 286.399993896484 295 302.600006103516 297.799987792969 288.5 287.299987792969 281.700012207031 275.100006103516 276.899993896484 278.799987792969 268.5 268.700012207031 287.399993896484 286.200012207031 289.399993896484 287.600006103516 280.399993896484 284.600006103516 282.399993896484 280.799987792969 280.100006103516 278.100006103516 277.5 280.399993896484 277.799987792969 276.700012207031 274.100006103516 270.100006103516 266.600006103516 259.399993896484 248 247.100006103516 244.100006103516 241.800003051758 242.100006103516 240.5 239.5 242.399993896484 240.800003051758 -3.4e+38 -3.4e+38 -3.4e+38 -3.4e+38 -3.4e+38 -3.4e+38 -3.4e+38 -3.4e+38 -3.4e+38 -3.4e+38 -3.4e+38 -3.4e+38 -3.4e+38
297.700012207031 285.700012207031 281.899993896484 283.799987792969 289.700012207031 293 300.600006103516 299 294.700012207031 281.399993896484 271.200012207031 270 284 282.100006103516 280.5 286.5 282.100006103516 283.200012207031 286.399993896484 284 288.200012207031 287.100006103516 288.700012207031 292.299987792969 291.200012207031 294.100006103516 292.799987792969 288.899993896484 289.600006103516 282.899993896484 276.799987792969 270.600006103516 259.700012207031 250.399993896484 250.5 248.300003051758 247.300003051758 246.5 242.5 236.600006103516 237.300003051758 -3.4e+38 -3.4e+38 -3.4e+38 -3.4e+38 -3.4e+38 -3.4e+38 -3.4e+38 -3.4e+38 -3.4e+38 -3.4e+38 -3.4e+38 -3.4e+38 -3.4e+38 -3.4e+38
294.5 290.700012207031 279.700012207031 276.799987792969 277.200012207031 286.600006103516 296.100006103516 292.600006103516 297 296 291.100006103516 278.799987792969 283.299987792969 291.200012207031 284.799987792969 279.899993896484 280.100006103516 280 285.299987792969 284.600006103516 288.299987792969 292.700012207031 294.899993896484 297.899993896484 299.799987792969 301.700012207031 303.700012207031 301.600006103516 298 291.600006103516 284 276.5 269.600006103516 262.299987792969 256.200012207031 251.100006103516 246.5 237.699996948242 -3.4e+38 -3.4e+38 -3.4e+38 -3.4e+38 -3.4e+38 -3.4e+38 -3.4e+38 -3.4e+38 -3.4e+38 -3.4e+38 -3.4e+38 -3.4e+38 -3.4e+38 -3.4e+38 -3.4e+38 -3.4e+38 -3.4e+38
296.200012207031 288.299987792969 281.299987792969 277.399993896484 278.5 291.799987792969 290.100006103516 284 292.700012207031 299.799987792969 297.5 295.799987792969 290.799987792969 290.5 286.200012207031 276.899993896484 276.399993896484 280 281.100006103516 285.299987792969 284.399993896484 287.600006103516 293.5 299.700012207031 307.600006103516 313.5 311.899993896484 305 302.100006103516 293.799987792969 291 282.399993896484 274.299987792969 267.399993896484 260.700012207031 254.600006103516 -3.4e+38 -3.4e+38 -3.4e+38 -3.4e+38 -3.4e+38 -3.4e+38 -3.4e+38 -3.4e+38 -3.4e+38 -3.4e+38 -3.4e+38 -3.4e+38 -3.4e+38 -3.4e+38 -3.4e+38 -3.4e+38 -3.4e+38 -3.4e+38 -3.4e+38
303.799987792969 296.200012207031 289.200012207031 279.700012207031 282.299987792969 290.200012207031 289.299987792969 283.299987792969 291.200012207031 307.899993896484 289.299987792969 297.200012207031 293.799987792969 290.799987792969 291.100006103516 283.899993896484 280.5 274.399993896484 276.200012207031 282.899993896484 288.299987792969 290.899993896484 300.5 310.700012207031 318.100006103516 319.799987792969 317.299987792969 311 303.299987792969 300 296.899993896484 289.200012207031 279.299987792969 273 264.5 -3.4e+38 -3.4e+38 -3.4e+38 -3.4e+38 -3.4e+38 -3.4e+38 -3.4e+38 -3.4e+38 -3.4e+38 -3.4e+38 -3.4e+38 -3.4e+38 -3.4e+38 -3.4e+38 -3.4e+38 -3.4e+38 -3.4e+38 -3.4e+38 -3.4e+38 -3.4e+38
311.799987792969 303.899993896484 298.799987792969 289.299987792969 283.299987792969 286.5 285 282 288.600006103516 303.200012207031 293.899993896484 289.100006103516 288.899993896484 289.799987792969 284.5 287.600006103516 274.899993896484 275.5 278.600006103516 284.600006103516 286.200012207031 295 310.700012207031 323.100006103516 327.299987792969 325.299987792969 317.700012207031 312.299987792969 303.899993896484 302.299987792969 299.700012207031 292 286.100006103516 279.799987792969 -3.4e+38 -3.4e+38 -3.4e+38 -3.4e+38 -3.4e+38 -3.4e+38 -3.4e+38 -3.4e+38 -3.4e+38 -3.4e+38 -3.4e+38 -3.4e+38 -3.4e+38 -3.4e+38 -3.4e+38 -3.4e+38 -3.4e+38 -3.4e+38 -3.4e+38 -3.4e+38 -3.4e+38
319.200012207031 316.600006103516 310.399993896484 304.299987792969 295 285.5 277.700012207031 282.799987792969 289.799987792969 297.299987792969 303.600006103516 300 288.600006103516 291.799987792969 288 286.200012207031 277.200012207031 276.799987792969 283.799987792969 283.899993896484 289.200012207031 305.100006103516 317.899993896484 315.799987792969 323 319.700012207031 317.700012207031 313.600006103516 304.200012207031 299.700012207031 295.399993896484 293.200012207031 -3.4e+38 -3.4e+38 -3.4e+38 -3.4e+38 -3.4e+38 -3.4e+38 -3.4e+38 -3.4e+38 -3.4e+38 -3.4e+38 -3.4e+38 -3.4e+38 -3.4e+38 -3.4e+38 -3.4e+38 -3.4e+38 -3.4e+38 -3.4e+38 -3.4e+38 -3.4e+38 -3.4e+38 -3.4e+38 -3.4e+38
315 315.5 313 304.100006103516 298.799987792969 290.899993896484 281.399993896484 281 284.700012207031 288.799987792969 302.299987792969 307.700012207031 297.700012207031 289.600006103516 287.799987792969 289.5 288.700012207031 278.899993896484 283 285.5 299.200012207031 309.299987792969 303.799987792969 300.5 303.299987792969 304.100006103516 310.899993896484 310.399993896484 306.700012207031 295.799987792969 292.399993896484 -3.4e+38 -3.4e+38 -3.4e+38 -3.4e+38 -3.4e+38 -3.4e+38 -3.4e+38 -3.4e+38 -3.4e+38 -3.4e+38 -3.4e+38 -3.4e+38 -3.4e+38 -3.4e+38 -3.4e+38 -3.4e+38 -3.4e+38 -3.4e+38 -3.4e+38 -3.4e+38 -3.4e+38 -3.4e+38 -3.4e+38 -3.4e+38
306.399993896484 303.200012207031 313.399993896484 311.399993896484 303.299987792969 292.799987792969 285 278.100006103516 275.100006103516 276.299987792969 282.600006103516 299.700012207031 300.899993896484 295.299987792969 293.200012207031 295.5 293.600006103516 289.299987792969 285.100006103516 291.700012207031 298 294.299987792969 292 285.600006103516 290.5 295.799987792969 297.899993896484 298.899993896484 296.5 290.600006103516 -3.4e+38 -3.4e+38 -3.4e+38 -3.4e+38 -3.4e+38 -3.4e+38 -3.4e+38 -3.4e+38 -3.4e+38 -3.4e+38 -3.4e+38 -3.4e+38 -3.4e+38 -3.4e+38 -3.4e+38 -3.4e+38 -3.4e+38 -3.4e+38 -3.4e+38 -3.4e+38 -3.4e+38 -3.4e+38 -3.4e+38 -3.4e+38 -3.4e+38
318.299987792969 306.200012207031 306.5 303.100006103516 299 298.600006103516 292.299987792969 281.5 277.299987792969 271.899993896484 270.899993896484 296.700012207031 298.799987792969 296.299987792969 297.200012207031 299.399993896484 296.600006103516 294.5 286.799987792969 289.700012207031 293.700012207031 285.700012207031 278.899993896484 281.100006103516 281.799987792969 290 293.299987792969 294.399993896484 290.799987792969 -3.4e+38 -3.4e+38 -3.4e+38 -3.4e+38 -3.4e+38 -3.4e+38 -3.4e+38 -3.4e+38 -3.4e+38 -3.4e+38 -3.4e+38 -3.4e+38 -3.4e+38 -3.4e+38 -3.4e+38 -3.4e+38 -3.4e+38 -3.4e+38 -3.4e+38 -3.4e+38 -3.4e+38 -3.4e+38 -3.4e+38 -3.4e+38 -3.4e+38 -3.4e+38
328.5 326.700012207031 319.600006103516 310.600006103516 317.399993896484 314.5 299.399993896484 292.799987792969 286 277.5 274 291.799987792969 303.5 301.200012207031 303.700012207031 300.200012207031 300.899993896484 297.200012207031 294.299987792969 289.399993896484 289 286.100006103516 286.899993896484 272.100006103516 275.799987792969 295.700012207031 -3.4e+38 -3.4e+38 -3.4e+38 -3.4e+38 -3.4e+38 -3.4e+38 -3.4e+38 -3.4e+38 -3.4e+38 -3.4e+38 -3.4e+38 -3.4e+38 -3.4e+38 -3.4e+38 -3.4e+38 -3.4e+38 -3.4e+38 -3.4e+38 -3.4e+38 -3.4e+38 -3.4e+38 -3.4e+38 -3.4e+38 -3.4e+38 -3.4e+38 -3.4e+38 -3.4e+38 -3.4e+38 -3.4e+38
343.700012207031 339.700012207031 334.100006103516 325.700012207031 328.100006103516 312.200012207031 307.5 299.899993896484 289.200012207031 277.399993896484 277.5 285.899993896484 302.200012207031 311.200012207031 308 305.600006103516 303.899993896484 303.700012207031 300.5 295.700012207031 293.399993896484 292.100006103516 283.899993896484 271.200012207031 272.700012207031 286.899993896484 297.100006103516 -3.4e+38 -3.4e+38 -3.4e+38 -3.4e+38 -3.4e+38 -3.4e+38 -3.4e+38 -3.4e+38 -3.4e+38 -3.4e+38 -3.4e+38 -3.4e+38 -3.4e+38 -3.4e+38 -3.4e+38 -3.4e+38 -3.4e+38 -3.4e+38 -3.4e+38 -3.4e+38 -3.4e+38 -3.4e+38 -3.4e+38 -3.4e+38 -3.4e+38 -3.4e+38 -3.4e+38 -3.4e+38
353.299987792969 342.600006103516 338.899993896484 337.5 333 321.899993896484 308.799987792969 301.200012207031 290.399993896484 286.700012207031 299.5 295.100006103516 301.799987792969 314.299987792969 320.700012207031 316.200012207031 313.5 307.899993896484 300.600006103516 300.899993896484 300.399993896484 298.899993896484 292.600006103516 280.5 281.200012207031 290.100006103516 291.100006103516 -3.4e+38 -3.4e+38 -3.4e+38 -3.4e+38 -3.4e+38 -3.4e+38 -3.4e+38 -3.4e+38 -3.4e+38 -3.4e+38 -3.4e+38 -3.4e+38 -3.4e+38 -3.4e+38 -3.4e+38 -3.4e+38 -3.4e+38 -3.4e+38 -3.4e+38 -3.4e+38 -3.4e+38 -3.4e+38 -3.4e+38 -3.4e+38 -3.4e+38 -3.4e+38 -3.4e+38 -3.4e+38
351.299987792969 349.600006103516 335.600006103516 328.600006103516 328.399993896484 321.5 308 313.600006103516 308.5 315.200012207031 310.899993896484 303.200012207031 312.899993896484 322.600006103516 327.600006103516 324.399993896484 317.200012207031 310.5 306.100006103516 305.399993896484 308.799987792969 309.399993896484 303.899993896484 292.899993896484 282.200012207031 291.299987792969 -3.4e+38 -3.4e+38 -3.4e+38 -3.4e+38 -3.4e+38 -3.4e+38 -3.4e+38 -3.4e+38 -3.4e+38 -3.4e+38 -3.4e+38 -3.4e+38 -3.4e+38 -3.4e+38 -3.4e+38 -3.4e+38 -3.4e+38 -3.4e+38 -3.4e+38 -3.4e+38 -3.4e+38 -3.4e+38 -3.4e+38 -3.4e+38 -3.4e+38 -3.4e+38 -3.4e+38 -3.4e+38 -3.4e+38
343.700012207031 344 344.799987792969 329.299987792969 321.700012207031 321.899993896484 326.100006103516 315.899993896484 321.799987792969 328 329.100006103516 324.200012207031 321.899993896484 331.899993896484 331.299987792969 329.299987792969 322 315.799987792969 311.200012207031 306.899993896484 305.399993896484 307.600006103516 306.5 297.600006103516 287.600006103516 291.600006103516 -3.4e+38 -3.4e+38 -3.4e+38 -3.4e+38 -3.4e+38 -3.4e+38 -3.4e+38 -3.4e+38 -3.4e+38 -3.4e+38 -3.4e+38 -3.4e+38 -3.4e+38 -3.4e+38 -3.4e+38 -3.4e+38 -3.4e+38 -3.4e+38 -3.4e+38 -3.4e+38 -3.4e+38 -3.4e+38 -3.4e+38 -3.4e+38 -3.4e+38 -3.4e+38 -3.4e+38 -3.4e+38 -3.4e+38
330.799987792969 334.899993896484 339.399993896484 334.600006103516 327.399993896484 320.100006103516 319.200012207031 321.899993896484 318.200012207031 321 330.899993896484 335.5 340.299987792969 336 332.600006103516 329.399993896484 324 317.100006103516 310.5 310 309.799987792969 310.600006103516 300.5 298.5 297 -3.4e+38 -3.4e+38 -3.4e+38 -3.4e+38 -3.4e+38 -3.4e+38 -3.4e+38 -3.4e+38 -3.4e+38 -3.4e+38 -3.4e+38 -3.4e+38 -3.4e+38 -3.4e+38 -3.4e+38 -3.4e+38 -3.4e+38 -3.4e+38 -3.4e+38 -3.4e+38 -3.4e+38 -3.4e+38 -3.4e+38 -3.4e+38 -3.4e+38 -3.4e+38 -3.4e+38 -3.4e+38 -3.4e+38 -3.4e+38
328 336.200012207031 334.100006103516 329.100006103516 327 324.700012207031 324.399993896484 316.5 318.5 319.299987792969 327.100006103516 321.899993896484 330.200012207031 331.100006103516 323.5 326.700012207031 328.100006103516 321.5 313.700012207031 309.100006103516 308.899993896484 307.100006103516 310.100006103516 309.399993896484 303.700012207031 302.200012207031 -3.4e+38 -3.4e+38 -3.4e+38 -3.4e+38 -3.4e+38 -3.4e+38 -3.4e+38 -3.4e+38 -3.4e+38 -3.4e+38 -3.4e+38 -3.4e+38 -3.4e+38 -3.4e+38 -3.4e+38 -3.4e+38 -3.4e+38 -3.4e+38 -3.4e+38 -3.4e+38 -3.4e+38 -3.4e+38 -3.4e+38 -3.4e+38 -3.4e+38 -3.4e+38 -3.4e+38 -3.4e+38 -3.4e+38
344.700012207031 345.899993896484 348.299987792969 336.200012207031 332.600006103516 323 320.200012207031 319.600006103516 316.399993896484 320.5 325.899993896484 320.899993896484 316.700012207031 325.799987792969 323.799987792969 322.799987792969 328.299987792969 329.299987792969 322.200012207031 312.700012207031 308.600006103516 308.299987792969 309.600006103516 311.399993896484 308.600006103516 309 -3.4e+38 -3.4e+38 -3.4e+38 -3.4e+38 -3.4e+38 -3.4e+38 -3.4e+38 -3.4e+38 -3.4e+38 -3.4e+38 -3.4e+38 -3.4e+38 -3.4e+38 -3.4e+38 -3.4e+38 -3.4e+38 -3.4e+38 -3.4e+38 -3.4e+38 -3.4e+38 -3.4e+38 -3.4e+38 -3.4e+38 -3.4e+38 -3.4e+38 -3.4e+38 -3.4e+38 -3.4e+38 -3.4e+38
362 358.399993896484 352.899993896484 338.5 332.100006103516 328 325.700012207031 319 316.799987792969 314.399993896484 320.700012207031 323.799987792969 324.5 314.799987792969 315.200012207031 312.700012207031 319.299987792969 329.200012207031 328.399993896484 323.799987792969 311.200012207031 316.399993896484 322.399993896484 318.399993896484 313.399993896484 318.200012207031 -3.4e+38 -3.4e+38 -3.4e+38 -3.4e+38 -3.4e+38 -3.4e+38 -3.4e+38 -3.4e+38 -3.4e+38 -3.4e+38 -3.4e+38 -3.4e+38 -3.4e+38 -3.4e+38 -3.4e+38 -3.4e+38 -3.4e+38 -3.4e+38 -3.4e+38 -3.4e+38 -3.4e+38 -3.4e+38 -3.4e+38 -3.4e+38 -3.4e+38 -3.4e+38 -3.4e+38 -3.4e+38 -3.4e+38
377.5 361 342.5 334.5 329.600006103516 327 322.399993896484 319 320 327.299987792969 330.600006103516 334.600006103516 325.299987792969 322.5 316.100006103516 314.799987792969 317.700012207031 329.299987792969 328.799987792969 331.399993896484 319.100006103516 320.700012207031 326.799987792969 325.899993896484 324.799987792969 325.899993896484 -3.4e+38 -3.4e+38 -3.4e+38 -3.4e+38 -3.4e+38 -3.4e+38 -3.4e+38 -3.4e+38 -3.4e+38 -3.4e+38 -3.4e+38 -3.4e+38 -3.4e+38 -3.4e+38 -3.4e+38 -3.4e+38 -3.4e+38 -3.4e+38 -3.4e+38 -3.4e+38 -3.4e+38 -3.4e+38 -3.4e+38 -3.4e+38 -3.4e+38 -3.4e+38 -3.4e+38 -3.4e+38 -3.4e+38
380.799987792969 349.899993896484 344.200012207031 344.600006103516 334.5 336.600006103516 333.700012207031 331.899993896484 333 340.799987792969 339 336.100006103516 326.899993896484 331.700012207031 326.200012207031 319.399993896484 324.799987792969 331.399993896484 335.200012207031 330.200012207031 329.700012207031 327.600006103516 316.100006103516 314.899993896484 327.700012207031 321.299987792969 -3.4e+38 -3.4e+38 -3.4e+38 -3.4e+38 -3.4e+38 -3.4e+38 -3.4e+38 -3.4e+38 -3.4e+38 -3.4e+38 -3.4e+38 -3.4e+38 -3.4e+38 -3.4e+38 -3.4e+38 -3.4e+38 -3.4e+38 -3.4e+38 -3.4e+38 -3.4e+38 -3.4e+38 -3.4e+38 -3.4e+38 -3.4e+38 -3.4e+38 -3.4e+38 -3.4e+38 -3.4e+38 -3.4e+38
380.899993896484 364.200012207031 353.799987792969 359.799987792969 356.299987792969 349.399993896484 343.799987792969 339.100006103516 344.399993896484 337.799987792969 329.5 325.399993896484 330.100006103516 334.399993896484 326.799987792969 320.100006103516 317.100006103516 329.600006103516 338.5 333.799987792969 326 316.399993896484 318.899993896484 318.799987792969 325.200012207031 325.200012207031 -3.4e+38 -3.4e+38 -3.4e+38 -3.4e+38 -3.4e+38 -3.4e+38 -3.4e+38 -3.4e+38 -3.4e+38 -3.4e+38 -3.4e+38 -3.4e+38 -3.4e+38 -3.4e+38 -3.4e+38 -3.4e+38 -3.4e+38 -3.4e+38 -3.4e+38 -3.4e+38 -3.4e+38 -3.4e+38 -3.4e+38 -3.4e+38 -3.4e+38 -3.4e+38 -3.4e+38 -3.4e+38 -3.4e+38
