data/layers/future_layer_can_585_60/bio6.asc
NCOLS 494 
NROWS 529 
XLLCORNER -117.166666666667 
YLLCORNER -55.5 
CELLSIZE 0.166666666666667 
NODATA_value -3.4e+38 
[rows 168 to 191 of 529, columns 275 to 329 of 494]
23.7999992370605 23.7999992370605 23.7999992370605 24 24.1000003814697 24.2000007629395 24.2999992370605 24.2999992370605 24.5 24.6000003814697 24.7999992370605 24.8999996185303 24.8999996185303 25 25.1000003814697 25.2000007629395 25.1000003814697 25 25 25 25 24.7999992370605 24.6000003814697 24.6000003814697 24.5 21.7999992370605 19.6000003814697 21.2000007629395 23.8999996185303 24.3999996185303 24.7000007629395 24.6000003814697 24.5 23.1000003814697 21.1000003814697 21.2999992370605 22.1000003814697 22.7999992370605 22.1000003814697 21.6000003814697 20 18.2000007629395 18 21.5 22.8999996185303 21.8999996185303 21.7999992370605 21.7000007629395 21.8999996185303 22.7999992370605 22.6000003814697 22.6000003814697 21.7999992370605 21.7000007629395 21.7000007629395
23.8999996185303 23.8999996185303 24 24.1000003814697 24.1000003814697 24.1000003814697 24.2999992370605 24.3999996185303 24.6000003814697 24.7000007629395 24.7999992370605 24.8999996185303 24.8999996185303 24.8999996185303 25.1000003814697 24.8999996185303 24.8999996185303 24.8999996185303 25 24.8999996185303 25 24.7999992370605 24.6000003814697 24.3999996185303 23.5 21.8999996185303 22.8999996185303 24.1000003814697 24.5 24.5 24.7000007629395 24.5 24.3999996185303 21.7999992370605 19.2000007629395 19.2999992370605 19.6000003814697 20.7999992370605 21.1000003814697 21.6000003814697 20.6000003814697 20.2000007629395 20.6000003814697 22.5 23 22.3999996185303 20.1000003814697 21.3999996185303 21.7000007629395 22.7000007629395 22.6000003814697 22.5 21.8999996185303 21.5 22.2000007629395
24 24 24 24.1000003814697 24.2000007629395 24.3999996185303 24.2999992370605 24.3999996185303 24.2999992370605 24.3999996185303 24.5 24.6000003814697 24.7000007629395 24.7999992370605 24.7999992370605 24.8999996185303 24.8999996185303 24.8999996185303 24.8999996185303 24.7999992370605 24.7999992370605 24.7999992370605 24.6000003814697 24.5 24.3999996185303 24.1000003814697 24.3999996185303 24.5 24.6000003814697 24.5 24.5 24.3999996185303 23.8999996185303 22.8999996185303 21.2000007629395 20.6000003814697 19.5 19.2999992370605 18.7000007629395 19.1000003814697 21 21.5 21.5 22.2999992370605 22.2999992370605 22.5 20.7999992370605 21.2000007629395 21.2999992370605 21.7000007629395 22.6000003814697 22.6000003814697 22.2999992370605 22.1000003814697 22.1000003814697
24.1000003814697 24.2000007629395 24.2000007629395 24.2000007629395 24.1000003814697 24.2000007629395 24.2000007629395 24.2000007629395 24.2999992370605 24.2999992370605 24.3999996185303 24.5 24.6000003814697 24.7000007629395 24.7000007629395 24.7999992370605 24.7999992370605 24.7999992370605 24.7999992370605 24.7000007629395 24.7999992370605 24.8999996185303 24.7000007629395 24.6000003814697 24.3999996185303 24.3999996185303 24.6000003814697 24.5 24.5 24.2999992370605 24.3999996185303 24.2999992370605 23.3999996185303 23.2999992370605 22.3999996185303 21 20.1000003814697 18.8999996185303 19 18.7000007629395 20.6000003814697 21.3999996185303 21.6000003814697 21.6000003814697 22.2999992370605 22.5 21.5 20.7999992370605 21.7000007629395 22.1000003814697 22.5 22.1000003814697 21.8999996185303 22.2000007629395 22
24.2000007629395 24.2000007629395 24.2000007629395 24.1000003814697 24.1000003814697 24.1000003814697 24.2000007629395 24.2000007629395 24.2999992370605 24.3999996185303 24.3999996185303 24.5 24.6000003814697 24.7000007629395 24.7000007629395 24.7999992370605 24.7999992370605 24.8999996185303 24.7999992370605 24.7999992370605 24.7999992370605 24.7999992370605 24.7000007629395 24.6000003814697 24.5 24.6000003814697 24.5 24.2999992370605 24.3999996185303 24.2999992370605 23.6000003814697 23.2000007629395 23.2000007629395 22.7000007629395 22.7999992370605 20.5 20.7999992370605 20.3999996185303 20.1000003814697 19.2000007629395 20 21.2000007629395 21.7000007629395 21.6000003814697 21.7000007629395 22.3999996185303 21.8999996185303 21.7999992370605 21.6000003814697 22.3999996185303 21.7999992370605 22.3999996185303 23.1000003814697 23.2999992370605 22.7000007629395
24.2000007629395 24.2000007629395 24.1000003814697 24.1000003814697 24.2000007629395 24.2000007629395 24.2000007629395 24.2000007629395 24.2999992370605 24.3999996185303 24.5 24.6000003814697 24.6000003814697 24.7000007629395 24.7000007629395 24.7999992370605 24.7999992370605 24.7000007629395 24.7000007629395 24.7000007629395 24.7000007629395 24.6000003814697 24.7000007629395 24.6000003814697 24.5 24.5 24.5 24.1000003814697 24.2999992370605 24.2999992370605 23.7999992370605 22.7999992370605 23.6000003814697 22.7999992370605 20.7999992370605 19.1000003814697 22.3999996185303 21.3999996185303 20.7999992370605 20.3999996185303 21.1000003814697 19.7999992370605 21 22.1000003814697 22.3999996185303 22.2999992370605 23 23.1000003814697 22.8999996185303 20.8999996185303 19.6000003814697 20.7999992370605 23.2999992370605 23.6000003814697 23.3999996185303
24.2000007629395 24.2000007629395 24.2000007629395 24.2999992370605 24.2000007629395 24.2000007629395 24.2999992370605 24.2999992370605 24.3999996185303 24.5 24.3999996185303 24.3999996185303 24.3999996185303 24.3999996185303 24.3999996185303 24.5 24.5 24.5 24.5 24.5 24.6000003814697 24.5 24.5 24.3999996185303 24.2999992370605 24.2999992370605 24.2999992370605 24.2999992370605 24.2999992370605 24 24.1000003814697 23.8999996185303 24 20.5 19.7999992370605 20.2000007629395 23.5 23.7999992370605 21 21.2000007629395 20.7000007629395 20.2999992370605 22.2000007629395 22.2999992370605 22.7000007629395 22.5 22.2999992370605 23 23.2999992370605 23.1000003814697 21.5 21.5 23.1000003814697 23.7999992370605 23.7999992370605
24.1000003814697 24.1000003814697 24.2000007629395 24.2000007629395 24.2000007629395 24.1000003814697 24.2000007629395 24.3999996185303 24.3999996185303 24.2000007629395 24.2000007629395 24.2000007629395 24.2000007629395 24.2999992370605 24.2999992370605 24.2999992370605 24.2999992370605 24.2999992370605 24.2999992370605 24.2999992370605 24.2999992370605 24.2999992370605 24.2999992370605 24.2999992370605 24.2000007629395 24.1000003814697 24.2000007629395 24.2000007629395 24.2000007629395 24.1000003814697 24.1000003814697 23.8999996185303 24 19.6000003814697 18.2000007629395 23.7999992370605 24.2999992370605 24.2999992370605 22.2999992370605 21.1000003814697 20.2000007629395 21.2000007629395 22.7000007629395 22 22.3999996185303 22.7999992370605 22.5 22.6000003814697 23.2000007629395 23.5 23.2999992370605 23.1000003814697 23.3999996185303 23.1000003814697 23.7000007629395
24.2000007629395 24.2000007629395 24.1000003814697 24.1000003814697 24.1000003814697 24.2000007629395 24.2999992370605 24.2999992370605 24.1000003814697 24.1000003814697 24.1000003814697 24.1000003814697 24.1000003814697 24.2000007629395 24.2000007629395 24.2000007629395 24.2000007629395 24.2000007629395 24.2000007629395 24.2000007629395 24.1000003814697 24 24.1000003814697 24.1000003814697 24 24 24 24 24.1000003814697 23.8999996185303 23.5 23.7000007629395 24.1000003814697 23.5 22.2000007629395 24.1000003814697 24.2999992370605 24.2999992370605 22.7000007629395 21.2000007629395 21.6000003814697 23.2999992370605 21.3999996185303 20.1000003814697 22.2999992370605 22.7999992370605 22.7000007629395 22.7000007629395 23 23.5 23.6000003814697 23.6000003814697 23.7000007629395 23.7000007629395 23.7999992370605
24.3999996185303 24.2999992370605 24.2000007629395 24.1000003814697 24 24 24.2999992370605 24.1000003814697 24 24 24.1000003814697 24.1000003814697 24.1000003814697 24.1000003814697 24.1000003814697 24.1000003814697 24.1000003814697 24.1000003814697 24.1000003814697 23.8999996185303 23.8999996185303 23.8999996185303 23.8999996185303 23.7999992370605 23.7999992370605 23.7999992370605 23.8999996185303 23.8999996185303 23.8999996185303 23.8999996185303 23.8999996185303 24 24.1000003814697 24.1000003814697 24.1000003814697 24.2999992370605 24.2999992370605 24.3999996185303 23.3999996185303 22.8999996185303 23.8999996185303 21.7000007629395 20.2000007629395 19.7999992370605 20.8999996185303 22.1000003814697 22.6000003814697 22.6000003814697 22.6000003814697 22.8999996185303 23.5 23.6000003814697 23.7000007629395 23.7000007629395 23.7999992370605
24.5 24.3999996185303 24.3999996185303 24.2999992370605 24 24 24.2000007629395 23.8999996185303 23.8999996185303 24 24 24 24.1000003814697 24.1000003814697 24.1000003814697 24 24 23.8999996185303 23.7999992370605 23.7999992370605 23.7999992370605 23.7000007629395 23.7000007629395 23.7000007629395 23.6000003814697 23.6000003814697 23.6000003814697 23.7000007629395 23.7000007629395 23.7999992370605 23.7999992370605 23.8999996185303 24 23.8999996185303 24 24.2000007629395 24.3999996185303 24.3999996185303 24.3999996185303 24.2999992370605 24 20.7999992370605 19.6000003814697 19.2999992370605 20.7999992370605 21.8999996185303 22.1000003814697 22.8999996185303 23.1000003814697 23.5 23.7000007629395 23.7999992370605 23.7000007629395 23.7999992370605 23.8999996185303
24.5 24.3999996185303 24.5 24.3999996185303 24.1000003814697 24.2000007629395 23.8999996185303 23.8999996185303 23.8999996185303 23.8999996185303 23.8999996185303 24 24 24 23.7999992370605 23.7999992370605 23.7999992370605 23.7999992370605 23.7999992370605 23.7000007629395 23.6000003814697 23.6000003814697 23.6000003814697 23.5 23.3999996185303 23.3999996185303 23.5 23.6000003814697 23.6000003814697 23.7000007629395 23.7999992370605 23.8999996185303 23.8999996185303 24 24 24.1000003814697 24.3999996185303 24.3999996185303 24.5 24.3999996185303 24 22.5 20.7000007629395 19.7999992370605 20.8999996185303 21.2999992370605 21.5 22.3999996185303 23.5 23.7999992370605 23.7999992370605 24 24 24.1000003814697 24.2000007629395
24.3999996185303 24.2000007629395 24.1000003814697 24.1000003814697 24 24 23.8999996185303 23.8999996185303 23.8999996185303 23.8999996185303 24 23.7000007629395 23.7000007629395 23.7000007629395 23.7999992370605 23.7000007629395 23.7000007629395 23.6000003814697 23.6000003814697 23.6000003814697 23.5 23.3999996185303 23.3999996185303 23.2999992370605 23.2000007629395 23.2999992370605 23.2999992370605 23.2999992370605 23.5 23.6000003814697 23.7000007629395 23.8999996185303 23.7999992370605 23.8999996185303 23.7999992370605 23.8999996185303 24.2999992370605 24.2999992370605 24.3999996185303 23.8999996185303 22.2999992370605 22.2999992370605 21.7999992370605 20.1000003814697 20.7000007629395 21.2999992370605 21.5 21.6000003814697 22.2999992370605 23.7000007629395 23.6000003814697 23.8999996185303 23.5 23.7999992370605 24.2000007629395
24.5 24.2999992370605 24.1000003814697 23.8999996185303 24.1000003814697 24 23.8999996185303 23.7999992370605 23.8999996185303 23.8999996185303 23.7000007629395 23.7000007629395 23.7000007629395 23.6000003814697 23.7000007629395 23.6000003814697 23.6000003814697 23.6000003814697 23.5 23.5 23.3999996185303 23.2999992370605 23.2000007629395 23.1000003814697 23.1000003814697 23 23 23.2000007629395 23.3999996185303 23.5 23.6000003814697 23.7999992370605 23.8999996185303 23.8999996185303 24 23.2000007629395 23.8999996185303 24.2999992370605 24.2999992370605 23.7999992370605 22.7000007629395 23.2999992370605 23.2000007629395 21.6000003814697 20.7000007629395 21.2999992370605 21.5 21.3999996185303 22.3999996185303 23.2999992370605 23.7999992370605 23.8999996185303 24.1000003814697 24.2000007629395 24.3999996185303
24.3999996185303 24.3999996185303 24.2000007629395 24.2000007629395 24.2000007629395 24.1000003814697 24 24 23.8999996185303 23.6000003814697 23.6000003814697 23.6000003814697 23.6000003814697 23.5 23.3999996185303 23.6000003814697 23.5 23.5 23.3999996185303 23.3999996185303 23.2999992370605 23.2000007629395 23.1000003814697 22.8999996185303 22.8999996185303 22.7999992370605 22.8999996185303 23 23.2999992370605 23.5 23.6000003814697 23.7999992370605 23.8999996185303 24 23.7999992370605 23.2999992370605 24 24.2000007629395 24 24 24.2000007629395 24.1000003814697 23.8999996185303 23.3999996185303 22.6000003814697 22.5 22.2999992370605 21.2000007629395 22.3999996185303 23.7000007629395 24 24.1000003814697 24.2999992370605 24.3999996185303 24.6000003814697
23.8999996185303 23.8999996185303 24.2000007629395 24.1000003814697 24 23.8999996185303 23.8999996185303 23.7999992370605 23.6000003814697 23.5 23.6000003814697 23.5 23.5 23.3999996185303 23.3999996185303 23.6000003814697 23.5 23.5 23.2000007629395 23.2999992370605 23.2000007629395 23.1000003814697 23 22.8999996185303 22.7000007629395 22.6000003814697 22.7000007629395 23 23.2000007629395 23.5 23.6000003814697 23.7999992370605 23.8999996185303 24 23.7999992370605 22.6000003814697 24 24.2000007629395 23.5 22.8999996185303 23.5 23.2999992370605 23.2000007629395 23 23.1000003814697 22.7999992370605 22.6000003814697 21.7999992370605 23.2999992370605 23.8999996185303 24.1000003814697 24.2000007629395 24.3999996185303 24.7000007629395 24.7000007629395
23.8999996185303 24.2000007629395 24.2000007629395 24.1000003814697 24 23.7999992370605 23.6000003814697 23.6000003814697 23.5 23.5 23.5 23.5 23.5 23.5 23.5 23.5 23.5 23.3999996185303 23.2000007629395 23.1000003814697 23.2000007629395 23.2000007629395 23.1000003814697 22.8999996185303 22.6000003814697 22.5 22.7000007629395 23 23.2999992370605 23.3999996185303 23.7000007629395 23.7999992370605 23.8999996185303 24.1000003814697 23.6000003814697 22.1000003814697 24 24.1000003814697 22.6000003814697 22.2000007629395 22.2000007629395 22.2999992370605 22.3999996185303 22.6000003814697 22.7999992370605 23.6000003814697 24.3999996185303 24.3999996185303 24.7000007629395 24.2999992370605 24.6000003814697 24.6000003814697 24.7000007629395 24.7999992370605 24.8999996185303
23.7999992370605 24.1000003814697 24 23.8999996185303 23.7999992370605 23.6000003814697 23.5 23.5 23.5 23.5 23.5 23.5 23.3999996185303 23.3999996185303 23.5 23.3999996185303 23.3999996185303 23.3999996185303 23.5 23.3999996185303 23.2000007629395 23.2000007629395 23.1000003814697 23 22.8999996185303 22.7999992370605 22.8999996185303 23.2000007629395 23.5 23.6000003814697 23.7000007629395 23.8999996185303 23.7999992370605 24 22.3999996185303 21.8999996185303 23.8999996185303 23 22.2000007629395 22.3999996185303 22.3999996185303 22.3999996185303 22.3999996185303 22.5 24.2000007629395 24.7000007629395 24.7000007629395 24.7999992370605 24.7000007629395 24.7000007629395 24.7999992370605 24.6000003814697 24.5 24.7999992370605 24.7999992370605
23.8999996185303 23.8999996185303 23.8999996185303 23.7999992370605 23.7000007629395 23.7000007629395 23.5 23.3999996185303 23.3999996185303 23.2999992370605 23.2999992370605 23.3999996185303 23.3999996185303 23.3999996185303 23.3999996185303 23.3999996185303 23.3999996185303 23.5 23.5 23.3999996185303 23.3999996185303 23.3999996185303 23.2999992370605 23.2000007629395 23.2000007629395 23.2999992370605 23.3999996185303 23.5 23.7000007629395 23.7999992370605 23.8999996185303 24 22.3999996185303 23 22.1000003814697 22.1000003814697 22.6000003814697 22.3999996185303 22.5 22.2999992370605 22.3999996185303 22.2999992370605 22.1000003814697 23.2000007629395 24.6000003814697 24.7000007629395 24.7999992370605 24.7999992370605 24.7999992370605 24.7999992370605 24.6000003814697 24.6000003814697 24.7999992370605 24.8999996185303 24.2999992370605
23.7999992370605 23.6000003814697 23.7999992370605 23.7999992370605 23.7000007629395 23.6000003814697 23.5 23.3999996185303 23.2999992370605 23.2000007629395 23.2999992370605 23.3999996185303 23.2999992370605 23.3999996185303 23.3999996185303 23.5 23.6000003814697 23.6000003814697 23.6000003814697 23.5 23.5 23.5 23.5 23.5 23.6000003814697 23.7000007629395 24 24 24 24.1000003814697 24.1000003814697 24.1000003814697 23.1000003814697 22 22.2999992370605 22.2999992370605 22.2999992370605 22.1000003814697 22.2999992370605 22 22.1000003814697 22.7999992370605 23.1000003814697 23.1000003814697 24.3999996185303 24.5 24.7000007629395 24.7999992370605 24.8999996185303 24.8999996185303 24.8999996185303 24.8999996185303 24.7999992370605 25 24.3999996185303
23.7999992370605 23.7000007629395 23.7000007629395 23.7000007629395 23.6000003814697 23.5 23.5 23.3999996185303 23.2000007629395 23.2999992370605 23.3999996185303 23.3999996185303 23.3999996185303 23.3999996185303 23.3999996185303 23.3999996185303 23.5 23.5 23.5 23.6000003814697 23.7000007629395 23.7000007629395 23.7000007629395 23.7999992370605 23.8999996185303 24.1000003814697 24.3999996185303 24.2999992370605 24.2999992370605 24.2999992370605 24.2000007629395 24.2000007629395 22.7999992370605 22.1000003814697 22.2999992370605 22.2999992370605 22.2999992370605 22.1000003814697 22.1000003814697 21.7000007629395 23.2999992370605 24.3999996185303 24.3999996185303 23.6000003814697 23.1000003814697 22.7000007629395 24.7000007629395 24.6000003814697 24.7999992370605 24.8999996185303 25 25 25.1000003814697 25.1000003814697 24.6000003814697
23.7999992370605 23.7000007629395 23.3999996185303 23.6000003814697 23.5 23.3999996185303 23.2999992370605 23.2999992370605 23.2999992370605 23.3999996185303 23.3999996185303 23.3999996185303 23.3999996185303 23.2999992370605 23.2999992370605 23.2999992370605 23.5 23.5 23.6000003814697 23.6000003814697 23.7000007629395 23.7999992370605 23.8999996185303 24 24.2000007629395 24.3999996185303 24.6000003814697 24.6000003814697 24.5 24.3999996185303 24.2999992370605 24.2000007629395 21.5 22.1000003814697 22.2000007629395 22.2000007629395 22.2000007629395 22.3999996185303 23 24.2999992370605 24.5 24.6000003814697 24.6000003814697 24.6000003814697 24.6000003814697 23.8999996185303 21.8999996185303 21.5 24.2000007629395 24.7999992370605 25 25.1000003814697 25.1000003814697 25.1000003814697 25.2000007629395
23.7999992370605 23.7000007629395 23.6000003814697 23.5 23.5 23.2999992370605 23.2999992370605 23.2999992370605 23.2999992370605 23.2999992370605 23.2999992370605 23.2999992370605 23.3999996185303 23.3999996185303 23.2999992370605 23.3999996185303 23.3999996185303 23.5 23.5 23.6000003814697 23.7999992370605 23.8999996185303 24 24.2000007629395 24.2999992370605 24.5 24.6000003814697 24.6000003814697 24.5 24.5 24.3999996185303 21.2999992370605 18.5 22.8999996185303 23.1000003814697 22.1000003814697 22.3999996185303 24 24.2999992370605 24.5 24.6000003814697 24.7000007629395 24.7000007629395 24.7000007629395 24.7999992370605 24.7999992370605 24.6000003814697 21.2000007629395 21.3999996185303 24.6000003814697 25 25.1000003814697 25.1000003814697 25.1000003814697 25.2000007629395
23.7000007629395 23.6000003814697 23.5 22.8999996185303 23.3999996185303 23.2999992370605 23.2999992370605 23.2999992370605 23.2999992370605 23.2999992370605 23.3999996185303 23.3999996185303 23.3999996185303 23.3999996185303 23.2999992370605 23.3999996185303 23.3999996185303 23.3999996185303 23.5 23.6000003814697 23.7000007629395 23.7999992370605 24 24.2000007629395 24.2999992370605 24.3999996185303 24.5 24.5 24.5 24.3999996185303 24 19.7999992370605 21.6000003814697 23.8999996185303 22.1000003814697 22.2999992370605 24.1000003814697 24.5 24.5 24.6000003814697 24.7000007629395 24.7000007629395 24.7000007629395 24.7999992370605 24.7999992370605 24.7999992370605 24.8999996185303 24.7999992370605 24.2000007629395 24.8999996185303 25 25.1000003814697 25.2000007629395 25.2000007629395 25.2999992370605
