data/layers/future_layer_can_585_60/bio6.asc
NCOLS 494 
NROWS 529 
XLLCORNER -117.166666666667 
YLLCORNER -55.5 
CELLSIZE 0.166666666666667 
NODATA_value -3.4e+38 
[rows 0 to 23 of 529, columns 165 to 219 of 494]
3.90000009536743 3.90000009536743 3.79999995231628 3.70000004768372 3.79999995231628 3.90000009536743 4 3.90000009536743 3.90000009536743 4 4.19999980926514 4.30000019073486 4.40000009536743 4.30000019073486 4.5 4.69999980926514 4.80000019073486 4.69999980926514 4.69999980926514 4.90000009536743 5.09999990463257 4.80000019073486 4.80000019073486 4.59999990463257 4.5 4.5 4.40000009536743 4.5 4.59999990463257 4.30000019073486 4.09999990463257 4.09999990463257 4.19999980926514 4.40000009536743 4.40000009536743 4.69999980926514 5.09999990463257 4.80000019073486 4.80000019073486 4.90000009536743 5 5 5.19999980926514 5.30000019073486 5.40000009536743 5.40000009536743 5.5 5.59999990463257 5.69999980926514 5.69999980926514 5.69999980926514 5.59999990463257 5.80000019073486 6 6.30000019073486
4 3.90000009536743 3.90000009536743 3.90000009536743 4 4.09999990463257 4 4 4.09999990463257 4.09999990463257 4.30000019073486 4.19999980926514 4.30000019073486 4.5 4.69999980926514 5 5.19999980926514 5.19999980926514 5.30000019073486 5.5 5.59999990463257 5.30000019073486 5.09999990463257 5 4.90000009536743 4.80000019073486 4.69999980926514 4.69999980926514 4.90000009536743 4.59999990463257 4.40000009536743 4.30000019073486 4.40000009536743 4.59999990463257 4.59999990463257 4.90000009536743 5 5 5.09999990463257 5.19999980926514 5.30000019073486 5.30000019073486 5.40000009536743 5.59999990463257 5.59999990463257 5.80000019073486 5.90000009536743 6 6 6 6 6.09999990463257 6.30000019073486 6.69999980926514 6.69999980926514
4.09999990463257 4 4 4 4.09999990463257 4.09999990463257 4 4.09999990463257 4.09999990463257 4.30000019073486 4.40000009536743 4.30000019073486 4.30000019073486 4.5 4.90000009536743 5.19999980926514 5.30000019073486 5.30000019073486 5.30000019073486 5.40000009536743 5.40000009536743 5.30000019073486 5.30000019073486 5.09999990463257 5 4.90000009536743 4.80000019073486 4.80000019073486 4.90000009536743 4.80000019073486 4.59999990463257 4.59999990463257 4.69999980926514 4.90000009536743 4.90000009536743 4.90000009536743 5.09999990463257 5.19999980926514 5.30000019073486 5.40000009536743 5.40000009536743 5.5 5.59999990463257 5.80000019073486 5.80000019073486 6 6.09999990463257 6.19999980926514 6.30000019073486 6.30000019073486 6.30000019073486 6.40000009536743 6.59999990463257 7.09999990463257 -3.4e+38
4.40000009536743 4.30000019073486 4.30000019073486 4.30000019073486 4.30000019073486 4.30000019073486 4.09999990463257 4.19999980926514 4.30000019073486 4.5 4.30000019073486 4.30000019073486 4.5 4.69999980926514 5 5.09999990463257 5.19999980926514 5.30000019073486 5.30000019073486 5.30000019073486 5.40000009536743 5.30000019073486 5.19999980926514 5.09999990463257 5 5 5 5.09999990463257 5 4.90000009536743 4.90000009536743 4.90000009536743 5 5.09999990463257 5.30000019073486 5.30000019073486 5.40000009536743 5.5 5.59999990463257 5.59999990463257 5.69999980926514 5.69999980926514 5.90000009536743 5.90000009536743 6 6.09999990463257 6.30000019073486 6.5 6.5 6.59999990463257 6.59999990463257 6.90000009536743 -3.4e+38 -3.4e+38 -3.4e+38
4.5 4.59999990463257 4.5 4.5 4.40000009536743 4.5 4.40000009536743 4.40000009536743 4.40000009536743 4.59999990463257 4.5 4.5 4.69999980926514 4.90000009536743 4.90000009536743 5.09999990463257 5.19999980926514 5.30000019073486 5.19999980926514 5.19999980926514 5.19999980926514 5.19999980926514 5.19999980926514 5.19999980926514 5.09999990463257 5.19999980926514 5.30000019073486 5.5 5.19999980926514 5.19999980926514 5.19999980926514 5.19999980926514 5.30000019073486 5.30000019073486 5.69999980926514 5.69999980926514 5.69999980926514 5.80000019073486 5.90000009536743 5.90000009536743 5.90000009536743 6 6.09999990463257 6.09999990463257 6.19999980926514 6.30000019073486 6.40000009536743 6.69999980926514 6.90000009536743 6.90000009536743 7 7.40000009536743 -3.4e+38 -3.4e+38 -3.4e+38
4.80000019073486 4.90000009536743 4.90000009536743 4.90000009536743 4.69999980926514 4.59999990463257 4.59999990463257 4.5 4.69999980926514 4.69999980926514 4.69999980926514 4.69999980926514 4.90000009536743 5.09999990463257 5.09999990463257 5.09999990463257 5.19999980926514 5.30000019073486 5.30000019073486 5.30000019073486 5.30000019073486 5.40000009536743 5.40000009536743 5.40000009536743 5.40000009536743 5.30000019073486 5.5 5.90000009536743 5.5 5.5 5.5 5.40000009536743 5.5 5.5 5.69999980926514 5.80000019073486 6 6.09999990463257 6.19999980926514 6.19999980926514 6.09999990463257 6.09999990463257 6.09999990463257 6.19999980926514 6.19999980926514 6.30000019073486 6.69999980926514 6.80000019073486 6.90000009536743 7.19999980926514 7.5 -3.4e+38 -3.4e+38 -3.4e+38 -3.4e+38
5.19999980926514 5.19999980926514 5.19999980926514 5.09999990463257 4.90000009536743 4.80000019073486 4.80000019073486 4.80000019073486 4.80000019073486 5 5 5 5.19999980926514 5.30000019073486 5.19999980926514 5.09999990463257 5.19999980926514 5.40000009536743 5.40000009536743 5.40000009536743 5.5 5.5 5.59999990463257 5.69999980926514 5.69999980926514 5.69999980926514 5.69999980926514 6 5.80000019073486 5.80000019073486 5.80000019073486 5.80000019073486 5.80000019073486 5.80000019073486 5.90000009536743 6 6.19999980926514 6.30000019073486 6.30000019073486 6.19999980926514 6.09999990463257 6.09999990463257 6.30000019073486 6.30000019073486 6.30000019073486 6.30000019073486 6.5 7 7 7.19999980926514 7.90000009536743 -3.4e+38 -3.4e+38 -3.4e+38 -3.4e+38
5.5 5.59999990463257 5.5 5.19999980926514 5 5 5 5.09999990463257 5.30000019073486 5.40000009536743 5.59999990463257 5.5 5.59999990463257 5.30000019073486 5.30000019073486 5.30000019073486 5.40000009536743 5.40000009536743 5.40000009536743 5.40000009536743 5.5 5.69999980926514 5.90000009536743 6.09999990463257 6.09999990463257 5.90000009536743 5.90000009536743 6 6 6.09999990463257 6 6 5.90000009536743 5.90000009536743 6 6.19999980926514 6.40000009536743 6.40000009536743 6.5 6.30000019073486 6.19999980926514 6.19999980926514 6.30000019073486 6.30000019073486 6.30000019073486 6.40000009536743 6.59999990463257 6.80000019073486 7.19999980926514 7.59999990463257 -3.4e+38 -3.4e+38 -3.4e+38 -3.4e+38 -3.4e+38
5.69999980926514 5.69999980926514 5.69999980926514 5.59999990463257 5.30000019073486 5.09999990463257 5.30000019073486 5.40000009536743 5.5 5.69999980926514 6.30000019073486 6.09999990463257 5.80000019073486 5.59999990463257 5.5 5.59999990463257 5.59999990463257 5.59999990463257 5.5 5.5 5.69999980926514 5.80000019073486 6 6.30000019073486 6.19999980926514 6.30000019073486 6.09999990463257 6.30000019073486 6.19999980926514 6.19999980926514 6.09999990463257 6.19999980926514 6.19999980926514 6.19999980926514 6.30000019073486 6.5 6.59999990463257 6.59999990463257 6.59999990463257 6.40000009536743 6.30000019073486 6.30000019073486 6.30000019073486 6.30000019073486 6.40000009536743 6.59999990463257 6.80000019073486 7.09999990463257 7.59999990463257 8 -3.4e+38 -3.4e+38 -3.4e+38 -3.4e+38 -3.4e+38
6 6 6 5.80000019073486 5.69999980926514 5.59999990463257 5.59999990463257 5.69999980926514 5.90000009536743 6.09999990463257 6.80000019073486 6.30000019073486 6.09999990463257 6 6 6 5.90000009536743 5.90000009536743 5.80000019073486 5.80000019073486 5.90000009536743 6 6 6.09999990463257 6.19999980926514 6.40000009536743 6.40000009536743 6.40000009536743 6.30000019073486 6.40000009536743 6.30000019073486 6.40000009536743 6.5 6.40000009536743 6.5 6.59999990463257 6.69999980926514 6.69999980926514 6.69999980926514 6.69999980926514 6.5 6.40000009536743 6.5 6.5 6.5 6.69999980926514 7.09999990463257 7.40000009536743 7.90000009536743 -3.4e+38 -3.4e+38 -3.4e+38 -3.4e+38 -3.4e+38 -3.4e+38
6.40000009536743 6.30000019073486 6.40000009536743 6.30000019073486 6.19999980926514 6.09999990463257 5.90000009536743 6.09999990463257 6.19999980926514 6.59999990463257 7.30000019073486 6.69999980926514 6.59999990463257 6.40000009536743 6.59999990463257 6.30000019073486 6.40000009536743 6.40000009536743 6.30000019073486 6.09999990463257 6.09999990463257 6.09999990463257 6.19999980926514 6.19999980926514 6.40000009536743 6.40000009536743 6.5 6.40000009536743 6.5 6.40000009536743 6.5 6.40000009536743 6.5 6.59999990463257 6.59999990463257 6.59999990463257 6.69999980926514 6.90000009536743 6.90000009536743 6.80000019073486 6.69999980926514 6.59999990463257 6.69999980926514 6.80000019073486 6.80000019073486 7 7.5 7.90000009536743 8.39999961853027 -3.4e+38 -3.4e+38 -3.4e+38 -3.4e+38 -3.4e+38 -3.4e+38
6.59999990463257 6.69999980926514 6.80000019073486 6.90000009536743 6.90000009536743 6.90000009536743 6.80000019073486 6.80000019073486 6.90000009536743 7.40000009536743 7.5 6.90000009536743 7 7 7.19999980926514 7 7 6.90000009536743 6.80000019073486 6.5 6.40000009536743 6.40000009536743 6.59999990463257 6.5 6.5 6.5 6.59999990463257 6.59999990463257 7.19999980926514 6.90000009536743 6.5 6.5 6.59999990463257 6.59999990463257 6.69999980926514 6.69999980926514 6.90000009536743 7 7.09999990463257 7 6.90000009536743 6.90000009536743 6.90000009536743 6.90000009536743 7 7.40000009536743 7.80000019073486 8.30000019073486 8.89999961853027 -3.4e+38 -3.4e+38 -3.4e+38 -3.4e+38 -3.4e+38 -3.4e+38
6.90000009536743 7 7.19999980926514 7.5 7.59999990463257 7.40000009536743 7.80000019073486 7.40000009536743 7.40000009536743 -3.4e+38 -3.4e+38 7.19999980926514 7.40000009536743 7.59999990463257 8 8 7.69999980926514 7.40000009536743 7.09999990463257 7 6.80000019073486 6.69999980926514 6.90000009536743 6.80000019073486 6.59999990463257 6.5 6.69999980926514 6.69999980926514 6.80000019073486 6.59999990463257 6.80000019073486 6.90000009536743 7 6.69999980926514 6.90000009536743 6.90000009536743 7.09999990463257 7.19999980926514 7.19999980926514 7.09999990463257 7 7.09999990463257 7.19999980926514 7.19999980926514 7.30000019073486 7.59999990463257 8.19999980926514 8.89999961853027 9.19999980926514 -3.4e+38 -3.4e+38 -3.4e+38 -3.4e+38 -3.4e+38 -3.4e+38
7.30000019073486 7.5 7.90000009536743 -3.4e+38 -3.4e+38 8.5 8.60000038146973 -3.4e+38 8.19999980926514 -3.4e+38 -3.4e+38 8 8.10000038146973 8.5 -3.4e+38 -3.4e+38 -3.4e+38 -3.4e+38 -3.4e+38 -3.4e+38 -3.4e+38 7.69999980926514 7.30000019073486 7 6.80000019073486 6.69999980926514 6.80000019073486 7.09999990463257 6.90000009536743 6.90000009536743 7.30000019073486 7.09999990463257 7.09999990463257 6.90000009536743 6.90000009536743 7.09999990463257 7.30000019073486 7.40000009536743 7.30000019073486 7.30000019073486 7.30000019073486 7.5 7.40000009536743 7.40000009536743 7.40000009536743 7.80000019073486 8.39999961853027 9.19999980926514 9.80000019073486 -3.4e+38 -3.4e+38 -3.4e+38 -3.4e+38 -3.4e+38 -3.4e+38
8.10000038146973 -3.4e+38 -3.4e+38 -3.4e+38 -3.4e+38 -3.4e+38 -3.4e+38 -3.4e+38 -3.4e+38 -3.4e+38 -3.4e+38 -3.4e+38 -3.4e+38 -3.4e+38 -3.4e+38 -3.4e+38 -3.4e+38 -3.4e+38 -3.4e+38 -3.4e+38 -3.4e+38 -3.4e+38 -3.4e+38 8 7.69999980926514 7.30000019073486 7.40000009536743 7.59999990463257 7.40000009536743 7.40000009536743 7.30000019073486 7.30000019073486 7.30000019073486 7.30000019073486 7.40000009536743 7.40000009536743 7.30000019073486 7.40000009536743 7.40000009536743 7.40000009536743 7.5 7.40000009536743 7.59999990463257 7.59999990463257 7.5 7.90000009536743 8.39999961853027 9.39999961853027 10.1000003814697 -3.4e+38 -3.4e+38 -3.4e+38 -3.4e+38 -3.4e+38 -3.4e+38
-3.4e+38 -3.4e+38 -3.4e+38 -3.4e+38 -3.4e+38 -3.4e+38 -3.4e+38 -3.4e+38 -3.4e+38 -3.4e+38 -3.4e+38 -3.4e+38 -3.4e+38 -3.4e+38 -3.4e+38 -3.4e+38 -3.4e+38 -3.4e+38 -3.4e+38 -3.4e+38 -3.4e+38 -3.4e+38 -3.4e+38 -3.4e+38 -3.4e+38 8.30000019073486 8.10000038146973 8.30000019073486 7.90000009536743 7.80000019073486 7.90000009536743 8 -3.4e+38 -3.4e+38 -3.4e+38 7.69999980926514 7.5 7.5 7.5 7.5 7.40000009536743 7.40000009536743 7.59999990463257 7.80000019073486 7.80000019073486 8 8.39999961853027 9.30000019073486 9.89999961853027 10.1999998092651 -3.4e+38 -3.4e+38 -3.4e+38 -3.4e+38 -3.4e+38
-3.4e+38 10.1999998092651 -3.4e+38 -3.4e+38 -3.4e+38 -3.4e+38 -3.4e+38 -3.4e+38 -3.4e+38 -3.4e+38 -3.4e+38 -3.4e+38 -3.4e+38 -3.4e+38 -3.4e+38 -3.4e+38 -3.4e+38 -3.4e+38 -3.4e+38 -3.4e+38 -3.4e+38 -3.4e+38 -3.4e+38 -3.4e+38 -3.4e+38 -3.4e+38 8.80000019073486 8.89999961853027 8.60000038146973 8.5 -3.4e+38 -3.4e+38 -3.4e+38 -3.4e+38 -3.4e+38 -3.4e+38 7.90000009536743 7.80000019073486 7.80000019073486 7.69999980926514 7.69999980926514 7.59999990463257 7.59999990463257 7.69999980926514 8 8.30000019073486 8.5 8.89999961853027 10 10 -3.4e+38 -3.4e+38 -3.4e+38 -3.4e+38 -3.4e+38
10.1000003814697 -3.4e+38 -3.4e+38 -3.4e+38 -3.4e+38 -3.4e+38 -3.4e+38 -3.4e+38 -3.4e+38 -3.4e+38 -3.4e+38 -3.4e+38 -3.4e+38 -3.4e+38 -3.4e+38 -3.4e+38 -3.4e+38 -3.4e+38 -3.4e+38 -3.4e+38 -3.4e+38 -3.4e+38 -3.4e+38 -3.4e+38 -3.4e+38 -3.4e+38 9.80000019073486 -3.4e+38 -3.4e+38 -3.4e+38 -3.4e+38 -3.4e+38 -3.4e+38 -3.4e+38 -3.4e+38 -3.4e+38 -3.4e+38 8.10000038146973 7.80000019073486 7.80000019073486 7.80000019073486 7.80000019073486 7.80000019073486 8.10000038146973 8.19999980926514 8.60000038146973 8.60000038146973 9 9.89999961853027 9.89999961853027 -3.4e+38 -3.4e+38 -3.4e+38 -3.4e+38 -3.4e+38
-3.4e+38 -3.4e+38 -3.4e+38 -3.4e+38 -3.4e+38 -3.4e+38 -3.4e+38 -3.4e+38 -3.4e+38 -3.4e+38 -3.4e+38 -3.4e+38 -3.4e+38 -3.4e+38 -3.4e+38 -3.4e+38 -3.4e+38 -3.4e+38 -3.4e+38 -3.4e+38 -3.4e+38 -3.4e+38 -3.4e+38 -3.4e+38 -3.4e+38 -3.4e+38 -3.4e+38 -3.4e+38 -3.4e+38 -3.4e+38 -3.4e+38 -3.4e+38 -3.4e+38 -3.4e+38 -3.4e+38 -3.4e+38 -3.4e+38 -3.4e+38 8.39999961853027 8.30000019073486 8.30000019073486 8.10000038146973 8.10000038146973 8.5 8.80000019073486 9 9.10000038146973 9.5 10 10 10.5 -3.4e+38 -3.4e+38 -3.4e+38 -3.4e+38
-3.4e+38 -3.4e+38 -3.4e+38 -3.4e+38 -3.4e+38 -3.4e+38 -3.4e+38 -3.4e+38 -3.4e+38 -3.4e+38 -3.4e+38 -3.4e+38 -3.4e+38 -3.4e+38 -3.4e+38 -3.4e+38 -3.4e+38 -3.4e+38 -3.4e+38 -3.4e+38 -3.4e+38 -3.4e+38 -3.4e+38 -3.4e+38 -3.4e+38 -3.4e+38 -3.4e+38 -3.4e+38 -3.4e+38 -3.4e+38 -3.4e+38 -3.4e+38 -3.4e+38 -3.4e+38 -3.4e+38 -3.4e+38 -3.4e+38 -3.4e+38 -3.4e+38 9.10000038146973 8.69999980926514 8.80000019073486 8.39999961853027 8.60000038146973 8.89999961853027 9.10000038146973 9.39999961853027 9.80000019073486 10.3000001907349 10.1999998092651 10.5 -3.4e+38 -3.4e+38 -3.4e+38 -3.4e+38
-3.4e+38 11.5 11.3000001907349 -3.4e+38 -3.4e+38 -3.4e+38 -3.4e+38 -3.4e+38 -3.4e+38 -3.4e+38 -3.4e+38 -3.4e+38 -3.4e+38 -3.4e+38 -3.4e+38 -3.4e+38 -3.4e+38 -3.4e+38 -3.4e+38 -3.4e+38 -3.4e+38 -3.4e+38 -3.4e+38 -3.4e+38 -3.4e+38 -3.4e+38 -3.4e+38 -3.4e+38 -3.4e+38 -3.4e+38 -3.4e+38 -3.4e+38 -3.4e+38 -3.4e+38 -3.4e+38 -3.4e+38 -3.4e+38 -3.4e+38 -3.4e+38 -3.4e+38 9.39999961853027 9.39999961853027 8.89999961853027 8.80000019073486 8.89999961853027 9.19999980926514 9.80000019073486 9.69999980926514 10.8999996185303 10.1999998092651 10.5 -3.4e+38 -3.4e+38 -3.4e+38 -3.4e+38
-3.4e+38 -3.4e+38 -3.4e+38 -3.4e+38 -3.4e+38 -3.4e+38 -3.4e+38 -3.4e+38 -3.4e+38 -3.4e+38 -3.4e+38 -3.4e+38 -3.4e+38 -3.4e+38 -3.4e+38 -3.4e+38 -3.4e+38 -3.4e+38 -3.4e+38 -3.4e+38 -3.4e+38 -3.4e+38 -3.4e+38 -3.4e+38 -3.4e+38 -3.4e+38 -3.4e+38 -3.4e+38 -3.4e+38 -3.4e+38 -3.4e+38 -3.4e+38 -3.4e+38 -3.4e+38 -3.4e+38 -3.4e+38 -3.4e+38 -3.4e+38 -3.4e+38 -3.4e+38 -3.4e+38 -3.4e+38 9.60000038146973 9.30000019073486 9.30000019073486 9.5 10.1000003814697 9.89999961853027 10.1999998092651 10.3000001907349 10.5 10.8999996185303 -3.4e+38 -3.4e+38 -3.4e+38
-3.4e+38 -3.4e+38 -3.4e+38 -3.4e+38 -3.4e+38 -3.4e+38 -3.4e+38 -3.4e+38 -3.4e+38 -3.4e+38 -3.4e+38 -3.4e+38 -3.4e+38 -3.4e+38 -3.4e+38 -3.4e+38 -3.4e+38 -3.4e+38 -3.4e+38 -3.4e+38 -3.4e+38 -3.4e+38 -3.4e+38 -3.4e+38 -3.4e+38 -3.4e+38 -3.4e+38 -3.4e+38 -3.4e+38 -3.4e+38 -3.4e+38 -3.4e+38 -3.4e+38 -3.4e+38 -3.4e+38 -3.4e+38 -3.4e+38 -3.4e+38 -3.4e+38 -3.4e+38 -3.4e+38 -3.4e+38 10.1000003814697 9.89999961853027 10.1999998092651 9.89999961853027 10.3000001907349 10.8999996185303 10.3999996185303 10.6999998092651 10.8999996185303 10.8999996185303 11.6000003814697 -3.4e+38 -3.4e+38
-3.4e+38 -3.4e+38 -3.4e+38 -3.4e+38 -3.4e+38 -3.4e+38 -3.4e+38 -3.4e+38 -3.4e+38 -3.4e+38 -3.4e+38 -3.4e+38 -3.4e+38 -3.4e+38 -3.4e+38 -3.4e+38 -3.4e+38 -3.4e+38 -3.4e+38 -3.4e+38 -3.4e+38 -3.4e+38 -3.4e+38 -3.4e+38 -3.4e+38 -3.4e+38 -3.4e+38 -3.4e+38 -3.4e+38 -3.4e+38 -3.4e+38 -3.4e+38 -3.4e+38 -3.4e+38 -3.4e+38 -3.4e+38 -3.4e+38 -3.4e+38 -3.4e+38 -3.4e+38 -3.4e+38 -3.4e+38 10.6000003814697 10.1000003814697 10.6000003814697 10.6999998092651 10.8000001907349 11.3999996185303 10.8000001907349 11.1000003814697 11.5 11.3999996185303 11.6000003814697 -3.4e+38 -3.4e+38
