data/layers/future_layer_can_585_60/bio6.asc
NCOLS 494 
NROWS 529 
XLLCORNER -117.166666666667 
YLLCORNER -55.5 
CELLSIZE 0.166666666666667 
NODATA_value -3.4e+38 
[rows 168 to 191 of 529, columns 220 to 274 of 494]
-3.4e+38 -3.4e+38 -3.4e+38 -3.4e+38 -3.4e+38 -3.4e+38 -3.4e+38 -3.4e+38 -3.4e+38 -3.4e+38 -3.4e+38 -3.4e+38 -3.4e+38 -3.4e+38 -3.4e+38 -3.4e+38 -3.4e+38 -3.4e+38 -3.4e+38 24.7000007629395 24.6000003814697 24.7000007629395 24.6000003814697 23.7000007629395 19.6000003814697 17.3999996185303 19.6000003814697 19.8999996185303 18.3999996185303 13.8000001907349 8.69999980926514 8.89999961853027 17.5 23.5 23.2000007629395 21.8999996185303 18.2999992370605 11.1999998092651 10.1999998092651 11.3999996185303 8.39999961853027 12.1999998092651 17.7000007629395 21.8999996185303 23.1000003814697 23.6000003814697 23.8999996185303 23.8999996185303 23.7999992370605 23.8999996185303 23.7999992370605 24 24 23.8999996185303 23.8999996185303
-3.4e+38 -3.4e+38 -3.4e+38 -3.4e+38 -3.4e+38 -3.4e+38 -3.4e+38 -3.4e+38 -3.4e+38 -3.4e+38 -3.4e+38 -3.4e+38 -3.4e+38 -3.4e+38 -3.4e+38 -3.4e+38 -3.4e+38 -3.4e+38 -3.4e+38 24.6000003814697 24.6000003814697 24.7000007629395 24.5 22.7999992370605 19 16.8999996185303 20.7000007629395 19.8999996185303 18.7000007629395 10.3999996185303 12.8999996185303 17.6000003814697 22.3999996185303 23.3999996185303 23.7000007629395 22.2999992370605 16.7999992370605 9.19999980926514 9.60000038146973 14.3999996185303 11.5 14.3999996185303 21.2000007629395 22.6000003814697 23.6000003814697 23.7999992370605 24 23.8999996185303 23.7999992370605 23.7999992370605 23.7999992370605 23.7999992370605 23.7999992370605 23.7999992370605 23.7999992370605
-3.4e+38 -3.4e+38 -3.4e+38 -3.4e+38 -3.4e+38 -3.4e+38 -3.4e+38 -3.4e+38 -3.4e+38 -3.4e+38 -3.4e+38 -3.4e+38 -3.4e+38 -3.4e+38 -3.4e+38 -3.4e+38 -3.4e+38 -3.4e+38 -3.4e+38 24.6000003814697 24.7000007629395 24.6000003814697 24.1000003814697 20.7999992370605 14.6000003814697 19.2999992370605 20.3999996185303 17.5 14.8999996185303 7.19999980926514 12.5 19.8999996185303 23.2999992370605 24.3999996185303 24.2000007629395 21.8999996185303 16.7000007629395 7.69999980926514 8.5 14.1999998092651 15.6000003814697 20.8999996185303 22.5 23.2999992370605 23.7000007629395 23.8999996185303 23.8999996185303 23.7999992370605 23.7000007629395 23.7000007629395 23.7000007629395 23.6000003814697 23.7000007629395 23.7999992370605 23.8999996185303
-3.4e+38 -3.4e+38 -3.4e+38 -3.4e+38 -3.4e+38 -3.4e+38 -3.4e+38 -3.4e+38 -3.4e+38 -3.4e+38 -3.4e+38 -3.4e+38 -3.4e+38 -3.4e+38 -3.4e+38 -3.4e+38 -3.4e+38 -3.4e+38 -3.4e+38 24.6000003814697 24.7000007629395 24.7000007629395 23.5 15.1000003814697 15.5 20.7000007629395 18 13.1999998092651 7.59999990463257 10.1999998092651 16.3999996185303 22.5 24.5 24.7000007629395 23.3999996185303 19 12.1999998092651 5.59999990463257 7.5 12.5 20.7000007629395 22.3999996185303 23 23.5 23.7999992370605 23.8999996185303 23.7000007629395 23.7999992370605 23.7999992370605 23.8999996185303 23.7999992370605 23.7000007629395 23.8999996185303 24 24.1000003814697
-3.4e+38 -3.4e+38 -3.4e+38 -3.4e+38 -3.4e+38 -3.4e+38 -3.4e+38 -3.4e+38 -3.4e+38 -3.4e+38 -3.4e+38 -3.4e+38 -3.4e+38 -3.4e+38 -3.4e+38 -3.4e+38 -3.4e+38 -3.4e+38 -3.4e+38 24.7000007629395 24.7999992370605 24.5 21.3999996185303 15.6000003814697 18.2000007629395 19.2999992370605 13.6000003814697 8 8.5 12.6999998092651 17.2000007629395 24.3999996185303 25 24.7000007629395 22.5 16.3999996185303 9.5 6 8.60000038146973 17.3999996185303 21.7000007629395 22.7000007629395 23.2999992370605 23.7000007629395 23.8999996185303 23.8999996185303 23.7999992370605 23.8999996185303 23.8999996185303 24.1000003814697 23.8999996185303 24 24 24 24.1000003814697
-3.4e+38 -3.4e+38 -3.4e+38 -3.4e+38 -3.4e+38 -3.4e+38 -3.4e+38 -3.4e+38 -3.4e+38 -3.4e+38 -3.4e+38 -3.4e+38 -3.4e+38 -3.4e+38 -3.4e+38 -3.4e+38 -3.4e+38 -3.4e+38 -3.4e+38 -3.4e+38 24.7999992370605 23.3999996185303 19.1000003814697 17.6000003814697 19.3999996185303 18.6000003814697 9.5 5.40000009536743 8.30000019073486 18.8999996185303 22.7000007629395 24.2999992370605 25.1000003814697 24.5 20.2000007629395 12.6000003814697 6.30000019073486 8.30000019073486 11.6999998092651 18.5 22.2000007629395 22.8999996185303 23.5 23.8999996185303 24 24 24 24.1000003814697 24.2000007629395 24.2000007629395 24.1000003814697 24.1000003814697 24.1000003814697 24.1000003814697 24.2000007629395
-3.4e+38 -3.4e+38 -3.4e+38 -3.4e+38 -3.4e+38 -3.4e+38 -3.4e+38 -3.4e+38 -3.4e+38 -3.4e+38 -3.4e+38 -3.4e+38 -3.4e+38 -3.4e+38 -3.4e+38 -3.4e+38 -3.4e+38 -3.4e+38 -3.4e+38 -3.4e+38 24.3999996185303 21.8999996185303 18 17.1000003814697 20.7999992370605 19.8999996185303 11.1999998092651 6.59999990463257 13.3999996185303 20.3999996185303 22.7000007629395 21.6000003814697 24.6000003814697 21.3999996185303 17.6000003814697 10.3000001907349 11.3000001907349 10.3999996185303 16.7000007629395 21.1000003814697 22.7000007629395 22.8999996185303 23.3999996185303 23.8999996185303 23.8999996185303 24.1000003814697 24.1000003814697 24.2999992370605 24.3999996185303 24.2999992370605 24.2000007629395 24.2000007629395 24.2000007629395 24.2000007629395 24.2000007629395
-3.4e+38 -3.4e+38 -3.4e+38 -3.4e+38 -3.4e+38 -3.4e+38 -3.4e+38 -3.4e+38 -3.4e+38 -3.4e+38 -3.4e+38 -3.4e+38 -3.4e+38 -3.4e+38 -3.4e+38 -3.4e+38 -3.4e+38 -3.4e+38 -3.4e+38 24.6000003814697 23.5 18.5 13.3000001907349 17.7999992370605 21 19.7999992370605 8.10000038146973 8.39999961853027 16.6000003814697 21 21.5 22.3999996185303 23.3999996185303 19.6000003814697 18.2000007629395 13.6999998092651 15.3999996185303 16.7999992370605 20.5 22.1000003814697 22.7999992370605 23.1000003814697 23.3999996185303 23.7999992370605 24 24.2000007629395 24.2999992370605 24.3999996185303 24.5 24.3999996185303 24.2000007629395 24.2000007629395 24.2000007629395 24.2000007629395 24.2000007629395
-3.4e+38 -3.4e+38 -3.4e+38 -3.4e+38 -3.4e+38 -3.4e+38 -3.4e+38 -3.4e+38 -3.4e+38 -3.4e+38 -3.4e+38 -3.4e+38 -3.4e+38 -3.4e+38 -3.4e+38 -3.4e+38 -3.4e+38 -3.4e+38 24.7999992370605 24.2999992370605 22.5 17.3999996185303 12.3000001907349 19.1000003814697 20.8999996185303 19.6000003814697 7.40000009536743 9.80000019073486 15 19.2000007629395 21 24.1000003814697 23.7000007629395 20.2999992370605 15.5 17.8999996185303 19.8999996185303 21 20.5 21.8999996185303 22.7999992370605 23.1000003814697 23.5 23.7000007629395 24.1000003814697 24.2999992370605 24.3999996185303 24.5 24.5 24.5 24.3999996185303 24.3999996185303 24.3999996185303 24.3999996185303 24.2999992370605
-3.4e+38 -3.4e+38 -3.4e+38 -3.4e+38 -3.4e+38 -3.4e+38 -3.4e+38 -3.4e+38 -3.4e+38 -3.4e+38 -3.4e+38 -3.4e+38 -3.4e+38 -3.4e+38 -3.4e+38 -3.4e+38 -3.4e+38 -3.4e+38 24.7000007629395 24.2000007629395 20.8999996185303 19.2000007629395 16.3999996185303 20.2000007629395 20.2000007629395 15.8000001907349 5.30000019073486 7.80000019073486 13.1999998092651 15.1999998092651 21.7000007629395 24 22.1000003814697 15.5 14.6999998092651 19.2999992370605 22.2000007629395 22.2000007629395 21.2000007629395 20.8999996185303 23.2000007629395 23.2999992370605 23.6000003814697 23.8999996185303 24 24.2999992370605 24.3999996185303 24.6000003814697 24.7000007629395 24.7000007629395 24.6000003814697 24.6000003814697 24.5 24.5 24.3999996185303
-3.4e+38 -3.4e+38 -3.4e+38 -3.4e+38 -3.4e+38 -3.4e+38 -3.4e+38 -3.4e+38 -3.4e+38 -3.4e+38 -3.4e+38 -3.4e+38 -3.4e+38 -3.4e+38 -3.4e+38 -3.4e+38 -3.4e+38 24.7999992370605 24.6000003814697 24.1000003814697 22.6000003814697 15.3000001907349 16.1000003814697 17.8999996185303 15.5 11.3000001907349 5.69999980926514 7.40000009536743 10.1000003814697 17 22.7999992370605 23.5 18.6000003814697 12.1999998092651 12.3000001907349 18.7000007629395 22.5 22.6000003814697 22.1000003814697 20.7000007629395 23.2000007629395 23.5 23.7000007629395 24 24.2999992370605 24.5 24.6000003814697 24.7999992370605 24.7999992370605 25 24.8999996185303 24.7999992370605 24.7999992370605 24.7000007629395 24.6000003814697
-3.4e+38 -3.4e+38 -3.4e+38 -3.4e+38 -3.4e+38 -3.4e+38 -3.4e+38 -3.4e+38 -3.4e+38 -3.4e+38 -3.4e+38 -3.4e+38 -3.4e+38 -3.4e+38 -3.4e+38 -3.4e+38 -3.4e+38 24.7000007629395 24.2999992370605 22.7000007629395 21.2999992370605 14.8000001907349 16.2000007629395 15.8999996185303 12.3000001907349 7.40000009536743 11.1999998092651 11 12.8999996185303 19 22.5 20.2000007629395 13.6999998092651 15.5 16.2999992370605 18.6000003814697 22.6000003814697 22.7999992370605 22.8999996185303 22.1000003814697 23.1000003814697 23.5 23.7999992370605 24 24.2999992370605 24.6000003814697 24.7999992370605 25 25.1000003814697 25.1000003814697 25 24.8999996185303 24.7000007629395 24.7000007629395 24.6000003814697
-3.4e+38 -3.4e+38 -3.4e+38 -3.4e+38 -3.4e+38 -3.4e+38 -3.4e+38 -3.4e+38 -3.4e+38 -3.4e+38 -3.4e+38 -3.4e+38 -3.4e+38 25 24.8999996185303 24.8999996185303 24.7999992370605 24.2000007629395 22.2999992370605 19.6000003814697 19.7000007629395 14.5 15.8000001907349 14.8999996185303 10.8999996185303 6.5 12.1999998092651 16 18.2000007629395 21.1000003814697 21.3999996185303 16.5 12.5 16.7999992370605 20.2999992370605 20.5 22.7000007629395 23 23.1000003814697 22.6000003814697 22.8999996185303 23.6000003814697 23.7999992370605 24.1000003814697 24.2999992370605 24.6000003814697 24.8999996185303 25.2000007629395 25.1000003814697 24.8999996185303 24.8999996185303 24.7999992370605 24.7000007629395 24.6000003814697 24.5
-3.4e+38 -3.4e+38 -3.4e+38 -3.4e+38 -3.4e+38 -3.4e+38 -3.4e+38 -3.4e+38 -3.4e+38 -3.4e+38 -3.4e+38 -3.4e+38 24.8999996185303 25 24.8999996185303 24.7999992370605 24.3999996185303 22.5 14.8000001907349 16.7000007629395 15.6000003814697 16.2999992370605 16 13.8000001907349 8.60000038146973 6.90000009536743 11.8999996185303 17.2000007629395 19 20.2999992370605 15.6999998092651 12.8999996185303 16.2999992370605 20.6000003814697 21.8999996185303 22.3999996185303 22.6000003814697 22.8999996185303 23.1000003814697 22.6000003814697 23 23.7000007629395 23.8999996185303 24.2000007629395 24.3999996185303 24.5 24.6000003814697 24.8999996185303 24.8999996185303 25 24.8999996185303 24.7999992370605 24.7000007629395 24.7000007629395 24.6000003814697
-3.4e+38 -3.4e+38 -3.4e+38 -3.4e+38 -3.4e+38 -3.4e+38 -3.4e+38 -3.4e+38 -3.4e+38 -3.4e+38 -3.4e+38 24.7999992370605 24.7999992370605 24.8999996185303 24.7999992370605 24.5 24 20.3999996185303 13.1000003814697 13.6000003814697 16.8999996185303 20.6000003814697 16.8999996185303 9.89999961853027 6 9.5 14 15.8000001907349 19.7999992370605 19.1000003814697 11.5 15.8000001907349 18.7999992370605 21 22.2999992370605 22.6000003814697 22.7000007629395 23 23.2000007629395 23.2999992370605 23.3999996185303 23.7000007629395 23.8999996185303 24 24.1000003814697 24.1000003814697 24.5 24.7999992370605 24.7999992370605 24.7999992370605 24.8999996185303 24.7999992370605 24.7999992370605 24.7000007629395 24.6000003814697
-3.4e+38 -3.4e+38 -3.4e+38 -3.4e+38 -3.4e+38 -3.4e+38 -3.4e+38 -3.4e+38 -3.4e+38 -3.4e+38 -3.4e+38 24.7999992370605 24.7999992370605 24.7999992370605 24.6000003814697 24.2000007629395 23.2000007629395 21 17.2000007629395 15 21.3999996185303 18.8999996185303 12.8999996185303 6.90000009536743 8.69999980926514 12.6000003814697 14.3000001907349 17.6000003814697 19.8999996185303 15.6000003814697 13.6999998092651 19 19.6000003814697 22.1000003814697 22.6000003814697 22.3999996185303 22.6000003814697 22.8999996185303 23.1000003814697 23.2999992370605 23.3999996185303 23.5 23.7000007629395 23.7999992370605 23.8999996185303 24 24.3999996185303 24.5 24.7000007629395 24.7999992370605 24.7000007629395 24.6000003814697 24.5 24.6000003814697 24.2999992370605
-3.4e+38 -3.4e+38 -3.4e+38 -3.4e+38 -3.4e+38 -3.4e+38 -3.4e+38 -3.4e+38 -3.4e+38 -3.4e+38 -3.4e+38 -3.4e+38 24.7000007629395 24.7000007629395 24.3999996185303 23.5 22 21.7000007629395 18.6000003814697 20.7999992370605 21.6000003814697 17.2999992370605 9.69999980926514 7.30000019073486 12.6999998092651 15.8999996185303 17.8999996185303 17.7000007629395 17.7999992370605 16.5 17.5 20 23.1000003814697 22.8999996185303 22.7999992370605 22.6000003814697 22.7000007629395 22.7999992370605 22.8999996185303 23.1000003814697 23.2999992370605 23.3999996185303 23.6000003814697 23.7000007629395 23.8999996185303 24.1000003814697 24.2999992370605 24.3999996185303 24.5 24.6000003814697 24.6000003814697 24.5 24.3999996185303 24.2999992370605 24.1000003814697
-3.4e+38 -3.4e+38 -3.4e+38 -3.4e+38 -3.4e+38 -3.4e+38 -3.4e+38 -3.4e+38 -3.4e+38 -3.4e+38 -3.4e+38 -3.4e+38 24.3999996185303 24.3999996185303 23.8999996185303 22.5 21.5 20.5 18.7000007629395 21.3999996185303 19 13.1999998092651 9.60000038146973 11.3000001907349 10.8999996185303 14.1000003814697 17 17.3999996185303 17.1000003814697 21.1000003814697 20 22.3999996185303 23.2999992370605 23.1000003814697 23.1000003814697 22.8999996185303 22.8999996185303 23 23.1000003814697 23.2000007629395 23.2999992370605 23.5 23.6000003814697 23.7999992370605 23.8999996185303 24 24.2000007629395 24.2000007629395 24.3999996185303 24.2999992370605 24.3999996185303 24.2999992370605 24.2000007629395 24 24
-3.4e+38 -3.4e+38 -3.4e+38 -3.4e+38 -3.4e+38 -3.4e+38 -3.4e+38 -3.4e+38 -3.4e+38 -3.4e+38 24.2000007629395 24 23.7000007629395 23.3999996185303 23.1000003814697 22.2000007629395 19.7999992370605 14.3999996185303 20.6000003814697 18.5 14.8999996185303 9.30000019073486 9.89999961853027 15.5 14.1000003814697 13.5 15.1000003814697 20.5 22 23.3999996185303 22.2999992370605 23.2999992370605 23.3999996185303 23.2999992370605 23.2000007629395 23.1000003814697 23.2000007629395 23.2000007629395 23.2000007629395 23.2999992370605 23.3999996185303 23.6000003814697 23.6000003814697 23.7000007629395 23.8999996185303 23.8999996185303 24.1000003814697 24.2000007629395 24.2999992370605 24.2999992370605 24.2000007629395 24.2000007629395 24.2000007629395 24.1000003814697 24
-3.4e+38 -3.4e+38 -3.4e+38 -3.4e+38 -3.4e+38 -3.4e+38 -3.4e+38 -3.4e+38 -3.4e+38 -3.4e+38 23.8999996185303 23.6000003814697 22.6000003814697 21.3999996185303 20.7999992370605 20.2999992370605 18.7000007629395 15.3999996185303 16.7999992370605 16.7999992370605 14.8999996185303 8.69999980926514 13.6000003814697 19.3999996185303 18.5 16.2000007629395 17.5 22.2999992370605 23.2999992370605 23.6000003814697 23.7000007629395 23.6000003814697 23.3999996185303 23.3999996185303 23.2999992370605 23.2000007629395 23.2999992370605 23.2999992370605 23.2999992370605 23.3999996185303 23.5 23.6000003814697 23.7000007629395 23.7000007629395 23.7999992370605 23 23.8999996185303 24.1000003814697 24.2000007629395 24.2000007629395 24.2000007629395 24.2000007629395 24.1000003814697 24.1000003814697 24
-3.4e+38 -3.4e+38 -3.4e+38 -3.4e+38 -3.4e+38 -3.4e+38 -3.4e+38 -3.4e+38 -3.4e+38 23.8999996185303 23.6000003814697 22.8999996185303 21.8999996185303 20.5 18.2000007629395 16.5 13.3000001907349 13.6999998092651 12.6000003814697 10.3999996185303 9 9.89999961853027 14.1999998092651 20 18.7000007629395 20.5 22.1000003814697 23.1000003814697 23.2000007629395 23.5 23.6000003814697 23.5 23.3999996185303 23.3999996185303 23.3999996185303 23.2000007629395 23.2999992370605 23.3999996185303 23.3999996185303 23.5 23.6000003814697 23.6000003814697 23.7000007629395 23.7999992370605 23.7999992370605 23.6000003814697 23.7999992370605 24 24.1000003814697 24 24.1000003814697 24.1000003814697 24.1000003814697 24.1000003814697 23.7999992370605
-3.4e+38 -3.4e+38 -3.4e+38 -3.4e+38 -3.4e+38 -3.4e+38 -3.4e+38 -3.4e+38 -3.4e+38 23.8999996185303 23.6000003814697 22.1000003814697 20.8999996185303 19.1000003814697 16.7999992370605 12.8999996185303 8.19999980926514 9.39999961853027 11.8000001907349 8.30000019073486 9.39999961853027 12.1000003814697 16.2000007629395 21.2000007629395 21.2999992370605 23 23.2000007629395 23.2000007629395 23.2000007629395 23.2999992370605 23.5 23.5 23.2999992370605 23.2999992370605 23.3999996185303 23.2999992370605 23.3999996185303 23.3999996185303 23.3999996185303 23.5 23.6000003814697 23.6000003814697 23.7000007629395 23.7999992370605 23.7999992370605 23.8999996185303 23.2999992370605 23.8999996185303 24.1000003814697 24 24 24 24 24 23.8999996185303
-3.4e+38 -3.4e+38 -3.4e+38 -3.4e+38 -3.4e+38 23.2999992370605 23.3999996185303 23.5 23.7999992370605 23.6000003814697 22.7999992370605 20.5 18.6000003814697 16.5 14 6.59999990463257 7.80000019073486 8.89999961853027 8.39999961853027 8.39999961853027 10.1999998092651 16 20.3999996185303 22.3999996185303 22.7999992370605 23 23.1000003814697 23.2000007629395 23.2999992370605 23.2999992370605 23.2999992370605 23.3999996185303 23.2000007629395 23.2000007629395 23.3999996185303 23.3999996185303 23.2999992370605 23.3999996185303 23.3999996185303 23.5 23.6000003814697 23.6000003814697 23.7000007629395 23.7000007629395 23.7999992370605 23.7999992370605 23.2999992370605 23.7999992370605 24 24 24.1000003814697 24.1000003814697 23.8999996185303 23.8999996185303 23.7999992370605
-3.4e+38 -3.4e+38 -3.4e+38 23.1000003814697 22.6000003814697 22.8999996185303 23 23.1000003814697 23.2000007629395 23.2000007629395 21 17.8999996185303 17.6000003814697 16.7000007629395 10.3999996185303 5.09999990463257 7.59999990463257 8.5 8.89999961853027 13.1999998092651 18.5 21.3999996185303 22.6000003814697 22.6000003814697 22.7999992370605 22.8999996185303 23 23.2000007629395 23.2000007629395 23.2999992370605 23.3999996185303 23.3999996185303 23.2999992370605 23.2000007629395 23.2999992370605 23.3999996185303 23.2999992370605 23.3999996185303 23.3999996185303 23.5 23.6000003814697 23.6000003814697 23.6000003814697 23.6000003814697 23.6000003814697 23.2999992370605 23.6000003814697 23.7999992370605 24 24.1000003814697 24.1000003814697 24 23.8999996185303 23.7999992370605 23.7000007629395
