data/layers/future_layer_can_585_60/bio6.asc
NCOLS 494 
NROWS 529 
XLLCORNER -117.166666666667 
YLLCORNER -55.5 
CELLSIZE 0.166666666666667 
NODATA_value -3.4e+38 
[rows 408 to 431 of 529, columns 275 to 329 of 494]
5.19999980926514 3.20000004768372 0.899999976158142 -1.70000004768372 -3.59999990463257 -4.90000009536743 -3.09999990463257 -6.5 -4.69999980926514 -1 0.300000011920929 0.400000005960464 0.100000001490116 0.100000001490116 -0.899999976158142 -1.5 -1.89999997615814 -0.899999976158142 0.899999976158142 1.79999995231628 2.20000004768372 2.59999990463257 2.59999990463257 2.59999990463257 2.5 2.29999995231628 2.20000004768372 2.09999990463257 2.09999990463257 2.09999990463257 2 1.89999997615814 2 2.09999990463257 2.40000009536743 2.5 2.59999990463257 2.79999995231628 2.90000009536743 3 3 3.29999995231628 3.5 3.59999990463257 3.70000004768372 3.70000004768372 3.70000004768372 3.79999995231628 3.79999995231628 3.79999995231628 3.79999995231628 3.79999995231628 4 4 4.09999990463257
4.69999980926514 1.60000002384186 -0.400000005960464 -4.09999990463257 -3.90000009536743 -5.30000019073486 -2.90000009536743 -4.09999990463257 -3.29999995231628 -1.29999995231628 -0.200000002980232 -0.100000001490116 0.100000001490116 0.300000011920929 -1.20000004768372 -2.5 -4.59999990463257 -4.5 -0.800000011920929 1.20000004768372 1.79999995231628 2.20000004768372 2.40000009536743 2.40000009536743 2.29999995231628 2.20000004768372 2.09999990463257 2 2.09999990463257 2 2 2 2.09999990463257 2.29999995231628 2.40000009536743 2.5 2.70000004768372 2.79999995231628 2.90000009536743 3 3.09999990463257 3.29999995231628 3.40000009536743 3.59999990463257 3.79999995231628 3.70000004768372 3.70000004768372 3.70000004768372 3.70000004768372 3.70000004768372 3.70000004768372 3.90000009536743 4.09999990463257 4 4.09999990463257
3.5 2.29999995231628 0.800000011920929 -1.29999995231628 -3.40000009536743 -4.80000019073486 -3.59999990463257 -1.79999995231628 -3.90000009536743 -2.29999995231628 -1.70000004768372 -0.699999988079071 -0.400000005960464 0.100000001490116 -1.70000004768372 -3 -3.90000009536743 -2.79999995231628 -0.5 0.600000023841858 1.20000004768372 1.70000004768372 2 2.20000004768372 2.20000004768372 2.20000004768372 2 2 2 2 2 2 2.20000004768372 2.5 2.59999990463257 2.59999990463257 2.79999995231628 2.90000009536743 2.90000009536743 3.09999990463257 3.20000004768372 3.29999995231628 3.40000009536743 3.59999990463257 3.70000004768372 3.79999995231628 3.59999990463257 3.70000004768372 3.70000004768372 3.79999995231628 3.79999995231628 3.90000009536743 4 4 4
2.29999995231628 0.300000011920929 -0.699999988079071 -2.40000009536743 -2.59999990463257 -4.90000009536743 -3.59999990463257 -2.90000009536743 -2.29999995231628 -0.400000005960464 -3.20000004768372 -2.59999990463257 -1 -0.699999988079071 -1.79999995231628 -3 -3.09999990463257 -1.89999997615814 -0.200000002980232 0.400000005960464 0.800000011920929 1.29999995231628 1.60000002384186 1.89999997615814 2 2 1.89999997615814 1.89999997615814 2 2 2 2.09999990463257 2.29999995231628 2.5 2.59999990463257 2.70000004768372 2.79999995231628 2.90000009536743 3 3.09999990463257 3.09999990463257 3.20000004768372 3.40000009536743 3.5 3.59999990463257 3.70000004768372 3.5 3.5 3.59999990463257 3.70000004768372 3.79999995231628 3.79999995231628 3.90000009536743 4.09999990463257 3.90000009536743
1.70000004768372 -1.79999995231628 -1 -3 -4.09999990463257 -4.5 -5.5 -3.29999995231628 -3.5 -0.300000011920929 -1.89999997615814 -3.59999990463257 -1.39999997615814 -1.29999995231628 -1.79999995231628 -2.5 -2.20000004768372 -0.800000011920929 -0.100000001490116 0.300000011920929 0.699999988079071 1 1.29999995231628 1.60000002384186 2 1.89999997615814 1.79999995231628 1.89999997615814 1.89999997615814 2 2.09999990463257 2.09999990463257 2.40000009536743 2.59999990463257 2.79999995231628 2.90000009536743 3 3.09999990463257 3.09999990463257 3.09999990463257 3.20000004768372 3.20000004768372 3.29999995231628 3.40000009536743 3.5 3.59999990463257 3.5 3.40000009536743 3.5 3.5 3.5 3.59999990463257 3.70000004768372 3.90000009536743 3.59999990463257
0.400000005960464 -2.20000004768372 -0.800000011920929 -3.20000004768372 -4.5 -3.90000009536743 -3.20000004768372 -5.90000009536743 -2.20000004768372 -0.600000023841858 -0.200000002980232 -2.20000004768372 -1.70000004768372 -2.09999990463257 -1.79999995231628 -1.70000004768372 -1 -0.5 -0.100000001490116 0.200000002980232 0.5 0.800000011920929 1.10000002384186 1.39999997615814 1.89999997615814 1.79999995231628 1.79999995231628 1.79999995231628 1.89999997615814 2 2 2.20000004768372 2.40000009536743 2.59999990463257 2.90000009536743 3.09999990463257 3.09999990463257 3.09999990463257 3.09999990463257 3.09999990463257 3.09999990463257 3.20000004768372 3.20000004768372 3.29999995231628 3.40000009536743 3.40000009536743 3.20000004768372 3.29999995231628 3.29999995231628 3.29999995231628 3.29999995231628 3.40000009536743 3.5 3.40000009536743 3.40000009536743
-0.200000002980232 -1.89999997615814 -1.89999997615814 -3.09999990463257 -3.90000009536743 -5.30000019073486 -2 -4.59999990463257 -4.40000009536743 -1.5 -0.400000005960464 -3.79999995231628 -6.5 -4.59999990463257 -1.79999995231628 -0.800000011920929 -0.600000023841858 -0.200000002980232 0 0.300000011920929 0.5 0.699999988079071 1 1.20000004768372 1.79999995231628 2 1.89999997615814 1.79999995231628 1.89999997615814 2 2.09999990463257 2.29999995231628 2.5 2.59999990463257 2.79999995231628 3 3 3.09999990463257 3.09999990463257 3.09999990463257 3.09999990463257 3.09999990463257 3.09999990463257 3.20000004768372 3.20000004768372 3.09999990463257 3.09999990463257 3.09999990463257 3.09999990463257 3.20000004768372 3.20000004768372 3.20000004768372 3.20000004768372 3.20000004768372 3.29999995231628
-0.5 -1.70000004768372 -2.40000009536743 -2.90000009536743 -3.70000004768372 -7.19999980926514 -4.90000009536743 -1.89999997615814 -2.79999995231628 0.5 -0.5 -2.59999990463257 -2.70000004768372 -1 -0.400000005960464 -0.400000005960464 -0.200000002980232 0.100000001490116 0.300000011920929 0.400000005960464 0.600000023841858 0.899999976158142 1.10000002384186 1.29999995231628 1.79999995231628 2.09999990463257 2 1.89999997615814 2 2.09999990463257 2.29999995231628 2.40000009536743 2.40000009536743 2.5 2.70000004768372 2.79999995231628 2.90000009536743 3 3 3 3.09999990463257 3.09999990463257 3.09999990463257 3 3 3.09999990463257 3 2.90000009536743 3 3 3.09999990463257 3.09999990463257 3.09999990463257 3 3.09999990463257
0.200000002980232 -2.29999995231628 -2.5 -0.600000023841858 -3 -5.5 -5.5 -1.89999997615814 0.699999988079071 1.10000002384186 -0.899999976158142 -2.20000004768372 -1.89999997615814 -0.600000023841858 -0.200000002980232 -0.300000011920929 -0.200000002980232 0 0.300000011920929 0.5 0.699999988079071 0.899999976158142 1.20000004768372 1.39999997615814 1.70000004768372 2 2.09999990463257 2 2.09999990463257 2.20000004768372 2.29999995231628 2.29999995231628 2.40000009536743 2.40000009536743 2.59999990463257 2.5 2.59999990463257 2.59999990463257 2.70000004768372 2.79999995231628 3 3.09999990463257 3 3 2.90000009536743 2.90000009536743 2.79999995231628 2.90000009536743 2.79999995231628 2.90000009536743 2.90000009536743 2.90000009536743 3 3 3
-2.70000004768372 -2.29999995231628 -1 -0.300000011920929 -2.70000004768372 -2.20000004768372 -4.5 -4 -0.5 0.600000023841858 -0.5 0.300000011920929 -0.200000002980232 -0.5 -0.600000023841858 -0.400000005960464 -0.200000002980232 0 0.300000011920929 0.600000023841858 0.800000011920929 1 1.29999995231628 1.5 1.89999997615814 2 2.20000004768372 2.09999990463257 2.09999990463257 2.20000004768372 2.29999995231628 2.40000009536743 2.40000009536743 2.5 2.5 2.29999995231628 2.29999995231628 2.40000009536743 2.59999990463257 2.70000004768372 2.79999995231628 3 3 3 2.90000009536743 2.79999995231628 2.70000004768372 2.70000004768372 2.70000004768372 2.70000004768372 2.79999995231628 2.90000009536743 3.09999990463257 3.29999995231628 3.29999995231628
-2.09999990463257 -3.5 -2.70000004768372 0.200000002980232 -2.29999995231628 0.100000001490116 -2 -5 -0.899999976158142 1.60000002384186 1.5 1.60000002384186 1.60000002384186 0.699999988079071 -0.800000011920929 -0.100000001490116 0.200000002980232 0.400000005960464 0.600000023841858 0.800000011920929 1.10000002384186 1.10000002384186 1.29999995231628 1.60000002384186 1.89999997615814 2.09999990463257 2.09999990463257 2.20000004768372 2.09999990463257 2.20000004768372 2.29999995231628 2.40000009536743 2.40000009536743 2.40000009536743 2.40000009536743 2.5 2.40000009536743 2.5 2.59999990463257 2.70000004768372 2.70000004768372 2.59999990463257 2.70000004768372 2.79999995231628 2.70000004768372 2.70000004768372 2.59999990463257 2.59999990463257 2.70000004768372 2.70000004768372 3.20000004768372 3.09999990463257 3.09999990463257 3 2.79999995231628
-1.5 -2.90000009536743 -2 0.899999976158142 -1.10000002384186 1.20000004768372 0.5 -3.79999995231628 -1.20000004768372 1.10000002384186 1.70000004768372 1.10000002384186 1.39999997615814 1.89999997615814 1.20000004768372 1 0.5 0.5 0.800000011920929 1.10000002384186 1.20000004768372 1.29999995231628 1.5 1.70000004768372 2.09999990463257 2.09999990463257 2.09999990463257 2.20000004768372 2.09999990463257 2.20000004768372 2.29999995231628 2.40000009536743 2.5 2.5 2.40000009536743 2.40000009536743 2.29999995231628 2.29999995231628 2.40000009536743 2.5 2.5 2.59999990463257 2.70000004768372 2.70000004768372 2.70000004768372 2.70000004768372 2.79999995231628 2.59999990463257 2.70000004768372 2.79999995231628 2.59999990463257 2.59999990463257 2.59999990463257 2.59999990463257 2.5
-1.5 -2.40000009536743 -1.89999997615814 0.400000005960464 0.699999988079071 1.29999995231628 1.89999997615814 1 0.5 0 0.5 1 1.10000002384186 1.39999997615814 1.70000004768372 1.5 1.39999997615814 1.20000004768372 1 1.29999995231628 1.5 1.60000002384186 1.70000004768372 1.60000002384186 2 2.70000004768372 2.40000009536743 2.09999990463257 2.09999990463257 2.20000004768372 2.29999995231628 2.29999995231628 2.40000009536743 2.5 2.5 2.5 2.40000009536743 2.40000009536743 2.40000009536743 2.40000009536743 2.59999990463257 2.59999990463257 2.5 2.40000009536743 2.40000009536743 2.5 2.59999990463257 2.5 2.5 2.5 2.40000009536743 2.40000009536743 2.29999995231628 2.29999995231628 2.29999995231628
-2.20000004768372 -2.40000009536743 -1.10000002384186 -1 -0.600000023841858 -0.400000005960464 1 1.79999995231628 1.60000002384186 0.300000011920929 1.60000002384186 1.79999995231628 0.899999976158142 0.5 0.100000001490116 0.600000023841858 1.29999995231628 1.60000002384186 1.70000004768372 1.70000004768372 1.70000004768372 1.70000004768372 2.09999990463257 1.79999995231628 1.79999995231628 2 2 1.89999997615814 2 2.20000004768372 2.29999995231628 2.29999995231628 2.29999995231628 2.5 2.59999990463257 2.5 2.40000009536743 2.29999995231628 2.20000004768372 2.29999995231628 2.40000009536743 2.5 2.5 2.5 2.5 2.40000009536743 2.40000009536743 2.40000009536743 2.40000009536743 2.40000009536743 2.40000009536743 2.29999995231628 2.09999990463257 2.09999990463257 2
-0.899999976158142 -2 -1.89999997615814 -0.100000001490116 0.200000002980232 -0.400000005960464 0.800000011920929 1.79999995231628 2 0.600000023841858 1.39999997615814 2.40000009536743 1.60000002384186 0.400000005960464 -1.60000002384186 0 1.10000002384186 1.60000002384186 1.60000002384186 1.60000002384186 1.70000004768372 1.89999997615814 1.70000004768372 1.70000004768372 1.60000002384186 1.70000004768372 1.79999995231628 1.79999995231628 2 2.20000004768372 2.29999995231628 2.40000009536743 2.40000009536743 2.40000009536743 2.5 2.5 2.5 2.40000009536743 2.40000009536743 2.5 2.5 2.5 2.5 2.59999990463257 2.5 2.59999990463257 2.59999990463257 2.40000009536743 2.40000009536743 2.40000009536743 2.29999995231628 2.29999995231628 2.20000004768372 2.09999990463257 1.79999995231628
-1.5 -2.59999990463257 -2 0.5 0.800000011920929 -0.100000001490116 0.400000005960464 0.899999976158142 2.09999990463257 1.39999997615814 0.300000011920929 2.20000004768372 2.90000009536743 2.70000004768372 2.29999995231628 1.70000004768372 2 1.70000004768372 1.79999995231628 2 2 1.89999997615814 1.79999995231628 1.70000004768372 1.79999995231628 1.79999995231628 1.89999997615814 1.89999997615814 2 2.09999990463257 2.20000004768372 2.29999995231628 2.59999990463257 2.5 2.40000009536743 2.5 2.5 2.5 2.5 2.70000004768372 2.59999990463257 2.70000004768372 2.70000004768372 2.59999990463257 2.5 2.59999990463257 2.5 2.40000009536743 2.40000009536743 2.40000009536743 2.40000009536743 2.40000009536743 2.5 2.29999995231628 2.09999990463257
-0.300000011920929 -2.29999995231628 -2.29999995231628 0.699999988079071 1.10000002384186 0.200000002980232 1.20000004768372 1.5 1.79999995231628 2.09999990463257 0.200000002980232 1.10000002384186 2.59999990463257 3.20000004768372 3.09999990463257 2.79999995231628 2.29999995231628 1.60000002384186 1.60000002384186 1.79999995231628 2 2 2 2 2.09999990463257 2 2 2 2.09999990463257 2.09999990463257 2.20000004768372 2.40000009536743 2.70000004768372 2.5 2.29999995231628 2.29999995231628 2.40000009536743 2.29999995231628 2.40000009536743 2.70000004768372 2.90000009536743 3 3.09999990463257 3.09999990463257 3 2.79999995231628 2.70000004768372 2.70000004768372 2.5 2.5 2.5 2.59999990463257 2.59999990463257 2.59999990463257 2.5
0.100000001490116 -1.89999997615814 -2.59999990463257 0.100000001490116 1.29999995231628 0.100000001490116 0.600000023841858 1.60000002384186 2.09999990463257 2.29999995231628 0.699999988079071 0.800000011920929 2.29999995231628 2.90000009536743 2.59999990463257 2.29999995231628 1.89999997615814 1 0.899999976158142 1 1.39999997615814 2 2.5 2.29999995231628 2.5 2.29999995231628 2.09999990463257 2.09999990463257 2.09999990463257 2.29999995231628 2.40000009536743 3 2.5 2.5 2.40000009536743 2.29999995231628 2.20000004768372 2.40000009536743 2.40000009536743 2.59999990463257 2.70000004768372 2.79999995231628 3.09999990463257 3.20000004768372 3.20000004768372 3.5 3.20000004768372 3 2.79999995231628 2.70000004768372 2.70000004768372 2.79999995231628 2.79999995231628 2.70000004768372 2.70000004768372
1 -1.79999995231628 -2.59999990463257 0.200000002980232 1.70000004768372 1.39999997615814 1.10000002384186 1.89999997615814 2 2.09999990463257 2.09999990463257 1.70000004768372 2.29999995231628 2.29999995231628 2.29999995231628 2.40000009536743 2 1.60000002384186 1.39999997615814 1.39999997615814 1.29999995231628 1.5 1.60000002384186 1.70000004768372 2 2.20000004768372 2.29999995231628 2.29999995231628 2.29999995231628 2.29999995231628 2.40000009536743 2.40000009536743 2.59999990463257 2.59999990463257 2.5 2.5 2.59999990463257 2.70000004768372 2.5 2.5 2.70000004768372 2.90000009536743 3.20000004768372 3.5 3.59999990463257 3.40000009536743 3.29999995231628 3.29999995231628 3.29999995231628 3.09999990463257 3.09999990463257 3 3 3 3.09999990463257
-0.100000001490116 -0.200000002980232 -2.5 -0.800000011920929 1.29999995231628 1.70000004768372 1.39999997615814 1.20000004768372 1.79999995231628 2.09999990463257 1.89999997615814 2.09999990463257 2.09999990463257 2.09999990463257 2.79999995231628 2.79999995231628 2.79999995231628 2.29999995231628 1.89999997615814 1.89999997615814 1.79999995231628 1.70000004768372 1.70000004768372 1.70000004768372 1.70000004768372 2 2.29999995231628 2.5 2.5 2.40000009536743 2.5 2.5 2.70000004768372 2.70000004768372 2.70000004768372 2.79999995231628 2.90000009536743 2.79999995231628 2.70000004768372 2.70000004768372 2.90000009536743 3.20000004768372 3.59999990463257 3.59999990463257 3.5 3.5 3.5 3.5 3.29999995231628 3.70000004768372 3.40000009536743 3.29999995231628 3.29999995231628 3.5 3.5
-0.200000002980232 -0.699999988079071 -2.09999990463257 -3 -1.29999995231628 0.400000005960464 0.899999976158142 1.39999997615814 1.39999997615814 1.70000004768372 1.70000004768372 1.70000004768372 1.89999997615814 1.79999995231628 1.60000002384186 1.29999995231628 1.79999995231628 1.79999995231628 1.79999995231628 2.20000004768372 2.09999990463257 1.60000002384186 1.79999995231628 1.89999997615814 1.79999995231628 2 2.29999995231628 2.5 2.59999990463257 2.70000004768372 2.70000004768372 2.70000004768372 2.79999995231628 2.70000004768372 2.70000004768372 2.79999995231628 2.90000009536743 2.90000009536743 2.90000009536743 3 3 3.20000004768372 3.5 3.5 3.5 3.29999995231628 3.20000004768372 3.29999995231628 3.29999995231628 3.40000009536743 3.70000004768372 3.5 3.59999990463257 4 4.09999990463257
-0.600000023841858 -0.300000011920929 -1.20000004768372 -2.29999995231628 -2.09999990463257 -0.100000001490116 0.200000002980232 0.600000023841858 1 1.29999995231628 1.20000004768372 1.5 2 1.89999997615814 1.70000004768372 1.79999995231628 1.60000002384186 1.89999997615814 2 2.20000004768372 2 1.89999997615814 1.79999995231628 1.89999997615814 2 2.09999990463257 2.29999995231628 2.5 2.59999990463257 2.59999990463257 2.70000004768372 2.70000004768372 2.79999995231628 2.79999995231628 2.79999995231628 2.79999995231628 2.79999995231628 2.79999995231628 2.90000009536743 3 3 3.09999990463257 3.20000004768372 3.40000009536743 3.29999995231628 3.29999995231628 3.29999995231628 3.20000004768372 3.09999990463257 3.20000004768372 3.20000004768372 3.40000009536743 3.40000009536743 3.59999990463257 -3.4e+38
-1.10000002384186 -0.400000005960464 0 -2.59999990463257 -3 -0.600000023841858 -0.200000002980232 0.300000011920929 0.5 0.400000005960464 1.10000002384186 1.20000004768372 1.79999995231628 1.79999995231628 1.89999997615814 1.89999997615814 2.20000004768372 1.79999995231628 1.70000004768372 1.60000002384186 1.79999995231628 2.09999990463257 2.29999995231628 2.29999995231628 2.40000009536743 2.5 2.70000004768372 3 3 3 3 2.90000009536743 2.90000009536743 2.90000009536743 2.79999995231628 2.79999995231628 2.79999995231628 2.79999995231628 2.79999995231628 2.79999995231628 2.90000009536743 3 3.20000004768372 3.29999995231628 3.40000009536743 3.5 3.5 3.40000009536743 3.29999995231628 3.20000004768372 3.29999995231628 3.29999995231628 3.29999995231628 3.40000009536743 -3.4e+38
-1.79999995231628 -1.79999995231628 0.300000011920929 -2 -1.20000004768372 -0.699999988079071 0.5 1.20000004768372 1 1.60000002384186 1.70000004768372 1.5 1.39999997615814 1.39999997615814 1.70000004768372 2.20000004768372 1.60000002384186 1.10000002384186 0.800000011920929 1 1.39999997615814 1.89999997615814 1.89999997615814 1.89999997615814 2 2.29999995231628 2.59999990463257 2.79999995231628 2.79999995231628 2.90000009536743 3 3.09999990463257 3.29999995231628 3.20000004768372 2.90000009536743 2.79999995231628 2.79999995231628 2.79999995231628 2.79999995231628 2.79999995231628 2.90000009536743 3 3.09999990463257 3.20000004768372 3.20000004768372 3.20000004768372 3.20000004768372 3.20000004768372 3.20000004768372 3.20000004768372 3.20000004768372 3.20000004768372 3.29999995231628 3.29999995231628 -3.4e+38
