data/layers/future_layer_can_585_60/bio8.asc
NCOLS 494 
NROWS 529 
XLLCORNER -117.166666666667 
YLLCORNER -55.5 
CELLSIZE 0.166666666666667 
NODATA_value -3.4e+38 
[rows 240 to 263 of 529, columns 275 to 329 of 494]
28.5 28.7000007629395 28.5 28.3999996185303 28.5 28.6000003814697 28.6000003814697 28.7999992370605 28.7999992370605 28.7000007629395 28.7999992370605 28.7000007629395 28.7000007629395 28.7000007629395 28.7000007629395 28.7000007629395 28.7999992370605 28.7999992370605 28.7999992370605 28.8999996185303 28.8999996185303 28.8999996185303 28.8999996185303 29 29 29.1000003814697 29.1000003814697 29.2000007629395 29.2000007629395 29.3999996185303 29.3999996185303 29.3999996185303 29.5 29.6000003814697 29.6000003814697 29.6000003814697 29.7999992370605 29.7000007629395 29.8999996185303 29.7000007629395 29.7000007629395 29.6000003814697 29.6000003814697 29.6000003814697 29.6000003814697 29.5 29.5 29.5 29.5 29.6000003814697 29.6000003814697 29.5 29.6000003814697 29.6000003814697 29.7000007629395
28.7000007629395 28.5 28.3999996185303 28.3999996185303 28.6000003814697 28.6000003814697 28.7000007629395 28.7000007629395 28.6000003814697 28.7000007629395 28.7000007629395 28.7000007629395 28.7000007629395 28.7000007629395 28.6000003814697 28.7000007629395 28.7000007629395 28.7000007629395 28.7000007629395 28.7999992370605 28.7999992370605 28.8999996185303 28.8999996185303 29.1000003814697 29 29 29.1000003814697 29.2000007629395 29.3999996185303 29.3999996185303 29.6000003814697 29.5 29.3999996185303 29.5 29.6000003814697 29.7000007629395 29.7000007629395 29.7000007629395 29.7000007629395 29.6000003814697 29.6000003814697 29.6000003814697 29.6000003814697 29.6000003814697 29.6000003814697 29.6000003814697 29.5 29.5 29.3999996185303 29.5 29.3999996185303 29.3999996185303 29.3999996185303 29.3999996185303 29.6000003814697
28.5 28.5 28.5 28.5 28.6000003814697 28.5 28.6000003814697 28.7000007629395 28.6000003814697 28.7000007629395 28.6000003814697 28.7000007629395 28.6000003814697 28.7000007629395 28.7000007629395 28.6000003814697 28.6000003814697 28.6000003814697 28.6000003814697 28.7000007629395 28.7999992370605 28.7999992370605 28.8999996185303 28.8999996185303 29.1000003814697 29.2000007629395 29.2999992370605 29.2999992370605 29.2999992370605 29.2999992370605 29.5 29.5 29.6000003814697 29.6000003814697 29.6000003814697 29.6000003814697 29.6000003814697 29.7000007629395 29.6000003814697 29.6000003814697 29.6000003814697 29.6000003814697 29.6000003814697 29.3999996185303 29.5 29.5 29.3999996185303 29.2999992370605 29.2999992370605 29.5 29.3999996185303 29.2999992370605 29.3999996185303 29.3999996185303 29.3999996185303
28.3999996185303 28.3999996185303 28.5 28.5 28.6000003814697 28.5 28.6000003814697 28.7000007629395 28.6000003814697 28.5 28.6000003814697 28.6000003814697 28.7000007629395 28.6000003814697 28.6000003814697 28.5 28.6000003814697 28.6000003814697 28.7000007629395 28.7000007629395 28.7000007629395 28.7999992370605 29 29 29.1000003814697 29.2000007629395 29.2000007629395 29.2000007629395 29.2000007629395 29.2999992370605 29.2999992370605 29.3999996185303 29.5 29.5 29.6000003814697 29.6000003814697 29.6000003814697 29.6000003814697 29.6000003814697 29.6000003814697 29.6000003814697 29.6000003814697 29.5 29.3999996185303 29.5 29.5 29.3999996185303 29.2999992370605 29.3999996185303 29.3999996185303 29.3999996185303 29.2000007629395 29.2999992370605 29.2999992370605 29.3999996185303
28.5 28.5 28.5 28.6000003814697 28.5 28.6000003814697 28.7000007629395 28.6000003814697 28.7000007629395 28.5 28.6000003814697 28.6000003814697 28.6000003814697 28.6000003814697 28.7000007629395 28.5 28.7000007629395 28.7000007629395 28.7999992370605 28.7000007629395 28.7000007629395 28.8999996185303 28.7999992370605 29 29.1000003814697 29.1000003814697 29.2000007629395 29.2000007629395 29.2000007629395 29.2999992370605 29.2999992370605 29.5 29.5 29.5 29.5 29.6000003814697 29.6000003814697 29.6000003814697 29.6000003814697 29.6000003814697 29.6000003814697 29.5 29.5 29.3999996185303 29.3999996185303 29.5 29.2999992370605 29.2999992370605 29.2000007629395 29.2999992370605 29.3999996185303 29.2000007629395 29.2000007629395 29.2000007629395 29.2999992370605
28.5 28.5 28.5 28.6000003814697 28.6000003814697 28.7000007629395 28.6000003814697 28.6000003814697 28.6000003814697 28.6000003814697 28.6000003814697 28.6000003814697 28.6000003814697 28.6000003814697 28.6000003814697 28.5 28.6000003814697 28.7000007629395 28.7000007629395 28.7999992370605 28.7999992370605 28.7000007629395 28.7999992370605 29 29.1000003814697 29.1000003814697 29.2000007629395 29.2000007629395 29.2000007629395 29.2999992370605 29.2999992370605 29.3999996185303 29.5 29.5 29.6000003814697 29.6000003814697 29.6000003814697 29.6000003814697 29.5 29.6000003814697 29.6000003814697 29.5 29.5 29.3999996185303 29.2999992370605 29.2999992370605 29.2000007629395 29.2999992370605 29.2000007629395 29.2000007629395 29.2000007629395 29.2000007629395 29.2000007629395 29.2000007629395 29.2000007629395
28.6000003814697 28.5 28.5 28.6000003814697 28.6000003814697 28.6000003814697 28.5 28.6000003814697 28.7000007629395 28.6000003814697 28.6000003814697 28.6000003814697 28.5 28.5 28.6000003814697 28.6000003814697 28.6000003814697 28.6000003814697 28.7000007629395 28.7000007629395 28.7999992370605 28.8999996185303 28.8999996185303 29.1000003814697 29.1000003814697 29.1000003814697 29.1000003814697 29.2000007629395 29.2999992370605 29.2999992370605 29.2999992370605 29.2999992370605 29.5 29.6000003814697 29.6000003814697 29.5 29.6000003814697 29.5 29.5 29.5 29.5 29.5 29.3999996185303 29.2999992370605 29.2999992370605 29.2999992370605 29.3999996185303 29.2999992370605 29.1000003814697 29.1000003814697 29.1000003814697 29 29 29.1000003814697 29.1000003814697
28.3999996185303 28.5 28.6000003814697 28.6000003814697 28.7000007629395 28.6000003814697 28.5 28.6000003814697 28.7000007629395 28.6000003814697 28.6000003814697 28.5 28.5 28.5 28.5 28.5 28.7000007629395 28.6000003814697 28.7000007629395 28.7999992370605 28.7999992370605 28.8999996185303 29 29.1000003814697 29.1000003814697 29.1000003814697 29.2000007629395 29.2999992370605 29.2999992370605 29.2999992370605 29.3999996185303 29.5 29.5 29.6000003814697 29.5 29.6000003814697 29.6000003814697 29.6000003814697 29.5 29.5 29.5 29.5 29.3999996185303 29.3999996185303 29.2999992370605 29.2999992370605 29.2000007629395 29.1000003814697 29.1000003814697 29 29 29 29 29 29.1000003814697
28.6000003814697 28.6000003814697 28.6000003814697 28.7000007629395 28.6000003814697 28.6000003814697 28.7000007629395 28.6000003814697 28.6000003814697 28.6000003814697 28.6000003814697 28.6000003814697 28.6000003814697 28.7000007629395 28.7000007629395 28.6000003814697 28.6000003814697 28.7000007629395 28.6000003814697 28.7000007629395 28.7000007629395 28.7999992370605 29 29.1000003814697 29.2000007629395 29.2000007629395 29.2999992370605 29.2999992370605 29.2999992370605 29.2999992370605 29.5 29.5 29.6000003814697 29.6000003814697 29.5 29.5 29.6000003814697 29.6000003814697 29.5 29.5 29.5 29.3999996185303 29.2999992370605 29.3999996185303 29.3999996185303 29.3999996185303 29.2000007629395 29.1000003814697 29 28.8999996185303 29 28.8999996185303 28.8999996185303 28.8999996185303 29
28.7000007629395 28.6000003814697 28.7000007629395 28.6000003814697 28.7999992370605 28.7000007629395 28.6000003814697 28.6000003814697 28.5 28.6000003814697 28.6000003814697 28.7000007629395 28.7000007629395 28.6000003814697 28.6000003814697 28.7999992370605 28.7000007629395 28.6000003814697 28.6000003814697 28.7000007629395 28.8999996185303 29 29 29.1000003814697 29.2000007629395 29.2000007629395 29.2000007629395 29.2999992370605 29.2999992370605 29.2999992370605 29.5 29.5 29.6000003814697 29.5 29.5 29.6000003814697 29.6000003814697 29.7000007629395 29.5 29.5 29.5 29.5 29.3999996185303 29.2999992370605 29.3999996185303 29.2000007629395 29.1000003814697 29.1000003814697 29 28.8999996185303 28.8999996185303 28.8999996185303 28.8999996185303 28.8999996185303 28.8999996185303
28.6000003814697 28.6000003814697 28.7999992370605 28.7999992370605 28.7999992370605 28.7000007629395 28.7000007629395 28.7999992370605 28.7999992370605 28.7000007629395 28.7999992370605 28.7000007629395 28.6000003814697 28.7000007629395 28.7999992370605 28.7999992370605 28.8999996185303 28.7999992370605 28.7999992370605 29 28.8999996185303 28.8999996185303 28.8999996185303 29.1000003814697 29.1000003814697 29.2000007629395 29.2000007629395 29.2999992370605 29.2999992370605 29.3999996185303 29.2999992370605 29.3999996185303 29.3999996185303 29.5 29.5 29.5 29.5 29.5 29.2999992370605 29.5 29.5 29.5 29.3999996185303 29.2999992370605 29.2000007629395 29.2000007629395 29.1000003814697 29 29.1000003814697 28.8999996185303 28.8999996185303 28.7999992370605 28.7999992370605 28.7999992370605 28.7000007629395
28.7000007629395 28.7999992370605 28.7999992370605 28.7999992370605 28.7999992370605 28.7999992370605 28.8999996185303 28.7999992370605 28.7999992370605 28.7000007629395 28.7000007629395 28.7000007629395 28.7999992370605 28.7000007629395 28.7000007629395 28.7999992370605 28.7000007629395 28.7000007629395 28.7000007629395 28.7999992370605 28.7999992370605 28.8999996185303 28.8999996185303 29.1000003814697 29.2000007629395 29.2000007629395 29.2000007629395 29.2999992370605 29.3999996185303 29.3999996185303 29.5 29.2999992370605 29.3999996185303 29.6000003814697 29.5 29.3999996185303 29.2000007629395 29.3999996185303 29.2999992370605 29.5 29.6000003814697 29.5 29.2999992370605 29.1000003814697 29.1000003814697 29.1000003814697 29.1000003814697 29 29 28.8999996185303 28.7999992370605 28.7999992370605 28.7999992370605 28.6000003814697 28.5
28.8999996185303 28.8999996185303 28.7999992370605 28.7999992370605 28.8999996185303 28.8999996185303 28.7999992370605 28.8999996185303 28.7999992370605 28.7000007629395 28.7999992370605 28.7999992370605 28.7999992370605 28.7000007629395 28.7999992370605 28.7999992370605 28.6000003814697 28.7999992370605 28.7999992370605 28.7999992370605 28.8999996185303 29 29.1000003814697 29.1000003814697 29.1000003814697 29.2000007629395 29.2000007629395 29.3999996185303 29.5 29.3999996185303 29.3999996185303 29.3999996185303 29.3999996185303 29.6000003814697 29.6000003814697 29.5 29.5 29.5 29.6000003814697 29.6000003814697 29.5 29.5 29.2000007629395 29.1000003814697 29.1000003814697 29.1000003814697 29 29 28.8999996185303 28.8999996185303 28.7000007629395 28.7000007629395 28.7000007629395 28.5 28.5
28.8999996185303 28.8999996185303 28.8999996185303 28.8999996185303 29 28.8999996185303 28.8999996185303 28.8999996185303 28.7999992370605 28.8999996185303 28.7999992370605 28.7999992370605 28.7999992370605 28.7999992370605 28.8999996185303 28.7999992370605 28.7000007629395 28.8999996185303 28.8999996185303 28.8999996185303 28.8999996185303 29.1000003814697 29.1000003814697 29.1000003814697 29.2000007629395 29.3999996185303 29.3999996185303 29.5 29.5 29.5 29.6000003814697 29.6000003814697 29.6000003814697 29.6000003814697 29.6000003814697 29.7999992370605 29.7999992370605 29.6000003814697 29.6000003814697 29.5 29.3999996185303 29.3999996185303 29.2999992370605 29.2000007629395 29 29 29 28.8999996185303 28.8999996185303 28.8999996185303 28.7999992370605 28.7000007629395 28.5 28.3999996185303 28.3999996185303
28.8999996185303 28.8999996185303 28.8999996185303 29 28.8999996185303 28.8999996185303 29 29 28.8999996185303 28.8999996185303 28.7999992370605 28.7999992370605 28.8999996185303 28.8999996185303 28.8999996185303 28.7999992370605 28.7000007629395 28.7999992370605 28.8999996185303 29 29 29.1000003814697 29.2000007629395 29.2000007629395 29.3999996185303 29.3999996185303 29.5 29.6000003814697 29.6000003814697 29.6000003814697 29.7999992370605 29.7999992370605 29.8999996185303 29.7999992370605 29.7999992370605 29.7999992370605 29.8999996185303 29.7999992370605 29.6000003814697 29.5 29.3999996185303 29.2999992370605 29.2999992370605 29.1000003814697 29 28.8999996185303 29 28.8999996185303 28.8999996185303 28.7999992370605 28.7000007629395 28.6000003814697 28.3999996185303 28.3999996185303 28.3999996185303
28.7999992370605 28.8999996185303 29 28.8999996185303 28.8999996185303 28.8999996185303 28.8999996185303 28.8999996185303 28.8999996185303 28.8999996185303 28.8999996185303 28.8999996185303 29 28.7999992370605 28.8999996185303 28.7999992370605 28.8999996185303 28.8999996185303 29 29 29.1000003814697 29.2999992370605 29.2999992370605 29.2999992370605 29.2999992370605 29.5 29.5 29.6000003814697 29.7999992370605 29.7999992370605 29.7999992370605 29.7999992370605 29.8999996185303 29.8999996185303 29.8999996185303 29.8999996185303 29.8999996185303 29.7999992370605 29.6000003814697 29.5 29.2999992370605 29.2000007629395 29.2999992370605 29.2000007629395 29.1000003814697 28.8999996185303 28.8999996185303 28.7000007629395 28.7999992370605 28.8999996185303 28.7000007629395 28.3999996185303 28.3999996185303 28.3999996185303 28.3999996185303
28.8999996185303 28.8999996185303 28.8999996185303 28.8999996185303 28.8999996185303 28.8999996185303 28.8999996185303 28.8999996185303 28.7999992370605 28.8999996185303 28.8999996185303 28.8999996185303 28.8999996185303 28.8999996185303 28.8999996185303 28.8999996185303 29 29 29 29.2000007629395 29.2999992370605 29.2999992370605 29.2999992370605 29.3999996185303 29.3999996185303 29.5 29.6000003814697 29.6000003814697 29.7000007629395 29.7999992370605 29.7999992370605 29.7999992370605 29.8999996185303 29.8999996185303 29.8999996185303 29.8999996185303 30 29.7999992370605 29.7000007629395 29.5 29.2999992370605 29.2999992370605 29.3999996185303 29.2000007629395 29.1000003814697 29.1000003814697 28.7999992370605 28.7000007629395 28.7999992370605 28.7999992370605 28.7000007629395 28.3999996185303 28.2999992370605 28.2999992370605 28.2999992370605
28.8999996185303 28.8999996185303 28.7999992370605 28.7999992370605 28.8999996185303 28.8999996185303 28.8999996185303 28.8999996185303 28.8999996185303 28.8999996185303 28.8999996185303 28.8999996185303 28.8999996185303 28.7999992370605 28.7999992370605 28.8999996185303 28.8999996185303 29 29 29.1000003814697 29.2000007629395 29.2000007629395 29.2999992370605 29.3999996185303 29.6000003814697 29.6000003814697 29.6000003814697 29.7000007629395 29.7999992370605 29.8999996185303 29.8999996185303 30 30 30 29.8999996185303 29.8999996185303 30 29.7999992370605 29.7999992370605 29.5 29.3999996185303 29.3999996185303 29.3999996185303 29.1000003814697 29 29.1000003814697 28.7999992370605 28.6000003814697 28.7999992370605 28.6000003814697 28.6000003814697 28.3999996185303 28.2999992370605 28.3999996185303 28.3999996185303
28.8999996185303 28.7999992370605 28.7999992370605 28.8999996185303 28.8999996185303 28.7999992370605 28.7999992370605 28.7999992370605 28.7999992370605 28.8999996185303 28.8999996185303 28.7999992370605 28.7000007629395 28.7000007629395 28.7999992370605 28.7999992370605 29 28.8999996185303 29 29.1000003814697 29.2000007629395 29.2000007629395 29.2999992370605 29.5 29.6000003814697 29.6000003814697 29.6000003814697 29.7999992370605 29.8999996185303 29.8999996185303 29.8999996185303 30 30.2000007629395 30.1000003814697 30.1000003814697 30.2000007629395 30.1000003814697 29.8999996185303 29.7999992370605 29.6000003814697 29.5 29.2999992370605 29.2000007629395 29.1000003814697 28.8999996185303 29 28.7999992370605 28.6000003814697 28.6000003814697 28.3999996185303 28.3999996185303 28.2000007629395 28.2999992370605 28.3999996185303 28.2000007629395
28.7999992370605 28.7000007629395 28.7999992370605 28.7999992370605 28.7999992370605 28.7999992370605 28.7999992370605 28.7999992370605 28.7999992370605 28.7999992370605 28.7000007629395 28.7000007629395 28.8999996185303 29 29 29.1000003814697 29.1000003814697 29.2000007629395 29.2000007629395 29.2999992370605 29.2999992370605 29.2999992370605 29.2999992370605 29.5 29.6000003814697 29.6000003814697 29.7999992370605 29.7999992370605 29.8999996185303 29.8999996185303 30 30.2000007629395 30.2000007629395 30.2000007629395 30.2000007629395 30.2000007629395 30.2000007629395 30 29.7999992370605 29.3999996185303 29.2000007629395 28.7999992370605 28.7999992370605 28.6000003814697 28.7999992370605 28.7999992370605 28.3999996185303 28.3999996185303 28.5 28.3999996185303 28.2000007629395 28.2999992370605 28.3999996185303 28.1000003814697 28.1000003814697
28.5 28.5 28.6000003814697 28.7999992370605 28.7999992370605 28.7999992370605 28.7999992370605 28.7000007629395 28.7000007629395 28.6000003814697 28.6000003814697 28.7000007629395 28.8999996185303 29 29.1000003814697 29.1000003814697 29.2000007629395 29.2999992370605 29.2999992370605 29.2000007629395 29.2999992370605 29.3999996185303 29.3999996185303 29.5 29.6000003814697 29.6000003814697 29.7999992370605 29.8999996185303 30 30.2000007629395 30.2000007629395 30.2999992370605 30.3999996185303 30.2999992370605 30.3999996185303 30.2999992370605 30.2999992370605 29.8999996185303 29.8999996185303 29.7999992370605 29.7000007629395 29.2999992370605 28.7000007629395 28.2999992370605 28.2999992370605 28 27.7000007629395 28.1000003814697 28.3999996185303 28.1000003814697 28.2000007629395 28.2999992370605 28.1000003814697 27.8999996185303 28
28.3999996185303 28.3999996185303 28.6000003814697 28.6000003814697 28.6000003814697 28.6000003814697 28.6000003814697 28.6000003814697 28.7000007629395 28.7000007629395 28.7000007629395 28.7999992370605 29 29.1000003814697 29.2000007629395 29.2999992370605 29.2999992370605 29.2000007629395 29.2000007629395 29.2999992370605 29.3999996185303 29.3999996185303 29.3999996185303 29.6000003814697 29.6000003814697 29.7999992370605 30 30.1000003814697 30.1000003814697 30.2999992370605 30.3999996185303 30.5 30.3999996185303 30.2999992370605 30.3999996185303 30.3999996185303 30.3999996185303 30.1000003814697 29.7999992370605 29.6000003814697 29.6000003814697 29.5 29.1000003814697 28.7000007629395 28.1000003814697 27.3999996185303 26.7000007629395 28.2000007629395 28.3999996185303 28 28.2000007629395 28.1000003814697 28 27.7000007629395 28.1000003814697
28.3999996185303 28.3999996185303 28.5 28.5 28.6000003814697 28.6000003814697 28.7000007629395 28.7000007629395 28.6000003814697 28.7000007629395 28.7999992370605 28.7999992370605 28.8999996185303 29 29.2000007629395 29.2999992370605 29.2000007629395 29.2000007629395 29.2999992370605 29.2999992370605 29.3999996185303 29.3999996185303 29.6000003814697 29.7000007629395 29.7999992370605 29.7999992370605 30 30.1000003814697 30.2000007629395 30.2999992370605 30.3999996185303 30.5 30.3999996185303 30.5 30.3999996185303 30.3999996185303 30.3999996185303 30.2000007629395 30 29.7999992370605 29.6000003814697 29.6000003814697 29.2999992370605 29.2999992370605 29 28.2000007629395 28.1000003814697 28.2000007629395 28.2000007629395 27.8999996185303 28 28.1000003814697 28 28.1000003814697 28.1000003814697
28.6000003814697 28.6000003814697 28.6000003814697 28.5 28.6000003814697 28.6000003814697 28.7000007629395 28.7000007629395 28.7000007629395 28.7000007629395 28.7000007629395 28.7999992370605 28.8999996185303 29 29.2000007629395 29.2999992370605 29.2999992370605 29.2999992370605 29.3999996185303 29.3999996185303 29.5 29.6000003814697 29.6000003814697 29.6000003814697 29.7999992370605 29.8999996185303 30.1000003814697 30.1000003814697 30.1000003814697 30.2000007629395 30.5 30.3999996185303 30.3999996185303 30.5 30.2999992370605 30.3999996185303 30.2000007629395 30.1000003814697 30.1000003814697 29.8999996185303 29.7000007629395 29.6000003814697 29.3999996185303 29.2000007629395 29 28.6000003814697 28.6000003814697 28.3999996185303 28.5 28.2000007629395 28.1000003814697 28 28 28.1000003814697 28.2000007629395
