data/layers/future_layer_can_585_60/bio8.asc
NCOLS 494 
NROWS 529 
XLLCORNER -117.166666666667 
YLLCORNER -55.5 
CELLSIZE 0.166666666666667 
NODATA_value -3.4e+38 
[rows 360 to 383 of 529, columns 330 to 384 of 494]
29.2000007629395 29.2000007629395 29.2999992370605 29.3999996185303 29.3999996185303 29.3999996185303 29.5 29.3999996185303 29.3999996185303 29.3999996185303 27.7999992370605 27.7999992370605 27.8999996185303 27.7999992370605 27.8999996185303 27.7999992370605 27.8999996185303 27.8999996185303 28 28.1000003814697 28.2000007629395 28.2000007629395 28.2999992370605 28.2999992370605 28.2999992370605 29.6000003814697 29.6000003814697 29.6000003814697 29.6000003814697 29.6000003814697 29.6000003814697 29.6000003814697 29.5 29.5 28.6000003814697 28.6000003814697 28.3999996185303 28.3999996185303 28.3999996185303 25.2999992370605 25.2999992370605 25.1000003814697 24.6000003814697 24.6000003814697 24.6000003814697 24.5 24.6000003814697 24.3999996185303 23.8999996185303 28 27.6000003814697 27.6000003814697 27.1000003814697 27.7999992370605 27.1000003814697
29.1000003814697 29.1000003814697 29.2999992370605 29.3999996185303 29.3999996185303 29.3999996185303 29.2999992370605 29.2999992370605 29.3999996185303 29.2000007629395 29.2000007629395 27.7000007629395 27.7000007629395 27.7000007629395 27.7999992370605 27.7999992370605 27.7999992370605 27.7999992370605 27.7999992370605 27.7999992370605 27.8999996185303 28 28 28.2000007629395 28.2000007629395 28.2000007629395 28.2999992370605 29.6000003814697 29.5 29.5 29.5 29.3999996185303 28.3999996185303 28.2999992370605 28.3999996185303 28.2000007629395 28.1000003814697 28 28.1000003814697 24.8999996185303 24.7000007629395 24.6000003814697 24.3999996185303 24.7000007629395 24.7999992370605 24.7999992370605 24.3999996185303 24.2999992370605 23.8999996185303 27.6000003814697 27.3999996185303 27.2000007629395 26.7999992370605 27.2000007629395 27.3999996185303
29.1000003814697 29 29.1000003814697 29.3999996185303 29.3999996185303 29.2999992370605 29.2000007629395 29.2999992370605 29.2000007629395 29.2000007629395 29.2000007629395 27.5 27.6000003814697 27.6000003814697 27.6000003814697 27.6000003814697 27.6000003814697 27.6000003814697 27.6000003814697 27.7999992370605 27.7999992370605 27.7999992370605 27.8999996185303 28 28 28.1000003814697 28.2000007629395 28.2000007629395 28.1000003814697 28.2000007629395 28.2999992370605 28.2000007629395 28.2000007629395 28.2000007629395 28.1000003814697 28.1000003814697 28 27.7999992370605 24.7999992370605 24.6000003814697 24.6000003814697 24.6000003814697 24.7999992370605 24.7000007629395 24.2999992370605 24.3999996185303 24.2000007629395 23.8999996185303 23.7999992370605 27.6000003814697 27.2000007629395 26.7999992370605 26.5 26.7999992370605 27.2000007629395
29 29 29 29.2000007629395 29.2000007629395 29.2000007629395 29.2000007629395 29.1000003814697 29.2000007629395 29.1000003814697 29.1000003814697 29.1000003814697 27.5 27.5 27.3999996185303 27.3999996185303 27.6000003814697 27.6000003814697 27.6000003814697 27.6000003814697 27.6000003814697 27.7000007629395 27.7999992370605 27.7999992370605 27.8999996185303 27.8999996185303 28 28 28 28.1000003814697 28 28 28 28 28 28 27.7999992370605 24.7000007629395 24.7999992370605 24.7000007629395 24.7000007629395 24.8999996185303 24.6000003814697 24.6000003814697 24.2000007629395 23.8999996185303 23.7999992370605 23.6000003814697 23.2999992370605 27.2999992370605 27 26.6000003814697 26.3999996185303 26.3999996185303 27
29.1000003814697 29.1000003814697 29.1000003814697 29.1000003814697 29.1000003814697 29 29.1000003814697 29 29 29.1000003814697 29.1000003814697 29.1000003814697 27.3999996185303 27.2999992370605 27.3999996185303 27.2999992370605 27.3999996185303 27.5 27.5 27.5 27.5 27.5 27.7000007629395 27.7000007629395 27.7999992370605 27.7999992370605 27.8999996185303 27.7999992370605 28 27.8999996185303 27.8999996185303 27.8999996185303 27.8999996185303 27.8999996185303 27.8999996185303 27.7999992370605 27.7000007629395 24.6000003814697 24.7000007629395 24.7000007629395 24.7999992370605 24.6000003814697 24.5 24.2999992370605 24.1000003814697 23.7999992370605 23.5 23.2000007629395 23.1000003814697 22.8999996185303 27.1000003814697 26.7000007629395 26.5 26.2000007629395 26.3999996185303
28.8999996185303 28.8999996185303 28.8999996185303 28.8999996185303 29 29 28.8999996185303 28.8999996185303 28.8999996185303 29 29 29 27.2000007629395 27.2000007629395 27.2000007629395 27.2000007629395 27.2999992370605 27.2999992370605 27.3999996185303 27.3999996185303 27.3999996185303 27.5 27.5 27.5 27.6000003814697 27.6000003814697 27.7999992370605 27.7999992370605 27.7999992370605 27.7999992370605 27.7999992370605 27.7999992370605 27.7999992370605 27.7000007629395 27.7000007629395 27.6000003814697 24.3999996185303 24.5 24.6000003814697 24.6000003814697 24.3999996185303 24.3999996185303 24.1000003814697 26.7999992370605 24 23.8999996185303 23.7000007629395 23.3999996185303 23.2999992370605 23.1000003814697 27.6000003814697 27.2000007629395 26.7000007629395 26.2999992370605 26.2000007629395
28.7000007629395 28.7000007629395 28.7000007629395 28.7000007629395 28.7999992370605 28.7999992370605 28.8999996185303 28.7999992370605 28.7999992370605 28.7999992370605 28.7999992370605 28.7999992370605 27.1000003814697 27.1000003814697 27.2000007629395 27.2000007629395 27.2000007629395 27.2999992370605 27.2999992370605 27.2999992370605 27.2999992370605 27.3999996185303 27.3999996185303 27.5 27.5 27.6000003814697 27.7000007629395 27.7000007629395 27.6000003814697 27.6000003814697 27.6000003814697 27.6000003814697 27.6000003814697 27.6000003814697 27.6000003814697 24.3999996185303 24.3999996185303 24.3999996185303 24.5 24.3999996185303 24.2999992370605 24.1000003814697 26.7999992370605 26.6000003814697 26.3999996185303 26.5 23.5 23.2999992370605 23.2000007629395 23 19.7999992370605 27 26.6000003814697 26.5 26.3999996185303
28.3999996185303 28.5 28.5 28.6000003814697 28.7000007629395 28.6000003814697 28.7000007629395 28.7999992370605 28.7999992370605 28.7000007629395 28.7000007629395 28.7999992370605 28.7999992370605 27 27 27.1000003814697 27.1000003814697 27.2999992370605 27.2000007629395 27.1000003814697 27.2000007629395 27.2000007629395 27.2999992370605 27.3999996185303 27.3999996185303 27.5 27.5 27.5 27.5 27.3999996185303 27.5 27.5 27.5 27.3999996185303 27.3999996185303 24.2999992370605 24.2999992370605 24.3999996185303 24.2999992370605 24.2000007629395 24.1000003814697 26.8999996185303 26.6000003814697 26.6000003814697 26.3999996185303 26.3999996185303 23.2000007629395 23 22.8999996185303 22.7999992370605 19.7000007629395 19.5 26.7000007629395 26.7999992370605 26.7000007629395
28.2999992370605 28.2999992370605 28.3999996185303 28.5 28.5 28.6000003814697 28.6000003814697 28.7000007629395 28.6000003814697 28.6000003814697 28.6000003814697 28.6000003814697 28.6000003814697 28.7000007629395 27 27 27.1000003814697 27.1000003814697 27.1000003814697 27.1000003814697 27.1000003814697 27.1000003814697 27.2000007629395 27.2999992370605 27.3999996185303 27.3999996185303 27.3999996185303 27.3999996185303 27.3999996185303 27.3999996185303 27.3999996185303 27.3999996185303 27.2999992370605 27.3999996185303 27.2000007629395 24.2000007629395 24.2000007629395 24.1000003814697 24.1000003814697 24 23.8999996185303 26.7000007629395 26.5 26.3999996185303 26.2000007629395 26.2000007629395 23.1000003814697 22.7999992370605 22.6000003814697 22.3999996185303 22.2999992370605 26.8999996185303 26.7999992370605 26.7999992370605 26.8999996185303
28.2000007629395 28.2000007629395 28.2999992370605 28.2000007629395 28.3999996185303 28.3999996185303 28.5 28.5 28.5 28.6000003814697 28.6000003814697 28.6000003814697 28.3999996185303 28.6000003814697 28.7999992370605 28.7999992370605 27 27.1000003814697 27 27.1000003814697 27.1000003814697 27.2000007629395 27.2000007629395 27.2999992370605 27.2000007629395 27.2000007629395 27.2999992370605 27.2999992370605 27.2999992370605 27.2999992370605 27.2999992370605 27.2999992370605 27.2000007629395 27.2000007629395 27.2000007629395 27.2000007629395 27.1000003814697 23.7999992370605 23.7999992370605 23.7000007629395 26.7000007629395 26.3999996185303 26.2000007629395 26.1000003814697 26 22.8999996185303 22.7000007629395 22.3999996185303 22 22.2000007629395 22.2000007629395 27 26.7999992370605 26.8999996185303 26.7000007629395
28.1000003814697 28.1000003814697 28.2000007629395 28.2000007629395 28.2000007629395 28.3999996185303 28.3999996185303 28.3999996185303 28.3999996185303 28.3999996185303 28.5 28.3999996185303 28.3999996185303 28.5 28.6000003814697 28.6000003814697 26.8999996185303 26.8999996185303 27 27 27.1000003814697 27.1000003814697 27.1000003814697 27.2000007629395 27.2000007629395 27.2000007629395 27.2000007629395 27.2999992370605 27.2000007629395 27.2000007629395 27.1000003814697 27.1000003814697 27.1000003814697 27.1000003814697 27.1000003814697 27 26.7999992370605 26.7999992370605 26.6000003814697 23.3999996185303 26.3999996185303 26.2000007629395 25.7999992370605 25.3999996185303 25.5 25.3999996185303 25.3999996185303 22.2999992370605 21.8999996185303 21.8999996185303 26.7000007629395 26.7999992370605 26.8999996185303 27 26.8999996185303
28.1000003814697 28.1000003814697 28.1000003814697 28.1000003814697 28.1000003814697 28.2999992370605 28.3999996185303 28.3999996185303 28.3999996185303 28.3999996185303 28.2999992370605 28.2999992370605 28.3999996185303 28.5 28.5 28.5 28.5 28.7000007629395 26.8999996185303 26.8999996185303 27 27 27 27 27 27 27.1000003814697 27.2000007629395 27.2000007629395 27.1000003814697 27 27 27 26.8999996185303 26.7999992370605 26.7999992370605 26.7000007629395 26.6000003814697 26.5 26.3999996185303 26.2999992370605 26.2000007629395 25.7999992370605 25.2000007629395 25.5 25.3999996185303 25.6000003814697 25.2000007629395 22 25.2000007629395 26.3999996185303 26.5 26.6000003814697 26.8999996185303 26.8999996185303
27.8999996185303 27.8999996185303 27.8999996185303 28 28 28.2000007629395 28.2000007629395 28.2000007629395 28.2000007629395 28.2000007629395 28.2000007629395 28.2000007629395 28.2999992370605 28.2999992370605 28.3999996185303 28.3999996185303 28.3999996185303 28.6000003814697 28.7000007629395 26.8999996185303 26.7999992370605 26.8999996185303 27 27 27 27.1000003814697 27.1000003814697 27.1000003814697 27 27.1000003814697 27 26.8999996185303 27 26.7999992370605 26.7999992370605 26.7000007629395 26.6000003814697 26.5 26.5 26.2999992370605 26.1000003814697 26.1000003814697 25.6000003814697 25.2999992370605 25.7999992370605 25.8999996185303 25.3999996185303 25.6000003814697 25.5 25.1000003814697 24.7000007629395 26.2000007629395 26.1000003814697 26.8999996185303 26.2000007629395
27.7000007629395 27.7000007629395 27.7000007629395 27.8999996185303 28 28 28.1000003814697 28.1000003814697 28.2000007629395 28.1000003814697 28.1000003814697 28.1000003814697 28.2000007629395 28.2999992370605 28.3999996185303 28.3999996185303 28.3999996185303 28.5 28.5 28.5 26.7999992370605 26.8999996185303 27 27 27.1000003814697 27.1000003814697 27.1000003814697 27.1000003814697 27 26.8999996185303 26.8999996185303 26.8999996185303 26.7999992370605 26.7000007629395 26.6000003814697 26.5 26.3999996185303 26.3999996185303 26.2999992370605 26.2000007629395 26.2000007629395 26.2000007629395 26.2000007629395 26.2000007629395 26.2999992370605 26.1000003814697 26.2000007629395 26.1000003814697 25.8999996185303 25.6000003814697 26.1000003814697 26.2999992370605 27.1000003814697 26.7999992370605 25.3999996185303
27.3999996185303 27.6000003814697 27.7000007629395 27.7000007629395 27.8999996185303 28 28 28 28 28.1000003814697 28 28.2000007629395 28.2000007629395 28.2999992370605 28.2999992370605 28.2999992370605 28.2999992370605 28.3999996185303 28.3999996185303 28.3999996185303 28.3999996185303 26.7999992370605 26.7999992370605 26.8999996185303 27.1000003814697 27.2000007629395 27.2000007629395 27.1000003814697 27 26.8999996185303 26.7999992370605 26.7000007629395 26.6000003814697 26.6000003814697 26.5 26.2999992370605 26.2000007629395 26.2000007629395 26.2000007629395 26.1000003814697 26 26.1000003814697 26.2000007629395 26.2999992370605 26.2999992370605 26.2999992370605 26.2999992370605 26.2999992370605 26.2000007629395 26.3999996185303 27.6000003814697 27.5 27.6000003814697 27.6000003814697 27.2000007629395
27.3999996185303 27.3999996185303 27.5 27.6000003814697 27.7000007629395 27.7999992370605 27.7999992370605 27.8999996185303 27.8999996185303 28.1000003814697 28 28.1000003814697 28.2000007629395 28.2999992370605 28.2000007629395 28.2999992370605 28.2999992370605 28.2999992370605 28.2999992370605 28.2999992370605 28.2999992370605 28.2999992370605 26.7999992370605 26.8999996185303 26.8999996185303 27.1000003814697 27.1000003814697 27 26.8999996185303 26.8999996185303 26.7000007629395 26.5 26.2999992370605 26.2999992370605 26.2999992370605 26.2000007629395 26 26 26 26 25.8999996185303 25.8999996185303 26.1000003814697 26.2000007629395 26.2000007629395 26.2000007629395 26.1000003814697 26.2000007629395 26.3999996185303 27.5 27.7000007629395 27.7000007629395 27.6000003814697 27.6000003814697 27.5
27.2000007629395 27.2999992370605 27.3999996185303 27.3999996185303 27.6000003814697 27.7000007629395 27.7999992370605 27.7999992370605 27.8999996185303 27.8999996185303 28 28 28.2000007629395 28.2000007629395 28.2000007629395 28.2000007629395 28.2000007629395 28.2000007629395 28.2000007629395 28.2000007629395 28.2000007629395 28.1000003814697 28.1000003814697 26.7999992370605 26.7999992370605 26.8999996185303 26.8999996185303 26.8999996185303 26.7999992370605 26.6000003814697 26.6000003814697 26.5 26.3999996185303 26.2000007629395 26.1000003814697 26 25.7999992370605 25.8999996185303 26 26 25.8999996185303 25.8999996185303 26 26.2000007629395 26.1000003814697 26.2000007629395 26.1000003814697 26.2000007629395 27.6000003814697 27.6000003814697 27.6000003814697 27.6000003814697 27.5 27.5 27.3999996185303
27.1000003814697 27.2000007629395 27.2000007629395 27.2999992370605 27.3999996185303 27.6000003814697 27.6000003814697 27.7000007629395 27.7999992370605 27.8999996185303 27.8999996185303 28 28.1000003814697 28.1000003814697 28.1000003814697 28.2000007629395 28.1000003814697 28.2000007629395 28.1000003814697 28.1000003814697 28 28 28 28 28 27.8999996185303 26.7999992370605 26.7999992370605 26.7000007629395 26.6000003814697 26.5 26.3999996185303 26.2000007629395 26.2000007629395 26 25.8999996185303 25.6000003814697 25.7999992370605 25.8999996185303 25.8999996185303 25.7999992370605 25.7000007629395 25.7999992370605 26.1000003814697 25.8999996185303 26 26.1000003814697 26.2000007629395 27.5 27.2000007629395 27 27 27.2999992370605 27.2000007629395 27.2000007629395
27.1000003814697 27.1000003814697 27.1000003814697 27.2000007629395 27.2999992370605 27.5 27.6000003814697 27.6000003814697 27.7000007629395 27.7999992370605 27.7999992370605 28.1000003814697 28.1000003814697 28.1000003814697 28.1000003814697 28.1000003814697 28 27.8999996185303 27.8999996185303 27.8999996185303 27.8999996185303 27.8999996185303 27.7999992370605 27.7999992370605 27.7999992370605 27.7999992370605 27.7000007629395 27.6000003814697 27.5 27.5 27.3999996185303 27.3999996185303 27.2000007629395 27.2000007629395 27.1000003814697 25.7999992370605 25.6000003814697 25.5 25.7000007629395 25.6000003814697 25.5 25.6000003814697 25.7999992370605 25.8999996185303 26 25.8999996185303 27.2999992370605 27.2000007629395 27.1000003814697 26.3999996185303 26.5 26.7999992370605 26.7999992370605 27.2000007629395 26.8999996185303
26.8999996185303 27 27 27.1000003814697 27.2000007629395 27.2999992370605 27.3999996185303 27.5 27.6000003814697 27.6000003814697 27.7999992370605 28 28 28.1000003814697 28.1000003814697 28 27.8999996185303 27.7999992370605 27.7000007629395 27.7999992370605 27.7000007629395 27.6000003814697 27.6000003814697 27.6000003814697 27.6000003814697 27.6000003814697 27.5 27.3999996185303 27.2999992370605 27.2999992370605 27.2999992370605 27.2000007629395 27 26.7999992370605 26.7999992370605 26.8999996185303 25.6000003814697 25.3999996185303 25.3999996185303 25.2999992370605 25.3999996185303 25.7000007629395 25.7999992370605 25.7999992370605 25.8999996185303 25.8999996185303 27.1000003814697 26.8999996185303 26.7999992370605 26.2000007629395 26.2000007629395 26.3999996185303 26.5 27.1000003814697 26.6000003814697
26.8999996185303 26.8999996185303 27 27 27.1000003814697 27.2000007629395 27.3999996185303 27.3999996185303 27.5 27.6000003814697 27.7000007629395 27.8999996185303 27.8999996185303 28 28 27.7999992370605 27.7999992370605 27.7000007629395 27.7000007629395 27.6000003814697 27.6000003814697 27.3999996185303 27.3999996185303 27.3999996185303 27.3999996185303 27.5 27.5 27.2999992370605 27.2000007629395 27 27 26.8999996185303 26.7999992370605 26.5 26.5 26.6000003814697 26.3999996185303 26.3999996185303 25.1000003814697 25.2000007629395 25.3999996185303 25.7000007629395 25.7000007629395 25.7999992370605 25.7999992370605 27 26.8999996185303 26.6000003814697 25.8999996185303 26.2000007629395 26.7000007629395 26.2999992370605 26.6000003814697 26.6000003814697 26.1000003814697
26.7000007629395 26.7000007629395 26.7000007629395 26.8999996185303 26.8999996185303 27.1000003814697 27.2000007629395 27.2999992370605 27.2999992370605 27.2999992370605 27.6000003814697 27.7000007629395 27.7999992370605 27.8999996185303 27.7000007629395 27.6000003814697 27.6000003814697 27.5 27.5 27.3999996185303 27.2999992370605 27.2999992370605 27.2999992370605 27.2000007629395 27.3999996185303 27.2999992370605 27.2999992370605 27.2999992370605 27.2000007629395 27.2000007629395 27 26.7000007629395 26.6000003814697 26.2999992370605 26.2000007629395 26.1000003814697 26.1000003814697 26.1000003814697 25.7999992370605 26.1000003814697 26.3999996185303 25.5 25.7000007629395 25.7000007629395 26.8999996185303 26.7999992370605 26.3999996185303 26.2999992370605 26 26.2999992370605 26.5 26.6000003814697 26.7000007629395 26.2000007629395 26.6000003814697
26.5 26.6000003814697 26.6000003814697 26.6000003814697 26.7000007629395 27 27.1000003814697 27.2000007629395 27.2999992370605 27.3999996185303 27.5 27.5 27.6000003814697 27.5 27.5 27.3999996185303 27.3999996185303 27.3999996185303 27.2000007629395 27.2000007629395 27.2999992370605 27.2000007629395 27.1000003814697 27.1000003814697 27.2000007629395 27.1000003814697 27.1000003814697 27.1000003814697 27 27 26.8999996185303 26.8999996185303 26.6000003814697 26.6000003814697 26.3999996185303 26.1000003814697 26 25.7999992370605 26.1000003814697 26.1000003814697 26.1000003814697 26.5 26.6000003814697 26.7999992370605 26.7999992370605 26.7999992370605 26.5 26.1000003814697 26 26.2000007629395 26.1000003814697 26.1000003814697 26.3999996185303 26.3999996185303 26.3999996185303
26.5 26.5 26.5 26.5 26.7000007629395 26.8999996185303 27 27.1000003814697 27.2000007629395 27.2999992370605 27.2999992370605 27.3999996185303 27.3999996185303 27.2000007629395 27.2000007629395 27.2000007629395 27.2000007629395 27.1000003814697 27.1000003814697 27 27 27 27 27 26.8999996185303 27 27 26.8999996185303 26.7999992370605 26.7999992370605 26.7999992370605 26.7999992370605 26.6000003814697 26.3999996185303 26.1000003814697 25.7999992370605 25.6000003814697 25.8999996185303 26.2000007629395 26.1000003814697 26.2000007629395 26.2999992370605 26.3999996185303 26.5 26.6000003814697 26.7000007629395 26.6000003814697 26.2999992370605 26.2000007629395 26 25.7999992370605 26.1000003814697 26.2000007629395 25.8999996185303 25.7000007629395
