data/layers/future_layer_can_585_60/bio8.asc
NCOLS 494 
NROWS 529 
XLLCORNER -117.166666666667 
YLLCORNER -55.5 
CELLSIZE 0.166666666666667 
NODATA_value -3.4e+38 
[rows 144 to 167 of 529, columns 275 to 329 of 494]
19.5 14.6000003814697 11.6999998092651 21.8999996185303 28.5 29.6000003814697 29.7000007629395 29.7999992370605 30 30.2000007629395 30.2000007629395 30.1000003814697 29.8999996185303 29.7999992370605 29.7000007629395 29.6000003814697 29.6000003814697 29.6000003814697 29.6000003814697 29.7000007629395 29.7999992370605 30 30 30.1000003814697 30.2000007629395 30.2999992370605 30.2000007629395 30.1000003814697 29.7999992370605 29.7000007629395 29.7999992370605 29.3999996185303 29.2000007629395 29.2000007629395 29.2999992370605 29.6000003814697 29.8999996185303 30.5 30.1000003814697 29.3999996185303 29.6000003814697 29.5 29.3999996185303 29.5 29.3999996185303 29.2000007629395 29.2000007629395 29.1000003814697 29.1000003814697 28.8999996185303 28.8999996185303 28.7999992370605 28.7000007629395 28.7999992370605 28.7000007629395
18.6000003814697 15.1000003814697 20.6000003814697 27.3999996185303 30.3999996185303 30.5 30.2000007629395 30 30.1000003814697 30.1000003814697 30.2000007629395 30.2000007629395 30.1000003814697 30 29.7999992370605 29.7000007629395 29.7000007629395 29.7000007629395 29.6000003814697 29.7999992370605 29.7000007629395 29.8999996185303 29.8999996185303 29.8999996185303 30 30.2999992370605 30.2000007629395 30.1000003814697 30.1000003814697 30 29.8999996185303 29.6000003814697 29.6000003814697 29.6000003814697 29.6000003814697 29.7999992370605 29.8999996185303 29.8999996185303 29.6000003814697 29.7000007629395 29.7000007629395 29.7999992370605 29.7000007629395 29.6000003814697 29.6000003814697 29.5 29.3999996185303 29.3999996185303 29.2999992370605 29.2999992370605 29.1000003814697 29.1000003814697 28.7999992370605 28.2999992370605 27.6000003814697
18.7999992370605 20.7000007629395 26.2000007629395 30.1000003814697 30.7000007629395 30.5 30.2999992370605 30.2000007629395 30.1000003814697 30.2000007629395 30.2000007629395 30.3999996185303 30.2999992370605 30 29.8999996185303 29.7000007629395 29.6000003814697 29.5 29.6000003814697 29.6000003814697 29.6000003814697 29.7000007629395 29.7000007629395 29.6000003814697 29.6000003814697 29.7999992370605 30.2000007629395 30.1000003814697 30.1000003814697 30.1000003814697 30 29.8999996185303 29.7999992370605 30 30 30 30 30 29.8999996185303 29.8999996185303 30 29.8999996185303 29.8999996185303 30 30 29.8999996185303 29.7999992370605 29.7999992370605 29.6000003814697 29.2999992370605 29.2000007629395 28.7999992370605 28.5 27.5 26.6000003814697
23.7999992370605 26.1000003814697 29.2999992370605 30.3999996185303 30.5 30.3999996185303 30.2000007629395 30.2000007629395 30.1000003814697 30.1000003814697 30.2000007629395 30.2999992370605 30.2000007629395 29.8999996185303 29.7999992370605 29.6000003814697 29.6000003814697 29.5 29.5 29.5 29.5 29.6000003814697 29.6000003814697 29.5 29.5 29.6000003814697 29.8999996185303 30.1000003814697 30.1000003814697 30.2000007629395 30.1000003814697 30.1000003814697 30.2000007629395 30.2000007629395 30.2000007629395 30.2000007629395 30.2000007629395 30.2000007629395 30.2000007629395 30.1000003814697 30.1000003814697 30.2000007629395 30.2999992370605 30.2000007629395 30.1000003814697 30 29.8999996185303 29.7000007629395 29.2999992370605 29.1000003814697 28.7999992370605 28.2000007629395 27.5 27.2999992370605 26.5
28.1000003814697 29.1000003814697 30 30.2000007629395 30.2999992370605 30.2000007629395 30.2000007629395 30 30 30.1000003814697 30 30 30 29.7999992370605 29.7000007629395 29.5 29.3999996185303 29.3999996185303 29.3999996185303 29.5 29.5 29.5 29.5 29.3999996185303 29.3999996185303 29.5 29.8999996185303 30 30.1000003814697 30.2999992370605 30.2999992370605 30.3999996185303 30.3999996185303 30.3999996185303 30.2999992370605 30.3999996185303 30.3999996185303 30.5 30.3999996185303 30.3999996185303 30.2999992370605 30 30.2000007629395 30.1000003814697 30.1000003814697 29.8999996185303 29.7000007629395 29.5 29.1000003814697 29.1000003814697 28.5 28 27.6000003814697 27.3999996185303 27.6000003814697
29.2999992370605 29.7999992370605 29.8999996185303 29.8999996185303 29.8999996185303 29.8999996185303 29.8999996185303 29.7999992370605 29.8999996185303 29.8999996185303 29.7999992370605 29.7999992370605 29.6000003814697 29.6000003814697 29.5 29.3999996185303 29.3999996185303 29.3999996185303 29.3999996185303 29.3999996185303 29.3999996185303 29.3999996185303 29.3999996185303 29.2999992370605 29.5 29.6000003814697 29.8999996185303 30 30.2000007629395 30.3999996185303 30.3999996185303 30.3999996185303 30.3999996185303 30.3999996185303 30.2999992370605 30.5 30.5 30.6000003814697 30.5 30.5 30.3999996185303 30.1000003814697 30 29.7999992370605 29.7999992370605 29.3999996185303 29.6000003814697 29.5 29.2000007629395 28.6000003814697 28 27.7999992370605 27.7999992370605 27.7999992370605 27.7999992370605
29.5 29.5 29.5 29.5 29.6000003814697 29.6000003814697 29.6000003814697 29.7000007629395 29.7000007629395 29.6000003814697 29.6000003814697 29.5 29.2999992370605 29.1000003814697 29.2000007629395 29.2999992370605 29.2000007629395 29.2999992370605 29.2999992370605 29.3999996185303 29.3999996185303 29.3999996185303 29.5 29.5 29.6000003814697 29.7000007629395 29.7999992370605 29.7999992370605 30 30 30.2000007629395 30.6000003814697 30.3999996185303 30.5 30.2999992370605 30.3999996185303 30.6000003814697 30.7000007629395 30.3999996185303 30.2999992370605 30.1000003814697 29.6000003814697 29.7000007629395 29.6000003814697 29.6000003814697 29.2999992370605 29.5 29.3999996185303 29 28.3999996185303 28.6000003814697 27.7999992370605 27.7999992370605 28.2000007629395 28
29.2999992370605 29.2000007629395 29.1000003814697 29.2000007629395 29.2000007629395 29.3999996185303 29.3999996185303 29.3999996185303 29.5 29.5 29.3999996185303 29.2000007629395 29 29 29.1000003814697 29.1000003814697 29.2000007629395 29.2999992370605 29.3999996185303 29.5 29.3999996185303 29.5 29.6000003814697 29.6000003814697 29.7000007629395 29.7999992370605 29.7000007629395 29.8999996185303 29.8999996185303 29.5 30.2000007629395 30.3999996185303 30.2000007629395 29.7999992370605 29.2999992370605 30.1000003814697 30.2000007629395 30.3999996185303 30.2999992370605 30 30 30 29.6000003814697 29.6000003814697 29.6000003814697 29.5 29.5 29.2000007629395 28.5 27.8999996185303 28.2000007629395 27.8999996185303 27.8999996185303 28 28
29 29.1000003814697 28.8999996185303 28.8999996185303 29 29.1000003814697 29.1000003814697 29.2000007629395 29.2999992370605 29.2000007629395 29.2000007629395 29.1000003814697 29 29 29.1000003814697 29.2000007629395 29.2999992370605 29.3999996185303 29.3999996185303 29.3999996185303 29.6000003814697 29.6000003814697 29.7000007629395 29.7000007629395 29.7999992370605 29.7999992370605 29.7000007629395 29.7000007629395 29.7999992370605 29.8999996185303 29.7999992370605 29.6000003814697 30.2999992370605 30.3999996185303 29.6000003814697 27.7999992370605 29.7999992370605 30.1000003814697 30 29.3999996185303 29.8999996185303 29.6000003814697 29.1000003814697 29.2999992370605 29.1000003814697 29.1000003814697 29.1000003814697 29 28.8999996185303 28.3999996185303 28.2999992370605 27.8999996185303 28 28.1000003814697 28.1000003814697
28.8999996185303 28.7999992370605 28.7000007629395 28.7999992370605 28.7999992370605 28.8999996185303 28.8999996185303 29 29 29 29.1000003814697 29 29 29.1000003814697 29.2000007629395 29.2000007629395 29.3999996185303 29.3999996185303 29.3999996185303 29.6000003814697 29.6000003814697 29.7000007629395 29.7999992370605 29.7999992370605 29.8999996185303 29.7000007629395 29.7999992370605 29.7999992370605 29.7999992370605 28.3999996185303 28.7999992370605 29.5 29.2000007629395 29.7000007629395 29.2000007629395 29.3999996185303 30 30 30 29.3999996185303 29.8999996185303 29.3999996185303 29 28.8999996185303 28.7999992370605 28.8999996185303 29 29 28.6000003814697 28.5 28.7999992370605 28 27.8999996185303 27.7999992370605 28
28.7000007629395 28.6000003814697 28.6000003814697 28.6000003814697 28.7000007629395 28.7999992370605 28.8999996185303 28.8999996185303 29 29.1000003814697 29.1000003814697 29.1000003814697 29.1000003814697 29.1000003814697 29.2000007629395 29.2000007629395 29.2999992370605 29.3999996185303 29.3999996185303 29.5 29.6000003814697 29.7000007629395 29.7999992370605 29.7999992370605 29.7999992370605 29.7000007629395 29.2000007629395 29.7999992370605 29.2000007629395 26.8999996185303 27.7000007629395 29.5 29.5 29.7999992370605 29.6000003814697 29.2000007629395 30.1000003814697 30 30.1000003814697 30.1000003814697 29.8999996185303 29.1000003814697 28.8999996185303 28.7999992370605 28.8999996185303 28.8999996185303 28.7999992370605 28.2999992370605 28.5 28.6000003814697 28.5 28.1000003814697 27.8999996185303 27.7999992370605 28.1000003814697
28.2999992370605 28.6000003814697 28.6000003814697 28.6000003814697 28.6000003814697 28.7999992370605 28.7999992370605 28.8999996185303 28.8999996185303 29 29 29.1000003814697 29.1000003814697 29.2000007629395 29.1000003814697 29.2000007629395 29.2999992370605 29.2999992370605 29.3999996185303 29.5 29.6000003814697 29.6000003814697 29.6000003814697 29.7999992370605 29.7999992370605 29.6000003814697 29.6000003814697 29.3999996185303 28.6000003814697 26.3999996185303 25.7999992370605 28.7000007629395 29.2000007629395 29.1000003814697 28.3999996185303 27 29 29.7999992370605 29.8999996185303 30.1000003814697 29.3999996185303 29.1000003814697 29.1000003814697 28.8999996185303 28.8999996185303 29.1000003814697 28.8999996185303 28.5 28.3999996185303 28.3999996185303 28.2999992370605 28.1000003814697 27.7999992370605 27.7999992370605 28.1000003814697
28.2000007629395 28.5 28.6000003814697 28.6000003814697 28.7000007629395 28.7000007629395 28.7999992370605 28.8999996185303 28.8999996185303 28.8999996185303 29 29 29 29.1000003814697 29.2000007629395 29.2000007629395 29.3999996185303 29.3999996185303 29.3999996185303 29.5 29.5 29.6000003814697 29.6000003814697 29.7000007629395 29.7000007629395 29.5 29.1000003814697 28.7999992370605 28.3999996185303 26.6000003814697 26.2000007629395 28.1000003814697 28.7000007629395 28.7999992370605 27.3999996185303 26.2000007629395 27.7999992370605 29.2999992370605 30 30.2000007629395 29.1000003814697 29 29.2000007629395 29 29 29 28.5 29 28.3999996185303 28.3999996185303 28 28 27.7000007629395 27.5 28.2000007629395
28.1000003814697 28.2000007629395 28.5 28.6000003814697 28.7000007629395 28.6000003814697 28.7999992370605 28.7999992370605 28.8999996185303 28.8999996185303 28.8999996185303 29 29.1000003814697 29.1000003814697 29.1000003814697 29.2000007629395 29.2999992370605 29.3999996185303 29.5 29.5 29.6000003814697 29.6000003814697 29.7000007629395 29.7000007629395 29.5 29.2000007629395 28.2999992370605 27.2000007629395 28.5 27.5 27.6000003814697 28.7999992370605 28.8999996185303 28.8999996185303 28.7999992370605 27.1000003814697 26.2000007629395 28.3999996185303 30.1000003814697 31.2000007629395 29.1000003814697 29.2000007629395 29.1000003814697 29 28.7999992370605 28.3999996185303 28.5 28.5 28.3999996185303 28.3999996185303 28.1000003814697 27.6000003814697 27.2999992370605 27.3999996185303 27.7000007629395
28.2000007629395 28.2999992370605 28.2999992370605 28.5 28.5 28.7000007629395 28.7000007629395 28.7999992370605 28.7999992370605 28.8999996185303 29 28.8999996185303 29.1000003814697 29.1000003814697 29.1000003814697 29.2000007629395 29.3999996185303 29.3999996185303 29.3999996185303 29.3999996185303 29.5 29.5 29.6000003814697 29.6000003814697 29.3999996185303 29.1000003814697 28.1000003814697 27.3999996185303 27.6000003814697 27.8999996185303 28.1000003814697 28.6000003814697 28.6000003814697 28.3999996185303 29.3999996185303 28.1000003814697 25.7999992370605 26.7000007629395 29.5 31.2000007629395 29.1000003814697 28.7999992370605 28.8999996185303 28.8999996185303 28.8999996185303 28.3999996185303 28.2999992370605 28.2999992370605 28.2999992370605 28.2999992370605 28.2999992370605 27.5 27 27.1000003814697 26.5
28.7999992370605 28.8999996185303 28.8999996185303 28.5 28.5 28.6000003814697 28.7000007629395 28.7999992370605 28.7999992370605 28.8999996185303 28.8999996185303 28.8999996185303 29 29.1000003814697 29.2999992370605 29.2999992370605 29.2999992370605 29.3999996185303 29.5 29.5 29.5 29.6000003814697 29.6000003814697 29.3999996185303 29 28.8999996185303 28 27 25.3999996185303 27.2000007629395 27.7999992370605 28.1000003814697 28.1000003814697 27.6000003814697 27.8999996185303 26.3999996185303 24.7999992370605 27.3999996185303 29.3999996185303 28.8999996185303 28.7999992370605 28.7999992370605 30.1000003814697 28.8999996185303 28.7000007629395 28.3999996185303 28.1000003814697 27.8999996185303 28.1000003814697 28.2000007629395 28.2999992370605 27.3999996185303 27.1000003814697 27.1000003814697 27
28.7999992370605 28.8999996185303 28.8999996185303 28.5 28.6000003814697 28.6000003814697 28.7000007629395 28.7999992370605 28.7999992370605 28.7999992370605 28.8999996185303 28.8999996185303 29.1000003814697 29.2000007629395 29.2999992370605 29.3999996185303 29.3999996185303 29.5 29.6000003814697 29.5 29.5 29.5 29.2999992370605 29.1000003814697 28.6000003814697 28.2000007629395 28.1000003814697 26.8999996185303 26 25.2000007629395 27.6000003814697 24.7999992370605 25.7000007629395 27.3999996185303 27.7999992370605 25.7000007629395 25 26.7999992370605 28.2000007629395 30.2000007629395 28.7000007629395 28.6000003814697 30 28.8999996185303 28.5 27.2000007629395 26.6000003814697 27.2999992370605 28 28.1000003814697 28 27.3999996185303 26 26.2999992370605 27.3999996185303
28.7999992370605 28.3999996185303 28.8999996185303 28.8999996185303 28.5 28.6000003814697 28.7000007629395 28.6000003814697 28.7999992370605 28.7999992370605 28.7999992370605 29 29.1000003814697 29.2999992370605 29.5 29.3999996185303 29.5 29.6000003814697 29.6000003814697 29.6000003814697 29.6000003814697 29.3999996185303 29 28.3999996185303 27.6000003814697 26.8999996185303 26.3999996185303 25.7000007629395 24.8999996185303 26.3999996185303 26.1000003814697 23.7999992370605 25.7999992370605 29.2999992370605 27.3999996185303 25.7999992370605 23.7999992370605 26 29.3999996185303 30.2000007629395 30.2000007629395 28.7000007629395 29 29 28 26.2999992370605 26.8999996185303 27.3999996185303 28.1000003814697 28.2000007629395 27.7999992370605 27 26.3999996185303 26.8999996185303 26.7999992370605
28.8999996185303 28.3999996185303 28.8999996185303 28.6000003814697 28.5 28.6000003814697 28.6000003814697 28.6000003814697 28.7000007629395 28.8999996185303 28.8999996185303 29.1000003814697 29.2000007629395 29.2999992370605 29.3999996185303 29.3999996185303 29.5 29.6000003814697 29.6000003814697 29.6000003814697 29.6000003814697 29.3999996185303 29 28.6000003814697 28.2999992370605 27.2000007629395 26.7999992370605 27.5 27.2000007629395 26.3999996185303 28.7999992370605 29.3999996185303 29.7999992370605 27.7999992370605 26.7999992370605 26.3999996185303 22.7999992370605 27 29.8999996185303 30.3999996185303 30.2999992370605 28.7999992370605 28.7999992370605 27.8999996185303 28.2999992370605 28.5 28.3999996185303 27.8999996185303 28.2000007629395 28.2000007629395 27.8999996185303 27.5 27.2000007629395 27 26.2999992370605
28.8999996185303 28.8999996185303 28.5 28.5 28.5 28.6000003814697 28.6000003814697 28.6000003814697 28.7000007629395 28.8999996185303 28.8999996185303 29 29.1000003814697 29.2999992370605 29.3999996185303 29.5 29.5 29.6000003814697 29.6000003814697 29.6000003814697 29.6000003814697 29.2999992370605 28.7999992370605 28.5 27.8999996185303 28 27.5 26.8999996185303 27.1000003814697 26.8999996185303 29.2000007629395 30.2999992370605 30.2999992370605 29 29 24.7999992370605 23.2999992370605 26.1000003814697 30 30.3999996185303 29 30.3999996185303 30.2000007629395 28.2999992370605 28.7999992370605 28.3999996185303 28.5 28.3999996185303 28.1000003814697 28.2000007629395 28 27.8999996185303 27.7999992370605 26.3999996185303 25.1000003814697
28.8999996185303 28.3999996185303 28.8999996185303 28.8999996185303 28.5 28.6000003814697 28.6000003814697 28.7000007629395 28.7999992370605 28.8999996185303 29.1000003814697 29.1000003814697 29.1000003814697 29.2000007629395 29.2999992370605 29.3999996185303 29.6000003814697 29.7000007629395 29.6000003814697 29.6000003814697 29.6000003814697 29.2000007629395 28.7999992370605 28.7999992370605 28.6000003814697 27.7999992370605 26 27 28.8999996185303 29.5 29.3999996185303 30.2999992370605 30.3999996185303 30 29.7999992370605 28.3999996185303 25.2999992370605 26 30 30.2999992370605 30.6000003814697 30.3999996185303 30.2000007629395 28.7999992370605 28.7000007629395 28.3999996185303 28.1000003814697 28.2999992370605 28.2000007629395 28.2000007629395 28.1000003814697 28 27.6000003814697 27.2000007629395 23.6000003814697
28.8999996185303 29 28.8999996185303 28.5 28.5 28.5 28.5 28.6000003814697 28.7000007629395 28.7999992370605 29 29.1000003814697 29.1000003814697 29.2000007629395 29.2999992370605 29.3999996185303 29.5 29.5 29.6000003814697 29.6000003814697 29.5 29.2999992370605 29.1000003814697 26.2000007629395 26.1000003814697 25.6000003814697 26.6000003814697 26.2999992370605 28.8999996185303 30 30.2999992370605 30.1000003814697 30.3999996185303 30.3999996185303 31.2000007629395 30.7999992370605 26.7999992370605 28.7000007629395 30.1000003814697 30.2999992370605 28.2999992370605 29.8999996185303 30.3999996185303 28.6000003814697 28.3999996185303 28.2999992370605 28.3999996185303 28.2000007629395 28 27.8999996185303 27.7000007629395 27.8999996185303 27.7999992370605 27.1000003814697 26.3999996185303
28.8999996185303 28.8999996185303 28.2000007629395 28.2999992370605 28.2999992370605 28.3999996185303 28.5 28.7000007629395 28.7999992370605 28.8999996185303 29 29 29.1000003814697 29.1000003814697 29.2999992370605 29.3999996185303 29.3999996185303 29.3999996185303 29.5 29.5 29.3999996185303 29.2000007629395 29.2000007629395 26.8999996185303 27.2000007629395 24.7999992370605 23.6000003814697 24.3999996185303 27.6000003814697 29.8999996185303 29.8999996185303 30.1000003814697 30.3999996185303 31.2000007629395 31.2000007629395 30.8999996185303 28.5 28.7999992370605 27.7000007629395 28.6000003814697 26.6000003814697 27.1000003814697 28.6000003814697 28.6000003814697 27.8999996185303 27.6000003814697 28.1000003814697 28.1000003814697 27.8999996185303 27.7999992370605 27.6000003814697 27.3999996185303 27.3999996185303 27 26.5
28.7999992370605 28.2000007629395 28.2000007629395 28.2999992370605 28.3999996185303 28.5 28.5 28.6000003814697 28.7000007629395 28.7000007629395 28.7999992370605 28.8999996185303 29 29.1000003814697 29.1000003814697 29.2000007629395 29.2999992370605 29.3999996185303 29.2999992370605 29.2999992370605 29.3999996185303 29.2999992370605 29.3999996185303 29.2999992370605 29.2000007629395 26.5 23.7999992370605 23.7999992370605 27.7000007629395 29.2000007629395 30 30 30.1000003814697 30.2999992370605 30.8999996185303 30.7999992370605 29.3999996185303 28.2000007629395 29.6000003814697 28.6000003814697 23.7999992370605 25 27.2000007629395 28.7999992370605 27.1000003814697 27 27.8999996185303 27.5 27.8999996185303 27.7000007629395 27.6000003814697 27.1000003814697 27.1000003814697 27.2000007629395 26.7999992370605
