data/layers/future_layer_can_585_60/bio9.asc
NCOLS 494 
NROWS 529 
XLLCORNER -117.166666666667 
YLLCORNER -55.5 
CELLSIZE 0.166666666666667 
NODATA_value -3.4e+38 
[rows 48 to 71 of 529, columns 55 to 109 of 494]
-3.4e+38 25.1000003814697 25.1000003814697 25.3999996185303 26.6000003814697 27 26.8999996185303 27.3999996185303 26.2000007629395 26.2000007629395 23.8999996185303 17.7999992370605 15.5 13.8999996185303 12.5 13.3000001907349 15.5 13.1000003814697 15.6999998092651 18.2000007629395 18 18.8999996185303 17 19 17.2999992370605 19.6000003814697 19.8999996185303 21 21.1000003814697 21.5 21.7000007629395 22.5 21.7000007629395 21.6000003814697 20.3999996185303 19.2000007629395 20.3999996185303 17.2000007629395 18.1000003814697 18 17 17.5 16.2000007629395 16.1000003814697 15.5 15.8000001907349 16 15.5 16.6000003814697 18.3999996185303 17.1000003814697 17.7000007629395 21 20 19.8999996185303
-3.4e+38 -3.4e+38 -3.4e+38 25.2000007629395 25.2999992370605 26.8999996185303 26.7999992370605 27 26.8999996185303 23.1000003814697 18 13.1999998092651 11 11.3999996185303 11.5 12.1000003814697 13.6999998092651 13.8000001907349 13.8999996185303 17.7999992370605 18.6000003814697 18.8999996185303 18.7999992370605 19.2999992370605 19 18.7999992370605 19.3999996185303 19.8999996185303 19.7000007629395 20 21.3999996185303 21.2999992370605 20.3999996185303 20.7999992370605 20.8999996185303 19.7999992370605 19.2999992370605 19.3999996185303 19.2000007629395 16.1000003814697 16.5 15.8000001907349 16.2000007629395 16.7000007629395 16.7000007629395 16.2000007629395 16.5 16.1000003814697 15.6999998092651 17.8999996185303 16.8999996185303 17.5 18.3999996185303 18.7999992370605 21.1000003814697
-3.4e+38 -3.4e+38 -3.4e+38 -3.4e+38 25.2000007629395 26.2000007629395 26.1000003814697 26.8999996185303 27.1000003814697 24 24.1000003814697 15.6000003814697 14.6999998092651 15.3999996185303 12.6999998092651 12.1999998092651 12.8999996185303 14.1000003814697 14.3999996185303 17.7000007629395 19.1000003814697 19.5 19.2999992370605 18.7999992370605 17.8999996185303 18.2999992370605 18.8999996185303 19.2000007629395 18.8999996185303 19.7000007629395 20.8999996185303 20.2000007629395 20.2000007629395 20.1000003814697 20.1000003814697 20.2999992370605 19.7000007629395 19.7000007629395 18.7999992370605 16.6000003814697 16.2000007629395 15.6000003814697 16.7000007629395 17 16.7000007629395 17 17.2000007629395 17.5 16.5 18.5 17.1000003814697 17.6000003814697 18.3999996185303 21.3999996185303 21.6000003814697
-3.4e+38 -3.4e+38 -3.4e+38 -3.4e+38 -3.4e+38 -3.4e+38 26.6000003814697 26.7000007629395 26.7999992370605 26.8999996185303 25.7999992370605 25.5 24.1000003814697 13.3999996185303 13 13.3000001907349 12.8000001907349 13.6000003814697 14.8999996185303 17.6000003814697 18.7999992370605 19.2999992370605 19.6000003814697 18.8999996185303 17.7000007629395 16.8999996185303 18.3999996185303 19 19 19.2000007629395 20.2000007629395 18.1000003814697 18.7999992370605 19.6000003814697 19.7000007629395 19.7999992370605 19.7999992370605 19.6000003814697 15.8999996185303 16.1000003814697 16.1000003814697 16.2000007629395 17 16.3999996185303 16.3999996185303 17.5 17.5 17 17.8999996185303 18.2999992370605 18.7999992370605 17.5 20.7000007629395 21.2999992370605 21.7999992370605
-3.4e+38 -3.4e+38 -3.4e+38 -3.4e+38 -3.4e+38 -3.4e+38 -3.4e+38 26.7000007629395 26.7999992370605 27.1000003814697 26.7000007629395 22.5 22 21.8999996185303 15.8000001907349 13.5 13.6000003814697 13.5 15 17.2000007629395 18.3999996185303 18.3999996185303 19.7999992370605 19.2999992370605 18 17.8999996185303 18 18.8999996185303 19.2000007629395 19.6000003814697 19.7000007629395 18.3999996185303 17.8999996185303 19.1000003814697 19.2999992370605 19.2999992370605 19.1000003814697 19.1000003814697 18.2000007629395 15.1999998092651 16.2999992370605 16.7999992370605 17.2999992370605 17.2000007629395 17.2999992370605 17.7000007629395 17.2000007629395 17.2999992370605 16.3999996185303 15.8000001907349 17 18.5 20.5 21.5 22.1000003814697
-3.4e+38 -3.4e+38 -3.4e+38 -3.4e+38 -3.4e+38 -3.4e+38 -3.4e+38 25.8999996185303 26.2000007629395 26.2999992370605 25.5 25.3999996185303 25.5 18.3999996185303 13 11.6999998092651 14.3999996185303 13.3999996185303 14 15.8000001907349 15.6000003814697 18.7000007629395 19.5 18.7000007629395 18.5 17 17.5 18.1000003814697 19 19.2000007629395 18.8999996185303 18.8999996185303 19 19.2000007629395 19.1000003814697 18.8999996185303 18.2999992370605 18.2000007629395 18 15.3000001907349 16.2999992370605 17 16 16.7999992370605 18.2999992370605 17.8999996185303 17.6000003814697 18.1000003814697 16.7999992370605 15.1999998092651 17.7999992370605 19.6000003814697 20 21.6000003814697 22.1000003814697
-3.4e+38 -3.4e+38 -3.4e+38 -3.4e+38 -3.4e+38 -3.4e+38 -3.4e+38 -3.4e+38 25.6000003814697 26.2000007629395 26.3999996185303 26.6000003814697 23.2000007629395 20.6000003814697 20.1000003814697 15.3000001907349 18.7999992370605 14.3999996185303 13.1000003814697 13.6999998092651 14.5 20.2999992370605 17.7000007629395 17.2999992370605 18.2000007629395 17.2999992370605 17.5 17.7000007629395 18.6000003814697 18.7999992370605 18.6000003814697 18.8999996185303 19.2999992370605 19.2999992370605 19.1000003814697 19.2000007629395 18.8999996185303 18.2999992370605 18.5 15.3999996185303 15.8999996185303 17 15.3000001907349 16.6000003814697 18.7000007629395 18.2000007629395 17.7000007629395 17.3999996185303 18.6000003814697 16.5 17.8999996185303 20.2000007629395 20 20.7999992370605 22.2999992370605
-3.4e+38 -3.4e+38 -3.4e+38 -3.4e+38 -3.4e+38 -3.4e+38 -3.4e+38 -3.4e+38 -3.4e+38 25.8999996185303 26.3999996185303 26.2999992370605 24.8999996185303 24.2999992370605 23.1000003814697 19.3999996185303 20.7999992370605 19.3999996185303 14 13.8000001907349 16 19.1000003814697 15.5 15.8000001907349 16.8999996185303 16.6000003814697 16.5 16.7000007629395 17.5 18 18.7999992370605 18.7999992370605 19.1000003814697 19.3999996185303 19.6000003814697 19.7000007629395 19.5 19.2999992370605 19 15.6000003814697 15.5 16.3999996185303 16.1000003814697 17.7999992370605 18.7000007629395 17.7000007629395 18.7000007629395 18.1000003814697 17.8999996185303 17.7999992370605 18.5 20.6000003814697 19.8999996185303 20.6000003814697 21.8999996185303
-3.4e+38 -3.4e+38 -3.4e+38 -3.4e+38 -3.4e+38 -3.4e+38 -3.4e+38 -3.4e+38 -3.4e+38 -3.4e+38 26.3999996185303 26.6000003814697 26.6000003814697 25.6000003814697 25.7999992370605 22.2000007629395 23.5 19.7999992370605 16.5 16.8999996185303 19.3999996185303 18.6000003814697 16 16.7999992370605 15.8999996185303 17.3999996185303 16.2000007629395 16.6000003814697 17.7999992370605 18.2999992370605 18.3999996185303 18.8999996185303 19.2000007629395 19.7999992370605 20.1000003814697 20.1000003814697 20 19.7999992370605 16.6000003814697 15.8999996185303 15.8000001907349 15.8999996185303 16.5 17.3999996185303 17.5 18.5 19.1000003814697 19.1000003814697 18.1000003814697 19.2000007629395 18.3999996185303 19.2000007629395 18.7999992370605 21.2000007629395 22.2999992370605
-3.4e+38 -3.4e+38 -3.4e+38 -3.4e+38 -3.4e+38 -3.4e+38 -3.4e+38 -3.4e+38 -3.4e+38 -3.4e+38 -3.4e+38 26.7000007629395 27 27.2999992370605 26.2999992370605 22.7000007629395 22.8999996185303 22.1000003814697 21.5 19.7999992370605 18.3999996185303 17.5 14.6000003814697 19.5 17.2000007629395 15.8999996185303 15.3999996185303 16.7000007629395 17.6000003814697 17.5 17.3999996185303 18.7999992370605 19.2999992370605 20 20.2000007629395 20.1000003814697 19.6000003814697 19.5 16.7999992370605 16.2000007629395 15.6999998092651 16.2000007629395 16.2000007629395 16.7000007629395 17.2999992370605 19.2000007629395 19.2000007629395 19.7999992370605 18.6000003814697 20.3999996185303 18.6000003814697 19.6000003814697 18.6000003814697 22.7000007629395 23
-3.4e+38 -3.4e+38 -3.4e+38 -3.4e+38 -3.4e+38 -3.4e+38 -3.4e+38 -3.4e+38 -3.4e+38 -3.4e+38 -3.4e+38 -3.4e+38 27 26.8999996185303 27 25.8999996185303 24.7000007629395 21.8999996185303 22.1000003814697 19.5 18.8999996185303 17.5 16.2999992370605 21.3999996185303 17.3999996185303 15.1000003814697 15.3999996185303 17.6000003814697 17.2000007629395 17.3999996185303 17.7999992370605 18.6000003814697 18.8999996185303 19.8999996185303 20.2000007629395 20.2999992370605 19.6000003814697 19.7000007629395 19.7999992370605 19.5 19.3999996185303 16.8999996185303 17.1000003814697 17.1000003814697 18.7000007629395 19 19.2999992370605 20.7999992370605 20 20.7000007629395 19.2000007629395 21.5 21.7000007629395 23.6000003814697 23.5
-3.4e+38 -3.4e+38 -3.4e+38 -3.4e+38 -3.4e+38 -3.4e+38 -3.4e+38 -3.4e+38 -3.4e+38 -3.4e+38 -3.4e+38 -3.4e+38 -3.4e+38 27 26.8999996185303 27.3999996185303 25.8999996185303 22.1000003814697 24.2000007629395 21.2000007629395 20.2000007629395 20.3999996185303 16.7999992370605 23.6000003814697 19.6000003814697 16.7000007629395 18.1000003814697 17.7000007629395 16.2999992370605 17.2000007629395 18.6000003814697 18.3999996185303 18.2999992370605 19.5 20 20 19.7999992370605 19.6000003814697 19.7999992370605 19.7000007629395 19.7999992370605 16.8999996185303 17.3999996185303 17.5 18 17.6000003814697 18.3999996185303 20.5 21.2999992370605 21.2999992370605 19.5 22.2000007629395 22.8999996185303 23.6000003814697 23.7999992370605
-3.4e+38 -3.4e+38 -3.4e+38 -3.4e+38 -3.4e+38 -3.4e+38 -3.4e+38 -3.4e+38 -3.4e+38 -3.4e+38 -3.4e+38 -3.4e+38 -3.4e+38 -3.4e+38 27.2000007629395 27.7999992370605 27.2000007629395 23.2000007629395 23.8999996185303 20.5 23.2999992370605 21.6000003814697 16.7000007629395 23.5 21.2999992370605 19.1000003814697 18.7000007629395 17.5 16.2999992370605 18.7999992370605 18.7999992370605 18.5 18.2000007629395 19.1000003814697 19.7999992370605 20 19.6000003814697 19.5 19.5 19.7000007629395 19.6000003814697 17.2000007629395 17.6000003814697 17.8999996185303 18.7000007629395 17.7999992370605 18.8999996185303 19.8999996185303 21.1000003814697 21 19.7999992370605 21.5 22.8999996185303 23.3999996185303 23.7000007629395
-3.4e+38 -3.4e+38 -3.4e+38 -3.4e+38 -3.4e+38 -3.4e+38 -3.4e+38 -3.4e+38 -3.4e+38 -3.4e+38 -3.4e+38 -3.4e+38 -3.4e+38 -3.4e+38 27.1000003814697 27.7999992370605 27.2999992370605 25.3999996185303 21.8999996185303 20.7999992370605 23.6000003814697 23.8999996185303 18.1000003814697 22.3999996185303 19.7999992370605 20.7999992370605 18 18.1000003814697 18.5 19.2000007629395 19.3999996185303 18.7000007629395 17.1000003814697 19 19.8999996185303 19.7999992370605 19.5 19.2000007629395 19 19.3999996185303 20.1000003814697 17.7000007629395 18 18.1000003814697 18.6000003814697 18.2999992370605 19.7000007629395 20 20.7999992370605 21 20 20.5 23.1000003814697 23.2000007629395 22.8999996185303
-3.4e+38 -3.4e+38 -3.4e+38 -3.4e+38 -3.4e+38 -3.4e+38 -3.4e+38 -3.4e+38 -3.4e+38 -3.4e+38 -3.4e+38 -3.4e+38 -3.4e+38 -3.4e+38 26.5 27.6000003814697 28 27.2999992370605 24.6000003814697 19.6000003814697 25.2000007629395 24.3999996185303 20.2999992370605 21.3999996185303 17.3999996185303 21 18.2999992370605 19 19.3999996185303 19.1000003814697 19.8999996185303 18.2999992370605 16.5 19.3999996185303 19.8999996185303 19.6000003814697 19.2999992370605 19 18.7000007629395 19 16.8999996185303 17.5 17.8999996185303 17.7000007629395 18.3999996185303 18.6000003814697 19.8999996185303 20.8999996185303 21.2999992370605 21.2999992370605 20 20.1000003814697 22.7999992370605 23.2999992370605 22.8999996185303
-3.4e+38 -3.4e+38 -3.4e+38 -3.4e+38 -3.4e+38 -3.4e+38 -3.4e+38 -3.4e+38 -3.4e+38 -3.4e+38 -3.4e+38 -3.4e+38 -3.4e+38 -3.4e+38 26.6000003814697 27.2000007629395 28.3999996185303 28.6000003814697 28 22.8999996185303 25.6000003814697 21.2999992370605 24.1000003814697 22 16.7999992370605 22.5 21.1000003814697 20.7999992370605 20.2999992370605 18.5 20.7000007629395 19 18 19.2999992370605 19.6000003814697 19.5 19.2999992370605 18.8999996185303 19.1000003814697 19.2999992370605 16.7000007629395 16.7000007629395 17.7000007629395 17.8999996185303 17.1000003814697 19.8999996185303 19.8999996185303 20.7999992370605 21.6000003814697 21 20.3999996185303 20.7999992370605 23 23.6000003814697 23.1000003814697
-3.4e+38 -3.4e+38 -3.4e+38 -3.4e+38 -3.4e+38 -3.4e+38 -3.4e+38 -3.4e+38 -3.4e+38 -3.4e+38 -3.4e+38 -3.4e+38 -3.4e+38 -3.4e+38 -3.4e+38 27.3999996185303 28.2000007629395 28.7999992370605 27.2999992370605 28.7999992370605 28.8999996185303 24.6000003814697 23.2000007629395 23.6000003814697 19.3999996185303 23.1000003814697 20.8999996185303 20.1000003814697 19.7000007629395 18.1000003814697 21.7000007629395 20.5 19.2999992370605 19.6000003814697 19.7000007629395 19.2999992370605 19.2000007629395 19.2000007629395 19.2000007629395 19.3999996185303 16.8999996185303 16.6000003814697 18.1000003814697 18.2000007629395 17.5 18.1000003814697 18.2000007629395 20.7999992370605 21.7000007629395 21.2999992370605 21 21.2000007629395 23 23.2999992370605 23.7000007629395
-3.4e+38 -3.4e+38 -3.4e+38 -3.4e+38 -3.4e+38 -3.4e+38 -3.4e+38 -3.4e+38 -3.4e+38 -3.4e+38 -3.4e+38 -3.4e+38 -3.4e+38 -3.4e+38 -3.4e+38 27.1000003814697 27.8999996185303 28.2000007629395 28.7999992370605 27.7000007629395 29.2999992370605 21.6000003814697 21.2000007629395 23.7999992370605 20.3999996185303 25.3999996185303 19.1000003814697 19.3999996185303 19.5 19.5 22.5 19.7999992370605 19.5 20 19.7000007629395 19.2999992370605 19.3999996185303 18.8999996185303 19.1000003814697 19.5 16.2000007629395 17.2999992370605 18 18.2999992370605 18.7999992370605 18.3999996185303 18.8999996185303 20.2000007629395 21.2000007629395 21.5 21.5 21.8999996185303 22.8999996185303 23.1000003814697 23.6000003814697
-3.4e+38 -3.4e+38 -3.4e+38 -3.4e+38 -3.4e+38 -3.4e+38 -3.4e+38 -3.4e+38 -3.4e+38 -3.4e+38 -3.4e+38 -3.4e+38 -3.4e+38 -3.4e+38 -3.4e+38 -3.4e+38 27.1000003814697 26 25.7000007629395 25.7000007629395 29.1000003814697 23.6000003814697 21.2000007629395 22.7000007629395 23.7999992370605 24 18.5 20.2999992370605 19.1000003814697 22.6000003814697 21 19 20.2000007629395 20.2000007629395 19.8999996185303 19.7999992370605 19.5 19.2999992370605 19.2000007629395 19.2999992370605 19.5 17.5 17 17.7000007629395 17.7999992370605 18.2999992370605 20.2999992370605 21.1000003814697 20.7000007629395 21.5 21.2000007629395 22.2000007629395 21.7000007629395 21.3999996185303 22.8999996185303
-3.4e+38 -3.4e+38 -3.4e+38 -3.4e+38 -3.4e+38 -3.4e+38 -3.4e+38 -3.4e+38 -3.4e+38 -3.4e+38 -3.4e+38 -3.4e+38 -3.4e+38 -3.4e+38 -3.4e+38 -3.4e+38 -3.4e+38 24.8999996185303 22.8999996185303 22 26.8999996185303 28.5 21.7999992370605 21.7999992370605 27 20.8999996185303 19.6000003814697 19.6000003814697 18.7999992370605 23.1000003814697 19.3999996185303 20.3999996185303 20.7000007629395 20.3999996185303 20.2000007629395 20.1000003814697 20.3999996185303 19.5 18.3999996185303 18.6000003814697 19.7000007629395 17 17.3999996185303 17.2000007629395 16.7999992370605 17.1000003814697 19.2999992370605 19.6000003814697 20.5 19.7999992370605 21.2999992370605 21.8999996185303 19.8999996185303 19.2000007629395 22.7000007629395
-3.4e+38 -3.4e+38 -3.4e+38 -3.4e+38 -3.4e+38 -3.4e+38 -3.4e+38 -3.4e+38 -3.4e+38 -3.4e+38 -3.4e+38 -3.4e+38 -3.4e+38 -3.4e+38 -3.4e+38 -3.4e+38 -3.4e+38 26.6000003814697 23.8999996185303 20.7999992370605 22 23.2999992370605 24.7999992370605 24.6000003814697 22.7999992370605 22.2999992370605 22.1000003814697 22.2000007629395 23.2000007629395 21.5 20.6000003814697 21.1000003814697 20.7000007629395 20.3999996185303 20.6000003814697 20.7000007629395 20.8999996185303 20.5 18.7999992370605 19 19.1000003814697 17.2999992370605 17.5 17 16.7999992370605 17 18.2000007629395 18.1000003814697 17.7000007629395 16.8999996185303 19.7999992370605 21.5 20.7999992370605 20.3999996185303 21.7999992370605
-3.4e+38 -3.4e+38 -3.4e+38 -3.4e+38 -3.4e+38 -3.4e+38 -3.4e+38 -3.4e+38 -3.4e+38 -3.4e+38 -3.4e+38 -3.4e+38 -3.4e+38 -3.4e+38 -3.4e+38 -3.4e+38 -3.4e+38 25.2000007629395 23.8999996185303 25.5 25.1000003814697 22.3999996185303 24.5 26.2999992370605 26.5 23.7999992370605 21.7999992370605 25.7000007629395 23.2999992370605 21.2000007629395 21.2999992370605 21.1000003814697 20.6000003814697 20.6000003814697 20.6000003814697 20.7999992370605 21.3999996185303 21.8999996185303 21.8999996185303 20.6000003814697 18.6000003814697 19.6000003814697 17.5 17.1000003814697 17 17 17.6000003814697 18.3999996185303 17.7999992370605 17.8999996185303 19 20.7000007629395 21.2000007629395 20.5 21.3999996185303
-3.4e+38 -3.4e+38 -3.4e+38 -3.4e+38 -3.4e+38 -3.4e+38 -3.4e+38 -3.4e+38 -3.4e+38 -3.4e+38 -3.4e+38 -3.4e+38 -3.4e+38 -3.4e+38 -3.4e+38 -3.4e+38 25.2000007629395 26.5 25.2999992370605 24.2999992370605 26.6000003814697 21.8999996185303 21 22.7999992370605 24.6000003814697 25.7999992370605 25.2999992370605 23.7999992370605 22 21.2000007629395 21.5 20.5 20.3999996185303 20.2000007629395 20.2000007629395 21.1000003814697 21.3999996185303 22.2999992370605 22.7000007629395 22.3999996185303 21.5 20 17.7000007629395 17.2000007629395 16.8999996185303 16.7000007629395 16 17 19 17.5 17.5 20 19 21 19.2000007629395
-3.4e+38 -3.4e+38 -3.4e+38 -3.4e+38 -3.4e+38 -3.4e+38 -3.4e+38 -3.4e+38 -3.4e+38 -3.4e+38 -3.4e+38 -3.4e+38 -3.4e+38 -3.4e+38 -3.4e+38 -3.4e+38 27 25.8999996185303 20.6000003814697 18.7999992370605 20.7000007629395 22.7000007629395 22.1000003814697 21.6000003814697 22.2000007629395 22.8999996185303 22.2999992370605 23 23.6000003814697 22.6000003814697 22 21.2000007629395 20.2000007629395 20.3999996185303 20.2000007629395 20.7000007629395 21.8999996185303 22.2999992370605 22.5 22.5 22.1000003814697 20.8999996185303 20.8999996185303 17.6000003814697 17.1000003814697 17.6000003814697 17.7000007629395 17.7999992370605 18 16.2000007629395 17.8999996185303 19.2000007629395 18.2000007629395 18.7000007629395 20.3999996185303
