data/layers/future_layer_can_585_60/bio9.asc
NCOLS 494 
NROWS 529 
XLLCORNER -117.166666666667 
YLLCORNER -55.5 
CELLSIZE 0.166666666666667 
NODATA_value -3.4e+38 
[rows 312 to 335 of 529, columns 330 to 384 of 494]
27.1000003814697 27.2000007629395 27.2999992370605 27.5 27.6000003814697 27.7999992370605 28 28.2000007629395 28.6000003814697 28.7999992370605 28.7999992370605 29 29.3999996185303 29.7000007629395 30 30.2000007629395 30.2999992370605 30.1000003814697 29.6000003814697 29.3999996185303 29.6000003814697 29.7000007629395 29.6000003814697 29.3999996185303 29.2999992370605 29.1000003814697 29 28.8999996185303 28.5 28.3999996185303 28.3999996185303 28.2999992370605 28.2000007629395 28.2000007629395 28.1000003814697 28.1000003814697 28.1000003814697 26.1000003814697 26.2000007629395 26.2000007629395 26.2000007629395 26 25.7999992370605 26 24.8999996185303 24.5 24.7000007629395 25.3999996185303 25.5 25.1000003814697 24.7000007629395 24.8999996185303 24.7999992370605 24.6000003814697 24.6000003814697
26.8999996185303 27 27.1000003814697 27.2000007629395 27.6000003814697 27.7000007629395 28 28.1000003814697 28.2999992370605 28.6000003814697 28.8999996185303 29 29.2999992370605 29.6000003814697 29.8999996185303 30.1000003814697 30.2999992370605 30.2000007629395 29.7000007629395 29.3999996185303 29.5 29.5 29.3999996185303 29.2999992370605 29.2000007629395 29 28.7999992370605 28.6000003814697 28.3999996185303 28.2999992370605 28.2000007629395 28.1000003814697 27.8999996185303 27.8999996185303 27.7999992370605 27.8999996185303 28 28 28 26.1000003814697 28.2000007629395 25.2999992370605 25.6000003814697 25.6000003814697 25.5 24.8999996185303 24.5 24.8999996185303 25.2000007629395 24.7999992370605 24.6000003814697 24.7999992370605 24.8999996185303 24.7999992370605 24.7999992370605
26.7999992370605 26.7000007629395 26.8999996185303 27 27.2000007629395 27.5 27.7999992370605 28.1000003814697 28.2000007629395 28.5 28.7000007629395 28.8999996185303 29.1000003814697 29.3999996185303 29.7000007629395 30 30.1000003814697 30 29.8999996185303 29.6000003814697 29.5 29.2999992370605 29.2000007629395 29.2000007629395 28.8999996185303 28.7999992370605 28.7000007629395 28.3999996185303 28.3999996185303 28.2000007629395 28 27.8999996185303 27.7999992370605 27.7999992370605 27.7999992370605 27.8999996185303 27.8999996185303 27.8999996185303 27.8999996185303 26.1000003814697 25.8999996185303 25.3999996185303 25.5 25.6000003814697 25.7999992370605 25.7999992370605 25.1000003814697 24.7000007629395 24.7999992370605 24.7999992370605 24.8999996185303 24.8999996185303 25 24.8999996185303 24.8999996185303
26.6000003814697 26.6000003814697 26.6000003814697 26.7000007629395 27 24.3999996185303 24.6000003814697 24.7999992370605 28.1000003814697 28.2999992370605 28.6000003814697 28.7000007629395 29 29.2000007629395 29.3999996185303 29.6000003814697 29.7000007629395 29.7999992370605 29.7000007629395 29.5 29.3999996185303 29.2000007629395 29 28.8999996185303 28.6000003814697 28.6000003814697 28.5 28.3999996185303 28.2999992370605 28.2000007629395 27.7000007629395 27.7000007629395 27.7000007629395 27.6000003814697 27.7000007629395 27.7999992370605 27.7999992370605 27.7000007629395 27.7999992370605 28 25.5 25.6000003814697 25.5 25.8999996185303 25.8999996185303 25.8999996185303 25.2000007629395 24.7999992370605 24.8999996185303 25.1000003814697 24.7999992370605 24.8999996185303 25 25 24.7999992370605
26.5 26.5 26.6000003814697 26.7000007629395 26.7999992370605 27.2000007629395 24.3999996185303 24.6000003814697 24.7999992370605 28.1000003814697 28.2999992370605 28.6000003814697 28.7999992370605 28.8999996185303 29.2000007629395 29.2999992370605 29.3999996185303 29.3999996185303 29.3999996185303 29.2000007629395 26.1000003814697 26 26 25.8999996185303 28.5 28.3999996185303 28.2999992370605 28.2999992370605 28.2000007629395 28.1000003814697 27.2000007629395 26.8999996185303 27.7000007629395 27.5 27.5 27.5 27.5 27.6000003814697 27.6000003814697 27.5 27.6000003814697 25.6000003814697 25.7000007629395 26 26.1000003814697 26 25.1000003814697 24.8999996185303 25 25.1000003814697 25.1000003814697 24.8999996185303 25 25.1000003814697 25
26.2000007629395 26.2000007629395 26.3999996185303 26.6000003814697 26.7999992370605 26.8999996185303 27.2999992370605 27.5 24.5 27.8999996185303 27.8999996185303 28.1000003814697 28.5 28.7000007629395 28.8999996185303 28.8999996185303 29.1000003814697 29 29.1000003814697 29 25.8999996185303 25.8999996185303 25.7999992370605 25.7999992370605 25.7999992370605 28.2000007629395 28.2000007629395 28.2000007629395 28.1000003814697 27.8999996185303 27.7000007629395 26.7000007629395 27.2000007629395 27.3999996185303 27.3999996185303 27.2999992370605 27.3999996185303 27.2999992370605 27.2999992370605 27.1000003814697 27.3999996185303 27.6000003814697 25.7000007629395 26 26.1000003814697 25.1000003814697 24.8999996185303 25 25.1000003814697 25.1000003814697 25.2000007629395 24.8999996185303 24.8999996185303 24.8999996185303 25.1000003814697
26.1000003814697 26.1000003814697 26.2000007629395 26.3999996185303 26.6000003814697 26.7999992370605 27 27.2000007629395 27.5 27.7000007629395 27.7999992370605 27.8999996185303 28.2000007629395 28.3999996185303 28.6000003814697 28.7000007629395 28.7999992370605 28.7999992370605 28.7999992370605 28.7000007629395 25.6000003814697 25.6000003814697 25.6000003814697 25.6000003814697 25.6000003814697 28.1000003814697 28.1000003814697 27.8999996185303 27.7999992370605 27.7999992370605 27.6000003814697 26.6000003814697 27.1000003814697 27.2000007629395 27.2999992370605 27.1000003814697 27 27.1000003814697 27.2000007629395 26.7999992370605 27.2999992370605 27.5 25.7999992370605 25.8999996185303 25.7999992370605 25.2000007629395 25.1000003814697 25.2000007629395 25.2000007629395 25.1000003814697 25.2000007629395 25 24.7999992370605 24.8999996185303 24.8999996185303
25.7999992370605 25.7999992370605 26 26.2000007629395 26.3999996185303 26.6000003814697 26.8999996185303 27 27.2000007629395 27.5 27.6000003814697 27.8999996185303 28 28.2000007629395 28.2999992370605 28.3999996185303 28.5 28.5 28.5 28.5 28.3999996185303 28.3999996185303 25.2999992370605 25.3999996185303 28 27.8999996185303 27.8999996185303 27.7999992370605 27.7000007629395 27.6000003814697 27.5 26.6000003814697 26.6000003814697 26.8999996185303 27.1000003814697 27 27 27 27.1000003814697 27.1000003814697 27.2000007629395 27.3999996185303 27.7000007629395 25.7999992370605 25.3999996185303 25.2999992370605 25.1000003814697 25 24.8999996185303 25 25 25.1000003814697 24.7999992370605 24.6000003814697 24.6000003814697
25.6000003814697 25.6000003814697 25.7999992370605 26.1000003814697 26.2000007629395 26.3999996185303 26.6000003814697 26.7999992370605 27.1000003814697 27.2000007629395 27.3999996185303 27.6000003814697 27.7999992370605 27.8999996185303 28.1000003814697 28.2000007629395 28.2999992370605 28.2999992370605 28.2999992370605 28.2000007629395 28.2000007629395 28 25.2000007629395 27.8999996185303 27.7999992370605 27.7000007629395 27.7000007629395 27.7000007629395 27.5 27.2999992370605 27.2000007629395 26.3999996185303 25.8999996185303 26.3999996185303 26.6000003814697 26.7999992370605 26.8999996185303 26.7999992370605 26.8999996185303 26.8999996185303 27.1000003814697 27.2999992370605 27.5 27.5 25.1000003814697 25.1000003814697 24.8999996185303 24.7999992370605 24.7999992370605 24.7999992370605 24.7999992370605 24.8999996185303 24.8999996185303 24.6000003814697 24.5
25.5 25.5 25.6000003814697 25.7999992370605 26 26.2999992370605 26.3999996185303 26.6000003814697 26.7999992370605 27 27.2000007629395 27.3999996185303 27.5 27.7000007629395 27.7999992370605 27.7999992370605 28 28 28 27.8999996185303 27.8999996185303 27.8999996185303 27.7999992370605 27.7000007629395 27.6000003814697 27.5 27.3999996185303 27.2999992370605 27.3999996185303 27.1000003814697 27 26.3999996185303 25.2000007629395 25.6000003814697 26.3999996185303 26.7000007629395 26.7999992370605 26.8999996185303 26.7000007629395 26.8999996185303 26.7999992370605 26.8999996185303 27 26.8999996185303 26.7000007629395 25 24.7999992370605 24.7999992370605 24.7999992370605 24.7999992370605 24.6000003814697 24.7000007629395 24.7999992370605 24.7000007629395 24.3999996185303
25.2999992370605 25.2999992370605 25.5 25.7000007629395 25.8999996185303 26 26.2000007629395 26.3999996185303 26.5 26.7999992370605 26.8999996185303 27.1000003814697 27.2000007629395 27.3999996185303 27.6000003814697 27.6000003814697 27.7000007629395 27.7999992370605 27.7000007629395 27.7000007629395 27.7000007629395 27.5 27.5 27.5 27.3999996185303 27.2999992370605 27.2000007629395 27.2000007629395 27.1000003814697 26.5 26.7000007629395 26.2999992370605 25.1000003814697 25.6000003814697 26.2000007629395 26.6000003814697 26.6000003814697 26.7000007629395 26.7000007629395 26.5 26.2000007629395 26 26.2999992370605 26.6000003814697 26.7000007629395 24.3999996185303 24.7000007629395 24.6000003814697 24.6000003814697 24.6000003814697 24.5 24.2999992370605 24.2999992370605 24.3999996185303 24.3999996185303
25.2999992370605 25.2000007629395 25.3999996185303 25.6000003814697 25.7000007629395 25.8999996185303 26 26.1000003814697 26.2999992370605 26.3999996185303 26.7000007629395 26.8999996185303 26.8999996185303 27.2000007629395 27.2000007629395 27.2999992370605 27.3999996185303 27.5 27.3999996185303 27.3999996185303 27.3999996185303 27.3999996185303 27.2999992370605 27.2000007629395 27.2000007629395 27.1000003814697 27 27 27 26.7000007629395 26.5 26 25.1000003814697 25.7999992370605 26.1000003814697 26.5 26.3999996185303 26.5 26.6000003814697 25.7000007629395 25.7000007629395 26.1000003814697 26.1000003814697 26.3999996185303 26.7000007629395 26.3999996185303 24.2000007629395 24.3999996185303 24.3999996185303 24.3999996185303 24.2999992370605 24.2999992370605 24.2000007629395 24.2000007629395 26.5
25.2000007629395 25.1000003814697 25.2000007629395 25.3999996185303 25.6000003814697 25.7000007629395 25.7999992370605 25.8999996185303 26 26.2000007629395 26.3999996185303 26.5 26.7000007629395 26.8999996185303 27 27.1000003814697 27.2000007629395 27.2000007629395 27.2000007629395 27.2000007629395 27.1000003814697 27 26.8999996185303 26.8999996185303 26.8999996185303 26.7999992370605 26.7999992370605 26.7999992370605 26.6000003814697 25.8999996185303 25.8999996185303 25.7000007629395 25.2999992370605 25.7000007629395 26.1000003814697 26.2999992370605 26.2999992370605 26.2999992370605 26.2000007629395 25.5 25.6000003814697 26.1000003814697 26.1000003814697 26.2000007629395 26.5 26.3999996185303 26.3999996185303 24.1000003814697 24.2000007629395 24.2000007629395 24.2000007629395 26.2999992370605 26.2000007629395 26.2000007629395 26.2999992370605
25 25 25.1000003814697 25.2000007629395 25.3999996185303 25.5 25.5 25.6000003814697 25.7999992370605 25.8999996185303 26.1000003814697 26.2999992370605 26.3999996185303 26.6000003814697 26.7999992370605 26.8999996185303 26.8999996185303 27 26.8999996185303 26.8999996185303 26.7999992370605 26.7999992370605 26.7999992370605 26.7000007629395 26.6000003814697 26.6000003814697 26.6000003814697 26.3999996185303 26.2999992370605 25.5 25.7999992370605 25.7000007629395 25.2000007629395 25.6000003814697 25.8999996185303 26.1000003814697 26.2000007629395 26.2000007629395 25.6000003814697 25.1000003814697 25.3999996185303 25.7999992370605 26.1000003814697 26.1000003814697 26.2000007629395 26.2999992370605 26.3999996185303 24.1000003814697 24 24.1000003814697 24.1000003814697 26.2000007629395 26.1000003814697 26.2000007629395 26.1000003814697
24.7999992370605 24.7999992370605 24.8999996185303 25.1000003814697 25.2000007629395 25.2999992370605 25.2999992370605 25.2999992370605 25.5 25.6000003814697 25.7999992370605 26.1000003814697 26.2999992370605 26.5 26.6000003814697 26.6000003814697 26.7000007629395 26.6000003814697 26.6000003814697 26.6000003814697 26.5 26.5 26.3999996185303 26.3999996185303 26.2999992370605 26.2999992370605 26.3999996185303 26.2000007629395 26.1000003814697 25.7000007629395 25.7999992370605 25.2000007629395 25.2999992370605 25.7999992370605 25.8999996185303 25.7999992370605 26 25.7999992370605 25.1000003814697 25.1000003814697 25.2999992370605 25.6000003814697 25.7999992370605 26 26 26.1000003814697 23.8999996185303 26.1000003814697 26.1000003814697 26.2000007629395 26.1000003814697 26.1000003814697 26 25.7999992370605 25.7000007629395
24.5 24.6000003814697 24.7999992370605 25 25.1000003814697 25.1000003814697 25.1000003814697 25.1000003814697 25.1000003814697 25.2000007629395 25.5 25.8999996185303 26.1000003814697 26.3999996185303 26.5 26.5 26.5 26.5 26.3999996185303 26.3999996185303 26.2999992370605 26.2999992370605 26.2000007629395 26.1000003814697 26.1000003814697 26.1000003814697 26.1000003814697 26 25.8999996185303 25.7999992370605 25.6000003814697 25.3999996185303 25.5 25.7999992370605 25.8999996185303 25.8999996185303 25.7000007629395 25.2000007629395 24.6000003814697 24.8999996185303 25.3999996185303 25.5 25.5 25.6000003814697 25.7999992370605 25.8999996185303 23.7000007629395 23.7000007629395 25.8999996185303 25.8999996185303 26 25.8999996185303 25.7999992370605 25.7000007629395 25.6000003814697
24.2999992370605 24.5 24.7000007629395 24.8999996185303 25 25 24.8999996185303 25 24.8999996185303 25 25.2999992370605 25.7000007629395 26 26.1000003814697 26.2999992370605 26.3999996185303 26.3999996185303 26.2999992370605 26.2000007629395 26.1000003814697 26.1000003814697 25.8999996185303 25.8999996185303 25.8999996185303 25.7999992370605 25.7000007629395 25.7999992370605 25.7999992370605 25.6000003814697 25.6000003814697 25.6000003814697 25.5 25.7000007629395 25.7000007629395 25.8999996185303 25.8999996185303 25.7000007629395 24.7999992370605 24.7000007629395 25 25.1000003814697 25.2000007629395 25.1000003814697 25.2000007629395 25.3999996185303 25.6000003814697 25.6000003814697 25.7000007629395 23.3999996185303 25.5 25.7999992370605 25.7999992370605 25.5 25.6000003814697 25.6000003814697
23.8999996185303 24.2000007629395 24.6000003814697 24.7999992370605 24.8999996185303 24.7999992370605 24.7999992370605 24.7999992370605 24.8999996185303 24.8999996185303 25.2000007629395 25.5 26 26 26.2000007629395 26.2000007629395 26.1000003814697 26 25.8999996185303 25.8999996185303 25.7999992370605 25.7999992370605 25.7000007629395 25.6000003814697 25.6000003814697 25.6000003814697 25.6000003814697 25.6000003814697 25.5 25.6000003814697 25.6000003814697 25.6000003814697 25.7000007629395 25.7000007629395 25.7999992370605 25.7000007629395 25.7000007629395 24.7000007629395 24.6000003814697 24.7999992370605 25.1000003814697 25.1000003814697 25.1000003814697 25 25.1000003814697 25.2000007629395 25.3999996185303 25.5 25.2000007629395 25.2999992370605 25.3999996185303 25.7000007629395 25.5 25.5 25.5
20.1000003814697 20.5 24.2999992370605 24.7999992370605 24.7999992370605 24.6000003814697 24.6000003814697 24.7000007629395 24.7000007629395 24.8999996185303 25.1000003814697 25.3999996185303 25.7999992370605 25.8999996185303 25.8999996185303 25.8999996185303 25.7999992370605 25.7999992370605 25.7000007629395 25.7000007629395 25.6000003814697 25.5 25.6000003814697 25.5 25.5 25.3999996185303 25.3999996185303 25.3999996185303 25.1000003814697 25.2999992370605 25.2999992370605 25.2999992370605 25.6000003814697 25.7000007629395 25.7000007629395 25.3999996185303 25.2999992370605 25 24.5 24.6000003814697 24.8999996185303 24.8999996185303 24.8999996185303 25 25.1000003814697 25.1000003814697 25.2000007629395 25 25.1000003814697 25 25.1000003814697 25.3999996185303 25.3999996185303 25.3999996185303 25.3999996185303
19.6000003814697 20.1000003814697 20.7999992370605 24.3999996185303 24.2999992370605 24.2999992370605 24.3999996185303 24.3999996185303 24.6000003814697 24.6000003814697 24.8999996185303 25.2000007629395 25.3999996185303 25.5 25.5 25.6000003814697 25.6000003814697 25.5 25.5 25.3999996185303 25.2999992370605 25.2999992370605 25.2999992370605 25.2999992370605 25.2000007629395 25.2999992370605 25.2999992370605 25.2999992370605 24.8999996185303 24.8999996185303 25 25.2000007629395 25.3999996185303 25.5 25.6000003814697 25.5 25.5 25.2999992370605 24.8999996185303 24.6000003814697 24.6000003814697 24.6000003814697 24.6000003814697 24.6000003814697 24.7000007629395 24.7000007629395 24.6000003814697 24.7999992370605 25 25 25 25.2000007629395 25.2999992370605 25.2000007629395 25.2999992370605
19.3999996185303 19.7999992370605 20.2000007629395 23.5 23.6000003814697 23.8999996185303 23.8999996185303 24.2000007629395 24.2999992370605 24.3999996185303 24.7000007629395 24.8999996185303 25.1000003814697 25.2000007629395 25.2000007629395 25.2000007629395 25.2999992370605 25.2000007629395 25.1000003814697 25.1000003814697 25.1000003814697 25.1000003814697 25.1000003814697 25.2000007629395 25.1000003814697 25.2000007629395 25.2999992370605 25.2999992370605 25.2000007629395 25 25 25.2000007629395 25.2999992370605 25.5 25.7000007629395 25.2999992370605 25.2000007629395 25.3999996185303 25.2999992370605 24.5 24.7000007629395 24.7000007629395 24.7000007629395 24.8999996185303 24.7999992370605 24.7999992370605 24.6000003814697 24.6000003814697 24.7000007629395 24.7999992370605 24.8999996185303 25 25.1000003814697 25.1000003814697 24.8999996185303
19.2999992370605 19.6000003814697 19.8999996185303 20.1000003814697 23.2999992370605 23.5 23.7000007629395 23.7999992370605 24 24.2000007629395 24.2999992370605 24.5 24.7000007629395 24.7999992370605 24.8999996185303 24.8999996185303 24.8999996185303 24.8999996185303 24.8999996185303 24.7999992370605 24.7999992370605 24.8999996185303 25 25 25 25.1000003814697 25.2000007629395 25.2000007629395 25.2000007629395 25.1000003814697 25 25.1000003814697 25.2000007629395 25.5 25.2999992370605 25.2000007629395 25.3999996185303 25.2999992370605 25.3999996185303 24.5 24.6000003814697 24.7999992370605 24.7999992370605 24.7999992370605 24.7999992370605 24.8999996185303 24.7999992370605 24.6000003814697 24.6000003814697 24.7000007629395 24.7000007629395 24.8999996185303 24.7999992370605 24.6000003814697 24.3999996185303
19.2000007629395 22.5 19.6000003814697 19.8999996185303 23.1000003814697 23.2999992370605 23.3999996185303 23.6000003814697 23.7000007629395 23.8999996185303 24.1000003814697 24.2000007629395 24.2999992370605 24.5 24.6000003814697 24.7000007629395 24.6000003814697 24.6000003814697 24.5 24.6000003814697 24.6000003814697 24.7000007629395 24.7999992370605 24.8999996185303 25 25.1000003814697 25.2000007629395 25.2000007629395 25.2000007629395 25.2000007629395 25 25.1000003814697 25.2000007629395 25.2000007629395 25.1000003814697 25.2999992370605 25.2000007629395 25.2000007629395 25.2999992370605 24.5 24.5 24.3999996185303 24.3999996185303 24.5 24.3999996185303 24.6000003814697 24.7000007629395 24.6000003814697 24.5 24.5 24.5 24.7000007629395 24.6000003814697 24.6000003814697 24.2999992370605
19.2999992370605 22.3999996185303 22.6000003814697 22.7999992370605 23 23 20.1000003814697 20.2000007629395 20.2999992370605 20.3999996185303 20.6000003814697 20.7000007629395 21 24.2000007629395 24.2999992370605 24.3999996185303 24.3999996185303 24.3999996185303 24.2999992370605 24.2000007629395 24.2999992370605 24.5 24.7000007629395 24.7999992370605 24.8999996185303 25.1000003814697 25.2000007629395 25.3999996185303 25.3999996185303 25.2000007629395 25.1000003814697 25 25 25.1000003814697 25.1000003814697 25.3999996185303 25.3999996185303 25.2999992370605 25.1000003814697 24.3999996185303 24.3999996185303 24.3999996185303 24.5 24.3999996185303 24.3999996185303 24.2000007629395 24.2000007629395 24.2000007629395 24.2999992370605 24.2999992370605 24.5 24.5 24.3999996185303 24.2999992370605 24.2999992370605
