data/layers/future_layer_can_585_60/bio9.asc
NCOLS 494 
NROWS 529 
XLLCORNER -117.166666666667 
YLLCORNER -55.5 
CELLSIZE 0.166666666666667 
NODATA_value -3.4e+38 
[rows 432 to 455 of 529, columns 275 to 329 of 494]
17.2000007629395 18.3999996185303 19.3999996185303 18.6000003814697 19.6000003814697 20.5 21.5 23.2000007629395 22.1000003814697 22.7000007629395 20.2999992370605 20.3999996185303 20.7000007629395 20.3999996185303 12 12.3000001907349 8.5 7.80000019073486 8.30000019073486 8.89999961853027 9.80000019073486 10.1000003814697 10.6999998092651 11.1999998092651 10.8999996185303 10.8000001907349 10.8000001907349 11 11 11 10.8999996185303 11 11.1999998092651 9.39999961853027 9.30000019073486 9 9 9 9 9.10000038146973 9.10000038146973 9.10000038146973 9.19999980926514 9.19999980926514 9.10000038146973 9.10000038146973 9 9 9.10000038146973 9 9.10000038146973 9 9 8.89999961853027 8.80000019073486
17.6000003814697 17.8999996185303 19.2000007629395 19.2000007629395 20.7999992370605 20.7000007629395 21.8999996185303 22.7999992370605 21.8999996185303 22.5 20.2000007629395 20.6000003814697 20.2000007629395 20.1000003814697 12 12.1000003814697 7.90000009536743 7.90000009536743 8.60000038146973 9.10000038146973 9.30000019073486 9.80000019073486 10.5 10.8999996185303 11.3999996185303 11.6000003814697 11.3999996185303 11.1000003814697 10.8999996185303 10.8999996185303 10.8999996185303 10.8999996185303 11 11.1999998092651 11.1999998092651 9.10000038146973 9 9 9 9 9 9 9 9 9.10000038146973 9 9 9 9.10000038146973 9.10000038146973 9 8.89999961853027 8.89999961853027 8.89999961853027 8.80000019073486
18.3999996185303 19.6000003814697 20.2000007629395 20.3999996185303 21.1000003814697 20.7999992370605 21.1000003814697 23.1000003814697 22.1000003814697 19.7000007629395 20 20.2999992370605 19.8999996185303 19.7999992370605 11.3999996185303 11.6000003814697 7.90000009536743 8.10000038146973 8.60000038146973 8.89999961853027 9.39999961853027 9.89999961853027 10.3999996185303 10.8000001907349 11 11.3999996185303 11.6000003814697 11.5 10.8999996185303 10.8000001907349 10.8999996185303 10.8999996185303 11 11.1000003814697 11.1999998092651 11.1999998092651 9.10000038146973 9.10000038146973 9 9 9 9 9 9.10000038146973 9 9.10000038146973 9.19999980926514 9.10000038146973 9 9 8.89999961853027 8.89999961853027 8.89999961853027 8.80000019073486 8.69999980926514
18.5 20.1000003814697 20.5 20.7000007629395 20.1000003814697 21.5 21.7999992370605 23.2999992370605 24.1000003814697 19.1000003814697 19.2000007629395 19.2000007629395 18.7999992370605 19 10.6000003814697 8 7.30000019073486 7.69999980926514 8.19999980926514 8.60000038146973 8.89999961853027 9.30000019073486 9.89999961853027 10.3999996185303 10.6999998092651 11 11.1999998092651 11.3999996185303 11.1999998092651 10.8999996185303 10.8999996185303 11 10.8999996185303 11 11 11.1000003814697 11.1000003814697 9.10000038146973 9.10000038146973 9.10000038146973 9 8.89999961853027 9 9 9 9 9 9 9 8.89999961853027 8.89999961853027 8.80000019073486 8.69999980926514 8.69999980926514 -3.4e+38
18.6000003814697 19.8999996185303 21 21.3999996185303 20.5 21.2000007629395 22.5 23.2000007629395 21.2999992370605 20.6000003814697 20.5 17.7999992370605 17.6000003814697 9.60000038146973 9.5 9.80000019073486 6.5 6.90000009536743 7.5 8 8.39999961853027 9 9.60000038146973 10 10.3999996185303 10.6000003814697 10.6999998092651 10.8000001907349 11 11.1000003814697 10.8000001907349 10.8999996185303 11.1999998092651 11.1000003814697 11 10.8999996185303 10.8999996185303 10.8999996185303 10.8999996185303 8.80000019073486 8.80000019073486 8.80000019073486 8.80000019073486 8.80000019073486 8.89999961853027 8.89999961853027 8.80000019073486 8.89999961853027 8.89999961853027 8.89999961853027 8.69999980926514 8.69999980926514 8.60000038146973 8.69999980926514 -3.4e+38
15.3000001907349 18 20.3999996185303 21.7000007629395 21.5 20.6000003814697 21.5 22.3999996185303 20 19.6000003814697 19.1000003814697 19.2000007629395 19.2999992370605 8.19999980926514 8.60000038146973 8.80000019073486 6.09999990463257 6.5 6.80000019073486 7.40000009536743 7.80000019073486 8.5 9 9.60000038146973 9.89999961853027 10 10.1999998092651 10.5 10.6999998092651 11 11.1000003814697 10.8999996185303 11.1000003814697 11.5 11.8000001907349 11.3999996185303 11.3999996185303 11 10.8999996185303 10.8000001907349 8.69999980926514 8.80000019073486 8.89999961853027 8.89999961853027 8.89999961853027 8.89999961853027 8.89999961853027 8.89999961853027 8.80000019073486 8.80000019073486 8.80000019073486 8.60000038146973 8.69999980926514 8.60000038146973 -3.4e+38
16.8999996185303 18.1000003814697 20.6000003814697 21.7000007629395 21.2000007629395 20.7999992370605 21.7999992370605 20.3999996185303 19.2999992370605 18.2999992370605 18.1000003814697 18.2000007629395 18.2999992370605 18.7999992370605 7.90000009536743 7.90000009536743 5.59999990463257 6 6.09999990463257 6.90000009536743 7.5 8.10000038146973 8.69999980926514 9.19999980926514 9.5 9.80000019073486 10.1999998092651 10.5 10.8999996185303 11.1999998092651 11.3000001907349 11.3000001907349 10.8999996185303 11.3000001907349 11.5 11.8000001907349 14.5 11.8000001907349 11.3999996185303 10.8999996185303 10.8000001907349 10.8000001907349 8.80000019073486 8.80000019073486 8.89999961853027 9 9 8.89999961853027 8.89999961853027 8.89999961853027 8.89999961853027 8.69999980926514 8.60000038146973 -3.4e+38 -3.4e+38
16.7999992370605 17.7000007629395 20.3999996185303 21.2000007629395 21.6000003814697 21.5 20.1000003814697 19.5 18.1000003814697 17.7000007629395 17.8999996185303 18.2000007629395 18.5 18.7000007629395 7.59999990463257 4.90000009536743 5.5 5.90000009536743 6.09999990463257 6.69999980926514 7.59999990463257 8.10000038146973 8.69999980926514 9.10000038146973 9.19999980926514 9.69999980926514 10 10.3000001907349 10.6000003814697 10.6999998092651 10.8000001907349 11.1000003814697 11 10.8999996185303 10.8000001907349 11 11.1999998092651 11.1999998092651 11 10.8999996185303 10.6999998092651 10.6999998092651 10.6999998092651 10.8000001907349 9 9 9.10000038146973 9 8.89999961853027 8.89999961853027 8.80000019073486 8.69999980926514 8.60000038146973 8.5 8.5
17.1000003814697 18.8999996185303 18.8999996185303 20.1000003814697 20 20.3999996185303 19.7999992370605 19.1000003814697 17.8999996185303 17.8999996185303 18.6000003814697 18.8999996185303 18.8999996185303 18.6000003814697 7.30000019073486 7.5 5.69999980926514 6 6.5 7.19999980926514 7.40000009536743 7.69999980926514 8.10000038146973 8.60000038146973 8.80000019073486 9.19999980926514 9.39999961853027 9.60000038146973 10 10.3000001907349 10.5 10.8000001907349 10.8999996185303 10.6999998092651 10.6999998092651 10.8000001907349 11 -3.4e+38 -3.4e+38 11.1999998092651 10.8999996185303 10.8000001907349 10.6999998092651 10.6999998092651 8.89999961853027 9 9 9 9 8.89999961853027 8.80000019073486 8.60000038146973 8.60000038146973 8.5 -3.4e+38
16 18.7999992370605 18.3999996185303 19.2000007629395 19.3999996185303 17.2000007629395 19.2999992370605 18.3999996185303 17.6000003814697 18.3999996185303 19 19.5 19.7999992370605 18.8999996185303 17.6000003814697 6.80000019073486 5.5 6.19999980926514 6.59999990463257 6.90000009536743 7.09999990463257 7.5 7.69999980926514 7.90000009536743 8.30000019073486 8.39999961853027 8.5 8.80000019073486 9.19999980926514 9.39999961853027 9.89999961853027 10 10.1999998092651 10.5 10.6000003814697 10.6999998092651 10.8999996185303 -3.4e+38 -3.4e+38 -3.4e+38 -3.4e+38 -3.4e+38 10.6999998092651 10.8000001907349 10.6000003814697 8.89999961853027 8.89999961853027 8.89999961853027 8.89999961853027 9 8.89999961853027 8.69999980926514 -3.4e+38 -3.4e+38 -3.4e+38
18.7999992370605 19 18.6000003814697 18.7999992370605 19.2999992370605 19.8999996185303 18.5 17.7999992370605 17.5 17.7999992370605 19 20.1000003814697 20.2000007629395 12.5 7.80000019073486 8.10000038146973 5.90000009536743 6.09999990463257 6.59999990463257 6.69999980926514 7 7.30000019073486 7.09999990463257 7.19999980926514 7 7 7.30000019073486 7.69999980926514 8.10000038146973 8.60000038146973 9.10000038146973 9.60000038146973 10 10.1999998092651 10.5 10.6999998092651 11 -3.4e+38 -3.4e+38 -3.4e+38 -3.4e+38 -3.4e+38 -3.4e+38 -3.4e+38 -3.4e+38 12.8999996185303 12.8999996185303 9 9 8.89999961853027 -3.4e+38 -3.4e+38 -3.4e+38 -3.4e+38 -3.4e+38
16.7999992370605 18.1000003814697 18.2000007629395 18.3999996185303 18.5 17.7999992370605 17.7999992370605 17.5 17.8999996185303 18.2000007629395 19.1000003814697 19.7999992370605 20 13 12.8000001907349 8.89999961853027 6.09999990463257 5.90000009536743 6.09999990463257 6 6.59999990463257 5.80000019073486 5.80000019073486 6 5.90000009536743 5.80000019073486 5.69999980926514 6 6.80000019073486 7.80000019073486 8.69999980926514 9.10000038146973 9.60000038146973 10.1000003814697 10.3000001907349 10.3999996185303 10.8000001907349 -3.4e+38 -3.4e+38 -3.4e+38 -3.4e+38 -3.4e+38 -3.4e+38 -3.4e+38 -3.4e+38 -3.4e+38 -3.4e+38 -3.4e+38 -3.4e+38 -3.4e+38 -3.4e+38 -3.4e+38 -3.4e+38 -3.4e+38 -3.4e+38
14.6999998092651 16.7000007629395 18 18.7999992370605 18.3999996185303 16.6000003814697 15.8000001907349 16.5 18 18.7000007629395 18.5 19.5 19.5 19.3999996185303 12.5 8.80000019073486 8.69999980926514 5.69999980926514 5.80000019073486 5.5 5.40000009536743 5.59999990463257 5.5 5.5 5.5 7.40000009536743 7.19999980926514 5.5 6.59999990463257 7.59999990463257 8.30000019073486 9.10000038146973 9.5 9.89999961853027 10.1999998092651 10.3999996185303 10.6000003814697 -3.4e+38 -3.4e+38 -3.4e+38 -3.4e+38 -3.4e+38 -3.4e+38 -3.4e+38 -3.4e+38 -3.4e+38 -3.4e+38 -3.4e+38 -3.4e+38 -3.4e+38 -3.4e+38 -3.4e+38 -3.4e+38 -3.4e+38 -3.4e+38
14.6999998092651 15.3999996185303 17.2000007629395 18.3999996185303 17.6000003814697 17 16.6000003814697 16.2999992370605 17.1000003814697 17.5 17.1000003814697 18.2999992370605 18.2000007629395 17.5 18 12.3000001907349 12.1999998092651 7.90000009536743 8.39999961853027 8.39999961853027 5.90000009536743 5.80000019073486 5.30000019073486 5.40000009536743 5.40000009536743 5.19999980926514 7.69999980926514 6 6.90000009536743 7.90000009536743 8.5 9.19999980926514 9.5 9.69999980926514 9.89999961853027 10.1000003814697 10.5 11 -3.4e+38 -3.4e+38 -3.4e+38 -3.4e+38 -3.4e+38 -3.4e+38 -3.4e+38 -3.4e+38 -3.4e+38 -3.4e+38 -3.4e+38 -3.4e+38 -3.4e+38 -3.4e+38 -3.4e+38 -3.4e+38 -3.4e+38
14.8000001907349 16.1000003814697 18 18.7000007629395 17.6000003814697 17.7000007629395 17.2000007629395 17.5 17 16.8999996185303 17.1000003814697 17.7000007629395 17.2000007629395 16.2000007629395 17.2999992370605 11.8000001907349 12 11.3000001907349 11 8.10000038146973 5.80000019073486 5.80000019073486 5.59999990463257 5.59999990463257 7.09999990463257 7.09999990463257 6.59999990463257 6.90000009536743 7.80000019073486 8 8.5 8.89999961853027 9 9.5 9.60000038146973 9.89999961853027 10.3000001907349 10.8999996185303 -3.4e+38 -3.4e+38 -3.4e+38 -3.4e+38 -3.4e+38 -3.4e+38 -3.4e+38 -3.4e+38 -3.4e+38 -3.4e+38 -3.4e+38 -3.4e+38 -3.4e+38 -3.4e+38 -3.4e+38 -3.4e+38 -3.4e+38
17.2000007629395 18.7999992370605 19.2000007629395 17.8999996185303 17.7000007629395 18.2000007629395 18.2000007629395 18.2999992370605 18 17 17.2999992370605 16.8999996185303 16.5 16.8999996185303 17.5 17.2000007629395 17.7999992370605 17.6000003814697 16.2999992370605 7.5 5.30000019073486 5.40000009536743 8.10000038146973 6.09999990463257 6.69999980926514 8 8.19999980926514 8.19999980926514 8.19999980926514 8.30000019073486 8.69999980926514 9.10000038146973 9.39999961853027 9.60000038146973 9.80000019073486 10 10.5 -3.4e+38 -3.4e+38 -3.4e+38 -3.4e+38 -3.4e+38 -3.4e+38 -3.4e+38 -3.4e+38 -3.4e+38 -3.4e+38 -3.4e+38 -3.4e+38 -3.4e+38 -3.4e+38 -3.4e+38 -3.4e+38 -3.4e+38 -3.4e+38
17.5 17.7999992370605 19.2000007629395 18.5 18.5 18.5 17.7000007629395 18.5 18.6000003814697 18.1000003814697 17.7999992370605 16.6000003814697 15.6999998092651 16.3999996185303 16.1000003814697 15 15.6999998092651 16.2999992370605 16.1000003814697 16.6000003814697 17.6000003814697 7.69999980926514 7.69999980926514 6.90000009536743 7.40000009536743 7.90000009536743 8.60000038146973 8.30000019073486 8.19999980926514 8.39999961853027 8.60000038146973 9.19999980926514 9.5 9.60000038146973 10 10.1999998092651 10.5 -3.4e+38 -3.4e+38 -3.4e+38 -3.4e+38 -3.4e+38 -3.4e+38 -3.4e+38 -3.4e+38 -3.4e+38 -3.4e+38 -3.4e+38 -3.4e+38 -3.4e+38 -3.4e+38 -3.4e+38 -3.4e+38 -3.4e+38 -3.4e+38
19.5 18.7999992370605 19.6000003814697 18.2999992370605 19.1000003814697 19 18.1000003814697 17.7000007629395 18.2000007629395 18.3999996185303 18.7999992370605 18.2000007629395 17.5 16.2999992370605 16.5 16.6000003814697 16.1000003814697 16.7999992370605 16.6000003814697 16.1000003814697 17.5 8.60000038146973 9.30000019073486 7.40000009536743 8 11.1000003814697 10.8999996185303 10.6000003814697 8.5 8.80000019073486 9 9.5 9.80000019073486 9.89999961853027 10 10.3999996185303 10.6000003814697 10.5 10.3999996185303 -3.4e+38 -3.4e+38 -3.4e+38 -3.4e+38 -3.4e+38 12.1000003814697 12 -3.4e+38 -3.4e+38 -3.4e+38 -3.4e+38 -3.4e+38 -3.4e+38 -3.4e+38 -3.4e+38 -3.4e+38
17.2000007629395 19 18.7999992370605 18.5 19.6000003814697 18.7000007629395 17.2000007629395 16.8999996185303 18.1000003814697 18.5 18.1000003814697 18.5 18.6000003814697 17.6000003814697 16.7000007629395 17.8999996185303 18.1000003814697 18.3999996185303 18.1000003814697 17.7999992370605 18.2000007629395 18.1000003814697 8.69999980926514 10.1000003814697 10.6999998092651 11.1000003814697 11.5 11.3000001907349 11.1000003814697 8.80000019073486 9.39999961853027 12.3000001907349 10 10 10.1000003814697 10.5 10.5 10.3999996185303 21.5 21.2999992370605 -3.4e+38 -3.4e+38 -3.4e+38 -3.4e+38 12 11.8000001907349 -3.4e+38 -3.4e+38 -3.4e+38 -3.4e+38 -3.4e+38 -3.4e+38 -3.4e+38 -3.4e+38 -3.4e+38
15.5 18.5 19.2000007629395 18.2999992370605 21.3999996185303 19.6000003814697 18.6000003814697 18.8999996185303 19.2000007629395 19.7999992370605 18.2000007629395 18.6000003814697 18.7000007629395 18.2000007629395 17.6000003814697 17.2000007629395 17.8999996185303 18.6000003814697 18.7999992370605 18.8999996185303 18.2000007629395 17.3999996185303 18.2999992370605 10 10.6999998092651 11.5 16.2000007629395 12.6000003814697 12.1000003814697 12.3000001907349 12.3999996185303 10 10.1999998092651 10.3000001907349 10.3000001907349 10.5 10.3000001907349 10.3000001907349 -3.4e+38 -3.4e+38 -3.4e+38 -3.4e+38 -3.4e+38 20.2000007629395 20 11.6999998092651 -3.4e+38 -3.4e+38 -3.4e+38 -3.4e+38 -3.4e+38 -3.4e+38 -3.4e+38 -3.4e+38 -3.4e+38
14.6000003814697 18.1000003814697 19.3999996185303 20 21.2000007629395 18.5 17.8999996185303 18.5 17.6000003814697 19.7999992370605 20 17.7999992370605 18.1000003814697 18.1000003814697 17.8999996185303 16.7999992370605 16.8999996185303 17 17.3999996185303 17.3999996185303 17.6000003814697 18.5 19.6000003814697 14.8000001907349 16 16.8999996185303 17 16.8999996185303 16.7000007629395 12.8000001907349 10.1999998092651 12.8999996185303 10.3000001907349 10.1999998092651 10.1999998092651 10.1999998092651 10.1000003814697 21.5 -3.4e+38 -3.4e+38 -3.4e+38 -3.4e+38 -3.4e+38 11.6999998092651 11.6999998092651 20.7999992370605 -3.4e+38 -3.4e+38 -3.4e+38 -3.4e+38 -3.4e+38 -3.4e+38 -3.4e+38 -3.4e+38 -3.4e+38
17.2999992370605 18.8999996185303 18 20 21.2000007629395 20.8999996185303 20.2999992370605 17.5 17.1000003814697 17.2000007629395 18.5 19.7000007629395 17.8999996185303 18.2000007629395 18.7000007629395 19.2999992370605 18.7000007629395 17.2999992370605 17.3999996185303 18.7000007629395 19.6000003814697 20 20.7999992370605 15.8999996185303 16.8999996185303 17 17 17 16.8999996185303 16.6000003814697 12.8000001907349 12.8000001907349 12.6999998092651 10.1000003814697 10.1000003814697 10 10.1999998092651 10.3000001907349 21.2000007629395 -3.4e+38 -3.4e+38 -3.4e+38 -3.4e+38 -3.4e+38 -3.4e+38 -3.4e+38 -3.4e+38 -3.4e+38 -3.4e+38 -3.4e+38 -3.4e+38 -3.4e+38 -3.4e+38 -3.4e+38 -3.4e+38
18.2000007629395 19 19.2999992370605 19.3999996185303 20.7000007629395 21 20.7000007629395 18 17.2000007629395 17 16.8999996185303 18.2000007629395 20.3999996185303 19.7000007629395 19.2000007629395 19.7000007629395 19.2000007629395 18.2999992370605 19.6000003814697 19.7999992370605 20.6000003814697 20.8999996185303 16.2000007629395 16.7999992370605 16.7999992370605 16.8999996185303 16.8999996185303 16.7999992370605 16.5 12.6000003814697 12.5 12.5 12.5 12.5 10.3000001907349 10.1000003814697 10.1999998092651 10.3000001907349 21.2999992370605 20.8999996185303 -3.4e+38 -3.4e+38 -3.4e+38 -3.4e+38 -3.4e+38 -3.4e+38 -3.4e+38 -3.4e+38 -3.4e+38 -3.4e+38 -3.4e+38 -3.4e+38 -3.4e+38 -3.4e+38 -3.4e+38
16 17.6000003814697 19.1000003814697 17.7999992370605 19.5 20.6000003814697 20.1000003814697 18.8999996185303 18 17.2999992370605 15.8999996185303 17 20.2000007629395 20.3999996185303 19.5 20 20.5 19.5 20.6000003814697 21.3999996185303 21.7999992370605 22 22.3999996185303 16.3999996185303 16.3999996185303 16.3999996185303 16.2000007629395 16.2000007629395 16 12.5 12.3999996185303 12.3000001907349 12.5 12.6000003814697 12.6000003814697 10.1999998092651 10.3000001907349 12.6999998092651 -3.4e+38 -3.4e+38 -3.4e+38 -3.4e+38 -3.4e+38 -3.4e+38 -3.4e+38 -3.4e+38 -3.4e+38 -3.4e+38 -3.4e+38 -3.4e+38 -3.4e+38 -3.4e+38 -3.4e+38 -3.4e+38 -3.4e+38
