data/pcas/current_cal/PC01.asc
NCOLS 366 
NROWS 318 
XLLCORNER -99.1666666666663 
YLLCORNER -31.5000000000002 
CELLSIZE 0.166666666666667 
NODATA_value -9999 
[rows 84 to 111 of 318, columns 130 to 194 of 366]
-3.89071810205438 -3.72465161103949 -3.75985774887411 -4.31836237537692 -5.08654431984035 -5.6211011181145 -2.24173930974914 -1.89532310389708 -2.23464425095063 -1.37654917730267 -1.40378105899802 -2.41217849604623 -3.94252123296878 -4.82252577116842 -4.99012861540019 -5.88875911551952 -6.15571822812707 -4.55084541373664 -3.46849829035021 -2.6266571588516 -3.64505989211317 -4.1517664674762 -4.11300747189843 -4.10868251717946 -3.8375011215105 -2.52043044998819 1.20389973779402 4.94055495095185 4.19768228518719 3.7419260924622 4.2180322375325 2.436750177969 -1.82926839753091 -2.62403630957441 -2.28368895816437 -9999 -9999 -9999 -9999 -9999 -9999 -9999 -9999 -9999 -9999 -9999 -9999 -9999 -9999 -9999 -9999 -9999 -9999 -9999 -9999 -9999 -9999 -9999 -9999 -9999 -9999 -9999 -9999 -9999 -9999
-4.05231852118514 -4.2513894326804 -4.44139966972442 -4.86562124549023 -5.42728820370066 -5.89777479863273 -4.18405982960996 -0.419376159772921 -0.519648530469279 0.0370126951214523 -0.735464778089902 -1.98724440611352 -3.70258550632242 -4.09862847151609 -3.97772124858065 -5.21163681246382 -5.42940611571305 -4.5226005250941 -3.87278398534935 -3.63065585005488 -4.38572329840662 -4.56935139003573 -4.42122644079162 -4.28419699739451 -3.64005684411506 -2.17590320543248 0.21463810304334 5.06139486380289 5.46744839551537 3.96362502200198 1.60450975961484 0.875755776450673 -3.63643524275314 -3.2296694502218 -2.68185445555986 -2.45875176428427 -9999 -9999 -9999 -9999 -9999 -9999 -9999 -9999 -9999 -9999 -9999 -9999 -9999 -9999 -9999 -9999 -9999 -9999 -9999 -9999 -9999 -9999 -9999 -9999 -9999 -9999 -9999 -9999 -9999
-4.6587380722617 -4.81841516651088 -4.95119624988702 -5.33916565560991 -5.51674641429543 -4.89432023545989 -3.67670922627969 -0.566834058564448 0.404693331247186 0.808531054468397 -1.19874920336806 -1.57785382517949 -1.71676061121652 -2.48135657138894 -2.49600468368296 -3.62750945152176 -3.62909264815935 -3.86859875041848 -4.17791175694138 -4.5886456942336 -4.98430367887464 -4.80607761761628 -4.42544273743918 -4.18060189121399 -3.13181815125295 -1.08689292057175 0.0485071872185256 5.28142676062584 5.82402060477009 4.35275010902688 1.98026559016524 -2.47671392413811 -4.78521236916033 -3.71736228329087 -2.89602777906521 -2.47621770266935 -2.33582524981192 -9999 -9999 -9999 -9999 -9999 -9999 -9999 -9999 -9999 -9999 -9999 -9999 -9999 -9999 -9999 -9999 -9999 -9999 -9999 -9999 -9999 -9999 -9999 -9999 -9999 -9999 -9999 -9999
-4.9501451815289 -5.12664602513815 -5.49110661533413 -5.74644285318322 -5.83922909935222 -4.2242914384534 -2.81079642140576 -1.16817868791144 -0.433590459384068 0.251753510397371 -0.109696683625965 0.785897861577361 0.162551640644339 -1.44826020262911 -1.85490640741784 -2.27984413112263 -2.73378729892347 -3.30252887375105 -4.28798050893951 -4.85965023809053 -5.01259033326283 -4.71116135251558 -4.29645270486897 -3.86425328829275 -1.76087687470694 -0.28878003175807 0.000246495962956356 2.46878892864455 5.5314785153468 4.9698893523232 2.54066286528421 -1.72356743702688 -4.79595305295257 -4.22382340434373 -3.20786122789886 -2.73374434047669 -2.55645151047338 -9999 -9999 -9999 -9999 -9999 -9999 -9999 -9999 -9999 -9999 -9999 -9999 -9999 -9999 -9999 -9999 -9999 -9999 -9999 -9999 -9999 -9999 -9999 -9999 -9999 -9999 -9999 -9999
-5.38960328131337 -5.52922869665307 -6.06835587721687 -6.22838526478029 -6.25084432293033 -3.93200161604329 -2.7893841694925 -0.391308613000772 -0.191021547720721 0.02454073209117 0.845780865333247 1.61320094451505 1.10936255630326 -1.27741043478362 -2.01567729707607 -2.15794054848191 -2.51209145399401 -3.21330241559271 -4.12361506760292 -4.54815333511059 -4.71863723093424 -4.44583849333826 -4.16019046717305 -3.54580110731153 0.187248647832713 -0.331903996471676 0.189585364989613 0.911515892919166 3.18798891269073 5.28351964240485 4.67298596280532 3.21033677129524 0.201616637425707 -3.57167968600416 -3.54060229397057 -3.06179924843882 -2.78227883749268 -2.62973421977688 -9999 -9999 -9999 -9999 -9999 -9999 -9999 -9999 -9999 -9999 -9999 -9999 -9999 -9999 -9999 -9999 -9999 -9999 -9999 -9999 -9999 -9999 -9999 -9999 -9999 -9999 -9999
-6.07643269111709 -6.2728396439402 -7.11235580964436 -7.46382247669655 -7.05424409012428 -5.15717958414971 -4.05423887423263 -0.47945889569797 0.976503226588876 0.0700746671151426 0.0235900161704139 1.62189383893975 1.18439449885458 -1.21725209090183 -1.9603633271449 -2.30790514270284 -2.55735630891282 -3.09434562857125 -3.79986617724292 -4.17845098975765 -4.28581636575195 -4.20288790482581 -4.00275313702781 -2.58602460005779 1.0434686047762 -0.492825056620284 0.500204630603441 0.385677713717278 0.720936487272554 3.61139830258157 5.60767664768867 5.1735508725306 4.24200112022407 -1.09601314073937 -3.60122482327696 -3.18338351059492 -2.90646311315222 -2.70485908588216 -9999 -9999 -9999 -9999 -9999 -9999 -9999 -9999 -9999 -9999 -9999 -9999 -9999 -9999 -9999 -9999 -9999 -9999 -9999 -9999 -9999 -9999 -9999 -9999 -9999 -9999 -9999
-6.71959977314246 -6.52602015306512 -7.66301728851996 -8.40411910564672 -8.21658185798835 -6.21752430542283 -4.70097551992766 -1.49104390309822 1.11124843477576 -0.0868586696064584 -0.47255213348487 1.50082092527387 0.425298221997835 -0.603286636187017 -2.06401547383059 -2.6365835766092 -2.63869848138588 -3.20900657372546 -3.66081606344037 -3.99166105735417 -4.25763907409992 -4.27375300354514 -3.5033331202495 -2.37423451213065 0.176287376425049 -0.768366343628079 0.0449261098222486 1.88288796831363 2.15226929686527 2.51233932994528 4.8129434598584 5.75479307536216 3.3150188417827 -2.25654954776005 -3.48164269047101 -3.20304121133777 -2.97193216866193 -2.77498436239257 -2.64194035469664 -9999 -9999 -9999 -9999 -9999 -9999 -9999 -9999 -9999 -9999 -9999 -9999 -9999 -9999 -9999 -9999 -9999 -9999 -9999 -9999 -9999 -9999 -9999 -9999 -9999 -9999
-6.92724905030386 -6.66246926106148 -7.89160504020566 -8.84131185946012 -9.17864484982656 -7.95847677190454 -5.68525000778168 -1.10901514733355 0.0998491603034309 -0.847118156547126 -0.0650614260204432 0.508738957978632 1.01539803155124 -0.677628699933537 -2.3552647242962 -3.16975751016672 -3.04430933113138 -3.63573983592456 -3.84136478977764 -3.97854504364176 -4.21336049159345 -3.93123647373898 -3.2798819034111 -1.45244732145653 -1.19678455006977 -1.01291008633027 -0.279140868303826 4.00801224968131 4.02259058776913 2.98315883179473 4.84617338352658 3.54734839580063 -0.878570506807445 -3.31209744926624 -3.33688567852384 -3.13937111412014 -2.94266895939508 -2.80083648577136 -2.70253048168966 -9999 -9999 -9999 -9999 -9999 -9999 -9999 -9999 -9999 -9999 -9999 -9999 -9999 -9999 -9999 -9999 -9999 -9999 -9999 -9999 -9999 -9999 -9999 -9999 -9999 -9999
-7.29722918494399 -7.23901198927973 -8.107504045646 -9.40454323305885 -10.3623045877031 -9.51634327104532 -7.06910214374074 -2.73900992766575 0.426635930888503 -1.08819260223024 -0.7520022643303 0.502375883028394 0.636758020819179 -0.319887242357173 -3.15559338469708 -3.3934310078536 -3.35449502021538 -3.8355772272203 -3.90555664206096 -3.90268790526477 -3.8209479151443 -2.47247664192908 0.272755022603497 -0.978519914377147 -1.09204417879203 -0.0407219304731116 2.38418868592394 4.93220177976162 4.36945650059461 4.04148676960657 4.28483645552142 0.48119595518284 -2.13932916064741 -3.11725705625104 -3.20555511197335 -3.04862897540266 -2.85265088363033 -2.75223244315065 -2.67471702019891 -9999 -9999 -9999 -9999 -9999 -9999 -9999 -9999 -9999 -9999 -9999 -9999 -9999 -9999 -9999 -9999 -9999 -9999 -9999 -9999 -9999 -9999 -9999 -9999 -9999 -9999
-7.83723614468004 -8.05808268897912 -8.58701629735916 -9.53670800270078 -10.7913756228191 -10.1165599675072 -8.33875267386626 -3.10813853510156 -0.490327473587274 -1.94154697865153 -1.52426640314434 -0.785750095447593 0.247213904011901 -0.934965070195951 -3.59994017818781 -3.56938286701642 -3.54192483821178 -3.78825679861465 -3.73883043707168 -3.35398972898107 -3.11210636468305 0.986570214218922 0.359635284094201 -0.00877103097194903 0.899107047754854 2.61645044119767 4.86842056354128 4.33656952036355 4.55705598099567 4.58185026965597 2.62047996001608 -0.698646712377649 -2.41129921369682 -3.16483446450238 -2.94100628823502 -2.74164078705416 -2.74117594382512 -2.65936571854461 -2.61098896985886 -2.60373189286296 -9999 -9999 -9999 -9999 -9999 -9999 -9999 -9999 -9999 -9999 -9999 -9999 -9999 -9999 -9999 -9999 -9999 -9999 -9999 -9999 -9999 -9999 -9999 -9999 -9999
-9999 -8.3939302273931 -8.70615279849484 -9.02246959058779 -9.81887191020521 -10.5217980283426 -9.33330955245272 -6.50788124358227 -0.479566165105146 -1.57663020484046 -0.902337216175658 -1.82033497987265 -0.642034635687051 -0.0218337946596558 -3.89662719020132 -3.75541992444725 -3.63749318976032 -3.64576378328885 -3.49749474937895 -3.06628994801141 -2.73477141864095 -0.273241961764598 2.8464363888699 2.55402369970072 3.81544394390063 4.19874225667127 4.16170571236338 4.22144309623128 4.91549774627812 3.01197480636268 0.900720290765955 -1.85553172058561 -2.93463996634993 -2.95840557360415 -2.76971001099799 -2.6037201861438 -2.50054185486559 -2.55225758483353 -2.52613830837382 -2.56156422730404 -9999 -9999 -9999 -9999 -9999 -9999 -9999 -9999 -9999 -9999 -9999 -9999 -9999 -9999 -9999 -9999 -9999 -9999 -9999 -9999 -9999 -9999 -9999 -9999 -9999
-8.32860035411476 -8.42655735185064 -8.93585626954407 -9.34464251684643 -10.0687141237557 -10.888678028933 -10.2469583296611 -7.51872857060826 -1.55480199037715 -0.163506344278974 0.399172284665458 -1.35785306597618 -0.249352062844654 -0.464037908882698 -4.00852296559526 -3.99747513249465 -3.52695945056365 -3.55321970243015 -3.09371187173217 -2.6602030989451 -2.65825797817089 2.04556848957428 3.32495321601847 2.96077619808362 4.35366090850803 4.35543209296767 4.76266839310652 4.86494202330834 4.66924367821978 0.321486840459737 -1.80219960795201 -2.95026512751948 -2.90485815778685 -2.73275224442153 -2.5559274132674 -2.53714385817832 -2.46027125931126 -2.30270228043925 -2.43822141705206 -2.52341482359277 -9999 -9999 -9999 -9999 -9999 -9999 -9999 -9999 -9999 -9999 -9999 -9999 -9999 -9999 -9999 -9999 -9999 -9999 -9999 -9999 -9999 -9999 -9999 -9999 -9999
-8.74661505706982 -8.46495349748618 -9.48046939580397 -9.9622308059396 -10.5449720707125 -11.4553382642895 -10.671731074217 -8.59534193847035 -4.45413628484116 -0.897875592137243 -0.0777081596394677 -1.24774397935426 0.951567576665504 1.71849873510214 -2.20534311263807 -3.87153010904686 -3.24967962424043 -3.08887843902965 -2.104789112979 -2.07850769900588 -1.10967931930854 3.43184351504475 3.7997494060669 4.49778446446959 3.81494880905935 3.96508963357975 4.62434397036073 4.62651945994585 2.36209189396572 -1.02075167785557 -3.37306674471836 -3.03285638895134 -2.78475712935925 -2.59235028742636 -2.37697459235768 -2.26173074479247 -2.31927545835316 -2.21075632956093 -2.25484289438848 -2.45841953875995 -9999 -9999 -9999 -9999 -9999 -9999 -9999 -9999 -9999 -9999 -9999 -9999 -9999 -9999 -9999 -9999 -9999 -9999 -9999 -9999 -9999 -9999 -9999 -9999 -9999
-9.22240838283928 -9.21747558327716 -10.1053546671774 -10.8462681054851 -12.1517857269413 -12.1619481840217 -9.65638883342187 -5.49556105054661 -1.4358655891673 -0.431685799693525 -0.896863737418674 -1.1650213482827 1.77066342170456 2.07199886732456 -1.88355291261955 -3.33804007108489 -2.84598461582251 -2.33913982107308 -1.8033993039649 -1.03699503234393 3.10158438379595 4.75732170992669 4.27913217947295 4.38863857933472 3.04704480151994 2.78014345063376 0.771077845012398 -0.222300996627505 -2.89287683608867 -3.98774666610796 -3.52077284362263 -2.95999374597166 -2.72367216125852 -2.45099766515411 -2.27582179221576 -2.24697100348367 -2.19298218572294 -2.20801927430071 -2.18163767240559 -2.30897684594265 -9999 -9999 -9999 -9999 -9999 -9999 -9999 -9999 -9999 -9999 -9999 -9999 -9999 -9999 -9999 -9999 -9999 -9999 -9999 -9999 -9999 -9999 -9999 -9999 -9999
-9.5607838209176 -9.70366056067403 -10.36715440087 -11.2470738073147 -12.194125391502 -11.8845878588532 -8.61377189442541 -3.19132980000864 0.963521515638846 -0.988065513392158 -1.36120402591382 -0.945650757012857 2.02254327706565 1.7280177124481 -1.19521483643239 -2.62988535457769 -2.44174770863157 -1.30837209228349 -1.42308494391627 0.600816171872631 4.10472644307932 4.30197703403501 4.30701171242412 3.20992376089278 1.4959391716067 1.26514263115279 -2.0149814266233 -2.05413844465007 -3.95061984532442 -3.63670938425995 -2.89756790932521 -2.704279788544 -2.55607001336722 -2.36538420729506 -2.32340321405851 -2.2056285379356 -2.10461320370937 -2.1658416107092 -2.11109740973522 -2.28262128861625 -9999 -9999 -9999 -9999 -9999 -9999 -9999 -9999 -9999 -9999 -9999 -9999 -9999 -9999 -9999 -9999 -9999 -9999 -9999 -9999 -9999 -9999 -9999 -9999 -9999
-9.5852777280027 -9.71403488144128 -10.0462717983287 -10.7210570251122 -11.1690936109557 -9.64388822491486 -5.73233610158276 -2.85113925346057 -0.766432420157265 -1.23774270651753 -1.12155263747852 -0.308793524800551 3.36924608244721 3.88283447724264 -0.372148946849922 -2.07122029039533 -2.07360861294279 -0.915493745625123 0.603643591470144 3.2756395191846 4.21286567952021 4.09158623820142 4.03966112537911 2.47487409295931 0.887496540486613 -2.24546794268425 -3.9846401849066 -4.04348811313397 -3.48624979687411 -2.82095780798744 -2.5466234253799 -2.50121268022178 -2.43078649882598 -2.32525107315043 -2.19576603208833 -2.21282796249815 -2.13081155597209 -2.02996692779882 -2.16487753037702 -2.33101525884686 -9999 -9999 -9999 -9999 -9999 -9999 -9999 -9999 -9999 -9999 -9999 -9999 -9999 -9999 -9999 -9999 -9999 -9999 -9999 -9999 -9999 -9999 -9999 -9999 -9999
-9.72860058168787 -9.66188878968006 -9.6302501951287 -9.71869462583037 -9.97901385083914 -6.83864034640733 -2.74167040217062 -0.546537545762412 -0.385628624567502 -0.960479851292139 -0.93029845593521 0.335614624877484 4.95019401722764 4.07573169725494 0.281642418549189 -1.84522187969443 -1.49280162495786 -0.485716152983222 1.56815250424611 4.16402239440337 4.06247970678599 4.38050893381191 3.70036125953042 1.07442614752884 -1.31063004609593 -4.82965142642128 -4.48063681590117 -3.63833801160893 -3.05339222833346 -2.77576993448137 -2.57749582582439 -2.45926877901133 -2.38599717913475 -2.30472295822837 -2.24993076105358 -2.15850890014975 -2.18017148821521 -2.11468242250381 -2.24647591731509 -2.5520987613164 -9999 -9999 -9999 -9999 -9999 -9999 -9999 -9999 -9999 -9999 -9999 -9999 -9999 -9999 -9999 -9999 -9999 -9999 -9999 -9999 -9999 -9999 -9999 -9999 -9999
-9.83284416268362 -9.724541827398 -9.36810539360595 -9.0917667935877 -8.79619908355492 -7.31371052437077 -1.60446115123745 0.0138929469384854 -0.241537840522358 -0.564162579226792 -0.722201696378207 0.577395651861987 3.13466286488087 3.161348747569 0.0122105135875122 -1.78742930135427 -1.48945792762129 -1.19813237172159 0.139514745711166 4.1392767352302 4.4329044260757 3.43694360539204 4.0764241634869 1.28319450430232 -3.27102878280685 -5.10398211537559 -3.95841494436979 -3.24413510301144 -3.03908525431971 -2.93265728135299 -2.70362943376603 -2.51414214857759 -2.40953412641145 -2.37154819318719 -2.37207974840426 -2.49502018105266 -2.60501525940895 -2.6668837227413 -2.62679081255556 -2.90879099263929 -9999 -9999 -9999 -9999 -9999 -9999 -9999 -9999 -9999 -9999 -9999 -9999 -9999 -9999 -9999 -9999 -9999 -9999 -9999 -9999 -9999 -9999 -9999 -9999 -9999
-9.87234687702693 -9.78674108476274 -9.59831068204118 -9.10702234962044 -8.21066694274507 -5.04048176277434 -0.634686377594423 0.234441308889078 -0.352827770517303 -0.530530483294859 -0.76315078479896 2.6091669788511 1.68278625672902 -0.0292379506376465 -1.45242076991758 -1.65635444666068 -1.68117894185628 -1.54821295306592 0.681835511408012 4.55249895396822 4.32027628976453 1.52168303109345 1.90570052864277 -1.28413099407752 -4.90038374573782 -4.36656633143295 -3.47827182834781 -3.25506871048104 -3.21254581991202 -3.19837614074629 -2.87370881169919 -2.52434178524465 -2.40491155177599 -2.45204354781383 -2.46964462589725 -2.65430833765768 -2.73039506377713 -2.85890956221027 -2.84278264194714 -3.04411805211009 -9999 -9999 -9999 -9999 -9999 -9999 -9999 -9999 -9999 -9999 -9999 -9999 -9999 -9999 -9999 -9999 -9999 -9999 -9999 -9999 -9999 -9999 -9999 -9999 -9999
-10.0785311198748 -10.3660482506832 -10.1943197899741 -9.20086686623808 -7.33350783466645 -2.69573549312178 0.86358222121685 -0.215018327800267 -0.62868046893034 -0.323264794672882 0.541973907234901 3.99246532505739 2.08419845780129 -0.831733903675281 -1.72830791822516 -1.9845342393633 -2.10473538075347 -1.75710058167074 0.474722739096311 4.80885317652745 4.34715723322309 0.72946925692407 -1.46649500238187 -4.8458252231004 -4.1253036388733 -3.56931113199974 -3.3735748041355 -3.32282614989821 -3.24787605638607 -3.28120671728159 -2.94523479082768 -2.59603967143179 -2.48791198194045 -2.53376228707645 -2.53836439955511 -2.70306855547805 -2.63293418496726 -2.68403196965746 -2.81504266545902 -2.98901697904077 -9999 -9999 -9999 -9999 -9999 -9999 -9999 -9999 -9999 -9999 -9999 -9999 -9999 -9999 -9999 -9999 -9999 -9999 -9999 -9999 -9999 -9999 -9999 -9999 -9999
-10.2866896807468 -10.6173914875136 -10.53394451145 -9.37069718007516 -5.86569044830325 0.587383915863588 0.76362934696398 -0.507365783288783 -0.172151293530941 1.69642685176561 3.85137599091931 3.13579164260181 0.130487199600479 -1.73878333877115 -2.12583461454273 -2.19562335600747 -2.21323832616106 -0.776403706373016 2.82534050576426 5.31582470213429 4.54564777441224 1.15138226720143 -4.52899685971512 -3.82399636869186 -3.33944912927686 -3.08166571745727 -3.14211023563843 -3.12373648740541 -2.94716821808761 -2.95539159043096 -2.83353602740394 -2.67477752453166 -2.5809072315171 -2.59513472323543 -2.60563756266056 -2.60534459477782 -2.64004965603363 -2.64061156134365 -2.86071662206883 -9999 -9999 -9999 -9999 -9999 -9999 -9999 -9999 -9999 -9999 -9999 -9999 -9999 -9999 -9999 -9999 -9999 -9999 -9999 -9999 -9999 -9999 -9999 -9999 -9999 -9999
-10.5017203885474 -10.6589090315507 -10.3660325714166 -8.41753523500821 -2.99231059020308 0.950704783785339 0.28570328099875 -0.16518591881227 1.58305370322856 3.6614426828471 3.40129128417387 1.54343893651127 -0.267911025605006 -2.33022061364279 -2.39315855675337 -2.46479773450697 -2.21865293583005 0.487292086317134 3.93033399528186 4.98926684648083 3.71505492332157 -2.58252623333988 -4.02204842135444 -3.33168511183694 -3.03177869058009 -2.95190656734713 -2.96859954920521 -2.88821497837111 -2.64736647793113 -2.73270373153465 -2.77809840827605 -2.73980327108816 -2.70045269192913 -2.67955388478419 -2.69427404195147 -2.67761281141272 -2.67936083668153 -2.67754585029166 -2.74128819193916 -9999 -9999 -9999 -9999 -9999 -9999 -9999 -9999 -9999 -9999 -9999 -9999 -9999 -9999 -9999 -9999 -9999 -9999 -9999 -9999 -9999 -9999 -9999 -9999 -9999 -9999
-9999 -10.1071091713024 -9.52107983718174 -5.67247475033448 -0.520847534834981 0.51689995537493 0.107421499280868 0.111141580560068 2.95696502321058 4.14832186305796 3.18867511207175 -1.51696015079794 -2.3034166361256 -2.28044343596964 -2.50407169946819 -2.60876766547828 -1.24752345523015 2.77548186251226 4.88045726635511 4.07314931978874 2.09708836128839 -3.23286040281223 -3.59574236075985 -3.0792685052292 -3.04008341339008 -3.01061502681064 -3.01924847881041 -2.9107792477038 -2.75461338408539 -2.76892512327587 -2.81028898762262 -2.78595314209599 -2.77625256106617 -2.76968173276195 -2.75018187817575 -2.79027428295745 -2.7882593864624 -2.76526102661567 -2.82719029645474 -9999 -9999 -9999 -9999 -9999 -9999 -9999 -9999 -9999 -9999 -9999 -9999 -9999 -9999 -9999 -9999 -9999 -9999 -9999 -9999 -9999 -9999 -9999 -9999 -9999 -9999
-10.2210539354946 -9.98393812201362 -8.58225871439353 -3.47217265760487 -0.145252467831953 0.473556599589333 -0.264222853343889 -0.314379931547363 1.91384238085765 3.62820603349387 0.539335238880072 -2.16633444747884 -2.4074681141766 -1.84814890489058 -2.19822714117804 -1.43151197642286 -0.161605096604418 3.41958004608065 2.84791091280242 3.08367247323761 -1.04820002721277 -3.28941630465733 -2.80698740529275 -2.84401818579289 -3.0272853060347 -3.12845777980354 -3.13744996380666 -3.03099769890258 -2.94817466734916 -2.91958842603035 -2.89868183468232 -2.89702737737558 -2.87353489227633 -2.8503583306981 -2.85637830275683 -2.85520003564391 -2.86206036536442 -2.87794205992637 -9999 -9999 -9999 -9999 -9999 -9999 -9999 -9999 -9999 -9999 -9999 -9999 -9999 -9999 -9999 -9999 -9999 -9999 -9999 -9999 -9999 -9999 -9999 -9999 -9999 -9999 -9999
-10.3995104908651 -10.0612965935176 -7.62541037836585 -1.6090282596714 0.786706177271961 -0.140425314643821 -0.544457963274586 -0.455013397829471 3.00651412961129 2.80871711644946 -0.945364544967059 -2.1430941576067 -2.07321301454889 -1.7844784784744 -1.65343478497875 -0.700662235985976 -0.284522282727887 1.81448329817233 0.726647849968647 -0.44594143669708 -2.80754334175121 -3.10979858252937 -2.88353289393992 -2.85612317472232 -3.06605504541505 -3.2911836968461 -3.22850590145021 -3.16206553422945 -3.10470419829694 -3.04439698405194 -3.03592953516007 -2.98561437069469 -2.97174316590715 -2.93638387644926 -2.93883023859628 -2.94690921420897 -2.95747348954144 -2.96284653816827 -9999 -9999 -9999 -9999 -9999 -9999 -9999 -9999 -9999 -9999 -9999 -9999 -9999 -9999 -9999 -9999 -9999 -9999 -9999 -9999 -9999 -9999 -9999 -9999 -9999 -9999 -9999
-10.7882243365111 -10.5528676567921 -7.40189419105003 -1.61266521377443 0.801601003031213 -1.13856575280127 -1.0518433720422 -0.675750191873113 3.15275391282475 2.17063505524798 0.0158364838978873 -1.28029232328344 -1.63290325565276 -1.83301974860701 -1.33252185345246 -0.654856334780514 1.07605769018812 -0.254432608471818 -1.42012410715291 -2.40432665171581 -2.69927957241872 -3.26480991960399 -3.1851247504387 -2.94164957832812 -3.20424549495147 -3.39699361866327 -3.31328747331921 -3.25665859268816 -3.17788871889623 -3.16221623558983 -3.13525448198985 -3.10257005406847 -3.08258228358353 -3.04526264573239 -3.05993012724672 -3.05347757687719 -3.06848372094509 -9999 -9999 -9999 -9999 -9999 -9999 -9999 -9999 -9999 -9999 -9999 -9999 -9999 -9999 -9999 -9999 -9999 -9999 -9999 -9999 -9999 -9999 -9999 -9999 -9999 -9999 -9999 -9999
-11.8505821613986 -12.9614223809409 -6.19606432009885 -3.20999961154421 -1.02588061896834 -1.71544956009827 -1.16592300332515 0.426896063315651 4.12095179478059 3.31555245369917 0.9922188460707 0.151359766605135 -1.44554846694263 -1.58005458800969 -0.984205090066056 0.963682593234147 1.27852036729912 -0.630273451229784 -2.29522197243768 -2.75099776729857 -2.75803947329776 -2.78583671486702 -3.14733811037521 -2.92102782405408 -3.09806238772649 -3.33780616062682 -3.35911991788515 -3.29422121173099 -3.25064804083396 -3.2435750036056 -3.23953109444135 -3.18586681497075 -3.18719212525478 -3.14677486530861 -3.13834186369045 -3.13460356592508 -3.13758100299746 -9999 -9999 -9999 -9999 -9999 -9999 -9999 -9999 -9999 -9999 -9999 -9999 -9999 -9999 -9999 -9999 -9999 -9999 -9999 -9999 -9999 -9999 -9999 -9999 -9999 -9999 -9999 -9999
-12.6615733114519 -14.4842214251723 -9.06503766949429 -1.36661030103278 -0.920782026281831 -0.980225434982032 0.376559051147302 1.97082573119279 4.08718834842322 3.59604468237698 2.73334331999769 -0.0516994405626548 -1.46306784516311 -1.40021391109186 -0.126983816481679 2.06845884250456 2.04142556394175 -0.395498908304173 -2.63879481804982 -3.06857426416446 -3.05281141409201 -2.57326756948655 -3.05572442452822 -2.9565531197636 -3.12061941758948 -3.32369506317449 -3.37190857017034 -3.32652155237232 -3.30370221984865 -3.31362895421581 -3.27726050371773 -3.28676063056077 -3.25831445580169 -3.24132185408382 -3.21862569899707 -3.22954921334696 -3.24345777977952 -9999 -9999 -9999 -9999 -9999 -9999 -9999 -9999 -9999 -9999 -9999 -9999 -9999 -9999 -9999 -9999 -9999 -9999 -9999 -9999 -9999 -9999 -9999 -9999 -9999 -9999 -9999 -9999
