data/pcas/current_cal/PC01.asc
NCOLS 366 
NROWS 318 
XLLCORNER -99.1666666666663 
YLLCORNER -31.5000000000002 
CELLSIZE 0.166666666666667 
NODATA_value -9999 
[rows 112 to 139 of 318, columns 130 to 194 of 366]
-11.6995531357263 -9.29955012866439 -6.12274792543509 -0.85944506582211 -0.766768628915635 0.069647347625061 1.85543264371562 3.66294853523551 2.25014857950399 2.40292756073492 1.53686752361352 -0.454714191592598 -1.35943729578508 -0.593394075347849 1.41666131644478 0.851920914383449 0.588845011563427 -0.334201357892486 -2.85889525859801 -3.46856268368946 -3.51024422502146 -2.99831736660068 -3.08158642454541 -3.03371951331209 -3.0940525449126 -3.20944638713654 -3.25398501101514 -3.34386659032048 -3.37468956687432 -3.400188872042 -3.40339858362586 -3.3619015199054 -3.33822984556137 -3.29666024666574 -3.26414247515893 -3.28142546594778 -3.29430731469128 -9999 -9999 -9999 -9999 -9999 -9999 -9999 -9999 -9999 -9999 -9999 -9999 -9999 -9999 -9999 -9999 -9999 -9999 -9999 -9999 -9999 -9999 -9999 -9999 -9999 -9999 -9999 -9999
-6.91496428534218 -3.82210392115704 -3.61974029760848 -0.600774944948291 -0.14266967053738 0.664783755728042 2.34978520569262 4.0789735718855 1.89900783815001 0.507502547477956 -0.139372014080244 -1.06738698089472 -1.02820124595673 0.702021127612193 1.71051946800319 0.484344865369203 -0.839469468849036 -1.26868214237577 -3.12328293844106 -3.77493554557523 -3.69236769470271 -3.03384934326956 -2.89256047138228 -2.99022716066097 -2.99661259134074 -3.06078617857687 -3.13841052646916 -3.29026145272619 -3.36658884532319 -3.41330944803012 -3.411381418481 -3.35953201582935 -3.34623940442199 -3.3233000246793 -3.31561361307048 -3.33159457275343 -3.34866610624955 -9999 -9999 -9999 -9999 -9999 -9999 -9999 -9999 -9999 -9999 -9999 -9999 -9999 -9999 -9999 -9999 -9999 -9999 -9999 -9999 -9999 -9999 -9999 -9999 -9999 -9999 -9999 -9999
-1.37889072300857 -1.65662614410356 -1.01670426706114 -0.662646876854979 0.118637909119465 0.957115538916004 2.94119064409206 4.03302624373507 2.14572294417221 0.252343412608358 -0.17550916423758 -0.412327715817782 0.704084695734606 1.45176615720995 0.535480312114882 -1.00452839236103 -1.76974452759332 -2.38104385269317 -3.02540786642599 -3.4880177517264 -3.43159962556891 -2.8263015669164 -2.75299779665186 -2.91691687753484 -2.89619634458701 -2.98180968092215 -3.06323343821768 -3.16990864747461 -3.23050547206739 -3.3379901160428 -3.34652421295631 -3.36943613686959 -3.38021487184384 -3.36993498464647 -3.37961793725319 -3.38360883589405 -3.39118820216017 -9999 -9999 -9999 -9999 -9999 -9999 -9999 -9999 -9999 -9999 -9999 -9999 -9999 -9999 -9999 -9999 -9999 -9999 -9999 -9999 -9999 -9999 -9999 -9999 -9999 -9999 -9999 -9999
-0.250712311700673 -0.456624986682674 -0.817031871337514 -1.46528369188803 -0.194618933288082 2.39998291912061 4.06288859779497 3.08319257077393 1.1621827705873 0.581034613361903 -0.266701493831906 -0.148748522859464 1.90768728288313 0.471842552519479 -0.300267289502602 -1.32987534935955 -2.03504193593025 -2.41057455390213 -2.81566950556956 -3.06686122265899 -3.0842491797803 -2.92582124738279 -2.75831576052324 -2.76544807905796 -2.78303115052458 -2.84248829532901 -2.88463420295683 -2.94813235234339 -3.1391714707713 -3.2948921264448 -3.33722308437317 -3.35180928104103 -3.37770225080923 -3.4077165766106 -3.44659097234317 -3.41983241310893 -3.47015179211686 -9999 -9999 -9999 -9999 -9999 -9999 -9999 -9999 -9999 -9999 -9999 -9999 -9999 -9999 -9999 -9999 -9999 -9999 -9999 -9999 -9999 -9999 -9999 -9999 -9999 -9999 -9999 -9999
-1.20842197735789 -0.21735083911641 -1.32816592253404 -0.554553785287681 0.879784799565531 3.81754471831828 3.50864389521737 1.61660547409444 1.07365243120671 0.184390726202393 -0.266792288660483 0.482535786592915 0.951979998846666 -0.514145326377759 -0.879354649544782 -2.20445079462774 -2.30945025493612 -2.33648015302073 -2.56208750546159 -2.75782382506324 -2.80794980761692 -2.75401760498359 -2.65434279262182 -2.59552405007554 -2.63582139394363 -2.70372286891063 -2.72914410704082 -2.81245797169153 -3.05942510769153 -3.18235302477744 -3.28219775815373 -3.32571455357858 -3.37276314125843 -3.38245057927339 -3.40650812572132 -3.45012656905455 -3.49273137873606 -9999 -9999 -9999 -9999 -9999 -9999 -9999 -9999 -9999 -9999 -9999 -9999 -9999 -9999 -9999 -9999 -9999 -9999 -9999 -9999 -9999 -9999 -9999 -9999 -9999 -9999 -9999 -9999
-0.791864158394649 -0.82963690233298 -0.909190896042027 0.309292199303914 2.82048810404662 3.66050804678147 1.471196794387 0.678037606440586 0.258655533829987 0.228212937626087 0.0174208650654598 0.175245184875268 -0.110556495283205 -1.59411219567539 -3.66698481496068 -3.1209632339294 -2.75486061940521 -2.556763773464 -2.56267851389292 -2.61540019068104 -2.6030128847535 -2.56473483840512 -2.51373097565102 -2.5064968267132 -2.55520418673772 -2.62974916364416 -2.68553916322134 -2.86249290898827 -2.99457552577121 -3.09168167688694 -3.20606922852648 -3.29412787407204 -3.35731967937028 -3.39076707060535 -3.38860595142549 -3.43662961487454 -3.45413514408902 -9999 -9999 -9999 -9999 -9999 -9999 -9999 -9999 -9999 -9999 -9999 -9999 -9999 -9999 -9999 -9999 -9999 -9999 -9999 -9999 -9999 -9999 -9999 -9999 -9999 -9999 -9999 -9999
-0.365745395508048 -0.794052779782647 -0.0147187288558193 1.46249113160532 2.80173103629126 2.21846717429341 2.34447966499418 0.85947228794188 0.0959421265784409 0.0252586470467883 -0.0991456612824897 -2.01246234480331 -1.23735169387053 -3.38172063241578 -3.80242196868189 -3.35015673045835 -3.03298405002879 -2.77442655020456 -2.67076509671014 -2.64530535669061 -2.62641056366307 -2.59418066579666 -2.55755870589295 -2.56667613360853 -2.60275710452637 -2.67293121102706 -2.74926067632048 -2.81867003204022 -2.96406346418459 -3.06678622037221 -3.15500774429811 -3.21239671949706 -3.28968644937711 -3.33125669213412 -3.39535231742318 -3.42234617097375 -3.49085505174725 -9999 -9999 -9999 -9999 -9999 -9999 -9999 -9999 -9999 -9999 -9999 -9999 -9999 -9999 -9999 -9999 -9999 -9999 -9999 -9999 -9999 -9999 -9999 -9999 -9999 -9999 -9999 -9999
-0.864298213309762 0.207283359297832 1.05876266821207 2.47788914304928 2.26229318292129 0.523138948267153 0.766264640858568 0.741550712107811 0.106274047584064 -2.16247000768841 -2.98293062038846 -4.34764620903156 -3.15744535326906 -3.82119932439858 -3.50232035909722 -3.37226647039254 -3.10451402809657 -2.88996274190134 -2.80932212584699 -2.74276514200444 -2.68772056415867 -2.62298581105897 -2.5845229598591 -2.62423924147203 -2.6284618490842 -2.67687621244037 -2.76711631278831 -2.83106269969639 -2.96513702392244 -3.07441374925934 -3.14112221295651 -3.21814426358805 -3.28247762876208 -3.33278764692082 -3.41076603145646 -3.47540384969983 -3.51814094023786 -9999 -9999 -9999 -9999 -9999 -9999 -9999 -9999 -9999 -9999 -9999 -9999 -9999 -9999 -9999 -9999 -9999 -9999 -9999 -9999 -9999 -9999 -9999 -9999 -9999 -9999 -9999 -9999
0.576139147028063 1.08389852825886 1.21004680210331 2.21674351832133 0.83292892007402 -1.96129168887884 -1.20988206590997 -0.477115008489088 -1.16448214476885 -3.9622261487217 -4.32477312137384 -4.28417608363489 -4.08451014780356 -3.76888739765046 -3.46425680177434 -3.26756184925302 -3.09970685296722 -2.94461563787102 -2.87509257348845 -2.82867505575979 -2.76733756056974 -2.71783813151324 -2.67518851648358 -2.71841027188181 -2.74369528322672 -2.73383611386204 -2.81520654089603 -2.55652510385372 -2.92223745967503 -3.07852467189756 -3.15435786681342 -3.22847774550193 -3.31257067907806 -3.38345118998792 -3.44422853670855 -3.49581489230817 -3.55986961228665 -9999 -9999 -9999 -9999 -9999 -9999 -9999 -9999 -9999 -9999 -9999 -9999 -9999 -9999 -9999 -9999 -9999 -9999 -9999 -9999 -9999 -9999 -9999 -9999 -9999 -9999 -9999 -9999
2.34181782238978 3.0020764965166 2.52405532005538 1.60077769012124 0.305177958766304 -3.38866850275653 -2.1501189913684 -3.52487774176062 -4.49617510589002 -4.88670992201689 -4.43572450053631 -4.20072130298756 -3.91797898233642 -3.67505821063997 -3.38544861596769 -3.20890898332647 -3.17994013913559 -3.01736538178342 -2.93391074165341 -2.9103075719045 -2.85004457904264 -2.83205419886244 -2.75856098030066 -2.77874967694488 -2.84054599647757 -2.83391335180815 -2.90340168818347 -2.86727973174751 -2.99512826956025 -3.06368677631031 -3.18228095306608 -3.22617960978012 -3.33271658322368 -3.40441108572513 -3.48080724232439 -3.52724585033177 -3.53655623301013 -9999 -9999 -9999 -9999 -9999 -9999 -9999 -9999 -9999 -9999 -9999 -9999 -9999 -9999 -9999 -9999 -9999 -9999 -9999 -9999 -9999 -9999 -9999 -9999 -9999 -9999 -9999 -9999
2.84463109701247 3.43742583658707 2.5266809778418 0.916326735322962 -1.75366864072322 -5.11124783478712 -4.58256394140642 -5.41032355131128 -5.26048482346456 -4.92727279527414 -4.48502709015605 -4.13957604766474 -3.81371931498839 -3.52074102622796 -3.28170798901379 -3.14503015510848 -3.09554118227604 -3.02604003432164 -3.01383470932454 -2.99509448264197 -2.94550367324557 -2.91073194177564 -2.88744392727435 -2.88185766159524 -2.91330493339054 -2.95593470379618 -2.98578482569122 -3.05570334363998 -2.87722405732009 -3.12521046945981 -3.24001137912778 -3.2959951077881 -3.35475581646928 -3.41963776875923 -3.50350749871015 -3.57147463396563 -9999 -9999 -9999 -9999 -9999 -9999 -9999 -9999 -9999 -9999 -9999 -9999 -9999 -9999 -9999 -9999 -9999 -9999 -9999 -9999 -9999 -9999 -9999 -9999 -9999 -9999 -9999 -9999 -9999
3.76853010162166 3.34545395591845 2.05179318090075 -0.800216065730541 -4.13871083673164 -5.60932099520108 -5.55791858475548 -5.41454669117294 -5.13731789604113 -4.83165355927462 -4.42785899343661 -4.03995458764253 -3.68232018343455 -3.35489287508015 -3.18228012191868 -3.07860181749561 -3.10106314705401 -3.13104703326683 -3.05933270037626 -3.05491712260291 -3.02170392036562 -2.982480466924 -2.969878975814 -2.99050962160524 -2.98870320819364 -2.9885224442095 -3.07042922006958 -3.11428172086408 -2.97248449249442 -3.16968056314478 -3.30799752764349 -3.34308356114397 -3.43018368343302 -3.49756704968778 -3.52061608896684 -3.58884308390783 -9999 -9999 -9999 -9999 -9999 -9999 -9999 -9999 -9999 -9999 -9999 -9999 -9999 -9999 -9999 -9999 -9999 -9999 -9999 -9999 -9999 -9999 -9999 -9999 -9999 -9999 -9999 -9999 -9999
3.68615484963412 1.6415365518268 -1.74508911290471 -4.140651626067 -4.75320527549145 -4.98562765174945 -5.23192895669338 -5.25413710006176 -5.0189675160287 -4.66699211031244 -4.32708813888218 -3.94972347200551 -3.65994952235048 -3.38554353227398 -3.12877114143604 -3.09657437003658 -3.13206258993054 -3.20040313945047 -3.16813114116552 -3.15200264062797 -3.14806890928725 -3.10700158035875 -3.10397008153609 -3.08123145261914 -3.06933442353309 -3.06530962457509 -3.11671938815506 -3.05731128966819 -3.17345526227697 -3.26931190245275 -3.35484169667405 -3.46248517488987 -3.50819135592284 -3.5547974325863 -3.59615334298675 -3.63114427189989 -9999 -9999 -9999 -9999 -9999 -9999 -9999 -9999 -9999 -9999 -9999 -9999 -9999 -9999 -9999 -9999 -9999 -9999 -9999 -9999 -9999 -9999 -9999 -9999 -9999 -9999 -9999 -9999 -9999
3.31048624908209 -0.966461538700723 -3.5468394807227 -4.16706578316425 -4.47962275973136 -4.70360875855543 -4.95741072362768 -4.99140755739105 -4.78921158603001 -4.54197252021631 -4.28221135999766 -3.92019795421116 -3.57899656521426 -3.40245691866285 -3.20381135045634 -3.17649364578579 -3.20823728884783 -3.28487058749716 -3.29292374130646 -3.28154617255603 -3.21619976135621 -3.21080780737547 -3.21551276009973 -3.16756294336638 -3.16290221333199 -3.03046015848628 -3.07415926521807 -3.15358681090217 -3.20794089853601 -3.33968606757865 -3.44433906344138 -3.52079867973258 -3.52141294168067 -3.62692798650778 -3.65961250192003 -9999 -9999 -9999 -9999 -9999 -9999 -9999 -9999 -9999 -9999 -9999 -9999 -9999 -9999 -9999 -9999 -9999 -9999 -9999 -9999 -9999 -9999 -9999 -9999 -9999 -9999 -9999 -9999 -9999 -9999
0.540577299998763 -2.99807936244593 -3.65716106472339 -4.04392809876245 -4.38287802265016 -4.68158144398712 -4.84539790833569 -4.67521381831422 -4.61210847637261 -4.41801504301564 -4.182537766906 -3.84151813189274 -3.56968786048805 -3.37499912124601 -3.31992876056084 -3.34795901675546 -3.39842789052697 -3.36288273166265 -3.37692925073911 -3.36996440933465 -3.35415932140488 -3.31628715404094 -3.28248292649015 -3.27229553762009 -3.2684947017175 -3.20075717512715 -3.22819995914027 -3.29244928423303 -3.22909010568971 -3.47468572349919 -3.49796491860228 -3.55986749911053 -3.58344129582145 -3.67245087292704 -3.7052019656897 -9999 -9999 -9999 -9999 -9999 -9999 -9999 -9999 -9999 -9999 -9999 -9999 -9999 -9999 -9999 -9999 -9999 -9999 -9999 -9999 -9999 -9999 -9999 -9999 -9999 -9999 -9999 -9999 -9999 -9999
-2.75120428416808 -3.3079791229833 -3.80355337364704 -4.14354164010928 -4.3804251094618 -4.6083659533122 -4.64239879946035 -4.53145281067548 -4.40571309750494 -4.25748362902112 -4.03877106504808 -3.80077465059249 -3.57838094949305 -3.43224124773682 -3.37261927875838 -3.4747680641888 -3.47663461495674 -3.55230765711008 -3.52256716992274 -3.51594169891532 -3.47353084937131 -3.40338056517869 -3.3853401087502 -3.36620090162296 -3.37344256567038 -3.37712019568086 -3.32241806175836 -3.38293341147759 -3.35707412938728 -3.53169838810657 -3.62817970360194 -3.64240612649614 -3.65321028279431 -3.6883549102948 -9999 -9999 -9999 -9999 -9999 -9999 -9999 -9999 -9999 -9999 -9999 -9999 -9999 -9999 -9999 -9999 -9999 -9999 -9999 -9999 -9999 -9999 -9999 -9999 -9999 -9999 -9999 -9999 -9999 -9999 -9999
-3.23683018818131 -3.5942751181102 -4.04461036204529 -4.425807106423 -4.54114240489936 -4.5815410124219 -4.51408479339912 -4.33996474003469 -4.24251365873351 -4.10262886221576 -3.9450973549125 -3.74246079690594 -3.53476497434609 -3.43707939709422 -3.49047930689759 -3.5326415165059 -3.68160617555024 -3.65623747644902 -3.65293234732301 -3.59675386468034 -3.53992853254719 -3.47270888863694 -3.47090207824527 -3.44510682628904 -3.4424266426279 -3.4586125268592 -3.43368895223869 -3.45642917316094 -3.49854156200102 -3.64332392847589 -3.67664768246556 -3.72591018875099 -3.73308616465528 -9999 -9999 -9999 -9999 -9999 -9999 -9999 -9999 -9999 -9999 -9999 -9999 -9999 -9999 -9999 -9999 -9999 -9999 -9999 -9999 -9999 -9999 -9999 -9999 -9999 -9999 -9999 -9999 -9999 -9999 -9999 -9999
-3.56779686769439 -3.86033116209084 -4.29879043609436 -4.65286782731247 -4.62630819219184 -4.42645716177649 -4.31237693953903 -4.236248143072 -4.09008176882945 -3.95108291195723 -3.80048312360339 -3.65931012296737 -3.47054355076211 -3.42735327241679 -3.53130221524935 -3.67986838133793 -3.813847515999 -3.81311192175353 -3.75468135716265 -3.69156404803687 -3.59797290184712 -3.54818110376058 -3.51578137496731 -3.48239680554041 -3.49088755616446 -3.49402678905904 -3.49645716551638 -3.55904270475339 -3.59887199035316 -3.67211902744044 -3.66983247372127 -3.79100929558784 -3.79752047483154 -9999 -9999 -9999 -9999 -9999 -9999 -9999 -9999 -9999 -9999 -9999 -9999 -9999 -9999 -9999 -9999 -9999 -9999 -9999 -9999 -9999 -9999 -9999 -9999 -9999 -9999 -9999 -9999 -9999 -9999 -9999 -9999
-3.39089521924603 -4.04959442400151 -4.40047658014697 -4.42519504479048 -4.49282622724376 -4.27089009905003 -4.19305153982764 -4.08220408579346 -3.95077361237857 -3.85357310450404 -3.67732429924471 -3.55759725431395 -3.45635823686232 -3.41265093871703 -3.57903743075006 -3.78507090669219 -3.86084897315139 -3.81234271071032 -3.72573340977782 -3.73520774196649 -3.67424438486294 -3.65525442922992 -3.60820671139262 -3.5561270962282 -3.57406580082316 -3.60647048873825 -3.55426298001012 -3.59809839128896 -3.63411258413742 -3.5915889217522 -3.69343921262601 -3.81439608699904 -9999 -9999 -9999 -9999 -9999 -9999 -9999 -9999 -9999 -9999 -9999 -9999 -9999 -9999 -9999 -9999 -9999 -9999 -9999 -9999 -9999 -9999 -9999 -9999 -9999 -9999 -9999 -9999 -9999 -9999 -9999 -9999 -9999
-3.71543967347766 -4.07646686779734 -4.19454473851659 -4.15638702095531 -4.21406597959248 -4.08922899881913 -4.03631883134251 -4.00461035167099 -3.81101596414071 -3.72043805316406 -3.61130060101004 -3.52331749088458 -3.47064631479341 -3.46866637050965 -3.54348611707291 -3.69051825562582 -3.76456032505323 -3.74615285794899 -3.7314904200931 -3.66370227267682 -3.66312720540339 -3.64903622273557 -3.65164163360549 -3.63007527376863 -3.62413656949134 -3.60954728217933 -3.61698331514122 -3.67907913420891 -3.62328012102011 -3.56850262746584 -3.67831092705034 -9999 -9999 -9999 -9999 -9999 -9999 -9999 -9999 -9999 -9999 -9999 -9999 -9999 -9999 -9999 -9999 -9999 -9999 -9999 -9999 -9999 -9999 -9999 -9999 -9999 -9999 -9999 -9999 -9999 -9999 -9999 -9999 -9999 -9999
-3.90280536973519 -3.98934669300123 -4.0482776970619 -4.12067812929612 -4.0808855703565 -4.05031020470868 -3.98338338761821 -3.91647067376403 -3.80060805461634 -3.69240019173107 -3.56958588862185 -3.46039775582089 -3.42638050041514 -3.4634488638478 -3.52239424540225 -3.64468098016324 -3.68383742665077 -3.70696049966492 -3.66770532275626 -3.68680119574884 -3.65742921488269 -3.61902882592921 -3.60198553791087 -3.6030330678168 -3.63643518585422 -3.66846514908035 -3.7116507726928 -3.7165346466838 -3.65418834660701 -3.59837049603129 -9999 -9999 -9999 -9999 -9999 -9999 -9999 -9999 -9999 -9999 -9999 -9999 -9999 -9999 -9999 -9999 -9999 -9999 -9999 -9999 -9999 -9999 -9999 -9999 -9999 -9999 -9999 -9999 -9999 -9999 -9999 -9999 -9999 -9999 -9999
-3.96273141200813 -3.84364783572919 -3.85874158850828 -4.0692389334952 -4.00810748332058 -4.03842775709253 -3.94634544160885 -3.88752442425077 -3.77657530447448 -3.63969183228931 -3.50455140222076 -3.39839864725384 -3.39279095670677 -3.43070020306028 -3.46940859533673 -3.55378425575668 -3.60947657674751 -3.65390382875211 -3.67660968434239 -3.69226290071681 -3.6630437775221 -3.67075110400961 -3.63724664151345 -3.60915129586483 -3.61298825990386 -3.62333734728895 -3.66054206784825 -3.67338654093484 -3.68501787479016 -9999 -9999 -9999 -9999 -9999 -9999 -9999 -9999 -9999 -9999 -4.29295337090109 -4.33376410540549 -4.28600086602663 -4.22542661370991 -4.18295858641905 -4.12524443198328 -4.09561404888166 -4.2009377607173 -4.36364410536947 -9999 -9999 -9999 -9999 -9999 -9999 -9999 -9999 -9999 -9999 -9999 -9999 -9999 -9999 -9999 -9999 -9999
-3.96205144220725 -3.83951221911729 -3.85613389934433 -3.93340587416218 -4.0219834717268 -4.0164050125233 -3.9281480627252 -3.87393983715561 -3.74523198541589 -3.639102484896 -3.51945140792556 -3.40826546360522 -3.43398053560089 -3.42812373177944 -3.44903180044837 -3.49983445102185 -3.5725406861552 -3.63310433111202 -3.67075625236403 -3.69584805171334 -3.6893161529463 -3.7060105232626 -3.72148301738401 -3.66883266647544 -3.65378142374192 -3.65510406824198 -3.73176397336444 -9999 -9999 -9999 -9999 -9999 -9999 -9999 -9999 -4.12451073760855 -4.15607987803853 -4.22799631502242 -4.26523041154875 -4.36757882671349 -4.34952821027758 -4.30072258396796 -4.23791567182658 -4.21860753530481 -4.16364344004232 -4.18534507990646 -4.22383628714272 -4.37492242617627 -4.45262175142491 -4.52724843744176 -4.5344553898826 -9999 -9999 -9999 -9999 -9999 -9999 -9999 -9999 -9999 -9999 -9999 -9999 -9999 -9999
-4.10254066876698 -3.90921178224207 -3.92993947715326 -3.99413990776495 -4.04755835095475 -4.05747688596551 -3.95175717535414 -3.82544804872754 -3.72167476955304 -3.63986791586405 -3.54983590697597 -3.43797307781755 -3.37671874187683 -3.36668386698425 -3.42275833148718 -3.45678057280192 -3.52931753257972 -3.6020080073413 -3.67487110936037 -3.68040364835886 -3.7213704054274 -3.73581651654792 -3.71612537116317 -3.72844806794048 -3.71548915524403 -9999 -9999 -9999 -9999 -9999 -9999 -9999 -9999 -4.00960367952967 -4.07440755895157 -4.1785217940303 -4.22558085855985 -4.31292573652415 -4.33075497703722 -4.34463041611018 -4.30418142120975 -4.28149877160815 -4.26375750171269 -4.22045476040138 -4.18899676447069 -4.25377663165121 -4.3429758825631 -4.4337952897175 -4.53735038022333 -4.54740657976166 -4.58253894832916 -4.6349177016399 -4.74219824628433 -9999 -9999 -9999 -9999 -9999 -9999 -9999 -9999 -9999 -9999 -9999 -9999
-4.11438542018618 -4.06592011430022 -4.08287947550099 -4.05501723490108 -4.06730505741319 -4.04527513715994 -3.97993673209819 -3.88758088986894 -3.77741444100679 -3.65418329909386 -3.5487652483354 -3.43992447716521 -3.3384508616116 -3.31089567772025 -3.36175875410208 -3.44635270294805 -3.52080169835027 -3.59677480065667 -3.66631767562695 -3.76135160795522 -3.76939368775863 -3.7825037655841 -3.7898452579841 -9999 -9999 -9999 -9999 -9999 -9999 -9999 -9999 -9999 -4.02579648442506 -4.03949155712785 -4.10119131376216 -4.16883796131402 -4.26004552517698 -4.31895005477265 -4.36177371737358 -4.35974356213611 -4.29990636274414 -4.27978196012479 -4.24957615572145 -4.24119169283277 -4.28380952450029 -4.33908915092197 -4.41278209926378 -4.50544643298983 -4.60212974170407 -4.55915282331702 -4.72633683623177 -4.72856875001887 -4.72304324998356 -4.75544778925844 -4.77777322393573 -9999 -9999 -9999 -9999 -9999 -9999 -9999 -9999 -9999 -9999
-4.21843598276205 -4.16195109608722 -4.12721610951458 -4.13644442526846 -4.10228516014556 -4.06327831820563 -4.0023544032616 -3.89706744857736 -3.7684700498741 -3.66684697390411 -3.54726478078279 -3.44605664987207 -3.32727643064795 -3.2780609324981 -3.31812640076141 -3.40957962177707 -3.55560495062043 -3.63976364646544 -3.72542554961081 -3.79278427277313 -3.85208047097086 -3.8885142381763 -9999 -9999 -9999 -9999 -9999 -9999 -9999 -9999 -3.94108981039009 -3.99667051693201 -4.07615236587084 -4.0766984265415 -4.16182885997077 -4.25680731436174 -4.32304037243695 -4.40606315596231 -4.39528855310676 -4.36934033422717 -4.34328301828926 -4.31600802889255 -4.32851110136128 -4.30256010595402 -4.34021328142327 -4.36382228433728 -4.4235817451587 -4.52750557536077 -4.63311109470351 -4.62487104555221 -4.75718793585011 -4.73503732483244 -4.78362020918692 -4.74142846706443 -4.77126154471378 -4.79056355705142 -9999 -9999 -9999 -9999 -9999 -9999 -9999 -9999 -9999
-4.22661049435204 -4.17400474057389 -4.12961459067372 -4.10461770106922 -4.10893992522986 -4.06913639573563 -4.02557574512066 -3.9162757694458 -3.79583081555142 -3.69579453389618 -3.6004079558232 -3.47214566885066 -3.35602042173969 -3.27535100224295 -3.33306509718372 -3.45875305102859 -3.58947188151492 -3.74276389871676 -3.80927533941637 -3.90829403883897 -3.94685442571939 -3.98150505961159 -9999 -9999 -9999 -9999 -9999 -9999 -9999 -3.97855063783962 -4.00380193768582 -3.99218038250771 -4.07129860491649 -4.1580403100928 -4.201918706607 -4.26906109652248 -4.36973433900418 -4.38648318317103 -4.38630089447801 -4.33509193220956 -4.29128468940495 -4.29930275127394 -4.32222767716828 -4.33436159499564 -4.35800268313923 -4.34668528757867 -4.36224989418345 -4.49644507513544 -4.6284265027984 -4.8274931118169 -4.77031428941229 -4.76145692847908 -4.74096364412748 -4.72829953831591 -4.7552310439222 -4.78947919012829 -4.82404306461741 -4.82104160154279 -9999 -9999 -9999 -9999 -9999 -9999 -9999
-4.16212781071823 -4.10002771941574 -4.12105797947201 -4.10499979734646 -4.08619886920689 -4.06813135036925 -4.0286955800671 -3.93615130267773 -3.81530448539435 -3.7362868018797 -3.61378614594768 -3.4754418901414 -3.34696911407845 -3.31313091191194 -3.42523733798657 -3.55063596947225 -3.67393936401047 -3.83704295960983 -3.94740942266668 -4.05809287525013 -4.13512656327352 -4.14877140710668 -9999 -9999 -9999 -9999 -9999 -9999 -3.98582409019776 -4.04843523661865 -4.07641165809193 -4.06931367991791 -4.10099455955685 -4.18671811358174 -4.24444548674671 -4.29910735973748 -4.36637559974946 -4.33300315357666 -4.30069771019387 -4.30733045751745 -4.33248077161498 -4.27077856417145 -4.25601612032894 -4.24616316684287 -4.2568852762823 -4.31938636236106 -4.4807918349122 -4.5997048893003 -4.69049688840026 -4.84131195793842 -4.92779109995498 -4.73420103878543 -4.74278597821852 -4.75734424314219 -4.79398709694019 -4.80468592007376 -4.75936459725938 -4.75381187879252 -4.73113639297983 -9999 -9999 -9999 -9999 -9999 -9999
