data/pcas/current_cal/PC01.asc
NCOLS 366 
NROWS 318 
XLLCORNER -99.1666666666663 
YLLCORNER -31.5000000000002 
CELLSIZE 0.166666666666667 
NODATA_value -9999 
[rows 224 to 251 of 318, columns 195 to 259 of 366]
-9999 -1.22503960379699 -1.49274771477429 -1.76905794589313 -1.89952485946786 -2.02938496836941 -2.13698129157676 -2.2194434465725 -2.25620119857909 -2.29567087385593 -2.23879681463295 -2.11101174199241 -1.93070832475865 -1.72208695263723 -1.50490057399475 -1.20277160690349 -0.954646632777795 -0.753747044765252 -0.513932939011357 -0.260516017625111 -0.00345779735347398 0.25709587555157 0.540625782228079 0.679135350844164 0.943768428419234 0.997211598229046 1.13784392314762 1.2531757733046 1.24124311407338 1.29312893165865 1.46235356306227 1.46158231441697 1.44604933797626 1.40340212653451 1.40246129018082 1.29574265316586 -9999 -9999 -9999 -9999 -9999 -9999 -9999 -9999 -9999 -9999 -9999 -9999 -9999 -9999 -9999 -9999 -9999 -9999 -9999 -9999 -9999 -9999 -9999 -9999 -9999 -9999 -9999 -9999 -9999
0.488951594894697 -0.610142170416989 -1.58043883845821 -1.93114927297786 -2.13605146521589 -2.31751843822905 -2.4494089029085 -2.53302394735214 -2.55833738342291 -2.57284756167149 -2.52228402076633 -2.39084110538801 -2.18076587881644 -1.92929861604464 -1.61233829234802 -1.30586788743561 -1.00283303134167 -0.767381199902062 -0.521160619280996 -0.256765770138279 -0.0207798247250453 0.202380757316938 0.559894127179438 0.94516686940424 1.01861213917179 1.05733706614139 1.25896600842869 1.27287827269997 1.28219994613903 1.28194367204946 1.43809234420099 1.58091060158843 1.57695788170461 1.57614139417109 1.5368070577206 1.42204991131569 1.20732971031661 -9999 -9999 -9999 -9999 -9999 -9999 -9999 -9999 -9999 -9999 -9999 -9999 -9999 -9999 -9999 -9999 -9999 -9999 -9999 -9999 -9999 -9999 -9999 -9999 -9999 -9999 -9999 -9999
0.71097153100671 0.421726284212064 -0.730957213217463 -1.94250602448192 -2.33196544339242 -2.57527164351352 -2.7282420116089 -2.82779878732814 -2.87166855116126 -2.86757948940227 -2.78990110266751 -2.67085246612567 -2.39275064823617 -2.06471166079235 -1.78345798653584 -1.39298891919429 -1.09047992994845 -0.839269371412375 -0.530176644760042 -0.302825267849662 -0.0389209284863932 0.156716521916739 0.515347581876113 0.901219527699229 1.10685988002668 1.05922789397256 1.31903982699307 1.40645378107087 1.32914995753953 1.44551269781344 1.50163834270001 1.65437743995252 1.67020565377535 1.71032552262487 1.67172939624612 1.47039337110952 1.23618304954841 -9999 -9999 -9999 -9999 -9999 -9999 -9999 -9999 -9999 -9999 -9999 -9999 -9999 -9999 -9999 -9999 -9999 -9999 -9999 -9999 -9999 -9999 -9999 -9999 -9999 -9999 -9999 -9999
1.36110729551662 1.36145318351241 0.501094254368366 -1.29519549144222 -2.36980392588264 -2.80756225519191 -3.03473691801499 -3.16550449536442 -3.13025206844784 -3.12140882780977 -3.03580152300705 -2.93301412893016 -2.60867376923457 -2.27576712695736 -1.85811827352649 -1.47226920121296 -1.06079953721709 -0.797653760486793 -0.528369010091265 -0.261272612603617 -0.0295668213399747 0.117511888959187 0.268447717167411 0.564742457444008 0.841265355000086 0.922608143971874 1.18592597794512 1.54057246228709 1.48279702213442 1.47070996456695 1.47017307892594 1.6335375507164 1.70287047143938 1.78471943314233 1.78518221469311 1.56605109938985 1.33199874736335 1.13970517030986 -9999 -9999 -9999 -9999 -9999 -9999 -9999 -9999 -9999 -9999 -9999 -9999 -9999 -9999 -9999 -9999 -9999 -9999 -9999 -9999 -9999 -9999 -9999 -9999 -9999 -9999 -9999
3.28967931968919 2.33574939412428 2.00047658790397 0.630848192849382 -1.45247639776319 -2.88925757335161 -3.36668351119703 -3.42167907159912 -3.24471654319652 -3.14065780985992 -3.24687484457012 -3.22259052862261 -2.86272341085033 -2.35609917536954 -1.86384940685617 -1.47064372887596 -1.07459947250944 -0.810847063804527 -0.529161403612065 -0.26920613775844 -0.0356099104404486 0.148324119634636 0.27705705526489 0.381912747488997 0.471323812439207 0.76861855652148 1.01950868961585 1.30299568105702 1.39600701219616 1.36664367068548 1.50544769268681 1.66892597185702 1.68966346885414 1.70843036168323 1.69147577223854 1.58065485148242 1.33284422351807 0.959962437942407 -9999 -9999 -9999 -9999 -9999 -9999 -9999 -9999 -9999 -9999 -9999 -9999 -9999 -9999 -9999 -9999 -9999 -9999 -9999 -9999 -9999 -9999 -9999 -9999 -9999 -9999 -9999
6.45321065306045 5.3442726366951 2.56088023656049 2.59335186638546 0.388869393036125 -2.07761501094731 -3.46494875245934 -3.73952334808782 -3.24006508217431 -3.02866445349128 -3.28882987396173 -3.32642394153155 -2.81960790768187 -2.31001487073273 -1.82150911051213 -1.38510056009496 -0.988738068843033 -0.667990771530901 -0.482338945832636 -0.204837281169268 0.0163911505862294 0.193104872489422 0.328856141689405 0.421859845953173 0.483172309887369 0.639235090845257 0.915490387505277 1.03768890029664 1.0988521949722 1.35015571687585 1.4985266431148 1.47932775038597 1.56000453118938 1.58763368660803 1.56016166483805 1.38521461548927 1.20061460542151 0.669940631404759 0.475931941674337 -9999 -9999 -9999 -9999 -9999 -9999 -9999 -9999 -9999 -9999 -9999 -9999 -9999 -9999 -9999 -9999 -9999 -9999 -9999 -9999 -9999 -9999 -9999 -9999 -9999 -9999
8.55892330432485 7.90925588361254 5.08661015460739 4.69851714382232 1.67920182277584 -0.456179178890551 -2.26610467867298 -3.48953098124813 -3.18868306283249 -2.96587451428856 -2.97721422319103 -2.93881261235284 -2.59268267995599 -2.15255290509058 -1.69284700240418 -1.26729871830588 -0.866496135601947 -0.568464893442829 -0.304549031334715 -0.139292950501825 0.114159142269663 0.274156746907019 0.356723003079789 0.45261042352754 0.581319081515735 0.63663028412755 0.711083035474694 0.877281546988914 1.13061469840164 1.22059644602008 1.33228977510379 1.40722975928493 1.42655363522706 1.33920870347695 1.17936843712814 1.09316877658943 0.76916399721178 0.541748700895861 0.433452672554487 -9999 -9999 -9999 -9999 -9999 -9999 -9999 -9999 -9999 -9999 -9999 -9999 -9999 -9999 -9999 -9999 -9999 -9999 -9999 -9999 -9999 -9999 -9999 -9999 -9999 -9999
7.2748809266482 8.44999016555203 8.37234587778609 5.71052184378857 3.78456087225881 0.929799535749236 -0.282236674620123 -2.06559417089126 -2.42534078027025 -2.53569892998092 -2.59304543174161 -2.52021247091334 -2.24400087220203 -1.9225897398731 -1.51716762497208 -1.11905960611272 -0.757850281745922 -0.481124929826089 -0.187221078531842 0.036568443360935 0.289753862306273 0.369682478817572 0.424610664066529 0.522500659146644 0.638678927969211 0.682186796771626 0.772775078182454 0.817213644028581 0.895691762166552 1.08842529213218 1.17652377392889 1.31069657059068 1.23027856515855 1.16139715897241 1.05749103994775 0.885801239537299 0.753211002956502 0.520852319382374 0.318057662832291 0.122386584954246 -9999 -9999 -9999 -9999 -9999 -9999 -9999 -9999 -9999 -9999 -9999 -9999 -9999 -9999 -9999 -9999 -9999 -9999 -9999 -9999 -9999 -9999 -9999 -9999 -9999
6.90691170704948 8.74977532710514 7.6954281153228 8.03571026752408 6.09823507274463 5.97419551812747 4.60397993100033 0.435112450159406 -0.371856020213525 -0.93510762515624 -1.55287246870522 -1.62947414580252 -1.73892024198668 -1.55257420550957 -1.31979070357699 -0.967599138739949 -0.695110094295685 -0.422499381711215 -0.137615167414876 0.115176272487672 0.377513656727607 0.508728311777691 0.514304135364089 0.615879731442428 0.692945713870566 0.765218818696704 0.790306337226929 0.831853290934855 0.898617066710733 0.990978423027952 1.0132262990815 1.08973400405896 1.13923859342091 1.05256514560678 0.958867798383476 0.874466103946996 0.715884696239415 0.432558791250032 0.210267047676253 -0.0475568815336504 -9999 -9999 -9999 -9999 -9999 -9999 -9999 -9999 -9999 -9999 -9999 -9999 -9999 -9999 -9999 -9999 -9999 -9999 -9999 -9999 -9999 -9999 -9999 -9999 -9999
7.78715120562489 6.51642769537746 5.48349716365985 5.82005913521501 6.78708742419987 6.97865457000707 7.60688246122831 6.11056585092571 2.57247742805534 0.842293998105582 0.505030068819345 0.0561861820184092 -0.174370467321332 -0.40542446552094 -0.561869145620598 -0.690913627472777 -0.458938527391408 -0.29751356355852 -0.0415038920854964 0.171939191135263 0.31055727024207 0.363186090596714 0.605659006563611 0.658580387578043 0.729397729356357 0.787310552414733 0.844956270772945 0.871386296605472 0.989430760164031 1.01417267751206 1.03503211779765 1.00946433055513 0.968649777887997 0.918254298310973 0.869815055486997 0.739632154215286 0.612896349127247 0.377827575427992 0.208770948502735 0.00230925469043411 -9999 -9999 -9999 -9999 -9999 -9999 -9999 -9999 -9999 -9999 -9999 -9999 -9999 -9999 -9999 -9999 -9999 -9999 -9999 -9999 -9999 -9999 -9999 -9999 -9999
7.32214678158193 5.99017131991972 5.62318292863218 5.88775124937892 5.76349259262944 6.34112970415921 7.67055101045518 6.68560023585056 6.38221508572905 5.7424208828541 4.76143905318574 4.10635371959174 1.65560343056365 1.83653160635952 1.3030379535487 0.468302617842624 0.0632451339091117 -0.00687455293448651 0.0262309471216189 0.188495188708812 0.294698389559826 0.38784484404337 0.48536933902552 0.625630951472288 0.73257930643473 0.819477062184211 0.900189510854277 0.939426384259388 1.01642876510767 1.0493809567049 1.07142530639271 1.11202819312523 1.02000504448775 0.953208401800106 0.856999188418128 0.718914326459132 0.597468172379814 0.463575901444841 0.335052104272081 0.149293727665619 -9999 -9999 -9999 -9999 -9999 -9999 -9999 -9999 -9999 -9999 -9999 -9999 -9999 -9999 -9999 -9999 -9999 -9999 -9999 -9999 -9999 -9999 -9999 -9999 -9999
8.69409867545072 7.12636618686028 5.81935945794799 6.05851821987989 6.01362765964674 7.01493499315924 7.36143921178117 5.98609866928302 5.48180248437676 5.79244190548924 5.32523568966035 4.75666035487377 3.69170013858243 3.87909861156836 3.16955980416792 2.0252938603584 1.4226804708714 1.09411470214193 0.592790362379444 0.347788063578194 0.294438546495732 0.391767845024106 0.550201042468807 0.620660263204549 0.750715360519165 0.864275558087241 0.945760127181834 1.01213481194998 1.09421821980602 1.09140371915869 1.09711987020717 1.09803725506089 1.07364082585188 1.0591215544641 0.947089537937758 0.80822561498048 0.706696525141166 0.608401323326976 0.43290322639234 0.258767147903158 0.0921604791019714 -9999 -9999 -9999 -9999 -9999 -9999 -9999 -9999 -9999 -9999 -9999 -9999 -9999 -9999 -9999 -9999 -9999 -9999 -9999 -9999 -9999 -9999 -9999 -9999
9.07548736072973 8.08092932339573 7.16891981603078 5.85786797696771 5.24822041524343 5.9624215494015 6.00671116760218 5.32197906746059 5.11883994054339 5.0483110945055 4.6758445492618 4.54946085167361 4.26819938268936 4.19792483676763 3.54584215881333 2.81283468116815 2.81053269821453 1.8121545268205 1.70903588761636 0.774239862749748 0.552678335904089 0.440891454696566 0.646681494335868 0.774563752794876 0.838101592123489 0.939553828677427 1.00038486344154 1.07813393224461 1.13041831334632 1.16406541565011 1.16294615335926 1.15034475258241 1.11347837396748 1.0748397246589 1.13235188749343 1.13086834423516 1.00448273357211 0.890426337343731 0.681305362661113 0.505861072597125 0.346659621006404 -9999 -9999 -9999 -9999 -9999 -9999 -9999 -9999 -9999 -9999 -9999 -9999 -9999 -9999 -9999 -9999 -9999 -9999 -9999 -9999 -9999 -9999 -9999 -9999
9.20987619115602 8.49165112287418 8.07135970236537 6.65258700773995 6.47968848598078 5.02034495810272 5.20662339843776 5.22801256617119 5.16403090973318 4.77800521209633 4.25377999082407 3.86644357101489 3.64829826794631 3.69043056571908 3.48427035264586 3.1638420798768 3.4746476332322 2.82741833602553 2.09420865575706 1.06206847310865 0.985728609953217 0.704845916764677 0.744789047271141 0.890618413592965 0.985061984839187 1.05991069188292 1.10717864845761 1.17391786210302 1.23607974349382 1.22394179960009 1.21596767939688 1.22098155764486 1.17084455372984 1.11797475538807 1.13878193473346 1.22233328154292 1.2107099580398 1.11578542625815 1.13010288078399 0.901228555724589 0.662133150894533 -9999 -9999 -9999 -9999 -9999 -9999 -9999 -9999 -9999 -9999 -9999 -9999 -9999 -9999 -9999 -9999 -9999 -9999 -9999 -9999 -9999 -9999 -9999 -9999
9.24280403898927 7.94528773483888 8.7218759425113 6.83247724350832 5.75802735202678 5.36237534521964 4.9153223762209 5.2270932318543 5.17784243873264 5.11471375628568 4.45614385503464 4.52757923772417 4.48446187693852 3.79448721299072 4.36410635523808 3.61604171604028 3.41390382160429 3.14910077064179 2.27822405520784 1.49572961689597 1.20134881469175 1.03494260070534 1.01851357127335 1.09257790165554 1.15509012474628 1.19013566512381 1.25151102547665 1.24774246338874 1.29169222584232 1.31368919854857 1.27867671274721 1.28232017302064 1.24267125541752 1.2074073529938 1.14656619394597 1.18137374464802 1.18097770329265 1.15071552343022 0.985417467068297 1.00388692571594 0.678079267319715 -9999 -9999 -9999 -9999 -9999 -9999 -9999 -9999 -9999 -9999 -9999 -9999 -9999 -9999 -9999 -9999 -9999 -9999 -9999 -9999 -9999 -9999 -9999 -9999
9.27811717391276 8.53832429236797 8.1209159952644 7.48108255149446 5.94531546277145 5.11649099885916 4.71344454123823 4.72968230910923 4.70901895780144 4.85737875980621 4.23724739198 4.46349200072798 4.63213046841967 3.98965493199291 4.22791297809873 3.91328611875065 4.19299057068843 3.23919925056395 2.67680189300289 1.59705566712364 1.42785162109807 1.28664240365322 1.28053962483037 1.32017811277044 1.32627606181111 1.34126122868478 1.3570420378097 1.38297792309606 1.41422184626849 1.38314814815807 1.38994394627017 1.34531432555808 1.30943605335665 1.25938828909862 1.21149179261155 1.18246782892413 1.22333636292309 1.2054496029943 1.02642152273256 1.04855931006788 0.751371647256279 -9999 -9999 -9999 -9999 -9999 -9999 -9999 -9999 -9999 -9999 -9999 -9999 -9999 -9999 -9999 -9999 -9999 -9999 -9999 -9999 -9999 -9999 -9999 -9999
9.56315184407508 8.62362503678978 7.60699612598703 7.93103461589073 7.31714279124795 5.71338912845152 4.94190700041961 5.06914464759777 4.23326266209232 4.16347554219504 4.19196572378979 3.67014697073614 3.58591977370223 3.42650408654214 3.12249160462949 4.41627741989297 4.10010691961409 2.89789378507899 2.25700911989865 1.56057090597084 1.56561570212333 1.52295807184424 1.53777328848941 1.51348162205641 1.48496341221493 1.5572053444863 1.55609482998771 1.49493747960582 1.47314412491611 1.46435459322601 1.437054936403 1.40151806065974 1.37948591552929 1.40373423611879 1.32847815060376 1.33193428283339 1.29001158722854 1.24411124829043 1.08372295645144 1.02227659713454 0.944245645953221 -9999 -9999 -9999 -9999 -9999 -9999 -9999 -9999 -9999 -9999 -9999 -9999 -9999 -9999 -9999 -9999 -9999 -9999 -9999 -9999 -9999 -9999 -9999 -9999
9.78560631827459 9.02174477409858 7.96775698640714 7.74101811930976 8.28262339173985 7.23244262099809 6.54112194591894 5.34291468467119 4.73733701000939 4.22534788522971 5.05976429023424 4.44799349172273 3.88870502922618 3.47643897949375 3.20495483849844 3.9947485517157 3.05992352017292 2.33331827461456 1.3989335401299 1.68817137956579 1.60673420496491 1.7037776043029 1.69392895422504 1.71822414767515 1.68964422421694 1.66462927277955 1.67676661049364 1.56921542782819 1.55435990006207 1.53514908014234 1.54044300636551 1.51445773068598 1.51954053112472 1.49053269677189 1.52387328958725 1.48296998532421 1.48096777585237 1.28956401423268 1.18199383616037 1.04314676726105 -9999 -9999 -9999 -9999 -9999 -9999 -9999 -9999 -9999 -9999 -9999 -9999 -9999 -9999 -9999 -9999 -9999 -9999 -9999 -9999 -9999 -9999 -9999 -9999 -9999
9.94166871291286 10.338626777641 9.52158515771672 7.9815006947176 9.31116353524183 7.98511521635059 7.01424865071075 5.99079768433427 4.87765344591133 4.48212392954024 5.19095676602843 4.59020500632178 4.44809928074462 4.50013248589449 2.74264187303721 2.77320536726242 2.43190214739348 1.6832259568961 1.3769555686847 1.6639734472076 1.71619338612131 1.87537568879521 1.86291294220998 1.81983566402142 1.7713211325697 1.72119829815413 1.68843406085962 1.6681342788708 1.69310037311735 1.69307736175146 1.71119649267722 1.72283212412632 1.69548161526118 1.6874064590014 1.67461694606482 1.66867252198533 1.4980647986947 1.42804575432086 1.24922324874619 1.12496453365065 -9999 -9999 -9999 -9999 -9999 -9999 -9999 -9999 -9999 -9999 -9999 -9999 -9999 -9999 -9999 -9999 -9999 -9999 -9999 -9999 -9999 -9999 -9999 -9999 -9999
9.96365457101162 10.1118588845116 9.86897834684118 9.0170807461404 8.07150173128115 8.32259504890569 6.61658037221652 5.87750183469557 4.98802831786932 5.26824885168797 5.77315045711101 5.04256208380228 4.24740552625439 4.52001770049468 3.59149078460887 2.41608546357804 1.98926940293059 1.62981037527357 1.70807692195228 1.95058413192558 1.9408788135333 2.04702098957438 1.97729597808703 1.86521519592728 1.80889734636564 1.7726006672141 1.77233237390174 1.82378988577577 1.76063898926396 1.7589413324591 1.89758960766868 1.76961875275577 1.78554066974198 1.65096604033586 1.71578156507835 1.69494811222448 1.65386648136227 1.55260222102049 1.32007463944097 1.28904685343166 -9999 -9999 -9999 -9999 -9999 -9999 -9999 -9999 -9999 -9999 -9999 -9999 -9999 -9999 -9999 -9999 -9999 -9999 -9999 -9999 -9999 -9999 -9999 -9999 -9999
10.666719988716 10.1654577667323 9.52870847418127 9.14783108378817 9.30069402649553 7.35962690533335 7.48667383445674 5.99938843335523 5.10898764635439 5.46538585393988 5.80459805443819 6.04911553991427 4.99559025042464 4.20217855418822 3.81369194057887 2.46531864746563 2.05839253021909 2.12525534689475 2.10611758369221 2.33447696941593 2.24706624558782 2.06653865461342 2.09482777238202 1.88503981225177 1.79430186843199 1.81442828383143 1.77373717728612 1.7696245153851 1.79724208803777 1.78489210288936 1.79530679769938 1.88474773378306 1.82582279899184 1.73672782494509 1.69548609804471 1.69340682614915 1.69229413508267 1.60797001715184 1.47965068816031 1.39353329109088 -9999 -9999 -9999 -9999 -9999 -9999 -9999 -9999 -9999 -9999 -9999 -9999 -9999 -9999 -9999 -9999 -9999 -9999 -9999 -9999 -9999 -9999 -9999 -9999 -9999
10.9296572870424 11.1110265722253 10.5384482837791 9.17156873926409 8.4870662431315 7.90732898051886 8.81088716393961 7.12129399804041 5.48119757353545 5.43217505413011 4.87988675440992 5.75894777362761 5.11178813836769 4.15074199569082 3.77539206746477 2.97115665091928 2.32760428738577 2.19301444510277 2.28382370713585 2.59596738549107 2.57640325727507 2.20694500857525 2.0989438492356 1.910301372339 1.83165617714668 1.80800475006953 1.82509032492207 1.86885288456508 1.84363175576213 1.84813341918315 1.86946700459942 1.92419437290088 1.90693134286386 1.88690253100748 1.81814758823671 1.69877717622955 1.63573456223848 1.71749956065071 1.61958394722883 -9999 -9999 -9999 -9999 -9999 -9999 -9999 -9999 -9999 -9999 -9999 -9999 -9999 -9999 -9999 -9999 -9999 -9999 -9999 -9999 -9999 -9999 -9999 -9999 -9999 -9999
10.4554991028605 11.0668752951918 11.0822357409005 10.4213887554742 9.07860219593811 9.24015909089919 8.38224578830462 7.01757889639062 6.13259176309721 7.4707718462262 6.13822479371754 5.67655507144573 6.06579603912373 4.14653321200852 3.79352587615882 2.69898188334745 2.58221140872489 2.43127972318841 2.46662082983384 2.71868760181707 2.76426802984406 2.39092280806733 2.14248154599778 1.9787529226729 1.87675858266294 1.87933800645403 1.90324768630408 1.92691478911506 1.94463837357579 1.94008194281797 1.93749295545309 1.98568692839553 1.96713685881047 1.9059811405604 1.86140450184915 1.83262247573009 1.7626989172086 1.68479251159809 1.67654001323293 -9999 -9999 -9999 -9999 -9999 -9999 -9999 -9999 -9999 -9999 -9999 -9999 -9999 -9999 -9999 -9999 -9999 -9999 -9999 -9999 -9999 -9999 -9999 -9999 -9999 -9999
10.4350361722558 11.0896687236558 10.4204384058375 10.0233849184012 9.55299823576315 9.80230735519059 9.15589966093159 6.90882545709448 6.67925485131372 7.89873970097772 6.08961635042754 5.10561270697001 5.7419637990912 3.93758112549998 3.65812502743254 2.9307249271672 2.81743605439125 2.75368504853312 2.81963894504452 2.84334719886801 2.89744105908838 2.48816573098919 2.22493692120533 2.05781308407017 1.96161498269484 1.97227054796221 1.98883243222893 2.00307510042187 2.07647160422513 2.03985281219657 2.06499042974937 2.10102586778095 2.06176845241504 2.00149549815902 1.94716827800502 1.91228918027895 1.85018281471307 1.73857765552132 -9999 -9999 -9999 -9999 -9999 -9999 -9999 -9999 -9999 -9999 -9999 -9999 -9999 -9999 -9999 -9999 -9999 -9999 -9999 -9999 -9999 -9999 -9999 -9999 -9999 -9999 -9999
11.1970791645361 10.446293837451 9.16713354062474 9.14421351600409 9.51397273525441 8.43465889425428 7.60611461109363 7.44681838866439 7.19144357813191 6.60282851327502 6.80066670839925 5.73135947451108 5.3860346120034 4.93172429138822 4.1141545668136 3.29591892281125 2.95226801027644 3.04962826191802 2.91680418514608 2.78281713535587 2.77527137059579 2.38968993095073 2.21946026665952 2.1603090110685 2.12405058220755 2.09983719081126 2.09876095847353 2.09402646589125 2.15506621868671 2.16006761335412 2.16129586859873 2.2166014952517 2.16130547778643 2.14015278090824 2.03570507682127 1.95111145359122 1.88529493628367 1.82611519513602 -9999 -9999 -9999 -9999 -9999 -9999 -9999 -9999 -9999 -9999 -9999 -9999 -9999 -9999 -9999 -9999 -9999 -9999 -9999 -9999 -9999 -9999 -9999 -9999 -9999 -9999 -9999
10.445956574744 9.48602841128153 9.16072859052774 8.33447514714433 8.84554155642738 8.19596721837565 7.50519103226773 7.24904627253305 7.73591603351013 6.70557452492143 7.91154710188968 8.18240647851624 4.65218003936361 5.40848802977229 4.01865703049898 3.58504624555881 3.0462089289973 3.05035631507441 2.98840102506529 2.6987364015667 2.71123257656952 2.40491174494087 2.26063251077445 2.24883651867541 2.24688872787241 2.24268490462028 2.2275228626335 2.23295090852811 2.20289241382679 2.15696344419712 2.15611811151715 2.2874786498791 2.28604422450619 2.22784110401241 2.10664501233589 2.03046608737035 1.93925812033557 -9999 -9999 -9999 -9999 -9999 -9999 -9999 -9999 -9999 -9999 -9999 -9999 -9999 -9999 -9999 -9999 -9999 -9999 -9999 -9999 -9999 -9999 -9999 -9999 -9999 -9999 -9999 -9999
-9999 9.43246636024582 9.29413943465327 8.98744660134937 8.69148356141164 7.17900760185698 7.03829444109839 6.663468524872 7.74690982872319 7.23914647860494 7.34079096486321 6.42382290017734 4.44184940603348 5.20404319057279 3.93555091531462 3.5774372424091 3.15678033068023 3.03486936328489 3.24335579181289 2.86411659622595 2.89426612634782 2.49345593788536 2.36547334559647 2.36341810593568 2.37430647436889 2.36563271779751 2.35719381659487 2.337068993005 2.2660739438011 2.24025181103418 2.16694612868515 2.32599436361239 2.30488933983908 2.25105076573663 2.16850900575528 2.06998507221299 1.95697802665995 -9999 -9999 -9999 -9999 -9999 -9999 -9999 -9999 -9999 -9999 -9999 -9999 -9999 -9999 -9999 -9999 -9999 -9999 -9999 -9999 -9999 -9999 -9999 -9999 -9999 -9999 -9999 -9999
-9999 10.1123705101156 9.57521156236833 9.01290990096212 8.66146773309948 6.92858025151081 6.37437921431522 6.60086374622236 8.73150759016183 7.2107322848946 7.22590877177349 5.08993833577201 4.1238076821566 4.098818514676 3.58162944761864 3.54915801202971 3.32952876661437 3.45329777199182 3.48453640338882 3.06307445139188 2.78357151808026 2.65097011863602 2.52535412156035 2.4796474540296 2.47563807991732 2.48900332145946 2.468566291464 2.41914777165351 2.33597695183203 2.2579916537609 2.23648569050669 2.25904316775198 2.28677125466582 2.26584325352808 2.17904056334234 2.09224895886755 -9999 -9999 -9999 -9999 -9999 -9999 -9999 -9999 -9999 -9999 -9999 -9999 -9999 -9999 -9999 -9999 -9999 -9999 -9999 -9999 -9999 -9999 -9999 -9999 -9999 -9999 -9999 -9999 -9999
