data/pcas/current_cal/PC02.asc
NCOLS 366 
NROWS 318 
XLLCORNER -99.1666666666663 
YLLCORNER -31.5000000000002 
CELLSIZE 0.166666666666667 
NODATA_value -9999 
[rows 0 to 27 of 318, columns 0 to 63 of 366]
-9999.000000000000000 -9999 -9999 -9999 -9999 -9999 -9999 -9999 -9999 -9999 -9999 -9999 -9999 -9999 -9999 -9999 -9999 -9999 -9999 -9999 -9999 -9999 -9999 -9999 -9999 -9999 -9999 -9999 -9999 -9999 -9999 -9999 -9999 -9999 -9999 -9999 -9999 -9999 -9999 -9999 -9999 -9999 -9999 -9999 -9999 -9999 -9999 -9999 -9999 -9999 -9999 -9999 -9999 -9999 -9999 -9999 -9999 -9999 -9999 -9999 -9999 -9999 -9999 -9999
-9999 -9999 -9999 -9999 -9999 -9999 -9999 -9999 -9999 -9999 -9999 -9999 -9999 -9999 -9999 -9999 -9999 -9999 -9999 -9999 -9999 -9999 -9999 -9999 -9999 -9999 -9999 -9999 -9999 -9999 -9999 -9999 -9999 -9999 -9999 -9999 -9999 -9999 -9999 -9999 -9999 -9999 -9999 -9999 -9999 -9999 -9999 -9999 -9999 -9999 -9999 -9999 -9999 -9999 -9999 -9999 -9999 -9999 2.80385235441493 2.8283702758894 2.79088861396959 2.73750288281494 2.6464861241679 2.63031703546091
-9999 -9999 -9999 -9999 -9999 -9999 -9999 -9999 -9999 -9999 -9999 -9999 -9999 -9999 -9999 -9999 -9999 -9999 -9999 -9999 -9999 -9999 -9999 -9999 -9999 -9999 -9999 -9999 -9999 -9999 -9999 -9999 -9999 -9999 -9999 -9999 -9999 -9999 -9999 -9999 -9999 -9999 -9999 -9999 -9999 -9999 -9999 -9999 -9999 -9999 -9999 -9999 -9999 -9999 3.19721125128506 3.09204451325111 2.88758950462751 2.75198049002635 2.7005703473165 2.777715905777 2.78245476417824 2.79669597121723 2.69998511262204 2.6034736602836
-9999 -9999 -9999 -9999 -9999 -9999 -9999 -9999 -9999 -9999 -9999 -9999 -9999 -9999 -9999 -9999 -9999 -9999 -9999 -9999 -9999 -9999 -9999 -9999 -9999 -9999 -9999 -9999 -9999 -9999 -9999 -9999 -9999 -9999 -9999 -9999 -9999 -9999 -9999 -9999 -9999 3.6125853753373 -9999 -9999 -9999 -9999 -9999 -9999 -9999 -9999 -9999 -9999 3.28949010702131 3.26258277503822 3.21809150093559 3.13124418910112 2.87092167932472 2.757674204735 2.94305394800523 2.9328875600252 3.10012450519178 2.9069015910527 2.65655853880313 2.46952557257708
-9999 -9999 -9999 -9999 -9999 -9999 -9999 -9999 -9999 -9999 -9999 -9999 -9999 -9999 -9999 -9999 -9999 -9999 -9999 -9999 -9999 -9999 -9999 -9999 -9999 -9999 -9999 -9999 -9999 -9999 -9999 -9999 -9999 -9999 -9999 -9999 -9999 -9999 -9999 -9999 -9999 -9999 -9999 -9999 -9999 -9999 -9999 -9999 -9999 -9999 -9999 -9999 3.36864408653135 3.32362612601813 3.22724641430439 3.3080165343857 3.18857002736152 3.08663008910966 2.98855031990359 2.99091637948178 3.08189363188741 3.05168661485614 2.83271034044188 2.4672604056756
-9999 -9999 -9999 -9999 -9999 -9999 -9999 -9999 -9999 -9999 -9999 -9999 -9999 -9999 -9999 -9999 -9999 -9999 -9999 -9999 -9999 -9999 -9999 -9999 -9999 -9999 -9999 -9999 -9999 -9999 -9999 -9999 -9999 -9999 -9999 -9999 -9999 -9999 -9999 -9999 -9999 -9999 -9999 -9999 -9999 -9999 -9999 -9999 -9999 -9999 -9999 -9999 3.42593990435551 3.35976187752862 3.44016079548328 3.35513624807054 3.32386038374052 3.18570583596528 2.97088529097289 2.95824327479549 2.94723191549272 2.90367940911276 2.84016891132014 2.4854980184291
-9999 -9999 -9999 -9999 -9999 -9999 -9999 -9999 -9999 -9999 -9999 1.79760412769845 1.60375604155469 1.61609242702886 -9999 -9999 -9999 -9999 -9999 -9999 -9999 -9999 -9999 -9999 -9999 -9999 -9999 -9999 -9999 -9999 -9999 -9999 -9999 -9999 -9999 -9999 -9999 -9999 -9999 -9999 -9999 -9999 -9999 -9999 -9999 -9999 -9999 -9999 -9999 -9999 -9999 -9999 3.46089198210807 3.64041494725851 3.63172553602085 3.47151775079712 3.30066975996683 3.09532395961234 2.89938291285666 2.86458458493905 2.8443410717488 2.8216143324128 2.74814923505866 2.49821000875271
-9999 -9999 -9999 -9999 -9999 -9999 -9999 -9999 -9999 0.759626819621339 1.46411421816568 1.50309725150905 1.66007427401114 1.67691572205446 1.87373052875757 -9999 -9999 -9999 -9999 -9999 -9999 -9999 -9999 -9999 -9999 -9999 -9999 -9999 -9999 -9999 -9999 -9999 -9999 -9999 -9999 -9999 -9999 -9999 -9999 -9999 -9999 -9999 -9999 -9999 -9999 -9999 -9999 -9999 -9999 -9999 -9999 -9999 3.59667303212484 3.5738673257353 3.6075110388462 3.50833853157953 3.27111039568191 3.03334501604584 2.799929158416 2.81632268680733 2.83465613737772 2.73456435065014 2.65582345938048 2.59705374886565
-9999 -9999 -9999 -9999 -9999 -9999 -9999 -9999 -1.44105585466359 -1.29431426075574 -0.359583140998337 0.359116296162947 1.32885728017372 1.23538065095663 1.31542554264274 1.80620788121306 -9999 -9999 -9999 -9999 -9999 -9999 -9999 -9999 -9999 -9999 -9999 -9999 -9999 -9999 -9999 -9999 -9999 -9999 -9999 -9999 -9999 -9999 -9999 -9999 -9999 -9999 -9999 -9999 -9999 -9999 -9999 -9999 -9999 -9999 -9999 -9999 3.4888557297941 3.48473797705502 3.40162892881066 3.32592211037788 3.29459863139037 3.09224016539797 2.85612405278382 2.75142263136587 2.84275593803938 2.81144764795413 2.67072776063995 2.56664867794891
-9999 -9999 -9999 -9999 -9999 -9999 -9999 -0.849710687375275 -1.12188563895591 -1.58513339281117 -1.98374036672971 -1.68308057833033 -0.611152939542404 -0.000320570381730664 0.494810092715912 1.32159743996981 1.90067074627036 -9999 -9999 -9999 -9999 -9999 -9999 -9999 -9999 -9999 -9999 -9999 -9999 -9999 -9999 -9999 -9999 -9999 -9999 -9999 -9999 -9999 -9999 -9999 -9999 -9999 -9999 -9999 -9999 -9999 -9999 -9999 -9999 -9999 -9999 3.25680067266582 3.2822174454471 3.33205851519609 3.34167639447776 3.33180268641365 3.27672126067205 3.12653750131725 2.91377286564042 2.76869449886676 2.85149529435246 2.9543180986811 2.69780380056059 2.54802785917154
-9999 -9999 -9999 -9999 -9999 -9999 -1.13590311373779 -0.990760056076351 -0.824240424573234 -1.24284012359434 -1.76189550460788 -1.53798194612711 -1.50079118981763 -1.68569156563053 -1.13105315476526 0.87454974060058 2.09606662659694 -9999 -9999 -9999 -9999 -9999 -9999 -9999 -9999 -9999 -9999 -9999 -9999 -9999 -9999 -9999 -9999 -9999 -9999 -9999 -9999 -9999 -9999 -9999 -9999 -9999 -9999 -9999 -9999 -9999 -9999 -9999 -9999 -9999 3.08271901812702 3.0443347065918 3.02064040867026 3.15920395692882 3.16249899235905 3.20222936736804 3.25979372598035 3.18283258902549 3.03708872804862 2.91857934269089 2.9165567970716 2.8185679089019 2.61414424173777 2.51933674864359
-9999 -9999 -9999 -9999 -9999 -0.687846638919781 -1.14338214399177 -1.08413731625776 -0.955961381424446 -0.477840089634525 -1.10217807332786 -1.41309128735818 -2.59028609462555 -0.991417031785693 0.587803647651382 1.77463295854684 2.44326545959797 2.59164487890039 -9999 -9999 -9999 -9999 -9999 -9999 -9999 -9999 -9999 -9999 -9999 -9999 -9999 -9999 -9999 -9999 -9999 -9999 -9999 -9999 -9999 -9999 -9999 -9999 -9999 -9999 -9999 -9999 -9999 -9999 -9999 -9999 3.04557690121139 2.97940900419141 3.00650677394887 3.11086038193795 2.9821977290058 3.04838148486306 3.09015030056281 3.19711551764722 2.97009404892573 2.8981207576366 2.80516097277723 2.68879239095131 2.57609598007935 2.58779275049896
-9999 -9999 -9999 -9999 -0.662632282825861 -0.706374224266831 -0.569279162342617 -0.567729066637586 -0.592599073347631 0.000719832911097951 -0.178738860795366 -1.76577194899874 -2.04074463384648 -0.174293175252586 1.44006097498068 2.8110717833543 2.65028639372281 2.55341270694356 -9999 -9999 -9999 -9999 -9999 -9999 -9999 -9999 -9999 -9999 -9999 -9999 -9999 -9999 -9999 -9999 -9999 -9999 -9999 -9999 -9999 -9999 -9999 -9999 -9999 -9999 -9999 -9999 -9999 -9999 -9999 -9999 3.02897624140317 3.01651304969266 3.08775361734312 3.08521959613554 2.88245612786649 2.91714623211829 2.9011234130457 3.00108535796723 2.98408278646764 2.89563172656529 2.7376205122355 2.63866574242007 2.61140256150634 2.53678534633679
-9999 -9999 -9999 -2.09011035794841 -0.0581316725854248 -0.112284897312672 -1.66807711914914 -0.718786024310438 0.0996624853876016 0.158442167576187 -0.573848976045456 -2.56773689375886 -1.69148354132709 -0.338938586761262 1.62026745198028 2.84513966599917 3.03334443121084 2.5476867395457 1.97818937535528 -9999 -9999 -9999 -9999 -9999 -9999 -9999 -9999 -9999 -9999 -9999 -9999 -9999 -9999 -9999 -9999 -9999 -9999 -9999 -9999 -9999 -9999 -9999 -9999 -9999 -9999 -9999 -9999 -9999 -9999 3.03269714634112 3.0335162031633 3.10210178554457 3.16333792593 3.17406527983617 2.91098392745779 2.91560114956867 2.88625964593794 2.86231603793194 2.82015466697502 2.82633324462042 2.7184396179654 2.63659949711301 2.56991397944574 2.34854747335628
-9999 -9999 -9999 -2.86646724941373 -0.0967954274789588 0.292480633624255 -0.391713687991713 -0.301716106041537 0.162434447097434 -0.211225725257295 -1.29715811522406 -4.12110712134909 -1.60969589225841 -0.830763588245725 1.36652408432756 2.79644007370716 3.42455466365564 2.71447159775153 1.99030103010357 2.02233004295981 -9999 -9999 -9999 -9999 -9999 -9999 -9999 -9999 -9999 -9999 -9999 -9999 -9999 -9999 -9999 -9999 -9999 -9999 -9999 -9999 -9999 -9999 -9999 -9999 -9999 -9999 -9999 2.92709381939324 2.945465425399 2.99226518845577 3.04205551073952 3.05958436374294 3.11776210582041 3.17250119178234 3.08904832145608 2.91551969646796 2.80309498671491 2.69049692985244 2.63833991985043 2.72058058670122 2.68577118639324 2.59173812466351 2.49570759797056 2.24934182320453
-9999 -9999 -0.282034144666054 -0.495787029772704 0.972144044510891 0.6107469125488 0.646549216728506 0.723715198118715 0.950978180979511 0.212140889882395 -0.619087469564408 -2.00809264519757 -0.760438491930289 -0.390270988096986 1.3176466008967 2.67064267645573 3.27568283790997 3.14712074391191 2.39188774525365 2.2830243727902 -9999 -9999 -9999 -9999 -9999 -9999 -9999 -9999 -9999 -9999 -9999 -9999 -9999 -9999 -9999 -9999 -9999 -9999 -9999 -9999 -9999 -9999 -9999 -9999 -9999 -9999 2.9499000183036 2.92712425777429 2.92689290558954 2.94731404307607 2.956471194348 3.04509452520732 2.96662658537413 3.1191283729827 3.15655025607032 3.02574244939208 2.81302428187495 2.56234665538612 2.53647006126232 2.63444349219896 2.56978213403242 2.40969323730266 2.18184770678298 2.13454541612858
-9999 -9999 1.96749988561802 1.86318081205461 2.1331984322867 1.96357754195046 1.83154448009108 1.31237837105955 1.08489496385123 0.293006355049581 -0.171973141133269 -0.278116431956899 -0.9144897851604 -0.743861287443914 0.806477986087281 2.44748323248714 3.12987871139881 3.06813923797123 2.97469932863605 2.84210243900539 2.17577518828858 1.64767133503924 0.952218673436647 0.221275700513116 -0.107501226904711 -9999 -9999 -9999 -9999 -9999 -9999 -9999 -9999 -9999 -9999 -9999 -9999 -9999 -9999 -9999 2.06207006624785 2.23155377839857 2.34157455873981 2.46540606979456 2.23600876613317 2.69377480016978 2.94915482437461 2.88662165825946 2.89800011337197 2.89354171083592 2.89502327019459 2.93074080536259 3.01213053689766 3.10325890018477 3.0333775789663 2.97410753097272 2.75300235924234 2.46115335802752 2.41783152743985 2.4309796768045 2.44690458982119 2.27576952832081 1.98822949461482 1.94729514830605
-9999 3.2795063108877 3.42826282098267 3.16465308021672 2.88841316381091 2.92314549843229 2.59468987367803 1.6157406707756 0.789704248617973 0.861478339056605 0.398934943002404 -1.17094087360131 -1.29764040932999 -0.80405398492853 0.0961696479791363 1.99029665981893 2.95375806820206 3.05792954423429 3.18655201258833 3.09497328359312 2.68585077245683 1.91094065261427 1.14283720278816 -0.329020426310047 -0.821133508202088 -0.6325300316814 -0.476795712563991 -9999 -9999 -9999 -9999 -9999 -9999 -9999 -9999 -9999 -9999 -9999 1.63766849939935 1.78718080986448 1.9613325591929 2.14552628244097 2.30086036131 2.30271972955272 2.1600877726144 -9999 2.6702729500546 2.79922973957864 2.84884614968493 2.82749010157392 2.87914054006967 2.88509391883037 3.02296527321363 3.062156068732 2.88518447512444 2.77885185055497 2.63578016936726 2.43531936626391 2.32433993261095 2.29156007186727 2.29910676954423 2.17686325634857 1.84635929567197 1.74026726956309
-9999 3.21484279925544 3.79903002731422 3.13556191858487 3.33193212475289 3.20836585574709 2.04458630024884 1.42908723072748 0.820669916701773 0.460694018199772 1.43452645406245 1.07904068524157 -1.1899975960791 -1.02717428966946 0.583604234610739 1.07472121067935 2.18800184527818 2.77703079935503 3.04089471357046 2.96618223127234 2.85103485151698 2.67255119688404 2.19454629634862 1.42778790748242 0.337896600456744 -0.62267107724428 -0.0327437673405887 -9999 -9999 -9999 -9999 -9999 1.48940566265647 1.60334965547369 1.63360486791226 1.71602591173834 1.69038399057735 1.64511068807625 1.63096527973065 1.723573757206 1.97804562887767 2.15482423360737 2.34334437717572 2.41419028131189 2.37221829707879 2.48940277118379 2.57403396912329 2.64661564574057 2.70315160295193 2.72073627625116 2.84013707394242 2.93489773960382 2.9154365479166 2.91726493676245 2.66131121345719 2.58808294177877 2.4527946805127 2.31404568065821 2.29403901999719 2.28163032231946 2.22815460780354 1.89078578347109 1.75881566717175 1.63198504676684
-9999 3.57249106715406 3.6229622753605 3.5864929836562 3.37917856123312 3.16615634109408 2.83338632968126 2.46244766469668 1.71300904394951 0.97349462461474 1.05531590470019 3.06391234776636 0.232135486351259 -1.55906458912041 -1.63479062263094 0.617281740024133 1.01980773382039 1.95174689794514 2.42403984757475 2.64626079464363 2.84893949545568 3.05718632152076 3.03340538710864 2.74968884334377 1.32019433993376 0.493013794797893 0.837433705876766 1.04882215195401 -9999 1.10318860244476 1.24566194895527 1.29669304514242 1.43190572942048 1.55657781176069 1.68564962897479 1.65732542803864 1.78432879214824 1.90127332802675 1.75555285971035 1.85885612412817 1.83662920781097 1.9262027435651 2.0780624753002 2.24326368799265 2.30939006950193 2.45627568448088 2.42096024219139 2.47140205126389 2.68027507384504 2.71262940448636 2.7964610071235 2.85092219971698 2.80471798688604 2.70724356780291 2.55515863874942 2.45300186080725 2.27457793263952 2.14607617748942 2.19221004846683 2.18718136971397 2.13387758377167 2.0189334666248 1.79895717705134 1.53871057088401
-9999 3.33421889370923 3.62464523825237 3.46234285235144 3.27711791718749 3.32273421075124 3.1687526120797 2.57391508607499 1.33568645900182 0.305984034532807 1.05410807372566 1.80563303305944 2.47238887045419 -0.6643349810664 -1.6142577750454 -1.41329071284399 -0.0890279326085878 0.53993642458018 1.60997860934405 2.27630406359334 2.69282521437486 3.0630008089667 3.14382921346311 3.13758948807526 2.68499984513119 2.24584472075198 2.13320976705274 1.20475699261366 0.884476572286583 0.843387541003121 0.963472149691046 1.08042721956501 1.34215568604469 1.51545969146719 1.64526782295606 1.74280947049187 1.95666037335347 1.98840833572673 1.76521564688659 1.71301823757522 1.65255866258318 1.72092888643213 1.66143215014222 2.01979298520966 2.15409748465742 2.20288231897894 2.2067047610633 2.3511846426097 2.57071974891151 2.67513776968153 2.69310597444877 2.69965023117099 2.60754842303162 2.47803624057895 2.3906554223355 2.33661003397846 2.23053935288805 2.10975903218034 2.10422584226595 2.15233773581788 2.17691561811244 1.98719540355795 1.82136589460877 1.60414825119135
3.74470061303675 3.3172482528184 2.89706103444576 3.09398833772031 2.70007037978981 2.77854105928159 2.75487356877319 1.66808113296276 1.13692706175279 -0.117577912230075 0.260647892394763 0.0784417997776453 2.34539165193724 1.20448274684681 -1.18873910157342 -1.27228141573957 -1.48913499473937 -0.83384116600892 0.309701947813267 1.70538820980927 2.33511020153776 2.49820645337638 2.70306520763612 2.81983869815164 2.74968312554021 2.38548277765057 2.18738081498784 1.70197120968412 0.991551827912294 0.834304876161789 0.901361813395365 0.957908523714014 1.10214240822988 1.31976092796238 1.29817828381973 1.36856123489547 1.53730295338445 1.65185619328262 1.64161834911761 1.39975168056469 1.36784923923362 1.4411020301075 1.4464614017899 1.86098842690264 2.01335645966976 1.9215177575245 1.91360968169876 2.14779958720471 2.3781737831274 2.5658433249747 2.60955719984637 2.5519494634184 2.48699561205385 2.30836944554994 2.25873600763349 2.21028974272034 2.17329292518033 2.15304373626311 2.1172447953643 2.22416678393571 2.09244767661616 1.85540044456219 1.59348764342859 1.34847656387798
2.04069487691797 2.68776535660725 2.07849882453459 2.66069625104708 1.97192208037538 1.95029343862792 2.27217827837375 1.50607848981465 1.45739308995738 0.30583690609559 0.122873855894706 -0.257919790625213 1.08445457578634 1.86167299097749 -0.452702056773651 -0.678481806494514 -1.18081067919878 -1.08613768257867 -0.818968221946313 0.937556275230715 1.58924606925388 1.9661400174467 2.54536833279389 2.69431364652162 2.4309746045061 2.16353541083029 1.89966485333202 1.59761180185851 1.24216240176556 1.09552355195659 1.07282912072678 1.00149028803238 1.06823247939621 0.961215612801854 1.12020592968929 0.587740504960349 0.616460452566858 0.638553906665 0.89312680486607 0.786123159153894 0.81642428196812 1.01538837179859 1.15142619823667 1.57803722234049 1.77527680138276 1.75708443941842 1.82874988805095 2.04495881317283 2.2457701807259 2.30670023752581 2.40584595635604 2.39376838030456 2.27597771109471 2.1905154153596 2.13118253805722 2.08026666582131 2.04963852702299 2.08188798628801 2.22277045116203 2.11935750195559 1.80288416311931 1.70792702079569 1.23008755757408 1.11273910871804
1.56843391266888 1.50003263278926 1.30844703404198 2.3419961742779 2.12425254760342 1.69042513782774 1.88657516837392 0.993017812810811 0.741126894519869 0.147047286390767 -0.277271416448828 -0.169426415972199 0.330694208585753 1.60304993612873 0.00992458083997058 -0.771830946229384 -1.54501081351458 -1.01106831780929 -0.9593126410687 0.103630903373038 0.802989898195972 1.47297700971632 2.06136300819093 2.24096947356147 1.89307707492345 1.66326800603198 1.39117689106772 1.10915792677046 0.939798650365219 0.779819283931733 0.708447101308448 0.525965825728693 0.547084092717307 0.560352821945195 0.168631956687632 -0.510521365808 -0.95958996590834 -0.869872791853358 -0.247025779471517 0.0120842770994302 -0.209882451550527 0.327987580423098 0.722467133613352 1.01192159589998 1.47606757214126 1.53257163680649 1.63883611946153 1.79719943162455 1.95262989093367 2.07653235090751 2.17383162633379 2.18217235930251 2.10658544645672 2.02352639962205 2.02506217483945 1.96309613106564 1.94756213080404 2.25770543868189 2.23806061595773 1.85682156556681 1.65620141793751 1.29292834166732 1.01442566967563 0.48080918198401
2.03212066174834 0.401434113998151 0.361638630274237 1.16216473211831 0.97711574686633 0.512806447491783 0.686109500072805 0.520791074007002 -0.325539589705188 0.0215854474529576 -0.443579003502653 0.46415801735129 0.74699133865016 0.590853926588907 -0.747234700387439 -0.675741800095845 -1.94059708850647 -0.547497163145807 -1.98269629650651 -1.10635903608793 0.295452355517039 0.960373037216637 1.49473027832002 1.69855104761862 1.46013969203022 1.10811357522904 0.675029797838486 0.282920998940541 0.0154986328233148 -0.269448359256909 -0.112596345773392 0.11998489455483 0.17074449161413 -0.0362796309392572 -0.808065239334951 -1.74691016830651 -2.00794044822795 -1.99009815260083 -0.952925866941475 -1.15274072493134 -0.482464213549044 0.067065730866793 0.0238949994717621 0.720046625713291 0.979876715970893 1.24567088878606 1.32856557187023 1.56913860169127 1.75469324830341 1.86700451462719 2.01068014804259 2.03431639564363 1.99729688806669 1.94762078829558 1.89622102468874 1.77033128049816 1.9197821714682 2.29331352831799 2.00487952834598 1.77764045846757 1.36053377005437 1.07852811784533 0.764401474065395 0.366026827342247
1.3577979437634 0.7253313236129 0.200574919284283 -0.149919798435627 -0.311163006402331 0.136903090841061 0.202437403214073 -0.508617482292646 -0.0516120271647317 0.0792587050332443 -0.0463997035172348 0.31715740220633 0.448000262898349 0.815523076945203 -0.376360820387036 -0.801138342697846 -1.47491939749051 -0.562215990615696 -2.03272614144088 -1.61888369927673 0.0497548825342038 0.705185465728437 1.38595544352541 1.57946218028566 1.14273291173877 0.500650905423882 -0.174781770485134 -0.51106999936343 -0.636633601667423 -0.882029492410597 -0.537329565071895 0.139118607157534 0.340911785273238 0.394073411921069 0.0191183994729473 -0.742892903682943 -1.67817918076319 -1.87371981430325 -0.23719148027847 -0.534371287454245 -1.43426621807643 -0.916249063789555 0.639740458194843 0.417272519431982 0.6269862935288 0.969956578403717 1.13307714375678 1.07758015069655 1.29682698404223 1.61227523154733 1.81144073252502 1.8913624993596 1.9066976275788 1.90031734904465 1.91322473202026 1.76634816537902 1.79292545009294 1.93653770715457 1.84633686503721 1.73534937564755 1.40322539478378 1.02398625607965 0.373376911784045 -0.167801268916312
2.23773752032091 1.25183347347231 0.694886698428582 0.621224551863383 0.903543704295226 1.58611826489068 1.00381021294115 1.51425517304709 -0.910989230584011 -0.642079752126965 0.918871272268543 0.813859353769874 0.361768057220407 0.390249149053437 1.35249099471626 0.058982164552855 -1.59886330512843 -0.749100480733564 -1.817162405312 -1.93270929200562 -0.281892090761009 0.198602637010647 1.53045521297805 1.49267344889394 1.37999495988494 0.718703545173532 0.127812480228126 0.126271001090737 -0.0465340016053168 -0.28346080790117 -0.0515629956835711 0.829751134802942 1.09997722480483 1.29598678297916 1.41924400283885 1.00571801315591 0.259000388843745 -0.876009734231572 -0.0384182288903146 0.613347515192625 -0.419115382086911 -0.58691958904993 -0.213260044041094 -0.588062004274917 -0.295546952150631 0.117639354472595 0.795743541328832 1.22649775216599 1.18378679387497 1.1345482157754 1.45361164502166 1.530813816843 1.58765458012684 1.76205519826748 1.7539902409943 1.569356609281 1.41522297280442 1.54261837549913 1.66211007346551 1.56910395641542 1.35099469869136 0.66569474074103 0.0831840065743318 -0.160984613655127
-9999 1.00228454965489 2.26293539617922 1.64568331349599 2.37571501728102 2.04295478172113 2.10119427647284 2.33386716858569 0.937119173978214 -0.589854793368606 1.14062769981872 0.847723964213497 -0.102125844940097 -0.232863163377838 1.79397294919473 0.716162145678026 0.110628729121573 -0.0844845062312826 -1.01487788147221 -0.65430735345124 -1.22900773427255 0.879426012873762 1.14900530322086 1.50977156872528 2.01871406483556 1.69496878892647 1.27195772944679 0.875592295639531 0.687554848818078 0.347747983742946 1.00134615697397 1.48859425660008 1.91643612473895 1.62711691795938 2.04763104373346 1.7436754180891 1.79532720715736 0.384872251391332 -1.19749958601301 -1.46188719170377 -0.637744130448917 -0.613915094257876 -0.34396023351996 0.00511600300585907 0.0685470242603332 -0.493582668290766 -0.264414284346656 0.663174468576101 1.09470481311817 1.34433219095986 1.25227745069014 1.32826278627953 1.34579632324534 1.46282514552115 1.46494809575007 1.42257660256742 1.40835491844083 1.19370862412096 1.45322105009038 1.37444855456799 0.932311522501082 0.332402601427356 -0.182014060792532 -0.0661812793229883
