data/pcas/current_cal/PC03.asc
NCOLS 366 
NROWS 318 
XLLCORNER -99.1666666666663 
YLLCORNER -31.5000000000002 
CELLSIZE 0.166666666666667 
NODATA_value -9999 
[rows 0 to 27 of 318, columns 0 to 63 of 366]
-9999.000000000000000 -9999 -9999 -9999 -9999 -9999 -9999 -9999 -9999 -9999 -9999 -9999 -9999 -9999 -9999 -9999 -9999 -9999 -9999 -9999 -9999 -9999 -9999 -9999 -9999 -9999 -9999 -9999 -9999 -9999 -9999 -9999 -9999 -9999 -9999 -9999 -9999 -9999 -9999 -9999 -9999 -9999 -9999 -9999 -9999 -9999 -9999 -9999 -9999 -9999 -9999 -9999 -9999 -9999 -9999 -9999 -9999 -9999 -9999 -9999 -9999 -9999 -9999 -9999
-9999 -9999 -9999 -9999 -9999 -9999 -9999 -9999 -9999 -9999 -9999 -9999 -9999 -9999 -9999 -9999 -9999 -9999 -9999 -9999 -9999 -9999 -9999 -9999 -9999 -9999 -9999 -9999 -9999 -9999 -9999 -9999 -9999 -9999 -9999 -9999 -9999 -9999 -9999 -9999 -9999 -9999 -9999 -9999 -9999 -9999 -9999 -9999 -9999 -9999 -9999 -9999 -9999 -9999 -9999 -9999 -9999 -9999 0.372437956999508 0.505978178853185 0.596092902083274 0.52816588682836 0.547378625902557 0.647427608687101
-9999 -9999 -9999 -9999 -9999 -9999 -9999 -9999 -9999 -9999 -9999 -9999 -9999 -9999 -9999 -9999 -9999 -9999 -9999 -9999 -9999 -9999 -9999 -9999 -9999 -9999 -9999 -9999 -9999 -9999 -9999 -9999 -9999 -9999 -9999 -9999 -9999 -9999 -9999 -9999 -9999 -9999 -9999 -9999 -9999 -9999 -9999 -9999 -9999 -9999 -9999 -9999 -9999 -9999 0.298664931523054 0.291465125143157 0.290270686180632 0.383347656295114 0.407227856276526 0.550399776222821 0.587618905312975 0.547094794451035 0.536008213521277 0.614127282780924
-9999 -9999 -9999 -9999 -9999 -9999 -9999 -9999 -9999 -9999 -9999 -9999 -9999 -9999 -9999 -9999 -9999 -9999 -9999 -9999 -9999 -9999 -9999 -9999 -9999 -9999 -9999 -9999 -9999 -9999 -9999 -9999 -9999 -9999 -9999 -9999 -9999 -9999 -9999 -9999 -9999 0.802757688784366 -9999 -9999 -9999 -9999 -9999 -9999 -9999 -9999 -9999 -9999 0.310489305008463 0.332892264537377 0.348404480439302 0.265376024266034 0.297992337134392 0.442325725364597 0.496745770355922 0.499463669113035 0.50929601299539 0.5628159957722 0.63437526509487 0.71235210526545
-9999 -9999 -9999 -9999 -9999 -9999 -9999 -9999 -9999 -9999 -9999 -9999 -9999 -9999 -9999 -9999 -9999 -9999 -9999 -9999 -9999 -9999 -9999 -9999 -9999 -9999 -9999 -9999 -9999 -9999 -9999 -9999 -9999 -9999 -9999 -9999 -9999 -9999 -9999 -9999 -9999 -9999 -9999 -9999 -9999 -9999 -9999 -9999 -9999 -9999 -9999 -9999 0.253463846624496 0.387808264929118 0.475941198148755 0.403298411388559 0.412542594688066 0.496287767983121 0.598158064067466 0.558482235802396 0.561903553744578 0.544898718631456 0.579771823980316 0.724852716437547
-9999 -9999 -9999 -9999 -9999 -9999 -9999 -9999 -9999 -9999 -9999 -9999 -9999 -9999 -9999 -9999 -9999 -9999 -9999 -9999 -9999 -9999 -9999 -9999 -9999 -9999 -9999 -9999 -9999 -9999 -9999 -9999 -9999 -9999 -9999 -9999 -9999 -9999 -9999 -9999 -9999 -9999 -9999 -9999 -9999 -9999 -9999 -9999 -9999 -9999 -9999 -9999 0.342960265209253 0.442880114963974 0.502830246092614 0.619789995437135 0.551464279338329 0.635835877018091 0.671721646468824 0.668708667330504 0.645773380969247 0.591706544670776 0.579212669892278 0.62236198677264
-9999 -9999 -9999 -9999 -9999 -9999 -9999 -9999 -9999 -9999 -9999 1.97524189352253 1.84914693114981 1.98155912075837 -9999 -9999 -9999 -9999 -9999 -9999 -9999 -9999 -9999 -9999 -9999 -9999 -9999 -9999 -9999 -9999 -9999 -9999 -9999 -9999 -9999 -9999 -9999 -9999 -9999 -9999 -9999 -9999 -9999 -9999 -9999 -9999 -9999 -9999 -9999 -9999 -9999 -9999 0.428327910766983 0.470902203154858 0.614263034104982 0.66126233907061 0.740984125503132 0.793284907139874 0.844701423269111 0.719457458622003 0.60590957342257 0.58823633591967 0.537106160083869 0.557622032952718
-9999 -9999 -9999 -9999 -9999 -9999 -9999 -9999 -9999 1.87876682108721 1.95324149449928 1.89881212833543 1.87743621172899 1.90885859605786 1.55992018309244 -9999 -9999 -9999 -9999 -9999 -9999 -9999 -9999 -9999 -9999 -9999 -9999 -9999 -9999 -9999 -9999 -9999 -9999 -9999 -9999 -9999 -9999 -9999 -9999 -9999 -9999 -9999 -9999 -9999 -9999 -9999 -9999 -9999 -9999 -9999 -9999 -9999 0.438986096201202 0.562166010743302 0.7265313668694 0.787900169734457 0.831778006410661 0.805281192473525 0.870253962840404 0.766775778424749 0.636654539412064 0.559011411657438 0.495970713528038 0.43454409742283
-9999 -9999 -9999 -9999 -9999 -9999 -9999 -9999 0.864268558980357 1.3833801541669 1.79630668293576 1.83309740754475 1.74128038821657 1.80897410623382 1.68495636029236 1.48106805975339 -9999 -9999 -9999 -9999 -9999 -9999 -9999 -9999 -9999 -9999 -9999 -9999 -9999 -9999 -9999 -9999 -9999 -9999 -9999 -9999 -9999 -9999 -9999 -9999 -9999 -9999 -9999 -9999 -9999 -9999 -9999 -9999 -9999 -9999 -9999 -9999 0.438922864765902 0.53844760591094 0.671714705648217 0.757645351831186 0.793288031817404 0.8032963136907 0.83369364794221 0.752000300644823 0.650098153700796 0.545446343459798 0.42981776078898 0.423102818301194
-9999 -9999 -9999 -9999 -9999 -9999 -9999 -0.776669252461803 -0.147309582259414 -0.048445477310858 0.237259184435458 1.14168160688727 1.48878325518696 1.62874768391119 1.66854727744573 1.28661503179227 1.0639832467531 -9999 -9999 -9999 -9999 -9999 -9999 -9999 -9999 -9999 -9999 -9999 -9999 -9999 -9999 -9999 -9999 -9999 -9999 -9999 -9999 -9999 -9999 -9999 -9999 -9999 -9999 -9999 -9999 -9999 -9999 -9999 -9999 -9999 -9999 0.307419875175786 0.436960726297867 0.574374592009531 0.699105355289138 0.797912451782422 0.780345102036273 0.78477784552403 0.735772246022122 0.72721144182527 0.752280212810817 0.55893482034871 0.480163817371059 0.517312836757647
-9999 -9999 -9999 -9999 -9999 -9999 -1.26969718790316 -1.08104067470138 -0.795752363096658 -0.802140165665187 -1.07037042937601 -0.480618604767881 0.133570426642478 -0.1553500663309 0.129251914696397 0.879781082719726 0.688648014156886 -9999 -9999 -9999 -9999 -9999 -9999 -9999 -9999 -9999 -9999 -9999 -9999 -9999 -9999 -9999 -9999 -9999 -9999 -9999 -9999 -9999 -9999 -9999 -9999 -9999 -9999 -9999 -9999 -9999 -9999 -9999 -9999 -9999 0.145218625325164 0.226294825212913 0.448296611032142 0.70190805661538 0.831634320448439 0.840063889628111 0.811784372216514 0.793764835466302 0.735928916801751 0.731672883380169 0.779234788184102 0.713793148738127 0.61126235744091 0.617024681885358
-9999 -9999 -9999 -9999 -9999 -1.22118146690473 -1.37210624665057 -1.22057855217346 -1.05322171183001 -0.876808602765921 -1.12678016714134 -1.16745005284092 -1.46181156704635 0.0545931158372994 0.371746380646439 0.435766032025349 0.230039284102788 0.0883372658380526 -9999 -9999 -9999 -9999 -9999 -9999 -9999 -9999 -9999 -9999 -9999 -9999 -9999 -9999 -9999 -9999 -9999 -9999 -9999 -9999 -9999 -9999 -9999 -9999 -9999 -9999 -9999 -9999 -9999 -9999 -9999 -9999 0.160762241078476 0.196129703096937 0.245149756915037 0.713108904605115 0.887811523752378 0.952393411832701 0.884115772732517 0.800532021142993 0.734865732787193 0.75734266576714 0.767792232998899 0.742534515288349 0.67256942122901 0.623329916224237
-9999 -9999 -9999 -9999 -1.2862476072804 -1.43304894887562 -1.2304290251301 -1.04642263591702 -1.04831030305217 -0.801749714167642 -0.954339208031187 -1.61466585888993 -1.05532515396528 0.146954581162498 0.17828375134154 0.097409984445906 0.0156257910400584 0.0515176328623536 -9999 -9999 -9999 -9999 -9999 -9999 -9999 -9999 -9999 -9999 -9999 -9999 -9999 -9999 -9999 -9999 -9999 -9999 -9999 -9999 -9999 -9999 -9999 -9999 -9999 -9999 -9999 -9999 -9999 -9999 -9999 -9999 0.157603276052897 0.196041334721658 0.306195700189725 0.6271681503217 0.856001464304931 0.917775212588586 0.913138814518733 0.867177927341874 0.804392805326565 0.79093807586459 0.805729663449856 0.752702593656225 0.655706993315392 0.651352663703002
-9999 -9999 -9999 -1.97731447733725 -1.10786614985621 -1.1005041157728 -1.73327386285369 -1.16958973420328 -0.882771152518364 -0.930658241152368 -1.24566449026669 -2.05472794522351 -0.919097905541947 -0.18880979856255 0.092799867960969 0.200532119044151 0.0398165859475573 0.145317920814173 0.0516292757821229 -9999 -9999 -9999 -9999 -9999 -9999 -9999 -9999 -9999 -9999 -9999 -9999 -9999 -9999 -9999 -9999 -9999 -9999 -9999 -9999 -9999 -9999 -9999 -9999 -9999 -9999 -9999 -9999 -9999 -9999 0.162806919782803 0.197249715403626 0.22085950373968 0.372644187155183 0.649973866202803 0.856187121191007 0.938001241185882 0.929000001694958 0.902775757198024 0.844054788442938 0.83301285105512 0.814735515715377 0.751320033428256 0.710863885219001 0.770021345040969
-9999 -9999 -9999 -2.4887998553575 -1.31506663099334 -1.07964274309059 -1.19885118092473 -1.09493714859015 -0.9338742959579 -1.21118382910957 -1.67920121218361 -2.60806776305629 -0.964169614364771 -0.442097196460216 0.0876125163486341 0.301791102168697 0.296059199880663 0.203110162782642 -0.0667852018530161 0.0256590068040805 -9999 -9999 -9999 -9999 -9999 -9999 -9999 -9999 -9999 -9999 -9999 -9999 -9999 -9999 -9999 -9999 -9999 -9999 -9999 -9999 -9999 -9999 -9999 -9999 -9999 -9999 -9999 0.133482528361935 0.132180300844801 0.167314284729984 0.251514429079521 0.236051457035713 0.523859066422019 0.757042721325706 0.851296753831612 0.935191051528298 0.945919084538135 0.952560389190954 0.888756775077828 0.864650808804473 0.83745929872949 0.778170840915518 0.756801575894528 0.751371112174041
-9999 -9999 -1.92657887239341 -1.79668804163225 -1.31162427941895 -1.13280022556417 -0.93977769210964 -0.821822577285392 -0.6719244854066 -1.05160755018082 -1.57645602745873 -1.82189094864825 -0.731549412462872 -0.309191367415411 0.237303325077769 0.391507041130403 0.276285895593673 0.0826199760162297 0.181270412454882 0.165330940631295 -9999 -9999 -9999 -9999 -9999 -9999 -9999 -9999 -9999 -9999 -9999 -9999 -9999 -9999 -9999 -9999 -9999 -9999 -9999 -9999 -9999 -9999 -9999 -9999 -9999 -9999 0.128006193335558 0.156600008628638 0.160416429269669 0.230285910145463 0.293886363282248 0.349701459541737 0.593981714146413 0.752719242297283 0.863670350791013 0.923901042872043 0.913684982018716 0.890164684858492 0.890590285377285 0.891203330174929 0.830168139272383 0.775130563737076 0.792767921468897 0.723752659684882
-9999 -9999 -1.3664248617578 -1.26503542346582 -1.10200453147349 -0.867182924500888 -0.741354344800773 -0.733512768369297 -0.683366103349489 -1.07633479124538 -1.270511988056 -1.09632071011076 -1.06383987914859 -0.454458983361869 0.258522008134294 0.335623556375746 0.202174861111311 0.224989435689853 0.199305995652622 0.116787790206583 0.365297942398907 0.220902699335873 0.160967611531691 0.248033575860488 0.22068508278985 -9999 -9999 -9999 -9999 -9999 -9999 -9999 -9999 -9999 -9999 -9999 -9999 -9999 -9999 -9999 0.465580767705187 0.628452501660537 0.743869989570622 0.677104540588178 0.63463959521297 0.396642377302318 0.192629464053731 0.216393795540807 0.245832526523304 0.330309407747923 0.435269035558462 0.523949899384162 0.588318459608533 0.688739492375075 0.791396555182628 0.866286266468384 0.912267595984032 0.915526078869101 0.926674169375641 0.874194730989727 0.797217090171514 0.713620988635377 0.699753214519894 0.646547916934308
-9999 -0.442201436702468 -0.200238599460749 -0.414384510658331 -0.595412838763173 -0.439697102296668 -0.498324507872351 -0.765804936183821 -0.963827230516408 -0.884948828214622 -1.04425190961866 -1.56174188821433 -1.44106153595902 -0.655356735665609 -0.0855597282900232 0.156175361940586 0.29893393648038 0.276473020169932 0.335411969398593 0.265247529291728 0.323911762234047 0.371807237031329 0.361722965979333 0.165173404252118 0.28377253473192 0.215021187715903 0.0249211050669467 -9999 -9999 -9999 -9999 -9999 -9999 -9999 -9999 -9999 -9999 -9999 0.166234149998815 0.278481725650079 0.479692320638794 0.655002198001541 0.829054415162109 0.865896983207866 0.701553877146554 -9999 0.389939880390603 0.388350120621389 0.450364008774287 0.465861944034768 0.588772469777131 0.60538917336104 0.669226939546793 0.701021780255936 0.734785580718228 0.842753188661293 0.886245080111026 0.919984204074186 0.909407420804929 0.889489982373229 0.764030597434719 0.656942991856066 0.601923127377585 0.489429308768982
-9999 -0.505329321201625 -0.0210409207953994 -0.37943526828529 -0.0604351439720398 -0.0770167187580463 -0.77159807325661 -0.893525221079932 -1.03643144221189 -1.1335766158078 -0.716621602430056 -0.753633106234243 -1.53279063874924 -1.00767248411682 -0.104110934750453 0.0504123015406366 0.180162969236474 0.312019959135816 0.455780791242166 0.460269883323209 0.552041877540327 0.58016295550997 0.604252958059228 0.613995188660974 0.324342605561426 0.0824182630305706 0.287378774956519 -9999 -9999 -9999 -9999 -9999 0.532457386804856 0.499368304906092 0.498228682239612 0.627220803149371 0.597699219930853 0.443961189578851 0.249939024709791 0.379332503074673 0.503223674033917 0.691488887255237 0.844123963571499 0.914222694782105 0.810733571137831 0.638026021148833 0.401102129360426 0.311971304224202 0.520518279959971 0.547917085060557 0.612006036735732 0.687974943930541 0.678295905787116 0.730571527527422 0.750243744931187 0.799509772215923 0.836307538825724 0.890965062427412 0.929650537638094 0.855049630141962 0.743105245582612 0.683504225174214 0.517823106079509 0.367435438790437
-9999 -0.206269783430405 -0.118380435713626 0.0892310711390662 0.062402118338321 -0.0242284947122087 -0.291594482382509 -0.499371561614945 -0.714331784075534 -0.891590424894568 -0.838185409506765 -0.218376939484184 -0.995830954674263 -1.42406293449552 -0.830136698798785 0.0756329163946984 0.0716151133756801 0.231702133927284 0.371804471442629 0.511494080330216 0.660106743826665 0.83929313907278 0.823822012087526 0.807623488646871 0.505318854860567 0.287657198991142 0.451192177238692 0.340119987554094 -9999 0.419691628817956 0.443486038502408 0.55546422639503 0.636126830908752 0.623317995034171 0.732732854490438 0.741653424441728 0.788979660716851 0.703432235738868 0.540585231223989 0.531248278399072 0.610093926228706 0.716658254653721 0.835898019164296 0.922651602456324 0.791729544829824 0.610789100049753 0.32015988793984 0.215732690227841 0.497947822912372 0.605962743478658 0.617523301591697 0.643081220124138 0.710457294781371 0.711979822125229 0.750928364204743 0.814990201665855 0.886470624322492 0.929008419536304 0.907394111326581 0.845169022108236 0.707858603152723 0.571866361542713 0.553422562188599 0.358215770819728
-9999 -0.238133971195166 0.0124786221383242 0.0715920812363459 0.101117229628344 0.0711698406110317 -0.0144216053677031 -0.386160173217211 -0.86868656405412 -1.14369370636289 -0.753500615780925 -0.558162245456015 -0.121787846000793 -1.10923620294264 -1.14218516140795 -0.48095655857173 0.063506887821795 0.0877799086230878 0.240132506442503 0.469888099859673 0.726082589193426 0.829841880360639 0.85600585814137 0.774134444915795 0.661537671831023 0.54849351363901 0.419738935958806 0.434710184478912 0.592405779055425 0.562165521198243 0.606850401445521 0.696364360205794 0.729529488000827 0.755779870199308 0.768179100929852 0.84862904220713 0.997819996428953 0.869036579737771 0.758768932632572 0.727326703965508 0.76770732138121 0.906562968577087 0.993945546152219 0.866611623164122 0.855970294723705 0.702927346244737 0.543009175273709 0.504173654264509 0.64449670952777 0.594314825546653 0.638286641896211 0.666725638152489 0.720772939574614 0.735661825727549 0.734084492161938 0.807156115605171 0.906840017033328 0.955429469506851 0.905808944256683 0.873402900315939 0.766563047166637 0.644638372488292 0.502284254371662 0.339533012606795
-0.0831537461475863 -0.15409109700944 -0.28373024441059 -0.0703539481920382 -0.351205947684035 -0.301170381352765 -0.298963855061714 -0.841143138411034 -0.906508999189201 -1.3218391030009 -0.927439033949554 -1.01844933330436 -0.217026690189658 -0.507350074156941 -1.23254489444058 -0.65212186091874 -0.261091747880324 0.0146027138438561 0.145663952393775 0.356952412089372 0.54886356288896 0.632880538208662 0.674756950570109 0.684670252653233 0.734183691607232 0.625928786826409 0.664349925260404 0.576192862720582 0.768085574526266 0.796638129407336 0.795576272752873 0.81769699027533 0.855764052304691 0.90075300080421 0.83846732658935 0.887138472329187 0.930186398425478 0.971563637018526 0.919946078600083 0.898455691904938 0.952548526739276 1.01743261028853 1.06854487170031 0.99327902033005 0.886459553979499 0.797574868081916 0.755045738327775 0.74845577962862 0.763646498047271 0.733608151003582 0.69696734036719 0.700972531574955 0.755076573468436 0.731793933173758 0.791361074341008 0.851733348302346 0.932383270033108 1.02027079463588 0.958153757688388 0.797348574141619 0.682159050452733 0.624811673804825 0.457537283407096 0.382017650137974
-0.900145356225449 -0.429978020451971 -0.734931508012324 -0.344123529581653 -0.933211231499716 -0.926609115388458 -0.616154202801864 -0.905079130999902 -0.778084781074549 -1.10530316449147 -1.09653458173359 -1.23055438883344 -0.772385164919051 -0.361747664335242 -1.23849844243283 -0.793027433396734 -0.441842955672281 -0.0233594658632739 -0.0441017202476648 0.222724803752553 0.286341825774339 0.368643431586132 0.409156954927 0.483119156412791 0.557014571028688 0.614804447066973 0.742239670230784 0.799269853357503 0.812378455867557 0.869378885763691 0.873012170031421 0.770897079703235 0.846703630848501 1.06500179814399 0.894188816242925 1.06765100761858 1.09141282486796 1.12645287377933 1.00738725290189 1.08417758224513 1.10883850470522 1.18853653337274 1.26177900045353 1.05861394800781 0.977309791530955 0.90337173129219 0.90306731852547 0.869637462635094 0.849064413789091 0.764447163119424 0.716942114163289 0.716243080300821 0.669816142256202 0.774479781869546 0.828047566051156 0.922347554537686 1.03798398080707 1.04919666756082 0.920341205770482 0.778977782775593 0.634553423156555 0.506395796570621 0.529356460959535 0.393518458353999
-1.31586627666546 -1.26226647222566 -1.37972493200857 -0.437300800275866 -0.632236213097464 -1.0767349694151 -0.884980711992643 -1.16004568780772 -1.13262668693056 -1.21491356372886 -1.36951407878633 -1.38031237878524 -1.18574535975348 -0.646620212510323 -1.17411269658444 -1.32922494944732 -1.29750814034622 -0.405695926499718 -0.315368943962872 -0.0246142301266111 0.0615477692420463 0.0407042824975318 0.0343427284964154 0.1993027963638 0.224066022792182 0.373395813756105 0.58399684377693 0.748218896473511 0.935863090094806 1.00046623007314 0.91035548542307 0.749445824197463 0.829767468624976 0.952306092255325 1.09078036686602 1.20906696165785 1.32394041315343 1.2568331116048 1.15643085163244 1.13243050633143 1.02845293317903 1.16244529728328 1.26675664909847 1.15420237946353 1.03930964662994 1.02270920844764 1.00963242352956 0.920280060236121 0.862459480897486 0.790208918392442 0.708550304128638 0.633300889792942 0.673502293665847 0.713095001616004 0.814157962247686 0.998343901396314 1.09769969342952 1.06605484860014 0.895446534107309 0.743100329203478 0.577647866931456 0.584773375248384 0.486064492864836 0.484684770165918
-1.31485060527502 -2.0241428376465 -1.97874251986144 -1.34566411920387 -1.51305902104503 -1.6761304391294 -1.48360500925264 -1.34320295436183 -1.58375793241703 -1.46347252222438 -1.54915339403263 -1.2554295575375 -1.13292831809721 -1.19923980811247 -1.60144577786415 -1.5157670806182 -1.80206782766046 -0.617743193928403 -1.30220766685112 -0.690217829677008 -0.326773828453846 -0.23355234967136 -0.112634761411065 -0.00882125724166299 0.0961264097319368 0.229639267008422 0.318110216835017 0.60014006872422 0.872725008244563 0.941253961738625 0.84461069576239 0.663597376023248 0.730513374693794 0.903325865536525 1.1066554659329 1.12067274208898 1.13637775061868 0.922118165093282 1.03152173882515 0.458389605045941 0.666766060401667 0.942611968138247 0.930087312435645 0.852195355129584 0.882594211939195 0.940355642166727 0.901487810600837 0.861741246373569 0.782157775232925 0.730313879959282 0.659886205290001 0.570945762811918 0.545878677885347 0.635707374437237 0.76046092505533 0.942838540886179 1.0987810395014 1.09645667063894 0.934297830557825 0.746680808622833 0.724631310449652 0.645669639986275 0.603983691267028 0.591996885409507
-1.74084785152632 -1.80255830001995 -2.00325362157054 -2.27845151283818 -2.24645962439174 -1.8269758906313 -1.69473220477081 -1.79156130913678 -1.55615217821907 -1.47733661169335 -1.41277301406453 -1.33939038466439 -1.34675471499735 -1.13844233184062 -1.54883435119112 -1.69918602576099 -2.12135043427863 -1.15093566734525 -1.6215943351856 -1.13301195458381 -0.741772340295876 -0.643738078206735 -0.357909194074468 -0.0366486776539208 -0.0607956107748367 0.0502571315128921 0.355694092662767 0.618909656588312 0.771272792301893 0.787007646642725 0.6182429938568 0.56331323726235 0.643311541480185 0.762710463597255 0.727629439950623 0.477958822188806 0.106657956449067 -0.169550870597045 0.268957387495548 -0.0251754621314322 -0.346642932675231 0.0898304893905612 0.647736081336952 0.455223359953712 0.561641282671973 0.681327458305115 0.690647426403244 0.573997075715585 0.540842737892473 0.555301855744771 0.553833858713052 0.488550846908143 0.443806543206654 0.485281545454984 0.688987016782316 0.968251248977633 1.06696195404488 1.04316666673519 0.848500045970976 0.695813998093177 0.675714960418995 0.645359149258743 0.596587833215265 0.57494416000347
-1.90862847301604 -1.78699949987783 -1.90742412738963 -1.91565804346621 -1.8450743429887 -1.50301579007453 -1.51685327324516 -1.31655787064727 -1.91751088989456 -1.77664328292275 -1.07520714488805 -1.15676089929471 -1.4253399093711 -1.38826111856467 -0.891239110764409 -1.40131220821304 -2.24553755274346 -1.54467458868189 -1.85329271347159 -1.64459820520364 -0.965364781885135 -0.916938362139032 -0.531006507178455 -0.397152096752359 -0.167334818588225 -0.125261605674601 0.157906790603813 0.0965843956415742 0.00650428640176048 0.434439823480057 0.33525780729792 0.189013262974887 0.470703315289682 0.400647435712009 0.423402446582954 0.0604470627295139 -0.151625697014723 -0.526245147914048 -0.405182104663855 -0.302306374346185 -0.526720393425028 -0.486963194630698 -0.229294172766828 -0.340261819850467 -0.166458638151899 0.0196647083249422 0.302394912454402 0.394583257698185 0.33582308123502 0.331775144120711 0.388425481072174 0.443042187301922 0.428866189186521 0.506449333273884 0.662146800392709 0.96020395271064 1.05470044525055 0.973775764176731 0.825800372761458 0.755292799681388 0.672469640325208 0.844882537365697 0.757490632474113 0.519913903435558
-9999 -2.12920189698223 -1.9545159230919 -1.98340777079771 -1.84045359766194 -1.76609758137211 -1.58722777810568 -1.3606534413209 -1.43880663816086 -1.86751626701785 -1.11420305364251 -1.17712517053318 -1.69396397991355 -1.81219857891126 -0.787965313276181 -1.26216437534718 -1.43584988086661 -1.36100380004719 -1.69416044922829 -1.25914443811774 -1.46609939688781 -0.926221865395825 -0.934186230859144 -0.807139030989502 -0.500187434411185 -0.210176677220343 -0.107950451384852 -0.153215036984074 -0.394795956076742 -0.648848588093136 -0.488432706762821 -0.225312142774361 -0.117052114096064 -0.354335980457163 -0.30222462443823 -0.502094468701707 -0.633362603412653 -0.781306181525907 -1.24621080542754 -1.313846061856 -0.981854497942119 -0.835466013415913 -0.59292573863891 -0.326386667481285 -0.254405948892922 -0.378900547343308 -0.328601432203636 -0.0597503121570638 0.146557393879419 0.275450794472183 0.316914080024995 0.360074284861458 0.482487441841491 0.560458898665956 0.711845343767042 0.98586454692108 1.04099187691651 0.956783914430616 0.767690398142206 0.669558196698259 0.779713324013673 0.75366215576563 0.639762528958076 0.556144007455366
