data/pcas/current_cal/PC04.asc
NCOLS 366 
NROWS 318 
XLLCORNER -99.1666666666663 
YLLCORNER -31.5000000000002 
CELLSIZE 0.166666666666667 
NODATA_value -9999 
[rows 232 to 260 of 318, columns 195 to 259 of 366]
-0.855780833101926 -0.523197141904289 -0.492050273052891 -0.23874177588977 -0.605342171596978 -0.609126972668452 -1.19751407874876 -2.91466981306437 -3.13674829309265 -2.8433414661383 -3.08243744995087 -3.04145447543671 -2.83002556829022 -2.48743410153816 -2.08781949923355 -1.6799511876817 -1.26065943504451 -0.937910421282498 -0.52428594343926 -0.162148451775126 0.17339945986181 0.491801846353515 0.797913672638418 0.824859867334844 0.793715613363971 0.708147027234985 0.65890252426596 0.558671491132285 0.426935884197834 0.4319151634468 0.29091437846943 0.158520194874071 0.00662501655156203 -0.120530957978282 -0.209158665982028 -0.299992368268058 -0.374889775624918 -0.622621032932669 -0.700383226239648 -0.919181701191813 -9999 -9999 -9999 -9999 -9999 -9999 -9999 -9999 -9999 -9999 -9999 -9999 -9999 -9999 -9999 -9999 -9999 -9999 -9999 -9999 -9999 -9999 -9999 -9999 -9999
-0.939969710181468 -0.991896693650086 -0.919493282273992 -0.544531225956279 -0.175746908604419 0.0740073114085792 -0.140857467038353 -0.589220073104358 -2.06261669228194 -2.13409956420973 -1.83007980937988 -1.92639402177009 -1.68274781807377 -1.57978995418472 -1.49944619895727 -1.51749547069624 -1.34630382254903 -1.06915489421773 -0.501376457251394 -0.0260076724698364 0.1576851627336 0.300146555535056 0.4371865894862 0.641721679395431 0.734946198210088 0.745014721819754 0.692441593843172 0.613973272314153 0.61603118510974 0.499835782824662 0.376947920968005 0.235632327436469 0.139033913668822 0.0105950705739181 -0.111052155197554 -0.209091652939141 -0.258406137915599 -0.48734334010394 -0.560314095958991 -0.78446306349721 -9999 -9999 -9999 -9999 -9999 -9999 -9999 -9999 -9999 -9999 -9999 -9999 -9999 -9999 -9999 -9999 -9999 -9999 -9999 -9999 -9999 -9999 -9999 -9999 -9999
-1.11775555463254 -1.27422339854215 -1.10084243730709 -0.701888595427837 -0.531944185171102 -0.10730087670704 -0.174738120341322 -0.271350724616441 -0.39364779738603 -0.420391874156368 -0.454014642051579 -0.150805489305898 -0.409362690551508 -0.0512233623927643 -0.0767768707133083 -0.400382343792489 -0.613486128117595 -0.567755447746012 -0.198679063039658 0.142054942032224 0.34431815352345 0.334054302101323 0.600195106681918 0.680987963459935 0.7489262811654 0.764642149027026 0.716390707799869 0.653878524940381 0.697550702487105 0.559834105698101 0.442427111215756 0.318459179522325 0.205912722280529 0.0903253907160105 -0.0419779119834589 -0.0989825070928971 -0.118144958826687 -0.156988899067818 -0.404862791311706 -0.457934828108735 -9999 -9999 -9999 -9999 -9999 -9999 -9999 -9999 -9999 -9999 -9999 -9999 -9999 -9999 -9999 -9999 -9999 -9999 -9999 -9999 -9999 -9999 -9999 -9999 -9999
-1.14014882587596 -1.20374367486045 -1.13324052598035 -0.818993669352983 -0.556243077964855 -0.298041005362942 -0.25877657881755 -0.722202392666665 -0.835467854688414 -0.353876090797853 -0.164486347924272 0.0319650220729485 0.299537699507095 0.600723693262397 0.738985859719229 0.62731847320709 0.484800913069621 0.439370543195592 0.278036854271322 0.362583611784617 0.508116187993879 0.554904071278063 0.622904392699546 0.729972849181466 0.784474549688735 0.79488419336173 0.776945931654701 0.682133642367296 0.727141602843899 0.6414478896428 0.519969765181679 0.40179732152949 0.294341874481348 0.180153122304443 0.0881343012239088 0.0105869987545571 0.000792112896936419 -0.0145444533765054 -0.178711647483774 -0.220599421681765 -0.235159871588099 -9999 -9999 -9999 -9999 -9999 -9999 -9999 -9999 -9999 -9999 -9999 -9999 -9999 -9999 -9999 -9999 -9999 -9999 -9999 -9999 -9999 -9999 -9999 -9999
-1.18359457892335 -1.13990502698151 -0.904241958502307 -1.08343497820753 -1.2207951837543 -0.791923959597009 -0.712806113011916 -0.967489376054578 -0.853745394333543 -0.510326971788501 -0.0382718183147194 0.19147606003441 0.660031665103657 0.906378879681886 1.04561057913607 0.963658694310191 0.897784002886278 0.86158922655088 0.856645738511577 0.648509665081843 0.661282284240746 0.646041256915436 0.663319435847699 0.754112682907006 0.788141210671795 0.825490027885575 0.823988179261489 0.735794926182049 0.792474436468021 0.696171199685435 0.597007100902005 0.480646276721714 0.390560369288937 0.320141831087759 0.252319128051388 0.223962590776538 0.181965298988386 0.141825561460188 -0.00987375297727704 -0.0357741466411377 -0.0257355564106799 -9999 -9999 -9999 -9999 -9999 -9999 -9999 -9999 -9999 -9999 -9999 -9999 -9999 -9999 -9999 -9999 -9999 -9999 -9999 -9999 -9999 -9999 -9999 -9999
-1.13838121279691 -1.1341975122384 -1.01859316639974 -0.922366076493956 -0.891159103727449 -1.21619833068498 -1.10858892492809 -0.978331001506536 -0.695677082390785 -0.262930027362609 0.262940356191714 0.576514804289886 1.06053087967353 1.24635468059678 1.22923167108548 1.18786054348147 1.0276275628885 1.03028513688067 0.925673068689048 0.649322257359846 0.753496938902024 0.696683961228827 0.705082826846658 0.759109549887678 0.823166737220747 0.845716086045653 0.844895124754729 0.77269755321115 0.815394897212831 0.76895412013123 0.670416993216817 0.564767665068942 0.504670966837923 0.44697642625209 0.385238534664188 0.335951963392208 0.301629871075641 0.304955867756181 0.260800208266056 0.109633373432673 0.133545334674975 -9999 -9999 -9999 -9999 -9999 -9999 -9999 -9999 -9999 -9999 -9999 -9999 -9999 -9999 -9999 -9999 -9999 -9999 -9999 -9999 -9999 -9999 -9999 -9999
-1.02215946130153 -1.1375807615874 -0.914428174750854 -1.05146901936253 -1.23597292145381 -1.21727114539265 -1.07640130478605 -0.809927132123684 -0.551596836599959 -0.227193127390433 0.202200907238087 0.517719115933925 0.680883146596281 1.13158515888967 0.950659326937583 1.190453695533 1.02602303487234 0.940400021941547 0.880483555007645 0.727189949496532 0.72242622375299 0.684863609367063 0.746348452359835 0.799513792277259 0.828207704450648 0.849146562352565 0.812818932230357 0.825949689062482 0.87873183839579 0.789833341876718 0.755460630810599 0.65762498017004 0.585621722002339 0.54644392543688 0.492240961170733 0.460108787723616 0.425910743197054 0.376960262030789 0.250922552249744 0.201216932723805 0.223242637661622 -9999 -9999 -9999 -9999 -9999 -9999 -9999 -9999 -9999 -9999 -9999 -9999 -9999 -9999 -9999 -9999 -9999 -9999 -9999 -9999 -9999 -9999 -9999 -9999
-0.875478731369032 -0.903874580293445 -0.968650110271893 -1.0721056187082 -1.15633113416805 -1.16255256480534 -0.986839741183736 -0.690994823675331 -0.342450006221867 -0.0530545186232898 0.288387145874509 0.491849344035592 0.677714531719707 0.921295102424648 0.969976632631904 1.01106434717274 0.79393595780985 0.754175049727138 0.728101574832135 0.639308062901536 0.656565075763007 0.658104537517188 0.71720810461606 0.778080215186486 0.828802305662036 0.84529927515592 0.845782579819425 0.937417659123074 0.86270722913908 0.840087534423241 0.781768138264646 0.725854171571784 0.685946244700455 0.623114173468111 0.586979179354633 0.573616288159877 0.509990320129745 0.488741174693916 0.444400761540265 0.26258991563196 0.238807376484373 -9999 -9999 -9999 -9999 -9999 -9999 -9999 -9999 -9999 -9999 -9999 -9999 -9999 -9999 -9999 -9999 -9999 -9999 -9999 -9999 -9999 -9999 -9999 -9999
-0.645807021280061 -0.722168841245686 -0.968113429547125 -0.935198760039004 -1.0400452814379 -1.00209850183681 -0.925183246208235 -0.674876892916228 -0.109301990796953 -0.00916992869259528 0.297201475992215 0.568939380947496 0.699493334448795 0.740497143206351 0.739039788264878 0.680235717373423 0.526397741723906 0.538564322447905 0.507182054661152 0.444816950755258 0.511932545279017 0.57353406025669 0.696095148294425 0.734317006951267 0.821167300744088 0.833930785532902 0.844238583735599 0.932002159383301 0.909166216862949 0.888967400556395 0.853510767789379 0.813757272315568 0.757916234031193 0.704211708424641 0.658621311845197 0.62131499194991 0.556849994352989 0.505611819344229 0.390185724855481 0.335463586841159 0.283561653279715 -9999 -9999 -9999 -9999 -9999 -9999 -9999 -9999 -9999 -9999 -9999 -9999 -9999 -9999 -9999 -9999 -9999 -9999 -9999 -9999 -9999 -9999 -9999 -9999
-0.550362079390425 -0.566380458169017 -0.740538459625948 -0.835498913069464 -0.762924373551875 -0.88468013488699 -0.662178643239634 -0.550179434813667 -0.102602474646403 0.118696065036562 0.2060019726224 0.517719062469024 0.561667775562992 0.589954076938172 0.411565734915418 0.376290516435967 0.266083763921712 0.191726343226848 0.00514536484245891 0.27621911302771 0.355086054909997 0.43619596750189 0.614945674910342 0.719002973933725 0.800167802997856 0.81230900264123 0.908567488542985 0.927473758668286 0.933747930595761 0.907339868690078 0.883331425315664 0.855573679336429 0.829533022739654 0.765782623247948 0.721987421310174 0.669649965672614 0.611048923486016 0.496526708144726 0.440667247576115 0.368208056198585 -9999 -9999 -9999 -9999 -9999 -9999 -9999 -9999 -9999 -9999 -9999 -9999 -9999 -9999 -9999 -9999 -9999 -9999 -9999 -9999 -9999 -9999 -9999 -9999 -9999
-0.423740497363474 -0.466469573291374 -0.485394244401104 -0.641442053197188 -0.591688673747254 -0.699296888795049 -0.485430132376142 -0.326672897233433 0.109155390788881 0.239356291886691 0.292243923049276 0.615621693217091 0.631140991903232 0.576030718216779 0.162716552001313 -0.0337714273418495 -0.088046961748344 -0.27833722119719 -0.218530694791356 0.064911263903099 0.233260826013229 0.410423860256737 0.567412989757826 0.666292152855602 0.757677349067835 0.811251059164924 0.860307796004493 0.912356071742272 0.92362094518238 0.931530740212434 0.899667996278254 0.89072599475318 0.844794863467561 0.803776978594949 0.786567339765937 0.723702217260045 0.602524806746681 0.545547911897155 0.47672726087129 0.404779002173692 -9999 -9999 -9999 -9999 -9999 -9999 -9999 -9999 -9999 -9999 -9999 -9999 -9999 -9999 -9999 -9999 -9999 -9999 -9999 -9999 -9999 -9999 -9999 -9999 -9999
-0.371603848476143 -0.37383585300821 -0.423933891211658 -0.474056742767445 -0.557875626653446 -0.595884737701068 -0.307595231824018 -0.0967627797762381 0.314793500543961 0.406128933097631 0.174080052891325 0.542685653094689 0.705371727645001 0.670278854382488 0.39338239349781 -0.271328819601808 -0.439842802453257 -0.513536168301843 -0.285697682371417 0.038096435559972 0.23205433374742 0.441085617966428 0.563083949370248 0.65788880673266 0.73626188482198 0.781139714996589 0.811613855704297 0.905333149426311 0.91246458895148 0.967733719141854 0.898270423690581 0.91799422264055 0.855937338872532 0.844604940232171 0.736333607633639 0.683026941407039 0.630248513522288 0.558739131385166 0.495895359988454 0.426627625293508 -9999 -9999 -9999 -9999 -9999 -9999 -9999 -9999 -9999 -9999 -9999 -9999 -9999 -9999 -9999 -9999 -9999 -9999 -9999 -9999 -9999 -9999 -9999 -9999 -9999
-0.393711625454682 -0.342815316835287 -0.337580832617727 -0.461910845481629 -0.543063764933325 -0.460457500088028 -0.321478559958327 0.0401432431150377 0.364866059371157 0.411200720477244 0.218548478124074 0.200238389226974 0.598011449316483 0.79077087368684 0.554600512101736 -0.442914370697114 -0.655180759355132 -0.534572783299283 -0.328396058624151 -0.0863212353130653 0.148687473526104 0.42644862043216 0.561322974348302 0.646735622330659 0.69823637533355 0.768512277605718 0.799377792488144 0.81686805569722 0.924359423758387 0.940779208566145 0.933213809410399 0.847694916053181 0.828315587379641 0.816983193418543 0.765074854962607 0.689347148273413 0.667659137768363 0.612306385631219 0.523054300357085 0.448267481378876 -9999 -9999 -9999 -9999 -9999 -9999 -9999 -9999 -9999 -9999 -9999 -9999 -9999 -9999 -9999 -9999 -9999 -9999 -9999 -9999 -9999 -9999 -9999 -9999 -9999
-0.373882566370041 -0.360920533982898 -0.387120025134147 -0.431637210436778 -0.462148170291096 -0.345096019189604 -0.459881216075133 -0.131902422961766 0.336926219537031 0.302206105461216 0.499407739786929 0.312635807592151 0.496661390820322 0.694672846278809 0.441779526526739 -0.404667314032604 -0.893534973931013 -0.642801316008771 -0.417792083383605 -0.211600101280954 0.00797813140500165 0.270550576274344 0.454914184082086 0.573526841382598 0.666779840519466 0.744384670826907 0.796448070716369 0.892758629730661 0.865068773012781 0.851270732382302 0.905447534097581 0.871986429912752 0.841256343497719 0.824617876794187 0.785515866492189 0.735275360796683 0.687371807855748 0.606034676204491 0.563850244061732 -9999 -9999 -9999 -9999 -9999 -9999 -9999 -9999 -9999 -9999 -9999 -9999 -9999 -9999 -9999 -9999 -9999 -9999 -9999 -9999 -9999 -9999 -9999 -9999 -9999 -9999
-0.339111393428399 -0.422753779333841 -0.404818258191316 -0.440120058787842 -0.509495558361203 -0.480957107527111 -0.331409346729923 -0.0733871479241636 0.0304919588181947 -0.120364574512978 0.117858905263155 0.276166769220145 0.145561955281133 0.507082662820847 0.229940405709638 -0.892560704321371 -0.906818096270051 -0.643347937608368 -0.456188322387958 -0.339066732258988 -0.157662017270234 0.134126849501082 0.381821638396163 0.469065662090738 0.624296709902361 0.713878891019184 0.773318651354749 0.817413231207069 0.845825587034285 0.865760608225601 0.886637878100936 0.862128242658643 0.835608133703053 0.846293194673539 0.794915783352974 0.762853079766194 0.700316117940702 0.629961298929148 0.544489679779232 -9999 -9999 -9999 -9999 -9999 -9999 -9999 -9999 -9999 -9999 -9999 -9999 -9999 -9999 -9999 -9999 -9999 -9999 -9999 -9999 -9999 -9999 -9999 -9999 -9999 -9999
-0.401625663522176 -0.415384134677715 -0.397396475103724 -0.471898235949445 -0.510686892019069 -0.614185674809448 -0.49277855590621 -0.171603616863903 -0.101145625573019 -0.236174028349987 0.0524650236552942 0.312708132098514 0.0602698866173249 0.243587464372185 -0.137147336642563 -0.742319221880339 -0.700216106302815 -0.570213534187245 -0.551338880134091 -0.435476946488719 -0.319934944474469 -0.0451006455988854 0.201080925114383 0.345895271339388 0.554754579982609 0.672973695044469 0.742282489906641 0.784426434128407 0.82601796899768 0.881654289177337 0.890243611235345 0.854130469109161 0.85796326656887 0.840215268825209 0.799464638295574 0.744238944831468 0.675663625602136 0.639968171026314 -9999 -9999 -9999 -9999 -9999 -9999 -9999 -9999 -9999 -9999 -9999 -9999 -9999 -9999 -9999 -9999 -9999 -9999 -9999 -9999 -9999 -9999 -9999 -9999 -9999 -9999 -9999
-0.532650783991968 -0.48139409914219 -0.387906442701306 -0.451033309385026 -0.536580492988604 -0.427693632328634 -0.279857476570373 -0.313110658354334 -0.228404256156519 -0.122241827693122 -0.180741414120481 0.0251605061593823 0.0160855361334156 0.00143898342003987 -0.17189938171127 -0.521939268777764 -0.484189120469112 -0.562395410472416 -0.578217734205146 -0.554388866823463 -0.492246751529238 -0.288504171677999 -2.03339989215796e-05 0.275634690873392 0.470712063111764 0.580057322519537 0.679013335371649 0.768663424774646 0.804717225629575 0.815701583699459 0.83239109941067 0.822976633404577 0.821472335331949 0.797292669298679 0.801571277830375 0.749544307121455 0.684969041993238 0.604856360534699 -9999 -9999 -9999 -9999 -9999 -9999 -9999 -9999 -9999 -9999 -9999 -9999 -9999 -9999 -9999 -9999 -9999 -9999 -9999 -9999 -9999 -9999 -9999 -9999 -9999 -9999 -9999
-0.568995657154815 -0.463377920908172 -0.408536877912426 -0.355670326532484 -0.456972717180419 -0.380151820105169 -0.311397670381326 -0.278030097969425 -0.387499413087983 -0.239379551101368 -0.436159297708806 -0.470711071215621 -0.0247871929465257 -0.242915998928635 -0.386763093012322 -0.621223248428437 -0.535260195808489 -0.591738050344744 -0.66989349206327 -0.75869027715257 -0.671907030078427 -0.53212245795813 -0.188795826656629 0.128829988080012 0.357266858638839 0.455508682653488 0.595788519740929 0.707104497208845 0.733097871341869 0.797457257439646 0.772459714848499 0.757570146500012 0.760739224583026 0.759725346447733 0.740978192138781 0.694418134811423 0.63639422322419 -9999 -9999 -9999 -9999 -9999 -9999 -9999 -9999 -9999 -9999 -9999 -9999 -9999 -9999 -9999 -9999 -9999 -9999 -9999 -9999 -9999 -9999 -9999 -9999 -9999 -9999 -9999 -9999
-9999 -0.541012629834115 -0.610130480863278 -0.477802865150232 -0.516261340124003 -0.258433385126917 -0.283420829428658 -0.193333057040104 -0.443446990744574 -0.38080220977706 -0.440846123000708 -0.34293880978795 -0.195791933667431 -0.273769325847659 -0.537837704295282 -0.675029408664521 -0.635192262815802 -0.650652985032331 -0.709910147174972 -0.785476125132127 -0.718019175717444 -0.620385212354263 -0.294744165851185 0.0134548307451667 0.266344101646177 0.387553177255057 0.571908795969627 0.658154884031422 0.687167063449387 0.680057526351873 0.690806937398022 0.682946002951361 0.684498526525385 0.682576963051756 0.67252132501156 0.63395388772264 0.615323169256677 -9999 -9999 -9999 -9999 -9999 -9999 -9999 -9999 -9999 -9999 -9999 -9999 -9999 -9999 -9999 -9999 -9999 -9999 -9999 -9999 -9999 -9999 -9999 -9999 -9999 -9999 -9999 -9999
-9999 -0.723922291670288 -0.719429821468868 -0.583002676970204 -0.545233482391256 -0.300456369266369 -0.236105418634757 -0.29671091140491 -0.659452493481437 -0.459415572150867 -0.498264460872121 -0.285481957598169 -0.507717325894721 -0.589194273273148 -0.762391254869248 -0.795970682349213 -0.814706329905093 -0.826222936364861 -0.855196255801222 -0.870266264606808 -0.831435253628234 -0.684948914234048 -0.331417614670246 -0.115271763397692 0.14847998676929 0.395469916686961 0.538116208348557 0.606607385756408 0.57482709641921 0.598670988868429 0.602649751937477 0.60943414519346 0.622989406221876 0.60947384666358 0.60200417559497 0.579185153424196 -9999 -9999 -9999 -9999 -9999 -9999 -9999 -9999 -9999 -9999 -9999 -9999 -9999 -9999 -9999 -9999 -9999 -9999 -9999 -9999 -9999 -9999 -9999 -9999 -9999 -9999 -9999 -9999 -9999
-9999 -9999 -0.799643262834533 -0.649526188434998 -0.54535410361525 -0.436701527633858 -0.301083026582355 -0.432777965611421 -0.525619928489988 -0.567788460391744 -0.674787539096763 -0.469770762677707 -0.622314367717146 -0.682576245132868 -0.880108813311242 -0.888402033236737 -0.908300237528296 -0.906700414895001 -0.871808234517498 -0.858042969154814 -0.83903117180979 -0.648191707894114 -0.407382828127317 -0.157875754127878 0.102228342077369 0.2875676301348 0.452758441746329 0.506240715677281 0.49812142734743 0.453153461838294 0.512201217887783 0.501342997045948 0.507418521463635 0.511987166551507 0.486327721844352 -9999 -9999 -9999 -9999 -9999 -9999 -9999 -9999 -9999 -9999 -9999 -9999 -9999 -9999 -9999 -9999 -9999 -9999 -9999 -9999 -9999 -9999 -9999 -9999 -9999 -9999 -9999 -9999 -9999 -9999
-9999 -9999 -9999 -9999 -0.63774369154825 -0.495164741955002 -0.425225412335272 -0.504664916372536 -0.516150045604468 -0.677045265154598 -0.671379740121635 -0.643121612673952 -0.68574847173475 -0.874803246418647 -1.02416783310674 -1.00826592128651 -1.02773452110389 -0.979083709865249 -0.935579983115123 -0.918049178730761 -0.818429743928612 -0.606815600225922 -0.391594138275429 -0.155460702875582 0.0325899396405031 0.226842954490745 0.387261420556462 0.412140878964208 0.361084205259758 0.381315156169251 0.373807869610719 0.359111396889763 0.360157984364634 0.37154822913775 -9999 -9999 -9999 -9999 -9999 -9999 -9999 -9999 -9999 -9999 -9999 -9999 -9999 -9999 -9999 -9999 -9999 -9999 -9999 -9999 -9999 -9999 -9999 -9999 -9999 -9999 -9999 -9999 -9999 -9999 -9999
-9999 -9999 -9999 -9999 -9999 -0.616703601015199 -0.556779776459727 -0.862007634871423 -0.670351603371721 -0.723930902669278 -0.819806928053502 -0.917759564864162 -0.935336995045056 -0.96901045231911 -1.11072545232095 -1.17740890680506 -1.13555954098228 -1.09541541710464 -1.0362108786166 -0.941450911734031 -0.820232579573061 -0.682258258773226 -0.410046802502125 -0.224351527167419 -0.0228174763615796 0.171203285463366 0.364039708999974 0.363158639448421 0.346144572495466 0.27391262889387 0.200267446554761 0.162185172015692 0.17593534942699 -9999 -9999 -9999 -9999 -9999 -9999 -9999 -9999 -9999 -9999 -9999 -9999 -9999 -9999 -9999 -9999 -9999 -9999 -9999 -9999 -9999 -9999 -9999 -9999 -9999 -9999 -9999 -9999 -9999 -9999 -9999 -9999
-9999 -9999 -9999 -9999 -9999 -9999 -0.825318025267644 -0.993101365882596 -0.799663703923183 -0.880453008779329 -0.916906321900508 -1.03575622323295 -1.09735374604946 -1.09883045039207 -1.16129049869039 -1.23545752873254 -1.26272628278743 -1.22281759560019 -1.12584192358394 -1.02921355150883 -0.901723338155046 -0.695720438772562 -0.47161775764646 -0.288015038794399 -0.0612930627539175 0.117855100271099 0.304635187534572 0.300629047996486 0.219728430212461 0.100037461608807 -0.00833713866624974 -9999 -9999 -9999 -9999 -9999 -9999 -9999 -9999 -9999 -9999 -9999 -9999 -9999 -9999 -9999 -9999 -9999 -9999 -9999 -9999 -9999 -9999 -9999 -9999 -9999 -9999 -9999 -9999 -9999 -9999 -9999 -9999 -9999 -9999
-9999 -9999 -9999 -9999 -9999 -9999 -9999 -9999 -0.951621651913681 -1.03560282357924 -1.1215535132886 -1.10281955033903 -1.19246190460663 -1.1943355550541 -1.21188213152504 -1.35155241125361 -1.33722458819836 -1.28641743196967 -1.22516771531349 -1.20687233763271 -1.00284703999836 -0.779520873921592 -0.566822199407233 -0.368680478198128 -0.161709204297273 -0.0323317866810048 0.121170383561253 0.139735411578567 0.0550214847651995 -0.0624708185988916 -9999 -9999 -9999 -9999 -9999 -9999 -9999 -9999 -9999 -9999 -9999 -9999 -9999 -9999 -9999 -9999 -9999 -9999 -9999 -9999 -9999 -9999 -9999 -9999 -9999 -9999 -9999 -9999 -9999 -9999 -9999 -9999 -9999 -9999 -9999
-9999 -9999 -9999 -9999 -9999 -9999 -9999 -9999 -9999 -9999 -1.30712075734705 -1.38060297958128 -1.32597400126639 -1.27848056556596 -1.27007041804819 -1.39817650974365 -1.3761946546792 -1.4191248089315 -1.29521314146023 -1.24723356952984 -1.07377406575723 -0.86252619095094 -0.633157812435023 -0.449922874077545 -0.290390793917485 -0.128811913186339 -0.0626701831581712 -9999 -9999 -9999 -9999 -9999 -9999 -9999 -9999 -9999 -9999 -9999 -9999 -9999 -9999 -9999 -9999 -9999 -9999 -9999 -9999 -9999 -9999 -9999 -9999 -9999 -9999 -9999 -9999 -9999 -9999 -9999 -9999 -9999 -9999 -9999 -9999 -9999 -9999
-9999 -9999 -9999 -9999 -9999 -9999 -9999 -9999 -9999 -9999 -9999 -9999 -9999 -1.37664858409273 -1.38495046332296 -1.41862654633497 -1.4123629771124 -1.47384946704425 -1.36983538627689 -1.27161269745123 -1.09792842928103 -0.921935618153493 -0.749751988162936 -0.533132762711039 -9999 -9999 -9999 -9999 -9999 -9999 -9999 -9999 -9999 -9999 -9999 -9999 -9999 -9999 -9999 -9999 -9999 -9999 -9999 -9999 -9999 -9999 -9999 -9999 -9999 -9999 -9999 -9999 -9999 -9999 -9999 -9999 -9999 -9999 -9999 -9999 -9999 -9999 -9999 -9999 -9999
-9999 -9999 -9999 -9999 -9999 -9999 -9999 -9999 -9999 -9999 -9999 -9999 -9999 -9999 -9999 -9999 -9999 -9999 -9999 -9999 -9999 -9999 -9999 -9999 -9999 -9999 -9999 -9999 -9999 -9999 -9999 -9999 -9999 -9999 -9999 -9999 -9999 -9999 -9999 -9999 -9999 -9999 -9999 -9999 -9999 -9999 -9999 -9999 -9999 -9999 -9999 -9999 -9999 -9999 -9999 -9999 -9999 -9999 -9999 -9999 -9999 -9999 -9999 -9999 -9999
-9999 -9999 -9999 -9999 -9999 -9999 -9999 -9999 -9999 -9999 -9999 -9999 -9999 -9999 -9999 -9999 -9999 -9999 -9999 -9999 -9999 -9999 -9999 -9999 -9999 -9999 -9999 -9999 -9999 -9999 -9999 -9999 -9999 -9999 -9999 -9999 -9999 -9999 -9999 -9999 -9999 -9999 -9999 -9999 -9999 -9999 -9999 -9999 -9999 -9999 -9999 -9999 -9999 -9999 -9999 -9999 -9999 -9999 -9999 -9999 -9999 -9999 -9999 -9999 -9999
