data/pcas/current_cal/PC05.asc
NCOLS 366 
NROWS 318 
XLLCORNER -99.1666666666663 
YLLCORNER -31.5000000000002 
CELLSIZE 0.166666666666667 
NODATA_value -9999 
[rows 0 to 27 of 318, columns 0 to 63 of 366]
-9999.000000000000000 -9999 -9999 -9999 -9999 -9999 -9999 -9999 -9999 -9999 -9999 -9999 -9999 -9999 -9999 -9999 -9999 -9999 -9999 -9999 -9999 -9999 -9999 -9999 -9999 -9999 -9999 -9999 -9999 -9999 -9999 -9999 -9999 -9999 -9999 -9999 -9999 -9999 -9999 -9999 -9999 -9999 -9999 -9999 -9999 -9999 -9999 -9999 -9999 -9999 -9999 -9999 -9999 -9999 -9999 -9999 -9999 -9999 -9999 -9999 -9999 -9999 -9999 -9999
-9999 -9999 -9999 -9999 -9999 -9999 -9999 -9999 -9999 -9999 -9999 -9999 -9999 -9999 -9999 -9999 -9999 -9999 -9999 -9999 -9999 -9999 -9999 -9999 -9999 -9999 -9999 -9999 -9999 -9999 -9999 -9999 -9999 -9999 -9999 -9999 -9999 -9999 -9999 -9999 -9999 -9999 -9999 -9999 -9999 -9999 -9999 -9999 -9999 -9999 -9999 -9999 -9999 -9999 -9999 -9999 -9999 -9999 -0.251308252374197 -0.311609163059679 -0.460691235409178 -0.612338779093087 -0.705473723534803 -0.666984990327618
-9999 -9999 -9999 -9999 -9999 -9999 -9999 -9999 -9999 -9999 -9999 -9999 -9999 -9999 -9999 -9999 -9999 -9999 -9999 -9999 -9999 -9999 -9999 -9999 -9999 -9999 -9999 -9999 -9999 -9999 -9999 -9999 -9999 -9999 -9999 -9999 -9999 -9999 -9999 -9999 -9999 -9999 -9999 -9999 -9999 -9999 -9999 -9999 -9999 -9999 -9999 -9999 -9999 -9999 0.0725181351256827 0.0260845185512097 -0.086221796566628 -0.200513434040064 -0.331788637605916 -0.413630477822308 -0.556615982069862 -0.60020588560127 -0.636181716561975 -0.648833682898335
-9999 -9999 -9999 -9999 -9999 -9999 -9999 -9999 -9999 -9999 -9999 -9999 -9999 -9999 -9999 -9999 -9999 -9999 -9999 -9999 -9999 -9999 -9999 -9999 -9999 -9999 -9999 -9999 -9999 -9999 -9999 -9999 -9999 -9999 -9999 -9999 -9999 -9999 -9999 -9999 -9999 0.817879091109959 -9999 -9999 -9999 -9999 -9999 -9999 -9999 -9999 -9999 -9999 -0.0147328250374993 -0.0576142114227061 -0.116327597688854 -0.213230504014426 -0.300797008924271 -0.416186068641121 -0.11189508576602 -0.206143103194445 -0.255225108604325 -0.686279469017295 -0.717892383485319 -0.772334617560587
-9999 -9999 -9999 -9999 -9999 -9999 -9999 -9999 -9999 -9999 -9999 -9999 -9999 -9999 -9999 -9999 -9999 -9999 -9999 -9999 -9999 -9999 -9999 -9999 -9999 -9999 -9999 -9999 -9999 -9999 -9999 -9999 -9999 -9999 -9999 -9999 -9999 -9999 -9999 -9999 -9999 -9999 -9999 -9999 -9999 -9999 -9999 -9999 -9999 -9999 -9999 -9999 -0.132207400560279 -0.207632530260544 -0.319396583260255 0.0437533549286911 -0.025500845222818 -0.101246816154431 -0.195174276371702 -0.283385303359018 -0.318115841258317 -0.331548507006123 -0.356728769331578 -0.776781471129099
-9999 -9999 -9999 -9999 -9999 -9999 -9999 -9999 -9999 -9999 -9999 -9999 -9999 -9999 -9999 -9999 -9999 -9999 -9999 -9999 -9999 -9999 -9999 -9999 -9999 -9999 -9999 -9999 -9999 -9999 -9999 -9999 -9999 -9999 -9999 -9999 -9999 -9999 -9999 -9999 -9999 -9999 -9999 -9999 -9999 -9999 -9999 -9999 -9999 -9999 -9999 -9999 -0.232763047418834 -0.388144397828765 -0.0370720260355899 -0.0861390313450321 -0.152743305859958 -0.145296738840652 -0.213187206473126 -0.286396307087467 -0.369476209710055 -0.366479114490969 -0.345353465290533 -0.768613540339308
-9999 -9999 -9999 -9999 -9999 -9999 -9999 -9999 -9999 -9999 -9999 0.246172572582261 0.0563817927067351 -0.112801547952123 -9999 -9999 -9999 -9999 -9999 -9999 -9999 -9999 -9999 -9999 -9999 -9999 -9999 -9999 -9999 -9999 -9999 -9999 -9999 -9999 -9999 -9999 -9999 -9999 -9999 -9999 -9999 -9999 -9999 -9999 -9999 -9999 -9999 -9999 -9999 -9999 -9999 -9999 -0.312889200993195 0.0126036769687195 -0.0834923953240105 -0.154670988530299 -0.180883571098029 -0.205822911966082 -0.26529288632447 -0.327610726545352 -0.379347745003289 -0.369050532801482 -0.356040367581449 -0.736699930916343
-9999 -9999 -9999 -9999 -9999 -9999 -9999 -9999 -9999 -0.732110274055742 -0.113117400569748 0.0503215681937968 -0.130213771364804 -0.0936086976417101 0.0341251388758713 -9999 -9999 -9999 -9999 -9999 -9999 -9999 -9999 -9999 -9999 -9999 -9999 -9999 -9999 -9999 -9999 -9999 -9999 -9999 -9999 -9999 -9999 -9999 -9999 -9999 -9999 -9999 -9999 -9999 -9999 -9999 -9999 -9999 -9999 -9999 -9999 -9999 0.0615900650817714 -0.0760208509433374 -0.139942422165776 -0.177578297681748 -0.192826191215413 -0.253115735367033 -0.297805113301754 -0.299779251924115 -0.345856467751454 -0.381809068108616 -0.377731806615645 -0.354772521708658
-9999 -9999 -9999 -9999 -9999 -9999 -9999 -9999 -0.483456660054355 -0.52412411791829 -0.171088864669937 0.0905707306809046 -0.0201076380173286 0.0286020171209653 -0.0486092993763657 -0.333395620209351 -9999 -9999 -9999 -9999 -9999 -9999 -9999 -9999 -9999 -9999 -9999 -9999 -9999 -9999 -9999 -9999 -9999 -9999 -9999 -9999 -9999 -9999 -9999 -9999 -9999 -9999 -9999 -9999 -9999 -9999 -9999 -9999 -9999 -9999 -9999 -9999 0.0581814224958001 -0.0976294117423049 -0.190555577315436 -0.230368509346633 -0.239677125180612 -0.261895648707696 -0.265201252097067 -0.288766236612868 -0.3241025603721 -0.355652689478621 -0.376515464022475 -0.343886513119663
-9999 -9999 -9999 -9999 -9999 -9999 -9999 0.54645942808266 0.744807175508701 0.969398502785005 0.980913813876117 0.0582998621691075 0.222939762120939 0.246529031698555 0.16132231760902 -0.036408390524285 -0.601080229389983 -9999 -9999 -9999 -9999 -9999 -9999 -9999 -9999 -9999 -9999 -9999 -9999 -9999 -9999 -9999 -9999 -9999 -9999 -9999 -9999 -9999 -9999 -9999 -9999 -9999 -9999 -9999 -9999 -9999 -9999 -9999 -9999 -9999 -9999 0.190117160781478 0.0890760280410404 -0.0487977325742824 -0.175055782050385 -0.198363727687607 -0.232649588742811 -0.226028057417852 -0.257432342015454 -0.233477591030245 -0.236194458414396 -0.286501760618618 -0.319363064208507 -0.270752683429683
-9999 -9999 -9999 -9999 -9999 -9999 0.257056735176109 0.313884270312212 0.403088973174809 0.520048094993374 0.698030124269982 0.906053455358697 0.840526425120607 0.90308440329099 0.788904566883101 0.0443889738386452 -0.315909750595654 -9999 -9999 -9999 -9999 -9999 -9999 -9999 -9999 -9999 -9999 -9999 -9999 -9999 -9999 -9999 -9999 -9999 -9999 -9999 -9999 -9999 -9999 -9999 -9999 -9999 -9999 -9999 -9999 -9999 -9999 -9999 -9999 -9999 0.145325118031629 0.183174092869602 0.126811378766059 -0.0281763825999383 -0.185153910991686 -0.188362002267562 -0.199081701517449 -0.189658798006699 -0.204113676870999 -0.209226470150749 -0.200580776203344 -0.204532492678144 -0.184378064117932 -0.166186538823199
-9999 -9999 -9999 -9999 -9999 0.132289467810116 0.154996494843309 0.154935963686304 0.199945150164553 0.178328967505339 0.391788254455786 0.596145656918235 0.830914771934774 0.515346349975255 0.46535165401332 -0.210955670023827 -0.464866680280319 -0.60205398542818 -9999 -9999 -9999 -9999 -9999 -9999 -9999 -9999 -9999 -9999 -9999 -9999 -9999 -9999 -9999 -9999 -9999 -9999 -9999 -9999 -9999 -9999 -9999 -9999 -9999 -9999 -9999 -9999 -9999 -9999 -9999 -9999 0.133114109293499 0.177056203488527 0.229789680243345 -0.00328993401845207 -0.157212061501589 -0.180531198737975 -0.174976035421744 -0.137944199607031 -0.16833805159436 -0.181811265719532 -0.15951152712799 -0.119403175110406 -0.102437052893337 -0.129378751386428
-9999 -9999 -9999 -9999 0.0967902465543865 0.0963976441796308 0.0131289510946261 0.0074613685411854 0.0222626406757038 0.0316777131451084 0.158896311719621 0.403438450524108 0.470701092220333 0.255485775732267 0.287707063345279 0.142049382389853 -0.628975407439775 -0.612309554577935 -9999 -9999 -9999 -9999 -9999 -9999 -9999 -9999 -9999 -9999 -9999 -9999 -9999 -9999 -9999 -9999 -9999 -9999 -9999 -9999 -9999 -9999 -9999 -9999 -9999 -9999 -9999 -9999 -9999 -9999 -9999 -9999 0.103247248030009 0.12326602882709 0.168477868228871 0.0313902534358657 -0.0922080763220932 -0.149815798776969 -0.106310991913293 -0.0958137700512483 -0.15002208607258 -0.123724347208687 -0.0938642164548059 -0.0888791786653939 -0.0918425806786128 -0.121600289979538
-9999 -9999 -9999 0.261811821549486 0.091325029629464 0.07955544266343 0.104169516090078 -0.0392724912946029 -0.139978345954408 -0.0791197940727764 0.05672272364636 0.459213140961565 0.255081062106462 0.151230428439123 0.116088085188808 0.0186373999527222 0.214673697978292 -0.476796778770036 -0.421115084855229 -9999 -9999 -9999 -9999 -9999 -9999 -9999 -9999 -9999 -9999 -9999 -9999 -9999 -9999 -9999 -9999 -9999 -9999 -9999 -9999 -9999 -9999 -9999 -9999 -9999 -9999 -9999 -9999 -9999 -9999 0.0489629586817788 0.0659613765716941 0.097838934836686 0.0762847622239357 -0.0361008974985966 -0.0234633487403325 -0.0762428751138593 -0.0915886138332754 -0.0904482687081617 -0.124380587162629 -0.104437095635717 -0.0694372452973518 -0.0638850077067538 -0.0561867891936965 -0.386398993553511
-9999 -9999 -9999 0.328542008236145 0.0429706153982006 -0.00911565890739478 -0.074349219391133 -0.168294656167891 -0.222513880451809 -0.137811845697995 0.0651116249597214 0.687937595255571 0.163946179039386 0.161579266612662 0.0273300772358789 -0.0427415786378892 0.165059966373264 -0.475860531410586 -0.511665793722877 -0.388987920590529 -9999 -9999 -9999 -9999 -9999 -9999 -9999 -9999 -9999 -9999 -9999 -9999 -9999 -9999 -9999 -9999 -9999 -9999 -9999 -9999 -9999 -9999 -9999 -9999 -9999 -9999 -9999 0.118995665916294 0.0785315526105574 0.0335513157812942 0.0461481107791637 0.0393880567244668 0.0165866317558831 -0.00942724026688708 -0.0476827187684225 -0.0452577351556108 -0.0424404733936762 -0.0477959084913584 -0.0620426784997624 -0.0806048130777658 -0.0534638044635798 -0.0364493561413257 0.0133778585368135 -0.312565698387699
-9999 -9999 -0.204289179735768 -0.114841471693871 -0.308155651755069 -0.172730153617167 -0.188431121058091 -0.277766245028137 -0.287827268522708 -0.134177684584049 0.36249196633044 0.352020714151674 0.145064122389953 0.162882461392212 -0.0916197291432831 -0.0437061473219761 0.0960990840956162 0.427474747631987 -0.399703255423104 -0.362320948018482 -9999 -9999 -9999 -9999 -9999 -9999 -9999 -9999 -9999 -9999 -9999 -9999 -9999 -9999 -9999 -9999 -9999 -9999 -9999 -9999 -9999 -9999 -9999 -9999 -9999 -9999 0.159502110515334 0.130483062403057 0.0877685677648966 0.036185446096192 -0.0104239041835484 -0.00468689084080563 -0.00225121894766982 -0.0454601771688954 -0.0485752560421183 -0.056264146751017 -0.0608956394557847 -0.0393065528818665 -0.0354109328236849 -0.0406142240422686 -0.0342457945866434 0.0102532634837815 -0.320297439267347 -0.294271848065252
-9999 -9999 -0.57179536865641 -0.539062562054689 -0.559857812558925 -0.453572912689968 -0.395012367338643 -0.317059061784524 -0.241017853192082 -0.110077293393917 0.0533147363985576 0.142630689796853 0.301131681955212 0.230393586667349 -0.0504296746753339 -0.00844843508967199 0.111743369130425 0.370721763311791 0.536998566826232 0.550262892262103 -0.305932443493434 -0.10844186113158 0.0807408459846157 0.230509892367366 0.212747130417002 -9999 -9999 -9999 -9999 -9999 -9999 -9999 -9999 -9999 -9999 -9999 -9999 -9999 -9999 -9999 0.154391298648666 0.0900155561470977 0.0457921586413888 0.356285280293529 -0.152000521040847 0.254981426502794 0.180738312414492 0.0931400108719316 0.072022222480756 0.00183774432456986 -0.0530016065047213 -0.0373877096243458 -0.00755692087196444 0.0147008695146881 0.0143432029004368 -0.0126811028308638 0.0190776452364242 0.0258411261771256 -0.00249052925765828 -0.0146012046845556 -0.0222712022837519 0.0224509382863208 -0.406658305341545 -0.403783808452281
-9999 -0.448546547623216 -0.484938785561544 -0.547321897917462 -0.53387648462818 -0.560906283181992 -0.491260683259341 -0.33399980199588 -0.218780226673976 -0.154509908884188 -0.0522784489354955 0.257138050958278 0.459219006035825 0.274856555968153 0.15473484455065 0.0478423584498773 0.0949398351307985 0.318052767446613 0.45006872829191 0.470467830792184 0.526329732469209 0.0459496600882332 0.207334067459299 1.32728904850039 0.170956835195051 0.183954099987475 0.335565951517042 -9999 -9999 -9999 -9999 -9999 -9999 -9999 -9999 -9999 -9999 -9999 0.244852285352303 0.186426030726742 0.109290560555641 0.0788365089813291 0.0219615539001047 -0.0406272272640058 -0.0904258428038732 -9999 0.0840993991753755 0.062101826097555 0.0105998749090602 -0.0581493690152951 -0.0641789719599067 -0.103525486036854 0.00349516952049668 0.0606461505618276 0.0751314398299928 0.0754926869247849 0.0532523096365291 0.0390219208835074 0.0221409401247267 0.0158611156124346 0.0110644175498931 0.00832599503317569 -0.546416535530836 -0.606396317764904
-9999 -0.435233422993254 -0.50812491104182 -0.476419017848906 -0.497332410129758 -0.526954449800683 -0.421155773735627 -0.312035960554182 -0.204644118977465 -0.112056962121366 -0.141096988681554 -0.0251800853896386 0.514573985313232 0.429713281076117 0.0999565472149555 0.11352704312839 0.130227813522784 0.322538642120961 0.448127762899895 0.558854873799899 0.646075783883844 0.758776380642817 0.901005835769234 1.05040721077145 1.20880648389035 1.32096444614683 0.239866484193873 -9999 -9999 -9999 -9999 -9999 0.807999991508608 0.805060922586163 0.855483573750672 0.738087658989529 0.557361881854626 0.481705065176457 0.242364561682541 0.163753228792873 0.510072455483256 0.47825487193928 0.386317263284772 0.298415667583761 0.234184436130496 0.11072595904073 0.128155912466554 0.0828262576404549 -0.0169166482584235 -0.0937167313040657 -0.0846393721209498 -0.0594708327409758 0.0122971541100028 0.102951642652715 0.134190496606751 0.109985844244866 0.0763596309832717 0.0539283271713784 0.0456651858983479 0.0040472578147645 -0.00967037954177778 -0.511803993553905 -0.616074076705074 -0.635126371225476
-9999 -0.436900573029089 -0.448516368676457 -0.381333953999844 -0.451967426786357 -0.499031044144687 -0.478076660697777 -0.432259777652469 -0.303274184771177 -0.145006265740959 -0.0732853346263974 -0.238318903671273 0.293251999126382 0.762784041564261 0.534331423670018 0.27674353345798 0.440183248966244 0.410168315573982 0.469520797175117 0.581235559158647 0.588808511538743 0.57084190616002 0.581926672884354 0.658104289390059 0.860907490438313 0.952154943983315 0.0930853267071164 0.258977670614653 -9999 0.767985471639036 0.769332839923085 0.734519680333373 0.687598509521832 0.605677030730014 0.575843043679751 0.553033276336725 0.428801442203156 0.319048842165771 0.262350321590671 0.605936428176021 0.539875224327302 0.537161342905668 0.519560585619371 0.39027437261644 0.244981949556806 0.157832920733546 0.160044555463824 0.146564913327431 -0.00645780116862551 -0.0543232016303247 -0.0514718859019379 -0.0507777423101525 0.0626611156501877 0.114067230881167 0.183655847509484 0.155558846939528 0.119587392755536 0.101945829181034 0.0540354537096887 -0.00309518797321248 -0.0438235037923872 -0.0588448376475806 -0.500114436689029 -0.479081707374946
-9999 -0.358085953429625 -0.423486692298323 -0.385858506626245 -0.390408890931159 -0.474602334279656 -0.487460845465995 -0.423311332805236 -0.287513368926587 -0.061378374897844 -0.0574500170496482 -0.0657851441217533 -0.0252578748335977 0.609913747646913 0.697224942125031 0.687028516638973 0.631867342268532 0.636060887487611 0.526439121403371 0.490285919146487 0.466302822938254 0.476916908507182 0.52940628476436 0.540659932908924 0.595541357472559 0.691489520860763 0.82525260031663 0.331312484191926 0.568709796522699 0.663479869265593 0.671537472013985 0.559560896969848 0.50046921246727 0.460826498930702 0.393530175568194 0.29201498909324 0.217502602219971 0.145980323469013 0.135295138692485 0.538509259755688 0.541024586549324 0.560537790748908 0.0366636941385111 0.383339917336326 0.330905236998849 0.218454958120008 0.16307074566958 0.131863972165084 0.0565518021507265 -0.0127234136368382 0.0103508875072613 0.0194695020898706 0.0877799245847991 0.160229591063603 0.18800596844634 0.153233781665094 0.141609075896019 0.111303595342837 0.0529108392404972 0.00437925078824097 -0.0291821464079333 -0.0321634641461776 0.171400679294268 0.236749692148409
-0.401912793117832 -0.343775892128661 -0.291538815284086 -0.31320312182938 -0.361878481847666 -0.419291901995687 -0.430698782639266 -0.351995956505098 -0.274608531171798 -0.0592883146154801 0.0451760874134853 0.1732791434607 -0.00742312743280544 0.26368679585743 0.644666043739357 0.566500962877711 0.688914310225374 0.725281426772727 0.623315003256317 0.428514285648288 0.381759444981413 0.457688942871284 0.45885488591633 0.525870209207806 0.603890261409411 0.640528462842757 0.789429037261038 1.00288301979905 0.30639689034739 0.387208691272301 0.371602472403512 0.312753881085341 0.299012693294639 0.278860761676025 0.222020086539226 0.189912607816954 0.122230544478971 0.0268481999179522 0.47526320802033 0.427466340320488 0.455267797314636 0.494237220641189 0.0281672434550142 0.445493420098413 0.381512986345545 0.218007487057541 0.16690539265242 0.14400574538206 0.0917460321225362 0.0278693343666414 0.0109694354339085 0.0621909053191384 0.11173423162152 0.141647642791345 0.184640249237345 0.157044611800256 0.119218621640529 0.105304694138075 0.0374066942612506 -0.0299723431182737 -0.0364153974085724 0.0275056247202058 0.258556723055296 0.309280098663969
-0.151077087906811 -0.260443411506693 -0.215441788469309 -0.274885436606226 -0.317360486010295 -0.404806144608148 -0.441894102810405 -0.372543248220596 -0.323801364561243 -0.14234488585714 -0.0338739140801053 0.084606547604787 0.0879221364911914 0.113233793680901 0.458822606138914 0.581298330137773 0.498219225919885 0.582461561696365 0.602911523974005 0.488315591173725 0.456550729134684 0.484860616786894 0.450383235787629 0.40955284688976 0.581520851397254 0.696410114034534 0.812547098635423 0.906868621975777 0.956097388739832 0.930970691053857 0.923018865796142 0.935712975058407 0.862768327327515 0.200090991679641 0.7838989915304 0.145015649355769 0.131924228938066 0.106006427502801 0.502220751565405 0.445061240574213 0.428688965662933 0.474347052059892 0.0252663500470953 0.431197212763443 0.406556646854288 0.198887675040509 0.145888357983494 0.151738985374023 0.125188318422144 0.0438224477859636 0.0341121381376137 0.0647090576495087 0.0861439359450715 0.155269272399302 0.192452363781762 0.162934338348464 0.148859927321052 0.116473131212354 0.0279495681527575 0.0216355986044692 0.0489946122040558 0.135019454666977 -0.256119256347258 0.284841564980837
-0.158243077996615 -0.212673315261582 -0.248912010933073 -0.194022534076074 -0.201423456635485 -0.367859529727472 -0.444151457874425 -0.385416358995381 -0.321406324418189 -0.216793015916704 -0.141706177964261 -0.0690263993442188 0.0365472000932455 -0.00464251813244818 0.222476383240371 0.403782847479417 0.582196659138091 0.411383105263552 0.500435630402073 0.502043789253159 0.58268310663259 0.533357717914803 0.537659254708299 0.536271868537029 0.675267085310354 0.819546587310615 0.911702652660378 0.950314531909986 0.964163878509636 0.852606254572854 0.854913872032511 1.01782788830706 1.01029682266541 0.939616797048975 0.971221700982289 1.03014285759621 0.293326321745314 0.278150001074229 0.638392383301404 0.602717218740635 0.463982600614152 0.457774510268077 -0.00889039469017498 0.123858981816922 0.377019722494673 0.273706059556163 0.183201807266891 0.186504880056907 0.174130588440352 0.121618098693351 0.0737947064355607 0.0594366672151017 0.114755436642979 0.153187088609153 0.214110138503516 0.200005945019875 0.160387648719023 0.0642793405517695 0.0367497208758673 0.0874933000887479 0.105380858018 -0.342880319670991 -0.312034504234934 -0.25726527258585
-0.207967562512449 -0.13071233574926 -0.164371017483522 -0.141784874285008 -0.240974677900816 -0.299221340904491 -0.375859272124186 -0.338081298015077 -0.248999290072808 -0.305471809120467 -0.14967157529998 -0.238075907422949 -0.177924125779851 -0.0629267690292069 0.17741757358169 0.250450891499393 0.421688828588871 0.402648828231116 0.696176680999216 0.575439321080842 0.511422697664442 0.510253910526483 0.563187283035955 0.728008167807669 0.836687697859918 0.954816528912215 1.04619617183926 1.18748873774997 1.10465500120824 1.02143020880659 1.03703237559636 1.0685665808065 1.03089596431741 0.971133355458828 1.0864204299905 0.96650699754502 0.87460793635487 0.674085666496184 0.448296801912592 0.407313770552428 0.391236405812317 0.365264976736682 -0.262788475176819 0.315200295935919 0.299546137311635 0.261542967345224 0.183555343822911 0.146675015221297 0.125541341995674 0.127812322086396 0.0904448681764554 0.0712720958816954 0.0787830205448659 0.113001475084447 0.189007076719749 0.201982536396612 0.124660240431813 0.0759377950174587 0.107324858631925 0.135682355799221 -0.334629356444057 -0.328637586714806 -0.172825845081068 -0.226825585584159
-0.234116531403484 -0.157653958463436 -0.123127373120498 0.000282055168390521 -0.0912048284265529 -0.217022801997628 -0.322414466158397 -0.272966145306648 -0.346378728208198 -0.32385667655013 -0.226670950500385 -0.329457639638633 -0.263210503373686 -0.193854557024365 0.0565946030537418 0.181931460108519 1.00155562463742 0.304753330710389 0.58475586744248 0.569875005852319 0.49111560689908 0.620059885699924 0.570563681575552 0.67797685052395 0.87117359629056 0.965347646886347 1.05565164671745 1.26276399940635 1.06037011665938 1.05973476553366 0.972046850765393 0.815765289992337 0.755361939777776 0.642641470527756 0.592586022265686 0.492551088846123 0.439863170583919 0.405651270787164 0.13389941211644 0.119475275463179 0.292450793851298 -0.480317525494101 0.120713772990162 0.118779230795402 0.156911943328731 0.187285343406084 0.175934726017517 0.179353862006324 0.164799729373422 0.11759320255697 0.116858168551428 0.0936396162584367 0.0454884994753224 0.0273923764324364 0.0714617293396327 0.175924361010716 0.137237009058868 0.114461664968506 0.114337247929328 0.157970131894272 -0.225160679917283 -0.180606122485232 -0.30469585145977 -0.328935216082867
-0.363802662208481 -0.213635625005208 -0.0916618155675343 8.52650405032851e-05 -0.0218211729274466 -0.0527551442330662 -0.252809699535802 -0.327624537753074 -0.213012938954744 -0.197926307638231 -0.415231616571628 -0.396513297871794 -0.268186230894806 -0.138585688193579 -0.226154207302917 -0.008362272056544 0.858826738956556 0.237486620773412 0.427645556268184 0.539067371563827 0.492669056037495 0.622345330442878 0.539196337976452 0.611824809754563 0.738446369268896 0.816102757626575 0.910028152756126 0.887356834430665 0.71791007539113 0.766848594962385 0.600718794046337 0.384250648989428 0.371125427163387 0.284137751976489 0.237218899015599 0.118228908322001 0.0626748890343359 0.0759891212525633 -0.0684772792037586 -0.181366313999184 -0.0595190681961881 -0.0789055435748047 -0.142179681010265 -0.0988385288738918 -0.0502883594994608 0.0535336555542163 0.125906661683592 0.098932957652062 0.123016534180262 0.195347222071318 0.161184150843384 0.18058555142974 0.135581422811024 0.098568038254324 0.107482852586477 -0.245202087955508 -0.213847663126977 0.183185861123524 0.1693342471216 0.236409516995757 0.365131451312899 0.676658424257378 0.706477850049586 0.474286749774001
-9999 -0.223170032127439 -0.347749643839916 -0.0906494893359942 -0.178660592163596 -0.0294950912362342 -0.136294854749261 -0.28260636049621 -0.359342014622638 -0.228176225362619 -0.507972962446762 -0.457147876566449 -0.18459830157298 -0.12903998762361 -0.343003294369821 -0.154922105105894 0.00249252950871789 0.101777357777687 0.268203709756152 0.292581225987503 0.540696420080653 0.378057049778579 0.430906727995421 0.438379624866845 0.34835574621407 0.418632970675266 0.664176227986621 0.627778979012184 0.400667629202188 0.318277298597882 0.196828524963329 0.124419281408534 0.0439574566645323 -0.00418030785787976 -0.0974688837511066 -0.169128106005364 -0.280452127002978 -0.154586723566607 -0.00159520351015501 -0.0667895798837002 -0.208250951924619 -0.219941177459261 -0.249012606501518 -0.208401542720012 -0.097420360984909 0.0111730820300956 0.070952271396327 0.103142747371397 0.097658072117028 0.0972126367367001 0.220683228125315 0.227177251203563 0.254705373823491 0.200515757598618 0.240145734360546 -0.174410507004086 -0.207245450187535 -0.197358510951764 0.187086134009881 0.23872111633459 0.586319982048287 0.830823432219499 0.954170545614855 0.60375293104512
