data/pcas/current_cal/PC05.asc
NCOLS 366 
NROWS 318 
XLLCORNER -99.1666666666663 
YLLCORNER -31.5000000000002 
CELLSIZE 0.166666666666667 
NODATA_value -9999 
[rows 84 to 111 of 318, columns 128 to 191 of 366]
3.17454312105933 2.69149590548384 2.21194639144767 1.66145090911852 1.45541332374671 1.40669212232498 1.51601923515252 1.64428507741063 0.992287120324346 1.09847659611715 0.781276163846945 0.82880304287347 0.21438683254472 0.122399530698733 0.037532052191596 -0.00797691136439296 -0.0335763403579075 1.47383276589702 1.62880753208486 1.33915880722751 -0.0178662235795402 -0.186497794400822 0.883358765901157 1.08930141204258 0.879400610089562 0.706391585405904 -0.355432101465633 -0.574575779667108 -0.358599345778852 0.343429219096703 0.169396599760797 0.0943427684806846 0.300575038381112 0.0871725482269328 -0.527668690793331 -0.754447423037635 -0.734333741515991 -9999 -9999 -9999 -9999 -9999 -9999 -9999 -9999 -9999 -9999 -9999 -9999 -9999 -9999 -9999 -9999 -9999 -9999 -9999 -9999 -9999 -9999 -9999 -9999 -9999 -9999 -9999
3.30102690188241 2.78462184754431 2.34999523829373 1.84293192598845 1.5466401834669 1.37841169959704 1.49421631172393 1.61860231064818 1.27724446307417 0.24224341283404 0.77001391423063 0.167574197141925 0.173731387521039 0.130185287579401 -0.00250763947323803 0.0982355974315116 -0.017854463588269 -0.0717303515583676 0.427638591531286 0.333886844866237 -0.124629860794791 0.906610826611565 1.01157599326155 1.07165250010391 0.747844952186101 0.436107131835495 -0.156791804997103 -0.704161859380038 -0.626061315119942 0.391169348747117 0.560890431543621 0.195853348279276 -0.217946980540223 -0.154260698930111 1.27708476303784 1.55028363402512 1.30563569292595 1.32025453855386 -9999 -9999 -9999 -9999 -9999 -9999 -9999 -9999 -9999 -9999 -9999 -9999 -9999 -9999 -9999 -9999 -9999 -9999 -9999 -9999 -9999 -9999 -9999 -9999 -9999 -9999
3.16073483643942 2.70731564306634 2.22958393418939 1.67695273580869 1.36925559219963 1.25750475695773 1.17303143423189 1.33824693988278 1.17906012061076 0.72282136180925 0.12447931493568 0.135261679952559 0.618861565032868 0.0409642383374063 0.115348069155893 0.0489722894788972 -0.12120474425066 -0.201713895095587 -0.205358520672112 -0.199926862494149 0.0984481335890527 0.969223177529885 0.986290159787354 0.861620845843942 1.22074571841279 0.135421954625228 -0.436667934805984 -0.439187945134388 -0.503104965729971 0.428710888677578 0.624486032192778 0.313962627952765 -0.136815969456246 -0.720715705203181 2.17236930234936 1.48287325763332 1.26237079203486 1.27035907638993 1.32614859797324 -9999 -9999 -9999 -9999 -9999 -9999 -9999 -9999 -9999 -9999 -9999 -9999 -9999 -9999 -9999 -9999 -9999 -9999 -9999 -9999 -9999 -9999 -9999 -9999 -9999
2.91357484689423 2.59206665575003 2.12871037123504 1.53606677413839 0.978138703599377 0.805551536395373 0.823647963983075 0.939877089681617 0.873635730692655 0.790608295035141 0.538725841577496 -0.0344806342277509 -0.0375150720952331 -0.0295745265605402 0.0371626119153485 -0.0615649578586301 -0.195885154059604 -0.189865307245806 -0.329389854273629 -0.429131394789508 0.788840757669593 0.843272822186418 0.828310227801296 1.32646858016846 0.898568998886026 0.534024640730669 -0.285732296854536 -0.210380577055551 -0.278048135324816 -0.10586063722885 1.10671916724473 1.2254307344783 0.00888025605217821 0.742624831106175 2.21988777793416 1.7240773113593 1.3335087207391 1.3313857121443 1.38824000170987 -9999 -9999 -9999 -9999 -9999 -9999 -9999 -9999 -9999 -9999 -9999 -9999 -9999 -9999 -9999 -9999 -9999 -9999 -9999 -9999 -9999 -9999 -9999 -9999 -9999
-9999 2.33612692101254 1.94497827570878 1.2643499005739 0.466737352853763 0.220284966100352 0.233189832816836 0.674735808793383 0.695221776384441 0.524977882074214 0.440874711838241 0.325899967996814 -0.0839073745094659 -0.069837209623798 -0.0710769276525799 -0.185474161187654 -0.323445593709419 -0.23411384122728 -0.418519197756237 -0.634206385035104 0.477218953203845 0.582290837396669 0.629657199879529 1.13390130739407 0.794016981062253 0.492832803816089 -0.2034945151409 -0.119388730973217 -0.0957959922559087 0.0847131765401069 0.237643476806126 1.36640407641777 1.37004976536035 1.09921969833742 1.60173052823423 2.13613421004206 1.53515214257876 1.4507685811812 1.44912241343987 1.43301776288874 -9999 -9999 -9999 -9999 -9999 -9999 -9999 -9999 -9999 -9999 -9999 -9999 -9999 -9999 -9999 -9999 -9999 -9999 -9999 -9999 -9999 -9999 -9999 -9999
-9999 2.09657918017983 1.49340816978345 0.95235089811659 0.00156163490287855 -0.51834323740347 -0.403679164169078 0.195368923583496 0.355418266864228 0.465771053854542 0.0263201917494311 0.265573127648409 0.207363374266301 0.050698691275785 0.0312333679396316 -0.344501378885248 -0.367449648816075 -0.369046148282814 -0.500035456115098 -0.089226060886432 0.201778534004228 0.322900100693987 1.12920667482447 0.946693211020619 0.7047317185295 0.730519330396465 -0.0174043838332086 -0.0207699002543846 0.295438378418519 0.408973620725089 0.336896028294298 0.34912012507217 1.87904253087476 1.91105946019284 1.70146119968114 1.84207328621676 1.71767275539504 1.48419335420541 1.48056495269783 1.48430833307926 -9999 -9999 -9999 -9999 -9999 -9999 -9999 -9999 -9999 -9999 -9999 -9999 -9999 -9999 -9999 -9999 -9999 -9999 -9999 -9999 -9999 -9999 -9999 -9999
-9999 -9999 1.40516267015596 1.03526575891855 -0.0783922361807253 -0.7489935066023 -0.864618262380196 -0.254328860834038 0.164318776216391 0.443357671678294 0.0584550740970801 0.230058170535239 0.0614079984811874 -0.0274994998176093 -0.238721918449953 -0.361466889307999 -0.423579517257836 -0.440629197145477 0.09056576977472 -0.265657480968114 -0.0750806881974844 0.0498714816080946 0.838952754356156 0.731865569817114 0.684288193161433 0.341777129048787 0.517689839891514 0.390765918898486 0.198921007605377 0.236258142266489 0.16597623296532 0.352445469294624 1.4663652001157 2.42621447604127 1.67811555028057 1.69205329664744 1.64197515696617 1.50378901638721 1.49899736872823 1.49279256607371 1.48494505738712 -9999 -9999 -9999 -9999 -9999 -9999 -9999 -9999 -9999 -9999 -9999 -9999 -9999 -9999 -9999 -9999 -9999 -9999 -9999 -9999 -9999 -9999 -9999
-9999 -9999 1.693733596465 1.14644032199486 -0.0730685913304554 -0.801664003719657 -1.07221726338109 -0.713670664093157 0.0423434216413619 0.269424954478235 0.348147270281219 0.0851785699517354 0.129564300328681 -0.334410649573409 -0.125356976225354 -0.435661217604886 -0.545005999620341 -0.414125612357001 -0.14053166248738 -0.442748620634929 -0.173305075185704 -0.0995244557355517 0.615958884565513 0.639402529296617 0.329583451610333 0.361160344006921 0.503232592776292 0.129946851077667 -0.359650641898307 0.0798935741521959 0.500229433633172 0.493359830889571 1.58820418717921 1.25963661726056 1.09730606257229 1.66324699463832 1.58830806938572 1.49644701105719 1.49921149544507 1.46334616106181 1.47027482608324 -9999 -9999 -9999 -9999 -9999 -9999 -9999 -9999 -9999 -9999 -9999 -9999 -9999 -9999 -9999 -9999 -9999 -9999 -9999 -9999 -9999 -9999 -9999
-9999 -9999 1.50100555645834 1.02806242879486 0.048153873425751 -0.91341007547163 -1.35307682343904 -1.05505442249664 -0.00039113313469429 0.164667921933045 0.38705261132442 0.134153399676361 0.139547511427895 -0.154847453988536 -0.170007706383337 -0.363023320594664 0.321395811249438 0.342879589887644 -0.210709984858647 -0.411492111732629 -0.160588404389993 -0.121951718552327 -0.0277865599197791 0.0104027600213903 -0.235348732965665 -0.450264387929852 0.210669278340467 -0.287175824214457 -0.0759268626431567 0.52601839101768 0.565860493964907 1.0962209351363 1.32618802119469 0.7027652954741 2.40269629744431 1.73054438482346 1.55187390693753 1.49817315509671 1.49936096629102 1.45996854825197 1.47219561103128 -9999 -9999 -9999 -9999 -9999 -9999 -9999 -9999 -9999 -9999 -9999 -9999 -9999 -9999 -9999 -9999 -9999 -9999 -9999 -9999 -9999 -9999 -9999
-9999 -9999 0.0423184143990591 -0.345312102438265 -0.973152938892744 -1.62114676114566 -2.06700942955961 -1.10817272744648 -0.124927409937355 0.158264126695963 0.251871342161266 0.100892252931525 0.175679083235048 -0.309478480955676 -0.130868375235537 -0.381328101014212 0.260689307642777 0.211928322755538 0.0155744144106588 -0.148117723303356 -0.0118202026558942 -0.0247231652456642 -0.0421977987644165 -0.119252691962927 -0.751736651005907 -0.893465031898594 -0.2062091929122 -0.0223820816152242 0.357283285891218 0.355865616377594 0.952429288272613 1.64406397777318 0.596531688164567 0.985237068033385 2.57574360998265 1.70028402568113 2.26296395156927 2.21208167102761 1.47306543494225 1.46582258733436 1.44620687451651 1.44120854736598 -9999 -9999 -9999 -9999 -9999 -9999 -9999 -9999 -9999 -9999 -9999 -9999 -9999 -9999 -9999 -9999 -9999 -9999 -9999 -9999 -9999 -9999
-9999 -9999 -9999 -0.562403976307627 -1.00580332743615 -1.51455320559366 -1.89048619170172 -1.7929468301596 -0.171626357385184 0.21618992371784 -0.412926798798604 -0.019843121318996 0.208434556586882 0.0535767584713148 -0.263691492932073 -0.257265047204145 -0.645820385827429 0.133952603007287 -0.0100160733814983 0.42098699367657 0.308242077502191 -0.652018480778801 -0.742398947162209 -0.439436271792246 -0.241753345401991 -0.134105003042166 0.251761204294737 0.359293715158429 0.325247612833919 0.385751076840707 1.40244938883162 0.646178942155269 0.796746850067828 2.4692333613604 2.69143716009347 2.40452823139131 2.22000930363553 2.1054419349642 2.05302326853413 1.38897183838882 1.39800827671081 1.41047786364963 -9999 -9999 -9999 -9999 -9999 -9999 -9999 -9999 -9999 -9999 -9999 -9999 -9999 -9999 -9999 -9999 -9999 -9999 -9999 -9999 -9999 -9999
-9999 0.214136716692873 0.0240585721941484 -0.0363384744486964 -0.938536629866094 -1.49276451486546 -1.78821489436247 -1.67163876046682 -1.33064771682958 0.408011314337623 0.106050017502682 -0.396258394862591 0.115758494311947 -0.0401803186713318 0.0931970733214791 0.0827591808957005 -0.127929264744579 0.0906668852430293 0.423380048300277 0.140703772317858 -0.617452401640441 -0.81983842493658 -0.812829493366965 -0.441165348612471 -0.193300436417891 -0.112258938748585 0.360004712277773 0.586497376350702 0.788338290091017 1.0537386448219 1.53748091863473 1.0851537513254 1.5972878809034 2.7579440966252 2.39390008678719 2.2227815908597 2.11581465355877 1.41901403147504 1.35993168402343 1.90225487245052 1.3351844222447 1.3267461084258 -9999 -9999 -9999 -9999 -9999 -9999 -9999 -9999 -9999 -9999 -9999 -9999 -9999 -9999 -9999 -9999 -9999 -9999 -9999 -9999 -9999 -9999
-9999 0.290965555283522 -0.27720831385822 0.133621229241057 -0.839886814434021 -1.41227905410311 -1.66789938462972 -1.41586794244398 -1.13022184876493 0.400578024692968 -0.0357466301505871 -0.0308660000686799 0.536942667349564 -0.236966851231324 0.31578251535111 0.317462471684895 0.379277509714908 0.517502734224349 0.177909032876523 0.358644521416243 -0.679231184877396 -0.812528152850221 -0.617706088830443 0.00148686573721344 0.23878853820686 0.53711679951076 0.717371424723852 0.967226464838284 1.21181904671966 1.52696517422987 1.61053244005187 1.81242124083482 3.33294575484134 2.45930084421981 2.20820329012973 2.10163489798712 2.0029320533498 1.88053803384587 1.24895459747585 1.79929345480091 1.82108158345655 1.27658090189316 -9999 -9999 -9999 -9999 -9999 -9999 -9999 -9999 -9999 -9999 -9999 -9999 -9999 -9999 -9999 -9999 -9999 -9999 -9999 -9999 -9999 -9999
-9999 -9999 -0.329348668019547 -0.275189189633051 -0.71145727350071 -0.946743904883918 -0.352740148409006 -0.694244795562705 -0.817527290934019 0.0924874867981947 -0.375580093537003 -0.0247525206052813 -0.26181079689761 -0.351426520007153 0.45038872150692 0.384231187057854 -0.461095356728126 0.471256655887705 0.213384833613583 0.446450600703339 -0.54217158362107 -0.531433851455322 0.0511441777157745 0.460256936705858 0.378589609134873 0.634817545614504 1.04411363745248 1.34711111561208 1.5972043207589 1.9661650421825 2.65168237721941 4.05924402957619 3.01826081258332 2.3444053608495 2.12507146752153 2.02938442467289 1.90779272853336 1.25142880675298 1.1934407723566 1.17853345217633 1.75019777567846 1.83386804906461 -9999 -9999 -9999 -9999 -9999 -9999 -9999 -9999 -9999 -9999 -9999 -9999 -9999 -9999 -9999 -9999 -9999 -9999 -9999 -9999 -9999 -9999
-9999 -9999 -0.00993012000379314 -0.373129278391491 -0.660309920430943 -0.850661238497455 -0.572842411276308 -1.11970612290896 -0.580279379386754 -0.46364927356232 0.302482671383278 -0.291662282709618 -0.396579232734151 -0.00528268776251752 0.468628317845447 0.407234990526016 -0.201830101175847 0.173869546369998 0.00838724067901326 0.622186825806781 -0.4742182502107 -0.140848716364592 0.257376351126851 0.321276285685849 0.575169242868507 0.698337725007205 1.24171445574693 1.94885440964072 2.4130311369516 2.77228491765966 3.94462276661666 3.29401149709254 2.41724383437383 2.20242753866949 2.09443690564492 1.99012792131498 1.231688534426 1.1587801475587 1.11165253246605 1.02056868061022 1.65923746152862 1.80496265727857 -9999 -9999 -9999 -9999 -9999 -9999 -9999 -9999 -9999 -9999 -9999 -9999 -9999 -9999 -9999 -9999 -9999 -9999 -9999 -9999 -9999 -9999
-9999 -9999 -0.201697642019441 -0.331751337627462 -0.589966560095908 -1.12552241930695 -1.61346846338485 -1.17683129468169 -0.547271855978136 -0.460817686048759 -0.0304557079194453 -0.566457317453146 -0.454276216067704 -0.0719335806993159 0.44233365080225 0.444252495093395 -0.124124697433085 -0.0876289556201543 -0.15426306925739 -0.299882737426497 -0.139907056595272 0.0754665313903851 0.199534998130975 0.320778340610918 0.854307336718135 0.910755307935354 1.74729601296007 2.46722128609953 3.92351211949864 4.14625637376387 3.18513866314326 2.41877930406842 2.17389679106121 2.12025397994781 2.05402706821103 1.96213836789015 1.82776449050394 1.10630813077953 1.00675855357966 1.45733885347714 1.60613886613418 1.83778803059316 -9999 -9999 -9999 -9999 -9999 -9999 -9999 -9999 -9999 -9999 -9999 -9999 -9999 -9999 -9999 -9999 -9999 -9999 -9999 -9999 -9999 -9999
-9999 -9999 0.124451706385577 -0.275690528969488 -0.609879323322123 -1.0860520972064 -1.50977120947846 -0.969055156747845 -0.451699991547481 0.0464855737479278 -0.236312761918038 -0.636342066032046 -0.39154554848472 0.0561679857208537 0.805237931827537 0.542562442178431 -0.090050469489081 -0.264336579363564 -0.043138375219947 -0.322290152250881 -0.0309728984275937 0.15483721877016 0.123136693803695 0.501503878364576 0.881557835181337 0.898143509124433 2.20099017886722 3.97054406982997 3.68863767922801 3.07972242484053 2.46904759323681 2.39282635882818 2.2328179892435 2.15976143442695 2.08798733321045 2.0176953422405 1.91903457011748 1.77083300330312 1.11270483069456 1.54586185822472 1.73037020935971 2.02081441187987 -9999 -9999 -9999 -9999 -9999 -9999 -9999 -9999 -9999 -9999 -9999 -9999 -9999 -9999 -9999 -9999 -9999 -9999 -9999 -9999 -9999 -9999
-9999 -9999 0.36437931975706 0.183892133740561 -0.481348459514567 -0.890395605823111 -1.2217148807732 -1.17127396759685 -0.202317001675035 -0.111846847160073 -0.467773737711788 -0.582514707816511 -0.2771067580711 0.036249722885005 0.564745255480941 0.305356405799689 0.156418974393006 -0.33389466321273 -0.222973686587474 -0.551872032228256 -0.359782986261049 0.123486612032577 0.279645736834144 0.314599438645485 1.04812299147897 1.24344636084645 2.63467677683794 3.96972944427344 2.93637261589382 2.4624695377593 2.39186390988854 2.45754749126294 2.38574058218657 2.23539466337758 2.11475730484089 2.06363389795818 2.02331675468667 1.33488858298006 1.36972906115969 1.42442610344989 2.12093208029643 2.39551482153093 -9999 -9999 -9999 -9999 -9999 -9999 -9999 -9999 -9999 -9999 -9999 -9999 -9999 -9999 -9999 -9999 -9999 -9999 -9999 -9999 -9999 -9999
-9999 -9999 0.419478937886853 0.0912805902230987 -0.391379306579634 -0.813359815134841 -1.12838577460681 -0.910380461872826 -0.183102817153257 -0.0513839796541109 -0.332313376978172 -0.187196172866794 -0.35376850238384 0.320027684592803 -0.190873241060257 0.0441112106346504 0.0362028796172162 -0.0973594023474905 -0.178872602474776 -0.643049771863977 -0.174166636192531 0.394680652099443 0.495347237941502 0.324658229657348 1.06451704983581 2.50180929853789 3.56112730733713 3.15765029952334 2.37327985784852 2.34488618870241 2.46362250421581 2.61118124843118 2.49889240256857 2.3040565149631 2.17571140898911 2.17622099350096 2.15730673108417 1.47433899016593 1.56281424509161 1.55707304793185 2.3463156011483 2.51179338666092 -9999 -9999 -9999 -9999 -9999 -9999 -9999 -9999 -9999 -9999 -9999 -9999 -9999 -9999 -9999 -9999 -9999 -9999 -9999 -9999 -9999 -9999
-9999 1.17556424113732 1.08516956949309 0.707038629505436 -0.258105875965511 -0.680880174486265 -0.924196890299684 -0.30719653960153 0.20059319162096 -0.347733041949847 -0.282003096316856 0.116073170499395 -0.0534278790438543 0.821581499155749 -0.109853696364515 0.219807266189557 0.0772402090148475 -0.124970466639466 -0.0906211270268055 -0.493689785683239 -0.252881504848679 0.58297114176391 0.713986242177001 0.595298586800584 2.23021682960693 3.31271925737689 2.62178794956442 2.24281339871814 2.28390201971771 2.38387504078639 2.44100851526838 2.68873078236129 2.59914944952229 2.38722325704639 2.27094095321442 2.27192697535041 2.28213854786964 1.56266620281038 2.29879500297936 2.33060136875014 2.37707110817056 2.44178448597525 -9999 -9999 -9999 -9999 -9999 -9999 -9999 -9999 -9999 -9999 -9999 -9999 -9999 -9999 -9999 -9999 -9999 -9999 -9999 -9999 -9999 -9999
-9999 1.30805893457391 1.36169111651423 1.12402028833707 0.29045318802716 -0.422126708699914 -0.176528009553711 0.236107964147749 0.0646082926098163 -0.329290269309871 -0.333377370231444 -0.0945696386594635 0.565328070952447 0.198756509049319 -0.156165174762592 0.28760792959134 -0.0299838322872471 -0.0679549165272296 0.296772339917436 -0.1324980373941 -0.0421569945252465 0.992135511935923 0.859393973024897 0.815671610055567 2.77200316768659 2.17895041604845 1.98547334227244 1.89712593716203 2.09207214983757 2.28518408700592 2.25560259848881 2.38778929553531 2.42924671141915 2.33825647597096 2.28591223428837 2.31653237786249 2.2811189475274 2.30176964345056 2.27598840116368 2.27764522244366 1.59426695760831 -9999 -9999 -9999 -9999 -9999 -9999 -9999 -9999 -9999 -9999 -9999 -9999 -9999 -9999 -9999 -9999 -9999 -9999 -9999 -9999 -9999 -9999 -9999
-9999 -9999 1.50071119388136 1.48673071565998 2.28950246855082 0.850054238265126 -0.0726898023977719 0.088415549677894 -0.277524813449119 -0.176160447508282 0.0869177016648856 0.553988664015245 0.414400005137572 0.0800008922402801 0.624832091226571 0.233811300636779 0.0510351525453308 0.153576348052933 0.677828005942633 -0.0165945715524717 0.345472294888641 0.985237941826579 0.839417831552441 1.65825983443448 1.96121513940648 1.87526164371412 1.80662901898844 1.78937487214716 1.98771813820495 2.04046300930049 1.88994544498528 2.08979100073538 2.25800520574787 2.25003332372218 2.29061583274222 2.27634496678331 2.28832593192448 2.30036606089863 2.28296770566772 2.2479961806175 2.2783625754435 -9999 -9999 -9999 -9999 -9999 -9999 -9999 -9999 -9999 -9999 -9999 -9999 -9999 -9999 -9999 -9999 -9999 -9999 -9999 -9999 -9999 -9999 -9999
-9999 -9999 -9999 2.41492311653214 2.36565925144561 0.940844867635503 -0.0741174850992177 -0.167788888100172 -0.398618947082905 -0.170567453349042 0.621220075413462 0.913341846327461 0.37641397932092 0.90035562184072 0.77101874331223 0.509932384009818 0.3715307691137 0.548999854347135 0.39667249923095 0.137036816290187 0.829702884790229 0.675577443191516 0.598762112580578 1.35761962701989 1.69492602533129 1.66001251813959 1.73402048190919 1.82354264527932 2.02262742051292 2.03468870079152 1.96157341232463 2.02046573033754 2.11263099771828 2.21660345285855 2.27027311453369 2.32094930760845 2.33064311500688 2.26610554182673 2.25976960327929 2.28174807718815 2.30524511998971 -9999 -9999 -9999 -9999 -9999 -9999 -9999 -9999 -9999 -9999 -9999 -9999 -9999 -9999 -9999 -9999 -9999 -9999 -9999 -9999 -9999 -9999 -9999
-9999 -9999 1.67186647862539 1.90685045112204 1.75644943813811 0.280374768257844 -0.0759841015065735 -0.204041478404915 -0.329939545139238 -0.210403180039683 0.117142240664832 0.848993173066306 0.0689394909013211 1.14567124497477 1.0682768026246 1.28072616575488 0.627194570941989 1.14373840516371 0.149898806284761 0.177869233400083 0.231840655412991 0.520830281247132 0.995391453749376 1.75536559424961 1.37624352199774 1.5218477357897 1.66256658661425 1.8232007637955 1.99829033036793 2.04334951803751 2.00287697968316 2.05431244805545 2.12714825569099 2.19753754930709 2.27053273473873 2.27692151347583 2.29129272170153 2.30609735354446 2.31389174598836 2.30021168754013 -9999 -9999 -9999 -9999 -9999 -9999 -9999 -9999 -9999 -9999 -9999 -9999 -9999 -9999 -9999 -9999 -9999 -9999 -9999 -9999 -9999 -9999 -9999 -9999
-9999 -9999 0.101710426103252 0.205110507600315 0.747977584454395 0.0969543024026022 0.369866231044798 -0.271393530724143 -0.308796565030351 -0.247686002592656 0.629185528966384 0.636161576747962 -0.104363343960793 1.21743317265289 1.30511217557998 1.09111685688186 0.732239693101021 0.517126624152516 0.0820075794016948 0.243823286849891 0.357605786201985 0.745424736020776 1.54177010935271 1.67312310266958 1.58346964483271 1.47795422511645 1.62367328775015 1.83339575329441 1.97846094202128 2.0585974219893 2.09155089411923 2.11259265859211 2.1321134145473 2.2494178400151 2.30877316125233 2.33929638054773 2.33740306232996 2.34158955794696 2.32254418400782 2.32572011294828 -9999 -9999 -9999 -9999 -9999 -9999 -9999 -9999 -9999 -9999 -9999 -9999 -9999 -9999 -9999 -9999 -9999 -9999 -9999 -9999 -9999 -9999 -9999 -9999
-9999 -0.425807601108633 -0.477241480276868 -0.581107660502164 0.0386095864765562 0.139073917232134 0.569508451603589 -0.378993472046161 -0.65249329726561 -0.180970542086701 0.606754979795475 0.261650269977739 0.264131076786434 1.25234148091167 1.31151215073172 0.58085397503177 0.37621426163863 0.271255401952305 0.213160032347286 0.179131259589559 0.691922950279288 0.927108756531533 1.75206097523293 2.03671983855546 1.82824773661376 1.55767207817556 1.68717126712729 1.9131763685426 1.9952790890109 2.04008654353224 2.12714385937873 2.15636703807356 2.24007081949907 2.27303502838101 2.28502039000095 2.28737729207864 2.26215846887489 2.26761362562687 2.27111330358266 -9999 -9999 -9999 -9999 -9999 -9999 -9999 -9999 -9999 -9999 -9999 -9999 -9999 -9999 -9999 -9999 -9999 -9999 -9999 -9999 -9999 -9999 -9999 -9999 -9999
-0.651490788823005 -0.73932939951285 -1.07551953326781 -1.35625905695978 -0.117051372514926 0.00429376980626617 0.387693108902346 -0.30707602195379 -0.422359379820192 0.158937250305002 0.31886700565516 0.0244230373329466 0.0732531561574412 0.255244826571394 1.02234620811707 0.519449859292084 0.506962501252683 -0.0874412872836658 0.247619162081739 0.44177606165668 0.39570774019788 0.801233728018044 1.66137454282015 2.18530826524977 1.53483410775637 1.51132483253403 1.66806678968132 1.89401662352579 2.06972580105018 2.12587106803315 2.21069435983256 2.21394537909073 2.2252985575927 2.27657169802771 2.24883488116521 2.24637888825518 2.23247251489592 2.22896358536639 2.23172131621145 -9999 -9999 -9999 -9999 -9999 -9999 -9999 -9999 -9999 -9999 -9999 -9999 -9999 -9999 -9999 -9999 -9999 -9999 -9999 -9999 -9999 -9999 -9999 -9999 -9999
-0.796508801133868 -1.04034803617283 -1.63254337840456 -2.00893383532873 -0.621975560095433 0.451161349495227 0.104508980417725 -0.236431954659282 -0.0871943468361934 0.195633114330763 0.2625589283247 0.0926445168319967 -0.152775902755624 -0.132181178204908 0.757745213364177 0.520232170576946 0.166791018149044 0.0419936344175837 0.0873711628241803 0.550500246283925 0.406827598956365 0.724078541094336 1.36257864980854 2.07677965688491 1.39194314417264 1.42102895840329 1.66402904807897 1.90570773008588 2.02309911102766 2.07251493413895 2.19070816077927 2.21289708568067 2.25319072589892 2.20653589058327 2.21007552479054 2.19003591559475 2.18608970094109 2.15117175280408 2.16891982971047 -9999 -9999 -9999 -9999 -9999 -9999 -9999 -9999 -9999 -9999 -9999 -9999 -9999 -9999 -9999 -9999 -9999 -9999 -9999 -9999 -9999 -9999 -9999 -9999 -9999
