data/pcas/current_cal/PC06.asc
NCOLS 366 
NROWS 318 
XLLCORNER -99.1666666666663 
YLLCORNER -31.5000000000002 
CELLSIZE 0.166666666666667 
NODATA_value -9999 
[rows 232 to 260 of 318, columns 192 to 255 of 366]
0.883107788727057 1.0958189735766 1.11194710551572 0.879394225264051 0.607149623578998 0.670099789047921 0.532133168335971 0.549033029965822 0.627115223326021 0.875373136071077 0.177454786988967 -0.0236050751521135 -0.24524779004937 -0.817131555198664 -1.06739445611888 -1.15971010569497 -1.14724597218277 -1.15538141084391 -1.10059746758599 -1.03456544966703 -1.02204002779052 -0.936559249447264 -0.788756444737141 -0.628021826030592 -0.314575307483111 0.0386831792440987 0.364139129366405 0.517684871310377 0.618590678764459 0.654242766756449 0.722453039335067 0.785622716855217 0.903585721184626 0.905872533853491 0.914540156415189 0.848099758750129 0.770936736562747 0.699207124961219 0.55721803098561 0.437780336884092 0.141923330478868 -0.0235956901697484 -0.278713102859896 -9999 -9999 -9999 -9999 -9999 -9999 -9999 -9999 -9999 -9999 -9999 -9999 -9999 -9999 -9999 -9999 -9999 -9999 -9999 -9999 -9999
1.03976500908805 1.10905293909367 1.07599532968308 0.902468714209695 0.938273425842561 1.49416576493543 1.30740048928425 0.602493430550479 0.475841327562668 0.381432944572602 0.665982358338873 0.687082187055354 0.215987134407593 0.0112298181930127 -0.503329270854699 -0.667281938955747 -0.775003299270937 -0.925873693753271 -1.12530959722095 -1.18897616880553 -1.16845467718621 -0.983686844610789 -0.786814386861593 -0.670200537734053 -0.222377278505839 0.557356258966425 0.737584482038408 0.710295302715772 0.705433521335255 0.726159513449017 0.751462839767531 0.89921156135846 0.862144917582656 0.889702352961197 0.840144921845096 0.824542235832178 0.739806833665057 0.700544421395239 0.558593219970441 0.44901184071538 0.138070527259911 0.0358735564450157 -0.307624458953706 -9999 -9999 -9999 -9999 -9999 -9999 -9999 -9999 -9999 -9999 -9999 -9999 -9999 -9999 -9999 -9999 -9999 -9999 -9999 -9999 -9999
1.3015980400949 0.965371572125786 0.964517982047397 1.06300250249065 1.17456454336557 1.41250191507955 1.29360842203537 1.61706321073935 1.05685370377989 0.316489721534397 0.829192297238418 1.06293335324018 0.885241487815356 0.66663246643884 0.576767951661408 -0.175806313750705 -0.201369798198037 -0.309830367737537 -0.558192493355165 -0.830940070839931 -0.918147063302903 -0.872232935009318 -0.740047246893623 -0.634331489484402 -0.283280110262655 0.501338135575475 0.753699654569524 0.741188634975739 0.755387201724386 0.773625871091786 0.742299424181045 0.877244072346949 0.871022325300255 0.840051867796903 0.849071731236617 0.773055617949289 0.6785983666659 0.621019069646797 0.562301329778827 0.461261416814225 0.348721724692769 0.062430578442921 -0.0270247694454785 -9999 -9999 -9999 -9999 -9999 -9999 -9999 -9999 -9999 -9999 -9999 -9999 -9999 -9999 -9999 -9999 -9999 -9999 -9999 -9999 -9999
1.56591959522217 1.21038453346205 1.01760265256781 0.920585491209778 0.985229228389452 1.39493507485885 1.21101714222943 1.19942912032701 0.699287886418948 0.574236660524427 1.34815155241208 1.63354049097612 1.24303410426401 0.930560695204371 0.524792116315206 0.115259564816638 0.0190228539787557 -0.10060363781213 -0.182836255143809 -0.269894944178923 -0.316691830020692 -0.563494778421536 -0.691491979466337 -0.650877626118265 -0.365987837137705 0.143323413281468 0.585035276244121 0.679675898984033 0.760552880920165 0.799795849274874 0.802644235019204 0.856317006019915 0.891812814934471 0.859433968609327 0.816009670186825 0.730832444387546 0.701821828850023 0.648881503449668 0.534084470972691 0.469510925869384 0.416897585996373 0.206065683046659 0.151182186381852 0.152232567659221 -9999 -9999 -9999 -9999 -9999 -9999 -9999 -9999 -9999 -9999 -9999 -9999 -9999 -9999 -9999 -9999 -9999 -9999 -9999 -9999
1.7056963626482 1.35775284999188 1.04933823004101 0.962454831345571 0.880586014427555 1.01971765288094 1.28341125438616 1.41966355493469 1.15952834094586 1.22942850495791 1.55912865122549 1.4286509325883 1.17902096255187 0.819842227934623 0.378036154605179 0.0713223415478071 -0.0607253219684722 -0.118667776941703 -0.154681709257569 -0.126551912284556 -0.106637650532007 -0.120525633187251 -0.433493088953745 -0.473085293690445 -0.27622617150793 0.0952499158729982 0.391015011025214 0.596380772670247 0.712980563767436 0.746288277075391 0.771771661775473 0.882843452037572 0.858014852359458 0.887109995292996 0.847914292129885 0.754125895027931 0.709646859858376 0.670204073707235 0.58940319156747 0.53311776127375 0.463156356597769 0.371856083231588 0.350655824300572 0.326431946556462 -9999 -9999 -9999 -9999 -9999 -9999 -9999 -9999 -9999 -9999 -9999 -9999 -9999 -9999 -9999 -9999 -9999 -9999 -9999 -9999
1.68840871570863 1.19481099185807 0.869671311793725 0.914898981787189 0.820329018955312 0.724243703605743 1.0112256810427 1.01407787217747 1.2848450104166 1.39912995909843 1.39926954179909 1.26644396833078 0.968228701002696 0.528404961918687 0.124019513806386 -0.00671923992952245 -0.131736492322567 -0.15977094671711 -0.105125813468353 -0.198911135856341 -0.0971975142874749 -0.111584838317613 -0.290389478764661 -0.222828684858873 -0.0947193457700358 0.186979666577372 0.401911929997636 0.566304943773283 0.687209073676698 0.748383553959707 0.763942585917887 0.883375045923565 0.874964557065222 0.830127162788286 0.794705394696731 0.781095216855848 0.730203187416702 0.700854958225339 0.662429873012094 0.569409413149235 0.592182321482642 0.550977446834394 0.41191940154324 0.490488023706285 -9999 -9999 -9999 -9999 -9999 -9999 -9999 -9999 -9999 -9999 -9999 -9999 -9999 -9999 -9999 -9999 -9999 -9999 -9999 -9999
1.5135188087695 1.18187747262594 0.90897005885525 0.909633986430567 0.882411466602619 0.682295487733776 0.951046039787903 1.02139039048785 1.05369434586387 1.13134624940071 1.09053855626661 1.09367971849911 0.871744048472266 0.410585927525769 0.240347635227232 -0.0134694025458858 -0.214825713981424 -0.246942625009176 -0.213881188382476 -0.259435324959258 -0.240502768250739 -0.132247446467253 -0.130335923485682 -0.0585622696526042 0.0908195160047625 0.252096498118017 0.433318328692919 0.605786637100376 0.665095863549191 0.704099032928846 0.770871140600015 0.895388856679669 0.862021321204003 0.854651206660592 0.827840773066989 0.805980493781346 0.781878007622064 0.731788508674214 0.698823072963719 0.69926014664512 0.658423747836892 0.568538776493931 0.551471247866337 0.638644678473745 -9999 -9999 -9999 -9999 -9999 -9999 -9999 -9999 -9999 -9999 -9999 -9999 -9999 -9999 -9999 -9999 -9999 -9999 -9999 -9999
1.27686742261832 1.06274252884372 0.844555524147877 0.841294506613574 0.754218932964441 0.679530182240345 0.64171111477631 0.913879715856152 0.953783375377287 0.945939887396467 0.889483919839743 0.743250057684022 0.698305592931548 0.239970720835565 0.108992192928228 -0.0522191419134544 -0.193816477386499 -0.244207248849138 -0.440592074308168 -0.496322854777457 -0.336894087399291 -0.201134364224416 -0.0114764169720016 0.0945299101399736 0.250598801319844 0.397466824443508 0.472400102281862 0.619066571064697 0.695553926934342 0.750956076421225 0.843630711559193 0.852160034057359 0.853895684980773 0.843201253640557 0.845521672288923 0.836659710914441 0.82518781644803 0.808938820583484 0.800987533618487 0.76903792791927 0.757520994980525 0.766904764269511 0.642996381578191 0.705036380530168 -9999 -9999 -9999 -9999 -9999 -9999 -9999 -9999 -9999 -9999 -9999 -9999 -9999 -9999 -9999 -9999 -9999 -9999 -9999 -9999
1.06985888472661 0.915556329990961 0.804029727604469 0.769334552459515 0.710262435074583 0.696327693343097 0.60677482489768 0.553882857725275 0.773060335077548 0.771620484934119 0.725911177204908 0.574267549564591 0.23900413275905 0.0961948258242376 -0.121318019087118 -0.237183651831833 -0.321029790649991 -0.37308267727596 -0.568952202705448 -0.673214431822908 -0.366660288701101 -0.130035389805189 0.127599453203135 0.267099270597356 0.409562006699658 0.500074953276238 0.54489603878636 0.666396167193588 0.715660646496727 0.738961525634394 0.867418378692364 0.878771095905037 0.874430553790992 0.865617591759082 0.857763240687407 0.842364524849808 0.830808342011803 0.815523004490264 0.788755410240728 0.772488236353681 0.747116070786647 0.745109299307243 0.745882325249623 0.743604172824763 -9999 -9999 -9999 -9999 -9999 -9999 -9999 -9999 -9999 -9999 -9999 -9999 -9999 -9999 -9999 -9999 -9999 -9999 -9999 -9999
0.805009723984765 0.737887851378682 0.613734721499853 0.688323619450594 0.6655538579369 0.652352911988857 0.595067856222185 0.543199749191135 0.528512416528261 0.662326348264854 0.620579850283225 0.513820565143015 0.130985435828643 0.131956111290701 -0.133404649390172 -0.312835942402621 -0.472736480902359 -0.486083681674072 -0.73421075152529 -0.605479399954703 -0.30236374306841 0.0320839406931986 0.208098574340959 0.405678261348382 0.510718623490805 0.584966874126798 0.622677150997136 0.680286570541081 0.752782735084997 0.826631971597953 0.859801425085485 0.869719193148861 0.865855628558128 0.855190109261893 0.914812703767635 0.887208334272278 0.866043900661017 0.847393125014443 0.818452291033492 0.797562011403203 0.761420129988422 0.749276481798942 0.754958125302962 -9999 -9999 -9999 -9999 -9999 -9999 -9999 -9999 -9999 -9999 -9999 -9999 -9999 -9999 -9999 -9999 -9999 -9999 -9999 -9999 -9999
0.683556895362371 0.567906902288563 0.569657296835345 0.654554161850965 0.693217777268042 0.631869439328931 0.630818512656411 0.56871153465195 0.514987704747436 0.676618084551521 0.567017284738729 0.424879807979054 0.106229194148708 0.117395337319602 -0.263203877684038 -0.420274203055824 -0.599962664946862 -0.652303517698759 -0.768476900176196 -0.574259497701448 -0.173020466322526 0.0873701023063949 0.272560433634551 0.46938324010724 0.55002096614559 0.620074656557807 0.664106368874527 0.731553324529608 0.757537432919943 0.793296312526245 0.905784076899371 0.908155496943583 0.9035350926791 0.884232466468206 0.86802679631585 0.855981477570007 0.841211508269589 0.843515800962035 0.861750803252976 0.765727768543705 0.820514571769095 0.81555749270945 0.797419131104597 -9999 -9999 -9999 -9999 -9999 -9999 -9999 -9999 -9999 -9999 -9999 -9999 -9999 -9999 -9999 -9999 -9999 -9999 -9999 -9999 -9999
0.626373449178988 0.582855663774573 0.566309339761922 0.68142956297923 0.719318575886229 0.708594567734823 0.689968774972518 0.646620785052084 0.612403245116422 0.702049606140226 0.622288827862917 0.472704256981001 0.341566244984211 0.172987135269714 -0.174315669757675 -0.583491012779716 -0.679757194781736 -0.961665353900659 -0.690346919698222 -0.467285203205212 -0.195782926257849 0.0263860456144611 0.215140993677465 0.445100546669991 0.5630916704518 0.637175779359175 0.717163446695913 0.774631407711749 0.805862098388905 0.808493187840619 0.855826228272215 0.88789955706616 0.908041096508416 0.840391334504145 0.882905606753901 0.857682947828037 0.867681022055277 0.773089826760815 0.757274461888624 0.808629247321626 0.796552365250806 0.812046738477084 0.796437948849252 -9999 -9999 -9999 -9999 -9999 -9999 -9999 -9999 -9999 -9999 -9999 -9999 -9999 -9999 -9999 -9999 -9999 -9999 -9999 -9999 -9999
0.628496856958753 0.622115311550429 0.616938887084307 0.717257814690199 0.738814669487204 0.767562275600923 0.676349819097591 0.667108829995573 0.701730075229298 0.780558419377596 0.638702489523397 0.456116198184288 0.338833207731137 0.207528719799012 0.125551995308557 -0.390711424739769 -0.814273366421567 -1.06348400376015 -0.757276606236547 -0.495228006526733 -0.342157527926235 -0.10162358600318 0.0666509044580463 0.330015059148724 0.560346455148122 0.626358705659686 0.715099988369193 0.779342243895755 0.782109291387389 0.809035201237303 0.817919937801922 0.89357700883557 0.888040292169321 0.884814313147352 0.815107289766708 0.80006696676769 0.821751336783667 0.808605230247543 0.820032841913745 0.819861221732242 0.802369447580687 0.796213944672274 0.789739688614886 -9999 -9999 -9999 -9999 -9999 -9999 -9999 -9999 -9999 -9999 -9999 -9999 -9999 -9999 -9999 -9999 -9999 -9999 -9999 -9999 -9999
-9999 0.654554654901455 0.662666297651848 0.75345578198838 0.778643260776567 0.771032170124023 0.800855019369132 0.802490195783329 0.896935694752498 0.795964675742715 0.836481336268629 0.512861916588415 0.27421341159084 -0.00604905122053914 0.0722419664074965 -0.269758999120058 -0.768728398322946 -0.967657800824487 -0.868015112226935 -0.605916800310676 -0.319194584742577 -0.110256309613986 -0.0471589202255113 0.188877466574728 0.467924801660862 0.635774611206796 0.682893777973754 0.767854844258511 0.792742839025611 0.80467762093043 0.862989535077482 0.814872721049818 0.815182036218116 0.855872731803084 0.819463203185438 0.793344606407065 0.773680249588976 0.774836385363984 0.782583835673449 0.784173176542239 0.781168014373896 0.794354846782923 -9999 -9999 -9999 -9999 -9999 -9999 -9999 -9999 -9999 -9999 -9999 -9999 -9999 -9999 -9999 -9999 -9999 -9999 -9999 -9999 -9999 -9999
-9999 0.671476901062177 0.731630976402062 0.812595171507512 0.769552051533315 0.769328671353005 0.800739691732455 0.814429159945102 0.880957000640511 0.965439457044662 0.971033458029618 0.650027679177978 0.70263878834082 0.286135608372214 0.0881512482433643 0.0130069486075254 -0.584391481020974 -0.796517261086967 -0.794245122170193 -0.587869572778118 -0.237234939567562 -0.0360168839259588 -0.00162233989318464 0.122562943090238 0.42989579336675 0.602665971854011 0.66888557478508 0.757235492566881 0.778565352860735 0.784257763146163 0.799877814235154 0.806633587615475 0.802032838174827 0.823612992950099 0.785093306182982 0.775165911771553 0.799833329718971 0.79055905615629 0.775583730207372 0.814091934852701 0.746632093313594 0.792841528649279 -9999 -9999 -9999 -9999 -9999 -9999 -9999 -9999 -9999 -9999 -9999 -9999 -9999 -9999 -9999 -9999 -9999 -9999 -9999 -9999 -9999 -9999
-9999 -9999 0.720539120346229 0.830422209220185 0.829480921121161 0.871705151022426 0.876010479477905 0.888137426207864 0.844166825562511 0.878031500776794 0.907941474491971 0.800799212592217 0.876769997194346 0.348262691882698 0.0615809878778279 0.0459927580777636 -0.498341377073273 -0.592129302297346 -0.588105631221437 -0.459778790873441 -0.204999349113707 -0.104755064277813 0.0139287280085919 0.11109150540884 0.353530615365773 0.521188723762381 0.594628535330583 0.714419084319393 0.729475124213888 0.753960866077598 0.771812863746913 0.770638002241338 0.80703079182844 0.784922318908388 0.778237503321877 0.769103945475092 0.77367781672542 0.754770280654244 0.751526841550496 0.744554323079328 0.759721516358145 -9999 -9999 -9999 -9999 -9999 -9999 -9999 -9999 -9999 -9999 -9999 -9999 -9999 -9999 -9999 -9999 -9999 -9999 -9999 -9999 -9999 -9999 -9999
-9999 -9999 0.759327372997849 0.77737659535724 0.898559333218675 0.916770964771576 0.947666984122962 0.955002139741052 1.024550489045 1.03663492205845 1.00535490471673 0.95082695784316 0.681471483156971 0.594834594835008 0.291524168803236 0.105336289841939 -0.097270358972703 -0.33694647068199 -0.427247136820515 -0.135334330604075 -0.199769210014672 -0.040545669197444 0.13373544669296 0.147628607969043 0.297686077773857 0.443744096591182 0.599937239409987 0.674162649439233 0.653578486367553 0.686384195216913 0.732905541337683 0.747628345274139 0.751180158035006 0.760954590949178 0.740487238958311 0.749049083914397 0.766753409199323 0.784907290777751 0.769329986803106 0.761282439732928 0.728147287433129 -9999 -9999 -9999 -9999 -9999 -9999 -9999 -9999 -9999 -9999 -9999 -9999 -9999 -9999 -9999 -9999 -9999 -9999 -9999 -9999 -9999 -9999 -9999
-9999 -9999 -9999 0.874042040460198 0.910039417727608 0.962022214849325 1.0128353933688 1.04633894936999 1.02054251158892 1.05655271313529 0.985998919159298 0.967428409852902 0.796055972229209 0.807289085739389 0.67038509792872 0.0587315685930997 0.148302592191233 -0.313327039699979 -0.348917333068056 -0.0206096092949476 0.0203318060526479 0.0457609379523765 0.135777615574537 0.161909980554082 0.253993089309773 0.38038295471012 0.522789480970331 0.56428470482201 0.597497704504847 0.635263790676441 0.66020224962147 0.664599879707278 0.711304602205509 0.69508109289053 0.715672990988149 0.726281279277675 0.735453117307533 0.761448487064692 0.747678914573589 0.73392113518076 -9999 -9999 -9999 -9999 -9999 -9999 -9999 -9999 -9999 -9999 -9999 -9999 -9999 -9999 -9999 -9999 -9999 -9999 -9999 -9999 -9999 -9999 -9999 -9999
-9999 -9999 -9999 -9999 0.921127006534383 0.933920218222531 1.07915690875978 1.05035320367315 1.02416746372643 0.993714947332909 0.959676938119298 0.991226812851729 0.877826686294329 0.825929511297946 0.553037464266111 0.167245352761435 0.219621159761072 -0.144177202007592 -0.163608610736781 0.0479561666272621 0.0822637905705494 0.0505793553425272 0.12204803042345 0.133575357427736 0.20882155121942 0.323963198657574 0.461588439417109 0.524002418979883 0.531738415571553 0.628319087461679 0.62353030824423 0.640536137851067 0.661886667798296 0.684646511875586 0.651576048088444 0.670462139342047 0.67994197549735 0.741560023749447 0.722261330304285 0.732848020980252 -9999 -9999 -9999 -9999 -9999 -9999 -9999 -9999 -9999 -9999 -9999 -9999 -9999 -9999 -9999 -9999 -9999 -9999 -9999 -9999 -9999 -9999 -9999 -9999
-9999 -9999 -9999 -9999 0.889431155781265 0.946346725199346 1.03119870331186 1.12287689851062 1.01821864209377 0.954301699557823 0.945840820552832 1.05875245115309 0.967584161795752 0.885370171359653 0.467965452838746 0.15343475956495 0.0790543299367837 -0.0431902074866269 -0.0358731505887909 0.0180410545840425 -0.0152489883233449 0.0247729363258741 0.0813334405641659 0.115463904321963 0.144105640350329 0.297902096390953 0.38006378580659 0.424807070725965 0.484649001339424 0.5648118636293 0.566785011888441 0.579859785313519 0.574223206643138 0.639180399599352 0.662509597718292 0.66368426429474 0.675031246116777 0.680120635183429 0.659975086592462 -9999 -9999 -9999 -9999 -9999 -9999 -9999 -9999 -9999 -9999 -9999 -9999 -9999 -9999 -9999 -9999 -9999 -9999 -9999 -9999 -9999 -9999 -9999 -9999 -9999
-9999 -9999 -9999 -9999 -9999 1.00944539503825 1.0506916757936 1.13776077705026 1.04305790614724 0.964677254586463 1.02402670176231 1.01001159333557 0.952660246596409 0.971793894423813 0.623986184184153 0.434445625768453 0.289990124806533 0.0770329715273511 0.0562402177401937 0.0894391382368701 0.0627999191231264 0.0478473020478114 0.124096432199387 0.102362436036628 0.219136439329904 0.243661719164273 0.354817732910569 0.410649729649003 0.496349302516713 0.509992136724623 0.475535841879762 0.51748627321554 0.508650308629851 0.624267498458209 0.635549434210784 0.661867519727371 0.641304236944351 0.651230758497826 -9999 -9999 -9999 -9999 -9999 -9999 -9999 -9999 -9999 -9999 -9999 -9999 -9999 -9999 -9999 -9999 -9999 -9999 -9999 -9999 -9999 -9999 -9999 -9999 -9999 -9999
-9999 -9999 -9999 -9999 -9999 -9999 -9999 1.16934018381036 1.07912570824485 1.00549876985423 0.985376666835344 0.972864598102333 1.06120906996828 0.956856576046941 0.846868543559671 0.761684014642883 0.305385373589669 0.081768615173916 0.0738460147303063 0.0513670451710282 0.099192022436422 0.0939767797009693 0.139588086156182 0.123718582975577 0.209929852527712 0.28160145465991 0.316670887907165 0.378598154670625 0.429270556370302 0.485084661359399 0.512197123840577 0.471837904858932 0.511079677804019 0.584138163070881 0.607782973690497 0.617891327751014 0.641556683368766 -9999 -9999 -9999 -9999 -9999 -9999 -9999 -9999 -9999 -9999 -9999 -9999 -9999 -9999 -9999 -9999 -9999 -9999 -9999 -9999 -9999 -9999 -9999 -9999 -9999 -9999 -9999
-9999 -9999 -9999 -9999 -9999 -9999 -9999 -9999 1.09406299548106 1.08612428420503 1.25151407475518 1.06917760256544 1.02516729459401 1.09179172300783 0.620646452499078 0.6343251927007 0.535936987272531 0.138323890305011 0.0212583923390644 0.01427616672088 0.0535958811871325 0.131902372394674 0.112587500929663 0.125464201986468 0.193196778035943 0.235463408651494 0.309631162234672 0.378530486514495 0.411143856777606 0.489737151363586 0.512510766523377 0.466347670294853 0.528341781588794 0.516626642112076 0.535807247360314 0.563751882745863 -9999 -9999 -9999 -9999 -9999 -9999 -9999 -9999 -9999 -9999 -9999 -9999 -9999 -9999 -9999 -9999 -9999 -9999 -9999 -9999 -9999 -9999 -9999 -9999 -9999 -9999 -9999 -9999
-9999 -9999 -9999 -9999 -9999 -9999 -9999 -9999 -9999 1.20120650554719 1.33902183640749 1.14552890267459 1.16054290605771 1.1169224845089 0.932450167244034 0.688857672640388 0.579099302317754 0.315473727843443 0.116784301358438 -0.0975781875061552 -0.0363332117364532 0.0525659877727405 0.117162776663999 0.100645929912327 0.166882020197226 0.217361070204826 0.287458946816167 0.341097058496021 0.398081023328578 0.474901246793286 0.500135656503613 0.491061628339888 0.466597754215909 0.479632810246784 -9999 -9999 -9999 -9999 -9999 -9999 -9999 -9999 -9999 -9999 -9999 -9999 -9999 -9999 -9999 -9999 -9999 -9999 -9999 -9999 -9999 -9999 -9999 -9999 -9999 -9999 -9999 -9999 -9999 -9999
-9999 -9999 -9999 -9999 -9999 -9999 -9999 -9999 -9999 -9999 -9999 1.20927214677412 1.27958577997489 1.28391327266616 1.20412673782347 0.994127433319853 0.86141907577286 0.603715404168258 0.0556092449688839 -0.0327237992589695 -0.0732445900431039 0.0151178727895589 -0.0535367773562971 0.0375561974562058 0.102430188105923 0.180070802947659 0.228203456807667 0.305681660170817 0.349424850863089 0.410426082408042 0.461822336015852 0.486835826843813 0.493860822683337 -9999 -9999 -9999 -9999 -9999 -9999 -9999 -9999 -9999 -9999 -9999 -9999 -9999 -9999 -9999 -9999 -9999 -9999 -9999 -9999 -9999 -9999 -9999 -9999 -9999 -9999 -9999 -9999 -9999 -9999 -9999
-9999 -9999 -9999 -9999 -9999 -9999 -9999 -9999 -9999 -9999 -9999 -9999 -9999 1.43721881505125 1.15298216335604 1.14950765451384 1.07689894736964 0.714906895126252 0.176851315038663 0.17183351867075 -0.0425966168982793 -0.0298949294840659 -0.0815747919071519 -0.0537021977009808 0.0476372468045215 0.132876295598167 0.218939729598317 0.264204636279286 0.326108635666524 0.371297481814723 -9999 -9999 -9999 -9999 -9999 -9999 -9999 -9999 -9999 -9999 -9999 -9999 -9999 -9999 -9999 -9999 -9999 -9999 -9999 -9999 -9999 -9999 -9999 -9999 -9999 -9999 -9999 -9999 -9999 -9999 -9999 -9999 -9999 -9999
-9999 -9999 -9999 -9999 -9999 -9999 -9999 -9999 -9999 -9999 -9999 -9999 -9999 -9999 -9999 -9999 1.0495499320701 0.628292788271725 0.314254973122305 0.291301734997603 -0.000414085302926442 -0.0603569616601177 -0.124237138706754 -0.0458989808750632 0.0148306285841922 0.0994293546451037 0.168886785723826 -9999 -9999 -9999 -9999 -9999 -9999 -9999 -9999 -9999 -9999 -9999 -9999 -9999 -9999 -9999 -9999 -9999 -9999 -9999 -9999 -9999 -9999 -9999 -9999 -9999 -9999 -9999 -9999 -9999 -9999 -9999 -9999 -9999 -9999 -9999 -9999 -9999
-9999 -9999 -9999 -9999 -9999 -9999 -9999 -9999 -9999 -9999 -9999 -9999 -9999 -9999 -9999 -9999 -9999 -9999 -9999 -9999 -9999 -9999 -9999 -9999 -9999 -9999 -9999 -9999 -9999 -9999 -9999 -9999 -9999 -9999 -9999 -9999 -9999 -9999 -9999 -9999 -9999 -9999 -9999 -9999 -9999 -9999 -9999 -9999 -9999 -9999 -9999 -9999 -9999 -9999 -9999 -9999 -9999 -9999 -9999 -9999 -9999 -9999 -9999 -9999
-9999 -9999 -9999 -9999 -9999 -9999 -9999 -9999 -9999 -9999 -9999 -9999 -9999 -9999 -9999 -9999 -9999 -9999 -9999 -9999 -9999 -9999 -9999 -9999 -9999 -9999 -9999 -9999 -9999 -9999 -9999 -9999 -9999 -9999 -9999 -9999 -9999 -9999 -9999 -9999 -9999 -9999 -9999 -9999 -9999 -9999 -9999 -9999 -9999 -9999 -9999 -9999 -9999 -9999 -9999 -9999 -9999 -9999 -9999 -9999 -9999 -9999 -9999 -9999
