data/pcas/current_cal/PC06.asc
NCOLS 366 
NROWS 318 
XLLCORNER -99.1666666666663 
YLLCORNER -31.5000000000002 
CELLSIZE 0.166666666666667 
NODATA_value -9999 
[rows 203 to 231 of 318, columns 128 to 191 of 366]
-9999 -9999 -9999 -9999 -9999 -9999 -9999 -9999 -9999 -9999 -9999 -9999 -9999 -9999 -9999 -9999 -9999 0.519966734085071 0.83880410750887 1.1697613338815 1.01300059351902 1.52447139238947 1.46991464822472 1.10024676124704 1.55777878195419 1.20035232421616 1.56435887320622 1.65528520746839 1.55180071009602 1.14520300423879 1.42596451319626 1.65410115595934 1.60458928093781 1.36392088547408 1.14420981915762 1.20170688790137 1.05041813626963 0.801965080879483 0.142711271317963 -0.116552473386892 -0.26027624376507 -0.344636412914329 -0.396526259464376 -0.542077615048276 -0.546867684827344 -0.551460598732923 -0.539476965022852 -0.533929378312249 -0.414427558219023 -0.346765774789494 -0.301091274899171 -0.266368987757115 -0.198093847741679 -0.22972475104662 -0.222482533687032 -0.265004451886097 -0.238274825387656 -0.017823971313074 -0.00728002960056345 0.0553747516644103 0.0731229569763211 0.102340991802615 0.162042889415128 0.160173747729199
-9999 -9999 -9999 -9999 -9999 -9999 -9999 -9999 -9999 -9999 -9999 -9999 -9999 -9999 -9999 -9999 -9999 0.629761601808697 0.612299530878973 0.771134817174863 1.01950054830608 0.895441363076852 1.25833709269092 1.54868916070671 1.4255453401479 1.49733584439524 1.68921278776277 1.61200243979586 1.46348400494872 1.71170615643136 1.69046629672477 1.71903124411575 1.60469515936291 1.51580667220143 1.24688473619402 1.19758747428343 1.05798231774081 0.776565056964881 0.150162071530592 -0.136537897749066 -0.27852991962143 -0.385581043527662 -0.499424350905331 -0.578898460884574 -0.627110094588833 -0.67943818223858 -0.611978474406837 -0.580162130964136 -0.511334911581653 -0.434818432130469 -0.322885786133018 -0.259893906960759 -0.249381873897884 -0.212575162147702 -0.212865362447901 -0.255857702395837 -0.254136185643636 -0.227860160453136 0.00233748750233315 0.0193850684159335 -0.084924189172824 0.101787158907907 0.166030894966613 0.246575867437656
-9999 -9999 -9999 -9999 -9999 -9999 -9999 -9999 -9999 -9999 -9999 -9999 -9999 -9999 -9999 -9999 -9999 0.270976274033074 0.474475055977818 0.990892349255827 1.3446940272848 1.0663695013095 0.931685336985787 1.55265823803117 1.64207563909211 1.69029957329107 1.87169915831751 1.82642507136425 1.74975627130287 1.93012056941926 1.81106269324627 1.61431834408906 1.5549946941206 1.40539908703987 1.24301165553548 1.13623984521161 1.02477534397345 0.435395841529183 0.129749276972581 -0.0876142151323856 -0.28501689864809 -0.479702877885203 -0.597796388940374 -0.712535196182069 -0.736952310328955 -0.735928184433824 -0.691931709810694 -0.667887955978795 -0.5697454584695 -0.698193385917639 -0.436112538490812 -0.299542619574552 -0.297334453844218 -0.234280174166754 -0.288058437404672 -0.261342765037019 -0.23022851435159 -0.204585936080893 -0.18717240319812 -0.164959296616847 -0.0771556657134808 0.114615288010538 0.19056715145455 0.186264817493281
-9999 -9999 -9999 -9999 -9999 -9999 -9999 -9999 -9999 -9999 -9999 -9999 -9999 -9999 -9999 -9999 -9999 -0.166502658055994 0.423443391297695 0.852466321151368 1.38862413647663 1.41455773853387 0.766458436684248 0.949827870409784 1.39248127929493 1.74795851572937 1.90547642683849 1.71825153121013 1.74030912329876 1.2376572124138 1.63786445702881 1.4907419573956 1.41647232239201 0.934931618823942 1.05326681084153 1.05723349113883 1.23317248726884 0.595466321042955 0.0886211379211006 -0.041383597531172 -0.147409282231092 -0.481102424010944 -0.71941246460208 -0.809599298175897 -0.842612263777965 -0.855453296468354 -1.08659956483945 -1.02774684697038 -0.927039442586714 -0.810833437722025 -0.722373530370782 -0.677011142198974 -0.378585936579824 -0.338839433780962 -0.315436434952165 -0.266697263521095 -0.233645833234762 -0.225687962174443 -0.161665011677294 -0.121386115190897 -0.0615089809835916 -0.0323938428518426 0.00809295266147005 0.198934898099588
-9999 -9999 -9999 -9999 -9999 -9999 -9999 -9999 -9999 -9999 -9999 -9999 -9999 -9999 -9999 -9999 -9999 -0.319455496070806 0.0446233981357602 0.291030807945108 1.12586626166215 1.722440441761 1.13181282489056 1.44127732822779 1.23067663758219 1.67329594792954 1.87446234843645 1.57640981459744 1.14291001952335 1.15604920439091 1.29727535332273 1.53820405109328 0.973718319446257 0.713947970784959 0.754790356373385 0.724803722415038 1.01956195082104 1.11881659688588 0.62598346239383 0.263629836516294 -0.111574949083278 -0.485542699376043 -0.799019460143225 -1.02104021644318 -1.03516757637163 -0.978302322390889 -1.15962760054187 -1.06401545717215 -1.05047904608866 -0.879635149438682 -0.823035994700915 -0.758887492500607 -0.678301199600619 -0.401849246142594 -0.613632399768731 -0.304220315900629 -0.255859818577981 -0.193322258250995 -0.183943827360078 -0.11359083125237 -0.0914060241614254 -0.0179797113643779 0.0295675016976543 0.0742197280767494
-9999 -9999 -9999 -9999 -9999 -9999 -9999 -9999 -9999 -9999 -9999 -9999 -9999 -9999 -9999 -9999 -9999 -0.330656888675589 -0.233942576114485 -0.0434131720057795 0.804295562187109 1.00764096782243 1.13374365332798 1.19087756765287 1.87362440291941 1.2926988746614 1.655070871624 1.47849681205334 0.786936321706565 0.859026118184734 0.684216246911456 1.11446443866769 0.839432129736403 0.797039012044672 0.752824542882978 0.689575641539874 0.803772196108959 0.993599208751608 1.16224753827969 0.968700906787649 0.687919447406277 -0.181911264095167 -0.872460558862986 -1.08913687762458 -1.16009197251697 -1.09725107043411 -1.00192026103474 -1.24095825503894 -0.870736145837894 -0.980273930138653 -0.920938284190417 -0.851597517515061 -0.763928541361816 -0.448822634815271 -0.404453698144558 -0.336693873292456 -0.294205282280743 -0.215724798640498 -0.202906648227765 -0.128724860752623 -0.0783224109055377 -0.0237219935009661 0.0558579498043091 0.0736105502494204
-9999 -9999 -9999 -9999 -9999 -9999 -9999 -9999 -9999 -9999 -9999 -9999 -9999 -9999 -9999 -9999 -9999 -0.176884319992117 -0.256676290894855 -0.101038002024358 0.558765105014507 0.829532404088955 0.810618252604807 1.34737584609743 1.41265637674343 1.59370135717647 1.73273160985055 1.85556038650405 1.61416574490148 1.50314893643616 1.06026483114581 0.823094467948917 0.827207504595342 0.722005580388631 0.75118370776811 0.798297118706083 0.814916392960068 0.886689416696271 0.917478458187046 0.912498167856793 0.94651087262585 0.564972530280008 0.252623455480066 -0.430087191927121 -1.02323877054082 -1.0924205708483 -1.03428895649556 -1.2602210964091 -1.20864284251831 -1.1211463134746 -1.02122371307769 -0.661205210578396 -0.596694755719232 -0.514878550099007 -0.485382366640197 -0.41768911956084 -0.33176721067424 -0.242929143425139 -0.175323326013808 -0.112852956391219 -0.07709120398288 0.0153138881280688 0.0443912499603222 0.0829549786856518
-9999 -9999 -9999 -9999 -9999 -9999 -9999 -9999 -9999 -9999 -9999 -9999 -9999 -9999 -9999 -9999 -9999 -0.0968605281920322 0.0766613007550118 0.181345268748966 0.318022631686051 0.917646359628859 1.16745846132573 1.11166097327604 1.61551390513012 1.09074293008788 1.52161152043646 1.49102759914721 1.52239844731512 1.28877921856596 1.1009045970065 1.28438035258152 1.02346936342648 0.821856921430992 0.744136857819308 0.778422848486662 0.869491001082733 0.792000432284725 0.869961526349587 0.633867996790157 0.714135402097283 1.00323183000331 0.800269015947248 0.957672356772259 0.0790060005961216 -0.414282892778659 -0.666701975341082 -0.982578407949732 -0.945065076932109 -0.913584961398621 -0.88062049288085 -0.829688412186484 -0.708003072469561 -0.815443724221286 -0.495522772554323 -0.510682246266932 -0.36712806822136 -0.291390947712848 -0.232872227544685 -0.144222469003099 -0.0367424012328128 0.0300973975543662 0.0717682960880044 0.112851600598863
-9999 -9999 -9999 -9999 -9999 -9999 -9999 -9999 -9999 -9999 -9999 -9999 -9999 -9999 -9999 -9999 -9999 -0.125390673459012 -0.183963703771905 -0.0735831530562696 0.182047099163834 0.635115171762171 1.04756993910779 1.23806918633946 1.61693759347034 1.33860777887392 1.26450820314635 0.889221175854608 1.01021951834937 1.5027000803734 0.865336724379316 0.868617690572503 1.08231346952071 0.994480420751199 0.924501922491099 0.88878468453952 0.756333519504423 0.898535756476975 0.802352179392237 0.65448097882355 0.402395955361286 0.521110297801472 0.672117529222743 0.761043549986144 0.860839287450893 0.753372491910518 0.363247125025415 -0.407463286182263 -0.897172513872936 -0.91690268003111 -0.919875683392975 -0.97696528623015 -0.84918929232027 -0.814994051194805 -0.660859165533379 -0.54368688630111 -0.484687107544827 -0.351872554597244 -0.199585432134698 -0.128112979274933 -0.0168360168831656 0.0349875315079919 0.0923532766260471 0.128701497441318
-9999 -9999 -9999 -9999 -9999 -9999 -9999 -9999 -9999 -9999 -9999 -9999 -9999 -9999 -9999 -9999 -9999 -9999 -0.138412518706922 -0.0736489170488794 0.143438616114307 0.323574998568446 0.19641019751896 1.30961310087282 1.3972957425406 1.16870771055415 0.948632970600587 1.08381461191179 1.49453017760995 1.24840563795866 0.835386274189053 0.96319607003647 0.93716436074508 0.675045395091614 0.946907031485837 0.954335543399836 0.86519049478132 0.832366729733632 0.860763382057185 0.750464577563449 0.578578819028997 0.589454923766546 0.628700808402868 0.93576504180211 0.647665470041009 0.710855478281642 0.628183237534166 0.557668949632759 -0.236191045731001 -0.785846744441068 -0.882585653687233 -0.962953500550142 -0.990369146612792 -0.953294088659696 -0.979654417107363 -0.875731719054137 -0.600399327344388 -0.504506140045669 -0.401171638194046 -0.11518871697471 -0.00617066090550432 0.063246549414295 0.0775502460269165 0.144477585345332
-9999 -9999 -9999 -9999 -9999 -9999 -9999 -9999 -9999 -9999 -9999 -9999 -9999 -9999 -9999 -9999 -9999 -9999 -0.124751672587331 -0.0310169592796067 0.0663164809816932 0.123930125393816 0.216378869540882 1.10609223717246 0.643298016327261 1.24647759230236 0.985828591413788 1.4641481437895 1.07253289972114 0.531134963936917 0.884203191875935 1.07872362473628 0.600327366894736 0.95504945632162 0.81583876905459 0.702603649055251 0.750651072387508 0.893032097381079 1.06082070849979 0.894008460818894 0.819662094941583 0.68532313752362 0.566852874257626 0.758623111130222 0.874435805132836 0.550163503685812 0.50139634169162 0.517503095076829 0.196566147895109 -0.0536634747381389 -0.723751689043665 -0.895807977024799 -1.03013548120757 -1.08740169403073 -1.11806758478734 -1.13280677073882 -0.896669160983307 -0.605360729916161 -0.421059426117903 -0.23108149874575 -0.0284236112088866 0.074582146051006 0.130990651821525 0.130055885761415
-9999 -9999 -9999 -9999 -9999 -9999 -9999 -9999 -9999 -9999 -9999 -9999 -9999 -9999 -9999 -9999 -9999 -9999 -9999 -0.0493015428912644 0.0125342492449408 0.055502836514827 0.301703969974315 0.800312653725914 0.435680090881713 1.05665181572767 1.06647036183687 1.18050071228946 1.12392852390392 0.675280874514323 0.538828530915846 0.948509755475547 0.510573688457064 0.704044613239114 0.955978567893685 0.773537330934856 0.800441394600939 0.953790155177854 1.14265440246861 1.41033735131238 1.18866205665605 0.859330907634237 0.875292412845724 0.90308276645388 0.862456877767307 0.859678546152952 0.572191444533582 0.303722741360801 0.142154971421942 0.112184761213945 -0.373886093967957 -0.872197597195215 -1.02259601951449 -1.07156978662417 -1.1725923285107 -1.01925333881804 -1.03111894464515 -0.915135584122728 -0.506610329560045 -0.304307775469217 -0.0914265862036168 0.0744967620861649 0.193133419747385 0.129463580205676
-9999 -9999 -9999 -9999 -9999 -9999 -9999 -9999 -9999 -9999 -9999 -9999 -9999 -9999 -9999 -9999 -9999 -9999 -9999 0.362276250695336 -0.0201709100892865 0.0500960380382173 0.0466275741356946 0.258063395824975 0.1389076631352 0.348259402755132 0.445061669152968 0.607196341464513 0.570769236741537 0.741834241480852 0.538703455746055 0.443358740895394 0.496310510300245 0.646395639782211 0.835765499015565 0.828079470510532 0.841080634292844 0.901933003315802 1.16541443106618 1.31170364909677 1.1175463070621 0.854596241404963 1.33419121843079 1.40585597507661 1.00466069975108 0.916257415217208 0.673146521205199 0.377222126856669 0.176584844973818 0.155959390710681 -0.0687361580314297 -0.473471645764901 -0.811388181653964 -0.949218981816129 -1.16841167049275 -1.22497999789444 -1.18744029544451 -1.11615677059634 -0.883644613089356 -0.228505686615435 -0.125205113237676 0.0267597779214935 0.182819541873326 0.123081510221
-9999 -9999 -9999 -9999 -9999 -9999 -9999 -9999 -9999 -9999 -9999 -9999 -9999 -9999 -9999 -9999 -9999 -9999 -9999 -9999 0.0637340545980763 0.32557317376714 0.0894959615966076 -0.0109564121613083 0.039333803990565 0.0980587556375019 0.334440828920106 0.458189960372425 0.344131981498999 0.3572931080724 0.338941497962144 0.309348038313691 0.315569695470444 0.655024575535494 0.733104284805343 0.813352143556869 0.709082228361332 0.88010324762447 1.32138284813048 1.32304285605838 1.21957990352495 1.40254094726108 1.63449159529561 1.80008171812377 1.52365391359831 0.906359396165717 0.363579391624027 0.188445775444693 -0.0265723143876331 -0.137821898812273 -0.269301215036203 -0.305557340387521 -0.557402200381815 -1.03598920511438 -1.26624743211476 -1.29433391246998 -1.27945853838024 -1.13317274460619 -0.951689597194656 -0.482416101147292 -0.463519032976427 -0.204688047665227 0.00765905275410092 0.0631606457594541
-9999 -9999 -9999 -9999 -9999 -9999 -9999 -9999 -9999 -9999 -9999 -9999 -9999 -9999 -9999 -9999 -9999 -9999 -9999 -9999 0.183437067561642 0.368017909194041 0.681678170747448 -0.0354452491252112 -0.0785061749524789 0.0618933797623086 0.300320822929142 0.343352739435048 0.324462987305202 0.233230622319856 0.241228541249132 0.262249641455758 0.280797302764041 0.388436944414136 0.598921529674618 0.542046457073415 0.744827247774607 1.07471914929861 1.38358409169594 1.52067778748128 1.24080253845096 1.59514027442795 2.17106788174353 1.61386239083507 1.62201838762286 1.19941445156461 0.667370517146213 0.300841114100471 -0.126869545597205 -0.269960588114825 -0.309949947607626 -0.43378596093738 -0.556616561276062 -0.816214702209073 -1.2230094409349 -1.38543680530565 -1.43164876605157 -1.11725075258922 -1.02150942966991 -0.72863321538665 -0.255805819889446 -0.415922747326122 -0.250954353668076 -0.119329445645691
-9999 -9999 -9999 -9999 -9999 -9999 -9999 -9999 -9999 -9999 -9999 -9999 -9999 -9999 -9999 -9999 -9999 -9999 -9999 -9999 -9999 0.964671355022637 0.33517704188406 0.109769700796176 0.0677332856868025 -0.0173035974902935 0.358421087190811 0.30165880341841 0.28068906775777 0.246788939376407 0.38764580576534 0.237960899029056 0.272035178314091 0.293254144647333 0.439909921156068 0.495563053777411 0.591915787468789 1.05099621094044 1.25100508243242 1.4706466228553 1.50022900962472 1.45169839045873 1.86563218149126 1.75062429931124 1.45192392219342 0.970187771651486 0.552339131820835 0.0909432110806297 -0.193322331778122 -0.415673444884391 -0.515562728189839 -0.562724364088491 -0.617407036250163 -0.672636996803031 -0.912541970107022 -1.34289430365347 -1.30947860711598 -1.16623641926318 -0.982877283307891 -0.633570120905475 -0.509610329076044 -0.4270644584493 -0.320405042366962 -9999
-9999 -9999 -9999 -9999 -9999 -9999 -9999 -9999 -9999 -9999 -9999 -9999 -9999 -9999 -9999 -9999 -9999 -9999 -9999 -9999 -9999 -9999 0.798815714042207 1.06019880325065 0.729373735744146 0.232849797564562 0.243264825596603 0.348149663076724 0.240131572284778 0.519264824196313 0.68179545778273 0.38287786137668 0.375807182748117 0.372714500023688 0.422593774236331 0.350890656289117 0.528892976454094 0.840811866162324 0.712717332498916 0.913769452097814 1.2345114114058 1.09600124139806 0.750238664786379 1.00362792544119 1.08639289031508 0.838121022834743 0.415146203980937 -0.0652252418283536 -0.449235125000707 -0.763969646604625 -0.699440862789588 -0.785057411718023 -0.789555438755238 -0.758247136965849 -0.772751605026552 -1.02677309232649 -1.18095210324215 -0.989169547102775 -0.946877741567883 -0.768382087418768 -0.634937901673407 -0.549082470258804 -9999 -9999
-9999 -9999 -9999 -9999 -9999 -9999 -9999 -9999 -9999 -9999 -9999 -9999 -9999 -9999 -9999 -9999 -9999 -9999 -9999 -9999 -9999 -9999 -9999 0.676974765040447 0.647994070745253 0.631763996036608 0.695220553947852 1.07497110125303 0.712026732780519 0.92931245478857 0.342517434876634 0.287796746933179 0.674764181789341 0.506618455888745 0.429652635205775 0.416528987128449 0.596522782192147 0.769829740798088 0.981631604456461 0.674757521926757 0.584128292218067 0.562257203414847 0.40093489564082 0.742597759513368 0.850416640937465 0.750110286879633 0.313460860474739 -0.225494199802914 -0.704835106679681 -0.917909028411267 -0.987159440746299 -0.955331182793542 -0.853149374137183 -0.816849477929461 -0.718443131846074 -0.806167890197483 -0.947602058576476 -1.03849708031472 -0.871594816968224 -0.730636002675615 -0.73330500231387 -9999 -9999 -9999
-9999 -9999 -9999 -9999 -9999 -9999 -9999 -9999 -9999 -9999 -9999 -9999 -9999 -9999 -9999 -9999 -9999 -9999 -9999 -9999 -9999 -9999 -9999 -9999 0.580271445223818 0.613266735788544 0.390128686089471 1.29749245284311 1.06931250608172 0.323459033771436 0.486668439373636 0.411782292707191 0.924866011917337 0.580926315232184 0.456083341752323 0.415546474049123 0.415182892675687 0.603909771622203 0.909644619595014 0.844179197095558 0.563352080238045 0.429152100215253 0.266608949660288 0.224452738722679 0.780652457998951 0.60822819364003 0.376225081658752 -0.512596329576877 -1.10889537898514 -1.23588308803351 -1.28184453433243 -1.14223302061178 -0.981032553985269 -0.759263796062141 -0.668978724272245 -0.632342335704125 -0.660689854534973 -0.970072688931023 -0.907242323883556 -0.841562781193989 -9999 -9999 -9999 -9999
-9999 -9999 -9999 -9999 -9999 -9999 -9999 -9999 -9999 -9999 -9999 -9999 -9999 -9999 -9999 -9999 -9999 -9999 -9999 -9999 -9999 -9999 -9999 -9999 -9999 0.985944196557717 0.989545958639851 0.965563603809703 1.20586001856705 1.13174210273785 0.317234861767968 0.490762704368369 0.744304775981306 1.29164560362252 1.41252128465762 1.11929357460544 0.957289715075269 1.01991708487284 1.11248719070552 0.656628511039128 0.698343445723106 0.55431990314808 0.408015512968899 0.295115766662225 0.302258653668154 0.528556710423483 0.0693662123386471 -0.79235597397755 -1.58386132487933 -1.51239243863665 -1.44673738423432 -1.23443319399683 -1.00635691417557 -0.576572807844516 -0.67785561763339 -0.530189812664915 -0.428119401491462 -0.692623149181569 -0.755402767092071 -9999 -9999 -9999 -9999 -9999
-9999 -9999 -9999 -9999 -9999 -9999 -9999 -9999 -9999 -9999 -9999 -9999 -9999 -9999 -9999 -9999 -9999 -9999 -9999 -9999 -9999 -9999 -9999 -9999 -9999 -9999 1.2405438637166 1.25789716171734 0.892172275710721 1.25760622487229 0.819052583796469 1.28441900404116 1.38781235828109 1.65667478825887 1.12107699462674 0.404256841695351 0.642176054529773 0.611380898863033 0.75953506175371 0.748528465284832 0.568996648777113 0.466827301381743 0.48111136502677 0.340644643187923 0.211930220879103 0.271173198283994 -0.154081292205873 -0.86788186042807 -1.60118453632433 -1.54790503572374 -1.42619260129766 -1.18445952099123 -1.00730449580875 -0.918867322146781 -0.613468159799529 -0.58345180685135 -0.391772651987244 -9999 -9999 -9999 -9999 -9999 -9999 -9999
-9999 -9999 -9999 -9999 -9999 -9999 -9999 -9999 -9999 -9999 -9999 -9999 -9999 -9999 -9999 -9999 -9999 -9999 -9999 -9999 -9999 -9999 -9999 -9999 -9999 -9999 -9999 -9999 0.572803632054417 1.29851160508496 1.33909454378447 1.3859279620005 1.34723237556228 1.39005958345151 1.23886729678636 1.06246459206737 0.921189673021366 0.987540832030197 0.778514451958902 0.855053293878128 0.573594616654809 0.3807297248191 0.375697804743203 0.326387156802913 -0.107656651850045 -0.206410244932225 -0.476176771948027 -0.791392357417718 -1.32434032996454 -1.4123050085815 -1.3784420070672 -1.19822875263376 -0.917654838207819 -0.721969055137247 -0.653800519899239 -9999 -9999 -9999 -9999 -9999 -9999 -9999 -9999 -9999
-9999 -9999 -9999 -9999 -9999 -9999 -9999 -9999 -9999 -9999 -9999 -9999 -9999 -9999 -9999 -9999 -9999 -9999 -9999 -9999 -9999 -9999 -9999 -9999 -9999 -9999 -9999 -9999 -9999 -9999 1.38734337202147 1.23150528878022 0.921522190365741 1.70092989172951 1.71742555668643 1.69932013171566 1.52967487237196 1.14217504907048 1.00752237423703 0.919719228868778 0.764301061596712 0.434746829740056 0.351916596746803 0.282537580804779 -0.00521941378474411 -0.313128659221478 -0.482436206818221 -0.825358134331596 -1.10245042511653 -1.33161957322833 -1.3473283418562 -1.16464406212731 -9999 -9999 -9999 -9999 -9999 -9999 -9999 -9999 -9999 -9999 -9999 -9999
-9999 -9999 -9999 -9999 -9999 -9999 -9999 -9999 -9999 -9999 -9999 -9999 -9999 -9999 -9999 -9999 -9999 -9999 -9999 -9999 -9999 -9999 -9999 -9999 -9999 -9999 -9999 -9999 -9999 -9999 -9999 -9999 0.530946370593436 1.55233375103398 1.98165314188767 1.89146563672352 1.76044065625463 1.30748297992288 1.07006817424679 0.718059020891533 0.632018503687994 0.446066306444955 0.530279997490969 0.0852524018067145 -0.077577906756005 -9999 -9999 -9999 -9999 -9999 -9999 -9999 -9999 -9999 -9999 -9999 -9999 -9999 -9999 -9999 -9999 -9999 -9999 -9999
-9999 -9999 -9999 -9999 -9999 -9999 -9999 -9999 -9999 -9999 -9999 -9999 -9999 -9999 -9999 -9999 -9999 -9999 -9999 -9999 -9999 -9999 -9999 -9999 -9999 -9999 -9999 -9999 -9999 -9999 -9999 -9999 -9999 -9999 -9999 -9999 -9999 -9999 -9999 -9999 -9999 -9999 -9999 -9999 -9999 -9999 -9999 -9999 -9999 -9999 -9999 -9999 -9999 -9999 -9999 -9999 -9999 -9999 -9999 -9999 -9999 -9999 -9999 -9999
-9999 -9999 -9999 -9999 -9999 -9999 -9999 -9999 -9999 -9999 -9999 -9999 -9999 -9999 -9999 -9999 -9999 -9999 -9999 -9999 -9999 -9999 -9999 -9999 -9999 -9999 -9999 -9999 -9999 -9999 -9999 -9999 -9999 -9999 -9999 -9999 -9999 -9999 -9999 -9999 -9999 -9999 -9999 -9999 -9999 -9999 -9999 -9999 -9999 -9999 -9999 -9999 -9999 -9999 -9999 -9999 -9999 -9999 -9999 -9999 -9999 -9999 -9999 -9999
-9999 -9999 -9999 -9999 -9999 -9999 -9999 -9999 -9999 -9999 -9999 -9999 -9999 -9999 -9999 -9999 -9999 -9999 -9999 -9999 -9999 -9999 -9999 -9999 -9999 -9999 -9999 -9999 -9999 -9999 -9999 -9999 -9999 -9999 -9999 -9999 -9999 -9999 -9999 -9999 -9999 -9999 -9999 -9999 -9999 -9999 -9999 -9999 -9999 -9999 -9999 -9999 -9999 -9999 -9999 -9999 -9999 -9999 -9999 -9999 -9999 -9999 -9999 -9999
-9999 -9999 -9999 -9999 -9999 -9999 -9999 -9999 -9999 -9999 -9999 -9999 -9999 -9999 -9999 -9999 -9999 -9999 -9999 -9999 -9999 -9999 -9999 -9999 -9999 -9999 -9999 -9999 -9999 -9999 -9999 -9999 -9999 -9999 -9999 -9999 -9999 -9999 -9999 -9999 -9999 -9999 -9999 -9999 -9999 -9999 -9999 -9999 -9999 -9999 -9999 -9999 -9999 -9999 -9999 -9999 -9999 -9999 -9999 -9999 -9999 -9999 -9999 -9999
-9999 -9999 -9999 -9999 -9999 -9999 -9999 -9999 -9999 -9999 -9999 -9999 -9999 -9999 -9999 -9999 -9999 -9999 -9999 -9999 -9999 -9999 -9999 -9999 -9999 -9999 -9999 -9999 -9999 -9999 -9999 -9999 -9999 -9999 -9999 -9999 -9999 -9999 -9999 -9999 -9999 -9999 -9999 -9999 -9999 -9999 -9999 -9999 -9999 -9999 -9999 -9999 -9999 -9999 -9999 -9999 -9999 -9999 -9999 -9999 -9999 -9999 -9999 -9999
