data/pcas/current_cal/PC07.asc
NCOLS 366 
NROWS 318 
XLLCORNER -99.1666666666663 
YLLCORNER -31.5000000000002 
CELLSIZE 0.166666666666667 
NODATA_value -9999 
[rows 0 to 27 of 318, columns 0 to 63 of 366]
-9999.000000000000000 -9999 -9999 -9999 -9999 -9999 -9999 -9999 -9999 -9999 -9999 -9999 -9999 -9999 -9999 -9999 -9999 -9999 -9999 -9999 -9999 -9999 -9999 -9999 -9999 -9999 -9999 -9999 -9999 -9999 -9999 -9999 -9999 -9999 -9999 -9999 -9999 -9999 -9999 -9999 -9999 -9999 -9999 -9999 -9999 -9999 -9999 -9999 -9999 -9999 -9999 -9999 -9999 -9999 -9999 -9999 -9999 -9999 -9999 -9999 -9999 -9999 -9999 -9999
-9999 -9999 -9999 -9999 -9999 -9999 -9999 -9999 -9999 -9999 -9999 -9999 -9999 -9999 -9999 -9999 -9999 -9999 -9999 -9999 -9999 -9999 -9999 -9999 -9999 -9999 -9999 -9999 -9999 -9999 -9999 -9999 -9999 -9999 -9999 -9999 -9999 -9999 -9999 -9999 -9999 -9999 -9999 -9999 -9999 -9999 -9999 -9999 -9999 -9999 -9999 -9999 -9999 -9999 -9999 -9999 -9999 -9999 0.399335537615123 0.303372139835899 0.268412467518279 0.318592204740558 0.293636220947493 0.272569806874523
-9999 -9999 -9999 -9999 -9999 -9999 -9999 -9999 -9999 -9999 -9999 -9999 -9999 -9999 -9999 -9999 -9999 -9999 -9999 -9999 -9999 -9999 -9999 -9999 -9999 -9999 -9999 -9999 -9999 -9999 -9999 -9999 -9999 -9999 -9999 -9999 -9999 -9999 -9999 -9999 -9999 -9999 -9999 -9999 -9999 -9999 -9999 -9999 -9999 -9999 -9999 -9999 -9999 -9999 0.636802065662718 0.572322009144624 0.493516079910309 0.387785870382212 0.334895038032237 0.290072271896503 0.251709343801114 0.281515565861201 0.276267317022433 0.252244002836346
-9999 -9999 -9999 -9999 -9999 -9999 -9999 -9999 -9999 -9999 -9999 -9999 -9999 -9999 -9999 -9999 -9999 -9999 -9999 -9999 -9999 -9999 -9999 -9999 -9999 -9999 -9999 -9999 -9999 -9999 -9999 -9999 -9999 -9999 -9999 -9999 -9999 -9999 -9999 -9999 -9999 0.955219623091733 -9999 -9999 -9999 -9999 -9999 -9999 -9999 -9999 -9999 -9999 0.653214409521558 0.638620562166952 0.597885115421503 0.606024672419208 0.486893840424286 0.363453401063935 0.292998732072926 0.287169094606555 0.300720654692381 0.267640744400512 0.203676330897888 0.181803867424727
-9999 -9999 -9999 -9999 -9999 -9999 -9999 -9999 -9999 -9999 -9999 -9999 -9999 -9999 -9999 -9999 -9999 -9999 -9999 -9999 -9999 -9999 -9999 -9999 -9999 -9999 -9999 -9999 -9999 -9999 -9999 -9999 -9999 -9999 -9999 -9999 -9999 -9999 -9999 -9999 -9999 -9999 -9999 -9999 -9999 -9999 -9999 -9999 -9999 -9999 -9999 -9999 0.752475785535538 0.615844799378058 0.522551833930822 0.47489761353507 0.436766437844528 0.335927732121202 0.257240404471503 0.234437644735333 0.232054340719643 0.1803557072811 0.136900327693586 0.129231268439428
-9999 -9999 -9999 -9999 -9999 -9999 -9999 -9999 -9999 -9999 -9999 -9999 -9999 -9999 -9999 -9999 -9999 -9999 -9999 -9999 -9999 -9999 -9999 -9999 -9999 -9999 -9999 -9999 -9999 -9999 -9999 -9999 -9999 -9999 -9999 -9999 -9999 -9999 -9999 -9999 -9999 -9999 -9999 -9999 -9999 -9999 -9999 -9999 -9999 -9999 -9999 -9999 0.686744956804984 0.59831738178894 0.434772412287341 0.35446482584232 0.390510152681937 0.320953437279979 0.260777401277377 0.180077093153944 0.163806614085703 0.14055455463504 0.129957478744789 0.0969791981657777
-9999 -9999 -9999 -9999 -9999 -9999 -9999 -9999 -9999 -9999 -9999 0.342139458624272 0.372513256789269 0.314819152927249 -9999 -9999 -9999 -9999 -9999 -9999 -9999 -9999 -9999 -9999 -9999 -9999 -9999 -9999 -9999 -9999 -9999 -9999 -9999 -9999 -9999 -9999 -9999 -9999 -9999 -9999 -9999 -9999 -9999 -9999 -9999 -9999 -9999 -9999 -9999 -9999 -9999 -9999 0.633860873265838 0.55050580757316 0.418469830073107 0.352678438515899 0.341254220574911 0.247927093492312 0.132514862017116 0.133196502071251 0.120699468014656 0.115002044056096 0.0795755509471441 0.0725918524749719
-9999 -9999 -9999 -9999 -9999 -9999 -9999 -9999 -9999 0.290061724219067 0.236867704089648 0.214375176946467 0.271447226620104 0.246444802864561 0.307668614005143 -9999 -9999 -9999 -9999 -9999 -9999 -9999 -9999 -9999 -9999 -9999 -9999 -9999 -9999 -9999 -9999 -9999 -9999 -9999 -9999 -9999 -9999 -9999 -9999 -9999 -9999 -9999 -9999 -9999 -9999 -9999 -9999 -9999 -9999 -9999 -9999 -9999 0.566284637601673 0.44182895694326 0.404713006314555 0.342502879435265 0.285257365227021 0.185865728209414 0.0651838923880595 0.0268998958529381 0.0966935144528004 0.0546624682516494 0.0352793207714468 0.0563476971568531
-9999 -9999 -9999 -9999 -9999 -9999 -9999 -9999 0.0414066383658187 0.173442145026758 0.250174443340388 0.197244299611532 0.139093850152986 0.124591195664617 0.18851827405801 0.278862432527493 -9999 -9999 -9999 -9999 -9999 -9999 -9999 -9999 -9999 -9999 -9999 -9999 -9999 -9999 -9999 -9999 -9999 -9999 -9999 -9999 -9999 -9999 -9999 -9999 -9999 -9999 -9999 -9999 -9999 -9999 -9999 -9999 -9999 -9999 -9999 -9999 0.510598475416984 0.406079744858498 0.365020022503068 0.331811452997313 0.285345012178936 0.18022166298077 0.0938998762042519 0.0733518971382984 0.0769871853542445 0.041668911726617 0.0183141648952884 0.0281534077234174
-9999 -9999 -9999 -9999 -9999 -9999 -9999 0.0525115074289377 -0.0136002265539579 -0.00387185841716465 -0.0557939934299932 0.052473607115305 0.129980775624879 0.14641878070355 0.176667724169965 0.263399905758277 0.472097753662139 -9999 -9999 -9999 -9999 -9999 -9999 -9999 -9999 -9999 -9999 -9999 -9999 -9999 -9999 -9999 -9999 -9999 -9999 -9999 -9999 -9999 -9999 -9999 -9999 -9999 -9999 -9999 -9999 -9999 -9999 -9999 -9999 -9999 -9999 0.595200089613164 0.489663083544647 0.376652213298921 0.318253830243325 0.313030328633898 0.276409752544692 0.212401964786731 0.144320512002258 0.0942512569289118 0.0858461445596068 0.115625742314381 0.0542440038352535 -0.0103171215136636
-9999 -9999 -9999 -9999 -9999 -9999 -0.0136112915662571 -0.00443033952745954 0.0262634004736692 -0.0562498642189471 -0.0379514418917324 0.0350877840712475 0.00444198311172331 0.0749466715309143 0.176688124468569 0.323096358997202 0.614315027401973 -9999 -9999 -9999 -9999 -9999 -9999 -9999 -9999 -9999 -9999 -9999 -9999 -9999 -9999 -9999 -9999 -9999 -9999 -9999 -9999 -9999 -9999 -9999 -9999 -9999 -9999 -9999 -9999 -9999 -9999 -9999 -9999 -9999 0.617281886484738 0.579539357019092 0.434325824669211 0.288418505361526 0.284348372684127 0.275965206058819 0.266318727525889 0.268654920290202 0.168956752698516 0.122115209915849 0.103126723613685 0.0639630598259834 0.0179140064059433 -0.0219154464351924
-9999 -9999 -9999 -9999 -9999 0.124154329613055 0.010556267135567 -0.0471354586321202 -0.06968424785019 0.0596553576259732 0.0111166906740119 0.0714025085887485 0.0466053090811665 0.205282306627397 0.383144906520164 0.713013409637 0.9250791366388 1.03492516463411 -9999 -9999 -9999 -9999 -9999 -9999 -9999 -9999 -9999 -9999 -9999 -9999 -9999 -9999 -9999 -9999 -9999 -9999 -9999 -9999 -9999 -9999 -9999 -9999 -9999 -9999 -9999 -9999 -9999 -9999 -9999 -9999 0.594078520003842 0.536217825097358 0.450400574834441 0.265613561699429 0.203409996640547 0.207942421179082 0.248078657547867 0.254490407648124 0.198211413995065 0.16799225569057 0.0925928996252169 0.0639666820537413 0.0387993968150038 0.01317111869843
-9999 -9999 -9999 -9999 0.189495470793887 0.224596984424696 0.130590403680157 0.0211826797579295 0.0240605028645281 0.094674077027408 0.182347489455104 0.106902496398833 0.0821866069421327 0.269931665738874 0.610490721461951 0.96200187369854 1.0553964474464 1.06107704649714 -9999 -9999 -9999 -9999 -9999 -9999 -9999 -9999 -9999 -9999 -9999 -9999 -9999 -9999 -9999 -9999 -9999 -9999 -9999 -9999 -9999 -9999 -9999 -9999 -9999 -9999 -9999 -9999 -9999 -9999 -9999 -9999 0.542607454104125 0.477409321348657 0.405772183761015 0.303445814762223 0.185937277238883 0.182627487382673 0.19061839455934 0.217984618383777 0.192119541914057 0.14515548982123 0.12269849517152 0.0802552551619754 0.061012821746725 0.0278972119392933
-9999 -9999 -9999 0.0725391088402055 0.319771248921765 0.275599054853023 0.0409705717904707 0.0261257458134343 0.11748538562893 0.116381804506714 0.0260204031213884 0.0140785433129615 0.0524254008180949 0.252004676632692 0.600550996040732 0.865029191258461 1.01747810248989 0.991483740057469 0.870088243483698 -9999 -9999 -9999 -9999 -9999 -9999 -9999 -9999 -9999 -9999 -9999 -9999 -9999 -9999 -9999 -9999 -9999 -9999 -9999 -9999 -9999 -9999 -9999 -9999 -9999 -9999 -9999 -9999 -9999 -9999 0.463184497208678 0.460888235298466 0.437933603274452 0.336262424724397 0.25091012581636 0.187878172594741 0.175427280676674 0.190299476292907 0.165470576925283 0.138687134709542 0.131986702717368 0.095296965176588 0.0654052840013906 0.00799368085636273 -0.0055155466187996
-9999 -9999 -9999 0.0382410240259851 0.318487929618531 0.31472750964103 0.184536318381169 0.104388373829988 0.0873527187947084 0.0465440863224234 -0.0385123266053237 -0.18435902057713 0.0570157282162516 0.168101653759043 0.469143837648462 0.729105990577547 0.959652477346867 1.01335644169229 0.810916657080592 0.687022747042984 -9999 -9999 -9999 -9999 -9999 -9999 -9999 -9999 -9999 -9999 -9999 -9999 -9999 -9999 -9999 -9999 -9999 -9999 -9999 -9999 -9999 -9999 -9999 -9999 -9999 -9999 -9999 0.317203615866344 0.368943149244129 0.386793281156245 0.383578477776159 0.35697641420195 0.263907108735032 0.231502850859312 0.196906394763383 0.148845489705291 0.144785332546255 0.104584662276498 0.100691409364534 0.107340873137054 0.0659436533741174 0.0519193132564302 -0.0301907024470437 -0.0384856353397553
-9999 -9999 0.18959760876242 0.188565341170864 0.329143402646593 0.294542263905351 0.264178712937956 0.223766184485897 0.244433272485277 0.138879023377401 0.0621511070055961 0.00727940449226015 0.117213719559854 0.12179078010084 0.343722452606008 0.634449636685005 0.894113428136313 0.93317543526033 0.800858334028767 0.669945993325964 -9999 -9999 -9999 -9999 -9999 -9999 -9999 -9999 -9999 -9999 -9999 -9999 -9999 -9999 -9999 -9999 -9999 -9999 -9999 -9999 -9999 -9999 -9999 -9999 -9999 -9999 0.278950101402849 0.300263729077581 0.309756741664639 0.329304724365621 0.329347682533334 0.329716607661634 0.215732934757073 0.174802615576371 0.155289712157517 0.116603160736901 0.122864526918769 0.0929317209760437 0.0891240697653987 0.08934182144707 0.0613236218278355 0.0324604623346148 -0.0359941412304028 -0.0683508772443637
-9999 -9999 0.442565871633565 0.448593328933287 0.517755999964327 0.510802310495439 0.450454035780997 0.28511256625202 0.322770603131417 0.224304195455369 0.191677816200562 0.205580300773681 0.0914313353632299 -0.0127788561177171 0.231794877193949 0.57957820817586 0.863687523704089 0.843888402756666 0.776914431242086 0.667492053490744 0.445871340218876 0.237071296464382 0.0467201488093178 -0.0612498107956569 -0.114475418550294 -9999 -9999 -9999 -9999 -9999 -9999 -9999 -9999 -9999 -9999 -9999 -9999 -9999 -9999 -9999 0.0781794621303297 0.0549482615934586 0.023381118777556 0.0259953951263843 0.000682704761370875 0.100435169197768 0.242428311481719 0.265611389845209 0.252625255052473 0.258804712710217 0.253138732537442 0.233773695367954 0.21786502538143 0.192520816409473 0.150574791596081 0.146665391909407 0.111275362752705 0.0617129441448716 0.0741908035589772 0.0761761244511737 0.0676907050149953 0.0619941244597395 0.0320115854863784 0.00605796101684315
-9999 0.683586389536376 0.621251803523041 0.662691348302514 0.672483301159209 0.64534096976803 0.620187874355382 0.428130148747022 0.383174301984188 0.42446882620853 0.359111285962597 0.0706549302580014 0.0260541871174568 -0.0720067288457655 0.0287721799153362 0.462562336730603 0.751161389132015 0.75897044234355 0.790772517846326 0.709749228714889 0.454606295957298 0.216626031845536 0.0920873936901218 -0.0304985552659781 -0.0856699823093161 -0.181740525699959 -0.166038199586826 -9999 -9999 -9999 -9999 -9999 -9999 -9999 -9999 -9999 -9999 -9999 0.0387431010208562 0.0530073717540581 0.0731795091416463 0.0526179092512274 0.0206129111926815 -0.00693743514774455 -0.0100085972640339 -9999 0.217775416775395 0.218693118514401 0.211026323866184 0.208780333152398 0.172368101171221 0.195317509906777 0.181430669583138 0.19797128127106 0.147311972041952 0.101156149486482 0.091172962778807 0.0504692665764082 0.0462692715178099 0.0813467119837015 0.0840972231605087 0.109035476214858 0.104250703060597 0.0981824353613539
-9999 0.744035994979698 0.742977290100427 0.692670425310714 0.632156357457179 0.607399677297921 0.566054057561618 0.456540327719936 0.432022945005428 0.454516184124448 0.647797159408586 0.461824997820931 0.0704181663342568 -0.129808711706945 -0.0236523011618403 0.225661528770589 0.483694335734174 0.602659065889877 0.692174320535429 0.593730441066775 0.407071965410277 0.294676898087063 0.228768343197157 0.108831674534869 0.00862823689919956 -0.0975466429104531 -0.081722603746099 -9999 -9999 -9999 -9999 -9999 0.199773475672812 0.260141235870546 0.249205155932136 0.149096486617843 0.0607481109154831 0.0391961971442255 0.0268579032303624 0.0289639799330737 0.0364345132453912 0.0125357050877481 0.00640042419355841 -0.0156928833049158 0.0107273936322601 0.110490575364421 0.215002903515196 0.233079813094478 0.200953694428747 0.18635572036695 0.158617788847999 0.161023852798153 0.141979902569109 0.136311373816615 0.102989031226754 0.093033531577876 0.0830779562229089 0.0396443628503242 0.0581133546443061 0.0845745579856401 0.0888981892323967 0.115303201711372 0.119206110369013 0.0807935527355576
-9999 0.775941768910699 0.786175644658486 0.640316482514496 0.581814201264718 0.575251516800163 0.603818804729354 0.670282509129807 0.603498916321318 0.561360709538197 0.598468784542137 0.873168567433425 0.271230043580635 -0.0902206313340239 -0.353526294953631 0.0469253742220926 0.190334585062204 0.465279784573922 0.525017418837431 0.483343784897576 0.453963560489564 0.412872818771367 0.410084550929268 0.365129803588555 0.194365830787153 0.0608557187562964 0.0817670497690997 -0.025015009298984 -9999 0.112693993685501 0.169179287574622 0.11670012061366 0.123553324048859 0.151302615355561 0.122404594338131 0.0509725938381133 0.0115424457250914 0.0373396056573067 -0.000614641301595741 -0.00964978608558787 -0.00381266491980186 0.0102999161150368 0.0122720250063863 0.00459168285281367 0.0216340802203293 0.131204554583163 0.226878940766815 0.254243686434936 0.203905881361838 0.142613548354629 0.161409803655219 0.143758057071151 0.108416051891277 0.106075959007226 0.11501712165247 0.082596274534579 0.0227600360401795 0.00989851361300476 0.0174374724339308 0.0779303142850669 0.0952596272923179 0.110425087168374 0.145384920440155 0.132816364699685
-9999 0.725770472419881 0.717238956721321 0.636945654312569 0.539460316084457 0.58793614812043 0.581590903867848 0.658960683807992 0.588930266103486 0.477402670267648 0.597303141185453 0.619747583127756 0.567164686476456 0.0488776687847304 -0.296617348248131 -0.30664503720508 -0.0601829759014842 0.135708736185622 0.330071635504668 0.433136440131779 0.429678630302788 0.485255121853813 0.524861307509945 0.542093781203776 0.429854474835549 0.358009796470448 0.19970672995381 -0.0341965887110881 -0.01814374733778 0.0161052307085009 0.0220654655154392 0.0464484910249992 0.0590338182295291 0.0692858364307832 0.0623844607405998 0.0118149392437936 -0.00689108351465265 0.0210647055647345 -0.00652184008896699 -0.0160946932138882 -0.0132553613280309 -0.0177957577447688 -0.000741601523404939 0.0112696807017022 0.0136702051335272 0.0667198177500093 0.121299533734801 0.149352118183923 0.136250258952297 0.113270070811088 0.106355118960814 0.097985187599129 0.0673248439714224 0.0859146574781899 0.085716145696748 0.0543439100204742 0.0150317347836265 0.0045382062946473 0.0241312364329008 0.0673949991009009 0.0830450930702621 0.0788311490472648 0.0820222663679275 0.0376144572099461
0.743185084532449 0.679139384259976 0.676931430107415 0.671396876496458 0.635170764918875 0.605039024325448 0.580420461370801 0.528083084524288 0.466590026566509 0.327903891125369 0.386864774223892 0.279931758640623 0.657121728049179 0.377440433286467 -0.0532271874565471 -0.270318691375507 -0.32706778843935 -0.254134115665765 0.00813790970152359 0.298481645773523 0.374090248485325 0.392779226472005 0.509664547053521 0.551912940000398 0.475695429177807 0.359816988613277 0.161604158209235 -0.014085332354813 -0.0358504072900408 -0.0499620149098642 0.00307782798513666 0.000609089789843292 0.0306398890284834 0.0105395818208638 -0.0228790959758607 -0.0440946327754543 -0.0495669601315916 -0.0125130825083395 -0.0119903063193204 0.00482679640485528 0.00447802882196834 0.00179946510402403 -0.00667444605956866 -0.0257740268619485 -0.00579795390978931 -0.00982721176099526 -0.000599767369596861 0.0112808047831399 0.0608459399245783 0.072609896907928 0.0860999893841084 0.0448700028537881 0.0381393099026717 0.0412298914849304 0.0426636891067042 0.00177997589062977 0.000826901028992025 -0.0308074950505875 0.0360548836601486 0.0350969880532731 0.0673532147995145 0.0386997318490428 0.0988539123292549 0.0647565068795134
0.503596706119538 0.57580317649049 0.583708113422602 0.647583103696686 0.620511675922857 0.534054170620414 0.505446154792278 0.411055174817427 0.442154791794919 0.29717882797417 0.265242205153514 0.190801036585986 0.46369757624332 0.533229702948876 0.113290111251723 -0.0416193832731112 -0.276652832362961 -0.316793501109767 -0.224361344629284 0.0543917134887133 0.168070469850023 0.305323137996409 0.486179532650325 0.537906496108875 0.415517512633787 0.259655168639843 0.076862731225096 -0.027260089227771 -0.0352258494589987 -0.0458450735131477 -0.0147063135512244 -0.0375659134051562 -0.0223970417718681 -0.0297015789534614 -0.0167380715259938 -0.0440458236063091 -0.0605824573955281 -0.0437006831258339 0.031284667725722 0.0313586617514038 0.0168434188882306 -0.0242761431570166 -0.068430571139891 -0.0581159435015132 -0.0503954052476677 -0.0225552321313065 -0.00195291127376282 -0.000862962993671661 -0.00331005278021513 0.0305997146640698 0.051700669397577 0.0341658011900022 0.0454417476070229 0.0139077236052448 -0.0095283252213969 -0.0329769861473052 -0.0464740351014429 -0.0261063495304497 -0.00793498510614406 0.0385631868099805 0.0366064247371989 0.111287415705114 0.0914338078827712 0.0702416759076987
0.407845693725934 0.43476029392934 0.494405621709422 0.597236374140193 0.56951207246655 0.492671886128748 0.389993814057283 0.26213645962573 0.257677822174086 0.165387853156676 0.106752545435607 0.165492233781854 0.260354724195654 0.563785461507041 0.233649093927567 0.0530370795639159 -0.120686691065985 -0.245300778992459 -0.258531884889393 -0.104796984904123 -0.00383925908110031 0.177122244782482 0.360628836792799 0.438029369932382 0.317865858169102 0.135534525332893 -0.0222309821864098 -0.0414532088537243 -0.0724252059405242 -0.0297629517062795 -0.0286408503227362 -0.0640730175030339 -0.0856341313006438 -0.0370144528947374 -0.0328629353235022 0.0120145324112187 0.00853654943401407 0.00522575952440774 0.0260100110941999 0.0222022058913881 -0.021031625751083 -0.0321725832536249 -0.076754006512502 0.0209815090891434 -0.0837553993198893 -0.0567000937677887 -0.031182436709914 -0.0202709024084807 0.00121962198072973 0.00799337571696269 0.0127521062274455 0.023459602191937 -0.00739821882710185 -0.000704871837107643 -0.0216627664622582 -0.0547336917934678 -0.0534983865948459 0.00534456908036041 0.0152865394247545 0.0126387568153846 0.014763788505893 0.126310500927988 0.0760011050813848 0.05574182023332
0.442384062541707 0.23010283712046 0.297703062220852 0.399549599793389 0.37261959987998 0.308090705528957 0.22820052108781 0.158764881462224 0.0647190608866059 0.156999185681873 0.0975178039522436 0.142285153238718 0.290065750113504 0.335161402514055 0.114390054627251 0.135740145861582 -0.0734030906124726 -0.0140471693713011 -0.13383083681621 -0.248680153536327 -0.108295651614905 0.0282445378892802 0.204398698372638 0.297753090356516 0.19648350219652 0.0180555406666878 -0.102616665257953 -0.155556618369501 -0.113369944638781 -0.100764185070035 -0.108391675145297 -0.165922909453812 -0.12777766756782 -0.0678634433146364 0.0103021202161542 0.0513677691302583 0.0606590458310244 0.0134807892876984 -0.00300695077209553 -0.121538950589599 -0.127401151103115 -0.101304609336694 -0.117277497405196 -0.100839510234371 -0.101524752937313 -0.0754241320819267 -0.0466800022565792 -0.0451492722912321 -0.00551789572182226 -0.00920773075405009 -0.0037331976957487 0.0196313695244441 0.0134289155508016 0.0244177975339528 0.00644315390730315 -0.0254447214944906 -0.011009213201347 0.0125451004131069 -0.014746473902427 -0.00627076010133397 -0.00232997877702906 -0.0257794274048062 0.0573636205060962 0.0809846524993477
0.274525175819524 0.168688444646108 0.0682482849129321 0.100145925133461 0.1345022140802 0.170538636883269 0.15447743580912 -0.00183316506242732 0.0569708339573147 0.127331604272475 0.079207278912983 0.0698209524165641 0.169750682088785 0.31900544733702 0.146889366030223 0.128578762546945 -0.00233252334118023 0.0941257306775665 -0.0411495859111802 -0.233799068211142 -0.108000386240919 0.0203869799861231 0.240577534156082 0.307439843861558 0.163380044774425 -0.0474945061290498 -0.153694184918585 -0.206683654296015 -0.13880570691171 -0.172314793908261 -0.181136945171766 -0.16724226676696 -0.155137330787934 -0.117475332204015 -0.104807853952385 -0.145261449929515 -0.198745526952995 -0.266623275847771 -0.183743458965746 -0.204639624853952 -0.296491945333955 -0.221245304630421 -0.142681683887014 -0.146450115699416 -0.152063477694929 -0.104369892391527 -0.0946145374217412 -0.091884481011676 -0.0613968705670298 -0.0376284346859554 -0.00624311360974916 -0.00739559908577708 0.00279635666294312 -0.00485335394967423 0.0524527781712499 0.00201546790560835 0.0150845788517928 0.0158826820748717 -0.0129284328536689 -0.0232453535832055 -0.0533020436520856 -0.0694219976446492 -0.0325886118542806 0.111622548433017
0.230177476251807 0.0546274848872002 -0.0253468726829335 -0.00797701631380486 0.0738385042663125 0.230665631181988 0.108883564700557 0.275792483433051 -0.0186121657491208 0.0359507300240518 0.155016625442289 0.160599482462928 0.163641468895777 0.253183497442253 0.421502968227279 0.257059791755158 0.00218243736587652 0.180892225168734 0.0484966375018007 -0.0440381791254595 -0.100131195998663 -0.0152085592165742 0.324162128495735 0.304361975456807 0.228599158969701 -0.0279695708527848 -0.131727099164978 -0.163569648796747 -0.126165197839056 -0.198747231805063 -0.169093978241794 -0.101916021044405 -0.129806834821093 -0.0876381482018118 -0.129796081674861 -0.0885197614971405 -0.154056871230713 -0.229572329563549 -0.130540250211884 -0.0931176804892701 -0.207296346638833 -0.218978636196692 -0.164809077916931 -0.199779689166171 -0.18316149113477 -0.165792452486523 -0.132596966675726 -0.0809128191294795 -0.0628328904726522 -0.0768706947451144 -0.0467908079803026 -0.0683638769565105 -0.0316997304507774 0.0141218802497601 0.0588671027277132 0.067894111429645 0.028296642021462 0.0237358049616073 -0.0270954224822165 -0.0768247089165787 -0.105771487533525 -0.0834040467945032 -0.0515331935508301 -0.0105429370118059
-9999 -0.0658204069103868 0.115558739165547 0.0037671593061571 0.166136037240042 0.171566084964214 0.214015194452035 0.329578442320197 0.199120152700883 0.0516423924927456 0.172384802205734 0.139030027152613 0.136889302639314 0.223211355394098 0.450656900180099 0.421926774473955 0.374556061529996 0.329829165448353 0.206242333114196 0.118204913668223 -0.0191714602536976 0.166589873292314 0.26443611577005 0.36186612670092 0.471462255347406 0.224715715424908 0.00654498192853585 -0.0567661177700711 -0.00981375082926793 0.0369801743935245 0.1411926735561 0.198843624823672 0.267892076312727 0.264947964730596 0.315239263734489 0.340866417128067 0.384100748327332 0.0364143481672155 -0.178717817567618 -0.255721607182476 -0.212122026313261 -0.176187480050713 -0.168174594091826 -0.157162318152369 -0.197284499941718 -0.23421757293669 -0.212674845820159 -0.137643347650393 -0.103248300461761 -0.055650604984595 -0.077411940962593 -0.0550363750956514 -0.0614259523798459 -0.0172657542896242 0.0287161226815165 0.0261540712493128 0.022424935035904 -0.00747321962203857 -0.0274492214069044 -0.0622151831086269 -0.0907901263949775 -0.0856169507775034 -0.0777632377468796 0.00820707355298964
