data/pcas/current_cal/PC11.asc
NCOLS 366 
NROWS 318 
XLLCORNER -99.1666666666663 
YLLCORNER -31.5000000000002 
CELLSIZE 0.166666666666667 
NODATA_value -9999 
[rows 0 to 27 of 318, columns 0 to 62 of 366]
-9999.000000000000000 -9999 -9999 -9999 -9999 -9999 -9999 -9999 -9999 -9999 -9999 -9999 -9999 -9999 -9999 -9999 -9999 -9999 -9999 -9999 -9999 -9999 -9999 -9999 -9999 -9999 -9999 -9999 -9999 -9999 -9999 -9999 -9999 -9999 -9999 -9999 -9999 -9999 -9999 -9999 -9999 -9999 -9999 -9999 -9999 -9999 -9999 -9999 -9999 -9999 -9999 -9999 -9999 -9999 -9999 -9999 -9999 -9999 -9999 -9999 -9999 -9999 -9999
-9999 -9999 -9999 -9999 -9999 -9999 -9999 -9999 -9999 -9999 -9999 -9999 -9999 -9999 -9999 -9999 -9999 -9999 -9999 -9999 -9999 -9999 -9999 -9999 -9999 -9999 -9999 -9999 -9999 -9999 -9999 -9999 -9999 -9999 -9999 -9999 -9999 -9999 -9999 -9999 -9999 -9999 -9999 -9999 -9999 -9999 -9999 -9999 -9999 -9999 -9999 -9999 -9999 -9999 -9999 -9999 -9999 -9999 0.208892109976381 0.229765407492193 0.233140813754201 0.218597458339588 0.214486453056677
-9999 -9999 -9999 -9999 -9999 -9999 -9999 -9999 -9999 -9999 -9999 -9999 -9999 -9999 -9999 -9999 -9999 -9999 -9999 -9999 -9999 -9999 -9999 -9999 -9999 -9999 -9999 -9999 -9999 -9999 -9999 -9999 -9999 -9999 -9999 -9999 -9999 -9999 -9999 -9999 -9999 -9999 -9999 -9999 -9999 -9999 -9999 -9999 -9999 -9999 -9999 -9999 -9999 -9999 0.215614711137462 0.200481219129564 0.184102163034326 0.213024451935275 0.210561126636549 0.223193426457509 0.230490647670769 0.229779881681983 0.208042425496176
-9999 -9999 -9999 -9999 -9999 -9999 -9999 -9999 -9999 -9999 -9999 -9999 -9999 -9999 -9999 -9999 -9999 -9999 -9999 -9999 -9999 -9999 -9999 -9999 -9999 -9999 -9999 -9999 -9999 -9999 -9999 -9999 -9999 -9999 -9999 -9999 -9999 -9999 -9999 -9999 -9999 0.179477988565526 -9999 -9999 -9999 -9999 -9999 -9999 -9999 -9999 -9999 -9999 0.193726075320172 0.192129647664522 0.170681572643323 0.174454248900635 0.168848765268418 0.186852093773295 0.241150617390834 0.0658940768676329 0.234354771784223 0.208422258080315 0.0462133202478566
-9999 -9999 -9999 -9999 -9999 -9999 -9999 -9999 -9999 -9999 -9999 -9999 -9999 -9999 -9999 -9999 -9999 -9999 -9999 -9999 -9999 -9999 -9999 -9999 -9999 -9999 -9999 -9999 -9999 -9999 -9999 -9999 -9999 -9999 -9999 -9999 -9999 -9999 -9999 -9999 -9999 -9999 -9999 -9999 -9999 -9999 -9999 -9999 -9999 -9999 -9999 -9999 0.154972122301897 0.171150973485093 0.16973651193971 0.19496673052307 0.220019414337134 0.236639687850046 0.0514703251586483 0.0664903689012687 0.0747743734564791 0.0650661657740306 0.0908576368574166
-9999 -9999 -9999 -9999 -9999 -9999 -9999 -9999 -9999 -9999 -9999 -9999 -9999 -9999 -9999 -9999 -9999 -9999 -9999 -9999 -9999 -9999 -9999 -9999 -9999 -9999 -9999 -9999 -9999 -9999 -9999 -9999 -9999 -9999 -9999 -9999 -9999 -9999 -9999 -9999 -9999 -9999 -9999 -9999 -9999 -9999 -9999 -9999 -9999 -9999 -9999 -9999 0.152527624597255 0.157598159593132 0.183750438549809 0.204838670944741 0.209939788083434 0.228928523584 0.0579072657339006 0.0694442771215373 0.076037973002445 0.080029507951338 0.0895219323424032
-9999 -9999 -9999 -9999 -9999 -9999 -9999 -9999 -9999 -9999 -9999 0.00260214232013897 -0.0322899919214888 0.0214634367314562 -9999 -9999 -9999 -9999 -9999 -9999 -9999 -9999 -9999 -9999 -9999 -9999 -9999 -9999 -9999 -9999 -9999 -9999 -9999 -9999 -9999 -9999 -9999 -9999 -9999 -9999 -9999 -9999 -9999 -9999 -9999 -9999 -9999 -9999 -9999 -9999 -9999 -9999 0.169373386584585 0.188483162545662 0.18721990362634 0.207134039803448 0.0322185339278794 0.0397976102290217 0.0530114839009527 0.0599173802280328 0.0770744117370606 0.0843834440277761 0.0967815218804028
-9999 -9999 -9999 -9999 -9999 -9999 -9999 -9999 -9999 0.033234028125534 0.00583344226377988 0.0141691166490603 0.0403123495958915 -0.0136142354422293 0.235684680269875 -9999 -9999 -9999 -9999 -9999 -9999 -9999 -9999 -9999 -9999 -9999 -9999 -9999 -9999 -9999 -9999 -9999 -9999 -9999 -9999 -9999 -9999 -9999 -9999 -9999 -9999 -9999 -9999 -9999 -9999 -9999 -9999 -9999 -9999 -9999 -9999 -9999 0.19836974045114 0.198647829339986 0.221426756887725 0.245343434963712 0.0389164142855438 0.0350207452862277 0.0438981614704569 0.0542224249913167 0.0633616821176606 0.0645714223713234 0.087841373184099
-9999 -9999 -9999 -9999 -9999 -9999 -9999 -9999 0.00197518479566278 0.0305520336046891 0.0762533158860033 0.108342971231219 0.0226534280877622 0.224946672954898 0.222655626144234 0.244376072131271 -9999 -9999 -9999 -9999 -9999 -9999 -9999 -9999 -9999 -9999 -9999 -9999 -9999 -9999 -9999 -9999 -9999 -9999 -9999 -9999 -9999 -9999 -9999 -9999 -9999 -9999 -9999 -9999 -9999 -9999 -9999 -9999 -9999 -9999 -9999 -9999 0.203285122497629 0.221150244354038 0.225093155626451 0.0328584561243193 0.0453837300044881 0.0424364180516964 0.0369428785090161 0.0397377677139619 0.0493507254941463 0.0506125153630292 0.0618950670022963
-9999 -9999 -9999 -9999 -9999 -9999 -9999 0.0221326587193981 0.0948163845866037 0.125674361848523 0.135096096891254 0.297844251019324 0.228554874578288 0.231100919872717 0.300571088783555 0.249909432823124 0.169359743346082 -9999 -9999 -9999 -9999 -9999 -9999 -9999 -9999 -9999 -9999 -9999 -9999 -9999 -9999 -9999 -9999 -9999 -9999 -9999 -9999 -9999 -9999 -9999 -9999 -9999 -9999 -9999 -9999 -9999 -9999 -9999 -9999 -9999 -9999 0.206439387483352 0.22024750286794 0.225892443185853 0.227758975367126 0.0359630495294562 0.0502428037517051 0.0521141463430073 0.0364312783207129 -0.00467486288348357 0.0585409674979036 0.0279617090000827 0.0634389838397212
-9999 -9999 -9999 -9999 -9999 -9999 -0.0959686266954634 -0.11459891361781 -0.0843769957078455 0.0415965724960704 0.02699078382567 0.0844792085229001 0.0833663141724099 0.0674804962215262 0.0622681779596834 0.0194345293819482 0.179424257588862 -9999 -9999 -9999 -9999 -9999 -9999 -9999 -9999 -9999 -9999 -9999 -9999 -9999 -9999 -9999 -9999 -9999 -9999 -9999 -9999 -9999 -9999 -9999 -9999 -9999 -9999 -9999 -9999 -9999 -9999 -9999 -9999 -9999 0.161060094734042 0.176100761303841 0.213194992377177 0.22935318153869 0.238982531843731 0.0442043655906391 0.0724811779567492 0.053288783211782 -0.0218615755467147 -0.00612834696808251 0.0610275375752328 0.0780944970063832 0.102197386152027
-9999 -9999 -9999 -9999 -9999 -0.0628673974960214 -0.0970861084327588 -0.0828095695857545 -0.121804066329561 -0.00379765840521706 -0.112451515049778 -0.093918925138671 0.0346099185200985 0.0214098741336985 -0.00715151366721323 -0.0454910466933316 0.197451394344702 0.187639799773714 -9999 -9999 -9999 -9999 -9999 -9999 -9999 -9999 -9999 -9999 -9999 -9999 -9999 -9999 -9999 -9999 -9999 -9999 -9999 -9999 -9999 -9999 -9999 -9999 -9999 -9999 -9999 -9999 -9999 -9999 -9999 -9999 0.184114229276038 0.190565009531314 0.236787206244827 0.247151474557152 0.255729897284049 0.28070397326722 0.0664845465985104 0.260666931887907 -0.00957626668083378 0.0759053097978534 0.0792125961216499 0.104951932478558 0.103513418365852
-9999 -9999 -9999 -9999 -0.0349457744935382 -0.0533728984654906 -0.0581231787150722 -0.0685622419094645 -0.0644468817817729 0.0282193639487565 0.000706564464687531 -0.129757397101778 -0.00385200254273832 -0.0256285226264943 -0.0373815195301062 0.0208694205780058 0.2043240540241 0.196674779475678 -9999 -9999 -9999 -9999 -9999 -9999 -9999 -9999 -9999 -9999 -9999 -9999 -9999 -9999 -9999 -9999 -9999 -9999 -9999 -9999 -9999 -9999 -9999 -9999 -9999 -9999 -9999 -9999 -9999 -9999 -9999 -9999 0.170441111488812 0.203850852984147 0.229114248466215 0.25144891424555 0.255142727395264 0.264083264310375 0.213319773680283 0.202049070435166 0.266469641944813 0.282775597849514 0.0860583054101568 0.105009107217251 0.301795931186378
-9999 -9999 -9999 -0.0834850418511306 -0.0453765180005005 -0.0778626138726495 -0.103316417601588 -0.0765228542747297 -0.0203806771688676 -0.0307196625564554 -0.0606901237721411 -0.0285185537400754 -0.0229989464859058 -0.0242573842405242 -0.138915380507671 -0.0273203080593549 -0.00705627307103279 0.168430376811543 0.193939908682702 -9999 -9999 -9999 -9999 -9999 -9999 -9999 -9999 -9999 -9999 -9999 -9999 -9999 -9999 -9999 -9999 -9999 -9999 -9999 -9999 -9999 -9999 -9999 -9999 -9999 -9999 -9999 -9999 -9999 -9999 0.161087326972205 0.180247572589022 0.213261785456838 0.237786256975522 0.240060651177896 0.274399574894465 0.268361024145659 0.270341272709554 0.285050873697203 0.266582522107099 0.274188445881233 0.279439243706344 0.282957087149246 0.29383719398518
-9999 -9999 -9999 -0.138646994346457 -0.0953020833234103 -0.102315863981452 -0.0629589989355105 -0.0582355619646309 -0.0492387906742842 -0.0696013929237258 -0.142969797517759 -0.0654030373773904 0.0136127244399408 -0.0383567210212569 -0.147514913924916 -0.0353975793039353 0.185703717971539 0.124617966346593 0.164635800080858 0.146757691556286 -9999 -9999 -9999 -9999 -9999 -9999 -9999 -9999 -9999 -9999 -9999 -9999 -9999 -9999 -9999 -9999 -9999 -9999 -9999 -9999 -9999 -9999 -9999 -9999 -9999 -9999 -9999 0.171455457545024 0.174428870697133 0.168109647799431 0.201556118987024 0.222542642016536 0.233295243751805 0.235761133141198 0.263915405261615 0.277679562600287 0.273612843278248 0.282054185066896 0.274137914278262 0.28763491306599 0.285291153437932 0.283089232066093 0.297998605853734
-9999 -9999 -0.113981033666072 -0.111306562818643 -0.093999564001099 -0.115246981300899 -0.0794551062353817 -0.0636485190434235 -0.0132572175231892 -0.049864414379083 -0.12867601229599 -0.0183614766186435 0.0139756197822219 -0.0400605404518729 -0.0316596122281148 -0.0360215298764155 -0.0453479012870421 0.169283387211431 0.155617160322781 0.134722771607253 -9999 -9999 -9999 -9999 -9999 -9999 -9999 -9999 -9999 -9999 -9999 -9999 -9999 -9999 -9999 -9999 -9999 -9999 -9999 -9999 -9999 -9999 -9999 -9999 -9999 -9999 0.173478727363225 0.167240959815072 0.17623884489312 0.173697616576928 0.187822267974851 0.204811105434459 0.234856333369455 0.23441044554128 0.255376194352227 0.278888987784604 0.277112399872659 0.270615009256641 0.278696786907857 0.28268484718712 0.280495058472074 0.286055463850171 0.271134999150393
-9999 -9999 -0.128208529061796 -0.108249372607017 0.0161348954792025 -0.0843973628122998 -0.0806979901315336 -0.0844645957259844 -0.0224230166870093 -0.0563646442667948 -0.124869435049495 -0.0216358902482097 0.0179337216683254 0.0120714852578986 -0.0359120932454668 -0.0128390355627609 -0.042242203678351 0.135931206074466 0.173943732580192 0.182441447773082 0.130255758947963 0.130768771167318 0.103691838891596 0.102841546758164 0.237758344628767 -9999 -9999 -9999 -9999 -9999 -9999 -9999 -9999 -9999 -9999 -9999 -9999 -9999 -9999 -9999 0.065154779805322 0.187112331164668 0.199892432357535 0.201488909795353 0.122666875885737 0.145429887062531 0.175782663216239 0.158251330509405 0.165567637418875 0.174634931725131 0.185859710422037 0.196135480682838 0.22661028895201 0.259460052296487 0.269593130385782 0.276748752485505 0.214532953540923 0.217771866310733 0.272417001329981 0.271107860616706 0.275909252285007 0.262403724389692 0.219904375025512
-9999 -0.20662998214116 -0.178692327580471 -0.141273525441374 0.0584121274582298 0.0431362905423213 -0.0791912299136528 -0.0789375153400095 -0.0180508924364696 -0.0271297417909782 -0.0466894797012928 -0.0296147438791676 -0.0146609690500458 0.036488013829936 0.00166070484397143 -0.0713315949146156 0.143998533231866 0.121540775988083 0.134317253465124 0.147816967807927 0.175546859635871 0.121616912182032 0.0912524820528474 0.166500962333305 0.279644995046202 0.207757654808978 0.209185177312676 -9999 -9999 -9999 -9999 -9999 -9999 -9999 -9999 -9999 -9999 -9999 0.201264381643231 0.189116370990298 0.167936046400032 0.188404126373449 0.179124841283299 0.167079456477115 0.12897967632439 -9999 0.159632978803204 0.151080593782728 0.181219652342116 0.181395647616746 0.183940416352871 0.189574878041556 0.227100085784296 0.258967973631016 0.225407048089381 0.221635087566848 0.21025752407301 0.220246258404127 0.204175966380615 0.255779977287785 0.242219655102105 0.248054906496995 0.179944423158579
-9999 -0.223187324638143 -0.196860781171717 -0.162362292275772 -0.134395926537015 -0.114345684245776 -0.0733101091484736 -0.0599275992834537 -0.0497893537988277 -0.0254963564434322 -0.0396474693472711 -0.00528491884273968 -0.0184228659026847 0.0511540061315252 -0.00756957115038406 -0.0437314099407347 -0.0113169590538038 0.140310465621583 0.107568704814002 0.14489081177691 0.182266793184327 0.138631845265033 0.115598527253688 0.129847942004126 0.351684942391411 0.348068929598967 0.23113210446806 -9999 -9999 -9999 -9999 -9999 0.420419479590442 0.440000893485142 0.326651369987775 0.306954305223925 0.249610815398402 0.253760345742921 0.335418544509748 0.31142776166524 0.216189600892743 0.224749513721838 0.213136938016122 0.214222760915783 0.149718675502665 0.161561365760529 0.183150220185981 0.164817123883743 0.162968925851805 0.177186113050016 0.179039662367263 0.186988946952086 0.179691667193415 0.207622040697107 0.237451274364907 0.235807510115694 0.217846979697514 0.223980849118922 0.209195175717588 0.236366348426566 0.237960648996511 0.184091448465543 0.153076308180282
-9999 -0.210223771580999 -0.200939943269284 -0.234738271411043 -0.211180687352638 -0.143126681222543 -0.0863745144272413 -0.0662977218416911 -0.0512025445844807 0.00298961722145941 -0.0979858093893967 -0.0571123069245651 -0.04801328899282 0.0317177670016154 0.0858219795257563 -0.000852880648207488 -0.0117211312197221 -0.0452924139109938 0.11591661756729 0.142835278226386 0.126026526965539 0.13083293308087 0.121158695667238 0.137820510879206 0.135713295653432 0.317857268773646 0.0720585714044489 0.0939543015193902 -9999 0.170988245936966 0.183511592360238 0.372701627230854 0.394752471771967 0.39617612290334 0.391506076525336 0.258304395223174 0.246991883320303 0.357386894398267 0.358744927951796 0.368856012705343 0.21285698439512 0.227194580200461 0.221095511977183 0.199927046842395 0.152595039335549 0.181838745583207 0.167757425472314 0.165982591852648 0.165931127228999 0.185554700652787 0.172687567839998 0.197175124199863 0.190252233282844 0.218131317924981 0.237209753273099 0.236646072684556 0.226899680296109 0.206754905499553 0.198848334627248 0.224287573233226 0.224780977034834 0.228255477878641 0.171903441343971
-9999 -0.208574473264418 -0.200839296000006 -0.254846556961392 -0.228377529181864 -0.152653425592769 -0.0987029716030295 -0.0616418728302718 -0.0413374480428302 -0.0642331244824771 -0.0977836889458953 -0.0144147772679561 -0.0811541997487062 -0.00363573436626241 0.0465689865024838 0.267776228812215 0.0513414843058005 0.0126657968548672 0.164028146437694 0.140146115041974 0.113290711744975 0.115648223919948 0.112506955593516 0.100296389018086 0.112936243631207 0.0877435940332923 0.142185800939186 0.09512237002131 0.106630219451988 0.129217336416829 0.176516342981409 0.15911366189111 0.355678888099882 0.349636711642902 0.354578355265517 0.346400545834455 0.353382692239195 0.356030902906495 0.334996745590553 0.208507269858235 0.210360218918176 0.20979153031669 0.174520861017536 0.192845607967578 0.169608549513395 0.164406058430824 0.188506063113066 0.18954000377751 0.183598805119249 0.16668381018279 0.200760573395642 0.143619769407605 0.18823763378868 0.217902425291358 0.221518230010438 0.220114348890457 0.227245871967039 0.207161710647167 0.186695372198841 0.250630292174146 0.239654879382304 0.230312940385268 0.171197691371691
-0.181469001281935 -0.202344627222994 -0.215243345019904 -0.190160979067164 -0.17520140089331 -0.155605652615262 -0.0883787254960454 -0.0515764657396027 -0.035480971227047 -0.0818303539202212 -0.102355766415229 0.0065170187138236 -0.0926532449410144 -0.0652195155580008 -0.0274029421475909 0.220106079458087 0.254058570671585 0.27524849309438 0.224098783166776 0.166939664542793 0.132466895929385 0.137815542043346 0.181628296023458 0.117399237372341 0.109002810698827 0.0918413041926193 0.125688626939463 0.0972870166026787 0.036762611770742 0.111618974938356 0.1095515493971 0.0946767065531344 0.117310100580152 0.336790134871847 0.325407699012625 0.325468844359001 0.343071897685652 0.329692649290152 0.378506070110323 0.190650670337085 0.192940783673174 0.191648505456156 0.159982785294076 0.204288915943841 0.194433697825785 0.169635898175558 0.159134054642478 0.158653201246559 0.155663373026034 0.180826155187442 0.181307509293073 0.174702855817584 0.192097096695146 0.198588620978624 0.20961795955828 0.212701602494979 0.194143686305379 0.192892562457932 0.242068313286998 0.233356556938277 0.230931069259641 0.183947849604318 0.208471336315281
-0.252854525641646 -0.18469292252398 -0.212156224154526 -0.183304031390646 -0.159047977395421 -0.104779565248264 -0.0891389386578359 -0.0432132266239956 -0.025447316854585 -0.053224633251316 -0.0939005808873282 -0.120159226527204 -0.023281816807343 -0.0749476269523077 -0.0437295469662837 -0.0192726168648162 0.189636538382499 0.239745646759591 0.25973003761684 0.198791590791048 0.163950238012791 0.222202620943038 0.186486577506501 0.0578768251623893 0.0840175231311224 0.088758302764709 0.0858538709054604 0.101164270261964 0.0714049727024337 0.100936945662327 0.119563449185959 0.141710108916436 0.126518946315135 0.290055086680273 0.335955492379669 0.304992980127616 0.303102084693968 0.325841843090855 0.347687401593565 0.217242091637403 0.206970831388047 0.189558617141264 0.159828090686722 0.217924141584899 0.208448437971935 0.18361562090751 0.174461114441697 0.159974016595523 0.154401442517574 0.158934641679817 0.165684954649858 0.177617117508492 0.187628468320065 0.196797533703925 0.200623425459448 0.194276218010321 0.189000950103873 0.191368337719744 0.242480774558104 0.241532497786158 0.239663244063828 0.225062438302575 0.184746943627303
-0.133582837994028 -0.0845128432787168 -0.166098344816459 -0.178828166191913 -0.236206209758727 -0.125130593558498 -0.0834451485272954 -0.0350865355271796 -0.0236153920280953 -0.0523368807975807 -0.0732632316232109 -0.117923207389036 -0.00369399389264891 -0.0412447149086025 -0.0450684017058566 -0.0664019105780612 -0.0453118927672492 0.19100472808876 0.24979948464504 0.231603993811939 0.234881166723194 0.194201548947755 0.157914479345382 0.0731437132522196 0.0867311648569155 0.127171330820481 0.103678226315076 0.104957259491124 0.325427812390068 0.294037226016182 0.108722446537716 0.135718409004004 0.151127659884074 0.331172040893684 0.362374511206352 0.390539651600988 0.343452400589469 0.350564099325357 0.385996339611709 0.396442034248537 0.225105815386971 0.203467058079977 0.18494444651378 0.199938213681971 0.232254143537128 0.212407402704418 0.19822946198389 0.166442162054303 0.183206512520344 0.174119172619648 0.178204300284653 0.165055141441878 0.175983555245324 0.18376556462197 0.188462497924876 0.200728383614971 0.202409755458097 0.291733580580353 0.259518960667864 0.244119316920303 0.24003005318851 0.180836811347092 0.162596480397968
-0.100472030577951 -0.108377640059637 -0.0878154691315345 -0.179336264767242 -0.150940987858245 -0.0856813883499942 -0.0549038475154453 -0.0243745170112771 -0.0382816199751815 -0.0397576667670549 -0.0989993011002246 -0.0627986229349479 -0.119351832444849 -0.137460871497544 -0.0481139885685636 -0.0463056235313487 -0.0992924286579171 -0.00821014462399733 0.177055462947999 0.216683376035001 0.213334642026376 0.19020781499618 0.166515000706091 0.161301408076828 0.176607451209082 0.159138974834419 0.147905907504668 0.354477729942352 0.329551048385872 0.296028111564905 0.310053202771774 0.318169528077274 0.145745395224219 0.347512213591457 0.37114480880188 0.363103872043126 0.384702739054173 0.371754355084235 0.20335055572116 0.227177625037778 0.250730432228978 0.227157329528986 0.161862978723832 0.219330372078445 0.213727499351366 0.2119880104371 0.194746942637084 0.173801684783667 0.172221516128837 0.17776054417102 0.174202290824303 0.167531283979234 0.166444694006942 0.173159657039362 0.179446049805986 0.170462878894213 0.290259708679248 0.310997625458337 0.265261482773505 0.260017310638312 0.199068628685982 0.157697916163728 0.174521572305849
-0.0882115444377151 -0.0685968386136301 -0.0802463404683972 -0.0281899587094404 -0.0252375946165316 -0.106487026360717 -0.0614817385985869 -0.0427709228772722 -0.00349480261295576 -0.0114096451379729 -0.0380013068668495 -0.0792005911415299 -0.098563566606477 -0.120455925896037 -0.025934423319506 -0.0490333362589983 -0.0047038426472984 -0.0538766893478481 -0.0122276669978292 0.232548360017203 0.223054777921575 0.214981161853518 0.169669920913568 0.148096842651355 0.177151978514433 0.214487940350292 0.240476971265754 0.405729896853076 0.351535347731257 0.298408465142241 0.286767156704178 0.148151268284806 0.153622845184191 0.171061144830143 0.184678855857856 0.186481200792804 0.212631117796677 0.187419594050416 0.176855331719684 0.185224617258264 0.225382444300302 0.166562159425352 0.193206925020514 0.189704484483791 0.197051263878034 0.200029681796049 0.189210918915323 0.182150932211471 0.178923598899642 0.168253190809481 0.169721969927644 0.161581629442096 0.152515043852171 0.147060783553226 0.144592146175433 0.158801608790196 0.259194098009131 0.280900670848088 0.262191609654626 0.261783744760922 0.182706005355927 0.180772315263736 0.202435706956057
0.0590368070845377 -0.012454764572959 -0.022892001845053 -0.00695648782773278 0.0281223853111882 0.0455119146211324 0.0484129617717276 -0.0796192021722141 -0.0713293596535025 -0.0553468315745586 -0.00488288835285561 -0.0473926343948801 -0.0965842714752232 -0.136821057183612 -0.117891756039979 -0.134791831876262 -0.0194200269724926 -0.0826124509694226 -0.0634217535235301 0.164641448589755 0.217333283998787 0.203849867938206 0.129501032447732 0.121754886752779 0.174159517600815 0.204648765525918 0.192002172623078 0.339745821237155 0.170084624187547 0.348602747747426 0.187238764541448 0.172563491984409 0.146559492945876 0.162345412854844 0.138938856824451 0.205604416267012 0.205422536594433 0.191838533117198 0.0502971742416431 0.0482819471283118 0.176365371497742 0.200907687481763 0.224269241870161 0.167053215685395 0.203755546524409 0.189627855003571 0.175741313889134 0.156969218194138 0.159593536312664 0.173936537583296 0.154679813211357 0.156260486268933 0.151383081594588 0.113308917343795 0.109497018247069 0.0695486111187661 0.0952957040871603 0.24566298404914 0.264308459552117 0.270081724909845 0.0976531949176571 0.062687157586517 0.048715882846138
-9999 0.0853856378339019 0.107333629668263 0.0646856894791459 0.158323887899977 0.0770807199878222 0.0681618095934095 0.0288824019627823 -0.0751613208809131 -0.0540057265231978 -0.0108505954779017 -0.0314478319022095 0.00560469290587495 -0.128599115613959 -0.0989869218042535 -0.139032449509185 -0.163261296145925 -0.136599104496911 -0.145073348915687 0.0122767090012372 0.189776033443683 0.168270898208372 0.12779774456404 0.103495904362057 0.0740617988777674 0.0878715995168148 0.178906535046341 0.200129258876853 0.162885671767491 0.138429306571942 0.155510752741487 0.15279421821853 0.164447431347328 0.166502435802669 0.158027647849578 -0.0170553869535349 -0.00770617924399708 -0.00849656680672922 0.0570095851317742 0.0432758560606983 0.0547624458584511 0.0416778424290283 0.060153581303573 0.056660991554886 0.168807798768528 0.168629209644579 0.16735851098287 0.193580130531347 0.149071807090409 0.121919454473478 0.142805711686342 0.135417924678736 0.12299945163729 0.0970422668611446 0.0860453316180857 0.0384261827246236 0.0542649216741209 0.104705613855604 0.236111207080917 0.236865113506629 0.0695654717526197 0.0594091208784223 0.0377999593778372
