data/pcas/current_cal/PC13.asc
NCOLS 366 
NROWS 318 
XLLCORNER -99.1666666666663 
YLLCORNER -31.5000000000002 
CELLSIZE 0.166666666666667 
NODATA_value -9999 
[rows 0 to 27 of 318, columns 0 to 62 of 366]
-9999.000000000000000 -9999 -9999 -9999 -9999 -9999 -9999 -9999 -9999 -9999 -9999 -9999 -9999 -9999 -9999 -9999 -9999 -9999 -9999 -9999 -9999 -9999 -9999 -9999 -9999 -9999 -9999 -9999 -9999 -9999 -9999 -9999 -9999 -9999 -9999 -9999 -9999 -9999 -9999 -9999 -9999 -9999 -9999 -9999 -9999 -9999 -9999 -9999 -9999 -9999 -9999 -9999 -9999 -9999 -9999 -9999 -9999 -9999 -9999 -9999 -9999 -9999 -9999
-9999 -9999 -9999 -9999 -9999 -9999 -9999 -9999 -9999 -9999 -9999 -9999 -9999 -9999 -9999 -9999 -9999 -9999 -9999 -9999 -9999 -9999 -9999 -9999 -9999 -9999 -9999 -9999 -9999 -9999 -9999 -9999 -9999 -9999 -9999 -9999 -9999 -9999 -9999 -9999 -9999 -9999 -9999 -9999 -9999 -9999 -9999 -9999 -9999 -9999 -9999 -9999 -9999 -9999 -9999 -9999 -9999 -9999 -0.0606265838222268 -0.054345491929185 -0.00785267544075226 0.0136303041669108 0.0215156344744138
-9999 -9999 -9999 -9999 -9999 -9999 -9999 -9999 -9999 -9999 -9999 -9999 -9999 -9999 -9999 -9999 -9999 -9999 -9999 -9999 -9999 -9999 -9999 -9999 -9999 -9999 -9999 -9999 -9999 -9999 -9999 -9999 -9999 -9999 -9999 -9999 -9999 -9999 -9999 -9999 -9999 -9999 -9999 -9999 -9999 -9999 -9999 -9999 -9999 -9999 -9999 -9999 -9999 -9999 -0.0445177135541329 -0.0242250030781052 -0.00171456365298033 0.00192106351183465 -0.0094246698219111 -0.0201417024559665 0.0315459181001123 0.0493087645170976 0.0413846940049709
-9999 -9999 -9999 -9999 -9999 -9999 -9999 -9999 -9999 -9999 -9999 -9999 -9999 -9999 -9999 -9999 -9999 -9999 -9999 -9999 -9999 -9999 -9999 -9999 -9999 -9999 -9999 -9999 -9999 -9999 -9999 -9999 -9999 -9999 -9999 -9999 -9999 -9999 -9999 -9999 -9999 -0.074588017124572 -9999 -9999 -9999 -9999 -9999 -9999 -9999 -9999 -9999 -9999 0.00350872350536607 0.0134957815194866 0.0400023662424352 0.0637851326034908 0.0493247242108033 0.035826836809513 0.024315210947415 0.0238991897341924 0.0573665712335098 0.0624848987064107 0.0412287555110362
-9999 -9999 -9999 -9999 -9999 -9999 -9999 -9999 -9999 -9999 -9999 -9999 -9999 -9999 -9999 -9999 -9999 -9999 -9999 -9999 -9999 -9999 -9999 -9999 -9999 -9999 -9999 -9999 -9999 -9999 -9999 -9999 -9999 -9999 -9999 -9999 -9999 -9999 -9999 -9999 -9999 -9999 -9999 -9999 -9999 -9999 -9999 -9999 -9999 -9999 -9999 -9999 0.0439398508149778 0.0572529997535193 0.0710496852521448 0.0847479532071866 0.0681310118478046 0.056946838337373 0.0345889992284651 0.0369342245932155 0.0654573177457506 0.0700095633504734 0.0516120875763956
-9999 -9999 -9999 -9999 -9999 -9999 -9999 -9999 -9999 -9999 -9999 -9999 -9999 -9999 -9999 -9999 -9999 -9999 -9999 -9999 -9999 -9999 -9999 -9999 -9999 -9999 -9999 -9999 -9999 -9999 -9999 -9999 -9999 -9999 -9999 -9999 -9999 -9999 -9999 -9999 -9999 -9999 -9999 -9999 -9999 -9999 -9999 -9999 -9999 -9999 -9999 -9999 0.0617259190003966 0.0912162375229728 0.0853992516940784 0.0550068894654632 0.0381516044602146 0.0539257017049574 0.0607332761462641 0.032565172573131 0.0223003881376226 0.0284921890289531 0.0281023903873424
-9999 -9999 -9999 -9999 -9999 -9999 -9999 -9999 -9999 -9999 -9999 -0.0680164942842504 -0.0277425720930198 -0.09591814647374 -9999 -9999 -9999 -9999 -9999 -9999 -9999 -9999 -9999 -9999 -9999 -9999 -9999 -9999 -9999 -9999 -9999 -9999 -9999 -9999 -9999 -9999 -9999 -9999 -9999 -9999 -9999 -9999 -9999 -9999 -9999 -9999 -9999 -9999 -9999 -9999 -9999 -9999 0.0495998677969286 0.101241860370854 0.128564452446963 0.0754990727464351 0.0312771068953359 0.0114191575679317 0.0275920816153614 0.0620727684569956 0.0259788344412815 0.0143397786938567 0.006815540941174
-9999 -9999 -9999 -9999 -9999 -9999 -9999 -9999 -9999 0.0282915658763102 -0.10976906614379 -0.0744565571819717 -0.0448121135179439 -0.0838858634272475 -0.138936704995916 -9999 -9999 -9999 -9999 -9999 -9999 -9999 -9999 -9999 -9999 -9999 -9999 -9999 -9999 -9999 -9999 -9999 -9999 -9999 -9999 -9999 -9999 -9999 -9999 -9999 -9999 -9999 -9999 -9999 -9999 -9999 -9999 -9999 -9999 -9999 -9999 -9999 0.0456858439137569 0.0612116059019086 0.0282816461501333 0.0183543797527368 0.0183124187856009 0.00793262040688917 0.00962249325814362 0.0286223871285022 0.0367820149255359 -0.004230410978197 -0.00409519475920698
-9999 -9999 -9999 -9999 -9999 -9999 -9999 -9999 0.174528682359626 0.207407329677163 0.0904999768020279 -0.0342623951443947 -0.0587979681482657 -0.0899632700098093 -0.122530094225872 -0.037027917304248 -9999 -9999 -9999 -9999 -9999 -9999 -9999 -9999 -9999 -9999 -9999 -9999 -9999 -9999 -9999 -9999 -9999 -9999 -9999 -9999 -9999 -9999 -9999 -9999 -9999 -9999 -9999 -9999 -9999 -9999 -9999 -9999 -9999 -9999 -9999 -9999 0.0556329989652767 0.0356697121604417 0.0229688995561152 0.00525020952344048 -9.60628065002911e-05 0.00293245995548339 0.0167269739301293 0.0194796887138062 0.0176004301515071 -0.0362860703784574 -0.0224030078345785
-9999 -9999 -9999 -9999 -9999 -9999 -9999 -0.0615970686333392 -0.0920723873790124 -0.22144237759227 -0.0899703932777795 -0.053202655513855 -0.0881786180816332 -0.0857948229197542 -0.068478117911922 -0.0103394141880899 0.0420953937324019 -9999 -9999 -9999 -9999 -9999 -9999 -9999 -9999 -9999 -9999 -9999 -9999 -9999 -9999 -9999 -9999 -9999 -9999 -9999 -9999 -9999 -9999 -9999 -9999 -9999 -9999 -9999 -9999 -9999 -9999 -9999 -9999 -9999 -9999 0.133754994085809 0.108466068690491 0.0684302204646124 0.0305407540653928 -0.0141297077535619 -0.00884859387093926 -0.0185462370889289 -0.0248482904529708 -0.022654609998962 0.00773882157752782 -0.00246684224391315 0.0154610570414298
-9999 -9999 -9999 -9999 -9999 -9999 0.0243469537482742 -0.00518499009771502 -0.0613714261459121 -0.0722655611908254 -0.104389306318874 -0.160624905428781 -0.14790453478074 -0.111991609389446 -0.0645928399264974 -0.000754142731469922 0.083128021791464 -9999 -9999 -9999 -9999 -9999 -9999 -9999 -9999 -9999 -9999 -9999 -9999 -9999 -9999 -9999 -9999 -9999 -9999 -9999 -9999 -9999 -9999 -9999 -9999 -9999 -9999 -9999 -9999 -9999 -9999 -9999 -9999 -9999 0.157216415541145 0.154718906315533 0.12267280319678 0.0501392414273846 0.0274863425688826 -0.0295685972700485 -0.0365156845754446 -0.0190225878260928 -0.0543885197571119 -0.0518545259351691 -0.0126107839063218 0.0177371928827983 0.0138273656946393
-9999 -9999 -9999 -9999 -9999 0.0503396281008812 0.0490994804703353 0.0184303479384336 -0.0162980693278021 -0.0278887129811634 -0.0414156835117207 -0.0494762003585012 0.0121003672505591 -0.0260196373691738 0.0111234406188247 0.0280195731458406 0.0532802498425618 0.085699626250116 -9999 -9999 -9999 -9999 -9999 -9999 -9999 -9999 -9999 -9999 -9999 -9999 -9999 -9999 -9999 -9999 -9999 -9999 -9999 -9999 -9999 -9999 -9999 -9999 -9999 -9999 -9999 -9999 -9999 -9999 -9999 -9999 0.161822548870834 0.172364245231826 0.13519101908753 0.0227392408274866 -0.0243613268615199 -0.0470369279172254 -0.0773294663930444 -0.0365816120788688 -0.0476364042220954 -0.0436811967634775 -0.0223458163842525 0.00343863555762943 0.0197140363128048
-9999 -9999 -9999 -9999 0.046683042871396 0.0604853303715043 0.0372118883783808 -0.00259216772999759 -0.0133628586773134 -0.0289683296254485 -0.0474471096104491 0.0592947049073656 0.118785548945573 -0.0046885522738644 0.0661791560201457 0.0373273763872659 0.0518750158743118 0.0813668752347851 -9999 -9999 -9999 -9999 -9999 -9999 -9999 -9999 -9999 -9999 -9999 -9999 -9999 -9999 -9999 -9999 -9999 -9999 -9999 -9999 -9999 -9999 -9999 -9999 -9999 -9999 -9999 -9999 -9999 -9999 -9999 -9999 0.147752740608463 0.161022871439366 0.126107907909991 0.056469431990423 -0.0155235320402494 -0.0641782586501409 -0.120963706349766 -0.0868800495542116 -0.0571323896273513 -0.0417759211732297 -0.0287573417619065 0.00189117230182158 0.0309002226639328
-9999 -9999 -9999 0.0821791615498898 0.041611102792849 0.0654984304070704 0.0939887069182313 0.00566190040761872 -0.0390621898099634 -0.0341562443175438 -0.0368967499022093 0.126686382591394 0.170708952918527 0.0952132937634005 0.0809438624848935 0.0786124937414615 0.0736164920450613 0.0351729753165132 0.0635016993164693 -9999 -9999 -9999 -9999 -9999 -9999 -9999 -9999 -9999 -9999 -9999 -9999 -9999 -9999 -9999 -9999 -9999 -9999 -9999 -9999 -9999 -9999 -9999 -9999 -9999 -9999 -9999 -9999 -9999 -9999 0.147077541787837 0.143991215161263 0.130723017222169 0.0944093387452074 0.0643718486435338 0.0048865138543193 -0.0554138670559164 -0.0952418343688248 -0.0887817314524733 -0.0579836574326508 -0.0382283762148926 -0.0199722111689816 0.0090302722621365 0.0137851175895858
-9999 -9999 -9999 0.109092220124797 0.0643682038832635 0.0242053141501941 -0.0434088434316329 -0.0527669695118632 -0.0707555116566809 -0.0504158745309263 0.0384984155154768 0.192586026069465 0.172615397393485 0.196169089787145 0.120324151029276 0.104491595649087 0.0729896586434437 0.0576711990974539 0.0932851253191204 0.150254440410447 -9999 -9999 -9999 -9999 -9999 -9999 -9999 -9999 -9999 -9999 -9999 -9999 -9999 -9999 -9999 -9999 -9999 -9999 -9999 -9999 -9999 -9999 -9999 -9999 -9999 -9999 -9999 0.15639356429459 0.168340339703579 0.175199634733216 0.154145903124665 0.120562985288728 0.117413102807734 0.10095963603152 0.0230003600975465 -0.0354659153412252 -0.0701913441137774 -0.0867207574588216 -0.0705664537550686 -0.0372491984597766 -0.0133452104935416 0.00588717819955395 -0.00157794573355323
-9999 -9999 0.0829111504572153 0.0907685138341256 0.0195501541438959 0.00566688264280717 -0.0626103906065821 -0.109655773521493 -0.11085707209542 -0.084530089272473 -0.0044715131486626 0.131228474857598 0.17692248700071 0.241356205908974 0.158010123871848 0.131651167859772 0.139898343487131 0.0981737514379411 0.0944127159893328 0.0985407288699965 -9999 -9999 -9999 -9999 -9999 -9999 -9999 -9999 -9999 -9999 -9999 -9999 -9999 -9999 -9999 -9999 -9999 -9999 -9999 -9999 -9999 -9999 -9999 -9999 -9999 -9999 0.088135244330402 0.174393766392473 0.165059901253097 0.173572934682646 0.179389408609451 0.125246190320813 0.113522581534421 0.0763242525253399 -0.000789453257517217 -0.0486315582005439 -0.080099227596156 -0.0916450137447115 -0.0752367705846222 -0.0545933904624928 -0.0113440511701698 0.000653593826840443 -0.0140058162501693
-9999 -9999 0.0192056654085023 -0.00735458666866528 -0.0499663974523247 -0.0732056160226247 -0.0824737069711669 -0.0917616133757891 -0.110784338860435 -0.0854924349884147 -0.0471613987187253 0.0846875979461188 0.116591988508779 0.217385329559941 0.189540621968231 0.150069152440234 0.139954604220917 0.128835070598871 0.175316203359811 0.126105076655718 0.0163007319806098 -0.0713667824088718 -0.0377974931415216 -0.0261409743187129 -0.0386967620252637 -9999 -9999 -9999 -9999 -9999 -9999 -9999 -9999 -9999 -9999 -9999 -9999 -9999 -9999 -9999 -0.0584610150597854 -0.0745949168648239 -0.0914947144528171 -0.0781955783441608 0.0327642477719599 0.0234869082550935 0.0661433638359221 0.181554077660758 0.182189542896735 0.18210937681618 0.166799523720853 0.118233285845013 0.0617116806097999 -0.00112824287435904 -0.0477580335658909 -0.0742346195382873 -0.104905036560026 -0.101853261192887 -0.0963707278887484 -0.0637371953240019 -0.0212413410258154 0.00240659539355681 0.000680627902645041
-9999 0.0381145989753018 0.0483560254849943 -0.0190238033935611 -0.106689884479827 -0.0997612967900097 -0.0981006090784693 -0.0908539823787553 -0.122465664387664 -0.0945801558370587 -0.0669157681538562 0.0490909850980107 0.069676150689079 0.182979549784129 0.281376036249359 0.193191179170755 0.157364241550991 0.137245388974223 0.186236682452809 0.1238335729869 0.0198957844931509 -0.0897692793222709 -0.00886736121238846 -0.0619408288001167 0.0191570659564967 -0.062672419876925 -0.0894942132710931 -9999 -9999 -9999 -9999 -9999 -9999 -9999 -9999 -9999 -9999 -9999 -0.028326296577753 -0.0207061152475024 -0.0351477300714249 -0.0822319158923655 -0.106966003353722 -0.0875833523648109 0.00910858340181253 -9999 0.138019691019679 0.182754859674876 0.173542849463611 0.170408178390512 0.112721845475797 0.0814303847822379 0.0120777030524398 -0.0569580120151665 -0.0770949787956726 -0.0915589421411758 -0.0967096964987754 -0.107109418426489 -0.110200449423659 -0.0810121202825011 -0.0346037305656144 0.0157178534048752 0.0131737732956136
-9999 0.0136877321049896 0.0374979375425927 -0.0266897914777728 -0.0437173731062702 -0.0537660690077368 -0.105324546724119 -0.11523483444266 -0.143839209035725 -0.127302075327059 -0.101821030883476 -0.0315609518586627 0.0619232969770806 0.1321156508871 0.255007332723302 0.246515041844376 0.137039846583416 0.10910688265283 0.218342660701436 0.146130537061809 -0.00105514451158251 -0.00437444920621303 0.0821577894883331 -0.0293280129629515 0.100056308272016 0.0964253572554748 -0.0452267420266472 -9999 -9999 -9999 -9999 -9999 -0.0878450340568751 -0.128830762776505 -0.168852883137129 -0.103876383700576 -0.0596362769384929 -0.0466463830254297 -0.0354001448322498 -0.0124945015880624 -0.0187936902657268 -0.0665389787100443 -0.104441542591156 -0.0752355547414483 -0.00468125254019137 0.139387968916246 0.146482247116128 0.169874212525882 0.158024237145988 0.142436215293869 0.0895662139488987 0.0384528732238617 -0.00462505574158976 -0.0491331312811589 -0.0613955422439878 -0.0728958623165211 -0.0847053049226748 -0.0922995803044243 -0.111491775977261 -0.0792159389545352 -0.037288345778021 -0.00561789330964655 0.0186891412547353
-9999 0.0144876329453046 0.00382883423768155 -0.0153504998780328 -0.0334521957184822 -0.0179227407603339 -0.0821478513018218 -0.127089293007762 -0.157697793892607 -0.158462300380584 -0.128540402271853 -0.0726097612368395 0.0558848616449325 0.0673376198411703 0.211591113809682 0.30003572068967 0.271683969516141 0.179633270106206 0.201684827242788 0.124650156808478 0.115060051251222 0.0659493519723129 0.0954794727133638 0.144733275924044 0.12882912541892 0.143723916822964 0.0207245082501069 -0.0714785698923662 -9999 0.038875189099107 0.024964353177984 -0.0409813162329109 -0.0412238044217341 -0.0537264761968944 -0.0705353713499827 -0.062859904362285 -0.0592671041369436 -0.0140151992926381 0.000362032980757003 0.00842061499007305 -0.00353161062883714 -0.0210878159677343 -0.0501296379496038 -0.0440913628842907 -0.00616593634607042 0.109892851379373 0.19756271334624 0.187545545144353 0.109412348443973 0.0872939050089982 0.060144212580638 0.00798676024996552 -0.019263674804272 -0.0322982625452411 -0.0461853947343636 -0.062529974176555 -0.0669620995460681 -0.0747842156854472 -0.0952772749543564 -0.0729732800513922 -0.0462133004856561 -0.0162634655054755 0.00496061746472037
-9999 0.0217690934444421 0.0148714305465688 -0.000928198703290791 -0.0140171581978937 -0.0151045316708184 -0.0574046165395869 -0.12642554753516 -0.179999751174963 -0.165442290473584 -0.129471995608724 -0.0591462759094658 0.0280756449916318 0.0610077588536068 0.116259702751258 0.284197327123447 0.307041513969742 0.228343249194725 0.145743760389604 0.147132328465321 0.13684384547749 0.110493823850967 0.112997830896864 0.138744294912312 0.137136087912843 0.189698847001309 0.0916996802230421 -0.104615816010574 0.0202096037949514 -0.0491520380343264 -0.0530006658791939 -0.000326231493495161 0.00823538708415728 -0.00920057500984191 -0.0309812602969245 -0.0309579934858156 -0.0343655910404233 0.00889752234738837 0.0467392428454551 0.0179939938307281 0.00833980203525322 0.0130488981309432 -0.00175423823194389 0.00162376875924612 0.00378993573063529 0.0181298140725104 0.0716294370527951 0.0744662098484988 0.0256516234481448 0.0427796150044795 0.0236389629423679 -0.0298229518482443 -0.0307937217389922 -0.0332261561634886 -0.0555600287655058 -0.0669418583478973 -0.0765788148929459 -0.0799993086228463 -0.074031782361756 -0.069678402163258 -0.0600226901960765 -0.0600629735504642 -0.0686391523355602
0.0393535248916141 0.0448486402358042 0.0436952001692962 0.0167814900404333 0.00371135249523453 -0.0131797777008548 -0.0730009600191764 -0.144522836510645 -0.155502426516149 -0.134956323459655 -0.128263236686058 -0.0576284002759033 0.00764210690809017 0.056137427243043 0.113371944887707 0.180314620513467 0.223645819587397 0.173657775933271 0.144333921343402 0.168168162573182 0.129387038351963 0.0603403382421987 0.0850741109271633 0.0713695763762138 0.0953885318280886 0.197928266072334 0.0889215556830161 -0.0290249792836514 0.0266144119912143 -0.0654199569229048 -0.0418140039062319 0.071832596021152 0.0642598257767631 0.0236394433361364 -0.0295031926377839 -0.00096825522754025 0.00697723081919148 0.0251374025558707 0.0447157886019878 0.0419691622267074 0.0163732030984314 0.00781037544644576 -0.00864404450637366 -0.0134452149891325 -0.0046022991542198 0.00632084145655627 0.0165917968040978 -0.00539136588452516 -0.0321522324367106 -0.0183461553624359 -0.0246394519719999 -0.0580333040846444 -0.0580757107692942 -0.0458951570122069 -0.0734087861163236 -0.0789504837348752 -0.0804827397529605 -0.0898797986013401 -0.0957478392517157 -0.0758701724853079 -0.0739760916326635 -0.0931373600494354 -0.0591796190316565
0.0702972295316042 0.059320443757799 0.0529804714950999 0.0361757239292541 0.008163391118513 -0.00792655152385557 -0.0513193946944791 -0.118107545704852 -0.12599266504032 -0.120172485254064 -0.110922518878276 -0.0569366527325394 -0.0124728870784482 0.0302210439587198 0.0592757427196115 0.116149073036824 0.132791766727899 0.0794938904749933 0.087066684029486 0.164318852425432 0.144347970402568 0.0877194892832598 0.0849771574364146 0.154641183103873 0.153902466688107 0.21219358178049 0.171119453685612 0.0403296988370417 0.0467381483591633 0.0436577629273591 0.0790345292953922 0.0957077052196113 0.122146049551303 0.0722606927951514 0.125178439245392 0.113061186006312 0.13949658762719 0.122126947961999 0.154077452811177 0.0255483237936685 0.0152470733574306 0.0135027585430813 -0.037056233622138 -0.0623591061932794 -0.0670158884104116 -0.043715913609028 -0.0157623698514617 -0.0470142421713514 -0.0857700137228186 -0.0765325915868896 -0.0738684710080905 -0.0748601187365671 -0.0656270556151683 -0.0735530578870854 -0.0981460750143321 -0.0984849902719762 -0.094284915259692 -0.132247201229597 -0.108145425119284 -0.0847223779791589 -0.0715733049725146 -0.0668331557757113 -0.142818074145491
0.0918367575659845 0.0571945153505876 0.00417340226333809 0.0531353138332413 0.0129166908143574 0.024540547898792 -0.0037779744341822 -0.0556859503646113 -0.0896150044047145 -0.0939497374135468 -0.0857599265048052 -0.059680508038137 -0.0260847982323179 0.0133738497314722 0.0851301164590458 0.119243558418606 0.1497707858535 0.118372002275191 0.0748360284898134 0.0978950338639453 0.118491230709274 0.0847157834134397 0.0509873047305289 0.222790203317865 0.249933652659658 0.239049671288071 0.226571913255526 0.158636984927879 0.0659376445251708 0.0722873175181809 0.0653154821367591 0.0990929951099882 0.11556313747541 0.138186591342247 0.14678523085405 0.136922066891274 0.0627103776510686 0.000207498327631572 0.0561856903232617 0.00141758398612966 -0.0439476252915957 0.0099015778045891 -0.0480085532760051 -0.106613568544479 -0.0967373219803891 -0.088953393174646 -0.0501509348537396 -0.0616002276561774 -0.123074942758029 -0.113646744638759 -0.0996214213239103 -0.0943008548721312 -0.0914872672230513 -0.0921769078894024 -0.133189528523229 -0.128238151994827 -0.135540233706067 -0.138759874797572 -0.111328420775192 -0.0845852904807958 -0.054662804863543 -0.0245519216124878 -0.0971802691911727
0.141267315654097 0.116672380295521 0.0738779806040837 0.0797903341339649 0.0831493797437739 0.0886132154176374 0.0519668706422278 -0.0073507980749582 -0.0498959383673173 -0.1017615966291 -0.0631820949649511 -0.0831693494021336 -0.0336847038890732 -0.0180446372684757 0.0365963895808007 0.0568963528934727 0.144825097991803 0.129189541696693 0.174102749936651 0.153201480689423 0.103669822023914 0.144932759594285 0.161277387937924 0.22703098442453 0.263666468731943 0.313519924815104 0.221252008071533 0.140962598905644 0.160153235293625 0.119837180142434 0.138396515181468 0.115053996065771 0.0988555958657169 0.0787815177298133 0.123263901499608 0.0779166656581642 0.0809063661640545 -0.00468596154964835 -0.0493821961404048 -0.0321679123792339 -0.0683872972805099 -0.0476743690897653 -0.0769502467087854 -0.0952779797586047 -0.108128239760835 -0.119344853941773 -0.103552180999474 -0.0803186618784484 -0.101658376573994 -0.120504875553191 -0.122145599048434 -0.115563960334264 -0.109110598405044 -0.0918943430842507 -0.136211897253973 -0.125870077890035 -0.17001156939363 -0.144382551509777 -0.1369300214366 -0.0874331466978015 -0.0407218625861414 -0.0390987469375113 -0.059120296050118
0.190482137270243 0.165191316870032 0.202321109903055 0.139797976459342 0.139906969767875 0.174279975356471 0.128425608428533 0.0359322499569412 -0.0251082979170944 -0.0888877255209789 -0.0443183667813175 0.00845959061405093 0.00157101407962861 -0.0251629235377493 -0.015647392845653 0.0123701255402877 0.0726380379108971 0.114697675415061 0.173410141859974 0.186864215625947 0.127857963843976 0.141124643027133 0.204105402986634 0.301579337594629 0.330613479010391 0.220158256601625 0.0534688637459061 0.0374187696372159 0.0959004723271255 0.103501045998778 0.0665762802297059 0.00814077454941875 0.0374403576224971 0.0124622458420953 -0.0116596462733864 0.00327297156705062 0.0231706094987926 0.00213853848697804 -0.0475316838829099 -0.0559846055841315 -0.0719153824874153 -0.110907723710714 -0.0963171113101564 -0.107595204999236 -0.126128049100089 -0.134522030190872 -0.133301586509435 -0.140436164978213 -0.145643910927075 -0.14100869828877 -0.145873081319145 -0.136778894196349 -0.109850967670457 -0.0882200992819086 -0.0551742753275915 -0.0764144389751259 -0.142256907651659 -0.182510485872332 -0.165080539201949 -0.115315264199866 -0.084308886703963 -0.12214680014366 -0.194232576487426
0.100040266502545 0.14017741988813 0.213245417646076 0.26761285412665 0.19904086284788 0.156278640283296 0.198466102069328 0.123596026833091 0.0279032562549745 -0.0296809435751649 -0.0341260890047657 -0.00517972026652291 -0.0145335262959172 -0.0426366364826089 -0.0662354800351871 -0.0420350222380876 0.0166843320325551 0.077893447998727 0.124062582475214 0.172976627471051 0.150243703853647 0.171232514422264 0.220187507641896 0.216395114786103 0.228439373908391 0.158597126679678 0.106378268043553 0.0642419318079289 0.0388067078609907 -0.0347381422155421 -0.0188965123819662 0.0159283717278294 -0.0231482034971181 -0.0597130763271319 -0.103110409700861 -0.041333368532156 -0.0212415095637258 -0.0293732103012724 -0.0383996111487121 -0.0524673136232294 -0.0999465308453849 -0.125515045733064 -0.109899802710578 -0.0447974238977073 -0.0468548283823575 -0.0886570280556582 -0.146675417123951 -0.137815083784283 -0.157819956825542 -0.191454394153988 -0.1821514756998 -0.163588524856311 -0.12771548192797 -0.0801865502586299 -0.0344740527055356 -0.0293877913157481 -0.0695774428651845 -0.130383544629261 -0.158392833676788 -0.164147792226379 -0.0629980113754945 0.0475908731875731 -0.0569591774272851
-9999 0.174283499161008 0.0649049701121449 0.066410035911332 0.040153509627948 0.0893965897897721 0.112655288354745 0.11608887719181 0.116730319153267 0.0203672155326674 0.00110519554772834 -0.0115483246878802 -0.0464071426303992 -0.0525094231581285 -0.0693899593655991 -0.0830202791376447 -0.0653822985950182 0.024794731889508 0.0752183834295478 0.111524481795831 0.106659582756163 0.143417120805588 0.187726941874432 0.205728130719662 0.264877371370495 0.253337564470266 0.0577827976724279 -0.00293256895360437 0.0563557402715937 0.122181488995597 0.107795044476231 0.0912325660751184 0.0787194894166602 0.0783279668585884 0.00998587474307549 0.0331205438818946 0.0787684701179157 0.0798759397041795 0.029748121540035 -0.0168383506538363 -0.0337108034455514 -0.053321477221865 -0.0561140310949093 -0.0378684446122395 -0.00168138322198832 0.0260710284872506 -0.0285959867986357 -0.149428120902373 -0.163338277129302 -0.171728261537588 -0.2085902510009 -0.17421941478768 -0.130865024190161 -0.068958441087345 -0.0294950258890883 -0.0542287371721871 -0.049417978436051 -0.0806849674018335 -0.0906934755100894 -0.115875095899406 0.0143176704102939 0.0497284622515583 -0.0043436551991566
