data/pcas/current_cal/PC16.asc
NCOLS 366 
NROWS 318 
XLLCORNER -99.1666666666663 
YLLCORNER -31.5000000000002 
CELLSIZE 0.166666666666667 
NODATA_value -9999 
[rows 0 to 27 of 318, columns 0 to 62 of 366]
-9999.000000000000000 -9999 -9999 -9999 -9999 -9999 -9999 -9999 -9999 -9999 -9999 -9999 -9999 -9999 -9999 -9999 -9999 -9999 -9999 -9999 -9999 -9999 -9999 -9999 -9999 -9999 -9999 -9999 -9999 -9999 -9999 -9999 -9999 -9999 -9999 -9999 -9999 -9999 -9999 -9999 -9999 -9999 -9999 -9999 -9999 -9999 -9999 -9999 -9999 -9999 -9999 -9999 -9999 -9999 -9999 -9999 -9999 -9999 -9999 -9999 -9999 -9999 -9999
-9999 -9999 -9999 -9999 -9999 -9999 -9999 -9999 -9999 -9999 -9999 -9999 -9999 -9999 -9999 -9999 -9999 -9999 -9999 -9999 -9999 -9999 -9999 -9999 -9999 -9999 -9999 -9999 -9999 -9999 -9999 -9999 -9999 -9999 -9999 -9999 -9999 -9999 -9999 -9999 -9999 -9999 -9999 -9999 -9999 -9999 -9999 -9999 -9999 -9999 -9999 -9999 -9999 -9999 -9999 -9999 -9999 -9999 0.0251172692270708 0.0503402821894785 0.0586085778210755 0.0578066702803568 0.0522652077539848
-9999 -9999 -9999 -9999 -9999 -9999 -9999 -9999 -9999 -9999 -9999 -9999 -9999 -9999 -9999 -9999 -9999 -9999 -9999 -9999 -9999 -9999 -9999 -9999 -9999 -9999 -9999 -9999 -9999 -9999 -9999 -9999 -9999 -9999 -9999 -9999 -9999 -9999 -9999 -9999 -9999 -9999 -9999 -9999 -9999 -9999 -9999 -9999 -9999 -9999 -9999 -9999 -9999 -9999 0.0182965113363502 0.0123101320414177 0.022375326519856 0.0358169537842725 0.031889600527775 0.0484507590271761 0.0609904476960758 0.0649081436004865 0.0739238803334469
-9999 -9999 -9999 -9999 -9999 -9999 -9999 -9999 -9999 -9999 -9999 -9999 -9999 -9999 -9999 -9999 -9999 -9999 -9999 -9999 -9999 -9999 -9999 -9999 -9999 -9999 -9999 -9999 -9999 -9999 -9999 -9999 -9999 -9999 -9999 -9999 -9999 -9999 -9999 -9999 -9999 0.10990320882202 -9999 -9999 -9999 -9999 -9999 -9999 -9999 -9999 -9999 -9999 -0.00335164073822335 -0.00141377069123433 0.0149343402400187 0.020071168664603 0.0229474131310207 0.045788832523034 0.0462590689083434 0.0716380037026852 0.0730405790915561 0.0640229192654084 0.0927591388239467
-9999 -9999 -9999 -9999 -9999 -9999 -9999 -9999 -9999 -9999 -9999 -9999 -9999 -9999 -9999 -9999 -9999 -9999 -9999 -9999 -9999 -9999 -9999 -9999 -9999 -9999 -9999 -9999 -9999 -9999 -9999 -9999 -9999 -9999 -9999 -9999 -9999 -9999 -9999 -9999 -9999 -9999 -9999 -9999 -9999 -9999 -9999 -9999 -9999 -9999 -9999 -9999 0.00440240617864043 0.0237243917540318 0.0325999673158515 0.0220085289685451 0.0344692281600766 0.0540224415363002 0.0818324267354594 0.0884170084776945 0.0924508507258002 0.0980426370569258 0.0905693726076864
-9999 -9999 -9999 -9999 -9999 -9999 -9999 -9999 -9999 -9999 -9999 -9999 -9999 -9999 -9999 -9999 -9999 -9999 -9999 -9999 -9999 -9999 -9999 -9999 -9999 -9999 -9999 -9999 -9999 -9999 -9999 -9999 -9999 -9999 -9999 -9999 -9999 -9999 -9999 -9999 -9999 -9999 -9999 -9999 -9999 -9999 -9999 -9999 -9999 -9999 -9999 -9999 0.00107924039716058 0.0190884677956529 0.0119916177746895 0.0294424827633856 0.0341017375252927 0.0379590142389074 0.0888374679813065 0.101466542836599 0.108019509883387 0.0905147548889936 0.0978470977321429
-9999 -9999 -9999 -9999 -9999 -9999 -9999 -9999 -9999 -9999 -9999 0.00966666264951477 0.0444170016585035 0.0491950430929441 -9999 -9999 -9999 -9999 -9999 -9999 -9999 -9999 -9999 -9999 -9999 -9999 -9999 -9999 -9999 -9999 -9999 -9999 -9999 -9999 -9999 -9999 -9999 -9999 -9999 -9999 -9999 -9999 -9999 -9999 -9999 -9999 -9999 -9999 -9999 -9999 -9999 -9999 0.0171929658864895 -0.0199698783300813 -0.00109341826862307 0.00942646249175869 0.065294946906298 0.0701268636066394 0.0827353592140031 0.110558607165356 0.106531474007157 0.0928583902214088 0.10153373908491
-9999 -9999 -9999 -9999 -9999 -9999 -9999 -9999 -9999 0.0435561471605833 0.0417982959211056 0.0648093875080818 0.0759744771332597 0.0689338277480967 0.0241116394589699 -9999 -9999 -9999 -9999 -9999 -9999 -9999 -9999 -9999 -9999 -9999 -9999 -9999 -9999 -9999 -9999 -9999 -9999 -9999 -9999 -9999 -9999 -9999 -9999 -9999 -9999 -9999 -9999 -9999 -9999 -9999 -9999 -9999 -9999 -9999 -9999 -9999 -0.00470338484427781 -0.00739614723042544 0.00969447641433483 0.0218533400315085 0.0630245611481569 0.067578010096687 0.107983313640081 0.112651739478698 0.107778424087306 0.0985598313204449 0.107328091893911
-9999 -9999 -9999 -9999 -9999 -9999 -9999 -9999 -0.0199379702377017 -0.0172836723564255 0.0262861751961551 0.0775437849452344 0.113241327562106 0.0606689340321402 0.0599946503223247 0.0476071506931178 -9999 -9999 -9999 -9999 -9999 -9999 -9999 -9999 -9999 -9999 -9999 -9999 -9999 -9999 -9999 -9999 -9999 -9999 -9999 -9999 -9999 -9999 -9999 -9999 -9999 -9999 -9999 -9999 -9999 -9999 -9999 -9999 -9999 -9999 -9999 -9999 -0.00361771659988668 0.00347158704865277 0.0108266853340042 0.0410066706800224 0.0639414551408093 0.0725302619651097 0.0915329808498273 0.100341797571222 0.0881665323650577 0.10257484953977 0.0854516536302521
-9999 -9999 -9999 -9999 -9999 -9999 -9999 0.000814542380161626 -0.0203282490289725 -0.0328953083158388 -0.0238103438918875 0.0135848069415217 0.0552667520979367 0.0500202013794597 0.0309291678189988 0.0244123837110328 0.026834647025238 -9999 -9999 -9999 -9999 -9999 -9999 -9999 -9999 -9999 -9999 -9999 -9999 -9999 -9999 -9999 -9999 -9999 -9999 -9999 -9999 -9999 -9999 -9999 -9999 -9999 -9999 -9999 -9999 -9999 -9999 -9999 -9999 -9999 -9999 -0.0106419557547645 -0.00814096221828865 0.0152480249283513 0.0214037709710027 0.055280523736127 0.0632882699233604 0.0715196975693246 0.0755651202139541 0.0974102339311989 0.0800661566168236 0.0798717864726846 0.0663133786721003
-9999 -9999 -9999 -9999 -9999 -9999 0.0893477953551837 0.0863375736741438 0.0562893146520909 0.0640869907052655 0.0644939859754698 0.0244047474462928 0.0112946885752703 0.00935078218458174 0.00849786727876604 0.0156345847186592 -0.00661458987843449 -9999 -9999 -9999 -9999 -9999 -9999 -9999 -9999 -9999 -9999 -9999 -9999 -9999 -9999 -9999 -9999 -9999 -9999 -9999 -9999 -9999 -9999 -9999 -9999 -9999 -9999 -9999 -9999 -9999 -9999 -9999 -9999 -9999 -0.020042587540562 -0.00950287660695821 -0.0100455136678153 -0.00642034050296274 0.0374124764005869 0.0405512355597409 0.0565880123434457 0.0646341508012218 0.0595305746477329 0.0840141400795436 0.0717299371432115 0.0639854297310701 0.0325847103368721
-9999 -9999 -9999 -9999 -9999 0.0917183638488831 0.107728669529853 0.117758338908628 0.109700900576688 0.103197266205786 0.0945334665495171 0.0847232093326349 0.0420681123154421 0.0238758813253459 0.0274245065600343 -0.00205438210380448 -0.020241261131376 -0.0449340467332264 -9999 -9999 -9999 -9999 -9999 -9999 -9999 -9999 -9999 -9999 -9999 -9999 -9999 -9999 -9999 -9999 -9999 -9999 -9999 -9999 -9999 -9999 -9999 -9999 -9999 -9999 -9999 -9999 -9999 -9999 -9999 -9999 -0.00552265257826352 -0.0241222701489171 -0.0344503998154781 0.00607574441843361 0.0289229942811411 0.0265602287380196 0.0454567628526085 0.0308196472682117 0.0450753951279002 0.0536298238018105 0.0590772709947355 0.0524325256395306 0.0312222053765292
-9999 -9999 -9999 -9999 0.0662827132284552 0.0697785312571926 0.0944683240763649 0.117900134093969 0.115444344136227 0.115637035851861 0.0861537566595309 0.0880011328410157 0.0295091223515459 0.0369303511666906 -0.000699912504533447 -0.0261175791971017 -0.061685205219263 -0.0740123174518089 -9999 -9999 -9999 -9999 -9999 -9999 -9999 -9999 -9999 -9999 -9999 -9999 -9999 -9999 -9999 -9999 -9999 -9999 -9999 -9999 -9999 -9999 -9999 -9999 -9999 -9999 -9999 -9999 -9999 -9999 -9999 -9999 -0.0242075252323038 -0.0129751181715975 -0.02549442233828 -0.00903797583693729 -0.00131339715693643 0.0155542486837956 0.0159224569454489 0.022414198135927 0.0184443234445417 0.0392214412224188 0.0454443448950661 0.0292678628655753 0.0193279168541943
-9999 -9999 -9999 0.0964155315501273 0.0655551152279471 0.0367192247996422 0.121768168884611 0.121774140458768 0.151508133141554 0.134899210927316 0.14193212870111 0.106901049330828 0.0394538112329516 0.0376617391999074 0.019337025228437 -0.0290108056875426 -0.079768995585678 -0.0742034866980682 -0.0396699119213223 -9999 -9999 -9999 -9999 -9999 -9999 -9999 -9999 -9999 -9999 -9999 -9999 -9999 -9999 -9999 -9999 -9999 -9999 -9999 -9999 -9999 -9999 -9999 -9999 -9999 -9999 -9999 -9999 -9999 -9999 0.0037921929867955 -0.0172688307963995 -0.0278738065401985 -0.0263311773116674 -0.0140412354438904 0.0137595184172474 0.016623651428337 0.00796393231775023 0.00901196274689992 0.0093446256291837 0.0154595480630065 0.0176887360418519 0.0172453270215868 0.0048547780265978
-9999 -9999 -9999 0.0769207189483628 0.0545912221362636 0.0564057847964871 0.117996137668264 0.142516491031282 0.147662733770781 0.162359326229616 0.165845740756443 0.0783011380781087 0.0514580083638659 0.0496260876309908 0.0315617270649345 -0.00502109933486923 -0.0778343721240768 -0.067066758587961 -0.0493818650261588 -0.0021723596743341 -9999 -9999 -9999 -9999 -9999 -9999 -9999 -9999 -9999 -9999 -9999 -9999 -9999 -9999 -9999 -9999 -9999 -9999 -9999 -9999 -9999 -9999 -9999 -9999 -9999 -9999 -9999 0.0277690153585401 0.0279211570572037 -0.00991221494342717 0.00835571608239262 -0.0226636952447477 -0.0136108648172912 -0.0127285052737292 -0.0149536127650155 0.00610214799075973 -0.0123106379394815 0.0123250349112387 0.0215416205972698 -0.000761576137225259 0.0222254898542439 0.00895240924717145 0.0244422309394714
-9999 -9999 0.124657275011053 0.0864959136926094 0.13907916315977 0.0999300194599337 0.116170157050736 0.142755669044448 0.140812895231842 0.158890382318889 0.179985216048278 0.108874044363801 0.0272618096274655 0.0282383790838613 0.0279077778470895 0.00583109165030279 -0.0332402271407546 -0.106878563044829 -0.0423405108268241 -0.0261841914545662 -9999 -9999 -9999 -9999 -9999 -9999 -9999 -9999 -9999 -9999 -9999 -9999 -9999 -9999 -9999 -9999 -9999 -9999 -9999 -9999 -9999 -9999 -9999 -9999 -9999 -9999 0.0308261270610722 0.0342130457444707 0.0295643023935027 -0.00397033704226077 -0.00453265304705368 -0.016381252274856 -0.00429518759658758 0.00913938347875259 0.00205795456898478 0.00353715403523663 -0.0112943604649109 -0.0118482426091035 -0.00466621839532992 0.0251090466093341 0.000127139841927047 0.0254350270967656 0.0281521216014557
-9999 -9999 0.17493079775472 0.163266183856468 0.153734772239449 0.138858893680943 0.139172734808182 0.142776031227061 0.1315205330552 0.142583948405734 0.171945277925526 0.0719731965648385 0.0514986749994304 0.0347346271285301 0.0285345254039102 -0.00798839670948879 -0.0450031894399327 -0.0884474182595384 -0.0817993267796774 -0.0500103410633178 0.0329072492062623 0.0493504393401881 0.0551847594772199 0.0788412705400811 0.0627852065394491 -9999 -9999 -9999 -9999 -9999 -9999 -9999 -9999 -9999 -9999 -9999 -9999 -9999 -9999 -9999 0.0557046160918298 0.0591309207187794 0.0621895780041149 0.0518768958824783 0.0638833544904388 0.0590584743946539 0.0464765244520351 0.0201420332902585 0.0157386978732489 0.012592951912677 0.00184374385193442 0.0101972222346411 -0.0105838778278309 -0.0233532864135184 0.000642758646533834 -0.0210546537482666 -0.0043207973330747 0.0128011817375405 0.0066314849962321 -0.00105676979153682 0.00743467804993349 0.0248823093659768 0.0308177427156939
-9999 0.0791374241578583 0.0773901203170187 0.0966576408550063 0.121133408941077 0.0950631235549301 0.109799509380534 0.118450789898838 0.104376656512794 0.112513821785383 0.112736505168638 0.125418725565324 0.0613547590394975 0.0117352912595141 0.00104101538317051 -0.00274415285164675 -0.0476648598370969 -0.0595068215542207 -0.0539505242487413 -0.0587092991616447 0.00126640599348883 0.0325352785197713 0.0468528407783823 0.0291237173917116 0.0729688593531973 0.109985676203899 0.0940783135735603 -9999 -9999 -9999 -9999 -9999 -9999 -9999 -9999 -9999 -9999 -9999 0.0442713295034785 0.0380830866549294 0.0492471369460104 0.0569874802080949 0.0509140716877164 0.0642902664743468 0.0576264204563771 -9999 0.034713192479054 0.0383426653315433 0.032354941442734 0.022095324761819 0.0221688039408596 0.0292086288066724 0.00264754344797055 -0.0105031597816516 -0.023023094903905 -0.0252320553643265 -0.0237369194867293 -0.0195663395870288 -0.0090634249906063 0.0226385662122169 0.0191591328705628 0.0200596685317049 0.0419073137815041
-9999 0.0625393193227527 0.0345373257891531 0.0911908242429397 0.0811594163755747 0.0601943416627517 0.110713646643202 0.0820411734091516 0.086880097107103 0.089592534750417 0.0718788432217204 0.0533800408312811 0.0397894579982359 -0.00536929272962399 -0.0281766015846794 -0.0102788550528127 -0.0362642146252902 -0.0497545495308992 -0.0608992601818077 -0.0508443600115219 -0.0133307141363345 0.0024529033137943 0.0084666086239011 -0.00321254172136792 0.00088556560968453 0.070938197043654 0.083031566439355 -9999 -9999 -9999 -9999 -9999 0.0338831583367735 0.0104520954682568 0.00941620632138075 0.0188549689879764 0.0272173384927992 0.0442388651684875 0.0473286755009889 0.0385103895585822 0.0317993686576441 0.0528830949816578 0.0482124105071925 0.0461103583879574 0.0487954525386724 0.0412200535275175 0.0309348384757398 0.0242284531141394 0.0418804176769287 0.0230627600472935 0.0319443624457211 0.0093254974423727 0.00183102417369 -0.0147081639045112 -0.0141115211486938 -0.0214863403437178 -0.0258817431785064 -0.00625768262328489 0.00528714958853812 0.0158320069914634 0.0210030099386 0.0469104776982186 0.0457176613791247
-9999 0.0189196873510459 0.0196994780157877 0.0295732719780226 0.0371711073337086 0.0431214773807237 0.0786680611146325 0.0716541969054691 0.0591525525270924 0.0685396883956677 0.0640143213412543 0.0733029247618668 0.0158748060810933 -0.0136375964820397 -0.0524238339207593 -0.0347121787732332 -0.0749609325710779 -0.046422553462823 -0.0652841403649094 -0.0530012329235922 -0.0367400944468252 -0.0233970395175926 -0.0149490985399379 -0.0164542833081277 -0.00914668157241507 0.0162184617161647 0.0492058832908995 0.0686857355531297 -9999 0.0496359835492397 0.0408921108945966 0.0368952196855459 0.0372615986723632 0.0264270767532421 0.0397865366578297 0.028422035467567 0.042129570969983 0.0563911422738497 0.0401818944769368 0.0271569948234661 0.0266643925094864 0.0364710330041805 0.0360464959037671 0.0481889675532552 0.0318406264881535 0.0403100097147895 0.0173334582990027 -0.00498500923643077 0.0285190409776312 0.0360431429752417 0.0289386159591264 0.00913655667666471 0.00271478336211859 -0.0092694178225473 -0.0222023757076236 -0.00916750500706448 -0.0165725243534023 -0.00771976826156233 0.00778959231692868 0.0321896693067306 0.0449919122276537 0.0274993898059763 0.0674384770138899
-9999 -0.00414667027615609 -0.0199993591376281 0.00429050275432906 0.00611373921904699 0.0112584106475495 0.0353752971968423 0.0615561259202358 0.0574067058913602 0.0636765709223115 0.0226640072704322 0.0309986990155096 0.0247005915218617 -0.019148368152844 -0.0540457408126862 -0.0554680641847781 -0.0288219778068042 -0.0638758382159512 -0.060787922759388 -0.0409056406904441 -0.0115824246596755 -0.0191068396859904 -0.0450718775966421 -0.0457772338067239 -0.0485656963287337 -0.0388538754213524 0.00434267921870037 0.0601650365405287 0.073672844907388 0.0613051738630475 0.0448851437315247 0.0467222495773781 0.0413100217636572 0.0281468705488816 0.0248628217496662 0.0479098642663756 0.0585870721857439 0.0696419587338215 0.035301586707254 0.041965775514454 0.0166776316304539 0.0272899573501867 0.0356870822455026 0.0311358382473481 0.0515392157541547 0.0437033775955323 0.039530807229957 0.0328046442021461 0.0406894176689789 0.0373428580965801 0.0374108480118844 0.00479053642479232 0.00288725345914361 -0.0241340260866999 -0.0451803680238107 -0.032549599124757 -0.0100292097075811 0.0154798042324853 0.00238110770356802 0.035957102866871 0.0402279076654865 0.0484310579808269 0.0418668379265764
-0.0314420342661143 -0.0332921113931447 -0.0174127523385911 -0.00884058770439118 0.00987966834239455 0.00728726045372997 0.0478509216270421 0.0699331349654496 0.0712049507202995 0.0558283682778431 0.0310648667148091 0.0134812475592862 -0.0128752588662789 -0.0189266164238116 -0.0271009536051114 -0.0523468297257411 -0.0471230256922492 -0.0488460228924991 -0.0236354989961091 -0.0162761985508614 -0.00276211033238936 -0.0147615646151046 -0.031522629500724 -0.0484035076126862 -0.0564489594234114 -0.044254141379555 -0.000354505527703955 0.0370087665524811 0.0684770672436946 0.0836346934842407 0.0728142923447595 0.0590195451721662 0.0628525460224186 0.0589167743828527 0.0453266197447413 0.0637850080392994 0.0711500137209354 0.0698815623675861 0.0604782995072676 0.0488719484561164 0.0360482129909428 0.0260704171529504 0.0386148879489839 0.0205104116967698 0.0258506799704242 0.0427283048630759 0.0631234097128587 0.0655176663217721 0.0522094830718423 0.049064855226268 0.0154373905363573 0.0166514765299773 0.00250858616533291 -0.00716508062316199 -0.0432997019261222 -0.0303513318112423 -0.0231972422567922 0.00276729898328997 0.0232889038876149 0.0273392688889016 0.0305600583980373 0.0438219867855529 0.0277558561534911
-0.0100967261221925 -0.0159730341038005 -0.0111839492294181 -0.000762143839606544 0.00760847875639857 0.0527746514175594 0.044350420762998 0.0615094363629725 0.0582132477679725 0.0704818139776322 0.0556127043751979 0.048499997526828 0.0260264672781459 -0.00358734398041092 0.0168225564279076 -0.012122864787402 -0.0189563866716105 -0.010288706987402 -0.010830959127002 9.98785208284544e-05 -0.00926129559822859 -0.0224743756011292 -0.0451174540218946 -0.0464671155492347 -0.0522059167790008 -0.0322389614118284 0.00056381392665393 0.0386144612077989 0.0564735302728157 0.07193907027367 0.0714548907975794 0.0487450267235359 0.0401551572891801 0.0541417920981043 0.0374458969582504 0.0783141259752066 0.105620714922842 0.103778681946475 0.0709654812248544 0.0814787554333196 0.0457700125781027 0.0206059241918011 0.0251384216540981 0.00648473845618013 0.0286783824103052 0.0354617012818218 0.0559631818402506 0.0499242685503636 0.0476723235048311 0.0431666004769857 0.0383186635868312 0.0234937319207965 -5.14834863034261e-05 -0.0273342792198755 -0.0261911778225327 -0.0198817449015642 -0.00728540570983774 0.0116580666636142 0.0139738289832963 0.03012492156525 0.03166633567368 0.0241819400059686 0.0506138395537433
-0.00946027056402956 -0.024542351021565 -0.00289165019899832 -0.0290098399744187 0.0115944152910723 0.0342038692450084 0.0714553171079249 0.0729668258143561 0.081832883397454 0.0716475058634005 0.100256854438851 0.0740413074186653 0.0522507853490588 -0.0025834798525241 0.0330820234582921 0.0204654448563433 0.0337511404970842 0.00304685790662223 0.0130958341621366 0.000708982319499823 -0.00825276986940203 -0.0367684959586087 -0.0504145509964926 -0.0453654016401926 -0.0734888526588753 -0.0459434267951179 -0.0324164609122139 0.0156661691292194 0.0437201334017356 0.0627496942234917 0.0400052181525938 0.0536315328170238 0.0420954192974651 0.0397099419246086 0.0528903745681703 0.0919923646597711 0.137525552646538 0.116638385672917 0.0786344257973347 0.0440341767230135 0.0651217358988017 0.0418018067284089 0.00497861574315916 -0.00401651822868194 0.0350339295575847 0.05520487056193 0.0766250421032857 0.0525548494815268 0.0580373704992845 0.0384650296774863 0.0455316711299709 0.0150945767153113 0.0129484496907852 -0.019022368854517 -0.016368183063281 -0.00511037788406848 0.0143912533089456 0.00524795386445705 0.00574273828987362 0.00537132706186059 0.0292818367349513 0.0413861804895841 0.01767167244781
-0.0411707667740589 -0.00763761656966249 -0.00802986185576331 -0.0114073256218335 0.0430816402954334 0.0636456188140193 0.0776975997296602 0.070672801546926 0.0838543870121441 0.0913804642778839 0.0885552190010998 0.126247640110882 0.0813841662907348 0.0384646333984554 0.057922035407816 0.0329915640421328 0.0507233210185752 0.022761603172192 -0.0211189642380052 -0.000706928171026207 -0.0306115227199051 -0.0370666203091316 -0.0476928875722659 -0.0719151405405547 -0.0839773905683236 -0.0761113959102792 -0.0419018250125532 -0.00875554757551259 0.0456015266613108 0.0577267377679521 0.0658718410224839 0.0244547528558963 0.0524355170301915 0.0445938869880352 0.0765322490784246 0.10963690653466 0.1102979197751 0.0827454201152456 0.0774517871856409 0.0715317015719495 0.0698050253997149 0.046698845472623 0.0606703373425937 0.0379844935908924 0.025200248015782 0.0562020067261072 0.069817147932425 0.0611423295572008 0.0574001892981535 0.0546528419492538 0.0418839165857316 0.0376033370879778 0.0292223902751087 0.00866662723038399 0.00165079275877303 -0.0114560008743323 0.00226669355382076 0.00473656073931917 0.0129350685618331 0.0180130284025072 0.0487656752581812 0.0360934552679805 0.0435055411163751
-0.0298588046100242 -0.0249265635766563 -0.0220160727724017 -0.0239894954145593 -0.0045771139632059 0.0249470736482578 0.0385398582161569 0.0629844803353738 0.0867828112021858 0.108138220656116 0.0936116834202956 0.0880734856603329 0.0844648026558224 0.0617183177016203 0.0561842709284048 0.0623014124945362 0.027266171065638 0.0291850230403736 0.00641257619875333 -0.0236957390934626 -0.0489536053801978 -0.0785091440052887 -0.0733210188146843 -0.0501681147077974 -0.0786655278972078 -0.0629470046572487 -0.0269010306348791 0.00309160608321232 0.0332232866575493 0.0283044961033777 0.0433024462792164 0.0555135330046463 0.0325985227105175 0.0590378989577832 0.0610873971303374 0.0766403611529246 0.0784125740381447 0.0636491154246349 0.0817058631632281 0.0757484919912759 0.085375244032654 0.103631386370143 0.0696333926410397 0.0745979711405513 0.0763966158908223 0.0590986777719692 0.0619532991477846 0.07737745983945 0.0554785307822231 0.0472841555079031 0.0521003401367572 0.0455757439592442 0.0468805408095405 0.0424449346074492 0.0466595669672954 0.042782325056454 0.0337113779144475 0.0302578678652524 7.71556286403227e-05 0.00898499366361697 0.0268651425482312 0.0407790263157806 0.0373745041306193
-0.0229761462156981 -0.0310393876302356 -0.0446583883225927 -0.0608198345537922 -0.049961216123414 -0.0488937198630557 0.00899421038720007 0.00732412745285402 0.0550050340217276 0.0857153549152582 0.0460381586001556 0.0632345942547665 0.0659174664354086 0.0531505186443449 0.0330942949174648 0.0650184842008469 0.0386213462725887 0.023576682208637 0.0157593185855337 -0.0226934257968731 -0.035174721526956 -0.0570405194488761 -0.0634122830370606 -0.0305310482390895 -0.074462038578756 -0.0569378448109483 -0.0133830039383092 -0.0065024769051764 0.0178831122872101 0.00885084578507585 0.0358730155724503 0.0498087237512854 0.0573997372700734 0.0727742600863176 0.0597436563829462 0.0716462918331129 0.0587382615257319 0.052194095286582 0.0764452075374569 0.100192911960274 0.0905607986844506 0.104123209360187 0.116469454752043 0.11940389639369 0.117606688028579 0.0825895890090903 0.0797126428935765 0.0742252191612735 0.059077616252489 0.0555036849101991 0.03589558382318 0.0429588758096277 0.0435518672761837 0.0590435403034403 0.0635578912700319 0.0800480550699914 0.071187767109322 0.0527689961813785 0.0189288186801627 0.00116758963652294 0.0226458479806231 0.0198966055133047 0.0541564631351426
-9999 -0.0534609735975883 -0.0327331502826149 -0.059406743855809 -0.0787358765771249 -0.0635534060301156 -0.051947376906768 -0.0424686120915705 0.0369394413058458 0.0587433878806613 0.041352715528969 0.0408180782528857 0.0509916002007064 0.0542935503440923 0.0279090484873596 0.0374038084901706 0.053208561449683 0.0493033183657751 0.0216654213343509 0.0144040855722962 -0.0308570089717238 -0.0442918278630632 -0.0492076867340898 -0.0489893035981446 -0.0261964824551622 -0.0124580349647791 -0.0184890637649653 0.00411754775375025 0.0150843186346812 0.0030597114385888 0.0254668009724991 0.0211767003872916 0.0297230920984789 0.0318393411763625 0.0482950337521708 0.0539383073398992 0.0418877086277246 0.0526092944617627 0.0705933310444645 0.0909747145196663 0.120398980113459 0.130183505634141 0.129624547852739 0.12955806266574 0.114311185158407 0.108251992865107 0.0989456994769086 0.0849411998118298 0.069865528073136 0.0408567604235262 0.0341055637952115 0.0492557106801339 0.0664497678165227 0.0668269134266409 0.0815094869301158 0.093239085236703 0.0865096219898331 0.065018068553497 0.0234057545258003 0.0235180010133284 0.0228125369414426 0.014152082975355 0.0346223212203729
