data/pcas/pca_referenceLayers/PC01.asc
NCOLS 494 
NROWS 529 
XLLCORNER -117.166666666667 
YLLCORNER -55.5 
CELLSIZE 0.166666666666667 
NODATA_value -3.4e+38 
[rows 230 to 252 of 529, columns 208 to 259 of 494]
-3.4e+38 -3.4e+38 -3.4e+38 -3.4e+38 -3.4e+38 -3.4e+38 -3.4e+38 -3.4e+38 -1.75020505251606 -1.70855654854946 -1.66885203793365 -1.66844804908991 -1.63577836292536 -1.52520007955364 -1.28834019057213 -1.10920954017114 -0.918617805861051 -1.1146244843208 -1.18780321233873 -1.38154930809802 -0.79236441181089 -0.790683118855157 0.167015244234446 0.504424224149224 0.626593590182897 -0.0383556661917201 -1.1161280149292 -0.823542073148434 -0.770059656569232 0.221906964689888 1.25469872165445 1.48118101446151 1.65806879689665 1.55370996659918 2.00960612463312 3.22736476267982 3.46152602921865 3.50857111099029 3.56224162008316 3.54814955964574 3.55867913858239 3.58523100079899 3.65098995635423 3.76178960170928 3.80287082763005 3.81644993914816 3.77088118392458 3.60661389641389 3.52382509059848 3.50281103385797 3.52375356769921 3.57615349023148
-3.4e+38 -3.4e+38 -3.4e+38 -3.4e+38 -3.4e+38 -3.4e+38 -3.4e+38 -3.4e+38 -1.88845295061804 -1.85278080759927 -1.76216333178262 -1.69581056426076 -1.66899192485186 -1.60021190378492 -1.42820079480275 -1.22578182569107 -1.02323412804672 -0.927813624004869 -1.32805658914038 -1.08110554983658 -1.0073822968306 -0.611712026625206 -0.163201064503412 -0.395006021315034 -0.725440557875902 -0.402756645089881 -0.798327735972282 -1.00877154547782 -1.30627649149252 -0.985478216491424 0.410873136691056 1.47115055909916 1.56454786548973 1.39973555214848 1.25936195793977 2.45003419302862 3.40665468774978 3.5171419961744 3.57116880677501 3.50690912892409 3.49170104251425 3.53820233374178 3.6158322544359 3.73718169320424 3.78675603857 3.82433547235827 3.7562647545372 3.59408464788751 3.5101141186991 3.48190996298499 3.48541250560247 3.51593771158663
-3.4e+38 -3.4e+38 -3.4e+38 -3.4e+38 -3.4e+38 -3.4e+38 -3.4e+38 -3.4e+38 -1.92324557116952 -1.83348243679101 -1.81440675344958 -1.76516543238097 -1.73396953107316 -1.69349280671257 -1.55286835818561 -1.35879049896044 -1.1741590962776 -0.999218501717947 -1.65889817798678 -1.57182877106313 -0.876954725479587 -0.76032241400685 -0.701115772994962 -0.395533613609389 -0.659775707123456 -1.30662239356932 -1.30421340906908 -1.23829341122676 -1.38341038993802 -1.69420803816673 -1.01994551029788 0.808575789311062 1.44528871880034 1.29411536881845 1.14376506894001 1.75616568841023 3.19754641684254 3.66424479833112 3.66363589946785 3.54881636829451 3.47958910595372 3.52050015793488 3.57969894918823 3.70686748390297 3.7408390663408 3.7843839609067 3.71016070646817 3.58881517653032 3.52566367425736 3.50879655259659 3.47108894272274 3.47161568999575
-3.4e+38 -3.4e+38 -3.4e+38 -3.4e+38 -3.4e+38 -3.4e+38 -3.4e+38 -3.4e+38 -3.4e+38 -1.78999578802202 -1.78751932071842 -1.80576930727201 -1.74449674474341 -1.7302934527433 -1.6592952843331 -1.53582704105981 -1.32709308583674 -1.10645122849363 -1.60672288279635 -2.21293697601736 -1.1510580483127 -1.0016208888457 -1.42140269177297 -1.05536654970116 -0.7530014309882 -0.953541118291501 -1.473881933201 -1.32620433240694 -1.37169999170502 -1.26237233828032 -0.980388915162886 -0.11827688471044 0.658395702232442 0.619025631790158 1.30335846676307 1.69878516240433 2.37579347344484 3.76815807900096 3.84875288437206 3.69138549605502 3.5373869241227 3.53328609090829 3.60287735786658 3.63516361246132 3.65095439091304 3.65296226434824 3.62652908940971 3.52038556008517 3.47603257981766 3.45997613129892 3.4353525653459 3.43019738677328
-3.4e+38 -3.4e+38 -3.4e+38 -3.4e+38 -3.4e+38 -3.4e+38 -3.4e+38 -3.4e+38 -3.4e+38 -1.91223057686273 -1.80784276355241 -1.84970428101847 -1.81449793928103 -1.76761335177713 -1.71357105100188 -1.59932851046794 -1.47806810996607 -1.26974675669932 -0.993315963717109 -1.69996402418958 -1.53921475154098 -1.29287442557988 -1.70251806238871 -1.74461083795113 -1.42514852044119 -0.885449205494584 -1.42854409062142 -1.49617124020715 -1.49740378700591 -0.83344179717928 -0.615650098895737 -0.714056969479944 -0.118263581448966 0.406825932468429 1.0760244576698 1.89203259563336 2.00264322350519 2.32203773321878 3.00763255180235 3.69289750140405 3.71872056806496 3.57844336634343 3.54353066794895 3.52890114559365 3.51269908883165 3.52273001573298 3.49750623602987 3.42590372906289 3.39689280379429 3.40013438199346 3.39410953703306 3.39989918825168
-3.4e+38 -3.4e+38 -3.4e+38 -3.4e+38 -3.4e+38 -3.4e+38 -3.4e+38 -3.4e+38 -3.4e+38 -3.4e+38 -3.4e+38 -3.4e+38 -1.84429348770736 -1.79557017804331 -1.79832203529101 -1.65635807450045 -1.63400485270783 -1.46095405063434 -1.29092541899205 -1.05625981631221 -1.22977580701027 -1.13351891235987 -1.58615132088687 -2.17507371914996 -1.91636318691088 -1.87453603391978 -0.952294696028831 -1.62622968792775 -1.56014599315897 -1.00226948726644 -0.520987762627387 -0.24063602099967 -0.157700601079715 0.7757156727437 1.72035238035107 1.57470923090549 2.01078845396491 2.09886380956028 2.58240195451812 2.90590406538286 3.29761109681471 3.38575841702321 3.36171413212099 3.36559884188567 3.36011419929456 3.36765428295778 3.31539857611968 3.2889244631841 3.28415210786047 3.30792814320834 3.32277168207223 3.35306295271738
-3.4e+38 -3.4e+38 -3.4e+38 -3.4e+38 -3.4e+38 -3.4e+38 -3.4e+38 -3.4e+38 -3.4e+38 -3.4e+38 -3.4e+38 -3.4e+38 -3.4e+38 -3.4e+38 -1.81560196523505 -1.76735679444125 -1.67567607812505 -1.6028094760113 -1.43695438526018 -1.22781990326318 -1.44879142046184 -1.63977736245004 -2.34529485272583 -2.56744696642394 -2.51934725887278 -1.72994441954356 -0.998248733663963 -1.60480488768935 -1.62137936820233 -0.91687466443897 -0.457945273649179 0.297448519245471 0.416593027075909 1.16310235830382 1.77990334455767 1.92031805113919 1.82979185917029 1.92751521143232 1.96949580808705 2.35261900193123 2.60626928615836 2.94031083803339 3.14106583872223 3.16787406701929 3.19674076628791 3.17675837339887 3.16985512531237 3.16918908021055 3.20080045954104 3.21643458532232 3.22976845168727 3.28383329538201
-3.4e+38 -3.4e+38 -3.4e+38 -3.4e+38 -3.4e+38 -3.4e+38 -3.4e+38 -3.4e+38 -3.4e+38 -3.4e+38 -2.00107166714082 -3.4e+38 -3.4e+38 -3.4e+38 -3.4e+38 -1.81975848372117 -1.79188049178817 -1.6826873690265 -1.60330210516408 -1.383508655127 -1.90768783416108 -2.92247791894596 -2.9062918473972 -3.14500826232678 -3.0562597577273 -2.23546246756021 -1.35470146612774 -1.42160844985163 -2.23167953413743 -1.27260629990238 -0.657926382543797 0.314339973911799 0.802611368127199 1.35959446861567 1.98857068000234 2.04349274160504 1.90391227958883 1.94973032426002 1.95612041254203 2.16530196990611 2.38060416473634 2.5372987073437 2.90943075983715 2.98127498319415 3.03513194769914 3.00740076899826 3.02888776403095 3.05282173334811 3.09597860522246 3.13603983194742 3.16421509392925 3.19880287632137
-3.4e+38 -3.4e+38 -3.4e+38 -3.4e+38 -3.4e+38 -3.4e+38 -3.4e+38 -3.4e+38 -3.4e+38 -3.4e+38 -3.4e+38 -3.4e+38 -3.4e+38 -3.4e+38 -3.4e+38 -3.4e+38 -1.7727555102576 -1.74448539700983 -1.7146489177752 -1.55066854614099 -1.58680858144399 -1.77543746070802 -2.40126766233537 -2.9917657199132 -2.64854118084105 -2.73664190186562 -2.1493430107432 -1.10494565000991 -2.2522267865276 -2.08065988714941 -1.14774425584451 0.483557838283996 1.51301249291272 1.77678432808515 2.17226629052262 2.27750315105471 2.1425076995241 2.09524709915164 2.06498036726149 2.45631802897149 2.59995589268744 2.73875683657267 2.82155303330101 2.84429643797389 2.8609330246225 2.83742592561609 2.87461162699897 2.89404696776356 2.98681327183215 3.05277681592653 3.12672068241307 3.12005558542722
-3.4e+38 -3.4e+38 -3.4e+38 -3.4e+38 -3.4e+38 -3.4e+38 -3.4e+38 -3.4e+38 -3.4e+38 -3.4e+38 -3.4e+38 -3.4e+38 -3.4e+38 -3.4e+38 -3.4e+38 -3.4e+38 -1.75186164758506 -1.7545542153957 -1.69758064499478 -1.67965512221986 -1.48863869375983 -1.64305278831402 -1.60815737898461 -2.23780651470772 -2.51782527625276 -2.29813105447904 -2.42191779829211 -1.28374981619858 -1.76345921250549 -2.26234345660459 -1.0915751136521 0.316811983958829 1.46142513769618 1.94588187074278 2.44415980662933 2.4932478380313 2.44754764225253 2.20847746281535 2.23264104728037 2.43015090095086 2.80840061161328 2.85898743836658 2.81931230913065 2.78399005477941 2.80944824694664 2.76914086618123 2.77797052241115 2.78156153141957 2.84059507017702 2.97276879359988 3.06796780977736 3.11022536053652
-3.4e+38 -3.4e+38 -3.4e+38 -3.4e+38 -3.4e+38 -3.4e+38 -3.4e+38 -3.4e+38 -3.4e+38 -3.4e+38 -3.4e+38 -3.4e+38 -3.4e+38 -3.4e+38 -3.4e+38 -3.4e+38 -3.4e+38 -1.65746425462516 -1.69537095871453 -1.80520449779653 -1.82099719034994 -1.88318607353141 -2.46749872062414 -2.53840321904124 -2.95079523461488 -2.38363297131181 -1.76654409643996 -1.32284142780153 -0.928338802701552 -2.27185795844028 -1.33626537261464 -0.52308087998466 0.721718791336564 1.74911874833654 2.53494828541423 2.79875820887072 2.76907796766241 2.00980675231941 2.54597126362687 2.43815683182854 2.94010976489383 2.99016672413953 2.94715180357672 2.90213278967646 2.8569712364138 2.80881952686297 2.78686783848343 2.76353014153692 2.80625417156979 2.88061761606501 2.95639656959731 3.03804369889897
-3.4e+38 -3.4e+38 -3.4e+38 -3.4e+38 -3.4e+38 -3.4e+38 -3.4e+38 -3.4e+38 -3.4e+38 -3.4e+38 -3.4e+38 -3.4e+38 -3.4e+38 -3.4e+38 -3.4e+38 -3.4e+38 -3.4e+38 -1.65662773282706 -1.69994032055335 -1.85445356793578 -1.78480183289935 -1.66619785616592 -1.47988892156987 -1.57756435429104 -2.61674953567255 -2.4650418209916 -1.941737866865 -2.08141077760459 -1.17621014456951 -2.01725306308741 -1.85830875816759 -0.733823738178995 0.188116075907175 1.10008737345601 2.92675391777257 2.90215211691181 3.03413171504242 2.51155076945158 2.60824370562391 2.88130649744618 3.01792404360163 3.22216470193327 3.17468579408789 3.06842327287118 2.97089340800061 2.8642760316676 2.78578470187538 2.72946316975065 2.74635650578584 2.80828347862175 2.85842824087076 2.91974004508803
-3.4e+38 -3.4e+38 -3.4e+38 -3.4e+38 -3.4e+38 -3.4e+38 -3.4e+38 -3.4e+38 -3.4e+38 -3.4e+38 -3.4e+38 -3.4e+38 -3.4e+38 -3.4e+38 -3.4e+38 -3.4e+38 -3.4e+38 -3.4e+38 -1.73968341558124 -1.78888707658869 -1.9099304083847 -1.77796184678453 -2.66079019416973 -2.39154513949128 -2.24025726637224 -2.98197271280218 -2.37543474537115 -2.43794997373205 -1.99272221565029 -1.84798837102389 -2.53775672073967 -1.616914080491 -0.461066519349598 0.652619378636379 3.10144736527224 2.50115406347462 2.52220716952219 2.76559952137793 2.81420778042004 3.25537387915563 3.26445422958414 3.52035315055914 3.42396239272066 3.27570745680774 3.11306148396653 2.95269094937583 2.81864559987616 2.70652137311917 2.65951176333261 2.69430188685203 2.73030545013098 2.80473905300968
-3.4e+38 -3.4e+38 -3.4e+38 -3.4e+38 -3.4e+38 -3.4e+38 -3.4e+38 -3.4e+38 -3.4e+38 -3.4e+38 -3.4e+38 -3.4e+38 -3.4e+38 -3.4e+38 -3.4e+38 -3.4e+38 -3.4e+38 -3.4e+38 -1.77665593534119 -1.87534007280615 -2.01178064698872 -1.9205711568393 -2.2197033417693 -3.33541635122771 -3.55044225309226 -3.36255111870307 -3.15065229029896 -2.81010446001684 -2.77595520961423 -1.41573901730626 -2.82782940490825 -2.11283485280315 -1.44665472365612 0.840560543710636 2.70156455983895 2.12861964548737 2.19373499077221 2.78221199699305 2.67763029211818 2.60845395178984 3.76505524111445 3.91063589482001 3.72375550156531 3.48738958988359 3.2451580889959 3.01471532215804 2.82017783929798 2.66710095286902 2.58202644913111 2.57375754619661 2.61302967108945 2.63499013684744
-3.4e+38 -3.4e+38 -3.4e+38 -3.4e+38 -3.4e+38 -3.4e+38 -3.4e+38 -3.4e+38 -3.4e+38 -3.4e+38 -3.4e+38 -3.4e+38 -3.4e+38 -3.4e+38 -3.4e+38 -3.4e+38 -3.4e+38 -3.4e+38 -3.4e+38 -1.92287023680278 -1.99464218205501 -1.97289389001884 -2.00449030018549 -3.81224000122171 -3.67304859448565 -3.73376651889962 -3.08565891170941 -3.53524843264734 -3.17609224468245 -1.9739230400719 -3.1453340452762 -2.74500551150518 -1.52618356373378 -0.0228372042598093 2.08530310497014 3.13668662263553 2.25871416670211 2.59831098615184 2.28275838825373 2.6414316243232 4.36430268282824 4.32216973868244 4.04490243363108 3.73763925973399 3.38134699499068 3.05343000402987 2.77266060085673 2.56469574671767 2.48569951819552 2.46629127889331 2.47787983690806 2.52122674128731
-3.4e+38 -3.4e+38 -3.4e+38 -3.4e+38 -3.4e+38 -3.4e+38 -3.4e+38 -3.4e+38 -3.4e+38 -3.4e+38 -3.4e+38 -3.4e+38 -3.4e+38 -3.4e+38 -3.4e+38 -3.4e+38 -3.4e+38 -3.4e+38 -3.4e+38 -3.4e+38 -1.92122616417519 -2.03235776651657 -1.92815640932699 -2.43120212962795 -3.62193454926216 -4.04739414278338 -2.44232275251954 -3.3413381179758 -3.80998639230425 -2.40066148251775 -2.27527709830062 -3.01842933158669 -1.78649150648087 -1.16344767030873 0.518523330340013 3.32429955979677 3.62173446323406 2.61187973056962 2.13032354911568 1.87643643865649 3.85884202458412 4.70418457247051 4.40954015793064 4.00413438882781 3.57884772012886 3.1048091596545 2.7018540719634 2.43982516480558 2.38795507230334 2.39989670706719 2.42049594068334 2.4506925378741
-3.4e+38 -3.4e+38 -3.4e+38 -3.4e+38 -3.4e+38 -3.4e+38 -3.4e+38 -3.4e+38 -3.4e+38 -3.4e+38 -3.4e+38 -3.4e+38 -3.4e+38 -3.4e+38 -3.4e+38 -3.4e+38 -3.4e+38 -3.4e+38 -3.4e+38 -3.4e+38 -3.4e+38 -1.82192927271223 -1.84439201366843 -1.79851887538878 -2.684400084372 -3.53265306903883 -2.3242737331005 -4.21596392606067 -4.02925093959722 -3.26339234116275 -2.01842767170922 -3.03610658134754 -3.32310557513654 -2.15675516658719 -0.542068932311216 2.06052285760305 4.51857458550584 4.11006854592872 1.72772580685053 2.07199339735389 4.49876919461687 5.23346078126678 4.90789219748117 4.39169279699367 3.80961766892317 3.20427443483382 2.68926078917608 2.41402864390779 2.33662499431863 2.38093824978534 2.40084874460684 2.41003208786584
-3.4e+38 -3.4e+38 -3.4e+38 -3.4e+38 -3.4e+38 -3.4e+38 -3.4e+38 -3.4e+38 -3.4e+38 -3.4e+38 -3.4e+38 -3.4e+38 -3.4e+38 -3.4e+38 -3.4e+38 -3.4e+38 -3.4e+38 -3.4e+38 -3.4e+38 -3.4e+38 -3.4e+38 -1.78188780274337 -1.78714711573755 -1.80925957000582 -1.84952291399493 -2.05952964299117 -2.5105135152614 -3.20926881862357 -4.01310356648303 -3.01740259211408 -2.55058067626298 -2.16203748106777 -3.28144091043726 -2.53033994953576 -1.56483329743973 0.933607802593958 3.54115542159074 4.00130967874097 2.79714803446726 3.42949182744729 5.20611549102127 5.85005429629149 5.47268334120594 4.84467926907102 4.10353037742126 3.43615897012911 2.84538846725943 2.5311819783822 2.4179198254172 2.40313892985595 2.40239375728664 2.3893343588475
-3.4e+38 -3.4e+38 -3.4e+38 -3.4e+38 -3.4e+38 -3.4e+38 -3.4e+38 -3.4e+38 -3.4e+38 -3.4e+38 -3.4e+38 -3.4e+38 -3.4e+38 -3.4e+38 -3.4e+38 -3.4e+38 -3.4e+38 -3.4e+38 -3.4e+38 -3.4e+38 -3.4e+38 -3.4e+38 -1.80231394837376 -1.84451709445107 -1.74371885204889 -1.9676906461164 -2.71322156619938 -2.45088476266 -4.32838969252155 -3.97677614361335 -3.4919442902715 -2.30340718545181 -3.62601002642467 -2.54806876939009 -2.03179517679286 -1.90709857929276 1.63693134339855 4.26374488321404 3.48072308962198 2.43015742299626 4.8895494730949 6.52177298588206 6.04329608429246 5.25180797541155 4.43119162121847 3.6367286328937 3.11921964113454 2.73191399266247 2.54078860920105 2.45081579783566 2.42115701307414 2.39408304747458
-3.4e+38 -3.4e+38 -3.4e+38 -3.4e+38 -3.4e+38 -3.4e+38 -3.4e+38 -3.4e+38 -3.4e+38 -3.4e+38 -3.4e+38 -3.4e+38 -3.4e+38 -3.4e+38 -3.4e+38 -3.4e+38 -3.4e+38 -3.4e+38 -3.4e+38 -3.4e+38 -3.4e+38 -3.4e+38 -1.72840690846326 -1.78100204551629 -1.78061432800807 -1.83962769679552 -3.32530881924546 -3.71479967902876 -4.16623869485034 -4.77498467491862 -3.00494563691787 -2.55277839350841 -2.3836850947737 -3.51972059585993 -2.68155501176554 -1.21319311567359 0.595711416049457 3.82744253592164 4.01460543085181 1.72615914237782 4.93843185715816 7.01089407228069 6.4659997241291 5.54110353846011 4.66235726090093 3.87914447546554 3.37881974651098 2.947735160287 2.66524936447116 2.5319781535958 2.45023881468042 2.39881198207644
-3.4e+38 -3.4e+38 -3.4e+38 -3.4e+38 -3.4e+38 -3.4e+38 -3.4e+38 -3.4e+38 -3.4e+38 -3.4e+38 -3.4e+38 -3.4e+38 -3.4e+38 -3.4e+38 -3.4e+38 -3.4e+38 -3.4e+38 -3.4e+38 -3.4e+38 -3.4e+38 -3.4e+38 -3.4e+38 -1.75258558471557 -1.81085402907104 -1.79420815675916 -1.76930804323218 -1.95298512870313 -4.04881105806877 -3.06347347396417 -5.01576353118279 -3.49617092331079 -3.70931400872792 -3.35506406102552 -2.51964709703158 -2.5947039412182 -0.8275125733647 -0.193554315928888 2.11902133953369 4.09747314983557 2.63938119670621 3.35487660306057 6.55463878522864 6.4110024283424 5.54324703608658 4.71006213628977 3.97761897454974 3.34575366206893 3.01895925583279 2.80506181229608 2.61165993007755 2.47753286250944 2.40914994386129
-3.4e+38 -3.4e+38 -3.4e+38 -3.4e+38 -3.4e+38 -3.4e+38 -3.4e+38 -3.4e+38 -3.4e+38 -3.4e+38 -3.4e+38 -3.4e+38 -3.4e+38 -3.4e+38 -3.4e+38 -3.4e+38 -3.4e+38 -3.4e+38 -3.4e+38 -3.4e+38 -3.4e+38 -3.4e+38 -3.4e+38 -1.8518346625599 -1.79399150005089 -1.78434650781517 -1.99469310662903 -4.33231356520181 -3.79303660625928 -3.68314988435605 -4.69684082414265 -4.36714435219657 -3.77775814152873 -3.2950474497024 -3.25030727608423 -1.45483139585629 0.395813659754669 1.49353046898968 3.1948452782174 3.9735327509284 1.64401835790331 4.00352927933168 5.74193248911946 5.21189092830752 4.5170316392529 3.89412618529656 2.88021128638359 2.42760131872491 2.88261986008275 2.67738493205498 2.52079717520409 2.41942167273295
-3.4e+38 -3.4e+38 -3.4e+38 -3.4e+38 -3.4e+38 -3.4e+38 -3.4e+38 -3.4e+38 -3.4e+38 -3.4e+38 -3.4e+38 -3.4e+38 -3.4e+38 -3.4e+38 -3.4e+38 -3.4e+38 -3.4e+38 -3.4e+38 -3.4e+38 -3.4e+38 -3.4e+38 -3.4e+38 -3.4e+38 -3.4e+38 -1.75288230701012 -1.76860532534719 -1.9018203514579 -3.19126606597544 -4.8774554428224 -3.68361192877544 -5.20733010965983 -4.28334573275126 -3.20006060405181 -4.09217711868063 -3.48312866103874 -3.10622496390059 -1.76501764673444 -1.50064944985235 0.912646642430082 1.22641018738954 0.820882775383029 3.09103133468246 5.03481477398116 4.72026612356402 4.21905066426037 3.64387858352157 1.91401239389871 1.95925563036786 2.88481655760437 2.71869411115545 2.55385294866545 2.42949213983937
