data/pcas/pca_referenceLayers/PC01.asc
NCOLS 494 
NROWS 529 
XLLCORNER -117.166666666667 
YLLCORNER -55.5 
CELLSIZE 0.166666666666667 
NODATA_value -3.4e+38 
[rows 0 to 22 of 529, columns 156 to 207 of 494]
-2.51136148230346 -2.48229868229478 -2.45029520491914 -2.24173805697203 -2.26892342825279 -2.29521340010081 -2.34315852371953 -2.37839247010853 -2.65474257048731 -2.63666975408542 -2.61784075284898 -2.48883835949505 -2.48651292569788 -2.48826507517147 -2.46547038260657 -2.46022545272286 -2.44648590686239 -2.54969370468699 -2.53532125291779 -2.51341796030377 -2.49526038192768 -2.46969525976696 -2.50572162736737 -2.49318868735394 -2.46321003367484 -2.44798823832195 -2.43868952903188 -2.42029202355616 -2.36751448219193 -2.32880550701418 -2.35710257093794 -2.34789886441613 -2.39536804852106 -2.42502334581895 -2.42991482600312 -2.5329056283877 -2.75724851686655 -2.78556576366481 -2.85692988254264 -2.89156922700205 -2.9171526214391 -2.95129597545661 -2.96137605550335 -2.95010844991115 -2.88810730011008 -2.82369786460991 -2.88218524539399 -2.88775501654977 -2.88650540097394 -2.87894107394612 -2.89235193284507 -2.35835530050251
-2.41279506047957 -2.4219211370704 -2.45774137889068 -2.48208538092546 -2.24724559583153 -2.23262470789752 -2.21052206278118 -2.31171371011675 -2.55350746106534 -2.5163017593494 -2.39576694397386 -2.41542997732153 -2.4322250209156 -2.40739750006516 -2.35232129121636 -2.46680138745481 -2.45889519559167 -2.45829897493444 -2.46402315393765 -2.45847310444548 -2.47680146195248 -2.48472875533994 -2.47324002644572 -2.44413565221847 -2.3874117258407 -2.3500544280508 -2.34196027999899 -2.31613734684232 -2.25607992177266 -2.21851328778566 -2.2714581478531 -2.29816750994549 -2.31618271382597 -2.36302646003984 -2.4180622797056 -2.49347172717407 -2.72632845052582 -2.7341500113362 -2.80803416946016 -2.84917955665623 -2.89332727998135 -2.92611000288664 -2.9273640211697 -2.91736929069171 -2.8584930169627 -2.82893025118498 -2.81735340853194 -2.80538147328834 -2.8046303499585 -2.81836546528072 -2.83144170710918 -2.2934084644981
-2.35540900475127 -2.39859199679113 -2.40905339169006 -2.43550758315624 -2.18630607153634 -2.14608196612661 -2.1899642083072 -2.48043143687876 -2.46768678561136 -2.4147119360782 -2.29910477807823 -2.34124093968976 -2.36244503379012 -2.36071756125912 -2.42932473024776 -2.41474238344435 -2.37855069654981 -2.3858764759218 -2.37716848501897 -2.38058252629402 -2.42289420907428 -2.4570222333448 -2.44238298117632 -2.39325256103039 -2.34029144934159 -2.31219260986294 -2.29642032468487 -2.27332498128812 -2.25617037851371 -2.24333729524706 -2.25719545254534 -2.26943313242582 -2.28839915026992 -2.33749713225628 -2.39944586093871 -2.66093327453813 -2.72266367878888 -2.74274185466239 -2.79166231304057 -2.83508918064645 -2.84091782101614 -2.86525682546442 -2.85783183689619 -2.85475746061608 -2.82446161668941 -2.77534955314525 -2.72977479363866 -2.71307691090847 -2.72841768337585 -2.77303749212422 -2.30178838525864 -2.25155244643432
-2.31933020298301 -2.0994680418962 -2.33732754496325 -2.34614833481823 -2.32142607307645 -2.32829409798208 -2.12877220619357 -2.30021586368113 -2.27519881596158 -2.23807250800926 -2.24384760316128 -2.26495756588423 -2.3047374060256 -2.41939982714344 -2.41594993264652 -2.35711233085568 -2.3006194351061 -2.29097624488878 -2.29140890061968 -2.33522042902931 -2.35897873283577 -2.3774041689264 -2.35339538161765 -2.32024788513445 -2.31489131394858 -2.29330218763739 -2.44644949272749 -2.23763402825973 -2.22854168278568 -2.23112000614814 -2.24711023436683 -2.26458257553413 -2.2743195576181 -2.34596491297298 -2.5643783677856 -2.62038903677228 -2.65140708313343 -2.72112065518013 -2.76490278686032 -2.7713194866927 -2.77872861431732 -2.7669216623045 -2.76877617071057 -2.76199601089054 -2.7517570957852 -2.72395917064731 -2.6737133560147 -2.64442782583494 -2.1639614913402 -2.19318198134097 -2.22303995013277 -2.16292624059534
-2.23061947534815 -2.02475636065823 -2.24476101203293 -2.2315206400165 -2.20799967616842 -2.23078247797997 -2.27228265658045 -2.19556297549981 -2.20017765540353 -2.19883271603335 -2.1857871686511 -2.30220527135593 -2.33047820364027 -2.3627008970536 -2.35911724199448 -2.3065563370163 -2.24992135696336 -2.2410800087881 -2.20756844369778 -2.244702710434 -2.26197664932836 -2.28008475656142 -2.29012052415686 -2.3043808382104 -2.45105026444974 -2.41919865499892 -2.39074533533926 -2.38108503739007 -2.21194177232461 -2.23080401527869 -2.24691127367881 -2.25849355718949 -2.27370880392196 -2.50173408961468 -2.5328211282777 -2.55006863197949 -2.52665670112547 -2.62042054345116 -2.65780962187263 -2.66418526350766 -2.65867638437529 -2.66031716488503 -2.66325478978263 -2.63935439718107 -2.65416577666133 -2.64370390275095 -2.61226949090377 -2.1021495820014 -2.08704335713071 -2.08815769682048 -2.06579506996256 -2.01511296310872
-2.1323738494385 -2.15175631411376 -2.16261734812601 -2.16618755927199 -2.14665197109269 -2.1661340761138 -1.94407460848687 -2.10702366984783 -2.11848080977867 -2.10738669509844 -2.20477262129548 -2.21579618975534 -2.226168426152 -2.28906024678936 -2.30812231868021 -2.25591510511678 -2.21307001829269 -2.16563349580116 -2.13383589400719 -2.15095555505096 -2.16390304364309 -2.17579810305947 -2.1947408609647 -2.39314238624716 -2.37997078334373 -2.35333514299302 -2.32240967928838 -2.31493755955694 -2.32338540560301 -2.33729322624804 -2.21058662840274 -2.22269339309552 -2.23546492592816 -2.44775973517718 -2.48813268165193 -2.46625614798607 -2.39895763981408 -2.49626236323512 -2.51092866973419 -2.52435990401533 -2.53216476813301 -2.53131624246303 -2.53298151920206 -2.55042067538144 -2.56711347098646 -2.55753224274202 -2.5478985838129 -2.03287159522473 -2.01131730548174 -1.96201722964841 -1.94989819361443 -1.91989565078934
-2.03208655808789 -2.08505895454345 -2.10189954977157 -2.1264146567812 -2.10943207074586 -2.07780504637768 -1.81504319031617 -2.0791228996534 -2.08369990356491 -2.07290044673686 -2.07923376373784 -2.11055020008519 -2.14813173651416 -2.19752174615548 -2.213656715974 -2.18351777181128 -2.14199231469173 -2.09350041169321 -2.21089925822721 -2.0243414573832 -2.2226743590956 -2.24395001512341 -2.27504815100691 -2.28616843850946 -2.28371168503217 -2.25066552668362 -2.23149906395197 -2.23450993338972 -2.26214630830555 -2.28618661274002 -2.34734636502933 -2.36655018641715 -2.35375860904329 -2.38356281263266 -2.41048483546966 -2.39050160980042 -2.31617497158965 -2.35948136325588 -2.38355751646455 -2.3971840733187 -2.39789871941707 -2.38327923431951 -2.38808013131566 -2.44534108706028 -2.46612440022409 -2.46867675683217 -2.47135609055845 -1.97495156207399 -1.93276642837847 -1.87372587250163 -1.84581798809331 -1.81836718588836
-1.94016178208529 -1.99301371249066 -2.03546590191904 -2.05368096470886 -2.04148349341713 -2.00466451290023 -1.95545738247039 -1.93024440741944 -1.94246487502251 -1.94564032897478 -1.94324973902819 -1.97781911776501 -2.0468693058708 -2.10964279666135 -2.10035441405302 -2.24356875718769 -2.19695888392318 -2.15080797813383 -2.11632907625529 -2.04650781452765 -2.08046488542504 -2.11033804518728 -2.16179167748886 -2.1627617817266 -2.13032257114885 -2.12213803903984 -2.1462049124568 -2.17228033973305 -2.19899567388449 -2.26519397442829 -2.32869035276608 -2.32528828967165 -2.29999523149479 -2.33140049389151 -2.33913243525118 -2.28541873489497 -2.23549950967251 -2.20707855332301 -2.26304473668855 -2.30333964084567 -2.3011720361385 -2.31314876388392 -2.32467194732862 -2.36253640372699 -2.37666042222339 -2.3735388440095 -2.38404648299173 -2.08718078930871 -1.85878445515407 -1.80149055947896 -1.76334040500812 -1.73610072706746
-1.87014795370624 -1.96416891756356 -1.98927646082645 -2.13900805328222 -2.1137602578703 -2.09552326353213 -2.05223331642489 -1.80309258593388 -1.7971745807243 -1.99873542170062 -2.00276011398597 -1.8407573008746 -2.08025255276875 -2.15881186515224 -2.17629528275831 -2.12140767656785 -2.0896837878427 -2.04067553542123 -1.9836255443925 -1.8784536925256 -1.92253315297997 -1.98268596088552 -2.01423769689217 -2.01781224908881 -1.98713516056493 -2.00006686182638 -2.03472223409926 -2.08911679691691 -2.12547548657099 -2.16526906491296 -2.21751644232529 -2.26714635078705 -2.32083576757476 -1.80873714417854 -1.7451243080744 -2.19050852982034 -2.15335932449533 -2.15383707225207 -2.19651546298308 -2.22110569750986 -2.22742008116044 -2.23161961604503 -1.77624301103476 -1.80113981178625 -1.80901763260614 -1.82671167895407 -2.02157581134223 -2.02931219769797 -2.00270414478258 -1.94081865513984 -1.71186344887332 -1.66698961921222
-1.79697860895416 -2.06022950089268 -2.05454820959356 -2.04626117719921 -2.02198974329615 -2.0425840749415 -1.9522458310833 -1.90012851018023 -1.88197031692294 -1.9188271578443 -1.92063121246054 -1.9308676550073 -1.96467585646702 -2.00633392777723 -2.02645187840475 -1.99128508701685 -1.9579355011469 -1.90335827125454 -1.84477864018584 -1.23936324472088 -1.3037601635379 -1.33761523794827 -1.3580343933135 -1.54179462878904 -1.54368967660301 -1.57962996643559 -1.62354598404776 -1.49036922792566 -1.53820924234924 -1.76631734603996 -1.78748306098339 -1.84680327120552 -1.69620841263811 -1.67590479781603 -1.63496139252546 -1.63017485198649 -2.09598156148981 -2.11696270421709 -2.13329269711679 -2.14150954513264 -2.1356133461056 -1.65965163271186 -1.68700632630278 -1.70682518561973 -1.71288699702691 -1.9069858558089 -1.94221770361937 -1.96972815311473 -1.94121961046045 -1.88421701968338 -1.80927834956303 -1.75963759060586
-1.92481670318784 -1.96474146163985 -1.94006890555463 -1.91683630323064 -1.8190004419618 -1.81376393331435 -1.85279531264928 -1.81436391933686 -1.81220149288702 -1.83647521700032 -1.83530291436798 -1.82086884760501 -1.81130859957189 -1.37805843342044 -1.38030491940478 -1.38522234785546 -1.53741527504016 -1.4926997486997 -1.40821990167883 -1.23690300451948 -1.2917897528438 -1.32682189362547 -1.33645307201462 -1.31175974035757 -1.36169823953715 -1.42154048057041 -1.43822029518187 -1.48842835733627 -1.52836467209312 -1.55850156071218 -1.59431198378742 -1.64052444062507 -1.67964004928898 -1.50232466740033 -1.50362197418779 -1.51456281378851 -1.54542348188763 -1.73308862644767 -1.74516297121279 -1.7336577806192 -1.55594465462556 -1.56473940455731 -1.58687878026561 -1.62039081451634 -1.61975704824391 -1.80064775452872 -1.83563244110327 -1.87783013192322 -1.87067206166097 -1.79573434834073 -1.73181039413298 -1.67771906849409
-1.83194257893585 -1.83422984823572 -1.84164846161588 -1.77481666475002 -1.79147388112491 -1.74089604201199 -1.70662688274802 -1.79152437486836 -1.77774927027963 -1.78396408352914 -1.73802165451444 -1.225927066817 -1.16740883531663 -1.17609236296236 -1.36148462550094 -1.36454210816952 -1.3574257242339 -1.31840732300601 -1.2000924746555 -1.12536854336197 -1.18800866519241 -1.18139839527494 -1.15648239337037 -1.11366203438043 -1.18337440810502 -1.25898347946036 -1.27293073816539 -1.29087802740623 -1.34802073408869 -1.36399722392006 -1.3651062508425 -1.41255898570262 -1.47563839304997 -1.51428098138533 -1.54093707903653 -1.5619235643906 -1.60595054063437 -1.53214246508299 -1.57848738581282 -1.61881701477787 -1.60031076289135 -1.59458297571913 -1.45985795831721 -1.49800226221229 -1.67423299400439 -1.66930367913413 -1.70164822234876 -1.71936035657774 -1.74200433418849 -1.69627946631217 -1.64063586271116 -1.58979545647517
-1.69524213362342 -1.69117735973622 -1.19929747236783 -1.64801174964071 -1.66783190262926 -1.71639323205731 -1.7347288356661 -1.74238727002035 -1.75438744490356 -1.71932299786997 -1.17043690161333 -1.27298733794647 -1.18881039800585 -1.18067655846247 -1.2104766829854 -1.14146859502382 -1.18363620250807 -1.18071525196948 -1.09757048771828 -1.0155756164777 -1.06816425791712 -1.04130851634956 -0.998303531746592 -0.921105669801912 -0.984374063214221 -1.04927939965967 -1.09509129238804 -1.14183204181503 -1.17216741140403 -1.18265338754035 -1.2063720018785 -1.22515373299582 -1.28156501812771 -1.32629504088375 -1.37640211902102 -1.42635072256102 -1.46723865230698 -1.47495894452932 -1.47404937067445 -1.42058845057836 -1.38928314258701 -1.38256362477976 -1.48324803236328 -1.34589742386922 -1.53826121962708 -1.54525347610038 -1.55498763157152 -1.59090873184052 -1.59622470069409 -1.57061094624601 -1.5307459938685 -1.4984806190076
-1.00484847815855 -1.06534585275005 -1.06827938057064 -1.04856573520841 -1.0567102331369 -1.08725450345171 -1.12504370326152 -1.23727795199031 -1.21721918924712 -1.35883354905497 -1.26553210950708 -1.1588149119214 -1.05305007248558 -1.01018723771561 -1.02556578932602 -0.970336961091333 -1.00464724355325 -1.0702701732416 -1.04182680746436 -0.952219160868156 -0.945662511542876 -0.894496815184633 -0.841119275759311 -0.789185116359406 -0.742637556583683 -0.8738027981292 -0.916769863219247 -0.945244676607481 -0.933330073796347 -0.923321813209521 -0.993685907501889 -1.0539188813216 -1.11861703108488 -1.14744407980923 -1.17925525567502 -1.24920753085875 -1.32021200470616 -1.34910220341523 -1.30512356753293 -1.20184862120535 -1.18371054636255 -1.19906005625257 -1.31609165491495 -1.38498832912363 -1.40691790761475 -1.41422878638245 -1.43320597909584 -1.46600286181327 -1.47361534988525 -1.43785440880908 -1.3844103901862 -1.39807637267616
-1.13664990384487 -1.15574088224699 -0.924585060714993 -0.863477231001731 -1.01876809783494 -0.662595855758794 -0.711283726246002 -0.977611419144963 -1.00281772541928 -1.20667283679112 -1.16099158520025 -1.06849952905495 -0.625984241107891 -0.464577426667886 -0.645059135635137 -0.679417714669988 -0.660155362018499 -0.631343862090072 -0.782826467327272 -0.683845388853765 -0.806206224948428 -0.776151933717446 -0.696717391242972 -0.639392622348987 -0.259212643738198 -3.4e+38 -3.4e+38 -3.4e+38 -3.4e+38 -0.846351441179977 -0.903972882143432 -0.923302997406082 -0.877861481230076 -0.896520813061366 -0.946387820296497 -0.970427694000001 -1.03704158342322 -1.14567317960262 -1.12201719477319 -1.11045293248098 -1.09051298689615 -1.10459486069255 -1.16656546209276 -1.20801353236015 -1.24640748031848 -1.27615809076166 -1.32045707311002 -1.34433026496811 -1.34378803042796 -1.33444836204246 -1.32744692778975 -1.29812825424937
-1.03477347186202 -1.03638898676395 -1.00591212780193 -1.03319059521174 -0.943911309065724 -0.814648010427318 -0.794090873617443 -0.962349357316705 -1.02458059418691 -0.990661517549499 -0.847115449964879 -0.705141203896757 -3.4e+38 -0.358709264716787 -3.4e+38 -3.4e+38 -3.4e+38 -3.4e+38 -3.4e+38 -3.4e+38 -3.4e+38 -3.4e+38 -3.4e+38 -3.4e+38 -3.4e+38 -3.4e+38 -3.4e+38 -3.4e+38 -3.4e+38 -3.4e+38 -3.4e+38 -3.4e+38 -0.622953540323585 -0.638048111331388 -0.738583321601077 -0.731433917594616 -0.76840255170919 -0.941373953631568 -0.990130923479047 -0.961429203134774 -0.945364970974397 -0.966686920634777 -1.01270889859278 -1.03501923847224 -1.08480931149394 -1.1134723929078 -1.18019944114407 -1.20320107688111 -1.20951495770579 -1.23295399382474 -1.24159964716367 -1.22995795685472
-0.834459226414203 -0.861154932672549 -0.852644049095624 -0.821742025252298 -0.881479813729393 -0.887886308394386 -0.868365481145358 -0.905603080205399 -0.866046089149219 -0.851648664122648 -0.793635774810236 -0.698499985316448 -3.4e+38 -0.364090191567653 -0.341968857953746 -3.4e+38 -3.4e+38 -3.4e+38 -3.4e+38 -3.4e+38 -3.4e+38 -3.4e+38 -3.4e+38 -3.4e+38 -3.4e+38 -3.4e+38 -3.4e+38 -3.4e+38 -3.4e+38 -3.4e+38 -3.4e+38 -3.4e+38 -3.4e+38 -0.544512816665215 -0.619060957098423 -0.674772063689108 -0.711677605093694 -0.835582510217287 -0.87205430187041 -0.873781939578166 -0.833642028696139 -3.4e+38 -3.4e+38 -0.906575603080345 -0.949442690189785 -0.986411430983417 -1.02931789087812 -1.05726280113541 -1.0999563059739 -1.10515570458179 -1.14193434059673 -1.16604722372374
-0.645461187093088 -0.706402646081025 -0.738053835086165 -0.770269624748602 -0.789423878209927 -0.707341864687096 -0.778768740670071 -0.729407986151307 -0.712976737578533 -0.764852518009528 -0.730934557593576 -0.596950841232443 -3.4e+38 -0.320395904930874 -3.4e+38 -3.4e+38 -3.4e+38 -3.4e+38 -3.4e+38 -3.4e+38 -3.4e+38 -3.4e+38 -3.4e+38 -3.4e+38 -3.4e+38 -3.4e+38 -3.4e+38 -3.4e+38 -3.4e+38 -3.4e+38 -3.4e+38 -3.4e+38 -3.4e+38 -3.4e+38 -0.2061329409147 -0.491947097181021 -0.558281653029834 -0.722578350364774 -0.735922146331302 -0.413293362623287 -3.4e+38 -3.4e+38 -3.4e+38 -3.4e+38 -3.4e+38 -0.84748124457915 -0.887648779624437 -0.947153528801968 -0.981641938368237 -0.996029784780694 -1.03675709906815 -1.08164827975387
-0.546718792589491 -0.556911988941552 -0.651838234479209 -0.668883610191069 -0.683584250843347 -0.662240838270753 -0.610362226114574 -0.620735744426473 -0.623650516540355 -0.605091079421594 -0.631013389781146 -3.4e+38 -0.0613770280913358 -3.4e+38 -3.4e+38 -3.4e+38 -3.4e+38 -3.4e+38 -3.4e+38 -3.4e+38 -3.4e+38 -3.4e+38 -3.4e+38 -3.4e+38 -3.4e+38 -3.4e+38 -3.4e+38 -3.4e+38 -3.4e+38 -3.4e+38 -3.4e+38 -3.4e+38 -3.4e+38 -3.4e+38 -3.4e+38 -0.396102794754776 -0.399067760905787 -0.241032938454623 -3.4e+38 -3.4e+38 -3.4e+38 -3.4e+38 -3.4e+38 -3.4e+38 -3.4e+38 -3.4e+38 -0.71193896263799 -0.791726585949386 -0.830363446702319 -0.83774795255692 -0.889066233214003 -0.971926667397366
-0.447982343892738 -0.429320782924948 -0.442273532873343 -0.420172358780195 -0.45167587881453 -0.524322075028042 -0.467101597865202 -0.510748824636731 -0.525629491154189 -0.338707374385084 -0.401375685880705 -0.35441732697553 -3.4e+38 -3.4e+38 -3.4e+38 -3.4e+38 -3.4e+38 -3.4e+38 -3.4e+38 -3.4e+38 -3.4e+38 -3.4e+38 -3.4e+38 -3.4e+38 -3.4e+38 -3.4e+38 -3.4e+38 -3.4e+38 -3.4e+38 -3.4e+38 -3.4e+38 -3.4e+38 -3.4e+38 -3.4e+38 -3.4e+38 -3.4e+38 -3.4e+38 -3.4e+38 -3.4e+38 -3.4e+38 -3.4e+38 -3.4e+38 -3.4e+38 -3.4e+38 -3.4e+38 -3.4e+38 -0.577389879653259 -0.644219202583611 -0.661862211131185 -0.703708227047321 -0.737730381713327 -0.879370627850028
-0.296840765489655 -0.259014731790179 -0.299517667856584 -0.306880051652854 -0.354960217416283 -0.351574649404659 -0.304580289230507 -0.334615493240354 -0.189914994425848 -0.233653871656277 -0.29556126723656 -0.331941253980094 -0.285454252913812 -3.4e+38 -3.4e+38 -3.4e+38 -3.4e+38 -3.4e+38 -3.4e+38 -3.4e+38 -3.4e+38 -3.4e+38 -3.4e+38 -3.4e+38 -3.4e+38 -3.4e+38 -3.4e+38 -3.4e+38 -3.4e+38 -3.4e+38 -3.4e+38 -3.4e+38 -3.4e+38 -3.4e+38 -3.4e+38 -3.4e+38 -3.4e+38 -3.4e+38 -3.4e+38 -3.4e+38 -3.4e+38 -3.4e+38 -3.4e+38 -3.4e+38 -3.4e+38 -3.4e+38 -3.4e+38 -3.4e+38 -0.534990355137356 -0.606153355806254 -0.664310366562777 -0.796500445567685
-3.4e+38 -0.191230571695522 -0.125285424725894 -0.0209516862447965 -0.0217014046285612 -0.221420028484346 -0.275779158716638 -3.4e+38 -3.4e+38 -3.4e+38 -0.240924677325836 -0.266259848586724 -0.238539194578614 -3.4e+38 -3.4e+38 -3.4e+38 -3.4e+38 -3.4e+38 -3.4e+38 -3.4e+38 -3.4e+38 -3.4e+38 -3.4e+38 -3.4e+38 -3.4e+38 -3.4e+38 -3.4e+38 -3.4e+38 -3.4e+38 -3.4e+38 -3.4e+38 -3.4e+38 -3.4e+38 -3.4e+38 -3.4e+38 -3.4e+38 -3.4e+38 -3.4e+38 -3.4e+38 -3.4e+38 -3.4e+38 -3.4e+38 -3.4e+38 -3.4e+38 -3.4e+38 -3.4e+38 -3.4e+38 -3.4e+38 -0.406775992840924 -0.531306576570138 -0.554014434966601 -0.690749759155006
-3.4e+38 -3.4e+38 -3.4e+38 -3.4e+38 -3.4e+38 -3.4e+38 -3.4e+38 -3.4e+38 -3.4e+38 -3.4e+38 -0.419279921334045 -3.4e+38 -0.190383233884477 -3.4e+38 -3.4e+38 -3.4e+38 -3.4e+38 -3.4e+38 -3.4e+38 -3.4e+38 -3.4e+38 -3.4e+38 -3.4e+38 -3.4e+38 -3.4e+38 -3.4e+38 -3.4e+38 -3.4e+38 -3.4e+38 -3.4e+38 -3.4e+38 -3.4e+38 -3.4e+38 -3.4e+38 -3.4e+38 -3.4e+38 -3.4e+38 -3.4e+38 -3.4e+38 -3.4e+38 -3.4e+38 -3.4e+38 -3.4e+38 -3.4e+38 -3.4e+38 -3.4e+38 -3.4e+38 -3.4e+38 -3.4e+38 -3.4e+38 -0.451268646287695 -0.62921504548837
