data/pcas/pca_referenceLayers/PC01.asc
NCOLS 494 
NROWS 529 
XLLCORNER -117.166666666667 
YLLCORNER -55.5 
CELLSIZE 0.166666666666667 
NODATA_value -3.4e+38 
[rows 207 to 229 of 529, columns 416 to 467 of 494]
4.19092793795287 4.03837573565004 3.9254243749114 3.81969466277359 3.73591315077294 3.64713207869471 3.63788014341764 3.63931440803895 3.69042451646806 3.79321443513153 3.90064829573691 4.02853801187259 4.10188276941334 3.6486073478807 3.44374816799735 3.06236547903099 2.66993172294782 2.49337784815691 2.57035697760405 3.01408634342382 3.0430433668452 -3.4e+38 -3.4e+38 -3.4e+38 -3.4e+38 -3.4e+38 -3.4e+38 -3.4e+38 -3.4e+38 -3.4e+38 -3.4e+38 -3.4e+38 -3.4e+38 -3.4e+38 -3.4e+38 -3.4e+38 -3.4e+38 -3.4e+38 -3.4e+38 -3.4e+38 -3.4e+38 -3.4e+38 -3.4e+38 -3.4e+38 -3.4e+38 -3.4e+38 -3.4e+38 -3.4e+38 -3.4e+38 -3.4e+38 -3.4e+38 -3.4e+38
4.12911829082178 4.03112092641923 3.89678187009887 3.81069569758066 3.73024035110078 3.66485525944468 3.66355876357411 3.64409131118532 3.69882542811454 3.82646658039621 3.90436345134467 4.00349788095028 4.0283299488133 3.64584354001163 3.54025182725237 3.27623126056355 2.87498951692548 2.63064002220065 2.60672740887985 3.02027002688286 3.10484749567283 -3.4e+38 -3.4e+38 -3.4e+38 -3.4e+38 -3.4e+38 -3.4e+38 -3.4e+38 -3.4e+38 -3.4e+38 -3.4e+38 -3.4e+38 -3.4e+38 -3.4e+38 -3.4e+38 -3.4e+38 -3.4e+38 -3.4e+38 -3.4e+38 -3.4e+38 -3.4e+38 -3.4e+38 -3.4e+38 -3.4e+38 -3.4e+38 -3.4e+38 -3.4e+38 -3.4e+38 -3.4e+38 -3.4e+38 -3.4e+38 -3.4e+38
4.06136871742319 3.93417930601647 3.85843960655596 3.78655698244623 3.71006113001021 3.65662211288849 3.63960878567849 3.64521982466717 3.71944775762154 3.79325940834442 3.85849370301388 3.94040839903774 3.98114311881786 3.62907781673948 4.04646023005562 3.86153973064944 2.96247632580954 2.70026194500199 2.68837501597298 3.16946999676559 3.2601115171986 -3.4e+38 -3.4e+38 -3.4e+38 3.50083155947067 3.44134558810397 -3.4e+38 -3.4e+38 -3.4e+38 -3.4e+38 -3.4e+38 -3.4e+38 -3.4e+38 -3.4e+38 -3.4e+38 -3.4e+38 -3.4e+38 -3.4e+38 -3.4e+38 -3.4e+38 -3.4e+38 -3.4e+38 -3.4e+38 -3.4e+38 -3.4e+38 -3.4e+38 -3.4e+38 -3.4e+38 -3.4e+38 -3.4e+38 -3.4e+38 -3.4e+38
3.97346991476151 3.86485693458038 3.79198991998168 3.74574033184454 3.67293481235016 3.66550579406921 3.61023091824531 3.654566727739 3.68924238480588 3.71854256322841 3.8015082665662 3.85822312900718 3.92051477463359 3.94428121011067 3.93156002991998 3.28329277486695 3.25309355614191 2.73576836827141 2.70335021546038 2.85480547590605 3.480691956914 3.82210509186924 3.675800935552 3.64142831897092 3.56692807349255 3.47853867374582 3.42847510507635 3.35209129405175 3.2181302217636 3.12333672548294 -3.4e+38 -3.4e+38 -3.4e+38 -3.4e+38 -3.4e+38 -3.4e+38 -3.4e+38 -3.4e+38 -3.4e+38 -3.4e+38 -3.4e+38 -3.4e+38 -3.4e+38 -3.4e+38 -3.4e+38 -3.4e+38 -3.4e+38 -3.4e+38 -3.4e+38 -3.4e+38 -3.4e+38 -3.4e+38
3.90115497693094 3.7952381467059 3.70928635556125 3.66239745727616 3.62546198378788 3.61868499141008 3.58021579227465 3.58629374421344 3.64466299566409 3.6146099852732 3.69057735474767 3.75477131521858 3.80138197529055 3.8369703184447 3.77806790567699 3.15192407965156 3.22284103944441 3.09481865331897 3.11603769519404 3.31582378852977 3.81403002029836 3.84260594163602 3.67439163075693 3.65429259915302 3.58480525856791 3.49380802378889 3.38424358691802 3.29662096784458 3.20997832637587 3.09899361922339 3.10442341052948 3.11494018075875 -3.4e+38 -3.4e+38 -3.4e+38 -3.4e+38 -3.4e+38 -3.4e+38 -3.4e+38 -3.4e+38 -3.4e+38 -3.4e+38 -3.4e+38 -3.4e+38 -3.4e+38 -3.4e+38 -3.4e+38 -3.4e+38 -3.4e+38 -3.4e+38 -3.4e+38 -3.4e+38
3.81912416740888 3.73369915448894 3.62719323589417 3.61861935042834 3.5444018261734 3.54199289791873 3.56339308470462 3.54162545101712 3.53155574195888 3.52187335190916 3.52694317971371 3.64682958136472 3.63007420091907 3.64275774461336 3.58664295503846 3.42610449236286 3.28854251497263 3.23245150675148 3.26008531854905 3.42935995605428 3.60425248249653 3.59981305111451 3.65064297460522 3.57360555226615 3.43221270874328 3.3303226819452 3.22938976625897 3.11655416027472 3.02841067061878 2.97343421649656 2.92891671670679 2.98861747625317 2.9639485010802 2.98291470437775 2.96276839814214 2.91898233225375 2.86918078887368 -3.4e+38 -3.4e+38 -3.4e+38 -3.4e+38 -3.4e+38 -3.4e+38 2.68267080757052 2.69896923442028 2.51051941230064 2.46812976943764 -3.4e+38 -3.4e+38 -3.4e+38 -3.4e+38 -3.4e+38
3.68698519597608 3.64904177401363 3.54955164151853 3.49771252246233 3.4767560947951 3.49890125270455 3.48816885927423 3.47839819066987 3.46965558470047 3.44240493702666 3.45486073402905 3.49976773773573 3.53025107844685 3.4991401771149 3.46607922360673 3.41918739813797 3.32016033765209 3.28903642376182 3.26470687611102 3.36154610932972 3.42234474726217 3.50757920130381 3.54598994964195 3.47576485518578 3.40357910100323 3.28183229888495 3.16362880306075 3.01075571817188 2.87836713103797 2.79060262135082 2.73560102264257 2.73927321043294 2.78919444489788 2.77026929255466 2.75524960979535 2.78300588904051 2.73643155603552 2.56225134045288 2.3988477746199 2.38777551619834 2.37258162853895 2.39416250239688 2.4699971689552 2.46361373533868 2.52351328082677 2.39999180195875 2.2624722054916 2.30827739241224 2.30715114175526 -3.4e+38 -3.4e+38 -3.4e+38
3.58780899944672 3.45658043878951 3.37696940832448 3.40300286591661 3.37808389879144 3.37228755028511 3.40479721088154 3.39325532830926 3.35369310567155 3.36961066633866 3.3788470368573 3.40044505427526 3.41547693887534 3.39998470289402 3.42585000413748 3.41438323326721 3.34801498586911 3.29662540265064 3.20383586997259 3.18454883976696 3.17644990340237 3.32510065504095 3.43270297841198 3.46861655995414 3.40715394319409 3.26205034408591 3.11472383660872 2.93748450316436 2.78191696381919 2.61598743114025 2.60835633525466 2.57825496133654 2.63909851593172 2.63738463206521 2.62932378862506 2.61527347591299 2.41626383309561 2.24440323833188 2.12685058681455 2.10686071048714 2.12303245860027 2.22087685502212 2.3326430743137 2.37872574616275 2.34630307858905 2.12434588696261 1.93990340829178 2.04213788619068 2.18183924798883 2.37402807536473 2.3685293388348 -3.4e+38
3.46987728810086 3.38676230572389 3.26460431020037 3.30506930511795 3.28765248083004 3.31141784068702 3.30038887214221 3.27624959072156 3.25917307470996 3.26719049243853 3.26679116637249 3.33242175102291 3.36802369683714 3.44029693795428 3.4836130208698 3.46798037931225 3.41356827404912 3.30169753809408 3.15361314609145 3.0586509643377 3.07603525894306 3.22605150243069 3.44659202868309 3.54231228616575 3.43687782357535 3.26598018202912 3.1215831760818 2.91295652426246 2.74756910517514 2.63794166504715 2.61105259741184 2.5455084925244 2.5138932694638 2.5887737559227 2.59967213762789 2.2664526168441 1.95841913607377 1.70026165962558 1.59147004210712 1.65844882725813 1.7668863520893 2.13732893217483 2.31136139613784 2.31291589994351 2.20812691968927 1.89922727004947 1.72320847027535 1.77794263516468 1.9675994999166 2.14362166082047 2.1657708526235 2.36338647460961
3.35718726729562 3.2610375018236 3.1864653762699 3.18747108603265 3.22670198327284 3.20992771583216 3.17676127655796 3.12795824586395 3.17448271385108 3.13984476512186 3.1616281574463 3.22274966610712 3.29646029715203 3.40474949623714 3.50473688850191 3.50243629633344 3.42296985138258 3.24608891276671 3.1437733758168 3.05395091978351 3.02734765438824 3.20890632821281 3.49364222206273 3.64757229219703 3.49892729166816 3.26689264499584 3.07397483029626 2.89310112316226 2.77557593065979 2.69401060819564 2.66453409354035 2.59916921266297 2.55863460036578 2.60637631902053 2.30828706741992 2.23063887580774 1.89149025196776 1.56234905345314 1.14594968012577 1.10714120306815 1.31236995383609 1.80436536251724 2.2480575234519 2.16811862710126 1.87886734703871 1.75147033569691 1.56186108268159 1.74855937915462 1.82430531114191 1.89544158246826 1.87863285949173 1.99844345841846
3.25648311100231 3.13918742392274 3.0807097847568 3.06761115465883 3.12930679226786 3.06064333770446 3.01147706923646 3.01668131721011 3.05419182800219 3.04393447821032 3.04596503886157 3.09986571309098 3.13313112701919 3.22517043506007 3.4678173756854 3.51777427735875 3.32733601716301 3.23923720100396 3.18213259608681 3.09550646445736 3.12452604755158 3.28059118708214 3.50263696772908 3.69707920371169 3.47225605330179 3.22170127974902 2.9785178188404 2.86018686579999 2.81030008979081 2.81355088520702 2.81016181942207 2.46556914680714 2.35563536436113 2.32013887013286 2.29251846645607 2.53272222235471 1.8885351254113 1.55247446692197 1.13140689960234 0.809710684087377 1.04508399625702 1.42762705806969 2.09407281983924 1.86871593472496 1.42596295336571 1.45165508261942 1.44684618018447 1.49451818763282 1.35415446371769 1.21950757833979 1.69353578829861 1.82814938952023
3.11928599681741 3.06208905884679 3.00397565777282 2.95677777540487 3.00352400765152 2.91293808957483 2.80786025298533 2.8426354055311 2.86541734768288 2.8907071119712 2.89788963152275 2.94869758631457 2.99246899324038 3.07763585379565 3.23421673216518 3.21111868753559 3.21527733361261 3.18952313597824 3.14428907580007 3.09583075809698 3.10485992461023 3.22645756907883 3.35812251967877 3.37965836278321 3.25826665952385 3.08101782669729 2.8809756344217 2.7940884502581 2.80828051138831 2.86206764177166 2.59113298461445 2.50170491504447 2.38959083918214 2.33774926878148 2.66010155373189 2.56112211020431 2.12815193237507 1.60786054264887 1.27711964323582 0.865485799082597 0.87683946487722 1.50055983478111 1.99532359275989 1.7392241674101 1.44743006055701 1.34944135688271 1.23722738133811 1.14213991160275 1.09654876659143 1.20164491498788 1.58248682916364 1.60811749391433
3.00657764846548 2.8876290735437 2.83843701193051 2.79680965391151 2.8577806095199 2.72211885228795 2.62665665169062 2.60663754558993 2.62319918285051 2.7106654271446 2.70304565056509 2.78249329049765 2.8408093707837 2.80787343979801 2.89325900727501 2.98496266818838 3.06450734496888 3.14290545735442 3.09475384505875 3.04639073678198 2.99313537580941 3.02046237680564 3.06902089526274 3.06185279760609 3.0400277699181 2.91718061987997 2.81265274634325 2.76403534588103 2.42299554108661 2.51826791184212 2.58472225028656 2.47931014598348 2.40716371485509 2.39252496448973 2.73088013067601 2.59194255488227 2.30303826510033 1.88183197355442 1.58014083613194 1.20886246082411 0.840803185765418 1.19441512098953 1.93493857036792 1.72987074890367 1.40868657193786 1.22199711036709 1.14433177446281 1.03118766316754 1.0151623430009 1.21990064910194 1.40616823468827 1.35738737445803
2.85270247544908 2.72581813914648 2.70860211002392 2.65732895587661 2.54307746830557 2.52355735459377 2.51900549774284 2.4893707477074 2.51929378994053 2.48616964563609 2.47192331851844 2.46754982735383 2.55510426094465 2.61381974051637 2.73832105958221 2.87703577521846 3.01115628908842 3.05321722097063 3.04158762974896 2.92826885158229 2.80758262695315 2.69477955742259 2.66468974006155 2.81137482200333 2.83556119954575 2.81089202541281 2.3461300209412 2.32445879898463 2.37720284401804 2.49619713812064 2.48495968420806 2.40844214105038 2.39571811517242 2.43671860825568 2.3297878866947 2.42816219377085 2.13944042425262 1.97560339627949 1.61526607970888 1.35900739863996 0.702262970910777 0.617443621871469 1.56464114843591 1.70073455523144 1.57044493905652 1.38877688463974 1.11343439858653 0.927189855292362 0.894675865641017 1.17454354815955 1.228749980656 1.24287196275363
2.66580527997139 2.61977136075995 2.58077570510147 2.4583060616162 2.32491748624561 2.28903440272649 2.28696642777962 2.28963663385016 2.31499487169504 2.11806735498005 2.19443671611463 2.30277261122752 2.34521070113202 2.41250438513351 2.59586048049006 2.78591243638682 2.91210709030055 2.9844000042829 2.9739504157627 2.84628828018431 2.69287902126308 2.55761138366054 2.55953157872078 2.72250466070198 2.70985903981957 2.70812691304157 2.28784771006425 2.26902241344148 2.32390062142927 2.42923134397149 2.37994932047895 2.3040035104671 2.34720926899912 2.42557805851246 2.31591843682381 2.22424339557195 2.1656255303436 1.7999516383953 1.53938458935729 1.2302009592066 0.37871512733721 0.217835783823043 0.600146151366581 1.59275951207294 1.59170350355751 1.39115060489539 1.1332247140896 0.943243475402897 0.897956575843035 1.14226032417831 1.07033096670749 1.13259064964963
2.51748005894121 2.48240927550415 2.43307632647742 2.25269935383978 2.23220111624541 2.21760649520316 2.17720487967109 2.12107782099795 2.07101024431993 1.94254535943386 1.95734769210988 2.06355558371049 2.13731546939768 2.22059198412982 2.47789065880275 2.68168236179518 2.81362176412448 2.9296417561953 2.8928314444101 2.79601266316581 2.64213162785633 2.54252879392291 2.51571974679045 2.59357365476271 2.63636582783593 2.62060845635506 2.20736056509211 2.20948274214196 2.2712489511857 2.3551804825078 2.3019704324566 2.19452387778838 2.20883225529625 2.2131021147512 2.15635833834283 2.02295813382196 1.98683959256403 1.23298696349862 0.844840684681083 0.83461311570624 0.413775224191519 0.290444378525865 0.840949184820662 1.42829663807004 1.45331849128087 1.26433582376352 0.982392576246217 0.841186276775458 0.756796948832024 0.82409191726102 0.993087275165499 1.05257467010738
2.37456811005247 2.34166775677304 2.29062245959195 2.10882815445561 2.0780639283216 2.07403220115956 1.95793865437368 1.90994330114075 1.90675312229022 1.75674290648183 1.80718745348708 1.97357508586115 1.9317396971767 2.04145994609729 2.33243443452524 2.58071235251481 2.75189526265232 2.88864311217307 2.85666910082452 2.75236317678465 2.60109056957019 2.50392653556203 2.48860572909132 2.48900038125941 2.53259206285166 2.54561042417628 2.10178379804042 2.10966578134042 2.14519607721916 2.24005802205 2.21465480574144 2.08147743018789 2.04349394380106 2.0269247370207 1.95577183379053 1.83016001280136 1.71188107323282 1.13905962879754 0.899200610295316 0.81587465228371 0.656807246799729 0.380706425391729 0.900089175490632 1.22041230074057 1.30197394688106 1.15509009057846 0.911092427563679 0.746753075542022 0.626189892833229 0.755363073479853 0.958621125494098 1.18996456659294
2.23689020948476 2.13619838972245 2.1369687780497 1.96477554347888 1.94406313493638 1.91995888774385 1.74340443433266 1.76618543117035 1.71793931593685 1.57280317891217 1.6837429580975 1.7700434744966 1.74228732523638 1.95285978442169 2.20482887699955 2.34437428785112 2.58595640343009 2.85235884908988 2.81434572050923 2.69828125166774 2.53292397501264 2.4505844542759 2.39752359275242 2.39175592116241 1.97061869369711 2.06159570518464 2.04401345912627 2.05463621936514 2.11538802341041 2.18423441709785 2.11201781171135 2.00016528390693 1.91310144844105 1.8735686978044 1.81434641717579 1.65685612123944 1.37461656309298 1.12268589498821 1.12581593966916 0.895996080866618 0.719277645172426 0.5883903176697 0.885265250935317 1.12427083942852 1.17463640896876 0.948283850509015 0.398284571223957 0.556755087004634 0.817698374961449 0.92821729310288 0.952986906669662 1.21724025423291
2.11180592714019 2.02810939411648 2.00734157969692 1.84400913625742 1.78122491255656 1.78259118782002 1.64106812051773 1.63893400947297 1.50889262913618 1.46692968816109 1.26292132496805 1.26103623543198 1.34575588038493 1.51408337779061 1.99989096643996 2.13460046363516 2.3748000767264 2.70336377460186 2.70542271252345 2.56617312916767 2.39780247322328 2.32637640188803 2.27699199388463 1.85877188426831 1.8581404008631 1.92383352467476 1.95633748753981 2.02740549316407 2.09002795994518 2.55795710522113 2.48762414033877 1.92979165854831 1.84022240836183 1.78413512044066 1.8425350987357 1.72651008369553 1.33383475826816 1.18451933929098 1.21135637611976 1.00408020197822 0.795037143047963 0.668775674833462 0.89998744435096 0.99278363444998 0.897158104917174 0.636616949683659 0.573363389734581 0.742507953478946 1.01210597680602 1.10396234803886 1.13416069092073 1.28982755316813
2.07025162097705 1.93757244018342 1.8523276521738 1.72238213665865 1.68818712984702 1.6614238437708 1.56401129304594 1.45975211399801 1.02384520855317 1.06852186964914 1.09960015685154 1.16865157901718 1.2852800812027 1.35492546108883 1.38563862547708 1.51271256787842 1.74561568753962 1.93220085685139 2.38941746507868 2.35262890791217 2.19714426779653 1.74823955008245 1.73544813679151 1.71878928465305 1.75757010406867 1.82270759435415 1.9107945236363 2.02507578671621 2.07749499158102 2.47684063786622 2.44733129986478 1.86266379796595 1.81514567575562 1.70746978715931 1.73319342074783 1.59371584948154 1.32170112904362 1.24167412549763 1.23944395405129 1.04701432426756 0.79657290826105 0.793336975897427 0.989439930143975 0.958903670720026 0.829099634136534 0.655978186633958 0.549539548122635 0.836588815398727 1.17878134120029 1.23795352650262 1.25515364070412 1.31571791137489
2.15406668495505 2.02044807104133 1.83610933536696 1.63334969318762 1.60150563378989 1.58011082201581 1.45214948291075 1.00098562938153 0.940607441011552 0.953563211682734 1.00025360820961 1.07604196107546 1.11813606946036 1.12939672474778 1.17693784799692 1.35652666171719 1.55687142229538 1.63190070395453 1.70161294098501 1.67437256216922 1.61497107467011 1.54993006944606 1.56071679833335 1.59368000939695 1.6540418488879 1.67421649887912 1.78210673227051 1.92770208166498 2.02278905867454 1.98118404041512 1.924897606802 1.89842562254921 1.87379999233088 1.76003987756054 1.52500224626193 1.53889106096506 1.3233130758808 1.18671864831858 1.01270464902841 0.89557051142168 0.690822894334752 0.721263313352783 1.05251311261172 1.03394319217433 0.881376263776478 0.759523719172172 0.690520060892836 0.808074261570117 1.0898177224519 1.24073575772749 1.34161989274533 1.40789624231886
2.1148768090553 2.01429856192678 1.87843117184019 1.70442163612225 1.52336929464448 1.16074438364169 1.04821444078917 0.94503523115196 0.949204721820989 0.93720479369471 0.995443399628288 0.9625831197268 0.955325899472824 1.0289142207862 1.11157161368883 1.22705598158121 1.3413372061515 1.39232854281297 1.4270399105263 1.39081700682879 1.33754753145724 1.34186245733972 1.35416837311891 1.42693125511404 1.46446128704024 1.55633806309296 1.6375315871177 1.74646355642097 1.88998330912894 1.96267991583841 1.89406024709841 1.92425746901806 1.89297370986206 1.74388327704839 1.50451292126962 1.50096295326684 1.23078950491058 1.11775137521731 0.952281915509648 0.836501590403496 0.621918551159226 0.614501145171554 0.956497139182977 0.981392709700245 0.85828674742165 0.796222051348731 0.643923339529847 0.678736823037875 0.860448577277682 1.26380936027119 1.43308857426497 1.50848756392886
1.98929986671806 1.93647107466651 1.86897558314536 1.67031586581218 1.51391322751771 1.10557268281982 1.02713968488528 0.981991572371394 0.981302065021556 0.993400848255706 0.936426244185334 0.824488186219272 0.844096786529057 0.894390862338133 1.01352626492156 1.08818108792461 1.14872614528355 1.1728002564905 1.19389517899722 1.15048672209912 1.12740916336349 1.11983294106642 1.13363863971261 1.24452801601048 1.3544151642804 1.44085624597567 1.51243055173676 1.60160895300965 1.82923411784367 1.84122775273762 1.78159474411777 1.91527456811291 1.91812751680872 1.74626780282375 1.56472756221495 1.32247791409221 1.09575753474716 0.924344706361593 0.831003594154967 0.759406753386292 0.557774885037083 0.570152197824917 0.881035491704162 0.831368113437168 0.762597384101735 0.689220353228585 0.610379050419269 0.851254520878697 0.991000770953192 1.27537483911654 1.47029254800778 1.51587823938257
