data/pcas/pca_referenceLayers/PC01.asc
NCOLS 494 
NROWS 529 
XLLCORNER -117.166666666667 
YLLCORNER -55.5 
CELLSIZE 0.166666666666667 
NODATA_value -3.4e+38 
[rows 0 to 22 of 529, columns 0 to 51 of 494]
-2.810750811557750 -3.04081422969968 -3.3139152096567 -3.80630748786861 -4.29920358178982 -4.54015054033757 -4.45703210899321 -3.6687332543405 -3.6557855423453 -3.65978115099261 -3.66068047429762 -3.29639601130466 -3.31725807908337 -3.26681214785505 -3.2391600210181 -3.1716865291369 -3.08507418333846 -3.09173544152795 -3.33169188346096 -3.27723739012104 -3.36522154583954 -3.16253560740836 -3.13446507010708 -3.05553222763498 -2.94806766624963 -3.01797302670551 -3.00805848077166 -3.19263996063323 -3.34226129543013 -3.49528776464298 -3.4571570004754 -3.45486270133801 -3.42496567811869 -3.43175804951037 -3.33334843411496 -3.28681875312441 -3.21366939818692 -3.38514817127394 -3.61502529658634 -3.59060582529067 -3.80902404621284 -4.22402003618052 -4.34760133849972 -4.44557923215594 -4.44184387839712 -4.41237088711268 -4.41917072766219 -4.5066201331702 -4.74870517949853 -4.84317444029355 -4.95930152571242 -5.00052355917253
-2.91760852001582 -3.09095214349115 -3.34126289593407 -3.63012120556406 -4.03048800057381 -4.52334388853899 -5.11900861526331 -4.74618222633367 -3.50830906838917 -3.34977320490283 -3.61076726142772 -3.67008805749786 -3.38043804628839 -3.36803393206773 -3.21725498839858 -3.23049928088455 -3.24477265642046 -3.22002925110308 -3.36912009518753 -3.38377777260397 -3.36442563139828 -3.32748666107763 -3.12723278249191 -3.03201950214386 -2.93463969418329 -2.92589147854166 -3.04775961288068 -3.23116238589633 -3.34439362946424 -3.47150745017314 -3.48791069415821 -3.47287562211989 -3.47002953289193 -3.2233200667434 -3.20473340251586 -3.33385003721461 -3.19147243728613 -3.32751502633785 -3.98288544314362 -3.64834388417646 -3.78524314899981 -4.00843754120395 -4.26505815965298 -4.46504326996606 -4.35692044788969 -4.3500064365786 -4.46901920139164 -4.50771862820243 -4.61339251038286 -4.90138148089882 -4.94474237119214 -4.90059084545872
-2.99234083938479 -3.08803546047708 -3.30218018803251 -3.62543467827489 -3.88221347213883 -4.51630773444497 -5.07639028680414 -4.82220218186133 -3.44092692372615 -3.4307280496874 -3.28529739758032 -3.66098726295716 -3.35176386425208 -3.35798091169788 -3.25657886250044 -3.22882749827667 -3.25016394058536 -3.38762256917403 -3.1975194983843 -3.34623555239332 -3.12423958859307 -3.24267480642338 -3.21770924868565 -3.12999952879599 -3.03182395996434 -3.02805137454705 -3.17244747991693 -3.32808546050293 -3.51901384137308 -3.51667213016275 -3.57153215286109 -3.51446078428586 -3.42934813341567 -3.42191175347003 -3.25056049668599 -3.31499567242939 -3.127303051966 -3.08147768563987 -3.23453187818815 -3.78000674067078 -3.82627017944823 -4.01103093076135 -4.14519688555479 -4.40789092263472 -4.40881526444876 -4.29711057957945 -4.36730661392584 -4.50300162384057 -4.51458164871145 -4.79109825069332 -4.76403353247215 -4.87036686874898
-3.4e+38 -3.17210992139174 -3.29726674401665 -3.56033349684514 -3.84273308610122 -4.22025285908097 -4.78812183776803 -5.13996086496635 -3.74156849972431 -3.35584503443415 -3.28872686514986 -3.53375941824802 -3.28524571944202 -3.28378281781438 -3.20007235696228 -3.2173439133073 -3.15085314070557 -3.17989523632973 -3.28778340477898 -3.14602463238005 -3.07472955249541 -3.20502890841977 -3.17753115926456 -3.04606318308275 -3.1466373135565 -3.11030372507352 -3.26941407016279 -3.38986060996858 -3.55830759769218 -3.44272912004632 -3.42950627715861 -3.42611306665513 -3.40804231067947 -3.46732264310184 -3.38552995972627 -3.44427522205878 -3.31098463418102 -3.26507077373994 -3.34089109722046 -3.57400191163288 -3.80876591047952 -3.95745992650988 -4.0647151585985 -4.3330685494846 -4.41681861706847 -4.28525898884087 -4.2850628492766 -4.42385371401291 -4.54421570707874 -4.69069864167596 -4.68493974961769 -4.75047334109526
-3.4e+38 -3.18123484059562 -3.26052173710651 -3.32190988403462 -3.75153130519554 -4.08601501904897 -4.48765668873549 -5.03481654267876 -4.22857355383526 -3.33122471202567 -3.12951535982134 -3.17616939603323 -2.95669600493887 -2.93767041920557 -2.95373590798954 -3.10837371606374 -3.13680061920804 -3.08815965471481 -3.1784123525733 -3.2493814427376 -3.18237713606254 -3.04615934585143 -3.07621351126471 -3.11368727578511 -3.06733966385067 -3.19362553424169 -3.27904640224462 -3.30796606140435 -3.38355619268827 -3.49646301066103 -3.52205190857583 -3.43458198142269 -3.42101736333658 -3.43319498303114 -3.52291950155673 -3.39610058582324 -3.34150519745103 -3.37753882405725 -3.41011251586837 -3.60960503030509 -3.79794736165818 -4.01188487443358 -3.99309806722723 -4.08136441934437 -4.28925827155979 -4.32447148136342 -4.31359153872753 -4.73632458373893 -4.53300589238954 -4.59285462122711 -4.66676271685407 -4.65563068425717
-3.4e+38 -3.4e+38 -3.14923162487183 -3.37788514489388 -3.62318049663114 -4.02767219006906 -4.41743620785688 -4.75134743925237 -4.70692944632796 -3.89172328063438 -3.40282312671766 -3.23404496519589 -3.1314303356076 -2.68911004181444 -2.76262818743995 -2.85918989455463 -2.97514993773069 -3.06098203590405 -3.10565815221739 -3.17195601709266 -3.14638669439384 -2.90447599960691 -2.86283951313677 -3.09294380825827 -3.2062148556018 -3.14832399656757 -3.32393269803966 -3.34879221172601 -3.43744438456103 -3.44185900913259 -3.52031312166949 -3.50924713778604 -3.47051242500778 -3.43750117481735 -3.54367265772767 -3.42759802523712 -3.45070491767303 -3.47782367609914 -3.70617116162095 -3.78571117335727 -3.75483737380379 -3.88519497449567 -3.88421212799071 -3.92665417194318 -4.13703317540181 -4.18686983456569 -4.27510638033529 -4.50840270846217 -4.4923732017888 -4.58276809069552 -4.66334495760392 -4.56783338676629
-3.4e+38 -3.4e+38 -3.20028204333266 -3.4756826120407 -3.63660594086514 -3.89426530238196 -4.47047649133491 -4.61971985283395 -4.54057998555018 -4.43907584695061 -3.76514541544743 -3.42955583271015 -3.08823358725317 -2.63529307345974 -2.7652721215532 -2.56425705099607 -2.79374851359582 -2.97936812842529 -3.00055993767588 -2.97586458334895 -3.07080910659695 -3.10743496327099 -2.9344164265766 -3.13071048499375 -3.11493007448433 -3.23868105417114 -3.15673511413697 -3.40929450559497 -3.4861079192689 -3.43182996423978 -3.37663069184393 -3.47969816708021 -3.54025603589481 -3.5025882231377 -3.543607406869 -3.53975943164026 -3.47705279634672 -3.42668713881693 -3.57287964646016 -3.87580190135716 -3.78774164757352 -3.76734098978731 -3.83810658828918 -3.86249843197244 -4.13264747153885 -4.19057784692731 -4.17565663891927 -4.31544736109783 -4.41057534730929 -4.6002296234565 -4.59810674970717 -4.50656794685731
-3.4e+38 -3.4e+38 -3.4e+38 -3.37470935740139 -3.54681317114261 -3.62621513444807 -3.71116927890016 -4.25113812345601 -4.46847620081543 -4.48986910916961 -4.1182085477378 -3.72070418535479 -2.84921345113417 -2.64559897863133 -3.4e+38 -3.4e+38 -3.4e+38 -3.4e+38 -2.95425357754881 -3.4e+38 -3.4e+38 -3.04681184705529 -3.05440818939757 -3.10510274872984 -3.19785138854885 -3.22467647487335 -3.09544497324889 -3.24069839665951 -3.34424862803637 -3.37559455881109 -3.31523586584152 -3.3860383566294 -3.48156444701432 -3.38500978530186 -3.40861192305102 -3.41652730693102 -3.5221250815934 -3.60416660242492 -3.64447437403359 -3.84656895374284 -3.86275468687298 -3.75748332981094 -3.78641468147083 -3.8294827917724 -3.98777726947441 -4.16369961730216 -4.06862825174564 -4.16987953032272 -4.23034733573985 -4.54474864445788 -4.502996396752 -4.46587636297628
-3.4e+38 -3.4e+38 -3.4e+38 -3.4e+38 -3.33018906239262 -3.51717788728349 -3.56505529421974 -3.90120757606684 -4.46827774902904 -4.61323888407283 -4.16126479553356 -3.56777535718607 -3.14090305262076 -2.8177028659998 -3.4e+38 -3.4e+38 -3.4e+38 -3.4e+38 -3.4e+38 -3.4e+38 -3.4e+38 -2.96047603016841 -3.06336582574858 -3.06526521070189 -3.04820551899183 -3.16554650891675 -3.08616916191598 -3.09401526510022 -3.24281802774639 -3.13575812808529 -3.21747912766113 -3.20026941945713 -3.2951837275916 -3.37244005662682 -3.34475045132522 -3.32799345154365 -3.43794907975045 -3.52959351151621 -3.54417799616976 -3.62507664539706 -3.75601635781818 -3.70186330912334 -3.71554419935416 -3.82204506751778 -3.86367212502693 -3.96903791865003 -3.9098050087659 -3.94556730799013 -4.05783986267828 -4.32529277584017 -4.48773458534527 -4.4151238391764
-3.4e+38 -3.4e+38 -3.4e+38 -3.4e+38 -3.4e+38 -3.43645471649732 -3.48681143449261 -3.67237215319762 -4.26815825876655 -5.0305497421391 -4.77547366245182 -3.71604985329788 -3.38152262859011 -2.99538300375319 -2.67725458179074 -3.4e+38 -3.4e+38 -3.4e+38 -3.4e+38 -3.4e+38 -3.4e+38 -3.4e+38 -3.4e+38 -3.4e+38 -3.10309488142026 -3.13283702170741 -3.07662497948357 -3.01106648382933 -3.15410939951975 -3.13119062194421 -3.10981430016935 -3.16301398111216 -3.1455236074841 -3.19397241664039 -3.15114096461873 -3.23220345672301 -3.37836507328911 -3.43939061304755 -3.55597458641577 -3.4916963555271 -3.62131779941429 -3.75590747043547 -3.74606762426504 -3.78910182219589 -3.7951082821794 -3.80024908352394 -3.72132535391112 -3.78448604014877 -4.06531082439615 -4.4209530648746 -4.31444600571512 -4.31095924968027
-3.4e+38 -3.4e+38 -3.4e+38 -3.4e+38 -3.29649999286883 -3.38221160459364 -3.41809940446743 -3.60276380692946 -4.15570210165671 -4.93824557192645 -5.44452830708261 -3.90233843301803 -3.6149842677967 -3.17006801584167 -2.95004723984285 -3.4e+38 -3.4e+38 -3.4e+38 -3.4e+38 -3.4e+38 -3.4e+38 -3.4e+38 -3.4e+38 -3.4e+38 -3.11847181989654 -3.1647824522309 -3.11660681236 -3.02800358668969 -3.02057244567067 -3.0015622499572 -3.09365669349373 -3.18535519204276 -3.12936601334563 -3.03236684838737 -3.07692245936894 -3.16778991402833 -3.21267355117635 -3.28540285067506 -3.36889850312483 -3.40035441373065 -3.56360667937927 -3.58859408570998 -3.61604815357589 -3.82139351201822 -3.68240815859863 -3.73671755775075 -3.67396644557895 -3.57519145961331 -3.92614427741325 -4.14331503133158 -4.22133629891632 -4.44197058419555
-3.4e+38 -3.4e+38 -3.4e+38 -3.4e+38 -3.4e+38 -3.4e+38 -3.33764187771069 -3.50348557568001 -3.96904860343066 -4.35037846190875 -4.96983161838174 -4.60946234049729 -3.61727022225645 -3.16040924900979 -2.89694224185386 -3.4e+38 -3.4e+38 -3.4e+38 -3.4e+38 -3.4e+38 -3.4e+38 -3.4e+38 -3.4e+38 -3.4e+38 -3.06218034807466 -3.12295952489149 -3.07215212856159 -2.98314656053767 -3.12779658494229 -3.07609821305787 -3.0575696674079 -3.05713856562139 -3.01094606392208 -3.03281858032955 -3.11505438310766 -3.11783148493375 -3.13452167115736 -3.11979798555498 -3.26809199245565 -3.42036713454944 -3.47624291529733 -3.42888952860969 -3.61575115932106 -3.63656618667205 -3.63236853123041 -3.63994924078455 -3.3828509160638 -3.61171498356705 -3.52014500440366 -4.09387880576381 -4.25943297639121 -4.31106370114327
-3.4e+38 -3.4e+38 -3.4e+38 -3.4e+38 -3.4e+38 -3.4e+38 -3.34716380159679 -3.4326026577284 -3.64754296763765 -4.07113280457569 -4.43596882397066 -4.580294529014 -3.71069140684721 -3.49192221546305 -2.92229706431772 -3.03015247769712 -3.4e+38 -3.4e+38 -3.4e+38 -3.4e+38 -3.4e+38 -3.4e+38 -3.4e+38 -3.4e+38 -3.11737891026554 -3.16256345451969 -3.06976680702835 -2.91255129199532 -3.12997507618412 -3.17104456787276 -3.07116001969821 -3.08018505990135 -3.07562043575229 -3.07628482686332 -3.17300260433536 -3.18975595308259 -3.15101670661833 -3.25422174196318 -3.19736324526142 -3.42085319333591 -3.36666038378919 -3.47566330479445 -3.42658290106108 -3.4800214817825 -3.65508031399579 -3.55786550046508 -3.31915426440426 -3.6607868691865 -3.83990382941664 -3.66842272072679 -4.12351224256858 -4.57922008821983
-3.4e+38 -3.4e+38 -3.4e+38 -3.4e+38 -3.4e+38 -3.4e+38 -3.2034817797591 -3.33581172247356 -3.48913426345946 -4.00644184318585 -4.15317304070636 -4.35252301293964 -4.46584691220363 -3.45993040410935 -3.37184556732654 -3.2020922992683 -3.4e+38 -3.4e+38 -3.4e+38 -3.4e+38 -3.4e+38 -3.4e+38 -3.4e+38 -3.4e+38 -3.4e+38 -3.07746895034103 -3.06915318471054 -3.08280308091425 -3.04599398848461 -3.17829773595275 -3.1240524577498 -3.04063168221704 -3.1500208075741 -3.25674474347091 -3.22767815982853 -3.26277611977069 -3.32111608421207 -3.20511783723398 -3.19282853722826 -3.24149811921881 -3.41476998604739 -3.26824440924083 -3.2538944217813 -3.30283718293608 -3.37933791059188 -3.49159813256134 -3.1100267278815 -3.32567799066129 -3.78611167066617 -3.49230348671009 -3.88012499476278 -4.52311713876953
-3.4e+38 -3.4e+38 -3.4e+38 -3.4e+38 -3.4e+38 -3.4e+38 -3.4e+38 -3.4e+38 -3.38064722005824 -3.61819528116876 -3.87626504260567 -4.00647773369102 -4.15995657682432 -4.22699793448939 -3.61951492517526 -3.18477032020178 -3.4e+38 -3.4e+38 -3.4e+38 -3.4e+38 -3.4e+38 -3.4e+38 -3.4e+38 -3.4e+38 -3.4e+38 -2.97379552612849 -2.9654638368467 -3.17546767192135 -3.18801270866886 -3.19322049245941 -3.14044863764513 -3.20731949645947 -3.23540748510845 -3.34795613658956 -3.25258127385558 -3.26424775125025 -3.11998317902356 -3.0955989260189 -3.04190752814825 -3.13639786897198 -3.22799796407688 -2.9904783438139 -3.24839827013231 -3.17449477958691 -3.06300051629055 -3.33256526890319 -3.04231675564542 -3.07710370939361 -3.51277407076023 -3.43965757748908 -3.91151271909614 -4.65113290034218
-3.4e+38 -3.4e+38 -3.4e+38 -3.4e+38 -3.4e+38 -3.4e+38 -3.4e+38 -3.4e+38 -3.20439595097589 -3.40435835866308 -3.61662211732558 -3.93202035804257 -4.10833881553622 -4.16310823021023 -3.70390825032075 -3.21071805175054 -3.4e+38 -3.4e+38 -3.4e+38 -3.4e+38 -3.4e+38 -3.4e+38 -3.4e+38 -3.4e+38 -3.4e+38 -3.4e+38 -2.91053055555329 -3.10258242990334 -3.18129494979717 -3.3198821573285 -3.30967824099516 -3.41050674811166 -3.4002312785496 -3.38457828440773 -3.2647875161399 -3.24544302175792 -3.08184957812092 -3.07842967561627 -2.95672886699337 -3.00945968936993 -3.05696825578157 -2.78012117975951 -3.01054776943567 -2.94217567092233 -2.92480244406448 -3.19172517579507 -2.93207373148751 -2.86652643713099 -3.3617754823225 -3.7207082299869 -3.93066657385187 -4.33791242281488
-3.4e+38 -3.4e+38 -3.4e+38 -3.4e+38 -3.4e+38 -3.4e+38 -3.4e+38 -3.4e+38 -3.02113320735806 -3.28355671785331 -3.39244793847445 -3.69081118847039 -3.86456154052719 -4.15727211041516 -4.1073797378026 -3.65111327513068 -3.06374971566337 -3.4e+38 -3.4e+38 -3.4e+38 -3.4e+38 -3.4e+38 -3.4e+38 -3.4e+38 -3.4e+38 -3.4e+38 -3.0029201022592 -3.05713469037122 -3.17403831622021 -3.30093105244993 -3.34854338629641 -3.49209062963151 -3.45315027443975 -3.30776486525313 -3.35113635463451 -3.26839959582428 -3.04192618165497 -2.91476654957835 -2.90297469899535 -2.73030289449549 -2.92869214479129 -2.72021741748944 -2.9417415931957 -2.94884144078091 -2.86718109270425 -3.02753256242806 -2.89960734113768 -2.86177417315668 -3.10505147841471 -3.51115431172547 -3.95165185230299 -4.13569011997258
-3.4e+38 -3.4e+38 -3.4e+38 -3.4e+38 -3.4e+38 -3.4e+38 -3.4e+38 -3.4e+38 -2.82976835435791 -3.01786801173243 -3.33694878674986 -3.34015573128619 -3.46619100604361 -3.7942619624117 -3.9196257543626 -3.892608108515 -3.24560710499091 -3.25399355354524 -3.057964241223 -3.4e+38 -3.4e+38 -3.4e+38 -3.4e+38 -3.4e+38 -3.4e+38 -3.4e+38 -3.4e+38 -3.01124206730203 -3.12571527978004 -3.05415286675811 -3.1546015672888 -3.19587944346049 -3.29464182337182 -3.18367620728874 -3.1873624992206 -3.15796171434573 -2.92053184636446 -2.78877581147931 -2.5889527576297 -2.67427018110555 -2.7657263061647 -2.79963554665667 -2.74985672632883 -2.93854000464691 -2.86073116796706 -2.80380902452439 -2.82859196317473 -2.70556878725519 -2.92961732717406 -3.120856678272 -3.83290643714918 -4.09610704588629
-3.4e+38 -3.4e+38 -3.4e+38 -3.4e+38 -3.4e+38 -3.4e+38 -3.4e+38 -3.4e+38 -3.4e+38 -2.76447210241146 -3.08471180136092 -2.98462760133327 -3.08168814378529 -3.28709274297301 -3.61528197299275 -4.07170074622143 -3.8328516870095 -3.38738466990382 -3.19109865275277 -3.08009859024985 -3.4e+38 -3.09452801432034 -3.15309339085923 -3.4e+38 -3.4e+38 -3.4e+38 -3.4e+38 -2.86611302776499 -2.96110146382124 -3.10775860306112 -3.23034119547769 -3.19860706258027 -3.15221801481778 -2.98070017047662 -2.96888487400115 -3.02858836321244 -2.91714271060768 -2.74939025597402 -2.71250999797205 -2.58124795349221 -2.65994248081827 -2.70635666897087 -2.74449120788476 -2.81028750522294 -2.71898989129096 -2.66267677068602 -2.72835056467824 -2.65638283181157 -2.81633498634439 -2.94297760784097 -3.20500235508683 -3.80664089584529
-3.4e+38 -3.4e+38 -3.4e+38 -3.4e+38 -3.4e+38 -3.4e+38 -3.4e+38 -3.4e+38 -3.4e+38 -3.4e+38 -3.4e+38 -2.82215109913859 -2.84154216402015 -2.91857696516378 -3.19506014647709 -3.7738441975078 -3.96149368610068 -3.62760608946604 -3.79473769784189 -3.33683304436456 -3.25335710825525 -3.23436582519139 -3.2976183317834 -3.4e+38 -3.4e+38 -3.4e+38 -3.4e+38 -3.4e+38 -2.97959609092661 -3.08505116413542 -3.12626769253217 -3.03847031646615 -2.98635063505183 -2.99250135357803 -2.92624096086416 -2.84273690493373 -2.78126923406809 -2.68774142590053 -2.69030359018963 -2.58367433443988 -2.71021011519746 -2.66331263062306 -2.74439581086648 -2.62387757924126 -2.48743957975136 -2.57265609342523 -2.71847156443784 -2.580232184431 -2.71154027461674 -2.8276366704305 -3.07471443487339 -3.60107824660394
-3.4e+38 -3.4e+38 -3.4e+38 -3.4e+38 -3.4e+38 -3.4e+38 -3.4e+38 -3.4e+38 -3.4e+38 -3.4e+38 -3.4e+38 -3.4e+38 -3.4e+38 -2.77605186388121 -2.89467588027885 -3.22088389115189 -3.60246131996423 -3.76657119114999 -3.94031359563725 -3.63976423325734 -3.34514505098671 -3.22979929445806 -3.13389873469728 -3.22313799084532 -3.4e+38 -3.4e+38 -3.4e+38 -3.4e+38 -2.84586880407454 -2.91575677882979 -2.93391146450986 -2.90063381222869 -3.03446069410146 -2.95534920854636 -2.83083417059257 -2.75526603685817 -2.63845790902985 -2.71258517184978 -2.65898429025067 -2.5927208978461 -2.67718757472375 -2.6455052969458 -2.65781091812561 -2.69186423977654 -2.34235522969838 -2.40011781719332 -2.55588575860157 -2.51077205836966 -2.79518180788167 -2.88224468019884 -3.18607684378769 -3.43292933581325
-3.4e+38 -3.4e+38 -3.4e+38 -3.4e+38 -3.4e+38 -3.4e+38 -3.4e+38 -3.4e+38 -3.4e+38 -3.4e+38 -3.4e+38 -3.4e+38 -3.4e+38 -3.4e+38 -2.75293735575361 -2.83295152755469 -3.14143181206519 -3.50657781026727 -3.61511171857712 -3.57243606553222 -3.42702892327134 -3.28095637778422 -2.80852821614373 -3.11459734965902 -2.75154606290479 -3.4e+38 -3.4e+38 -2.66411352036623 -2.85454166096629 -2.79654513591632 -2.81323936005796 -2.89426903176025 -3.05435479143078 -2.9382452014082 -2.78534748799184 -2.78498760996838 -2.69332622987606 -2.64571212908265 -2.62059968625302 -2.58231671763464 -2.72459309012273 -2.58851020237987 -2.5721929901367 -2.53047544610441 -2.29688361204561 -2.34723053698542 -2.37842420126717 -2.51591480670982 -2.75622900873668 -3.01889782304386 -3.01172507236878 -3.32665196393533
-3.4e+38 -3.4e+38 -3.4e+38 -3.4e+38 -3.4e+38 -3.4e+38 -3.4e+38 -3.4e+38 -3.4e+38 -3.4e+38 -3.4e+38 -3.4e+38 -3.4e+38 -3.4e+38 -3.4e+38 -2.75619237026478 -2.89018806885129 -3.23255484114979 -3.32485464037493 -3.41753507699215 -3.61744754847616 -3.53456496423771 -3.23365311494269 -2.62673082314679 -2.57679887806628 -3.4e+38 -3.4e+38 -2.56525695550621 -2.71591032680003 -2.64840160840833 -2.72423297410341 -2.89589875252752 -3.01141864505381 -2.92278045021886 -2.8260852690041 -2.79434822173801 -2.7730154215487 -2.65487402089919 -2.56641322395295 -2.56679858918783 -2.62318967639051 -2.52562596463043 -2.47392357111956 -2.31133890922913 -2.12765567621737 -2.17349584951501 -2.40364287664145 -2.49302199210527 -2.66268063056634 -2.97918251681075 -2.99192020303147 -3.23783426627019
