data/pcas/pca_referenceLayers/PC02.asc
NCOLS 494 
NROWS 529 
XLLCORNER -117.166666666667 
YLLCORNER -55.5 
CELLSIZE 0.166666666666667 
NODATA_value -3.4e+38 
[rows 276 to 298 of 529, columns 364 to 415 of 494]
1.04628952665384 1.04983351601356 1.08617481181624 1.13203470276762 1.09905781718092 1.16653545013562 1.20299368776433 1.22967311582395 1.21988775236423 1.25788289092103 1.33453088689142 1.34164724419413 1.34381131280519 1.41822378607854 1.38607572519425 1.41849400365772 1.41925639136671 1.47984422646061 1.56553035506882 1.73542514844123 1.88737039476352 1.90720483159395 1.95454381970321 2.03041669137357 2.03754002202953 1.98785162840576 1.92937561796575 1.90028457813421 1.9614900138426 2.09292992615995 2.08647586006009 2.11881301657042 2.14542331608571 2.04522116439235 2.01923855889928 1.95507277941537 1.97522133521262 1.95576876314943 1.98241819113816 1.97265866404128 1.94887320174645 1.86469468025636 1.69225028017947 1.71290923937086 1.81547293443799 1.84138042299547 1.75313130548353 1.24965013303902 1.53235730186273 1.60581953897483 1.63644985536753 1.13081591526019
1.13612842868367 1.15610703768887 1.09977471777212 1.10353514945 1.11470891013881 1.09294287828668 1.12961541267912 1.18895507237225 1.17802053632808 1.21940262453464 1.27908123736762 1.26081442519798 1.20509398211426 1.27148103831086 1.32007477524472 1.35093100643003 1.47635222311198 1.41894820875926 1.69127017196784 1.79770552277035 1.83935770769345 1.85803460617255 1.96735721587714 1.97530265554438 2.02459942814392 1.99392008561313 1.91637695049634 1.8234921319647 2.02996802993104 2.07520022902978 2.06681662755687 2.07887490925027 2.05715312142696 1.98115518730642 1.98634394088955 1.99502338486914 1.97470332362282 1.97312044103447 1.97225604110811 1.92764371581618 1.9146717689828 1.75343849561755 1.69672411810041 1.68821985760007 1.77604410066015 1.7684506684006 1.61531716978839 1.25925551278039 1.46604898868859 1.47968132150779 1.59183965302858 1.28362496268671
1.14687288489863 1.17578019585539 1.12473593530551 1.08599714651461 1.07854961204195 1.08342547616063 1.07939051635142 1.16709279383219 1.25055080221173 1.1720183007278 1.19085781102614 1.1667793464708 1.1221511571849 1.21063488868597 1.26364277827403 1.40964244677619 1.48086014991759 1.55492593200908 1.66466050462752 1.73643131066404 1.80786563059657 1.81475113879249 1.87862425375422 1.95533454054122 1.98251684746292 1.94049645106935 1.94450327416591 2.02093158569579 2.06063299580438 2.06289063477711 2.07940771824944 2.0759532221874 2.03303165793797 1.9325355663172 1.9627132026778 1.90920521633074 1.93599993799311 1.97457417079397 1.91744884435086 1.91222747476032 1.86263874062589 1.82946075875427 1.74507111273841 1.70393970571054 1.69898747229791 1.5848253443136 1.19345722382386 1.21394555618029 1.3309979337496 1.15914500944576 1.44701703338589 1.31741238224797
1.17929015923109 1.1540745468277 1.06933848347261 1.08449236815648 1.05041408263893 1.03600578782074 1.05645375556566 1.11501486166869 1.18928683453289 1.20024692541893 1.12678231574181 1.16655192096122 1.13096772743921 1.21157416120606 1.23990079418592 1.35120775045579 1.35280203531965 1.38657494921494 1.49684086816452 1.71123043852952 1.76057480224155 1.74811495134515 1.76955721876163 1.89359738774042 1.97948408244304 1.91198035252065 1.85480506201831 2.0023857835755 2.02935173663896 2.04030331011206 2.06190375328912 2.02930662294012 2.04862959258931 1.95136239612564 1.94421800752292 1.92398148452374 1.92832136805717 1.90660740567414 1.88244217513228 1.87354298886737 1.82127395090558 1.75972997889107 1.65191101421838 1.6264757827375 1.59686649455486 1.24058582901903 1.0548048709116 1.23611656952113 1.30376453133118 1.32190764627275 1.32272590389058 1.58888321531277
1.15481656087481 1.20834844374322 1.16539681885431 1.11431334846938 1.07976556895652 1.06036882597761 0.998188820869579 1.04689637388145 1.12827525137051 1.21925086460057 1.19636990285979 1.14281422130547 1.13130462358936 1.18654995533051 1.16734606328325 1.15952487981208 1.1974117250224 1.30483293268826 1.43359558085907 1.65060859077043 1.74372343569773 1.66514685363314 1.71297960895847 1.87780944289921 1.91160653411809 1.84396622863252 1.90451553250688 1.97898942669734 2.00849498152189 2.0240987055136 2.02556110492305 2.01573282509946 2.02369047844899 1.90871695629907 1.89556189404357 1.93020324303905 1.90790889739303 1.86306904783982 1.85602608920723 1.81086839827735 1.83918534389789 1.75648382313408 1.69944252887176 1.62241201417567 1.44112551625421 1.35884414207907 1.42358024656124 1.36465880183358 1.29825835416441 1.36692347723239 1.33875998462593 1.42912976086733
1.14585329948441 1.20521916082552 1.20225793582342 1.12423151007665 1.07055266940419 1.06154688086433 1.02495765474148 1.05603663399631 1.10103055931813 1.19962680349467 1.20509502504843 1.1500522010275 1.2192866658975 1.1966842992809 1.04534119873854 1.02309662467123 1.06613532646385 1.23707873018136 1.37561006264425 1.62255740141009 1.67001966058879 1.69206739500627 1.66008956450005 1.8537026643992 1.89090583163126 1.89676547651758 1.88942762339116 1.85642079787484 1.93785200202249 1.98020296205698 1.98240010308072 1.9412612129294 1.92756053333923 1.90816852769786 1.91327696611217 1.90803809231602 1.87857899076298 1.83590759229561 1.74066315326659 1.7350608704695 1.76563404807829 1.73611106798527 1.71494386243823 1.59908490416613 1.47082968700244 1.42366718253185 1.43840085148251 1.34772290552308 1.0907262627409 1.4347757448885 1.30504294664614 1.09646558904773
1.27245075886334 1.16730438275861 1.1045178030789 1.09628053965129 1.10780353283054 1.24352026033907 1.16749144973488 1.17688560074633 1.15838269841633 1.20414579536978 1.20990121775922 1.18673765345465 1.18092067910714 1.20757945185337 1.02482191106489 0.891651663929434 0.947641324131139 1.15285899416662 1.41083019233356 1.45194264872263 1.53223561669512 1.58590369511924 1.6259355284032 1.69616990881115 1.82930449917147 1.86239044960453 1.82378788815143 1.81157347689231 1.91015436439804 1.92738274028586 1.92420990846869 1.91752481938165 1.8833290502551 1.89589608270991 1.90880714664037 1.87796523259063 1.84833569126839 1.81611204566774 1.67036252348721 1.69259388387568 1.71370551095612 1.68934603234566 1.50578185605913 1.2835612725491 1.45894872912397 1.4364554368575 1.29944742400643 1.15642953397039 1.06517821310675 1.43255233125028 1.32484154774942 0.952739820683443
1.13793616812801 1.08618591197898 1.25362874327379 1.23766188148036 1.19193050888772 1.07657602381349 1.05538800645961 0.975506582599259 1.10326065277946 1.08718818812941 1.07522936621378 1.08984452408417 0.995776508826908 0.839632934578816 0.731743022408458 0.730840376562898 0.915507155475813 1.07144111737697 1.29127249782778 1.33424895559848 1.42953868822228 1.53774196632372 1.62076842261488 1.6903569510297 1.79813471729562 1.84477639359241 1.74805268327564 1.85507524014598 1.90008541923767 1.91531492912603 1.90364634528587 1.88968976908022 1.87136011356097 1.87726788453804 1.85010391417619 1.84022753086724 1.81852769943676 1.76208033662946 1.58302490917359 1.57871858531675 1.60521571951275 1.53213493346093 1.12651872952812 1.19526891675469 1.4088532704486 1.38657548509647 1.28184640682275 1.15493836074702 1.03908843606588 1.17018231660319 1.09286609585183 0.621883546892071
1.09957831857074 1.22656875885707 1.23132511397101 1.21454831701342 1.13570775055799 1.12132795149917 1.13077514202764 1.12957787470957 1.12262360169547 1.06426130726448 0.958838003171803 0.814498991133877 0.633503415544185 0.598256618342524 0.639602725915205 0.761020314413552 0.843673468473936 0.919206805098362 1.21787559639911 1.19010382036189 1.54625880803057 1.66275509786463 1.7254774999106 1.71880775329401 1.74490979593582 1.84821212267189 1.85107250681608 1.85671130930176 1.86837651999637 1.88090335748659 1.86799234767763 1.85530734130177 1.83509264912374 1.82946050970337 1.82967639650826 1.79927973274815 1.76218437969067 1.68595463891343 1.47560975086734 1.53336444217912 1.44459602136279 1.10560302460978 1.15957880240322 1.26699140771137 1.39437821366495 1.27809086044792 1.26681620202861 1.25004634311734 0.857981325976704 0.7651467222129 0.61109601746093 0.417341398262452
1.03208036864566 0.999162866388062 0.976187415125351 0.981378910750004 1.04896329385931 0.955019866639541 0.874239782194568 0.8554571067857 1.0122602790769 0.995467096582818 0.746344872374948 0.421577987052446 0.588465459060491 0.590938611466602 0.60478252115785 0.660146351326491 0.777906265074816 0.872701873117952 1.05142921900075 1.2189710972291 1.35365410371687 1.59215150049415 1.65436342014122 1.51069008856577 1.66766339106678 1.85119908957846 1.81478584015218 1.80631671447962 1.83483514915432 1.84578652275267 1.83949322868557 1.81825975905626 1.77395060349824 1.82382892168752 1.77508821891915 1.73900795136103 1.69224458421077 1.63064442946761 1.41758034412049 1.21814312139908 1.04624092319837 1.1107133502094 1.26565848477391 1.31891612804897 1.27225316581668 1.05015095835156 1.24744584536831 1.12778350562146 0.750620043956849 0.65069583570558 0.508546355760216 0.563914620945553
0.911732198808857 0.773966830710279 0.656801733204337 0.92889784034653 0.96571013018312 1.02609019403863 0.963955297222547 0.788524067423443 0.541605398582787 0.584973298247708 0.55015104071598 0.599284972040856 0.670190657399979 0.651962327242531 0.700378577950674 0.770310082986179 0.854960752169376 0.92879282690758 1.03906614415448 1.17704220146271 1.33630109937687 1.57001472962864 1.55668488716164 1.32491644016922 1.60957339295581 1.68185018407641 1.80682350522039 1.79214325229519 1.79171840188306 1.7894446154586 1.78143348230805 1.79351996631887 1.76210566254524 1.76600879709051 1.74776763496155 1.71736338931874 1.64071242952392 1.51086380938167 1.2528099317736 1.04129202110618 1.08109030984359 1.22756665197862 1.29664045865114 1.18278184582036 0.986163672515371 1.0740937867095 1.12655312306239 1.01677686083058 1.04575689628052 1.07476441661169 0.862370448947334 0.831555925487533
0.897737241998387 0.952800505629187 0.941779831725579 0.858980640119952 0.871973102230655 1.01145661584608 0.903017169039687 0.720463905518411 0.531622043229847 0.650338503760377 0.688193008923345 0.677201257459149 0.655211440670354 0.75057109586666 0.790296729157097 0.860680587838593 0.903715692381906 0.993049923788961 1.17163304253557 1.30807353258312 1.39258426535167 1.59646851422193 1.30316367844635 1.08777796090401 1.17656812796428 1.37715662176119 1.7523773739592 1.79010279401963 1.77474153341332 1.73932803396517 1.7706351419715 1.79179464857245 1.73631058254655 1.65145639360066 1.6731035227838 1.63627760252433 1.58448240740385 1.36520275155416 1.01615590272513 0.905054203131608 1.00982782589586 1.13124935612222 1.11594858458763 0.894115722807038 0.930815044723957 1.1481940807564 1.0006213983067 1.08079051979891 1.00834697769443 0.989573447717345 0.86419385244252 0.682821973964757
1.03488470898755 1.17049499309078 1.20377720406542 1.05955189260303 0.615111325412738 0.739116360573032 0.722508155361149 0.608635018858298 0.667798863750285 0.702390113874239 0.70183832758434 0.711825281597336 0.75467953583794 0.773739665006212 0.811763004642992 0.846689668717095 0.931110527710429 1.03995652073217 1.11863942482158 1.30803156752647 1.31877353804588 1.55557036289796 1.43739132089859 1.13442940172408 1.0896531074981 1.53987278864288 1.74188466399611 1.74738301480002 1.72075368829028 1.72470515469435 1.73997535823232 1.73896966241944 1.72209702265623 1.66468678442478 1.60377875193271 1.51329135344629 1.45246518596905 1.29591946597975 0.97031871201884 1.01765620390347 1.08834286601063 1.12993439986448 1.04393815198722 1.03006172441523 0.944166248647888 0.950756525567762 0.799271364754474 0.973836953964818 0.887594144676202 0.709322189462879 0.695845464296004 0.680604656168454
1.14779061547811 1.28011448122534 1.35656814036109 1.29099488367414 1.22964010896572 0.903607752788054 0.574504220381872 0.651963162985781 0.774965270106489 0.869122909192972 0.841025785088288 0.77756681471734 0.796556164848394 0.800560919300534 0.748926846351936 0.801557032211146 0.845236713456885 0.973181912644267 1.11126662650551 1.2430372779838 1.32832164344832 1.34645550538653 1.54603035009004 1.40750434400437 1.4548875978401 1.6752070576901 1.68657464255805 1.70770382991604 1.67732889858733 1.70074869674894 1.65606243444596 1.64351483149457 1.64809171197294 1.64881619359109 1.57584418806983 1.53003518806663 1.32260541875465 1.17869138832774 0.866569883265498 0.980262414235085 1.01650216242266 1.01626320405801 0.964974437304661 0.794576535809864 0.741020803310844 0.571233312703285 0.543266805827145 0.828372073549069 0.646334577840212 0.347594544337872 0.208066518533476 0.388463086777764
1.17661221321796 1.32790998658175 1.39880249048912 1.38625613602688 1.32246554142054 1.0975749868764 0.684609553854271 0.629144308062375 0.865957929708053 1.10194259092876 0.905854486117352 0.832714893379592 0.995030311765417 0.820049584212677 0.715639720965746 0.760959793942156 0.804010790805274 1.00776418030657 1.1917570876637 1.31402136045958 1.35842503320982 1.38763235121625 1.52363739911117 1.43683103811802 1.28943837944839 1.46247395057659 1.60050519043153 1.66452871474084 1.66718953689738 1.67242866914178 1.58027028059612 1.49103236051585 1.56537205582744 1.58900029578962 1.47322100258871 1.49276735885809 1.41051694962591 1.26895131070806 0.941309871499715 0.846412195406117 0.844453184541199 0.920486582547606 0.930549424767317 0.797642268134982 0.622483770933151 0.239531179453605 0.243076007943208 0.423247294103984 0.384378491100693 0.284011448781449 0.122253267386993 0.273989814567606
1.32734676215832 1.3416219393089 1.37283904467773 1.38956898169218 1.41852715666706 1.20011340249597 0.776037629309953 0.631950233449851 0.978481473734459 1.23584735292025 1.08986821308388 0.924162630789865 0.957170509070748 1.01403439444541 0.969145600541582 0.971952952723382 0.793218296227316 0.950886129892139 1.14871027268521 1.23302131451577 1.27351458129215 1.27804799269249 1.42273478524578 1.46957627201869 1.52004725344362 1.53292029410475 1.62590042022905 1.6047247468261 1.59742389214482 1.58444596507424 1.55352485610805 1.52034577294954 1.46024550638753 1.4168711041089 1.44122563801351 1.41267547339467 1.29395682583505 1.23831551561126 0.847277282781161 0.749175106792039 0.809315021811621 0.849401439189176 0.801893611172659 0.785201285598203 0.589773688286834 0.337175021590247 0.223083432465453 0.252907310001128 0.379719129703493 0.385772944206246 0.203896584645601 0.241527357565564
1.39459465354022 1.39836812799419 1.48815666103932 1.42513544893198 1.4006949993367 1.36696008979083 1.1806582371922 0.788920566346175 0.973010453016891 1.27438237581914 1.2144159903532 1.08635073276773 1.06766139983979 1.18573447364681 1.15618739463837 1.0558345565879 0.921963228743596 1.04511245839327 1.12643435707194 1.13597572273109 1.22605395445519 1.27446683303706 1.46482559484482 1.44579032939556 1.49464535759613 1.46162514291157 1.46312045556652 1.46428365103386 1.54357643068658 1.46128723600243 1.33186752901393 1.39486612300718 1.40926064350814 1.25731584129071 1.33918018820855 1.26440715473433 1.12599228326525 0.976285143258288 0.773695858376221 0.694651475046021 0.756307526309477 0.567144733217113 0.697686937652987 0.608659773335021 0.559490421624317 0.306525047064816 0.325449240766284 0.359353187941277 0.397131722019972 0.392156019816867 0.414447261457601 0.368124437197745
1.41869819272448 1.51090598538776 1.47234811932157 1.39420747314209 1.37223810274545 1.374245327458 0.876939460701312 0.798386718131441 0.999243916766136 1.28793208060876 1.26796031793287 1.18770371004442 1.26725501161672 1.26232615186269 1.14883700808288 1.14768457449977 0.994112060069203 1.02856863061441 0.803676703619358 0.886960078709401 1.03948574183376 1.105279523931 1.32127966405301 1.39002060762448 1.2171774657276 1.12233682274341 1.42263469932581 1.49412506138494 1.46151254712125 1.41578955466962 1.28605179867632 1.1074764024848 1.13674779134177 1.33522491283254 1.20608137887613 0.919132569409056 1.08833503145025 0.875205276811834 0.692342191175712 0.602440499006069 0.653526855419268 0.538204728894209 0.546196574767172 0.459600597431462 0.385806009038872 0.326735762445156 0.370343786440935 0.425033922218003 0.448675768803552 0.435570317591802 0.484076347469112 0.451281575002471
1.48932622745181 1.46860488263893 1.43073082188117 1.44300441583482 1.48240721790987 1.44829869044842 1.35420745115216 1.0426221270911 1.14891362530583 1.31103267055564 1.28435206391385 1.31429721702567 1.30614428981217 1.2735610466639 1.16869005032741 1.11705979958602 1.00007057519698 0.979488512228163 0.921812043703743 0.773716430934472 0.74719376336009 0.962102407077022 1.24221503069642 1.10073836493576 0.907221893919863 0.726643379758356 0.975944670887946 1.22979913987983 1.34356142166887 1.16291512673888 1.08158438410213 1.04847013861166 1.05808489552282 1.12475332740837 1.09661008769555 0.961935807136686 1.08083421772778 0.879861199571148 0.769694150031641 0.734324134116735 0.793992486488841 0.692779360532638 0.703642595806536 0.585536467640194 0.523359888811178 0.331134697057597 0.391055185010319 0.442691754044541 0.440133074797883 0.43590049140819 0.554877993163039 0.520750767281618
1.35111643179725 1.4495248479304 1.42149713174477 1.45547918561477 1.48279608293324 1.48001271545388 1.44337420940992 1.29932674137162 1.3116381971716 1.09740240536975 1.16381753216924 1.26944159382353 1.3187446853324 1.19750790873106 1.04979275631851 1.00780023648773 0.900224988061918 0.831870649064316 0.890672155420686 0.761241457392286 0.63443519627222 0.934176311389563 1.18986498056875 1.21635511671348 1.13437642418787 1.02732581884863 0.82371600344282 0.892413670484576 1.08973001175284 0.940883019216766 0.894680403669667 1.08590884861376 0.995922061185033 1.01701491094651 0.889681360634497 0.959860626978672 1.03252920276585 0.914096177649862 0.878507415937082 0.835199617039095 0.855676429607556 0.819582289786199 0.744163403363776 0.754828407817028 0.540953658520468 0.436513412779872 0.399945421480686 0.504110940147663 0.55608856804246 0.465521209760636 0.540597798074328 0.55444336473136
1.44106142809841 1.46671487300645 1.43474041838084 1.43398821780043 1.39717765690629 1.41572655187819 1.41182440244348 1.43933556750353 1.39871779990821 1.10033333332374 1.05886192934672 1.07560017124107 1.26435466264966 1.12665012634671 0.786391022214506 0.722995827153219 0.681868059530428 0.675596477345573 0.798768146584656 0.781330179309969 0.818902447092557 0.978970015222378 0.931172927161827 0.980724991509706 1.06653922030737 0.990230179003628 0.939473992070796 0.854795764028814 0.863556583971829 0.838883623871383 0.853173271453636 1.06674811968688 0.675443691419614 0.918307666620737 0.886091552783464 0.758456251322459 0.970253980700695 0.951021427887385 0.887088414470491 0.903266683503208 0.901914233222592 0.827944033221842 0.643486542153422 0.761106120611924 0.759913839097607 0.595631700266495 0.426302284176944 0.466046519052037 0.509941032965508 0.570960224194078 0.564804445703753 0.658799921273301
1.44834999630799 1.42743621422092 1.45717258653872 1.43404489104193 1.43071105771457 1.46507973138589 1.45407144019241 1.43652563227827 1.45196812436203 1.18285631581466 1.0322831480283 1.05180481315325 1.12401642318331 1.05005348482179 0.683297779608358 0.666327780147324 0.654800659180775 0.549651850963298 0.624249771117116 0.724604124418867 0.930726212607381 0.928464401114042 0.917313183232202 0.802116010004199 0.9606596503482 0.851781504165223 0.851150770480467 0.656621573142001 0.713143092896837 0.716025745497444 0.811226112125718 0.913559770667105 0.682950595774899 0.604755433294395 0.793022912456737 0.744166099186316 0.79739984229934 0.939038721695696 0.928022981071447 0.933953743297019 0.941021902689293 0.811187213087157 0.665219218643635 0.657331056609869 0.837640814756904 0.666591472845309 0.474229318390512 0.518120537235105 0.537398490618243 0.60920386595127 0.651721773276948 0.653007475174459
1.46406047405503 1.43488364225717 1.44806336182847 1.46483580223955 1.47792670586938 1.46892326798005 1.45410020229414 1.46553390665113 1.45112107530079 1.23497815293563 1.01985286254886 0.934348174506467 0.932782735627262 0.751819555267474 0.721711688070913 0.748991156475083 0.694772540926306 0.605277736281203 0.455875948144798 0.507078420877319 0.798443405990269 0.847067154329711 0.849899028903997 0.781727096413491 0.717988773165405 0.824105995318305 0.655256501146749 0.544104555945359 0.625683724770438 0.619054359965642 0.717150757815439 0.720409981484228 0.613294231300686 0.654942826772812 0.700035276428538 0.798848249153947 0.851539319765996 0.875423695714416 0.951121917493301 0.938903114244904 0.922097731355609 0.843101516342529 0.642635082236465 0.738224058734406 0.889426331715634 0.72615910277949 0.605170551636758 0.597231707898535 0.55300562224719 0.671355086467945 0.761843143119489 0.726978189411094
