data/pcas/pca_referenceLayers/PC02.asc
NCOLS 494 
NROWS 529 
XLLCORNER -117.166666666667 
YLLCORNER -55.5 
CELLSIZE 0.166666666666667 
NODATA_value -3.4e+38 
[rows 207 to 229 of 529, columns 208 to 259 of 494]
-3.4e+38 -3.4e+38 -3.4e+38 -3.4e+38 -3.4e+38 -3.4e+38 -3.4e+38 -3.4e+38 -3.4e+38 -3.4e+38 2.10613667003788 1.63940918113325 1.32464390870773 1.71846771197207 1.75534155911847 1.62545930628147 1.38080466585976 1.05879292541143 0.688742172667707 -0.0417017072823617 -1.12570397684963 -2.48983524940352 -3.51322869459956 -3.99480799806536 -5.01985257292298 -3.48688287630344 -4.70434249748501 -5.54971126035105 -5.4580141158087 -5.12816650036577 -4.90332523757975 -4.69741829774601 -4.51418149316543 -4.23837835976305 -3.9784749263602 -3.76243690987643 -3.54388526229655 -3.40356104215075 -3.26437894318356 -3.16245614925045 -3.05825495763575 -3.00392449065926 -2.97399797469749 -2.97232864218406 -2.95931125678016 -2.99661516027808 -3.0635091226611 -3.09359038256564 -3.15469113843228 -3.20017598875332 -3.22149232218254 -3.18819001107782
-3.4e+38 -3.4e+38 -3.4e+38 -3.4e+38 -3.4e+38 -3.4e+38 -3.4e+38 -3.4e+38 -3.4e+38 -3.4e+38 2.35815976613236 2.11998650302356 1.65644131184136 1.48408695139009 1.5320175641859 1.5948721296402 1.48089538220026 1.27528044782749 0.864310154837734 0.227433227696995 -0.845554019224295 -1.8658352529015 -2.98965132830999 -4.77061350420228 -4.93905681927663 -3.16915054254607 -4.00953002058074 -4.67714254641693 -4.84238632417779 -4.7525201466717 -4.54540560403823 -4.41363318127381 -4.25982484703031 -4.04756692994299 -3.85373080305971 -3.62551410033474 -3.44591485531287 -3.32890858675602 -3.21289094599002 -3.13523329408584 -3.06099112323826 -3.01188058403558 -3.00933738563064 -3.02818455914949 -3.03354869092501 -3.05972155404133 -3.14961902155791 -3.25031068771978 -3.312694348706 -3.35659667418805 -3.44137734264896 -3.46271971830489
-3.4e+38 -3.4e+38 -3.4e+38 -3.4e+38 -3.4e+38 -3.4e+38 -3.4e+38 -3.4e+38 2.61907354996664 2.66298291954495 2.54973230992513 2.30308589448274 1.81698026057003 1.72469054643816 1.78795091317311 1.70339229253306 1.55174676369063 1.31606501091431 0.9182015237675 0.349341588806928 -0.539296974263474 -1.41542291902921 -3.36311552950622 -4.94685913823652 -4.2414798538194 -2.91002494220517 -3.45844612000809 -3.73170854257559 -4.12432822340194 -4.27011330657939 -4.13573010967577 -4.04851104619544 -3.88661749007276 -3.78098102992904 -3.64485465592408 -3.51458022932352 -3.36585667471442 -3.23826049116862 -3.13347309281258 -3.05015847950317 -3.018997715828 -3.00319933059553 -2.99717652897766 -3.03181746747577 -3.10578278642965 -3.14900205797878 -3.2558260292832 -3.34209976080606 -3.43632797628849 -3.52785613337045 -3.62829947565573 -3.72289766497484
-3.4e+38 -3.4e+38 -3.4e+38 -3.4e+38 -3.4e+38 -3.4e+38 -3.4e+38 -3.4e+38 -3.4e+38 2.80839763220709 2.66151550930274 2.43625938759453 1.76361542128728 1.89172518277603 1.992561021444 1.82855561275621 1.62243561080436 1.31136147515689 0.88859298271946 0.0854728808500276 -1.04512680795353 -3.46385766860915 -4.62353562099179 -4.71301785754827 -4.60849290374252 -2.74048961494206 -2.83329058042545 -3.28402274433293 -3.63291181908694 -3.76480312843355 -3.67414004660844 -3.68262633245159 -3.58822148468555 -3.5169618001601 -3.43514787671712 -3.3150537030875 -3.24972505884421 -3.13744980903021 -3.04145636265658 -2.96953608997396 -2.92474923871329 -2.94650980953468 -2.9742694472356 -3.02824444767442 -3.12790870402286 -3.22753287690781 -3.31974980563939 -3.44284015886 -3.5528171549706 -3.68208747436817 -3.80393149065891 -3.96882571700548
-3.4e+38 -3.4e+38 -3.4e+38 -3.4e+38 -3.4e+38 -3.4e+38 -3.4e+38 -3.4e+38 -3.4e+38 -3.4e+38 -3.4e+38 2.4728757870824 2.29703898268574 2.28024621563552 2.18155459634255 1.99732429335892 1.82291055718546 1.59105850217697 0.647257291109098 -1.07064485643921 -3.41749618834709 -3.77212651825699 -3.91136367585684 -3.22062334332561 -2.91559241302222 -2.39509454749139 -2.62702488664632 -2.92469763490395 -3.1818527026306 -3.25228538513313 -3.27561001465794 -3.31050013983735 -3.2925765308836 -3.25497836386469 -3.14622971968244 -3.09037355035732 -3.05262493371941 -2.97837010707066 -2.91274908941969 -2.8780199124211 -2.82755015717314 -2.85447178559439 -2.93976878051111 -3.02182779962503 -3.09127171152453 -3.25127733570886 -3.37280469961026 -3.48485670006986 -3.61389115372322 -3.76228199555315 -3.89915418538821 -4.01187902297486
-3.4e+38 -3.4e+38 -3.4e+38 -3.4e+38 -3.4e+38 -3.4e+38 -3.4e+38 -3.4e+38 -3.4e+38 -3.4e+38 -3.4e+38 -3.4e+38 2.65015200370107 2.44580991325736 2.26319155637466 2.14796505474373 1.89217689394265 0.846300887097687 -1.47787554758836 -4.55915774911332 -4.89146875223738 -2.81271655397125 -3.0443289456709 -3.53777152469628 -2.42665953937991 -2.16449126564122 -2.55624933998512 -2.6885964182159 -2.83464561774899 -2.89718579057942 -2.96844184152474 -3.00446290651519 -2.98334402435387 -2.92014032738198 -2.86502130201397 -2.8028772929132 -2.74847831915113 -2.74761232365067 -2.7176696474045 -2.71593396023744 -2.72646329235544 -2.75126102943404 -2.82105575647091 -2.95869765818586 -3.06079024995975 -3.24365409650561 -3.41024286059819 -3.54570126235773 -3.64452424443059 -3.76358480918051 -3.88932426834681 -3.96069588411569
-3.4e+38 -3.4e+38 -3.4e+38 -3.4e+38 -3.4e+38 -3.4e+38 -3.4e+38 -3.4e+38 -3.4e+38 -3.4e+38 -3.4e+38 -3.4e+38 -3.4e+38 2.37925167235908 2.35754384667799 1.84621204188903 1.71050309505756 0.934018408014048 -1.8278341984879 -4.7902639313015 -3.12083149654866 -2.18471254568411 -2.99700884747486 -3.71519770161186 -2.08978726143044 -2.10838965401667 -2.38451587027896 -2.55613599117719 -2.62880766766247 -2.56400042052091 -2.71579244375875 -2.75254909807006 -2.69387929000383 -2.63588783236881 -2.56400063068528 -2.49372320797463 -2.41484326296416 -2.44721520466917 -2.4370396198341 -2.58014988275178 -2.6465639179247 -2.66866214794145 -2.73484263944729 -2.86305877530314 -3.01506541758645 -3.17527058413681 -3.37558108288964 -3.53131902598015 -3.65488961456355 -3.78118661593791 -3.80851296061539 -3.80835326893246
-3.4e+38 -3.4e+38 -3.4e+38 -3.4e+38 -3.4e+38 -3.4e+38 -3.4e+38 -3.4e+38 -3.4e+38 -3.4e+38 -3.4e+38 -3.4e+38 -3.4e+38 2.59644252214027 2.52334607543526 1.84569525694145 1.44282002982097 -0.606648951154752 -3.36398473041775 -3.98213984490582 -2.61813226607026 -2.41942604126255 -3.56501278704064 -2.76026422170689 -1.80228889203306 -2.05355850888017 -2.22717701371128 -2.3595413122958 -2.41661843741164 -2.32993660829685 -2.43168883954581 -2.48062034772284 -2.41974934712474 -2.3264829164673 -2.22242882563265 -2.16701539338337 -2.09305224196809 -2.11443261577742 -2.20209980602609 -2.31995352801674 -2.43101313478471 -2.58129581272344 -2.70605280003473 -2.77257101978379 -2.91305089842052 -3.10628121460426 -3.31623917899289 -3.47270505674913 -3.62608185086917 -3.70167645105731 -3.67523259689796 -3.64544101137565
-3.4e+38 -3.4e+38 -3.4e+38 -3.4e+38 -3.4e+38 -3.4e+38 -3.4e+38 -3.4e+38 -3.4e+38 -3.4e+38 -3.4e+38 -3.4e+38 -3.4e+38 -3.4e+38 2.3980903126795 2.05647385412961 1.40324644870323 -0.0431237957991646 -0.596466885078861 -0.340206532148167 -2.64906117183516 -3.19058161106855 -2.75967979126116 -1.87626947287583 -1.91542987615604 -2.11121665289114 -2.27013358138104 -2.26955621066941 -2.27516820330466 -2.12398327654336 -2.18742326277544 -2.23245820529113 -2.20582386222571 -2.10169889714825 -1.96180668698649 -1.83609450094769 -1.76281209269495 -1.81487976700186 -1.88387218066453 -2.07604744294029 -2.24570112587159 -2.36895647514062 -2.53377431989045 -2.64884761941151 -2.77552538874894 -3.01344303241637 -3.21793719041563 -3.3122513608546 -3.42904909393895 -3.45511698351298 -3.45300809256356 -3.37963231754994
-3.4e+38 -3.4e+38 -3.4e+38 -3.4e+38 -3.4e+38 -3.4e+38 -3.4e+38 -3.4e+38 -3.4e+38 -3.4e+38 -3.4e+38 -3.4e+38 2.67237333992277 2.52539674166441 2.32158657011103 2.01395748189717 1.18171392979257 -0.272918713908988 -0.139426694312358 -0.373574913307737 -2.09982204830522 -3.32741791471114 -2.18913743512897 -1.57145451209857 -2.02950872467886 -2.01382039477291 -2.18143765724556 -2.12501714484425 -2.20849738572411 -1.92849893275911 -2.00600356959393 -2.02833200981067 -2.0072064408726 -1.87677389408154 -1.73922980072042 -1.61381352411283 -1.52143632611354 -1.55725018913708 -1.65521564559537 -1.84413468771176 -2.0217860454786 -2.16830856390806 -2.33679511727127 -2.48290444972317 -2.63616977208758 -2.83713376725315 -3.0378751008116 -3.1361584910058 -3.24249293603909 -3.22106442247262 -3.19042586089332 -3.10134150998306
-3.4e+38 -3.4e+38 -3.4e+38 -3.4e+38 -3.4e+38 -3.4e+38 -3.4e+38 -3.4e+38 -3.4e+38 -3.4e+38 -3.4e+38 2.66911349619419 2.66696197225218 2.5762143322113 2.29116625977362 1.84763778461038 0.674610788474733 -0.663642230070501 -2.7283874898107 -2.10400806102099 -3.18998150082728 -1.67691351285265 -1.9769731056922 -1.54787444294484 -1.90787484303588 -1.92205379041121 -1.97113992230392 -1.99948996482487 -1.89160156101396 -2.02095436064339 -1.82151349566481 -1.87521696543017 -1.83348840579409 -1.71541055434059 -1.58386161805928 -1.45902657446465 -1.38539883762842 -1.41177176101619 -1.5096815427432 -1.65771123841482 -1.81103847534183 -1.96452353142006 -2.18656127535051 -2.33862846217812 -2.49930561836278 -2.66479719925056 -2.82841140539782 -2.97517137235251 -3.00354356628593 -2.97605427279451 -2.90035880669401 -2.81295294203237
-3.4e+38 -3.4e+38 -3.4e+38 -3.4e+38 -3.4e+38 -3.4e+38 -3.4e+38 -3.4e+38 -3.4e+38 -3.4e+38 2.88359670131192 2.71349391460348 2.7041122042633 2.3981070514542 2.12125662916543 1.5522220513103 1.11249108043452 1.07409483870314 -1.63624206205086 -2.9956731954116 -3.068300172434 -1.5695193610315 -1.48748934983047 -1.67986266658394 -1.92303326421646 -1.89181779988582 -1.95309467220638 -1.99900923005197 -1.82585237146921 -2.14782288076292 -1.74423593918036 -1.73870696131894 -1.71015434417074 -1.6144914593575 -1.47519860946277 -1.37658362413966 -1.33064981712772 -1.33250148929906 -1.4228590174567 -1.5760654306752 -1.71783054763303 -1.8938983971897 -2.03872037416433 -2.15910206917113 -2.31363966695836 -2.44391420988277 -2.62778882412022 -2.75296040218729 -2.76216334478501 -2.7084525286822 -2.60004917097447 -2.50698897555302
-3.4e+38 -3.4e+38 -3.4e+38 -3.4e+38 -3.4e+38 -3.4e+38 -3.4e+38 -3.4e+38 -3.4e+38 2.88739483617812 2.82000812358469 2.7817545213774 2.18583534067349 1.95993052660007 1.74621772822096 1.04581130839461 0.756334788809325 0.682292587826142 -0.206709777859086 -1.91027638231924 -2.24169827619393 -1.65703418410971 -1.55738624703931 -1.85484325166632 -2.04598309779042 -1.88707232048631 -2.05276651154328 -2.01463783420169 -1.72553771901077 -2.06957290993919 -1.69889826500536 -1.60220883519875 -1.60586201905537 -1.53670657338695 -1.42805019444023 -1.34549331853252 -1.30074671448585 -1.29742975127086 -1.42432264119641 -1.50478409402427 -1.61947488477077 -1.75284932471294 -1.83135779352865 -1.95431908220562 -2.11938098700381 -2.20219631724835 -2.30537643195908 -2.39060095523699 -2.40014257502573 -2.42727451907576 -2.34182099501194 -2.20408049174387
-3.4e+38 -3.4e+38 -3.4e+38 -3.4e+38 -3.4e+38 -3.4e+38 -3.4e+38 -3.4e+38 2.73928942685221 2.90249396517208 2.66765680909526 2.13297351137503 2.39093946607777 2.21175812635357 1.44780166249702 0.626087158921743 1.38342659309821 1.10556727250634 0.787425540147924 -1.20670592722987 -2.80788458391182 -1.36781233490775 -1.8815276029887 -1.87342359005203 -1.93515185387805 -2.09519054903881 -2.05143645600891 -1.89633028088722 -1.67414756037415 -2.06646501760249 -1.68440029868958 -1.56994882248445 -1.53931045901805 -1.48989094798832 -1.41629909463775 -1.33348318773584 -1.29472977435456 -1.31764458830451 -1.37077225397102 -1.43049772584777 -1.50945495353862 -1.59019147384765 -1.69049912041858 -1.81926305228751 -1.9142464041625 -1.93687919165108 -1.99960676554631 -2.0323904193171 -2.05151928371206 -2.08676691449901 -2.07286076741342 -1.99480521723363
-3.4e+38 -3.4e+38 -3.4e+38 -3.4e+38 -3.4e+38 -3.4e+38 -3.4e+38 2.96219871632982 2.88303760913782 2.95399763141949 2.11305623604439 2.32934582040007 2.73805380104097 2.67757657863977 2.24148831595826 1.33385394892398 0.951353721905551 0.837655257657811 -0.421887765729292 -0.139569558766268 -3.29913010176074 -2.30835183034927 -1.51502779973848 -1.72465464491284 -1.88003147140101 -1.98752481411343 -2.13889805704164 -1.75406695979806 -1.65038079591656 -2.0679678833531 -1.63506080062489 -1.48486510154195 -1.48413477778388 -1.46643278139547 -1.42405510724695 -1.34073591770864 -1.34021517311661 -1.31336999797736 -1.35693464456432 -1.38292404635156 -1.45240606285745 -1.47650795672169 -1.5401332097376 -1.62720471440308 -1.70531790145109 -1.68726348393447 -1.68681813296032 -1.71087719242117 -1.72549771144624 -1.76069793310835 -1.82314731754917 -1.77853616062058
-3.4e+38 -3.4e+38 -3.4e+38 -3.4e+38 -3.4e+38 -3.4e+38 -3.4e+38 3.18023952059322 2.96211352551745 2.99251801768751 2.75477097839212 3.29362375726102 3.46067943996252 3.37659616366064 2.63409284315082 2.27598428530012 1.03565013851727 0.912896809921584 0.381573061353854 -2.22624949885553 -2.54229935524081 -1.88409789985825 -1.33096579742427 -1.53033859070007 -1.64850924166237 -1.68137337256043 -1.85945946950341 -1.63272456741678 -1.60693401412691 -1.94446728299626 -1.55097769747917 -1.47560274777921 -1.46431653897951 -1.43615915985868 -1.38039101504559 -1.36801776071417 -1.32248757383565 -1.31588566712451 -1.30492504166266 -1.32163391567371 -1.33549068690078 -1.39300243717649 -1.42947542592744 -1.48304901377849 -1.50224356545173 -1.45774491399322 -1.45352924553846 -1.42328856150291 -1.4031790993981 -1.49080901860325 -1.5901553273924 -1.58777421705339
-3.4e+38 -3.4e+38 -3.4e+38 -3.4e+38 -3.4e+38 -3.4e+38 -3.4e+38 3.15917270752855 2.95636576673496 2.9130174222415 3.26712729432104 3.54215925961531 3.74764169684233 3.41194112706484 2.62978360568335 1.61838039033541 0.190344476977879 0.602909277066239 -0.83096096184173 -2.48208782673146 -1.05329732846132 -1.87399102688353 -2.15750081758251 -1.60450110356747 -1.79208492546744 -1.83773682015558 -1.75570996899235 -1.54304061958588 -1.75080101793938 -1.73711218418669 -1.40496967546839 -1.406270883954 -1.43670964144967 -1.43435243095378 -1.4117753450007 -1.37300511065716 -1.35520274193384 -1.29840280512997 -1.26595132794157 -1.27256413756603 -1.25920198669975 -1.29162874119952 -1.32633950557421 -1.3606926182686 -1.36271975673008 -1.30285811511892 -1.27943539037184 -1.24615359815495 -1.16327251680379 -1.33234213763091 -1.46071374425597 -1.46092272992416
-3.4e+38 -3.4e+38 -3.4e+38 -3.4e+38 -3.4e+38 -3.4e+38 -3.4e+38 3.18435211035803 3.13444914044529 2.99234769972642 3.20916813911777 3.4372067257142 3.55381324239211 3.4473605320896 2.13823245109834 0.270799413648824 0.697146206317385 -0.142470410784118 -2.83711252024206 -2.06897626012069 -0.630980517551541 -2.59049858909945 -1.65281288086842 -1.56184508995237 -1.85615191943401 -1.76015891314503 -1.67415416807198 -1.65450598509259 -1.97410151247035 -1.46934213348741 -1.34524954160483 -1.33718950016937 -1.3688615862485 -1.36260851597058 -1.39384528297839 -1.40597817891059 -1.32309691678085 -1.29584149859945 -1.26792001131084 -1.23153693638045 -1.18889651120337 -1.1782005439817 -1.2059037219931 -1.26780593754658 -1.28699769233366 -1.28963075462252 -1.20381809959091 -1.15898682140711 -1.13502156209029 -1.25897023283696 -1.37065897830124 -1.4127876026883
-3.4e+38 -3.4e+38 -3.4e+38 -3.4e+38 -3.4e+38 -3.4e+38 -3.4e+38 3.09290584322034 3.0991344607861 3.08141835324326 3.05641826152148 3.28130368680018 3.34696239603625 3.41743376565722 1.98077888198139 -0.482854003837848 -0.480817615928658 0.139732452619265 -2.47944401045447 -1.24663435079285 -0.306987254623506 -1.92612688513832 -1.39648818840988 -1.50248384620726 -1.74141119655291 -1.79011092458456 -1.64635892479127 -1.6269771775838 -1.95051312225152 -1.7066350726234 -1.28739728739456 -1.24820438802998 -1.27304550660373 -1.27561472141546 -1.30471130285799 -1.25314917993122 -1.20207687570381 -1.15581752922985 -1.16533321607773 -1.13551227820676 -1.12752023565399 -1.13999394753809 -1.1523828735809 -1.19161238022626 -1.18729030631204 -1.1990697503369 -1.14860501040497 -1.12548475248368 -1.14456240503176 -1.22438830436747 -1.32403069588106 -1.41542437250415
-3.4e+38 -3.4e+38 -3.4e+38 -3.4e+38 -3.4e+38 -3.4e+38 -3.4e+38 2.64206163286601 3.08554166859055 3.00064609525386 2.87868637907489 3.02497234153262 3.30113653657991 3.29193581463766 3.09165852130839 1.42869211562033 -0.462359157871711 -1.62152286319131 -2.64064842238518 -2.36243839689481 -0.354639643277672 -0.848420335740501 -1.81825823520717 -1.64633349392187 -1.58718322130072 -1.68710492288885 -1.68810279725581 -1.69364617314936 -1.94875570483136 -1.84160997576424 -1.47104303720886 -1.1384289043716 -1.14599927657495 -1.15573547095477 -1.17769889119736 -1.18793871113951 -1.11393371452598 -1.0811600545121 -1.05279754005755 -1.03248052304966 -1.01532264927442 -1.03389332505157 -1.07272055140375 -1.0976853387931 -1.11976160405588 -1.14219682774992 -1.09164282998811 -1.10002018056196 -1.13407315326429 -1.17642008436559 -1.25735830903984 -1.35518855469627
-3.4e+38 -3.4e+38 -3.4e+38 -3.4e+38 -3.4e+38 -3.4e+38 -3.4e+38 2.62531948159312 2.98908599257213 3.1195717764799 2.93236582694908 3.12021715362142 3.26153597278377 3.35313790282474 3.38376778521416 3.01355929711338 2.18115139686059 -0.997942339730877 -2.00146523328667 -2.45733181540051 -1.66581997442011 -0.716930282452118 -0.92146356711822 -1.89780982976445 -1.42040679882388 -1.46732267546834 -1.50741706751335 -1.63363064509036 -1.70955231133158 -1.61029881360859 -1.67841876570725 -1.59692223621626 -1.19395700302785 -1.05863244517992 -1.03720512686921 -1.13589647336012 -1.06812579111885 -1.00522796252886 -0.937788321096781 -0.946955458224984 -0.935633284414842 -0.95459287008061 -0.971560085251543 -1.00915415856323 -1.01995602591085 -1.05193599513976 -1.0470502399024 -1.05131786038538 -1.05549697458107 -1.08036175500122 -1.1790808509202 -1.27902364315704
-3.4e+38 -3.4e+38 -3.4e+38 -3.4e+38 -3.4e+38 -3.4e+38 -3.4e+38 -3.4e+38 2.85255723916689 3.0424880827308 2.70260568643286 3.24214523780539 3.46843895526297 3.46064644041059 3.52285564715293 3.03348647329852 2.47618591114415 -0.082383725722776 -1.15298853225031 -2.41562635890245 -0.650426191676193 -0.367946152202516 0.0975460348182601 -0.705436561560187 -1.11353187863011 -1.85262978794429 -1.24909313737765 -1.87625627797515 -1.76879040732337 -1.67853565788423 -1.68145432926091 -1.4066080410954 -1.5728380130564 -1.48291052723647 -0.9150976932028 -0.926491351533818 -0.971941301133977 -0.906992887055415 -0.800728848295635 -0.79997552879674 -0.827513699770847 -0.89596373767969 -0.931141711803735 -0.93912955987703 -0.952321253116045 -0.980046191422174 -1.02144059741365 -0.956273194341828 -0.968299004462452 -1.05059999021345 -1.11552632482856 -1.20929254183077
-3.4e+38 -3.4e+38 -3.4e+38 -3.4e+38 -3.4e+38 -3.4e+38 -3.4e+38 -3.4e+38 -3.4e+38 2.90279823414374 3.09175536995456 3.35714384934639 3.7065392384816 3.54836357147522 3.51496180924074 3.11429557644188 2.32275452701841 0.459652026242278 -0.772754123171272 -2.70803452998842 -1.71331637480577 -0.889272169751493 0.483848514895439 0.255614925670648 -1.05824386703383 -2.93026263454639 -2.51368546381792 -1.75440889104275 -1.56888136955355 -1.30841503417366 -1.54704259481887 -1.61709652354959 -1.55025881154056 -1.58723007195547 -1.30864191688778 -0.752081199540065 -0.758911940926194 -0.735527833282433 -0.675891484483015 -0.664932811522039 -0.791329464334444 -0.873581955486022 -0.924813055975674 -0.888017311724403 -0.857643706515155 -0.864005099782245 -0.815928370841092 -0.88113914398685 -0.904561909167816 -0.990583893789356 -1.04476694479738 -1.13067905592708
