data/pcas/pca_referenceLayers/PC02.asc
NCOLS 494 
NROWS 529 
XLLCORNER -117.166666666667 
YLLCORNER -55.5 
CELLSIZE 0.166666666666667 
NODATA_value -3.4e+38 
[rows 483 to 505 of 529, columns 260 to 311 of 494]
-6.95469096551991 -6.38906434203107 -6.11869678011052 -5.88306998294148 -5.65258112536953 -5.19402550808288 -5.30517288811303 -4.623478177349 -4.57255444601272 -4.25352042877231 -3.49658913797009 -2.88273998124405 -3.48966634356034 -3.04311297913841 -2.66763595504096 -2.30954865149275 -2.1585162574104 -1.89598021056239 -1.84538932354008 -1.64071822920337 -1.51047393799908 -1.57960053518749 -1.62391827403696 -1.66886538133855 -2.06178322795697 -2.10389450795119 -2.02255274714462 -1.94725048986012 -2.11033478029318 -1.84090424980899 -1.57063054667324 -1.43483444779122 -1.42081647462872 -1.37864620923661 -1.34476045553247 -1.41364687283718 -1.47155298974326 -1.66109402122812 -1.70886570566597 -1.74093167452227 -1.80720867798763 -1.84064566473162 -1.89773873618058 -1.94593704046233 -1.94691180090342 -1.95277043629915 -2.02518263141209 -2.07403215691349 -2.19083810132511 -3.4e+38 -3.4e+38 -3.4e+38
-7.05315752444604 -6.48450137163745 -6.31366826062129 -5.73584571239154 -5.22283617850529 -4.92081975435793 -4.85471188669399 -4.6614159429913 -4.27288453872722 -4.2509937934513 -4.06711517050975 -3.15865801853203 -2.7293377712842 -2.38956325897417 -2.13621290440024 -2.19971234775915 -1.95951003545965 -1.84344984399947 -1.90368006526384 -1.59823974355913 -1.49435432078474 -1.67418177848967 -1.71480720565605 -1.94099309785449 -2.05125057708482 -2.24784488477326 -2.15524461630205 -1.99741396672194 -1.91538146775091 -1.74091441092198 -1.65680349927351 -1.56436249082993 -1.48268331282747 -1.45270829214884 -1.4676366119711 -1.49617723768678 -1.58217888958813 -1.71380833329425 -1.69378564722105 -1.75928125388022 -1.85793125602086 -1.88352087104005 -1.91714073285638 -1.93044446037957 -1.94627497569804 -1.96576156076827 -2.00578311742666 -2.06446545580363 -3.4e+38 -3.4e+38 -3.4e+38 -3.4e+38
-7.28849346551377 -6.58175789122032 -5.97805488433962 -5.46111288971435 -5.23499590306224 -5.39131779084473 -4.89734968855911 -4.43160297673575 -4.20368951634214 -3.40797550641133 -4.238497112291 -3.12919798235213 -2.55084139173096 -2.37080473752386 -2.26942569842187 -2.04114610044771 -2.02594142870619 -1.98186834935426 -2.05210715532785 -1.94164789987232 -1.90401897136796 -1.84861118108119 -1.68727609822852 -1.98783094028075 -2.12121307950334 -2.19325583119543 -2.14959393705338 -2.03079572739602 -1.96529908746069 -1.82126358353086 -1.70748241294745 -1.60432362155169 -1.56456245110747 -1.60844402943407 -1.6065421956795 -1.61612052134948 -1.73397555752559 -1.76490659282892 -1.75558188052198 -1.72463712934893 -1.8233992914108 -1.87300698939376 -1.88303009896821 -1.88387340343095 -1.94653303567709 -1.99664432880123 -2.07192814545403 -3.4e+38 -3.4e+38 -3.4e+38 -3.4e+38 -3.4e+38
-7.37612304347584 -7.18820886261706 -6.9514782079999 -6.33421914548861 -5.77617297573095 -4.83991660405486 -4.9731470482805 -3.82840462404473 -4.69964744557355 -4.0887168997198 -3.22606755612694 -3.04782756735328 -3.01929867594453 -3.21146188222872 -2.83302709167783 -2.47072178591998 -2.27724685452982 -2.15185235408157 -1.98787873705502 -1.80837118236876 -1.87833745738121 -2.33961415819956 -2.29645238032339 -1.73297688081771 -2.09630118402044 -2.18946673212597 -2.06017484123939 -1.93665937004319 -1.82548286253864 -1.74065554084681 -1.62503498903237 -1.57877904459957 -1.6087722600887 -1.67047167902162 -1.72932065104686 -1.75134620464374 -1.78344776596185 -1.80088195608007 -1.7903129970462 -1.78637324786698 -1.82815036552502 -1.85643197764498 -1.89064175877142 -1.91142020361341 -2.01637903153041 -3.4e+38 -3.4e+38 -3.4e+38 -3.4e+38 -3.4e+38 -3.4e+38 -3.4e+38
-7.56862189978307 -7.77739994915146 -7.60286183100988 -7.22524856316412 -6.15230328203233 -5.46926896595978 -4.49201991913288 -4.20993411467042 -4.8593830437556 -4.72162628810419 -3.836690349383 -4.14749963907727 -4.29712589148908 -3.59313364325901 -2.93134569073446 -2.55397371149875 -2.33819477864312 -2.14118009391081 -2.03952296154721 -1.79493387992614 -2.03148065065917 -1.91342801054471 -1.85876646136983 -1.76731454391618 -2.06745299821282 -2.13413322669556 -2.04913008908432 -1.8632546718857 -1.71877193972543 -1.67682843905349 -1.67068081194934 -1.64285448722393 -1.67190660881953 -1.73999160246715 -1.77240223620433 -1.77443476343462 -1.77622419455856 -1.77744061689283 -1.80376950702258 -1.80650321666269 -1.81869649222516 -1.87287018010353 -1.90124209197739 -3.4e+38 -3.4e+38 -3.4e+38 -3.4e+38 -3.4e+38 -3.4e+38 -3.4e+38 -3.4e+38 -3.4e+38
-7.68195377004432 -7.72775079608626 -7.58084457145782 -6.93582912009254 -5.76405261694154 -4.58979219688203 -4.42805846490686 -4.26710964195347 -4.34175290990883 -4.59072654975317 -4.58792490983513 -3.82892543640656 -3.19648787270315 -2.93921371185513 -2.52774122550871 -2.36618946745208 -2.3873815238591 -2.24160910908024 -1.9114361728367 -1.76808437002538 -1.78473228722144 -1.73858142583314 -1.77478544817743 -1.76203948342798 -1.67989303787843 -1.94648620376926 -1.89861259971737 -1.77583482816665 -1.74028656363348 -1.76337017971249 -1.80085797895521 -1.78139245809843 -1.7655367924533 -1.79668007914445 -1.81612152148183 -1.81335162293179 -1.84287947241302 -1.84151368416931 -1.82660959247355 -1.83238708383575 -1.8230331844933 -3.4e+38 -3.4e+38 -3.4e+38 -3.4e+38 -3.4e+38 -3.4e+38 -3.4e+38 -3.4e+38 -3.4e+38 -3.4e+38 -3.4e+38
-7.58900909568954 -7.58632281685372 -7.13531094672852 -6.54345125431833 -5.28674684923138 -4.96921984857198 -4.44931892581486 -3.66745166719848 -3.23536525809815 -3.45287264466515 -4.28491469720772 -3.52436380843771 -3.08217358951318 -2.46831478807755 -2.23902886706798 -2.20752370824637 -2.04459052374091 -1.97094691539485 -2.00955512019467 -2.02624104748196 -2.08203649048235 -1.64291674751693 -1.92668671293104 -1.89059859086854 -2.1355585234273 -1.96407591930469 -1.87084732279215 -1.92165048141567 -1.88165954029356 -1.90376262015481 -1.87912684291925 -1.86120437418155 -1.8976265803796 -1.85318422587535 -1.91457661533206 -1.91856828719137 -1.90733335303334 -1.87175144762597 -1.85773103647949 -1.7782456845543 -3.4e+38 -3.4e+38 -3.4e+38 -3.4e+38 -3.4e+38 -3.4e+38 -3.4e+38 -3.4e+38 -3.4e+38 -3.4e+38 -3.4e+38 -3.4e+38
-7.24982866439936 -7.6733059918983 -7.75639958967241 -7.05495049141589 -6.23190662389623 -5.3433295112409 -5.17340798885098 -4.32137743617061 -3.13401362831513 -2.79019711159822 -3.12887046778721 -3.08867986727538 -3.29154518605633 -2.95557981648548 -2.47497798229006 -2.1884444273579 -2.00818868716929 -2.19554898594742 -2.09248528542355 -1.88571073720115 -1.73869722276162 -1.64489490921249 -1.85692224957066 -1.86528434142283 -2.12737569278704 -2.14396693789104 -2.03867829885581 -1.97789933035642 -1.9744472893333 -1.95297519405867 -1.98005809245335 -1.98980829177423 -1.93901558465018 -1.97477703199207 -1.96583012809253 -1.90701337423026 -1.87675589950011 -1.85987263750339 -3.4e+38 -3.4e+38 -3.4e+38 -3.4e+38 -3.4e+38 -3.4e+38 -3.4e+38 -3.4e+38 -3.4e+38 -3.4e+38 -3.4e+38 -3.4e+38 -3.4e+38 -3.4e+38
-7.53950757285999 -7.56346255002511 -8.11715927098819 -6.94786427498285 -6.52707422967561 -4.71266332446783 -5.03448811964534 -4.86726279067671 -3.9929779697315 -3.74992311810392 -2.96453651406455 -2.298569180377 -2.69052256155889 -2.69348684100154 -2.55095112438951 -2.18774813792658 -1.98259416131209 -1.93206118731223 -1.86078380066891 -1.83517841709348 -1.78994840907903 -1.71777747863952 -1.74536396708736 -1.87609650500848 -2.0223876653723 -2.06237887309061 -2.06294702521967 -2.10452351083266 -2.13640792484544 -2.12675516342929 -2.12751519075549 -2.10813191866653 -2.08043575969542 -2.05934498170421 -2.11129877132313 -2.01665947866592 -1.97735339120927 -1.94341356119001 -3.4e+38 -3.4e+38 -3.4e+38 -3.4e+38 -3.4e+38 -3.4e+38 -3.4e+38 -3.4e+38 -3.4e+38 -3.4e+38 -3.4e+38 -3.4e+38 -3.4e+38 -3.4e+38
-7.4411376695414 -7.75553165927236 -7.67478814810745 -6.53114425620404 -5.9089692797939 -4.25903719540499 -3.57127121108316 -3.88482601115607 -4.65779871149049 -3.9695777005728 -3.17291293002554 -2.92119068673867 -2.42571161502483 -2.4479627705551 -2.50975657054982 -2.21737191211749 -2.02540734987294 -1.97800272673804 -1.91570979880449 -2.05111198771382 -2.00249482352033 -1.79661845210243 -1.89808757557597 -1.86529314206263 -1.82615856532652 -1.85248185893428 -1.94177796817359 -1.94604515306569 -2.03793872432977 -2.07089613213799 -2.11652356977655 -2.06484700369933 -2.00760755350689 -2.01041018435799 -1.89278569178984 -1.9606957054529 -2.01333491201684 -2.04908321320909 -3.4e+38 -3.4e+38 -3.4e+38 -3.4e+38 -3.4e+38 -3.4e+38 -3.4e+38 -3.4e+38 -3.4e+38 -3.4e+38 -3.4e+38 -3.4e+38 -3.4e+38 -3.4e+38
-7.31454068883532 -7.76602162847341 -7.31777104927037 -6.69673052074632 -5.66945767975928 -4.26699182532667 -3.5655130643311 -3.21775366771956 -3.02751769328233 -2.85068687098843 -2.87114214501095 -2.77120047115167 -2.52276397862019 -2.24462781470219 -2.19284673966206 -2.08783214672701 -2.0988807310681 -1.924700694698 -1.87083332356844 -1.99956763531536 -1.80927516529862 -1.77130797290675 -1.79800149096334 -1.88761443215186 -1.87584679462021 -1.86412410410796 -1.86324053632573 -2.05662292528728 -1.89753113338422 -2.00428541164084 -2.0210523191623 -1.98255234976013 -1.86987811790187 -1.87791650269432 -2.11313510725098 -2.07407659984803 -2.10360616228663 -3.4e+38 -3.4e+38 -3.4e+38 -3.4e+38 -3.4e+38 -3.4e+38 -3.4e+38 -3.4e+38 -3.4e+38 -3.4e+38 -3.4e+38 -3.4e+38 -3.4e+38 -3.4e+38 -3.4e+38
-7.35670663434309 -7.64222336478415 -7.35268852613961 -6.30128442986918 -5.96107056498107 -5.31298894412546 -4.05909647308591 -3.35972427887289 -3.14185959766819 -2.88727103751921 -2.63801787378743 -2.28170474611508 -2.35140990246409 -2.397919587195 -2.45442747238872 -2.32192127508423 -2.36007497867237 -2.44287182467547 -2.72588986701578 -2.68791206092651 -2.68038388556592 -2.66406593330262 -2.569901019101 -2.42328101684541 -2.18773461182427 -2.04659865207526 -1.97274159727584 -1.93146650012676 -1.98369593279457 -1.97061369721509 -1.94810771264493 -1.93191977581094 -2.08313091775221 -2.0986701468725 -2.10349020683899 -2.16050704465008 -2.1782913628801 -3.4e+38 -3.4e+38 -3.4e+38 -3.4e+38 -3.4e+38 -3.4e+38 -3.4e+38 -3.4e+38 -3.4e+38 -3.4e+38 -3.4e+38 -3.4e+38 -3.4e+38 -3.4e+38 -3.4e+38
-8.03967945961708 -8.25314706552563 -7.30335383269428 -5.4078377301045 -5.30653898158394 -5.61131602073842 -4.36605664455109 -3.91647345502557 -3.50908384272833 -2.92210233948536 -2.39738142778384 -2.68309392171811 -2.83640749834735 -3.03790881178233 -3.04294244596018 -3.23300766539929 -3.23609179666396 -3.06165178009274 -2.97008852520236 -2.80086625896752 -2.66616767916833 -2.62490077965935 -2.59353544513849 -2.56700396824857 -2.48451964739502 -2.40002868540068 -2.19530920833567 -1.81772674113185 -1.90471907814695 -2.05811509340995 -2.08762668057884 -2.09023685902573 -2.04634326622646 -2.06962639792776 -2.19939050278158 -2.1734430599929 -2.24966180139004 -3.4e+38 -3.4e+38 -3.4e+38 -3.4e+38 -3.4e+38 -3.4e+38 -3.4e+38 -3.4e+38 -3.4e+38 -3.4e+38 -3.4e+38 -3.4e+38 -3.4e+38 -3.4e+38 -3.4e+38
-8.11694693372293 -8.19993422944569 -7.12525795947703 -5.089681875446 -4.82532564364924 -5.38754996833304 -4.30438494921779 -4.07542879333412 -3.50951024494295 -3.01709639009287 -2.59761519209022 -2.71477598484998 -2.86047235299749 -2.98744940128494 -2.9285521881212 -3.01500539495252 -2.97116141814695 -2.7440210540142 -2.59039016247601 -2.50903205210017 -2.41378443172794 -2.34363661225202 -2.3609639501673 -2.3844088793761 -2.01669070535672 -2.03645570370723 -2.00795738843814 -1.88811319170395 -2.02609965440384 -2.09743579359088 -2.12575695494754 -2.11491188596737 -2.25696487481363 -2.066470168871 -2.25580442850719 -2.18329760657136 -3.4e+38 -3.4e+38 -3.4e+38 -3.4e+38 -3.4e+38 -3.4e+38 -3.4e+38 -3.4e+38 -3.4e+38 -3.4e+38 -3.4e+38 -3.4e+38 -3.4e+38 -3.4e+38 -3.4e+38 -3.4e+38
-7.83207111363022 -7.97331500895371 -7.51548425551414 -5.55320568318132 -5.03616115407156 -4.18799809190922 -3.38087714516281 -3.14088910208315 -2.91126945433771 -2.79026665430546 -2.67162301819981 -2.33247721064097 -2.12779529620144 -2.1451236133826 -2.47826749117424 -2.56280077339362 -2.50261759873422 -2.4030300753444 -2.41723706754875 -2.37543280428689 -2.34187204847964 -2.26092380007571 -2.37722377800851 -2.35497773510587 -2.42383495624104 -2.55988092872292 -2.64501244095162 -2.63455752183256 -2.66088215258062 -2.63261990379444 -2.56763835876624 -1.97413455581328 -1.92595412746637 -3.4e+38 -3.4e+38 -3.4e+38 -3.4e+38 -3.4e+38 -3.4e+38 -3.4e+38 -3.4e+38 -3.4e+38 -3.4e+38 -3.4e+38 -3.4e+38 -3.4e+38 -3.4e+38 -3.4e+38 -3.4e+38 -3.4e+38 -3.4e+38 -3.4e+38
-7.39075589665248 -6.70026998930809 -7.31985887788889 -6.29376451217886 -4.96301005154791 -5.02586324066018 -3.7128930213277 -3.31999920816907 -3.4620720125911 -3.69235740463326 -3.57349244007573 -3.16957083676635 -3.29952636801174 -3.28906486191127 -3.23383549083123 -2.97129308851912 -2.94054429911715 -2.85501848194926 -2.77407186354047 -2.72426497006773 -2.70638193912099 -2.67336968423836 -2.69318334831938 -2.76137494407527 -2.74053972597254 -2.7432793225756 -2.7524275686789 -2.75974789747299 -2.1481072810294 -1.93833026993256 -3.4e+38 -3.4e+38 -3.4e+38 -3.4e+38 -3.4e+38 -3.4e+38 -3.4e+38 -3.4e+38 -3.4e+38 -3.4e+38 -3.4e+38 -3.4e+38 -3.4e+38 -3.4e+38 -3.4e+38 -3.4e+38 -3.4e+38 -3.4e+38 -3.4e+38 -3.4e+38 -3.4e+38 -3.4e+38
-6.87589310323349 -6.87392607992429 -7.60987974214707 -7.56395455921765 -6.01170376148701 -4.31492987067102 -4.50865143198497 -4.88426333509991 -4.81677168480258 -4.58216394297762 -4.550799756008 -4.19809303046283 -3.705020914558 -3.27931508521462 -3.00613243695862 -2.89997640021975 -2.89811733457762 -2.82184588262674 -2.7695240185472 -2.75164534732722 -2.7289150961132 -2.715404664873 -2.82085308538949 -2.80054566501459 -2.78822362384313 -2.77385357591229 -2.77208604459377 -2.17349101601544 -2.01341813315664 -3.4e+38 -3.4e+38 -3.4e+38 -3.4e+38 -3.4e+38 -3.4e+38 -3.4e+38 -3.4e+38 -3.4e+38 -3.4e+38 -3.4e+38 -3.4e+38 -3.4e+38 -3.4e+38 -3.4e+38 -3.4e+38 -3.4e+38 -3.4e+38 -3.4e+38 -3.4e+38 -3.4e+38 -3.4e+38 -3.4e+38
-6.93307289374061 -7.26426692343202 -7.68924356144328 -7.3656978724655 -5.47763165737063 -5.07738432012526 -4.59756398376262 -4.57592599775428 -4.37523240409206 -4.77690434611612 -4.22946832961595 -4.02944363535033 -3.66047004997134 -3.13438815928517 -2.93318993172808 -2.81801250643633 -2.7844248666254 -2.82417352654671 -2.80040323422686 -2.77610706375299 -2.77727597023488 -2.84270890030241 -2.82445627203374 -2.81001716691461 -2.82688211710911 -2.80636036794599 -2.80359213328272 -2.10203619414893 -2.0376528291033 -3.4e+38 -3.4e+38 -3.4e+38 -3.4e+38 -3.4e+38 -3.4e+38 -3.4e+38 -3.4e+38 -3.4e+38 -3.4e+38 -3.4e+38 -3.4e+38 -3.4e+38 -3.4e+38 -3.4e+38 -3.4e+38 -3.4e+38 -3.4e+38 -3.4e+38 -3.4e+38 -3.4e+38 -3.4e+38 -3.4e+38
-6.77826665913365 -7.42647784190477 -7.46063264837604 -6.09757256082754 -5.67103783480444 -4.78142746832388 -3.70343807502219 -3.87204540317535 -3.55517019819808 -3.06089602718568 -3.1305452490973 -3.19080658592539 -3.17618289648617 -3.06138365197453 -2.97308030683392 -2.93230990002939 -2.74474236153037 -2.7627941670219 -2.71604178793683 -2.72592945039649 -2.72761756279723 -2.88839150869253 -2.79610427879124 -2.73688161869405 -2.26982160149087 -2.26425012710091 -2.16029837653907 -2.12830764900899 -2.11707084718693 -3.4e+38 -3.4e+38 -3.4e+38 -3.4e+38 -3.4e+38 -3.4e+38 -3.4e+38 -3.4e+38 -3.4e+38 -3.4e+38 -3.4e+38 -3.4e+38 -3.4e+38 -3.4e+38 -3.4e+38 -3.4e+38 -3.4e+38 -3.4e+38 -3.4e+38 -3.4e+38 -3.4e+38 -3.4e+38 -3.4e+38
-6.65327972074563 -7.16896941155004 -6.84703587242736 -5.41997554043485 -4.64185081880403 -4.11087896414732 -4.05326168419127 -3.28021296602934 -3.30581294862673 -3.03087367412482 -3.03473146360431 -2.94963945942541 -3.08122053488662 -3.04725304045597 -3.09385730227544 -2.94051432541214 -2.89125462820701 -2.82658583101941 -2.74994764390218 -2.66515860832632 -2.75708662670711 -2.77966940033366 -2.40889685712542 -2.61978292244699 -2.22726219610874 -2.19599883638439 -2.14408528710008 -2.25272166436254 -2.31515062778989 -3.4e+38 -3.4e+38 -3.4e+38 -3.4e+38 -3.4e+38 -3.4e+38 -3.4e+38 -3.4e+38 -3.4e+38 -3.4e+38 -3.4e+38 -3.4e+38 -3.4e+38 -3.4e+38 -3.4e+38 -3.4e+38 -3.4e+38 -3.4e+38 -3.4e+38 -3.4e+38 -3.4e+38 -3.4e+38 -3.4e+38
-6.59614537971085 -6.59850129390076 -6.79222757002315 -5.24930095508503 -4.53937938066913 -4.21984472723358 -3.57743578651736 -3.16932167341051 -3.35675418525733 -3.41055105758847 -3.40925771776231 -3.71164474534364 -3.59539941306141 -3.47617076927965 -3.34059019678306 -3.10353010204261 -3.02169832245668 -2.91960146145294 -2.87943194579157 -2.67227090199639 -2.77367835323197 -2.90918308863556 -2.44735595405967 -2.36211747958302 -2.23676096643655 -2.21138298166458 -2.27091321095352 -2.34879112087184 -2.39210178992917 -3.4e+38 -3.4e+38 -3.4e+38 -3.4e+38 -3.4e+38 -3.4e+38 -3.4e+38 -3.4e+38 -3.4e+38 -3.4e+38 -3.4e+38 -3.4e+38 -3.4e+38 -3.4e+38 -3.4e+38 -3.4e+38 -3.4e+38 -3.4e+38 -3.4e+38 -3.4e+38 -3.4e+38 -3.4e+38 -3.4e+38
-6.63612603062573 -6.33261044601907 -6.82854783581766 -5.54479989494458 -5.19811750669975 -5.35113461029866 -4.1764605074757 -4.06024576938017 -3.65328476996369 -3.65940837693477 -4.05086743099511 -4.35538433097206 -3.92459892094486 -3.70179989457728 -3.47575196632003 -3.20505704425124 -3.10842018610646 -3.01605250363251 -2.95040519257216 -2.93293190885371 -2.84648647055193 -2.82280088874312 -2.41608491557409 -2.39173123922019 -2.3744658390011 -2.39687416925861 -2.39816113564526 -2.43034325231724 -2.45255121542613 -2.49194224641546 -3.4e+38 -3.4e+38 -3.4e+38 -3.4e+38 -3.4e+38 -3.4e+38 -3.4e+38 -3.4e+38 -3.4e+38 -3.4e+38 -3.4e+38 -3.4e+38 -3.4e+38 -3.4e+38 -3.4e+38 -3.4e+38 -3.4e+38 -3.4e+38 -3.4e+38 -3.4e+38 -3.4e+38 -3.4e+38
-6.77845339527831 -6.29661951046985 -6.37284141995429 -5.62610092247762 -5.25952894465342 -5.27066647418415 -3.88898750204912 -3.23487879927665 -3.82456563016921 -3.55974724175358 -3.80137883881439 -3.80178566134517 -3.68689465676889 -3.54489293696965 -3.39681820510076 -3.4538436165592 -3.33432452137845 -3.22989160570047 -3.12371848188393 -3.11437045734065 -2.9758976058082 -2.56362123699701 -2.50952837131774 -2.4463851318717 -2.43075634750235 -2.44219540372497 -2.4079761327636 -2.46714817989401 -2.52065501753849 -2.58357296818233 -3.4e+38 -3.4e+38 -3.4e+38 -3.4e+38 -3.4e+38 -3.4e+38 -3.4e+38 -3.4e+38 -3.4e+38 -3.4e+38 -3.4e+38 -3.4e+38 -3.4e+38 -3.4e+38 -3.4e+38 -3.4e+38 -3.4e+38 -3.4e+38 -3.4e+38 -3.4e+38 -3.4e+38 -3.4e+38
