data/pcas/pca_referenceLayers/PC02.asc
NCOLS 494 
NROWS 529 
XLLCORNER -117.166666666667 
YLLCORNER -55.5 
CELLSIZE 0.166666666666667 
NODATA_value -3.4e+38 
[rows 184 to 206 of 529, columns 208 to 259 of 494]
-3.4e+38 -3.4e+38 -3.4e+38 -3.4e+38 -3.4e+38 -3.4e+38 -3.4e+38 -3.4e+38 -3.4e+38 -3.4e+38 -3.4e+38 -3.4e+38 -3.4e+38 -3.4e+38 -3.4e+38 -3.4e+38 -3.4e+38 -3.4e+38 -3.4e+38 -3.4e+38 -3.4e+38 -3.4e+38 -2.91905599355104 -3.78121568570776 -4.54602087329513 -5.68934838158012 -6.5083686330294 -6.2309537941491 -4.37288367981771 -1.93586685106295 -1.94437379739629 -0.207949443268185 0.26804702117177 -1.56255485438569 -4.45974973590657 -5.79686462285502 -4.24621908453216 -3.18072410553316 -2.18521198007093 -2.39780650243893 -2.25436982014274 -3.01924989605699 -2.60612480108405 -2.24137290873288 -1.56340215054355 -1.37734534719907 -1.15056641364888 -1.04516136227632 -0.819055488461433 -0.701731260010094 -0.553212996572269 -0.349733852237941
-3.4e+38 -3.4e+38 -3.4e+38 -3.4e+38 -3.4e+38 -3.4e+38 -3.4e+38 -3.4e+38 -3.4e+38 -3.4e+38 -3.4e+38 -3.4e+38 -3.4e+38 -3.4e+38 -3.4e+38 -3.4e+38 -3.4e+38 -3.4e+38 -3.4e+38 -3.4e+38 -3.4e+38 -1.81363819104626 -1.89669074989053 -2.92695071437646 -4.36592752178931 -6.01329404042552 -6.64426360358108 -5.54925154982537 -4.29599341599154 -2.01124031813076 -1.73924764523981 -0.0282039790863692 -1.02877480335712 -3.41637367631753 -5.39102155012807 -4.87066686466441 -4.97454875410749 -3.99075129909071 -2.89377573567314 -2.74080845680052 -3.10831888976201 -2.17955948541942 -2.22716449598484 -1.94678645089555 -1.3998359612082 -1.40005897045324 -1.27902176714402 -1.12126237895328 -0.887229356639481 -0.706868136637312 -0.635000696747663 -0.437479690596332
-3.4e+38 -3.4e+38 -3.4e+38 -3.4e+38 -3.4e+38 -3.4e+38 -3.4e+38 -3.4e+38 -3.4e+38 -3.4e+38 -3.4e+38 -3.4e+38 -3.4e+38 -3.4e+38 -3.4e+38 -3.4e+38 -3.4e+38 -3.4e+38 -3.4e+38 -3.4e+38 -1.41581525937528 -1.70188817435598 -2.05329009541903 -2.94410502095075 -4.40669841373831 -5.65402719994079 -6.22713051351076 -5.38436556575733 -3.79970545590706 -3.00524310327572 -0.63259532871815 -1.29406231304848 -2.73426635194189 -5.49727637184647 -5.76023626475544 -4.07932824064618 -4.38604100533741 -4.51968635557009 -4.13249300965667 -2.81122437243544 -2.51164417245041 -2.16421018608229 -2.16880822437986 -1.70250822399313 -1.36203811386293 -1.28012956732955 -1.26770759266584 -1.08847060199628 -0.913692299481999 -0.731287985368749 -0.659759266729522 -0.492200151440041
-3.4e+38 -3.4e+38 -3.4e+38 -3.4e+38 -3.4e+38 -3.4e+38 -3.4e+38 -3.4e+38 -3.4e+38 -3.4e+38 -3.4e+38 -3.4e+38 -3.4e+38 -3.4e+38 -3.4e+38 -3.4e+38 -3.4e+38 -3.4e+38 -3.4e+38 -3.4e+38 -3.4e+38 -1.5232808798246 -1.9155811530046 -2.87895947420323 -4.25320216374196 -5.30653311795449 -5.49340918333574 -4.41910493072827 -3.20524315321127 -2.38511422827596 -2.06767236468699 -1.71564294058673 -2.78605921760434 -6.09343877581153 -4.86382979391075 -3.95593302525511 -4.03544477121416 -4.3223085920432 -4.07667279828894 -3.04742598957934 -2.47010902206459 -2.13358012752612 -1.86159233753321 -1.61183349135753 -1.43768123599482 -1.27895029182542 -1.30441684912991 -1.10695808922729 -0.93497221541891 -0.884109820642932 -0.648152836799544 -0.487859948820318
-3.4e+38 -3.4e+38 -3.4e+38 -3.4e+38 -3.4e+38 -3.4e+38 -3.4e+38 -3.4e+38 -3.4e+38 -3.4e+38 -3.4e+38 -3.4e+38 -3.4e+38 -3.4e+38 -3.4e+38 -3.4e+38 -3.4e+38 -3.4e+38 -3.4e+38 -3.4e+38 -1.02286958040371 -1.32296754661343 -1.8279020260977 -2.74431682779481 -3.95038514745914 -5.27472214862453 -3.92160637384153 -2.98654780256228 -3.12020852956437 -2.69577563503336 -3.42960015749759 -4.04947544402928 -5.6660819458831 -5.67599189997735 -4.98456063188662 -4.82168889183082 -4.73849768869484 -4.5814008726616 -3.98159462195284 -3.22450062042598 -2.63466759793895 -2.19588033742703 -1.95984468973034 -1.65394204700578 -1.44569583168325 -1.32244899020816 -1.14625580751234 -1.10256954634294 -0.994543547901326 -0.906144313925514 -0.697080663296543 -0.571301662457941
-3.4e+38 -3.4e+38 -3.4e+38 -3.4e+38 -3.4e+38 -3.4e+38 -3.4e+38 -3.4e+38 -3.4e+38 -3.4e+38 -3.4e+38 -3.4e+38 -3.4e+38 -3.4e+38 -3.4e+38 -3.4e+38 -3.4e+38 0.147808765326309 -0.17711630776582 -0.682217487051065 -1.22039456446267 -1.48252768092002 -1.78024966970258 -2.70328237033085 -3.80971638035436 -4.21270358470016 -2.61922673276893 -2.8211132924618 -3.90557515804319 -3.46427987049986 -3.30944235356872 -5.24311147784236 -5.45152395931386 -5.10690580637915 -5.71001372606768 -5.70400469297836 -5.04825901232858 -4.14374540487967 -3.73602237132458 -3.37624437040474 -2.81554109890861 -2.36201708445414 -1.89201842372588 -1.6065423239443 -1.40914212370864 -1.28168073536459 -1.11821579563379 -1.11081072378638 -0.981667593691168 -0.876256237097127 -0.780552677135766 -0.696774741893839
-3.4e+38 -3.4e+38 -3.4e+38 -3.4e+38 -3.4e+38 -3.4e+38 -3.4e+38 -3.4e+38 -3.4e+38 -3.4e+38 -3.4e+38 -3.4e+38 -3.4e+38 -3.4e+38 -3.4e+38 0.627412801102724 0.694664268639086 0.307069430325798 -0.263442659392177 -0.913282893222707 -1.55668436092249 -1.83902287346647 -1.90434167606102 -2.91584333725912 -2.87803751649451 -2.28117090831714 -2.26691824538689 -4.39582565851115 -3.80343888415771 -3.74179495424761 -4.80559828491216 -5.32929587634967 -5.34112364793847 -5.1535974256456 -5.37226674541636 -5.12022857698361 -4.54243033152196 -4.13194800672598 -3.81929483102534 -3.3393797050216 -2.86701530976746 -2.34481824767475 -1.87815560303575 -1.51035500974257 -1.37849276925614 -1.29219445649075 -1.1526817189901 -1.11680017877842 -1.04308821949105 -0.917826203905119 -0.851811550836156 -0.805327738873593
-3.4e+38 -3.4e+38 -3.4e+38 -3.4e+38 -3.4e+38 -3.4e+38 -3.4e+38 -3.4e+38 -3.4e+38 -3.4e+38 -3.4e+38 -3.4e+38 -3.4e+38 -3.4e+38 0.175516306089727 0.301232574147933 0.332757899786643 0.0481014916292212 -0.462824370568726 -1.00495595582995 -1.41866235757444 -1.57009974889405 -2.01604992628668 -2.35876964045732 -1.99177016788734 -1.68663542425796 -2.91383291961608 -4.77025030019396 -3.96014387793523 -4.23317197627441 -4.73952961487389 -4.37174310861434 -4.60607158829567 -4.85702590836938 -4.43470670743706 -4.4105124948764 -4.46529023274275 -4.16322896528808 -3.76621755320596 -3.34805916596632 -2.91734320294203 -2.36850280920223 -1.86998940310202 -1.44130361491131 -1.3378427372942 -1.29131423107201 -1.19587073071454 -1.16740574984067 -1.11116422871346 -1.03543607013452 -0.95593507180081 -0.935084554946927
-3.4e+38 -3.4e+38 -3.4e+38 -3.4e+38 -3.4e+38 -3.4e+38 -3.4e+38 -3.4e+38 -3.4e+38 -3.4e+38 -3.4e+38 -3.4e+38 -3.4e+38 -3.4e+38 -0.0543434965349451 -0.0641306779033353 -0.0367890569779891 -0.296879147497441 -0.687299624031251 -1.06439733351803 -1.22958373880049 -1.64837117986199 -1.93922575854498 -2.08416041310114 -2.90493916266501 -2.36901150783861 -1.78785109353129 -3.38556250083193 -4.05176835951826 -4.74384317049256 -4.75750686138434 -4.17879006041536 -4.35707627881096 -4.37153450573384 -4.05922276547886 -4.047907867839 -4.23331559516556 -4.23273721834499 -3.71030963439858 -3.32457337549298 -2.90459332757457 -2.41511276615321 -1.98190327945441 -1.55546585345386 -1.40066794615264 -1.34466434982855 -1.2565252320563 -1.26473774691176 -1.20176256900119 -1.11403021397142 -1.1071729072032 -1.04342989253439
-3.4e+38 -3.4e+38 -3.4e+38 -3.4e+38 -3.4e+38 -3.4e+38 -3.4e+38 -3.4e+38 -3.4e+38 -3.4e+38 -3.4e+38 -3.4e+38 -3.4e+38 -3.4e+38 0.167776585168586 0.042677882707174 -0.217824395587699 -0.448351053314047 -0.789073541395544 -0.992558761566114 -1.0671822157236 -2.10810589419287 -2.60311180941091 -2.38486063057729 -3.09371194184393 -2.4046227388349 -1.14142919144736 -2.22712154537289 -4.38472712557477 -3.72292979583542 -3.80210313099629 -3.85764636811783 -3.78155050101164 -3.85491914136498 -3.9560184579137 -4.06106859985453 -4.17939261857581 -4.17269123043255 -3.68209249057833 -3.33773395784574 -2.89315095340303 -2.44457452221495 -2.0425522673924 -1.69541096659716 -1.51341233526828 -1.4392845800204 -1.36201748236898 -1.41272309515918 -1.33605468660133 -1.28802158625832 -1.23432659474246 -1.17823497982213
-3.4e+38 -3.4e+38 -3.4e+38 -3.4e+38 -3.4e+38 -3.4e+38 -3.4e+38 -3.4e+38 -3.4e+38 -3.4e+38 -3.4e+38 -3.4e+38 -3.4e+38 -3.4e+38 0.731293919365695 0.435914071454647 -0.0690636112804693 -0.252145420977274 -0.698663320075045 -0.971933616964641 -0.967488707508596 -1.34467669153625 -1.84230288599228 -1.80797665806968 -2.73467227393335 -2.29137046136242 -3.31912795698057 -4.23878642556087 -3.66949903758331 -3.38045296052131 -3.72776874971882 -3.76024942009787 -3.79654670464871 -3.83989495681975 -3.98812890876529 -4.13766043373982 -4.24305709227616 -3.88974309423645 -3.61690167955795 -3.28086244197217 -2.91879324875766 -2.51853016673794 -2.14370232273915 -1.89017246466334 -1.66850174026809 -1.5475219041795 -1.54651931060662 -1.52354092834108 -1.46002213180437 -1.3819626908387 -1.33004833854006 -1.29157047552785
-3.4e+38 -3.4e+38 -3.4e+38 -3.4e+38 -3.4e+38 -3.4e+38 -3.4e+38 -3.4e+38 -3.4e+38 -3.4e+38 -3.4e+38 -3.4e+38 -3.4e+38 -3.4e+38 1.12509415972831 0.686197742375653 0.209864135570336 0.0212603954571582 -0.712099633164246 -1.13302827224717 -1.20499783496252 -2.16666693145558 -2.65993042083842 -2.0571558903566 -1.43851224268371 -2.89401955784119 -3.65647400554283 -4.88254865533419 -3.61848513642642 -3.64040938443258 -3.78740548045513 -3.92945104680965 -4.00112281861906 -4.15264045433936 -4.21154782743788 -4.23222472073393 -4.18116278209906 -3.75511712248657 -3.52300866068032 -3.18926686925758 -2.83936296759478 -2.53037246082169 -2.22474752381986 -1.9621545596721 -1.81831951872075 -1.7612868566829 -1.67148516772961 -1.64026929429672 -1.56361621951328 -1.49510860497116 -1.46306427995693 -1.41468258895057
-3.4e+38 -3.4e+38 -3.4e+38 -3.4e+38 -3.4e+38 -3.4e+38 -3.4e+38 -3.4e+38 -3.4e+38 -3.4e+38 -3.4e+38 -3.4e+38 -3.4e+38 1.59827503209897 1.21573284708288 0.797166489387982 0.371771940615479 0.0644191725423409 -0.791665555551821 -1.27167315672089 -1.50476847696246 -2.42719963867766 -2.78947830855397 -3.02399374198951 -1.05218325080428 -2.46394176856243 -4.53941851405875 -5.10415821780973 -3.45205929568899 -3.84728078047439 -4.1906553056978 -4.06819183432837 -4.25430221424054 -4.38507554754177 -4.28870599450157 -4.1540652241867 -3.91862930142955 -3.58630302920037 -3.35820800206733 -3.11399350684082 -2.80083251274178 -2.46121022150885 -2.19512667000853 -2.03411452079805 -1.87218339025059 -1.8435177405881 -1.74882807384881 -1.71571216038255 -1.66664199977324 -1.5983045214911 -1.56512796537619 -1.51017635736068
-3.4e+38 -3.4e+38 -3.4e+38 -3.4e+38 -3.4e+38 -3.4e+38 -3.4e+38 -3.4e+38 -3.4e+38 -3.4e+38 -3.4e+38 -3.4e+38 1.80405529599532 1.5620755239527 1.20923807274326 0.872594202033618 0.292430493621193 -0.268628147949039 -1.03709963436006 -1.36627045990662 -1.79377389007758 -2.31647102651504 -2.79367924141507 -3.21972703030213 -1.52854867830268 -4.28204762856227 -5.26671094833667 -4.44526419625158 -3.76457927068996 -4.19887229299997 -4.63128718430374 -4.18045756575972 -4.18541033630078 -4.25522346791316 -4.14939325720479 -3.96791681079253 -3.69497577531204 -3.47008561457272 -3.22749845159169 -2.94906101170694 -2.71199635832286 -2.43648294468536 -2.19448239859213 -2.09265301405592 -1.93229108904744 -1.91733196195265 -1.85243276667905 -1.80936432272354 -1.78723509300915 -1.72706266323122 -1.65596947823951 -1.62280138444128
-3.4e+38 -3.4e+38 -3.4e+38 -3.4e+38 -3.4e+38 -3.4e+38 -3.4e+38 -3.4e+38 -3.4e+38 -3.4e+38 -3.4e+38 -3.4e+38 1.90089846179393 1.50706514398801 1.43153674645162 0.831231786488283 0.245649956486375 -0.21054831739253 -0.834491162201087 -1.40463572914146 -2.38490544669273 -2.59027650333294 -2.66890961596248 -3.17997462416635 -3.10555130679556 -4.98600494321698 -5.03193754591405 -4.12976755454527 -4.25976575215935 -4.70997301093561 -4.83873198827092 -4.34552577026427 -4.27004800132447 -4.23931687783363 -4.09426220791657 -3.75267009559813 -3.59425783192258 -3.39568128233352 -3.15890600663665 -2.82996811714545 -2.55350640094255 -2.335333384759 -2.12822509774087 -2.08489558553275 -2.0258017531134 -2.0114358187555 -1.95010701091124 -1.89610928638803 -1.86003217372719 -1.84413060568948 -1.81454700076981 -1.75862257313829
-3.4e+38 -3.4e+38 -3.4e+38 -3.4e+38 -3.4e+38 -3.4e+38 -3.4e+38 -3.4e+38 -3.4e+38 -3.4e+38 -3.4e+38 -3.4e+38 2.02636106451231 1.80086627671795 1.39895067769864 0.740053838863006 0.389128429901808 -0.0237020870563603 -0.776135649886332 -1.28759163810766 -2.15462159760577 -2.39742885018764 -3.42710943055522 -3.93409904459184 -4.63846829031501 -5.26083342603715 -5.43310004061453 -4.27006642682421 -4.59336706354309 -5.02079254454352 -5.08934643463552 -4.57856900616489 -4.42534409871794 -4.36882824418686 -4.09531767710358 -3.82763190451204 -3.57232285565826 -3.34815347846631 -3.07504019197181 -2.77120836901157 -2.47008199524556 -2.20530767190394 -2.10481734788332 -2.05775637393502 -2.09181484637059 -2.09497976943541 -2.03656329715647 -2.00890014451365 -1.93582559241764 -1.93365693607676 -1.92063043430898 -1.91007195581266
-3.4e+38 -3.4e+38 -3.4e+38 -3.4e+38 -3.4e+38 -3.4e+38 -3.4e+38 -3.4e+38 -3.4e+38 -3.4e+38 -3.4e+38 2.41495994767058 1.92916725723375 1.9830092300895 1.4216077638612 0.645307586344985 0.579737618371097 -0.0712617608891609 -0.563207153808393 -1.21162577018711 -1.96424382144901 -2.66041837317575 -3.69512454060905 -2.99858909726778 -5.13614435107657 -5.16513927188578 -4.33627490589922 -4.15223744259039 -5.12860479557257 -5.3483682358134 -5.03867862359613 -4.72825355473563 -4.58928433843259 -4.37020888891812 -4.15789346677458 -3.91662211579764 -3.62356967557702 -3.38060553282705 -3.09615059716592 -2.77901753582321 -2.44884465047616 -2.12167602980696 -2.10508063842103 -2.15432650053272 -2.17356927786815 -2.1893135290997 -2.11755960050235 -2.09023602879065 -2.07502499283836 -2.04807604717142 -2.0336831080584 -2.01412052818161
-3.4e+38 -3.4e+38 -3.4e+38 -3.4e+38 -3.4e+38 -3.4e+38 -3.4e+38 -3.4e+38 -3.4e+38 2.46140197727361 2.50124635748616 2.24891376255813 2.02452068531312 1.57588093682681 1.14314105172105 0.732744850151061 0.589053130333143 0.171068768992683 -0.289818761480755 -0.944580823206923 -1.90532902169933 -3.46819868383134 -3.62191075276988 -2.5402236165299 -5.0902430772206 -4.64908614365828 -4.02056613602059 -4.75357422825497 -5.40013712875885 -5.44918270702235 -5.07938717759903 -4.8906893259024 -4.7462487557907 -4.56542373122437 -4.21386050130372 -3.96332839317557 -3.76089577533764 -3.39558253481313 -3.11330020738287 -2.845062076507 -2.58232237671839 -2.36760911243383 -2.29877123074552 -2.27505652353617 -2.26833630110897 -2.23725654168152 -2.30130938438493 -2.23198073703394 -2.20677144536726 -2.17811786723855 -2.15919064045206 -2.14683349036216
-3.4e+38 -3.4e+38 -3.4e+38 -3.4e+38 -3.4e+38 -3.4e+38 -3.4e+38 -3.4e+38 -3.4e+38 2.02730304649646 2.11832190239241 1.9118571840623 1.74624281088657 1.22609789667846 0.815947168399163 0.962620428683477 0.820512718226686 0.414850418057101 -0.0412757997372677 -0.866951952708028 -1.90045229796661 -3.61968785911712 -4.34105108160663 -2.34540742705202 -4.62316118749031 -4.26221893213786 -3.86022890340482 -5.51053934550077 -5.43900059017853 -5.35578224876065 -5.2034200405783 -4.98544290372813 -4.77481056937556 -4.44114896700764 -4.21891968779564 -3.94074324409995 -3.80244778198881 -3.50432310151834 -3.21866651472025 -2.9381825883723 -2.71522828487246 -2.53977922161372 -2.50153406312711 -2.42775610227721 -2.37827917836025 -2.32579665030765 -2.42136565236471 -2.39507774361539 -2.37080320185257 -2.35456832076247 -2.31711190620647 -2.2828023101219
-3.4e+38 -3.4e+38 -3.4e+38 -3.4e+38 -3.4e+38 -3.4e+38 -3.4e+38 -3.4e+38 2.16039461676467 2.14775348792937 1.97618087884757 1.35833011913714 1.33295090832928 1.11317410520563 1.18377191601462 1.25269761698152 0.977306557606894 0.595051448130071 0.231022732689236 -0.663795051192154 -1.88478807271321 -3.7103717847608 -4.06941289539466 -2.11182626570618 -4.03920748844217 -3.9102401350369 -3.9032193778622 -6.08162623950341 -5.78112021389374 -5.47789811222702 -5.27542413679427 -5.00356668746007 -4.77097738447615 -4.51744867612837 -4.23056532825951 -3.94687738393451 -3.71297552234406 -3.47581143339866 -3.23949347816199 -3.02047683741624 -2.83601932833968 -2.6938175131436 -2.65050108522479 -2.57268197683818 -2.52519098111539 -2.45996502151241 -2.47098437838332 -2.55680901831685 -2.52614483291152 -2.5065336778689 -2.48761697795402 -2.465020301004
-3.4e+38 -3.4e+38 -3.4e+38 -3.4e+38 -3.4e+38 -3.4e+38 -3.4e+38 -3.4e+38 -3.4e+38 -3.4e+38 1.59968098707864 1.07685258717618 0.809587073257543 1.1425812161526 1.26187495389041 1.3642037436717 1.09617405740152 0.658158735733346 0.27876985163735 -0.666787605202564 -2.26352649634199 -4.05525410625085 -4.79866503187946 -3.13804686008094 -3.00816377734748 -3.41009621578858 -5.34575163616326 -6.70319462629703 -6.27176905374614 -5.69920210053534 -5.32565871890489 -5.04710825780755 -4.74898299250806 -4.44479958904715 -4.21455714300555 -3.96936753765 -3.74591561435034 -3.52267498281842 -3.28971438544463 -3.09329718572639 -2.94277297656627 -2.81699002621904 -2.75148488445445 -2.6883897684678 -2.65551524168021 -2.64107357004667 -2.60428816931503 -2.70387255669364 -2.70464919495236 -2.69229397109488 -2.6762133702852 -2.640908041001
-3.4e+38 -3.4e+38 -3.4e+38 -3.4e+38 -3.4e+38 -3.4e+38 -3.4e+38 -3.4e+38 -3.4e+38 2.04324664941167 1.57850076064218 1.05616669656543 1.28154648199936 1.3253168561115 1.47159730586252 1.45022104735041 1.15880880825881 0.742773001962704 0.350839264311621 -0.577156420706537 -1.6232484801947 -3.23578714111254 -3.43620809911581 -2.7925691967233 -4.54188540344548 -3.48671132133093 -6.27957894506464 -6.66460839699725 -5.93203861523961 -5.64794971900363 -5.35329549870974 -5.05604570500349 -4.77676603869162 -4.42285559652642 -4.18451193368443 -3.93363185912197 -3.69407981532683 -3.49438503433754 -3.31493423116286 -3.13206070910928 -2.98064119534627 -2.88823795986798 -2.80010078600624 -2.76237401704079 -2.75474261297414 -2.73219177104172 -2.73382436414697 -2.77084860364465 -2.81030803848305 -2.86430723776223 -2.88088174542778 -2.84769153216868
-3.4e+38 -3.4e+38 -3.4e+38 -3.4e+38 -3.4e+38 -3.4e+38 -3.4e+38 -3.4e+38 -3.4e+38 -3.4e+38 1.75041350277461 1.06456166806674 1.28586540587069 1.59414771940652 1.72377827387161 1.60485225172178 1.26141887321744 0.851140766746938 0.477048845830061 -0.288106291615653 -1.45260023612415 -3.38328215769184 -3.46945489562514 -3.43300648647287 -5.02460370985111 -3.46791608485981 -5.58771771217476 -6.15601068532003 -5.8422758139364 -5.38933742030699 -5.14150934478846 -4.91840138176803 -4.68601238645212 -4.39448496326673 -4.10408190089355 -3.85751247081787 -3.65985139370283 -3.48678812931403 -3.32520487163689 -3.17493437263638 -3.04313857430002 -3.00823952690199 -2.9560391919569 -2.92277988379325 -2.84607940728846 -2.86429824151788 -2.86997536323989 -2.92441165269715 -2.99437266195387 -3.02067016580782 -3.00786838352745 -2.97786799928347
