data/pcas/pca_referenceLayers/PC04.asc
NCOLS 494 
NROWS 529 
XLLCORNER -117.166666666667 
YLLCORNER -55.5 
CELLSIZE 0.166666666666667 
NODATA_value -3.4e+38 
[rows 0 to 22 of 529, columns 0 to 50 of 494]
-1.500327174852870 -0.859815711007884 -0.471257693541492 -0.322393297935877 -0.170865092741992 -0.336826879438391 -0.713677716204994 -0.863500037040454 -0.759014697351061 -0.916548222672579 -0.907964462285741 -0.766820942201109 -0.782701782473927 -0.804003675670981 -0.853532867916845 -0.911928913756106 -0.909981349752663 -1.06955783162531 -0.682049403594852 -0.590513744816328 -0.539760808113552 -0.612587750218001 -0.570472330575799 -0.640745001965482 -0.750519827138493 -0.663230589896888 -0.755560158120414 -0.617438297834876 -0.49894771049637 -0.180174055541219 -0.217312539881325 -0.0900676373311547 -0.0262251545825056 -0.0776675709064366 -0.179684213605843 -0.26584578698416 -0.510902891438636 -0.252322973236138 -0.148440658788121 0.0876375724967457 0.289266310842482 0.475989405746892 0.864185097802643 0.806431850280698 0.573411625458933 0.752617819080833 0.807830654477779 0.962798960846479 1.18305153392409 1.25804822875898 1.30819346754658
-1.26340546727697 -0.895110332228641 -0.559376653543812 -0.342749930090774 -0.315463865056588 -0.333701411673503 -0.220161293101804 -0.583008451498777 -0.76285708783828 -1.0694169054006 -1.2478344558168 -1.03305843264804 -0.937348970746919 -0.838532316408279 -0.793541020629823 -0.729260224226835 -0.701718910400419 -0.787594908029801 -0.825992251192712 -0.737369037575804 -0.659356420956475 -0.651262416585168 -0.749119922797775 -0.813902174011487 -0.870714162255999 -0.93078949311789 -0.704370689623373 -0.521964217612372 -0.352778102168683 -0.0923260834006745 -0.0662824295199693 -0.0252934285363267 0.0794106143155115 -0.288489472221514 -0.31516653657858 -0.0855325201938403 -0.3685260717777 -0.402793421067592 0.000776802405918389 0.157858442453997 0.606399570151288 0.581246747823478 0.728240618329408 1.02721395879361 0.881444128422059 0.759303261135209 0.859503161464736 0.959790907537722 1.02143040868269 1.2490717601448 1.22970770135611
-1.29973256383776 -1.00253179805201 -0.709464946712805 -0.40406222934563 -0.354923039890006 -0.390126724795635 -0.0227363760998901 -0.471750521940487 -0.810033918168997 -0.690127528101278 -1.37572923615401 -1.03571560137804 -0.884497637692667 -0.853069801934144 -0.714349073944903 -0.752063196977088 -0.729457308406389 -0.642372104086853 -0.862526315607347 -0.78763727735439 -0.837897552009456 -0.735192632929558 -0.690983132202615 -0.576387577640775 -0.656371020883699 -0.700346272872084 -0.440304435385531 -0.279457749695966 -0.00235984254436289 -0.0613024889975485 0.0559507569222255 0.167304833678174 0.072225685465846 0.126901636408505 -0.098448580382237 -0.00865048005637103 -0.357596999384968 -0.368464957244995 -0.167088451093971 0.21482813950717 0.587342943172745 0.863573570892108 0.879450850986035 1.09934405764835 0.987994555148115 0.727252439152635 0.755461176431462 0.945366808461467 0.968186831629052 1.10829271636029 1.05611978881521
-3.4e+38 -1.10980056169283 -0.617287459394533 -0.413940090979399 -0.402618789844861 -0.336439173550386 -0.157875267174513 -0.0994573865512968 -1.05436409562944 -0.732793177326185 -1.14741031358518 -1.20856894326868 -0.764590405378724 -0.811889582171687 -0.840031321105502 -0.752848099015241 -0.775224954265405 -0.832406603009841 -0.657924476198941 -0.766260547950387 -0.827947027504162 -0.627191439586336 -0.577589424077006 -0.655001811920087 -0.431813898954925 -0.558529060968747 -0.343274773899477 -0.173079101345316 0.175498601827381 0.0382124584388013 0.000286637877603205 0.0138406717573113 0.00293100899696419 0.217400657564211 0.240404310760899 0.292525758014303 0.0813265708510525 0.0509939355079473 0.271897720566832 0.434234909932014 0.683966193058513 0.995708266619243 0.786422201174928 1.10836157836241 1.17598414575722 1.0765174745751 1.05239099232517 0.935985844258594 1.0721371449083 1.0590121505126 1.05221214142212
-3.4e+38 -1.08454296976029 -0.885041355040081 -0.672286808507902 -0.524113258286496 -0.0329611346886511 -0.104616433234664 -0.0955400627758459 -0.914232408718531 -1.04157362591669 -1.18511596657631 -1.18432740916158 -0.985085885174265 -1.33973106188734 -1.51209843212054 -0.992424537833668 -0.869695834163756 -0.839894261302846 -0.737858363926253 -0.620673439959346 -0.57031362368098 -0.662388056334395 -0.567033383218284 -0.356978710856789 -0.601542569579974 -0.380978572961183 -0.118781980440198 -0.0461595282279899 0.0468097178747067 0.238233849548024 0.387238383752533 0.331874858126649 0.291969675242267 0.0823784334741788 0.576517196599786 0.378808463131854 0.42180931333539 0.490578648918974 0.539650701717791 0.765209960538177 0.728806787697694 1.20382660158258 0.825043064237958 0.745445538775727 1.1586453168926 1.23447577343799 1.12809333604894 1.01954394006746 1.10692726948066 1.01990680677207 1.0455208629541
-3.4e+38 -3.4e+38 -1.39362522962601 -0.587858008475124 -0.493801859215543 -0.320159987224306 -0.133012698122576 -0.117578253390673 -0.381893946069196 -0.854072685005535 -1.22471307450271 -1.22254602886746 -1.5548429721187 -1.66684685582625 -1.7599423152718 -1.5601623839378 -1.20096427617616 -0.949410916802977 -0.848932586964024 -0.801623400393423 -0.65370222725426 -0.72532436924519 -0.626680817962564 -0.333468445185639 -0.421727865495037 -0.448695133306886 -0.258008628776483 0.0621023012888553 0.26779140549506 0.357169947462384 0.51660249100243 0.547333945279786 0.611879328130464 0.288756425545227 0.840061085016554 0.83730816241869 0.931508745469351 0.682753540931498 0.757896778117761 1.04392064734528 0.674949300247217 1.07332415620512 0.752503263949996 0.781933367149257 1.05148167582846 1.13494884596403 1.1888681838066 1.10234233676816 1.14853884595457 1.09614452646479 1.12667662888427
-3.4e+38 -3.4e+38 -1.42574193873298 -0.646794236043378 -0.304392237443008 -0.459222435994151 -0.266952767307118 -0.0238693317658047 -0.183953881423929 -0.557093804733715 -0.97643311011305 -1.25403920144545 -1.56122260953222 -1.65183425439353 -1.73740022205879 -2.86146656852742 -1.54083002077715 -1.1066516149728 -1.07838915231314 -1.33353382507669 -0.889701660191937 -0.604647581690093 -0.589052849189008 -0.370226053971731 -0.453594063647783 -0.159371996034908 -0.259129765801811 0.0782390091012615 0.311023217973213 0.386351435958605 0.293119514801932 0.552138767367312 0.730216555676978 0.632388652215527 0.907806638648791 1.11155913286051 1.06372623470763 0.975819863360697 0.991560719039768 1.07251658539703 0.798464326134466 0.870287730534709 0.846798632359083 0.763093124981395 1.21980526840824 1.25058275604223 1.17581837121555 1.31167793760751 1.15355396029735 1.22896465110315 0.980412732875793
-3.4e+38 -3.4e+38 -3.4e+38 -0.454094502632789 -0.410036142440749 -0.259662219280531 -0.453508699304818 -0.481296987284655 -0.193690356252609 -0.277918401920017 -0.573027941776081 -1.02767951440004 -1.27330359086385 -1.6524693900596 -3.4e+38 -3.4e+38 -3.4e+38 -3.4e+38 -1.30896773605189 -3.4e+38 -3.4e+38 -0.855023401036095 -0.572448371052498 -0.442070808969047 -0.225276326388467 -0.0483667886378575 -0.121005507201714 0.00446982203673102 0.153777526752504 0.33943579182614 0.394726901050749 0.594950056211102 0.846549411321738 0.835342642547559 0.975842893496274 1.02674425115018 1.10902403639991 1.48414172114539 1.11542286989256 1.30773028513421 0.931800080339085 0.849062727887231 0.967785666946718 0.833534751102251 1.13871992329543 1.35824774722274 1.14125960652982 1.3054723114948 1.00362981967684 1.19459427393078 0.990986786663727
-3.4e+38 -3.4e+38 -3.4e+38 -3.4e+38 -0.783982649149664 -0.390352154021722 -0.295895020163256 -0.528206215193491 -0.283932430140103 -0.186915803936045 -0.351662532925901 -0.268183451285185 -0.957072522411186 -1.27252716644868 -3.4e+38 -3.4e+38 -3.4e+38 -3.4e+38 -3.4e+38 -3.4e+38 -3.4e+38 -1.27228680223955 -0.965711514563 -0.834407363000201 -0.432273984535319 -0.103511909200386 0.0447801970373621 -0.0475551703274318 0.191465643902278 0.166207683725845 0.417275342116195 0.399566124316261 0.798944096847601 1.06801468287912 1.13054060082269 1.20949225574582 1.20270370995071 1.36474244954932 1.4229250282558 1.2862451162051 1.29084990935941 1.26697353099234 1.1054768870972 1.11329394365524 1.13735260258464 1.20650183367904 1.06498585189424 1.10209374106277 0.90527501343115 0.90694416921227 0.801521826440254
-3.4e+38 -3.4e+38 -3.4e+38 -3.4e+38 -3.4e+38 -0.594498416363237 -0.471845744193038 -0.577051535086257 -0.345792399431181 0.0333359379100689 -0.384044488982573 -0.129809762477712 -0.628675090733615 -1.14885818358107 -1.82422757358047 -3.4e+38 -3.4e+38 -3.4e+38 -3.4e+38 -3.4e+38 -3.4e+38 -3.4e+38 -3.4e+38 -3.4e+38 -0.617672407704147 -0.145987870645499 0.0658375644413711 -0.0428228912381996 0.191409269690953 0.333049824266873 0.471985703741808 0.732616706868567 0.707586662435638 0.712581757460853 1.02044737237662 1.17058328909457 1.15844309280895 1.33925903251787 1.30650876215166 1.48202158006721 1.31401848574772 1.53061566770973 1.40384730024798 1.18000245876485 1.22996846987851 1.23012462884633 1.07337971542922 1.10425620673173 0.898860421159041 0.917740544884615 0.873265871292703
-3.4e+38 -3.4e+38 -3.4e+38 -3.4e+38 -1.12203145247931 -0.713317733559934 -0.590656492006792 -0.579159584097684 -0.40908655302377 -0.00273806877110584 0.091670979972818 -0.471656605214364 -0.204072109682633 -1.01923089699382 -1.17191108355706 -3.4e+38 -3.4e+38 -3.4e+38 -3.4e+38 -3.4e+38 -3.4e+38 -3.4e+38 -3.4e+38 -3.4e+38 -0.625503248766402 -0.232099831275493 0.0560449348350559 0.103450587324746 0.151670782102353 0.193029410072423 0.437117767437619 0.818212403139861 0.855019523271888 0.89430334254034 1.05228912709181 1.28071761743772 1.38729440438809 1.44136730185995 1.3621672343653 1.56972832180604 1.50655930191358 1.46637696274864 1.44220663655734 1.14766877131264 1.28243082586182 1.34405547239861 1.13636808181327 1.03984390741019 0.873913927391078 0.902495048905649 1.09591979659628
-3.4e+38 -3.4e+38 -3.4e+38 -3.4e+38 -3.4e+38 -3.4e+38 -0.97229414985858 -0.857512425559343 -0.59192264765225 -0.383028848788131 0.0316785039269715 -0.491544245392531 -0.196018342831576 -0.965150613166778 -1.03415115669209 -3.4e+38 -3.4e+38 -3.4e+38 -3.4e+38 -3.4e+38 -3.4e+38 -3.4e+38 -3.4e+38 -3.4e+38 -0.750083576130076 -0.316377795995498 -0.0893289402915776 -0.117684146974911 0.281095699846943 0.493659549163198 0.640221753202949 0.781507204729097 0.790185474978145 0.95633875642666 1.15861506108156 1.25597072548888 1.44169515219344 1.4563674455955 1.54529287928336 1.55848181858574 1.64678151241447 1.69644881174526 1.71254503459729 1.65172582175461 1.34098058814663 1.39057279707511 1.02836903286216 0.992545353976636 0.937489309309554 1.00702897359002 1.11276172226088
-3.4e+38 -3.4e+38 -3.4e+38 -3.4e+38 -3.4e+38 -3.4e+38 -1.18876342283123 -0.911287695752715 -0.840542339671801 -0.528556324774175 -0.270559535426545 -0.386410441971884 -0.480843966851679 -0.703125866555535 -1.13698900535278 -1.33990029673533 -3.4e+38 -3.4e+38 -3.4e+38 -3.4e+38 -3.4e+38 -3.4e+38 -3.4e+38 -3.4e+38 -0.929781781917213 -0.50635512789031 -0.145299363737198 -0.218442780297169 0.20710854695518 0.488276715060549 0.572232910500919 0.67059305383551 0.909107118425733 1.13711141289784 1.23308626959974 1.40218197146494 1.47877713457998 1.65640897157298 1.63245552674814 1.93658307166677 1.72828016866747 1.99364155700445 1.8119586584021 1.77868331279177 1.50523174805142 1.29893071184049 0.973463546934886 1.01484335191755 1.02999175571306 1.06753949905271 1.00753820460074
-3.4e+38 -3.4e+38 -3.4e+38 -3.4e+38 -3.4e+38 -3.4e+38 -1.54458080926029 -1.06455551728386 -0.893889527512117 -0.580137768754136 -0.481037326866336 -0.358263888681962 -0.365764913909866 -0.652933615834327 -1.17953118041452 -1.26185888432247 -3.4e+38 -3.4e+38 -3.4e+38 -3.4e+38 -3.4e+38 -3.4e+38 -3.4e+38 -3.4e+38 -3.4e+38 -0.900946435456899 -0.458774623728808 -0.172145700359877 -0.0928436900587693 0.285560952192714 0.52456870797388 0.562074773655723 0.94471345804009 1.24145075019887 1.34530892328632 1.49356257628168 1.67740339814184 1.72023145613021 1.80426655581417 1.94765598882566 1.88152724489341 1.8777150623448 1.87837473110161 1.80293034884544 1.60811716728447 1.39217666938751 0.936931575787348 1.02860632536472 1.14752803196803 1.20719742156483 1.08637245786123
-3.4e+38 -3.4e+38 -3.4e+38 -3.4e+38 -3.4e+38 -3.4e+38 -3.4e+38 -3.4e+38 -1.06155354414807 -0.783184586737633 -0.605013950214352 -0.544172932260339 -0.438174708971315 -0.352488259920032 -0.847796736582119 -1.20966903347678 -3.4e+38 -3.4e+38 -3.4e+38 -3.4e+38 -3.4e+38 -3.4e+38 -3.4e+38 -3.4e+38 -3.4e+38 -1.48040820136325 -0.863083346893757 -0.223872596004375 -0.0101578402719078 0.202619138029346 0.366339417013546 0.689455968943914 0.927312348352216 1.20278547313569 1.3124247970573 1.51111565057619 1.59137387827265 1.65718065836138 1.68554825983527 1.91299695867943 1.9251135927884 1.79259598285119 1.82511166814148 1.81437103723993 1.66526275029878 1.45345696671058 1.1500105982486 1.15468649087286 1.30032285789228 1.25746201639328 1.18067983703002
-3.4e+38 -3.4e+38 -3.4e+38 -3.4e+38 -3.4e+38 -3.4e+38 -3.4e+38 -3.4e+38 -1.13559022090965 -0.742014520702015 -0.630784257110145 -0.453960882453802 -0.235027595901596 -0.212045686430571 -0.824401554994574 -1.09982684954621 -3.4e+38 -3.4e+38 -3.4e+38 -3.4e+38 -3.4e+38 -3.4e+38 -3.4e+38 -3.4e+38 -3.4e+38 -3.4e+38 -1.261180228797 -0.443034042756198 -0.0469726859264208 0.379208159427887 0.626720350872205 1.01255814560534 1.15194213651196 1.28491305937827 1.40479686257593 1.62426042411653 1.60544414008452 1.76227699295697 1.70249818266364 1.76604450824879 1.83449711771161 1.74887318424738 1.87508710795898 1.84579756658141 1.75330066246415 1.58220870936463 1.38582755406184 1.28620199547401 1.52383553071667 1.40289020837914 1.3244453166475
-3.4e+38 -3.4e+38 -3.4e+38 -3.4e+38 -3.4e+38 -3.4e+38 -3.4e+38 -3.4e+38 -1.28499365825974 -0.745991292422291 -0.549235374933395 -0.530997054120069 -0.385977497164204 -0.186038566634467 -0.461744993819401 -1.00121378739693 -0.668674844979386 -3.4e+38 -3.4e+38 -3.4e+38 -3.4e+38 -3.4e+38 -3.4e+38 -3.4e+38 -3.4e+38 -3.4e+38 -1.47049729737927 -0.763705475945963 -0.238090524807457 0.269621173682159 0.604923881243885 1.04685013774 1.24296191788992 1.19659815091585 1.49975040629437 1.67016202048062 1.58371688046871 1.66753828831196 1.75777198856754 1.6752945267401 1.84473262838787 1.80687736786867 1.89495652936035 1.92146487800849 1.90440143481017 1.75791146965762 1.52442030837827 1.46859774066794 1.48459846080555 1.56908289706806 1.55314460509346
-3.4e+38 -3.4e+38 -3.4e+38 -3.4e+38 -3.4e+38 -3.4e+38 -3.4e+38 -3.4e+38 -1.73428250607694 -1.03985309636261 -0.51510552157292 -0.692982177922945 -0.725311061372065 -0.519298207625737 -0.480153030147829 -0.749081953323014 -0.578785674615789 -1.10464715936603 -0.801848770098422 -3.4e+38 -3.4e+38 -3.4e+38 -3.4e+38 -3.4e+38 -3.4e+38 -3.4e+38 -3.4e+38 -0.864119733442806 -0.351052533957564 -0.0877309948167906 0.31045769017802 0.699942037948232 1.03554330435038 1.12650080306821 1.38389339413884 1.51100570368115 1.52371603462916 1.55171738057947 1.55131697205224 1.71311558987757 1.88717758584121 1.94825064212973 2.0014723556599 2.09659910247299 2.03781208409371 2.00111480309024 1.78629204517773 1.52748913384863 1.61134493201848 1.61643977064538 1.76249844257833
-3.4e+38 -3.4e+38 -3.4e+38 -3.4e+38 -3.4e+38 -3.4e+38 -3.4e+38 -3.4e+38 -3.4e+38 -1.29807557856781 -1.00474711580766 -0.866399905774358 -0.768148072829726 -0.739275869197211 -0.610513371068678 -0.294334485395544 -0.536739222235129 -0.648795796271741 -0.774577598209783 -1.07069197452927 -3.4e+38 -1.7210587601698 -1.50871378787692 -3.4e+38 -3.4e+38 -3.4e+38 -3.4e+38 -1.20629464882123 -0.787238856261462 -0.196325209652432 0.1886937389537 0.542802819137503 0.846372480528151 0.903346261960562 1.13614419307167 1.4514839276578 1.45290843769729 1.54622469531752 1.6878439622087 1.74038344910595 2.01472710517951 2.0408279094904 2.17002670367853 2.22025229432675 2.11026896288278 2.04224364281334 1.9467768610923 1.63157192682274 1.70709268440821 1.69810840931522 1.71085777525526
-3.4e+38 -3.4e+38 -3.4e+38 -3.4e+38 -3.4e+38 -3.4e+38 -3.4e+38 -3.4e+38 -3.4e+38 -3.4e+38 -3.4e+38 -1.26962648506347 -0.997631037862963 -0.938281209428272 -0.61251381384533 -0.314514578108543 -0.226464889540679 -0.518535194808813 -0.739479581181352 -1.01656142532962 -1.13460465599313 -1.49235383393039 -1.25748816974674 -3.4e+38 -3.4e+38 -3.4e+38 -3.4e+38 -3.4e+38 -0.8879695528742 -0.334791101145607 0.0949014285840741 0.29310958379411 0.57637133590722 0.890881817233184 1.0755562691271 1.23399076222688 1.31995396113405 1.44369973437759 1.64997155471266 1.75106965798821 2.03476783678158 2.1596255904104 2.27819853863125 2.21996776766216 2.01523962206247 1.9884505058771 2.02952060865556 1.67281707272767 1.66514358152534 1.66989836634366 1.8128547645174
-3.4e+38 -3.4e+38 -3.4e+38 -3.4e+38 -3.4e+38 -3.4e+38 -3.4e+38 -3.4e+38 -3.4e+38 -3.4e+38 -3.4e+38 -3.4e+38 -3.4e+38 -1.12180530117312 -0.817704050505865 -0.590516701469367 -0.441883424543215 -0.358083039153191 -0.391235035359103 -0.796887395710884 -0.924933805530976 -1.24224037804869 -1.40933966073365 -1.46749122998807 -3.4e+38 -3.4e+38 -3.4e+38 -3.4e+38 -1.17353338394558 -0.88863545629836 -0.29810978060473 0.0938555633153907 0.634874907478088 0.848288678541851 0.947039456515243 1.20130032958483 1.33098843592823 1.50372906495295 1.63125190711201 1.73257519381195 2.02892080731435 2.30203256613226 2.39696101340842 2.42402602537024 1.8804269491192 1.91486924971513 1.96449422820566 1.742862416463 2.00088516837051 1.90876043286291 2.12906091063028
-3.4e+38 -3.4e+38 -3.4e+38 -3.4e+38 -3.4e+38 -3.4e+38 -3.4e+38 -3.4e+38 -3.4e+38 -3.4e+38 -3.4e+38 -3.4e+38 -3.4e+38 -3.4e+38 -0.990495951993998 -0.952258354899874 -0.656455889708801 -0.473675743052939 -0.30698243027676 -0.595240961963603 -0.871963800576249 -1.28550633514642 -2.81279112738015 -1.64029725264999 -1.58593789305054 -3.4e+38 -3.4e+38 -1.71505907581041 -0.875341234133773 -0.83052554835297 -0.529792353997883 0.0871596787674745 0.604305356874944 0.725060760005416 0.804786331667321 1.07582618034189 1.24594396099447 1.34253573500631 1.63878503184219 1.67288730936495 2.05381070098455 2.2353623295707 2.45625929317165 2.44659698665983 1.96829918426442 1.95806100899116 1.86552159692955 1.83801944205165 2.21097147784185 2.38427952739054 2.1231877824476
-3.4e+38 -3.4e+38 -3.4e+38 -3.4e+38 -3.4e+38 -3.4e+38 -3.4e+38 -3.4e+38 -3.4e+38 -3.4e+38 -3.4e+38 -3.4e+38 -3.4e+38 -3.4e+38 -3.4e+38 -1.26606000268199 -0.986719599963106 -0.709021809626431 -0.63201078691651 -0.710797396400718 -0.822159440541891 -1.13890126602915 -1.56425268802636 -1.99051820901695 -2.41002793771161 -3.4e+38 -3.4e+38 -1.50682778742854 -0.962291381741673 -1.01315559674565 -0.751383466261515 -0.0699320302183523 0.450150049627313 0.598610972765243 0.744230340856333 1.02262489326382 1.16227997573404 1.35953457860858 1.52439523245772 1.69386798856629 2.00879491693676 2.28412865419429 2.47653352929071 2.42692502676156 2.15620571819399 2.06000076942884 2.21879265815648 2.17717705703729 2.33827987249098 2.65730210030803 2.30932867240012
