data/pcas/pca_referenceLayers/PC04.asc
NCOLS 494 
NROWS 529 
XLLCORNER -117.166666666667 
YLLCORNER -55.5 
CELLSIZE 0.166666666666667 
NODATA_value -3.4e+38 
[rows 391 to 413 of 529, columns 255 to 305 of 494]
-3.4e+38 -3.4e+38 -3.4e+38 -3.4e+38 -3.4e+38 -3.4e+38 -3.4e+38 -3.4e+38 -3.4e+38 -3.4e+38 -3.4e+38 -3.4e+38 -3.4e+38 -3.4e+38 -3.4e+38 -3.4e+38 -3.4e+38 -3.4e+38 -3.4e+38 -0.73892435776904 -0.535618175282843 -0.398671133493806 -0.233303483460638 -0.0752365912101345 -0.156551525957093 -0.303064895895728 -0.314297433387047 -0.188729763854148 -0.10978966637346 -0.223861040288222 -0.572715869835061 -0.799753834920177 -0.686840572792818 -0.619048456798842 -0.210650251231324 0.0303981618253429 0.105814572393017 0.316562184617529 0.336250103001192 0.422147795821049 0.387418643208851 0.348025495205777 0.262590029295652 0.26703221326245 0.20191468312628 -0.0166144372355769 0.0265313355642928 0.00106661344883457 -0.0748634933118136 -0.177284609333192 -0.186159903086832
-3.4e+38 -3.4e+38 -3.4e+38 -3.4e+38 -3.4e+38 -3.4e+38 -3.4e+38 -3.4e+38 -3.4e+38 -3.4e+38 -3.4e+38 -3.4e+38 -3.4e+38 -3.4e+38 -3.4e+38 -3.4e+38 -3.4e+38 -3.4e+38 -0.800701586669065 -0.562135598710543 -0.497211794324022 -0.425361925949254 -0.198796587159655 -0.00328772333759112 0.076683807754463 -0.266961143368728 -0.313076628621422 -0.327220877485377 -0.216534872481352 -0.252157733323161 -0.667944256499585 -0.756240891988431 -1.03536534095021 -0.607879916931757 -0.261458669288921 0.00868049317492031 0.0571274619924454 0.133939634268776 0.264519741150823 0.367254321749168 0.317107188829454 0.281848834406337 0.20558927009055 0.206968348620438 0.221684879454269 -0.0078766623851896 -0.0761914805782025 -0.072494291441242 -0.120848954547775 -0.182336092772295 -0.0740061276998502
-3.4e+38 -3.4e+38 -3.4e+38 -3.4e+38 -3.4e+38 -3.4e+38 -3.4e+38 -3.4e+38 -3.4e+38 -3.4e+38 -3.4e+38 -3.4e+38 -3.4e+38 -3.4e+38 -3.4e+38 -3.4e+38 -3.4e+38 -3.4e+38 -0.860465631012178 -0.621109142670287 -0.402556035055787 -0.364993351192393 -0.143903515392286 0.0904381182869194 0.0849447039484123 -0.127481506081873 -0.336573543306603 -0.307622485199766 -0.195013658078946 -0.338575526492033 -0.241555333203758 -0.475125607336534 -0.795852612787176 -0.665108233460638 -0.2555732480443 -0.12123823891041 0.0110220918978612 0.103424170096812 0.270596374428031 0.285822860561544 0.253975092325205 0.238239831455036 0.213899795528554 0.196188684572067 0.162307218060688 -0.0283422815759012 -0.161643575317893 -0.111159706245443 -0.126707037737187 -0.12171315043673 0.0246772866056984
-3.4e+38 -3.4e+38 -3.4e+38 -3.4e+38 -3.4e+38 -3.4e+38 -3.4e+38 -3.4e+38 -3.4e+38 -3.4e+38 -3.4e+38 -3.4e+38 -3.4e+38 -3.4e+38 -3.4e+38 -3.4e+38 -3.4e+38 -1.39345815635421 -1.12014806175516 -0.687025772933474 -0.510669669103232 -0.376458631965315 -0.0872953211051396 0.0857237230675892 0.0532500715669707 -0.133661821524354 -0.308070187020147 -0.257681588542569 -0.209065208555072 -0.21790222676758 -0.0729917921569049 -0.369746071925013 -0.902993187271078 -0.429019465456227 -0.157614657518703 -0.0440425412617866 0.00224570602573976 0.085435063861529 0.227659994760828 0.286111379803345 0.231723426422383 0.195495055789478 0.161169117712511 0.176102434217054 0.11713586824807 -0.0370665595674964 -0.0949272272062853 -0.109236919894565 -0.102831263625548 -0.0789938405037716 0.107163853350392
-3.4e+38 -3.4e+38 -3.4e+38 -3.4e+38 -3.4e+38 -3.4e+38 -3.4e+38 -3.4e+38 -3.4e+38 -3.4e+38 -3.4e+38 -3.4e+38 -3.4e+38 -3.4e+38 -3.4e+38 -3.4e+38 -3.4e+38 -1.33789084060451 -1.05387933440272 -0.723026580419195 -0.575414304846157 -0.393092422430096 -0.205710905401623 -0.148325747462184 -0.0331806752418336 -0.0926264063469295 -0.233911127763643 -0.195697261795993 -0.151558257325741 -0.0984124510128962 -0.319403257228346 -0.594078998458132 -0.630211587602994 -0.453567374305887 -0.00656174852336082 0.0579921880338589 0.0992934019098497 0.123032709135643 0.229494781355211 0.236531601201035 0.195504664549128 0.172715769553052 0.145259789319957 0.113083974014601 0.0781007711865154 -0.0421012174885625 -0.0410469253523007 -0.0910460746189411 -0.0632937159656808 -0.0807027041049661 0.0676072823127056
-3.4e+38 -3.4e+38 -3.4e+38 -3.4e+38 -3.4e+38 -3.4e+38 -3.4e+38 -3.4e+38 -3.4e+38 -3.4e+38 -3.4e+38 -3.4e+38 -3.4e+38 -3.4e+38 -3.4e+38 -3.4e+38 -3.4e+38 -1.30533333541558 -1.03393398836607 -0.766871631118519 -0.632183278715831 -0.522670414100476 -0.340199909368019 -0.29177601826784 -0.212833096834089 -0.0216787635270833 -0.0965051888331017 -0.221385924716587 -0.13119693446322 0.0138801753529343 -0.157585347148807 -0.616986516635772 -0.499535345006406 -0.201588085608937 0.184092092258903 0.197266090036321 0.249195316316645 0.275482812229498 0.284975693992796 0.259962499939031 0.233970532403114 0.184633285304984 0.130654176066009 0.116080678097702 0.105178486425404 -0.0204673440944372 -0.0323240966033441 -0.0373867977084363 -0.00317489873000858 -0.0112202485105145 0.151883625847729
-3.4e+38 -3.4e+38 -3.4e+38 -3.4e+38 -3.4e+38 -3.4e+38 -3.4e+38 -3.4e+38 -3.4e+38 -3.4e+38 -3.4e+38 -3.4e+38 -3.4e+38 -3.4e+38 -3.4e+38 -3.4e+38 -3.4e+38 -3.4e+38 -1.10757380006654 -0.834653088847553 -0.602804277466333 -0.525316806640042 -0.426604974629425 -0.382344623761191 -0.20794633241212 -0.0190364983362483 0.0243676063345954 -0.214067452823114 -0.141872093804793 -0.0713746186276924 -0.0454627729894898 -0.538340557497619 -0.374390658570267 0.0100512631914261 0.421214363876895 0.354390700925496 0.374967825062688 0.395062780470786 0.30938110232517 0.267781394044662 0.280114842756826 0.223812930571808 0.172676790173082 0.0652209003053189 0.0539911626381944 0.0536171206889129 0.0210752351342269 0.00390974749709048 -0.0990591216625903 0.0972415639348674 0.240488308163931
-3.4e+38 -3.4e+38 -3.4e+38 -3.4e+38 -3.4e+38 -3.4e+38 -3.4e+38 -3.4e+38 -3.4e+38 -3.4e+38 -3.4e+38 -3.4e+38 -3.4e+38 -3.4e+38 -3.4e+38 -3.4e+38 -3.4e+38 -1.2215539605767 -1.07343818523908 -0.836042056119169 -0.677757428394587 -0.608252371417964 -0.43130171396762 -0.32710798061727 -0.177933308176765 0.136455850104716 0.128257826697557 -0.11609878905391 -0.115444002599704 0.0121208947070092 -0.104340845671998 -0.430357895923781 -0.469287271637893 0.196338709038972 0.366975720359608 0.364822667454216 0.392117254038724 0.377887572422755 0.326568055569193 0.245124620974996 0.232822699123566 0.247916351339708 0.228361707599303 0.157718018076176 0.119057620581908 0.13171265435504 0.114494152459093 0.177918709453346 0.199256440613015 0.219937918353341 0.333360373726354
-3.4e+38 -3.4e+38 -3.4e+38 -3.4e+38 -3.4e+38 -3.4e+38 -3.4e+38 -3.4e+38 -3.4e+38 -3.4e+38 -3.4e+38 -3.4e+38 -3.4e+38 -3.4e+38 -3.4e+38 -3.4e+38 -1.28394445167882 -1.15961663922 -0.996709698592939 -0.841992338412264 -0.719362002302406 -0.471785354871193 -0.205115129952975 -0.202928246668564 -0.0575396818405817 0.092187171125789 0.0238094401703858 -0.0794830820865746 -0.136458147313868 0.0795527902035429 -0.016056261743972 -0.293701672055008 -0.660786619678052 0.076454451165519 0.154545502014115 0.294419856491597 0.279690413975644 0.330466035252938 0.293682629377978 0.196913363607893 0.181459246647402 0.179600627859788 0.226207216403009 0.21363642257476 0.211069037704182 0.192774302986535 0.232404679891629 0.259710710766841 0.224389190534579 0.291045430998937 0.399756387562176
-3.4e+38 -3.4e+38 -3.4e+38 -3.4e+38 -3.4e+38 -3.4e+38 -3.4e+38 -3.4e+38 -3.4e+38 -3.4e+38 -3.4e+38 -3.4e+38 -3.4e+38 -3.4e+38 -3.4e+38 -1.45111507977387 -1.15057708274529 -0.888141381375764 -0.789629316057457 -0.791137637085078 -0.647213018327201 -0.470743543541538 -0.188136044946897 -0.189432769755658 0.0652034598573442 0.207343848192898 -0.0648895012671392 -0.0164953922152295 -0.0751431715576951 0.080338462377064 0.217572759008947 -0.0694724967031881 -0.566872665423027 -0.182817210473687 0.028970233447724 0.143222085839229 0.20120409252755 0.239511608179227 0.270285913510025 0.140345398312465 0.116003919839106 0.145152829096135 0.247058361399216 0.264516778176135 0.254092662228261 0.25345965463868 0.27072800205413 0.279991536354344 0.246813507659362 0.402047797632778 0.491248849642579
-3.4e+38 -3.4e+38 -3.4e+38 -3.4e+38 -3.4e+38 -3.4e+38 -3.4e+38 -3.4e+38 -3.4e+38 -3.4e+38 -3.4e+38 -3.4e+38 -3.4e+38 -3.4e+38 -3.4e+38 -3.4e+38 -0.971794626024401 -0.667941254640258 -0.541062971557875 -0.594998574803593 -0.543200367043001 -0.348999530166615 -0.230030620030489 -0.117668828753543 0.0947587866188725 0.208970003504487 2.07095746151309e-05 -0.137231330672361 -0.0472547307028157 0.026416883984837 0.147038100879935 -0.154643840744997 -0.312388632933337 -0.435449800936626 -0.196196110491787 -0.0575606243894592 0.112260592731705 0.167398281641924 0.228980681310164 0.154722947060294 0.151997400947975 0.186231641071819 0.249038651322543 0.264805396494068 0.293090186820003 0.32327193495379 0.313376572596547 0.328590345453354 0.357209377153569 0.48164977768843 0.552701086846593
-3.4e+38 -3.4e+38 -3.4e+38 -3.4e+38 -3.4e+38 -3.4e+38 -3.4e+38 -3.4e+38 -3.4e+38 -3.4e+38 -3.4e+38 -3.4e+38 -3.4e+38 -3.4e+38 -3.4e+38 -1.01708428194741 -0.748001105097541 -0.530005015689673 -0.341791907784661 -0.357005699187437 -0.436980430943107 -0.312578135019474 -0.154684605789988 -0.00301939226547003 0.2546295745395 0.184267446994797 0.0454256281373716 -0.0595672442886497 -0.0529058912663322 0.00447553226300038 0.0783696717580848 -0.0613204545734214 -0.213265041217335 -0.440393090457195 -0.595861357326239 -0.203728019814348 0.0243833279603423 0.0848464734834252 0.116971555970404 0.120976017588517 0.192651770991329 0.212549372454422 0.241863869020851 0.307458581159669 0.342107676644464 0.380400832847738 0.356800554386807 0.360382020707778 0.427234232201789 0.522598180591447 0.612384411934926
-3.4e+38 -3.4e+38 -3.4e+38 -3.4e+38 -3.4e+38 -3.4e+38 -3.4e+38 -3.4e+38 -3.4e+38 -3.4e+38 -3.4e+38 -3.4e+38 -3.4e+38 -3.4e+38 -3.4e+38 -0.708069818188008 -0.483555773509306 -0.341696808844858 -0.216862993484457 -0.198214733759492 -0.167269469140638 -0.052226171688725 0.0283517461374056 0.188110385444546 0.261891676736338 0.0946016312777739 -0.0553883552832508 -0.0516675440317391 -0.00848650679650017 0.119603400507824 0.0030529641565552 -0.100547902502506 -0.39522052412275 -0.617034542137582 -0.627689083868187 -0.461769535622441 -0.224821333911101 -0.158143535220278 -0.119748798443628 -0.0301288394669967 0.0862067668474527 0.184070254463438 0.258059206954969 0.314704307006898 0.334472931070314 0.382082631026445 0.39688717730264 0.411729072884715 0.459729539018331 0.505409486895596 0.648159531087917
-3.4e+38 -3.4e+38 -3.4e+38 -3.4e+38 -3.4e+38 -3.4e+38 -3.4e+38 -3.4e+38 -3.4e+38 -3.4e+38 -3.4e+38 -3.4e+38 -3.4e+38 -3.4e+38 -3.4e+38 -0.490440959484405 -0.303203419254169 -0.174752756102009 -0.0883735639248837 -0.00369354835954455 0.0462807664917789 0.213922451814607 0.177696099198393 0.151714578007665 0.269812232840894 0.132752533041181 -0.0359837728353177 0.0436139150940027 0.0117348661024125 0.146278292600155 0.13358633902048 -0.0624793722256183 -0.183967174450331 -0.373941452721854 -0.55022048624512 -0.36829536002277 -0.242379005584909 -0.315339631216346 -0.162182310244713 -0.0296642071939049 0.0537257892596495 0.132473924221623 0.233917109695176 0.269244449248257 0.341485723745926 0.407293527497511 0.453677503379085 0.51015326274309 0.499505143160944 0.56831038481161 0.676222812957836
-3.4e+38 -3.4e+38 -3.4e+38 -3.4e+38 -3.4e+38 -3.4e+38 -3.4e+38 -3.4e+38 -3.4e+38 -3.4e+38 -3.4e+38 -3.4e+38 -3.4e+38 -3.4e+38 -0.508197243158183 -0.381598539237226 -0.256663982552081 -0.0882426284384814 0.0443997134312248 0.133740661982105 0.199560310293874 0.312919171349694 0.14247729360471 0.256117276604288 0.313866807600969 0.160011003220669 0.0609868113603946 0.0586677489713205 0.143936869944635 0.0495229978208549 -0.012676698701093 -0.123430115851618 -0.260219955193392 -0.39286005561034 -0.558343459984718 -0.193283692518161 -0.298074520318428 -0.22155814862191 -0.0748006548663055 0.0855388774340225 0.10897030540727 0.144410245870099 0.200232014832078 0.26265619322231 0.355024102274611 0.435975170868617 0.483291862056723 0.544367460133991 0.600111777085601 0.621782649218082 0.692889925707822
-3.4e+38 -3.4e+38 -3.4e+38 -3.4e+38 -3.4e+38 -3.4e+38 -3.4e+38 -3.4e+38 -3.4e+38 -3.4e+38 -3.4e+38 -3.4e+38 -3.4e+38 -3.4e+38 -0.409607556588165 -0.294427194415628 -0.137450686145243 -0.00139171045763149 0.047892492252848 0.117698747016356 0.22140362757939 0.156900582362226 0.202154332452399 0.334878018383475 0.254548459051415 0.16383603165229 0.124718580972842 0.142387193122285 0.212927606922707 0.124749168041883 -0.0690364798444204 -0.197203768162236 -0.201279615563878 -0.248132889923287 -0.477250298327329 -0.393519282675583 -0.107200907121495 -0.0993989888859133 -0.0906680213108422 0.0454820336740737 0.128737639267125 0.141859393313177 0.199681638170645 0.31642567692017 0.3798090851584 0.461584135384617 0.526082100997366 0.566374890229932 0.626760127161497 0.654754588521178 0.71979113147499
-3.4e+38 -3.4e+38 -3.4e+38 -3.4e+38 -3.4e+38 -3.4e+38 -3.4e+38 -3.4e+38 -3.4e+38 -3.4e+38 -3.4e+38 -3.4e+38 -3.4e+38 -0.492168770924868 -0.340489361411961 -0.281305540608934 -0.129888952639486 0.0372905172402747 0.128334039969518 0.255960263374734 0.281770731290167 0.16168772339965 0.264893878227929 0.375108853470154 0.21689793478177 0.226628780711305 0.168393696643279 0.182324744978097 0.310928100681547 0.0814778891317949 -0.0948959989463654 -0.223704442769239 -0.207380376005895 -0.389802245050717 -0.545016662081453 -0.570919619878771 -0.101371473336163 -0.121772286150227 -0.128941733781793 0.00492754496834194 0.121450980670783 0.13976190556644 0.216591842000141 0.28239363761193 0.389709473985585 0.475277382276015 0.561725049762427 0.61557417563216 0.649108552440384 0.683528079612284 0.739520699233957
-3.4e+38 -3.4e+38 -3.4e+38 -3.4e+38 -3.4e+38 -3.4e+38 -3.4e+38 -3.4e+38 -3.4e+38 -3.4e+38 -3.4e+38 -3.4e+38 -0.570643211564623 -0.431784095077435 -0.265722432069287 -0.186241824740211 -0.0226427119999223 0.133977673782819 0.216062731164512 0.265434660564986 0.222109958704471 0.220804366870289 0.381775636178066 0.420669891935445 0.311054886803815 0.231859336886692 0.290685423378237 0.283207894917416 0.367202921427018 0.0682259362389409 -0.123134231891272 -0.199152466696995 -0.294701882345298 -0.527604928165662 -0.576248654286463 -0.49649303536041 -0.108850118114566 -0.160240074429868 -0.127739071858991 -0.00375807845566105 0.112243109628292 0.162193512918324 0.210986400781314 0.272746651807644 0.357940418037637 0.45653961712411 0.522893906325662 0.604475242932515 0.65996328117215 0.701495964956037 0.746231617651631
-3.4e+38 -3.4e+38 -3.4e+38 -3.4e+38 -3.4e+38 -3.4e+38 -3.4e+38 -3.4e+38 -3.4e+38 -3.4e+38 -3.4e+38 -3.4e+38 -0.463871229707241 -0.331621177936027 -0.181629336416832 -0.0717453699788121 -0.0213259396998207 0.107336252588696 0.199531358537759 0.227997974515611 0.192307557689046 0.302220460840349 0.483449551417078 0.441140206062668 0.387291415505924 0.276893567176506 0.348235078748318 0.334626090631457 0.43251601555863 0.166177013803693 -0.117016000299504 -0.227037510131073 -0.467485640519093 -0.774767687246828 -0.502574811554862 -0.45474504221552 -0.38263899707243 -0.459840182614333 -0.142727145045353 -0.0612644215745355 0.119412159341771 0.186188416899677 0.247628895581301 0.277429859105095 0.359690705178799 0.447699754542796 0.523693639163195 0.584248317276736 0.661093126158477 0.705479764032862 0.757195788391854
-3.4e+38 -3.4e+38 -3.4e+38 -3.4e+38 -3.4e+38 -3.4e+38 -3.4e+38 -3.4e+38 -3.4e+38 -3.4e+38 -3.4e+38 -3.4e+38 -0.403371263647507 -0.266727350192088 -0.20154653816007 -0.0311278653286688 0.00985061892827693 0.0850690519169113 0.174183306726015 0.227274825877309 0.206186301452022 0.343945746780777 0.411015276625491 0.43990837961255 0.403532107107495 0.331990837268888 0.328867906775551 0.402033004255024 0.348864919918314 0.179087947418405 -0.0305437928484665 -0.189797775814435 -0.313080614387346 -0.586978574501153 -0.483695033605691 -0.411573781101752 -0.36116330171973 -0.0643497393827644 -0.0357917447220169 0.0572331164919603 0.157015233926361 0.238652774316579 0.287999479955258 0.329460582238348 0.365720998237511 0.451936324932731 0.527153167576596 0.590587897503596 0.643126047786612 0.72465620433197 0.781279966440702
-3.4e+38 -3.4e+38 -3.4e+38 -3.4e+38 -3.4e+38 -3.4e+38 -3.4e+38 -3.4e+38 -3.4e+38 -3.4e+38 -3.4e+38 -0.539408839927988 -0.375358892428465 -0.314999455349064 -0.202188535937314 -0.0199407642234489 0.0757556273922973 0.156504633203796 0.268293427850801 0.293413059838164 0.368562757672958 0.508253365916081 0.500377132674763 0.433508944510483 0.393316517048619 0.295710864106143 0.329424462845759 0.502397391959617 0.331871380101263 -0.0476067242858486 0.132092700998131 -0.0853965537029746 -0.311805792196361 -0.356472933602174 -0.414283574499439 -0.352419965853259 -0.322769425918887 -0.0901873940822371 -0.00660597830986907 0.0942577246141375 0.192599674277048 0.259478609554944 0.321797403447442 0.382754050141062 0.395570670383395 0.458878769270162 0.543923660499626 0.613887164852772 0.652830400804908 0.737778465243192 0.787584980168866
-3.4e+38 -3.4e+38 -3.4e+38 -3.4e+38 -3.4e+38 -3.4e+38 -3.4e+38 -3.4e+38 -3.4e+38 -3.4e+38 -3.4e+38 -0.417266292390022 -0.233055612643 -0.233745077068123 -0.149906082073472 -0.0373511930464011 0.102264486843294 0.305152375269935 0.472549425563045 0.4466607385283 0.464857903578195 0.551870529892268 0.548189768145123 0.462133011534928 0.337731681005883 0.305699140716699 0.356699403412918 0.443244556064883 0.41572907437105 -0.0730479436056755 0.0213861124635039 -0.0225113137561447 -0.234430973318448 -0.259955314798943 -0.362486077702202 -0.422832525626563 -0.469169643355826 -0.186365753768338 0.00291731836249703 0.132369531295818 0.238806981340508 0.321860586291247 0.403211329222738 0.428264659943661 0.438591984668541 0.464035652899374 0.56246707180345 0.60525640135698 0.691390569950787 0.758407496196876 0.798095677023012
-3.4e+38 -3.4e+38 -3.4e+38 -3.4e+38 -3.4e+38 -3.4e+38 -3.4e+38 -3.4e+38 -3.4e+38 -3.4e+38 -0.498841470736601 -0.303063099184091 -0.120352077597258 -0.13680545215239 -0.0978664844632004 0.0289899478702137 0.190596988224298 0.411245870763223 0.612906285359545 0.570310581856017 0.556745269198367 0.599755777344559 0.62829848818271 0.457003478481783 0.353070910815418 0.369098469501319 0.401725532464279 0.408678978746385 0.296178291155221 0.0526363187174449 -0.165336619818183 -0.10226757874419 -0.209094756113845 -0.232823202688866 -0.390969983092667 -0.478094664337893 -0.128210605864027 -0.149730918545759 -0.0224568486499805 0.132482419008105 0.207100674004717 0.354149193569607 0.410514551234116 0.438435964390059 0.438301928242444 0.488779932982041 0.479836514706454 0.623245148110883 0.733321155861942 0.791206250256867 0.810776957986693
