data/pcas/pca_referenceLayers/PC04.asc
NCOLS 494 
NROWS 529 
XLLCORNER -117.166666666667 
YLLCORNER -55.5 
CELLSIZE 0.166666666666667 
NODATA_value -3.4e+38 
[rows 69 to 91 of 529, columns 102 to 152 of 494]
-0.101312545931848 -0.103073800646477 -0.0156184509612002 -0.251735446346536 -0.184891655746079 0.0405879176141162 0.377598247759609 0.83061681224337 1.15949737943907 1.34012884526068 1.27073036265275 0.947650873672003 0.598245564521523 0.568176326254582 0.336001829837296 0.0725227715764778 0.106044518192988 -0.14160035540884 -3.4e+38 -3.4e+38 -3.4e+38 -3.4e+38 -3.4e+38 -3.4e+38 -3.4e+38 -3.4e+38 -3.4e+38 -3.4e+38 -3.4e+38 -3.4e+38 -3.4e+38 -3.4e+38 -3.4e+38 -3.4e+38 -3.4e+38 -3.4e+38 -3.4e+38 -3.4e+38 -3.4e+38 -3.4e+38 -3.4e+38 -3.4e+38 -3.4e+38 -3.4e+38 -3.4e+38 -3.4e+38 -3.4e+38 -3.4e+38 -3.4e+38 -3.4e+38 -3.4e+38
0.0383182802056571 0.061000113872183 0.0807238031468927 -0.106556749719667 -0.177784765110866 -0.0723962287509066 0.0756918150297768 0.334088209917905 0.636301273469045 1.38237091238624 1.82692199116404 1.78614003187657 1.51529728599033 0.722613633249293 0.124163172701015 -0.20502761272243 -0.0920468099467545 -0.237405180850385 -3.4e+38 -3.4e+38 -3.4e+38 -3.4e+38 -3.4e+38 -3.4e+38 -3.4e+38 -3.4e+38 -3.4e+38 -3.4e+38 -3.4e+38 -3.4e+38 -3.4e+38 -3.4e+38 -3.4e+38 -3.4e+38 -3.4e+38 -3.4e+38 -3.4e+38 -3.4e+38 -3.4e+38 -3.4e+38 -3.4e+38 -3.4e+38 -3.4e+38 -3.4e+38 -3.4e+38 -3.4e+38 -3.4e+38 -3.58174124981348 -3.4e+38 -3.4e+38 -3.4e+38
0.461517650787497 0.39348815763466 0.375513472238234 0.117719598487994 0.0247964523562086 0.0169379924354405 -0.102953805295449 0.0657423949748066 0.542107004991427 0.795103192434594 1.93000765647544 2.42038867595355 1.8950875369134 1.06099672642231 0.370148915636814 -0.333195492444888 -0.534215430638531 -0.602730110039499 -3.4e+38 -3.4e+38 -3.4e+38 -3.4e+38 -3.4e+38 -3.4e+38 -3.4e+38 -3.4e+38 -3.4e+38 -3.4e+38 -3.4e+38 -3.4e+38 -3.4e+38 -3.4e+38 -3.4e+38 -3.4e+38 -3.4e+38 -3.4e+38 -3.4e+38 -3.4e+38 -3.4e+38 -3.4e+38 -3.4e+38 -3.4e+38 -3.4e+38 -3.4e+38 -3.4e+38 -3.4e+38 -3.4e+38 -3.4e+38 -3.4e+38 -3.4e+38 -3.4e+38
0.849053319096121 0.675425702680753 0.454916016367589 0.249321544633795 0.0644996488613986 0.1560192919897 0.243839343080908 0.0868831563751251 0.471530579676253 0.919313751219823 1.23185014557012 2.59676592594456 2.58882639930132 1.48299037294953 0.730597525439741 -0.336407228455417 -0.569815585879973 -0.591769385584152 -0.477392467321818 -3.4e+38 -3.4e+38 -3.4e+38 -3.4e+38 -3.4e+38 -3.4e+38 -3.4e+38 -3.4e+38 -3.4e+38 -3.4e+38 -3.4e+38 -3.4e+38 -3.4e+38 -3.4e+38 -3.4e+38 -3.4e+38 -3.4e+38 -3.4e+38 -3.4e+38 -3.4e+38 -3.4e+38 -3.4e+38 -3.4e+38 -3.4e+38 -3.4e+38 -3.4e+38 -3.4e+38 -3.4e+38 -3.4e+38 -3.4e+38 -3.4e+38 -3.4e+38
1.14514388039374 0.814781134895324 0.698695893858584 0.531311444363189 0.340133704629057 0.172229714349306 0.209492740653093 0.372038613857078 0.587784338480835 1.03619918039845 0.94092291461363 1.77837181582978 2.33148482042461 2.37912749766785 1.24053015187974 0.163039427954848 -0.157240297321547 -0.400117867957155 -0.554399375865001 -0.51144737607011 -3.4e+38 -3.4e+38 -3.4e+38 -3.4e+38 -3.4e+38 -3.4e+38 -3.4e+38 -3.4e+38 -3.4e+38 -3.4e+38 -3.4e+38 -3.4e+38 -3.4e+38 -3.4e+38 -3.4e+38 -3.4e+38 -3.4e+38 -3.4e+38 -3.4e+38 -3.4e+38 -3.4e+38 -3.4e+38 -3.4e+38 -3.4e+38 -3.4e+38 -3.4e+38 -3.4e+38 -3.4e+38 -3.4e+38 -3.4e+38 -3.4e+38
1.37993353587841 1.16946902344218 1.01433280153279 0.962361700229077 0.691540463741122 0.409468379648816 0.350577982786858 0.453220319569927 0.489849674005383 0.913576376391841 0.945713017992214 0.782001312836511 1.95322662599998 3.16142983158198 1.9867014749801 0.704915101231189 0.135392594737082 -0.0733953442129504 -0.214868899848575 -0.391559986906626 -0.477729134317936 -3.4e+38 -3.4e+38 -3.4e+38 -3.4e+38 -3.4e+38 -3.4e+38 -3.4e+38 -3.4e+38 -3.4e+38 -3.4e+38 -3.4e+38 -3.4e+38 -3.4e+38 -3.4e+38 -3.4e+38 -3.4e+38 -3.4e+38 -3.4e+38 -3.4e+38 -3.4e+38 -3.4e+38 -3.4e+38 -3.4e+38 -3.4e+38 -3.4e+38 -3.4e+38 -3.4e+38 -3.4e+38 -3.08771705803164 -3.4e+38
1.34035843607594 1.14169366696911 1.3427908495713 1.25433790762072 0.967448019200748 0.711230032673873 0.602780219244895 0.629453352116138 0.552379596126818 0.601410932984777 0.493918022596454 0.452089032534723 0.554314001181518 1.52555437667556 2.07442134633448 1.45159462310661 0.809566117163763 0.393374032029176 0.00811352258488676 -0.197956784347432 -0.256904728161366 -0.287705700539147 -3.4e+38 -3.4e+38 -3.4e+38 -3.4e+38 -3.4e+38 -3.4e+38 -3.4e+38 -3.4e+38 -3.4e+38 -3.4e+38 -3.4e+38 -3.4e+38 -3.4e+38 -3.4e+38 -3.4e+38 -3.4e+38 -3.4e+38 -3.4e+38 -3.4e+38 -3.4e+38 -3.4e+38 -3.4e+38 -3.4e+38 -3.4e+38 -3.4e+38 -3.4e+38 -3.4e+38 -3.4e+38 -3.4e+38
1.36295244801793 1.35835457819244 1.36224504594667 1.51943068693262 1.22497815304696 1.11297077646641 0.975462843760616 0.879502878374056 0.792414577341361 0.872479419565115 0.834711264528787 0.878917567709477 0.72028609052411 0.58128420963695 0.684261124695289 0.490014795134183 0.772880570010586 0.721585392406141 0.377364842945961 0.107139763409868 -0.0965070400155485 -0.11783516110103 0.137668338167553 -3.4e+38 -3.4e+38 -3.4e+38 -3.4e+38 -3.4e+38 -3.4e+38 -3.4e+38 -3.4e+38 -3.4e+38 -3.4e+38 -3.4e+38 -3.4e+38 -3.4e+38 -3.4e+38 -3.4e+38 -3.4e+38 -3.4e+38 -3.4e+38 -3.4e+38 -3.4e+38 -3.4e+38 -3.4e+38 -3.4e+38 -3.4e+38 -3.4e+38 -3.4e+38 -3.4e+38 -3.4e+38
1.47374734400562 1.78211762947706 1.82646115130455 1.6285742404059 1.62086319517002 1.28180519776139 1.13451666250044 1.04790581895187 0.963533430725158 1.06164814273848 1.08938722607952 1.01303805209965 0.797372370109756 0.679942817979362 0.484655821914627 0.492734939265734 0.595678212157809 0.342976270735632 0.587493030513975 0.344465853628748 0.890041411684115 0.175767745051885 0.31305706509421 -3.4e+38 -3.4e+38 -3.4e+38 -3.4e+38 -3.4e+38 -3.4e+38 -3.4e+38 -3.4e+38 -3.4e+38 -3.4e+38 -3.4e+38 -3.4e+38 -3.4e+38 -3.4e+38 -3.4e+38 -3.4e+38 -3.4e+38 -3.4e+38 -3.4e+38 -3.4e+38 -3.4e+38 -3.4e+38 -3.4e+38 -3.4e+38 -3.4e+38 -3.4e+38 -3.4e+38 -3.4e+38
2.28502090832257 1.72047492156164 2.79430940344006 1.68609499957532 1.40332451476185 1.29356375376412 1.019826057479 1.11813389350773 1.13130514264796 1.41720977667934 1.53951615220956 1.41059646916178 1.18273274745941 1.011943423018 0.710620392287771 0.768184774645035 0.813050827691935 0.885415831993966 0.709883038563108 0.709554940288072 0.144436408360107 0.454567050926275 0.82837038331704 -3.4e+38 -3.4e+38 -3.4e+38 -3.4e+38 -3.4e+38 -3.4e+38 -3.4e+38 -3.4e+38 -3.4e+38 -3.4e+38 -3.4e+38 -3.4e+38 -3.4e+38 -3.4e+38 -3.4e+38 -3.4e+38 -3.4e+38 -3.4e+38 -3.4e+38 -3.4e+38 -3.4e+38 -3.4e+38 -3.4e+38 -3.4e+38 -3.4e+38 -3.4e+38 -3.4e+38 -3.4e+38
2.33544008149808 2.18171386084987 2.12454583442107 1.91131124200124 1.51947359551034 1.33490384642232 0.97373700665649 1.06806317704735 1.23532639219691 1.2980411410003 1.63116640364812 1.54248332354141 1.50612419024181 1.40815121984556 1.01307733177625 0.81700495439672 0.846635506641101 1.0551767999361 0.671879830976189 0.369014669799296 0.00726351662821467 1.07134243339913 1.49127233467504 1.43273402037384 -3.4e+38 -3.4e+38 -3.4e+38 -3.4e+38 -3.4e+38 -3.4e+38 -3.4e+38 -3.4e+38 -3.4e+38 -3.4e+38 -3.4e+38 -3.4e+38 -3.4e+38 -3.4e+38 -3.4e+38 -3.4e+38 -3.4e+38 -3.4e+38 -3.4e+38 -3.4e+38 -3.4e+38 -3.4e+38 -3.4e+38 -3.4e+38 -3.4e+38 -3.4e+38 -3.4e+38
1.45267472674559 2.00032797574955 1.73308836028887 1.96411604570456 1.83417750887438 1.6235614574942 1.25454691486683 1.15005197205485 1.29004794321598 1.41921960742338 1.64082993308927 1.58341264700315 1.34096086532942 1.45243954223892 1.3817178649282 1.10647377296834 1.03203702483863 1.07627341187931 0.660785992899401 0.662820234683912 0.253834689055046 0.588046996311632 1.29055016776255 1.23080238195914 1.40903698950387 -3.4e+38 -3.4e+38 -3.4e+38 -3.4e+38 -3.4e+38 -3.4e+38 -3.4e+38 -3.4e+38 -3.4e+38 -3.4e+38 -3.4e+38 -3.4e+38 -3.4e+38 -3.4e+38 -3.4e+38 -3.4e+38 -3.4e+38 -3.4e+38 -3.4e+38 -3.4e+38 -3.4e+38 -3.4e+38 -3.4e+38 -3.4e+38 -3.4e+38 -3.4e+38
1.35171824211065 2.09477416208936 2.15043318438385 1.71419288611438 1.83786542166335 1.79790641451326 1.68116372024557 1.44565977537299 1.43288089900703 1.58163819037168 1.7596338777112 1.72992009410964 1.69780838190727 1.59395551532477 1.29991216810791 1.34749993816544 1.37605247095922 1.49695438719887 1.01953699595291 1.3070775394945 0.540093516279273 0.452999097304441 0.499883931475549 1.11610481816789 1.24559050915757 1.18210142263996 -3.4e+38 -3.4e+38 -3.4e+38 -3.4e+38 -3.4e+38 -3.4e+38 -3.4e+38 -3.4e+38 -3.4e+38 -3.4e+38 -3.4e+38 -3.4e+38 -3.4e+38 -3.4e+38 -3.4e+38 -3.4e+38 -3.4e+38 -3.4e+38 -3.4e+38 -3.4e+38 -3.4e+38 -3.4e+38 -3.4e+38 -3.4e+38 -3.4e+38
1.43052702180125 1.57515281060605 1.48694059391564 1.51577649177437 1.39868785513533 1.27185028920413 1.11400395758297 1.26685355132287 1.30880859679458 1.46634308843191 1.54866138946525 1.55400498534913 1.55669607065093 1.45085140320406 1.18767540570235 1.00099440082677 1.14900174501085 0.897104345693558 1.09995772270294 1.41260934112381 1.06274253472605 0.745266210792912 0.561715536651265 0.566258742022269 1.26464377743896 1.16114408069299 -3.4e+38 -3.4e+38 -3.4e+38 -3.4e+38 -3.4e+38 -3.4e+38 -3.4e+38 -3.4e+38 -3.4e+38 -3.4e+38 -3.4e+38 -3.4e+38 -3.4e+38 -3.4e+38 -3.4e+38 -3.4e+38 -3.4e+38 -3.4e+38 -3.4e+38 -3.4e+38 -3.4e+38 -3.4e+38 -3.4e+38 -3.4e+38 -3.4e+38
1.39811408165821 1.42689960994623 1.28193124202387 1.28065191657145 1.40908786751658 1.36287369295921 1.20482914938787 1.30970517950114 1.33854870631025 1.36239735376497 1.29135263032683 1.07277767296433 1.00287667692218 1.00618861300875 0.923367980796724 0.74330456207307 0.550610714783419 0.496602934592637 0.965892216833376 1.71356388591632 2.15407339355513 1.5196342738649 0.761480431462867 0.738105312492011 1.29878343286716 0.919037534328637 0.651544359138277 0.697789025836269 1.09267787120715 1.26853912210196 1.25607117396329 -3.4e+38 -3.4e+38 -3.4e+38 -3.4e+38 -3.4e+38 -3.4e+38 -3.4e+38 -3.4e+38 -3.4e+38 -3.4e+38 -3.4e+38 -3.4e+38 -3.4e+38 -3.4e+38 -3.4e+38 -3.4e+38 -0.51728049218946 -0.511721851149322 -0.481772685556183 -0.3292692218726
1.30896008391487 1.46504935230454 1.03712986174623 1.16882807471377 1.53984173391006 1.57670904541164 1.37505990045953 1.22768463340302 1.34917475282591 1.13832955674016 1.05621618932643 0.874537395155263 0.714983811516892 0.809747697250837 0.739417428504919 0.565219532678015 0.337400924227184 0.507419919220473 1.06945534920999 2.10310276590973 2.81271924676475 2.12704680588897 1.09229461923406 0.762577467647908 0.486328117327479 0.610311783358837 0.219955548766182 0.439501627528018 1.050584038594 1.49041593709742 1.29760899126523 1.29502497094535 1.78562114060231 -3.4e+38 -3.4e+38 -3.4e+38 -3.4e+38 -3.4e+38 -3.4e+38 -3.4e+38 -3.4e+38 -3.4e+38 -3.4e+38 -3.4e+38 -0.621128249795457 -0.595398572214241 -0.4802508096852 -0.42783400486336 -0.406401841762458 -0.343766576826536 -0.208267501963281
1.19084504851241 1.28603859102331 1.06819674545078 1.36835658260512 1.40879333242869 1.30656634229643 1.31962283896239 1.2441025432897 1.26046409059433 1.01355895123038 0.670871914083508 0.648920546234803 0.547568679104172 0.637069872408135 0.705350368144432 0.410897096032921 0.387590501280944 0.566500414988806 1.10788552108916 2.15157636805359 2.92689373390286 2.58209089832067 1.72977886771054 0.974478006671857 0.564677544530506 0.096303262408626 0.2671233367711 0.22893237543344 0.110723196598296 0.408931455942222 0.0057968818239748 0.792140514255276 0.882134264989889 -3.4e+38 -3.4e+38 -3.4e+38 -3.4e+38 -3.4e+38 -0.283471391280064 -0.413889057935122 -0.430755867724438 -0.504697422605998 -0.548800541499037 -0.373565548255843 -0.297937966414683 -0.293285566401153 -0.166384886035157 -0.0600463918629208 -0.000751369566044539 -0.0207110557581695 -0.408431931282696
0.973256578865359 1.08306892404366 1.03966936126698 1.33386068996533 1.46898396661336 1.44817202971909 1.30885927961769 1.29938478763002 1.15136985771323 0.908870416763226 0.711767972264279 0.917744615308833 0.451083882100874 0.0252638576042719 0.0919986808864067 0.362615174954185 0.236963514752952 0.568066598729613 1.0352964788926 1.99109819317828 3.73191287952367 2.88009491076291 2.64567300186147 1.82950938331741 1.1405962975292 0.524885079705886 0.0638580866539054 -0.170745316674348 -0.221171279566343 -0.140463094065024 -0.0921256557001082 -0.0366196367548383 0.617151606066097 1.05919528009563 -3.4e+38 1.16772977551226 0.841088785360017 0.538840533197124 0.0953962871086923 0.0208098520196239 -0.100337281289391 -0.169433320142044 -0.252127146597392 -0.125801704152659 0.0496079038304111 -0.00387317033722438 0.0465847081744074 0.17320231192155 0.232824683178173 -0.155492992684111 -0.0381651799692534
0.809372990318324 0.795224945529506 0.949180258521919 1.15383947193837 1.12150210046038 1.14459459878141 1.15467212119013 1.12365967785694 0.946669906984678 0.892165451044373 0.895202267382852 0.798401571713664 0.619181207499262 0.126925647449937 0.20101956151971 0.513744042743379 0.2648845700193 0.418906538670541 0.950223275184566 1.77350591024115 3.22472181893318 3.93428409575974 3.49013016666589 2.82278797287667 1.98989218634448 1.27113828423941 0.641665774469155 0.118231197303649 -0.178495255834612 -0.214453616819511 -0.0195811551763113 0.0984825977055533 0.22026104578286 1.15176960278777 1.42881699568247 1.24219048797918 0.986031895006656 0.634043010375368 0.398039730805029 0.325889274084378 0.222607372138845 0.0957211963218992 -0.00388165081120263 0.162027619713842 0.239556134238751 0.21242832839319 0.285604063751146 0.341148652892796 0.37305923169981 -0.0473741786517719 0.0489849556868281
0.819301409303512 0.741106312653327 0.731746178431374 1.00281216411251 0.982925730187916 0.850100598302872 0.917778727304643 0.853570936737105 0.982036002100985 0.894824739597069 1.02661934447509 0.827598175720553 0.608207631468245 0.568679758081892 0.53421231529921 0.616530649693396 0.688791409686792 0.326365116222844 0.585518578744758 1.22700576971754 2.20652271242437 3.24028346806526 3.31259186297388 3.10102338533961 2.72982490386927 1.92475365797401 1.13661368463904 0.570805142294291 0.211834043754328 0.188654089454017 0.259813698548281 0.412627404692856 0.387268254830632 1.13925065106709 1.20629640366733 1.03641079524369 0.933745636572513 0.607489983518091 0.455419316315757 0.571474517186469 0.495858461246931 0.424065538679799 0.293725669737627 0.338696146286963 0.535360204171257 0.572940515994979 0.598215769995477 0.618618706471193 0.478758415349055 -0.0357439539896667 -0.10292006103301
0.773842173986495 0.812642944003572 0.711287320013782 0.762439370547662 0.723024644080147 0.808405956473191 0.913561493355441 0.834734506809943 1.15459253705493 0.92000773262874 1.2909845750567 1.03140408980061 0.709748183907007 0.708114083722949 0.7722284999063 0.738815788883251 0.698141251445823 0.475240941212368 0.44582804038265 0.538123905553392 1.25382212025871 2.20817723430588 2.71446366179893 3.07464447764155 3.10172133982148 2.39834283855465 1.68876192716378 1.15547443424226 0.765041112777912 0.645193709206889 0.666473877396461 0.683354269086118 0.702046884794565 1.49196142076031 1.42239764592618 1.11032257098754 1.05240134576732 0.926267659410435 0.801904635715698 0.943687584042005 0.9550637302262 1.01941566437768 0.922539922000974 0.890745050351728 0.954917804405666 1.08993102287432 1.16091091721039 1.16205456412224 0.551554284626621 0.390475256890773 0.284244319952834
1.04357900570909 0.919464006446105 0.798959879481336 0.757691457942711 0.565529459625927 1.11805958906213 1.28254856106027 1.2841349866718 1.42884558996943 0.907162972476609 0.999283307016393 1.02686359274804 0.819190816413926 0.841565923340968 0.851180465548938 0.890514395908209 0.843948523615018 0.586990807813742 0.375755200489817 0.517521815948175 0.75169858590951 1.38158647827764 1.89174728931831 2.37475894840253 2.71205172284455 2.55106093291736 2.14523934855945 1.60506263094344 1.22904326029904 1.19771432528922 1.1686249238929 1.11137893055766 1.16104503470425 2.12077022998777 2.02666036098781 1.72777978818474 0.854259193846379 0.707408240807719 0.679021886011576 0.862529422928793 1.03206199924837 1.26706975466078 1.98621477796481 1.95214984156276 1.71406878882255 1.75774876713013 1.767832518657 1.84844870047534 1.55516036072057 0.932055615060354 0.757177970359344
1.01065678992113 0.968000588880605 1.14010777813304 0.976639004526314 0.684980148461521 0.902784368302313 1.1185044674698 1.54809354179319 1.59143074548154 1.28445724206555 1.2634270872939 1.19729647291674 1.09506239853132 0.939204933373901 1.00500668040092 0.972885593855274 0.816571070140013 0.768227890398634 0.574433448244278 0.37076017096215 0.258728480238004 0.761597133081395 0.716398204030016 1.90955814902936 2.16199076524953 2.16835453228462 2.1901125567379 2.0538419850163 1.78482120153708 1.80436254568873 1.73649612142358 1.58622978920858 1.66949446178743 2.75357477691817 2.64571909435508 1.42337048014554 1.17929722925171 0.938649849551737 0.944487347603494 1.07634568862848 1.55760873313154 1.89926244914454 2.29516624161675 2.23859522195649 2.27965299141396 1.72331640091515 1.81282018398724 2.13199054043584 1.75246708732609 1.55020949136926 0.956100300363927
