data/pcas/pca_referenceLayers/PC04.asc
NCOLS 494 
NROWS 529 
XLLCORNER -117.166666666667 
YLLCORNER -55.5 
CELLSIZE 0.166666666666667 
NODATA_value -3.4e+38 
[rows 253 to 275 of 529, columns 408 to 458 of 494]
0.140980151762165 0.104818134625781 0.151262503565799 0.0952860206028816 0.0656417021130674 0.0729841996769633 0.068794227541743 -0.0149248096785348 -0.0404140021709531 -0.000345638816628718 -0.0307271767158262 0.0148347719946294 -0.0228850463591424 -0.0904447534234135 0.277786363362829 0.334974001716728 0.291382121556252 0.306824258082252 0.359608553793182 0.452037738960774 0.457940468954549 0.344701501492813 0.134619379205857 -0.0198293496793139 -0.0860771426575632 -0.0958614356097076 -2.99555790703732e-05 -0.0500079428692908 -0.186692998342332 -0.280232210162548 -0.34092596152929 -0.397100953203991 -0.444635143765969 -0.448992307095178 -0.430822583591158 -0.454671862361903 -0.462716007271514 -0.509361066888387 -0.56160747870425 -0.646339371609259 -0.694234785442677 -0.551321267377196 -0.694936067151775 -0.703613931854848 -0.616808795300665 -0.562417092269127 -0.472051059167524 -0.516857582160275 -0.645824685770741 -0.808237421427119 -0.917661458809909
0.156134945610651 0.120168536178541 0.117315397005695 0.0972242399855668 0.0161791286816058 0.0415161365440181 0.052084093270572 0.0041281647498307 -0.0420185312206611 0.00953383112351994 -0.0118118456392722 0.473128817992124 0.399743062554678 0.358018650808901 0.433011225847312 0.397933261324245 0.362157955643265 0.330793436938402 0.327155734812846 0.379475890488676 0.405356049966306 0.281813495154851 0.231011624888515 0.143131606248223 -0.00754506882698724 -0.0639224173789431 -0.0444878923008935 -0.0428650833660898 -0.104114580288034 -0.191045222661769 -0.261506492765648 -0.31361898735983 -0.37539655833447 -0.375803705202356 -0.432176363517259 -0.441913161474297 -0.485423563879502 -0.519736296602766 -0.5327335346052 -0.591475050285706 -0.471207973076189 -0.637405226369153 -0.868348381339257 -0.696180044061802 -0.799397327982347 -0.791610621417418 -0.702455228456173 -0.561687508632249 -0.632595565311901 -0.841783294146717 -0.80603732440605
0.130635737727225 0.129174794086282 0.141883264398286 0.107672970216034 0.0527822489133089 0.0636219479043665 0.0772177431941792 0.523753212981023 0.447337629105135 0.442740794258117 0.43154602315121 0.472143171309888 0.411270901145666 0.405633266168606 0.442369419817083 0.403442389760554 0.398086899990157 0.384895899955594 0.389668578485926 0.373484240424095 0.414742379417948 0.326997335556792 0.289257337678428 0.200943490873975 0.0511684337460004 -0.00709200800458995 -0.0531855797490954 -0.0934105500064233 -0.0889660729565783 -0.0966306411487205 -0.154989417069394 -0.18561096695211 -0.278200340724755 -0.303240657864157 -0.370324183337015 -0.361109539032873 -0.397555990099701 -0.44176285816297 -0.486409237133348 -0.488365849046481 -0.339419598008389 -0.696802755620928 -0.603254880667846 -0.485912767413897 -0.487087767989285 -0.543765654303105 -0.579949149591349 -0.622147966439096 -0.739525483091987 -0.752932854024688 -0.785764881945396
0.606049549281948 0.128952860261961 0.610253132528493 0.61286140085153 0.434765876652954 0.102644531165853 0.588218374484704 0.57859798622193 0.479009245778866 0.489502957522238 0.449598253358127 0.434071426871412 0.422790613604001 0.423425422683923 0.432317626685487 0.441321209422441 0.4191507442103 0.373523377474215 0.405792851389616 0.37518893370287 0.372907159452331 0.416847168028723 0.39146583720752 0.28583869634504 0.150664983788628 0.138610194290133 0.0596688098566144 0.00435342999756359 0.0287324445723581 0.0280910744001301 -0.061481705110533 -0.119906168827188 -0.169978737369688 -0.233655562200471 -0.332766973242181 -0.295080868770532 -0.337682687829169 -0.347257344844084 -0.381028809379192 -0.370314680109106 -0.296105074148886 -0.415966968635402 -0.381628979932145 -0.434860831259895 -0.4712110136296 -0.527956842158645 -0.611447932554709 -0.699681391496246 -0.675483583958286 -0.736221661240542 -0.846365711649991
0.618672547927665 0.649900306974823 0.611028977451975 0.624284153877303 0.40247458756497 0.567514573576275 0.602008398311151 0.578516209794548 0.476783991524597 0.501411304688648 0.477947193140494 0.448753709793798 0.516801476667208 0.46253940092995 0.411173044580959 0.430013823737169 0.468029014803019 0.517061708558748 0.57197087454626 0.532102834647742 0.581092949038226 0.636401849700818 0.449812392076904 0.350140372097517 0.283978515280347 0.266314202345279 0.200024742340159 0.189561710921071 0.175286843221766 0.143581843865045 0.0736020753610699 -0.00295507704089545 -0.0854252988299738 -0.145417599280752 -0.212449919912969 -0.192823889943221 -0.291648703038425 -0.335207309330415 -0.377532018618897 -0.368172758822916 -0.274657615129736 -0.262739761409121 -0.361701272365729 -0.422418528874946 -0.495385653034036 -0.563184574756884 -0.620604638794988 -0.760507959101462 -0.770288595065641 -0.872380873645081 -1.00939830828459
0.633899430427272 0.643945310264908 0.621931797257309 0.614540412064238 0.415607943388325 0.558630060697282 0.607204113392845 0.579644204841914 0.489288148147294 0.508293434524951 0.483501609385649 0.502120143336198 0.510376101011555 0.515926083747536 0.452432683294341 0.441048874262503 0.465498736516369 0.534781239881485 0.568723176754012 0.620676535051228 0.619941075595945 0.664916299431518 0.565372845557771 0.412410268001736 0.42945650326578 0.394359964270878 0.353346439484888 0.381231538381831 0.374429476621977 0.359375020189502 0.265519591811215 0.152911690945683 0.0545730060947715 -0.0365693384269963 -0.126268039333698 -0.12278371303933 -0.251868535497074 -0.323655696640032 -0.391324771907051 -0.453193331491341 -0.23462102171412 -0.302381262170612 -0.43481675831538 -0.483752808205851 -0.56837003754488 -0.573859516460137 -0.649712921790582 -0.723908495211987 -0.893395591571386 -0.962555912442239 -1.06561677723548
0.644845937390634 0.660804246516107 0.625281796634151 0.602518080470887 0.453918479733766 0.586091681860077 0.548119937925413 0.544729060905284 0.516665308773608 0.533373351323506 0.511022276303782 0.566518182111006 0.536411018731646 0.53773086152439 0.49962725852871 0.47670784025918 0.496653199960062 0.531324095015696 0.557494422748499 0.594904190751994 0.589655714221642 0.619595205285458 0.607197038030062 0.492019715617765 0.535364046157337 0.528531657967158 0.53302023995854 0.596727077416974 0.640976545806061 0.583329595561198 0.447187947315009 0.307223532509531 0.159077303023195 0.0802867168789279 -0.0920241102254062 0.541687513215399 0.37223652991095 -0.33757682858382 -0.413417275497997 -0.515803841791498 -0.579983607983988 -0.401374858804651 -0.432694094663767 -0.52173233403556 -0.645443305511853 -0.689182708583155 -0.787516212369506 -0.80970483754249 -0.960662634425451 -0.952893436555891 -1.12339225757881
0.61209199075388 0.661430426127413 0.610001520383989 0.599008370053139 0.493711229442751 0.570552919580695 0.598890871072984 0.55902073517739 0.480708965862286 0.545937991397278 0.57633874322789 0.555062412953595 0.589641609525926 0.525511181738873 0.527671685739247 0.49727420729671 0.534922386776488 0.54853220746376 0.521432795930253 0.45370597339812 0.628890609733431 0.549587408153975 0.572589868120424 0.577933411169089 0.58852295215256 0.626032554767004 0.665024243262561 0.756985209911963 0.765946010764519 0.668020669806065 0.497967589732002 0.341882774366243 0.226597098343993 0.0833013611770265 0.487261061982795 0.473709254841237 0.272762602331898 0.165967812700752 -0.502125370727981 -0.518090602186866 -0.577305179036281 -0.460818030352494 -0.462460266206218 -0.509536054384556 -0.627278870174456 -0.727024570172344 -0.622480604032289 -0.748020257905242 -0.944868397877733 -0.95827841120838 -1.13116730720954
0.655650917634344 0.675030157544986 0.634438247751538 0.612149838775834 0.53470938611022 0.59583888218861 0.590724641069058 0.552833980555876 0.53453119616017 0.510671083071763 0.587887349534459 0.587974710860593 0.612096622925834 0.526572299200119 0.556312337744375 0.527663039607043 0.523369378614483 0.64554432384443 0.611028373281646 0.536056146531962 0.462400009093858 0.445881562425416 0.494784417834474 0.625800707789084 0.684790791402731 0.659827420930215 0.699991638361545 0.742666454009273 0.714055905414965 0.580971592188799 0.452842663560703 0.346363649363133 0.163264809860255 -0.054007672777486 0.160074924331231 0.0381846921512358 0.106724371953303 0.0608595225319099 -0.452767282931294 -0.506501004848863 -0.350342843949111 -0.454178597685951 -0.46165627326486 -0.459359889971176 -0.553455810588513 -0.656748086274415 -0.668726114139933 -0.818331746182362 -0.843548664120487 -0.929049935147087 -1.1336330040108
0.689157809709988 0.683803782658589 0.65735885830236 0.60340625592728 0.599635148383633 0.604836797347151 0.662966527003674 0.563607637144894 0.551694369674908 0.552509099985303 0.566825988432803 0.561442666071278 0.597998694924304 0.582798646440866 0.580919231025156 0.53734193264139 0.692660791110407 0.68623909541762 0.57212949587184 0.495625373353039 0.475123573804797 0.421883142801947 0.487901470449223 0.61687180993831 0.667075941875917 0.716692994516389 0.721568130831789 0.700829563503173 0.661636235328849 0.534278479960095 0.389022515810743 0.277833648797075 0.0946243828803789 -0.127066665840389 -0.0372395950649046 -0.234790170732985 -0.101446917002123 0.106776275546459 0.06507079786482 -0.225722217983283 -0.362965035848835 -0.386679034929433 -0.430246383990933 -0.451098910267527 -0.509136460044343 -0.608847579276885 -0.715082993674025 -0.987784258754598 -0.859912877033421 -0.874538261224985 -1.18362501569279
0.707908220788335 0.713064984483217 0.668953079548898 0.627839573001447 0.584371187136917 0.634828694109338 0.632907508014583 0.610203948746575 0.576841731150748 0.619419482150366 0.625079894630799 0.587374297302017 0.575435566308079 0.646641277370624 0.571532266398594 0.638302109369888 0.6618735602838 0.594735981945117 0.609379011596866 0.594959318043811 0.521081384466352 0.580817886313561 0.563282496704095 0.639167900516073 0.665416094473206 0.691134233717127 0.74048520610506 0.675528975805791 0.608753407935492 0.554564804147419 0.369875904759372 0.232763323080206 0.0965481018482072 -0.102359387756707 -0.0808269859233546 -0.255394220083755 -0.0928849274419577 -0.0176158891758791 -0.382204863418689 -0.0706861491592762 -0.316701820294677 -0.371116918513546 -0.282076738898 -0.38099552918615 -0.451253240800886 -0.501396687958986 -0.638043121523363 -1.06065811993076 -0.987899075195625 -1.04186890188124 -1.39390006075545
0.712526032042746 0.718191421977862 0.69419525056351 0.657692404196813 0.653281243418015 0.659235892247646 0.669231741939628 0.646124389582571 0.60141675535006 0.599448856873568 0.600422917463514 0.542672534423627 0.546811647265204 0.561508239060694 0.612195844836475 0.608755823860398 0.695551058818813 0.749293268387044 0.657188733081484 0.651746022221581 0.659419807293012 0.689574835201254 0.705326958108518 0.697824676369887 0.672624472623851 0.668304340756243 0.711498412090673 0.627272000184785 0.549985089834609 0.490303005111372 0.34003456324969 0.203234134688856 0.126503262924663 -0.0497318915822506 -0.237663360599393 -0.349236704757092 -0.337405094276336 -0.338094320500148 -0.214888635132902 -0.214446257476274 -0.156255700831462 -0.23469543304282 -0.290178553685954 -0.279682358089879 -0.413345768975352 -0.482665602027735 -0.721826985658021 -1.1945364824435 -1.37548957259725 -1.60385991497639 -1.52721752328015
0.748133455557354 0.728230307912845 0.675852156989753 0.671396191908184 0.702413238940269 0.694287500709447 0.669826559922698 0.642530394575095 0.617302820833042 0.564765930125424 0.558870688107865 0.587848317421529 0.542209074502967 0.518658613802004 0.624920256113125 0.652802985442066 0.640779472074574 0.710277610771202 0.708804512719888 0.66460717426974 0.642096610708613 0.698711847131018 0.643141308890905 0.607492551122891 0.572514432479458 0.583159835749887 0.599879630278184 0.592792768724572 0.525537168310053 0.448206622266336 0.28489831070263 0.199059464662235 0.120510834374739 0.0354985369015609 -0.112742215857569 -0.199541452445247 -0.174579344910161 -0.199037889740086 0.0373828689019332 -0.128208486404779 -0.0581821872004177 -0.143543295227419 -0.240596114156581 -0.235602316981032 -0.433787373123855 -0.545947557095752 -0.765604863946051 -1.2570131466615 -1.44150749164233 -1.57045178987349 -1.49203096335673
0.789526457164962 0.752243668179117 0.747601304434848 0.740874451007206 0.73450956593021 0.705077263330056 0.669850390114868 0.629148094974994 0.587585554494981 0.566769705223938 0.572700333290357 0.577317429427321 0.552520269941337 0.515880176698792 0.557813054645725 0.659112569924275 0.660269916973012 0.759161319724179 0.71998457906368 0.68544967688726 0.614142256587969 0.587661410465785 0.562315850249326 0.478232186647138 0.503996757962255 0.522099488000863 0.532581188067986 0.51359394743417 0.481605048860083 0.42018009058479 0.333785279688057 0.213387676171052 0.134346208861653 0.0724110339023556 -0.0229300817606732 -0.0708162976744703 -0.0466363912612916 -0.0968055947782116 -0.160255574256549 -0.249818221500537 -0.0641091445340766 -0.200106435166651 -0.182488403079706 -0.297090156652873 -0.461387504929109 -0.619985896923359 -0.949928838023912 -1.28916766626589 -1.45329062415331 -1.57017758051757 -1.56268423469113
0.79585736152386 0.779090907336326 0.793835981896861 0.75540350424869 0.768008394783612 0.728603765093572 0.697183833083314 0.629034777804494 0.587578556022722 0.582691773755077 0.589702026648429 0.55732660838671 0.558414334922887 0.567914556658382 0.574401997089672 0.53056253572802 0.593064141348259 0.709504304974861 0.731486548984086 0.621506746382192 0.55799045830251 0.506624018163337 0.490575410172336 0.485141384736851 0.459644871422404 0.519316240089287 0.49381391264158 0.440998573483254 0.474024359892329 0.451441215936229 0.34597867236895 0.300397645380053 0.182160813921512 0.0645982428909318 0.0543382670034819 -0.0283997509640105 -0.0441125738254673 -0.201609379107101 -0.164046216992689 -0.224701015660373 -0.276601873817194 -0.153788609473396 -0.323412235280623 -0.466668012498864 -0.517773741278652 -0.808910725325311 -1.14880017226347 -1.28153403999205 -1.46635775035396 -1.57093073728593 -1.66551681765147
0.787491025498722 0.786380546329604 0.807669018544878 0.767288443045021 0.757518693128423 0.734824704442648 0.693291704535844 0.63757073605855 0.585608285704195 0.572439538142787 0.590747388293604 0.56498215622919 0.547503725209617 0.553178430621683 0.596049833466412 0.559121169854828 0.0654447416731347 0.249185338610067 0.746225507700547 0.653306834871461 0.603101599679856 0.542979520634745 0.552789095392048 0.508553348501337 0.393812119116053 0.457856557681773 0.387675714034709 0.417047541349728 0.450988727329982 0.440985939970758 0.364324385801967 0.29575905793518 0.155348724844576 0.106383860339051 0.0237752950737865 -0.0513104142902099 -0.0865576134019946 -0.197226572408801 -0.244242976633205 -0.280609331183884 -0.312719278063629 -0.066607879500339 -0.268492174605789 -0.507763834223196 -0.666803339906083 -0.855175110190094 -1.13033947510735 -1.26033125462981 -1.26084945482315 -1.5060361668815 -1.66074384799994
0.806035139297896 0.794718764000194 0.78634038248224 0.767568215991724 0.672872532836367 0.620963445873573 0.639489478859827 0.62056693002217 0.596427593108937 0.555971103989192 0.562423684699758 0.559836918691494 0.534967194057276 0.548331056547997 0.568650928949571 0.564888155868608 0.0252078551930124 0.222936442398532 0.185330150334108 0.146850025013029 0.613857007083715 0.579193337263659 0.540949663641282 0.458187681285045 0.363479806884053 0.400303751936131 0.449215714231028 0.443726348973317 0.432524382862324 0.44285426607766 0.403415704718802 0.259428129036516 0.0770756962663349 0.0596986327169928 -0.0598151457595173 -0.0853528403247476 -0.108985528898016 -0.139733677369212 -0.273430199908809 -0.371135754001321 -0.385106430856451 -0.267211866087197 -0.177599194252396 -0.46146155958567 -0.670872203998793 -0.673932384912826 -0.994942346051685 -1.02111990947414 -1.09466600471159 -1.46403685782374 -1.59492119100928
0.779123406738408 0.764158491989137 0.761085375247938 0.731658101455929 0.671440000680577 0.551548199940783 0.60125765968713 0.590091584914663 0.563017298627024 0.530551342229392 0.526359120356278 0.537572445121734 0.533309180801616 0.513275990798092 0.524019832818225 -0.0481491030663499 -0.0627936368734357 0.0896339140352443 0.101748390848181 0.0835013426851023 0.077593585062419 0.0752500573497245 0.603518559900534 0.518567231841893 0.400919938696986 0.40604221142263 0.384475099887997 0.338420868507359 0.385645505329449 0.342400381054948 0.271513555618551 0.145993259440397 -0.035307551150849 -0.0506976979270301 -0.0723832657940773 -0.0977217730598837 -0.0614426782388051 -0.0928025596249663 -0.243623635263191 -0.370354559884004 -0.42910363710791 -0.306273322582698 -0.383407118950018 -0.402760912752301 -0.577849019409241 -0.611508880840406 -0.765283398684292 -0.814663751443264 -0.972100650958653 -1.27327308559221 -1.51138666390255
0.73823648102607 0.735216200232391 0.708732513785127 0.693985909359326 0.634183724387771 0.553156454797596 0.568792803801671 0.549336969911607 0.511440793659364 0.526109210651899 0.542916410730229 0.532660581583654 0.480253831459122 0.475012644588682 0.505759240828731 -0.0655512706352831 -0.137754340753959 0.00867153644322874 0.0506871055992164 -0.0062743659848192 0.00478335623052077 0.0538005568803106 0.510624426049174 0.482476424489509 0.449685603110452 0.424157271349167 0.429993329151985 0.387757569775582 0.365065850502174 0.31250275050629 0.19687427843822 0.0707463702378414 -0.0512052018651006 -0.102864006760585 -0.12466104111456 -0.154574571105577 -0.0683703125750775 -0.10095580874629 -0.215670435337796 -0.381585123564977 -0.449555976110988 -0.288205108766268 -0.37252113121625 -0.312091351239389 -0.524207726156059 -0.657194847733541 -0.656249627475676 -0.597068323544943 -0.832281722627721 -1.14291639172715 -1.39824907854439
0.730712922854845 0.717363499487257 0.689785651624902 0.670926181902481 0.615703094122608 0.573803258893839 0.572299549536867 0.555223985304042 0.489807560855503 0.526967619111728 0.527891436341771 0.516908403115565 0.490196737200301 0.454060256204939 0.408543939549454 -0.121206050175112 -0.229684303555094 -0.032839474868489 -0.0280288555716133 -0.117703192741392 -0.0510838669611699 0.438321678936393 0.414815239579896 0.434316056880925 0.411822050087028 0.411612180682646 0.429236872356016 0.406878113444067 0.347363768151585 0.237272930655356 0.135543796840154 0.0213810121720746 -0.0891346104400392 -0.133311644130928 -0.209551295713244 -0.259499771834529 -0.202541929701526 -0.162953652368274 -0.181100640423099 -0.334770441465211 -0.371750137858006 -0.315563748588234 -0.28749290152142 -0.13941678979738 -0.400951052586368 -0.45677667573279 -0.596910739521475 -0.558922240208123 -0.707776739184102 -1.04968437882991 -1.28402360728801
0.718494808358761 0.713917094550406 0.687224351754204 0.682908811830482 0.655319184477209 0.607052028984484 0.574414290299146 0.579306909829475 0.495375438207422 0.518653398068239 0.509707507245896 0.482754775598329 0.455528621235902 0.489045777412957 -0.0932877044010774 -0.132878958899337 -0.275498568487377 -0.0859612395233552 -0.0600687747286555 -0.0860364976590765 0.345299881887973 0.350090035492094 0.330560445849599 0.352562120182659 0.388422536172578 0.400484359618923 0.3973547902514 0.378910778277644 0.359684590858761 0.280865651768501 0.181718693058248 0.0229765378213542 -0.107456011871552 -0.200729769075993 -0.281869140813857 -0.266741809109171 -0.259498250654268 -0.188229604128601 -0.104820388611109 -0.24577453075823 -0.285637154928356 -0.324180799179742 -0.162872332442083 0.168221928646786 -0.180383976444612 -0.198908837687424 -0.440587937384281 -0.55533036256303 -0.722794362502629 -0.990987022355185 -1.19609771045311
0.712324816063292 0.707734284435082 0.697058545193255 0.671342187171237 0.71461145251735 0.657729631018617 0.542486847040346 0.697814172214784 0.517666952244108 0.502764410244446 0.46850035266504 0.485884865253699 0.481027979672672 0.446858667203982 0.467980612392264 -0.168389777186763 -0.242749799015443 0.482122946675025 0.431575165276611 0.350628140154789 0.304235144499307 0.282942520480518 0.255721100075303 0.272834906315325 0.291358645294391 0.327872809864217 0.364958818565528 0.329974141718698 0.353983659455634 0.40123487688591 0.264550728298618 -0.0310707109130417 -0.194476039244512 -0.215232553741011 -0.210900825372395 -0.271037974137173 -0.239511930044603 -0.177864338562536 -0.145013070233702 -0.164964700790462 -0.196933872432743 -0.278929448631504 -0.0353449640941503 0.489103470996239 -0.056008657827589 -0.183323907809474 -0.381638753874324 -0.582369489319151 -0.766701374722516 -0.987123192921513 -1.12591646737257
0.716332268637637 0.676547545572205 0.681959711696262 0.664217155836502 0.678434805581108 0.627912759637896 0.569296159329641 0.792006576216832 0.599109311825768 0.515131857639589 0.464760036682339 0.487625036983129 0.457711867622958 0.423375445674069 0.436206262328803 0.32855935652453 -0.295888230923415 0.468337112032224 0.38863601338464 0.342553751849561 0.288160791759086 0.202848247011726 0.212239121574341 0.214048465941357 0.227719071423104 0.277178624846681 0.320443355872259 0.228326129343147 0.254680964659299 0.378574541983928 0.245385160753778 -0.126325153195893 -0.24258978974294 -0.241656201788588 -0.258387940728173 -0.241267024621819 -0.197059537633263 -0.15142984777762 -0.168237695013789 -0.0948580809418066 -0.0721553925381085 -0.151403035612098 0.0594599035749957 0.381110018417415 -0.134874280290854 -0.315875768631742 -0.32791370268907 -0.656161184532332 -0.814532639072015 -1.01605325983392 -1.1806610308921
