data/pcas/pca_referenceLayers/PC05.asc
NCOLS 494 
NROWS 529 
XLLCORNER -117.166666666667 
YLLCORNER -55.5 
CELLSIZE 0.166666666666667 
NODATA_value -3.4e+38 
[rows 198 to 219 of 529, columns 204 to 254 of 494]
-3.4e+38 -3.4e+38 -3.4e+38 -3.4e+38 -3.4e+38 -3.4e+38 -3.4e+38 -3.4e+38 -3.4e+38 -3.4e+38 -3.4e+38 -3.4e+38 -3.4e+38 -3.4e+38 -3.4e+38 -3.4e+38 -1.37636336836231 -1.47597126513027 -1.21149276371911 -1.2732576768204 -1.33737440372906 -1.39601369174675 -1.49537738340598 -1.57508787199037 -1.21978698843847 -1.19937301355899 -1.08111497666567 -1.27317771130461 -1.24012435195772 -1.01217811393128 -0.85366661997314 -0.537157240090974 -0.0273722996082625 0.554089611809092 0.0826927512692726 -0.492771742229765 -0.53688018635946 -0.562046221034435 -0.603642175932918 -0.461923915399669 -0.325179946227037 -0.197536509895119 -0.064778058687581 0.0189457446700751 0.0954517618504016 0.163232140478877 0.236277097004328 0.352711420244535 0.409268708648416 0.339885657317602 0.408373779771671
-3.4e+38 -3.4e+38 -3.4e+38 -3.4e+38 -3.4e+38 -3.4e+38 -3.4e+38 -3.4e+38 -3.4e+38 -3.4e+38 -3.4e+38 -3.4e+38 -3.4e+38 -3.4e+38 -3.4e+38 -3.4e+38 -1.34813341175265 -1.44414151161807 -1.57005948076872 -1.23707146694294 -1.29897692653151 -1.36556025974579 -2.05523703741242 -1.52933773052661 -1.38222886965997 -1.39975527803849 -1.32920242148595 -1.23334345066074 -1.01859525147458 -0.937647420764155 -0.691047969557571 -0.236544531667983 0.324707994062936 0.79922789085507 0.289289687163699 -0.305213224865459 -0.415928732504111 -0.432342127841182 -0.273828537404374 -0.278089747635563 -0.23762136481671 -0.154484419893916 -0.0710882152496624 -0.0167009512384213 0.046819105939697 0.0921431375560764 0.158110748267522 0.239593337321768 0.350837445704446 0.265333322026872 0.303884518307821
-3.4e+38 -3.4e+38 -3.4e+38 -3.4e+38 -3.4e+38 -3.4e+38 -3.4e+38 -3.4e+38 -3.4e+38 -3.4e+38 -3.4e+38 -3.4e+38 -3.4e+38 -3.4e+38 -3.4e+38 -1.26643084907065 -1.3627174585219 -1.42391860969879 -1.56990824060195 -1.73608643633629 -1.25628062067499 -1.97365569246796 -2.0432715831672 -2.05718018238662 -1.56265030029728 -1.27382740317468 -1.21358600886542 -1.0557649707528 -0.969110285899401 -0.811955568111521 -0.625538046520038 -0.0156513610549999 0.421289702170794 0.666570272263346 0.0896175630610332 -0.159432866276663 -0.23182178737385 -0.078331533012246 -0.102976105360038 -0.112242966969121 -0.128544021154667 -0.0724082551012524 -0.0297310288839558 0.0110802573068496 0.0249805631771189 0.0160263945296983 0.12299210311963 0.212037863628941 0.299222482770385 0.191587047082276 0.191836876021684
-3.4e+38 -3.4e+38 -3.4e+38 -3.4e+38 -3.4e+38 -3.4e+38 -3.4e+38 -3.4e+38 -3.4e+38 -3.4e+38 -3.4e+38 -3.4e+38 -3.4e+38 -1.18981008278075 -1.22310083411958 -1.31313341858923 -1.37821559293462 -1.48209954269654 -1.59939826212161 -1.72514464660434 -1.82536791365175 -1.94267267269396 -2.03012318427117 -2.05202650180669 -1.51765290012018 -1.16416858925574 -0.995483033188613 -1.03524610288936 -0.822060817174881 -0.595602609102343 -0.34909859099518 0.198761869549452 0.502211122614852 0.630756938319542 0.112199568319586 0.0296826253769435 -0.0508840348558404 -0.106770441739151 0.0309751087640842 0.00396854804087132 0.056939455330111 -0.0181263955745037 0.014622740877529 0.0189964764214745 0.0337523440973542 0.0670861259461091 0.16825788304888 0.210875881467235 0.263540231111826 0.380242647946952 0.144132076876034
-3.4e+38 -3.4e+38 -3.4e+38 -3.4e+38 -3.4e+38 -3.4e+38 -3.4e+38 -3.4e+38 -3.4e+38 -3.4e+38 -3.4e+38 -3.4e+38 -3.4e+38 -1.22554103777139 -1.2480431037235 -1.34493832176889 -1.43664546770538 -1.5135105998961 -1.61664691920126 -1.6761291892045 -1.7637944552542 -1.90780899030017 -2.00826409997232 -2.00657533245624 -1.48321098958867 -1.15662926685792 -1.12815549298945 -1.05430222883279 -0.613518312183873 -0.357650937799051 -0.0713099275565978 0.366000834797281 0.487058642683867 0.325875522651814 0.259662644183796 0.0976980744910048 -0.00433864097235803 0.0968165263515364 0.0612788506243864 0.00984418421092226 0.11859538993929 0.119442170997047 0.0971891614906937 0.0670567651982767 0.0581981518324208 0.0900274421292662 0.184167013857256 0.209199999285574 0.198958436379075 0.289971411559915 0.0784903210743233
-3.4e+38 -3.4e+38 -3.4e+38 -3.4e+38 -3.4e+38 -3.4e+38 -3.4e+38 -3.4e+38 -3.4e+38 -3.4e+38 -3.4e+38 -3.4e+38 -1.18922588103981 -1.23680389284251 -1.28736391571629 -1.41261375095901 -1.44851655927234 -1.48711475269972 -1.51626448608479 -1.61186736187148 -1.73511625527829 -1.88359884815812 -1.97763136254103 -1.96499340127622 -1.38822529207932 -1.14956082012009 -1.15194588409508 -1.01241489371211 -0.67663515912319 -0.317911591506386 0.0827450075715218 0.289021168307491 0.498105393340513 0.388813102043697 0.251989811236685 0.0892926213727387 0.00659345513478793 0.206928826225888 0.108899795959545 0.0460890360989041 0.0432859595455168 0.0613774828971869 0.0659110413663071 0.0532871487634587 0.0747957868898765 0.0967741243058682 0.146185222164128 0.14043205527528 0.155365186407198 0.197233167274827 0.202502364016547
-3.4e+38 -3.4e+38 -3.4e+38 -3.4e+38 -3.4e+38 -3.4e+38 -3.4e+38 -3.4e+38 -3.4e+38 -3.4e+38 -3.4e+38 -3.4e+38 -3.4e+38 -3.4e+38 -1.33182929189888 -1.43262343411273 -1.48107260585155 -1.4063300881974 -1.44405174785953 -1.56730493382959 -1.69617432045933 -1.84954869855144 -1.92834919332743 -1.90138057174073 -1.26322910597288 -1.05020202526385 -1.08184796224058 -0.825327901807179 -0.608228442688257 -0.0979627415128369 0.186237789461567 0.0730756283434271 0.301829073073203 0.309829068591754 0.171106722404278 0.0868906402796386 -0.00856257540033845 0.145102939772787 0.122714214899515 0.082538881772406 0.0978008900280227 0.0915575134527773 0.0836156389228842 0.0504312825614219 0.0660811098446465 0.0686211220455475 0.0792167513097466 0.07130772143664 0.0803040163368789 0.070228293433436 0.0978059335659673
-3.4e+38 -3.4e+38 -3.4e+38 -3.4e+38 -3.4e+38 -3.4e+38 -3.4e+38 -3.4e+38 -3.4e+38 -3.4e+38 -3.4e+38 -3.4e+38 -3.4e+38 -1.18742767439237 -1.27264384923344 -1.38747507582966 -1.37971228563721 -1.40742332074695 -1.44107648842022 -1.53120754409398 -1.64458222423326 -1.78164610960406 -1.86078599632 -1.84486578873359 -1.22372109338907 -1.1564488638231 -1.00385648110899 -0.944118730258501 -0.931796036946367 -0.0951615583158599 -0.250819961014789 -0.266301007846741 -0.0917864835856628 0.064145440071119 0.0782613399603567 0.0458954233336832 0.0148425347446433 0.150370583473193 0.114998419725029 0.0752241924846331 0.0619283806193529 0.061446486497327 0.0410710639694298 0.0195183403961161 -0.0110704306025489 0.00693141533702812 0.073728347139643 0.041500374400548 0.0628189401455557 0.0470911473823581 0.0247779745203782
-3.4e+38 -3.4e+38 -3.4e+38 -3.4e+38 -3.4e+38 -3.4e+38 -3.4e+38 -3.4e+38 -3.4e+38 -3.4e+38 -3.4e+38 -3.4e+38 -3.4e+38 -3.4e+38 -1.19467121988914 -1.33624729579754 -1.374056784063 -1.38349410723912 -1.44512542472382 -1.52701226522099 -1.62403291361128 -1.73147700076809 -1.80302021585781 -1.80251359276598 -1.19717160066702 -1.18604874686832 -1.22582323035398 -0.970777651504659 -1.04707353809064 -0.127253869650659 -0.28614501042826 -0.413386598575775 -0.280680574046668 -0.187277073977231 -0.128465564875371 -0.0925869623066105 -0.0669087157070809 0.137789546393457 0.0416482052236111 0.0144744655542901 -0.0114520454949181 0.00216997780325889 0.00926318017103722 -0.00349267139026099 0.0104100656949293 0.0632248349963929 0.06297861193887 0.040734208725316 -0.0257799274459953 -0.025444365154061 -0.0625819534122853
-3.4e+38 -3.4e+38 -3.4e+38 -3.4e+38 -3.4e+38 -3.4e+38 -3.4e+38 -3.4e+38 -3.4e+38 -3.4e+38 -3.4e+38 -3.4e+38 -3.4e+38 -3.4e+38 -1.12523357344337 -1.21814663681046 -1.3392182707462 -1.38111064779226 -1.46110850240617 -1.52708327192336 -1.59351388923299 -1.66374106432175 -1.74842082615186 -1.79132000921438 -1.19341756395647 -1.24673154752851 -1.2156931713847 -0.900457397478799 -1.02968773821659 -0.130607419916567 -0.179078954196082 -0.439021142549066 -0.380607895044413 -0.300483868934018 -0.252661667060812 -0.218258927904506 -0.172459575154665 0.0207354003537976 -0.0275979312198116 -0.0729905085891749 -0.00769084322806024 -0.007509700083419 -0.0206500456012788 -0.0218573598543443 -0.0539067427588147 -0.0282583957927818 -0.0401650539582872 -0.0705597399469826 -0.0985480336201818 -0.111229454269183 -0.109750107221076
-3.4e+38 -3.4e+38 -3.4e+38 -3.4e+38 -3.4e+38 -3.4e+38 -3.4e+38 -3.4e+38 -3.4e+38 -3.4e+38 -3.4e+38 -3.4e+38 -3.4e+38 -3.4e+38 -1.05719140520911 -1.12221157806759 -1.24425908421355 -1.37344510034515 -1.47431393462452 -1.55867019704081 -1.57951870543652 -1.60763409607092 -1.68397352934348 -1.7916366604299 -1.30835979507687 -1.25015559421203 -0.963528762558028 -1.1634024688622 -1.00129078322616 -0.110710873986958 -0.160953847621681 -0.202874946972805 -0.271585374357848 -0.363662085428521 -0.373558354675273 -0.331008672019013 -0.326013330107943 -0.11705550746311 -0.111795285968651 -0.0730480194937599 -0.115782957946631 -0.0898268588162248 -0.0994881121905311 -0.0767488447863471 -0.110084085895791 -0.129711341546763 -0.156928464709332 -0.150344393425216 -0.187322982472779 -0.237724146265406 -0.246305798775506
-3.4e+38 -3.4e+38 -3.4e+38 -3.4e+38 -3.4e+38 -3.4e+38 -3.4e+38 -3.4e+38 -3.4e+38 -3.4e+38 -3.4e+38 -3.4e+38 -0.888919137751217 -0.907792831498462 -0.947967838011064 -1.0309507651462 -1.18917422512987 -1.29772939415457 -1.40476669704142 -1.50779890795831 -1.55680273865595 -1.63172764031368 -1.71767463865787 -1.79156587676166 -1.32898869226404 -0.808083865209092 -0.936704817765295 -0.770044648700275 -0.706764608671959 -0.113903710697306 -0.262466273240405 0.191341345624951 -0.124810253992993 -0.388039259192993 -0.503848451826998 -0.481961230200031 -0.322999302820304 -0.269437603303922 -0.235337752264692 -0.154168725789886 -0.154823570135029 -0.18967994139429 -0.206498550784539 -0.230685819856204 -0.227015176793614 -0.237603821969617 -0.259837199833569 -0.273522282351387 -0.277465617456358 -0.315224349013058 -0.322862983830482
-3.4e+38 -3.4e+38 -3.4e+38 -3.4e+38 -3.4e+38 -3.4e+38 -3.4e+38 -3.4e+38 -3.4e+38 -3.4e+38 -3.4e+38 -3.4e+38 -3.4e+38 -0.830423622909053 -0.90323499590999 -0.979267151187346 -1.16636867601631 -1.2324131691589 -1.30713466277349 -1.4072318955757 -1.51467436654316 -1.62564735986614 -1.74096898322847 -1.74665116775326 -1.18483894220131 -1.21430195745654 -0.853631162165354 -1.10639168589101 -0.691239924228258 -0.21150744498261 -0.152120253535336 0.0469371879571743 -0.353234675660505 -0.580465200106624 -0.660191570387294 -0.631449269257273 -0.490451725940851 -0.42318300932038 -0.356947239402122 -0.292095990667606 -0.259358983916114 -0.282790841607734 -0.312275558765206 -0.355953945423817 -0.365890543629943 -0.360306886545428 -0.382045555792481 -0.401271779199048 -0.39993074429108 -0.410136305968553 -0.442076902459498
-3.4e+38 -3.4e+38 -3.4e+38 -3.4e+38 -3.4e+38 -3.4e+38 -3.4e+38 -3.4e+38 -3.4e+38 -3.4e+38 -3.4e+38 -3.4e+38 -3.4e+38 -3.4e+38 -3.4e+38 -0.968182615336206 -1.07097044712258 -1.14190702893453 -1.23336909446905 -1.34194028186985 -1.43810714155294 -1.51521191278567 -1.65621677141571 -1.27117695945654 -1.18511083549999 -1.20600634574247 -1.10475552439082 -0.719152673907881 -0.278326252398941 -0.331893654430137 -0.0306260775138508 -0.217798765124322 -0.699018308755204 -0.754962947316796 -0.790247248420315 -0.670562469567403 -0.629644446404756 -0.593392721915167 -0.51910370147218 -0.478888863307573 -0.441464730688696 -0.398689491348375 -0.424735992459827 -0.453577306148441 -0.515658927268798 -0.524427121925444 -0.477922776188827 -0.469729487461332 -0.531208401352605 -0.505055598128528 -0.537367183251677
-3.4e+38 -3.4e+38 -3.4e+38 -3.4e+38 -3.4e+38 -3.4e+38 -3.4e+38 -3.4e+38 -3.4e+38 -3.4e+38 -3.4e+38 -3.4e+38 -3.4e+38 -3.4e+38 -3.4e+38 -3.4e+38 -0.996115714853645 -1.11036140575171 -1.22224410596326 -1.2856067879015 -1.37485463261418 -1.54125456073961 -1.18035931221905 -1.14092651035867 -1.12395718375829 -1.19935980352555 -1.09587593731452 -0.754595966486215 -0.406730157027373 -0.410191789913886 0.0188803257364775 -0.3820667504245 -0.79671872262568 -0.856396062362779 -0.871032270671065 -0.792296836662857 -0.764438519209836 -0.67996247942222 -0.645243546482519 -0.657949757259507 -0.662158270691358 -0.631039850660538 -0.630345736969626 -0.626288800802327 -0.611333112955275 -0.643611416610081 -0.623321709390815 -0.589514106987086 -0.628357254882894 -0.62010520819591 -0.627921680034919
-3.4e+38 -3.4e+38 -3.4e+38 -3.4e+38 -3.4e+38 -3.4e+38 -3.4e+38 -3.4e+38 -3.4e+38 -3.4e+38 -3.4e+38 -3.4e+38 -3.4e+38 -3.4e+38 -3.4e+38 -3.4e+38 -3.4e+38 -1.15651525599368 -1.195347163924 -1.32825230724623 -1.3604802658531 -1.48158450660047 -1.2040359033066 -0.879487873208329 -1.15830398480027 -1.18635874093201 -0.93781412240254 -0.865824536140081 -0.4759825066185 -0.405959575538417 -0.282481767928804 -0.750543974441082 -0.878832813615476 -0.936458880747203 -0.962431551478641 -0.937425141022251 -0.843355898836365 -0.839626981642555 -0.837052909932856 -0.841499027368149 -0.862876892304596 -0.82416141831447 -0.826969541237517 -0.945786172623256 -0.913863986096768 -0.714084496922311 -0.729639269593133 -0.72547007977073 -0.732254998686042 -0.748020106329796 -0.768710116671898
-3.4e+38 -3.4e+38 -3.4e+38 -3.4e+38 -3.4e+38 -3.4e+38 -3.4e+38 -3.4e+38 -3.4e+38 -3.4e+38 -3.4e+38 -3.4e+38 -3.4e+38 -3.4e+38 -3.4e+38 -3.4e+38 -3.4e+38 -1.10883383702707 -1.14248620047142 -1.34210596777821 -1.40993222797387 -1.24778560921032 -1.24123682912495 -0.915653119137079 -1.18035142192053 -1.01419868368804 -0.910859279564099 -0.809675814911317 -0.584548195285959 -0.562293269211945 -0.678888907777675 -0.890291287201294 -0.974590926272528 -1.02642519450209 -1.05164746531934 -1.04708225995246 -0.97378930698444 -0.984088829337121 -0.99908689674566 -1.01219550154487 -1.03697457348057 -1.00073225213262 -1.11756076826144 -1.06680195837001 -1.04863246474321 -0.975257599841603 -0.957006886947372 -0.838545647978948 -0.85025082507545 -0.865914912639521 -0.909957889043774
-3.4e+38 -3.4e+38 -3.4e+38 -3.4e+38 -3.4e+38 -3.4e+38 -3.4e+38 -3.4e+38 -3.4e+38 -3.4e+38 -3.4e+38 -3.4e+38 -3.4e+38 -3.4e+38 -3.4e+38 -3.4e+38 -3.4e+38 -3.4e+38 -1.23800600533 -1.32243719656986 -1.41715045143687 -1.25098148685116 -0.777316563476553 -0.860082562201721 -0.952763046198949 -0.958766418492222 -1.0026953218664 -0.78997882280547 -0.555501496300084 -0.412812356265416 -0.172601378551349 -0.903626272470657 -1.03045377965107 -1.09468233692193 -1.11693232155358 -1.14776235894603 -1.15994885619742 -1.07510815751276 -1.11016128343822 -1.14219040047048 -1.16942905443955 -1.24068912710042 -1.20782269854664 -1.15979405410554 -1.10502059079156 -1.0643560156589 -1.03916305991404 -1.05870259912687 -0.931443364912337 -0.942066771117491 -0.999546226737824
-3.4e+38 -3.4e+38 -3.4e+38 -3.4e+38 -3.4e+38 -3.4e+38 -3.4e+38 -3.4e+38 -3.4e+38 -3.4e+38 -3.4e+38 -3.4e+38 -3.4e+38 -3.4e+38 -3.4e+38 -3.4e+38 -1.16169797799783 -1.22208122789741 -1.28596413076502 -1.3377971262968 -1.46746224989993 -1.2231460392003 -0.652706396754084 -0.870516458393029 -0.991184994806806 -0.97532695579135 -0.982531281333757 -0.778961749245267 -0.563650157020285 -0.380859634328918 -0.435923056435266 -0.967753932695249 -1.05571036072862 -1.15425756935366 -1.1621897131485 -1.21611344205965 -1.23784383301815 -1.16776978748285 -1.19358818795028 -1.24025592292775 -1.26435415819293 -1.3320539421512 -1.26890767517199 -1.22077091107205 -1.1686166593778 -1.14539689691249 -1.10662579732831 -1.09961344750393 -0.988795925161067 -1.03829553423907 -1.08160993794372
-3.4e+38 -3.4e+38 -3.4e+38 -3.4e+38 -3.4e+38 -3.4e+38 -3.4e+38 -3.4e+38 -3.4e+38 -3.4e+38 -3.4e+38 -3.4e+38 -3.4e+38 -3.4e+38 -3.4e+38 -1.13497365560998 -1.16693708209224 -1.22834901408276 -1.31508261085853 -1.39552823992683 -1.21104236004142 -1.14595673570517 -1.15680608954891 -0.936562274191717 -0.945241818940818 -1.01019206478909 -0.963379576204717 -0.925290398744828 -0.684104543406134 -0.673112764537531 -0.889802345611804 -1.05738323488927 -1.12085193740267 -1.13916624192722 -1.21401711618528 -1.25770040122991 -1.28714055794151 -1.22880034428403 -1.26057591521553 -1.29099622473952 -1.31290806763898 -1.3536695267308 -1.30631615935481 -1.26680182042584 -1.22420889460262 -1.17161518740384 -0.988854941369747 -0.966034559391359 -0.887491508282924 -1.08115852922416 -1.16372242047039
-3.4e+38 -3.4e+38 -3.4e+38 -3.4e+38 -3.4e+38 -3.4e+38 -3.4e+38 -3.4e+38 -3.4e+38 -3.4e+38 -3.4e+38 -3.4e+38 -3.4e+38 -3.4e+38 -1.0121107624364 -1.07864556635435 -1.12196238931644 -1.20369357176732 -1.30524242538056 -1.43396124817135 -1.50864540881038 -1.1757654510027 -1.19178036957816 -0.897578104018385 -0.966539641383072 -1.00964795131228 -0.999595499303498 -0.925141893673355 -0.760215554161734 -0.871931296757705 -0.922327528441514 -1.0174375292564 -1.132689778565 -1.0569745518348 -1.23036672121111 -1.298785951454 -1.33464533721314 -1.36319875343405 -1.29476922023827 -1.31684603372137 -1.32389192662201 -1.34901896622203 -1.33056547277833 -1.15534513052257 -1.11812202905755 -1.07884667328272 -1.02917037365112 -0.891384129542088 -0.930744171897583 -1.14203193643296 -1.21519731306225
-3.4e+38 -3.4e+38 -3.4e+38 -3.4e+38 -3.4e+38 -3.4e+38 -3.4e+38 -3.4e+38 -3.4e+38 -3.4e+38 -3.4e+38 -3.4e+38 -3.4e+38 -0.887365231594252 -0.947382664222746 -0.993992856148387 -1.13196531901064 -1.21981131583089 -1.30169229145007 -1.42686687877027 -1.09423849883252 -1.11911703915155 -0.724351606442994 -0.952810412684188 -0.992553632445391 -1.00783535695226 -1.02802388009501 -0.88052364916481 -0.827171798267418 -0.950062825316266 -0.768807059828439 -0.944755957445596 -1.14077431682106 -1.08558336801681 -1.24602610936976 -1.31293611648759 -1.35877068638641 -1.39143689066301 -1.30953774507071 -1.32689750990386 -1.32725484739618 -1.30937930285927 -1.19618391748092 -1.17285092869121 -1.15079063059438 -1.10825871608244 -0.978272179988893 -0.952688987364713 -0.985677861224744 -1.18601473799343 -1.25455606932867
