data/pcas/pca_referenceLayers/PC05.asc
NCOLS 494 
NROWS 529 
XLLCORNER -117.166666666667 
YLLCORNER -55.5 
CELLSIZE 0.166666666666667 
NODATA_value -3.4e+38 
[rows 286 to 307 of 529, columns 306 to 356 of 494]
-1.12006042392474 -1.10355991905591 -1.0902130838309 -1.09682686989482 -1.11454954371764 -1.16565454808469 -0.783801252677684 -0.812252884694961 -0.809687993648773 -0.704311502447888 -0.72934990717205 -0.763085634860775 -0.787594861862162 -0.812606391031722 -0.830620461773003 -0.860286764114303 -0.877952514522978 -0.879536746138994 -0.883214667575647 -0.882760350358638 -0.883577719750335 -0.881718084062211 -0.874378156579131 -0.86407487534107 -0.853999875712229 -0.841758716223702 -0.833061125206875 -0.816753841252847 -0.802624346771247 -0.783633155514876 -0.758605252634788 -0.747502029965513 -0.727035329836974 -0.707319985365971 -0.695624302710825 -0.658966007900991 -0.642336780521497 -0.64339631592358 -0.622880869232352 -0.625717802814048 -0.59366555851268 -0.590803883138771 -0.606817436289073 -0.58939707075998 -0.574213967326775 -0.578471831507346 -0.605780844936462 -0.607671479113727 -0.682494881308587 -0.716830820914623 -1.19624834353987
-1.11663390092973 -1.10048990706603 -0.652136463331391 -1.09224850617648 -1.10928605164689 -0.68590558423859 -0.71959523921796 -0.774290010626206 -0.767155535117371 -0.661639757275706 -0.700307492308876 -0.72678533260701 -0.766236299475931 -0.788013336464453 -0.815615953454779 -0.839058255119191 -0.856014827674857 -0.873717135677832 -0.877374712507948 -0.88098691644881 -0.881701427441921 -0.883941435661316 -0.873732950060098 -0.86842114897916 -0.856492911712593 -0.844812845472076 -0.836388097716155 -0.818909734009418 -0.79782905205101 -0.781336405987231 -0.751529543699764 -0.724742841803319 -0.715675172751969 -0.691642034465943 -0.668192874512605 -0.64568145256335 -0.633940770564165 -0.632024277320214 -0.618124916882241 -0.619614169339862 -0.617819843451511 -0.60849458125197 -0.604638713529286 -0.578004029966225 -0.583870216070118 -0.583460593876813 -0.614979550381891 -0.635981358563275 -0.706737972356789 -0.718152625405738 -1.17149965950315
-1.117043170146 -1.10158081068359 -1.08611130544058 -1.09140405776655 -1.10393363966719 -0.629623862675559 -0.685046950971112 -0.7239328857728 -0.752097991079143 -0.770403653590068 -0.664181853046993 -0.69802865319691 -0.730594104562106 -0.767030428801466 -0.792672114601464 -0.815682854766213 -0.849830799294338 -0.875291249385602 -0.884631564554037 -0.885863175916938 -0.88080344081053 -0.881059446356541 -0.8756320829846 -0.864355576093556 -0.864224354574653 -0.853381326260219 -0.839160111473131 -0.8249203915354 -0.79724582793612 -0.776912496276542 -0.757519748006525 -0.732047381853541 -0.707177637981099 -0.693233999162169 -0.670602939897987 -0.668547418388311 -0.642193744165989 -0.630549805515549 -0.618344010211022 -0.603740395339298 -0.606292527421012 -0.602520580478247 -0.587244213006675 -0.572556487572641 -0.586903542974115 -0.602292997315895 -0.5969094259856 -0.662296087323584 -0.699455897458932 -0.71854996184487 -0.731120745764665
-1.11451035776659 -1.09968881091508 -1.06723357284127 -1.08745932779311 -1.09228560594255 -0.595481911327366 -0.629166037578397 -0.659222643631736 -0.70287140725055 -0.71862495189521 -0.750325010814074 -0.664556598070913 -0.706374945657398 -0.732686901146308 -0.773361916790033 -0.812610833817245 -0.844622464822118 -0.855607354333816 -0.869253679903911 -0.885490342220238 -0.884608173278273 -0.872110911127284 -0.863500254027874 -0.862946813870904 -0.858399632289457 -0.847539691989373 -0.837296361679037 -0.816809769567299 -0.79647368854739 -0.782630218728326 -0.763673452514713 -0.735722076006331 -0.723129891757208 -0.688001793263133 -0.663872569575243 -0.678185231664658 -0.645120563229797 -0.630550406392479 -0.613257081442428 -0.618102150306431 -0.6066280662662 -0.593970851077788 -0.593485877120094 -0.580081830272898 -0.591634803501221 -0.606318410113649 -0.659496751123749 -0.660207667594038 -0.684117996314767 -0.703881831385059 -0.713462119664294
-1.10776317529865 -1.09231653601731 -1.06664135256575 -1.07579529871565 -1.08581311954373 -1.10384773537708 -1.120676689502 -1.15950946897183 -0.655356335323295 -0.678735873947038 -0.701884870253337 -0.638563113006533 -0.679154426373387 -0.712048739837253 -0.757655037701563 -0.812804581973482 -0.834237956953308 -0.85129112785287 -0.861447940749978 -0.879441602412157 -0.879027280403711 -0.869786094137539 -0.855697665665488 -0.855282788049742 -0.862057399610226 -0.85089832857715 -0.823492747470758 -0.798036705080829 -0.781429279965901 -0.793641848307541 -0.762231649048855 -0.727637985611435 -0.702492446889791 -0.680153821617341 -0.65771789152711 -0.638946238460334 -0.657499900662611 -0.61983768065022 -0.611373085351519 -0.608867661952279 -0.584196528283347 -0.585814192461442 -0.595147319459151 -0.587938868225777 -0.604359168311364 -0.605797791369289 -0.663457021462322 -0.669013081135505 -0.677078880116802 -0.674849585585816 -0.696823220809624
-1.10377616195862 -1.09137671694845 -1.07898355754309 -1.07496112109324 -1.06904102191026 -1.09471980181772 -1.09542573363617 -1.12665342259977 -0.608410188691322 -0.638156404398037 -0.688239754665702 -0.719019461670835 -0.651718514795054 -0.703164322479237 -0.740990100329108 -0.773828212741182 -0.808803264469472 -0.828764389685819 -0.837121795702474 -0.847312463094728 -0.853972558292764 -0.850710837391347 -0.843941696656261 -0.851831352442999 -0.860211909106465 -0.855775905500701 -0.835511550264645 -0.807415135945018 -0.768583393113754 -0.773447209771272 -0.759220545910523 -0.722597058811656 -0.705363940885568 -0.671197255609669 -0.643629140949639 -0.640776649339786 -0.627806889076956 -0.626816324494962 -0.605140098378068 -0.607947939227893 -0.584401289878998 -0.582388109356143 -0.59280576741866 -0.594414153963028 -0.600315823019112 -0.610327025515099 -0.676834378495903 -0.690920649376572 -0.668001145251749 -0.664449063346887 -0.679421190193728
-1.09282410102491 -1.07557119446141 -1.06824682701722 -1.05916098483485 -1.05549582969113 -1.06827047854917 -1.08378993767486 -1.11305808332337 -1.16792742927154 -0.586331292817465 -0.650424074304014 -0.695320595015354 -0.725455918675285 -0.676880071030318 -0.721590836796424 -0.764519756539188 -0.792641973908831 -0.814716074139767 -0.830400258008944 -0.827263617563095 -0.827086142445211 -0.814430711615836 -0.821259652531422 -0.860224785860977 -0.868040543984534 -0.870324044465647 -0.858840130393396 -0.833283850340918 -0.78450249578244 -0.760496894917572 -0.723609086224607 -0.71632310615645 -0.70598051077825 -0.677149120057594 -0.646382504124966 -0.632658454872504 -0.604700763508656 -0.60627207853032 -0.596208214237119 -0.60660770339564 -0.589485703985617 -0.597244902996022 -0.603045058154195 -0.59464912243414 -0.602593282142539 -0.611770945343357 -0.678866557412843 -0.685821983949274 -0.679052150201675 -0.659464983556886 -0.661865736284984
-1.05299226047034 -1.05492303614314 -1.04465954793951 -1.02773787975048 -1.03117897079517 -1.0457095337943 -1.06889377402045 -1.11009295820337 -1.14980969251096 -1.1728637901137 -1.18038258095207 -1.17228134554962 -0.692000250332758 -0.740925320946781 -0.777057891297387 -0.742202065341433 -0.784435307578382 -0.792953392808997 -0.810504378357648 -0.811699332301421 -0.803754919859225 -0.795763990316884 -0.811629224879896 -0.86261777749057 -0.886027766763407 -0.88136006248094 -0.869477120701956 -0.832354881628276 -0.7897875936432 -0.765522894938165 -0.719783453560155 -0.688899642511518 -0.685795493948062 -0.660322605086688 -0.648058532356276 -0.618690630761455 -0.586359192963684 -0.588783825770108 -0.589336636719452 -0.594187802703508 -0.592872929398885 -0.589374869027941 -0.602678425156379 -0.598201045575596 -0.610743822834776 -0.621420569664738 -0.698238825672384 -0.694350067039032 -0.679488009471572 -0.674718994433791 -0.695970534965744
-0.434628236045334 -1.00726728397514 -1.00260778832319 -0.992125949057595 -0.99432006985728 -1.01347444523178 -1.05287628266764 -1.1167709367098 -1.15640319335648 -1.16479276933865 -1.16642820768197 -1.16995232808563 -1.15644153866231 -1.14350453606433 -1.12761831924634 -1.11794354098572 -0.76049700586745 -0.787545302014019 -0.788765267043226 -0.809411249315463 -0.815683471204329 -0.817424029651033 -0.839203846793882 -0.877556566027208 -0.881149372363447 -0.875574383455672 -0.873608187597359 -0.83620964081249 -0.794493756168551 -0.755199718720106 -0.721414053037098 -0.685869654749184 -0.674668986568112 -0.66969911519933 -0.651820166540116 -0.634775738029075 -0.620547901770541 -0.602886246866198 -0.603285107259377 -0.59454825225594 -0.589266488086757 -0.607347111064045 -0.61188565662505 -0.618628618015005 -0.629164269189661 -0.643519058453399 -0.734611329278056 -0.715678035618192 -0.695625534561325 -0.681955186622034 -0.710060119785554
-0.30486545436634 -0.32888965917991 -0.958226694773865 -0.942468559421579 -0.935829821706238 -0.944389939513306 -1.00433087582473 -1.10503459847355 -1.39827352564966 -1.38011383886168 -1.15706163668679 -1.33983412120406 -1.13887156987199 -1.1236171320857 -1.11453003837265 -1.09541352458805 -1.0941783908993 -1.05351959149735 -1.05472471785971 -0.800238644552331 -0.8051034078038 -0.824510204033819 -0.856729473866074 -0.871590826173475 -0.881764470136876 -0.875326500074227 -0.867249038133854 -0.84150921767339 -0.804125686424269 -0.767350222411851 -0.719745122536049 -0.676973606966967 -0.668494865452352 -0.654308807216001 -0.647889335106403 -0.61496940905581 -0.595051262884668 -0.583141843730777 -0.573482351489104 -0.578098958562721 -0.586941562052155 -0.598472483859318 -0.619718993983407 -0.626800047328372 -0.638335183874289 -0.724107470664859 -0.742992657867059 -0.732586892681651 -0.709320998428554 -0.712389331200623 -0.724111598987439
-0.17805927127852 -0.238338212752758 -0.23779071330177 -0.88751587914845 -0.870830502218206 -0.883663452968236 -1.29146175851034 -1.36879962326988 -1.37685200887951 -1.35895358218304 -1.3385032342569 -1.31608802618054 -1.28754291669473 -1.09274012421699 -1.08951856795497 -1.07558289402492 -1.06447967429351 -1.06438424766153 -1.02409750991228 -1.02580669893936 -0.801882051281851 -0.810859234149972 -0.852725971439941 -0.888670188210611 -0.889108098948067 -0.867482198614347 -0.864139367394062 -0.845929335762389 -0.817579884143828 -0.770570792499689 -0.742905163408247 -0.716330162629371 -0.678477916483307 -0.655040509640065 -0.61840712176101 -0.605875240471864 -0.587878744193785 -0.575613576571495 -0.567384368573223 -0.572193135891556 -0.58885563056505 -0.59986913743415 -0.612389237694767 -0.622656829308948 -0.643909840620448 -0.666285548577867 -0.73909116878801 -0.723119998945736 -0.719651387891852 -0.716756700440512 -0.742764786260383
0.0112162081351017 -0.177268110363969 -0.190024067628928 -0.154308914292866 -0.835782788688746 -0.862027342457084 -1.2652471954999 -1.31360120475683 -1.33668928759216 -1.32300328176867 -1.30615993825364 -1.29296432490917 -1.2698434985471 -1.06138551072923 -1.05183548478437 -1.05549158972942 -1.04727090389503 -1.00721798786605 -1.00438450831826 -1.01390411596653 -1.00807888935604 -0.820319472835915 -0.836369353605745 -0.853959907049082 -0.878815636266673 -0.872811120124067 -0.862626103586007 -0.85535870362562 -0.827530096868665 -0.795019208045961 -0.765514745522488 -0.735737173570368 -0.693513585971194 -0.646442580378775 -0.61117174539098 -0.591289992266663 -0.564974904848912 -0.552316436693259 -0.55872776811669 -0.564037624306871 -0.575610249050465 -0.593283905454291 -0.607753156316283 -0.619023356324526 -0.638106436959628 -0.664000727947674 -0.769409367496493 -0.729111323715235 -0.73419782957935 -0.731325677039126 -0.755562471730764
0.170306131766049 -0.0816357048420056 -0.129250621266582 -0.137826927195695 -0.824935611958311 -1.2136054971157 -1.23638575666882 -1.24518371874993 -1.26735800073594 -1.2612668340008 -1.27050827264262 -1.24930626718088 -1.23622595191469 -1.20093603197553 -1.1683180795136 -1.15314741151486 -0.976490646216743 -0.987705642596284 -1.02093516490053 -1.00082208894662 -0.992773572020295 -0.997715900406416 -0.836774949646432 -0.842122573111849 -0.852161686622008 -0.862708307256843 -0.881374768100837 -0.855076610144117 -0.828806746787829 -0.807576210804037 -0.76993167784878 -0.748242999251609 -0.696446812980081 -0.656452051112994 -0.62561303580198 -0.584193125120636 -0.543371945119106 -0.504127421432533 -0.51181766129384 -0.560412954738353 -0.572062968816399 -0.591999806224795 -0.610855010499117 -0.636559811688625 -0.659706446640446 -0.682226289367525 -0.811738372304384 -0.758520920285451 -0.737795878580645 -0.734695374269414 -0.763236770349265
0.360827682284568 0.18190289705989 0.0251424307075626 -0.0541285449870411 -0.113637457372777 -0.0944583039379052 -1.09091838782799 -1.16131526634377 -1.17899272581101 -1.20979722067581 -1.21732091376049 -1.20634268814363 -1.20378068480294 -1.17379106799168 -1.14743234686726 -1.13501357834319 -1.04795757378278 -0.947040432945025 -1.00228161165069 -0.986938902206374 -0.995598767232337 -1.00632809934908 -1.00131547244748 -0.852601567996425 -0.837093244412219 -0.836154811956423 -0.847751203737539 -0.848936590492613 -0.836024537427314 -0.80622081878719 -0.779895756789037 -0.743277147526743 -0.720138686841113 -0.666843264936275 -0.636638003048932 -0.594525610563701 -0.524012317125064 -0.476378751607033 -0.504371398400534 -0.534497236885394 -0.572815300544445 -0.615456458374953 -0.626912936845478 -0.656133057429544 -0.669613101514985 -0.681788565460129 -0.693891271176691 -0.787714278113929 -0.765062472512745 -0.762048637382731 -0.794535705020836
0.197565036104288 0.323138345542726 0.260366536545493 0.19759868618931 0.00822511853662777 -0.0803608936616983 -0.918886848400043 -0.957077524987414 -1.06981590848572 -1.12399176996878 -1.15617685685895 -1.16759632975473 -1.15116426408972 -1.13493938161098 -1.12379266228227 -1.1101969808057 -1.02474794602061 -1.00104695471808 -0.96134675270244 -1.01323441506727 -1.02654586571814 -1.02667450751418 -1.0091459565108 -0.855861168387147 -0.843811425341238 -0.832465819273668 -0.839350544485907 -0.844407828595344 -0.83256414033556 -0.810546027336229 -0.785956821980256 -0.773710092180997 -0.730450607499124 -0.673222814307203 -0.651976459767137 -0.603251607576631 -0.546835742449973 -0.511185237005713 -0.533801309787051 -0.556711342112215 -0.609597462360197 -0.643182900330445 -0.656120663511251 -0.672636887294671 -0.675396520468106 -0.700159868640359 -0.6874140342408 -0.702618507494975 -0.828009149158286 -0.855681498498255 -0.864455505349001
0.186243043425133 0.132410961017358 0.17544175819134 0.299952820964442 0.122610524012618 -0.00752782955435394 -0.108581983655904 -0.495813256878747 -0.635130374649715 -0.980002747581305 -0.982062706096638 -1.05069902534876 -1.11367924987467 -1.1330369220206 -1.14013123619036 -1.12830981415408 -1.04956070519997 -1.0259045798981 -1.05832187887811 -1.04481358093836 -1.05284987138167 -1.02472781319869 -1.01301285993072 -0.999922255539094 -0.999351366997176 -0.849137740187599 -0.835286291331639 -0.832045762791966 -0.833683677191069 -0.7952956427751 -0.774551402048377 -0.750084194618585 -0.733112233512107 -0.69877608442639 -0.665340665451568 -0.634429327851962 -0.590963989065917 -0.575413285139987 -0.591492071710018 -0.596467733402339 -0.630535342377082 -0.673172750285096 -0.684816414302396 -0.68874217528313 -0.695939873913697 -0.714531748607883 -0.723730165854672 -0.727334052066239 -0.740864781451711 -0.77078498685076 -0.878982901426034
0.191529410572022 0.195955858127244 0.259485464904767 0.250854415728425 0.0870300756414044 0.0344728542552655 -0.0201361816849804 -0.0978040091780618 -0.564019421018939 -0.833218307795058 -0.84737455495701 -0.929840193658173 -1.02714348506312 -1.06869963274203 -1.09460904077326 -1.12082235304386 -1.06443629193204 -1.05200850650528 -1.06608074835597 -1.06124756870304 -1.04892628533257 -1.02050702977136 -1.01482077737896 -0.99194003483533 -1.00498040440045 -0.997133192512249 -0.844422202122715 -0.815586462069065 -0.815368794082847 -0.807998298361732 -0.791671641189414 -0.755998081175588 -0.740633613893962 -0.694426344304302 -0.675600644195896 -0.657831323145063 -0.642667806498331 -0.642949597442609 -0.664265123007075 -0.662754377458059 -0.684659905422437 -0.704816176625148 -0.711001697852122 -0.71168959119373 -0.724148269553749 -0.735423635389178 -0.741603929804011 -0.744830988539806 -0.750280707615889 -0.7608807308008 -0.884340845123652
0.173070076725541 0.0416848639452474 0.12633529096232 0.115490969669802 0.0482593356202254 0.00775808303022074 -0.0633758713837154 -0.127105365742297 -0.462269315361121 -0.687895762793983 -0.749651294094577 -0.868757581518061 -0.967254503889419 -1.00051781382988 -1.059260645763 -1.08984799245335 -1.05879225109386 -1.03715824415832 -1.0513496735102 -1.04945742427454 -1.03638070522412 -1.00430339233585 -1.00434617661706 -0.99810731852845 -0.99160882095013 -0.983854692167109 -0.978100401929072 -0.968905332688339 -0.830057380919788 -0.813962845523071 -0.808593711332321 -0.782016715699652 -0.749176755302224 -0.735862367341157 -0.705491112997179 -0.684517728925293 -0.676149114365102 -0.679990961135404 -0.706629860693397 -0.72885297432325 -0.734908397826771 -0.735067839860148 -0.733926914192097 -0.730959021909148 -0.743545475686067 -0.753134379605693 -0.744831320986964 -0.757605214831344 -0.759585673801582 -0.758682410036575 -0.776301206747902
-0.00596221541039754 0.222750016143644 0.0248741842105874 0.0317646768827944 0.033131115578138 0.00307883763648464 -0.0851124807914224 -0.212257329841636 -0.534008126419772 -0.720929639442928 -0.745740178262409 -0.847299138310802 -0.945429203086223 -0.959934474642469 -1.02824473044027 -1.0649593630294 -0.996225822063833 -1.01694339046589 -1.0052719429265 -1.0147750803977 -1.01616886086111 -0.99524103549384 -0.996340280335432 -0.990203051476654 -0.982058657123845 -0.963132213632108 -0.967223354442824 -0.963822042065301 -0.825571329055369 -0.820269648642159 -0.80928299956396 -0.78297000390821 -0.765628428669975 -0.745043448207371 -0.714249284600533 -0.717363529124143 -0.710761172406574 -0.729512669431025 -0.741479240398613 -0.761828875824289 -0.784637937765973 -0.778644283365657 -0.775447493095723 -0.765165563362518 -0.761251452524051 -0.758652778735434 -0.766422954649187 -0.75933163912052 -0.771109142471575 -0.773085177944308 -0.781103663580942
-0.019241736658699 0.167300538783045 0.0614186331926272 -0.0246202620313045 -0.0171958321246619 -0.0320341992042277 -0.0751347707430811 -0.425555799686924 -0.464815675811843 -0.536884871483729 -0.790959473364025 -0.685105489053611 -0.908520875847005 -0.940107322669531 -0.991631619953379 -1.03977399981743 -0.964913755089358 -0.961075499806898 -0.961805890164997 -0.992866158862562 -0.988871939849556 -0.978922371605082 -0.978756135496021 -0.964443788640556 -0.969482896249731 -0.957331169074493 -0.95065473123881 -0.950952299806797 -0.946192699201328 -0.816526743331722 -0.807760915531228 -0.792713775280017 -0.779980692611836 -0.772010682536312 -0.760580373934618 -0.74952253745816 -0.773362657059341 -0.776829318969755 -0.779564159321989 -0.77539530310183 -0.797575049019242 -0.794679212685485 -0.796562735219055 -0.806450935989008 -0.785427994821836 -0.789841165872935 -0.794168521502739 -0.777490498025427 -0.78659303959731 -0.796861174940187 -0.798316592682264
0.0633614947508649 -0.151708972944201 0.0330539008012697 -0.0551687475699109 -0.0894461513980225 -0.132723671477739 -0.166696350906895 -0.522869074723768 -0.531713484886144 -0.538023757572557 -0.69125230036785 -0.704760696287348 -0.771252162705399 -0.816704876480461 -1.00207041993665 -1.01722940623609 -0.932361274909043 -0.911899296037782 -0.9196273244163 -0.958284752933585 -0.954095078854326 -0.949887030333703 -0.950672576899791 -0.947500517572507 -0.950861173667909 -0.946080180804951 -0.93405946397015 -0.934028506133645 -0.930134063828389 -0.920910570873806 -0.800697002739603 -0.795322171531428 -0.795541214647426 -0.80452847612756 -0.794601794694204 -0.769545494674214 -0.780639157983958 -0.777062345265043 -0.804520488770703 -0.814086458080151 -0.817098900650019 -0.81288078200508 -0.811948944805599 -0.821007496348524 -0.818140741916373 -0.821051300798292 -0.820064656431156 -0.813394331703754 -0.816198260622589 -0.8111676877356 -0.819308935614047
0.0904944565356337 -0.0523507371942374 -0.265973862620506 -0.0606080810728089 -0.108947377913266 -0.236648552537637 -0.512458235847803 -0.565014681778427 -0.628731255802126 -0.667898920588878 -0.734501859283441 -0.800570971018519 -0.743570184502238 -0.814527894218415 -1.00553642682349 -0.915745430126392 -0.871677004540893 -0.85890048896425 -0.908326040106421 -0.925497795532761 -0.915896147175616 -0.918021026479478 -0.922059107595182 -0.930932951318681 -0.932006778911202 -0.918576003818164 -0.916048549344087 -0.917423582143937 -0.911827088388673 -0.908385284797831 -0.804378702700184 -0.795650545205644 -0.795295412828909 -0.805434839756864 -0.810211102964354 -0.786611132342836 -0.796605159306744 -0.774962213252275 -0.79001138662413 -0.807424503025054 -0.806460969065835 -0.806270178544727 -0.808415643038361 -0.821479905292434 -0.824902244707683 -0.823517014343203 -0.819807459439215 -0.834091216497339 -0.837607525343484 -0.838345781717996 -0.850539392270071
