data/pcas/pca_referenceLayers/PC05.asc
NCOLS 494 
NROWS 529 
XLLCORNER -117.166666666667 
YLLCORNER -55.5 
CELLSIZE 0.166666666666667 
NODATA_value -3.4e+38 
[rows 198 to 219 of 529, columns 306 to 356 of 494]
-0.615181763800716 -0.583037350087699 -0.515755587873435 -0.481457040231772 -0.47253332553874 -0.453156930067232 -0.388622777932774 -0.346281180835873 -0.311879141763065 -0.293291936261669 -0.244638826801778 -0.168925187500962 -0.131632816527352 -0.111080094658701 -0.165933876139123 -0.233133439617768 -0.167608741184918 -0.0946748619134665 -0.00634763027794716 0.038715821670892 0.113184092068597 0.16066000827139 0.168442341991984 0.18917816172304 0.190253815547163 0.488500728423461 0.475165870114582 0.434371036918251 0.386990256515515 0.301793552991651 0.249995404820052 0.223756934167856 0.122004613236181 0.0848800568817702 0.0766966891756196 0.102835154873691 0.137718200032815 0.197713605991668 0.2391087717854 0.287381894997174 0.314327056635894 0.346404996687512 0.414386296475146 0.459250724718187 0.470786280293306 0.487587202699718 0.501156842285317 0.517577051001784 0.54083792789699 0.509890491330997 0.578581299402873
-0.616370788361043 -0.592443407121529 -0.546227760562718 -0.509951887239575 -0.4905557930203 -0.478801457343978 -0.409538863599637 -0.379436865061282 -0.314621000394674 -0.269422684120687 -0.225239645322309 -0.207312887989355 -0.188769019726968 -0.195384975659955 -0.196776163313615 -0.237958530335113 -0.309104841537542 -0.292287164206937 -0.175263023000131 -0.0704155289807415 -0.00948544585887612 0.0326229397408474 0.0615555139116146 0.105948338669341 0.14792009221266 0.479128443555693 0.437272298307502 0.371997518987415 0.286351580804514 0.203669491990211 0.134917641644519 0.0749962973383301 -0.0224544179264012 -0.0574123130629057 -0.0545574210692362 0.00935187873807741 0.0844916112570312 0.12434776384499 0.16655863392939 0.234271819217917 0.272125217771672 0.305614798244732 0.365776064959338 0.385504355329169 0.405006549074381 0.454317318983294 0.471591564352585 0.465162064885437 0.513222575161358 0.575538496475554 0.634425239165284
-0.593580896780469 -0.575155570389229 -0.557987611709644 -0.530218818531763 -0.510243442935532 -0.455490431936285 -0.412253643045028 -0.372164288284678 -0.370453276656698 -0.340725655012542 -0.300458922647146 -0.283668744886957 -0.279641001588028 -0.258055022272512 -0.24642947654225 -0.232880162385562 -0.254809436570157 -0.264180976352859 -0.303016326301556 -0.220959847489037 -0.105797499685204 -0.0879049160248587 -0.0560804947873355 0.0230838012359175 0.438830518423552 0.449456448095434 0.409704170473997 0.273727519645139 0.194534305467891 0.115793296524312 0.0361638556696083 -0.0378580920496093 -0.1284269454761 -0.151136234394156 -0.155930556851677 -0.0911211651904894 -0.0103358829535993 0.038559282509638 0.0754943166861228 0.181353187571935 0.214116481609563 0.252467329149824 0.283630395155028 0.347311538969669 0.386637683018937 0.421498018422027 0.464501454146877 0.538267412604822 0.59704096556995 0.66827742871814 0.728963604551353
-0.572775251322911 -0.574844739935269 -0.579372604473572 -0.554681772059764 -0.530053948484489 -0.486373866944103 -0.443920984911568 -0.426554836888826 -0.405366031545524 -0.385658234374005 -0.374845196994455 -0.342210268601585 -0.335280207140056 -0.348302813213084 -0.33877414259354 -0.338020496366302 -0.336667118393651 -0.297501715492011 -0.28932307243892 -0.366776139121246 -0.284726262046181 -0.201149742655937 0.166722061785818 0.22929792176346 0.332172223902713 0.354934437221937 0.308016213006751 0.175354553781919 0.102582238456014 0.0283784446659083 -0.0699516677292094 -0.112507978753613 -0.191547721112976 -0.226040939196762 -0.20014550481856 -0.140304860051914 -0.0616295588260819 -0.00316846971160833 0.0615794501475125 0.109482386103535 0.175548921291418 0.231690080660701 0.275087617310183 0.324001834639295 0.381634363766748 0.428718550531144 0.469882578389591 0.620594401910171 0.670219735410148 0.757108351473697 0.836025185187923
-0.575370639776354 -0.578086820052325 -0.58706245466824 -0.570028504418094 -0.555544040883527 -0.513947637497609 -0.498762477705751 -0.486025504607616 -0.475330447154009 -0.438621714882534 -0.43636045823654 -0.427754898522516 -0.422993593184493 -0.420526352282044 -0.408942762678965 -0.403276931224867 -0.379973694206523 -0.360119720260783 -0.340834422692192 -0.35699309975161 -0.403027149952322 -0.11400409074719 -0.0744080544343614 0.0211432513934848 0.0498866648903549 0.114422543480855 0.117577429531016 0.0220277231626635 -0.00891990829849032 -0.0571807448590208 -0.129606838205315 -0.161593069031332 -0.190601386825932 -0.229120516389026 -0.238707664116697 -0.155917358988056 -0.109628490219837 -0.0578733547826608 0.00277745857564626 0.0727920242560484 0.160241439065995 0.231532701922377 0.289236472469013 0.318945471241386 0.360299237404046 0.433450756178826 0.655657267271261 0.71131275377093 0.760275731832792 0.819620615825985 0.900347552485524
-0.604463715050822 -0.586756197117667 -0.564531757897426 -0.564367614509996 -0.556877495263083 -0.555109168937302 -0.539691493743639 -0.535362789389977 -0.51934099260781 -0.504633541460165 -0.51637795217382 -0.490608038711816 -0.167889385554082 -0.170622914088876 -0.464803485223841 -0.463916977429275 -0.442108633706457 -0.449821469706319 -0.439403020558307 -0.423275273030325 -0.432891508046126 -0.0963382934708826 -0.158969061419002 -0.24126676441472 -0.264337453852181 -0.163757117107073 -0.0769140693801593 -0.106538896233324 -0.104245634778844 -0.136013381635835 -0.173222908020769 -0.171800158633155 -0.212098122175388 -0.222009361067224 -0.237012755269175 -0.220031691963168 -0.140092851426982 -0.0755129611598475 -0.028515766657267 0.0426682172576885 0.156580305060431 0.204487170658362 0.267275864567434 0.305654564714951 0.358300840581198 0.67003148804186 0.73020173157685 0.792044107491131 0.841592151503913 0.889565113743025 0.967369894872923
-0.582575243725608 -0.586876315424137 -0.582758629559301 -0.580724298951078 -0.590265678526054 -0.570517099123022 -0.578125799697146 -0.29317852031656 -0.277230738721514 -0.248679283467512 -0.242269626828204 -0.243479057075753 -0.236007264628907 -0.230700232969642 -0.238140853997169 -0.231962534923765 -0.223191161082486 -0.21966812028283 -0.227406080095955 -0.225805903480778 -0.222803304048789 -0.214798575331989 -0.225998839090547 -0.228696456234796 -0.28701565685571 -0.322066649440291 -0.289800526693432 -0.266387776164616 -0.19041129995844 -0.200151454672108 -0.23422160853064 -0.193011508207736 -0.200063886026647 -0.186326946280734 -0.166662826917992 -0.208273183618463 -0.22909727268595 -0.120203218413424 -0.0841209559282419 0.0462040327419763 0.147087152657297 0.191049791891667 0.236232145483608 0.300349851069362 0.659638340669897 0.732466332173683 0.801710667259084 0.863797724430565 0.903988270110079 0.949785697880085 1.01900192642591
-0.592293713801053 -0.612629883688991 -0.616473894107827 -0.615002721449798 -0.62225801844669 -0.605729451013033 -0.324826117445735 -0.331709920941448 -0.306695591526712 -0.301344836021508 -0.303967985238935 -0.300488505826399 -0.314977560519604 -0.311897926079948 -0.314785836339572 -0.32783246511005 -0.303972546969193 -0.301224765391029 -0.297960697499924 -0.29606975484815 -0.309555609222776 -0.303884292072236 -0.296758229028502 -0.298030744289915 -0.290484740701032 -0.282582011779227 -0.285928862950738 -0.337825919976067 -0.274713276788148 -0.251929695868352 -0.254929076861884 -0.191324416695536 -0.20803380066386 -0.186644855334103 -0.163485404043365 -0.165786594375304 -0.191375330546494 -0.17662477709193 0.17537826591185 0.330395300581576 0.10690262137693 0.164391464472608 0.591391974993092 0.648920565184951 0.720739168655193 0.797757646412026 0.847000765554741 0.908530598555325 0.961523250288612 1.0035430996177 1.05544344092257
-0.64343620412863 -0.713087072208534 -0.695922991831626 -0.652808031215268 -0.639543492081517 -0.352119333024475 -0.364082135517748 -0.356633673355833 -0.371238827391815 -0.347182495023833 -0.343084198619647 -0.36464405466233 -0.388715567161164 -0.380737552572869 -0.374825027679036 -0.37863083777254 -0.368344856707328 -0.361354082648537 -0.367222026651695 -0.364522209006047 -0.398887251621431 -0.397022334693754 -0.399080404574013 -0.399294884788488 -0.377815250788121 -0.334498202049268 -0.286779670575963 -0.277978198645498 -0.325970815298321 -0.279386046565936 -0.193035410907354 -0.19911180365334 -0.200191574209887 -0.196005657407644 -0.180270947855314 -0.148360722181545 -0.103077131390023 -0.109375544765686 0.221458541481892 0.353797350113482 0.508911565497949 0.580756794060806 0.629285532123278 0.693154656092325 0.749095649411517 0.809257273105389 0.867470326500028 0.921752066867407 0.969733037631507 1.02912147893869 1.08924853002181
-0.631400443654111 -0.674114340494062 -0.724599664137177 -0.770933864896471 -0.511845221103432 -0.42571278141032 -0.368813152598374 -0.390949940424797 -0.393905606401454 -0.388021787441993 -0.416423001354683 -0.416206959326843 -0.428589845834337 -0.430982595915169 -0.424325210189148 -0.419972300034562 -0.442639816209874 -0.438753235073483 -0.424978746085997 -0.430918217898585 -0.443359399487609 -0.471051561856899 -0.452263346411978 -0.403231666896416 -0.36673908011484 -0.358673293203444 -0.309311016904402 -0.259705656856617 -0.341940994092706 -0.328951680206229 -0.171434025000501 -0.19236533175954 -0.19916788103631 -0.192679530002817 -0.173285358161299 -0.138699821165458 0.0264497477346662 0.11642925662134 0.284652147485499 0.450723381648137 0.55955084313072 0.593083993627721 0.628299385984449 0.6737398686264 0.751016926413418 0.817152817777046 0.863045461637654 0.90742885350698 0.967224627365588 1.0233019737256 1.09898302173497
-0.544666014640377 -0.583590919973997 -0.598833749002191 -0.621501893151221 -0.637185898907012 -0.366620540511441 -0.286557786274909 -0.417624187236953 -0.437091845055875 -0.454863523832212 -0.465362070600823 -0.469505358824474 -0.475426478975797 -0.483772031577105 -0.486662744795529 -0.503327271516894 -0.482393693326897 -0.490098560136001 -0.481159122184825 -0.481326316758117 -0.489081605045817 -0.491230836776464 -0.472851890105467 -0.451243369263574 -0.418422973470062 -0.364195090187621 -0.318207635755638 -0.282760747472704 -0.285198096147856 -0.226561470927419 -0.237300713892693 -0.198700473409006 -0.209526080541866 -0.207217887813841 -0.198469731864028 0.0502956374976213 0.0209935684192656 0.0935306896731128 0.265223935018212 0.437956062534199 0.495905079264964 0.518588142113614 0.590257890229886 0.65116266317252 0.733554630773516 0.804481270643688 0.863898487172296 0.912063583472497 0.957213597527072 1.03841991289538 1.11298650495724
-0.628177137006402 -0.642609861590593 -0.650269675529384 -0.647533500501146 -0.672123127702781 -0.368494557886072 -0.287095361909 -0.30225464086319 -0.477359474752324 -0.490372121752332 -0.514520914080872 -0.519611161367935 -0.543276945108105 -0.548348955552039 -0.551072818212124 -0.553614169396027 -0.537512660319341 -0.523198739840922 -0.524264856988462 -0.529470236971971 -0.528692957437192 -0.522291034418589 -0.513420206193659 -0.489088709633203 -0.435859612985714 -0.394823470730572 -0.373499787017526 -0.357240389554226 -0.355652235388517 -0.201186892673118 -0.284530352285806 -0.233370814704159 -0.254239184978732 -0.251731998328862 -0.230022296501198 0.123660190100604 0.112158748152281 0.162743663247494 0.260474945673816 0.358170750107324 0.424463642304243 0.477783299141177 0.547757449625369 0.624282493070369 0.717966014885342 0.79406009022213 0.865110129913836 0.925045915836839 0.958827169064121 1.03443640970446 1.10742538395125
-0.755407660300751 -0.738335733122429 -0.709768168179081 -0.439819994587237 -0.430873349661442 -0.370097505488675 -0.322196520435763 -0.32390008429557 -0.384564543718861 -0.384765844883858 -0.557756907806375 -0.592788944664612 -0.596041142386439 -0.586567485808075 -0.60110064222505 -0.601506904122743 -0.594362085978128 -0.585648718830565 -0.568371269175051 -0.560967401180787 -0.562419519301002 -0.556551762432219 -0.521424706225114 -0.496247916091373 -0.458336487204882 -0.436072016776662 -0.414176443522261 -0.410648011030624 -0.419439898894008 -0.22062864682624 -0.322284318823957 -0.310882206860529 -0.30120942508051 -0.264959462624301 0.253369833845908 0.224429297736351 0.211098644610539 0.240854714732661 0.286901254240956 0.338064870272568 0.393929684787218 0.466380984650778 0.554661614498762 0.655638695940517 0.754006633031448 0.849841883412868 0.902416938392847 0.91950081558633 0.982332737613108 1.01408942655814 1.07965224939509
-0.804282241036465 -0.803773415122573 -0.531584820908984 -0.491658454283628 -0.474542260157048 -0.420211330447039 -0.410932119550758 -0.408958460548623 -0.424809144231426 -0.448231414462116 -0.461757479021079 -0.642930565041948 -0.648016227583632 -0.652966451696069 -0.656961026123349 -0.663154185879671 -0.645281679376483 -0.642353972575479 -0.614091278776487 -0.602864768124217 -0.590202342189803 -0.568882044402317 -0.544443040956964 -0.519897966600652 -0.486345876353008 -0.456443738819563 -0.437580098487299 -0.43615286271322 -0.446037041072588 -0.21477999998732 -0.277422918204786 -0.381159589760163 0.357942655746255 0.360581001741689 0.348202786142164 0.320074294765311 0.307785019470487 0.310801986207282 0.318044391396381 0.341539133940288 0.372956070800083 0.442644292238025 0.542685986605263 0.666635690497011 0.794847641169402 0.893684223802847 0.973018584072074 0.983275008930863 0.992938859944321 0.98982998518195 1.03105415638676
-0.833884889659268 -0.822120271310383 -0.538826908349594 -0.493578730363734 -0.491612743904434 -0.515537939762999 -0.488182159559427 -0.492125709573644 -0.493170703613585 -0.523731624952658 -0.523707829266331 -0.529574367326914 -0.725393123847226 -0.727234498773114 -0.713035979812817 -0.708207927570162 -0.696176445721024 -0.683251473991988 -0.655853942582177 -0.629694282790392 -0.60546512007063 -0.591159555214849 -0.567640696280195 -0.550770489169107 -0.517406295563207 -0.488519136132613 -0.476254795769908 -0.447291099996433 -0.454254223630819 -0.196062787078542 -0.204301830009098 0.538428864579862 0.451961007213652 0.422579036873941 0.428568912619191 0.424879209646469 0.410797720109966 0.388895501009628 0.366378357224518 0.357068857606068 0.375018375896888 0.419833141560317 0.529749031110012 0.673453625792466 0.816531506664571 0.951337328920647 1.02690227820234 1.03670954088887 1.02407820275871 1.0014075941791 1.07215601534454
-0.846312208227123 -0.611434037588062 -0.558669498514243 -0.519702687987481 -0.515389710516657 -0.538458820105128 -0.551796257288941 -0.560533863583697 -0.555314857252065 -0.570614864518227 -0.576726617030554 -0.580572304900835 -0.776174422526033 -0.785340409526764 -0.771985273551987 -0.759378900454149 -0.743216642346689 -0.724798590953798 -0.689193918612666 -0.654190844446925 -0.63325877911413 -0.604813142536873 -0.590615932738662 -0.570677552548874 -0.550533752692869 -0.548745759055033 -0.531002240484588 -0.478516969852519 -0.176434244235129 -0.1419830116998 -0.131744943662794 0.668428932260303 0.597981151364973 0.491937384236906 0.50581334066908 0.514567705515042 0.516095190761379 0.482906239259563 0.421687729917353 0.387755706218974 0.399772535028878 0.450248822315044 0.509334904534821 0.681324002699203 0.87281152299441 1.02477778714663 1.09094306108357 1.00154092813977 0.950653238900659 0.952547622590251 1.05466738829622
-0.628593349243405 -0.610608014038289 -0.59960608161108 -0.571612293710933 -0.553663756370003 -0.554679515294309 -0.559934412065189 -0.610801460343362 -0.627200098399666 -0.616992232286322 -0.63186424996416 -0.644238371021506 -0.63684516423682 -0.837754208357817 -0.837518349652307 -0.826014547172082 -0.785981036690026 -0.756492247771912 -0.727771446622058 -0.691512736268971 -0.656529503755423 -0.637245664902297 -0.624603224132256 -0.596361241082911 -0.579146450801657 -0.562977785025268 -0.546226784285696 -0.232785931990351 0.736032881092171 0.838552351211205 0.834246863814987 0.75128586949565 0.679221672398228 0.590711759232712 0.529379081247798 0.550118614375963 0.557743467235888 0.529103121877928 0.436745068385318 0.41851658540303 0.416807145038095 0.465914661305682 0.560102532961605 0.694476461742257 0.891088235600603 1.08089837491615 1.15948672347715 0.996719026163155 0.84352935671222 0.772840375711333 0.780972808230618
-0.60703288065304 -0.587916283089545 -0.594297230540693 -0.595411268392484 -0.599984538917042 -0.583466150660763 -0.57909958556202 -0.615256900245185 -0.7016930063411 -0.681924140784699 -0.678040587009002 -0.689832870255993 -0.696630460898214 -0.918841219173148 -0.932390576056395 -0.881604560260434 -0.831102824517887 -0.791603576862066 -0.763960415043484 -0.756330123819813 -0.722997231497437 -0.652600193201605 -0.628487594392838 -0.617381750982261 -0.605847889554821 -0.58855670849898 -0.561219116355166 -0.516259766476136 -0.111908244474145 0.990943273432413 0.922956426823692 0.769868802696244 0.653250557026615 0.616136791365159 0.565814303558238 0.547799595118191 0.545802117962618 0.493341975817472 0.446785138215309 0.422484416219144 0.431849941798324 0.476864093766776 0.563314768424688 0.69890690955771 0.851861564018831 0.975533924035263 1.0145764643805 0.89352083228243 0.700360677496443 0.472056166278035 0.342103576276767
-0.59193700364552 -0.568975144967615 -0.584308445906877 -0.603142577705644 -0.618969428997167 -0.625088395306016 -0.635180467628027 -0.696527566621678 -0.687520422881278 -0.717205719821206 -0.732157628674667 -0.797108514271085 -0.771167465825078 -0.977897830278169 -0.977610428367866 -0.974123169022621 -0.920817204576811 -0.825534847610839 -0.765000816760277 -0.758149833509213 -0.760277306847476 -0.694103021786583 -0.633758149787335 -0.618166428641569 -0.618272724932641 -0.623097366201333 -0.622891653184971 -0.588114537931023 -0.206134675368832 0.864077125453836 0.813550788588641 0.68824052704316 0.599598387160008 0.543148918824998 0.521311494798414 0.483800992035263 0.480900297047282 0.461544641559863 0.427267609222384 0.424979326654829 0.444605489591421 0.499998399146425 0.573712750234354 0.669411841593887 0.769833112890131 0.848251850890399 0.851928967629817 0.749992965321794 0.542596122780056 0.259173044835185 0.00544566418771752
-0.563787854215456 -0.553838669591404 -0.582906282123716 -0.611747177653849 -0.632376482282409 -0.654693168930566 -0.688772320694777 -0.712508273734663 -0.690119059471664 -0.721277334170573 -0.761660206489509 -0.815621428354488 -0.834417105853006 -1.05752526393193 -1.02961963229316 -0.973627697263119 -0.934632331076418 -0.913396201368372 -0.845874539114157 -0.77739332225393 -0.758700761784441 -0.730994531492898 -0.68400862423454 -0.640976505985505 -0.649469543762789 -0.653195314123108 -0.684393578061711 -0.397830458015297 0.426906761313367 0.521934698374435 0.558295939903964 0.53698371502781 0.525785121110966 0.492374178962644 0.469165112023347 0.438255999405583 0.402263968807312 0.370499937442794 0.373901957019058 0.366519691566584 0.389566120348108 0.462898049744479 0.573078031697517 0.640216462447374 0.717197846711758 0.778326597931233 0.756479154571837 0.653120615370407 0.493107790778812 0.311836868050586 0.227002852180464
-0.569020809829669 -0.558400734353793 -0.592014174160645 -0.61245466051447 -0.641324590849826 -0.656805222974999 -0.702666220829517 -0.708186672904673 -0.727322704392719 -0.74651256420112 -0.7674158844557 -0.807598494068362 -0.874618749029795 -1.10712783212972 -1.10733553471235 -1.06399443161602 -0.959535603941388 -0.867664786482296 -0.812101016128718 -0.765324749278055 -0.741555501371011 -0.734727480488776 -0.758463372030267 -0.716327637570159 -0.667142807179819 -0.69574559127348 -0.774064832480817 0.187687618789413 0.125422207767201 0.201803889538461 0.31543049921019 0.392479768128684 0.423939141908339 0.413720651117937 0.384134971515696 0.363787098811388 0.33238726518514 0.285877363174352 0.255888552912782 0.263961439560967 0.315003509938578 0.422762095337854 0.534507886851427 0.607620239647606 0.672641556783612 0.702743477631262 0.694906557183572 0.642806524978371 0.557789756873396 0.474027677967319 0.491214059621372
-0.569484169400558 -0.571492292158267 -0.595742193376528 -0.625480098517136 -0.649180732352172 -0.66302167154907 -0.695165458244208 -0.708382684337942 -0.745333609631023 -0.754085516442783 -0.78587176299048 -0.809552705936902 -0.838709748587975 -1.09889071151455 -1.0938521915521 -1.05608895262251 -0.998177116843572 -0.916451742335543 -0.825467725419667 -0.786463308371479 -0.784865149442219 -0.789675293841575 -0.743715632062453 -0.733822366474101 -0.740378117557269 -0.796415537945663 -0.853696950736929 0.0558506966015799 -0.0896007905718372 0.0141396640393467 0.166893468323164 0.270985257380394 0.327585294630538 0.341013544798764 0.321366109966139 0.29388563213554 0.242177078827369 0.181280972988288 0.156936432926202 0.170108503605462 0.230083141419276 0.322611871801808 0.426162862046492 0.52615273963109 0.593916876973889 0.661921359178183 0.681466562175011 0.683717605359127 0.659988456274642 0.654823853672805 0.705150675487496
