data/pcas/pca_referenceLayers/PC05.asc
NCOLS 494 
NROWS 529 
XLLCORNER -117.166666666667 
YLLCORNER -55.5 
CELLSIZE 0.166666666666667 
NODATA_value -3.4e+38 
[rows 286 to 307 of 529, columns 357 to 407 of 494]
-1.19241296646241 -1.17104407753419 -1.18103277467144 -1.19262359168456 -1.18172149813888 -1.15815671833767 -1.07532781476195 -1.02156697529732 -1.13192993550758 -1.23522602185004 -1.20068135754741 -1.24447480141312 -1.22573944501165 -1.20503026235449 -1.19097627419408 -1.13775165258314 -0.647859688363326 -0.736708662565729 -0.710547478270206 -0.696211542818495 -0.682688679541366 -0.654019424457682 -0.642708979549937 -0.643800440985503 -0.633255235432132 -0.632919026554068 -0.642405036563969 -0.654492409840785 -0.135913950341217 -0.13904368915442 -0.156365795194737 -0.211248625935122 -0.244857005595817 -0.272023804843806 -0.298788754352965 -0.321128630699909 -0.350938419413272 -0.362914507860575 -0.377262290191551 -0.409564119917831 -0.412997552910598 -0.417056704353818 -0.431634887801178 -0.459270380386919 -0.49043258721424 -0.535680777867302 -0.532066886672174 -0.54126316774831 -0.528726780693207 -0.533892364856029 -0.564814453363317
-1.16823370105754 -1.16803257561168 -1.16268424579287 -1.17578797284004 -1.19345988646689 -1.1782745923565 -1.0871045758518 -1.03665141005195 -1.07559217029593 -1.18104875903943 -1.19646200475543 -1.18963052148774 -1.17847593685017 -1.17914036603842 -1.16296475305033 -1.03656397159607 -0.740853608893288 -0.72487828196224 -0.717858216921939 -0.689396526610071 -0.672763637384529 -0.662308224378493 -0.646008977863362 -0.641836061548403 -0.627771055026471 -0.624169706145175 -0.608532549027886 -0.617164760420982 -0.105944115825629 -0.116412830916579 -0.131460661412585 -0.175085946049276 -0.245897393079926 -0.270742256668893 -0.280840475013757 -0.320478464672065 -0.349807338432862 -0.354031589464516 -0.36091824823791 -0.396455987692223 -0.418599848753751 -0.421490285234227 -0.441563589380105 -0.460645836235671 -0.502514809744151 -0.529157746652129 -0.538323642276405 -0.527897183732983 -0.530819511722475 -0.541341897751134 -0.592293493744942
-1.15202295110241 -1.15433466051267 -1.15544134007779 -1.18174685409169 -1.15120990433394 -1.15157546246131 -1.1178929888662 -1.1087286484653 -1.13617277462828 -1.17628357835809 -1.21245982974657 -1.18891155072599 -1.16637730872736 -1.14336892819986 -1.10709136466462 -0.671780869130217 -0.649834657009281 -0.715452854051287 -0.707828608457676 -0.677437850628856 -0.664095430670984 -0.656285461572539 -0.64812018906942 -0.626320418830899 -0.614877194075123 -0.600856969601778 -0.591623853370725 -0.591172079426401 -0.0793331320034488 -0.0646293471511014 -0.122056128513338 -0.1790100994668 -0.232503422952016 -0.260552661920521 -0.280542248281974 -0.329366706585449 -0.338427542014569 -0.349460738736258 -0.370802178379069 -0.3923927654633 -0.413671585578322 -0.431348437174983 -0.449935817235084 -0.471009164787191 -0.492725642968668 -0.503246161115719 -0.499100142523952 -0.502424442229804 -0.507914013104209 -0.532500831867539 -0.545730111806971
-1.05830091456265 -1.14355623762201 -1.1518373657344 -1.15045627164706 -1.14928312336647 -1.12331245046783 -1.12970943148791 -1.13834245654407 -1.16602558455489 -1.20183808556099 -1.19338325343762 -1.18981047083372 -1.17595667645054 -1.10936294104794 -0.755496608538164 -0.766625467190144 -0.760739903439259 -0.739941829887517 -0.718704987131857 -0.692392567470032 -0.687884434920194 -0.658597989020282 -0.647827741301572 -0.627724531659328 -0.604146207947152 -0.590703057978528 -0.569192196229869 -0.555367830295251 -0.561074373691359 -0.0723077518675296 -0.101863585517776 -0.169372769797005 -0.207225341662101 -0.27173496575095 -0.288706044350948 -0.344452455156604 -0.347572875946722 -0.360953467797501 -0.381943002039119 -0.394854072248043 -0.407441525191653 -0.431289044923521 -0.437035730329935 -0.470278214327942 -0.48059168798296 -0.504595541279398 -0.488523665534649 -0.503767853974262 -0.507684348293293 -0.518945308266073 -0.552127402996839
-0.725475566855708 -1.04055942990791 -1.05898883141007 -1.13425274965186 -1.12336030973185 -1.12655703057105 -1.13322318833756 -1.15643411662643 -1.15779363682549 -1.10606730464331 -1.09683809222755 -1.09566157134981 -0.855733490580593 -0.785766825836407 -0.727120513462784 -0.758982515866847 -0.755714455035333 -0.736709866018089 -0.713777206578191 -0.695466830588314 -0.696327279716489 -0.655624651737597 -0.646541699891709 -0.616859487181109 -0.599072146339603 -0.578082204862092 -0.557376500356094 -0.551740675228853 -0.547284124120292 -0.064012390405823 -0.0973032362482953 -0.170458745917941 -0.23584531638787 -0.270823732403852 -0.303963548687397 -0.3346829070403 -0.347984178964884 -0.374697461151762 -0.397459449989341 -0.393432518765561 -0.404884987161673 -0.442262312045778 -0.430054580994628 -0.440531678269305 -0.45637466580104 -0.485256861103739 -0.492384322866145 -0.503492598290963 -0.496164637013627 -0.48962882288504 -0.507348029941615
-0.718088563623331 -0.73651046711882 -1.04306034343607 -1.03955646790548 -1.04423292628082 -1.13278850007568 -1.12806260348169 -1.06744130496864 -1.08445341289033 -1.09820089428983 -1.09472686058215 -0.844576450942709 -0.764132619460713 -0.812903006120588 -0.64991004838725 -0.742576771742875 -0.749244193036892 -0.739989673061366 -0.724551592257332 -0.702822288751889 -0.696736451064291 -0.677283369174975 -0.661373587045987 -0.622586041206603 -0.591288336222761 -0.583759177978961 -0.561151552539548 -0.557475704708581 -0.556133407512496 -0.0410174485000347 -0.10084155186993 -0.169718005840646 -0.232457476707853 -0.274341868567272 -0.306642431485974 -0.325181310340269 -0.359277553134938 -0.371152818387114 -0.381559239271714 -0.41602285660964 -0.441756080020104 -0.427581633510492 -0.441839270854567 -0.443024557063987 -0.454842344505185 -0.495629621481263 -0.482148578612196 -0.479123216888946 -0.481777526079465 -0.486252909088193 -0.483739276026951
-0.692492430692862 -0.712926012888452 -0.733305505481622 -1.03113639031754 -1.0420043978407 -1.04887843655427 -1.05885636949051 -1.06283145245355 -1.07006544648661 -0.82814011985178 -0.850120821737415 -0.849162157314539 -0.828206894468725 -0.802237233181393 -0.719928502018815 -0.717850011310442 -0.736633252005907 -0.722025271837947 -0.714040959371903 -0.69691117939501 -0.685957951891061 -0.657603501220805 -0.647824246858354 -0.608122390700726 -0.600363925509085 -0.589950457866369 -0.569630678606526 -0.567147007020438 -0.567293442705901 -0.063192254255478 -0.113907800229731 -0.170071018625616 -0.229623382279524 -0.275237986720883 -0.31076413313803 -0.329250485038191 -0.35335896225842 -0.392475028802528 -0.407673348617349 -0.416769448978096 -0.439783390495604 -0.431723034225847 -0.452762231418902 -0.468934161121231 -0.482499167622906 -0.47757817068946 -0.485070082987804 -0.478022592236909 -0.531458667341568 -0.501808708400728 -0.527068339138746
-0.69000278377235 -0.715065624285292 -0.731613801018451 -1.04282383368902 -1.04797049657099 -1.05163009700131 -1.05510029640515 -1.05869435835975 -0.8072861034104 -0.816205179034459 -0.869694652181342 -0.846706674091563 -0.815531039764751 -0.663868608235503 -0.715279210664656 -0.714232972237182 -0.723970342111068 -0.699395421322794 -0.692467014082138 -0.679603012943963 -0.66689672346133 -0.66542150096851 -0.639632747450235 -0.606244177390959 -0.596790622269124 -0.580919862566466 -0.577448070050822 -0.532169584258217 -0.532672390203045 -0.0822647311454358 -0.132980665441127 -0.20193774040672 -0.254304148729581 -0.269285429325403 -0.293251086715031 -0.329234075519459 -0.362394532180786 -0.395044768737364 -0.414458421196611 -0.440505556036307 -0.426906537381992 -0.460126663946943 -0.483517738540096 -0.444544904086454 -0.467662028449725 -0.481547944395298 -0.490005128184362 -0.493604299482552 -0.509319854264255 -0.522887572173245 -0.554081672529602
-0.7065465582787 -0.718533787553018 -0.738159821905424 -0.765120253926134 -1.05794630388989 -1.06543672957789 -1.06579997012842 -0.800840049488839 -0.807900129586382 -0.818366624389253 -0.811745068743073 -0.785899633570257 -0.778232304716262 -0.782221421453957 -0.724942692075133 -0.727126134419996 -0.725207664143895 -0.698870197352297 -0.679290001753805 -0.661066782787218 -0.646274552368679 -0.656185762890949 -0.644747496823094 -0.602074156463426 -0.588374724576511 -0.572624120549961 -0.500962398998048 -0.523087695246308 -0.527155010307267 -0.086772909606786 -0.147798704550784 -0.183282277484016 -0.225439282580275 -0.293899334785661 -0.327391926243318 -0.338835881791825 -0.374407583833355 -0.407661475852638 -0.402475656946548 -0.421675892706107 -0.4482134514425 -0.461007210046238 -0.465404620957509 -0.45190999569752 -0.453002930339794 -0.468491104338043 -0.469370822499911 -0.464394931363359 -0.491157095227857 -0.485657108512092 -0.516236320049271
-0.726580761320033 -0.757589999968236 -0.736464485984733 -0.761425046595877 -0.772930915071488 -0.776863914125085 -0.786092518607747 -1.07256107598584 -0.799790154416355 -0.797540533113815 -0.786927508024666 -0.76620405002663 -0.756434197975865 -0.756933335643192 -0.747492659065459 -0.750935498051029 -0.70229841386822 -0.691790243857945 -0.666856289655168 -0.645582863228126 -0.57531646217246 -0.578682887821358 -0.645584604318315 -0.604047026469067 -0.511489977249295 -0.509111537108012 -0.519127904073098 -0.523750450813149 -0.538065592616933 -0.115164371616846 -0.146416918454381 -0.181754710223691 -0.220423639094669 -0.276587050782807 -0.314727112882575 -0.346604080866886 -0.374771435269663 -0.403582120908507 -0.404274184684496 -0.428081017771429 -0.438140979726403 -0.459954407845719 -0.464942848604216 -0.44443024840906 -0.441569291500091 -0.449850039870381 -0.459555647418658 -0.460597554212995 -0.467444872839988 -0.479670110428841 -0.485747362585453
-0.759395367206654 -0.785020105330766 -0.764819142662776 -0.767281566794292 -0.767943469384946 -0.772064881894681 -0.776120581734218 -0.797693471176038 -0.773256790566882 -0.779678069997098 -0.780996181788861 -0.780903742651899 -0.762143762811326 -0.742524920575562 -0.71426839469632 -0.711895789343129 -0.607257638169185 -0.659625836821048 -0.581089226818642 -0.567609795429562 -0.576938008961754 -0.553428111123861 -0.518000020495291 -0.499131073180086 -0.490646523486955 -0.511968966411107 -0.524589315325929 -0.537069521774784 -0.555924103948202 -0.578771562919714 -0.159177212803255 -0.190745051876284 -0.226654536035491 -0.254400017981354 -0.289974192352258 -0.321364459833256 -0.356822803348813 -0.389261682052611 -0.405767927330137 -0.463240098528686 -0.43411536235644 -0.447734139226948 -0.459441161295819 -0.447146097541464 -0.441576961737424 -0.446587226293125 -0.441410065143109 -0.457198774322504 -0.461613156919257 -0.482990729960337 -0.465169988828121
-0.786316691512681 -0.796100156648693 -0.774676054071337 -0.77594578611412 -0.770791219986733 -0.771645180469479 -0.787284184351288 -0.792067275265431 -0.783014644716494 -0.771141176440043 -0.780527355314447 -0.761709429687851 -0.730363736484187 -0.723216947482308 -0.708190678746441 -0.693127577170784 -0.608274935767664 -0.561798739186595 -0.573553901918116 -0.579183551031715 -0.575640818809224 -0.531374514554923 -0.511607996573084 -0.500022071271761 -0.496029195446089 -0.515141867611422 -0.523174250174281 -0.53131269502808 -0.553896435898974 -0.571099179103937 -0.600116385747257 -0.19819903319646 -0.23544258416476 -0.276424947034096 -0.313872177467953 -0.337886213442614 -0.378340963004427 -0.416779049270345 -0.428395763272452 -0.464922379245013 -0.463749961575673 -0.459112778268936 -0.457930211513817 -0.459944225485078 -0.444315710711175 -0.438951015203405 -0.433329057691083 -0.448112776950947 -0.455420025634433 -0.457632673903629 -0.45110253284526
-0.803842739780522 -0.803141410165477 -0.791733903154906 -0.785611133066184 -0.782082266200171 -0.78561312710527 -0.788297866287455 -0.775811070583636 -0.776404448909273 -0.769601707595456 -0.752689208000599 -0.744480781747952 -0.725430039952211 -0.718247780752688 -0.695177626036793 -0.687132094119551 -0.605188420000231 -0.552086395446188 -0.553777643781872 -0.555547124767996 -0.541577854415919 -0.533786912587021 -0.517853523899287 -0.492644161647324 -0.492191044017148 -0.491861713933008 -0.498215066156312 -0.526409506065917 -0.550489237848128 -0.572217166449753 -0.60094933038393 -0.633032399520639 -0.229908979489257 -0.279257466850754 -0.309897977467781 -0.351977383406573 -0.404401576394219 -0.435875908232388 -0.460791019534753 -0.446001779658582 -0.42647690026183 -0.4394467576189 -0.442934159302903 -0.432345898383235 -0.46176852917294 -0.440207315196459 -0.437489558525053 -0.438902118847015 -0.447800578084542 -0.441927619470661 -0.41939848381371
-0.834729235712656 -0.828418890959079 -0.812016277043914 -0.797095623389998 -0.79040193138925 -0.787930661662006 -0.771996088122934 -0.76340232254837 -0.756262849445107 -0.756075612228687 -0.75005256843376 -0.737153760044187 -0.72936109643139 -0.718961597671138 -0.705337188388666 -0.6999681218666 -0.60395810399146 -0.559108246302426 -0.547288439972479 -0.54243883297843 -0.537801406045742 -0.520186786391577 -0.520375002181543 -0.506909811224513 -0.506008973267831 -0.49655604605145 -0.496737840595125 -0.508661541108807 -0.522775050436796 -0.560442933543215 -0.605709424422385 -0.202454111294922 -0.247122500892056 -0.278206747414223 -0.322927332114358 -0.358266625821669 -0.358875679118649 -0.399077683554909 -0.4253171420104 -0.438039844715385 -0.446769973602641 -0.454816714060444 -0.419868612580435 -0.429110955518165 -0.417700900637172 -0.427663522115998 -0.446912846414244 -0.40816909235302 -0.411033710776527 -0.418344818270771 -0.375877139875529
-0.863479346606828 -0.845170774638117 -0.8132720177233 -0.812775220196278 -0.807429997368505 -0.793842380283363 -0.776049000705997 -0.753402572190542 -0.74082669480089 -0.733557166060706 -0.722091844762791 -0.724249052457399 -0.727194917085492 -0.71460953986325 -0.712157174222468 -0.70592527906758 -0.600283767808369 -0.564747354050692 -0.544686719854713 -0.534288457765578 -0.524044033529222 -0.506811831180006 -0.500379551015108 -0.503372115154877 -0.509653309088866 -0.520882222136705 -0.493550862817725 -0.493977711764795 -0.512756431004093 -0.505932421904093 -0.534501485453168 -0.161718382042831 -0.206054273967964 -0.712768489070204 -0.316631810315088 -0.336398221875603 -0.355578755168482 -0.389512052636491 -0.436467245201602 -0.45436411850133 -0.464870335906897 -0.470003327899778 -0.440839606099142 -0.422067527422222 -0.407568825631179 -0.407626149129508 -0.400217199388987 -0.398281253576541 -0.408860317598969 -0.391282944391207 -0.360820643761845
-0.877678523908956 -0.846695007375924 -0.808529876935053 -0.810559858309541 -0.795082064921447 -0.771224501851736 -0.755170209415994 -0.737172062747041 -0.730730696428629 -0.718438208510901 -0.714751476754276 -0.712286561072659 -0.703841306448664 -0.69846802763825 -0.695008399998986 -0.696155252280094 -0.610556791677952 -0.573651253083372 -0.547464833242399 -0.537232818963209 -0.535133322013479 -0.519467488217321 -0.528025449439037 -0.527371364838652 -0.521406057427851 -0.530056436132019 -0.509930253305808 -0.497056430102182 -0.516563074170517 -0.518178772072438 -0.539651943714454 -0.592572155903861 -0.623354380318752 -0.264002650757134 -0.31685900574334 -0.359641690215436 -0.364564847043875 -0.402569628603887 -0.445388270802703 -0.457748259501546 -0.470456269022398 -0.46669611077662 -0.437807913550636 -0.425441407852315 -0.411014403337175 -0.398862650926775 -0.382068561566738 -0.372906971738801 -0.390624234125233 -0.365187024858666 -0.340362356513553
-0.889541210675053 -0.876191392141648 -0.836840568068231 -0.813521939882955 -0.77026194797772 -0.744846989535288 -0.739219915740142 -0.730233097712 -0.718311264255287 -0.719797640715686 -0.710398287372069 -0.699838755736754 -0.694945232464045 -0.688263061218013 -0.67893557377445 -0.672023540945202 -0.618591104444151 -0.588569700969631 -0.57761431479383 -0.558108663730634 -0.548780887646481 -0.553178615443456 -0.552710888338427 -0.571065369736467 -0.5626748531576 -0.518775974840802 -0.502841253826237 -0.513966706180338 -0.519882289809869 -0.534313032294713 -0.554159735975667 -0.600716038417623 -0.644782173644564 -0.678418004961441 -0.75266680885158 -0.817539106178154 -0.380968994538563 -0.424656401156695 -0.470834109709356 -0.480607929922047 -0.47892885665033 -0.454785558993165 -0.445839861265701 -0.426098603018628 -0.402524747878987 -0.393154132945141 -0.383981842987559 -0.377482376014398 -0.380285984122128 -0.341355138148003 -0.353613491879305
-0.783265627426698 -0.884964448821639 -0.839129868221878 -0.788727476529411 -0.763075516379924 -0.755312864086716 -0.736189860938121 -0.725202991946428 -0.724193212072459 -0.716022471461542 -0.710273961401647 -0.698939156127174 -0.698575505797402 -0.682530979797147 -0.675266549472405 -0.666046274631631 -0.612003496429989 -0.60324106336314 -0.576563290074806 -0.572375967936798 -0.570170347653256 -0.54754188832979 -0.562147043841521 -0.577792462712566 -0.58812166449344 -0.555024405592173 -0.521890745730457 -0.5171720588809 -0.521238712659554 -0.534540317389283 -0.568686910642121 -0.602712418803 -0.666094378611469 -0.65999360501517 -0.723493265950061 -0.79620588336154 -0.855468159639607 -0.913696592347541 -0.977148999974498 -1.00236011848054 -0.458706455884804 -0.445362260656932 -0.423623501427844 -0.40902683719077 -0.397786337588264 -0.383392402943545 -0.377336553998333 -0.361231900256121 -0.328852179018867 -0.329669541917583 -0.326456113935608
-0.828234466323441 -0.889395779561143 -0.852947877011311 -0.822984274697665 -0.79977924980764 -0.774524106551066 -0.761666159493729 -0.752131385743558 -0.736699280034425 -0.71686243116417 -0.71214451845296 -0.701468570086984 -0.702047075476171 -0.683948388697302 -0.672715975078285 -0.656096552276233 -0.606765124143275 -0.609928749702122 -0.585941132574156 -0.588019013183339 -0.573190857428928 -0.569526600929271 -0.573152525567525 -0.577162737229799 -0.577137291072865 -0.590104051736516 -0.553190346956387 -0.509160293293075 -0.530607715960476 -0.547195349503419 -0.584236339601514 -0.611807791855105 -0.669164540565371 -0.692441712795589 -0.724510822284337 -0.786206437333778 -0.8364615209568 -0.882844387848503 -0.936342940228541 -0.982130785053948 -0.993810116891909 -0.981193943620936 -0.433656500196759 -0.418772434110909 -0.385614322383149 -0.368620332803606 -0.357976436471181 -0.346450321406544 -0.325701486348572 -0.310911983601864 -0.288845363784848
-0.825334726451492 -1.16208840467754 -1.17461191115541 -1.17194761950709 -1.18069499591821 -1.17390598464095 -1.1618104647073 -1.13864001307592 -1.09547194639649 -1.06718865771219 -0.754574028727776 -0.72605532845702 -0.709127975764134 -0.696154099145526 -0.6893571321886 -0.664000027908722 -0.603099533868189 -0.586815170514162 -0.588238752257252 -0.596084041986141 -0.577953972490825 -0.568354997521037 -0.568295089928813 -0.580867380713055 -0.571634334624671 -0.592922900508318 -0.557012011592995 -0.526805838832094 -0.534993130916908 -0.560245724941745 -0.586464660378957 -0.607326614422157 -0.663058191089797 -0.712021834744871 -0.73505704263847 -0.766755394457437 -0.815078274341258 -0.850820701762003 -0.892753130666024 -0.932595514910101 -0.962482601840705 -0.961479227858317 -0.954432670359204 -0.926377800004307 -0.887981602019027 -0.371759859778535 -0.340320329876347 -0.331182302226954 -0.27568877228202 -0.28672829380133 -0.23984787919271
-1.09100812394237 -1.17484200028393 -1.18130903436516 -1.16289984213052 -1.14620865223887 -1.10435153896641 -1.08822141720206 -1.08997599640225 -1.08182758063934 -0.741234031318736 -0.711342357813538 -0.692079119078886 -0.687239555687108 -0.693420840906632 -0.68656729761163 -0.670921908544561 -0.634920140918339 -0.61235885993639 -0.601374418269942 -0.603196530386675 -0.588416087226828 -0.575645019143291 -0.568927564942139 -0.576305228902956 -0.580942006172361 -0.593229855334686 -0.558169875672894 -0.567534016622649 -0.561710039012883 -0.560500199233356 -0.590420823969047 -0.62600917617025 -0.667182868101418 -0.69355794659071 -0.726943849807591 -0.754876902289084 -0.800578212334902 -0.826442689542884 -0.850463765577817 -0.880817561813985 -0.880474845012477 -0.877578830087654 -0.88704388572873 -0.877307495507343 -0.847724675008653 -0.842791533809771 -0.313902341266946 -0.286324006290907 -0.75181061934086 -0.265244334903193 -0.730156501676474
-1.08637443339881 -1.16907965110646 -1.1416510804963 -1.09394505322961 -1.08976144020718 -1.08186367033095 -1.06721102376854 -1.05208421292492 -1.02128730173763 -0.71933671683477 -0.714017231002228 -0.707945762200102 -0.694286491052165 -0.615606961941569 -0.691018749515985 -0.676377332080748 -0.63077864036304 -0.617609923731219 -0.610172528529883 -0.600920588174803 -0.589180874767785 -0.589387013146183 -0.580329039067986 -0.58598326320427 -0.596424443420992 -0.590066920182932 -0.578317575440845 -0.584201424956267 -0.582063860960573 -0.57164311824073 -0.599815568908012 -0.63298018432139 -0.654993416191454 -0.681162284990952 -0.714934260292869 -0.745932596165999 -0.759236145562226 -0.93441013199889 -0.939959032471311 -0.834427577882399 -0.836760929755475 -0.850067863509967 -0.855349075600959 -0.825449290775954 -0.816547937805348 -0.828084380578569 -0.800039740535012 -0.757614276790301 -0.740345848217052 -0.738769168074936 -0.708312211212367
