data/pcas/pca_referenceLayers/PC06.asc
NCOLS 494 
NROWS 529 
XLLCORNER -117.166666666667 
YLLCORNER -55.5 
CELLSIZE 0.166666666666667 
NODATA_value -3.4e+38 
[rows 414 to 436 of 529, columns 255 to 305 of 494]
-3.4e+38 -3.4e+38 -3.4e+38 -3.4e+38 -3.4e+38 -3.4e+38 -3.4e+38 -3.4e+38 -3.4e+38 -3.4e+38 0.917743344230714 0.952017816438691 0.774648685871636 0.641653101524655 0.545947880416575 0.444957698168901 0.40222138043555 0.441561218913353 0.576848703672581 0.562488179625341 0.445963284499843 0.325428586056482 0.200365084012902 0.195312854377188 0.18626455519207 0.130066695052478 -0.352700270388055 -0.113916342911112 -0.292738061738451 -0.574415838617335 -0.752187797015556 -0.723156410744532 -0.563073694466028 -0.63864171598 -0.86445862805221 -1.0203543440881 -0.97191548607127 -0.971651258821218 -0.99931225672151 -1.00818560164312 -1.02767555337673 -0.989078677765474 -0.953185818451887 -0.937085002887313 -0.887651451025649 -0.825958301444518 -0.770857515191844 -0.718764892313798 -0.660909353667656 -0.616799772820067 -0.570821662149185
-3.4e+38 -3.4e+38 -3.4e+38 -3.4e+38 -3.4e+38 -3.4e+38 -3.4e+38 -3.4e+38 -3.4e+38 0.953560684095486 0.932204782878885 0.886016185030371 0.827081861626359 0.632728367878057 0.485501969746615 0.422982410117525 0.357520224677503 0.436782676462672 0.548544255827911 0.512069824887355 0.401074213456255 0.272253872783115 0.177775488623279 0.0842767409591484 0.0209703933399194 0.229160840444604 -0.0897992320796483 -0.331742421969095 -0.424653495618317 -0.699193583745293 -0.724523393184507 -0.785403972297686 -0.8234038941888 -0.948176744141763 -1.02959699767127 -1.11366748129909 -1.0041404305069 -0.975711713158888 -0.983162573618515 -0.980136577798257 -0.991128406860374 -0.957452674778874 -0.919651171207678 -0.911882704029055 -0.86650556134667 -0.778713776471349 -0.738752506965183 -0.690695364150087 -0.632523488406526 -0.592354865477014 -0.531363319518939
-3.4e+38 -3.4e+38 -3.4e+38 -3.4e+38 -3.4e+38 -3.4e+38 -3.4e+38 -3.4e+38 0.902508398569641 0.733404125234748 0.86684834833666 0.805938854301419 0.776967661725043 0.59596549937088 0.445421080724844 0.45708340384186 0.35724383316806 0.411822608986917 0.522765443092207 0.495381501364822 0.32866952803446 0.254803838025831 0.109039525434477 -0.227260282068423 -0.0824779590320548 0.0335949519433834 -0.140291103146712 -0.565415656933243 -0.737317901198801 -0.767353934647531 -0.778162430290544 -0.839722881789995 -0.869833262694999 -0.998023004796441 -1.07327179401559 -1.04712706225981 -1.0611482688965 -1.02283781674825 -1.01146839365447 -0.988077940733306 -0.984276018837928 -0.961416909622816 -0.925755752986136 -0.896281324637437 -0.874646612721563 -0.770339650022639 -0.669125037358496 -0.69352867542031 -0.658114323579677 -0.59263750833645 -0.60175899356226
-3.4e+38 -3.4e+38 -3.4e+38 -3.4e+38 -3.4e+38 -3.4e+38 0.705064409876579 -3.4e+38 0.65918466780783 0.849287602801016 0.889418193927244 0.785506526635031 0.726124954052874 0.578767899606923 0.508232076524036 0.403555155700846 0.313760561919816 0.377763548453505 0.459128418461281 0.483841872282634 0.390896706255068 0.261249866016562 -0.0773970444430709 -0.303743700157882 -0.0709154299274773 -0.221325054234117 -0.215243865885862 -0.416346923714795 -0.751341775270321 -0.763592156019296 -0.815503493231858 -0.871323517328168 -0.839295867204624 -0.963452382428692 -1.05637967518797 -1.03823031381043 -1.02895115473484 -0.989065366696665 -0.971701109622193 -0.952159193626843 -0.95573950494045 -0.929740966003958 -0.888021490211052 -0.877525622956366 -0.875011468628197 -0.792532405441752 -0.653592188336138 -0.699228829629905 -0.689469024631988 -0.654120331938746 -0.619769767016245
-3.4e+38 -3.4e+38 -3.4e+38 -3.4e+38 -3.4e+38 -3.4e+38 0.673031421238727 0.559361146187531 0.742842169232652 0.871452938133964 0.873544522710132 0.743199663777669 0.595663674782973 0.513599797318602 0.516057946079446 0.480479154589334 0.353573066492747 0.384093500246557 0.491636980698523 0.360439840327851 0.278331221946422 0.274331852898624 -0.00646676133677507 -0.360965676144286 -0.108940605035302 -0.496318060444573 -0.5008024349281 -0.262107714608409 -0.701847772002361 -0.83786915282383 -0.90069702809129 -0.920338318617212 -0.872120877060398 -0.85579066993446 -0.823919261528319 -0.823099308372843 -0.88292356781628 -0.881508084532324 -0.887032236898104 -0.892154593555473 -0.886713408332114 -0.909794734825784 -0.902621013394121 -0.846724323031251 -0.833551094979547 -0.780559545342307 -0.723677064039382 -0.681937248332922 -0.713102538351276 -0.68451295804446 -0.629573159148933
-3.4e+38 -3.4e+38 -3.4e+38 -3.4e+38 -3.4e+38 0.849482343305452 0.803722793317322 0.739826683479247 0.768322915966473 0.880440209400109 0.80064825936127 0.731273409271801 0.602036792466927 0.561019087839322 0.487521443565386 0.411790965497801 0.324983236531825 0.352058490571403 0.471395038343904 0.411634541564321 0.316953413710287 0.19442960379345 -0.046342644514297 -0.474210683514783 -0.274048894869958 -0.684186929798658 -0.737031657823895 -0.391789039905774 -0.661265095998165 -0.897547776231041 -0.993620248323282 -0.905181470117284 -0.844351083841952 -0.861577539194424 -0.822902276344008 -0.798393843472755 -0.821670808002152 -0.842995703871567 -0.836392556815866 -0.816779800127182 -0.84384957353728 -0.833330362834125 -0.792157367910701 -0.784451881959946 -0.788601383949945 -0.770295558276484 -0.73856025497813 -0.682146651567496 -0.704724430809037 -0.665751516919396 -0.647767640804197
-3.4e+38 -3.4e+38 -3.4e+38 -3.4e+38 -3.4e+38 0.856026435642805 0.786264732633066 0.83664207053227 0.833965754752676 0.834418089711191 0.764802149631603 0.736005232622279 0.613599207395337 0.524261469345181 0.42522400546099 0.397276855429251 0.319572636563565 0.431372597860673 0.523749226724046 0.423908740632527 0.160921997999176 0.1002070901406 -0.109656287797204 -0.479869145512378 -0.581997320133331 -0.682491819339592 -0.850901804027651 -0.816271034552474 -0.829195058084666 -0.866010108003099 -0.948024025991247 -0.917644352148686 -0.927640762519945 -0.89803155334716 -0.763062405615498 -0.761084922037761 -0.734032100996789 -0.729088660461862 -0.762575534099401 -0.76680182506575 -0.785799097866359 -0.787068427573432 -0.793552806130996 -0.770491531367772 -0.783078482528795 -0.566507620863469 -0.654490788985677 -0.757998607577088 -0.732408302799794 -0.667689539614593 -0.638571978619156
-3.4e+38 -3.4e+38 -3.4e+38 -3.4e+38 -3.4e+38 0.940002757873665 0.880714994483528 0.839370544687298 0.862735329303756 0.829833066760385 0.741779381260835 0.707789620169495 0.569904540473285 0.552090963373017 0.445854440002884 0.4132696356642 0.418512930809859 0.633684668299081 0.615966492625073 0.454370143149255 0.24914995651518 0.121455423952435 -0.17963917341992 -0.373054174003835 -0.477701284005962 -0.509253181280802 -0.773590594082347 -0.813009918500819 -0.855344328528699 -0.828881739453152 -0.88113978791171 -0.922869586924031 -0.891389385426922 -0.817217834248387 -0.807048350321615 -0.776267076253522 -0.752199855021214 -0.7373537497948 -0.722057577665505 -0.707562620616623 -0.714346502563059 -0.725364528627339 -0.625162669461433 -0.718576116443209 -0.741880960741606 -0.708114798478048 -0.719220311970388 -0.772768537363355 -0.753019478146646 -0.717055618798706 -0.655750312475728
-3.4e+38 -3.4e+38 -3.4e+38 -3.4e+38 -3.4e+38 -3.4e+38 0.7599134457301 0.675931202902295 0.786949888834526 0.858521090238343 0.757675943724506 0.664763990431241 0.530079623027752 0.527860835912087 0.457738223519245 0.449362266973368 0.547242220943687 0.68707951653487 0.680867943893974 0.495305989551401 0.34397589999911 0.141776231675013 -0.104197690700842 -0.459095773215452 -0.590112906630173 -0.572280095302178 -0.804630363036875 -0.883598549739453 -0.797777467186045 -0.79667108494267 -0.82954192390436 -0.837529035023643 -0.823197379227496 -0.71868831412112 -0.610484130987606 -0.663574120404856 -0.687501152611469 -0.708612425302514 -0.719549819455633 -0.727253407367203 -0.713883909921896 -0.657331661092726 -0.710357207870515 -0.742935060467032 -0.748819999442116 -0.781977991472983 -0.78372265460996 -0.776973365360714 -0.732987018457645 -0.736356310282611 -0.692562579935783
-3.4e+38 -3.4e+38 -3.4e+38 -3.4e+38 -3.4e+38 -3.4e+38 0.634202761344029 0.599061754912142 0.68824875202428 0.689275598118121 0.516612081367088 0.498715865811698 0.495523378089578 0.479185024640129 0.483042674755099 0.611786986895818 0.869024576309319 0.827491027189332 0.754317593154489 0.493350213179398 0.311786217191948 0.169718089083919 -0.0541824131836738 -0.523670777102015 -0.704362019186248 -0.613575774959534 -0.761965004396526 -0.810132886283261 -0.831992910060745 -0.78312062205781 -0.787422760711033 -0.757926376748975 -0.756600544491937 -0.611171690488261 -0.539767391738761 -0.538028194633032 -0.614384552628467 -0.691942985553894 -0.705800120127544 -0.719151852822298 -0.713395960520194 -0.669369450087669 -0.696692621900867 -0.726371109215672 -0.727920166007565 -0.780228593263767 -0.780579677383074 -0.780079653623194 -0.78758506310469 -0.750963575742634 -0.701209767175015
-3.4e+38 -3.4e+38 -3.4e+38 -3.4e+38 -3.4e+38 -3.4e+38 -3.4e+38 0.49907231948088 0.612870528849286 0.531527978569036 0.258230134459206 0.269407653317765 0.44351488776566 0.437243073115142 0.445226622445972 0.623585703895099 0.83420984709076 0.829117652228776 0.669662039091941 0.581010713519232 0.304756845737863 0.221014624782727 0.028655705770033 -0.495711549430487 -0.668188685933782 -0.65335461093213 -0.756138753751853 -0.850305279819385 -0.816441548707157 -0.749660067146327 -0.746303575761849 -0.724897679651456 -0.621598417045296 -0.706903510713885 -0.691375149429485 -0.636648786354543 -0.659215609579065 -0.660082951169628 -0.659003206136527 -0.684248222968138 -0.710756155029005 -0.68182676197997 -0.681562677921604 -0.7081122583058 -0.663567764039634 -0.737558006040109 -0.802260921231462 -0.797837123023787 -0.787582920135955 -0.757247752187599 -0.708472405943958
-3.4e+38 -3.4e+38 -3.4e+38 -3.4e+38 1.37347625032138 -3.4e+38 0.765685664328527 0.63557085540841 0.592270979803776 0.57420700363053 0.34432111986907 0.276209698662539 0.295658337334931 0.237700737485898 0.233366794625719 0.4224046149522 0.661528317221526 0.680805007777296 0.635521474295643 0.492736471479943 0.298058973862165 0.175383241555587 0.0530902211764785 -0.371573595218313 -0.648374619127002 -0.611483680418005 -0.736470519111998 -0.774424902359115 -0.78742480864336 -0.687727921776023 -0.705243185226576 -0.701133496370674 -0.525898017572218 -0.616863685079828 -0.595930782846086 -0.592708664132499 -0.582078471519567 -0.570680395196039 -0.602449716655729 -0.616331187365107 -0.640137338671702 -0.687884610193717 -0.441638453779244 -0.556908056531319 -0.513764343591371 -0.68996860096219 -0.796497315019025 -0.800831285867888 -0.766978404365337 -0.747071382906414 -0.676908550592623
-3.4e+38 -3.4e+38 -3.4e+38 -3.4e+38 1.35302918937725 -3.4e+38 0.80020565771764 0.710323905237409 0.661568655734952 0.563429814807862 0.293969338581252 0.192452542308756 0.22750001800517 0.148187887054377 0.148792353291593 0.176173394374254 0.333803924569617 0.493479034037619 0.452498739484602 0.377878358631588 0.0788641945053281 0.130567100505568 0.0686409112066618 -0.37924472797136 -0.748933903905259 -0.737721031531491 -0.716378653069532 -0.73407044662948 -0.764049025901809 -0.674883828928655 -0.559287671955061 -0.536073017403504 -0.530671159237154 -0.542248794844724 -0.395597854269334 -0.273542146087685 -0.418924261829661 -0.4601739188179 -0.488847714750444 -0.512760078914149 -0.559947810142708 -0.591232774770242 -0.658828901091914 -0.71920355763855 -0.758378509720831 -0.74568448200371 -0.742108507478526 -0.717942886718143 -0.743450698493701 -0.77335769233997 -0.760770672233209
-3.4e+38 -3.4e+38 -3.4e+38 -3.4e+38 -3.4e+38 -3.4e+38 0.825859748892713 0.72130363008705 0.585044097305432 0.510382920704311 0.2532918074035 0.159373966527655 0.342961329499512 0.252442767553432 0.18878928881934 0.243883280015563 0.48903541028919 0.464049405817981 0.521508672000207 0.403609056068887 0.109937606959581 -0.0791748245790792 0.047168111112886 -0.211496757689929 -0.635128227981225 -0.756755000046113 -0.745207212740692 -0.699722527821216 -0.68876779319919 -0.681062139772625 -0.649422555191824 -0.551473826992797 -0.405459672662673 -0.377530677861659 -0.131737394528906 -0.00497457293117141 -0.0409162503439 -0.250026320827047 -0.382957683793048 -0.414191117169342 -0.473954405476303 -0.583942928100605 -0.640841993743633 -0.685758081805236 -0.737885205355226 -0.768406756213124 -0.764223214874732 -0.741194116111296 -0.713438907634157 -0.762099213470348 -0.773086237607916
-3.4e+38 -3.4e+38 -3.4e+38 -3.4e+38 -3.4e+38 -3.4e+38 -3.4e+38 0.630392106383028 0.468391966796725 0.327169775901507 0.213199953458536 0.122439331153786 0.188907699167599 0.23543094390654 0.257599713353055 0.359626113363379 0.455115557114117 0.424024710327656 0.359025429684115 0.35549828086721 0.102736452947031 -0.0849500432037884 0.0131154436847468 -0.00913960089123354 -0.363993012801865 -0.613299300064971 -0.649164823359024 -0.705439772816874 -0.679984851956796 -0.675310725152434 -0.606519586768556 -0.547268560767491 -0.472995135621836 -0.366904013851304 -0.350280353256768 -0.363619233942214 -0.378324922848407 -0.402661165844225 -0.364333380643206 -0.242023069226599 -0.355850500352377 -0.611713888474167 -0.659717757536549 -0.707853780965871 -0.718030133550007 -0.748434368918516 -0.771678737041961 -0.77112380537588 -0.742378314300589 -0.723563294998148 -0.695925767573536
-3.4e+38 -3.4e+38 -3.4e+38 -3.4e+38 -3.4e+38 -3.4e+38 -3.4e+38 0.748051098813677 0.60347729020265 0.459519755685706 0.302495792006373 0.199748425268072 0.218007832602696 0.313842105924074 0.361888785738561 0.366720874014111 0.42491958936089 0.373211940838501 0.349902659928529 0.352717873808042 0.186698952470072 -0.0699851610542225 -0.106962982688095 -0.0799622297569243 -0.177258765531726 -0.480213708930271 -0.591060632116797 -0.672657451323772 -0.670452588845414 -0.621603377833527 -0.550536066364974 -0.453163799160977 -0.389345114674724 -0.320721593906613 -0.338959145612289 -0.352403019808608 -0.325439448990235 -0.333439082757266 -0.270537672572198 -0.237215896202318 -0.406954326629086 -0.564088433607804 -0.634818914897311 -0.680011118277893 -0.727739539323355 -0.72520861829789 -0.727282058326623 -0.727926076152752 -0.730733524402067 -0.707582311150003 -0.69020591206868
-3.4e+38 -3.4e+38 -3.4e+38 -3.4e+38 -3.4e+38 -3.4e+38 -3.4e+38 -3.4e+38 0.614492141377447 0.57867156024937 0.561819474207631 0.471934668314221 0.393071303399664 0.447244339671224 0.517969714388627 0.563778283402192 0.584711831569882 0.516764612123001 0.423613352292797 0.319945601091395 0.206488905202548 -0.0882844469402014 -0.269643765932504 -0.0304453712943391 -0.040428281846276 -0.398464073540404 -0.519903759906562 -0.609883863537223 -0.627897826585494 -0.539346130624967 -0.506148764640068 -0.442244306927067 -0.408448342998139 -0.329981298524551 -0.349143632124728 -0.3581951826727 -0.253955616787965 -0.290119817948203 -0.352940821197657 -0.406718221661423 -0.489215615482243 -0.540205819966795 -0.564179150102192 -0.601025269318337 -0.607953366650497 -0.619510124500428 -0.646233334690018 -0.621199306552785 -0.637497482858562 -0.642221960028691 -0.640875999864709
-3.4e+38 -3.4e+38 -3.4e+38 -3.4e+38 -3.4e+38 -3.4e+38 -3.4e+38 -3.4e+38 0.813741174451644 0.830487839978511 0.830146023510591 0.733079026698677 0.644347077112424 0.565501645561209 0.638824297270682 0.790340539709916 0.592685453498022 0.463966642422436 0.403486804753195 0.336395490038144 0.268759117113668 0.0266782002893835 -0.268125119121904 -0.0620511735116924 -0.218801963808891 -0.401880380293677 -0.461142967299127 -0.51723893120184 -0.508511915996227 -0.524484472817274 -0.514823576786487 -0.472479314334122 -0.391129744803363 -0.278627465133472 -0.233140173174434 -0.140229620131616 -0.252859477170473 -0.335135617240259 -0.362222396296207 -0.439776097176197 -0.483786029212011 -0.570677616060101 -0.619811544680453 -0.634645265328455 -0.661486659563044 -0.647107566836695 -0.624909889575885 -0.620461766812879 -0.636906322481108 -0.647637755237676 -0.641273239825355
-3.4e+38 -3.4e+38 -3.4e+38 -3.4e+38 -3.4e+38 -3.4e+38 -3.4e+38 -3.4e+38 1.00248155714871 1.03098959302696 0.965232118559452 0.869653808587379 0.773449281511532 0.715619921796908 0.691604551841021 0.606909698106804 0.579200837702685 0.473411024117318 0.394175527698196 0.398315384783785 0.282411868747989 -0.0185715589826426 -0.175146849383845 -0.120498352107923 -0.317298593085265 -0.403542126905583 -0.443819564525115 -0.532790538617304 -0.566915983332102 -0.546103681438661 -0.518778400714328 -0.431944082388119 -0.273152892096615 -0.0547182046454419 0.0881750891892014 -0.0291493158473392 -0.282916670731187 -0.342486495353244 -0.374800169340718 -0.404936364468438 -0.496422390820855 -0.543578368880796 -0.597185031995307 -0.644433522591789 -0.6068367337241 -0.625036269816628 -0.637102794069744 -0.636399369355167 -0.639703108802162 -0.641892339333952 -0.656416875005817
-3.4e+38 -3.4e+38 -3.4e+38 -3.4e+38 -3.4e+38 -3.4e+38 -3.4e+38 1.19710353804777 1.18632372718636 1.04520441009166 0.953023274368884 1.03943649511766 0.954210754304634 0.751204224924605 0.784645027816642 0.739355971821843 0.624888274392468 0.601830090892494 0.520271966452154 0.311979808673972 0.140638166015473 0.00482104917420983 -0.103857875419207 -0.18458320988335 -0.39235406767896 -0.406110501841183 -0.470905564712571 -0.486372356206249 -0.495207818444235 -0.457776401086752 -0.425170950409415 -0.374228828897093 -0.0557323471074538 -0.0150696095354051 -0.330579129395804 -0.376581050919671 -0.273962626487308 -0.306834089743113 -0.347601022606726 -0.396256956954981 -0.466024020514623 -0.501859772618472 -0.540479104571156 -0.575792594480987 -0.601545162162896 -0.596284153884439 -0.555386537186464 -0.535732847226604 -0.588003218485954 -0.607126549881343 -0.635988463481022
-3.4e+38 -3.4e+38 -3.4e+38 -3.4e+38 -3.4e+38 -3.4e+38 -3.4e+38 1.21541406403556 1.28810584181473 1.19031808071286 1.12192164656741 1.12763615743097 0.995888317491867 0.90831691737104 0.894152300011856 0.786053773024347 0.658088381352082 0.63343653834359 0.535050006221703 0.435549707878964 0.128817809918355 -0.114103906010599 -0.192755198142942 -0.258177262693356 -0.375964295961436 -0.369264081411798 -0.378997739025199 -0.402504985691281 -0.458776287467314 -0.438486886948855 -0.378034427150716 -0.336101853417481 -0.357785995944168 -0.41835303417408 -0.453881213011703 -0.383375520349038 -0.308808652486029 -0.310377865142517 -0.372524064496354 -0.402754156198915 -0.449402914037388 -0.47852560568672 -0.531637410990197 -0.579450741605708 -0.574277636619759 -0.577567513045075 -0.542792683748435 -0.516232428575045 -0.522926596142227 -0.55330894751122 -0.574480134267922
-3.4e+38 -3.4e+38 -3.4e+38 -3.4e+38 -3.4e+38 1.09134575000281 1.12640481378989 1.2158514956922 1.23883766078869 1.22740214006225 1.21980362979001 1.2098363554307 0.977541809081868 0.912758960878012 0.896280798342827 0.72992685334095 0.668631508518805 0.669334721784569 0.551168376188207 0.459571155323356 0.100971472991865 -0.13289987296169 -0.185407919386588 -0.283785940804795 -0.304529781908152 -0.356710237804803 -0.353507579356864 -0.37059512552458 -0.400734798304701 -0.405292129098988 -0.384215386027612 -0.36988786009004 -0.379218466103428 -0.396197888788592 -0.443097039984353 -0.38530382384446 -0.324260744495307 -0.317705490697435 -0.386860857596037 -0.435785154177483 -0.44278553419659 -0.458531609848849 -0.49860380110113 -0.538925263695392 -0.551776235204429 -0.544277174298915 -0.546904405632724 -0.531649211042672 -0.510461286777349 -0.502351443782675 -0.533525081790798
-3.4e+38 -3.4e+38 -3.4e+38 -3.4e+38 -3.4e+38 1.08517259379792 1.13161294947277 1.18373059355842 1.13276613855359 1.09846390807948 1.06943881369071 0.969776081407733 0.825895343595551 0.786571668104443 0.828104003609146 0.79828146129773 0.726534942103375 0.702782022767355 0.589526224722356 0.432701738475283 0.20501655265185 -0.0185683555939559 -0.176018019007338 -0.240623270740249 -0.245197007903008 -0.338602431841417 -0.378376023247509 -0.422092004603048 -0.332787022508127 -0.35073419112094 -0.350044539635315 -0.310043995063953 -0.388565647903644 -0.373526681582369 -0.374034751940435 -0.351447378030962 -0.305402676370324 -0.301828001416181 -0.355609221277 -0.380264121623486 -0.416787909013836 -0.463427102244439 -0.49136505286549 -0.503543641737608 -0.512907744308626 -0.517969408414253 -0.509650022210143 -0.522701223419932 -0.50598060262373 -0.481719746500094 -0.436942623445628
