data/pcas/pca_referenceLayers/PC06.asc
NCOLS 494 
NROWS 529 
XLLCORNER -117.166666666667 
YLLCORNER -55.5 
CELLSIZE 0.166666666666667 
NODATA_value -3.4e+38 
[rows 322 to 344 of 529, columns 357 to 407 of 494]
0.15165514181241 0.176443712575432 0.201817855938811 0.148268902386167 0.179998938532015 0.15085541553355 0.194758937933333 0.202913616080254 0.210947539090774 0.206038582739112 0.219781588360664 0.19096506684476 0.198504040394788 0.175482334579063 0.137340594848685 0.136970514188701 0.162906439886514 0.203988144404495 0.261582498312637 0.290046435358577 0.293606647882192 0.282881330731902 0.313837567235595 0.331456547174989 0.32531616839529 0.286405363595406 0.259163863540803 0.254436555410483 0.279756654632732 0.28649883611627 0.270236363853245 0.322705923248701 0.352264852916189 0.335589819614848 0.431064665904726 0.401634202669201 0.338219137377633 0.357521083867388 0.42435497405066 0.455973429256054 0.481086355942388 0.48956593314974 0.541426614986753 0.537621817062954 0.551769451370007 0.601738779691871 0.444296360038025 0.391348394958554 0.39370857441052 0.408144524969447 0.381586882756586
0.168304442670439 0.178848256467983 0.128637763628465 0.142586701325325 0.197620173577383 0.212176405978787 0.148899664847534 0.137847226891595 0.18819860648747 0.188322477257875 0.160070745592204 0.192470910301521 0.178904268557842 0.102446587698079 0.123504157452844 0.162302323631146 0.183067630642416 0.239562832479293 0.269109715213175 0.305210327026799 0.330545479754113 0.321303868851206 0.309423594044125 0.312624365312141 0.311464512275202 0.267919783345542 0.253117390423958 0.230865757472165 0.229326988743353 0.249979417089861 0.228684879456369 0.236569754078016 0.255161153610222 0.295204115235153 0.470545688932461 0.340806771397964 0.294470971837474 0.34991523727232 0.396409455899655 0.46196799872623 0.519140766282606 0.531801828560214 0.532675252604389 0.533978879248369 0.516899483824725 0.635831570606558 0.513471670067308 0.546883774172356 0.474842897421067 0.461238268195605 0.42041657532739
0.156718928506031 0.199715543613403 0.235722790327651 0.145610134635586 0.161369918107068 0.216602159843036 0.10834882383185 0.142400584973649 0.182422809143805 0.166136073804683 0.154948891262121 0.21558901307716 0.157845453593001 0.102527244917549 0.116209936057686 0.134443438055382 0.173145642517873 0.240525739514112 0.2675437483544 0.320692302512428 0.338002832781716 0.340992599978283 0.325602899631727 0.312999758178349 0.29922076636932 0.244177605542592 0.236396310393687 0.211930954006836 0.196653430042408 0.204383351362973 0.189133468534186 0.204166897225913 0.209459007276881 0.284458553005924 0.484902661622274 0.300299741374817 0.331777190642223 0.369551534149908 0.430525545590961 0.49825391315537 0.53249396941808 0.549981167257517 0.555926098330776 0.5643044131382 0.564526888711606 0.566134009782194 0.492065991319288 0.532512124071758 0.609955447370409 0.585102064049398 0.522024325214788
0.19725388252566 0.16141687819871 0.217993242395809 0.170387502226948 0.178522189112467 0.155834857087189 0.138239113618332 0.161939464767206 0.172625412474694 0.142180427401504 0.147546008511877 0.154669638704688 0.110127357908225 0.102521028770179 0.0812755513214689 0.100245052855343 0.207281891515796 0.252020814691224 0.296426959154656 0.321789976233881 0.367294687076228 0.368511924356416 0.330094084119176 0.338909176441595 0.281676251826335 0.232731654266907 0.208791399067427 0.184379376819489 0.169269318459823 0.139878802479983 0.141250825283393 0.172971659066631 0.22579297315966 0.474271567447565 0.334015238667051 0.254217948010803 0.317070030562321 0.376157081234634 0.463478003068917 0.526407064596952 0.570281604314437 0.556314608008575 0.53378764749269 0.55818658314017 0.577874690525995 0.559503685860721 0.480742803880549 0.441842026590916 0.469756470336917 0.634338921470248 0.690448441332774
0.176700608157807 0.153979172619011 0.202407520391581 0.17945416667656 0.173735641269521 0.14031921616337 0.136230248214255 0.172038635193475 0.171715849144709 0.148458250194009 0.163369000833146 0.160974387748774 0.117386511608331 0.142528877252492 0.0936572831563812 0.11967974476352 0.172260044965694 0.202353885816306 0.222890754063784 0.362884367317122 0.392103687818107 0.403203615383855 0.366068472068612 0.322941846160489 0.277222524018303 0.220747059965202 0.196241250698549 0.160008582418303 0.127479398405211 0.121958042188172 0.109083960851098 0.100284094558717 0.336406898761175 0.261521172916703 0.163928562007721 0.206660726528082 0.254445299109796 0.314193624816194 0.38719830729695 0.443933559151593 0.470811089249556 0.491559017740833 0.482903453205601 0.46572800176393 0.41141542022927 0.401409851824869 0.427104996866377 0.437920665130648 0.413429978705425 0.478028480716762 0.542695542625765
0.200596041956091 0.200451388126432 0.197405137767284 0.174879786847313 0.170079517059136 0.153924649665781 0.144742655489815 0.132256814322539 0.147010483724371 0.194215611252554 0.180693220789305 0.154226143054343 0.170880448244273 0.163030298476602 0.214048954721038 0.185781514556137 0.166137112271963 0.249757481593526 0.311649728664938 0.42857006405232 0.465446103596507 0.444033539797974 0.403742394908891 0.343325463915018 0.263637850616518 0.182100840607153 0.136771079185383 0.088401294298044 0.0766662218890794 0.0499724881342006 0.0484445334483017 0.213228629314838 0.308754970776688 0.0558739106329637 0.112006365420012 0.163828148501492 0.187404633407258 0.24136907290308 0.332703724649319 0.345799621246095 0.338444583221502 0.404043132517242 0.446250173123766 0.419097579669952 0.359736616807904 0.337737274410337 0.375537204686064 0.356892331675455 0.397965491567101 0.395698091788374 0.387831781083613
0.248267169207004 0.236717761976367 0.179138568928746 0.171953989172823 0.193308439201477 0.19037291596046 0.15305712426104 0.14593407165967 0.140272598984051 0.196725738725124 0.169168828791785 0.130344291860859 0.152223207627631 0.134902781831063 0.19794099445661 0.156359710537522 0.208867615642883 0.24518206054631 0.309548348300478 0.427252253347886 0.516834650836676 0.507246213598709 0.444725731803556 0.354275234139021 0.271175280606303 0.173575034029668 0.086351680072917 0.0478503632943169 0.028136036785129 0.0188498936695145 0.0233637695323354 0.301126640183517 0.0472799379402539 0.0158298956417767 0.0360913775124616 0.068346721048126 0.117980975633641 0.210650985631414 0.271456551904557 0.302211365320277 0.303702074164393 0.304621358222652 0.348479376185221 0.358016690975348 0.397856280764077 0.37014585692103 0.321357419120709 0.379768139093396 0.451258250166275 0.342346810253556 0.280450808701667
0.296671500440278 0.247625966273222 0.231550797944403 0.236893663318662 0.241657631251828 0.222144394477593 0.193502653442082 0.208844998163407 0.210594730097055 0.214393957535787 0.214461312202315 0.161681683148155 0.168550682850845 0.156467908660059 0.150321182751567 0.160943578218795 0.188406159659898 0.230341720594445 0.276988169847688 0.481423313307527 0.556765086388578 0.534429312349981 0.495668416984473 0.379445866219359 0.265152962620944 0.130574376628905 0.0355446679046706 -0.0167587978230341 0.0110454035450567 0.147043775030661 0.124954429777545 -0.0261431040519479 -0.0421348967245503 -0.0244374771784066 -0.0234654749384734 0.0069725275017988 0.0508593469915482 0.12948578072193 0.217634156099307 0.271366600758536 0.261263369730785 0.299061650369367 0.328149466224039 0.290133565954588 0.270155092099022 0.307959795519841 0.436879145771548 0.497258886966783 0.479422325584716 0.292448025412086 0.190845684022808
0.274947559685116 0.29170741460116 0.260093898639499 0.275935403971542 0.266655130468468 0.222874214854181 0.217252913798726 0.217049031521003 0.253795463357381 0.234361381492841 0.228732291896833 0.214063728691307 0.189500563643697 0.167211758855977 0.111071638648804 0.170456414579516 0.198155132216868 0.229936793445044 0.317742659046701 0.48614711755537 0.524276656846959 0.498001015511656 0.468277016149202 0.329732002144346 0.206354449171216 0.0946150701912579 0.000598490963979716 -0.0204025663975109 0.176356392890487 0.0138607912085622 -0.147399461206631 -0.0952834733522281 -0.0387172715818188 -0.0899374607067133 -0.0887935463857745 -0.0812385047478653 -0.022252897150905 0.0618999736014776 0.149061970350434 0.237140456006372 0.234721728379819 0.240775263354482 0.255512594001037 0.233256721219533 0.26344988421593 0.285663856126885 0.323036699095725 0.401251430719032 0.351320540039604 0.255517188103602 0.209222736436693
0.274978614360654 0.285354423278989 0.306193192552355 0.310671096075528 0.278646265667987 0.256804715654846 0.237706535827163 0.255594702790471 0.234462846614941 0.24306742538778 0.236645805235708 0.252332783322697 0.22752060503687 0.193925457361269 0.178118415230558 0.161955446958849 0.196411012709062 0.248567636058453 0.36338503792399 0.413156361473 0.424826461990915 0.409711247773769 0.33282458113357 0.225176914631352 0.122581984160387 0.041226821568474 -0.0265412259735135 -0.0072363355455461 -0.130764161735722 -0.132748072196379 -0.161145757554454 -0.140644001730099 -0.0295225452551629 -0.155700758429798 -0.109402059387242 -0.111587474487009 -0.104369619310085 -0.0515093250232751 0.0935889374995197 0.196237968974071 0.182455867344607 0.144403887754978 0.140966636300598 0.156477563866324 0.117003674467515 0.169107374542199 0.197728686483785 0.258489935320712 0.273996348578618 0.250444395642746 0.243865583068737
0.22767087070895 0.260726142538682 0.302646504320987 0.316261597592453 0.301536181943775 0.26823671368161 0.254241053488141 0.262319700090772 0.287415053389433 0.263817151277867 0.248321494725792 0.236995285487371 0.23325954616538 0.166223940483319 0.186086756859886 0.18001196901927 0.126912273380856 0.228905528051418 0.266030644207149 0.310199233594508 0.306490935499383 0.2468952602843 0.175178487883049 0.119781247406978 0.0624937243268339 0.00204129327557578 -0.0900898589016342 -0.191125042080715 -0.267325821465359 -0.293682073192023 -0.310227345833101 -0.278915041685148 -0.252502317361045 -0.249408565211512 -0.207348297660947 -0.185583742886004 -0.160027328771158 -0.0897563469043139 0.0662778793024987 0.130144322545297 0.147164576363867 0.0137866946259148 0.0479884136613883 0.00192351110483093 -0.00497144303030638 0.0579679794580901 0.128046277526769 0.237498285860453 0.223401111502087 0.214947880335303 0.189361228030192
0.211976020171234 0.248701317594475 0.304243908785022 0.316800994326847 0.323860691210123 0.301998918477826 0.254083118973874 0.231695610076878 0.296074921635097 0.250865490596628 0.25200147865626 0.239885582872884 0.205637766331778 0.147255295503479 0.172855834160724 0.199120681381757 0.17350248468254 0.187412283700572 0.188222969431374 0.16741693606951 0.164321437813401 0.107468518323406 0.038431203650354 0.00209507162940303 0.0319806057544697 -0.165969084816026 -0.283956714707413 -0.331761781949193 -0.351737224471108 -0.366871397500177 -0.355170361903727 -0.341653231896145 -0.308016939779589 -0.25848797882407 -0.229905315005844 -0.195045269434667 -0.175933451792472 -0.185097569348345 -0.170107672810197 -0.0878369543720139 -0.00234708379686909 -0.0115126934955661 -0.0648756347013169 -0.0727394977453489 -0.0482948383013065 0.0179545505972085 0.161781670377599 0.234934438582381 0.226300766308567 0.171792954862638 0.137281546052902
0.260129324404433 0.277332272008869 0.302423502562717 0.32025747597199 0.305058738748423 0.272486223785927 0.233504630790407 0.197522865025657 0.233794483792875 0.301919171762586 0.23601345831528 0.243663074727328 0.186252393278189 0.173015952401086 0.157933348594482 0.156960370605566 0.166328726694177 0.187319193126637 0.140202123769881 0.106839768010023 0.0704612266229985 -0.0126346130779477 -0.103188403848655 -0.102555287762888 -0.165894019505395 -0.344525372505078 -0.390570376207134 -0.409323740743755 -0.41944075274051 -0.419491123591382 -0.390226937395025 -0.340460703453977 -0.302706013757368 -0.283394718840613 -0.204149214737842 -0.220213273736988 -0.182109789517024 -0.223185278515534 -0.239727476694959 -0.192339675248784 -0.177176225881845 -0.166638602381984 -0.209451088085759 -0.199315672459362 -0.17859197774089 -0.0536330878263964 0.131756137786662 0.261940431331196 0.241305814730093 0.14967218556869 0.0946769971232189
0.274794902129855 0.288839377548118 0.279677107932357 0.256898298816299 0.247634214270792 0.202834635656182 0.184439769491138 0.184329679812228 0.235922669901789 0.183278946871135 0.196494312820236 0.206649673942046 0.160884182078184 0.14514578880691 0.118508920179514 0.102638488329812 0.095158185498955 0.0829216590264071 0.0668389671677787 0.0480741990486247 -0.0104366978177376 -0.132355452873125 -0.186806787561112 -0.208557445953216 -0.319260523990363 -0.374862797999008 -0.403497345394902 -0.425669795194104 -0.426965958251489 -0.416542213272002 -0.394729077107445 -0.354850039880019 -0.271790215311648 -0.195383856449626 -0.225494178743637 -0.184373690029403 -0.222148282002017 -0.219343402770089 -0.225946768697017 -0.194573192904677 -0.204501969869181 -0.265977106049015 -0.302497779371592 -0.31247084935038 -0.270222951765065 -0.164191846261854 0.00922483526684339 0.180776945337744 0.224767493163266 0.141610488330093 0.146834515924907
0.245263841660471 0.3158309729213 0.259411267326234 0.203297053161736 0.161340238374668 0.165552182897576 0.18239879061025 0.188934804476645 0.224537537029491 0.188472183163424 0.219482960211565 0.17109419735676 0.0742369838307544 0.0720433812090461 0.073987780293269 0.0673990181170061 0.0718468977523751 0.0737171367142646 0.0520681439646812 0.0242870924540777 -0.053442608422221 -0.144982363101353 -0.164093836150247 -0.354124660049802 -0.472388846091444 -0.472988451076458 -0.5042070526382 -0.48408711226367 -0.432780115779793 -0.400977391923361 -0.39941815003604 -0.368040020000023 -0.336525573522289 -0.217855314679588 -0.160135269871758 -0.182023371593413 -0.205649881368258 -0.246781452717701 -0.190407106291772 -0.209368480284716 -0.288527673332046 -0.382701152617309 -0.396536341619312 -0.35013805046174 -0.351558743811261 -0.3018252616414 -0.16631312588549 0.0413262418187328 0.282019296905893 0.0986326721789431 0.0608005638241508
0.242115366330925 0.282274443293059 0.223737605423824 0.205336092422863 0.200692832018551 0.173906822250439 0.153317533720426 0.128939266589227 0.130940386150416 0.15287833316891 0.133473307746097 0.112292281023218 0.0669006009454407 0.0503734685005665 0.0437393609042243 0.0872690871569879 0.103017708067848 0.0460144213390724 0.0451371853589638 -0.00403807365292671 -0.0599304050263676 -0.12883797501095 -0.228355658756616 -0.46836550141118 -0.585049865640121 -0.60484155681372 -0.575294398830778 -0.502411687492097 -0.459141611843782 -0.423931129950698 -0.384257276583313 -0.359075740594406 -0.297796333442376 -0.259608624094896 -0.224363924123522 -0.195116769012084 -0.210008913950402 -0.243762020455303 -0.272531515843451 -0.28181543172332 -0.254754984514285 -0.427269442192204 -0.414833657073639 -0.413139208794351 -0.370766632441885 -0.327872836299892 -0.148105283423785 0.00389998624539105 0.12093880595864 0.0167272576310769 0.0214813206826245
0.267691881957015 0.279681677285371 0.288090953493997 0.241361407637575 0.220755435275313 0.173586562795348 0.153507503269397 0.118169618763263 0.080768745580292 0.170446176464093 0.0782628476654597 0.0644305051300821 0.0993006486335507 0.0449309551334852 0.0283192829643348 0.0775339469674566 0.069313417415537 0.0698816651254618 0.0486546695534664 0.0166876104561634 -0.0615300420568104 -0.0946732814266815 -0.280483368146682 -0.527703043264211 -0.656659234659277 -0.682624280466652 -0.582463637743927 -0.519743486545522 -0.447610943705633 -0.42606021508641 -0.415945406007785 -0.350211334507141 -0.244072709994502 -0.237687002756752 -0.169072644419057 -0.195563910810217 -0.253008430896444 -0.275245401016113 -0.369975611516647 -0.399140577584552 -0.256405766185637 -0.313677259164728 -0.312892647530447 -0.359440824791278 -0.314729445371776 -0.223342805829429 -0.0194899350549603 0.0110638198201723 -0.0228901137336729 -0.0443233784971511 0.0204555783786944
0.286635505424331 0.322641919281951 0.349355387730255 0.288891303852298 0.291392155836295 0.264876980708525 0.210256500537272 0.163427098262087 0.138735962426493 0.0994591184502462 0.0957440115086165 0.0678637323230838 0.0780387001853099 0.0613258145396752 -0.00339322808883302 -0.00286534924226554 -0.00667766752101007 -0.00296884301414338 0.0178758652073346 0.022533107454965 -0.00969239096593557 -0.0445176002607025 -0.355954439084626 -0.559237336514518 -0.64383707769216 -0.652443148138633 -0.611090819345181 -0.607288827782428 -0.578259552420272 -0.431291132262563 -0.392049021022505 -0.348863137696289 -0.269858952998899 -0.216007115422395 -0.2282566619214 -0.259485267833941 -0.314067924052041 -0.391075251955111 -0.420316466713226 -0.327611176960115 -0.311243598145377 -0.322018863078218 -0.377418393347543 -0.356741503204502 -0.227883639413573 -0.163760405605274 -0.0246260732596069 0.0159916790926127 0.0171514269816947 0.0384766528809406 0.0170961558131545
0.339197746295325 0.400797623580601 0.450893252250192 0.413704994629002 0.410616507745274 0.354275816881698 0.268802136823637 0.18398673191848 0.119733139068112 0.0888401310061825 0.0236467707157531 0.0131195406092664 0.0425091093271092 0.130104600446461 -0.0169088874555772 -0.0649814272721053 -0.0870710855808784 -0.0777539624288938 -0.0663240533337056 0.0371067876827504 0.0184855109004218 -0.24647437135515 -0.42955774213817 -0.549244587619607 -0.612008825446156 -0.604156653532653 -0.553615090404599 -0.530133296367282 -0.509447672191664 -0.482705944254881 -0.435966155482143 -0.320891760863047 -0.219393136887605 -0.21379464882662 -0.273720348979635 -0.323477415037679 -0.292477098719294 -0.285769612345628 -0.306553830139251 -0.373117054201626 -0.419001023588233 -0.396758677584404 -0.333958180519853 -0.284472846640314 -0.226079011841769 -0.116017118754348 -0.0641823090659332 -0.0196654562407281 0.0339936773483845 0.0877268820834573 0.157547106609571
0.41814871762839 0.506060039238558 0.602202138566509 0.60529245062494 0.529435699132188 0.405485407493837 0.280599152635929 0.176651443348683 0.109855994754238 0.027891760075322 -0.0430902156030466 -0.0763881501357822 -0.0492406689623631 -0.0166349232644948 -0.0738433311430283 -0.131359323133832 -0.253423579282274 -0.239254554921226 -0.235356966302059 -0.151881421957877 -0.249761081529611 -0.421493211980819 -0.520617298185818 -0.559873102236084 -0.588172939403382 -0.510001442991654 -0.457361015902184 -0.460042498594908 -0.409519368839746 -0.392987063799425 -0.407886048158862 -0.375069191595753 -0.237330079904509 -0.193970969880879 -0.285141215969453 -0.462666376668416 -0.401175138862328 -0.310504715222964 -0.332082762136285 -0.357917811422909 -0.479593312568193 -0.423554537483018 -0.348954196514698 -0.253912473664872 -0.294440296592204 -0.202561297198263 -0.0465733575804232 0.0635987326832444 0.19248548073874 0.317824206779193 0.408868412199398
0.484599061879141 0.59326531043437 0.717695879241475 0.7834454742529 0.694398172340164 0.512747556637331 0.318389926800513 0.17920957922787 0.0821444099137601 -0.0234727905519762 -0.0756629030521671 -0.154015609570028 -0.192218679843221 -0.171932972679675 -0.163927532138792 -0.206119796545212 -0.365056434492374 -0.375419341690625 -0.378937795060566 -0.328833415435095 -0.301347668243354 -0.452331499413938 -0.561771009570939 -0.594253123029395 -0.58203896964798 -0.448055054260378 -0.377247657558126 -0.392205207542721 -0.325971922935831 -0.233678452814111 -0.220085540588143 -0.237147043257594 -0.131097216812211 -0.243810802370401 -0.330353484278546 -0.44015789093546 -0.441130217657241 -0.286460979843176 -0.378864075037502 -0.328320334473447 -0.427739957349077 -0.436101861723927 -0.377418557265742 -0.340266580963571 -0.382343596881939 -0.183076727565866 -0.00452617937152243 0.0929162446675673 0.233247858313794 0.306106304728485 0.342372400775321
0.506846616773606 0.620936035300394 0.75674228034253 0.806814903588953 0.714039587086845 0.507876431617226 0.32655430914931 0.181360309735712 0.057954424273665 -0.0287165067214863 -0.131493244297141 -0.216188139960774 -0.259061681715775 -0.219163661681562 -0.2681012843791 -0.285189455264032 -0.407297380956061 -0.501406655582333 -0.511060486229389 -0.380056909158095 -0.391815358127528 -0.506333255515498 -0.566324715949824 -0.617372644161118 -0.586646390490608 -0.475026130444106 -0.35320816016867 -0.249690338892382 -0.187199375628905 -0.0554295826461255 -0.0285118715772959 -0.0279064286742382 -0.161091126036732 -0.208869190971198 -0.299527808238765 -0.303051669512565 -0.268457663911622 -0.269423541700032 -0.31711392189325 -0.319107974527226 -0.39666785903969 -0.380579132928261 -0.39145482909585 -0.446355043468179 -0.251351169298007 -0.174827863320067 -0.0533716454533273 -0.00476262932474956 0.231440589370402 0.232859681860976 0.150564448699019
0.492213139679051 0.599214738407097 0.69780987956822 0.717674892410323 0.682339109855337 0.515508926120838 0.334488302967729 0.186526079868912 0.0575810223773136 -0.0355504561296166 -0.132037160016931 -0.136527215705483 -0.229198494844049 -0.263981384545532 -0.257209244833943 -0.322493055522724 -0.474122648985714 -0.558564307553922 -0.624803938796867 -0.266603075604723 -0.430755712204741 -0.483099983018754 -0.543288448610929 -0.629925080849022 -0.605482719821319 -0.49108375616135 -0.353942007117359 -0.266058734227886 -0.075338809384023 -0.0184574111424308 0.0259434628024072 0.0331891259861918 -0.0822498073665809 -0.215429655283656 -0.152166770815254 -0.160042875812532 -0.288273412045008 -0.261622072810394 -0.304030028048711 -0.250361639335374 -0.341202470715515 -0.354445127480541 -0.320839500321021 -0.346243828723984 -0.218084916541733 -0.154984152839227 -0.151055701157337 -0.00293304920279175 0.134802176977452 0.0203224215282719 0.0451630726815681
