data/pcas/pca_referenceLayers/PC06.asc
NCOLS 494 
NROWS 529 
XLLCORNER -117.166666666667 
YLLCORNER -55.5 
CELLSIZE 0.166666666666667 
NODATA_value -3.4e+38 
[rows 207 to 229 of 529, columns 408 to 458 of 494]
0.0805769324175054 -0.017082939564751 -0.096502798257619 -0.0266926362648256 -0.106349287604107 -0.1413280405454 -0.157814611367739 -0.10364387946033 -0.0680616791207486 -0.0609852608818518 0.00381733379059945 0.0203984815260048 0.044827831561791 0.0622758033918462 0.0428950436169819 0.0609568060560225 0.0877710149904893 0.139165935949632 0.207333219778331 0.344543801257144 0.443329171544029 0.701390520556605 0.624986784777093 0.444689770788571 0.244749416093824 0.177244339750044 0.240668540464984 0.120180886300291 0.121213650285003 -3.4e+38 -3.4e+38 -3.4e+38 -3.4e+38 -3.4e+38 -3.4e+38 -3.4e+38 -3.4e+38 -3.4e+38 -3.4e+38 -3.4e+38 -3.4e+38 -3.4e+38 -3.4e+38 -3.4e+38 -3.4e+38 -3.4e+38 -3.4e+38 -3.4e+38 -3.4e+38 -3.4e+38 -3.4e+38
-0.077026418835842 -0.122215497370771 -0.180789843455178 -0.212172334558326 -0.121852691440423 -0.167269571626695 -0.189016813530472 -0.160426837458976 -0.123804759832815 -0.138308704295288 -0.10589294999896 -0.074334932036942 -0.0386475963297969 -0.0239956923476626 -0.00899750348584788 0.0191452641825252 0.0911886100561851 0.108999552393936 0.165856613802303 0.265574491661385 0.375188013792319 0.661523023762906 0.637645293878649 0.5680157924258 0.382343863032556 0.226129767013664 0.211317464960612 0.103749310932691 0.140234311526073 -3.4e+38 -3.4e+38 -3.4e+38 -3.4e+38 -3.4e+38 -3.4e+38 -3.4e+38 -3.4e+38 -3.4e+38 -3.4e+38 -3.4e+38 -3.4e+38 -3.4e+38 -3.4e+38 -3.4e+38 -3.4e+38 -3.4e+38 -3.4e+38 -3.4e+38 -3.4e+38 -3.4e+38 -3.4e+38
-0.137899416546198 -0.170840677335984 -0.21472873095905 -0.209018325588069 -0.116186285586089 -0.168895174815913 -0.155336102827219 -0.129573046177754 -0.130611161070419 -0.128366357263634 -0.140311104329088 -0.119099134551215 -0.0882876811691738 -0.0722229555938478 -0.0331671001608339 -0.00922530130924276 0.0446821057915182 0.0528101796779314 0.136901681754901 0.234964561985069 0.32037327084061 0.603850173566938 0.429023540281564 0.425102789044047 0.441391387464993 0.247468214484945 0.253445247012527 0.14249732426985 0.178517788910997 -3.4e+38 -3.4e+38 -3.4e+38 0.284230169741233 0.245335455223605 -3.4e+38 -3.4e+38 -3.4e+38 -3.4e+38 -3.4e+38 -3.4e+38 -3.4e+38 -3.4e+38 -3.4e+38 -3.4e+38 -3.4e+38 -3.4e+38 -3.4e+38 -3.4e+38 -3.4e+38 -3.4e+38 -3.4e+38
-0.145844026319716 -0.169858501888862 -0.207486529117858 -0.229040615630556 -0.280303972478784 -0.272899913878553 -0.142879714976293 -0.0855197981155491 -0.101256242874714 -0.142304213523266 -0.159289544686746 -0.169531505313858 -0.144117702666747 -0.128534956449665 -0.0693326880509836 -0.0604544948598392 -0.01876204978862 0.00902734177969416 0.0728846705175502 0.155925769128087 0.228289268806571 0.289988183538531 0.384810426932839 0.524889928291268 0.130521404845999 0.196227188576547 0.2328884055283 0.318314140524838 0.187721920756076 0.286857863488158 0.294544404629537 0.311642397207966 0.289842555750685 0.260545953190946 0.23455226118361 0.140280164492346 0.0215250313107589 0.00364060774407213 -3.4e+38 -3.4e+38 -3.4e+38 -3.4e+38 -3.4e+38 -3.4e+38 -3.4e+38 -3.4e+38 -3.4e+38 -3.4e+38 -3.4e+38 -3.4e+38 -3.4e+38
-0.159205141418699 -0.194518659754486 -0.219690688963937 -0.243783714380399 -0.265350787558258 -0.246345031093657 -0.111325801718446 -0.0967199633496047 -0.0944090322838632 -0.137639317707457 -0.150206630408618 -0.191370566277928 -0.177718787588683 -0.16141864791073 -0.101354677446104 -0.0796995436771564 -0.049554117443232 0.01035992487286 0.0256294415158929 0.0739565045093435 0.122088813523325 0.207417485544704 0.251018322933796 0.373467777030269 0.0347508512065347 -0.0046209852086849 0.0108112446861014 0.0490863002243648 0.206218429689083 0.259320352629102 0.28593497400555 0.306025185664268 0.275731333943644 0.237623797088069 0.207919535437585 0.145632854160318 0.0378918963654609 -0.0236716492533968 0.0523485372831851 -0.027550911265253 -3.4e+38 -3.4e+38 -3.4e+38 -3.4e+38 -3.4e+38 -3.4e+38 -3.4e+38 -3.4e+38 -3.4e+38 -3.4e+38 -3.4e+38
-0.17987904730713 -0.239211655375168 -0.224616959901224 -0.243007988076068 -0.264049407370295 -0.249904925251791 -0.255235255053981 -0.110416463026742 -0.124631506595508 -0.144778777163418 -0.153865760544934 -0.221121675671627 -0.191742708276323 -0.16970915667621 -0.155429122489148 -0.0997719822955037 -0.0580025660932199 -0.00951410881126738 0.0347585672847469 0.0114919506982834 0.0635112066065404 0.0886629777961019 0.106988128961908 0.0630587544912143 -0.0233426352372005 -0.0210049678723241 -0.0156902544287803 0.0161562042506165 0.120516336271369 0.184061197390866 0.22285842308092 0.222045824188055 0.14883428488355 0.114989300966845 0.097626161314964 0.0824069497737071 0.0463921144021776 0.0143147438297309 0.0152907680210985 0.0190123702389264 0.0172392464965866 0.0400734629566951 0.00568982793406317 -0.0610787345795477 -0.212073146490159 -3.4e+38 -3.4e+38 -3.4e+38 -3.4e+38 -3.4e+38 -3.4e+38
-0.172662343708957 -0.231015555340538 -0.227015553948012 -0.236473760757245 -0.250159597283743 -0.265148500023193 -0.263779038734096 -0.266306062873265 -0.256731298710236 -0.163624376911017 -0.179037653550176 -0.185580219080171 -0.201428209165931 -0.207766483401103 -0.213288620024702 -0.135921113564666 -0.0977279772601203 -0.0479908186677748 -0.0134477243261932 0.00455442004668119 0.000750279411582178 0.00865609823258184 0.00247037304343489 -0.014556999173081 -0.0392883887195351 -0.0374601207828406 -0.0636598468348369 -0.00067231537289919 0.0408051637021851 0.106946132848787 0.133613355700532 0.103689874676559 0.108285702533007 0.0885122879349033 0.0578203507661293 0.0302656742482386 -0.000933639800156927 -0.0289578661723647 -0.0289779029678082 -0.0358451510595124 0.0399262888666543 0.0550852214051197 0.0270280564123298 -0.014588477581133 -0.157131678025417 -0.387415813331717 -0.42339095662697 -0.4672471268495 -0.495199465026402 -0.451497379605211 -0.429129589765203
-0.172861798460017 -0.223176038849566 -0.222296097114123 -0.240926083498964 -0.254388632437857 -0.251789236803687 -0.269856297255361 -0.269435433167262 -0.271342185600171 -0.272564539477404 -0.309164848924802 -0.214126555063137 -0.202478819040649 -0.19022786849803 -0.198709285381559 -0.172152584100026 -0.119890812092083 -0.0911194392585839 -0.0506693635341038 -0.0182248559747282 0.00225563155487296 0.0167874228942166 -0.0245443121814328 -0.0555146365112597 -0.101805456783619 -0.13518147210335 -0.123989302365384 -0.174434857940493 -0.127103365091858 -0.0757427863144037 0.0122442006517458 0.0684127480595924 0.0960267131843413 0.0730831962633543 0.0441710263105063 0.0151976850098593 -0.0294225500746818 -0.0609733108489132 -0.0817378734659523 -0.0738793893408822 -0.0153640879293691 0.0392643727640163 0.0504489393469835 0.0232742426229199 -0.0718381561296063 -0.263647633734079 -0.394582891548314 -0.469409026410497 -0.464491157490513 -0.441579054565369 -0.458152342765877
-0.166129073697979 -0.219038691953933 -0.21580851405775 -0.233301517255272 -0.262609243197767 -0.27430700956491 -0.276969930323582 -0.262474563143651 -0.282943817536882 -0.283426916959018 -0.298971117762812 -0.188782840603254 -0.191626099711536 -0.215386195183498 -0.197633321742516 -0.183726288448538 -0.153478159036738 -0.132444401238347 -0.082849412131127 -0.0513178578253324 0.00757658131404521 0.024478480467561 -0.0172458594472573 -0.0602115834453936 -0.109629705692728 -0.149106411068926 -0.259027967947265 -0.304296937663325 -0.204054456641172 -0.101525010590921 0.00890459549271594 0.0794799087523795 0.104030731615109 0.080141190311991 0.0459270513912939 0.00580704922949685 -0.0137334897732793 -0.0691823047045096 -0.100999152216474 -0.0933503712246427 -0.086039620197877 0.0406011799336108 0.0761710907407291 0.205018845834058 0.076150532805471 -0.113504134523538 -0.256967530591728 -0.366182631397541 -0.356704591928902 -0.470304039000796 -0.478553493144427
-0.176795490423089 -0.211192086719402 -0.223442517498773 -0.240710604771497 -0.265728384672966 -0.277262618858385 -0.284830626570458 -0.295197300502082 -0.285010438447594 -0.287326779313607 -0.312627553037181 -0.32457767745014 -0.218943168076338 -0.210577918470988 -0.203609427147768 -0.173034802509053 -0.160668781112331 -0.108234220071318 -0.0745438967488488 -0.0510760802224123 0.0138445240129629 0.0470203286850425 0.0185810797335405 0.00334865754817365 -0.0471021358442211 -0.196917513009784 -0.230173762276878 -0.231393715122109 -0.159948961228754 -0.0631707080722012 0.0854911904154333 0.189584290053499 0.174471211872618 0.10717799160113 0.0663925920161552 0.0203113283320436 -0.00498145051752816 -0.0241293224099306 -0.055860011223174 -0.0915947380844976 -0.1306446650219 0.00528459753725985 0.29298502201015 0.264110252739275 0.0651811596856475 -0.120365877832756 -0.233635814531286 -0.19454182168639 -0.184871798548135 -0.302628098524386 -0.491966012698955
-0.150366659943873 -0.179233177182208 -0.185393081337119 -0.209676719150591 -0.228762893523494 -0.255635076599502 -0.271864108129749 -0.281908971152274 -0.2884593869743 -0.289065853021039 -0.321190747220173 -0.312213839979326 -0.192675536926795 -0.18839624124228 -0.18019601723788 -0.176117248729714 -0.158739944589676 -0.127346669396461 -0.0760284266491847 -0.0818265627233178 -0.0408178970948472 -0.0120622652168722 0.0407413132088558 0.0298468061007327 -0.103735192349081 -0.160541058357147 -0.174611882369921 -0.144227246747627 -0.0651119151998881 0.0211620147667732 0.15733397691581 0.258801230014333 0.206079050259336 0.125599104275004 0.0521797470199943 0.0275116151116376 0.0156628592288622 0.00778947132141994 -0.0194767088844942 0.107910315971635 0.0509062608056954 0.0956136854479565 0.164855482293952 -5.1411931179024e-05 0.00192191313364178 -0.185038206266033 -0.303542255604715 -0.182783376291871 -0.0540864654145327 -0.155699226529948 -0.523578575375866
-0.218380425854288 -0.152227709961413 -0.171777817903655 -0.19295466990849 -0.217146176374628 -0.235308843325851 -0.2616889602917 -0.271525863329147 -0.260284131711972 -0.281638995001215 -0.306775373407804 -0.326128164485375 -0.19258811834012 -0.176525862110643 -0.171503420057794 -0.181766610280823 -0.143194352844503 -0.117647567269476 -0.0863556734250686 -0.0876209174615298 -0.0691208355336928 -0.0319496639256193 0.013426205157982 -0.0784327988199908 -0.0956887849897559 -0.101435857315313 -0.104664959464405 -0.0817364394053595 0.00594895038112747 0.0783881770301039 0.156784388201909 0.201326583718196 0.171366527228592 0.132576111068528 0.0737202153631712 0.0344526115979336 0.0193009465329317 0.0435552834920604 0.268146432848292 0.181850377512247 0.112458032222881 0.0734819229399236 -0.137191572986791 -0.201162364897666 -0.174747565288698 -0.218091718712065 -0.3220668018205 -0.284314347943764 -0.242069537931395 -0.33451068908126 -0.530656737167943
-0.20076333509038 -0.130677472240395 -0.15306404957503 -0.180238491033576 -0.208125495463077 -0.211478343350817 -0.230343370411718 -0.259986573919134 -0.262125068981495 -0.281115389057403 -0.281191737900816 -0.316525566724281 -0.191225772885594 -0.172708821790857 -0.162496673755113 -0.172272393236204 -0.13231425100936 -0.124759130873389 -0.0875140426327712 -0.102661620733468 -0.0875034077237558 -0.161661278887357 -0.119879890154572 -0.103497087825324 -0.0975637635229794 -0.0892777366163504 -0.074057427253455 -0.0731363568366099 -0.0214024749934419 0.0409855887533202 0.0887000619394328 0.130021730895657 0.143436891793332 0.0959291359975424 0.0747067559620493 0.0774608822580304 0.275956873560228 0.287770878090421 0.345175550661845 0.260353788356412 0.192293805831953 0.149234050539051 -0.121395335021655 -0.198488044545852 -0.356063665117258 -0.315355400899674 -0.416349213978008 -0.461345635474764 -0.487453654978085 -0.323073295879934 -0.495648441314666
-0.188536572803803 -0.201218471427574 -0.157058245733633 -0.16771463230302 -0.19338777817953 -0.190040896633316 -0.207931443055359 -0.230607997295304 -0.246918514902271 -0.263192407969509 -0.292905395170273 -0.30482014132335 -0.290464656444534 -0.171174082529224 -0.185055948796434 -0.184345160841736 -0.169350151574708 -0.121911952954569 -0.0822011287614282 -0.204317308875286 -0.206491601539738 -0.171403936146165 -0.129875294997809 -0.0797370198875485 -0.0678393159013335 -0.0547994038825954 -0.0528531289503641 -0.053007047165725 -0.0541733341602632 -0.0551081152199349 -0.0222354436163752 0.0513660029943973 0.0839832047159625 0.0846817438560897 0.303317932353303 0.317710134579611 0.306921047698822 0.312834029694075 0.308875964804527 0.251034232259114 0.235938866459392 0.218571175666578 0.188345929301677 0.0148625046265846 -0.1218995759287 -0.233848844747621 -0.384606116909875 -0.482196498066852 -0.595369855619051 -0.361637365570794 -0.383396148344405
-0.199808807307288 -0.22928257046054 -0.217282968835068 -0.245936289328873 -0.175214271142943 -0.176861225760417 -0.190696188234031 -0.216585593406835 -0.232178726140369 -0.257981608532433 -0.281229042250011 -0.279440138277738 -0.291977574614876 -0.341098051602908 -0.332610051986056 -0.349171413180369 -0.183494118194845 -0.294648005162073 -0.259239141614691 -0.242050184531048 -0.196571453564458 -0.182578150749327 -0.124667061874335 -0.0772875609183036 -0.0340327264005737 -0.0277965569227034 -0.0252136548616514 -0.064060167110702 -0.0976781506063263 -0.0979586680681824 -0.0621870534430012 0.0361116908759376 0.067906756733824 0.0925012378938887 0.317110138443331 0.313556005608569 0.30376607755194 0.308650218944429 0.293822345878029 0.240203903785175 0.267035734573239 0.297134626540782 0.27545080087424 0.241418616679679 0.0347284998577449 -0.182415728732575 -0.355175687456146 -0.513492675564039 -0.582110841361198 -0.599800305045163 -0.267273448221262
-0.205368857276708 -0.22267708457416 -0.228104398008085 -0.231703564712399 -0.236728177618092 -0.163953422241252 -0.185019725964227 -0.204366237559878 -0.214365214732849 -0.241037809226983 -0.276488389679111 -0.272500188117524 -0.326295842373854 -0.360775232814365 -0.350558732499477 -0.348439961359878 -0.361685374430963 -0.349219436621112 -0.302442799776831 -0.25158755095378 -0.23342168226781 -0.182891160058291 -0.124926341453429 -0.0595678683475409 -0.00897638618563801 0.0150150641027777 0.0213216806679045 -0.0104044950524374 -0.0642761185725768 -0.0899222731772973 -0.0263525481568195 0.0209475661541807 0.0686880802875066 0.103362234057863 0.349017777784537 0.322635954448658 0.330867568172102 0.337229610617606 0.322075115390383 0.27340453765615 0.279847379404708 0.290494711617284 0.264564425016998 0.23514846661797 0.0771291897732574 0.0347692156999723 -0.0420204083147625 -0.468742365399207 -0.590933976982704 -0.607101567178417 -0.297854816065863
-0.202131737102006 -0.207216961409596 -0.222024124875444 -0.230543586683669 -0.249418386175597 -0.249162632819354 -0.281715375753858 -0.219691234917648 -0.232209583033556 -0.263151679053207 -0.307917773645153 -0.315510732788616 -0.349199405058217 -0.370867159915817 -0.357368467739115 -0.360009236865844 -0.386179055218262 -0.387807770183072 -0.34968465905031 -0.32942662810889 -0.246009473220009 -0.211211571179368 -0.143586139406119 -0.0625014609264919 0.00273604246595133 0.0616118947134121 0.0886834714634861 0.0705859600915039 -0.000688097136215177 -0.0398852414914022 -0.0156202274025784 0.0209224549335751 0.0523006660824671 0.0768499699675228 0.368250642824162 0.354351026778033 0.35067097677981 0.358498012865233 0.345086941220051 0.295611626211102 0.230751896301809 0.212472913398869 0.223876851904241 0.17690680681689 -0.00283027552580563 -0.0339776014852397 -0.145870909408822 -0.442527644633958 -0.564626667370471 -0.362509707318701 -0.283440564825879
-0.201521257788097 -0.201640874142791 -0.205597833892048 -0.232000063624599 -0.238856003453011 -0.255950311165085 -0.284193768474544 -0.330610458933487 -0.210181956459967 -0.266408173025452 -0.309263072595857 -0.305851910437824 -0.354435912505263 -0.374897580103109 -0.387420799355821 -0.398778665692649 -0.403965775794802 -0.395962789332997 -0.410581854736074 -0.356201589997495 -0.289250888441375 -0.267773908018626 -0.182647383602772 -0.0888611395979403 0.0115582780710997 0.0981424042009562 0.110022928670786 0.0663795127350008 0.0127538149497799 -0.0387171517481402 -0.0105646235343802 0.0116205846633693 0.322355288899454 0.330327098439868 0.374765142863052 0.385293586144253 0.359168711780635 0.347286629900863 0.339109569860935 0.307723157981602 0.238999254107007 0.153280928603032 0.151504996563356 0.148909918391191 0.055379871185808 -0.0815812116035993 -0.261344056918614 -0.393439073089016 -0.544242677660924 -0.18378647031985 -0.299186715052967
-0.202332878209822 -0.197811319394469 -0.211578768224128 -0.222748572741934 -0.234284919788076 -0.247945185922504 -0.276315254514785 -0.314596835894751 -0.232000240460788 -0.267759675404592 -0.302517898024915 -0.325160491153498 -0.365996838091461 -0.391487358129391 -0.398560624637019 -0.408614500583228 -0.402393843648623 -0.423563831212383 -0.250491674128076 -0.21646927691576 -0.154172202056256 -0.0806358503786393 -0.203845543159374 -0.132610702682281 -0.0251058180906833 0.1021615153849 0.0942814565083056 0.0490951111720415 -0.00193460384489541 -0.0381380208378687 -0.0124429992230783 0.2562812115909 0.296420594724872 0.339980436057849 0.38026052180425 0.404905307947665 0.385373686980383 0.0434774268419936 0.00652195243571277 0.287634527698476 0.247037647873318 0.170967765560328 0.0141366133994854 -0.00486974526008699 0.0103745164675952 -0.104375276280178 -0.238867909086339 -0.39808345831037 -0.456089040195943 -0.142694485654811 -0.28098337175737
-0.188221744620743 -0.174350830063044 -0.215487446956837 -0.244196703695118 -0.252297125161472 -0.266678654963881 -0.291107796082864 -0.299665721052778 -0.211239646660525 -0.229427120652146 -0.310542536386496 -0.331512365525084 -0.394906420856827 -0.410461987412877 -0.416574366511609 -0.398282699973319 -0.232260077389219 -0.2803430687223 -0.294573513857275 -0.281254597112563 -0.228794735062227 -0.155116438628283 -0.0381701081845838 0.0642985828925958 0.157392819932535 0.254653059266327 0.0208635621767262 3.5547226341387e-05 -0.0550942173436487 0.175977859887851 0.197726209969563 0.236291739410779 0.263367765858061 0.310790833541794 0.366628774526428 0.429393710662002 0.455041997537998 0.0383249484003963 -0.0393553586148178 0.286972620581989 0.256315315653059 0.18561553489272 0.0299093554260902 -0.0175013089941909 -0.000823228561075626 -0.094420725512166 -0.226478373776743 -0.392718952742244 -0.316554600471757 -0.196571184130824 -0.195623336373606
-0.170255485569863 -0.158209556087275 -0.191136872201305 -0.196787225474056 -0.233934997190721 -0.231813655112169 -0.261836097814819 -0.275337069080386 -0.213257084934519 -0.234039708990762 -0.291963826523609 -0.358895112297593 -0.410805207038414 -0.442104920767634 -0.433709554790218 -0.235211952427611 -0.279272490225447 -0.312863571272164 -0.33133192477463 -0.340289877146058 -0.31260925664787 -0.22258790645427 -0.10739060938275 -0.0230775709280299 0.0596161633634678 0.130760679829238 0.145314821564845 0.124567145512519 0.12762043213723 0.107297952395812 0.126775637802182 0.164366186541364 0.219956774125886 0.23777273505479 0.33013671917108 0.423572294886081 0.473311256404355 0.392319951384578 0.304179450524669 0.294698790520528 0.278079872497513 0.220643443133516 0.147271229685965 -0.0197429316610093 -0.000769719820028367 -0.0882818022670851 -0.0797810515739355 -0.206252343486912 -0.173545304889272 -0.0686123696964927 -0.0853821816121225
-0.177485642232394 -0.18374859434292 -0.195971531305498 -0.20906034906992 -0.219001435676994 -0.233349543590992 -0.25948460043969 -0.284617256170485 -0.190919897550878 -0.225288982309466 -0.280477887485128 -0.346066228739748 -0.411106573221094 -0.230051985012324 -0.233949399906253 -0.245001979871212 -0.306802763310897 -0.32405748864904 -0.37843692952985 -0.389176311738746 -0.340972207413434 -0.269548548339426 -0.164377810841157 -0.0916709640400544 -0.0162374019414551 0.0248075889743717 0.05168897315781 0.0565921267097293 0.0690375652706512 0.045642515722752 0.035329772656881 0.064259204984159 0.140323834298218 0.218174877194535 0.293326775352879 0.359570700127503 0.416384373447173 0.381495766520429 0.367887171451257 0.323681420978427 0.332574907225273 0.237767151624682 0.103415319930119 -0.0580916965644083 -0.0554573244446626 -0.114148772185869 -0.0866094907932527 -0.212303447646616 -0.142529496403636 -0.0165398616223493 -0.175504507656937
-0.212245283067888 -0.206484612213392 -0.250006598399818 -0.264242266748928 -0.262289005185956 -0.24544357499415 -0.260832364943291 -0.276472163813219 -0.186422791289892 -0.225941694396798 -0.299826011935016 -0.368033407235149 -0.434947673215934 -0.26540999503681 -0.239969006301065 -0.253131932590051 -0.289064467644664 -0.315735886283553 -0.346480128795555 -0.414536015041393 -0.390426443458625 -0.247924900608044 -0.175484204581068 -0.134059176549352 -0.0782683595847927 -0.0355427124738056 -0.0278119985529826 -0.00825334496814803 0.0171812621923221 -0.0134604359552913 -0.0273764441582227 0.0384883308305648 0.129332504300827 0.164709428147938 0.221832258344282 0.289368939509218 0.355885687415334 0.367287367710716 0.382080217159407 0.363559672316188 0.308336137495562 0.222778244577123 0.113210310222157 -0.00165563000001816 -0.0970962611601781 -0.164233593099009 -0.0824645760292926 -0.197305256655193 -0.156173345980502 -0.0409577617359851 -0.221038915460265
