data/pcas/pca_referenceLayers/PC06.asc
NCOLS 494 
NROWS 529 
XLLCORNER -117.166666666667 
YLLCORNER -55.5 
CELLSIZE 0.166666666666667 
NODATA_value -3.4e+38 
[rows 299 to 321 of 529, columns 408 to 458 of 494]
0.585572267687226 0.557130537963894 0.56428932696743 0.546656385965975 0.519812813074904 0.473870356531045 0.523513693787521 0.532367827600043 0.538661413010996 0.546293414185616 0.540993906668093 0.546224729081543 0.779222802890562 0.478094705832174 0.364779385910513 0.460024523565015 0.175539866000397 0.189579960645399 0.142120796174838 0.0117373272340321 -0.0418995526691766 0.159037519408558 0.129900961129256 0.0621812672055973 0.0732698693017632 0.0852045398213603 0.0680341383559943 0.0834210692703173 0.238573846685787 0.271844480200098 0.335041423010534 0.334092618851116 0.390600890739705 0.40859692941161 0.417316922335925 0.404439429084636 0.3233259437609 0.36276470129979 0.234316592571455 0.168455866337103 0.151289818357739 0.040825352703073 0.121222857036868 0.134120407265016 0.100439619636771 0.0441484711535052 0.023627422960372 0.0202223911801627 -0.00402137822153252 -0.0426161883619973 -0.0556275412336293
0.550194667504637 0.474673738024071 0.4460439523357 0.485998780563879 0.791949583803187 0.745256815473648 0.779456128396767 0.482730804248118 0.492870059924017 0.857851522287906 0.560524434932145 0.592459793932376 0.510695356988715 0.745079843128627 0.626087159424682 0.456891249033309 0.412077403041973 0.180931365607961 0.140844503352082 0.0166806197052572 0.01017277831005 0.172366869731721 0.144791898987063 0.173708665144879 0.129955583478232 0.127119030637096 0.0486532437841486 0.125494138003425 0.251532202315004 0.372668594333993 0.258624590906561 0.373595546073018 0.43546751791467 0.397894376692785 0.444904523222958 0.402674804174501 0.439225016153283 0.381001018939093 0.312117338452641 0.278262973275983 0.286567126435782 0.248899212075154 0.206253740451524 0.146921283620274 0.149076268638844 0.0719360680648603 0.0388933735264902 0.00783973949283465 -0.0155923686399352 -0.0484119669290045 -0.0669925169470986
0.482252052454181 0.459760796506841 0.427485546763508 0.666242139683955 0.735538425448491 0.718382527240804 0.767577379209524 0.799663674441843 0.801058437036439 0.900006076163218 0.614190675844566 0.638707651380934 0.61155744474288 0.775512964123018 0.632566787334453 0.51734266928731 0.430530096274714 0.15436593921539 0.134987131799055 0.0833247404807328 0.279715345768737 0.216337109798653 0.222881779345211 0.197659261444601 0.185160507088037 0.140465743218187 0.0584104858391076 0.165865805200717 0.32937287878842 0.470279266380315 0.265717227530704 0.372905685902055 0.665003408378043 0.460070943231156 0.484492506804325 0.538870296688863 0.496991747465679 0.45648217942934 0.457725020262543 0.429463659975191 0.384375193010346 0.406207650866866 0.258340694801672 0.229488700360931 0.158475238612579 0.101249803246451 0.0289733951867485 0.0116304625186156 -0.00657862023400897 -0.0181749353002617 -0.0263175203740404
0.448748751965131 0.411706165767578 0.479288768444542 0.715875224802984 0.699727155579758 0.659475409116317 0.708285801520809 0.826962376384469 0.897123935068137 0.957936812519912 0.630638197417973 1.03014475062903 0.936197220813611 0.803995701808899 0.773744659895049 0.594758935527621 0.48317712026554 0.215352991305979 0.428747727099094 0.381421449861319 0.31889087885302 0.299101996725644 0.25765834636613 0.220157069786565 0.151357294865589 0.205575624094819 0.104924868901188 0.135823206385146 0.440269281880833 0.537559020331701 0.316992836763012 0.502254076388024 0.874211055389123 0.605526753731424 0.680002922069975 0.659039013659098 0.579388129318663 0.650591333044382 0.623047025346458 0.504116413997851 0.458271848153194 0.439478786853725 0.388887870339187 0.259028290833114 0.179014024794287 0.143556208509608 0.0959496620365792 0.0506551433448542 0.0404813040865011 -0.000395019131186614 -0.0182120950067546
0.422436533837221 0.653649565467565 0.685721788506323 0.716467188191175 0.697075969772953 0.659183732320377 0.74480941161544 0.786467928370111 0.926765489061711 1.02113142801327 0.942170335588062 1.05685313732612 0.96135970934567 0.947715335696354 0.88525441258229 0.726896516425815 0.700567421692056 0.648081679519956 0.554946680102353 0.463975922864392 0.408650818647947 0.359657979130839 0.300033276169386 0.227365689561429 0.190009002467954 0.251341784952586 0.253651959236409 0.150557860506081 0.507648808096467 0.494089971454452 0.308175820394233 0.798736019193079 0.995286398008447 0.724555481626995 0.782673567797948 0.731910000218407 0.727271325621674 0.770260994643268 0.73309641350511 0.610390154078159 0.487206256807199 0.332357279427859 0.324589111433319 0.24636893617375 0.263904255688717 0.179000706814702 0.129016966425103 0.096912360544385 0.0580035949519613 0.0134973717202292 -0.00267578218155007
0.417378509037612 0.669615900326371 0.681928017636939 0.712208008522215 0.708226924672608 0.720691656604904 0.808434061751718 0.879251078881534 0.959547091860433 1.07681747998145 1.05003320401835 1.11328229628689 1.20411157806933 1.18549060164564 1.12022626031323 0.992527390870789 0.892016799545132 0.769658779448445 0.656795684857816 0.556025079086378 0.487317594403973 0.40850517693359 0.357907236763244 0.259653521071247 0.267356087282682 0.302411201939804 0.368338785806419 0.238150623473367 0.400906550387477 0.265096900337266 0.470697689255928 1.01557102299832 1.12717403165224 0.979515333697838 0.92421317172139 0.872024308469706 0.960655044308791 0.894702632117751 0.821963634062678 0.601107269546916 0.46439360550591 0.366491735910308 0.319483794291292 0.237856512164403 0.254657536763787 0.221843977565529 0.213503773133518 0.140107989714322 0.0547671519004805 0.05657244333706 0.0441860731803378
0.667309410396289 0.809910338314314 0.765816111732119 0.723096634193085 0.747111222934741 0.817072138759632 0.88230548153586 0.932773549310226 1.03142638987502 1.11732574955235 1.1465943419761 1.17664245430126 1.2801192826493 1.31203975175204 1.30280207376147 1.12885939552571 0.942230013361523 0.780623434390128 0.725133887693117 0.621813326616728 0.545255251593863 0.474186603254263 0.470641363217913 0.467465009574328 0.350838787668163 0.383859115872502 0.345744316902435 0.192351245454534 0.176553524527753 0.182191716184801 0.430497824125154 0.995993478029946 1.3009595947651 1.30936056488636 1.19728618198495 1.12777098082364 0.938243980300557 0.907154071649372 0.821448084177121 0.695480009008736 0.551652525773238 0.59915807119744 0.321500698614839 0.290590063498597 0.251485967785983 0.247507270485833 0.173884575344059 0.145124708222539 0.0968000815298046 0.0785702064677642 0.0726252282505666
0.698574151772261 0.683450154027122 0.726737198677382 0.777638324149853 0.800921221266174 0.898260008074667 0.945007863198469 1.13037405068963 1.26582784874872 1.20266688871197 1.24316876934666 1.32866890952228 1.27411708212095 1.36950589383042 1.35081149470319 1.146351038134 0.997188869784399 0.868772487665111 0.790654779313483 0.648183614783083 0.593529357245789 0.543394075538766 0.566378411309076 0.550791591104927 0.430257100797331 0.463972445113256 0.376023714011695 0.267444753340982 0.296605018049493 0.24406182932569 0.528786333762782 1.11850631412223 1.19503613103835 1.23319598385774 1.2848838998817 1.01651347025846 0.987859202248227 0.974799541506405 0.872918636308655 0.763020636958039 0.601434982683348 0.480686794721326 0.337176583078826 0.286107940969839 0.232984123530835 0.199192131431087 0.151100257848639 0.152157095764115 0.175416075762303 0.167647266780785 0.0703998060797131
0.582053899337987 0.608506622334967 0.660532466343856 0.745165166526257 0.820594899471935 0.6654431544566 1.03387403115304 1.14972971120301 1.18200992852035 1.24210633614447 1.32685922396835 1.37257701928259 1.38988314483766 1.35771459431371 1.33149528721619 1.13736440982393 0.967227891567297 0.90011526657985 0.805574376618716 0.708469485819476 0.663219357478701 0.613161684706248 0.581105397215941 0.55570180807549 0.490793606605421 0.495879327153725 0.426501245873622 0.394655013297069 0.386504697816056 0.305713878104753 0.485380451342118 1.01762655649271 1.00034727557229 1.189673316736 1.06702275344868 0.976700819139695 1.08985252185995 1.07584799132173 0.962243143542586 0.889802302287122 0.834101529856855 0.623285227958946 0.327717249026905 0.274987119949192 0.250944870541521 0.212919337229667 0.243967666933788 0.203457067166536 0.215786214417085 0.191605972219596 0.134665804517381
0.583590722114927 0.582798502476057 0.610645900493345 0.717219839763301 0.821588935855167 0.900858889437887 1.05303008681047 1.14008008952626 1.23965805853075 1.29418739201298 1.33536480291391 1.38028993693109 1.39011854185504 1.38237678084663 1.26803597393153 1.07317148618617 0.949514932616644 0.87490971485366 0.794274351958927 0.797127226603066 0.775213310153317 0.666562398049759 0.524189241721527 0.583858029685264 0.5694199176993 0.485161648085413 0.464084475179184 0.499446578697294 0.500670829657146 0.419376599897701 0.506838161607866 0.859048450246581 1.05691360177147 1.13599514107001 0.987943840097856 1.00790100261167 1.07806246053417 1.05903922092089 0.988990195021249 0.940298700692683 0.820204253334254 0.619241633394031 0.401334110988272 0.2673260030594 0.219963152716663 0.202913928956234 0.207232135583002 0.178749528029484 0.175747977612915 0.152970362722392 0.159436671471079
0.545144062571691 0.576023477644062 0.628825087395417 0.691580958575806 0.788640513302193 0.865290765076907 1.01076100024408 1.11523678937392 1.23453295476964 1.29618285545849 1.31459167511563 1.34010083359094 1.3048435800398 1.33642557898542 1.22436540107196 1.06905726105854 0.981271054450038 0.945700040066929 0.882226731429483 0.863356212364737 0.818614171025168 0.669221936902294 0.570722251534936 0.617469621622485 0.581619675340304 0.497220604457835 0.474975858118182 0.52106957072826 0.534966946205459 0.522374664570273 0.537197389627559 0.715038517272575 1.06133111306159 1.01051140620637 0.98293675726451 1.03605797521176 1.09804157789239 1.11198945339805 1.03696451694355 0.930428738207317 0.716029068894625 0.493108807713197 0.372725006865445 0.306579667082108 0.221942506542811 0.211714953545001 0.198015035089838 0.212906674199044 0.224495243801847 0.223800498750892 0.226631208359871
0.550236381453445 0.5671459037414 0.619222104200989 0.647748690323934 0.724468919507319 0.818048703904056 0.934009384808892 1.07826513088046 1.19425984315653 1.33371566922857 1.42261378941088 1.41032451397709 1.31292647910806 1.3322587277656 1.26256380771456 1.20244154924001 1.01791939703309 1.03069976994455 0.946505814431049 0.883059710789205 0.856351366795855 0.689052641456395 0.596516210160261 0.542482064324861 0.49928180938462 0.489213654268481 0.48566295199156 0.517824798920495 0.56208459107638 0.535029235970562 0.554122940913908 0.718608178005815 0.976097620365976 1.08324470861511 1.05559366886531 1.08295980533323 1.14793706481762 1.05125343022009 0.880752379971993 0.85535296828235 0.706904476169945 0.506408105046182 0.36123692172209 0.308385561909371 0.243751033634879 0.20548098862733 0.249850668557593 0.178574131854161 0.194315505595027 0.241412949059551 0.266769625918173
0.528762239866876 0.774753877676366 0.718579607425726 0.710920121405853 0.767761601492301 0.864986330173266 0.954223684895045 1.02515572600481 1.16987572587807 1.28736271108926 1.35898720363542 1.3643822971742 1.38719626727452 1.31555337161369 1.1772013283596 1.19555820916015 1.07616163955333 1.01936501991817 0.942831054325148 0.903559665661713 0.864655373689145 0.700189644620865 0.631444277537483 0.519287198978672 0.4620251407413 0.479813286134005 0.442647588681349 0.459780322360033 0.54083277274964 0.574053085364526 0.578593422195328 0.744958015769749 0.923468209833868 1.18281573808732 1.0964672596495 1.02963353808626 1.06438759807577 1.0874348305267 0.933832835568575 0.778043998030432 0.59473142771549 0.481634783404894 0.426022432875404 0.38436680564082 0.318731527829416 0.355812753949808 0.26961744316265 0.20027594214412 0.142818605470811 0.227156416806624 0.277916275656856
0.537989563653419 0.753948814206794 0.709741448706496 0.78174638337017 0.813020691420129 0.863785395865091 0.94674626957244 1.03535542839096 1.11462261583062 1.22040551553075 1.29693512062254 1.34484861627085 1.28704101322809 1.31597012218093 1.25355087806206 1.12578922738151 1.10444768932578 1.06170075333208 1.01076298958831 0.932158788240673 0.776929249786534 0.71080909884982 0.601931392082701 0.512821372174257 0.461202769855383 0.438044279865197 0.467930333020724 0.426690348933899 0.520591521123237 0.61890606402973 0.604114741896111 0.702266182034787 0.880947188149837 1.20636315698185 1.17146927408126 1.1130793391192 1.12858798244013 1.22256219068079 1.14770752074895 0.797579120954434 0.622837934381347 0.528139930968496 0.456501262710755 0.395178664038563 0.415119078147716 0.420964453786592 0.358293990072808 0.226020818648915 0.176523349780296 0.229967552140091 0.28559074172907
0.738664791745542 0.794962180168471 0.794459756552175 0.786081023753685 0.83218091557947 0.879558437202423 0.907224951338537 1.01973229010767 1.1416992775127 1.22150679045243 1.31095296051017 1.37209467604787 1.32190467977367 1.38135393297799 1.35454374205867 1.17779557800604 1.12313879365998 1.10196260841611 1.0291094220447 0.936952953998556 0.737104915456971 0.703270927017875 0.655641887061017 0.54819281405858 0.538390488643827 0.509300466370368 0.583560367087046 0.533627062270454 0.617107709982185 0.725192009722009 0.646152312529634 0.706060560029616 0.889704013812417 1.20940742356217 1.06124887011913 1.29066924013127 1.28049405081051 1.16416713950927 0.937817622490778 0.748140228180317 0.656963860546245 0.55611021220281 0.49318341662544 0.427548098199494 0.391552038023282 0.287892627503777 0.279749590329523 0.202125844968495 0.194470779608312 0.197929700082378 0.253635552003705
0.725687170067762 0.803232534878783 0.582066093815046 0.753681208045914 0.78044308962269 0.812239176093836 0.874988609606534 0.963894220269495 1.12350302534866 1.23255209562357 1.35665959106892 1.41077897379306 1.43811834177305 1.44263441318186 1.37401361900644 1.26482552509011 1.21472762639495 1.10217566827377 1.03172537853802 0.884118063730809 0.690228806789084 0.671324596067036 0.666649707640196 0.642498808604623 0.644119386096734 0.627378162905147 0.67864319548055 0.645017330723009 0.693467677107429 0.804958294582972 0.809645065903915 0.795987716186688 0.987176436339145 1.13093971838077 1.04745908057551 1.22101049889864 1.16163470708766 1.06018125649251 0.903836047070984 0.778026181806302 0.655061139761021 0.547688222059736 0.514707841831487 0.434577403618712 0.373957136671416 0.298306072425056 0.24872404298652 0.228975405980065 0.247751413843966 0.263768748219681 0.25294551347134
0.671398897107951 0.780085617497616 0.55145255859762 0.594547567960149 0.750115350735549 0.830655393587409 0.906247949535755 1.02553519912278 1.18380628869889 1.29061100879505 1.38926231637843 1.48490803617249 1.45897683372686 1.47233113341585 1.40381591159744 1.28569807910743 1.18607375830515 1.11616524945866 0.876099127221662 0.708332810096005 0.66505187794407 0.655710409850807 0.679163468279684 0.699251529470024 0.66125713863036 0.63974875135967 0.684479311282046 0.811752435117449 0.834988816694587 0.879384733730565 0.912860087271254 0.956994279239094 1.08709340826144 1.21058027102022 1.1125365316043 1.15820814284499 1.04159007179143 0.940238574436998 0.740390787709937 0.653307830385833 0.598557313982456 0.535324423266998 0.514909533250954 0.407233656295531 0.318595923925598 0.326505845067109 0.283236583331471 0.277536558793873 0.265898230607914 0.255201787941302 0.286071661912941
0.465089374795867 0.533895894418671 0.579101790934189 0.74934401354289 0.828684299944607 0.935653243606399 1.06300653127127 1.17469515902658 1.30626173158169 1.3837519521685 1.45562530784767 1.54602204162095 1.51596656769815 1.47361135431686 1.39011831894621 1.28122267114244 1.13988116786453 0.977670367922944 0.790983794051187 0.689687550722246 0.648419066764833 0.630266228110206 0.705397160908009 0.704400977757636 0.717212848858312 0.676647124942694 0.734552061384728 0.848818572858245 0.932129354648607 0.946504187870946 1.01667150567472 1.14853408538557 1.17443879484754 1.26417017342921 1.16778554762162 1.05219239776614 0.965361328730147 0.87618160320172 0.669446311281612 0.599143097395548 0.541260744926627 0.500187774822029 0.520250683636603 0.344016120560866 0.316343282434155 0.297913621951514 0.27429715933468 0.281353315915138 0.27701131948877 0.320180566076008 0.314891333399612
0.648296969122178 0.705117240392155 0.696621649535255 0.674166848380593 0.719628080252209 0.856951315591442 0.996009154399741 1.14457707920812 1.38275323320107 1.53088314772286 1.60292262190509 1.51098102364154 1.54878958552926 1.48366818984328 1.4330833483399 1.34992817334679 1.22941982271426 0.999031272990118 0.840387959599803 0.727196391029113 0.640356779195453 0.627435421614934 0.755817611410229 0.748952951149516 0.715883605361301 0.733305215157268 0.810927042653043 0.927406325609365 0.964772245671297 0.943471803218107 0.946057623421009 1.15108413916926 1.10827133298504 1.25267708070932 1.12876530831646 1.01966339865658 0.880692324693683 0.777244444563296 0.660054709890647 0.593363951327937 0.529763688292329 0.44040395805705 0.378128435647035 0.297900101029039 0.295467911646 0.245546778041479 0.332775514116214 0.363435093386399 0.293730505079429 0.292140145528662 0.317656257889194
0.657283211545682 0.654958856241146 0.718022044465499 0.62396504046488 0.70687170055912 0.85823430694595 1.03552574634872 1.16955600646253 1.33496098803597 1.54339967081336 1.60747787280047 1.52438114375453 1.53259345473478 1.43449362415256 1.36530172785374 1.36761287621687 1.25508895349074 1.02611310054557 0.848170553673914 0.80125427956137 0.700902762808284 0.702772149722035 0.767484286406984 0.829431136799112 0.782442748518895 0.780715458090686 0.884912036428878 0.910621458350021 0.958902961378432 0.948416030865971 0.985764110023827 1.11011439426156 1.14795631949396 1.23716550522697 1.12058138353687 0.962474468990607 0.858798254734638 0.762156348143399 0.646872398936422 0.596975518896808 0.510013830774784 0.444671673445184 0.427013474282679 0.35702291879819 0.589348866335702 0.230303807834226 0.312829682855906 0.34121410052774 0.385896519067396 0.378436549244426 0.377815277419904
0.554816615957338 0.587250551563075 0.605179913049219 0.632722737729843 0.737352344627271 0.86429568547108 1.09064293654919 1.20513085875701 1.29309944435154 1.46377878795444 1.5902072355864 1.51488288328628 1.50199804072472 1.30569681352858 1.22643352540999 1.19393882112547 1.17879977485018 1.13883334965651 0.976870682538644 0.939586230096602 0.78047586103881 0.766169717879428 0.746053500114968 0.859976991489364 0.885876127625993 0.90832762589782 1.00502053752521 0.975858481365779 0.996242730725982 1.01053465596951 0.932658106983962 0.970190343162815 1.04611561706352 1.16996146504451 1.08313596172964 0.954110509607075 0.874374295690041 0.765804030592988 0.626753974235946 0.56005225434258 0.648909623818831 0.404417917869506 0.400419441168875 0.309182301720343 0.326909813655275 0.255790696503754 0.309366405742113 0.382129696873514 0.39719008647209 0.394699396641434 0.417265946730185
0.520427867193094 0.593965961571044 0.611239919586967 0.664435403373546 0.72673054069084 0.846106950055708 0.949965047819784 1.0926982735032 1.20304819382909 1.29113314169779 1.36410804144794 1.38835145580776 1.39922302080262 1.24967914899491 1.22990379914877 1.11938467599285 1.03732098386997 1.02561911157763 1.03921885905001 0.914010065919326 0.904446583709537 0.758242983677545 0.742785794971666 0.863686247601391 0.963780537665383 1.04930539395298 1.13987121754742 1.13874308567011 1.0989866196782 1.0308995948097 0.954654435682114 1.00265992718623 1.01522181334913 0.96630691093155 1.02399175547914 0.95240586927618 0.878809900645891 0.757828483960282 0.637071606817623 0.585899028734136 0.58174527131468 0.399103608841679 0.380806948945922 0.313131366128672 0.277191031339221 0.301748786634568 0.38751365409337 0.394721803058715 0.409199379577117 0.426868514375904 0.449809692964099
0.466992813297309 0.547571925415396 0.607990157206604 0.685346415380245 0.721223216572895 0.783671099467924 0.842257393602333 0.882576045605074 1.00720739179286 1.14498822353604 1.20413473603649 1.22417754484523 1.24586933549944 1.22526807021514 1.23753191958753 1.15881793061211 1.06670885832534 0.977094812852813 0.975051616809474 0.873381996964013 0.888598956061747 0.818441827759627 0.758168545251134 0.822514258278178 0.964294273427083 1.17210362597835 1.27246046114005 1.21756035728962 1.14644062251807 1.05618877749377 0.996210233967259 1.01965906558119 1.0444006156691 1.01933321763477 1.03220669171451 0.991887018287121 0.896928574904867 0.787165295167331 0.66632502238628 0.647356863760306 0.508809944564568 0.466665204238302 0.478675776512982 0.398296031020985 0.368843906766725 0.389496218188539 0.41805304353507 0.456593806390545 0.501618678973472 0.491160349064426 0.489818590654706
