data/pcas/pca_referenceLayers/PC07.asc
NCOLS 494 
NROWS 529 
XLLCORNER -117.166666666667 
YLLCORNER -55.5 
CELLSIZE 0.166666666666667 
NODATA_value -3.4e+38 
[rows 460 to 482 of 529, columns 250 to 299 of 494]
-3.4e+38 -3.4e+38 -3.4e+38 -3.4e+38 -3.4e+38 -3.4e+38 1.04661173359101 1.01821639218187 1.05192251989757 1.01922120106374 1.06179753379511 1.0480840298613 1.03923554720336 0.901978143190212 0.795400272825632 0.562545463694968 0.516134756156417 0.480776799477045 0.412880259214593 0.33201258817879 0.141668236190028 0.0470813350795592 -0.116427193778761 -0.135276710067032 -0.221273791495077 -0.229227031676931 -0.36567873142529 -0.478605141136764 -0.491405721635751 -0.451650949423969 -0.338884855605832 -0.415569468588209 -0.243661398663683 -0.253344607926768 -0.540178172391866 -0.551267022923378 -0.625674967859123 -0.785495226605049 -0.803191750608503 -0.805094542669837 -0.835093413786703 -0.902444659407796 -0.909990760706398 -0.917786671127417 -0.948420808284331 -0.898910604538631 -0.867812266626177 -0.79937403541828 -0.749289070056013 -0.749209627252517
-3.4e+38 -3.4e+38 -3.4e+38 -3.4e+38 -3.4e+38 -3.4e+38 1.01106699208167 1.01291722053769 1.02408700800012 1.03123915407088 1.066526071264 1.05656921613038 1.03568996331629 0.91486362302644 0.827420779408108 0.679404872409246 0.528320981179648 0.439243940463792 0.329328821624632 0.237337063835335 0.187042982221266 0.135662036063485 -0.0210072319364494 -0.0934775726621232 -0.181368886315558 -0.277642002512379 -0.35819018365008 -0.324111086527119 -0.289652848175576 -0.421891513233218 -0.320658823977431 -0.370676647620087 -0.375085827768121 -0.514755681164996 -0.548644118136734 -0.570967652439767 -0.607069490856645 -0.741408599290738 -0.76156752763228 -0.775311657368383 -0.840236625829749 -0.829601790230633 -0.815752483710008 -0.858433016484814 -0.904946146453698 -0.89628257738837 -0.864531648461247 -0.820199111149314 -0.767846974425426 -0.664455910614086
-3.4e+38 -3.4e+38 -3.4e+38 -3.4e+38 -3.4e+38 0.992172128549791 0.985322185892325 0.968364927136834 1.03322359440555 1.01638174936547 1.04712609862004 1.06678399636647 -3.4e+38 0.858389428362978 0.832726252806683 0.759224168850431 0.636542093223796 0.5404966777205 0.205186057590732 0.212486983684796 0.127941449384116 -0.0111193603833592 -0.104312161875392 -0.1658845469015 -0.206793845117012 -0.217524221799809 -0.245358256062703 -0.244371365560936 -0.413910931666403 -0.400849560084003 -0.412219202630514 -0.439241826718885 -0.449752555424839 -0.505448129411683 -0.58677415534871 -0.523048116981228 -0.55401756940013 -0.741099494175872 -0.772220858556298 -0.741236657486312 -0.844055175190677 -0.716633009910065 -0.839083559354588 -0.854249719420314 -0.825598136284255 -0.824270572141889 -0.801526460743905 -0.683734517749548 -0.678114403525881 -0.75245757736337
-3.4e+38 -3.4e+38 -3.4e+38 -3.4e+38 1.03513443245899 1.01922865216262 1.02485245249903 0.983915294608863 0.983757004750083 1.01538342418946 0.975325938706404 0.994217574772311 0.957408863305823 0.863927353673612 0.758359465013557 0.721302986064136 0.680793511122618 0.469870288403514 0.320885308798883 0.218726967211506 0.11498449198335 0.0500706524510374 -0.0107276732920981 -0.118160178497842 -0.18960893148889 -0.257845221305021 -0.255457577390498 -0.29239257286708 -0.408229278844714 -0.415488769186329 -0.457705506625379 -0.505318481189624 -0.574273318486728 -0.584733920748481 -0.607456881117341 -0.435258468666262 -0.355957166032649 -0.747141245846571 -0.798210973447381 -0.828711370606906 -0.811664798169216 -0.722206360039564 -0.770251884575868 -0.763481966214703 -0.800786010410341 -0.785814493543127 -0.761419677122172 -0.770665885776983 -0.714554473606471 -0.717707260736335
-3.4e+38 1.05611419820134 1.05347153101231 -3.4e+38 1.07659143236555 1.03093940138558 1.00217950245504 0.990605966528192 0.982808889368029 0.966678583617122 0.962611562595171 0.953068867640877 0.901337461871863 0.836929321682769 0.70806701971083 0.739464715254993 0.692776520048584 0.475981283998038 0.319294313945253 0.26998375570103 0.16578069179324 0.0359407842406817 -0.0568065908119012 -0.176468200395321 -0.250432948779965 -0.254652937494794 -0.263144542306227 -0.332062858260458 -0.511024794395073 -0.597829747326349 -0.550674381974776 -0.553841215123964 -0.678501278974621 -0.60540490610382 -0.522623655115838 -0.484052066361262 -0.573752270911469 -0.751729485497288 -0.769243548160517 -0.805363791388897 -0.840396853361209 -0.748052243109222 -0.814865376998576 -0.756377878210788 -0.767166288715172 -0.775812852672498 -0.741264650116442 -0.736132617015107 -0.665407575001474 -0.633118144121409
-3.4e+38 1.07448118619133 1.06576712705127 -3.4e+38 -3.4e+38 1.02773993002125 1.01293452816127 0.959432301229075 0.940554547665119 0.962174671755853 0.960811505757668 0.972996541303441 0.870028532064998 0.791365374200413 0.716371230216794 0.653365312461175 0.480569260176426 0.457344891699795 0.372546322451025 0.287915459346188 0.128640018290038 -0.0108880701114839 -0.110994550649414 -0.145640305870055 -0.199255024248731 -0.268762144286095 -0.407146364288843 -0.451146470752298 -0.526423593286462 -0.541110419458814 -0.610620196988449 -0.658550747526109 -0.732132244313035 -0.768421455031392 -0.601883214527232 -0.460486980157156 -0.692798494549973 -0.754383112149609 -0.813511548754784 -0.850892509622577 -0.822270922769175 -0.833613927602806 -0.813511308250279 -0.794144154281118 -0.806881561362791 -0.821208541284731 -0.792327060393201 -0.748562670890169 -0.651341384280215 -0.621778756357904
-3.4e+38 -3.4e+38 -3.4e+38 -3.4e+38 -3.4e+38 0.99407715172507 0.987334872653921 0.961930013772321 0.931989828966714 0.872868346065763 0.884634490982696 0.949282325986814 0.870100610083661 0.693043851527183 0.575436245906645 0.563780119578252 0.410574297332042 0.410006763045916 0.273324129343577 0.223981971225667 0.178992111995068 0.055029179314942 -0.0619199969208182 -0.157085505976672 -0.198990267255322 -0.286389237391538 -0.41149010800228 -0.44522488756096 -0.474478492364506 -0.547109461483619 -0.619513166904079 -0.680455445814341 -0.745377753455798 -0.723139744097022 -0.797205208533301 -0.634778662227497 -0.746957844337561 -0.755853336944234 -0.773028281859421 -0.81100878806569 -0.762198431087409 -0.778773656462386 -0.79947299969157 -0.776252044488732 -0.75028326739611 -0.698303825302478 -0.726306879753163 -0.70845819437611 -0.662376209930033 -0.60974569635242
-3.4e+38 -3.4e+38 -3.4e+38 -3.4e+38 -3.4e+38 0.996683624914818 0.939738315141714 0.957373440408543 0.906111788510737 0.846957417648393 0.865326472740817 0.888938132460224 0.812559664633245 0.770796484369167 0.576949359839454 0.493717669861243 0.450196360930449 0.347600809476395 0.244330233536109 0.224571064596618 0.139998289002434 0.0249292163241656 0.0157529532026491 -0.127431405561454 -0.1976902739012 -0.242569017154621 -0.336821795741654 -0.426312956912171 -0.506588769869038 -0.553621157101719 -0.603890730345727 -0.664324899610831 -0.769645290114077 -0.809350326468477 -0.806492929399249 -0.755552732020171 -0.850369335417126 -0.743583125132296 -0.735643552752805 -0.741996884333565 -0.745537249758058 -0.772631182039523 -0.787634743264895 -0.776571080981218 -0.735595154075101 -0.727680024650077 -0.692172118834504 -0.588166734746695 -0.665251501267072 -0.539145590903236
-3.4e+38 -3.4e+38 -3.4e+38 -3.4e+38 -3.4e+38 1.0036787022803 0.935835510788265 0.932344379459232 0.914885157416857 0.841571619972199 0.874299790013351 0.821565077887215 0.732126618507213 0.60621823453574 0.650697071795851 0.564715402509102 0.545806043853166 0.469222567810708 0.352412724007157 0.175604544810353 0.106345513123767 -0.0232462508689211 -0.150112340267123 -0.225652778782767 -0.23948221425043 -0.232935351261809 -0.314840028612197 -0.391319848596006 -0.460209062422162 -0.56155177667268 -0.637716997331363 -0.659880234947797 -0.729031772122451 -0.843449699325832 -0.868180900808053 -0.853625773343936 -0.821175373316593 -0.673957140476649 -0.635022815583124 -0.656884169251734 -0.592786449737941 -0.777617472815477 -0.791867227940474 -0.76749573103271 -0.732086857055931 -0.653536697253609 -0.670817802291818 -0.677885181241674 -0.614511886532729 -0.497164081898882
-3.4e+38 -3.4e+38 -3.4e+38 1.02214299712954 0.992011213748295 0.986549091850525 0.931153294473772 0.902521303752003 0.880187530290715 0.83307980940231 0.798917087913103 0.76175289855778 0.658506419060744 0.616708000059935 0.533584166174349 0.43278676273693 0.414673576696949 0.399874253542823 0.252821019041821 0.146808167582896 0.158987930367346 0.0250801686382231 -0.0687720216022059 -0.146085318846286 -0.217429731927688 -0.225225357365429 -0.303423432824466 -0.388123119865601 -0.397137210002819 -0.494019206522757 -0.579422660238833 -0.643724255886909 -0.751342266643651 -0.776368242468584 -0.859789830895474 -0.804170544602725 -0.767524792341984 -0.75031089782243 -0.780844381036727 -0.755434039015348 -0.540207899794523 -0.723993072903033 -0.802642145909017 -0.809230060943284 -0.722082076361057 -0.700652524978628 -0.635612478252103 -0.594234518780789 -0.464157637959767 -0.440988573864215
-3.4e+38 -3.4e+38 -3.4e+38 1.03953335601121 1.01013780163242 0.961504449832474 0.934188587993053 0.918747235916809 0.890052015450226 0.810004153143807 0.817972983611058 0.745796778454089 0.636491123892617 0.530389471265942 0.484641412010065 0.349459155954511 0.236627879291869 0.277959171894139 0.217321431350035 0.191795926476286 0.12470125526057 0.0231244338319412 -0.0909051977538469 -0.167557548203378 -0.126631061759398 -0.208761380529054 -0.301619616495994 -0.386092380929768 -0.483338749635409 -0.56117490963101 -0.597055362693579 -0.69483986468983 -0.76028099952982 -0.853589278798328 -0.843702549558957 -0.856942411621791 -0.711313896512234 -0.882408773537142 -0.884699148467919 -0.830269990697998 -0.796263622314812 -0.826574940021882 -0.839882480283263 -0.784101138380489 -0.698666716069963 -0.638144446623098 -0.628731910609618 -0.551162709163211 -0.458983387690703 -3.4e+38
-3.4e+38 -3.4e+38 1.02385602401292 0.995688120066691 0.967152712387086 0.920868089773159 0.916220009921919 0.839949278119637 0.834350540720627 0.825016795654675 0.786206344791164 0.668277062980887 0.58972492144073 0.487800287069227 0.353966618328231 0.222488220396127 0.194054706961556 0.0886285507361698 0.0395755288410938 -0.00777650023749831 -0.0512060336047717 -0.0401944227823809 -0.0698528910036824 -0.115348681340626 -0.120442895521229 -0.14524119957869 -0.228685960541893 -0.347415899267602 -0.476498057661246 -0.584180816382169 -0.677734687704087 -0.754416528687421 -0.802004377224326 -0.820190136650898 -0.88438066494291 -0.860418999186761 -0.888712738710928 -0.934403958773004 -0.9136559811357 -0.927668048620431 -0.837181281623246 -0.784126316733807 -0.716142464730364 -0.604224340091718 -0.575908391646688 -0.571227759396531 -0.578115359729379 -0.472674511741168 -0.404536308311698 -3.4e+38
-3.4e+38 -3.4e+38 1.02178930365977 0.999798337800812 0.989794382531449 0.95333177838953 0.895103610525173 0.834251780515298 0.806729712612958 0.797300270778085 0.730801544595741 0.602252062498189 0.507620167522199 0.409800791179482 0.310408467664564 0.162154062146593 0.0469424179176235 0.0394880207771407 -0.0522938635002668 -0.0890592405872513 -0.113954706264873 -0.331353701132388 -0.212790340661779 -0.230963118058297 -0.143473129574264 -0.0580917380391695 -0.148805373131829 -0.354953980610239 -0.514265775174601 -0.634587974702507 -0.729792465856976 -0.792420970244928 -0.813488172663778 -0.83482862673498 -0.858140790957073 -0.901096373353274 -0.946815759266657 -0.901309185264121 -0.940845223706834 -0.855905007849188 -0.785895058764756 -0.668337507067644 -0.634894060491684 -0.649298266033478 -0.725918461930458 -0.671565044086326 -0.596022277067593 -0.529637028725845 -3.4e+38 -3.4e+38
-3.4e+38 1.01803580516222 1.06117464059504 1.03637645539942 0.9843936234006 0.948413640576702 0.93980673338239 0.832801915344884 0.826575764140674 0.855937855740831 0.779883781355413 0.603598651997149 0.459440437827906 0.30364602388392 0.155767609343294 0.0878936481989318 0.00989633195743678 -0.142547138779434 -0.134025313281697 -0.167801547150579 -0.0626087265927664 -0.0929271302749612 -0.124749954985653 -0.133894209404632 -0.195314692270194 -0.279560581766238 -0.371534558517481 -0.479507566003019 -0.607970532603285 -0.655432913380897 -0.785985216475846 -0.811303406472891 -0.860306381927282 -0.845829425080758 -0.870876825550295 -0.912186927649964 -0.92459249266385 -0.919680663221813 -0.839048833533351 -0.760700876906479 -0.66433895499768 -0.728239151561541 -0.735020901134289 -0.745236018259762 -0.700845378470513 -0.668665033032727 -0.668296012846226 -0.595285697835393 -3.4e+38 -3.4e+38
1.10810575856525 1.06581767128877 1.11668220702758 1.11708434222683 1.07631421972309 1.08184102279814 1.1110713869613 1.0111097977894 0.936947110272938 0.850961123256159 0.714839585602638 0.524938579396828 0.468995761282383 0.316189823030685 0.16332454240549 0.0245835431681913 -0.0124998397264865 -0.186141237064779 -0.235688144351778 -0.28998701795732 -0.215186307645816 0.10685370188288 0.224669434884185 0.304631164930031 0.16723772719296 -0.0454865934921363 -0.338676786013558 -0.466524811929935 -0.633607220609046 -0.74244756700122 -0.758256417897246 -0.835135717191512 -0.6282199717503 -0.721989008373102 -0.924734487757444 -0.916746741457129 -0.871945388840142 -0.831093263915766 -0.765664874556221 -0.752673467858553 -0.798834504279352 -0.779697178261407 -0.784051802214691 -0.721887879889416 -0.69806091385779 -0.710374896731322 -0.670167490243103 -0.646140743687751 -0.574334947569472 -3.4e+38
1.1750246869185 1.15058822842847 1.19570084973978 1.16431856826509 1.12557279299845 1.12763798394024 1.11914190785316 1.01849847524949 0.892920224939345 0.845892459067134 0.599769745129531 0.530651308458458 0.222430346498135 0.184662636312797 0.144140135465211 -0.0426982162194553 -0.114055370442288 -0.106938683028559 -0.148904477618166 -0.188159542130184 -0.263854611252604 -0.310416417972125 -0.148823560185135 0.0623829141382707 0.050377112607652 -0.0240017148913595 -0.341712970738608 -0.470891472615124 -0.625177240904515 -0.693853730409236 -0.739880971673551 -0.580515726715859 -0.602669282650776 -0.646032783158016 -0.653225430322508 -0.663452476405452 -0.681360554514013 -0.891163282490273 -0.898983907907706 -0.792803435005105 -0.781235830829227 -0.730031890801814 -0.70772084325728 -0.708356412218632 -0.7082317155243 -0.67706851667049 -0.659586354755213 -0.649579193417991 -0.593952597563659 -0.599761020329076
1.22942852727809 1.25539552372843 1.24255403511766 1.19952627239516 1.20875791195459 1.16705669890027 1.09723954216685 1.00794555417259 0.860468676618743 0.727480939728639 0.565083526110346 0.406831168778714 0.244454136313977 0.148677025542778 -0.0147848930456544 -0.107512039532229 -0.122602854612783 -0.073148011140472 -0.349489984092891 -0.400237463743138 -0.526128097754287 -0.491441425234344 -0.450224685986001 -0.557253264172934 -0.560140420534963 -0.568267085744008 -0.586237269934202 -0.656296318057419 -0.730969613076603 -0.812214524042489 -0.626730829563573 -0.643195533184005 -0.814770451781632 -0.646915621586854 -0.627993029170583 -0.629146882622305 -0.658002813290798 -0.898475046836649 -0.830076052465956 -0.784749737799243 -0.740255837768316 -0.723560227609695 -0.752237697477593 -0.672353216255507 -0.679750198946292 -0.677950716131402 -0.640365041931515 -0.5948222556918 -0.558114730620985 -0.5668999061053
1.25985684039562 1.26866709447511 -3.4e+38 -3.4e+38 1.2795928172524 1.22965720617774 1.15724120987886 1.04041222992421 0.868653153171376 0.668353266164183 0.557882852208837 0.329269371896483 0.193643152815116 0.181261544315102 -0.0590309062991873 -0.0956135097053853 -0.209505308209894 -0.402270642952427 -0.452909176868737 -0.501576453471125 -0.543182858014139 -0.561062931766331 -0.674845208444284 -0.659367022786439 -0.643939481268804 -0.663915847433208 -0.637955998634806 -0.647316298303777 -0.787155258860343 -0.851470083949274 -0.624134846344846 -0.834871638467849 -0.821362412068296 -0.839207403067825 -0.649645354895826 -0.567861422995459 -0.782074884837611 -0.724050143803025 -0.754169026090113 -0.772403140463163 -0.772084454227098 -0.754186214345743 -0.727823542958386 -0.722181916418098 -0.685370018727269 -0.664989760097539 -0.639424308554728 -0.616846545202574 -0.585926928507267 -0.574604267471853
-3.4e+38 -3.4e+38 -3.4e+38 -3.4e+38 -3.4e+38 -3.4e+38 1.16989665175663 1.10189809237706 0.923629401994291 0.703652092594688 0.544084830620966 0.254689038420323 0.210481471594361 0.0525086432465871 -0.0649908742538601 -0.172623757122894 -0.287928947003539 -0.357140177602689 -0.474425398299813 -0.420835962790182 -0.523801229029794 -0.500947496424949 -0.565746941537934 -0.651271670836152 -0.624179854010083 -0.716538828312867 -0.735926872751665 -0.876490408712544 -0.863530759331161 -0.684125172586593 -0.666622431562666 -0.793703845713779 -0.754666039009142 -0.822041107683145 -0.85502198525522 -0.538661669342717 -0.758688598913005 -0.633696004705053 -0.71528077250973 -0.771250274438564 -0.753280356294536 -0.774516351244202 -0.781213803092073 -0.753207276485613 -0.732950657084732 -0.685587559294781 -0.700447445870737 -0.654658646503195 -0.634944328468236 -0.59357005927117
-3.4e+38 -3.4e+38 -3.4e+38 -3.4e+38 -3.4e+38 -3.4e+38 1.27648772032156 1.06972087980164 0.876492172542073 0.66562371101885 0.51010713197781 0.310315754740273 0.172576713268885 0.138699082552602 -0.0926245968118492 -0.282036556377905 -0.366983271060589 -0.337434692907799 -0.396111470454643 -0.429347404474991 -0.396107435657779 -0.418898032518042 -0.400984222479039 -0.389985292619053 -0.510456084538426 -0.566201544119268 -0.649309827149813 -0.616594941447029 -0.638600184332677 -0.679079049595112 -0.632896240405747 -0.815937638658429 -0.471198063744768 -0.520656883289413 -0.835250863937733 -0.868005601638203 -0.836153369055179 -0.801201306677005 -0.566311343695338 -0.596232792481692 -0.80592369297887 -0.781801260199852 -0.745015468944012 -0.74024749957962 -0.755568845888592 -0.762896930160843 -0.744721878547784 -0.710718629388058 -0.691516626165554 -0.674009065898729
-3.4e+38 -3.4e+38 -3.4e+38 -3.4e+38 -3.4e+38 1.66299055745405 1.35640911418863 1.06473061241155 0.886544390996927 0.731826211998622 0.590330702522477 0.375329919144087 0.241582020462474 0.193392772959885 -0.0283906968085044 -0.216939534020751 -0.346234430453267 -0.433654101891255 -0.497969868294646 -0.43674658602692 -0.467912150902918 -0.26507492658287 -0.393257674684412 -0.442948091114978 -0.42924322926031 -0.523123348891946 -0.569100848439719 -0.632320488751886 -0.603857549632453 -0.637486291522908 -0.477235278497338 -0.470278753328596 -0.815570351727615 -0.79966632549695 -0.805869026487229 -0.82994996350517 -0.838642616650424 -0.827285019268798 -0.62409059534104 -0.700333403140241 -0.700081650832067 -0.760695521054735 -0.740002852229179 -0.738980536345072 -0.749686613197565 -0.746976969566949 -0.711550514720799 -0.727304196811451 -0.721727709801038 -0.708368838878679
-3.4e+38 -3.4e+38 1.95495896314347 -3.4e+38 1.73299190936226 1.53346163853123 1.33669163894604 1.0991742615319 0.905751542863327 0.695087643839731 0.572482525320174 0.362882530509379 0.210322016620712 0.0765922384173655 -0.0538608104782936 -0.189202791372664 -0.225259822556113 -0.308196512601446 -0.185026534377774 -0.334667702830438 -0.507898677302374 -0.568918401914838 -0.567077452965424 -0.564078382929858 -0.573211906022675 -0.615087851432722 -0.610518657393583 -0.60585571042706 -0.616137616907817 -0.653571653337529 -0.640693484491817 -0.519906999973694 -0.530005138401061 -0.844916172667589 -0.839075583558408 -0.850049290828615 -0.823585536319589 -0.816371493179927 -0.731045440247894 -0.841764438394417 -0.812207168300513 -0.841552390620255 -0.846822143320769 -0.784771554095075 -0.772503049958485 -0.754615522010737 -0.783889078260402 -0.731991497537035 -0.711291824601018 -0.685612502153968
1.96741907415095 1.96426112075121 2.01016000741626 2.00015531783472 1.87140127965769 1.60470777146615 1.39427065184363 1.30011391756946 1.09780547387107 0.735294962997528 0.597432541984909 0.406261014230609 0.268268191864128 0.183894095224586 0.0377619123849736 -0.112183018420426 -0.19685291520506 -0.0422941580525103 -0.0909753923318495 -0.277847082403961 -0.369825549249805 -0.475583776604133 -0.464986066123501 -0.430126619627367 -0.442508548640913 -0.475853062397195 -0.473231702137189 -0.528299416189658 -0.612997912014683 -0.649851139594197 -0.647963617172813 -0.693687162218441 -0.701336363438198 -0.566586074625773 -0.787427784976017 -0.834722069359576 -0.835725450006921 -0.763242410076158 -0.752306733184504 -0.811952643877533 -0.84480949942531 -0.869779824142838 -0.861379405269413 -0.854178271869929 -0.781924900760235 -0.767624983700088 -0.75313753219876 -0.727644916110547 -0.67593585471692 -0.655951703253331
