data/pcas/pca_referenceLayers/PC07.asc
NCOLS 494 
NROWS 529 
XLLCORNER -117.166666666667 
YLLCORNER -55.5 
CELLSIZE 0.166666666666667 
NODATA_value -3.4e+38 
[rows 184 to 206 of 529, columns 200 to 249 of 494]
-3.4e+38 -3.4e+38 -3.4e+38 -3.4e+38 -3.4e+38 -3.4e+38 -3.4e+38 -3.4e+38 -3.4e+38 -3.4e+38 -3.4e+38 -3.4e+38 -3.4e+38 -3.4e+38 -3.4e+38 -3.4e+38 -3.4e+38 -3.4e+38 -3.4e+38 -3.4e+38 -3.4e+38 -3.4e+38 -3.4e+38 -3.4e+38 -3.4e+38 -3.4e+38 -3.4e+38 -3.4e+38 -3.4e+38 -3.4e+38 0.53868511823198 0.544038576913936 0.635241727979272 1.07149751549261 1.3958840960437 1.16718785399655 0.404119663532162 -0.24789919659043 -0.383371380672121 -0.434363329371411 -0.496691378910114 -0.339824979954507 -0.557256522350827 -0.439528455310093 -0.408398041196363 -0.44102699438629 -0.557984852676542 -0.50910455424442 -0.456746659248847 -0.290642680074523
-3.4e+38 -3.4e+38 -3.4e+38 -3.4e+38 -3.4e+38 -3.4e+38 -3.4e+38 -3.4e+38 -3.4e+38 -3.4e+38 -3.4e+38 -3.4e+38 -3.4e+38 -3.4e+38 -3.4e+38 -3.4e+38 -3.4e+38 -3.4e+38 -3.4e+38 -3.4e+38 -3.4e+38 -3.4e+38 -3.4e+38 -3.4e+38 -3.4e+38 -3.4e+38 -3.4e+38 -3.4e+38 -3.4e+38 0.149754604008991 0.0853136180692563 0.168964368013098 0.468001493909262 1.06294393584128 1.32246086723076 0.775114894154077 0.352014656919329 -0.368598685458499 -0.363113177931771 -0.379555210233724 -0.302031115055155 -0.376640296704534 -0.308399935811327 -0.380233536752499 -0.395561534221143 -0.424356307250114 -0.414345698753734 -0.374630958386065 -0.222361697269488 -0.110391693678685
-3.4e+38 -3.4e+38 -3.4e+38 -3.4e+38 -3.4e+38 -3.4e+38 -3.4e+38 -3.4e+38 -3.4e+38 -3.4e+38 -3.4e+38 -3.4e+38 -3.4e+38 -3.4e+38 -3.4e+38 -3.4e+38 -3.4e+38 -3.4e+38 -3.4e+38 -3.4e+38 -3.4e+38 -3.4e+38 -3.4e+38 -3.4e+38 -3.4e+38 -3.4e+38 -3.4e+38 -3.4e+38 0.114390864449032 0.0736017101648773 0.0322176725867891 0.118999408426557 0.435515081940853 0.871445752134924 1.18644565644328 0.787126593776633 0.0885946062320159 -0.300525417352034 -0.37561768406088 -0.305235730019593 -0.348485908984433 -0.315492567004378 -0.22752497578274 -0.220998284499998 -0.263990567144803 -0.293980473445758 -0.225871982814344 -0.0364659364918045 0.0474675291939959 -0.00516257678376808
-3.4e+38 -3.4e+38 -3.4e+38 -3.4e+38 -3.4e+38 -3.4e+38 -3.4e+38 -3.4e+38 -3.4e+38 -3.4e+38 -3.4e+38 -3.4e+38 -3.4e+38 -3.4e+38 -3.4e+38 -3.4e+38 -3.4e+38 -3.4e+38 -3.4e+38 -3.4e+38 -3.4e+38 -3.4e+38 -3.4e+38 -3.4e+38 -3.4e+38 -3.4e+38 -3.4e+38 -3.4e+38 -3.4e+38 -0.0784715010344378 -0.0544557484783919 0.101897150423514 0.35395345176566 0.523454811853766 0.603661329934009 0.207657192246714 -0.193565200038594 -0.340478319208185 -0.353284669074131 -0.313583468544059 -0.361105616882162 -0.225470618683379 -0.15136286631508 0.113099343322619 0.0430643832745045 -0.0773330124868354 0.0441311238092847 0.167307906943425 0.0733536485266152 -0.0278905221754606
-3.4e+38 -3.4e+38 -3.4e+38 -3.4e+38 -3.4e+38 -3.4e+38 -3.4e+38 -3.4e+38 -3.4e+38 -3.4e+38 -3.4e+38 -3.4e+38 -3.4e+38 -3.4e+38 -3.4e+38 -3.4e+38 -3.4e+38 -3.4e+38 -3.4e+38 -3.4e+38 -3.4e+38 -3.4e+38 -3.4e+38 -3.4e+38 -3.4e+38 -3.4e+38 -3.4e+38 -3.4e+38 -0.0888351916846613 -0.100100710398772 -0.0658562085063041 0.0396193487241648 0.287053264531191 0.506885338554094 -0.106718130823427 -0.309589634147752 -0.332957893579097 -0.405101015510528 -0.389370178916457 -0.523700374840514 -0.251454693028372 -0.142165238472821 0.0306007150162186 0.445011343911304 0.28624505977889 0.467312975221008 0.424049427020196 0.251136386936967 0.120142287739754 0.0129863351131029
-3.4e+38 -3.4e+38 -3.4e+38 -3.4e+38 -3.4e+38 -3.4e+38 -3.4e+38 -3.4e+38 -3.4e+38 -3.4e+38 -3.4e+38 -3.4e+38 -3.4e+38 -3.4e+38 -3.4e+38 -3.4e+38 -3.4e+38 -3.4e+38 -3.4e+38 -3.4e+38 -3.4e+38 -3.4e+38 -3.4e+38 -3.4e+38 -3.4e+38 0.151113848260242 0.0475062553423192 -0.0652910331708882 -0.130319607021932 -0.113252387374441 -0.0665321031979485 0.0434987465220364 0.201913018832224 0.00378630041538597 -0.376085473888016 -0.377089147398785 -0.595649149725123 -0.596163595364912 -0.563949184849573 -0.414362526242022 -0.226455003236905 0.0345454359213371 0.435399574785659 0.891525723314832 0.681849785322943 0.537100046634688 0.408926217456261 0.285442310881727 0.154078747875933 0.0337257815071078
-3.4e+38 -3.4e+38 -3.4e+38 -3.4e+38 -3.4e+38 -3.4e+38 -3.4e+38 -3.4e+38 -3.4e+38 -3.4e+38 -3.4e+38 -3.4e+38 -3.4e+38 -3.4e+38 -3.4e+38 -3.4e+38 -3.4e+38 -3.4e+38 -3.4e+38 -3.4e+38 -3.4e+38 -3.4e+38 -3.4e+38 0.40400097548547 0.452125782576548 0.285430324557911 0.0908976549140438 -0.0417314129115826 -0.0945022630960357 -0.0386184380931085 -0.057460938369596 0.0780072613483081 -0.262161500680692 -0.410528534013086 -0.383768335225569 -0.704492510083629 -0.692916230269763 -0.647996739179248 -0.464253059933481 -0.215118148990276 0.00246391444557559 0.336461652459692 0.71207633094729 0.878216062658061 0.675678748354206 0.5379966563643 0.417422582282892 0.273107332108221 0.160820201172845 0.0532012232958167
-3.4e+38 -3.4e+38 -3.4e+38 -3.4e+38 -3.4e+38 -3.4e+38 -3.4e+38 -3.4e+38 -3.4e+38 -3.4e+38 -3.4e+38 -3.4e+38 -3.4e+38 -3.4e+38 -3.4e+38 -3.4e+38 -3.4e+38 -3.4e+38 -3.4e+38 -3.4e+38 -3.4e+38 -3.4e+38 0.425916367176802 0.396880782934028 0.415431945874164 0.263396116019531 0.140682745013714 0.0527161205184455 -0.00701094382466727 -0.0422043650686153 0.00586421659025637 -0.268919054457507 -0.395922480594065 -0.437980068661986 -0.626224918323449 -0.786157457321069 -0.743333406875153 -0.632125022490705 -0.375176210766659 -0.126550263083412 0.294128019715591 0.658388642883677 0.6919747748196 0.657610156643109 0.648071720820087 0.523283989642644 0.383391596714334 0.284939548473756 0.177458909644545 0.0638180638858674
-3.4e+38 -3.4e+38 -3.4e+38 -3.4e+38 -3.4e+38 -3.4e+38 -3.4e+38 -3.4e+38 -3.4e+38 -3.4e+38 -3.4e+38 -3.4e+38 -3.4e+38 -3.4e+38 -3.4e+38 -3.4e+38 -3.4e+38 -3.4e+38 -3.4e+38 -3.4e+38 -3.4e+38 -3.4e+38 0.353231219011427 0.302866812289305 0.307079674336897 0.201651979465719 0.138121569828849 0.113559216294653 0.040424027492451 0.00831418262143522 -0.154954629653405 -0.342003960780242 -0.645802452275556 -0.563692394752995 -0.627636631807749 -0.799758388195457 -0.742603878511123 -0.49103322605937 -0.262357571819885 0.127277114556327 0.462582051894599 0.604459539109492 0.552437686057537 0.528134036216785 0.544923973849484 0.519401260416075 0.367353739869481 0.270888454197184 0.188433834129142 0.0759989296202325
-3.4e+38 -3.4e+38 -3.4e+38 -3.4e+38 -3.4e+38 -3.4e+38 -3.4e+38 -3.4e+38 -3.4e+38 -3.4e+38 -3.4e+38 -3.4e+38 -3.4e+38 -3.4e+38 -3.4e+38 -3.4e+38 -3.4e+38 -3.4e+38 -3.4e+38 -3.4e+38 -3.4e+38 -3.4e+38 0.361425429002175 0.290945815431551 0.269150264966306 0.174753553785155 0.123708712257393 0.0702674977112721 0.0398434456974106 -0.123940230855333 -0.28629271910692 -0.448541797035443 -0.74871346001515 -0.832627959179901 -0.730874159878363 -0.84880897655604 -0.627334628091898 -0.432031224135007 -0.150459366270398 0.340547087342611 0.441856724619437 0.469874771729703 0.522631431313943 0.527760559442041 0.542436027572599 0.510291052330541 0.373074278392348 0.28150262526249 0.181523731345861 0.0781403569178142
-3.4e+38 -3.4e+38 -3.4e+38 -3.4e+38 -3.4e+38 -3.4e+38 -3.4e+38 -3.4e+38 -3.4e+38 -3.4e+38 -3.4e+38 -3.4e+38 -3.4e+38 -3.4e+38 -3.4e+38 -3.4e+38 -3.4e+38 -3.4e+38 -3.4e+38 -3.4e+38 -3.4e+38 -3.4e+38 0.463795107108963 0.371874948959133 0.276763796990913 0.123817765293041 0.00365453782295335 0.00525946851863297 0.0088645096507731 -0.0663619848486943 -0.205205661744145 -0.288030888697539 -0.805173053383345 -0.933541160484629 -0.964649247349704 -0.824648998668466 -0.547901759244676 -0.136181442881536 0.205934116660155 0.374719174752829 0.458425876744034 0.47027001825314 0.521617111214828 0.555708819840091 0.564467245361307 0.429468177972821 0.374937779586533 0.289343704197788 0.198731564392969 0.118517364166
-3.4e+38 -3.4e+38 -3.4e+38 -3.4e+38 -3.4e+38 -3.4e+38 -3.4e+38 -3.4e+38 -3.4e+38 -3.4e+38 -3.4e+38 -3.4e+38 -3.4e+38 -3.4e+38 -3.4e+38 -3.4e+38 -3.4e+38 -3.4e+38 -3.4e+38 -3.4e+38 -3.4e+38 -3.4e+38 0.704471886906447 0.541656440513928 0.339891735914098 0.137593948430605 -0.0744002643613575 -0.0688098368190251 -0.0245041552959755 -0.186245701088657 -0.282464682361772 -0.421455702989069 -0.771003909355563 -1.0227273614245 -1.02141270299671 -0.810068457210235 -0.558680186293235 -0.0423857510151704 0.245595265357977 0.357455737038901 0.474317426538239 0.523143427992926 0.560155523427867 0.581851093751906 0.538518505066943 0.410030759970635 0.352876648653448 0.284835769935604 0.211208746759046 0.146031363957842
-3.4e+38 -3.4e+38 -3.4e+38 -3.4e+38 -3.4e+38 -3.4e+38 -3.4e+38 -3.4e+38 -3.4e+38 -3.4e+38 -3.4e+38 -3.4e+38 -3.4e+38 -3.4e+38 -3.4e+38 -3.4e+38 -3.4e+38 -3.4e+38 -3.4e+38 -3.4e+38 -3.4e+38 1.12396748195604 0.846744817636331 0.578360135150222 0.362639742319037 0.122093547228208 -0.0895855297596032 -0.108491171916681 -0.0812561972138545 -0.27118950521646 -0.344303048477931 -0.723132476901027 -0.837595944845477 -1.03217336373898 -0.999083517247003 -0.735048130877206 -0.525200150963213 -0.146001974330738 0.282385740497764 0.409267651845253 0.522422911828402 0.557375832535157 0.575841441033368 0.576086307144694 0.450962910896648 0.397956495921695 0.333042937908675 0.282199228715831 0.214981730391057 0.153943297153739
-3.4e+38 -3.4e+38 -3.4e+38 -3.4e+38 -3.4e+38 -3.4e+38 -3.4e+38 -3.4e+38 -3.4e+38 -3.4e+38 -3.4e+38 -3.4e+38 -3.4e+38 -3.4e+38 -3.4e+38 -3.4e+38 -3.4e+38 -3.4e+38 -3.4e+38 -3.4e+38 1.37338440793273 1.12357314805377 0.837023459378471 0.610587767149181 0.343434311889182 0.0748669726726258 -0.113454017871532 -0.133435697108043 -0.125066724562657 -0.224022623632541 -0.473077839589468 -0.976212508022978 -0.941790669514539 -1.05326414020092 -0.822390529572989 -0.693425433526118 -0.287526483724218 -0.101974757767377 0.318037169361865 0.476137104943903 0.480654861506434 0.508124017369221 0.524580633631099 0.512327595386117 0.465429284669166 0.392688930904052 0.319748368299119 0.253071372948035 0.213478646156019 0.161154697329627
-3.4e+38 -3.4e+38 -3.4e+38 -3.4e+38 -3.4e+38 -3.4e+38 -3.4e+38 -3.4e+38 -3.4e+38 -3.4e+38 -3.4e+38 -3.4e+38 -3.4e+38 -3.4e+38 -3.4e+38 -3.4e+38 -3.4e+38 -3.4e+38 -3.4e+38 -3.4e+38 1.41437179147923 1.08362014165066 0.878971694772027 0.592615973738588 0.325410625992859 0.0891030965883689 -0.0505650123801564 -0.125710619392517 -0.164025888134393 -0.275036200697577 -0.507813326122322 -1.05309001369603 -1.11004133176694 -0.983456845178751 -0.827599452083635 -0.558637010961694 -0.324439584274667 -0.068047115672784 0.462192502955056 0.556479938501101 0.54825119218989 0.565901865589964 0.559712054894377 0.47129595760758 0.428512257741228 0.390782724879735 0.315343356864575 0.229316028877964 0.177906017800091 0.154899476777965
-3.4e+38 -3.4e+38 -3.4e+38 -3.4e+38 -3.4e+38 -3.4e+38 -3.4e+38 -3.4e+38 -3.4e+38 -3.4e+38 -3.4e+38 -3.4e+38 -3.4e+38 -3.4e+38 -3.4e+38 -3.4e+38 -3.4e+38 -3.4e+38 -3.4e+38 -3.4e+38 1.47358074738005 1.11387260414422 0.818791687368045 0.56044472913642 0.318212902109081 0.121339617044106 -0.0556856499234791 -0.146014642640529 -0.172411857379269 -0.453301363101703 -0.74353825251424 -1.0114048860319 -0.998124662510407 -0.857221215779516 -0.736836985060656 -0.490379922540194 -0.115464615053174 0.0852413887867162 0.504607113933047 0.610086740795212 0.612787011647969 0.618888959392403 0.548156845421874 0.462713032274359 0.402526674185635 0.363378685031007 0.300668983925301 0.229482439574251 0.167653460077312 0.123939938926215
-3.4e+38 -3.4e+38 -3.4e+38 -3.4e+38 -3.4e+38 -3.4e+38 -3.4e+38 -3.4e+38 -3.4e+38 -3.4e+38 -3.4e+38 -3.4e+38 -3.4e+38 -3.4e+38 -3.4e+38 -3.4e+38 -3.4e+38 -3.4e+38 -3.4e+38 1.74768207343317 1.32850268510264 1.0872797934962 0.757727558913116 0.509811975940026 0.347720448051634 0.135726627964682 -0.0795754620928053 -0.229208207548801 -0.179201666289988 -0.591116830188117 -0.936369760272555 -1.01526509994993 -0.888597318531805 -0.84065034147775 -0.620167379379741 -0.225286285552116 0.361840893541166 0.422252205412175 0.639874920254937 0.643002068229923 0.623970245697479 0.616783105787576 0.54618966962243 0.468835900023701 0.402137329785101 0.352969421206757 0.307900033506112 0.233877667185448 0.168579114990434 0.10319713282735
-3.4e+38 -3.4e+38 -3.4e+38 -3.4e+38 -3.4e+38 -3.4e+38 -3.4e+38 -3.4e+38 -3.4e+38 -3.4e+38 -3.4e+38 -3.4e+38 -3.4e+38 -3.4e+38 -3.4e+38 -3.4e+38 -3.4e+38 1.85789662156817 1.73910720214959 1.43627498951622 1.11907886056378 0.954340257074951 0.741297477475783 0.508548110014504 0.365709935155855 0.153355073175322 -0.0616160803142508 -0.236939538489986 -0.145689572955864 -0.744246863812444 -0.930886591894921 -1.01103608090997 -0.862462542295386 -0.756916017319444 -0.344964322288246 0.238643348465614 0.5753425415975 0.51919652020215 0.679204448994091 0.642341686015601 0.627684928096352 0.611625723079206 0.561657281574821 0.483985888584789 0.414040664823083 0.35612008959331 0.302530881575981 0.259881401248071 0.211769888274416 0.174624094929389
-3.4e+38 -3.4e+38 -3.4e+38 -3.4e+38 -3.4e+38 -3.4e+38 -3.4e+38 -3.4e+38 -3.4e+38 -3.4e+38 -3.4e+38 -3.4e+38 -3.4e+38 -3.4e+38 -3.4e+38 -3.4e+38 -3.4e+38 1.50930363890944 1.41125915284209 1.20190946255011 0.899747853657518 0.851774044727366 0.689448808521821 0.627737875532115 0.472604047403938 0.251910354016889 0.0249327375941935 -0.128876627711906 -0.143831345584868 -0.606390561076176 -0.90578647206925 -1.03852727211526 -0.843032712228442 -0.629655156549772 -0.1647489905292 0.61128300248738 0.62647769116647 0.677411115245906 0.662039170589213 0.653603448044617 0.63511159054082 0.629157353529412 0.582206928135311 0.504381009014051 0.424006940936081 0.359087267443948 0.310434587285518 0.261074676766755 0.22620147831159 0.19215498660518
-3.4e+38 -3.4e+38 -3.4e+38 -3.4e+38 -3.4e+38 -3.4e+38 -3.4e+38 -3.4e+38 -3.4e+38 -3.4e+38 -3.4e+38 -3.4e+38 -3.4e+38 -3.4e+38 -3.4e+38 -3.4e+38 1.7793214525847 1.38295334782655 1.1905499425712 0.930153446682376 0.809977846959287 0.734919671873095 0.755839754372876 0.827540362534383 0.640088290246024 0.395111043652277 0.138731737039888 -0.0422273011889955 -0.0544859760564617 -0.614225726704506 -0.880439544094962 -1.0403378550341 -0.745375603880548 -0.509712713957826 -0.174486091613351 0.764940843283878 0.644113311771029 0.663879593212037 0.67707953057987 0.666923462578271 0.640610656942411 0.622385403790508 0.583843791482078 0.514584306610015 0.444646632422321 0.375142199750464 0.323584869213401 0.27541683955739 0.234671220332857 0.215630110958488
-3.4e+38 -3.4e+38 -3.4e+38 -3.4e+38 -3.4e+38 -3.4e+38 -3.4e+38 -3.4e+38 -3.4e+38 -3.4e+38 -3.4e+38 -3.4e+38 -3.4e+38 -3.4e+38 -3.4e+38 -3.4e+38 -3.4e+38 -3.4e+38 1.13455768638644 0.748852111452649 0.741533106372557 0.779194998314194 0.807852191026849 0.903701538217269 0.7104861051087 0.371640608335836 0.190797904140216 0.0771307641049881 -0.0770133821613516 -0.650079968132282 -0.869518063495559 -0.956597656293812 -0.652427428544387 -0.220865122052543 0.375755835785665 0.925915093795332 0.796244824455639 0.71989591754218 0.702711735281747 0.676199100703185 0.642104994942504 0.619948826415501 0.578913049051624 0.511326966195474 0.440233401958072 0.380306254779341 0.327242187517298 0.289103164061301 0.251160670103672 0.230645852405623
-3.4e+38 -3.4e+38 -3.4e+38 -3.4e+38 -3.4e+38 -3.4e+38 -3.4e+38 -3.4e+38 -3.4e+38 -3.4e+38 -3.4e+38 -3.4e+38 -3.4e+38 -3.4e+38 -3.4e+38 -3.4e+38 -3.4e+38 1.56364200940812 1.35031254621609 1.00754979473878 1.01085791363 0.92540668191372 0.920191033109742 0.934211543343442 0.769148717091941 0.479544222943532 0.254622897355124 0.1397038006579 -0.00577406132326343 -0.570593424047062 -0.919305265336605 -1.01447202066919 -0.705104780203861 -0.257602196092424 0.871785937300171 1.04073901200127 0.903537429712094 0.78415306725259 0.726639761387145 0.674308749783704 0.628705425217661 0.611426768351357 0.564353216738718 0.502285466370882 0.430807657899148 0.378619626913489 0.33477956784763 0.293304449743701 0.263247546189958 0.246301801136004
-3.4e+38 -3.4e+38 -3.4e+38 -3.4e+38 -3.4e+38 -3.4e+38 -3.4e+38 -3.4e+38 -3.4e+38 -3.4e+38 -3.4e+38 -3.4e+38 -3.4e+38 -3.4e+38 -3.4e+38 -3.4e+38 -3.4e+38 -3.4e+38 1.54178452509036 1.22453914013779 1.14008107314796 1.06749799732026 1.08282904402234 1.04212311192193 0.849148192728169 0.553708060398711 0.300482627339711 0.157799104101234 0.00863379173678838 -0.536532310060331 -0.835846526058858 -0.908414252894165 -0.69017435161306 -0.276163850324385 0.647978636452623 0.899349568903575 0.918672969347166 0.808039798093591 0.732723853963894 0.670523552220074 0.615772498824322 0.580967310313837 0.557628100550326 0.489150666180322 0.429358233314302 0.369392015846969 0.329134468584099 0.291034233931834 0.272265711424395 0.260856238834891
