data/pcas/pca_referenceLayers/PC07.asc
NCOLS 494 
NROWS 529 
XLLCORNER -117.166666666667 
YLLCORNER -55.5 
CELLSIZE 0.166666666666667 
NODATA_value -3.4e+38 
[rows 0 to 22 of 529, columns 0 to 49 of 494]
0.875203426731135 0.342014152325268 0.026232364003993 -0.117897878172034 -0.399194712869414 -0.577424268490444 -0.554627701032168 -0.470650440865754 -0.699568299034999 -0.778998563499728 -0.85678426961127 -0.275192401153916 -0.330787401245026 -0.28594229154154 -0.226430168259647 -0.201855068518266 -0.217018942630574 -0.0315686410279395 -0.364603697735078 -0.279114228871209 -0.411689030674517 -0.172717515662937 -0.210458113119446 -0.142083859780521 0.000531800991585993 -0.0128128477261013 0.0580483768644108 0.0763044176709177 0.0645274713962939 -0.171231990751431 -0.145786972497709 -0.219869340958506 -0.225837777470613 -0.21361971639757 -0.188599742455505 -0.126983036515493 0.0511040244789363 -0.0665969268035668 -0.0292208734393564 -0.207071244278548 -0.188417087119987 -0.12251984148735 -0.389837423527145 -0.275050897179929 -0.134153901743704 -0.380454172198662 -0.360249957857131 -0.381831705703175 -0.425430827879598 -0.454767774958644
0.689764446669097 0.379330408066682 0.0920744885587871 -0.117529635645233 -0.316705842618295 -0.608811068529564 -0.702591270001546 -0.521357317764263 -0.468383555259758 -0.636791607995483 -0.57699617652541 -0.678611981164142 -0.249799067929639 -0.314645803345528 -0.42037049931619 -0.421640393149596 -0.367977137769534 -0.279565215063178 -0.216260736463603 -0.229059200983191 -0.295743703955612 -0.268270872572527 -0.0790246145998612 -0.00683445599122177 0.104919755613847 0.24411549171259 0.095363844906811 0.0869946530051913 -0.00836795089172816 -0.11599962103479 -0.13783633451628 -0.159493601670931 -0.184647348441216 0.0264286740401358 0.0333787359693263 -0.164967841931818 0.0142468886789986 0.151372923364367 0.226945384904475 -0.0444976244577813 -0.222873260430272 -0.121702623474819 -0.126402379221009 -0.302909621836524 -0.228141726708178 -0.265602399790683 -0.362061158241246 -0.386837027600221 -0.323696168061241 -0.481472218053464
0.704888645015883 0.444975186824819 0.16883589145951 -0.0369136227761178 -0.203142542085432 -0.524620748010181 -0.69137153790805 -0.439129976058671 -0.0363303045231131 -0.392829013291137 -0.416035590683517 -0.585199392625727 -0.092105887297763 -0.298470812106235 -0.366917177273965 -0.389015046031713 -0.378729221594289 -0.365315320939136 -0.155863565286095 -0.140828102011155 0.0344369578665478 -0.212254574980998 -0.168634955301568 -0.0911112884092563 0.0548422060090848 0.139096175209949 -0.00613230191339344 -0.0506546114288315 -0.170793759507534 -0.0371552518600569 -0.0657000022102578 -0.11457472987711 -0.0422288723489777 -0.0641834428161274 0.111542286430503 -0.00870060903442239 0.174206376877145 0.1441712823551 0.124342676717264 0.161128095976753 0.0465172272252725 -0.0347188039915414 -0.080515824399113 -0.111513722565076 -0.124237451732937 -0.0424861523240935 -0.211312791796667 -0.29683198412225 -0.279702664785508 -0.367210578948255
-3.4e+38 0.495868751301235 0.160698983908857 0.0688665038272016 -0.140045348079209 -0.48303233140693 -0.614934052526659 -0.595723093154533 -0.0533545228399986 0.0141389755071623 -0.403186805375806 -0.492397904625279 -0.181850968941458 -0.144079527142477 -0.296617489616878 -0.183172605637482 -0.230381238742019 -0.134389303526775 -0.225192722990629 -0.0959278121198101 -0.0949179796330032 -0.251825001872939 -0.232870206382225 0.0319595776692225 0.00810784000951516 0.0497223993179529 0.0353905538928199 -0.0224927881081489 -0.20811995161002 -0.061867240176244 0.036111228471995 0.117335239071247 0.180126133445452 0.119016046537524 0.14577300891321 0.0463420300366722 0.0873747329387964 0.0760719011257957 0.0886504254644644 0.18075911924455 0.272576741752564 0.228353723559759 0.139435774791662 -0.00221346793242808 -0.146489423423692 -0.167499886144696 -0.1473021392968 -0.0913714755899766 -0.247228650335191 -0.269114661723973
-3.4e+38 0.50149350409977 0.368508612956006 0.181135243457591 -0.0238698853277777 -0.374052595751415 -0.64324470306655 -0.603668195520143 -0.231417070330762 0.0492833318655652 -0.120138458134061 -0.656337864513832 -0.129521676287863 0.269871798690562 0.420956386993705 0.0482389743949945 0.0122962382856975 -0.056880104296905 -0.130770984495775 -0.201487768268969 -0.188878938748222 -0.172716602060068 -0.195634614741296 -0.324765399472531 0.0679309975826544 0.0129368312994312 -0.109802682654976 -0.10170252780722 -0.111950444517779 -0.145579994606702 -0.129521948584842 -0.0348723187415375 0.115708758719563 0.306621729103714 0.0951895289125166 0.18443988522371 0.152856588714592 0.104086694797458 0.206033488587668 0.230561817657901 0.325219790327283 0.311618725251923 0.200006925514865 0.159400804745771 0.00391380439986361 -0.132888692997457 -0.10648944555282 0.0310554898226024 -0.172019611667753 -0.109461310719058
-3.4e+38 -3.4e+38 0.806503151767023 0.261583818895071 0.0503579226722287 -0.301766064553827 -0.620821280766519 -0.779775478272993 -0.636527405304608 -0.323699737656117 -0.269071810477791 -0.611587064430235 -0.414076937664521 0.339264527260098 0.624167425886568 0.57920571238326 0.238250308502668 0.123463942833351 0.0393459340720385 -0.0523337488493937 -0.176337608556534 -0.0381385225882728 -0.114221094041885 -0.326362798031447 -0.199652622504165 0.00317936159270912 0.00586729889635225 -0.161710085711619 -0.209838827921407 -0.159815452844598 -0.0986419097187097 -0.0197519352721243 0.0297017943611053 0.271476596436842 0.0307033785376124 0.0308718836500344 0.00623179508745339 0.188675619761824 0.219112187923318 0.1597237179197 0.362550567301854 0.369176665385238 0.344587080494062 0.175803752782989 0.140225207283263 0.0591516214785974 -0.0870690560025057 -0.0202738339314762 -0.0940516825978623 -0.0757303562292716
-3.4e+38 -3.4e+38 0.900240161549799 0.345012059386888 0.0677896760859826 -0.176567117640724 -0.509164887329714 -0.856247728438056 -0.862437766765923 -0.576023631176143 -0.524572511613193 -0.488028339253129 -0.35767865041922 0.494498132751333 0.655306398927178 1.47647101955911 0.553986694156599 0.252456566050256 0.129579085399331 0.365362918012378 0.0283503041625266 -0.174435060593651 -0.168205378841109 -0.262344236278308 -0.134226571090772 -0.283001624366638 -0.0221610836410132 -0.117072476941763 -0.141758331131811 -0.0779411776937915 0.113534847896762 0.0516911794944783 0.0405461934800118 0.13481541542992 0.0662251654279424 0.000524163861259613 0.0867134468261485 0.155439852382204 0.209767930595323 0.202995703393466 0.429969367241749 0.507214363840381 0.379370490006605 0.264895409395486 0.20298996472266 0.116409072373934 0.0115778650605119 -0.119986140773503 -0.0758999745791045 -0.160506511405635
-3.4e+38 -3.4e+38 -3.4e+38 0.254752786789011 0.191711963790226 -0.0383238641663243 -0.205301159967729 -0.520518855568167 -0.842099016532342 -0.693395540183943 -0.582386579755263 -0.451621827355468 0.15125367368808 0.604699580829219 -3.4e+38 -3.4e+38 -3.4e+38 -3.4e+38 0.379127782084101 -3.4e+38 -3.4e+38 0.0181139723462388 -0.175089627792175 -0.25495470395142 -0.31802435336644 -0.340442810752952 -0.105394454211312 -0.0324897400532993 0.0359803212254322 0.0451033214076906 0.108622902421965 0.108558755195535 0.0174490717243333 0.0549990695134124 0.0529053024393476 0.10853401591088 0.159565917842764 0.0479378021121188 0.196725135495585 0.108840066890049 0.228611595970927 0.27601874589943 0.325651539783639 0.255068533465672 0.206474500075477 0.120445285685372 0.100407482820715 -0.0705268524648101 -0.00747926676080801 -0.13996600761086
-3.4e+38 -3.4e+38 -3.4e+38 -3.4e+38 0.447091324940406 0.17829027596171 -0.133384130634545 -0.464608233268191 -0.63566049401 -0.618179084198782 -0.765928235731372 -0.103224546759437 0.412905219797585 0.375889217736675 -3.4e+38 -3.4e+38 -3.4e+38 -3.4e+38 -3.4e+38 -3.4e+38 -3.4e+38 0.256967612519598 0.0953260709733279 -0.00594350536333717 -0.242372037889922 -0.354639638385406 -0.18469426651419 -0.026139227126875 -0.00131577132646533 0.169886978443801 0.150276733533628 0.227044580371153 0.097217013859987 -0.0116832636851536 0.0174008957770443 0.0666701679318344 0.150775334781937 0.0999019727490857 0.0790035904778979 0.114846306967848 0.0962173417680077 0.122069243752141 0.187925551664445 0.162115401984267 0.21561130752013 0.223748356699771 0.166801599550418 0.0397930799179473 0.0819974022644695 0.0260982557630303
-3.4e+38 -3.4e+38 -3.4e+38 -3.4e+38 -3.4e+38 0.353714388464313 -0.000439216973422862 -0.346904096768088 -0.631450469517326 -0.546297666769107 -0.408112444688264 -0.0279673325172349 0.288893174539827 0.261168913412667 0.770931663641104 -3.4e+38 -3.4e+38 -3.4e+38 -3.4e+38 -3.4e+38 -3.4e+38 -3.4e+38 -3.4e+38 -3.4e+38 -0.116326326385825 -0.31951290250184 -0.232915973206718 0.00996542785109034 0.0676818506421683 0.128489955159889 0.185994028936069 0.10897978661993 0.175376247589676 0.253663151693441 0.139399496715666 0.149325878428209 0.176149473448262 0.178245314912863 0.192217383204818 0.101151046246294 0.136447854015883 0.0435062178280502 0.0506752811286473 0.175712110421574 0.260404445621217 0.28065576013344 0.279452300667388 0.0716572244813013 0.112166990394898 0.136687179206204
-3.4e+38 -3.4e+38 -3.4e+38 -3.4e+38 0.611889828513175 0.49676021751313 0.163098067976308 -0.190430267862956 -0.616583041682438 -0.542582421604268 -0.354953902784618 0.00560636251869422 0.003226270529828 0.254652097392313 0.303481971419296 -3.4e+38 -3.4e+38 -3.4e+38 -3.4e+38 -3.4e+38 -3.4e+38 -3.4e+38 -3.4e+38 -3.4e+38 -0.135832228325775 -0.326355431858681 -0.224992257248729 -0.049263922882175 0.127582408894781 0.280765127955742 0.291143030107621 0.164668944289359 0.204358364104903 0.199729539139509 0.175710125885894 0.129956303067033 0.133401868753956 0.214853871729267 0.248282248817803 0.183480976158021 0.126112933132365 0.143796123243192 0.149470646855543 0.249620534535084 0.255018012460637 0.287382805314311 0.229869192438341 0.0156400578636444 0.121937630750786 0.0954788670081216
-3.4e+38 -3.4e+38 -3.4e+38 -3.4e+38 -3.4e+38 -3.4e+38 0.473569889531252 0.0909152809229921 -0.476469705312734 -0.694218477441199 -0.634970628992182 -0.549021665328219 -0.0734566909158472 0.269176639685072 0.169303054437486 -3.4e+38 -3.4e+38 -3.4e+38 -3.4e+38 -3.4e+38 -3.4e+38 -3.4e+38 -3.4e+38 -3.4e+38 -0.064845706648526 -0.276732830768017 -0.15799830969386 0.0708625946718892 0.00923384552796289 0.154946285917884 0.259602572264149 0.273468441085753 0.341722814820923 0.243589125258746 0.162410533302638 0.197975141078751 0.191240454304474 0.288308405759198 0.283273714179528 0.165697032505387 0.180591554135917 0.152258117586788 0.265169350170328 0.239240579461939 0.214324699564945 0.178870637687555 0.204116357108814 0.21407899578611 0.0870171184929251 0.158031230415912
-3.4e+38 -3.4e+38 -3.4e+38 -3.4e+38 -3.4e+38 -3.4e+38 0.673538466836416 0.373997785814256 -0.246984076650031 -0.629676920123241 -0.8303043532005 -0.691070897120497 -0.129065410050375 -0.125017761873987 0.13102405142534 -0.168218543030347 -3.4e+38 -3.4e+38 -3.4e+38 -3.4e+38 -3.4e+38 -3.4e+38 -3.4e+38 -3.4e+38 0.0613941550572119 -0.238676161367352 -0.191378414278544 0.13891775118722 0.0545099927789825 0.122557817039995 0.304005967304477 0.393210298309931 0.280686309274608 0.266616865317819 0.239549492103642 0.256567702681296 0.30324258441816 0.336811276547513 0.230063471621337 0.221103160596239 0.154537892386735 0.288054714692957 0.292474256042958 0.252072628758149 0.188733380617462 0.150918402300796 0.389723606140867 0.243395242955272 0.218333085047506 0.140857125547243
-3.4e+38 -3.4e+38 -3.4e+38 -3.4e+38 -3.4e+38 -3.4e+38 0.911324525675486 0.61442669996983 0.0955797409825488 -0.511670226341196 -0.74342923931081 -0.822785973528906 -0.830674047525238 -0.245542284857562 -0.52018185460595 -0.373648615615236 -3.4e+38 -3.4e+38 -3.4e+38 -3.4e+38 -3.4e+38 -3.4e+38 -3.4e+38 -3.4e+38 -3.4e+38 -0.00699811241432753 -0.0832736323237121 -0.0555548659113383 0.244851337969955 0.197588970995062 0.329925298780703 0.470314786336366 0.336723086208398 0.294989540387151 0.309372029881055 0.267508501638479 0.382187115529762 0.308283867812499 0.294306316122429 0.24976980665787 0.215584543313011 0.353983910833221 0.3796871331678 0.250221420422373 0.159554107135559 0.202335567454454 0.462512901754737 0.269570515891738 0.157965260548772 0.145757477110307
-3.4e+38 -3.4e+38 -3.4e+38 -3.4e+38 -3.4e+38 -3.4e+38 -3.4e+38 -3.4e+38 0.334181334734806 -0.262410575390127 -0.548063539074592 -0.778141338632125 -0.888498037659443 -0.9525126608668 -0.656783454914311 -0.199013865316651 -3.4e+38 -3.4e+38 -3.4e+38 -3.4e+38 -3.4e+38 -3.4e+38 -3.4e+38 -3.4e+38 -3.4e+38 0.404631641693572 0.149676383377115 0.0772391804977478 0.195140915878285 0.276968041478568 0.412485591054178 0.379995334330069 0.343396231026859 0.341271011472434 0.378552624724522 0.350581159950871 0.313543504077278 0.364519875168363 0.309369078246786 0.256699631916014 0.251752685113635 0.436376403307971 0.239600317685021 0.218983018104737 0.251094768229594 0.194119130935054 0.377723966656707 0.25032183386253 0.0870505566100715 0.118037859501927
-3.4e+38 -3.4e+38 -3.4e+38 -3.4e+38 -3.4e+38 -3.4e+38 -3.4e+38 -3.4e+38 0.4959982359623 0.0162539654953269 -0.364101115441223 -0.618412824524289 -0.909344488948955 -1.02827732408024 -0.583995090286043 0.0197505695236587 -3.4e+38 -3.4e+38 -3.4e+38 -3.4e+38 -3.4e+38 -3.4e+38 -3.4e+38 -3.4e+38 -3.4e+38 -3.4e+38 0.366170825109762 0.126389409675345 0.191457160197042 0.153013150859799 0.286979632520217 0.210117016732326 0.221768817082918 0.253376406630689 0.264187242388445 0.320435929781469 0.400138895434765 0.376167120011487 0.367898416555294 0.306830486627837 0.35591295786748 0.53813695094577 0.306181316990173 0.292755200555911 0.326444688029043 0.181725291415238 0.324383568367994 0.310131050557741 -0.000608298811755045 0.0468176499748755
-3.4e+38 -3.4e+38 -3.4e+38 -3.4e+38 -3.4e+38 -3.4e+38 -3.4e+38 -3.4e+38 0.573564489551077 0.0422622171765418 -0.206129493034459 -0.511671444978696 -0.774887950138345 -0.894784333335476 -0.819155803270464 -0.317112972384058 0.291470516245387 -3.4e+38 -3.4e+38 -3.4e+38 -3.4e+38 -3.4e+38 -3.4e+38 -3.4e+38 -3.4e+38 -3.4e+38 0.469576061203207 0.131616758671778 0.125519381348495 0.161659064852917 0.220013398625048 0.182825981771465 0.150991349436272 0.27986660714271 0.253794322222244 0.239419426821402 0.394277857200785 0.35270788108514 0.354954828007942 0.409778149119233 0.366072996283684 0.568247825520169 0.307867222284976 0.318693749450194 0.443290611660873 0.242932146221841 0.331476198319239 0.275616566631762 0.114443344960793 -0.00864833939270774
-3.4e+38 -3.4e+38 -3.4e+38 -3.4e+38 -3.4e+38 -3.4e+38 -3.4e+38 -3.4e+38 0.883633116079037 0.362123534165178 -0.18130706880627 -0.24778816833395 -0.378347839634968 -0.517261664624087 -0.655287581459635 -0.557368759108921 0.330989320331813 0.366834636575589 0.500238738655922 -3.4e+38 -3.4e+38 -3.4e+38 -3.4e+38 -3.4e+38 -3.4e+38 -3.4e+38 -3.4e+38 0.276920154781735 0.151593435105919 0.258954091305562 0.27799286804133 0.269636410969312 0.242326511950894 0.393824620267213 0.324535907420886 0.329497932934541 0.412470828183225 0.460277630531056 0.410803062297187 0.452848859258945 0.352990196846376 0.428508949140479 0.435683139558574 0.252476968555627 0.337078507148054 0.400645537180142 0.24749889085878 0.367086528247424 0.175000509638749 0.0637466673702887
-3.4e+38 -3.4e+38 -3.4e+38 -3.4e+38 -3.4e+38 -3.4e+38 -3.4e+38 -3.4e+38 -3.4e+38 0.66073751749075 0.207722878814936 0.114949040741706 -0.0876772616677332 -0.266615721563469 -0.457878544652105 -0.859178807301054 -0.552371335652988 -0.122736689860015 0.0657906733636564 0.262709141233858 -3.4e+38 0.298420891524934 0.0774950614887737 -3.4e+38 -3.4e+38 -3.4e+38 -3.4e+38 0.634881440534252 0.468794132304989 0.293079325713187 0.298450888673305 0.325126775560674 0.29761673892719 0.418583604478071 0.456779624392639 0.405267776126779 0.423372163885985 0.459064361249431 0.521848966079606 0.526622489692898 0.437529244856847 0.409641739372211 0.429647238461156 0.301898652158978 0.34254961758721 0.361426612140468 0.244720263874779 0.334478735373935 0.242023868448347 0.175005669122813
-3.4e+38 -3.4e+38 -3.4e+38 -3.4e+38 -3.4e+38 -3.4e+38 -3.4e+38 -3.4e+38 -3.4e+38 -3.4e+38 -3.4e+38 0.576180827789405 0.294760159233023 0.206836065296938 -0.145682316154256 -0.645566351530876 -0.789219670972437 -0.451933344670008 -0.604223471841273 -0.199977716206235 -0.104831234205777 -0.0402330250382205 -0.314470306959925 -3.4e+38 -3.4e+38 -3.4e+38 -3.4e+38 -3.4e+38 0.568821901999015 0.424309011139373 0.410497845788249 0.408812288128802 0.419137363616153 0.407392153942184 0.490221948844783 0.551662102978677 0.507262582153447 0.518651856466783 0.58607158741623 0.568372875777036 0.532992985596877 0.419845587145282 0.343488549901872 0.352422794931578 0.397601128932623 0.400650498585044 0.2422873198556 0.420549264384188 0.399916941001782 0.368085584688133
-3.4e+38 -3.4e+38 -3.4e+38 -3.4e+38 -3.4e+38 -3.4e+38 -3.4e+38 -3.4e+38 -3.4e+38 -3.4e+38 -3.4e+38 -3.4e+38 -3.4e+38 0.504392430210604 0.279339886969885 -0.252909819755127 -0.514372157844535 -0.621884756279983 -0.843763453956721 -0.521328640566604 -0.323138421574387 0.116137556184507 -0.00240892083172266 -0.0516991636513765 -3.4e+38 -3.4e+38 -3.4e+38 -3.4e+38 0.850476985699346 0.849471803391807 0.61726557422002 0.48820336231527 0.310020500560921 0.412543921957344 0.522501437332868 0.551657859741629 0.561270769144124 0.669174858842257 0.632287369499726 0.60864963572448 0.471248591328482 0.378053867377184 0.302492087825179 0.236197695846898 0.472525533337085 0.377240216938294 0.314590023160674 0.382341973612599 0.276399754785571 0.316414380653258
-3.4e+38 -3.4e+38 -3.4e+38 -3.4e+38 -3.4e+38 -3.4e+38 -3.4e+38 -3.4e+38 -3.4e+38 -3.4e+38 -3.4e+38 -3.4e+38 -3.4e+38 -3.4e+38 0.501200554351018 0.312225501424831 -0.0313479390271684 -0.474707043016711 -0.629968659199388 -0.585341523660799 -0.372966646910352 -0.124603687787796 1.19085499233448 0.229548440526675 0.815791908986001 -3.4e+38 -3.4e+38 1.10568639424694 0.674659481023121 0.775969555781277 0.772023472989274 0.422460580624132 0.300000752514675 0.392265578312771 0.537016121399035 0.539143036497243 0.591963303847495 0.76441765325844 0.66506288723006 0.581052286323598 0.41135799194333 0.334620835945732 0.295327167140102 0.22363156858113 0.423529764485849 0.387562170133226 0.395359345865966 0.405691269388145 0.233731411086912 0.139082945884871
-3.4e+38 -3.4e+38 -3.4e+38 -3.4e+38 -3.4e+38 -3.4e+38 -3.4e+38 -3.4e+38 -3.4e+38 -3.4e+38 -3.4e+38 -3.4e+38 -3.4e+38 -3.4e+38 -3.4e+38 0.604395190387202 0.305668877103954 -0.153745672360524 -0.226311141789338 -0.39385527452037 -0.546667837798548 -0.389441831951531 0.0327295767362909 1.14841637423334 1.24723950962603 -3.4e+38 -3.4e+38 1.06357277669063 0.817777091425333 0.869108645732874 0.989728363292337 0.585966073386614 0.402926076934662 0.476461067282139 0.512137814540815 0.51635655486663 0.745531058163748 0.804889512436078 0.691434701936477 0.59310108161671 0.4552841364477 0.408633324004655 0.314059372432217 0.276580014666157 0.320522807630557 0.318069922794701 0.303507464250085 0.307051594122157 0.254444667781438 0.0989315687163973
