data/pcas/pca_referenceLayers/PC07.asc
NCOLS 494 
NROWS 529 
XLLCORNER -117.166666666667 
YLLCORNER -55.5 
CELLSIZE 0.166666666666667 
NODATA_value -3.4e+38 
[rows 138 to 160 of 529, columns 300 to 349 of 494]
0.158734112245431 0.0350604605094595 0.0192374803765216 0.0927032975884371 0.064921345678055 0.0560721800766592 0.0689984619568803 0.0681064966653969 0.0139609755258154 0.0273871464595638 0.00631392069635517 -0.0230268571089189 -0.0806850321280789 -0.128126557419443 -0.175910552273979 -0.173375972898559 -0.185368078012013 -0.23914825743822 -0.195632129710527 -0.190756403652494 -0.151393036292557 -0.113930761340099 -0.0490119651614768 -0.0295471529394776 -0.0497933586786816 -0.20351457490019 -0.319872054458143 -0.319060479286504 -0.288598245918063 -0.274020197654722 -0.248340260238078 -0.235909831256247 -0.191280649437626 -0.162119187134053 -0.124904033471756 -0.0403440996464041 -0.00482868724947352 0.0730177556924737 -3.4e+38 -3.4e+38 -3.4e+38 -3.4e+38 -3.4e+38 -3.4e+38 -3.4e+38 -3.4e+38 -3.4e+38 -3.4e+38 -3.4e+38 -3.4e+38
0.212164084788989 0.254514471288706 0.11929907382017 0.137700381647036 0.0889039354388531 0.120418108986174 0.168321104479576 0.177266285276981 0.363150235605688 0.310638198235017 0.226370320640649 0.198299248608141 -0.0504401558160733 -0.113372646905961 -0.166336207705528 -0.147232908288259 -0.121978554146916 -0.115605031899792 -0.126798275295649 -0.0970898382569107 -0.061100377213849 -0.0407311431442391 -0.0433551241678793 -0.0566667895906093 -0.0784613917038737 -0.123944407560803 -0.262003445372537 -0.298741629942456 -0.277776366759338 -0.280369323077897 -0.280148183184513 -0.249756928325538 -0.199435263804855 -0.161881740207836 -0.141970907713041 -0.0978721931683751 -0.0270662834190199 0.0143620599222629 0.0698151713460619 -3.4e+38 -3.4e+38 -3.4e+38 -3.4e+38 -3.4e+38 -3.4e+38 -3.4e+38 -3.4e+38 -3.4e+38 -3.4e+38 -3.4e+38
0.255848002973845 0.299705304781964 0.155023887187217 0.134053479568266 0.137102090448697 0.210609810245566 0.407024550413402 0.448238551631986 0.350549046049496 0.346723349729991 0.305571579289056 0.246420035387024 -0.00758666058415271 -0.0992396568237199 -0.13931754759383 -0.131202736907791 -0.102835694897462 -0.0789547282746113 0.00864323046059313 0.0362988400534531 0.0106580115337693 0.0469309132357341 0.0250090479702625 -0.0122732433549701 -0.0811347594615746 -0.126838083372412 -0.123063842742784 -0.198365756589028 -0.202044571754359 -0.221882194875402 -0.258147738567386 -0.246827039138221 -0.182318648708497 -0.17417853721189 -0.14048111415797 -0.108441073437236 -0.0590636683963816 0.0112145838227992 0.0552408794054847 -3.4e+38 -3.4e+38 -3.4e+38 -3.4e+38 -3.4e+38 -3.4e+38 -3.4e+38 -3.4e+38 -3.4e+38 -3.4e+38 -3.4e+38
0.317876107013311 0.343343987795048 0.387922363492024 0.16195623695966 0.18846995291909 0.221870865418215 0.349174951427901 0.387986065404462 0.348763163378113 0.374863642752005 0.325983766764428 0.266479974391622 0.0200814978031835 -0.0298494540582164 -0.10582049360357 -0.0966070234763909 -0.140642241192741 -0.0743581036079625 -0.0085076276566014 0.0331428152967992 0.0246605276607744 0.0193531457462095 0.0230338330775173 0.00702223667509427 -0.00582782725457451 -0.0222220148944302 -0.0308686455248575 -0.0177989519538865 -0.13443331251952 -0.156030867390455 -0.203488130881143 -0.195294139268857 -0.16114283828925 -0.166307344840463 -0.166531949403599 -0.128448190891533 -0.0617115925617969 0.0162331445103 0.0613485587021046 -3.4e+38 -3.4e+38 -3.4e+38 -3.4e+38 -3.4e+38 -3.4e+38 -3.4e+38 -3.4e+38 -3.4e+38 -3.4e+38 -3.4e+38
0.338109974834525 0.391042389526419 0.384930888688243 0.187441876511519 0.218472181317107 0.214790903082001 0.471160601180449 0.447040576159423 0.423266319464841 0.166659390190894 0.113801171744979 0.0795690023181026 0.00966562797146611 -0.00430481383929796 -0.0178123493784557 -0.0677177176390949 -0.0918315520082893 -0.0621564606491997 -0.0148559314375207 0.0221563429292776 0.0155803870340352 0.0424862042606339 0.0625456295828149 0.0499030121651995 0.0397371950370468 0.0692880956641191 0.0256414701474595 -0.0284841902385879 -0.103778378444321 -0.157512508165864 -0.162390592422982 -0.165284422969397 -0.150296821443503 -0.102186239134023 -0.103183620744499 -0.107681704279147 -0.0597874157654286 -0.0143404656176708 0.0715163661584571 0.0665424798383928 -3.4e+38 -3.4e+38 -3.4e+38 -3.4e+38 -3.4e+38 -3.4e+38 -3.4e+38 -3.4e+38 -3.4e+38 -3.4e+38
0.350900835904175 0.311685372836876 0.34728929012511 0.418043961210061 0.181841144445417 0.406932977687017 0.441097297241481 0.395614356159037 0.194397510045085 0.146617979336061 0.105568248095099 0.0820316597838876 0.0550117334641328 -0.00311609639277953 -0.0128278905267071 0.0133818786247137 -0.0468541632525131 0.0135413137293198 0.0140053990886283 0.0345084772064812 0.0339140116920827 0.042670824968135 0.0433344800910977 0.0630256982837307 -0.00133570467196156 0.0399102200924356 0.0294559924719353 -0.0493858297603481 -0.06221732156249 -0.0783712715852367 -0.0966629674985517 -0.118470298087138 -0.103691167667778 -0.0925167395597452 -0.0908425385995168 -0.0419589871311629 -0.0222304900818678 0.0138138916299018 0.0605390936091872 0.143716977208512 -3.4e+38 -3.4e+38 -3.4e+38 -3.4e+38 -3.4e+38 -3.4e+38 -3.4e+38 -3.4e+38 -3.4e+38 -3.4e+38
0.406703929785829 0.369608007921886 0.357032340335679 0.369818253804184 0.382753195335517 0.181151784721284 0.432221787925275 0.410669976189194 0.407196802616547 0.134681100369028 0.113041217867496 0.0935200368967147 0.0411241721322493 0.0208162889728633 0.0273671871044958 0.0403272151085615 0.0158848147355087 0.0399578050458515 0.0510252740241518 0.0733980782603113 0.0221005798972852 0.0228257973170818 0.0620790017299726 0.0344837828181311 0.0175692369088206 -0.0158428291756172 -0.0399495843737059 -0.0715853894707626 -0.137909961840845 -0.17398150829797 -0.114764612286853 -0.108123963882499 -0.104834602593345 -0.0833988307546703 -0.0432458160487643 -0.00106927346578986 -0.0217646120969957 0.00732650301733254 -0.00259307260017221 0.0368385056228077 -0.0178088900851011 -0.0388883978575866 -0.0148439862927776 0.186693993207666 -3.4e+38 -3.4e+38 -3.4e+38 -3.4e+38 -3.4e+38 -3.4e+38
0.427418206945015 0.432323640981526 0.393628224816225 0.322490758614972 0.343761613073283 0.4009801478649 0.382804052995064 0.351606186320074 0.340614271823249 0.308217537678177 0.322644978876097 0.0588966815161262 0.0552670241899649 0.0508108951463874 0.0439960940969495 0.0351961618147612 0.0716121460056935 0.0537434966358132 0.0511803754884666 0.0703602267427255 0.0663054079879768 0.0176243578810842 -0.0125827284906163 -0.00764411585821304 0.0181955373709003 -0.0647349897199368 -0.155248978417768 -0.193794368079356 -0.153913047415722 -0.184983164574599 -0.200918566665487 -0.198360591779814 -0.123822258745223 -0.104153101257942 -0.0522513402399778 -0.0296298078397445 -0.0177416502233462 -0.00340162199305982 -0.0118644392166452 0.00213121462314486 -0.0251671564721146 -0.0511822740636822 -0.094446697801929 -0.0271454880456606 -0.0011058045731728 0.175760951831251 -3.4e+38 -3.4e+38 -3.4e+38 -3.4e+38
0.447442510745524 0.440535319397349 0.4303634707891 0.438865963506207 0.36234175531606 0.360160612529457 0.323540730540967 0.317256115591941 0.273683142282671 0.298348011022643 0.299472333127154 0.288602305604651 0.242386858198912 0.0201501975639045 0.0696388017017184 0.0809196853782821 0.0875600286584115 0.0726228082773051 -0.0017659836787899 0.0294975937402646 0.0534551788786898 -0.00879187098673261 0.00576489796744918 -0.00628982374358746 -0.0882162402750953 -0.0998809215064685 -0.137286918153479 -0.176811097089029 -0.178817544399231 -0.274042730587677 -0.251699809488028 -0.221151636408985 -0.185537549150085 -0.19200767320867 -0.105753724015395 -0.0131941968634266 -0.0638490655615922 -0.0605435951131171 -0.0731339666279941 -0.0325448716453352 -0.0788899006540042 -0.013400564961567 -0.0379240778679442 -0.0252250886212904 -0.0683610877967206 -0.0301105261660805 0.115556158567771 -3.4e+38 -3.4e+38 -3.4e+38
0.473913131070392 0.433621114223847 0.43047255583139 0.406808012963722 0.3163158615942 0.351629242529381 0.269222629887068 0.245915119811228 0.283959460817118 0.259505873650649 0.249429040001912 0.233501190279268 0.18259319467446 0.199438474412343 0.230847022295773 0.033200505248369 0.0326953136991789 0.0982551947766924 -0.00509998520961961 0.0465601254461956 0.0264419115501907 0.0232680488445913 -0.0301136669427704 -0.0455915311456586 -0.0461593552506309 -0.0691041083681693 -0.0939791589100231 -0.132536407598768 -0.172907856563582 -0.199668892110905 -0.163209733545709 -0.21634744617563 -0.153108239271168 -0.178043259371102 -0.0569619627010063 -0.0519164433115011 -0.106081532873665 -0.0868678316490599 -0.112029473469579 -0.0871524915218692 -0.0400362552854081 -0.0293503472264316 0.0149167816106572 -0.00866766982927734 -0.0294579675260774 0.021724243979958 -0.00830113906322789 0.0985696342197386 0.224019277038425 -3.4e+38
0.482808036651584 0.454762870366639 0.441975248208051 0.438261943908237 0.331595878478777 0.342705447945471 0.239670063218558 0.224119716855558 0.243127631225905 0.255576085026084 0.209821992272185 0.187993402047576 0.159525200280282 0.152666922067169 0.199617401588896 0.333760437662944 0.0872555917804499 0.0360067899605614 0.0338785494560319 0.0472335208145885 -0.0187670115404804 0.0147842280518182 -0.0155770300313782 -0.034413458668824 -0.0788579929809164 -0.06546147569114 -0.113186410792525 -0.147381427930567 -0.185744173102615 -0.188622766144622 -0.200686564486338 -0.192946400884691 -0.22218270748347 -0.122725873076001 -0.128832368352108 -0.141504077259665 -0.0227399580463561 -0.032155553736826 -0.0305251624359245 -0.037057518560977 -0.0632085448807347 -0.0722542118926814 -0.0276984877487201 0.00789214767960718 0.0317829194807259 0.00363119227325369 0.0655552893448326 0.119823368181201 0.170500567035682 0.267567674304396
0.447882719353296 0.429941019754309 0.410873833438901 0.397419854543713 0.381321806907871 0.352056427687104 0.345096545216769 0.342604101627391 0.312282666865254 0.179497086011094 0.169412356069033 0.142369589613394 0.193151058283383 0.215937382665123 0.245562370111477 0.311014024078537 0.281503257894501 0.260746716349571 -0.0352331585453044 -0.0141913307758042 0.020184650783082 -0.0452572460365271 -0.077295450277322 -0.0799123822582663 -0.0949646325371745 -0.249646863503367 -0.26620567756634 -0.221843502141613 -0.145405586543492 -0.173627088286765 -0.214929764359542 -0.194274390112433 -0.259754562959336 -0.215882189565467 -0.282883218475053 -0.195867648280553 -0.0792063399622777 -0.00900735118161753 0.0163644715726146 0.00117156339514216 0.0105449560101988 -0.0262982591173198 -0.0281973541347848 0.0135836772007553 0.0346103504109472 0.0589895538527868 0.0774768599248764 0.10226332501363 0.134802887265656 0.167932518421752
0.435326920722743 0.415542403864099 0.360860434993088 0.3270779455071 0.334666879905551 0.341737868189619 0.281302599626771 0.229680892306096 0.126182166418723 0.123402347884028 0.11795294516168 0.101727027354514 0.147172346647226 0.260693471354268 0.243958719189315 0.266787610370343 0.270265612650567 -0.0289882562781009 -0.0231971184013393 -0.0496669774836865 -0.0170749148698952 -0.0533528059244376 -0.0874111783717897 -0.114992061759109 -0.169563264524068 -0.292527645674562 -0.32018867801648 -0.209498481133391 -0.166404456666461 -0.219704913344462 -0.224615033986579 -0.248872242655557 -0.2800796162721 -0.282241302272173 -0.209923083134741 -0.14873700390912 -0.0616809349808815 -0.0445357628924057 -0.0391749405871646 -0.00385012811911626 0.0187242895610527 0.0256870440599091 0.025511049456282 0.0279389374605541 0.0664824007287926 0.184271392173355 0.149130339251333 0.0851704750390117 0.130815751421059 0.183201042262817
0.368763654482358 0.371987000601226 0.386234969283965 0.307105132351481 0.314128625822654 0.25269443955803 0.236777300894795 0.224523815558076 0.188813908126892 0.106263734383114 0.122463387696433 0.105515507613388 0.0534487826550279 0.160373316015085 0.212483088180278 0.20070380754087 0.205746136426808 -0.061155885411822 -0.0514482475673616 -0.066400812766804 -0.0739542690084861 -0.11761974484046 -0.15082029014738 -0.168847856613836 -0.12493425815976 -0.243080811403315 -0.261200808214811 -0.136595700972246 -0.194368802133179 -0.204183589675168 -0.260822209073855 -0.232294396250631 -0.275313683745105 -0.31160800217371 -0.211914257377701 -0.120766128709348 -0.0320369397718864 -0.0297493126175126 -0.0561633792717301 -0.0339532761361149 0.0311676888976082 0.0192627073856948 0.0445748526277025 0.101403081573164 0.068458175591325 0.0942626242233121 0.198743611228279 0.191825896045846 0.111433402140405 0.170194057315792
0.364212392434719 0.28764111126193 0.297735314049993 0.27224714496641 0.260122644062905 0.219692576462597 0.2031994153923 0.139328712877417 0.157267697758557 0.132313837807879 0.0430634316934798 0.117684231951896 0.136712073897478 0.180189902720273 -0.169046437987049 -0.14539088352938 -0.13894748672105 -0.121235103543707 -0.114008404969904 -0.098231462789518 -0.126699982021277 -0.199785884658667 -0.21341307257477 -0.20853738161485 -0.177580303301823 -0.218155572274856 -0.212430898780222 -0.135234677383394 -0.203190159616916 -0.200218966146687 -0.242592817842528 -0.23500736582839 -0.262983199743859 -0.302551714731486 -0.298834561439751 -0.222781265651294 -0.124238899739152 -0.0934860529282513 -0.0259489038085962 -0.155457124380883 -0.00393035202186283 0.0876850010596128 0.0652836488912251 0.0654087408069338 0.104004393809647 0.0973921293956044 0.218732140341143 0.222074715472309 0.134955492273803 0.161301622555681
0.257760383376185 0.226771780617625 0.166738995687075 0.175390072736531 0.140715954696107 0.10875805984509 0.0784034467901856 0.0607191232066128 0.0996315996720424 0.0330076513871878 0.0284439026811676 0.0526783215572395 0.111352732653273 0.130628135454243 -0.264353991062243 -0.231227309590983 -0.234872853941349 -0.225022676261056 -0.236150183038671 -0.220848666997992 -0.236120082033816 -0.245482846163433 -0.247564506933466 -0.235172911593554 -0.33043421574874 -0.32822825942773 -0.225682931262162 -0.212418021482597 -0.241574037158482 -0.21200214939452 -0.272094936457953 -0.308221913662324 -0.264487452269586 -0.289582029235497 -0.313932209021021 -0.268648988107442 -0.252512376660579 -0.120527675294475 -0.101450977332474 -0.0929290727150722 -0.0529820426451607 0.0136119184618892 0.060276501512295 0.121246390961944 0.0927704090571279 0.130026399852038 0.156984484368109 0.126152324272356 0.130524123563298 0.201662807718165
0.213005491896615 0.154510466946616 0.0844197741673137 0.072147256038815 0.0563591498854391 0.0591836894941969 -0.00345707962662578 0.0883415347302273 0.0233787635005169 0.0247664571963315 -0.013083012376029 0.0190272303616215 0.0338538817118844 0.0688766147992774 -0.318219808554658 -0.309474699166357 -0.311594352020132 -0.273612034965688 -0.293512835901359 -0.270514692257859 -0.27820270565267 -0.289716833927254 -0.281706474826975 -0.237067281865998 -0.23619908432511 -0.269698437803123 -0.309180724369324 -0.317873367923773 -0.305626815599088 -0.287903608230069 -0.309534036868679 -0.346417764879614 -0.344943838741874 -0.290561044788021 -0.316445176951012 -0.287324297621215 -0.217577972791332 -0.106138830178017 -0.209585298971813 -0.12503991859722 -0.0963513206941668 -0.0916372739880584 0.00082337753000368 0.0551722115523756 0.0799116237661203 0.110591935998771 0.138897918301133 0.131254241174539 0.173403039475339 0.124322202930444
0.150087231849611 0.0750719016476506 0.00731512553335967 0.00953058337948093 -0.00303301483530427 -0.0623845391346275 -0.0299681382513679 0.0147245864293589 -0.024319266657273 -0.033445612181968 -0.10383576049234 -0.0562519042956539 -0.0266133287281154 -0.413439690977442 -0.386378800317023 -0.39895661485502 -0.3860998949387 -0.352730671025575 -0.360734608462892 -0.344475844822637 -0.371598845222984 -0.376259074144247 0.00123980741727453 -0.0144390878968141 -0.295816620722108 -0.305807594864342 -0.343725327219414 -0.35233898796997 -0.313456030498462 -0.349508616913046 -0.360566863055707 -0.363427270968303 -0.376090035979299 -0.322082876705138 -0.305339177638446 -0.340508952283417 -0.276046796846571 -0.237646747154968 -0.201268697510676 -0.205495308656371 -0.17087663226236 -0.0725802760073781 -0.0223322551921366 -0.0232391600184371 0.038836871308438 0.0118360022060846 0.134200093404008 0.241809086097562 0.23017186675714 0.153705545859756
0.0966763097620879 -0.00324259864206405 -0.0283781727251347 -0.029833491905013 -0.0327284977857815 -0.0578352795705802 -0.0586346257209181 -0.0271194199113394 -0.0931845829334447 -0.116643889957521 -0.54537633274662 -0.457047620635786 -0.481518650554584 -0.484520821645971 -0.442612516247974 -0.451108343351826 -0.493284051568835 -0.432594387981229 -0.407615255884574 -0.414352712999729 -0.421936973084182 -0.444636530844603 -0.0139530832519267 -0.446657362690459 -0.42515148868469 -0.370909358309081 -0.438063951643644 -0.437570952060207 -0.344202734855721 -0.345773658931334 -0.41657175270861 -0.48113697803719 -0.489129681577313 -0.443249825721776 -0.352688872851719 -0.286594355806732 -0.250341321828382 -0.255502931817612 -0.249567371425533 -0.150549469341248 -0.0854501577340038 -0.124436034670071 -0.156400504294956 -0.124588147226504 0.0266031431103033 0.0892737249228948 0.0840726341656085 0.0760316711439026 0.180444208560056 0.159496655499665
0.044504197746576 -0.00808181291777688 -0.058156564176253 -0.0880950197191325 -0.0931042579747891 -0.0905444812977443 -0.130157837598764 -0.0842495166333614 -0.112838200316377 -0.136059374465096 -0.190941055919857 -0.508628637396333 -0.497192692427352 -0.533651197462273 -0.503695553341403 -0.477569029657129 -0.557351703202855 -0.523294361007066 -0.433941872869121 -0.464455443922017 -0.552347607312779 -0.528407052208365 -0.487557240309704 -0.484068521260811 -0.465194815077976 -0.476421634527195 -0.431869651923841 -0.444608610414043 -0.478668003508869 -0.481820805157846 -0.490796440237425 -0.550333281998034 -0.491458758660827 -0.398420565696867 -0.299659644845321 -0.233647604980925 -0.32036044592495 -0.392575356547179 -0.2872094142155 -0.128417316681823 -0.0511906677272882 -0.0611880086905959 -0.131730848919939 0.0304732480826502 -0.0411724833235377 -0.0810268385603818 -0.048885242875974 0.0797245863598252 0.121074646941825 0.154682863560221
-0.0118581629320648 -0.0740465340614584 -0.0717614435017459 -0.118098042577331 -0.132484700272095 -0.117698242884922 -0.175292554289817 -0.16150401098513 -0.187578956901478 -0.179861381442168 -0.188410714200742 -0.581243356633039 -0.534283128835478 -0.583425682260694 -0.587277360696726 -0.521976189053045 -0.550892148580393 -0.594907587134071 -0.52887185698828 -0.511019216738972 -0.593117769681353 -0.58073268255218 -0.503955341460138 -0.133160953368915 -0.24667713814682 -0.180407768667411 -0.484723879387554 -0.517274173973703 -0.507112974953264 -0.488722450267131 -0.501937671779462 -0.517770287246765 -0.413929549456609 -0.260468635610933 -0.266665597651462 -0.382285244663237 -0.304723786685677 -0.270206559750225 -0.22896550117701 -0.155848913927899 -0.198007595405274 -0.00487446380223187 -0.0902445047971366 -0.0259128697753957 -0.0724086722945638 0.011574947946154 0.00463578185512173 0.0194868104545815 0.102632716787045 0.19410333356058
-0.0504043202589651 -0.101667513797822 -0.155601208553175 -0.143736623149652 -0.146089303845856 -0.151560690250449 -0.185147878750802 -0.209096159592272 -0.242316026543159 -0.216372908608935 -0.636864077171557 -0.608823495877741 -0.61185229091945 -0.643505511414603 -0.6126983633851 -0.594762759155982 -0.597476804661548 -0.659666130787098 -0.581650273124201 -0.560592365931008 -0.574838500406285 -0.618280382806185 -0.5475382092472 -0.643573549596491 -0.222228183432556 -0.18598477525688 -0.516354890233511 -0.540759079551097 -0.558173140408503 -0.522303323750759 -0.468849485353096 -0.442010886630324 -0.453590304022466 -0.342964135720664 -0.382995425072278 -0.372131200783062 -0.319909065625826 -0.322542842341285 -0.274779553488127 -0.264730572144148 -0.11637741127583 -0.0646697126721948 0.0560185585907217 0.0393799026206069 0.119374951284342 0.0935267908369478 0.0309500437006441 0.0435448165597905 0.112446634710075 0.235621605910785
-0.0596511634803394 -0.12409084307228 -0.164477316857741 -0.191762640017389 -0.232153902262581 -0.233239097746407 -0.22098225393392 -0.288478698298979 -0.291288828157766 -0.238600758420093 -0.674209037890395 -0.6789466372342 -0.591650292839618 -0.633509049392088 -0.677277929010764 -0.684021471175467 -0.679359810171508 -0.669912596220002 -0.704109116373303 -0.619097738246908 -0.480616365666656 -0.53776697214903 -0.608377698372943 -0.25236868301585 -0.259114127961699 -0.199713037296662 -0.59587443200183 -0.573351314578371 -0.508823607809759 -0.455159225197637 -0.461652480284993 -0.53106770369566 -0.413767022836829 -0.372309995224217 -0.372208310122726 -0.455103556314293 -0.439127165641892 -0.457456753485516 -0.235959673904588 -0.0707973583607799 -0.0846139588345657 -0.121227214835963 -0.0196579768080693 0.0686590693670598 0.134869602006576 0.143485371097925 0.0287625197578935 0.0898023230401939 0.211586201520237 0.136982671588451
