data/pcas/pca_referenceLayers/PC11.asc
NCOLS 494 
NROWS 529 
XLLCORNER -117.166666666667 
YLLCORNER -55.5 
CELLSIZE 0.166666666666667 
NODATA_value -3.4e+38 
[rows 132 to 153 of 529, columns 250 to 299 of 494]
-0.0703379597696269 -0.0759198024263591 -0.0670109215195435 -0.0174510596714289 -0.0211793515857151 -0.013519250008758 -0.0304734100059172 -0.0340237130901983 -0.037559953812037 -0.0352020509874954 0.0215537142624765 0.0340199359868292 0.00629519886592698 -0.0346547372193869 -0.0543001775029534 -0.0106995468849693 0.0228402534520094 0.00951145660737933 -0.0138024743582878 -0.0320065355957398 -0.0277413792094124 -0.0172141583139466 -0.0289223519162953 0.0256040071767071 -0.0408341452100545 -0.0373724330271462 -0.0231171919401127 -0.0236340782308316 -0.0156796029941558 -0.0138551052531051 0.00394609870851637 0.00288269539002527 0.00251959540477202 -0.0299138791124492 -0.0248199281206353 0.00905230534185556 -0.00730836592016833 -0.0331591450561287 -0.0295802103607312 -0.0134746002429517 0.0381577613560468 -0.0078016963141179 -0.00256280819121562 -0.0139010998267066 -3.4e+38 -3.4e+38 -3.4e+38 0.0212471046910108 0.0331766177794678 0.0440160492457149
-0.0401347890106191 0.00355879143809595 -0.0367418561414318 -0.0211931753421462 -0.019538280554587 -0.0108525104342128 0.0338180548443261 0.0295237781284732 0.035914961365565 -0.0194079777067925 -0.0261775224644897 0.0134759878785514 -0.0288191430387301 -0.0793096018551512 0.0102676691747346 0.0384352873349548 0.0430233940626246 0.0248477273382628 -0.00526124970716172 -0.0382470037219955 -0.0123345692498368 0.0431252403875067 -0.00762527054101598 -0.0285317636345141 -0.0183280779918631 -0.0285096994400859 -0.0155890642212313 -0.0216742950655123 0.0121565337542905 -0.00461632469269371 -0.0013100079910073 0.00852839139465059 -0.0194136255030173 -0.0186876188791593 -0.0158638869610336 0.0041937888146377 -0.00769897908140372 0.00848198344968737 -5.11211193789142e-05 0.0162287320577922 0.0107742761010203 0.027830783385549 0.00127483743918062 0.0129074976831768 0.0179834964931374 0.0303487540330711 0.0357339887439098 0.0560272042833613 0.0624392801785445 0.0670701034753049
-0.013394041645337 -0.0118329562456969 -0.0115956188018487 -0.015439845894499 0.0403265319430819 0.0391789047555432 0.0343995329700238 -0.0100310617749284 0.0259386062045476 0.0393932975455617 -0.0123730198592945 -0.0292025922283278 -0.0261442644994766 -0.0474577473376452 0.0121936666198374 0.0443334122669715 0.0323118151786418 0.0248553234122113 -0.0183785120122275 -0.0153341709989445 -0.00661114252099865 -0.0195378654532944 -0.0240346334657345 -3.4e+38 -0.0126329683809853 -0.00816791880999829 -0.0186740118734815 -0.02633964248408 0.0249990795964203 0.0139193484771328 -0.019271073007495 -0.0202415139024699 -0.00538682226832506 -0.0245069324978432 -0.00729018053538256 -0.0157863594341058 -0.00339479105161217 0.0163131625452584 0.0205368004731383 -0.00724024500302635 0.0186021544509164 -0.00848917934160087 0.00456787599314389 0.00673665679772249 0.00806675551933679 0.0276801109745484 0.0428171284849153 0.0517045485692042 0.0158940966749409 0.0183332142568307
-0.0120043640069338 -0.0069516349000483 0.00258775443837005 0.0490326811070504 0.0442335829501759 0.0404787823764444 0.0349767005453775 0.0258461003104277 0.0191846142420422 -0.0283484994062954 -0.0378488614300188 -0.0431161990662774 -0.0374639247372909 -0.0349198336118001 0.0215240900170893 0.0479723175271361 0.0462572711694214 -0.00718022788724061 -0.00851693420825392 0.0018679591266364 0.0180111565715389 -0.0119207039836954 -3.4e+38 -3.4e+38 -3.4e+38 -0.0112991072691146 -0.0421283602944234 -0.0122575281193988 -0.000874677933736913 0.00290141315211905 -0.0111090008640171 -0.0274432499247209 -0.00128295531868593 -0.0232609454000465 -0.00501224143210992 -0.013944180276526 -0.00864231249747155 -0.013240158950301 0.0234285968971079 0.0055486058967154 0.0350907069614489 -0.000707457588546751 0.0235646810836629 0.0210331689529551 0.00038103687545574 -0.0464990997305447 -0.00336513725989192 0.0236614485382628 0.0437015796509946 -0.0014439499468428
-0.0056891087321304 -0.00113784543223999 -0.000855863233206714 -0.0129605082243252 0.0395918856786927 0.0325789897561868 0.0300979066020683 0.0256546033005829 0.0130894038276462 -0.0447205385574687 -0.0510185755451342 -0.0526083333214298 -0.0604862381578991 -0.0288880312295226 -0.00236849411511673 0.0662495737981816 0.0410402414437754 0.0160811490515348 0.00243001135590268 0.0133533979309809 0.0237543668063498 -3.4e+38 -3.4e+38 -3.4e+38 -3.4e+38 -0.033363038737348 -0.0377697640352122 -0.0444182370366742 0.00907578515151363 0.00404056980258068 -0.0190840044813985 -0.0192607123126203 0.0105950276179498 0.00833079507110624 -0.0272384300195765 -0.0163975367403521 0.00955437174234024 -0.00206067426052317 -0.00105612862058494 0.00657601716126673 0.0123644185024837 0.0218463936214674 0.00476445993507292 -0.00461583909335536 -0.00290396634477788 -0.000906060161173634 0.0123314218451898 0.0296675441958203 0.0260886101996812 0.0250343497712882
-0.0105944290311734 -0.00573934009713011 0.0547485166476849 0.0440577995417637 -0.0337596863380479 0.0270484000100418 0.0229721721263524 0.0184595269697446 0.0121160027166425 -0.0447119150284142 -0.0198812429404655 -0.0446958866374508 -0.0524508407095014 -0.0339596714323656 0.0254320265878205 0.0700974023922629 0.0060240396734548 0.029759905546287 0.00480966043628596 0.02304455467799 0.006411716053017 -3.4e+38 -3.4e+38 -3.4e+38 -3.4e+38 -3.4e+38 -0.0453365725909205 -0.0594856384615095 -0.0273504487248595 -0.0115391073699133 -0.00953100307679624 0.00524095703549484 0.0685511070796177 0.0221380118729525 -0.0123454265490809 0.0242636913390819 0.00290583907515052 0.00378379739510655 -0.055823946490539 -0.0730468680898908 -0.0600459148193879 -0.0739536145343639 -0.0726415853993587 -0.0686632066234783 -0.0272030565371151 -0.0312499400873097 -0.0256728280633113 -0.01727673953508 -0.0209296798077555 -0.0235712067712046
-0.024623057948919 -0.018474809590619 0.049591477058095 0.0345234617139649 -0.0409643015287704 0.0210472170579874 0.00716470073734294 0.021559924124465 -0.00814214743713769 -0.0598832391705301 -0.0335490233603036 -0.00374541397684967 -0.0425391486566617 -0.0240164301041967 0.06311436984782 0.0129561699114336 -0.00521046445784828 0.0226540425026046 -0.00224790052322078 0.0118290954807753 0.0130926065527299 0.000297359930971802 -3.4e+38 -3.4e+38 -3.4e+38 -3.4e+38 -0.0231111999255147 -0.0524750515332671 -0.0528533442953705 -0.0278119960908134 0.012281122218849 0.0345484328130055 0.0535122708394497 -0.00550870460850331 0.0227522368521521 0.0127059569761168 0.019198635017202 -0.0409568793634343 -0.10136256572671 -0.0996985963882074 -0.098836847548667 -0.0955216308401382 -0.0931518983663301 -0.0867940888630443 -0.0849251697854645 -0.0858977662809703 -0.0865527938047576 -0.0783486112802588 -0.0908495355662599 -0.0956823197658003
0.0300552795040016 0.0173916631893168 0.0121441605914657 0.00743288536058324 -0.0617725963770382 -0.0497888355321959 0.00842993593043379 0.0218168092275634 -0.00238035123641455 -0.00558823209926552 -0.024935723840065 -0.0388223213721246 -0.0366213508513623 0.0452613348606762 0.0681487202991045 0.0269404283401305 -0.0119433439361953 -0.00256666393668863 -0.00957921115288265 -0.0543335256031414 -0.0212902111383544 -0.0134082346627854 -0.01205548986756 -3.4e+38 -3.4e+38 -3.4e+38 -0.0305788137548151 -0.0353323442723407 -0.0195202934998572 -0.0227385132072586 0.0182228561269442 0.0596169576626241 0.0379058555507118 -0.0112016957557113 0.0152327631043155 0.0175241802888968 -0.0836625373587449 -0.0455317591203043 -0.0482886145146325 -0.108168153324998 -0.108659825009666 -0.110688525657922 -0.113742450276532 -0.109462060236095 -0.108593986966389 -0.107154805041347 -0.10489365416333 -0.11132171669971 -0.115480793466349 -0.114655591451041
0.00970669000486685 0.00476124862833617 0.00582300513556439 0.00531354062806454 -0.0625517650186348 -0.052744835556736 -0.0565502137906649 -0.0470370853412835 0.031563470516022 -0.00168179436240689 -0.0101007647214593 -0.0383278503762951 -0.0459069862835447 0.0640278573170873 0.0242705322273001 0.00927806874336856 0.0027667565827279 0.00391290373140956 -0.0121485783688568 -0.0495821625790728 -0.0614496206541705 -0.0233426618402532 -0.0177125685593665 -3.4e+38 -3.4e+38 -0.0144412050121993 -0.00248306687979305 -0.0173500193483484 0.0511672435843872 0.0465999207932015 0.0580435068119576 0.0244658453971014 -0.0109187684090054 0.0162260603451222 -0.0716556081897314 -0.0248407876982601 -0.0345837733752529 -0.0408437468250097 -0.0513653380115244 -0.11593745290207 -0.121258123263109 -0.121532836287678 -0.0921501075708886 -0.130875147091775 -0.127871467453464 -0.127385775137855 -0.124771262358111 -0.132809976840569 -0.128840672573912 -0.132008550256216
0.0432725692251205 0.00241595426581422 -0.000574240039353597 0.0222728234830699 -0.0480646967020998 -0.0493150125335082 -0.0471721255631443 -0.0418509717451087 -0.0450157924810927 0.0373233772106413 -0.00205316104305709 -0.0437193188607771 0.0232541823470114 0.0285658787341596 -0.0402198251627627 -0.0458860905033339 -0.0406743682713719 -0.0443702710376817 -0.0908546387610076 -0.0602242600145097 -0.0356819812236074 -0.028580755666907 -0.0255006846753689 -0.0256411265152691 -0.008433668488161 -0.0129110334844719 0.012603090403533 0.064565438615123 0.0631919693001016 0.0492830671775394 0.0494012719641202 0.0564188769913581 0.0185531502032416 0.00825095200218603 -0.00900244084259467 -0.0115861152863454 -0.0375971271057654 -0.0443396999714761 -0.0554304558955927 -0.130299710468088 -0.134536139890594 -0.135886451608924 -0.140112541446964 -0.139098871041394 -0.142640127028557 -0.141568428036974 -0.144545976885489 -0.148298549209806 -0.13223385359934 -0.145361129982113
0.0361835925339585 0.0315718165787551 0.0165637772759683 0.0431805872738788 -0.0519533104141077 -0.0475012267078747 -0.0507628615035411 -0.0515044863869533 -0.0510166001528194 0.0324530506187988 -0.0311622567108068 -0.0305427481790459 0.0523660078510407 0.0283887058276808 0.00670660730217335 -0.0661120876842876 -0.0728296393052971 -0.102445594283303 -0.0583769347675174 -0.0417969779901119 -0.0613424600207534 -0.0616561911540369 0.00770018838846885 0.00520028027207515 -0.0365206700177322 0.0358806496749142 0.0815608959789412 0.0693604425339499 0.0710769105032231 0.0628177641165948 0.0537834435044923 0.0142405019229123 0.00192993096845178 -0.00247622086971149 -0.0322570645141029 -0.0330286743013277 -0.0374896492782635 -0.0466448298122146 -0.0521943897830792 -0.124867230726339 -0.135628400787112 -0.110490640930051 -0.113457538768552 -0.154061126489032 -0.150457258925625 -0.156137904689864 -0.157364138383591 -0.156150790497569 -0.151726017276849 -0.153685717599345
0.0367190848338063 0.0347580960111525 0.0457280864167287 0.053930789159876 0.0299105786842445 0.0221538257001693 0.027561335857839 0.0225606398617939 0.0368899165814751 -0.013943798010224 -0.0323389441835387 -0.0386528675356356 0.0476453108947454 0.0732992527433724 -0.00249608443163682 -0.0528343645705456 -0.0694167492091872 -0.0952620407825778 -0.0599341199437801 -0.0740364151349431 -0.0739497388015052 -0.0699774955469341 -0.0693534590564371 -0.0174582346449094 0.0330089558658246 0.0750305855255646 0.0658871435280032 0.077025633468373 0.0858486405531417 0.0606935207574134 -0.00743046634039876 0.0137150412331639 0.00109155893101306 -0.0258456575707272 -0.0278189968952591 -0.03278698006498 -0.0397573495722267 -0.0477872344236726 -0.0542045145991772 -0.135799568422655 -0.14414353905484 -0.157268378328555 -0.159485308086782 -0.162287173312414 -0.165404171195961 -0.168748284494302 -0.164621796291059 -0.205170129304597 -0.159703889182116 -0.157721267420707
0.0361545356862612 0.0465291923877042 0.0355069185713752 0.0253142694210353 0.0318341581039773 0.0436698435387781 0.0328312800223265 0.0177197620705051 -0.0239834067660275 -0.0303616574059373 -0.0327782633720178 0.0126827409762845 0.0441760164157653 0.0657373373836722 0.0135778206518278 -0.00476093682533932 -0.0738172235738203 -0.101176791592659 -0.0618991260339633 -0.0786806321597728 -0.0579104988142477 -0.0485652352844793 -0.0243079738551372 0.0075655480833187 0.0328966397633099 -0.00757651288694436 0.051099768599135 0.0826596504877774 0.00290244212717281 0.019426367209998 -0.0445374016794185 0.0158304023884856 -0.00854449444131503 -0.0253425173255818 -0.0269949059254431 -0.0323834783188645 -0.117307851832071 -0.127247813623392 -0.133611446050131 -0.139191094377424 -0.146519326169187 -0.153686097069369 -0.15819576772643 -0.163332762348831 -0.168932689798275 -0.176908756386401 -0.167565288799806 -0.170780196496601 -0.161052761133505 -0.154669419154901
0.0389462927659019 0.0309733571921759 0.0433456020666886 0.0202053195948465 0.0280638768539421 0.0354187860652464 0.0254909884716748 0.0143024911725154 0.00443111369099682 -0.0471200988992094 -0.0232808831980337 0.0286806207718593 0.0578128368826834 0.0490173204540433 0.0127187718619797 -0.00298042278691939 -0.0549098255369204 -0.0873957725211051 -0.0810176768347813 -0.0653847480144935 -0.0249125922410311 0.0123109632578837 0.0232107674589221 0.0104790111819971 -0.0186022554722949 0.032622125253999 0.0604853381733045 0.0110226505954561 0.0368554391505221 0.0399376604321421 0.0110162869554092 0.0155655314270937 -0.000712484862020843 -0.0196275408350563 -0.027331360163307 -0.159267626226796 -0.126965906030858 -0.130488117358492 -0.136800584931037 -0.147087793792897 -0.146416368708315 -0.131994228565145 -0.143461126130292 -0.0936859136013246 -0.0978109008173141 -0.175287160524019 -0.177539015093142 -0.177290482542701 -0.163618038795926 -0.143595526181953
0.0325068565257139 0.0206303885702067 0.0154401400878102 0.0217918874558529 0.0309289296763533 0.0349508452321625 0.0194066682589171 -0.0297040465852599 -0.0344788556852126 -0.0412949448847304 0.00767336489796432 0.0298345043370491 0.0123701703013247 0.0426528807423544 0.0420789987371329 0.0455612745795056 0.00170392766965867 -0.0809725441925293 -0.0737935054785382 -0.0514183624290415 0.00484239551096157 0.088711104431701 0.0795815178100871 0.0626784631737097 0.0581203047082405 0.0510767781198831 0.00228790961637822 0.0397516822577051 0.0269118039006034 0.00227339827697904 0.0117870935963998 -0.00766716492497314 0.00516337765734249 -0.0886114597953871 -0.104172912300373 -0.118839763171466 -0.128308686327829 -0.133986348756238 -0.145457499324124 -0.148991422464115 -0.154641279543797 -0.0837170287557224 -0.0902162307344398 -0.0972743721847553 -0.104371805175617 -0.107123775244651 -0.105628271029692 -0.107531459542269 -0.102834474546714 -0.156331456617155
0.015650448689819 0.0192866579095428 0.0197308993732358 0.0308478138381005 0.0303430329099954 0.0244329679825274 0.0389244161177517 0.00586113126415524 0.0541408921151695 -0.0318548030826149 0.0191353675906167 0.0315703264166624 -0.00168990260324783 0.0277785139177068 0.00468378126635742 0.0403288521835709 0.0294496616685483 0.00281307741506025 -0.0443150397923675 -0.00722282322833343 0.0498307543381354 0.0389444307945808 0.0400186290587048 0.0505890662812713 0.0315631127330466 0.0507336129964791 0.0382951576522331 0.0228961540462228 -0.0276913021681944 -0.0342160679964809 -0.0017844206458419 0.0653656013604799 -0.0068570231785265 -0.015240638191075 -0.10386501244714 -0.106687512642949 -0.137644888465958 -0.14287760950383 -0.145614799766923 -0.15319747298914 -0.0779913360012761 -0.0885069113308785 -0.0942649047511993 -0.100029805623738 -0.160421599285708 -0.166427077526287 -0.111404459773499 -0.106080455431233 -0.101328388481074 -0.0933726926888621
0.0319442501406523 0.0346850102813925 0.0435963441494222 0.056775649724993 0.0529282626697102 0.0384393476379026 0.0417393234198538 -0.0406614641582337 0.0451118485711824 -0.0146548630655248 0.00904611450364694 0.0393414459898553 -0.0515428039592793 -0.0242999832065398 -0.0319061311889724 0.0256656142243199 0.030962012224273 -0.0146428434646697 0.0147051396725256 0.0201224013243012 0.0438787814172768 0.0570022380506638 0.0277058784761566 0.0249250901806058 0.0436979778619004 0.0162431847824434 -0.0414903965300176 -0.046950263935284 -0.054601280342343 0.0292462665697587 -0.0348889586534073 -0.0507987904563063 -0.0592974197746375 -0.0189540064677404 -0.028567818906879 -0.121671174463665 -0.128160864436783 -0.144323678563615 -0.0662754631918988 -0.0716018409909255 -0.0822743066390806 -0.0818958458398551 -0.083415675703516 -0.0887373463206328 -0.155657933492232 -0.159477517002008 -0.157131577814173 -0.15118828024804 -0.15104626351632 -0.0952572606040431
0.0421181157457683 0.0527325486193797 0.0630671254597089 0.0607815651602373 0.0536899546341764 0.0347126638770383 -0.0682157239580645 -0.0519866198003506 0.0440794859251847 -0.0179902209269705 -0.00385475996277214 0.00920206115178365 -0.0952427200842991 -0.028044336289708 -0.0152036614404159 0.0759668363219883 0.0367254166013101 -0.0197625883788304 -0.00603197263479965 0.000628038357342424 0.0193297547185859 0.00390512179845147 0.0241828983226927 -0.00945480798528708 -0.0229262591075316 -0.0370022302690763 -0.0503570934651811 -0.0260426081832889 -0.0340052492324447 -0.0371874860374469 -0.045816585929299 -0.0484149507925557 -0.0196370193712908 -0.0271605674386484 -0.0310241794551137 -0.0373941106981148 -0.0454983956072034 -0.0559024928526762 -0.0697680130870555 -0.0755416971568065 -0.0880159191850006 -0.0857542932785365 -0.0864570561924457 -0.0933146945028063 -0.154485376923828 -0.153898074175528 -0.0980742052859079 -0.0950223517708405 -0.0960358294784999 -0.0919216937696776
-0.0933275032339495 -0.0938056604843109 -0.0523873497144298 -0.0701963614288518 0.0453025685228565 -0.092262765508935 -0.0753610506649545 -0.0714951873073383 0.0345965430259669 -0.0225886251715347 -0.000546745508444794 0.0318407587334539 -0.0865449670719615 -0.0499892051435056 -0.0198854724937694 0.0595711764862721 0.0390227330729917 0.0449928488859585 0.048001609448569 0.0327797022631848 0.00558758819800245 0.0157841889323169 0.0355532439246985 0.0354100424042203 -0.0152035271470219 -0.0454483210607398 -0.0265385743112362 -0.0418783703624472 -0.0541279735044706 -0.0594001315937781 -0.0742440331931659 -0.0720661941643215 -0.077706087767923 -0.0332450838976099 -0.0346241511659624 -0.0402298820310579 -0.048546658783861 -0.0634098394467063 -0.0729645185807958 -0.0761139498594141 -0.0821089997922934 -0.0831943087172694 -0.0809109016867934 -0.0895225601862354 -0.0907894087226403 -0.0950887034869426 -0.092449892902246 -0.0923377404789749 -0.0860832541916564 -0.0884087101497376
-0.112616653751799 -0.119153346802375 -0.0989642003032756 -0.104587803370445 -0.0825310978554678 -0.0746899084940921 -0.0930583028360321 -0.081914084855311 0.0212651227751776 -0.02013949997171 -0.0272955143885193 0.024875484702723 -0.00960595439021023 -0.054517304778977 -0.0158665912148158 0.0879978132864458 0.0750886830381629 0.0501700227614198 0.0101580873717835 0.00911048502972681 -0.00957243212371346 0.0406375334250518 0.0199980356611588 -0.0117848238021987 -0.0283696550795617 -0.0256940128835616 -0.0416070658428608 -0.0718630502700691 -0.0831597973884029 -0.0798386255787761 -0.0725116649205378 -0.0724909930421402 -0.0357925307531339 -0.0930264441142158 -0.0383558423408398 -0.043618936912338 -0.0509789325896955 -0.0607370652366181 -0.0702560627424791 -0.0739760427726925 -0.0758220714497938 -0.0796835873715351 -0.0776384573900544 -0.0844198810414601 -0.086164592977539 -0.0870196815600617 -0.0881064274962525 -0.0870097652707909 -0.0880667113315887 -0.135493272898685
-0.0817595597344585 -0.0872151547588794 -0.0991504879240095 -0.0988049870270656 -0.100165857054468 -0.0884189660234239 -0.0126668372349828 0.00249134841784978 -0.0010793507407713 -0.0356378798424651 -0.0356113609469032 -0.0304348553595595 0.0028610435454637 -0.0925913013562708 -0.0252194527328905 0.0911128543460221 0.0873692454786593 0.0754209994151073 0.0494840002493414 -0.00179759518233387 -0.0166333603758307 -0.0528390911273923 -0.00015682683425847 -0.0215577821305268 -0.0959130713568045 -0.0235700636201331 -0.0607235947331469 -0.0757650184391498 -0.0909793747622003 -0.0886888131768528 -0.0854766784656379 -0.0944799145679702 -0.0988230305727588 -0.044421839099614 -0.0412302378830898 -0.045711224696988 -0.0508788410338837 -0.0599670500152039 -0.0678707767336374 -0.0672543867051271 -0.0681003193482312 -0.0760417913877671 -0.0813619175996509 -0.143505931617286 -0.142761694935093 -0.143070543688865 -0.0881603018821435 -0.147077322364677 -0.142690670688863 -0.0884332557030507
-0.0920967190800825 -0.0879320770342724 -0.109035598907779 -0.0929076445163749 -0.0931983936043405 0.004770864689045 0.00165559321391941 -0.0117371389895702 -0.0479218690796408 0.0520537329464378 -0.0436481184353265 -0.0465221020155447 -0.0379270152173712 -0.0354310780967172 -0.0576525284895857 0.101065660542128 0.0799398074263772 0.053987436015843 0.0273087085453564 -0.00499595112571048 -0.059572732235132 -0.0743312412259742 -0.0767459324484145 -0.0827209984235194 -0.0134438986233966 -0.030606282562183 -0.0560817863607899 -0.0902678197658677 -0.0992510437443706 -0.0995063660054283 -0.0869076586673352 -0.0989965772670682 -0.100362272545031 -0.0436564566330034 -0.0454467441082913 -0.0472792399557674 -0.0485505622131665 -0.0527967269474512 -0.058521825052339 -0.0657362906627834 -0.131425132547627 -0.135118904345814 -0.133711544793154 -0.139204022786892 -0.144299340684191 -0.147298102956356 -0.146668249486445 -0.14801859218171 -0.142671973912684 -0.132085938466092
