data/pcas/pca_referenceLayers/PC11.asc
NCOLS 494 
NROWS 529 
XLLCORNER -117.166666666667 
YLLCORNER -55.5 
CELLSIZE 0.166666666666667 
NODATA_value -3.4e+38 
[rows 0 to 21 of 529, columns 150 to 199 of 494]
0.726789621654026 0.718290914569984 0.0133689439077515 -0.25958141574735 -0.247423397357445 -0.381014388922935 -0.389647347618068 -0.383461708912101 -0.237250193274387 0.456302115669347 0.451061099473821 0.455580249474674 0.460111637966424 0.44667348428968 -0.240058844364327 -0.242801974475077 -0.244823709181167 0.0663010485928501 0.0664713335886865 0.0637459556852912 0.0596245400588366 0.0555684516513834 0.0563241427498508 -0.24933166873967 -0.244386396883422 -0.239308614723905 -0.239583162316869 -0.241892234874755 -0.23571961422836 -0.233478165234539 -0.230670462401868 -0.228041395786972 -0.227558852661407 -0.225413210134628 -0.225116609138581 -0.227302976257932 -0.224272195893094 -0.225519865323355 -0.223850927787161 -0.224524852373338 -0.229378792920545 -0.226901766731691 -0.606623634708613 -0.602462651174477 -0.596817444325685 -0.592689794461478 -0.590135040293799 -0.59484468627551 -0.601976991528209 -0.603575229474037
0.724508984742935 0.719407738030248 0.717109372776925 0.00971255244989458 -0.242942637611144 -0.225163787085649 -0.225697504425283 -0.23192122038033 -0.225157254076282 -0.228212797517557 0.454877129880009 0.45289535019595 0.449864867611822 0.443776820574168 -0.230520018658743 -0.233873234934242 0.0696018463469893 0.0715860015690259 0.0716423190978886 0.0676240175243777 0.0674935312525161 -0.240754862462131 -0.24148121383265 -0.24340425092285 -0.237421272494586 -0.230447695715254 -0.226748084593094 -0.225948670343068 -0.226045896290707 -0.221469963835678 -0.224786392802671 -0.222778934814718 -0.218788590719128 -0.218055934443214 -0.21907177005788 -0.219733054313324 -0.217639752985374 -0.217169387962011 -0.216116375914607 -0.216145877315284 -0.215464492390227 -0.215612459068399 -0.595219973055124 -0.599019440060086 -0.593826701534923 -0.584094648670732 -0.584579289140308 -0.589085361272969 -0.595796249524818 -0.592585178914864
-0.123983691776989 0.718123518635016 0.711165978080898 0.71959295726044 0.0265600162105381 -0.230086845701787 -0.221193712491271 -0.219349141186854 -0.218573042093552 -0.221948937838864 0.452214655076149 0.450089871704001 0.448766793733065 -0.2250734575643 -0.224847514224809 -0.2242110235102 0.077442087314958 0.0785929632828131 0.0754499827601092 0.0741637063287685 -0.228063200860014 -0.228523757328822 -0.229832133627872 -0.228812837934829 -0.224949539924237 -0.220349915536772 -0.215958046060481 -0.214443594672746 -0.217900623861016 -0.2197601005609 -0.218597311846584 -0.21507902972469 -0.213046595339064 -0.21055044140137 -0.207726479865614 -0.204630023758137 -0.203265739450821 -0.206680547696836 -0.205274457422865 -0.205307537498077 -0.205196988823512 -0.584393207545453 -0.58363513753624 -0.58454083555099 -0.578217014112645 -0.579185570001902 -0.581596292503056 -0.587047828526865 -0.590929400782597 -0.592015337393786
-0.12031369779303 -0.0277389254047643 0.713308946546473 0.726474892523117 0.0306053838366036 0.485865557515902 -0.227813975931328 0.448841533732573 -0.214216267642286 -0.218261276817348 -0.218977615967549 -0.219967981928292 0.442618224158012 0.0821182866307512 0.0846930321614524 0.0837904026271201 0.0850158319445941 0.0835510465500386 0.0789753666628049 -0.220768729738423 -0.21858182790952 -0.219359226998692 -0.220638735122138 -0.21883655640489 -0.21317645853125 -0.210499855746979 -0.207809289845352 -0.207212568873282 -0.21175762800411 -0.216653761541564 -0.210558698365694 -0.206356955377909 -0.584189009102517 -0.201565689410378 -0.198268083084208 -0.196980642010321 -0.199693936310088 -0.201212800600922 -0.199975095360569 -0.19776073889881 -0.57155308796634 -0.580477975031346 -0.579456130247457 -0.577998335939386 -0.579127778452274 -0.58307829801381 -0.581820948997782 -0.582820442915872 -0.584005928414895 -0.591096188157197
-0.374850195010358 -0.0243040916572663 -0.0235469885045446 0.0349262563799533 0.0392650109611241 0.0301571354461039 -0.214156277424272 0.450269943238968 -0.210387250612947 -0.213939267425811 -0.216409424518599 -0.215819455438079 -0.216892630619366 0.0845251942750108 0.0902268695435587 0.0930646071673027 0.0934616170773244 -0.209516635753946 -0.208343945314516 -0.206754990143925 -0.208111409877353 -0.205685862630491 -0.209826918616961 -0.207633362102164 -0.204648441798371 -0.203086565507917 -0.203267751971959 -0.200788153224837 -0.202815905481113 -0.203453937692186 -0.579735850472223 -0.5765317469206 -0.569768070612939 -0.565120116171396 -0.192332569064515 -0.191378485644614 -0.195416673372664 -0.199309109065955 -0.198397037401 -0.565237941024063 -0.566309496236304 -0.575031137725383 -0.573019061023496 -0.576761653758601 -0.575794659049984 -0.576786901903111 -0.577101045033873 -0.575267831126483 -0.577742110869642 -0.580858924173883
-0.276068123211318 -0.276211645376479 -0.0122653351031075 -0.0113644913454227 -0.00184227690906526 0.0366466406569452 -0.208012668706633 -0.206460393618256 -0.205784044608917 -0.206698585895032 -0.208783424687514 -0.210926157143161 0.440717864100655 0.0916604906611778 0.0971672936614906 0.100485796052891 -0.194725522976373 -0.19793245972787 -0.198572661893845 -0.194685486051391 -0.195941431526432 -0.19627163480716 -0.195713156158758 -0.197634316895337 -0.196234876642492 -0.192305952812149 -0.19134272732912 -0.192552766438133 -0.195530011475517 -0.569901288397026 -0.563963768332701 -0.568238155022947 -0.571608657342287 -0.568220203263221 -0.562132357636465 -0.558138348823096 -0.189408234745709 -0.193844245386157 -0.194988111390747 -0.559905070331537 -0.56238168584569 -0.566482919961818 -0.569715344504146 -0.572455191569523 -0.568700249107738 -0.564920014485854 -0.560185378292667 -0.560527383747685 -0.559147602293477 -0.564392242908952
-0.269679349844678 -0.256125053333914 -0.254324800764488 -0.000816950952713905 0.0046828288603448 -0.202979339132629 -0.202580883555853 -0.19776881030653 -0.1947250374606 -0.195630653178691 -0.197982383956447 -0.205843587100929 0.440912115001125 -0.200496141481915 -0.19364562095947 -0.190369405479823 -0.187332895231086 -0.19116945001784 -0.191475649523213 -0.185830568198225 -0.1850492097902 -0.186492508058024 -0.188014153827985 -0.190409999500957 -0.568069806826136 -0.185757345745302 -0.557168219082113 -0.559556249941402 -0.557580471175116 -0.55486950958205 -0.556552092471274 -0.561159707975114 -0.56627115279262 -0.56627908724892 -0.560840915025487 -0.552632186415156 -0.544763547219787 -0.542961546213327 -0.544981181653229 -0.550437972651761 -0.553967470262064 -0.561093747465656 -0.568854314957175 -0.566387789407999 -0.560294900326768 -0.554369495772427 -0.54955956700856 -0.551999325554763 -0.553716537278503 -0.550955772528101
-0.259246642387553 -0.246149839980987 -0.236964270656591 -0.234123855687522 -0.237845263314054 -0.192297592282844 -0.19471796583795 -0.193599404798129 -0.189912793906211 -0.188819831644456 -0.189314433465687 -0.196407008586658 -0.199690953002741 -0.19771342856989 -0.189930886102692 -0.187267506790712 -0.187979070845399 -0.188309453212354 -0.1840402152216 -0.180133557753091 -0.181902982899627 -0.559522336365648 -0.559301341984862 -0.563374935465737 -0.563563789384732 -0.556510344486899 -0.550355062372581 -0.549989103183271 -0.544979281730008 -0.545267568873141 -0.54642346172706 -0.550369476858849 -0.557323550856279 -0.557659415890985 -0.548681765457552 -0.538100274105331 -0.529425912526848 -0.530067568749567 -0.535684892512681 -0.540282802503981 -0.541395840785304 -0.554290890532737 -0.560660193231694 -0.556986269088313 -0.549519162827493 -0.54437807608279 -0.545456438624256 -0.537651172576475 -0.538423025797637 -0.535198004415184
-0.237727717425385 -0.2371744552214 -0.233970022002615 -0.225864492178752 -0.192105396875782 -0.186086243415544 -0.184750583960173 -0.184317668333064 -0.181204245365635 -0.550272688331819 -0.553167791923763 -0.558240915578642 -0.563000558738587 -0.192497969011316 -0.188198379048144 -0.553067421910281 -0.555407293780884 -0.18793306145565 -0.55429723973647 -0.555151201085615 -0.554641443176306 -0.557207678222218 -0.553728971868317 -0.554154316335454 -0.555784073765121 -0.550634099286101 -0.55015564211161 -0.546093229069017 -0.539691044791107 -0.542324640728147 -0.537591718853841 -0.53925756726635 -0.548497445827919 -0.548687049905572 -0.540779801381704 -0.530484025425786 -0.522459307946384 -0.519362981968768 -0.517745757274336 0.803275170178441 0.797668780327803 -0.538804891366842 -0.544602271730492 -0.540613698329998 -0.531141154180662 -0.527541201049356 -0.534718837357898 -0.531589472277029 0.788235899285146 0.786123714974616
-0.245028754133849 -0.239209403675261 -0.224316410299235 -0.315097681164578 -0.177123645746547 -0.175483533128188 -0.176987252101589 -0.547733907716185 -0.546961351128654 -0.548199271259536 -0.549320920792771 -0.6872507637837 -0.553720463568335 -0.553766369876167 -0.550535195199487 -0.545394077868299 -0.547355248858003 -0.551495073212695 -0.549831825231511 -0.551781769704076 -0.556058796648597 -0.553194143215499 -0.54659941667828 -0.543658007334304 -0.545516812728168 0.759735992188808 0.770660912538196 0.779151434347859 0.782061588251456 0.375597904453849 0.371320695802399 0.370965407956557 0.368495701580448 0.769453514055631 0.777104906434508 0.382048097421226 0.387969458444196 0.394633330945636 0.8028157548678 0.797717576868356 0.791672445743183 0.791269488636831 -0.526848098833142 -0.51571286158966 -0.513101097553616 -0.512475936567111 -0.520350678133036 0.788947208093541 0.786832407010362 0.776447221040574
0.00159789989514396 -0.225641789757635 -0.205011776048022 -0.304662096187634 -0.663940586228428 -0.664498483899132 -0.665684624222706 -0.66889839106716 -0.539665853681748 -0.54511640855033 -0.264942799465523 -0.267694389888854 -0.547159621355383 -0.548392122193651 -0.541451464209105 -0.534657529892593 -0.540034662703628 -0.545718228158595 -0.546731810969857 0.736094157927449 0.73455016264496 0.744661229519615 0.351614088616409 0.351501265955383 0.348842135034159 0.366745953846489 0.369186613728511 0.36993408506917 0.371889645957432 0.362117192932566 0.366163189732017 0.363749894213012 0.36667833582331 0.369230165947959 0.376376793074266 0.379491344482526 0.379202584017311 0.382764096883595 0.384649914052923 0.782441815561007 0.785163579723968 0.785806392642232 0.79684639164144 0.405052518160822 0.408885092601444 0.401418896961923 0.788104679832056 0.782156332179181 0.777270738725195 0.770317980983871
-0.223370601252864 -0.212558990339126 -0.199941828311326 -0.648466063394042 -0.648515115931206 -0.652121223506855 -0.651776823554283 -0.657570448945759 -0.663553212071605 -0.535053516389448 -0.53620978659665 -0.260455077837323 -0.26384305924066 -0.534145520856265 -0.530015771695555 -0.524174758371011 -0.529096792709632 0.738414150239856 0.73141181456091 0.729489073206807 0.34131310734434 0.348787178457523 0.355065502649601 0.353982770462047 0.353053162866869 0.375278799727525 0.37170748167033 0.364526398886954 0.358717787484815 0.349618059466122 0.354673118919533 0.361271634853657 0.366152681746889 0.369429302565599 0.375714076084198 0.375195955104816 0.371215939431656 0.371354687622607 0.374610673707321 0.378980775310437 0.380694825244805 0.382214855872109 0.390058668024718 0.385006121237094 0.384237076934461 0.391090411838835 0.388565207134962 0.385295420587385 0.770463878528986 0.767760813408295
-0.209968939675202 -0.201272427920269 -0.558018751963255 -0.638340760450375 -0.635557138442905 -0.643521790533749 -0.645416076712139 -0.651231887112075 0.736160214896865 -0.530694328190862 -0.528305686848729 -0.524359860857284 -0.51884263397295 -0.516538474415322 -0.513058191353533 -0.512316489412502 0.746747685394409 0.352908380279585 0.345954431391214 0.344127471002096 0.351358349003097 0.349005012295234 0.358867252758726 0.36089704693002 0.356374897971191 0.376692918798725 0.381391179313004 0.367089793658484 0.356235509124772 0.347049473310042 0.349786323658127 0.359321037602933 0.372089224193316 0.380362558524303 0.380958768840504 0.378610315274547 0.378155406684616 0.371274080336972 0.371678653050556 0.373103649807527 0.373558966197907 0.37726351235668 0.386857862064707 0.380562532324998 0.382759369646454 0.380192621739737 0.374233157223016 0.37274826035175 0.381971055048875 0.758787472014888
0.295802721401806 0.301570568807229 0.641347640912785 0.768130457068554 0.780636730424055 0.790516303867091 0.782501486109708 0.737518306752301 0.730548354237576 0.727105298232921 0.726919925501796 0.765184686845063 0.772776287926141 0.749719970629857 0.749574893864907 0.370228519646652 0.371605841967451 0.367774651380553 0.363177199150315 0.357274003699957 0.358535015229861 0.358956902096709 0.358709270432954 0.363623433452444 0.360341922207209 0.350078262029664 0.381766494229848 0.371333840712264 0.358974108551372 0.356594789826799 0.346355294357522 0.359909968195432 0.370385945465005 0.381399785324683 0.376991525246181 0.366308369129961 0.367754222033549 0.36908753035987 0.374091155734841 0.374573063951883 0.367230550041468 0.368337594023014 0.375948931170043 0.377190347910697 0.37194542243878 0.364763802062448 0.3635500536338 0.367374029603548 0.371851692148665 0.373343032116702
0.290248623961736 0.401731541143803 0.384161212686209 0.748282518887132 0.745864942335584 0.389692552737671 0.389774941020301 0.35493378571057 0.721342413951442 0.714425038943348 0.341750862667331 0.717924737030073 0.722471158783292 0.739807949667477 0.749890615635345 0.377362904937867 0.375486508971458 0.369210991429769 0.367740726358018 0.375148850852714 0.36309285530993 0.357803740934013 0.357174667176512 0.365983151191471 0.349792329100682 0.347770786626605 0.344313765429769 0.364334222670565 0.350932301749266 0.354353526546158 0.347974029800682 -3.4e+38 -3.4e+38 -3.4e+38 -3.4e+38 0.366107363600665 0.368661739707809 0.368091810121358 0.369606102298927 0.368406664570167 0.357500717859569 0.35059982971394 0.336423891372443 0.345520811688141 0.360537308678837 0.358881123528854 0.357773392413186 0.359112751408533 0.357461850226881 0.355424513067702
0.398597159898288 0.395571517286096 0.384158845165916 0.347729564682149 0.354418943107937 0.357914111485254 0.387312126786287 0.363004797825574 0.352220827763194 0.350698253647174 0.350161208669709 0.354071922005061 0.36514737801938 0.362528870218941 0.364409739632531 0.368352657234656 0.366435543243846 0.368288253442598 -3.4e+38 0.387930094555013 -3.4e+38 -3.4e+38 -3.4e+38 -3.4e+38 -3.4e+38 -3.4e+38 -3.4e+38 -3.4e+38 -3.4e+38 -3.4e+38 -3.4e+38 -3.4e+38 -3.4e+38 -3.4e+38 -3.4e+38 -3.4e+38 -3.4e+38 -3.4e+38 0.363177536473977 0.357332645606494 0.344548515868193 0.325739222530786 0.321820241683462 0.338963813387944 0.341885474998922 0.337404208790414 0.351987631913006 0.348612423456601 0.344018667082965 0.33769027192655
0.375564965729896 0.370655966257929 0.370237704585947 0.355811415796551 0.348038119012325 0.344897137639267 0.369335591170577 0.342469327419246 0.341577368938283 0.33941855956181 0.355483912025409 0.364265690074056 0.382898620936566 0.37881670425112 0.376085314651515 0.376264222454298 0.376908019134259 0.382692185086211 -3.4e+38 0.395694015259103 0.392558548193263 -3.4e+38 -3.4e+38 -3.4e+38 -3.4e+38 -3.4e+38 -3.4e+38 -3.4e+38 -3.4e+38 -3.4e+38 -3.4e+38 -3.4e+38 -3.4e+38 -3.4e+38 -3.4e+38 -3.4e+38 -3.4e+38 -3.4e+38 -3.4e+38 0.346121903668876 0.343268901142293 0.340979758682861 0.335195586408173 0.345251664821439 0.344802962807747 0.342653154892808 0.329882017188154 -3.4e+38 -3.4e+38 0.322408583112307
0.348199323431677 0.340045025143146 0.345169142929158 0.363127796198715 0.365098724420007 0.326949309710199 0.327881960862222 0.33978606800202 0.346980214921882 0.350939525407823 0.361704333913152 0.353837819553363 0.374903705403067 0.376108907037538 0.374942646963829 0.387642946596868 0.387479713108294 0.38998435722768 -3.4e+38 0.402466384397403 -3.4e+38 -3.4e+38 -3.4e+38 -3.4e+38 -3.4e+38 -3.4e+38 -3.4e+38 -3.4e+38 -3.4e+38 -3.4e+38 -3.4e+38 -3.4e+38 -3.4e+38 -3.4e+38 -3.4e+38 -3.4e+38 -3.4e+38 -3.4e+38 -3.4e+38 -3.4e+38 0.512372861145752 0.565504903842538 0.567542710328562 0.353196162354694 0.344953393637431 0.338057399072592 -3.4e+38 -3.4e+38 -3.4e+38 -3.4e+38
0.335285775550387 0.322263315808358 0.315445745939888 0.325043854343108 0.365184610499504 0.340879095690591 0.331158987240868 0.329923009499956 0.344623427404298 0.353351793683194 0.367256639122926 0.368284708248506 0.367375323352204 0.387544802984624 0.396922492330501 0.390430767903404 0.394362796515414 -3.4e+38 0.839353913373049 -3.4e+38 -3.4e+38 -3.4e+38 -3.4e+38 -3.4e+38 -3.4e+38 -3.4e+38 -3.4e+38 -3.4e+38 -3.4e+38 -3.4e+38 -3.4e+38 -3.4e+38 -3.4e+38 -3.4e+38 -3.4e+38 -3.4e+38 -3.4e+38 -3.4e+38 -3.4e+38 -3.4e+38 -3.4e+38 0.546725542180652 0.550067062069542 0.503739881529584 -3.4e+38 -3.4e+38 -3.4e+38 -3.4e+38 -3.4e+38 -3.4e+38
-3.4e+38 0.318438097962065 0.281933879388456 -3.4e+38 0.254474041527518 0.34067750027225 0.334901186845847 0.332735848324316 0.332728938352384 0.330625341907136 0.346436635466176 0.365868628367131 0.36699702033252 0.385710442373239 0.398307245266448 0.88988591931531 0.895154874003021 0.883630991724729 -3.4e+38 -3.4e+38 -3.4e+38 -3.4e+38 -3.4e+38 -3.4e+38 -3.4e+38 -3.4e+38 -3.4e+38 -3.4e+38 -3.4e+38 -3.4e+38 -3.4e+38 -3.4e+38 -3.4e+38 -3.4e+38 -3.4e+38 -3.4e+38 -3.4e+38 -3.4e+38 -3.4e+38 -3.4e+38 -3.4e+38 -3.4e+38 -3.4e+38 -3.4e+38 -3.4e+38 -3.4e+38 -3.4e+38 -3.4e+38 -3.4e+38 -3.4e+38
-3.4e+38 -3.4e+38 -3.4e+38 -3.4e+38 0.252535990170021 0.275561576888165 0.328790205042585 0.32755379995824 0.336146557698539 0.335301598881842 0.350291241493504 0.361433881756399 0.365410505125868 0.260376071136521 0.864690364672204 0.867809164945374 0.877079005204422 0.883680819369295 0.88408988595226 -3.4e+38 -3.4e+38 -3.4e+38 -3.4e+38 -3.4e+38 -3.4e+38 -3.4e+38 -3.4e+38 -3.4e+38 -3.4e+38 -3.4e+38 -3.4e+38 -3.4e+38 -3.4e+38 -3.4e+38 -3.4e+38 -3.4e+38 -3.4e+38 -3.4e+38 -3.4e+38 -3.4e+38 -3.4e+38 -3.4e+38 -3.4e+38 -3.4e+38 -3.4e+38 -3.4e+38 -3.4e+38 -3.4e+38 -3.4e+38 -3.4e+38
-3.4e+38 -3.4e+38 -3.4e+38 -3.4e+38 -3.4e+38 -3.4e+38 -3.4e+38 0.274482506043191 0.335341015943718 0.348186315840992 0.253469910821142 0.369003939681102 0.284467006693849 -3.4e+38 -3.4e+38 -3.4e+38 0.854420074887018 0.879529555470937 0.879115752060215 -3.4e+38 -3.4e+38 -3.4e+38 -3.4e+38 -3.4e+38 -3.4e+38 -3.4e+38 -3.4e+38 -3.4e+38 -3.4e+38 -3.4e+38 -3.4e+38 -3.4e+38 -3.4e+38 -3.4e+38 -3.4e+38 -3.4e+38 -3.4e+38 -3.4e+38 -3.4e+38 -3.4e+38 -3.4e+38 -3.4e+38 -3.4e+38 -3.4e+38 -3.4e+38 -3.4e+38 -3.4e+38 -3.4e+38 -3.4e+38 -3.4e+38
