data/pcas/pca_referenceLayers/PC11.asc
NCOLS 494 
NROWS 529 
XLLCORNER -117.166666666667 
YLLCORNER -55.5 
CELLSIZE 0.166666666666667 
NODATA_value -3.4e+38 
[rows 242 to 263 of 529, columns 350 to 399 of 494]
0.0283923388996399 0.0283764988037827 0.0285328251923258 0.0280418119956516 0.029434146329786 0.0291810994592273 0.0304475255506677 0.0311333278827339 0.0300877000888146 0.0261328042877886 0.0211533239139682 0.0149141724763214 0.0100746264982238 0.00610448275908006 0.00198625577189277 -0.00228861228497034 -0.00644084329837358 -0.0107743588749658 -0.0153426841653364 -0.0194347695789099 -0.0224362749621155 -0.0238829517284898 -0.0240973936126161 -0.0245021823606756 -0.0274309766241362 -0.0295516478034983 -0.0312089440504942 -0.0325861779954405 -0.0339400768782478 -0.0363356016363394 -0.0369656529749523 -0.0361412882337481 -0.0309660966216329 -0.0345748169690825 -0.0294006028169333 -0.0252128202561653 -0.0255980488731335 -0.0202427206550014 -0.0200595861481733 -0.0195124649419122 -0.018714206121187 -0.017961240271733 -0.0236470249482085 -0.0313814670838698 -0.0279568357506237 -0.0312034307212455 -0.0357787268042273 -0.0330915360134234 -0.0319121900778856 -0.0269186433601539
0.0279003918607317 0.0276419497472703 0.0273838393717423 0.0276236580993591 0.026943335629002 0.0263880300298341 0.0265349993236732 0.0265574704186725 0.0254235467269039 0.0210152192343463 0.0165971581757038 0.0116127218530605 0.00551712121518384 0.00170301700455561 -0.00149258606729351 -0.00312246765147794 -0.00772378831113388 -0.0111255752695137 -0.0158526586019157 -0.0178979413572061 -0.0228072367723758 -0.0262596731020974 -0.0274882410516274 -0.0277855951749496 -0.0309923458755735 -0.0315782770494737 -0.0360194978352448 -0.0352810107435019 -0.0396054265456233 -0.0386831852984364 -0.0372400502984189 -0.0379252667008962 -0.0369135510035981 -0.0359061609292187 -0.0314318103459106 -0.0319320964770454 -0.0324345032347832 -0.0271294582200703 -0.0273867940711851 -0.0257450513188068 -0.0255573471915082 -0.0259027633103168 -0.0255436864647972 -0.0313581726296959 -0.0318848983297676 -0.0319943978803352 -0.0343487340644554 -0.0356375107730503 -0.0314012009635588 -0.0313929441571663
0.0271329104896276 0.0280332180481031 0.0260944163447478 0.0243245651945201 0.0256000705574856 0.0242606477352151 0.0216560649885717 0.0216499170797288 0.0199632737413898 0.0164780750007157 0.0128673398559869 0.00930790180096409 0.00390762813946442 0.000537678533781449 -0.00418997312992923 -0.00720796015313413 -0.00990326872757311 -0.0138212763067505 -0.0170189906411554 -0.0186079450831506 -0.0209774983807399 -0.0237036066213792 -0.0292596202031763 -0.0327283324907494 -0.029923821251503 -0.0325724974059642 -0.0366392264879911 -0.0374492971872468 -0.0438095813630785 -0.0448491758918222 -0.0416137246801211 -0.0423427300953796 -0.0420057515518123 -0.0415042419776328 -0.0353614389791014 -0.0381196784855663 -0.0358104862158549 -0.031631152369595 -0.0322090564419857 -0.0311308617876849 -0.0317554726616869 -0.0297926603584156 -0.0349946064289808 -0.0343532002983789 -0.0333249569382404 -0.032507153818387 -0.0374225884024407 -0.037084117366599 -0.0344284058023266 -0.0356381866610098
0.0277652080411478 0.0279986316549086 0.0248945753645372 0.0212748482591447 0.0228749095534424 0.0210427606849389 0.0195287511668104 0.0170353057556318 0.0167574279973486 0.0128136325356944 0.00984627179386288 0.00685318293518508 0.00259782703286879 -0.00461789680043385 -0.00749575033212035 -0.0105547884226888 -0.0166230351161493 -0.0180202558259973 -0.0196565960815087 -0.0222301057756418 -0.0236457040693731 -0.0286213557522755 -0.0329621554548261 -0.0400992219543065 -0.0342278080486358 -0.0371268936132225 -0.0409477785018425 -0.043525754319572 -0.0477586228020997 -0.047436667492362 -0.047302089916395 -0.0457546216044165 -0.0456905830466873 -0.0440280176675998 -0.0412273460214076 -0.0391983143475871 -0.0382702246682544 -0.0394892034599956 -0.0330118784234694 -0.0343970772501451 -0.0383784092017682 -0.0380628717462162 -0.0390864943492589 -0.0363605430075476 -0.0368141900665603 -0.0345658823130167 -0.0379279279431808 -0.0391793381960716 -0.0414765808697497 -0.0372092225154554
0.0290785314952284 0.0273091351040956 0.0229915711023825 0.0197160497097266 0.0205198614526231 0.0185033217247744 0.0157730106627247 0.013632983658207 0.014070415869251 0.00974505859989837 0.00688154804799244 0.00243132765843229 -0.00085586080228723 -0.00418930689921587 -0.00865458862214401 -0.0122879657047876 -0.0170967148595852 -0.0194725078704756 -0.0240259842595669 -0.0266352738525506 -0.0280388123756975 -0.0302348962425719 -0.0319521588958239 -0.0364672981981102 -0.0386167263624924 -0.0418701906792265 -0.0468545057703943 -0.0504541658865776 -0.051866712109341 -0.0531017251946321 -0.0515718049582082 -0.0497651848295056 -0.0478134853447052 -0.0477808894937147 -0.0440877872577258 -0.0437728332717199 -0.0411815771660841 -0.0408511965078173 -0.0392278258809682 -0.0413989544068519 -0.0365407497666451 -0.0386605272158835 -0.0413508312264035 -0.0374801177205098 -0.0346035284196827 -0.0374465469244942 -0.0338014662709312 -0.0384086263726756 -0.0391097336571677 -0.0336266484047356
0.10256279415182 0.0263341972222146 0.0222516364579185 0.0203771075223409 0.0188997159680331 0.0163121719582282 0.013649794007869 0.00987829457669256 0.00915042951376932 0.00544726742285392 0.00294677446877821 -0.00260761953762364 -0.0064280385826718 -0.00970893349281413 -0.0141973043638735 -0.0179294336911374 -0.0202368912482453 -0.0240954180521395 -0.0269815679585437 0.0383807717323789 0.0392315808477801 0.0359789345888676 0.0295745708070256 0.028499634694397 0.0271775210495457 -0.0479006521975383 -0.052292573693464 -0.0586550347276188 -0.0572939050796736 -0.0561079682237774 -0.0541323068255986 -0.0532844601982463 -0.0508226988975957 -0.0483022909777925 -0.0475719352616797 -0.0449824968919983 -0.0444366012053143 -0.046077111839741 -0.0445115222513799 -0.0423624292388945 -0.0419264932892071 -0.038870786690555 -0.0407197732646984 -0.0392279932776252 -0.036160010793295 -0.0377077392042623 -0.0393865091689778 -0.0351737733556693 -0.0342972666335517 -0.0331839796860022
0.103079939906319 0.0266782844832428 0.0216228859688296 0.0194903389776753 0.017378216043967 0.0138693525925942 0.0111260285472323 0.00633024230112094 0.00399791990511689 0.00192418278807603 -0.000924473976648965 -0.00566879536577573 -0.0100652251401723 -0.0133911455843285 -0.0179318674448015 -0.0239351669400635 -0.027251437700659 -0.0254384731870781 0.0412319204159532 0.040435881282684 0.0370842995621332 0.0317031740701114 0.026176971685008 0.0246917642269102 0.0243321236412626 0.0218593910471254 -0.0574187263774873 -0.0607115938301429 -0.0605666681604492 -0.0576768066888385 -0.0563268471647686 -0.0537002880771811 -0.0521967711143843 -0.0495088912639196 -0.0505533082531848 -0.0489578956155474 -0.0444278168629522 -0.042666909985271 -0.0435204656776463 -0.0425864302689996 -0.0461974550688018 -0.0411750421729273 -0.0412160363328455 -0.0394254181266783 0.0378546483227726 -0.032743155028641 -0.0378120329322562 -0.0376534490966216 -0.0349249576768325 -0.0315564454772435
0.10156322452572 0.0254392198399298 0.0227107135640759 0.0192609761719321 0.0166632263169767 0.0139247986448349 0.0102343993345585 0.00639813779406023 0.000207696903321994 -0.00336840406453769 -0.00586350977270313 -0.0105748625461104 -0.0140202670709313 -0.0178849132705953 -0.0223966243649053 -0.026513450076781 -0.0304555898869434 -0.0294016035193101 0.0357596119372322 0.0327049086335319 0.0303512610436161 0.0287537648291363 0.0269361424026453 0.0247233254886333 0.0213239377602522 0.018558783821721 -0.0592161564278147 -0.0595289439123655 -0.0602387496281262 -0.0585047144258969 -0.0562242533082571 -0.0542004350031174 -0.0535530985093772 -0.0504558821675672 -0.0511990018047794 -0.0483978262441343 -0.0448954602380756 -0.0428827461667999 -0.0413297592131178 -0.0424655194531872 -0.042187596694326 -0.0434885692751036 -0.0424112247759875 0.0346220165030938 0.0410942869879732 0.0403736458186021 0.0350851902276995 0.0344519707002552 0.0337066051995591 -0.0344957436696151
0.102619903829182 0.0975607927332789 0.0226608501281046 0.0188990291312234 0.0155370359931806 0.0133371502191113 0.00785422523749104 0.00388059943672096 -0.00412225622023402 -0.00582363410065796 -0.0105893891371845 -0.0149618347402224 -0.0202835822314276 -0.0245214701705337 -0.027866988790676 -0.0310383376597814 -0.0331014406295484 -0.0339491505325617 0.0317597822348773 0.0283708028308823 0.026085514521869 0.023560482604664 0.0241757096808173 0.0204823992325246 0.0184596679311425 0.0151758805429315 -0.0598290109901167 -0.0583876203536891 -0.0593221785856172 -0.0577574855128498 -0.0573799892543908 -0.0551131248438098 -0.0522665236230438 -0.0499204630703366 -0.0484038038388409 -0.0460398917961369 -0.0444366962518028 -0.0435689451006684 0.0361869966135502 0.0377090495404693 0.0355408054998268 0.0344171272799568 0.0323232433081334 0.0363740233027754 0.0434172290189228 0.0439165338323766 0.0422925778992673 0.0390836768014621 0.0411315694904878 0.0433276860846059
0.104963298420454 0.0995763214578895 0.0946100581314431 0.0171155418049654 0.0147693870223568 0.0124470282428663 0.00677915816785762 0.00137176329241007 -0.00430761716737544 -0.00920672788592755 -0.0134037720780913 -0.0198945806739567 -0.0245807485172634 -0.0298468775487651 -0.0332983956566159 -0.0372441963497203 -0.0377798632044701 -0.0392665082178971 0.0283006789196342 0.0256606890177274 0.0207340022925179 0.019114357631215 0.0193958886147609 0.0193789575003161 0.0171547853753308 0.0156064881899385 -0.0604165133425378 -0.0584000367854643 -0.0614884940027909 -0.0595272096779625 -0.0563582291639163 -0.0537343661143159 -0.0514542678619259 -0.0497508743042822 -0.0464804258994354 -0.0456197146924553 -0.0436655848314787 0.0357631234000094 0.0383098147016894 0.0420162283234297 0.0394190349909444 0.0399974049890175 0.0364944356145391 0.0389844651062586 0.04591921281013 0.0463939422061648 0.048360277912975 0.0423598641490669 0.0423815278109363 0.0512048139109407
0.10686068231945 0.102291386631154 0.0981793844022042 0.0155442642244699 0.0157062576000056 0.0112342542411315 0.00685729331184512 -0.00177556212850039 -0.00699700605501013 -0.012011169941353 -0.0150522281894234 -0.022484082610279 -0.0286748044233462 -0.033199113614946 -0.0386629953575592 -0.0437861501896581 -0.0405470600857356 -0.0452282425644456 -0.0457470779451798 0.0227184975506635 0.0214261052716111 0.0211726588801817 0.0218026707655889 0.0211130726125897 0.0190030558861576 0.0169224073670422 -0.0598882891734016 -0.0591958472616992 -0.0580078346726152 -0.0565134888727944 -0.0538794064228873 -0.0516267122712656 -0.0495639063283464 -0.0478707904026362 -0.0447146513653062 -0.0448614876379155 0.0409985124574195 0.0427345759904501 0.0427764987756962 0.0462122231800781 0.0435821626238041 0.0415401054422927 0.0424512795335319 0.0428736170148888 0.0442977447539637 0.0496712578940209 0.0497189638227203 0.0512032503446583 0.0531883626167647 0.0552560563915778
0.109258672045951 0.105798901771087 0.100229580961372 0.094207535364432 0.0882276242550134 0.00914107139518101 0.00470435544091762 -0.00369437465562594 -0.00843557438712379 -0.0126402977444337 -0.0171709174222191 -0.0212538762260372 -0.0285945967127559 -0.0344365631632271 -0.0400802902920719 -0.0419567500889759 -0.0439042567495474 -0.0450962105361728 -0.0510371669070558 -0.0521201696637411 0.0196555539145927 0.0204222916992514 0.0218924180556418 0.0218181427480126 0.0215104310668534 -0.0637718470383011 -0.0678553598251207 -0.0587586314248454 -0.0546418557006015 -0.0533535299928224 -0.0506287144048475 -0.047605830475849 -0.0457061282781814 -0.0448635792183592 0.039934035090672 0.0438085050233803 0.0473554703617075 0.0474164270126819 0.0462677758082379 0.0485476548353628 0.0480911208068719 0.0447770876692576 0.0475728387130667 0.0511673784904521 0.0515939377550323 0.053405496439772 0.0518293768934128 0.0522607392219699 0.0561912017781107 -0.0189946846055894
0.109859469371936 0.105065926035985 0.100982961709408 0.0964920033408783 0.0895375905106448 0.0806085336631317 -0.000312169010106965 -0.00246313596689041 -0.00236096148811218 -0.00643925970476958 -0.0140305635813868 -0.0177158890648009 -0.0303317841785114 -0.0348038373452765 -0.0420162366580279 -0.0478106986774577 -0.0514620479220317 -0.0506369515005972 -0.0571726015856251 -0.0572305187093653 -0.0556757056135148 -0.0516484103689361 -0.0541607265578168 -0.0516749061854824 -0.0552225739961142 -0.0616584757294202 -0.0651259763378655 -0.0593867021001879 -0.05358412103177 -0.0516021521043044 -0.0481648180826723 -0.0463533933438765 -0.0428440867198705 -0.0464565407211689 0.0461451676661834 0.0446728217317667 0.046905646882834 0.0508813468891279 0.0546969219886265 0.055443797454847 0.0529053269169965 0.0508834738858019 0.0527290224952843 0.0537046560135044 0.0542644166005257 0.056764300712845 -0.0223720558467902 -0.0183290579035405 -0.0218350195678993 -0.0154347525607731
0.113404672418108 0.104789409394188 0.0994488326805397 0.0949828741782954 0.0927918311044839 0.0832392072359783 0.0813130985024502 0.00552212056794159 0.00298199761888522 0.00161572656277952 -0.00496119513699873 -0.012569665454505 -0.026003333586309 -0.0338601641356874 -0.0421985838121339 -0.046782303173731 -0.0547494690070701 -0.0565111670096724 -0.0591320258467334 -0.0550347417057413 -0.054179063436698 -0.0553546249021095 -0.0534845260904985 -0.0525979565689315 -0.054745254605171 -0.05660600730441 -0.056570268322543 -0.0538416833754404 -0.050956771058375 -0.0441801684039001 -0.0446979907642476 -0.0436410469255567 0.0442113785135088 0.0432406485319437 0.0527759012670736 0.0512052119541698 0.0547457741557227 0.0571094326368947 0.0611150842353635 -0.0198545682735424 -0.022255722434616 -0.0203342397335967 0.058636290937271 0.0561582469521688 -0.0221046272574127 -0.0241727808094548 -0.0190436738241817 -0.016747775220021 -0.0150010077760415 -0.0142771222068596
0.116388255676851 0.110279015163249 0.105720853860071 0.101444498232507 0.0953561888574236 0.090017559751721 0.0915594733793253 0.0900523778566275 0.00720613101519615 0.00655801274629645 0.000768813121298249 -0.00751983962911518 -0.0182588150113917 -0.0290738647074336 -0.0349696120176547 -0.0451701186030348 -0.0490865736591401 -0.0506886191151143 -0.0523498397172958 -0.0519732302620805 -0.0494227358021967 -0.0488037990579008 -0.0469702266701564 -0.0476868826444669 -0.0472161653911111 -0.0496036957167388 -0.0512901158585798 -0.0504651187205099 -0.0485044350125758 -0.0425072642165499 0.0504304862649359 0.0541662195143826 0.0569241679583147 0.058429610138914 0.0578327311845206 0.0608222726341748 0.0633255730807082 0.0630369310657167 0.0622755917716983 -0.0180689454767316 -0.0158359654621719 -0.0174259559771997 -0.0164758115316374 -0.0173642453865564 -0.0176364934301712 -0.0204877655927501 -0.0192207916331657 -0.0146903445343559 -0.0131787558474145 -0.0111798008880105
0.125118456775011 0.115345877406449 0.115374266308107 0.108455238592807 0.101176627894491 0.0956043454600169 0.09827707364984 0.0956081271341767 0.0923809088521563 0.00886820407282141 0.00421203495944124 -0.00449823555543031 -0.0125087853052051 -0.0220179027248779 -0.0283831421044675 -0.0375093746061822 -0.04177240476463 -0.0426366983156214 -0.0435395529972663 -0.044916367237579 -0.0464240065500472 -0.0455451540409461 -0.0455303136447838 -0.0446026549792645 -0.0424668469651557 -0.0438596324774892 -0.0428375812596881 -0.0444575059328525 -0.0407662365419806 0.0571134030360631 0.0637161663684665 0.0626860335629648 0.0667642213577538 0.0688260565617696 0.0688241993951706 0.0695621936661132 0.0704863525918046 0.0678129875987152 -0.0157042476901046 -0.014357019696197 -0.015161362633321 -0.0165642631902072 -0.0134946233032843 -0.0158533648947484 -0.016789829572621 -0.016071000883842 -0.0162343122986883 -0.013474756726364 -0.0107594411241526 -0.0116375178699652
0.126781237861489 0.126522030991623 0.121027626883792 0.116526696312188 0.107529173558366 0.102989269072825 0.106095387180578 0.10647947157143 0.103670024689518 0.0994055630395332 0.0923760615469559 0.00334874924803098 -0.00449823275142219 -0.0175463671592294 -0.0210837717243958 -0.0291264277197417 -0.0341536142381855 -0.0342635373532184 -0.0357418972950894 -0.0366529499534573 -0.0377069403491274 -0.0392140104765258 -0.0384809815623007 -0.041292574523327 -0.0393212961842514 -0.0362528385062311 -0.0371343411536878 -0.0340878158507106 0.0606500981747148 0.0665621455578612 0.0755046454858057 0.0773702850508215 0.0794306999889584 0.0773515873223451 -0.00917233613945462 -0.00727782056389928 -0.0098447454419573 -0.0107805849341633 -0.0128732950889925 -0.0128065477567647 -0.0143273160017622 -0.0160150058655831 -0.0174228982604486 -0.019419909749403 -0.0150082552091051 -0.0198257172138949 -0.015701529315157 -0.0138338119937247 -0.0119391203480719 -0.0126583293719471
0.131216108330549 0.130401752112089 0.0547378878478349 0.122268371127615 0.116193256277232 0.112897899288313 0.111772139437564 0.111431706901044 0.110401428438264 0.105592301285358 0.0976829053932111 0.0910721308782485 0.0834962537932345 -0.00723435497690647 -0.0139834145553937 -0.0192045408931198 -0.0242405831572041 -0.0274623826986716 -0.0282152068926727 -0.0292316747276206 -0.0304520404859383 -0.0330705963788609 -0.0337236867790288 -0.032984119428179 -0.0298506981663134 0.0606628559886225 0.0666501308748321 0.0721638432422977 0.0734878135776037 0.0767298386634547 0.0829693867374906 0.0850453115414895 0.085251339931045 -0.00296566449854402 -0.00404933619313351 -0.00504990006196038 -0.00467523159716048 -0.00656929267884014 -0.00789911090121051 -0.0108013886185356 -0.00972332169874927 -0.0125057009655393 -0.012262508999144 -0.0167696250341918 -0.0169419447653789 -0.0168018649991552 -0.0112637133405174 -0.0092985171633916 -0.00982763751196334 -0.0102257935486456
0.0624129825564364 0.131267148678119 0.05554949485262 0.0565998752430052 0.0530594782020054 0.0462072434278224 0.0434311322394369 0.0416912248735445 0.0362810290029185 0.0308825556083441 0.0238875371367372 0.09903259076077 0.0919143827363579 0.0857508127207818 0.0801652438892768 0.0739351997046383 0.0664236461348152 -0.0173025028718118 -0.0225442763846843 -0.0235648410514861 -0.0236699783137413 -0.0259058805018182 -0.0282959952664379 0.0602751283911849 0.0663461100230452 0.0731123656514742 0.0781731706085077 0.0825393068049554 0.0852697996641802 0.087565016647591 0.089197959867528 0.00266305817984769 0.00343782740485981 0.00301406189527222 0.00172561859681657 0.000854600949190452 -0.00264455955736217 -0.00499716311100681 -0.00607042700127797 -0.00451797543038918 -0.0107480002418004 -0.0120083330549468 -0.0122973054039176 -0.0104915761824587 -0.00798330436498386 -0.0108077120277106 -0.00682801082396402 -0.0102385461459795 -0.0119303256411549 -0.0136608964605579
0.065068738043476 0.0617686044572828 0.060908749294874 0.0625952985237133 0.0574637160521527 0.0526023027556514 0.0500256946650765 0.0488123239355774 0.0441888143887086 0.0358302543356737 0.0286410893744876 0.0229683744764788 0.017827969907048 0.0111622602449652 0.00632384228859885 0.0827564673144457 0.0773907176595363 0.0721752099369136 0.0682938542751095 0.0682357394400094 0.0647838333537694 0.06224048530013 0.0627512405830911 0.0680621433713055 0.0730225653148634 0.0761277479786806 0.0828145223680292 0.0878569320595882 0.0926485840204693 0.00378469468583389 0.00526187271620301 0.00699539811470392 0.00733500296748376 0.00647763598656243 0.00792659622132879 0.006059980485649 0.00355193900390626 -0.000102490098793751 -0.0011968003416904 -0.00196798817727678 -0.00936201779878782 -0.0119702452621834 -0.00902954713146136 -0.00831990097124255 -0.00957049492366154 -0.0108083264214026 -0.00893984174820031 -0.0117126743587014 -0.0141199358043585 -0.0146946653891806
0.0658856105877729 0.0625402684546193 0.063467275908067 0.0664798773040716 0.063625046815222 0.0603763446524779 0.0599719871888347 0.0587273393782719 0.0533136469842375 0.0491533672648899 0.0416161297016275 0.0339363685812989 0.0267340044386522 0.0208366767404778 0.009390066502825 0.00631786269672143 0.00533782018965151 0.00168555461486821 -0.00200010009281087 -0.00361515594801289 -0.00719763582613987 0.0799932746335358 0.0787212592361786 0.0781976056014338 0.0803861424656264 0.085554687691092 0.0900065624687056 0.00309671693037571 0.00447193819444708 0.00822810018340896 0.0106921021203648 0.0113334379850493 0.0109292431241961 0.0108398326710382 0.0113895629232627 0.0100175726898293 0.00574927921783412 0.00502697749307747 0.00265534234950247 0.00346297890882373 -0.00386271960121411 -0.00911650657235832 -0.00751351753871202 -0.00876616889245412 -0.0139687754767357 -0.0131163005483828 -0.014188226823551 -0.0128024831420566 -0.0130041127032408 -0.0147414811404674
0.0661079414317534 0.0629168156864915 0.0648149546118701 0.0711096476769595 0.0716296818011011 0.0704522029560123 0.0700697392645241 0.0655134083546525 0.0671335719245525 0.0597627294107148 0.0518612026063744 0.044017621571334 0.0368710316630102 0.0359613278386311 0.017951412430359 0.0109936329658306 0.00838833559144101 0.00759141946894 0.00706522242037903 0.00489461280598165 0.0011575241982899 -0.00209211149467878 -0.00432652830348281 -0.00490124725018797 -0.0031394284249669 0.000607523546812722 0.00202273173900442 0.0047500740393701 0.00919538667388371 0.012850224691674 0.0151088504910719 0.0146211960304688 0.0153309507475413 0.0157946003287207 0.01583925334442 0.0150043607766962 0.0105684634637713 0.00944403521653753 0.00793292281316423 0.00365020088039909 0.00325422406965823 -0.000816527340835507 -0.00331096183133339 -0.00535741104469114 -0.0097471358411706 -0.0123940381508179 -0.0142004460632063 -0.0156118518974085 -0.0154435219851622 -0.0124726780312317
