data/pcas/pca_referenceLayers/PC11.asc
NCOLS 494 
NROWS 529 
XLLCORNER -117.166666666667 
YLLCORNER -55.5 
CELLSIZE 0.166666666666667 
NODATA_value -3.4e+38 
[rows 220 to 241 of 529, columns 200 to 249 of 494]
-3.4e+38 -3.4e+38 -3.4e+38 -3.4e+38 -3.4e+38 -3.4e+38 -3.4e+38 -3.4e+38 -3.4e+38 -3.4e+38 -3.4e+38 -3.4e+38 -3.4e+38 -3.4e+38 -3.4e+38 -3.4e+38 -0.161827219986169 -0.164318778143807 -0.247623098191942 -0.268744404876463 -0.284870354663847 -0.284126248506607 -0.260225314647291 -0.191372669478139 -0.161287429376187 -0.0818911744090097 -0.0571607427027454 0.0360403805811453 0.0868360286387155 0.0703242047637856 0.0937760481311072 0.0500330894306238 0.0385366384834722 0.0350656560435149 0.0180432417153726 0.0104420530185014 -0.0489522279524035 -0.0086774031487191 -0.0541684935730124 -0.0547205624906863 -0.0589363804128503 -0.0393609325441957 -0.0352843980318377 -0.016124570186066 -0.0100234567508533 -0.0119813670395728 -0.00619905245388815 -0.00718598516089073 -0.0056856212042455 -0.0229255867998877
-3.4e+38 -3.4e+38 -3.4e+38 -3.4e+38 -3.4e+38 -3.4e+38 -3.4e+38 -3.4e+38 -3.4e+38 -3.4e+38 -3.4e+38 -3.4e+38 -3.4e+38 -3.4e+38 -3.4e+38 -0.237190582437185 -0.163555346798962 -0.193940888524043 -0.265798516091597 -0.296908956016116 -0.315093587077857 -0.311618589949389 -0.26872614427335 -0.235290843461364 -0.0863097068366468 -0.0654513926763096 0.00366018323649551 -0.0204578421486317 0.0572454266746473 0.0819422523026854 0.0702290960675769 0.0464758659900187 0.0424641231293503 0.0363736167434305 0.0251355564697734 -0.0154695756531297 -0.0230940641149906 -0.00869829147506502 -0.0523961661399278 -0.0383091838366014 -0.043388460050942 -0.0451603664937029 -0.0435350922078701 -0.019636362744714 -0.0210630045281876 -0.0163770680579868 -0.0125192285357035 -0.0243420489352906 -0.0226912044300969 -0.0260432892554662
-3.4e+38 -3.4e+38 -3.4e+38 -3.4e+38 -3.4e+38 -3.4e+38 -3.4e+38 -3.4e+38 -3.4e+38 -3.4e+38 -3.4e+38 -3.4e+38 -3.4e+38 -3.4e+38 -3.4e+38 -0.141863504075261 -0.129240560351304 -0.299870808532297 -0.307203402202919 -0.344632206528248 -0.384288250064734 -0.3829441245069 -0.285226432233286 -0.237962784674052 -0.138840295809093 -0.0682896766304409 -0.0393442941145381 0.0366687618395439 0.0437085485088373 0.0503506708320595 0.0479708127687834 0.03471755030972 0.0178295182788693 0.00884064411777132 0.00106143823118868 -0.0132528016186044 -0.018862050744886 -0.0228424791619617 -0.0487276238225354 -0.0537546353331685 -0.0456163182444007 -0.0476943501238577 -0.029502843262428 -0.0234921570696136 -0.00430014342931131 -0.0196727782510299 -0.0292991632160345 -0.0275970961689769 -0.0274279814071078 -0.0290137070032957
-3.4e+38 -3.4e+38 -3.4e+38 -3.4e+38 -3.4e+38 -3.4e+38 -3.4e+38 -3.4e+38 -3.4e+38 -3.4e+38 -3.4e+38 -3.4e+38 -3.4e+38 -3.4e+38 -3.4e+38 -0.123575949962969 -0.167194930792407 -0.323999827467476 -0.304943863807233 -0.360403054587811 -0.426060794148697 -0.365881827506446 -0.261131309836826 -0.207660650973016 -0.151708125927594 -0.0153194362424183 0.0104182124193352 0.0375837969624988 0.0258228040141279 0.0496248890484925 0.0533804615056675 0.0364147962666266 0.0208942270129838 -0.0231446027003732 -0.0268770722810679 -0.0097689186976541 -0.0142397587749863 -0.019354111990194 -0.0437044118499168 -0.0404400631936615 -0.0455484283633428 -0.0498853909578361 -0.0307262808216644 -0.028141508613395 -0.0280735476694325 -0.023538355706697 -0.0339257152156933 -0.0308134260850054 -0.0316931103357379 -0.0338485571942681
-3.4e+38 -3.4e+38 -3.4e+38 -3.4e+38 -3.4e+38 -3.4e+38 -3.4e+38 -3.4e+38 -3.4e+38 -3.4e+38 -3.4e+38 -3.4e+38 -3.4e+38 -3.4e+38 -3.4e+38 0.0627199767461417 -0.167192214183643 -0.134681136840482 -0.152161453388423 -0.311011046174705 -0.343709344879687 -0.343676934537091 -0.227910780296735 -0.187945008837328 -0.0650944843574518 0.0250260266318549 -0.0422437229463858 0.0470967814888218 0.0369698735150092 0.0490780435036266 0.0426445978876808 0.041377502514471 0.0239937952370689 -0.0293970387332439 -0.0295094459129317 -0.0262048379703114 0.0271628790014792 -0.0339475088970455 -0.0256522729276809 -0.0346694468661103 -0.0443767540610598 -0.0297246628234513 -0.0330879246834554 -0.0369947550585026 -0.0305035316145347 -0.0636393453498992 -0.058583015392207 -0.0570037635644395 -0.0338033954066477 -0.0335743254113349
-3.4e+38 -3.4e+38 -3.4e+38 -3.4e+38 -3.4e+38 -3.4e+38 -3.4e+38 -3.4e+38 -3.4e+38 -3.4e+38 -3.4e+38 -3.4e+38 -3.4e+38 -3.4e+38 -3.4e+38 0.0621334943329421 -0.172472833494578 -0.131383769162357 -0.183231622271061 -0.244933458427888 -0.235863994827805 -0.307874296251204 -0.229861166683261 -0.130913271869064 -0.0850663417339109 -0.0249016617666552 -0.0444843785382071 0.0235289357508656 -0.0139108832071442 0.0391943350703798 0.0480695621679309 0.0181835285386367 -0.00626935160068711 -0.0183093784630116 -0.0248408887670439 -0.0213548603164046 0.042771396239734 -0.0219541435836494 -0.0150994971618455 -0.0264011729874159 -0.0388849089658691 -0.0263986426900985 -0.0298829785829493 -0.0238292545203626 -0.0411052078671223 -0.0368816815141801 -0.06022916270503 -0.0549940011498804 -0.0510094548454259 -0.052566361897147
-3.4e+38 -3.4e+38 -3.4e+38 -3.4e+38 -3.4e+38 -3.4e+38 -3.4e+38 -3.4e+38 -3.4e+38 -3.4e+38 -3.4e+38 -3.4e+38 -3.4e+38 -3.4e+38 -3.4e+38 0.12531037024622 -0.102265372613259 -0.090578188920495 -0.035304213298239 -0.088176319616876 -0.254277347820989 -0.26486797339168 -0.310205512656143 -0.220952910176912 -0.100690930231866 -0.0548501343100193 0.0419367416550631 0.0492021701538996 0.000349562369474896 0.0614830632893392 0.0557515002340326 0.0556897540194371 -0.0108395701339008 0.0546314488397199 0.0253536553959812 0.0706888769469283 0.0643289958373839 0.00168662470097441 -0.00245161412655052 -0.0189438795007662 -0.0310886045058072 -0.0387562597252665 -0.0182501725705455 -0.0388489588819993 -0.0374072142963236 -0.061845745865531 -0.0586703469012939 -0.0566928030363637 -0.0554452324396315 -0.0578978957292113
-3.4e+38 -3.4e+38 -3.4e+38 -3.4e+38 -3.4e+38 -3.4e+38 -3.4e+38 -3.4e+38 -3.4e+38 -3.4e+38 -3.4e+38 -3.4e+38 -3.4e+38 -3.4e+38 -3.4e+38 0.101961179504037 -0.111230884975097 -0.0805094059391086 -0.0760223715709769 -0.185233942883086 -0.257888694446096 -0.30647267478038 -0.342710201185499 -0.326139731302083 -0.228209817308687 -0.0949554298413332 0.052385991195687 0.0646736477008715 0.0571813259456785 0.0618979730888782 0.067714147886764 0.0616295145708525 -0.00502268305985579 0.0030747894137029 0.0433114508972399 0.0288642973074943 0.0319593806924737 0.0184848358563083 0.0213850900594785 0.00873831942964622 -0.0159191488173306 -0.0282814437852331 -0.0184607568596269 -0.0564088771068702 -0.06038024180175 -0.0603560770467199 -0.0599163015636364 -0.0584487154695734 -0.0601661111466275 -0.0637734940691587
-3.4e+38 -3.4e+38 -3.4e+38 -3.4e+38 -3.4e+38 -3.4e+38 -3.4e+38 -3.4e+38 -3.4e+38 -3.4e+38 -3.4e+38 -3.4e+38 -3.4e+38 -3.4e+38 -3.4e+38 -3.4e+38 0.101455805099605 -0.0659221059443365 0.0131224220108234 -0.198228174903246 -0.282305107696977 -0.353358871440695 -0.380873749628245 -0.343880863299587 -0.268407709491421 -0.111151890092824 0.0579021698661504 0.0768681406278732 0.0326897397503854 0.0469971520307445 0.0364787175320637 0.0664959561161605 0.0525324087151746 0.0759362382242331 0.0673257406254425 0.0710330964192206 0.0631775201198212 0.0543090503872061 0.0434187592845968 0.0255260515653154 0.00972966986645568 -0.00501358398744485 -0.0381352613551045 -0.0524723585677665 -0.0549420881004252 -0.0582856480274405 -0.0522512295179627 -0.058251512398703 -0.0572934803660416 -0.0514858407019959
-3.4e+38 -3.4e+38 -3.4e+38 -3.4e+38 -3.4e+38 -3.4e+38 -3.4e+38 -3.4e+38 -3.4e+38 -3.4e+38 -3.4e+38 -3.4e+38 -3.4e+38 -3.4e+38 -3.4e+38 -3.4e+38 -3.4e+38 -0.0592496937614963 -0.0905580432296604 -0.149819581926668 -0.239196943975941 -0.366940482240567 -0.39212351140618 -0.360998457718532 -0.279014860778655 -0.122433380793198 0.0439658436521794 0.0760495457267604 0.0885513014724358 0.0745546429203726 0.0377987670577774 0.0496031354626477 0.0810017266752728 0.0704795413080797 0.0754722518807749 0.0716482220337605 0.06856070827028 0.0564501411342979 0.0473605706292413 0.0364933270458157 0.0258199542077983 0.0194348923032154 -0.0079651801325068 -0.0418838385869514 -0.0485766417084672 -0.0404378461473986 -0.0430825357504573 -0.0467201523755642 -0.0471536890611329 -0.0450549513375414
-3.4e+38 -3.4e+38 -3.4e+38 -3.4e+38 -3.4e+38 -3.4e+38 -3.4e+38 -3.4e+38 -3.4e+38 -3.4e+38 -3.4e+38 -3.4e+38 -3.4e+38 -3.4e+38 -3.4e+38 -3.4e+38 -0.00269020805336795 -0.124504303436657 -0.139509732858085 -0.199240257453361 -0.245456161618537 -0.379773772405892 -0.331999613474464 -0.33942531396583 -0.290837027520108 -0.116302917640676 -0.026530023644476 0.0816800826003909 0.04517316593212 0.0884568456092036 0.0643860317837014 0.0560104938845318 0.061391937280309 0.097618129240342 0.0687458376060461 0.0729902463761871 0.0689220543092479 0.0696946694435303 0.043389702238483 0.0318428705097233 0.0220764674021207 0.0217474362457148 0.00713726190696309 -0.029473598717294 -0.0484333144209519 -0.0412829140257548 -0.0445073934825242 -0.0466010377439513 -0.0470368264089703 -0.047150486690415
-3.4e+38 -3.4e+38 -3.4e+38 -3.4e+38 -3.4e+38 -3.4e+38 -3.4e+38 -3.4e+38 -3.4e+38 -3.4e+38 -3.4e+38 -3.4e+38 -3.4e+38 -3.4e+38 -3.4e+38 -3.4e+38 -0.0696978001175403 -0.170694483234242 -0.18923256327395 -0.213145895151034 -0.258012069441601 -0.294218708699643 -0.343574965294104 -0.340373746683945 -0.311505598864636 -0.208601886121254 -0.0559248342143077 -0.022279088614288 0.0413573608586034 0.0535695705498242 0.0589256627739385 0.100737357925789 0.0855943304735235 0.0925520254351848 0.0747932648426718 0.0692337174853348 0.0649955811460994 0.0646556160546346 0.0554631844022923 0.0337989417462877 0.0240341657912521 0.024063842350118 0.0209577172460945 -0.00712354154310488 -0.047391000359174 -0.0363585562736275 -0.0378321979825676 -0.0374254921261327 -0.0375105530450173 -0.037675359993764
-3.4e+38 -3.4e+38 -3.4e+38 -3.4e+38 -3.4e+38 -3.4e+38 -3.4e+38 -3.4e+38 -3.4e+38 -3.4e+38 -3.4e+38 -3.4e+38 -3.4e+38 -3.4e+38 -3.4e+38 -3.4e+38 -0.0447682798212726 -0.00120076678514341 -0.185691840104368 -0.239366481478259 -0.269977674442357 -0.312173912539584 -0.312239112455774 -0.307950854187987 -0.330299997105999 -0.249954872703618 -0.0238878670313682 0.0309074824586307 0.00929746092505256 0.0428840190752502 0.0621056951001749 0.0549760031826438 0.0862945689565445 0.0731510794097324 0.0694772420251126 0.0565903642975291 0.0589886306711162 0.0546057219131535 0.0564459482648417 0.0436930267210336 0.0301827010168701 0.0277679838972921 0.0224799910441004 0.0111559552359183 -0.0330684444100633 -0.0536445979447913 -0.0393568382812672 -0.0359622593598604 -0.035683215577338 -0.0334726613542438
-3.4e+38 -3.4e+38 -3.4e+38 -3.4e+38 -3.4e+38 -3.4e+38 -3.4e+38 -3.4e+38 -3.4e+38 -3.4e+38 -3.4e+38 -3.4e+38 -3.4e+38 -3.4e+38 -3.4e+38 -3.4e+38 -3.4e+38 -0.0514391158910432 -0.0936808328670856 -0.263526761332493 -0.265780844982202 -0.298711329740305 -0.302515257249615 -0.329794614296434 -0.299560520795382 -0.272223461222113 -0.0788832862205989 0.0863868080838924 0.0334757256730927 0.064288323936816 0.104899152574838 0.0962855198230252 0.0842914332702777 0.0755342105407255 0.0663617671575952 0.0595123199045641 0.0566044253090789 0.0568737755696746 0.0564664482282289 0.0492317455098948 0.0419387320191128 0.0386823308015521 0.0230201786376536 0.01221579884839 -0.00357125335696261 -0.0436311261508345 -0.054319791575727 -0.0304837632156993 -0.0299061071683651 -0.0286755599742838
-3.4e+38 -3.4e+38 -3.4e+38 -3.4e+38 -3.4e+38 -3.4e+38 -3.4e+38 -3.4e+38 -3.4e+38 -3.4e+38 -3.4e+38 -3.4e+38 -3.4e+38 -3.4e+38 -3.4e+38 -3.4e+38 -3.4e+38 0.0126280313349113 -0.112687176077065 -0.286988174648994 -0.292012996787613 -0.285269101078269 -0.260401270369285 -0.209051908543619 -0.281141882236921 -0.31360673194265 -0.23000957622111 -0.0304677841041489 0.0414214735160596 0.0609095479272928 0.091904285613651 0.0782842510172922 0.0746077306804468 0.0702508996204615 0.0646905981835473 0.0627338353894336 0.05849186613584 0.0471389673355911 0.0443918632116327 0.0477702421107759 0.043105466960453 0.0381262382898671 0.0336733562487439 0.0160271739449897 0.00874021658290611 -0.00330929763353159 -0.0253902156411894 -0.0449658006723107 -0.0494853966521142 -0.0499691475708161
-3.4e+38 -3.4e+38 -3.4e+38 -3.4e+38 -3.4e+38 -3.4e+38 -3.4e+38 -3.4e+38 -3.4e+38 -3.4e+38 -3.4e+38 -3.4e+38 -3.4e+38 -3.4e+38 -3.4e+38 -3.4e+38 -3.4e+38 -3.4e+38 -3.4e+38 -3.4e+38 -0.305682899501469 -0.253484065328264 -0.24780040907659 -0.0836387158329934 -0.265898334260953 -0.285397953438989 -0.239630342149983 -0.189814480102468 -0.0230889756196424 0.0415941157736802 0.096415922556273 0.0825819436394073 0.0821421945948902 0.0632491693088866 0.0697795161057329 0.0601018973390035 0.0553854840729352 0.050777191337589 0.0408515887028474 0.0424159879649314 0.0406561305985815 0.0341224740168091 0.0261619394819288 0.0240046010412568 0.0216064006319402 0.00733782731780953 -0.00872690038853073 -0.0233739728169258 -0.0412197057950957 -0.0431294695789631
-3.4e+38 -3.4e+38 -3.4e+38 -3.4e+38 -3.4e+38 -3.4e+38 -3.4e+38 -3.4e+38 -3.4e+38 -3.4e+38 -3.4e+38 -3.4e+38 -3.4e+38 -3.4e+38 -3.4e+38 -3.4e+38 -3.4e+38 -3.4e+38 -3.4e+38 -3.4e+38 -3.4e+38 -3.4e+38 -0.159733342621654 -0.131360220261051 -0.112339735618883 -0.193177112491026 -0.230607906793466 -0.169274428610986 0.0139922041802874 0.0680041957604223 0.0995416512141989 0.0924642875756355 0.0848762878032309 0.0634701472410647 0.0649568489802967 0.0578347204597649 0.0569952862823954 0.045205088989308 0.0422465805579251 0.0440881833139005 0.0402760337540756 0.0325240719785285 0.0236849353836507 0.023129373397781 0.0232348569329011 0.0162328471131585 0.00233130992450887 -0.00975415114185637 -0.0239424365814574 -0.0373304862996062
-3.4e+38 -3.4e+38 -3.4e+38 -3.4e+38 -3.4e+38 -3.4e+38 -3.4e+38 -3.4e+38 -3.4e+38 -3.4e+38 -3.4e+38 -3.4e+38 -3.4e+38 -3.4e+38 -3.4e+38 -3.4e+38 -3.4e+38 -3.4e+38 -0.0700339029393425 -3.4e+38 -3.4e+38 -3.4e+38 -3.4e+38 -0.125329763305653 -0.119459771850641 -0.104294707618691 -0.198397022190408 -0.185692336229411 0.00920684392058714 0.0652453302548091 0.0939636586117831 0.0982193643873105 0.0963793086592206 0.0790414743164855 0.0620884480060375 0.0643104479260875 0.0574382968623731 0.0453706878256109 0.0417869441131677 0.0437118081640121 0.038399435901257 0.0276696904344347 0.0218299205274796 0.0156848216589123 0.0194152857775762 0.0171688298382027 0.000609583640821108 -0.00861145799677596 -0.0201299838162083 -0.0280571153919423
-3.4e+38 -3.4e+38 -3.4e+38 -3.4e+38 -3.4e+38 -3.4e+38 -3.4e+38 -3.4e+38 -3.4e+38 -3.4e+38 -3.4e+38 -3.4e+38 -3.4e+38 -3.4e+38 -3.4e+38 -3.4e+38 -3.4e+38 -3.4e+38 -3.4e+38 -3.4e+38 -3.4e+38 -3.4e+38 -3.4e+38 -3.4e+38 -0.108775564423084 -0.116304857572876 -0.245564703549731 -0.235789861784487 -0.0814817230094692 -0.0120228312251292 0.070746279892774 0.0941505799840159 0.0832567097605605 0.0873143729423786 0.0663368361296292 0.053581212489363 0.053958119285062 0.0508148291292067 0.0389773766522541 0.0426230688502589 0.0306521137194631 0.021739423365377 0.0112117072869022 -0.00382166572818032 0.00738886784279193 0.00395474593013644 -0.00872406777272707 -0.0145889336309166 -0.0257846225674622 -0.0388374118711145
-3.4e+38 -3.4e+38 -3.4e+38 -3.4e+38 -3.4e+38 -3.4e+38 -3.4e+38 -3.4e+38 -3.4e+38 -3.4e+38 -3.4e+38 -3.4e+38 -3.4e+38 -3.4e+38 -3.4e+38 -3.4e+38 -3.4e+38 -3.4e+38 -3.4e+38 -3.4e+38 -3.4e+38 -3.4e+38 -3.4e+38 -3.4e+38 -0.00412069159247055 -0.105057708153908 -0.15134941040022 -0.288821501507772 -0.204994405646822 -0.0726533912516005 -0.0302799148136497 0.0601259655509978 0.0723502711788239 0.0677501855552841 0.0697171377701166 0.0351568117256429 0.0430843641093937 0.0476583879481192 0.0358309136237497 0.0424298989186294 0.0280055028090809 0.0110110004765265 -0.00885659145460099 -0.0247416470012247 -0.0160302062025365 -0.00971016367968186 -0.0155617944275099 -0.0208921323745751 -0.0355580164039551 -0.0438203055668543
-3.4e+38 -3.4e+38 -3.4e+38 -3.4e+38 -3.4e+38 -3.4e+38 -3.4e+38 -3.4e+38 -3.4e+38 -3.4e+38 -3.4e+38 -3.4e+38 -3.4e+38 -3.4e+38 -3.4e+38 -3.4e+38 -3.4e+38 -3.4e+38 -3.4e+38 -3.4e+38 -3.4e+38 -3.4e+38 -3.4e+38 -3.4e+38 -3.4e+38 0.00627463512994192 -0.0653668145666054 -0.275488332188243 -0.154892883528007 -0.0912760631204953 0.0154776011505534 0.0724705831474374 0.0834889092161367 0.055392110283483 0.0242886036733271 0.0324679519820179 0.0360711655634853 0.0477978275853795 0.0352494657446967 0.0333242487893801 0.0315994511915478 0.00437983288749632 -0.0125534946202813 -0.0410991217950851 -0.0383405175090876 -0.0149537206775505 -0.0301428606324623 -0.031789038476412 -0.0425241330264171 -0.0463448801690582
-3.4e+38 -3.4e+38 -3.4e+38 -3.4e+38 -3.4e+38 -3.4e+38 -3.4e+38 -3.4e+38 -3.4e+38 -3.4e+38 -3.4e+38 -3.4e+38 -3.4e+38 -3.4e+38 -3.4e+38 -3.4e+38 -3.4e+38 -3.4e+38 -3.4e+38 -3.4e+38 -3.4e+38 -3.4e+38 -3.4e+38 -3.4e+38 -3.4e+38 0.178464054594756 0.0334701757525367 -0.155821670838188 -0.266576778504102 -0.227287753741336 -0.159387992819434 -0.0852273954494229 0.0713633333458271 0.0563895852771426 0.0480368187703367 0.0594613486466341 0.0430175100716284 0.0430252293454156 0.0361889529923532 0.0306139399608991 0.0327498122559302 0.0198344217954529 -0.0325832019596528 -0.0450822432510279 -0.0538512623967168 -0.0367704663030316 -0.0408810714938235 -0.050034547819132 -0.0504878434545842 -0.0514345522779436
