data/pcas/pca_referenceLayers/PC13.asc
NCOLS 494 
NROWS 529 
XLLCORNER -117.166666666667 
YLLCORNER -55.5 
CELLSIZE 0.166666666666667 
NODATA_value -3.4e+38 
[rows 374 to 395 of 529, columns 250 to 299 of 494]
-3.4e+38 -3.4e+38 -3.4e+38 -3.4e+38 -3.4e+38 -3.4e+38 -3.4e+38 -3.4e+38 -3.4e+38 -3.4e+38 -3.4e+38 -3.4e+38 -3.4e+38 -3.4e+38 -3.4e+38 -3.4e+38 -3.4e+38 -3.4e+38 -3.4e+38 -3.4e+38 -3.4e+38 -3.4e+38 -3.4e+38 -3.4e+38 0.00579902422990761 0.0262501860873317 0.0194253414844515 -0.000166349205289741 -0.0242548896001539 -0.037502045358967 -0.0450166469633053 -0.0517860995788894 -0.0506324910650355 -0.0535207590590085 -0.0732662117534138 -0.0821117320382938 -0.0155664790607709 -0.032142251032146 -0.0121453372657293 -0.0402952544320486 -0.0359396091897295 -0.0479938336243665 -0.0307490228514383 -0.0300160261650863 -0.0149538703895013 -0.0164733970300135 -0.00737332300185466 -0.0179148618999196 -0.000939067413214148 0.00383737381317824
-3.4e+38 -3.4e+38 -3.4e+38 -3.4e+38 -3.4e+38 -3.4e+38 -3.4e+38 -3.4e+38 -3.4e+38 -3.4e+38 -3.4e+38 -3.4e+38 -3.4e+38 -3.4e+38 -3.4e+38 -3.4e+38 -3.4e+38 -3.4e+38 -3.4e+38 -3.4e+38 -3.4e+38 -3.4e+38 -3.4e+38 -3.4e+38 0.00770687884485715 0.0066505297005068 0.0134929219895371 0.010307834390499 -0.0029713966443662 -0.0305495130016576 -0.0513259611243902 -0.0566458888192689 -0.051945125689181 -0.0558909142634783 -0.0672816799776072 -0.0878607719515345 -0.0160645304815034 -0.0358412115786225 -0.0225229130969859 -0.0297704548880449 -0.0415671516133623 -0.0442091807461086 -0.0477994097731802 -0.0328323021852856 -0.0146416972959684 -0.0228355407650181 -0.0113920259001016 -0.00125283935144654 -0.000406224157573645 0.0125467814009676
-3.4e+38 -3.4e+38 -3.4e+38 -3.4e+38 -3.4e+38 -3.4e+38 -3.4e+38 -3.4e+38 -3.4e+38 -3.4e+38 -3.4e+38 -3.4e+38 -3.4e+38 -3.4e+38 -3.4e+38 -3.4e+38 -3.4e+38 -3.4e+38 -3.4e+38 -3.4e+38 -3.4e+38 -3.4e+38 -3.4e+38 -3.4e+38 0.0133268839438017 0.0217992831990763 0.0246650242306684 0.0159205771690662 0.0056897248840763 -0.0372885327902967 -0.0440968053790106 -0.0424706866297399 -0.0561759673459121 -0.0443355720683456 -0.0661691161252174 -0.0956599986877141 -0.0464920180139462 -0.0457842170304115 -0.0411311864696526 -0.0277456696877579 -0.0680225062367833 -0.0541084788867895 -0.0485276473909055 -0.0438966335442507 -0.00790633474281042 -0.013084982679407 -0.0135530079408627 0.00430442724516406 0.00605734983426023 0.0193329814678968
-3.4e+38 -3.4e+38 -3.4e+38 -3.4e+38 -3.4e+38 -3.4e+38 -3.4e+38 -3.4e+38 -3.4e+38 -3.4e+38 -3.4e+38 -3.4e+38 -3.4e+38 -3.4e+38 -3.4e+38 -3.4e+38 -3.4e+38 -3.4e+38 -3.4e+38 -3.4e+38 -3.4e+38 -3.4e+38 -3.4e+38 0.0420419862644861 0.0228228192634402 0.0290019860895312 0.0204967630401623 0.00737100840733672 -0.0128554650116892 -0.037058607504686 -0.0472050121836049 -0.0320515139529787 -0.0295739879488761 -0.032561714762995 -0.0634275196988337 -0.00980558954964591 -0.0504868500673735 -0.0500374443991866 -0.0489127313919506 -0.0516118974615582 -0.0714694649102486 -0.0527760647764092 -0.0445406301680929 -0.0234682584917375 -0.0260155727812716 -0.000729208372465449 -0.00584234357481761 -0.00499763843055329 0.0238359008765721 0.033269853844054
-3.4e+38 -3.4e+38 -3.4e+38 -3.4e+38 -3.4e+38 -3.4e+38 -3.4e+38 -3.4e+38 -3.4e+38 -3.4e+38 -3.4e+38 -3.4e+38 -3.4e+38 -3.4e+38 -3.4e+38 -3.4e+38 -3.4e+38 -3.4e+38 -3.4e+38 -3.4e+38 -3.4e+38 -3.4e+38 0.0510468677174359 0.0402288637973929 0.027187848524511 0.0238851370100227 0.0117120942688334 0.0120729205324133 -0.0135596816637732 -0.0408477975557423 -0.0237053634046999 -0.0205579792766432 -0.0170208000560548 -0.0300247191845378 -0.0718576385624175 -0.0255916376116719 -0.0559276377434754 -0.0587508638692705 -0.0370768107463443 -0.042631268010511 -0.0535710524307806 -0.0477164855972033 -0.0328588691198728 -0.0403842817330799 -0.0399675961164914 0.0126051291592783 0.00282877857550646 0.00559344979427386 0.0186808913424582 0.0331959396635466
-3.4e+38 -3.4e+38 -3.4e+38 -3.4e+38 -3.4e+38 -3.4e+38 -3.4e+38 -3.4e+38 -3.4e+38 -3.4e+38 -3.4e+38 -3.4e+38 -3.4e+38 -3.4e+38 -3.4e+38 -3.4e+38 -3.4e+38 -3.4e+38 -3.4e+38 -3.4e+38 -3.4e+38 -3.4e+38 0.0462316997442403 0.0441650063552441 0.0259570941618661 0.0103323007542765 0.00820454813823437 0.012608147694036 -0.0174976884789293 -0.0203319904050933 -0.017769599722633 -0.0102475768474729 -0.00979545863036382 -0.039552505543224 -0.0493748167411023 -0.116970506159871 -0.0600812854775827 -0.0441525073307672 -0.0290386871407695 -0.0323381079184035 -0.0418533021937897 -0.0377281613713731 -0.0220644145738927 -0.0233537548079217 -0.0150671213389162 0.0186291697388122 0.0235213314316317 0.0156272701591042 0.0210004770259501 0.0351057886297473
-3.4e+38 -3.4e+38 -3.4e+38 -3.4e+38 -3.4e+38 -3.4e+38 -3.4e+38 -3.4e+38 -3.4e+38 -3.4e+38 -3.4e+38 -3.4e+38 -3.4e+38 -3.4e+38 -3.4e+38 -3.4e+38 -3.4e+38 -3.4e+38 -3.4e+38 -3.4e+38 -3.4e+38 -3.4e+38 0.0400168271113464 0.0445494816596015 0.021427818800672 0.00901575016420112 0.0118909066253265 -0.000877409154308106 -0.00397261434930875 -0.017318073288606 -0.01557841981715 -0.00438921436348087 -0.0134601982109571 -0.036956447926781 -0.0841999010797213 -0.11708672225322 -0.0515911910191364 -0.0411797009897273 -0.0278129889941547 -0.0354639006902356 -0.0283683460676129 -0.0302755841771507 -0.0159108994428391 -0.00968360091489829 0.020815762225864 0.0199647273430107 0.032596385646247 0.0201131481222229 0.035651232100237 0.0399315490541118
-3.4e+38 -3.4e+38 -3.4e+38 -3.4e+38 -3.4e+38 -3.4e+38 -3.4e+38 -3.4e+38 -3.4e+38 -3.4e+38 -3.4e+38 -3.4e+38 -3.4e+38 -3.4e+38 -3.4e+38 -3.4e+38 -3.4e+38 -3.4e+38 -3.4e+38 -3.4e+38 -3.4e+38 -3.4e+38 0.0379567435593447 0.0422957301586283 0.0309547780812348 0.0165322063701417 0.0081347477139839 0.0011691464787029 -0.00856572534917064 -0.0153357410431167 -0.00663323153683088 0.0181766300214038 -0.0184686035863842 -0.0503647467176721 -0.0891060596336986 -0.00632736353383962 -0.0256425650739039 -0.0336461370068193 -0.0275428945111623 -0.0412396815142872 -0.0250056128708577 -0.0183715514629782 -0.00191420099257937 0.0217876038894692 0.0259231589271432 0.0345685734127291 0.0408826065398621 0.0397468390587353 0.0274465412857673 0.0559533152006973
-3.4e+38 -3.4e+38 -3.4e+38 -3.4e+38 -3.4e+38 -3.4e+38 -3.4e+38 -3.4e+38 -3.4e+38 -3.4e+38 -3.4e+38 -3.4e+38 -3.4e+38 -3.4e+38 -3.4e+38 -3.4e+38 -3.4e+38 -3.4e+38 -3.4e+38 -3.4e+38 -3.4e+38 -3.4e+38 -3.4e+38 0.0387428988552255 0.0285932001371767 0.0201396626848835 0.00400084657584499 0.00358715371011524 -0.00897218380622862 -0.0207324286669068 0.00117279487457564 0.0036928361337608 -0.0131681298870656 -0.0309352860836618 -0.0618929052978723 -0.00598732881842854 -0.0261589109911929 -0.0204875805395106 -0.0208433882695415 -0.0395152358389197 -0.0180307330661679 -0.00762424312427489 0.0186295366277412 0.031518453395096 0.0404799539893542 0.0260606505531241 0.0481115493735267 0.0574376820048564 0.034369484393252 0.07334094144877
-3.4e+38 -3.4e+38 -3.4e+38 -3.4e+38 -3.4e+38 -3.4e+38 -3.4e+38 -3.4e+38 -3.4e+38 -3.4e+38 -3.4e+38 -3.4e+38 -3.4e+38 -3.4e+38 -3.4e+38 -3.4e+38 -3.4e+38 -3.4e+38 -3.4e+38 -3.4e+38 -3.4e+38 -3.4e+38 -3.4e+38 0.0385116287713066 0.0367740200444435 0.0313088381318165 0.0208922343749457 0.0110723325046144 7.78584855023914e-06 0.0147387119137118 0.0361624217283757 0.0224711016311278 -0.00969533708928176 -0.0286280741720232 -0.0523163425272526 -0.00517432860671045 -0.0176978139974694 -0.00522104110793262 -0.0158239988412623 -0.0293312233379737 -0.00540286658278826 -0.00227088471374284 0.0369751051449566 0.0419395448090704 0.0344680971972443 -0.0184251212492429 0.0469863919246975 0.0621880311340452 0.053723445936491 0.0816863783762731
-3.4e+38 -3.4e+38 -3.4e+38 -3.4e+38 -3.4e+38 -3.4e+38 -3.4e+38 -3.4e+38 -3.4e+38 -3.4e+38 -3.4e+38 -3.4e+38 -3.4e+38 -3.4e+38 -3.4e+38 -3.4e+38 -3.4e+38 -3.4e+38 -3.4e+38 -3.4e+38 -3.4e+38 -3.4e+38 -3.4e+38 0.0324695181921289 0.0304875270473106 0.0375206325321043 0.0343069618910727 0.0267593277319262 0.0217721460323512 0.0322083164039977 0.0334903574436084 0.00983781621481537 -0.0122464053307597 -0.0332843824428443 -0.0783026802799761 -0.00195105386108984 -0.0142162958454503 -0.0270582116690712 -0.0225352888316626 -0.00467215046093275 0.00160884909410601 0.017283274702552 0.0174586502737338 0.0425071960827642 0.0245638186597979 0.0200705220497446 0.0561804453653407 0.0577237836916307 0.0764394351096384 0.0828741846743489
-3.4e+38 -3.4e+38 -3.4e+38 -3.4e+38 -3.4e+38 -3.4e+38 -3.4e+38 -3.4e+38 -3.4e+38 -3.4e+38 -3.4e+38 -3.4e+38 -3.4e+38 -3.4e+38 -3.4e+38 -3.4e+38 -3.4e+38 -3.4e+38 -3.4e+38 -3.4e+38 -3.4e+38 -3.4e+38 -3.4e+38 0.0213078447937647 0.0249704340058672 0.0321014289774059 0.0303616930414142 0.0298621725857792 0.0141430260616952 0.0341875133400268 0.0352307190896482 0.0124474794092222 0.0041285322800206 -0.0330412126966977 -0.0600678251181327 0.00173033993112364 -0.0159000854189059 -0.0233306730524771 -0.0493007526389558 -0.0120659708121168 0.00334887931186015 0.0354616587641577 0.0213281384154115 0.0497814077056652 0.0465347293929985 0.0540345065870019 0.0562384471841409 0.0523585916252685 0.0638063643524884 0.0784600398567126
-3.4e+38 -3.4e+38 -3.4e+38 -3.4e+38 -3.4e+38 -3.4e+38 -3.4e+38 -3.4e+38 -3.4e+38 -3.4e+38 -3.4e+38 -3.4e+38 -3.4e+38 -3.4e+38 -3.4e+38 -3.4e+38 -3.4e+38 -3.4e+38 -3.4e+38 -3.4e+38 -3.4e+38 -3.4e+38 -3.4e+38 0.0225701861598434 0.0372141227124562 0.0326238942760828 0.033680537722924 0.0424062609480799 0.0132026023836076 0.0181786981734039 0.0520829328613595 0.0509390248764252 -0.00285588307385159 -0.0265058040433273 -0.0568282341593335 0.0169043103830739 -0.00368429787930475 -0.0195202338396464 -0.0347337344209657 -0.0287113265072686 0.00343452124246934 0.0132033255731433 0.026340907753622 0.0311258819292731 0.0739978388147408 0.06583350834036 0.0584574242792296 0.0504640346681051 0.0513241077065853 0.0714839168257401
-3.4e+38 -3.4e+38 -3.4e+38 -3.4e+38 -3.4e+38 -3.4e+38 -3.4e+38 -3.4e+38 -3.4e+38 -3.4e+38 -3.4e+38 -3.4e+38 -3.4e+38 -3.4e+38 -3.4e+38 -3.4e+38 -3.4e+38 -3.4e+38 -3.4e+38 -3.4e+38 -3.4e+38 -3.4e+38 -3.4e+38 0.0230284749278814 0.0417998550734949 0.0511984143610145 0.0481136829840603 0.0417158589647342 0.0102967215259197 0.00788002159491407 0.0595597177683847 0.0575060963145958 -0.00946266975124087 -0.0146356229133022 -0.0575036484221238 -0.121868638543983 0.010437494510597 -0.0144335867579729 -0.030732388913019 -0.0218600545137926 0.0144410397469658 0.0309724702910817 0.0288055835479117 0.0285849932387285 0.0500318783240565 0.0699792319622437 0.0660029210804643 0.060770313758872 0.0372864698403881 0.070277296622967
-3.4e+38 -3.4e+38 -3.4e+38 -3.4e+38 -3.4e+38 -3.4e+38 -3.4e+38 -3.4e+38 -3.4e+38 -3.4e+38 -3.4e+38 -3.4e+38 -3.4e+38 -3.4e+38 -3.4e+38 -3.4e+38 -3.4e+38 -3.4e+38 -3.4e+38 -3.4e+38 -3.4e+38 -3.4e+38 -3.4e+38 0.0344601567720366 0.048363728704712 0.0495449442622607 0.0526415024209539 0.0398864063997814 0.0266648353724787 0.0248078273006421 0.0529312117670819 0.0762059880841152 -0.000940257631257797 -0.0288627596071975 -0.0520956393416643 -0.0323113425066175 0.0121675110158652 0.00850418881231449 -0.0235578793981485 0.00283451842419099 0.0276375761499457 0.0203418895124155 0.0280553299930107 0.0343073642658462 0.0562516972902501 0.0587398189822175 0.0659929451637182 0.0537725896156139 0.0478285047061652 0.0590631276579395
-3.4e+38 -3.4e+38 -3.4e+38 -3.4e+38 -3.4e+38 -3.4e+38 -3.4e+38 -3.4e+38 -3.4e+38 -3.4e+38 -3.4e+38 -3.4e+38 -3.4e+38 -3.4e+38 -3.4e+38 -3.4e+38 -3.4e+38 -3.4e+38 -3.4e+38 -3.4e+38 -3.4e+38 -3.4e+38 -3.4e+38 0.0299493729029125 0.043289376191864 0.0504409114449742 0.0539064249934108 0.0496571579295221 0.0304771769725271 0.0196623753831183 0.0704089391662963 0.0776659782937745 0.049875524259075 0.0222084020687362 -0.0112112028935094 -0.0226430007691466 -0.113696575584168 0.0109164944477143 0.00152249076987734 0.0155837038945271 0.0317322495370059 0.042993553794654 0.0352888169913613 0.0501448416653745 0.0670970781743597 0.0666982082690011 0.0655999758246889 0.060987063324035 0.0588967568990521 0.060113078577732
-3.4e+38 -3.4e+38 -3.4e+38 -3.4e+38 -3.4e+38 -3.4e+38 -3.4e+38 -3.4e+38 -3.4e+38 -3.4e+38 -3.4e+38 -3.4e+38 -3.4e+38 -3.4e+38 -3.4e+38 -3.4e+38 -3.4e+38 -3.4e+38 -3.4e+38 -3.4e+38 -3.4e+38 -3.4e+38 -3.4e+38 -3.4e+38 0.0362721368299412 0.0465607383048937 0.0530388995409917 0.052022206846572 0.0440617945345819 0.0100637678152076 0.0361005122370517 0.0813879817633253 0.0633583700415092 0.0423704198140726 0.00945155081326842 0.00678928763172654 -0.100490911481315 0.0157021810956878 -0.0320896255729416 0.0175046505940959 0.0198273953598062 0.0400999597730128 0.0402046598684831 0.0529825655170751 0.0697949543822468 0.0733477593140043 0.0723511629384572 0.0715511921862614 0.0629537857321016 0.0607178448086327
-3.4e+38 -3.4e+38 -3.4e+38 -3.4e+38 -3.4e+38 -3.4e+38 -3.4e+38 -3.4e+38 -3.4e+38 -3.4e+38 -3.4e+38 -3.4e+38 -3.4e+38 -3.4e+38 -3.4e+38 -3.4e+38 -3.4e+38 -3.4e+38 -3.4e+38 -3.4e+38 -3.4e+38 -3.4e+38 -3.4e+38 -3.4e+38 0.0505857951881915 0.0593173470588134 0.0559890460969881 0.0607945961603991 0.0530578947645225 0.0281832400395089 0.0483435937380876 0.0836681868775146 0.0400655469427088 0.0308115743722487 0.0162108492463399 0.0145335484478624 0.0583330422987183 0.00944025494722673 0.00559636783241966 0.0279248485166955 0.0356605916665189 0.0137856657742999 0.0192703068244027 0.0534251227621411 0.0703439801551852 0.07480486794598 0.0791949479368804 0.0763171735906874 0.071980658942141 0.0544721026500566
-3.4e+38 -3.4e+38 -3.4e+38 -3.4e+38 -3.4e+38 -3.4e+38 -3.4e+38 -3.4e+38 -3.4e+38 -3.4e+38 -3.4e+38 -3.4e+38 -3.4e+38 -3.4e+38 -3.4e+38 -3.4e+38 -3.4e+38 -3.4e+38 -3.4e+38 -3.4e+38 -3.4e+38 -3.4e+38 -3.4e+38 0.0235585250044575 0.0469718119041092 0.0533665616190475 0.0682093453629726 0.068035874711678 0.0617963711750688 0.0503863269452611 0.0284004076996001 0.0604669690474613 0.0713482136772772 0.0595509854183609 0.0564620547910277 0.0154987486871164 -0.0398149596364 0.0238187775133608 -0.0291542881261799 0.026261792702532 0.0228487587742477 0.0183667821770336 0.0236390383513663 0.0598370550923893 0.0747148645595422 0.0813195001463777 0.0792340914593459 0.0799563960419701 0.0773411592554272 0.068975643029191
-3.4e+38 -3.4e+38 -3.4e+38 -3.4e+38 -3.4e+38 -3.4e+38 -3.4e+38 -3.4e+38 -3.4e+38 -3.4e+38 -3.4e+38 -3.4e+38 -3.4e+38 -3.4e+38 -3.4e+38 -3.4e+38 -3.4e+38 -3.4e+38 -3.4e+38 -3.4e+38 -3.4e+38 -3.4e+38 -3.4e+38 0.0175062186543901 0.036462493064698 0.0392515083146551 0.0648348391832833 0.069406906358985 0.0644922018027203 0.036437654158246 0.00690622569672956 0.0287851869143917 0.0608260180598736 0.0666326277344926 0.0591134866165561 0.0135472053207319 -0.00276335787814983 0.0227268180347452 0.0206583061024252 0.0195409947175457 0.0280230713888022 0.0264598360037779 0.033728422062513 0.0733962176805562 0.0832872596054861 0.0801506056387046 0.0791781186735902 0.0779490993232722 0.0699099886234017 0.063953091179506
-3.4e+38 -3.4e+38 -3.4e+38 -3.4e+38 -3.4e+38 -3.4e+38 -3.4e+38 -3.4e+38 -3.4e+38 -3.4e+38 -3.4e+38 -3.4e+38 -3.4e+38 -3.4e+38 -3.4e+38 -3.4e+38 -3.4e+38 -3.4e+38 -3.4e+38 -3.4e+38 -3.4e+38 -3.4e+38 0.0273389658892127 0.0362272758574471 0.0420441719272185 0.0571032067784766 0.0694462882422673 0.0686229087696155 0.0765845862147427 0.0510072285140272 0.0595010248766063 0.0624315958783147 0.0335889583168903 0.0579184950848414 0.0562857170369876 -0.0068753858742733 -0.0129460364466495 -0.112839337337513 -0.00451738025083224 0.0123904690235369 0.0380934433011615 0.0316779484698375 0.0295035509511665 0.0714138040512918 0.089079396885647 0.0902179968396442 0.0847826673098654 0.087817100353405 0.0789362557906509 0.0708873045511201
-3.4e+38 -3.4e+38 -3.4e+38 -3.4e+38 -3.4e+38 -3.4e+38 -3.4e+38 -3.4e+38 -3.4e+38 -3.4e+38 -3.4e+38 -3.4e+38 -3.4e+38 -3.4e+38 -3.4e+38 -3.4e+38 -3.4e+38 -3.4e+38 -3.4e+38 -3.4e+38 -3.4e+38 -3.4e+38 0.0222846999928115 0.044050361794226 0.0458513384613588 0.0558388253029056 0.0712880631731104 0.0744895964809073 0.0659268948150527 0.0707479472717951 0.0392311034034424 0.0745784265695829 0.0761833922009425 0.0610941060514642 0.0406937585352142 0.0402145645054117 -0.0249471179661857 -0.0994193504048027 0.0322098531829524 0.0227774257301658 0.0520584349560172 0.0535335176348418 0.038759607449146 0.0731734434521537 0.082712146909568 0.0843289021487689 0.0887196031620876 0.086940205595695 0.0875929195944304 0.0792949502907339
