data/pcas/pca_referenceLayers/PC13.asc
NCOLS 494 
NROWS 529 
XLLCORNER -117.166666666667 
YLLCORNER -55.5 
CELLSIZE 0.166666666666667 
NODATA_value -3.4e+38 
[rows 220 to 241 of 529, columns 350 to 399 of 494]
0.0671018450459415 0.0663709062952684 0.0659829987475467 0.057463101716037 0.0548859513884268 0.0640762340017236 0.0661405709851506 0.0581887057634409 0.0295645482804861 0.000714825327467758 -0.0217136869905167 -0.028049001655245 -0.0179728988593841 -0.00853918564113918 0.00968980502486384 0.0122243193464807 0.0138891150114391 0.0184356757966596 0.0348257881445724 0.00464323244587557 -0.0255062670508826 -0.0274179729835663 -0.0139081462901401 0.016273638478179 0.00599205683853722 0.000842092981260815 0.00390808394040789 0.00794662787279307 0.000866994092698775 -0.00667887406429642 -0.00751078436793648 0.000252985666054677 -0.00316035324772309 0.00468069212518591 0.0125262929952505 -0.00841712464439598 -0.0342178370428034 -0.055428245835897 -0.0674249370967159 -0.0677548512933048 -0.0643257890968202 -0.0616721258169285 -0.0583639874925209 -0.0438753434565588 -0.0279402558985064 -0.00355366171430417 0.00879904079843234 -0.000559520456235773 -0.0068237791609593 -0.0194563606592495
0.0318526867876105 0.0206855246682937 0.001488354088703 -0.0149837055023429 -0.00985938377965307 0.0134599270816008 0.0555107163668811 0.063786695869445 0.059855612403368 0.0364925919917513 0.0218533815478583 0.0203590383931035 0.0222719615494757 0.0188234989030274 0.0124915785287914 0.00968130925865343 0.00428715696125359 0.00776120414164751 0.0190326035729888 0.0282438378172983 0.0135887040116059 0.0117603876003717 0.0284404453783413 0.0233067755163366 0.00828820152270212 0.0105767929715917 0.00510961764751816 0.00541608143455923 -0.00256119606120954 -0.00596585073386473 -0.0038896395247088 0.000825794160677855 0.00623593191438448 0.00595367746932903 0.0101645283701449 0.0204425919611617 0.00950581798282624 -0.0128564149730515 -0.036373207841356 -0.0576614040856277 -0.0536915307159374 -0.0506300184799274 -0.0503209002184322 -0.0368667722289301 -0.0124591698272944 0.00664928431890211 0.00913651937081308 0.00835678109359615 -1.74502747769196e-05 -0.00556148359823185
0.0151937134885079 -0.0127563291230484 -0.0352241039794583 -0.0617908654570452 -0.0634155588519265 -0.0241845826900708 0.0169820990230485 0.0513106707011219 0.0482586602655072 0.0366920159420918 0.030944010236927 0.00948569570576939 -0.00283213471125419 -0.00755478058989754 0.00190224913488346 0.00542166432272666 0.0123810740920162 0.00848458847571018 0.0157418890800005 0.00890386487525088 0.00855876545077102 0.0117261844075486 0.0187595350736742 0.0157345779244931 0.000886598480983864 -0.0103740228639539 -0.0118759068399574 -0.0135485328685897 -0.0153938212739205 0.0002050157008539 0.00186859913534192 0.00410546374099393 0.0112811952027736 0.0124560230908198 0.0225329015979725 0.0280504012680764 0.0382006261274063 0.0310175826045204 0.0114081542991617 -0.00404230027610179 -0.0122911037893946 -0.0209642408717748 -0.00625146326194549 0.00116418304602757 0.00914239378502818 0.0172477804265669 0.0175081418445963 0.0145532117814754 0.00978857777079708 0.00700694352256995
-0.00170650344105207 -0.0227409963977593 -0.0471797389876642 -0.0573314537553861 -0.0533373147942703 -0.0265982769731655 -0.0117134482257396 0.0200743240442521 0.0318299584276939 0.0263152093138178 0.0127439655354187 -0.0118053795476171 -0.031481191251716 -0.0312334875306815 -0.00435086171551005 0.0128650583536909 0.0207734968962718 0.0028344036495133 -0.0124559791416493 -0.00981764264866534 -0.00914520911098942 -0.00986026540427111 0.00123657900616867 0.000549070958625356 -0.00213411653295251 -0.0107783382811844 -0.0163513710766987 -0.015710562237119 -0.00640873042718056 0.00349116195029353 0.00392252970664362 0.000508803459719689 0.0117719340064698 0.0148891182339946 0.0275198939645301 0.0322433868148275 0.0447509074691589 0.0415008125325478 0.0432241392147334 0.0405127349507479 0.0365174243147537 0.0340903550193927 0.0334465533850677 0.0414591291371637 0.0383398331370957 0.0363619850318034 0.0286261488913592 0.022096095976857 0.0232181733297614 0.0164732081943734
-0.00190000770200105 -0.0228625134579158 -0.0304482874167435 -0.038011790101029 -0.0296341341609779 -0.0224085273284291 -0.00910060674156082 0.0080006864273899 0.00759843696248445 0.0210387277446856 0.0091659643296699 -0.0111902895760228 -0.0456472825522924 -0.0278830756403581 -2.78577625561793e-05 0.0134788781497368 0.00966850541753339 -0.0177758990970834 -0.0293434763122357 -0.0194943990270277 -0.0255548901929174 -0.0194346372217315 -0.0160060219984591 -0.011962499164743 -0.00599101833421518 -0.00115939498141075 -0.00566085886434317 -0.0131126106861291 -0.0035162118222061 -0.00273507310011027 0.00307288750854944 0.00600410621072166 0.0176528609547149 0.0312672633309571 0.0296413899150401 0.0335902835089535 0.0449339048489658 0.0444266767643328 0.0468981213277098 0.054042734282708 0.0536069343910191 0.0420852714960783 0.0460214355885582 0.0399679515478452 0.0371438101927097 0.0333160168873835 0.029366570465995 0.0360173403972412 0.0347945923378626 0.0313819330381372
0.00374977497787936 -0.00310282381340924 -0.0067747112700724 -0.0106009601181496 -0.010381404584511 -0.00985559031478258 -0.00619220127155148 0.00148603253547602 -0.00108159752942564 0.0112687908578072 0.0184604259721962 0.0123244809004975 0.00961695067039719 0.0096816489438961 0.0104625863555794 0.0268629023552662 0.00413246395414464 -0.0123125653155084 -0.0105130402243368 -0.0179584201420886 -0.0198809241389552 -0.00887789972330925 -0.00478548430549339 0.00175333353133029 0.00989802493932705 0.0120559930775352 0.00794983421173725 0.00668871089514212 0.00783183074951188 0.00735464105494152 0.0164551303568611 0.0210534451810061 0.0224229865830357 0.0302755712358226 0.0358977865036535 0.0367884873675649 0.0436671799924908 0.0444807251497468 0.0488982145715597 0.0442663949413187 0.0471657891185123 0.0466450407500321 0.0413025259847132 0.0368106430375942 0.0358967430773361 0.0307846348564246 0.0298238739168459 0.0336896137551181 0.0322238225758851 0.0340017580581012
0.00314378465200237 0.00401478514467788 -0.00126740246988412 0.00249563454855431 0.00313515267689721 0.00560839525948804 -0.00272033966659096 0.00174881594842704 0.00239832533249679 0.0158555309390744 0.0122800723111346 0.0125772015224884 0.020844702177445 0.0262972811566345 0.0239971444483261 0.00750266989428159 -0.00514903615604708 -0.00431069151072655 -0.000876580610872888 -0.00509052344143652 -0.00190957647035099 0.00232298421942483 0.013343348577667 0.0122802700426223 0.0184426573609083 0.0260030784754994 0.0247461238874986 0.0231227648875581 0.029480738667902 0.0292012860803133 0.0335978495835625 0.0358818213430769 0.0381035758449788 0.037192099446991 0.0444619443721523 0.0434295304592734 0.0402197402163504 0.0342039843619394 0.0362025388910431 0.0396808514045733 0.0309612559928554 0.0304356778622134 0.0355825843600712 0.0376799000380436 0.0379387927462628 0.0350807062030439 0.0319786288337817 0.038149603223244 0.0429959322143049 0.0135520201630727
0.00727271699188665 0.000886048329720921 0.00437048977895827 0.00733840604758113 0.00802832826784231 0.013899374492003 0.0112468621202623 0.0170441536545591 0.0171797606744353 0.0137902544777224 0.00886307597394006 0.0231249895807152 0.0230423139844288 0.0206749805632565 0.0159111859514323 0.00958492200499666 0.00439978848820049 0.00249919473678933 0.0122216466118257 0.0135277620723087 0.00868207551535103 0.0105027812429678 0.0216172527071806 0.0284703577713163 0.037526270188308 0.0432860804466577 0.0413390043298568 0.0497049496124922 0.048511160155434 0.0495948046890923 0.0497083398305787 0.0520066201073362 0.0523724500913454 0.0579744543596543 0.0484854231884246 0.0469397031324692 0.0458996011707373 0.044646597783 0.0424930539241216 0.0421093004722066 0.0390347071363592 0.0424045632236035 0.0381813710143032 0.0395492688186871 0.0346545193209156 0.035371483087655 0.0331053812218368 0.0348836531984476 0.0165482039990291 0.0167209571820426
0.0191487443253693 0.012229200509734 0.00882128710286467 0.0194687632625276 0.0129058499759995 0.0149591486983738 0.0186351802231434 0.0288853283319765 0.0251509896762375 0.0200005735716782 0.0215397565245088 0.0247416070980918 0.0242502735533209 0.0274478780667373 0.015506292208837 0.0140654173857199 0.0132807139399479 0.017335792878104 0.0255493250950712 0.0230950236180707 0.0327343644794001 0.0361589285752732 0.045064834681825 0.0461405916527244 0.0529702714019807 0.0576012817091461 0.0658287852292718 0.0597706902169325 0.0642026470957414 0.0689981142033553 0.0698458775688987 0.0667407110873187 0.0688779436573055 0.0628170825283921 0.0624306644087289 0.0557444099257343 0.0616187372265499 0.0505666917881359 0.0487072288515336 0.048421111945575 0.0474190321903146 0.048021155748848 0.0462702670540904 0.0376913843699587 0.0341157246844995 0.0430988227865763 0.0337398893080956 0.0383823655567595 0.0172179975314765 0.0108179746020748
0.0212183871081385 0.0161703305413422 0.0140622327850388 0.0168566379563728 0.0212519740990239 0.0237999799468989 0.0299245333034312 0.0335974425264286 0.0292786497418847 0.036157479673599 0.0407363099313823 0.0344005741968491 0.0308263266084593 0.0353181074276991 0.0398348488652014 0.0404524034612647 0.0368228053136881 0.0253679796437841 0.0325958354359192 0.0390286867275697 -0.0141279984354583 0.000876441456497504 0.00728660461227135 0.0209850268933511 0.0316270557274989 0.0383279033719715 0.0507097818902088 0.0454313775467204 0.0465713873832681 0.0821071910642707 0.0809621352611571 0.0807481513297499 0.0768993886463747 0.0731166902253483 0.0678315735907761 0.0616735216760123 0.0637035629617183 0.056803624869538 0.0643580308754091 0.0525110206999656 0.0533921385287827 0.0534317844179934 0.0416847601043728 0.0415576331573679 0.0462540217180114 0.0516810211905553 0.0483105943100175 0.0351119652886542 0.00488007596719175 0.00530213535832022
0.0344031402940618 0.0211397180216296 0.0191034523017274 0.0215274401961628 0.0315916238922848 0.0350741723446755 0.0420112679026588 0.0385860221977616 0.0467356692358823 0.0515025203904103 0.0449162965354203 0.0421589273869517 0.0443260489799049 0.041404358836551 0.0507188455478989 0.0495116820523225 0.0503417653052965 -0.0131099098855028 -0.0057628019483447 -0.00518756521782707 0.00220881523588893 0.00791680913046188 0.0177351508141505 0.0319619949732811 0.0390934403644808 0.0424739732955148 0.0580469327210853 0.0590437908725071 0.053693706111384 0.0552308863787342 0.0604765928365055 0.0896984001210597 0.0833120908144477 0.0809190062910896 0.0725024321079843 0.0760032869398708 0.0692350342283132 0.0677538504165661 0.0645306777755945 0.0624702620860772 0.0676266534740104 0.0600887488870864 0.0514092343931132 0.051400391687841 0.0464187019562349 0.0460987033116372 0.0107109924499982 0.0376952588309839 -0.00167871528285134 0.00411169726333417
0.040107492596411 0.0284233629941966 0.0298140892267664 0.0352324817534357 0.0371262167466992 0.0445096993056056 0.0536358550460665 0.0624275357899504 0.0628689385728606 0.0650897512637551 0.0644696704479141 0.0597990089465945 0.0535342326096424 0.0608604894207098 0.0596151495486491 0.0043776988906247 0.00516751976208476 0.00522841129482678 0.002318221685401 0.0122286101639413 0.0208054647895693 0.0198135184924744 0.0271629798839671 0.0393518869222309 0.0482086841908807 0.0517430195972837 0.0596581373474351 0.0676515482655951 0.0690266167133498 0.0667569749810857 0.0659831723977417 0.0621885743592447 0.0978185156398935 0.0934562000077695 0.0845824589891696 0.0787669466088608 0.0741037016804332 0.0750001229311514 0.0691404777151126 0.0732904041512156 0.0733395561662103 0.0649107058428839 0.0574630225112685 0.0480364000494365 0.0459650376547643 0.0107398188988694 0.0111620996357056 -0.000154016331970662 0.000581800300556066 0.00186455680142506
0.0461865434604593 0.0465265214638345 0.0411870740262796 0.0451469807269184 0.0484444825304762 0.0559507001034387 0.06678442308322 0.0710118328426061 0.0674237083814735 0.072656428135635 0.0862509520383437 0.0791693690573572 0.0744278965217231 0.0187557666233943 0.0215437257692288 0.0122845710925698 0.0155662036605686 0.0148013384283945 0.0166495859625208 0.0287254397217733 0.0306136902269619 0.03431398291741 0.0415339667094235 0.0456053770267626 0.0526156491427002 0.0567426031195668 0.0674264563344872 0.0746327128533505 0.0761632983219535 0.0712486075117989 0.0695439949412399 0.067446192758819 0.0670879669526845 0.0671661139481735 0.0956498426193146 0.0898445814142999 0.0876136924680476 0.0871273419394999 0.0871871727255358 0.079211188807866 0.0715921545490659 0.0655638262333536 0.0520019784398023 0.0536336376879031 0.0209864888096831 0.00882183967172063 0.00473223208826056 0.00501807161847697 -0.00121555632085965 0.0020211594450426
0.0480429721887464 0.054919965237204 0.0450264463672615 0.0485761760263668 0.0504863645267464 0.0679731960389238 0.0774311086392254 0.0756241316974475 0.0846664282355486 0.0876040695547227 0.0392233323753778 0.0406993206946996 0.0367991210429226 0.0372381583797798 0.0404703560273265 0.0265428546271198 0.0274536910906711 0.0258976037738982 0.0303218700117429 0.0398317229271638 0.0427928463785942 0.0479695289407258 0.0519049544089945 0.0596257824848704 0.0613267041188132 0.0669443905381277 0.0754481171887592 0.0816106943876007 0.0837137306926712 0.0747267051185202 0.0810714710633747 0.0750865351063522 0.0747273174104884 0.0765429104655827 0.0768365464727887 0.0709221256646318 0.102020017211114 0.0904786213218868 0.0905323092649151 0.0891980284975555 0.0934965358669601 0.0677740144644172 0.0483767972795396 0.0424997899476506 0.0115401471681561 0.0172227770290221 0.00888852190137177 0.00324836187042744 -0.0016095949578688 0.000586932004248969
0.0548569229728495 0.0578468949139318 0.0554673105095101 0.0580955209672031 0.0666159066590786 0.0757550768271307 0.0784690370475436 0.0893287905877257 0.0959212952056925 0.0536899822321091 0.0585066565065134 0.0494554522004178 0.0520185659685302 0.0537780187408738 0.0485901122311322 0.041809201452347 0.043888297309453 0.0455816146880091 0.0384022834956159 0.0508960166031846 0.0530281958375456 0.0594421680873975 0.0607858717463906 0.0623823948879884 0.0640209217832217 0.0780069347729096 0.0832622605216024 0.0919262215086767 0.0893925718970602 0.0890449742700463 0.0889498758497031 0.08761866743405 0.0822940501094048 0.080580634291569 0.0799558693375363 0.0786004158198651 0.104069804160316 0.102217627339253 0.0929360500562218 0.0955503092547771 0.0886561859300677 0.0314017797142397 0.00665956250695088 -0.00157081067342332 -0.000586966307756725 0.0118565768276894 0.0140905462736181 0.00101562807602009 0.00315357632288345 0.00202616453858536
0.0599038005078587 0.0628615593655953 0.0702693355040197 0.0741610827990392 0.0811448371513148 0.0859593601898314 0.104890581051531 0.110033944336731 0.0561531710587035 0.0545343305144605 0.0658607039273831 0.0618539288767951 0.0601229017045996 0.0693948737020983 0.0667760674700348 0.0566782145708005 0.0541320478678028 0.0476636013442229 0.0580959207159441 0.0575210969473015 0.0653132780841758 0.0655865929392595 0.0664828390703315 0.0748087784002541 0.0750424316565812 0.0862227119952052 0.0909004419832285 0.102828131026782 0.102441421264688 0.103116783047527 0.102396565049494 0.0999450822544036 0.0926003540148752 0.0896332293258947 0.0828422239360033 0.080794739858187 0.0798135208026242 0.0808873377938323 0.108769839874481 0.0672265557094564 0.0958392412171086 0.0623830651967582 -0.00764030961612603 -0.0145443017511511 -0.00160182788542075 0.0124788007525429 0.0186863698773937 0.00414705928438228 0.00789900297945039 0.0159393729684454
0.0657242017407388 0.0705047838624326 0.0278835923409325 0.0335662388198898 0.0508749203381668 0.0631292349874624 0.0715301662802241 0.0671586434371179 0.068106649879627 0.0655173066205507 0.077542752612917 0.0820292977536662 0.0772388628468089 0.0887090367620968 0.0864155200480663 0.0746612008312304 0.0670403948179006 0.062111709042389 0.0658526558524943 0.068070251964016 0.0699362971506687 0.0721245567924997 0.0838357506575304 0.0845423594925385 0.0880603224581876 0.0944229510313352 0.0986449142406151 0.109107146326959 0.111763544016769 0.113614190731465 0.108630469039099 0.107892472740498 0.101560229901413 0.0992647594130703 0.0908709365302312 0.0876815454890108 0.0912961793900193 0.0944013778944259 0.0850737619690734 0.066591768959735 0.0498484203133736 0.0213947950802878 -0.0199351237781484 -0.0133218542278808 0.00356993587516634 0.0117044368149539 0.0203740619307196 0.0201436590012357 0.0284858190524677 0.0306897712752453
0.071314277589752 0.0336546216863425 0.0338926137867418 0.0446418318849848 0.055468612848307 0.0727681228167562 0.0843049167984071 0.0760275689905923 0.074254159930026 0.0766288165113282 0.0842449287669677 0.0893821361441094 0.0933535505371383 0.0944111645061027 0.0902185708684018 0.0823107509352463 0.0781173304156786 0.0755847530548302 0.0761267486257217 0.0746444716379452 0.0876162199117358 0.0864186524246442 0.0896937722392226 0.0862053267172087 0.0944905520237393 0.101984763777395 0.109752357023019 0.1169531279809 0.12293689873785 0.1238338530362 0.119262856936674 0.117358202114265 0.114605077752216 0.11214066642727 0.105213855913541 0.105550476154232 0.107987565583996 0.099888376518054 0.0889236916250879 0.0730435381656194 0.0604440448014972 0.0275003799541198 0.003863928739506 0.00429790048923836 0.0155952403506646 0.0182241190632108 0.0146796317253816 0.0307474210005278 0.0425591249728621 0.0469661575979678
0.0198587780998247 0.0322948214799564 0.0343108468498146 0.0433028723232293 0.054860131172122 0.0766541023309788 0.09047224273096 0.0919205024566066 0.0820706753423421 0.0877329946439853 0.0883541292046061 0.0901636906864401 0.0958565082547221 0.0990025307804746 0.0971046184045964 0.0882526524683238 0.0927058742463483 0.0817940284717011 0.0856576319631275 0.0893416173003393 0.0969304779579491 0.103986388872924 0.0976032658958678 0.0981272258496077 0.104273002219789 0.108182191137656 0.120013075541668 0.126201459521076 0.124552236075176 0.125241421645277 0.123775372096079 0.128349481292386 0.131914960620002 0.123924896764486 0.124846802049706 0.123558119040338 0.110738098710261 0.103956507064542 0.0942646842416354 0.0776449677585108 0.0579405909299807 0.0390660307940189 0.0172854162527641 0.0193554979661708 0.0209083140524763 0.0271268460843506 0.0265039667799402 0.0385264906690706 0.0584468920692988 0.0566684967878058
0.0208337482316454 0.0356608192516278 0.0318931459305524 0.0365542946359769 0.0569246627215099 0.0801229351328434 0.0899747616775589 0.0977789398323663 0.0919225873018739 0.087679784259676 0.0938536374030679 0.0935933500222676 0.100416103745852 0.104142045410839 0.0991549834200621 0.0943382405232956 0.0987118979401549 0.0895035039564849 0.0961432586898422 0.0954396290593383 0.0981262574286579 0.108279827714175 0.109306072476585 0.106494995321857 0.111729747527784 0.121555022787802 0.12873772477561 0.128984318773671 0.129363809044412 0.123989636813409 0.130538022860148 0.127088200409964 0.136836709009204 0.139304483087539 0.130033498002446 0.123433793912699 0.120258385577248 0.105361577952069 0.098461881516165 0.0855498933388558 0.0676651628245319 0.0564094743995657 0.0428564318058395 0.0415262677577228 0.0406758021022075 0.0475229912653832 0.0513090758360101 0.0569934582220708 0.071220989313562 0.0721669863325103
0.0235565869914429 0.0354671224003432 0.0390419244609285 0.0426926126919739 0.0612196061582044 0.0910428804442957 0.0887830246031146 0.0950818661269788 0.0880949667056748 0.0928237473994453 0.091156842510618 0.0967299515803967 0.0983296111766888 0.103945239150464 0.108354523347684 0.102744790130426 0.102488554796184 0.0982519250981301 0.100607652261154 0.102945794624118 0.101821935107179 0.110459283241406 0.116331480978122 0.111981143191169 0.119502121689333 0.127535723045815 0.130133477360033 0.132434334075025 0.134223967800658 0.132218131476587 0.134053087227117 0.132950720607488 0.13455339333222 0.139282217318607 0.133940241591518 0.129523678217421 0.123440183638001 0.108858285347353 0.102998372290349 0.0935385732582297 0.0846772806481204 0.0764202226638364 0.066001729570908 0.0671388886970193 0.0684900117421278 0.0669549260312527 0.0747997064481329 0.0820064187229806 0.088335811689522 0.0907547230545995
0.0314829637846374 0.0429961018260275 0.0524103397179582 0.0537689947728556 0.0703566092335446 0.0944436326815104 0.0937980979299177 0.0924959415530103 0.0977223271033066 0.100030026184595 0.102325419754383 0.0984875780347125 0.104912846895315 0.10966812634041 0.106796781232251 0.105764740615562 0.108706377350278 0.107866372817774 0.108153819961259 0.105870576141979 0.10464973448706 0.116382043414506 0.124963661439345 0.123412109220958 0.129837096009862 0.14016617373845 0.132151053345014 0.135248200867393 0.137938691386625 0.134525517976568 0.140724678011561 0.137276951206511 0.134926459756834 0.138457587934885 0.137992726598021 0.129058860278648 0.129200751086898 0.121118158949896 0.112150917616945 0.103696294005466 0.0920375837673153 0.0909438226761435 0.0934242675262787 0.0860609151841814 0.0855757932321902 0.0894750901189502 0.101189200034583 0.11059893671981 0.109942613306409 0.105251378061194
