data/pcas/pca_referenceLayers/PC13.asc
NCOLS 494 
NROWS 529 
XLLCORNER -117.166666666667 
YLLCORNER -55.5 
CELLSIZE 0.166666666666667 
NODATA_value -3.4e+38 
[rows 198 to 219 of 529, columns 200 to 249 of 494]
-3.4e+38 -3.4e+38 -3.4e+38 -3.4e+38 -3.4e+38 -3.4e+38 -3.4e+38 -3.4e+38 -3.4e+38 -3.4e+38 -3.4e+38 -3.4e+38 -3.4e+38 -3.4e+38 -3.4e+38 -3.4e+38 -3.4e+38 -3.4e+38 -3.4e+38 -3.4e+38 0.134192495788891 0.155758510096067 0.131423715225775 0.176379065155776 0.228048637900588 0.264457857782754 0.316122554571871 0.31858591596339 0.208150606521352 0.174700641939801 0.0765028860683462 0.0273380392656585 0.0380973432564426 -0.0192697526643076 0.0248919500171049 0.0364638388237446 -0.000841976397503008 -0.0278131996014116 0.149272674955796 0.128587197374585 0.114476954825746 0.141665779091751 0.170265935082312 0.0937872083611376 0.111652130482823 0.12503989767691 0.102106945661479 0.0924822385327043 0.0781626111546065 0.0756534570424219
-3.4e+38 -3.4e+38 -3.4e+38 -3.4e+38 -3.4e+38 -3.4e+38 -3.4e+38 -3.4e+38 -3.4e+38 -3.4e+38 -3.4e+38 -3.4e+38 -3.4e+38 -3.4e+38 -3.4e+38 -3.4e+38 -3.4e+38 -3.4e+38 -3.4e+38 -3.4e+38 0.132840372474847 0.148972292785989 0.189734544871263 0.181225049228027 0.216842582227452 0.249565836012983 0.379974473524202 0.285620072152335 0.186865447721655 0.0928916223734948 0.0569467868323648 0.0256274505538546 -0.015697555856984 -0.0225014813279205 0.0140007127068625 0.0161899988074922 0.037847148356324 0.0194792948671327 0.158350181622285 0.172126888467329 0.179649109062921 0.207569053325411 0.132660536735534 0.0895487452594455 0.0844054071342992 0.110561334291316 0.105039034262465 0.0911315071025872 0.0784745356555874 0.0704709161289879
-3.4e+38 -3.4e+38 -3.4e+38 -3.4e+38 -3.4e+38 -3.4e+38 -3.4e+38 -3.4e+38 -3.4e+38 -3.4e+38 -3.4e+38 -3.4e+38 -3.4e+38 -3.4e+38 -3.4e+38 -3.4e+38 -3.4e+38 -3.4e+38 -3.4e+38 0.106356541108871 0.128041089432202 0.145357612588845 0.197135453779013 0.252180790665047 0.208661851523671 0.327553785066724 0.360646165141698 0.351210797801525 0.227475772953951 0.0677669594124812 0.0345749744078736 0.00852277412314583 0.00588463965794802 0.000555702741258288 0.0266452707984669 0.0328592274656571 0.0989332924940852 0.141420821628082 0.166518580396771 0.172044239141386 0.178459615968446 0.160823585300801 0.122918356104249 0.0903748878451734 0.0827493590740936 0.095174401057915 0.108548474347461 0.0950660660489122 0.0831400548199494 0.0627024957751785
-3.4e+38 -3.4e+38 -3.4e+38 -3.4e+38 -3.4e+38 -3.4e+38 -3.4e+38 -3.4e+38 -3.4e+38 -3.4e+38 -3.4e+38 -3.4e+38 -3.4e+38 -3.4e+38 -3.4e+38 -3.4e+38 -3.4e+38 0.0758899122313199 0.0694860511022362 0.0803462935297914 0.105355096645868 0.161655786700822 0.212936570531115 0.238516770444846 0.281449662835222 0.323099264081297 0.345451358612312 0.351038147604596 0.215041423117913 0.0441012369477964 0.00719280920919262 0.00510940733758776 -0.0317103930277047 -0.0294092773447555 0.0359783561102252 0.10718598361658 0.145353879731192 0.130506819022433 0.134086196479378 0.140429068789809 0.153571666063372 0.170465931792927 0.119297770532464 0.0962390454431343 0.0731531205769177 0.0832971032962823 0.0870904830488715 0.0991531235913644 0.106281615544858 0.093188948244469
-3.4e+38 -3.4e+38 -3.4e+38 -3.4e+38 -3.4e+38 -3.4e+38 -3.4e+38 -3.4e+38 -3.4e+38 -3.4e+38 -3.4e+38 -3.4e+38 -3.4e+38 -3.4e+38 -3.4e+38 -3.4e+38 -3.4e+38 0.0749877709802232 0.072858426847277 0.0835365505575227 0.105580936510568 0.162056982875785 0.193327131078408 0.211632824260515 0.252973237209068 0.320249376907577 0.335944442496653 0.329183406415985 0.196383568059027 0.0740458309729264 0.022902518988753 0.0129388731313757 -0.0461577769217391 -0.0344217853560858 0.0539719564162156 0.110077527827638 0.0525929673432477 0.0854477899074229 0.0926316518735182 0.119102353610355 0.134635616529251 0.13166723275929 0.127580330641015 0.0993108991429302 0.0656528685805656 0.0589770323744574 0.0650956629231984 0.0711427229900063 0.0773136470497267 0.0509926440049406
-3.4e+38 -3.4e+38 -3.4e+38 -3.4e+38 -3.4e+38 -3.4e+38 -3.4e+38 -3.4e+38 -3.4e+38 -3.4e+38 -3.4e+38 -3.4e+38 -3.4e+38 -3.4e+38 -3.4e+38 -3.4e+38 0.0536644904318042 0.0625635901203804 0.0655914457097583 0.0886391905886013 0.0925999302497163 0.111530528036579 0.12413046982536 0.175838443820003 0.228702422510489 0.295963859146925 0.330354712576164 0.312006715965685 0.185141433296349 0.0702933153180863 0.0316288427293156 0.043602514559528 -0.0164959389038951 0.00130613733347176 0.0475691033221041 0.113084800045403 0.0430266455687542 0.0512403856480014 0.0809101171284526 0.106716596865907 0.118327104013725 0.101329156288796 0.110687556802759 0.0906643810402312 0.0695686554689555 0.0554382888746386 0.0503247577689786 0.0526490213983283 0.043120073971064 0.0382791205976197
-3.4e+38 -3.4e+38 -3.4e+38 -3.4e+38 -3.4e+38 -3.4e+38 -3.4e+38 -3.4e+38 -3.4e+38 -3.4e+38 -3.4e+38 -3.4e+38 -3.4e+38 -3.4e+38 -3.4e+38 -3.4e+38 -3.4e+38 -3.4e+38 0.0662121061926223 0.0753373454610217 0.0923710240892803 0.058616783761466 0.0792082446479758 0.144140367399748 0.208565084366092 0.275638753627588 0.304693942867896 0.269798755262439 0.118219822858179 0.0566080483299995 0.0133390743302278 0.0161788953426915 0.027863546294225 0.0511597460510073 0.0600778069624898 0.134697615509043 0.0838696625095628 0.0542461230309919 0.074166246661142 0.0983144988930916 0.112302972472348 0.0916231120635492 0.0986800448214467 0.0796682033757768 0.0543460221020935 0.0388714171423668 0.0303896637242059 0.0302458215207208 0.0247708539228392 0.0189181526494744
-3.4e+38 -3.4e+38 -3.4e+38 -3.4e+38 -3.4e+38 -3.4e+38 -3.4e+38 -3.4e+38 -3.4e+38 -3.4e+38 -3.4e+38 -3.4e+38 -3.4e+38 -3.4e+38 -3.4e+38 -3.4e+38 -3.4e+38 0.0481999782386802 0.0627080566092852 0.0705717268246341 0.0422425256915482 0.0507225104450766 0.0716632010898584 0.128089082769335 0.195754462051417 0.254865048840782 0.289665355698675 0.249131433218984 0.137873426924126 0.0785224694507904 0.00243802725380752 0.00244047449878454 0.0305405067850778 0.0523709357432278 0.131677501735113 0.147009815761391 0.11517795383828 0.0849921520161572 0.0848651796246848 0.0917532741666195 0.0976428257437943 0.0759923773407711 0.0738257580038658 0.0630599848577888 0.0391425929128018 0.0204441097976616 0.0166717571961403 0.0125429057389759 0.00677569483892261 0.00615019661463545
-3.4e+38 -3.4e+38 -3.4e+38 -3.4e+38 -3.4e+38 -3.4e+38 -3.4e+38 -3.4e+38 -3.4e+38 -3.4e+38 -3.4e+38 -3.4e+38 -3.4e+38 -3.4e+38 -3.4e+38 -3.4e+38 -3.4e+38 -3.4e+38 0.0532974257584373 0.0728896310144117 0.063168168781908 0.0663620511225106 0.105539713176288 0.142416481983068 0.196221899554626 0.243159865296075 0.273582154656996 0.245599020634792 0.135331745887106 0.0759607825109475 0.0413029736297489 0.0158176909249223 0.0353370792026034 0.0601440859331633 0.119273373769184 0.0402739352296337 0.14074611825728 0.129626754783857 0.11402608511598 0.110840432014071 0.099732682130795 0.0672539349037573 0.0780648506244172 0.0481142045578325 0.0265566047867905 0.00308583653939085 -0.00884361595223662 -0.00996355329654615 -0.0121558476905587 -0.017946538003892
-3.4e+38 -3.4e+38 -3.4e+38 -3.4e+38 -3.4e+38 -3.4e+38 -3.4e+38 -3.4e+38 -3.4e+38 -3.4e+38 -3.4e+38 -3.4e+38 -3.4e+38 -3.4e+38 -3.4e+38 -3.4e+38 -3.4e+38 -3.4e+38 0.0374495735989616 0.050502215212729 0.0794506544425973 0.0957184639084997 0.129606086370116 0.164979097852195 0.20112285332248 0.231707310560846 0.250713609007761 0.239518184976979 0.150011922418332 0.11141805677901 0.0534537103759701 0.0168987694364415 0.0422153013244453 0.0707467145356583 0.0944536691586091 0.0788063078558962 0.154887778240956 0.145905241889889 0.128027398462481 0.119773160541743 0.106955931531826 0.0784646373852653 0.059712021647729 0.034192815551047 -0.00315530397420509 -0.0261093071936713 -0.0363891760387488 -0.0364166936252141 -0.0234537891178565 -0.0254468543354343
-3.4e+38 -3.4e+38 -3.4e+38 -3.4e+38 -3.4e+38 -3.4e+38 -3.4e+38 -3.4e+38 -3.4e+38 -3.4e+38 -3.4e+38 -3.4e+38 -3.4e+38 -3.4e+38 -3.4e+38 -3.4e+38 -3.4e+38 -3.4e+38 0.0224366409119015 0.0196741801965592 0.0709579314347614 0.126475039776201 0.164839867680508 0.173714989123338 0.189371846516683 0.212376196914964 0.244088534394233 0.258107610689049 0.15185503117767 0.122726530329642 0.0414423162373556 0.0371998066645339 0.0616266270973083 0.0903770148615649 0.0947092914838206 0.0784564602274718 0.0996420214374804 0.145868373543163 0.147472251911842 0.136478999069915 0.131261183594291 0.0787267826265514 0.0398602090987802 0.00404568267831355 -0.0177439355546667 -0.0411043082965015 -0.0559919235174059 -0.0525344505269806 -0.0371713077377461 -0.029894955727042
-3.4e+38 -3.4e+38 -3.4e+38 -3.4e+38 -3.4e+38 -3.4e+38 -3.4e+38 -3.4e+38 -3.4e+38 -3.4e+38 -3.4e+38 -3.4e+38 -3.4e+38 -3.4e+38 -3.4e+38 -3.4e+38 0.0664899350748659 0.0493817131970637 0.0182963638870568 0.00323988190552056 0.0335630486148417 0.109582122149243 0.146023458412142 0.181013257863927 0.182250000666668 0.206405076663784 0.235770114755617 0.239549547536893 0.135831275533987 0.0768859719538229 0.0404473028782379 -0.0322521181383889 0.0972882516092484 0.0807021080703446 0.0488044101163038 0.0601865659610551 0.0787994256695008 0.120088181553545 0.149863611201469 0.141126146149219 0.105074396021409 0.0676155709529046 0.0290417484584619 -0.00823641235769087 -0.0453090720013421 -0.0640049969959025 -0.0722101482487049 -0.0609911579706457 -0.0425045086147239 -0.030207339074505
-3.4e+38 -3.4e+38 -3.4e+38 -3.4e+38 -3.4e+38 -3.4e+38 -3.4e+38 -3.4e+38 -3.4e+38 -3.4e+38 -3.4e+38 -3.4e+38 -3.4e+38 -3.4e+38 -3.4e+38 -3.4e+38 -3.4e+38 0.0592913634927407 0.0315173427007104 0.0168479192186544 0.0209531728867326 0.0752921573912946 0.137514438145307 0.177507703899083 0.186622767367414 0.213927391976655 0.253901485320561 0.217186557038943 0.130650286825564 0.0624725252519225 0.0161489796427988 0.0729302033373647 0.0846338633545502 0.0424406048095121 0.0247552918643893 0.0642405942079014 0.0918159815232117 0.135802182398221 0.128013599220935 0.136590395513438 0.0983301330139484 0.0623882238140307 0.0238897738580713 -0.0193469346319433 -0.0619391421856448 -0.0854725807018404 -0.0798624946092344 -0.0655071851801475 -0.0475234774660478 -0.0317604895035524
-3.4e+38 -3.4e+38 -3.4e+38 -3.4e+38 -3.4e+38 -3.4e+38 -3.4e+38 -3.4e+38 -3.4e+38 -3.4e+38 -3.4e+38 -3.4e+38 -3.4e+38 -3.4e+38 -3.4e+38 -3.4e+38 -3.4e+38 -3.4e+38 -3.4e+38 0.0318148940573881 0.0303464175303406 0.0693871805894489 0.146247824028964 0.172522777326083 0.174582856896938 0.181890687102261 0.207504435284182 0.115344199284931 0.0815637088956828 0.0686933368642211 0.0491650233774453 0.0900858391310915 0.0548748083910937 0.0165057361486579 0.0656363875120187 0.0705474938079267 0.101688156000394 0.0767073222307514 0.0797027973618081 0.0884795250708205 0.0753456619489066 0.0660228414109738 0.0225733330588705 -0.0103461720198853 -0.0541407429708759 -0.0826985382764291 -0.0795620060121647 -0.0645089054269686 -0.0454377658014657 -0.0214123628907913
-3.4e+38 -3.4e+38 -3.4e+38 -3.4e+38 -3.4e+38 -3.4e+38 -3.4e+38 -3.4e+38 -3.4e+38 -3.4e+38 -3.4e+38 -3.4e+38 -3.4e+38 -3.4e+38 -3.4e+38 -3.4e+38 -3.4e+38 -3.4e+38 -3.4e+38 -3.4e+38 0.0641850464925882 0.0811982829706302 0.114083064057399 0.148942026391571 0.146613109904052 0.173362352808297 0.128056249690092 0.0478234184935487 0.022503883053953 0.0680606230720818 0.0444700220587444 0.0816954935572582 0.0454230057568423 0.0356251217431424 0.0740486758686942 0.0643592947038712 0.0607224872683498 0.0470237083126054 0.0451102038708557 0.051347598231405 0.0262103642833784 0.014394817501473 -0.00844653858667851 -0.0246436703712425 -0.0457581058455922 -0.0548638239059767 -0.056644511610496 -0.0498170554721496 -0.0324269259632045 -0.00952549130995797
-3.4e+38 -3.4e+38 -3.4e+38 -3.4e+38 -3.4e+38 -3.4e+38 -3.4e+38 -3.4e+38 -3.4e+38 -3.4e+38 -3.4e+38 -3.4e+38 -3.4e+38 -3.4e+38 -3.4e+38 -3.4e+38 -3.4e+38 -3.4e+38 -3.4e+38 -3.4e+38 -3.4e+38 0.0941345409082192 0.120401412827221 0.130247235398969 0.130997836064007 0.136039457109186 0.128251478534931 0.00355881496855283 0.0566749076270565 0.0508336222335984 0.0271485450378598 0.106128574982602 0.0564917182333392 0.0700302049519769 0.0671021436502664 0.0955765179313598 0.0778516079958589 0.0586741563467475 0.0572276260376976 0.0389931360488259 -0.00587216120531919 -0.0190375069895994 -0.0466683915608061 -0.061309656446409 -0.0839895831702949 -0.0655394777873744 -0.071468252915599 -0.00622784872697052 0.01108151968082 0.00260462583377057
-3.4e+38 -3.4e+38 -3.4e+38 -3.4e+38 -3.4e+38 -3.4e+38 -3.4e+38 -3.4e+38 -3.4e+38 -3.4e+38 -3.4e+38 -3.4e+38 -3.4e+38 -3.4e+38 -3.4e+38 -3.4e+38 -3.4e+38 -3.4e+38 -3.4e+38 -3.4e+38 -3.4e+38 0.120531405969059 0.139490595435506 0.123265136875428 0.112800670168971 0.109322277466865 0.103101636395174 0.033062619767148 0.0853290591172382 0.0516555030157292 0.0329412740691708 0.109609520815514 0.0735028994175253 0.109169749520628 0.0971301427449781 0.0795550240406163 0.0823153562640274 0.0812269437267386 0.079633248154551 0.059170199414449 0.0213273451055268 -0.0173165023028539 -0.0618527906952439 -0.0749094396792672 -0.0829030734767111 -0.0895117992020429 -0.0673452234327791 -0.0427786927937244 -0.00555508065878799 0.0349000790027584
-3.4e+38 -3.4e+38 -3.4e+38 -3.4e+38 -3.4e+38 -3.4e+38 -3.4e+38 -3.4e+38 -3.4e+38 -3.4e+38 -3.4e+38 -3.4e+38 -3.4e+38 -3.4e+38 -3.4e+38 -3.4e+38 -3.4e+38 -3.4e+38 -3.4e+38 -3.4e+38 -3.4e+38 -3.4e+38 0.108999852951705 0.0949419757212876 0.09140468743076 0.0997450591418035 0.0747946408008572 0.0663651885793633 0.0697079329087505 0.0585983905580301 0.0991324103081196 0.0998970207490872 0.0956242718537673 0.0764879091074836 0.047819549558961 0.0805494203496838 0.102044912735081 0.100270168013313 0.084599175304586 0.0703681056005863 0.0434932706356544 -0.00610216346467806 -0.0458252428960128 -0.0669749148202377 -0.0753545063122237 -0.0781653718645835 -0.0686486405914965 -0.053498321734879 -0.0381180012154443 -0.0233072115445255
-3.4e+38 -3.4e+38 -3.4e+38 -3.4e+38 -3.4e+38 -3.4e+38 -3.4e+38 -3.4e+38 -3.4e+38 -3.4e+38 -3.4e+38 -3.4e+38 -3.4e+38 -3.4e+38 -3.4e+38 -3.4e+38 -3.4e+38 -3.4e+38 -3.4e+38 -3.4e+38 0.0885562018585247 0.101103671055774 0.0978083849285969 0.076445448391226 0.105514672149384 0.114614025610469 0.0455590108765633 0.0539321171799793 0.079048103112688 0.0687490675090412 0.105134372570807 0.0935949010586075 0.102991699402454 0.067982507339555 0.0578860818340563 0.0728010336144404 0.0763077051611566 0.0922407597723325 0.078861940193022 0.0739021002869815 0.0558735663016954 0.00265919506839683 -0.0297679865973001 -0.0489799531260912 -0.0637285538875671 -0.0638170408105909 -0.0752334127795775 -0.0600227059676903 -0.0527982558992189 -0.0406494023535654
-3.4e+38 -3.4e+38 -3.4e+38 -3.4e+38 -3.4e+38 -3.4e+38 -3.4e+38 -3.4e+38 -3.4e+38 -3.4e+38 -3.4e+38 -3.4e+38 -3.4e+38 -3.4e+38 -3.4e+38 -3.4e+38 -3.4e+38 -3.4e+38 -3.4e+38 0.0599966625660787 0.0588150509711379 0.0561735892589902 0.0735985149785768 0.0844774746588014 0.102055938835888 0.129393221620861 0.118736659851201 0.0780619284683718 0.0813491668830037 0.0958248947832992 0.109154961881404 0.0766052387947147 0.103773439115933 0.0924285225216799 0.0881209059791953 0.064501339750357 0.0879868950061239 0.0784762594381209 0.0774951133178293 0.0718443818092711 0.0480395494643759 0.00824602313342688 -0.019216950166624 -0.0419100521709257 -0.0546893377796583 -0.0543016837797729 -0.0599417384457004 -0.0668125147275135 -0.0563334722482727 -0.0599999279080718
-3.4e+38 -3.4e+38 -3.4e+38 -3.4e+38 -3.4e+38 -3.4e+38 -3.4e+38 -3.4e+38 -3.4e+38 -3.4e+38 -3.4e+38 -3.4e+38 -3.4e+38 -3.4e+38 -3.4e+38 -3.4e+38 -3.4e+38 -3.4e+38 0.0064287594524507 0.00791082902390563 0.0385197507475135 0.0629302474673921 0.0668941349159403 0.0979389871219055 0.165061399474482 0.129273497943795 0.126705377191738 0.0881675281738398 0.11019830798584 0.0902873282717704 0.105372086019681 0.108322695951406 0.0915945777269147 0.113948317502476 0.0810909022320302 0.0634237056617544 0.083032220253287 0.030587582513712 0.0807264421551601 0.0672750242912998 0.044858851309273 0.0243322338167899 -0.00978025770627583 -0.0318001643192225 -0.0456365409223389 -0.0504707786159916 -0.050599702063926 -0.0546562636379637 -0.0630172169547542 -0.0573953174138234
-3.4e+38 -3.4e+38 -3.4e+38 -3.4e+38 -3.4e+38 -3.4e+38 -3.4e+38 -3.4e+38 -3.4e+38 -3.4e+38 -3.4e+38 -3.4e+38 -3.4e+38 -3.4e+38 -3.4e+38 -3.4e+38 -3.4e+38 -0.0109562072170503 -0.020462504599097 -0.0184533914413856 0.0211323152143747 0.0395127550370452 0.0762033307613338 0.140466562794039 0.112010140761918 0.11721727870149 0.0618242781539394 0.0740822459245203 0.100578106359801 0.0895787662293111 0.108036585302262 0.116922777643055 0.0930057437599041 0.108084725058141 0.0607944336612393 0.0592816748959097 0.0867172124925944 0.0334037082732746 0.0746539545656961 0.0604136224722766 0.0380082629644647 0.0242527447564391 -0.0101267327179926 -0.0286428218325579 -0.0407065031863594 -0.0551772735685963 -0.0596585973405177 -0.0491110713964434 -0.044995667227984 -0.0492296122343185
