data/pcas/pca_referenceLayers/PC13.asc
NCOLS 494 
NROWS 529 
XLLCORNER -117.166666666667 
YLLCORNER -55.5 
CELLSIZE 0.166666666666667 
NODATA_value -3.4e+38 
[rows 242 to 263 of 529, columns 300 to 349 of 494]
0.0666327320620553 0.0600703684108906 0.0495341554566995 0.0340543100022322 0.0175973437572774 -0.00511550135428983 -0.0171220230721492 -0.00867802726491562 0.0150343456231441 0.028366388668512 0.0446879438902371 0.0602173441545213 0.0576815904399093 0.0534807197616677 0.0513175392532056 0.0398286231028764 0.0282282293448129 0.0181665776053889 0.0030548187303236 -0.00591282076659426 0.000931616200136114 0.00333305137752282 0.0183172966390914 -0.0566883789462343 -0.0559786174001466 -0.0535386214781987 -0.0552945122489697 -0.0512193463714915 -0.0471595941331637 0.0140531056482572 -0.0368174892014787 0.0388909642488226 -0.00130329664936424 0.0114394702530761 0.0231248751560749 0.0329272135877398 0.0298878168531229 0.0238096641894423 0.0182233676443957 0.0197675493361411 0.0141957269055235 0.00931920907267163 0.00323139916040644 0.00482979807486711 0.0180268099158233 0.016930288955037 0.0193901860932868 0.0252204742708928 0.0336781437250928 0.0365918288748529
0.0557177910862964 0.0513136315854416 0.0434323717918279 0.0341894272861048 0.0230628464759859 0.00328025177386352 -0.0021762738885568 -0.00173197237356292 0.0139454994290166 0.0319137720827398 0.0473297787889358 0.0644585612089445 0.0651302165547848 0.0615622622049012 0.0495623553832364 0.0399081306162983 0.0246727442872428 0.0050122582553992 -0.00978393403080638 -0.0200404389923655 -0.0154379194748761 -0.00841342262611907 0.00890984317429476 0.00757740439353886 0.00641803488712832 0.00627045442979105 0.0025504722275853 0.00958009427113289 0.0200297820862246 0.0223320413366359 0.0257326834055231 -0.0214169102155881 -0.00396102031873941 0.0155197198001938 0.0323259138933734 0.0329188486292987 0.0357517539348662 0.0247727162377907 0.0205652549547723 0.0199894324351681 0.0196182680619668 0.0196727893112815 0.012024412058159 0.00814923836300868 0.0137483774666046 0.0132512549542397 0.020547616622681 0.0283840971332115 0.0280231979368476 0.036783451148113
0.0501022822653292 0.0443385655426804 0.0397640300714343 0.0311868385966696 0.0217942575216417 0.0142158146128197 0.0123970001966762 0.0161208831865595 0.0253464009273646 0.0377813892734405 0.0580600551512005 0.0668602558540485 0.068384681110397 0.0571897764659588 0.0451145004713937 0.033677043346862 0.0160700856852623 0.00491746882923977 -0.0181632450380964 -0.0278776249540394 -0.0375328639141209 -0.020675367930141 0.00454379551377655 0.0115739655749383 0.0130166520763129 0.0156835347216094 0.0119468265758198 0.0123036576775502 0.0280869700842846 0.0344058871583452 0.034737298956109 0.0486303693077498 0.00652064332395131 0.0219311420886137 0.0308647600329534 0.0307626622785637 0.0300349419961401 0.0273216290218664 0.0208405465061459 0.0190667022541367 0.0173464640564526 0.0166679250338267 0.00904275672908628 0.0106459307093729 0.00888035835892029 0.0112122704437995 0.0143279034859573 0.0245240229703245 0.0372511237283608 0.0447211257629615
0.0298612581993736 0.0305208568822399 0.0272231953287196 0.0259792900114365 0.0149740268703326 0.0195975150386022 0.0251465146028199 0.0314581763379997 0.0400281610888712 0.0476557151879176 0.0519385418326163 0.0559098721220074 0.0583675300833166 0.0503783855714262 0.036792243955178 0.026683757389365 0.0184996035129849 0.00466884717499474 -0.0120759412090093 -0.0302041472042749 -0.0432682209765569 -0.0255960561769289 0.00402309322041273 0.0171321158532125 0.0123878724184419 0.0110115623538917 0.0143843929818115 0.0153543592968747 0.0283764091865065 0.0366109068939826 0.047914500508821 0.0596617785329441 0.0196816406869621 0.0238239978999476 0.0261511740594737 0.025458670735258 0.0257660818018752 0.0181441956283741 0.0204285685058353 0.013919058675389 0.0121272732395456 0.0129074814386427 0.00832518301480947 0.00686358678986896 0.0141252903588322 0.0112704054079514 0.0212031804942408 0.02186167664783 0.0320978718322158 0.0412865606104329
0.0100301530175652 0.0191989830607233 0.0226775752776741 0.0221011228134321 0.0139471942204354 0.0176338879205114 0.0204295016183394 0.0298374124365151 0.0334520287157207 0.0470120611973632 0.0501921954256182 0.0637763635708504 0.0609211606494769 0.0516379734971834 0.0400728387288335 0.0233463719131092 0.0213151448946455 0.0113096780978752 -0.00199302437018627 -0.0166466075162631 -0.0221000834884661 -0.00347895320976172 0.0160480124360715 0.0160115273285514 0.00897838135480302 0.0140451422677626 0.0154365472696965 0.0270228590804183 0.0346071090159208 0.0431421794567202 0.0544594027425147 0.0574610495961653 0.0169603109624194 0.0253392079435835 0.0235945937321721 0.0195848872662645 0.0193483406475145 0.0189283208208012 0.0154106163970261 0.0112870299359193 0.00314946154441965 0.00945198851866475 0.0123397448894321 0.0110162604311869 0.0180618050617077 0.0240719075469066 0.0256200909924242 0.0314869894336213 0.0384070225653194 0.0518278401800225
0.00149360004432152 0.00847505878073253 0.014580455670896 0.0175951850332983 0.0167762952301708 0.0152157921788758 0.019834744757548 0.0244002038661679 0.032048265066543 0.041181073809107 0.0470798582464377 0.0561239790845259 0.0605782066183621 0.0533267534236031 0.0456974348493947 0.030827615287039 0.0231189736264932 0.0172995310153005 0.0130285121031629 0.0120609184586546 0.0177180483474797 0.0249223072645095 0.0312124623473357 0.0111023505622794 0.0117046936824958 0.0113464210931208 0.018098320877908 0.0303136979571105 0.039012384974376 0.041611449855785 0.0436869795870766 -0.00194786335366971 0.0130100485672946 0.0207803317694674 0.0284697731856159 0.0274695825940324 0.023446804158661 0.0174038765471826 0.0151273732868068 0.00889068415953781 0.00714496906884626 0.0110007151325195 0.0116161367203525 0.0119157443731284 0.0194266273897031 0.0220671151054373 0.0276119986218479 0.0316043793170288 0.0438459410181 0.0465060750159318
0.000159276246781249 0.0106643757643835 0.0177421702818582 0.0132574848878357 0.0120421747415311 0.0101811627550084 0.0183304446458757 0.0259307769862519 0.0293035445970144 0.038891838766209 0.0478864851794628 0.049914839371864 0.05260876460833 0.0478708398812615 0.0479285948221424 0.0424331280641296 0.0334196154968562 0.0282673141485932 0.0297401130460453 0.0304328198308752 0.032375047519619 0.0542390866250021 0.0414546465888492 0.0127220522713295 0.000755654541142889 0.00643296851582231 0.0191142281996042 0.0325060667589568 0.0393526012958696 0.0353444019112874 0.0360653509510802 -0.00842934388965281 0.0130228900315236 0.0206376559980563 0.0207203345341383 0.0220745436779579 0.0148112644765764 0.011344855080146 0.013521997759518 0.0159499821838275 0.00403121377059602 0.00641138549786562 0.0154777842589541 0.0156881661277048 0.0209607519847827 0.0208120815258829 0.0277186711711922 0.038390845037269 0.0469502096218678 0.040260472113806
0.000947051943979772 0.01274583013859 0.00685912248548647 0.0096445677811151 0.00444181172646915 0.0119568019204525 0.0182517386461666 0.0285388114347185 0.0333575630874525 0.0388883868293393 0.0434963544000742 0.0423989274409469 0.0454731060074961 0.0412506946093266 0.0452346869930725 0.03997413710996 0.036267567785016 0.0350366089994333 0.0425175429326312 0.0385367661032607 0.0356963868741717 0.0460402523315271 0.0477976734263685 0.0317906905277301 0.00595193453537296 0.0121200939535801 0.0202477670748368 0.0376967562621283 0.0378556542430733 0.0388188417186554 0.0415762051417467 0.00208606006560268 0.0189890944137769 0.0234015545148679 0.0326468449657107 0.0213716424821472 0.0181869962090798 0.0154943331041447 0.0113968768662143 0.0112374928327168 0.0101276007886093 0.00972922580510727 0.010479104690565 0.0175708011261299 0.0203343584513284 0.0261833596968371 0.0284314496660687 0.0340682693130807 0.0423777703351901 0.0493459664926313
-0.00160334914990299 0.00851954320039723 0.0050844521441017 0.00681287882453268 0.00577165786720591 0.013657111830269 0.0225192689421587 0.0256852072871587 0.0271099887887134 0.0249057777357706 0.0268618949342466 0.0280830239647307 0.0306051290028062 0.0369322349016994 0.0449085058765121 0.0448004205701165 0.0421149289387603 0.0394147650863798 0.0362384111778328 0.0313207472938039 0.0362814136167283 0.0320644576396355 0.033739273834503 0.0257253953219495 0.0170108065331165 0.0132878963275685 0.0324425619750228 0.0531447354250476 0.0562757505611996 0.0572763591015903 0.07467050268916 0.0245416951982384 0.034937882509555 0.0433766092700334 0.0370049570996635 0.0319354311868046 0.023696212098934 0.0206127249160527 0.00730202327254483 0.00630053854556985 0.00504335043041543 -0.000847164260425817 0.0100489362807491 0.0155185913663762 0.0191121474410414 0.0221210248166658 0.0302215489432157 0.0377774223892661 0.0469967876251145 0.046933268948649
-0.0168547210813714 -0.00197641300295028 -0.000365034765610195 0.00644273214636346 0.00973031074751158 0.00805034763336852 0.0232400341835486 0.0222250708260651 0.0197138946766192 0.00378735714402107 0.00643942441253271 0.0124399319590396 0.0170525894115815 0.0337801772216655 0.0436022359156344 0.054660680421281 0.0503076451049543 0.0437445495069824 0.0304711336584036 0.0272000600041916 0.0303595360152596 0.028884108124287 0.0246358178542781 0.0169704144315458 0.017687669484665 0.0280513716162858 0.0448691221965734 0.0692291119286905 0.0825139530096688 0.0914057627836017 0.0567120564289713 0.0657260185718893 0.0643773494881296 0.0612002055396269 0.0505555069032435 0.040283640840554 0.0266977110757227 0.00906144299967386 0.00130189699865329 -3.9009502695945e-06 0.00349300586992987 0.00499975958517608 0.00752755340835019 0.0113781694871664 0.017734805200959 0.0248375128364181 0.0352030476494926 0.0414630608420569 0.0478624557253585 0.0566716721232052
-0.0185147656309681 -0.0145810509862514 -0.00223290948322136 0.00581030065891839 0.0114994958565351 0.0150850765359489 0.0203826333143636 0.0132890265071581 0.00321585226906168 -0.00685003438507498 -0.0165407770347041 -0.00975151008678695 0.00588751543623026 0.0289318283128073 0.0453790428149913 0.050696966067262 0.0396419030486853 0.0321592027867933 0.0313359911849864 0.024414644341208 0.025013907926995 0.0299519485729131 0.0372681699848716 0.026682339599889 0.0379289433254725 0.0431720432814626 0.0620673839838334 0.0876134868594407 0.100839937147325 0.0602215865485931 0.0828038776659688 0.0753093094312665 0.0567434531014023 0.0568560903165497 0.058166865936169 0.0362828668406695 0.0224921467747269 0.0052703230963311 -0.000384060982952795 -0.0141241797690369 -0.00772938714323964 -0.00347510812085873 0.00377153721135293 0.011938329770052 0.0247147385653825 0.0314846336446155 0.0425245463977806 0.0512795718404718 0.0541214768482112 0.0573437967892498
-0.0161901892537109 -0.00549890118924262 0.00404584927829501 0.0135965711152397 0.0158584825306052 0.0152648771560136 0.0218675912737306 0.0230466548734821 0.00750823908316718 -0.0187311527931186 -0.0427735207552993 -0.0430078685717977 -0.00822374686792386 0.0185396190169625 0.0349977632304193 0.0421372372677334 0.0370884278756646 0.0360348424501001 0.0253907503959514 0.030833252283239 0.0280389633848047 0.0369049438233181 0.0450396173800423 0.044587078828581 0.0590794574511353 0.0727347058039893 0.0886601198214067 0.0266558969242111 0.0434701446933872 0.079717818798079 0.0639188401780363 0.0272217510588791 0.0369742882100664 0.0566179791748192 0.0522731952250703 0.0397314501740994 0.0198494909144575 -0.00136480155150895 -0.0265815475093284 -0.0326200179094785 -0.0182472823116194 -0.013175823476462 0.000257281315995898 0.00996377439601191 0.0203321286861989 0.0249902158473386 0.0312881371123853 0.0471957581441543 0.0538758099359217 0.0547914543859929
-0.0107546802051026 0.00122993521809275 0.0084150044390393 0.0187343769900418 0.0233964638164377 0.0249495036437566 0.0288783071388203 0.0216667936601557 -0.00438763379685982 -0.0238832051169961 -0.0501531970590157 -0.0476019462650938 -0.0217239722272138 0.00370071352604951 0.0187310961353367 0.0303778713450052 0.0311168159307477 0.029341643240115 0.0301158041698248 0.0326200517490992 0.0290762866019596 0.0365461220594334 0.0498955243849078 0.0695734091858372 0.0846803785919587 0.0933746524687847 0.0294665968383089 0.0410864239726893 0.0646519361428866 0.0912619773631191 0.0371117333882021 0.000797639421797944 0.0193484283328652 0.0558167487733474 0.0600047104533191 0.0398327099502768 0.0172877521311174 -0.0174707038817755 -0.0650668113389474 -0.0617080118700954 -0.0224709044875651 -0.0104586252258764 -0.00336709547908435 0.0103090974901431 0.0208144579961981 0.0256966179595552 0.0326220709081573 0.0409581594682545 0.0454838480644916 0.041488519794502
-0.00363091876730594 0.00621401982596089 0.014239891649582 0.0215442707233489 0.034299426952893 0.0357609770535744 0.0298821332405003 0.0126526113642716 -0.00362604652537005 -0.0211308887926172 -0.0381450024877217 -0.0290082312956315 -0.0224119395892802 -0.0109218532369667 0.00755681040261405 0.0229232286216536 0.0225361622718946 0.0258617951014305 0.0334062006442973 0.0388150632982899 0.0349614943169915 0.040119064868325 0.0559613509768267 0.0776064882809509 0.030399613301739 0.0378178841405999 0.0351886782618033 0.0461922793189834 0.0746943735102528 0.095451869128807 0.069590597867575 0.0307624816608953 0.0365593218934573 0.0638909133847975 0.0588364813423306 0.0404583038586332 0.0128481283474957 -0.0109124145803233 -0.0468895352670227 -0.0489815985555947 -0.0217316134617645 -0.0102394645058646 -0.0010126244675675 0.0219480702032169 0.0226666425202409 0.0287254122134786 0.038074508975604 0.0372986383271176 0.0433678525792017 0.038477111193727
-0.00273013400123427 0.00951126555292989 0.0186521828656963 0.0208651741686759 0.0254011705937705 0.0299975209916366 0.0263954404819371 0.0190970976222943 0.00894628785791154 -0.0121245388366606 -0.0180988376382516 -0.0145972483931347 -0.0135557223544287 -0.00439436716929801 0.0112536453424671 0.0116470919545145 0.0107400574396768 0.0206410763417982 0.0331747954581662 0.0406793972215433 0.0346671736941305 0.0349768716184453 0.0480616536512851 0.0032307811945319 0.0248640693662767 0.0265649243256958 0.0259704897361177 0.040593597799987 0.068315556588851 0.0921499203545718 0.101972028945714 0.0642434324416901 0.0649249296720528 0.070300402240869 0.0535237628714542 0.0305613291218976 0.0145718706801854 -0.0127939620868685 -0.0171340793743754 -0.0209748762292239 -0.0197777488415833 -0.0148793147812834 -0.00629339071623399 0.00770809231409418 0.0195298107928109 0.0337068706609972 0.033553068100156 0.0405263168894463 0.0358617786915374 0.0322251670225304
0.00443144633630111 0.0116138757640917 0.0197426836411158 0.0248018962165198 0.0244090573856071 0.0303501966555689 0.0293595093260029 0.0285294321782777 0.0167713134698304 -0.00119242306283708 0.000467547742568204 -0.00294928324381292 -0.00757856895946747 0.00159531763031632 0.0101131755157971 0.00647502150907861 0.0175222634138432 0.0295341795066399 0.0380748575696762 0.0415836507496112 0.0383809407807514 0.0361416050113077 0.0392106262482487 -0.0109312831784429 0.00260277782331887 0.0153434996040342 0.0237237845064018 0.0332154738688784 0.0589788161795407 0.0795563176344093 0.0881101780752026 0.072358564642244 0.0489614717842223 0.0452203019421376 0.0381873768000195 0.0197459015343274 -0.000911956796939115 -0.0166232960550123 -0.0156688813527104 -0.0209134071864483 -0.0226314479367444 -0.0177428143515089 -0.00832539909341065 0.00303571428036929 0.0164220647191246 0.0340540216306028 0.0461003558803727 0.0495183600374265 0.0479231635582457 0.0437174436591996
0.00129821972899746 0.00672149737434688 0.0178992267670588 0.0230135868309954 0.0306482134564132 0.0392716385482016 0.0382786726682745 0.0379731104666228 0.0305938241383457 0.0202207738042122 0.0124384883209807 0.00749874095938734 0.00468922081067333 0.00581129914273092 0.0103549230831426 0.00605222958970336 0.0140262911718811 0.0231773185041795 0.0307895417427166 0.0358990589699429 0.0346684400266189 0.0354996741445141 -0.0268916679013346 -0.0282737770246491 -0.0082853897526178 0.00629431434971598 0.0187551715891226 0.032365706586978 0.0551845921775133 0.0699366191260969 0.0661852000419119 0.0599430897215898 0.029315202479136 0.0178945107008193 0.0280176184349547 0.0123541458076546 0.00154730828209465 -0.0130505022058803 -0.0200129347913441 -0.024064797554378 -0.017711518658904 -0.0122203427460013 -0.00701497116202266 -0.00734852449636702 0.010210922594606 0.0306833897476387 0.0366560589658502 0.0354512958294686 0.0482323830013983 0.0504390895783669
-0.00336088643675784 0.00390538231495477 0.00793535565506715 0.0199756353851819 0.0279334003930893 0.0393381594511772 0.0429880372818675 0.0375060870330156 0.0378646882190397 0.0328090316091956 0.028581630188673 0.0146163967905196 0.00571212945419086 0.00631224405598926 0.00517525259255855 0.00813864650953713 0.0115756937042423 0.0161146865336873 0.0225999138173154 0.025451887501911 0.0341712991626289 -0.0209550711450727 0.0238674693030795 0.0230569174009362 -0.0089178282893496 0.00169423855684628 0.0179350437675321 0.0257587359159227 0.0436229087500092 0.0478390622327674 0.0406369446443858 0.0380476443627525 0.00677285385556348 0.00253448162009469 0.00798642293169932 -0.00327426690678942 -0.0197904898253535 -0.0219756489037088 -0.0274254061995593 -0.0307240468986371 -0.02516963680368 -0.0197676245318899 -0.0121837874472987 -0.0043850573929285 0.00703290511542938 0.0100447690296721 0.0233746723035804 0.0322449651304305 0.0385347792679105 0.0405946560025674
-0.00678029581451022 0.0036024484714443 0.010086423459337 0.0199388468140472 0.0293522335425317 0.0467168649137809 0.0478019539488562 0.0511765264770562 0.0478904542545242 0.0462373281209565 0.033790078760642 0.0252088759699826 0.0167956269031359 -0.00229712769547443 -0.00695612687471832 -0.0110490656524794 -0.00497671264385488 0.0090328408033273 0.00985109066179582 0.017702905483011 0.0254545276928053 0.0284561138563113 0.0249958919365431 -0.0284093779329335 -0.0163152346643633 0.00206747706620724 0.0148752004019377 0.0247955453008929 0.0286752220932072 0.0256515791147028 0.0200179475389349 0.00971670929769034 0.00488486312409204 -0.00140817765464975 -0.0107843204956185 -0.0230172341130067 -0.0292031899439366 -0.0300890615106076 -0.0314394364142572 -0.0307725167363193 -0.0330232739930627 -0.023533413363428 -0.012244087494766 -0.00927313793854277 -0.00775695145389046 -0.00306881436238811 0.0048510305306152 0.0729512807051679 0.0718390384537955 0.0106627880606473
-0.00686260173931178 0.00381596317078454 0.00594668384935359 0.0114547828076368 0.0294889395072981 0.0413698966612888 0.0625814069616803 0.0489503263563417 0.0428070726452081 0.0367044010247266 0.0348453032067799 0.026109777146668 0.00885736262145498 -0.00360494370340321 -0.00580176728560091 -0.0067169053733462 -0.0116414997022135 -0.00775299895093503 -0.00173418407348634 0.00956226974937961 0.0212838042151437 0.0283264052490332 0.020952728838069 -0.0251031969000984 -0.0167780192002573 0.00210735732621919 0.0110105062545787 0.0164978627556621 0.02245556073126 0.0137090839888475 0.00330380119569121 -0.0119942364333111 -0.00959936082368507 -0.00540026649608434 -0.0219713417126061 -0.0456003659905325 -0.0446842610613527 -0.0314176167377895 -0.0298743990180111 -0.0311366865013256 -0.0307079417121448 -0.0295334737978218 -0.0181854657284424 -0.0203380942213862 0.043720833914363 0.0443050919468283 0.0448963349455594 0.048504908131078 0.0574080942383422 0.0618147661338552
-0.0221062365693934 -0.0113162033092796 -0.0112652183462904 -0.0025955255409139 0.0129641238708526 0.0334507996921664 0.0380943179220651 0.0376139486255402 0.0313420958353284 0.0250864600735846 0.0207506738010962 0.016249609761408 0.0028489999265074 -0.0052060500189324 -0.00861359799872098 -0.00940382590213985 -0.00873724789735322 -0.0117405375384063 -0.0143049670283128 -0.00463490713921599 0.00542174510918973 0.00838244547167416 0.0145016341640114 -0.0211010628541386 -0.0158132227743668 -0.00774623594539224 0.00562382069120155 0.0115773501495527 0.0123530458331127 0.00546387640992517 -0.00685297751510815 -0.018595357275385 -0.0172146986127271 -0.0142661833405465 -0.0335278626114518 -0.0499566674476666 -0.0399957932617367 -0.017184842814216 -0.0255804600499579 -0.0315376746395137 -0.0335174540927362 -0.0314799517168916 -0.0261343684009433 0.0273779036636353 0.0322432578478164 0.0313610617283841 0.029661394871957 0.0392704954618756 0.0620508973214709 0.0520358439353991
-0.0376962522961832 -0.0328933264930961 -0.0328107224891331 -0.0333895502203555 -0.0185205784067394 0.00326517712612706 0.009030257463921 0.0148164971448925 0.0137920190846183 0.00852894139061279 0.0119082540048201 0.00694674666908859 0.00486463235904867 -0.00166945633015543 -0.0109656643785194 -0.00988868424816126 -0.00944580583679826 -0.00893460995784974 -0.00810368402589065 -0.00218296204249668 0.00143954840013008 0.00833479622985413 0.0114977008109692 0.0204249635487448 -0.0181877100524412 -0.0106121724883606 -0.00592935507536652 0.00562137682385801 0.00839912319373534 0.00104743212256226 -0.0100909065277098 -0.0177267046484398 -0.0237744161385234 -0.0330938503272615 -0.0289675293673025 -0.0327789758377657 -0.0210794362851616 -0.010719443578679 -0.013633668766192 -0.0228713445314887 -0.0284493231516325 -0.0293061367640004 0.0236142294123199 0.0245724334153446 0.025886953600382 0.0195086640494722 0.0141087368361855 0.0254190688989785 0.0506802464186516 0.0628211364749779
