data/pcas/pca_referenceLayers/PC15.asc
NCOLS 494 
NROWS 529 
XLLCORNER -117.166666666667 
YLLCORNER -55.5 
CELLSIZE 0.166666666666667 
NODATA_value -3.4e+38 
[rows 374 to 395 of 529, columns 350 to 399 of 494]
0.0171070522933825 -0.00392553374488656 -0.0213839412128407 -0.0416155692564165 -0.0471293477211697 -0.045150224423961 -0.0474825965721912 -0.042203507470908 -0.0403068235748553 -0.040847481017783 -0.0465086399890743 -0.0553085799031914 -0.0647043967726121 -0.073569974136786 -0.0760424144402249 -0.0781186989038304 -0.079562369995413 -0.0788260375834806 -0.07955800420438 -0.0775253427176602 -0.0270165928557782 -0.0197673839338906 -0.0151171393165077 -0.0172840782470603 -0.0086282015890639 -0.00472163458761682 -0.00649407410265372 -0.00797085666866726 -0.00554352120197742 -0.00620036578393287 -0.0137619672108834 -0.0457712138595083 -0.0580220789763361 -0.0764801954315202 -0.0756549504406311 -0.0818586568218 -0.0876775770932155 -0.0856370440780069 -0.0820024792034939 -0.0754414110681324 -0.0712158406708994 -0.064985535249005 -0.0604228376042198 -0.0509772563298639 -0.0453812965315523 -0.0376104893499163 -0.0211277623309529 -0.0202011576035677 -0.0228727288518523 -0.0221670929753346
0.0133517517207084 -0.00493351237896717 -0.023594301855707 -0.0394107813681232 -0.0484760074343647 -0.0490534183305996 -0.048691347204688 -0.048846534689146 -0.0475273154833169 -0.0535905439196937 -0.0623493403869688 -0.0678220554078356 -0.0668185314239176 -0.0723026026969521 -0.0758238662858839 -0.0913160002610561 -0.0907665845978515 -0.0879827460767252 -0.0816395111507663 -0.078339400939271 -0.0234145896046249 -0.0161318232303464 -0.017048202105651 -0.0147921869992254 -0.00199995802892495 0.000412746323075138 -0.00129058087011933 -0.00540401713838637 -0.00899358126069586 -0.0167835666158547 -0.0522296311488558 -0.0516685496930501 -0.0617256831172997 -0.0709584975925075 -0.0855674656467812 -0.0872574544166233 -0.0963623492968221 -0.097802740180338 -0.0907919614960667 -0.0825543283813101 -0.0751900763465069 -0.0656128577806894 -0.0602642336061464 -0.054019674132942 -0.0518295593405013 -0.0199105200683817 -0.017380279830286 -0.024093475369119 -0.0273773490648092 -0.0264305025611185
0.00657324174934215 -0.00738966150362672 -0.0241076239162761 -0.0399296559848177 -0.051121613718151 -0.0543551353472436 -0.0544697819691939 -0.0503805461770801 -0.0535057789518888 -0.0607156988198289 -0.0556286020886857 -0.0533127154959433 -0.0548641333224378 -0.05906875315839 -0.0643099792884987 -0.075570845356523 -0.0889253444092659 -0.088184053090996 -0.0832906297475473 -0.0799716961354372 -0.0258863154389381 -0.0235101370069024 -0.0246542790532646 -0.0175495051287909 -0.00547120348654946 0.00214828752139924 0.00114995616287009 -0.0051769660638762 -0.0130666484185892 -0.0212886904485304 -0.0605007818030301 -0.0592337958874004 -0.0658836187575367 -0.0736401309111435 -0.0839599902615679 -0.0892209847067247 -0.0960819263890472 -0.0993805928852359 -0.0973475520017248 -0.0875653802200821 -0.0789040495066966 -0.0668210137468309 -0.0560884839756968 -0.0518311168156325 -0.0280226996114069 -0.0180354405585748 -0.0119082787006192 -0.0104550025598707 -0.016395267949437 -0.0225949932579523
0.00656251774920483 -0.00874846581409029 -0.0241979997452419 -0.0396286212134464 -0.0468205191450507 -0.0615422708428125 -0.0573930707328361 -0.0556576503513756 -0.0564434475547138 -0.0524753473882101 -0.0502203864175036 -0.0407482589541605 -0.0369817739781065 -0.0375808607995007 -0.0436192165760725 -0.0562010161712148 -0.0701004524589239 -0.0836985739544765 -0.0820137340010423 -0.0739522597276501 -0.0405531663000245 -0.0308003602356445 -0.0224568255705494 -0.0124198714370838 0.000262912690647555 -0.000660284065201092 -0.00286507101815875 -0.00979818470745002 -0.0147697367117078 -0.0133509373618729 -0.0535917808520847 -0.0565187617498506 -0.0625602146294563 -0.0739437097809753 -0.0837737880595839 -0.0890279107793834 -0.0919221650412947 -0.0965992477520059 -0.0935153595187156 -0.0843911851140589 -0.0767043308451914 -0.06567379301474 -0.0558737894629894 -0.0473902303298862 -0.0258734804546444 -0.0212590225703939 -0.0114829205671455 -0.0123203498272778 -0.0224564362919 -0.0233572273323246
0.00304002460053282 -0.0101849764820276 -0.0218185003368605 -0.0341796113814491 -0.0428781151531616 -0.0538768860100776 -0.0614854844901457 -0.0586500406898447 -0.0538508725020986 -0.0486974536361911 -0.0366642983897536 -0.029541786845912 -0.0281486636897772 -0.0224580983232333 -0.0244815908939425 -0.0365684952047844 -0.0510212976428038 -0.0711959024641062 -0.0646837234128194 -0.0650334350038622 -0.0305917992652126 -0.0334660506420333 -0.028998106294812 -0.0215466277081574 -0.00281522448141918 -0.00111528219844145 -0.00251723756453969 -0.00850083639703285 -0.0462333013786578 -0.0466464189741788 -0.0545844688738306 -0.0542277251398247 -0.0585337756264758 -0.0729514491145155 -0.0804700855692175 -0.0810519840090607 -0.0852974685382257 -0.0734037285268566 -0.0779757683955706 -0.0732617309998621 -0.0685167076965277 -0.068730737019549 -0.0635549845153952 -0.0275839420003664 -0.0263018774749165 -0.0208728043232736 -0.00874931397496945 -0.00853911800969677 -0.015597751723143 -0.0105914580754681
0.000193021986955772 -0.00766566886139201 -0.0212499420104408 -0.0302279760967276 -0.034329152182618 -0.0431638895246184 -0.0592295656947507 -0.0602223616466992 -0.0563354220993668 -0.0469076991402134 -0.0395015982031836 -0.032614450405611 -0.0251485107848032 -0.0213918439843786 -0.0287461609267023 -0.0331125036312524 -0.0475309599568968 -0.0557029779424155 -0.0530736254017867 -0.0567481517808135 -0.0243612662658454 -0.0316956380563365 -0.0287356957482176 -0.0250187803176676 -0.00591916866113798 -0.00159565096008756 0.00176076137213965 -0.00459813177418443 -0.01425104495016 -0.0175620191177376 -0.0212727184718268 -0.0239540663721616 -0.0344104971369616 -0.0586713628128715 -0.0754415018027963 -0.0679466749088942 -0.0738472222526034 -0.0600676445556086 -0.0626519782968863 -0.0548403269750385 -0.0404969798665272 -0.0342034286059157 -0.0326275838526859 -0.0246089319530354 -0.0179351690910478 -0.0194061124690739 -3.4e+38 -3.4e+38 -0.0100230483705806 -0.0127742791744759
0.0011328517010967 -0.00584129785159596 -0.0165440568507496 -0.0277473405729007 -0.031432344917247 -0.0340310767047523 -0.046502652569354 -0.0567928449453789 -0.0551546784747824 -0.0468991156704373 -0.0429734241172086 -0.038751277864707 -0.0333264774329759 -0.0307556584280881 -0.0349341189431303 -0.0419186221518633 -0.0461403952761696 -0.0488366286689274 -0.0548420681713464 -0.0615931099662699 -0.0645306120331307 -0.0344527737268372 -0.0328501438663114 -0.0265452349670628 -0.0176081031057366 0.00159936287407074 0.00153320750329745 -0.00214018225118436 -0.0105263739327311 -0.0137926125995799 -0.0189120627172677 -0.0300898533572079 -0.0334344422530773 -0.0383838322690147 -0.0463839574923624 -0.0535032620554492 -0.0637166226542285 -0.061255315350296 -0.0573057425161169 -0.0563770597847999 -0.0441554111137226 -0.0247218002911409 -0.0172266729361324 -0.0137900561676476 -0.01624208575245 -0.00704527058064896 -3.4e+38 -3.4e+38 -0.003482124225772 -0.0125341626776478
-0.00533568612099215 -0.00913955466211441 -0.0125076888568962 -0.0197021786553049 -0.0218008075304515 -0.0234908279726525 -0.0324398251566272 -0.0471249496509902 -0.0471917794477265 -0.0475259600351353 -0.0452293985216029 -0.0438233672581114 -0.0409204302714307 -0.0398245759406039 -0.0444533349163703 -0.0433697505937261 -0.0482815995945063 -0.0527170516470001 -0.0470102101930689 -0.0447052027057167 -0.0539233081211059 -0.0643578654574776 -0.0317079061343136 -0.0271788565989052 -0.0118904230972366 0.00820222467364854 0.00233294044433632 -0.00206407077061333 -0.00834862285238614 -0.0124712527781433 -0.0163709548829342 -0.0272577594642512 -0.0308703196457802 -0.0381017527476358 -0.0476815877933775 -0.0458399673775921 -0.0503114378326803 -0.0476938187254076 -0.0412310413995901 -0.0479745469058041 -0.0360283493836585 -0.0289785857119541 -0.0221274387100653 -0.0159779577108021 -0.00765432885986704 -3.4e+38 -3.4e+38 -0.0099893448854823 -0.00210622385475788 -0.00223705849254573
-0.00472496240946936 -0.00653671470258166 -0.0140648504050972 -0.0190307857517271 -0.0129028458883565 -0.0163259964882107 -0.0297824016154744 -0.0394031292061731 -0.044117003812436 -0.0430079569561879 -0.0462100625761329 -0.0418352093919908 -0.0421284727726987 -0.0440277676941472 -0.0453215434844381 -0.0469226319629888 -0.04939617534911 -0.0490503993952883 -0.0487596907870059 -0.0447838643033701 -0.043518315445026 -0.0565816192780166 -0.0613213186193742 -0.0266067038470206 -0.000220454426915152 0.00803172005151571 0.00864452159924119 0.00429528793953411 -0.00569379471497128 -0.00751517124356944 -0.0159317830181019 -0.0239242546772012 -0.0286351522325668 -0.0387055215352015 -0.0426971402707223 -0.0377192856159494 -0.0368326324732908 -0.0334162630708598 -0.0281851637891947 -0.0235006243693267 -0.027721444007602 -0.0143804518640612 -0.0154874378244653 -0.0074465878272219 0.00101142794798554 -0.0115980282517386 -0.00697220128901728 -0.0122013962166148 0.00114108563322766 -3.4e+38
-0.00820234834228235 -0.0107852627955191 -0.0155141900465718 -0.0112192630390285 -0.00630125555098183 -0.00965867384191412 -0.0249671688048427 -0.030515999843996 -0.0354054631502177 -0.0372818940047874 -0.0371393271154936 -0.0351885483293629 -0.0326892850276167 -0.0374010552128858 -0.0348718069536393 -0.0394093026675051 -0.0444456064965828 -0.0540520852109326 -0.0549585678992576 -0.0508362054075559 -0.0527116543105535 -0.0562047829427707 -0.0550733550948434 -0.0588579740921883 0.000551655422734791 0.00484567456586548 0.00357612123745608 0.000836102149556255 -0.00253403897336162 -0.00991154194770871 -0.0176718684758835 -0.0232282684406135 -0.0349354135286279 -0.0313452357712632 -0.0297903898856821 -0.0303086933671412 -0.0272569294400599 -0.0260939445833022 -0.0230284664570277 -0.0147017969015995 -0.0054951723221184 -0.0017412682493898 -0.0026949065274987 -0.00636412667485179 -3.4e+38 -3.4e+38 0.000627292721268307 -0.00545507947986018 -0.000905095808862479 -3.4e+38
-0.0131606082650396 -0.011707190149952 -0.0115101747211153 -0.00935387693232025 -0.0080665911305469 -0.0107174986351046 -0.0177729678014389 -0.0256147729199473 -0.0237489676081902 -0.0294560118564827 -0.0267672815250362 -0.0288599681519895 -0.0276169840234493 -0.0277426164118145 -0.0272722020450579 -0.0302856081160426 -0.033311635895347 -0.0435444425893979 -0.0500437146673464 -0.0484471827511118 -0.0544444433785447 -0.0566772209227599 -0.0554464959142191 -0.0187713297172798 0.00180823922273768 0.00325806404404036 -0.00062713166561866 -0.00151750836383383 -0.00101463758345384 -0.00398413499383567 -0.00998152346144298 -0.0161227574079883 -0.025040793904622 -0.0218660239698692 -0.0219174909864241 -0.0185682925129194 -0.020228365460433 -0.0169074286281606 -0.005311248215242 0.0013967468384871 0.0057022103036476 0.00266872395586255 -3.4e+38 -3.4e+38 0.00475719463000232 -0.00216174129125184 -0.000649454973046034 -3.4e+38 -3.4e+38 -3.4e+38
-0.0167506474302873 -0.016997131840364 -0.0136853934688368 -0.00590658162325346 -0.00730065613765323 -0.00866606825135733 -0.0132213630036759 -0.0192087041076629 -0.0203043083592035 -0.0186284836378468 -0.0172837966212262 -0.0176486938826581 -0.0215079882797071 -0.0212915561362524 -0.0206544068886085 -0.0203796875839671 -0.0220735008637266 -0.0288629534639427 -0.0366195089003018 -0.0433406223874152 -0.0471257615347655 -0.0511788513102552 -0.0546731860773178 -0.011865261263576 0.00756110236776857 0.000520616948359584 0.00176490691381569 -0.0037151916515075 -0.00585700924138835 -0.00881083098848487 -0.0121978969064981 -0.0168283610107864 -0.0179911100774042 -0.0146430446288799 -0.0110423679818183 -0.00973604383572364 -0.00942421514356911 -0.00371201429393824 0.0085848227369831 0.0102639961803677 0.00813199878421091 -3.4e+38 -3.4e+38 0.00892344056730756 0.00511429797200872 -0.000790062876644218 -3.4e+38 -3.4e+38 -3.4e+38 -3.4e+38
-0.0215176466700462 -0.0183350564518199 -0.0121372704371869 -0.000197680091974028 -0.00222964354805934 -0.00473356911720877 -0.00923133813009498 -0.00935835591727065 -0.0107528429119687 -0.00864578001226194 -0.00934071477247903 -0.00814888892454745 -0.00784306211211012 -0.0126753242467125 -0.0119290811234493 -0.014465954476071 0.000138239476219318 -0.00098761482054996 -0.0260396416084218 -0.0344827310738233 -0.0437171449710757 -0.0446214079874014 -0.029728792606095 0.00547764437124172 0.0140586101753855 0.00418841234305211 0.00362621881491335 -0.000216145366455344 -0.00263656604794024 -0.00503467283659656 -0.00828846965016187 -0.0125573167296978 -0.0121393673838977 -0.0116931400114847 -0.00571807174040938 -0.000690669667885371 0.00277689735270572 -0.00527846034900942 0.00568049732641425 0.00442101766431508 0.0154552935949086 0.0231765632614766 0.0161669458719397 0.0124935644120399 0.0101222849666036 -3.4e+38 -3.4e+38 -3.4e+38 -3.4e+38 -3.4e+38
-0.0231895130157253 -0.0196275800129702 -0.0150864430637775 -0.00331356816037957 -0.00355172908705798 -0.0100748379912446 -0.00629554893398823 -0.00289477069378736 -0.000908349205295623 -0.00112395630979868 -0.00227479922782349 -0.00514686678939368 -0.00503522198040427 -0.0058035305770099 -0.00549307016739241 -0.00583175155011793 0.00897660653227684 0.00663810769513711 0.000314749261390379 -0.0107674986244939 -0.0153021629292742 0.00861934390307404 0.00552263904405984 0.00321067105127937 0.00962571973777252 0.00932871025217825 0.00907375607828729 0.00681128941988841 0.00200152160091608 -0.001256578970495 -0.00335035888816785 -0.0063967409461915 -0.00688978966477436 0.00163660253750121 0.00276292809528939 -0.00879888149752451 -0.00407440209731436 -0.000927944321911693 0.00498390742711831 0.0244181049584717 0.0215925412508896 0.020505011067553 0.0163385332470617 -3.4e+38 -3.4e+38 -3.4e+38 -3.4e+38 -3.4e+38 -3.4e+38 -3.4e+38
-0.0296174063484467 -0.0206493981087043 -0.0156369952726228 -0.00572889344840828 -0.00668894622149153 -0.00966093325746232 -0.000529899049427921 0.00422309523922664 0.00856656098357375 0.00509151524249318 0.000878147309141994 -0.00279134071596285 -0.000181496586712434 0.00180540411919243 0.00464412572060572 0.00499564576935106 0.0163628579583412 0.0127251288436795 0.00545480061534312 0.00510519603759758 0.0320920513064341 0.0265018364217614 0.015355588894572 0.017510717507983 0.017767791733606 0.0179542511653773 0.0148542656228045 0.016006608609331 0.00917775639527331 0.0126095637588173 0.0129679446157223 0.00345157464306958 0.00167121054001424 0.000674677434197591 0.00023627712035256 -0.00525484116953511 -0.00473318725677849 -0.00130220465402494 0.0171452350771015 0.0266044417585467 0.0262002171731443 0.0200784696325683 -3.4e+38 -3.4e+38 -3.4e+38 -3.4e+38 -3.4e+38 -3.4e+38 -3.4e+38 -3.4e+38
-0.0293973240003193 -0.0240061336260119 -0.0146086653591982 -0.00899954896664622 -0.00730141228700794 -0.00982454887530852 0.0107652460309278 0.0174473648537027 0.0172501972350118 0.0111435243064826 0.00549395183292581 0.00258259166802647 0.00240130502424125 0.00675215141039139 0.00919452376261172 0.00546765806620987 0.00431723530586834 0.0501393990500887 0.0487102370880408 0.0391029046301956 0.0306702305363054 0.0257059486694921 0.0188944075462166 0.0137866840998122 0.0178922087148282 0.0119953127278681 0.0248759066614562 0.0306556072206149 0.0313383539320414 0.0251256262620914 0.00981029534021263 0.00790857220184823 0.0085893069545256 0.00717983082499966 -0.00147345308604478 -0.013241304115112 -0.00599260181084671 -0.00353479770222747 0.00594409373960778 0.0205852196507768 0.0219182121529532 -3.4e+38 -3.4e+38 -3.4e+38 -3.4e+38 -3.4e+38 -3.4e+38 -3.4e+38 -3.4e+38 -3.4e+38
-0.0343277728119048 -0.0202798712485827 0.000165181194911658 0.0168049984745759 -0.000488460865872679 0.00746369315555421 0.0220036068713284 0.031329965029152 0.0317552790800571 0.0209350745321527 0.0131490534557437 0.00546929209898208 0.00319432368053158 0.00681728051531844 0.00778827801487552 -0.00171002725533995 -0.00652608709687423 0.0445233753044106 0.0424162820924409 0.0290498602237066 0.0348131810571258 0.0268706964912455 0.0248441094422201 0.0268534466180832 0.0260683269535393 0.0242751448608595 0.0240384156171734 0.0374673946563496 0.0343139221571708 0.0309493656077038 0.0241212162942336 0.0199998610383347 0.0165165819632173 0.0109153750019393 -0.000974548258246156 -0.0152779360238124 -0.00768330687183726 -0.00283480975152244 0.00492511155796141 0.0175867338397146 -3.4e+38 -3.4e+38 -3.4e+38 -3.4e+38 -3.4e+38 -3.4e+38 -3.4e+38 -3.4e+38 -3.4e+38 -3.4e+38
-0.0298937355435337 -0.0154327388906708 0.00697659886827138 0.0241259332953005 0.00653184526268255 0.0167342611624635 0.0377040858054912 0.0449677193377622 0.0368428203697082 0.0294941275236514 0.0138660422618515 0.00223982576771036 -0.00514562443186887 -0.00527786081954988 0.00421598120246348 -0.0010955495339214 0.0479745722662331 0.0476413139035052 0.0459972783036809 0.0304210427771561 0.0288142926175357 0.0259817086401443 0.033294930433353 0.0385107346963002 0.0433905398874619 0.0361909238703363 0.0440553618485698 0.0476779688447763 0.0419629388989317 0.0407493063397055 0.0373015416404063 0.0282199863531812 0.0190165396546142 0.0096594418523812 0.000887851544388967 0.00841065885883934 0.00296756245621543 -0.00156916946556981 -0.00391761433958911 -3.4e+38 -3.4e+38 -3.4e+38 -3.4e+38 -3.4e+38 -3.4e+38 -3.4e+38 -3.4e+38 -3.4e+38 -3.4e+38 -3.4e+38
-0.0281903996923911 -0.0171354289952813 -0.00648545829117735 0.00541775607160725 0.00740443408031452 0.0193002722450631 0.0380019725587233 0.0481514181597707 0.0402061743282676 0.0286282004135667 0.0131687963876223 -0.00393300363012978 -0.0117452405184923 -0.018692865075101 0.00534746167227335 0.0312208240290006 0.0470200271509739 0.0423308274354835 0.0408892059732535 0.0277492969604027 0.0315074851943696 0.0299257079321588 0.0296669078716548 0.0417035823320954 0.0420879510193913 0.0423168906444692 0.0486076421510056 0.0551026847838828 0.051607920199735 0.043590811424663 0.0347120114835753 0.0269470334011136 0.020619925928355 0.0187458910924846 0.0183744146908907 0.012458974503957 0.00530939031119186 0.00595056831335473 -0.0050333298901549 -3.4e+38 -3.4e+38 -3.4e+38 -3.4e+38 -3.4e+38 -3.4e+38 -3.4e+38 -3.4e+38 -3.4e+38 -3.4e+38 -3.4e+38
-0.028261226096362 -0.0221172028711233 -0.0190818535402559 -0.0174697518295064 -0.00365088598954204 -0.000916311853882665 0.0167374739252296 0.031132354932837 0.0311358480440775 0.0179050095562202 0.00495245270382419 -0.00413545941536657 -0.0159819969894437 -0.0273542304715941 -0.013776247073128 0.0343563483517191 0.0283409370156001 0.0318715340551462 0.0275701895915985 0.0302920097154844 0.0338843087662989 0.0276756731324498 0.0301322660280637 0.0387334940744371 0.0435324610896183 0.045179887426074 0.0505127511754036 0.0577672569860279 0.0543892529680927 0.0478564258287152 0.0312198075488421 0.0249119862949651 0.0230630275249294 0.0228171129868672 0.0080823285889746 0.00819983055670497 0.00495300746511266 0.00154971261217364 -0.0107238471218597 -3.4e+38 -3.4e+38 -3.4e+38 -3.4e+38 -3.4e+38 -3.4e+38 -3.4e+38 -3.4e+38 -3.4e+38 -3.4e+38 -3.4e+38
-0.0303660663547614 -0.0294117868681404 -0.0145533090205204 -0.0129264114627934 -0.0196082183413136 -0.0153676755495055 -0.0004978169910842 0.0109522352034361 0.0188679160166114 0.0151998519452189 0.00568662720309986 -0.00853605848437472 -0.01829308310505 -0.0246507814619344 -0.0156273164611528 0.0251244476590177 0.03419972966833 0.0399868433230397 0.0354261678309229 0.0282120893033887 0.0256781372849514 0.023295893247962 0.0279191131747073 0.0321057919494438 0.0471895080151028 0.0538627899518979 0.0613756765635167 0.0620738265562056 0.0503511281285317 0.0448147755020104 0.0335079571370841 0.0268430730659032 0.0270381867755085 0.0151382632075424 0.00869466975654941 0.00431056343042799 0.00251181592030334 0.000970633358971214 -3.4e+38 -3.4e+38 -3.4e+38 -3.4e+38 -3.4e+38 -3.4e+38 -3.4e+38 -3.4e+38 -3.4e+38 -3.4e+38 -3.4e+38 -3.4e+38
-0.0256292129138699 -0.0151622625946873 0.00340825771141085 -0.00280518300947841 -0.00521820005386621 -0.00435415639885423 -0.00549347198489371 0.00241936369332673 0.00769436698471472 0.00276243270898582 -0.00200848523798091 -0.00819913645427235 -0.0141463129556476 -0.00192769247602759 -0.00823670898372938 0.0158453598397832 0.0274243337449923 0.040631115167207 0.0332932904395002 0.0281239731230972 0.0260558616987552 0.0277080959945442 0.0225403301673126 0.0345811625407192 0.0445789048040435 0.0547191223213073 0.0595704975870704 0.0570655144713912 0.0414858114573537 0.0411727933227846 0.037451207583276 0.0312543450035695 0.0231289107203523 0.0105894843430383 0.00836941871486889 0.0108499621815237 0.0125826528453558 -3.4e+38 -3.4e+38 -3.4e+38 -3.4e+38 -3.4e+38 -3.4e+38 -3.4e+38 -3.4e+38 -3.4e+38 -3.4e+38 -3.4e+38 -3.4e+38 -3.4e+38
