data/pcas/pca_referenceLayers/PC15.asc
NCOLS 494 
NROWS 529 
XLLCORNER -117.166666666667 
YLLCORNER -55.5 
CELLSIZE 0.166666666666667 
NODATA_value -3.4e+38 
[rows 132 to 153 of 529, columns 300 to 349 of 494]
0.0235862255837637 0.018484423173862 0.0251593800393529 0.00805331318543141 0.0287692321536277 0.0108778870869842 0.00283591121756286 -3.4e+38 -3.4e+38 -3.4e+38 -3.4e+38 -3.4e+38 -3.4e+38 -3.4e+38 -3.4e+38 -3.4e+38 -3.4e+38 0.0261753351149734 0.041294620203448 -0.0110016343625763 -0.0258833569996088 -0.013845722990868 -0.0179938420735599 -0.00798824224505086 -0.0145999226749479 -0.00897766211480262 0.0074170992404513 -0.0135665300857538 -0.0125814857943005 -0.00963525818224899 0.00115938811179069 0.0233018231134835 -3.4e+38 0.0800051829982074 0.0364749343703601 0.0171663595030835 0.0325748319522019 -3.4e+38 -3.4e+38 -3.4e+38 -3.4e+38 -3.4e+38 -3.4e+38 -3.4e+38 -3.4e+38 -3.4e+38 -3.4e+38 -3.4e+38 -3.4e+38 -3.4e+38
0.0439538584605278 0.0265775492838173 -0.00778977446090616 -0.016586810084901 -0.00775587076002272 0.0200692710300456 0.0242756373084729 0.000332272788422509 -3.4e+38 -3.4e+38 -3.4e+38 -3.4e+38 -3.4e+38 -3.4e+38 -3.4e+38 0.0749266707676842 0.0153610972355226 -0.0182480568514792 -0.0317026346626525 -0.0230541296395799 -0.0150480201206765 -0.0195558287167019 -0.0392755661717077 -0.0142850144267151 -0.0299882958700927 -0.0273636244580857 -0.0109360617364213 0.0427947863251004 -3.4e+38 -3.4e+38 -3.4e+38 -3.4e+38 -3.4e+38 -3.4e+38 -0.015260683974254 0.00429322134080519 0.0235546409542648 0.0293855829321879 -3.4e+38 -3.4e+38 -3.4e+38 -3.4e+38 -3.4e+38 -3.4e+38 -3.4e+38 -3.4e+38 -3.4e+38 -3.4e+38 -3.4e+38 -3.4e+38
0.0111342688332208 -0.0243962522825754 0.018456118712789 -0.0207912604018911 -0.00223370994284358 0.0129771629410875 0.0064083772628801 -0.0386691375409301 -0.00779333579256087 0.0227279642336017 -3.4e+38 -3.4e+38 -3.4e+38 -3.4e+38 0.00669221171546434 -0.00228818366086322 -0.0238999104572714 -0.0317978496111058 -0.0202272631647598 -0.0314459949878981 -0.0584194187023124 -0.0434737589880195 -0.0587334987218118 -0.0418919680527884 -0.0293284099031367 -0.0387576328575304 -0.0242410104423406 -0.0169951509035931 -3.4e+38 -3.4e+38 -3.4e+38 -3.4e+38 0.127420479344849 0.00383019488989882 -0.00610870720144869 -0.00803899142609613 8.84843769226023e-05 0.04790679638085 -3.4e+38 -3.4e+38 -3.4e+38 -3.4e+38 -3.4e+38 -3.4e+38 -3.4e+38 -3.4e+38 -3.4e+38 -3.4e+38 -3.4e+38 -3.4e+38
0.0139869100296242 -0.0186035762458049 -0.0476592168341695 -0.0374063183966555 -0.0319129540877902 -0.0454821816854011 -0.0600090813020534 -0.0581845609648552 -0.0465351370166837 -0.0458870573759139 -0.0310984695862621 -0.0182499002898004 -0.0313061591610874 -0.0116220715679507 -0.0061844998714802 -0.0236760606221493 -0.0406204626550087 -0.0375370604451116 -0.0426594167599598 -0.0391771871090848 -0.0374552217338609 -0.0446883074973425 -0.05313541198658 -0.0381646777779277 -0.0321776233256028 -0.0342612034422794 -0.0357553281490097 -0.0231961058353392 -0.00533842168869091 -0.0132591831747322 0.0119161745709822 0.00403905351076384 -0.00412853157146748 -0.00437742908047991 -0.00169363201803631 0.0309248300721987 0.0223356897012819 0.0190041261774313 -3.4e+38 -3.4e+38 -3.4e+38 -3.4e+38 -3.4e+38 -3.4e+38 -3.4e+38 -3.4e+38 -3.4e+38 -3.4e+38 -3.4e+38 -3.4e+38
-0.00646124459638221 -0.0227215223511865 -0.0329568359799254 -0.0310671812498618 -0.0452252426122842 -0.0555491798665116 -0.0533271976729776 -0.0421612446142829 -0.0390452720346338 -0.0251632480515793 -0.0587617386068143 -0.0524838255804372 -0.0327618244279034 -0.0395047761108259 -0.0388151140421488 -0.0222300849381504 -0.0440583369868307 -0.0365897769926404 -0.0434559335094088 -0.0391906610325242 -0.0110664270234597 0.00563727102373025 -0.00123708457821126 -0.0073912570117914 -0.0125047914494614 -0.0143786644922085 -0.0231176209543472 -0.0263878069887474 0.0184141613335696 -0.00390670291262341 -0.0126227881747432 -0.0083653577330336 -3.4e+38 -0.00870327758835718 -0.0153644589094966 -3.4e+38 -3.4e+38 -3.4e+38 -3.4e+38 -3.4e+38 -3.4e+38 -3.4e+38 -3.4e+38 -3.4e+38 -3.4e+38 -3.4e+38 -3.4e+38 -3.4e+38 -3.4e+38 -3.4e+38
-0.0270711018484844 -0.0364074097999113 -0.0503568160210882 -0.0609643208449327 -0.0740354070624237 -0.0875189235396236 -0.0896681144789324 -0.0726608192017242 -0.0636067306003254 -0.0405446523831074 -0.0717878035771859 -0.0548077700110335 -0.0418837016362019 -0.0385917470332105 -0.0405641713231016 -0.0423835028618823 -0.0368679193565069 -0.0406953185895634 -0.0378593175876445 -0.0364550263270761 -0.0333841353681939 -0.0177794747494918 -0.0275767460998547 -0.0537673938048811 -0.0388464355222722 -3.67512913252259e-05 0.0049404052539906 0.0188917845784476 0.0195219444484784 0.0199007212793304 0.00739151511616356 0.0155892224944381 0.0208410003335975 0.0125239294880633 0.00829780403224953 0.0112505726425193 -3.4e+38 -3.4e+38 -3.4e+38 -3.4e+38 -3.4e+38 -3.4e+38 -3.4e+38 -3.4e+38 -3.4e+38 -3.4e+38 -3.4e+38 -3.4e+38 -3.4e+38 -3.4e+38
-0.0112774713886697 -0.0481056595232735 -0.0444697608663527 -0.0606951198351791 -0.0762573692430267 -0.0709059189456551 -0.0748802725145745 -0.0836486673052234 -0.0818569473679884 -0.0748895185849177 -0.0720985522685111 -0.0463137133858268 -0.0515292887567539 -0.0504523301955608 -0.0450110768637062 -0.0312815718927548 -0.0147985970944267 -0.0258334949853142 -0.0251823599318569 -0.0224226858053194 -0.0179616497342838 -0.031786746013853 -0.0460521334993444 -0.054928018367283 -0.024694276472412 0.0151771620095515 0.0190257554853313 0.0112430563132949 0.010521327352367 0.00228459300299935 0.0125997067241986 0.0270919441772525 0.0291150870267823 0.00843260045955626 0.00232673782341849 0.0282100917855157 0.0247260505810591 0.0201513099074307 -3.4e+38 -3.4e+38 -3.4e+38 -3.4e+38 -3.4e+38 -3.4e+38 -3.4e+38 -3.4e+38 -3.4e+38 -3.4e+38 -3.4e+38 -3.4e+38
-0.0318161159686915 -0.0248874082760136 -0.0450457906339117 -0.0531798062616139 -0.0597534989936083 -0.0643498249927424 -0.0708268919142186 -0.076232271372049 -0.0352072945820457 -0.0374748494927391 -0.0370666863619019 -0.0081889880498384 -0.0377368091745436 -0.0368661714199 -0.0365395731523593 -0.0365263663140909 -0.0412394933931514 -0.0433690012481614 -0.0397385151918058 -0.0299563094633476 -0.0337971528865284 -0.0360715674307141 -0.0569228509256707 -0.0505266017917585 -0.0625861566656436 -0.0151148260531634 0.0221556960046469 0.011597222315897 0.0166378644844392 0.00750684155486381 0.00454387263536158 -0.00293063765784864 0.016558368147709 0.0116908579559184 0.0103131261294152 0.0232433257185199 0.0445758739684435 0.0405925516709736 0.0570185004257071 -3.4e+38 -3.4e+38 -3.4e+38 -3.4e+38 -3.4e+38 -3.4e+38 -3.4e+38 -3.4e+38 -3.4e+38 -3.4e+38 -3.4e+38
-0.0395854249761325 -0.0325874734985338 -0.0567888228764435 -0.0452433519459455 -0.0424704085571114 -0.0470623672001073 -0.0168482961174718 -0.0278353455418529 -0.0407154084630455 -0.03833314550335 -0.0369116952103497 -0.0250059512832044 -0.0336830071643423 -0.0299340481128383 -0.0368543904098339 -0.0353458250330553 -0.0531923060888505 -0.0407406992581761 -0.0517511923283244 -0.056188970212985 -0.0491122072682747 -0.0675177483521438 -0.0617268345046125 -0.0690306235115445 -0.0626111352687051 -0.0556980174760528 -0.0280121000620536 0.00763472914424839 0.0261887095917718 0.0288625406027777 0.0313805194433217 0.0194695077363984 0.015744827047491 0.0205862652060653 0.0234618202348311 0.02709379176682 0.0366014109533734 0.0470462249569544 0.0485860690716053 -3.4e+38 -3.4e+38 -3.4e+38 -3.4e+38 -3.4e+38 -3.4e+38 -3.4e+38 -3.4e+38 -3.4e+38 -3.4e+38 -3.4e+38
-0.0601982097440715 -0.0468739330951627 -0.013140830544824 -0.0578120984061718 -0.0396849811584036 -0.0454572290056446 -0.0267555390882471 -0.0268547908720616 -0.0394906509860853 -0.0220038924591754 -0.0279194921403364 -0.0171984820423236 -0.0526650891660599 -0.0477091499780218 -0.0485478016029707 -0.0577281121925586 -0.0667868532661453 -0.0606015740740783 -0.0619542169484325 -0.0628347694839494 -0.071291293210233 -0.0775319629574923 -0.0610033017969746 -0.0760176212046947 -0.0551248557318955 -0.0548815845409638 -0.0532805536459954 -0.0568818681160524 0.0143425958817303 0.0399067439667166 0.02936568685976 0.0114108387028598 0.017738330303378 0.0144258794497505 0.00773174596275603 0.0363416861379994 0.0420314834010033 0.0574652263200038 0.0717111999000044 -3.4e+38 -3.4e+38 -3.4e+38 -3.4e+38 -3.4e+38 -3.4e+38 -3.4e+38 -3.4e+38 -3.4e+38 -3.4e+38 -3.4e+38
-0.0512865218589715 -0.0403703704726552 -0.0379555881617412 -0.0766447045323257 -0.0673287488555735 -0.0684283718774515 -0.0222638908286444 -0.0226719954581049 -0.0352789860589458 -0.0659461685974043 -0.0586252317487887 -0.0641816402388886 -0.0576240069213984 -0.0461147533421459 -0.0591118380334434 -0.07381137229604 -0.0595092952372656 -0.0632631313260082 -0.060897119081211 -0.0622401451565965 -0.0804285305105482 -0.0716609165039119 -0.0689198120438601 -0.0515086612655491 -0.0671404994193732 -0.04112075478687 -0.0555007819540522 -0.0419987271268736 -0.040994554334965 -0.0114615173859615 0.0135158720366027 0.014382654068254 0.0189455478220359 0.035898980061463 0.0305829769658445 0.0428150914228262 0.0353749305982868 0.0535959730335446 0.0791322404497806 0.047439763390436 -3.4e+38 -3.4e+38 -3.4e+38 -3.4e+38 -3.4e+38 -3.4e+38 -3.4e+38 -3.4e+38 -3.4e+38 -3.4e+38
-0.0660250213991308 -0.0348638365412975 -0.0265665207381272 -0.0265705336743747 -0.0845767089718021 -0.0247885414199325 -0.0278459596640703 -0.0123401080171836 -0.0718985714383136 -0.074897325806807 -0.0751974946707612 -0.0709671963409456 -0.0584831323842361 -0.0495279132406603 -0.0580584505080358 -0.0820511055049014 -0.0805799763383416 -0.0683956789662791 -0.0750096686441616 -0.0712385277186057 -0.0785010844396173 -0.0823572969307708 -0.0438252320579101 -0.0693652556061637 -0.0638904890730965 -0.0757256023715485 -0.0843634652405307 -0.0438356875452305 -0.061339886197357 -0.0543739442788681 0.0150056587939481 0.0135099374542751 0.0256917226897251 0.0260553970176357 0.0391707587657621 0.0503340501666447 0.0521134266274378 0.0672713256964726 0.0816692222799388 0.0895014501408572 -3.4e+38 -3.4e+38 -3.4e+38 -3.4e+38 -3.4e+38 -3.4e+38 -3.4e+38 -3.4e+38 -3.4e+38 -3.4e+38
-0.0647544890249975 -0.0434780202569061 -0.0381608034747128 -0.0321521929270485 -0.0249562367334315 -0.0921143199118686 -0.0342145385141882 -0.0385542981336771 -0.01728978841737 -0.0893095772062235 -0.0729570119267717 -0.0894461597053331 -0.0790776778532337 -0.076500594259007 -0.0841066688378308 -0.0860638772800296 -0.0879396730250808 -0.0750500387346428 -0.0802190567687566 -0.0805731556430438 -0.0798200804942961 -0.0746826805626655 -0.0786689031217014 -0.0792486010641155 -0.0876473937386481 -0.108812217106362 -0.100402065803805 -0.0313556671935052 0.022358479211082 0.0267594262499395 0.0498217129393115 0.0449438264334426 0.0322105085266275 0.0462109570396921 0.04190870489956 0.0456498592680698 0.057840314631606 0.0571569692800342 0.0699761429728001 0.0677426369145858 0.0467361457481817 0.0429302785199738 0.0736185581571714 0.103831517089648 -3.4e+38 -3.4e+38 -3.4e+38 -3.4e+38 -3.4e+38 -3.4e+38
-0.0430162223497957 -0.042746468826449 -0.0468512758963328 -0.0481145104932961 -0.0416058921646664 -0.0314108596789318 -0.0369510752814838 -0.0345834744873042 -0.0283624680997467 -0.0160356298403394 -0.0400919177710586 -0.0990350746081476 -0.0972125081973436 -0.086009645804985 -0.0950446716152414 -0.10385319577147 -0.0963336177598403 -0.0885951004103081 -0.0941521137029841 -0.0890246758890108 -0.0887423242438429 -0.094131438947413 -0.0771649843537509 -0.0809777537420055 -0.0261537729313032 -0.0880456519693225 -0.0240180298137641 0.0111136025058735 0.00239283422360047 0.00983611214267722 0.0171823513311071 0.0376668950968351 0.0348818373448018 0.0580478998734771 0.069383652755082 0.0566765999778903 0.0698240506809846 0.0691375439505801 0.0706580983290502 0.0873080369107225 0.0728969792877019 0.037988818237881 0.0209091654033996 0.0606267360786641 0.0664919202415327 0.0977808470972419 -3.4e+38 -3.4e+38 -3.4e+38 -3.4e+38
-0.0364186174480784 -0.034646981933484 -0.044581920942075 -0.0459473830164388 -0.0308907865892565 -0.0458860993707846 -0.0689266000908244 -0.0583892538877436 -0.0703537275050882 -0.0479069434619267 -0.0414513756774124 -0.0399134834055257 -0.0626631418751138 -0.0973545539920569 -0.0985091586950296 -0.106100581142642 -0.108110226636083 -0.105034140010429 -0.10616747390289 -0.106525354161064 -0.0998672995038888 -0.0815340852199012 -0.0535756794954371 -0.0402613010576715 -0.0729153069113838 -0.0516959242671038 -0.0365791818369145 -0.00840509867024873 -0.00067482075629083 0.0389738810485613 0.0480039383199831 0.0496505494886783 0.0373532513275524 0.0649129363357097 0.0804133432733473 0.0714222304285559 0.0425952163910384 0.0519436721947511 0.0709041916112635 0.0708796653711493 0.0515933944864576 0.0810403445146175 0.0818089556421923 0.0164638612182824 0.00515176572370284 0.0571909376638351 0.0816484936928529 -3.4e+38 -3.4e+38 -3.4e+38
-0.0467241810081087 -0.0237661975897051 -0.035450350335088 -0.0385851717305074 -0.058069796465013 -0.0492809577411225 -0.0671122160796835 -0.0627112628673001 -0.0687922426711128 -0.0765391736603911 -0.0772581025720613 -0.0745233928204997 -0.0742940867576637 -0.0705495994487436 -0.0670163513873462 -0.120616577350121 -0.101931150474449 -0.054692093321946 -0.110061371289671 -0.080537233725126 -0.0725154251099068 -0.0799891998854677 -0.102555482176256 -0.114919154989508 -0.102533608916632 -0.0256116878509054 0.00429306901335121 0.0124085837255357 0.020552047686056 0.0355032636053399 0.0366982022483493 0.0476919339810634 0.0395458980037469 0.0441769526766433 0.0476286805982643 0.0801502907921156 0.069047268814022 0.0524227717699834 0.0747503095235543 0.0632416012367484 0.0917268173778984 0.0824466989613526 0.0821537999069173 0.0613274712021218 -0.00893242438352112 0.0122188346340082 0.0177350670479397 0.0574411758102903 0.0536281671065065 -3.4e+38
-0.0697682735914163 -0.0492666581489006 -0.052163145638735 -0.0398668180066893 -0.0489135246802929 -0.0591968891251751 -0.0701709259094263 -0.0701225523818059 -0.0607799321454612 -0.056501430737447 -0.0699597168770157 -0.0703367381276728 -0.0824728908891242 -0.0928886186111095 -0.0904018538836852 -0.0598075522563665 -0.108441929208415 -0.11529356769267 -0.0898535794800401 -0.110268680885935 -0.11397188363754 -0.108902419361213 -0.108644144539723 -0.107290704562502 -0.0751432398671616 -0.0500836538804808 0.0131120678238774 -0.0142317833122287 -0.00556460852233659 -0.00950464979165503 -0.010791019695002 0.0261601659936158 0.0288747980770904 0.0499192027932363 0.0147872445908488 0.0791055787621763 0.094814195020394 0.0986253458674012 0.0963823824560171 0.0943442861102996 0.0942097487229073 0.0735342324233963 0.0652820264758715 0.0511571860563514 0.0278333753068991 0.0289294057463231 0.039563500921293 0.0474303914850733 0.06769162682731 0.0500803922122894
-0.0631657301529118 -0.0389622635710315 0.0017886542870406 0.0262369453204538 -0.0140053119165956 -0.043366261386745 -0.0649992748463062 -0.0422610614964883 -0.0482771425055564 -0.0738480440541528 -0.0850836132041606 -0.0719554592891063 -0.0517080825196761 -0.06538790715693 -0.0796866620814802 -0.0649935584094296 -0.0576158895114196 -0.0576751680005196 -0.117494454361888 -0.12142427660708 -0.129759779538911 -0.111626786927106 -0.104608759607868 -0.131418110444757 -0.0913214071462221 -0.0208130058122445 -0.0224859178456438 -0.026681122780236 -0.0825398957403008 -0.0645450941637027 -0.0113123774569286 0.0214233252723942 0.0436770610685826 0.0571298084560933 0.0291806397407225 0.0764193891867202 0.097536982418379 0.118741498682611 0.102937675650109 0.103938886994027 0.0889999593624762 0.0878534704742442 0.0806793396780718 0.0705051385580336 0.0570069388680058 0.0114815468752686 0.0171713546461677 0.0824914564449065 0.12065436138487 0.10070856805043
-0.0549377693749681 -0.0348985705598108 0.0283025403468095 0.0194178654618718 -0.0312659390670057 -0.0469400525025234 -0.072579812995213 -0.0687026748029522 -0.0982107511795626 -0.0896542004487631 -0.0847269837314692 -0.0822905460880264 -0.0545071029500354 -0.0411412154627569 -0.0669056665596128 -0.058378066482858 -0.04516423419882 -0.129164761865681 -0.129124732546451 -0.124115593033883 -0.136892153090943 -0.130108897359022 -0.126563142111015 -0.125428057403338 -0.0718949384003613 -0.00898414543778183 -0.0215840797982018 -0.0776035725874139 -0.134817526817687 -0.0467933160060515 -0.0284895793677758 -0.0339715191925697 -0.0234862901067304 -0.00549028955090556 0.061234340850608 0.0860614348787923 0.10164284742051 0.104685751755677 0.1114420547159 0.10603529666018 0.100213753524901 0.0752039261555488 0.05984754687305 0.0869103466079752 0.0373785844398154 0.0404429018263172 0.0189051328734323 0.0537077421888051 0.054473008792568 0.133776640806554
-0.0152695721412991 -0.0335696960435976 -0.0629318830851242 -0.0298813944894869 -0.0789421122732007 -0.0844194531232591 -0.0753616247096658 -0.0776750242550721 -0.0722307819168446 -0.058324542846173 -0.0810634256219324 -0.0726718375441133 -0.0812219984740814 -0.0749465751608341 -0.0564125411286927 -0.0521286079791789 -0.0593657871693014 -0.150685621111467 -0.1472249250973 -0.149177426406992 -0.121781367875688 -0.126398894852715 -0.103673856898068 -0.126767360200479 -0.122156175718734 -0.0451186115689331 0.0328703512744741 -0.111361864215398 -0.1504339072447 -0.0953315785310154 0.0275703397939573 -0.0298339192047352 -0.00982134893350419 -0.0199670239252329 0.0863209205405059 0.0866817543712042 0.0727068287238365 0.081098344908895 0.117011306325171 0.0936697295271089 0.088730794344222 0.0674273082760857 0.0961498445672511 0.0981031937131893 0.0348856289941212 -0.0266934651100115 -0.0068538154965246 0.0053002573966106 0.0695001022611179 0.0918593199949304
-0.0632705923694766 -0.0367055685361899 -0.0554957324755821 -0.0467835207935151 -0.085147939751832 -0.0711855912597046 -0.0776401352228563 -0.0753113570199031 -0.0843406586071033 -0.0416167151205634 -0.0160193019662587 -0.056814590945672 -0.0394028445718309 -0.0470961403234234 -0.11104595024383 -0.125443849018553 -0.112384779244438 -0.141312269057581 -0.118883920353552 -0.149258330577309 -0.149343680592596 -0.117734638004695 -0.129792425532266 -0.116871514114841 -0.111023845654041 -0.0438530068194721 -0.0375018984634427 -0.133217046283028 -0.143313684636943 -0.148713921322032 -0.0354742419478256 -0.0206304172031969 -0.0645297409391781 -0.0329235175380107 0.0821767446007049 0.0649406935098011 0.0669520495860917 0.0661711754912428 0.0903543933736303 0.0437772000138501 0.101828231535322 0.122993301306009 0.120394179146818 0.0152113548753322 -0.00605681011623983 0.0225713577109465 -0.0419604538838743 -0.00144076634842653 0.0715094010678387 0.0916546327900083
-0.0826579554370868 -0.106898554184801 -0.09432051660574 -0.10031759256935 -0.0492000811710078 -0.0512571871058498 -0.070696402740667 -0.0358731132810527 -0.0641645558767871 -0.0542137097231764 -0.0739345963795765 -0.0391284176777409 -0.0473304144309323 -0.050699503670387 -0.118656236606943 -0.116842522588687 -0.111048691914834 -0.149362861814879 -0.134588947500922 -0.142487092311615 -0.155363346475868 -0.142065632312852 -0.148895937113936 -0.126659083956766 -0.0369685986463098 -0.0298494344042599 -0.047239975944538 -0.078884067877736 -0.0765201366178278 -0.103434353027357 -0.0595662900849098 -0.00681625870173881 -0.0508879472688557 -0.0401567550789035 0.0632765362787836 0.0511677582307823 0.0845898587230877 0.0936283731464044 0.0951516533717524 0.081842501161277 0.0890616166505164 0.0854034601928501 0.0832286393094009 0.0585404733421796 0.0189732577239964 -0.0143212579267963 -0.0398021485627701 -0.0293740494920825 0.0469931462470826 0.134275264314211
