data/pcas/pca_referenceLayers/PC15.asc
NCOLS 494 
NROWS 529 
XLLCORNER -117.166666666667 
YLLCORNER -55.5 
CELLSIZE 0.166666666666667 
NODATA_value -3.4e+38 
[rows 462 to 483 of 529, columns 250 to 299 of 494]
-3.4e+38 -3.4e+38 -3.4e+38 -3.4e+38 -3.4e+38 -0.0219872956751626 -0.0308590602446749 -0.0358541327987659 -0.0445295959164397 -0.0474853611622052 -0.050865569037069 -0.0378191863444792 -3.4e+38 -0.0434216957981011 -0.0289181780660377 -0.0231084744455291 -0.0155559612985236 0.00024874192920913 -0.0139146136593253 -0.00715149632858023 0.00573551613634772 0.0213090529150993 0.0261940502577182 0.0234848142546342 0.0352477866949857 0.0381310799346713 0.0363546950012776 0.0448227847582223 0.0407764630745969 0.0401741694043037 0.0413161292802852 0.0402737161058929 0.0416366569011811 0.0349957383553943 0.0336957955091229 0.0363008579864795 0.0236460156292055 0.0221294869544995 0.0175742951482769 0.0145156907220473 0.0140165386438771 0.0122836329976383 0.0126654587657715 0.00587658861322821 -0.000218286100697764 0.00212796112778149 -0.000381596177501834 0.00141143032480463 -0.00044210822222978 -0.00413394261908689
-3.4e+38 -3.4e+38 -3.4e+38 -3.4e+38 -0.009382161315784 -0.0215960815876806 -0.0290711715750143 -0.0281847070426917 -0.0311257545310572 -0.0357569176435747 -0.0358388252755316 -0.0406155173217494 -0.0354236188951203 -0.0299175134974969 -0.0277502445998459 -0.0214605274151145 -0.0052136484297371 -0.0112630103885004 -0.0125896518711576 -0.00411599637648741 0.0106296138655641 0.0221743866396434 0.0186868244071624 0.0261847945444122 0.0313863672473338 0.0364382453657237 0.0387881450560633 0.0380611326921159 0.0365736912269057 0.0368608811349672 0.0353255517905928 0.0363729956323626 0.0322566446310706 0.0311663331342133 0.0312201078762872 0.0330805469242492 0.031918191417632 0.0162419468141879 0.0100896726920987 0.0110896565412406 0.00775238405454196 0.0079108804026863 0.0107505745443445 0.0126538394166069 0.00337382730326719 0.00299963065322618 0.000370942588008235 0.000228487307339795 -0.00772278181728406 -0.00189738153822747
-3.4e+38 -0.00299614311003787 -0.016888086916988 -3.4e+38 -0.0165862629908185 -0.0234933962228989 -0.0230868964411973 -0.0219657925689156 -0.0284761328346787 -0.0347942318862382 -0.0387013186156764 -0.0366406201395844 -0.0321907168956609 -0.0312607399595077 -0.02393194953249 -0.00749556103352877 -0.00385462682179726 -0.00707840916637215 -0.00773336482890858 0.00439239590515959 0.00730116098573465 0.0197166700603615 0.031047171302246 0.0370102700329722 0.0398111143143587 0.038100035626814 0.0375166323082671 0.0336615755282115 0.0280018984254158 0.0233511799833036 0.0272059273327209 0.0244667770567492 0.0233752229087496 0.0269028601606251 0.034956031342904 0.0287105343183405 0.0197187854227484 0.00671126975069476 0.00186340285600424 0.00256150769516474 0.00413215937307118 0.00306732723090502 0.0109934228559946 0.00546558528995545 0.00677085386576341 0.00799229235699812 0.00687663291667067 -0.00617389238710747 -0.000296719846766609 -7.12334590139627e-05
-3.4e+38 -0.00967633544211087 -0.0139429644099229 -3.4e+38 -3.4e+38 -0.0110842386960148 -0.0232938997798635 -0.0201852843012181 -0.015556097617986 -0.0282329229960345 -0.0269810222411052 -0.0243476416172866 -0.0225889970983415 -0.0324312380159972 -0.0255229347407445 -0.0178968408056472 -0.0136694215236396 -0.0113360093560126 0.00936427876683137 0.0150230909710165 0.0117438687126798 0.0212286512565132 0.0261245261332068 0.0267270599499723 0.0329355621607409 0.0323665571062171 0.0290546504343831 0.0230800286177436 0.0208381841353991 0.0203243520951457 0.0177787745822057 0.0189853783966563 0.0195014506535332 0.0243229438063595 0.0305704080640523 0.0235444275435985 0.0118228703850035 -0.000991364518764328 -0.00444104342028072 -0.00100868797099569 -0.000891585574070878 -0.00203974320857253 -0.000195250646337276 0.0012903477603829 -0.000417908521652566 0.00190299105925828 0.00181536753017517 0.00755837994606245 -0.00103920927152613 -0.00682790619815282
-3.4e+38 -3.4e+38 -3.4e+38 -3.4e+38 -3.4e+38 -0.0171060277317151 -0.0194139678732611 -0.0211878751820604 -0.0237056773788295 -0.0207554221925409 -0.0185949411789953 -0.016225533130509 -0.0181072515192446 -0.0267260763130234 -0.0203793446361584 -0.0100985773512349 -0.00925800918196059 -0.0106014965478974 0.00084295163915345 0.00442375602706692 0.0172909798063316 0.0124988866119754 0.0225747727431526 0.0314091440404848 0.0281979530764381 0.025625091059173 0.022294807401585 0.0197241293483634 0.0243816454036217 0.016985394209801 0.0174743777410963 0.0156712860254109 0.0132983805105091 0.014870380411058 0.0191996540899654 0.0167533933112673 0.0053367151896502 0.0025328323429301 -0.00820807268521103 -0.00856015898592279 7.23150153504708e-05 -0.00543454344471487 -0.00420558835468538 0.00108106638716737 -0.00355303305282587 0.0011167453468145 0.00254700296137645 0.00326127180808941 0.0019885596769848 -0.00518404941738746
-3.4e+38 -3.4e+38 -3.4e+38 -3.4e+38 -3.4e+38 -0.0120187386486105 -0.0193723694677271 -0.0153536554285425 -0.0153394229280839 -0.00971343355226279 -0.00188227118991755 -0.0135874709314011 -0.0161520239190314 -0.00538588671247035 -0.0168085565357044 -0.0177296204231455 -0.019074795137122 -0.00767175220901927 0.00259658291060895 0.0150244764429487 0.00690560903804952 0.0107359726548477 0.0201712163955387 0.0226927954136971 0.0171923218842127 0.0226494239782467 0.017269052252392 0.0136787651613622 0.0125914922321669 0.0108164084918292 0.0111724303000712 0.0144606476083963 0.0107899051851693 0.00940789878019192 0.0108157253637957 0.00247479151478376 -0.00369342390043103 0.00366741070501655 0.00246139827662181 -0.00396464328235821 -0.00972494388362464 -0.00829424883890876 -0.00732703957566249 -0.00556598358799137 -0.0057810568893222 0.00116300177086151 0.00310724779502905 -0.00701441459294339 0.00270854470980423 -0.000595929691354562
-3.4e+38 -3.4e+38 -3.4e+38 -3.4e+38 -3.4e+38 -0.00817841717682896 -0.0121172458740602 -0.00743603610331475 -0.00496994427005847 0.00350644676795564 0.000463219048901918 -0.00266023068532723 -0.0119573510513734 -0.0172454374088532 0.00265829283299016 -0.00143289852409614 0.0124637868455157 0.0162730782565856 0.0164995322839259 0.013314561965453 0.00523066654803591 0.00662409802374219 0.0106546402797795 0.0109891156240979 0.0075745006978211 0.0180101770337757 0.0178555519763248 0.00847849379623743 0.00804941457321484 0.0100598392570854 0.0117015628649017 0.00970722151282824 0.00428524181763512 -0.00115842286139638 0.000816308778073857 -0.00251120768507877 -0.0082190611285197 0.00615992574916773 0.00602196796724021 -0.00256818996939802 0.00630232033000676 -0.00237957423237198 -0.01091339282605 -0.0114739020243941 0.000982257614173719 -0.00603379773568266 -0.00238127262386162 -0.00450491024732342 0.0034197699848486 0.000144274672002193
-3.4e+38 -3.4e+38 -3.4e+38 -0.00591123545087992 -0.000335780333112559 -0.0107179163434492 -0.00618615519817335 -0.00117396541741232 -0.010199127687025 -0.0040534967662323 -0.00152314069905888 -0.004413675588867 -0.0161119992225232 -0.00343274039297903 -0.00547526942896918 -0.00940142872593154 0.000207190821207126 0.0201967924342815 0.00230542016325053 -6.0340355157033e-05 0.0127082136975277 0.0162661659859609 0.0173981396283243 0.00486479054388295 0.00263135902815948 0.0045040136335539 0.00730163615892663 0.00949771444703533 -0.00671877213800032 -0.00723699606646844 -0.00937196212552463 -0.01229376217989 -0.000711881611503339 -0.0211595995026326 -0.0177478159061892 -0.00764709154532911 -0.00552694375090383 0.00241765946379493 -0.0017517941413572 -0.00291317516271284 0.00793288128106395 0.00141438731377111 -0.0126188403071837 -0.00322800783673428 -0.018805914920848 -0.00981947415593682 -0.0053146245563636 0.00176295158045993 -0.00475007459916953 0.000172336138397993
-3.4e+38 -3.4e+38 -3.4e+38 -0.00406428771394429 -0.00836514937888432 -0.016476946434191 -0.00718230634574304 0.00420685064787351 0.00217760754342452 -0.0033680065269362 -0.00515334740108466 -0.0116809907134091 -0.00589173983359815 -0.0129418722982983 -0.00715512658063033 -0.016781202381739 -0.00921110816075196 -0.00147344064863741 0.00526615107521363 0.0204566023663217 0.022955157845657 0.0180471229973317 0.0191346208208042 0.0277079202281836 0.0236894529542836 0.0168064598985379 -0.00180883716118383 -0.00274830368782759 -0.00441309646088639 -0.00709910354238965 -0.00849097460437312 -0.0106942178091954 -0.0186456564765654 -0.0140732876223896 -0.0286555503115305 -0.0138723762218091 -0.00692205074697725 -0.00638889393414003 -0.012333270166223 -0.0116611857103123 -0.0137139340419599 -0.0127877411085567 -0.0123829335814668 -0.00628485661982805 -0.00659109345028474 -0.00749155720945934 -0.00395845835953352 0.00531861553027105 -0.00383228139018539 -3.4e+38
-3.4e+38 -3.4e+38 -0.00483394525624467 -0.00473516503351865 -0.00343310695911383 0.00630600183655112 -0.012086734131756 -0.000834865071923471 -0.0088180613158294 0.0015671983953314 -0.00330563758869005 -0.00844872624412078 -0.0120518781686812 -0.00354606747681865 -0.0133667783714206 -0.00290538217394053 -0.00945526467131611 0.00560745867002241 0.00455469467482858 0.00622933471818717 0.0078708456212363 0.00792225998473938 0.0101395542979252 0.020721706133785 0.00916072812636132 0.0023641476615666 0.00734237176989363 0.00474674695655999 -0.000650564567163014 -0.00361923380056887 -0.0092006707642749 -0.0142201788220667 -0.0169071082553072 -0.0224466341446891 -0.0230155344484975 -0.0207776670621151 -0.0189338798100489 -0.0211283942767974 -0.0190449592624025 -0.0150804925203292 -0.0174047115747345 -0.011808461163937 -0.00319898110129277 -0.00784706838429767 -0.00701275559186757 -0.0034205606720411 -0.00314510534410189 -0.00658635661611 -0.00255163227816671 -3.4e+38
-3.4e+38 -3.4e+38 0.00364909115321245 -0.00261279086304091 -0.0088105850001972 -0.00339054061985609 0.00695737545561418 0.00411933720911965 -0.00611988630452882 -0.0111803424345667 -0.0125674751627968 -0.0124897428614195 -0.00868316960872376 -0.0136234030667054 -0.00781546696741506 -0.00527380450986247 -0.0058429213408124 -0.00327723832703637 0.00443939176360687 0.00976284048428203 0.0121480939931523 0.0265844773091786 0.0169762861269401 0.0196865568799001 0.0290866035617921 0.0154798740533151 0.0129525026231115 0.00326547786367075 -0.0014320047274384 -0.00435716081108803 -0.00882022650526561 -0.0154175886029551 -0.0204516698826587 -0.0216803228576243 -0.0182186490677772 -0.0277895921127807 -0.028557738441173 -0.0279527082585661 -0.0267522681234289 -0.0178478490820306 -0.0138744910756385 -0.00807489516465919 -0.00431693916857581 -0.00946198305277782 -0.00606226663246463 -0.00540387513186549 -0.000303050304943202 -0.0110503062635138 -3.4e+38 -3.4e+38
-3.4e+38 0.0320959612888098 -0.00133784671959834 -0.00419861720076576 -0.00427245758803165 -7.23378323916821e-05 -0.00572052720612804 -0.00122047509189707 -0.0115491069240462 -0.0268221773332436 -0.0274981466381709 -0.0105426069946355 -0.0118255355330234 -0.00744285714070958 0.00142246662153105 0.0100653321204538 0.0090998829006863 0.0137654285856075 0.00564137619308546 0.00772995167157517 0.00673449686706245 0.0133212559971419 0.0103944784720763 0.023585855432926 0.0102837440652725 0.0111758667341247 0.0108798337013957 0.00637728444983899 -0.00236884337609302 -0.00498914224509944 -0.0120834961675845 -0.0156645452559233 -0.0241528974598798 -0.0275620120791873 -0.0194573682759561 -0.0293682400187413 -0.0296954001529632 -0.0299104322072274 -0.0315215947316352 -0.0186042772912009 -0.01658847142053 -0.0200016393583232 -0.0140235498254695 -0.0115207061767522 -0.0141737804026773 -0.0125484306390316 -0.00727523165560752 -0.019551439813481 -3.4e+38 -3.4e+38
-0.00271786916152382 0.00151639928301878 -0.0189883170155448 -0.0229142448229406 -0.0207958266376212 -0.0219670311591107 -0.0334396886123148 -0.0243925992715313 -0.0167506863664465 -0.0141796769639804 -0.0237109949738675 -0.0093247434412763 -0.0246129966354751 -0.0143681594016753 -0.0051460130369689 0.00812643166765499 0.0049417191662064 0.0120921549946178 0.0220577376738904 0.0241223243051524 0.019422358879078 0.0296122482693826 0.0454247496718419 0.0429457028517142 0.0432196680560584 0.0409902998752719 0.0354899794071645 0.0250224567645754 0.0112490822090489 0.00421967286193778 -0.00242738183803919 -0.0148888672112874 -0.017610563962315 -0.0114715621536323 -0.0164867941126662 -0.0245927750356749 -0.0249505458157078 -0.0293808510357395 -0.0316906387559489 -0.0276024306608396 -0.0250686929120891 -0.027536216447433 -0.0250181418984345 -0.0225712997195765 -0.0204261958371235 -0.0195016721174051 -0.0156033230711278 -0.00905476729096246 -0.0234328845796743 -3.4e+38
-0.0158032440518102 -0.0244873948835643 -0.039202085746296 -0.0415874554298074 -0.0377993227897202 -0.0405691360122808 -0.0359355596861813 -0.0336609707403659 -0.0191752598434817 -0.0217431925002434 0.000979851225757746 0.00459016884078879 0.010798559027593 -0.00546121671982036 -0.00931460918703292 0.0147265340031764 0.00501072415004312 0.0150947251989199 0.0204806911176655 0.0175489721449351 0.0107142200379555 0.0183711727786298 0.0226064423840544 0.0280204006760084 0.0368358596749633 0.0427689479767969 0.0349485739172081 0.0248579321214264 0.0153302429490659 0.00626982296863928 -0.00289430113322793 -0.0105112408162545 -0.0211565074392847 -0.0130995041974999 -0.0129463154495312 -0.0172884972976809 -0.0232810603104899 -0.0373522071664408 -0.0427719116972987 -0.0380217037234722 -0.029117569433729 -0.0265974437242477 -0.01855759829988 -0.0183957698383381 -0.0220919379956262 -0.0222385799578886 -0.0172472164050765 -0.0142909901288278 -0.0258560574750265 -0.0264447737559556
-0.0374161157749841 -0.0458957782288375 -0.0489157105789411 -0.0404168102365705 -0.040621288941616 -0.0406875715161759 -0.0403778963563863 -0.038195607542728 -0.0326778504878678 -0.0218618707578744 -0.00397225439981994 -0.00246384270036997 0.00747170068126037 -0.00488095892757971 0.0166000743345462 0.00989879282419353 0.0199581743210301 0.0301925370582229 0.0151757919718158 0.0198889296617766 0.0288603006385623 0.0262892312139975 0.0238464154457402 0.0293850110702606 0.0289090427676698 0.00974521616169507 0.00375155117739149 -0.000895636884725055 0.000655178589201222 -0.00920065113550092 -0.00866638103597247 -0.0153862147479779 -0.0174811250954969 -0.0115894638650431 -0.0136508748458499 -0.0202517175981417 -0.0253483543615861 -0.034394107460834 -0.0377044239927674 -0.0388720752529498 -0.0319183693955822 -0.0301696618420746 -0.020278974274759 -0.0228732470727067 -0.0228642261759776 -0.0214962275059999 -0.0221380160702494 -0.0293229817757383 -0.0271744300216573 -0.0281785244188507
-0.0434231030041673 -0.0458193023914829 -3.4e+38 -3.4e+38 -0.0365448791669407 -0.0381905758448677 -0.0413522900614176 -0.0421447519772856 -0.0420321579050112 -0.0355405443451187 -0.0096205019445318 0.00421586397075895 0.00956374550907765 -0.00211511257066975 0.0219939182532474 0.015461402399919 0.0180118598858421 0.0206654075447412 0.0218872952235675 0.0251803618180235 0.0253807625886121 0.0247035723789324 0.01601693919504 0.0326451697087266 0.0388892127475084 0.0210143771853594 0.00149687329815903 -0.00426518576258212 -0.00805998674046204 -0.0142206077404447 -0.00856262161683412 -0.0202578143030477 -0.010827877578986 -0.00987847840649135 -0.00955729856914997 -0.0113601017687255 -0.022780269307655 -0.0286206826307305 -0.0308863451079047 -0.0318372502707982 -0.0269004106801044 -0.0277937492407572 -0.0308605327697171 -0.0284281568140802 -0.0260622611567664 -0.0289568009250404 -0.0281885259170255 -0.0418689499062292 -0.0381142003338671 -0.0378216699696924
-3.4e+38 -3.4e+38 -3.4e+38 -3.4e+38 -3.4e+38 -3.4e+38 -0.0537157926015153 -0.0572690191036779 -0.0539422499449542 -0.0466275868801834 -0.0253518013895037 -0.000822287363046797 0.00784938996164438 0.00910587036622065 0.015834560942205 0.0166647526177701 0.0168704984790084 0.0219135629391622 0.026970662962279 0.0197654659826435 0.022593365508029 0.0255769741948083 0.0197712384864531 0.0214217546916043 0.0215185102734703 0.00388751663212067 -0.0102450653027104 -0.00913453442649673 -0.011542105459396 -0.00362952340912612 -0.00373898993541453 -0.00691332055659511 -0.0155194854797777 -0.0160689517577522 -0.0170621169052939 -0.0115684012551879 -0.0275032237139759 -0.0281855429117289 -0.0337771855711041 -0.0345095938345931 -0.0279967912835247 -0.0282565116714739 -0.0329392138982386 -0.0290625124400811 -0.0298757044906685 -0.0297409177500512 -0.0260816627971059 -0.0354628677607441 -0.0360468339060736 -0.0368829205776596
-3.4e+38 -3.4e+38 -3.4e+38 -3.4e+38 -3.4e+38 -3.4e+38 -0.054349727917387 -0.0434603613351604 -0.0362627385180826 -0.0353000613910207 -0.0174853683855782 -0.00988443408076498 0.0104728950886529 0.000296103311776876 0.0232933066011879 0.0127363729805696 0.0207488352501068 0.0366620189932441 0.0268724764163408 0.0186948011885048 0.0217917000933235 0.0272858368105328 0.0085791834441865 0.00286250083346958 0.000841046909246575 -0.00277019905209425 -0.00931777106562895 -0.011450550848228 -0.0140239152536819 -0.0155102311258881 -0.0104487328584755 -0.0014020252596853 0.00185924844630407 -0.00672270728020658 -0.0169739047765431 -0.0209736003661159 -0.0332335386353022 -0.0364155982294525 -0.028061462754776 -0.0277149874267888 -0.0302378477260308 -0.0339510912936196 -0.0353468651621349 -0.0320491920622604 -0.0294987103477182 -0.0293724589718948 -0.0290632455010432 -0.0389229004469563 -0.040339946822552 -0.0448145251718359
-3.4e+38 -3.4e+38 -3.4e+38 -3.4e+38 -3.4e+38 -0.0626794691926093 -0.0558018262199224 -0.0433981135051925 -0.0400384306266103 -0.0287930013037562 -0.0257460087548805 -0.0156969898173621 0.00817463402987896 0.0117537019418045 0.00181615218162373 0.0139540726885547 0.0214957467925237 0.0209047029857778 0.0236002649505858 0.0255995762973996 0.0199398003563057 0.0043176325681441 0.00406412809183685 0.000901304020535534 0.00737189104576843 -0.00715972554154425 -0.0134440845640007 -0.0152577915562634 -0.0159844824625964 -0.0207294680337908 -0.00979326209870627 0.00175482373272551 -0.016101810102397 -0.0237947964714848 -0.02813973197098 -0.0283722793435212 -0.0350728119384758 -0.038609292172473 -0.0320655175447225 -0.034638662049781 -0.0283999976013923 -0.0295436965473466 -0.0317887517487116 -0.0279810447234813 -0.0299927396058929 -0.0303109453852656 -0.035559549604196 -0.0369388435681385 -0.0433390671146881 -0.0430345728780192
-3.4e+38 -3.4e+38 -0.0376575584312131 -3.4e+38 -0.0528457181286679 -0.0461000774545862 -0.0471693352763009 -0.0481321377322432 -0.0460425185002682 -0.0354453125414263 -0.0324849531764101 -0.0190250475450496 -0.00216646864155546 -0.00361253233328382 -0.00921931060923615 0.00128816510686703 0.0161480002018784 0.0113284577398902 -0.00345425593844253 0.0315147779733492 0.0210045576389794 0.0113847193418431 -0.0129173713307971 -0.0117571360006441 -0.00823265601073427 -0.00602144952050278 0.00723650742186846 -0.0133476537461663 -0.0162973969841625 -0.0181527365856615 -0.022606991013718 -0.0219286097633252 -0.0140947017986513 -0.0257371035289313 -0.0262508695725353 -0.0324150577742286 -0.0325799522179125 -0.0286008699678086 -0.0314374913723614 -0.0355851923661941 -0.0309240915439181 -0.0332928110128486 -0.0312674676566181 -0.0296767237072847 -0.0268024748198333 -0.0270842568569704 -0.028824055636449 -0.0415655726185823 -0.0419720307829885 -0.0414795943906067
-0.0641787222202646 -0.0670863905797375 -0.0566861119358906 -0.0512662528900426 -0.0485819560450694 -0.042456698613719 -0.0428222401066009 -0.0439097582018685 -0.0375944417646333 -0.0383959824761283 -0.0321964896963773 -0.023959324604601 -0.00865535189590879 -0.00238542390882081 -0.00262504593102626 -0.00323897635407876 -0.00388989998552777 -0.0148453794132641 -0.0197448262970789 0.0206083242022269 0.0175294633174779 0.0178273825982754 0.0214778070604138 0.0167685351490587 0.0155074703712443 0.0103746416683309 -0.00675912504466224 -0.012619294859736 -0.0181326831020681 -0.0188999424900098 -0.0259355439877209 -0.0305093265235863 -0.0205704960509717 -0.0200049972142347 -0.0332943050908315 -0.0276351871120106 -0.0292766981971895 -0.0277936491413334 -0.0267413034063651 -0.0295579696143753 -0.0317445220509717 -0.0327735929448437 -0.0305463928532564 -0.031571485340469 -0.0267284128579118 -0.0264628854643557 -0.036579837322201 -0.0397007568802371 -0.0546326055094393 -0.0525744920991467
-0.0469910211957042 -0.0550262658823177 -0.049293074138748 -0.0491926100743409 -0.0424812372263489 -0.0427801816256163 -0.0439500980958384 -0.0390703233310658 -0.0419005867140035 -0.0420875562289594 -0.0469786846792118 -0.0221252436366485 -0.0106975920915572 -0.00885877968299066 -0.00806913210128746 -0.00802585593690332 -0.0207811038321159 -0.0313085156892886 -0.0258799619347117 -0.0221519504115575 -0.0296209128627585 0.00582775410473647 0.00777516636335039 0.00754918232316924 0.00632510379213463 -0.00341557221594347 -0.0144531805614875 -0.0155521254053178 -0.0176247349727309 -0.0218858392068219 -0.0329787620427317 -0.0313357851536726 -0.0128909369622712 -0.0220562345405272 -0.032278383218385 -0.0270181854938864 -0.0297419466960934 -0.0307474822242441 -0.0278229411171871 -0.0337926375668495 -0.038963741967721 -0.0387665721059648 -0.0368760359396422 -0.034827275570845 -0.0305805449907741 -0.037317759766921 -0.036948910637834 -0.0526451736505752 -0.0485301458812845 -0.0525232705959748
