data/pcas/pca_referenceLayers/PC15.asc
NCOLS 494 
NROWS 529 
XLLCORNER -117.166666666667 
YLLCORNER -55.5 
CELLSIZE 0.166666666666667 
NODATA_value -3.4e+38 
[rows 22 to 43 of 529, columns 50 to 99 of 494]
0.0991504713505032 0.0746324947842896 0.0522558956911665 0.0317672879527661 0.0122238218292229 -0.00527969715501547 -0.0165887141952129 -0.00882406890407799 -0.00913231798791937 -0.00844034807729766 0.0118371577217835 0.0174931194881236 0.0225565252960244 0.0238126214148888 0.0150787890724863 0.0100425883424863 0.0180183412457958 -0.0092525320568972 -0.00208125361850085 0.00840032323770546 0.0238508936799456 0.0282585281141421 0.0223930633312558 0.00519757454955543 -0.00507898476358373 -0.00593840710927421 -0.00538518859301996 -0.0054629469482182 -0.0119844060578833 -0.0131769747541901 -0.0237701368505999 -0.0422735771141541 -0.0564141530891167 -0.056595760160448 -0.0343136485398657 -0.0415261525673639 -0.0426105947312666 -0.0230014215325744 -0.0208168904712332 -0.0126158655358888 -0.0049605465104264 -0.0194307080924304 -0.0250166562518967 -0.00131998050304406 0.0389473031760166 0.0505639517009194 0.0675973365888797 0.0702854544585808 0.0766505911952712 0.0648399592123996
0.09630615741422 0.0776793139593351 0.0558268061798872 0.0304037475560548 0.0202965590769325 -0.00910280699599828 -0.00849023647509624 -0.00799037213702625 -0.0135580164048396 -0.00397155176240733 -0.0136808871896142 -0.00954797364568766 0.0132166809148034 0.0223266905427863 0.0256533985003724 0.0141981390462671 0.0170393699199734 0.0137245476823359 -0.00211539726498125 -0.00150851471372035 0.0111365033784597 0.0298530373358831 0.0268585903685966 0.0161924177826332 0.0048742266972631 -0.00990382309142045 -0.0139415828066001 -0.0133289258363845 -0.0190738091460191 -0.0259334858194156 -0.0196812313259913 -0.027808253453135 -0.0541380601941564 -0.0681316146555828 -0.0624738948632965 -0.0640275435642366 -0.0597918368703261 -0.0473188260456263 -0.035752049523485 -0.0399857880424258 -0.0277490563047535 -0.0338292564687506 -0.0230704857843809 -0.00488705335543983 0.0328151007090453 0.0518730127990745 0.070365585575783 0.0656584451816182 0.0648139390447692 0.0456772252087168
0.0965345132564746 0.0845567877562099 0.0694721549566877 0.034631403147669 0.0168149394313661 -0.00165183279775587 -0.00545146987974814 -0.000914064298906381 -0.00734752333789045 -0.00818965942958635 -0.00495129118543259 -0.012978908702027 0.00114306248126945 0.0158843941369414 0.0211371982002369 0.013311218784808 0.0266273653355206 0.0341783960391796 0.0185854522578704 0.0173317349399318 0.013854872938335 0.0269539943268904 0.0326095796600287 0.0239960667463642 0.0219789865858312 0.0148531731529553 -0.00259946205332136 -0.0189129976709028 -0.0322955520609597 -0.0337691504002582 -0.0331041399632549 -0.031471785468935 -0.051165699471439 -0.0909224149292314 -0.0962107976808603 -0.098785708258279 -0.0804889288378749 -0.0368790540086489 -0.0416294163813852 -0.0449332191752577 -0.0378956117135381 -0.0273064358333535 -0.0149033791275016 0.0103311238956294 0.0234064330137725 0.0391474667863887 0.0397356891862197 0.0400590918947382 0.0431430602093769 0.0410451000161062
0.0942247609653859 0.0932869432048565 0.0677029943567305 0.0386029550969572 0.0128919892254803 -0.00140219695509793 -0.0140129263841644 -0.0140208680250493 -0.00908678967153361 -0.0150219640447793 -0.0124551174869827 -0.00433284846222096 -0.0020163571310798 0.00499886993784041 0.00699799905955406 -0.00321706645756584 0.0335407930286156 0.039191651521519 0.0361392729228177 0.016971413269545 0.0171247275817507 0.0243511069181398 0.0269835667795046 0.0334540297593331 0.0356949924931655 0.0332535643347777 0.0100305729205744 -0.00845214155187481 -0.0259533191210076 -0.040004605555728 -0.0472116348336754 -0.0670222823296619 -0.0649114306732174 -0.11217754136092 -0.0800828506998547 -0.113901868722053 -0.101184682964706 -0.0411405313276483 -0.0676868031419276 -0.0603925559058187 -0.0557969314450796 -0.0232375352154443 0.015854788415717 0.0180953111185184 0.0283218258058548 0.0183997270060232 0.00913958398398342 0.010887349155002 0.00450892907918196 0.0152975801995778
0.0814613789697963 0.0533067242539782 0.0443393669054295 0.0317426136197731 0.00336004795469589 -0.00656276532075314 -0.0144322001090077 -0.012281168224471 -0.0108327268630354 -0.00192564623984296 -0.0051575002275546 -0.00485244558536522 -0.00924165869601419 -0.0139168157019595 -0.00965326331809735 0.00900174568894903 0.00698185223815968 0.0344685915566437 0.0447209803203437 0.0583712309247532 0.0548737346920689 0.0422100152544341 0.0329217686643006 0.0254244374228249 0.029117590193592 0.0261685527150493 0.00563695220108685 -0.0196472135448888 -0.0100286959494009 -0.0531139988162298 -0.0684594354796785 -0.0637036703516269 -0.0787060205815179 -0.1529034268649 -0.0537949077828888 -0.0903986401444311 -0.0853645864946135 -0.0772734732031726 -0.0654525115431557 -0.0723730068592437 -0.0616526299544788 -0.0271815916262124 0.0127436699410908 0.0255438742489608 0.0389304173819013 0.0171046865597683 -0.00077927953601311 -0.0104175469706121 -0.0071832395571985 0.0121848052242008
0.0345406107935283 0.0269740201024117 0.0147129572840859 0.0111950198354744 -0.0059413263770297 -0.0205269998359654 -0.0204631920618632 -0.0185619498437476 -0.00783785082611264 -0.000411766437638895 0.00699477354469775 -0.00355771310435669 -0.027579216263404 -0.0175776634928031 -0.011534460701065 0.0168729328816706 0.0140615891233066 0.0344106384925894 0.0674720275994594 0.0676703223868633 0.0556674918317492 0.0518365067241685 0.0504577154618453 0.0260271915932388 0.0191745963914365 -0.000676550288852915 -0.00446243398498775 -0.0204135141035715 -0.0489587061026784 -0.054894138021055 -0.0715484992751783 -0.100491320359809 -0.12923175756099 -0.169408815181638 -0.104029636104001 -0.0892948941043845 -0.0934589928557922 -0.0855159482813833 -0.0716972163417975 -0.0758831731657798 -0.0596236500706056 -0.0123362807172759 0.0213658788128917 0.0240822075672647 0.0300307663426592 0.0219115941798729 0.01094765640016 -0.00276143171828573 -0.0103244493177449 -0.0023372802018053
0.0101089299346324 0.0168994835214412 0.00834453415858011 -0.00827508243800304 -0.025265997993638 -0.0380336259705906 -0.0310855533281629 -0.0231696753540703 -0.0117684181411038 0.00370477751375787 0.0121236081180007 -0.0148651729190408 -0.0406189685844249 -0.0314250484933402 -0.00353019156555434 0.0241154110733315 0.0415646563655529 0.0525473717374612 0.0655033016650354 0.0722098024243841 0.0614254059459297 0.0469756053619694 0.0434072794584414 0.03348960256154 0.0274330411678162 0.0121914380163599 0.00292049315262998 0.00507614982536094 -0.0248642501978317 -0.0586866494068571 -0.0573047696172498 -0.0945240582498586 -0.147130259684348 -0.173086531813878 -0.150491670108866 -0.135859453193982 -0.0939364835997628 -0.0927785676678819 -0.0711321568506425 -0.0573148023923391 -0.0518995456791734 -0.0441253824931609 0.0113926298955857 0.0273054732462592 0.0185071843048795 0.0234122382523583 0.0283040046924117 0.00722121342934583 -0.00695921438678938 -0.019680665617906
0.0056472618072367 0.0183291027296902 0.00733460187912553 -0.0041893847991371 -0.0203825573249041 -0.0496499027022276 -0.0385885707802376 -0.0226532650365904 -0.00962569424906849 0.000948647140686033 0.00830491388124423 -0.000732174264541811 -0.0284068436398722 -0.0245837891568275 -0.00300828603235728 0.0175315885899841 0.0363478443423647 0.0462673419547024 0.057009110036104 0.0607056946121742 0.0560095330720295 0.0452492123632303 0.040874172572878 0.0368634020790949 0.0235165275639968 0.0227749200153273 0.00918822720731176 0.00600378902085923 -0.0125120757899008 -0.0324714037169462 -0.0710503432469099 -0.0802106202134431 -0.142284855078544 -0.143128235477258 -0.144326655041982 -0.140712040020033 -0.0849899234571918 -0.0804538425003069 -0.0764272434300256 -0.0596133816617114 -0.0444524310231574 -0.0379306407654641 -0.0213803587033927 -0.00896384974256091 0.0174440838418067 0.0304562369854064 0.0299723128659324 0.0263851844645514 0.00236266160860783 -0.00710005433106902
0.0103978792510388 0.0246428815683391 0.0231544486988945 -0.0169023876656571 -0.042900739139008 -0.04471140832856 -0.0293111502662873 -0.0310686130893997 -0.0146245128375241 -0.00257829615965642 -0.000237105777033841 -0.000350394429541677 -0.0267866491415962 -0.0128697429294487 0.00245064073931805 0.0197441359682081 0.0271221368780351 0.0441055505820283 0.0419708749899191 0.0488690032033657 0.0529495662772642 0.0337044883522523 0.0330609040009053 0.0391690308341333 0.0300640433764495 0.0272345037806305 0.0155425885263073 -0.00581351566013027 -0.0282657153671542 -0.0190690287612214 -0.0671858844404913 -0.0813792370934169 -0.121288815926221 -0.140348277678239 -0.13745685893281 -0.13496475645894 -0.0734242756044079 -0.0537520644175842 -0.0697932544282142 -0.0554260178057963 -0.0428825662586445 -0.030210317059246 -0.00794070365808836 -0.00719851555322069 0.0133174645241794 0.031352779827875 0.0396680144421141 0.0455022379893595 0.0365787165965676 0.0340858629668824
0.00428210675166945 0.0262685389390661 0.0350564584100123 0.00178672527156879 -0.0373984959610229 -0.0344436971980566 -0.019199795635368 -0.0195488631077152 -0.013607677236052 -0.0120775430126645 -0.011407838650028 -0.00203808477919809 0.00674234535774389 -0.0149512509637287 0.00580073584617828 0.0246049112462347 0.0342264115993113 0.0414348340762294 0.0429019329032575 0.0452106110433542 0.0413304876591843 0.0374082242876456 0.0341401096284951 0.0286297446139088 0.0397521773038359 0.0318827058147988 0.0253683645164592 0.01142630107879 -0.000249376390736359 -0.0368953758408891 -0.0455532646981649 -0.072865169128273 -0.129156115873589 -0.14249090062348 -0.150089929078957 -0.129756319225245 -0.0757567798587381 -0.0472714083637295 -0.0602373595479669 -0.0434170197916953 -0.0332039221701504 -0.0229584649704861 0.00151351160884261 0.00143110571354708 0.023770507543518 0.0423193539835697 0.0510309539076858 0.0625138693529294 0.0636670471202964 0.0740806394245448
0.00475698040589217 0.0197237140608421 0.0347186597354053 0.00255403820947486 -0.0335147020213261 0.00498067007107656 -0.0193052747000896 -0.0335981754596051 -0.0136038297441651 0.000464941122096618 -0.0074097977587749 -0.00790095549802691 0.00326239191255657 -0.0135969161839438 0.0041297980759361 0.0157311440483231 0.0246115535518052 0.0387207641988342 0.0297371794399049 0.0344488600570318 0.0340216307508039 0.0324506956360489 0.0247796127942678 0.0196405120315841 0.0298352117594042 0.031510482865403 0.0177081779550766 0.0212215149452903 0.0241096542109128 -0.020096981515211 -0.0111906526846539 -0.050714755628489 -0.116182781986719 -0.133449250351404 -0.140621568367748 -0.112861977794174 -0.0713438852597288 -0.0500314120621215 -0.0506933599273868 -0.0428285998377389 -0.0375191207188427 -0.0255593724139588 0.0299429949623824 0.0179280432051574 0.017321001380763 0.0353911519981095 0.0519721988655925 0.0744862727321967 0.0830554954590148 0.0811518804952446
0.00554441339560354 0.00951539346859494 0.00968854306431112 0.0153488740632007 0.00129560070131459 0.0210167827725685 0.023445518955973 -0.00409578689071302 -0.00809184434554131 -0.00874079901258803 -0.0124348291123235 -0.0208097312549834 -0.013217514001987 -0.0188011586693661 0.00534773421951804 0.0198810423591375 0.0235262581328014 0.0313518236131731 0.0183489577451023 0.0238409705062712 0.0179707586184029 0.0239021789249752 0.0157427813406389 0.0127560345863552 0.0159624976246726 0.0186086522512102 0.0098180364019951 0.0167054622260787 0.0139501349596142 -0.0212145438207635 -0.0413971510366409 -0.0882145180002872 -0.124731893967302 -0.123172290888503 -0.12917968900027 -0.0931241914560013 -0.067115221319433 -0.0445352520992581 -0.0323216785277681 -0.0314495576682637 -0.02624647994568 -0.0165638250098896 0.033056674048667 0.0296515816755245 0.0168998482167315 0.0326367621125975 0.0530506497549657 0.0802237671830204 0.111244215949776 0.0991635216385792
-0.00688837735245852 -0.0103040998474662 -0.0163239464491967 0.000960319622102485 0.0298352643743985 0.0567283160298352 0.0507142813551738 -0.00366028807686033 -0.0227947097666754 -0.0219047549465922 -0.0263942251240474 -0.036868538127687 -0.0448034577509941 -0.0265466502211388 0.0310813023764631 0.028392427304505 0.0174254907656977 0.0169857354076606 0.00742634836341745 0.015362042615982 0.0114674086035091 0.00745037131093419 0.00150967741464048 -0.00183904859553139 -0.00401464508295797 0.00301320591179529 0.00648359996321557 0.00342733078250368 -0.00612095268225686 -0.0215603799350256 -0.0493550977446891 -0.0733124226775076 -0.105777109636108 -0.067329989893759 -0.112318008254395 -0.0702763632646861 -0.0501662561567741 -0.0416204233319254 -0.0386427341740604 -0.0279280550078826 -0.011260306618075 -0.000817201758439433 0.0176784933669701 0.0163886244110462 0.0178230246618301 0.0307310328532895 0.0664081366632792 0.0822923749083378 0.0995046430620921 0.0998044369583786
-0.0207123862445824 -0.0437192945016139 -0.0441741909172315 -0.0108114209631512 0.00902038832720673 0.0210498521874132 0.0531340224450971 0.0565478653227509 0.0232115898213861 -0.0293839834519525 -0.0159961752907148 -0.0413266635058959 -0.0527726711801355 -0.0309514370910324 -0.00117905743246233 0.01499176209004 -0.00123429348098793 -0.0137440082815325 0.00518689414473477 0.0116809566211231 0.0082300357344882 -0.00553003447673815 -0.0103501113689359 -0.0086219152984515 -0.00444944571353031 0.000926290613792981 0.0030298273084188 -0.00429017599975453 -0.00346938103801585 -0.0168107067292959 -0.0297308825174766 -0.0373820934268727 -0.055082003729699 -0.0718628835640724 -0.044912614017355 -0.0376366645576681 -0.0367108968866154 -0.0290421870007134 -0.0334765647974784 -0.0268708743843767 -0.0195121469086707 0.00324092365795488 -0.0051510246794153 0.0209158405313235 0.0143143036002146 -0.00211581000142216 0.0332156652300235 0.0708777665399611 0.0966654507223551 0.0788185771912877
-0.0156345780213598 -0.0348539614098514 -0.0363280705296476 -0.0160907000316363 0.0121856922204112 -0.00633063269682259 -0.0144612142760976 0.0388204909503049 0.00205864306429675 0.0204086048329322 0.000342076666231889 0.00962582775157607 -0.0451203281833404 -0.103109720712862 -0.0885429134019385 -0.0260645620557475 -0.0472226202914708 -0.00971053712436798 0.000931802183433424 0.0119002073544076 0.0154805657519135 0.00321367999763452 -0.00922572947893675 -0.0147932331105161 -0.0102844333084631 -0.00730303269864856 -0.00893716248900762 -0.00945414733834212 -0.00978290509392888 -0.0201505553393951 -0.0146813023066122 -0.00873793376661703 -0.0262436667481138 -0.0353259190015267 -0.0388693410871357 -0.01634219499508 -0.0250445973003053 -0.0184997104684224 -0.0246005177179325 -0.0111853997132707 -0.0140525062430443 -0.0141754011607889 -0.0119691561287776 0.00353718909246488 -0.00343084364853177 -0.00106246113565944 -0.000810593975353203 0.0300313060869095 0.0608246115562074 0.0613249991190321
-0.0452114370432832 -0.0404473310065237 -0.0432287636001228 -0.0331557687457839 -0.013180515319617 -0.0103051726887894 0.00675179464516644 -0.00775283342460888 -0.00511699511227087 -0.0407580121566125 -0.000538186339921823 -0.0531719447571034 -0.0250038670634145 -0.116446919602632 -0.115650492136605 -0.0560107655620241 -0.079328224504168 -0.0540180461642527 0.00188553012061305 0.0168528779891415 0.0103878779802166 0.00623587418270998 0.00082434530200895 -0.00672985142253217 -0.017594264642646 -0.014962115876859 -0.0184632732746812 -0.0190756692562649 -0.0182532234219107 -0.0240847507470141 -0.0204620258451028 -0.00977858144007191 -0.023759730988717 -0.0153133480283372 -0.0399873414392152 -0.0213422102066874 -0.0290830952500603 -0.0183585227176048 -0.0101528036113514 -0.0214868900657011 -0.0188919448746699 -0.0142034827494584 -0.0250519314084208 -0.0279759589615375 -0.0131619813870433 -0.0129999212286173 -0.00675693543223693 0.0028809969225982 0.0254720637506912 0.0264423161246821
-0.0787358216243738 -0.0527652797110016 -0.0605010000945269 -0.0576815611742853 -0.0415493318433867 -0.0166752166891419 0.0258821404970179 0.00194253140339484 0.0134476844367938 -0.00965054604723641 -0.0383904841160625 -0.0593277558666168 -0.0976320032984034 -0.141711204907217 -0.125999189967155 -0.098293972635343 -0.077962465676698 -0.0408005726563144 0.0111003091748733 0.0175892914850942 0.0133141246732406 0.0100314197241841 -0.00645834976740395 -0.00095344381588627 -0.0175373417911775 -0.0184110403056382 -0.0312796480104238 -0.0278311066766004 -0.028819728035126 -0.0249528184270706 -0.023868930149175 -0.0170120176251991 -0.0281649706627865 -0.0181350487687175 -0.0356945188712965 -0.0144050042839224 -0.0321178637872934 -0.017103930991185 -0.0187237880028677 -0.0288597102340992 -0.0348166018819496 -0.029255318789324 -0.0342483053170323 -0.0372349325332895 -0.0300636337366106 -0.0345745520080916 -0.0188540869688601 -0.00348279114459731 0.00597032716125738 0.0169151983932279
-0.0850805962818978 -0.0683415959006185 -0.0736077910982332 -0.0627293307039254 -0.063060289236442 -0.0371482979712878 -0.00994333980163163 0.0358955872182252 0.0204281544643631 0.0523728131415902 -0.0492160063435082 -0.119482812630224 -0.144375503952308 -0.151692856744135 -0.141693575993035 -0.121538826257767 -0.0843587321095115 -0.0182679321866136 0.0047391838179971 0.0390450141395691 0.0072391604056186 -0.0118749978659703 -0.011861147218413 -0.0266316541945035 -0.0229845547164368 -0.0326155239135393 -0.0368479804285596 -0.0491961236938922 -0.0401573874207798 -0.0335375461848994 -0.0327400362170036 -0.0274772102395439 -0.0315179333907766 -0.0351254450306712 -0.03933151910413 -0.0332290045841255 -0.0180224762452144 -0.0124118655368182 -0.0244494741989626 -0.0322163023110321 -0.0405295641042658 -0.0397938913371243 -0.0453814902531778 -0.0413871128798032 -0.0441424476779897 -0.0531186164971059 -0.0372303155392145 -0.0241127721686368 -0.0163980038928349 0.00696085038906816
-0.125672941960747 -0.0786908436260986 -0.089229282070282 -0.0655654981086555 -0.0624458035053935 -0.0484332826656434 -0.0291566603614099 -0.0136736306040788 0.0587969157628698 0.0612590660591405 -0.0184558681189468 -0.124866056458863 -0.152965237610566 -0.151805900991381 -0.151177835421529 -0.127824142237503 -0.0954945339145717 -0.018711220024669 -0.0323046712142522 0.0198794699376648 0.0336410132065257 0.000374021613067696 -0.023615391164341 -0.0260126443697354 -0.0430770484486898 -0.0437842475958571 -0.0514500102986867 -0.0635970688097894 -0.0575908357634122 -0.0418703629163362 -0.0225468707186314 -0.0145108137470268 -0.0228796330086088 -0.0244303940781195 -0.0297024814167267 -0.0423192321875256 -0.0346940087634438 -0.027005359937624 -0.0245711892205728 -0.0252336145517213 -0.0284312152924515 -0.0431527738434656 -0.0495565471611476 -0.0460489008362897 -0.053311833221986 -0.0596708497155139 -0.0386107627646971 -0.0147180314333927 0.00272170632030792 0.0231669552156364
-0.134739963532683 -0.135094921046617 -0.132568606054713 -0.124318798810638 -0.0744286259048567 -0.0579322249682342 -0.0568522381448882 -0.0151701611160749 0.0245243797310441 0.0804696516609438 -0.00336215417885334 -0.076748549112167 -0.128059685095282 -0.118619717551463 -0.12697986241971 -0.110420785193856 -0.0982917805180747 -0.0465166699520902 -0.0330929827058869 -0.0423470330529614 -0.00965417964279577 -0.00541757055884292 -0.0272987657379611 -0.0338254933397927 -0.042387458618583 -0.0453668786744995 -0.0598348694130305 -0.0657022860239081 -0.0574827226421785 -0.0331283856761779 -0.0101471250084739 -0.0197494606792982 -0.0224602106969387 -0.0307584188024883 -0.0290503036300451 -0.0419188686216937 -0.0507689386799232 -0.0380724237086869 -0.0290968439776822 -0.0212144052129323 -0.0206376198553908 -0.0331805271994265 -0.0554571968578715 -0.0476899432782785 -0.0580533628621717 -0.0667178427146232 -0.050255187776714 -0.0306304212928274 -0.00340007465136271 0.0315945148463302
-0.0953840219351208 -0.123950182413837 -0.127942505869082 -0.14597683312841 -0.0807803923842719 -0.055132400392197 -0.0514339818361194 -0.0296672269302913 0.0368615774361367 0.0572083376914719 -0.00601120683693856 -0.127991991755059 -0.047043517822637 -0.0265882609695301 -0.121393213662567 -0.122035794253055 -0.0689605326178802 -0.098237181227707 -0.0635360059090567 -0.0605352374648896 -0.00941338077242494 -0.0208368622515678 -0.0228464298999121 -0.035828500212607 -0.0368700599353176 -0.0501753302501309 -0.0569603256699409 -0.0589543456203856 -0.039513293474563 -0.0311069112009106 -0.0284164324374247 -0.0233531006968634 -0.0180674439394862 -0.0388397199475782 -0.0386274203967856 -0.0444416405532278 -0.0441432831864378 -0.0422871727840633 -0.0424887410454146 -0.0330105725481614 -0.0405651672232808 -0.0459543437475258 -0.0617776196020968 -0.0521343584276435 -0.0665580538747835 -0.067904191719344 -0.0571100242112765 -0.0373002301436278 -0.0407337001637702 -0.0394132281942924
-0.0292487833535449 -0.0766543454309694 -0.094328679373416 -0.103719880357591 -0.0952618056029202 -0.0305508959179199 -0.0500021722636142 -0.0541793763609033 -0.00810560806003419 0.0166871138533259 0.0108151796547369 -0.0422310092363996 -0.0231145757534522 0.0154331977956863 -0.0383228991024768 -0.11489720824687 -0.106699501631927 -0.0597977382730073 -0.042226719930177 -0.0942433446040079 -0.0298766161493789 -0.0229008918527396 -0.0332434380345348 -0.04111681297945 -0.0464631866636066 -0.0465236091363079 -0.0498797449106704 -0.0612780271897531 -0.0540577987729007 -0.0410168777463992 -0.0255687412909223 -0.0281302788200926 -0.0238868967787974 -0.0427932585458458 -0.0629591739765376 -0.067131343095267 -0.071059464454222 -0.0657983508447291 -0.0751078933493208 -0.0677560381879023 -0.0683954667095335 -0.0634859549261795 -0.0704467695685003 -0.0621311801349467 -0.0729937120979927 -0.0660024494444696 -0.0648695043842337 -0.063901310136835 -0.0724788291185901 -0.0725270716512458
