data/pcas/pcas_mc_126/pca_referenceLayers_mc_126/PC02.asc
NCOLS 494 
NROWS 529 
XLLCORNER -117.166666666667 
YLLCORNER -55.5 
CELLSIZE 0.166666666666667 
NODATA_value -3.4e+38 
[rows 161 to 183 of 529, columns 312 to 363 of 494]
-1.0596129351017 -0.882999077152948 -0.785219797519968 -0.757863546028927 -0.834477607010351 -0.704973401340485 -0.579190190877939 -0.793920086985289 -0.9053178449691 -1.11115552062608 -0.930775772585332 -0.752448380925123 -0.690520438843829 -0.798917963882486 -0.96128714944036 -0.673843067088072 -0.740632138026713 -0.968613646375085 -1.61019694235054 -1.70851734135034 -1.80872535474178 -1.60007997455331 -1.6345685734097 -1.67513272424412 -1.39488770691419 -0.889238777633692 -1.13707290023692 -1.28039024089707 -1.34776359045808 -1.52868980468928 -1.21172580460426 -0.975241445120127 -0.879921374166892 -0.855109262203776 -0.863634759226247 -0.987125794340601 -0.860763890659703 -0.990557474054602 -0.75712567163255 -0.623185906019236 -0.511936532352438 -0.590094657492561 -0.611513953323226 -0.647404850454156 -0.545039469374381 -0.602922519408695 -0.444196864375654 -0.33923768221344 -0.38606239091609 -0.524725283710674 -0.601082873373238 -0.583453222745785
-1.04047861559837 -0.882908017417321 -0.825387692022072 -0.802546572189724 -0.880271956442557 -0.774993943090399 -0.981648225177852 -0.95328698954877 -0.86588924148828 -0.822660887003084 -0.925246846453295 -0.850210761553682 -0.788476581273102 -0.776654308755694 -0.914024455122596 -0.940353145284594 -0.859637350344924 -1.35547640735147 -1.41843566934984 -1.51667535466316 -1.88960298404447 -1.5707373294569 -1.49584700263465 -1.5430840299968 -1.502961939769 -1.35154040510331 -1.26470310686206 -1.2548203816058 -1.24854216763878 -1.37862397943453 -1.64115775247296 -0.652939403908108 -0.932087598125959 -0.879293662048655 -1.00068796027458 -1.03652549470417 -0.881084691397469 -0.917928284929127 -0.60811428780334 -0.654578856363267 -0.585619118038068 -0.501677295124766 -0.628762516694815 -0.480081522965282 -0.520124566733158 -0.600137834341145 -0.470189363329595 -0.420555437231167 -0.513482723638329 -0.615575256031227 -0.596193065236439 -0.546765726523445
-1.35446262219585 -0.95615509109862 -0.966141434966597 -0.918219462882589 -0.808669842928838 -0.769332204382763 -1.00817250911083 -0.999431847854064 -0.839287195632298 -0.92643247053802 -1.04186376612101 -0.825427373397831 -0.903878784642269 -0.866107325283657 -0.77271051428826 -0.791526489548205 -1.03508887754943 -1.30692771204234 -1.42832999025359 -1.45542870009496 -1.68203902840237 -1.56802057194247 -1.74572927276204 -1.36908018866313 -1.83859234615022 -1.59651266044209 -1.40374628290285 -1.29182714667086 -1.19875989132941 -1.09330552026688 -1.40083515170198 -0.623051945152766 -0.490993823145315 -0.61554697539202 -0.79488958616816 -0.851394845841558 -0.837891531890774 -0.660849910820336 -0.479623837493759 -0.676548161532119 -0.6267758915009 -0.515706862238634 -0.500218377960132 -0.434285246023082 -0.53007301190034 -0.489129341961264 -0.452355921819099 -0.471421862028164 -0.576446645288952 -0.671724858280074 -0.775129429012646 -0.722989961740076
-1.4791303436089 -1.02744889508618 -0.930472935309709 -0.932098324172915 -0.909268142791988 -0.928248982906795 -1.09812793655391 -1.18694252856388 -1.42144114837737 -1.24675255587268 -1.14769682574633 -1.0246267259215 -0.983982381033122 -0.987375838960825 -0.975657870349428 -1.06794415994735 -1.0472346838729 -1.32429176573035 -1.37314111080039 -1.26126309686379 -1.40098610306108 -1.54280509769502 -1.23242630535472 -1.45855506350236 -1.4973239077354 -1.88120567146879 -1.80367173227589 -1.45556398648737 -1.26427883334789 -1.22790395584788 -0.889650454886684 -0.490534338798256 -0.534896694662836 -0.749893746505739 -1.07345329132632 -0.829056950272152 -0.908214325508454 -0.670338632912549 -0.693207584189143 -0.704709492970627 -0.681166331971917 -0.595466179455088 -0.359507933986519 -0.446116926132291 -0.450765980109626 -0.488263763786067 -0.41054737923626 -0.422661334352196 -0.543333596911137 -0.675793298093824 -0.78155774690045 -0.779755456219955
-1.44723211343754 -1.12861681708166 -0.928342940994508 -1.01477779808119 -1.2056303576906 -0.906390548721504 -1.08302575602573 -1.02780481959527 -1.30360844784534 -1.42232848253606 -1.44311636934356 -1.20752967020333 -1.38456958339033 -1.05902915086936 -0.943107436714617 -1.13640711337748 -1.02649843096355 -1.220891830325 -1.47388616428371 -1.15356584494204 -1.22126834946437 -1.645921093516 -1.23285890213795 -1.31793617027269 -1.42208897417622 -1.55220721624214 -1.79201551491084 -1.89585444987205 -1.82886733035813 -2.21770220938866 -1.50066267638409 -1.11802964555294 -1.00523839240936 -1.19638345498853 -1.36062555759908 -1.02839820755336 -0.760962354364166 -0.770725215340326 -0.664617087531027 -0.707900086773273 -0.663037472527061 -0.427893241526894 -0.558751142579166 -0.427211749883693 -0.424062396112099 -0.438720064242717 -0.343931814602826 -0.392640054528585 -0.464436998340461 -0.577964642663255 -0.621881535034839 -0.647812124721419
-1.52887521166947 -1.34739631072209 -0.860947297469895 -1.05267932129367 -1.69261337824436 -1.26198626627056 -1.12734160926681 -1.08082970314566 -1.29676424321124 -1.83996192715064 -1.85154048313151 -1.53434827656507 -1.40463687481589 -1.33409624766133 -1.20775549617737 -0.98525571729142 -1.10082153894673 -1.22300580600445 -1.38605534026375 -1.36174460404787 -1.16586994241263 -1.18010332927419 -1.36423202636179 -1.23006708777279 -1.31940650130519 -1.34153650883195 -1.63033697671232 -1.41785744143505 -1.45315370538719 -1.79309648195703 -1.74096361650633 -1.479366237809 -1.47574140631055 -1.26409448908593 -1.16412822779808 -0.808271569379645 -0.568220659283303 -0.413358059394095 -0.620019395653491 -0.587584045279 -0.521079359524475 -0.492460705069633 -0.506321064590425 -0.380780637896968 -0.324250822124091 -0.333303094837643 -0.317353124681898 -0.388956579781515 -0.435815165062661 -0.449590183424074 -0.510701388317117 -0.594399379060033
-1.35606979205271 -1.35077543495436 -1.06180293197962 -1.69206309366018 -1.96423675895457 -1.697489644024 -1.35018298315873 -1.32402229028317 -1.76567390866465 -1.75642746211656 -1.73094052259592 -2.01817637559877 -1.65143902994513 -1.56625836095547 -1.60946715739892 -1.36612119035325 -1.03934471858765 -1.26757749130616 -1.38022662888961 -1.29558501244255 -1.24043573271508 -1.2557301123436 -1.34880099236405 -1.4094873322401 -1.54019211495325 -1.33488677593974 -1.53562523563731 -1.34640700749457 -1.10851940348571 -0.947078424761202 -0.941591549978232 -1.23606665284554 -1.27323672259887 -1.35519352975702 -1.18595259362737 -0.539027994954674 -0.517024309178999 -0.377002072190734 -0.437832283376548 -0.457031205546388 -0.527764498208003 -0.57044257335999 -0.416857306946816 -0.303761517717357 -0.416509705485518 -0.309265356116417 -0.362094695291635 -0.435243099278023 -0.421827833098063 -0.561932957318216 -0.792716635628674 -0.779550890014257
-1.19322966627871 -1.28755848851467 -1.17235823366694 -1.50432412637951 -2.04149126843618 -2.09078953814442 -1.76462020147985 -1.63658401300289 -1.58750556815166 -1.54426044531898 -1.69721894708851 -1.79722849304931 -2.07730916161104 -1.82851565970461 -1.55244880659776 -1.55339142694771 -1.35248953854986 -1.29194322744889 -1.33464756887674 -1.23693157221145 -1.19795329585849 -1.24085673135003 -1.28638966029341 -1.46286268009772 -1.47884299234274 -1.24620018359267 -1.34108440404566 -1.22234849352126 -0.795109615881896 -0.71706225184846 -0.638331763685369 -0.723102959547653 -0.806033576059576 -0.855923659943401 -0.624520394046358 -0.142486333698944 -0.297367786434098 -0.266494756501662 -0.254188208558444 -0.412960063671457 -0.412072263929087 -0.429249484868694 -0.352451896942435 -0.292902708482216 -0.363379420173572 -0.282052407179171 -0.295831356784847 -0.392480290939279 -0.596896038918487 -0.761360319845422 -0.848952220277363 -0.608894295894008
-1.76671656780136 -1.50825525449193 -1.36629520705512 -1.94846801185311 -2.00900436203934 -2.06893334692321 -1.7130967763673 -1.97056131533536 -1.47643590675877 -1.75221030939946 -1.52091259980276 -1.67256945189674 -1.97656087190533 -1.70322068842034 -1.59181260218532 -1.68598599815022 -1.57386025611948 -1.13431474277182 -1.16597917656552 -1.16303880645265 -1.23742968175149 -1.36288540425764 -1.44417672460539 -1.22081621705846 -0.850184053303888 -0.525595094590385 -0.43574237365952 -0.155966978274432 -0.211427043386887 0.0162305610522103 -0.274611064081619 -0.294895451699563 -0.161769900324563 -0.757879404205677 -0.359741961738925 -0.0194759299792793 0.050458411705891 -0.12346301020251 -0.282823208420017 -0.247581258624733 -0.284633083934904 -0.330180989752346 -0.22212703981341 -0.197565811723134 -0.244714878031402 -0.220781759921659 -0.295011248916204 -0.380220536872308 -0.542881922905162 -0.689012707442077 -0.637792555389615 -0.547119493380902
-2.31411991949218 -2.32148619716778 -2.36965496361443 -2.20783737729223 -2.12978912618834 -2.18704224741792 -2.17171208005903 -2.11133980830537 -1.76366731271691 -1.76500909552797 -1.6731393272512 -1.6159154412825 -1.75468542138712 -1.98696631971353 -1.92166847662993 -1.73788442679973 -1.21318545810303 -1.2082138329253 -1.1511334531646 -1.10281660963293 -1.04862796762242 -1.0457632764208 -0.947396928691111 -0.444339315435006 -0.122112306062134 0.297707210404586 0.22613048520639 0.458570445534983 0.373828511065661 0.202935924442861 0.0567499762738427 0.0662472055007972 -0.0946441159266266 -0.695452521396663 -0.719151455055712 -0.393587794537155 -0.135267012155028 0.0239721301375877 -0.193699516301844 -0.0911274531461774 -0.173433318501214 -0.206063599771195 -0.196824969317472 -0.153334607199176 -0.200230079009889 -0.221369021556151 -0.209682332252979 -0.461378682139331 -0.518954375597492 -0.680344822937731 -0.574743272512291 -0.432157807146814
-2.45786517833921 -2.40920538311677 -2.58041610100194 -2.23581486275674 -2.0302732288436 -1.96933918147299 -1.91717674672266 -2.01069688864195 -2.39699938524999 -1.9255882797848 -1.86331321891071 -1.77659570545283 -1.88788301065594 -1.63536064231086 -1.61430576917223 -1.93643017005828 -1.54709641159356 -1.29236297546269 -1.18580019767471 -1.13339504540464 -0.728563326817999 -0.543009756812714 -0.205476275135035 0.34179289969727 0.430364255972451 0.699756186356749 0.732735992240618 1.08671417523277 0.968419389012721 0.412669029755637 0.291234570104804 -0.0434834472963504 -0.0452031153484343 -0.0264982984516642 -0.416151162473628 -0.453252462312216 -0.0811901976126537 0.0978255908275057 -0.186711401003151 0.0704749796006167 -0.0425109660907184 -0.0954502811565971 -0.10124203637508 -0.117922435221833 -0.146477579432144 -0.106236141025673 -0.410158011889448 -0.298803390834615 -0.449783370589051 -0.542543931305535 -0.406692528354204 -0.385803627037074
-2.35984744678709 -2.33686180769698 -2.60385218224399 -2.47621526479158 -2.17022219118659 -2.01955114226614 -1.97119820727029 -2.04413202190069 -1.96984277732213 -1.83481063609088 -1.85494968056591 -1.88533635288044 -2.07451302356894 -1.83976785445759 -1.76490478520135 -1.47953300537528 -1.34337776810924 -1.34232454378701 -0.895059754034457 -0.750660349873804 -0.486524624311038 -0.316212668970567 0.269079962158268 0.693094201689965 0.798306990878255 0.866779159326735 0.590315043515535 0.787885373100007 0.967087641582402 0.733229963689165 0.317714276473449 0.489112714891429 0.755471292568094 0.636098186810194 0.390412224713712 0.25858086352402 0.216752612232878 -0.00220107737439551 -0.0684101662488606 -0.0674440904784861 -0.157635278489852 -0.285150067337302 -0.261957681663714 -0.227256572293366 -0.2917213132979 -0.336042537040968 -0.409764625400573 -0.485897996212683 -0.787261472805404 -0.542656187759166 -0.593379275367238 -0.576994617306967
-2.38154294478747 -2.50781750911373 -2.58492262118615 -2.44007396968457 -2.48829836230978 -2.20819950680315 -2.01513854870018 -1.97532783731347 -2.02886737517998 -1.96658656711694 -1.86786962917857 -1.65664412835956 -1.82622684147721 -2.0091703534019 -1.9627277923689 -1.52923703558807 -1.40359512738769 -1.2420364909639 -0.789070777078518 -0.620641600207238 -0.677313728606033 -0.236784046721934 0.382620820378874 0.615151887573187 0.893425659199714 0.887278590436482 0.490303072384984 0.608994978122764 0.749739864497408 0.715074607394781 0.804001891473247 0.971030503916533 0.847174191041314 0.9882467235555 0.728794328170613 0.335661547782684 0.0786663909003878 0.0523420652754667 0.0677279889612906 0.0152213947191852 -0.0801812315316643 -0.24814151310906 -0.29829326053139 -0.201752932526083 -0.232167455521059 -0.270336982163222 -0.428968561714914 -0.423940014744837 -0.457711737154835 -0.625019839703347 -0.701549450846232 -0.926557490744984
-1.64008062965238 -2.63966556567093 -2.59467760262357 -2.49195126613603 -2.54100391586928 -2.07571976214469 -1.98599449024559 -1.95272635145845 -1.88171368145072 -1.91955508238049 -1.84949420952174 -1.69925365742968 -1.48818319691539 -1.74481622305594 -1.8234439359592 -1.59650084695707 -1.14518421237269 -1.15608940492266 -1.00658288995652 -0.828945148350786 -0.653837107475213 0.066507396574548 0.340360268002221 0.51213279847806 0.688360417831473 0.821948295920316 0.715704380332628 0.684954484600204 0.80185561296117 0.629891382683619 0.552279797579323 0.871144160323635 0.925333315558327 0.916283274029553 0.520864713171119 0.392287569455768 0.172342151607112 0.120414243474327 0.117698268818763 0.0827474366328136 -0.0122884092171474 -0.138731101222624 -0.22179005911094 -0.162930172127885 -0.160237551311301 -0.234563720274399 -0.254588204879092 -0.346123244352809 -0.360092968766937 -0.517635697844919 -0.492104788936448 -0.630969167540141
-1.24918738138019 -2.29891965994996 -2.56291092910281 -2.62293572850917 -2.46019088689745 -2.05243040674376 -2.00706872068514 -1.91939493422395 -1.77603804795684 -1.792024333737 -1.81034837764158 -1.77121378493704 -1.65206181906022 -1.56749284408655 -1.64451596269845 -1.38025363921936 -1.46113626202732 -1.14851419487563 -0.987592252649981 -0.806342817444359 -0.63626050498512 -0.542436495500736 0.0398011570607534 0.4888946437169 0.663446462027476 0.757795740616514 0.704314561088168 0.795285896095146 0.868540743029797 0.755741089476797 0.616612525184079 0.77443699267247 0.977453220204616 0.653889952326626 0.125670163322427 0.143316377878635 0.17724482226602 0.197411199683045 0.137471140165943 0.136791662004783 0.0767189109102784 -0.0745499486396523 -0.182318282992361 -0.219958550074353 -0.147581481766267 -0.162389281660951 -0.202287229588733 -0.253012546936716 -0.288534092080371 -0.364584002427517 -0.379602811777785 -0.426168910076018
-1.4281605335852 -2.20448708273635 -2.53642686160174 -2.41730537991855 -1.93798950828704 -2.40558616835827 -2.37580380666533 -1.97190340112103 -1.80526472866019 -1.78614657781773 -1.88007913987941 -1.78543147138871 -1.61635544922459 -1.54380423355503 -1.50269777096761 -1.4220068401838 -1.32283096101467 -1.2289947899537 -1.0977716484516 -0.876438974450495 -0.732496824692584 -0.497839245723472 -0.0190692075609558 0.328262102819615 0.529034516974592 0.762075884567352 0.841503043970453 0.827101463003962 0.778882114332778 0.782246276929977 0.871969944313398 0.845541226125894 0.384771942151495 -0.346582173578954 -0.0328611416759921 -0.187852289102795 0.0720612868648713 0.27651074039091 0.226384852373006 0.151157593298473 0.0415477224950151 -0.131262489138555 -0.209329903708383 -0.24073031102798 -0.134848231049983 -0.161870023860634 -0.168666611236963 -0.138977441563461 -0.16519095517872 -0.268402860209599 -0.287304906769263 -0.340926886306842
-1.40630199512356 -1.98215440525938 -2.06616294759894 -1.65799799980251 -2.50686940246625 -2.62945842244344 -2.54343742034672 -2.24014982071154 -2.03669595434013 -1.90281275493621 -1.79584556706902 -1.82643994191672 -1.73530903663132 -1.45115403938132 -1.34060677753266 -1.29007543344987 -1.32937236567607 -1.26251804725975 -1.06329345099534 -0.921173812574098 -0.645852428632274 -0.285230867694793 0.0887199884243554 0.373386955996152 0.680916187262683 0.789201971579182 0.76144019363004 0.77152115142772 0.925563263991741 0.810127708186376 0.710084829593966 0.823174919949377 0.808807400209987 0.227759624779858 0.228628096793157 0.14424556305681 -0.0123150313434242 0.128771352555571 0.278771977232489 0.163290911458775 -0.00485601851339773 -0.132216455691636 -0.186941535734395 -0.204974990966547 -0.178370956854965 -0.182868593412449 -0.134866425827225 -0.0823736566001327 -0.10712243005307 -0.173116256128944 -0.286615171113499 -0.284255256578484
-1.13681908415911 -1.24378353670258 -1.35546650495811 -1.62883293018418 -2.63900895919357 -2.84220412495428 -2.79295917354861 -2.35660874792223 -2.10914665298331 -2.03562350292532 -1.76660027907895 -1.62107425984253 -1.52059236312688 -1.41792811453376 -1.33601586216104 -1.2404283405622 -1.11796282594606 -1.04049411818146 -0.982831215841222 -0.865827293927278 -0.474376409830357 -0.309676372198027 -0.103836163548109 0.441092108581906 0.632537946995831 0.68142366347724 0.867916984503913 0.784027735051752 0.866609715101038 0.87320432504619 0.775224448057783 1.01110956619673 0.958761343680824 1.05215147911387 0.994676136929576 0.819278681485443 0.351815323041694 0.283049081340531 0.253338750134096 0.15623075609344 0.0241442576694504 -0.0226029496710009 -0.122021690468152 -0.200614704272404 -0.171529309785088 -0.0960657852052826 -0.0408271586155577 -0.0287566052973423 -0.0245029993664598 -0.066837898451023 -0.176504459068029 -0.220809521045416
-1.01585912436175 -1.04525414018477 -1.18817369450266 -1.5014972982606 -2.08223824958954 -2.54642329799452 -2.75743516542072 -2.43106072968336 -2.2643927874728 -2.17341017955674 -1.93177394865702 -1.58425958410373 -1.43332897287742 -1.35611115434967 -1.22857484293719 -1.13299156817514 -1.01086787197363 -0.898125953917026 -0.880768561206147 -0.681339511307319 -0.514521278015187 -0.278185674078573 -0.0555148913968517 0.359456527150992 0.606786355090358 0.615029762201586 0.80842335546754 0.851080148005059 0.786357382428543 0.81573985025426 0.78956340035318 0.895437602549193 0.993741716446525 1.11821059245021 1.06080882170085 1.02513650458947 0.436203895170788 0.316255604069394 0.250079062865292 0.218499199158132 0.0103486518471472 -0.026690405525435 -0.0753228255753019 -0.132944728336577 -0.0846588184038479 -0.0332815529291127 0.045791289801461 0.0486760779868031 0.0382703853959878 0.017748577067851 -0.0366304107893085 -0.0777691122008891
-1.11713961435696 -1.01772899521791 -1.51669997912758 -2.17367113071863 -1.98344211721558 -2.23526760148434 -2.63603397448029 -2.55008141794484 -2.35034902318996 -2.20427695968966 -2.12502917385398 -1.85814206814317 -1.41978755172213 -1.42529151555146 -1.25698033618456 -1.25386727934368 -1.07580841723892 -0.884813979075617 -0.774308333987207 -0.622379766960014 -0.381113220281123 -0.202163722103484 -0.0109348267330934 0.232894171779701 0.440648323303573 0.639134694507889 0.688879349094639 0.689849379978656 0.715098389118753 0.706329928487079 0.955816080697148 1.00165596433493 1.03510845076315 0.999064463506381 1.03979948198104 0.75893486677318 0.286869963077534 0.326740681229873 0.261628364598215 0.197280808186182 -0.00679365292512679 0.000615890188697399 -0.0253467462947324 0.00951408940376963 0.0627075112447317 0.0544000565441283 0.0872482517457945 0.0968624401263999 0.0760961051269843 0.0850065876693458 0.0498519596559692 -0.031974663958905
-0.964224263508163 -1.0917058397434 -1.49882024304701 -1.83804514111355 -1.61414174314582 -1.68052038723961 -2.25689099889007 -2.47742164794078 -2.32631002915923 -2.18074015700924 -2.16041832471641 -1.84129351601014 -1.55995006527193 -1.39472259022065 -1.26824396786192 -1.14138285913244 -1.01771560666786 -0.867588166761391 -0.68084779408853 -0.546542469636727 -0.389736790846393 -0.221875605816545 -0.275379712056013 0.15274168067791 0.32594866337782 0.551264107823623 0.599837824457478 0.561738852402571 0.356551533635078 0.363929090286399 0.81547041153726 0.92785068476773 0.915690629860863 0.974154785072915 0.933860377654502 0.503468440903983 0.264064501550317 0.300717897571298 0.260619061028504 0.216770122115627 0.0499354661919664 0.0409609206778366 0.0293079701254334 0.108867553717194 0.0733114503897773 0.0545161811787574 0.109319961261917 0.114373747781249 0.110078588242166 0.130093728886622 0.114289080982197 0.0450820313882603
-1.01633245179717 -1.17024121582648 -1.15382551458005 -1.12539174278155 -1.21912352634303 -1.33885697660822 -1.54705919238289 -1.8140048431433 -1.82708489171996 -1.89217702831995 -2.19746403233648 -1.82445512366233 -1.42393314127038 -1.32026096438108 -1.22415385057177 -1.04411227346333 -0.90279086927341 -0.75630146357813 -0.631471256109668 -0.564692986147275 -0.301814465520418 -0.0992109833855241 0.0221454147244486 0.234254446750535 0.401927183822566 0.462415758506799 0.502986885048891 0.534688522755076 0.434151421140093 0.265201140617095 0.541623563844937 0.557573787882451 0.796478316987335 0.818645558711334 0.530693876609635 0.290920127283462 0.264877467261424 0.244860840300366 0.245195528806488 0.171645220517257 0.0961371082357851 0.0428950138296315 0.0610976100266578 0.0526672438127984 0.0742819629672962 0.120154105038948 0.133910111020809 0.121598871973543 0.0956465599431453 0.147180629497881 0.151525438929793 0.111388136036033
-0.978320959160567 -1.35935252570821 -1.54548454103905 -1.26883259436155 -1.43828806134777 -1.5145094414269 -1.5830471542786 -1.57216996224038 -1.772428828254 -1.77212952929392 -1.96274305774424 -1.50574847156015 -1.33393009040248 -1.21882520286873 -1.1281726244226 -0.939883255580193 -0.716594314071546 -0.658835190505337 -0.570601198871113 -0.431846359683356 -0.264000142056322 -0.114180390155762 0.0111592779759772 0.220833352306907 0.344028638727816 0.366351458586066 0.330857697077255 0.379734934671709 0.418921144479024 0.274052360741773 0.418579581573412 0.47805468651949 0.598128539721368 0.362464893159913 0.256857856549899 0.291184875270946 0.303361887861178 0.230642574452542 0.209541502994077 0.153043842432679 0.0941633665122834 0.0452203751450505 0.0712342078346781 0.0364516438554677 0.0791082869603557 0.11036785901286 0.110095118385319 0.0649558977617335 0.0750667465442356 0.120353783112274 0.105588817183988 0.0820339208942616
