data/pcas/pcas_mc_126/pca_referenceLayers_mc_126/PC02.asc
NCOLS 494 
NROWS 529 
XLLCORNER -117.166666666667 
YLLCORNER -55.5 
CELLSIZE 0.166666666666667 
NODATA_value -3.4e+38 
[rows 138 to 160 of 529, columns 260 to 311 of 494]
1.46148752169904 1.63679517824937 1.61588221551685 0.731119897509146 -0.935332133058346 0.132823620674541 0.712765563901573 0.824119200955764 0.926890450580343 0.804063528924314 0.949741707454345 -3.4e+38 -3.4e+38 -3.4e+38 -3.4e+38 -3.4e+38 -3.4e+38 1.4924172396275 1.3048214195834 1.01645770958629 0.536241773940573 -0.430584316884675 -1.01344992770299 -0.462666757510922 -0.266703673050974 -0.0472838067627213 0.61546778355092 1.29570221217349 1.36519858775518 1.38917479202316 1.41162022330771 1.41129933497614 1.60647841871387 1.59820346734904 1.52618979738722 1.55962212540166 1.54288889702277 1.54399403682156 1.65216866828583 1.72289848040384 1.62100550410378 1.58606441619786 1.5253764042562 1.57370326087836 1.49188407227567 1.33523350725335 1.22346284193418 1.23533138757461 1.0579145222935 1.2068020542347 1.26046977421668 1.35495186966808
1.31010272100476 1.51839179771989 1.29915213773324 -1.20392431124531 -1.03308635869849 0.0287836959121177 0.621982568365532 0.54915064822502 0.468710132551137 0.724835052727999 0.641125781035211 -3.4e+38 -3.4e+38 -3.4e+38 -3.4e+38 -3.4e+38 -3.4e+38 1.0268857300629 0.870242082166724 0.606372953697991 -0.206157233509119 -0.912495472254922 -0.784562347367893 -0.100474864335295 0.143984611244148 0.370952510923186 1.09239976236769 1.39134104323461 1.5035604465656 1.507010690524 1.4847005944189 1.52928075092945 1.52827044011136 1.52036522517082 1.78412769710764 1.80895947468389 1.77349876786812 1.85014553743512 1.95911419437965 1.9799231996248 1.9907602141472 1.94562364672212 1.73459629311982 1.68943137455277 1.57210905467032 1.4580002040398 1.35417139430184 1.41876570451875 1.41757139334965 1.38196113648845 1.68776773373658 1.77122529328823
1.13969383936848 1.40141402695557 -0.0817219233964722 -1.45724525350007 -0.471855034017576 -0.00906621547565691 0.0990378088534185 0.18480939946691 0.212534038815868 0.281906758214489 0.406920116982126 0.382377784281858 -3.4e+38 -3.4e+38 -3.4e+38 -3.4e+38 -3.4e+38 0.666518872572188 -0.741306145558226 -0.513009892094433 -1.20865444812754 -0.963306682739434 -0.393645685397439 0.351649027716809 0.824350834177032 1.20401050892422 1.43166294803077 1.49116285931974 1.59239370448494 1.59062103414867 1.52334292926943 1.52403401135392 1.56496724631463 1.55687063959498 1.58636111394848 1.62424474799304 1.9482362091454 1.97108021117629 1.99657747749845 2.02838500206547 2.01851554547046 1.93265214972047 1.76218763787718 1.7030375796889 1.64945236230576 1.58106792798506 1.45746208723006 1.47896859602947 1.67672976077402 1.69517018059798 1.74235973350989 1.79583182049426
1.27584886569101 1.00187508433885 -1.12555708051049 -1.18651306374195 -0.945567135901187 -0.637442576112259 -0.359991043385513 -0.441269057169321 -0.116208289761302 0.199209099627066 0.498349230231628 0.388403246994159 -3.4e+38 -3.4e+38 -3.4e+38 -3.4e+38 0.189663811656825 -1.38539664256213 -1.64362721565709 -1.52995449446485 -1.61881414380257 -0.93226134184569 0.0806991946257856 0.855869079946455 1.18542924770041 1.37394381786609 1.43366883769285 1.51219454787477 1.59790638809153 1.57296274682911 1.56029055875404 1.52699139948215 1.53129534281655 1.54179607457534 1.60130846359117 1.68122689611852 1.73383045003141 1.94931788911246 1.64948240440957 1.83998177213213 2.06888349364349 1.83996825188916 1.78334462181306 1.74506287841792 1.68874377345129 1.60119260934848 1.60035779407478 1.58510034513118 1.62710591841123 1.48389716736126 1.51288264532611 1.48217049729236
1.2516967432309 0.695744586377147 -1.74051034932964 -1.33470103121034 -1.31926549845578 -0.907670147842917 -1.00158512246067 -0.686301171504786 -0.125506056962425 0.272886265135022 0.444590049511357 0.506354098876628 0.424420347413912 0.465831515394821 0.563687396889281 -0.476968833053334 -1.87807153613853 -2.75022366010181 -2.25996460350664 -1.73631612998362 -1.34175934119994 0.156445284721531 0.833514657168673 1.08674070288979 1.23583188964623 1.41129706683208 1.45204976777793 1.39470015738997 1.4428517582985 1.46566737649159 1.51832068887398 1.54429007227402 1.58655345174058 1.56596512701606 1.54800443879322 1.62790589749308 1.71414578172245 1.73937508487119 1.68909742011145 1.80725160521598 1.80048305529033 1.9417170890605 1.81583228755219 1.74749502106185 1.70489385896604 1.64759703362577 1.70202024233449 1.60985448722378 1.50480661747229 1.50906665470062 1.49868460005136 1.51446411191857
1.13292802384147 0.87164779714395 -1.64056584611287 -1.80125627280823 -1.55257671717057 -1.20379759854477 -1.18700238072872 -0.791227181792101 -0.411838853599404 0.228316248955454 0.355734835668379 0.219256299538857 0.285619514592858 -0.0892195660238385 -0.967225870579187 -2.54142172991759 -2.67206073084116 -2.857290677558 -2.73429962318074 -1.5152544598287 0.358874381240672 0.853546386077216 1.17950401907448 1.40908288864962 1.41310287681641 1.46622171980307 1.45247044479471 1.46565683121261 1.46465142042811 1.49704228142076 1.50159492619244 1.50992535931331 1.55405478867842 1.62245044987706 1.63591957048755 1.63770835710586 1.65111108931823 1.65028760948042 1.69930579278022 1.77122462415499 1.74642810472019 1.69683941126801 1.84301655350628 1.7135296856125 1.65225076982635 1.6426006430853 1.60481333039674 1.62425603963301 1.46850804854513 1.48140975707325 1.52506506597679 1.58161717928402
1.00608475442037 0.3751464326772 -1.71570684773436 -1.8424377638654 -1.39288138577581 -1.31203529950984 -1.13515981865655 -1.17109629684622 -0.693836680126207 -0.236166883564722 -0.267048421636951 -0.548661872742144 -0.369406962709988 -0.829220412054637 -1.42820047308189 -1.57584052792358 -2.4174571955213 -2.8543014544068 -1.95972157192183 0.11558171843285 0.824925697985377 0.962922063985956 1.37027380296884 1.36793808627112 1.46107070861509 1.44584506574721 1.43113762762408 1.48144215582553 1.45968134042237 1.42142830545832 1.43358422521139 1.43836038094843 1.48259317726812 1.56280955335799 1.59768247061165 1.61152492490357 1.66225745487932 1.66589432046042 1.65137712272124 1.69288144532748 1.71078640934435 1.69765289136796 1.8517046858751 1.77840954660768 1.72062280174796 1.60988413915975 1.68810077341566 1.64240024782926 1.60519908713205 1.5155994055279 1.59344565198468 1.62504871988174
0.976244374642938 0.143148848316388 -2.09897338337254 -2.27530991740202 -1.90705405185014 -1.83356814956134 -1.33926124041579 -1.28602766983394 -1.15722429239626 -0.999432191229358 -0.845625316889304 -1.27582104186546 -1.21836360231305 -1.05402697827369 -0.954008008911839 -1.56088541888367 -2.30744037155487 -2.12268335436818 -0.325938508061229 0.771230851152661 1.08802836890082 1.19169196516913 1.32109555915798 1.31822183824709 1.35578680964128 1.40047423369206 1.43144218623647 1.40813239621566 1.41998739891739 1.41229137024838 1.36337615720721 1.43667802253831 1.46751551213435 1.52529682821238 1.54483115370966 1.57714298261873 1.60594597168745 1.58216715672193 1.5545840660957 1.55588982000522 1.60842644970999 1.62837786971424 1.56650324775781 1.5134329711495 1.71804345445619 1.7108495148746 1.68687732480182 1.65559313508958 1.64771596990893 1.66519480093751 1.58513961917513 1.59788913666665
0.824916739139123 0.555495688026095 -0.916099053485571 -1.99547655608625 -2.06207335416766 -2.04433815064613 -1.47368944599085 -1.33242630380511 -1.25956751258026 -1.26788181748849 -1.45265339083782 -2.3624093131759 -1.90817137392015 -2.02493220254827 -2.04412551022915 -2.04917788757898 -1.86093803271838 -0.889091314032135 0.678894237051298 1.02885849875201 1.02218877950942 1.21459422516628 1.34018552331207 1.21048290858804 1.28557372109446 1.32592529768951 1.38664252928038 1.39641272078392 1.38245338386767 1.39853239979583 1.4363183731316 1.44483587233132 1.46190259237266 1.5045711205668 1.5190620024564 1.53006074709834 1.55165023130243 1.54104579306802 1.52727090162569 1.53749033152539 1.54208533530558 1.48298932453579 1.49954500525312 1.5061698593752 1.43156916269158 1.46504195399633 1.65723772162614 1.57907093992531 1.52044905806735 1.62027106315232 1.62161491507907 1.55094972294119
0.621235940211583 0.618799665351395 -0.477243229995873 -1.46456041917466 -1.71753879240695 -2.17590273314596 -1.55130153517696 -0.826337868104302 -1.02709862904763 -1.6539448248647 -1.80390416723485 -2.63271864597626 -1.54340804512104 -2.16664591702071 -1.6343229006206 -1.29971923374451 -0.555089003756803 0.404392591080144 0.879582246545136 1.09904951627813 0.952841086048855 1.29304693636331 1.29211941759608 1.24166235142703 1.16598035360462 1.15961079347072 1.27669279197074 1.3310109182759 1.31052074860692 1.34196490894172 1.35491812926608 1.42605054647511 1.43285658408212 1.41567750400947 1.42328346312835 1.4713974362955 1.51678571985923 1.48453070757687 1.45953902386595 1.45372330722197 1.50015106518425 1.41947773743075 1.45762894805453 1.39564805162616 1.32172471279123 1.37477991060443 1.26027799502402 1.29469437466864 1.54152829634791 1.26396426675018 1.38014256376703 1.39578781136792
0.669946867124921 0.53279575763652 -0.153645765191945 -1.92231743292719 -1.92714481715979 -2.38282470939743 -1.49568950780498 -0.715087075407339 -0.943798939701684 -1.49505230928663 -2.93101366441389 -3.2894753145809 -1.34706986702529 -1.65821011399956 -0.897367311715366 0.0151848179569798 0.48088718928343 0.884300838428657 0.973276236864631 1.07907800186139 1.09591428892184 1.08382508807148 1.2038761916807 1.18741025292456 1.13429358920754 1.17392165757177 1.29370130213062 1.29342202644113 1.29437920701727 1.21837336262913 1.29376841983262 1.29376685822201 1.24230535391342 1.25417797330612 1.31809227979613 1.34572508653893 1.35725236683125 1.35832410008769 1.35251241937771 1.36136359323931 1.39120002340719 1.4402188202236 1.44005202055139 1.41340893308031 1.23138346757354 1.29907115616541 1.20482603512391 1.30332408578248 1.33706110038785 1.28767410552233 1.24455143390371 1.32026613972497
0.53267758929044 0.524614691399546 0.323642742187585 -1.40539342560325 -2.10399075622146 -2.79105944343521 -1.15817545771749 -1.01623366722444 -1.0870982393526 -1.37419889498526 -2.14204519593187 -1.56867609182643 -0.669043514221149 -0.124576734857134 0.142723300103056 0.339527063344578 0.778259956971027 0.863913075235712 0.906739055347883 0.960147042183381 1.01257770592051 1.02540350019499 1.02752719171077 1.11027144088485 1.10103169037145 1.14566432210642 1.14895989022977 1.15788168877737 1.21286412336697 1.24038644015194 1.30590396605713 1.30076002980781 1.23694066605061 1.24783882542507 1.27036725922507 1.26910330138019 1.26043844401119 1.2976862154613 1.30082343748208 1.32486819253277 1.30862034685727 1.37684180536665 1.39190703750274 1.41744869283877 1.34384353974381 1.25154156871536 1.2485761841917 1.30522317355713 1.27634580332262 1.20763952129014 1.23992151149858 1.22798956200335
0.376535756407479 0.384360640727768 0.41765968731831 -0.716875048370075 -1.97414022163888 -2.68793002847203 -1.90371670250721 -1.74255756003335 -2.31956223246105 -2.30692472979742 -1.11739795232458 -0.644787472480617 -0.427263129319994 0.0272645570948073 0.302245225818002 0.564721382089264 0.701683508497747 0.858684446755367 0.926914371163779 0.997913300793371 1.04570600465227 1.0014460848034 1.04570419470462 1.03365049007074 1.02024005662308 1.01937621729545 1.05295739464845 1.05439830627434 1.06313934985738 1.15256592508212 1.19995881014709 1.15854837191486 1.13936078395837 1.17978021465865 1.2003605982616 1.25001968335244 1.23328730401864 1.26899734593836 1.20466359588301 1.25730565185068 1.2486254073674 1.31986149059377 1.34075334945267 1.29158763702487 1.2385595156938 1.24370567827939 1.22243157237491 1.1667378900763 1.15537271409847 1.09169290583644 1.14194098273994 1.23168751333297
0.157952042510967 0.0919715021275095 0.3377621960958 -0.44819658755014 -1.77909066244382 -2.75454329052362 -2.39949127500723 -2.27778282477138 -3.01604469703143 -4.10905967551699 -2.68221861374409 -0.700521095380357 -0.308792923418923 0.0972043450074322 0.417368036063316 0.606691116282056 0.708561427032365 0.744700189498828 0.861752570227032 0.905724178186439 0.979158513382157 1.00658221992989 1.06367107656027 0.953092572418992 0.908206857278236 0.919266081432597 0.915907589511352 0.856927369673461 0.909161977305877 0.969666454666039 1.04491765942911 1.09654226702351 1.12058963216691 1.12794287054499 1.18647425792224 1.16381430554389 1.18188979337286 1.18920948028237 1.1676231516133 1.18698080123474 1.23249424298603 1.22873446189678 1.18485482246299 1.16737098668694 1.09755648011749 1.11231589596437 1.14652934436614 1.16802805919827 1.0219163185269 0.764334595136768 1.07856559953671 0.984559924521616
0.0714318801667799 -0.0853187641176701 -0.237612606518804 -0.631653422628952 -1.42626936438865 -2.72407198818453 -2.80868598179206 -2.56097694054685 -2.09411239629608 -3.85323010803226 -2.99782900202066 -1.08043569070471 -0.365797082644689 0.0413822600393584 0.340848666164597 0.560636889412047 0.675914679433694 0.780447444620352 0.78639114862399 0.893869959403669 0.907520728165298 0.926654136057618 0.899889071746665 0.932336606539543 0.789577608202728 0.835697398083639 0.813827749995508 0.768895445118293 0.883876506823864 0.942449444292958 0.934557593037706 0.967165513055869 1.04243992969399 1.0658494431096 1.01917771326589 1.03387612771365 1.0597584186674 1.09628169020195 1.10124687821633 1.17563898862781 1.16499781160475 1.09562584802766 1.11269299074572 1.13093868917498 1.12281202097606 1.04854212871772 0.995231618376721 1.02863419906451 1.10233355125827 0.892460773462076 0.294656043560211 0.73177190898061
-0.102648910134428 -0.135625086734753 -0.515222177301005 -1.04651563914453 -1.05209613649041 -2.9362886125209 -3.16737462483399 -2.77499614091996 -3.33900339969502 -2.67167961938441 -1.87583626974922 -1.02872366205528 -0.394193767401107 0.0263934611183258 0.253214503601566 0.505100580663765 0.613588521447967 0.664545674496076 0.687701187814871 0.728355996549 0.765659385842144 0.810465040032636 0.842829244674044 0.809684136293696 0.787396863524855 0.736675887442079 0.723190629651738 0.713454476272314 0.778825468413656 0.838741620365337 0.884678199736273 0.92531098551078 0.911800876257574 0.904076340054617 0.991707886005894 1.02939008487557 1.0483015251924 1.059466803177 1.01524267187809 1.06101758358408 1.03122067814827 1.06858605675785 1.11166734763251 1.1343035073072 0.707048285164363 0.693039549483173 0.78343099326562 0.71933738195764 0.934138407789723 0.673739413604416 0.382520509460586 0.630360413128229
-0.29338734910859 -0.379412706266269 -1.3431071963289 -1.03187962792276 -0.850107017250532 -1.82815588252071 -3.05178422639472 -2.98150151827596 -3.61390379596138 -3.34770102914625 -2.64735882314032 -1.68978486107945 -0.478539542792987 -0.0777644820012403 0.312500709715921 0.420740610196569 0.517442901893734 0.670209292226392 0.664591385271455 0.709344153658358 0.724715992882888 0.799839998998995 0.77708991718765 0.797953919830434 0.780882041493972 0.783427833837142 0.838173972766054 0.699377786690777 0.746554076409402 0.761035739247418 0.822682694151947 0.808754976107603 0.901070337793179 0.919207476928965 0.941474714304568 0.958818410036511 1.00757187658141 1.06128436451039 1.045277492088 1.03307753190594 1.01918996160785 0.89928338144708 0.96849294464241 1.02506595983307 0.327840423118925 0.277667309447582 0.733290455579833 0.864122110250647 0.885232363660097 0.705748890842632 0.29389329885993 0.499713488308218
-0.528324628728468 -0.795361575431037 -2.0558972950517 -0.91916849986768 -0.841174323342743 -1.1451807961129 -1.85301509992957 -3.02555826297804 -3.65341672169932 -3.92593068964732 -3.7684993583134 -2.94523671768831 -0.828965008711389 0.0185670470585292 0.293002966642715 0.373357925185261 0.45282794251587 0.635293620184798 0.617182739289423 0.647453288006635 0.677007937673253 0.681787128945377 0.736805189887727 0.760297429936568 0.767885980277338 0.774360926801637 0.784090107458183 0.833546131929055 0.869996097114985 0.711812463462736 0.757830900912248 0.764560283178334 0.808972692472601 0.866412173904032 0.868882951030764 0.885555497359752 0.952760630770033 0.948405790958768 1.02409189250548 1.03564470676483 1.00577351318952 0.956915267621704 1.00964267066802 0.750755212280123 0.178618982025756 -0.379109767178066 0.371391859234936 0.637777935261678 0.608358495546491 0.34149207855546 -0.286793137558764 0.117124073870826
-1.14907095165081 -1.91069112331308 -2.24010708172904 -0.96831052874672 -1.18632273906511 -1.25874077605767 -0.836479835789748 -1.88469655544047 -3.494987476549 -3.45092413454741 -3.43626396462582 -3.33263554930654 -0.767092149057503 0.105761495346918 0.330488322825299 0.295333433209654 0.42796468688063 0.542205131943537 0.554318566000935 0.635647247152627 0.634344932970568 0.641786022359282 0.662265094208017 0.696856837344515 0.724950359167536 0.734089104619952 0.767177063207205 0.786675720210697 0.828510231069189 0.850544092976952 0.885290170122771 0.712204332215101 0.728280912092743 0.753558629800962 0.771040691534839 0.805953712711369 0.826161050230067 0.887642784072349 0.902606725102219 0.9075570607322 0.926529288894774 0.782020450161102 0.819370424719378 0.699220799859649 0.193982380204518 -0.110565464926126 0.197572644073561 0.440902760771015 0.469799389635636 0.0106427624650698 -0.55865046700338 -0.298196268839398
-1.69591455048152 -1.46715867565339 -1.9383297625245 -1.49007744622706 -1.46258488169487 -1.80594190331697 -1.46926905826793 -1.36268719621655 -2.9005417743344 -3.99744876101278 -3.13043953053772 -1.54781232415223 -0.194977671095331 0.264533063283016 0.464657325731497 0.430031356616761 0.475351132223919 0.405808950951051 0.489740031744303 0.519965993596085 0.533562285197083 0.554581330603543 0.579183157448321 0.603803366814328 0.615512702066511 0.656396740100532 0.682941496162102 0.689197447225323 0.725896078119293 0.747152746308539 0.803347607087278 0.824627960882542 0.822681478980735 0.858982054651411 0.677496000956662 0.804042745884372 0.802720331269719 0.863799431449977 0.834075748514227 0.755753640929858 0.659168271110785 0.513402306204881 0.282443424703209 0.62709360840828 0.294694515938846 0.203899086720723 0.329204060200862 0.40890429458043 0.328316507682066 0.229530082904708 -0.297346509368961 -0.678552726878176
-2.23040150431785 -1.97502469849955 -1.96054337258539 -1.97082882345052 -1.78849510213256 -2.47497418051794 -2.20850409271037 -1.5985895579734 -3.360559943575 -3.05373726593896 -3.31468162479844 -0.987999634534914 -0.0393714494849143 0.280041194929143 0.468068614832633 0.51847302011729 0.489575429815783 0.403453506291361 0.407569339601937 0.477533327969257 0.508927399777962 0.501202640919827 0.524547557500388 0.525547205616346 0.540719001308034 0.578069837802299 0.599869833497516 0.638399604055526 0.668404319021947 0.698809811722872 0.710438374740638 0.732975017937516 0.724794215080455 0.723407223384828 0.733789834914678 0.771753233455272 0.795655656850567 0.806506040447298 0.826706421564867 0.794007537180457 0.612831473618318 0.376540128692504 0.278382310434837 0.242521835793364 0.298713238467973 0.240164375190904 0.377582559909809 0.351828364610538 0.18991620526854 0.180331729166478 -0.0169850373117366 -0.850341074729347
-2.54587205798773 -2.15220218480252 -2.28936654892311 -1.77220553105669 -2.04765831095116 -2.96817934858719 -2.1975184778193 -2.40191442788451 -2.88201382931152 -2.48046147785175 -1.78787412425466 -1.32770848937194 -0.0502815194311669 0.127537489160231 0.444353908230911 0.440336783727755 0.355322254023353 0.355350907497113 0.3268936675756 0.333068486889099 0.393578233502318 0.432864873856238 0.444616811602953 0.53071797252531 0.547812577030018 0.553888960365363 0.582903517009583 0.611599405292514 0.596550225457343 0.606664704583821 0.603219207873726 0.653750818065232 0.659812545714311 0.677827628959184 0.711018404744602 0.735870820360145 0.768511815782572 0.69715506946531 0.711186580340489 0.648530312552591 0.609476322071407 0.288711618403467 0.0824864540316489 -0.40670985893224 0.000386928446747981 0.0935446627570853 0.150554179311502 0.0743130167586631 -0.109067379569609 -0.0203827250821446 -0.647610211332357 -1.23157890264306
-2.64885051571657 -2.3019236040085 -1.84950283393638 -1.81936589836452 -2.814631426577 -1.96117542602954 -2.51913237238852 -3.40104014445094 -1.78897860074842 -1.35313538169445 -0.874036968738925 -0.42178602313522 0.135190779214983 0.222023377116534 0.375030674676187 0.433046163183154 0.324359816956418 0.300841631665277 0.314003927028092 0.334679830850778 0.331530414503635 0.329506263621579 0.37550270503065 0.528242822550796 0.439774446872403 0.512694071986421 0.509734893661056 0.513934565325294 0.504257873489633 0.498086820203387 0.525805630256408 0.545166865783209 0.561568782904271 0.589325551518696 0.628522232747845 0.661160625996356 0.579010984726979 0.412734021005392 0.495256764923352 0.466209323679593 0.391653692094515 0.222617112888726 -0.0138591142928204 -0.172947824047614 -0.411157823903859 -0.00594052024221833 -0.759596305651389 -0.662860264480885 -0.177176207041421 -0.135986967179356 -0.863482002829371 -1.35414224702277
