data/pcas/pcas_mc_126/pca_referenceLayers_mc_126/PC02.asc
NCOLS 494 
NROWS 529 
XLLCORNER -117.166666666667 
YLLCORNER -55.5 
CELLSIZE 0.166666666666667 
NODATA_value -3.4e+38 
[rows 437 to 459 of 529, columns 260 to 311 of 494]
-3.4e+38 -4.15336725687171 -3.90118116527758 -3.11873966245028 -2.65095606535866 -2.41782516773141 -2.74670373169785 -3.03380153647472 -3.29665657439017 -3.57240089081089 -3.66576146610756 -3.65531132246049 -3.524847551178 -3.15769679068469 -2.82163298664887 -2.81058849477771 -1.92565638171265 -1.30819089886787 -1.00137585940283 -0.955247096109654 -0.988544823984417 -0.798262001313309 -0.684508421739572 -0.877174655437247 -0.955259292275496 -1.05041909050525 -1.05144947117413 -1.07161281483443 -0.965193738880297 -0.903580109911029 -0.859883299980598 -0.495450452198455 -0.422276646407665 -0.349859996118186 -0.234111651207934 -0.162090781520002 -0.0153789347681659 0.0796145045272502 0.150406816548289 -0.120410246650242 -0.115488142613658 -0.0751110053983683 -0.0200906975160085 -0.00877358010973417 0.0183700944007766 -0.00200398180068945 -0.11354065540833 -0.100799290480389 -0.0233048259579051 -0.0346278993940485 0.0477471821008818 0.00278067310003632
-3.4e+38 -4.1798203588689 -3.26709871220433 -2.78159877119111 -2.45003024718668 -2.37516135813576 -2.71373881509038 -3.24720783620257 -3.97465486299553 -4.11951403148918 -3.9318494049572 -3.74904469977343 -3.50485190723295 -3.18749550764451 -2.9042342643683 -2.5210389693738 -1.99210661627907 -1.32950219285801 -1.04081708492441 -1.09329508676247 -1.03660259604849 -0.836782444449505 -0.831800944430479 -1.0318816330179 -1.21314295726667 -1.24309050245702 -1.26962614432719 -1.3031406318205 -1.21235943636541 -1.07787515613951 -1.09583074910718 -0.678356983163166 -0.575053111429254 -0.727186543999393 -0.382812178873901 -0.245374130821616 -0.128136893152356 -0.0168088791079529 0.0910247666538289 -0.219041043436744 -0.166045096389084 -0.104991093242146 -0.0663459497144305 -0.0253604508924335 0.0249961171281747 0.00183218688021339 -0.099842488487491 -0.167539791423921 -0.125497791771134 -0.134363941824625 -0.132530660133602 -0.366172277669552
-3.4e+38 -3.8591777619372 -3.27793918691877 -2.87363558296782 -2.59693381483908 -2.63557008921274 -2.918752722865 -3.40377154342786 -4.00763722527551 -4.21224049671633 -4.05157526997645 -3.78823613111221 -3.41916652314931 -3.17752464751252 -2.83818961336945 -2.51520196837691 -2.0739924873138 -1.4029595281118 -1.10850423153247 -0.984721659619729 -0.943012532035085 -0.860515304222455 -0.940523325870356 -1.23076050863826 -1.32317029204174 -1.28560249896899 -1.25769352607241 -1.24339610395268 -1.20260400974372 -1.17994945378078 -1.25677225559424 -0.682857286631891 -0.590274901879553 -0.556928076211169 -0.460403545088899 -0.271237520821432 -0.160563894765679 -0.0666262967204846 -0.341868486669916 -0.303478957213651 -0.204871504576002 -0.178427541318497 -0.127755616270021 -0.0837931665735558 -0.086229359853254 -0.10424605841327 -0.113878995566027 -0.20846340971843 -0.0418598664460547 -0.0960838688184663 -0.119198463704452 -0.112328230959894
-4.25929044955785 -4.17741324599957 -3.49193490609067 -2.98937552623677 -2.79521870031434 -2.85217658455537 -3.18420628548686 -3.57349829337916 -4.08196984388768 -4.33577544369236 -4.0822484235868 -3.79913914440677 -3.41380524546943 -3.16228632529565 -3.03816371543057 -2.40995577343118 -1.8538730751448 -1.59560725290553 -1.32059786778026 -1.25254868406618 -1.10308952202108 -0.871871180960926 -1.0205270356422 -1.25738836322921 -1.24878308704844 -1.13467984226296 -1.09950147497386 -1.13025690786971 -1.20634394555357 -1.25847220798751 -1.25670220494857 -0.971768482410049 -0.542775996305932 -0.444418375096268 -0.320874045475728 -0.289939679446816 -0.241008035855434 -0.175375936640607 -0.0862793564672441 -0.252690846351359 -0.362010794664144 -0.320475704569222 -0.302945521041276 -0.245409424600367 -0.215004464517138 -0.251142162200337 -0.199169732768873 -0.213978589129224 -0.086303592608409 -0.147709962033483 -0.21270435403083 -0.206865010160488
-4.68855653867389 -4.17544751613529 -3.52111551759796 -3.11571109596473 -2.98759153915226 -3.10170669365391 -3.41204053480523 -3.97903697657433 -4.49163848255601 -4.6267735863412 -4.41862092563995 -3.98387211798495 -3.56460611339327 -2.91438065414018 -2.79002455689349 -2.56432765791684 -1.78451817794935 -1.72011143095943 -1.46040882621655 -1.33982703779006 -1.40661155317526 -0.966963834449077 -1.14126949867014 -1.28306535052321 -1.13738844405692 -1.04100848441105 -0.963605504091606 -0.933758141741099 -1.19478534122608 -1.52252395123482 -1.42841930908433 -1.10685610044715 -0.541745280223131 -0.44617217354391 -0.386913744875646 -0.355488888921739 -0.294826068193115 -0.28601286015163 -0.411265585086014 -0.352642768188327 -0.365226855445328 -0.356877087700125 -0.339815653223961 -0.255547928876899 -0.253581591540873 -0.205668656279343 -0.199484341029421 -0.195976551029712 -0.171681488451801 -0.200715530037739 -0.239735323743805 -0.293442979350969
-4.61984363943552 -3.96631783876145 -3.67411998561362 -3.4029024195971 -3.27417240745728 -3.35490526825084 -3.45929334555516 -4.20546803095715 -4.66255492254576 -5.01465792157419 -4.82382881777604 -4.25767442977726 -3.57542004370676 -3.12735015775919 -2.53326713416744 -2.1907283158451 -1.75227179686469 -1.65384607493134 -1.52596727609513 -1.33360553927878 -1.16034433785146 -1.0841129304447 -1.25932848653703 -1.28514520831472 -1.29123597682334 -1.06093133342986 -0.841515947589366 -0.788126311157951 -1.16685107459393 -1.14171103662991 -1.08054119999043 -1.03316502021852 -0.593710521821646 -0.49575446103727 -0.472497070164425 -0.420930830886947 -0.383148823467914 -0.623382209654467 -0.619647092777533 -0.709442326732371 -0.729221491678748 -0.645351712781329 -0.591819051206514 -0.529586199420008 -0.466741008623001 -0.400531746702323 -0.316760678193075 -0.262687331368066 -0.232064428610364 -0.245270343775258 -0.272452988403596 -0.302081713179408
-4.61151058484269 -4.19303059282989 -3.88266872345458 -3.7381553831651 -3.63988523695022 -3.71174266266679 -3.90403263568055 -4.21139772357151 -4.59733855173738 -4.870047843857 -4.56240693759523 -4.05173305476452 -3.57546936776419 -3.35164839192197 -3.07355384514902 -2.41503009784474 -1.84714929573501 -1.66942239007312 -1.55972056068425 -1.44009082863279 -1.17695714522061 -1.207225379527 -1.2851648432585 -1.19229222017275 -1.18150562503561 -1.00512310919133 -0.885012022500298 -0.867151366881969 -1.05680326733123 -0.853936148915101 -0.891291908275737 -0.908343275636312 -1.01410915304762 -0.995426861737499 -1.05828880194306 -0.711489749503851 -0.98937057803066 -1.01815240466249 -0.958539817152782 -0.977510411181842 -1.03315611611096 -1.08864130290907 -1.02677044934164 -0.86772792302891 -0.69271009681017 -0.529103781197649 -0.477584985631635 -0.415114007706567 -0.332122835938772 -0.308515135500331 -0.352603356025906 -0.345842546580938
-4.66415849559605 -4.38422022901973 -4.10862406403078 -3.93151442385728 -3.92756825202055 -3.945566064993 -4.23006775919145 -4.65735417366165 -4.77280426295034 -4.64375441928702 -4.3570915457559 -3.9400853410903 -3.55209984417384 -3.23991428486455 -3.06494082119443 -2.88145248786339 -2.13431144907687 -1.68427743395919 -1.40921280464072 -1.43313474497744 -1.43014403395666 -1.61548392479661 -1.46176064490018 -1.14663837773905 -1.02246734082042 -1.13446336049857 -0.919986604935761 -0.996490622489989 -1.07009946356822 -1.24043175628283 -0.908127275579667 -0.948455145238624 -1.05972419108886 -1.0586473349788 -0.990616805499153 -1.07621710240429 -1.04229666584644 -1.03597512839336 -1.07536798506677 -1.12287048010911 -1.30156200121158 -1.41893499183361 -1.21313538354276 -0.981848060748952 -0.767432219651626 -0.64168437426755 -0.510338532067481 -0.474115933243968 -0.401972453623316 -0.40414114171991 -0.376953884610506 -0.37406480379135
-3.4e+38 -4.49727343391323 -4.30878159452164 -4.19442880082471 -3.4e+38 -3.4e+38 -3.4e+38 -4.74425774107795 -4.67571134597675 -4.47340712941118 -4.25296477272598 -3.87562895045368 -3.56369606573399 -2.94201704671975 -2.80645579110411 -2.92389209327111 -2.50361001745718 -1.87874040043273 -1.45887723401233 -1.2503738550359 -1.34359300556731 -1.42461356490425 -1.51400882164053 -1.33527324748223 -1.27411178074722 -1.42092592926246 -1.16739266708291 -1.28378902462985 -1.48630185278445 -1.38640261941806 -1.24560405182596 -1.31492757154633 -1.45281065541364 -1.0919256985714 -0.953778689863127 -0.924405308392063 -0.940949909876711 -1.14888133546314 -1.15644444096576 -1.18076673628933 -1.29913445813784 -1.31685997436207 -1.12939152975281 -0.946351108053982 -0.75151871531155 -0.640563474664997 -0.524304254810441 -0.477207848423116 -0.466446214179756 -0.464205979344825 -0.468852199903365 -0.599838825228966
-3.4e+38 -4.73912588142296 -3.4e+38 -3.4e+38 -3.4e+38 -3.4e+38 -3.4e+38 -4.64963152559192 -4.57065351077887 -4.40855032846795 -4.00378747210375 -3.75558685298495 -3.61090416616476 -2.99078152574014 -2.76415620325959 -2.91220764266663 -2.36445218715206 -1.67259566967973 -1.38745162538099 -1.19603975165161 -1.19120693925613 -1.29517194444185 -1.22290419304214 -1.37364483985998 -1.38754841210993 -1.40226617523782 -1.30667850368823 -1.4676986001701 -1.73405511398964 -1.53467625455811 -1.41464037518485 -1.37046957308627 -1.55261937916453 -1.65442220761307 -1.23057926854696 -1.14592447681402 -1.14182172852548 -1.0704661805404 -1.10451876619173 -0.832019117786346 -0.89670709477715 -1.06104886460189 -0.971373615222428 -0.792339044329649 -0.746338129291187 -0.670994364968701 -0.624103896182419 -0.604170991817817 -0.554013458967001 -0.573819627138037 -0.556936809016888 -0.528067586366127
-5.35275016923267 -5.02823043863849 -3.4e+38 -3.4e+38 -3.4e+38 -3.4e+38 -4.52623747350461 -4.72123094897374 -4.4856124717417 -4.58743668163928 -4.15154218284105 -3.3847486162121 -3.65084262577131 -2.56106542090548 -2.47132749133897 -2.23917862583254 -1.61135426435944 -1.38508860419411 -1.21043809048622 -1.19515048201349 -1.05908304232309 -1.0568391505912 -1.05116823147543 -1.11422494687738 -1.38577057727189 -1.33534427570183 -1.45158015911514 -1.60599258357345 -1.56877072960566 -1.45374726884503 -1.55300086506671 -1.44551864072937 -1.51032353862011 -1.83808636459493 -1.67947266040583 -1.2746869080092 -1.2739530088058 -1.1204107662992 -1.05497788735225 -0.948550144350663 -0.843414831014449 -0.823147375294053 -0.671325537566255 -0.662766879362459 -0.715184689449401 -0.626559110696018 -0.591733651679719 -0.579096608702631 -0.533560208520703 -0.579935346689315 -0.54001431267356 -0.638345833664287
-5.34620667886788 -5.25192939354761 -3.4e+38 -3.4e+38 -3.4e+38 -3.4e+38 -3.4e+38 -3.4e+38 -4.52370137636007 -4.56332080940366 -4.26218617663893 -3.53147348239392 -3.26911399794268 -2.15682467913303 -2.52529778910291 -2.15129270458874 -1.83425191742212 -1.36507126404737 -1.07275817666542 -1.02475041734417 -1.01454286295242 -1.18653115237592 -1.01569883801694 -0.957269484916991 -1.13686418551536 -1.22850654814653 -1.56480692393414 -1.74499981587176 -1.60856200959794 -1.70856707838352 -1.94937513620084 -1.83996648810457 -1.75430373997791 -1.86085187928722 -1.76758870525812 -1.58222132598107 -1.20558348074302 -1.32551796385113 -1.04712044876053 -0.797695580441352 -0.911516487399939 -0.751241192330385 -0.641189636662682 -0.684700719032957 -0.6972221692244 -0.659521645369167 -0.753500512670156 -0.730067123981653 -0.736293313138197 -0.699871907603059 -0.664547757820347 -0.643750082807307
-5.35842374689473 -5.25377461536327 -5.12369176331876 -3.4e+38 -3.4e+38 -3.4e+38 -3.4e+38 -3.4e+38 -3.4e+38 -4.4092316399474 -4.25165246587694 -3.55984986632329 -3.06120968773847 -2.99414873829369 -2.34880679986685 -1.61847931214268 -1.61603113661661 -1.29377786983278 -1.13539811339603 -0.931474403893262 -0.940969336194899 -1.13049926550725 -1.17235584328648 -1.05722348662504 -1.07197304823255 -0.992949260054971 -1.16332673505022 -1.36336034846365 -1.68545991654405 -1.65947972923314 -1.64943214636545 -1.81484241461373 -1.70550083230887 -1.79812501505845 -1.90129164284641 -1.58533673761883 -1.19238108779874 -1.11307374741458 -0.975936751253573 -0.853278644050082 -0.776440229391138 -0.804206072736841 -0.915360999260793 -0.838023463517342 -0.802450104914346 -0.782285298537185 -0.702005231678272 -0.667532170174336 -0.688058899235941 -0.670550572538362 -0.620695878487441 -0.622004567207341
-5.20805375279726 -5.19923271635842 -3.4e+38 -3.4e+38 -3.4e+38 -3.4e+38 -3.4e+38 -4.89130697872631 -4.54738695741474 -4.33584445955672 -4.41066824102942 -3.96416427762243 -3.43131980025211 -2.89886819746958 -2.08979156600269 -2.18943010892574 -1.59811513234286 -1.52188002982858 -1.11169163581432 -0.844092471868028 -1.01967679462121 -1.32364618437603 -1.39508247359961 -1.11368634777639 -1.05449456978444 -1.17288486390273 -1.09716328469637 -1.10804535732103 -1.37416152209315 -1.60973887022203 -1.37230101942737 -1.36336837770006 -1.30487386053215 -1.41543007154162 -1.50852676680237 -1.38072497734656 -1.4532354533537 -1.58684296969663 -0.943556893178243 -0.801011786259798 -0.93052883445006 -0.899563622928443 -0.965889308516335 -0.854833145705913 -0.819624325911645 -0.698663250090376 -0.591330486225812 -0.626246852724541 -0.650769483769469 -0.645225910722122 -0.596579962678551 -0.630238527280328
-5.2043321239018 -3.4e+38 -3.4e+38 -3.4e+38 -3.4e+38 -3.4e+38 -5.05742691346219 -4.90748297269545 -4.67949573318981 -4.53492848350044 -4.34183566466294 -3.90966840291889 -3.54425377667122 -2.89913215824499 -2.53226985471112 -2.62992074956615 -1.69533472589267 -1.44106406909376 -1.18798865149739 -0.81587281446041 -0.864261538273258 -1.07181511055226 -1.00839845338458 -0.948294402080486 -0.806483612967566 -1.15192027793706 -1.04654099125161 -1.04441517978912 -1.23759148104589 -1.43252581810805 -1.50907250202941 -1.34916812739908 -1.2225026520991 -1.22674007373833 -1.25279501208035 -1.41809429299797 -1.64795114825913 -1.50270222755913 -1.14929692951903 -0.998067598608338 -0.863486945485352 -0.576671583339731 -0.632919952629262 -0.801252813917026 -0.600956463103702 -0.574278790787907 -0.601016297105353 -0.575952226026988 -0.577412454661692 -0.624066916768543 -0.598996706930871 -0.676487562906644
-5.46307463824487 -3.4e+38 -3.4e+38 -3.4e+38 -3.4e+38 -3.4e+38 -5.15522375206654 -5.05535214587419 -4.94922313524372 -4.5664260727428 -4.33902885381657 -3.91644300612438 -3.49296983257642 -3.30889209234761 -2.64259244500732 -2.8928579695813 -1.80241038009073 -1.40649088037182 -1.21077873392138 -0.898988349441725 -1.08587253132874 -1.19715925668625 -1.07221420900162 -1.23237413480502 -0.815425865053294 -0.832976588531612 -1.22147095050537 -1.15531744577775 -1.23935074850127 -1.33023630221572 -1.59338155163461 -1.57553343086528 -1.55449564120312 -1.51820163855049 -1.57876337746043 -1.6025500538146 -1.42201687585555 -1.1964704322127 -0.905692042245644 -0.66865979732062 -0.429858477568146 -0.38789251865189 -0.41148508768266 -0.507466817622264 -0.663871058707585 -0.722950551824171 -0.515497716952584 -0.58920814037848 -0.623394308204157 -0.633134241671722 -0.657787074742162 -0.705282333555949
-5.68009295640171 -5.56321641282752 -3.4e+38 -3.4e+38 -3.4e+38 -3.4e+38 -3.4e+38 -5.17425400934619 -4.93731617219651 -4.71943746532945 -4.3939596209531 -4.16316800290992 -3.66719006339088 -3.10554939825393 -2.36196600019958 -2.33699806566859 -1.6829710995298 -1.7404922170668 -1.28217242047114 -0.908750606933568 -0.9406283442709 -1.03418080871684 -1.2446017000827 -1.3138514325045 -1.3065538870245 -1.08317981903168 -0.88202288248128 -1.23574622486952 -1.2292314968663 -1.15546577084778 -1.05666186211506 -1.18678511560295 -1.53038608312857 -1.52356202228785 -1.30218561815607 -1.13609567516244 -1.03657246396686 -0.907284004587263 -0.653857523752962 -0.424939533984583 -0.365603979289422 -0.35619426356545 -0.402757391920631 -0.447152448009189 -0.554189485184775 -0.71592976440666 -0.732859423313802 -0.777599118202575 -0.680589862095255 -0.529430048952115 -0.737357853140273 -0.742478308063613
-5.85142038908487 -5.69747662063348 -3.4e+38 -3.4e+38 -3.4e+38 -3.4e+38 -5.44724021644717 -5.24907883478292 -4.93851607855794 -4.80863169860422 -4.42113950678107 -4.07989354198563 -3.65600886841763 -3.12594356396309 -2.3377939371678 -2.2490255469149 -1.78556236934585 -1.56251370451187 -1.43220411196074 -1.08389057293661 -0.961480823252123 -0.993733806690013 -1.17057166037416 -1.27866658242471 -1.30274109723617 -1.35020986728718 -1.16935767221481 -0.776998563352069 -0.87295126128481 -1.04630950872029 -0.97064127204234 -1.09348759641604 -1.34369301355494 -1.10724930378992 -1.07858511160998 -0.929397899845207 -0.898207922102782 -0.687170214667491 -0.411966147087973 -0.418037165833549 -0.419624748393776 -0.437875909029189 -0.488510117675585 -0.575370614708516 -0.73224289832004 -0.763664891767624 -0.792780644097924 -0.806356163585504 -0.658803362745234 -0.686217656366696 -0.573639894322198 -0.784961722206543
-6.07404805241478 -3.4e+38 -3.4e+38 -3.4e+38 -3.4e+38 -3.4e+38 -5.52533017430648 -5.39750160604238 -5.05735107322741 -4.79446253664585 -4.52512554374176 -4.06120347618709 -3.85573591911143 -3.10125282497899 -2.64882740505529 -2.73590802297443 -2.11467816529657 -1.62877052795351 -1.76100135512236 -1.32813463245484 -1.05891539012537 -1.13143471780922 -1.31941075475687 -1.11595541473526 -1.27461802807663 -1.54815753526683 -1.42433334592773 -0.780001811447441 -0.743172897776507 -0.933265560792731 -0.889443086207281 -0.803670878349303 -1.09085475361297 -0.858709793680711 -0.64552079701802 -0.600738264341623 -0.474403472052997 -0.38924314181598 -0.513959468650904 -0.530236665406289 -0.561191196242156 -0.613604445543079 -0.630030239921059 -0.692759324466502 -0.772963838309231 -0.809206858336313 -0.842942177413205 -0.835751594051155 -0.691943152659453 -0.707056993190594 -0.762939566052663 -0.801975594846846
-3.4e+38 -3.4e+38 -3.4e+38 -3.4e+38 -3.4e+38 -5.7853050088185 -5.64445133226872 -5.45688383067518 -5.19499651162124 -4.83896641321872 -4.48259759776494 -4.21335622071467 -3.81776849821985 -3.13219557725253 -2.96058570804296 -2.88901549076352 -2.40520826447507 -1.60484424613466 -1.67781144803287 -1.43139493676274 -1.19240475828462 -1.39227217698544 -1.46554681824574 -1.17873799963539 -1.07585655260028 -1.40439101171707 -1.30027942375593 -0.779692714552071 -0.773883009700139 -1.15075809005258 -0.894064734678833 -0.715752919935641 -0.677289809384456 -0.695540162286528 -0.611663008418738 -0.648255796825146 -0.543745516525437 -0.557102682269563 -0.575371881746518 -0.671531881100391 -0.679187071418618 -0.691750156684179 -0.718425279028938 -0.758323003200644 -0.814859752060427 -0.837458492017229 -0.816530590555919 -0.8177758169749 -0.935747276988911 -0.823448158182629 -0.91423182495088 -0.919703311533296
-3.4e+38 -3.4e+38 -3.4e+38 -3.4e+38 -3.4e+38 -5.86559753249622 -5.65297934082827 -5.51568630395767 -5.20693540796097 -4.91430937578503 -4.41587204729248 -4.09587659519975 -3.5884354529607 -3.35474260548597 -2.86185984637125 -2.54418690425458 -2.08484664712167 -1.7272334857418 -1.75567133258623 -1.50166448963023 -1.3222814685342 -1.17485511416398 -1.13677536399727 -1.02512950827611 -1.03125802004002 -1.30063378173371 -1.37625395677507 -1.04428311173758 -0.729195505671666 -0.611168077455422 -0.736363728065351 -0.809625643770551 -0.710909301991017 -0.669019992204904 -0.672869329501112 -0.755244185512649 -0.774268435348712 -0.674722817772688 -0.631976735336066 -0.787900091351727 -0.809086367650826 -0.82233673452938 -0.795875513715893 -0.805398946812045 -0.876216974759832 -0.803409541108467 -0.773616197506899 -0.975750698577634 -1.05578084779336 -0.964545216396008 -0.990401530361088 -3.4e+38
-3.4e+38 -3.4e+38 -3.4e+38 -3.4e+38 -3.4e+38 -5.99760693602066 -5.77833401609982 -5.54685882964614 -5.22352038394161 -4.86069471785701 -4.5650621752889 -4.24372947261317 -3.74724081219841 -3.74526731265966 -3.00305997401435 -2.28218883429356 -2.1374838019669 -1.86679095795444 -2.01538100680968 -1.61224477031557 -1.3254181057899 -1.12867240231323 -1.13558284742102 -1.05466382855867 -0.907602970491443 -1.03119092208032 -1.18198501436769 -0.989460960368409 -0.823799946568969 -0.559574948792899 -0.608059009454529 -0.605182874444544 -0.802329576762928 -0.738751599980922 -0.70402237525591 -0.645163812669547 -0.81055491537652 -0.558197471351172 -0.577078045254018 -0.825544757760263 -1.07014501301408 -0.974643312746395 -0.985352568899293 -0.927475803948763 -0.952208288845907 -1.03313534340465 -1.07699199122427 -1.10783258307287 -1.14788047920519 -1.1730304615592 -1.17894311523705 -3.4e+38
-3.4e+38 -3.4e+38 -3.4e+38 -3.4e+38 -3.4e+38 -6.08838208037603 -5.82840611725116 -5.56461764151412 -5.15470247276825 -4.87719250284274 -4.6578698928607 -4.41456710014074 -4.00589349957627 -3.52442340683754 -2.85128260721008 -2.4791552730141 -2.19036526889319 -1.97014809570033 -2.01249442806179 -1.48277172097736 -1.44203128928672 -1.44871322652394 -1.4160322805052 -1.33802783728058 -1.01049167010851 -1.1320959656363 -1.12302710670854 -0.85324032833288 -0.749167214205784 -0.704395406675195 -0.660245747010363 -0.724546187388027 -0.780525091995122 -0.782429535099172 -0.798215306976039 -0.883486392707329 -0.831458928730607 -0.674538477404181 -0.713115865029067 -0.75213856742973 -0.920934619443741 -0.991774796209441 -0.979269677958328 -0.980241411559148 -1.0116365214702 -1.09301208442706 -1.16226060180016 -1.19782183747003 -1.21934006738881 -1.26553748908117 -1.28106555103398 -3.4e+38
