data/pcas/pcas_mc_126/pca_referenceLayers_mc_126/PC02.asc
NCOLS 494 
NROWS 529 
XLLCORNER -117.166666666667 
YLLCORNER -55.5 
CELLSIZE 0.166666666666667 
NODATA_value -3.4e+38 
[rows 299 to 321 of 529, columns 312 to 363 of 494]
-1.62285232676722 -1.25662328057262 -0.93461499706966 -0.683910515284024 -0.460205587917409 -0.180140090861228 0.0391651741309879 0.271241618618422 0.510433866463957 0.732046644532084 0.991820811243668 1.18740514204288 1.32388525167438 1.47542949380544 1.56273652928079 1.65580227828747 1.76856143315425 1.87529373555474 1.96322171498925 2.0186687130047 2.03524249157772 2.05623971266704 2.03477710807348 2.04478811241412 2.04217986995761 1.99378139213566 1.89683201085242 1.80328349141952 1.63363890023281 1.46618877648132 1.25842218050246 1.19600744934853 1.31765915831 1.5248775424234 1.67350826526715 1.69989883689654 1.90722033610714 1.98156173662408 2.08099491726598 2.139211974196 2.20642861043436 2.20379615761222 2.22985025105517 2.2286208446262 2.14915204646232 2.05989065362713 2.03443543507233 2.05744633277771 2.05148285065358 2.0183241644701 1.99673472386478 2.00148996601579
-1.22332579532615 -0.990515771536858 -0.582297729340001 -0.321149751870619 -0.168405509335819 -0.024673963775951 0.186517465392191 0.370432999876602 0.529319270744928 0.727509573933736 0.963596217122089 1.08623398402655 1.2231761764212 1.43036912511658 1.5315533904947 1.66924042372172 1.78544084954891 1.87378085447427 1.96964699357877 2.05657356455045 2.07547099514661 2.100276645399 2.12469139994003 2.09619917691934 2.07990569820516 1.99978841735155 1.96239142223986 1.89326594252351 1.70938903818347 1.51948040067251 1.2940387998509 1.17629802606523 1.22517718423526 1.44688544669853 1.64604253616337 1.65482525752538 1.8598361870637 1.97482652759311 2.07714237670891 2.10911482378104 2.20530400724366 2.2002349550502 2.13544770534523 2.11022348534279 2.04695055165029 2.02760385650976 2.03980561447556 2.04813578129637 2.01333328219095 1.98558107740687 1.9781418230104 2.00574117298248
-0.133784578976838 -0.317034830966607 -0.0983536923169193 0.0965270564813574 0.207841251828879 0.33103847140889 0.373924198001379 0.4575452950953 0.531915321102451 0.704488643134118 0.854727507396358 0.990631095042317 1.19192731767206 1.38741265050523 1.51347632148043 1.70609110822864 1.83100946676743 1.91283571306748 1.97385892015374 2.05839854624166 2.10359764294257 2.12812121723477 2.09740536336323 2.13712175886079 2.13092135059302 2.12030861645836 2.05523745267013 1.96930913596322 1.84014323340038 1.59335132987022 1.49898860372788 1.45738807799893 1.41449247153281 1.58554598525615 1.66381416920976 1.64603801801909 1.83775488556261 1.97943530175055 2.058939768006 2.07795469360501 2.14338417290331 2.13737684216911 2.12582383382081 2.09659556827933 2.00456709084918 1.99504351235668 2.05421604296869 2.07064701478898 2.0045740940857 2.0057554542943 2.02582898841615 2.00354297425601
1.03775437364578 1.02209340107511 0.350450486812985 0.278674662068118 0.214134498947501 0.454096668730249 0.700490179578305 0.648936051363353 0.647475259871569 0.708489058678959 0.789296956432771 0.8711162602101 1.08056087134129 1.36122782162146 1.53023036949382 1.73546683174789 1.85168790850351 1.96614798190594 2.00029690979516 2.07421371039412 2.14382502114227 2.20876255820738 2.20359531140041 2.17719921772313 2.119879484182 2.11198875631447 2.10068509427894 2.02449308873122 1.91076315167965 1.76929006624051 1.69788896020133 1.69458448061311 1.56504563169562 1.58279846674118 1.64358863161485 1.65855428909692 1.78377585596637 1.93063694360575 2.04501011680808 2.03954689500444 2.10413457844736 2.10284241579255 2.09221412816611 2.07713594172203 2.03245681850028 2.00643054837885 2.03174955806594 2.03642210927321 2.00414988696964 2.07787856834924 2.06956171090771 2.01763525637518
1.50535283140859 1.49864538048247 1.29114398975314 1.15595124817305 0.998691757228671 1.02077995016485 0.970300214140561 0.743272287310795 0.829276246517163 0.809024884335276 0.961040254353167 1.01626988137043 1.19357021404445 1.43530752714287 1.60498119680298 1.79951972676341 1.91908113457614 2.00841432910588 2.06037742585583 2.1361535098814 2.18792840882331 2.21598887743272 2.20860933954993 2.21669948927315 2.19329860207571 2.11195889577052 2.01699391363802 1.95870853829733 1.91221708678024 1.88264679483819 1.82093615444007 1.83322650831635 1.87804578062617 1.70291741623545 1.50622312743167 1.50071250564753 1.4787512600287 1.72026016985338 1.98739482121449 1.99795547942061 2.1213912504911 2.11025729322503 2.08452768810229 2.06342334089034 2.07929902053428 1.90872479227159 2.0118862741514 2.01366975589527 2.0499551797482 2.07011300848411 2.04088693759508 2.02428013483883
1.73605046189482 1.74114617513489 1.76110081070681 1.76594655820689 1.68409311622421 1.44331903921058 1.33114892738052 0.922866204344032 0.927054951902022 1.02731973522353 1.19122005324039 1.29379309945527 1.50423058563849 1.63309743228228 1.73015299941293 1.90285941383502 2.00673425057811 2.07503098019778 2.1517930159385 2.22856862969564 2.24150924310961 2.28149494489079 2.28999863896708 2.27128220260613 2.27411293826186 2.22310414870794 2.13018644295508 2.04251300260191 1.95919452643011 1.85977701321403 1.83086196188781 1.85400845165493 2.02577603140372 2.04023586736717 1.96087140666899 1.88728081632122 1.80762970307264 1.78772983917465 1.98721002342484 2.0164312973923 2.04292788875133 2.03175702336731 2.08189499942532 2.01049773433166 1.95303916179269 1.964050358065 1.98630832810744 2.01220061492311 1.99226311365854 1.99431696854598 1.97255732621623 1.94681614437981
1.47525329923286 1.68381479692289 1.6027780053985 1.44293062334411 1.62141866019004 1.04321535379703 1.1717820667286 1.09706558296952 1.05894514184859 1.19783441649996 1.37676372053299 1.60693418030895 1.79705721002721 1.81431064089775 1.92046301358779 2.0170152531297 2.08073459502524 2.17554928907189 2.21730489306136 2.27138852752004 2.31634563251365 2.32424479330744 2.33949531558228 2.34366448629604 2.3359929562714 2.29786836300221 2.26152972740726 2.17943748681634 2.13029058849022 2.11353162210615 1.96992725369696 2.07727979821586 1.84530526321387 1.98614075546506 2.18969540122022 2.16155494362984 2.12179320307755 1.86962962352446 1.8685603401805 1.97967772926042 1.9476535816442 1.99915014056711 2.05623265162378 1.97416215175491 1.93726666103251 1.98652213826441 1.98462157358938 1.91639255965935 1.86019525004401 1.77051488954371 1.72831017521356 1.71358103394736
1.32993016912253 1.57431544531508 1.45345707694646 1.35414910317 1.40523491931119 1.09968021716388 1.12212139952745 0.666362492113785 0.960477048384505 1.18160167676542 1.55890595430534 1.79576691782277 2.05368334063942 2.05912435531817 2.11405730567879 2.16395596571416 2.20316522035361 2.25966696864267 2.27740740324694 2.33645537960206 2.38652749657594 2.38669652639564 2.3904773644182 2.41321582934386 2.40104352568767 2.37894226474913 2.32328004122144 2.24628079005331 2.18677964660263 2.2424219991242 2.13734462287672 2.26919648643637 2.30395797903131 2.13365504863526 2.12303662690747 2.14512387678803 2.26751905363244 2.18866415283859 2.0261377119901 1.9667057933871 1.95249109296999 1.89953553108076 1.88781366046654 1.93930545495617 1.97019702064575 2.03982050805056 1.97634878803089 1.9125931598535 1.89523977153492 1.83775121478079 1.84414979190785 1.83321662801144
1.48946211408926 1.45499225106682 1.79227737725306 1.71631692968889 1.62203383185187 1.56137397875531 0.756128562389916 0.69989885490509 1.07680831397371 1.3454793305094 1.77034031870201 2.00191615210194 2.1863070487767 2.23308918962765 2.25703812918114 2.31117819548475 2.33496612709305 2.33015883943474 2.37273975151148 2.42495040634028 2.45032681702853 2.45991617577318 2.45743915871701 2.46196412095333 2.40867587312911 2.41597142353415 2.35613914529173 2.32672333761663 2.30548579134756 2.32543692067169 2.31401631192701 2.32298861653447 2.39410171188723 2.40518649313764 2.39477624428248 2.35305095212695 2.30749143123379 2.27150761270696 2.24517316915652 2.19988709229849 2.19947316923425 2.15973960587117 2.11797374351088 2.08684992493626 2.00482154633517 2.07309346213609 1.99852963731928 2.00369897323713 2.02204547807003 1.94082944327524 1.86340122505702 1.86643959953239
1.38743968012084 0.845370102089052 1.28789753543639 1.52960316152332 1.57120369863057 1.38513952014801 0.790272498992457 1.0438078957929 1.26913646710012 1.73184425924687 1.88855839277107 2.17694483167409 2.31996021063615 2.38396328626287 2.3887887432834 2.40111887016005 2.4346514876785 2.45074196605198 2.4855992565419 2.49478940574036 2.50498856049012 2.51759766596225 2.49766055045446 2.47450865490119 2.46186541812367 2.41922401825422 2.38368165244374 2.34894632698648 2.39795887413294 2.41279067212234 2.46978921874749 2.38751765954847 2.38583659484297 2.42936097702087 2.42505670937001 2.42807262061207 2.42505533097459 2.4015074960864 2.34238994854763 2.3049221159277 2.27214440983268 2.24841272741904 2.22393427739658 2.19283336706464 2.15034905288064 2.07249449537582 1.9924767150094 1.9614451798701 1.98042652345745 1.8695100761498 1.84691274136888 1.90809297193606
1.07918364889085 0.691938475531281 1.10857869837484 1.13007697177659 0.904367571329016 1.33298289592664 1.1514318950504 1.25863558977318 1.60852164370165 1.84667729328373 2.04052214556712 2.28206303532248 2.39924519913887 2.47055339477313 2.50146748574976 2.50640510084089 2.47491071742284 2.53206380854347 2.48756922083925 2.47116435938051 2.47930673563177 2.50799738529761 2.48124214946743 2.41773109938193 2.40511870472654 2.41501665593052 2.34941065208409 2.40761612421695 2.42254494803824 2.49363588395275 2.53535256358939 2.53496987420017 2.4701034259019 2.41058523663808 2.40886531295089 2.43815060098614 2.4445217648761 2.4411338994254 2.40035901370938 2.34522618028536 2.31010582738409 2.28463055333392 2.25836862663486 2.21403187962567 2.13859786299037 2.07388236199072 1.97225574486752 1.97397322370227 1.92764951928041 1.88349107139495 1.88430701194967 1.88029930138509
0.57129915237236 0.366761059044793 0.815769092596329 1.11083770345148 0.823391441396204 0.923027034084897 1.25042642787005 1.42562190388852 1.64811422906164 1.8435925864588 1.95846397361387 2.27300715327322 2.44443347463934 2.56583598909464 2.59146352943058 2.58816273807182 2.59299187575207 2.59257482440253 2.56613562837123 2.5597156098496 2.53001125347841 2.49424048407882 2.50544005491923 2.52753412871098 2.5174862077673 2.47671726679091 2.46432067096633 2.45747667832087 2.48247254122526 2.53791763457386 2.6047906971209 2.60148622294861 2.58446296863524 2.50674189205623 2.43345976130026 2.39612162714863 2.41543149051617 2.44705874013352 2.42286754101067 2.37650600731492 2.30768802134148 2.269309420394 2.20182061483681 2.10768033021377 2.08170695917946 1.9788093969105 1.9285099173836 1.92154371464489 1.88899818183408 1.90077445921095 1.91973512836975 1.86861089122218
0.5296587612844 0.35957892046103 0.249451827468124 0.622498119004851 0.867479136040645 0.805693753193519 1.13998301319255 1.45780910438187 1.48940573934516 1.73387187955158 1.87027470000574 2.18130893325886 2.43858760024221 2.61288721791768 2.63220170110558 2.64550223725138 2.65488776777335 2.6451350254795 2.65554615491136 2.64071131925551 2.63894261771894 2.62126232110827 2.57709880263773 2.60430898848354 2.62281731411691 2.62901392572092 2.5888855158615 2.523405252472 2.55109647109787 2.57495498821694 2.65600146218354 2.69725980845028 2.65881276589707 2.63705664930839 2.58530354306961 2.46869433855718 2.40547064939758 2.43587674497862 2.41398005584347 2.39706583111473 2.30833444394177 2.24754739520502 2.21362260007714 2.06400322128959 2.09080632586947 1.7276912978281 1.92283031954768 1.90340435289852 1.90678527869864 1.94349907586455 1.91547912067014 1.87598123738182
0.549857017179789 0.765708076895287 0.327773506902764 0.399386670741827 0.64153745078776 0.781829611953505 0.831804593095516 1.26484577796849 1.55396851930017 1.80226140338305 1.80294449838686 1.95694373677893 2.40368871154436 2.53203802764032 2.65482592219265 2.68484872958077 2.69169650150941 2.69529099560448 2.66697128394711 2.690370190395 2.68395473292709 2.67870439497257 2.65305193244588 2.65912271626975 2.64382728712567 2.67016069585627 2.70291237928364 2.69217718497356 2.61759988802247 2.60729128909305 2.71451647381977 2.74074632738967 2.74712224401014 2.73876686009365 2.70080477266377 2.59803488576167 2.46821345850006 2.42815001879303 2.4338244798547 2.38993942246434 2.31521639001413 2.24611535352529 2.19495895462443 2.12764189576839 2.10039298520028 2.00227443204598 1.88442387554688 1.90088947418941 1.86619787441242 1.82810969433328 1.78912859176678 1.80574976744588
-0.164086819192374 0.2397237065409 0.368591805639503 0.0118846301110146 0.536238010092297 0.635754592035243 0.996616624105486 1.15406784385464 1.49890434843935 1.81489554819317 1.82171007723009 1.90530449480432 2.38008577946711 2.53425538306168 2.65733131341353 2.69725988291176 2.67943139753683 2.71634706109427 2.71191961666059 2.71685253671011 2.69488409375907 2.70536635887754 2.73578084464897 2.72189289655908 2.72162902836133 2.72974494810273 2.73185178538116 2.72337100581631 2.72280100608975 2.66815838031817 2.74857748027969 2.77137459357878 2.77715683473992 2.79040853593593 2.77118017622108 2.62697552134075 2.49423797233547 2.45189555223688 2.45560562755411 2.38358205667088 2.30442891242661 2.25577100309147 2.21979750869402 2.11779070406137 2.07383320958738 1.98233759184586 1.89461752272325 1.89089888781975 1.86096818919724 1.82028871261603 1.71446791178064 1.68973167078589
-0.199866958383702 0.333650975263648 0.646262274142301 0.120960750584345 0.588639844991275 0.688869831479253 0.966543355166076 1.14439898871642 1.37825545448001 1.58655639600025 1.83255660717109 1.81610991625539 2.40483139817426 2.62359001473241 2.63759628561351 2.68805134890405 2.70129938068041 2.72084472642727 2.72552620150195 2.69670194153124 2.69994066562619 2.67814015918896 2.73223799829279 2.7475004302623 2.76657872157505 2.76797149216401 2.76819301528488 2.74575342056911 2.74537845312372 2.7168850604525 2.70086115666277 2.77876475491356 2.78405950666051 2.79474289552386 2.75997588960238 2.66568795296979 2.60547312618901 2.53761792265782 2.48062494986541 2.38537494971281 2.33093910165401 2.27349108046292 2.18156298641509 2.12268368512215 2.03230750347036 1.9236854976447 1.91586799186909 1.86817361461435 1.78246824502258 1.74047882570067 1.70209851797634 1.66570159691263
0.328682513946616 0.240707931887949 0.445737794637559 0.339066093411398 0.219755577509974 0.431898171041975 0.85103481055559 1.31775335911493 1.32060413785423 1.65023045323887 1.92335539100132 1.96329533381778 2.46340064802001 2.60209419086538 2.6879756780386 2.73479988992057 2.75260246400571 2.75075175097813 2.76479713729055 2.73256050224556 2.71181708582369 2.68852138523957 2.72142442194154 2.70876263523277 2.73977522339785 2.75529812919135 2.79423857658725 2.76367825151381 2.7557017064164 2.72488338039889 2.71553301571595 2.77506431801504 2.78875442365606 2.7965770958917 2.77374953232722 2.71170211151714 2.65926724545561 2.57134800199043 2.46466843851575 2.37156505157815 2.2976731202472 2.24580912166336 2.15794845415272 2.04322762378589 1.98539018121351 1.93456483341017 1.92127428331264 1.8043324155538 1.6738920226638 1.6832687970363 1.70678980384611 1.6538684909183
0.376367867604012 -0.0951124312224249 -0.388457395244121 0.676304613207991 0.202470712662085 0.539714497958966 0.781662212359629 1.3743808627766 1.54328243091539 1.7554045806108 2.14782705529568 2.14385875143771 2.48256711390355 2.6492283537612 2.71832132694101 2.78298106909426 2.78268944101233 2.77157464248352 2.79143312170908 2.77024097496219 2.75082480087651 2.71476367065274 2.72632178614861 2.74843662371225 2.7414310704536 2.73243177884367 2.72960550937337 2.76366135755908 2.74906190001206 2.73386736215854 2.71930245047659 2.78474273809491 2.75307758542243 2.77121453642061 2.74965510571217 2.67159808574954 2.62918139164221 2.52177508375269 2.39550976667463 2.31920936216596 2.25822596741311 2.18449778641784 2.08597702309645 1.99747730442128 1.98831800623776 1.93083435721655 1.88806481024438 1.7871000509713 1.52244482512543 1.39222387532513 1.66423071161711 1.62920674390318
0.26162138103788 0.168689457156024 0.139852081933175 0.805222273153564 0.308766836485151 0.705010938709575 0.954579467990152 1.45852457955629 1.63364258050756 1.59245574026216 2.09096159663532 2.07087422758615 2.38307471478957 2.56975136076872 2.66635563984406 2.74827460902518 2.78401412493821 2.78275215550744 2.79915864267492 2.76534219999346 2.7475167554819 2.73596978063693 2.74631103207859 2.76408841798375 2.7802912534404 2.77201295605127 2.71433831388582 2.74832038551819 2.65601325652906 2.66447738293297 2.70549804490818 2.75053260789463 2.74967545269446 2.73852503418801 2.69100779998758 2.65012878663067 2.59622710301896 2.5349860685211 2.39499662357704 2.32471013817967 2.26180334610381 2.18305193124917 2.04281238419757 2.00397802044676 1.9820351458381 1.89196768766057 1.82939465707471 1.75553415386556 1.67258151943374 1.33975776679369 1.5228584159281 1.56874262938095
0.294664466493477 0.238450658013764 0.743007046308921 1.15614506332712 0.951439753936354 1.11950010292646 1.21051744201219 1.35720084038531 1.40324172837943 1.52337187942065 2.03376148649505 2.28615663284334 2.4211410916338 2.58525926855437 2.63560660180444 2.69272777580782 2.74416513519475 2.77469585698234 2.80181886843162 2.75364333584329 2.73455265921716 2.7269145685135 2.71399721756068 2.72834782531582 2.73044212647292 2.75031769069268 2.74442442116901 2.74882247274899 2.67636772440841 2.62400526603961 2.69622789360401 2.6617462460269 2.72633978657144 2.72072519862501 2.68463229007924 2.62794942512184 2.55967710085327 2.49991790994316 2.38422770170345 2.32064148922764 2.23583137965136 2.13787776805268 2.0390344693564 1.99210331633884 1.93131516902207 1.85003490260694 1.78706413220725 1.71729278971754 1.57497396809347 1.2821927342453 1.51355064151677 1.54882367208946
0.415342709428886 0.206161612302852 0.745549211067338 0.683623223986841 0.616385164426736 1.30040631437587 1.35288695022003 1.56059986012698 1.50187302828686 1.51846815130006 1.74902000238428 2.2138914511325 2.38575711814076 2.58423882201499 2.66987217103818 2.70571761305275 2.77062331865956 2.78827357044373 2.76227262388274 2.73077189392544 2.70620589127105 2.70752148756203 2.70134957799981 2.72074428399832 2.73936421767201 2.75194852029783 2.72965207920586 2.73418621440721 2.70257376986133 2.69435447677081 2.69832203897243 2.73001795622011 2.69819015859324 2.68074652265889 2.63799524881948 2.59654230826649 2.54725915007842 2.51076069574952 2.43599283288519 2.37276663923776 2.20209663391351 2.11921714391593 2.04791131760642 1.96047541264014 1.90742289527711 1.81611472708541 1.72922654328935 1.6379046042229 1.54299559429238 1.24555361231796 1.30913302562771 1.45280977368197
0.481910314915416 0.556354450650509 0.530678277527175 0.44998719372369 0.778877591511511 1.5227377639138 1.53574052971226 1.8015989178925 1.68924307673275 1.66994148537461 1.99970134724639 2.36810603761622 2.47143779248005 2.62227421356008 2.68077418792813 2.73237751701609 2.77649521573976 2.78330560200193 2.73676915478275 2.70254643530952 2.70739349523939 2.71970435415786 2.71998921681191 2.71172528192355 2.71517935423076 2.71020359443638 2.69987227507202 2.71121853951462 2.69619666736641 2.67726715605231 2.67094765104127 2.72024913799892 2.69078076442152 2.65148299149844 2.63480521036957 2.58088602745178 2.51620948038541 2.44535740856168 2.39264935942879 2.32773476647478 2.19713298289391 2.14630661921083 2.0284513615446 1.9190437926159 1.84374779475535 1.7197744255803 1.65562006126234 1.59635190778149 1.47632574640483 1.17074387402814 1.07961550709389 1.26874928821426
0.954057725539816 0.595316490069741 1.05324403941933 0.895080246323519 0.606445414340809 1.48430592817997 1.76865288764832 1.94692551935403 1.95329819151544 1.88998420844804 2.04097362285051 2.51425891530229 2.50569469375707 2.65476065497236 2.72025128957949 2.75683659278743 2.80325208009664 2.79734942986858 2.7498896506407 2.73676393049078 2.72384118513444 2.70539018415312 2.72275515337967 2.71584800894651 2.69638016939765 2.69668614493861 2.70593710490518 2.69566781233354 2.6775352732842 2.66697804639898 2.67326540733984 2.69507190270011 2.67143347625304 2.64199639402633 2.61020833737465 2.57856859308817 2.48443569068041 2.40638468323799 2.3432616963672 2.28206640238745 2.21592852101552 2.11780939380805 2.01937356507919 1.90082006296684 1.82026725233531 1.69583501510312 1.63633639105958 1.53924284451666 1.48265113849002 1.17714722132903 0.901722845449795 1.03461200557413
