data/pcas/pcas_mc_126/pca_referenceLayers_mc_126/PC04.asc
NCOLS 494 
NROWS 529 
XLLCORNER -117.166666666667 
YLLCORNER -55.5 
CELLSIZE 0.166666666666667 
NODATA_value -3.4e+38 
[rows 276 to 298 of 529, columns 408 to 458 of 494]
1.04926020429207 1.02915313390463 1.02928816704572 1.05638093979608 1.06428199942105 0.991874820645666 0.89234293440139 1.14578651551321 1.29904606453712 1.24778129640773 1.00610113729488 0.210225262883502 0.192820200914412 0.171648803532188 0.182977191509947 0.0981565679714251 0.00247506462906086 0.134401234557655 0.0801507946144408 0.79885943274314 0.774265205142982 0.714394749149356 0.692339365371983 0.699711975786436 0.760852553739219 0.765066295952414 0.756856852077857 0.709652046599447 0.748239105026335 0.769668743727572 0.609990792947244 0.3549016052381 0.283310773364308 0.320644726234664 0.29127165734076 0.342926453022917 0.406143873405079 0.417010998379345 0.354728268699763 0.391758773026781 0.423694126063132 0.293255275539049 0.385418323902365 0.439340042077048 -0.0423490924494374 -0.0830418974576496 -0.0183161425732963 -0.332646004585038 -0.337577075275083 -0.622779617032935 -0.827860298001595
1.0074063260585 1.02805673841585 1.01237311059783 1.02300192818561 1.00885851182099 1.00126491066294 0.896427150364137 1.04228125317141 1.28353040573209 1.34836369013421 1.11886109954127 0.89976130186625 0.19013628019621 0.132501068621871 0.160576991891156 0.128596004261286 0.00907171615672457 0.799794057760336 0.914533967012002 0.803736071024334 0.754526227166625 0.672131229806836 0.658574819046089 0.683729219191391 0.725081785395026 0.771698366022972 0.780578730453721 0.759788217505515 0.669019413632791 0.654042919263531 0.607381865560408 0.426104964384817 0.268017425860576 0.224584917657179 0.235547415561328 0.414696752024515 0.439743105696926 0.450590837379892 0.402505794918028 0.364659520749531 0.386958734474198 0.270893538430756 0.191623227589753 0.0580716698467762 -0.132354368332792 -0.262655318048076 -0.117363003726254 -0.367471619776126 -0.528940379415554 -0.670870903227623 -0.863566029276713
0.993760497053327 0.976845101847356 1.02499266332395 1.0520690803483 0.944255979933255 0.989516404802918 0.891241028442995 1.00204406059268 1.05797686670091 1.09601024351728 1.23985917190048 1.08506095543889 0.945176759774577 0.175667782782378 0.76079000463448 0.116355549953069 -0.0049103276553549 0.881488798056003 0.961525111735918 0.894965619968367 0.76761709729566 0.698011722780368 0.642471854394618 0.678784416758816 0.736728722071573 0.800538287832768 0.79421999221512 0.749866352495981 0.649616508717132 0.586333470643648 0.52001884470834 0.339772423363696 0.226041748306291 0.0625101220686479 0.112589859300506 0.238453049706442 0.317161784775061 0.330148171627795 0.365542457259209 0.337890396697479 0.389174889526676 0.184703564240049 0.0205457482304672 -0.093031555100512 -0.203047724907335 -0.218284846093816 -0.31106939755011 -0.513352534012821 -0.696182802317071 -0.760684158878005 -0.910720283973158
0.975877642134826 0.977345976697119 1.01063400069863 0.968907488887148 0.791177524646504 0.787427654047783 0.979422043680624 0.969996936339459 1.00843366086521 1.11618023881578 1.30381070495619 1.17030083846637 1.06357735953675 0.814829832721628 0.76184193783434 0.701554591291472 0.0501454611015808 0.938176893166534 0.957534331442413 0.874190479484621 0.85841065728512 0.804643692930311 0.738554492467057 0.721013718268805 0.785189345817886 0.82125109286936 0.815139375287182 0.776875202718009 0.696482755753009 0.566286366289847 0.40083341020566 0.274869386454884 0.176637077288882 -0.0352808648438603 -0.0242869781560184 -0.000615759573495439 0.0713631010955113 0.204296402501394 0.258904140095412 0.35947136369227 0.31038667802194 0.104943689515597 -0.0347840875853871 -0.13268022229491 -0.275017786503338 -0.322858765655533 -0.471033644425594 -0.657478643549467 -0.793872923205131 -0.749000623867998 -0.833638769822165
1.00181486961551 0.896448887908019 0.862323399288021 0.792078760036728 0.757641505773421 0.686963260582339 0.932036201912603 0.927688858347489 1.09833979880855 1.30915140934264 1.18736514123911 0.913849473221145 0.811318194899612 0.7672459755456 0.745701415246422 0.719502719942741 0.75169480699094 0.941420631921536 1.01328117691693 0.972115731159554 0.955029044318421 0.909073133248761 0.842872742814694 0.830526646079545 0.841007386862022 0.856965065968663 0.83669654534351 0.780105318226873 0.662709585924973 0.576243776363815 0.444297575321554 0.353820378906691 0.215428606749094 0.0291028738766742 -0.0102764278806067 -0.016115849561728 0.0769044998925292 0.21647681761167 0.250816924742015 0.367374382878011 0.202238745674414 -0.00762432436452185 -0.040988486405824 -0.183215176999629 -0.30277251364983 -0.397780507600513 -0.546048435174134 -0.738002653814716 -0.726542489279218 -0.673845582683073 -0.718946031772052
0.957684640073385 0.771192132697652 0.88932969955486 0.87689887368441 0.966293272594606 0.760277373381984 0.89232172180117 0.923110891991759 1.1355968894204 1.24845828912171 1.23432124185357 0.880099759463255 0.793957535001218 0.739572295477137 0.690463135433834 0.664803706891019 0.748064578150682 0.8856287027415 0.931202394639031 1.02684238033046 1.00483427773582 1.00663723137497 0.981387748484021 0.946531844488988 0.894585363031503 0.855633297983603 0.853764112106039 0.772210202560593 0.654133459728561 0.611031692293938 0.514191473565228 0.385260283308619 0.25551864198175 0.195887247904667 0.189157403862853 0.101777575471238 0.196977330954935 0.303504999917126 0.305735548970408 0.447057521316302 0.222308188984198 0.0367736175883035 -0.0367182596837881 -0.160226779000441 -0.327485638870391 -0.391824641543222 -0.457937729539299 -0.573556776845335 -0.631120039413537 -0.635150621504802 -0.726144241330092
0.888299222406415 0.878740078930612 0.921755825134222 0.91035757030669 0.936162687485693 0.864280529672417 0.831995645724092 0.910842378472031 1.00600017274697 1.17541510453794 1.13475526960293 0.809505612321754 0.715958007558076 0.73330108170919 0.701908139831613 0.609205025528046 0.661095309319442 0.790492978297063 0.960203051173308 1.10670017348003 1.18850853352728 1.11376773733249 1.10729728504357 1.05743661710801 0.994423371804459 0.949009094864408 0.918254625223566 0.837919290135636 0.743298327678836 0.591927389997931 0.48576804747538 0.3521879244532 0.251650461093605 0.249668074716073 0.263353187978825 0.187656228467958 0.300110188717424 0.364103881546583 0.314639273573461 0.44948339456289 0.275075995073318 0.120642738925582 -0.0533845165415423 -0.212809035743149 -0.40074005347654 -0.419938607979017 -0.40321373461813 -0.443901782176087 -0.522893983333102 -0.519163084816933 -0.630437947867396
0.777924463095636 0.834803153808594 0.832917568534743 0.865644154958424 0.858539497574164 0.840125020050707 0.838077379442755 0.969119526269156 1.06386321364411 1.0923164558861 0.977951896679276 0.760821985661901 0.694155771659384 0.699502189241796 0.686280687717814 0.648877891315783 0.759680392941279 0.886225573897831 1.04545114632259 1.3120921281257 1.3407596982141 1.27773986256564 1.20503069159127 1.16441042218026 1.10002610873177 1.01148499057368 0.99545320262367 0.923262672291663 0.821937082646392 0.64125623121447 0.517592349095738 0.345631317988755 0.329717731946346 0.283220801981368 0.274488965055462 0.190476216967677 0.221771861674074 0.267952939870366 0.255863530844617 0.375109481085705 0.289279810910595 0.190951804403575 0.0264297994300367 -0.199792224580015 -0.388580700951361 -0.47587831932252 -0.383540479737386 -0.336592967037769 -0.384198684816541 -0.483967543537081 -0.661769544863282
0.834926505148247 0.803152799121279 0.82030184851843 0.824874433048151 0.814732683123918 0.837936102216798 0.93844547692155 1.1024134046703 1.11316274815839 1.12483514149586 0.820065144647242 0.743388771585634 0.720658877675428 0.722254228630269 0.69346686428385 0.814787218007761 0.994083980664808 1.05140713845324 1.28192071408256 1.50261347923851 1.52310445165407 1.47530571833637 1.36948253136836 1.2723018807605 1.16947403727449 1.08767263911857 1.04444348490198 0.990072111037865 0.868755132745083 0.677281805414607 0.537184431023185 0.373106167734821 0.327702296895034 0.328156254245251 0.221545534898402 0.187405244244748 0.152460772244305 0.147757008201906 0.217382122926478 0.462228737447814 0.433038302810658 0.337510350001393 0.409081971700501 0.0576171913922306 -0.417026167871384 -0.400254959720268 -0.265448785820267 -0.22562301627507 -0.233093752158467 -0.318345495771652 -0.626459663847934
0.837179778350862 0.793939971827226 0.81822486781405 0.766517473973231 0.806799873866865 0.895881767325502 0.927713976416432 0.937999743195991 1.00665159880018 1.00805194177587 0.760065235639041 0.769773405243121 0.743119474654446 0.806282556718981 0.782167008360518 0.896666893072589 1.13823469225361 1.19416087283695 1.57255405174333 1.81083755476231 1.77765977299617 1.66829592931274 1.47369877497412 1.36516605105795 1.22942364005523 1.14033086116252 1.11741559789568 1.04894231347534 0.926820382473089 0.755138406600731 0.517850001667645 0.41451525956233 0.38957277133826 0.315051380593318 0.260589950955505 0.244909863781161 0.330961894665787 0.427774494748037 0.398590052317269 0.593322609764319 0.54932419979582 0.644711664678729 0.557089850488521 0.394452840303648 0.11289744102306 -0.0215222967137132 -0.0139852342152222 0.0262591785610045 -0.0466158739757324 -0.172589820305951 -0.697487795306129
0.78301776879585 0.826478723873348 0.791944877746687 0.725829694402027 0.838146802168207 0.890323483945556 0.799280661918894 0.835744116427779 0.935849608744623 0.938362471329738 0.794040348900777 0.765861856609141 0.782210202839329 0.989980412378669 1.11686839970437 1.0588575157946 1.26747249517167 1.60486683863894 2.11758459784722 2.27269267468749 2.06420251577289 1.81378387864752 1.62671323046121 1.43204399047757 1.31018901651476 1.19875281720663 1.12911180955741 1.06243773288031 0.962822533426454 0.762593414880009 0.550093406442359 0.532811374494851 0.412776295171974 0.319360647178955 0.265910880281147 0.24568033256482 0.379113704532794 0.461067474338373 0.609155403246083 1.02978583294142 0.855750463635559 0.621084617948028 0.51747919237011 0.464945005278151 0.299866717611879 0.253140410597708 0.242965869542222 0.323234688480391 0.184527090458417 -0.274069876559779 -0.820843887045339
0.781447050889719 0.837418154594081 0.794488590443581 0.822591444009353 0.889542289548875 0.870177030667329 0.800068846072158 0.796609577022845 0.886941008219401 1.02421485339125 0.826403508916574 0.822453491544514 0.782395641981536 1.06293285009744 1.26054122570623 1.32069791976301 1.3580111769523 1.8245772363039 2.38222562403371 2.53401020052515 2.17419251400741 1.89143984803663 1.60600086819055 1.36881672810467 1.30396130684992 1.22260090728051 1.13292632652436 1.09216547373762 0.956612320851345 0.763816104273348 0.62101813491087 0.571749705107015 0.460946458723756 0.311898464492659 0.263851093169308 0.29135184846698 0.371292025385676 0.474790847759205 1.0042113999779 1.05236071929703 0.857746171422946 0.659551647037361 0.469413707839353 0.46006104905003 0.432166160947736 0.447120266321433 0.422216910604816 0.298765728045659 0.0377842117872838 -0.368302867935487 -0.840873573453875
0.797643935802865 0.842059861407885 0.803083808284497 0.869069945754899 0.86159803120676 0.846682468337349 0.823885333386989 0.787088902598831 0.85485270546452 1.05129987637787 0.946364385476611 0.896466915194304 1.02196621025672 1.14102163388369 1.23704192801531 1.29858252273198 1.51708077359141 1.55245414296308 2.126190803128 2.25538289969242 2.12387110227875 1.77342575375117 1.47889291470361 1.32705392439336 1.27034405986975 1.22979978757204 1.09568655173995 1.03563827271786 0.902602785514682 0.766784984225956 0.607947856515296 0.585812988547759 0.518974976955936 0.300176899657067 0.260453641955667 0.306792545764161 0.445892747471423 0.556160675006109 1.03963563288423 1.05643873957863 0.86772094498391 0.697955069894213 0.551808830451667 0.527312775926179 0.542135495895967 0.579675979519395 0.507470640173537 0.297948154072008 0.0153336742478948 -0.269208858818963 -0.589440789735114
0.857026115625731 0.822901399401862 0.831451723526663 0.879389465668438 0.845914160605219 0.874183342368571 0.926776244140407 0.894279406767817 0.963686430780055 1.06669074629648 1.13124339856806 1.10774130077833 1.16326282664997 1.09637153710978 1.034631214304 1.01562043406105 1.14645656914416 1.27266221379927 1.68724822913629 1.79103924649295 1.84338062163251 1.67558355549955 1.49266496403976 1.34221578587165 1.20888383911505 1.15934218601292 1.07384528295528 0.910424320506017 0.741292276317023 0.710301441609194 0.716086370547363 0.611014567121817 0.51322199666747 0.370954521097899 0.383514315097956 0.434627105347107 0.622457956554184 0.741722254351467 1.18698401594121 1.16910786764399 1.02463252486296 0.832595481126113 0.713522183980997 0.645270132578853 0.633611277845324 0.632831694290481 0.516049847334642 0.246914148735542 -0.0310333320204985 -0.263215595903044 -0.592845386075121
0.92709811657099 0.845652933091919 0.878316423282303 0.859747924927666 0.882480094569919 0.923983554554393 0.991583109192823 0.966226261859803 1.00805183771859 1.15404362016764 1.21190030977033 1.18874267378578 1.24338855443827 1.16935552474383 1.13915073720509 1.19230057039087 1.34024228005465 1.19934951578271 1.32306798934702 1.47779485035145 1.55040077901542 1.56308441768619 1.45627712389291 1.32817907513417 1.24985896108086 1.21657183834778 1.11315377142593 0.905977159380682 0.796353131372078 0.790262265147535 0.850538068415251 0.744198522941924 0.649920849418888 0.569401294313131 0.599301357245977 0.594784040307551 0.815458846917097 0.899973000149851 1.28064983045208 1.2508480403461 1.13680291582636 0.977665525987549 0.830837033077644 0.72219388597766 0.628110849967694 0.574458094241995 0.393523570244803 0.0721681617210553 -0.307792489171513 -0.514294927245998 -0.693011189280859
0.952974797410225 0.889365989803768 0.926105718594777 0.954893351712614 0.946480773910132 0.977972924536576 1.02867825716982 1.12016234933562 1.15095181107936 1.24034670076391 1.24316613213698 1.24058854247439 1.30148646515145 1.29680993705047 1.38573431329573 1.44246863871546 1.35776285476316 1.1641843628291 1.2216089942363 1.3722071358409 1.37402792324914 1.46585567963697 1.39867494488466 1.30403611339947 1.28415008133168 1.2074203482858 1.12724873180744 1.03482555909516 0.927725539902527 0.976295806118858 0.981601660769309 0.929305148192344 0.876271400427017 0.76911194697871 0.745052349522669 0.713673468852176 0.892023698080675 1.00315018668699 1.30821771041937 1.31272699318046 1.2026778207753 1.01458405741041 0.918164235817164 0.836840765139227 0.705861656781383 0.524822847821485 0.327939017123302 0.081269753409657 -0.222893814461524 -0.479493437341371 -0.666951033950253
0.220277660953105 0.169685148750944 0.890827240742927 0.922023907733362 0.967150390542487 1.0363807493955 1.1609950259813 1.28551518094628 1.29268315782268 1.35449653929603 1.33189184685861 1.22600802850629 1.23831975993098 1.23845162331583 1.23439082560486 1.42958251363362 1.32224558951151 1.1783871613335 1.19238425790216 1.24399647486832 1.2874002452961 1.33415421037215 1.34628258374037 1.29214519205899 1.25102331915925 1.30076950833619 1.29905475021596 1.17200594103224 1.05285453041376 1.1553559454599 1.13101721539421 1.07150044502336 0.950849895339931 0.946911672529967 0.876207024351873 0.867277593731876 1.03642153809182 1.04585176199652 1.35249910245705 1.2869832388815 1.16869076421133 1.02022229163537 0.9714388741003 0.873085899742325 0.731334511442279 0.532880411755412 0.310724010758558 0.101972071384161 -0.185376357054026 -0.410717733993937 -0.574414279579761
0.187500245768636 0.196063583746786 0.901266258084836 0.92858460353049 0.930170261260784 1.04004063800005 1.24624330939382 1.43165827935006 1.42830711272757 1.48238068956716 1.40616796361788 1.22475693792419 1.1295412087898 1.21242741300078 1.16568327597421 1.3677208866456 1.4488085173981 1.31672557908071 1.2629138468016 1.22357616261085 1.25611603264414 1.2663079402915 1.27778814463383 1.27517609784001 1.27856363914522 1.34710583422257 1.38421619174769 1.37663973649117 1.26400160295991 1.228345371211 1.15962656594414 1.07989772016005 1.02511293598137 1.01742414673416 0.976297821168468 0.99189407949206 1.17137142195815 1.11364053256108 1.37267614549228 1.26136558158108 1.17976594246859 1.05514354212618 1.03378929167309 0.859372826039219 0.715554160507407 0.538820226813089 0.358743434196489 0.121624028273235 -0.12070831624814 -0.314034126779451 -0.539320684456944
0.229047564516308 0.251244277912697 0.984207849562334 1.01891095043788 1.06836577823236 1.2012601119109 1.31596550863286 1.48153533502773 1.4908498653746 1.53344104513969 1.4978834967868 1.50668132870583 1.39863230906746 1.26142874805015 1.17308885242115 1.13814341368808 1.36814040630982 1.38603028658412 1.34730464078295 1.3198081516257 1.25252758757004 1.26090471116716 1.28000542894412 1.31363417626352 1.32743503977285 1.40904043769566 1.44058062049355 1.4538406226569 1.50741064108031 1.2502098046157 1.16342881309105 1.10076952597651 1.07858326168819 1.11494861357599 1.17147527503884 1.23481299880566 1.23095331342594 1.13145739180947 1.34323701923671 1.35013519831494 1.20647650904911 1.08003479813616 1.03389535789086 0.870655496368083 0.736294946827718 0.57404314261237 0.404406950789416 0.205264626708032 0.00631170998181874 -0.214689522952155 -0.494608585207606
0.240185208606977 0.254884465196321 1.03883137418069 1.07140382898113 1.16773420343977 1.30988685460169 1.35113555376709 1.44367265403137 1.47488218576676 1.56159041137577 1.591852793854 1.55233228838056 1.55139504804944 1.34410246145451 1.22437448134532 1.13545587449719 1.1684110454964 1.3105714422448 1.30871820443631 1.29423857577176 1.31557171214993 1.29919891363211 1.30447933019233 1.35570935318474 1.38986664402761 1.47309417199183 1.46855244250795 1.40049942112994 1.40162939140624 1.34904102998352 1.23149726234388 1.11749679345839 1.08860995959799 1.14690881829256 1.25562387675006 1.25305103924617 1.20986553795465 1.10726637754708 1.00754004960574 1.35828496744681 1.17982587312392 1.10323167566858 1.03040488392532 0.900512020921789 0.760214371647533 0.634719683320907 0.428872887041118 0.224209359908757 0.0273758352113891 -0.216633271712046 -0.463434217619487
1.06428323621952 1.04962996351165 1.13468579896458 1.17995215670117 1.27466651294749 1.33107006221922 1.36348490448118 1.41656233202449 1.47008467269386 1.60796858845023 1.64722314206228 1.63861964269284 1.64688726328392 1.39445542233483 1.27123843256314 1.22583388368509 1.14427326454022 1.15481073256211 1.22526824276161 1.25779961955857 1.34235865576804 1.31176091189855 1.28965414994487 1.30562604349133 1.37517535760507 1.50774444602255 1.51488108523556 1.43630764471286 1.43257662741519 1.40227746298328 1.3748116436472 1.17200522897791 1.14769281439591 1.16943978802363 1.25119669857235 1.2093941937426 1.16234736131155 1.1183732178895 1.0144967675942 1.24775643596295 1.22232699460454 1.16481724840533 1.02536310105352 0.889604512086995 0.787768940587636 0.640256676271493 0.46662821612522 0.258352246005038 0.0289804954197099 -0.153669044741557 -0.417932779353699
1.14902625544993 1.1615877733317 1.20189762628374 1.27276007745335 1.36961409929221 1.40728335549597 1.42919771677259 1.44708668692133 1.56108574836924 1.68243586274229 1.70227502069972 1.69030552635944 1.65448612010454 1.42368521972448 1.36003679500834 1.2624711947465 1.22038270576288 1.17027775873222 1.23622754128804 1.26878355657515 1.31528844426094 1.28469019432199 1.26557552361822 1.29543092134197 1.38938520776953 1.46077121967043 1.4259169465132 1.377327537513 1.45659434817989 1.41332090463343 1.33593806051453 1.24759092838582 1.2380101653905 1.23916690479919 1.26046159189294 1.21991256516497 1.16700563969411 1.09894876238482 0.99838219302967 1.02732257358786 0.961707495955544 1.14301029463099 0.990144979893054 0.930731519277745 0.861291592043129 0.681854903789484 0.487925194516224 0.296104386000759 0.0265278869897225 -0.249438593362655 -0.431278854123178
1.21939193926299 1.23500617986538 1.26572849275504 1.27060074738413 1.38279487149014 1.43496446669857 1.44678793512601 1.48204937124767 1.60316973110254 1.67890303786945 1.72946249144926 1.65081584419438 1.62689808991784 1.47575071003533 1.3971301871949 1.32431553067803 1.31265564865949 1.28127022408082 1.26953191000673 1.26034121980914 1.26205025903182 1.23452199336866 1.2734419269873 1.34148728074288 1.40333165753836 1.32596084330009 1.25261441291154 1.24733184022395 1.27477454922198 1.36693440081318 1.27512012519363 1.15503867518832 1.13945261574744 1.17518686295264 1.21284137653835 1.20396221556701 1.08153221898217 1.03013946766544 1.04539761516832 1.00290362988922 1.26917448740259 0.862779781484453 1.03114123798627 0.96839364393233 0.856904815086331 0.715357462975521 0.497579602454786 0.292252695839655 0.000246209268802561 -0.228218588849881 -0.411562577387576
