data/pcas/pcas_mc_126/pca_referenceLayers_mc_126/PC04.asc
NCOLS 494 
NROWS 529 
XLLCORNER -117.166666666667 
YLLCORNER -55.5 
CELLSIZE 0.166666666666667 
NODATA_value -3.4e+38 
[rows 230 to 252 of 529, columns 306 to 356 of 494]
-0.295070477745469 -0.286436657570904 -0.280185878536225 -0.279836909595938 -0.28307917716513 -0.264086606342777 -0.209249016474917 -0.289796332231285 -0.37353034629417 -0.495035765759526 -0.638161803831349 -0.673634187012106 -0.640583001023875 -0.661165686537527 -0.770131509213619 -0.726007355742672 -0.819784097134121 -0.879183870556596 -0.904951003060036 -0.941853372701105 -0.990890954811702 -1.04399348213018 -1.07853905383748 -1.10663115426445 -1.15311806332178 -1.17204605376222 -1.13525576449091 -1.07825821426947 -0.995920824583568 -0.926962101200771 -0.909960147252147 -0.892959765118192 -0.862613680174052 -0.851479737641862 -0.850106711913983 -0.919202686451721 -0.920513056525339 -0.975031541306038 -1.01046292943622 -1.09318220950885 -1.09043785481341 -1.10339979051456 -1.09331088119301 -1.07417802412477 -1.06819748887209 -1.03031757818398 -0.982049755999835 -0.942975429329946 -0.92276029393244 -0.887792753443266 -0.856432992700199
-0.254918327672145 -0.229014261870692 -0.208188613757738 -0.188002290314835 -0.189759433643257 -0.178925784133446 -0.211624013406634 -0.235560617188111 -0.353389658208608 -0.39363232518149 -0.597201900158554 -0.646094581095535 -0.649771080516701 -0.673119141857221 -0.713036683229116 -0.755223759095251 -0.78982588256758 -0.85217480111556 -0.855768307645059 -0.917386397885402 -0.964850688668343 -1.01713088956907 -1.0592706808662 -1.12561476559714 -1.16088899019948 -1.18919102412463 -1.16803054926566 -1.10621448833966 -0.983701990127343 -0.868798660659501 -0.856485869786002 -0.807585603072185 -0.809648308642139 -0.797283808024198 -0.800096199644181 -0.832249744734039 -0.85899066819052 -0.895276535566022 -0.943227304716664 -1.01155148798738 -1.03815482472628 -1.05281771121525 -1.06898499010573 -1.03096619511569 -1.02311992208113 -0.986304802397661 -0.931211313062415 -0.881447879582936 -0.883045310174771 -0.843536501123395 -0.828444278566928
-0.222991480134958 -0.187376211758707 -0.154938363052114 -0.137249786624343 -0.101033040192817 -0.0647698352521678 -0.0684460809401038 -0.0980871028305086 -0.209031895804859 -0.341790166689212 -0.497742217609319 -0.583824898125162 -0.620242942458834 -0.660506049712294 -0.685595838444903 -0.72929566269796 -0.769170885838753 -0.790231073699185 -0.84586426359734 -0.882162215256464 -0.927342133627519 -0.989457796145706 -1.02980730672477 -1.10375641203991 -1.18179516117834 -1.24023965443664 -1.18984226543701 -1.01770521893952 -0.894553589182272 -0.822391676203795 -0.77942095475067 -0.760592311012736 -0.74386041434998 -0.75542948704044 -0.752758779624761 -0.777567874642936 -0.807330152755272 -0.857793835014998 -0.90161254284872 -0.972283292759268 -1.01192042193169 -1.0212024359096 -1.04002960666116 -0.995100042128773 -0.961404093755375 -0.919525205582183 -0.897953470238183 -0.864769932447829 -0.835901582305344 -0.800653025023143 -0.772458539935071
-0.2005983532965 -0.186704613530993 -0.138810993509676 -0.092065448923303 -0.0375431200759481 0.0156179732026666 0.0559449610782983 0.0537899871134948 -0.0655031481423338 -0.266736978138346 -0.447807128836503 -0.535762771873397 -0.578036283932299 -0.621570175554329 -0.642386082135908 -0.69441383740843 -0.730831936711396 -0.76531974503166 -0.806822333900563 -0.846701902985583 -0.883568920675637 -0.938134292775927 -0.974784594923395 -1.07939938331965 -1.12576520365146 -1.19267927019719 -1.03003616102024 -0.881590605480227 -0.804058068498535 -0.751808281279449 -0.717207623615898 -0.675549423323568 -0.70297548820388 -0.699520615640208 -0.727965440298485 -0.776396529076585 -0.793454437519032 -0.850046998200178 -0.885366749173076 -0.937111149339585 -0.961923321022808 -0.978728722657077 -1.01386290499538 -0.967536672378563 -0.92514002606313 -0.866063178116236 -0.873586123244521 -0.841536373804693 -0.800375587571073 -0.756770265629573 -0.764266999751805
-0.207120164494672 -0.171467823279473 -0.126841969606961 -0.0909300191168527 -0.0392009789863097 0.0179320156081484 0.0555313080514765 0.0674149412128735 -0.0618923372898789 -0.26271607640143 -0.452512303008066 -0.535923681493049 -0.544722553030523 -0.603617847424983 -0.611004534990191 -0.659165483709545 -0.690231863994639 -0.744246845259272 -0.76775491722863 -0.793858486558622 -0.831832097400998 -0.914307263707557 -0.935636243329032 -0.982964343314032 -0.973092716648409 -0.913978018880806 -0.752264873896394 -0.695359409991667 -0.678660642435013 -0.650376656371233 -0.628946059581705 -0.619983214646472 -0.647061044664761 -0.664618156103367 -0.717641812818981 -0.724020154688583 -0.784407244749277 -0.851936725080043 -0.874541360471834 -0.924875803248733 -0.958710957546544 -0.961876966284914 -0.97313017770987 -0.942764386721293 -0.863979054044141 -0.836387488938585 -0.801400730232239 -0.773739212179313 -0.753278361780739 -0.734522719721689 -0.675517652599397
-0.212796782359961 -0.164369568233007 -0.109465361951475 -0.0826635465536764 -0.0283175493329363 0.0115679965457057 0.0181771140407508 -0.00692946153008162 -0.111473198329338 -0.293270843143104 -0.446491296886533 -0.50655437666201 -0.538265359047946 -0.565040136266466 -0.585601135658239 -0.643857811356739 -0.645324915479905 -0.69473926662227 -0.721974781970434 -0.747920642813463 -0.773269884714707 -0.815490533006048 -0.87621391161308 -0.845683012571679 -0.821851647089039 -0.749554011856546 -0.682670789556443 -0.623963204087926 -0.59412944181242 -0.567334149432756 -0.554854167449076 -0.558050250093689 -0.569880992531639 -0.604607290853215 -0.676862919992655 -0.716235191836382 -0.773926014736194 -0.836170993814214 -0.887403086761756 -0.920369797700559 -0.926858792232841 -0.931897939192299 -0.948295579781579 -0.892073872864216 -0.805023273074062 -0.769045319280377 -0.757944151587201 -0.703691504997438 -0.631128255460643 -0.61637978712025 -0.570324694732367
-0.20486379399111 -0.180343199957871 -0.138441417129598 -0.0989183353756183 -0.0547587090617561 -0.0410796960500375 -0.0393936479276939 -0.0655401531015138 -0.13743415899643 -0.275337891978056 -0.351921504250836 -0.412581310515787 -0.448392080223757 -0.483882084543518 -0.544401554467479 -0.601998831880578 -0.627870775319033 -0.656747349727886 -0.678083983102844 -0.704639664827927 -0.747045835253567 -0.779343391959547 -0.803717431220331 -0.731527575419344 -0.691913141384126 -0.658403994129202 -0.62001226537243 -0.573826207396342 -0.49789792754252 -0.500141196590248 -0.491676799277768 -0.48554132253078 -0.514274572237839 -0.556283387879049 -0.644515113728867 -0.708834097302519 -0.788429064561696 -0.832544190451095 -0.900675888072468 -0.934088923565995 -0.89162926863474 -0.905560769980742 -0.894661941742974 -0.820998973820437 -0.75791101998833 -0.715129789956425 -0.681910868051582 -0.57946652417782 -0.510642701896936 -0.467396843508872 -0.43706003506776
-0.213860044567433 -0.169756314381373 -0.158855276962572 -0.117364569290657 -0.108134477094771 -0.0847503665723901 -0.0772963259935686 -0.0961129201728369 -0.167416861171655 -0.241857731153677 -0.274265754810372 -0.33727235091094 -0.377956447832184 -0.429937071913236 -0.494553907043637 -0.555661470048657 -0.589016468307594 -0.607014483771866 -0.634213814202921 -0.669520773847978 -0.690416842740983 -0.721375305865742 -0.686727487840005 -0.662727611356984 -0.620931205749304 -0.591642027957568 -0.566117260204019 -0.486188393384232 -0.431647840273023 -0.398465764387947 -0.424733478350221 -0.397573714219402 -0.445710873358977 -0.521153497130865 -0.539273794138684 -0.634131073191669 -0.760790398557667 -0.805857375465755 -0.907805126296038 -0.92421291677748 -0.854168621475166 -0.845763541241079 -0.846266111189176 -0.814529111994608 -0.734606042601585 -0.62053624572291 -0.651475161178325 -0.516670022245759 -0.455486327859332 -0.369877124304124 -0.274394276937338
-0.220481721248715 -0.198521094732706 -0.169023321004349 -0.158258074484283 -0.13795034538033 -0.122818037048645 -0.119529134142823 -0.153822525422234 -0.183808697147581 -0.219565575614706 -0.216461880832433 -0.261191746041427 -0.310247435679016 -0.36437429718288 -0.42275516506548 -0.517334291863119 -0.548928428605835 -0.569091437533569 -0.586424949629617 -0.633444483024203 -0.648064393667618 -0.635287942702958 -0.599667073580805 -0.59569778012841 -0.565445289625192 -0.536008758704877 -0.479946301526095 -0.419087147846725 -0.367230771000801 -0.336812010894912 -0.323578655334019 -0.330593358014424 -0.358683476124554 -0.384403666445499 -0.456057459977332 -0.595961661512899 -0.731410198897972 -0.814659011365341 -0.869253150870503 -0.858942000977587 -0.810230727141215 -0.81177254141703 -0.804189780436477 -0.77377207525189 -0.690225111984419 -0.599322583925538 -0.556323263602383 -0.512392391376672 -0.426747940137493 -0.334475351223042 -0.213040660744738
-0.248750950217614 -0.218100758476608 -0.188727245030574 -0.180706291933083 -0.164697751324845 -0.15773968839458 -0.208326109583969 -0.190676931796886 -0.148143412207857 -0.181958918825437 -0.186565508528475 -0.20617269173979 -0.256452181018513 -0.32281554947773 -0.395188292480012 -0.480290881267399 -0.506045811287965 -0.538676135837266 -0.556168624138914 -0.600390601740421 -0.575361734481231 -0.560493400880954 -0.556899432482138 -0.534071782800335 -0.492376293288073 -0.48725220101881 -0.417079003377712 -0.332550679288383 -0.292195091156152 -0.267187401514553 -0.210973779874361 -0.239354661967593 -0.262560306287135 -0.31533274727363 -0.336946107454417 -0.481326562776756 -0.63641709528146 -0.758482888960306 -0.826120960767292 -0.83751120444096 -0.791705659433528 -0.770336672211544 -0.751222528416719 -0.727093903171137 -0.639436290702077 -0.555917717639854 -0.504782833347262 -0.448136907737356 -0.409399736693042 -0.314248354986848 -0.188858135311813
-0.252356953240874 -0.227059026387683 -0.233085298453184 -0.211602513589685 -0.190086454830009 -0.2167422920351 -0.199413931804747 -0.20727328044356 -0.16064713222338 -0.18967526531002 -0.186125162645091 -0.200527587259553 -0.243343953498872 -0.288216556854228 -0.341161399718048 -0.413306499234523 -0.450558210248268 -0.466969922105066 -0.490611626821532 -0.534736897689463 -0.500822898092029 -0.476758131930678 -0.515098398457171 -0.512924668767291 -0.471978649786678 -0.412089941276966 -0.339253542821615 -0.269985932266225 -0.18775892927126 -0.155627443584121 -0.141273665953909 -0.17976115858191 -0.20723835247437 -0.261047506725171 -0.313511787045361 -0.40532331842704 -0.581745052128581 -0.664881694497186 -0.76655233189673 -0.771637558796469 -0.725877754072184 -0.694421209391966 -0.691463761945554 -0.653547750758652 -0.585670043980029 -0.493456494223046 -0.446255199428992 -0.398331750605441 -0.372281768513306 -0.305505569515979 -0.202251324038042
-0.292943766563924 -0.265563296384443 -0.216661067005995 -0.228513076444429 -0.248146331795992 -0.217809962713935 -0.218785705388021 -0.247627158097502 -0.206938819210956 -0.20491483547109 -0.203206639829154 -0.216173018374764 -0.238416598278273 -0.271614838696785 -0.283381850229231 -0.377987435853407 -0.40319211992776 -0.419295190535783 -0.383733051376088 -0.509587662418166 -0.456938854410168 -0.486309520336946 -0.486556734620714 -0.471014398355575 -0.419163874830618 -0.374572013742065 -0.29636014264166 -0.183759078454579 -0.104612996350272 -0.090338119420559 -0.0659527673515417 -0.093542319798797 -0.174786970033815 -0.234108129341962 -0.291821119241853 -0.419372083746963 -0.536909942415818 -0.611137692462883 -0.646027279671016 -0.678371121378291 -0.643826019855805 -0.625589126237352 -0.627664523522204 -0.576277231661993 -0.548537127621556 -0.480841764414502 -0.425840782522498 -0.415160891797233 -0.330463627136097 -0.306919732496001 -0.218154708375896
-0.304697493100898 -0.274034490578112 -0.26633864984166 -0.273253202159004 -0.24180610741896 -0.235978516969137 -0.271195047482359 -0.258377795764088 -0.226689528982971 -0.246628548226836 -0.208033450694357 -0.221500337503687 -0.24387207488047 -0.258918815688813 -0.207673998675846 -0.343883901049951 -0.367749634755445 -0.357066598584717 -0.334775008277619 -0.435476131669753 -0.408441206403176 -0.420226278483121 -0.430972410165458 -0.452736339056821 -0.395259920452546 -0.319400433546007 -0.23327175784262 -0.0907385908437451 -0.0351497905040881 0.0138657449213447 0.0203901897540262 -0.047508636884863 -0.11299116640318 -0.21771612267271 -0.290959360295439 -0.369771525994229 -0.482346917108135 -0.548139738637666 -0.542599782403076 -0.592680746635516 -0.579132667437646 -0.552193368357573 -0.52703719837562 -0.542212938151879 -0.511582407940475 -0.465501209430758 -0.415733470864662 -0.384440047616098 -0.323831459082377 -0.304880546372464 -0.266984946812903
-0.278404104241356 -0.259800678345793 -0.25715349830897 -0.255113336577166 -0.248624746238705 -0.282298849990512 -0.25159104102662 -0.251647355889665 -0.242318158538008 -0.216157446955102 -0.235006302006501 -0.23807207015334 -0.260913529295996 -0.221076938751138 -0.210569181770131 -0.310306212760385 -0.295212115006842 -0.270771816957788 -0.303544221821948 -0.401516138886964 -0.372389721577372 -0.381875865305021 -0.399041883577668 -0.39771975389249 -0.351892914396336 -0.276535680874124 -0.144380260101711 -0.0287292970372525 0.0492025281818376 0.0664155338508553 0.0666465087969186 -0.0209672452725456 -0.07573302085468 -0.161409378652528 -0.245258841821997 -0.334082604554173 -0.39851499588046 -0.449771899885647 -0.473469229514365 -0.500548322039889 -0.505502643848349 -0.503478289748106 -0.495682814562084 -0.47748687652558 -0.434061860312457 -0.408749951603015 -0.411274396750982 -0.366313599301882 -0.307261961742598 -0.301744686216992 -0.287959936822263
-0.321697036623646 -0.296669490457709 -0.265089208034419 -0.257160380421944 -0.285363122946118 -0.301366231563857 -0.287581119033331 -0.282853242637205 -0.282307293529546 -0.254950240687342 -0.246784396196145 -0.260396124634567 -0.235879345016402 -0.229239799550295 -0.159379191444618 -0.2492322573541 -0.271224821537874 -0.261147267338886 -0.294278091545448 -0.338358902761352 -0.309129512024767 -0.31534310497672 -0.327614600971829 -0.318162300700505 -0.289184466880579 -0.233026900507613 -0.109190999491388 -0.0432802026741636 0.0339756281925908 0.0721919634683585 0.0364752416759624 0.00733685399183739 -0.0718703033061002 -0.121086589431828 -0.223332597570211 -0.280678151821945 -0.348500627280992 -0.399663877135468 -0.42133786347129 -0.457727511187416 -0.469284798418204 -0.452886162374403 -0.429747418356894 -0.435133418560685 -0.383575962901637 -0.393507812067881 -0.357277466419935 -0.354894493864717 -0.291979205124072 -0.267417799966487 -0.316552966173399
-0.350077258149356 -0.308046498830875 -0.288149703640396 -0.287916666661927 -0.30126730788995 -0.317500904739478 -0.321970173080621 -0.316191264243297 -0.30334946113136 -0.272738537465389 -0.235603553547668 -0.263273108787304 -0.230347389162084 -0.215663411487063 -0.179791509759816 -0.252398690256595 -0.24493138677942 -0.260847643271684 -0.231239303596868 -0.225418539180135 -0.24040795408422 -0.240689895829658 -0.250588238237652 -0.225309402894351 -0.184288601511779 -0.125321580830436 0.029817404994444 0.0120783563685558 0.0148625329188648 0.0368524614911614 0.00673954163672744 -0.0255592722443366 -0.0610578631023878 -0.13955617403867 -0.207637451818551 -0.226768799875837 -0.309759300331523 -0.356358750904748 -0.398288463647687 -0.426760569757411 -0.423676760681966 -0.399279153940169 -0.394583813697944 -0.386149033360052 -0.35864780543415 -0.372757665601837 -0.328322982107438 -0.301385623662902 -0.295925742559791 -0.281663578121709 -0.278587779128237
-0.390569466174481 -0.369070959126783 -0.319941041464644 -0.336476642554583 -0.331881978326735 -0.363361224489236 -0.348345280740874 -0.343725427498646 -0.35407956883395 -0.286333762020744 -0.272263111718369 -0.278206719862178 -0.224160914340759 -0.177641913535389 -0.210988463509901 -0.205706801657962 -0.176267150263371 -0.131349540289694 -0.127002319751815 -0.126765573977659 -0.134902808230909 -0.144298205205729 -0.134063831341993 -0.142205872029748 -0.11693058237527 -0.0225241341359388 0.0701845577044119 0.135030795842437 0.122198039448371 0.00843942252193117 -0.00908408181811735 -0.0436585756198695 -0.0717563744431864 -0.109449770255569 -0.16932488528178 -0.205251135383558 -0.256170393258588 -0.317765606080821 -0.348537099705802 -0.366438670338331 -0.364004261738194 -0.34142754166853 -0.340096559502219 -0.335333014744579 -0.330702475234636 -0.334211155003376 -0.309467526353533 -0.280278355253644 -0.288369780023471 -0.289873425266807 -0.273662373212842
-0.476226834088318 -0.452872570500633 -0.419261456041016 -0.401871868270202 -0.39237334571871 -0.379923611022848 -0.383456869648649 -0.318924876999616 -0.381599482134307 -0.368380901061984 -0.310529897072426 -0.281527974793534 -0.221393074820706 -0.195697039769311 -0.169828685795408 -0.17120017175117 -0.0887781244195893 -0.0766268846381658 -0.0527797216597822 -0.0493853169050299 -0.0539770630930504 -0.0683111520488577 -0.0793672180601269 -0.0907479920396255 -0.0285511681169561 0.073630505214633 0.079424928040693 0.0166748669493463 0.123673299880526 0.107966627029887 0.0105249230062434 -0.0323080655796519 -0.0754977610091044 -0.106366214375457 -0.155491389414206 -0.181110077674196 -0.226565056283472 -0.259818957330269 -0.283423632282976 -0.333446820053331 -0.349780637472802 -0.320018154802877 -0.276906455736198 -0.289781491571989 -0.318422857996076 -0.288333721264008 -0.287333099580505 -0.232080268688065 -0.276293255957165 -0.277329192472877 -0.219915834083672
-0.561730174608033 -0.512769128119437 -0.499785995905873 -0.477954106966075 -0.447420028377261 -0.422615693535093 -0.396433548443631 -0.363155497827522 -0.387955067492082 -0.393843602277491 -0.329535904121602 -0.290207726684038 -0.203602542571589 -0.143257283655079 -0.0530539786944457 -0.0509841415133715 -0.100407290720535 -0.016964026112438 0.0194983871617334 0.0303423879568227 0.0289390960491663 0.0104072221017197 -0.00648911056433765 -0.0537376560346115 0.0512692193308358 0.101150254940766 0.0856960338702115 0.00281366185374921 0.0195871891212021 0.0205224544114871 -0.0204475932860281 -0.0342417332661597 -0.0117803157175566 0.0140943047551753 -0.131921783171597 -0.168225041744318 -0.193483860997505 -0.226761703754594 -0.242612538330554 -0.290446433773795 -0.295286666293919 -0.291344104484715 -0.244485593767375 -0.285256536716224 -0.27960204865164 -0.249483224952106 -0.263245569777518 -0.214743021759316 -0.278676236622195 -0.230438433567334 -0.244150444547545
-0.593361235219049 -0.583026954500134 -0.558681606478221 -0.53021246541603 -0.4955382652409 -0.498621546111027 -0.446366124316782 -0.474112210189158 -0.456948660324104 -0.425162396873394 -0.376643002584177 -0.304839932168608 -0.263326914969367 -0.1556447602699 -0.104368774496709 -0.0555897395754524 -0.00824570678990441 -0.00231335618257933 0.0571579698191834 0.118179867252591 0.114905292346569 0.101677323551001 0.0585733845395899 0.0012517315212216 -0.011279465785751 0.0958479728546268 0.0421560922186485 0.0168428947655809 0.030515528130188 0.00954737145743656 -0.000595903895369954 -0.0154538088577559 -0.0467737880178752 -0.0545745070672378 -0.139449725568612 -0.135600164603465 -0.13954563858995 -0.192044957929314 -0.211564579817314 -0.231328195251928 -0.258346536377109 -0.268157174340021 -0.247415019594647 -0.22695245583782 -0.232288899658623 -0.238895481442142 -0.233101103544465 -0.220707785181577 -0.249261309602496 -0.242570525160188 -0.251735326879736
-0.542214655325156 -0.568590058007905 -0.574449416727785 -0.580090448054752 -0.585969576324625 -0.596012294829489 -0.585970768009719 -0.54542873282374 -0.522513328650243 -0.482792818197839 -0.410625169623288 -0.355781604634448 -0.239377565746209 -0.154881824626857 -0.120357168997736 -0.0656610226877872 0.0529603191471608 0.0919857888633681 0.132532795161819 0.198658424161915 0.219084468642855 0.227751957110064 0.156442271093497 0.0985269818804876 0.128953529870284 0.115440420637085 0.0907073560420855 0.0865554976939455 0.0788170611253498 0.0305007453635675 0.0146489094645854 0.045343317142586 -0.0196009442113106 -0.075739295415462 -0.11337607388735 -0.133132268876489 -0.140359885694714 -0.159498744832301 -0.161592600560315 -0.204205464715258 -0.219033336420774 -0.226773755199565 -0.202047900188418 -0.193745815900679 -0.246668611926441 -0.240834657561524 -0.256137060654745 -0.213553418650725 -0.2739539796944 -0.230291308941369 -0.197072522723551
-0.537849246930811 -0.559733798947361 -0.565687662662388 -0.628618082847974 -0.641386009396628 -0.636812711492703 -0.634915090952762 -0.617671157177173 -0.592916486978841 -0.496855867283436 -0.41611799597704 -0.335173441719702 -0.297973789924708 -0.204804413775027 -0.146812528129011 -0.0568803262458014 0.0519002265672208 0.100913335858081 0.169274243074934 0.22401444869548 0.276312073921267 0.32466096285858 0.246407442782188 0.187882105599407 0.245274285224816 0.216040997268879 0.172699045816298 0.131331471054666 0.106627324337921 0.0791039954089142 0.0539872698201678 -0.0138409982405766 -0.0393286929423063 -0.062416466695324 -0.0713217341867338 -0.0931448205768025 -0.114152826557768 -0.115045971051569 -0.160746626324465 -0.145033097039471 -0.194047931773992 -0.14579199370937 -0.197179037020445 -0.149686158569878 -0.199870821295236 -0.229282349239897 -0.199835343493799 -0.222860560042997 -0.235543671389381 -0.222149554577756 -0.195253405213022
-0.494273021802889 -0.522793044861355 -0.549968399432716 -0.609525786680832 -0.680790518125574 -0.70258264941494 -0.678855369829532 -0.677164667457402 -0.616672994075753 -0.493508385931555 -0.469631498151088 -0.398724393245469 -0.314154860430078 -0.241931958607508 -0.165140455611256 -0.068854351480168 0.0662163173523801 0.123064630890808 0.160655427054663 0.207520487513555 0.293132784250516 0.376233437025106 0.361620103580268 0.357060464107129 0.370008914970774 0.316847608713114 0.208551252120636 0.175871714887089 0.134012125939178 0.0912743343306957 0.0690018776313095 0.01431853171247 -0.0159569395374194 -0.0661651927778246 -0.0636777101662766 -0.0809172061074745 -0.098755088947674 -0.0765864897352925 -0.10528243539205 -0.0855974427248199 -0.0690910852565872 -0.0560863495374385 -0.0786211806740676 -0.108066772799583 -0.15658908972027 -0.204304524361749 -0.213866613074074 -0.066327483665874 -0.200374759863317 -0.195037500847803 -0.185835758711768
