data/pcas/pcas_mc_126/pca_referenceLayers_mc_126/PC04.asc
NCOLS 494 
NROWS 529 
XLLCORNER -117.166666666667 
YLLCORNER -55.5 
CELLSIZE 0.166666666666667 
NODATA_value -3.4e+38 
[rows 345 to 367 of 529, columns 357 to 407 of 494]
-0.209051879891302 -0.114216138447066 -0.0612824110053048 0.0550214033912937 -0.0633153805967799 -0.0741440296336839 -0.0876817522463625 -0.112023525536762 -0.134810851079131 -0.0346686820281688 0.0654800288681307 0.1293492436926 0.220913127047584 0.30462096460694 0.356179898304197 0.449746995196143 0.490658247612384 0.374972858537887 0.372251171616504 0.331435345971984 0.640457351709698 0.531482431460474 0.597511035334122 0.599430985816715 0.727629070918158 0.916602177618875 0.993567003866385 0.998327981310222 1.24048975407507 1.21571079414364 1.23002130131128 1.16118877761311 1.03396889438494 0.988840079714668 1.08378175824762 0.958844331010012 0.826139298458908 0.691323708861628 0.427974911018079 0.312280561402636 0.317721532662287 0.40207875091858 0.465369397750587 0.521519728121309 0.662852861663489 0.93012863978923 1.08923417686698 0.937548700943984 0.421458564691169 0.0426764094639349 0.208439645876819
-0.273645220702776 -0.202847418775366 -0.0891958394991526 0.0253805978999211 -0.0345927330146883 -0.106656045874186 -0.142693608719006 -0.15461851388341 -0.178736908227613 -0.150029552091201 -0.0541859527448211 -0.0153785638591991 0.00909360109632942 0.28147361242731 0.166737032468933 0.488591218584088 0.407689847453942 0.511056117730467 0.437321062248143 0.415685003636336 0.798372298036902 0.935516048063798 1.0922208767941 1.07851475531888 1.11036664245502 1.09903854448125 1.20137942577248 1.23259018555856 1.19257838900451 1.15422592742515 1.11544502173996 1.04343880758188 0.930400695683919 0.916507658628847 0.925632343902779 0.915452318576578 0.834667046473842 0.651209475334571 0.418836159901203 0.290420627210538 0.230385599813535 0.352591191521319 0.404031757720361 0.480271621452 0.618228515042946 0.811859056727126 0.948998055545135 0.757419008002629 0.529109603204476 0.679015395984611 0.675451784257481
-0.309495535051117 -0.263125183187615 -0.109992817806675 0.00421114729009771 -0.0379855088511705 -0.0901657616639386 -0.158076523877716 -0.223301346086734 -0.218238273306735 -0.248986526056669 -0.0454363121843625 -0.0322764206722591 -0.0518294035222481 0.0485219187907534 -0.0315316052413427 0.205531858924904 0.425569877795421 0.524974851095934 0.469242379827094 0.398312264899224 0.821805909589943 1.15794755304486 1.10319396887486 0.918795853450646 1.0156460144456 1.05907940442996 1.19367909693356 1.26365075843951 1.2183746515088 1.06976724257129 1.01881707181466 0.94234144008243 0.881260174841792 0.875208225498763 0.836500591875635 0.806481408097032 0.714450854984851 0.597104980157508 0.504977838430375 0.267640796339317 0.260267292819605 0.365228793952546 0.387465097034093 0.51171862848072 0.655800879509305 0.891118511667049 1.10034092229246 0.937657081257153 0.712651217310017 0.991470631049927 1.02628516749221
-0.334366566366215 -0.192042217310465 -0.156476527655081 -0.0103534489273982 -0.0607072089335848 -0.159735729966345 -0.202803790499577 -0.242318094447714 -0.261777204674391 -0.212551207640369 -0.0742017623234323 -0.0318930889974588 -0.0322532599889654 -0.0387894518255982 0.109848856636673 0.215740752993896 0.369603877163318 0.481861389670663 0.386939241617872 0.573493178987642 0.854472755176547 1.01888432753201 1.02511863966982 0.904511216473499 1.11125331498849 1.15337225074122 1.35286913550844 1.43845366690697 1.39079897083454 1.2173801617277 1.07041533087744 0.920126909630324 0.89611703682046 0.819843911076802 0.795435838967384 0.777373384152525 0.628608335988451 0.508036458056291 0.538787816365215 0.343153277308088 0.32573574467185 0.413845836343461 0.46435829626342 0.589510882273938 0.730326351879518 0.918588623203703 1.01252219920083 0.910374970213236 0.789758342005369 0.825540393738999 0.838911337704946
-0.356292173622548 -0.286064197214448 -0.236435982732422 -0.180390631960068 -0.165079713913091 -0.246276125125874 -0.273096956501737 -0.303026079452684 -0.28174157240922 -0.231636787393122 -0.137439700349424 -0.0843840178447804 -0.0676482121589555 -0.0310340725876096 0.0871000880159502 0.225700148980909 0.36454680233915 0.430570064232477 0.486935202998985 0.495979172406722 0.565294622690753 0.687853789244211 0.868522476734571 0.996817783430357 1.22542315732352 1.36034607657408 1.54824699380203 1.64829061401815 1.44581876082401 1.26359256012723 1.10405960156211 0.984142518398412 0.876857281826972 0.859927066267848 0.848470843347353 0.743762353981638 0.648322676447104 0.585992546205557 0.590745746753864 0.549397450673626 0.471046703310523 0.489465823847561 0.625161529371303 0.711556447184239 0.770961435190192 0.769769639044092 0.650347684994843 0.610913431601022 0.535332220571993 0.491189426081886 0.630376287780217
-0.407872927350136 -0.386647296830142 -0.332503478213372 -0.301431029921162 -0.385560803536103 -0.383670420245613 -0.353937592843848 -0.341578560097992 -0.407196062077682 -0.325493955076998 -0.238304596349915 -0.164625805169661 -0.140353874305924 -0.0953993594823316 0.0676434431192314 0.272412265656022 0.332337769369807 0.40596550132692 0.308471756138152 0.324059637985475 0.504290371475222 0.772345656539147 0.967039945111794 1.25379896904645 1.45043803680339 1.62022692835643 1.70980491890409 1.70626002747304 1.56146278231887 1.40563155744 1.21629869447128 1.07280202396631 0.945892838188091 0.875992510746598 0.866900370163062 0.801524359129302 0.664731695556356 0.607042718560554 0.576140797804172 0.62017327522829 0.59397741432268 0.605822388266515 0.691692520621573 0.845062627261373 0.806390112688576 0.692405331838138 0.533454797346262 0.488568798696148 0.413334941862023 0.408723452446678 0.531151469966462
-0.469503738132324 -0.543408690692753 -0.476039119757072 -0.555980630624721 -0.552546683097608 -0.508356086835271 -0.444404573245852 -0.405157485266518 -0.443348923583849 -0.311983541605923 -0.248599515201448 -0.163174376756126 -0.0377839568236918 0.0380713861115484 0.121274497628854 0.222083298435109 0.246979492018682 0.316956316234528 0.280414035013631 0.373352802191965 0.528735103273401 0.719208508018518 1.05039764362874 1.38646890159278 1.51690425245661 1.64148374810396 1.62588742367326 1.61179754892366 1.59419499220768 1.47287039616899 1.3230547159003 1.24222291119688 1.15304120910658 0.892295692334583 0.77194120815545 0.636567456488425 0.594055591217211 0.548443482764084 0.607132440065626 0.641281761646802 0.6169690895126 0.644236668379888 0.746270675810024 0.879719469569264 0.85716962761547 0.72016095123107 0.547556102925413 0.429673609599834 0.40293226877959 0.379110585588102 0.557677448770608
-0.489912285827185 -0.590255096007671 -0.520839852033258 -0.613292558899995 -0.667307439788937 -0.602077976176137 -0.478881374262878 -0.393338653367088 -0.381676164267383 -0.365859481903962 -0.315158572817905 -0.271949457265672 -0.122656400628656 -0.0414021239374957 0.0966092962842826 0.200552131672467 0.221274749448856 0.235189695167921 0.280507580760159 0.422436860473033 0.513251450862441 0.744853430591992 0.99213187067315 1.3205218262371 1.50211350694843 1.51099872554205 1.50932132232566 1.57598712962386 1.55906881404584 1.49888507677466 1.40463982853514 1.38416618716447 1.34139233495278 1.0509533683443 0.798366296053914 0.635082972499966 0.599748464091012 0.560129791364169 0.551557311044778 0.553308499314354 0.593057886560995 0.65167710530654 0.713779583848212 0.802698834602332 0.766283940351253 0.678817897184019 0.661970118003136 0.567196072828994 0.499661836395082 0.528887239766078 0.602341306308357
-0.516532543057415 -0.592946850578171 -0.492378507606837 -0.581127272845438 -0.59754430668835 -0.605630033365235 -0.44372693497494 -0.411368954585349 -0.435669458189775 -0.364233305620776 -0.332498905430628 -0.312899635514479 -0.275329830890676 -0.0731545737346641 0.0859912255251997 0.0964369800838615 0.180577921975628 0.231144314544216 0.262879961066481 0.412715070993467 0.522072887489133 0.714399089661773 0.92604313088888 1.12967235215948 1.35076054412151 1.3865423488971 1.43933782052658 1.50230913557674 1.51862246549211 1.48703281253522 1.49658234603856 1.57950824381496 1.4547239575497 1.09868798119911 0.858563045459347 0.709573013848146 0.691157081351995 0.683789669059217 0.598669273450345 0.517458607908092 0.546757003411699 0.615647223574646 0.664197319000171 0.734998902217495 0.717903543741215 0.721168950431717 0.690925736552939 0.672681439457039 0.585062594635791 0.566925069671457 0.66824896344503
-0.473289598370258 -0.469741859028508 -0.443200678837829 -0.444514676680083 -0.5451913524989 -0.520344726816547 -0.450200492387953 -0.423889222515478 -0.427772163424321 -0.347259911109289 -0.341054550143424 -0.333260348648931 -0.173262081812304 -0.0644942094391207 -0.0307103348773902 0.0327454940175535 0.11196880850271 0.150769438100058 0.250891830485295 0.361126808469807 0.480705391222136 0.684448746960362 0.884170548131881 1.01957279880502 1.23375880231285 1.25472701866933 1.32681492118476 1.39112780091756 1.38764868398763 1.44176572699201 1.58224623765091 1.77508769359371 1.57230965476162 1.0924702421865 0.836102898691764 0.770137944221083 0.736816825616098 0.697800357666863 0.641166897799299 0.632244365190758 0.557550495247402 0.563998841512933 0.593559667267441 0.651818320674964 0.682643789639612 0.637006200103705 0.658848336790297 0.662668208459551 0.647636416503162 0.5672249403455 0.299817966716385
-0.343903099463647 -0.387675748523539 -0.343033526202664 -0.278863851459203 -0.351232575156244 -0.44555794824396 -0.411407871166038 -0.417903255601665 -0.390374392545613 -0.411536953484825 -0.359653150788263 -0.382475859511773 -0.219001962513397 -0.119687788693937 -0.0866646723561362 -0.0431469362303428 0.0160287958589907 0.0220209842734589 0.152898012730911 0.299088572076644 0.442065365728517 0.672354561201167 0.799563761626996 0.918530360999247 1.12213521401839 1.10469382228795 1.1737920658361 1.23470589612831 1.27043083117424 1.31584647077538 1.44041341735624 1.64145424735896 1.5939552502291 1.06524617568593 0.806894434187524 0.808122207398817 0.798639396537115 0.675200756256647 0.648018692885201 0.658491171846758 0.645791586654116 0.588326478581825 0.618204188164255 0.611770628434785 0.569001006527616 0.433708136615588 0.420483430662088 0.601772477512045 0.634415072773501 0.60933477662448 0.331179633120465
-0.306408965617538 -0.27481633122179 -0.22779261844595 -0.213280163776576 -0.270981252495056 -0.372626518912547 -0.379490396913283 -0.385361455262914 -0.351239871686102 -0.2936052453814 -0.31315638128021 -0.219273728678354 -0.174905724442624 -0.201750258711773 -0.203383323130652 -0.131565846413754 -0.147246018962916 -0.0273502353125813 0.0917974708247069 0.247200619245485 0.482409561999344 0.559162012980875 0.658796995582269 0.742470137171913 0.963367590222682 0.975030445027879 1.0447804576844 1.09912923332416 1.06513248338139 1.09040090296547 1.1876851781149 1.5106644886603 1.49071008772782 1.12741669115908 0.836957301444602 0.747584863722287 0.768993230699024 0.652352144747181 0.581639790108223 0.575709383134221 0.601411701606467 0.610195670443431 0.625043000870954 0.633951812046977 0.517630255605261 0.420956322680476 0.341908444248091 0.31061110255374 0.505017313508223 0.444810729288494 0.147344587378337
-0.384968504160241 -0.383284936770779 -0.344465717129153 -0.262825890849123 -0.263006317916664 -0.290318521837275 -0.402837575318394 -0.344056921564848 -0.262465640803224 -0.185871268948322 -0.0989385778639739 -0.100180836124433 -0.129712204666004 -0.232897825486961 -0.305902715349442 -0.324576083607144 -0.215459028827719 -0.036732600800013 0.0706893249153958 0.279409565774942 0.296741036798458 0.432056354512881 0.459643073375407 0.571521537723867 0.80482263933945 0.820532120678498 0.884659133460018 0.895594817676292 0.826941662607126 0.790914020866697 0.953622810973909 1.26813049994773 1.1757146151771 0.9629718570055 0.790412172099932 0.663169107647021 0.605845925411122 0.572027204209844 0.535685569849911 0.511214719652053 0.559366651830177 0.561230736451684 0.548100552621539 0.56072644388989 0.463049420997322 0.377338561170464 0.349043328377949 0.276917490976947 0.369491156177678 0.339902290291657 0.0747016688415773
-0.389771670736026 -0.504557592846136 -0.552250043184436 -0.438739515482572 -0.337609337128156 -0.270983077954625 -0.323752561712709 -0.243377082437546 -0.196300834158317 -0.0503570361427791 0.0106036275834849 -0.0240313386007368 -0.168919649845773 -0.299257340378084 -0.31965348939331 -0.280445092738423 -0.173239044836466 0.0525940527982306 0.151096170496754 0.238904775731074 0.248544470837342 0.295439530624023 0.335584314213484 0.486479008602276 0.625777568622524 0.657517325240979 0.73568157785386 0.69027989181443 0.625837392077292 0.583216786292985 0.586311644325533 0.641447082363494 0.779756108812728 0.710950214711093 0.627940675131911 0.548937491019333 0.513522211584562 0.499305045794357 0.426758933295337 0.453803989263542 0.491397170487522 0.488026478406773 0.474675170789243 0.464708536708343 0.335060222229343 0.280565090494572 0.262003791983688 0.279582810922414 0.281596046114237 0.234908969767411 0.31982106191783
-0.373524262237055 -0.487620512906482 -0.601200358997434 -0.528794318243919 -0.469004194582918 -0.389291626049791 -0.340815436220577 -0.22244308309327 -0.241680646075151 -0.140624828753445 0.0995654406515595 0.0609135276001028 -0.174166946500154 -0.206326352923577 -0.300219900625234 -0.127445135495635 -0.103711108007451 -0.00400628874939319 0.010005238865052 0.171022701038036 0.194330756658209 0.26515417892266 0.309681222092584 0.50329105092816 0.489779868242934 0.586348896310993 0.611639774149888 0.556302571915122 0.480531256859926 0.407175684232466 0.324030434374187 0.284162893841106 0.348628292999214 0.395345938559367 0.389496557447307 0.326123325969256 0.31812018890864 0.324846594417924 0.353359676906192 0.336757133084977 0.388825854848136 0.370239864064683 0.387027090475162 0.355754826950343 0.318405039270377 0.224790659241333 0.232952689072232 0.250559030790621 0.348622429796928 0.458608135779324 0.349390452799684
-0.402262847544661 -0.604671969624465 -0.653448105691405 -0.574190390011172 -0.513398953064562 -0.526251445207751 -0.600206111105326 -0.581988753234977 -0.375188121014517 0.00685642424481977 0.0660646398335439 0.0122213422076947 -0.0828870690897936 -0.162337919241903 -0.155161262410007 -0.052988269974867 -0.10957977149406 -0.0604614572297252 -0.0488122778106569 0.0611093152517221 0.153746596828549 0.268236663195198 0.402142414987674 0.487668286241364 0.431015289812286 0.53353445035563 0.499540840601803 0.412152090125094 0.431051552926524 0.429763154458571 0.316660677850061 0.293274669139299 0.246863561987667 0.216100947319876 0.124600558524504 0.136989393704253 0.2017251334662 0.323842236234554 0.321501529882463 0.303015641222937 0.242159007296447 0.209197949549758 0.220875539121577 0.2141972035204 0.200528845928251 0.241040716114331 0.266443742400148 0.292291345156024 0.379169591045286 0.45347333824157 0.508022940743246
-0.232306177025576 -0.412894373132793 -0.443350058733296 -0.447789219553727 -0.442838582262479 -0.415910669043239 -0.423460595737053 -0.425373651809174 -0.132244281292332 0.0129157532512105 0.0553109297312838 0.0172821468766141 -0.0825227667083332 -0.0851310524149586 -0.0667349500453588 -0.0578281074742557 -0.146727694063214 -0.112734301754664 0.022729613396583 0.180984823712987 0.185928407077536 0.243587382199799 0.437815905353943 0.47562490714215 0.502888651239739 0.554030628128788 0.477416855426627 0.361261238343243 0.38408013651686 0.321824643473305 0.312720463163376 0.299279518554303 0.256154490498854 0.195063518296555 0.0970702233533238 0.0862392038546175 0.093089847181976 0.0925708733239909 0.0630734188622992 0.0766273128817775 0.0603199091917533 0.0671838309792773 0.0609009976686171 0.0447683741791756 0.0511614591683093 0.158096634556426 0.253898676583244 0.323550615706913 0.305023926273347 0.406621642349306 0.560100793613974
-0.0891016125380184 -0.288005948775678 -0.358481283074878 -0.384978363293204 -0.369774665450675 -0.418484249833538 -0.396488459205861 -0.187681559000796 -0.0994078401592614 -0.0278961248393684 0.0069366910693346 -0.0187069284260724 -0.092311629704671 -0.132675779371097 -0.103377796500958 -0.147310803014386 -0.117034183284631 -0.0124915376471439 0.0965623192579826 0.149451626167515 0.211954207598574 0.193046502223579 0.379980557279372 0.448340430121691 0.464861984329371 0.465340971568005 0.432711380708057 0.325121087204336 0.326800656146992 0.273793652823309 0.372211785987331 0.291779241126655 0.272692079186377 0.143095876830213 0.0524538959026823 0.0714005903920715 0.126137743305225 0.102537186991613 -0.0495081075546517 -0.0504393659962053 0.0127291571252703 0.0223813692609675 -0.0677083696948519 -0.108409924267924 -0.0181538364044822 0.0952815773090028 0.135826347740717 0.278370824824326 0.361333670512962 0.458757264230809 0.507893135967524
-0.0600285098434793 -0.139816238048912 -0.290538833244114 -0.341871724071586 -0.370172403484346 -0.384809345148681 -0.326572117758537 -0.163792857320533 -0.095732439775929 -0.0602617064879585 -0.0515896128912507 0.010534004640402 -0.0526607219083179 -0.105974410311332 -0.0968658300736105 -0.0849662554198152 -0.00935499287446789 0.0340693574847528 0.135183198459404 0.170546716795694 0.208095726950533 0.229102049771519 0.333463263785287 0.377279426796326 0.400160031036596 0.40050804916341 0.374387019325695 0.291907682733719 0.261061206115726 0.350794108895788 0.324556239124814 0.306619375508195 0.239307241240461 0.0924104694047107 0.0345214350956338 0.0898516894765243 0.0777868358583273 0.139014175179481 0.0543753511025323 -0.0872116053002341 -0.0985188675667241 -0.0800425240360585 -0.110209884158674 -0.123617328028597 -0.040122004765884 0.0855923682246344 0.256834592536823 0.244355580296813 0.365745709466532 0.525065717856788 0.497584378061933
-0.0176707017614287 -0.11672164581213 -0.234744666121541 -0.336123520823909 -0.372016423153411 -0.371053112380693 -0.135926121977938 -0.114208068893248 -0.130840465995278 -0.0639289468430004 -0.0871479828578995 -0.0852779569313755 -0.0920874452784342 -0.0821823192715701 -0.0323159479954886 -0.016671578917908 0.0336877380117149 0.0589177808213968 0.106395606184239 0.169344059832989 0.206399606305116 0.226030368123021 0.244428282440601 0.291216046794488 0.302732674103567 0.322427537347184 0.319109191034195 0.265984409217593 0.261168270964891 0.281277150214606 0.295562309182994 0.26514892312721 0.225773113742939 0.156634588717913 0.130772431250038 0.128892234665719 0.0819021687748012 0.118376371006113 0.091359782871715 0.0599832340050979 -0.16521680224946 -0.21301927287873 -0.0985907119183643 -0.0576797036847488 0.0393211703381821 0.0531295390443095 0.186609366365451 0.34939910898556 0.449206749273379 0.39955179244006 0.349324258241278
-0.122681141023907 -0.192950913660746 -0.261430808386114 -0.289281561319373 -0.304814807486293 -0.239096503347918 -0.103667571475925 -0.130668363198329 -0.0637648829604072 -0.118988242549659 -0.0898590101461001 -0.126000652024283 -0.0127451233098431 0.0194791029625441 0.00451623517836718 0.0282847620351255 0.0839773074627718 0.0880139606202824 0.0598717098640399 0.0869142832643361 0.135505667664772 0.136174999818517 0.137340624965887 0.187840913172697 0.188013859237636 0.233999800610784 0.264794444531732 0.256703035296935 0.250745357573245 0.266162066738774 0.233087513216425 0.197151804278588 0.180996820716349 0.156008550257945 0.119719870642986 0.0685394138988222 0.0457615183493763 0.0623733802443611 0.072102686339172 0.0655758498567302 -0.0279121563921267 -0.213706523382858 -0.204908596832943 -0.0858956108041799 -0.0792141264324974 0.0318333172821326 0.211246817710344 0.329002299339777 0.453236497897061 0.386078697846335 0.302967120181761
-0.233367784769528 -0.217513620447301 -0.274985360163544 -0.311738220729917 -0.18711762499328 -0.111404822340671 -0.0661664433045792 -0.0445855202439738 -0.0914234852881291 -0.0724779747416312 -0.122282442765755 -0.104550296090722 -0.0349071727247478 0.0220910739069117 0.0613509065003877 0.116079255399933 0.14569560225962 0.162449989432329 0.114432579291604 0.0598313340314459 0.0535351590208284 0.0559309897131599 0.062453048979917 0.074118567163667 0.154205256450677 0.194340808489288 0.21310775716654 0.195293588000169 0.2241139903033 0.224521545485635 0.204443670771326 0.171523498652446 0.139281355499017 0.159737226517302 0.0910128769161827 0.0625394170031926 0.0731005498214044 0.0630334952880597 0.0626062556594303 0.0435513419578441 0.0517375813952834 -0.0207508866034953 -0.17589144193518 -0.196501813416398 -0.15622857176404 -0.00618244735464621 0.0754573077726869 0.238294702279615 0.396744729058463 0.411869359437249 0.294166134099231
-0.241830577109183 -0.159224527672419 -0.121153670590314 -0.113231371540521 -0.0916280109014405 -0.0848487622463016 -0.057423618833815 -0.0512379381324604 -0.127548062190338 -0.0883580331243871 -0.0527171930237493 -0.0123940686356418 -0.00138883601307862 0.0346894899607327 0.0977493373691948 0.0890089523506291 0.129412793708033 0.116908582557549 0.0936028359296705 0.0774651151785924 0.0859434952331098 0.0599350442623391 0.0492255105728421 0.046405428198673 0.0525186544204505 0.128275678403183 0.154948166783929 0.1750791840508 0.213224344575731 0.218958976079943 0.12985280258074 0.177655560867894 0.125513023606273 0.0641206524096468 0.0593184431755622 0.0129768506074226 0.0880296794083818 -0.00681561634501519 0.0430571062747692 0.0505312573205426 0.0081863582961507 0.00829048860459965 0.00426073379094287 -0.0547880163485385 0.0147846669145077 0.148324634997536 0.225780127704723 0.224350968847978 0.128987732296704 0.242992472028015 0.164364700664909
