data/pcas/pcas_mc_126/pca_referenceLayers_mc_126/PC04.asc
NCOLS 494 
NROWS 529 
XLLCORNER -117.166666666667 
YLLCORNER -55.5 
CELLSIZE 0.166666666666667 
NODATA_value -3.4e+38 
[rows 414 to 436 of 529, columns 255 to 305 of 494]
-3.4e+38 -3.4e+38 -3.4e+38 -3.4e+38 -3.4e+38 -3.4e+38 -3.4e+38 -3.4e+38 -3.4e+38 -3.4e+38 -3.4e+38 -0.945209150838313 -0.824494656942609 -0.855599638647708 -0.822154509345927 -0.699556479059448 -0.548686979809395 -0.395210716749233 -0.319072634887043 -0.294793169205134 -0.20098364890755 -0.140967629417379 -0.189561934933841 -0.256128859282624 -0.321932900089466 -0.258924086139601 -0.231852572707958 -0.182914680125844 -0.189849685564597 -0.581749014069178 -0.752221369340745 -0.46562968326601 -0.280735763282175 -0.673114711879718 -0.982702252052874 -0.645743330321441 -0.481598109291632 -0.431477265030222 -0.307676686695684 -0.233410908936642 -0.136895854415438 -0.0536743168907533 -0.0229028230992119 0.0611017834285189 0.0433570969405533 0.0629881325675109 0.194378523658177 0.485845310807647 0.646540427892882 0.693425262529539 0.712220453799438
-3.4e+38 -3.4e+38 -3.4e+38 -3.4e+38 -3.4e+38 -3.4e+38 -3.4e+38 -3.4e+38 -3.4e+38 -3.4e+38 -1.02737905186744 -0.799214181461501 -0.754767606443046 -0.78385470574285 -0.693783361048699 -0.583125362435213 -0.441898706828741 -0.348713572175845 -0.290959216739031 -0.22266273185583 -0.101174127320139 -0.0292799905183728 -0.132657471126937 -0.183752203958552 -0.179061907535766 -0.174463622527916 -0.203409196504876 -0.451052845464594 -0.471329897522004 -0.809550440955667 -0.768856547413377 -0.643330187616749 -0.762086908030764 -0.981729768279483 -0.664406558288042 -0.619623531438218 -0.505337351448542 -0.454359457425811 -0.341081525869281 -0.250040934191082 -0.17461202428347 -0.105493082675986 -0.0533893424024814 0.0314429574144126 0.0503469822941509 0.113713743626285 0.305281365208318 0.549557875243379 0.660566907086031 0.68277377576541 0.654794445895982
-3.4e+38 -3.4e+38 -3.4e+38 -3.4e+38 -3.4e+38 -3.4e+38 -3.4e+38 -3.4e+38 -3.4e+38 -3.4e+38 -0.940876287788518 -0.798181915933937 -0.773370914256006 -0.687029426332057 -0.629448988467823 -0.535970192216844 -0.324854445524561 -0.272619853106989 -0.193269716781676 -0.0198426024113377 -0.0743064817637708 -0.0394204429680274 -0.110350071864113 -0.11818214424971 -0.173866558109043 -0.199783164699539 -0.109330412661698 -0.356148294664999 -0.730177741311937 -0.869421612113388 -0.751794203457196 -0.713660996002579 -0.85121544908874 -1.03970758388854 -0.692555331328414 -0.607512117364017 -0.4410505656974 -0.401478139386959 -0.321904124447672 -0.255727311840952 -0.183365556280405 -0.0901091043815635 -0.0914064354364899 0.048271601594486 0.116731287630812 0.136951835404698 0.245073674162216 0.452558033917709 0.566035751018788 0.604623295038096 0.605816442131081
-3.4e+38 -3.4e+38 -3.4e+38 -3.4e+38 -3.4e+38 -3.4e+38 -3.4e+38 -3.4e+38 -3.4e+38 -1.02377128329835 -0.900052320106591 -0.807395210064929 -0.765616445457092 -0.6349529593046 -0.573940464916437 -0.42317488806154 -0.211397500425128 -0.157279007478513 -0.109712428971452 0.0223246546793696 0.062150616461893 -0.049178063639688 -0.0503474654072334 -0.0856039215420577 -0.182964716132427 -0.268116613188414 -0.113482040784303 -0.143702482617426 -0.603613322442839 -0.851396511284649 -0.811518436114103 -1.03482060504421 -1.11908465512291 -1.10244218145897 -0.669686984941534 -0.622558016934067 -0.482942734142729 -0.416045498941145 -0.354692396068075 -0.274236812434855 -0.221028897245823 -0.106420059263817 -0.0682167179081829 0.0123545838966857 0.0834483961486499 0.154959580654481 0.161133725394963 0.349076417726098 0.467764993865781 0.498927642074867 0.5239884081964
-3.4e+38 -3.4e+38 -3.4e+38 -3.4e+38 -3.4e+38 -3.4e+38 -3.4e+38 -3.4e+38 -3.4e+38 -0.905333471416294 -0.852490575351665 -0.803252629116146 -0.715652469539155 -0.614844177871499 -0.56727703463214 -0.396676741587846 -0.177331940137477 -0.136919220687192 -0.00326808822720356 0.0478144324165498 0.11404141255878 0.0245629769565407 -0.00247039043412117 -0.125296472129463 -0.239241014414956 -0.347410672674908 -0.204639850151384 -0.0698808070457971 -0.597895000407143 -0.913886678693148 -1.02509418495415 -1.10315175984135 -1.3047535518575 -1.02819333743968 -0.954766490238514 -0.768877070399181 -0.588852776898684 -0.487721694905727 -0.41131216065292 -0.29064886260137 -0.265959777453073 -0.169036189354356 -0.100550883977734 -0.0281642679092121 0.005388685013986 0.103549925717901 0.162199184051087 0.234056954262461 0.365436380418192 0.411837394119647 0.408536684609268
-3.4e+38 -3.4e+38 -3.4e+38 -3.4e+38 -3.4e+38 -3.4e+38 -3.4e+38 -3.4e+38 -3.4e+38 -0.770075501093741 -0.745149112928753 -0.813062430696271 -0.788664584336587 -0.747020466800121 -0.598667671249423 -0.372507159322614 -0.199555016158263 -0.0987086063221217 0.0184966397323298 0.0245042342175038 0.0725159970784576 0.0973421324887787 0.0288957477566661 -0.134087895071352 -0.249284303984749 -0.423695537680911 -0.460331121480308 -0.25460095547072 -0.566966324714534 -0.858087783291624 -1.00573139738453 -1.16148003806926 -1.32311784824276 -1.05431730740319 -0.954069958749263 -0.853410164430371 -0.662827582775287 -0.505929776249751 -0.4583534604334 -0.373710916503202 -0.323367186933412 -0.232709040434352 -0.220993288036997 -0.139272973370945 -0.0870768848681939 0.0530978242551023 0.104919448818939 0.14275333355308 0.26857418016384 0.274801489272406 0.31538899912962
-3.4e+38 -3.4e+38 -3.4e+38 -3.4e+38 -3.4e+38 -3.4e+38 -3.4e+38 -0.790757941963379 -0.714411512292157 -0.66592511486233 -0.666105530121958 -0.78157193445719 -0.780983487309144 -0.749478520244486 -0.613095799640999 -0.406628079931431 -0.18759108897944 0.0814628563831017 0.138299383445699 0.146838806181867 0.225077053661651 0.148259576739572 0.103529954021788 -0.0628173145029657 -0.275371234747232 -0.487193907257718 -0.638770604652916 -0.714669014997774 -0.793203751440834 -0.857245726788404 -1.00171730495511 -1.1651018658773 -1.05812454116417 -1.02857242306376 -1.01156579691598 -0.80279634160183 -0.733737215636753 -0.623294661281835 -0.499510677593557 -0.44642272970147 -0.37327779181682 -0.334516172242256 -0.363581687700625 -0.217059907813948 -0.135655710660926 -0.435788538222358 -0.21866341550271 0.10238157307709 0.176436300628026 0.165989457479584 0.185171486675202
-3.4e+38 -3.4e+38 -3.4e+38 -3.4e+38 -3.4e+38 -3.4e+38 -3.4e+38 -0.667926640160323 -0.648950533969696 -0.546461875315456 -0.61288650925099 -0.714370909478621 -0.764167601438015 -0.764830410539464 -0.664991492429505 -0.426553460937639 -0.127832348077442 0.186688888260386 0.267018607517951 0.182488540231292 0.21773621539429 0.174483032139399 0.1625094471255 0.137121301395539 -0.0824025031998111 -0.313400238584696 -0.624316535337803 -0.847997990991256 -0.971968418542437 -0.988473319727852 -1.00112548550527 -1.0508567443484 -0.990669458121193 -0.899314281719672 -0.835891094799079 -0.714206991780332 -0.682787194312891 -0.643366809195952 -0.573494232365819 -0.518820444801279 -0.451379647344154 -0.376592545412878 -0.488029634918719 -0.305571157447873 -0.170516823839105 -0.164248982476808 -0.108828373376797 0.060438738841423 0.111356674196498 0.112110415264135 0.108318599120844
-3.4e+38 -3.4e+38 -3.4e+38 -3.4e+38 -3.4e+38 -3.4e+38 -3.4e+38 -0.592714690191856 -0.621760785981731 -0.486000256834169 -0.433400460356486 -0.607935510015899 -0.731292278642127 -0.720509101470478 -0.57978013755526 -0.297881168273644 -0.0151382819426375 0.28163758846443 0.365453320191719 0.365073477456981 0.250064622187791 0.175986038540747 0.157337754624056 -0.0166160678310247 -0.203971179458331 -0.339606984494602 -0.613884233302519 -0.838232803894391 -1.0927959852883 -1.08973258856209 -1.07061264328873 -1.18873443079941 -1.1003185103115 -1.00538891078063 -0.799440600865611 -0.766698363541389 -0.731250791901048 -0.640661484447082 -0.555587348763495 -0.480185759055201 -0.440105143229902 -0.459513168001265 -0.342937122065328 -0.269880850870019 -0.203454332685518 -0.111218550137523 -0.0724089405917135 -0.0110059236205489 5.05367682573088e-05 0.0331349723603713 0.0635866525729976
-3.4e+38 -3.4e+38 -3.4e+38 -3.4e+38 -3.4e+38 -3.4e+38 -3.4e+38 -0.657423791114493 -0.649485455695312 -0.600750135616234 -0.601578329829846 -0.77302370858918 -0.700779631115269 -0.56678432009869 -0.402319409871126 -0.112755588663193 0.374116650063858 0.549457775846337 0.536755427366739 0.271907878288869 0.211967718004612 0.10690492773491 0.164867459638938 -0.0799404037150109 -0.264766007833025 -0.389405755928998 -0.623012610153299 -0.823741933632133 -1.03325691833975 -1.22393513402769 -1.18927629510966 -1.27674289083117 -1.37991401841518 -1.22636404576926 -1.08210639080717 -0.966104668895362 -0.844323979832041 -0.68112311104219 -0.555890985122879 -0.517876460161817 -0.482137889440038 -0.483572291674391 -0.404039291716584 -0.326264354143465 -0.315477411294779 -0.245643119994323 -0.179869712880024 -0.090407169061979 -0.042509410147175 -0.0297663492070418 0.00752559867976767
-3.4e+38 -3.4e+38 -3.4e+38 -3.4e+38 -3.4e+38 -3.4e+38 -3.4e+38 -3.4e+38 -0.692945027634116 -0.666308031699919 -0.725190057806577 -0.756032442357116 -0.62777327832533 -0.401463960278499 -0.22483418206647 0.105742660240719 0.484166202684365 0.647004343565705 0.492843883311169 0.509649873187183 0.276951947964207 0.0632953377917911 0.0978655305732895 -0.13803204226957 -0.350013981175932 -0.479838794076413 -0.758290045262237 -0.890909835115578 -1.09037524561987 -1.1379537439363 -1.21869208577977 -1.08033477069336 -1.21668807160888 -1.36223280828459 -1.35347315824659 -0.939624821484283 -0.824252244415503 -0.684326965332926 -0.56312990059235 -0.503636939525601 -0.485621383780094 -0.51986740856082 -0.494821230244972 -0.449893208929591 -0.457450461910294 -0.357949598656915 -0.305904100867895 -0.249194441535139 -0.129006268233036 -0.105585994737618 -0.0889033778865613
-3.4e+38 -3.4e+38 -3.4e+38 -3.4e+38 -3.4e+38 -3.4e+38 -3.4e+38 -3.4e+38 -0.817580053361066 -0.739067596805871 -0.814714957306438 -0.717908754851508 -0.569262242865433 -0.300848882315451 -0.110111574790086 0.184373434723877 0.568995365673829 0.532451574423937 0.519948294192653 0.391660975411088 0.257548299470322 0.0614669060752752 0.046846460938886 -0.190900549099373 -0.443102781339278 -0.514010896845394 -0.741905821612205 -0.997788939117914 -1.15403696248379 -1.21003633042623 -1.32847755222061 -1.09876619287456 -1.28937104375983 -1.17776165089527 -1.00527052174206 -0.910954132943153 -0.767286228722841 -0.622761188937098 -0.504885095347075 -0.461883929022685 -0.485726956222662 -0.531058039549593 -0.805217487548514 -0.696578918993458 -0.73306172834576 -0.533476881201653 -0.393141275167601 -0.310298166319369 -0.242264381589281 -0.222650875267002 -0.218920813566038
-3.4e+38 -3.4e+38 -3.4e+38 -3.4e+38 -3.4e+38 -3.4e+38 -3.4e+38 -0.966205121745212 -0.810808105892717 -0.819012587134226 -0.954353731219753 -0.807816676179615 -0.539906173053369 -0.262545006807519 -0.164622988079286 0.0723845216831396 0.4516161949793 0.606055839192124 0.46133244374263 0.341202015474766 0.414605485798981 0.0970174368191378 -0.0126770009309903 -0.265938697085975 -0.479671289507372 -0.667884252989697 -0.859461435934379 -1.0770411588685 -1.14136138078508 -1.35113691758916 -1.58775152078877 -1.29065941162698 -1.26133320285403 -1.2505229799077 -1.11251354203223 -1.1077621690252 -0.819740374591661 -0.65942410300444 -0.497986528736313 -0.461524731315861 -0.521129880780295 -0.571819373513167 -0.591576486470758 -0.571925165180849 -0.566646930907967 -0.556009083672655 -0.530259001766302 -0.495900199820561 -0.405624666886244 -0.274525931450254 -0.268607784703559
-3.4e+38 -3.4e+38 -3.4e+38 -3.4e+38 -3.4e+38 -3.4e+38 -3.4e+38 -1.10628224463494 -0.912698865807167 -0.859459376985556 -0.973562591916991 -0.808996885212254 -0.550388923876011 -0.310539495892876 -0.0674677426799756 0.138331072944107 0.394801368759813 0.504893838062337 0.337867488453443 0.289021236299467 0.210281267894651 0.11872229788393 -0.0398346950149366 -0.263075455932241 -0.559930752255047 -0.756364347773674 -0.875836232386375 -1.06391951357034 -1.20979008981687 -1.34540944710072 -1.4929897564288 -1.28115884881349 -1.36056429549988 -1.328130442617 -1.35813144491817 -1.35124205004575 -1.13726588607042 -0.802560114206532 -0.561819858025496 -0.557064404042149 -0.603083300991386 -0.646424748703093 -0.681310626082796 -0.69165144181133 -0.630384747255097 -0.599347198785866 -0.562197099870406 -0.563922388882776 -0.544440064444038 -0.441384282181766 -0.354692249167617
-3.4e+38 -3.4e+38 -3.4e+38 -3.4e+38 -3.4e+38 -3.4e+38 -3.4e+38 -3.4e+38 -1.12617595568632 -1.07441928106066 -0.942967142811777 -0.731041397564677 -0.544833596805636 -0.192578333908501 0.103488917710062 0.264028195023304 0.350879328490991 0.351358801331328 0.285200891679427 0.131117388575241 0.0970623192155418 0.0339093736707326 -0.0673467461215121 -0.135520134976291 -0.331435385778798 -0.705417021844568 -0.924515555422294 -1.03307408348704 -1.17288045294763 -1.3542712733981 -1.46915722415565 -1.60356947768191 -1.33534140015026 -1.36309457879247 -1.18720746992243 -0.969750610203976 -0.813587789340323 -0.581884357254427 -0.488920200233311 -0.609241162185425 -0.698320335451321 -0.698083388493594 -0.783656716182221 -0.804694031893654 -0.73755398500365 -0.643166169597047 -0.581684189816919 -0.552411732073089 -0.578370674691689 -0.562733868524169 -0.586607467253216
-3.4e+38 -3.4e+38 -3.4e+38 -3.4e+38 -3.4e+38 -3.4e+38 -3.4e+38 -3.4e+38 -1.08479295419729 -0.91040176687523 -0.774120622643264 -0.612941746396458 -0.386951701083701 -0.00765705590762358 0.291395662873614 0.404758775280666 0.314888527674116 0.249999154255214 0.155670144918946 -0.0134305977371473 -0.0872705295753301 -0.174382556216577 -0.130640729063106 -0.214196412643791 -0.371372141965378 -0.724306084982884 -0.881607472978626 -0.974894222806947 -1.18474151171072 -1.31472027813309 -1.4344508999692 -1.61114016663592 -1.69930526881357 -1.36897712884416 -1.15112211214594 -0.99745862852571 -0.825592664915926 -0.616765746424299 -0.474821300336593 -0.504550063650632 -0.678229434066272 -0.832956003926026 -0.936916415595692 -0.885020840787888 -0.789783393356917 -0.69147363715658 -0.59716975028185 -0.563973920992261 -0.56511248399232 -0.589010306739349 -0.633677318685048
-3.4e+38 -3.4e+38 -3.4e+38 -3.4e+38 -3.4e+38 -3.4e+38 -3.4e+38 -3.4e+38 -3.4e+38 -0.761742548567635 -0.625503862057364 -0.466303985321679 -0.186101318541599 0.209386895253188 0.44294767887146 0.440631920991334 0.214516178898471 0.0983117575198715 -0.0144454846162972 -0.127432951559239 -0.220606014123171 -0.259656981086131 -0.306857751202713 -0.322740929137912 -0.425039785349934 -0.736866495458601 -0.884482926494645 -1.03631581677634 -1.12088821793965 -1.30146837740805 -1.43121165188423 -1.58366238839022 -1.35913051857159 -1.37523914814865 -1.22613111874516 -0.99519416264217 -0.93047004555066 -0.715823431428476 -0.517761900967545 -0.50509986684599 -0.654772552655619 -0.94562791806055 -1.14277267008124 -1.04339358361642 -0.931247308357726 -0.8048791511878 -0.690840037330417 -0.666261730941354 -0.661604097633337 -0.697042265980744 -0.738996876105966
-3.4e+38 -3.4e+38 -3.4e+38 -3.4e+38 -3.4e+38 -3.4e+38 -3.4e+38 -3.4e+38 -3.4e+38 -0.612544415438608 -0.487167005716359 -0.292515132867973 -0.0317387814094729 0.341318731574865 0.470378005421719 0.337431038419174 0.284381523539656 0.149049871677914 -0.10024419706143 -0.235140414837817 -0.286749915811624 -0.310406281442881 -0.459772855721997 -0.399243763228449 -0.622206484812909 -0.759263029500889 -1.00458678022926 -1.10445124540008 -1.23036993934931 -1.40250378043276 -1.47207026547879 -1.5875028675533 -1.35237512381838 -1.35909019102307 -1.33039950508538 -1.20929747646545 -1.00297067779747 -0.843746069296722 -0.700928060721236 -0.626668560022549 -0.707141548426878 -0.866838968439236 -0.94188181014927 -0.929498228687781 -0.824760986015763 -0.744394351043404 -0.686904551122753 -0.636617095081428 -0.636570018659554 -0.684284651612023 -0.756996627866507
-3.4e+38 -3.4e+38 -3.4e+38 -3.4e+38 -3.4e+38 -3.4e+38 -3.4e+38 -3.4e+38 -3.4e+38 -0.502185968739266 -0.355828520274783 -0.175643787314552 0.0690228976397319 0.302834762307706 0.43806558992441 0.41486971589669 0.21125396986705 0.095802225557018 -0.0852371292118416 -0.338089860507228 -0.436553288048701 -0.437434707737294 -0.500957170023312 -0.59352415522492 -0.724253474559127 -0.894492580640832 -1.04114056641562 -1.17413476289367 -1.21994479700658 -1.32818231950155 -1.41469811442163 -1.55991442275008 -1.65934649908689 -1.79251840214769 -1.72532075810215 -1.45603485960738 -1.00943601086425 -0.854183264481929 -0.743214420567667 -0.757773815847862 -0.791822067942674 -0.852552124651645 -0.967148431360958 -1.0193093041988 -0.922983633691401 -0.788582596107256 -0.690656868825571 -0.664050673911835 -0.699189711021522 -0.727902656675123 -0.739086367549854
-3.4e+38 -3.4e+38 -3.4e+38 -3.4e+38 -3.4e+38 -3.4e+38 -3.4e+38 -3.4e+38 -3.4e+38 -0.442386266562336 -0.263985916005232 -0.124305725847095 0.0696063133655993 0.313545937322999 0.301155957906149 0.210556551350986 0.080644106833488 -0.0876246642655493 -0.133845830503078 -0.276685287363961 -0.400648069239761 -0.463836332081076 -0.585880240491525 -0.684026969080306 -0.861063584862526 -0.901165471999716 -1.036584756745 -1.19347802277758 -1.24343273833419 -1.3921661902392 -1.40552537411812 -1.50531778244508 -1.81775023114328 -1.77312926594372 -1.30656939010883 -1.10726642362555 -0.991908444335977 -0.910173699105432 -0.870492067337381 -0.831717777368842 -0.822063154058534 -0.884066962217091 -0.958026511435393 -1.05668394252706 -0.992994271506519 -1.01365696443803 -0.894232941974825 -0.835533419396369 -0.783241639291216 -0.781172162916441 -0.801336737836839
-3.4e+38 -3.4e+38 -3.4e+38 -3.4e+38 -3.4e+38 -3.4e+38 -3.4e+38 -3.4e+38 -0.515768277158557 -0.38667521216044 -0.228477835979541 -0.0649804174477978 0.119072306416783 0.162681646447845 0.0523514919620807 0.0177213484833895 0.0285075540231814 -0.157859719365389 -0.301204896704405 -0.382761922857542 -0.51467364719807 -0.541983082630317 -0.690025723830154 -0.79047934800857 -0.888792129926602 -0.944847881244832 -1.07682644524345 -1.26731559389386 -1.27390371588323 -1.29210044887769 -1.41892639996256 -1.48777194006759 -1.51454291350817 -1.40687679805054 -1.1723278196154 -1.04931985938649 -0.969908344879361 -0.94111142226061 -0.861616301664317 -0.847340606382691 -0.874219151811473 -0.930646435736544 -0.937019758287912 -1.02884023926592 -1.02112775005953 -1.0283340617125 -1.0502693770587 -1.03490318277009 -0.877918914076399 -0.851458952780707 -0.871801434139084
-3.4e+38 -3.4e+38 -3.4e+38 -3.4e+38 -3.4e+38 -3.4e+38 -3.4e+38 -0.640987382202915 -0.531595350183505 -0.439157166684325 -0.303785798155677 -0.066583498325783 0.0796462016089974 0.00479940394517925 -0.0436162059324838 0.0737936525269571 -0.0537809345302484 -0.20598094701487 -0.277282174654857 -0.362112905554985 -0.487997749435915 -0.61848552868024 -0.725908964966147 -0.777441002666848 -0.804101517471955 -1.01950815314554 -1.15682228598095 -1.27412918161846 -1.34060910840254 -1.29990996400293 -1.37490345560116 -1.41865387964686 -1.46081316036103 -1.40166278025677 -1.14252953406088 -0.961381200448524 -0.922037196688626 -0.923690412432685 -0.85624617967665 -0.815836550403229 -0.831190187820561 -0.886675485947674 -0.930095339530626 -1.0279314690332 -1.01924065483856 -1.02317786957596 -1.00742273495063 -1.03327236324193 -1.02076122362542 -0.960383202834782 -0.939257273182236
-3.4e+38 -3.4e+38 -3.4e+38 -3.4e+38 -3.4e+38 -3.4e+38 -0.742599280111368 -0.63382993579855 -0.629563481137506 -0.609840242320002 -0.459707389565588 -0.195471281021625 -0.0680570941558796 -0.120788295152258 -0.103702563799644 -0.120800826632617 -0.153147394949604 -0.26584008423224 -0.388681043646266 -0.507994610409782 -0.544907161296437 -0.636519813486516 -0.742554066784718 -0.872642150792831 -0.911397205482694 -1.02106523142905 -1.12627290601157 -1.19115578541398 -1.29943409323352 -1.33761394624619 -1.41379343914675 -1.43846681633802 -1.38070950109569 -1.14541247022652 -1.0672721625642 -1.0696390351362 -0.883157930736396 -0.874431671572929 -0.84181597937897 -0.835690847812606 -0.850977777721107 -0.848734072334687 -0.885465367072054 -0.988483056465823 -0.992114608135445 -0.995516368737794 -1.00374120451536 -0.983874145759289 -1.01471089227274 -1.04976490277474 -1.07711270023052
