data/pcas/pcas_mc_126/pca_referenceLayers_mc_126/PC13.asc
NCOLS 494 
NROWS 529 
XLLCORNER -117.166666666667 
YLLCORNER -55.5 
CELLSIZE 0.166666666666667 
NODATA_value -3.4e+38 
[rows 88 to 109 of 529, columns 100 to 149 of 494]
-0.0888524632529605 -0.04701260613582 -0.0445445795193471 -0.0259149002450164 0.00153310091209615 0.0465829033298611 0.0655200924449028 0.0541010434555765 0.0755688475306089 0.0686362766568495 0.0781434757362412 0.104589773454721 0.131961501711015 0.151076424582756 0.155134501074736 0.170261601704963 0.204700291463153 0.170579895871698 0.186779187022579 0.141794596286199 0.0905860135422265 0.0109926682685394 -0.088212842397575 -0.218916843829211 -0.307631445916887 -0.296820319950986 -0.242420393523736 -0.169945694554634 -0.131843627910645 -0.0934730557303967 -0.0642450312024091 -0.0792577144550065 -0.090400058716739 -0.0113482826095395 0.015512212563963 -0.0100751848617788 0.111504279542158 0.218032216888941 0.250734765842609 0.264192416005218 0.20469226930984 0.197211515851709 0.252418575268212 0.277505009370605 0.235849975244412 0.191606833294381 0.192209703720663 0.209113802558068 0.226162666490577 0.215621567168716
-0.0375234110545109 -0.037361556461255 -0.0425466233567881 -0.0287719144621832 -0.00439391887612761 -0.00103606994891286 0.0117959067888805 0.00865870899750143 0.0191273672629572 0.0393841710016761 0.0455034876339347 0.0791411808283817 0.117598359271122 0.13070055101079 0.16063655968556 0.185811200411768 0.194932479393704 0.196720992745118 0.180881589063262 0.14151243104354 0.106761314247463 0.0461601859852031 -0.0228426623472362 -0.10795437097944 -0.206297727935084 -0.249811364621888 -0.279401550767392 -0.191608057772108 -0.162959374421639 -0.120784154153684 -0.0882784203827417 -0.0757558884880876 -0.0935508283987072 -0.0901551066750215 0.0181143320711415 0.0172157853254795 0.094508019155385 0.182606910436534 0.225413612940772 0.239072299056063 0.23764406495615 0.244015934694688 0.247226066520338 0.275432869630637 0.24191367204813 0.210699337701115 0.201118642295574 0.226854065190488 0.292204424379379 0.342881745767854
-0.0464127682351181 -0.0440031967368405 -0.0217477330864817 -0.0345483136494734 -0.0150829674645381 0.000711537963986004 0.0161763185266604 0.0256230258480213 0.01621883985475 0.0272002158489061 0.0210176315424046 0.0522701783439995 0.0895987369975831 0.100754969310427 0.125624180001148 0.155578367247056 0.169408344599168 0.170125282485703 0.151195047290214 0.140134271237023 0.107232358203104 0.0656675579503713 0.0164605710663222 -0.0128600401799339 -0.062793011912228 -0.21605263810369 -0.290569114961085 -0.279129084517328 -0.23755200886109 -0.154234356757373 -0.100012499408714 -0.0980500572790288 -0.0878752762562791 -0.122409481968316 -0.0100824489688458 0.0415129709255774 0.0891418501639349 0.150256554144243 0.195711320168312 0.225961984960823 0.232943456671916 0.242050190286242 0.273645351320097 0.352491761297098 0.294955602509988 0.243508935357398 0.208311061550633 0.220702414743225 0.277225292507319 0.282776063599156
-0.0398094815634138 -0.0440176845479306 -0.050546588323551 -0.0758479753395779 -0.0742219144411327 -0.0344451715800001 -0.00940782504689604 0.0170285931593105 0.0241270928520139 0.0232959821455088 0.0364733473528677 0.0237618869911674 0.0369627584616935 0.0710061716899841 0.0885111066770922 0.119603879777081 0.122610896396172 0.136489656324554 0.106950561084254 0.16400327772847 0.144122469041826 0.120438862147163 0.0498008942804605 0.0106946994917554 0.0118279743922449 -0.142618512718578 -0.178126139988928 -0.284218428774712 -0.294879045098496 -0.269389904170053 -0.209695896805885 -0.176488797138803 -0.13407326699504 -0.187065010989699 -0.0133748245510094 0.0924193142331721 0.0937442373438731 0.115080736356291 0.158924760631264 0.188703422560389 0.206066648016571 0.194171785572117 0.184278056243801 0.221085324762075 0.237313012999452 0.255554713902864 0.232040965457078 0.134108904798083 0.147929111795283 0.133534284484454
-0.00632971669137923 -0.0275184567168781 -0.0488161058080853 -0.0693082646735601 -0.0620227759258938 -0.0163846887964917 -0.0219322030682975 0.00175215677115728 0.0106966976621799 0.0117088340394332 0.0136061020745476 0.0288956824637856 0.037344288896611 0.0422588141016981 0.0530388329393827 0.0774581499413566 0.103285746153089 0.0958854030347988 0.098857347702448 0.139579126655357 0.149488548076157 0.153472598943689 0.110590080867072 0.0639362097752581 0.0487939511162813 -0.0416467298879887 -0.0816296734342953 -0.291300502700113 -0.275271288771589 -0.279386309950126 -0.302281019975278 -0.325658667443354 -0.339198571161271 -0.213988210068188 -0.00879432001087226 0.111484447617464 0.118552203139314 0.0860216795626706 0.12874608544055 0.157663131360378 0.165175273903811 0.152055392048869 0.158864722201807 0.131708718798798 -0.00264199823478686 0.0152259026432029 0.0756150821267936 0.0286444027748125 -0.017862532614262 0.0158176370324505
-3.4e+38 -0.0116575216169108 -0.0175957941242025 -0.0417979928396798 -0.0447366091617739 0.00500680005667694 0.0200469132984058 0.0187609570625596 0.0238497585052834 0.0101895884316656 0.00683406958860617 0.000208212178489091 0.0350906031387567 0.064172310553353 0.040904496366439 0.0580001884938167 0.0522110964028015 0.067284724102344 0.12070539925921 0.135142506190443 0.120498049780981 0.120380043140839 0.168659382140694 0.147804443552695 0.0872364901888967 0.0193121999747893 -0.0211406525623073 -0.159857325944177 -0.234419214139588 -0.13675059309428 -0.1467769026266 -0.182731003048775 -0.260513077320835 -0.177289343245914 0.0410088963380116 0.118738146956359 0.132144228929004 0.133852897883655 0.130490714552056 0.117539278553269 0.082140195501203 0.0584526961713194 0.070631291832235 0.0399556226619031 0.107701086437527 0.0631318751483792 0.0687799082900645 0.0243751753136556 0.0110576650886203 -0.0129523873572988
-3.4e+38 -3.4e+38 -3.4e+38 -3.4e+38 -0.0625147027495413 -0.00823376108148702 0.0313273289281816 0.05993855825993 0.0526383651213516 0.00808343929923382 0.00414411842155353 0.0169468894785735 0.0436714217094677 0.0801474881878481 0.0929723255178998 0.079372900995083 0.0516064633489352 0.0516903915883514 0.121659172312665 0.130071235747881 0.0722898632662942 0.0851182151704549 0.183563477986561 0.184026962370712 0.155155943088801 0.0941097930531181 0.044939797142607 -0.0789368665208997 -0.100782269530055 -0.0736289780444233 -0.0078005292034841 -0.0411366891524793 -0.17592464796597 -0.0500859723477015 0.0931742290268481 0.112045811212653 0.102015749313323 0.100616114014836 0.122769682774332 0.11140513250032 0.0952691386519328 0.0730566174711515 0.0890824549037934 0.111546848418272 0.113560184175057 0.0821481801145862 0.0729272544644092 0.0799858977629035 0.066329514522449 0.0275189225455362
-3.4e+38 -3.4e+38 -3.4e+38 -3.4e+38 -3.4e+38 0.0153420386205619 0.0606277034850968 0.0585372682883111 0.0920880406657779 0.061022911512786 0.0675741680128838 0.0587385787158861 0.0571061465884345 0.0987689307222667 0.0959333772199079 0.0468222943933913 0.0259482572726407 0.0686787416204645 0.0918590285090838 0.0429005374141368 0.0449079521887417 0.117247837792284 0.176678087195854 0.169494196217424 0.143462336430306 0.0862606338341941 0.0434942524372666 -0.0144600241880364 -0.0693894824346287 -0.0213581986642391 -0.00159784882517777 -0.0193094190970871 -0.031440776364953 0.0973788702464658 0.130231019984432 0.0116288942309309 -0.013581635796994 0.0193294269282166 0.0722897624668332 0.0568323558524273 0.0170319070353723 0.0137916560901199 0.0598112742795728 0.0723307559842254 0.0850981480574764 0.0923071964788796 0.14160677635786 0.144481157396736 0.134160015955831 0.11523138159547
-3.4e+38 -3.4e+38 -3.4e+38 -3.4e+38 -3.4e+38 -3.4e+38 -3.4e+38 -3.4e+38 -3.4e+38 -3.4e+38 -3.4e+38 0.0539280890676792 0.045466060442522 0.0623437786928637 0.0555027914980673 0.0249441407828513 0.0252965230611868 0.0397922356510552 0.0764455316507627 0.0818456835063917 0.103714288184565 0.127897644824789 0.158991488768288 0.120879667670564 0.112276782890651 0.067380551551156 0.0435040115331381 0.0333066548249936 -0.00305554290215454 -0.0060031638316476 -0.00240794653200629 0.0102453032565907 0.0554183474474529 0.0862808251403835 0.109135940851428 0.102146039635034 0.0996608190662351 0.00999409192761396 0.0154793174471759 0.0327123695159975 -0.000465809030982599 0.0060284655328953 0.0377694814380564 0.0531614297581041 0.0814087693867509 0.107221457405563 0.12263885582998 0.169737169185961 0.170002976038747 0.169926307605756
-3.4e+38 -3.4e+38 -3.4e+38 -3.4e+38 -3.4e+38 -3.4e+38 -3.4e+38 -3.4e+38 -3.4e+38 -3.4e+38 -3.4e+38 -3.4e+38 0.051256905709487 0.0493150448901493 0.0257267825915401 0.0157906459553608 0.0014644335921321 0.00390518510622616 0.0532592246793511 0.0708628177767289 0.0831752160563119 0.116504411149813 0.11301908708635 0.118442391809466 0.0805719671931565 0.0555389346126319 0.0353693460554002 0.0433595640150268 0.0377475971077144 0.0537357318140208 0.0400512068931412 0.0442837534729633 0.0716185242894669 -3.4e+38 0.0881507553440136 0.0934595394207528 0.13214184108855 0.0661890517478166 0.00708906706133671 0.00169561846127435 -0.0253899211778706 0.00159381242142296 0.0104195518523932 0.0386935211761662 0.0555276897181545 0.0972414842472148 0.132546299185704 0.209058574219942 0.209722509504864 0.206117455981712
-3.4e+38 -3.4e+38 -3.4e+38 -3.4e+38 -3.4e+38 -3.4e+38 -3.4e+38 -3.4e+38 -3.4e+38 -3.4e+38 -3.4e+38 -3.4e+38 -3.4e+38 -3.4e+38 -0.00445682006931462 0.0198223310749948 0.0466523574045324 0.0122293931182216 -0.00701382652181212 0.0470216181903501 0.0621256920068021 0.0784676022621306 0.0880388357088923 0.0483432517266306 0.0433656519307131 0.010760849709299 0.0281741706842065 0.0385976924759305 0.0463999005521575 0.0233670754024598 0.040831816718059 0.0719175042358881 0.0640623206184161 -3.4e+38 -3.4e+38 -3.4e+38 0.0435554014270473 0.0519431758732086 -3.4e+38 0.013270308097603 -0.0283890182617295 -0.00451122332905991 -0.00235296569075007 -0.00460252601965615 0.00447493136495599 0.0240931448870013 0.0929991426425521 0.177448475019888 0.223847873876353 0.211421506477123
-3.4e+38 -3.4e+38 -3.4e+38 -3.4e+38 -3.4e+38 -3.4e+38 -3.4e+38 -3.4e+38 -3.4e+38 -3.4e+38 -3.4e+38 -3.4e+38 -3.4e+38 -3.4e+38 -3.4e+38 -3.4e+38 0.0671025315207008 0.0658448106140739 -0.0195606949366802 -0.0704587400721346 -0.0550309160074141 -0.00971891240994661 0.017620433995354 0.0374039908572523 0.0134260871127438 0.0242335312271129 0.0258074584908658 0.0306860291159414 0.0483606533158286 0.0610620238267026 0.0741716588696789 -3.4e+38 -3.4e+38 -3.4e+38 -3.4e+38 -3.4e+38 -3.4e+38 -3.4e+38 -3.4e+38 -3.4e+38 0.00638504188474465 -0.0240072540344255 -0.0118546643271762 -0.0282472961183921 -0.0411270700598501 -0.0031099136513036 0.0476521798949396 0.0581459352398101 0.135226489928497 0.214085448737803
-3.4e+38 -3.4e+38 -3.4e+38 -3.4e+38 -3.4e+38 -3.4e+38 -3.4e+38 -3.4e+38 -3.4e+38 -3.4e+38 -3.4e+38 -3.4e+38 -3.4e+38 -3.4e+38 -3.4e+38 -3.4e+38 -3.4e+38 -3.4e+38 -3.4e+38 -3.4e+38 -3.4e+38 -0.0842744003378803 -0.0437703485958424 -0.00243768742738968 0.0133284974811428 0.0308648181472164 0.0511649942239039 0.0648091207614498 -3.4e+38 -3.4e+38 -3.4e+38 -3.4e+38 -3.4e+38 -3.4e+38 -3.4e+38 -3.4e+38 -3.4e+38 -3.4e+38 -3.4e+38 -3.4e+38 -3.4e+38 -0.0138627073476685 -0.0398987250698661 -0.0338691738809485 -0.036338385043014 -0.07179929887607 -0.0394113681605642 0.0157056437134036 0.0999036981108584 0.165246436485343
-3.4e+38 -3.4e+38 -3.4e+38 -3.4e+38 -3.4e+38 -3.4e+38 -3.4e+38 -3.4e+38 -3.4e+38 -3.4e+38 -3.4e+38 -3.4e+38 -3.4e+38 -3.4e+38 -3.4e+38 -3.4e+38 -3.4e+38 -3.4e+38 -3.4e+38 -3.4e+38 -3.4e+38 -3.4e+38 -3.4e+38 0.0116361308898062 0.0371468099850397 -3.4e+38 -3.4e+38 -3.4e+38 -3.4e+38 -3.4e+38 -3.4e+38 -3.4e+38 -3.4e+38 -3.4e+38 -3.4e+38 -3.4e+38 -3.4e+38 -3.4e+38 -3.4e+38 -3.4e+38 -3.4e+38 -3.4e+38 -0.0267164914697574 -0.0677812879624313 -0.0631417103755293 -0.0435580768227102 -0.0679191611592995 -0.0163077121049439 0.0615338717315195 0.107825786599416
-3.4e+38 -3.4e+38 -3.4e+38 -3.4e+38 -3.4e+38 -3.4e+38 -3.4e+38 -3.4e+38 -3.4e+38 -3.4e+38 -3.4e+38 -3.4e+38 -3.4e+38 -3.4e+38 -3.4e+38 -3.4e+38 -3.4e+38 -3.4e+38 -3.4e+38 -3.4e+38 -3.4e+38 -3.4e+38 -3.4e+38 -3.4e+38 -3.4e+38 -3.4e+38 -3.4e+38 -3.4e+38 -3.4e+38 -3.4e+38 -3.4e+38 -3.4e+38 -3.4e+38 -3.4e+38 -3.4e+38 -3.4e+38 -3.4e+38 -3.4e+38 -3.4e+38 -3.4e+38 -3.4e+38 -3.4e+38 -3.4e+38 -3.4e+38 -0.068803959364887 -0.0927431166417761 0.00209145536126076 0.026709755093224 0.0875115355484171 0.139263011846759
-3.4e+38 -3.4e+38 -3.4e+38 -3.4e+38 -3.4e+38 -3.4e+38 -3.4e+38 -3.4e+38 -3.4e+38 -3.4e+38 -3.4e+38 -3.4e+38 -3.4e+38 -3.4e+38 -3.4e+38 -3.4e+38 -3.4e+38 -3.4e+38 -3.4e+38 -3.4e+38 -3.4e+38 -3.4e+38 -3.4e+38 -3.4e+38 -3.4e+38 -3.4e+38 -3.4e+38 -3.4e+38 -3.4e+38 -3.4e+38 -3.4e+38 -3.4e+38 -3.4e+38 -3.4e+38 -3.4e+38 -3.4e+38 -3.4e+38 -3.4e+38 -3.4e+38 -3.4e+38 -3.4e+38 -3.4e+38 -3.4e+38 -3.4e+38 -3.4e+38 -0.0183050934264707 -0.0130047427985438 0.0135543473507798 0.107529712607242 0.172822361580783
-3.4e+38 -3.4e+38 -3.4e+38 -3.4e+38 -3.4e+38 -3.4e+38 -3.4e+38 -3.4e+38 -3.4e+38 -3.4e+38 -3.4e+38 -3.4e+38 -3.4e+38 -3.4e+38 -3.4e+38 -3.4e+38 -3.4e+38 -3.4e+38 -3.4e+38 -3.4e+38 -3.4e+38 -3.4e+38 -3.4e+38 -3.4e+38 -3.4e+38 -3.4e+38 -3.4e+38 -3.4e+38 -3.4e+38 -3.4e+38 -3.4e+38 -3.4e+38 -3.4e+38 -3.4e+38 -3.4e+38 -3.4e+38 -3.4e+38 -3.4e+38 -3.4e+38 -3.4e+38 -3.4e+38 -3.4e+38 -3.4e+38 -3.4e+38 -3.4e+38 -3.4e+38 0.067986903318525 0.0424040598990559 0.0314192055935803 0.157219127479971
-3.4e+38 -3.4e+38 -3.4e+38 -3.4e+38 -3.4e+38 -3.4e+38 -3.4e+38 -3.4e+38 -3.4e+38 -3.4e+38 -3.4e+38 -3.4e+38 -3.4e+38 -3.4e+38 -3.4e+38 -3.4e+38 -3.4e+38 -3.4e+38 -3.4e+38 -3.4e+38 -3.4e+38 -3.4e+38 -3.4e+38 -3.4e+38 -3.4e+38 -3.4e+38 -3.4e+38 -3.4e+38 -3.4e+38 -3.4e+38 -3.4e+38 -3.4e+38 -3.4e+38 -3.4e+38 -3.4e+38 -3.4e+38 -3.4e+38 -3.4e+38 -3.4e+38 -3.4e+38 -3.4e+38 -3.4e+38 -3.4e+38 -3.4e+38 -3.4e+38 -3.4e+38 -3.4e+38 0.0755898205160133 0.0358413272903767 0.018331221206075
-3.4e+38 -3.4e+38 -3.4e+38 -3.4e+38 -3.4e+38 -3.4e+38 -3.4e+38 -3.4e+38 -3.4e+38 -3.4e+38 -3.4e+38 -3.4e+38 -3.4e+38 -3.4e+38 -3.4e+38 -3.4e+38 -3.4e+38 -3.4e+38 -3.4e+38 -3.4e+38 -3.4e+38 -3.4e+38 -3.4e+38 -3.4e+38 -3.4e+38 -3.4e+38 -3.4e+38 -3.4e+38 -3.4e+38 -3.4e+38 -3.4e+38 -3.4e+38 -3.4e+38 -3.4e+38 -3.4e+38 -3.4e+38 -3.4e+38 -3.4e+38 -3.4e+38 -3.4e+38 -3.4e+38 -3.4e+38 -3.4e+38 -3.4e+38 -3.4e+38 -3.4e+38 -3.4e+38 -3.4e+38 0.0855428307478646 -0.0267151818412918
-3.4e+38 -3.4e+38 -3.4e+38 -3.4e+38 -3.4e+38 -3.4e+38 -3.4e+38 -3.4e+38 -3.4e+38 -3.4e+38 -3.4e+38 -3.4e+38 -3.4e+38 -3.4e+38 -3.4e+38 -3.4e+38 -3.4e+38 -3.4e+38 -3.4e+38 -3.4e+38 -3.4e+38 -3.4e+38 -3.4e+38 -3.4e+38 -3.4e+38 -3.4e+38 -3.4e+38 -3.4e+38 -3.4e+38 -3.4e+38 -3.4e+38 -3.4e+38 -3.4e+38 -3.4e+38 -3.4e+38 -3.4e+38 -3.4e+38 -3.4e+38 -3.4e+38 -3.4e+38 -3.4e+38 -3.4e+38 -3.4e+38 -3.4e+38 -3.4e+38 -3.4e+38 -3.4e+38 -3.4e+38 -3.4e+38 0.106229293162317
-3.4e+38 -3.4e+38 -3.4e+38 -3.4e+38 -3.4e+38 -3.4e+38 -3.4e+38 -3.4e+38 -3.4e+38 -3.4e+38 -3.4e+38 -3.4e+38 -3.4e+38 -3.4e+38 -3.4e+38 -3.4e+38 -3.4e+38 -3.4e+38 -3.4e+38 -3.4e+38 -3.4e+38 -3.4e+38 -3.4e+38 -3.4e+38 -3.4e+38 -3.4e+38 -3.4e+38 -3.4e+38 -3.4e+38 -3.4e+38 -3.4e+38 -3.4e+38 -3.4e+38 -3.4e+38 -3.4e+38 -3.4e+38 -3.4e+38 -3.4e+38 -3.4e+38 -3.4e+38 -3.4e+38 -3.4e+38 -3.4e+38 -3.4e+38 -3.4e+38 -3.4e+38 -3.4e+38 -3.4e+38 -3.4e+38 -3.4e+38
-3.4e+38 -3.4e+38 -3.4e+38 -3.4e+38 -3.4e+38 -3.4e+38 -3.4e+38 -3.4e+38 -3.4e+38 -3.4e+38 -3.4e+38 -3.4e+38 -3.4e+38 -3.4e+38 -3.4e+38 -3.4e+38 -3.4e+38 -3.4e+38 -3.4e+38 -3.4e+38 -3.4e+38 -3.4e+38 -3.4e+38 -3.4e+38 -3.4e+38 -3.4e+38 -3.4e+38 -3.4e+38 -3.4e+38 -3.4e+38 -3.4e+38 -3.4e+38 -3.4e+38 -3.4e+38 -3.4e+38 -3.4e+38 -3.4e+38 -3.4e+38 -3.4e+38 -3.4e+38 -3.4e+38 -3.4e+38 -3.4e+38 -3.4e+38 -3.4e+38 -3.4e+38 -3.4e+38 -3.4e+38 -3.4e+38 -3.4e+38
