data/pcas/pcas_mc_126/pca_referenceLayers_mc_126/PC13.asc
NCOLS 494 
NROWS 529 
XLLCORNER -117.166666666667 
YLLCORNER -55.5 
CELLSIZE 0.166666666666667 
NODATA_value -3.4e+38 
[rows 374 to 395 of 529, columns 250 to 299 of 494]
-3.4e+38 -3.4e+38 -3.4e+38 -3.4e+38 -3.4e+38 -3.4e+38 -3.4e+38 -3.4e+38 -3.4e+38 -3.4e+38 -3.4e+38 -3.4e+38 -3.4e+38 -3.4e+38 -3.4e+38 -3.4e+38 -3.4e+38 -3.4e+38 -3.4e+38 -3.4e+38 -3.4e+38 -3.4e+38 -3.4e+38 -3.4e+38 -3.4e+38 0.0471948025137318 0.0377412181795072 0.0431776109345656 0.0416767596811668 0.00968844096611757 -0.00399076577433689 -0.0108115555840784 -0.00957637728838399 0.00467438660193096 0.012005569824781 0.0100763838202493 -0.0291213186777873 -0.0355986678172407 -0.0361027527903902 -0.0265914266675642 -0.00188305435388263 0.00795234564272975 0.0104328948994236 0.0157168547015342 0.0131489422361909 0.0210632201408497 0.0276913388511314 0.036084922263385 0.0280886527882147 0.023119585021418
-3.4e+38 -3.4e+38 -3.4e+38 -3.4e+38 -3.4e+38 -3.4e+38 -3.4e+38 -3.4e+38 -3.4e+38 -3.4e+38 -3.4e+38 -3.4e+38 -3.4e+38 -3.4e+38 -3.4e+38 -3.4e+38 -3.4e+38 -3.4e+38 -3.4e+38 -3.4e+38 -3.4e+38 -3.4e+38 -3.4e+38 -3.4e+38 -3.4e+38 -3.4e+38 0.0387144276799365 0.0334146794038244 0.0480430147840316 0.0282796209507447 0.00267935361342019 -0.000157053336184362 -0.00184855201796438 -0.00898853279100181 0.00952502822931752 0.0114753977682362 -0.0429038128025403 -0.0346524134443829 -0.0233596664966397 -0.0223539654438956 -0.00189979062186206 0.00753085457405487 0.0157366114621465 0.0183392819862766 0.0152106309980507 0.0166768328030486 0.0262542030789715 0.0311975242121822 0.0283598586600507 0.0301832085193241
-3.4e+38 -3.4e+38 -3.4e+38 -3.4e+38 -3.4e+38 -3.4e+38 -3.4e+38 -3.4e+38 -3.4e+38 -3.4e+38 -3.4e+38 -3.4e+38 -3.4e+38 -3.4e+38 -3.4e+38 -3.4e+38 -3.4e+38 -3.4e+38 -3.4e+38 -3.4e+38 -3.4e+38 -3.4e+38 -3.4e+38 -3.4e+38 -3.4e+38 0.0464613531153517 0.0415724163143827 0.0409014534324847 0.0389656255144624 0.0325299078216124 0.0181684955081425 -0.00675086249409313 -0.00452624149648239 -0.013067950754774 0.00193893251366255 -0.0416907998790034 -0.0446380498379266 -0.04200001317173 -0.0134542100424524 -0.0144704868492504 0.00102311374836114 0.0137728754135253 0.0149663787118513 0.0176796845097253 0.0151112678274286 0.019222275856004 0.0227735795423342 0.0227003872610559 0.0257050533165384 0.0201762857098418
-3.4e+38 -3.4e+38 -3.4e+38 -3.4e+38 -3.4e+38 -3.4e+38 -3.4e+38 -3.4e+38 -3.4e+38 -3.4e+38 -3.4e+38 -3.4e+38 -3.4e+38 -3.4e+38 -3.4e+38 -3.4e+38 -3.4e+38 -3.4e+38 -3.4e+38 -3.4e+38 -3.4e+38 -3.4e+38 -3.4e+38 -3.4e+38 0.0493936064442747 0.0441218075102902 0.0385601735491453 0.0410858922496597 0.0434143492373794 0.0225603697331243 0.013569118483053 0.00294932536375455 -0.0101708058216138 -0.0169281343031244 0.00411893718472353 -0.0540527579921323 -0.0419688222673672 -0.0339145671519601 -0.0186393938140391 -0.00714902542501137 0.0058406500304436 0.00693934660936717 0.0115691405530765 0.0172548897464698 0.0158647490394773 0.0204243043915338 0.0222525615766416 0.0271064423518234 0.0233849432340681 0.0218479853949016
-3.4e+38 -3.4e+38 -3.4e+38 -3.4e+38 -3.4e+38 -3.4e+38 -3.4e+38 -3.4e+38 -3.4e+38 -3.4e+38 -3.4e+38 -3.4e+38 -3.4e+38 -3.4e+38 -3.4e+38 -3.4e+38 -3.4e+38 -3.4e+38 -3.4e+38 -3.4e+38 -3.4e+38 -3.4e+38 -3.4e+38 0.0453219343492241 0.0490328417214353 0.0437530959419631 0.0471047365821361 0.0351895436038669 0.038794359232535 0.0269770857157478 0.0124409118393317 0.00335477396498667 -0.00593369836056509 -0.0108467813569923 -0.00910480870901869 -0.0553023457437749 -0.0473696950062281 -0.0313487758795424 -0.0247866436503343 -0.0165991222180279 0.00128381079826791 0.00595062086198346 0.0115209250643472 0.0100359267182447 0.0159266408834933 0.020128723383788 0.0190520407909891 0.0230109430192844 0.0222700113483276 0.0214108327189177
-3.4e+38 -3.4e+38 -3.4e+38 -3.4e+38 -3.4e+38 -3.4e+38 -3.4e+38 -3.4e+38 -3.4e+38 -3.4e+38 -3.4e+38 -3.4e+38 -3.4e+38 -3.4e+38 -3.4e+38 -3.4e+38 -3.4e+38 -3.4e+38 -3.4e+38 -3.4e+38 -3.4e+38 -3.4e+38 -3.4e+38 0.0487807428478945 0.0553393049418059 0.0585594816006333 0.0518469543827569 0.0303113411612221 0.0315879341899225 0.0249660937702954 0.00253292265936471 -0.000253270224498593 -0.00493452570763484 -0.00939496493675722 -0.00456967250944865 0.00729612256168526 -0.0449721755438245 -0.0349759524512738 -0.028594981562491 -0.016495740730901 0.000187422313051931 0.00631989799259282 0.0108566058896968 0.0120523458442966 0.0123317248638258 0.0202434269382517 0.0199620757512924 0.0193114929135597 0.0153662995336194 0.0119246960093252
-3.4e+38 -3.4e+38 -3.4e+38 -3.4e+38 -3.4e+38 -3.4e+38 -3.4e+38 -3.4e+38 -3.4e+38 -3.4e+38 -3.4e+38 -3.4e+38 -3.4e+38 -3.4e+38 -3.4e+38 -3.4e+38 -3.4e+38 -3.4e+38 -3.4e+38 -3.4e+38 -3.4e+38 -3.4e+38 -3.4e+38 0.0535702879653324 0.0592788993587308 0.0555621529699289 0.0502437974202014 0.0508411240528753 0.0264347425538849 0.0289809973592445 0.0108442372389076 0.000457433432440674 -0.00421134565810517 -0.00980437762641327 -0.00360710700056555 -0.057943239039904 -0.0488704388565192 -0.0487879072445911 -0.0354130733500881 -0.021156324767047 -0.00438735711941216 -0.00147731683590299 0.00643750679843173 0.0108002920379483 0.017799711151075 0.017842571742386 0.0192288935366962 0.0177732509601345 0.016501769151814 0.012072995417524
-3.4e+38 -3.4e+38 -3.4e+38 -3.4e+38 -3.4e+38 -3.4e+38 -3.4e+38 -3.4e+38 -3.4e+38 -3.4e+38 -3.4e+38 -3.4e+38 -3.4e+38 -3.4e+38 -3.4e+38 -3.4e+38 -3.4e+38 -3.4e+38 -3.4e+38 -3.4e+38 -3.4e+38 -3.4e+38 -3.4e+38 0.0486747851411771 0.0494934973055856 0.0480123080373358 0.0452299102308845 0.0312658338560028 0.023333899430017 0.0288424204377216 0.0175738915915174 0.00254327590323028 0.00497162147535814 -0.00418324369661161 -0.0079783284516326 -0.0667703400107312 -0.049445950261966 -0.0398200629841847 -0.0366083630854927 -0.0254289107527292 -0.0102212171529051 -0.00582888353308653 0.00535635212710419 0.00663089978649538 0.013224201024947 0.0199404431587371 0.0197985351121718 0.0227644470890543 0.0186437544752493 0.00733034513267822
-3.4e+38 -3.4e+38 -3.4e+38 -3.4e+38 -3.4e+38 -3.4e+38 -3.4e+38 -3.4e+38 -3.4e+38 -3.4e+38 -3.4e+38 -3.4e+38 -3.4e+38 -3.4e+38 -3.4e+38 -3.4e+38 -3.4e+38 -3.4e+38 -3.4e+38 -3.4e+38 -3.4e+38 -3.4e+38 -3.4e+38 0.0429856454369092 0.0458579621846379 0.037725020764868 0.0417234421477103 0.0276780868760303 0.0260341350409282 0.025960153802531 0.0166926208743227 0.00180004386764506 0.00157400416926424 0.00270315853684357 0.00550060582075095 -0.0711358614132938 -0.0483664812176433 -0.0419750734089488 -0.032175441238094 -0.0237304118635724 -0.0128178767879102 -0.00323088431997602 0.00483478593188747 0.00357188037443933 0.00894947078520194 0.0102771723894125 0.0049631530454962 0.00534231188961768 0.0207894139149911 4.41890522739873e-05
-3.4e+38 -3.4e+38 -3.4e+38 -3.4e+38 -3.4e+38 -3.4e+38 -3.4e+38 -3.4e+38 -3.4e+38 -3.4e+38 -3.4e+38 -3.4e+38 -3.4e+38 -3.4e+38 -3.4e+38 -3.4e+38 -3.4e+38 -3.4e+38 -3.4e+38 -3.4e+38 -3.4e+38 -3.4e+38 -3.4e+38 0.0426211489276156 0.0322719896687328 0.0357147829371177 0.0240635485900354 0.0228166167375551 0.0264403957172214 0.0209561050795091 0.0193367660777484 -0.00210990844647205 0.00113507178152204 0.000261161398157059 -0.00674042697595953 -0.068004891269752 -0.0503335022641372 -0.0362567814894397 -0.0217670246292775 -0.0265047305647727 -0.00947336925171473 -0.00763730458384853 -0.00617260746851372 -0.00185514182164944 0.00253112338846888 0.0108790291866039 0.00157608200796458 -0.000181417452838305 0.00484849282524498 0.00298933521404349
-3.4e+38 -3.4e+38 -3.4e+38 -3.4e+38 -3.4e+38 -3.4e+38 -3.4e+38 -3.4e+38 -3.4e+38 -3.4e+38 -3.4e+38 -3.4e+38 -3.4e+38 -3.4e+38 -3.4e+38 -3.4e+38 -3.4e+38 -3.4e+38 -3.4e+38 -3.4e+38 -3.4e+38 -3.4e+38 -3.4e+38 -3.4e+38 0.0438781666953885 0.027986202507358 0.0241904363677655 0.0253921524422907 0.0294346756556078 0.0108710365819322 0.00822809812854518 0.00280408445510062 -0.000238017088308409 -0.0062811382223836 -0.00448949256732917 -0.0602988090809712 -0.0487581496206458 -0.0474169654833656 -0.027750973441185 -0.0234162012985768 -0.0173364605402483 -0.015055176841848 -0.0155121074624045 -0.0240221418309723 0.000483119860635442 0.00623040933901166 -0.00737267222239203 -0.00801584450776168 -0.00168451379453385 0.00181350819458147
-3.4e+38 -3.4e+38 -3.4e+38 -3.4e+38 -3.4e+38 -3.4e+38 -3.4e+38 -3.4e+38 -3.4e+38 -3.4e+38 -3.4e+38 -3.4e+38 -3.4e+38 -3.4e+38 -3.4e+38 -3.4e+38 -3.4e+38 -3.4e+38 -3.4e+38 -3.4e+38 -3.4e+38 -3.4e+38 -3.4e+38 -3.4e+38 0.0410133319470865 0.0393193692449125 0.0398189152161645 0.025358558796851 0.026835274091557 0.00765674241247226 -0.00260224514350138 0.0133360110621621 0.00788254785809262 0.00885951728374079 -0.00428224352249984 -0.0577928132440473 -0.0489091111662924 -0.0414005181677622 -0.0412986354418089 -0.0320118878730738 -0.0242239652324547 -0.015033660234623 -0.014164578837082 -0.0117293401476553 -0.00644837852370193 0.00218937192674309 -0.0122785988632139 -0.0107258358187749 -0.0132710714069955 -0.00585463304518041
-3.4e+38 -3.4e+38 -3.4e+38 -3.4e+38 -3.4e+38 -3.4e+38 -3.4e+38 -3.4e+38 -3.4e+38 -3.4e+38 -3.4e+38 -3.4e+38 -3.4e+38 -3.4e+38 -3.4e+38 -3.4e+38 -3.4e+38 -3.4e+38 -3.4e+38 -3.4e+38 -3.4e+38 -3.4e+38 -3.4e+38 -3.4e+38 0.033450462467786 0.0391510896659619 0.0390330024261641 0.0238140275891647 0.0387801220745129 0.0277520308403832 -0.00144084494155335 -0.00840784675211651 0.00910346033374777 0.000995250896958386 0.00144873992636138 -0.0500456681210617 -0.047526413865047 -0.0421420465767464 -0.037915737834777 -0.0422185910050483 -0.0289962976813536 -0.0202160485361109 -0.0178503280817089 -0.0168929210925502 -0.00814833674678595 -0.0101994444434217 -0.0111468284568659 -0.0154794799096878 -0.0106467804674062 -0.00776417545891739
-3.4e+38 -3.4e+38 -3.4e+38 -3.4e+38 -3.4e+38 -3.4e+38 -3.4e+38 -3.4e+38 -3.4e+38 -3.4e+38 -3.4e+38 -3.4e+38 -3.4e+38 -3.4e+38 -3.4e+38 -3.4e+38 -3.4e+38 -3.4e+38 -3.4e+38 -3.4e+38 -3.4e+38 -3.4e+38 -3.4e+38 -3.4e+38 0.0261223849509613 0.0213108322303752 0.0276634939614725 0.0321122115959743 0.037965309859213 0.0463906527702813 0.00683833827459948 -0.0129260482625189 -0.00490369446282087 0.00168360624347573 0.0191032560696991 0.0293595423691433 -0.0447764489317396 -0.0235554300268735 -0.0268572478585687 -0.0383232079402697 -0.0304205214660088 -0.0194771563661322 -0.0149642940540514 -0.013649602121538 -0.0142755143498632 -0.0211238449329117 -0.0177661657795407 -0.0108164834077115 -0.0017843929669996 -0.0153443993846552
-3.4e+38 -3.4e+38 -3.4e+38 -3.4e+38 -3.4e+38 -3.4e+38 -3.4e+38 -3.4e+38 -3.4e+38 -3.4e+38 -3.4e+38 -3.4e+38 -3.4e+38 -3.4e+38 -3.4e+38 -3.4e+38 -3.4e+38 -3.4e+38 -3.4e+38 -3.4e+38 -3.4e+38 -3.4e+38 -3.4e+38 -3.4e+38 0.0270931382585356 0.0318949392896537 0.0354728293488626 0.0409747599924294 0.0498117855424073 0.0485876738410634 0.0172505938917526 -0.015369092019296 0.000122709486912301 -0.0027402672040969 0.0188796752429059 -0.00149860951100603 -0.0280258508945707 -0.0382459511168316 -0.0530387242722073 -0.0251454803713275 -0.0281518352723437 -0.0209008010824229 -0.014965686990477 -0.0213419854923947 -0.025142661147627 -0.0274557704943764 -0.018136048880553 -0.0165634187824806 -0.0177103009954952 -0.0143289463219521
-3.4e+38 -3.4e+38 -3.4e+38 -3.4e+38 -3.4e+38 -3.4e+38 -3.4e+38 -3.4e+38 -3.4e+38 -3.4e+38 -3.4e+38 -3.4e+38 -3.4e+38 -3.4e+38 -3.4e+38 -3.4e+38 -3.4e+38 -3.4e+38 -3.4e+38 -3.4e+38 -3.4e+38 -3.4e+38 -3.4e+38 -3.4e+38 0.0232032727065234 0.0270102362202881 0.0367730528032084 0.0499990495093014 0.0519992277592591 0.0572556518245894 0.00269693202815144 -0.011010260231824 -0.00353702237143251 -0.0022273192654062 -0.000354804279717524 -0.00693144471953603 0.0488005512285005 -0.0508602712662726 -0.0549508886969831 -0.0251531655716564 -0.0244920287872754 -0.0273543374536599 -0.00779712525966062 -0.0209798479373091 -0.0270988643502773 -0.0213919619417453 -0.0226821730675369 -0.0212315326612527 -0.0206223882213646 -0.0208967407271195
-3.4e+38 -3.4e+38 -3.4e+38 -3.4e+38 -3.4e+38 -3.4e+38 -3.4e+38 -3.4e+38 -3.4e+38 -3.4e+38 -3.4e+38 -3.4e+38 -3.4e+38 -3.4e+38 -3.4e+38 -3.4e+38 -3.4e+38 -3.4e+38 -3.4e+38 -3.4e+38 -3.4e+38 -3.4e+38 -3.4e+38 -3.4e+38 -3.4e+38 0.0223162052561126 0.0270965483342453 0.0353293915354032 0.0506279767288384 0.0713450079512266 0.034598705287717 -0.00824869376011382 -0.0202464614669651 -0.0170975442382067 -0.000222090299696076 -0.00735602957800681 0.0282038853016843 -0.063199562412657 -0.0520411900695454 -0.0210474946938609 -0.0134823205201741 -0.0296449468281069 -0.00944996402596406 -0.0241279011647792 -0.0254336056624425 -0.0215520739742645 -0.0204322414868167 -0.0261828401582939 -0.0264864355097637 -0.0227800983814575
-3.4e+38 -3.4e+38 -3.4e+38 -3.4e+38 -3.4e+38 -3.4e+38 -3.4e+38 -3.4e+38 -3.4e+38 -3.4e+38 -3.4e+38 -3.4e+38 -3.4e+38 -3.4e+38 -3.4e+38 -3.4e+38 -3.4e+38 -3.4e+38 -3.4e+38 -3.4e+38 -3.4e+38 -3.4e+38 -3.4e+38 -3.4e+38 -3.4e+38 0.0152046408519486 0.0346976589253068 0.0374684329940918 0.0437946745474587 0.0700779262529622 0.0259439647898424 0.00184951508200624 -0.0198269868404241 -0.00596608667142632 -0.00532483631440233 -0.00470505919722639 -0.041321805305989 -0.0561343840790098 -0.0460568942037754 -0.025784520027304 -0.0180192013685979 -0.0168579084460635 -0.00778244772785701 -0.0115229595888443 -0.0249254024691728 -0.0285913572210983 -0.0284457417803261 -0.0253418876802443 -0.0240967450616983 -0.0189871208793637
-3.4e+38 -3.4e+38 -3.4e+38 -3.4e+38 -3.4e+38 -3.4e+38 -3.4e+38 -3.4e+38 -3.4e+38 -3.4e+38 -3.4e+38 -3.4e+38 -3.4e+38 -3.4e+38 -3.4e+38 -3.4e+38 -3.4e+38 -3.4e+38 -3.4e+38 -3.4e+38 -3.4e+38 -3.4e+38 -3.4e+38 -3.4e+38 0.011009021625182 0.0162743228903662 0.0265681171902336 0.0287414080367678 0.0350395720185775 0.0360814987547285 0.0618340898638685 0.0130795847457695 -0.00328438513570763 -0.0260463135233616 -0.024927074631698 0.000194259707671968 0.00245738011448035 -0.0417414602677745 -0.052083431602641 -0.0205078558435612 -0.0196170857343764 -0.0145148295919201 -0.0142647655764651 -0.0261115211131777 -0.0256803271292483 -0.0328943169114033 -0.0291371332318654 -0.0298171340808184 -0.0295077856699292 -0.0234483553774249
-3.4e+38 -3.4e+38 -3.4e+38 -3.4e+38 -3.4e+38 -3.4e+38 -3.4e+38 -3.4e+38 -3.4e+38 -3.4e+38 -3.4e+38 -3.4e+38 -3.4e+38 -3.4e+38 -3.4e+38 -3.4e+38 -3.4e+38 -3.4e+38 -3.4e+38 -3.4e+38 -3.4e+38 -3.4e+38 -3.4e+38 -3.4e+38 0.025590161299932 0.0255461095315044 0.0220641820299647 0.0256349986612945 0.0381133483489782 0.0370737893217094 0.0679563663963639 0.0405921700525562 -0.00469340810767695 -0.0192360441909527 -0.022677676397305 -0.0092713314619886 -0.016714098639278 -0.043067595036289 -0.0417461796635459 -0.0185438240124092 -0.0254440400655045 -0.018805970178758 -0.0131012414904974 -0.0269186329197466 -0.0276043647191651 -0.0352824945133591 -0.0329641134530938 -0.0359869721253768 -0.0290045547615206 -0.0239834679573857
-3.4e+38 -3.4e+38 -3.4e+38 -3.4e+38 -3.4e+38 -3.4e+38 -3.4e+38 -3.4e+38 -3.4e+38 -3.4e+38 -3.4e+38 -3.4e+38 -3.4e+38 -3.4e+38 -3.4e+38 -3.4e+38 -3.4e+38 -3.4e+38 -3.4e+38 -3.4e+38 -3.4e+38 -3.4e+38 -3.4e+38 0.00277136262614804 0.0102852944873299 0.00909515032104167 0.0205814260182749 0.0301654371862801 0.0261094810420589 0.0522646893828018 0.0287545324291606 -0.00206139656708495 -0.0141700322671941 -0.0137256881011573 -0.0303043586913358 -0.0125348734410874 -0.0182979143336683 -0.0420584889426918 -0.00947616380720222 -0.0248900275613797 -0.0298032983299501 -0.0163539209963174 -0.00159776629572804 -0.0233713291129596 -0.0304626223219541 -0.0351276776722769 -0.0356813638658528 -0.0327427932097611 -0.0239027718846569 -0.0210566096018322
-3.4e+38 -3.4e+38 -3.4e+38 -3.4e+38 -3.4e+38 -3.4e+38 -3.4e+38 -3.4e+38 -3.4e+38 -3.4e+38 -3.4e+38 -3.4e+38 -3.4e+38 -3.4e+38 -3.4e+38 -3.4e+38 -3.4e+38 -3.4e+38 -3.4e+38 -3.4e+38 -3.4e+38 -3.4e+38 -3.4e+38 0.0103717305043815 0.0139996714442055 0.0209877940625127 0.0274937543667338 0.0269010607038614 0.0286938778928532 0.015902192916562 0.0473566020095911 -0.0145195701966542 -0.0135533283487416 -0.0181850374636038 -0.02757942308689 -0.022670917740712 0.00280319162478625 -0.0294418356134977 -0.0147365549696096 -0.0269070426889529 -0.0361087587560991 -0.0210705467055143 -0.010014678157497 -0.0262668879163183 -0.0400723992202317 -0.0334273451735802 -0.0310539970025336 -0.0231370341299171 -0.0183685435169751 -0.0185530569539725
