data/pcas/pcas_mc_126/pca_referenceLayers_mc_126/PC13.asc
NCOLS 494 
NROWS 529 
XLLCORNER -117.166666666667 
YLLCORNER -55.5 
CELLSIZE 0.166666666666667 
NODATA_value -3.4e+38 
[rows 264 to 285 of 529, columns 350 to 399 of 494]
-0.00078963913196024 -0.00364927804117516 -0.00835639822426097 -0.013552291727169 -0.0197882777329561 -0.0204993866473217 -0.0106604212607041 -0.02267100078462 -0.0305586472901455 -0.0518945261369457 -0.0650269452599525 -0.0697943435616609 -0.0735990786808899 -0.0726971027502382 -0.0692688318283471 -0.0530980531646437 -0.0435080480423672 -0.035759361476218 -0.0192900715002132 -0.0151502427503893 -0.013767966290308 -0.024911056162804 -0.0115287902361583 -0.0310108448991386 -0.0151991746293541 -0.0266981292711204 -0.0328689652545086 -0.0286364643283004 -0.0209020911028401 -0.0203988460452654 -0.0185029532042877 -0.020623140728925 -0.0238465923035753 -0.025593834114495 -0.0240478450508025 -0.0264540709477157 -0.0353471834454143 -0.041694045865707 -0.0473891540953454 -0.0561108976551823 -0.0553875333295949 -0.0648647327839094 -0.0703600727279833 -0.0786742319559526 -0.0865200658651167 -0.0847657403483534 -0.0918385551465096 -0.0723598024844166 -0.0992042281053138 -0.0979784355527894
-0.00194626578643379 -0.0115499587447149 -0.0145117277220509 -0.0160254870168337 -0.0205155537228305 -0.0304421810049812 -0.0390958345740334 -0.054377978877896 -0.0707522982229498 -0.0638702603519239 -0.0720839731352083 -0.0775152773562343 -0.0806003940160354 -0.0725358685343913 -0.0656967766538391 -0.0501434786512029 -0.0313534703024177 -0.0169076176176836 -0.00943233652723308 -0.00616530689182708 -0.00885771299341376 -0.0163849117221864 -0.00227708370574502 -0.00123919236713278 -0.0079450296518026 -0.0147332964440742 -0.0181852285488376 -0.0154689824635109 -0.0138861107463908 -0.0115380911300681 -0.02005000814999 -0.0194842664413254 -0.0177047759126447 -0.0250071735874343 -0.0261047963668741 -0.0296231265025277 -0.0241969747755223 -0.0392590885499581 -0.0470837176472467 -0.0494714955125049 -0.0567204201512208 -0.0635982868649267 -0.0768703712619784 -0.0900479424948966 -0.0911804591775607 -0.0899408125591483 -0.0857616717922606 -0.0878158418961671 -0.0719385852877777 -0.0928477581438948
-0.0103717051305039 -0.0170533502392253 -0.0244977268634503 -0.0229866285310781 -0.0325622283603561 -0.0385426633202804 -0.0512256669245389 -0.0585164540462803 -0.0797360452407631 -0.0815387584557954 -0.0748050706475045 -0.0817741023479214 -0.0859075488910386 -0.0675092099121112 -0.0492814756293457 -0.0482509300282665 -0.0293119617038164 -0.0104571536297987 0.00353124388811113 0.00894589313357635 0.0121647916902838 -0.00240396793643064 0.00678461360070826 0.00570196655408878 0.000442933096184095 -0.00292990352056471 -0.00536033263745375 -0.00791781500319467 -0.00576955556222079 -0.00769870617316694 -0.0104030675588692 -0.00833315185947619 -0.00879923443886229 -0.0140570649258049 -0.0658289197340659 -0.0702437932596748 -0.0379132415671105 -0.0691897262614179 -0.0486432771462851 -0.0525532501949283 -0.0571082882147144 -0.0601714626037164 -0.0721525862615827 -0.0720873078399124 -0.0710961982942836 -0.0986212253798062 -0.0959290625351325 -0.0898991923773406 -0.0905193048584982 -0.0836684310295273
-0.016128548499383 -0.0187419129802452 -0.0262224976394659 -0.0324365426443037 -0.0428979140692894 -0.0571628997998928 -0.0668279962534681 -0.0614970329846451 -0.0667721329205506 -0.0680033591165668 -0.0648909380511223 -0.0633249777542869 -0.0589476923249821 -0.0120694807303829 -0.0157829087940096 -0.020282231757699 -0.00206607407983005 0.0156808998184959 0.010231055875043 0.0327477266160934 0.0356828918914773 0.0315958970493989 0.018501939301272 0.00452429456583144 0.00688246910268224 0.0027392794823885 -0.00172599789266254 -0.00289957942931674 -0.000737384847618833 -0.00351249212756144 -0.00490489712319901 -0.0475989844448148 -0.0468533586682723 -0.0530968792617648 -0.0587814370989157 -0.0655425472624811 -0.0738520057565167 -0.0720149675493834 -0.0702497861874628 -0.0468870088815655 -0.0510037329227287 -0.0851644495368266 -0.0696302579030427 -0.060294101343451 -0.0675019644283616 -0.0891744493920502 -0.0863976330580058 -0.0849243730583965 -0.0841450610598189 -0.080556330946533
-0.0169778930562075 -0.0280622428190179 -0.0375669008902265 -0.0340841518608451 -0.0410709254843568 -0.0503269118821533 -0.0636767227841238 -0.0618417482137091 -0.0796354164550336 -0.068860804696293 -0.0580619813524068 -0.0397396873326792 -0.00441104410647748 0.0221302845260827 0.0292518806046118 0.000156639432415652 0.00953577458811759 0.0181492038568171 0.0209968574736375 0.0384785709546348 0.0436345764251011 0.0403323588168899 0.0196093952175131 0.0112407660601266 0.00168490937888679 0.00248988353128759 0.000667731737809187 0.00369476429761119 0.00373507089892014 -0.0416798180127242 -0.0432182845825651 -0.0412806125014079 -0.0452453643767169 -0.0495907813461228 -0.0557459347477848 -0.0589993506181441 -0.0721527228030658 -0.0689214355600324 -0.0641766624395261 -0.0618282325490705 -0.0648196287383647 -0.0673149267635278 -0.0323441436025598 -0.0552927483570497 -0.0682151235269089 -0.0789726320934166 -0.0822399239981048 -0.0838638277663599 -0.0834640660945088 -0.0796381330321534
-0.022284239346273 -0.0311960097350762 -0.0333063406691904 -0.0379047611602381 -0.0452579127185855 -0.0510683008186653 -0.0536450740253922 -0.0655797857216122 -0.0545486440200673 -0.0597096122579729 -0.0438325427618463 -0.0192268780627206 0.0281374513978048 0.0566058511566357 0.0535346272341882 0.0139248820949684 0.0207232077865648 0.0235179263653484 0.0429193526176713 0.0450330492061596 0.0458918853107162 0.0489350470294836 0.0331262814652964 0.0135309928047945 0.0132912757499559 0.0139715206930746 0.0139224813875706 0.00787743254993367 -0.0376247539439942 -0.0370832746801384 -0.039742429258602 -0.0373609448277487 -0.041981847489763 -0.0426046198821267 -0.0511119229023656 -0.0599721962814143 -0.0689827501106507 -0.0724474890986641 -0.0692053371857202 -0.0672959166601649 -0.0650053042555222 -0.0578715191414316 -0.0297288481136849 -0.0331811320387089 -0.0456750193231845 -0.0625812942575547 -0.0617254358893847 -0.0739544890459648 -0.0784846201454264 -0.0795995723826449
-0.0265772233357047 -0.0304852499045395 -0.0352767977787273 -0.0393196587572513 -0.0430384702150172 -0.051992335042404 -0.0560087923321817 -0.0792737199118033 -0.0487057584934643 -0.0510440308773513 -0.033584567497228 -0.0278059987207044 0.0149539095989805 0.0217782648797861 0.0128503682033132 0.0122102082767883 0.0260843388071713 0.0519173319409426 0.0491147609471465 0.0561033757061122 0.0605107547398241 0.062030191469627 0.0446446432817344 0.041607404573453 0.0279026183413242 0.0185927886448031 -0.0339140592569697 -0.0289460017374054 -0.0309718486835364 -0.0321152156718916 -0.0313962381683143 -0.0357468972534255 -0.0368679842446543 -0.0407571141754118 -0.0418205647159837 -0.054380333194572 -0.0607602734491538 -0.0711867679918343 -0.0692927783987674 -0.0608388082330656 -0.0613631619044642 -0.0559917450066333 -0.0390982286590823 -0.0392900504083656 -0.0427905583361271 -0.051674367308727 -0.0593108162157661 -0.0584990914160251 -0.0645843666163127 -0.0728255376401409
-0.0627671019446284 -0.0737644259004194 -0.0776032244894682 -0.0351397592823428 -0.0435063685208834 -0.0367836204216893 -0.0736000148249893 -0.0754028131848395 -0.0813410221828418 -0.0620804892784479 -0.0193588657019935 -0.0182275158470549 -0.00527688474015403 -0.00113181505940559 0.00847616844713834 0.028738284328556 0.0400482164825502 0.0625379454259817 0.0646697414404213 0.0695034600387 0.0713909870574389 0.0658858466577857 0.0552641917575786 0.043017352558255 -0.00976207310975409 -0.0214503982380632 -0.0214623113156714 -0.0256084565424864 -0.0262957344529983 -0.0307033630974006 -0.0306496245027982 -0.0240548812517668 -0.031224904567387 -0.0366044984547812 -0.0395475284877916 -0.0517903753872452 -0.0647035953296744 -0.0699465574430908 -0.0671104454928553 -0.0630720847742788 -0.0611681652620174 -0.0596084639926697 -0.0458131605387349 -0.0471180774529709 -0.0461010951402755 -0.0471724000089518 -0.0500961640188742 -0.055460377340676 -0.065589883149281 -0.0706633225294555
-0.0563754180601607 -0.0630220665564277 -0.0804228322267393 -0.08134554146432 -0.0642415323135457 -0.0980330971758955 -0.102803275493104 -0.106557771875797 -0.10661229677386 -0.0597252637502674 -0.0167788038880267 -0.00921670706814422 -0.0028600895952229 0.00892333710331041 0.0289625197415007 0.046124025378782 0.0613670424180748 0.0765567905304677 0.0844946129383273 0.0849905872152093 0.0790382129706682 0.0753537910281661 0.0639989799191264 0.0031687037797634 0.00114596820301922 -0.0145409927350062 -0.0158789727560744 -0.0179892773033178 -0.017894374725448 -0.0185098139721591 -0.0237015893770674 -0.0234005360102922 -0.0223688009664064 -0.0295542086749661 -0.0336613987995822 -0.0431214048953726 -0.0568277155230426 -0.065375414086427 -0.069205098803622 -0.066951177022739 -0.060755997967674 -0.0606630636378601 -0.05702505875716 -0.0505333463992877 -0.0508193295162817 -0.0469774650410089 -0.0496780262922826 -0.0558113624837208 -0.0631352037662075 -0.0623965510395446
-0.0418543030024357 -0.0585137704542785 -0.0669094307653447 -0.07886249309149 -0.0861109446021975 -0.101452018995674 -0.101446621023259 -0.103614179707464 -0.0406877389096114 -0.0511598325483516 -0.0487614680907315 -0.00740959591682215 0.00427009723632196 0.0201464919430471 0.0414422168642725 0.0627199487090457 0.0556552409468768 0.0958779466035802 0.0953856267392146 0.0903268773241478 0.0915268189759901 0.0877709525698405 0.0682771962026258 0.0177268728997263 0.00364279920394138 -0.00604885431441461 -0.0143000068264864 -0.00900227539660707 -0.0140031147844017 -0.0183299247755987 -0.0154808037374639 -0.0157268351496334 -0.0196219465255591 -0.0161817100901859 -0.0260053635723676 -0.0374987379757607 -0.0494018615813994 -0.0603088281841641 -0.0756553085927923 -0.0671473837027256 -0.0628610839056011 -0.0627841889886132 -0.0603772540995834 -0.055068505869754 -0.056390838774153 -0.052349772101155 -0.0541633630863213 -0.0615870752836842 -0.0601636758238976 -0.0621379081434578
-0.037617038822101 -0.0505483636483804 -0.0555031394906401 -0.0712124241731587 -0.0830571042370332 -0.0934629810263647 -0.104719696658892 -0.0979931269464563 -0.0964520994500009 -0.0522923404249527 -0.0126665402323543 -0.0428798414294209 0.00285503446456542 0.0163579614544573 0.0362016479739014 0.062088028454945 0.0968840252637604 0.11635430761494 0.106269373820345 0.0930352001110632 0.0964866278187031 0.0864901862671403 0.0705481191265863 0.0135074408217582 0.00376949970380154 -0.00456409603054587 -0.00946784012077173 -0.00985135661976728 -0.00283956941718003 -0.00616719503227081 -0.00135970063897577 0.00638369549722025 -0.00118782179883095 -0.00485810898491833 -0.0143518464651645 -0.0262950585163342 -0.0445479319986985 -0.0568088133886211 -0.0676934188998211 -0.0642322390901549 -0.0618471070826165 -0.0636206596446428 -0.0560246380365696 -0.0593287790176828 -0.0605768848701965 -0.059770656489802 -0.0603677531202375 -0.0616523709230072 -0.0605776040851595 -0.0637928192924286
-0.0299102241589617 -0.0381367523254891 -0.0461684672233535 -0.058912890041816 -0.0676082871884034 -0.0831225132139046 -0.0985995513193503 -0.102219491834651 -0.0782837532509144 -0.0534750557617826 -0.0162223514406341 -0.0422008756188638 0.00390855209426677 0.0150242325386118 0.0371080527052295 0.0562042772404012 0.0922280006380061 0.111811453167108 0.105042440890891 0.0891618379770217 0.0926182111660949 0.0863508429107651 0.0265210937014286 0.0133631689449135 0.00426682031522412 0.00385149357980539 -0.00299600140965441 -0.00120028738975796 0.000443348814235224 0.00169285815224127 0.0083574019533697 0.00867241203344157 0.0140063586304168 0.0105617348162821 -0.00603802257971615 -0.0208272895084087 -0.0392880156660972 -0.0544989487333825 -0.0672030615725436 -0.0657428712226168 -0.0605840094343562 -0.0629481077103373 -0.0627820608714693 -0.0592352817182128 -0.0559156241987169 -0.0675642486925409 -0.06083697548558 -0.0603195268534374 -0.0592604415006231 -0.0644307137737659
-0.0226316061485836 -0.0334125304808098 -0.0394021742652271 -0.0560827851607227 -0.0585115626287083 -0.070492148279085 -0.0663128051475919 -0.0781624749854817 -0.0641939401513822 -0.0597504131679984 -0.0197707671450841 -0.013302423212139 0.00111747282175706 0.0105742961210405 0.0272279875168236 0.0438835470837064 0.0741213493220443 0.0807850435576345 0.0793447052013119 0.0832168519339964 0.0309348371978937 0.0357136254467966 0.0299525642340795 0.0150416549966623 0.0124262243511237 0.000585722148957565 -0.00316768043954055 0.00226330953583442 -0.001282097101532 0.00615270326097215 0.00719165472125096 0.0139245926983054 0.0209330481886501 0.0221130094730124 0.013446468918411 -0.00515822492534451 -0.0215950875340151 -0.0471268940179383 -0.0682932870084059 -0.0615624860504506 -0.0566096246191845 -0.0603115907190477 -0.0629971716375809 -0.0577208949950614 -0.0626604374598145 -0.0677151546960949 -0.0593104329350798 -0.06406445678912 -0.0627942628916391 -0.0668882054660185
-0.0309285368564003 -0.0389289652913494 -0.0406326399693445 -0.0409631095825392 -0.0463369966302903 -0.058077261857202 -0.0715306922684415 -0.0217810186497631 -0.0475537904806774 -0.0655050171764858 -0.0321534206450118 -0.0207598465506739 -0.0118193671312505 0.00398294035464561 0.0135429288429378 0.0291607408865573 0.0465933398773934 0.0579036372785011 0.0658197470474487 0.0651257250921195 0.0230047084133902 0.0157815744802935 0.0155471238472599 0.00980849288386456 0.0131912402497777 -0.006388175877195 -0.0167559697219845 -0.00878664527065867 0.00018318977594341 0.00858250180636929 0.0147943732216289 0.0235858327733428 0.0337360084432998 0.0460269997513335 0.0270814168144812 0.00433964365941631 -0.00949420231293754 -0.0350347481408439 -0.0412206917862157 -0.0438448049069622 -0.0447578392987528 -0.0509609371549534 -0.0548169807619197 -0.0559672573939885 -0.0589828762306559 -0.0639740296148305 -0.0632979422313018 -0.0631604489604586 -0.0717519039217367 -0.0760012459718285
-0.0338875259673137 -0.0342707338282629 -0.0239886163347709 -0.0254804082659027 -0.0352553641105774 -0.0434976228191812 -0.027070907333169 -0.0311331758612114 -0.0244481506210352 -0.016878623934234 -0.0281229117338123 -0.0262127390897823 -0.0237878136399925 -0.0180627517292627 -0.00361780703729738 0.0136622076582773 0.0260804713529133 0.0346052016893911 0.0532829633730477 0.0498203740240822 0.0103554163953586 0.0136708563069762 0.0059722012997932 0.00435434100588206 -0.00565419161031861 -0.0164937810296152 -0.0188960805838174 -0.0207683807644449 -0.0156257204229181 -0.00516426663908581 0.01122142577682 0.0272552103390321 0.045465312459231 0.056050167299372 0.0419263049113299 0.0141819469314926 -0.00272402345939549 -0.0138511092635384 -0.00902236942813903 -0.016674246613629 -0.0277150163175931 -0.0362404713434861 -0.0474670998939452 -0.0570843032557445 -0.0614071302319373 -0.059084523882769 -0.0591086254246392 -0.0639018118971204 -0.07021971542561 -0.0783285872922979
-0.0261464187495691 -0.0192393995452502 -0.0224206351105931 -0.0233967188411496 -0.0302015653469083 -0.0325693786608085 -0.0314707170410287 -0.0161241999317905 -0.00180103338825525 0.0127945420140374 -0.0205227814432133 -0.0421759440320047 -0.0396364204464354 -0.029347570822701 -0.0187691769412575 -0.0139227778953906 0.00953718502382506 0.0218784177779092 0.0409626222830856 0.047151262669092 0.00345954184035313 0.00720388070668711 0.00261805530297596 -0.0106194201473655 -0.0105230732958797 -0.0171597956938999 -0.0275895199431081 -0.0302285962210186 -0.0262383994786463 -0.0176318484676243 -0.00588957614251406 0.0127052921867666 0.0366359539783076 0.0554518285317308 0.041416304015946 0.0147777242606244 -0.00619935969435757 0.00743084584085929 0.0227933386262171 0.0145982064472541 -0.00234337478221257 -0.0187407651955624 -0.0413697823593541 -0.0463610916948739 -0.0472587992943289 -0.0527175617229029 -0.0542025214616182 -0.0632777782960131 -0.0664385464830343 -0.0700506293933578
-0.0217633803074404 -0.0188813432913676 -0.0181930211282331 -0.0171381114243093 -0.00311172026777595 -0.0259055220794981 -0.00618858224428397 -0.010728991449215 0.00799490464608635 0.0137203644182461 -0.00432114092676051 -0.0253342122224209 -0.0435423154262172 -0.0375368043284232 -0.0313371573004047 -0.0218600521588042 -0.00958113072162599 0.00594488028417116 0.0193973488068823 -0.0117410617152727 -0.00154011068000588 0.000321332450773336 -0.00892683342318189 -0.0158601246471678 -0.023343099348682 -0.0328979385045934 -0.034306731637481 -0.041084470614825 -0.0356058968688518 -0.0405308971327863 -0.0328298351373237 -0.019750296899576 -0.010082905254407 0.0220354513885706 0.0183863736120481 0.00633543671411407 -0.00580330179902997 0.015779747055788 0.0264970411317833 0.0271946152879361 0.010225028182462 -0.00804823542612721 -0.0278703975337116 -0.0424862229763298 -0.0409255206361691 -0.0465873999720183 -0.0468406291729649 -0.0584892499008485 -0.0666404140076681 -0.0588521315125079
-0.0138616549172271 -0.00921380092966028 -0.0133272329775883 -0.0119681854487077 0.00465195208289268 0.00686267898715336 0.00134035367173345 -0.00127808116493776 -0.0132516761178733 -0.022390144976074 -0.0148587050110266 -0.0286689024619098 -0.0222042356567158 -0.0377499572985494 -0.0406651584015586 -0.0253812557957713 -0.0166353950168215 0.00305410917700791 -0.0230694703804415 -0.0179749946444625 -0.0131921002267995 -0.011802477953522 -0.0180474484868782 -0.0199024530374254 -0.0328595815063207 -0.0381975811342609 -0.0330501840275311 -0.0317127289231148 -0.0194754225513618 -0.0165003874474409 -0.0259573585753676 -0.0409193555979167 -0.0274539868133912 -0.00435086976335061 -5.38045106602859e-05 -0.00709555302188265 0.00107493059954083 0.0119309752671797 0.0253521327423182 0.025006866715111 0.0134378650880465 -0.00881951311366338 -0.0202857102825001 -0.0282939403308599 -0.0295582466515899 -0.0452291129381725 -0.0532874410826693 -0.0498264579755894 -0.054491544040491 -0.0554211970654847
-0.0104312274235223 0.00960917365905728 -0.0120285377294718 0.00865988482755235 0.0151863425433013 0.0170542597453872 0.0155350414929181 0.0126118584975705 0.00205311112156939 -0.00257383957072185 -0.0103219672683065 -0.00654645547951786 -0.0239410588498139 -0.0116026665244062 -0.0206543128624652 -0.0205529670066752 -0.0289585774969049 -0.0339570567488228 -0.0220269937258793 -0.0084610569378596 -0.00466502014809621 -0.00837211019665751 -0.0151231381526302 -0.0190589199221617 -0.018193569044939 -0.0153856104221815 -0.0160007857011656 -0.00733965296857204 0.00194015045359326 0.00809560214665796 -0.00218528503142995 -0.0139387597554995 -0.0159462665597649 -0.0113519421678904 -0.00897618974992961 -0.000251131669833708 0.00895281519806817 0.0125729745716593 0.0205987588811332 0.0217164895138931 0.00400960779068054 -0.0128683001569086 -0.0154301275925737 -0.0279371651007245 -0.0263017682259149 -0.0322395571644427 -0.0363140171688994 -0.0338461170789709 -0.0326262063476227 -0.043554833460011
-0.00993295681309289 0.0121406595539751 0.0100917606717028 0.0199267399279457 0.0244304511732298 0.0265032296182188 0.0295510014819622 0.0242822530017646 0.0162594901349684 0.00928715505405248 0.00266313352625393 0.000642863134733686 -0.00670842142768716 -0.00621319288173504 -0.0216490999798677 -0.0210157699749625 -0.0170444816870062 -0.0160001037246768 -0.0150682228237668 -0.01596066503084 -0.0129169643078816 -0.0140455332075748 -0.0147373762347915 -0.00868967533723485 -0.00931060693664769 -0.000574356125199921 0.0044815287585741 0.017075398125483 0.041205046093856 0.0373467297776548 0.0177003242347608 0.00949471423361412 0.00515231588287416 -0.00510515661127011 0.0031125392410329 0.00755230157615966 0.011716757764191 0.0151343163620534 0.0129336554075627 0.0137643366912152 -0.000198723014714769 -0.00799333715833028 -0.0177400530559722 -0.0201503149043189 -0.0191022385541344 -0.0186253014967454 -0.0199086545818774 -0.0222755564306026 -0.0297036416758259 -0.0362064603501055
0.0112427488686523 0.00657167413528198 0.0114706992048157 0.0228635033497071 0.0267012343492145 0.0337798202494306 0.0388153017773906 0.0320291797283961 0.0256216336778975 0.0250642011147055 0.0315369053261458 0.0278077233936908 0.0162563941599828 0.00207771825191704 0.00759626411183397 0.00615167384579636 0.00891665921938142 0.0093735339076751 0.00033926512978651 -0.00948496024135616 -0.00482024919125833 0.00480133029217035 0.00262073951651403 0.00263915099221182 0.00503851583217729 0.0094145752737183 0.0240652763496173 0.0398195809385963 0.0519546844635848 0.0501420464444551 0.0402089933915146 0.0291842495976588 0.015365428772207 0.00420366687805161 0.00477938905356964 0.0129587096242559 0.0143202582377889 0.0128206402059942 0.010849068337081 0.00949716349567907 -0.00291196497102066 -0.0166725733018336 -0.0216523998499808 -0.0173996563993037 -0.0134417989156242 -0.00773147027286868 -0.00910421500973601 -0.013354006259696 -0.0225279022894919 -0.0349942114555592
0.0150696996757502 0.0107549187518107 0.00991288631737841 0.017705769946626 0.0202110783718544 0.0331111470146533 0.0328019146108222 0.0244877992755386 0.0273660346210154 0.0266904691895569 0.0251627013208101 0.0294870660254267 0.0242889933684768 0.0246791691101739 0.055898502005786 0.0295332317876847 0.0225055612023317 0.0142489859546539 0.00481243633142345 -0.00200072211326453 0.000374500386015456 0.008303294699466 0.00812094475403808 0.0177225852058479 0.0149873801041324 0.0229432657787911 0.0337199431718521 0.0445554633022631 0.0571174113818868 0.0560269914889574 0.0394055358130667 0.0315055267589826 0.0218363776966322 0.0113188070537723 0.0093081197146386 0.0116941740664271 0.00709881990038525 0.0100886074084906 0.00901913698914171 0.0114206249084756 0.00404095481703302 -0.0137378986146211 -0.0185474626144277 -0.00856470891631068 -0.00790727733898274 -0.00528883632691666 -0.00823170163488222 -0.0167963672227322 -0.0184668038956939 -0.0287685132149688
