data/pcas/pcas_mc_126/pca_referenceLayers_mc_126/PC13.asc
NCOLS 494 
NROWS 529 
XLLCORNER -117.166666666667 
YLLCORNER -55.5 
CELLSIZE 0.166666666666667 
NODATA_value -3.4e+38 
[rows 132 to 153 of 529, columns 250 to 299 of 494]
-3.4e+38 -0.00226177721300805 -0.053575675210037 0.0318472224103037 0.0657503427317795 0.0333075241567386 0.0216016674246096 0.0326076415681165 0.130694167337957 0.229470013264841 0.206990917229061 0.192135596192398 0.193893898303399 0.149165388074555 0.12500007704411 0.119655148179111 0.153232842931903 0.157694077586409 0.178357363963393 0.0470265169328514 0.0613997247969729 0.0667908529278739 0.066199049208751 -3.4e+38 0.0521998374277684 0.102637247833944 0.0909482573779057 0.0921620322290139 0.0650760382188177 0.0802987526343937 0.0694034485614143 0.0543598924345867 0.0401628443074641 -0.00419997076674151 -0.022726260371451 -0.00985300343926976 0.0336708824687207 0.0228052861621209 0.00411736535570629 0.0516700913405048 0.0760213012384473 0.0943496652617563 0.117401175987846 -3.4e+38 -3.4e+38 -3.4e+38 -3.4e+38 -3.4e+38 -3.4e+38 -3.4e+38
-0.0579018792006945 -0.000371848090964039 0.0474930869966778 0.0894959209558588 0.106285981772533 0.0944146462737423 0.105740516778771 0.0792516170757761 0.115166010536018 0.17020247850819 0.201340056459118 0.206071092631773 0.144314070840568 0.116161973570366 0.124724316712676 0.125670136183289 0.156148074441405 0.148997868157026 0.167921503616027 0.0464406379382238 0.101919547579626 0.15024686450096 -3.4e+38 -3.4e+38 -3.4e+38 0.0880120598817625 0.129884245880181 0.121022494148965 0.0511986075584718 0.0675705946794825 0.0823603596547154 0.0648287728204546 0.047808649459866 0.0231699163805161 0.0118544309107079 -0.0141624425969586 0.000388986118131849 0.0130229691379786 -0.00396525098373802 -0.00699791345001881 0.00840957745940066 0.0538313471737624 0.0191694494444773 0.0152169961497023 0.0235490791698172 0.0448726697782409 0.0338579068482732 0.0347229282270858 0.0298817926395153 -0.00578237688587408
0.00843538145830167 0.0811180996966622 0.113397091491965 0.134043418799496 0.124421779477882 0.13916753437427 0.136185639280348 0.140180297199282 0.144320322486418 0.142472799200395 0.162397348561193 0.177216129179261 0.146825274809452 0.140809256273963 0.127855035467097 0.135026170645627 0.173484694894646 0.178546314818188 0.110619870828423 0.0334944564271874 0.0857240385168606 0.0257301532744071 -3.4e+38 -3.4e+38 -3.4e+38 0.00166617161589885 0.0947460767618333 0.12263671577662 0.0766611185429602 0.0159737074716537 0.0304906296074599 0.0167051107347357 0.0419649033835209 0.0344566107305742 0.00745798642782144 -0.00515339332371718 -0.0349303816104858 -0.0089320064141319 -0.0184623448438603 -0.0358078242879785 -0.0147688214245584 0.0108463042325126 -0.0229775326007595 -0.012487374789793 0.0173108520079414 0.00867359049354441 0.0159006371737328 0.0120646023591702 0.00734715686532082 0.00220829740451541
0.0543427179769381 0.108115497932537 0.12097703835933 0.159897547900648 0.183456895631129 0.132610109477523 0.120907135921271 0.112683791547625 0.166853671164434 0.14106420594713 0.15651815889607 0.126440868815904 0.127758141098884 0.14791630644466 0.168798851400732 0.141231673013599 0.161138866383075 0.212489788413395 0.111811294069126 0.0805854630478191 0.146776977116347 -3.4e+38 -3.4e+38 -3.4e+38 -3.4e+38 -3.4e+38 0.0502851542823572 0.105344111671568 0.107310247022653 0.0294093241153345 0.0167331925024972 0.0267243642008546 0.0391847213607227 0.0591761501850539 0.0261644042816638 -0.0153917859228562 -0.0420106398008788 -0.0220730765356944 -0.0532205521322766 -0.0422137299261331 -0.00825333684002963 -0.0257786892689539 -0.00140549219758699 0.0136554811106066 -0.0201251786892689 -0.0180890812762586 0.0044773336785728 -0.00189933670713765 -0.000365852668089906 0.00654362049854394
0.104145825420714 0.14587532659846 0.148085457798286 0.230040477721626 0.177538748367334 0.138167926852736 0.128568000514652 0.141328383849218 0.150180530459493 0.152704774827304 0.119959223830184 0.150423833925683 0.129169405603285 0.202353638677563 0.16331647983373 0.158741400307089 0.187579330511674 0.176517275806071 0.0254635594257457 0.0906380385874153 -3.4e+38 -3.4e+38 -3.4e+38 -3.4e+38 -3.4e+38 -3.4e+38 -3.4e+38 0.0589792446562774 0.0356197628046082 0.0118013415457892 0.0460521367719839 0.0495721017828508 0.0223496064334837 0.0749483437728079 0.0262781974564576 -0.0215223406962586 -0.017396478785832 -0.0401124442389641 -0.00243213948588899 0.00680311152682817 -0.00987858012559278 -0.0238049983067913 -0.0473703691503426 -0.0165625814259556 -0.0355647212350333 -0.0405706861842765 -0.0267720655310217 0.000236513440234461 -0.00856161098481287 -0.0150772684491773
0.11072869792618 0.113542022325181 0.144830110477429 0.172030110288815 0.231508267692019 0.154214615089601 0.161225772148814 0.177493811208373 0.163001859132009 0.165349159174456 0.139989237294135 0.142358062205212 0.166319255414215 0.208142190499024 0.142942573703771 0.146987703908512 0.215172903426327 0.201063550017412 0.0490932357118058 0.107175952298531 -3.4e+38 -3.4e+38 -3.4e+38 -3.4e+38 -3.4e+38 -3.4e+38 -3.4e+38 0.0346383362595388 0.0452587640507462 0.0699167348927233 0.0703904324081786 0.0477341443074887 0.0224394839222146 -0.0143744093835552 -0.0378753675533551 -0.0639418956445662 -0.0420298018844987 -0.0641905719960669 -0.0213291374446029 -0.0203365436770823 -0.0563328177102848 -0.0337436904708982 -0.0442359507503834 -0.0223273251745621 -0.0210246708388678 -0.0161895675708837 -0.000451752853350605 -0.00978325938228686 0.000771016320694529 -0.0239762926255816
0.0866482612311862 0.0966045227378165 0.131589563674878 0.133060210052354 0.235814426773613 0.16428392136272 0.170317296474456 0.196268210157552 0.21551069574883 0.167038793173056 0.183816939091376 0.15836657102843 0.138747054270633 0.184113372721045 0.0820119374484161 0.225120329529979 0.245470597385922 0.139961620610874 0.0664460022704333 0.0870222226335223 0.137767710266526 -3.4e+38 -3.4e+38 -3.4e+38 -3.4e+38 -3.4e+38 -3.4e+38 0.0164437308301198 0.0644998178257152 0.0516481696566253 0.0440970644248428 0.0597027967442483 0.00603043191758631 -0.0520779548825282 -0.0690080239086345 -0.0684139300362533 -0.0526611323506233 -0.0678057784405657 -0.0732914055746036 -0.0473510103961761 -0.0388039905497333 -0.041890956774979 -0.0572911925746951 -0.0449575639900801 -0.0407769141684935 -0.0272312142210768 -0.00900666876365988 -0.0111173122021331 -0.00915914821158247 -0.0303315843434144
0.101930435740653 0.089758363025171 0.0557698896550689 0.0508391443131757 0.179844269875489 0.168750032970521 0.154471532886366 0.223070832892649 0.21989512882269 0.20060139822986 0.226464139399713 0.2034085512249 0.185929635317084 0.172206689107418 0.123913200679325 0.29086153903888 0.268029341008246 0.149442328448279 0.0577076900805358 0.0506326147014495 0.0627330811551265 -3.4e+38 -3.4e+38 -3.4e+38 -3.4e+38 -3.4e+38 -3.4e+38 0.00242115680322303 0.0402570883674604 0.0192509735285059 0.00692981946074008 -0.000621395798007525 -0.0484819105338415 -0.0369844508542321 -0.0372367499523824 -0.0104432852038023 -0.0559585468395929 -0.108621872801181 -0.0745663460255761 -0.0290533923167796 -0.0312119474287515 0.000922176231809286 -0.0175858581865351 -0.0298399544922635 -0.0497456178017976 -0.0229282920275512 -0.00899326506147841 -0.0172383882003818 -0.0180966939533626 -0.0277019144691821
0.0525443358749038 0.0354973069061189 0.0497131306594028 0.0432449112314811 0.134159826003762 0.19505883170918 0.239477184521857 0.248415694629582 0.228134721206101 0.221449936056287 0.287453982090831 0.176644379682914 0.182362168031522 0.0763522097792968 0.30812580010085 0.370706455134531 0.173769227081061 0.0507014172125188 0.0861313922115611 0.000779551901479651 0.0464604265777283 0.162001893094152 -3.4e+38 -3.4e+38 -3.4e+38 -3.4e+38 -3.4e+38 0.00524587510254808 -0.0136876868696888 -0.0087854151523334 -0.00146622586815459 -0.0463287225289776 -0.0337649169662739 0.0307371072490205 -0.0228522647254762 -0.0959138555154746 -0.0995025057732865 -0.107787155910349 -0.0794797868007336 -0.0557376613695965 -0.0414954732588882 -0.00610636245666873 -0.0160318047826371 -0.00935345380923211 5.72429857046385e-06 0.00242336852542964 -0.0516843330088715 -0.00405104627913916 -0.0254112790226066 -0.0282535124288203
0.0166718086194581 0.00584442489643883 0.0798249585943503 0.115187591500873 0.1215030491612 0.159919542551165 0.210251652953958 0.252878879804898 0.22625734481431 0.274685776321071 0.222828044468936 0.191835275121155 0.131686844786292 0.111242046166934 0.156966601905937 0.2347341145338 0.129584498495082 0.151542607037374 0.060037613828061 0.105104469763426 0.089501005149302 0.0876574714302117 -3.4e+38 -3.4e+38 -3.4e+38 -3.4e+38 -0.0286643905148188 -0.0186386853068445 0.0247425714536222 0.0193073398237452 -0.0530918160556613 -0.0136653576627436 0.0578605320966798 -0.0157492586267609 -0.0764455645490751 -0.100239963017486 -0.0962298641677907 -0.087693156318179 -0.088934956039347 -0.0755742982830505 -0.0810889811681036 -0.0114028718107513 -0.016895959180263 0.00571671387230855 0.00245747178542194 0.00840779499739093 -0.0096189378576751 -0.0131837430518125 0.000681122762109728 -0.0258128120342482
-0.0110502962766641 -0.0275650283238056 0.0535044638488332 0.0750312601720696 0.0854337034067792 0.0936348118793167 0.189733436021019 0.199022692531137 0.190468732899527 0.267043585971893 0.218698829675185 0.257981052961546 0.0981932311356919 0.127543228103205 0.0974884858739345 0.264660143357736 0.276392941004183 0.0775396804421198 0.122248815438884 0.111442838126917 0.158733464799893 0.102875835909573 -0.0232328702002897 0.00336360835750598 -0.0269739461167602 -0.0355450267052387 -0.0078646902757178 -0.0679221897522668 -0.0334472072498045 -0.0508919565851636 -0.0369432030505466 0.0101083326337505 0.0597220468855151 -0.052983296805275 -0.119393350022954 -0.109635696809123 -0.111573954241286 -0.0779920858002389 -0.0349960832138147 -0.0354613714248605 -0.0032127133139636 0.02440459483181 -0.00501257749182129 -0.0205703085344261 0.0154289675094066 0.0282474084866611 0.00334446278946321 -0.00400051816868286 -0.0217154757113585 -0.0314975504547903
-0.0257660823520258 -0.000905513428783412 0.0127441101283865 0.0326377934761265 0.0906678632768869 0.134588637289557 0.130616233773642 0.156986564625182 0.208442362981379 0.167079867567257 0.21739116350917 0.235879453814477 0.0914305066178049 0.244068978809324 0.164454261925168 0.235942163995688 0.202281368592171 0.0898556226240033 0.115090042178253 0.13753795449307 0.0536361341077857 0.146582790033402 0.120443403811889 0.014738558467126 0.00256062372999184 -0.0304378539715112 -0.0279636242642335 -0.031198607960681 -0.00583754518711045 -0.0690736013284511 0.0611247230493743 0.0210549156562285 -0.059520004189746 -0.115549608422115 -0.0957222443137912 -0.0886605688130409 -0.0883348573703396 -0.0866954118609645 -0.0686849672296205 -0.0283370437944389 -0.0293410737769019 -0.0211291590259962 -0.0147489999302841 0.0101647697391889 0.0161900542282928 0.0258122205458776 -0.0101223592071972 -0.0179500634120657 -0.0131341635686099 -0.0190020600779459
-0.0481170847883973 -0.0290894894435257 0.0599006453753063 0.00303133496015962 0.0538567149572104 0.0890631193905475 0.188690492274239 0.182342109536305 0.215747953711633 0.236825554965872 0.256419713288402 0.201515819233061 0.0469559468436273 0.175480753225676 0.205362875490483 0.290413147886312 0.173628424065957 0.153688560561726 0.170011351274954 0.166581287094967 0.182050064302316 0.143420566315395 0.137317564443463 -0.00264651165078331 -0.0076106984132622 0.0257822124976798 -0.00974659422352182 0.0183990620239405 -0.0639074232418453 0.0374123273650825 0.0599692877702762 -0.077715078773874 -0.106751980882078 -0.100196234068623 -0.0980395912284654 -0.0857809826473575 -0.0736334919407913 -0.0729658565010341 -0.0591208970774871 -0.0768130113124013 -0.0682333814276964 -0.0430140458196844 -0.0300683495476346 -0.0219644301305105 0.00174032719967174 -0.00979481345074235 -0.0398233490081449 -0.0219767411767849 -0.0282682477183062 -0.015556718906324
-0.0114387188933212 0.0220201431398943 0.0818411735891299 0.0205295966697172 -0.0327210866562974 0.0921417210405876 0.192182487529 0.187992960913958 0.246161211869031 0.242288042979416 0.251919506823603 0.208716836221393 0.0523481802541829 0.0171805987176807 0.116196220309122 0.163415330779878 0.212514764976775 0.220597057862793 0.181857394760948 0.180039020192043 0.225647275954486 0.0826495400308815 0.00766079358364121 0.0521772366984478 0.0691965306014101 0.0646117959074234 0.0374236115752624 -0.0827948912013141 -0.0186397615427565 0.024362471396517 0.00913710042403097 -0.0562060142831384 -0.0687376654333076 -0.0546930508441758 -0.0702650968955695 -0.0834275536526318 -0.0834480759054847 -0.0528027196720682 -0.063141538743533 -0.0566452886331188 -0.0390735487191631 -0.00217013035024113 0.00404675234512892 -0.0573324006706689 -0.0398384614422711 -0.0302740600684455 -0.0554252748259763 -0.0263519859185633 -0.0382004047451593 -0.010395195320285
-0.000258845285428067 0.0429726881000148 0.0572570568504044 0.0655674527725666 0.060203680202025 0.105794480644004 0.0366603194933455 0.163394439433614 0.237282614169234 0.259743478454112 0.163085597987148 0.0149084374644654 0.210782401745244 0.171087894601158 0.119546922794903 0.139125975234105 0.178327199999304 0.213147432295363 0.304101662840974 0.304281173121961 0.0992180317297936 0.0445102917530145 0.0661406760293596 0.0464017098163337 0.00239581888250476 0.0164570084937427 -0.0149455091614564 -0.0893113447342068 0.0265567960110834 0.0180450394277867 -0.0724118130965259 -0.0454169857952359 -0.0372905675443595 -0.00809491587592299 -0.0404414728513418 -0.053729138454026 -0.0440406021439791 -0.0398300000458343 -0.0703496134899146 -0.0524050397139353 -0.0496957907810613 -0.0560845279236448 -0.0484261413162182 -0.0297022410515811 -0.0262694469931334 -0.026706871033726 0.00176656604750493 -0.0327583970707096 -0.0284049807997471 -0.032640185026207
0.0113862017716216 0.0291993119781413 0.0486476267207687 0.0866833249474918 0.0450495800654224 0.18699817098845 0.131798690072417 0.141362837605981 0.261162333129681 0.182797209001358 0.189577053670401 0.180626900079674 0.245613292039511 0.190853880973688 0.187045582206011 0.154190765716789 0.156467994903303 0.267290449140087 0.169279898350075 0.0941473146565114 0.0808033974722002 0.0752831633188841 0.0305690531008564 -0.00711404591041663 -0.0555518517362595 -0.037415719458709 0.0247969909710397 0.0533975992546308 0.0257805506920955 -0.0227775739905855 -0.0986954266184981 -0.0207858088820852 -0.00273797891933171 -0.0245207463114447 -0.0140202471197303 -0.0326723016635115 -0.0447870018066897 -0.0364702478426445 -0.0443378586615433 -0.039136170589019 -0.043919302578653 -0.0451990457023586 -0.0535376819027096 -0.0423285641680003 -0.0291562827368516 -0.0266351861433547 -0.0207873813866948 -0.0207666097738121 -0.0336619894869732 -0.0204396348075599
0.0172637844874227 0.0944758187613874 0.0681935856672073 0.0731707455370105 0.0427655015895315 0.0461259772155338 0.201586079967238 0.181664794803708 0.320851842762839 0.26556128184244 0.227389888144789 0.246310520605557 0.306730020679731 0.174725554548425 0.139035398432104 0.183149267174454 0.177870640033209 0.226253892026304 0.122052209851637 0.0487373340739249 -0.0223136961746322 -0.0550060664026736 0.0208293843736079 -0.0423791629971517 -0.0035863427668281 0.0418006609573201 -0.00237241694762496 -0.0397675980516231 -0.0539776337717695 -0.0804389941614028 -0.0628413585903154 -0.05375409996466 -0.0363284093050504 -0.018716175284885 -0.0368736476171238 -0.033707844451187 -0.0251991452552454 -0.0480355497561203 -0.0218838002551221 -0.0315868748543268 -0.0569454882620182 -0.0537545387067879 -0.0336717429747615 -0.00595968411198696 -0.0194120267739381 -0.0223753668371855 -0.0306629456012817 -0.00290069682324727 0.00409193643707299 -0.0104192840517794
0.145867285717965 0.156140608483103 0.0183405090305386 0.083522831511755 0.173313566185033 0.0899990743545764 0.0773433260088552 0.207192114794692 0.350620744317952 0.32266313821114 0.282946428762612 0.345077179036166 0.332100627506583 0.251759033208129 0.174113912962521 0.195682409187306 0.215968233095397 0.142176413140978 0.118870494063446 -0.0191686683419356 -0.10363468261621 -0.0604901970683949 0.0792661347056786 0.0284756469731016 -0.00624641084515972 -0.0126778026467513 -0.00983393253364146 -0.0450824543351018 -0.0616659483053185 0.0120532306424378 -0.0183024688544377 -0.00230381507543227 -0.0251478807010714 -0.0454501875257787 -0.0246616256624395 -0.0156303892807719 -0.000857900996648505 -0.0151296830625051 -0.0505330792754957 -0.0444888198791803 -0.0522094236838036 -0.069669163766376 -0.0323460727973762 -0.0471684685044397 -0.0433767393507933 -0.0208177237992576 -0.00731912941413687 -0.0276331997766592 -0.000139756948818032 0.00282172159194412
0.189899994234469 0.181815539062592 0.123529095071391 0.174937047988647 0.176715623072056 0.0721213508037811 0.0641414298293202 0.200836052000104 0.374575869536844 0.324313592717888 0.307546036085108 0.348201249627159 0.39234089745435 0.347097460038173 0.168631344648485 0.104646681430983 0.145440415864802 0.105236198598859 0.080121024332393 -0.103902417082511 -0.0341063483613183 0.0437963940702168 0.157755896985155 0.0601139037384174 -0.0244909682124814 -0.0264002466166348 -0.0188826592751578 -0.037194059730528 -0.050440178100441 -0.00460862121752415 -0.0318022830222526 -0.0178539250310647 -0.0424849801054764 -0.0740310160702178 -0.0355114508815178 -0.00987872751712056 0.00749759387845586 -0.00999389399605612 -0.0397821959096125 -0.0319958097917826 -0.0519033358298743 -0.0478871067314671 -0.0250298654171674 -0.032556176159646 -0.0177524056741704 0.00655202097541469 -0.00852676965509131 -0.0304425790560364 -0.0187749204274336 -0.00821818346728536
0.13464889084281 0.149386256608771 0.22214670160205 0.169323038016169 0.0580921067196293 0.0160320295913947 0.166812884986042 0.169307300654451 0.347157553916067 0.279618302902645 0.413746760263078 0.375004547218079 0.414021113617639 0.294683043738181 0.181680948668826 0.182417706467674 0.0147737138721826 -0.00751644879888669 0.0192981443840785 -0.161227343750783 -0.0275487666551536 -0.103081484841366 0.113086426986055 0.0191054043241423 -0.013215611299487 0.00146758179407143 -0.00488924585206762 -0.0309053890039812 -0.00124336211655755 -0.086580840511942 -0.0895044969033463 -0.0536924064113066 -0.0650611231400241 -0.0647636262035918 -0.0165757085666137 -0.00875401880398491 -0.00248286802530499 -0.00545165300500922 -0.0167213226593282 -0.0236955906562846 -0.0405903431000899 -0.0364881000105374 -0.0198509132260478 -0.0127300579196661 -0.0276497801377233 -0.0262243604002937 -0.0251115969551442 -0.0403270161795346 0.00042300988848621 -0.0123681678186998
0.17986075833168 0.222186021435007 0.24401053610935 0.119065627131584 0.131391918693916 0.0958671986908877 0.24480205943329 0.188833254612034 0.380040827307488 0.327288721695453 0.39531814925943 0.431949292267161 0.45690949474518 0.28075800110937 0.192497117887689 0.142283006795891 0.0409157592237956 -0.0199916798421352 -0.0551114766593074 -0.14841669120752 -0.0891742413537508 -0.0626508390870507 -0.0159566598486584 0.00592297738355053 -0.00278459146055283 0.0176045189815021 -0.0123648719146173 -0.0533322481001762 -0.0663238704733778 -0.0955114185276708 -0.0710104173186142 -0.0602607273683357 -0.0646813585625889 -0.0564582523677832 -0.0180212852998675 -0.00954884063382633 0.0272402477763723 0.013185669115711 -0.0321791061107712 -0.0258160174280973 -0.0140159489364072 -0.00985294797115081 -0.000711201535353 -0.00421541794041741 -0.00271033915761729 0.000641791262283566 0.023918986861739 0.0106656552380231 -0.000639617238256892 -0.0123611161804361
0.128578441651148 0.118390456720944 0.164991055316575 0.179012363090235 0.190089704601074 0.191577388999743 0.216422053151284 0.318872121219577 0.332651950325978 0.342685330239382 0.352035637351975 0.424695100030322 0.40668200955428 0.222377793420594 0.181414311033081 0.121085063142223 0.0499373299276225 -0.0547778506723731 -0.136581443775878 0.00704321171789693 -0.025130845413765 -0.0507776821884072 -0.0403341407073491 0.0221938984792314 0.0136253662612498 0.00604268973828241 -0.0249680636503759 -0.0268235495223981 -0.0333480830338981 -0.0114344031475902 -0.0565955666998061 -0.0460633495065626 -0.0578776555992997 -0.0194504266565815 -0.02883387691813 -0.00957931459319938 0.0118057317730574 0.00613399474254174 -0.0112186702340824 -0.0199517796797374 -0.029768175267604 -0.0268198936947397 -0.0134062814283926 -0.00578860340693453 -0.0086800668443933 -0.0172175298054131 0.00393224370404106 -0.00424013430306251 0.00417177078567152 -0.000883954379180731
