data/pcas/pcas_mc_126/pca_referenceLayers_mc_126/PC14.asc
NCOLS 494 
NROWS 529 
XLLCORNER -117.166666666667 
YLLCORNER -55.5 
CELLSIZE 0.166666666666667 
NODATA_value -3.4e+38 
[rows 264 to 285 of 529, columns 300 to 349 of 494]
-0.00132426646138118 -0.0172685913330404 -0.0248201581524338 -0.0205849768796762 -0.0287577883412095 -0.0316287358065199 -0.0402309785549022 -0.0497252936627954 -0.0539321531422228 -0.0573323506941856 -0.0632891235468313 -0.066703359473995 -0.0568469022132413 -0.0623610792326735 -0.058210532917212 -0.0496456621254353 -0.0509789646781876 -0.045446159936494 -0.0305849723195005 -0.022392053151693 -0.031579246653787 -0.0205808965784797 -0.00478032979473179 -0.0101149194742935 -0.00828271755031876 -0.00416243982841371 0.0117854797024501 0.00970390039995107 0.0227338665680309 0.0260817948216826 0.0319319736069972 0.0367406204299058 0.0250817349677301 0.0390404947112968 0.0423893317494674 0.0477088675420779 0.0624741426392181 0.0640789451258493 0.0492759776355692 0.0576689889202584 0.0500730852549462 0.0546013050393238 0.0563975676642426 0.0662591662317824 0.0563974969349528 0.0622982231902733 0.0533104031000702 0.0767417122261559 0.0803679547984542 0.0726525188669918
-0.00253652658430298 -0.00211968277590098 -0.00790176007065542 -0.0104947082851597 -0.0273558960789706 -0.0274809405244385 -0.0339845321118054 -0.0352995402088669 -0.0431186549025283 -0.040531135451375 -0.049688496472116 -0.0552184567242488 -0.0562151296258795 -0.0503708793696991 -0.0534903726399702 -0.0632073188619831 -0.0527639469830391 -0.0435267074738007 -0.0304504061396614 -0.0278934260989892 -0.0218366638440884 -0.0274343209041923 -0.0085746780016476 -0.00740327707194677 -0.00632977232183591 -0.00438080610942895 -0.00851409776861068 0.0128866822200649 0.00792820656112605 0.0283746112293974 0.0212679941893788 0.0269955126228755 0.0437541597506326 0.0329065839538333 0.0458678863546812 0.0494066315305072 0.0578355474826967 0.0642594790606429 0.0590771667415132 0.062698448629868 0.0568507115476286 0.0627826781610096 0.0548132874723413 0.0625269461922283 0.0648393278327814 0.061469578469458 0.0687867180962998 0.0796863951619917 0.0869445402234647 0.0861143546821911
0.0132002385885192 -0.00230380298522459 8.25305233935463e-05 -0.00438578686567062 -0.0142246906490473 -0.0153363968679337 -0.0194189245992677 -0.020326419927766 -0.0275940092131232 -0.0344458854983806 -0.0435276144330091 -0.0509938906976006 -0.0502632424170793 -0.0565847943651175 -0.0572305576893073 -0.0520997393604563 -0.0477466542098377 -0.0379252461020483 -0.041280422845844 -0.0315701337823895 -0.0402536046171754 -0.036672393474794 -0.0229920312970085 -0.0162833406400775 -0.00671031428214643 -0.00465768849747446 -0.00483105950737674 0.00498155712746952 0.0132471803785657 0.0101385296888162 0.0132297705378644 0.0153808011898984 0.0274435584758503 0.0393595446722617 0.0435434959288533 0.0462870557993557 0.0530699108656834 0.0509110690029176 0.0531587437768123 0.056364252342816 0.0571157775370721 0.0488203519550094 0.0636810650335911 0.0623900896502128 0.0673491141756907 0.0696578202728633 0.0755030303768836 0.0792914052544593 0.0828356149314295 0.0751803056396451
0.0128233125624925 0.0115460342216394 0.0123370872175482 -0.001238816663386 -0.00163862267380066 -0.0101086914200383 -0.00874567642267936 -0.017487902108894 -0.017587521838959 -0.0314623294428676 -0.0432033108490975 -0.0448755590120362 -0.0510337871566474 -0.0561231363062812 -0.0553189978096003 -0.0495262602050215 -0.0446643751413725 -0.0522598190807828 -0.0480116126256494 -0.0334453300530188 -0.0290406007713215 -0.0194639995686424 -0.019204338736712 -0.0203977905531701 -0.0100804556814234 -0.0178893867840469 -0.00265852054084336 -0.0124330332204082 0.00476848274485266 0.0142114090526692 0.0168567761991158 0.0142572808637186 0.0237011857486717 0.030708806657071 0.0558320529986291 0.0552508958378502 0.0480477655770693 0.0477950902532499 0.0565558917663723 0.0487106473637972 0.0527989569660107 0.055978708538277 0.0596102725130896 0.0625172924207374 0.0685915174061089 0.0728407466297412 0.0768602496589554 0.0717761428067744 0.0790434588518464 0.081940912155928
0.0289961751717837 0.0146398230327001 0.0177423034511473 0.0169935872211813 0.00944535654929363 0.00170424836673126 -0.00329346716514656 -0.00759277439610401 -0.012449458381181 -0.022168318315057 -0.030760037041337 -0.0396037092427073 -0.0414643850692199 -0.0455837255769544 -0.0610490237776184 -0.056581774497215 -0.0504561347019608 -0.0500463596684572 -0.0443158442351491 -0.0379272060791666 -0.0390780235099841 -0.0283712837079239 -0.0246827701433431 -0.0208339382815156 -0.0274259989689823 -0.018652232521756 -0.0157837515686943 -0.0120258064142128 -0.00646029014519446 0.00906741541473871 0.00627305174587268 0.00940447240356188 0.0203201665154793 0.0278574567978383 0.0440262457821184 0.0381286699011001 0.0488234251076154 0.0544361065897325 0.0503263872655306 0.0579705272464831 0.0563720614978997 0.0575072776291657 0.0605082285292404 0.0642337201387677 0.0708435760999333 0.0700630750468607 0.0796001014528611 0.0912289286343912 0.0892879768415205 0.0882592017704646
0.0387136242745452 0.0345796618785215 0.0207436191892984 0.0194007390544209 0.0116381170570895 0.013214801486638 0.0117337996583957 -0.00264013000903495 -0.00561186131728743 -0.0123637390093805 -0.0210833486910975 -0.0301626516824861 -0.0446138581499655 -0.046027498262278 -0.0540518302424672 -0.0582506430461641 -0.0558699995718689 -0.0483940466178049 -0.0547124878087704 -0.0397386963929386 -0.0427459490488824 -0.0293673739814045 -0.0240757688529961 -0.0336376737871638 -0.0298352060559881 -0.0279784469090837 -0.0289214099489065 -0.0206392419373862 -0.00742471192670344 -0.00493725763048414 0.00511700552851885 0.0045305452426704 0.022654896803907 0.0235570105471729 0.0285305913567182 0.0405900297518415 0.047175748133635 0.049497633563272 0.051709988867188 0.0506119840439922 0.0562945768461359 0.049574135004293 0.0660368833856558 0.0695302443669988 0.0686286842016507 0.0805840144762783 0.0770952703381995 0.0900218229044927 0.0959831975718153 0.108478690203794
0.0538390506718425 0.0510193039104377 0.0435540399443421 0.0254878755763039 0.0224116850525023 0.00675178822031305 0.0141124190462945 -0.0107793560118179 -0.00496082808375568 -0.00641793889087357 -0.0283296807611913 -0.0383145505910913 -0.0497955204302031 -0.045249928641952 -0.0449195135357424 -0.0552143109973132 -0.0545856662489358 -0.0432086582229119 -0.0508373326471995 -0.0525457802560038 -0.0523056563843908 -0.0431719364066963 -0.0436705454303674 -0.0495254807857009 -0.0427039552015826 -0.031001731739719 -0.0193587225358541 -0.018168343648327 -0.0119900827821972 -0.00804498942372588 -0.00708321700967506 0.00898106551725931 0.00917470529840589 0.0249793487230586 0.0258568433931185 0.0322311506787276 0.0475681228924726 0.055038689186734 0.0470205742384194 0.0497485562991184 0.0622095167385724 0.0591780492393855 0.0560179879415867 0.0616948562366857 0.0695302061167959 0.0822355252804082 0.0905626653865922 0.094672751139973 0.100403198784127 0.11348888574183
0.0260853897203974 0.0138851097218335 0.0464907362294882 0.0332077494992159 0.0312299634352057 0.0275423218556381 0.00955696464525897 0.00626261271638397 0.00988473185460126 -0.00182398001042436 -0.00807960532926607 -0.027483703450073 -0.0351228453442636 -0.045790592315661 -0.0458624734508612 -0.0478905891920484 -0.0507412117309817 -0.0512363172721022 -0.0607787815058264 -0.0619113576928959 -0.0541017717622825 -0.0442795613527143 -0.0501241450173547 -0.0481035787109199 -0.0440702982683495 -0.0362024471221076 -0.0308443970556505 -0.0275497772895535 -0.0197200839139728 -0.00739766502386115 -0.00546454506134791 0.00230398493844847 0.00507006889051425 0.0127707407167336 0.0294787525016089 0.0374319658876065 0.0535881753016183 0.0505827504097168 0.0454334113630304 0.0537737935325608 0.0582640318593822 0.0603697566166229 0.0635158290852909 0.07031558859933 0.0687338771664973 0.0802719700988709 0.0896591759181703 0.100998918180009 0.114718819897969 0.116634994114646
0.0294980413590471 0.0294301178660429 0.0433454822735181 0.054486271270151 0.0389610109237059 0.0269234689462272 0.0257437803778231 0.0211596471274196 0.00631434091068484 0.00601667617736444 -0.00699482534135635 -0.0127768523529274 -0.0301610393493486 -0.0433361203040513 -0.0342570795687316 -0.0295895873967312 -0.0409567534228558 -0.0515668388096401 -0.0385114858751317 -0.0498063474097989 -0.046924734610495 -0.051477741678427 -0.0451338836530075 -0.0489357585698831 -0.0500608992686465 -0.0497664215691233 -0.0408893490221102 -0.0233653722396313 -0.0158263600385966 -0.0118124736519774 -0.00622709078344997 -0.00378202129952437 0.013227955736209 0.021691351546664 0.0294590681277434 0.0431566717764506 0.042948571740792 0.0665624336538453 0.0528827409593436 0.0493556902544827 0.0586530843513648 0.0535636547974403 0.059130893437598 0.0704523135611404 0.0739726473838206 0.0976323384532993 0.106039832820648 0.115144809104224 0.11934455891839 0.121984216462071
0.0342693610758548 0.0339959570716716 0.0591487817040775 0.0434698450234834 0.0543694516318722 0.0420225021905037 0.0299164135489216 0.0287839295655692 0.0170097265605212 0.0144939293338661 0.00339509837187002 -0.0136141887837576 -0.0181430879099742 -0.0314604037118398 -0.0215086392116981 -0.0285082652345466 -0.0351438901617356 -0.043255700750883 -0.047139336345288 -0.0435705772571282 -0.043417047138785 -0.0543408543814543 -0.0529952570175228 -0.0546278267126583 -0.0361032295987388 -0.0325368236318216 -0.0402138980500782 -0.0237414336492873 -0.0282405633031777 -0.0160666333559051 -0.0087533794664561 -0.0022059461861843 0.012538696101614 0.0221051907290687 0.0347096877685194 0.0426993560753424 0.051070990360557 0.0526323830002903 0.059605166136355 0.0543438577235574 0.0692953382808515 0.0693781598256231 0.0699628404053763 0.0838787488301662 0.085098381104834 0.105008350372196 0.109869095188876 0.120002392306187 0.127583900665376 0.130168693932387
0.025393170011104 0.0276534371072773 0.0276035458639249 0.061977992524646 0.0480309346529513 0.0477984135021099 0.0378303182477126 0.035424984953288 0.0318249168675688 0.0136142613444996 0.0110640873803014 0.0166227526907274 -0.010247940017547 -0.00871132452347377 -0.00448783637936992 -0.0162556375852652 -0.0296489754865933 -0.0483237704379944 -0.0450154221546599 -0.0405814930333748 -0.0463548301737265 -0.0417402648119177 -0.0447580423738335 -0.0434132204575171 -0.0469469000226895 -0.0366870286925166 -0.0242892476747393 -0.0206742835434881 -0.0192738342050113 -0.0129634679234372 -0.0125452809019143 -0.0101567634742662 0.00186378199893933 0.0186501453290234 0.0247247540899256 0.038304159857221 0.0491160312444707 0.0438363576641637 0.0585321743426798 0.0614239518744422 0.0709617411766862 0.0631086627925703 0.0636248813514829 0.0801246132461447 0.0856180475837078 0.101920083415376 0.104362671745077 0.114602310335624 0.126189578668721 0.12309452198878
0.0152187572886987 0.0331024998053148 0.0253702422606661 0.0618157736632069 0.0607034301225603 0.0588088178584401 0.0447997434804793 0.037413557565783 0.0413043874108878 0.049041192789679 0.0277162118472146 0.0228601536831844 0.00462662825042049 0.0036902206139674 0.000693282824491393 -0.00795684893223679 -0.034246578082829 -0.0383186155689929 -0.0364033987852718 -0.0379328600671714 -0.0395486644427922 -0.0383703989853853 -0.0395005835531944 -0.0584430315588606 -0.0453115964867156 -0.0267993076145463 -0.0299563810401377 -0.0172474870830775 -0.0246031004825434 -0.0179849820796724 -0.00689008788843478 0.00143813534522248 0.00549895756674761 0.0145551248489801 0.0268802203930666 0.024414126655539 0.03590153275222 0.0365357725557191 0.041216728280493 0.0433601094126257 0.0633130824946246 0.0718358558269737 0.0674033168989741 0.07736471889106 0.0842619338423572 0.104264409101029 0.10382349701145 0.111680633686061 0.123005415860057 0.126083947565317
0.0147780685025582 0.0424014579088859 0.0355234059632131 0.030715672032924 0.0607852427726007 0.0607228671948135 0.0529610279519967 0.0640271921315846 0.0551170155739922 0.0490422169884465 0.0485494599256398 0.0280059929159596 0.0104772976808304 0.00870084357473132 0.00582726019435975 0.0113639585059975 -0.0183930998626808 -0.0390377338062867 -0.0309541916810218 -0.0269363954125389 -0.0363747691965128 -0.0491405864405898 -0.0498231724760363 -0.0534559891021748 -0.0440634055664328 -0.0339316845974577 -0.0201004595653051 -0.0196822628411413 -0.00458300602305312 -0.00678276995773695 0.00743523686535861 0.00270046998420806 0.0027232673710248 0.0141713872712319 0.0243450371963062 0.0193769007215387 0.0268908515442193 0.0417257223915428 0.0355353161392618 0.0449766826433576 0.0579415970818696 0.0626520019766068 0.0723987923390073 0.0707081699992087 0.0878324934969956 0.0892662920632966 0.0987658016750697 0.11584692876291 0.116459845838218 0.133391946614775
0.0289276907983366 0.0240974210470172 0.0355841985109746 0.0422835461883916 0.0358678977079579 0.0597314250934298 0.0701096269322466 0.0637798026086305 0.0610383863634629 0.0595899322404665 0.0470850209892357 0.0329493096207693 0.0176429697302945 0.0251122190495675 -0.0230267704532788 -0.023127679788144 0.00388576232745209 -0.0184661050216593 -0.031341221375709 -0.0210046587604564 -0.0289875111819401 -0.0348814785345443 -0.0265736912345141 -0.0254636821375372 -0.0262616878208091 -0.0301714176654427 -0.013363555688606 -0.00831101334454605 -0.00605283953517587 0.00438131792645312 -0.00491244721018085 0.00687483631678 0.0147602434759037 0.0151143289667006 0.0129417971436882 0.0193713094683369 0.0281332692687056 0.0216920040936021 0.0296717486100893 0.0516780655654146 0.0486318627791193 0.0536463915003929 0.0603042656053946 0.0805697605683807 0.0915338354474705 0.0994919501073093 0.0963008503850176 0.108786762055766 0.112351431995902 0.118398433513739
0.0198965704992346 0.0245073748277926 0.0166990084334426 0.0293046617726502 0.0397741642242806 0.0392389885522627 0.069394075036298 0.0710467650673763 0.0743628300068805 0.0673261246039885 0.0534301718550401 0.03484456970875 0.0300657187569475 -0.000817015951806247 -0.0169582712063844 -0.0244065434699993 -0.035507892799534 -0.0347892111621315 -0.0564302176557646 -0.0189210302329678 -0.0204664695042047 -0.0262552767602603 -0.0277193398765774 -0.0213127695166187 -0.0224895386534249 -0.0203087340641672 -0.0112003113806648 0.000841786890798022 -0.0172088882827594 -0.00379339056621976 0.00748243716407753 0.00223716721886734 0.0190282349268561 0.0142815306172751 0.0256187328629078 0.0209147086087479 0.0307121495626157 0.0328246294985324 0.0362378969310677 0.0371821036136676 0.0430602449775051 0.0563746038140009 0.0670829214918758 0.0666069112878168 0.0785409097206907 0.0895296256140325 0.0979313348724487 0.0953765539958273 0.117279076680967 0.11377000702382
0.0167215407423951 0.0134872119978944 0.0129305469475819 0.0318607729321824 0.0337444623923584 0.0453488288628041 0.0361098875790877 0.0692949163922483 0.0613597909335136 0.0672558234759939 0.0573985228347656 0.0118350920567459 -0.0042543633604904 -0.00481805178430941 -0.00754587940832513 -0.0142362803178385 -0.0237974930783724 -0.0223746300860653 -0.0384012483226694 -0.0467084367439532 -0.0181737112783814 -0.0139445675216772 -0.0187705290442239 -0.0256624712531293 -0.0227729838993178 -0.0157792639383959 -0.00160694954310928 -0.00193731338593759 -0.00335214386170601 -0.00836818614016637 0.000579628219860658 0.000302208494178295 0.0129785166968341 0.00604058782461606 0.0191944290792175 0.0269958605310652 0.0320650771418009 0.0409658784153859 0.0372086731741437 0.0336243003667003 0.0372918484117168 0.0443797055613425 0.0558801075130392 0.0653709658388817 0.0665785357150505 0.0880269212968415 0.0890768987199533 0.104660218379318 0.103345048963286 0.104007129046097
0.0150324187510264 0.0184491899267492 0.0118938649154519 0.0129596491102773 0.0400608728797236 0.0349614271103521 0.0329030135738364 0.0443198798271286 0.0403855987005329 0.0390771182872603 0.0211007642217431 0.00933706791578824 0.00229374633695187 -0.00304763693430521 -0.00687702572631948 -0.02007936683206 -0.0136874223858563 -0.0204845051902966 -0.0402773273136711 -0.0415375532104472 -0.0413108372523009 -0.0544026511652935 -0.0438680018472974 -0.0132140336930567 -0.00860573232269516 -0.00342610923099642 -0.000128746330149685 0.00416947915049801 -0.00370754238221946 0.00170975034163538 0.00470505545822322 0.0102892799956709 0.00425060273901665 0.0172341049562946 0.0110217255969483 0.0227419542206128 0.0248260939651302 0.0418359560193525 0.0457285432900144 0.0404190943112033 0.0455589831196666 0.0512421756522207 0.0562967105529181 0.0687551751134075 0.0707308438499592 0.0591022655309729 0.0902122813238675 0.0850834490678979 0.0979829647858338 0.104870885317273
0.0300681715108833 0.00387170153014724 0.016263418933853 0.0110710690533058 0.0345100107315681 0.049909223230008 0.0446130365081429 0.0366261441787851 0.0367156331380691 0.0326582681139679 0.0309740457845952 0.0193996353896484 -0.00547913362882086 -0.00314036652460932 0.00146257397009594 -0.00782033482308801 -0.0222340768472065 -0.0237170514731898 -0.0324895237160616 -0.0368882963936779 -0.0260557663250893 -0.0457344098406079 -0.051028110351018 -0.0522269372359132 -0.0482023402116741 -0.00140104607119107 -0.00751999122347369 -0.0013640672146909 -0.00736222228476071 6.10834789359191e-05 0.000456564094524716 0.0119901993482277 0.00319574455999405 0.0113164295246701 0.00423170465085057 0.0123213746050057 0.0259168885367815 0.0320373976129595 0.0433474223266754 0.0388016931340358 0.0445865997802992 0.0540125705227206 0.0578376892189403 0.053314149671862 0.0609559539055747 0.0651038057383107 0.0869564824842725 0.0907364331974747 0.0869922138217793 0.0997259720220068
0.0266853759812146 0.0137168954777757 0.0146967728601023 0.0125334582597494 0.0129159448761901 0.0388927846271037 0.0465180288870148 0.0464855425982523 0.0461691343998119 0.0438370685927905 0.0380513937170051 0.0346635601299008 0.0157270648376449 0.00198067690407897 -0.00322712872324221 -0.00860816894251868 -0.0114909141791513 -0.0186912905137912 -0.0158063007754778 -0.0264156429939012 -0.0236566752746734 -0.0289696366251758 -0.0466802193705188 -0.0379951903954154 -0.0381573544554266 -0.0414698758205265 -0.00955286205085734 -0.0127428514145907 0.00674561350264321 0.000194580976290299 0.00856706254987484 0.00709978780556022 0.00652946023984518 0.00879582997286461 0.0116150778725341 0.0138043705371868 0.025063467859899 0.0267930612141451 0.0434545945185516 0.0401023424533249 0.0417770667096195 0.047659511177789 0.0557221238447939 0.0594325061002246 0.0658623779349271 0.0607582860547085 0.0875833991147351 0.0858372808985107 0.0963126078934943 0.0949210202978519
0.0267748186416712 0.00663983988356138 0.00323910140235979 0.00428131640686794 0.0227722989953094 0.0252853610720367 0.0477839372732574 0.0591018713261415 0.0561657994260223 0.0492989462927556 0.0381202896008123 0.0252392624796884 0.019091755364694 0.0136610305873952 -0.00641547875162866 -0.0015025989282173 -0.0056181237814095 -0.0069634056318694 -0.0130000993246198 -0.0245606867894815 -0.0277014659521891 -0.0266736721358612 -0.0363853557388893 -0.0296264181611302 -0.0372169375201246 -0.02716830333164 -0.00144801331995662 -0.034702676450125 -0.00124455099352786 0.00441304061643343 -0.00169880900179556 0.00703350947873412 -0.001992121346854 0.00471297468501942 0.00781243327294156 0.0194997634870571 0.0197932284837553 0.0304936249027193 0.0379770354547997 0.0447846241621963 0.0491617052640484 0.0494823909279467 0.056652849465557 0.0497889624532686 0.0614847157794472 0.060633015804277 0.0718667113066163 0.0828174606614263 0.085749615361881 0.0907983646179652
0.0116483557555438 0.0022544147590918 -0.0041814368303882 0.00765214824266538 0.0185044542364941 0.0240227858752025 0.0323845892081153 0.0457167497890679 0.0743948270964926 0.0619339579150839 0.0605545952397485 0.032445349043152 0.0231659669616301 0.0131461068277386 -0.00202909825328989 -0.00496981879893501 -0.00241597341164551 0.000751093556178715 -0.0119972921685842 -0.0121033656008402 -0.0183609986678107 -0.0185692717682058 -0.0203150869317159 -0.0247389809385753 -0.0229062670846029 -0.0326952033887506 -0.0314084666710905 -0.0342128052553523 -0.0322805251602225 -0.00151364356639377 0.0123767536192899 0.00388362544860996 0.00571362218108191 0.0127915180041804 0.00851533027460869 0.0122413075095344 0.00761983115629436 0.0301069427134917 0.0301923093697964 0.0367223355836626 0.0455400136582441 0.0491415824036272 0.0136304729155528 0.0565150416066768 0.0503185775176405 0.0462884559399004 0.0339640954952612 0.0715184486861706 0.034845822947617 0.0459092622632269
0.00647654051072499 -0.00602791340767665 -0.00739115092728024 0.017643537921057 0.0193993328756858 0.0290209581374931 0.0420645051299954 0.0474017452038215 0.0508161027103219 0.0565681851820718 0.0713599047690223 0.0404607498403149 0.0322310762978704 0.0203041784787321 0.00392532058468955 0.00364317571013118 0.0132165629602042 0.00667163269168686 0.00289104701106868 -0.000578715773752243 -0.00654716142756143 -0.0114859128575963 -0.0191574112943406 -0.0103798525467306 -0.0189633977986964 -0.0149102827716928 -0.0185229499271734 -0.0249599175070731 -0.0229810724934918 -0.0214697310398154 -0.0231633187915994 0.00636486547615043 0.00768814516161276 0.0107514987550307 0.0208257818232636 0.0276230725829022 0.0201850210812166 0.0185710015522286 0.0412269225107425 0.0272395475326275 0.00371939600724188 0.0518412407414699 0.0504912950367812 0.0121952082689248 0.0191689410633492 0.0509361552620052 0.0194444112052854 0.0214136633620926 0.024757499057751 0.0406222498617749
