data/pcas/pcas_mc_126/pca_referenceLayers_mc_126/PC14.asc
NCOLS 494 
NROWS 529 
XLLCORNER -117.166666666667 
YLLCORNER -55.5 
CELLSIZE 0.166666666666667 
NODATA_value -3.4e+38 
[rows 264 to 285 of 529, columns 400 to 449 of 494]
-0.0384058364874381 -0.03395947039802 -0.0120256247775738 -0.00578133114627378 -0.00142791875123953 0.00360128620554972 0.0189223215042998 0.0373556456372762 0.0423332901958225 0.0552648107594604 0.0588554515671896 0.0639791768414082 0.125304894281019 0.119636130711541 0.118845631004977 0.119032153245677 0.122347633886181 0.111393935832771 0.0968674196455393 0.116936705326331 0.104643884815077 0.101338920697806 0.0942129290518643 0.0832017554356536 0.0956569478909368 0.0915591112608923 0.0891324182616353 0.0540555827943603 0.0768648318790594 0.0746751773060968 0.0799566985577662 0.0770753894627902 0.0788143733482338 0.0880428224242086 0.0974146740672404 0.10119538791476 0.10752582869382 0.0984342179337533 0.0805763037349689 0.0686866380593838 0.0626128881392516 0.0463967057479846 0.0323273422568426 0.0142316195782085 0.0112589777744977 0.0110447738481697 0.0435345074662161 0.0561439118558694 0.051134826082384 0.0476057738351218
-0.0336915414954157 -0.0161807526560266 -0.023933964221627 0.00102234796690559 0.00392481415214661 0.0149444881493762 0.0253634888947584 0.0333964450624984 0.0459963366043051 0.053064461987901 0.0511611470153493 0.11280278676074 0.0786087122786929 0.127717743734797 0.122744114003961 0.121209027250408 0.113291052548348 0.116946673392634 0.118430047568542 0.122807514683652 0.104494153055575 0.0938749059554213 0.0924700516259536 0.0759091995328184 0.0750359471396482 0.084305703596125 0.0849603716333427 0.0948446312920023 0.0605014738470461 0.0610219526581323 0.0714915931906474 0.0789951737235139 0.0732967341632657 0.0795644327890559 0.0957554418980196 0.0989071334093531 0.0981089302252554 0.0812345749651736 0.0843241318618857 0.0531731972272704 0.0402292329581264 0.058249464559153 0.0351591063614671 0.0356088928321854 0.0338808897878669 0.0351131695370207 0.0532815885462373 0.0617586761226261 0.058969710746637 0.0446196068846726
-0.0258582801787406 -0.0173387032835922 -0.012089339181886 0.00124007695971433 -0.000496322269658964 0.0101849778589843 0.0213138796948067 0.0408799571836997 0.0467443914039292 0.0518172513581118 0.0550409999154099 0.120053494356877 0.121467246126234 0.125352567736186 0.124976168451172 0.118598029388166 0.121740301770235 0.107558753005776 0.117291217828476 0.112562618663856 0.102224045480963 0.0896691698015864 0.0660529880382913 0.0706428709604277 0.0681993189743568 0.0801288208950021 0.0927114825374456 0.0912529159298903 0.0463378796465941 0.0519125746224872 0.0531705730440754 0.078329457978692 0.0702843519155326 0.0632441213041928 0.0872878070348689 0.0802905038527972 0.0810252768647744 0.0797340093015132 0.0715336369715916 0.0625030632859974 0.0485569188307798 0.0429447862506782 0.0334173696106644 0.0290523185320889 0.0215469745233512 0.0261276771686509 0.0577668791010425 0.0750397370047908 0.0544702071113436 0.0489908934262921
-0.02372963906108 -0.00842974382624631 -0.00363705228572552 0.000122496805949659 0.00248327546508709 0.00842317170734976 0.0315801713365915 0.0413678958008678 0.039909958725956 0.0503216280190613 0.0612201408761035 0.117491161596245 0.124055223274737 0.132119529180494 0.122131339442385 0.119016003204991 0.118153940845824 0.116284007785215 0.11648015428598 0.111694399306945 0.0982287355293489 0.0986462847605463 0.0682648302612929 0.0607612334235714 0.0590698943019762 0.065025944584324 0.0743354113352008 0.0717999403527533 0.0703974404562643 0.0283404249999949 0.0422688220573504 0.0585646068588039 0.0613430746853932 0.0656853008531934 0.0874603914775719 0.0808684492102921 0.0807652121370912 0.059239455143159 0.0617584974583952 0.0399928679221815 0.0335756653999184 0.0324472975939679 0.0315969827796616 0.0220309623928077 0.0327625818685923 0.0420692992941303 0.0552502385184615 0.061180720168179 0.0585954924649027 0.0424986307050025
-0.0104434957209607 -0.00667065843155189 0.0102199623883866 0.0155691684399015 0.02001409805757 0.0242137747827349 0.0398937654496336 0.0412126367403718 0.051955100137201 0.0511580691255214 0.0613294421648347 0.117996719300947 0.124098893879302 0.119154503161043 0.13394544800528 0.109390217402483 0.110112324434106 0.115765242368116 0.109140922116668 0.100175716540785 0.0944863287231657 0.0857582647132232 0.0703159522297988 0.0603111658619781 0.0410970574419162 0.0546758119956813 0.0619387644784488 0.0669420110704646 0.0666262165416825 0.0646463586217677 0.0316598471071611 0.0403805717041667 0.0580274383702922 0.0641999628450773 0.0726795731909038 0.0631878018767197 0.0560533894440279 0.0514424959061192 0.0396037590461298 0.0370521073144664 0.0215793182567861 0.0330013603434924 0.0208487471346128 0.0298938347866444 0.0322144572246335 0.0403169984222105 0.0374294105156428 0.0423816606801816 0.0495627324840873 0.042599857522868
0.00296935403717267 -0.00377231174297479 0.0101529662002024 0.00784170270892659 0.0109565210253773 0.0265135510759082 0.029969392688344 0.0368019057975295 0.0463851472757808 0.0567098300893301 0.061162788716113 0.117406434989507 0.119932148146882 0.116898779536589 0.119294090504385 0.112873763579327 0.118124015630218 0.115155085732935 0.110085494809931 0.103417584566227 0.085997725003045 0.0881450829233643 0.075116937661159 0.0488070382164317 0.0290545715380361 0.0460996831247393 0.0581535597579594 0.0527453674414411 0.0513520977422048 0.0487063869551687 0.0550932132193154 0.0171779617536422 0.0522402555039291 0.060794462080947 0.063116185172209 0.0562342133787218 0.0586814387868129 0.0485960044809851 0.0458777630890432 0.0317402257947157 0.0259890813529365 0.0220036713385291 0.0122796654587941 0.0204035802358415 0.0166600132472217 0.021706398066018 0.0218845089892407 0.0386369516953807 0.0339475656400689 0.0469144752402969
-0.00311055091902482 0.0108965499084602 0.0199482880462225 0.0110769623276359 0.0199821594624287 0.0271202592178373 0.0316792037386167 0.0460598720376618 0.0555190173881285 0.0549249620134567 0.0547887635868472 0.0533546595816786 0.0725048241500558 0.0571811361091288 0.0616174367390187 0.0668628763359941 0.112607195856951 0.111744263441422 0.113541100978086 0.0966995989412108 0.0839925027089603 0.084317924912312 0.0705141768048626 0.049106921569604 0.0343345176160943 0.0232582753641197 0.0439656959863651 0.0445802514570251 0.042838385756085 0.0377711270420563 0.0514704869793622 0.0463073287028488 0.032716531092386 0.0492589637204515 0.0525909164897838 0.0449097043476868 0.0533749758388669 0.0397268105691734 0.0323393694414037 0.0239918231465296 0.0257355018842728 0.0208359279067843 0.0175181165957544 0.0112981947818051 0.0140993939380494 0.0123817965117599 0.0251004132006894 0.0312193788113976 0.0330661323206729 0.0406791481753297
0.0140139760165874 0.0153901826092883 0.021437841922688 0.0222526336319755 0.0216134960894096 0.024737853952628 0.0366338476076594 0.0390412190481295 0.0463930220097167 0.0519506645017785 0.0542012471856066 0.0629534146761533 0.0614661702570692 0.0615291108916454 0.0635825001812832 0.0713436831372652 0.0697020544529887 0.112790875266671 0.102178033744958 0.0988826777462547 0.0797376743847848 0.0582525452281688 0.0710487023080585 0.0689181011035133 0.033602537584959 0.0289634795538541 0.0349261638173134 0.0320675122345494 0.0309878010096188 0.033509428576329 0.045579723514534 -0.00787744396244749 0.00819881692221032 0.0261649288638255 0.0266022140284081 0.0375638550724446 0.0359197184643285 0.0427853472811099 0.0263782662415708 0.0225897456885269 0.0169045900037032 0.0208160075450297 0.0150591162774715 0.0156262968559078 0.0172305275510787 0.0120535950306527 0.0118246401140699 0.0264686155653816 0.0303757304507642 0.0385943527743451
0.0169969475166929 0.0318813261936485 0.0213354357537797 0.024871921459984 0.0304770521831443 0.0265603364978548 0.0338797502296097 0.0371119299186883 0.0397726153412927 0.0488100875121516 0.0549733044474651 0.0534408702142635 0.102518184758068 0.0685903320170576 0.0467015048096923 0.0664335765073524 0.0675063587026248 0.113252170869676 0.106147378407329 0.0967916792983819 0.0766864689506952 0.0486436628858691 0.047604647844311 0.0563158738636942 0.0359258253705866 0.032122750651707 0.0344454139472485 0.0272550991941931 0.04785365502283 0.0461060576622616 0.0460795408897929 0.00549603247986427 0.0145780244559055 0.0242796803541664 0.0261032374358705 0.0369074458736361 0.0310103652384842 0.0243916706077791 0.0198172719811594 0.0172082629680306 0.0205535915692293 0.0121402014220957 0.0190758809174968 0.0179934985137173 0.0139462239412723 0.00802545492038068 0.00715580973126301 0.0203287909723079 0.0256719953561655 0.0280246375802539
0.0351729208830327 0.0262314669603979 0.033509953370166 0.0276292561179105 0.0398560733788436 0.0370510112489475 0.0476562322021465 0.0405591341123993 0.0533948891755892 0.0515828130907932 0.0555199280651339 0.0468606252391029 0.0409699926885798 0.055321042675165 0.0399583181112174 0.0440072535790422 0.0597991220197797 0.103721497642075 0.0991850831628501 0.0839532551277444 0.0634328124565262 0.0515957580635689 0.0455147798705202 0.0595955450576335 0.036206588903389 0.0299514545502008 0.0488094798949 0.0511523439114372 0.0490711400835775 0.0548618784737942 0.0376733832980022 -0.00807347585852302 0.0169823725003115 0.0128893523831203 0.0182262717889293 0.0125664516973958 0.0120204516054477 0.0173744671916411 0.0117211197075422 0.00191467802570316 0.00825853482243671 0.0197537790348125 0.00891954096935956 0.00842461673879625 0.0083187993115918 0.00183447171617311 -0.00103197274254818 0.0149066789632991 0.0120831123960291 0.0241047642220531
0.027091234977203 0.02669970115292 0.0339700410850436 0.0377660953810669 0.0368491456088099 0.0460294156184483 0.0471692223037329 0.0459043211769293 0.0445237792031622 0.0484315876817984 0.0473177018413137 0.0433243412488311 0.0499085877806781 0.0590453002267988 0.0544246843059651 0.0803040553279833 0.0464985947313425 0.054178056646233 0.0823700814204514 0.0732096793830908 0.0752661947566774 0.0609115721207865 0.0676834409478761 0.0506786599711498 0.0394181872459903 0.0468449224078568 0.0555514118459043 0.0482900918635697 0.0504561806654778 -0.00640992011869031 -0.010600106516063 0.0101020984963861 0.00615722593675295 0.0144418617894598 0.0182429873502674 0.0152722898970591 0.00842452599034883 0.0106533030003155 0.0132480333142587 0.0170121198182781 0.0123792069673558 0.00258176024851917 -0.00757238554718163 -0.00229312028903524 -0.00400368829622197 -0.00104936277025463 0.00962516438950742 0.00815025163368514 0.0166011866032855 0.0155541199249664
0.0334761463260974 0.0336601219877937 0.0371876493591155 0.040884544734174 0.0377825247867147 0.0416526133048962 0.0382560839826099 0.0420555907950127 0.057492232988048 0.0551246585282262 0.0493375276283967 0.0411670863417258 0.045978517379215 0.0654462685881747 0.049529284332516 0.0350090774267889 0.023950399859807 0.0366460413529479 0.0310308499465136 0.0655879909294984 0.0732315991467059 0.0799336861233812 0.0753755102057659 0.0687489377924877 0.0476077371291072 0.0474125580505122 0.0550787114682044 0.0669772690715183 0.0570568837607978 -0.000136556054917579 0.00323737234904408 0.00456505871114347 0.011034416634196 0.00761516428468542 0.00773435748883215 0.0105033397953425 0.00342487759312478 0.00518299582821509 0.00174402216780506 0.00923579133850504 0.00956188672725639 0.00398012368618022 0.0059233309475485 0.00329000661724941 0.003399707468138 -0.000989959961670425 0.00104278528182036 0.0064081083956368 0.00478967234044572 0.0205503750094057
0.0345344821404585 0.0399650700430066 0.0432416085647537 0.0437797905987095 0.0410348266985817 0.0416687962411886 0.0337520033767573 0.0448173216229299 0.0525864790326997 0.0455701772521417 0.0502386612149096 0.0301980639243741 0.0427520592563832 0.0439322048682813 0.0322634162426499 0.0300026094281072 0.0260238913331323 0.00459669200759971 0.0210053089179326 0.0785892997708504 0.0824781891661557 0.0662661098810259 0.0810441275492167 0.0795453481753284 0.0628609400935583 0.0540359966950185 0.0623863988961444 7.64750118486613e-05 0.0168289554774702 0.00534514339981199 0.00879502607440235 0.0112456058535821 0.0162766712379097 0.0138630395831718 0.0162040948615704 0.0128390684778894 0.0107029313240577 0.00139088833218653 -0.00332956960189838 0.00171670670825295 0.00180664543748878 -0.00226246843953806 0.00315528348549073 0.01023435579655 0.00411374713720469 -0.0100250787399349 -0.0104021757224101 -0.00290705211919678 0.00185083863154943 0.0222849563370353
0.0443685995550674 0.0500936948768392 0.0458568835710379 0.0457079891386456 0.0498833268887172 0.0461740318115282 0.0367781740504181 0.040712389586601 0.0466236944317868 0.042948651038952 0.034578619546722 0.0321372510251171 0.0416177152898321 0.0331123239297613 0.0294537062675493 0.0270831557666372 0.0285628888872662 0.0185912521535982 0.0069555973262883 0.0193828396830557 0.066850783367293 0.0745527686610129 0.0777159640522569 0.0778436293512229 0.0673437651661709 0.00678985216881595 0.023902807353161 0.00887684124860251 0.00454885807565669 0.00324497257609647 -0.000273933570031451 -0.00200892060361419 0.00976742921821071 0.00688173882250192 0.0120267164899925 0.0105272321189284 0.00596572941038507 0.00198362946417039 0.00518299965679303 -0.00411594252837456 0.00383408706411434 0.0136969138376885 0.0108068976531944 0.020587894519389 0.00474155550934642 -0.0010793004830927 -0.0102302602593348 -0.00742599228785459 -0.00745273156792498 -3.8749422372128e-06
0.0520129292685199 0.0492722702786596 0.0441582336023005 0.0442770193116729 0.04543931266015 0.056483774124628 0.044730564651591 0.057958649629053 0.0507949536866595 0.0435769753233681 0.030273353698256 0.032662435671948 0.0291955626626833 0.0273713143908186 0.0226440358905586 0.0255288877818516 0.013255143183135 0.0107876125136335 0.0119883382818173 0.00836071560056338 0.017884151986337 0.0744101274384006 0.0417433328574903 0.0849277157580862 0.0710912952465416 0.0107246628768991 0.00616856678298533 0.0175087689330823 0.00518744823332711 0.00381124925511186 0.0113419849187841 0.0106448965127153 0.00537375508270416 0.00419998050355856 0.00654752513029769 0.00282980898694406 0.00839474149981847 -0.00403427847562787 -0.00802614056896647 -0.000931923473211482 0.0178327891078465 0.0165120125500035 0.0133318190948066 0.0202302560248227 0.00495737305695241 -0.00847143647909998 -0.0223817626473154 -0.0178380021299462 -0.0148210902020677 -0.0156857825911363
0.0541761973328715 0.0476239156215071 0.0510081892555565 0.0426869500309973 0.0428975234242073 0.0512460873704786 0.0392971769643502 0.0401160392804575 0.0485071549334587 0.0321828582066492 0.031406565617632 0.0248744237968013 0.01110083176917 0.0181745361770274 0.0312200509687579 0.0279270449534594 0.0346447161518587 0.0219917124361999 0.00265763642607128 0.00642549190768575 0.00781689498989915 0.040359453959054 0.0462511665742883 0.0313653273554428 0.0680905746634988 0.0231473851890625 0.0200235266298045 0.00921713919466641 0.0161627524257634 0.0165342649345859 0.0110402291575685 0.00997739468543106 0.00679879036933092 0.00285590534023016 -0.00494102852260041 -0.00562596200203811 -0.000786402356774542 -0.00831351139280097 -0.0138006423737713 0.0180495736591792 0.0213339993947288 0.0144954234237385 0.0135236384697018 0.0138076514215363 0.0150573490223297 -0.00154237908488425 -0.0182780781484706 -0.0313394611007314 -0.0374813325457459 -0.0464707852337774
0.044368394808312 0.0496049736805098 0.043901626194949 0.0375714899684928 0.0491147641981954 0.0529515150448543 0.0469264925090898 0.0477900078904479 0.0392592485849389 0.0387023377954443 0.0293643127848542 0.00607759906643863 0.00467756247784198 0.0109168282012903 0.0217562720931743 0.0178708328228671 0.00771806004281762 0.012592212661128 0.00894883761423728 0.0115824235383279 0.033055453933048 0.0495208715867186 0.0333033215383373 0.0277320728844678 0.0277285646709402 0.0281018560268038 0.0203274014013733 0.016939826850568 0.0220232717984679 0.019421597615876 0.0208151870084082 0.0114427433237789 0.00940510816657864 0.000550166165926865 0.00540974910296413 0.00678693530122365 0.0155503428653317 -0.00546458609080709 0.00619136027983236 0.0150548296786848 0.0160897203548351 0.0206245976476624 0.0114929147841322 0.01621751063869 0.0175049261545219 -0.0055838608049269 -0.0266464098557156 -0.0402144212334044 -0.0361682751585337 -0.0438344968962785
0.039355819312567 0.0385005851799917 0.0389240508438034 0.0401385789996914 0.0405842546028553 0.0441671352976282 0.0444149209542349 0.0457952987962079 0.0403999386513261 0.0158643206478604 0.0350469202764472 0.0188063978329126 0.0287766994852362 0.00937994831591728 0.0258422490823485 0.0147130985848691 0.0119900219506304 0.0226999952362082 0.0154526489339747 0.0251850392753283 0.0506560689064993 0.0478343028411659 0.0468052939225023 0.0221226655662303 0.0308722208385457 0.0360216873732836 0.027002462425642 0.0223883291168967 0.0224862959369215 0.0205480729524718 0.0241567198141297 0.0137537215881426 0.0105766979637441 0.00225534515571494 0.0160101613512874 0.018715502720974 0.0155924262937377 0.0189178486309832 0.0132128735441657 0.00718779586203022 0.0217543652733267 0.0122182113811443 0.022979204932533 0.0127363475340599 0.00289134727960395 -0.0105170115737184 -0.0390037649950915 -0.0351013432939502 -0.0259821006084854 -0.0301545793012923
0.0230905965274298 0.0321293626725981 0.0322715984368747 0.0333588353713905 0.0399750185038737 0.0358423652308311 0.0266097236830074 0.0231421958361881 0.0400416936603622 0.0428799415199541 0.0406857411348423 0.0280231210956455 0.0348516093388718 0.0250474189401353 0.0290832681862576 0.015389665572819 0.0129441489495407 0.0253182322352959 0.0177261173208995 0.033192271216674 0.0400880623237185 0.0558100656002725 0.0504057564121425 0.0226312867585086 0.019967026795046 0.0339207695655374 0.0327869156170576 0.021606613725294 0.0291944950435202 0.0249292744000316 0.0224559824423258 0.02155237164415 0.00697267688980537 0.00988540032102986 0.00525987203767696 0.0144143471061324 0.0260421338948133 0.0117310120239111 0.0236082333252539 0.0207396264478259 0.00539863468816681 0.00652585917694204 0.0183805311628048 0.0153210761197939 -0.00586555333602553 -0.0269555467297978 -0.0448770154965788 -0.0262375488709043 -0.0153102808605107 -0.0111456811563553
0.0198630539916536 0.025742273418208 0.01124532925209 0.023223697293419 0.0204985902082258 0.0259002618357109 0.0082125074193979 0.0185459511765733 0.0207085896995318 0.0349772972946511 0.0247115905350715 0.0333870308761528 0.0154641451198336 0.0210315470062073 0.0201118547543834 0.0084491634157671 0.0167277105938035 0.0217195468792363 0.0141549938818818 0.0331974441096871 0.0523332628585326 0.0563790559795084 0.0399178813878323 0.0276476271472415 0.0202698665273539 0.0317940084868899 0.0291864691289131 0.0329597474444717 0.0320870777770788 0.0205150871633297 0.0231932680540109 0.014611297500427 0.0115768272361644 0.00683819912741344 0.00820338786181111 0.00830982476438688 0.0122754321692194 0.0114227387266834 0.0142624554953899 0.00969325098513789 0.00702949760779358 0.00120268438126355 0.0121332671951321 0.00905010084487709 0.0020382170908246 -0.0183652959194416 -0.0206495183773162 -0.0231079270434894 -0.0321368089207459 -0.0174935612219104
0.0144191108913441 0.0137186304092533 0.00810042098661033 0.0134913069562193 0.00855120874991041 -0.0025241002691364 0.0148443815243586 0.0227396012722976 0.0263552539261326 0.0236337237369362 0.0327302107582609 0.0249431673169765 0.0115564139264995 0.00201065795658318 0.0128993553745496 0.0291920707899931 0.0168888437739427 0.0253853212304782 0.0292331207359717 0.0355767016344678 0.0553835403328012 0.0513827435737227 0.0451011313290887 0.0333761732794672 0.0329967792141607 0.0339210732784279 0.0362882333188341 0.0294906963881676 0.0294120400824348 0.0233597523289762 0.0230257351493224 0.025433611911708 0.0126264715231737 0.0169495675674868 0.00883089000263599 0.00266458277452824 0.00537506580376029 0.00207872743563693 0.016285040075803 0.0114968775459704 0.00750933572465996 0.0087247871792336 0.00841840424703525 0.00192873068299512 -0.0105917503421078 -0.00703136195478598 -0.0201703738201706 -0.0443672522882138 -0.040846999379042 -0.0324933603595129
-0.000927779336024699 -0.00362159094546192 0.00122750678007492 -0.00953441395956509 -0.0167921151266306 0.00067187306719119 0.0182117760484544 0.0178508547366403 0.013838307661352 -0.000838372970934908 0.0231378543567098 0.0218132396152052 0.00627907742144132 0.0179018006765393 0.00882957936486267 0.0172580877596344 0.0232060452809356 0.0215853084431209 0.0268253573568515 0.0467646995646628 0.0546508423962835 0.0418747622244989 0.0464585082161242 0.035521077853762 0.0340521725754249 0.0409423908477235 0.0388100269440416 0.034842255825439 0.0178951276314145 0.0245697800839917 0.0271321917471603 0.026859471075359 0.013564158215566 0.0235576548703496 0.0109902735111054 0.010433524237619 -0.00082283462638722 -0.000797401732677567 0.00842506221212033 -0.0141578563879011 0.011696155106818 0.0112341570321556 0.000537404579521825 -0.0030008884919504 -0.0242325117216772 -0.0304348587355712 -0.0312872256735599 -0.0342679312005736 -0.0353842190180392 -0.0503837255830306
