data/pcas/pcas_mc_126/pca_referenceLayers_mc_126/PC14.asc
NCOLS 494 
NROWS 529 
XLLCORNER -117.166666666667 
YLLCORNER -55.5 
CELLSIZE 0.166666666666667 
NODATA_value -3.4e+38 
[rows 88 to 109 of 529, columns 150 to 199 of 494]
-0.0172845180879508 -0.0198859482281158 -0.0589720197282038 -0.0725308166179949 -0.0823727010799229 -0.101703260505345 -0.111518044313421 -0.123326182544721 -0.103282485614023 -0.0709768848772404 -0.0642186090063327 -0.0541079549979894 -0.0465303782900592 -0.013897374856845 -0.00435723980803102 -0.00563166846927417 -0.00715714930374772 -0.0125573354147059 -0.0117952310123521 0.0200965727546315 0.0149282229381847 0.0258228078124788 0.0255237310041335 -3.4e+38 -3.4e+38 -3.4e+38 -3.4e+38 -3.4e+38 -3.4e+38 -3.4e+38 -3.4e+38 -3.4e+38 -3.4e+38 -3.4e+38 -3.4e+38 -3.4e+38 -3.4e+38 -3.4e+38 -3.4e+38 -3.4e+38 -3.4e+38 -3.4e+38 -3.4e+38 -3.4e+38 -3.4e+38 -3.4e+38 -3.4e+38 -3.4e+38 -3.4e+38 -3.4e+38
0.00473358837102857 -0.0331476791868808 -0.0385993261662562 -0.0745356690344227 -0.0901251702430463 -0.0933981972911234 -0.110641753463151 -0.112609504151094 -0.0960046920054082 -0.0831037615173301 -0.0729016874669071 -0.0485761880494772 -0.0189311088934391 -0.00807884484304333 -0.0165389728457437 -0.00603400069606498 -0.00344472484034131 0.012262629917243 0.0137514788650143 0.010866755695454 0.00482999198462617 0.0260230721968133 0.0485215122870552 -3.4e+38 -3.4e+38 -3.4e+38 -3.4e+38 -3.4e+38 -3.4e+38 -3.4e+38 -3.4e+38 -3.4e+38 -3.4e+38 -3.4e+38 -3.4e+38 -3.4e+38 -3.4e+38 -3.4e+38 -3.4e+38 -3.4e+38 -3.4e+38 -3.4e+38 -3.4e+38 -3.4e+38 -3.4e+38 -3.4e+38 -3.4e+38 -3.4e+38 -3.4e+38 -3.4e+38
-0.000422669247418898 -0.0352583236847511 -0.0428506539620337 -0.0553514498707794 -0.0582957815920444 -0.0777805142368773 -0.113308267555272 -0.109288352767233 -0.0939555084680468 -0.0827933764187948 -0.0705205705480771 -0.0288187829322514 -0.0163079611673041 -0.00623561526915396 -0.00197817004126986 0.00697112709596494 0.0109662060568294 0.0125639441515363 0.00942196443056192 -0.00404339607472281 -0.00536928009698488 0.026497526838122 0.0536146232197321 -3.4e+38 -3.4e+38 -3.4e+38 -3.4e+38 -3.4e+38 -3.4e+38 -3.4e+38 -3.4e+38 -3.4e+38 -3.4e+38 -3.4e+38 -3.4e+38 -3.4e+38 -3.4e+38 -3.4e+38 -3.4e+38 -3.4e+38 -3.4e+38 -3.4e+38 -3.4e+38 -3.4e+38 -3.4e+38 -3.4e+38 -3.4e+38 -3.4e+38 -3.4e+38 -3.4e+38
-0.0301314416631134 -0.0564867217200718 -0.0544510072593535 -0.0595808032110236 -0.101777731240682 -0.111042764143701 -0.110203414954206 -0.105794361081981 -0.0951631633961139 -0.0741186483251908 -0.0743166769783286 -0.0309226263541486 -0.0176068271459706 -0.00837746651483966 -0.00762845102695048 0.00109975709282275 0.0106320553196844 0.00481005493032829 0.00431476108440359 0.0018912903488549 0.0198605953950153 0.0451221899566409 0.0562549414000712 -3.4e+38 -3.4e+38 -3.4e+38 -3.4e+38 -3.4e+38 -3.4e+38 -3.4e+38 -3.4e+38 -3.4e+38 -3.4e+38 -3.4e+38 -3.4e+38 -3.4e+38 -3.4e+38 -3.4e+38 -3.4e+38 -3.4e+38 -3.4e+38 -3.4e+38 -3.4e+38 -3.4e+38 -3.4e+38 -3.4e+38 -3.4e+38 -3.4e+38 -3.4e+38 -3.4e+38
-0.0651618833901097 -0.0763495449200928 -0.0826326887834488 -0.0946710751714926 -0.102121676218321 -0.106949693858976 -0.107844876266848 -0.107924176713367 -0.0997075633851154 -0.0873296040865663 -0.0653114341741981 -0.0342575382868378 -0.0240431892301875 -0.017082174333294 -0.00797756064287346 0.00697563830947596 0.0117541027040645 0.00302299454037892 0.0246742835058244 0.0759919261098492 0.0295677336157198 0.0348938073144966 0.0468917169370898 -3.4e+38 -3.4e+38 -3.4e+38 -3.4e+38 -3.4e+38 -3.4e+38 -3.4e+38 -3.4e+38 -3.4e+38 -3.4e+38 -3.4e+38 -3.4e+38 -3.4e+38 -3.4e+38 -3.4e+38 -3.4e+38 -3.4e+38 -3.4e+38 -3.4e+38 -3.4e+38 -3.4e+38 -3.4e+38 -3.4e+38 -3.4e+38 -3.4e+38 -3.4e+38 -3.4e+38
-0.0659724447630405 -0.0805627793406533 -0.0922317700470966 -0.107749319022793 -0.133248098385055 -0.130216689736127 -0.118112726678415 -0.115746399069784 -0.105081309540185 -0.102141993622493 -0.0826040437865737 -0.0461802904576824 -0.0369357627294008 -0.0243299997099825 0.000836826966961017 0.00191771465815013 0.0158810930936384 -0.00116866338940499 0.020534985316072 0.0736159459544311 0.0774073866504845 0.0471809229471388 0.0541806474417517 -3.4e+38 -3.4e+38 -3.4e+38 -3.4e+38 -3.4e+38 -3.4e+38 -3.4e+38 -3.4e+38 -3.4e+38 -3.4e+38 -3.4e+38 -3.4e+38 -3.4e+38 -3.4e+38 -3.4e+38 -3.4e+38 -3.4e+38 -3.4e+38 -3.4e+38 -3.4e+38 -3.4e+38 -3.4e+38 -3.4e+38 -3.4e+38 -3.4e+38 -3.4e+38 -3.4e+38
-0.0768462054538224 -0.107634635684077 -0.12864876206458 -0.133484350956628 -0.147985940400407 -0.135192187660231 -0.143038200265374 -0.103990619099718 -0.115447110575234 -0.102436142496917 -0.0969552159631374 -0.0494715725530691 -0.0327752252727872 -0.00827974256695663 -0.011436449276148 -0.022338605580584 0.00212525357934654 -0.00106661794801346 0.00463910417362099 0.0315411906590135 0.0348478945478201 0.042809766845845 0.0488145161141665 -3.4e+38 -3.4e+38 -3.4e+38 -3.4e+38 -3.4e+38 -3.4e+38 -3.4e+38 -3.4e+38 -3.4e+38 -3.4e+38 -3.4e+38 -3.4e+38 -3.4e+38 -3.4e+38 -3.4e+38 -3.4e+38 -3.4e+38 -3.4e+38 -3.4e+38 -3.4e+38 -3.4e+38 -3.4e+38 -3.4e+38 -3.4e+38 -3.4e+38 -3.4e+38 -3.4e+38
-0.0757847289271618 -0.0928611848009359 -0.124894903854164 -0.146334620756296 -0.154568813184881 -0.148287579568587 -0.14506661149253 -0.123861849918338 -0.115381022949749 -0.103107753429636 -0.0999191955265709 -0.0757398742273999 -0.0274121460472793 -0.012385123388086 -0.00568140307407978 -0.00692481885702257 0.0220381973307989 0.0240774664802079 0.00756934623553873 -0.00454910322702907 0.0142896750136106 0.0275612056378758 0.0365268654472136 -3.4e+38 -3.4e+38 -3.4e+38 -3.4e+38 -3.4e+38 -3.4e+38 -3.4e+38 -3.4e+38 -3.4e+38 -3.4e+38 -3.4e+38 -3.4e+38 -3.4e+38 -3.4e+38 -3.4e+38 -3.4e+38 -3.4e+38 -3.4e+38 -3.4e+38 -3.4e+38 -3.4e+38 -3.4e+38 -3.4e+38 -3.4e+38 -3.4e+38 -3.4e+38 -3.4e+38
-0.0768489686495955 -0.0793114785943879 -0.11001821814035 -0.168456608761924 -0.168053114829242 -0.146638884052928 -0.148476740164903 -0.135514582926715 -0.12521204170243 -0.110822619150906 -0.0876577286375375 -0.0670785973929023 -0.056454310911339 -0.0202558610318165 -0.00314999001075108 0.010914400190154 0.0167111736826137 0.0161134131613722 -0.00604197844300827 -0.00803989174239566 -0.00643609258880916 0.0123486377450222 0.0216486206660264 -3.4e+38 -3.4e+38 -3.4e+38 -3.4e+38 -3.4e+38 -3.4e+38 -3.4e+38 -3.4e+38 -3.4e+38 -3.4e+38 -3.4e+38 -3.4e+38 -3.4e+38 -3.4e+38 -3.4e+38 -3.4e+38 -3.4e+38 -3.4e+38 -3.4e+38 -3.4e+38 -3.4e+38 -3.4e+38 -3.4e+38 -3.4e+38 -3.4e+38 -3.4e+38 -3.4e+38
-0.0730761742609517 -0.09878313049524 -0.067518080309729 -0.139788362199082 -0.167370010790288 -0.161932545211145 -0.155548481522564 -0.139389174967715 -0.113878136506272 -0.0981964873524439 -0.0866424663174165 -0.0674385272493236 -0.0361615889532584 -0.0155382809847358 0.00599115482976464 0.0120965600695901 0.0127576439162811 -0.0231420697331591 -0.0201462346044342 0.00829327621976085 0.0318090572388972 0.0150251272789011 -3.4e+38 -3.4e+38 -3.4e+38 -3.4e+38 -3.4e+38 -3.4e+38 -3.4e+38 -3.4e+38 -3.4e+38 -3.4e+38 -3.4e+38 -3.4e+38 -3.4e+38 -3.4e+38 -3.4e+38 -3.4e+38 -3.4e+38 -3.4e+38 -3.4e+38 -3.4e+38 -3.4e+38 -3.4e+38 -3.4e+38 -3.4e+38 -3.4e+38 -3.4e+38 -3.4e+38 -3.4e+38
-0.0996517778444157 -0.120868287812066 -0.0898510241460607 -0.138183678533519 -0.157199552256694 -0.154366687565653 -0.148010586990621 -0.138729508741894 -0.112560808085365 -0.0920717167250949 -0.0775347802522764 -0.0580629352923413 -0.0338705457405355 -0.0159711473333029 0.00302562543424086 0.00644802642346705 -0.00085234648114226 0.00281859461087835 0.0362517826905924 0.0627365639103666 -3.4e+38 -3.4e+38 -3.4e+38 -3.4e+38 -3.4e+38 -3.4e+38 -3.4e+38 -3.4e+38 -3.4e+38 -3.4e+38 -3.4e+38 -3.4e+38 -3.4e+38 -3.4e+38 -3.4e+38 -3.4e+38 -3.4e+38 -3.4e+38 -3.4e+38 -3.4e+38 -3.4e+38 -3.4e+38 -3.4e+38 -3.4e+38 -3.4e+38 -3.4e+38 -3.4e+38 -3.4e+38 -3.4e+38 -3.4e+38
-0.126609307973196 -0.146569167637859 -0.0819925693444721 -0.0944022442541414 -0.140077944278954 -0.151677398950785 -0.137693975180634 -0.133653076610478 -0.10078515417951 -0.0669622673287675 -0.0385358487997688 -0.0400291831522158 -0.0501137450244456 -0.0236294702987369 -0.0159588758474093 -0.008731661443319 -0.00205298246235457 0.0231232251925947 0.0614253206010776 0.0649103893790919 -3.4e+38 -3.4e+38 -3.4e+38 -3.4e+38 -3.4e+38 -3.4e+38 -3.4e+38 -3.4e+38 -3.4e+38 -3.4e+38 -3.4e+38 -3.4e+38 -3.4e+38 -3.4e+38 -3.4e+38 -3.4e+38 -3.4e+38 -3.4e+38 -3.4e+38 -3.4e+38 -3.4e+38 -3.4e+38 -3.4e+38 -3.4e+38 -3.4e+38 -3.4e+38 -3.4e+38 -3.4e+38 -3.4e+38 -3.4e+38
-0.127069529177393 -0.152544156009044 -0.148378570804257 -0.105363082731548 -0.0723976253613816 -0.106676162391328 -0.120258197783974 -0.121892945882696 -0.104275406922314 -0.0478742399895463 -0.0267050815895077 -0.0392229568114405 -0.0611746245370803 -0.0531006682534011 -0.0323644111753742 -0.0386060636747614 -0.0199755100039704 0.0177797837678743 0.0409990211541526 -3.4e+38 -3.4e+38 -3.4e+38 -3.4e+38 -3.4e+38 -3.4e+38 -3.4e+38 -3.4e+38 -3.4e+38 -3.4e+38 -3.4e+38 -3.4e+38 -3.4e+38 -3.4e+38 -3.4e+38 -3.4e+38 -3.4e+38 -3.4e+38 -3.4e+38 -3.4e+38 -3.4e+38 -3.4e+38 -3.4e+38 -3.4e+38 -3.4e+38 -3.4e+38 -3.4e+38 -3.4e+38 -3.4e+38 -3.4e+38 -3.4e+38
-0.136840453501289 -0.135681625760208 -0.158971442660022 -0.133954077609166 -0.083316570485889 -0.106795810601668 -0.121477946871454 -0.139206911609889 -0.0841202203374296 -0.0341830074068094 7.49144805744016e-05 -0.0318448326419073 -0.0750014341829154 -0.0916326760623082 -0.0729467381422606 -0.0637263485596206 -0.0536889457264583 -0.0489672621665196 -0.00532380673389049 -0.0114163186131449 -0.0318057161317961 -3.4e+38 0.0509500576056014 -3.4e+38 -3.4e+38 0.12174218439992 0.146037924881144 0.164609340615677 -3.4e+38 0.146831372281671 -3.4e+38 -3.4e+38 -3.4e+38 0.132943493367782 -3.4e+38 0.0880538723856434 0.105801679834017 0.0974910774380787 0.0454161498337735 0.0405859640050366 0.0443201601469753 0.0349563414900684 0.0694770430247722 0.0652482935177923 0.0163127615526646 -3.4e+38 0.00964191145022687 -3.4e+38 -3.4e+38 -3.4e+38
-0.141587655587005 -0.139731779701971 -0.154813265414385 -0.117676179314488 -0.117456303815808 -0.0919708498477717 -0.103165629953307 -0.131202642657082 -0.124798154285617 -0.0631963841826002 -0.0427442105348849 -0.114835352440542 -0.126158880183389 -0.120106867063137 -0.0809539358634431 -0.109557720741875 -0.108152017735353 -0.0773539426117744 -0.0347402974524867 -0.0395912948224808 -0.0870094691200923 -0.0530711295957036 0.00724071437505012 -0.0698312149991468 -0.0640528231126145 0.0462682689517085 0.0612641126403908 0.0607836417066376 0.0974970786403233 0.0873047600982778 0.0878720587712126 -0.0254636057749045 -0.0182284895243462 0.0142849438684535 0.0506290426628339 0.0986486655807355 0.10972987468935 -0.00628503222813613 0.00198571985714878 0.0648098656959525 0.0381828585828055 0.0354600872601202 0.0557491909230527 0.0784821113214838 0.0650296859794295 0.0733834102441061 0.00991087783331454 0.0332680000990545 -3.4e+38 -3.4e+38
-0.0745056031544211 -0.163173083568477 -0.0874073814539114 -0.138654962148468 -0.133793982419449 -0.128599173453581 -0.121225165647689 -0.0967703335074942 -0.111783660158458 -0.127860955845385 -0.111916076837535 -0.123989281584145 -0.118796760831381 -0.108127760260637 -0.0792662650359142 -0.057218987270191 -0.0528885089716054 -0.0656392273936525 -0.0797921608002835 -0.0701460439254692 -0.102891781098624 -0.13095906074603 -0.12587246556548 -0.124548246155639 -0.101415198662395 -0.0466173687843662 -0.0371994925485851 -0.031111766849368 -0.0834529848141527 -0.0984907680994928 -0.0355927808164471 -0.0221186508789374 -0.0301215218624801 -0.044133593931307 -0.0463000332545224 -0.0440822492556416 -0.0454463749387399 -0.0467760044654437 -0.0274670483421768 -0.0228085991688919 -0.0102473939624869 0.0284339233061677 0.0500798720120044 0.0673264880766729 0.0655468544361859 0.0687780112836961 0.0916952579816689 0.100949458185193 -3.4e+38 -3.4e+38
-0.138883244117717 -0.137761795174521 -0.17088386419855 -0.0883753613769549 -0.0821830789464168 -0.0855480441421401 -0.0762310394369282 -0.0518164339199601 -0.0533223154751496 -0.0419399410775465 -0.0466832810964974 -0.0414831829237097 -0.0688599189874034 -0.079431242582278 -0.0733233686178097 -0.100112693854409 -0.122540109729171 -0.134413916571821 -0.118229062836963 -0.136470436187986 -0.164312195579144 -0.150966350894947 -0.147061805866929 -0.138212269713071 -0.120151674621568 -0.0979894769215053 -0.0910379787952807 -0.0921571726949739 -0.107608021070472 -0.107657552054895 -0.114893100987701 -0.103819924325979 -0.10540826462236 -0.100695741561131 -0.0955322127835271 -0.0715111114075914 -0.0961721379891617 -0.100150269951435 -0.10468710112467 -0.0808074473218857 -0.0659456721987537 -0.0460882483810133 -0.012860924800773 0.0512064491947555 0.0506040805238592 0.0676203090675088 0.0894066972773504 0.0755540875454899 0.0233201849156568 -0.0103888832484833
-0.154311360468546 -0.13547644206586 -0.138075356857104 -0.123653580281825 -0.147007805308397 -0.090187983279363 -0.0976389503864816 -0.0877643538587044 -0.0810741252898226 -0.0542831318528799 -0.0623188672299593 -0.0596372343402616 -0.0535633117403285 -0.034092899196638 -0.0485926909505331 -0.0736898002466568 -0.0968101088963838 -0.0757461858404196 -0.150721159089522 -0.163438738113188 -0.189993085678485 -0.18212334621655 -0.186475588731851 -0.158621566097308 -0.142345579584636 -0.11529391754141 -0.107971454054543 -0.124447337954087 -0.131366695452622 -0.103028823925569 -0.0842633255641863 -0.108012428733349 -0.114697995067881 -0.117762312935543 -0.10670784809728 -0.0709444728120467 -0.0932044435213792 -0.0917910969639084 -0.0873522626287566 -0.0778395615168289 -0.050055197419196 -0.0354448416746 -0.000468909773310361 0.00867978300350665 0.0132959668772181 0.0240028333039983 -0.010832776443322 0.0299027401478447 0.0358114646607899 -0.00372875404411378
-0.0202830909171349 -0.0786890239047382 -0.141134441585996 -0.132884654971782 -0.128346452023132 -0.13238839003655 -0.0896553348090697 -0.101307394912621 -0.0874024564129737 -0.0709337713476016 -0.0675620844695424 -0.0633326300238718 -0.0815947159882172 -0.0862094240945463 -0.103612220712109 -0.0850355666448578 -0.0933190151458384 -0.0833118472731301 -0.164029291689968 -0.174243584673681 -0.19452024536098 -0.185947872260846 -0.185565775417958 -0.176727066684895 -0.153744210489512 -0.127965688595084 -0.13763407500003 -0.142681511693317 -0.125697375818996 -0.131561818628872 -0.096597118917295 -0.0959232439159142 -0.122684507784925 -0.113058865703331 -0.102449966207576 -0.115966186944212 -0.0759562653076644 -0.0716294123899554 -0.0897727721583767 -0.082513885604446 -0.0460253834159734 -0.0284375558618321 -0.0147777787388546 -0.0101882987288002 0.00415306953611047 0.00651286019017313 0.00327067110141792 -0.0103570700044732 -0.0199900348826807 -0.0213603939048631
-0.00358467189359121 -0.0210608284715256 -0.0436093162463751 -0.145306965188585 -0.133255303797179 -0.0745551856854423 -0.07625556726677 -0.103735165901493 -0.0873349505270875 -0.0936034931818 -0.0798838531830789 -0.0973042583399677 -0.0994398553853476 -0.0959153757799591 -0.0912357188080466 -0.0922754496022747 -0.104205067039574 -0.105323520193776 -0.0981302290928448 -0.100136489696868 -0.179021014713723 -0.166743260272345 -0.158019495041585 -0.180057211098094 -0.160249124036783 -0.155149587182426 -0.164337455874065 -0.133049453131494 -0.131035399201681 -0.123015131832054 -0.120555466122302 -0.112567041400594 -0.0880872535898309 -0.101041490831128 -0.110151275576581 -0.10140705108642 -0.097694046355684 -0.093462311432361 -0.0978365609499556 -0.0514049015294853 -0.041918417163957 -0.0202202362878184 -0.0135418182951022 0.00767484972347563 0.00275355406034171 0.00124394832062368 0.01138857441417 0.0185759619073965 -0.00877818028472623 -0.0126636169854119
0.00140019154301766 -0.00507979813939858 -0.028778576936036 -0.0503238375052095 -0.0411450844453796 -0.0543833657753071 -0.0552875759079468 -0.0590455432813927 -0.0855544670837727 -0.0815815909357178 -0.0846754804996103 -0.085334583711388 -0.0845167436932834 -0.0912672993782202 -0.102651352152219 -0.0962308927085727 -0.0911875594925217 -0.118263467353555 -0.0786606088469406 -0.128479988376482 -0.133034415074203 -0.128634348105331 -0.173416344808168 -0.17768036717143 -0.180202835743975 -0.17029592840405 -0.17011011883066 -0.14851161519553 -0.120481491945579 -0.123224472703337 -0.135010680997811 -0.110281122213754 -0.069969250463816 -0.0898439320900682 -0.085989202370422 -0.0881933042258705 -0.0876079779587196 -0.0926821694142038 -0.0799924167927787 -0.0350720331027563 -0.0378325044754527 -0.0222466281658646 -0.0155941875353498 -0.0134906122946142 -0.0160490428548347 0.00542409430268575 0.0029969185970563 -0.00512778919428968 -0.00946754913898249 -0.0131814004875692
-3.4e+38 -0.0249988575917857 -0.020125944261603 -0.0336469832013925 -0.0446805956289281 -0.0238416635164323 -0.0470064324448512 -0.0549317197897126 -0.0669653555049727 -0.0709295145692863 -0.0615146145771355 -0.0729635641357454 -0.0812699406281043 -0.0855720756274297 -0.0922208461577556 -0.0810480696078528 -0.0690812151417498 -0.0896335268933087 -0.0717794528714874 -0.117220458399307 -0.0953654389236784 -0.130110624060049 -0.18324428118051 -0.155282564466547 -0.19892229119193 -0.195732787374917 -0.178113115046051 -0.153371101901947 -0.114439054435973 -0.121274326496629 -0.119621897358865 -0.0944286674746048 -0.0809784266611047 -0.0657503246304259 -0.0716985863481572 -0.0718202635722964 -0.072755179660443 -0.0810705274347781 -0.064655651753671 -0.0353913841932577 -0.0282683485312949 -0.0304529019155738 -0.0297508514268771 -0.0184267096954788 -0.0166495814334132 -0.0145814258175703 -0.00675014746065686 -0.00730943598728878 -0.0149865685704352 -0.0117587762982401
