data/pcas/pcas_mc_126/pca_referenceLayers_mc_126/PC14.asc
NCOLS 494 
NROWS 529 
XLLCORNER -117.166666666667 
YLLCORNER -55.5 
CELLSIZE 0.166666666666667 
NODATA_value -3.4e+38 
[rows 374 to 395 of 529, columns 300 to 349 of 494]
-0.0658443978620703 -0.055457598655707 -0.0533256662050565 -0.0517711573285533 -0.0526399771940214 -0.0556017146545203 -0.0550245709990664 -0.0584388602217301 -0.0449775086482302 -0.0832333390217827 -0.0827429719741283 -0.0722678135019683 -0.0712975414085452 -0.0618083819939541 -0.0710702281688654 -0.0188792535729797 -0.0228199245847274 -0.0386750732716233 -0.0047157784838514 -0.00847166148196183 -0.00428010872203792 -0.00929716664488969 -0.0051080238318861 -0.00854734375092296 0.00105279822456492 -0.00457312144803128 -0.0146267509897209 -0.0174190133076829 -0.0289492647590897 -0.0345436471364272 -0.00180031475923118 -0.00983282887602148 -0.0222826999614402 -0.0176396318110403 -0.0230666461060027 -0.0307776441086643 -0.0224007494039295 -0.0255711199894016 -0.0374241967479715 -0.0299986770666265 -0.0322003179682323 -0.0355891126697267 -0.0339739477942483 -0.0255690592987807 -0.00770146932182739 -0.00659244235955449 -0.00786552161123831 -0.0164731473152897 -0.00523446839875746 -0.00822009725562285
-0.0674896532530303 -0.0564329729638452 -0.0683427648715178 -0.0612777380654154 -0.070881600532596 -0.0593494963280771 -0.0477455437268494 -0.066830838901292 -0.0549005619979404 -0.0882051436433047 -0.0764822231877618 -0.0683244401833777 -0.0581710258951061 -0.0362640349459801 -0.0933523937467264 -0.0278617011153451 -0.0276491558351956 -0.0214889426093364 -0.00473357929540539 -0.00198297317689555 -0.0101316149137857 -0.0226375029760096 -0.0150117784620223 -0.00522291654551274 0.00157275208250418 -0.00532636628747736 -0.011724749325165 -0.0119491145627865 -0.0416729031336865 -0.0322660556880444 -0.015990584073304 -0.017134851681812 -0.0363805723743594 -0.0264265648296711 -0.0312243620611658 -0.0423883744109031 -0.0339797600788848 -0.0381209725140007 -0.0291769861553501 -0.036362890706258 -0.0366987792311214 -0.0439535110669771 -0.0218071795304335 -0.0363202152746172 -0.0219256900103406 -0.0143687388371244 -0.0184459882633883 -0.0159848279816323 -0.0161190244871846 -0.0158670551658602
-0.0566349217382761 -0.0584646645191795 -0.0647608890397051 -0.0702647761826053 -0.0668356387215271 -0.064844831864959 -0.0581863149806832 -0.0877665198337001 -0.088678750001085 -0.0773954137336099 -0.0809061806772923 -0.0721880993866486 -0.0579636969947848 -0.0566015561530536 -0.0811765811118081 -0.0606393169415798 -0.0301502884021861 -0.0223812517960869 -0.0111264402843934 -0.00303775308255517 -0.0233822698701706 -0.0241011392800762 -0.015655349082623 -0.00449541052878784 -0.00796449429633742 -0.00646533305507574 -0.0229754825425086 -0.0286586593644766 -0.0396401663857874 -0.0411649900435954 -0.0235732392038684 -0.0379233242554914 -0.0394898455058417 -0.0307727196667284 -0.0346282635331489 -0.0391664284818355 -0.0341724295405053 -0.0440020230099076 -0.0415405046934652 -0.0395773506674458 -0.0461205930277988 -0.038463767509479 -0.0420902905208309 -0.0177363994302399 -0.0246637774206351 -0.0211924368216417 -0.0197087252817602 -0.0199578075087789 -0.0225261449321526 -0.025337735250745
-0.0611596079610154 -0.0580032160582653 -0.0607503373575815 -0.0746497887899401 -0.0769918243954259 -0.0644712715104879 -0.0591861695599066 -0.0820146628388453 -0.0835526591784725 -0.0773819027471632 -0.0694944178178309 -0.0807469695516442 -0.0637198036209956 -0.0624941817811559 -0.0550918355242336 -0.0566547358201309 -0.0204846195595485 -0.0151542154034056 -0.00341636270934437 -0.0129549233521045 -0.0232943462546874 -0.0144141008140383 -0.00905973156832163 -0.0150463925393623 -0.000424407949797952 -0.0123841873198895 -0.0373503219987695 -0.0412803793697834 -0.056296413147493 -0.0477518208138702 -0.0444829881460499 -0.042767564772977 -0.0446960043412661 -0.0370090952006003 -0.0445363079291908 -0.0474074471288935 -0.0546519117813217 -0.0572448358048815 -0.0464185236053146 -0.0498587738875338 -0.0469270982820383 -0.0447239154398167 -0.0467832603483176 -0.0262126148912434 -0.0386074042055303 -0.0343274944776923 -0.0257091020266683 -0.0318832104360698 -0.0281179855210456 -0.0245768126811822
-0.0561972173755639 -0.0551526644535364 -0.0526074072422194 -0.0861207555192661 -0.052824558510702 -0.0976328334511645 -0.0898298773160321 -0.0758048150770834 -0.0796472568624387 -0.0606217476897176 -0.0498170300377462 -0.0622921906618449 -0.0554293822257348 -0.0550397379697009 -0.0593930114952939 -0.0245705282616308 -0.00194956876552951 -0.0081367212970805 -0.00474477181489742 -0.0165758545154526 -0.0228113855620802 -0.0098394158388726 -0.00245865486627816 -0.0125532757573897 -0.0204234946690703 -0.020465007276602 -0.0344414464881493 -0.04554696267399 -0.0423501382703878 -0.0521067249039246 -0.051474397964134 -0.0535317928172788 -0.0484050288923864 -0.0634717797021736 -0.0575772536724104 -0.0566549171353887 -0.0596034641864642 -0.0678321152862053 -0.0561208598446924 -0.0546569848812676 -0.0510241655735937 -0.0538447774002833 -0.038495961653698 -0.0327562487456175 -0.0445410315754956 -0.0315100371954196 -0.0216834833994003 -0.030302222179976 -0.0360505179838659 -0.0459788020651113
-0.0897915854672323 -0.0901296629845765 -0.0835494906573405 -0.0889260017549753 -0.0636550628907073 -0.0923187130654342 -0.0882078349332654 -0.0801837448235027 -0.0785088160265654 -0.075265038247372 -0.064236806404507 -0.0607181408210013 -0.0554089107882731 -0.046901385224588 -0.0546935533962608 -0.0193323872775041 -0.0132643498676044 -0.00957264583632336 -0.00489248799312256 -0.044335389136239 -0.0410305275923126 -0.0425369940847373 0.0038811855325427 -0.00542789354360097 -0.0231313480691014 -0.0309633517758088 -0.0358581466508982 -0.048539295094066 -0.0411210877854168 -0.0546580485830688 -0.0571870053368758 -0.0653947820810999 -0.0651780382996431 -0.0747596488280748 -0.0755317999792374 -0.0729110993980828 -0.0766970877378139 -0.069649638435755 -0.0617129647939239 -0.0461953430692934 -0.0543376652884027 -0.061150810227329 -0.0535338358382366 -0.0469200736955027 -0.0561149197518236 -0.0378344889320357 -0.044014590671771 -0.0490299424549299 -0.0396959639503014 -0.0435302013604008
-0.0831160442968067 -0.0831724199366023 -0.0871579215682902 -0.0895805172521949 -0.0826563819522854 -0.101207064331092 -0.0806071192824264 -0.0782766021632094 -0.0715584111489188 -0.070288420284956 -0.0788121864877198 -0.0581426672070215 -0.0527797642877182 -0.0471073320991916 -0.0528060734070334 -0.0164813668626466 -0.0121273811761137 -0.0179901683069814 -0.0440502650441999 -0.054378911115629 -0.0351203924081584 -0.0406934407327285 -0.0383799540127309 -0.0138159875284092 -0.0249916185150672 -0.0368545316760686 -0.0426363711376751 -0.0558589687414622 -0.0618839412406556 -0.0567738111869411 -0.0783606945589298 -0.0764206965258767 -0.0874740853952089 -0.0743726512186819 -0.0830821731587905 -0.0725181992132426 -0.0780557282603301 -0.0802250554472613 -0.0685850374394877 -0.0654857967658403 -0.0578410419960371 -0.0634417735559932 -0.050118517630572 -0.0544782718823986 -0.0558527707917981 -0.0517191515709981 -0.052616534367056 -0.0470231540092575 -0.0555865521596076 -0.0503055542865516
-0.0857556653689553 -0.0833642862180641 -0.0883793682366865 -0.0774103869325267 -0.0823677738053193 -0.100042044843822 -0.0852830687958819 -0.078973072271843 -0.0699440984876926 -0.0619226939188924 -0.0628563900722791 -0.0598298851274289 -0.0475661642163438 -0.0467229422703239 -0.0165278334242372 -0.0154239441579538 -0.0100055450125663 -0.00407113782819848 -0.0342341011429983 -0.0398614796035652 -0.0311233962033911 -0.0427795292950613 -0.0440642398558715 -0.043969916104009 -0.0556923867385961 -0.0426934242198118 -0.057431471840876 -0.0618381057271237 -0.0688072891937963 -0.0644828474084743 -0.0642131370831971 -0.082822852941971 -0.0935041054894465 -0.098887564909992 -0.0923985017998617 -0.0897956276245079 -0.0778010812489917 -0.0642016542936942 -0.0685429127998573 -0.0598681752905125 -0.073385870478321 -0.064040350203794 -0.0576383271540672 -0.0579505151252107 -0.0709152733232869 -0.057995373878116 -0.0640650042051335 -0.0641315540739337 -0.063324623969159 -0.0706397581309031
-0.0811593487842763 -0.0810087168746656 -0.0824193566256969 -0.0747767643125338 -0.0799219609696613 -0.084462987938859 -0.0809673960124639 -0.0710007074002525 -0.058604099462658 -0.0583489533537989 -0.064559891394158 -0.0550729534474518 -0.0349377947494818 -0.012548821573093 -0.0156982947507217 -0.0126906119890503 -0.00407826081408124 -0.0173647939659809 -0.0305575828080148 -0.0359367519901562 -0.032576322149301 -0.0377530715640192 -0.0438175848392303 -0.0565271953240245 -0.0609010200598142 -0.0391920229912265 -0.059968392227484 -0.0684202243283557 -0.0585407782590712 -0.0630358000162248 -0.0696904866561819 -0.0802758949223013 -0.0854296082490356 -0.103767775096738 -0.0856847231816949 -0.0883071290414964 -0.0867477241837653 -0.0721869809631215 -0.0755218538689456 -0.0750183233248767 -0.0748275189593352 -0.0731227460935536 -0.0747981378757246 -0.0721038531626699 -0.0550615076334018 -0.0689577279766612 -0.0641589730497657 -0.0694928923924942 -0.0730399837781634 -0.0658112042599329
-0.081970479036119 -0.0785080155556531 -0.0785196301750892 -0.0893011398808526 -0.0853594261702407 -0.0805053722960912 -0.0677652464959437 -0.0537205551003996 -0.0539190057798759 -0.0544952760557244 -0.061529133335919 -0.0164551967248389 -0.0154703771976371 -0.00339424333652122 -0.0136069332302004 -0.00738730990103737 -0.0288787774997601 -0.0258856960202614 -0.0348876541510623 -0.037674419328536 -0.0161413165817254 -0.0319427334909296 -0.0481230577633879 -0.056426813875531 -0.0653241849870171 -0.0777134140730251 -0.0557903002912539 -0.0749527852731793 -0.0617414705383345 -0.0694564948313965 -0.0745190009731469 -0.0823933319059846 -0.100997105334876 -0.107509473213275 -0.0977473242433757 -0.0954360824492314 -0.0792211195540713 -0.0759087396876275 -0.0681322663176632 -0.077946935840629 -0.0805182222694213 -0.0780841708423462 -0.0745229827035025 -0.0792768919262072 -0.0814831469348822 -0.0763605606164562 -0.0782943515286671 -0.0812208989687847 -0.0812198339725717 -0.0782119502404948
-0.0723490880866707 -0.0769487580835186 -0.0792959147773824 -0.0886082410742494 -0.0810146704105158 -0.0682730179141899 -0.0544866543566494 -0.0485900299750299 -0.0498451843845816 -0.0501180661552835 -0.050844060333015 -0.0423270889304657 -0.00930616957270897 -0.00910529361767614 -0.00933700090305782 -0.0299250039892973 -0.0312045694941186 -0.033755967754992 -0.0337553087895755 -0.03353341135849 -0.0249815570056448 -0.0249162480918868 -0.056762539438418 -0.0708108101589126 -0.0767890050561571 -0.0886169226400321 -0.0726456039685549 -0.0727939767826575 -0.0847523471810563 -0.0735991220526963 -0.0860336845759651 -0.0802989272995526 -0.0772030604818047 -0.0955561284456527 -0.0985242749249171 -0.0942167063413103 -0.0770825154851566 -0.075753334114299 -0.0760229238768551 -0.0765254093064208 -0.084916233730912 -0.0871900817561106 -0.082855880540749 -0.0831101875707724 -0.0841744756906358 -0.0853786805941049 -0.0934939408898672 -0.086047743377119 -0.0815210161031634 -0.0918400211075941
-0.0596381937519548 -0.0851462391099476 -0.0817738435512617 -0.0688973639425908 -0.0778419399616375 -0.0688479726968139 -0.0510300418870429 -0.0460215643212564 -0.0434027265595463 -0.0434288607239871 -0.0283467515596987 -0.0146042167976193 -0.00295146823322883 -0.00930507898418856 -0.0111222222595145 -0.00370379547285017 -0.0228420252544937 -0.0266300850590565 -0.0184827132003158 -0.0222816236288778 -0.0364595750728922 -0.0533970225447883 -0.0563930550380011 -0.0809707462452284 -0.082131671728199 -0.099734237518697 -0.0781480934836941 -0.0739422170291228 -0.0959185059842846 -0.095404734909357 -0.100825173447498 -0.0987361045254903 -0.0955596518258517 -0.108733792733334 -0.109572024047636 -0.103737037229868 -0.0839194255650533 -0.0788426351192573 -0.0806951078386127 -0.0919339748496193 -0.0861911685489853 -0.0816274905468259 -0.0976587060786325 -0.0976358053142043 -0.0992100062638827 -0.101249706567797 -0.103685620289954 -0.0885564749626107 -0.0845494808495709 -0.0928296354791591
-0.0759409920201111 -0.0568016927045807 -0.0552978615167319 -0.0571596910993216 -0.0587005224767791 -0.0593362528303442 -0.043627638915236 -0.0317935877433522 -0.0328564100127673 -0.0269831177628917 -0.0287454400682352 -0.00567033283468648 -0.00222418888185633 0.00224543791074093 -0.00522389019527079 0.00572414686328987 -0.0288779697768333 -0.0270617207830827 -0.0204110001998066 -0.0319954463458647 -0.0547452982046899 -0.0600842717643832 -0.0618104019663634 -0.0804023923302922 -0.0970925219705271 -0.109004582452298 -0.121470055613627 -0.0938339880461835 -0.106059052262971 -0.104705770575531 -0.0912068648706048 -0.11274833687793 -0.0988130840794354 -0.0957218954590497 -0.110705638781459 -0.107642679505567 -0.0828012173290964 -0.0866686966391858 -0.0780570136646264 -0.0883608160460567 -0.106100620497884 -0.0964958200292264 -0.112727628136409 -0.0993493239845847 -0.113889028319829 -0.109406947793663 -0.115324651469675 -0.103989358674036 -0.0984018571833011 -0.0944103285266569
-0.0642498740462452 -0.0577758824947088 -0.0742847177129956 -0.0411120302536849 -0.0482044239897428 -0.0423936896436922 -0.0418792658760012 -0.0280194571937835 -0.0254276970496011 -0.0259843966583377 -0.032734070604182 -0.0100463046495002 -0.000133298312610763 0.00743992756350537 0.00698813135708381 0.00987978565564169 0.00186351642795599 -0.0213853463994459 -0.0302430154323153 -0.0470681405309633 -0.0483169680725131 -0.0586197183882812 -0.0782558233134172 -0.092671306757347 -0.101616736417713 -0.129555299660192 -0.13637003145046 -0.0988154455281515 -0.102457414451185 -0.107433135186982 -0.105175696796993 -0.102342180780494 -0.108388251828853 -0.114459266058562 -0.119831403516528 -0.0974930436268814 -0.0933803882674589 -0.093988734925819 -0.100737277914275 -0.10222436959659 -0.11686529094194 -0.105150662750969 -0.107231855874457 -0.114699691344585 -0.112663737665821 -0.121792112914366 -0.120879800519427 -0.11463926173487 -0.112363577912965 -0.101644735853346
-0.0555882544043554 -0.0412426817175095 -0.0300869025251414 -0.0333435558913272 -0.0408975430813464 -0.0339599680265733 -0.0284863704184446 -0.020562135102863 -0.0258231126046906 -0.0247856303385496 -0.0220740033235932 0.00816975313704389 -0.0072942775314435 0.00592251488428529 0.0102338816893941 0.00662448632313815 -0.00463824605517227 -0.00477126675410727 -0.0411256599812261 -0.0383616601694767 -0.0609083494280509 -0.0852987849632622 -0.0946514248367512 -0.114301291731832 -0.119084669040711 -0.133801345354542 -0.135580007036858 -0.10361018184171 -0.126927181818522 -0.132762981971393 -0.111109060305757 -0.0892827874439949 -0.0950211967231509 -0.0998729383082766 -0.123469406116433 -0.102724112400933 -0.100011174336159 -0.102711734358086 -0.102397933664595 -0.107741475429998 -0.125005758870186 -0.13386511570113 -0.12773926023778 -0.122651957484987 -0.120145191987573 -0.12235745567594 -0.1202255456575 -0.117459290357755 -0.0979041188264804 -0.109366135847767
-0.0465380813646365 -0.0525457685430775 -0.036324354237249 -0.0294057927474012 -0.0373178389498391 -0.0240341159262888 -0.00509007534812447 0.00300968621537029 -0.0178617982544559 -0.0142006922327926 -0.0230082679788299 0.00221750651130759 0.00693256638132026 0.0104487602029377 0.0118085797902224 0.00177564107671126 -0.00524709447742074 -0.0148864461477496 -0.0240309927365798 -0.0661544528927542 -0.0812413016919446 -0.0932869280096007 -0.110049962119353 -0.115209295015328 -0.134292751576755 -0.149814214661808 -0.116780140299452 -0.116158005135438 -0.119353920365666 -0.120528999928941 -0.12356466995671 -0.095988726546243 -0.0887680413129748 -0.098430557093776 -0.109188410520818 -0.115697730925435 -0.119065363051052 -0.110793812142852 -0.117223248366767 -0.133184967132937 -0.135362544759131 -0.148481253704174 -0.143520103817395 -0.136956923172489 -0.137625702978659 -0.131767682008599 -0.123633206919782 -0.121990127904616 -0.107736342963403 -0.100157167991046
-0.0431367601411846 -0.0360309617231399 -0.0429847105208932 -0.033784158769304 -0.0303771107774139 -0.0188864829004033 -0.00594550446927559 -0.0140269359231476 -0.0160884223633331 -0.0133558273879386 -0.0117997836546374 -0.00648916904130578 0.0112537051809153 0.00872387570228142 -0.00613253949373195 -0.00247708446090786 0.00990515032082437 -0.0277042092717047 -0.0695066502787742 -0.0685166038212409 -0.0656493456991266 -0.0837085812898304 -0.100909326193675 -0.121078425350243 -0.120635024637903 -0.141909482640428 -0.129545928819533 -0.11549215264097 -0.155667155713137 -0.128304716244681 -0.162408325856613 -0.0944769168519144 -0.0802328586444575 -0.0928913584583924 -0.102660603446268 -0.105332727461198 -0.11631622232209 -0.113706779302977 -0.124769314463719 -0.12961406527583 -0.139908201547447 -0.140015058405489 -0.143719565418904 -0.157439795829433 -0.146832004912097 -0.144067717146248 -0.136638142987476 -0.121704017427615 -0.120444921116334 -0.103103945598609
-0.0429925737694136 -0.0347600189373294 -0.0355535283181971 -0.030944456613922 -0.0278075392491301 -0.021660127147477 -0.00321524582264974 -0.0117777110089844 -0.00874289142125861 -0.00796683941204109 -0.00807481676398938 -0.0053936253924131 -0.0102955247717095 -0.00573702060244775 -0.0065057428145817 -0.0171201798111005 -0.0188108171829987 -0.0522715247300264 -0.0544877477676949 -0.0642450771032083 -0.0699539620368263 -0.0996643097787352 -0.0960885740310288 -0.106232906777893 -0.110429821479198 -0.0881268683762483 -0.10691249084221 -0.105464059920057 -0.140728976236307 -0.128035600972997 -0.13697659663888 -0.159869481593783 -0.0987747789778258 -0.100362097347249 -0.103198336036783 -0.106228730123521 -0.101054770017604 -0.0973383451258668 -0.113048409195708 -0.13162140775863 -0.13523078376479 -0.152967719411913 -0.153976007929676 -0.142363844286476 -0.146306510438228 -0.1527178214471 -0.140637542593683 -0.124079252111334 -0.119033657678203 -0.10304689714153
-0.0380176790314684 -0.0306470569776623 -0.0180944174122391 -0.0082801528822267 -0.0181599823001615 -0.0264198494124139 -0.0131361914293774 -0.0131097962669846 -0.00756106033077165 -0.0111126902704961 -0.00669726125111628 0.00582429662536169 -0.00424821197885129 -0.00308864703818718 -0.0278827221817415 -0.00735520188033631 -0.0300490874802733 -0.045587253579741 -0.0656612214524401 -0.0611160456652617 -0.0780531177478673 -0.0939429550037121 -0.104553623706207 -0.112208336489837 -0.118921627809786 -0.0829875965177334 -0.0957750201008819 -0.0930239176163123 -0.0964122485075134 -0.137840209568686 -0.142303327472294 -0.113100195792873 -0.101995000711735 -0.0939910539100451 -0.0940694285600262 -0.0909760553245812 -0.0854379059869823 -0.100925310836158 -0.113676536882656 -0.136694689789934 -0.148909352611331 -0.158574668774584 -0.167770211281126 -0.163147393358029 -0.146070327270545 -0.149289618608617 -0.144895045755054 -0.12746391481818 -0.117755592837346 -0.117813018842422
-0.0384896049370553 -0.0397418630944274 -0.0285641795695008 -0.0197991330637941 -0.0212752166752477 -0.0140339722345201 -0.0125126185329067 -0.0147261158897057 -0.0115085234766125 -0.00493268758990951 -0.00292942641545089 0.00509719816647045 -0.0179387707655922 -0.0381013379705074 -0.0177021327365801 -0.0201831325119496 -0.0384441796447761 -0.0560342922288382 -0.0551524013587291 -0.0655714951540291 -0.0747407360635205 -0.0857843672906067 -0.0978456606117044 -0.113336955654508 -0.0836531376762839 -0.0912590881104369 -0.0909538634295277 -0.0907766007204407 -0.0937673614923907 -0.131099944288533 -0.132466090710895 -0.0966480170728649 -0.106240097236495 -0.102220777460661 -0.0995527014399125 -0.104940353327714 -0.0951404696020076 -0.0995401792994122 -0.121392622976388 -0.138629193191863 -0.143853101728416 -0.166884322676135 -0.162211287134876 -0.175498615692366 -0.164685118175551 -0.155075754216316 -0.153402424018928 -0.14718853541 -0.134672058478851 -0.120261907953867
-0.0419628153080094 -0.0347972468140083 -0.0260882816585316 -0.0235763822824074 -0.00184499625652544 -0.00585324306673676 -0.00566834140283272 -0.00866878402697567 -0.0124517439704581 -0.00688662829734523 -0.000506426495545627 -0.00738151026300645 -0.0244923446824857 -0.0324035165166692 -0.00381108245390195 -0.024143935322524 -0.037119259847168 -0.0532521776663836 -0.0658826501442658 -0.0656358562759572 -0.0814879496105029 -0.106682110239725 -0.0703716166208622 -0.0774060478157878 -0.088982526646772 -0.0937652755644834 -0.0971573746372375 -0.0937784381373026 -0.0884476374241288 -0.0855326533710197 -0.0863192466128554 -0.105276468214739 -0.106686654416403 -0.110449437907512 -0.104333208426883 -0.0904085580318296 -0.10101235324614 -0.100413852945278 -0.128806017380697 -0.15135667745844 -0.157026861200243 -0.158282686134344 -0.163049593193703 -0.164516842450321 -0.173745881892922 -0.161874442436887 -0.151976496230314 -0.153881956705808 -0.140009589552978 -0.126235992148332
-0.0434900673258251 -0.0484149248173489 -0.0352310544891821 -0.0307928273758271 -0.0195090094495104 0.000972380911086045 0.0292043059479304 0.00170301288604422 -0.0113977145882811 -0.0156930002406277 -0.0239814184990524 -0.0107176389499328 -0.0269120261027597 -0.023354219779063 0.00506091303205838 -0.018327169794091 -0.0400417711456171 -0.039643944416974 -0.0540795960699109 -0.0747967257567422 -0.0828242751396376 -0.0952854777452934 -0.0700871708378518 -0.0774846221173971 -0.0899217771197862 -0.116814905540466 -0.100138720810062 -0.101462382004781 -0.100967390964598 -0.101079361884569 -0.102203615872515 -0.100875067288978 -0.101137255330825 -0.101347381148792 -0.0973921038496688 -0.108213295230718 -0.109121416816352 -0.12293022777494 -0.143304621794542 -0.148749185899472 -0.160212589638092 -0.12421264523477 -0.173715330481993 -0.175782461591377 -0.160291194084408 -0.166653585121168 -0.177406505507378 -0.169456844329869 -0.16280106230952 -0.156941125073805
