data/pcas/pcas_mc_126/pca_referenceLayers_mc_126/PC19.asc
NCOLS 494 
NROWS 529 
XLLCORNER -117.166666666667 
YLLCORNER -55.5 
CELLSIZE 0.166666666666667 
NODATA_value -3.4e+38 
[rows 315 to 335 of 529, columns 392 to 440 of 494]
7.66257541065891e-08 -3.05807543389556e-09 -2.3306782909463e-09 -1.73047389539213e-09 -7.98276545580434e-08 -1.58502192915465e-07 -9.14056087126518e-10 7.58378014778919e-08 7.50915902535852e-08 -1.57205007294004e-07 -1.72306980915954e-09 -1.81097626606964e-09 -1.19830782532455e-09 1.54533703357809e-07 -2.73787880976189e-09 -1.56112135503228e-07 1.54146589811891e-07 -8.12841954762989e-10 -1.47617174561439e-09 1.54583591866733e-07 7.71286876150602e-08 -1.56190367497508e-07 -6.80531524345179e-10 -1.15475481737781e-09 -1.57410866920104e-07 -1.12577638862085e-09 -5.55741523073072e-10 -7.73998963023208e-08 7.84108366397516e-08 -1.54080335029829e-07 1.57890635787946e-07 7.95780430684453e-08 1.56602509143983e-07 -7.61904993623111e-08 -7.62353196367237e-08 -7.54167810607688e-08 1.57273099602657e-07 7.99377282550233e-08 -1.53290428307925e-07 8.14023539983771e-08 1.58708858730782e-07 1.3841095252601e-09 1.57186024140262e-07 1.57231942549752e-07 1.58368713730006e-07 2.56300904917619e-09 7.95094531195277e-08 -7.59168078936857e-08 2.09459569291234e-09
-8.10329037067506e-08 -8.01240646224523e-08 1.5367120120755e-07 -1.57573431389011e-07 -7.96210767646276e-08 -1.33529005687783e-09 7.70776242301982e-08 -1.57708072343223e-07 -8.45060656099458e-10 -2.04220802642409e-09 -7.91072583711418e-08 -1.91883550965388e-09 1.53313618982276e-07 -7.99362957149236e-08 -2.48378689895844e-09 -7.24935257468447e-10 1.54588720904013e-07 7.66737223841563e-08 7.72897636519344e-08 -2.26587057057981e-09 -1.38412848282508e-09 -1.12383636243057e-09 -1.56289629471777e-07 -9.25469810073052e-10 -3.87216274932544e-10 1.56031703961757e-07 7.73478190777325e-08 7.96559544598289e-11 -1.54550152475979e-07 1.96238370848845e-09 -1.54636753609714e-07 -7.57203707863624e-08 8.0342022585155e-08 7.90338820192538e-08 -1.53938762110127e-07 3.45694055481024e-09 7.9572398073691e-08 3.44547720368654e-09 3.05205686903484e-09 1.5877770492404e-07 8.02569231031492e-08 -7.56757933376593e-08 1.55637610469526e-09 4.99588510480212e-10 8.02524496592126e-08 -7.61213745522389e-08 -1.54421134830289e-07 -1.52159723513506e-07 2.2710369908699e-09
-1.58212976268849e-07 -1.57497718302302e-07 -2.6906501495814e-09 -2.43782114110821e-09 -1.57160052694187e-09 -1.59671137647156e-09 -7.97095659515736e-08 7.68983258858086e-08 -7.84421881458498e-08 7.74118583778785e-08 1.53808845181812e-07 7.69105545981786e-08 7.7533062668467e-08 -1.82808884067468e-09 7.61070071602274e-08 -1.57502773629135e-07 1.53782693411323e-07 -1.28927931036367e-09 -1.80034369585173e-09 -1.20545231099872e-09 1.55537660505729e-07 -7.83657115267951e-08 7.75079831550191e-08 -1.56636334593113e-07 -9.05745263127775e-10 1.55570782774016e-07 -7.91427572187685e-08 -8.87472125595979e-10 1.56754857170069e-07 1.41078856296355e-09 2.70006103682278e-09 -7.47441965627632e-08 -7.51214495941682e-08 1.30841765800353e-09 -1.54937227289393e-07 1.80666927547992e-09 -7.47199664118521e-08 2.43943801711686e-09 1.58200681171054e-07 8.05989025399912e-08 8.00778311468807e-08 -7.70804567139813e-08 1.57852758693399e-07 8.0023587551305e-08 7.94268945094336e-08 -7.62870445207235e-08 2.12553452936171e-09 -7.5424871795806e-08 8.11031241498189e-08
-1.58385750405692e-07 -3.41896485418045e-09 -1.73018769549329e-09 -1.57683687367495e-07 -7.90701924147745e-08 -7.908494332734e-08 7.55618837513614e-08 -7.91251197458404e-08 -1.56958918566499e-07 -1.57282958276415e-07 -1.5736480219201e-07 -2.84708948557198e-09 1.54058360531355e-07 -8.02457554960559e-08 -8.03100739591605e-08 -1.80741884360342e-09 -1.5780941611135e-07 1.54789718300498e-07 1.54513732226479e-07 7.76946353722254e-08 -7.77800592059507e-08 7.6467858385854e-08 -1.26493134584326e-09 -1.56740448871747e-07 -7.75910586086426e-08 -8.11355841969238e-10 7.86070606218677e-08 -7.82994395699529e-08 4.73998796089549e-10 7.82527256605091e-08 -1.54944742386764e-07 -1.54333125807082e-07 2.48859571667624e-09 1.58604634171916e-07 -7.55480448589997e-08 1.52654606392254e-09 -7.50043308982738e-08 8.04256547365432e-08 1.63598696149513e-09 1.58220321295307e-07 2.40436784124488e-09 2.18286594062941e-09 7.95764557082335e-08 2.68482637878205e-09 8.04768498937441e-08 -7.58354491059933e-08 -1.53912820115506e-07 -7.48286827608341e-08 -1.51455098239044e-07
-3.69156934563187e-09 -2.45685840901273e-09 -1.58164129900832e-07 -1.71184766448994e-09 1.54406523334597e-07 1.54509335265796e-07 1.53028612569795e-07 1.55556335940116e-07 -7.40561722666547e-10 -7.87617472909418e-08 -1.57386930215757e-07 -2.80576500094557e-09 -1.57540547647058e-07 -2.06063811480541e-09 1.53910569610427e-07 7.65472635782496e-08 7.64006786558992e-08 -7.79704934532761e-08 7.7482354717082e-08 -1.10213774612482e-09 -7.76467571536229e-08 -7.91160518734989e-08 -1.56970939945696e-07 -7.8326206268905e-08 -1.4861595826523e-09 1.55197582299142e-07 7.75290969053698e-08 7.79656745628987e-08 1.5689189553457e-07 1.5740382902537e-07 1.12622486136115e-09 -1.55047387122929e-07 1.57712607669389e-07 8.10643256160783e-08 2.80314163747609e-09 -1.52373750859281e-07 -1.52934817207261e-07 1.59168663150601e-07 -7.4463202575357e-08 3.71658832649497e-09 -1.5276654966046e-07 8.01476059621792e-08 2.73929504429364e-09 -7.51624213547006e-08 1.58269509346548e-07 2.83451893877074e-09 -1.53516290302572e-07 -7.47493560125679e-08 2.42498204758429e-09
-1.59987353960442e-09 1.53354710896834e-07 -1.81036752630055e-09 1.54112266546313e-07 -1.34336718914246e-09 1.54149004859349e-07 -1.8123236642249e-09 1.54686490009036e-07 7.59064985480087e-08 -7.94698388769544e-08 -7.99181096631011e-08 -9.57958417812309e-10 -2.27355797772154e-09 -7.99353642342104e-08 -2.354296809366e-09 -1.39847909695317e-09 -1.57032595810895e-07 -8.03061261003989e-10 -1.56645984546136e-07 -1.56903614863876e-07 -1.57617530068039e-07 7.77788596034015e-08 -5.61184632231697e-10 7.89666291168005e-08 7.70542506515352e-08 1.55454164723117e-07 -1.56669667706282e-07 1.97496577122955e-10 7.78708204370123e-08 -7.81028373490416e-08 1.558374297185e-07 1.58277272107344e-07 -7.61095038718227e-08 1.58944434583048e-07 3.32556840745903e-09 -7.41072765663486e-08 -7.47647977817227e-08 1.58514680827169e-07 8.17953316278425e-08 -1.53222750987628e-07 8.16729381343379e-08 5.12126409320762e-09 3.98759594474551e-09 2.5221465716175e-09 1.78818310123617e-09 3.15352459288094e-09 -1.52839518480194e-07 3.71588853310266e-09 3.92448581535984e-09
-1.76293475282397e-09 -1.7559236317472e-09 -1.58234260826914e-07 -1.69134806373462e-09 -7.51326881178554e-10 -7.83027947804707e-08 -3.91486479522035e-10 -1.00965641570594e-09 -1.58519671441847e-07 7.67497425352693e-08 -8.01591555570853e-08 -1.98584976913533e-09 -1.76819286969204e-09 1.54852519109e-07 7.62849172949601e-08 7.59475799930887e-08 -9.34546951168018e-10 -1.64551052444647e-09 -1.13264022928728e-09 1.54674107317441e-07 2.82366700671709e-10 -9.08431192818013e-10 -1.57101733950157e-07 -7.84776931748959e-08 -1.56266993445193e-07 -7.84515986186767e-08 5.88895610209462e-10 6.50302196548585e-10 -7.81784543588209e-08 -7.88160300802745e-08 1.15080054689042e-09 7.79455049112584e-08 -1.53126743595927e-07 1.5737212713611e-07 -1.53171955164626e-07 1.57473680037692e-07 -1.52069627351195e-07 2.94806163628566e-09 8.03780471311099e-08 8.0647444418976e-08 3.50832448631574e-09 1.58175155609571e-07 -1.51066033490077e-07 -1.51508024192269e-07 1.59734590930227e-07 8.19840076828361e-08 1.58505782569963e-07 1.89255812129764e-09 3.49531031319419e-09
-1.3867346383074e-09 -1.58169105423088e-07 7.64556095666836e-08 -1.6806396466084e-09 -7.88541864464558e-08 -7.92436264959751e-08 7.75857952269519e-08 3.2121448057568e-10 1.54197207818899e-07 1.5418502724257e-07 -5.74704946770344e-10 -8.06184388491192e-08 -8.00408099760111e-08 -7.95073605457518e-08 -7.93486209995946e-08 1.54357773557378e-07 -8.00712368411994e-08 7.67000422941051e-08 -7.89096595392612e-08 7.76306078298065e-08 1.5559510904914e-07 1.5451328968384e-07 1.5630879837777e-07 -1.00418126912323e-09 -7.89278106515739e-08 -7.82751873888227e-08 -7.95493686609478e-08 -1.56357372360891e-07 7.80737629635229e-08 -7.68575714344178e-08 -1.56253572972497e-07 -7.64069873625322e-08 6.10847793510551e-10 -1.54921560302708e-07 1.69994108423831e-09 8.13116958727669e-08 -7.40730094950111e-08 -1.53765381551769e-07 -7.49336406197591e-08 -1.54104697426317e-07 1.93047066042265e-09 3.22357685511306e-09 -7.30653053484542e-08 8.16591768547785e-08 -7.4942182754184e-08 3.13805658993178e-09 3.64224857738415e-09 1.60830554827222e-07 4.90434897226367e-09
-1.5699998179108e-07 1.40518692221675e-10 -7.90639417712725e-08 2.43890843126577e-10 -7.81465915764348e-08 7.83092596156819e-08 1.55147965017813e-07 1.55581146186628e-07 -9.92755898661048e-10 -1.57530351449505e-07 1.55001329928344e-07 -1.58218257963075e-07 1.53863484983996e-07 -8.02435236480575e-08 7.71044730823356e-08 7.73331844127481e-08 -7.79969611531972e-08 -8.29381236235581e-10 1.55469773749334e-07 -4.06254424246014e-10 7.81008697857396e-08 7.55501490477109e-08 -7.88564233688457e-08 -7.87699776878786e-08 -1.55989418392978e-07 2.34234870291302e-11 -1.571298802065e-07 -7.77224982120974e-08 7.84498599658628e-08 1.31663387335806e-09 -1.56474536572116e-07 -5.24622276107447e-12 1.14674515576654e-09 1.57135557188538e-07 -1.53074448586286e-07 -7.63617179061775e-08 -1.53517152637421e-07 -7.46588188799372e-08 1.58346809389563e-07 3.3737505468138e-09 1.77782926860409e-09 -1.52901740933348e-07 -7.46727546813406e-08 8.19146807291965e-08 4.46875259707372e-09 4.09585382563645e-09 4.40341500964925e-09 -7.38563104576003e-08 8.09311879227175e-08
-1.91314662873689e-09 -7.74171339269209e-08 -1.5580413240138e-07 4.6472837917936e-10 1.55476470366974e-07 -7.88114880764451e-08 -7.09208302128476e-10 -7.80855937098282e-08 7.28907284387874e-10 7.79275011194116e-08 1.55742510181809e-07 7.70065428987162e-08 -8.39946855644311e-10 -4.32159319125995e-10 -2.61810594232048e-10 -5.74321534032357e-11 1.54138053261561e-07 1.53850983922898e-07 -7.82692827008035e-10 -7.9864442340762e-08 -6.60346574907667e-10 -7.74622659706629e-08 -7.9017226628047e-08 3.42714371100133e-10 -7.89510627570014e-08 1.54739932012643e-07 3.56295604378363e-10 -7.84280567106723e-08 9.22129641139866e-10 -7.71987361186241e-08 -7.67945290458856e-08 1.84843082704388e-09 1.10262841865054e-09 -1.53040385288131e-07 7.92978671541253e-08 -7.49176850783153e-08 -7.61972539303391e-08 2.81965531378613e-09 -7.39965121879354e-08 -7.44018095595834e-08 -1.53386642122924e-07 8.21175027067196e-08 1.60083840318883e-07 -1.50677387899915e-07 3.96257310723597e-09 1.59931685810677e-07 4.9669593936559e-09 3.93923380534024e-09 4.90323011464564e-09
1.55181394328081e-07 -1.72999946600893e-10 -7.80019896099328e-08 1.57317275042941e-07 -7.72693333313549e-08 -7.70568112632958e-08 -1.55282269433394e-07 -7.71862369661708e-08 -1.54339326968175e-07 -1.55643520496045e-07 -1.56363564804526e-07 7.90201494992015e-08 1.55373505088679e-07 -2.53224177044733e-10 2.71852547624979e-10 -4.86765593258916e-10 -7.88897884491401e-08 -7.92744505237893e-08 -7.8010339700874e-08 -1.56620227699102e-07 -7.84565398595376e-08 -7.90424107447389e-08 1.55481092234532e-07 9.10445469953203e-10 7.73150773178842e-08 -1.55283571334424e-07 -5.26872512444132e-10 1.56024644542645e-07 7.11761419517568e-11 -7.86835682966406e-08 4.09391035577416e-10 1.56507597312236e-07 -1.54440662382669e-07 1.45744752493311e-09 7.92099103778498e-08 3.54971550692868e-09 8.13850005097815e-08 8.14768847865048e-08 -1.52348808147891e-07 -1.52106820849936e-07 1.59060765200311e-07 8.1527825285379e-08 3.51491274698093e-09 -7.30356025350005e-08 8.30686042716925e-08 -7.29675748019973e-08 5.57435411562567e-09 -1.50362618184517e-07 -7.05617719680211e-08
-4.53551787015139e-10 -1.55954162034595e-07 1.56467816628226e-07 -2.05378610523141e-10 1.80592766674785e-09 7.87432093567997e-08 1.57364560280206e-07 7.97155964444274e-08 2.01018450449243e-09 7.82437390446692e-08 7.83792692946248e-08 1.56837687201e-07 -1.54523743334909e-07 1.78527368152411e-09 5.61574883140001e-10 -1.54705292215316e-07 -7.85082877820146e-08 -7.79225355674181e-08 -9.78425922344582e-10 1.12395629322102e-09 1.56587815876841e-07 1.35053123485424e-10 1.56768521003424e-07 -4.71766433399686e-10 1.73740329311357e-09 -5.38899381550398e-11 -1.49631190021816e-09 -1.56525646268697e-07 7.76275664391804e-08 -1.54131009616541e-07 8.01344020932468e-08 1.71323175011938e-09 1.56780626279394e-07 2.89518850365724e-09 1.57632449710652e-07 -1.52146285146165e-07 -7.44223822332504e-08 1.60444054512143e-07 -7.30357147974951e-08 8.23675459278842e-08 4.51764602422368e-09 -7.40167624842734e-08 3.50842442217155e-09 5.55255894755573e-09 -7.15114195077562e-08 1.61266702856405e-07 8.43232941149626e-08 7.33566350690365e-09 7.3054372237012e-09
-1.13307995462864e-09 1.55646170833207e-07 -4.70103049694743e-10 1.54671590503082e-07 -1.56000268875507e-07 4.81630687615887e-10 7.942285787265e-08 -1.54827836750542e-07 7.87613079587877e-08 1.56587937873855e-07 1.57266131630547e-07 1.57684921909634e-07 -7.58691437199183e-08 -7.64183460696719e-08 3.37961110924941e-10 7.81237173038522e-08 1.18557032113904e-09 -7.82737643571661e-08 9.45852460682048e-10 1.98525482681064e-09 -1.54749852422027e-07 -7.63556817632734e-08 -7.49067358573107e-08 -1.54772850130312e-07 -1.54841249917422e-07 -7.77995915813671e-08 -3.73597859294895e-10 -7.81422267572877e-08 7.81700727295173e-08 7.86608169101539e-08 8.08653007128552e-08 8.08585364681814e-08 2.56553991414425e-09 1.57228163139868e-07 4.49279406628566e-09 -1.51159156626254e-07 8.30417184664361e-08 -7.30703442158933e-08 -7.34985037942601e-08 -7.22965581103567e-08 1.60555710810351e-07 8.33190176849449e-08 5.52005334785917e-09 8.42881996370474e-08 7.17660216406702e-09 7.55337225201425e-09 6.37099307438566e-09 1.07337676654521e-08 8.73533683677548e-08
1.56120194884233e-07 1.55331107399744e-07 -1.56851088299023e-07 -1.61307021503039e-09 -7.98109646265815e-10 -7.84988400692698e-08 -7.64291387689092e-08 3.04828122484856e-09 3.68180910402521e-10 7.58713982735116e-10 7.9457860545891e-08 8.08787888885911e-08 -7.64910853542011e-08 -7.62419099468166e-08 1.24605085142884e-09 -1.5576677595648e-07 -3.13988484850805e-10 -1.5607596441855e-07 1.66882271162195e-09 -1.53851705025522e-07 -7.73779979812244e-08 3.0880815543086e-09 -7.4666171870975e-08 -7.61144141381554e-08 1.57365557937346e-07 -1.54555476981294e-07 1.56625495137315e-07 3.29827597126063e-10 8.01711135933743e-08 7.93047595947068e-08 2.39348461540191e-09 -1.5319558978299e-07 3.83679885991532e-09 4.24725090350987e-09 -1.51292428476318e-07 8.29782732839071e-08 5.82491781747619e-09 -1.49490956511885e-07 6.41803859565277e-09 7.78886088670731e-09 -7.13239153928783e-08 6.95912767186791e-09 4.66379335956432e-08 -2.87075974870962e-08 8.82892854838194e-08 9.24372881305547e-09 1.05429121765127e-08 8.73015593470493e-08 -6.89977397476285e-08
1.54880873797202e-07 -2.30657420465692e-10 -1.44332379568407e-09 7.09751075959253e-10 1.55925593156842e-07 1.56080731650376e-07 -1.5523917043977e-07 -7.6251893579295e-08 1.43908786474094e-09 -7.44437726927567e-08 8.04844869054301e-08 1.15586011698819e-09 8.01470675416747e-08 7.82384692683683e-08 1.5664916241022e-07 1.56578487106828e-07 7.74159777552921e-08 1.12338302976333e-09 1.57185497723809e-07 -7.67776138587894e-08 2.13957422098556e-09 -7.52889965144936e-08 -7.4459897343813e-08 3.88431700213096e-09 -1.52933172298317e-07 8.16641563254734e-08 -7.6408590317291e-08 -7.61088332269733e-08 -1.53170451098562e-07 8.05845864078548e-08 -7.47315175446576e-08 2.96940252627081e-09 1.59212314293808e-07 8.18158444813418e-08 4.30377542122603e-09 4.83433720772794e-09 1.62796863075492e-07 -6.99662595476742e-08 -6.84575599261436e-08 -2.84653293803781e-08 -2.99326556927704e-08 8.75075372940398e-08 8.83459398354098e-08 9.76734880469067e-09 8.71260920069557e-08 8.58604909182256e-09 -1.45921977459455e-07 8.80869724063665e-08 8.30626326541228e-09
-1.55565793980812e-07 -1.07618605256899e-10 1.56612005101358e-07 -7.74427263030111e-08 -7.76190130835557e-08 -1.54077807775923e-07 7.90355173267003e-08 8.04445470099171e-08 -7.56430685073917e-08 9.57592130844086e-10 1.57259723280604e-07 -7.50856043713202e-08 8.00393570574142e-08 -7.6540480368707e-08 7.96607178525982e-08 1.56622383403292e-07 -6.02560373126529e-10 7.71643455089051e-08 1.57006869227471e-07 8.14045303860968e-08 -1.53154744061737e-07 -7.51750683619544e-08 8.16150954960756e-08 2.49425098485816e-09 -7.40526803836866e-08 8.07181580813235e-08 2.06817310671685e-09 2.86226392753068e-09 3.1521940326083e-09 8.03837395368993e-08 -1.52458848858289e-07 -7.56744964594626e-08 1.60710825201023e-07 -6.99158733763506e-08 9.0858029138361e-09 7.058239902797e-09 8.87575951862103e-08 -1.46400524151564e-07 -1.46071753548701e-07 4.92479362341496e-08 -1.08114926599986e-07 1.03184177732373e-08 8.83512402028367e-08 9.06024644400499e-09 8.20196052093267e-09 -1.45872883831724e-07 -6.89190285379476e-08 -7.03286870599153e-08 7.37720137632762e-09
7.96342332516666e-08 1.56356788039146e-07 1.19247129128982e-09 8.00801615721218e-10 -1.53199253130667e-07 1.58658097187784e-09 8.0055399507957e-08 -7.72006513839939e-08 -7.65645434798098e-08 2.4696443835834e-09 8.08356630506742e-08 1.61299801150289e-09 8.0865916344709e-08 1.57983754707717e-07 -1.54072092457039e-07 -7.61530298008392e-08 -7.61561778726764e-08 -1.533370565343e-07 -1.53255471102923e-07 -7.61060862708475e-08 2.54367196163755e-09 3.61096896025485e-09 2.57839565420525e-09 8.30246835284191e-08 8.31359173777073e-08 8.22456883694882e-08 -7.28220757819608e-08 -7.42795008735888e-08 -7.34179639634674e-08 1.59569613306141e-07 4.53161905102607e-09 -7.32993945679064e-08 7.36628628853139e-09 8.66356727031342e-08 8.64951649785897e-08 8.97917579066171e-09 8.585277401872e-08 -3.19513367617745e-08 -1.10626887720018e-07 4.71681975384626e-08 9.45770044623369e-09 -6.84157537394024e-08 -6.75388563663202e-08 -1.47090497451279e-07 8.94847337502752e-08 8.18536248292952e-09 8.44562269863418e-09 6.99948251418502e-09 1.61827977137112e-07
1.5751445489796e-07 4.00609767750987e-10 1.32943119522469e-09 1.38692990870485e-09 8.09983164511099e-08 -7.5621264869833e-08 1.40923733967911e-09 -1.54099500140627e-07 1.58653686532497e-09 -7.63982716020353e-08 -7.55256651309957e-08 -1.5381682107548e-07 8.22942572951313e-08 8.11440893160702e-08 1.5934093734606e-07 -7.5892540303484e-08 8.04455116427963e-08 8.06494971472125e-08 3.08736533763404e-09 -7.43110002424e-08 -7.43314899929365e-08 1.59759887037693e-07 -7.35287228195174e-08 1.61787147296829e-07 1.60221496016915e-07 8.27103008690366e-08 8.28014458968325e-08 1.60689361750014e-07 8.25009580148385e-08 8.20553984188514e-08 4.30418772016565e-09 7.19289605634794e-09 8.68813935933379e-08 8.40395014335057e-09 -7.11467048198216e-08 -7.05808697918371e-08 8.09879863261608e-09 -3.2466267024662e-08 8.13675836181033e-09 8.52800444603387e-08 1.65362421089113e-07 -7.03264183014189e-08 1.24191518950223e-07 4.7148420094817e-08 -1.47479862650526e-07 6.52796772951475e-09 6.33676000054159e-09 -7.25876602521617e-08 -1.5212376788146e-07
1.58544223174017e-07 1.57941835195806e-07 -7.61494068679013e-08 1.57587353501825e-07 8.10363758492001e-08 -1.52719483550478e-07 -1.54396762206927e-07 7.92364692411524e-08 8.07610820523048e-08 1.57270305671505e-07 4.04924529131448e-09 1.59597049401989e-07 8.24967967423569e-08 -7.52978003124182e-08 4.81246968539581e-09 2.86932066345286e-09 1.57906112029229e-07 4.64764229698594e-09 3.61213116744074e-09 8.30721284916012e-08 4.66729186995527e-09 6.18272270882163e-09 -1.51132610298141e-07 4.03196770907722e-09 5.36098074110087e-09 8.29135549401404e-08 8.25761400039976e-08 8.1933910548973e-08 -1.50950373013191e-07 6.11749371336359e-09 7.67399354366457e-09 7.72757779890614e-09 8.53612378244839e-08 7.27018059699596e-09 4.58907550465685e-08 8.57864585562042e-08 8.5438387990897e-08 -7.00363528291544e-08 7.99882255741695e-09 8.36717032240387e-09 8.59456099089148e-08 8.24643073485372e-09 7.92319590392542e-09 8.37138069823146e-08 8.3633101619151e-08 4.19344731475057e-09 4.57495385110072e-09 -3.4e+38 -3.4e+38
8.13606514295664e-08 8.03741233595797e-08 2.5035145557287e-09 1.58400771702171e-07 1.58241753443645e-07 8.0482824624865e-08 -1.52654329214989e-07 7.95245502257483e-08 -7.56530301790428e-08 -7.56241459575159e-08 4.24891970076761e-09 1.60974239970589e-07 -1.51959990518457e-07 -1.5168430164423e-07 5.10901140720262e-09 -7.34562965323461e-08 1.60157686961111e-07 -1.51209079436246e-07 -7.30247403125855e-08 4.81122990014811e-09 8.39284200169819e-08 8.44725989462766e-08 8.52002340448473e-08 -7.19841775309177e-08 4.91711943779077e-09 -1.50752224970505e-07 5.07259337856788e-09 8.46332801713852e-08 6.77692299358336e-09 7.61741119567269e-09 1.64455672307876e-07 7.00389416104245e-09 8.1261281802642e-09 7.35808979913063e-09 6.45685023843341e-09 6.37270728771635e-09 8.03932657737496e-09 -7.11734927554059e-08 7.44346185131525e-09 -7.18490170038352e-08 6.56682164639875e-09 -3.13668074360932e-08 -7.20914804724526e-08 -3.4e+38 -3.4e+38 -3.4e+38 -3.4e+38 -3.4e+38 -3.4e+38
8.26043626173202e-08 3.81144868855453e-09 -7.53514908725195e-08 -1.53092079366868e-07 1.58166945258707e-07 7.98234055745045e-08 -1.53228140222591e-07 -7.63624953814573e-08 -7.52181144318085e-08 8.07592709930564e-08 -7.38050257078918e-08 -1.50208996510453e-07 1.61160022473991e-07 8.25563149729052e-08 4.22179368277299e-09 8.24905075098704e-08 1.60866241470118e-07 1.61846342803088e-07 6.20373686457411e-09 -7.25992687590614e-08 1.63668319501221e-07 8.40273379049711e-08 -6.94935682913441e-08 8.57372461997368e-08 7.10178929286631e-09 -1.5015429566792e-07 -7.0626861149786e-08 8.50856075239202e-08 8.56539215785537e-08 6.50850987664941e-09 7.55599868065583e-09 -7.15989659029964e-08 7.36595329229795e-09 -7.09115335204461e-08 8.44594206362342e-08 1.61650300413255e-07 7.21360042802097e-09 5.68927347138814e-09 -7.20613982055985e-08 6.63951185797512e-09 5.72158031582686e-09 6.35583538477408e-09 -7.23849462630289e-08 -3.4e+38 -3.4e+38 -3.4e+38 -3.4e+38 -3.4e+38 -3.4e+38
