data/pcas/pcas_mc_126/pca_referenceLayers_mc_126/PC19.asc
NCOLS 494 
NROWS 529 
XLLCORNER -117.166666666667 
YLLCORNER -55.5 
CELLSIZE 0.166666666666667 
NODATA_value -3.4e+38 
[rows 441 to 461 of 529, columns 245 to 293 of 494]
-3.4e+38 -3.4e+38 -3.4e+38 -3.4e+38 -3.4e+38 -3.4e+38 -3.4e+38 -3.4e+38 -3.4e+38 -3.4e+38 -3.4e+38 -3.4e+38 -3.4e+38 -3.4e+38 -3.4e+38 9.84612397334087e-08 -7.66581184498308e-08 -3.86423665050446e-08 -2.53488274734597e-10 -3.75400237274789e-08 -3.83628730028167e-08 7.79795202094578e-08 4.08181018577745e-08 1.90707750062317e-09 1.17118823617233e-09 9.96290118100869e-08 4.98649035373795e-10 6.04882863233768e-08 1.91763152307467e-09 -2.8341285247629e-08 1.48704761401198e-09 -6.07705969484227e-08 2.1546822450088e-09 1.18557457547917e-09 -6.22924332008992e-08 -5.71630779825018e-08 3.17669743498075e-08 -9.04566970315825e-08 -5.71472049445116e-08 -9.60284701092402e-08 -2.69947353342979e-08 -8.96428752610363e-08 6.60986382982634e-08 2.67542357181971e-09 1.90443396984452e-09 -1.14954436470825e-07 2.92546648978775e-08 -2.89952159318982e-08 -6.40583997282988e-08
-3.4e+38 -3.4e+38 -3.4e+38 -3.4e+38 -3.4e+38 -3.4e+38 -3.4e+38 -3.4e+38 -3.4e+38 -3.4e+38 -3.4e+38 -3.4e+38 -3.4e+38 -3.4e+38 -3.4e+38 -7.69636701274285e-08 -3.80385349606658e-08 3.76691476935929e-10 -3.90531489252801e-08 -3.86211826199041e-08 -7.7100133780613e-08 -7.60345304025052e-08 -3.73359528032082e-08 -3.72237300517318e-08 7.51163092422336e-10 1.17774588370989e-07 1.05674860826476e-09 -6.20070394222716e-08 -2.99453530926698e-08 9.96505069112304e-08 6.01979125900508e-08 6.27911073514607e-08 -6.25656907653571e-08 6.47053437940122e-08 6.50809439807113e-08 2.20408328810999e-09 2.17965451158994e-09 3.17402112625592e-08 -5.60971845373305e-08 -5.63080559902282e-08 3.07952490808614e-08 -5.95238332992233e-08 1.38355596381718e-09 -2.77043774439046e-08 1.27947597730003e-07 -1.24977183193215e-07 1.26860697947159e-07 2.94197119302847e-08 -6.26918178267932e-08
-3.4e+38 -3.4e+38 -3.4e+38 -3.4e+38 -3.4e+38 -3.4e+38 -3.4e+38 -3.4e+38 -3.4e+38 -3.4e+38 -3.4e+38 -3.4e+38 -3.4e+38 -3.4e+38 -3.4e+38 -3.7266228326992e-08 -7.6569011132347e-08 -7.71781246743695e-08 -7.67867256365132e-08 2.88054157453353e-10 -3.80712452564275e-08 4.99800841655484e-10 -3.71581721190596e-08 -3.69711022057138e-08 -5.7235403060229e-08 -2.82086449410401e-08 9.87523798075464e-08 -5.64424803487558e-08 6.00484523925368e-08 5.98056281453133e-08 -9.65960232653246e-08 6.35638767166682e-08 1.93141021827603e-09 1.27343466891321e-07 3.00004264482494e-08 -1.25889573127109e-07 9.96933340253211e-08 1.24518207464134e-09 -1.25492940567759e-07 6.03466793051684e-08 2.96723203584567e-08 1.41773928420927e-09 -2.84878017104424e-08 9.39480750629367e-08 -9.1339477779141e-08 -9.19649360815294e-08 -1.2583447034194e-07 1.26225239293017e-07 9.49631813371432e-11
-3.4e+38 -3.4e+38 -3.4e+38 -3.4e+38 -3.4e+38 -3.4e+38 -3.4e+38 -3.4e+38 -3.4e+38 -3.4e+38 -3.4e+38 -3.4e+38 -3.4e+38 -3.4e+38 -3.4e+38 -7.56170362016655e-08 9.39827211654998e-10 4.62650388079714e-10 -3.73408132935045e-08 3.91976534015148e-08 -3.82586489147423e-08 7.7649732023236e-11 3.01186384531353e-10 1.41101615514755e-09 3.97968314449602e-08 2.12878326840951e-09 3.33988763273678e-08 -2.85628291367868e-08 1.27540099286703e-07 6.9667543933343e-10 5.81099706064168e-08 9.88653544273782e-08 3.10980769736379e-08 4.4265019453943e-10 -2.74625567739873e-08 -9.64070377907651e-08 -3.74718616331986e-08 9.82320686487326e-08 -9.63349697531975e-08 -2.78494392568736e-08 5.97433517316465e-08 -6.21559723060347e-08 3.05142541796025e-08 -2.70087821247754e-08 1.27313128964102e-09 -1.24733688023208e-07 -2.94629042013098e-08 9.8313644515541e-08 -5.91365594258917e-08
-3.4e+38 -3.4e+38 -3.4e+38 -3.4e+38 -3.4e+38 -3.4e+38 -3.4e+38 -3.4e+38 -3.4e+38 -3.4e+38 -3.4e+38 -3.4e+38 -3.4e+38 -3.4e+38 -3.4e+38 -3.4e+38 -3.77857916341963e-08 3.97954512455256e-08 6.08285236953228e-10 -3.4e+38 -3.4e+38 -3.4e+38 4.13132166643833e-08 3.97546503152311e-08 5.93446223004487e-08 -9.11216573710547e-08 -3.04271425255947e-08 -2.78330643809328e-08 -6.23949759333755e-08 5.87288561233395e-08 -5.85743297806994e-08 5.9933585950695e-08 -5.84702652827629e-08 3.13417798147722e-08 8.21779859483284e-10 -5.71462580813622e-08 -3.85137761879336e-08 5.86651124220424e-08 3.21298872090424e-08 -1.24114348287348e-07 9.96583976038204e-08 3.09621142541316e-08 9.95422801675232e-08 -5.63063608967479e-08 -9.59305341309932e-08 9.86172451911127e-08 2.96833222476558e-08 -5.76827868486035e-08 3.02112419059729e-08
-3.4e+38 -3.4e+38 -3.4e+38 -3.4e+38 -3.4e+38 -3.4e+38 -3.4e+38 -3.4e+38 -3.4e+38 -3.4e+38 -3.4e+38 -3.4e+38 -3.4e+38 -3.4e+38 -3.4e+38 -3.4e+38 1.9430494377326e-09 -3.4e+38 -3.4e+38 -3.4e+38 -3.4e+38 -3.4e+38 4.0256791078275e-08 3.89908861723689e-08 -5.76485248281175e-08 1.16501916129071e-07 -3.12212035360292e-08 6.08258309548615e-08 4.43730738272152e-11 1.5730953337197e-09 -5.73986169019611e-08 1.17824334787832e-07 1.74767735469248e-09 -9.54539151147668e-08 -2.88254591367006e-08 -5.76970313424784e-08 -2.77531042928366e-08 1.83359882025237e-09 1.17930044317671e-07 9.9156163775641e-08 -3.60763290842272e-08 -1.23900233959048e-07 4.0326704521339e-08 -5.71580518250056e-08 9.91049909274434e-08 1.83606657533574e-09 3.02677851432353e-08 1.18573625852569e-07 9.99386149691139e-08
-3.4e+38 -3.4e+38 -3.4e+38 -3.4e+38 -3.4e+38 -3.4e+38 -3.4e+38 -3.4e+38 -3.4e+38 -3.4e+38 -3.4e+38 -3.4e+38 -3.4e+38 -3.4e+38 -3.57472918712328e-08 2.87477377156832e-09 -3.74219220270493e-08 -3.4e+38 -3.4e+38 -3.4e+38 -3.4e+38 7.94338523305675e-08 1.08289158854438e-09 5.91578674217238e-08 9.91761915698927e-08 -6.03886225073265e-08 9.81951644460957e-08 9.94315321839647e-08 3.14884332559646e-08 2.92637923935571e-08 9.91433227079424e-08 -6.31340548619054e-08 9.35851617194937e-08 -2.88918646812036e-08 9.26410446172393e-10 9.40955484124003e-08 3.12463788914625e-08 1.20534185684993e-09 -9.50907743533487e-08 2.38519365381006e-09 1.60878143521134e-09 4.09880646604194e-08 -9.61301058090348e-08 1.19880889811113e-07 -5.5263272926733e-08 4.0187494794451e-08 2.24547817021667e-09 -9.53874166364378e-08 1.19489722782339e-07
-3.4e+38 -3.4e+38 -3.4e+38 -3.4e+38 -3.4e+38 -3.4e+38 -3.4e+38 -3.4e+38 -3.4e+38 -3.4e+38 -3.4e+38 -3.4e+38 -3.4e+38 -3.4e+38 2.31712165912364e-09 8.02247880205004e-08 -3.77990329598813e-08 -3.4e+38 -3.4e+38 -3.4e+38 -3.4e+38 -3.4e+38 -3.4e+38 7.99977745390588e-10 2.99656997135135e-08 5.94291299971414e-08 -6.29510177127517e-08 3.26692658782834e-08 9.79049487895864e-08 3.00720525226776e-08 -8.64959244354351e-10 -9.58932610017586e-08 -6.27570755847518e-08 -2.9557566743234e-08 -9.14949495508617e-08 5.94391419353947e-10 -9.56154067952676e-08 2.99237970362362e-08 6.43681376433122e-08 -5.61690874153125e-08 1.13966276690688e-09 2.10038286509169e-09 -3.69825084507883e-08 -9.52561906594204e-08 -3.73358534620317e-08 4.15170652243969e-08 -9.50913351547777e-08 -3.58490221331292e-08 -5.71665315525229e-08
-3.4e+38 -3.4e+38 -3.4e+38 -3.4e+38 -3.4e+38 -3.4e+38 -3.4e+38 -3.4e+38 -3.4e+38 -3.4e+38 -3.4e+38 -3.4e+38 -3.4e+38 -7.65912226735983e-08 4.01231664097777e-08 8.04417356454781e-08 8.05819767442711e-08 -3.66947040259173e-08 -3.4e+38 -3.4e+38 -3.4e+38 -3.4e+38 -3.4e+38 -3.4e+38 -9.35986404613834e-08 -9.76487921876646e-08 9.4022694111049e-08 6.27748854373091e-08 -2.84669614913132e-08 -9.24690709158877e-08 4.21166166454766e-10 1.38024700264728e-09 -6.02659966058094e-08 -6.17406100462002e-08 -9.21340193239142e-08 1.99330610518553e-10 6.44834661787403e-08 -5.643144251375e-08 1.74272718171141e-09 3.1311272577715e-08 -6.04687697975496e-08 -5.63796552796717e-08 -5.68088294082791e-08 -5.5221694408284e-08 9.81107932451479e-08 -3.64548134125095e-08 1.90683026591136e-09 2.18238038322187e-09 6.04796337635568e-08
-3.4e+38 -3.4e+38 -3.4e+38 -3.4e+38 -3.4e+38 -3.4e+38 -3.4e+38 -3.4e+38 -3.4e+38 -3.4e+38 -3.4e+38 -3.4e+38 -3.4e+38 7.96158608848655e-08 -3.78567871608871e-08 1.63007581238768e-09 -3.69081409750044e-08 -3.4e+38 -3.4e+38 -3.4e+38 -3.4e+38 -3.4e+38 3.95652460638827e-08 9.78292818423809e-08 1.27396891697115e-07 3.78401191308862e-10 -3.8456110579151e-08 -1.56711480610152e-10 7.00619274924667e-10 9.2570254259191e-08 3.09642436026742e-08 -6.10315773175669e-08 9.33644070875239e-08 6.41087177654989e-08 6.50271499254816e-08 9.36407130640408e-08 3.09947548309821e-08 1.26733851963603e-07 3.02920152320858e-08 9.41992160708451e-08 9.90198373350741e-08 3.13444984406218e-08 1.89797078839126e-09 6.15003966913378e-08 -9.59519330426216e-08 1.28226615801271e-07 1.75791667440246e-09 6.04661646228159e-08 1.17098344263947e-09
-3.4e+38 -3.4e+38 -3.4e+38 -3.4e+38 -3.4e+38 -3.4e+38 -3.4e+38 -3.4e+38 -3.4e+38 -3.4e+38 -3.4e+38 -3.4e+38 -3.4e+38 -3.4e+38 7.90077407254769e-08 -3.68234364844364e-08 -3.4e+38 -3.4e+38 -3.4e+38 -3.4e+38 -3.4e+38 -7.73531378790529e-08 9.87173000640754e-08 5.83521943702008e-08 -1.23133504936402e-07 2.9400465883832e-08 -5.83885050364258e-08 -2.87521808023952e-08 -2.87418155625942e-08 -9.59663403588853e-08 -5.92585216390127e-08 -6.21424760729018e-08 1.20705758678527e-09 1.24553492117063e-07 6.31134330324531e-08 6.37435843136766e-08 -3.08143753907678e-08 -1.23402446305282e-07 9.29525864983354e-08 -1.25693112593664e-07 3.0803855209467e-08 9.41173679981852e-08 9.36372835382456e-08 1.28435177145482e-07 -2.65949389573153e-08 3.11411974877526e-08 3.07876657973307e-08 1.85153234528931e-09 3.18661656722952e-08
-3.4e+38 -3.4e+38 -3.4e+38 -3.4e+38 -3.4e+38 -3.4e+38 -3.4e+38 -3.4e+38 -3.4e+38 -3.4e+38 -3.4e+38 -3.4e+38 -3.4e+38 -3.4e+38 1.09022085491784e-09 8.37971973693995e-10 -3.4e+38 -3.4e+38 -3.4e+38 -3.4e+38 -3.4e+38 3.89047484699101e-08 5.90203795512753e-08 1.26386699847813e-09 3.06591563865488e-08 1.8701207716966e-09 -2.87510467670478e-08 1.58529032377979e-10 5.51878540219062e-10 7.04209790313815e-10 3.99685505825194e-08 6.7464750190322e-10 -1.22683649340806e-07 -3.02607724627339e-08 -9.15398613538038e-08 -6.08628306883039e-08 -6.14693442296633e-08 -9.16619905545815e-08 1.18574575448585e-09 -1.25605379542399e-07 -9.13130908339319e-08 1.28442804201696e-07 1.90095050025231e-09 -2.74063459375393e-08 9.89507942385486e-08 1.99952678010409e-09 3.10849016442123e-08 3.16707955670118e-08 -5.63909023967181e-08
-3.4e+38 -3.4e+38 -3.4e+38 -3.4e+38 -3.4e+38 -3.4e+38 -3.4e+38 -3.4e+38 -3.4e+38 -3.4e+38 -3.4e+38 -3.4e+38 -3.4e+38 -7.70192957413203e-08 -3.84823319727723e-08 3.92320196042408e-08 -3.89062894143329e-08 -3.4e+38 -3.4e+38 -3.4e+38 -3.4e+38 -3.4e+38 3.977315394547e-08 1.27618050282972e-07 -6.30165532597174e-08 9.27173471006076e-08 -3.83979332980262e-08 -9.71958444173463e-08 -2.94125990923349e-08 -1.23796566533833e-07 9.65636280957143e-08 -9.19369213528938e-08 6.0544596906442e-08 2.2270811518846e-09 -6.14231786940144e-08 -3.00223853413433e-08 -5.95538126396503e-08 2.68724119398324e-09 5.98065906487162e-08 3.15461468071771e-08 -1.23328620876216e-07 3.12651051259539e-08 2.37361053111504e-09 -9.09346927388521e-08 2.66356649792789e-09 -2.90130863008981e-08 2.18922388646585e-09 1.28097757514053e-07 -1.24277755856087e-07
-3.4e+38 -3.4e+38 -3.4e+38 -3.4e+38 -3.4e+38 -3.4e+38 -3.4e+38 -3.4e+38 -3.4e+38 -3.4e+38 -3.4e+38 -3.4e+38 -3.4e+38 7.657155197149e-08 -1.82101333319364e-09 -3.86724096496942e-08 -7.78861394050619e-08 -3.4e+38 -3.4e+38 -3.4e+38 -3.4e+38 5.86546216339915e-08 -3.86971964741281e-08 5.88481972447963e-08 4.14408428568324e-10 3.10882423120651e-08 2.97059998235984e-08 -1.25030475615938e-07 3.02668513786099e-08 9.71909775733742e-08 9.45195295682607e-08 1.24628052407076e-07 -2.88137078953749e-08 -6.0400766559266e-08 -3.03029468301492e-08 3.01316857721071e-08 -1.24603436356992e-07 -6.09543950556098e-08 9.98932950174159e-08 2.57400520667938e-09 -2.76696356583139e-08 1.77992926461188e-09 9.9106731443281e-08 1.43448046641148e-09 1.19101275644257e-09 -3.01601039379482e-08 2.73801202745854e-09 9.67055283036848e-10 3.12315706441988e-08
-3.4e+38 -3.4e+38 -3.4e+38 -3.4e+38 -3.4e+38 -3.4e+38 -3.4e+38 -3.4e+38 -3.4e+38 -3.4e+38 -3.4e+38 -3.4e+38 -3.83401357266366e-08 -5.83276251442214e-08 -3.9627657381101e-08 7.68448678150993e-08 -3.4e+38 -3.4e+38 -3.4e+38 -3.4e+38 -3.4e+38 -3.20752665415513e-10 9.02471745023457e-10 4.60770964939447e-10 -2.9035891692332e-08 -3.05191080797874e-08 6.33174231050275e-08 -5.81166253766677e-08 -1.24143755118886e-07 6.21123917490918e-08 -9.68224383390192e-08 2.86063290882915e-08 -2.88849165687967e-08 6.95199266817041e-10 6.46592989123515e-08 9.29483259665032e-08 6.61459613406847e-08 -5.70310880016131e-08 1.50426346331007e-09 9.94420354279185e-08 3.93869046653788e-08 5.95881504936967e-08 3.09435381364506e-08 -9.48350511301472e-08 -6.03179295109907e-08 9.52205620682002e-08 1.00432159500687e-07 -9.01802233424008e-08 3.18188256279408e-08
-3.4e+38 -3.4e+38 -3.4e+38 -3.4e+38 -3.4e+38 -3.4e+38 -3.4e+38 -3.4e+38 -3.4e+38 -3.4e+38 -3.4e+38 -3.4e+38 -3.4e+38 -3.4e+38 -3.4e+38 -3.4e+38 -3.4e+38 -3.4e+38 -3.4e+38 -3.4e+38 -3.91261266069387e-08 -2.82153118292175e-08 -5.75416902852184e-08 6.2150708683715e-08 -7.33230626602849e-10 2.9422731311477e-08 -2.93215542639354e-08 -9.71821884003954e-08 7.56096154933353e-10 1.5821686010445e-09 9.76106653060806e-08 2.84811909879724e-08 1.04666284587319e-09 1.54872955350881e-09 -6.2230171639987e-08 -5.95524294597817e-08 -5.6375470890286e-08 -2.64925421176177e-08 9.47801799825998e-08 3.30992534096622e-08 1.85300851231132e-09 6.57524351782932e-08 3.11995753935279e-08 3.08383454265101e-08 -2.88677446774863e-08 9.46284353990319e-08 3.29770427969298e-08 4.02428570230658e-08 5.99805776296641e-08
-3.4e+38 -3.4e+38 -3.4e+38 -3.4e+38 -3.4e+38 -3.4e+38 -3.4e+38 -3.4e+38 -3.4e+38 -3.4e+38 -3.4e+38 -3.4e+38 -3.4e+38 -3.4e+38 -3.4e+38 -3.4e+38 -3.4e+38 -3.4e+38 -3.4e+38 -3.4e+38 7.77468276906791e-08 -5.89305273445214e-08 -3.10917278182131e-08 7.39696684094493e-10 -2.90973175219098e-08 -6.74448589626523e-10 -3.13076299001911e-08 -2.77878631663728e-08 3.22891865130957e-08 -1.4606982234731e-10 -2.9425111848451e-08 -2.71438908636324e-08 9.45096280029897e-08 -5.85504235374807e-08 6.04663330074437e-10 1.76486255903622e-09 6.48835951023288e-08 6.50366861271537e-08 1.27653083235696e-07 -2.94046033249223e-08 2.14995760520712e-09 1.94916337720334e-09 6.51839283014571e-08 2.98945271717655e-08 4.15367111863949e-08 -1.24600218243824e-07 2.32228748272082e-09 -2.75481545501317e-08 1.00781291347188e-07
-3.4e+38 -3.4e+38 -3.4e+38 -3.4e+38 -3.4e+38 -3.4e+38 -3.4e+38 -3.4e+38 -3.4e+38 -3.4e+38 -3.4e+38 -3.4e+38 -3.4e+38 -3.4e+38 -3.4e+38 -3.4e+38 -3.4e+38 -3.4e+38 -3.4e+38 -3.4e+38 -7.05278262922507e-10 -5.8436667898959e-08 -1.27318836298965e-07 1.20198816828824e-09 2.9780081788879e-08 9.42572367780813e-08 9.76224300370846e-08 6.41079158103975e-08 3.94813332653155e-08 1.26589213735354e-07 -6.12000663339708e-08 9.00969480611224e-10 -9.16865084151323e-08 2.98401644311062e-08 3.04419111893734e-08 2.36760983764752e-09 1.26733889326455e-07 3.26749163833141e-08 -3.01007193571832e-08 3.14972019329413e-08 -6.18972653746422e-08 1.25967851863002e-07 3.13880355737256e-08 9.95235097959543e-08 9.86356725341756e-08 -5.54127417448189e-08 -3.70972655475364e-08 1.29763575304952e-07 -3.78213292739628e-08
-3.4e+38 -3.4e+38 -3.4e+38 -3.4e+38 -3.4e+38 -3.4e+38 -3.4e+38 -3.4e+38 -3.4e+38 -3.4e+38 -3.4e+38 -3.4e+38 -3.4e+38 -3.4e+38 -3.4e+38 -3.4e+38 -3.4e+38 -3.4e+38 -3.4e+38 -3.4e+38 1.15378180852061e-07 -3.92073694999806e-08 -5.8381591193045e-08 -5.80472341583517e-08 2.9583495377882e-08 -2.93676412609063e-08 -9.75542979731658e-08 2.97789483580253e-08 -5.74129583220137e-08 6.34811634375045e-08 9.75450603941606e-08 2.89816323340624e-10 -1.25639003488457e-07 1.12619754808313e-09 -9.2234061073609e-08 3.03730367090462e-08 -9.67706719676853e-08 2.94866473593792e-08 9.80094029597235e-08 -9.28296016641143e-08 6.54354983677554e-08 3.41390455215441e-08 -9.5278266324253e-08 3.06299799743021e-08 -2.60848330982289e-08 4.15290327027878e-08 4.03641790727289e-08 -5.52676425321269e-08 -3.68050299411415e-08
-3.4e+38 -3.4e+38 -3.4e+38 -3.4e+38 -3.4e+38 -3.4e+38 -3.4e+38 -3.4e+38 -3.4e+38 -3.4e+38 -3.4e+38 -3.4e+38 -3.4e+38 -3.4e+38 -3.4e+38 -3.4e+38 -3.4e+38 -3.4e+38 -3.4e+38 -1.84322177565132e-09 2.96463884558069e-08 2.28018219611181e-10 2.89769421984731e-08 -5.91288069068627e-08 -5.83106209735796e-08 -2.80950859262169e-08 9.27092019997685e-08 5.98444447752013e-08 9.18609767911389e-08 -5.86125069944334e-08 -5.88761573894638e-08 8.3476928766184e-10 9.43705408614063e-08 -6.12287216962772e-08 5.75446004076849e-10 6.22261074797922e-08 2.99983408696978e-08 9.78819371799511e-08 -2.73597197540457e-08 3.06040809621828e-08 9.90768628527697e-08 9.44294118441498e-08 -9.12262873769665e-08 9.91394356168198e-08 9.90871662464465e-08 2.49774601087951e-09 -9.65185040404699e-08 3.27752336941836e-09 -5.68300172822501e-08
-3.4e+38 -3.4e+38 -3.4e+38 -3.4e+38 -3.4e+38 -3.4e+38 -3.4e+38 -3.4e+38 -3.4e+38 -3.4e+38 -3.4e+38 -3.4e+38 -3.4e+38 -5.97474380487261e-08 -4.07882669392759e-08 -1.09093344863163e-09 -3.4e+38 -3.4e+38 -3.4e+38 5.8090239838697e-08 -4.00599467433634e-08 5.79908369365788e-08 9.12500288529489e-08 5.25537827893707e-10 4.83822037376405e-10 1.24264530276931e-07 9.6713185421456e-08 -6.3071688525122e-08 9.18359055234762e-08 -2.77592796887383e-10 -1.25606360082174e-07 -2.9737724561364e-08 6.32079537427655e-08 3.29462486904315e-08 -9.29415745548622e-08 4.25286179685718e-10 6.30334469745112e-08 -9.07383288438707e-08 3.28178670565999e-08 -2.7760349508792e-08 3.06885996408235e-08 1.3995685391186e-09 -2.88553132441781e-08 -2.81268868073951e-08 -9.55146420371399e-08 1.81475604387932e-09 3.11244055494192e-08 -3.09223504643045e-08 6.04879651604695e-08
