data/pcas/pcas_mc_126/pca_referenceLayers_mc_126/PC19.asc
NCOLS 494 
NROWS 529 
XLLCORNER -117.166666666667 
YLLCORNER -55.5 
CELLSIZE 0.166666666666667 
NODATA_value -3.4e+38 
[rows 84 to 104 of 529, columns 98 to 146 of 494]
-1.53645250712132e-07 1.58405369311789e-07 1.58161518664644e-07 1.59426805319518e-07 -7.44095192627363e-08 -1.53354623684912e-07 3.23426143068786e-10 7.86815899102842e-08 -7.70290280182257e-08 2.24040762617084e-10 1.56539258996376e-07 -1.78786114788003e-09 -1.63441534816822e-09 -8.7551041524022e-10 -7.8215849648195e-08 -3.25444390095512e-12 1.54941233334874e-07 -7.74624156604879e-08 -1.56155350925334e-07 -1.57397729007646e-07 -1.21416809590319e-10 4.49142220755431e-10 -7.91599203040984e-08 -3.92763848489628e-10 1.56082866460308e-07 4.00418658854019e-10 -1.85558378014587e-09 1.53354730775758e-07 -2.82393547775846e-09 -1.69185456094974e-09 -3.33026538670917e-10 -1.56555497690171e-07 -1.32020526589854e-09 -1.58110956726113e-07 -3.4e+38 -3.4e+38 -3.4e+38 -3.4e+38 -3.4e+38 -3.4e+38 -3.4e+38 -3.4e+38 -3.4e+38 -3.4e+38 -3.4e+38 -3.4e+38 -3.4e+38 -3.4e+38 -3.4e+38
3.15553044809395e-09 1.58233132473002e-07 -1.52045343625872e-07 3.78358496700927e-09 -1.535290657133e-07 -1.13495963111205e-09 -1.58568511247533e-07 7.62399019228484e-08 -8.08709403258631e-08 7.51275959961625e-08 -8.01386747656988e-08 7.5464737647537e-08 -7.90133400301897e-08 -8.0016495221665e-08 1.55042851418762e-07 -7.92523966441495e-08 -1.57355857887559e-07 -7.71246527490796e-08 5.10596959344364e-10 -1.56870169045467e-09 -7.64171326882347e-10 -1.56570118758531e-07 -4.03341205115105e-08 -1.55928481629158e-07 9.7799051044441e-10 3.28013295055954e-10 7.82599341678662e-10 1.53858319725005e-07 -2.35501709114552e-09 1.52533936390911e-07 -2.69554901028994e-09 -2.04350293027937e-09 1.53283885948129e-07 -2.57947013396106e-09 1.54135966359659e-07 1.545703284446e-07 -3.4e+38 -3.4e+38 -3.4e+38 -3.4e+38 -3.4e+38 -3.4e+38 -3.4e+38 -3.4e+38 -3.4e+38 -3.4e+38 -3.4e+38 -3.4e+38 4.92609176975627e-09
1.5942384159209e-07 2.61197172459873e-09 1.5785799301568e-07 -1.54513386711084e-07 -5.73023890703022e-10 7.70604194081467e-08 1.52423194502285e-07 1.52423586906216e-07 7.59334473001773e-08 -7.94478696141221e-08 1.53970179003401e-07 -1.33965257685442e-09 1.53786569836751e-07 1.53515629673911e-07 -8.15820662590991e-08 -8.01280432601014e-08 7.64838123869247e-08 7.63545530048297e-08 7.70460340566782e-08 -2.39602637927662e-10 -9.96659622418566e-10 -7.91772694050999e-08 -7.86628056966154e-08 7.77700926613931e-10 7.77805001257063e-08 1.55864673461543e-07 -1.53426464820865e-07 -3.2169526566374e-11 -1.63204559431643e-09 1.53599728341376e-07 -1.58833629826197e-07 -1.58518898630764e-07 -1.59679716350487e-07 1.52776022502787e-07 1.52659467411104e-07 1.53596096943803e-07 -1.57464868352596e-07 -3.4e+38 -3.4e+38 -3.4e+38 -3.4e+38 -3.4e+38 -3.4e+38 -1.50885211846655e-07 3.08515070441573e-09 4.2014597226606e-09 3.14486021116058e-09 5.44006235261819e-09 4.55969838131233e-09
1.61362449016217e-07 -1.54804550784696e-07 2.11976540956166e-09 1.55525483732189e-07 -1.56678858158696e-07 -2.11876602057129e-09 -3.34036643834661e-09 -1.57858533917916e-07 1.53362965734854e-07 -2.07236403387061e-09 -1.57369976715744e-07 1.53827284353986e-07 -1.5998394270351e-07 -2.10716645510304e-09 7.57636056681339e-08 7.57711800269196e-08 -7.94453834790298e-08 -7.94194025799709e-08 -8.06016281962118e-08 7.63230463427711e-08 -1.78997659851219e-09 7.63351229284841e-08 -1.57279747201611e-07 -7.78867706079745e-08 5.72317600749609e-10 1.56606414123139e-07 2.73026051263543e-09 -1.54700383236148e-07 8.22061113256205e-10 -1.45652347539508e-09 -2.44878184515762e-09 -2.74978678022486e-09 -3.59609779612405e-09 -3.28514240112254e-09 -4.64038311211313e-09 -1.58643193570064e-07 -1.57300582312064e-07 -1.5606810087821e-07 1.57621759331094e-09 3.43406310827573e-09 4.32150666048072e-09 3.74421205378996e-09 1.59453136052231e-07 3.17348024324101e-09 3.64540815013678e-09 4.99292197569105e-09 -1.51742704101338e-07 5.56634435032862e-09 4.20871121141643e-09
8.98249387596084e-10 1.53960599969946e-09 -1.56501776209994e-07 -1.54579907734119e-07 7.09459727036248e-10 -1.55366617272373e-07 -1.75758212780731e-10 -3.04257763222563e-09 1.54796298115099e-07 -1.24629654095363e-09 -1.57320649133705e-09 1.53444008689586e-07 -1.58635615803102e-07 -1.59851706955632e-07 -8.05464086631809e-08 -8.00351932415563e-08 7.41752329416977e-08 1.54057624479257e-07 7.79636869811607e-08 -2.11670235702689e-09 1.55037849356311e-07 -1.71482823250431e-09 -1.58067676951933e-07 1.55326290541149e-07 7.76076810340683e-08 -1.55946537438782e-07 6.98761187203529e-10 1.90481559149036e-09 1.5703579123517e-07 5.93982014462307e-10 -1.56617685528505e-07 -2.13989049877008e-09 1.53160819266382e-07 -1.58657631161837e-07 -1.57376189690122e-07 -1.57442307856069e-07 -1.56409871110104e-07 -1.55563929500863e-07 2.08749139712108e-09 1.72155859800871e-09 1.58457550960837e-07 3.72626286672809e-09 -1.52938378742021e-07 3.91110799213258e-09 2.55241123507144e-09 4.27664198010204e-09 1.60094216443942e-07 1.60020138202238e-07 3.98148780882801e-09
-7.90001021625361e-08 -1.55108482410734e-07 2.31706704235671e-09 9.47417462377377e-10 -1.5575225784838e-07 -1.79227711331979e-09 1.56002695329684e-07 1.54192512316337e-07 -7.99906013430974e-08 1.5316503629876e-07 7.55018254586455e-08 1.53012445472095e-07 7.64230154253902e-08 -3.14495013461144e-09 -1.57543777483443e-07 7.50846307824035e-08 1.53071281341617e-07 7.8003176620346e-08 -7.79199571403043e-08 -1.54783315548983e-07 7.76702597636215e-08 3.76687862756693e-08 -1.57928897594119e-07 7.60426968869509e-08 -7.89213974508708e-08 7.77298617218215e-08 -7.92352630996632e-08 1.76578910321924e-09 -1.55569454235344e-07 1.56619068851662e-07 1.56055875439714e-07 1.53829220147261e-07 1.5482245232039e-07 -1.84296608476532e-09 -1.53391876366864e-09 1.55327904193723e-07 -1.56418451595014e-07 1.58209558166464e-07 -1.54355218679369e-07 -1.54006201730946e-07 1.55531015203365e-09 1.5110217578766e-09 2.5268265706365e-09 1.59708133515682e-07 1.58767458854975e-07 1.59253304400756e-07 -1.50961365177968e-07 5.6426542808227e-09 -1.51280103162054e-07
-2.39822501294166e-09 -1.28699555902472e-09 7.9444464962825e-11 -9.92807656430081e-10 -2.45001026535047e-10 -1.55178051151986e-07 -1.55177060370098e-07 4.10976574776438e-11 -3.18323773992148e-10 9.8489750129312e-10 -7.67694650117665e-08 7.93660084124672e-08 1.55105070876716e-07 -2.35824731522098e-09 1.53116934996586e-07 -8.01998659288549e-08 -1.96798479845812e-09 1.57011687570444e-07 1.56452906905569e-07 1.24086181678809e-09 -7.46970253882086e-10 -7.89257787525633e-08 -2.72162560210284e-10 -7.79994078412188e-08 -1.26656021487234e-09 5.2904579629823e-10 -7.80162063336221e-08 -7.93488013067984e-08 6.80967332530094e-11 1.29341076009324e-09 -2.82743857342512e-10 -3.51970683265346e-10 1.53752770687049e-07 1.54663203326521e-07 1.55510930191201e-07 -1.54870917156439e-07 1.26004332701654e-09 -1.55580644925916e-07 1.22369772659607e-09 1.58475198990142e-07 2.06782278064647e-09 1.58216806288883e-07 2.13370066808798e-09 1.58802837038176e-07 1.57614138627625e-07 1.59336810580631e-07 3.34462772119819e-09 4.1767923128884e-09 3.30244552189142e-09
-7.96445606371199e-08 1.55978170186819e-07 1.54079533542725e-07 -1.57546613312304e-07 1.55180417342574e-07 -1.02998381731876e-11 1.55442184567949e-07 -7.95870277713448e-08 1.54838940686073e-07 2.34199564055162e-10 -1.55405148258002e-07 1.93080784430447e-09 1.57895546687955e-07 -1.52606648716618e-09 -2.35401326574271e-09 -7.72027441345589e-08 7.8312682423115e-08 1.77703748718449e-09 7.871098321971e-08 -7.66603914331647e-08 3.82866694580494e-08 -6.53422305457058e-10 7.85776168648629e-08 -8.00864979602489e-08 -8.17918702377127e-10 7.46018327399421e-08 -1.23166888876037e-09 -7.83430998630952e-08 -7.92305618537248e-08 -4.58798219756249e-10 1.55633113475933e-07 -1.5529421138804e-07 -1.56450678455411e-07 1.36688046402174e-09 3.84782540262104e-10 2.30986175297815e-09 -1.53722635965975e-07 -1.53410195058482e-07 9.83475778583971e-10 2.5965685594009e-09 -1.55239477445152e-07 -1.54892307338424e-07 -1.54511524605305e-07 -1.55168507420715e-07 1.57315744328105e-07 1.58556139598268e-07 2.70938333211165e-09 3.89093176758134e-09 3.52087281439161e-09
-1.55150497079318e-07 -1.26598534598557e-09 -8.04279679261778e-08 -7.97999049233144e-08 7.54721985091659e-08 1.54229474091427e-07 -1.5713010590016e-07 1.5538386676692e-07 -1.15366750316876e-09 1.55416662858499e-07 -5.1490210068377e-10 -4.53851482182956e-10 -8.47856844078382e-11 1.59715137938339e-09 7.93245695346848e-08 -7.74778694152707e-08 3.67150323708762e-10 -7.7470239936818e-08 2.11572146849814e-09 1.26677833721647e-09 7.78350908974102e-08 1.14743207947013e-09 7.75217718083911e-08 -7.90608325300056e-08 1.54835272978213e-07 -5.99143414836036e-10 -1.18153142167306e-09 -7.7829580188077e-08 7.79273496922596e-08 7.84648341570755e-08 -1.55721750658184e-07 1.56401221363039e-07 -1.56272354848388e-07 1.76375160304743e-09 -1.54096994281671e-07 2.14297466881181e-09 -1.54643316855648e-07 2.13088427724156e-09 2.3074603055623e-09 1.72602380571837e-09 8.10242266063379e-10 1.2932776480811e-09 -8.97272776150645e-11 1.56854242189097e-07 1.5752645467348e-07 1.5750086871097e-07 1.71545981841002e-09 8.09150838646604e-08 2.33000936944096e-09
-3.4e+38 -3.4e+38 -3.4e+38 -7.88515589532042e-08 -1.58135954008103e-07 7.73001304032598e-08 1.55313671758417e-07 -1.09117137930115e-09 -4.37190838653509e-10 1.55090524786912e-07 6.57684328721846e-10 1.55530760474647e-07 -7.8428096587328e-08 7.82466469917823e-08 1.55239737046168e-07 -7.96126333035675e-10 -1.55396137394533e-07 -1.54929299037797e-07 -7.52459751206594e-08 1.55887609854275e-09 7.86732374809027e-08 7.78437317047334e-08 6.81708942456254e-11 7.82472022920153e-08 7.78610452416285e-08 7.73117342864597e-08 -3.79144529473483e-09 -4.0639377028931e-10 7.68260148869296e-08 -6.99565552310057e-11 -6.36176646382145e-10 8.63283608489244e-11 -1.56222576233337e-07 1.55864193199151e-07 1.00788104012629e-09 7.67571217897794e-10 1.57619729725063e-07 1.04581722773491e-09 -1.54459768356084e-07 1.96177381169414e-09 1.94198760804082e-09 -1.35258168395535e-10 2.307983169248e-10 -1.55500558290789e-07 9.62771047383999e-10 -1.54444543031648e-07 -1.54168042033146e-07 2.66276814508606e-09 2.77201570749011e-09
-3.4e+38 -3.4e+38 -3.4e+38 -3.4e+38 -3.4e+38 -3.4e+38 -1.50707487767803e-09 7.57369826014763e-08 1.53816895537322e-07 7.71510049604323e-08 -1.5648287928118e-07 2.51548827860633e-10 -1.22048200334306e-10 -3.11904624105634e-10 -1.55421010272937e-07 -1.56340754206848e-07 1.54691029329293e-07 1.56194836096377e-07 1.5768105653614e-07 2.46452461127399e-09 -1.53913708601866e-07 -7.80960041755885e-08 1.5568849163174e-07 -7.95632797344576e-08 3.83424814523982e-10 -3.19299899292543e-10 -7.99262568512225e-08 -7.67936806315051e-08 7.87006170456179e-08 2.25296652135652e-12 -1.57202651389071e-07 -1.93793959041335e-09 -1.63873737167189e-09 -1.87459582464802e-10 1.54551200959991e-07 -4.16727224345313e-10 6.62407008439849e-10 8.66759032599902e-10 1.12790594337318e-09 -1.55821477306857e-07 -1.55504777644686e-07 1.55419069836911e-07 1.5694147208853e-07 1.56982293857457e-07 1.56232458576986e-07 -1.54161542278012e-07 -7.81832641582181e-08 1.48172642581644e-09 3.28309719490444e-09
-3.4e+38 -3.4e+38 -3.4e+38 -3.4e+38 -3.4e+38 -3.4e+38 -3.4e+38 -1.5587564986899e-07 7.96230486115056e-08 7.84043045695639e-08 -7.83418076598448e-08 -4.59782111074178e-10 1.14136010032595e-09 9.74809713529633e-10 -1.55879372056327e-07 -4.63494979440448e-10 1.55200705441365e-07 1.56672162208735e-07 1.56129442267109e-07 1.57437869259467e-07 -1.54142574727848e-07 -7.63874512888819e-08 7.63914932239278e-08 4.25847666108902e-10 1.58222903120203e-07 -6.57591410136777e-10 1.54155295112293e-07 1.55932176201694e-07 -1.56290109074837e-07 -7.89303832408756e-08 -1.28001956313022e-09 1.52551758761521e-07 -1.57502354905968e-07 -1.57256037348657e-07 -1.28051060868022e-09 -8.75712595862396e-10 -1.56840772536201e-07 1.56537099221153e-07 -7.71587410245554e-08 -1.53539350710381e-07 -1.54995719605565e-07 5.31857186009101e-10 -1.56713238525708e-07 -6.31811139868274e-10 -1.1250390762763e-09 1.55500918946535e-07 8.85201081335264e-10 1.57288938008147e-07 1.60214322352068e-07
-3.4e+38 -3.4e+38 -3.4e+38 -3.4e+38 -3.4e+38 -3.4e+38 -3.4e+38 -3.4e+38 -3.4e+38 -3.4e+38 -3.4e+38 -3.4e+38 -3.4e+38 4.51738204795764e-10 2.61539552340405e-10 1.55790916545865e-07 4.21473286103429e-10 1.83361380157638e-09 7.95147010392008e-08 1.5608262038611e-07 7.85552201134762e-08 -7.58503558522129e-08 1.64500239312147e-09 3.63568008278465e-10 1.54826658537861e-09 -7.27695792208153e-10 4.83618000428325e-11 1.55554010662474e-07 -7.89251034741775e-08 -2.1889510718636e-09 -7.91220660088861e-08 -1.59020518221091e-07 -3.85640821858629e-09 -1.5988142854677e-07 1.52969132526888e-07 1.5334742501986e-07 1.54125757568758e-07 1.53493536419527e-07 -1.49957197580736e-09 -1.57404792117751e-07 1.565952358829e-07 1.55528691520758e-07 -1.55135215510546e-07 -1.55967370301718e-09 1.53337212962065e-10 -1.57348571260408e-07 1.5486394333246e-07 -1.27141758409376e-09 -5.64715330252358e-10
-3.4e+38 -3.4e+38 -3.4e+38 -3.4e+38 -3.4e+38 -3.4e+38 -3.4e+38 -3.4e+38 -3.4e+38 -3.4e+38 -3.4e+38 -3.4e+38 -3.4e+38 -3.4e+38 -1.56567560315253e-07 -1.56521321612794e-07 1.54880118505913e-07 -1.27172799218119e-10 1.31710966825694e-10 -1.55646492352635e-07 1.57260316994688e-07 8.06529404919402e-08 8.11312101567791e-08 6.16640451652276e-10 -2.11958485153089e-10 -7.94153727231144e-08 -7.95839140434608e-08 7.73185102043593e-08 -8.04066684761253e-08 -2.07402263796414e-09 -3.02907400096078e-09 -3.82211748978455e-09 -2.72532284780673e-09 1.53050897358247e-07 -2.5754813069198e-09 -3.4e+38 -2.43441793969703e-09 -1.93834224344905e-09 1.54455749577921e-07 -1.5977504007247e-09 -1.5815735484208e-10 -1.55263193793022e-07 1.56182487567454e-07 1.55411255950845e-07 -4.20795336476164e-10 -9.53660639599046e-10 1.56171068125863e-07 1.55123646910886e-07 2.08906612375762e-10
-3.4e+38 -3.4e+38 -3.4e+38 -3.4e+38 -3.4e+38 -3.4e+38 -3.4e+38 -3.4e+38 -3.4e+38 -3.4e+38 -3.4e+38 -3.4e+38 -3.4e+38 -3.4e+38 -3.4e+38 -3.4e+38 -8.19730769650906e-10 -1.30680704956142e-09 -1.75772756647436e-09 -2.37083912254424e-09 9.28793397190438e-10 8.01367615543272e-08 2.79130345836479e-09 -7.72410503680393e-08 3.98407432649665e-10 -1.34013595756917e-09 -7.79334298611989e-08 7.5881150471016e-08 -7.7821882058021e-08 1.53665043068296e-07 -1.19398960536853e-09 -1.5043697339463e-09 -1.58967246124703e-07 1.52936667410359e-07 -1.64458022878739e-09 -3.4e+38 -3.4e+38 -3.4e+38 -1.44137294057692e-09 -3.98497125986103e-11 -3.4e+38 1.56646502573604e-07 1.55342481199845e-07 7.82830377023875e-08 1.59265761900015e-09 -1.56787295123295e-07 1.55983245190077e-07 -1.55839283792925e-07 4.03832195119518e-10
-3.4e+38 -3.4e+38 -3.4e+38 -3.4e+38 -3.4e+38 -3.4e+38 -3.4e+38 -3.4e+38 -3.4e+38 -3.4e+38 -3.4e+38 -3.4e+38 -3.4e+38 -3.4e+38 -3.4e+38 -3.4e+38 -3.4e+38 -3.4e+38 1.69607430077713e-09 1.56437805180972e-07 1.56372925168681e-07 1.56334749815843e-07 -1.54735565710238e-07 1.77815198666049e-09 1.56990942124209e-07 1.02124563315447e-09 -7.70443144242159e-08 -1.43703015778553e-10 -1.6085589533136e-09 7.64457907731739e-08 1.53630097806958e-07 1.53516372191234e-07 1.54795010296621e-07 -3.4e+38 -3.4e+38 -3.4e+38 -3.4e+38 -3.4e+38 -3.4e+38 -3.4e+38 -3.4e+38 -3.4e+38 -1.5455870110652e-07 1.56741737044591e-07 -7.75759177874766e-08 1.56822008018051e-07 1.40128298836516e-09 -1.53970257458513e-07 1.57285013453968e-07
-3.4e+38 -3.4e+38 -3.4e+38 -3.4e+38 -3.4e+38 -3.4e+38 -3.4e+38 -3.4e+38 -3.4e+38 -3.4e+38 -3.4e+38 -3.4e+38 -3.4e+38 -3.4e+38 -3.4e+38 -3.4e+38 -3.4e+38 -3.4e+38 -3.4e+38 -3.4e+38 -3.4e+38 -3.4e+38 -3.4e+38 -1.61357472325368e-09 -1.57450551401123e-07 -1.55496197681161e-07 7.15631651368932e-10 -7.75202670544488e-08 -7.94498373395439e-08 7.77560382231752e-08 -3.4e+38 -3.4e+38 -3.4e+38 -3.4e+38 -3.4e+38 -3.4e+38 -3.4e+38 -3.4e+38 -3.4e+38 -3.4e+38 -3.4e+38 -3.4e+38 -3.4e+38 -1.53785690329734e-07 -1.5606794543869e-07 7.9016214088816e-08 3.10992495456528e-09 1.59226275187935e-07 -1.53943470669058e-07
-3.4e+38 -3.4e+38 -3.4e+38 -3.4e+38 -3.4e+38 -3.4e+38 -3.4e+38 -3.4e+38 -3.4e+38 -3.4e+38 -3.4e+38 -3.4e+38 -3.4e+38 -3.4e+38 -3.4e+38 -3.4e+38 -3.4e+38 -3.4e+38 -3.4e+38 -3.4e+38 -3.4e+38 -3.4e+38 -3.4e+38 -3.4e+38 -3.4e+38 1.55704478917656e-07 1.54066148882674e-07 -3.4e+38 -3.4e+38 -3.4e+38 -3.4e+38 -3.4e+38 -3.4e+38 -3.4e+38 -3.4e+38 -3.4e+38 -3.4e+38 -3.4e+38 -3.4e+38 -3.4e+38 -3.4e+38 -3.4e+38 -3.4e+38 -3.4e+38 1.53016890090273e-07 -2.44906185681576e-09 -1.54448315357535e-07 -1.5308794186826e-07 -1.52989430383434e-07
-3.4e+38 -3.4e+38 -3.4e+38 -3.4e+38 -3.4e+38 -3.4e+38 -3.4e+38 -3.4e+38 -3.4e+38 -3.4e+38 -3.4e+38 -3.4e+38 -3.4e+38 -3.4e+38 -3.4e+38 -3.4e+38 -3.4e+38 -3.4e+38 -3.4e+38 -3.4e+38 -3.4e+38 -3.4e+38 -3.4e+38 -3.4e+38 -3.4e+38 -3.4e+38 -3.4e+38 -3.4e+38 -3.4e+38 -3.4e+38 -3.4e+38 -3.4e+38 -3.4e+38 -3.4e+38 -3.4e+38 -3.4e+38 -3.4e+38 -3.4e+38 -3.4e+38 -3.4e+38 -3.4e+38 -3.4e+38 -3.4e+38 -3.4e+38 -3.4e+38 -3.4e+38 -3.24423096772571e-09 9.04414648931678e-10 2.74289313803016e-09
-3.4e+38 -3.4e+38 -3.4e+38 -3.4e+38 -3.4e+38 -3.4e+38 -3.4e+38 -3.4e+38 -3.4e+38 -3.4e+38 -3.4e+38 -3.4e+38 -3.4e+38 -3.4e+38 -3.4e+38 -3.4e+38 -3.4e+38 -3.4e+38 -3.4e+38 -3.4e+38 -3.4e+38 -3.4e+38 -3.4e+38 -3.4e+38 -3.4e+38 -3.4e+38 -3.4e+38 -3.4e+38 -3.4e+38 -3.4e+38 -3.4e+38 -3.4e+38 -3.4e+38 -3.4e+38 -3.4e+38 -3.4e+38 -3.4e+38 -3.4e+38 -3.4e+38 -3.4e+38 -3.4e+38 -3.4e+38 -3.4e+38 -3.4e+38 -3.4e+38 -3.4e+38 -3.4e+38 -1.60094250044614e-07 1.57648957956928e-07
-3.4e+38 -3.4e+38 -3.4e+38 -3.4e+38 -3.4e+38 -3.4e+38 -3.4e+38 -3.4e+38 -3.4e+38 -3.4e+38 -3.4e+38 -3.4e+38 -3.4e+38 -3.4e+38 -3.4e+38 -3.4e+38 -3.4e+38 -3.4e+38 -3.4e+38 -3.4e+38 -3.4e+38 -3.4e+38 -3.4e+38 -3.4e+38 -3.4e+38 -3.4e+38 -3.4e+38 -3.4e+38 -3.4e+38 -3.4e+38 -3.4e+38 -3.4e+38 -3.4e+38 -3.4e+38 -3.4e+38 -3.4e+38 -3.4e+38 -3.4e+38 -3.4e+38 -3.4e+38 -3.4e+38 -3.4e+38 -3.4e+38 -3.4e+38 -3.4e+38 -3.4e+38 -3.4e+38 -3.4e+38 -5.01658848758636e-09
