data/pcas/pcas_mc_126/pca_referenceLayers_mc_126/PC19.asc
NCOLS 494 
NROWS 529 
XLLCORNER -117.166666666667 
YLLCORNER -55.5 
CELLSIZE 0.166666666666667 
NODATA_value -3.4e+38 
[rows 294 to 314 of 529, columns 392 to 440 of 494]
1.1767446933023e-09 1.58393589171149e-07 1.57929189950555e-07 1.00428646867769e-09 3.29238409170383e-09 3.17377929274916e-09 8.06870921928745e-10 1.57660448461881e-07 1.28490388880302e-09 3.03527921032649e-09 2.09427894016036e-09 1.66429731265512e-09 2.98976685435528e-09 2.98384938800717e-09 1.5968998334382e-09 -1.52896369604197e-07 1.57807598022687e-07 -1.52573470451087e-07 -1.51202146237808e-07 -1.53438292328257e-07 1.57414803769363e-07 -9.41508593042064e-10 7.67927640292843e-08 -6.53306059863505e-10 -1.57970976061067e-07 -1.40843251673229e-09 -3.07277107714162e-09 7.60311966228403e-08 -8.1107544515577e-08 -8.14934278893268e-08 -1.58788989801738e-07 7.60227413050382e-08 -2.1434765168125e-09 -1.58373930451778e-07 -8.0141256918186e-08 -1.5770391612347e-07 1.53345893568439e-07 -2.03330676695403e-09 7.41774793187023e-08 -2.08629836797007e-09 -3.20329772337659e-09 -7.91946031886018e-08 1.54819328029373e-07 -2.59045668194671e-09 1.5422316446358e-07 -1.90740934492645e-09 7.64636632413866e-08 -8.10686921954539e-08 1.54135647081632e-07
-1.53933259374597e-07 2.1280139744937e-09 1.58882512725726e-07 1.92392697252458e-09 1.58339474898096e-07 2.21313000578225e-09 2.183056094552e-09 2.27048903541276e-09 1.58027240008989e-07 2.59029834504673e-09 3.05552806583261e-09 -1.53033650353356e-07 2.3018892502179e-09 1.7688908442853e-09 1.95626359583521e-09 -1.53928897727292e-07 1.81617193183892e-09 3.22577896063444e-09 -1.52669998333509e-07 5.41972729672565e-10 4.61803330391659e-10 7.87477784072849e-08 1.5581894055366e-07 7.71188586020378e-08 1.53752366577889e-07 -1.41667165439977e-09 -1.57267170810802e-07 -1.57826665945071e-07 -7.99000472132601e-08 1.5420706555494e-07 -8.10521017365649e-08 1.53375406993644e-07 1.53836460706078e-07 -1.71849701085182e-09 1.54017368836423e-07 -1.59615418047001e-07 1.52529145534089e-07 -3.42920193237855e-09 -2.20615123573142e-09 1.52905152996655e-07 1.5480393835308e-07 7.64515359881344e-08 1.54955761495876e-07 -1.57362705595715e-07 7.59281626769541e-08 -1.55568762469256e-09 -1.58259911135852e-07 1.53555128126238e-07 -2.97427423893899e-09
-1.54589035407923e-07 1.57276186193624e-07 1.58216359222984e-09 1.76318130841731e-09 1.58558455385131e-07 3.41525608323074e-09 1.57382749128458e-07 1.9185803212838e-09 2.15261880758579e-09 1.58366322280507e-07 -1.53548713798929e-07 -1.53323389040141e-07 2.14176855111468e-09 2.23673467143855e-09 1.58550676792867e-07 4.15913537607254e-09 3.20831571997449e-09 -1.52497031100685e-07 -7.38282467150224e-08 2.8294207219024e-09 2.12501309756331e-09 7.80928683232469e-08 -7.94656742232343e-08 -1.50096862770214e-09 -1.90230860482614e-09 7.78920781784902e-08 -7.89575701435873e-08 -5.78249805465665e-10 -7.96395556366409e-08 -7.94320213356268e-08 -8.11239955379341e-08 -7.97964341797373e-08 -2.87571289826049e-09 -7.94353148563683e-08 1.54056546714699e-07 7.53350395132585e-08 7.49490810967311e-08 -1.58573527065958e-07 1.53634382067625e-07 -1.58750816669191e-07 1.54638703677394e-07 -7.91670747042832e-08 -1.78808917290829e-10 -1.9914832945214e-09 1.54170030765841e-07 -1.98972517059543e-09 7.75206573128821e-08 7.69884084139603e-08 -7.92557364409155e-08
-1.55351833255709e-07 -1.54968565353734e-07 1.85458307479016e-09 -1.53900125276002e-07 1.57575389114109e-07 -1.53830486518584e-07 1.41298671965921e-09 2.43678548224284e-09 1.87233284209264e-09 1.58378740285963e-07 -1.5499538727104e-07 -1.53726330421903e-07 1.43944365923207e-09 1.80895362742171e-09 1.38997384495359e-09 3.79371208590368e-09 1.59082619127233e-07 -1.52364669072418e-07 8.10631721745604e-08 8.02808690890305e-08 -7.73513398334022e-08 1.56354549115772e-07 -1.53297801089122e-09 1.55399789519125e-07 7.76347783421994e-08 -7.93472900380011e-08 -7.87572438863467e-08 1.55515451997465e-07 1.55007435818215e-07 7.6309580594562e-08 -7.97909545441477e-08 -1.58543001637458e-07 -1.70804615457173e-09 -2.16246650690592e-09 7.61506417741157e-08 1.53651755714407e-07 -1.56973378053653e-07 -7.97850956895312e-08 -8.11637154755683e-08 1.54701453149952e-07 1.53066054688495e-07 -1.28242150777042e-09 7.75505130854426e-08 -7.931810302555e-08 -7.96976810544933e-08 -6.71565368021206e-10 -7.93284163777341e-08 7.63511089994243e-08 7.54562935613648e-08
1.78588915876066e-09 6.75959205858571e-10 1.7270286180658e-09 -1.53298265894623e-07 2.41595400597338e-09 1.57890511067214e-07 3.22497626496854e-09 2.12038041436833e-09 1.15302056216023e-09 -1.53358686383068e-07 1.35521955306476e-09 1.57596367874736e-07 3.53402591970902e-09 4.08897035043188e-09 1.61000414006336e-07 -1.5260475905911e-07 1.91865053700889e-09 -1.53785728151884e-07 -1.52760781547505e-07 -1.54456890670929e-07 7.94398056538154e-08 -1.55525809813142e-07 -1.86141290631799e-09 -2.1014632663726e-09 7.76844990459893e-08 -1.50337783651081e-09 -2.41139441781679e-09 -7.91501217604395e-08 7.78711760809547e-08 -1.57007776535484e-07 7.63783560309361e-08 -1.57218863908415e-07 -2.86621724426525e-09 7.57651267625344e-08 7.7159331632193e-08 1.5412965031481e-07 7.60307207448393e-08 1.53993323985698e-07 -2.18250478078297e-09 1.53439762279612e-07 1.54339872847677e-07 7.59408780205088e-08 -1.57444440536981e-07 -7.8659741516578e-10 -1.43503527105545e-09 -1.22606955331706e-09 -7.96286496987588e-08 1.53078963921087e-07 -1.42639488292109e-09
-7.66853877927383e-08 1.15604620898968e-09 1.58206183614747e-07 -7.53426645605819e-08 2.50927987103785e-09 1.58300859881198e-07 2.54376661487753e-09 3.13046090313142e-09 3.1868866181257e-09 1.59857687029665e-07 3.97672032872865e-09 3.93987524381106e-09 3.72972795783164e-09 1.58114806492512e-07 3.43625037106088e-09 -1.53150209817179e-07 1.57404432040852e-07 1.58517339038115e-07 2.27448449466241e-09 -7.59845331334986e-08 7.75763089065908e-08 -1.57466324665357e-07 1.55871011024448e-07 -7.92412824529842e-08 -1.57019712000955e-07 -7.84447526929562e-08 -7.95702431316377e-08 7.79228067074812e-08 -7.98667251379138e-08 1.54622737730184e-07 -7.86739784059187e-08 1.541155455793e-07 -7.92189339155819e-08 -7.9372900623124e-08 1.55789440436483e-07 -1.57730526506575e-07 -1.92722505764469e-09 -2.63560307899467e-10 7.57873960400303e-08 7.64393750311577e-08 -2.00855313679851e-09 1.55378121924052e-07 -1.78699729436196e-09 -1.93278121243261e-09 -1.57497451080213e-07 -1.58006411005842e-07 -1.36418737620918e-09 1.53225395033981e-07 -2.56851573479302e-09
1.70578158056112e-09 -7.6058778829098e-08 7.92141375531317e-08 -7.68375761454464e-08 2.22721496746819e-09 1.89787978917637e-09 2.61109429516337e-09 4.27672495690862e-09 3.25593606328947e-09 3.61495943264601e-09 3.6907355787747e-09 2.87136560354239e-09 2.67332198664197e-09 2.33736294553966e-09 2.50924470367698e-09 9.43886521689348e-10 2.46992984349438e-09 7.96165814730371e-08 7.91161190881935e-08 7.95268227282944e-08 -7.80536205774119e-08 2.37722974527509e-10 -1.57174098954227e-07 1.555827453255e-07 -2.60038206937572e-10 1.55765215747751e-07 7.73075116473327e-08 1.56612387487588e-07 7.79976126874659e-08 -7.90014180790868e-08 -1.73963909047441e-09 -7.86627889607242e-08 1.54004473279098e-07 1.54841770344775e-07 1.54477212434054e-07 -1.5653947094365e-07 -7.82543265670205e-08 -2.204676642349e-09 -1.22876517208955e-09 -1.51683520835014e-09 7.684843375258e-08 -1.58186448036603e-07 1.53590953352601e-07 -1.20447590318334e-09 -1.57725120482082e-07 -2.38351930851389e-09 -1.60087281163582e-09 -1.57399438562643e-07 -1.73471592083751e-09
1.81123136769029e-09 1.67133814650242e-09 8.06387287623466e-08 1.62305465826593e-09 1.58849036127558e-07 4.65354411165469e-09 3.40176112824583e-09 -1.50301838539932e-07 2.98036643385866e-09 3.16236642488475e-09 -1.51891925984853e-07 3.36655096333854e-09 -1.53970107958655e-07 2.17816389628088e-09 1.57919998535371e-07 2.43345092426427e-09 1.55804241866361e-07 -7.7122366548589e-08 -7.68968976924048e-08 2.8284297293143e-10 -7.88467089726103e-08 -1.15640852743812e-09 -1.31574442965363e-09 -7.88642921189338e-08 -7.97938281583399e-08 1.55574046716484e-07 1.55500682816709e-07 1.55294354319318e-07 -9.723241814803e-10 -1.51131084475345e-09 -1.86630936973235e-09 -1.10087860842617e-09 -1.57104233016564e-07 7.69659449949828e-08 -1.56993107551365e-07 -7.92691196951542e-08 -1.42787608142872e-09 7.71386382904092e-08 -1.58086919472769e-07 -7.89232841885482e-08 1.54473631677781e-07 -1.57993179949622e-07 -1.57389552616837e-07 7.68402633736548e-08 7.55765575888006e-08 1.54519366165284e-07 7.54754257873772e-08 1.54136878484189e-07 -7.94103215995898e-08
-7.50092346281516e-08 1.57283809363844e-07 4.2490982090103e-09 -7.39736476970708e-08 3.87674892659138e-09 1.60137649588731e-07 1.24103153284407e-09 -1.51798332271091e-07 3.90476892406654e-09 1.58490292471088e-07 1.51149919810995e-09 1.93633097120126e-09 3.13093719916624e-09 1.58952590256105e-07 -1.53992988124579e-07 1.9143569391732e-09 7.18997663176461e-10 -2.82636899412033e-11 2.46408445229716e-10 7.74332282039279e-08 7.63385764809464e-08 -1.56890099297676e-07 1.54764114107514e-07 7.73680969711755e-08 7.67240452937875e-08 -7.9276002998443e-08 6.89309147682423e-10 7.75113475064571e-08 1.00664584532758e-10 7.6201395719483e-08 -1.56415720984031e-07 -1.56198097090729e-07 -7.9705176641297e-08 7.89025169954886e-08 -1.19547814864357e-09 -7.76647534010554e-08 3.0376520553291e-10 -1.57587024637735e-07 -4.13700561377752e-10 -1.02523544514993e-09 7.68486488823046e-08 7.55857721786973e-08 -1.17580973764201e-09 -1.85676951061619e-09 -1.54586191020015e-09 -8.01569429768284e-08 1.53318709099648e-07 7.64305611379758e-08 -1.3252593471879e-09
2.43738240407529e-09 -7.51261926348379e-08 2.65057329599052e-09 1.57845072895841e-07 4.25059471540552e-09 4.33199410940701e-09 -1.52785596159082e-07 4.23533635970982e-09 -1.52669384064744e-07 3.99617958602061e-09 2.98807616620128e-09 1.60097154656938e-07 -1.53089774535304e-07 1.8945544454227e-09 1.62088452195831e-09 -7.56976401872792e-08 1.57236442687331e-07 -9.53712339315227e-10 1.54757698729684e-07 -7.82613548110814e-08 1.55836535727492e-07 -1.56773575006495e-07 7.76373150756955e-08 -1.57346370544598e-07 7.69520430808584e-08 -1.56699884103708e-07 7.7933032160365e-08 1.55611354190605e-07 1.54445849132973e-07 -1.5613430066867e-07 -5.09732950322306e-10 7.6661648909892e-08 -7.71141609812674e-08 -1.55640575956158e-07 -7.81757128098313e-08 1.42498960831628e-09 1.54654279889091e-07 -3.20604462892602e-10 -1.57038674851992e-07 -1.56485911357093e-09 -1.5701140492423e-07 -7.997861416975e-08 1.54134725921611e-07 1.54869675101662e-07 1.53453971762519e-07 -1.61957733963175e-09 -9.78935741337241e-10 7.73320406058689e-08 -2.20358765844722e-09
-7.61455840373921e-08 1.59273948169459e-07 2.2228060759531e-09 -1.52948243500353e-07 2.0971314540734e-09 4.01708469101309e-09 -1.51624798100984e-07 4.07199367584722e-09 3.72017728211039e-09 -1.54132174126867e-07 1.58715056263837e-07 2.07622437971677e-09 1.05504746901093e-09 1.80432454875521e-09 1.56655402040761e-07 7.84887776617303e-08 7.82277973492397e-08 -3.43321469063683e-10 -3.46098373491334e-10 -1.55351706297264e-07 -1.57478366826382e-07 -1.90444028416473e-09 7.63015414922216e-08 -5.32011475942675e-12 1.5393349420729e-07 1.55826065980758e-07 -7.82321055657107e-08 -1.5601106671635e-07 -1.5704929664588e-07 1.57069592891914e-07 5.27218492451351e-10 1.55563986002768e-07 1.58049161635939e-07 -7.8542347028851e-08 -7.78464642027138e-08 -8.17315758607731e-10 7.8541674086398e-08 -1.57200571449271e-07 -1.56328190442508e-07 1.54086039181272e-07 -9.09322612954036e-10 -1.66294529129137e-09 -7.91891730623329e-08 -1.90781889666601e-09 -1.56554065819212e-09 -1.56876440546866e-07 1.54801521196848e-07 1.74216591966635e-10 1.54645125323572e-07
7.92273375339044e-08 1.27303428117069e-09 1.56893524127067e-07 1.58317886180468e-07 3.00099030782272e-09 1.58105907066439e-07 -1.53315547164492e-07 1.57512884233131e-07 2.34771726883528e-09 2.1671396400293e-09 1.86567237971369e-09 3.19828892334369e-09 3.19665277051275e-09 1.57305090325278e-07 1.56354416565704e-07 2.9417701488914e-10 -7.81993986567824e-08 -1.12509227960106e-09 -1.57356547788229e-07 7.74759827398047e-08 -1.36218654320929e-09 7.7506948962229e-08 -1.56620401754339e-07 1.54363296099686e-07 -7.77926714254323e-08 1.54911196262048e-07 1.54526513687134e-07 -7.8426599087938e-08 -1.55399912466427e-07 1.57692001131846e-07 -7.64194371228669e-08 -7.66269118202172e-08 -7.72763258933805e-08 1.67061336199495e-10 1.55920852003189e-07 -7.82648018503364e-08 -7.92986308334948e-08 -1.5611212416566e-07 7.76009779172479e-08 -1.98704398133117e-09 1.55877107337883e-07 -6.01223244380182e-10 -9.68602881034965e-10 -9.2774684710879e-10 -8.83562091133342e-10 -1.22747235518537e-09 7.61665057990304e-08 2.01296510059242e-10 -2.0036559091641e-10
-5.01099488866714e-10 -3.55173823728065e-10 1.57626472788764e-07 1.56716460196018e-07 1.57944165471731e-07 3.22190511983424e-10 -1.55203054948847e-07 -1.53880135621361e-07 8.79079567756173e-10 2.03952293122588e-09 1.56625333220326e-07 1.85629760239691e-09 1.91382371297032e-09 1.10024264348815e-09 9.91113717137193e-10 -1.55146627009913e-07 1.54744276863974e-07 1.88712632392344e-10 7.82369731326132e-08 3.54195241250941e-10 -1.56081898182481e-07 2.3940550399219e-10 -1.5573752932827e-07 -1.58110578544588e-07 -2.92520041187336e-09 -7.91614442972657e-08 -1.56696227083635e-07 7.88060862773022e-08 -7.69639236235003e-08 7.03982120246697e-10 -1.55198825297567e-07 1.67908263132064e-09 -1.55409125358901e-07 7.87820631970584e-08 7.73687554824442e-08 -1.55129028554301e-07 -7.81187231130959e-08 -1.20741131694029e-10 -5.02186307452305e-10 -1.57695560256276e-07 7.67828890640014e-08 7.68905407827683e-08 -1.57584213025034e-10 7.79153629016546e-08 2.34782806991375e-11 7.71517044170032e-08 -1.61150787385551e-09 7.89583279866393e-08 1.46234491860239e-09
-1.26136691248378e-09 1.18537007462139e-09 1.56147885309997e-07 1.55929476774462e-07 -3.84180383065665e-10 1.51603785299474e-09 -2.03759945046838e-10 1.57419722988672e-07 -1.80281790969167e-10 3.85441028291669e-10 4.81026390628022e-10 -1.55813215138003e-07 1.56843222153103e-07 -1.55807690357581e-07 -1.56495898950414e-07 -1.56785419515619e-07 1.5595585643875e-07 1.56286878014402e-07 -1.56238053815031e-07 -1.13348549917408e-09 -1.06065881709834e-10 1.56657013207519e-07 7.8407621988275e-08 7.71899331527016e-08 -7.97747382851383e-08 -7.93843987419238e-08 7.78971503660771e-08 -7.88088319179307e-08 -6.19912897636244e-10 7.9074697298025e-08 2.04086656300458e-09 -1.21350896424642e-10 -7.61729768136889e-08 -3.92152035103557e-10 5.79106499077233e-10 -7.84439468496366e-08 5.85872840140372e-10 -5.94176068939301e-10 1.54532062743098e-07 -1.79786020113704e-09 -1.58013371297904e-07 -6.84594798420533e-10 -3.83818939466685e-10 -1.56430673515084e-07 -7.69041159571859e-08 1.44647834109592e-10 -7.90143788026148e-08 7.85499405427997e-08 -7.66489233919622e-08
-6.30795695508482e-10 1.55114783924983e-07 -6.72661639223911e-11 -1.55555418557845e-07 -2.95462541955612e-11 1.56650636794037e-07 -1.56323269559045e-07 1.56503790669176e-07 -1.56247147881621e-07 1.55933440369323e-07 1.42364224465159e-10 1.56010616024968e-07 -1.55159692392435e-07 -1.54969153128784e-07 -7.80670213233098e-08 1.15494197871311e-09 1.5581840151995e-07 -7.89189514423589e-08 7.75488330913269e-08 7.86690842680097e-08 -1.44994690934072e-11 1.56184710194438e-07 1.55488561523253e-07 -7.81332161154868e-08 -9.20440545897942e-10 -7.83938100059325e-08 -7.86010287962338e-08 1.25028175384917e-10 1.5593592731612e-07 1.58062048561035e-07 -7.76861903567742e-08 1.35166157233794e-09 7.78555419410216e-08 1.03741122568182e-09 -7.74681366750877e-08 -1.56055594128423e-07 5.61333199473482e-10 7.6942874531732e-08 -7.87876095067973e-08 -1.20167915717569e-09 -1.68676892577001e-09 -8.00080172758794e-10 1.55935478338347e-07 7.67613286005386e-08 7.70449853329117e-08 1.55657116988047e-07 1.56032658028073e-07 7.89289481012894e-08 1.63114474359594e-09
-8.91221044404814e-10 -1.1582438195472e-09 -6.64808403135228e-10 -1.18895522227506e-09 -8.68074554473307e-10 1.55139070514288e-07 9.46861774195674e-11 1.55056850601455e-07 3.7364421273945e-10 -6.76892052454423e-10 2.98296608393462e-10 2.09914523053683e-10 8.28199628918311e-10 -2.43156903546496e-10 -1.56438046551552e-07 -9.67143894511449e-10 -1.56643308280432e-07 7.66996089165171e-08 -1.56305827928589e-07 7.76927559202654e-08 -7.78912262477118e-08 7.831479353329e-08 -7.83335839401651e-08 -1.55622736717482e-07 -8.49016265508952e-10 -2.03038982555317e-10 -4.41993817196967e-10 -1.56259841084155e-07 1.56532562909677e-07 -7.80152069292524e-08 -7.72851887424446e-08 1.55883873179436e-07 7.76265224476397e-08 7.91985042647478e-08 7.94845317861251e-08 6.09410935594378e-10 7.79612806267283e-08 6.60461831428171e-10 -1.55221004874939e-07 -1.55965096947581e-07 7.68727235660011e-08 -7.79687519770416e-08 1.55459590120838e-07 -7.71107067843969e-08 -4.87433416721266e-11 1.56359209144586e-07 -7.77313886750825e-08 7.90696857860552e-08 -1.54066935237051e-07
-1.57903635093899e-07 1.53930262060926e-07 -1.25196714520904e-09 -4.46222504591251e-10 1.55538800533404e-07 1.55675438046821e-07 1.55122769394847e-07 -2.04448455298019e-10 -6.08542765216295e-10 -4.02350334568627e-10 -1.55644872288302e-07 -1.57758433804848e-07 1.5520416869539e-07 7.62102974271603e-08 -1.63844189425703e-09 -1.49385364597256e-09 -1.56798353474075e-07 -6.15768106532136e-10 7.65508391886491e-08 -1.55807426056032e-07 7.83543879099487e-08 7.82077169719305e-08 -5.26809661807016e-10 7.86741224936259e-08 7.72640189675756e-08 1.56204231630816e-07 -7.76225772569186e-08 -1.55445479505058e-07 -1.56508656068643e-07 7.86407146765034e-08 9.697841079024e-10 7.84050533698066e-08 -7.55535412714429e-08 -7.71524580420743e-08 1.3202674457057e-09 -1.54314974303677e-07 7.93339484185649e-08 -1.54683631022704e-07 7.86091331970568e-08 -1.17472622125491e-09 -7.31985137152411e-10 7.74322740174775e-08 7.78320388489332e-08 -3.87162618998545e-10 -7.84084684040958e-08 -1.5474051758525e-07 7.85613259862636e-08 -1.55242185060745e-07 7.98080673839878e-08
7.68295360158915e-08 -1.56515381241034e-07 -2.03587745975596e-09 -1.57811912013585e-07 -1.56362265983361e-07 1.5475535909172e-07 1.54616381871368e-07 1.54690758489157e-07 -1.20803910652746e-09 -1.56484117925877e-07 -1.56708746947361e-07 -1.01193893652907e-09 7.7508313232382e-08 -6.8931117528169e-10 -8.80954531986207e-10 -7.93990701911485e-08 1.54955421199915e-07 -7.96249146505589e-08 -7.8558801438629e-08 1.56397947365638e-07 -1.55631395778559e-07 -1.16600856921153e-09 7.83332627785333e-08 9.24534355188683e-11 -1.55745967977407e-07 1.56209145585633e-07 7.81101715646371e-08 7.84318840020817e-08 -7.774864908133e-08 -7.6916159088503e-08 7.7973694441373e-08 1.30547418961366e-09 8.08924731940768e-08 -7.56673219299636e-08 7.92682514827881e-08 1.86143919848645e-09 1.70187075882228e-09 -7.65020266225869e-08 -7.732409475548e-08 -7.806323940552e-08 -7.83362855592386e-08 1.00944721069969e-09 1.56143591970859e-07 1.55543061183023e-07 9.59677322015407e-10 9.1236978423485e-10 -7.73354493660751e-08 2.25748580502572e-09 7.89679827703778e-08
-1.10182422236279e-09 -7.88807086784732e-08 7.74993428879061e-08 -5.08983548772184e-10 -2.01935003025709e-09 -1.84277324400119e-09 1.54441272088082e-07 -2.34298973639121e-09 1.5340949250436e-07 1.54783445075401e-07 1.5567875751964e-07 7.75605574641101e-08 -1.55738558798632e-07 1.5578325838185e-07 1.54571201364556e-07 7.69842683029579e-08 -7.88055972374345e-08 7.61646183746915e-11 -1.57879630139044e-07 -1.42902462501477e-10 -1.56445109185923e-07 -1.5675518485102e-07 4.99550979602722e-11 7.88388119244351e-08 6.81172462760358e-10 -1.57300681015168e-07 7.02412530144572e-10 -1.53661119170227e-07 -1.54072380816374e-07 1.11604134464959e-09 1.17220362047283e-09 2.22728911801028e-09 7.99735249456151e-08 -1.54527619563082e-07 1.56849308628206e-07 8.03632497496297e-08 7.89919824522585e-08 -7.50325881216931e-08 1.56087395492265e-07 1.56383649701745e-07 -3.5787197324288e-10 -1.54375536614201e-09 1.55363089823043e-07 -5.82540416292122e-10 7.78249503909145e-08 7.92500766489704e-08 1.39629201948781e-09 2.03621282889093e-09 -1.53140236449733e-07
-2.21213254186911e-09 -7.98379563058798e-08 -7.94175431838454e-08 7.67405897252177e-08 -1.48707326967445e-09 1.54010156955071e-07 1.54208535900831e-07 1.55178673850413e-07 7.71536954793576e-08 -8.07675699927515e-08 -8.04170430251581e-08 -7.99075563945792e-08 -7.87556275733845e-08 7.65700079725266e-08 -1.56106696552509e-07 -8.0884096108524e-10 -7.86334014607609e-08 -8.06568057822098e-10 -1.55963220491205e-07 -1.56924962186347e-07 -1.56091194806145e-07 -7.97126582814749e-08 6.38693509193844e-10 4.58233113620896e-10 -7.91545994629913e-08 7.86220498185269e-08 -7.76160579085152e-08 1.77150306146546e-09 8.04375759259233e-08 -1.54388224229077e-07 1.58527380805862e-07 7.92402367539302e-08 7.8792376796911e-08 7.84579960516494e-08 1.56346225800168e-09 1.57858946261051e-07 7.93718725195949e-08 -1.5327595516939e-07 -1.53882124336933e-07 1.38342538125653e-09 7.93629263506768e-08 7.92703925968717e-08 7.85397694826759e-08 1.13168704075424e-09 7.76778399675875e-08 7.81286865501563e-08 -1.55140520906582e-07 -7.63107808571517e-08 -7.61159798332134e-08
-1.57681590808549e-07 -2.50097985760362e-09 -8.24730413367941e-10 -7.98955491615151e-08 -1.16085875918724e-09 -7.96625051366684e-08 7.57470055598803e-08 -7.86131428519721e-08 -1.00887396418179e-09 -8.01675896984294e-08 -1.57148343106761e-07 -8.06831842836365e-08 -7.93484727031001e-08 7.56032032939672e-08 -7.89107371987246e-08 1.54310417745365e-07 -2.58665677248165e-10 7.75437519822075e-08 -7.93897646910088e-08 -7.90936280829143e-08 -7.87120991967161e-08 -1.5638807071143e-07 1.55255101156901e-07 1.56398925106292e-07 7.86481270680923e-08 7.67771333259981e-08 -1.54946780020345e-07 7.80289686733899e-08 6.12094691904373e-10 1.5592865653502e-07 1.56580173205976e-07 8.01061385332101e-08 -7.70968830189705e-08 3.46486957359819e-10 1.73750078513413e-09 -7.62532453828181e-08 -7.48196651867079e-08 2.17764095137227e-09 -7.62855133010033e-08 -1.54795109404162e-07 -7.72081767967325e-08 -1.53943328253037e-07 -1.54545269992101e-07 7.86197244481773e-08 7.86502297643677e-08 1.05950509126246e-10 7.82810846925036e-08 7.57334069934897e-10 -1.54794838779945e-07
