data/pcas/pca_proj_current/PC01.asc
NCOLS 494 
NROWS 529 
XLLCORNER -117.166666666667 
YLLCORNER -55.5 
CELLSIZE 0.166666666666667 
NODATA_value -9999 
[rows 300 to 324 of 529, columns 392 to 447 of 494]
6.07003487682721 6.06516109262987 6.06252772909185 6.06070629777711 6.03048360610664 6.02387485891494 6.02177548878923 6.02947513896908 6.03840543898691 6.06018738470241 6.07146391878294 6.08063698573283 6.10511282999603 6.13100103178438 6.14124015660811 6.18147936227499 6.18137498422975 6.21048993634276 6.21730987107501 6.24720401154438 6.14866512224895 6.17167047284232 6.14371756929404 6.27320649028675 6.25646151249064 6.0968795188348 6.2430364381007 6.21690112918006 6.27009691227116 6.20103779869606 6.27577961773685 6.34505255714515 6.34501896886551 6.45929299219987 6.5078022544812 6.59808972034241 6.63861000037042 6.58766352129703 6.62790391688701 6.67873087685243 6.73364747785032 6.77610422463697 6.84026140582964 6.86226408516064 6.8076413032001 6.76192145440079 6.78103246384436 6.79417006968024 6.76514626718295 6.74912222463315 6.74376696389152 6.76418965457249 6.74747635204002 6.78869091464166 6.79028157546713 6.80994045050116
6.05968404598052 6.06297647596029 6.06759300987746 6.05435504662896 6.03058037210177 6.01279959034475 6.01354264008265 6.03790620060576 6.04918130663896 6.06423520694936 6.08587632078172 6.1067421595358 6.12744155261385 6.14713307697432 6.17227634495696 6.19619906031199 6.20284849005134 6.23768921654137 6.24252332926517 6.12595018321215 6.17376856855455 6.17574383439581 6.1741467167291 6.14609561912119 6.11799143213377 6.09672750351151 6.21709850738719 6.18979820336231 6.2332970759379 6.18296126497716 6.27962423845976 6.34592372868073 6.33533156599308 6.45002925656568 6.46054580154638 6.52452541684616 6.48764140186922 6.54241408385118 6.58614686865283 6.65890910903853 6.74132605075043 6.7925678170078 6.83176934671104 6.83898723167282 6.79025313221895 6.73392466284146 6.81702239998391 6.83207243761642 6.67401761936658 6.71532319466639 6.71329300374245 6.70161422798405 6.72528189509223 6.73219895118048 6.75529306593213 6.76174832142657
5.96028639458202 6.07319935622406 6.06649361439676 6.06201247223956 6.02722900259699 6.00671714355058 6.02762310079938 6.0489847229445 6.06478890060313 6.08562661528132 6.10610737837387 6.10668616334894 6.12964182964234 6.15782785980345 6.20307995470554 6.20099419487755 6.21945680832211 6.24287353014448 6.25743983161766 6.14064313348936 6.16739132469799 6.1858251546704 6.2060843501878 6.1675955027177 6.12423260570611 6.09386395210459 6.22401785133978 6.03668064762389 6.08109447887606 6.1792237789821 6.18427796615828 6.26166131176115 6.26356678536613 6.39584774536229 6.28791270762278 6.37265697092453 6.44297779007893 6.50598789161852 6.56102319374948 6.65050397561404 6.74782383314746 6.77206939130456 6.82108680155888 6.85606924024587 6.76418169288642 6.72378347528885 6.8411909702818 6.81706805767254 6.6143195084075 6.6675767427202 6.6377795006372 6.67024290564499 6.69006593011549 6.67621077362055 6.68204582379778 6.72353332896146
5.97609671955323 5.9631775772672 5.95223771618886 5.94222680939078 5.91586569375996 6.04493856361887 6.05569908644348 6.07512875308725 6.09456118560789 6.10705803446558 6.11920416539908 6.13713692086527 6.15397166961091 6.18253819133811 6.21823505607524 6.21021886685779 6.24807229997593 6.1389602398581 6.14265366189291 6.15843891089125 6.16232065511374 6.19223651401543 6.19544026763962 6.18470233136809 6.1637044799824 6.11238963535602 6.09546882708759 6.03922695713859 6.10490420220259 6.1243335524961 6.13685965018865 6.17765339237329 6.17035670623584 6.22383399228201 6.26415437527788 6.35035445909067 6.4274909709167 6.4711138683623 6.54522741273009 6.6470787258558 6.73158375920133 6.73198886540273 6.78249805440525 6.85509345239157 6.73715748503498 6.77227145731086 6.87483635430612 6.70164053744031 6.54280811661718 6.63870633112116 6.62751101474696 6.637255391363 6.63001736482818 6.61849884661067 6.63562016999523 6.651918524663
5.9802864394088 5.96805240421353 5.95068353480543 5.95037667947022 5.95326058346514 5.95915479353808 5.96510873394243 6.10530262904002 6.12405114533907 6.14063666637299 6.15242908809392 6.17069724159058 6.18651379108357 6.20725995909283 6.22009182958322 6.24965088511047 6.26192857547412 6.15982221575009 6.15693936007232 6.17727202792261 6.16785632763212 6.20650084293124 6.19343989360144 6.2002321466894 6.1829942232209 6.14827507330714 6.11755806871024 6.07253966873144 5.99821964047715 6.00729207617318 5.98815534917992 6.03328070722449 6.06670016557758 6.21260405675644 6.25162337851749 6.33645152773114 6.40282804341678 6.47069351823934 6.54036991523059 6.64849529499964 6.65765885536794 6.68185432291968 6.71208778088501 6.80672420014742 6.78080273674186 6.88598816352707 6.80639773669697 6.57789896456838 6.4908157664003 6.54944878785464 6.57859178721396 6.57303666209955 6.5332172108585 6.55074975515008 6.57776275360689 6.63830381634891
5.98193553818884 5.98174157911035 5.97315816568896 5.98098493738255 5.98042314282469 6.00141583788578 6.00448929364367 6.0152357697766 6.03079853512768 6.04544913301611 6.18585312791673 6.18662284523232 6.20163107874504 6.22480690428951 6.2378295635399 6.2753906908597 6.15761987326494 6.17134905597339 6.18323186190017 6.18010863051378 6.17822032084591 6.1768647979259 6.18395786779702 6.2017359595516 6.19459855965558 6.18653086511897 6.12759219392065 6.05927587034995 5.97848251750935 5.89799445665634 5.86671607345332 5.93477758713494 6.08057668517344 6.20407124907194 6.24421154233685 6.28170744971079 6.40420712987909 6.46003065214632 6.53011831154769 6.60552587754542 6.60281160782366 6.64200608306048 6.6938115426904 6.80207945344672 6.83965248590847 6.86890007054946 6.8049543330684 6.5774292586818 6.42067089148312 6.39832945498147 6.50416929548141 6.43964647486318 6.53915482600729 6.55602759410048 6.56112646286495 6.59156094708462
5.9987007120386 6.01050269370716 5.99695169568629 6.00963420533164 6.00575931853485 6.02585056624628 6.03623165904212 6.04722238578604 6.05575432544092 6.08476753976597 6.08878941208436 6.20469737672801 6.20932294598755 6.12177378275575 6.25819330448372 6.16329913521359 6.18560840768867 6.18932424177714 6.18061487257887 6.19000202221666 6.16380322911598 6.13652723001623 6.1745024774069 6.1935079112781 6.22287395037542 6.18839158360731 6.12383556559131 6.04913894830776 6.00052778102229 5.96198358528204 5.96980800090687 6.05387231488742 6.11139285794383 6.20662453257441 6.23700022556026 6.31577991175105 6.40712013807723 6.43429055653031 6.53078882222403 6.567940210038 6.54902890987628 6.57834306440934 6.64822522333966 6.73080876661704 6.75964954933964 6.80783395125239 6.73756117325472 6.48361786493133 6.42623566602365 6.42049652757284 6.42527891694586 6.45365189515505 6.5021702199799 6.51409703046665 6.52431972440051 6.553836751184
6.02398145729928 6.03211626558566 5.99744354740807 6.00233734474084 6.05060788374141 6.05811042895817 6.06648440575727 6.08482199464406 6.10180835340139 6.12033043713848 6.11931771535472 6.11182697020944 6.12583590498625 6.13849080976119 6.16095797172886 6.18218772816752 6.1999281240444 6.19873939073258 6.17370371299679 6.17516108692742 6.11316910198969 6.1671034052385 6.06387820766574 6.12566140411093 6.20101457642203 6.19404110080279 6.14739045146891 6.09542818240719 6.01885230933629 5.96247316434888 6.00766297704568 6.13849380276367 6.13998664699183 6.1868138252496 6.24853446973657 6.31479276885046 6.37670548604103 6.4179027216491 6.4992765582022 6.5439749537694 6.54639121049574 6.5477310658705 6.59139773689717 6.63078075329077 6.65903182333246 6.74592889371685 6.72369820418264 6.48540624933103 6.43988746385268 6.35295522775727 6.41095403703547 6.45873229529035 6.42050653711469 6.43336531357021 6.44784467809005 6.47041812408988
5.96667536975401 5.9680921089963 6.01025352031503 6.02595428578312 6.04377140505515 6.05230238869348 6.05365626794111 6.07301898068712 6.09265056650136 6.14374442635953 6.14988796114777 6.15186062850048 6.14905527427904 6.14822590077703 6.1687945128287 6.19329230728853 6.2096772283868 6.22987402539292 6.21048250665598 6.14657334664456 6.1005977100076 6.06628667679805 6.02218651339108 6.02631271551516 6.11930890751631 6.13095703351471 6.11632766551626 6.10078050870167 6.04043632009836 5.99208340919515 6.06017236120969 6.16156377170579 6.19788010000338 6.19328743820547 6.26906841914968 6.31063023856564 6.32833509017831 6.39646175425912 6.46643777573906 6.51261941828582 6.52885225379067 6.54257439511218 6.54625710104532 6.5532542574476 6.55166282472917 6.65043676566791 6.6556907540454 6.53020128253842 6.34258809368379 6.3076391963927 6.389034616168 6.41880108409292 6.40648425359846 6.39975120939575 6.42570955401523 6.44254031052171
5.98133032727348 6.03265878532552 5.9921060837201 6.03220761638763 6.05485366161251 6.07814519105579 6.08933940674076 6.10562114628284 6.12635775581882 6.17322751286131 6.18199477946338 6.18590491457627 6.18750893659073 6.18730678284436 6.18766590651967 6.20719962851163 6.21889003168373 6.2304876550856 6.20851392920343 6.14382941676897 6.08183954992333 5.99334778691803 6.02752656902064 6.03877484602695 6.04727426094962 6.06864448660875 6.05682685492769 6.05113485291179 6.04299299806951 6.02349230246621 6.06362428808845 6.15554120832402 6.18400631422684 6.17537990698722 6.24166519331346 6.2552561609574 6.31623351950686 6.38564666767062 6.43717932878102 6.48123351039631 6.49931093446582 6.49414885884734 6.52028507234641 6.50195638415264 6.49979374741344 6.5402614581298 6.59028481172177 6.5644466005189 6.32946747691762 6.3109614297451 6.39190768318843 6.40521437894399 6.38335150590242 6.37239612438547 6.40715851495018 6.42622954396954
6.00848718184398 6.01010670408205 6.0088328787144 6.04409200600695 6.06489844992065 6.09332829068886 6.11695048869558 6.134219864359 6.14354988913856 6.15444305628522 6.16859929718961 6.23066570264449 6.22179863215559 6.21178262643174 6.20699149470468 6.2113595810634 6.21446891955793 6.20378539599927 6.18860719256246 6.1423987747869 6.08420236372449 6.04160607998992 6.02852861610516 6.03765326984395 6.03884091301529 6.04494496984769 6.06629223067613 6.06308453301609 6.04289061365543 6.01370320250632 6.05660489366107 6.08284531363077 6.17415215543621 6.16778012940023 6.21435048320643 6.21659641101525 6.29569295206294 6.3554808065521 6.40581203580419 6.45223685768106 6.45392753933679 6.42472890261023 6.47615037754576 6.4831021169742 6.44924726203181 6.49673366743459 6.51930557315307 6.50464897129929 6.42144588480687 6.20579580432418 6.32644598283306 6.34591748692156 6.34713009705842 6.39467619614185 6.4500449090292 6.4295337217844
6.02092856213057 6.02857567469812 6.0326798324536 6.06927591358597 6.09140868822904 6.12347053350156 6.15394004131149 6.17337200166228 6.19763099262036 6.20546711165619 6.20233894309049 6.20457825456066 6.26184909830878 6.24545602470677 6.22880982197464 6.20998771664928 6.19588392480386 6.08429653612395 6.11241119814444 6.08172042591914 6.04681614098856 6.01978344344893 5.99617083505666 6.00096105583696 6.00161267522313 6.01694554830732 6.01341617933617 6.02167567769602 6.0324794974373 6.03012706714869 6.04633678867459 6.08384635544072 6.1522660769762 6.1567669056624 6.14755525922463 6.20793942478678 6.28483937575416 6.35529180803788 6.40988869212623 6.4947506654633 6.46873856036303 6.41187298180464 6.44319763694508 6.480073620559 6.47331267158394 6.43755080034283 6.45536994058765 6.43273849612156 6.41621055611438 6.24046102940589 6.25116364263872 6.34533972011212 6.37576083798358 6.37835553118617 6.4000258496434 6.42717995195868
6.05136300796172 6.06699026219814 6.05247632229718 6.10072313773639 6.122724214313 6.18050311170484 6.19743655234038 6.18870084419404 6.24946888242718 6.25576704232696 6.25996971672289 6.25639784007847 6.24354479669042 6.21420434525727 6.17713532271536 6.2134841660469 6.17630933996841 6.04583238887616 6.06964081861598 6.05220408405947 6.04133772483391 6.02772773406157 6.00420566023042 5.98611281181599 5.98993044970132 5.9941398828035 5.97891687517167 5.97280767663332 5.98737143888542 6.01131688321215 6.0471441377223 6.08889369460826 6.12430071359379 6.12101322705896 6.17198045985086 6.26238352440245 6.33016654189449 6.35062479139012 6.42576456891373 6.49622468577856 6.4902397383926 6.42969609384094 6.39479436967692 6.43855879167595 6.41725485780095 6.36386242212228 6.39901249962956 6.4167415186628 6.37775378451301 6.25498336519158 6.19107061133564 6.30502110637665 6.32554654915698 6.32025243120824 6.34885878324291 6.42859647552056
6.08675329014916 6.08808927829994 6.08433147076679 6.08729548848592 6.11741616107702 6.22593316768159 6.21477035883133 6.24644661626377 6.2779347564022 6.28375188165616 6.28386865230137 6.27228819209743 6.24832655152216 6.21530104042151 6.16266940397422 6.11473021684916 6.06540996780748 6.02070269098781 5.99347096123012 6.02202909752367 6.01862551975574 6.0153972195501 5.99322575920256 5.9738597196871 5.97906822297513 5.97843095088445 5.97619394468931 5.96206029074629 5.95702257376522 5.97446107656457 6.02080878188656 6.09744865619865 6.13601375450905 6.15631234627374 6.19026730117893 6.28950030870598 6.36410791056163 6.366290509607 6.38739441123831 6.40865584779217 6.40465087531516 6.35107092867422 6.30799618712973 6.32692644789059 6.30683733198345 6.2650696163559 6.31337414091133 6.34624421560526 6.32510978189744 6.19779864408572 6.28713159240521 6.25741841601824 6.29338090853424 6.35318715521281 6.44703722684493 6.50084339058642
6.12653736095531 6.12691973586025 6.13037095777851 6.13687593865991 6.18828713233024 6.23055459784322 6.28110778989853 6.31675115475966 6.33756820564218 6.35261549847876 6.34690928631035 6.32819931155067 6.28998178009415 6.2487789106651 6.17846525987471 6.10972701668712 6.0410976081708 5.98080465086086 6.07211660757236 6.00841148647241 6.01325236547807 6.01023000384153 5.98780911007552 5.95505184685232 5.99249143413202 6.00777487494616 6.00265000940536 5.98248484378424 5.95268111432836 5.97302116119372 6.01174141581409 6.09987176142712 6.12101847227155 6.18316578983851 6.27435307395757 6.34053605126452 6.37763211539659 6.3689116053272 6.34486956968141 6.30624978175349 6.32132083908951 6.32060688585317 6.23369116446316 6.20657916918224 6.22062078360294 6.16863046483772 6.18524063405409 6.22756153606953 6.23159423531103 6.16929384244027 6.26368265480592 6.27915417759201 6.35437359132144 6.38805220017049 6.42867306186519 6.55452165903861
6.1879125640777 6.19251213194325 6.20281441793101 6.22825078098665 6.27251946945216 6.33053188666577 6.37878321885473 6.40001814793038 6.40427059839853 6.42306700585652 6.42324017987276 6.38232957918945 6.34842183238327 6.29463714593402 6.22409662118672 6.13908340899221 6.02233372354138 5.9405756657914 6.0806572069181 6.107944598993 6.05522964851926 6.04162931028938 6.01580261893477 6.0026629890161 6.03145989365377 6.04521996900663 6.05010008218036 6.01511086587499 6.00359865774467 6.00452830320627 6.02207553669191 6.07186799325122 6.14912527206363 6.18930722690237 6.36353986187221 6.41319955973834 6.38658898729672 6.34605587429207 6.31205957285297 6.2698295228656 6.28343654495424 6.28441915873254 6.22457038487035 6.11609722800009 6.08718334103188 6.09136937161209 6.05286782070208 6.06004445298706 6.13922464276228 6.11243561738749 6.24527076069471 6.30772380758235 6.36104623220642 6.38685580563733 6.4948980276333 6.57410257034887
6.24319795420393 6.25081635686583 6.27729472505748 6.30805826030934 6.35943408796112 6.42076320364132 6.44987987938663 6.45547544127677 6.45605594252181 6.45752247134689 6.4659882290525 6.43112202629402 6.39606669062571 6.33649112095628 6.28046248447169 6.31808693226698 6.18455774173724 6.09149224517294 6.13564721071524 6.12199328950292 6.12068943485992 6.1104367893376 6.0753412311788 6.06914102020762 6.06108135637231 6.08822678565098 6.09813525291178 6.08000587862469 6.03119293615649 6.04510700874121 6.04930124629743 6.08947302932638 6.19474104300506 6.29956586079303 6.37399478023884 6.39214064718505 6.39731966467139 6.35323910489829 6.30442878768319 6.26672545064479 6.26411378187596 6.25784494323293 6.20379323134467 6.11042811436832 6.04593545031842 6.07787460367708 6.0809682473028 6.067380155811 6.16376388447907 6.13288113559621 6.26091558124304 6.35427323147905 6.39762375089064 6.43718594171433 6.53261003445715 6.56048502140575
6.29194049053031 6.3207099010663 6.34612388862757 6.38320336101018 6.44784234461336 6.47311414358149 6.50973817906595 6.51112848267775 6.4703788776937 6.43357083561822 6.44783375909498 6.42499320013075 6.41584615374846 6.36977803452893 6.33493590457391 6.39893075299267 6.24320866715854 6.18303261020213 6.18085959392744 6.21675540147859 6.20401203858105 6.16274109635859 6.12448441072751 6.08464415883921 6.08084197715529 6.11714629256238 6.10693311817037 6.12958656193 6.13058917357857 6.14443152218352 6.11063815061989 6.08103195958819 6.13333817054639 6.27015481849195 6.33144809222528 6.37470646315286 6.38821013207819 6.39310379575018 6.32722974398 6.26084764713279 6.27923900411028 6.2679665499557 6.2213795165705 6.11731435146074 6.07297423924478 6.11849058885915 6.1792792152006 6.1309214727718 6.25881413301518 6.23343311401847 6.3524763542793 6.42337943874062 6.46505158257714 6.52543784368937 6.53415398711278 6.55997212811483
6.37022308265438 6.35977656552525 6.40290207035237 6.44255583954515 6.46924604238106 6.49751637418042 6.51387186316775 6.51027853552354 6.47313120489727 6.43863770647479 6.4155983107007 6.38453524263364 6.37984770302207 6.35636133429962 6.32832533985934 6.31104138627702 6.27129545714492 6.28701776579523 6.2283420810244 6.30669641099482 6.28055569188891 6.20300032869226 6.14059225155077 6.10557161150811 6.09842767118921 6.12990516580129 6.11461755686803 6.12853403760458 6.11417455195265 6.19575735726532 6.18546788271059 6.12483353863092 6.12529466267518 6.20734803462671 6.27340704762931 6.28797070663913 6.34027030331111 6.35251651721005 6.30283510071489 6.25753265851617 6.27491661479793 6.27699151869558 6.2009449964696 6.17043321489416 6.12242366268348 6.16125383713043 6.2447353182709 6.2343527172344 6.27673881427493 6.27381022882518 6.34220652006962 6.46469658240208 6.49663991757289 6.54492612225491 6.55574770925044 6.56187024650606
6.40878451795615 6.43260658677689 6.44660918765868 6.47022065697518 6.49034367610112 6.51113393095096 6.50790543662219 6.50175755873684 6.48645224491963 6.45216725925791 6.40597919825661 6.36724269005363 6.35584799729007 6.31735810197005 6.29450421445025 6.29271098216448 6.34762646073422 6.3154624509546 6.30721289171014 6.31674124775147 6.3107577144916 6.223910434283 6.13838508779481 6.08625974746516 6.1154352098978 6.12707823516775 6.09948063744723 6.12046773947066 6.12685584738663 6.18618667536404 6.2092934173889 6.22072737797639 6.18431631728335 6.17440229876109 6.24046809711612 6.21998266098995 6.30204109542156 6.32977279005235 6.30967141901947 6.24453008621295 6.2113714041137 6.20524614955795 6.13191323403312 6.14980854615667 6.14692843697728 6.16297568572382 6.25528561996541 6.33328260196163 6.34691043754753 6.33041669451122 6.41482750858558 6.46799444306047 6.52153539781199 6.55993919308551 6.58301353790615 6.58595087965672
6.43870254257346 6.47485743540308 6.47210342943695 6.50151874113183 6.53149595662002 6.54984275727971 6.52883212061703 6.51164634410088 6.48635939702145 6.47083351542182 6.43993866586572 6.42356952101752 6.39677555086172 6.36559451079522 6.33306408888024 6.32533640420437 6.3451226407308 6.29970451871035 6.30170671885075 6.29809225422614 6.29197849260152 6.23398493135257 6.14049500972172 6.08398540287799 6.12021912614909 6.14503780281824 6.14906841867006 6.15098120035881 6.14782939132366 6.20829191520333 6.22655928727958 6.22038403959976 6.25013596059823 6.25796935253541 6.2688689070878 6.28525972349342 6.30588292435972 6.31876726516405 6.27893262835165 6.1942018687199 6.13597299669831 6.08676665593406 6.02328884056243 6.04608180254663 6.10347437333292 6.18130204001584 6.29313266600737 6.33125139912228 6.34220889476378 6.38930571231308 6.42270161914791 6.46462366517029 6.53287144571259 6.58656880525001 6.59934220118916 6.589285865477
6.52680479690781 6.53707387494091 6.51044527237549 6.53044610849231 6.57047989017961 6.57797985716788 6.56362762460723 6.52919953415401 6.50184559815933 6.49133971935727 6.48167341863755 6.47540346961218 6.46515417097444 6.46229607333316 6.44218696222232 6.40923090482992 6.3565928696296 6.30393417756422 6.25022261142668 6.2190069802619 6.25919726575768 6.25152785804462 6.18592867175724 6.12824415772172 6.11875418356706 6.12722664326496 6.15209733592329 6.17366152940858 6.18011753227577 6.20387490997881 6.22766741702996 6.23816061222699 6.24484883615913 6.24759694243429 6.26323390782582 6.24106974094789 6.23958606956048 6.28429709022285 6.26167569433772 6.20900104852427 6.13484213749373 5.9799475997516 5.89473707499138 5.96956193503764 6.11671194564112 6.23388102852215 6.29709594095857 6.32377404898374 6.31405855035844 6.36198994412325 6.39651561054014 6.44050164211124 6.50807566895144 6.55832369553928 6.58770991851214 6.54425583655124
6.60270436085998 6.59991185329486 6.5800852521942 6.58725904158849 6.60075776130794 6.58001117090169 6.54740263166177 6.52883873712566 6.50513470000871 6.50358834701478 6.51392294480688 6.51009210630569 6.49942027141818 6.50088386532386 6.48507611777393 6.45759331366923 6.37925746625285 6.31260755097932 6.28500342372707 6.2575507756879 6.27893487845654 6.26891880226878 6.21583299385733 6.15262593698174 6.0910826519058 6.13207596142492 6.16217289830451 6.18832702902682 6.2007831565096 6.21215773255856 6.22705996847076 6.2601147950932 6.2447196631708 6.23648695883647 6.26651739670099 6.28948563774471 6.27951959522949 6.28580144641797 6.27489789660873 6.2439541008773 6.14871161920082 6.00243540351387 5.87185050478452 5.97407950924686 6.16200416698064 6.29149777913644 6.33543838415437 6.33052909955928 6.288981603358 6.27565095239172 6.34251167995578 6.39040346541468 6.47054693893754 6.5553629993928 6.5515028499025 6.52744526814156
6.60090385193115 6.6576451178701 6.62998663979417 6.59946188464888 6.58891151638599 6.58008629841303 6.55705260503852 6.52816551995547 6.48986145361159 6.50017458136114 6.51932770920107 6.50841073616553 6.51662187417506 6.50594117407829 6.4849798209323 6.46684208577657 6.41138043671461 6.37203419349416 6.34637319204323 6.31590182775351 6.31013314323192 6.29453749822312 6.25042472114603 6.18830012263014 6.10469390157445 6.14982091184649 6.20538370006276 6.20565947661716 6.22752092016133 6.25890524643016 6.2707534894363 6.26552793313005 6.27455699455813 6.24842483236861 6.24549241099774 6.27480271492239 6.26330751494816 6.28185173117 6.28904680498195 6.24798579874618 6.12464849128376 6.02580067900332 6.012207863976 6.05509999597401 6.1812987993108 6.28910617130791 6.33194178720626 6.3240584456083 6.28027951336916 6.23937561716301 6.34761854530175 6.42956918484337 6.50573366189754 6.53051882390601 6.52192652982309 6.48376021212947
6.57083140974232 6.55879104597698 6.55948157376558 6.56622993774577 6.57874481863829 6.56320820405527 6.53609641452764 6.51602269105541 6.49601327125568 6.49001337521851 6.46334606464567 6.48384841819807 6.49318367126386 6.49889528178089 6.46782692257708 6.42700065399075 6.43269733020243 6.39900841497851 6.3631246632905 6.32435015826339 6.32243370902024 6.32213785976286 6.2894024623866 6.24193729545949 6.14190378769526 6.19342805979089 6.23921855421894 6.2767359457044 6.30671885634553 6.30284074638901 6.28499135631037 6.27361667876071 6.23746839118943 6.21388906645181 6.20997438847461 6.21185880148369 6.25335684247674 6.27995460320697 6.21643590359941 6.17915622925606 6.14926315939487 6.066925513985 6.0145235363776 6.10152866815212 6.20215976734062 6.26735387276365 6.28685805255086 6.28688833093854 6.23290878747587 6.16141177112673 6.2487060073708 6.4206198844393 6.4703376413917 6.44961213380052 6.5208347415304 6.52348562263107
