data/pcas/pca_proj_current/PC01.asc
NCOLS 494 
NROWS 529 
XLLCORNER -117.166666666667 
YLLCORNER -55.5 
CELLSIZE 0.166666666666667 
NODATA_value -9999 
[rows 175 to 199 of 529, columns 336 to 391 of 494]
4.75276486180617 4.7803500130491 4.80463688858975 4.8332428075764 4.87303124941497 4.87450875629158 4.90939010503636 4.94252840873125 4.94829266006919 4.95884566689952 4.89735951029061 4.8688231189389 4.8540794239832 4.71596218517815 4.72016389277363 4.69507005786242 4.6669796341338 5.00501703614522 4.97285030085078 4.99451856086129 5.02566525290416 4.98822933698824 4.96948736969451 4.93777340482403 4.87847487990314 4.83176742988889 4.80782313184188 4.7959306568568 4.78889213473978 4.74962188805208 4.77514430801545 4.82557748978474 4.66706227182775 4.60925186588774 4.58401909987865 4.58270513564095 4.54027570141866 4.50593325742132 4.46891189412163 4.43836630377762 4.42176154552921 4.39132718334246 4.33400375517692 4.30552258187256 4.31571669609257 4.30387654137901 4.29327544954907 4.19514138438849 4.16268606524791 4.1245435502152 4.06671711989921 4.03005201345079 3.9176890126223 3.86975543172399 3.75900409767407 3.60864450023788
4.70495257738127 4.76001331129683 4.81382709476292 4.87169607400639 4.88562433160179 4.87999599975213 4.90086296231294 4.90274603788445 4.88262955291873 4.96833046837705 5.00686488036323 4.96621447678913 4.96244224340621 4.86628829694272 4.75886428947784 4.72430703069428 4.67634879191367 4.61846853083989 5.01674633662536 5.0030092802746 5.07662150960523 5.0125644390168 5.00403716117915 4.99339933568258 4.9341467582231 4.88702983321716 4.85359835786437 4.83246422926583 4.86030605674853 4.82326510446456 4.81716964244021 4.8148262104813 4.7238464422909 4.67958404197848 4.63111012518951 4.62092338283057 4.58734453786352 4.54227693105234 4.51402707806882 4.47404558674921 4.45838610580416 4.44024224827478 4.41225871599481 4.39532557313335 4.38524041691997 4.38449774030937 4.32347821191098 4.28856181951799 4.23686539160975 4.17544320689008 4.13038175045844 4.115513456173 4.0335346816698 4.03623886491594 3.96708348902307 3.82931775698283
4.68501852505998 4.75995112202427 4.84499264091383 4.88256743431692 4.87266162403332 4.90611480609464 4.88568565421342 4.92839203518413 4.9489176695633 5.03052573426195 4.99468333566788 5.00922062461072 4.83551091465179 4.80881380160899 4.82022067167671 4.77182786312337 4.6984724184396 4.67649700709219 4.70433401886152 5.08773303383538 5.0913011903458 5.0311051319933 5.06478362452781 5.04053060563863 5.00557407676451 4.95048532814849 4.92051291998741 4.89325669502789 4.8648591296564 4.83525928157971 4.87323946774732 4.88230711126517 4.80033914470116 4.7312164787139 4.68639625929363 4.68612846637583 4.659179745803 4.61187943948279 4.53636209139226 4.49941941417334 4.4786601229262 4.4840262691687 4.46941847672133 4.44090207151656 4.42399641248886 4.41583476629061 4.36824255756982 4.35815840628123 4.27291297769881 4.27937302533891 4.2346937926826 4.20515164606175 4.19558451933271 4.16254178861764 4.09579985783693 3.96206451795314
4.67216977975386 4.75220773464028 4.8337152077904 4.89343654623105 4.91737240207321 4.93886152701561 4.92682183026175 4.93983313230873 5.0033674777766 5.06491750028434 5.11166296095455 5.06124055718374 4.90890979544637 4.87598756755518 4.85668456876101 4.77767957350132 4.79826726168715 4.76621265809776 4.73463637028511 4.74162664434251 5.10270606074018 5.09469956706801 5.08646472354226 5.0600031778115 5.0420833414792 5.01574691840835 4.97297665251331 4.93604817907086 4.94111662478269 4.99839384915275 4.97711817759219 4.91531178775488 4.85877130296543 4.8161985501087 4.75520985291628 4.73948451233049 4.70111580176539 4.68201902674536 4.59706674815075 4.5488683659357 4.53689725304411 4.5164471221375 4.50963014104135 4.49937642885127 4.48766446885406 4.44160869904237 4.41026403644661 4.36864941523433 4.34901256443699 4.32764431539419 4.29449666244447 4.24940076954412 4.25322723026802 4.22380988415699 4.1819246388917 4.08056575443257
4.66816165336005 4.73731725914508 4.81939565510049 4.84376049289425 4.87028673667131 4.8772681998312 4.90750635343569 4.94368590797982 5.01099104112376 5.03600793992529 5.05822447395354 5.10279749923272 4.9590985375962 4.91518398455892 4.86251464423851 4.82850936912909 4.78904743042206 4.78192786957778 4.76570885725428 4.74804259137601 5.12629834942513 5.13163831513888 5.12340433451163 5.10146256834139 5.07031747162401 5.04145654718955 5.01212806891798 4.99188120778294 4.99490257971807 5.01852430272974 5.08338699145367 5.01023212799012 4.96142498258819 4.88662424218652 4.83719613642709 4.76834223769622 4.79545986719178 4.74707796785613 4.69354117581036 4.63328395934911 4.57075800943189 4.54092324124211 4.52749407107379 4.52885900791814 4.49758008663827 4.50299059763049 4.48028737872188 4.44548676303829 4.41641558807642 4.36041134072695 4.35543853829478 4.32842212635871 4.31403433337223 4.28018175410974 4.25378582821164 4.19215891806811
4.73399009049496 4.76065608547076 4.81624576985586 4.84934990141695 4.88265227214187 4.83535050300981 4.83315597945095 4.83633918426431 4.91452746316957 4.97593379184364 5.02794181917526 5.03832444970268 4.95420726720418 4.93880929977253 4.90216050462232 4.88083790619983 4.84139538060088 4.81329445338492 4.80038446171171 4.82647778142863 4.83167774015001 5.1617523496655 5.15519648797034 5.14063951724593 5.0964990728946 5.08183719878034 5.04480222936637 5.03047551810442 5.05314752765394 5.06238587794291 5.10961639302028 5.14050876084313 5.0774545443227 4.97972750384446 4.89794236381136 4.82754391240044 4.82090296428265 4.80142799364881 4.74788796562143 4.69144713410002 4.65104287578417 4.62124387731857 4.58507093448407 4.56541818430555 4.56564885186474 4.54368647182679 4.51802750353244 4.48827891226528 4.42484707534179 4.40895378907947 4.40586517119679 4.36830822385653 4.32799268738549 4.30397767908012 4.29000924945267 4.26810750338357
4.75087201181361 4.82667242153129 4.75048669551927 4.76289435001389 4.81577150210022 4.82018879696256 4.75443471304645 4.78872621890394 4.82706401944717 4.92547400035562 4.97166167721476 5.00094297833177 4.95255185968098 4.94816873381357 4.95689618863389 4.91824319481311 4.86701622584921 4.83942754288316 4.84415589669127 4.84909755758232 4.83852391351458 5.17136544036453 5.1716937433425 5.15627254514531 5.13160288307533 5.10715214589398 5.06179000439847 5.04402395298128 5.06895258764338 5.09421107411152 5.12114154906386 5.14674643945492 5.1327271445982 5.04386904775965 4.98545427020937 4.89452679340387 4.82585695180947 4.84107505977499 4.79873934371495 4.7531686771741 4.7038042345669 4.65974498334869 4.63556825792815 4.62741029851431 4.60053694070922 4.58519241961864 4.5690343229577 4.54095095906776 4.48846753687657 4.45962755467888 4.44533944657792 4.44187007555264 4.39249116031112 4.35026968156475 4.34122980852037 4.33977571722516
4.81986840300067 4.84563669402737 4.7618339639045 4.78176124354294 4.81009673822965 4.83011146513218 4.74458346741128 4.78822747146692 4.79905851988356 4.86302659791186 4.93147203569202 4.93166232247476 4.93664805267196 4.94115765533464 4.95163780320808 4.9229259972292 4.8852532157644 4.85730190444794 4.844637756636 4.84700499340795 4.86094384236078 5.201907899363 5.17241221360526 5.17610064545365 5.15247057701941 5.13106175627728 5.0978996385238 5.06980250700611 5.0568731163396 5.08325891718097 5.16343642732381 5.18429034785047 5.13168526411849 5.08478795782647 5.02682524655882 4.92711929092275 4.88589345547948 4.84526431261347 4.80001088242442 4.76202124698342 4.73505828254417 4.69958924562703 4.66025777268596 4.65834877768422 4.62207736222543 4.6048446521218 4.5721636623529 4.54874153972924 4.52005194573853 4.49266951222332 4.48699960312774 4.47810409250519 4.41737655769552 4.38428758680922 4.369496073654 4.35286942286137
4.78534705316355 4.77251990504671 4.76009387139356 4.75695777471318 4.67526063922517 4.71540906178769 4.69434476271226 4.75478752255886 4.77142246303619 4.81805604642059 4.86233123471059 4.90383834037739 4.93156759959642 4.91473743304476 4.92663639006889 4.93127848959489 4.90123428330247 4.87846822355222 4.88646358869154 4.86667283728387 4.87109140166638 5.18928727664697 5.17538016372375 5.17319261322286 5.14848505704595 5.13076790500662 5.10530489662557 5.08521268051809 5.06896980192645 5.05729066365308 5.10200329439846 5.18961543275448 5.13816527535126 5.07076095106918 5.02710049128999 4.94676224389641 4.88727360277191 4.86202736300971 4.81895408673871 4.78470217868113 4.74456321648866 4.71280526643852 4.68260054223137 4.66291813089599 4.64035418341102 4.62632961805913 4.58814910341976 4.5800991029312 4.55052110032311 4.5218098424451 4.50366299618459 4.48514627843368 4.46586681855691 4.42172708809193 4.39183882271377 4.38476912549281
4.75152909419377 4.75506236095275 4.7612143791858 4.69365828018704 4.6559964677972 4.64906962591888 4.65462882541002 4.73165508411629 4.7616770723497 4.80662102742211 4.83558576400147 4.87184313610441 4.89150357513179 4.90458931212094 4.88966673941701 4.90729096776651 4.89770589187033 4.87017976061182 4.86897331156714 4.86073146327683 5.18532817740821 5.16655216176341 5.15482457768324 5.15595912157621 5.13655156139846 5.11087302420343 5.09058729101046 5.07335430579706 5.078763551436 5.07091915448698 5.08929082486095 5.12208846690131 5.1264312412028 5.06888262873666 4.98573084047055 4.94512606703936 4.90483280262658 4.86299649597164 4.81600805969321 4.7825490500257 4.74816468242025 4.71548053980946 4.68469799114897 4.6629749742016 4.64351685521869 4.62131402045638 4.60290587109692 4.58562541094333 4.55807840358327 4.5425828347391 4.50657986717111 4.48627892321129 4.47359284087173 4.4403133876693 4.40393135512004 4.39542584930169
4.68911983712855 4.60040051100398 4.62690657483614 4.60782993642669 4.59109287484266 4.60363335270164 4.64789363788717 4.69306759651523 4.73242740567455 4.7778421012113 4.80130086293126 4.83909122365505 4.84529231329472 4.87069243386808 4.87250674786816 4.87238726573578 4.90038662419548 4.86902116921726 4.86246823503515 4.84807479252199 5.15291953047031 5.1319507358923 5.13997622144062 5.1354313925022 5.11117158330217 5.08588768569619 5.05672763630719 5.05311897303758 5.06021204520926 5.05077961371557 5.05623663145793 5.07157899699324 5.06316728352134 5.03916393894037 4.96333795600862 4.93659915298887 4.90435312549802 4.86194775871886 4.81801749503433 4.76998537064138 4.73596421519269 4.71146959097769 4.68449002856775 4.65911666174516 4.64405104784196 4.63074265281758 4.61877076928339 4.60619627784219 4.57122636976414 4.55114085414212 4.5226026312516 4.49732835519985 4.4779977162419 4.48068677174938 4.46258716674774 4.46463000984833
4.53244844482658 4.52454555724082 4.53075765570319 4.54318255938803 4.54868294491262 4.55188012577179 4.60066091303152 4.68701711288327 4.73024386207798 4.74944857158913 4.77880044877178 4.80619488368251 4.85066177615194 4.85646320070328 4.84644716105895 4.83650022525396 4.85138920171051 4.85751368166975 4.84244983288043 4.82081254024031 5.12690888378966 5.10555775987986 5.09131227288479 5.09232971675673 5.08127973210415 5.04902126467947 5.03370653679326 5.01315893258234 5.01744670280481 5.01085354357358 5.01403317194496 5.02500950116986 5.01731604299054 4.99271397431436 4.94699990852603 4.9158798505909 4.87390189529274 4.837320609162 4.80483108873546 4.76432004813489 4.73741926873367 4.71064116459849 4.69224614015046 4.66648053280538 4.65098420836506 4.62271026660151 4.61793905948513 4.61858601562865 4.58964474264067 4.56320836435559 4.54620697250888 4.5296292436281 4.52085815836875 4.50140165553912 4.49203761605512 4.50725734841545
4.44328141388523 4.46722463825003 4.45501512297129 4.46273233133272 4.48350005315253 4.52804578755311 4.60980595323307 4.65629325824894 4.70069116419177 4.81328120618801 4.75575655884289 4.79801474643473 4.77726666851183 4.79477386271514 4.82342397256472 4.82786418086978 4.86641940020744 4.85066682936415 4.83574211418692 5.12920596633159 5.08831446735971 5.05261107742761 5.04571985183548 5.04242901520501 5.02476967918707 5.00309104251015 4.98327620358441 4.97291268779218 4.97029283282002 4.97097464942734 4.96841214423135 4.97715979263601 4.96860593243652 4.926516457054 4.90124606291064 4.87578830967232 4.84501895655935 4.81094502545324 4.78176120962372 4.74623456509643 4.72796716191291 4.71268207211312 4.68640464333737 4.66172191880286 4.63908664228164 4.62558717122648 4.62114714980257 4.59847963764659 4.58618902791108 4.55284483796479 4.55053380146323 4.54007350613986 4.53211386310646 4.52472516678701 4.50364242681664 4.51296282256472
4.37043478550384 4.39849663028792 4.38485846643863 4.39656206508919 4.40764810915119 4.48202266321773 4.54156215714463 4.63644578340579 4.68899318682822 4.73732839781318 4.77835890710602 4.7794209687339 4.79412376125605 4.82683072637357 4.76433941386176 4.79082617614001 4.78953914691341 4.78395572594185 5.08612435807449 5.05995737509001 5.02995040008582 4.99280832554915 4.98431336845049 4.97954603933938 4.9583873136944 4.9452223290813 4.92592924005487 4.91413724819851 4.91838406432097 4.91888117354145 4.91313233798566 4.90832251362316 4.88587400225732 4.8668144157479 4.84548105017627 4.83126449659941 4.80529047001722 4.77386375919035 4.7511966955952 4.7311072394489 4.70681666838586 4.68780813781446 4.68297459715033 4.65687576184146 4.63580415987863 4.61696496881962 4.60853107742146 4.58859018259539 4.58425185537104 4.56155722927853 4.55785517479639 4.55817500342913 4.52619981800958 4.50676145794421 4.49835310768678 4.52915118774665
4.41047894012821 4.35990453858639 4.34666144796305 4.39297125040395 4.38232134131747 4.43057552483147 4.49353355774956 4.54527337621119 4.6314841061094 4.68139836965603 4.75341287927874 4.75578301982555 4.76657924751535 4.76570936171362 4.78282491038059 4.78995122556351 4.78584631548682 4.79773877335132 4.7514301894475 4.99744165060694 4.95130128531809 4.92678491098393 4.91301890822171 4.90368231844328 4.88625628066003 4.8762461304785 4.85398400800362 4.8562245324501 4.84952072812557 4.83459938268945 4.83319487351493 4.83168049103813 4.81275464753061 4.79678825127403 4.78793216075764 4.7766431896724 4.75578592697176 4.73041419667233 4.70874444191702 4.70053770978698 4.67372371705638 4.6595096819745 4.65492740118717 4.65732568976871 4.63410296395585 4.61169032673182 4.60174006049675 4.58570957035093 4.58341719206345 4.55727819948905 4.55384685952738 4.54756377016172 4.52104176464024 4.49952842480584 4.47371196905243 4.51103372425275
4.36563661377413 4.30490426659864 4.3939123578392 4.38006539150068 4.34903236082597 4.41687523469044 4.44449912348922 4.48607437182777 4.54850648364825 4.5932753946823 4.68104431880197 4.68701869742132 4.66399942102937 4.71613879622255 4.73022142231979 4.71425131181195 4.73661615867224 4.72375421676287 4.7175033826204 4.92123266772547 4.87461510727425 4.87034946779196 4.84903086561917 4.83096118104353 4.80503687625598 4.7976905516207 4.7882810695626 4.77581256644965 4.76312334786753 4.75050757885783 4.74519757652755 4.74164903151912 4.73167879344728 4.72647050111673 4.72089385839842 4.71026701990438 4.69716344431533 4.68305667202136 4.66006700972346 4.65331559046666 4.65129193623703 4.64702831760331 4.6312235579167 4.6269591944232 4.63008790933003 4.59806316338645 4.57560544829979 4.57045202514844 4.58023793207322 4.57650727630661 4.52616042311351 4.54462370074932 4.52286012364255 4.49893561398356 4.47980987998521 4.52583689181854
4.33681158323162 4.35843675605268 4.39512247957718 4.37428542465017 4.3768292743553 4.40567957760668 4.43627814285441 4.47823653550873 4.50085514712301 4.54126528021644 4.58990240718695 4.63134529441638 4.62786646023115 4.64440336751388 4.69596110703337 4.67584093802717 4.66933289823483 4.64646362637194 4.65617148716915 4.85760786842927 4.81922295590982 4.78062150935496 4.75136757100089 4.7501187093355 4.72440910268695 4.70616266083279 4.68622928857391 4.66651490693429 4.67281413147086 4.66381123309748 4.65441068556453 4.65394660122459 4.63115669116343 4.63855489055249 4.64594882757877 4.64093380389448 4.6291101894598 4.61156682034017 4.61183834770979 4.60465324843505 4.60470151186717 4.60987017940486 4.61824054428982 4.60412370485622 4.60461185336771 4.58624715297774 4.56852266517139 4.5669490866405 4.57988945862817 4.57874474869145 4.5588916553085 4.51763993381259 4.52357775775316 4.51814311448168 4.52099731274294 4.56249782831755
4.33758610596998 4.37755983336224 4.38605895138009 4.38358616775193 4.38585335418932 4.41490594775623 4.43660247133766 4.44886369832459 4.47080064089675 4.511822896055 4.55658132074151 4.58155202858959 4.60484224263895 4.62231940952148 4.61743739033483 4.61726597882286 4.61856957970757 4.60609377852328 4.58820925569579 4.58943044387218 4.73014373928587 4.69317085719329 4.66742050734111 4.63334961337072 4.60705254064479 4.59229471056774 4.57489186492582 4.55809985839055 4.5493327157286 4.5479913788208 4.54575610063132 4.53913014055133 4.52767129152465 4.54494620816013 4.56902957919877 4.57651559220609 4.57544971755528 4.54736693700907 4.55174591887122 4.56622985781211 4.57347733194675 4.58979651795612 4.5977503030789 4.59972921314389 4.57308328559261 4.57347232547954 4.56100801677208 4.569895418629 4.56476205972425 4.56941806474067 4.57052913466728 4.55051968173845 4.53158351525487 4.53471908438235 4.54715536880258 4.57889634113764
4.31741350923387 4.36712453785726 4.33772490601322 4.35986503236888 4.37148187430227 4.38949217070314 4.40775307067243 4.42141197480997 4.44662626138401 4.46551432465863 4.47480430446066 4.50447784104862 4.53195461474719 4.53204772194424 4.52990694453208 4.56026985195362 4.54771437508605 4.53329945777793 4.51612627066187 4.50312780552737 4.63761950495213 4.59592616293544 4.54227225730747 4.51587533736758 4.49151930705565 4.47284895245247 4.45880861185054 4.43619121279482 4.42688876160128 4.4287250616043 4.43550828106841 4.45827674731932 4.45791873869901 4.47705502121553 4.48140726216495 4.50442253835127 4.51376247669997 4.50831283789432 4.49796287168451 4.51196719704652 4.53030774629232 4.55620338127071 4.57995027931547 4.59293889128673 4.56888977809883 4.55203443389348 4.55251990071411 4.55576825575603 4.56163478977591 4.57947538408808 4.57894215633544 4.5772551598982 4.53874813727975 4.54472936858002 4.5584709893946 4.57664300576078
4.28023254547721 4.31856774212899 4.31918128504896 4.34373127045772 4.35101588563424 4.34102612609265 4.36744256960687 4.39058879446935 4.39017932650025 4.41189586584704 4.43193580825499 4.44395439570754 4.46005596401995 4.47257830465889 4.46329325050971 4.46912019299383 4.46244349500158 4.46468264433575 4.44131529432476 4.42484253780479 4.50760642619875 4.47183405404449 4.42657772136945 4.39571662729765 4.37664313627687 4.3609914078882 4.34316144903549 4.31608008052007 4.31401551813704 4.31297136742752 4.32451008765358 4.34833329017597 4.35830817633581 4.37831915775468 4.40827058290449 4.43312107265903 4.44344887410667 4.45784111549335 4.4517343668534 4.45560046807549 4.48466547411771 4.51171568400406 4.53557271833393 4.56230106647036 4.55365890546737 4.5319152174211 4.55810536760506 4.54198998573062 4.57224894268287 4.58117956504784 4.57248436285828 4.57384087642187 4.57060195332282 4.53758156122471 4.55947701937845 4.57567502450716
4.22524264106491 4.24337400302864 4.25022799012551 4.29397668054768 4.30628371034992 4.31912792540309 4.33325384555057 4.34620416633932 4.35015299724696 4.37218909979308 4.38504462417687 4.38799727250721 4.39709862207461 4.40038008444677 4.4061021024774 4.41495830802375 4.41797244884655 4.38006792942953 4.35318433330589 4.43086682792789 4.37515569340617 4.3369591623217 4.30994416295945 4.27593995774864 4.25837096642799 4.22718378271934 4.21410253745026 4.19144688767322 4.19472193061181 4.19106833897559 4.19894264294261 4.23173898480797 4.25962302317625 4.30952429248472 4.32948986592224 4.33974973573879 4.36094424459078 4.39386292418921 4.4104335884702 4.42831128005088 4.42816028978778 4.47987133965694 4.51343397308097 4.53753317094338 4.55784842727947 4.5229253995805 4.52798388116686 4.5599010497787 4.55613845753223 4.54636080166983 4.56426676301409 4.56693725730827 4.57020533975696 4.53971668459518 4.53650299204982 4.55001025114533
4.13819428352514 4.16897688075806 4.17432904953213 4.24823227214864 4.27948816395633 4.28329118378644 4.27800319686654 4.31152507026905 4.32820453163981 4.34847488052497 4.37263308024175 4.36761328499237 4.36211634125832 4.36659044143974 4.37325980448246 4.34630207595663 4.35848676504662 4.32857947020068 4.28209825401586 4.33649501118294 4.29860190537817 4.24423216820989 4.18830141418016 4.15214845978511 4.12950060751469 4.10350511897139 4.09081318655754 4.07037209915694 4.09395831222589 4.10703746456989 4.10397528589434 4.14557554772648 4.16990130989176 4.23070469712827 4.26053507754138 4.29751849268062 4.32576336251708 4.35130137674903 4.37292159359756 4.40029891187916 4.40102227476041 4.44475344247881 4.4911262693636 4.52061866469075 4.55157980321355 4.54231203157201 4.55055055957462 4.55894583557278 4.55790291525176 4.55216781918132 4.55225303929985 4.5598994627341 4.57020053633927 4.54352676065406 4.52126048846856 4.5272850288156
4.06171596972977 4.11560108622728 4.16832225987366 4.22371038774504 4.24627543377282 4.2442854674628 4.27504966763025 4.30182009024537 4.31414808213752 4.32311756449484 4.35088185329682 4.36656632711853 4.34433649982523 4.34512559678885 4.35158236214359 4.34145673324167 4.3310814616109 4.28602685486117 4.25879156182059 4.26364817802665 4.21232070537737 4.1865043329246 4.11405156251028 4.06051312679686 4.0373969228915 4.0292831967148 4.00386241443426 3.98818065811625 3.99424113305036 4.02933412078716 4.04648459314367 4.08893783019404 4.11280095751932 4.16686208508148 4.21109936736951 4.26162387122852 4.29257119053316 4.32189055886806 4.34508991108478 4.40299219593554 4.40957655633763 4.43321677446642 4.48581292241246 4.53707991369772 4.56761323780674 4.59106160635508 4.60515680168085 4.61707752058671 4.5961049311841 4.59175080702968 4.59000873101789 4.57907786039517 4.5496865230233 4.51065242002187 4.49745642371032 4.49861405345767
4.0026316791636 4.07287190553033 4.14153731037022 4.21380054100716 4.24144672372221 4.26074619011121 4.28017372937993 4.28522709999922 4.29758930960888 4.30551947221232 4.34175065678676 4.33722954937479 4.30421721174192 4.32182807865803 4.33491247661204 4.31457134806009 4.31509673660619 4.28153614632081 4.22466156685958 4.20265538171528 4.16442711708639 4.13514009577864 4.07457019618131 4.00800321978792 3.97271938822429 3.92850168438797 3.89213151452182 3.89144918077752 3.89728497043202 3.92548500149276 3.95633144015378 4.00789237018473 4.05329656914989 4.09908154513265 4.1728580724026 4.23125501038671 4.27182690151533 4.30260732908806 4.32995107464417 4.38451021111339 4.41668339910488 4.42943118418567 4.47073708935192 4.52615278056553 4.58817105763389 4.63852021207705 4.65770851449373 4.69120060589055 4.67693649997692 4.63494285678942 4.60663903733194 4.55693203683878 4.51487997542151 4.4899668236171 4.42669987471883 4.43682315319036
3.95611591191876 4.03133841800462 4.1255418435329 4.20382799356411 4.23483954412731 4.23142397708311 4.23824703430825 4.26091189402375 4.28277403743086 4.28360027163342 4.31653056399786 4.32953396777395 4.30784745971515 4.33486340129972 4.33503003129803 4.30228396132439 4.29899725254694 4.30085416458055 4.24010764335307 4.1827963700938 4.14485602570485 4.07407054407485 4.00189402367029 3.94323733941801 3.89891057801101 3.85181254745031 3.81715399383504 3.7995379848158 3.8163928320102 3.84812543155891 3.87762305149715 3.94306681994048 4.00152605348554 4.05362750702787 4.13496700217053 4.20865498352292 4.2548464351858 4.29497658686282 4.31050201338056 4.3787692711279 4.41351119573693 4.43623602107712 4.4579650879213 4.53385800142346 4.60613764963289 4.6919359742221 4.75236138062805 4.77709263494511 4.68127372861526 4.68390136060877 4.68279142218831 4.6242048501703 4.5479153132505 4.4905874963983 4.45038858658299 4.42692391560697
