data/pcas/pca_proj_current/PC01.asc
NCOLS 494 
NROWS 529 
XLLCORNER -117.166666666667 
YLLCORNER -55.5 
CELLSIZE 0.166666666666667 
NODATA_value -9999 
[rows 300 to 324 of 529, columns 280 to 335 of 494]
8.43020007040441 8.47147172561221 8.4996254011379 8.55560880217849 8.53497783024778 8.49514933971143 8.42075108888746 8.34321094658845 8.27792385530209 8.22375982843243 8.19750767211449 8.19625389516608 8.20661647183744 8.2218354152969 8.24824520598805 8.29162082511807 8.30194990332991 8.27881067679661 8.23241292029388 8.13615054123172 8.02056135829114 7.85388048554865 7.75999037316802 7.64869606135403 7.61199760978889 7.54716203825446 7.43333325955401 7.63346903274138 7.78294065560704 7.74090883669248 7.17008832174358 5.58761207736471 4.79892378786715 4.80205904636363 4.90602507038687 4.98843091550585 5.0535849466395 5.12041450006115 5.2082380964257 5.41317220905334 5.59974189022947 5.84484348224995 6.04176564169194 6.19387765524243 6.35731803344734 6.58089697441495 6.66625342323305 6.67875965037188 6.68870923013401 6.74030800511178 6.71546543255565 6.70296905097041 6.70959792400237 6.69828509029224 6.6684717726611 6.61172516332692
8.32761434504458 8.50568971118896 8.57042928022294 8.59891972013506 8.61802557813029 8.56620621187845 8.46857990624091 8.40408741935587 8.35113928308596 8.30120512697535 8.28170207140167 8.26326930150641 8.27728095068185 8.29296699850388 8.32049549548112 8.35755719563668 8.35617602077453 8.34345055880783 8.31190558194886 8.22166110503155 8.12492954369364 8.01738569158238 7.91143575597274 7.79292454508733 7.66175236984799 7.60045163855819 7.44842984935539 7.28327048886634 7.63682737816178 7.94859217814205 7.80974864155899 7.66660304028533 7.27826611458865 6.78331230532508 6.72593319585499 5.98975939592848 6.2053351902536 6.11450452989919 5.88319875345322 5.78587492127526 5.84857273206669 5.96584947742352 6.09435136791569 6.24848944725448 6.39188280703821 6.566956284958 6.67989212403372 6.70149663987234 6.72884427628939 6.74292569529478 6.73857166617595 6.77464586968759 6.74588645801796 6.73800161059864 6.71311346337445 6.64906331605665
8.23558433243394 8.373358288024 8.479908457917 8.63119927377899 8.65132529956451 8.62544595081104 8.55838020725784 8.4689528142945 8.45344183810185 8.38279998398969 8.35458973213937 8.34835634368461 8.3509711764201 8.36259865935611 8.3796195056595 8.40133291368494 8.41546807012316 8.41363689891277 8.37541384958525 8.30304148727765 8.20771371582548 8.12639528421618 8.02997990018027 7.89989475568651 7.79628128974513 7.65053275947943 7.64429682554834 7.63602715005704 7.90235243833739 7.92394570082602 7.68179114668061 7.64534254877466 7.70881822234683 7.57581958559388 7.22282352262539 6.89330932290352 7.02598784290047 6.97221281654086 6.71303174598389 6.50595215161048 6.38278402620899 6.24036118428247 6.19594929020815 6.23296103691877 6.34403536270419 6.53348603765063 6.66718019746832 6.73199802171433 6.76638012166685 6.77799579631987 6.81191332326815 6.80805930073889 6.81982310765681 6.76902873098364 6.75073094094917 6.69760921649632
8.34997168777619 8.2490877071685 8.39689254371316 8.63992288139429 8.69237089833583 8.61933355000882 8.61147535647373 8.52904033476375 8.52102420770827 8.50852540656369 8.433828810258 8.4140123962229 8.41598442651944 8.43376154403312 8.44498409043538 8.44074181076842 8.45128901618926 8.45146309523022 8.42615168024352 8.3437500814011 8.25645773868175 8.20070776946785 8.13926424076106 8.02938491132349 7.89202201335783 7.77464101351323 7.63535243293306 7.47513061481093 7.68611014651984 7.70581697928156 7.64836916147527 7.71499538296514 7.66134304315513 7.59941285451823 7.55867835023962 7.50214597752435 7.48592820312762 7.37950598756349 7.1769224852779 7.03367475757773 6.7511399192699 6.69918205641395 6.43801468784821 6.38347771952897 6.43996392231341 6.58357424390615 6.70904367569852 6.77533811111856 6.81980433998825 6.84781109852143 6.8616742698591 6.86122044768983 6.85041826166457 6.81554326627482 6.82952060615903 6.76385174917952
8.40341967408744 8.4127696070502 8.3632016152485 8.64311090578425 8.72154194186129 8.65149611292457 8.66898352407461 8.60534668616939 8.58892198483572 8.5078466644971 8.47009813827263 8.47777098594923 8.4946786756495 8.49184319163242 8.48831963817234 8.49864473245754 8.49020510760855 8.46551622190234 8.44233826935956 8.3823081753698 8.3028849837046 8.27527572766746 8.24578608778634 8.10823884069938 8.00961619430169 7.94953982822191 7.75960480128918 7.76944470733131 7.5625831280375 7.61345028242164 7.68975942733942 7.76374651436076 7.74962925273707 7.65702890536368 7.60528909797003 7.61359702501587 7.59640606832422 7.48286146062046 7.33965868877009 7.24047009274946 7.06882983790135 6.88978305729297 6.59355464241242 6.63806475562233 6.59137455243594 6.68324077807149 6.78483186661819 6.84818038227587 6.89276699004184 6.92112367618797 6.92324161087746 6.91149335893427 6.90670841452913 6.89012763759201 6.88959613985788 6.83465988331661
8.4591793295608 8.3786378872025 8.36039896774176 8.57550150206855 8.67821955610536 8.64753653617231 8.70403614909795 8.66937594024588 8.62668323486971 8.53159607458686 8.52199745418355 8.52575294137402 8.52731014313526 8.52635943457107 8.5360173441013 8.52957123963967 8.52344685631255 8.49788714428329 8.46191728695912 8.4192418461391 8.35877451238376 8.32519465886307 8.32376318082426 8.188869791196 8.02006108369179 8.07754482906101 7.78340455813438 7.70407669261565 7.61864022355362 7.6006054128258 7.67196228131727 7.73013155233916 7.77057384971652 7.72000660678169 7.74228488476286 7.70676542711393 7.61659986366413 7.56814150080514 7.36853580563177 7.20604185995079 7.11200786245303 6.99055404402237 6.81234458333295 6.77181768655384 6.79001355590053 6.85464545373595 6.90701268101685 6.94307668123832 6.97184446320805 6.97628932363516 6.99713402322583 6.98640116077616 6.98008084732292 6.94944529535465 6.91706022347804 6.91028217184822
8.42008825758305 8.38014999968783 8.35469966817216 8.48883593179161 8.70903961601946 8.71020032485403 8.71961302413347 8.64495803294004 8.70291199640466 8.55601397994712 8.54635507406931 8.58987280466559 8.59358559521722 8.6001762514105 8.58390203620212 8.57892643245634 8.56041754848111 8.54148911046997 8.51442144714678 8.46592355385088 8.39268701825163 8.3916164597742 8.41280764713488 8.25909844305903 8.13709717428062 8.05316493736604 7.9330266613562 7.67645793014276 7.62358861514385 7.58036325219028 7.62656565360094 7.70095590699466 7.73212265117422 7.69545187561512 7.71171892182723 7.71801765589361 7.61103035956686 7.53765916375737 7.40188556906656 7.33911832527472 7.14812263358708 7.07871333367615 6.91916166868423 6.91832639215131 6.95420460382236 7.01316448039455 7.04609214402385 7.05153648369934 7.05991869102147 7.05377968134712 7.06343075144069 7.06051264816278 7.04397683619593 7.02150042551173 6.9964609178339 6.95201815079931
8.43011589943755 8.18853354826545 8.27149419557647 8.4769816464437 8.73207214461824 8.77210419424802 8.74222881038656 8.70868382754814 8.6659703753899 8.62968513095777 8.62655495387695 8.60914836979878 8.62228861080346 8.61967912021264 8.61390222654345 8.59078962146921 8.60838726756749 8.55452733545103 8.51713615931275 8.44385565461524 8.40144884615738 8.40807630599783 8.44622149453551 8.37325448320177 8.21049972819593 8.04242714569074 8.05968409808803 7.9135029426442 7.61788968030675 7.58761017023856 7.58920926962773 7.6333692869157 7.63231418643497 7.66370621577174 7.64008823819856 7.61028927267836 7.5343434669447 7.41518630735421 7.47083778283829 7.39284883609837 7.15610961818522 7.08876039911101 6.98727130495334 7.0230297625587 7.11437264172086 7.16516373621189 7.15046462392239 7.14547751178445 7.13816543950288 7.13406858266891 7.13850318853888 7.12827842847789 7.11007574809632 7.08703957222518 7.06183404720368 7.03416371314818
8.4209834251222 8.17500145663998 8.27473838443622 8.44815975272496 8.66309203860251 8.80836594616251 8.79153679703174 8.76788626283936 8.74516838375536 8.72915575261042 8.68939482206893 8.66772586984793 8.67705823248996 8.65874846010108 8.64840443878094 8.63928311491265 8.61957926710927 8.59334306607507 8.55686755813644 8.50927853324033 8.43469456841126 8.38171502016518 8.36115403300419 8.47076379741048 8.33838859014984 8.15751229416377 8.09017996406909 8.1128231620066 7.90880344022679 7.73594665378162 7.54064363942781 7.50993486491631 7.62194666572764 7.62473305507077 7.68926721404338 7.60166155724533 7.52943886478872 7.42176449212082 7.45620443625538 7.28487972757193 7.15078914484906 7.04554708606462 7.08134229152484 7.10456133910202 7.17803536990516 7.23184034894941 7.22568418203032 7.22303894956209 7.21355102343956 7.20421591593922 7.20499904913603 7.18891523202651 7.17922384902767 7.15804592868792 7.13632572767325 7.11835473429265
8.41299430018895 8.14912449973592 8.27342492060841 8.43661444949505 8.60705516924562 8.76232063169347 8.8378274361112 8.81294934475263 8.81965708349125 8.81089978309623 8.7670840342092 8.73462219574713 8.72441780067125 8.70879222189539 8.69437546628738 8.67839509868778 8.66997497191175 8.64095287272848 8.61233236307601 8.56435252759653 8.48876201399626 8.41727963735742 8.46383972923566 8.56758511749447 8.59362556512982 8.44520663370402 8.18236600678211 8.34313839116431 8.05985390027977 7.82237731613156 7.61289803498486 7.50104533302089 7.60176269490489 7.61890330043553 7.67441404606172 7.67208773389398 7.6032767057658 7.39611668514887 7.36659809358562 7.27184040167233 7.12661761795054 7.09618048570467 7.10239015281181 7.14503991657578 7.21948661846612 7.26120247771504 7.27606825930613 7.28391112493525 7.28964755119205 7.27589530726074 7.27047071021899 7.26161591127258 7.25868630173401 7.25028138340234 7.23531245937472 7.21403858385667
-9999 8.14828486624084 8.24116114455101 8.34912281996183 8.56169330044959 8.80359735722134 8.90014692157378 8.87757915741317 8.89022204575623 8.84887197536031 8.8329159931531 8.79817351761671 8.77810008996322 8.75487915315559 8.69769582889819 8.6773328757098 8.72124112087072 8.69202422872262 8.6718818728689 8.63529498191819 8.55093856651254 8.49466056998885 8.51524062085535 8.64748953470841 8.65079521055392 8.55245644970293 8.38984594733051 8.178058997817 8.1326025282084 7.76836253264152 7.60073900765693 7.51658643460975 7.57948603705932 7.63373949045424 7.65450911884464 7.63917075287524 7.59541130941556 7.48033064299819 7.33064288660388 7.23748409293154 7.16276686244826 7.16187026839508 7.18257355268219 7.18594633115999 7.22675394974792 7.26328225894354 7.30856733209694 7.33171226797252 7.33135393038449 7.3425220983488 7.3444245304784 7.33887851810655 7.34159538551668 7.326333463398 7.31373997320055 7.28293676765381
-9999 8.16737278902191 8.23838269115173 8.3240703915754 8.45986223086897 8.75485802482379 8.89322977348295 8.93784826991775 8.92110346946508 8.89752782254761 8.88629803420109 8.86680682658297 8.8094599437631 8.77547094896177 8.77205887647021 8.77357142173271 8.77032377298839 8.73992500380696 8.72656178155187 8.69032763674749 8.66610682087127 8.62094281212658 8.5976256498308 8.76590643706311 8.71906845861339 8.58759404157382 8.46638740817617 8.39484376053473 8.00409749833524 7.94362872279205 7.66726825142716 7.57119950343162 7.61343083268055 7.66965028057297 7.6680141516044 7.61634712772735 7.54335796162559 7.46712642949277 7.31995498635933 7.26281711271557 7.22926544409136 7.23934878416539 7.25655454807052 7.24832808796434 7.2903030465316 7.31820116208858 7.34006345483377 7.36305108554745 7.38592754884484 7.39723975169806 7.404088254033 7.39827342149973 7.39638787721925 7.3844895586323 7.37380603578182 7.34799291631379
-9999 8.18831647937588 8.23552555028112 8.32539637047723 8.4911835165373 8.6434658906635 8.83864096937346 8.94322516303022 8.96894278186359 8.96378636888017 8.94804551943748 8.91747084748035 8.84935766414926 8.76341178898063 8.74195697085197 8.74949355940529 8.74858175558371 8.77561719007896 8.77885414283684 8.75611939506736 8.73902470068252 8.70582888295187 8.73046932592415 8.84372282755904 8.85165271062609 8.75728371595813 8.50501714238417 8.29708841146649 8.12096061724203 8.21065166976741 7.86323347019769 7.64651693773313 7.66103204475948 7.65691318156954 7.69189009221639 7.54818439400678 7.47392360689906 7.44311098563219 7.35741113038207 7.29488172320521 7.25935142356227 7.2729150446782 7.32300758864627 7.33146028324774 7.34480457112442 7.38093593200708 7.39956671488238 7.41762059371923 7.44424093406216 7.44417591195096 7.4504358414624 7.45321885617402 7.4412140078526 7.43823915234596 7.42918251554002 7.41365415613151
-9999 8.20717368711964 8.24157069889841 8.32614435010301 8.44848117756769 8.59411804372382 8.75426447491892 8.90536164329611 9.0242664059416 9.0195215505766 9.004965636826 8.9855965546298 8.954071842073 8.86325685038339 8.83069043873009 8.87072673567701 8.88557394551039 8.84405286598617 8.82922128014118 8.819385589847 8.81446003617814 8.80594442230225 8.80605117457503 8.83522909528535 8.86180682427034 8.84118282090147 8.71454679281129 8.43359802638446 8.3691198154227 8.16379481105868 7.90981941270867 7.76004143167051 7.89724420463025 7.74310388474297 7.71080259142716 7.61115118512065 7.44100868017043 7.39399959371903 7.3427293109776 7.302621818061 7.29633242418811 7.31200138710179 7.36742478892154 7.40005468373467 7.4243734876081 7.44376568892692 7.4615152750935 7.4714889554217 7.48637721816755 7.49928268653784 7.50629723532417 7.50551707300765 7.50192569434161 7.49728501305735 7.47781551479319 7.46202423291587
-9999 8.22704029112502 8.2763122971094 8.35657334762871 8.39793763765528 8.53075289222813 8.73173862790448 8.90943678780158 9.03781545882044 9.05117126247437 9.06661090210589 9.03972615062844 9.01093439904866 8.98864940215297 8.89416965487488 8.89838402333321 8.92515197086322 8.83381616382692 8.72636757261535 8.78300584192583 8.89156035385133 8.88487970666737 8.87314315355126 8.86401880989073 8.87094445009604 8.77198086728415 8.66798078830168 8.53026870706047 8.51263083007508 8.3215751572706 7.93692555703651 7.87126894081156 7.99759149931128 7.75047023041796 7.65370469301654 7.59802744850856 7.39871990489673 7.3855677389803 7.34129258456624 7.3085942007123 7.30842229641146 7.35222278940781 7.40833522849 7.45766092776058 7.47571977629302 7.48403491533011 7.51360270231783 7.52698203503111 7.54222707997427 7.55243246952795 7.5583499187932 7.56109248356944 7.55168367934111 7.55328706630843 7.53732785338809 7.51145278682827
-9999 -9999 8.13716471775334 8.31772990329334 8.39732198991242 8.46013890918669 8.69039465711396 8.90259807209034 9.04621579968776 9.10799610848497 9.10179257534568 9.07670526752866 9.04986822999499 9.01182365536308 8.79398544504144 8.74595902686325 8.77647850724004 8.7820334691195 8.73385416509455 8.75419834930706 8.9329738014693 8.91950503793353 8.89613564149052 8.90764930771395 8.80807014158432 8.63496406110534 8.55770614904351 8.54131376245402 8.31789062972997 8.13949332560696 8.05420538737651 7.97132179763167 7.85514276043059 7.8444433719542 7.69768337370812 7.58857622722356 7.42746640661994 7.36686504184516 7.3337428429187 7.31502360630884 7.3406852352387 7.39316775842958 7.45236630983786 7.50394770416332 7.52689394848041 7.54985814091229 7.55476319011738 7.58769269406441 7.595748067616 7.61201617566963 7.60752598242276 7.60684026247495 7.6033104632588 7.59481561563408 7.58234508952436 7.57124582051465
-9999 -9999 8.12732979743393 8.25446526979364 8.32405139873251 8.40823749289466 8.60826830097961 8.87372100415591 9.09842149705486 9.14840682250372 9.14033409163331 9.12577566829998 9.09318338149843 9.04416897648086 8.85283469464983 8.77857543965505 8.77271606802516 8.75196448406798 8.75486540849084 8.75870899414686 8.91048038910317 8.95005944005633 8.93640461678154 8.86556005033583 8.76456158424119 8.64436850100983 8.48500021375743 8.47510179402134 8.31917443078546 8.16147072225565 8.0831838088943 8.08530486684693 7.90237441658295 8.02273726016373 7.98158314567612 7.51899663477268 7.51543944220905 7.36798498524727 7.33809376894095 7.33095487630917 7.3740141416577 7.42531471291786 7.48104121171676 7.53360668334725 7.55641910318518 7.57555928364754 7.60467017753666 7.61931258120301 7.64498983505404 7.65904410951756 7.66135161015061 7.63923146585664 7.63183213988757 7.61884923303514 7.60866114760604 7.59726285040741
-9999 -9999 8.13362655287229 8.219415963362 8.25354221225091 8.39780461470212 8.51878774263201 8.79643010631619 9.09688442277235 9.16716303874812 9.16094261239194 9.14445458814142 9.07934188034762 9.04770541198959 8.87942877688311 8.89726168461409 8.7972621579124 8.78192934212958 8.77270488771164 8.83978616890412 8.78064263426455 8.96305803005155 8.93800949560772 8.86120202006228 8.76536042166429 8.66522378313519 8.5682875120454 8.47299987046408 8.22208163054885 8.14089174409284 8.0413317321287 8.1182716165944 8.00004030220924 7.95801436011234 7.73062399740928 7.48926134613567 7.50262152540215 7.37215807056058 7.35664329638864 7.35728285709558 7.40046726065052 7.4358735776098 7.49721131661523 7.55251943205026 7.57989508325482 7.61190196602348 7.64879838825927 7.66767173217423 7.68858476172302 7.7084866270663 7.70747169110324 7.67784988953319 7.64848023485242 7.63378213095894 7.62111370804142 7.60647758038839
-9999 8.35897959075525 8.13583915007472 8.21465029788456 8.32603737709443 8.4066820836335 8.44226079702955 8.71615806252106 9.08801008489996 9.18616350711521 9.1717611795796 9.13516913531541 9.1342066663815 9.07048093637246 8.93318802360342 9.06278892467323 8.8912990272566 8.78799798630898 8.7943291008526 8.78610148532498 8.77646857269661 8.87124053806933 8.9217940507938 8.86290255449889 8.80919218407967 8.69567823935416 8.58145990497185 8.49998233043392 8.22769329010718 8.10061074047104 8.06151807643999 8.2527512283971 8.01874632887001 7.94419140663533 7.57733257310988 7.4823770922281 7.44098313017888 7.37811990976818 7.36238500872981 7.37751158823697 7.41040702911618 7.44489046625258 7.50739808712119 7.5592450407105 7.60353724970224 7.63517571598563 7.67759932218583 7.7127045054601 7.731993673077 7.76098433133862 7.74498426015909 7.69899042929667 7.65792986103757 7.64224505266937 7.63045398735826 7.60507184613811
-9999 8.23773205092459 8.14015079978056 8.23064829239107 8.26576758549773 8.4013552793035 8.45745043087454 8.6446624154927 9.00873434243403 9.19191562233113 9.21030298867402 9.18400421046888 9.1681670261152 9.15532425781462 9.09890475456628 9.02545813364792 9.10755590312498 8.90392577644399 8.81367588626844 8.79947657065619 8.85705036332505 8.9703338494396 8.93891241457693 8.88007908834094 8.80825883269876 8.72986113397036 8.58493394090339 8.46760047038653 8.30760365302813 8.12791529613152 8.11261495802826 8.09958545598027 8.01916941579805 8.01174853948299 7.61122122623182 7.56480968473612 7.44315640179121 7.36030220464742 7.37796708667351 7.38396897719996 7.41377261068343 7.44754252401501 7.51129793504827 7.57617032239111 7.6208990160655 7.65393081700547 7.6969109100009 7.73737640474466 7.76316734619498 7.77747786399651 7.75097426892799 7.68059965640896 7.64545543535222 7.63017940442583 7.61358045915137 7.60321080654646
-9999 8.227621770304 8.14200584673775 8.12133652079613 8.23443089171964 8.35006240587854 8.41705286066632 8.59842220450699 8.94394533088516 9.20391910007853 9.21838418748841 9.20798150609275 9.20030080307518 9.17682537033319 9.15841215426272 9.10975119992729 9.12858864143723 8.98497487207352 8.94339246006203 8.99876695577456 9.01386061803348 8.96389680688454 8.93528547669247 8.88636777023902 8.82971854724775 8.77004095215435 8.60352280522493 8.47985349065865 8.31216270733743 8.16693008275537 8.10022981475916 8.00207203700653 8.0640141452837 7.93886053772745 7.76720443660814 7.65238752632523 7.38765740745905 7.33658886540023 7.35403729352026 7.36183644235357 7.40182658004484 7.45661369025448 7.50867847148254 7.56018028681713 7.62102279357673 7.66624476189307 7.71454129151382 7.76244792317696 7.78827337874988 7.79709124240786 7.74543941597145 7.66710887508232 7.651925283786 7.62824117358606 7.62970525545991 7.60240173827619
-9999 8.38381047053371 8.16012002775953 8.12565484264974 8.237417955157 8.33901648664626 8.40818636171874 8.57205362461478 8.87089848087761 9.18754340409964 9.25505099381484 9.22931464797665 9.20523974201802 9.1879879498596 9.17924269259328 9.14000573389077 9.10650371934689 9.04692112478943 9.08600937456668 9.04590745830445 9.04082034607767 8.96699986452034 8.94843776417809 8.88816454702349 8.84148620977569 8.74688923525524 8.67814713178862 8.53853482533914 8.33521208661588 8.22999578053603 8.29928891464142 8.018077357382 7.96350058230572 7.99327414201975 7.57263337756192 7.5604516172858 7.4400665665226 7.32143320996067 7.32222285731337 7.34255832631448 7.38227683847301 7.44411148144369 7.49261436250426 7.53313564998178 7.60377403133794 7.65710595211628 7.72259260023788 7.77593913212845 7.80853426376816 7.818834051833 7.78584461074409 7.72103296127659 7.67530589880352 7.6516800586859 7.61814540905994 7.595592653565
-9999 8.24468385146144 8.17637865571915 8.1334979119167 8.23992910976148 8.3289966408035 8.40902668789749 8.55958560226505 8.79235925220958 9.14121891253231 9.26841954638273 9.23845005525657 9.22513036725746 9.18661790476385 9.17843410325501 9.16737350812686 9.14256534072608 9.1230598876347 9.0930774175904 9.07086427854724 9.0272626831002 8.99956262871942 8.94213912752562 8.89368602427039 8.85714722865621 8.78583530337089 8.69066986001219 8.61475517558647 8.43331733010057 8.32301589337647 8.30916612237226 8.01167491113814 8.00045026332702 7.93607757279052 7.74397955720519 7.50690047494559 7.44310296077529 7.33721229945838 7.30087796401969 7.28483048133379 7.33196577998609 7.40954970998858 7.44165393704675 7.4860831018561 7.57831489538516 7.64395698210277 7.70971058870217 7.77016869687776 7.81357885492198 7.83351638052676 7.81212071697911 7.75197913046691 7.70371092706133 7.66518790363246 7.6187201609022 7.59573254109097
-9999 -9999 8.18474634058785 8.13271068818997 8.23568564279873 8.3349477897764 8.40841988121106 8.50178091459996 8.76425830151712 9.14470974381524 9.26191926237632 9.23533413121947 9.23690813453595 9.19418555637241 9.18982166124601 9.17583420917609 9.1600948729909 9.14160609926864 9.10127069504267 9.06350958934115 9.03389283970947 8.99402209954039 8.9446719152325 8.90446430530539 8.8799806485781 8.80897030869657 8.67464777501924 8.58022490022037 8.45791916044696 8.38911574005778 8.32426242204437 8.00739894419292 8.05331822412963 8.00242266105376 7.84602072692399 7.70618523131381 7.56608863397962 7.36845430903829 7.26556998337652 7.27695237216098 7.28292059568771 7.35354726954169 7.35695667980958 7.43762253770605 7.53907757719566 7.62266922430114 7.68397091260146 7.7475691195178 7.79659182190069 7.81676456917171 7.79921650993866 7.75322421917178 7.70658590926377 7.65966257105397 7.62269238722896 7.58436315131354
-9999 -9999 8.18547703318606 8.13334944968485 8.24747276975101 8.2461202407638 8.34802627538085 8.49732003910608 8.76638351501725 9.15433689689146 9.23944246149745 9.22009915354318 9.21630388508965 9.21342773633798 9.22023298419227 9.19094316633427 9.16860664133804 9.13102752831715 9.09049054185612 9.05766983704528 9.03573951459831 8.98085566080297 8.95227438499502 8.9104487229269 8.87726686241053 8.80281240492087 8.68595061119296 8.60572782201971 8.40817651551969 8.38185956652064 8.40048153537656 8.09301051520614 8.16330812824326 8.04766583022723 7.67777239103043 7.70614493968791 7.70099972403448 7.37934786143699 7.26124960271651 7.28420384490395 7.27378969124627 7.32234957127155 7.32270903506204 7.40467088340337 7.50257186949917 7.58983158117532 7.65865852741024 7.72004631703872 7.75903516754224 7.78263891447251 7.77028791698026 7.73930370106471 7.7023652709527 7.65873963271095 7.61443088782305 7.55864792879038
