data/pcas/pca_proj_current/PC01.asc
NCOLS 494 
NROWS 529 
XLLCORNER -117.166666666667 
YLLCORNER -55.5 
CELLSIZE 0.166666666666667 
NODATA_value -9999 
[rows 0 to 24 of 529, columns 168 to 223 of 494]
6.71778916317692 6.73115532182683 6.73705877972959 6.74174730938811 6.72810735463545 6.74041122123561 6.74085001417871 6.75543009495503 6.76222872235534 6.75792322480141 6.77654786280944 6.78395862874553 6.77809477022476 6.77841456921075 6.7713896170851 6.75864243587063 6.75443132847011 6.76364057071579 6.7364534508599 6.71998340771275 6.72423623415914 6.73466458011162 6.73802686536464 6.81110140587271 6.92597576569925 6.96787635500283 6.98056729651696 6.98233903143015 6.99814053404728 7.05863653158556 7.10646732961495 7.10349833127785 7.10641043337318 7.10676067390733 7.09949724642495 7.10000556192683 7.10449256967374 7.11505469074893 7.13538741902643 7.04769403463604 7.0281591628037 6.98571717117384 6.9331590195167 6.94989535216034 6.94195901216633 6.93267593212365 6.91110863313042 6.8734428166767 6.8355289636534 6.8080801145497 6.79204046852995 6.78712688276712 6.79298096081467 6.79156983802354 6.79988246217988 6.80363564728123
6.70495285739958 6.69693270253357 6.67847183408427 6.68429815253383 6.68029050787575 6.6819895923909 6.70768089595759 6.72690754631391 6.7491287202517 6.77469348556131 6.79001281379372 6.79213854688564 6.79969446388569 6.79613961152184 6.78785828022361 6.78827105356612 6.78862294953619 6.78920715728369 6.76321836990587 6.75390956258875 6.74397860660728 6.76093910401925 6.78676837125883 6.85129489811181 6.95129588195103 6.99772314002059 7.01005882797624 7.00088999986411 7.03355011218452 7.08886565559939 7.12958383991826 7.1349888094162 7.11783533224483 7.10506024800649 7.08499397218841 7.08131064051863 7.08940175702468 7.11477490551658 7.14277845066019 7.04229446164318 7.00873451748591 6.95372502558494 6.89600129236784 6.92249176335354 6.92662876018484 6.91865361643356 6.88767338431979 6.84790241277773 6.81880802730825 6.79549243540141 6.78395476220681 6.78519145507232 6.78488020945974 6.78971437925539 -9999 -9999
6.68042681536744 6.68849185132696 6.67485755959417 6.63311445964728 6.61646942928562 6.63889681760735 6.6652981450683 6.69356857879249 6.72134818948635 6.7570845588754 6.77561158197825 6.78161609308419 6.78603244349722 6.77200017309126 6.77954996709605 6.77279713902284 6.77809727719728 6.77957206936813 6.7648974835987 6.7524799963324 6.74862542981056 6.76707584983858 6.81262532656618 6.90093330038916 6.9627120666888 7.00127793583852 7.01013447822927 7.02313003281286 7.04853495178412 7.09667934167141 7.12724921438725 7.1401308070078 7.12240344973834 7.09026211018862 7.05981368269903 7.05376555151467 7.07351874695298 7.11681710444363 7.07358377406341 7.05758432471441 6.98361249825513 6.92614839648654 6.88125733826685 6.90728261089157 6.90860747363967 6.89983891357933 6.87115258947825 6.83341972194824 6.80387443340875 6.79125171236671 6.77962208616281 6.78528449308194 6.78611678565413 -9999 -9999 -9999
6.66884783044607 6.70089368064587 6.69872491914143 6.61586338224016 6.56619236850084 6.59573542409802 6.63059412522367 6.6599468454831 6.68538429748999 6.72513157873824 6.74609981286555 6.75922094892649 6.75772096721203 6.75515761884642 6.77228590081694 6.74078455327054 6.7400110870387 6.74408574350093 6.74393807835022 6.73667428808534 6.73214250317815 6.77281309674846 6.85525342012498 6.90151342376171 6.9431636876735 6.98290340184843 7.00969712594098 7.02407646640313 7.04795434718 7.07102558825336 7.09969597245707 7.12820125881376 7.12479992407699 7.10035407824707 7.07824227274565 7.0599653121552 6.98097802058415 7.01517149299042 7.05247216292236 7.0271603152687 6.95679584873529 6.90530244594762 6.86796841487516 6.88531302175423 6.89143320938328 6.87695006196813 6.84860851432576 6.81318867521692 6.7830550482574 6.78446578798908 6.78448727430297 -9999 -9999 -9999 -9999 -9999
6.66810224228805 6.67676873931294 6.67663598414889 6.6150603426456 6.57351645557925 6.58092773184359 6.58828151500437 6.61159528418653 6.63285491214788 6.683255542864 6.71756695283492 6.7232122179303 6.74831041654454 6.73869277004929 6.72262020286096 6.71599732933483 6.69344981709788 6.71470705066392 6.73368146220903 6.7486744892788 6.75127699924996 6.82122710712315 6.86377753598006 6.89113019620612 6.91053111260527 6.94061056148546 6.9749966541201 6.98542830778655 7.00349098686154 7.0308631000212 7.05401950965525 7.08638730900098 7.09796635224515 7.08841554638459 7.0840511909434 6.99233334450189 6.97070774619092 6.96665496204486 6.96677402006039 6.94403452416339 6.9126188719713 6.87669570880569 6.83970878025682 6.84700466394595 6.85894626892043 6.85058979693577 6.82526975778462 6.80275671223752 6.7827057111661 6.76787326419557 -9999 -9999 -9999 -9999 -9999 -9999
6.6458106769609 6.65039915887065 6.65178899647597 6.60939439094732 6.56485782268887 6.5576879872032 6.5543920460156 6.55645385963034 6.56473559878192 6.61574481225679 6.6647370447494 6.70754254361582 6.69132405276724 6.67638354370899 6.66532299441053 6.67586564352505 6.68499279691403 6.70954829810229 6.73584814888593 6.7560204066804 6.77354691252023 6.83065439927909 6.85957644299759 6.86532146161736 6.87398535598312 6.89488526625698 6.91285167423246 6.9282666544591 6.94303191360668 6.95808616991761 6.98117826689496 7.01962098628238 7.05321271052352 7.06949299586897 7.0776528406128 6.98277469420838 6.95022092353865 6.89828468368746 6.88290899372923 6.87346823744168 6.85177087905917 6.82156508883586 6.78860684908956 6.80053803581316 6.80876499066864 6.80537659164352 6.793361443395 6.77271365613473 6.76282886105216 -9999 -9999 -9999 -9999 -9999 -9999 -9999
6.60941418294249 6.61144742876236 6.60750170984555 6.58479505783548 6.54440457774363 6.53172222204655 6.54041289726531 6.50526717266996 6.53641497838159 6.60217885083869 6.6331061745418 6.63073140197292 6.61264686898183 6.60371180720552 6.60453152270488 6.617203720334 6.64766359002691 6.68661060342455 6.75841740945058 6.80021405455217 6.80815873564969 6.83887906834805 6.8550854934698 6.83060307850816 6.81996658538545 6.82467071495857 6.8601961700126 6.88101148303521 6.88966257947585 6.885523288293 6.90475775973492 6.95719720938111 6.99674947415202 7.03156854215441 7.04853339426889 6.94172499272211 6.89354657988495 6.82724894850496 6.80899084411972 6.81811877245819 6.79589367988242 6.75237184158142 6.72040379167279 6.7342945810445 6.74427128523128 6.76139621170734 6.75954997981808 6.74224144426018 6.74553077357723 -9999 -9999 -9999 -9999 -9999 -9999 -9999
6.54708427862498 6.5635392750984 6.54130909797967 6.54727161671809 6.51954296155378 6.51199072640064 6.5079078734108 6.49808519055042 6.50900045668487 6.54624392511609 6.55092011166115 6.54522665878996 6.52788414769125 6.52513373609545 6.54201026719324 6.56125104610206 6.60181028377703 6.67057290907199 6.7747521274744 6.81406364379982 6.83889982994134 6.87326669203441 6.84877300149383 6.7823760496887 6.76154176608538 6.74307325845343 6.80409922134937 6.84198494306199 6.85413798923205 6.85558051586889 6.86808089023312 6.91160689264777 6.9543082677265 6.98546313304608 6.99964680377347 6.92610474845604 6.84601100369339 6.78356547957033 6.75272754141768 6.75383248486817 6.72863947086564 6.68868437664367 6.69104293108206 6.67472221156096 6.70461750552495 6.73566073545144 6.73609218095365 6.72734697463206 -9999 -9999 -9999 -9999 -9999 -9999 -9999 -9999
6.51183751849054 6.5324928954892 6.51337693792931 6.49378904020972 6.48183891921815 6.47361749973681 6.46750470900147 6.4666261752076 6.47138420387121 6.47446708120515 6.47379677468008 6.46360139476514 6.44929519812539 6.45664846677069 6.49317841320732 6.52225941682528 6.56191502529812 6.63083219880907 6.71668014502115 6.79905421491756 6.90848214339272 6.78536359727705 6.73762347766863 6.76243438735687 6.74070028469949 6.73676430766207 6.78386468626925 6.80316002581159 6.82641545255104 6.83990643698942 6.76638490145714 6.79180934022417 6.82639114100225 6.85745205180462 6.90355493249192 6.9090890644532 6.86437639675931 6.79525277946706 6.72096645525616 6.6910361735419 6.6843852403215 6.66484842137183 6.64662094861195 6.63337645017174 6.68176263080582 6.74072869251216 6.7579379928207 6.75155113360844 -9999 -9999 -9999 -9999 -9999 -9999 -9999 -9999
6.45991020431427 6.46866452367447 6.46301728145775 6.4437499333359 6.43187124949188 6.42083701499232 6.42514139482368 6.32643667360478 6.3059757009324 6.29578278520019 6.30029700071607 6.32119767274555 6.32323261504142 6.34404246111274 6.38390543475358 6.3949899917441 6.43423344808966 6.51414677135577 6.57098289415473 6.64296723977975 6.67527068510579 6.6749371071603 6.65431022692886 6.64723849804918 6.72970511219725 6.74143679644211 6.76030069072738 6.7697504750522 6.7778101427841 6.69523729129616 6.71277045461844 6.74469619309204 6.76591399268254 6.81753056982958 6.86333229650242 6.89872805576438 6.86522547947365 6.77517833182843 6.69617542120947 6.66757525129912 6.651888824585 6.63697093790447 6.6242335743338 6.63847413801033 6.6948808202808 6.75252072890398 6.78565844082899 -9999 -9999 -9999 -9999 -9999 -9999 -9999 -9999 -9999
6.41037389722061 6.3342224926782 6.32162432084481 6.30463463571865 6.33673477931856 6.33112199133136 6.31636466583843 6.2801845723469 6.23695420022232 6.24191314031547 6.23481681207404 6.23844552103818 6.24593546876419 6.30200187212789 6.3235855313116 6.35544467928432 6.36271982913297 6.39027055482459 6.43326730923648 6.4953333592725 6.54416487457518 6.54375505572343 6.55075734238416 6.57312710232828 6.58943143945306 6.63640571460002 6.64319664601712 6.64502346285713 6.60843231453133 6.61975540832724 6.6523825551075 6.69178995465919 6.69098383440659 6.73769015834018 6.80254468733965 6.86847199042392 6.83907515732877 6.74102895625966 6.67348815468201 6.64348672557198 6.6243221438426 6.62352635371066 6.62337423291438 6.65579539993201 6.70923317077416 6.75790046318923 6.75935246458672 -9999 -9999 -9999 -9999 -9999 -9999 -9999 -9999 -9999
6.27868452620091 6.28115653454423 6.31241517716552 6.30263999322202 6.31061977529627 6.30772876010416 6.28475489442462 6.24681254472937 6.19954762710196 6.19479137667494 6.18376100066934 6.18345650325237 6.22632016301645 6.29309624550594 6.28944640435582 6.29527141518054 6.29318878235573 6.287798925579 6.29783424567054 6.36566223437322 6.4199140530728 6.44902111569849 6.4709958205674 6.5061510188141 6.54160674895243 6.560110868896 6.5595171765982 6.54603879738662 6.53708901942307 6.54922986311914 6.55845928264609 6.60043314665576 6.63321630537067 6.64552942246707 6.70958531649856 6.75819308129935 6.75698044359396 6.69631000311378 6.64903967324811 6.62344087733848 6.60353064693826 6.60828891757872 6.61378632876607 6.65774047425548 6.71438023638919 6.7570774159176 6.76273993921269 -9999 -9999 -9999 -9999 -9999 -9999 -9999 -9999 -9999
6.29070719289983 6.30167910448641 6.30239195143829 6.28594347440239 6.28452877424183 6.28757530059457 6.28132575322975 6.20064463031292 6.1720892989637 6.16637298296437 6.16817469509622 6.16679179626029 6.22338303078623 6.25694515062093 6.24746975782977 6.25111161983388 6.24976838660934 6.23922292845542 6.23699948259553 6.27208668747325 6.30388285477745 6.32339090995976 6.34303776454454 6.40882410218802 6.45619224318095 6.47351079273903 6.44744657364708 6.4265777136524 6.41645643812624 6.43191255477119 6.47519273729465 6.49862830956494 6.54776382187605 6.58349346938028 6.62184246877688 6.66185395016628 6.6549306256702 6.63071995755907 6.61182538142164 6.59955808323459 6.58957312878711 6.59399722560689 6.6112644253416 6.65334534418226 6.7061321278317 6.74685472221942 6.76328948849446 -9999 -9999 -9999 -9999 -9999 -9999 -9999 -9999 -9999
6.31842361152417 6.32815897438838 6.31745694433249 6.28337105040819 6.26831564297152 6.30188609798705 6.30926299863098 6.23320025101679 6.20287128796278 6.17023112683204 6.18466816270077 6.18641558303091 6.22420500712187 6.23227038657593 6.22691815250954 6.24311864498763 6.23291264505528 6.22126987634965 6.21290026889824 6.21446429153732 6.22295631998202 6.2269967664313 6.23472814020188 6.30390212559745 6.40101821323143 6.3962847279932 6.36275503878696 6.32505357043775 6.29128387427853 6.31068150438028 6.37768194880798 6.43210294195324 6.47764775705847 6.51130018334445 6.54767879769064 6.58210583984035 6.59436412302265 6.57996897549563 6.56663777342038 6.56075105382468 6.56905924803759 6.57633627509464 6.591545999748 6.63659184266362 6.68265241692159 6.71655893052996 6.73914449877525 -9999 -9999 -9999 -9999 -9999 -9999 -9999 -9999 -9999
6.33059700169715 6.28295251092908 6.30591156622467 6.28348474631562 6.26016368187244 6.25038536421306 6.31550048454965 6.29978664038513 6.25008919152921 6.2234017209806 6.22364492439217 6.20727485238952 6.17820558949415 -9999 -9999 -9999 -9999 6.20793311711175 6.19924043297124 6.19588394288514 6.18496231102709 6.16382482159017 6.14356749523934 6.15715212418082 6.24596195710382 6.30171564540008 6.29464329448702 6.272378814501 6.25079546510432 6.26475115717085 6.32075355768997 6.36707255003635 6.40493388585041 6.43095749828187 6.48004695642711 6.51427426330219 6.52684220827818 6.53735269551216 6.53099499709502 6.53035900023406 6.53881419307345 6.562847298541 6.58122500328786 6.62348417992414 6.6618727054303 6.70013913219229 6.71553290070124 -9999 -9999 -9999 -9999 -9999 -9999 -9999 -9999 -9999
-9999 6.28473406513718 -9999 -9999 -9999 -9999 -9999 -9999 -9999 -9999 -9999 -9999 -9999 -9999 -9999 -9999 -9999 -9999 -9999 -9999 6.17264102084901 6.15148504710911 6.11761056077841 6.06730371189593 6.12843529853807 6.22427455293852 6.25576216560776 6.24663273828994 6.24232383180535 6.26172501282198 6.29991464655978 6.33132444009188 6.34390819695193 6.35607382448006 6.40062568314291 6.43435777092639 6.45838748161065 6.47108116796361 6.48130045567648 6.49225516095301 6.52419393389286 6.54599276600032 6.56898865994784 6.62052303746295 6.66004974427637 6.69720803900778 6.72212720910353 6.73925616158384 -9999 -9999 -9999 -9999 -9999 -9999 -9999 -9999
-9999 6.3366441437548 6.31905260129424 -9999 -9999 -9999 -9999 -9999 -9999 -9999 -9999 -9999 -9999 -9999 -9999 -9999 -9999 -9999 -9999 -9999 -9999 6.16135126923954 6.15274882063824 6.15179335269763 6.19310827597532 6.25340171137512 6.27559451370334 6.26283111237171 6.25975944246432 -9999 -9999 6.32743300332349 6.32178825087496 6.3156148111647 6.34185799854766 6.37210260282261 6.40753567250203 6.4228375836967 6.44699291873677 6.47039799117361 6.49632479193477 6.53858568846018 6.57608460915239 6.60994972199268 6.65396624632664 6.69200343721168 6.71952911379172 6.73006583989156 -9999 -9999 -9999 -9999 -9999 -9999 -9999 -9999
-9999 6.33928594011996 -9999 -9999 -9999 -9999 -9999 -9999 -9999 -9999 -9999 -9999 -9999 -9999 -9999 -9999 -9999 -9999 -9999 -9999 -9999 -9999 6.21296017759855 6.22233540714726 6.27212007809857 6.29899552488809 6.29374672768584 6.2676830945901 -9999 -9999 -9999 -9999 -9999 6.29003988346897 6.28685693525058 6.30765682223948 6.3374265221864 6.35598836419433 6.38740349756288 6.42838294305313 6.48035308121672 6.54064247865646 6.57841364144593 6.60346171136567 6.64418963026561 6.6785847062406 6.70284117426456 6.71271851004409 -9999 -9999 -9999 -9999 -9999 -9999 -9999 -9999
6.31542379059461 -9999 -9999 -9999 -9999 -9999 -9999 -9999 -9999 -9999 -9999 -9999 -9999 -9999 -9999 -9999 -9999 -9999 -9999 -9999 -9999 -9999 -9999 6.29000138884292 6.30604509634879 6.31842170187496 -9999 -9999 -9999 -9999 -9999 -9999 -9999 -9999 6.26274275075667 6.26443445244322 6.27504370836742 6.28605879307742 6.30943157198637 6.37817863361669 6.4523820146319 6.52036123672785 6.57190519804597 6.59887014301787 6.61819105815587 6.6265491556356 6.64839293879201 6.67283080995563 6.66001722595848 -9999 -9999 -9999 -9999 -9999 -9999 -9999
-9999 -9999 -9999 -9999 -9999 -9999 -9999 -9999 -9999 -9999 -9999 -9999 -9999 -9999 -9999 -9999 -9999 -9999 -9999 -9999 -9999 -9999 -9999 -9999 -9999 -9999 -9999 -9999 -9999 -9999 -9999 -9999 -9999 -9999 6.24792023484701 6.24972170060165 6.24091694772436 6.23369671917639 6.27119004278906 6.34927068406388 6.42951167141564 6.5046277770899 6.56173833896961 6.58562801178301 6.5876530845439 6.57342202840726 6.57346192469743 6.6199279634371 6.64502019281864 -9999 -9999 -9999 -9999 -9999 -9999 -9999
6.44519116176844 -9999 -9999 -9999 -9999 -9999 -9999 -9999 -9999 -9999 -9999 -9999 -9999 -9999 -9999 -9999 -9999 -9999 -9999 -9999 -9999 -9999 -9999 -9999 -9999 -9999 -9999 -9999 -9999 -9999 -9999 -9999 -9999 -9999 -9999 -9999 6.23871693802506 6.24790592275913 6.29280273951137 6.34383146537431 6.41333396576244 6.49373070306396 6.53983511923719 6.57015385515041 6.56059979606662 6.54114836203173 6.54501843353879 6.5775741180028 6.63509520957136 6.64094040038412 -9999 -9999 -9999 -9999 -9999 -9999
6.45813919207121 -9999 -9999 -9999 -9999 -9999 -9999 -9999 -9999 -9999 -9999 -9999 -9999 -9999 -9999 -9999 -9999 -9999 -9999 -9999 -9999 -9999 -9999 -9999 -9999 -9999 -9999 -9999 -9999 -9999 -9999 -9999 -9999 -9999 -9999 -9999 6.2339451673139 6.26960383277351 6.30827826414985 6.35539797328205 6.42045205030513 6.49479244379461 6.52257005589097 6.55501970537259 6.55557084853695 6.54778508478744 6.52057463128627 6.52870954902226 6.60848050795433 6.62996151257183 -9999 -9999 -9999 -9999 -9999 -9999
6.47075533689727 -9999 -9999 -9999 -9999 -9999 -9999 -9999 -9999 -9999 -9999 -9999 -9999 -9999 -9999 -9999 -9999 -9999 -9999 -9999 -9999 -9999 -9999 -9999 -9999 -9999 -9999 -9999 -9999 -9999 -9999 -9999 -9999 -9999 -9999 -9999 -9999 -9999 6.34378027358199 6.37560230551333 6.42739098918385 6.48684435490613 6.51274017980862 6.53547661792092 6.56150833415626 6.55958458958534 6.56476275472872 6.59780607221569 6.60701714517966 6.61389058026721 6.61445907881672 -9999 -9999 -9999 -9999 -9999
-9999 -9999 -9999 -9999 -9999 -9999 -9999 -9999 -9999 -9999 -9999 -9999 -9999 -9999 -9999 -9999 -9999 -9999 -9999 -9999 -9999 -9999 -9999 -9999 -9999 -9999 -9999 -9999 -9999 -9999 -9999 -9999 -9999 -9999 -9999 -9999 -9999 -9999 6.38132359797515 6.39811724932063 6.42617864335519 6.47033547539737 6.50022628693323 6.53651825625729 6.56541093377489 6.58576796863123 6.62645958747424 6.67214641284492 6.60529877872391 6.56701133511842 6.60386694025607 6.62197257526563 -9999 -9999 -9999 -9999
-9999 -9999 -9999 -9999 -9999 -9999 -9999 -9999 -9999 -9999 -9999 -9999 -9999 -9999 -9999 -9999 -9999 -9999 -9999 -9999 -9999 -9999 -9999 -9999 -9999 -9999 -9999 -9999 -9999 -9999 -9999 -9999 -9999 -9999 -9999 -9999 -9999 -9999 6.39290754276547 6.39662801084823 6.40898390162943 6.45643570613263 6.492728449701 6.5329933900297 6.57099730658807 6.61216939809441 6.61755718745523 6.60810800303171 6.56878823664864 6.55882770479784 6.59996212226216 6.6417796545737 -9999 -9999 -9999 -9999
