data/pcas/pca_proj_current/PC02.asc
NCOLS 494 
NROWS 529 
XLLCORNER -117.166666666667 
YLLCORNER -55.5 
CELLSIZE 0.166666666666667 
NODATA_value -9999 
[rows 144 to 167 of 529, columns 220 to 274 of 494]
-8.69308366805104 -8.77417517847348 -9.0031401308921 -8.45082422991211 -8.31628343988589 -8.33268389036986 -9999 -9999 -8.27711824242408 -9999 -9999 -8.39844193240486 -8.60637542719702 -8.65927187810038 -8.80706310276223 -8.82298527980523 -8.77695479423465 -9.74508087270239 -9.69400180464268 -9.22596408742411 -9999 -8.60945733090365 -8.85614476188403 -8.90266529479449 -8.72803059213052 -8.49988723834342 -8.45999706461977 -8.22723247749111 -7.98564199647627 -8.04815557860128 -8.00756734774966 -8.21554441777688 -8.9085464230358 -8.97784423831698 -8.98093521603642 -9.27784758584028 -9.25118984325346 -9.25799660621978 -9.05696226163675 -8.87552465221973 -8.74152384337299 -8.62699930524416 -9.28551508582793 -9.55775891329404 -9.56666697214287 -9.61601192646229 -9.95898366063821 -10.1468100092871 -9.56893732013064 -9.1200090726653 -9.06630369021906 -9.22774817641006 -8.96955972835733 -8.77679832856176 -8.11953731364351
-8.20065377059957 -8.33379431752843 -8.36219980532008 -8.03814166771959 -9999 -9999 -9999 -9999 -8.36652215044974 -8.59907048029914 -8.57008305720803 -8.61411780837008 -8.74835818294828 -8.62546499694109 -8.8979140184228 -8.97094641479042 -8.51420808668506 -8.83272585384831 -9.76222167364035 -9.50137736675526 -8.95624362359749 -9999 -9.26660375407432 -9.23590973839669 -9.09505230016443 -8.76834476194838 -8.5278924537485 -8.33451433472523 -8.1410517707795 -8.10357164147295 -8.14045134202017 -8.6608685009285 -9.27788254228104 -9.21615431956726 -9.42865768894956 -9.7416602506193 -9.61087138906078 -9.32005368714436 -9.08348858536145 -9.01101232740903 -8.76466508126307 -8.67847055926039 -9.13522171354566 -9.38063865637751 -9.5639405000621 -9.73485872712384 -9.86013748050842 -10.1128938082728 -10.0080105761717 -9.75121237024673 -9.39726984067941 -9.19434606110433 -8.84666129436244 -8.34763207053958 -8.01199254307744
-8.30813079627289 -8.28363023501224 -9999 -9999 -9999 -9999 -9999 -9999 -8.76164028918746 -8.55928779412356 -9999 -9999 -9999 -8.74009610574512 -9.23878201860797 -9.07043472179068 -8.60690320808999 -8.39467851445974 -9.16549807074419 -9.61328787756448 -8.9514789740551 -8.53983983600393 -9.37481351891174 -9.37587279161599 -9.39940753897828 -9.20120459331372 -8.60449571752953 -8.38210028733241 -8.34714980152536 -8.23954361586522 -8.32646153238063 -8.75239866351912 -8.8667959627573 -9.06414473443261 -9.96349201627701 -10.0950605203877 -9.88028494116705 -9.55163256795999 -9.69769055976194 -9.10492226587156 -8.91239471785244 -8.54491704898424 -8.9981246418622 -8.94992041707246 -8.99900092177789 -9.37141277563684 -9.53657115654188 -9.99701949805813 -10.0082577821472 -9.84023797367956 -9.17478898731206 -8.38295718362662 -8.17456168271028 -8.17635828344475 -8.18915726108974
-8.35394667970993 -9999 -9999 -9999 -9999 -9999 -9999 -9999 -9999 -9999 -9999 -9999 -8.72627324480357 -9.65967783600374 -10.0019424885986 -9.39678172182171 -8.94382017684353 -8.61763219711317 -9.28028416039833 -9.39992132025884 -8.9778109951765 -8.75476337862438 -9.47819190031996 -9.59993124766343 -9.75051265639386 -9.60107089529054 -8.94032732828965 -8.79393158548579 -8.77869200632801 -8.69942570787959 -8.65372907887852 -8.81023186146368 -9.04856370362463 -9.33961708410023 -10.2870402078074 -10.2344865080106 -9.99070058591806 -9.56877385840376 -9.51887057302833 -9.11576362674849 -9.20621234646735 -8.94603424286017 -9.052202964178 -8.70947206895749 -8.32475358626224 -8.76393925827754 -9.11874631203039 -9.12504180243935 -9.25377880877762 -9.27210883844583 -8.46460724350947 -8.35594487342245 -8.24841275804789 -8.5944920769597 -8.55613496837682
-7.8372167708158 -8.06760901969899 -9999 -9999 -9999 -9999 -9999 -9999 -9999 -9999 -9999 -9999 -9.32879967390674 -10.1551578298958 -10.2625403692316 -9.83817523503064 -10.0891410979084 -8.8285167775686 -8.90968534144737 -9.53305859867454 -9.0153024419475 -9.24005474655594 -9.32276099798242 -10.0119214286367 -10.104558100562 -9.71302058342966 -10.0286345100043 -9.66026637947664 -9.12669582244791 -8.96388375170618 -8.92918314928942 -9.27659020545348 -9.46725781788941 -9.58677407578124 -10.2327261833916 -10.2541672276703 -10.0833895810233 -10.0565234284086 -9.63822337996542 -9.31883374295414 -9.09651339228636 -9.07971092867688 -9.41908368466529 -8.42027868808968 -8.1364165085684 -8.41457956132641 -8.82003849332142 -8.940205426248 -8.73574849052981 -8.56733654148386 -9.14736196878794 -9.28063018173887 -8.56354552870773 -8.93501670722744 -8.49365273316381
-7.87215758046015 -7.84339358921264 -8.07055757067502 -9999 -9999 -9999 -9999 -9999 -9999 -9999 -9999 -9999 -9999 -9.92689696707113 -10.5597572701429 -10.4875259321832 -10.2931208065818 -9.27159067510131 -8.99846549590381 -9.24706687672964 -9.56460992918842 -9.74747541202125 -9.71290904677621 -10.4231125005946 -10.4124763605254 -10.0706650267729 -10.1648390960051 -9.89208415529396 -9.34741586055206 -9.37736115822138 -9.40449036409312 -9.68762002869848 -9.8051699659115 -9.95781074148987 -10.4535733265675 -10.5273028626364 -10.5897404772913 -10.2001662934705 -9.77596681575136 -9.60122120337718 -9.27205376206815 -9.22546600258524 -9.55676957481688 -8.91849562075949 -8.20462792360462 -8.42535345943797 -8.58243419625925 -8.75751801168421 -8.7560636156195 -8.82898160559198 -9.38890127738137 -9.13441487121317 -8.58716287046056 -8.39737153486127 -8.33093080445448
-8.2383259118678 -7.90761113978099 -7.94716247706861 -8.66559106162879 -9999 -9999 -9999 -9999 -9999 -9999 -9999 -9999 -9999 -8.81578682988556 -9.16546880434104 -10.0885450663538 -9.82492922712131 -9.69960846839416 -8.87804907013815 -9.03435555164457 -10.0146831254074 -10.2656604009147 -10.2836493050958 -10.6339578678817 -11.1425553428363 -10.7068254255435 -10.6564753062103 -10.7254096771919 -10.5524363853692 -10.3195338687023 -10.276949264305 -10.44418379572 -10.7179213643342 -10.7571935678618 -10.8168512227698 -11.2163234203843 -10.7346461619045 -10.3424701026834 -9.82729062187139 -9.75620606605271 -9.41598249866263 -9.36387851046649 -9.53492145500036 -9.28482068806894 -8.36059969038897 -8.40855108750577 -8.4293672191996 -8.48726299713071 -8.9403144124377 -9.52004467145973 -9.08077379408155 -8.99223773374577 -8.89882318688268 -8.57713879404097 -8.35197090372533
-8.06304875838829 -8.02654884516722 -8.33041950953763 -8.58416547602379 -9999 -9999 -9999 -9999 -9999 -9999 -9999 -9999 -9999 -9999 -8.86332324578483 -9.07576196318175 -9.19619053991577 -9.71407323938223 -9.0453590817581 -9.45656126264677 -10.154959853123 -10.5404494994655 -10.8134042604636 -10.5160922538044 -11.1949342021382 -11.5309191757415 -11.367239521378 -11.2141703703255 -10.7932187656312 -10.7011607915996 -10.8733271799573 -10.7449324762212 -11.1038126131896 -11.3229765417486 -11.28327642048 -11.3220145691069 -10.8089747826292 -10.5433724105395 -9.98259927762091 -9.60847060276844 -9.82867251509448 -9.63788169017959 -9.39721373928489 -9.27156372635445 -8.5915211484256 -8.37831935860341 -8.38193581991639 -8.52520427385054 -9.1294521913143 -10.502652309726 -10.3708132109209 -9.205577690059 -8.98330527023403 -8.60496655792444 -8.3754631195208
-8.16848443767628 -9999 -9999 -9999 -9999 -9999 -9999 -9999 -9999 -9999 -9999 -9999 -9999 -9999 -9.0832096183712 -9.16738436275382 -9.35536171882841 -9.51800837180542 -9.71025662351067 -9.88983334096624 -10.7635077805036 -11.0113790794084 -11.3011052802819 -11.3882321088059 -11.4759503673698 -10.716953562108 -10.7038843363379 -10.4348142729027 -10.1258775766678 -10.2393765911218 -10.661056966736 -11.0037733403102 -11.1499122687062 -11.2475816691246 -11.3259915700199 -11.2383301894346 -10.5671871870836 -10.5035868845942 -10.2525850890439 -9.70621032778789 -9.92853398630639 -9.93078853399441 -9.71066299974173 -9.51458202037477 -8.77404105407228 -8.36383580195212 -8.28319623691809 -8.64045504294873 -8.85920442552056 -10.5011109223868 -10.687521067594 -10.0974230507018 -9.0363984486407 -8.66383876329774 -8.88682084831561
-9999 -9999 -9999 -9999 -9999 -9999 -9999 -9999 -9999 -9999 -9999 -9999 -9999 -9999 -9999 -9.348356378254 -9.47205345189709 -9.80413674524778 -10.0069472933181 -10.8058642348633 -11.4199091492384 -11.7093526466339 -12.5286701479784 -12.7904258298825 -11.4563991471509 -9.982316409664 -9.88187304853135 -10.1813188107274 -9.94811780756636 -10.422847988254 -10.8725498678146 -10.669729610629 -11.0633001010609 -11.1437407495233 -11.1933069817423 -10.767508632617 -10.6106668472223 -10.455769563211 -10.1356852205508 -9.72557666732455 -10.0487301645235 -10.0056410920346 -9.74687056266802 -9.26726411437182 -9.07864739021278 -8.37122637807104 -8.49045945232761 -8.70959317403493 -9.85776568235652 -10.2072165632164 -10.5043563984749 -10.1010123709978 -9.5890375400347 -9.11296066936605 -8.6923833990008
-9999 -9999 -9999 -9999 -9999 -9999 -9999 -9999 -9999 -9999 -9999 -9999 -9999 -9999 -9999 -9999 -9.58229908488868 -9.92936012814551 -10.7708367568307 -12.2107423804156 -12.2488590111152 -12.7135023035763 -13.2395437019188 -13.7117020774321 -12.291919871147 -9.73637334378937 -9.42961741315782 -10.1965420435441 -10.2053990223898 -10.4771637186758 -10.5823470223756 -10.5466927487038 -10.8953707844332 -11.1359730420275 -11.216643454447 -10.8462014072956 -10.7770013910614 -10.4603437221484 -10.2812643109951 -9.76914563200615 -9.86157676923645 -10.1040047156723 -9.69848994401696 -9.07654134125615 -9.1231962066428 -8.73756398729199 -8.379741803346 -8.69276071361844 -9.97915810941409 -10.6960219927172 -11.289952716928 -10.4210159482198 -9.44482531814725 -9.13640381757434 -8.70006401256543
-9999 -9999 -9999 -9999 -9999 -9999 -9999 -9999 -9999 -9999 -9999 -9999 -9999 -9999 -9999 -9999 -9999 -10.798963223013 -11.2055678453017 -12.2967453867689 -13.0886813969259 -13.3230136355981 -12.734080847614 -13.6392253909572 -11.9559158875757 -10.222022327014 -9.88357090828257 -10.102440029869 -10.32174963685 -10.3776106700894 -10.5800509599054 -10.7008193511025 -10.6729927294349 -11.0469531754796 -11.0384605968265 -10.759800338292 -10.7202025536566 -10.3048298113307 -10.1944732044144 -10.1400615138801 -9.94785212561882 -9.82722494689037 -9.38688325776452 -9.15116885867481 -9.09028055968344 -8.94250772015716 -8.49725298128624 -8.25667196883812 -9.18891217959978 -10.0606348586378 -11.1781597565184 -11.1476423000388 -9.80160862297931 -9.06846861224421 -8.81716931134551
-9999 -9999 -9999 -9999 -9999 -9999 -9999 -9999 -9999 -9999 -9999 -9999 -9999 -9999 -9999 -9999 -9999 -10.7972542438468 -11.9234914753594 -12.9071233675595 -15.6715342433633 -15.4677031508356 -13.798489119538 -13.8160310788122 -10.7326755887555 -10.8668926201275 -10.4772895019462 -10.1009458195127 -10.1560103723114 -10.3008681508797 -10.2537215576909 -10.602739672361 -10.9060548206213 -11.0835703938174 -11.2061844502353 -10.6856568655898 -10.4288222768795 -10.3646502456891 -10.2567573796263 -10.2484316459403 -10.1739708205573 -10.0697379828724 -9.23969696735094 -9.24010632133414 -9.01850960651163 -9.1108646950786 -8.90060516904362 -8.41594055459465 -8.23852091708433 -8.42004512834516 -8.92093343529356 -11.190111708299 -9.61604100535785 -9.01655270484223 -8.77233248838079
-9999 -9999 -9999 -9999 -9999 -9999 -9999 -9999 -9999 -9999 -9999 -9999 -9999 -9999 -9999 -9999 -9999 -9999 -12.0317175462785 -14.1507887265724 -16.3518548374622 -16.705611115467 -15.6481002456312 -14.931318537437 -12.1256865773286 -11.4517826512239 -10.5289171346499 -10.3783900627267 -9.66690259535692 -10.4761229150306 -10.4882944653476 -10.799640157299 -11.0553338727612 -11.0554054384876 -11.0548491142756 -10.7041573236178 -10.175438054652 -10.611943898504 -10.6492307213811 -10.6221903339877 -10.0799369167263 -9.53535331452952 -9.12019226182936 -9.51207707236593 -9.30495023845731 -8.94059474490112 -8.85033986577167 -8.46349774682061 -8.30609875229126 -8.24512607310234 -9.3102521973995 -9.80529718006013 -9.2913339235714 -8.93783380320498 -8.56987739200907
-9999 -9999 -9999 -9999 -9999 -9999 -9999 -9999 -9999 -9999 -9999 -9999 -9999 -9999 -9999 -9999 -9999 -9999 -12.0631311853361 -13.4599863695957 -16.2687239704371 -16.3842651249045 -16.912350329904 -16.2621392103272 -13.1882477187378 -11.0743608607007 -10.4750974161336 -9.88388086238091 -10.4295849697718 -10.7207429080221 -10.555843639674 -10.7590750716914 -11.4332017896753 -11.1613800033251 -10.5827253335986 -10.2235956073745 -10.346633086995 -10.6098194836301 -10.6054249235314 -10.451280567212 -10.0511528433394 -9.58335856908624 -9.77814175609702 -9.67853512599893 -9.59042784957216 -8.32511983881413 -8.39862634213508 -8.39139095284371 -8.33788688733354 -9.09203931886318 -10.921538689858 -9.74408488712966 -9.11350898641284 -8.93334620611188 -8.64218789677285
-9999 -9999 -9999 -9999 -9999 -9999 -9999 -9999 -9999 -9999 -9999 -9999 -9999 -9999 -9999 -9999 -9999 -9999 -12.6895144060454 -13.559000828498 -16.4552625991453 -17.6083376476261 -17.6851830102365 -17.595193419809 -16.094813249268 -12.4821626665854 -10.9108385317492 -10.064126588631 -10.3663756465176 -10.8940862823104 -10.5497341956484 -11.4152929775794 -11.6296459251016 -11.0150573996612 -10.5781489830059 -10.1926237285229 -10.294016834371 -10.5332708335002 -10.402752305505 -10.0788175431544 -9.37066925233718 -9.73396295971156 -9.99372138714601 -9.257439108698 -8.7234472323012 -8.31506887306912 -8.19855328733307 -8.27315362194986 -8.73637414139236 -9.92634248331874 -9.90964881796855 -9.98885674676627 -8.98483997507834 -9.14630530848127 -8.64389611675402
-9999 -9999 -9999 -9999 -9999 -9999 -9999 -9999 -9999 -9999 -9999 -9999 -9999 -9999 -9999 -9999 -9999 -9999 -12.1998556941324 -14.0674956465771 -15.1511319353928 -18.2022875944766 -18.314123439262 -18.006576844433 -16.4559111087892 -11.8028947494074 -10.9922931837515 -10.0167529476812 -9.97159022273781 -10.6010938832392 -10.7421952887099 -11.7925551010755 -10.8829667291715 -10.7502243986291 -10.2913310356831 -10.0766544901164 -10.2704908090577 -10.4952729586432 -10.2147445704774 -9.67638698633516 -10.123363537735 -9.97135874526209 -9.08440265424027 -8.63391222751025 -8.31346404554144 -8.15962759166374 -8.29794901729865 -8.69449186129377 -8.79652743788228 -9.45519888807326 -9.52354507227982 -9.03523815546125 -8.75302903498829 -8.76461412397508 -8.77192020948019
-9999 -9999 -9999 -9999 -9999 -9999 -9999 -9999 -9999 -9999 -9999 -9999 -9999 -9999 -9999 -9999 -9999 -9999 -9999 -14.3380947301229 -16.316063695307 -18.3481125611005 -18.8341162143795 -18.3005393276548 -17.408879310575 -14.0168607383515 -11.2999459916022 -10.4678014127874 -10.4963851334491 -9.83952256080203 -10.8156702310177 -11.4530555814896 -11.5768519336841 -10.6533708917038 -10.113894776047 -10.0216473089959 -10.2888317041729 -10.7086954688774 -10.0197226268275 -9.8126073983999 -8.70792580071059 -8.99160579805531 -8.38762190610074 -8.30551390133723 -8.27368145626979 -8.1780425005793 -8.52960250806793 -8.61225312083677 -9.03146059207073 -8.85678602325283 -8.85339934660099 -8.79333116129699 -8.73193306394 -8.81619005500227 -8.74984339283844
-9999 -9999 -9999 -9999 -9999 -9999 -9999 -9999 -9999 -9999 -9999 -9999 -9999 -9999 -9999 -9999 -9999 -13.1654199138618 -14.1871346371388 -15.5899088262664 -17.2548971521644 -18.4835144038944 -19.1793654954711 -18.9077929483586 -18.0948940357795 -15.3087535809791 -11.5101573639548 -11.1781838326348 -11.2717157109292 -10.2287541053761 -10.8315348971832 -11.3837398536584 -11.1022222682379 -10.7878041612924 -9.94416221912843 -10.0536724925225 -10.7820022111007 -10.5347097541924 -10.1271749407293 -9.44984011335553 -8.5404249954061 -8.9617535523138 -8.16735290198469 -8.07330054437579 -8.1552180683746 -8.2135740467905 -8.73315200364638 -8.8680853770002 -9.09822871060582 -8.75789224603765 -8.60813111993262 -8.6069814349664 -8.67230425155885 -8.64606277261769 -8.80048103022773
-9999 -9999 -9999 -9999 -9999 -9999 -9999 -9999 -9999 -9999 -9999 -9999 -9999 -9999 -9999 -9999 -9999 -13.192516199009 -15.5595343390071 -14.467809000047 -17.2104308281709 -18.6419068103243 -19.3339058209948 -19.07907774334 -18.1273184404518 -13.8305500063126 -11.3078099481956 -11.2214200999901 -10.9699982767532 -10.3189253960873 -10.754937460004 -10.5654447611568 -11.5925051281024 -10.661410008146 -9.89549462524798 -10.2299682476817 -10.8585412867145 -10.3276911836899 -9.96501300394491 -8.88327182924787 -8.38040711424797 -8.43107742886668 -8.36400531903994 -8.62487607629955 -8.76252851960573 -8.72658664754269 -9.43450213288485 -9.40567608634869 -8.96405654275262 -8.82464205451089 -8.68384744929549 -8.797564261547 -8.60079002869852 -8.51800195584189 -8.67411798469947
-9999 -9999 -9999 -9999 -9999 -9999 -9999 -9999 -9999 -9999 -9999 -9999 -9999 -9999 -9999 -9999 -9999 -9999 -15.4671832425727 -16.775476435976 -17.6729352620664 -18.7500355703422 -19.1760080180082 -18.9559046073957 -17.0929776879308 -13.9637407758446 -11.5155125680642 -11.2692789619544 -10.5191679749149 -10.4424935748417 -10.5895249597196 -10.7282940185759 -11.2709333987552 -10.425261898674 -9.75710714508142 -10.3535287757831 -10.3806006910256 -10.1688046460267 -9.49505914602209 -8.82784295820654 -8.37871050215264 -8.75038357905198 -8.62034723762212 -9.36190981414228 -9.47018882529031 -9.63281092162603 -9.90429263121056 -9.24522668609665 -8.98228359703831 -8.89285366972732 -8.78451717834646 -8.84681884885619 -8.83374811515429 -8.73062857611375 -8.66971757043473
-9999 -9999 -9999 -9999 -9999 -9999 -9999 -9999 -9999 -9999 -9999 -9999 -9999 -9999 -9999 -9999 -9999 -9999 -16.339913123251 -17.7290377046164 -18.268193558091 -19.0799268183613 -19.2338539578115 -18.8928420971122 -15.9205361705593 -12.1001441824598 -11.1244244279992 -10.553491368786 -10.3338976253435 -10.4340578528723 -10.2428703083207 -10.4798272973515 -11.0375157346864 -10.1403434519239 -9.77357892973827 -10.1314712773415 -9.6352183017704 -9.90375844426823 -8.96578405609332 -8.66207759685769 -8.53277456899164 -9.2269728409534 -9.19297436973508 -9.59970247817092 -9.77866636040038 -10.0083586721566 -9.59869399789448 -9.09199876864769 -8.9824182711555 -8.72483060345743 -8.71400589227462 -8.81197521751083 -8.87768984067078 -8.84248938826074 -8.82997623040305
-9999 -9999 -9999 -9999 -9999 -9999 -9999 -9999 -9999 -9999 -9999 -9999 -9999 -9999 -9999 -9999 -9999 -9999 -16.5199908083279 -17.8485879842318 -18.3364042267768 -19.0684727549998 -18.9644517047908 -17.350607924647 -12.7445866372455 -11.682853641599 -10.9504829716593 -10.2283986297181 -10.2348564002228 -10.5499498402037 -10.1188672712117 -9.83485042095657 -10.5258062415034 -9.83544551681166 -9.91772137984357 -9.91765996751128 -9.84548841483646 -9.08862395411035 -8.6020599532902 -8.49410749571725 -9.04352431382319 -9.9907136114832 -9.39458137063112 -9.88753893072345 -9.87175475675057 -9.81391234844837 -9.38898078836577 -9.04254611150708 -9.04864213381688 -8.67761074284085 -8.83921107568486 -8.81290788215992 -8.80403772649772 -8.82580120787001 -8.88172192457754
-9999 -9999 -9999 -9999 -9999 -9999 -9999 -9999 -9999 -9999 -9999 -9999 -9999 -9999 -9999 -9999 -9999 -9999 -15.5444125094559 -17.93534276858 -18.6373497422617 -18.614514931864 -18.2167585273191 -15.5965540015259 -12.4161099077231 -10.7947314330851 -10.2854125547969 -9.89037835594555 -10.0769222424417 -10.3531149624001 -9.38372489735695 -9.49866759606142 -10.2211225190535 -9.54918075554947 -9.85039082214762 -9.65620948513408 -9.86550837628246 -8.7650386260547 -8.73313707585786 -8.91241138956251 -9.45067849864947 -9.47619516323287 -9.71691850415921 -10.1316509689477 -9.75784294912482 -9.60728311512055 -9.2816968443661 -9.15816956138472 -9.05942509264045 -8.90598549792624 -8.90163865904563 -8.82260807256342 -8.87345466038047 -8.74036696581263 -8.62463782800527
