data/pcas/pca_proj_current/PC02.asc
NCOLS 494 
NROWS 529 
XLLCORNER -117.166666666667 
YLLCORNER -55.5 
CELLSIZE 0.166666666666667 
NODATA_value -9999 
[rows 240 to 263 of 529, columns 330 to 384 of 494]
-8.36348077501363 -8.42497617034463 -8.71168939202214 -8.7637096114626 -8.82757475289668 -8.87387399033694 -8.89455432187303 -8.88277130748209 -9.4042712288439 -9.34197611920372 -9.26108299547531 -8.8611382272812 -8.63410445917997 -8.474582846615 -8.35694616158777 -8.3358925826553 -8.37592576557271 -8.39808460854147 -8.39277670567003 -8.42770789489465 -8.47418076394683 -8.52867396847806 -8.54025136450019 -8.57138307991651 -8.58343620224267 -8.60769229083772 -8.66901956543024 -8.7307995892726 -8.67992175325159 -8.6062572752554 -8.54321054096306 -8.50710858421253 -8.44463953392982 -8.41187751002966 -8.38870925786051 -8.36256780665467 -8.37106715972416 -8.37101544025621 -8.36632408381689 -8.36762685810446 -8.34500918658752 -8.3907959065609 -8.45553405046678 -8.52619833730361 -8.55047945843803 -8.54940286711051 -8.54728762692142 -8.52854297103374 -8.50623802604311 -8.49990092130681 -8.48784147053836 -8.45132651226001 -8.48220474796704 -8.47954376081184 -8.47112765464722
-8.27642624530522 -8.33778448875679 -8.64567583350876 -8.72057445972483 -8.77374105308984 -8.8234602401351 -8.61103956362438 -8.81933430929935 -8.52828123841057 -8.49000484636127 -8.41589815405471 -8.78660666950763 -8.62198137765959 -8.48837819233968 -8.41164947660235 -8.3683854939915 -8.39351268043124 -8.39086998938464 -8.38773340610614 -8.42004562523115 -8.44051352371283 -8.47305438868262 -8.503530296423 -8.52106776214191 -8.54324889387288 -8.54771915041323 -8.57627036946613 -8.58755963968834 -8.60636153190199 -8.569550768506 -8.52636091117394 -8.47910026542624 -8.44491286358507 -8.41769539390569 -8.37326052243397 -8.35545663676043 -8.36786588624827 -8.35669844019939 -8.34944148762402 -8.32931765249611 -8.31268578925756 -8.33000991277084 -8.42380109830628 -8.4684231686518 -8.49156146228325 -8.50746202481109 -8.50004311552894 -8.50553347076083 -8.49161404615413 -8.4702082837689 -8.46303434544741 -8.44984820391849 -8.44288444897635 -8.4639359781854 -8.43155136101215
-8.19127688889432 -8.50895462407671 -8.38077711608364 -8.45163390662823 -8.51330612827808 -8.56683217476739 -8.56779439141354 -8.52038990898973 -8.47445847047542 -8.40401390428469 -8.32256330420188 -8.20946029139555 -8.09823306161915 -8.01085268990303 -8.43835316395075 -8.3881865689504 -8.38508119522963 -8.37386336468765 -8.39540921815705 -8.39414290413691 -8.39717317973232 -8.43270951626608 -8.44716783504268 -8.46041581336111 -8.48773002809308 -8.48917333904716 -8.50642870361336 -8.51228711980962 -8.50444741704441 -8.52249177700993 -8.51296272714017 -8.47646172419505 -8.41518009009926 -8.38798053989747 -8.37008189533637 -8.35189872531247 -8.36330621608015 -8.36192985742272 -8.34385981381205 -8.33229967543252 -8.33726544671757 -8.35264470435952 -8.3935744846124 -8.42868817564617 -8.44614627690566 -8.45416610997668 -8.4553305135054 -8.473922521239 -8.45336379711251 -8.4530345463415 -8.44714281355021 -8.43827328879169 -8.40271753684143 -8.44844991490939 -8.43871161765132
-8.395918707565 -8.23772666179307 -8.32703139996126 -8.41773081498287 -8.47295764714356 -8.51371309886977 -8.51210073350402 -8.45939023797948 -8.4141817542021 -8.33731149858841 -8.25204088005591 -8.15626079852266 -8.0867410800082 -8.00686126704707 -8.44057674586658 -8.39070721523394 -8.37176023726191 -8.36111904159648 -8.35624918591811 -8.35746865905499 -8.37718372505197 -8.38810483457132 -8.39747399521235 -8.4152530676085 -8.43152428197549 -8.43518158643518 -8.44426241715212 -8.4496225368066 -8.43591843202686 -8.43511840539295 -8.46047131061579 -8.45754488189231 -8.400862966326 -8.37181689486124 -8.37164872097616 -8.35626202809978 -8.35643798795078 -8.35733191156181 -8.34865927312677 -8.35369935816128 -8.36852284153032 -8.37870222663106 -8.3969017113564 -8.41039685681461 -8.42159038236476 -8.42533854727786 -8.42805737744891 -8.42734925698283 -8.43360418607738 -8.41016678347479 -8.39151443761039 -8.39504696964936 -8.39587857515607 -8.38892707954893 -8.3957063638178
-8.39539134157607 -8.4488856721251 -8.28985552291695 -8.34410654796706 -8.40427424579915 -8.42584485670483 -8.41629484709194 -8.39376776433659 -8.33503397589923 -8.27498184376867 -8.1908746908311 -8.11431320400647 -8.04716077769854 -7.98273473806812 -7.94019491465275 -7.88010937738854 -7.85076062841762 -8.34035714844823 -8.34276201099721 -8.32244876986467 -8.35029654843637 -8.33050553265039 -8.35613646628247 -8.35219203842877 -8.38250739735878 -8.38603030622234 -8.36911419487148 -8.39581711635949 -8.38849934871402 -8.39342935336223 -8.44338004508619 -8.43752684570612 -8.42404762153668 -8.39712174912299 -8.39971317160875 -8.36045053695443 -8.34712637975771 -8.35967596968114 -8.36188077539571 -8.36212287336079 -8.35997314735767 -8.39655198694728 -8.42518203452506 -8.39953234778843 -8.35697948700151 -8.37021308953001 -8.37180641706674 -8.36732471233358 -8.39831041472955 -8.39065056727915 -8.36580663098732 -8.36900648739429 -8.36951319618559 -8.37994871827068 -8.37617860263564
-8.41786329142249 -8.45336731091933 -8.32564846966116 -8.32696362605983 -8.33498797436721 -8.34237810249805 -8.33388726723667 -8.30754034211212 -8.26683931131758 -8.20432250070351 -8.13307144147075 -8.06992505648478 -8.00007265154516 -7.94282614520232 -7.89313362899035 -7.85207415068735 -7.83220771090507 -7.82142821243046 -8.32460622012547 -8.31405796103799 -8.3162006472002 -8.28303922357023 -8.31129735869147 -8.31550836374529 -8.32097795442232 -8.33708264211764 -8.33168762744424 -8.33591103904903 -8.34093277628463 -8.36736630674963 -8.40685183577907 -8.41926586527549 -8.44990472624122 -8.45566003619161 -8.44249087982283 -8.42977082355299 -8.41743181385379 -8.37721538093326 -8.37507748437018 -8.36217447234857 -8.37538715323339 -8.40188289671016 -8.41296037964226 -8.40768375448545 -8.33902598667715 -8.33965118103512 -8.34945382379901 -8.3300694167711 -8.35714327278306 -8.34363578449904 -8.33499116456833 -8.34256374045817 -8.34743027778002 -8.35973144242791 -8.36085661690755
-8.42884593011828 -8.48725046540288 -8.32947228430157 -8.34319446267548 -8.31739065714224 -8.27450840207897 -8.25161188611417 -8.22823101296134 -8.18546156934704 -8.13133235676404 -8.07477702876694 -8.02974371426492 -7.96035721387737 -7.90253095553765 -7.86393286777004 -7.8353074426281 -7.80980851055534 -7.81517725220606 -7.79493065042874 -8.2928758786452 -8.27012612549351 -8.27220943025559 -8.26235723005352 -8.27562118321187 -8.27142282392821 -8.27580050283517 -8.28530770801881 -8.27968544228301 -8.29736128555873 -8.35061056885526 -8.35774139069691 -8.38012918243673 -8.40733241970473 -8.43380152150083 -8.45940166874588 -8.48189707004446 -8.48331786839689 -8.46668572936202 -8.43522926621829 -8.38770570529816 -8.37541158283944 -8.38628014696934 -8.35340238895634 -8.34230277489341 -8.32604501398028 -8.31300338861602 -8.31386446828901 -8.29669715990941 -8.31078637704985 -8.30627934431691 -8.31709520108068 -8.33440643139456 -8.34148106710165 -8.37177199096837 -8.35064605309481
-8.49896177941985 -8.33240923957428 -8.29889584471501 -8.25909300285588 -8.3034936007126 -8.25133538434292 -8.1904638712814 -8.15708050802432 -8.11824436071589 -8.07008147401626 -8.01291480779533 -7.96106994214137 -7.91644297275887 -7.866063342088 -7.83172573332734 -7.80512301878984 -7.77950571528961 -7.7571350806056 -7.76040545142591 -7.74298919283138 -7.71082932536778 -8.2477940363021 -8.22098622182448 -8.26206363447998 -8.22598883743088 -8.23039152833886 -8.24986936039363 -8.22071525699614 -8.24652634451724 -8.28725704228658 -8.28833511760614 -8.31007407120917 -8.33151013906403 -8.35522090830606 -8.37564058116262 -8.39737046252422 -8.42141638375064 -8.44314421997245 -8.4524049565539 -8.2403653805827 -8.15276238060645 -8.12573193633719 -8.11623098319282 -8.10333177960533 -8.08065820528276 -8.29016041474355 -8.27874214150511 -8.27258534474232 -8.27820993911221 -8.287150038492 -8.31645257461957 -8.33480262600131 -8.33995088401256 -8.34584445943892 -8.35332925868439
-8.55113589360531 -8.32506275181127 -8.27970569544354 -8.19784891623918 -8.17851323550337 -8.14955731172129 -8.10998335494593 -8.0800922681746 -8.05683628631967 -8.05666137201083 -7.95789740072867 -7.91717417285814 -7.8757439341785 -7.83979056967138 -7.80918115230496 -7.77439733405305 -7.74067688455159 -7.72840114238506 -7.73915604505361 -7.69322797026251 -7.68224026738576 -8.21688047208988 -8.19492542654574 -8.22121643149148 -8.17767282338087 -8.21977321165355 -8.21266594811364 -8.20540756463623 -8.21437797256576 -8.2271641647472 -8.23203275736118 -8.25820361617758 -8.27050466031754 -8.31193991734071 -8.32362064435076 -8.34937982528646 -8.35424443456746 -8.34199941518888 -8.17242573721382 -8.20105595772429 -8.22009846692721 -8.22023179918908 -8.15573443915177 -8.14838092243841 -8.1306215172426 -8.05686435980882 -8.30026515481291 -8.25925837211201 -8.27242871291458 -8.29724713159946 -8.32340693633107 -8.32603532124554 -8.33486049301475 -8.3483883109576 -8.36440177679135
-8.51147499367081 -8.28868624367107 -8.20444154838198 -8.14353743933427 -8.12551357393009 -8.08171312895988 -8.05264306634108 -8.01762975565076 -7.97843699938765 -7.94772259159675 -7.90755744780761 -7.87180992802424 -7.84323934647578 -7.81449838585063 -7.77169544509607 -7.7469328141769 -7.70649232369224 -7.6877346027353 -7.69002315989955 -7.68014965416588 -7.67855724818642 -8.16612573262036 -8.16044015295388 -8.17180358145839 -8.139721210176 -8.16344333393748 -8.15688150800587 -8.17036221155436 -8.16314539208591 -8.17811641083052 -8.20762896126608 -8.23408619291499 -8.25247173018931 -8.27935824270479 -8.31429650139782 -8.3359174486716 -8.34963949927267 -8.35344855498913 -8.1660440390441 -8.18861734720639 -8.19924243710044 -8.19760930550296 -8.18392817829593 -8.17210508780702 -8.16804144980217 -8.10082288964619 -8.30259170281922 -8.30249392574832 -8.28773165105385 -8.314801845188 -8.3262690376666 -8.33623146978681 -8.34408694138511 -8.34320143233764 -8.35368672482578
-8.47553561872441 -8.18881856290322 -8.1361205592226 -8.08552601364113 -8.06131434674593 -8.02430833014139 -7.98535934897263 -7.98078541714464 -7.92893376990315 -7.88597649700982 -7.85759858085794 -7.82405000363879 -7.79582837304426 -7.77930073234574 -7.74978747654561 -7.70991404237089 -7.6812979094381 -7.66131101632974 -7.64825532445566 -7.63152520843197 -7.63315771730898 -7.61406838994746 -8.12234622882672 -8.1255140811972 -8.1234314721186 -8.13711609285392 -8.17411337126341 -8.14510792651557 -8.16050388498564 -8.14008326087584 -8.15758541652586 -8.19888025712272 -8.23587910570055 -8.27050705664309 -8.30080335750102 -8.32621179095862 -8.34634522727784 -8.34916605332321 -8.15529245608949 -8.18123465906817 -8.1800531028648 -8.19011245134288 -8.19104426539188 -8.18868081616938 -8.19180054158534 -8.14061069475036 -8.33083723268552 -8.32941149083467 -8.3195535653994 -8.3370633217848 -8.33553212210754 -8.3417526686233 -8.35436630238781 -8.34681520177592 -8.35618859985898
-8.15243571862335 -8.10259192895928 -8.05401520360234 -8.01913492999808 -7.9882919223788 -7.96911548329018 -7.93450403594109 -7.8945017153411 -7.86263791630161 -7.82676301253205 -7.81360205375286 -7.78778292877116 -7.75489759746886 -7.7403205380314 -7.71775721086755 -7.68686731607229 -7.65620497391201 -7.65095573776451 -7.61490705805717 -7.61794003049147 -7.59893902236303 -7.57753073467142 -7.58320970658514 -8.10374608701311 -8.0905312944454 -8.10565371195827 -8.14381375663569 -8.1479745016964 -8.13191984549548 -8.14343149678808 -8.15910613704996 -8.20675786708863 -8.25020453253154 -8.29423921884313 -8.30275361236263 -8.32180208453174 -8.32970494814812 -8.35108539213715 -8.15543739939719 -8.17275374722184 -8.18065632177439 -8.1884054545474 -8.18434705272815 -8.19506860303349 -8.20031665928829 -8.13808782204679 -8.35783030105358 -8.34845245098766 -8.34343929655401 -8.34991640572478 -8.35206169487742 -8.36743673716448 -8.36943809711648 -8.36448423629863 -8.35258344402105
-8.06244900845967 -8.03341796504767 -7.98088685205297 -7.94383049776678 -7.91529619133703 -7.89181165844592 -7.87729307260395 -7.8387347125342 -7.81433810594088 -7.7795487175457 -7.76764198196782 -7.73817445190591 -7.72343225837481 -7.70323683452108 -7.68201949031082 -7.65488349355933 -7.62948800744694 -7.63883735692695 -7.60541584479454 -7.61245740020808 -7.57898584801328 -7.54624742029938 -7.53787290890637 -8.07638706404389 -8.07147630760655 -8.07205632730402 -8.09853203188129 -8.12522290422106 -8.12724440929565 -8.11521054092137 -8.15410567975755 -8.232049301981 -8.25683993754607 -8.27499827479397 -8.32340262143464 -8.37222403371947 -8.35686187091975 -8.36770566603617 -8.3767366512879 -8.16893348773888 -8.16394617465544 -8.19575149957207 -8.18839495416577 -8.19287008936074 -8.18835560990837 -8.14052378015694 -8.37516246333015 -8.37747215906036 -8.38217021067666 -8.38383533659348 -8.39935131745805 -8.38529463196772 -8.3862883321866 -8.38415045591161 -8.37724120425907
-7.96834053881831 -7.92965288165419 -7.90197770517519 -7.90249585182765 -7.86462889959028 -7.8490811461151 -7.82251984285932 -7.78822678621789 -7.78467087640107 -7.75400634617647 -7.71960881259045 -7.70526926154178 -7.6924008964817 -7.67658630393267 -7.64586715427742 -7.6249925991627 -7.60612344252246 -7.59896907241509 -7.59815087890079 -7.59072471091337 -7.56361083510787 -7.53252624596797 -7.50972622074278 -7.49743659764723 -7.51700858910618 -8.04989328579692 -8.07748458408607 -8.10871232572082 -8.12208759304834 -8.13728983885997 -8.18857335851382 -8.24060709914542 -8.28415224929445 -8.29608739377951 -8.32430080513999 -8.33776083135036 -8.36343473038694 -8.3720206002827 -8.39179408178116 -8.37673727456413 -8.16563085385571 -8.1865121297721 -8.18835702639561 -8.19430349014819 -8.20338419831767 -8.43206411717997 -8.39476735884584 -8.3900584927399 -8.3940005959375 -8.4134292435306 -8.42007371359518 -8.41437098729645 -8.40494258218234 -8.39575315712606 -7.79028914112792
-7.88049884536259 -7.83908187189766 -7.83967581512416 -7.84952824567146 -7.82287395328531 -7.79974222971008 -7.77843730434314 -7.75609175313588 -7.7506164406405 -7.73398631372052 -7.69129199679739 -7.67458076383602 -7.65125204826853 -7.6373726213813 -7.61777255551871 -7.60002260615113 -7.57097574053081 -7.57142430985341 -7.55079804611528 -7.55783575644869 -7.53039509531976 -7.51807113121886 -7.49267766540572 -7.46724056580842 -7.50180150951923 -7.50604809773416 -8.07508319306826 -8.12104185180188 -8.15421597290266 -8.19739182706148 -8.24235836078334 -8.25430698549733 -8.28931534240525 -8.30366561747616 -8.3375795801825 -8.37204626616167 -8.36838411850429 -8.3594184711546 -8.3509719445039 -8.36389639285646 -8.40408253145378 -8.40976014242151 -8.44907837720305 -8.45072331948737 -8.46534802108325 -8.45306530978242 -8.4248344346814 -8.42975303741606 -8.43297647660417 -8.43864648125978 -8.43550144449371 -8.44187386851938 -8.43097488468826 -8.42873209961982 -7.78488522575775
-7.84576314964142 -7.80705175367601 -7.81331641764186 -7.81307860296421 -7.79504418239635 -7.78622153999485 -7.75737116030922 -7.71908964991161 -7.71532734253868 -7.68955398063397 -7.6553087779701 -7.65938512639503 -7.63729908662418 -7.63960120609986 -7.61023133751978 -7.5827121183943 -7.56092824258666 -7.54440395807335 -7.54565318364405 -7.52460124637003 -7.52352005810239 -7.51869619261322 -7.49679777602321 -7.46071569371568 -7.47979553542976 -7.50612350043186 -7.55470986300133 -8.15904333206833 -8.22273203729701 -8.26521719324743 -8.31586665507861 -8.28547103920859 -8.29343860653624 -8.30509839102381 -8.32715703105351 -8.35566950240659 -8.38253486959086 -8.35417198150994 -8.33741253499476 -8.34427728983507 -8.39160946461788 -8.420003555534 -8.42237137867034 -8.45410533887886 -8.4512179058435 -8.43629291296889 -8.44410212425248 -8.46545411548589 -8.45843297237873 -8.45778773888002 -8.46016164908232 -8.46291794233187 -7.81773126186176 -7.8041904926971 -7.792594334464
-7.82545377159692 -7.79442254549112 -7.80712179925122 -7.80697315537334 -7.78847298174487 -7.76943067031326 -7.75406407974582 -7.7138576936926 -7.68320150344905 -7.6740305625004 -7.64667840417044 -7.63837498829338 -7.61372340820862 -7.62666499099131 -7.59036514263364 -7.57071424063925 -7.55145228864759 -7.53980907120912 -7.53206266851165 -7.51308644485057 -7.52796596803903 -7.52519056090777 -7.51569291595799 -7.49035900998548 -7.50865323117365 -7.54035874922328 -7.58024500498909 -7.63273995323414 -8.25582502840743 -8.28662829924396 -8.31493338804672 -8.30482490800453 -8.29401541592539 -8.29139961469016 -8.28590910938726 -8.32502196067905 -8.32769447103016 -8.31604825341208 -8.32884542101945 -8.33422099282382 -8.41000770344764 -8.40511765723413 -8.39513325746974 -8.41468306806064 -8.40818816103041 -8.40935533471027 -8.44658455839757 -8.45659330604255 -8.46354828156275 -8.49226071400106 -7.84266047313255 -7.83197236187333 -7.80815316731865 -7.79134971898758 -7.7754969370059
-7.79413600897064 -7.80342850535318 -7.80929603296923 -7.82614734448017 -7.7981819900776 -7.78342969112392 -7.75584134420934 -7.71371905236918 -7.70007662710738 -7.67347867960587 -7.63810371420617 -7.63220901446053 -7.61763149903212 -7.60141314328473 -7.58660353956384 -7.57866511139131 -7.57899334035598 -7.55959979494306 -7.52931344922259 -7.53249435294071 -7.53320833970017 -7.55999649421796 -7.5572830983979 -7.53710841323822 -7.53952387306362 -7.56664949245449 -7.62477558287431 -7.6711779607204 -7.73938134368133 -8.32386307010841 -8.31324972258984 -8.2792493365818 -8.27382436394463 -8.27802392817722 -8.27756131191783 -8.28227244429386 -8.29020948408756 -8.27674312190351 -8.26014706361511 -8.3047915582173 -8.3550057578178 -8.34454489700244 -8.35649865258467 -8.36138217944753 -8.3573897938764 -8.39354074710734 -8.42236279365935 -8.44447999020642 -8.48129910790752 -7.82068356950152 -7.83985141947661 -7.84033861404766 -7.81730570184919 -7.79611829731208 -7.76970034499811
-7.80461535097942 -7.83457636089233 -7.82840501202994 -7.82090672242942 -7.81971498253795 -7.79330216947825 -7.75274700208449 -7.72799711160442 -7.70289090338865 -7.66690043213019 -7.65467701647119 -7.64310552677573 -7.63984508797069 -7.59776460736805 -7.57300158087675 -7.58299636459707 -7.56189064996439 -7.54338972252567 -7.56184880898828 -7.55593365526449 -7.53932505610948 -7.56362160976314 -7.57641092297886 -7.55849524581323 -7.57319905415527 -7.65078765690665 -7.67101398747222 -7.71957146488434 -7.73872582897622 -7.72594362449133 -7.71646339363161 -8.27717380447783 -8.27016803532663 -8.26856130672052 -8.25472608762546 -8.24590359097388 -8.22087778360133 -8.21827073899144 -8.23371455379599 -8.2411008540997 -8.26877661575737 -8.27628865570169 -8.28500167156432 -8.30124639977915 -8.30279045443696 -8.34362377766029 -8.41165132060328 -8.45245563769061 -7.80921191531984 -7.80640710187301 -7.82232079468292 -7.82791662358236 -7.80855402899359 -7.77927562521203 -8.01801483139381
-7.82683056431742 -7.87704919012683 -7.85401788590814 -7.84111429872436 -7.8187721456353 -7.7800164352165 -7.74091107359144 -7.72984512447706 -7.70584607348388 -7.67717931555655 -7.66407545430676 -7.65662408723882 -7.63633849725958 -7.59705192531538 -7.60239322077794 -7.5635040809906 -7.54195711569474 -7.54061531372683 -7.54947569263169 -7.55008752162854 -7.55784225100115 -7.54625154251021 -7.79040437103272 -7.57394495787168 -7.58968557569636 -7.65506277792134 -7.70202314976821 -7.73151227500418 -7.72944197724702 -7.72217911808968 -7.68747154962002 -7.67150254516613 -7.64605335730246 -8.2129787450291 -8.22989679216838 -8.19357520227228 -8.16904426014927 -8.16713066053605 -8.17510269533998 -8.17357484376411 -8.1764439664642 -8.18765890459858 -8.20992221892383 -8.23215782155291 -8.25499015089883 -7.67768653668803 -7.74678845013472 -7.76238498885132 -7.77805007331411 -7.77981719248109 -7.7930852080304 -7.80773961040642 -7.78190444100132 -8.03631137256377 -7.9995263007684
-7.85934262650971 -7.89863613413606 -7.88440611543139 -7.84385842643646 -7.8240446054947 -7.78132228549629 -7.74908162811167 -7.7267065145037 -7.70590525687019 -7.67749016775504 -7.64781369994197 -7.63665549743632 -7.62814907524222 -7.61211237490894 -7.58009521038344 -7.57402494468042 -7.55152682674218 -7.77782859289583 -7.78348238500418 -7.52655885473564 -7.75624608277492 -7.51596829488351 -7.7718390987103 -7.78266388521659 -7.78826905447401 -7.80947842799054 -7.88542660397029 -7.94095441410808 -7.93952862098996 -7.91661397725755 -7.89534783044101 -7.6295968535078 -7.6124295982157 -7.59505613083141 -7.57968306465848 -7.55888622047938 -7.54670263977067 -8.0948918745276 -8.13288115951678 -8.11329874282 -8.11544758841469 -8.10153279737135 -8.10597736231315 -7.53606093066085 -7.57787091978797 -7.65554406261573 -7.69443273046861 -7.69833518675425 -7.7164243783396 -7.72690227922807 -7.74942585245346 -8.01968565448704 -8.00408845630382 -7.98900760572609 -7.96811610861589
-7.89933947991905 -7.94725689428796 -7.89772349254537 -7.85907296015274 -7.81497128894374 -7.76374438218055 -7.73495177042188 -7.72375658958801 -7.70253655851739 -7.68537282236402 -7.65128640555064 -7.63195151655249 -7.62043302063999 -7.60040385928703 -7.81132221761105 -7.79948924286875 -7.77835202313811 -7.76295471527361 -7.75776157965353 -7.74920891904833 -7.7425469029268 -7.741215305012 -7.76144284114657 -7.76878269720315 -7.78029211193078 -7.78286990610393 -7.79227315699991 -7.79418121896949 -7.8442030148929 -7.85063393753135 -7.85557067049985 -7.85297345452154 -7.85079411669703 -7.8396581996332 -7.7960597673714 -7.5403468122134 -7.5207131888719 -7.48503794538023 -7.50103105446704 -7.49627043851294 -7.51127449095289 -7.50526733052306 -7.48321921390157 -7.47257610676763 -7.49772416812124 -7.5622925257869 -7.59750642937803 -7.61264457479777 -7.63889670980783 -7.94400494060007 -7.95017502344304 -7.95257298296143 -7.94346808495923 -7.91752366654402 -7.90972114094714
-7.86999134699722 -7.89090469272724 -7.86041852071838 -7.83507349229448 -7.78923660311513 -7.74972353343643 -7.72455125983608 -7.71407032676998 -7.69171708183503 -7.66524900255943 -7.63237454926539 -7.62152065052994 -7.61963510880504 -7.81822342797112 -7.82615877525614 -7.79686607995226 -7.77396176267418 -7.7698276786501 -7.7592846763856 -7.74324707291868 -7.72317674404635 -7.73300503564422 -7.74932832286468 -7.75398265814605 -7.76556730112259 -7.76787675029879 -7.75173754446247 -7.74661999401957 -7.76032672692777 -7.78232156693249 -7.80719327313157 -7.83252940137256 -7.80319729030957 -7.81597066083967 -7.81767371286138 -7.79845828453207 -7.76036064602922 -7.71731196205903 -7.70044265808646 -7.6928049796118 -7.70072059547845 -7.41516368471625 -7.42960401675122 -7.41529925975253 -7.41654055011072 -7.46071850022969 -7.50717066715027 -7.82562843045731 -7.8564617014743 -7.8758761064306 -7.87632197934366 -7.87595992462272 -7.8688929974934 -7.86256258435061 -7.85338027771096
-7.78091823646627 -7.79228144349583 -7.78088076584154 -7.77671394838855 -7.75802537929268 -7.71586289288565 -7.70569462826435 -7.70768622973746 -7.7003502382898 -7.66124848425618 -7.64195181012195 -7.64921461679939 -7.83619925384008 -7.83531413657321 -7.83213742194292 -7.80071395258815 -7.7710690814311 -7.77036678134684 -7.76124162632953 -7.73933579736492 -7.76275693525571 -7.7546301274891 -7.74551862235693 -7.75633545479313 -7.75136469206565 -7.75553442031249 -7.73529823521347 -7.70535483690768 -7.73057886142524 -7.76491584912073 -7.80762385810028 -7.81501429670784 -7.80087955189416 -7.75920119499429 -7.79715882072662 -7.77940392152649 -7.75598357423089 -7.73106285075666 -7.69413268308722 -7.6900256197834 -7.66728190401581 -7.68841955549072 -7.6820163337901 -7.67338123900424 -7.68407676489269 -7.713945868742 -7.75507044355893 -7.77916579637698 -7.78870942225724 -7.80378016872189 -7.80319852673353 -7.82291989556859 -7.81168288737226 -7.79475976515564 -7.78518685605959
