data/pcas/pca_proj_current/PC02.asc
NCOLS 494 
NROWS 529 
XLLCORNER -117.166666666667 
YLLCORNER -55.5 
CELLSIZE 0.166666666666667 
NODATA_value -9999 
[rows 168 to 191 of 529, columns 275 to 329 of 494]
-8.74685717617545 -8.79746268204276 -9.02990637717755 -9.07381853550501 -8.95284666485824 -9.17679003296763 -9.33320016402345 -9.30922901214442 -9.17242614586506 -9.15226571935384 -9.23480790536678 -9.30034320946721 -9.260302223639 -9.3156227359592 -9.31844892174509 -9.34926262698041 -9.42859787181009 -9.4913774934492 -9.48929759488393 -9.54072229529643 -9.56084363739473 -9.68367529071625 -9.66104160068117 -9.456955679547 -9.46604106940865 -9.86317319699798 -9.93061749616592 -9.71567973161145 -9.7705750004233 -9.79444876541686 -9.72827309421247 -9.70806559806774 -9.76011243586464 -9.84750305032627 -10.022633633775 -10.524019591575 -9.92830114806032 -9.8490834308977 -9.90412488916945 -9.75547238669255 -9.73606767232542 -9.79551264735628 -9.8051681300669 -10.0768838601041 -10.8302181299571 -10.6329312656021 -10.5895665164654 -10.695742052355 -10.7446044046571 -10.7158829944258 -10.6640705503781 -10.3431686143888 -10.2142839590032 -10.0423727772256 -9.91548704690613
-8.68327112338904 -8.81458548628744 -8.82503676353714 -8.94790625981819 -9.01761923700589 -9.05204972951045 -9.11678935996211 -9.20753702691104 -9.0608797172813 -9.13968939922492 -9.18636186982905 -9.26751068983158 -9.33639625823228 -9.36610822139624 -9.41207414597222 -9.53377152907613 -9.54205955951583 -9.5887377215895 -9.61917504741583 -9.62340781997411 -9.69325519385834 -9.70928596498109 -9.78322626701567 -9.73178477906979 -9.78963425466914 -9.78956967358597 -9.691381152164 -9.56965203530496 -9.78918576382107 -10.0619348003836 -9.8928818086931 -9.93860844166239 -9.96815895641753 -10.1652175221047 -10.6394238948611 -10.761542400673 -10.1880197191552 -10.0865240529412 -9.90059565030368 -9.92702630741318 -10.2185122009829 -10.1448896263981 -10.2077198776344 -10.7657479846873 -11.075831520495 -10.5739775691544 -9.86216262422801 -10.544860423404 -10.6536869536778 -10.6023719327358 -10.4842750194845 -10.3917311026246 -10.3637994201922 -10.0917520486773 -9.82872257701485
-8.66409226203755 -8.7317178220764 -8.86602884072562 -8.92504296087598 -8.94346856492153 -9.03167939448799 -9.06126518558199 -9.07819300768069 -9.19415141136004 -9.21980657677984 -9.28997297854724 -9.36548234497908 -9.43432119024625 -9.42958067877463 -9.47986782984615 -9.55907345534395 -9.60381234247127 -9.61637642538099 -9.70926893733668 -9.78634330134158 -9.87733010592711 -9.76237664768968 -9.84778110011423 -9.8994529442997 -9.86600768500179 -9.79804302578396 -9.80550101423754 -9.94779584343773 -9.94740719868301 -9.99498724772897 -9.9843102095907 -9.94388715427098 -9.96066424345467 -10.1706054143917 -10.3420875521773 -10.7788067646598 -10.3510107536249 -10.312414406672 -10.2113917154371 -10.263260402737 -10.3764808218482 -10.3777764515988 -10.3921660348965 -11.057147306814 -11.0039216451501 -10.7828204965623 -10.5227893547484 -10.591090855025 -10.5249751320496 -10.6248426532459 -10.6730815594113 -10.6300248436479 -10.3894561359803 -9.93679264142255 -9.94236775424963
-8.60628266998048 -8.70786850798951 -8.81886943440016 -8.92541530246427 -8.95482985323045 -8.97690652420368 -9.11708802942388 -9.2310462648649 -9.27967507313302 -9.31204727201533 -9.37480187642952 -9.45201109306802 -9.50413144214638 -9.52463003134252 -9.59851585815312 -9.68415661520962 -9.7185155751176 -9.74795058457419 -9.80655834495812 -9.87719893968286 -9.94628283161333 -9.89163608463906 -10.034881815197 -10.0908204837504 -9.97979418660625 -9.91473856453721 -10.01244767837 -9.92114569608299 -9.92785190894602 -10.017006702703 -10.079001792384 -9.96469879180575 -10.1140907997851 -9.98225005920291 -10.2936215406889 -10.437109212052 -11.0015061752644 -10.3658082360476 -10.3415249801155 -10.3395905650715 -10.3724051391393 -10.918814278872 -10.8857401407907 -10.7786719390405 -10.8670906754557 -11.1398944741299 -10.6847476371536 -10.5676066271999 -10.6439417978938 -10.4986565704945 -10.4141005298227 -10.30252873109 -10.4670883784177 -10.2837235836278 -10.0044408732453
-8.64416012867646 -8.78072700638147 -8.86546438308512 -8.96021122123364 -9.02500093411153 -9.17116537958918 -9.24048697260727 -9.30778698665597 -9.33683395151275 -9.4169920239501 -9.4580030481646 -9.52298737565822 -9.56420416028904 -9.64473454098032 -9.73271616891322 -9.77395409504624 -9.83020997576986 -9.84410335675778 -9.87858079228859 -9.9693509274107 -10.0005206567051 -10.0994076653131 -10.1618731870515 -10.1454473492075 -10.12158863971 -10.1319575704729 -10.2356862941009 -10.059765944449 -10.2147700939549 -10.2956305466239 -10.2737995165737 -10.3879357247191 -10.3204380059905 -10.2702682710396 -10.2724265931141 -10.8395055814912 -10.6419395012162 -11.1564169634345 -11.0690467348692 -10.467381512809 -10.4231421170942 -10.9606545248854 -10.8359352062066 -10.7399596815058 -10.8283265971739 -10.7920939587644 -10.6225973863068 -10.6454306722595 -10.6534795452556 -10.7057176761636 -10.3756975967882 -10.4043621564515 -10.290101668815 -10.2009994806648 -10.0942316947052
-8.82485086525662 -8.8969085536306 -8.95685911536578 -9.09222422669321 -9.17827913162434 -9.19976847205842 -9.28961647501836 -9.35493097921048 -9.38450142090495 -9.47974186499939 -9.52430229252546 -9.56719888541638 -9.64416659276157 -9.72445621856119 -9.75185042305592 -9.81582065719563 -9.89144168404701 -9.86446316831092 -9.89556832430017 -10.0449116945723 -10.0956015856452 -10.1543638118502 -10.229388341894 -10.30230609205 -10.4406734519844 -10.4542686671068 -10.4124829705228 -10.350601641017 -10.4482546409907 -10.4814136314455 -10.4917135986311 -10.7291283208458 -10.5589999664586 -10.5222708779844 -10.7909354042386 -11.0399176782752 -10.4290159037794 -10.9036451279625 -11.246246754405 -11.0895661312608 -11.1928983454424 -10.9122094140114 -10.8702396121045 -10.8159446439357 -10.7519707067444 -10.8152278656524 -10.7132753894231 -10.5276095293085 -10.395506835277 -10.3385640405335 -10.3688548908202 -10.4436376041949 -10.3444251197174 -10.2744836330424 -10.1503101922243
-8.87950635909987 -8.96752012825688 -9.01814116901181 -9.07335517428457 -9.18066792517206 -9.19007725239278 -9.27317115989164 -9.423910919361 -9.45431527324902 -9.50644921036218 -9.58337719516958 -9.6632010043872 -9.75220262582818 -9.81108681482501 -9.82845991361735 -9.86293840891911 -9.8993177620175 -9.9569385183844 -10.0652437923329 -10.1920236311789 -10.1874036413393 -10.3641843653206 -10.3856479618412 -10.4966095144014 -10.5683811204933 -10.6099684746166 -10.5867478627972 -10.622559379883 -10.6740633220665 -10.7766930097805 -10.6032825554072 -10.6470747786099 -10.7788527496981 -11.0106694987668 -10.9925312324598 -10.9870712239326 -10.3819352533659 -10.5798415690701 -11.0159695179131 -11.2639514270798 -11.064254363868 -11.0163935689063 -10.8211820862884 -10.7120723276689 -10.6975669815719 -10.6918252240598 -10.6828153532179 -10.468436762528 -10.3785300148945 -10.1950377315408 -10.373291096129 -10.3986217899618 -10.2950126614591 -10.1612146619012 -10.0802652565732
-8.99070641173799 -9.07626789784169 -9.04701772036173 -9.09592609674185 -9.15894085961892 -9.2096644187711 -9.33704781497759 -9.44399955981608 -9.51566265216045 -9.63855702791855 -9.66705766387139 -9.71286231137351 -9.77817439373072 -9.85815852495547 -9.88101453238592 -9.94972018447674 -10.0164789778204 -10.1536796831339 -10.189951566924 -10.2882699621413 -10.4347196366497 -10.5122033017541 -10.5051113365182 -10.6092740129332 -10.6609901713901 -10.6863193240424 -10.6834986097447 -10.6943710648028 -10.7167879495343 -10.8401643249388 -10.8710662415236 -10.9826542671382 -10.9413860703959 -11.1080471783885 -11.2602044996302 -10.4598181191678 -10.1400332762212 -10.32105599003 -10.9776478372185 -10.9590214159243 -11.0449935714697 -10.8986980328475 -10.6191515677528 -10.681730249427 -10.6386634418383 -10.5500138125836 -10.5685846100024 -10.5539672466216 -10.565733674771 -10.3148143692787 -10.2256689975506 -10.2920875511467 -10.1545907781454 -10.1204733525094 -9.99433483208122
-9.03281825530556 -9.12378485078537 -9.14004698914087 -9.15758578410252 -9.20923902884624 -9.27520749527691 -9.36831973908165 -9.48034742625961 -9.65092875041977 -9.65654024827869 -9.69737408956927 -9.77649691095926 -9.88290044420646 -9.93107166449191 -10.0038476480083 -10.0653276331438 -10.2075326734307 -10.3759881907774 -10.4956552037793 -10.5183500880368 -10.6176492124081 -10.6577814697548 -10.6887364276798 -10.7951125871623 -10.8626932713892 -10.8330665771459 -10.8220812697006 -10.8597043124707 -10.8916079929033 -10.9735414219753 -11.11021657253 -11.0093940930589 -10.9838648566686 -10.9258086062495 -10.9821271304289 -10.3057256373454 -10.2509883339404 -10.5466738932815 -10.9234617051374 -10.8912140459866 -10.73626972842 -10.6754596042262 -10.9301916484668 -10.760038258147 -10.6440154502254 -10.5523810634033 -10.5543404809261 -10.5544984282388 -10.4944731399141 -10.2677901694664 -10.217369760187 -10.1744397204669 -10.1173286143681 -10.1054435830384 -10.0408734056467
-9.02670743693601 -9.08028763853044 -9.12689743632461 -9.21222269208515 -9.30678073776842 -9.4406445921404 -9.42891741168043 -9.5620114731946 -9.63981177971644 -9.71008942703149 -9.78430630716434 -9.88641878241463 -9.95505123547311 -10.0520242657926 -10.2387723113881 -10.2590482608033 -10.3012563549769 -10.4810902886662 -10.6867650387638 -10.815399266214 -10.8107489729217 -10.9082013322794 -10.9667676614389 -10.959384652278 -10.9930458281661 -11.0227790674386 -11.0141361931616 -11.0312512303336 -11.0961584579313 -11.082100668508 -11.0403999533757 -10.984506821125 -10.9650755713595 -10.6615358898251 -10.224291733581 -10.0574085862582 -10.4226205468963 -10.5665489251789 -10.8892906031055 -10.7424679868409 -10.5788333727822 -10.9096990902561 -10.9726069341459 -10.8093829622927 -10.6918197392917 -10.6743487625733 -10.6013907156616 -10.5112226637846 -10.4672333636257 -10.2990850979463 -10.1332184937669 -10.0539599715434 -10.0156619210862 -10.0279643747429 -10.0054265434019
-8.99433528234471 -9.06156013857587 -9.10037320012036 -9.2099660951055 -9.36265344367524 -9.47649922594799 -9.48229309574425 -9.60868984937919 -9.70176281371803 -9.79151189608271 -9.8867959528699 -9.9941233160783 -10.1439539070479 -10.2195439920046 -10.4327309216606 -10.4932284152213 -10.5896394596434 -10.7789364648936 -10.9862503886867 -10.9761384022339 -11.0185259169582 -11.1249124958729 -11.1260970478901 -11.1407802305267 -11.1891057163671 -11.1796469070337 -11.1898763218257 -11.2178177279572 -11.3003677685072 -11.3274655176874 -11.2710285957785 -11.1733463800779 -11.0192833284093 -10.8301677530125 -10.3990975821209 -10.2052896027951 -10.4696316220563 -10.4116616924628 -10.4378137684648 -10.4423355852338 -10.6284546500723 -11.0074967103039 -11.0084902928096 -10.9071658801522 -10.746241373765 -10.6975119253052 -10.6283006145764 -10.4469948090418 -10.3259865496931 -10.1853000220263 -10.1098777727901 -10.0770222897421 -9.96659214208605 -9.89110157345243 -9.82551248422578
-9.03437012146598 -9.08320907570744 -9.14296385207466 -9.22861737804725 -9.40455707158558 -9.44298722458001 -9.57222929235054 -9.70479398085631 -9.7969730788865 -9.92646224211705 -10.060933634265 -10.2101146068947 -10.2648232173896 -10.4544397041227 -10.7027015743536 -10.6870987135768 -10.8208344455678 -11.0727558370419 -11.2177682653143 -11.2569213590372 -11.19808951838 -11.3682904300864 -11.4875303079295 -11.4454436364083 -11.3526402470305 -11.3377684777552 -11.3834911730581 -11.4083476451903 -11.4274647784426 -11.4571251118036 -11.4585997298779 -11.2856581178389 -11.1106543400794 -10.9449934516426 -10.5450721177711 -10.3050097811475 -10.2795746864761 -10.3379922319279 -10.3046075715718 -10.3518412986741 -10.5386428555677 -10.7705038413914 -10.9875631335388 -10.933502135604 -10.7646417847238 -10.6882220498372 -10.6040341705645 -10.4941420524424 -10.2258626408024 -10.124282481407 -10.0528732288747 -9.95612261006066 -9.88511205472409 -9.83513502333097 -9.75598905790716
-9.09505392498082 -9.16975520584078 -9.24576304314645 -9.3346070816919 -9.48443839006462 -9.57264846082197 -9.72896740976095 -9.82323539387843 -9.94146143857112 -10.1530583866083 -10.2388202043154 -10.4598491102788 -10.6399241285196 -10.7845260410398 -10.9157282588862 -10.9910878412375 -11.1296137489718 -11.3673920428711 -11.4337855576095 -11.4491956351493 -11.5860241011062 -11.6744792505457 -11.7297541421232 -11.7547763985011 -11.6054944830706 -11.5652884896506 -11.7469700979643 -11.5935886873558 -11.5769918010133 -11.6025644467982 -11.5158504248062 -11.3702728158351 -11.2047370020703 -11.0308287005065 -10.811432029943 -10.5861221716613 -10.2519168259026 -10.2530210125377 -10.2992823132647 -10.6692486659972 -10.946485756021 -10.7480256510951 -10.8607861119643 -10.9563087739216 -10.8044443353975 -10.7244461728133 -10.6147104622194 -10.5267897107704 -10.3828402076815 -10.1194674538157 -10.0759926581464 -9.95492246064718 -9.93728018655962 -9.87644624884734 -9.75606028442522
-9.14587779432164 -9.27206768403728 -9.38292099550626 -9.51884084346193 -9.60888209288554 -9.7321171283864 -9.83799603704978 -9.98674554347537 -10.1364125997041 -10.3285378835531 -10.4739211044631 -10.6816930888921 -10.7569636951031 -10.9296159654103 -11.0542707950949 -11.1737657469017 -11.3462758280627 -11.5471106352725 -11.5965339038487 -11.6693583372949 -11.7447914476321 -11.8578448403075 -11.8820898151802 -11.9377843161937 -11.8319211400973 -11.7733987770982 -11.7842394848489 -11.7355232198727 -11.6905728918331 -11.6305968623478 -11.5723843808821 -11.3868695005201 -11.1614352852184 -10.969007153776 -10.8262201462932 -10.9126163681102 -10.4845962414545 -10.3018618781446 -10.4016305163845 -10.6771097805743 -10.7589568728596 -10.5414568543917 -10.5910080315641 -10.8737578908753 -10.8355607437802 -10.6914432143866 -10.6010028729515 -10.5026106560924 -10.3310444539104 -10.2082993784799 -10.04445909865 -9.9298709185787 -9.88007733935423 -9.77615786563799 -9.63834021855909
-9.27100897289752 -9.35767969227801 -9.48766880704828 -9.62478861227445 -9.7155068029436 -9.85113892309344 -9.96934959315628 -10.1518913206214 -10.3714363152739 -10.5562734598826 -10.7337483778922 -10.8013948343925 -10.9072609550754 -11.0439636781183 -11.2239965127842 -11.3730316249831 -11.6003803921437 -11.747130924347 -11.7944001086984 -11.8258611834566 -11.9665206299254 -11.9875915732281 -12.0475642759998 -12.0652990301328 -12.0938379702834 -12.1323858099139 -12.0833602195478 -11.9643513031868 -11.776539541035 -11.6262860289066 -11.495643650625 -11.3359126431394 -11.1604703066916 -10.9501964449081 -10.8817535798582 -10.7734846244508 -10.4440918563976 -10.3651649253281 -10.3689267688664 -10.3867084992484 -10.3319297559483 -10.3587395204097 -10.3924225004859 -10.489551097993 -10.6007567130668 -10.5341288192497 -10.5952640045038 -10.5520654615072 -10.3589878998367 -10.09231721955 -9.9889786926572 -9.8943524222453 -9.79221517196109 -9.70032105591201 -9.60870049358967
-9.48391556949516 -9.55981253722303 -9.58872300876301 -9.72592104314311 -9.88239776009922 -10.020237800683 -10.1635407686904 -10.3784310555262 -10.5782091977765 -10.7133658748762 -10.875775395151 -11.0210654264726 -11.1243942926404 -11.2838895111417 -11.4187634028369 -11.5242898243602 -11.8391987562422 -11.9954944859469 -12.1854860303862 -12.0428832005994 -12.1733351271066 -12.2025471396375 -12.2127952187159 -12.2251831983191 -12.3236469988555 -12.2243276277575 -12.1179747441073 -11.9892835412508 -11.8668152988707 -11.5894080160944 -11.4092593925343 -11.2962105439324 -11.1189830337157 -10.9385882662523 -11.0049169254647 -10.9808492691842 -10.4969733102672 -10.4337487556433 -10.6723662065667 -10.7386754360947 -10.5107818795444 -10.5894694036606 -10.5612850834944 -10.5199363291321 -10.5547386598759 -10.578426040596 -10.474664243579 -10.469824317764 -10.1625240353628 -10.0766622238613 -9.97150821901903 -9.85059378209736 -9.7108263776005 -9.54941325278912 -9.53386106172001
-9.6366203500458 -9.65092964626189 -9.73962933346407 -9.91461115589845 -10.0843362794067 -10.2233098798721 -10.4147063694468 -10.6673458190159 -10.7945018742642 -10.8930197872474 -11.1181688774475 -11.1487090759577 -11.3084856382011 -11.5068876582657 -11.6742116949782 -11.7705964562582 -11.9457525959606 -12.0859477341914 -12.3969717675351 -12.3249905363995 -12.3790804502317 -12.3652828697529 -12.3254435669934 -12.3377879362309 -12.4330710034836 -12.3232440876403 -12.1843125276967 -11.961565533556 -11.8001148250458 -11.6347266559395 -11.3771432247008 -11.1774008893418 -11.0385339449313 -10.9327617687321 -11.0695714859124 -11.1506218281852 -10.5668908282513 -10.6410308167101 -11.0952363016755 -11.092672950828 -10.9882418720622 -10.9347890565434 -10.840529457184 -10.7032794166721 -10.5901695416113 -10.3435699150342 -10.1507194437695 -10.0650046318769 -10.0148664320036 -9.96494403425483 -9.83096093892348 -9.74847165825034 -9.62442473576823 -9.50748339933889 -9.45674773914853
-9.77961339845138 -9.72804461317508 -9.93477719533669 -10.1148822043708 -10.3033583236816 -10.4600057989867 -10.6459814726533 -10.7615609391186 -11.0992499357952 -11.1564246939525 -11.2394868924469 -11.3363210448184 -11.4099362629562 -11.6353441853128 -11.8063965844884 -12.0000306540514 -12.1636148021514 -12.3435760975008 -12.4960722039687 -12.5039050136763 -12.5342652521742 -12.5360926094366 -12.4685014959257 -12.3976689600206 -12.4502225979286 -12.3644014569304 -12.250828853916 -12.0280420441047 -11.7469097742879 -11.562221825192 -11.4233102675677 -11.2112906623864 -11.1138055834678 -10.9683613542434 -11.398158024808 -11.1965150610858 -10.6934650732655 -10.9816141705815 -11.1312786962559 -10.9734402094692 -10.9497798429142 -10.8464528173633 -10.7910546064727 -10.6529551584693 -10.3351947579721 -10.1616034942827 -10.0696282555877 -10.020711868626 -9.98550273048091 -9.7985486328552 -9.7299196729221 -9.64965985272789 -9.58825092574881 -9.47841515426598 -9.39912065405316
-9.81895246120687 -9.8983290204045 -10.0757689437693 -10.2726140976774 -10.4257260863421 -10.653604761264 -10.8538463160248 -10.9723034801779 -11.1940016579642 -11.3626135709091 -11.4788740974607 -11.5770260658688 -11.6938179178885 -11.8499941417629 -11.9187149252281 -12.0680674332151 -12.2861860059905 -12.528450736583 -12.7609753063161 -12.852078366722 -12.8791239007173 -12.7586311577635 -12.6107582514658 -12.4721167285861 -12.4609599304587 -12.3626668143473 -12.1358705232795 -11.9538841090527 -11.7183590050991 -11.5549711175657 -11.4135279518869 -11.2934597216564 -11.6382647321113 -11.2108576880216 -11.36606375204 -11.1930116201562 -11.0555807706981 -10.9549482400417 -11.0284868609764 -11.0435841286923 -11.0269315555487 -10.8985434701953 -10.8192466823209 -10.6228548709599 -10.4336305748564 -10.2613159006009 -10.1855138191891 -10.0487797411116 -9.94803878200394 -9.80006315522378 -9.7540096730944 -9.6383424215974 -9.48093881900332 -9.36193911786015 -9.47060219016518
-10.0622154009781 -10.2203540544461 -10.2499552834217 -10.4517093038201 -10.6164275680754 -10.849340643478 -11.1261426490778 -11.3180862778187 -11.4993916776832 -11.6614074963709 -11.6765660026714 -11.8124166328534 -11.9283571884662 -11.9834765699949 -12.0143147331471 -12.1025429336398 -12.3426953747438 -12.6539551802948 -12.9949411909955 -13.1020223576499 -12.9602086616494 -12.8587422478402 -12.7383518608004 -12.5055361315389 -12.3828586479282 -12.2995602663104 -12.0997914864706 -11.9156438361281 -11.7324048648637 -11.5581193838068 -11.4007462635636 -11.2451640038229 -11.4362950691484 -11.4328182310197 -11.2421464764674 -11.1421703396062 -11.034468747558 -11.180329714102 -11.0798172578147 -11.0955159321391 -10.9899322559422 -10.8655764539157 -10.7506192566647 -10.67285032004 -10.4265034015083 -10.3212467588661 -10.192059819178 -10.0453228822636 -9.94614788206703 -9.78546556695202 -9.67913793405731 -9.47438724279835 -9.38542289737462 -9.32941879989517 -9.37201472539966
-10.3370055534087 -10.3427952838959 -10.5742658044815 -10.6921803383505 -10.8635913658864 -11.1126342716578 -11.3451860948884 -11.5326586510614 -11.7615921195191 -11.8428753009274 -11.9128377583933 -11.9700831602599 -12.0815642636752 -12.1517945282172 -12.1562337006707 -12.2336517503352 -12.4340199267802 -12.7760584686388 -13.0634523281658 -13.1447688698548 -13.0551658435842 -12.8835567216685 -12.7864717471583 -12.4902765972389 -12.4134388473063 -12.3553409668378 -12.0671124294828 -11.8739709028029 -11.7794041376584 -11.5961023783918 -11.4208983530524 -11.3377901216432 -11.5558158436297 -11.3979841388638 -11.2742139881586 -11.2186702853943 -11.156454373932 -11.1604189170994 -11.105803897006 -11.1478446319146 -10.8235532268519 -10.4837822975852 -10.4557459436594 -10.6004925423483 -10.6411533421853 -10.5413786205383 -10.1953419164909 -10.0874522132106 -9.90887354854559 -9.77112685004459 -9.62210697363846 -9.45162065501397 -9.32350751016594 -9.29173559153492 -9.33163090158467
-10.3979849054479 -10.5662335264616 -10.8127375342511 -10.8853601364874 -11.0786448390369 -11.2582397012998 -11.5173232158938 -11.7311712398348 -11.8840921120972 -11.9665573395576 -12.117885814365 -12.1941417459678 -12.2706937017644 -12.3799404736756 -12.4149321614789 -12.4650061911749 -12.6135267038836 -12.8796158565708 -13.0444572793236 -13.1004895890317 -13.0230319350827 -12.85829406922 -12.6838464085694 -12.5612834596605 -12.3982649208504 -12.2910686309748 -12.0811436149425 -11.9206300445818 -11.8186332110358 -11.6920669657958 -11.5597118543687 -11.4446845659866 -11.7444496342366 -11.4989023208221 -11.39165605295 -11.3028646649727 -11.242097864268 -11.1301849529637 -10.961500537819 -10.5791004921896 -10.5041731006448 -10.4836964309679 -10.4106584745004 -10.358462167587 -10.4069270938276 -10.4617215008514 -10.5936830722716 -10.5042343464094 -10.0190817621996 -9.77054995163446 -9.58184701791628 -9.37164095650651 -9.27754341688539 -9.24040975819167 -9.24997051751955
-10.5534119094152 -10.7132789450445 -10.8945577882556 -11.0570408993597 -11.2674138218127 -11.4785937282183 -11.6437086407369 -11.8475920738784 -12.0300947475764 -12.169780659138 -12.3234181696372 -12.4285889654785 -12.4564280879183 -12.4974251560781 -12.5336792210712 -12.610087506459 -12.7098259957491 -12.8788149815247 -12.9563789965452 -12.9717220173621 -12.8946949900886 -12.738007014861 -12.5645454120415 -12.3842708895334 -12.2180014408237 -12.110859077978 -12.0250428624836 -11.9427293888936 -11.8890570281146 -11.7549021958297 -11.6431545212911 -11.8932753799329 -11.9219476068341 -11.3223004189131 -11.2694083165677 -11.3513891507363 -11.2277741491915 -10.8060303528323 -10.7413966325195 -10.640634698627 -10.5959371014788 -10.5279220034974 -10.4922689676536 -10.4952449860894 -10.4015803087331 -10.349288937488 -10.3127986637247 -10.5617122721552 -10.4281308425099 -9.81243296667252 -9.5572244268672 -9.35888807003666 -9.23918793394236 -9.25070040644744 -9.29079341993902
-10.7233779380792 -10.8532443116209 -11.0711274631425 -11.3271149541752 -11.4163723166991 -11.6038719561134 -11.7912312787686 -11.9657769262032 -12.1539115624829 -12.3400552712574 -12.4734638133785 -12.5555726634742 -12.5779464440737 -12.5945970758179 -12.6207711306811 -12.6900932270216 -12.7672665467858 -12.8460669020234 -12.8913811581061 -12.857073094693 -12.7359955962184 -12.5805044695476 -12.3611076389839 -12.1809883325642 -12.0305230383004 -12.0022585478339 -11.9823225189269 -11.9091087870122 -11.8399501506127 -11.7590530300681 -11.6944855717823 -11.9375806924587 -11.5179819174086 -11.1057932638597 -11.4077517617583 -11.1979586840406 -10.799354875724 -10.7508523096164 -10.7328024916311 -10.6993190298038 -10.6957814772585 -10.6403263311875 -10.6272019219318 -10.5849045031617 -10.5066514545205 -10.4247618163749 -10.3209720948 -10.1806892742075 -10.112342342777 -9.7982704350156 -9.61918723674096 -9.47199792580713 -9.34643562957505 -9.34786759327599 -9.36401234551981
