data/pcas/pca_proj_current/PC02.asc
NCOLS 494 
NROWS 529 
XLLCORNER -117.166666666667 
YLLCORNER -55.5 
CELLSIZE 0.166666666666667 
NODATA_value -9999 
[rows 168 to 191 of 529, columns 330 to 384 of 494]
-9.84862980311716 -9.75538885095298 -9.69010132740364 -9.64951005513673 -9.54842873531503 -9.52026171679768 -9.6295335635872 -9.51174903030524 -9.53177076379609 -9.52201067984667 -9.31759336125697 -9.26075161195653 -9.16288388595289 -9.17478438890592 -8.84693001954849 -9.32938564181585 -9.22156109688937 -8.91436754719992 -9.12290860942234 -9.10694408998507 -9.03038957096531 -9.16432836776917 -9.09061220686064 -9.07926718398011 -8.97506857929898 -8.91222288038961 -8.95718221353946 -8.84988242457877 -8.85004109595475 -8.89403792098791 -8.97521331168764 -9.07128388015879 -9.10972964810426 -8.99986566437294 -8.96657412819686 -8.97742832938958 -9.04437696600741 -9.07336087047831 -9.06757545374204 -9.14645689605408 -9.23616638853071 -9.19518501582064 -9.19825438062016 -9.39294482763542 -9.52649276520687 -9.61286147420716 -9.64368966680228 -9.64164004687142 -9.67890119260627 -9.73070295271199 -9.75816020967638 -9.82819791148188 -10.0064869518083 -10.0153432418356 -10.0908986895329
-9.81240417621004 -9.74510788056164 -9.80306289272767 -9.78269823746972 -9.68656030537856 -9.54684116514423 -9.29278901085528 -9.22815372010664 -9.1475945074599 -9.04472759328136 -9.0349676000985 -8.91295364140418 -8.9897094803391 -8.9787481032263 -9.05446076253718 -8.80445157887373 -8.84873415787748 -8.83724674697834 -8.86222046002739 -8.91593951523793 -8.90315864945406 -8.95597318846825 -8.95781647928084 -8.99286629917744 -8.89250511168008 -8.84302824229509 -8.83505756609839 -8.83749768842081 -8.8438096493885 -8.88867832562744 -8.93747345414302 -9.03402994482943 -9.02062744414673 -8.98986533500238 -8.98443350231416 -8.97156265827057 -9.02120811398815 -9.04099819950803 -9.06409542736191 -9.11075628974169 -9.1450268275146 -9.26266405352798 -9.34556314475297 -9.48173747472901 -9.54020838569182 -9.55524553298187 -9.59597664062182 -9.61858037628213 -9.6311501529899 -9.68131253169782 -9.71853853072077 -9.76935320282057 -9.90675873118648 -9.99168990695144 -10.0932839532022
-9.87354987853693 -9.82807521799005 -9.69902100831362 -9.62150975358269 -9.53745773410713 -9.31346911064353 -9.07679349392766 -8.8091922323769 -8.77700169719828 -8.75412119122775 -8.79401617888239 -8.79611804365647 -8.80100623474504 -8.81825764261214 -8.89984667617476 -9.09387495172047 -8.7033238645089 -8.90462109150405 -8.74978762661782 -8.76573132885362 -8.84968992117349 -8.81267781609066 -8.87641270919725 -8.9063225448887 -8.8389312422427 -8.80387040536503 -8.83970613937165 -8.83195058644918 -8.77421725641172 -8.94331444000132 -8.95081810544648 -9.03337080276195 -8.99287733844214 -8.93496206182266 -8.94627656069706 -9.00394524504884 -9.11778246108352 -9.04775092576425 -9.09843674270748 -9.12970261604534 -9.12942505759566 -9.26012467488019 -9.31064252478716 -9.41328915255551 -9.57160985363726 -9.54502016618473 -9.5166601743466 -9.58173577151461 -9.60168245323191 -9.66722608720199 -9.70287133891278 -9.70845150174277 -9.89880790755755 -10.0169098879178 -10.0401215514307
-9.95484118399077 -9.81711274408925 -9.52869464815485 -9.49916859798333 -9.29448114285511 -8.90007411009601 -8.78027200918165 -8.55810336011882 -8.50743494978384 -8.42642350655592 -8.4680630533003 -8.67499889425096 -8.68535133788873 -8.84859321068604 -8.81542891425504 -8.79345397440203 -8.98241921048858 -8.81167813320978 -8.58270949973445 -8.70661236218115 -8.70576645949459 -8.69857699266634 -8.7666473056484 -8.79543116393357 -8.76293243112668 -8.79343600932854 -8.80354582247629 -8.74655593437793 -8.79534974072933 -8.86533150547304 -8.90955372588731 -8.9626700811704 -8.89094290267284 -8.91265252133338 -8.89098098918684 -8.9878628067146 -9.03388550931655 -9.03709574834469 -9.08753958839107 -9.05720835369411 -9.07056751460672 -9.25116455336284 -9.33700528135336 -9.42734097642564 -9.45234668254493 -9.47853872586774 -9.51431951051737 -9.59397259857894 -9.62228623057377 -9.65804605801612 -9.72055606662997 -9.7734249171143 -9.79032586333202 -9.91702581583814 -9.89217319384504
-9.81814329680069 -9.7195165633583 -9.52495248746179 -9.44390563936191 -8.99832192187015 -8.69632626574137 -8.53771151598841 -8.44144643550428 -8.63124086902356 -8.61346281768327 -8.48038374214369 -8.56712771692905 -8.70488749030408 -8.58087841969794 -8.4712807357685 -8.49897173287298 -8.62994957538607 -8.75770876504971 -8.89681757538866 -8.56096835516306 -8.58259530606776 -8.56750835725073 -8.65261751850965 -8.74089329351105 -8.72610951149066 -8.7040505095276 -8.75631441503904 -8.75159923953081 -8.80356922154521 -8.85809440898969 -8.94997829619524 -8.85493675747169 -8.89682379131501 -8.85182379016886 -8.89756716322055 -8.98832158802324 -8.9531420127421 -9.01587421166895 -9.06561712661795 -9.05349525597492 -9.09086019405889 -9.21196873450792 -9.30355070364955 -9.36223989979914 -9.40939814076042 -9.42334437186478 -9.50060761103979 -9.59117833186661 -9.56846768527808 -9.62955486162633 -9.63302878972397 -9.65649932697395 -9.67753813107928 -9.81047206772533 -9.8853284527989
-9.80791639329525 -9.66587633632521 -9.60048415963344 -9.3633865542091 -8.93811296270378 -8.72920558040747 -8.53982661732953 -8.47484771521398 -8.78024949480495 -8.73717412823432 -8.60510420115867 -8.60284741608893 -8.51477162484038 -8.37199768204512 -8.41808319256539 -8.26860160545798 -8.40743017283634 -8.78958831943785 -8.94003896339123 -8.91765140127723 -8.88972106784489 -8.48952187094117 -8.5941758853081 -8.69893622938141 -8.727841692427 -8.635611223121 -8.65612378316568 -8.70367400092483 -8.80403778255629 -8.80783390732025 -8.79942012807297 -8.90219539123045 -8.92463494822761 -8.95185204248496 -8.89508659913468 -8.9195032052116 -8.98891425042254 -9.01196516897174 -8.99640131479298 -9.04174266524867 -9.09177797326847 -9.15392894123624 -9.23974895404482 -9.29273753992178 -9.30650662432278 -9.42333853728113 -9.51727901697039 -9.52048997809806 -9.54092940141222 -9.5531798485584 -9.58493511812883 -9.61206255354937 -9.73506974184797 -9.78519448958014 -9.81529375562384
-9.95041853868637 -9.80545597210707 -9.68676052508237 -9.16544451681661 -8.96037859168073 -8.79490605560182 -8.66289624625473 -8.55466383546963 -8.68716548981584 -8.66166159951429 -8.57575479819111 -8.62571471675329 -8.63781314725522 -8.40528289132587 -8.36778950400783 -8.30145323548504 -8.56470971940439 -8.63943695964578 -8.78155273576314 -8.84935315280747 -8.8505655746271 -8.8510535851581 -8.50935177412634 -8.60315130711948 -8.65741837410726 -8.58250543085025 -8.60868644028327 -8.66141020710874 -8.6991276239407 -8.7296290877786 -8.75190687466414 -8.83587313553007 -8.84864440140962 -8.88119676455945 -8.91874112716547 -8.93601944436983 -8.94006144074964 -8.95340605276722 -8.98766067001697 -9.01442460554155 -9.08406417527299 -9.12364956818052 -9.18189881828034 -9.21099507543911 -9.27532532299297 -9.34032087137552 -9.41623588529753 -9.44998553820055 -9.45351804949433 -9.52342376202767 -9.49724653611436 -9.66353484799531 -9.62352807508282 -9.6576237141799 -9.67088520017468
-9.8896532943279 -9.77717612034692 -9.65015973727745 -9.53289484152615 -9.12456470443865 -8.82144657548234 -8.67973818622438 -8.66216680287946 -8.66534370347569 -8.59525654680994 -8.54018833231586 -8.5635754137328 -8.56108629360993 -8.44993375405435 -8.33113394761487 -8.45740587732025 -8.64775228679504 -8.68170479843559 -8.62826136284632 -8.79938378004868 -8.82127253497253 -8.82683619857896 -8.85952236323673 -8.53908848187002 -8.61381193651212 -8.60012722991844 -8.56734654028556 -8.60624724672884 -8.62954157287886 -8.6620354729054 -8.72342266187711 -8.77857696218505 -8.7982456947629 -8.81121029130585 -8.83533289499306 -8.84672068146826 -8.8289668838657 -8.78151089415207 -8.9127839146676 -8.97227365930238 -9.02807531962781 -9.05497015530125 -9.10322856423631 -9.15839344247881 -9.21367963608011 -9.26513522561769 -9.29979081339799 -9.3767500904274 -9.43083841882652 -9.46877890586246 -9.48266663461223 -9.50142007085221 -9.46285969845117 -9.5598687536238 -9.56781703955063
-9.93682874612948 -9.79129414811833 -9.66780626127799 -9.53759840851962 -9.17456046593207 -8.92955811258698 -8.79386857158286 -8.67081747697436 -8.59120779003942 -8.52343123376103 -8.53970836763786 -8.51544602859529 -8.4393566779887 -8.43243877218167 -8.59362567922276 -8.7547038871177 -8.61980900418289 -8.68921314534128 -8.58307979584754 -8.58686385806006 -8.74475199382505 -8.79890408533788 -8.86402024851368 -8.95773044697068 -8.56777141168874 -8.59692999497263 -8.52063774130953 -8.56986746827972 -8.58855761390084 -8.59887437498085 -8.64268392722836 -8.70255399774314 -8.72636220031407 -8.76050364286744 -8.79560768553144 -8.80701976221465 -8.8383304363849 -8.79262411230796 -8.84446533597948 -8.88103664312733 -8.94934431897979 -8.99557664731819 -9.04213299174964 -9.12039161123515 -9.14554228378683 -9.20120407006568 -9.22496754033771 -9.24285708875228 -9.27411339709656 -9.31600265157146 -9.34618894509191 -9.34473843022139 -9.40906218646633 -9.45499408821669 -9.52858336415033
-9.90460415567484 -9.78755439792326 -9.59358013349279 -9.33010892950818 -9.10861343134541 -8.90196868869963 -8.75755315710849 -8.64568049897921 -8.60666137526907 -8.55714630213241 -8.45731129987546 -8.4860396698315 -8.54062076618337 -8.42942895558542 -8.38593731004656 -8.52629412263342 -8.53799398843264 -8.56795344952215 -8.82123249867479 -8.74001327549446 -8.6586179250805 -8.74204494581207 -8.86586393020109 -8.92818107674865 -8.92105621927228 -8.52941983532641 -8.5309310947391 -8.56329677415852 -8.53141261008593 -8.53792833379901 -8.58020863483734 -8.63380689585336 -8.67425914134264 -8.68700548634424 -8.71809716035106 -8.74345049047347 -8.71354904893978 -8.68940619192892 -8.76380144956542 -8.83123237125895 -8.89041952187105 -8.91870302954847 -8.98813325857531 -9.07921594762824 -9.1235756794113 -9.15153702030914 -9.17939364436016 -9.18705232430882 -9.21313127543369 -9.25018884232857 -9.27851201993696 -9.29873958711501 -9.35176621800071 -9.38684593838421 -9.51405007922322
-9.84742960744757 -9.7572878916924 -9.46540606016674 -9.35156609806326 -9.20445756144847 -8.93148092999144 -8.78167534635094 -8.70402968787117 -8.55314093799999 -8.52904230007602 -8.42952004457462 -8.40470129929781 -8.4160301426301 -8.35146327513768 -8.32671885270075 -8.26597374958002 -8.2452965115252 -8.35121573586366 -8.6411164539732 -8.63279614161569 -8.65172881622082 -8.74294408244349 -8.77820788658578 -8.8252831978598 -8.87577852500187 -8.9019699988629 -8.52154542090438 -8.4916432095544 -8.4900864991833 -8.50363511262657 -8.52796072211808 -8.55419273090527 -8.59971887067533 -8.63407316365882 -8.62649483521205 -8.59558347348776 -8.65077632098534 -8.69843433478743 -8.75110925776524 -8.74762569667569 -8.82111635740382 -8.87469616363617 -8.95545045391683 -8.97032120340722 -9.05372944879645 -9.1005305437711 -9.11068366712499 -9.13248511451536 -9.17194462104885 -9.19465006443699 -9.21252707619831 -9.25165950949298 -9.31558659533948 -9.36596508384496 -9.37022492491854
-9.75190210724971 -9.58907932171835 -9.45577624002902 -9.31664461401968 -9.14900532642503 -8.90262615751609 -8.77439799226762 -8.73468327651962 -8.57727194710654 -8.51933668842964 -8.48310762524945 -8.45820276115876 -8.42373970430772 -8.38195533649187 -8.29962562528825 -8.2588928264216 -8.26631693415154 -8.23114524195439 -8.55074672994973 -8.57771814846809 -8.65395044628747 -8.68547152237423 -8.78775564714702 -8.81445616470061 -8.83768007361395 -8.86897924294136 -8.46949974460726 -8.45426743819081 -8.43001951213191 -8.46205013581041 -8.48190952088241 -8.5051572277113 -8.53073206211181 -8.5622919270428 -8.58332473894905 -8.56650798072964 -8.63574925932061 -8.62605301773059 -8.66212708977232 -8.73611879986542 -8.74768497950291 -8.84431189728335 -8.88666128293649 -8.87047457111207 -8.94121091983797 -9.00794261463428 -9.06814938748473 -9.1131933647716 -9.15169991517042 -9.15757577848227 -9.19282488088901 -9.18541828987951 -9.23958771565923 -9.27179828554787 -9.27886376980688
-9.67246422941097 -9.56139891132237 -9.3845703094469 -9.23859513602763 -9.11022088118468 -8.89182718155506 -8.75821311246035 -8.66423372259503 -8.582817919976 -8.53461929285609 -8.48604139251097 -8.50175492961247 -8.44641952967979 -8.43979990141816 -8.36073041982798 -8.31539558354537 -8.27295264067741 -8.3581249189232 -8.59404076361241 -8.56335256740283 -8.61904899934842 -8.64841305741032 -8.75422744563327 -8.77158755918486 -8.80040423458012 -8.77095161451962 -8.7439487126093 -8.39018999687786 -8.39657977713622 -8.41901621884867 -8.4565678630182 -8.45851062883163 -8.48699588733781 -8.52215407226549 -8.52227218755396 -8.50815623966693 -8.58953539801687 -8.51052684934689 -8.59122319249664 -8.62891332280653 -8.69116366308151 -8.8046016474934 -8.86699926605445 -8.89676235271414 -8.93663286001654 -8.93981790473899 -8.99063785781643 -9.04218585521319 -9.09277294821693 -9.12019798870785 -9.11389838750842 -9.14499712077269 -9.19274559096785 -9.2210002696067 -9.29025640365592
-9.5987068179393 -9.49985152349031 -9.35849263419184 -9.23786013816338 -9.1506118100278 -8.9232559101357 -8.78147098307475 -8.63662991394779 -8.64482041755118 -8.62364470000764 -8.61487973765898 -8.61995852625526 -8.55857142881475 -8.46251873107176 -8.44233972146357 -8.35570294638586 -8.3377478267713 -8.45998189222234 -8.59005878633446 -8.57016627255499 -8.57296628883469 -8.61184292213297 -8.72615438891057 -8.74967637327793 -8.75414206833277 -8.71796242929109 -8.72065427326099 -8.37728492079494 -8.37395076008865 -8.40102185448691 -8.41802311362496 -8.42130268990883 -8.45442436361299 -8.48189570249536 -8.49377811943105 -8.47278847254213 -8.52319091016883 -8.51431020695253 -8.55196369454085 -8.61265674768275 -8.63903636761962 -8.74773658194197 -8.83110282083581 -8.8879899453747 -8.91884225918797 -8.89857144812802 -8.93705680467764 -9.00995227548652 -9.02977513887822 -9.04527664047743 -9.10463239235537 -9.1151755263903 -9.13928949562192 -9.20021109520545 -9.2492014696604
-9.51771517871851 -9.47206356030681 -9.25503707114514 -9.12752838077212 -9.00842012760777 -8.86924500152084 -8.72147076774193 -8.66038058491655 -8.66935985018851 -8.6121146395592 -8.60680689577334 -8.62145148969179 -8.62358408393563 -8.57364167118619 -8.49662317213736 -8.46323124719645 -8.49661984188503 -8.58557162965471 -8.59505946180594 -8.59568286536485 -8.58607329830758 -8.63724555644271 -8.68843024467024 -8.73930476259922 -8.74431701892865 -8.74020365894098 -8.72433408768573 -8.35325469588654 -8.37377889194575 -8.37655471289556 -8.40755986195659 -8.40146916068677 -8.4207494183637 -8.44035555398365 -8.46617309296143 -8.45497625200189 -8.4341590538663 -8.37905535867777 -8.54351178860593 -8.66154088579668 -8.61231949614015 -8.71851904788483 -8.76698705883878 -8.83477901822287 -8.90519653616921 -8.9361214236071 -8.9560838071548 -8.98480193413306 -9.03047842221282 -9.06518774215773 -9.10937193597973 -9.13275964397796 -9.1703684850645 -9.20232520791341 -9.21594784212508
-9.43221645110383 -9.36349788775435 -9.20841826291384 -9.1157670657894 -9.00212946174885 -8.88966285369249 -8.78218367711687 -8.73944294600073 -8.71749401599492 -8.65301319275134 -8.74143318129902 -8.72977651809654 -8.70536337853886 -8.63399488999962 -8.59337558429335 -8.63302395289777 -8.64511544148041 -8.61486739819376 -8.59144797998198 -8.62316555228 -8.62496830087166 -8.63235340744712 -8.67799490530969 -8.71840096921347 -8.71761102187152 -8.74328222544615 -8.72134300435469 -8.37069331669571 -8.39034889839134 -8.39572050481062 -8.41595151294346 -8.41576304741593 -8.42123044867401 -8.44314058211421 -8.4425545996834 -8.43461093193288 -8.40939681189124 -8.34876562084595 -8.45394741144421 -8.61287319353106 -8.64253872551397 -8.69526476066855 -8.76375485622278 -8.81270197206178 -8.86552572311371 -8.89390622248345 -8.93688462639555 -8.99316805201242 -9.04361824164903 -9.07169410898919 -9.09394670302868 -9.11139263764339 -9.1480039444995 -9.16689366092523 -9.18578334814831
-9.40262522130003 -9.35817992031406 -9.2339322652353 -9.11670018710121 -9.01070587409972 -8.90990242866179 -8.83325805583813 -8.77150918662983 -8.71301802216491 -8.72978461616441 -8.77323707646053 -8.77554088084011 -8.77141912994741 -8.72063418812554 -8.72881517179324 -8.70610034388256 -8.67767832547913 -8.64766623914651 -8.64001719335786 -8.64648726702052 -8.68779289587749 -8.67701944998699 -8.69657311476744 -8.72886477949285 -8.73614953110241 -8.75477749508272 -8.41573905775901 -8.43444888143101 -8.46237851153774 -8.43406505345763 -8.42874100317814 -8.43973992934318 -8.45073811773801 -8.47723830410218 -8.4953353826239 -8.47481505861476 -8.42607580885894 -8.40883222617463 -8.42936738183787 -8.53370986279621 -8.65538826400937 -8.70526773030294 -8.75142845499693 -8.81155756175992 -8.8660441878309 -8.89679511186065 -8.93105288260429 -8.97795077278102 -9.03225695393281 -9.06293163212239 -9.08077480688316 -9.11973285670873 -9.12996562885532 -9.16313993612284 -9.21990132113618
-9.42799774365752 -9.57114666357013 -9.51312576001103 -9.09306183171537 -9.01435697786781 -8.92114167892983 -8.8733295071571 -8.91628226759574 -8.87065447382127 -8.85325539761638 -8.853187543598 -8.83110463509108 -8.82135455294547 -8.81340235684578 -8.78154165459556 -8.76221339549519 -8.73114862440355 -8.70320069574701 -8.73376515721882 -8.71687676869316 -8.72022857492875 -8.72912289547364 -8.75893533386887 -8.77240863397743 -8.7677202339264 -8.76653090712547 -8.47159735104207 -8.49261223035447 -8.47354338191671 -8.44957835041009 -8.46313303418474 -8.47220901606705 -8.49288071486628 -8.51215593342227 -8.52676652044053 -8.52642209894372 -8.49636948927891 -8.4826885170156 -8.49986814640628 -8.55019254740487 -8.66585938634807 -8.71219891654018 -8.75633138409425 -8.81349878471606 -8.86043255184603 -8.91055811920762 -8.94481934262729 -8.97830477914589 -9.01743429252664 -9.06162524503372 -9.08043447229951 -9.09956242336857 -9.11746102852863 -9.14719221154945 -9.2155865551833
-9.49029732850243 -9.55242645692452 -9.19070274815715 -9.12156017814672 -9.07945937028283 -9.00033251982609 -9.02631605467923 -8.99691451211047 -8.97920884047636 -8.94914060369814 -8.92765363619967 -8.90276775677306 -8.88321433919578 -8.83537591097291 -8.79758299674526 -8.82827584585011 -8.82960737839248 -8.81795617770102 -8.79221681980722 -8.77102540766054 -8.77739160503419 -8.8032937678412 -8.87509987522391 -8.90259540232403 -8.8496248184159 -8.83718515144985 -8.50950586728963 -8.52822200205901 -8.5342519787642 -8.50815769349852 -8.51114417266185 -8.53015359316907 -8.53679915225055 -8.56805062482766 -8.57156489914805 -8.57053301014516 -8.55482409969517 -8.54034880018827 -8.57717122936683 -8.61103794030848 -8.69478125947025 -8.74584879805193 -8.79105541726922 -8.84313524523556 -8.89275438504026 -8.929249628012 -8.95128897219741 -8.98419055656434 -9.0103154284435 -9.05637110694297 -9.07880094433591 -9.11408409390857 -9.11436228773888 -9.1182209774703 -9.16856471962338
-9.31916222117521 -9.20427339839553 -9.10962945389942 -9.10035319919171 -9.15953436409756 -9.0659053092167 -9.13116271257228 -9.08002243354293 -9.05480235349774 -9.02782355396016 -9.00092064063248 -9.00391218681923 -8.93872147449296 -8.88949295185941 -8.85411046712066 -8.7697880670644 -8.87217653450523 -8.9192175034061 -8.92451533923212 -8.89093391745265 -8.83940995547664 -8.86494010886098 -8.8737259944656 -8.88553821485354 -8.91399901688983 -8.58208810687984 -8.57964363382956 -8.600990388592 -8.58688497977729 -8.58265498275239 -8.58621008267217 -8.59538991251913 -8.62418752082416 -8.62687511575215 -8.64194938017019 -8.64489792601094 -8.63115678446869 -8.62853921350673 -8.6586678652321 -8.71054145225453 -8.75152646240708 -8.80604417070255 -8.83724820534997 -8.88523715815439 -8.92344630448369 -8.96723420172922 -9.00470583919354 -9.0365215985609 -9.04099406632829 -9.06768871558242 -9.09865667439368 -9.11080492861329 -9.1282299016575 -9.15894297754247 -9.18495423311708
-9.22482742955734 -9.19988697242385 -9.16331264333124 -9.19159847704119 -9.13663030231259 -9.15941794860897 -9.22785389426863 -9.16546733619729 -9.15656648511329 -9.11944368781072 -9.08962001193866 -9.03441387633787 -8.99209039532775 -8.93798409685336 -8.89453147712497 -8.88709474747134 -8.88406279727721 -8.8969733061271 -8.96538148730846 -8.96117827640628 -8.96907874462636 -8.98888097005777 -8.99473602707368 -9.03032937697096 -8.7234686916203 -8.72471113188296 -8.71429518937513 -8.69430802723726 -8.66962590326855 -8.66308414336667 -8.67943574890415 -8.68799435522306 -8.70819352585169 -8.73333719115958 -8.73218964525222 -8.72987377094255 -8.72681399928735 -8.7368520758264 -8.7737308590031 -8.79316846009803 -8.82694570349631 -8.86972762805767 -8.89932334397664 -8.93294681912225 -8.97000225626397 -9.00437725371487 -9.02719358905355 -9.0584234341347 -9.06984129716267 -9.10032179980641 -9.11760639421563 -9.13269520609993 -9.14725781778677 -9.1797443564915 -9.19486465125024
-9.26472700897018 -9.21421165490834 -9.16896406442459 -9.22881404354267 -9.16241532018959 -9.15583857925169 -9.18928526396101 -9.23877663647589 -9.22853724251559 -9.1721064844755 -9.15145186219357 -9.11188143698664 -9.08439905715607 -9.04619476731454 -9.01104378237475 -8.99766495903601 -8.96179417234838 -8.95751982175722 -8.96545844006878 -9.04305503292446 -8.9912709979448 -8.96791588672245 -8.99164840706493 -8.97579561796693 -9.08675447464831 -8.84804575762526 -8.82009159484971 -8.82348962659055 -8.80046781481743 -8.78371580134339 -8.78170904371349 -8.78834413379744 -8.80723850586348 -8.83209638480077 -8.83526643153994 -8.84622723954315 -8.85009449681227 -8.84420016852282 -8.87557430241368 -8.89953732832695 -8.91951548353746 -8.9508424524678 -8.97585144512144 -9.00950287773706 -9.03213705544311 -9.06470568339519 -9.07617502570353 -9.07526862033057 -9.0780484816564 -9.14834214256218 -9.16607836757279 -9.16253423823041 -9.16496636190013 -9.18249058122252 -9.18219603249551
-9.25187994502549 -9.33704836806402 -9.24574229788128 -9.28117919921382 -9.2040685159887 -9.23254836235692 -9.26836510246337 -9.34951691748428 -9.24219823597538 -9.23318741235042 -9.25117735300087 -9.19988724560144 -9.19082694678031 -9.1674414415757 -9.14022792316285 -9.11448656810907 -9.05932746166986 -9.07477795583559 -9.10890684916094 -9.11192535473356 -9.13218251910569 -9.07267986927452 -9.06089324424887 -9.07020270961685 -9.12142686195252 -8.92612714378673 -8.93833014749254 -8.90959001081764 -8.90052506458821 -8.91280908770717 -8.90493247085569 -8.90146949613857 -8.91033654354028 -8.93000310961333 -8.96844319649296 -8.96720391059348 -8.97642956239142 -8.97304252703755 -8.9873711739578 -9.00337352040405 -9.02234153469067 -9.03984163646013 -9.06633026038588 -9.09245324923554 -9.11170677806778 -9.11516550061349 -9.13128921486769 -9.12697625958639 -9.12492181172103 -9.13306950098436 -9.19045911160712 -9.20579336557035 -9.19501574426696 -9.21620469057098 -9.18825911034103
-9.30947198539055 -9.31056405720471 -9.31007518083341 -9.235543863269 -9.31372193827013 -9.33792928304755 -9.3620666856115 -9.3613373432093 -9.30538832308762 -9.3130412786442 -9.30958238586156 -9.28518221481018 -9.26741180219431 -9.24858920813192 -9.23520580953498 -9.21755461382465 -9.18602800873505 -9.15125793605612 -9.17316614650065 -9.19227108094865 -9.17269589479554 -9.1468011912305 -9.13354591492423 -9.173785063844 -9.18088108080407 -8.98821055645001 -8.99879166820739 -9.00888038411034 -9.02892165937042 -9.01525268167369 -9.02649525963314 -9.03318098040664 -9.05061111035736 -9.07455306947471 -9.09186539360951 -9.10177903737582 -9.10343517865173 -9.10294656037985 -9.13115866999538 -9.12815974410672 -9.13027259214102 -9.1439987176774 -9.17708928279036 -9.19593970812837 -9.1939016343537 -9.19406428438189 -9.19114491821831 -9.19741495810516 -9.20848503615738 -9.17924248217426 -9.19193425020752 -9.23523802482478 -9.24078238012388 -9.20155980878236 -9.17442068163402
