data/pcas/pca_proj_current/PC03.asc
NCOLS 494 
NROWS 529 
XLLCORNER -117.166666666667 
YLLCORNER -55.5 
CELLSIZE 0.166666666666667 
NODATA_value -9999 
[rows 384 to 407 of 529, columns 330 to 384 of 494]
-2.79540146357435 -2.79851845825159 -2.81207353250785 -2.75948602768863 -2.71884606021033 -2.68253837519348 -2.66458570265609 -2.64019271021587 -2.62163471232761 -2.56461541068569 -2.55349115667396 -2.53013791744755 -2.6291758490245 -2.59960949470721 -2.54264024877606 -2.46739416377236 -2.40108792078818 -2.35428720554719 -2.28756652884189 -2.23590340281288 -2.16339872982375 -2.08440296081703 -2.02739954757496 -1.97184981439499 -1.90615648566063 -1.85327713662979 -1.82415791720518 -1.79005887795665 -1.74082376086556 -1.69719275695219 -1.64281472145676 -1.61234966313342 -1.57677737440121 -1.54049976610237 -1.52270676040726 -1.48114191689596 -1.40871211823924 -1.36139226363435 -1.33214429388664 -1.31147400602709 -1.29339973324099 -1.25255743031798 -1.21667603067496 -1.19327556075852 -1.19301411136397 -1.25098509071173 -1.29023835799001 -1.33946414016741 -1.3706862352166 -1.37996207602246 -1.38791347099352 -1.40385210899547 -1.41826191708545 -1.42245646910882 -1.42899703119885
-2.76670828587361 -2.77240676191993 -2.76547221438008 -2.70926903128211 -2.68740945596687 -2.63995791512013 -2.62296332859386 -2.60011288479554 -2.54810876201916 -2.49263119357636 -2.51170030336603 -2.55248368072969 -2.59314001061034 -2.57878136455583 -2.52794428336122 -2.44693973604135 -2.39536124842742 -2.33310502734164 -2.27613064630939 -2.21714225531859 -2.1451829968976 -2.0746955585663 -2.02884774447189 -1.94565640372486 -1.88499952336306 -1.8411211948663 -1.81129112505181 -1.75899819107879 -1.70410442876926 -1.6717646274389 -1.6395205638485 -1.59156810821759 -1.55089776909889 -1.52880799358603 -1.48909418503271 -1.45156287166201 -1.40049182609558 -1.35613123743027 -1.31028445717511 -1.28199514269053 -1.26531633748171 -1.24066929169166 -1.21456264340115 -1.19373284703317 -1.2206876619057 -1.26429404046549 -1.28962444568122 -1.32341867869111 -1.35887947265502 -1.36893355337823 -1.38031463215757 -1.40691441703192 -1.42881613650023 -1.43577680685149 -1.43373266829485
-2.75381022117894 -2.73581290129158 -2.73223474595683 -2.69770291445743 -2.658894256739 -2.62943568618947 -2.61194319121992 -2.54491403496912 -2.45734421428597 -2.46399767825095 -2.49437847985684 -2.52639717437569 -2.55005953608055 -2.5319737553095 -2.48126633549607 -2.41712669564554 -2.37348802705301 -2.33504546978466 -2.26845634513213 -2.20548020246089 -2.12887076883289 -2.04999516866669 -1.99342262265556 -1.90273160336313 -1.85221233352186 -1.81664513651431 -1.78478769138142 -1.73899613478333 -1.68169822293097 -1.63774527154394 -1.60755312273976 -1.56744833087136 -1.52943650822656 -1.49534765113127 -1.46105755317375 -1.42243711615084 -1.39880205734222 -1.36201847994116 -1.31329087065102 -1.25686458270158 -1.24725447120863 -1.23168321774161 -1.20935795258716 -1.22720875247986 -1.23592156420231 -1.27559931286131 -1.2913568259734 -1.324171665506 -1.33932467928173 -1.37419128538455 -1.38154814453854 -1.41191706613165 -1.41988143170542 -1.42471518036402 -1.42553978980204
-2.72848286285077 -2.71844444354874 -2.69484838143101 -2.67718415362915 -2.64202513432057 -2.62701178528567 -2.59574309009601 -2.48195676117598 -2.34359155755112 -2.49550812578946 -2.49411951111485 -2.50524342130821 -2.50671605804563 -2.48165397331886 -2.43026425534164 -2.38583455009404 -2.33739432407875 -2.29302994271624 -2.24018938301752 -2.17213760117311 -2.09754256036019 -2.01548585927413 -1.95945268809694 -1.86157794844619 -1.8253537150429 -1.81247750246307 -1.77193723170951 -1.71995386247111 -1.65509150806277 -1.62292961396462 -1.59444884397189 -1.54333275597876 -1.50493528043306 -1.48316315935203 -1.43951682603594 -1.40706513545521 -1.37195640816797 -1.34282405627983 -1.2882253271647 -1.2503821466121 -1.23283925615279 -1.227075671163 -1.22560711625345 -1.23013449159087 -1.27780506693518 -1.29749757509983 -1.308446001588 -1.33442911330061 -1.35777452702824 -1.36839576360079 -1.38072164172644 -1.40445585034132 -1.41860405922084 -1.42560542916009 -1.418459353461
-2.71953705554334 -2.71438764149169 -2.70901766920588 -2.67579340809216 -2.62616746523388 -2.63856226994688 -2.59810975110494 -2.46610505904671 -2.39355186786378 -2.48794621585121 -2.4861390308379 -2.46201860562654 -2.46583331709014 -2.42864145722229 -2.38885984117273 -2.32359328706395 -2.2892095282792 -2.25771413592052 -2.1778120368742 -2.11866273299516 -2.05410462780896 -1.98621521882157 -1.9144316256445 -1.82603796709657 -1.79361915699963 -1.77416955434678 -1.72182134213311 -1.66817246829898 -1.61582270328584 -1.59169025994209 -1.56399294264609 -1.52347386975168 -1.48542355110301 -1.44829795020018 -1.41648718821222 -1.38544851698452 -1.36170507703961 -1.33948068249491 -1.29085297755984 -1.26290081655739 -1.24293519959574 -1.23877960217578 -1.27779947003176 -1.24318661032686 -1.27471762234539 -1.3013819175974 -1.32763861014532 -1.34673903784301 -1.37252062006199 -1.37696873278915 -1.38236363903464 -1.40640769808577 -1.43106968551919 -1.42006061611135 -1.41514960358098
-2.6846877568094 -2.71714780721288 -2.71774788560098 -2.6894420278328 -2.64760724291643 -2.6146070403126 -2.60594149028703 -2.52244668656573 -2.41422240101274 -2.46560901242217 -2.47486429399511 -2.45951800558844 -2.42618097084757 -2.38083743674633 -2.34185092550318 -2.28410869394368 -2.22252397564655 -2.19135481841468 -2.11300142215999 -2.06939683957381 -2.00869372978579 -1.94595259573641 -1.89059830756764 -1.81285736103268 -1.75525779721507 -1.76598169239331 -1.69254959600662 -1.61000046540151 -1.57303315123849 -1.5548261748567 -1.53221711977197 -1.48406971502948 -1.44973889448791 -1.40610950248762 -1.3971191192789 -1.38207356106748 -1.36979410799951 -1.35676781428351 -1.32916147816323 -1.28457214492901 -1.29011688962693 -1.2879825249496 -1.27732932742871 -1.28682121778106 -1.29042884762489 -1.30287953478305 -1.33400197563258 -1.36497297603966 -1.37151192039587 -1.382299778126 -1.39666067981106 -1.4109274587727 -1.41223066332387 -1.4187297069505 -1.42975556197267
-2.69019333858566 -2.70170466354101 -2.70381027504686 -2.6881516773267 -2.66668885394839 -2.64374423517492 -2.60696803563631 -2.61170172950543 -2.49777278708896 -2.4452931708777 -2.43492568393762 -2.45057060978392 -2.41060537500074 -2.34949103505684 -2.29876773121726 -2.25652209579219 -2.20452372196205 -2.13343696670936 -2.07820531530672 -2.03052810771005 -1.98045950877879 -1.91624349514455 -1.87678670769327 -1.8223897998528 -1.73395601671083 -1.71093343937199 -1.64553013740831 -1.5832132196819 -1.5376405746817 -1.5189396558777 -1.4970177839857 -1.46147614091129 -1.43880478583947 -1.39907005489398 -1.39020754044075 -1.40633045373931 -1.40237695371455 -1.40815160898931 -1.36777449699776 -1.30643402482884 -1.26291460001028 -1.29607001903044 -1.28727588201217 -1.27857149186306 -1.29429412383888 -1.30219500070147 -1.33230207947941 -1.31986489373628 -1.36730846568402 -1.38317609012511 -1.40261540021747 -1.39231991553139 -1.3943699031016 -1.41693099725173 -1.42141977605581
-2.74916086732684 -2.6680614907893 -2.68351768722802 -2.68580305476192 -2.6720795461484 -2.66048724197576 -2.63112927215966 -2.64950462980603 -2.53123935532162 -2.4219693219084 -2.26729364882995 -2.33873186963927 -2.35610376766963 -2.33591378010086 -2.27584532162139 -2.22478865131987 -2.15897858729543 -2.1098167859552 -2.03207638145905 -2.01036263862016 -1.95399345234315 -1.91583368012665 -1.86342951305191 -1.81059271482332 -1.71037111384079 -1.65208905418084 -1.59233056425788 -1.55828786020452 -1.51927910599518 -1.48346668303092 -1.46574627217151 -1.4392264681531 -1.40888886228836 -1.37600809073104 -1.36757830179319 -1.39353196942447 -1.46306993301443 -1.41596998274986 -1.37213657271792 -1.31953792674795 -1.26820821123619 -1.28387206590229 -1.25354106645937 -1.24875844218821 -1.25776336124487 -1.26136094386443 -1.29280429257195 -1.3135617627968 -1.36547729843304 -1.37757029620776 -1.3840764153279 -1.38642078535847 -1.39976943037488 -1.40049277310718 -1.39126374779842
-2.71977168937035 -2.70111356465061 -2.68004732415678 -2.68480765237004 -2.66523534357997 -2.66345520008942 -2.64854578629695 -2.58635400037713 -2.4897380388654 -2.39871749598932 -2.34060293022897 -2.27918531764664 -2.10721756007311 -2.23430245360269 -2.22617073315277 -2.18180480807027 -2.11253656866315 -2.05827243420032 -2.01313860730637 -1.98353453698844 -1.96164586555806 -1.90175289514749 -1.84275953242796 -1.76722140130027 -1.67549810287012 -1.63060241658502 -1.55704167468507 -1.51812701533328 -1.48519084854149 -1.4597422158936 -1.43511261624241 -1.4212803361219 -1.37980375314586 -1.35734862141576 -1.27810022951505 -1.31031045896465 -1.42691969443015 -1.41725215580026 -1.37276315047816 -1.31342092513642 -1.26993818689528 -1.23390951248079 -1.22948689974358 -1.23506287902917 -1.27282960726191 -1.27368692382908 -1.29979482170458 -1.32344564753923 -1.36097634949459 -1.37388627420793 -1.38573751320676 -1.38774856300186 -1.41118812905946 -1.34544203533018 -1.31712762657468
-2.72440348843755 -2.70008677760737 -2.66914555119177 -2.6716400882309 -2.66785710779695 -2.64490165178705 -2.63335435428811 -2.55410491211266 -2.43374990997916 -2.37457197062649 -2.3299887864153 -2.24652074460747 -2.18677504176526 -2.14724604458074 -2.14157976485164 -2.12215363951236 -2.0547141579381 -2.01414889118407 -1.97715329426056 -1.98244850057353 -1.95640959360783 -1.89671096474255 -1.84218216862308 -1.78714694882899 -1.68276682818697 -1.64998350393739 -1.57622425271463 -1.51056896029931 -1.48603271894109 -1.46675688630518 -1.43025393390559 -1.3974659532881 -1.36388207553662 -1.34174438154531 -1.30141646478465 -1.26402879824615 -1.31981321336134 -1.34988426431866 -1.32166647654015 -1.28078978450737 -1.25471667882468 -1.23229934597488 -1.2189664013312 -1.2248097482893 -1.22275038280543 -1.2868633717193 -1.32007143941948 -1.35018264549241 -1.36582445060525 -1.36903715109921 -1.37866749382132 -1.38368781549356 -1.37815766205053 -1.30669100996048 -1.39323524181073
-2.70088253456563 -2.68316988854025 -2.6750262604625 -2.65053149742983 -2.65752309046845 -2.64389001351902 -2.61937031375096 -2.56169395996441 -2.45911140014478 -2.38462210918219 -2.29988017035551 -2.2622799251325 -2.17903719381944 -2.11717202213716 -2.05671824836941 -2.03526228885763 -2.00309140328438 -1.95562840996437 -1.93879800067714 -1.94681388172936 -1.94055332685718 -1.90508985871197 -1.81790649057033 -1.78429936256408 -1.74052223241395 -1.67645901365445 -1.60841201275931 -1.5490162077515 -1.47624880463228 -1.39640502374322 -1.38733124972131 -1.38407385313004 -1.38791165534375 -1.3524139629693 -1.30124545924082 -1.26329531780331 -1.25607548215577 -1.2776484022713 -1.25421994153689 -1.23759810139911 -1.2144039752461 -1.2172829020955 -1.21587153719657 -1.20905087751858 -1.22375689363895 -1.28746097265239 -1.3045977589328 -1.32617251024853 -1.37074872178398 -1.36866223674486 -1.36410526655268 -1.32531670627746 -1.29539517343714 -1.34908026354027 -1.40029087774858
-2.70682603503882 -2.69458468155703 -2.68105222466724 -2.67173738850478 -2.65960428961426 -2.6264657964918 -2.58511159136798 -2.53061473934544 -2.47525954243559 -2.41806085596911 -2.35906741632394 -2.27175813497611 -2.19524600730565 -2.0847352365681 -2.0203780015522 -1.96392039079222 -1.94383069841318 -1.89838561234671 -1.87441048703704 -1.87081495704147 -1.87800156640252 -1.87250691323587 -1.8194432497922 -1.80549608226237 -1.77892251882383 -1.71654900984727 -1.63121608924305 -1.569986194857 -1.50625258914934 -1.46362949725157 -1.41606175988711 -1.38579045232942 -1.3558863541338 -1.34860912073929 -1.3157692616787 -1.27260223878215 -1.24218353726062 -1.22930673372217 -1.22626517770995 -1.19623441927951 -1.19093051447698 -1.18733185026124 -1.19341977733264 -1.20025471299038 -1.24976882938922 -1.28449526016063 -1.29593300134779 -1.32544582760021 -1.36093800118632 -1.36297878578918 -1.36649373944596 -1.30466358701599 -1.35197575485298 -1.42170043491259 -1.41584814860944
-2.7002722181179 -2.68886725059986 -2.65983173775654 -2.65449105698348 -2.63357979390189 -2.61189890458713 -2.57725272496264 -2.5453365855972 -2.49186184515325 -2.43370217236863 -2.35852909408759 -2.3090841408654 -2.18620977393948 -2.08461343564448 -2.02617367043091 -1.95845436503047 -1.91193712169609 -1.86647672097899 -1.85632294025439 -1.84614653468173 -1.84613646270979 -1.83959772002808 -1.83079945966165 -1.81138040288414 -1.77795792911939 -1.72699379713061 -1.64685638518081 -1.58503200800076 -1.52280664167801 -1.46065821244087 -1.4150406241832 -1.37898432959528 -1.33814586735662 -1.34370242123175 -1.31340739681206 -1.26333780962195 -1.22798045928728 -1.20844530660844 -1.20467243228941 -1.18365627395288 -1.16061013889531 -1.18066398638738 -1.18278824065012 -1.23395516652017 -1.24110528054998 -1.27441745630062 -1.30840325899842 -1.33854280476821 -1.34925730248375 -1.3652840150644 -1.37431777109472 -1.32742007875596 -1.34998127405182 -1.42962853969592 -1.37782769839681
-2.70223622911705 -2.69320188765869 -2.64161477127767 -2.64362365107626 -2.63161114488556 -2.60839981334631 -2.57568750100995 -2.54437653077 -2.51417826665237 -2.46911748113805 -2.37873758585709 -2.31403599388576 -2.23076001392819 -2.12639581729523 -2.01012974058715 -1.94966081271104 -1.90346155958133 -1.85303269531076 -1.83904755664223 -1.85099436242224 -1.844660086703 -1.82473578451945 -1.82617114342662 -1.80169853147323 -1.75541428454036 -1.70997812727052 -1.64763413508819 -1.58277156261573 -1.50860576524972 -1.45044184804118 -1.40730782389677 -1.35919991964814 -1.32147689891827 -1.29655724238092 -1.27376755691922 -1.23576078277701 -1.22072610161217 -1.19415080589478 -1.17510780628719 -1.17895491298134 -1.17313796614744 -1.18752972839246 -1.19591595949413 -1.22954958865984 -1.24248307935476 -1.26084724407706 -1.2915079559017 -1.31777181854966 -1.3406195092252 -1.35185163680781 -1.36875502700087 -1.37258978327494 -1.38582036924171 -1.43000114290371 -1.3892523493064
-2.674150258332 -2.67549419516068 -2.65899114706558 -2.63290107785388 -2.58305307851554 -2.61203452069238 -2.58123704890357 -2.54979889532099 -2.53321939286536 -2.4886187261313 -2.40659654992906 -2.30602899931037 -2.20942698053131 -2.13488973943223 -2.04152784559565 -1.9481651037033 -1.87797113355128 -1.82763703026902 -1.82945255428677 -1.83691150369229 -1.84740111824063 -1.81674442192709 -1.80703316256991 -1.79278954477578 -1.74702757446628 -1.70340670188391 -1.63324369422842 -1.56736260243313 -1.49737395816511 -1.44526240245819 -1.40332304229493 -1.34829708840172 -1.30597256798427 -1.27592689701034 -1.24698397051127 -1.22302091303801 -1.20345313492102 -1.19151744016294 -1.18022756488892 -1.18576013504945 -1.20073740721769 -1.2270795338666 -1.23021242647409 -1.2298928466785 -1.2436298906479 -1.25130499763476 -1.28123217411209 -1.30520992303767 -1.32644354562887 -1.36009593054208 -1.3692349918474 -1.39293127977137 -1.41314506802635 -1.40912050810344 -9999
-2.68245459677566 -2.67192368632734 -2.65590608160173 -2.65041244452463 -2.59899686029857 -2.61393657793417 -2.58273921760465 -2.57384796814895 -2.55475689948581 -2.51226834228377 -2.43923138478583 -2.32046581170804 -2.21373414308226 -2.13481577296719 -2.05262791950241 -1.97891911095389 -1.9165822905097 -1.85822399723892 -1.86286501730027 -1.85073132157778 -1.84863465549756 -1.83054256672217 -1.77844653998561 -1.77807988839111 -1.73047403797179 -1.67209521361323 -1.61339816379363 -1.55452133971978 -1.49781052281164 -1.44336044632233 -1.38173895767767 -1.35126810756958 -1.3041074080031 -1.2592149275624 -1.23494452586543 -1.20530603407281 -1.22171893084195 -1.20666571441053 -1.21098261150192 -1.20738874388193 -1.23859340515843 -1.26042732763031 -1.24953586748649 -1.23357552903824 -1.22297171008199 -1.25778454052821 -1.29304242124096 -1.299585815468 -1.33746966561936 -1.36240902467949 -1.36455104831259 -1.38545757340496 -1.40612825471094 -9999 -9999
-2.69079415069977 -2.68551402030124 -2.6581177555632 -2.6415241487021 -2.63271518733215 -2.62409619272804 -2.5971075655016 -2.56208552502451 -2.54757131553451 -2.51142867538039 -2.42877186577941 -2.31707179315773 -2.22189101209224 -2.13157709714815 -2.06090338033606 -1.99915987979279 -1.95166762886634 -1.91508942742893 -1.91928876041269 -1.90559586839646 -1.87181694470611 -1.82949825497001 -1.7817360338208 -1.76416893254221 -1.72936906271222 -1.66609249481414 -1.60449200012128 -1.55250835025683 -1.5002710339098 -1.44476479072407 -1.38076653312287 -1.34841626978048 -1.33909143230768 -1.29809499251215 -1.26522018817719 -1.22823732184834 -1.21883507300347 -1.22279825319078 -1.22083398820822 -1.24441441624995 -1.26137543538679 -1.2837362079228 -1.28195579727416 -1.28365715108504 -1.2733649489979 -1.28745593271946 -1.29233525350452 -1.32609736641472 -1.3399848064561 -1.35718880751391 -1.32923801797694 -1.31406371291877 -9999 -9999 -9999
-2.67480438202302 -2.66643121527646 -2.64599944124725 -2.64028270012708 -2.62033393820931 -2.60742506845166 -2.57827482039664 -2.55162752170598 -2.52471733964892 -2.4859820228436 -2.39727554952089 -2.30354428797906 -2.21892005398231 -2.12977766970409 -2.06854861106363 -1.99636737988138 -1.94787874713608 -1.93150930737344 -1.92420456746039 -1.88079311936194 -1.84052058847618 -1.79605007136572 -1.77126382261669 -1.64147625372913 -1.69844080108766 -1.65736077935082 -1.60566852862665 -1.56015930395581 -1.51074739977461 -1.4589715019096 -1.42335978849267 -1.39409583040887 -1.3808606257926 -1.35821995499492 -1.29504731213482 -1.25764149068478 -1.24492397603318 -1.23746094185279 -1.24537367544619 -1.27484657858105 -1.30695201324895 -1.32477833606264 -1.33091552952397 -1.3207981842261 -1.31107000669248 -1.30681251636368 -1.31473572326489 -1.33422522523748 -1.33769944033343 -1.33708190861503 -1.378151093569 -9999 -9999 -9999 -9999
-2.70169631679962 -2.68256227777288 -2.65333031194525 -2.62507602924284 -2.61405632014604 -2.55901531691196 -2.53805765669054 -2.5352278099529 -2.48533170857421 -2.44286944067202 -2.39095150873327 -2.31143083701926 -2.21395054492649 -2.12717882019726 -2.07471679670692 -2.0197679352387 -1.96943694710605 -1.95243191119836 -1.8985244542387 -1.85899273911827 -1.81494599601543 -1.75317588291388 -1.72268283893184 -9999 -9999 -1.63040851857943 -1.6079533340264 -1.55405795853137 -1.5008696095501 -1.45537490252699 -1.42884425805248 -1.43260354089903 -1.41837229658199 -1.37546952199265 -1.33248428228888 -1.29395271585927 -1.26751492205747 -1.25456820901361 -1.27057132610694 -1.30044219352855 -1.33884586286061 -1.36934521102284 -1.36023559224863 -1.34284752904398 -1.32727210873016 -1.32828820011108 -1.33132657853452 -1.3397404172161 -1.36804835358644 -1.34906226833036 -1.397920323554 -9999 -9999 -9999 -9999
-2.68107717894623 -2.6631888255171 -2.64770207897719 -2.62988871077078 -2.60627152054793 -2.56685212035168 -2.52283917027224 -2.50800414740615 -2.47956078762639 -2.41935701025097 -2.36059270502208 -2.29540842014058 -2.23751765130604 -2.16242057034155 -2.05803021809409 -2.01153847415077 -1.96631741430797 -1.9476029445761 -1.90384551935126 -1.85456053303694 -1.79753068135842 -1.73984875218346 -1.59629853879761 -1.6735720556492 -9999 -9999 -9999 -9999 -9999 -9999 -1.41296635505076 -1.4345347403713 -1.43317093982061 -1.41916871877012 -1.38283072952392 -1.34841230008351 -1.31325797994329 -1.29484554410029 -1.31290461726175 -1.32649831578217 -1.34014018343611 -1.37307328485334 -1.37962142567653 -1.36856537784738 -1.34649348963797 -1.36041944457675 -1.35205008246605 -1.3402129163594 -1.36119397614681 -9999 -9999 -9999 -9999 -9999 -9999
-2.67094452092363 -2.65115766274158 -2.63631240185782 -2.60264338747152 -2.58570551123901 -2.56368439821932 -2.53303499606937 -2.50750960274658 -2.46824535946779 -2.39867262078418 -2.35596658816086 -2.30099787919841 -2.25623304879337 -2.17141115412573 -2.08736399000891 -2.02267293435453 -1.96522204129349 -1.92564500228439 -1.90222847081803 -1.87205371065217 -1.81270608531253 -1.76956142836657 -1.72718424225424 -1.68169430468246 -1.66687402500215 -1.63478114491659 -9999 -9999 -9999 -9999 -9999 -1.43012762174623 -1.45536037097561 -1.45289188038711 -1.42260007381739 -1.39448193922642 -1.36415597245649 -1.32495282915244 -1.34165067815891 -1.35164817306796 -1.36271558835121 -1.39606632700498 -1.39066943108412 -1.39956433933755 -1.38978246255765 -1.37981275966849 -1.37647950707225 -1.30771424109464 -9999 -9999 -9999 -9999 -9999 -9999 -9999
-2.69486458180118 -2.6463038687653 -2.63682781086983 -2.60866691977306 -2.57572828638706 -2.5529681142898 -2.52749693883268 -2.48168604593525 -2.44169441778548 -2.38800126872113 -2.31937339073319 -2.29672720823437 -2.25723936654528 -2.20459649653678 -2.1218344534171 -2.04309304636209 -1.98416809139595 -1.94059379405605 -1.91484556000967 -1.89351304684863 -1.85821290861536 -1.82879701349303 -1.77067870072711 -1.74860380430992 -1.7063929131779 -1.66127596161313 -1.64030974778728 -1.61106964821829 -9999 -9999 -9999 -9999 -9999 -9999 -1.45518650792995 -1.43650219307518 -1.38900285595502 -1.34170964776093 -9999 -9999 -9999 -1.38738183996336 -1.37662738512106 -1.38099673423542 -1.40047069379723 -1.39111737174051 -9999 -9999 -9999 -9999 -9999 -9999 -9999 -9999 -9999
-2.65507754104827 -2.64868706342152 -2.62099349818324 -2.59849263931486 -2.56137177108257 -2.51977550900222 -2.48924104146142 -2.44642612525435 -2.40561591377609 -2.35137009758728 -2.30324144541627 -2.2711694755115 -2.23116856585132 -2.19125879615102 -2.13504654368212 -2.06457569616224 -2.01227425803791 -1.96654230069863 -1.94393466117949 -1.90760082685192 -1.88100597169087 -1.85707440415863 -1.81314538323351 -1.77617583207751 -1.74859656380099 -1.70316360785026 -1.66951477541176 -1.6302657443199 -1.58995116879281 -9999 -9999 -9999 -9999 -9999 -9999 -9999 -9999 -9999 -9999 -9999 -9999 -9999 -9999 -9999 -9999 -9999 -9999 -9999 -9999 -9999 -9999 -9999 -9999 -9999 -9999
-2.64090436570432 -2.63347630577425 -2.61494914977039 -2.58582126573411 -2.5563152988005 -2.51495749926559 -2.48064803836943 -2.44801598015752 -2.40315152664652 -2.36424088525947 -2.30727326716261 -2.25603760793205 -2.2273609442905 -2.19794956991578 -2.13733643514751 -2.07178420946584 -2.03060138426027 -2.00168357155139 -1.96018806985531 -1.92412395918309 -1.88579416233577 -1.86020679610429 -1.83547089641382 -1.80265177143304 -1.7737653047245 -1.73094969165104 -1.69318824869418 -1.65698065847956 -1.61797071155449 -1.58186936352182 -9999 -9999 -9999 -9999 -9999 -9999 -9999 -9999 -9999 -9999 -9999 -9999 -9999 -9999 -9999 -9999 -9999 -9999 -9999 -9999 -9999 -9999 -9999 -9999 -9999
