data/pcas/pca_proj_current/PC03.asc
NCOLS 494 
NROWS 529 
XLLCORNER -117.166666666667 
YLLCORNER -55.5 
CELLSIZE 0.166666666666667 
NODATA_value -9999 
[rows 264 to 287 of 529, columns 385 to 439 of 494]
-4.87730097918893 -4.85179608844879 -4.83915698074983 -4.86810450261717 -4.89148932112958 -4.90567007372956 -4.94822288378552 -4.98866312334473 -5.08515002992202 -5.12041288675032 -5.13946110195084 -5.19294852963214 -5.18273515924035 -5.09138958684736 -5.05588533710262 -5.03345727767746 -4.99766099984771 -4.94616987117864 -4.89835603944755 -4.87131085556951 -4.85385237677408 -4.83492069948528 -4.82057059347191 -4.77439252172075 -4.7620909767643 -4.74454864639079 -4.71369255980729 -4.70689288368987 -4.7161211156874 -4.72673895076233 -4.74692697509605 -4.74081924470131 -4.75349563849345 -4.77036174973988 -4.75846663910325 -4.79241953117474 -4.81787290751885 -4.85529048971035 -4.86567346494405 -4.84657198862887 -4.81824307170652 -4.82833102824675 -4.80155861053268 -4.82590276423707 -4.81395772872831 -4.83094057009761 -4.82617974246347 -4.80893610215538 -4.74031454941485 -4.70673327842539 -4.67521444915914 -4.65429824501012 -4.64333812044471 -4.69359069003568 -4.77641373774855
-4.86992256902737 -4.85082782258298 -4.86332636947986 -4.88081168161812 -4.88516797234484 -4.8714034441363 -4.94194475343209 -4.99186296142393 -5.04440697849154 -5.09254528864073 -5.14262923835803 -5.17874391790825 -5.18916371938594 -5.15057606534137 -5.07053783380284 -5.02428114455943 -4.96170739502303 -4.95435518865389 -4.92225475880226 -4.88487022805856 -4.88942662754538 -4.87564802837465 -4.83568263506838 -4.81243488191819 -4.79486988196983 -4.77532039676917 -4.74686895761467 -4.75487705809954 -4.75604813565842 -4.7528294017544 -4.76763233495207 -4.76130635649542 -4.7783342510667 -4.77005433748557 -4.7766717609196 -4.80602722636788 -4.84381558760533 -4.86712624766945 -4.89349569182199 -4.90469376922878 -4.86533455813884 -4.84774474606517 -4.8453240520464 -4.85118663375897 -4.82506163951376 -4.83293861347903 -4.82706154641338 -4.77703795933941 -4.75083918121339 -4.73367088048234 -4.71508324624753 -4.71166803013645 -4.68018224056092 -4.70903760846986 -4.77465994490604
-4.85414916487897 -4.83909442984551 -4.89175162820244 -4.87773586836289 -4.92403541387394 -4.90099218026263 -4.91242704988714 -4.95975056769504 -5.00969534344727 -5.05067992836329 -5.09734568559287 -5.12025745093924 -5.08927637939801 -5.10469557756582 -5.02530641413947 -5.00364516948086 -4.96464404578504 -4.93545659763304 -4.92271923622998 -4.89232750877035 -4.88243743972281 -4.89012845777113 -4.85274252148872 -4.84632196806948 -4.82393806134829 -4.8167728128306 -4.79670683289557 -4.79094717449658 -4.80564134186702 -4.78065827690539 -4.76981038712625 -4.78468558054721 -4.78774697170905 -4.79123986478461 -4.80069162436357 -4.81913509698954 -4.85610604557781 -4.89164744531444 -4.92365498471919 -4.9361305911696 -4.90437903230365 -4.89536024098914 -4.89746020007203 -4.89897790818618 -4.86707132757127 -4.83741369576318 -4.80710969860846 -4.81817945997796 -4.77434051005049 -4.76086511197625 -4.74060203078573 -4.75180212465643 -4.74313554846855 -4.76436019470441 -4.79230549204823
-4.81277691240828 -4.85584700766942 -4.87283437459694 -4.87454507690636 -4.87933059020252 -4.88241049259201 -4.93417045987474 -4.91409367139482 -5.00411181570856 -5.04850777090476 -5.07284208917328 -5.0579184866754 -5.04433169227066 -5.05625312776309 -5.0162414587939 -5.01547733852613 -4.99151320004007 -4.97125237186964 -4.89901218800079 -4.92244773283322 -4.93198364209223 -4.89478426309152 -4.87416995701956 -4.85848430520808 -4.85007131098931 -4.85347459939849 -4.82779581377996 -4.82659314662666 -4.8252657042117 -4.81620062139762 -4.80766876782587 -4.78801309734652 -4.78250065489455 -4.79674412319307 -4.80693958874649 -4.82972395697996 -4.87073073394609 -4.90247733390757 -4.91728145443023 -4.95820907438785 -4.94553735557404 -4.9571621663438 -4.9937860765901 -4.97418036821175 -4.90910957479049 -4.88540848745714 -4.83928261518896 -4.77726989866361 -4.79793782709183 -4.7465529283967 -4.75927074153771 -4.77490507315437 -4.80721649570404 -4.81670269323952 -4.80923176926819
-4.82152755395336 -4.83581141150162 -4.85393902403567 -4.83611964642195 -4.83231252159472 -4.92416246957115 -4.92171100058446 -4.90454030562104 -4.94733711816581 -5.00103547107324 -5.03293054388971 -5.02082835653012 -5.02669117751209 -5.0169769056654 -5.00499528338911 -4.98997504226785 -4.95284059506679 -4.92775471709294 -4.93674819452984 -4.93002980705523 -4.92314982939162 -4.90339336157599 -4.88445261218239 -4.87017953435063 -4.87065130651987 -4.86362571576172 -4.85343897295995 -4.85281996454014 -4.8391740735517 -4.82933101402143 -4.83405309279811 -4.81817970535539 -4.803117341313 -4.8112770954797 -4.82625837957116 -4.86121691351503 -4.88623851911286 -4.92323899574345 -4.93297735103772 -5.11669348869142 -5.09376156202326 -4.99490988719156 -5.04610293298545 -5.04312863650695 -4.96921975084594 -4.92077714583093 -4.86194944660113 -4.7654625993286 -4.76429899976236 -4.74369325612544 -4.7654406658451 -4.78714987983606 -4.80839751646223 -4.83785052779629 -4.82712004145674
-4.85543838610764 -4.85861722250346 -4.87683247702709 -4.87066827307652 -4.87952236712352 -4.93967150019336 -4.93972822202289 -4.91626324709122 -4.94740001826105 -4.97254827039686 -4.99886001504147 -4.99357688938647 -4.99402938258779 -4.97055025692834 -4.98056894214678 -4.95709756606471 -4.92291276960093 -4.91798249073721 -4.95487840999765 -4.9344951933438 -4.90708508112393 -4.89855525964325 -4.88966331197889 -4.88761139465045 -4.88600569622412 -4.87151360141899 -4.87207346522349 -4.86094390953258 -4.85290224543481 -4.83199481937738 -4.8391277008981 -4.81263537446457 -4.81236151111758 -4.82753336550221 -4.83657904984323 -4.85163839461159 -4.880443644939 -4.90361695458575 -4.93321009776232 -5.12051934506449 -5.1271505921511 -5.16424801224805 -5.18982143449618 -5.0745518895781 -5.02192825576017 -4.94637321574463 -4.87767841494869 -4.75178596540446 -4.71437981278387 -4.74393739052259 -4.74217501298946 -4.76825497079626 -4.81147889489485 -4.85070710383861 -4.86930757483411
-4.89336677503136 -4.89928190063109 -4.86238239641362 -4.8725434036287 -4.84887216856294 -4.88468770996757 -4.91987816931091 -4.90648448569084 -4.94607743314045 -4.94717706295077 -4.95893282304793 -4.99803353954186 -4.95360415827458 -4.92402151001227 -4.94825930774684 -4.92541423047092 -4.91979508926734 -4.94929410958632 -4.94959741644257 -4.93245879655412 -4.90779837033778 -4.88897719768818 -4.89110737986467 -4.8868482541238 -4.87933740550854 -4.87626987694355 -4.86544242869846 -4.84879752506995 -4.8451444754976 -4.81432605849429 -4.80390402214308 -4.79395000559984 -4.79639561093634 -4.81294154521515 -4.81796006816431 -4.84687145190837 -4.8577848263044 -4.88913421428648 -5.0569984557741 -5.11340708297447 -5.14628388721708 -5.1609062762776 -5.18380036774325 -5.18775611645199 -5.15015627463122 -4.99290189920431 -4.91396087836776 -4.78955226175533 -4.71281823571151 -4.70222838012779 -4.70159584702432 -4.74946385009368 -4.81540397452094 -4.87192887065959 -4.89779246874795
-4.88363811789922 -4.9233477917108 -4.88895341913243 -4.88279207535331 -4.84480941860625 -4.9158247558012 -4.96283431528209 -4.94796571332614 -4.9507277114587 -4.93538650786108 -4.93886115301131 -4.94251569492067 -4.93969361937499 -4.91056072707226 -4.95798131494141 -4.94699936075301 -4.95440885563321 -4.96088622002059 -4.94284517651088 -4.92095539794399 -4.90675929402959 -4.89355473124917 -4.88032447525694 -4.86818991787373 -4.870674072092 -4.85818851871822 -4.84750664912431 -4.83471754354865 -4.82186084007325 -4.81233357296089 -4.78411093527247 -4.78764270599126 -4.80498436033905 -4.82422735349437 -4.82537164317573 -4.86241125891016 -4.8732792119923 -4.87835470230191 -5.02486558273901 -5.06277557036189 -5.13123225875026 -5.12254954499638 -5.14048310448243 -5.14954637504195 -5.12659781248677 -4.98820740479737 -4.91598723499158 -4.83319728159872 -4.78555909822551 -4.7461521043797 -4.75540856088476 -4.79173698891602 -4.83178129783874 -4.86971292518672 -4.91570246696203
-4.89532861004371 -4.94276503848582 -4.87664443939629 -4.8642358004584 -4.90690437529761 -4.93617525756184 -4.97084691858176 -4.96076303679326 -4.94787996301703 -4.9176761413752 -4.88490229859591 -4.91753257089154 -4.91943778791024 -4.93258603204565 -4.88122022707395 -4.88661178514464 -4.95106521473839 -4.95648805322619 -4.92663026445346 -4.91352640975749 -4.90668540362882 -4.88695864550452 -4.86476315771753 -4.86172272287785 -4.86694218593069 -4.8475902650472 -4.83881236347765 -4.83940320614734 -4.82509792242283 -4.83499608114577 -4.82238366038036 -4.79373067139352 -4.80807186500436 -4.83244051910874 -4.83954621729277 -4.85133578897066 -4.91022957364643 -4.89215220293393 -5.00389249614649 -5.02682889042587 -5.0961124180485 -5.08634384772526 -5.09455867652543 -5.10445420065713 -4.98796168356769 -4.9685928516527 -4.91704515497285 -4.85598540638342 -4.83048120175581 -4.78619147353517 -4.79629734062985 -4.85173060522493 -4.88590409019522 -4.88369058436736 -4.88257042208266
-4.91851503601843 -4.9238043031779 -4.92350819939515 -4.93942036429542 -4.95587176364661 -4.96646499303623 -4.96530337635562 -4.9377129105866 -4.91879815343517 -4.89097558318232 -4.89509819720546 -4.91140246979307 -4.90036389138356 -4.90160677239548 -4.85293234907823 -4.89091569688072 -4.93570789218561 -4.9261427334834 -4.92211036202156 -4.89644628732828 -4.88612358316006 -4.87115060760798 -4.86152382515833 -4.86025705849599 -4.8471914940062 -4.84154999595952 -4.84629789504516 -4.83182324326696 -4.8307460173495 -4.85269489973557 -4.83219942363175 -4.80672140182384 -4.81538671491124 -4.82033473680199 -4.84108561717047 -4.88931149188624 -4.91419632276332 -5.01820398137997 -4.98301367496623 -5.00991292458495 -5.05424924968743 -5.04162066201891 -5.06132160588607 -4.97323974953073 -4.97448624314314 -4.96036718850793 -4.92689481585757 -4.90022696838752 -4.87366764527914 -4.86543765511832 -4.89424666262549 -4.92934235413642 -4.94360602369078 -4.9038342919378 -4.88505716456534
-4.90073386736212 -4.91530968964233 -4.94337398796135 -4.94788842509281 -4.94627506510436 -4.94863462390194 -4.93922734199805 -4.9215720291856 -4.8920754053594 -4.87936133679792 -4.8814212308015 -4.90793895342654 -4.87301820017402 -4.85473641126127 -4.84217539305717 -4.89338523698595 -4.9070391143308 -4.90509677205798 -4.88389959233381 -4.87514046091548 -4.86885886870748 -4.85855928116159 -4.85394664819331 -4.84191671481989 -4.82381543569511 -4.83694142968912 -4.83983682836035 -4.83303809702523 -4.82121397801631 -4.82717116362493 -4.87726191858226 -4.82778050336123 -4.81889602432907 -4.85692420924096 -4.86279303771813 -4.85416115656568 -4.88647366321948 -4.85950129940577 -4.9788703505005 -4.98943348995852 -4.91220080747533 -4.90066133282575 -4.92208528570873 -4.94809487879527 -4.95888552032663 -4.95784917351755 -4.93233749858215 -4.91633455484377 -4.90054181482043 -4.90974416472576 -4.92803660499711 -4.99811838809801 -5.00472157389113 -4.95695517723535 -4.89826076509129
-4.90044959133183 -4.91231644580826 -4.93317075965893 -4.94474115630728 -4.92750026839344 -4.93399050542558 -4.91334761978292 -4.85319331304084 -4.85646857127882 -4.85674642753742 -4.88346083606584 -4.85959835037161 -4.85516694274066 -4.84762133867026 -4.8632944914897 -4.88436101323416 -4.88254532678674 -4.86934053232104 -4.85674222409504 -4.84692907075804 -4.84689934588226 -4.84915819377769 -4.83517653828433 -4.82496668375188 -4.8118554291699 -4.8180282005096 -4.84009393235456 -4.82597692936683 -4.81213748127717 -4.82158688976345 -4.87676166910646 -4.85765263707116 -4.84831476144412 -4.83789463064556 -4.85522220739177 -4.85432941934232 -4.84295410607934 -4.81248980954258 -4.80867773178823 -4.94276559140893 -4.90102677291253 -4.89141553862195 -4.91246871099656 -4.92926322434406 -4.96834956591905 -4.95540035670938 -4.94761820411636 -4.93469052205721 -4.92418323667452 -4.9377955743329 -4.92831045853407 -4.98885944184783 -5.02871848367719 -5.00647878741352 -4.93672988589173
-4.85850425018767 -4.87981081747092 -4.91062456572031 -4.92501414756053 -4.90676154292973 -4.87873937080275 -4.87561435759669 -4.82483145804026 -4.82854139009748 -4.84307759561018 -4.82700204102343 -4.81095409501991 -4.84572718129452 -4.83654917722469 -4.85844424129161 -4.86990609792687 -4.86261449982622 -4.83994857891969 -4.83734984038117 -4.83675697439897 -4.84139504560877 -4.83079080921832 -4.81321988957492 -4.80727417130758 -4.79839605829434 -4.80480901894533 -4.82724380113499 -4.8158493271203 -4.80254905993538 -4.8175462906052 -4.86362607685033 -4.89189966556221 -4.90270525676988 -4.86743041860635 -4.83850380182475 -4.81776742674049 -4.8387694514584 -4.77788215949035 -4.79071588597934 -4.79274723849158 -4.87471179138702 -4.91433882820483 -4.95333948861383 -4.95605346875725 -4.98299569544208 -4.98230555497114 -4.97002786915118 -4.9478637725863 -4.93237284555082 -4.94023764430196 -4.94208347473878 -4.98981233984371 -5.07035470025751 -5.0450514415275 -4.97703192396789
-4.82180617114019 -4.85131547813843 -4.87548331047902 -4.87257367351118 -4.86934717187596 -4.84689892419474 -4.83202368048375 -4.81207084202171 -4.81276676811102 -4.82148709870962 -4.81480561449428 -4.82210064517279 -4.8391581208692 -4.83153779897626 -4.84809191395915 -4.82992252516121 -4.82281931085066 -4.8244906163081 -4.81896045506794 -4.816607428634 -4.81268527121624 -4.80373575922347 -4.79319445098453 -4.77856816931772 -4.79682289496496 -4.80104635943689 -4.79174116609445 -4.80166736903974 -4.81131529004657 -4.81456029601057 -4.84320019844069 -4.87656939184498 -4.9079223441249 -4.88641533074512 -4.83384979879203 -4.83592572056566 -4.80288793506053 -4.77959073148969 -4.78020206674138 -4.80261921796655 -4.92739298959851 -4.94643594145888 -4.96055343047684 -4.97989835350983 -4.98843576010803 -4.98621085723243 -4.97414445777832 -4.9625378029827 -4.949896413884 -4.9717337813005 -4.98815238727972 -4.99270769105227 -5.01955483776928 -4.99961251047525 -4.97923660227081
-4.790865487711 -4.80995449294602 -4.81973901629803 -4.82213023120606 -4.82224630294124 -4.7996147881714 -4.77182621922551 -4.80236603341589 -4.78897790387508 -4.77208425623413 -4.76662397334481 -4.78716265656819 -4.8241931865901 -4.81382594895988 -4.82578039761356 -4.79226171914226 -4.79580343347253 -4.80893534308623 -4.79367886411261 -4.78915960273936 -4.77893955814133 -4.78136146815257 -4.76908655496787 -4.761201401129 -4.76570096676297 -4.77906063116484 -4.78188224353163 -4.78156235373509 -4.79626962894373 -4.78864788693826 -4.82053087006281 -4.84409755981113 -4.85566937960179 -4.89715826766037 -4.88091113025666 -4.87251789927806 -4.82004788715406 -4.76504755366282 -4.76833405713714 -4.81630115363795 -4.97538853364161 -5.00072008437972 -4.98816381228 -4.99603483772824 -4.99013769992342 -4.99032562689737 -4.98423582471562 -4.99653776769092 -4.99679416689735 -4.99695568957941 -5.00574477661651 -4.98950505574311 -5.0034706847588 -4.97623474275728 -4.91228833510231
-4.75893137935023 -4.75598525254111 -4.76717979456391 -4.76160070802374 -4.76313884612454 -4.75001622890402 -4.75108336829881 -4.7559826708467 -4.73486230437089 -4.73987935332852 -4.75105119000346 -4.72141786924331 -4.76764372174345 -4.79681000735419 -4.79736622661939 -4.78832173204757 -4.7888458767128 -4.77706887423384 -4.77007750963295 -4.75718230162959 -4.75355583980541 -4.74199142040532 -4.74429947117994 -4.74538246451358 -4.76060138025686 -4.76054491491641 -4.75996706374323 -4.7756760985277 -4.78626719775147 -4.77310597498499 -4.78991167903651 -4.81724022708894 -4.87337334742605 -4.88027475766288 -4.86861390454558 -4.88071690830935 -4.77752179033639 -4.74708881892588 -4.76534183831584 -4.84912181884725 -4.99632396712386 -5.03217598554806 -5.03359158779745 -5.02834814886432 -5.01407044278412 -5.02170931358393 -5.00148382577692 -4.99310956627147 -4.99299311107448 -5.02285155882954 -5.02502204318284 -4.99269587674857 -4.97273336519189 -4.9178633010712 -4.87644720465923
-4.77023492053805 -4.7458641507018 -4.73717244168944 -4.71548813262641 -4.69697678450721 -4.70657749278167 -4.71024848051561 -4.70285846785389 -4.70223582824446 -4.70782117172038 -4.71736960171702 -4.70410736842379 -4.7636306205778 -4.76856070698038 -4.77091051144889 -4.77374835956407 -4.76983629267483 -4.75941789209067 -4.75195473364643 -4.7375225258944 -4.71989552265908 -4.71307517331444 -4.7202221550959 -4.7295790232329 -4.72345968575196 -4.73955841220477 -4.76605036665733 -4.77615409682224 -4.78016600080137 -4.77264124898566 -4.78408234307455 -4.82959454515411 -4.87133327512921 -4.83143451540505 -4.79204252863884 -4.73903911600788 -4.71704710360004 -4.74547770201553 -4.7768207852446 -4.87562477993171 -5.00571941512727 -5.04388205888255 -5.04707608375712 -5.04790605617777 -5.03231742086427 -5.0237432178382 -5.01460045006784 -5.01130739348229 -4.99414030564667 -4.98127376527107 -4.97749466916002 -4.94149052499871 -4.89919851702073 -4.89586245889351 -4.89061526936045
-4.72140044338784 -4.72055382024504 -4.71187668146607 -4.68044373967256 -4.67116550166355 -4.68885161762642 -4.70267282701041 -4.67753029277735 -4.68031153591891 -4.69017832108294 -4.71897761453811 -4.72984631978726 -4.74702923333971 -4.73691693160686 -4.74323894112451 -4.74801095180688 -4.74146571548039 -4.73811314826671 -4.73028013579698 -4.70365405723433 -4.7030564191831 -4.69739971258921 -4.70606437972359 -4.71276010951765 -4.72400389536016 -4.72483455180293 -4.73540293486163 -4.73550241547955 -4.75606541915047 -4.74773069038608 -4.76526653483203 -4.80697788572649 -4.81959714706972 -4.83186578474276 -4.75223365058089 -4.70016230327238 -4.70213748509335 -4.72192462815272 -4.75957016722888 -4.83143164466455 -4.92858205765824 -4.99362191137755 -5.02669158796109 -5.03408609317149 -5.03036190636668 -5.04540332333404 -5.03258456195293 -5.02010192771099 -4.99032995195244 -4.97100942277891 -4.92755964746381 -4.90485737824416 -4.91095861057562 -4.91372597304606 -4.90610146460091
-4.71719340193298 -4.71744172761182 -4.69877945833698 -4.66872628043966 -4.65819170854558 -4.67965109819775 -4.69301811478239 -4.66370519896466 -4.6849745338737 -4.67994792572494 -4.71327567136329 -4.71810609348848 -4.72583893149764 -4.72485781933358 -4.72099250122002 -4.73236021085268 -4.72802243766955 -4.71684833863734 -4.70021863959036 -4.69231003120013 -4.69627282743091 -4.69412129195378 -4.69199159559709 -4.68492567802511 -4.69250577716218 -4.70424976079072 -4.71044648961067 -4.71182702120733 -4.72386118395685 -4.7291953177728 -4.73724674166146 -4.75590405484528 -4.79464511937488 -4.79414786883749 -4.72603516384073 -4.68869715692007 -4.69861074475116 -4.71457223528539 -4.73574374286492 -4.7546448004761 -4.83566382315677 -4.98109590851298 -5.04414353918036 -5.05501168954458 -5.04962291081266 -5.05194634864139 -5.03840339917477 -5.03325922770079 -5.01439732805123 -4.97903530965691 -4.93771712530872 -4.9137251122982 -4.90913801384164 -4.91097520013198 -4.89476284588003
-4.73171945260032 -4.71811861849291 -4.70545866602135 -4.68210535513872 -4.65475115074917 -4.66337019854854 -4.66461321643247 -4.66742807836154 -4.63977975788469 -4.66588813681243 -4.69183151941154 -4.71400779288894 -4.70464587763721 -4.71980341170924 -4.71138058958363 -4.71032508221399 -4.69935597442432 -4.70416193165602 -4.68944132319998 -4.67758708910021 -4.67746817725207 -4.68326288554 -4.66688116506798 -4.67688606955433 -4.68058844568194 -4.67712188025662 -4.69256892375021 -4.70159636281155 -4.6944973373672 -4.71102737597503 -4.74194162803648 -4.74623738849312 -4.76547442501325 -4.74988979193094 -4.70632571839267 -4.69341215964392 -4.68904821808334 -4.70160306097082 -4.74198050233294 -4.82209128678057 -4.84050931993649 -4.9777846074413 -5.07516077499426 -5.09400393424276 -5.08865040485651 -5.07261319027945 -5.06149546807475 -5.0407144378001 -5.00949270508728 -5.01668267192614 -4.98961273318761 -4.94140650776807 -4.92433574775179 -4.9064321294093 -4.88663903643313
-4.73850054741269 -4.7125074725836 -4.71314478008752 -4.6845374443851 -4.66521179372234 -4.66629671982765 -4.65088009682439 -4.63200574679035 -4.63552248381535 -4.66212888008018 -4.70157661387079 -4.69943011315126 -4.69771458131881 -4.6958953419009 -4.70468807434251 -4.6973422490257 -4.69432794142988 -4.67151730684079 -4.6750918356254 -4.6621988016054 -4.65506498900907 -4.649190222788 -4.64865632134101 -4.65889191938199 -4.66922536532182 -4.65528601881833 -4.67628131376218 -4.69001182087221 -4.6823939376131 -4.68606159191417 -4.71273563578464 -4.73801848514116 -4.73952262822917 -4.70229544955528 -4.68714273467402 -4.66177971616935 -4.68523581704883 -4.70928075302534 -4.80678854116958 -4.88443926921692 -4.89346450319501 -5.01523354839702 -5.1140111655324 -5.13919660127217 -5.12524488751603 -5.10047005643631 -5.05441363044 -5.04900016136946 -5.0311172645016 -5.03850699733934 -5.03370349487793 -4.9683925755986 -4.93324943567592 -4.91158794845074 -4.89178854774126
-4.75010095724623 -4.73371573954731 -4.70870928560424 -4.68936427918752 -4.66480469759644 -4.65674730631484 -4.64379857628232 -4.63294571546305 -4.60358890481951 -4.64013951184499 -4.67276984849066 -4.68547215737724 -4.68361260914592 -4.67756522331313 -4.68239060754346 -4.67123096981352 -4.66270349769603 -4.66573138199152 -4.65709631816659 -4.65224238262895 -4.64235969677293 -4.64435389569975 -4.64742580851341 -4.64822169673347 -4.64673836291135 -4.63426665764107 -4.65551857470502 -4.65247976172363 -4.65654441886974 -4.66530758716715 -4.67986388624966 -4.71464011806557 -4.71778344515749 -4.68606769256803 -4.67966425860102 -4.67132666415407 -4.74392060970219 -4.74964130674902 -4.81792862945752 -4.90634000837713 -4.93725785587823 -5.09399907223629 -5.19235140582634 -5.19536734983059 -5.15332904792234 -5.11501973045163 -5.0933327592038 -5.0544731070478 -5.05595246607357 -5.06771700237011 -5.05434710020248 -5.01497192774811 -4.98506550820992 -4.93180850778512 -4.90259634219644
-4.74829657664617 -4.72374979677648 -4.72132736404512 -4.69482140851273 -4.66860009897254 -4.63941277810397 -4.63982884093708 -4.61312063649116 -4.61439287445795 -4.63648696202986 -4.65448234981915 -4.65198764978227 -4.67074440418168 -4.65012510871886 -4.65574327566499 -4.6586683351286 -4.65966479562738 -4.64208219893377 -4.64274533439551 -4.63587168058887 -4.62900655012186 -4.63515504426941 -4.63655556477897 -4.64041313781578 -4.63161613354099 -4.62208542928953 -4.61853641341127 -4.62197274811857 -4.62419182197442 -4.62328034779286 -4.64793976214705 -4.67075259367787 -4.70400882750224 -4.66597665187265 -4.69691638399724 -4.68718886682418 -4.7829118803435 -4.84930456457548 -4.85984116764242 -4.9551406936819 -5.06297409837234 -5.25291400750721 -5.31002420152642 -5.25733058304129 -5.20117140079052 -5.14529291712395 -5.10318978507262 -5.07944889104471 -5.06923011991855 -5.07850923079936 -5.08310297538051 -5.06919884802782 -5.04228409724889 -4.96222236286337 -4.95812007994953
-4.73537451510264 -4.72174268366654 -4.71986735372415 -4.71324270954088 -4.67683859497951 -4.63045581145973 -4.61860816811483 -4.60206789403106 -4.61609530420451 -4.63372257766196 -4.63169469595861 -4.61040531102026 -4.64104187145783 -4.64170103362481 -4.64041018670358 -4.63950472764738 -4.64230135368627 -4.63593540568679 -4.62908061381502 -4.62468244549749 -4.61700690814238 -4.61366545639456 -4.6121514585894 -4.61454913390637 -4.62199275987069 -4.62096671758096 -4.60314345051158 -4.61466738800351 -4.63356925897045 -4.62194444966218 -4.62905522370568 -4.66185994785434 -4.70484494506726 -4.67547030122253 -4.7148973048292 -4.7133070132857 -4.80324765022536 -4.8629439717516 -4.90943734405164 -4.95054691122509 -5.11869266466632 -5.33111985567125 -5.37824672106735 -5.28378545684426 -5.20473547639632 -5.15614570677786 -5.08445282808261 -5.05220773400793 -5.05976811299705 -5.05398656250778 -5.07745593083546 -5.10020332241559 -5.05780551631472 -4.99531169759019 -4.9701273273139
