data/pcas/pca_proj_current/PC03.asc
NCOLS 494 
NROWS 529 
XLLCORNER -117.166666666667 
YLLCORNER -55.5 
CELLSIZE 0.166666666666667 
NODATA_value -9999 
[rows 72 to 95 of 529, columns 55 to 109 of 494]
-9999 -9999 -9999 -9999 -9999 -9999 -9999 -9999 -9999 -9999 -9999 -9999 -9999 -9999 -9999 -4.93277257113116 -5.15701838280034 -5.17979304395261 -5.0311656181144 -5.0928827023179 -4.94825454795738 -4.78097021795992 -4.79394402737325 -4.76541353437328 -4.73952191009711 -4.74428896371403 -4.82157576586693 -4.9162542798408 -5.05527067154663 -5.02008009273367 -5.04556941652182 -5.04140990788278 -5.00657703159292 -4.97006805004563 -4.88653752638242 -4.80687826963506 -4.74685622101595 -4.62756933840816 -4.75346026704682 -4.77494868369193 -4.62362688351442 -4.57800226545085 -4.64401187370447 -4.66346930035495 -4.57388064665617 -4.52846540989968 -4.46452336537829 -4.37427279071144 -4.25039438258273 -4.16909518963753 -4.10582293372596 -4.0833225432842 -4.16515432117568 -4.1457334697148 -4.08074843824333
-9999 -9999 -9999 -9999 -9999 -9999 -9999 -9999 -9999 -9999 -9999 -9999 -9999 -5.08771974098256 -5.36415536589398 -5.35602984763143 -5.30834196000514 -5.29579349260775 -5.03499580891074 -4.99232337149424 -4.9251810074615 -4.74800099972941 -4.74147029350306 -4.69533108564165 -4.64877041533055 -4.74282040846249 -4.81145035441286 -4.88939703289764 -4.93725038865822 -4.97980668953577 -4.99099942156024 -4.97638063078541 -4.91216206336887 -4.93230475122108 -4.92471351029524 -4.87051131195019 -4.8495133801111 -4.78773921535955 -4.83339768801702 -4.78421636847482 -4.65399657319443 -4.54773069750374 -4.72873269077216 -4.74127923458767 -4.73878954433754 -4.84260840255149 -4.8810795094319 -4.52744030301407 -4.42626922474819 -4.30667156352321 -4.28778654250546 -4.13969302557458 -4.07569538623152 -4.08946372827413 -4.20591417494655
-9999 -9999 -9999 -9999 -9999 -9999 -9999 -9999 -9999 -9999 -9999 -9999 -9999 -9999 -5.24759438703118 -5.32594382983316 -5.33741571301081 -5.26773226385672 -5.14068559755239 -4.9677673642531 -4.90765885840475 -4.80293752496831 -4.67459885979368 -4.73513082748919 -4.71974728826815 -4.62863484390649 -4.716189496924 -4.84383473067754 -4.76589740349914 -4.69246365665642 -4.75016317781832 -4.8687147397118 -4.86844747835572 -4.86750130828235 -4.89979826831679 -4.82129312288235 -4.84543500993972 -4.83730936180656 -4.8289828248345 -4.75157656865872 -4.69107492705356 -4.72593104238607 -4.83630251881625 -4.82180376040743 -4.88090076445656 -4.99298273534297 -4.87319238637649 -4.70532078493087 -4.56105982572205 -4.49189275420083 -4.51279179967641 -4.37296939723359 -4.19466997055809 -4.17300492239041 -4.20665136642302
-9999 -9999 -9999 -9999 -9999 -9999 -9999 -9999 -9999 -9999 -9999 -9999 -9999 -9999 -4.95252624107026 -5.17739319733854 -5.10277131656431 -5.20972174219756 -5.2167335202918 -5.08964547960899 -5.03344209891478 -4.73910799442814 -4.64998675840424 -4.70348597201055 -4.70630938520843 -4.55552304052551 -4.60210343602927 -4.74146411934038 -4.72943381572231 -4.74656532546029 -4.78836317902655 -4.83015725791488 -4.82237012276381 -4.81535770680294 -4.85740510367151 -4.79187145785034 -4.78945924983546 -4.83895021012381 -4.80285199515281 -4.7660240614064 -4.75546439016516 -4.77358763752135 -4.84023049815069 -4.80516732252108 -4.80483757364983 -4.91202730205525 -4.84974197256817 -4.69477675949624 -4.6380034254096 -4.69531977376467 -4.64676201271369 -4.48088932906924 -4.31622050557269 -4.27021124017766 -4.26062349837536
-9999 -9999 -9999 -9999 -9999 -9999 -9999 -9999 -9999 -9999 -9999 -9999 -9999 -9999 -9999 -4.90019642086938 -5.04978272204245 -5.15193785642565 -5.17442046955744 -5.16548688229864 -4.9252049401795 -4.85933738352072 -4.77148001454013 -4.764977239659 -4.67972395254371 -4.52169892827377 -4.5746226916513 -4.52675738585091 -4.56763516185293 -4.60786684488348 -4.72455565807311 -4.75085982723248 -4.74702520773302 -4.75391294886533 -4.82865674530792 -4.82758386081336 -4.77767673092604 -4.82552815723914 -4.80769148361566 -4.81235643771304 -4.88701039484022 -4.82020209388422 -4.80949155724533 -4.90201058285209 -4.95317668123681 -4.82790321546764 -4.85527267743866 -4.72614517500629 -4.69518596416943 -4.72343982559026 -4.77148545190474 -4.69174858567266 -4.52411285141574 -4.42426425151253 -4.34333337138664
-9999 -9999 -9999 -9999 -9999 -9999 -9999 -9999 -9999 -9999 -9999 -9999 -9999 -9999 -9999 -4.72281379704326 -4.89908968727386 -5.13869933068061 -5.15097088686173 -5.14042115052022 -5.11728278116174 -5.05439547362396 -4.91336596844177 -4.80443100570038 -4.74478372941999 -4.65539815206277 -4.55375556449865 -4.64317621903527 -4.70514464593617 -4.6914373456615 -4.68810064579517 -4.78739779535027 -4.74878363517966 -4.692669254391 -4.79795796007117 -4.82302376037714 -4.78788941470781 -4.79781613174719 -4.82291474300017 -4.78459848629927 -4.84194185130136 -4.86205327033031 -4.95128790857508 -5.01604352816004 -4.98399771291631 -4.91456662987707 -4.78006770584415 -4.77697463388397 -4.74153479265289 -4.83172589153921 -4.84467397811078 -4.82994909801477 -4.65494079947433 -4.53762582444887 -4.50039330649677
-9999 -9999 -9999 -9999 -9999 -9999 -9999 -9999 -9999 -9999 -9999 -9999 -9999 -9999 -9999 -9999 -4.83736701783746 -5.10505329177645 -5.22358942916856 -5.22320964795947 -5.46218359647155 -5.15290567467132 -4.86581724237318 -4.83926667949586 -4.78754164273477 -4.77300998912234 -4.63300180068121 -4.78765270116506 -4.78328212844613 -4.76566931309853 -4.92784061772609 -4.9647471415079 -4.92388011052938 -4.80910906574096 -4.88828532414832 -4.86946626601824 -4.83662730556917 -4.85721986085176 -4.86202887138067 -4.82502827259658 -4.83387821256641 -4.96297890114343 -4.97026744747873 -5.00483564404115 -4.96118784722074 -4.84858112724595 -4.75975135194581 -4.71073915053824 -4.77396082048857 -4.77816885088023 -4.90972970410547 -4.86402101533373 -4.78418024660852 -4.66753599316475 -4.59711395443605
-9999 -9999 -9999 -9999 -9999 -9999 -9999 -9999 -9999 -9999 -9999 -9999 -9999 -9999 -9999 -9999 -9999 -5.08386755847031 -5.16785876892875 -5.27865422318805 -5.30479123087198 -5.2322315123331 -5.16377116482275 -4.99228828877804 -4.95753308178644 -5.00901814968053 -4.89912173368864 -4.91566991642494 -4.84803163087303 -4.87353454193419 -5.01060173356377 -4.99824105519549 -4.96972898715321 -4.88132210354917 -4.71630996790789 -4.91989158630058 -5.10791405622683 -4.92624524611097 -4.79963287372377 -4.82595645662289 -4.86482783009703 -4.97723127950323 -5.04358727367979 -4.93166285516004 -4.89059836386909 -4.79198811125737 -4.73101896433776 -4.68034373309092 -4.59820947923571 -4.57235592170924 -4.87084372125209 -4.94801837967058 -4.89331559695027 -4.73039475074043 -4.65947940551349
-9999 -9999 -9999 -9999 -9999 -9999 -9999 -9999 -9999 -9999 -9999 -9999 -9999 -9999 -9999 -9999 -9999 -9999 -5.13304671962659 -5.25592369566265 -5.36628576002851 -5.37404233011359 -5.38257326607954 -5.19217725302016 -5.25473632333874 -5.35936879294566 -5.1436675589139 -5.03052792210198 -4.8921129358342 -4.892755472452 -5.03096143914936 -4.96376205803458 -4.996341510505 -5.02527591657659 -5.07253666632067 -5.11827308778889 -5.10985919154667 -5.05012421216524 -4.87179939053798 -5.07465564014357 -5.11132593543897 -5.13207190798724 -5.08395803712734 -5.08457981353908 -4.98275942749273 -4.93387753362503 -4.90428433006107 -4.84823614294683 -4.7906291002238 -4.83897180890969 -4.88971670232408 -5.01142630996457 -5.0039823462755 -4.74479105437467 -4.645195835714
-9999 -9999 -9999 -9999 -9999 -9999 -9999 -9999 -9999 -9999 -9999 -9999 -9999 -9999 -9999 -9999 -9999 -9999 -9999 -9999 -5.30458105699791 -5.40582026788927 -5.43958861343286 -5.42258557860499 -5.37745456854686 -5.34348630461023 -5.25866173853148 -5.13620153510602 -5.02130140374543 -4.96479284082402 -5.0239297552297 -5.00128663619998 -5.05652159325301 -5.10400130278303 -5.16042137746483 -5.14531986162936 -5.10389653181322 -5.13901580089665 -5.09344637372325 -5.20120651077234 -5.194332228241 -5.1721278219595 -5.09889517371846 -5.05081956144108 -4.95763700235264 -4.99965637223696 -4.9398904838391 -4.91253785577704 -4.82387320267669 -4.91187712433361 -4.90321881882749 -5.0228756888774 -5.14472514939527 -5.0523057502464 -4.82815688016542
-9999 -9999 -9999 -9999 -9999 -9999 -9999 -9999 -9999 -9999 -9999 -9999 -9999 -9999 -9999 -9999 -9999 -9999 -9999 -9999 -9999 -9999 -5.27823942343323 -5.28241749315591 -5.21166284555384 -5.38330694426295 -5.27131306380882 -5.18579851529183 -5.02515002881456 -4.91082888834977 -4.90837644929736 -5.06617936205027 -5.10523781347434 -5.15750297727553 -5.22481627435806 -5.23091158207216 -5.1747095286732 -5.11347095131063 -5.23854549603895 -5.18561338709666 -5.14964589730704 -5.1639916430011 -5.13064638641442 -5.00822988635448 -5.05186108839758 -5.03669035884029 -4.99832148866161 -5.00197256648638 -4.90907255047647 -4.93433186512232 -5.01340449923184 -5.02075565163711 -5.03591804293558 -4.94675654483907 -4.92386426983613
-9999 -9999 -9999 -9999 -9999 -9999 -9999 -9999 -9999 -9999 -9999 -9999 -9999 -9999 -9999 -9999 -9999 -9999 -9999 -9999 -9999 -9999 -9999 -9999 -5.13384618026095 -5.30193801683027 -5.33275601984634 -5.18416995624216 -5.01915814645675 -4.96644969723347 -4.94822234539326 -5.15998625302996 -5.16383079518602 -5.2129198955569 -5.28699216434734 -5.29640624432621 -5.34612267934697 -5.28579035906717 -5.27662643782218 -5.27062492180844 -5.2508691422638 -5.20320528484174 -5.18735170640152 -5.11744574829445 -5.10649846844638 -5.11581802645354 -5.04808896010388 -5.02725268107774 -5.02867965361182 -4.95625078630449 -4.96982676289205 -4.94502975041565 -4.90952602671899 -4.91337438447882 -4.95164498603795
-9999 -9999 -9999 -9999 -9999 -9999 -9999 -9999 -9999 -9999 -9999 -9999 -9999 -9999 -9999 -9999 -9999 -9999 -9999 -9999 -9999 -9999 -9999 -9999 -9999 -5.20370608417598 -5.41285076581496 -5.18966487777412 -5.10802738800314 -5.05656918341636 -5.07387123677354 -5.10932028770868 -5.07936172771664 -5.23316148554828 -5.27312457178901 -5.3840508033509 -5.3961309698322 -5.38473746902317 -5.42709267079457 -5.40359345312722 -5.36766329257362 -5.2890688762348 -5.17023297497272 -5.12519081822091 -5.05348070888582 -5.16658634486208 -5.11348985646963 -5.05824332750859 -5.05738735708217 -4.94495014963953 -5.01085718242731 -4.97770604486866 -4.91787175475443 -4.94854028291953 -5.02400308334107
-9999 -9999 -9999 -9999 -9999 -9999 -9999 -9999 -9999 -9999 -9999 -9999 -9999 -9999 -9999 -9999 -9999 -9999 -9999 -9999 -9999 -9999 -9999 -9999 -9999 -9999 -5.33450138488376 -5.32566916154809 -5.18629430939539 -5.084963788523 -5.19370323242987 -5.24399022350952 -5.17258883653294 -5.18901053704712 -5.20764806792471 -5.32371815525914 -5.48132777475522 -5.41263264701043 -5.44622969608827 -5.4559769180826 -5.45230330703147 -5.36277054815266 -5.27329756910573 -5.17481427878657 -5.07288971556287 -5.12027578310465 -5.0662203370604 -5.04959398294792 -5.02864202867003 -5.02810873144535 -5.04952682629153 -5.10242509392447 -5.0946735750875 -5.04887223590788 -5.17400745276352
-9999 -9999 -9999 -9999 -9999 -9999 -9999 -9999 -9999 -9999 -9999 -9999 -9999 -9999 -9999 -9999 -9999 -9999 -9999 -9999 -9999 -9999 -9999 -9999 -9999 -9999 -9999 -5.32350924093526 -5.3484131210604 -5.33557119303205 -5.33118622692848 -5.33355203716955 -5.44512867024818 -5.37088246074526 -5.40848058411254 -5.54370348709578 -5.58449416144169 -5.52449799073232 -5.5386427993143 -5.40703024887998 -5.36258472679708 -5.40043076690642 -5.40168352173059 -5.26639436815047 -5.13600601679804 -5.07691005414237 -5.07320173796466 -5.06572418877562 -5.02278822573054 -4.99576299163702 -4.97962142699729 -5.03497905431354 -5.11917555443653 -5.06517923087988 -5.13626751436103
-9999 -9999 -9999 -9999 -9999 -9999 -9999 -9999 -9999 -9999 -9999 -9999 -9999 -9999 -9999 -9999 -9999 -9999 -9999 -9999 -9999 -9999 -9999 -9999 -9999 -9999 -9999 -9999 -9999 -9999 -5.47289287103806 -5.54620446583493 -5.58997011914092 -5.59874555151797 -5.68937992724289 -5.63587171492838 -5.64386647218095 -5.60381791267703 -5.54018165186584 -5.53368676587841 -5.4193467998666 -5.41264673348066 -5.43432264907569 -5.39642997752163 -5.31466123004569 -5.19102361705004 -5.18627037033752 -5.16995222073031 -5.11212908119223 -5.08163604139165 -5.05492387575061 -5.06409140854407 -5.06460072870903 -5.05384714761075 -5.18221321501383
-9999 -9999 -9999 -9999 -9999 -9999 -9999 -9999 -9999 -9999 -9999 -9999 -9999 -9999 -9999 -9999 -9999 -9999 -9999 -9999 -9999 -9999 -9999 -9999 -9999 -9999 -9999 -9999 -9999 -9999 -9999 -9999 -9999 -5.64984287996831 -5.79819932645136 -5.83865487599091 -5.62959109865203 -5.55508792168777 -5.58318176108749 -5.67537328348633 -5.55723165869829 -5.4434520100164 -5.39670872454496 -5.37943531306149 -5.34086269294307 -5.30849298122948 -5.19439454084362 -5.21856281110393 -5.1622952717739 -5.09948219216894 -5.16225048826672 -5.08581370258332 -5.10712834498023 -5.11885340199911 -5.12957610356052
-9999 -9999 -9999 -9999 -9999 -9999 -9999 -9999 -9999 -9999 -9999 -9999 -9999 -9999 -9999 -9999 -9999 -9999 -9999 -9999 -9999 -9999 -9999 -9999 -9999 -9999 -9999 -9999 -9999 -9999 -9999 -9999 -9999 -9999 -9999 -9999 -9999 -5.55077192954519 -5.60121686522524 -5.72805971945164 -5.85204710099863 -5.67143880817539 -5.51894010522326 -5.44642865736592 -5.35435051125673 -5.30065776671561 -5.24979119682558 -5.22064290261723 -5.11179229604599 -5.10867542182389 -5.14139035578145 -5.0839216119596 -5.14370938213947 -5.18693349417128 -5.1609053638137
-9999 -9999 -9999 -9999 -9999 -9999 -9999 -9999 -9999 -9999 -9999 -9999 -9999 -9999 -9999 -9999 -9999 -9999 -9999 -9999 -9999 -9999 -9999 -9999 -9999 -9999 -9999 -9999 -9999 -9999 -9999 -9999 -9999 -9999 -9999 -9999 -9999 -9999 -5.6566908029816 -5.69968116246305 -5.87961245495153 -5.8850842914557 -5.72513900785117 -5.62806898607622 -5.54984228112759 -5.43605281920566 -5.32936784798807 -5.22926863693493 -5.25503684000407 -5.2063413676327 -5.13387285783965 -5.14294213325219 -5.23145785751282 -5.2941481222054 -5.26686933825659
-9999 -9999 -9999 -9999 -9999 -9999 -9999 -9999 -9999 -9999 -9999 -9999 -9999 -9999 -9999 -9999 -9999 -9999 -9999 -9999 -9999 -9999 -9999 -9999 -9999 -9999 -9999 -9999 -9999 -9999 -9999 -9999 -9999 -9999 -9999 -9999 -9999 -9999 -9999 -5.53809023947079 -5.79856420350344 -6.00459130007466 -5.89115234136618 -5.78698387397298 -5.7467169983713 -5.65797339655724 -5.58810870020657 -5.43593172986983 -5.48042790651581 -5.54207761901986 -5.4279163375537 -5.34060247586057 -5.37664489490471 -5.44135115604624 -5.3298482683463
-9999 -9999 -9999 -9999 -9999 -9999 -9999 -9999 -9999 -9999 -9999 -9999 -9999 -9999 -9999 -9999 -9999 -9999 -9999 -9999 -9999 -9999 -9999 -9999 -9999 -9999 -9999 -9999 -9999 -9999 -9999 -9999 -9999 -9999 -9999 -9999 -9999 -9999 -9999 -9999 -9999 -5.99827956032382 -5.98762425618226 -5.8447273557236 -5.72550744370495 -5.75312698099934 -5.66441772732273 -5.60566661659742 -5.57442793728612 -5.59896153600057 -5.63155213024698 -5.6516997088737 -5.66160776356679 -5.55132992856379 -5.40727179191597
-9999 -9999 -9999 -9999 -9999 -9999 -9999 -9999 -9999 -9999 -9999 -9999 -9999 -9999 -9999 -9999 -9999 -9999 -9999 -9999 -9999 -9999 -9999 -9999 -9999 -9999 -9999 -9999 -9999 -9999 -9999 -9999 -9999 -9999 -9999 -9999 -9999 -9999 -9999 -9999 -9999 -9999 -9999 -5.77058356476138 -5.6864442110974 -5.69602576681384 -5.61747475735665 -5.53389813342072 -5.63686848628775 -5.65868069374227 -5.64714387647509 -5.70901395432949 -5.77250637906332 -5.7976771347322 -5.59228499288863
-9999 -9999 -9999 -9999 -9999 -9999 -9999 -9999 -9999 -9999 -9999 -9999 -9999 -9999 -9999 -9999 -9999 -9999 -9999 -9999 -9999 -9999 -9999 -9999 -9999 -9999 -9999 -9999 -9999 -9999 -9999 -9999 -9999 -9999 -9999 -9999 -9999 -9999 -9999 -9999 -9999 -9999 -9999 -9999 -9999 -9999 -5.73191829240718 -5.75036597390221 -5.65730482283767 -5.52225015651296 -5.63998036977966 -5.69389887532641 -5.73180841026572 -5.75147395017375 -5.63533226416279
-9999 -9999 -9999 -9999 -9999 -9999 -9999 -9999 -9999 -9999 -9999 -9999 -9999 -9999 -9999 -9999 -9999 -9999 -9999 -9999 -9999 -9999 -9999 -9999 -9999 -9999 -9999 -9999 -9999 -9999 -9999 -9999 -9999 -9999 -9999 -9999 -9999 -9999 -9999 -9999 -9999 -9999 -9999 -9999 -9999 -9999 -9999 -9999 -5.52961854568293 -5.50990307881902 -5.4954927052541 -5.45505474694083 -5.5207207445881 -5.52011820531695 -5.7211670897522
