data/pcas/pca_proj_current/PC03.asc
NCOLS 494 
NROWS 529 
XLLCORNER -117.166666666667 
YLLCORNER -55.5 
CELLSIZE 0.166666666666667 
NODATA_value -9999 
[rows 0 to 23 of 529, columns 55 to 109 of 494]
-3.11004940897974 -3.12749850923788 -3.12463544477767 -3.06306052460477 -3.04201090923734 -2.99023669938875 -2.93382473748624 -2.91419201006427 -2.8939243786421 -2.79310893865337 -2.77008938168362 -2.74766381929874 -2.7403704799914 -2.78698937520375 -2.8328223281341 -2.86521259819589 -2.87282033335678 -2.85301922337554 -2.84611551709877 -2.81888347353703 -2.80694236191508 -2.762417721901 -2.74501169757923 -2.72823280054612 -2.71370850638148 -2.73041732353738 -2.72981275052026 -2.7031509694684 -2.65721501075872 -2.57397811890956 -2.52511118819931 -2.43976710828019 -2.40123465489712 -2.39846226620433 -2.37747425333285 -2.36167925277902 -2.36533063572652 -2.33124753608258 -2.27868279720158 -2.26247768908158 -2.24061499269206 -2.20030885137513 -2.17105994128242 -2.12407058828586 -2.09173924073456 -2.06069571552824 -2.01998552897069 -1.98577909370897 -1.91990931329543 -1.84605107193954 -1.79384022789295 -1.78293650255364 -1.75367038252209 -1.71770144513588 -1.71443792329699
-3.03464335863535 -3.05556383465576 -3.06226743587644 -3.03808116658063 -3.07353360899917 -3.0043259633654 -2.94446457421703 -2.92595317056862 -2.88104485736937 -2.83872024637805 -2.81013829942078 -2.81088746231136 -2.80254359383838 -2.82814467304704 -2.85791673202306 -2.82214035378414 -2.84026122178339 -2.83446616564037 -2.82111291709009 -2.83995433557355 -2.8421531018625 -2.81860155761172 -2.75483392272853 -2.72047516769716 -2.70440907292193 -2.73318670393617 -2.72689521251348 -2.6783347258614 -2.63762915737449 -2.58624243482964 -2.50876624293474 -2.44298730549592 -2.42202648179506 -2.38514697369923 -2.3569588433361 -2.34905022305598 -2.29924062659493 -2.26135026568694 -2.26682206538921 -2.27798446555947 -2.24485396268915 -2.24001037026579 -2.21453571861961 -2.16445839821849 -2.11970542857606 -2.06449888244844 -2.01654811660777 -1.96472287891996 -1.91499584987218 -1.84746100831447 -1.79987985273306 -1.77283918085118 -1.72017357855503 -1.72574258156822 -1.73535049103443
-2.96654684165626 -2.97030587834653 -2.99891362319195 -3.01587427202316 -3.02168945848 -2.97130045829484 -2.93045649789934 -2.90629864131188 -2.87270097166482 -2.84194053916994 -2.79841084702598 -2.82579596621423 -2.85416809275341 -2.86181104924284 -2.88563050091047 -2.86441551475174 -2.8359430636904 -2.82364791187643 -2.79676546984519 -2.80988607183554 -2.84575965734335 -2.83611514319223 -2.78509468035315 -2.75980280564321 -2.71853234434158 -2.75931225374438 -2.70598242873555 -2.64825620305173 -2.62036723799142 -2.56045349945046 -2.53061397098771 -2.48600381951943 -2.44873241602445 -2.40260108038076 -2.35265236058334 -2.32332656714956 -2.27024614063765 -2.25333802203577 -2.21524234809106 -2.25446641961787 -2.26684651320084 -2.26825555325061 -2.23876168821744 -2.19421490376399 -2.12840830666688 -2.09463359456692 -2.05646659655675 -1.99641026631388 -1.91592775236487 -1.86374016117651 -1.83528331086668 -1.79581396851515 -1.75467161761426 -1.77392582762708 -1.76963543499773
-2.94673560042613 -2.99959594269248 -2.98928136244739 -2.95657881847323 -2.97473380770524 -2.94688558985707 -2.88424251911953 -2.88028623193232 -2.86360466916352 -2.80198917525609 -2.75790619486117 -2.84424486630997 -2.90013605939852 -2.90858059668165 -2.90042198774782 -2.89800131225143 -2.87150115493537 -2.83217949249726 -2.79290124873241 -2.80071875938567 -2.85615605736303 -2.90126757273434 -2.85509019130709 -2.75893252593402 -2.74719656701144 -2.73042097618238 -2.69185094522588 -2.68426178394 -2.6318397794944 -2.57275002538075 -2.54168010949653 -2.50081761345945 -2.44142056742187 -2.38712013553997 -2.34371356118858 -2.30391801525725 -2.26379353390404 -2.25001524295763 -2.2370684068688 -2.24977564688321 -2.27494737511949 -2.27502281266276 -2.26006967345447 -2.2114515501736 -2.15915854857669 -2.12441528393503 -2.07775650775663 -2.03464612911977 -1.97271616909029 -1.92068677259618 -1.89199667562618 -1.87431425410776 -1.84035831019501 -1.80609862894867 -1.78967747429276
-2.9762096232372 -2.98585563425547 -3.00693782128701 -2.99272980636192 -3.00220787967006 -2.97942106043009 -2.91258057395035 -2.85455280497155 -2.81665821247089 -2.74625774953425 -2.72636211629978 -2.81375138672482 -2.91156094893953 -2.93498013157442 -2.95527611315028 -2.93348990164712 -2.90038931392414 -2.89204285404112 -2.82876614411988 -2.82723784184249 -2.90242229047284 -2.9451021914057 -2.91387263247704 -2.80231588741488 -2.72519998063143 -2.71684501023164 -2.69661072064697 -2.70617952827146 -2.68110899699964 -2.6223736367682 -2.55387023804781 -2.49731729756659 -2.44564892886758 -2.40137491177024 -2.35133650766715 -2.32561114389936 -2.29417754236643 -2.28870852924832 -2.30047015515886 -2.30201874254054 -2.31074019754188 -2.30262078924758 -2.28133287326029 -2.22308520236416 -2.17436214765651 -2.14417189023026 -2.10003682414807 -2.06738237116021 -1.99599877562058 -1.9504823343025 -1.92035485451056 -1.91678745140749 -1.86869740434095 -1.79316555864513 -1.75957824059558
-3.01515939602889 -3.03636433496409 -3.02683517414623 -3.0144310131168 -2.99219343684953 -2.97025044641898 -2.91207234177344 -2.82081217444433 -2.76444411731505 -2.66599956063022 -2.72464375440043 -2.8103759115429 -2.88524703699371 -2.95636369118244 -2.95786152228081 -2.95292563512422 -2.93632831461975 -2.90489351896045 -2.84888302931103 -2.82923917861479 -2.88146145929525 -2.93591839542467 -2.91439295328529 -2.82819835986667 -2.76742203783044 -2.71667181790289 -2.69051045590806 -2.69987010367017 -2.70277487583208 -2.63708516366555 -2.51939540142438 -2.49009692199718 -2.45233058366125 -2.41008499435063 -2.39925123313444 -2.37287601051432 -2.33764441708912 -2.32382185132289 -2.34789293107616 -2.33816059295632 -2.33268818136786 -2.32061665281618 -2.29306354691047 -2.2445089622182 -2.19147549347023 -2.14006628426601 -2.12220863341421 -2.06037892154153 -1.99192924182483 -1.97022945058639 -1.95933594399304 -1.94259420441428 -1.86832853645596 -1.80947381331446 -1.74913406488664
-3.03128613607184 -3.07555864387152 -3.10418800583571 -3.06628678174273 -3.03157483219045 -2.9797117172158 -2.91517506643753 -2.8519195937487 -2.80188220905724 -2.74354699520788 -2.84360400620504 -2.85631726891667 -2.90125591232927 -2.99786362309753 -3.01554953867497 -2.98890971784854 -2.97601882712768 -2.91150837369964 -2.91571849097525 -2.87730157877372 -2.89706628835708 -2.93872871196376 -2.90477152854121 -2.85355103515856 -2.80701233310851 -2.73886383722387 -2.66536263991823 -2.63748546281801 -2.61542038954038 -2.54492485330802 -2.47010039132341 -2.48668302505227 -2.44991756547682 -2.428011497019 -2.41260672572233 -2.38353022004521 -2.35888923203609 -2.35797533277739 -2.34187807014963 -2.35913869259312 -2.35711251008366 -2.32494626653785 -2.27240597131074 -2.23677546926723 -2.20586033234498 -2.17682781327875 -2.14948430797441 -2.11213661529902 -2.0564015293965 -1.98823792726569 -1.9748263234288 -1.94548039557267 -1.88008329562964 -1.81223398754311 -1.74772872937386
-3.08720741989082 -3.09100363063019 -3.16330660742657 -3.1636198870132 -3.11052634047489 -3.02737318574004 -2.95675320046523 -2.90136225687465 -2.81499218472733 -2.83200927336377 -2.89350760924116 -2.98255883200676 -2.95357366468469 -2.97327219390976 -3.02336293661843 -3.01447578068675 -2.99732574181804 -2.99121065720994 -2.90284693676788 -2.93591633801645 -2.91946766642522 -2.94616770858505 -2.93604617127598 -2.88410962496125 -2.83407324901759 -2.77968994605325 -2.68793358591582 -2.60201760053715 -2.56090313216592 -2.52592791722082 -2.47717446416978 -2.46990798975252 -2.45915295684288 -2.46126078170311 -2.4338939136993 -2.40372780277969 -2.37740947913829 -2.34922068745729 -2.32484809901364 -2.33190552800229 -2.3155772159263 -2.2797658801222 -2.24920993319616 -2.22193389414307 -2.21113453192684 -2.20733316958693 -2.19443821867428 -2.15152047095516 -2.10977214394507 -2.05389830613434 -2.00427333948925 -1.95385715159515 -1.88042754121401 -1.82511462767348 -1.78109944839104
-3.16510098432401 -3.19360590522267 -3.20439305977416 -3.25307399364111 -3.17484514791366 -3.04896050581919 -2.97622436090064 -2.979849391723 -2.91350603451042 -2.89127432672283 -2.97077708135433 -3.01872466423487 -2.96057232446754 -2.97477289369871 -3.01051781448172 -3.05136194472713 -3.04560885686912 -3.01504743575158 -2.97915874119787 -2.94945225165295 -2.93220481861978 -2.95900817188766 -2.94230828887726 -2.91957397576395 -2.89833997872303 -2.82952446963972 -2.74492465168628 -2.65075606168033 -2.60186910119172 -2.55843244906659 -2.49126747098932 -2.50388119218354 -2.49739900146486 -2.48466644335704 -2.44997874649714 -2.4009856249465 -2.38032907918086 -2.36455758959302 -2.32906757167982 -2.31117592329053 -2.29259475389552 -2.25841216560912 -2.21658715582581 -2.18677364320164 -2.18598199696569 -2.19151647501624 -2.14706253721504 -2.13443733595533 -2.09688662887766 -2.0623143224219 -2.02864373307093 -1.98629559726958 -1.9304541740204 -1.87004571571941 -1.8075561436233
-3.20820073539004 -3.2307524243917 -3.21029144305962 -3.2846239110613 -3.23941511166112 -3.14154332381267 -3.01469315653863 -3.02761079589727 -3.03629289045861 -3.0465910415771 -3.05430812306302 -3.1081088955374 -3.03943330512294 -3.02528964615877 -3.05290932039877 -3.07628531033743 -3.06935785963879 -3.06739579666417 -3.03021419680724 -3.00276856953887 -2.99836613496653 -2.99899419566492 -2.99844265404188 -2.9732907839587 -2.96917781562411 -2.90814045567656 -2.82932587760666 -2.75287006536908 -2.67943467460125 -2.63276780539112 -2.5759101124081 -2.55978831373998 -2.55107281881206 -2.54131766724109 -2.48102838654464 -2.41404985807006 -2.39278443033809 -2.36165369293624 -2.32581778837235 -2.30146581788894 -2.30368915178525 -2.28494644913917 -2.22038067061242 -2.19250195251765 -2.17068787034856 -2.15346303596183 -2.12497463652649 -2.11557821767182 -2.10772479249753 -2.07391859946832 -2.0332761010129 -1.98672875800514 -1.95007677963785 -1.87420706179422 -1.83668169463968
-3.22156069392469 -3.22890929414864 -3.26255086526555 -3.29340445434254 -3.26820496487482 -3.21498610395007 -3.10695435151223 -3.08162793129877 -3.09019902270572 -3.11213092214306 -3.12012624000598 -3.11394497335646 -3.09679399194115 -3.08463295906449 -3.07155563825093 -3.08398421483977 -3.11061787339136 -3.07564506951172 -3.04545748189283 -3.03954099978198 -3.02620387237406 -3.06047493953623 -3.04716940946104 -3.03578097151796 -3.03267751563013 -2.97668291098398 -2.90012985067417 -2.81841554183157 -2.7741860013861 -2.69146678262277 -2.65239400598714 -2.62184632401849 -2.60150522848604 -2.60364371570475 -2.56065484384585 -2.46460690479205 -2.3931074902995 -2.34954584060493 -2.33402109549203 -2.32372317416532 -2.30910744869709 -2.28970288846995 -2.25824504035954 -2.21739967885396 -2.16022907752004 -2.13600293549275 -2.12369695979679 -2.09971966472467 -2.09526351866593 -2.06842978503154 -2.02294980605333 -1.9903028058416 -1.97409814602066 -1.93215308660233 -1.88271424765945
-3.31769213440522 -3.3341849912516 -3.30854605158525 -3.32826595619038 -3.33444381279445 -3.27878892128073 -3.17112746759123 -3.17021971110392 -3.10637200839484 -3.14860298814961 -3.10084347294448 -3.10337617430397 -3.10544932471911 -3.10238534979 -3.1330095899165 -3.11232292640405 -3.11763656021574 -3.07976696514559 -3.06057042624257 -3.06281113134179 -3.10105527218197 -3.11540726133006 -3.1090522154176 -3.11314807019238 -3.07471284942556 -3.04622521519647 -3.01712071594773 -2.92803772513008 -2.84821768946624 -2.78739661626331 -2.73151463585854 -2.69286371346922 -2.6309554472916 -2.61592665726837 -2.57852332904252 -2.51031715854468 -2.42504064465905 -2.36271547348748 -2.3679113143422 -2.33109732360991 -2.32786589247009 -2.28798777509467 -2.2294359858878 -2.1973621121428 -2.16771191700415 -2.12335532258362 -2.1030434991082 -2.08879169644672 -2.06811595340425 -2.06940683985501 -2.04791448986751 -2.01663707277214 -2.00709596294466 -1.97152912192455 -1.92355924623927
-3.35679274618265 -3.33562398132099 -3.35308487951692 -3.38366084295397 -3.37573261679037 -3.33715696688466 -3.31141309977668 -3.27360275148737 -3.22911603859637 -3.19986166034415 -3.13897495077546 -3.14697535127254 -3.13541680842825 -3.12604934625997 -3.15510813953907 -3.16683120966667 -3.14012093507171 -3.10441485949804 -3.08292681969543 -3.11477372733895 -3.10573011723222 -3.1579055157184 -3.1831974688462 -3.16599043425157 -3.16176159496637 -3.10245282822137 -3.09673201682479 -3.02371591761168 -2.94014276663814 -2.89168524409738 -2.83131443319637 -2.77188151629192 -2.69376285347793 -2.64104968206321 -2.59080483487007 -2.52489930358243 -2.44567314658645 -2.41363446712598 -2.3788677406451 -2.33851884631235 -2.30465711227508 -2.2699425416679 -2.21049398443022 -2.17233631604828 -2.13296413862816 -2.1302546117871 -2.10789797381182 -2.08083812679449 -2.06246738796183 -2.06633321518907 -2.03506391244126 -2.01163831826952 -1.99512212786182 -1.98208113828002 -1.95562439795025
-3.44294039437209 -3.4807866650114 -3.47802887795857 -3.44284437806053 -3.42663776955025 -3.41817816917459 -3.37661089575055 -3.32263587447579 -3.33767317557435 -3.30936992490641 -3.24354326579193 -3.18245376891726 -3.16055176624341 -3.1374106398261 -3.16109495394832 -3.20554614702651 -3.18872804834787 -3.16130421731627 -3.14418681180715 -3.14850752440767 -3.13258849325754 -3.15840673418665 -3.19087236823397 -3.19555402400798 -3.17666298355159 -3.14925356735647 -3.11771606187697 -3.07709261482001 -3.02274387656463 -2.95568946397013 -2.89074929059245 -2.81782893454172 -2.73710147291092 -2.65937910017579 -2.59963049062002 -2.53126301191486 -2.46859434465301 -2.40281875221298 -2.37374527059227 -2.32938211992431 -2.28688665937027 -2.24526445431841 -2.2029373188347 -2.16947750473162 -2.13993146604317 -2.12715960909001 -2.08521285617868 -2.07915812769088 -2.06459587808816 -2.03048635732726 -2.01467865785349 -2.00289510113252 -1.99554653099343 -1.97297883568968 -1.96824588653233
-3.48457968539507 -3.55917354401347 -3.57607228640736 -3.53889035544809 -3.48433225258102 -3.44112105702192 -3.39935205053276 -3.3846217383119 -3.47083053153153 -3.48232147788336 -3.37891779329002 -3.29046401770547 -3.27505379965456 -3.21996842698791 -3.2113991837316 -3.24391526627278 -3.24294631939292 -3.18882215679278 -3.18267070408535 -3.171703128821 -3.17825327881444 -3.20807316141035 -3.20584170729241 -3.19698111879217 -3.19181639708879 -3.18392238272668 -3.16753890428909 -3.11919737103095 -3.08178412732342 -3.00463464948815 -2.92085145549135 -2.84898385155436 -2.7474798128982 -2.67104536107142 -2.5840141738692 -2.51841591603726 -2.4663936063278 -2.39709077466185 -2.35621485020666 -2.31648860819246 -2.28186834934119 -2.22749188027527 -2.1963677230159 -2.19423137091353 -2.1433626751924 -2.15007915047626 -2.12922280087125 -2.09823257566109 -2.05144386850935 -2.05251000686045 -2.01255802229325 -1.99245787486116 -1.96864083563415 -1.93967760684544 -1.94724599208637
-3.56524115764237 -3.59214483087522 -3.65018006286778 -3.61248525118332 -3.55669925671097 -3.46311160112329 -3.38883473645078 -3.44532432520849 -3.49069882920039 -3.55130327666285 -3.48686281958332 -3.41290690607548 -3.36818845174536 -3.29831574547684 -3.30406746122443 -3.31305430965066 -3.3139541160711 -3.26516637904106 -3.25339181356047 -3.17892393364284 -3.1971617482362 -3.25145689178326 -3.22853235060866 -3.18239572131508 -3.17449077754241 -3.20266766123768 -3.16476125862773 -3.08243937955157 -3.02819834151028 -2.96676562292607 -2.90070109559301 -2.78740407896019 -2.72579901600381 -2.63721509289778 -2.57913181462598 -2.53433483601404 -2.44063785391327 -2.4212758657 -2.34446892835944 -2.29361363013206 -2.25602290165906 -2.194783574165 -2.18849340239978 -2.1703960160388 -2.13236432767613 -2.14145193865576 -2.13914542663814 -2.07691149171049 -2.04577742799983 -2.03466192320318 -2.01543560850883 -1.96091864527122 -1.90853005117353 -1.87821915487769 -1.88638697717762
-3.61503907100299 -3.6314318450381 -3.64626170497571 -3.63889610998747 -3.57758593606954 -3.4998617422465 -3.44362844375265 -3.50067568366659 -3.56554880721727 -3.59618928539747 -3.560427224575 -3.49779376864 -3.39733747706547 -3.36077852620325 -3.38372424051116 -3.39171858508399 -3.38456838150629 -3.33504985106921 -3.30640770470982 -3.23062376339439 -3.17663206711378 -3.22945591425229 -3.20282274599844 -3.15493813225677 -3.1504454904171 -3.14626617034638 -3.12154943420222 -3.03321969847686 -2.93931438924805 -2.90315922359812 -2.82051590800422 -2.74135817747245 -2.66347336724589 -2.58186689322064 -2.52989542997081 -2.48206002817549 -2.439398727269 -2.38049075448621 -2.29421276449097 -2.25616617982535 -2.25203258343417 -2.18481817284484 -2.16885945848567 -2.15200219795189 -2.14614120016354 -2.12418538463367 -2.10081848990449 -2.06235195181357 -2.02464458955634 -2.01709562707841 -2.00050087423809 -1.94877959809711 -1.90044499178805 -1.85145545027113 -1.81501116982455
-3.63256315260701 -3.69017859731844 -3.67092423898269 -3.6546254655534 -3.6566206094706 -3.59422626486448 -3.57322214702741 -3.5531811843763 -3.58381207168375 -3.60333120931347 -3.62356388191645 -3.59047793141452 -3.5262867035417 -3.43201522349604 -3.43483626069235 -3.45050246439598 -3.4582196888176 -3.37975548369187 -3.3220174736276 -3.26360000698327 -3.1086261465003 -3.11271005119722 -3.13282242510857 -3.09588308229914 -3.09411379757015 -3.07295937037167 -3.02924020358512 -2.9929057302216 -2.87911552647799 -2.79868799249839 -2.73431239527498 -2.68419407765504 -2.64058943018661 -2.63163795650883 -2.56606442396241 -2.47793225241311 -2.43568183482038 -2.37222033578379 -2.27434742343629 -2.21952394430267 -2.23409106920105 -2.19023393484153 -2.16159220945707 -2.16229085720517 -2.13376670443687 -2.091385775312 -2.07945183977775 -2.04773970037027 -2.02540641066931 -2.00343730695182 -1.9629122589775 -1.92837671993396 -1.89377273492495 -1.85376848987341 -1.78499391555314
-3.66648851566892 -3.70130841003303 -3.7027061803578 -3.70354934384135 -3.6978806826932 -3.68929360087459 -3.71978289248735 -3.67871267206513 -3.63151304752823 -3.65343536089823 -3.68416031117453 -3.632246233891 -3.53128798036675 -3.50297012859936 -3.48232258558611 -3.4904120119806 -3.45233570238623 -3.37451210991031 -3.25546768721293 -3.19306001554365 -3.06655152273921 -2.94317884602696 -2.96248600987289 -3.07794244117418 -3.16416158633616 -3.05469356469214 -2.94478720679609 -2.94108171796043 -2.85067387446714 -2.78008348175342 -2.71247507279397 -2.65475674085034 -2.71440953507105 -2.73627858028911 -2.66449459785645 -2.60457758890967 -2.54809707748802 -2.46673488551115 -2.36186475856195 -2.28061838976842 -2.2014320909368 -2.19196161734246 -2.16644864502838 -2.16682493870902 -2.13102431775817 -2.10213174086303 -2.0790291516242 -2.0536439138778 -2.03617019869085 -1.99130104069859 -1.96956938718211 -1.93148024985799 -1.8926969905688 -1.83429389619207 -1.7625479204858
-3.7355543595488 -3.76373828126948 -3.76078405848044 -3.77345255749532 -3.79608671401015 -3.77704725850478 -3.82230736493484 -3.80060303340736 -3.76668479173931 -3.70514165811259 -3.72225316949452 -3.64618551245311 -3.57307330313338 -3.50323595296174 -3.50628028575778 -3.51978382860929 -3.49634695649544 -3.4005697438107 -3.29723348467892 -3.2728447361463 -3.14856186950275 -3.03370459551014 -2.97037936185408 -3.0703187816392 -3.12912226223954 -3.03391058216868 -2.94720025044096 -2.90955779400511 -2.83534786663144 -2.7935667907321 -2.7390475300493 -2.64942864131871 -2.76806272087872 -2.80356298494135 -2.86161111111293 -2.77981280930137 -2.6700546034366 -2.54446655724847 -2.47248127866347 -2.36901635738929 -2.29805142680263 -2.21589207781995 -2.18316478321627 -2.15905157468333 -2.13411938533392 -2.1556456957926 -2.10939755458296 -2.04641986959811 -2.03936782778865 -2.03421002862692 -2.03403910889143 -1.98623918435299 -1.96660425923449 -1.91879970897445 -1.85483076591836
-3.79526133798472 -3.8355200676468 -3.80235711963898 -3.8245265624756 -3.85903624213052 -3.90686133305505 -3.8911409363087 -3.88234220057268 -3.86539966585472 -3.765110628763 -3.76766205580134 -3.72626645889587 -3.59150067717533 -3.52214934821956 -3.49092473100972 -3.50023407508254 -3.45503358853858 -3.3368487962756 -3.29582783746186 -3.32814877511416 -3.33672872316812 -3.2213136136384 -3.20718738487341 -3.17266286212051 -3.05621846366428 -2.9546100679298 -2.91165823808609 -2.90191438111851 -2.94010894055429 -2.7720635943286 -2.69378234535781 -2.85623528111333 -2.87296541469265 -2.89022799356619 -2.98739040846776 -2.98635528873395 -2.89726090421626 -2.76475256300311 -2.61184558475353 -2.52807398901476 -2.45006745289206 -2.35609056558602 -2.24346817315675 -2.19565000550238 -2.18307045353877 -2.16410733378345 -2.13424172589309 -2.08648852638323 -2.08956402825995 -2.07293840248899 -2.05122341678538 -2.00239418550156 -2.01292093018086 -1.97166813772279 -1.93080375481196
-3.83286358986036 -3.876428742952 -3.88687008343749 -3.91237265515846 -3.90989773801053 -3.92374601263514 -3.93154296879682 -3.95623757086293 -3.91704216537832 -3.84171010054351 -3.78839704896397 -3.73627290799098 -3.59658293733244 -3.56897605938863 -3.52737098586558 -3.50926826292062 -3.42145097074534 -3.35732608732174 -3.39653909406308 -3.41634743885885 -3.42104201428553 -3.35619540135744 -3.3220901120391 -3.31484137843147 -3.1809136611371 -3.02898594987076 -2.93288543571206 -2.8689535039648 -2.80872356512734 -2.70506081855889 -2.69547751514501 -2.96571994753723 -3.07307772839725 -2.97815073082727 -3.08286278925643 -3.14669804143036 -3.09742644371116 -2.94993794228088 -2.8300354204373 -2.66118225222387 -2.58931425060282 -2.48397679049708 -2.38887492788374 -2.27311168083265 -2.22968654792435 -2.20733600785163 -2.14897451307606 -2.11171232602902 -2.1011834294203 -2.09054929768215 -2.06445111251147 -2.05187836487792 -2.04678898049942 -2.04716138913777 -2.03720606838832
-3.8642439235883 -3.92649037314701 -3.97407737094279 -4.00814909696932 -3.9937807659571 -3.96752431355909 -3.96430192612661 -3.99133052208382 -3.97070759764301 -3.93061310704017 -3.85410856640612 -3.77383172486603 -3.63194368316661 -3.57735074588155 -3.5412814770878 -3.45564598012107 -3.42197202795921 -3.41573532078388 -3.43606523134925 -3.44895873113482 -3.48939156634413 -3.43911823228687 -3.40130994864253 -3.37921913003521 -3.22787273568258 -3.10213175016956 -2.97063683898169 -2.84981906011324 -2.78116866464321 -2.7551393358739 -2.74157117200668 -2.84333650645959 -3.16429961095728 -3.07739628881305 -3.14089767774175 -3.1576067939316 -3.11683785039272 -3.07004581768806 -2.93040725593726 -2.82409946876491 -2.74663850912802 -2.65168795916665 -2.51823708777192 -2.38774832325925 -2.28395442645741 -2.24874478813528 -2.1924829610883 -2.16175266005807 -2.15397622408583 -2.13670817326408 -2.11595098266972 -2.11042231736744 -2.12042649229657 -2.15265167174182 -2.12073369241825
-3.88006247739576 -3.95992844405924 -4.01021153808803 -4.00519679985152 -4.04664613589153 -4.09548268558756 -4.03313069246753 -3.99322278146547 -3.98087714015546 -3.97625548120628 -3.91342689500273 -3.7640638124537 -3.67276853189632 -3.57974156146258 -3.55170148172915 -3.49465519997492 -3.48462046540512 -3.53393061890653 -3.49983305553129 -3.50517478640078 -3.52531150989339 -3.49899268013727 -3.46974015708541 -3.40533323933552 -3.29607856945963 -3.23031999264952 -3.09478229410413 -2.88566667136079 -2.80834453587719 -2.73958156194635 -2.8408387200071 -2.91036852623403 -3.0337925549901 -3.02682783491879 -3.05921709148945 -3.13767046356264 -3.06595101650236 -3.06286096360069 -3.00448954361685 -2.9161317407293 -2.87532847718562 -2.80908985600911 -2.65350932081362 -2.48816979285262 -2.34839906385201 -2.27985722639007 -2.24978973877724 -2.2167359374741 -2.19985471643382 -2.18409805023306 -2.16813179183749 -2.17186824727409 -2.21597549754529 -2.21298783204907 -2.18050714440958
