data/pcas/pca_proj_current/PC04.asc
NCOLS 494 
NROWS 529 
XLLCORNER -117.166666666667 
YLLCORNER -55.5 
CELLSIZE 0.166666666666667 
NODATA_value -9999 
[rows 200 to 224 of 529, columns 224 to 279 of 494]
1.47377260554415 0.433333218190935 -0.25380434774151 -0.579169611867519 1.6241332212566 5.26599071268594 5.74389129620587 5.9827863733205 6.14968311006681 6.03333143281528 5.43619314134074 4.18087248831237 2.49410142973964 2.0601677061326 2.16110840244903 2.37560131434189 2.47859686868754 2.73755568909157 2.86718408899313 2.99302749530458 3.12462215797482 3.19008783556417 3.28702944712702 3.39093569911632 3.52448936666304 3.67536225835775 3.60248674961755 3.51493223312486 3.46535717348177 3.36082125637649 3.35146709930706 3.36090590501093 3.36765369280742 3.39937278984521 3.44431971801347 3.51331344055093 3.57541783202696 3.62379767404065 3.67863897377286 3.73299960411283 3.77010184100233 3.78827759323666 3.78543044999966 3.80690376810212 3.79406014658751 3.78235741173815 3.77340532966405 3.74091263132166 3.71132727343987 3.6878553038993 3.65268826876948 3.62105539043674 3.58786986579289 3.57318011974041 3.510234160712 3.4450576627306
1.04854687285114 0.509645636918247 -0.0659271594422896 -0.540143994407701 2.1417999837709 5.64157107826891 6.05799366602431 6.27428525684562 6.12137628319362 5.83487415166991 4.7861956524088 3.14205226066819 1.85162465832731 1.76907030926557 2.01514739239243 2.13701742866343 2.27856157472281 2.43377260443707 2.75166579969095 2.8945886363434 2.9722910119206 3.15627587857783 3.26085686877794 3.38383514244757 3.5009539305335 3.56073034828027 3.45546914467648 3.44403671288869 3.44632452110183 3.50904949311467 3.3562014128306 3.37166349656932 3.39837091084792 3.45097093825129 3.49528533242421 3.54939341009909 3.61993237469997 3.68303793540216 3.7549261658798 3.81982128638023 3.85298488812901 3.8600162163395 3.86299479276228 3.85856065825756 3.84202392126672 3.81614767323467 3.77735530742141 3.73923975057945 3.71495995966667 3.68152457769623 3.63320471036325 3.59879832968978 3.55937606785801 3.50889794913711 3.45140799751472 3.53064288961645
1.01117290740114 0.698773596171039 0.348867216033698 0.355225488343422 2.66979054663723 5.72404839929121 6.0788507908382 6.42772197168417 5.99914349591877 5.61344198504102 4.25861310289709 2.06935507471225 1.63505284262859 1.71710760775226 1.80792100904762 2.03127398717303 2.21611961356038 2.5799922008803 2.72144480956221 2.88089980285154 2.91198788512342 3.04131554825424 3.17991879093556 3.3233922888884 3.4273120329466 3.44996185510508 3.38580809389071 3.39460887742626 3.43606976665109 3.50242679843801 3.3421789218079 3.37567280134245 3.41442206590075 3.47550209003658 3.54623049089359 3.61683776469646 3.66320863727093 3.75600222788724 3.83893986268007 3.89883014095477 3.91466128614879 3.9243676993656 3.90054427880921 3.88692280417046 3.85505462856132 3.82176296918601 3.77332091442013 3.72638487785864 3.68535481859828 3.64960743125612 3.60168614380398 3.56848005009373 3.51100863301131 3.59886062383194 3.55300085803073 3.55756578144549
1.15317980892253 0.699350711335181 0.476127444007038 0.7212047970648 3.4361450827634 5.76825117669955 6.14226449381085 6.52074293132534 6.00010408968645 5.40066793114974 4.09629327759878 1.78872630382599 1.5469288625198 1.62042331139838 1.78622220929466 2.03235009903377 2.20258145328891 2.4904188811934 2.69587214754152 2.86565538739209 2.97976348049029 3.07763249359692 3.17863585348167 3.29592950890709 3.35957403360599 3.39607308249906 3.38428257130827 3.40980375009774 3.42892804710516 3.50379389251237 3.51987694631541 3.37573548405767 3.42981665034511 3.49346169279436 3.56723148263955 3.64420070008808 3.75024054202291 3.84920022782875 3.90792997674109 3.9577984723198 3.97562178768831 3.96470228610738 3.92952763893745 3.87687140425768 3.84818190759689 3.80598705452683 3.74903111787015 3.7011792255954 3.65684683041935 3.61159833878391 3.67436493321688 3.63581730987537 3.61094991424639 3.57085670944083 3.5329917854912 3.49909817642566
1.30019105764458 0.342410472035622 0.20274202892556 1.18739099090469 4.43616891338282 5.86550098882407 6.06555973278483 6.35169012269103 5.86317216884023 4.69248505176259 2.89244614431257 1.69343987572232 1.60300454494968 1.65093704864152 1.85296282587325 2.03887918588346 2.23830451356534 2.56258224872275 2.69768380023628 2.84715311658739 2.93860132759591 3.050924538463 3.15284445269479 3.26202567000573 3.32578765742367 3.37504891689712 3.3924797566001 3.42451922919678 3.44242716369299 3.4530808387812 3.52814989257972 3.39447366875439 3.44157442526217 3.49027336155306 3.57767716191436 3.67981220702142 3.7760381857624 3.86997965029951 3.94513331410738 4.00041363105802 3.99753688228633 3.97207152080227 3.93265265704842 3.88403619487859 3.89739298161742 3.85180094833602 3.80985307922484 3.77596657147384 3.72156551399612 3.6708743136516 3.63220796011789 3.58885372428847 3.55947834927908 3.52112191801474 3.48924570545692 3.44172981949336
1.5643624132921 0.542279580967884 0.0100638455478708 1.28044706535826 4.43175333965766 5.75013970678199 6.24315408243183 6.41390950591194 5.74318153970327 4.81607722428049 2.48586561058118 2.00983935328178 2.02428573138266 1.92363581530179 1.98526036358569 2.11030618354636 2.24411947918351 2.58747036593311 2.72749454125696 2.87446883627371 2.98727796976231 3.07947453683635 3.17992889404437 3.27433220056429 3.36239493015601 3.39285139511751 3.45675887698813 3.4992587063746 3.50279134852664 3.5183337907986 3.52389119302554 3.56192156209758 3.58997229364057 3.49565310524336 3.57097737687852 3.66063346085648 3.75338276292547 3.87099087446889 3.98887483789317 4.03308544111965 4.02070588149381 3.96079711300054 3.9845226873828 3.93510510495357 3.87833641787539 3.82081946546378 3.77647567044068 3.74385632857478 3.69001982177069 3.62791141376637 3.59890654392124 3.55094824565495 3.51100477569697 3.46888061642943 3.41947888290815 3.38217342429444
1.82773631584873 0.833161643141149 0.199563386546162 1.05078572748746 4.58411568315955 5.75391539421532 6.08873750683849 6.30092501566213 5.74959530008258 4.87181871036577 3.04302018670727 2.42578639490055 2.311079386827 2.30369453848912 2.29993225398989 2.33473815404494 2.39451020529433 2.65760421029412 2.83251402516485 2.95424835513159 3.06258903417819 3.14621956524722 3.21035587075303 3.29347592574092 3.4132869593059 3.40341406590676 3.43160808027265 3.46397550870846 3.52000146675486 3.51859750960238 3.54296423970777 3.53967538155862 3.5733217634135 3.61677858287299 3.6708625914732 3.73187134669253 3.83828121523638 3.98004214703561 4.06805466872831 4.12296488608322 4.07884623241378 4.0076502624185 3.96383498888633 3.91456190897394 3.8538334846102 3.79949402779354 3.75883763842283 3.70846349545647 3.66398475939342 3.61049589504492 3.55154560301031 3.48892114137383 3.4394552050067 3.39617982487965 3.35205166311941 3.3216161299425
2.05142918127896 1.29802102250276 0.683548343972518 1.17126579416682 4.22578765520741 5.50826596509561 6.05607532386589 6.1792583849046 5.52246266293384 4.85777771262616 3.54039634048818 2.86307580248774 2.67439817333524 2.5881536855317 2.57185338771598 2.58921358629549 2.60549759738112 2.82650972362902 2.95953543018056 3.07328175900096 3.18264036963256 3.2391088017763 3.3088569788734 3.37153240248881 3.43537160262302 3.44142325039865 3.47701117342899 3.51541029334917 3.53643398527648 3.54404977359976 3.53094276721187 3.55397362348875 3.53874416100164 3.55084431124904 3.57865921470305 3.64265660929668 3.73128301766507 3.81992858028678 3.95204957222488 4.01448898676045 4.00106972694091 3.95874059722973 3.9094535779379 3.86930350558032 3.8149699096879 3.78438449007082 3.73987231815613 3.69379167738819 3.63845492596562 3.58850138824068 3.51161455357418 3.41543535267299 3.35016655950471 3.30877327283717 3.28000667115709 3.26694751302546
2.30164497161304 1.77453688387219 1.13904027926124 0.84732177141651 3.74365787346338 5.27524921260877 6.18381549872029 5.72795402569833 5.29380539306218 4.87978882781195 3.89172944494668 3.2860410545264 2.9981688739536 2.88776108314467 2.86776295749827 2.8392968156764 2.88140442643368 3.03474693657094 3.09651446488284 3.22088297741565 3.29202025320493 3.30229530244446 3.35560823474711 3.39860830301924 3.47122502157626 3.51350904220376 3.55601481332232 3.56412518717896 3.57933895117722 3.61342999836439 3.56967985084209 3.54904379161381 3.52278777961018 3.48120496647339 3.44747301241229 3.46558092754652 3.48536487725664 3.61081514201278 3.73176752153847 3.81574628730384 3.85450698884683 3.85953243473473 3.86581611100219 3.82977210875401 3.78416902120853 3.76455327889307 3.71990142600193 3.66990254463503 3.62118058357811 3.55121789804189 3.45488969515446 3.36076120559433 3.26946264151534 3.21724125553482 3.21035977375382 3.22505860231078
2.4767180491262 1.93264904766297 1.40112860616979 0.932106489374532 3.08708151317879 5.64578074941913 5.9989290696387 5.78021492505935 5.11411276766154 4.83884529016278 4.1161839311539 3.56633396239182 3.2936797429266 3.15724046338942 3.16527628144811 3.12836244041027 3.24437077729507 3.25656794087313 3.28063771341384 3.33948174753337 3.36557792147494 3.41005563848473 3.46105697872016 3.52940473448516 3.57301157824247 3.60510816854292 3.62972785928295 3.64730339078251 3.643687240713 3.6446049057176 3.5977404450952 3.55219919329454 3.47737177856168 3.37468169695245 3.30319952765498 3.28758232929586 3.27133438686503 3.36402593905004 3.48268010234637 3.59154104761456 3.65879288426009 3.76698186108806 3.77578580944454 3.75391819601267 3.73348018650923 3.70971947381837 3.69738660594285 3.65186773705832 3.60548244855925 3.52347736816051 3.41904062023183 3.30756117773175 3.20942938969111 3.15519554860589 3.16720287113338 3.239948972568
2.77761612993489 2.09325853393156 1.37492545019215 2.01388382269163 4.71451423127101 5.70175403566496 5.82901980152968 5.56317840241287 4.94489975258293 4.76798860247518 4.26819463666674 3.79673329897816 3.61841042886301 3.4611015478626 3.46620476876862 3.41557327829096 3.49574522722284 3.48106092627021 3.46343073260108 3.52467423608368 3.48962354277766 3.50352242660933 3.57451908919393 3.65995225201667 3.6999591014009 3.72128264153337 3.74343400491833 3.74972059576675 3.73076886066849 3.69486071058199 3.63638691988954 3.55097116142014 3.46111635086386 3.32889601101814 3.21740674335162 3.10415119190993 3.07727846377224 3.15225432650586 3.28165042499585 3.46883928008891 3.56163636926834 3.63889644924005 3.67345241979757 3.67722466784721 3.66824614545827 3.65554717739069 3.65438948872463 3.62486999387382 3.55725655677528 3.4726909808083 3.39409324963441 3.29295931642026 3.19172717038346 3.14555503190081 3.16260962509204 3.24683913740751
3.2285106763311 2.73923011310275 2.49634068724685 4.42580633058574 5.49959225594138 5.89470807492195 5.9540166332804 5.62263660256601 5.12686121979048 4.62545168193486 4.28544573984058 3.97104624712439 3.81764221706587 3.71112539538324 3.70676207699552 3.72009751531822 3.70355003083782 3.72141312326726 3.78152408109442 3.75725741269495 3.71658258693857 3.66689821101512 3.72828454475223 3.80346718832288 3.86851217841708 3.88262858566374 3.83760414686581 3.81988835782321 3.82059481623146 3.74631279845219 3.6926517491751 3.61354038177543 3.49979117254774 3.36962905046932 3.25093477448852 3.16582837666856 3.03742327028441 3.07905823425772 3.24595676532904 3.35225301427804 3.42721092418806 3.50662164113936 3.55587041563236 3.56861837832938 3.57050448999681 3.57930700860516 3.5706487381618 3.54128264739736 3.4896788849263 3.42300089619531 3.35121590214491 3.28378841029798 3.20278693443965 3.18288053887111 3.23288273140143 3.27418327558939
3.77511517173956 3.52761027768731 4.87537370112841 5.50906216814733 5.59793126929725 5.90292965236657 6.02934169774009 5.64575785013694 5.07245310831341 4.35849784466471 4.30721313691188 4.04702501251066 3.9105869150629 3.88284356108061 3.87928770989233 3.90175870431187 3.90504251268508 3.98424258672114 3.98218850217677 4.00415186970036 4.01038770173179 3.99624955339343 4.00177908189313 4.02376783141662 4.02142931802284 4.02543623187698 3.99332885462176 3.93099617599446 3.90144345939368 3.83266756098166 3.76080194043684 3.67843364063985 3.57631237112205 3.45903933029128 3.3449126964157 3.24132292618283 3.12185892581117 3.18529827877418 3.22183468869152 3.28943735206953 3.35190363014848 3.39752950127028 3.4423815700363 3.47165468834788 3.48091735196027 3.49868963357696 3.48921985801939 3.46140633037735 3.43480051216791 3.3848933618963 3.32431376213543 3.27854552692628 3.24261161113761 3.2314620694828 3.28394546634494 3.32058645620096
4.4428503387202 4.02236368609307 5.09987847361802 5.65633316494493 5.7045703579079 5.92350486852929 6.12240673048813 5.72023030088195 5.11943425032659 4.60624105280914 4.32753473194759 4.13929912759006 4.094377048173 4.00976058832255 4.03442525817317 4.07521236121863 4.16757596839959 4.21199064157374 4.24104760473629 4.27835820465552 4.3054708157519 4.29670549190214 4.28635951422875 4.13422709622838 4.08627313229939 4.1443500280594 4.11578329949859 4.05445588077979 3.99011964845669 3.93010586359859 3.86185540725319 3.78746573019863 3.6816786404637 3.5666944727363 3.45922346144132 3.34946078516348 3.22440817869145 3.2646584401723 3.27029185626076 3.29503541855149 3.30917158280848 3.31900013874767 3.33835578829768 3.37226631429455 3.38766196113137 3.40163636827841 3.41221853293638 3.40401616470236 3.3799503995515 3.34904535114882 3.31585980391188 3.26374706402786 3.25723134729788 3.32045839861686 3.31435082280242 3.35089771107577
4.63110565560482 4.72796845738112 5.29467349882457 5.69078750268472 5.68703012904407 5.98418746661572 5.97966451049697 5.77184449716943 4.95018584926246 4.66852237207476 4.40741005076889 4.28071469783677 4.18698724161177 4.15287605432436 4.18289079996107 4.21493451700049 4.35203470312515 4.40491233296269 4.46581969009336 4.52781066804891 4.56265787622608 4.55400949561511 4.43618399554333 4.35053826369874 4.28301458780534 4.19771147811421 4.12775229908809 4.15990281638337 4.09069718755373 4.01812279789579 3.96645937630019 3.8923393142368 3.79071278217081 3.6756370619555 3.57051568614729 3.43480088822889 3.40140893334244 3.36741559904393 3.34589170178027 3.31706794409542 3.2910727761306 3.27003232115876 3.26060671768936 3.2815071107471 3.31293099201774 3.33219823238581 3.35165501780312 3.35345181736161 3.33367464877377 3.31728284126024 3.31239520366148 3.28733380702677 3.27286709348985 3.3388366896312 3.35456947532662 3.38956207455855
4.68777086922891 4.73063383367566 5.45183766553443 5.64130355497991 5.85124884830194 5.95256657686145 6.10637842615351 5.64101202776836 5.07914661051374 4.80007437525321 4.49992947517546 4.36688555288929 4.28420019600087 4.27459294129791 4.29672605175959 4.34456162212758 4.42941427392208 4.55740232953429 4.63531712030413 4.71591946288644 4.77718133621278 4.68394926894436 4.61297767376075 4.5132580083611 4.4124686941976 4.31763061770792 4.22940964411194 4.15886607666957 4.16918121957929 4.10170503887108 4.04557754599933 3.97108922955033 3.86982010911623 3.75803311345999 3.66410700801742 3.59286196937269 3.53115692804115 3.47001972574958 3.42044859873071 3.36891912545501 3.30121019474633 3.22542702774178 3.17631310048074 3.20849847843463 3.24258199411556 3.2803682101415 3.30946953923687 3.32497377654722 3.32123658784927 3.32284536101341 3.33281435614454 3.30086361493415 3.28722087734227 3.37145963073397 3.37881564899075 3.39526571050169
4.41926460267952 4.65309930776595 5.44633246045606 5.73430103608345 6.03439565580019 5.98400754277223 6.035075749055 5.21570097325413 5.14431351503672 4.81807611999142 4.58172067449278 4.44560762806698 4.39253640886754 4.38435285193614 4.39241117068853 4.43425129102837 4.52497260423659 4.67459825452402 4.75500514391331 4.84131177588132 4.9048519159459 4.83615989306985 4.72738143382271 4.62016914446467 4.50189635233164 4.40652826019169 4.30184123599013 4.20730801822085 4.22683860416241 4.17585591969235 4.10703246686339 4.03256108488091 3.94085079762521 3.84896067666641 3.75953514092181 3.69738441805821 3.64444143800725 3.57040181651561 3.49921949607788 3.4139790421709 3.33841996179769 3.25075436333602 3.18384352041402 3.1946666800608 3.22488432271731 3.27081678165742 3.30956621688817 3.33259148258658 3.35153702678461 3.33353089779166 3.33607122425647 3.3248031944813 3.38884178458779 3.36166062360418 3.3606552536163 3.36419678103495
4.08038142697032 4.55270173806507 5.32712083330051 5.84051241217555 5.89330023833801 6.00753884991702 5.86268334932521 5.29042497390504 5.15889969109656 4.79251652661833 4.64848668207605 4.54084730848889 4.45863330530491 4.4677552079882 4.48026980444963 4.50469594249381 4.57481100089373 4.74592894728502 4.81595601139333 4.87898184585057 4.91764477028478 4.85450220720725 4.77298393470685 4.66757867787955 4.5550944821296 4.44016674234502 4.33465740490272 4.23953296469673 4.2607134287003 4.21145294303499 4.16125088770033 4.08509695705362 3.99974551443155 3.91739019920206 3.8416044580469 3.78995982770675 3.73451955281713 3.6645390747056 3.58374269424686 3.48986491577108 3.40426533183021 3.29374919199445 3.224762316523 3.21632830432798 3.26037237814445 3.29795571849702 3.32323898943781 3.33907970870474 3.38273688314989 3.35322059881073 3.36776360916564 3.36212437505964 3.40288764737825 3.36820788615175 3.33407930521155 3.32291825172441
3.24593938719495 3.63402331625984 5.01008864850209 5.69355999247149 5.94357940855025 5.83022543951767 5.47062967752957 5.42151772761484 5.27601360888292 4.87093275065714 4.7161806626949 4.58987680792284 4.52271206661178 4.49651790912848 4.54143767493041 4.57284110701468 4.62614727417432 4.69040743902402 4.81194312857663 4.85045553797769 4.86214098331316 4.81147585125451 4.76386729408198 4.66689098664037 4.57102289391464 4.48045746578032 4.37632255288459 4.36189832584001 4.28363534177624 4.23237409937676 4.18339323734994 4.11495911083545 4.03335279712178 3.95711687688755 3.90375392116864 3.87138373813939 3.82063880977798 3.74773424076776 3.6532666958211 3.57618095657348 3.46714948518545 3.36079730547606 3.30146966755159 3.2768009696397 3.27428458133298 3.28969015066184 3.33077893873371 3.34883220554665 3.39181884826272 3.4187522085015 3.42225112322121 3.43777451013073 3.46937335831133 3.40301612371935 3.34545657411592 3.32241364474194
3.72240832686724 3.93444891796403 5.07190771908146 5.7055440647851 6.01393407071776 5.7049876337467 5.4531076712435 5.51147265391861 5.27548777609089 4.92026482413132 4.71173996198668 4.63199014737537 4.56796070393273 4.52231699732124 4.58717490285489 4.62947260280713 4.6339197702269 4.68078955436688 4.78091831846117 4.79548320171466 4.79803663784675 4.78441631176767 4.71743732062667 4.64719227766988 4.57031182531296 4.47829838472127 4.45284604047256 4.37068866167346 4.29800249025595 4.2355448717741 4.17378228012347 4.09956114323428 4.04282182852339 3.99625413642293 3.95422124847807 3.92265061448777 3.89806337298397 3.81613308303272 3.71961721169676 3.65566922876718 3.53374815368958 3.43513397135812 3.36606561773437 3.3282439378958 3.32642403568447 3.32281912922744 3.35638170655544 3.38039968695985 3.41955788442849 3.47044095532223 3.49587658463429 3.53860054488274 3.59440018179881 3.53320153652192 3.44121512059472 3.39933587369843
3.74150679377158 4.35442569268937 4.78580384017532 5.46063042105426 5.68685475848758 5.6415336863673 5.7581663136165 5.36719359861834 5.11214164436476 5.01760678976696 4.78732231322592 4.65156509874701 4.57924000340175 4.52976126665124 4.60337353297775 4.62696868965097 4.62618773526717 4.64993562009611 4.65430359021764 4.73008097753871 4.7209774498929 4.70491679067833 4.66859235670438 4.63166619483109 4.57790058381275 4.51695682377757 4.43237182922422 4.3508656781818 4.29002049025551 4.21932059807639 4.15263582057032 4.07532250114112 4.02100529252721 4.00069199031155 3.99005004978018 3.98018706312978 3.96634715723245 3.89767429884131 3.80842191710877 3.70583499966844 3.61220053857819 3.50065787454602 3.41875944197901 3.3682532247735 3.350586376133 3.36135961108033 3.37270587568464 3.41112751952223 3.46789357479869 3.5278221428053 3.57748935687403 3.63519072182929 3.64379622152553 3.71133910716716 3.63338010427104 3.53416576095046
4.22235768084162 4.33229884879648 4.93424262871365 5.1811642005715 5.49148687219445 5.74568073098271 5.54195554085412 5.23412976096299 5.03908971936858 4.9004427321472 4.7515068531143 4.61754314245189 4.58721956725356 4.54635402627389 4.60261407186242 4.64044999308071 4.59568987926703 4.60854318074817 4.5893081324948 4.65381344601136 4.62497151260938 4.61312011643247 4.59148093972268 4.56412447442408 4.52001985036883 4.46256752625845 4.39195566064351 4.3201107644064 4.25204518648724 4.18492069462118 4.09898909289441 4.01222614257226 3.98693562121774 3.98815613235319 4.00957659209824 4.02069653692569 4.01475431655188 3.95340942493785 3.86266035597994 3.75874390235867 3.63518527098965 3.53036541319968 3.4403962230717 3.3840733898203 3.36886021426565 3.3690009374295 3.39832029541899 3.43457733942077 3.49070268455286 3.57306204325339 3.64058835625877 3.72311680048491 3.78887487462186 3.82606692906831 3.81220017673968 3.69204533879155
3.95443721520332 4.32846498779199 4.61212134334516 5.16072010444844 5.33237599286862 5.53671197700201 5.38767100386006 5.13686130227588 4.95257220002303 4.802065327479 4.67534853101755 4.59465209855878 4.57799507553987 4.59725015896886 4.61281820691886 4.62631146970454 4.58848487772744 4.55227789469433 4.51531857744556 4.48000113865961 4.54435149222315 4.52662693437346 4.52130630458364 4.4763727550097 4.44921436824175 4.39743503334114 4.34678606446386 4.28396734108363 4.20686144675838 4.12964791184817 4.02709989545609 3.94894881728196 3.9105575606695 3.9600944818932 4.01465858668435 4.03953271429757 4.04264234741229 3.99641188184683 3.89266680707566 3.74851302604564 3.61559247028468 3.51327956319877 3.43391731970272 3.38355033363421 3.36358587360286 3.36728449806211 3.40252214333175 3.45186409040498 3.52620989171288 3.58826739072707 3.68273630659511 3.79546778579959 3.88819404184084 3.93878386392681 3.82607014947873 3.77794746102812
4.04054328816966 4.55985908135502 4.84790111328768 5.04273840238031 5.10019345432302 5.43386513791554 5.54758670490995 5.18846464954474 4.98169163422682 4.6153545349095 4.51511171049754 4.6160434713244 4.58577709892763 4.62337662984888 4.63968494017564 4.59905637550238 4.57079164810406 4.5025891237255 4.42771152806041 4.38701094889499 4.3729362314583 4.45831882300348 4.44048140257957 4.41046756894097 4.37616900085908 4.33067224038228 4.27490099027029 4.23109828167128 4.15591144870179 4.09426705880133 4.00834761246313 3.92256882244471 3.8430220498795 3.93689510123483 4.02461726111886 4.03416991001575 3.99954168441164 3.95691580390421 3.82698534126204 3.69648559650804 3.56556338994143 3.46422335824375 3.39069890903365 3.35308712689346 3.35335978510268 3.35409322049949 3.39222506874832 3.43551917157637 3.52281502961521 3.58802677709056 3.68169693630316 3.7691357172136 3.84550876094247 3.86295579602927 3.80549929253054 3.80174426740537
4.50369344437792 4.69652566105441 4.77458498621259 4.96137868183462 5.1050173005711 5.35133468241655 5.45563755928931 5.18678054795584 5.00117073021873 4.52078150996084 4.48724379236245 4.49243869380039 4.67251774340227 4.67382702988004 4.64252309500936 4.62337037402188 4.56449331961888 4.46051938235113 4.33518372829211 4.29806917649998 4.30342660420224 4.30307303567412 4.28518695272061 4.25642690741228 4.31216370286551 4.26349892200705 4.21437868254702 4.13280367028972 4.09701291646892 4.05344431253832 4.00008824243598 3.92843934697132 3.90078130172121 3.95740435812382 4.00498886338887 3.96821653869758 3.90191087321794 3.83449814376521 3.72549223579256 3.61765002464782 3.48989526782597 3.38237631935501 3.31766560557433 3.30267177791078 3.31502877415214 3.34275084762028 3.37254790905417 3.41779080533832 3.49234024499811 3.57098868677573 3.64693472411235 3.71907168163857 3.7690522072312 3.77658940241852 3.75243895270884 3.67606564097111
