data/pcas/pca_proj_current/PC04.asc
NCOLS 494 
NROWS 529 
XLLCORNER -117.166666666667 
YLLCORNER -55.5 
CELLSIZE 0.166666666666667 
NODATA_value -9999 
[rows 250 to 274 of 529, columns 224 to 279 of 494]
-9999 -9999 -9999 -9999 -9999 -9999 6.67327510970491 6.52510214646802 6.19877927764133 5.98829499262208 5.89760633484139 5.36490580122725 5.53566243529947 4.67355090058646 5.14878331292937 5.07626265387356 5.18909533979542 5.24847739005651 5.21269538862998 5.47054628403167 5.33852900951977 4.19754992686526 2.47018881957981 3.71423880698637 3.14667879065516 -0.118104003752823 0.144444613155257 1.26936953802928 2.23361660966899 3.00596520930292 3.49561139266754 3.70334582458366 3.96371963996383 4.10481222885072 4.17028691269858 4.16391607997556 4.11764457042735 4.0621559554095 3.9965779497721 3.94398672038696 3.90594125848374 3.87183131038322 3.83460273285173 3.79582491665156 3.73883673389438 3.70575491955234 3.67291270980521 3.64077796851874 3.60909816988948 3.56971934040934 3.51291996805466 3.45702151837218 3.40378671420392 3.34756110474016 3.27528949551578 3.19749376454709
-9999 -9999 -9999 -9999 -9999 -9999 -9999 6.48043985411454 6.30740143444683 6.05986563854222 5.87642938363129 5.20264732384205 5.24464955204873 5.14437789961758 4.79571945447974 4.8436702131046 5.06441886110667 5.13133851530065 5.12905813530989 5.48367179222388 5.18663556987398 4.53001143223985 3.17196801635133 2.66750560371203 4.41597389671883 2.34073908696325 0.855732392180738 1.58414767053485 2.35157861609196 2.94869676216424 3.54379824085914 3.92687470638876 3.85753794399748 4.01502584990924 4.08993251498378 4.13210038741678 4.12098295534125 4.08398738570767 4.03129419812999 3.98406929000063 3.94859937866461 3.91210773968363 3.86927512642615 3.83690701726237 3.79352720003962 3.75555906814971 3.7212984028982 3.6827429439582 3.64127886771614 3.60200813523374 3.53543400535892 3.47900566200215 3.41857929667872 3.36358860835163 3.29697311772332 3.22623849240622
-9999 -9999 -9999 -9999 -9999 -9999 -9999 -9999 6.35809007463075 6.20017706141838 5.93741746392569 5.45307645920812 4.8930431092538 5.08056117587125 4.65956899664935 4.8370527260782 5.14454033302184 4.88732037597322 5.05388154354293 5.12315765118211 5.28926158654192 5.37821444585797 4.86122404116045 4.54905440066808 4.77254808589237 3.15382574567995 1.62722826168742 2.08578025592624 2.56789293260735 3.07209821517819 3.97039883796805 4.05218406605259 3.79558564446102 3.95135752285583 4.03289002350059 4.08499880277584 4.10270857462252 4.08325669691999 4.04685251254686 4.007145145112 3.97281192386229 3.93593894995644 3.90306631715718 3.86129464863079 3.82752310495901 3.78874086711604 3.75536771605316 3.72106691138994 3.67237654964322 3.61301303921056 3.55419130632035 3.49820171486297 3.43579657033803 3.37501439064122 3.31923172596901 3.25959838080819
-9999 -9999 -9999 -9999 -9999 -9999 -9999 -9999 6.28170939468399 6.11739088099808 5.99639783567168 5.75362944725919 5.0377207265023 4.94634139276536 4.8757083796132 4.77403254941162 4.83665029461342 4.90013732814016 5.09465064772023 4.83890083445399 5.00889515191028 5.17387150713327 5.46570524416627 5.09776406249601 5.54476780742066 4.12050037585177 2.27626811834534 2.51682220346179 2.91566830725083 3.30420879717244 3.59902602913445 4.16185729131122 4.02780373979692 3.91072754744229 4.00507477320506 4.0530618744067 4.09339623366524 4.08566314817753 4.06153436927389 4.02508553353278 3.98885529784792 3.95749865427445 3.91822307946167 3.88539520921689 3.83696557948338 3.79130773111808 3.75967795121064 3.71922504396143 3.67442338019263 3.6205346001377 3.55561430363095 3.50846808019474 3.4528799902081 3.39532050648051 3.33894177963245 3.28698982854739
-9999 -9999 -9999 -9999 -9999 -9999 -9999 -9999 -9999 6.19781415377527 5.99810309898525 5.7281110951704 4.83497342773648 4.81139658299878 4.92901685039189 4.73363072656572 4.77653661110398 4.88751770077605 5.05958989719378 4.91684453190323 4.82350751153861 5.10993198939168 5.5495731758174 5.50020153559617 5.54879220621195 4.53506870887838 2.88103287526142 2.94829188360204 3.27594228344401 3.58035653998743 3.68222937643776 3.88305677149135 4.00606955901134 3.87972865288618 3.99773667282348 4.03826336632191 4.08783608448095 4.08965161579292 4.06766544952314 4.03089232325356 4.0016877670242 3.96424340598054 3.93238846074603 3.88737970960129 3.8379146823088 3.79782323629642 3.75352038808074 3.71237472257945 3.66654021738642 3.61495317345943 3.54586375224721 3.50238815628035 3.46701236386922 3.41297291897566 3.35369050326285 3.31969899300271
-9999 -9999 -9999 -9999 -9999 -9999 -9999 -9999 -9999 6.30607913954332 6.13668713601309 5.84959243573224 5.29956847234833 4.68733530871377 4.83021832309265 4.65921183801387 4.73306531411352 4.88266807096689 4.87981681998266 4.95178433180404 5.12503807714347 5.4890926313113 5.24337412607549 5.08783815370511 5.30034344107196 4.7941032067262 3.6084427557891 3.26460340239809 3.49557306620068 3.72855063384352 3.75702865043001 3.85650042678787 4.04244678705079 4.08755858220067 3.99704521247447 4.04614180734535 4.06418480195039 4.06369534567759 4.05995800831115 4.03622916620633 4.00270245435802 3.96532841186414 3.92576503043982 3.88649896250872 3.82719996634411 3.77771983071086 3.7302259716312 3.69753326168587 3.64411227672092 3.60014250920878 3.5463758559462 3.50835413936456 3.45311560372583 3.40795186196047 3.37485930175353 3.34881857404192
-9999 -9999 -9999 -9999 -9999 -9999 -9999 -9999 -9999 6.55213524933498 6.31940094774791 5.99511796595609 5.31805148201963 4.57292209995415 4.64154626961177 4.81237503490064 4.74159688356636 4.74572430210854 4.8191052871224 4.78829266357654 4.81155421658745 5.33718769820883 4.68155795294484 4.8730825444958 5.22303557009305 4.81107926114859 4.06317576835432 3.1772358272281 3.53234363311409 3.60056635898871 3.69936169467409 3.90570396699162 4.02380410640528 4.11657872096327 3.98889066138193 4.03499414188568 4.05303183201339 4.06592700082311 4.05149197229516 4.02045986591978 4.00169093799512 3.97021516932057 3.92126578794289 3.87028224521107 3.82070481018135 3.76778289116348 3.72129589063448 3.68208024510994 3.63049054100884 3.58314695002932 3.53605916919235 3.49007397832567 3.43541098277218 3.40125819720067 3.37422069439574 3.35679012024854
-9999 -9999 -9999 -9999 -9999 -9999 -9999 -9999 -9999 -9999 6.43495213404238 5.99093040888223 5.21663136889487 5.41863075524723 4.57716502950934 4.66138339951346 4.75391499867616 4.67644457999726 4.78113435289669 4.7594841130921 4.91629623636613 5.16451802724671 4.70893546965614 4.90218577904237 5.2465689682138 5.30359395039729 4.34098545283232 3.29792760514282 3.21860019652951 2.98708535776774 3.52834427167155 3.89027724061073 4.05969759216923 4.14104378901252 3.99988528375794 4.05878091731026 4.06887939463345 4.05758237922664 4.05517344407982 4.01281116610204 3.97868674971023 3.94085401922417 3.90242274073475 3.85258940097438 3.80167157646002 3.75798612789367 3.69954413931247 3.65549124472317 3.60516650756929 3.55432265677096 3.50694739478259 3.45597149275657 3.4071918598965 3.38099818904698 3.36564710597056 3.35302454725199
-9999 -9999 -9999 -9999 -9999 -9999 -9999 -9999 -9999 -9999 6.58947442137781 6.25099788246728 5.93534342559658 5.50348101654735 4.57031850650018 4.67133886078767 4.73558417256668 4.66185047292938 4.67227057389386 4.73623769403442 4.85859895065208 4.77007528540587 4.32271158271417 4.36129106182706 4.79001186808189 5.06098817307145 4.833371213395 4.10597002591934 3.79121908910067 3.16562335124031 3.68288197475599 3.93515111914488 4.04266958248424 4.10090251814117 4.01396686146403 4.08831383037763 4.08157432459303 4.06480616556366 4.05794581901572 4.02238561955779 3.98132654744901 3.92761360486468 3.87192151381055 3.81187046541446 3.76440873754955 3.71758751169219 3.67216305407406 3.61949247098605 3.56857798726878 3.51339766449602 3.45771911403017 3.41524505475195 3.37627991750298 3.35467083981953 3.34289830918028 3.33908355123643
-9999 -9999 -9999 -9999 -9999 -9999 -9999 -9999 -9999 -9999 -9999 6.62337584256251 6.55004594008139 5.83799607423061 5.24656723537933 5.00123531556274 4.64526070543298 4.67147290638377 4.69607932181002 4.74448249637511 4.74795912846721 4.56197756367075 4.31264132410549 4.24024993675587 4.7010378852505 5.0071548186351 4.73432277416716 4.47563464570483 3.93533198476527 3.90363277763088 3.95063927946829 4.00577693911511 4.01827793803994 4.03064187165424 4.03779264644749 4.15991216925635 4.12821923980388 4.08905622646979 4.07597139055886 4.02759078169486 3.97836277149977 3.90455062051491 3.83681620134195 3.77302609596158 3.70989928087822 3.66279135423728 3.60676551797927 3.55076892760713 3.49599435396039 3.44344021433217 3.39610195125122 3.35638328657636 3.33503653754186 3.30509036963551 3.30657880871608 3.31297426706169
-9999 -9999 -9999 -9999 -9999 -9999 -9999 -9999 -9999 -9999 -9999 6.60367666273472 6.67483239101293 6.42517776814201 5.35510125163349 4.63668507267112 4.58453547799284 4.58377763593165 4.67770368052734 4.67721150416172 4.7384765963706 4.67100077590689 4.380790974084 4.33534270629883 4.92623438341248 4.97642763794837 4.55075226901567 4.1621839675299 3.96576963506242 3.8591817920597 4.02416097597674 3.98687748821103 3.99406689584509 4.01261331993316 4.10223329309114 4.10051416742295 4.17645495433539 4.15574486037208 4.10172864206147 4.03533090850837 3.9652593856734 3.87622423538902 3.79831850148643 3.72829176057863 3.66343772119187 3.60243435662754 3.53758174351333 3.48052130095511 3.41928115245338 3.36747804448526 3.32332780943652 3.29090887972496 3.26277890029273 3.24494871334627 3.24523979996072 3.26024704815704
-9999 -9999 -9999 -9999 -9999 -9999 -9999 -9999 -9999 -9999 -9999 -9999 6.55912296347908 6.50416741746142 5.79665567197118 4.85810671262496 4.66256566378853 4.57785285158115 4.57173227859521 4.61808777267696 4.68586621009923 4.59972806183123 4.50568543127874 4.50484623464839 4.67901834858729 4.96024613971552 4.67002968907621 4.11238285307106 3.91594969913337 3.87947693617717 3.82978622199822 3.88240406258427 3.99885463100698 4.02333314739878 4.0722360593917 3.97765561935788 4.22167280791454 4.17722481743038 4.11691532659791 4.04170918555434 3.95622646867353 3.8528748077871 3.76395531007666 3.68973283569109 3.60716235118483 3.54006304656086 3.46168130949639 3.39190402369997 3.33666245411104 3.29165740092054 3.2412325612316 3.21033029922168 3.17750813543538 3.1673206543055 3.16761695200918 3.19105702783019
-9999 -9999 -9999 -9999 -9999 -9999 -9999 -9999 -9999 -9999 -9999 -9999 -9999 6.28068119829464 6.43782931803113 5.76558743090107 5.2071502513198 4.49500208091068 4.54888849377581 4.56004214656485 4.5684993910786 4.57076439164422 4.59950913237165 4.54375800563042 4.68600238087993 4.99523561055233 4.36369086489992 4.1256658589327 4.32291414418702 3.81474547002633 3.90995495092988 3.87483310170744 4.03116284728934 4.04591788992311 3.94162657425489 3.86845952232612 4.18928962488932 4.16749307818737 4.09814172143987 4.02626699510163 3.93487381825325 3.82543312952301 3.73749466507944 3.64193685125267 3.54995112036854 3.46233836087648 3.38938083716351 3.3201230309977 3.2491349038541 3.19109101433614 3.13586707873736 3.09792634377875 3.06900817637678 3.05432855878544 3.05378489684527 3.09178021377888
-9999 -9999 -9999 -9999 -9999 -9999 -9999 -9999 -9999 -9999 -9999 -9999 -9999 6.03089661222555 6.08074852016066 6.07279559505601 5.24387720838457 4.92034344179647 4.65499968735479 4.47611780966104 4.38304496105377 4.54747502566384 4.63228296155617 4.70313860513062 4.95172563635688 5.16670664434941 4.82385677259492 4.62353947954178 4.84818061765258 4.34207988064185 3.87239199961169 4.02227849304252 4.1050547976008 4.25854355759504 3.98953150583111 4.11013772413112 4.18393590276198 4.20060835246301 4.06561762589349 4.00302505162049 3.91188456964794 3.81898533665701 3.70565626235762 3.59643390250149 3.48875336216842 3.40041414826639 3.32601181712926 3.24617988330232 3.16048336488639 3.08332332605231 3.01317609319233 2.95923574714976 2.91989978697367 2.91141891702251 2.91501120684165 2.94621290602411
-9999 -9999 -9999 -9999 -9999 -9999 -9999 -9999 -9999 -9999 -9999 -9999 -9999 5.97819144091183 5.86589888439009 6.20989384260167 6.15251836242787 5.2875031536563 4.53690286423451 4.42636502012893 4.23018096355209 4.31993337923641 4.66113347664715 4.82268752997405 5.12125309380673 5.15413864267307 5.01574279979995 4.70009520392049 4.85346596556903 4.78385137263865 4.25901181378498 4.0229786015984 4.01895770294706 4.0747175625165 4.17016557070287 4.1413274413305 4.20367950772467 4.04445238422893 3.97821756494649 3.96913758947789 3.90111315991495 3.80114584740881 3.67900650747962 3.56369792435971 3.45428761223813 3.34874757067033 3.25389693526833 3.14816825671508 3.049301369955 2.96729514452576 2.88116455142968 2.81790572156476 2.77198977231832 2.73788433885301 2.73708387646501 2.76849302973902
-9999 -9999 -9999 -9999 -9999 -9999 -9999 -9999 -9999 -9999 -9999 -9999 -9999 -9999 -9999 6.32967512879813 5.9075715410332 5.37588036403889 4.92993759959291 4.36547988497179 4.29126444216825 4.27000886425963 4.47002933187812 4.91884404733789 4.95087405731227 5.01850561619597 4.99170865920418 5.03966363557634 4.88642431085701 4.85611586794796 4.7937161421497 4.57578104621415 4.02622863811504 4.03941559939455 4.296969909613 3.88266312737276 4.55737401933498 4.13253658323748 3.84635593810185 3.98796082417898 3.90355647941682 3.77345757017979 3.65376265449971 3.53663167534916 3.41358383328533 3.29422178368534 3.18702553400424 3.05100629101736 2.93288867854947 2.83551508594427 2.73606845316523 2.66052182879689 2.59252343907426 2.54804745760942 2.52198289635761 2.54073495748136
-9999 -9999 -9999 -9999 -9999 -9999 -9999 -9999 -9999 -9999 -9999 -9999 -9999 -9999 -9999 6.30165341713483 6.16434445788683 5.52774726140369 4.89866031855794 4.58463766709231 4.39761635918418 4.46825901505972 4.43067054374929 4.60707984229205 4.82559152651863 5.01630428469381 4.95709100051869 4.9193311675003 4.92930659772977 4.9179828207122 4.86544277959528 4.87773125775912 4.28161244712392 4.07189649848465 4.30463373687087 4.15961351366269 4.10939808225892 4.41965217164283 3.71491459541552 3.94109808921488 3.8803470555259 3.77925763582268 3.65014713577599 3.51882162172853 3.38715416534607 3.25488061921099 3.11095846392518 2.97628367947207 2.83761215374812 2.68718996424907 2.5494482990971 2.44855156010289 2.35088631873602 2.29713682063165 2.25664260902335 2.27041826326808
-9999 -9999 -9999 -9999 -9999 -9999 -9999 -9999 -9999 -9999 -9999 -9999 -9999 -9999 -9999 6.36718927347698 6.35281371120143 5.75091507708009 5.36150643404828 5.15005291225552 4.59965442847218 4.38372292625656 4.39751763439071 4.52043494027077 4.642813907897 4.87074764838212 4.91318755431184 4.92705721303503 4.9052861693626 4.87455313511356 4.9080087573244 4.83385134748879 4.88196423354216 4.20259670794267 4.27081586122996 4.2821198238642 3.80898877877125 4.17858323325347 4.07899831281402 3.90295188270245 3.83695601634507 3.79358490161029 3.64186183116785 3.54347987012559 3.42550944460223 3.2885102057902 3.09760553653583 2.92097121292968 2.73756633064045 2.54593483255469 2.36669567601299 2.21367365906708 2.08102279854138 1.99193013195746 1.94430879194024 1.93675196444403
-9999 -9999 -9999 -9999 -9999 -9999 -9999 -9999 -9999 -9999 -9999 -9999 -9999 -9999 -9999 6.35959250622211 6.52127452656423 6.45257793619504 5.67853470599305 5.10074534293737 4.6636959622948 4.44914257352267 4.48291971348119 4.49909541160859 4.55547057448271 4.84412580736259 4.85760860328805 5.00369913262859 4.90122720641159 5.0005856977088 4.96332194637409 5.01370899262464 4.68125899256872 4.66423954730819 4.25432800156737 4.01522882835289 3.94876300862499 4.37680559845747 4.38103789378293 3.77329991651916 3.86186886942869 3.79048374613788 3.66829067554165 3.58832187047731 3.605052945646 3.50377396612409 3.38282324032901 3.09967828770543 2.67879082483937 2.43321761223859 2.1933957480495 1.97670256328883 1.80265180069535 1.66144111499299 1.57050871879784 1.5441421410148
-9999 -9999 -9999 -9999 -9999 -9999 -9999 -9999 -9999 -9999 -9999 -9999 -9999 -9999 -9999 -9999 6.36682911369738 6.33205144160942 6.41100002941634 5.35295918027284 4.73935661410398 4.73999875309596 4.46871099061444 4.44680573213401 4.49442303769157 4.56692206615737 4.83509339259288 4.90935035818709 4.92793077582145 5.04994438024787 5.1081978827277 5.03883078413721 5.02278763208747 4.50928972796824 4.34990380459152 4.09419659406657 4.4060867881822 4.67967683200049 4.25435124433906 3.77732570220697 3.79291143739916 3.81616113765563 3.73856536539458 3.65141350566295 3.71535250024 4.01403936774345 4.00871239284762 3.44730903885111 2.81945527454845 2.36110365476418 2.00568070171392 1.71809375573449 1.47519609154571 1.2845075026869 1.13786467415923 1.08205890640077
-9999 -9999 -9999 -9999 -9999 -9999 -9999 -9999 -9999 -9999 -9999 -9999 -9999 -9999 -9999 -9999 -9999 -9999 6.25987853680991 5.81207748692863 5.28072482678862 4.71681676997705 4.40312493576324 4.50634275749661 4.50159178341419 4.55552724291297 4.63612195172383 4.94581159383243 4.99094553232303 4.97656692137374 5.08239781688314 5.13967662818777 5.07926429870645 5.02392930310013 4.39329135251226 4.18110101077913 4.48744671451449 4.7786366935464 4.3697868544732 3.87366265731108 3.85952339891099 3.95118236292977 3.82891651921486 3.76083749726938 4.0503566654696 4.41600034432423 4.88120573188329 4.24040524297923 3.39507118904134 2.91315007976417 1.9934585365243 1.4253585093903 1.10801550178705 0.833084631668667 0.648979784501122 0.572916777303107
-9999 -9999 -9999 -9999 -9999 -9999 -9999 -9999 -9999 -9999 -9999 -9999 -9999 -9999 -9999 -9999 -9999 -9999 6.02066577737464 6.3260624386833 5.36746586626515 5.01929454915148 4.38612936787218 4.6288036430992 4.50576845686025 4.54341402060455 4.63759341112256 4.87784888911351 4.98408980545147 5.02608738634726 5.0096728143806 5.00600452355702 5.05066498932435 4.95667232446886 5.06582324695861 4.39740905889558 4.31297768486002 4.72726752475356 4.30572039419235 4.03213920227639 4.1169738421567 3.99975181994015 3.92828253500677 3.79112466843638 3.96904890538522 4.24187065952233 4.73020624482724 4.50805534951704 3.48623068550358 2.73832564434783 1.88498906313439 1.23201745075184 0.711533122115544 0.329277462270797 0.0552527586580186 -0.0385930997448592
-9999 -9999 -9999 -9999 -9999 -9999 -9999 -9999 -9999 -9999 -9999 -9999 -9999 -9999 -9999 -9999 -9999 -9999 -9999 5.92348542172477 6.20750087379654 5.20967902917691 4.70083071003239 4.91428078064162 4.50616539026417 4.55427927743571 4.63169736666814 4.67230894206608 4.65808216624233 4.93083310956406 4.88158231298007 5.03825075762759 5.19428660068709 4.99422620938007 4.85153015723865 4.96556096736405 4.56580861291234 4.46198698400176 4.24017778286173 4.11362082286611 4.07496312592765 4.0166820210146 4.01880770825223 3.95066704838197 4.00776336123562 4.14895879707604 4.72131185229998 5.06668329476089 3.75265070121403 2.45027753314022 1.67163781072403 1.0362449895583 0.345143244435159 -0.215007381202484 -0.585049995260804 -0.728960728042145
-9999 -9999 -9999 -9999 -9999 -9999 -9999 -9999 -9999 -9999 -9999 -9999 -9999 -9999 -9999 -9999 -9999 -9999 -9999 5.70702876547004 5.91787374958992 5.74762459037678 5.36395156623569 4.72179887427313 4.39384279982388 4.50590575873605 4.53237173335103 4.51699274724503 4.48935653495736 4.50798587608156 4.81350329473574 4.89533618093802 5.18497836860575 5.18399257701214 4.68678408281433 4.75058148780902 4.86590785067106 4.68276937763046 4.41034402500455 4.30295198809901 4.05127673444548 4.39906844949978 3.99055423821272 4.11709025083955 4.28219564901729 4.79071443796363 4.87458124580204 5.16830360505481 5.23808762995117 2.81753786625408 1.52661197127257 1.12267733836173 0.660733120148389 -0.66833617160373 -1.34866855706399 -1.57678124621954
-9999 -9999 -9999 -9999 -9999 -9999 -9999 -9999 -9999 -9999 -9999 -9999 -9999 -9999 -9999 -9999 -9999 -9999 -9999 -9999 5.58461930049567 6.09253533003387 5.28756749671735 4.56403966573124 4.29339057162057 4.44704514706299 4.43960763933068 4.43398815119326 4.36772693845356 4.37488129576336 4.55723414437483 4.6501897521304 4.86915772619756 5.31939253508587 4.83923293954375 4.93854294414081 4.73150772030978 4.72951979509756 4.66649921205704 4.34968312293365 4.42386014509986 4.33684459677415 4.11717312023099 3.91513919522573 4.54172849701065 4.52116001053589 4.71332813965357 4.70137408209284 5.35433921244174 4.93510661026185 3.06096241309276 2.12376990755687 1.05113379043659 -0.467815340906227 -1.88645324257547 -2.5049832370137
