data/pcas/pca_proj_current/PC04.asc
NCOLS 494 
NROWS 529 
XLLCORNER -117.166666666667 
YLLCORNER -55.5 
CELLSIZE 0.166666666666667 
NODATA_value -9999 
[rows 175 to 199 of 529, columns 336 to 391 of 494]
3.43258214188529 3.36797832828014 3.44886076389589 3.41998904429717 3.4327215777609 3.450537178076 3.4927549880362 3.40981505784523 3.21434729801235 3.41302978138985 3.50643247817553 3.50262099612799 3.37563598226052 3.43508955091098 3.51112310557919 3.48591278484854 3.45714497594106 3.47537856760249 3.52484247083942 3.54900709446106 3.60173529071793 3.58856077778598 3.55637946296762 3.53517567425485 3.47726152909556 3.44710164209295 3.45697299033742 3.44410470115574 3.3976157134283 3.40086491993161 3.36592110406282 3.4124826882643 3.31416792366332 3.30499340996921 3.37307525085679 3.43097732247848 3.42068351587455 3.4171919205422 3.39817396379296 3.38640195074137 3.38593683988529 3.36627005276357 3.28462714528784 3.2707056266327 3.32701413653906 3.29444229201466 3.20140239302917 3.06050732688597 2.98885172211424 2.94797789422973 2.8340956325806 2.77212609834056 2.56281084347809 2.50117205350657 2.32301091304756 2.16793727800082
3.34197701240664 3.31693195628732 3.34257277501344 3.38847224967611 3.46150227638111 3.35269865529676 3.26376689502721 3.30477151884049 3.33692755559145 3.48479753808143 3.5463279760099 3.57381187330594 3.36501874023224 3.34210673443385 3.48352249414951 3.48969425496006 3.42359938338509 3.40308808139209 3.477100761438 3.50137557034147 3.6208502973157 3.55742919258135 3.57427521152544 3.58574760885495 3.51778672937072 3.48970672068507 3.46452698433663 3.47645312011184 3.47583803006146 3.4330724445921 3.44394685115153 3.41030579370913 3.36274825755615 3.36452268052429 3.37373052401582 3.45899693923285 3.45600183247089 3.41892404414851 3.39799756213043 3.3914085757077 3.37185314411207 3.3581386671645 3.32540027436189 3.33278236338531 3.33275042331987 3.33004162611781 3.23798042958516 3.15405280464491 3.07113375911873 2.97705480723133 2.89361479617218 2.81705744718777 2.68105335773858 2.6610249827219 2.58816141080751 2.39932390597776
3.25633019933385 3.26968669881039 3.48511610683791 3.50481156451328 3.27658793799921 3.40699180212255 3.46219495065242 3.38150676057228 3.31853992285094 3.53751482861932 3.53991399634908 3.58855248690567 3.58903156063129 3.53821680895405 3.4745937554176 3.47620698778476 3.4379524679346 3.47392783053691 3.52256457902233 3.56825647684098 3.62992321249053 3.54602368562654 3.62140466599765 3.62105012239403 3.6165030254098 3.55751021902488 3.51622869543792 3.50852389903205 3.51377798691548 3.4513679252754 3.49383719884491 3.50092352390139 3.43811408967332 3.41868570397571 3.43263393931273 3.43581396893106 3.4370841237962 3.40529134647956 3.39861091297233 3.40308008153987 3.38109733401706 3.40378358494336 3.39590573060355 3.3645600413831 3.3616031877628 3.35075656942408 3.27663917145082 3.27738478891168 3.08278597343699 3.06743796130897 2.98853276992829 2.91485083594904 2.88586443654799 2.79188169124235 2.68795411537798 2.56871292359801
3.30564809118159 3.39297055492044 3.36207859402561 3.45709215419146 3.32261625305455 3.34510300118392 3.30061954786033 3.28744531619445 3.40703499741156 3.45402235001037 3.49916397924389 3.55374761345902 3.61756571343074 3.5538015051857 3.51148089911548 3.4827224823974 3.51795553719733 3.52487959353683 3.53619685712078 3.57788020365083 3.61829747356785 3.60003110889639 3.63632426616214 3.63034662610953 3.64222558361637 3.6233784376039 3.55543640504172 3.53524153097658 3.58551585813773 3.57087699237841 3.47433008942308 3.43966628346239 3.43114478806512 3.4834443125477 3.47373925235168 3.4969556157889 3.47013366337068 3.46520292258142 3.46716362647705 3.44491996451443 3.42358206549925 3.40304512708709 3.42336038546367 3.43302384970241 3.42434386741133 3.36026497328532 3.31745023431829 3.26162966374871 3.20365621387849 3.17063578922309 3.05730701452097 2.99168722442092 2.97109140250621 2.88913647889889 2.82391149979291 2.71221254557461
3.28249966773393 3.40912508072845 3.36134765886212 3.30981992167463 3.29428513226979 3.2611458139881 3.27802647876411 3.31128773453341 3.34328339320884 3.38899195109923 3.4648035477838 3.49856113931827 3.60819612593242 3.55213521414419 3.53540863635372 3.51816866694045 3.51926433049296 3.53649004526246 3.54259543440134 3.53936490395623 3.61796418720295 3.65708119854468 3.64565157611762 3.67046083836673 3.6552056939054 3.62829511760116 3.60400901578886 3.61506414603477 3.64097770401394 3.66411494951935 3.57892525271013 3.55991392737894 3.54247250057224 3.51471983493568 3.56169998789522 3.566755344998 3.5407179695822 3.54067627704546 3.52803287577485 3.48960082812091 3.43040492140443 3.42821243364432 3.43720283705545 3.44869610506741 3.40706190108223 3.40366214319344 3.38797178789402 3.33208602567319 3.27576401032029 3.1974286478342 3.13416413503153 3.07819529915617 3.02808869225358 2.9679647238026 2.92206417308225 2.84919506179944
3.35898358378193 3.33547024807655 3.32388934053187 3.32496872564644 3.31642902916702 3.21077430908992 3.11658630325685 3.19951429237587 3.24325269492399 3.31929961796339 3.37989259728727 3.49067743904867 3.62705177609242 3.57942819422418 3.576340004553 3.56535669440773 3.57699182961746 3.55173462551031 3.56351151756312 3.62586081509871 3.62820049381379 3.63701482427202 3.66659704334522 3.69768719078145 3.68378391829318 3.67870713622816 3.64041057257235 3.65077711151852 3.75379410174753 3.73575685053903 3.63650039467571 3.67813493115868 3.63366179785863 3.56298666282508 3.62706499001862 3.63391349349181 3.60110811048934 3.55940011342775 3.53966443285804 3.52249472251357 3.5101270793779 3.51376526655734 3.49476903065634 3.48260632313714 3.47228314901453 3.43989777474768 3.41681208482483 3.37830036547334 3.30989325101396 3.28170831683403 3.24531117403973 3.15022682587135 3.04423457429304 2.98153414974695 2.97931025083774 2.94845885618989
3.42538303302483 3.45879428016355 3.27669045517068 3.23316333110621 3.21194044579791 3.25175452310429 3.13649216171274 3.09963528736858 3.1613012476001 3.23092203347563 3.297328598864 3.51683860841972 3.58932469123604 3.58539997120537 3.61715136609236 3.58722293813753 3.60702832351072 3.59117014276556 3.62331485470049 3.62899107077864 3.61480257580019 3.62556441006513 3.67439834812878 3.70958263994172 3.70201253436209 3.68225334679102 3.63414980126497 3.6494424171459 3.69221608596989 3.73127757714683 3.65934955238918 3.72056952956559 3.69319579696885 3.62909216200795 3.66202292386114 3.64761901035752 3.62475115018153 3.61779948386908 3.59431588491178 3.57598782259786 3.56967064704385 3.56469032928356 3.54323902642046 3.5215228370883 3.4902769574734 3.49376365706031 3.47327476348307 3.45738527193281 3.40399927975013 3.35657339804307 3.33031297676546 3.31182796502671 3.165151219353 3.06484593098603 3.05942661682241 3.07854430373781
3.55664679853899 3.53767565498954 3.33508431180501 3.26956917853741 3.23163389315331 3.23748080860921 3.18147866590388 3.19454064794327 3.13862651263238 3.23536428922907 3.40755770511121 3.50597802680035 3.54976827413376 3.5800688458695 3.60450538719412 3.61589598949705 3.60747427924829 3.61814938073107 3.6202526902251 3.64365654928576 3.66282747313082 3.68141641507178 3.67763172124564 3.70238833006109 3.71721164650065 3.69166179623384 3.67059625364459 3.65651915548569 3.67191042253551 3.706583763676 3.79133419374434 3.80271489656794 3.80665193257765 3.67659474706505 3.71653119801589 3.67211541465608 3.6799588644194 3.66429171156484 3.62508791269163 3.59266536496661 3.5892334202437 3.6038373361131 3.5722390243984 3.56884837165624 3.54207610226721 3.5274904564207 3.49402243237387 3.47607798945148 3.46567604116862 3.43499537729657 3.40616327943092 3.37399832212255 3.27664180400876 3.17467799485734 3.15571932552616 3.11797941670886
3.57369207839522 3.45910771112695 3.32879609502932 3.23527915189089 3.16750854613288 3.195888256706 3.17029365945935 3.18128027821673 3.17815572828486 3.3160623943406 3.42206331440963 3.49348018102542 3.5508430864554 3.5565456750939 3.59974810806548 3.62077154948261 3.62574714809939 3.63793514967409 3.69944650101608 3.70124515138607 3.68973577374139 3.69972889277942 3.70557568964264 3.69669930506409 3.70525482527473 3.69184996604111 3.67399612227961 3.65592456655389 3.63368949287907 3.59358998934044 3.62517451053352 3.71819123905722 3.74774085323487 3.76891216913689 3.732127401795 3.69069593733194 3.67194630176207 3.68814187158708 3.64764069686245 3.62938410436086 3.6046320438643 3.59801559348367 3.60177840199918 3.59417665149679 3.58121860741608 3.56575458727445 3.53476220441725 3.52448481035761 3.49972439021598 3.49171179440226 3.46689873005987 3.41892638360922 3.38054926918726 3.28117031530906 3.20787801995329 3.19940919583659
3.57610439947098 3.4640092131912 3.37161223217746 3.20472381154869 3.16700822228518 3.16148692830208 3.1480925269618 3.2320581022528 3.29035515634436 3.3589598850436 3.39945589914858 3.4546141791901 3.51580812273171 3.55963643496962 3.5904040985982 3.63378949138679 3.64105562914309 3.6414242666201 3.67669878960679 3.69988099275282 3.71770473349272 3.73419932567833 3.70557831694546 3.71474377565467 3.70198629150642 3.67759901606933 3.65621663254018 3.63078992008992 3.63211244460452 3.59805219733874 3.5494086961446 3.60801536372537 3.67325754370892 3.71160754982906 3.73392265576351 3.70467428425613 3.70668952869781 3.69430716898796 3.6670476310563 3.64728091592346 3.62887351429449 3.6218727391176 3.61743639463395 3.61370860432581 3.60609282894675 3.59004607412815 3.57014254771937 3.57079744262803 3.54547211862361 3.53235658367065 3.51552786285297 3.46926905339116 3.4089569553031 3.33851740108775 3.2761520211832 3.23151126563912
3.49377200494295 3.36128058980748 3.31878492782008 3.22283975717959 3.16824520592252 3.13609599762596 3.16550811310329 3.23740343840699 3.29783844710147 3.38163486516671 3.39547109390866 3.45006526230517 3.49018366617864 3.56852703307387 3.62000164958069 3.63991824835828 3.71125247543637 3.68889943736125 3.70192189321839 3.68220065166291 3.71777609434669 3.72674936533667 3.72248452955042 3.70695726159336 3.70080661616699 3.67383955836439 3.64766207440172 3.63182840512929 3.62732157940152 3.61449534272995 3.56037886406876 3.57867249296129 3.60448544681288 3.65643048596223 3.70618446505682 3.7121660730647 3.70220650754194 3.69805269034591 3.67115162503482 3.6561505495798 3.64873684429896 3.63860955575337 3.62693620564328 3.62911419642177 3.6219444335753 3.60918226859295 3.59813575177802 3.58652711371876 3.57067886598097 3.57703608794485 3.55492124341301 3.51521428908955 3.47668173264372 3.45758211291412 3.39141718214567 3.32271003866636
3.3814349466681 3.30239426709122 3.23844770461457 3.17051644224653 3.15513317473325 3.1178710010568 3.16932876911383 3.29542501796431 3.3515490475868 3.38548403272563 3.4210516703088 3.47245841151112 3.5980806376526 3.62040793556 3.6350375793682 3.64785000927894 3.69402529634021 3.72233824368932 3.71681708791579 3.69327134369014 3.70435972734398 3.71874906199741 3.70390021648296 3.69251902624099 3.6921447424153 3.67742212669468 3.64859342073616 3.61769074447556 3.60768834959347 3.59876324041376 3.552160537806 3.55397635899969 3.59638341575539 3.64478103907712 3.70360516234023 3.70776028267027 3.67461230224359 3.68175360496185 3.66992288868101 3.66493666377604 3.65567278072655 3.64740392075526 3.65311157064921 3.64780741100276 3.63527935884404 3.61886642034992 3.61022561590478 3.6108625466111 3.60930147467258 3.59026450698622 3.58323757088125 3.5735634360745 3.54549413315716 3.50390874809693 3.4688825934044 3.42332784042785
3.33399584626683 3.28802683366794 3.17804370740404 3.15475855720763 3.14181565886221 3.14533137831624 3.24052458754563 3.3008063910497 3.39881120924118 3.58253773351727 3.51315778597342 3.5748580197439 3.55310894276147 3.60609083630208 3.67841934747615 3.69746351861847 3.76448644858796 3.76227755215264 3.75311787143008 3.74455116740078 3.70755689166225 3.68455179271058 3.69637446308187 3.68853093395298 3.6698460744079 3.6536817962511 3.63634103786264 3.62792907527614 3.61830475879071 3.60877378368945 3.55339580581405 3.56608097242595 3.62550301408087 3.64809920920997 3.66141046328827 3.66813295294628 3.66255934315529 3.66747791160973 3.65705362841293 3.65196034710397 3.64683591218401 3.64394324208415 3.65839005128354 3.65837083976144 3.65059496110867 3.64220724348713 3.64064058474818 3.62353544924099 3.62473386522459 3.58702800631996 3.61011371365361 3.60794524153251 3.58632734212328 3.55624304954748 3.50564610005376 3.46498323215715
3.31684687888841 3.25077585745372 3.17471131499932 3.12325145838819 3.09235545628885 3.16339319512142 3.23002414770619 3.3847128812878 3.45966190581075 3.55257656882365 3.63867168586483 3.68749004532532 3.67993895289111 3.73351518224518 3.66409133873634 3.69966432218826 3.71935663208648 3.71252184643222 3.72464257613629 3.69784211824319 3.70713322649482 3.67138915107466 3.66372048698717 3.6626051186102 3.65349229103962 3.64059875444024 3.62351111383431 3.60681250552627 3.61771917125079 3.61068653260066 3.58257709727184 3.55958060910068 3.60751014438671 3.62480280636602 3.62376991116036 3.64923113440783 3.64488797094094 3.63348472832975 3.64253964394459 3.64165949631528 3.65511570446616 3.65927501308813 3.66315311970876 3.65577150492251 3.65520524882292 3.64771766415839 3.64855041635537 3.63928533196235 3.63969681093493 3.63555243430128 3.64246198874274 3.64006920943783 3.60889800003298 3.56513950401691 3.53848930881024 3.50343214407677
3.46184772892823 3.25096232882895 3.1829121270985 3.16300940915319 3.10051099665404 3.15798698960803 3.28042305479251 3.34226058204434 3.46135211786882 3.55818978685188 3.68662403978754 3.73104668503802 3.74606346531257 3.7342868924003 3.77420269484745 3.81220935268905 3.79496729400092 3.81624711023743 3.72801428787211 3.70459460241297 3.66522150979801 3.64223829973464 3.62655739993588 3.63341796356793 3.64045243344983 3.62704377684398 3.60791746988041 3.60884767452759 3.59364704102166 3.57507186266154 3.55963282557344 3.53823755212902 3.57782707880058 3.59696931914582 3.60435734660255 3.62257326149512 3.62183922328605 3.61828684162203 3.62731330043187 3.64284623570622 3.64251967148304 3.65809640546299 3.65788153143932 3.64221100041074 3.63458651627707 3.65175166549761 3.65191000307159 3.65498506710344 3.65784572205825 3.63441792696738 3.6481287426432 3.64752961383626 3.61792119874008 3.57805357810221 3.53566130969448 3.48915552030578
3.45754083326345 3.28653439448986 3.30882574213426 3.2352365314368 3.18830078302158 3.23708367600581 3.31484644787113 3.38267441377636 3.48013693637378 3.54978358918663 3.69682982398093 3.71326917075048 3.69005105243197 3.73796033987902 3.75348386958499 3.76194257546804 3.7884242534469 3.78067239719758 3.74621397781101 3.71242015685292 3.65357633833805 3.66782062171813 3.64824030950256 3.61121203681259 3.61120340517713 3.60008164403796 3.59549743263751 3.57895087498151 3.55496449348788 3.54410983240592 3.53465519124663 3.52156639134996 3.54694355639952 3.56348226527107 3.57660280286574 3.58169278198665 3.59929126802559 3.60634314963796 3.61412351970165 3.62103640666836 3.63213644960007 3.64693701460154 3.65845570399432 3.65812307546405 3.63897114037319 3.63414966869261 3.64276994418909 3.63139808713837 3.66473521486598 3.64635514529951 3.59816655985015 3.66225777721246 3.63611075926885 3.60052123049533 3.55487857405176 3.50416000465362
3.52194365696107 3.41177055284497 3.38912729067159 3.35319047589725 3.35101653505699 3.36707528936434 3.41030785717487 3.47465537223565 3.52625400612833 3.59465204772163 3.67670957658984 3.74043982424867 3.74090394742976 3.73582678743006 3.78160445839096 3.7729310004567 3.7720003371185 3.74423574818078 3.74701063472678 3.72448050249449 3.66649710238409 3.638314064729 3.61550381186616 3.62297833637826 3.58579675998079 3.56884983078237 3.5464466359041 3.52683525530315 3.51445348255699 3.50111211303629 3.50221660336134 3.50656066600953 3.47555242163814 3.50500263198853 3.54571931956147 3.57164935707837 3.57038844956514 3.57726690842801 3.59007605254765 3.59342878496334 3.59666537597483 3.60959840494182 3.60987502126792 3.64175855025088 3.64673730976972 3.61869284335509 3.62329597536353 3.66272181254725 3.66845973414346 3.64943156935057 3.61676339206348 3.60689293393291 3.63251496283995 3.60844995757074 3.56994502676366 3.5297170353457
3.61747979687729 3.59779361071654 3.49977453575965 3.49059904405012 3.49378480783912 3.51223161031246 3.53134784008801 3.54655442978792 3.58953631198031 3.65722340543122 3.71455390687186 3.75193180011577 3.78120601357549 3.7921238529572 3.77730702196979 3.76784209345537 3.76487486162037 3.74466864835231 3.71418064273591 3.69314818899585 3.65712394132535 3.61385087934152 3.58853359404902 3.553571507562 3.52195198203219 3.5132719597149 3.48871697518853 3.46746650105719 3.45761628084466 3.45462338171349 3.45846890639045 3.4551674379036 3.41448929408924 3.46623856063657 3.51219509787309 3.53432089850665 3.53097231253878 3.53937329513993 3.56354394562354 3.58669015395004 3.59382259285001 3.60884175173267 3.62776382398841 3.61344057801595 3.6470364431249 3.64745971518018 3.62386562964294 3.65445732866951 3.64828093274702 3.63224848722763 3.62546147175588 3.59795796663444 3.62418468539579 3.61172097925935 3.57590513549955 3.52610122436719
3.68953296057912 3.68574149282106 3.57675430351111 3.58809075367088 3.58751608472524 3.59359073252963 3.60812122848367 3.63801364023923 3.67674540427298 3.71085951208039 3.71928875610316 3.72600681831126 3.74134964468313 3.73807676418152 3.73461414004689 3.75225286086817 3.72320015342572 3.69982141735416 3.67199971475892 3.6548680630454 3.63775037486532 3.59186196679614 3.51498828291624 3.4907763664581 3.46516732911482 3.44648673102534 3.42128126446119 3.41594052512567 3.40106233916161 3.40518912170051 3.41400920909979 3.42773863115275 3.42302241196678 3.45326664075109 3.46436819163386 3.4706867011149 3.48454301727106 3.48457078340428 3.5078101911533 3.54872420830615 3.566504471608 3.57916502251988 3.61923927444056 3.6286305157723 3.61665060618162 3.61785625972134 3.63583517517338 3.65391517748659 3.64429482623628 3.63375329662993 3.63799057189359 3.64143294638316 3.60015066406299 3.60045332014917 3.57451706862152 3.53215464559485
3.72973906131369 3.73371606003515 3.66852859008452 3.68938070718035 3.68691385990117 3.66104584255957 3.69757501737532 3.7266160370878 3.72625210057963 3.73470820804902 3.73420056353936 3.72352038855585 3.72254369012095 3.72229154274351 3.69707734500389 3.69106987642131 3.68054693856589 3.6777864327662 3.63231976727381 3.60350863021835 3.55478099291213 3.50546320597272 3.45785785350154 3.43410472948365 3.40761095009407 3.38648806818502 3.36060132881271 3.34553768024901 3.33497173587073 3.33287108373211 3.33899323946931 3.35615352441963 3.38473709767903 3.39394122635255 3.42212008869937 3.44616829017819 3.43962473788853 3.45677751079225 3.45538970539863 3.47513166247403 3.51068369540265 3.55591999120202 3.5652225225363 3.58776838388936 3.56597817191674 3.60621068099559 3.64266602782249 3.61556542211942 3.64986849875997 3.64164169996724 3.62563399978057 3.63879679057298 3.62659661767498 3.59114359505034 3.57735926706958 3.53810218967881
3.77415145275068 3.78189768491836 3.71899856636154 3.74220148011911 3.75245662517906 3.75533011480904 3.78151915473441 3.79454869676626 3.77572459237559 3.77751717370466 3.75769326882989 3.73405531066478 3.71113083001767 3.69504613483432 3.67516778966439 3.68379136447125 3.66952318678239 3.61504859238119 3.57052657127143 3.52554562951133 3.47877326518305 3.43338771060035 3.3978486344691 3.37361323380569 3.34241706124813 3.30418505664298 3.28878986533078 3.25615873369004 3.25137664988936 3.24176586502779 3.26675399511399 3.28950055304907 3.31601216678634 3.36495129005675 3.38119073204314 3.37483061737917 3.37492396128378 3.4145915828794 3.43657393457604 3.45672499799176 3.45299503723244 3.5294179546862 3.55967495059693 3.56868118477651 3.58765576337948 3.58363068624591 3.60665554821485 3.62467397857111 3.62220201606619 3.59517758341142 3.61510841521028 3.62958166534902 3.61808297480716 3.5677089816762 3.56991623984796 3.54179207975553
3.77582391172638 3.78772342110237 3.75676026498828 3.79815733149482 3.82542119411913 3.840198671232 3.82431881580494 3.83396705533387 3.81370025243472 3.81848584891566 3.80461054429182 3.77028927011431 3.74089965266075 3.70082620148308 3.67932020087657 3.63949380145802 3.61360552890309 3.57352708140339 3.5247282531251 3.47523048998022 3.4278926992007 3.362117662714 3.31255754776204 3.28742688401293 3.24950590584527 3.21700134392995 3.20631280011806 3.19651897145538 3.21788876669896 3.20896278745677 3.21733550688043 3.23949936611101 3.26161881721731 3.3203664928716 3.34752320587257 3.35210485159198 3.37677955781463 3.38822834853834 3.41205913534676 3.42844370341607 3.41901580219012 3.50025192860216 3.55686500992067 3.56933338945154 3.5983254587242 3.60818370197664 3.61508130497869 3.6167093994158 3.59843703064252 3.57781646960483 3.59517319182783 3.61228223905034 3.61972513462963 3.57045113861654 3.56314757114601 3.55678865671445
3.78599486158981 3.82495653541159 3.82135549111934 3.86922219815368 3.8939031411856 3.89782203607306 3.88798909000395 3.87033880590082 3.85373776225892 3.82999087459436 3.81920087358609 3.80083559238479 3.74808252597415 3.69989784185197 3.65763370683455 3.62788983752946 3.59626490601386 3.51902933360742 3.47717996551615 3.41092220290202 3.36493379284198 3.33158678069647 3.25453547396341 3.22205530086576 3.17884629203636 3.18536686952391 3.17209293127818 3.14728692122881 3.16065608690656 3.18067547258877 3.198887735137 3.21375970509428 3.22887167629697 3.28320928385218 3.30405855124151 3.33070567966021 3.35392671544214 3.37130197997526 3.39537833396547 3.44915842517568 3.43825038825139 3.48116215065306 3.54551706116591 3.60602267355666 3.62223350767985 3.64488619107783 3.67437228091536 3.68419583530256 3.61656069842453 3.61228240867166 3.62630823404087 3.62463173116458 3.574131186133 3.5156830269152 3.51987719391532 3.51542007094623
3.8116448822826 3.86089631968319 3.88519937678745 3.94285846645167 3.96999201144682 3.96477196593976 3.95042534735739 3.91056627570276 3.88243956392624 3.84482033959884 3.82580449834474 3.77668810030698 3.71126595084977 3.67711817754311 3.65899123365701 3.62216122598807 3.58410238678226 3.52486354880751 3.45263230311911 3.3976604011577 3.33071522991671 3.29702884542648 3.21502261365088 3.1466006821225 3.11086205256107 3.09232477752871 3.07277631974931 3.0773534275736 3.0907938439476 3.10647251661114 3.13377913838542 3.15705138200378 3.18627254602607 3.2284276200899 3.27227943181065 3.30060705000217 3.32997982271224 3.33271147865944 3.37060682927097 3.41971265281251 3.43085739915146 3.43571557933143 3.48648297013095 3.54444908545869 3.62551897898844 3.68453013675699 3.6942844414565 3.72567226965604 3.68928023731598 3.62555892330146 3.59668118613866 3.53863448494822 3.49108044755296 3.49288223941838 3.43901489598798 3.46422490460332
3.83649036024087 3.90949403292891 3.95854916819597 4.01146597175227 4.02607946407664 3.9922028111538 3.93761267120628 3.90362575216459 3.88132018516191 3.83227498923913 3.79984309604565 3.76336438589655 3.7019789859754 3.6848818350789 3.66792185221992 3.61024378917252 3.56930336231165 3.50932413741015 3.44749392896051 3.36806021517497 3.30496590697218 3.20661848846378 3.12019160994617 3.04803174609117 2.97948759492662 2.97488474465332 2.97386296712837 2.97391114504082 3.01325904933523 3.05398444146684 3.06829485218356 3.12290396547784 3.15724374882776 3.19975521951189 3.25887589682674 3.29120046395348 3.3116902443504 3.31560014181165 3.3253428283359 3.3905907450434 3.37592645709287 3.37308192030929 3.4045650152703 3.4938884016581 3.59669703934189 3.70495880285944 3.74750595999182 3.74543077668543 3.54907438109518 3.58657819201168 3.65161604840224 3.6261867396145 3.53322699249746 3.48864180830378 3.47062786674912 3.4596000599332
