data/pcas/pca_proj_current/PC04.asc
NCOLS 494 
NROWS 529 
XLLCORNER -117.166666666667 
YLLCORNER -55.5 
CELLSIZE 0.166666666666667 
NODATA_value -9999 
[rows 300 to 324 of 529, columns 280 to 335 of 494]
5.88614349526557 5.61158522654965 5.13977771482767 4.63219236403792 4.5961966371638 4.77296729752383 4.70062287643442 4.65273578299303 4.6252982086867 4.62866094051763 4.66235033193474 4.74584602604476 4.80475000776002 4.85839624327717 4.9233621228368 4.92265213273973 4.69621958342168 4.60489797212902 4.63867664093864 4.57785754309047 4.49987120214148 4.35119427991315 4.20960444747964 4.08631063852353 4.13760153655976 4.22023798998945 4.09582960048426 4.20249039013801 4.41353521019624 4.455406708259 4.17351191916124 2.69328989431589 1.74547916072201 1.85739688437727 2.14387508478411 2.33863986176782 2.42864077175786 2.50788435951023 2.57689152958898 2.79719253348198 3.00223108576584 3.30615432184111 3.565352290919 3.76179041422469 4.11378459282889 4.49153257171737 4.6309619102838 4.65457401979573 4.6515137853264 4.73184000139519 4.70091360797917 4.66328767355584 4.63260336519148 4.57559352124977 4.52535259883309 4.44553806335944
6.22849476161401 5.65767820412438 5.20466212210826 4.80253866703797 4.68428951736531 4.82111801840694 4.75210361524019 4.72263113932858 4.67528552183171 4.64979608852612 4.647964553086 4.75484463980928 4.82480505224499 4.87228802136681 4.90822748156104 4.91022644360226 4.80296199083088 4.76614268989382 4.75604442114921 4.65596667154264 4.56667844376912 4.47398593218808 4.31907289936859 4.26840061887022 4.19298515425007 4.26071087636504 4.11316592122626 4.06248960259075 4.3512964166781 4.5144894132153 4.53398934668976 4.53076166381665 4.36712793437553 3.90000090811469 3.99019876297636 3.6084644357005 3.91001487582242 3.85592571350382 3.54503971283876 3.36553620681327 3.40322185443875 3.51099360813814 3.70570582959876 3.89772906121622 4.08666458459089 4.40629199573567 4.61407402226771 4.65527795793016 4.68180108947145 4.67799722597746 4.66168163966426 4.73010118736486 4.68407874819213 4.6496778269256 4.61065042360675 4.52197031237785
6.57003716314815 6.16155070668456 5.78503963754442 4.99522412681185 4.7799786542491 4.73233444870444 4.7518940014072 4.6820537075385 4.63729568261286 4.64090949590152 4.64022010548588 4.71679881278093 4.81573478682511 4.83610620058013 4.86984098182015 4.92458267770122 4.92795458014182 4.92439521700015 4.92236365670411 4.79233788622452 4.62743158815632 4.51678922359405 4.37233544697602 4.198534494924 4.24582704729319 4.29025144633714 4.24702905143607 4.31955567838289 4.48895578952557 4.5270437127318 4.43785105842586 4.41136937407084 4.51862743925891 4.47164082998111 4.43350080238242 4.44439609101061 4.63292461660234 4.70450636169845 4.54347411853622 4.32309639679601 4.175804057804 3.95076735074832 3.90923945573598 4.01454901220596 4.15576250091536 4.39384498037975 4.56931152422025 4.66174785585778 4.71878167838626 4.71187873801019 4.73251642949054 4.70827092913717 4.76563860247655 4.7000778543566 4.66124051365846 4.60225749601673
6.4900261472193 6.61467194568085 6.14757097291639 5.11683348264286 4.76396214612811 4.69853191795459 4.64551653254395 4.56920720390637 4.60733297938782 4.58234710513492 4.65597168132109 4.70001006847427 4.77179680211274 4.80556438814661 4.84183284648046 4.87721079198294 4.9231838491996 4.94416866543166 4.9218813438206 4.87691239509352 4.74989582227703 4.57372273434211 4.44017803920712 4.27314295494137 4.17944313774889 4.0805410715284 4.28998471935575 4.26890300336625 4.39417925637157 4.44259819498083 4.39006403546439 4.42715147547344 4.48297514155173 4.53825147339012 4.53656886972721 4.63462260463052 4.76930624060922 4.92759002228907 4.92255473783872 4.82686759105311 4.59451880284673 4.51991772146703 4.17494506026821 4.18822266962033 4.29505739383492 4.46597041609669 4.6096892254316 4.68934074060661 4.76192307008531 4.79010285718369 4.79704040655413 4.77163187277358 4.74681693516595 4.6915235468494 4.75456205078778 4.68827512137854
6.39212347863084 6.41760022992524 6.37122976856811 5.30538649333337 4.71085651899599 4.69540198652228 4.59390517599306 4.5284581565323 4.50661057324589 4.5021322621589 4.66322248540266 4.6770826044282 4.65443355526192 4.76979700090467 4.85047902318193 4.87647630241057 4.8413750519604 4.93576176511307 4.91107800887083 4.88000925738176 4.80157417417362 4.63275901843673 4.55100866444074 4.33617018637321 4.23814811005747 4.2179411305051 4.11660918358673 4.38284561609437 4.316641564272 4.37617897721919 4.4382863882089 4.51540077822017 4.59586456169592 4.67441794476944 4.73389351450408 4.90419539931533 5.01811153342584 5.07031135249636 5.02338157857937 4.89648406078762 4.81035895542569 4.63327710022381 4.3109988086361 4.3969320447971 4.42526920581964 4.56679143309163 4.69559444817728 4.7638356831452 4.83337777628157 4.84522385825449 4.85006251114219 4.83333699167712 4.8177472460057 4.78087266834194 4.82545492620748 4.77806048164358
6.27457843159581 6.50528775289037 6.42857996426257 5.69716260788369 4.99395851795028 4.74465213410287 4.53703401654716 4.48953652641497 4.4763036239801 4.54679994567518 4.65641606042965 4.67435406024625 4.70664363733527 4.81582161257968 4.8522858313873 4.8859785885731 4.87558947236931 4.90713216428479 4.88338859387858 4.80282228277945 4.70793026763196 4.60819740363103 4.60980527166786 4.40607034198472 4.22663879995192 4.35171070648896 4.19848979805089 4.35799216401792 4.3505542930509 4.35780130654177 4.44577835298953 4.51767426352574 4.60761218789566 4.63236524706268 4.72310129824589 4.82705798672823 4.99667099247034 4.92500280888534 4.97201448087434 4.8148780020395 4.75101044672873 4.67646177772043 4.51284923292353 4.50665155140383 4.57228346726475 4.68702288431671 4.79783212593028 4.84724517434775 4.89008949757347 4.90443661222109 4.91311673681029 4.90317878930328 4.88662246705734 4.85546954308573 4.81650629115047 4.85911887009576
6.4221968552342 6.52047629507998 6.48244650515923 6.04637628056483 5.14980171404851 4.84189897648527 4.48743571751617 4.34161028212394 4.51119787447029 4.48797993010552 4.57185932557417 4.73112764003656 4.78602207602249 4.81667484701699 4.84887558894631 4.86344132513449 4.86991920647251 4.8582360817323 4.82407932075895 4.75099210371143 4.63948113607481 4.61969669590788 4.68385736716725 4.49833505180229 4.36496999901074 4.3209552482915 4.27367588712164 4.19732509933476 4.37557097402739 4.36045313803911 4.41383925940993 4.52211679914674 4.61907254306908 4.65216014960326 4.69886450019912 4.75411894988037 4.91022759100939 4.85404558847583 4.87052303415558 4.80761146505951 4.71940371074433 4.71104303261019 4.60725687243659 4.62440773335949 4.71256429810597 4.82956727959402 4.88294675411895 4.92453011050689 4.94682160127421 4.95464605971943 4.9656482037839 4.96327776169384 4.94483683894798 4.92616572141245 4.89674396968856 4.85159354505386
6.48590357215878 6.91471824232454 6.69625978363884 6.12187160317133 5.25861921042222 4.77085135259082 4.56793271062844 4.38301303588838 4.38134270733616 4.53196078165819 4.59334636512877 4.66187838579498 4.72177837822201 4.75243760659559 4.75681483762046 4.77568513711157 4.84907917723155 4.74639229491735 4.71202847426239 4.72007143721071 4.56024737974856 4.53625478297273 4.69524515855893 4.64355012596904 4.487668631175 4.28442852112965 4.41907537822458 4.40128313634023 4.2361233197232 4.39253776864664 4.43532157271867 4.56203302844928 4.49150891582774 4.62990953993544 4.74825689050442 4.79014718095141 4.85281305174458 4.83344608731719 4.73603536893457 4.74060990223777 4.69590612163462 4.71913813852801 4.64772145468836 4.71206759562628 4.85010188950716 4.93660530456741 4.95292647240727 4.97232385036963 4.99844417109933 5.02618438496085 5.02768866632256 5.01442612820229 5.00992589406844 4.99258334290333 4.96902765374999 4.93546519000475
6.50288528066372 6.96048382341799 6.70878974005224 6.24097450266413 5.6094311109499 4.87648374366419 4.52182490022815 4.43556814987809 4.42873616856031 4.50941186655944 4.5462653379536 4.66676391230202 4.71150085637711 4.74290384972983 4.76633542273283 4.76775795508295 4.77321674092589 4.76862115929712 4.73680175173784 4.76197667406515 4.66876087211435 4.52804562590459 4.55418561196781 4.78707209289025 4.67620862203145 4.47260871627636 4.41823869711 4.59288419624025 4.48344814380826 4.43122572795819 4.35543308929613 4.34695159490135 4.47708572649514 4.51939042359233 4.64120242239102 4.71287284063079 4.74378281853362 4.72115859553157 4.70434043707756 4.71359524414154 4.6743095530737 4.64106367912726 4.69634528700689 4.75468492895004 4.86825541024715 4.94575551830073 4.9778083573911 5.00665060887446 5.03682045635806 5.06123297376324 5.06575505161043 5.06818244741543 5.06330151058886 5.06150469884674 5.03611171493344 5.01811124183163
6.53591920762157 7.0374165757469 6.73135795415348 6.29582040962456 5.81368205087467 5.28365019721315 4.71979896414838 4.56070350353946 4.51603935204874 4.53572027122555 4.56903234697084 4.66150134444618 4.73850568879354 4.7520248764668 4.79836239464156 4.79868680479298 4.78065472374224 4.77576275608732 4.76758229987258 4.75532935552553 4.79649795812 4.74558176416059 4.74617274059363 4.89868275565769 4.95993597785317 4.85828717356017 4.62347364247163 4.83003582677455 4.66506592610913 4.54587565830919 4.4787624957177 4.44845513458247 4.48857522755029 4.5780132736535 4.61405446653917 4.65854956873194 4.64623567447269 4.71407430358395 4.73385075661488 4.73087284102528 4.66761763752357 4.6513497736908 4.67326067759047 4.76197098910914 4.85012016296556 4.92810417719359 4.98135218147479 5.03328042086892 5.0665922162343 5.08189048247959 5.09903199395767 5.12347596674021 5.13013507007607 5.12063725824117 5.11852631384386 5.10083608370411
-9999 7.04651901513221 6.79557168700143 6.5200587928608 5.96543220610036 5.27799940005064 4.70823832705178 4.61754004407784 4.59643226016755 4.58278294763532 4.63265027794387 4.69718009542739 4.74165817982419 4.83321911833281 4.93016046604378 4.90543154848149 4.80701328277522 4.79934440684148 4.78728681705402 4.78701098621915 4.88626937906627 4.91286133103931 4.86465118020613 5.01092353700384 5.03547786740569 5.03026808951944 4.91956470716655 4.77219570279243 4.79288821177684 4.5836031202732 4.52826168943148 4.54093705326743 4.61106610513946 4.64079067485014 4.66437531159061 4.61052754346188 4.5874154631939 4.60646565011939 4.68443664114722 4.66462130437419 4.64991365140552 4.66410716292453 4.71203419630928 4.75499139896518 4.830762195553 4.88021862729073 4.98022447261889 5.04042751023876 5.08072693093987 5.11124068902055 5.14264938747157 5.16613412050233 5.17625357727193 5.18252617882606 5.17205931345775 5.14795385981034
-9999 7.01654782880773 6.80989824559687 6.58108956971334 6.23851203881728 5.5120995727012 5.01185490464858 4.69385734622986 4.66759939044746 4.66835644593384 4.69387057506127 4.73922522323518 4.83763546462118 4.94414785989986 4.91990767744722 4.88145560473656 4.82722079167334 4.81820752976643 4.83569674949086 4.86893731286566 4.90307102456297 4.94403942488196 4.95158578898873 5.08509424904498 5.12294465432411 5.08770976052555 5.01992792904098 5.01613557652774 4.76870668036145 4.7552203985996 4.62403551059896 4.60568664648073 4.63325008762415 4.66361190631438 4.68001023225537 4.65268345381357 4.54007816858314 4.50337721924513 4.63126290746857 4.62839913862029 4.64132695615536 4.67258605786747 4.70441735441505 4.7507425419321 4.82379857201613 4.85246935230108 4.96414410294061 5.0386460867597 5.09189863899797 5.13135648862586 5.16796123816505 5.18626245871309 5.19281950886573 5.20527910679708 5.21349995310277 5.20097522443969
-9999 6.98783099317348 6.83343979301054 6.60289616136168 6.18728633276338 5.819259278236 5.28335827362253 4.87470866078511 4.73759553177223 4.7236169807163 4.7313973814793 4.78478650655491 4.91821630389688 5.10383265720174 5.11581020574555 5.05145283827906 4.97354825575746 4.92426536152796 4.8869216819085 4.92070571065243 4.96670246784418 4.99813121620005 5.04204188444937 5.14839191689632 5.1926779176387 5.2232997781337 5.12154931025065 5.02335852933794 4.89974333945196 4.96600535671023 4.78603070420069 4.68934976743593 4.68853647931927 4.68785313169294 4.67658805156298 4.60528016541591 4.51789717097553 4.49252082512745 4.57086653817042 4.59658489358769 4.59571451091471 4.62307899988496 4.6653008971335 4.71940251338702 4.78756330023917 4.85847559805039 4.93978183885879 5.01561762162702 5.09167272351354 5.14245413477907 5.1836285994786 5.20036716635452 5.22631483590436 5.24784109014077 5.25254764270972 5.23950007452709
-9999 6.93565181774464 6.82868708738933 6.60950010911848 6.3093349408556 5.96310629762228 5.56942936095729 5.11645306312243 4.74495396557531 4.75290192279452 4.74414830519858 4.75955714846617 4.82373895183168 5.01030947341626 5.04129976583474 4.9179888002924 4.8611353893641 4.94462659051105 4.92064487257964 4.92249320450111 4.99198451731937 5.02911825443404 5.07301818120838 5.1604786033713 5.23432527846928 5.23889663663324 5.24673850645341 5.13289260939828 5.08984411271911 4.99415266477669 4.85045760691685 4.76526032110019 4.81328037322393 4.74801780607488 4.70527332851005 4.63566033163124 4.53065049387854 4.48843271011833 4.55829796370887 4.55907079072015 4.55665171728421 4.57157129173283 4.6100702623623 4.67104691067192 4.73426675440419 4.83160806615367 4.92612516602509 5.01117940455942 5.08830119170759 5.14363719524469 5.19422551474831 5.21985583095374 5.24094399505312 5.26479872729072 5.27786549888077 5.2776113107003
-9999 6.86303618096464 6.77442986881317 6.53973308589695 6.41419976744032 6.10520860902898 5.66782912096815 5.21084201172823 4.83872539993874 4.79914281278366 4.81525516338034 4.79579624200602 4.79399086614754 4.82810000866939 4.95875524849795 4.92394021363846 4.89079234832224 5.06310159391361 5.25029688482538 5.10509246095214 4.93454404438209 5.01668978977999 5.06309828579398 5.17116723454081 5.22937698921055 5.22267413934567 5.17316457951229 5.19962899903987 5.16907109071448 5.09135896362278 4.89061246711713 4.83570736579807 4.86811710294523 4.74059366028769 4.69416493047526 4.5942664793019 4.53382869569884 4.51782182152571 4.53564528119454 4.51279606976512 4.53219450181598 4.55803742518802 4.58247910623 4.63697043630662 4.6465756093887 4.74605937327955 4.90800198033431 5.00481039047852 5.08026352153902 5.14557767869264 5.19593319503311 5.24121237113952 5.26155617326592 5.28863414847939 5.30373636847333 5.31390520005006
-9999 -9999 7.08117840136493 6.62741269548413 6.41185311080264 6.27985269051434 5.78798673365744 5.31235133250175 4.93717369406947 4.83869230255166 4.82784938035162 4.79355922272588 4.83691375035215 4.89554672229424 5.31752015392939 5.37847525529341 5.29538638377119 5.29517885212829 5.35530589107899 5.28634917014035 4.90260424644699 4.98477121304605 5.09583496441531 5.20357828519416 5.22310282601653 5.17882124207566 5.14620094587497 5.20845226122032 5.09523975150584 5.01140883805527 4.95702546921636 4.89900222185805 4.80710547787348 4.78695458984154 4.69647383773154 4.58725455686851 4.4630310882689 4.49605613841976 4.52430429105608 4.4706044005838 4.4934641510457 4.52502745752476 4.55172610371227 4.61782007185892 4.65756378811173 4.77299396672866 4.8878725380451 4.9871919531026 5.074467323875 5.14378674249555 5.19168509985958 5.23263048675231 5.26630576794243 5.29372207411666 5.31005919939077 5.31919116257379
-9999 -9999 7.07207176624481 6.79928739941523 6.60178053351118 6.39009485816835 5.98354584748114 5.41040125334683 4.93743771988627 4.84802820902434 4.85508237270404 4.83100611610548 4.84101134873903 4.92539756644008 5.34231875404254 5.44419967062536 5.42490861650902 5.43786600877497 5.40022028385383 5.35017956000231 4.97001264850534 4.89778286859011 5.0812708748812 5.1898493180546 5.13319407397364 5.14252634742918 5.04816208910959 5.13586364656381 5.06260376679028 4.9733962180027 4.91650240453644 4.92062362759023 4.82165702240701 4.8584210511857 4.80993700170421 4.56818029614447 4.4848114509872 4.50110133568394 4.50047979622962 4.45961255734101 4.46893245093653 4.49329208308271 4.5268466071781 4.59955500346608 4.66792911952218 4.78133977620248 4.8847594140738 4.9680673437908 5.06633111170608 5.13473653125161 5.18086374021158 5.21513875914371 5.26037439261452 5.2829895070762 5.31201052624168 5.33789100043682
-9999 -9999 7.06484121708089 6.85165097045348 6.7615232840512 6.38772144226117 6.14980676125638 5.61082740730235 5.02202741571281 4.89199384575593 4.88251050725682 4.87196267991395 4.96164714379377 5.0430810692436 5.34934913475577 5.29666281003993 5.4710778687682 5.44860405835748 5.42213595276139 5.27655093446247 5.27681658085048 4.79690398581153 5.03533058492599 5.12355069014151 5.0604131515718 5.08948755431422 5.07026478268152 5.09208570218816 4.97338817177265 4.91645449209653 4.85609467648696 4.90590630355115 4.84683285874909 4.79549253883337 4.64860914001684 4.537838345545 4.47484859959041 4.49928209856965 4.48165903255228 4.4470044439529 4.45080518254783 4.48168589511495 4.51053515081634 4.58951262811262 4.67806416634844 4.79173598554469 4.89404483829161 4.98273932121977 5.06501808723449 5.14034744332937 5.16873185700732 5.19123452889001 5.22199007727861 5.24504938394906 5.28445161852517 5.2892364907395
-9999 6.60622757039149 7.08137846451412 6.84980141425322 6.5775700243351 6.36781407788015 6.28327472609947 5.77299070909657 5.07422194834335 4.90579175563381 4.92431647264886 4.95963153306124 4.93894406717554 5.06567687264439 5.27903183093746 4.99371197165871 5.34302662698234 5.5113244859976 5.45278023080265 5.39303908872395 5.30406823204397 4.95382601339361 4.88243980066088 4.92063850535059 5.05589012035707 5.05466328407863 5.01150216913009 5.05820605550274 4.9087072401737 4.83613823760764 4.82240984525747 4.92632320047903 4.81385482213815 4.76261703100513 4.55935474616098 4.50232463627443 4.47827595503148 4.46028623123182 4.4342954241791 4.42162334841699 4.4307593511537 4.44135311741976 4.47573642021237 4.56105014231553 4.67239837173646 4.781126235048 4.89038885057161 4.98343262021003 5.07322386002712 5.13407611341467 5.14025445883999 5.12629122547363 5.14815238246948 5.1926779919093 5.22456492551438 5.25178630696532
-9999 6.86113838876097 7.05189626115432 6.83058052950966 6.75222679744624 6.39272211729086 6.2295180427173 5.90948634767281 5.25123264997641 4.93058980429681 4.92446155507964 4.92892057928038 4.95390701270828 4.90928403349032 4.99551293219804 5.09194685401876 4.92355223035259 5.35493208281947 5.49399558738286 5.42250853113762 5.18802294489391 4.794120452579 4.73122380190723 4.79613935779196 4.95825784977227 5.03685820078713 4.99146127927656 4.99251849249467 4.9127563349973 4.80770601804878 4.81993380952422 4.81294413948932 4.77515603264298 4.76748162619229 4.54719280214197 4.5072313758106 4.48300854852342 4.38589467920424 4.37301213005692 4.36115151956239 4.38381658407125 4.41874705196822 4.4682643053149 4.55094210520141 4.64863993183246 4.75940457032621 4.87515467272648 4.98310483954227 5.05725029077222 5.10703401977919 5.07363156567285 5.02398965020995 5.06419431740296 5.12527293231427 5.18139253679418 5.20488257418888
-9999 6.85784177981443 7.02787399033389 7.08377841471869 6.8085403896575 6.53398588144698 6.34722531994331 6.01778333796187 5.39421001069438 4.96690958274775 4.9574894700691 4.93801454381432 4.91904707263256 4.92738525534594 4.91544908101269 5.00456915426641 4.97260090350726 5.21989476853199 5.25894336992191 5.0290358527454 4.91115958021381 4.87748249642038 4.79835067561249 4.81036781284441 4.91676145642921 4.99796919888399 4.95338435111767 4.9514729627974 4.87584085892603 4.78565092162363 4.77442067228208 4.74149426555781 4.73338983976713 4.68604835092539 4.58925928239154 4.5079602816049 4.4189070816351 4.28876879680226 4.28610116907982 4.28132289388405 4.32629355298575 4.35878485795469 4.42117668431433 4.51522675107128 4.61141367012789 4.73124705312804 4.84137781641273 4.94936531216988 5.04286541499388 5.07368409809441 5.01799447531896 4.94740140696971 4.99609978152484 5.06774724057337 5.11943133891977 5.15196210985095
-9999 6.56444562049719 7.01808501821906 7.05645665749492 6.80281175337956 6.52490655244506 6.36268275238486 6.07875542972082 5.55427591256027 5.02099985579166 4.95277890082459 4.93974268351713 4.97576656236671 4.89420936650731 4.95257864233421 4.98167012775933 5.05845807468757 5.13768683779877 5.01024720886338 5.01259368462762 4.92008774422373 4.91120703745666 4.85249747514726 4.91047339202541 4.93819175538673 4.91717558614594 4.9746433536655 4.96727933466228 4.83832697232002 4.76565060396109 4.83556046377269 4.70563120601374 4.65690365600639 4.66320723425331 4.41855120962335 4.4231340382824 4.41361825312597 4.21555982593877 4.17728940948665 4.18947734621119 4.23576143322815 4.29825908072632 4.37162520393506 4.42165370206713 4.55245608329838 4.68126096202116 4.80665257269258 4.91945188439509 5.01399768153136 5.07952574854107 5.05893856397463 5.00427555928462 5.00909773039703 5.05268461409347 5.08006597371786 5.09804064724969
-9999 6.82295360508347 6.98453184738654 7.05478249339316 6.78334861130005 6.51135101648482 6.35171608986838 6.07603934013074 5.7299879180125 5.08424650985929 4.94627921933159 4.98084583250571 4.9747803470778 4.90156303250365 4.94770308449605 4.9812180614655 4.99625221974854 5.03315493668149 5.01526583867713 4.98568375025067 4.96802394407809 4.9098300386093 4.91271587164038 4.90517616733275 4.97090501624979 4.96349668563537 4.94482955086985 4.98422820961064 4.85428295469953 4.77123020476745 4.78915832702601 4.64063707058087 4.63515732568137 4.62217325892327 4.49986082963681 4.33549764465473 4.30724708271976 4.21664792394227 4.13025716794308 4.05726809404862 4.08756051299453 4.20995660917128 4.25009440859955 4.3214777740262 4.47306971030676 4.6127228981912 4.75115122707517 4.8771790238909 4.97797486598761 5.05105822319901 5.06023362320414 5.03608839107833 5.03167306046989 5.02876209929571 5.0388930531776 5.05856600905069
-9999 -9999 6.97447250511413 7.04698768160233 6.75538969507162 6.49703456938746 6.34603795387745 6.20872686131758 5.75916514551758 5.09022561482536 4.94489264518835 5.03407150174756 5.01150596096781 4.92995647178554 4.96456218638472 4.99589339622246 5.01476029633472 5.02422534468552 5.02987345686983 5.04124917412506 4.99802455813209 4.94972316430454 4.95420858801493 4.96222996355104 5.00119443305499 5.00855594540091 4.95990775667286 4.90661876564345 4.81635349007567 4.75023847280388 4.75176194718387 4.59412325624722 4.59124748596419 4.60765967279812 4.53455427775581 4.46459852421331 4.3639081072646 4.23312307336683 4.02767425944131 4.02635205779754 3.99144533070822 4.08185406874928 4.05552658563975 4.19817044193002 4.37886865420075 4.52402923338924 4.66232004342716 4.79546143294769 4.90686084643827 4.98481254764226 5.00741925394808 5.02737760202063 5.01207703849183 4.98979058423823 4.99114207410561 5.01124659794073
-9999 -9999 6.92852444781022 7.03336050508113 6.73697496782285 6.72625582054685 6.49169620968825 6.20509008438357 5.75861250157934 5.13106636274596 5.00287574451235 4.99875414760103 4.95283555488747 4.93194081298985 5.00900909930412 5.04812298040202 5.05460193058957 5.04668364597168 5.07059781986012 5.04598064010649 5.01100033253603 5.00446296090519 4.99002051164454 4.98751054151214 4.98108156427687 4.96605213182256 4.9524432162136 4.91405804078806 4.71819035190825 4.69489845147135 4.73034372549157 4.58572038285292 4.60973616338024 4.58639797138136 4.38955532873055 4.42654553923387 4.43598675305228 4.22867611431013 4.00541818194359 4.00760968773123 3.94506355143923 4.02329775614574 3.98204587937976 4.1001030160325 4.27886198780007 4.44098326874603 4.57769062439372 4.7063482771032 4.81128462907017 4.890814809317 4.93793047376887 4.96568329052033 4.96156538937371 4.96661980919394 4.95504782223084 4.92046064131348
