data/pcas/pca_proj_current/PC05.asc
NCOLS 494 
NROWS 529 
XLLCORNER -117.166666666667 
YLLCORNER -55.5 
CELLSIZE 0.166666666666667 
NODATA_value -9999 
[rows 72 to 95 of 529, columns 112 to 167 of 494]
1.99735834977132 1.02004193149127 0.901351555457113 1.16486863082472 1.52584765044749 1.80065438323195 1.9279475825668 2.0690972523595 1.91516513388861 -9999 -9999 -9999 -9999 -9999 -9999 -9999 -9999 -9999 -9999 -9999 -9999 -9999 -9999 -9999 -9999 -9999 -9999 -9999 -9999 -9999 -9999 -9999 -9999 -9999 -9999 -9999 -9999 -9999 -9999 -9999 -9999 -9999 -9999 -9999 -9999 -9999 -9999 -9999 1.27580189356074 1.2228242517933 1.5765379406399 1.6073861635397 1.6701263453006 1.69013997057741 1.67681984745273 1.64941792036194
1.90107084639338 2.04551716353688 2.03467358611052 1.11409658817872 1.46008496642679 1.73187744863806 1.9146491789563 2.11352696104855 2.29091553219563 2.28504262139087 -9999 -9999 -9999 -9999 -9999 -9999 -9999 -9999 -9999 -9999 -9999 -9999 -9999 -9999 -9999 -9999 -9999 -9999 -9999 -9999 -9999 -9999 -9999 -9999 -9999 -9999 -9999 -9999 -9999 -9999 -9999 -9999 -9999 -9999 -9999 -9999 -9999 -9999 1.277206864852 1.63869985485098 1.61058525547038 1.62483604182937 1.65639930778334 1.66128040424797 1.65347343887244 1.30071803035753
1.73905909829828 1.87743679556125 2.03548870178584 1.04473988154933 1.37878602965675 1.62482639842887 1.85080407052221 2.06416887532223 2.32772148418027 2.4321500703527 2.30538069161789 -9999 -9999 -9999 -9999 -9999 -9999 -9999 -9999 -9999 -9999 -9999 -9999 -9999 -9999 -9999 -9999 -9999 -9999 -9999 -9999 -9999 -9999 -9999 -9999 -9999 -9999 -9999 -9999 1.98695953049642 -9999 -9999 -9999 -9999 -9999 -9999 -9999 -9999 1.3015824149582 1.69493266865435 1.6617965923636 1.66272740929218 1.66619822636247 1.6568696533501 1.63390772970474 1.2983245865732
1.6500548170295 1.69149746424246 1.84863072917304 2.02154515521529 1.3607388238292 1.54265088334873 1.71508082989842 1.90968895957193 2.10399918827314 2.19644240884495 2.12252230540344 1.89946075899212 -9999 -9999 -9999 -9999 -9999 -9999 -9999 -9999 -9999 -9999 -9999 -9999 -9999 -9999 -9999 -9999 -9999 -9999 -9999 -9999 -9999 -9999 -9999 -9999 -9999 -9999 -9999 -9999 -9999 -9999 -9999 -9999 -9999 -9999 -9999 -9999 1.33079272153924 1.76215266561376 1.72135316419015 1.7045582413477 1.68254618873627 1.65241761957108 1.61645986105708 1.28087080622632
1.58819530579176 1.59008922771252 1.63753993919183 1.82918472043008 1.94691467796789 1.98582260734871 1.57623582463642 1.64577890884345 1.74264093481917 1.85465732097273 1.83949597560133 1.65605298398157 1.35258149301467 -9999 -9999 -9999 -9999 -9999 -9999 -9999 -9999 -9999 -9999 -9999 -9999 -9999 -9999 -9999 -9999 -9999 -9999 -9999 -9999 -9999 -9999 -9999 -9999 -9999 -9999 -9999 -9999 -9999 -9999 -9999 -9999 -9999 -9999 1.36407953468264 1.37334584282003 1.83366756248516 1.78047267331831 1.74058838914638 1.70066576853746 1.64841106547147 1.29607257758601 1.27705709739795
1.51763732382833 1.53246390189518 1.59132287228129 1.59610567507501 1.67044522962867 1.72698298132343 1.77369718907978 1.89948204692305 1.54765408607501 2.0269341708026 1.47210479265202 1.43901325453944 1.23294129463206 -9999 -9999 -9999 -9999 -9999 -9999 -9999 -9999 -9999 -9999 -9999 -9999 -9999 -9999 -9999 -9999 -9999 -9999 -9999 -9999 -9999 -9999 -9999 -9999 -9999 -9999 -9999 -9999 -9999 -9999 -9999 -9999 -9999 1.89515091211261 1.88573071877567 1.88473600996769 1.85539317987555 1.78125235378231 1.74211398498546 1.69937581964797 1.65700231407361 1.31495048752544 1.28655442299304
1.50862072451284 1.51831306218429 1.491791339656 1.50337181329092 1.53226165546164 1.57100808995866 1.54273772403913 1.6637872348773 1.87662756023433 1.81323594896471 1.84999396134096 1.23941955582263 1.07532333092418 -9999 -9999 -9999 -9999 -9999 -9999 -9999 -9999 -9999 -9999 -9999 -9999 -9999 -9999 -9999 -9999 -9999 -9999 -9999 -9999 -9999 -9999 -9999 -9999 -9999 -9999 -9999 -9999 -9999 -9999 -9999 -9999 -9999 1.90993330787474 1.89860382633705 1.88458093057595 1.8125763672199 1.75218394037427 1.73149973673804 1.69013553922325 1.65297902969991 1.35084252753747 1.32397363167311
1.52168624104693 1.49651221818584 1.44052044623758 1.41897335604454 1.44198501900466 1.52460897226435 1.52933117463925 1.58429918329521 1.78459142908163 1.74662743515546 1.80799491893059 1.08306200894967 0.949504217862153 0.955292204992556 -9999 -9999 -9999 -9999 -9999 -9999 -9999 -9999 -9999 -9999 -9999 -9999 -9999 -9999 -9999 -9999 -9999 -9999 -9999 -9999 -9999 -9999 -9999 -9999 -9999 -9999 -9999 -9999 -9999 -9999 -9999 -9999 1.93232978749393 1.91971342787488 1.89528476238446 1.82239063366292 1.75556100597981 1.71843493811208 1.67816796858463 1.64835487330681 1.3778650926965 1.37303658481461
1.49777016605558 1.46266910125475 1.4405183946263 1.40068743242749 1.43008831968078 1.46945424033139 1.47148465658539 1.59190965976979 1.73006804269391 1.70209863772058 1.75210248702933 1.84029002077592 1.04954046499476 1.04064556365691 1.16379761597984 -9999 -9999 -9999 -9999 -9999 -9999 -9999 -9999 -9999 -9999 -9999 -9999 -9999 -9999 -9999 -9999 -9999 -9999 -9999 -9999 -9999 -9999 -9999 -9999 -9999 -9999 -9999 -9999 -9999 -9999 1.9124765828792 1.91921246466157 1.92927298069134 1.91303507278639 1.84457833846841 1.77624584845767 1.72302750464298 1.68442958182695 1.42436854764363 1.42722078530175 1.41586200974793
1.46510867831455 1.40155980165821 1.37232755746994 1.32332113938059 1.36240343092765 1.3928969907478 1.43875718556167 1.56110953997779 1.70131254025104 1.6583257950607 1.66344508380314 1.83185240273073 1.87646636160575 1.13895759190311 1.20451882858621 1.28188427366224 -9999 -9999 -9999 -9999 -9999 -9999 -9999 -9999 -9999 -9999 -9999 -9999 -9999 -9999 -9999 -9999 -9999 -9999 -9999 -9999 -9999 -9999 -9999 -9999 -9999 -9999 -9999 -9999 1.91293471077152 1.92472833267175 1.92823779283397 1.93966313861238 1.92173278948401 1.86485578684777 1.80509087208193 1.74351624962441 1.44234416969928 1.44056424677594 1.44195657914123 1.42034297756672
1.39824621159006 1.38741465871989 1.35032332324775 1.3272107430812 1.36418760690348 1.39892919735812 1.42166918742188 1.60822666698257 1.6364357908641 1.57632195725555 1.67383197077985 1.92297403351908 1.93631014652605 1.99247501340996 1.21353394811874 1.29622056685267 -9999 -9999 -9999 -9999 -9999 -9999 -9999 -9999 -9999 -9999 -9999 -9999 -9999 -9999 -9999 -9999 -9999 -9999 -9999 -9999 -9999 -9999 -9999 -9999 -9999 -9999 1.34166961452124 1.92621552058268 1.92130570997334 1.9219896939832 1.92845063200189 1.93327579494947 1.89959229976444 1.87516943514879 1.82677563625356 1.76424433250164 1.70813387563861 1.4553739493552 1.43699533473104 1.41215668333877
1.41011358974787 1.40596599899047 1.38238838879359 1.36920035204091 1.3830927342383 1.41122349373746 1.48704219497807 1.64065937783997 1.73182516983862 1.5860260833367 1.79477829182687 1.92838248916398 1.94191452584465 2.05596447914692 1.22582025478823 1.33518495398968 1.49986116398499 1.65441114706292 1.78486438697501 1.97692571982649 2.05078540076152 -9999 -9999 -9999 -9999 -9999 -9999 -9999 -9999 -9999 -9999 -9999 -9999 -9999 -9999 -9999 -9999 1.82869826972018 1.76165840333963 1.69830324326848 1.5344783448017 1.47746527657789 1.36320945256278 1.27341825996332 1.9146764171413 1.90306309919217 1.90934488757946 1.90087898521912 1.89220207693011 1.87878605944096 1.82196065060281 1.77813219657309 1.47664605022585 1.45014325641707 1.43648540643039 1.38942371442505
1.39586485638955 1.40377838799599 1.4161649026416 1.41167094576606 1.38400554550353 1.44645721502191 1.53218769463182 1.63264524284383 1.95794619097981 1.68822710472096 1.70117236746387 1.88472870008014 1.91221743013384 2.03934015764234 2.14492805394311 1.35151843957249 1.53586121815171 1.74473123683315 1.8363023376804 1.78819540573483 1.87497806740316 2.14792257566853 2.24349416456138 -9999 -9999 -9999 -9999 -9999 -9999 -9999 -9999 -9999 -9999 -9999 2.07934733863735 1.99871801414416 1.90966712245151 1.84204640014887 1.76719282299388 1.67385364787989 1.57063006719663 1.50124861862387 1.94034373524459 1.91527568439158 1.909926168942 1.88590284997348 1.88017625241428 1.8704058653489 1.87041353679347 1.85235835104874 1.82304089139781 1.78929057680185 1.48918950429767 1.45358717503 1.43023913140533 1.36653670627466
1.41994146594566 1.41684758937182 1.42243920863998 1.43536010702479 1.41992643165038 1.4564530820271 1.53680996321541 1.59523333108169 1.96603433717077 1.87696624407034 1.85491786690626 1.90473900352094 1.95027049986529 2.04612384034042 2.13828571637988 2.18350756935363 1.53262371864145 1.78807747183856 2.55974918338892 2.60743196745751 2.53603717658099 1.77650357309805 1.96250689051255 -9999 -9999 -9999 -9999 -9999 2.35205110046743 2.43119584991784 2.51212600958658 2.59707080595776 2.4895605876362 2.29130808143932 2.12226480149161 2.01368969133253 1.91851677315631 1.83469477509238 1.74481822148554 1.70158271146044 2.13711541348998 2.02902051182644 1.9344978194617 1.87747803969079 1.85507492155704 1.84397242843604 1.82432878473923 1.81471153587908 1.82928687809688 1.82636914832054 1.80910806752008 1.52320123628664 1.49881832506508 1.45568226036163 1.41978537691935 1.35245126734661
1.41486338380155 1.39845082828816 1.42922538837865 1.5002183888732 1.50759037929605 1.49009913439139 1.55221785302057 1.50394041074011 1.80058610138508 1.99164135344315 1.97488350506499 2.00006267237366 2.09828023680347 2.12700397557474 2.14972891475662 2.14732658982057 2.18446295005667 2.28785657255243 2.33937349538884 2.38878460472398 2.39499769057555 2.3866768878207 1.72192703268859 1.86489908464848 -9999 2.25986298939549 2.40002881475178 2.38092372754279 2.36411242323552 2.3614331692627 2.41965998599588 2.47601147200615 2.39081252058659 2.17294503890412 2.04877486977754 1.98451894212133 1.91408600602642 1.84058088776168 1.74445922361145 2.2185749147698 2.18714611922951 2.03557990868546 1.88447902368493 1.83574154380886 1.81121710278354 1.81468597893823 1.8041205272141 1.79589876638033 1.80134446814133 1.80461182739653 1.79714150217799 1.51571902882687 1.47813824968733 1.44311735740328 1.40544564153848 1.33912208317635
1.4031594095981 1.40260360413976 1.43938825205487 1.54704824781479 1.50867382360944 1.45935654862927 1.57071607985553 1.58470064689918 1.59169087859182 1.91718336913455 2.0794226843838 2.13235496760605 2.12170210377177 2.18367073821429 2.15516562221955 2.12046560895377 2.08920660846971 2.11313796183994 2.13892542427269 2.19862859194762 2.2901502893171 2.36779098319531 2.51031797977381 1.88281288765902 2.12052899701379 2.232069329375 2.3629535564508 2.30173237566786 2.28889671500221 2.30450239893718 2.26222768678137 2.21838676263571 2.18173301354144 2.03204848309899 1.96218838560453 1.96305259863552 1.94169469950771 1.90767316752445 1.82999099945362 2.16971455563106 2.09558086635625 1.9362473967027 1.8136294483907 1.79510209864689 1.79689350656783 1.8181082328754 1.829774462747 1.81745844785521 1.80024135544557 1.78401680248204 1.78228000051053 1.4962112643695 1.45260170041212 1.41736298296591 1.3631302505022 1.30539643382756
1.39172625815755 1.40226232543463 1.43678241299184 1.47758671658859 1.4726608094933 1.45031228333437 1.48702648786244 1.64913418617646 1.62864391804464 1.77696824252673 1.99762397926029 2.09656171432692 2.14937742471519 2.17181053156243 2.18235452818054 2.15296339356174 2.11717245129821 2.12417820643464 2.1401371814101 2.17702227561634 2.24237822316401 2.37774933812386 2.49826689378152 1.78339425624869 1.93275412905015 2.03035956844843 2.11277113787551 2.04048670086641 2.07855119513035 2.10930911184109 2.04569502077666 2.00460729173254 2.01994306556186 2.03017363195311 1.96882079999224 1.97249834388972 1.9919739405143 1.95578794656092 1.83738397436509 2.14043473146849 2.0113508584919 1.79819672905924 1.75895303942257 1.76024623331856 1.77643060701894 1.80257210339607 1.83220938571765 1.81659128882761 1.7897490167072 1.77143902569805 1.76626919144962 1.44336984927146 1.4214988425177 1.38446410433951 1.3277919423955 1.26735831978579
1.43135859651642 1.40545785638539 1.41442245645662 1.44118007903856 1.41943674114171 1.43958487773074 1.49189243833304 1.58698706519287 1.67391473352334 1.71797437773352 1.95927216979243 2.03599246466929 2.09405902434636 2.01655664638984 2.08895186330616 2.13445095399439 2.14578982603374 2.17049025220158 2.1775492825254 2.22261887228041 2.27759495020497 2.37041676509229 2.50223239225974 1.64954894859545 1.76419173760822 1.80583187923764 1.86417321505612 1.88626894293355 1.89769932933792 1.91108316056093 1.89374076771086 1.93787025902505 1.9837661780258 2.01832696061792 1.9821268691464 2.0065421661619 2.0574098746622 2.01597369193635 2.25017817160633 2.15648745606839 2.10643550894107 1.91376712749932 1.81421843586545 1.77277672166096 1.77397191088509 1.79948209560879 1.81028146569705 1.80630162181444 1.78216040558551 1.76605334496093 1.75103028252081 1.40208500674978 1.38939302722268 1.37233250349072 1.3005682569496 1.23361274223306
1.4901518766345 1.43421241830491 1.43637797380921 1.41433050387773 1.40400155105605 1.40943471275649 1.43940353280666 1.52555755465946 1.62058600418919 1.6198453629274 1.80272580371463 1.95939837630142 2.08912040595931 2.02060437233836 2.00806994716268 2.01761195375216 2.11028431684628 2.24024930780576 2.30255187262717 2.31046777215209 2.33166541335942 2.44482200476039 2.58798748905482 1.57942483090011 1.65693681230801 1.70999165706273 2.58594936469118 2.58702622189092 2.60756199372421 2.66445868499512 2.74124245966467 2.78193030469333 2.02829826566794 2.02148228393981 2.00624290885939 2.05580596668722 1.93288009360869 1.89699687541563 1.76774430738182 2.17584192718962 2.10802151900748 1.99106885971373 1.89015867198354 1.82462666733657 1.80579945204483 1.81116707749721 1.81215406858036 1.78939823012817 1.7785886800361 1.75880683748769 1.75497425500006 1.7558874115064 1.36322358848753 1.34006063399781 1.284031146147 1.23029843840178
1.49211364154467 1.43456048686848 1.4458044394262 1.42439791133838 1.36840136532471 1.36462420298764 1.42066368978581 1.45826110659011 1.51741148907778 1.60782757758845 1.67255797177769 1.76927509614508 1.96224512143949 1.92650126991049 2.09507917502585 2.02756244033757 2.05251872316532 2.2726067914049 2.38446876879898 2.4504948515269 2.47617353410042 2.57150218657775 2.81088330078412 1.60207487829394 1.61586911869133 2.67290096264506 2.63001552418107 2.62965004507022 2.69314241025826 2.78043627189003 2.93276298248559 2.78644108006522 2.66438595280354 2.43330906140001 1.84658466110251 1.68069610105007 1.75348591028807 1.68566723584047 1.61273365085183 1.57804636793629 2.04320324022884 1.99525843704216 1.93443516750029 1.86216595941015 1.83588181636617 1.84158474755725 1.8271835970279 1.79663870332637 1.76675043529543 1.74060189451667 1.74883499695825 1.76738388550898 1.79147769583625 1.32656367010208 1.28570738278315 1.27306083213411
1.44081411341882 1.44876872050733 1.42017521260357 1.38640000934727 1.37252351191775 1.33366647439551 1.36630882453034 1.41931238230084 1.47137587356333 1.46880862427641 1.51948436834564 1.68908477779227 1.76696816464154 1.885996534806 2.04961548231128 1.93109118188697 2.01654690681963 2.1921839190979 2.4009282312696 2.71531652990255 2.82179730317048 2.81119036367725 2.94798202868923 1.67210510608094 1.60378642229776 2.60610957362255 2.54103559051928 2.47687081445301 2.56957668052794 2.55200997047164 2.54542741744311 2.25128710670957 1.89330683443295 1.78889757494079 2.03995943705928 1.97178133892488 1.89140169586967 1.98452535289393 2.04225830024885 1.96700668492295 1.88995512057949 1.89015129480093 1.88385484379728 1.86750735391312 1.8668289011548 1.86460541687522 1.84832790092902 1.81237144764932 1.76809149763201 1.72372803708878 1.73798919443588 1.7733812663647 1.80213946274392 1.82182881812857 1.8643803029035 1.31148373662801
1.61307204622271 1.68469848274987 1.52846452993833 1.50815531349073 1.34668553847287 1.35025990906123 1.30806712768718 1.34860851337025 1.44085899789252 1.43097674069819 1.37990810201297 1.47713160154228 1.51971121018723 1.74281393631518 1.80930539429409 1.83193679929002 1.91877119579583 2.08808350641176 2.27952853281667 2.45244885722639 2.80573224827387 2.77562091482697 1.58067022866707 1.58987007757138 1.58337046767843 1.60163402545454 2.32976657467993 2.18469904090283 2.24562691857174 2.18189799510703 2.14832590079958 1.9013612497391 1.66690906411914 1.55304632283915 1.72797428858872 1.82613609127234 1.73644559559826 1.78457060874263 1.79115010302757 1.75428268699304 1.73092879100787 1.71056744033715 1.77121173171605 1.84939179672462 1.90498036380344 1.9469312805236 1.9142862265278 1.86026047653777 1.80518410543326 1.75833666635102 1.75902041372978 1.79186237961286 1.82486812709408 1.85575615587503 1.92321498624587 1.99071516842888
1.63741281000059 1.74136857029242 1.71444268381815 1.6263925985232 1.34677651942222 1.33287520728801 1.27169197711028 1.3000318189864 1.45779088573971 1.43406187551568 1.29101857465344 1.35634910549044 1.37404818378341 1.47862970827115 1.61058866240732 1.50104677381475 1.55236038949058 1.90017969491781 2.04247543068679 2.13130369712872 2.28303702268623 2.4584181382037 1.66318687878688 1.57002063570716 1.48013952741943 1.46117311923523 1.53087768603691 1.95676592866643 1.92061355995764 1.80793066542824 1.81154436792606 1.72420990899352 1.62010538628989 1.47893730679037 1.4398840465135 1.45481104986249 1.5471361988601 1.62511233573926 1.62887235260697 1.66230410084607 1.64224179979174 1.66118677352736 1.6813727409848 1.75141674610382 1.89000966302988 2.01973654838317 1.99001114817482 1.91611357631807 1.85177793745699 1.8080630703991 1.80704710152051 1.81494535275099 1.83439437004681 1.89431234919981 1.96189048359826 2.0422989300319
1.59792259080636 1.66321553076012 1.71679939384437 1.53686176078336 1.41098908276596 1.27478958968084 1.23089091650924 1.36656036108407 1.43424386106131 1.3627132458058 1.24145882533177 1.27136746915283 1.34050512454484 1.37439839300638 1.41802964920591 1.41029681059755 1.49157773233193 1.58982957576421 1.70920808019241 1.73664673321499 1.93040111961759 2.1472132511926 2.18319740973239 1.28945188113875 1.16678537464548 1.2376554838366 1.40663651059452 1.74615309537325 1.66065094053017 1.59710151444074 1.57256558603135 1.52860048145271 1.48361481564969 1.46885699094038 1.35825186832137 0.95165146663801 1.30611205393098 1.37672174049526 1.55050395352225 1.60330559368441 1.62399688073016 1.63711557133928 1.64177318525742 1.67102697979225 1.82099403010514 1.99359155178787 2.00000089160724 1.93840295197358 1.90428353744101 1.86676801640023 1.86055304211986 1.86720468250334 1.89803390820293 1.97003986920891 2.01507980762227 2.10989459142373
