data/pcas/pca_proj_current/PC05.asc
NCOLS 494 
NROWS 529 
XLLCORNER -117.166666666667 
YLLCORNER -55.5 
CELLSIZE 0.166666666666667 
NODATA_value -9999 
[rows 96 to 119 of 529, columns 168 to 223 of 494]
2.2040385324077 2.43439603502241 2.11014173886227 1.24926649008337 1.39357768020861 1.44556608628787 1.88378610694289 -9999 -9999 -9999 -9999 -9999 -9999 -9999 -9999 -9999 -9999 -9999 -9999 2.68745638413358 2.59880068561382 -9999 -9999 -9999 -9999 -9999 -9999 -9999 -9999 -9999 -9999 -9999 -9999 -9999 -9999 -9999 -9999 -9999 -9999 -9999 -9999 -9999 -9999 -9999 -9999 -9999 -9999 -9999 -9999 -9999 -9999 -9999 -9999 -9999 -9999 -9999
2.25635331090424 2.20365449313872 0.934271877737432 1.1621485600841 1.32087126998531 -9999 -9999 -9999 -9999 -9999 -9999 -9999 -9999 -9999 -9999 3.22740664544175 3.20299293908579 2.85014354701756 2.69043086198005 2.6959929379604 2.5706587807132 -9999 -9999 -9999 -9999 -9999 -9999 -9999 -9999 -9999 -9999 -9999 -9999 -9999 -9999 -9999 -9999 -9999 -9999 -9999 -9999 -9999 -9999 -9999 -9999 -9999 -9999 -9999 -9999 -9999 -9999 -9999 -9999 -9999 -9999 -9999
2.31990589498605 0.546267249990274 0.732974761121646 1.05531480133963 -9999 -9999 -9999 -9999 -9999 -9999 -9999 -9999 -9999 -9999 -9999 3.25514222259111 3.27377502947325 -9999 -9999 -9999 -9999 -9999 -9999 -9999 -9999 -9999 -9999 -9999 -9999 -9999 -9999 -9999 -9999 -9999 -9999 -9999 -9999 -9999 -9999 -9999 -9999 -9999 -9999 -9999 -9999 -9999 -9999 -9999 -9999 -9999 -9999 -9999 -9999 -9999 -9999 -9999
0.49227283713492 0.465740304403368 0.510583360106417 -9999 -9999 -9999 -9999 -9999 -9999 -9999 -9999 -9999 -9999 3.46070249675834 -9999 -9999 -9999 -9999 3.00810824174123 2.8578014661319 -9999 -9999 -9999 -9999 -9999 -9999 -9999 -9999 -9999 -9999 -9999 -9999 -9999 -9999 -9999 -9999 -9999 -9999 -9999 -9999 -9999 -9999 -9999 -9999 -9999 -9999 -9999 -9999 -9999 -9999 -9999 -9999 -9999 -9999 -9999 -9999
0.566864712250387 0.630440234485261 0.796987381749628 1.15959872724152 1.31985866811779 -9999 -9999 2.84407400153455 2.92853381097492 3.02883995486167 3.12014883110233 -9999 -9999 -9999 -9999 -9999 2.94572920171001 2.31103932429115 2.33165193161258 2.57292542726187 2.21273962770512 1.9196232340405 1.80701090734455 1.80830607008944 1.93353252499916 1.86048511011359 1.71482740716149 1.64097573362529 -9999 -9999 -9999 -9999 -9999 -9999 -9999 -9999 -9999 -9999 -9999 -9999 -9999 -9999 -9999 -9999 -9999 -9999 -9999 -9999 -9999 -9999 -9999 -9999 -9999 -9999 -9999 -9999
2.19149058595786 0.866012564091444 0.988066536424872 1.23556057852448 1.42075864214315 1.65591345916949 2.22884353712551 2.22513143521995 2.54143850655693 2.739557838626 2.62967446706128 2.8908587723211 2.98347754660138 2.84476047960121 2.46029071159681 2.29295170089652 2.42468248717164 2.1253075301638 2.45290455783319 2.49722784658055 2.19059142456546 2.15915761426314 2.32891072893632 2.39960566195609 1.81383134685841 1.7974284633551 1.7202760467426 1.64152554659005 1.58819592403478 1.4765222330249 1.3764790309042 -9999 -9999 -9999 -9999 1.48970378074429 -9999 -9999 -9999 -9999 -9999 -9999 -9999 -9999 -9999 -9999 -9999 -9999 -9999 -9999 -9999 -9999 -9999 -9999 -9999 -9999
0.837732021234073 0.989265713335763 1.93345369011244 1.27751581112569 1.35150097879269 1.87464502375252 1.88049425572317 1.69769091883754 1.92732745284457 2.2493603649524 2.46845742411639 2.34252155878723 2.28619993360875 1.8232811641308 1.84561851045776 1.88157574975624 1.92654259732186 2.18046002760433 2.09603968804309 1.80499064908851 1.79659733493618 1.95684937816244 1.97315066210702 2.25039540043051 2.19605059973415 1.623574555566 1.61196547387018 1.62417995760178 1.57710190256132 1.55438598306505 1.42585657054579 1.31490748081339 -9999 -9999 -9999 -9999 -9999 -9999 -9999 -9999 -9999 -9999 -9999 -9999 -9999 -9999 -9999 -9999 -9999 -9999 -9999 -9999 -9999 -9999 -9999 -9999
1.90848257047783 1.95740560036796 1.8108188361738 1.71259140334286 1.72936249646799 1.73878256984789 1.75107933486708 1.70899327996403 1.85231074614005 1.88125196361703 1.71684289773357 1.68846075029295 1.76875982602904 1.80954804028151 1.83044564986903 1.77602110013507 1.78004861878934 1.74303159844212 1.71650540721072 1.69192101988654 1.72706728912393 1.74671275955534 1.82358704419666 1.99952112979764 2.18741889737935 2.40735787099528 1.50420818494784 1.52639900012412 1.54262754020173 1.52770957890454 1.43700314220008 1.30997429546796 1.185920581059 1.15699155556535 -9999 -9999 -9999 -9999 -9999 -9999 -9999 -9999 -9999 -9999 -9999 -9999 -9999 -9999 -9999 -9999 -9999 -9999 -9999 -9999 -9999 -9999
1.72504966065894 1.70518410919747 1.6381829767004 1.61237258923207 1.62019748827453 1.62746564365403 1.67743632639887 1.61606333260623 1.71463001573202 1.68938226340233 1.61402514955766 1.6792198888766 1.59411183348759 1.61456171173142 1.64750105382837 1.66372478260642 1.65770245308754 1.67187004132534 1.66240631611928 1.6443798312878 1.6921460702464 1.71634561366354 1.7669664788621 1.82767186216733 2.02831355127197 2.26544716176099 2.43476959386413 2.55985099179158 2.66348248810078 2.72172248135725 1.45267095724555 1.29854392230648 1.17097101066589 1.20603655280144 1.14272356460134 -9999 -9999 -9999 -9999 -9999 -9999 -9999 -9999 -9999 -9999 -9999 -9999 -9999 -9999 -9999 -9999 -9999 -9999 -9999 -9999 -9999
1.5458311791765 1.59097316808519 1.53645618845542 1.54918894318276 1.66822898590285 1.65313762091527 1.75276135297283 1.55348789434352 1.61121115254194 1.62562066666165 1.60980023066085 1.58145343533109 1.53788480648324 1.57059145531628 1.63380797669257 1.66537568076343 1.6596204678695 1.75048466310543 1.58347847865972 1.61000418926858 1.67767593462914 1.6620314651544 1.73572749888344 1.86104017225221 2.02796392706012 2.16810756929678 2.30473686057267 2.43506965478332 2.52424804749303 2.65153191894569 2.64538617107724 2.4591756781079 1.17871746331641 1.16161222865001 1.14997707189613 1.07551411415077 1.11033895755433 -9999 -9999 -9999 -9999 -9999 -9999 -9999 -9999 -9999 -9999 -9999 -9999 -9999 -9999 -9999 -9999 -9999 -9999 -9999
1.48074382434175 1.53467532999308 1.68569179311118 1.60154283442524 1.5650563491588 1.59630163972121 1.58080522532371 1.71534092049537 1.628488824809 1.54104125887411 1.47205181242884 1.4932787784462 1.4823743184349 1.52692028998768 1.56816893929898 1.62362088113737 1.65020436992093 1.65281593375128 1.74695115153196 1.6427346837152 1.5833993105653 1.64515658698788 1.7094149360406 1.82428182634382 1.94492839294761 2.01715583153436 2.13469464847658 2.2433253859939 2.34057054698474 2.41930148780274 2.3730180209191 2.26198881096756 1.15409622478634 1.07361938102859 1.02388848960333 0.925030832326526 1.09776697181859 -9999 -9999 -9999 -9999 -9999 -9999 -9999 -9999 -9999 -9999 -9999 -9999 -9999 -9999 -9999 -9999 -9999 -9999 -9999
1.5341905951515 1.55381835842315 1.52778940021264 1.52752878362237 1.52129975537623 1.56780065750997 1.64168368181154 1.51370209091055 1.54845484790515 1.4025393754644 1.3927484876273 1.46414246069088 1.49707422079534 1.4523454389238 1.51161611183575 1.57728706708632 1.64635957658663 1.59966824366258 1.57206203267715 1.54157397918122 1.60973445616184 1.64123925695502 1.70429353632263 1.78602271724044 1.87318002552501 1.93622199009611 2.03361897671716 2.11288103139403 2.1803866397558 2.17868859617326 2.14613573270424 1.31574977492721 1.268200365505 1.18230957463787 1.01153832131032 0.966144208886204 -9999 -9999 -9999 -9999 -9999 -9999 -9999 -9999 -9999 -9999 -9999 -9999 -9999 -9999 -9999 -9999 -9999 -9999 -9999 -9999
1.46033318824029 1.40705039264198 1.42555753190797 1.40948793632431 1.44097887618503 1.32650670091779 1.45202377355141 1.35923628197993 1.37632041823359 1.3292772239128 1.3577062953602 1.36033287017677 1.39050722365929 1.45287946636141 1.53450340072071 1.57238896994438 1.61697172834219 1.57890721915353 1.60497293884775 1.62162995546988 1.63746676422186 1.64744264160846 1.695902139069 1.74744218524897 1.78919039234082 1.8359384238974 1.89020946209074 1.95353041097556 1.98962958724125 1.99378309623084 2.02699483219895 2.00369243650615 1.2738933017555 1.21442833934123 1.08742458979812 0.922976395565449 -9999 -9999 -9999 -9999 -9999 -9999 -9999 -9999 -9999 -9999 -9999 -9999 -9999 -9999 -9999 -9999 -9999 -9999 -9999 -9999
1.37279315402696 1.36592633333563 1.36468024865362 1.33323836357275 1.32777530437565 1.30103989107789 1.33432282343611 1.34506866495097 1.31187141184482 1.30434479354124 1.30579066601803 1.35359150692481 1.38439539480733 1.47852328060342 1.56330996667394 1.61907498341557 1.62870486583096 1.65872105400439 1.63064823053653 1.63965737038307 1.64520334881371 1.6916190494554 1.69657318084358 1.705195053809 1.7087422687817 1.7233368487164 1.75751024631456 1.82029329044381 1.85722303124657 1.90459418705597 1.94674630064131 1.96922282878137 1.22083291483845 1.18788286638883 1.07621394644838 0.917404153669306 -9999 1.03633359957618 1.29086638882396 -9999 -9999 -9999 -9999 -9999 -9999 -9999 -9999 -9999 -9999 -9999 -9999 -9999 -9999 -9999 -9999 -9999
2.02706784970385 1.96765023778683 1.97333457368113 2.06307728033294 1.19413670079303 1.21888852258473 1.16054431146096 1.17504407775093 1.21832300514934 1.25231862600574 1.22344449896234 1.30979953835655 1.38041707058863 1.47232627961741 1.54345960548857 1.57850541753359 1.65111048258104 1.62636224768608 1.65293614064308 1.65364420437477 1.66516057602779 1.71826558288282 1.66791213606544 1.63784463661457 1.63500530226207 1.64936994007482 1.65041619739027 1.68301318421413 1.71914157178958 1.79380357149205 1.84157927732532 1.91467216379451 1.99703171451699 2.0520879467306 2.06755651749865 1.12939704865206 -9999 -9999 -9999 -9999 -9999 -9999 -9999 -9999 -9999 -9999 -9999 -9999 -9999 -9999 -9999 -9999 1.559837017776 -9999 -9999 -9999
1.90668453880624 1.94580302257266 1.91382336882954 1.96098198410406 1.94944790805743 2.01776321587283 1.13953774615942 1.10990634398059 1.10405112111131 1.08358587292514 1.13997426747699 1.28175592946755 1.2632995898618 1.5126446516205 1.47445098486919 1.53457207718835 1.51574032497977 1.55000527431951 1.63963026841366 1.64210496960074 1.65987253360563 1.61883686316439 1.62348324888107 1.57830782023752 1.56911307151364 1.58302759229138 1.73184536289186 2.69144047699108 1.58660411209793 1.65919515267396 1.72131396465944 1.77515067563245 1.90641902565603 2.01871652477517 2.04636860364751 0.994941838683834 -9999 -9999 -9999 -9999 -9999 -9999 -9999 -9999 -9999 -9999 -9999 -9999 -9999 -9999 -9999 -9999 -9999 -9999 -9999 -9999
2.04980922569212 2.01414287748508 2.43540437566232 2.4113034073145 2.40894330822586 1.98919174685763 2.00220239646416 1.97877724088633 1.92302041764791 1.06616549161042 1.10331619641138 1.19139990975131 1.28331511442376 1.29889598714182 1.44894263740337 1.44739397899427 1.47461929009006 1.56112599853194 1.55976987379473 1.58229574206652 1.56507846848733 1.66221497257477 1.59295417381133 1.56693638886318 1.53166206048662 1.59386651049887 2.56194724205062 2.63903413614434 2.53006133865059 1.58415308131291 1.65961870580964 1.72323019806358 1.82911744805586 1.89417433579076 1.89753954077985 -9999 -9999 -9999 -9999 -9999 -9999 -9999 -9999 -9999 -9999 -9999 -9999 -9999 -9999 -9999 -9999 -9999 -9999 -9999 -9999 -9999
2.15247841486413 2.18133764163127 2.58279902052633 2.54664054372581 2.52374648269391 2.08368365016508 2.02169241992518 2.4611329671595 2.40759936764253 1.89748481875734 1.8318740046626 1.8389552234281 1.21443283550605 1.26619490724635 1.80216881409062 1.3195935248923 1.42202338189267 1.45769862770375 1.5084604944703 1.59961381938763 1.56588547750195 1.64318939253013 1.50874083021957 1.547306970609 1.53546767272068 2.41289844053284 2.48739248490987 2.49210194638288 2.44705642920343 1.54701136771831 1.63353999265729 1.75491366449369 1.77856523162442 1.77829049053912 1.65169448007799 -9999 -9999 -9999 -9999 -9999 -9999 -9999 -9999 -9999 -9999 -9999 -9999 -9999 -9999 -9999 -9999 -9999 -9999 -9999 -9999 -9999
2.20856829896336 2.25237009697264 2.71218202228418 2.70409190460845 2.70902162451912 2.63505500309482 2.56540840127112 2.5077470200892 3.01851263472955 2.85573787906118 2.74066762729084 1.8223804192186 1.78680873866145 1.71325318738392 1.23121028398488 1.2732260111918 1.26326220150967 1.39748643855565 1.49288214023172 1.52634245950929 1.62670649416858 1.5897043477709 1.55798379451225 1.5304989750639 1.43929740138587 2.36312271828573 2.54762118943393 2.58023918308757 2.45746990352485 2.5423054564542 1.64360789875208 1.68457993638336 1.72835840183182 1.73136043477693 -9999 -9999 -9999 -9999 -9999 -9999 -9999 -9999 -9999 -9999 -9999 -9999 -9999 -9999 -9999 -9999 -9999 -9999 -9999 -9999 -9999 -9999
2.69465234443925 2.74583989536182 2.78300746365795 2.83489606228852 2.79428664983934 2.7143065674856 2.63293101711782 2.57070180875097 2.41688965617431 2.87679685819349 2.78816250476905 2.71330737357523 2.06993482225279 1.11045474092549 1.1146152020682 1.19176694854195 1.30735280933929 1.37994751649288 1.48169530562991 1.51950881602741 1.55479568116222 1.56563993497296 1.60719377368085 1.53507567943336 1.46703591657553 2.36585161598389 2.46650502257358 2.45346291319014 2.48850285664623 2.60153905291426 2.60979218220401 1.64110887783072 1.73368087191176 1.69372490450182 -9999 -9999 -9999 -9999 -9999 -9999 -9999 -9999 -9999 -9999 -9999 -9999 1.55910755064217 -9999 -9999 -9999 -9999 -9999 -9999 -9999 -9999 -9999
-9999 2.2192414992493 2.28516532754436 2.26814898025148 2.24926099670186 2.80924351994996 2.72276075766224 2.67046767813641 2.55491426261432 2.39424714115818 2.82237544400696 2.87509938389996 1.8322638675904 1.85429687943329 1.16045835102177 1.19522921110751 1.31442650783359 1.37591808822411 1.49271983508769 1.56938876759934 1.61892000309925 1.63313822453982 1.56958695392108 1.58183516252365 1.54099701878669 1.58824344747866 1.57625496073164 1.56280200273404 1.55379761832288 1.57318444099169 1.62780893496638 1.6665913149889 1.68063190392302 1.642988212712 -9999 -9999 -9999 -9999 -9999 -9999 -9999 -9999 -9999 -9999 -9999 -9999 1.54529859497953 -9999 -9999 -9999 -9999 -9999 -9999 -9999 -9999 -9999
-9999 -9999 -9999 -9999 -9999 2.74060960434972 -9999 2.69326981002419 2.01893237467134 2.6020547388479 2.32529720804015 2.97069462187382 2.55137592294625 2.6034115374375 2.05796343157174 1.94624688440282 1.26254213984414 1.35229087680595 1.41468165268247 1.53029785079758 1.53296969678685 1.57334524398738 1.61491659250954 1.62155075800215 1.64403856273807 1.65651794906984 1.69804831047507 1.6496772270682 1.60837352879594 1.59060289853581 1.61092869425757 1.65685735546803 1.70153091699571 1.64718652121247 1.74273167851924 -9999 -9999 -9999 -9999 -9999 -9999 -9999 -9999 -9999 -9999 -9999 -9999 -9999 -9999 -9999 -9999 -9999 -9999 -9999 -9999 -9999
-9999 -9999 -9999 -9999 -9999 -9999 -9999 -9999 3.4931640367169 3.47570727615751 2.83142430747939 2.6529381487017 2.70487300328371 2.76190854256173 2.78936488770828 2.15477368105614 1.94645459803907 1.96916975155219 1.97162226170233 1.37901244927653 1.47293805746109 1.53817858980689 1.57789847403148 1.60725241423775 1.68432006059633 1.69628479400701 1.69392372663219 1.69832903812103 1.70652310965714 1.71261394565856 1.68939313709908 1.70214258443609 1.75802168285315 2.66954877271033 -9999 -9999 -9999 -9999 -9999 -9999 -9999 -9999 -9999 -9999 -9999 -9999 -9999 -9999 -9999 -9999 -9999 -9999 -9999 -9999 -9999 -9999
-9999 -9999 -9999 -9999 -9999 -9999 -9999 -9999 -9999 2.98518461307367 2.8846749419475 2.82839547049237 2.71634447069148 2.23702522624885 2.89286923554841 2.80518631942083 2.07594839961573 2.01402220867115 2.05393754089745 1.4099120479171 1.48011441252174 1.59540466441559 1.58383529966847 1.64163940328866 1.72689123441919 1.75766388337291 1.69575033218581 1.73778803431961 1.73348050682702 1.75607947270499 1.70240549710218 1.69079221508626 1.82557252650067 2.83943344245497 -9999 -9999 -9999 -9999 -9999 -9999 -9999 -9999 -9999 -9999 -9999 -9999 -9999 -9999 -9999 -9999 -9999 -9999 -9999 -9999 -9999 -9999
