data/pcas/pca_proj_current/PC05.asc
NCOLS 494 
NROWS 529 
XLLCORNER -117.166666666667 
YLLCORNER -55.5 
CELLSIZE 0.166666666666667 
NODATA_value -9999 
[rows 432 to 455 of 529, columns 280 to 335 of 494]
2.6330702688928 2.57412342016223 2.52546519895568 2.50037061648101 2.49284984683697 2.49273409450661 2.49790191333966 2.50320005063182 2.50376249746533 2.49777941795841 2.44987257011488 2.4081321817406 2.38525445632464 2.3656738695547 2.35718524254084 2.36036211088131 2.36714007852086 2.39222657772204 2.4000835174702 2.39117062674384 2.37268853112996 2.35964697249541 2.35094023335065 2.34543051152955 2.34688501930034 2.35086577961641 2.35439434894682 2.34922418706731 2.35392090882906 2.37904994922948 2.36118547684117 2.36171882522531 2.3685719445679 2.36117645555135 2.35850311750145 2.37057823568345 2.37104088382957 2.3650123818043 2.36411026332611 2.35501831938607 2.35067990669226 2.35298472183728 2.35131519405986 2.35306703292579 2.35392767172536 2.36545281940345 2.36846471978378 2.37060504578412 2.35159167929468 2.33664724231051 2.31892712683867 -9999 -9999 -9999 -9999 -9999
2.63589865576164 2.57671046091901 2.54365853826269 2.52101817279602 2.51450373572546 2.50701609973843 2.5035635642175 2.51840299246441 2.52022178826906 2.46025857041033 2.44874528187308 2.42390284040818 2.39647132920684 2.3853212219714 2.37782297082016 2.37793610525225 2.38253472968552 2.41525742553137 2.41452033833095 2.40462070626277 2.38715853564517 2.38087210144621 2.37402350740627 2.36413414847399 2.36204993466751 2.36137419799504 2.36321143341662 2.38042976242475 2.38118503614066 2.38451324080908 2.37618855064046 2.38866296687699 2.39188697687445 2.37361631217223 2.37430448956984 2.38445580456153 2.38611777405222 2.37379523873304 2.3698311399569 2.3646178481447 2.36691399398529 2.3657232831862 2.37011917685335 2.37488725444112 2.37048813975639 2.3753885748764 2.38393412679611 2.38937371159617 2.37206884590005 2.35295856433699 2.34079932797168 -9999 -9999 -9999 -9999 -9999
2.65219572303387 2.60523575160027 2.56325920923284 2.5357707550843 2.52241633279825 2.51526216580017 2.51024317858634 2.50414803321772 2.47381789667265 2.44908902455799 2.44175338884427 2.42175817758882 2.40150290293417 2.38512349009504 2.38451788607226 2.38959391041492 2.39110841923847 2.41345390969041 2.41639413081745 2.41140470316723 2.40652715618309 2.41510358270844 2.41269854671567 2.39885215233937 2.3903899845295 2.38924726669616 2.39112552083537 2.39275403081174 2.39386388247236 2.39435771652437 2.39660076928013 2.39835321071401 2.39781672793054 2.40254359808281 2.40514617510378 2.40868959268938 2.39842401604256 2.3973324131457 2.38626606549536 2.38003554966617 2.3747787006465 2.41767174570353 2.39197625082049 2.37564991407314 2.37177420737865 2.37589598428149 2.37840904313319 2.3844505807258 2.3818795587339 2.36957220115044 2.36595959536546 -9999 -9999 -9999 -9999 -9999
2.66435902510348 2.61487396854553 2.58256818812432 2.55513334267984 2.53536305628716 2.51960085511658 2.5104210504142 2.50515574324743 2.46840255773602 2.45240160251862 2.41616951425234 2.42261961614617 2.40881928414339 2.39030140514495 2.38492289767538 2.38606889581571 2.41975701583319 2.41959147255147 2.41570992192191 2.41474153576232 2.41002069461116 2.40644363953935 2.41433511280784 2.4079666755709 2.40829228851525 2.40089258811162 2.39922988928927 2.4021930148898 2.4026650959172 2.40512551859545 2.40440040335155 2.40861992225356 2.41382348804193 2.41045260498529 2.40899560085861 2.41911154401956 2.41871815043515 2.41415332894433 2.41386687660828 2.39046647037579 2.38822878065322 2.38262431381052 2.38266975292112 2.3775274363123 2.37405044343234 2.37747802440329 2.37970094302979 2.37875726083991 2.38047625319628 2.3997753078293 2.40295699151288 -9999 -9999 -9999 -9999 -9999
2.67739407766294 2.63363654785112 2.59256119840481 2.57261962361799 2.54485880554077 2.53083721400546 2.52663395731316 2.51214390040779 2.47155247254322 2.45320522814482 2.44649355025987 2.4544422726168 2.41484838960324 2.40236003568297 2.39468600043593 2.39098336535608 2.38969164537798 2.41685084564441 2.41657241006104 2.4159175770794 2.41398365795099 2.4120329975933 2.41037733441225 2.40673925118174 2.41214482587254 2.41662804137988 2.41367406586645 2.4136115243106 2.41553518612308 2.41701578387968 2.41446372786445 2.41810144044601 2.42355170792306 2.42594551535716 2.43104581343051 2.43186696371396 2.43741637428129 2.43152242255321 2.42566425793912 2.40175874247413 2.39371478181276 2.38289938001985 2.38003817548259 2.37451226460566 2.36890533214456 2.37833567757388 2.38172926971019 2.38123652579515 2.38539915501621 2.42136414568774 2.43358163003691 -9999 -9999 -9999 -9999 -9999
2.69439443113025 2.63783196290456 2.61287531462064 2.58939763667839 2.56899091561279 2.54341846834129 2.52643610699588 2.51758023847894 2.49792982553327 2.46345141318806 2.45393335850959 2.44430528973909 2.41300745473078 2.40901698624899 2.39519927087764 2.39937079523089 2.3984949447625 2.41984420094329 2.42190814838544 2.42170551082547 2.42028263318355 2.41997628914608 2.41347322513738 2.41211602828757 2.41337632489807 2.42226137204886 2.42915125135224 2.42212088033424 2.42027370590918 2.4225310519581 2.43219861304142 2.43523508638753 2.41756963226965 2.41899978503577 2.43795420988886 2.43877424667044 2.43692658372979 2.43501041661287 2.42923245660156 2.40674983168055 2.39606446113485 2.39017725771188 2.38220209994975 2.37211241089338 2.37182546301274 2.37413593021513 2.37350905334851 2.38205449359355 2.39325179502458 2.42089187549211 2.43618508497504 -9999 -9999 -9999 -9999 -9999
2.70922524421162 2.66354376617209 2.62929361562031 2.6022654134276 2.58249911430549 2.55242973533309 2.53552675487528 2.52335929255336 2.49813626801878 2.46070968442211 2.45748412870318 2.44751558173322 2.41005600302594 2.4148147988764 2.40225598632457 2.39578612662311 2.42134860417755 2.42325454230839 2.42291371322148 2.42499336796529 2.42498737824366 2.42260548525512 2.41936727412669 2.41821503098806 2.41950025822749 2.42746741285153 2.44120975469841 2.43255828114743 2.43219313096579 2.43377591381874 2.44036997316996 2.49903865979512 2.46284284513185 2.43051587301216 2.43593670351596 2.43876359539822 2.43868010861561 2.43380368292644 2.42894462733904 2.40579967891152 2.39891387923909 2.3933919840683 2.38426253793676 2.3760722218824 2.3731271318969 2.38259192011489 2.3727361492022 2.38104924002926 2.40759734618714 2.43683094631569 2.43005813966236 -9999 -9999 -9999 -9999 -9999
2.73301934716864 2.67415129252185 2.62712319895819 2.6133982259646 2.58955878976665 2.55244250302229 2.52455771132321 2.51231679261647 2.49568006771765 2.46145812974108 2.46062029980073 2.43894060943091 2.43228828465143 2.40837103474895 2.40779378943657 2.42758320090635 2.43161942123152 2.42734303339306 2.43229504784916 2.43194528118098 2.42922005858386 2.42796559331638 2.42231288161498 2.42775291893736 2.4273272117085 2.426403431392 2.43506178001121 2.44620463536531 2.43633037041007 2.43456381229485 2.44025932343949 2.41952036999117 2.41986019630419 2.43096915537481 2.43318853973374 2.4318993458431 2.44440134871692 2.44409560995176 2.43366039751195 2.41199289941914 2.40787164846431 2.39348300285344 2.38388610605239 2.3703254466329 2.36189878244026 2.36342512843044 2.37903647128089 2.38918112388076 2.41018077894805 2.4325736845014 2.44889436948076 -9999 -9999 -9999 -9999 -9999
2.72470332928522 2.66883818929456 2.63178684746323 2.60697874661475 2.56618487852548 2.54208791960351 2.52130796875662 2.50494655540203 2.50064892686431 2.4960297294951 2.4626400577616 2.42868993191713 2.42948715631396 2.40681223081414 2.40410313822877 2.40170080957734 2.42961064537433 2.42827406151274 2.43318105924046 2.43712414492076 2.43138594233619 2.42754138163518 2.43052812274857 2.42971976228537 2.42804323995318 2.43295438877649 2.42941009782094 2.4364113615503 2.43917517717013 2.4399700102181 2.44278299229898 2.439781380062 2.42608728427534 2.43782195298033 2.4438015419048 2.45016823814987 2.44592977374313 2.44594301136661 2.42262105058271 2.40911250479506 2.40546063509257 2.39180798652215 2.3856393435333 2.37437741767489 2.36323108460168 2.35445963927168 2.36938781939195 2.39203023491861 2.41844106448104 2.43009750388058 -9999 -9999 -9999 -9999 -9999 -9999
2.75641984388483 2.67842199508606 2.6335600117601 2.61820172829165 2.57078621210493 2.54229691115956 2.52445857525775 2.50507077098893 2.50724795879412 2.51341058956073 2.50568995924388 2.44089700293677 2.4293333076158 2.43071835333487 2.40604977097419 2.40258770570123 2.43041535126727 2.43772271265131 2.43480191595453 2.42205455867798 2.41811525157886 2.41966420412495 2.43366921144386 2.43170899238931 2.43115517127226 2.43100158559508 2.43669264236113 2.43652852028096 2.437905794654 2.44096812991063 2.44013130836811 2.43098801285461 2.43391603286799 -9999 2.46208418479301 2.46512365568797 2.46006942708218 2.4515740467336 2.44943356354183 2.42973560524083 2.40806262626858 2.40172700640552 2.39055764091188 2.38225586142083 2.36758028844533 2.36716722566473 2.38044010378271 2.39205309315421 2.40925290872012 2.42864427015957 -9999 -9999 -9999 -9999 -9999 -9999
2.73130210797656 2.67802287267394 2.64817387468976 2.6239457731496 2.58818234524131 2.56263107765565 2.5477626722479 2.50946899453299 2.49980769419704 2.48844893726757 2.44838926219256 2.44698426502234 2.44021216061372 2.43875494068355 2.44183929134847 2.4405776978373 2.44279618577637 2.43446538477111 2.43109155162161 2.43326722885488 2.42541171171651 2.41893649025722 2.41451283143687 2.41789282468597 2.41723629687357 2.41972031854236 2.43141364097619 2.4307091178253 2.43182846302815 2.43596369797513 2.44205409883608 2.44151972758614 2.44012683418801 -9999 -9999 -9999 -9999 2.46433777281849 2.44760664255844 2.42433768545568 2.42772276899993 2.41124018086257 2.41590428090314 2.39448623906267 2.38344923489358 2.38163933243393 2.40146940798526 -9999 -9999 -9999 -9999 -9999 -9999 -9999 -9999 -9999
2.74155038692803 2.69011855686682 2.6628038576184 2.62420048287251 2.5947832885306 2.57312031348049 2.54852943939635 2.52375527473024 2.50543060512208 2.49019666371527 2.44144525192683 2.44130160822453 2.44978124357525 2.4478926895319 2.45244027586152 2.44472366028046 2.44915417799957 2.45202706415785 2.44690388526097 2.44290853941036 2.43338324991258 2.42747367372408 2.42472480604391 2.41987191334154 2.41826540544211 2.41933318787741 2.42430831524433 2.43821936328497 2.43391475580633 2.43640943668857 2.42743012418555 2.444818362323 2.44524853581318 -9999 -9999 -9999 -9999 -9999 -9999 -9999 -9999 -9999 -9999 -9999 -9999 -9999 -9999 -9999 -9999 -9999 -9999 -9999 -9999 -9999 -9999 -9999
2.76150987951066 2.78535802025588 2.71347391409266 2.63202618133477 2.5897873501648 2.58304545867251 2.55689655876535 2.53393846615712 2.52536273396984 2.51541176887656 2.47661831451785 2.45148683917032 2.45131209934572 2.45066997114258 2.46424638085607 2.4558070520775 2.45390165420622 2.44637572014882 2.45267396826726 2.45251158963254 2.45177006823035 2.4549421434265 2.43230429262367 2.42373964875097 2.42403411957499 2.42267783593772 2.42461356178287 2.43760738426468 2.43648864314031 2.43673388933146 2.43807223054492 2.44344053607728 2.44431097176706 -9999 -9999 -9999 -9999 -9999 -9999 -9999 -9999 -9999 -9999 -9999 -9999 -9999 -9999 -9999 -9999 -9999 -9999 -9999 -9999 -9999 -9999 -9999
2.70456999955049 2.67504442170675 2.6641122917705 2.63259394260488 2.61547295636788 2.6179641521603 2.57171415828823 2.56613315384169 2.58205815205022 2.55311428852226 2.50723061560121 2.50418285732426 2.50232826650484 2.45829479192923 2.46198097865104 2.46162642525134 2.46100016125462 2.45874990646627 2.45678888561432 2.45303464705509 2.45929882100049 2.45384531418246 2.44077382005461 2.43634582691755 2.43015335457229 2.43035223549115 2.44162644019007 2.43621937979638 2.43479714065768 2.43942566251913 2.44670367354625 2.44480502634719 2.44584739977328 2.44684971392385 -9999 -9999 -9999 -9999 -9999 -9999 -9999 -9999 -9999 -9999 -9999 -9999 -9999 -9999 -9999 -9999 -9999 -9999 -9999 -9999 -9999 -9999
2.68474371349836 2.65891710722195 2.6264764439568 2.62413620260737 2.61259567356479 2.60505596606364 2.57948127474138 2.57998075390228 2.61596723234712 2.56788760155456 2.53419524996146 2.51704336205417 2.51827883700934 2.53064477763602 2.4936880589305 2.4542677597154 2.45335184712003 2.44893080333402 2.45480217214954 2.46757111495019 2.45542654075241 2.4568877745479 2.45068787009787 2.43843663732359 2.43543747775902 2.43569494671722 2.4304101367605 2.44285332392407 2.44284654739228 2.44648477060126 2.4480095091226 2.44662850501293 2.44644136374492 2.45533945623667 -9999 -9999 -9999 -9999 -9999 -9999 -9999 -9999 -9999 -9999 -9999 -9999 -9999 -9999 -9999 -9999 -9999 -9999 -9999 -9999 -9999 -9999
2.66807754209184 2.64628016098486 2.61972500553536 2.59922698843444 2.61613807123671 2.59784823474703 2.59667877742384 2.61019549278212 2.58384363978481 2.55964018955145 2.57121695889111 2.55407094589406 2.54598835147802 2.58226965878277 2.51434553516228 2.48550428669907 2.47334695675504 2.46306315712978 2.45979145033352 2.4726493279873 2.45548232266515 2.45162743852174 2.43976986258221 2.43664298656668 2.44239898540307 2.43641649110203 2.44605622267858 2.44676201079282 2.44397129443657 2.45390674878039 2.44638624560673 2.44498282810909 2.4514686273863 -9999 -9999 -9999 -9999 -9999 -9999 -9999 -9999 -9999 -9999 -9999 -9999 -9999 -9999 -9999 -9999 -9999 -9999 -9999 -9999 -9999 -9999 -9999
2.66177897016555 2.64688795814947 2.62201695909065 2.60145506662627 2.59581623845628 2.5875048278427 2.61396446361889 2.63596716422187 2.60707532962721 2.60670017193491 2.64325199943219 2.6123584374102 2.5930363968674 2.58044281713926 2.54184544103555 2.50979211821983 2.50669180431898 2.48216961692563 2.46322372596066 2.46725904344799 2.47005373266261 2.481051261529 2.4501236806115 2.43283421166783 2.43106827985366 2.43201163299424 2.44419930578925 2.44487493266572 2.44615046925417 2.44628445202087 2.44190035921505 2.44776003332609 2.45132332141749 2.45638458125907 -9999 -9999 -9999 -9999 2.49690190353639 2.48434092333402 2.4819938107491 -9999 -9999 -9999 -9999 -9999 -9999 -9999 -9999 -9999 -9999 -9999 -9999 -9999 -9999 -9999
2.65459562885813 2.63671275307779 2.62409458666836 2.60801043702011 2.59863279203793 2.57434527124607 2.57770624619555 2.57590247413442 2.5995095546857 2.58069795093389 2.56799674076386 2.58332480043985 2.55612588478813 2.55371945929881 2.56008233905232 2.51669821560007 2.47474832411493 2.47735547416791 2.47214772679996 2.46425806841072 2.49448003280886 2.49092412824916 2.48963662821982 2.45169235615099 2.45296142764055 2.45036160643909 2.44641950973093 2.44559264813552 2.44479525398589 2.44689698437763 2.45100784150806 2.44985865178423 2.44856988148741 2.45657254380929 2.46628615838292 2.47826977550304 2.49111130518695 2.49973746781824 2.49596911641144 2.48486332352006 2.4869753817629 2.50920409553428 -9999 -9999 -9999 -9999 -9999 -9999 -9999 -9999 -9999 -9999 -9999 -9999 -9999 -9999
2.6543721996344 2.64170452584077 2.64126604929942 2.60070459263806 2.59169874303264 2.5880634268905 2.57577870975204 2.56425587816451 2.57269806124377 2.5819140711376 2.54675865177263 2.5414356756566 2.53268326673427 2.53051308881782 2.53053032796967 2.51946269229562 2.51506814419306 2.51874834039276 2.49383496667818 2.48374870117669 2.49738488208278 2.49258870000909 2.48958938604374 2.47950786570649 2.45356623263632 2.45109252054681 2.4465288846525 2.44943744243991 2.4757193361684 2.45264370064238 2.44959786387046 2.47050855422994 2.45231667753943 2.4560334597725 2.4637887709223 2.47730542753691 2.48334068749959 2.48123618211025 2.48753868568378 2.49530441443126 2.49897602423589 2.51528061069832 -9999 -9999 -9999 -9999 -9999 -9999 -9999 -9999 -9999 -9999 -9999 -9999 -9999 -9999
2.65044483262361 2.63540530827155 2.62901502169622 2.61818119296879 2.60117652547286 2.59331268494333 2.58054466502997 2.57472159251692 2.5720366647531 2.57711203489729 2.57531798977806 2.56089984517844 2.54958828608641 2.54676158065901 2.54318934534143 2.54303934513363 2.54820288125927 2.53401856603865 2.50489690736631 2.50521597332528 2.49588628792132 2.49785777424956 2.48068089821996 2.48668471583503 2.47804605628171 2.45938360651976 2.45182434384941 2.4498795949353 2.45169892299691 2.4519881821251 2.45056001189915 2.45183899809927 2.45313456648024 2.4884514989846 2.47575627696586 2.48781731966565 2.49583734730493 2.48968638162625 2.4871840015419 2.51007418436333 2.51444521904697 2.53033640130464 -9999 -9999 -9999 -9999 -9999 -9999 -9999 -9999 -9999 -9999 -9999 -9999 -9999 -9999
2.64054577730792 2.6397685190848 2.63117647924555 2.62923057348532 2.60383610859399 2.60804917099124 2.6004438998987 2.58389632787076 2.58692979025165 2.58674364197757 2.6039397688327 2.5869180067451 2.57914298993299 2.57268860755777 2.56836443835325 2.56983197769462 2.54627007252229 2.52697972070061 2.50930035977939 2.5159339129499 2.49889747240158 2.4923436700549 2.48897039667516 2.49148818288717 2.48468340582874 2.47574902504935 2.46386470211481 2.47450857006863 2.45501057471937 2.45171167084101 2.44634042680233 2.44742359886628 2.4586746377022 2.4869341553324 -9999 -9999 -9999 2.48882065153827 2.48958704181595 2.50459840454697 2.52936626508336 2.54615526691229 -9999 -9999 -9999 -9999 -9999 -9999 -9999 -9999 -9999 -9999 -9999 -9999 -9999 -9999
2.62904298554347 2.6200295512778 2.61525980861283 2.6154598795849 2.61770618524505 2.60154935920752 2.59967097387058 2.60026519385079 2.59207198642476 2.58126564567062 2.57445202028657 2.57424583160274 2.58561568137006 2.58121301747197 2.55473942042833 2.54906672043245 2.53826269415608 2.52861299703828 2.52191428721295 2.51230313718831 2.51879058494098 2.52194418395017 2.50995348064952 2.50377622318977 2.50049855206921 2.48025628192984 2.47845488514991 2.4798058893863 2.45906708802516 2.44682629849928 2.45403478151866 2.45513541526182 2.45738714410247 2.46806779698576 2.47549392031749 2.48186252560477 2.48861357188196 2.49855193418802 2.5007626497028 2.50926698957455 -9999 -9999 -9999 -9999 -9999 -9999 -9999 -9999 -9999 -9999 -9999 -9999 -9999 -9999 -9999 -9999
2.64532212592135 2.61987325546649 2.6155091211995 2.61415105564681 2.60664778276024 2.61105818947073 2.60812518140026 2.59941413613759 2.58894021644906 2.58595776493504 2.58467358459605 2.58756594508337 2.5957927362927 2.57373887588876 2.56915888530204 2.55969092644844 2.55205156059183 2.53407369640887 2.52727604660877 2.52651064807387 2.51371338301322 2.51570711677727 2.50920475158222 2.50132279708288 2.48905518909049 2.48067417405882 2.47640573257472 2.47397380458223 2.4566022359958 2.45531313629473 2.45153712892732 2.45857921348124 2.46180686176933 2.46816464459122 2.48021123090731 2.48958073606753 2.48805057618875 -9999 -9999 -9999 -9999 -9999 -9999 -9999 -9999 -9999 -9999 -9999 -9999 -9999 -9999 -9999 -9999 -9999 -9999 -9999
2.65353612392462 2.63489940618034 2.63895342176082 2.60560396379153 2.61294608386491 2.63496773035021 2.62137033987683 2.5981596026223 2.60081143178474 2.58978706483989 2.58318982567704 2.58312944062262 2.58423512213469 2.56590717201819 2.55620153949572 2.54939153345622 2.55535413142837 2.53811558446475 2.52843176991064 2.51930111087375 2.52164756486464 2.50341343794948 2.50043384537994 2.48894323770469 2.48585251271236 2.47884879274811 2.4773028763927 2.47298171775773 2.4743193972769 2.45271368008526 2.45081592084949 2.45161477140981 2.45532827274169 2.46655148596811 2.47767370393874 -9999 -9999 -9999 -9999 -9999 -9999 -9999 -9999 -9999 -9999 -9999 -9999 -9999 -9999 -9999 -9999 -9999 -9999 -9999 -9999 -9999
