data/pcas/pca_proj_current/PC05.asc
NCOLS 494 
NROWS 529 
XLLCORNER -117.166666666667 
YLLCORNER -55.5 
CELLSIZE 0.166666666666667 
NODATA_value -9999 
[rows 312 to 335 of 529, columns 336 to 391 of 494]
1.61007427160703 1.59592583563261 1.57593416980423 1.5491983555725 1.5319270527676 1.5116642608927 1.48648664891862 1.46115040043552 1.44334083294133 1.41347009364626 1.39438545675753 1.38047602038686 1.36113084543796 1.35281087992043 1.35256571075641 1.35415992215399 1.34689182615124 1.3456103503511 1.32688789877281 1.29747443264047 1.26428252547033 1.23749952768144 1.23771449183673 1.16398147867607 1.13291489594771 1.11973817510176 1.10351730150381 1.07211951581924 1.05026286088331 1.03467307406319 1.00771568602398 0.991925871681159 0.978996134363534 0.975392346382337 1.02633738937673 0.998641164501626 0.990677201999627 0.986264459881916 1.34238145723515 1.32704777492891 1.3258549186938 0.942474795292232 0.933520340665046 0.897150158651433 0.863699986848232 0.867240698917796 0.841663849519469 0.831133051100055 0.813251744667023 0.804814540303156 0.795940632948964 0.795932932381214 0.780346386938252 0.751734417746803 0.663499510052257 0.65964885222512
1.63136309364417 1.61984465202155 1.60406287669792 1.58340148246147 1.55970998389075 1.5295831220082 1.50505384028586 1.47941238437104 1.46177867760401 1.43202267760067 1.41443733186163 1.39036517964039 1.37215409744235 1.3623215447795 1.36178440088451 1.36354239441415 1.35404164488679 1.33725388516125 1.32119639567326 1.30153615164746 1.27802742035763 1.26553500769745 1.25969792054518 1.1835769310802 1.16369490931863 1.09451182261796 1.08671383345421 1.05112122836147 1.01200740443003 1.06893648518181 1.03693299929589 1.014815939477 1.00117931365142 1.0753151914372 1.04629343775561 1.01362510911104 1.00349321306332 0.997804780729356 0.972682707167782 1.33871641107381 0.942037777714052 0.933150112504881 0.931357337970195 0.9084514616111 0.891135151548435 0.885180281330708 0.874977990976686 0.858088185653411 0.849770376585613 0.842468168641338 0.853877529504965 0.843852138480938 0.816742438013493 0.796347261763162 0.702716138970806 0.688899492230334
1.65087270905711 1.6410861017628 1.6155192964843 1.60043206656201 1.57284457820782 1.5499760651004 1.51853263134277 1.49390477500017 1.46929817842769 1.44879483991995 1.42756912420141 1.4107943270382 1.38954949569088 1.3744702364362 1.37032235030222 1.36783386037911 1.35125768365146 1.32325046774831 1.32353477032483 1.3143562167354 1.30027293402453 1.29769009370905 1.26327025003178 1.25391533640882 1.13143756293767 1.10917359899724 1.08991066448719 1.06968355803621 1.01681091810643 1.07533387171298 1.05176575855472 1.04139817530502 1.10261652405132 1.08279564520798 1.06209139266489 1.03661790082062 1.02846619015837 1.00875933385649 0.985385096265578 0.984968085286415 0.967332964759018 0.938057673410271 0.931978851933945 0.918990533488419 0.90474070856345 0.910994401776664 0.903383949286986 0.895037582880237 0.892469713476327 0.884116231937532 0.878915115947375 0.858630117671442 0.849627942241244 0.83667891485211 0.745372163550828 0.731263489209454
1.67992791783373 1.66206485759469 1.63702505279582 1.6152151577376 1.58663086236862 1.5634353837167 1.54097814487816 1.50839721684732 1.4781818413638 1.45335198911531 1.43204953172672 1.41839378434227 1.39664994168985 1.38462903738435 1.38479272744663 1.36809689623142 1.35367039759182 1.32051191109541 1.31036655376487 1.33299056155504 1.32358740548409 1.30282597418708 1.2817680215061 1.2622022617849 1.23217255882017 1.15460368139727 1.08228437733443 1.06988251942837 1.02094147276426 0.976839719733474 0.939620932608607 0.930339276861072 0.981322543089563 1.10025645646926 1.08626822129083 1.06771636646807 1.05005729566959 1.03200297637696 1.01276212656319 0.993281250184789 0.98394255286446 0.960637275616564 0.948104523637084 0.954998041931786 0.928406572350756 0.930038377436014 0.935736893176568 0.939202273827561 0.934208870166508 0.923010797936104 0.907144081033847 0.887200797461497 0.890043592276183 0.810064730492207 0.786414024566546 0.785834277695623
1.69991709192729 1.67445620912567 1.64965089362725 1.62046185827684 1.59574310084254 1.56969591596098 1.55204492454808 1.52248286579784 1.49627276402346 1.46576870779617 1.44077612943529 1.43303772070711 1.41075170870342 1.40093889665038 1.39114165121359 1.37043092541391 1.34795860352908 1.3296379255266 1.31160727492912 1.33131315941078 1.3155795864124 1.30648752190256 1.29008733784012 1.26404927731923 1.24153856063145 1.16483009409269 1.08100135721472 1.07868903380486 1.03878178965998 0.991101983815928 1.0569936409484 0.934271229431234 1.00368224586672 0.963664582841302 0.934095724851712 1.09018989458439 1.05882026753385 1.05240270636168 1.03776919354849 1.01846679028386 1.00040419293268 0.986642128538007 0.982293595420794 0.986350027060381 0.965668210491626 0.959584824266918 0.969626319223948 0.966643938758988 0.955811548153324 0.954798847903727 0.846463250341392 0.84480546048806 0.839395764161469 0.852344876206626 0.843313675126189 0.836859027268576
1.69680640596055 1.67616254301989 1.64676820637573 1.62548188525477 1.60750375449334 1.57642132460488 1.55724165353425 1.53247544749884 1.50185452826829 1.47542166833013 1.45512961040567 1.44861198745064 1.4217958478954 1.40838013679564 1.38622801580639 1.37005480301575 1.35276205257361 1.33149636278416 1.32330280852307 1.29085009040578 1.27823085498694 1.27841650581879 1.26970711864857 1.24657976107335 1.21974588451655 1.19740553511131 1.18610861061588 1.09465757254871 1.05374839578624 1.09398738015295 1.07607257937392 0.953084611619276 1.01536108157053 0.984369903185814 0.968113091300652 0.949677923606006 1.07520132410079 1.0761380434189 1.04829099587009 1.02823261129941 1.01950972883127 1.01053394845523 1.01450905071865 1.01408308641115 0.845024026178019 0.840531894989984 0.842582796747703 0.863783991469506 0.870941315381934 0.861792477966258 0.864063065594394 0.884987372537935 0.888475939455764 0.899509260924927 0.895041246744418 0.892402330515299
1.6947489739568 1.67099159530904 1.64085437819679 1.61858365853612 1.60194393053838 1.58769155089181 1.55897610380032 1.53701143010698 1.51148832954714 1.47961027990852 1.46299580562295 1.44677793580629 1.43550058355642 1.46275635789641 1.44643049089844 1.37650136063291 1.36026017119785 1.39867983497906 1.37186066566106 1.32829024533691 1.29761437607419 1.30352442213691 1.28985242582762 1.26763838366142 1.24888452665013 1.22583684532067 1.13319684409617 1.09620971199745 1.08027935355167 1.03333142946812 1.0012251135279 0.972724468682997 1.03654851355365 1.02476940140837 1.00857437927448 0.967563786339604 0.925568788695147 1.0845031567192 1.07296636756701 1.04924962076851 0.845086246050637 0.851183708990195 0.857429595267508 0.877888385536662 0.881242870186087 0.872559632503722 0.882137909300948 0.90218856479873 0.904049778261386 0.90666204815625 0.908936600920131 0.92954399958566 0.932994984155654 0.95004944074928 0.952792786269757 0.949836781223706
1.6830282763542 1.6641755352899 1.6440853829669 1.61756338781466 1.59750278847405 1.59447060020031 1.5596803389127 1.54524052744855 1.52496063685546 1.50451094916709 1.52753506979297 1.51198915283814 1.49552524677705 1.47390792735907 1.46468717389933 1.44622902846651 1.433410477326 1.41591083303372 1.39344802480573 1.36418482477174 1.32752859235411 1.31689740181529 1.3010239887907 1.27972252908374 1.26678719078704 1.24947870526584 1.14734663734691 1.11907669564869 1.09900904160445 1.08361449227346 1.03987939656517 1.00130037180278 1.08444729570644 1.06945359347336 1.03758051672764 1.00467080314024 0.978024021810521 0.944134213697317 0.922154737100685 0.887977822518806 0.8772915176066 0.882504604098127 0.890752279792727 0.903583568564772 0.919488731227055 0.924562713355795 0.920128568141364 0.93243854216942 0.932801788619004 0.937574376539664 0.966203034489704 0.963117874697447 0.975354863205543 0.991147075881715 0.995536748939034 1.0040851262267
1.67554502717747 1.63819950995667 1.62329957813099 1.60973146806354 1.60719325328795 1.60042895244856 1.58919826960795 1.58191919499556 1.56322694163216 1.55090020221227 1.54272997999826 1.52907276568906 1.51921682315022 1.50066507825654 1.48410080350815 1.46491578383166 1.44976588215849 1.43217938714225 1.41201755891692 1.39572566091748 1.36860890156247 1.35315873368263 1.32334043761898 1.31092326375776 1.28749325472655 1.26789270679485 1.24323306864053 1.14336570233016 1.12907495714169 1.10605579004806 1.07958864363967 1.03726492021922 1.13336730929046 1.09238999041363 1.07376113532023 1.04366746638692 1.02154696551152 1.00353740236176 0.966181812242096 0.93660839697027 0.924104587344765 0.919094261460392 0.930558979086593 0.936278566444398 0.952115202180396 0.955561914219969 0.959543806265455 0.954346801489095 0.96960346885219 0.977301672164637 0.985615203332942 1.01126720287506 1.02240426157721 1.02721557003599 1.04065914187621 1.05228028468578
1.66294103570956 1.61760073444371 1.61788547416884 1.60207727492635 1.60224522269279 1.5928928638309 1.57594601252921 1.58034180495636 1.57364659482931 1.56303493702584 1.5476799553651 1.54107952331723 1.53242177811514 1.53029284546692 1.50717048418193 1.48377825537148 1.4705108085354 1.45148046793938 1.43290811411497 1.4220946114057 1.35197706522262 1.38990705289948 1.35434302437372 1.26061860546051 1.2418866859773 1.29950215339957 1.26268468155082 1.1529040856388 1.16025812352646 1.13698876813732 1.12160137896239 1.08959820259482 1.17572389561458 1.14801138501798 1.12468801347316 1.09219548964382 1.07314848997826 1.04253267078575 1.025770340726 1.00617377142949 0.983321437975438 0.969994197339431 0.975718469085636 0.986430071554935 0.997315778838593 1.00090042605715 1.00530845760916 0.998044652564605 0.996205803733435 1.01464062642111 1.03269408139985 1.03954336711774 1.07944978152079 1.08878501584975 1.08624405358764 1.10494992432972
1.64032731147916 1.59541629865932 1.58819920742806 1.5891095201088 1.586430791065 1.58881426959066 1.57897674357156 1.58291962540154 1.57233536284281 1.57610992968016 1.56796928816628 1.55991018876874 1.55502609450171 1.54809958483453 1.52353458650736 1.51080040361074 1.49205161100575 1.47540562831693 1.46210277624544 1.39550412897384 1.36390874411736 1.34091390290623 1.3117565631907 1.29461754202186 1.26811965266167 1.24437459541109 1.20161700964122 1.19117714340755 1.19645753336424 1.18038583488583 1.1552142872409 1.12958703572049 1.21308610886925 1.18396898365749 1.16028366393798 1.13376911277529 1.11265028667394 1.10522188848523 1.08753272884173 1.06628643606721 1.0530584065235 1.0375498017968 1.02808329753663 1.0356742703792 1.05496564799084 1.04693943146381 1.04386160350559 1.04502235140974 1.04006770624668 1.0522767668397 1.0681668129849 1.08270337949755 1.09703537486226 1.11497628436358 1.11806850373355 1.14454791302386
1.6082445095369 1.59542817911501 1.58812025369724 1.58262291007686 1.58277806660741 1.58849409277587 1.59732841805151 1.58308358664681 1.59284750043884 1.58581871763687 1.58792517092499 1.58147610488265 1.58029846580714 1.56046550913645 1.54128684648473 1.52842729967475 1.50042136247967 1.48666770073451 1.4814443978205 1.41670092193775 1.38011916113854 1.36797230251611 1.34686068649458 1.31611784053172 1.30198090503687 1.28667356753554 1.25896018971097 1.24375742207629 1.23571421666724 1.23057842464809 1.20003037728683 1.15986646195356 1.27206094732454 1.24504306807834 1.21263214039782 1.19559724620967 1.18920202536783 1.18647004319209 1.16485214281203 1.13956181079389 1.11997788764656 1.11394201589359 1.08572928748375 1.08729695728429 1.08392231055889 1.08631667251269 1.07485174305307 1.07919598605656 1.08152968212582 1.08678378867591 1.10177041270012 1.11413167566314 1.10785479215796 1.12631837255233 1.13665048256167 1.20515646838025
1.56676631281027 1.56846780268755 1.5788384551578 1.57993230707807 1.57672001705188 1.58893192712799 1.5799839514421 1.59352980075417 1.59471373142894 1.60465979005572 1.60215290841951 1.59707740169932 1.58941633203873 1.57652293898941 1.56398763524948 1.55209261739325 1.52607723227334 1.51095976317514 1.44218142889479 1.432352830649 1.41002234450691 1.38635921343352 1.37071350779755 1.35719677599366 1.32745604012077 1.31683901762911 1.31600770421549 1.2919809557252 1.28416183537796 1.28843342536072 1.25967101110988 1.3470179259739 1.339006582736 1.30352580568511 1.2815279644977 1.2787857765562 1.25852687509851 1.24682954757557 1.24059047770282 1.2155941216104 1.18903096383851 1.17190234563594 1.15481457806872 1.13706052680986 1.12796996757895 1.11834819264021 1.11019590580419 1.10535650484912 1.11378488023599 1.11515742444871 1.12668336511423 1.13484705251528 1.1440919518614 1.14554287634944 1.1718863433739 1.2241757108421
1.56487605632135 1.5676130737542 1.56427362989234 1.56071239631493 1.56301649489744 1.57112750544965 1.58278270911958 1.59948236426376 1.60853568873413 1.61534605522027 1.61419828377601 1.61503085538579 1.60678937828759 1.5996845642705 1.59382409652375 1.56730551192606 1.53881856869282 1.47146102080627 1.45206190289498 1.43801671718286 1.41183290743641 1.40213163075689 1.38455644933147 1.37767651609667 1.36675533212099 1.35878982932294 1.34313416853368 1.34089269923876 1.33724798678187 1.32887392670656 1.30554326450636 1.40829840311566 1.38524990162679 1.35885650582025 1.35235357041168 1.50336826426906 1.50608695181567 1.32154485990577 1.30788627147715 1.28233042852592 1.25182010235501 1.22283547471739 1.20127018326784 1.18130697148442 1.16925711313673 1.1570285343539 1.15272198510331 1.14642348930078 1.15095910637981 1.15632588472881 1.15651284287805 1.15597386318362 1.16442800892346 1.18313249644618 1.2495872113638 1.19392695053703
1.56208393306247 1.55196864840618 1.54099619856462 1.53497011389145 1.53559677019163 1.56051647600444 1.59287578906961 1.60455597526104 1.62055995071736 1.62472115978472 1.63292618516947 1.64561329976451 1.6300430576955 1.61979655683819 1.60005759183275 1.58065251289316 1.50203651255731 1.48273412734644 1.47038486604649 1.45499685088716 1.4258963660294 1.4132530197662 1.39792983474771 1.40190536653762 1.39836710825702 1.38681584752296 1.38675460483251 1.40046282835994 1.40601182698991 1.37911584120054 1.35330847432896 1.456467103207 1.42962012132593 1.42420630966847 1.42643135773876 1.56344991084449 1.56838369480661 1.57325665664905 1.55519938986389 1.52536485132202 1.31027315797048 1.27857655133324 1.24810416673174 1.21655169764984 1.19517291982043 1.19449440673095 1.18682197263775 1.18030026882992 1.17845512904104 1.18732977775209 1.19314321987463 1.19506022047183 1.19709911674396 1.27527584320543 1.2284325630856 1.16520016421838
1.55700940879664 1.54003852037644 1.52230607387139 1.52452454799907 1.53510352781163 1.54625559779147 1.58315052347206 1.61537987448524 1.64158377695649 1.6405102423712 1.66401979249797 1.65573907235318 1.63199747054061 1.62402882797454 1.61282565186354 1.54127304928514 1.51978441237707 1.50047736158517 1.48324077176991 1.4701117528683 1.44462995342884 1.43086800267898 1.42690960073826 1.42970404698553 1.41359975163424 1.41585077375665 1.4302965218168 1.44613505119857 1.44446226200614 1.42945444539899 1.40188673510645 1.48962066174447 1.46501944171479 1.47920942852204 1.4887639242293 1.38376983291937 1.54742566858854 1.63509974769579 1.53193666084092 1.52300496695724 1.37543929861822 1.33338176057603 1.29287002197922 1.27179592145583 1.25348518118402 1.22790417660558 1.21393788052681 1.2096417531726 1.20663645244823 1.21626367247071 1.21641163801831 1.22284065656116 1.26717763461222 1.27971163898904 1.19519548964178 1.17409008697057
1.54986184919144 1.54155973056876 1.51990209647721 1.50361480720341 1.52079025756492 1.55391105965916 1.5933442658364 1.62188805838506 1.65599751896735 1.6506591310354 1.6578387937909 1.65488092904403 1.64837887087834 1.63687213717951 1.62334733224641 1.56220313657954 1.54087273798919 1.51497849875638 1.49283950667151 1.47839816725117 1.4487407897122 1.44448981667203 1.45453405956594 1.43164703615884 1.43365747311535 1.45027798241424 1.46853096917244 1.4796650746164 1.49312940888441 1.46005361378369 1.43303613473938 1.51270547794698 1.50717668491934 1.523665584943 1.53295320126366 1.54359576142591 1.69370309641053 1.60294398569769 1.66657044699193 1.55535233096988 1.33983443671333 1.32878466549234 1.28977836830974 1.2664578460409 1.2958894858818 1.28784677351716 1.26199636941831 1.25119163656765 1.24078887821179 1.25323008565182 1.25887263486033 1.27471133214431 1.33553280911238 1.24849123878405 1.22064292046103 1.20754918825309
1.56255155141419 1.5501767606768 1.53151741974384 1.5274814694683 1.55159953417337 1.56686138008167 1.59476510435386 1.64664223034247 1.66467384727329 1.65927273781483 1.66844451071828 1.6850737617423 1.66400175650843 1.6584947166045 1.60004901303048 1.57839428212509 1.55880670575107 1.53349447952897 1.50256151519772 1.48234580130238 1.46224892963304 1.4654703364537 1.45812426861629 1.45346271791858 1.46026668039366 1.47307740471048 1.49061378883742 1.49908096876301 1.50766063371671 1.48270873927988 1.45680367733293 1.54581356533963 1.53575799208199 1.54398717577475 1.56672005804009 1.59911073732999 1.63988311699648 1.63689857941306 1.60413708076349 1.66274070573045 1.40058526032746 1.37490819574511 1.33946083766889 1.31968574503575 1.33902546813832 1.33812920660438 1.30851946947162 1.29874274781515 1.29669781332398 1.30512910489647 1.35257006373628 1.35033770730602 1.29532143909651 1.27369327212863 1.25822207031863 1.24273080472526
1.56999816455902 1.564158419076 1.5572209585747 1.56521458549709 1.57832675097274 1.59821233208769 1.61918738210289 1.66818664815601 1.67239546155475 1.67327375701492 1.6750766491903 1.67962333795414 1.67445327998012 1.62547700912312 1.60577166470571 1.58918219230928 1.56733389893411 1.54167127724149 1.51287812844704 1.49793465003892 1.4752482785867 1.47137421532982 1.47032271010055 1.47023011249187 1.4723561941987 1.47809526603297 1.48908306954959 1.49716164763622 1.49810520216574 1.48010159170398 1.58202663425794 1.57110706384656 1.55279858527938 1.55659188804381 1.56907659953189 1.69468864318502 1.63785515360733 1.65528914793229 1.63405398508175 1.62420311625849 1.42571903097377 1.40094854145659 1.38487835426604 1.36739883102129 1.38679017658345 1.37996344722875 1.37395756453947 1.36428148254702 1.36400939345426 1.41213940917689 1.36051159231791 1.32392031570388 1.33283744880986 1.33558488145677 1.30794900098871 1.28080860524841
1.5865038271311 1.58799446389089 1.58664547942566 1.60365997261645 1.61125911647126 1.62249692497964 1.64547987384681 1.67739718816091 1.68199132634677 1.68108339962798 1.67337812321384 1.68129618981351 1.67578042398595 1.6307897638461 1.61818058260215 1.59932852776541 1.57769619081754 1.54617756975825 1.51823852719333 1.50601328981274 1.48810900100415 1.4740162117268 1.47025494801236 1.47525572338746 1.47977340380825 1.48138962420021 1.48164443475233 1.49528916312576 1.48813576671402 1.47750014935784 1.47500545697821 1.58966885719547 1.56966055447822 1.56485980140632 1.57443158745064 1.58577527741771 1.72127740962793 1.74212547729536 1.64735283808203 1.45728224145974 1.44069209228632 1.43298414437513 1.41953895288482 1.45190496625594 1.43253197856441 1.43422395654392 1.43667881317043 1.43312786203695 1.43893890930519 1.40291339124204 1.39019155717962 1.38214477182485 1.39186301533166 1.40562705891987 1.34980049836335 1.33795827012395
1.61758769202959 1.62065805590201 1.62048391680421 1.63364233063242 1.6329904929888 1.65468097509882 1.6723702302247 1.67789140879407 1.68577218744497 1.68961356821668 1.6827150292197 1.68871767193163 1.64155418010808 1.64564236034948 1.63649144795841 1.613243525413 1.59052758084033 1.56563116505313 1.53778967937096 1.52753955970682 1.49779419126403 1.48291737083387 1.47151841463178 1.47175430880878 1.47966967206491 1.47799082049402 1.47865379421972 1.48137461119322 1.48245008510715 1.47244195539118 1.47600526290386 1.59410337320189 1.58382259492571 1.5775626191067 1.57868151325458 1.58783650711406 1.59727969379168 1.7295865606362 1.575453484057 1.55417003613999 1.45399988463973 1.44849480523348 1.50253838644998 1.48078176577982 1.48148414732664 1.49333778272624 1.49090639558223 1.47546827137746 1.44465084290237 1.41847141274215 1.40276644116216 1.3951921719105 1.40827108742058 1.40196796358723 1.38195857618041 1.36425137617887
1.63907061903936 1.63512430186078 1.6519135170128 1.66693482182013 1.68376315644481 1.68984458594176 1.699382139951 1.70338366483635 1.69122729616423 1.6855238155441 1.68729543602915 1.68509978291517 1.65139186897031 1.66147545674538 1.6446160487245 1.62245135479014 1.59154177770287 1.56950026763925 1.54852387876464 1.53087567187373 1.51843362495738 1.49548178684886 1.48069049465668 1.4795965097034 1.469604473618 1.46932809871393 1.48064929891063 1.47550898178137 1.47105088260616 1.47268137171293 1.47487517298216 1.48016531489278 1.58798234888681 1.57286654932673 1.56948059989573 1.4802162085619 1.48878986204998 1.58945907254801 1.57650177005639 1.56190446508848 1.53681060577666 1.53209736952824 1.51567540531849 1.50526636626288 1.52133549815368 1.54990595466734 1.49796750038158 1.47469441770977 1.46627342181488 1.45773486136324 1.44232268358589 1.43787141228489 1.44476097390507 1.45027001522675 1.44019299999936 1.40322281968473
1.65584580253142 1.67019692193321 1.68462646659433 1.69305023018004 1.70125993850695 1.71015502821966 1.70787615588111 1.70440113687544 1.68680502647909 1.67814176287421 1.69560316024768 1.66408149881021 1.67403556813801 1.68837803234366 1.66738228834815 1.63412902259668 1.58206541003248 1.56614809044622 1.55211505493592 1.53527369789565 1.52732819458274 1.50705910356583 1.50144594297672 1.49754835631241 1.48199127411051 1.478739551699 1.48262465074365 1.47106002219676 1.45500286605349 1.47235734222619 1.48978960211798 1.47400166008349 1.47913463003264 1.57476359754485 1.57688798562246 1.5843226105679 1.58526270122545 1.58716674820101 1.48510860600457 1.47426939124743 1.56620316614339 1.55490406250183 1.54083794763135 1.52894482725746 1.56253506023748 1.55066678751395 1.50706458920286 1.50368297559957 1.50092710277344 1.49719431407221 1.49007303928938 1.49477239107647 1.48233118671675 1.48458188562364 1.46288293083719 1.43795936435742
1.67008635345134 1.69289328935538 1.70474098901086 1.72043892122427 1.73019946434177 1.7331402101094 1.71943783403886 1.69749322868928 1.68450767516186 1.66596664699776 1.69226157780473 1.65876926934594 1.71547418168967 1.74625003670056 1.71165848612886 1.64270044518041 1.60994668952269 1.59430227052011 1.571676599273 1.55155848574883 1.52553942993349 1.52053353437161 1.50001976128389 1.49573228977828 1.50132907418975 1.49727216470233 1.4758273840707 1.46672933105078 1.46701587603931 1.49669649504473 1.46842244222647 1.47113263542256 1.46674895652586 1.56258793996262 1.56389504037489 1.57391116136239 1.56867264660383 1.57216290534416 1.58071037947731 1.59736478855625 1.5888348659362 1.57302974353564 1.55676693464303 1.56464650830047 1.58901517607794 1.56924064809594 1.56109626581612 1.54686616733089 1.5451561538763 1.55060187532722 1.54790302342888 1.54122430050301 1.52247984711669 1.5096338284858 1.50548563041266 1.45239047062669
