data/pcas/pca_proj_current/PC06.asc
NCOLS 494 
NROWS 529 
XLLCORNER -117.166666666667 
YLLCORNER -55.5 
CELLSIZE 0.166666666666667 
NODATA_value -9999 
[rows 168 to 191 of 529, columns 220 to 274 of 494]
-9999 -9999 -9999 -9999 -9999 -9999 -9999 -9999 -9999 -9999 -9999 -9999 -9999 -9999 -9999 -9999 -9999 -9999 -5.08558121056496 -4.36497458559995 -4.24881089674974 -4.17750569889091 -3.9656803002973 -4.15787777082788 -4.95769394011515 -4.86052343473971 -4.86046482368583 -4.98207373493209 -4.97602109753027 -5.1971501029488 -5.30953540021408 -5.38684537413988 -5.02196648500793 -5.02307964509766 -5.05119897468844 -4.98818200336137 -5.04381272627412 -5.4946645524848 -5.51749938189139 -5.73726755031399 -6.09128503670065 -6.12866884340463 -5.70116394395012 -5.74591371611262 -5.82677018187266 -5.87914975397764 -5.84850702943784 -5.90349646339915 -5.89888437729492 -5.93059618128002 -5.90857985836473 -5.89866969883907 -5.92562280407881 -5.91523616494235 -5.95719205314586
-9999 -9999 -9999 -9999 -9999 -9999 -9999 -9999 -9999 -9999 -9999 -9999 -9999 -9999 -9999 -9999 -9999 -9999 -4.7148691939887 -4.48353657478884 -4.53019116781439 -4.30570152485023 -4.13440328305144 -4.29744261753582 -5.03009205959043 -4.8865800274667 -4.85678933233051 -4.83950240821125 -5.02459592958824 -5.22804255636376 -5.10339970151713 -4.9671750214878 -5.17747881048544 -5.17113487064603 -4.93486585314905 -4.93648426013936 -5.07805546976719 -5.45338499632083 -5.63105310370575 -5.46172881471188 -5.82493544701978 -5.70691958676848 -5.65586321679178 -5.81080395629047 -5.86787828741416 -5.87841959707178 -5.88655146865148 -5.91533463399561 -5.92790371630613 -5.94385325700594 -5.93406730602189 -5.94545837215492 -5.99945044676473 -6.00713680802265 -5.98368755943926
-9999 -9999 -9999 -9999 -9999 -9999 -9999 -9999 -9999 -9999 -9999 -9999 -9999 -9999 -9999 -9999 -9999 -4.82453749069307 -4.605179463611 -4.59926278919831 -4.56994299058843 -4.55907392754403 -4.34119011568355 -4.50875242599572 -5.15239577921724 -4.84033993465746 -4.84536349798203 -4.91534626411705 -5.1688570030293 -5.31230578896649 -5.22517797133025 -5.12038732486845 -5.25193504752683 -5.07433391142887 -4.97537766731355 -4.99064241027504 -5.11490561807563 -5.57486277415136 -5.59879866806149 -5.44367926203718 -5.51792352610236 -5.54271153599986 -5.8014788824328 -5.83842651236289 -5.90895458313415 -5.92953220972809 -5.95097993913438 -5.96345511349874 -5.95289875228472 -5.95718539528105 -6.00233560998707 -5.98139574825471 -5.98612775040452 -5.98029804428265 -5.99463200959301
-9999 -9999 -9999 -9999 -9999 -9999 -9999 -9999 -9999 -9999 -9999 -9999 -9999 -9999 -9999 -9999 -9999 -4.87038272785155 -4.63599894807071 -4.64114897142416 -4.72290161148844 -4.650737503115 -4.39167359907354 -5.00395346289126 -4.99943280370832 -4.85807642601626 -4.82955127347085 -4.92765378265277 -5.05668736125665 -5.1219323964908 -5.12260641077657 -5.23528899477039 -5.12786732120719 -5.06883022277436 -5.16544474152175 -5.05942606593038 -5.26908858033897 -5.6730887320086 -5.81960783976213 -5.64088055648282 -5.34883959064705 -5.69033502998543 -5.7794061311215 -5.85666790640037 -5.86741331351522 -5.92977826953692 -6.02328788167193 -6.03129934874534 -6.02085329998331 -6.00803454809711 -6.00655540139692 -6.00244022295571 -5.99332023099709 -5.99925061388946 -6.00710019694379
-9999 -9999 -9999 -9999 -9999 -9999 -9999 -9999 -9999 -9999 -9999 -9999 -9999 -9999 -9999 -9999 -9999 -9999 -4.76142516670354 -4.78003601038723 -4.77310127935535 -4.77165026278942 -4.43639661628785 -5.01236390410623 -4.9690707954634 -4.89810776859245 -4.91861204531869 -5.08626485743908 -5.09168172693246 -5.14030326412954 -5.0473784725005 -5.27808262848631 -5.03424378953643 -5.17436723527827 -5.25327707854385 -5.09898360625979 -5.45642275200244 -5.63934134964421 -5.72027996929764 -5.39918311226605 -5.58990536152449 -5.72201839345081 -5.7364635646935 -5.8229224661698 -5.89831973843838 -5.98891339255832 -6.00914734027447 -6.03951946488214 -6.00197480178284 -6.02282798185227 -5.98125424761193 -5.99889454276753 -5.98728126580836 -5.98636724345103 -5.97758184817023
-9999 -9999 -9999 -9999 -9999 -9999 -9999 -9999 -9999 -9999 -9999 -9999 -9999 -9999 -9999 -9999 -9999 -9999 -9999 -4.75729472585071 -4.67346882757367 -4.64857689329662 -4.81406108128235 -4.89996586852114 -4.89577398289122 -4.98172543819793 -5.0415159036827 -5.25031205906894 -5.14931543166087 -5.06457082270849 -5.21301862868928 -5.279309554782 -5.10934423955192 -5.18860330591077 -5.13327552700518 -5.34320198944305 -5.53283134771336 -5.61817894868906 -5.51410962647336 -5.21991513351169 -5.59451530979057 -5.67402582565965 -5.74256785711436 -5.83795612313679 -5.88118660959918 -5.96170139524 -5.95471636567986 -5.92195889298136 -5.94989466569373 -5.94584060883979 -5.97261621500156 -5.96411455217438 -5.96550417904399 -5.97684344913628 -5.92982415565126
-9999 -9999 -9999 -9999 -9999 -9999 -9999 -9999 -9999 -9999 -9999 -9999 -9999 -9999 -9999 -9999 -9999 -9999 -4.89069099215975 -4.57385750175027 -4.67144462756597 -4.45547402636706 -4.9964999009715 -5.09593087539876 -4.92811826041263 -4.80881490288593 -5.02881882324924 -5.1830732734254 -5.02634523364914 -5.13121901889203 -5.19691387293636 -5.23020424070044 -5.23606853754516 -5.16321625025061 -5.32693270349681 -5.30533511176419 -5.35752825088009 -5.51191852491415 -5.44876031529265 -5.42647308944682 -5.57069531675327 -5.61030598707985 -5.68041018938325 -5.77923165534633 -5.8489234156615 -5.89311954584688 -5.89520611389561 -5.8533750473602 -5.90971211919719 -5.89345348541692 -5.88353697120816 -5.90148432906776 -5.93605902544304 -5.91376787081708 -5.91961913321561
-9999 -9999 -9999 -9999 -9999 -9999 -9999 -9999 -9999 -9999 -9999 -9999 -9999 -9999 -9999 -9999 -9999 -9999 -4.58235403622097 -4.64307405711253 -4.46958111353545 -4.71092647960768 -4.98532072427758 -5.10644895959063 -4.85186104313134 -4.88087449661137 -5.09684518848113 -5.09273996991422 -4.96106431080915 -5.11481263646041 -5.19382316558888 -5.19543512007942 -5.15893490524261 -5.24074735870227 -5.32068911263136 -5.28233231225337 -5.42327080716793 -5.46333690601356 -5.31995430843568 -5.49549132851034 -5.53431999246747 -5.54975066556645 -5.61508775444934 -5.72124940373406 -5.81643815679888 -5.80520268899983 -5.83461172971892 -5.87996872207306 -5.90747952888732 -5.85475184440301 -5.84174263143731 -5.8323417430832 -5.87813961362138 -5.86121594311436 -5.85094713093108
-9999 -9999 -9999 -9999 -9999 -9999 -9999 -9999 -9999 -9999 -9999 -9999 -9999 -9999 -9999 -9999 -9999 -4.72082993205669 -4.64486953854029 -4.512724153399 -4.4826985468371 -5.23217214700187 -5.01359461825539 -4.92395926872335 -4.93089889526428 -4.92078316353736 -5.08643476626315 -5.00000979547347 -5.03485907663691 -5.09503500299986 -5.12187645399216 -5.07320311919289 -5.0401886789419 -5.12811536025674 -5.20618316541597 -5.24723684301297 -5.23994091738946 -5.32446991947605 -5.39480372226925 -5.40755718138703 -5.59798075612816 -5.57035808336186 -5.59643059925536 -5.70484295080972 -5.76268067971557 -5.80365332900812 -5.86677718786961 -5.89211001901419 -5.85162457664153 -5.87298789528217 -5.84455034523595 -5.88568884677738 -5.88269513024495 -5.83234397783082 -5.81094030477777
-9999 -9999 -9999 -9999 -9999 -9999 -9999 -9999 -9999 -9999 -9999 -9999 -9999 -9999 -9999 -9999 -4.92788641022008 -4.57691136125669 -4.45578175573597 -4.1987948717863 -4.49566039740548 -5.22065508519909 -5.19838639919391 -4.96623379361697 -4.98354858479054 -5.25945146141789 -5.18175720899193 -5.09538174317402 -5.05398814206006 -5.15480314151523 -5.06837171979919 -5.02455627178062 -5.0002162324612 -5.17834237919735 -5.30530682921624 -5.15714595610061 -5.20281115392756 -5.37480302871795 -5.45079500463235 -5.39299824149314 -5.60778505106538 -5.63725841981608 -5.63333870194286 -5.67916627215026 -5.67545700547717 -5.69975073955257 -5.7352597431403 -5.87560116736547 -5.8572384366606 -5.8109239606962 -5.8494738800912 -5.88363656430889 -5.87857382994051 -5.8428636956599 -5.84164055095462
-9999 -9999 -9999 -9999 -9999 -9999 -9999 -9999 -9999 -9999 -9999 -9999 -9999 -5.02721593956914 -9999 -9999 -4.8433270387574 -4.62331079214076 -4.30118035053115 -4.21613816789262 -4.35189234414398 -5.1593406176486 -5.23552794172654 -5.05781707731768 -5.35186898063749 -4.94238367485402 -5.11407053184598 -5.20629315470579 -4.99878997549476 -4.88170519663987 -5.06872444892672 -4.96396742252998 -4.94300086241417 -5.18199715391932 -5.34002299643528 -5.19149358797527 -5.2260393948021 -5.34257918470807 -5.45538208374183 -5.42625998321201 -5.57914814060659 -5.61888811249509 -5.64892941805181 -5.68411188211031 -5.71508099018312 -5.7601633147319 -5.83649912974307 -5.9128519708022 -5.86752975814195 -5.78519064427325 -5.81433675875488 -5.88579219158124 -5.87628812120372 -5.84748220089129 -5.84612562029868
-9999 -9999 -9999 -9999 -9999 -9999 -9999 -9999 -9999 -9999 -9999 -9999 -9999 -4.81970822522492 -5.06796371786568 -4.8844482546228 -4.78329781715572 -4.51457416540597 -4.42286473772772 -4.20991140452807 -4.48379385591685 -5.2935382702156 -5.29282933766231 -5.41722729104757 -5.18436667996448 -5.01670012165622 -4.97014567044382 -4.89608601887354 -5.01819958175555 -5.10354917073219 -4.98490030728994 -4.94719947723603 -5.0685386634354 -5.11345346794888 -5.09647905240998 -5.17302457919935 -5.19246830438118 -5.32168731349774 -5.42488848978998 -5.49863926094798 -5.5614223859883 -5.60273413356891 -5.65074096934146 -5.68947600634622 -5.74194824958349 -5.81601786555477 -5.93860412205581 -5.91736086007486 -5.92764136228661 -5.88101156228303 -5.81734528474367 -5.87555714030581 -5.86165786168979 -5.82786887509777 -5.8085295700437
-9999 -9999 -9999 -9999 -9999 -9999 -9999 -9999 -9999 -9999 -9999 -4.79916723636025 -4.90443549541687 -4.71118257923156 -4.83249177806135 -4.75451983544983 -4.74581544007789 -4.53828905118993 -4.36802825262181 -4.72288047877161 -4.89765358047434 -5.37957555741096 -5.45056761061646 -5.4697049066264 -5.08068614495623 -5.09604659994262 -4.89519135982 -5.18699205746246 -5.40487048007369 -5.41267434484574 -5.13758296133962 -4.90773842048634 -5.11809216162896 -4.97161660413118 -5.02586707648633 -5.14248589737822 -5.23003592004768 -5.3044093875504 -5.36531432869689 -5.46466107494518 -5.53269901425497 -5.5984646821337 -5.63929899990555 -5.69343105718022 -5.77946473279155 -5.8224635324784 -5.8981022478348 -5.91123979035238 -5.93148421656883 -5.89290952736759 -5.82653316682493 -5.8399906741821 -5.83245037168246 -5.80003860039443 -5.77826517030168
-9999 -9999 -9999 -9999 -9999 -9999 -9999 -9999 -9999 -9999 -9999 -5.02458733025207 -5.24073997410003 -4.7140107591582 -4.7094817146193 -4.66950217226917 -4.58409811431229 -4.45462861309982 -5.15155453887831 -5.45833997762343 -5.45288253332521 -5.10080735490738 -5.53880373984552 -5.30855320835573 -4.81426416374247 -5.20894618107158 -4.89291664817234 -5.0883651060838 -5.31643716933607 -5.3225278114281 -4.91725436740193 -5.05904411467796 -5.00349344044045 -4.9540332453553 -5.08535175393628 -5.1744240546455 -5.24387278114063 -5.28722438154352 -5.29222821960947 -5.45193701713945 -5.52766330931693 -5.58956632889588 -5.61698839644394 -5.68667608752465 -5.76430889917733 -5.84235483742072 -5.90039944023202 -5.92380240471166 -5.92454261193947 -5.90024704534157 -5.81660600973526 -5.81012657652405 -5.80153969448865 -5.78460577916139 -5.75716656473593
-9999 -9999 -9999 -9999 -9999 -9999 -9999 -9999 -9999 -9999 -5.31514568345476 -5.56459476607284 -5.34630358407211 -5.02031665782877 -4.62615242290657 -4.59363811421894 -4.40102926876387 -4.72199082856072 -5.42320329104511 -5.42025961718319 -5.11898333670469 -5.24467501905222 -5.14694551093646 -4.94865389573657 -5.06784309530743 -5.07273058794194 -4.81839795131906 -4.86471189564285 -5.09426500233898 -4.99215592474484 -5.24997407656214 -5.0573743652394 -4.86863184032947 -5.00542529626473 -5.13171903416017 -5.21553100909671 -5.276405857282 -5.33653036557314 -5.37333530518455 -5.47927387530728 -5.50853817735559 -5.57076186921154 -5.60922322241723 -5.69133871627789 -5.729504540369 -5.78698245755018 -5.85663155387171 -5.86899572575553 -5.8932192189634 -5.86747054229583 -5.79552639055881 -5.78488367688136 -5.77883654144311 -5.7567020795746 -5.70775292071936
-9999 -9999 -9999 -9999 -9999 -9999 -9999 -9999 -9999 -9999 -5.280534248402 -5.6083710621163 -5.44961889759257 -4.79026363427268 -4.50632300824077 -4.55674505146372 -4.38855499702295 -5.00528323770052 -5.52710889332346 -5.47710765203317 -5.26090607095212 -5.24757253064672 -5.15369822727549 -5.01870084917127 -5.12487569847344 -4.87150823847832 -4.88437449265138 -4.80372674233679 -4.83736438804195 -4.9703179776821 -5.11431226861412 -4.88178209717956 -4.99547733927533 -5.13854024057745 -5.22432452114777 -5.27294124573847 -5.33658932126778 -5.39891175099408 -5.38625095524962 -5.45685813107688 -5.50971027906425 -5.5967212855756 -5.65262460135634 -5.68571550734494 -5.71112023372529 -5.75566425629661 -5.7675212622729 -5.80757157120843 -5.8581847332226 -5.84501391549994 -5.77613196835039 -5.74723361804141 -5.74978830219905 -5.7050383850833 -5.66473196673984
-9999 -9999 -9999 -9999 -9999 -9999 -9999 -9999 -9999 -9999 -5.4475880632617 -5.36702797829929 -5.53171767577124 -4.8913294209804 -4.52985084085251 -4.62818144621639 -4.74896172466353 -4.74088582815198 -5.549651220158 -5.30377309277311 -5.30694650168728 -5.17850471393424 -5.15494579142946 -5.08280115440579 -4.79405520740509 -4.72565921851753 -4.70268605454252 -4.83846958591027 -4.79587801488724 -5.00533548618407 -4.90373049553976 -5.05503705236747 -5.31345029291169 -5.32028498646683 -5.30747362428175 -5.31649867003592 -5.3663660839126 -5.40643417474979 -5.41833052890936 -5.46967917397655 -5.52345878236081 -5.58206888405421 -5.63863152756891 -5.64905147660971 -5.67612546445537 -5.70243380763165 -5.73028892329229 -5.71476635471096 -5.80193562789226 -5.75268732313923 -5.73434361275808 -5.71735839178974 -5.69350517280468 -5.65682093986914 -5.62950776759701
-9999 -9999 -9999 -9999 -9999 -9999 -9999 -9999 -9999 -5.80101888515416 -5.84910758107535 -5.77949134669646 -5.64755033537113 -4.95780866632936 -4.64865210691188 -4.78142450623332 -4.69558647171722 -5.25353873565817 -5.5421045211681 -5.22849360423022 -5.23599869587699 -5.21223147247227 -4.89106899731154 -4.83537716159564 -5.06514225913696 -5.02901714246587 -4.83758544878603 -4.93534182880246 -5.02247861669285 -4.88224720947424 -4.93416807720808 -5.2555708229043 -5.237346771108 -5.40461332717402 -5.38145127418503 -5.365353417765 -5.40589350549678 -5.44239106418119 -5.43332613528929 -5.50487991292861 -5.53588233941597 -5.56360398660815 -5.61484480638135 -5.63584636329391 -5.66861486818206 -5.66499753784793 -5.66506274270358 -5.67302065498934 -5.70840082585503 -5.70265197845505 -5.69287319759415 -5.67791820456707 -5.64088562887906 -5.58888826629344 -5.54774053905764
-9999 -9999 -9999 -9999 -9999 -9999 -9999 -9999 -5.73936863383964 -5.82336645549131 -5.91709133349175 -5.87118969650263 -5.59638300106383 -4.99156561868667 -4.58771627471725 -4.68658516235782 -4.84383079799777 -5.49505368646193 -5.11361311996125 -5.19927808372542 -5.45674148038456 -4.86442222323221 -5.0021334375235 -4.81830518634365 -4.98386440203521 -5.20934403932589 -5.21055572868808 -4.83156474113931 -4.8474436699858 -5.09908429255354 -5.04480806203018 -5.20305373177733 -5.30044631434129 -5.28799900244388 -5.43564986087086 -5.44223271068382 -5.46074155549876 -5.46880587666837 -5.49067937916578 -5.50708023818182 -5.56879339052568 -5.59715472572763 -5.62433464722979 -5.64374774606638 -5.662486429963 -5.62060006229368 -5.61129849146478 -5.62136269495228 -5.63338680743811 -5.62487388174191 -5.63444641581225 -5.6118866699357 -5.58649915818621 -5.52242702836542 -5.45497221558247
-9999 -9999 -9999 -9999 -9999 -9999 -9999 -9999 -9999 -5.91243495044761 -5.91546704718481 -5.76358893512317 -5.40245900941738 -5.13239718949516 -4.87682395127021 -4.85193545301093 -5.07743959646975 -5.46741564294642 -5.4325891035242 -5.14365513816432 -5.29849825207434 -4.95445279008585 -4.8963965636889 -4.59250598206685 -4.8016763540904 -5.1656445978328 -4.97104884408068 -4.88790278456623 -5.07286537189743 -5.14142084768958 -5.18841106672555 -5.2411624348271 -5.28182618238489 -5.30701970054914 -5.44201915191987 -5.48304489780736 -5.4810700079286 -5.45559265231773 -5.50936843141932 -5.54648164972446 -5.5524558234413 -5.57139661584533 -5.59901977900451 -5.61468219307905 -5.59651071697135 -5.51554297622971 -5.5526021545559 -5.57940092109013 -5.56093456777768 -5.55421541671145 -5.55291398334456 -5.48924347941576 -5.49012264482753 -5.43616302897217 -5.40221149192377
-9999 -9999 -9999 -9999 -9999 -9999 -9999 -9999 -5.91402409335703 -5.86732876302934 -5.75410389884506 -5.56354286568907 -5.21249382507292 -5.01093362793886 -5.15210896050143 -5.362554768189 -5.42652893982556 -5.39529209839704 -5.183770322627 -5.23625585601438 -4.93204360846583 -5.15765573656657 -4.97552848357525 -4.48185572556412 -4.7857046362767 -4.55932285243377 -4.74008005308157 -4.97399279670163 -5.06325772248313 -5.11269203166164 -5.15587157156206 -5.21868644129683 -5.27172810675267 -5.28937947057959 -5.3264322125213 -5.47366195576528 -5.46836245114113 -5.46806453986485 -5.49837913971921 -5.54436980768369 -5.5390782027011 -5.55674254503373 -5.59624009067984 -5.58043420034644 -5.56442214518344 -5.4944996462407 -5.50780512621241 -5.52429999005946 -5.53095732949581 -5.51033190893227 -5.4666919016479 -5.47226735662705 -5.44706136438772 -5.35209421759838 -5.27688863028433
-9999 -9999 -9999 -9999 -9999 -5.83035526641634 -5.89035150043516 -5.90256087782609 -5.93527477168251 -5.7807770505994 -5.54081751980056 -5.35422775906746 -5.18715478194192 -5.11114180209572 -5.38795729191055 -5.40138697773581 -5.35707041630182 -5.39149124750304 -5.20263519848231 -5.01002912507262 -5.14407856213329 -5.18889019939899 -4.75145118867098 -4.27097713173517 -4.57213689991702 -4.81171729456793 -4.97633753280474 -5.07376336776576 -5.01898190417558 -5.09590034475885 -5.18173191209868 -5.23709662250559 -5.2852938778426 -5.30431619108972 -5.32828083508271 -5.47199656135096 -5.49013524617757 -5.49788060092102 -5.51617065964447 -5.52344535173749 -5.51137685668092 -5.54095938155443 -5.54210204600369 -5.53494982117769 -5.49990648166007 -5.4746922684528 -5.45158666805899 -5.43170828189663 -5.46799288737961 -5.45229300945541 -5.43612578125244 -5.40402446247214 -5.3886260942012 -5.30396311368607 -5.23742631150232
-9999 -9999 -9999 -6.12147021510673 -6.10132490370521 -6.03912026342796 -6.03492734586325 -5.98437069488707 -5.83933095865366 -5.67979838092193 -5.4978594892414 -5.28500744656061 -5.36644868314184 -5.40386222065718 -5.40374816425073 -5.2544518889867 -5.31029925822425 -5.25306616264415 -5.03048655848492 -5.26700426102815 -5.26267252344 -4.79989677519422 -4.42953680870836 -4.37586530255226 -4.64836512239535 -4.80172662183821 -4.92742835742183 -5.04802971127511 -5.13193613661717 -5.08922006087132 -5.19748064514184 -5.26255077888059 -5.28716921764725 -5.30983747736049 -5.31750037840627 -5.46236063897332 -5.46829691351282 -5.50212835379075 -5.49984370851243 -5.50000695926127 -5.48208596475735 -5.47790810881328 -5.47943701803574 -5.47928648194689 -5.45775268059066 -5.48101784050684 -5.41277762345867 -5.40709203808105 -5.42342244547319 -5.3890547043738 -5.35775684475101 -5.32582954832403 -5.30265235879562 -5.24924249634904 -5.19591016415636
-9999 -9999 -6.45568676842552 -6.41869083489823 -6.32342165335696 -6.22810607991951 -6.16076977884085 -6.07231149642074 -5.89987944318516 -5.7039714005774 -5.47010185414005 -5.58544057934845 -5.48178595103362 -5.44854449749657 -5.35884400519879 -5.16566889949133 -5.25300076983592 -5.12708831751987 -5.19377477175758 -5.02856415613133 -4.6106416865733 -4.37021974846353 -4.46532669915654 -4.5868071980045 -4.69858015069933 -4.79285065112611 -4.93452292288385 -5.03836601365864 -5.10771302739634 -5.08232086902169 -5.17763977457484 -5.2509750386623 -5.2795530483621 -5.29963054772465 -5.29801323869076 -5.45727746752686 -5.46955372036487 -5.47795944614475 -5.48570761603756 -5.46421315712781 -5.45466950984596 -5.44755830314114 -5.44151950562197 -5.43691920022672 -5.4363623856673 -5.42518153440696 -5.37037622245225 -5.36051341671207 -5.38978474489054 -5.34817328805774 -5.30492930017434 -5.26245317543053 -5.22365899699302 -5.17222089516015 -5.13767801724903
