data/pcas/pca_proj_current/PC06.asc
NCOLS 494 
NROWS 529 
XLLCORNER -117.166666666667 
YLLCORNER -55.5 
CELLSIZE 0.166666666666667 
NODATA_value -9999 
[rows 0 to 23 of 529, columns 165 to 219 of 494]
-6.20304315562443 -6.20380483558844 -6.22633374261865 -6.24823228441318 -6.27134232684213 -6.28859570865641 -6.27924911870436 -6.25665440650518 -6.23098336157731 -6.22857886798186 -6.2371433219758 -6.2452470307861 -6.27142506389997 -6.30314809778211 -6.32297481882781 -6.34660545643445 -6.35222023927753 -6.35022703267684 -6.35392946896449 -6.37246502734535 -6.3778203707666 -6.36847731217616 -6.35204602775104 -6.34321855886573 -6.34995222130618 -6.34961509862348 -6.35774287835728 -6.39933591507047 -6.40696539985024 -6.36131491032677 -6.30793746356881 -6.29233396146428 -6.31020468174379 -6.33469529727005 -6.34642396374051 -6.3454518285572 -6.35636470358582 -6.34705662785841 -6.3265071471713 -6.31126083636131 -6.29920830844288 -6.33005494644784 -6.37611504686269 -6.4129188206447 -6.42323168342882 -6.41548532862563 -6.45162643194359 -6.48907296000979 -6.54992560818997 -6.60905427822412 -6.66004569818857 -6.69134112531371 -6.71308883498586 -6.76964859165046 -6.84201901125885
-6.19321060656056 -6.17899581760832 -6.19819119934321 -6.21905617631049 -6.23770854572933 -6.24349331779139 -6.24162625677878 -6.2231822308023 -6.21328093581477 -6.22098527524818 -6.23215943107401 -6.25163559163751 -6.28275780097357 -6.31263291995838 -6.32298972546283 -6.3507523423149 -6.35314444773274 -6.35774571072126 -6.36837493669266 -6.40527210995965 -6.39827393284714 -6.37477690741159 -6.35476646059237 -6.34219542113688 -6.34930442838564 -6.35758871090358 -6.37070856979824 -6.40477674917241 -6.41397097676789 -6.38586657330502 -6.34868546479561 -6.33575594515431 -6.35318933527509 -6.37547931426289 -6.38682850590193 -6.37433373355576 -6.36067271334997 -6.32902370835648 -6.31155778971679 -6.30772110415675 -6.30636530141045 -6.34003138297153 -6.38276812434033 -6.41657471916199 -6.42193903444608 -6.43162511571064 -6.48908677421502 -6.53842075205125 -6.60239267253387 -6.67052535878539 -6.72169007370239 -6.7704638557651 -6.82793548014328 -6.90470447215254 -6.95243352080221
-6.16880646615909 -6.1774340144738 -6.19842327998865 -6.20994222471048 -6.22753092381256 -6.22523622807397 -6.20954564039773 -6.19421833778132 -6.19492346897956 -6.21212602333708 -6.24397953725149 -6.26791351568082 -6.29664877526281 -6.31788674677293 -6.3227559559823 -6.34575991295678 -6.35224073408914 -6.35387898542086 -6.36298993800256 -6.3677982999279 -6.37730200107859 -6.36194656509996 -6.34472899378605 -6.33305873671186 -6.35089510496281 -6.35419547874956 -6.37047313420184 -6.38700952744831 -6.39442398771906 -6.38951189852176 -6.3801114369336 -6.38548275938 -6.40309300223464 -6.41595067300895 -6.40840215035304 -6.38640568866345 -6.35880283606156 -6.31579078271321 -6.32185015606238 -6.33029806781856 -6.33688614988798 -6.36612153403659 -6.39730689823655 -6.41661851413256 -6.42504241818561 -6.4560698111247 -6.52187248220061 -6.58225748445085 -6.66467674042494 -6.73862478953357 -6.80240447129867 -6.86395414819638 -6.91133400884808 -6.98829196984252 -7.02965096761699
-6.18509814778582 -6.19108845502558 -6.21382493438441 -6.22772173305525 -6.21889119916922 -6.21584071974285 -6.18955860644115 -6.17748738782452 -6.18815822176536 -6.21300392343977 -6.25547159465352 -6.28939046054473 -6.29810818495536 -6.30604047404329 -6.32256349489329 -6.33799583401235 -6.34312030941698 -6.36170955857143 -6.3532715131073 -6.36129993213451 -6.37479134926882 -6.37368831606559 -6.35700596306764 -6.34297137173499 -6.35684297063201 -6.36933336847206 -6.36352775346662 -6.3564978666166 -6.3739630451162 -6.38634772884354 -6.38792104142641 -6.40954277286597 -6.42483106080628 -6.42654854811245 -6.43736246427386 -6.42641054684316 -6.40716248629724 -6.38274412809843 -6.38719361486967 -6.38851351115034 -6.39067162578616 -6.39822343555314 -6.4251240485936 -6.43602561017591 -6.45064782254353 -6.47230300790215 -6.54337791802038 -6.63711301127923 -6.7217407906724 -6.80459760210441 -6.86706659506876 -6.90426947394417 -6.98930199362611 -7.02612164085159 -9999
-6.18958716755299 -6.20356367664533 -6.20582281885048 -6.21273287297397 -6.2077470429081 -6.18684760137967 -6.1577896850095 -6.16571705284878 -6.18200736588739 -6.21466208827717 -6.25184758705818 -6.30012882933976 -6.30795712519725 -6.29910595534975 -6.31870014619994 -6.33519714237719 -6.34613946937137 -6.35636810368581 -6.3613604600714 -6.34986891063644 -6.36381267831387 -6.3704623630865 -6.368779767866 -6.36023061816288 -6.37796603270651 -6.4002031929099 -6.39204236250522 -6.39549020811858 -6.37513682622004 -6.37587584698931 -6.38307746219927 -6.39865570885743 -6.41016149780875 -6.42116451126807 -6.45574620059376 -6.44854864200198 -6.44855069278255 -6.45565975102912 -6.45055297391905 -6.44212027082315 -6.43454634681031 -6.43981240907754 -6.45844770949962 -6.46671122282954 -6.48553343490418 -6.50364051645626 -6.54991541945774 -6.66932228118548 -6.76150671221561 -6.83821829398578 -6.92121138016149 -7.00152587048117 -7.05429853216948 -9999 -9999
-6.19096308499655 -6.1943067790847 -6.18759930357135 -6.18442678629221 -6.17285051513803 -6.15414149666056 -6.14204183314493 -6.15129231221177 -6.16611184911318 -6.19150630223842 -6.22038974377407 -6.25467853544773 -6.28492917186357 -6.30889742036406 -6.32153892445275 -6.34324059373122 -6.34088176819259 -6.33968692535411 -6.33582184797263 -6.33381747282047 -6.33804326393056 -6.34365221673666 -6.36079583159404 -6.36808569031929 -6.40110717157082 -6.40224442547895 -6.40990341082989 -6.42559068758182 -6.39533717487313 -6.37495645365165 -6.36498586634309 -6.37234404361015 -6.38951040276265 -6.40780997374759 -6.43652360997516 -6.47218967189578 -6.4728070463075 -6.46901771960813 -6.47716452302964 -6.48472391114993 -6.47008896708918 -6.47946337164106 -6.49421503257531 -6.49329456079727 -6.50511722845181 -6.53400006139247 -6.60036990031751 -6.68439755331106 -6.76931885017577 -6.86530891108988 -6.96416301856976 -7.03029569537868 -9999 -9999 -9999
-6.1737487277343 -6.18270242133379 -6.17714560221008 -6.17339806036388 -6.16036088704683 -6.14287147686163 -6.11814270579625 -6.12680344964208 -6.15028550478657 -6.18153684491266 -6.2008547622378 -6.22513506592257 -6.26675546278615 -6.30637009870211 -6.32657571856121 -6.33932795420399 -6.34244148800027 -6.322501471935 -6.31381450201519 -6.31836723245773 -6.31292759926798 -6.31171170498899 -6.34887715533327 -6.39880174310523 -6.42074940788874 -6.41054380130969 -6.41100939356513 -6.42813212195347 -6.39534297876574 -6.38171161455605 -6.38132532276057 -6.39241513127384 -6.38500357595428 -6.39599031806937 -6.43454348159822 -6.44360780715734 -6.44478034074166 -6.44745928021799 -6.45214436948085 -6.4749741057495 -6.48163284765254 -6.50102320237117 -6.51820542749525 -6.52056974480872 -6.51139259242171 -6.55178988694552 -6.62892363074899 -6.7229047552889 -6.78866869993103 -6.88372934395669 -7.00415790679462 -7.05260497893644 -9999 -9999 -9999
-6.17628757887738 -6.17652310693522 -6.16463602834464 -6.15312760614437 -6.15047650519728 -6.13753079771388 -6.13008533948857 -6.13708999966118 -6.16289528098472 -6.18766894142309 -6.22969513862747 -6.24604352460518 -6.27587878099967 -6.29387725856251 -6.3021564971581 -6.31559531890642 -6.32645422004675 -6.29646476616745 -6.26777623956504 -6.26685814346278 -6.25965226447588 -6.25815968057472 -6.33663519302112 -6.39788596549828 -6.41885002421685 -6.40723979033044 -6.37433358290951 -6.37862629077466 -6.36480999073655 -6.3735517819353 -6.37535974253318 -6.41060561021041 -6.40175311898892 -6.41305707016219 -6.43916762955403 -6.43338892997697 -6.41190965384907 -6.398415175333 -6.45767993759323 -6.47646982305699 -6.48810721574946 -6.49339138696483 -6.51018373493043 -6.49708762855747 -6.51273432681051 -6.59264224639439 -6.68120845885276 -6.74641803611744 -6.81912397241335 -6.91188969114529 -7.01446621583392 -9999 -9999 -9999 -9999
-6.18686445789075 -6.18388684843061 -6.17721052719152 -6.17245986459085 -6.16864863097844 -6.14474932015773 -6.145454222184 -6.16746467040168 -6.19923104860422 -6.22411416967298 -6.28496675189285 -6.28722621245684 -6.28704884599781 -6.28354848309977 -6.2849850478149 -6.27627259146783 -6.28164776998498 -6.2816628759613 -6.25313436280423 -6.23408877696612 -6.23309171847404 -6.23959523440949 -6.31485536687351 -6.43006011156237 -6.43324287786045 -6.42140650707482 -6.37199936074705 -6.36224177917433 -6.35385645891788 -6.35879249104662 -6.35996063355639 -6.39713373224997 -6.4199932902497 -6.45385603441633 -6.45006524431302 -6.44204911467409 -6.42031170586466 -6.44274399703756 -6.49659336869268 -6.5167339829374 -6.51590359144973 -6.50405773524765 -6.49471283786026 -6.47047022727871 -6.51414130847956 -6.62865685507891 -6.71260776609787 -6.77281051198087 -6.84812451952253 -6.94441782983479 -7.0318552587403 -9999 -9999 -9999 -9999
-6.22382310214432 -6.21943055950564 -6.22629332680376 -6.21657220285088 -6.20725045902663 -6.16773469504489 -6.17310629565876 -6.20318441549676 -6.24526012498569 -6.28572044546953 -6.35889894883358 -6.3567602299139 -6.33534078070513 -6.31239160471985 -6.30994065828914 -6.29229443833604 -6.30955498038038 -6.3390502359841 -6.31872613618413 -6.2899868844005 -6.29304520033339 -6.29414464521977 -6.3317614017743 -6.39658259247077 -6.409120337003 -6.40053995739797 -6.37403487410466 -6.36163127285081 -6.3277608988432 -6.32543025010255 -6.33249156553174 -6.36918609043519 -6.43320699518684 -6.45716859947784 -6.45875194045974 -6.43467138667875 -6.43106841758136 -6.46590619477014 -6.54147942979689 -6.56760448184285 -6.54024997497035 -6.51452379157132 -6.51828358574091 -6.521773732362 -6.5741554126333 -6.65152806151644 -6.73583616500006 -6.80733589975344 -6.88056270248486 -6.99143249374453 -9999 -9999 -9999 -9999 -9999
-6.26147560910754 -6.27016950617996 -6.28790545925573 -6.28786241983676 -6.27935444288773 -6.2391088531855 -6.24074793430906 -6.27688105276342 -6.32970965196997 -6.36553463142239 -6.45609815494803 -6.4496014708046 -6.42917155003265 -6.4024883036802 -6.40651042642607 -6.39791494832697 -6.42874068894734 -6.42627841801052 -6.41839021526625 -6.3923282180225 -6.3803024820352 -6.38500303942997 -6.38813817051178 -6.40873211372733 -6.41023689913427 -6.3960863001402 -6.39580995853671 -6.35981871291311 -6.35762982448217 -6.33120986166759 -6.35191446593296 -6.39483225819187 -6.435532638273 -6.45864165317878 -6.46956254396424 -6.40822106481156 -6.40497682467682 -6.48279932329328 -6.58322650062639 -6.60039979855869 -6.56931454909561 -6.55191792472045 -6.56030521968986 -6.59737937963163 -6.63925929127208 -6.67474740185074 -6.76585344580502 -6.83899956523847 -6.91489553605372 -7.04291230579243 -9999 -9999 -9999 -9999 -9999
-6.30929351562263 -6.33289808787833 -6.37818527983648 -6.40005281103084 -6.39577288096352 -6.38368631608452 -6.36633670548005 -6.38021363385228 -6.415516915188 -6.42734469193859 -6.52183832610856 -6.48671799498606 -6.48793936236359 -6.48791026772668 -6.51934194183387 -6.55227723480559 -6.57599480627435 -6.54771791837433 -6.52063484414051 -6.47455423306577 -6.46488942941864 -6.47389607021237 -6.47985018960726 -6.48929862791138 -6.46762248029501 -6.4600300348042 -6.44571854566561 -6.41587595573688 -6.44883541209105 -6.42880271413406 -6.41424892482598 -6.45277034113957 -6.46996621493932 -6.46697444960907 -6.44703316387274 -6.40623308528119 -6.37841686915875 -6.46192790427748 -6.53699040804878 -6.57155757158234 -6.59332388933402 -6.59136716466971 -6.60855245191349 -6.63271596293804 -6.6677591810288 -6.69932444001453 -6.78625557781501 -6.88759483186864 -6.97597765612593 -7.07991398641173 -9999 -9999 -9999 -9999 -9999
-6.3522200486845 -6.40771907708301 -6.47426603951523 -6.52211093458447 -6.53251363634629 -6.49654126465745 -6.50976812763398 -6.4746994525513 -6.46552746975284 -6.49900085452902 -6.54935209001657 -6.48770022656363 -6.51637568934263 -6.58005012385182 -6.62482380725673 -6.67254159623973 -6.6804103212976 -6.61944167683044 -6.61627584941702 -6.59558051612747 -6.57271455419767 -6.55227761727784 -6.56803357456448 -6.55289217027566 -6.54387621212464 -6.52405936780482 -6.50057460843934 -6.45982736963759 -6.47188613064844 -6.46189694680401 -6.48552214558114 -6.51296772980065 -6.52440389286969 -6.47795714665645 -6.44649251064193 -6.42513143617387 -6.42189898374982 -6.43560249376417 -6.4804704366877 -6.53739976637178 -6.59938620378641 -6.62760186418661 -6.65644894358394 -6.68026101560297 -6.7233609493573 -6.75826646374219 -6.83795846929611 -6.96580650306719 -7.05332379339817 -7.12040795764151 -9999 -9999 -9999 -9999 -9999
-6.43369444803455 -6.4846449581772 -6.55677167888572 -6.59557866125325 -6.64300757196903 -6.60139073175689 -6.61572187827299 -6.57829576575156 -6.5503056261485 -6.58523721884363 -6.60689745039801 -6.55111806263699 -6.57799409992516 -6.67957753141757 -6.71833289856648 -6.84727997796133 -6.7726538477395 -6.72253370175233 -6.73685554119907 -6.74406310540381 -6.7506341556757 -6.68815820920479 -6.65391113530563 -6.62480148393514 -6.60477782586489 -6.60010655306786 -6.5556803278641 -6.54619024676261 -6.52360669673091 -6.51465727057875 -6.57232260128578 -6.57827435354926 -6.55037836370824 -6.53696169204352 -6.52369139771138 -6.51568182542734 -6.48983348023199 -6.46004699240715 -6.48764956622421 -6.55027925616394 -6.60896744112542 -6.65986896668851 -6.68134107495841 -6.72199747620747 -6.76932044815456 -6.79748445066582 -6.87077443047403 -6.96046889276027 -7.04682627308127 -7.11580559327231 -9999 -9999 -9999 -9999 -9999
-6.52715977025635 -6.54770711270169 -6.64740336070412 -6.85991733283884 -6.8594429576839 -6.83174726277109 -6.77247993878977 -6.73113143506304 -6.72068258453049 -6.7659879274665 -6.80268805782697 -6.69191693899026 -6.70752356310244 -6.82003077654046 -6.84509296576126 -6.97797723774696 -9999 -9999 -9999 -9999 -6.79360884418875 -6.75584623956011 -6.74124538800237 -6.74167129166324 -6.72506686976058 -6.69825328307806 -6.65848947943791 -6.65782781171056 -6.61588117038407 -6.60383593508983 -6.61092410711744 -6.62374363244195 -6.63110841551 -6.63719332053566 -6.63457781868443 -6.62904948476977 -6.60993127728959 -6.61343196807554 -6.5968699196073 -6.60096783419481 -6.64548487873312 -6.66323163181288 -6.7192230425647 -6.77083350135822 -6.80248668736581 -6.81460764677095 -6.8333835650926 -6.867459880286 -6.94847063305128 -6.98141012030064 -9999 -9999 -9999 -9999 -9999
-6.64935545091198 -6.74046256703517 -6.83185083922347 -9999 -6.92117171455001 -9999 -9999 -9999 -9999 -9999 -9999 -9999 -9999 -9999 -9999 -9999 -9999 -9999 -9999 -9999 -9999 -9999 -9999 -6.90983231841934 -6.9127462656685 -6.8253396047016 -6.7660136422324 -6.73518894589813 -6.67519697910567 -6.66464307675346 -6.67857974070872 -6.70561221867581 -6.72911696454099 -6.74518300815981 -6.76550538973009 -6.74285283017832 -6.72732725551892 -6.73149712704914 -6.73297299340531 -6.71379793598148 -6.67779047793917 -6.67556357225346 -6.69995489200775 -6.76966440106186 -6.79225382326885 -6.7875609865956 -6.7888693468169 -6.83966906097581 -6.88511235250876 -6.92823784720823 -6.99074823408496 -9999 -9999 -9999 -9999
-6.71042294342807 -6.75843232152166 -6.85993452120735 -9999 -7.00093356792955 -6.98918810111123 -9999 -9999 -9999 -9999 -9999 -9999 -9999 -9999 -9999 -9999 -9999 -9999 -9999 -9999 -9999 -9999 -9999 -9999 -7.01575007963676 -6.93630927237314 -6.86750921703701 -6.82022178250436 -6.77303563235388 -6.77202651672193 -6.75910956139876 -6.80324748460018 -9999 -9999 -6.89459994886391 -6.85815039425913 -6.83013771561783 -6.84768789327399 -6.86888527056142 -6.85338734404692 -6.80727057460544 -6.7674784873002 -6.74057397003917 -6.74240698860783 -6.76797215298631 -6.78268910274926 -6.7589716161625 -6.77017650813223 -6.85425582061848 -6.8240515575064 -6.87592341504759 -9999 -9999 -9999 -9999
-6.7419654299289 -6.79985018090453 -6.87542143126691 -9999 -7.02306951944069 -9999 -9999 -9999 -9999 -9999 -9999 -9999 -9999 -9999 -9999 -9999 -9999 -9999 -9999 -9999 -9999 -9999 -9999 -9999 -9999 -7.2024316857626 -6.98180388892018 -6.94058025167697 -6.88887811537523 -6.89356154418667 -7.02955613224655 -9999 -9999 -9999 -9999 -9999 -6.9344824343215 -6.90794698570639 -6.91392093286396 -6.91731178550391 -6.84763252436547 -6.81358426897245 -6.74838156480869 -6.76949351728894 -6.76316175280724 -6.7753561895874 -6.72067763894924 -6.74291992889362 -6.80130236590306 -6.78989032568224 -6.86296334062258 -9999 -9999 -9999 -9999
-6.84483890305525 -6.8407550635098 -9999 -7.00145940844404 -9999 -9999 -9999 -9999 -9999 -9999 -9999 -9999 -9999 -9999 -9999 -9999 -9999 -9999 -9999 -9999 -9999 -9999 -9999 -9999 -9999 -9999 -7.11419391404916 -7.1107258738629 -7.18035494694637 -9999 -9999 -9999 -9999 -9999 -9999 -9999 -9999 -7.02885714754882 -6.9847685590548 -6.95564705491269 -6.89999502553425 -6.81692008652795 -6.75405141063846 -6.75822876088279 -6.75943592309474 -6.76540706705221 -6.73759187057831 -6.76670348057536 -6.78826599998568 -6.79158616408805 -6.82654630412304 -6.9208915901954 -9999 -9999 -9999
-6.87579434425106 -6.94777706679411 -7.00527758571765 -9999 -9999 -9999 -9999 -9999 -9999 -9999 -9999 -9999 -9999 -9999 -9999 -9999 -9999 -9999 -9999 -9999 -9999 -9999 -9999 -9999 -9999 -9999 -9999 -9999 -9999 -9999 -9999 -9999 -9999 -9999 -9999 -9999 -9999 -7.08956533405218 -7.05083357388138 -7.00861879878575 -6.92535814194685 -6.89095958622377 -6.75552812557732 -6.72813757383382 -6.70046084453636 -6.68886178881786 -6.7274333369149 -6.76455757417548 -6.82421792038514 -6.79535041365104 -6.80733803789461 -6.89593027795823 -9999 -9999 -9999
-7.01970741426219 -7.02061731716213 -7.05737293085794 -7.14199028638567 -9999 -9999 -9999 -9999 -9999 -9999 -9999 -9999 -9999 -9999 -9999 -9999 -9999 -9999 -9999 -9999 -9999 -9999 -9999 -9999 -9999 -9999 -9999 -9999 -9999 -9999 -9999 -9999 -9999 -9999 -9999 -9999 -9999 -9999 -9999 -7.04460307271227 -6.9693352794605 -6.92146435070188 -6.7560228042872 -6.66127620682611 -6.63318026474497 -6.62922511496457 -6.73027452331763 -6.73237632766163 -6.87530520551511 -6.77858224725046 -6.80215258569593 -6.82788105226922 -6.89487474840101 -9999 -9999
-9999 -7.24503862981301 -7.1528554414917 -7.18178767200736 -9999 -9999 -9999 -9999 -9999 -9999 -9999 -9999 -9999 -9999 -9999 -9999 -9999 -9999 -9999 -9999 -9999 -9999 -9999 -9999 -9999 -9999 -9999 -9999 -9999 -9999 -9999 -9999 -9999 -9999 -9999 -9999 -9999 -9999 -9999 -7.06701420523777 -6.98646896364599 -6.93803763885295 -6.79631340925565 -6.69460040437925 -6.63947651078125 -6.62497317141955 -6.7173897000944 -6.73723428254406 -6.78545106919944 -6.80894411669454 -6.811526390557 -6.83383456174705 -6.90251850365922 -9999 -9999
-9999 -7.30707662114728 -9999 -7.23433553944477 -9999 -9999 -9999 -9999 -9999 -9999 -9999 -9999 -9999 -9999 -9999 -9999 -9999 -9999 -9999 -9999 -9999 -9999 -9999 -9999 -9999 -9999 -9999 -9999 -9999 -9999 -9999 -9999 -9999 -9999 -9999 -9999 -9999 -9999 -9999 -9999 -9999 -6.96558299701897 -6.79156026169235 -6.73061783289244 -6.74250395330009 -6.64387600800042 -6.68597251682203 -6.79542203351425 -6.75761311068271 -6.82528910695583 -6.82780396863915 -6.85400183255069 -6.92440580697712 -7.08853624300114 -9999
-9999 -9999 -9999 -9999 -9999 -9999 -9999 -9999 -9999 -9999 -9999 -9999 -9999 -9999 -9999 -9999 -9999 -9999 -9999 -9999 -9999 -9999 -9999 -9999 -9999 -9999 -9999 -9999 -9999 -9999 -9999 -9999 -9999 -9999 -9999 -9999 -9999 -9999 -9999 -9999 -9999 -7.00202158526512 -6.82972095999242 -6.7381241446577 -6.75517567488295 -6.71645760769859 -6.71204339140115 -6.81575593408891 -6.78290110214767 -6.8320048156941 -6.88008595263856 -6.89916320217136 -6.88543344694205 -7.0529921373429 -7.14652837360308
