data/pcas/pca_proj_current/PC06.asc
NCOLS 494 
NROWS 529 
XLLCORNER -117.166666666667 
YLLCORNER -55.5 
CELLSIZE 0.166666666666667 
NODATA_value -9999 
[rows 264 to 287 of 529, columns 275 to 329 of 494]
-6.34014427371803 -6.38393482758414 -6.42405924696921 -6.46048254148393 -6.48804700854767 -6.51201382021813 -6.53588192491454 -6.55106122655772 -6.56167523210268 -6.56276650990495 -6.55466980564975 -6.56337595672136 -6.56917098148079 -6.56753702019246 -6.59483331217603 -6.61604149439004 -6.61705282601482 -6.61015185567445 -6.61211392935923 -6.59877903795732 -6.59115418483403 -6.5892172798874 -6.56122362552143 -6.54960085700301 -6.55288858920324 -6.36583337579909 -6.37873774109624 -6.37692446796642 -6.36965119534785 -6.36083770795867 -6.36320408216541 -6.34670904413364 -6.34331493171989 -6.34174990674252 -6.33158912655147 -6.3395419677919 -6.35190192798927 -6.34830248268608 -6.34951134532627 -6.34184925353059 -6.33659573661382 -6.32096459831375 -6.3140016756131 -6.32299914763389 -6.32992696745897 -6.35878368321088 -6.3735424665277 -6.39212072353066 -6.41777983694102 -6.26721954848798 -6.27334162756511 -6.29508246218033 -6.33624451494782 -6.37279156288249 -6.41470356502492
-6.33378317971696 -6.37469225515135 -6.41595260828365 -6.4669449146838 -6.51383070123369 -6.54935509094655 -6.54226969345074 -6.55837288746513 -6.5729221156204 -6.57761958224199 -6.57199994815991 -6.57613377222933 -6.57357866976697 -6.56990914615223 -6.58272259721062 -6.60939808240149 -6.61716654021463 -6.60580677025045 -6.60751013558785 -6.59787301105406 -6.59871447316519 -6.56854924261187 -6.5601403138606 -6.56027698573791 -6.56708855933925 -6.38228435474229 -6.37969586621527 -6.37516911963533 -6.36227828046156 -6.35293649479041 -6.35324701342121 -6.35389782380856 -6.34955813325945 -6.34578928606217 -6.35503267739013 -6.35843291917354 -6.37029381815525 -6.36067296199338 -6.3546270811424 -6.34557278768771 -6.33648895797748 -6.3241432697278 -6.32263090328709 -6.33094761418164 -6.33679059968457 -6.35757878297577 -6.38019385797993 -6.39348608113904 -6.41447879854682 -6.43147529779643 -6.27090500865512 -6.29696031091317 -6.32677231716413 -6.35758081272573 -6.39535387772902
-6.34769604466944 -6.38901017156047 -6.4266779657873 -6.48405979136893 -6.52516680442978 -6.56358103850657 -6.57945788433401 -6.58048972042434 -6.58591599758214 -6.59637124894922 -6.59252427123011 -6.57756639924279 -6.57848336855275 -6.57434485068922 -6.58576722471532 -6.59352903408271 -6.59932084165514 -6.60225520936147 -6.61023634374469 -6.60997922862944 -6.58116358531314 -6.57740072777871 -6.56546857874897 -6.57088900783008 -6.57299324760027 -6.39060641647971 -6.38911243708724 -6.38389826551067 -6.37240109573863 -6.36981368156591 -6.36300283163831 -6.36441723666593 -6.36455669555553 -6.363697379558 -6.37147218792897 -6.36819013203815 -6.3837496789926 -6.37511756272214 -6.35972474324829 -6.34815729999416 -6.33122547610424 -6.33501228507992 -6.3304916717997 -6.33647252640605 -6.34877605427998 -6.36142952047808 -6.38249983966033 -6.39568938058373 -6.41772614602384 -6.4469386953819 -6.28579229721128 -6.30038418077534 -6.32832141571098 -6.34593607657847 -6.37064749210618
-6.34900273358601 -6.39824527959878 -6.44654588508095 -6.49515687454211 -6.54177829929077 -6.58198406447386 -6.60250495017491 -6.62147276897854 -6.60553660727297 -6.60505212147717 -6.59624012913155 -6.58097570234884 -6.57685633028384 -6.57716109274451 -6.58457628493962 -6.59153555978484 -6.59847821919069 -6.60107794025437 -6.60231794059743 -6.60090256594446 -6.59257625948249 -6.59775606935393 -6.58784025029835 -6.56439541745183 -6.57073801918505 -6.57122634741115 -6.38839614643206 -6.38349601702845 -6.37617207205229 -6.37883134133292 -6.36413757361029 -6.36656550689429 -6.37311178757037 -6.37422625918474 -6.3762972808284 -6.37520147746271 -6.38391048621092 -6.38876140018551 -6.38827983550983 -6.35782383789289 -6.34765570796073 -6.33917476055896 -6.33271411963265 -6.34633715182108 -6.37080069773002 -6.37909344444503 -6.39404536969818 -6.41491129309207 -6.42349592455413 -6.44256056363526 -6.46954850691685 -6.29746182601516 -6.32233700442769 -6.33934896256069 -6.35418219740347
-6.31832776812056 -6.38778120132952 -6.44152038435905 -6.50756172586044 -6.57168271764508 -6.60929192954137 -6.62129713231892 -6.63496582589869 -6.62657446051713 -6.6189092213433 -6.60990123902765 -6.56882251482087 -6.55765520073385 -6.55432454363716 -6.5620563370251 -6.55809558020576 -6.56928253757447 -6.57674161136695 -6.59698499496346 -6.58971193534306 -6.60675978315848 -6.59908660691138 -6.5779803369866 -6.5824508917897 -6.58059423848547 -6.58611737082275 -6.59224845188297 -6.38031506166427 -6.38464829926214 -6.37757472752805 -6.38049869357584 -6.37812194679844 -6.3871674542327 -6.37978172977093 -6.38914702155738 -6.38624799890678 -6.40638686266343 -6.39795288629217 -6.40695965653759 -6.38473496460834 -6.35623228529483 -6.35192819148986 -6.35444343259254 -6.36644581864617 -6.37440842448521 -6.39071571175549 -6.3956452813156 -6.41074360264049 -6.42239672190119 -6.4383078631445 -6.46587296795209 -6.47188443986464 -6.495659795011 -6.51569462853248 -6.34733154671198
-6.30123171602393 -6.37116020151198 -6.46227829825278 -6.53695204489605 -6.59149692891714 -6.64192741824789 -6.66216016938317 -6.6701662732349 -6.64760516334445 -6.63312135977658 -6.60042672431051 -6.57209201155368 -6.56765269216733 -6.55017324229152 -6.55041416873365 -6.56144284763329 -6.5717796972549 -6.57272154193827 -6.5739628263545 -6.5791924472853 -6.61164827578507 -6.58683520186162 -6.59013197966911 -6.58039497326496 -6.58891983530318 -6.58069160780564 -6.58737484057309 -6.38088874793226 -6.3846401265441 -6.39118164377718 -6.3961172795798 -6.39410741953028 -6.39834232037872 -6.3956797612326 -6.3960590797834 -6.39016666152416 -6.43396880951211 -6.40391607762702 -6.38619297640624 -6.37646085783298 -6.37409792809056 -6.37549242843959 -6.37150874670147 -6.37786351608073 -6.3736061922629 -6.38687702293795 -6.40133465524237 -6.4155401265317 -6.42009767112633 -6.43001459620556 -6.4497036655407 -6.47198736429038 -6.48696646972635 -6.515037239436 -6.53263525376414
-6.29738883715865 -6.36378419702569 -6.43063953942965 -6.55244686240089 -6.62262921351696 -6.66535337421018 -6.67402628097339 -6.68570443779044 -6.68168159137674 -6.66353490041562 -6.62429805577582 -6.57780922137536 -6.55400084274476 -6.54708997321453 -6.5438756155553 -6.56117991302224 -6.57370751295092 -6.57021117119426 -6.56847685167078 -6.57849735883758 -6.60051095411114 -6.59973954027629 -6.59521268172385 -6.5765892169593 -6.58455863609208 -6.58149720563165 -6.59261276318782 -6.38853402480603 -6.38601016568204 -6.39718447000101 -6.40737056169534 -6.40723415761819 -6.41813102260584 -6.42719363482174 -6.41990641358264 -6.40745927275484 -6.44903749835181 -6.42060397232749 -6.39521898944704 -6.38282725529954 -6.37871336857045 -6.39067664342158 -6.38803766067409 -6.3794272442281 -6.37360522062299 -6.37726519917663 -6.39680281222232 -6.43591478452401 -6.45627254418377 -6.45689845023019 -6.46200848134635 -6.48461563382661 -6.50524498902165 -6.5231708658909 -6.52668817726713
-6.23092849486176 -6.37287127530325 -6.45240951002523 -6.54249906309894 -6.62250327119539 -6.68190601549612 -6.70311433735072 -6.72194682794672 -6.71135489285331 -6.68336359394306 -6.63254342385677 -6.58592948020186 -6.54788516299773 -6.55319226645084 -6.55195125477067 -6.55667857940998 -6.56182377160055 -6.56443289075527 -6.57624353635377 -6.57580007840408 -6.5931976351416 -6.59334542667697 -6.56003578253887 -6.56067786785875 -6.57740231681303 -6.59806607452078 -6.60267389533408 -6.5788526202433 -6.3991376458922 -6.40719963187566 -6.41155766538714 -6.41458045945345 -6.43435795087673 -6.44183312387411 -6.42357353369302 -6.42245367456288 -6.4618522462503 -6.45659362351696 -6.42134232372913 -6.39880263946385 -6.38825552255047 -6.39172408389792 -6.38867104050236 -6.40021581765212 -6.37243391642099 -6.36899143408108 -6.38676629903485 -6.41390220582432 -6.46328763752598 -6.47520159639334 -6.46972912381773 -6.49983559866581 -6.50543740867125 -6.50994989090211 -6.51194613372691
-6.22864631721798 -6.34127313562603 -6.46689961004466 -6.57774307256134 -6.65635785614088 -6.70962077020126 -6.71641973808325 -6.72960277782188 -6.73305964524823 -6.70109145334535 -6.65758695767929 -6.60952837209572 -6.57656103737339 -6.55401901407083 -6.54922773850497 -6.54742916542884 -6.54880946144421 -6.55709955162154 -6.58084600158721 -6.5804697814606 -6.55538438727505 -6.56527915895522 -6.57670007192008 -6.58757630117751 -6.58337391655797 -6.58170768712375 -6.59566566340653 -6.58167237882328 -6.59301158133828 -6.41334146138175 -6.41470168425599 -6.44718394104231 -6.44838689403004 -6.45978805958273 -6.44886320587817 -6.4410013734965 -6.47266986444418 -6.45784745226361 -6.42417366760648 -6.4032523252681 -6.40503897857185 -6.40902716714884 -6.38616769078392 -6.38572537804153 -6.3859698682521 -6.37622105171088 -6.38372967508422 -6.41146993028184 -6.43520407991188 -6.46704627331524 -6.50505104343969 -6.50279798220138 -6.49793577467585 -6.50540717510407 -6.51013222881613
-6.17390152593341 -6.15343110632359 -6.4277002276621 -6.61889211607057 -6.70225715658106 -6.74264322016006 -6.7614702708921 -6.72939915711709 -6.71494985945296 -6.6896646791372 -6.65305020462003 -6.62526594659606 -6.58834799820275 -6.56933906949222 -6.55443155395334 -6.53526492313666 -6.5467701171134 -6.56803161206772 -6.56111988961798 -6.56494910394112 -6.56933552348358 -6.57223446703604 -6.57278897376841 -6.58580632019926 -6.59305097619309 -6.60937657132405 -6.59030239162807 -6.59274347092475 -6.59735797230824 -6.60790279951056 -6.42298976173016 -6.45552720030617 -6.45419624137739 -6.47608928293868 -6.47570597817655 -6.47128397439353 -6.49225860616634 -6.47200416745652 -6.44648946208157 -6.42637197467634 -6.42355847893525 -6.41043862356852 -6.41622085165291 -6.39261538688265 -6.3875405127911 -6.38761534440026 -6.38871952552924 -6.41226360416792 -6.44423832295691 -6.46607899066298 -6.48793202095927 -6.71264139112465 -6.7212831945589 -6.7032430889842 -6.71370820739616
-6.00335463705895 -6.10961044711958 -6.32406968409602 -6.54171773822085 -6.70628741755998 -6.78612094619749 -6.77448109758324 -6.73261353419672 -6.70468625659906 -6.67382157532203 -6.65244838254201 -6.63160699377286 -6.60258452560315 -6.57369052822314 -6.56243133275306 -6.55174160545668 -6.56138651337357 -6.5708180844863 -6.57315954987324 -6.56561784042355 -6.57464919838288 -6.57356118681633 -6.56134774018191 -6.57907502226705 -6.59116620048897 -6.62578946085719 -6.6049531546607 -6.59727494116043 -6.58792286702132 -6.60049352621336 -6.46188193352007 -6.4793290408901 -6.49339387619578 -6.48731354543909 -6.50981430115401 -6.51346938535822 -6.50186882060191 -6.48583161735788 -6.49510210476073 -6.48432542154932 -6.4378225767081 -6.42671253999683 -6.43971460412809 -6.41248523776386 -6.38901983953444 -6.41142106430332 -6.39131529881946 -6.41287095184105 -6.44388181977845 -6.4827708953397 -6.47311811939258 -6.4765816395153 -6.69768922156749 -6.69241200044668 -6.71220445287466
-5.83606867060206 -5.85339219070877 -6.05645335536648 -6.5494620917643 -6.86156900059818 -6.83113488692169 -6.74526267880269 -6.63274038172178 -6.62384502124819 -6.64741036897845 -6.617494324409 -6.6012875561937 -6.58521724984717 -6.56096875178586 -6.54554669690156 -6.55083723078028 -6.55506055467488 -6.55052826865271 -6.55019118328749 -6.55027712576892 -6.55962118160175 -6.56560989639755 -6.56850409376774 -6.5679271748574 -6.59771908228986 -6.62469762558681 -6.59718830969483 -6.59663410508423 -6.59292110605637 -6.6046636632323 -6.64082731128875 -6.50710726787103 -6.52016094381721 -6.54163165287815 -6.53096711087053 -6.52502919479901 -6.52567746004204 -6.51465588334047 -6.51615868989279 -6.48588918817093 -6.45959234654987 -6.43894675407234 -6.4413927848184 -6.41467790489473 -6.41926995210866 -6.42756697016158 -6.41558553033927 -6.61631201758954 -6.66473576454762 -6.67982531962078 -6.66391200283736 -6.66897596031835 -6.68188738514583 -6.69928017115743 -6.71065118568982
-6.26920668263962 -6.34495138555509 -5.99318456674767 -6.02258577907547 -6.16537500243421 -6.55670021237045 -6.5995626288691 -6.510111139946 -6.53812657178441 -6.50820619772991 -6.5320728817927 -6.54092128038191 -6.53690974607209 -6.5463797972602 -6.53627900262135 -6.52617821707556 -6.53435768820499 -6.52552744547087 -6.53553105528961 -6.53798253872543 -6.53848553007071 -6.5573247625731 -6.56862661011682 -6.58021218708747 -6.59588255307298 -6.60680942051249 -6.61942971465531 -6.59537143350459 -6.61224743249547 -6.61467411176784 -6.66797213884537 -6.69275998629797 -6.53636998301344 -6.54461200396192 -6.54394095936816 -6.54325357449847 -6.53531619937644 -6.53327530055215 -6.51651711790606 -6.49296431839075 -6.63771695637325 -6.63449813177113 -6.60776020133449 -6.42064090636146 -6.4323723976899 -6.44628443098851 -6.44501884532093 -6.64653622824686 -6.65153287019303 -6.65799242896077 -6.67062760122135 -6.65740814395774 -6.67119282984213 -6.68391663074818 -6.70949577649859
-6.4841897412108 -6.56800962411908 -6.19269141939921 -6.54036478844989 -6.25586430774804 -6.11607892236073 -6.20680699846098 -6.24758506150946 -6.36282064907361 -6.41926481030737 -6.42767409403401 -6.39269571950245 -6.45167889051809 -6.47865521695884 -6.49155833520483 -6.48653259910728 -6.47385347258083 -6.49944894825892 -6.50845361008826 -6.5093048175483 -6.51290896364536 -6.52239278393765 -6.52854361657384 -6.57032076592596 -6.582550162814 -6.59662816859016 -6.61514860523001 -6.62187866266353 -6.62531470733513 -6.64631610861619 -6.6601793604683 -6.6793351516758 -6.53189043300145 -6.56206025094988 -6.58254895718358 -6.57244148840806 -6.56645059174446 -6.55190162000315 -6.69161490904087 -6.66884822459266 -6.6458104328168 -6.63385333326541 -6.62585447374902 -6.60649197041557 -6.61817442123247 -6.44528375808706 -6.63061878441164 -6.62886043064385 -6.63426854385084 -6.64953358488671 -6.67126353908295 -6.64925980650433 -6.65524034967982 -6.66508964540026 -6.68920184487745
-6.63736588697232 -6.72841675556471 -6.67296242589272 -6.62337922634837 -6.45030598634404 -6.33379477946679 -6.23716210954509 -6.13123075343209 -6.15299394577303 -6.27200502034844 -6.23323513871832 -6.24515304610956 -6.24634235939158 -6.33651137539733 -6.32498056500423 -6.41270640278087 -6.43596557563597 -6.43673938981939 -6.45857107957476 -6.46672210692445 -6.47751352577959 -6.50296020525873 -6.52906945142282 -6.55390643480757 -6.57116284582286 -6.5916527857257 -6.60977229904181 -6.64147539254811 -6.65738416576246 -6.67802005314375 -6.66856206476401 -6.6848142857359 -6.69313526207936 -6.56651163843696 -6.60214187071783 -6.59897169181689 -6.75396757031777 -6.7277817739118 -6.70605339513929 -6.68112484043128 -6.66813754616072 -6.65081168114167 -6.63484549610947 -6.62539406139514 -6.62060302376178 -6.6153064202188 -6.62788278329459 -6.64200741462664 -6.6485622417874 -6.64860888270547 -6.65334310708969 -6.65041770255449 -6.64852376037919 -6.65609464414937 -6.66307422212721
-6.67772856469374 -6.69730305201765 -6.6649657789121 -6.66643196394191 -6.44782868225618 -6.52247790650936 -6.44101164992538 -6.39130922675769 -6.31142627134186 -6.13856649405951 -6.16422556173563 -6.16377220737933 -6.14277212513703 -6.2255681524913 -6.31393405760411 -6.28906236155335 -6.31327570348565 -6.39525325666438 -6.40683595969237 -6.42037270979861 -6.46099665377372 -6.48609093714631 -6.5090754678064 -6.5310810718607 -6.55242404744116 -6.57445121048535 -6.61502064842167 -6.65137003759305 -6.67994524085624 -6.69785867715355 -6.68976716794564 -6.71317956983592 -6.72421304585513 -6.73038769845527 -6.74489047419221 -6.74793615619694 -6.76834101390575 -6.74946362266992 -6.74001432038518 -6.71622793103286 -6.68176204119165 -6.68041342102625 -6.66249531096281 -6.65789165013128 -6.64528461346993 -6.63479996302538 -6.6348144294883 -6.64382294253631 -6.64388723440392 -6.63302728121089 -6.63129593771373 -6.62886553440544 -6.64169561314597 -6.64951743582106 -6.66272407387697
-6.69044394231482 -6.66805072874806 -6.68055933252912 -6.69462954014059 -6.62137539058683 -6.32175275480271 -6.51768329829851 -6.45838574205728 -6.39226619168013 -6.29804013486229 -6.10698789174918 -6.10472369467197 -6.12047966129455 -6.1484507425419 -6.24698370438429 -6.23950446143637 -6.23056990164174 -6.31587687080852 -6.3863579864524 -6.41733583428336 -6.41878949855253 -6.63373637199412 -6.66242679283601 -6.51059235113244 -6.52651472999077 -6.55760872503863 -6.60145602603918 -6.64468523006892 -6.68541234794358 -6.69712980147852 -6.72509702359186 -6.75272002859137 -6.74313437811962 -6.75049162664687 -6.75779756804503 -6.76447031686093 -6.77325680880158 -6.77519559645073 -6.75067425851094 -6.71472794607678 -6.7062666526309 -6.70484680880556 -6.68013430523602 -6.66680392818526 -6.65921509101352 -6.65350103305588 -6.63722906589169 -6.63262352653117 -6.63256195247406 -6.62767592258313 -6.63272729685264 -6.62473223549289 -6.62923129756714 -6.63592644040399 -6.65215220906825
-6.4152385769718 -6.64459681673099 -6.69021516180319 -6.66892089349728 -6.61502517671244 -6.48934788187728 -6.42983993909132 -6.42330836755793 -6.48537042250647 -6.4909166952596 -6.14776585950849 -6.1020723860715 -6.09066240976326 -6.11233902309317 -6.11469445832284 -6.23415710093435 -6.33762794885348 -6.30288278561252 -6.32094943162084 -6.39760541684947 -6.41416902590676 -6.59360050263566 -6.64441020172052 -6.65670634166967 -6.49313285982963 -6.53040380725682 -6.5829325434523 -6.59672598905068 -6.65967825082323 -6.70343667472684 -6.72897500658384 -6.77822835167414 -6.78728697803754 -6.80919568591752 -6.78566091923304 -6.79130181673635 -6.78866817474688 -6.81839273344278 -6.76726488673621 -6.71807304535871 -6.71570301198712 -6.7291716177444 -6.70590236958202 -6.6945428203478 -6.67414870496164 -6.64822157159397 -6.63878843520838 -6.62848715481747 -6.62570147769413 -6.62903425745304 -6.6238748262607 -6.62335532045764 -6.62560422518682 -6.63468121720604 -6.64309582175117
-6.68803833916902 -6.71372705645304 -6.72895826175476 -6.60375108138403 -6.47539619771507 -6.51198023950687 -6.44980754305746 -6.38662743361234 -6.26566361795048 -6.30274134313188 -6.23598204735586 -6.18125596466639 -6.14239463904898 -6.09654003287948 -6.10418398763999 -6.16189317348762 -6.3022768599281 -6.22977978514035 -6.22426932764253 -6.317411783977 -6.57440156198905 -6.57153548059271 -6.61535082850112 -6.64333999937397 -6.50058491910154 -6.53975150872555 -6.57462552372445 -6.6080725553597 -6.65888511262393 -6.72831602447205 -6.75761474503395 -6.7911863410063 -6.81478686629107 -6.83460973188358 -6.83714194374798 -6.84252916600962 -6.84429108450101 -6.83547508157067 -6.82527842844847 -6.75315988208914 -6.72996174779649 -6.72926609653732 -6.71792726360488 -6.69279954974781 -6.67952414802609 -6.65208833220953 -6.63334232584822 -6.62742006542336 -6.62384097331898 -6.62116609895668 -6.6164595468592 -6.61124057272225 -6.61870657853037 -6.62662823324419 -6.6368183855059
-6.7112764291601 -6.71575018423812 -6.67966245888254 -6.60858809451938 -6.41945047374713 -6.43806797810328 -6.50188430598583 -6.55392955290145 -6.50610804831497 -6.32433338204061 -6.32491566307033 -6.51826171162151 -6.50720502531978 -6.23558416074048 -6.16479508517764 -6.23179174715105 -6.20078715831145 -6.22968033762152 -6.18346431836447 -6.31048763680379 -6.52724811390605 -6.56906209897059 -6.60100468759103 -6.4494569993897 -6.48814294965377 -6.53157147267294 -6.575740887761 -6.60799712617608 -6.65215048762152 -6.72266725726199 -6.75907730537585 -6.79279296311577 -6.82633421118794 -6.8484358898128 -6.857771592727 -6.87472204846987 -6.86698848293975 -6.8524861795134 -6.84301564490177 -6.7784908927724 -6.75076575056859 -6.73384732877965 -6.72388162955049 -6.69764450999334 -6.67820654073994 -6.65961149055453 -6.64035865593859 -6.62895640667917 -6.61953930934494 -6.60902153071299 -6.60993360495207 -6.59995970117008 -6.60555782938469 -6.61149487594504 -6.62177577930824
-6.61274671139958 -6.72931343083579 -6.65373021936986 -6.52751607786332 -6.505679307952 -6.3922183471306 -6.38836724324441 -6.30852885273461 -6.29156846183817 -6.38480191841241 -6.38679706399082 -6.38983234926899 -6.55661204128198 -6.33164215458435 -6.16087016599369 -6.17654469453248 -6.17488249014246 -6.20633882144354 -6.18520683728563 -6.22154845179492 -6.35496232056167 -6.5375361210618 -6.56943569528164 -6.60993825757483 -6.47477661166079 -6.53248861267858 -6.57889415842572 -6.61049043676188 -6.67341991389203 -6.72342330302895 -6.7678341345331 -6.80426919088367 -6.84143875307423 -6.87084956647302 -7.07420802415864 -6.88466414845275 -6.89866238704949 -6.8880385059428 -6.845070597523 -6.83431936455539 -6.78798593068267 -6.75383555587625 -6.739497235912 -6.71390200645987 -6.68703288861998 -6.66725435737271 -6.64408492219011 -6.62325695227587 -6.60747564920929 -6.59345180769706 -6.59318014880165 -6.59437528794678 -6.59199797354743 -6.59993235924747 -6.61441342368544
-6.61025335051999 -6.65794005081031 -6.68560673885976 -6.56267111792308 -6.42983364868097 -6.41775945926905 -6.27532851253296 -6.27372888558292 -6.32746755540249 -6.280688488979 -6.40386706264752 -6.36796906028987 -6.37207794477055 -6.5490842895571 -6.29203066959316 -6.13786316774222 -6.17949202708561 -6.21976049848279 -6.26928319842716 -6.22704115595261 -6.47977919810578 -6.52413351921304 -6.56290082911624 -6.5913393352442 -6.47926908539021 -6.53163938771171 -6.57520617618483 -6.61782982845146 -6.6744641524861 -6.72499247197935 -6.7742554860697 -6.82116216451536 -6.85786357984064 -6.88706058959696 -7.10855613656719 -6.92300572486339 -6.93662253154297 -6.92415038570203 -6.90932058205301 -6.8640141327987 -6.80856363794343 -6.77425310131189 -6.74194451617766 -6.7280362832088 -6.69465888750451 -6.66377378210083 -6.64392358731045 -6.6124932567687 -6.59327522401424 -6.57419248005512 -6.56541387875497 -6.57261830869143 -6.58145463383225 -6.58682530883307 -6.59864400274263
-6.71910423747333 -6.67588364696493 -6.72179412911269 -6.79260600970145 -6.70915274945495 -6.44485354309284 -6.24288567005564 -6.27904639811081 -6.31285063615313 -6.3024262488174 -6.38348547414129 -6.39799275169966 -6.35126557612048 -6.38137828760634 -6.30839931599323 -6.36227453185408 -6.26774779988242 -6.36602558422487 -6.43996265426818 -6.37478719976849 -6.37216893402665 -6.5147397735231 -6.3562401552272 -6.58899936038139 -6.49596903336123 -6.52204644106789 -6.58960616853053 -6.63696433946774 -6.69605758213805 -6.75321924392643 -6.80001468704501 -7.05633500322489 -7.09844667476188 -7.12623428736313 -7.16118138403981 -7.18335237990241 -7.18079902304896 -6.95895878025757 -6.9433492398487 -6.90443861677685 -6.83912416895262 -6.79709605127519 -6.75953200235278 -6.73201986897126 -6.70470158451576 -6.65825709425128 -6.63046588550702 -6.60330618583565 -6.57095688088655 -6.55222704004983 -6.54088815788349 -6.56049794372024 -6.56597926671876 -6.57901700980478 -6.58418835825116
-6.66952744221081 -6.74036859658757 -6.75371779330706 -6.78760680456666 -6.74392767090462 -6.30637957381331 -6.19402176680639 -6.18331450228252 -6.27630766287495 -6.36395345245573 -6.42089166140898 -6.43079650721238 -6.40471530371283 -6.37189804061269 -6.27743116044726 -6.36568826746948 -6.32131724906074 -6.31443934814921 -6.42682874769373 -6.41448900175636 -6.35423306299377 -6.45628800400876 -6.56603117782969 -6.42691181177722 -6.4828005288033 -6.51646849711815 -6.60861133290245 -6.65553394195264 -6.71506527877623 -6.76861329347904 -7.03102518381711 -7.09449469874877 -7.1373932953837 -6.94332130243972 -7.202957485044 -7.24004375147257 -6.98107936426863 -6.97611146004936 -6.98697766751175 -6.93921816235508 -6.86155404875771 -6.80617096814971 -6.7664393661621 -6.73869789254737 -6.70554058929437 -6.65389071641256 -6.6204786024087 -6.58255276066977 -6.55337369593541 -6.52939271969049 -6.51298743049165 -6.53326024245347 -6.54283809739465 -6.56817769029736 -6.58270279065753
