data/pcas/pca_proj_current/PC06.asc
NCOLS 494 
NROWS 529 
XLLCORNER -117.166666666667 
YLLCORNER -55.5 
CELLSIZE 0.166666666666667 
NODATA_value -9999 
[rows 192 to 215 of 529, columns 385 to 439 of 494]
-5.37028644932188 -5.37070205438913 -5.37628845705669 -5.36679734140337 -5.38360916059835 -5.41727057173354 -5.46748676763474 -5.51828285257011 -5.58074500973049 -5.63614853283421 -5.70225389028417 -5.75745690999939 -5.79433991632232 -5.82495634900671 -5.822388945034 -5.82405185066396 -5.81937447501041 -5.83532258051249 -9999 -9999 -9999 -9999 -9999 -9999 -9999 -9999 -9999 -9999 -9999 -9999 -9999 -9999 -9999 -9999 -9999 -9999 -9999 -9999 -9999 -9999 -9999 -9999 -9999 -9999 -9999 -9999 -9999 -9999 -9999 -9999 -9999 -9999 -9999 -9999 -9999
-5.38055624229757 -5.3720537773805 -5.37105822880508 -5.37782738158788 -5.38937852289054 -5.41739772821676 -5.45675718926215 -5.50877402467353 -5.56789200367588 -5.63393262828196 -5.69596720920318 -5.75947656394698 -5.79088678971533 -5.80321329597439 -5.80518699963728 -5.80168419837821 -5.80072158532287 -5.82506862788867 -5.83662014192571 -5.8507921509928 -5.87821506936073 -9999 -9999 -9999 -9999 -9999 -9999 -9999 -9999 -9999 -9999 -9999 -9999 -9999 -9999 -9999 -9999 -9999 -9999 -9999 -9999 -9999 -9999 -9999 -9999 -9999 -9999 -9999 -9999 -9999 -9999 -9999 -9999 -9999 -9999
-5.38409339286208 -5.38433180036246 -5.37409887907612 -5.37790657214644 -5.3845853696814 -5.41277750080099 -5.44796244335983 -5.49375568632775 -5.53987274158066 -5.59714078326177 -5.67895911106964 -5.72798610527191 -5.74086433286285 -5.75460332176139 -5.75977297727301 -5.76782687083574 -5.77562601416483 -5.80107991350328 -5.82757724514152 -5.83826271121203 -5.82436616858432 -5.84310430930198 -9999 -9999 -9999 -9999 -9999 -9999 -9999 -9999 -9999 -9999 -9999 -9999 -9999 -9999 -9999 -9999 -9999 -9999 -9999 -9999 -9999 -9999 -9999 -9999 -9999 -9999 -9999 -9999 -9999 -9999 -9999 -9999 -9999
-5.3969494719468 -5.38777494316136 -5.37884179560822 -5.38278381125287 -5.39383662315249 -5.39957587486517 -5.42598016630506 -5.46385141032598 -5.51277867783195 -5.57223889926345 -5.62349076682302 -5.66314122376201 -5.68329075235871 -5.69191552872783 -5.70236294127609 -5.71043558955339 -5.72785789558048 -5.76283893577117 -5.80120255195329 -5.79173693746682 -5.82619637479497 -5.85799804691827 -9999 -9999 -9999 -9999 -9999 -9999 -9999 -9999 -9999 -9999 -9999 -9999 -9999 -9999 -9999 -9999 -9999 -9999 -9999 -9999 -9999 -9999 -9999 -9999 -9999 -9999 -9999 -9999 -9999 -9999 -9999 -9999 -9999
-5.41308783364772 -5.39252837663284 -5.38519490808016 -5.38240751830779 -5.3944241186939 -5.39129103241839 -5.4023814191377 -5.43189759515904 -5.46053698211345 -5.50342461196381 -5.56967220830817 -5.59113962266242 -5.58428663841644 -5.60782651498908 -5.65668607943857 -5.69327384532857 -5.73130007967291 -5.70808656882078 -5.72892979948317 -5.77299063089807 -5.81417131812312 -5.8508531430091 -5.89899574752126 -5.9177169301591 -5.95424694879163 -5.95168572536094 -9999 -9999 -9999 -9999 -9999 -9999 -9999 -9999 -9999 -9999 -9999 -9999 -9999 -9999 -9999 -9999 -9999 -9999 -9999 -9999 -9999 -9999 -9999 -9999 -9999 -9999 -9999 -9999 -9999
-5.41180082955447 -5.39854359211618 -5.38373638298722 -5.38939583641534 -5.39632494342765 -5.39368328313399 -5.39776163404091 -5.3928120385583 -5.40349743032755 -5.45810701288514 -5.49549852037675 -5.52589205006352 -5.54145533113374 -5.57581519188367 -5.5820353025437 -5.61326568677059 -5.6449188763309 -5.68448811801996 -5.74288003785471 -5.76938013752508 -5.80048277678381 -5.82934762008901 -5.87301664222478 -5.9166886324091 -5.94982173200033 -5.99073143010841 -6.00075385749031 -6.00246618471245 -9999 -9999 -9999 -9999 -9999 -9999 -9999 -9999 -9999 -9999 -9999 -9999 -9999 -9999 -9999 -9999 -9999 -9999 -9999 -9999 -9999 -9999 -9999 -9999 -9999 -9999 -9999
-5.41744583834765 -5.41671811135001 -5.41297322984545 -5.40431638431569 -5.39481604258339 -5.39530678348766 -5.38885148486572 -5.37615606436114 -5.35735538645543 -5.41056186200142 -5.44135160092181 -5.46712188869446 -5.49583756841697 -5.5347247788512 -5.54177325284861 -5.53520145155711 -5.57430691987612 -5.60929657700838 -5.65451077386067 -5.69850087913628 -5.7381207808187 -5.77656636195903 -5.82374490532013 -5.888911872968 -5.92817700264558 -5.98415470518896 -6.00820646835694 -5.99484882548102 -5.91121445935597 -9999 -9999 -9999 -9999 -9999 -9999 -9999 -9999 -9999 -9999 -9999 -9999 -9999 -9999 -9999 -9999 -9999 -9999 -9999 -9999 -9999 -9999 -9999 -9999 -9999 -9999
-5.43810974677166 -5.41531925285294 -5.40126081394953 -5.40355987076753 -5.40132995171224 -5.39369183680935 -5.3867522537106 -5.35543372075025 -5.3612133994611 -5.36691660838556 -5.4122387284673 -5.44343431186901 -5.45596408755859 -5.46941330044842 -5.48622044762141 -5.51020012702116 -5.56324040434862 -5.55972892505199 -5.61341655982731 -5.65249850901196 -5.68996403934003 -5.75760479055549 -5.80541005310304 -5.88629327846998 -5.93202823665095 -5.97644490221785 -6.01406538282419 -5.97431567379298 -5.88202987255294 -5.82633931607688 -5.78000694147145 -5.82679542576486 -5.82759007367206 -5.84330611923432 -5.86460306043442 -9999 -9999 -9999 -9999 -9999 -9999 -9999 -9999 -9999 -9999 -9999 -9999 -9999 -9999 -9999 -9999 -9999 -9999 -9999 -9999
-5.40514870953848 -5.41251486762747 -5.40577439471609 -5.42260706682045 -5.41321822921939 -5.3977250162693 -5.3866796991771 -5.36792101123959 -5.35861987221452 -5.37056172411435 -5.37162233399281 -5.39442450106588 -5.40497519477648 -5.41160194951352 -5.42885960165527 -5.45525982300823 -5.50412398320421 -5.56347931085387 -5.617750257157 -5.6114060264839 -5.66528212289628 -5.71760576405412 -5.77593923944404 -5.8403867228968 -5.88980391973929 -5.9373925611296 -5.96799274667195 -5.92498443625109 -5.83005986962005 -5.77046646302658 -5.77638108292407 -5.76785695153449 -5.78191124157059 -5.81812489988115 -5.84468852871533 -5.86899389408303 -5.87677485148545 -5.86570490336869 -5.88590066932713 -9999 -9999 -9999 -9999 -9999 -9999 -9999 -9999 -9999 -9999 -9999 -9999 -9999 -9999 -9999 -9999
-5.40459282646357 -5.41447977167242 -5.4174403288511 -5.43556074918729 -5.42817076478753 -5.40521309521884 -5.38449988014021 -5.37356330234776 -5.39329606036738 -5.35926113961307 -5.36025348040537 -5.35468706077316 -5.35103616871623 -5.34588450972587 -5.35930260993896 -5.3836624472949 -5.4295758006968 -5.49219688946872 -5.56057711904173 -5.63230284045127 -5.6174551864232 -5.68187889276573 -5.71126419345186 -5.76285781373079 -5.81611364222242 -5.8362967790284 -5.84953756588892 -5.79245039174453 -5.71813679482929 -5.74388025241941 -5.67907661034905 -5.69162657931617 -5.73147303754225 -5.77662063572679 -5.81229703762548 -5.83757115307422 -5.85830720632151 -5.86626636435706 -5.85494403957598 -5.84227701743079 -5.85510931038911 -5.85103054588667 -9999 -9999 -9999 -9999 -9999 -9999 -9999 -9999 -9999 -9999 -9999 -9999 -9999
-5.43264405596398 -5.44573223207679 -5.42594751895568 -5.42533220762658 -5.43826986550003 -5.43569610068216 -5.40856936513634 -5.38976149076808 -5.38648468548379 -5.34740621005161 -5.34450437176513 -5.31154014578667 -5.28706901035868 -5.30162808850688 -5.31794657566205 -5.34007536190118 -5.36245795577839 -5.41765189602713 -5.4966292696874 -5.58253165358854 -5.65427889383636 -5.63624095175644 -5.69899082364709 -5.69534703456412 -5.71673378775001 -5.72176402624097 -5.70515790963415 -5.65677216355207 -5.6063387549854 -5.64254053533111 -5.59815722040362 -5.64104288590109 -5.69998944666626 -5.73521785939285 -5.77967078696594 -5.80176077818947 -5.81431079223215 -5.81674526657747 -6.05549129927276 -5.81208120527766 -5.82851267320423 -5.8411988709697 -5.85757944280537 -5.8399304642955 -5.84552062234833 -9999 -9999 -9999 -9999 -9999 -9999 -9999 -9999 -9999 -9999
-5.46256480812296 -5.4692722097783 -5.45204580343861 -5.44335481841702 -5.4131685741992 -5.41591472045942 -5.41726715957571 -5.37972367844061 -5.37272328927804 -5.34541637191886 -5.30965194695835 -5.27344365111311 -5.24265839112842 -5.26801309792728 -5.27879961210571 -5.30836299806637 -5.3252530196824 -5.37160746968725 -5.44138195599642 -5.52749572140005 -5.60824768889452 -5.58975944141394 -5.65435170602253 -5.64069961438066 -5.61383969945784 -5.61322722175658 -5.68495555515999 -5.61720408267712 -5.56710040778122 -5.53645791434896 -5.52728026982564 -5.59512037095064 -5.64479198775396 -5.69007721155771 -5.72780683026607 -5.75828729035401 -6.02638445314874 -6.00566745114238 -5.74873865827333 -5.76061131511253 -5.77706729610462 -5.81315240975731 -5.85125348259961 -5.84641321302509 -5.81331446376972 -5.79328801110847 -5.77837038155624 -5.74388886877955 -5.72850764630452 -9999 -9999 -9999 -9999 -9999 -9999
-5.49558732308922 -5.48487739684712 -5.4710825125342 -5.42724774182975 -5.41857423871358 -5.41433142969374 -5.40306122843086 -5.37097366972334 -5.36868442495076 -5.32766750212875 -5.28535013660892 -5.23953561265682 -5.21724980805857 -5.23318298492683 -5.23943496094372 -5.26634160596875 -5.30042953455117 -5.34792729396617 -5.38698675618975 -5.47357450965973 -5.55682589184918 -5.6201554319508 -5.6052971847207 -5.60943478996407 -5.57782475529931 -5.63060771911579 -5.55259296573644 -5.41597450554183 -5.45917335314448 -5.46157588001997 -5.46796404491021 -5.53936074565002 -5.59196685635846 -5.63963145851212 -5.67073701364301 -5.69222217793945 -5.70026111377264 -5.69567001992056 -5.68352429461901 -5.67938903441408 -5.6946951671161 -5.74182598175995 -5.77994058995162 -6.01655972612012 -5.79268010592564 -5.7585276012295 -5.74108764922284 -5.70992369415831 -5.69856794256709 -5.70498826864823 -9999 -9999 -9999 -9999 -9999
-5.52278220486484 -5.49558679338238 -5.48364743167806 -5.43519020686375 -5.41375155656158 -5.40410041228181 -5.38883700085437 -5.35665172431558 -5.35032148009675 -5.31162197957303 -5.27400010547034 -5.23236766959227 -5.21570191827635 -5.21630092554139 -5.20639744127803 -5.22643142378284 -5.28529905823613 -5.33788646915206 -5.3723489221313 -5.42740931625512 -5.51001356301762 -5.58079265254776 -5.55025913665215 -5.56385187694406 -5.51538361994616 -5.56528894080824 -5.4875720419036 -5.42198219760645 -5.41499497110313 -5.41560123531504 -5.43464830773524 -5.50208572597471 -5.5519714417071 -5.60585017363032 -5.63409305207038 -5.64220843182908 -5.63730940613833 -5.6255777495522 -5.60815160039012 -5.60750559209645 -5.60034615278375 -5.65228963606401 -5.71940168151131 -5.91643549347049 -5.92286705866397 -5.9342900467971 -5.66863143165688 -5.85117902053105 -5.68448343893454 -5.69819007465338 -5.69890220584253 -9999 -9999 -9999 -9999
-5.50797815607928 -5.47155978260524 -5.43483641871873 -5.39384578262515 -5.39854968302346 -5.39282875980941 -5.37341100738859 -5.35641134233338 -5.33904867037648 -5.29150361171038 -5.26610659705969 -5.24271532670838 -5.21635844673075 -5.21412092414265 -5.20863988312675 -5.20413829555006 -5.27871688654928 -5.3424667707523 -5.36029200944017 -5.40504475071916 -5.46531201374084 -5.50912478460959 -5.53707530023806 -5.46845442030727 -5.42138576105534 -5.50695921355775 -5.45582444630384 -5.40974050745021 -5.3872509667079 -5.39268140724181 -5.41063442501497 -5.46940448533304 -5.5143528779759 -5.55393764092575 -5.57527651887194 -5.59940945925059 -5.59495313571449 -5.57183928545668 -5.56697408497928 -5.56426401065776 -5.56144550714004 -5.74239933256635 -5.65128764213892 -5.66691572323401 -5.65644480313876 -5.66409174785481 -5.63497116873677 -5.79635263430837 -5.93247354745217 -5.68726758025227 -5.67605646455786 -9999 -9999 -9999 -9999
-5.4776483072553 -5.44344032707598 -5.42702039209357 -5.40531904978265 -5.37837364191391 -5.38260600116283 -5.37280776256231 -5.35197664582785 -5.34719011338037 -5.30997624485827 -5.30179961121419 -5.26712789715243 -5.23610380609899 -5.24238240655208 -5.22971000142971 -5.27762253068916 -5.31450347336423 -5.32873773860901 -5.37148776126121 -5.40188720025645 -5.41022754437764 -5.43131815014489 -5.45019788288798 -5.39891735986085 -5.36007845073077 -5.32424764960958 -5.43398127448456 -5.39461803096552 -5.37095508200774 -5.36889628208649 -5.4139874044334 -5.44037033566697 -5.47586892059603 -5.52080786762767 -5.54166344680758 -5.55659964690135 -5.55696189304489 -5.53447156298044 -5.53213433770271 -5.5297320688754 -5.5464772685944 -5.58086750751314 -5.61827140000142 -5.65332874876198 -5.98944494766698 -5.98451206348867 -5.94083199036826 -5.90355849836556 -5.90650287175808 -5.92847554000548 -5.67238594441121 -5.68391089790438 -9999 -9999 -9999
-5.48209202088175 -5.45416664688394 -5.42824727252623 -5.40012605957836 -5.38149427272079 -5.38380699526605 -5.37505027994167 -5.3610111279864 -5.35588401654717 -5.34862612316307 -5.34617282946039 -5.31974002143367 -5.27099680139806 -5.2414410394025 -5.24265444311762 -5.28922737367625 -5.31889799646456 -5.33071137592432 -5.34566031057734 -5.35983977038095 -5.36741593420557 -5.40655302874241 -5.38133223175505 -5.34830551837766 -5.3251649571473 -5.30008757106942 -5.28571078723593 -5.40477607371879 -5.3789972604459 -5.3882348156557 -5.42295408700731 -5.45078110833363 -5.46584762077264 -5.49404390294716 -5.5079152617612 -5.52032714853674 -5.51839142128396 -5.50620404165854 -5.51363039851202 -5.52834134085533 -5.532211680322 -5.5654911165074 -5.60051753517244 -5.64524680984285 -5.9924453847942 -5.99460513673468 -5.99865647876031 -5.95045582296938 -5.89898694474748 -5.90101490960493 -5.666725835238 -5.67789406982049 -9999 -9999 -9999
-5.47107179381716 -5.44849673615297 -5.42719532766728 -5.39940777611785 -5.37629141051143 -5.36788336519916 -5.37339809762957 -5.37615055114047 -5.37479796300936 -5.38126313503906 -5.3921909032074 -5.36461855578838 -5.32450567441161 -5.28721115504246 -5.25891303805172 -5.25543625375276 -5.28858851587558 -5.31532661748754 -5.33230387831364 -5.3554358578213 -5.36567729000788 -5.40188129386868 -5.35695512545906 -5.33750244040621 -5.31702927924399 -5.30877398130735 -5.30563581714245 -5.43033694357601 -5.41031880505733 -5.44405336239051 -5.46827702563971 -5.48452430957321 -5.51238648574396 -5.49559296370477 -5.495784658987 -5.50721162992369 -5.505093605289 -5.49854901953459 -5.50425151946793 -5.51673501373298 -5.52012872386646 -5.56526375431716 -5.59923405579854 -5.62880429620686 -5.96189844111366 -5.66574661754804 -5.70344260704212 -5.9704732968258 -5.89697375155953 -5.90400629361381 -5.65313236870855 -5.67339282591968 -9999 -9999 -9999
-5.47022819182997 -5.44906839947029 -5.43234670404255 -5.41627404495048 -5.39844804618303 -5.40185534421461 -5.41065560542672 -5.40528067607077 -5.40723464449115 -5.41658309587778 -5.40747496556799 -5.3906233636327 -5.40203261422145 -5.3604024672446 -5.33549622211021 -5.32867750518815 -5.33537081842631 -5.33806271310213 -5.34717382652788 -5.36103839273464 -5.36853519749461 -5.37261615934798 -5.3553177662759 -5.35263013510315 -5.33555434125005 -5.32538576210211 -5.31717651062003 -5.30148813607361 -5.32548352264466 -5.48457516735283 -5.52316828930973 -5.52577050843816 -5.53669039095019 -5.50351234119178 -5.48838423912364 -5.50026302958493 -5.48992501613152 -5.51465007005793 -5.48585415989883 -5.50459319273123 -5.51261833172317 -5.54377777985213 -5.57904742722208 -5.60061961485521 -5.61835120670243 -5.66707463537836 -5.98974237817685 -5.64651312920697 -5.87197396194919 -5.89405300123035 -5.93626105367987 -5.65298004474747 -5.66746763373338 -5.70917108548171 -5.71642652797922
-5.47440281337186 -5.4609323061627 -5.45502211358568 -5.45192152090566 -5.44708128631161 -5.45085086246337 -5.44729211625376 -5.45636595699514 -5.44710814926424 -5.45021356512644 -5.46248115971978 -5.43231621827434 -5.45382033852247 -5.43048456762358 -5.40058237044015 -5.39118963658537 -5.38595777183242 -5.37157703598083 -5.36451127631697 -5.35665436812495 -5.37385397800231 -5.35589756664597 -5.37483564990325 -5.36213897737007 -5.34536386346241 -5.33645847192159 -5.32854644846473 -5.33491321125624 -5.36169611766047 -5.51730803342524 -5.53202688522886 -5.54780324640285 -5.55600442302869 -5.5430936517645 -5.50081493652018 -5.49900324923516 -5.48731754426425 -5.51968855246809 -5.5246931846803 -5.50740771535443 -5.53117877090779 -5.53070060768341 -5.56225860447763 -5.57946312460578 -5.60602894608875 -5.63188355335672 -5.91855610138913 -5.60038088610383 -5.60053985755942 -5.61476246797814 -5.60854296597751 -5.60720953834974 -5.67626090762331 -5.72720737552428 -5.73345977226596
-5.48507866882519 -5.49033812672232 -5.48968255891825 -5.49032599227418 -5.48913045381588 -5.48925031132189 -5.49430249480459 -5.49621887461264 -5.48478377780995 -5.48945260452049 -5.49295438150499 -5.51075814932191 -5.52745906763062 -5.47447496973089 -5.46099571624122 -5.45394445964971 -5.43542370738553 -5.40124822813149 -5.38213228143582 -5.3867799414043 -5.36015233777263 -5.38978532716787 -5.38177334745145 -5.3685125137598 -5.3474108243382 -5.35165924432093 -5.34288576985089 -5.35854962976849 -5.37974095604876 -5.39335863306857 -5.5380980273365 -5.55672011747797 -5.57028479077102 -5.57191805177006 -5.51694289244749 -5.52616436557583 -5.52206805388753 -5.53099267016911 -5.54281349745126 -5.55687962248589 -5.58113663653262 -5.59323679343701 -5.56005642571302 -5.59892467688069 -5.6043010621431 -5.60541706080954 -5.59922048820149 -5.57814616922366 -5.59509290101297 -5.6153226479901 -5.58185203193594 -5.6178155681027 -5.66984870256016 -5.70062939241158 -5.74127645102639
-5.51332140088459 -5.51516371513818 -5.52467835866742 -5.52393613512324 -5.51236245824699 -5.51275823528924 -5.53328864173117 -5.53176662619769 -5.52579707540994 -5.52486963323214 -5.53171081231398 -5.5513548066979 -5.56315612481102 -5.56654104783304 -5.55507823379098 -5.48449443416486 -5.44913347889092 -5.41905052848894 -5.39301530995271 -5.3806043022567 -5.41865607671848 -5.39792505561894 -5.39229746492425 -5.39518723852274 -5.38884674592654 -5.37924490208059 -5.36460300503622 -5.37179483650391 -5.38741228991139 -5.40089963502913 -5.41449690888425 -5.43962642825287 -5.57703723754384 -5.58779210253373 -5.56725426823503 -5.55119236183258 -5.53722250076809 -5.54235866493666 -5.5571814242208 -5.57168981132897 -5.59475571582577 -5.60853395509555 -5.61955194846815 -5.62510849247462 -5.62612452291662 -5.60630250626109 -5.59522263286039 -5.60444802976904 -5.61364611156243 -5.62127959385539 -5.61551815579446 -5.64495754072327 -5.68139223200021 -5.70484613488504 -5.67610327655443
-5.52399148717352 -5.54714223896831 -5.54643318929989 -5.55064209877101 -5.53122303802571 -5.54096243452803 -5.55898346516547 -5.56456523770919 -5.57113661794572 -5.57063142433968 -5.57517031870548 -5.57746982887604 -5.58955272895815 -5.59288961199406 -5.58156460635549 -5.56809200178665 -5.53453108619807 -5.44100616285378 -5.40616386117419 -5.38733162247523 -5.43868807441063 -5.41551494986712 -5.40261232021876 -5.4024436023341 -5.40843506527524 -5.39547219985082 -5.38242712905633 -5.39236095232067 -5.40349134274765 -5.40861639506185 -5.43022430548411 -5.44935685464913 -5.47549621429197 -5.48738067253651 -5.59053865169214 -5.58456745012873 -5.57670544994516 -5.57025449933438 -5.58256917094906 -5.60019379685564 -5.61078971427908 -5.6344439599821 -5.66110649617438 -5.68149439668415 -5.6891492293972 -5.64432325503704 -5.62030036126229 -5.61351472424463 -5.60070509315874 -5.63815487090186 -5.55545267987153 -5.61872742526822 -5.60925244050753 -5.63647593103694 -5.68571628274722
-5.54159535378063 -5.56182653886911 -5.58658349416199 -5.58035642311454 -5.58441131241489 -5.57138561227038 -5.57816467015154 -5.59351400549291 -5.608446057196 -5.61574671989719 -5.61567802653445 -5.62549154486984 -5.61780445805525 -5.62038396301738 -5.60793200081154 -5.58551268354539 -5.56013371396589 -5.52487922684863 -5.49782486992909 -5.47624167286761 -5.45786479417222 -5.43368944746537 -5.42022882051161 -5.43073113978474 -5.42639576246038 -5.40652850489794 -5.40755745826232 -5.40870400792385 -5.40774775217525 -5.42564007487973 -5.45580007114644 -5.45999371224124 -5.47760507360122 -5.50294836536395 -5.62163546562393 -5.61270066797346 -5.60718261051431 -5.61991394214107 -5.62011760569762 -5.6289330921882 -5.66247761553255 -5.69057934847495 -5.69142429183405 -5.73732855445318 -5.73562072346426 -5.68747062952078 -5.65421136239722 -5.63129807301549 -5.63834870502514 -5.54441132695012 -5.56251332600786 -5.61551076902531 -5.63785151038934 -5.66218284779157 -5.70209428220239
