data/pcas/pca_proj_current/PC07.asc
NCOLS 494 
NROWS 529 
XLLCORNER -117.166666666667 
YLLCORNER -55.5 
CELLSIZE 0.166666666666667 
NODATA_value -9999 
[rows 216 to 239 of 529, columns 324 to 377 of 494]
-0.00742153911041724 -0.00236917026754571 -0.00369930671171151 0.0112006334973112 0.0182576750492869 0.0194287807930243 0.0300376877577955 0.0206158238946341 0.01175065944412 0.0110015761408158 -0.0188287805777835 0.42968728885563 0.404648018574681 0.358968155849283 0.319363242104021 0.291532631142406 0.27130460715455 0.281210311611795 0.282620128461016 0.28351033892547 0.284909244549726 0.294201264447593 0.322656499371965 0.352605316298949 0.38209274384375 0.413110096910903 0.443929835411126 0.461778955783238 0.454370365996726 0.398723118111122 0.341831363995372 0.254276879630771 0.190392019987746 0.216253559111669 0.249206700531081 0.277256830068585 0.29938055019979 0.303105050951564 0.301677199094626 0.305516715569962 0.310291086902473 0.316268580356856 0.326177040069056 0.332931601683869 0.332074465268541 0.343649430904048 0.369089288744268 0.371082801755215 0.376296066977802 0.391233458382673 0.464416337064596 0.444529531654709 0.515536562199382 0.504664613771365
-0.0437230306391726 -0.0275229755693469 -0.0168681884416785 -0.0114904465381889 0.0015488131444939 0.00486205620957253 0.0159777170230319 0.00539753959001782 0.0076238634993635 0.0114531076180636 0.39300617213899 0.382324419257634 0.358226375429976 0.327887704602985 0.293083467352732 0.277359019787701 0.261119435922622 0.262558790581125 0.265371117607082 0.256880029958003 0.263942044270182 0.2925755908044 0.323138129244861 0.360054068339754 0.391690137613909 0.42476128464256 0.433074639231705 0.423360839323254 0.417649696403188 0.388506478006645 0.341559128028221 0.284606968762128 0.25488017274404 0.278453381995924 0.298691164473226 0.316159003051648 0.330432886959936 0.330418115664012 0.325115034545781 0.320351959771934 0.321810494150107 0.321383528907179 0.327150515731052 0.338695119629093 0.34059769818293 0.351984222149131 0.364013337881366 0.352795494353527 0.364697154793512 0.378637287402769 0.397574738243756 0.43561736384432 0.469182064373175 0.500458028388999
-0.0515822586700029 -0.0360708645810263 -0.0256575995447289 -0.0171346924111566 -0.0205388930155544 -0.0140777296739409 -0.00208642066726922 0.00696598981424781 0.0164517616263948 0.338769121961377 0.326529069909977 0.331992964948093 0.312584111977806 0.287565446506134 0.279826509560585 0.262168195525641 0.254851534972094 0.241163803211067 0.230461545172898 0.236340989819672 0.248529962883394 0.259973275499429 0.295935095909998 0.336900741586391 0.368258170892613 0.40480178285851 0.419222064755434 0.41190311275399 0.398679809094701 0.37638753656021 0.358114682215166 0.337432034412342 0.335850579524266 0.36510696379998 0.376092921904987 0.382768532420063 0.377019535280752 0.357519132999301 0.346035816688674 0.345200329047259 0.334683977765368 0.335857165667656 0.345633064009116 0.34881651704987 0.356189105601898 0.362275562797705 0.351530924401736 0.344323139696859 0.356198515096404 0.355761546887006 0.377132497501474 0.420358017406615 0.477207824025854 0.515161579689037
-0.0673715176224899 -0.0570636200803312 -0.0422780276238765 -0.0367916443232836 -0.0234767051409871 -0.0164367503564753 -0.0195697076631288 -0.013633395636898 -0.0164205585951791 0.296916516181042 0.262895108552411 0.273461861980282 0.297491607160818 0.283598667037633 0.270590496384811 0.251174852621923 0.238289450687691 0.230631371873147 0.216900680222686 0.2077247138359 0.204685811244989 0.216059681384195 0.257812184467041 0.313548279077484 0.348572460615899 0.382480093677601 0.405967250878542 0.406284309031156 0.398789680530838 0.390795714912838 0.387097256564494 0.383784529079267 0.388609204811261 0.430849356750184 0.435800403675512 0.434072195798146 0.414150338250384 0.396345825893623 0.378294043834116 0.367282230780825 0.355302299728174 0.35331454454782 0.354547506479326 0.364332471824434 0.372726536749387 0.362120386715862 0.358956217290119 0.348853809560392 0.36022463875786 0.35434677133769 0.355902189189567 0.395415833259129 0.475703066574889 0.524431511080746
-0.083965556060299 -0.0562336505148298 -0.0452642241552255 -0.0363312498387286 -0.0317833465401652 -0.020615079805436 -0.0150967784441151 -0.021002136255654 0.303412141228683 0.262979491977283 0.249628146152384 0.261922517467731 0.284074761235419 0.288932958110423 0.276860838344193 0.260334919455138 0.24033756287303 0.221441981875768 0.202806079482013 0.182832330670199 0.160175854422102 0.16642646542991 0.212658620274741 0.274745869257051 0.321573334953449 0.348122042015985 0.368207889483678 0.386202178322304 0.403498671007777 0.407955848273408 0.411565178601873 0.420860570644168 0.432744797028944 0.446617411579335 0.460162924330674 0.453811782348653 0.42883823117024 0.401985894306107 0.388999971000642 0.369375864116648 0.360411022661204 0.356656954945352 0.352697490883868 0.36325740587848 0.392616951241135 0.386724666094616 0.382997213850404 0.365932922926907 0.365102826705061 0.36080634444703 0.357179114862937 0.394216444093236 0.460159315386666 0.496035698660495
-0.087133099464533 -0.0623358916148427 -0.0555390778316827 -0.0461480673515351 -0.0401896144163631 -0.0252485024354507 -0.042826526500455 -0.0656981230002197 0.288987295401475 0.268332946800886 0.248486180867716 0.257298580684523 0.265870298502247 0.290523265148029 0.287566725841821 0.265962727126138 0.237713122889673 0.223686873557825 0.200057400376152 0.16167938422589 0.127988208737204 0.115251373921499 0.160468186297646 0.238382244383099 0.289795597728511 0.312488055939828 0.333490656961669 0.347929935469367 0.366367937867054 0.378010940501498 0.392960410543633 0.4065721390591 0.443655693084476 0.455835120012236 0.471765253484961 0.461688688175247 0.443109544830117 0.414951455746595 0.397251005018858 0.376193556788851 0.346628317116015 0.331976953948129 0.323035858716513 0.34254406190033 0.37828233583996 0.412798671746782 0.40214604194663 0.382680208616061 0.382574290603653 0.376713814193739 0.375288417342026 0.405080752925087 0.456235922411165 0.487285991795626
-0.077352679300546 -0.0618338176307743 -0.050339000618933 -0.0463577840567281 -0.0384602462505206 -0.0434197430012837 -0.0671368252114037 -0.0647523512453171 0.282391203608832 0.274057954634336 0.26891205062418 0.261150166570783 0.26131404147733 0.280948467365896 0.290476585754605 0.286603113297296 0.256622958960734 0.234752183545127 0.2028298359248 0.159558843631635 0.109865097880901 0.0817486818051738 0.145789811461285 0.2123955268545 0.256617171237257 0.28857811079817 0.310826460427431 0.320304896054439 0.337990185290309 0.353051232580321 0.360446144511107 0.395377700591676 0.419193019904909 0.446513821563554 0.448045173804742 0.441767114547116 0.427227736671755 0.384958012701495 0.345546887515965 0.318063808089041 0.305373675238032 0.297480430534449 0.319270758628726 0.34363887702999 0.368359033360978 0.393161564736085 0.405958554354315 0.388507160202332 0.388990038294351 0.386119168109399 0.401967117986054 0.421937792123089 0.454661684815203 0.484482435093446
-0.0693562241416126 -0.0570114493893672 -0.045928393235073 -0.0437375180127675 -0.0445112000370884 -0.0624044704575076 -0.0725664528960145 0.291202325099631 0.280286428489125 0.275194813011184 0.268659500909646 0.269960479646823 0.267743022913562 0.28159362106158 0.28896083002679 0.290271110909561 0.281674976870891 0.256236606112056 0.224280761418974 0.179727969718905 0.147213229800103 0.126288672979288 0.156686559769154 0.212045056697455 0.247063356511039 0.277571758510774 0.291554182408626 0.309354431583716 0.323994888885329 0.3396352179752 0.350534045531836 0.369471892532929 0.390723253707879 0.41468402445712 0.417569412899766 0.412336282352006 0.391965700783987 0.348571410110167 0.307782021777481 0.278734927352677 0.286252060635938 0.282219338080759 0.335237231542893 0.349516992783047 0.365694294695934 0.37929383352697 0.385638377452407 0.396551928113681 0.400350160326187 0.4079815524134 0.432208814985028 0.448285708355601 0.472429258843831 0.490121801385829
-0.0657045268078721 -0.0515425122244033 -0.0455796920084348 -0.0535625509719699 -0.0691118163559064 -0.0790431118113473 -0.0970060222174559 0.290767029691186 0.284288377152556 0.277464441466064 0.274163345703212 0.280972864978132 0.284553114500925 0.290657393343872 0.29850787519963 0.293615758739477 0.287439027495677 0.276334614668738 0.253928851621184 0.221913939137139 0.195182272330937 0.179138320610735 0.194950538842611 0.22179475108472 0.238629385396105 0.262323336491351 0.285512293188745 0.311834817955523 0.3180931215788 0.321178560186751 0.333272539900058 0.350483807007593 0.36480474196355 0.385732272614346 0.389710519853317 0.392968733854094 0.378871333137596 0.343132687609551 0.299789628842525 0.284527662205909 0.275229692458365 0.288140653334734 0.318250792345483 0.327405755394891 0.350370463116837 0.366835930844239 0.375061154381619 0.392729767835505 0.404336780881035 0.426163201421461 0.464413558633566 0.474278962033543 0.482677372614184 0.484479747506927
-0.0985049567577925 -0.0772978022408818 -0.0730619196027148 -0.0831156675727414 -0.101419246146997 -0.103242715152811 0.292914709431468 0.281790597044048 0.280107491355223 0.28593871347723 0.284070227629614 0.284542140818274 0.293246406089353 0.305230978273981 0.309601460739323 0.308814832381874 0.307066893219143 0.296057954056876 0.277437273910458 0.249628036374501 0.23696916429099 0.21306090402666 0.214237051802908 0.216411544931452 0.239491961902367 0.260074395117846 0.28664065955135 0.2937923765494 0.302456705769093 0.306918477547567 0.314763118828607 0.328577482185155 0.341762642658851 0.348815953656001 0.349680577602171 0.348519888092261 0.348346031229122 0.328062564815538 0.313237010110569 0.299186191493155 0.291526528478766 0.30498138444963 0.305250516757177 0.323372857508966 0.342348850621384 0.343469680353258 0.357282113868518 0.383180755016439 0.400485914859047 0.423929661224913 0.459919005277294 0.471761653471337 0.473227219729756 0.477853934322927
-0.148456487640585 -0.115563758611908 -0.11025306213459 -0.109314828966375 -0.125781087820178 0.287006174455672 0.284852110530178 0.282753188435414 0.287057351283447 0.293058001544107 0.295398741315258 0.299974208626362 0.304607789497452 0.308002192806473 0.323694877945764 0.320726009576813 0.320235845743636 0.308455269026534 0.292550358886258 0.270838703325945 0.250491034621279 0.224441748350069 0.220450613880762 0.225883596137776 0.238724009456029 0.248098681482151 0.266413610468236 0.280994283965889 0.289683600149951 0.299493246221278 0.306238036483651 0.313644190116063 0.318761227189495 0.323402961912181 0.319728676457961 0.318997907742588 0.308655446956999 0.295394576902112 0.288822802222581 0.295476851268032 0.296818604710951 0.291225795355384 0.293423456020189 0.318418841280326 0.333613616818348 0.338923443849224 0.350316837869235 0.364571122162898 0.384221377120243 0.401793929156249 0.42706642042268 0.44762174665069 0.450756329553561 0.456455769321322
-0.196144276668908 -0.174158359738648 -0.161084420531436 -0.150793319278024 -0.155954006856164 0.271574742182555 0.270223848094004 0.270566389272841 0.281688746362175 0.296722347493921 0.308654485751864 0.314037569057437 0.317590494906397 0.318511722916032 0.323716296450166 0.321586243434605 0.311163313959659 0.303816589977667 0.281503198073931 0.262111351956774 0.240990248189751 0.225572441255484 0.218884055165952 0.219604609998163 0.227737988880801 0.234634308762565 0.246295475507878 0.258388598855719 0.271504134499385 0.282510548016036 0.288980858089748 0.296697562162745 0.300965904637601 0.306149713396235 0.305346834637946 0.286902994564276 0.279142459247832 0.273540966458305 0.276240808516199 0.276436078427535 0.278360165397858 0.285811318792245 0.294830051548863 0.308627056692643 0.329542044480952 0.331893845433028 0.335200240535049 0.341830068432656 0.358744531402363 0.372333546824998 0.398811826648286 0.416195211820088 0.41798593618184 0.437289379671857
-0.242825461265121 -0.22806509311507 -0.211358252651869 -0.201789998685447 0.250956696733259 0.242987076606246 0.236046069189617 0.251910213243338 0.266333452687188 0.286803172519803 0.303122158779005 0.313581765688972 0.31973410041612 0.311050459334688 0.305925607446857 0.302306295658918 0.294749282069295 0.287320203499798 0.271630343799968 0.252808133961024 0.226984548338461 0.215364168398464 0.213683088362027 0.217870229347495 0.223493063931439 0.227855139960012 0.237562701412675 0.244402794393723 0.253950236623106 0.267617569286591 0.269800012392454 0.279563677393916 0.280916520460469 0.28977756059857 0.285465567044017 0.276228059649716 0.267447177498897 0.263797603347924 0.262315314259176 0.270494613415608 0.271837176616058 0.286192810998557 0.298054549776307 0.318246476564465 0.330938000732346 0.327099612768805 0.329055575646656 0.331822189615065 0.343648452778321 0.352893402145771 0.368769784936835 0.383150906001254 0.399293189178276 0.410749006910978
-0.273053387130917 -0.260528130691062 -0.247619039102407 -0.247977718630879 0.205471900689747 0.201984854689907 0.210218738941394 0.219424881469489 0.243451304325314 0.268725282389573 0.300071532570537 0.31773094116547 0.316444597252069 0.305228978931454 0.292102064934396 0.281914264303539 0.275231446572408 0.257401541488378 0.248616939045066 0.230169932340755 0.218916492322559 0.20849495967832 0.208135689848884 0.20797357977007 0.212453193235031 0.223870912618065 0.227613936170399 0.234823844224021 0.240604890070898 0.248464210400069 0.258361310139024 0.273555930260116 0.274059988281292 0.273231050935847 0.269770374605394 0.268112313837358 0.259874531776913 0.259758214547847 0.262020908006009 0.265961079110185 0.275191729650569 0.290797327391118 0.304740173723052 0.312578259066336 0.320447795942325 0.320791623136302 0.316923499166975 0.324303839739331 0.32682359768508 0.335921624962886 0.348047090390064 0.356740406878043 0.375777351683012 0.388667820716303
-0.300251351379726 -0.291748753955691 -0.279382200610653 -0.279428734500409 0.17687013706814 0.1687075311118 0.174103446900192 0.182033957271207 0.210831688329811 0.254657958502494 0.30161201620813 0.316137546685229 0.317829160695709 0.296226989313134 0.274685778198593 0.262232323319124 0.25592752536663 0.241655282423665 0.227774948239979 0.21873297929062 0.208669585762289 0.20452123376692 0.204480707060725 0.198463672387554 0.203606589483825 0.210529659480108 0.221221209262699 0.219871141830985 0.228336113475004 0.24256611654181 0.261148229064722 0.271463132500018 0.278964024525054 0.276653225680064 0.270647155350653 0.262602671063131 0.258461889848901 0.254862310322313 0.260020277499773 0.26412243977334 0.276011671123299 0.286536169201821 0.298727637604387 0.303271887882308 0.305615259093468 0.306770614114285 0.307776113236523 0.311175588525327 0.3153591144207 0.328058700009815 0.333708772827588 0.338162164175465 0.357484467460297 0.376138561849219
-0.314869870640285 -0.316981650052735 -0.310348130113429 -0.313895048940489 0.156766717532519 0.144787194722677 0.139715728354036 0.145801922117406 0.177998971977042 0.230571103233049 0.283133069329214 0.301176616059777 0.295984492723938 0.282727829317324 0.265806224222674 0.252198729961359 0.233785356699996 0.217128411553271 0.20744127147563 0.199673736787102 0.195511389794121 0.189745879980536 0.185738616753073 0.191013287264372 0.195117055951275 0.201202922103735 0.214015154801367 0.217889056873831 0.228883207848876 0.246592122675185 0.262780835531259 0.276894167626946 0.286945967805081 0.287627073432686 0.274334436137133 0.268924442729512 0.267177450333326 0.257021973258687 0.250576054330718 0.257365443852836 0.268176042645648 0.278728724045398 0.290957603575042 0.296189847930575 0.294275271139666 0.298634769336762 0.298339496724125 0.305808828899604 0.308481684915817 0.321490498068281 0.332657562404372 0.340472096134846 0.347506211607589 0.368579628701905
-0.332969774202098 -0.336883895575932 -0.337471961510614 -0.333027724788563 0.144565637947951 0.130215243247649 0.113776616058627 0.110465450865304 0.140516857400121 0.194741680076682 0.242534902940488 0.265861134935938 0.270588796093918 0.260189597210544 0.247024690645469 0.23122720106719 0.213033605555068 0.205838491495812 0.190904506552188 0.178736073915239 0.174668801645743 0.179730974095165 0.174900646344228 0.183053161523142 0.187768639996649 0.198057856687506 0.210680916971031 0.221202346607492 0.231706742364493 0.24499703972783 0.266411584750366 0.282863974138658 0.294143606824331 0.287531707417768 0.274689875020229 0.266728680891936 0.26940231955077 0.258732719092966 0.254312678437022 0.257835047952681 0.263761392150191 0.266793102848128 0.276405537967104 0.28271922290451 0.278178363353212 0.284598113008619 0.296332255532713 0.30059200198838 0.308048701934769 0.315221474120363 0.325952908446809 0.334902098771493 0.342906963574452 0.362489182895181
-0.35836595688597 -0.359448970917555 -0.359870504149467 -0.353459879038361 0.131539299147882 0.118400081833059 0.105071039360469 0.0964919541867151 0.13527952041878 0.188109724466334 0.219416511828739 0.233380779081397 0.243924959406769 0.241929880762486 0.227777641573917 0.216684740744848 0.202758527253776 0.18665655221695 0.179866192975842 0.169565990357739 0.164570675836102 0.168893449729757 0.176513095407572 0.178303304130434 0.18322673490031 0.189761411483216 0.200870740540986 0.217375596808653 0.231492476209805 0.247255602772838 0.261066679767828 0.288171709613222 0.296274399525949 0.293596329679726 0.281995350633966 0.26899155275046 0.254025103185573 0.24653127677163 0.248223002159873 0.252255876683282 0.267026311177438 0.263932380038365 0.271187343957702 0.274223495322342 0.268379599156665 0.273774777206821 0.289223094991281 0.302251475358536 0.308784807120201 0.318170234194583 0.322220008927324 0.332722871969258 0.339964387815851 0.352077565008593
-0.386523525819969 -0.381776263711194 -0.378947511719067 -0.378983989366326 0.126344863505084 0.125204166646411 0.120946336295047 0.136446363172316 0.175558315935331 0.192129085256068 0.21004183516999 0.226664547605776 0.231319423260642 0.224190332248124 0.209482246528205 0.201986592521333 0.184251255248893 0.171472688321284 0.165554755710014 0.161078120360437 0.154024210488919 0.160335917472697 0.165426974547796 0.172096442574142 0.179967989905021 0.185045519165795 0.197550101628845 0.216465168625517 0.225619183340454 0.243321494884783 0.255834480240307 0.279067835526874 0.289858562040697 0.286616770344543 0.278161935591272 0.262584215250075 0.254196615414909 0.246471319370944 0.245768007255092 0.247026212843458 0.258974527462955 0.260318361467861 0.261779876901178 0.269827489579821 0.277205502462599 0.27277554138369 0.283314321019338 0.294732333872169 0.305969388255443 0.312029151672364 0.318214619561241 0.333133918269779 0.340069665415873 0.349729721834995
-0.400517504190319 -0.393332544919267 -0.395563233465856 -0.397224440454968 -0.398737045987117 0.134525113396929 0.138485257625597 0.152931545171089 0.179021127077362 0.192888436403373 0.205519943263037 0.212623621809645 0.212393396940977 0.210253583433484 0.200502702625812 0.195422574630015 0.177340696278599 0.162405743241311 0.144407146549406 0.145698634684519 0.147690928990931 0.15438424816137 0.161880073712271 0.168123352467502 0.174124432552883 0.184274623051269 0.19875617858274 0.213823671374158 0.227264560334702 0.23669333704841 0.253668140050981 0.266656406605083 0.274491577432032 0.273703993283181 0.264095573653544 0.247487684038609 0.242390560477476 0.246585936201353 0.24302122581843 0.24803326762391 0.25699153507535 0.26214640281256 0.263527022076504 0.270631560640571 0.283553963733575 0.276731315460014 0.278576567888086 0.28489615318809 0.29867296337654 0.310449762151685 0.323961019663855 0.331746396789721 0.337089297104336 0.349210764839764
-0.412948267855916 -0.412931589838461 -0.412180507409146 -0.411237306863484 -0.415527306529991 -0.410789597093905 0.149356397645083 0.164947365944979 0.18549967969758 0.201111852095055 0.201365158942284 0.205944978927967 0.204026721951224 0.203005851919783 0.195658099139988 0.18660112452355 0.173570124515092 0.158703710299708 0.135330364648167 0.132870554329584 0.140941169532815 0.143715475986399 0.152421943131519 0.168238013708963 0.174968957955934 0.190513467532935 0.201161025426093 0.214307150083547 0.221851262559361 0.227151307353112 0.238991438514223 0.245385955169751 0.251562144620758 0.245788538421592 0.238909812570461 0.23029596772267 0.232395231534277 0.240980461661162 0.23962249453743 0.248086043045959 0.25637590030538 0.263196359327625 0.262104841798755 0.267162870955356 0.271142051994128 0.277425354587539 0.267015909979681 0.28238696788371 0.30149195560073 0.327262045757361 0.332976943634648 0.337883476520236 0.339138338838566 0.341237605832967
-0.424466997321306 -0.423797344120737 -0.420771541905145 -0.41919410173373 -0.415906062006852 -0.421820963953379 -0.432995818021033 0.17834966231696 0.192971886058742 0.208587586010331 0.208564778588153 0.207084286518305 0.209030933019533 0.206242309720289 0.19998124038731 0.191691244058101 0.172794556328201 0.153550383673847 0.131678729400498 0.116352309531683 0.128702379814829 0.142719236617874 0.151724814298811 0.169375282329368 0.185367701802595 0.193783308688143 0.201953826895401 0.211519022242434 0.219484938657303 0.226091445762225 0.230319709295616 0.219184489079492 0.219203848713071 0.222282204371074 0.221440847681844 0.220612460202495 0.224275233939753 0.234320206834957 0.238639653027234 0.246780021324919 0.258553130837595 0.262335943227952 0.26015048094113 0.261451497570837 0.273077376524919 0.276537226400359 0.268008888932908 0.28307366574665 0.304759977983438 0.330173584061275 0.343340686290989 0.343687876088821 0.344749464135065 0.346401138689286
-0.444852266384196 -0.438817587323034 -0.431940729522374 -0.429106321258918 -0.426589080407459 -0.437055722918535 -0.441730583270476 -0.448824192198796 -0.456969839987562 -0.468957913856349 0.215378897323371 0.221215871709971 0.209962619723472 0.211148348060774 0.202701430891424 0.194656878939652 0.177021919327298 0.159557464533618 0.126812110449368 0.10188732237424 0.116790198089079 0.13265908402887 0.154785913220112 0.170827583775123 0.18695189698783 0.193512575955131 0.20113643523961 0.211555800061439 0.221097652094006 0.227745444181826 0.225349605768125 0.209053840028757 0.186267156135431 0.189105481392609 0.202498772043478 0.206839598644173 0.21060613355588 0.215931203716049 0.229736989210196 0.242288150128098 0.253479259175463 0.256827349556898 0.261033930499662 0.26400733049227 0.268042254064026 0.271233623190536 0.259697254528322 0.28275867093129 0.306033741610901 0.338740698740723 0.350214201243178 0.348672538915169 0.345754628592466 0.346228376791162
-0.462276170510735 -0.451236252911892 -0.444309493458924 -0.433238856451098 -0.431520766702713 -0.43732063811532 -0.445521386529872 -0.459162365222152 -0.472997962306127 -0.487697353405823 -0.508228287330315 -0.519458028370903 0.217676918677696 0.212592709927572 0.213159818899443 0.20143700056823 0.177346488665619 0.160937255119206 0.13541514390762 0.111182895203399 0.130880422095213 0.14226088813939 0.160086855270753 0.173357922989981 0.187051956292807 0.194488111312681 0.204749267272653 0.216432196774988 0.221161712369501 0.231946991119348 0.226664909559745 0.210411019840906 0.1732710466052 0.147529643003133 0.168573642730415 0.185572411880247 0.189053195834529 0.207919673362036 0.224192946714761 0.238223095080764 0.244550232556589 0.248655551452658 0.253602849398749 0.259068184676901 0.265234334952048 0.264959498877724 0.268310347173533 0.27115994793398 0.308652559450797 0.343852177882233 0.354814676137315 0.351557401753301 0.347280020080694 0.341279717891574
