data/pcas/pca_proj_current/PC07.asc
NCOLS 494 
NROWS 529 
XLLCORNER -117.166666666667 
YLLCORNER -55.5 
CELLSIZE 0.166666666666667 
NODATA_value -9999 
[rows 240 to 263 of 529, columns 432 to 485 of 494]
0.175207714518902 0.175579592778863 0.168935157617515 0.172548053019687 0.177550281617819 0.175633668685499 0.218769618471379 0.267582192172964 0.307681361791481 0.313665973316029 0.304785499762906 0.315356232142873 0.366826730242173 0.425743303767449 0.470982329213242 0.526433835384863 0.576658992849669 0.644265910295691 0.701142968800937 0.711774142980192 0.764845041261907 0.827293800365932 0.851804088066829 0.869412059497327 0.906947959685453 0.93512529659015 0.881955475632933 0.813857603804945 0.750217564637547 0.700262252823388 0.60222562946851 0.447343311279685 0.406299289682705 0.390048321044375 0.447502212648999 0.526609066086247 0.614645531627801 0.771985684714894 0.791356550373851 0.712247617429987 0.757983791926292 0.796890356815299 0.86371917200727 0.892766088092972 0.878899875785789 0.811555912524984 0.808829440354076 0.890410866295075 1.02476808006956 1.08931353777182 1.12592126588698 1.1563181379336 0.966951653752252 0.663966282704058
0.187163407988117 0.153191262818914 0.17018537371514 0.188888656101929 0.215851777861899 0.201293795123818 0.24347645111577 0.315414939221553 0.326164800458324 0.339844367435101 0.337270693206959 0.364150415705456 0.440354256228708 0.491109365821963 0.543282261243537 0.576870423890282 0.638545003554275 0.680662693903649 0.755027847214796 0.769565188883699 0.818437838834032 0.862137928634978 0.854177367413696 0.876616345681137 0.914650347917891 0.908502319406079 0.83210380101554 0.719843628373912 0.680529109286316 0.580011501114664 0.572920024386559 0.38473679628687 0.482070366530206 0.492550389115204 0.423769849228767 0.437632774954342 0.643200245360123 0.733608994071831 0.68757043641213 0.700223840822474 0.738923462024868 0.765508339206134 0.760759031879949 0.697864104565765 0.642071170780851 0.839816112349243 0.950490422521955 0.874650254962358 0.918740284289523 0.944536743807723 1.02416048635268 1.05275999546896 0.906714322016165 0.633630298761596
0.170874058380778 0.180943865257196 0.201365834476604 0.208543212734272 0.23124461807972 0.257089553050828 0.291020403426958 0.325305352554326 0.34982958931806 0.350465892115775 0.362325686839562 0.403051004063535 0.47024595865772 0.52318108653714 0.567744882253424 0.630783235591076 0.666760986687335 0.70694956662997 0.760358820473989 0.821272033841874 0.847284984346645 0.885876655063311 0.87379066627183 0.916121363292634 0.918996399512929 0.845447238837271 0.811645045938612 0.703883297287282 0.765211651745433 0.770526718233917 0.688677206278653 0.580053791362978 0.609649608901572 0.677001940448147 0.701655771235226 0.804380809096702 0.864887497624145 0.717345998006816 0.621587158169408 0.564136073683145 0.603093713637132 0.541343883187204 0.410868128780179 0.549456824702791 0.720911158229525 0.926559832974012 0.874289408906081 0.719057716235006 0.734321850277463 0.854914683979303 1.05078550390282 1.13400022063973 0.912048423501333 0.48928379496829
0.166800154905363 0.186597401177863 0.207161349423545 0.222376478888968 0.252181428882359 0.285804481211288 0.314732727025289 0.351259112960537 0.356653130910208 0.340033355963965 0.368891365430057 0.40665269545825 0.461883568512295 0.518682916781422 0.56958176624294 0.64814233090232 0.694610737644176 0.731579010972189 0.798296717275446 0.823310905276413 0.863064650194894 0.869963336667408 0.865300819155798 0.903700361236093 0.936991152873515 0.918230419527074 0.852964768406096 0.806122222323147 0.782039765636627 0.770543051210675 0.708970367041206 0.683881677666839 0.693413435364645 0.775009527420547 0.792542975688206 0.884537482523904 0.863712855487265 0.724037204285599 0.649487792960754 0.570438463231839 0.570711512885274 0.506217250952598 0.424434152238834 0.611302224179849 0.661461079756179 0.626835299429833 0.644930701913961 0.570903042031458 0.611977010148703 0.781654727845249 0.860782418452614 0.824849121746756 0.803132751855694 0.449866884572775
0.176231632175542 0.180600932413963 0.215484985228854 0.237083268455166 0.27744610861612 0.302378430818563 0.337280441031175 0.361723942064212 0.370746709069521 0.349949860220372 0.354496820789489 0.419383768767007 0.444833050641961 0.494190320592786 0.575715454597324 0.659777076814176 0.67740330814754 0.734332013890784 0.790582420337544 0.837157078024541 0.85652063680816 0.874018239591186 0.917837424220888 0.870527256991038 0.904300284241524 0.88953720379385 0.842202718535477 0.683373591610107 0.753639828131277 0.746150079068267 0.717661533933208 0.685252397611354 0.718272603281431 0.781144583080381 0.746224906587714 0.855365867279598 0.843716619411789 0.750100476687857 0.667629093854817 0.610366104970433 0.579313927380935 0.55733286291617 0.568094091299411 0.565484991068897 0.45923934659042 0.562529346688029 0.644565141217142 0.692937851902905 0.676756219327608 0.820044498703613 0.546875881739909 0.441363215709696 0.562011429173184 0.437247070559132
0.175640253843241 0.210447552889207 0.223985063979647 0.202554538861922 0.297831399323151 0.310060315330506 0.342424842902216 0.35962533240515 0.384337149660583 0.373414086514704 0.397127987271036 0.413923539174833 0.445543557263655 0.491188571495684 0.540894512380809 0.603453634725299 0.700633029212601 0.758075125818384 0.793531913039272 0.849776471428309 0.831405777097398 0.840224259693995 0.842784704820383 0.876881240263971 0.909820803073416 0.882698190945297 0.755259216632232 0.696791878107569 0.696398404157495 0.685084487668249 0.674253465707073 0.711457081436388 0.777155006394436 0.756255376555453 0.798245251332742 0.870199257833694 0.855927877891736 0.687028103257951 0.606980639720557 0.619567705279661 0.600331613895424 0.596289813384634 0.608685337203583 0.610031406410679 0.495303002729339 0.526858593210831 0.62015420861243 0.673524625410815 0.427539029413159 0.31613593935356 0.239112158241653 0.290790038845902 0.192569041773066 0.219609476128262
0.195517142704453 0.209985778696533 0.238251529468781 0.262034174713249 0.294292370936363 0.326633068698205 0.34993286903767 0.365160547914278 0.394018227995668 0.389021851468023 0.408295188484573 0.437315235559766 0.454930224058037 0.488689378589781 0.532468853896639 0.587115315325443 0.675948534070949 0.752267156877685 0.791263828710132 0.844105460009715 0.863557809274189 0.849322697362401 0.847115161606253 0.82556542920093 0.840624725207114 0.740407230307556 0.712450789204293 0.730836277192846 0.763460621580169 0.705944364636874 0.640517380817465 0.681452204089399 0.840876289429034 0.920695142001006 0.966477975365172 1.0054605857829 0.938290403635977 0.781938655633511 0.574961782078271 0.659813764338476 0.646205908405888 0.623010942482233 0.711045713940792 0.656520839076429 0.566542291236137 0.54710460009557 0.533142322162171 0.328926411630389 0.131219754989316 0.122440088338929 0.191649690234566 0.192350627778775 0.149478297869589 0.171826030778247
0.210060355006264 0.220398036505071 0.229619736645014 0.247617412438474 0.267828305086202 0.321557600580403 0.3594691675885 0.393505492834152 0.414569321041424 0.4167484713473 0.431305268959599 0.446090141679818 0.460204707233022 0.478903861805134 0.495276765177361 0.563463054824172 0.631356659926596 0.689005561808832 0.742574639587171 0.865266503240562 0.911622030581919 0.851810647515359 0.812101355302843 0.830408128171684 0.778435823252985 0.737134281837776 0.760999063565515 0.800502421647385 0.797661366661962 0.701527760642775 0.679169242508238 0.738499157483258 0.895871812742786 1.06300782716568 1.13249189869357 1.14729385098538 1.01295993234916 0.814533837328143 0.713528579067245 0.709278627147646 0.789484386739153 0.822082830507205 0.648740371231136 0.489868818942089 0.515430759579363 0.598470072643694 0.227899226962446 -0.0369035514472136 0.0183528489777672 0.220330457649658 0.155057460897054 0.0833150396771953 0.0809086737051607 0.184784310647131
0.203028536991227 0.228880777095799 0.242435629525242 0.260805984653681 0.296244273316927 0.333931751964959 0.366872636914076 0.427565898385998 0.422241704753162 0.438212643145184 0.452933592563682 0.464125254481528 0.48100283267554 0.475463550589727 0.479341737670156 0.530874702540733 0.59040301736775 0.652018452801024 0.704341138933191 0.799015472151636 0.840076271494843 0.779018509211904 0.703401631023162 0.724957487837849 0.751272586523312 0.790884262258128 0.81129317560932 0.792016696366991 0.738231182490419 0.670432994157468 0.704301092152443 0.880876425950371 1.00096522463572 1.05219863147585 1.0422823393045 0.997312935269442 0.885499682305414 0.844540915791596 0.795673722090938 0.877061477481736 0.938364000839159 0.879675402080885 0.41685680563665 0.24850231729658 0.470269328010281 0.46119305889878 -0.0563487564340492 -0.052175761753146 0.0800668212382803 0.112136753265532 -0.00224989350404761 0.00241817626253804 0.0537184322676723 0.115622650626131
0.21683556823498 0.236513012467348 0.249581959180285 0.28841030767597 0.304142529515361 0.311739672202562 0.332621104659215 0.386165332969576 0.430017869348549 0.442806360227114 0.465308728214186 0.469744007098393 0.49184652880225 0.491653997165152 0.519627421121684 0.555826151874728 0.623241404694531 0.68322293282332 0.707411329690088 0.718503801759246 0.723535507857053 0.707131141461381 0.6791151435426 0.69390859838835 0.744288158209731 0.796419060454094 0.826996330962872 0.732990581997174 0.634878737402185 0.657746546419309 0.712993039668742 1.01742076008441 0.964888570829958 0.840618522190762 0.832498256555515 0.900039859672714 0.878265856394853 0.695371271231931 0.666873211734037 0.828957602960431 0.751340599484828 0.47874435261316 0.158354924176482 -0.00788143821964887 -0.0238460175007224 -0.116151018895254 -0.10314798727491 0.0082146686541428 0.00665960581961986 -0.0277217202409977 -0.0352457753414572 -0.0467335947722456 0.116628030142324 0.233981260409354
0.227429628710816 0.253242180687039 0.256982859380598 0.294379812481708 0.294630319400224 0.281711498194323 0.302754526796657 0.369643584418498 0.435223657226508 0.471740734460597 0.490284465759335 0.501639409552447 0.513116521902377 0.513394105422866 0.544940233872332 0.554537310556499 0.581998544588561 0.629557503712669 0.673459624224443 0.68612495711943 0.68378999094088 0.683060639753911 0.660354102040278 0.697258842364729 0.724124592021574 0.762825546090302 0.762160458317707 0.677976513860718 0.582298508543111 0.651480027590777 0.759923894946505 0.882530312359518 0.8266268315676 0.71711655857665 0.669905874454144 0.761770214497621 0.928365448551597 0.730632369756496 0.488267684265837 0.365207862472228 0.408284761674517 0.0628694189195564 -0.169003012010536 -0.182811098695306 -0.150324471119475 -0.130122417168367 -0.0826073894398904 -0.0362680352706807 -0.0171702424166416 0.00290445839698375 0.0751502120506982 0.174587661170136 0.279550960521388 0.346759379475234
0.26045155374729 0.251187189085328 0.271519219659868 0.300647756716305 0.305900625736433 0.296916070967471 0.341452528251196 0.400528893263287 0.452000423536492 0.490109752487673 0.516016649852917 0.532467644711883 0.541806456572488 0.567735011592796 0.566660433568134 0.559851777351891 0.525842983728028 0.59328942497544 0.669322083421432 0.705598403565386 0.705115145393294 0.729437557783178 0.729177128794327 0.754848643436468 0.809205507377879 0.793145629399045 0.741852640327825 0.667317911372083 0.647675213280367 0.679646263885546 0.706854614784847 0.731217008471548 0.692498975426594 0.6009247999385 0.615779396155133 0.607523459543356 0.744803064065229 0.696145727612308 0.40843487357009 0.155129059877441 0.0382941122549572 -0.022327372708933 -0.232714696037876 -0.17355516062627 -0.130298629575291 -0.113794365923889 -0.0398377276158258 0.0394387770731044 0.0708964008041067 0.0925931653732877 0.170828714688055 0.305089583667608 0.38234991109123 0.377454952123493
0.307701688675344 0.283844734984727 0.262620034614566 0.270078781622937 0.304020918561662 0.345924799203639 0.382752803782067 0.436957471004973 0.485697933617058 0.530932909427822 0.557378706162234 0.565065898753293 0.59019572495285 0.602985509459252 0.601267074980461 0.559521440681027 0.547865448641161 0.606020668107358 0.711578423979595 0.747212814537806 0.757447677256733 0.761953457963573 0.777182500252496 0.82751415887232 0.87559941148679 0.917136605730397 0.8425301408182 0.787065764578163 0.701982548428434 0.688276977402439 0.581892617664313 0.575681406189105 0.563178978795118 0.520771870985813 0.569392412031795 0.516414015763499 0.514434487249542 0.490089434639571 0.228081101080399 0.0529998160245395 -0.12050861935859 -0.14567771187117 -0.198499924045666 -0.195646919662405 -0.117719824610337 -0.0340348264026819 0.101925249433226 0.16224777563244 0.177504603240515 0.207238416080614 0.275703571452174 0.334685040432036 0.399102215262926 0.352215799434038
0.303021869152903 0.284551843414589 0.234509190588929 0.24717105786059 0.301937658198598 0.362627458803964 0.413444660453702 0.45582329042538 0.50277320623079 0.553560637231312 0.567666063131145 0.58814895989027 0.606716882988725 0.626532873889521 0.589103517612212 0.550639407585416 0.579097709984076 0.637816740076045 0.722234566135789 0.762422402337151 0.791295193183329 0.837349159152474 0.856402227713781 0.868322972897157 0.864125046841019 0.875751817099494 0.944647440160951 0.941093244342375 0.837245674584705 0.751971460795654 0.595516587335916 0.48941334100669 0.445473407934984 0.414692779279269 0.426772630007735 0.337111783208098 0.326120394740068 0.238039706712402 -0.00443382885787091 -0.200277986840695 -0.235874699273625 -0.208784286479296 -0.247080246018621 -0.205529839179936 -0.169896053896642 -0.092367897269845 0.100916266387864 0.195666888240393 0.1619455219015 0.270171639288052 0.442756084926878 0.371346913175931 0.369007162459876 0.323151439220356
0.351178766465511 0.327693010471134 0.308055081054658 0.305531019292436 0.33641077495649 0.375072049922396 0.424710444376133 0.480947522987896 0.541303355552504 0.553833839822377 0.598379472067043 0.618781484273251 0.640528754408141 0.639382312033364 0.606223443232148 0.58847421464526 0.616934473915684 0.66966885767627 0.715296374920686 0.733212422253063 0.769417371743216 0.798054223512334 0.824767257084087 0.827012864671066 0.847705529582944 0.877595128156299 0.829388371049701 0.87720906755356 0.887177417931714 0.757661983698207 0.559826827194196 0.486745496753004 0.325115434714191 0.249945283496956 0.270574290662946 0.22817792548809 0.146619364794114 0.159430545278362 -0.21087810074974 -0.370387548924652 -0.369893862534537 -0.337816294341926 -0.350699286398832 -0.309594248323634 -0.209032137869682 -0.0676540846345569 -0.00413675436445884 0.0877220811456361 0.115175507285554 0.261036988995327 0.373692436244391 0.388630078582616 0.362725832995118 0.318656002154904
0.402746263293588 0.37532225978275 0.362845564504054 0.369961989830553 0.360403909484305 0.381426500145531 0.455826596891737 0.509350076514183 0.550054312830852 0.560395504302661 0.587014770723594 0.606530458689895 0.629319157257466 0.639576378690608 0.640779528298579 0.626113373817683 0.644847328548644 0.722777393360619 0.693373702230087 0.676036311078551 0.679992545930325 0.683446050997518 0.725833482737115 0.747866790461042 0.713517921210288 0.708165898576895 0.693950441323606 0.737415069105667 0.672878506844227 0.564293040231767 0.293326369036347 0.17553261071904 0.111661480765702 0.138858505854046 0.145982054886775 0.101686510559707 0.0757252067513739 -0.0241457492639153 -0.237942700528594 -0.417291574583821 -0.392967804437505 -0.387198745037884 -0.371857388787828 -0.314307352891707 -0.211814835604856 0.00369421517152591 0.142642571578765 0.117284789243115 0.0921816144740362 0.204079309518977 0.298301737126936 0.345807392471917 0.375255863632877 0.351669795199034
0.388729577325721 0.363706639216368 0.377957565176092 0.3753555737287 0.372498336962321 0.38640907148307 0.478945830931473 0.542359040661089 0.547873174617528 0.566656753662892 0.577434133749243 0.60307021187677 0.620185070381315 0.632149177807535 0.654996146869973 0.65696244677097 0.694500963874368 0.728517480908094 0.692073722552705 0.663165588649689 0.66924722092321 0.715249540369365 0.748627574498413 0.679424849262632 0.572998797523866 0.587018421626042 0.666294413190306 0.640343593309504 0.319740732343856 0.146966821170575 -0.127094013054672 -0.156538001000667 -0.112736061911306 -0.0514690644750137 -0.105032047817389 -0.16728793818589 -0.166252850123054 -0.180124432684289 -0.454279278757082 -0.450099583451599 -0.413591486888386 -0.369072832159482 -0.368009280100805 -0.320576654237817 -0.285458311863962 0.0069609675346326 0.148858710352883 0.159867234291062 0.15619006750289 0.199543722607441 0.271091862804342 0.326155092205594 0.35800479419374 0.355785836682068
0.332781864337064 0.345196646533685 0.364881704381331 0.362779239189807 0.377350616296211 0.409225803986124 0.452147013762073 0.486650033146343 0.524435300226603 0.536540433522567 0.546650388175834 0.570491182019432 0.587717419786666 0.6122121621819 0.665260942525835 0.665209548344115 0.724403051535988 0.726437643722817 0.705267360229467 0.660578726899121 0.665988197195428 0.679505336011693 0.621154146031297 0.540485621614264 0.425190231712924 0.589135159036789 0.628184592041668 0.422873667239496 -0.0530025599362599 -0.325899793122027 -0.314357452585017 -0.306113942794178 -0.256289873865806 -0.284962278152001 -0.420532646065148 -0.46547362444451 -0.426846171225923 -0.45030203955135 -0.486446532891827 -0.427950058051477 -0.374882805996533 -0.337254277386078 -0.320496693865953 -0.309414483448287 -0.294118634561124 -0.0551706437972802 0.11941018765497 0.201564860850746 0.241837475484661 0.299072038332982 0.325712884194058 0.328073005609437 0.349720577469229 0.313368769468782
0.305662957917689 0.345206986581428 0.375550362605325 0.377195079788284 0.368705077088964 0.383510278579822 0.41758865718818 0.453516691757363 0.475427929044339 0.489635887081267 0.515333787690531 0.556057860333076 0.585844208353968 0.612894425654196 0.646149189000564 0.683704863673843 0.708941954837008 0.72534708334698 0.708554097337652 0.667649812782396 0.660118131491154 0.632643439388105 0.457897229920395 0.405058246510228 0.532786789060068 0.61186170990674 0.495266615976443 0.137727342190143 -0.354985335769804 -0.488466131296239 -0.36924917907998 -0.326306437466466 -0.325418761921096 -0.414505849653624 -0.504483385215762 -0.520239563974441 -0.490089426467855 -0.459874876383507 -0.420762233429912 -0.380761525153531 -0.349536215744894 -0.303787496309641 -0.237658024814424 -0.260944255170635 -0.224421865465623 -0.0481459967156391 0.118440017983561 0.251191899277395 0.327564645032788 0.387346455014334 0.381669037282371 0.320784734516428 0.318610880149199 0.311538148269878
0.309567207735782 0.341848692551445 0.378843340486615 0.355132991077601 0.334172562792695 0.354971848086026 0.408879962358612 0.446707302262189 0.453987837142735 0.463724330684785 0.492155145932062 0.531304378201349 0.568125762673853 0.606862259230806 0.640605320467487 0.652635217149461 0.69129688251178 0.727654656521731 0.711848131241158 0.700684004796857 0.702049892045571 0.603036286714594 0.440802266024539 0.394532282756359 0.56451791130554 0.650657209836959 0.402447843847878 -0.0802108922937786 -0.446115228736004 -0.480051656107791 -0.358522488722918 -0.351415902159295 -0.378200095739144 -0.411299549419621 -0.505444534289704 -0.496593524350849 -0.431962308609523 -0.383788662131447 -0.388731326005094 -0.373307368062586 -0.327521211407035 -0.266008177098932 -0.207843327246268 -0.234586880582834 -0.13030185000203 0.069005993781183 0.216562181390456 0.329613766164001 0.363425575883022 0.372912648169837 0.350177577425678 0.301187633314367 0.320252888354582 -9999
0.360590195958973 0.356593833331221 0.338733449730613 0.316710589276213 0.307677806643652 0.345710681051076 0.417630523291755 0.431372464387118 0.441657914400208 0.453902572847731 0.467280622406368 0.508688005847236 0.586682981492057 0.636075254703192 0.65784526256674 0.671205006303565 0.678399020535533 0.677774111571671 0.705165758307122 0.719555345868135 0.742364400289794 0.652761080395942 0.485621441358809 0.483020537915586 0.611222092513507 0.710028373561923 0.393748871447243 -0.155709953304088 -0.410316797154489 -0.388636834339381 -0.354410729325758 -0.37975917175028 -0.419993798777631 -0.4395819392943 -0.56695021718535 -0.446912047949706 -0.398540725268417 -0.381275895541372 -0.383490850894562 -0.383414966664741 -0.315901231698857 -0.265896585331739 -0.20331977047375 -0.119036944294068 -0.0116205748892666 0.181863067809819 0.314815415421418 0.377563369231634 0.319189824075662 0.312859458706923 0.32584150667202 -9999 -9999 -9999
0.44209358317263 0.387669761047736 0.338622231265879 0.293303687456854 0.295003672476269 0.344566762938415 0.392636219828682 0.426514050285872 0.45014465978694 0.465808102606732 0.480398311815942 0.530343233811654 0.609331504655442 0.655249209634654 0.663073794573761 0.709719767026224 0.714711628503939 0.66994107552095 0.673949841863943 0.676439433209654 0.66684768583802 0.693581513349462 0.590983048300047 0.543285439596644 0.686673715626195 0.704813615551699 0.357353948318373 -0.310971557080454 -0.389359681911982 -0.339669216272317 -0.338878208434714 -0.331375886101285 -0.365482470506443 -0.447831770119871 -0.545482599909639 -0.472816889932576 -0.417123269499055 -0.394219725766323 -0.382606645669172 -0.300496495435398 -0.23783873265476 -0.256379239922979 -0.202778500055249 -0.0141573530512514 0.0535204833445668 0.250643532864958 0.385249237250249 0.390867072185918 0.257973375539897 0.244092112932175 -9999 -9999 -9999 -9999
0.485958666794869 0.405810086661543 0.344737297230576 0.292812679117428 0.304183411893225 0.358774396857572 0.394522637251958 0.426423410263744 0.476681646821913 0.502671067035685 0.514862976001421 0.502962346358215 0.587613980758951 0.650851355633621 0.655021342514584 0.628383535818521 0.678509912203326 0.680645196664717 0.695746967994326 0.656058951437514 0.65760023389049 0.658983625596188 0.638276761604804 0.388671172086774 0.608025188647589 0.584405839404691 0.0517484181410388 -0.248908394652943 -0.406980303475667 -0.363670146662957 -0.309520284114021 -0.296394030416852 -0.35591371375413 -0.462762411246465 -0.515035915154477 -0.50640732470596 -0.466394139395585 -0.420893593447587 -0.38097431240379 -0.289289997144854 -0.23777093317059 -0.220926052973092 -0.208178975339799 -0.115857255892838 0.0166151662931769 0.194717010991657 0.345607595190672 0.355653804242679 0.14854173606147 -9999 -9999 -9999 -9999 -9999
0.433865316348496 0.382431055434347 0.340564149664284 0.322941417174924 0.329289325961574 0.369156301430804 0.408863140494317 0.442685407165921 0.501020264663005 0.512342415232514 0.523683007692085 0.506061438701571 0.535196222545496 0.604349537420793 0.576302563239887 0.556553124694089 0.610188908356626 0.649662564081834 0.684117063293688 0.675668715952688 0.677111947154845 0.655477844207075 0.600346166336219 0.234389458888326 0.288195137409964 0.290557102244868 -0.192701952512352 -0.224863023506574 -0.394025468269162 -0.304937249575675 -0.252497134604558 -0.267095842003843 -0.345359242445099 -0.448349215041881 -0.516987211951386 -0.530143715173478 -0.488555389974985 -0.477666955212571 -0.504576648402769 -0.400508538964344 -0.325654245435288 -0.297938673518317 -0.19961037023858 -0.0825374298680245 0.0165450677211012 0.15856345429814 0.285802660011216 0.292313933346255 -9999 -9999 -9999 -9999 -9999 -9999
