data/pcas/pca_proj_current/PC07.asc
NCOLS 494 
NROWS 529 
XLLCORNER -117.166666666667 
YLLCORNER -55.5 
CELLSIZE 0.166666666666667 
NODATA_value -9999 
[rows 168 to 191 of 529, columns 270 to 323 of 494]
0.217850025669492 0.180488350262576 0.17283324329916 0.20712904177246 0.248057974176163 0.272072353794722 0.335656889780369 0.361031007472916 0.421871383940096 0.356156685550598 0.43213713245539 0.500029644247926 0.48234744261945 0.418720200391074 0.376997212381068 0.447420388363697 0.434469594293853 0.39950502444782 0.402520945949739 0.442618975166254 0.425619400363455 0.422681903266664 0.407075945908457 0.380322650841395 0.446708540075894 0.451352257076339 0.443463092995293 0.426043711620333 0.408417560181504 0.412977650927854 0.457234624125507 0.449555773518415 0.404484331475733 0.467523499581975 0.524518734850101 0.483002846124049 0.554581566983514 0.543413168678324 0.508501753820542 0.469012363077367 0.498793311528531 -0.375141458417434 -0.388663034907472 -0.427136992442382 -0.448027120528228 -0.316755523826951 -0.241737916932089 -0.214325720289256 -0.35673868678056 0.567350093942454 0.502771782457432 0.594724950188353 0.593367093413165 0.507467560133375
0.159905142107256 0.177695977247976 0.248697259343489 0.278957093300444 0.245206551076377 0.265900807023023 0.297734009938645 0.306005177332972 0.346088023800053 0.386638089098066 0.392830015380658 0.42556431237553 0.470984767592624 0.353773134443706 0.345503422892226 0.333652546436761 0.338775654270904 0.360954657241106 0.373386432285961 0.384269820139192 0.396878312063254 0.375916973557107 0.401528915423968 0.43266529971967 0.438180650979858 0.459988762080548 0.447607843955546 0.418954319927943 0.417285032007983 0.445309548678542 0.440414983537782 0.395812822303888 0.437996693444197 0.515258062258449 0.52512909318507 0.525858576587448 0.544564616078954 0.523210006879987 0.489237645678127 0.450880631751477 0.472696627115696 -0.397145915304892 -0.426409098528516 -0.46079180529437 -0.458816230569676 -0.351532359480758 -0.30675571946615 -0.292380713414343 0.407527397476924 0.581044865969289 0.554434898751159 -0.24973697991991 0.556629223666627 0.49545265746144
0.199061006624226 0.218542283168305 0.22410156445373 0.22244834895316 0.219791203790641 0.256217350242712 0.251239922463809 0.300282959718807 0.305390236868519 0.295321677497656 0.336072589416307 0.331321799343674 0.283219599838684 0.311909006806861 0.299891606492671 0.314741467779282 0.322842469815854 0.343543787643354 0.350542796255694 0.369752105567852 0.413995998724849 0.403826220265025 0.383857512332492 0.440601771709889 0.47092886722652 0.489529655795166 0.439752759905866 0.447926093236536 0.416732996262479 0.383715483245523 0.37259038965593 0.40148843293863 0.47362078642335 0.496879690987667 0.47260412136086 0.515971235812766 0.510322150786566 0.500389304723536 0.499955784363444 0.445229114243939 0.434585315147492 -0.368780287203718 -0.365870266740784 -0.36555904231191 -0.375901629520696 -0.260257119961645 -0.26748388902963 -0.226725990184852 0.612841577410055 0.575979342963024 0.561459814420209 0.530117162228742 0.561346775012022 0.543759007519951
0.168661823258248 0.2292506296721 0.202756675908438 0.156661908542215 0.181628662562881 0.210337775990757 0.245567976157756 0.254470459079345 0.261313449589268 0.2869907277101 0.287166849424573 0.289892093877314 0.29373844749672 0.288000311758855 0.27865846447921 0.294505935249405 0.320002218410019 0.337081221795013 0.343592409928873 0.341692335438519 0.38995076394013 0.410321837148359 0.411051544391942 0.430860713846205 0.451789866079013 0.464978951205946 0.425175162983535 0.491462888494228 0.486826381817575 0.39308135120818 0.389673220784169 0.462533625231022 0.426109864060981 0.439731600808177 0.482837446538851 0.518456067336173 0.471593277266104 0.469889953273172 0.457964243511792 0.428038514688598 0.377923211481727 0.451238526852238 -0.280001864543152 -0.290892701897596 -0.306849643259805 -0.308018368934217 0.537321863425888 0.536950230273746 0.533360216931211 0.464570648365747 0.550625124139338 0.537874951169819 0.521864000517925 0.407750536871793
0.168644244171696 0.205952366591066 0.199298873799688 0.179653528032942 0.17109592820706 0.170284773308269 0.182112281347891 0.206129181296279 0.23034998678901 0.268409311163184 0.244494263222015 0.254473897155334 0.275686548826348 0.274899763484455 0.288038344870511 0.287225517323618 0.31273595751014 0.317591753152647 0.346378184222136 0.350512227982284 0.37873568140022 0.386025694432255 0.381328210392478 0.408348606206944 0.434574267771468 0.450690137638725 0.47384300418298 0.495729001012624 0.457765030724068 0.456293573348702 0.491402171730531 0.502989287686445 0.415512892180469 0.448203964182451 0.492338313895129 0.46776996071966 0.463194729614505 0.476534666124776 0.445684519758624 0.393091981998295 0.456863580746566 0.435486375151418 0.505358119349647 0.488522644578223 -0.2804268380388 -0.274300511130512 0.517475341981415 0.508031003621819 0.53274310086572 0.517037808046802 0.429805583255471 0.491803673966481 0.522705787750045 0.478224954467725
0.197567320920289 0.155903756644962 0.215125367444 0.195066179288289 0.195155247683091 0.188664686410202 0.188072433926207 0.187393238373647 0.227311094162616 0.23682489131959 0.233420287063707 0.245890024299972 0.254669189502544 0.267651530295781 0.27374252822019 0.283020323535904 0.287102546087884 0.299352100631419 0.329255617403368 0.3399646316275 0.335197892823537 0.361020252042065 0.353941188664691 0.372366042068254 0.414437673930455 0.427304734141472 0.474017517140212 0.451060638723201 0.471317575718929 0.510604878201216 0.56807020775589 0.518969696984773 0.480465684116652 0.491839987463965 0.461634331979297 0.390638929753594 0.400972047404083 0.447060396983392 0.422923124417426 0.454210552023315 0.456249225386354 0.350785819472484 0.496651113300404 0.517058229007303 0.478596501707596 0.517609879164614 0.499476356700594 0.511045101007579 0.502775193414724 0.488715133567088 0.453180456126198 0.273447603728327 0.33393163538113 0.51026397038565
0.158172429594084 0.159056349405153 0.161737534201289 0.162993770006697 0.184349667414338 0.178315912243866 0.162564180642306 0.183130344616554 0.181835318990287 0.208609152778176 0.205034536100074 0.222182360151174 0.267285078417736 0.240900275840645 0.257034875682789 0.268286907306942 0.286917594544107 0.308397354564166 0.339792940526047 0.346475907241908 0.346571961744632 0.331683363212645 0.361183466108615 0.402508259365162 0.423986960672109 0.407011761320456 0.51159968299707 0.462597887242198 0.487989964788848 0.548994932005031 0.558975962071456 0.540784383297947 0.516902190630697 0.519510911313052 0.525373840804825 0.367954863478653 0.374580606301343 0.495571466060487 0.489847462601689 0.395167177865407 0.465861076226861 0.342254940663995 0.429809546830018 0.52376477133265 0.500169824581189 0.509440095326575 0.497873706197622 0.515713438750986 0.442243727905965 0.436601324214498 0.515593683388062 0.508355965186915 0.380944108621376 0.393487251546054
0.170066926087381 0.164972921680032 0.15291028572915 0.157815085312411 0.144199059698005 0.141812211942581 0.172330952697599 0.164168789904143 0.170876048772514 0.166620937838824 0.171522395581494 0.220524093117545 0.261503218880076 0.259748495786923 0.268585359794511 0.264414119356209 0.270590873572271 0.300340924737939 0.322604186819935 0.333492646631357 0.3247410942679 0.338561861995905 0.381864992670882 0.379944174201854 0.400300000753369 0.458523261301416 0.491583833439624 0.454029987761803 0.47328978627233 0.480633238723701 0.499690097268114 0.520364284128285 0.498013963640727 0.478185410222917 0.502314020519763 0.467442579393876 0.495656758292052 0.535989804511323 0.556000755115325 0.378638890057351 0.343839022913921 0.276361965856973 0.328921533731542 0.521595739105426 0.517168991511752 0.466388187500126 0.433338908165047 0.434859897199809 0.44772392004552 0.438250216650782 0.43596666518115 0.511656698240953 0.489945916702014 0.377654336609055
0.161899833981875 0.145040141345495 0.0730621095792393 0.108762062865748 0.131540618496154 0.14095878383269 0.156632779785568 0.167179737414748 0.157212308004044 0.164062514159892 0.190078428463855 0.189499626843194 0.244273733731808 0.29141703247932 0.25858696439479 0.243851994104213 0.268464435131127 0.29917950976223 0.300640298456998 0.304061213496168 0.315931608252808 0.367022030357065 0.420098997630742 0.430277442639701 0.423320639126992 0.452649572936621 0.456871201704114 0.450278441012084 0.480303493744547 0.512105697276553 0.511572791912653 0.503434475406795 0.50294983900578 0.497330060309352 0.524715456740678 0.539514247207495 0.49985948064694 0.523229624013175 0.558192020578762 0.511259889357475 0.345831496461885 0.339250711901032 0.448687092557457 0.50961523716066 0.468346661169081 0.417790415938471 0.422274240682889 0.514416660382498 0.458863396490385 0.426822322406592 0.454976231320564 0.508187610160149 0.501082607180143 0.43671005974922
0.192243525427075 0.143751424177842 0.107637679387573 0.0984101411748909 0.111625695973846 0.12733374159332 0.120986105114316 0.124256302201806 0.149180858642383 0.181522343456227 0.230070434591605 0.206849964640609 0.239379854559602 0.254411651681547 0.258214209304736 0.255229648989497 0.276036133981957 0.281668590512769 0.287583907075986 0.3466096617023 0.331550576672703 0.359079704025972 0.394149776110267 0.445298860881552 0.470249864558945 0.455096467242012 0.489841141900747 0.489672683064903 0.485157268958084 0.496962354337087 0.520010799234469 0.515479574572851 0.508594417291463 0.525686073015756 0.514224749293123 0.487464960579114 0.486608282290042 0.510244622056796 0.508698156348075 0.352433593364235 0.330911705248428 0.375111345514697 0.408999542803946 0.51521461368931 0.417803266144122 0.403211253103679 0.50794315066757 0.497051158139881 0.466186942515519 0.470504320838578 0.487673456677693 0.503842675013755 0.576717164007673 0.525116287175993
0.190846693299115 0.0939404376577301 0.0835434947579717 0.112920900595125 0.115978866964172 0.108522333429198 0.117194152637968 0.134336162440426 0.142150715095995 0.178497950334234 0.209192925165422 0.20330903771875 0.226128250953184 0.232936694759932 0.253816569456476 0.265277578361562 0.280255651634903 0.299380585848415 0.308992178924927 0.35444771317302 0.367538906363125 0.390097453538244 0.421504144810457 0.495553373203409 0.470096429451436 0.457476445840926 0.499900356343168 0.513010061356942 0.510186660876617 0.524956695080915 0.524547908781113 0.533290230873882 0.502314894665118 0.544633987117472 0.573413202914036 0.570984718201629 0.546542581676415 0.517319338070422 0.49111528540746 0.365665594361852 0.305423553992773 0.362584634660322 0.327299021010046 0.340719646249694 0.337775059318247 0.432893330663331 0.535604813975207 0.498939613963452 0.461894058300896 0.47282088872665 0.50685091063007 0.502486722133918 0.462267310324219 0.491976541852273
0.122361732869147 0.0886654000553092 0.0812821976489919 0.123784105380323 0.134960195568437 0.114053834245834 0.114884699054748 0.107144053972098 0.129196388983392 0.16525417871673 0.155594992430598 0.198330085321894 0.218734618692575 0.21782949714685 0.237569118978394 0.27818066458168 0.308878661103567 0.287573691456995 0.336920904883699 0.370806481652041 0.368552888599836 0.435879119319298 0.488794827797408 0.533630973204909 0.560175339932681 0.511145648624963 0.563468330279974 0.59879941545091 0.568515799173667 0.51799078881179 0.540376364163106 0.559984250935859 0.544433415327009 0.548164213804189 0.587883616552921 0.622014756116053 0.567400809259007 0.5278952012677 0.502810381388628 0.407935816652276 0.321379917929937 0.336392272690721 0.290577528754728 0.269305276272849 0.276840176753338 0.3589558357117 0.412424459634091 0.504715693122683 0.481753668866257 0.503870453072591 0.511415620350747 0.512561293414973 0.482207211135698 0.464006650132646
0.097305453181113 0.100130343662093 0.0832589311138165 0.126935565458652 0.137146582567609 0.131570200579166 0.142831334692946 0.158566234629705 0.149536842522058 0.173223500563955 0.173861605555193 0.202375710837914 0.210842668776418 0.230888775778312 0.269208268212436 0.273537900054219 0.322557903441395 0.365815207948031 0.388890369086966 0.408068546153897 0.424591119527933 0.48468745331654 0.543299781124241 0.553512165006428 0.572658267798844 0.614803682513742 0.635948007544181 0.646921031910264 0.657317571711833 0.578367239534029 0.564400253949811 0.658614519373041 0.604197176088627 0.582080737530515 0.596229585811179 0.592417365989902 0.544417523380445 0.529864972634917 0.487475330067569 0.437119816046865 0.369551303872323 0.273807365617716 0.302492733321615 0.229441772778989 0.397056207356462 0.46774978961769 0.384359090153231 0.470954838830639 0.480859308358466 0.497849651430152 0.505187143071771 0.521016422045793 0.535862992970456 0.507095390433657
0.0966885344475672 0.084759786793645 0.0872670316095618 0.101515154861566 0.110969388570861 0.149313438725297 0.144540164717857 0.13636711791649 0.145828798404671 0.141066666396316 0.175872514897556 0.200869416912297 0.242178255150401 0.263014744658648 0.277883716997102 0.318924370042763 0.349441449578196 0.349709877279297 0.393146274049806 0.412947636740306 0.461757531063022 0.495293867219136 0.55626541126922 0.583061078754822 0.597933413075285 0.616403912043793 0.644105379622079 0.662435503053685 0.695129313867494 0.652731372040089 0.626380739237523 0.641287422597529 0.629234716973532 0.607260226644011 0.585309748092106 0.582277915238325 0.544266298611319 0.475218702059944 0.417519058878239 0.390265349110028 0.459225744351515 0.319905314325195 0.284878138424354 0.253287715690764 0.350303449203813 0.370325065691426 0.286113590294067 0.353376167645424 0.493514623879519 0.509164074207069 0.493387323224745 0.511593350339212 0.520930662689677 0.493208227764373
0.112407580104913 0.112557786386774 0.0846907633265112 0.0875059069857589 0.111093487324339 0.145962485298874 0.125593039152636 0.124556374780871 0.132140482923694 0.157228904878381 0.181679936536098 0.214424236168272 0.235094217182249 0.292459019415712 0.331588466328922 0.359351249279403 0.364625656916269 0.365325512441944 0.410284922018809 0.452156259981159 0.497648904678981 0.542558550945263 0.615323436629951 0.624085610050364 0.61045078343901 0.651084602132331 0.651405797526145 0.697760562304261 0.708112408389543 0.774311336523948 0.801451635313966 0.791621733512921 0.750639964855107 0.67161235171034 0.55867993223621 0.548849511622111 0.521676092128815 0.472215094429716 0.392763163460314 0.396548095776569 0.359670009754083 0.274176354740101 0.278804953728865 0.298889524711001 0.219055642248601 0.220664433766826 0.24909129563927 0.263918508597898 0.324334734297493 0.412434534592985 0.449442094373364 0.498784303069142 0.521418881191555 0.523275860804261
0.122695422642396 0.099924729566524 0.0845938809861072 0.0881287469116211 0.110522693590638 0.152480277163443 0.157895002325221 0.124504994878736 0.15360753898049 0.187868377866756 0.215219359450801 0.233845847173727 0.286335597704759 0.326658521412682 0.336821868838275 0.382479317950247 0.40950003466544 0.414619461181029 0.456725147984549 0.502770307229552 0.538279042291368 0.636450272982541 0.684119644745823 0.741997742734812 0.655619141370716 0.699074092206556 0.711711114532 0.722554229593399 0.732198307033847 0.845054615169211 0.797991698343738 0.771200308957669 0.734632424643945 0.701518184394951 0.537685804843958 0.502260898262832 0.501159855077909 0.453289899293726 0.368313781967702 0.415141412393823 0.417322761576441 0.26357769080673 0.263845447812366 0.380416339319563 0.356169839089242 0.274889205894359 0.335467958340304 0.356741907375116 0.350498241161051 0.437970173906789 0.473471237173143 0.499938740179202 0.524208655077983 0.478429884580575
0.0649148384959601 0.0685888638567069 0.087803001182149 0.0998356356534698 0.105383255303693 0.137729107163525 0.117938531748933 0.136599774341601 0.173044561197177 0.202123950171701 0.230440943523472 0.267466340896614 0.337644641380369 0.355249187394533 0.362324258380552 0.430520955500321 0.41288481003133 0.459973853952797 0.511500811042331 0.575195242649222 0.613972640898468 0.658389997044652 0.687716207812862 0.816323669807463 0.738911342021493 0.746187093479983 0.753721232833011 0.738597174236365 0.760337810942369 0.868944483331868 0.805797116488692 0.77145130408351 0.69579338564577 0.658806348861376 0.544563708944444 0.476524714891725 0.435842467052167 0.375377980608623 0.356437781722898 0.441348508778171 0.436038297886524 0.260878684860777 0.330341686678877 0.487134339310208 0.467490712206736 0.446481508649383 0.456597193395963 0.445174437282833 0.43013789121272 0.431908070749459 0.377735959444949 0.376738130319709 0.410698852159636 0.446555775280484
0.034928103008892 0.0337345346112193 0.0693812756831104 0.139953365847868 0.122091892733802 0.150021832993202 0.110309875727962 0.170813045321445 0.209301366493292 0.230164398891998 0.264937316887547 0.296463670393554 0.317616153184185 0.416170508736702 0.397525947146316 0.403495639802368 0.454561287129427 0.459706043527433 0.537305621789452 0.589018528786155 0.653795400131854 0.703272474544509 0.759509311644484 0.818650190455038 0.778560510253929 0.778371496224842 0.776459541898327 0.755569865494726 0.762463333867254 0.858840302656046 0.837214004658641 0.793656916567211 0.716435828870734 0.545490959352989 0.4986782309319 0.476123532356834 0.421326388113335 0.386408234487891 0.360798798258833 0.553275884617019 0.434632403543928 0.280870399932991 0.42176000896739 0.420183373783431 0.353673393325331 0.396718745669787 0.410825864251084 0.41155521257091 0.404680881010657 0.373298796636929 0.367131938232214 0.379256644540032 0.399399242186466 0.438106542961053
0.0265709894705906 0.0237425219081128 0.0566378168355141 0.104151164638635 0.131341293142151 0.113656595119068 0.129904649104248 0.167436605890405 0.20397592419972 0.228063501663243 0.287689584171638 0.327119256019905 0.350586003054798 0.407141175749255 0.433312140351324 0.463355804547969 0.520593065794743 0.553929528110915 0.608884113883743 0.609067758458674 0.642868574805855 0.721814596292252 0.800956835649162 0.883429469374368 0.899475528540055 0.899980131148744 0.843938420259454 0.793296585102112 0.772158230226542 0.859135412918258 0.834823897298901 0.687423781364948 0.620534122676252 0.53089634277455 0.48039437437655 0.459856858899956 0.426126155202289 0.60078185962789 0.395318549737241 0.481241400397341 0.430512452924908 0.389056224310934 0.352936538163511 0.345168614137739 0.401760788337356 0.446254501644349 0.456787005040471 0.439767432347924 0.388788571069865 0.36228965594825 0.378966544008735 0.402147838272803 0.408759581727955 0.436985104921954
0.0581448311974544 0.115043609171918 0.10723897534751 0.118439199797173 0.132179707734593 0.174277192713192 0.199865457351796 0.168457341795769 0.212691408045869 0.245072936299962 0.31328046702952 0.380196939743364 0.432083445294895 0.471933833155737 0.516885761753347 0.519371220959759 0.56662482049182 0.600194396305189 0.622981817877808 0.63553466928994 0.652215862533979 0.733322909106674 0.822565285902639 0.938662484670171 0.978027442131671 0.920156086347708 0.88396712696551 0.845311035589509 0.778409902090535 0.756515166578625 0.747649477194287 0.680287811997761 0.603764195875051 0.538572061512437 0.48282889369916 0.442558387820901 0.406049644206585 0.505558672896477 0.482706372744378 0.403688895930539 0.394803721557759 0.367375621788753 0.438869550057701 0.421230700441807 0.470663830833574 0.449296849726485 0.446697483042491 0.434156328410406 0.450249439195639 0.350580174641413 0.37135463901631 0.370162127962839 0.390698894087067 0.426181505687026
0.127285758401295 0.08363081667946 0.096935853663198 0.177684731605425 0.24111967557728 0.226161638896752 0.200408058549376 0.239423348120798 0.246352645758446 0.279992732955721 0.35740861526788 0.428828269652095 0.471965642131645 0.529239594454051 0.569665190614757 0.598557311932046 0.612383554762016 0.643252287487887 0.689035945684548 0.683903478623812 0.688625401189121 0.752913395355938 0.861497708275395 0.975440650058675 1.00042497044529 0.963018220964623 0.892421296478861 0.877165964703757 0.770934474235012 0.772980873925098 0.78345843933859 0.680913207759632 0.596819986363597 0.573349608392836 0.512743204261011 0.454178040613386 0.438337681400972 0.537658243106828 0.449612435600546 0.41161077409531 0.414465230934653 0.413188565162498 0.436055497227287 0.444768258205609 0.517885717417702 0.38476592894192 0.313812627155312 0.359837646828359 0.454787786838495 0.51636591230624 0.482312954899607 0.366884553402618 0.406644937045886 0.389616447441874
0.103944415643607 0.114861887443298 0.118930557592477 0.164042777393219 0.195698856987236 0.203699037094317 0.250542020930126 0.302534373918807 0.298667730619019 0.3581503914148 0.388419802023343 0.457934685222547 0.509475329758208 0.568721862431618 0.61339764587068 0.666506953260764 0.691074909186021 0.716034661641493 0.771583208567323 0.77439199068549 0.761947590905752 0.806758143238143 0.897156828795046 0.963650200060232 0.976020402824938 0.941154690343853 0.895599166223551 0.842175580801862 0.817290176057361 0.770986339366102 0.758253814032795 0.692829964445219 0.637024536889381 0.601330033974103 0.560846757211666 0.527252933789646 0.506469257865252 0.642083604177302 0.493027890035377 0.471124052959639 0.446391757915268 0.444261412332355 0.442303608607285 0.415874684608148 0.290552277692929 0.290855905680876 0.320411113395681 0.339252151043786 0.356213470267027 0.397183915851095 0.48380559688323 0.5439559983329 0.54846189258835 0.419216285197245
0.113932505661935 0.126839554868972 0.171416144711337 0.184018839376432 0.21597599434847 0.235086857016549 0.268487848617954 0.311398981819466 0.34832107503916 0.39386237330672 0.440069992974129 0.491112805378504 0.557336298675113 0.622384393271161 0.672575206731531 0.729055408221105 0.773281722582511 0.780069679350907 0.787971249699569 0.772903020188832 0.773206887618446 0.804402275947912 0.870018448790202 0.897015201147447 0.899996312261361 0.862705707438028 0.811682169423926 0.760229575463957 0.713167555845408 0.669907277876757 0.65726990592073 0.641717531772667 0.643969042475872 0.635262324443392 0.593296236855623 0.566297497440589 0.687158362153639 0.645049669688225 0.425176598185374 0.438398118452433 0.48070756953368 0.455451679308437 0.326722591459108 0.325854377284056 0.316285939950598 0.326325033391807 0.34090682796459 0.356282634277974 0.373168919641117 0.369719207811162 0.389727356502154 0.452672345116991 0.507165253691431 0.510967327831573
0.116576594781582 0.148838975551255 0.170683722953083 0.196526501453819 0.233526349311226 0.258489030919807 0.284550350293615 0.351072651958339 0.424596512222287 0.428257920651684 0.479540498745054 0.541892106402458 0.599282061075666 0.665361619499851 0.738207962572464 0.78271552716909 0.799693130380081 0.791133608234884 0.772043824119807 0.744061958272814 0.762363633160361 0.782216754432299 0.810612781983095 0.828621197156052 0.81771230562568 0.773629523670161 0.71962502343759 0.669537266655894 0.616059486352215 0.566287507963442 0.560703209446265 0.565763821904543 0.562615616646916 0.566792501062887 0.566421585846079 0.570158503945073 0.693381871602707 0.540198529630452 0.388678013636308 0.519047495019728 0.422126579665322 0.337791994309636 0.311851224603111 0.315804805011158 0.342116052447494 0.352811296924084 0.362645897727359 0.376160636370059 0.400878438326633 0.406440846112831 0.388796212949467 0.392066685600218 0.391936195471135 0.42060760395186
