data/pcas/pca_proj_current/PC07.asc
NCOLS 494 
NROWS 529 
XLLCORNER -117.166666666667 
YLLCORNER -55.5 
CELLSIZE 0.166666666666667 
NODATA_value -9999 
[rows 216 to 239 of 529, columns 216 to 269 of 494]
-9999 -9999 -9999 -9999 1.83750503302826 1.54783784809689 1.20250462313847 0.769772406692554 0.713324441826315 0.594709156181544 0.381587767402286 0.0964282568923561 -0.386782468229687 -0.576195582918216 -0.464190863663842 -0.160355138760847 -0.157048424886596 -0.0857914293891871 -0.0429418590672223 0.124603352697802 0.158394411640309 0.0813283228247429 0.101594332436305 0.0945632974316689 0.0799145563070803 0.0288938785180731 -0.0268168482613137 -0.0823354593488157 -0.117751798332811 -0.111719602224401 -0.0841231617138218 -0.0268907078434191 0.0267982604147048 0.0669850272797371 0.117594226993749 0.162235252458098 0.214569177843649 0.260842691715525 0.301260361248065 0.316378479617785 0.33583766630749 0.326556118461391 0.318470523009703 0.301575754375192 0.290185964420032 0.234534284012206 0.186941155274125 0.170831885064977 0.191375915742461 0.22679339568162 0.23617616074458 0.225965351649607 0.226510953805906 0.179603814101977
-9999 -9999 -9999 1.86172812969674 1.67504127625961 1.43417555279151 1.14857987194359 0.919668145968707 0.950220108016531 0.522679688149834 -0.195247252932663 -0.366585490653412 -0.516150384227714 -0.430348802073645 -0.37508187513893 -0.208997416141524 -0.172084669830903 -0.0809033330094748 -0.0184785307410743 0.0921921523943357 0.0826481796919088 0.109128018461158 0.0524641079174184 0.0567525972399428 0.0295872708819915 -0.0115831555416077 -0.0670627752790185 -0.120483352741061 -0.1560620151424 -0.152863752319718 -0.124217137922605 -0.0932055355325611 -0.0538754009652973 -0.0137772868689097 0.107226784297074 0.152133310429218 0.195122567730754 0.174921745127042 0.207311023235775 0.240908296026912 0.25576136231165 0.239627416336015 0.220942805753037 0.205118924569853 0.174032827633344 0.13592261117629 0.0826034991624927 0.0621578948281309 0.0906197907671087 0.138424910412184 0.179017037355057 0.170907759486874 0.147058721190148 0.120249833618485
-9999 -9999 1.93622854786974 1.95200244420536 1.98193764238333 1.76863687507654 1.42048807810312 1.13059953652322 0.937212793431747 0.736449038542389 0.0262596514648879 -0.430532884546446 -0.543586468387123 -0.3755121182906 -0.220911210550888 -0.242887944273004 -0.231465191262198 -0.0801786879106267 -0.0393024977226284 0.0497472849717945 0.0793209953677936 0.112709838317171 0.044155081663394 0.0274062405355036 0.00111037296347558 -0.0444204867427895 -0.0882324933459304 -0.138437716694795 -0.163827985337871 -0.168995173161591 -0.150357826193477 -0.067099151386353 -0.0364247522716452 0.010533506287202 0.0484475578936452 0.0918637058785155 0.116619816416407 0.0811692991725361 0.131018338145613 0.173185342341585 0.170585108376302 0.151874784821778 0.136004954230518 0.114761507570556 0.069711682105392 0.0362054605498576 -0.0143975149855303 -0.0144278451024883 -0.00444130677466745 0.0513913223646559 0.0945712861679803 0.0980784936212789 0.0846789220512535 0.0789249117120032
-9999 2.07037787953973 2.06074788262099 2.30550683483056 2.02842566301274 1.80234491979549 1.5400993024835 1.19310998374039 0.958924155018973 0.840223484163074 0.275944416485339 -0.4362700436617 -0.541578192010424 -0.359385502610441 -0.213057904035691 -0.286580993791602 -0.239165959132548 -0.0864418280116948 -0.0632858097539739 0.0205285790258515 0.0682993594048734 0.117278148758512 0.0361923790679932 -0.00143842694508164 -0.0173524954716891 -0.052566142146516 -0.0960256565264059 -0.137655207487355 -0.161176928442047 -0.175088880264546 -0.101481903203245 -0.0815322595125816 -0.0632853722336572 -0.0330348871611092 -0.0132682327851805 0.0143305757995394 0.0451013700273823 -0.000549738955051338 0.0287652615399366 0.0544718316449024 0.0614414732927216 0.0632165841152424 0.049707736764734 0.0296630071572268 -0.00272285679761672 -0.0404030483532729 -0.072746207148414 -0.0873560225121067 -0.0688603623290168 -0.020646699058891 0.0076639283313481 0.0182416035461973 0.0308345156471597 0.0369551677289904
2.06347042862426 2.12048536189515 2.36637526146764 2.31903955509046 2.25603643664909 2.01302764652487 1.51514640318839 1.15521303950391 1.05942116654117 0.80085046596487 0.58331963034955 -0.185423758091184 -0.437770193947201 -0.346739088853597 -0.362257267070121 -0.193337213632076 -0.147743768751691 -0.168932402103513 -0.0807351879117445 0.0549739874441522 0.0680035239851361 0.0960051105826893 0.0392987959286795 5.10690145685277e-05 -0.0246521044472088 -0.0553758433405731 -0.100640663547075 -0.123528563148756 -0.149033750581121 -0.102333524011505 -0.102899759177183 -0.0923829246015135 -0.0782559840387058 -0.0711302663769764 -0.053558428601465 -0.0270992793425285 -0.0144410915936754 -0.0796695138485223 -0.0560779715939233 -0.0484988825240786 -0.0427483567493344 -0.0220518101242159 -0.0261779228178481 -0.0324503590710241 -0.053794636683921 -0.0841993999592039 -0.112436320304257 -0.127401684024781 -0.100251701706934 -0.0691977497773292 -0.0488406210684245 -0.0275312084899849 -0.0196200537837916 -0.00709957268612019
2.28940517384778 2.56497739713574 2.57631067785949 2.64239691245135 2.74948636013402 2.52634401097555 1.98832790256292 1.37930635652533 1.00519948248262 0.724854358178827 0.241952924767415 0.241749815148613 -0.367228639252077 -0.467074321147704 -0.360312069294061 -0.176501952501174 -0.0480836174215163 -0.0650425135157852 -0.0696536213865075 0.0762708412244734 0.0711192417386521 0.0893135435209867 0.0359657460932793 -0.0203847686708681 -0.0312515760700625 -0.0460595529308576 -0.0775540625306838 -0.109207057427136 -0.0583201032221556 -0.0847307168494227 -0.0901867088285197 -0.100114411106423 -0.088161414201962 -0.0905273628811779 -0.0875130836463727 -0.0732628771213528 -0.062846540750639 -0.144689514277584 -0.144127441934318 -0.136981701502389 -0.129195931759329 -0.105712175551163 -0.0779273737787672 -0.0877419364783716 -0.116526056475991 -0.138885667880226 -0.167224988475195 -0.157844902640274 -0.124612037435939 -0.10861842308098 -0.0982673121418488 -0.0933585194175668 -0.0720223846809799 -0.0587593103895257
2.06528972186155 3.02015291867622 2.99841651697009 3.32329599550037 3.51399626717867 3.42470975485421 2.43095345519895 1.80530339795842 1.05510928699333 0.72291292487848 0.3902134415984 -0.126551298625467 -0.321407051613287 -0.41473474195217 -0.366127831405231 -0.199499727687268 -0.051428882096182 0.00169750278769953 0.0584261518170798 0.0639340351187135 0.0684306715571591 0.080658467684343 0.00701643946750233 -0.0192866126229262 -0.0312580897216515 -0.0417617663838461 -0.0754385084919618 -0.0922716346684778 -0.0486765394252573 -0.0662269170486418 -0.0924203663734688 -0.0948342578824183 -0.10926798694255 -0.100505409804103 -0.101647689972574 -0.1012113952584 -0.104976298242924 -0.191814234705825 -0.201462767116339 -0.208416199912997 -0.211672707169704 -0.169025687665819 -0.130649980746271 -0.141577702388028 -0.162186652535637 -0.19184293085248 -0.206647893035419 -0.172716842805821 -0.149032938450154 -0.139095076429624 -0.137818760136527 -0.132817147500546 -0.116293407593464 -0.101725119851998
2.3602381675975 3.2316943519582 3.03314835693211 3.46524798026235 4.03634135663096 3.50309326979095 2.40511205196432 1.52843846299031 0.884799716098743 0.694950964041001 0.281589292233215 -0.103465321514754 -0.243832684998652 -0.406653432231323 -0.445475590482582 -0.250853210603479 -0.0626351951702471 0.0505100459284543 0.0768787499827386 0.062589646736283 0.0809621193642207 0.0441942561149933 -0.0358220761729861 -0.0380972770628648 -0.0385403824019975 -0.0385362643987013 -0.058973902616358 -0.0862748318941586 -0.0348572243857706 -0.0532940199351528 -0.0834086035396603 -0.0949757051638091 -0.110088804421993 -0.112568340611593 -0.117091012071603 -0.117720484181613 -0.124758130589523 -0.227169245256804 -0.238966549229381 -0.246183388108572 -0.274688193599395 -0.208613478153903 -0.160335074240293 -0.165966025735075 -0.198202433119518 -0.215092817459982 -0.205960409291411 -0.179767183751337 -0.167323191679113 -0.168489668844084 -0.166567109137278 -0.157576937177858 -0.143517340086173 -0.131995025241669
2.37805063911772 2.1300467391522 2.2948620765867 3.01459898490938 3.45028285408096 3.33732403013447 2.1029832185483 1.18807134767756 0.934402362556485 0.501179126029088 0.117850439601718 -0.0918210054459129 -0.238083485877755 -0.366657719555814 -0.451121527844333 -0.267293475292423 -0.0913906227884336 0.0837358247927175 0.0860142740168574 0.0829631440035826 0.00509481834828326 -0.0381732143841058 -0.0671536397185742 -0.0750388087823019 -0.0610378978422262 -0.0628138576052153 -0.0649590993955205 -0.00446196537755253 -0.0419424699845206 -0.0588519206323996 -0.0842470932802393 -0.107501826041914 -0.119142196549999 -0.131410342147339 -0.132802181047515 -0.136419255152026 -0.139834655412274 -0.137749580069657 -0.235448612961914 -0.250723905904412 -0.257127147488207 -0.209559327193611 -0.1728244995081 -0.174601848574223 -0.178510519307918 -0.183839399151352 -0.175668204749412 -0.174921281670042 -0.186128204949636 -0.191043190916965 -0.196448897122388 -0.177026966382964 -0.160138054028795 -0.151951018862966
2.36776643589115 2.067442855362 1.96880605837586 2.46961491062152 2.56650092914337 2.9588579483807 2.07151358724659 1.03059843146832 1.16887776722983 0.57016271256409 0.0903111371092993 -0.10897239909258 -0.229001016732999 -0.411772100419387 -0.460640483266433 -0.298875001633066 -0.076979467035101 0.0726231014997105 0.0817372054685849 0.0611353159188851 -0.0544121880152572 -0.0403681833706616 -0.115486541209954 -0.119047589377117 -0.103369458736887 -0.0981974247120777 -0.0895496783628117 -0.10694216178605 -0.078389903570853 -0.0997834961889828 -0.104500780930088 -0.123281187893084 -0.138793136315765 -0.140513501332702 -0.145533594959414 -0.138217260025229 -0.141861157812487 -0.140882575335073 -0.229541112365671 -0.239071616641337 -0.229971368484558 -0.200031245860064 -0.183581579185324 -0.167787703952473 -0.157286001225057 -0.123101739792726 -0.147063293899558 -0.172487784847 -0.192298646347269 -0.208101511959314 -0.212099587950766 -0.198022570141636 -0.183011799263966 -0.184255875119637
2.39355652228542 1.73370779528602 1.29128423976906 1.72085173055236 2.57394576314513 2.63870705761334 2.86087316138144 1.73099334965269 0.792361897374512 0.380183936902608 0.0381072011979776 -0.198965791358261 -0.263605568721424 -0.422947719794571 -0.477293080608085 -0.463876040191576 -0.0309817015570403 0.0192401963218819 -0.0599340124260798 -0.0772500349678503 -0.248804916585232 -0.141747638376457 -0.15774386888794 -0.171561262408603 -0.158869684248175 -0.150979113070788 -0.148873291252269 -0.0821661649667521 -0.101112929154171 -0.119580654253858 -0.130813457642839 -0.144685967732715 -0.156344284386777 -0.158667088793545 -0.146366336553908 -0.14047915999658 -0.137870680483714 -0.134159874885606 -0.217637656098866 -0.216958627504887 -0.205571813755244 -0.204555545613028 -0.200194467624259 -0.17612606974622 -0.141916873793386 -0.105167277990672 -0.146746470940961 -0.176822374542495 -0.197712375867287 -0.225742095158935 -0.229414473657251 -0.2186871121135 -0.206565942921038 -0.201743754724162
2.44662471989682 2.1816304907067 1.56815486150601 1.9153872217288 2.57624839404069 2.96737633177258 3.1550960123631 2.91379888202062 1.9900195652413 0.505412810057 -0.0887742824975546 -0.270319952022325 -0.423311904425941 -0.449931085940191 -0.486110333154606 -0.531355105007353 -0.0787429019630123 -0.0693789947029755 -0.225496690324357 -0.290963344373934 -0.345872889735694 -0.302747317707484 -0.290411147269344 -0.243379955296064 -0.218472151091517 -0.208726601697018 -0.212396770384612 -0.138964343197704 -0.141783827614649 -0.142996573307443 -0.150875554895348 -0.149579673712658 -0.154443171247793 -0.154876930983737 -0.15603477310939 -0.142345435109004 -0.139745003514266 -0.130563328471626 -0.205324596236674 -0.208286286998784 -0.221716344422855 -0.228526540734463 -0.212846379088488 -0.188936420506508 -0.143084545412461 -0.135256136522081 -0.151313068227556 -0.17608238094631 -0.208162129067762 -0.230880903469322 -0.236446929447246 -0.239547519220907 -0.224196813028748 -0.218488876954868
1.9755029151376 2.06352853394483 1.36146057611275 2.26363901644677 2.9359720836852 3.47049090907932 3.6401079824408 3.18663018411373 2.38985161730206 0.726281867507219 -0.15624676910224 -0.327126987820123 -0.385555347833332 -0.448254013966691 -0.435033805341703 -0.537866149648157 -0.455271409799945 -0.554215520020074 -0.565542509092778 -0.553503351490704 -0.526073761061177 -0.481220075765977 -0.435621138700214 -0.366290449625734 -0.326356947437159 -0.291871750352105 -0.266730547454858 -0.202910110333271 -0.190587609598021 -0.18487359739888 -0.181226573967961 -0.165357511015057 -0.164791568701358 -0.165539753724171 -0.15272801350832 -0.135829415297247 -0.132604363753998 -0.131903892948771 -0.126851019293331 -0.234496914765991 -0.239724230599896 -0.232280164710579 -0.229920345946876 -0.201548753792366 -0.167803716131733 -0.153951526494115 -0.178815142298291 -0.186836595153793 -0.213177954977789 -0.229545514552722 -0.243418717203416 -0.242292345665607 -0.247394591698471 -0.239258212436781
-9999 1.96696643938119 2.19204054588519 2.62008887768445 3.36028356338859 3.55226475167737 3.71312393263631 3.21750783668718 2.45871326316713 0.93997342688432 0.0290676559331225 -0.213027139805533 -0.478171028697445 -0.471457114134018 -0.455104568099508 -0.408886492079393 -0.602970614436248 -0.564970370094782 -0.570896005876953 -0.600239795091761 -0.591016484954722 -0.560878793511355 -0.506005524959139 -0.452944148543789 -0.405404082844217 -0.367693592696076 -0.323527698294887 -0.226295627739722 -0.225043796492577 -0.226541384313173 -0.215377919840737 -0.210058050572895 -0.186233204108162 -0.172637270451795 -0.153782488884475 -0.134899111682086 -0.143704233280238 -0.151877642354588 -0.245956185240716 -0.240146102971168 -0.257556192939433 -0.256673312006468 -0.244375224685849 -0.217736585085515 -0.189281207387333 -0.188980049093106 -0.192748943608944 -0.205005880391626 -0.20978655684296 -0.226591408927193 -0.246584007615585 -0.249275892350082 -0.259098060054883 -0.261731658711797
2.78073569006792 2.48841859778446 2.58755002973497 2.99221277155171 3.3656521500932 3.42564003086606 3.21852191853355 3.21477740926293 2.691287994517 0.841742154449534 0.414353569716154 -0.182440731388461 -0.365675055703114 -0.501112737911531 -0.370749697667272 -0.465325015892144 -0.536547140481907 -0.635751681959446 -0.553236808430694 -0.555672037061639 -0.554831636626174 -0.577778422109139 -0.518268764204458 -0.475651867903743 -0.441396031958832 -0.413343544937206 -0.358531064017354 -0.318501553707857 -0.243304362027782 -0.240503346916739 -0.240071736355421 -0.233387437816426 -0.208967303343355 -0.184838892873041 -0.149180553203051 -0.15529482989059 -0.160891331810962 -0.15582429438593 -0.169102020312551 -0.279276075927172 -0.280678066830099 -0.272504252454707 -0.268076512231096 -0.249397410121169 -0.21397892625508 -0.204934351244499 -0.19915556195293 -0.213126582854266 -0.220865837622963 -0.233017908070501 -0.243724017317943 -0.247274653257856 -0.260841277994524 -0.263449216098275
3.28529841573174 2.84067148364824 2.97573202970396 3.095802824548 3.44326983419349 3.65398907505315 3.02105548717294 3.19076977375775 2.90846956027239 1.85352256588984 0.445880603767121 0.205464343599607 -0.278992152193256 -0.333352113189843 -0.329287690097028 -0.548256336683681 -0.590650907064108 -0.593016614655326 -0.566368659438582 -0.552971992689104 -0.518998725197538 -0.523712756199314 -0.54549878487458 -0.470450103260138 -0.436472047028094 -0.427533456065275 -0.392852462619212 -0.35049068893409 -0.248608160538652 -0.236773931802169 -0.229704011315622 -0.231683464187756 -0.213466076551485 -0.193360473262966 -0.180254585469714 -0.177563833732643 -0.179887431381697 -0.175578528759366 -0.196405418995215 -0.287463463849051 -0.287314572331085 -0.286606533225644 -0.287266905271049 -0.275179184287755 -0.256006411889086 -0.236158166552496 -0.228693486550369 -0.223572571402128 -0.232275782007735 -0.251579174522527 -0.253101538736809 -0.260452813170089 -0.266587637064807 -0.277358861794207
3.07596708747838 2.64035957728469 2.91429250118612 3.29214856490447 3.46212412706808 3.73293011422565 3.67464929810084 2.8955011051307 3.03237149404615 2.23286157050079 0.227448011946135 -0.124793462945468 0.0650108704409477 -0.243833412572685 -0.467554950408995 -0.39161122912892 -0.500274204872165 -0.48838990172158 -0.514733493668275 -0.493119166804486 -0.508220850934296 -0.449063753612064 -0.480812549883873 -0.490302310439442 -0.438142924756107 -0.426880149371507 -0.407322667502313 -0.366469810115079 -0.305698006088934 -0.196436090448315 -0.19604052739354 -0.209546205607637 -0.209416852796881 -0.204205448646795 -0.20261064124773 -0.203883359029041 -0.20381611616884 -0.190905421893468 -0.200468214120987 -0.284715220021726 -0.297624657603502 -0.305312794959312 -0.301869369518608 -0.295018111201395 -0.271581252881316 -0.259990677250289 -0.248534897954616 -0.253201587469895 -0.252968917137424 -0.263224910230359 -0.270289207681706 -0.273673505541056 -0.278602433231356 -0.281047879316164
-9999 3.05366729098182 3.34610777886902 3.47113615967253 3.42583571436695 3.551074403015 3.54956152192349 2.9889891964548 2.78493901634276 2.44282454652257 0.636284825367698 -0.158979561471256 -0.0737627461473121 -0.326376289300118 -0.494229849042655 -0.454099852851902 -0.407314421330888 -0.433300460582755 -0.464794437420618 -0.448425795426931 -0.475903266305546 -0.486907487968004 -0.482500524024562 -0.485333017730669 -0.47517706114069 -0.458667630248125 -0.42572809018533 -0.393788489095235 -0.329673945196075 -0.237763495328237 -0.187608026926218 -0.199010274401716 -0.234892786373258 -0.225487066632771 -0.22773418430855 -0.226862039261466 -0.229190230187782 -0.222634020552429 -0.223410415126381 -0.309878197534055 -0.322304639961293 -0.328800276985012 -0.318757676924535 -0.307192090526366 -0.297458947601728 -0.28555808358971 -0.270273395598331 -0.277763764387356 -0.274619830114492 -0.277038620856285 -0.286099113069525 -0.278378105097343 -0.282679197303787 -0.292850431025363
-9999 2.6553637545951 3.51526824442793 3.65148357996758 3.65120101414175 3.4502803986761 3.17564944988568 2.67777248362796 2.58378256662964 2.82972750472329 1.98057078450814 0.312951845673553 -0.160294367676356 -0.290447855571498 -0.405194760614412 -0.371231566360504 -0.364809284112779 -0.31429514914073 -0.423567773756908 -0.428764662425782 -0.441908432132305 -0.404770502466847 -0.444092076951127 -0.464514610778147 -0.472216164898238 -0.471941081837936 -0.455721554223552 -0.41607100206439 -0.380777956597799 -0.304158659464381 -0.27401641540253 -0.214036642177438 -0.238675848457149 -0.242777064478473 -0.241097679453152 -0.253801405275278 -0.263856284422084 -0.25719850446266 -0.257875507986304 -0.320377029290022 -0.342594678652473 -0.34474797067142 -0.33909457054504 -0.319726009185086 -0.317466490331439 -0.311663270679552 -0.313786757401604 -0.301606697994287 -0.29402380914951 -0.293085685325885 -0.293554191129145 -0.292608550464094 -0.295583064346868 -0.297752144939717
-9999 -9999 -9999 -9999 2.90519409044179 3.23983692746511 3.07425391454764 1.7112534988295 2.45755542369406 2.60566552759834 2.1871260413811 1.66865690261733 0.332431278322589 -0.137461743364656 -0.346181174348334 -0.328422541283755 -0.353627632392951 -0.328428857016821 -0.329292416849407 -0.393089308804586 -0.403834860265912 -0.404407302035949 -0.400658624350299 -0.446223483566342 -0.459393126540092 -0.47244914766355 -0.441887983026133 -0.41099421173683 -0.411212482685929 -0.380199841023809 -0.343526703979852 -0.319404243036962 -0.259224434745118 -0.275742924218802 -0.27350699124943 -0.271554492777035 -0.29290589244461 -0.297149631209325 -0.342495711456297 -0.35222828661045 -0.363160557277371 -0.361660797227527 -0.355033292547005 -0.346951289777733 -0.338460818608813 -0.329721160281536 -0.325645535898804 -0.321666006472183 -0.310087041038116 -0.316278163670025 -0.317009454538442 -0.315566987331598 -0.317525235394301 -0.314223997896276
-9999 -9999 -9999 -9999 -9999 -9999 2.31520312464736 1.37202911469196 1.17861834014926 1.79564913780798 2.10731959274585 1.52498806852441 0.0355044081065702 -0.30055101802219 -0.302356739235983 -0.263764392137623 -0.312091834490405 -0.236549367908098 -0.208439629514645 -0.330453403085343 -0.356328876939638 -0.331056919438342 -0.377739762267492 -0.449413107186862 -0.464562759554183 -0.461717566884168 -0.438401770143551 -0.422104129039381 -0.399237623521834 -0.398468901347518 -0.350951978886538 -0.368534159080995 -0.302549344114636 -0.286659309972527 -0.292040494416935 -0.293967304178512 -0.313797752799188 -0.361779414751764 -0.371728503239504 -0.372157014367971 -0.369617126750763 -0.378138137360098 -0.361098997660987 -0.364764278048923 -0.358558492387244 -0.352134660095299 -0.345280660227219 -0.334117910719116 -0.327422002144712 -0.340845942508975 -0.340477141793715 -0.336430497406791 -0.32972328175276 -0.330937530597113
-9999 -9999 3.32992878374065 -9999 -9999 -9999 -9999 1.29517732010725 1.91242017237735 1.00030771651929 1.79109874595605 1.68028880053023 0.226117300300685 -0.122561663672834 -0.168455582120473 -0.206028427971235 -0.280632484644553 -0.288773553989146 -0.154439144537138 -0.274725338293373 -0.335741394000782 -0.327974737574343 -0.330488222737507 -0.430181097003626 -0.45717804525684 -0.454547787827674 -0.404275963357846 -0.415790670699636 -0.434682540615377 -0.421051240837031 -0.373222238940597 -0.373876362841195 -0.33989695445797 -0.301406125773926 -0.309840857480187 -0.316012249869131 -0.318722785716472 -0.373204083253472 -0.382342943940857 -0.379844796809338 -0.384453242258992 -0.390116581628354 -0.376285484335253 -0.356256700732857 -0.38131854927612 -0.36916031352142 -0.364659063932744 -0.358726130952424 -0.355977946007715 -0.356612733439204 -0.356021120993733 -0.343331772481523 -0.345560813782839 -0.343834701729545
-9999 -9999 -9999 -9999 -9999 -9999 -9999 -9999 0.878692481776386 0.888542482894091 2.09220942613706 2.13134419664705 0.922174823366719 0.29725702940561 -0.0575900884972797 -0.121763758752521 -0.176357686228354 -0.257750019265264 -0.227303604330907 -0.1325886977567 -0.299135609226295 -0.320279836750558 -0.313602636567075 -0.413277271133265 -0.418161825163366 -0.403881340858696 -0.365236480124004 -0.368450082984275 -0.426669214711742 -0.391010987744426 -0.357346772960212 -0.393541869137313 -0.368452028352931 -0.31002733351346 -0.324678457689065 -0.312444576464284 -0.33846268402019 -0.377809658011165 -0.392210110523496 -0.381684082833203 -0.395163699092098 -0.393785806402122 -0.390981473771158 -0.372276170688025 -0.38311347681623 -0.390380744645457 -0.385609179801531 -0.378211356740726 -0.377403428454114 -0.372462376946427 -0.365939438061531 -0.354389977541798 -0.351754268091261 -0.353146346031262
-9999 -9999 -9999 -9999 -9999 -9999 -9999 -9999 0.723285218814593 0.649257647409109 1.38989868572657 2.56839226721693 1.92742058328562 0.936327407599426 0.601500940438791 0.172500689630488 -0.0402252921545894 -0.0826030211594381 -0.206367179453359 -0.0571107902829524 -0.218016516088443 -0.300233384644419 -0.275204848439487 -0.388633908870666 -0.403670277268205 -0.371541466063238 -0.291796117661944 -0.31373143145417 -0.354713576375094 -0.381417215778327 -0.368778956414419 -0.362187134237208 -0.353655328542052 -0.333846936667382 -0.319122221138986 -0.335675234591505 -0.369671087228397 -0.385193997505047 -0.398370055066193 -0.392598414028737 -0.391547954233179 -0.396809127647021 -0.391710966056418 -0.388573865218099 -0.371544045997171 -0.40040766495175 -0.407496526575979 -0.40064836968542 -0.400981030767049 -0.405376357604598 -0.382672936895573 -0.36640445713442 -0.358664407543141 -0.359728319305518
