data/pcas/pca_proj_current/PC08.asc
NCOLS 494 
NROWS 529 
XLLCORNER -117.166666666667 
YLLCORNER -55.5 
CELLSIZE 0.166666666666667 
NODATA_value -9999 
[rows 168 to 191 of 529, columns 324 to 377 of 494]
-0.234676592690455 -0.162529799412984 -0.105132135869712 -0.215252425858007 -0.124017643108732 -0.210335042964381 -0.190651699399014 -0.222825454459317 -0.207806514609073 -0.20302362454185 -0.18734571680982 -0.270347075929568 -0.416015964800824 -0.344949858361151 -0.365661195061807 -0.283913489828204 -0.366537506836559 -0.476882766689545 -0.554052241689538 -0.645222646781012 -1.62514729737232 -1.83278479611424 -1.69226496473457 -1.76733863594169 -1.70556933641108 -1.72962315578666 -1.7061257691352 -1.61269661371649 -1.6556268988674 -1.5362123772477 -1.56684773745919 -1.54748517215108 -1.52169662122481 -1.48450775704928 -1.49069700287494 -1.47115275801543 -1.45325894167233 -1.42462479291884 -1.40146429785973 -1.35958293818114 -1.34824562693253 -1.3565131502059 -1.36316986922965 -1.35328491303463 -1.30947365368774 -1.300467579565 -1.33514209718769 -1.30513928986218 -1.29257751129086 -1.29020442654099 -1.3276261363668 -1.34162336455114 -1.35252822185404 -1.27756553218195
-0.254932870739039 -0.171682979411201 -0.13116211978036 -0.193813393853797 -0.218058138639279 -0.403938505049005 -0.259419207302172 -0.312194342046465 -0.296951030584481 -0.386823390412946 -0.350515287668023 -0.384253198436512 -0.296422841569527 -0.36488833726329 -0.405414120333364 -0.341064906052072 -0.419570908577567 -0.438452482529728 -0.545050668362425 -0.624483543495489 -0.643717687010587 -1.70891601860237 -1.78830249177804 -1.77803744904558 -1.84425742951415 -1.69027940579324 -1.84707588164039 -1.69304005883349 -1.58164778975794 -1.59415382034797 -1.58136787435431 -1.59552984359641 -1.55167378181284 -1.53357899063987 -1.46015688385903 -1.40461095557759 -1.34363894223889 -1.38491404315396 -1.39950472414877 -1.35612973866889 -1.34704387084611 -1.32178598395637 -1.30530599649765 -1.32828825238181 -1.29378773024776 -1.26151629379062 -1.2779335159334 -1.28575820662314 -1.28428480666365 -1.33078354289523 -1.26288986596272 -1.21280302059349 -1.2739191406575 -1.23440511252908
0.383560670797996 -0.233373474760207 -0.197967574331764 -0.310251384164384 -0.25019719032401 -0.22539235134838 -0.340543377132612 -0.280394101088278 -0.238313564637199 -0.281212271186057 -0.382672243122541 -0.375727078307128 -0.440937557580039 -0.439532370967616 -0.489323943562062 -0.349075079880241 -0.357392309869334 -0.414157538603256 -0.515556900473825 -0.545988338155846 -0.684554328206449 -0.694315341941969 -1.74271677038609 -1.80349178593988 -1.79569994790906 -1.81951350469073 -1.7637121696951 -1.70621598760064 -1.6547026111293 -1.62512469938738 -1.58638183216924 -1.52907987253434 -1.52841341184106 -1.47330122520334 -1.45789317561832 -1.44237067690706 -1.41375462586141 -1.43803714822408 -1.39297868592228 -1.34417524052496 -1.33361125103577 -1.37199272740988 -1.332916023804 -1.25939894619857 -1.25265157320737 -1.23204739180652 -1.22023391463559 -1.25177509497303 -1.24652956952319 -1.24974407312501 -1.28112262787724 -1.21239632341872 -1.23062896476975 -1.22607109898396
-0.175094268392554 -0.130457823113008 -0.212831822119177 -0.307116483090614 -0.197002172796237 -0.188222204627444 -0.210857510578662 -0.257766637116381 -0.317741915945592 -0.354272187404611 -0.371395069350525 -0.37889914839141 -0.437580854854642 -0.457077449115387 -0.507813873692995 -0.227345586590222 -0.305994084145959 -0.475971130949111 -0.549085529352178 -0.590816205933987 -0.537618052463215 -0.690490389472038 -0.72355992334746 -1.787305343364 -1.7610922922841 -1.80739487603571 -1.80478766783025 -1.68442693555451 -1.70099273781439 -1.67512440203285 -1.64380148175123 -1.57921181731753 -1.53332792017689 -1.53430668143718 -1.50891330482098 -1.43984977475885 -1.39289844856925 -1.39831891924412 -1.39171824398196 -1.31921875881627 -1.2884559248594 -1.35924943545945 -1.32404864623885 -1.21543978940831 -1.22646509103859 -1.20137136193978 -1.18764000477792 -1.19780341200022 -1.22042359569389 -1.27118970190578 -1.28173261319319 -1.23129894610053 -1.22849852944352 -1.19683580552638
-0.280865388435415 -0.217417250260091 -0.251552960840287 -0.285342537327291 -0.321391421303948 -0.314361337227532 -0.312535083269394 -0.304455866201029 -0.28573587069593 -0.342791503488658 -0.374420751157689 -0.365051895885545 -0.418371140517412 -0.468505242113467 -0.450244857310702 -0.322551809891097 -0.321093326412846 -0.363564327210463 -0.567386016569765 -0.561725937647028 -0.53727503327744 -0.583772396650953 -0.673989132024898 -0.837928935378108 -0.717550262368991 -1.83712643205353 -1.74936404438939 -1.71182002431955 -1.67092506787544 -1.67996861505916 -1.62704460053758 -1.56491597680324 -1.51561618108957 -1.5324658747712 -1.51829871234169 -1.48648108087899 -1.44090548934958 -1.37695836384917 -1.35466020673618 -1.34228318969749 -1.30724493455379 -1.33701789972501 -1.39148834412382 -1.2103838501578 -1.21992970742342 -1.14019370698518 -1.1228922883486 -1.13766720219527 -1.14308863368541 -1.18280977343584 -1.17627218164012 -1.15766833143608 -1.15532077386254 -1.17017467236642
-0.071083375912932 -0.0471756914711988 -0.0347485978945483 -0.313100579764541 -0.359820141441332 -0.336349784114333 -0.31690856585377 -0.326925575509578 -0.382909244364347 -0.41341886678359 -0.402850852315839 -0.382446375252715 -0.405178574141746 -0.45208862987887 -0.394514485432318 -0.322297556828684 -0.362044077287236 -0.431520893439257 -0.469841231434186 -0.460055995691625 -0.507697701850727 -0.550584020024284 -0.639234413756794 -0.816172170116888 -0.647189502325384 -0.688262791330556 -0.621989957944984 -1.71256658857281 -1.6817334538488 -1.69134249155808 -1.64447069418975 -1.58248372204858 -1.5417166051166 -1.52165747718483 -1.48873412120864 -1.44963597367022 -1.41495027174268 -1.39626309291757 -1.38329532171082 -1.44844520671718 -1.44585436902978 -1.30744747748627 -1.285028747805 -1.29594295068796 -1.1695832991496 -1.12071209737791 -1.09263828576728 -1.0981469165297 -1.07825348104308 -1.08390102759954 -1.07041991392597 -1.07896727225127 -1.08617423948633 -1.11129834221389
-0.281261470474741 -0.0226344266968579 -0.0462004565436017 -0.339252547895126 -0.300490546030497 -0.370149678715932 -0.315473171933891 -0.455032963166759 -0.477504568418691 -0.420352412704938 -0.409863397279855 -0.402480353135228 -0.430105537646527 -0.443800799879806 -0.346459168529328 -0.33457650714301 -0.385778815664226 -0.432486639973616 -0.567376946929082 -0.529080615649354 -0.518596659474817 -0.571561854272216 -0.633092967085277 -0.803201685970029 -0.70353515624859 -0.669860662431284 -0.622377849078318 -0.604827638986511 -1.72556689281305 -1.73954500106234 -1.6705563156616 -1.59258398989601 -1.52485614211001 -1.48432431427823 -1.46818548638202 -1.45939620578685 -1.41787770436417 -1.39112061192595 -1.36845120342502 -1.33235922370132 -1.33141119650108 -1.39191271751651 -1.33565846820012 -1.2772906677961 -1.26355195414769 -1.19249497393503 -1.09529404077904 -1.07856791852857 -1.04673482409735 -1.02679045070485 -1.00657935737912 -1.02001774375272 -1.00804116478302 -1.00573902103683
-0.349543165230864 -0.337426804541581 -0.356540341803599 -0.357024397990539 -0.389652574758798 -0.391425274133616 -0.402365050017365 -0.365045128054587 -0.395610436352841 -0.540191397574682 -0.464325578105055 -0.431137842828302 -0.442411301099466 -0.338347362795708 -0.377086245853553 -0.390144267155272 -0.394376803684255 -0.477820393185566 -0.530467295626091 -0.568415522941184 -0.537385019699363 -0.645890693981073 -0.722904142165985 -0.779090820783299 -0.6123711174092 -0.736814159615844 -0.668209166889798 -0.606598053169429 -0.589853352701175 -1.76932229990323 -1.6854919088006 -1.62639278220001 -1.53747883291537 -1.48037620691729 -1.45415908369907 -1.42581457503025 -1.40710404834489 -1.38172027103252 -1.33483707138847 -1.3106215632206 -1.33537081202239 -1.25118990321222 -1.35109096349025 -1.42446326320803 -1.32030010967553 -1.21395516951519 -1.11539423335795 -1.07478095055962 -1.04693802670401 -1.01262088380295 -0.987399243683082 -0.959009047023214 -0.93608898572681 -0.964952321975886
-0.371645894463021 -0.38539409174252 -0.389782955267878 -0.411476368603234 -0.41921428245626 -0.382250917018593 -0.42256530527062 -0.439242810816985 -0.526582415474719 -0.537217564855058 -0.476258956460867 -0.457690997252655 -0.355791967547166 -0.367174939272213 -0.385948271092083 -0.455437065278825 -0.462394748180816 -0.490812093925247 -0.527639613391325 -0.57883717351028 -0.598556884982658 -0.570086706048362 -0.697537536575817 -0.718439861676575 -0.514423598336835 -0.596877572836732 -0.646810010644085 -0.611974377273841 -0.568987266605255 -0.61163619697776 -1.75851981391059 -1.68895341003367 -1.53927313001178 -1.50979772790945 -1.4641311936534 -1.4034352662918 -1.39189343021768 -1.37844120181253 -1.33677738547755 -1.29259842349602 -1.34967996946434 -1.33382503273342 -1.32256401784039 -1.40810652224897 -1.32401675719938 -1.24527245461289 -1.1753232769865 -1.07025791622467 -1.04177303820748 -1.04633377164912 -1.01165457723029 -0.950000601986631 -0.928817007553653 -0.900454556152378
-0.389629627808869 -0.388472836429599 -0.348963046592378 -0.398444622681918 -0.445888131882691 -0.483768449373267 -0.523580786957234 -0.492209690865029 -0.528451617362358 -0.494425277621482 -0.455547602982286 -0.446402331286649 -0.336774475358107 -0.358902834730341 -0.415839468020252 -0.472581508878838 -0.45952303951785 -0.505615927449287 -0.542341180878446 -0.566648814768074 -0.614507632825392 -0.671750375783702 -0.72485455811001 -0.759286388187326 -0.71487849817091 -0.68469031998537 -0.611822471687034 -0.60848849288063 -0.59576126245271 -0.624146561101935 -0.620381933030401 -1.68108152510367 -1.5820863532325 -1.57042881386854 -1.47376605224404 -1.41482652232377 -1.36178537577904 -1.35357634647588 -1.35110023110688 -1.33155247505594 -1.28223954374406 -1.29838691460177 -1.33657455353807 -1.37229493347409 -1.33328008161099 -1.27095281733469 -1.16580322128679 -1.17523230607322 -1.16719180123287 -1.16987990854058 -1.07260855324379 -0.958702954991692 -0.924256106693145 -0.892453668502376
-0.431212146605245 -0.447217712206999 -0.42143214119383 -0.419268578357296 -0.418919194124459 -0.440906334645549 -0.462065985954145 -0.528643765124605 -0.434450498123584 -0.444528882908451 -0.465118745260701 -0.35835504761397 -0.360094336747616 -0.42444773633985 -0.408265669515819 -0.472003163681847 -0.454904167397125 -0.49901600054469 -0.518763801210876 -0.553668458326745 -0.603201741025731 -0.653779988638098 -0.678416656656191 -0.584688503096972 -0.717163322185139 -0.64526462184358 -0.611548732318765 -0.596817668481511 -0.618750993405849 -0.625130182081169 -0.621161352260437 -0.607664390464636 -1.59900293588129 -1.54876487507148 -1.46038586672172 -1.41664316951068 -1.35352546323352 -1.33857883555081 -1.35998755944276 -1.33477355896581 -1.29535359071934 -1.40761995273059 -1.2997392923197 -1.29464027793627 -1.20880341072229 -1.29164876961262 -1.2032328213813 -1.16826435542491 -1.17736023210199 -1.1842717096196 -1.07563594236171 -1.00572835127868 -0.976903860482186 -0.935688884151334
-0.445486852790054 -0.458358387475016 -0.432969177250615 -0.437044950530408 -0.325803300965795 -0.349085349602224 -0.466746480604587 -0.480435089238235 -0.481401822485638 -0.472395794161655 -0.484461521739411 -0.397814074040233 -0.38711764931887 -0.460230250618346 -0.439193946586644 -0.442769113629355 -0.456672994615668 -0.501555629709235 -0.552773002629969 -0.57120037088622 -0.621828809380647 -0.489721101516585 -0.532006741544374 -0.558345033363446 -0.703938799502426 -0.632017995673853 -0.620495336442938 -0.610698880047903 -0.62186110972903 -0.627796731322837 -0.626381868961562 -0.636752633726461 -1.60767569559233 -1.54692222244293 -1.46820300563901 -1.40759776678226 -1.36757101593289 -1.36046968362558 -1.33696849889209 -1.28893667129369 -1.2883698604197 -1.30495662419528 -1.31108411145825 -1.27891461259571 -1.21118022973721 -1.18988201954132 -1.21645450988146 -1.07540892622916 -1.2055050925885 -1.16783568966543 -1.12866743778098 -1.06985399898905 -1.03211421265677 -0.975413269075999
-0.4997390415853 -0.476202528760908 -0.474481128986727 -0.467089218760683 -0.388924817407943 -0.394791172872287 -0.446447372077114 -0.46043297663068 -0.428395210470521 -0.477503905670039 -0.44943110569918 -0.467608778033568 -0.456142890670015 -0.472976257843849 -0.443109616963923 -0.468902162523767 -0.478240435960589 -0.523278663179767 -0.535312732130963 -0.390910635028768 -0.416500032261827 -0.453761519030165 -0.513819330851669 -0.587340032312518 -0.699300087279021 -0.642441123375866 -0.635201848169922 -0.617875065017807 -0.637254483377151 -0.635623210538375 -0.624617744525972 -0.602350754696165 -0.580329686110773 -1.53793747667439 -1.479239168406 -1.41540430217728 -1.36834362792973 -1.34205401917251 -1.32618696196153 -1.29401025037004 -1.22388290167725 -1.2722273569999 -1.25269824782 -1.27641390687667 -1.24851603847673 -1.22262812022642 -1.21234463897329 -1.09210066334626 -1.13224971686869 -1.22200875191963 -1.1853075998071 -1.11215151736029 -1.0434325572849 -1.00972482817255
-0.395387757562554 -0.513351496840965 -0.497581504960112 -0.534724203862384 -0.556900235570441 -0.531993868568503 -0.446961442381103 -0.422285404429436 -0.429123300112267 -0.452838729498344 -0.444601399186109 -0.475864780537202 -0.510572818633191 -0.533708470551168 -0.488738539315284 -0.502835345577492 -0.516342239719048 -0.604296873322686 -0.386148432437367 -0.354405151488283 -0.412034576708503 -0.446004698800097 -0.503839455685169 -0.604833188243463 -0.660384686914596 -0.639726140832777 -0.623952217595472 -0.609688432907201 -0.63795705621283 -0.639092086431157 -0.619196765269103 -0.58982754927579 -0.573406241610547 -1.56165743521003 -1.49114868546567 -1.42084757708494 -1.37916885148018 -1.35823653490047 -1.34843445593743 -1.30049005932586 -1.28463558273712 -1.29758540745966 -1.20651152470031 -1.18078328924083 -1.23573082173889 -1.20320384274054 -1.27346371504395 -1.16888435484233 -1.09971687474679 -1.17187609007078 -1.1623416704888 -1.12604104945707 -1.04483715857937 -1.00245955165967
-0.561322860839953 -0.521352756255362 -0.540157959883888 -0.565995505281706 -0.560404534418866 -0.574628614810027 -0.58930192289124 -0.445459233890809 -0.491548517255903 -0.490342109129234 -0.49471640332532 -0.509803140341561 -0.560640714147783 -0.577655442839689 -0.54010881967711 -0.541342969279692 -0.526436490733503 -0.587922711574222 -0.429020065310766 -0.449445303927767 -0.420944808773879 -0.449746226660617 -0.543344537370984 -0.612067287874241 -0.627585254515142 -0.623672957825689 -0.61896821176179 -0.625661374999355 -0.622812521972663 -0.646106962418615 -0.615997673942689 -0.596963919208792 -0.590016130321614 -1.5378805406112 -1.48631243521754 -1.45074941541735 -1.39688259824595 -1.36967074989702 -1.34265700228601 -1.31684486014252 -1.28581721714082 -1.27453123055536 -1.28816085516657 -1.32546381181142 -1.23628794799382 -1.19140970069658 -1.25554287099289 -1.18028755804782 -1.13376101818063 -1.10155403035071 -1.09975868948904 -1.11073716765602 -1.06878261107564 -1.01409336237217
-0.573916084949535 -0.557730734630069 -0.540155537015598 -0.562369195466407 -0.58604480228148 -0.596501322402556 -0.560576204868552 -0.444604433681054 -0.476223311638829 -0.517851179505749 -0.509326835778561 -0.541469013498162 -0.559936306437039 -0.574379992292399 -0.572140833043265 -0.544655605609517 -0.375664724727948 -0.407512610462085 -0.434708173428368 -0.440585083223601 -0.438913063692465 -0.524258916483141 -0.573968195957374 -0.60361562857903 -0.628558092880811 -0.62570021314127 -0.619056134737111 -0.613143494756719 -0.621920721186453 -0.639485603156885 -0.61910552937448 -0.623803921528899 -0.607660171295663 -1.51765257460289 -1.47292434398274 -1.45713132258627 -1.38910263467069 -1.36316737574803 -1.33936171956324 -1.32488113534308 -1.31028972274015 -1.3024959100824 -1.32736807486443 -1.36570102783598 -1.27366319053985 -1.21092382707858 -1.24629498233567 -1.19936347561687 -1.14687521178102 -1.09000662401578 -1.0886229156912 -1.0643804547358 -1.03195455554004 -1.01342900621809
-0.591493875224902 -0.593769622702278 -0.582671949200841 -0.584336190322696 -0.576564160814793 -0.580833705452213 -0.583834361414944 -0.464630390029083 -0.470586968041811 -0.530459532562723 -0.53233710283765 -0.546498481843414 -0.561420969045681 -0.5823702743191 -0.566370257507795 -0.566111148387315 -0.363124738770372 -0.382138050528394 -0.439117939670225 -0.451596153291029 -0.467421375999753 -0.521684665741766 -0.545190377537904 -0.569846445631206 -0.614003472912893 -0.61628234953029 -0.632492697398575 -0.632343439216445 -0.607431064283643 -0.603873818082573 -0.607771540511155 -0.626873140040787 -1.58640174749792 -1.51274476951375 -1.50754565430821 -1.43092696075152 -1.39143961501536 -1.36186666606456 -1.33855530950243 -1.32434871988261 -1.3130700510461 -1.31727712742539 -1.37255617006419 -1.35559729393209 -1.3148773926646 -1.23064831035015 -1.14802246753301 -1.17703032739853 -1.13016535690257 -1.09134325758569 -1.06943138523586 -1.04345342185531 -1.01197879212466 -0.99130420674258
-0.588925900544555 -0.606649045229712 -0.594543248445715 -0.574241221026383 -0.586271428343297 -0.531347948385308 -0.541633672847539 -0.415168600602849 -0.42254336628617 -0.498109284314912 -0.504633554584741 -0.541318425322891 -0.566607909620894 -0.37937159706912 -0.347818839081252 -0.323010703891302 -0.351646518168399 -0.388439623119681 -0.403239580625224 -0.430176217800238 -0.476222669698093 -0.501663992955502 -0.534693738907873 -0.547274166904604 -0.569633096889447 -0.597701489628167 -0.618910831101756 -0.617522503553736 -0.605601310708975 -0.605513211975671 -0.606105214782133 -0.608868007694105 -1.57113139841678 -1.51514706901628 -1.46992235096964 -1.43497891991354 -1.38920723196527 -1.36064394649913 -1.32372841179605 -1.31473465882468 -1.30520605311911 -1.28386873942154 -1.34761799365649 -1.34356008848168 -1.3245823613242 -1.27244157412786 -1.15745134125284 -1.15074599266277 -1.13024922906878 -1.08987570017508 -1.07225582761886 -1.03746998984398 -1.0029132776337 -0.981555573459591
-0.592322956842113 -0.612712261088524 -0.608791376618406 -0.588274409706913 -0.538839331253484 -0.534546590326037 -0.54751610433396 -0.443678834702995 -0.585532250765341 -0.485607775138965 -0.491937474867123 -0.519546076140918 -0.369575636181453 -0.358829915218811 -0.333286517527497 -0.3361271876444 -0.348883174883157 -0.368615369397751 -0.407070071681507 -0.440914888002188 -0.47069186379021 -0.488959395851896 -0.508261561214855 -0.519191010621933 -0.568406306262927 -0.599815267545999 -0.612313973073509 -0.603387485438807 -0.595554220558141 -0.594971372130363 -0.603835779907253 -0.622863303612485 -1.57538493519303 -1.51315474970769 -1.4711298041 -1.42992250206902 -1.39717350404825 -1.35334405406808 -1.32767305565336 -1.31332227946237 -1.29442304472866 -1.27672063367098 -1.331267746085 -1.33268474602974 -1.30242203988076 -1.24079927737119 -1.15287893474064 -1.13958336101604 -1.11619659843241 -1.08965921706123 -1.06946273319439 -1.03588743726978 -1.00546249616159 -0.975818639046268
-0.64274027810921 -0.638808182133957 -0.615945034621771 -0.58900964170069 -0.565660982747676 -0.563638926662328 -0.578047716196949 -0.567491863843719 -0.59078740294752 -0.591994035815298 -0.32143178911985 -0.507355722344442 -0.330300389236911 -0.329691274187584 -0.313982409602628 -0.321967877816091 -0.336504484898466 -0.359264537971025 -0.391641655394714 -0.413285587433331 -0.462473738243151 -0.505409841516076 -0.5194975815548 -0.546807499127413 -0.558554336520623 -0.57622557761261 -0.604173439732512 -0.614281285440181 -0.663454435326155 -0.670948923070684 -0.661422483119944 -1.55316514636378 -1.54859295916956 -1.52245147443368 -1.46213088583393 -1.41990181278885 -1.38450768785146 -1.35097187062564 -1.32647825090921 -1.29572039894111 -1.28241645928512 -1.27204541582165 -1.31842075769092 -1.28947112721288 -1.23714192983984 -1.20357196362499 -1.15857261077126 -1.14362007969618 -1.11767232227962 -1.08070455937347 -1.05739878941656 -1.0291897440288 -1.01067320665189 -0.980956105916959
-0.697105080196337 -0.681928885890636 -0.66977617540613 -0.640876728253912 -0.633031718509849 -0.605623294293377 -0.579051703391385 -0.585443662205462 -0.613436615335917 -0.419111945773138 -0.449133776035201 -0.33415013997059 -0.307691795360215 -0.321656220431358 -0.316846430984274 -0.321262585973602 -0.329612328867554 -0.336437300951137 -0.389126467407297 -0.445139658981734 -0.480261089592698 -0.496491412460382 -0.548979031138611 -0.583426998979328 -0.581225134657416 -0.620999725933808 -0.62383340434375 -0.639282863984739 -0.654959818572944 -0.659940797633749 -1.56017750725722 -1.53250135886922 -1.51566743380763 -1.49930969595613 -1.46009764488946 -1.41154537107543 -1.36563577010216 -1.33614926819413 -1.31379546308549 -1.29546874662124 -1.26513621412425 -1.27003378728152 -1.26963631709834 -1.26719537348165 -1.20276326127978 -1.19379559752832 -1.17209092280579 -1.13269862771582 -1.10672625727994 -1.07810105854655 -1.05201541003745 -1.01964319508639 -0.991067118580832 -0.949588202545915
-0.7126938741042 -0.709302810064883 -0.699780815028949 -0.683063999828729 -0.661003305067458 -0.636928946654889 -0.597083578146261 -0.610186767441434 -0.625098434858665 -0.426717510272873 -0.449525047606966 -0.451013491551905 -0.438662441744734 -0.307268541960097 -0.309117634746521 -0.309981768607357 -0.28972934095118 -0.332736436298756 -0.394194955728977 -0.434069242643291 -0.47513778881964 -0.519552908172255 -0.582419522659956 -0.614750189099238 -0.63888720689075 -0.662094957851259 -0.689619671612991 -0.702856686236554 -0.700924783091219 -0.725729975773594 -0.707235890372192 -1.50279060077274 -1.49776389350515 -1.47526178897725 -1.44618873993573 -1.40588956902284 -1.35336380666676 -1.32392410433992 -1.30790013341589 -1.28012919074785 -1.26595504536968 -1.25930270440415 -1.25526107309623 -1.25187481837296 -1.2107140315863 -1.18811851264926 -1.15809394680644 -1.13276618352901 -1.103238926937 -1.07720164873267 -1.04349684602051 -1.00794648878378 -0.983559864464825 -0.948639973559989
-0.733460368684723 -0.725380901008952 -0.726433413416475 -0.721222123385747 -0.699288466238289 -0.654028370119673 -0.642317424395612 -0.426495757221912 -0.6349411354955 -0.444011017761092 -0.449029969258045 -0.448242786597023 -0.43699998895447 -0.308804718451369 -0.329994174825483 -0.332734043594262 -0.340057123842173 -0.362299062191441 -0.413498620038541 -0.443086416137728 -0.487187481720918 -0.544766679302072 -0.61100318238587 -0.641136198094263 -0.645758357433452 -0.681223175754056 -0.708685870933571 -0.714858410444472 -0.735669755999879 -0.740901964238618 -0.743272081036436 -1.46614839950672 -1.46883573616444 -1.42254582576364 -1.39689404089852 -1.38455872765581 -1.35397213737513 -1.32401329898167 -1.29166367067337 -1.27328369190714 -1.263258835535 -1.25852417415645 -1.24821837427208 -1.24308896225513 -1.20383165730144 -1.18063241412318 -1.15123005232962 -1.12893283120141 -1.09254099443701 -1.06787047916452 -1.04055692795861 -1.00768942164355 -0.975714772029188 -0.94246889081487
-0.741364382639757 -0.747919355409694 -0.763260814574235 -0.741582193606509 -0.715895719475388 -0.68746404795274 -0.672115646868228 -0.657658785961005 -0.64575512615633 -0.650750851032873 -0.439519382304653 -0.438950910005927 -0.438683365475483 -0.334184775870349 -0.358679040509491 -0.361518009130437 -0.37117326244259 -0.393161689637803 -0.435842670819208 -0.481649763912552 -0.531170122511558 -0.588233103275219 -0.6391743695174 -0.677268091994577 -0.68955876441595 -0.69910876083022 -0.738221034328061 -0.753029238539251 -0.767798992556794 -0.783095655678062 -0.801563611252499 -1.41696052201435 -1.41883901888069 -1.40059526166427 -1.38156776140345 -1.34647113371936 -1.33231460488554 -1.3097904287363 -1.29316988306914 -1.27564199432058 -1.25676687014411 -1.25081436757659 -1.23870110348188 -1.21650359326899 -1.21839664390324 -1.18009985519886 -1.1426778088133 -1.11114490359671 -1.08889223575009 -1.05970047031374 -1.03729903501666 -1.00883694979472 -0.977627244806341 -0.939400648459242
