data/pcas/pca_proj_current/PC08.asc
NCOLS 494 
NROWS 529 
XLLCORNER -117.166666666667 
YLLCORNER -55.5 
CELLSIZE 0.166666666666667 
NODATA_value -9999 
[rows 0 to 23 of 529, columns 54 to 107 of 494]
-1.02174760831597 -1.03702714611676 -1.0624005449961 -1.0907061238144 -1.08600980990789 -1.09345803890249 -1.09716897423568 -1.0703676523469 -1.05547334147393 -1.07596021154816 -1.07913660571478 -1.06877478883823 -1.09125025489713 -1.09973760302412 -1.09398142054349 -1.10494130807139 -1.12728415112959 -1.14895945616783 -1.16745462238286 -1.16459881637876 -1.13884373882189 -1.12970035312416 -1.11651968854136 -1.10562930209918 -1.09936076978728 -1.09984202400913 -1.09399987585914 -1.07434765607659 -1.06087474877428 -1.04869677815201 -1.04418288656784 -1.04383664802912 -1.05133241435575 -1.05207208881491 -1.05942884931157 -1.09260436288317 -1.10549273263711 -1.12300700973663 -1.11672509478461 -1.1370113262798 -1.14973295061265 -1.14794257937032 -1.15774281299875 -1.1495829014332 -1.16105511862474 -1.18540130193386 -1.18886576186195 -1.18690322013052 -1.17671734304913 -1.16730036541748 -1.15267126673792 -1.13863716916005 -1.13370899138089 -1.1486300473414
-1.02874428823381 -1.04654317741921 -1.07640022293077 -1.08462508968047 -1.09570663882178 -1.10253806817897 -1.08321040690398 -1.10182228624034 -1.08189212786579 -1.09222324478925 -1.07698322765516 -1.08008128178533 -1.09010431780415 -1.10192462012332 -1.09899024524257 -1.11110881929408 -1.13687313156447 -1.15719013858075 -1.16441643733497 -1.19246360021029 -1.17655501041288 -1.16520963855399 -1.15648096167228 -1.11799702533175 -1.10718563198871 -1.1138676339267 -1.09630193198832 -1.0889928859805 -1.07342538653804 -1.0579349363067 -1.06201839618567 -1.05616452882274 -1.06522163007015 -1.06515530283026 -1.07717940715582 -1.09385822527535 -1.11644126905339 -1.12232666517912 -1.13231595135789 -1.14529677923751 -1.17089495598649 -1.1754318139278 -1.18599975986992 -1.18352643873432 -1.19120896432236 -1.1978924935345 -1.20685825288594 -1.19810676768828 -1.17308066358697 -1.15511144456702 -1.13648551251295 -1.13573846623966 -1.13815996535318 -1.1511348380726
-1.0252756264928 -1.05909466671732 -1.09232501241093 -1.11829110808933 -1.1130861379709 -1.11234916632954 -1.10535547598028 -1.10825331798188 -1.10943269933024 -1.09715018477254 -1.10280852393597 -1.08651118564544 -1.09499625611328 -1.09515729923883 -1.09898810663679 -1.11503831827685 -1.12329655282611 -1.15692153018982 -1.1567536223133 -1.1941721447369 -1.20354557094515 -1.1993515593353 -1.17975504427567 -1.12399832258051 -1.10997646171118 -1.12525266641902 -1.10756042393487 -1.09395904210157 -1.0745055872495 -1.06765755488816 -1.07194108918978 -1.06824317504877 -1.07582779942135 -1.08049724470608 -1.08990860685323 -1.09702248508291 -1.11467751885777 -1.120973848465 -1.12586121181012 -1.1495613675187 -1.18598294076697 -1.20249495387799 -1.20018058251711 -1.20521863732368 -1.1996324498431 -1.20107426692078 -1.19293622111903 -1.17488335782005 -1.17439552437974 -1.16532863522395 -1.15308135135569 -1.15115730698714 -1.14585994093488 -1.1590962677562
-1.05309805600682 -1.07890239147693 -1.11549016124664 -1.14793270619557 -1.13153052798887 -1.13195312498759 -1.13539609869378 -1.12655340666393 -1.1296884600731 -1.1210516401396 -1.09905733889111 -1.08709358874507 -1.09538705524351 -1.09475618317983 -1.09312682007882 -1.11842531920681 -1.13984507932505 -1.13964816067197 -1.15508705468774 -1.21563198961459 -1.22790849815415 -1.19355854361862 -1.14758372091568 -1.12485525477566 -1.11558692115441 -1.12482034614564 -1.10907199062917 -1.10212387994752 -1.09424543765304 -1.08808416285481 -1.09380132149481 -1.08331522357277 -1.08760457193814 -1.09104330170418 -1.09057515382904 -1.10013539511445 -1.11300423458354 -1.12164560740001 -1.12115163225861 -1.13118473865546 -1.15936529127824 -1.19557988975486 -1.19800587882663 -1.20138573037628 -1.20195451577929 -1.20464486937009 -1.18677636157316 -1.17291625183704 -1.15345642512723 -1.15617377265058 -1.14833488093646 -1.14970694599196 -1.14969601559174 -1.15250599964969
-1.0773980280103 -1.10609186735906 -1.14410679986531 -1.15368478213247 -1.15697168248091 -1.14628084664549 -1.15088164549125 -1.14813414920845 -1.14414671338422 -1.13415079399458 -1.12445924800127 -1.09499637763968 -1.10280803508045 -1.09751053600014 -1.09671954206144 -1.11598403251434 -1.14151548611059 -1.13888614659773 -1.14183386661556 -1.18719776566388 -1.21067400635785 -1.18126064950068 -1.15654734711359 -1.13790758880934 -1.13780163855475 -1.12755095649881 -1.11750434438624 -1.1168090821884 -1.10892503503944 -1.1070367126515 -1.10340492281928 -1.1023696783684 -1.10599453358055 -1.10597514212344 -1.10334729554143 -1.09803011119671 -1.10549793865517 -1.11749624069526 -1.12715342357902 -1.13054958893926 -1.14244208289163 -1.17453178792496 -1.18766235716133 -1.19060513136691 -1.19209253075308 -1.19161546473075 -1.18916858462809 -1.17088985623816 -1.14953357577437 -1.15527986871099 -1.15786515180833 -1.16242544691329 -1.16007143302422 -1.16507119039061
-1.10327224093141 -1.13984742517522 -1.15298282004523 -1.17028410796074 -1.17064368062624 -1.17113243073918 -1.16826825807465 -1.14658175212104 -1.13822432439396 -1.1345070270495 -1.12839429480672 -1.10203083772744 -1.10406834084161 -1.10711604747386 -1.10742526096464 -1.10475175404195 -1.12633181144211 -1.14012830084132 -1.15536171503142 -1.17407280655925 -1.21766300305416 -1.19423648332718 -1.16393068886452 -1.1508568964893 -1.1326715570996 -1.12101860005497 -1.1124266372147 -1.11377322473225 -1.11683087628654 -1.1205625489107 -1.11223979821089 -1.09971586408176 -1.10669887750724 -1.11319026522156 -1.11603813398342 -1.12311138226158 -1.12279577037518 -1.12513894711109 -1.13543802332016 -1.12099117299002 -1.1273510422339 -1.15491693237649 -1.16703385513525 -1.16968446841637 -1.16187651920951 -1.17708438954236 -1.18584845732326 -1.1754759307682 -1.14987425612217 -1.14797036184065 -1.15687633895555 -1.16321106209215 -1.16989683727813 -1.16309498858463
-1.12581942296155 -1.15893820791085 -1.17016250152832 -1.19548856520722 -1.19573622426292 -1.18389187781918 -1.17795179070063 -1.1626086450124 -1.14958757310006 -1.13322913723782 -1.13430274000065 -1.14017860467348 -1.13047485000932 -1.1135472439497 -1.11734645748372 -1.11939787422835 -1.13574597574943 -1.15697036795235 -1.16803411949042 -1.15910112510495 -1.19450810503844 -1.19601458787441 -1.15672834039531 -1.14425731998331 -1.13987704421186 -1.11972811299869 -1.11223550593187 -1.09869158971327 -1.10534800499742 -1.11301834759842 -1.09952250126627 -1.09760626093559 -1.11014990676384 -1.12421420842604 -1.14147573442968 -1.14185051503808 -1.14129723268529 -1.14050136060385 -1.13580298844535 -1.13357815088217 -1.13520842657789 -1.13482630246581 -1.14953644575584 -1.1532642584614 -1.15899068870326 -1.17846926537265 -1.18503147095819 -1.17412053685127 -1.15022611210073 -1.14834295624209 -1.15469647704994 -1.1579083921803 -1.14709352730971 -1.14869983516372
-1.13214400878908 -1.16277710425576 -1.2031242635129 -1.22623182462343 -1.21310117584531 -1.20854564067151 -1.1925291269788 -1.16862134169723 -1.15727837093407 -1.13514410038639 -1.14506265007652 -1.16427379039801 -1.18106960623977 -1.1481424047959 -1.12460550889159 -1.12984600777306 -1.13611837313118 -1.14182802581196 -1.16612263483236 -1.18652668769271 -1.16479487896406 -1.18196706549982 -1.15219428417489 -1.14521442288603 -1.13198289161499 -1.11098976800716 -1.10250373603977 -1.08581907289666 -1.07846787602073 -1.10257224881985 -1.09951056740714 -1.11033204722907 -1.11877325751742 -1.13302322476232 -1.15067217293783 -1.16026757135376 -1.15894340391006 -1.1553584181507 -1.13939388240523 -1.13334428919639 -1.1300523342337 -1.13483618608322 -1.13481645476662 -1.14061044828598 -1.15420120022308 -1.18511757684203 -1.18944152803646 -1.16222467451984 -1.15171301410499 -1.14299298449689 -1.14272802461107 -1.13577845025273 -1.13554223945963 -1.13855729808676
-1.13915346159123 -1.15878046216857 -1.20387922908485 -1.23671526627246 -1.25419165787935 -1.24448330700575 -1.20927288463185 -1.19069761260953 -1.1643576878259 -1.15391869943508 -1.14525080846331 -1.16775585848144 -1.19160078060219 -1.1709454759634 -1.13625518633243 -1.14528439652842 -1.15069909885711 -1.13910798265541 -1.16331296322113 -1.1736038783299 -1.17098287944068 -1.16220964089818 -1.16863782210982 -1.14195426394827 -1.12483686681679 -1.12066611120685 -1.10367908835568 -1.08064786234265 -1.08583402667796 -1.1001670010688 -1.08824185591558 -1.1030327301231 -1.11822409466696 -1.14783084291895 -1.17910356705941 -1.18845928888989 -1.18172532730241 -1.16626300379508 -1.15265804986661 -1.13647515800865 -1.13660471414651 -1.13031191894641 -1.13259619417067 -1.1346891007195 -1.14058277775235 -1.16679127437647 -1.17556836559683 -1.15492378554388 -1.13894107432345 -1.12581339358131 -1.11653695429604 -1.10184242856826 -1.11673554087868 -1.1222318376774
-1.14133120037725 -1.15878653953697 -1.18922834909896 -1.22668667772738 -1.26050705343954 -1.25411848436369 -1.23237136254129 -1.20070976248891 -1.18169280896167 -1.18271516756939 -1.16528114045987 -1.16902040709153 -1.16742742929213 -1.15266493173146 -1.1648871195204 -1.1756133936537 -1.15710861850003 -1.15636902840873 -1.14459953893508 -1.16062712811426 -1.14018221505765 -1.13738311471961 -1.14594300678521 -1.1468574526806 -1.13418016055687 -1.11507629494886 -1.10528554439855 -1.08573284221828 -1.08803413544957 -1.10393225052609 -1.1017786829933 -1.12619025599873 -1.14383142717556 -1.1725308552864 -1.20861357160069 -1.21895258424698 -1.21524402689114 -1.19467270197669 -1.16570276637833 -1.14497424008698 -1.13519056541059 -1.12169074550585 -1.11641103923284 -1.12266748884378 -1.12477890539713 -1.14408737748193 -1.13914654967092 -1.123078331384 -1.10608977053508 -1.09859216356308 -1.08867964805643 -1.07825940757762 -1.09497785567873 -1.115178337893
-1.14338842735613 -1.17619646667938 -1.1880904749937 -1.22384921141016 -1.22710727356289 -1.22854099050108 -1.2320556839091 -1.20822003099388 -1.20421624964207 -1.19332935061256 -1.17866050972072 -1.1758223535755 -1.16605354327071 -1.12662125814503 -1.13729326000194 -1.17907222657242 -1.1912070548078 -1.16787745439918 -1.16226837307135 -1.14404874229761 -1.13880217393123 -1.12902778286907 -1.1329135910215 -1.14039396887903 -1.14640391906907 -1.11302834036997 -1.11432732841715 -1.10432653130085 -1.10493585029112 -1.10302116717826 -1.1087367170131 -1.1343601411502 -1.1573895685585 -1.19390050474297 -1.23278850097012 -1.23284741843491 -1.22108622314335 -1.19718362161512 -1.18243414349006 -1.16190736859155 -1.15441456552867 -1.12905714349773 -1.11512901257799 -1.11031784560321 -1.10666018846166 -1.10785290368013 -1.10110653322649 -1.09258544108305 -1.07674230669341 -1.07040991786659 -1.06099485759893 -1.0707160649035 -1.10144385538049 -1.10769754979944
-1.14901221947834 -1.15248250261157 -1.17825265979892 -1.21051095285969 -1.22208257406744 -1.22636580331322 -1.22111942269406 -1.21934618698891 -1.23117975013799 -1.20628237865434 -1.18662074886533 -1.17558949790892 -1.1639655429441 -1.13588172405399 -1.12593192196979 -1.14387970608028 -1.17254517023136 -1.17633562869799 -1.16547016503011 -1.15461243108993 -1.13517920254801 -1.12054759130161 -1.11348281618864 -1.12970406681933 -1.14261555598687 -1.127344348682 -1.12164218590363 -1.10809478750946 -1.09602856164108 -1.10030804720082 -1.10171006934637 -1.1204893682097 -1.15800285362431 -1.18287693075 -1.20798638530014 -1.21984789367454 -1.21212756336206 -1.19793261116062 -1.18112180438761 -1.17012081899257 -1.1586164456091 -1.13704232751791 -1.11249109788685 -1.1118358904045 -1.10001244320895 -1.0837018309155 -1.0751949610797 -1.06688266686215 -1.06581903296369 -1.0472583685713 -1.04582622342203 -1.07113718527787 -1.09613625577459 -1.10640191000541
-1.1325712202317 -1.15735494538943 -1.20960911039589 -1.20799980163481 -1.21151054847473 -1.21624302792108 -1.22437750712683 -1.21997642120774 -1.22525173121004 -1.21592709706995 -1.1879152971199 -1.171987365527 -1.16213295527568 -1.15753850705083 -1.14866609266883 -1.15009513695931 -1.13987303502135 -1.15781546014992 -1.15212323679674 -1.14757950311174 -1.14225749384357 -1.11221028115363 -1.09659943896701 -1.09955044111719 -1.11520696013128 -1.09016813920608 -1.10154349598782 -1.08867891863768 -1.08183270344505 -1.098880874475 -1.10409408071673 -1.12144810703748 -1.13772672340142 -1.15844908730169 -1.18840963276151 -1.20353624153234 -1.19731358528241 -1.18166736301421 -1.17666447893531 -1.1752298379232 -1.1575844152368 -1.13702305839802 -1.1182027187841 -1.10629230522334 -1.09109795629765 -1.07026366072198 -1.05290915583566 -1.05052033833054 -1.05120529914581 -1.04574144107928 -1.05072142671564 -1.07220095594997 -1.09244740918747 -1.12234232927812
-1.14130426484951 -1.17477482687962 -1.2168157996382 -1.21641592068331 -1.21644014585544 -1.21243834744611 -1.21294035660111 -1.22489887790441 -1.21431291706607 -1.20053916998685 -1.18534452834052 -1.15769650141991 -1.15187877139194 -1.17051454838614 -1.14814552020257 -1.14553786311689 -1.14984746757417 -1.14079278456999 -1.1349275326858 -1.14326557429191 -1.12204351051588 -1.11501680606576 -1.0852162041883 -1.06403546895521 -1.06173680729744 -1.0717180933469 -1.08563471777296 -1.08066996898454 -1.08524659538834 -1.09597057560449 -1.10286757686737 -1.1035735266184 -1.1069331367369 -1.14104636768192 -1.16031288521846 -1.17225811553663 -1.17500152691158 -1.17786234712044 -1.18700373865672 -1.17869065548089 -1.16653655224847 -1.14252431327305 -1.12499626578503 -1.10912688314269 -1.07873679354993 -1.05758012102813 -1.03818961195612 -1.0448531752225 -1.05238677491296 -1.05584695009006 -1.04985907801732 -1.06336458133184 -1.08807600615566 -1.10194619478458
-1.15077431745365 -1.17521914998946 -1.21668408083065 -1.21950507863745 -1.22068891068724 -1.22500674035264 -1.21703761871892 -1.21262836134728 -1.21226304176086 -1.21278266044436 -1.18129472872756 -1.1642447914537 -1.15123424958364 -1.15900493561406 -1.15604285760065 -1.14713378410018 -1.15313324935006 -1.14774905316318 -1.12538939472161 -1.14975647214217 -1.13286690047323 -1.100727435416 -1.08702071657293 -1.06096962872406 -1.05016384361867 -1.05599420894163 -1.07509053981584 -1.08030344730082 -1.07669969218105 -1.07146117010358 -1.07244509720428 -1.08745318898979 -1.09599611094761 -1.11724772232154 -1.14326215271034 -1.15381238223476 -1.15597425532323 -1.17219649163131 -1.18355882961462 -1.18731828865661 -1.1685679722434 -1.14239599373259 -1.11750628009458 -1.09903507403902 -1.06652421111487 -1.05459026312719 -1.03252827760108 -1.03793787416729 -1.04543449546641 -1.06194135355155 -1.0556767861518 -1.07076609314716 -1.08031614260926 -1.09317066115535
-1.13873162508346 -1.17077838390909 -1.18927776046444 -1.20987639954265 -1.2162390070927 -1.21201887211548 -1.20951850702399 -1.20913789360236 -1.23188201815728 -1.24017093135888 -1.20782378016169 -1.17989789542682 -1.17063883699521 -1.15882170248415 -1.14730681738562 -1.14866321559847 -1.1525691862633 -1.15593740837075 -1.13311474904019 -1.13992807914175 -1.12138372629861 -1.1140166915161 -1.10358841393886 -1.08682970823684 -1.06048626355919 -1.06550602475555 -1.0641636859807 -1.05950397634623 -1.06337824779406 -1.06924449591321 -1.08046062029135 -1.08046785239904 -1.08542945850426 -1.11189095475179 -1.11745697887051 -1.11854565401739 -1.13325134527241 -1.14479023813163 -1.15100702538254 -1.17896566699982 -1.15951436155267 -1.13193978446936 -1.12294623195103 -1.09721002407809 -1.07744827241936 -1.06169365424558 -1.0479456828139 -1.04518392282077 -1.05209106963033 -1.0508927240279 -1.0501326247549 -1.06906644492667 -1.09430169585327 -1.11211590145027
-1.12027090156429 -1.15291606254667 -1.18222506858734 -1.19891601899196 -1.20470551456828 -1.19778390707308 -1.20178717133879 -1.20284865021231 -1.22108605041636 -1.2250043992927 -1.21906530780962 -1.20763927211406 -1.20783138978507 -1.17962497901773 -1.1540288308103 -1.16251643381145 -1.16393272158376 -1.16796171770868 -1.16348489784429 -1.14120867331259 -1.13902270124799 -1.11490852938691 -1.12557259459108 -1.09011969084594 -1.07612931629531 -1.07434587477284 -1.0517171712673 -1.05319072319529 -1.05483966441863 -1.06810499293668 -1.07422882698006 -1.06850446215046 -1.07278647821749 -1.08624432304098 -1.10035102316847 -1.11113886463063 -1.11245773691178 -1.12506106753242 -1.13802527195571 -1.13991047314567 -1.1378635575994 -1.11103689941231 -1.11171697645949 -1.0994154921447 -1.08388480699403 -1.07353071941914 -1.05528678457726 -1.05150865461601 -1.06000263875832 -1.06291961385922 -1.05863739072723 -1.07759141963344 -1.09943646831638 -1.11149544617599
-1.08699907125577 -1.14280548499163 -1.15846979855158 -1.19601519801372 -1.19500386468495 -1.20230292962357 -1.20293770674375 -1.20510483148014 -1.21025122060738 -1.21568270160738 -1.21237329177297 -1.22538174541193 -1.21979569151367 -1.20893600150958 -1.17537238203184 -1.17849762647792 -1.18071591881972 -1.16742835848969 -1.18277519938302 -1.17296196461078 -1.16709533694931 -1.12495551207018 -1.115337789452 -1.10666241599303 -1.09106797759954 -1.07595463098382 -1.05941204078413 -1.06059205481586 -1.07135065847315 -1.0615934125877 -1.05006549358836 -1.05528646728899 -1.06240616704752 -1.07004678409972 -1.07673874587371 -1.08200912436399 -1.10392582847122 -1.10882573933107 -1.11430738018421 -1.112505210836 -1.11105842812746 -1.09937302559023 -1.09906431850075 -1.09562146118106 -1.08501308304073 -1.07209407973567 -1.05960721962858 -1.06055343616911 -1.06375727745586 -1.06750774882606 -1.0804431548364 -1.09579196713338 -1.10844551201856 -1.11851488176969
-1.04069962032544 -1.12855111010133 -1.16936983602441 -1.19202297846845 -1.19579345902515 -1.20773710872466 -1.20288235514012 -1.19905151627923 -1.21029742366811 -1.21491429688563 -1.22178340847212 -1.24633983819693 -1.22233085796559 -1.20060790802758 -1.19411304747419 -1.18051354983868 -1.19791506087639 -1.19459900472058 -1.20297477421087 -1.18736360651089 -1.19130390623711 -1.13932086027255 -1.10612522064571 -1.09711124059759 -1.1168469025526 -1.10329625154541 -1.08796589743066 -1.06874485383336 -1.06313087606973 -1.04348589738224 -1.04627479377778 -1.04693556226572 -1.05116992207446 -1.03479686268201 -1.02887138974763 -1.03831221610037 -1.03765439618273 -1.06565543540315 -1.07438215084257 -1.0882642222164 -1.08907214262178 -1.11587800325821 -1.10682356620343 -1.10122202110388 -1.08042536797816 -1.06797429602004 -1.07080109905958 -1.06273418077937 -1.06261368469943 -1.07047747849713 -1.08574980959967 -1.09406129095407 -1.1209569821404 -1.15509764650397
-1.00772852808287 -1.06888157095668 -1.13290467445376 -1.18118635648304 -1.19008506761851 -1.20361096712953 -1.19695814966921 -1.18372195019015 -1.18660942688737 -1.21369007648692 -1.2335969480361 -1.25006928933063 -1.22800564853816 -1.19790484339431 -1.19657671611552 -1.21342233024023 -1.21213442315078 -1.21195028931993 -1.21549463548313 -1.20352141247753 -1.2093578535472 -1.1806872471087 -1.12155388377805 -1.11948856623046 -1.13657465916977 -1.12357173610637 -1.11352762440609 -1.08239960386452 -1.05952592346693 -1.0381992463406 -1.02442003887657 -1.03770255819425 -1.01891945099083 -1.0168527441671 -1.01024553439808 -1.02544285722336 -1.03607025675449 -1.03106894863164 -1.05040500257275 -1.09323538107832 -1.10139054554331 -1.12392982850157 -1.12752435084496 -1.1147229846295 -1.10486736593244 -1.09535722068374 -1.07955036314363 -1.06653152618872 -1.06292574186653 -1.06815122834385 -1.0753106827003 -1.08120421292508 -1.11897612585001 -1.19235372508521
-0.965865622026474 -1.04306642084188 -1.10639863200957 -1.17813798779903 -1.18271082206735 -1.19077678696194 -1.1887808191701 -1.17109351223806 -1.1788352634251 -1.19091663255005 -1.23794861022191 -1.23421253906633 -1.26299602700177 -1.21750907497583 -1.20279134251872 -1.20104664158994 -1.22339690345632 -1.20839343268613 -1.19008671667688 -1.20333339582281 -1.20238639047501 -1.19077593068466 -1.16347311179941 -1.16410857006487 -1.16121489407361 -1.14589250213075 -1.11679077308912 -1.07355539695321 -1.06622185351407 -1.07281487490657 -0.999978288000351 -1.01287339792431 -1.0366905192866 -1.01423648977637 -1.00076968773413 -1.01501999942482 -1.04770565761782 -1.04752171904841 -1.04736531023687 -1.08809897573586 -1.11682933042996 -1.1242642818134 -1.13153825357553 -1.12973974855076 -1.13505097166441 -1.11887671035695 -1.09950668109332 -1.08007722994137 -1.06766365089629 -1.07571996142161 -1.08140704196733 -1.08955950651712 -1.12919260617247 -1.19419355722971
-0.950534619005515 -1.01851585602098 -1.09229773028123 -1.1502690163673 -1.17427557575925 -1.20427546525511 -1.19764655187659 -1.18638443188933 -1.18079180856936 -1.19805607848121 -1.23613970742717 -1.22348776215467 -1.23614750252886 -1.20591027721046 -1.21371548958893 -1.21267487576548 -1.22319043267423 -1.20177279931508 -1.17589779063458 -1.19413027255262 -1.17401743774921 -1.17095070886727 -1.17753870110989 -1.17083345060216 -1.15558849095423 -1.16219373784801 -1.10822575256497 -1.08159798824245 -1.04626523715148 -1.00504562433894 -1.00507169894015 -0.99252059982799 -1.00223829215673 -1.04078887275669 -0.987540340771272 -1.01217137419066 -1.0400514740562 -1.04305464910703 -1.04319774084723 -1.09133051796559 -1.1492765903835 -1.15574278346503 -1.15471321967809 -1.16483784677772 -1.15985212161343 -1.14789595225931 -1.11265239619614 -1.0991992585614 -1.09769762252956 -1.09330106686434 -1.10243305643134 -1.10952711616931 -1.13962611901247 -1.17555469704131
-0.946341367266947 -1.01588689023369 -1.08199458009013 -1.14225224736315 -1.17207451192837 -1.18046364159593 -1.1942183288564 -1.18788900993458 -1.17611344318654 -1.1911193927467 -1.21502633801708 -1.21539085925173 -1.21805313890748 -1.20520926449471 -1.20348045202716 -1.20460318665922 -1.20030091199846 -1.20028282276634 -1.19257180686375 -1.17781680917128 -1.16102208770592 -1.16202060948616 -1.16312734560077 -1.16119186390297 -1.14636298362758 -1.1397264101476 -1.11165380888431 -1.04983035911251 -1.0133979560402 -0.990187937520393 -0.997784684599495 -0.964229639353563 -0.944941153970149 -1.01204958349117 -0.994933208680623 -1.00736542615067 -1.02952071274124 -1.02797088572417 -1.03899731947002 -1.1073017435037 -1.16591606649176 -1.19328485911736 -1.18975389245206 -1.1804244454042 -1.16863497635937 -1.14523985113942 -1.12132548906206 -1.1096016876899 -1.1160285996983 -1.12143923569135 -1.13148565920629 -1.12691301971321 -1.13347258075998 -1.14880310821513
-0.959075556176248 -1.01510554077385 -1.07591596757114 -1.12589110704601 -1.15099451940398 -1.18301958976188 -1.15953891502736 -1.15961571898827 -1.18836887725932 -1.2012363202861 -1.21984785990665 -1.21869381847646 -1.21291418924047 -1.20195783967692 -1.18684216362136 -1.18245246900824 -1.19393944029836 -1.20317564946574 -1.20259865843479 -1.18806828792862 -1.1685141995409 -1.15904384482944 -1.15220479636858 -1.16671987955103 -1.14320210489889 -1.13334465389868 -1.12545173304078 -1.08177067039563 -0.990758912215789 -0.964361312706879 -0.960637500723202 -0.948986289915335 -0.931838024021359 -0.96386665772205 -0.979315857566009 -0.975453383576026 -1.01397284448894 -1.02766184201319 -1.06693527161923 -1.12141527877574 -1.20057541606411 -1.23038930398837 -1.23359691586084 -1.2076061547891 -1.17141404928823 -1.1341697183856 -1.12360095879682 -1.11568449392848 -1.12947057786938 -1.13211979654082 -1.14106042165268 -1.13630407844987 -1.14240288204107 -1.13361434331473
