data/pcas/pca_proj_current/PC08.asc
NCOLS 494 
NROWS 529 
XLLCORNER -117.166666666667 
YLLCORNER -55.5 
CELLSIZE 0.166666666666667 
NODATA_value -9999 
[rows 408 to 431 of 529, columns 324 to 377 of 494]
-1.08254327017891 -1.08825755764296 -1.0832880020434 -1.08361661957392 -1.07951232531205 -1.06936127312051 -1.06049486941756 -1.05171396727927 -1.04405353003895 -1.04794706652031 -1.03682654873189 -1.04353981384907 -1.03405188308426 -1.02056214226329 -1.02104322496415 -1.02454878595556 -1.02811473060286 -1.03261044548319 -1.03444055936264 -1.02781510312616 -1.0269343078494 -1.01524890525638 -1.00279839337954 -0.993217899123318 -0.998287737530283 -0.99345752941509 -1.00325711983211 -1.00954937196657 -1.02086305770285 -1.04138390347803 -1.04807631397966 -1.06385878973807 -1.06654540601762 -1.07557788768923 -1.07343483458382 -1.08624049563627 -1.10858498539729 -9999 -9999 -9999 -9999 -9999 -9999 -9999 -9999 -9999 -9999 -9999 -9999 -9999 -9999 -9999 -9999 -9999
-1.07443131895672 -1.07768465536244 -1.07851581432263 -1.07167092073494 -1.06442612753703 -1.06282342145426 -1.04790649471985 -1.04374175454584 -1.04003506996703 -1.03279541758829 -1.02959403948963 -1.03803254175521 -1.03824717988638 -1.02745375926662 -1.02355926499898 -1.0202174808284 -1.02768733712194 -1.03472156053057 -1.0302874860408 -1.01424735658622 -1.02328041375324 -1.01023852348839 -0.998039497783757 -0.990684250060725 -0.996956310087464 -0.995986505508863 -1.00104486914018 -1.00553647498004 -1.01293185464101 -1.02683562015419 -1.04258103087944 -1.0542347651108 -1.06504179773392 -1.06455026322293 -1.07115861544946 -1.08634097253708 -1.10284648335402 -9999 -9999 -9999 -9999 -9999 -9999 -9999 -9999 -9999 -9999 -9999 -9999 -9999 -9999 -9999 -9999 -9999
-1.06893015411193 -1.06530140812414 -1.06833021943275 -1.06063686861589 -1.05909846150346 -1.04565128823261 -1.03453696789242 -1.03320097164584 -1.02768401556838 -1.02802018995234 -1.03276221845252 -1.03404004847216 -1.04715726680298 -1.04094398408726 -1.03103215396233 -1.03080154179667 -1.03236930273701 -1.03073982326591 -1.03149547892407 -1.02260439147756 -1.01004183162647 -1.0002338873188 -0.986020382495982 -0.984640233302104 -0.98311387602033 -0.989062165831245 -0.997237297597775 -0.999961938716696 -1.00901627068302 -1.02729520591996 -1.0325444352561 -1.05294719197231 -1.04805533990828 -1.06923650942765 -1.06859777482863 -1.08193131126687 -9999 -9999 -9999 -9999 -9999 -9999 -9999 -9999 -9999 -9999 -9999 -9999 -9999 -9999 -9999 -9999 -9999 -9999
-1.05142565499521 -1.06075070253769 -1.05562426118528 -1.05605183425826 -1.06635921294991 -1.02935921442549 -1.02478685765799 -1.01830330190051 -1.01930008106538 -1.02003939693699 -1.01903883644049 -1.02955834176021 -1.02979700280629 -1.02619705384065 -1.0307944827937 -1.03145270437573 -1.03526362057099 -1.03029153396443 -1.02841838085402 -1.01431002058644 -1.01410180689754 -1.00100562985237 -0.998698619238624 -0.991109228142626 -0.988544672105929 -0.995964369130804 -0.990989137837502 -0.992783996755332 -0.998176267079248 -1.00713677336889 -1.01888750599931 -1.02617457219937 -1.03270275584499 -1.0528876485177 -1.07985729643789 -9999 -9999 -9999 -9999 -9999 -9999 -9999 -9999 -9999 -9999 -9999 -9999 -9999 -9999 -9999 -9999 -9999 -9999 -9999
-1.03744057708494 -1.03948883453452 -1.03897876002074 -1.0399739293537 -1.05143964047115 -1.02621790903098 -1.02102669913757 -1.01383661432558 -1.01498725892213 -1.01217104390102 -1.00973283770587 -1.01841598083868 -1.02071765770658 -1.020634169383 -1.03092514689056 -1.03131944778999 -1.03238428923117 -1.0297522120926 -1.02503940993091 -1.02269019405838 -1.0160435927962 -1.00245664215569 -0.993254082231795 -0.992707610485251 -0.993344913492298 -0.997730221720132 -0.99351696522638 -0.99775967960774 -0.999861742766887 -0.999658343713682 -1.00863926667928 -1.01412925212666 -1.02196374970067 -1.041537548678 -1.07256313527002 -1.10911305489219 -9999 -9999 -9999 -9999 -9999 -9999 -9999 -9999 -9999 -9999 -9999 -9999 -9999 -9999 -9999 -9999 -9999 -9999
-1.02291748166579 -1.02145764549887 -1.02476589032589 -1.02519569889139 -1.01880465162205 -1.01925111995523 -1.01536589359016 -1.00614310099349 -1.00483205149862 -1.0019727911746 -1.00705481979314 -1.00518562566717 -1.01063435324402 -1.0195240556811 -1.03341291621333 -1.03952592966784 -1.03753056818081 -1.03731429715322 -1.02377982550407 -1.01630273555023 -1.01400415087385 -0.999351556512313 -0.991583773931259 -0.987873078921244 -0.995156373020304 -0.992174203969719 -0.999163417171475 -0.994645274403134 -0.991462286794872 -0.989673542968236 -0.995257915396638 -0.999866759718971 -1.00986330378475 -1.02397609096975 -1.04871437996021 -1.09723677310257 -1.17763679066598 -1.21745406252125 -1.20102580460111 -9999 -9999 -9999 -9999 -9999 -9999 -9999 -9999 -9999 -9999 -9999 -9999 -9999 -9999 -9999
-1.0101888343668 -1.01153303452301 -1.01810564567482 -1.03284497374685 -1.0202359456429 -1.00386242539979 -1.00128249274343 -0.996952015594422 -0.998706595975716 -1.00358219871674 -1.00410276353179 -1.00898495765748 -1.01340682582811 -1.02138798256649 -1.03501304773244 -1.04044424548016 -1.04377421808266 -1.04415449266229 -1.03048162243805 -1.02923600310466 -1.01784615512539 -1.00192992395134 -0.994522272088588 -0.990479340369515 -0.990239410202351 -0.990059734220956 -0.993752377223204 -0.98958847824813 -0.984365839028938 -0.983600839228356 -0.990444345608217 -0.995008472185322 -1.00577976540448 -1.02144546531334 -1.03589878693338 -1.06801505569348 -1.16395590122975 -1.23457699272367 -1.20127510521544 -9999 -9999 -9999 -9999 -9999 -9999 -9999 -9999 -9999 -9999 -9999 -9999 -9999 -9999 -9999
-0.994120815828293 -1.00535287666231 -1.01471118386547 -1.02704435379493 -1.02050315835074 -1.01080938041789 -0.991500389961744 -0.988693196927006 -0.994654545875631 -0.999213522820185 -1.00574528073757 -1.00953233700093 -1.01803903932968 -1.03091990223452 -1.03966020944656 -1.05016980624471 -1.05078483893405 -1.04953030311792 -1.04005985073389 -1.02924303375928 -1.01423161813752 -1.00360400149025 -0.995269859378355 -0.998599499986943 -0.992886963217213 -0.990793227699678 -0.983645701955039 -0.983757255776913 -0.973849543087532 -0.977850553411811 -0.984935546312369 -0.985771868939948 -0.996148336280603 -1.01319977752197 -1.03480140120009 -1.0606872774701 -1.15656679183628 -1.22327106225117 -1.19348861998598 -9999 -9999 -9999 -9999 -9999 -9999 -9999 -9999 -9999 -9999 -9999 -9999 -9999 -9999 -9999
-0.985600260363035 -0.992670550279942 -1.00918512113748 -1.01949361830019 -1.01889447219537 -1.01235303053497 -1.01278846562254 -0.998398755940584 -0.995578500975272 -1.0035200268448 -1.00281943972787 -1.01416756081451 -1.02227047265899 -1.034266610982 -1.04948306910756 -1.0528359096162 -1.06215835195679 -1.06322346722756 -1.05865397506235 -1.03398574816983 -1.01004003413333 -0.997902923582038 -0.993944429557774 -0.991220121885269 -0.991214033625818 -0.990622968117096 -0.984343793544848 -0.97739358719979 -0.974511406832206 -0.977497847419448 -0.981579723586596 -0.982094982791415 -0.997343340454024 -1.01452004466375 -1.04049292908361 -1.0666733633537 -1.1008639697281 -1.15603511405222 -1.18385054102186 -9999 -9999 -9999 -9999 -9999 -9999 -9999 -9999 -9999 -9999 -9999 -9999 -9999 -9999 -9999
-0.979120342180862 -0.995135341344597 -1.00792436069181 -1.02377576481598 -1.034292556875 -1.02542759924356 -1.01747457377834 -1.00601686249891 -0.99709713615993 -0.996726700675778 -1.00477250478722 -1.01363261698876 -1.02165685286551 -1.03788881766852 -1.05671152382989 -1.06175805387183 -1.07493228192564 -1.08010278674027 -1.05882572844497 -1.04339714353376 -1.00876848151132 -0.995554636740809 -0.99050168834462 -0.986543453630797 -0.985685898081887 -0.981971152592942 -0.975323706235887 -0.97962038164207 -0.978788610874385 -0.979111164497296 -0.979857116885388 -0.982547734454903 -0.991728354517006 -1.00285157672597 -1.03540825990573 -1.05887096058036 -1.07666719273236 -1.09873991192564 -1.14805473087313 -9999 -9999 -9999 -9999 -9999 -9999 -9999 -9999 -9999 -9999 -9999 -9999 -9999 -9999 -9999
-0.978615601990671 -1.00607658250819 -1.01335575480099 -1.02550179103084 -1.01739815821083 -1.00347787972179 -0.994948693996794 -0.996244283680823 -0.992884263487569 -0.994034999972268 -1.00451867322786 -1.01414532395324 -1.02204813139052 -1.03921052796199 -1.05454260819109 -1.06292599222209 -1.07274881751468 -1.07586226480416 -1.06054392939787 -1.04638069133878 -1.0279911361877 -0.995912141825624 -0.987161784159103 -0.99334386474988 -0.991875273838895 -0.984991644102487 -0.975953455669619 -0.97181362660577 -0.979549403184752 -0.983711537841553 -0.977848426563477 -0.985307628372621 -0.986046686554394 -0.996890500966269 -1.02403943327418 -1.04795116983498 -1.0546978883971 -1.0771038158288 -1.10559109760093 -9999 -9999 -9999 -9999 -9999 -9999 -9999 -9999 -9999 -9999 -9999 -9999 -9999 -9999 -9999
-0.993415281835413 -0.987096892136685 -1.00558469426839 -1.00433612487124 -0.99508757984093 -0.994281054127265 -0.98702996873104 -0.978471124270025 -0.983123849134168 -0.991979376711218 -0.99788640443031 -1.01095196851407 -1.02581719905827 -1.0398036834378 -1.05705634902641 -1.06302720229981 -1.06183464675077 -1.0638658593108 -1.06470746967351 -1.04990306191226 -1.02826570163363 -0.996919429885208 -0.985081210511301 -0.983227581078625 -0.985649153253316 -0.975187870123736 -0.975447319924396 -0.976267588245991 -0.981375548716097 -0.987518701248121 -0.988933031993775 -0.988227314674568 -0.992413208200117 -0.992219668230458 -1.00968901204501 -1.03870548263121 -1.04458163676169 -1.07051265151612 -9999 -9999 -9999 -9999 -9999 -9999 -9999 -9999 -9999 -9999 -9999 -9999 -9999 -9999 -9999 -9999
-0.990343997669777 -0.990675742883339 -0.990732674932744 -0.984528019378568 -0.974121160199754 -0.972809115566532 -0.979381472083782 -0.984798905249994 -0.984042760478216 -0.991249001521162 -0.997273006252752 -1.01488140536947 -1.02194683895924 -1.03847648373105 -1.05333205758048 -1.05481926486085 -1.05421146984345 -1.05194596062174 -1.05287286154754 -1.04841540696504 -1.03909188651013 -1.0181241286397 -0.997619244099618 -0.980320544882294 -0.982054300588086 -0.97674806955841 -0.978768264137922 -0.984830259399508 -0.99542993758214 -0.99938433866764 -1.0026993411941 -0.999817624446256 -1.00017201160583 -0.992011573823114 -0.996308419437252 -1.01878702993595 -1.05059107139767 -9999 -9999 -9999 -9999 -9999 -9999 -9999 -9999 -9999 -9999 -9999 -9999 -9999 -9999 -9999 -9999 -9999
-0.996706793667705 -0.998203739021505 -0.994417697089255 -0.983042696155308 -0.96821570345243 -0.96897734518204 -0.966729960130691 -0.975627730840962 -0.987516571264556 -0.99199870987659 -0.999168123334865 -1.00663689452863 -1.02156466765916 -1.03204097843558 -1.03879043054294 -1.04550511887749 -1.04395379806025 -1.04596544477705 -1.04408191492952 -1.04000532544933 -1.03851646666251 -1.03287266925815 -1.01094376575733 -0.99173675164664 -0.983733289752613 -0.974982410648513 -0.986570310744091 -0.995046627752395 -1.00397718223738 -1.0214885308367 -1.03527171199098 -1.03168269484393 -1.00696289397774 -0.99765449425779 -0.994474023587319 -1.01504575208297 -1.03984023954299 -9999 -9999 -9999 -9999 -9999 -9999 -9999 -9999 -9999 -9999 -9999 -9999 -9999 -9999 -9999 -9999 -9999
-1.00050516025596 -0.99706310417134 -0.984068335256728 -0.982843219772265 -0.977575142461629 -0.991611471285557 -0.990011360485648 -0.97157085424473 -0.977644602455424 -0.989578911889389 -0.996368591152192 -1.00555563387412 -1.01525236299962 -1.02592270748608 -1.03272775256611 -1.0369523391736 -1.03566486235909 -1.03517070720372 -1.03028901309215 -1.02915473394821 -1.02603730936083 -1.02373686560587 -1.00687827464157 -0.996272331281706 -0.984540343973538 -0.982689587259967 -0.984755862068364 -1.00040218506366 -1.00933264648464 -1.03958757387076 -1.04949924779705 -1.0493561097554 -1.02427698069734 -0.994330255030827 -0.993480709300822 -9999 -9999 -9999 -9999 -9999 -9999 -9999 -9999 -9999 -9999 -9999 -9999 -9999 -9999 -9999 -9999 -9999 -9999 -9999
-0.996665887764867 -0.993400539946629 -0.986830751673411 -0.98837712847201 -0.98223837517882 -0.992102645596805 -1.01797960632376 -0.989451515915832 -0.996791784997361 -0.993415969722501 -1.0013324496989 -1.00433474956428 -1.01191624116774 -1.02384743660423 -1.02775360677838 -1.02434696807292 -1.01728326153855 -1.01582186309509 -1.01222021293212 -1.01131654425225 -1.01698251025426 -1.00709528932109 -0.999519472959904 -0.992234938477289 -0.98253719313506 -0.987479089765859 -0.991201475149562 -1.00363264870458 -1.02308213291979 -1.03900585405259 -1.06395932877984 -1.08141036880445 -1.03691884068448 -0.988562125291123 -9999 -9999 -9999 -9999 -9999 -9999 -9999 -9999 -9999 -9999 -9999 -9999 -9999 -9999 -9999 -9999 -9999 -9999 -9999 -9999
-0.990580655926247 -0.98602376350254 -0.983327393427226 -0.981757551275771 -0.990043056116476 -0.996459530134817 -1.01262392919539 -1.02216280245869 -1.00743858792096 -1.00435245056896 -1.00321385673558 -1.00563132742118 -1.01449875147424 -1.01341125905599 -1.01099230649117 -1.00902901303493 -1.00350306346968 -1.00341631667421 -1.00116834364169 -1.00246842220748 -1.00065718715296 -0.998961539270633 -0.989929812757024 -0.987332884842433 -0.980678132210509 -0.97776223605914 -0.988607564812517 -0.998780032683828 -1.01393816718345 -1.02888225772117 -1.04584042426421 -1.049659270004 -1.02026271515181 -0.989011661927786 -9999 -9999 -9999 -9999 -9999 -9999 -9999 -9999 -9999 -9999 -9999 -9999 -9999 -9999 -9999 -9999 -9999 -9999 -9999 -9999
-0.987421078187668 -0.987405662955327 -0.985580345928043 -0.984584904037188 -0.989681811300912 -0.988492989328704 -0.994104923237881 -1.01547225296522 -1.00083489581482 -1.00668810166987 -1.01254883363652 -1.00459013303415 -1.00233581338368 -0.998992305673385 -1.00287056496783 -0.99330092341313 -0.993923742779956 -0.989658186662973 -0.98414901766993 -0.985604912014085 -0.984824487611781 -0.988832961721495 -0.983215970867993 -0.976083113596842 -0.982116187414173 -0.9750453310454 -0.974766290812171 -0.995223040431166 -1.00378802019219 -1.02017458968394 -1.02592350864654 -1.02436063094237 -1.01473155087208 -1.00250538456611 -9999 -9999 -9999 -9999 -9999 -9999 -9999 -9999 -9999 -9999 -9999 -9999 -9999 -9999 -9999 -9999 -9999 -9999 -9999 -9999
-0.988791463191981 -0.977848627892088 -0.983107386919028 -0.981516326275771 -0.98997390787998 -0.987546559505532 -0.991200456400151 -0.991548206253139 -1.00153180784143 -1.00284894194229 -1.00061367674039 -1.00889709469456 -1.00119485622211 -0.990779863685024 -1.00750356835534 -0.996656129907109 -0.988125240500061 -0.986907293907649 -0.995753931479743 -0.990053977631896 -0.978053019701579 -0.977005065225671 -0.978808542795113 -0.977190825781715 -0.971029554033239 -0.959578755940063 -0.952354056957909 -0.960454965864863 -0.982076183462802 -1.00209836545051 -1.00738963415295 -1.01624503833041 -9999 -9999 -9999 -9999 -9999 -9999 -9999 -9999 -9999 -9999 -9999 -9999 -9999 -9999 -9999 -9999 -9999 -9999 -9999 -9999 -9999 -9999
-0.991593869735837 -0.977194403694308 -0.97120985047978 -0.977622371857318 -0.988452757799602 -0.977681967079649 -0.984320383152654 -0.988917771097717 -0.993553744451663 -1.00431992837285 -1.00411363860914 -1.00040201467934 -1.00507622000115 -1.00515734840344 -0.997319416283082 -0.997870461595721 -0.987671865292579 -0.987954816632846 -0.991396519342544 -0.993281575246009 -0.992535728087255 -0.990628991002184 -0.984479626719423 -0.98619160987274 -0.968322240995357 -0.954878785891998 -0.95911226422267 -0.958843866514774 -0.972055828732921 -9999 -9999 -9999 -9999 -9999 -9999 -9999 -9999 -9999 -9999 -9999 -9999 -9999 -9999 -9999 -9999 -9999 -9999 -9999 -9999 -9999 -9999 -9999 -9999 -9999
-0.987690956763839 -0.991362257280605 -0.979494812456508 -0.974085302704905 -0.989780302053392 -0.989709244915713 -0.979260342308479 -0.990658583635158 -0.995803789515464 -1.00234782405985 -1.00374751753915 -0.998460947793247 -1.00079050829192 -1.00156852561415 -0.997983497367276 -0.996913274884941 -0.998562971013738 -0.99563896810312 -0.99991594610943 -0.994037991913721 -0.993017683453548 -0.989989876025739 -0.991375168911553 -0.988519106184682 -0.969569691968653 -9999 -9999 -9999 -9999 -9999 -9999 -9999 -9999 -9999 -9999 -9999 -9999 -9999 -9999 -9999 -9999 -9999 -9999 -9999 -9999 -9999 -9999 -9999 -9999 -9999 -9999 -9999 -9999 -9999
-0.97851651631925 -0.974422906933609 -0.978734816265411 -0.980970718561993 -0.993609677111248 -1.01298696362207 -1.0113445781223 -1.00937871530893 -1.01402814143788 -1.01382250749265 -1.01820640617526 -1.00257212914012 -1.0040072612153 -1.0072680313686 -1.00414052597201 -1.00340992417286 -1.00144320356499 -1.00075182404 -1.00723322517906 -0.998935363507283 -9999 -9999 -9999 -9999 -9999 -9999 -9999 -9999 -9999 -9999 -9999 -9999 -9999 -9999 -9999 -9999 -9999 -9999 -9999 -9999 -9999 -9999 -9999 -9999 -9999 -9999 -9999 -9999 -9999 -9999 -9999 -9999 -9999 -9999
-0.976101844707265 -0.977209908633694 -0.979007304336213 -0.985550345559552 -0.990802454263308 -1.01209755860045 -1.04752711923305 -1.05420990356741 -9999 -1.05162865595547 -9999 -9999 -9999 -9999 -9999 -9999 -9999 -9999 -9999 -9999 -9999 -9999 -9999 -9999 -9999 -9999 -9999 -9999 -9999 -9999 -9999 -9999 -9999 -9999 -9999 -9999 -9999 -9999 -9999 -9999 -9999 -9999 -9999 -9999 -9999 -9999 -9999 -9999 -9999 -9999 -9999 -9999 -9999 -9999
-0.980971105767153 -0.981958862542382 -0.984244412178843 -0.985134951910791 -0.993215722893121 -1.02509902657904 -1.05460480095592 -1.06502826825062 -9999 -9999 -9999 -9999 -9999 -9999 -9999 -9999 -9999 -9999 -9999 -9999 -9999 -9999 -9999 -9999 -9999 -9999 -9999 -9999 -9999 -9999 -9999 -9999 -9999 -9999 -9999 -9999 -9999 -9999 -9999 -9999 -9999 -9999 -9999 -9999 -9999 -9999 -9999 -9999 -9999 -9999 -9999 -9999 -9999 -9999
