data/pcas/pca_proj_current/PC08.asc
NCOLS 494 
NROWS 529 
XLLCORNER -117.166666666667 
YLLCORNER -55.5 
CELLSIZE 0.166666666666667 
NODATA_value -9999 
[rows 48 to 71 of 529, columns 54 to 107 of 494]
-1.08685860805978 -1.04162880838228 -1.00556348995538 -0.947166386871496 -0.884318341541071 -1.05541416776437 -0.944743332264934 -0.857093341051299 -0.856945944160112 -1.24129610627808 -1.20758438729968 -1.11739569924457 -0.603248041277664 -0.59675990315219 -0.610237143682472 -0.652668825941246 -0.723434476176405 -0.836199596006926 -0.807090952170008 -0.931047563480261 -1.24650606888495 -1.24762677088117 -1.28464663929847 -1.28310331311249 -1.33982458367744 -1.34335363708723 -1.2762804627662 -1.22857235282892 -1.16380895696492 -1.11609304335671 -1.06229483372318 -1.02100067668669 -0.869820174807966 -0.856508491652035 -0.856825729116201 -0.938095182791773 -0.933200745653131 -0.903326933288648 -0.88560988295375 -0.877911167379666 -0.875663877434109 -0.800829329731445 -0.820569203352967 -0.75784016140067 -0.725573541871603 -0.709870165859905 -0.701565290824196 -0.707688294844598 -0.765327766386281 -0.927276777240812 -1.10878198810945 -1.17453541509544 -1.180842984283 -1.18786350577347
-9999 -9999 -1.07266746147754 -1.01243517889392 -0.917957783846303 -0.867136731920198 -0.998709593454987 -0.874162352546626 -1.32467739384695 -1.30951094201487 -1.15116198839493 -0.516861104663792 -0.478728306310578 -0.485806237212768 -0.52723429048177 -0.604903768981325 -0.671848738914621 -0.77136623931585 -0.801714718314633 -0.865442281217194 -1.22756484564393 -1.25232654653701 -1.26645526980594 -1.29124149434783 -1.32575739777549 -1.30303152649048 -1.24635867776739 -1.21971042347595 -1.18334977808589 -1.15604301298896 -1.10463821423255 -1.04092805349484 -1.01006757942664 -0.988232435869352 -0.960529163220734 -0.940197785246585 -0.935198970062312 -0.935244899416101 -0.906524042066293 -0.885149035512717 -0.863483343663016 -0.852577974992548 -0.791674506286823 -0.748094115753559 -0.771111450647618 -0.766896191083285 -0.73114125718185 -0.725792893077736 -0.737282852644409 -0.801682963310787 -0.94358350416066 -1.16994356469255 -1.17891536959315 -1.17615649332396
-9999 -9999 -9999 -1.0258816110863 -0.934893852745923 -0.887861539794628 -1.02561843315769 -0.858305770353216 -0.849128378763875 -1.35329558442134 -1.21196917672766 -1.18857381385643 -0.536631558069859 -0.539031633519543 -0.588388753289463 -0.60166492257068 -0.644420074398643 -0.722759207390558 -0.799065307522535 -0.839195385907563 -1.22121345274508 -1.24308745749237 -1.26602195530778 -1.27423397129619 -1.25728016490167 -1.20846131533444 -1.18554135963222 -1.20090088306232 -1.19555914469252 -1.17143269232858 -1.13864765238422 -1.08107698763211 -1.05445619268654 -1.02875294760432 -0.987379004584759 -0.977993438297523 -0.958860876952749 -0.943510469570903 -0.923625925468805 -0.899487252541699 -0.879486433480465 -0.841445805441966 -0.791753715880923 -0.793040789704879 -0.809008494117746 -0.791615122475013 -0.7833116609021 -0.768836906624848 -0.766483312298263 -0.780797023634728 -0.953503140275625 -1.17626925488635 -1.17350896290509 -1.16526307708342
-9999 -9999 -9999 -9999 -9999 -0.908291724110828 -1.09360365690478 -1.02065713907575 -0.934906162979225 -0.869646441062509 -1.39156495369441 -1.29436299282423 -1.23221805218549 -1.14658134551378 -0.526957500250565 -0.583259170900632 -0.643839725253771 -0.681258193045055 -0.760787799108463 -0.845475369665433 -1.19088030603545 -1.22464617495133 -1.23400264798739 -1.22593523154226 -1.22352037531701 -1.18733931321766 -1.15856785979589 -1.14833042511213 -1.17877175973838 -1.17621371712964 -1.15938140981414 -1.11982636082759 -1.11262382825586 -1.06846073229647 -1.02641039440539 -1.00979370475671 -0.989206172160251 -0.968703303266483 -0.946842838055706 -0.929153249313604 -0.895122100198782 -0.847414814655873 -0.799399238484639 -0.813563837686801 -0.777761787133756 -0.765439363638323 -0.796974527734943 -0.780348466674159 -0.792463860976394 -0.836674440044396 -0.947138577356644 -1.08763750718316 -1.18423221290207 -1.16556101890215
-9999 -9999 -9999 -9999 -9999 -9999 -0.901696467211241 -0.855800993795616 -1.01982698736525 -0.957601943858388 -0.909424440301247 -0.848104026843171 -0.657275023733031 -1.10384639283883 -0.643537304737612 -0.583033571200141 -0.613716834670843 -0.676088792158203 -0.71275746927771 -0.804557357186954 -1.15591893330278 -1.19006618072456 -1.18642411615666 -1.19950682913902 -1.18265401059051 -1.17196497080566 -1.10666522728534 -1.11548208446399 -1.17428671634741 -1.17147956472905 -1.16488158522113 -1.13412839309918 -1.11585920209479 -1.0843801950366 -1.04161193456108 -1.02558553716568 -1.0244595993931 -1.01303894201041 -0.956852650504125 -0.917836073280409 -0.881670594794843 -0.828886994672931 -0.800709329693831 -0.792259538239199 -0.807475901450738 -0.805237701276583 -0.818292218821916 -0.762648301111707 -0.79002485728454 -0.792937213976338 -0.853958489818924 -0.859894913518382 -0.995218097620486 -1.14884629596273
-9999 -9999 -9999 -9999 -9999 -9999 -9999 -0.872271801202874 -1.07229625660826 -0.984729672454255 -0.917125655285796 -0.799185692973669 -0.76214987329974 -1.25116476594178 -0.502187487372228 -0.481656665734261 -0.50573592435602 -0.62657066303223 -0.672555280233525 -0.730808458607799 -1.12049497678676 -1.13802971381952 -1.16107032096999 -1.17820874956209 -1.16740150003647 -1.17047750256692 -1.13614157847576 -1.11848858615969 -1.14765799722237 -1.16425466852672 -1.1664940656093 -1.14131629875218 -1.11372837086353 -1.08086941928025 -1.0415668240407 -1.03412401178203 -1.01811586877146 -0.987278151068844 -0.937829658276206 -0.90242169596233 -0.861983341257465 -0.824538933787668 -0.805841377771594 -0.815701006793806 -0.829890602694476 -0.870311687684086 -0.815784552595313 -0.784923671047889 -0.785171761607212 -0.814409799337158 -0.838558912342871 -0.841950503219418 -0.962774229101167 -1.04261853988447
-9999 -9999 -9999 -9999 -9999 -9999 -9999 -9999 -1.15753090208036 -1.02561249887701 -0.987628071187415 -0.950804709818536 -0.892095922119881 -0.627595454283374 -0.507257550757213 -0.504056921047085 -0.455414829003943 -0.573756768154013 -0.611760996316505 -0.636511743680793 -0.692174015886335 -1.11317962439076 -1.18811148019253 -1.17660754822527 -1.1794018734707 -1.1800887474688 -1.1546613211683 -1.12115413017169 -1.14845963038436 -1.13782421068901 -1.14930959431298 -1.13039051916785 -1.10279986382063 -1.0668565542433 -1.02755728077076 -1.00982025573287 -0.978772718848219 -0.947873534158605 -0.91443683174201 -0.870355000452598 -0.859025296670918 -0.832190265092532 -0.808265644744998 -0.828849590522342 -0.835216819949954 -0.910554752934087 -0.850344888635594 -0.831628634591517 -0.785167038059432 -0.810130238499822 -0.789577284858426 -0.807167844868644 -0.936794756885471 -0.955709238397385
-9999 -9999 -9999 -9999 -9999 -9999 -9999 -9999 -9999 -0.784432704265788 -1.04187650495899 -1.03238425064886 -0.922026952426969 -0.694653087626261 -1.18805127108739 -1.09799702236041 -0.458823446495287 -0.562349294230096 -0.603972453403132 -0.599109601792871 -0.657269841269765 -1.1146206118621 -1.18128732391488 -1.15512220056154 -1.16708683107561 -1.18131520170879 -1.14623492520176 -1.13684272897093 -1.13688323364553 -1.13602048765719 -1.13240513528734 -1.11001637220175 -1.07686865674351 -1.04858171679688 -1.01179985028462 -0.97950790622504 -0.93227348712844 -0.908041895428349 -0.876306351309706 -0.86708062808428 -0.858900872726733 -0.849566955102185 -0.815046704521537 -0.812332062762558 -0.855203870949024 -0.914375466221029 -0.854110245576954 -0.865296628312376 -0.825165118802068 -0.777204503726851 -0.789203170439184 -0.829571247746855 -0.88182152354786 -0.906224145959251
-9999 -9999 -9999 -9999 -9999 -9999 -9999 -9999 -9999 -9999 -0.774826617271347 -1.07043589133129 -1.02412080974437 -0.90277714362318 -0.695215328678745 -0.645876539537481 -0.496493312951012 -1.19352800980547 -0.576067818768466 -0.574147714197617 -1.09115728013359 -1.1675748308765 -1.16545705827674 -1.14346561377049 -1.14531775187751 -1.14967029036604 -1.13446184761417 -1.13019391401874 -1.1233523414987 -1.1103918728188 -1.10682250230908 -1.11430362146028 -1.0742464855884 -1.03825675551658 -0.997002969803152 -0.964978606141672 -0.930939552607403 -0.880760134518394 -0.859858877558453 -0.850987946347562 -0.85534505782788 -0.851285848845413 -0.827700471598778 -0.819389418848502 -0.850797906684044 -0.951945335991649 -0.893487998274844 -0.872385730636339 -0.858470986861916 -0.817990323050986 -0.835104605064876 -0.8720780581346 -0.920974540923684 -0.931999227305856
-9999 -9999 -9999 -9999 -9999 -9999 -9999 -9999 -9999 -9999 -0.806146492373658 -1.09786811791394 -1.02932787825752 -0.983799099045648 -0.894361805066367 -0.716052742264227 -0.504608161944978 -1.31357192293233 -1.31475456675526 -1.25041938763844 -1.18053718510335 -1.14066541148297 -1.13851320258179 -1.12452507036197 -1.12180662530034 -1.13846180625767 -1.15212009434813 -1.14167126863201 -1.11869834566083 -1.10271680827159 -1.11523005952301 -1.11900689887732 -1.0741182314518 -1.0542642846214 -0.997568796929077 -0.962187553660611 -0.927625946137659 -0.890652132688219 -0.872429468257471 -0.862428827037937 -0.86696831855409 -0.871108665360977 -0.866650009605952 -0.860235743049782 -0.859877682607902 -0.929469843675085 -0.898485438892311 -0.875175885436286 -0.856141214961368 -0.855667421310953 -0.88641778020219 -0.910076406786066 -0.947829710329096 -0.96882585394958
-9999 -9999 -9999 -9999 -9999 -9999 -9999 -9999 -9999 -9999 -9999 -0.747077583893685 -1.10127605343158 -0.976065543632567 -0.85080549935887 -0.782896420740007 -0.649745803292233 -1.35604584747354 -1.28673557410641 -1.29796720169599 -1.07960600729336 -1.10070614515471 -1.12035583332596 -1.11984297241763 -1.12478728476184 -1.12604093819344 -1.15217355974415 -1.13770201333301 -1.09307145389175 -1.11522956951808 -1.11026312928545 -1.09923782882655 -1.08596174885999 -1.07115599194415 -1.01890833720921 -0.983983693734706 -0.931916192358701 -0.917851630546439 -0.896889835674884 -0.891513731509368 -0.887251139093706 -0.878931563627463 -0.884855335410178 -0.880811991713533 -0.881464614735733 -0.871202524567234 -0.882447658715523 -0.868120155816586 -0.836362415091976 -0.874616511115192 -0.950126938805581 -0.995364814748342 -0.945979533163877 -0.928696168780696
-9999 -9999 -9999 -9999 -9999 -9999 -9999 -9999 -9999 -9999 -9999 -9999 -1.06279779718459 -1.00838884370743 -0.906833386472133 -0.793470499554526 -0.72738432049208 -0.68218329699853 -0.609458888481575 -1.36181498762561 -1.12988320402548 -1.15902240732337 -1.15208487749207 -1.13793523113897 -1.1622756145634 -1.12105373765014 -1.12703359963884 -1.09754753441835 -1.09909046495458 -1.13175984704731 -1.11321429797558 -1.1037174080589 -1.10065189325524 -1.08407490084226 -1.02139020464856 -0.985462350906294 -0.950140830728497 -0.938165900911227 -0.930973255702512 -0.919017803857258 -0.896973895521624 -0.909666010765297 -0.917429488401464 -0.909985003376379 -0.907182241551566 -0.901296792019141 -0.922857524013089 -0.901935519318672 -0.860596802795143 -0.890437012295849 -0.990505498864747 -1.03550831626493 -0.956695046667185 -0.942390160917137
-9999 -9999 -9999 -9999 -9999 -9999 -9999 -9999 -9999 -9999 -9999 -9999 -9999 -9999 -0.946086765104552 -0.825364449282924 -0.785581622964627 -0.719913755440752 -0.634366667061024 -1.31159728899381 -1.11308115483609 -1.22176341675862 -1.17553806899918 -1.13778960188381 -1.16296249191085 -1.12607440238901 -1.11727158744557 -1.11356121919927 -1.10688788861324 -1.12625827284984 -1.09331362724883 -1.10586929118768 -1.09154935267633 -1.07943019077834 -1.048448557942 -1.00925121632229 -0.985193298545303 -0.969439597931477 -0.967558120237489 -0.939464924671588 -0.913314349995389 -0.931193019984996 -0.941105303474393 -0.929171304794568 -0.922953224195429 -0.925026306940534 -0.973630266587221 -0.91185138798816 -0.890569236850823 -0.917613487567656 -0.998903926599379 -1.07441206177319 -1.00584055607212 -0.97300636583174
-9999 -9999 -9999 -9999 -9999 -9999 -9999 -9999 -9999 -9999 -9999 -9999 -9999 -9999 -0.956785985577651 -0.885120673786779 -0.804460485723936 -0.721432106442284 -0.684636746821905 -1.23360168120764 -1.14543977288817 -1.21852326393556 -1.19165436916794 -1.14525843141963 -1.15867576234176 -1.13417743749171 -1.14222274887349 -1.13430603397573 -1.11882440098553 -1.12324923448524 -1.11921102772382 -1.110816644862 -1.09791770668898 -1.09443354306371 -1.06144505198447 -1.04955401091481 -1.02902605262546 -0.998060794858116 -0.983150706029918 -0.967636781259296 -0.945558170139692 -0.93854394812175 -0.954267154652212 -0.937245953323872 -0.942085608409009 -0.971623685484316 -0.988001783548648 -0.932896317794858 -0.916165336988693 -0.939407102806493 -1.03265252449241 -1.15801745467763 -1.08836992212005 -0.987304342038129
-9999 -9999 -9999 -9999 -9999 -9999 -9999 -9999 -9999 -9999 -9999 -9999 -9999 -9999 -9999 -0.922511730575187 -0.849117276819709 -0.745342336180384 -0.647232112361923 -1.29116447297178 -0.624025751288928 -1.20578031504214 -1.19483541213948 -1.1495782343798 -1.15823587769309 -1.14899092070599 -1.15783974553928 -1.15533695461049 -1.13893209157121 -1.15731086043528 -1.15646005999549 -1.14269304113664 -1.13742370914142 -1.11005288756476 -1.08475768229146 -1.08995103372778 -1.06764548238464 -1.04234205783621 -1.04070847287689 -1.01106124338464 -0.992184488827173 -0.976835607717656 -0.955597029962266 -0.943595527115718 -1.07723226648201 -1.1660251524717 -1.01993804972098 -0.970291925729966 -0.94638006785656 -0.957263957668574 -1.03790892649308 -1.16897421953192 -1.15731805180464 -1.0314221189797
-9999 -9999 -9999 -9999 -9999 -9999 -9999 -9999 -9999 -9999 -9999 -9999 -9999 -9999 -9999 -0.562911548687975 -0.858081358550656 -0.77293606835671 -0.675931449010473 -0.633158383217691 -1.20226647286233 -1.19441128270819 -1.15021436866564 -1.16014944828234 -1.15453831788645 -1.15099087205717 -1.1704119255836 -1.17880333527775 -1.18536837680049 -1.18105028057657 -1.18254920158816 -1.17178015604393 -1.1606231313386 -1.11594911473459 -1.11449551515097 -1.10689815443103 -1.08436114770713 -1.06444721661765 -1.06355308748364 -1.04619355702009 -1.0011638741233 -0.981762117403888 -0.976270376392493 -1.04063542629339 -1.05415531368597 -1.12179892939199 -1.18219591022503 -1.02910608622203 -1.0042215897528 -1.00444304583785 -1.08181645174855 -1.15829864253293 -1.16954064161227 -1.05826611647254
-9999 -9999 -9999 -9999 -9999 -9999 -9999 -9999 -9999 -9999 -9999 -9999 -9999 -9999 -9999 -0.922024047809371 -0.871392444165858 -0.761995637288003 -0.710183455062378 -0.611014656943233 -1.23453978089336 -1.19765705282244 -1.17164626572924 -1.16892936702056 -1.17190565970973 -1.16729072927383 -1.17641211916936 -1.17578200536863 -1.17653152697888 -1.1902407646923 -1.21296027447745 -1.16673878380894 -1.15792823514957 -1.15542301173748 -1.14733981652646 -1.14977123210697 -1.1163073572993 -1.08154291312339 -1.0641642678581 -1.04821906855228 -1.02957943161178 -0.99111823559512 -0.967765457220282 -1.05102968098742 -1.03904542301916 -1.06469757372789 -1.10510543293093 -1.02513918971855 -1.03834452060251 -1.05478466079316 -1.11647334406915 -1.19143057613105 -1.19917195578526 -1.14251598169412
-9999 -9999 -9999 -9999 -9999 -9999 -9999 -9999 -1.02318979155533 -0.938941435913246 -9999 -9999 -9999 -9999 -9999 -0.526685123884118 -0.398598434361521 -0.750894850148869 -0.698470060647475 -0.645052275412537 -0.656054419902782 -1.21922419579756 -1.16836524139894 -1.15491941435689 -1.17176896571735 -1.17102994885149 -1.18522869847495 -1.17933483154204 -1.17196283959817 -1.18820546048084 -1.20758193560301 -1.17001205343544 -1.16922510733408 -1.15080557891634 -1.15719984096849 -1.16662265123395 -1.14477538013967 -1.10401635745306 -1.07933072156123 -1.05705027806235 -1.02671602051072 -1.00275972789774 -1.1044609920675 -1.07757315318604 -1.05159285300454 -1.05623653683145 -1.08717418273773 -1.15125649504231 -1.21071573630466 -1.13154013000338 -1.19258194847542 -1.23829933213088 -1.28829694830715 -1.24905941457336
-9999 -9999 -9999 -9999 -9999 -9999 -9999 -9999 -9999 -0.874777281337207 -9999 -9999 -9999 -9999 -9999 -9999 -0.411866104802835 -0.342487115261181 -0.638726337719178 -0.627959126143533 -0.641624276319299 -1.23492800079688 -1.1899693389482 -1.1515368730691 -1.16205056375472 -1.1731115767771 -1.19566851196509 -1.17834419989179 -1.17585297197158 -1.20827362048974 -1.18103929455266 -1.18343262995005 -1.15654912816873 -1.14987592740385 -1.16378573680849 -1.17193902446762 -1.15316328859333 -1.11800220063805 -1.0942710966599 -1.08038210109466 -1.0485768625078 -1.1853361606735 -1.14109194439341 -1.12516469302931 -1.06206865293321 -1.06301829966243 -1.09963480839153 -1.20754041862563 -1.22980719410405 -1.12850429506716 -1.21144586228513 -1.24559846527309 -1.31164212748021 -1.30356520567361
-9999 -9999 -9999 -9999 -9999 -9999 -9999 -9999 -9999 -9999 -0.863486157907975 -9999 -9999 -9999 -9999 -9999 -9999 -0.300936539099176 -0.287294625426052 -0.616801152858339 -0.652136136659744 -1.25921200593845 -1.22607526085879 -1.16240153951885 -1.162109759009 -1.67523219127567 -1.1769818594852 -1.16030282461605 -1.18154029791164 -1.20309894179449 -1.18610573905748 -1.19199318316114 -1.16326851757063 -1.18152457693132 -1.19175466321624 -1.17220532052168 -1.1559343359906 -1.12844246674311 -1.11472248004323 -1.10032349147439 -1.34395794087076 -1.23905277353023 -1.2117015476646 -1.13190304751359 -0.965517962672342 -0.968567035814879 -1.12586025428239 -1.15070289888467 -1.17752218079564 -1.22479788359773 -1.27124518684804 -1.22485729016887 -1.26248417394438 -1.44305045335094
-9999 -9999 -9999 -9999 -9999 -9999 -9999 -9999 -9999 -9999 -9999 -0.848295340030639 -9999 -9999 -9999 -9999 -9999 -0.28660329973862 -0.713613051692309 -0.62974850940547 -0.620589033068538 -1.20247383522446 -1.19676843968334 -1.19426094064324 -1.18411864102388 -1.18359024082737 -1.15087866291367 -1.13905669035713 -1.63248694740019 -1.65772672299851 -1.19415608174536 -1.17995669132381 -1.19550266733331 -1.22039950864065 -1.2194632749343 -1.20299147958354 -1.18014532513174 -1.13771913396529 -1.11551154190776 -1.40516705883303 -1.3648926741154 -1.36250314237599 -1.26203434303028 -1.19559504449356 -0.998013494914688 -1.00494785760569 -1.16467206377038 -1.14597254478442 -1.13649335643969 -1.16147698320253 -1.20086141587843 -1.268857474842 -1.35533342880629 -1.36893676842608
-9999 -9999 -9999 -9999 -9999 -9999 -9999 -9999 -9999 -9999 -9999 -9999 -9999 -9999 -9999 -9999 -9999 -0.337870050832732 -0.666599532368882 -0.615531910269383 -0.65206137057308 -1.17423177886085 -1.16251519126417 -1.19141311564703 -1.21164448075949 -1.72141629690239 -1.64723149763407 -1.1519494753161 -1.6669455012624 -1.67384582655913 -1.18969737620397 -1.18446618878641 -1.20068816728073 -1.20839384561876 -1.22001836392289 -1.20418313070194 -1.19880982068994 -1.17185688195352 -1.14828224255086 -1.42817665724625 -1.41032844854407 -1.4433402572499 -1.3657864487061 -1.26745416514246 -1.23899953821523 -1.22750613619386 -1.20659128541195 -1.18223366717446 -1.13806154364169 -1.13994483019612 -1.17079253867197 -1.21697257277307 -1.25211112549542 -1.2991383685206
-9999 -9999 -9999 -9999 -9999 -9999 -9999 -9999 -9999 -9999 -9999 -9999 -9999 -9999 -9999 -9999 -0.505554731512249 -0.352957189604895 -0.633359556665228 -0.605150190387724 -0.638639236064465 -1.14942952200993 -1.12816986282259 -1.11628555109033 -1.14866793353132 -1.17861484327708 -1.658246214514 -1.63279359998585 -1.64441961321597 -1.67745630105627 -1.18706587701123 -1.19892945166483 -1.19864164632012 -1.19497735376178 -1.19117085424171 -1.18685595324602 -1.58862070618397 -1.20046269116692 -1.51788073335398 -1.475166300566 -1.45708696024987 -1.45333672561841 -1.44709230140278 -1.35944214446841 -1.31592973972933 -1.28664997829801 -1.27003595434046 -1.28213756035131 -1.19952108664735 -1.14844637772994 -1.13520574826934 -1.21945078993323 -1.16965749757863 -1.24556989308012
-9999 -9999 -9999 -9999 -9999 -9999 -9999 -9999 -9999 -9999 -9999 -9999 -9999 -9999 -9999 -0.691769621184264 -0.516143489073174 -0.838155741858186 -0.627262488238076 -0.570154182952164 -0.560387660261622 -1.12910131153517 -1.11178178376073 -1.10943308133833 -1.11451570121884 -1.14173938694846 -1.14011623230611 -1.14965179170804 -1.65390191788319 -1.70732497783615 -1.71365646391335 -1.20802608975014 -1.1982607905591 -1.64815340510807 -1.17502897544609 -1.5875289181533 -1.56939452114078 -1.60388441238473 -1.54329181674789 -1.51553942985387 -1.50224202396013 -1.4927068160085 -1.51012986003509 -1.41201645799389 -1.38603480957577 -1.34630505013597 -1.26863592523815 -1.24031493752289 -1.20862969322055 -1.14607209983071 -1.1186966081129 -1.12532972991247 -1.10010984441252 -1.16296558837178
