data/pcas/pca_proj_current/PC09.asc
NCOLS 494 
NROWS 529 
XLLCORNER -117.166666666667 
YLLCORNER -55.5 
CELLSIZE 0.166666666666667 
NODATA_value -9999 
[rows 312 to 335 of 529, columns 371 to 423 of 494]
-0.786474253544023 -0.783189180689146 -0.786574475814778 -0.622713478117193 -0.637249488327694 -0.615191496428673 -0.74715344867653 -0.73882668816925 -0.700787995546975 -0.674721358584744 -0.685542817824507 -0.664877221816243 -0.654107617266517 -0.649899182191711 -0.644534561557017 -0.650561032240238 -0.663785018255759 -0.665183298672424 -0.649043814065664 -0.667441167514527 -0.673490202270341 -0.658305336829727 -0.677983709545846 -0.665905880124628 -0.594809193237605 -0.589942961012669 -0.65473203918911 -0.62020671484457 -0.668910046591195 -0.6245763170112 -0.635303095617937 -0.644305864863041 -0.663073558810569 -0.66755437791485 -0.671505199194096 -0.675875300620355 -0.568732392507075 -0.582767326162688 -0.768109016569568 -0.689165243484575 -0.681578968806609 -0.668696668581665 -0.648628061307921 -0.621436587102262 -0.605547001455232 -0.614835112367002 -0.619929275085326 -0.609246508964238 -0.587001316078126 -0.561468138745392 -0.560610274228055 -0.573604699758907 -0.602386633980999
-0.756762757565624 -0.75431608948448 -0.747710163262343 -0.729480882253564 -0.601660144719461 -0.697131154123246 -0.686693629205366 -0.694900133479429 -0.670066179912667 -0.66224603122034 -0.667915902965285 -0.669515989367178 -0.658013351966356 -0.652438839454719 -0.662119749742115 -0.686156084212906 -0.699365955883228 -0.687221827562156 -0.686388190980953 -0.694308416622131 -0.686493331450819 -0.68321981060356 -0.697347695417784 -0.703513658815089 -0.692663833435765 -0.691613668257764 -0.667927463958645 -0.701901897846135 -0.688920950720658 -0.703378844391921 -0.713831909938197 -0.725502245329763 -0.729613166043706 -0.74108958580055 -0.745358497470338 -0.749467533166604 -0.762723515402503 -0.761824784937573 -0.762463635104893 -0.759867668533776 -0.685559846118214 -0.684268240911661 -0.671169885418197 -0.651866887582335 -0.64720839253191 -0.655516479356792 -0.654083018846867 -0.651792271151542 -0.616258159556556 -0.582073069115887 -0.569016307848414 -0.606069681033639 -0.635922193008564
-0.737847574524239 -0.736224638609225 -0.717407023263359 -0.706613550382538 -0.702599006673821 -0.679250280272853 -0.660515889238541 -0.659538872080917 -0.653357272269803 -0.648972148929505 -0.664337929701998 -0.675100683347935 -0.67701001306476 -0.683554507902343 -0.691082986825716 -0.702369786329868 -0.704369979035077 -0.705344905795646 -0.700169655470355 -0.722492562722471 -0.71422385741811 -0.719289103160858 -0.722009112582408 -0.727357166448162 -0.727006126214948 -0.748599667038917 -0.742799385860592 -0.739596159950412 -0.732583288055082 -0.733941953507738 -0.744376069081496 -0.745533931188982 -0.749623860168795 -0.753834081731877 -0.75420188375899 -0.746514018483602 -0.749213259510818 -0.752138882796064 -0.754625677870424 -0.575505457918836 -0.693514150263683 -0.696944772188363 -0.693896516033464 -0.679623206622856 -0.682836821318632 -0.723859501522594 -0.729649955452912 -0.712961022029898 -0.682747612723729 -0.637288047208211 -0.616133674681447 -0.642204222392017 -0.678115194951188
-0.726636159230531 -0.713687388045378 -0.714441498774391 -0.69948706794289 -0.676411417438265 -0.655384818543976 -0.644996660465076 -0.639759724974643 -0.658486078750399 -0.644897481220452 -0.661917325863591 -0.684992800728486 -0.704785880313166 -0.703283841197022 -0.706876237402486 -0.711600140791437 -0.705176856130653 -0.724321289380586 -0.754295372575053 -0.745430241362257 -0.750138796650562 -0.751897534740277 -0.76178213535947 -0.76954912132959 -0.78097580145026 -0.801940174346347 -0.824937388582602 -0.822468873429738 -0.776374983467952 -0.752518667806038 -0.770089246859974 -0.781886863597385 -0.775183308890068 -0.781483342631975 -0.778660877929034 -0.767945891493054 -0.765665926500627 -0.752201420728807 -0.753712129702675 -0.590888062879253 -0.601495263689201 -0.725480970407159 -0.727062851237563 -0.723288984047068 -0.736644722399921 -0.776920674646505 -0.793233076551227 -0.792402650709098 -0.76253596590253 -0.725278795969618 -0.67575996435374 -0.680243036879416 -0.700619274446757
-0.712937135892792 -0.701954171081136 -0.704796954806713 -0.682328848815387 -0.647175261278154 -0.628421515084534 -0.635252731181519 -0.63867632294596 -0.664872684162365 -0.656835379973375 -0.674202041508995 -0.704181834005259 -0.710962613158109 -0.707391316410069 -0.723219932508407 -0.762746208304121 -0.762925589726062 -0.767425711593133 -0.779648622970432 -0.778541781549501 -0.78008443522859 -0.792368152856987 -0.793578339819147 -0.802450920042263 -0.820883032516121 -0.851714618565224 -0.855727631692391 -0.816435752080167 -0.799345369063444 -0.776141634111287 -0.774909585156522 -0.792092477177715 -0.783048771810226 -0.780243248891195 -0.775778448643962 -0.789067251284791 -0.583936159348633 -0.556129610885538 -0.554274970871147 -0.60096261982144 -0.745699729767968 -0.744606434399135 -0.751110235554918 -0.759709234435358 -0.771834157432802 -0.811945167924341 -0.82556837061948 -0.839906029026827 -0.845100096604527 -0.793720050565324 -0.74271019956734 -0.735833549882961 -0.752704474572765
-0.791815768590375 -0.693772730396917 -0.687895187734548 -0.652128193376109 -0.609083843334096 -0.617677643717478 -0.638894904578728 -0.656082383957143 -0.673307792087697 -0.736503431444406 -0.727428942003499 -0.74370520693855 -0.751117339071007 -0.758878953627732 -0.756967229400316 -0.763370289418537 -0.776778007787464 -0.786090887675061 -0.800320904091612 -0.803051626461487 -0.803405131597243 -0.816107785449907 -0.827991047669597 -0.8452460248329 -0.879850041168088 -0.946365109657537 -0.884149141726946 -0.851508984131278 -0.825647445948456 -0.791045143355215 -0.7717313842806 -0.77990175880629 -0.77422029262584 -0.773440548442413 -0.783414279726422 -0.810522856206535 -0.604872981866779 -0.729992080795843 -0.729887307919343 -0.726576677074611 -0.758022133830316 -0.767796200571687 -0.76528694919031 -0.772771622729882 -0.785867344492312 -0.833342706365333 -0.902779172365233 -0.916470131139267 -0.888460347392241 -0.864237450863039 -0.85174128128595 -0.80507579604987 -0.760580230952562
-0.791530731785417 -0.764012702301245 -0.675262494724503 -0.638309274297474 -0.615107120240896 -0.695738488866298 -0.717681493662928 -0.730220145640103 -0.750268027939577 -0.748905045250868 -0.737032390859646 -0.752723087612843 -0.766308050091505 -0.770036215020607 -0.779309065170607 -0.782187201451704 -0.794163004425925 -0.797089637020826 -0.823896811694125 -0.82540480807558 -0.832092304610865 -0.853943705632352 -0.848811665081341 -0.889835666010256 -0.909601665735533 -0.901607252384919 -0.880228403615047 -0.873813856578601 -0.842787971756839 -0.820205856928673 -0.788570407419584 -0.768990888557612 -0.766204033510668 -0.770287744747501 -0.786306470930016 -0.807156954624847 -0.819436643980839 -0.83283377300126 -0.74442762222564 -0.81214678242642 -0.755000926325486 -0.775199767570283 -0.769931931282162 -0.77584123593008 -0.7837647053621 -0.841620090568904 -0.934738733612752 -0.955825555168447 -0.919835472545571 -0.889594147021512 -0.880633706103832 -0.851805976508638 -0.803634933202895
-0.805527529606223 -0.78352649364871 -0.753589082557655 -0.73457573290405 -0.715233447441265 -0.719994352799872 -0.732651875453913 -0.750029524912559 -0.755668019414633 -0.768061246195912 -0.766643316651159 -0.761367328664772 -0.774986278369438 -0.771908372327006 -0.780396701350154 -0.806654928053234 -0.805393634154406 -0.818792518588765 -0.833708971452605 -0.843534537374 -0.860281215677781 -0.875695512071377 -0.903321298859412 -0.890418347751988 -0.924049310908737 -0.922252138334262 -0.886151345784432 -0.880273213255674 -0.846201458510264 -0.821387289382715 -0.794696995398654 -0.783675599862678 -0.763154554215229 -0.766431040892349 -0.782588872558828 -0.79779603997231 -0.81688305480019 -0.750428428812631 -0.740228770439281 -0.738080955387449 -0.759787959326836 -0.7867771200229 -0.770248332904928 -0.773724150147246 -0.779069373920025 -0.838443261565427 -0.919846999180568 -0.965873989924331 -0.935654975841419 -0.904617623035582 -0.845817235121539 -0.833800913063442 -0.838295009483566
-0.827499102682508 -0.812942635278056 -0.78901687806545 -0.765409121858379 -0.751959214204259 -0.740631726034667 -0.739802430874454 -0.76317451028453 -0.758372671435191 -0.777924293052191 -0.787115881116306 -0.787444204131057 -0.7842929607485 -0.792385389886563 -0.801993394460756 -0.808235290614879 -0.82985450555378 -0.838838992333866 -0.840353383092532 -0.860723812436033 -0.871186146123865 -0.894680242444412 -0.935155684786015 -0.900112332061151 -0.914450605467227 -0.947674024446137 -0.944282186439029 -0.884116457664682 -0.853401843536097 -0.836123053817529 -0.815600379475542 -0.795586119684524 -0.768504377733749 -0.764652033825623 -0.774949098039131 -0.761634139979477 -0.784262372774897 -0.729916748736688 -0.723959368297565 -0.735857595781716 -0.754207911762782 -0.771981892477967 -0.761017659813276 -0.739241331725213 -0.754490852427562 -0.828941569391424 -0.880659242634651 -0.904447558269349 -0.899708362586399 -0.883624880851846 -0.847014247511644 -0.846092410017771 -0.817106126347271
-0.841410297781944 -0.827286306080547 -0.795420810742142 -0.788763559031218 -0.780333636033889 -0.767267694496696 -0.763964749436586 -0.773511718499969 -0.786111537026519 -0.795695692611826 -0.802770385068675 -0.810317102821249 -0.802966677052388 -0.797242638231223 -0.807464948578063 -0.821937679370391 -0.836545064097656 -0.870511450161135 -0.876641825054399 -0.875675459765541 -0.896065114135989 -0.911427005191519 -0.916691385050181 -0.903506943844669 -0.911201061883274 -0.912048539901207 -0.951206584449348 -0.960737248183781 -0.913297156836614 -0.857922699394444 -0.843901003936298 -0.826209726643031 -0.798983195066969 -0.772787431898549 -0.764195668712175 -0.760812588974088 -0.701110354303032 -0.711213188400597 -0.707691011008059 -0.703957531508397 -0.717452829855741 -0.738063235098243 -0.751381580802134 -0.73734597656636 -0.743386374049553 -0.789232127930869 -0.843751340915474 -0.868590065477606 -0.848804800027755 -0.849664606072976 -0.855064215776789 -0.838589832185595 -0.822062691710837
-0.828595753835905 -0.815242537786331 -0.81655244682199 -0.80424909314348 -0.808848094514466 -0.811891781261294 -0.797890416794075 -0.78969429826318 -0.799753828632979 -0.814596445995946 -0.814804039070174 -0.814696113062874 -0.823651486070736 -0.818975320819403 -0.830781120760636 -0.844864368469891 -0.850076374228847 -0.868522541626428 -0.882392308086355 -0.887822999985652 -0.920574807803751 -0.93510101770664 -0.912995771894631 -0.906463654962319 -0.922850852456291 -0.93462408666331 -0.932838380830411 -0.9094765341623 -0.907911146489667 -0.890124065155806 -0.886073914311559 -0.895142026038419 -0.828813916010086 -0.810000658745143 -0.816362120652273 -0.812821270441069 -0.741582789676505 -0.714024066123182 -0.69826818326464 -0.702964840690544 -0.707791834880712 -0.7386620902241 -0.758330627900311 -0.73467858738409 -0.725634638191626 -0.71586282087111 -0.762853038924725 -0.798109942519801 -0.827400775829865 -0.824773818789746 -0.839932138727496 -0.825080973620605 -0.801216784186614
-0.850683587054503 -0.85016043927409 -0.869036708939616 -0.867823930114126 -0.84060614902557 -0.845838660690055 -0.847215160419307 -0.822160419912032 -0.823088097972326 -0.825144989455173 -0.830245028742021 -0.8239847231399 -0.829226004057826 -0.839062731312685 -0.832112240489067 -0.848250094120194 -0.857222143536353 -0.860258204920769 -0.870360179865377 -0.895823921955819 -0.967832144196396 -0.913847266283249 -0.926749367470247 -0.942513013187795 -0.952358993988836 -0.956971067867946 -0.94685903549957 -0.935057309493265 -0.912978156235756 -0.900823927018781 -0.882741487107735 -0.928281437161197 -0.891416600063745 -0.901399441291996 -0.875836765443355 -0.857285959726093 -0.784252082459205 -0.751613110269063 -0.738594811378148 -0.729621157527836 -0.746521011841529 -0.749010969856488 -0.763148653881427 -0.74177384908248 -0.732822419162469 -0.693831821474388 -0.724753265740072 -0.778629915571678 -0.805713871471604 -0.824377824301688 -0.836924486581046 -0.836769639470377 -0.839583355004404
-0.887231448390073 -0.885845326177794 -0.891991128713685 -0.897669984769174 -0.873363245724413 -0.871653229472024 -0.875202335166914 -0.865547202173301 -0.84738214009945 -0.842497608932898 -0.838632588151072 -0.829229861615373 -0.841398418770336 -0.843617212493876 -0.842463734906438 -0.85147040388548 -0.861184195898747 -0.873471804432608 -0.878087777868698 -0.916420134488574 -0.98578625064215 -0.906731130480751 -0.935292229844163 -0.949692479832511 -0.96173036174977 -0.969676805140525 -0.959947241597154 -0.958057645425155 -0.936584908882429 -0.927334645716283 -0.917400339488684 -0.920250529939443 -0.907594422298672 -0.927592291850858 -0.956679470032793 -0.920921998222016 -0.872791157442747 -0.790070392909312 -0.769233309910754 -0.758456121799437 -0.752568355302354 -0.760725849097464 -0.760529681927919 -0.746250853530201 -0.725150098636788 -0.815700919288155 -0.734729673541312 -0.777204994960425 -0.806105192762663 -0.830213545028731 -0.842985613436971 -0.837361065541289 -0.824049321069823
-0.884446925530421 -0.878442739060225 -0.937653086028631 -0.931640003905119 -0.919379471233703 -0.906382598524315 -0.891838310410343 -0.890026445545789 -0.87322813441362 -0.86579901233659 -0.856152741805791 -0.848548143764676 -0.850868270101665 -0.851877848227345 -0.854521891355084 -0.853347507901658 -0.860438036311366 -0.883635042750102 -0.919941654978987 -1.01219647768098 -0.935191492602808 -0.898231578749935 -0.922056241354651 -0.937331033234045 -0.95569602831402 -0.977744269908174 -0.982146610849515 -0.984846918418764 -0.966462574855977 -0.961823445093998 -0.960097079811913 -0.946207544158245 -0.93038649634538 -0.936398521040324 -0.926652632022984 -0.962148251491413 -0.939454809410996 -0.86415464769088 -0.795720345684149 -0.789604271277754 -0.783990360609723 -0.79797236442927 -0.802585862367297 -0.807386038554363 -0.802014469296915 -0.79574165055463 -0.796810578698236 -0.804506616890599 -0.812212726610797 -0.834777598010322 -0.84604170286289 -0.84121437892562 -0.817552114350622
-0.91195901467755 -0.923606850242255 -0.926162296169907 -0.917118960588695 -0.880328043492486 -0.938117226996253 -0.919382473393803 -0.915357416095221 -0.896185721088151 -0.889977790356333 -0.869984998543466 -0.856199209186326 -0.860144354630703 -0.857778214307616 -0.859296991328505 -0.869605223016304 -0.873423550943641 -0.886914802803789 -0.989643232774242 -0.948770535712367 -0.867897187438486 -0.86917817732267 -0.890448634011759 -0.909491598860084 -0.932007739573317 -0.959579292267504 -0.983972120402785 -0.981580483142665 -0.974383167621588 -0.981976750833581 -0.980787545609975 -0.97234905960639 -0.949464213856423 -0.945592196081925 -0.943344800381996 -0.9296475845588 -0.924620423872898 -0.894166007539661 -0.852924664947005 -0.843642856587107 -0.846426031514343 -0.820978588465322 -0.838519545230997 -0.862024885063883 -0.848899507026766 -0.83066199291355 -0.805534027430074 -0.787995367286497 -0.801635748001098 -0.842082912182787 -0.842466317257147 -0.832127586573109 -0.811218745958049
-0.994827108380623 -0.95936725641122 -0.966870610406825 -0.925526949641877 -0.909792307420032 -0.985196808696434 -0.95931184325061 -0.932595405979647 -0.914274988505335 -0.905200973625702 -0.880075197683086 -0.866485251030072 -0.867850014537617 -0.865594965588652 -0.859970779502853 -0.853271444704103 -0.859718863225663 -0.933733057960323 -0.969227794057584 -0.867500121793947 -0.840361158771528 -0.82949698528989 -0.833318869367963 -0.855357933444538 -0.886837612880754 -0.915210835795259 -0.945199205648197 -0.953362514740123 -0.957877531066913 -0.972450698069711 -0.971284208940631 -0.971267898014691 -0.959555477072223 -0.947596561144291 -0.955122387658957 -0.93503339290851 -0.908407409320569 -0.878428224927952 -0.869643385184864 -0.859641664877651 -0.839363170695013 -0.898651802903939 -0.852089324519828 -0.861921668867804 -0.869212968959893 -0.861189806995395 -0.826779733648959 -0.778499394162935 -0.785122369033386 -0.84453251125135 -0.851629681729482 -0.848914109308192 -0.796577379550684
-1.05977181432032 -1.00741330967096 -0.98506502034071 -0.9871604645172 -0.922121231280778 -0.966136354131356 -0.940494676356896 -0.904433391144403 -0.862947471799638 -0.866862893234562 -0.871538962338405 -0.863394038873936 -0.872080766327281 -0.880339177948315 -0.871013037312894 -0.869785200723932 -0.883597506158085 -0.975161808129824 -0.867717925959382 -0.833435200048694 -0.819380404020783 -0.814217052469815 -0.801963867000612 -0.799945778185707 -0.823923317903279 -0.856095507564437 -0.91002557498627 -0.93073584492426 -0.954419615279675 -0.969034245730195 -0.994702979016914 -0.98714102584906 -0.977275305868457 -0.967736948871204 -0.962324330713025 -0.917051298095792 -0.875099029516399 -0.838208832505297 -0.842468963965181 -0.857936928915441 -0.899885711468321 -0.865015127182529 -0.863173888071705 -0.871381700316486 -0.881847956310543 -0.870141538297489 -0.854895159295103 -0.805171845960219 -0.807216550763681 -0.842408952026809 -0.848818050253487 -0.850055977694838 -0.81137653105015
-0.977533631407985 -1.00174072137344 -0.980422912727997 -0.950202415915277 -0.946144754354178 -0.96076082747519 -0.934851735375062 -0.884701844092796 -0.837167158595559 -0.847986529393207 -0.86012162679545 -0.846033662302387 -0.864695946207691 -0.873802328618329 -0.899967105655059 -0.960645752153455 -0.940117466044146 -0.87179128569814 -0.832256631940853 -0.822680697299548 -0.819991067439632 -0.807854445722456 -0.783625572573936 -0.776883791705831 -0.800256688929277 -0.834061544113035 -0.88563903199129 -0.910974401070584 -0.938572434073728 -0.958611786652009 -0.97985606607876 -0.983921933933709 -0.984279475770806 -0.976293748076039 -0.945889802829267 -0.897670969604666 -0.83270806751522 -0.785173072724059 -0.823678670901532 -0.87463262008063 -0.916009683171473 -0.939224922084673 -0.952403555174919 -0.887356608739236 -0.898202433748977 -0.88427497623349 -0.869570498348579 -0.84024603143368 -0.853031159605017 -0.870938267407916 -0.868939361567851 -0.865989321026112 -0.824145087417538
-0.99504722963302 -0.99448070084803 -0.987389908277741 -0.954862856333148 -0.937116567865121 -0.970806714554559 -0.949768010333666 -0.89127868685332 -0.841775929169116 -0.844336941551473 -0.853222986482265 -0.852922791885625 -0.863324938383808 -0.901918178386607 -0.985747780383863 -0.919142028683761 -0.857048935744848 -0.855030258954909 -0.861289170276174 -0.840011826277437 -0.837717932985837 -0.815016206516314 -0.799675223820374 -0.798050304817863 -0.828930597380134 -0.864134361918007 -0.905878721329194 -0.926027677512816 -0.935674049985667 -0.934468248968392 -0.943520800191641 -0.952285694346221 -0.963052735775227 -0.964905612058915 -0.931449766725243 -0.890143032459316 -0.824957549698469 -0.776857050536937 -0.753247726319044 -0.865656616775739 -0.928541584031614 -0.958275401278148 -0.974961174965053 -0.903395539190398 -0.895817637782424 -0.910682438111887 -0.897464067195374 -0.915634009328662 -0.857018011506664 -0.872154971486133 -0.890602420958224 -0.890616606944711 -0.855163913366407
-1.03855361055218 -1.00595179962181 -1.0105141224507 -0.967471732545518 -1.01413041843114 -0.994253055288173 -0.96152085410271 -0.911715984439555 -0.886413000225003 -0.86049500408627 -0.871474086579874 -0.877963556541873 -0.890394738596389 -0.914518234810257 -0.888477443199776 -0.900887419485267 -0.896152109556955 -0.894582920889753 -0.908749602893943 -0.858784256668781 -0.849890220735832 -0.840461694070255 -0.837206313845972 -0.831333311812593 -0.85568396815841 -0.882356044923638 -0.896302279444259 -0.909244193166235 -0.921454213866969 -0.930667441373843 -0.924786440999544 -0.913835311547557 -0.918828936631691 -0.956301368669885 -0.939021638732532 -0.883857060532636 -0.845285543278741 -0.789885996765527 -0.796666136615193 -0.834749992827297 -0.916350657332899 -0.99205612215784 -0.991533050120359 -0.91736991986345 -0.915516193601815 -0.915075751342104 -0.95408493647105 -0.884468305439116 -0.900553137448861 -0.907908142194752 -0.901793787975918 -0.893856420282966 -0.899199200161595
-1.04382993468338 -1.04286740893169 -0.979773561884424 -1.03890345004045 -1.04680247969902 -1.00131147333503 -0.960379263723713 -0.937269554976248 -0.90564124319589 -0.888251485809487 -0.902432521666058 -0.893484009541794 -0.87916039572595 -0.861744814932922 -0.860798690645145 -0.869968244632147 -0.873465742791294 -0.877405976790674 -0.879477300702238 -0.862060154077219 -0.853427578089855 -0.843858197565207 -0.845050327216982 -0.874180487824075 -0.900104926016054 -0.905913741187577 -0.914896307350685 -0.876608615638457 -0.898812183266526 -0.90364993564827 -0.901398053170839 -0.923405598496653 -0.93581071397703 -0.977973539212432 -0.929097692937158 -0.872795243204347 -0.837704863753192 -0.819479428310069 -0.827027574561437 -0.826677451568273 -0.889252369119936 -0.942646843444749 -0.926138469800081 -0.914585808749394 -0.906220828053727 -0.90504472417914 -0.896182999933112 -0.892623626047807 -0.915129997465675 -0.914263050335312 -0.930050567382509 -0.927779970107772 -0.917651182004343
-1.01506803695368 -1.02606505858384 -1.05936987271802 -1.06218580539242 -1.05707747356654 -1.0242395148114 -0.983870057670052 -0.938802319658916 -0.900757165893681 -0.911159587490478 -0.928948752940773 -0.860983588093794 -0.83066481079613 -0.831935318956896 -0.850236162283857 -0.852718785305231 -0.871549571781115 -0.868875079074517 -0.875866331732205 -0.866111580660784 -0.870909759454347 -0.861014822607471 -0.860213723790195 -0.840242976217623 -0.835591557088168 -0.850283690170286 -0.880926801357845 -0.88700493738624 -0.88970391530102 -0.916307266604872 -0.941821443913797 -0.969115906605779 -1.03010288356563 -1.01593792720865 -0.92655104900285 -0.859275925914409 -0.832214103201762 -0.819655539544238 -0.819947125702466 -0.826455453117701 -0.863922298674194 -0.904805350160165 -0.94531391217787 -0.89453997899349 -0.889579298242592 -0.895893013337804 -0.904978684113599 -0.896387792642904 -0.910048173969292 -0.921595600178193 -0.962427066954115 -0.970114656323648 -0.971766753362431
-1.06641963374391 -1.06956141132903 -1.07271996249877 -1.04196645318637 -1.02277412337872 -1.0434178363979 -1.01384959473863 -0.970499417755585 -0.922396434349598 -0.954973221866386 -0.926346714647787 -0.851777201007976 -0.844737286225202 -0.842288990045986 -0.859664658939289 -0.860954743347172 -0.877559582111936 -0.890045207162567 -0.899147736304996 -0.882501701499082 -0.895744010846576 -0.858563594575035 -0.865566791702348 -0.807947200947208 -0.80204174383369 -0.823910312616525 -0.835238428239694 -0.864094926305635 -0.843812315028247 -0.888380661644147 -0.930297552877896 -1.00418640412574 -1.07947126419487 -1.03090366078684 -0.955105666270188 -0.888049231412065 -0.845398186157426 -0.833539697451277 -0.818978119293525 -0.82787098207968 -0.859506773412976 -0.898519962863866 -0.957721032257715 -0.892673074510447 -0.886239715941905 -0.909383978479983 -0.928250256424827 -0.924115721667465 -0.938836979669273 -0.972634372674946 -1.01282445066554 -1.02352589939979 -1.0473443482822
-1.06645227400923 -1.08306234623498 -1.07478823727299 -1.06538422931104 -1.05641384428629 -1.04311023578921 -1.02536532172197 -0.980715494696326 -0.98736915034142 -0.990424188191004 -0.944754449347362 -0.910866650488183 -0.893379815663553 -0.886365119098532 -0.893620599884401 -0.885636190305628 -0.89078317622516 -0.89358948450795 -0.913118276198823 -0.931124218302384 -0.895490804307423 -0.893036307998503 -0.846128216297522 -0.797259140185105 -0.786005819237126 -0.814900172935433 -0.858819456452153 -0.835174182255329 -0.839754857155761 -0.879664300975554 -0.949734050287641 -1.01048984879713 -1.03451049591152 -1.02068223920275 -0.963502795358048 -0.904615913853618 -0.907078342272615 -0.918584759985325 -0.894428287195611 -0.902713225145733 -0.920459900528878 -0.910809983119798 -0.937585748703487 -0.927085100606188 -0.937634840948563 -0.951360129245622 -0.950039287180785 -0.969174731145013 -1.00637154688737 -1.02486471218709 -1.059365060764 -1.07302376569136 -1.08589320677174
