data/pcas/pca_proj_current/PC09.asc
NCOLS 494 
NROWS 529 
XLLCORNER -117.166666666667 
YLLCORNER -55.5 
CELLSIZE 0.166666666666667 
NODATA_value -9999 
[rows 144 to 167 of 529, columns 212 to 264 of 494]
0.32682622453864 0.368552857618084 0.408106537984804 0.361956030262916 0.301897726530597 0.342270472230485 0.32463026007376 0.145292966232504 -0.0223395605298586 0.0453896254922104 0.109597649238616 0.0697469733229499 0.0209105208183678 0.0387095798337307 -9999 -9999 0.00539000731271133 -9999 -9999 0.16975253601356 0.105396871751421 0.269327829484312 0.348594370509614 0.378898702196914 0.406254402990841 0.303591471634563 0.390639084662203 0.320073608912433 -9999 0.279412093993229 0.325164704640527 0.316207657366501 0.391813519845012 0.43016803569382 0.342341937941834 0.109792185872748 0.137278422884459 0.0492302906823969 0.109443452921083 0.232979855601254 0.392076981501396 0.442390419593995 0.530350084621848 0.638969477815387 0.677467080704448 0.552264474644199 0.371440687824901 0.341975368405853 0.378620163479449 0.195556363174763 0.112268156617335 0.313023637469342 0.315767336082414
0.343278072297328 0.110940653413622 0.0127448489541426 0.0239565846544376 0.0680539527591766 0.040803697481627 -0.0023790628650997 0.145592870031474 0.144120474848927 0.0831193445501004 0.0463389626837294 0.155988818165379 -9999 -9999 -9999 -9999 -0.0315105935275075 0.0902900888271512 0.147350846838436 0.272728436705194 0.158632015393887 0.187987758597996 0.142252834943977 0.305498684839322 0.228882909380045 0.244421972759244 0.270716103052581 0.394565259217602 0.265856177232752 -9999 0.361827245429418 0.385392687725331 0.465054787006671 0.475476049736337 0.555119144042449 0.363832330701178 0.217818123915655 0.155655494662817 0.129112790805896 0.317733899939196 0.489235250411907 0.484166390055013 0.596697283419235 0.723264557915867 0.6703580305776 0.444328844559083 0.458771015688655 0.318502127457146 0.378216964795434 0.188207409900694 0.00799186564415355 0.0741965277624799 0.106981712076496
0.0628827785549411 0.0260022045327557 0.0486625673475072 -0.0794203055567004 -0.0315188237332935 -0.0799404735855296 0.0649783394351648 0.20786333581938 0.133203665992134 0.0776342581245268 -9999 -9999 -9999 -9999 -9999 -9999 0.110462152640179 0.0852787326410513 -9999 -9999 -9999 0.107826462326517 0.141775288963568 0.101929335113958 0.127314687126559 0.143553122800329 0.253814399426614 0.334722102525744 0.303300021419733 0.35892993021527 0.50582556813512 0.587109265856564 0.491865128939614 0.493171459053523 0.62468056296401 0.383006248250899 0.228872929425127 0.180196312775958 0.15708158794712 0.272573229046233 0.355159629868345 0.499999961482593 0.65950454846191 0.705735561019494 0.580013845151625 0.125782311308092 0.124591814331169 0.290851899012198 0.257197321461934 0.0621763575413581 0.0490949827886171 -0.0538773435480195 -0.0473118654296918
-0.0642939646926108 0.0419694122302805 0.0648216155129329 0.0259079101032269 0.321624995271832 0.238027490164208 0.0489897055371384 0.164456197730358 0.17732149951163 -9999 -9999 -9999 -9999 -9999 -9999 -9999 -9999 -9999 -9999 -9999 0.142190311825259 0.188419575615508 0.190978884322145 0.0289628457045052 0.0484073745922977 -0.0638227391443447 -0.00484057791134473 0.195573464346144 0.30093715815341 0.418800526411598 0.480451408703832 0.506201243414951 0.447758412794691 0.434052084794291 0.499965218061166 0.347472036849817 0.328692213789672 0.226577988223532 0.220578843886032 0.31173955409383 0.39636023508493 0.570565648712753 0.693359073777388 0.68007359220278 0.687809777498479 0.209244507328265 0.394386273281169 0.294327949404817 0.28195682292865 0.273772163001998 0.124534053875437 -0.105842528947821 -0.307835122809627
0.248789028668798 0.0324197638756578 0.0255511454831405 0.00437982091127531 0.315107099932869 0.275569686457101 0.313886798795591 0.120806658157346 0.223023937333772 0.180185789261625 -9999 -9999 -9999 -9999 -9999 -9999 -9999 -9999 -9999 -9999 0.0616658396308241 0.225891002945954 0.284713916875531 0.179095813457598 0.0605056583417027 -0.0347199523607318 -0.00848320406479086 0.183374209441051 0.301837856784255 0.417477917310112 0.443573215351891 0.350061438043576 0.321479737131774 0.406646996905492 0.242928189314709 0.1600026338862 0.29591558854352 0.26672278962135 0.296301248725869 0.37209263857446 0.524911286194408 0.747953340678198 0.773582219727186 0.682216755118765 0.637936303840009 0.159275381184967 0.393933183633961 0.325626076432456 0.325773600184319 0.264459919777418 0.0151063321894962 -0.409731459492736 -0.497327517573765
0.265179396731149 0.0192261704928183 -0.146334895353683 -0.0421105615493087 0.0485773851285896 0.123290162959566 0.183026977839729 0.163436804636304 0.2175735101744 0.136375413401522 0.173263650844624 -9999 -9999 -9999 -9999 -9999 -9999 -9999 -9999 -9999 -9999 0.112931525145406 0.176121946703471 0.176744140454026 0.109417962344236 0.0587449715045203 0.0956866478457365 0.18448509196759 0.32387487886146 0.357950694793816 0.491306079273545 0.31682025837734 0.260587992181292 0.399437417375787 0.277467236145006 0.174226463307154 0.354827834345027 0.276415774670947 0.472677779042537 0.533768874239524 0.612381263405158 0.744503784028958 0.765590423587596 0.680947993643409 0.223816427084339 0.218288013921922 0.450356177508459 0.281364816159999 0.326087725288215 0.263457031591279 0.0194371895345427 -0.045655481198873 -0.476601849698775
-0.177053288234803 -9999 0.0222366492758954 0.225897105757011 0.272331693841698 0.169628243876488 0.191478410770011 0.168595361948634 0.143142096060523 0.145414200048617 0.103053475607352 -0.00857786834015473 -9999 -9999 -9999 -9999 -9999 -9999 -9999 -9999 -9999 0.264841019358937 0.260189778502645 0.189852685618921 0.247196665336085 0.171516318408228 0.527729332877049 0.692604196371734 0.278076780162166 0.312609253378368 0.363357267209869 0.197097943279047 0.0515709005925264 0.332325946981973 0.359452617734804 0.117314572979558 0.0209933265843898 0.0231938897224702 0.133845166993572 0.165754269782776 0.333693500123112 0.394246601597351 0.763682924426289 0.334809879555012 0.22493180579707 0.218278357327754 0.478503679331308 0.298116463971927 0.359939105144414 0.330653004403624 0.0886566365824795 0.404390290448758 -0.370098345037364
-0.258085724490018 -0.329856458312842 -9999 0.0961733613369551 -9999 0.156950303749067 0.154669318122887 0.227447480139934 0.110110485314 0.134224573279027 0.0219229023886787 0.138892646830677 -9999 -9999 -9999 -9999 -9999 -9999 -9999 -9999 -9999 -9999 0.158498418776173 0.366003160237592 0.632329931426397 0.532667001181397 0.689895643987576 0.693101148035342 0.580032926937565 0.486854188032019 0.250836777448902 0.528543468975243 -0.0262419737455803 0.0368883399823074 0.17727941029581 0.0166825367628121 0.0288708322696167 0.072867902321075 0.0997015607090301 0.125548941159362 0.345833016925443 0.387113186399992 0.485780920742545 0.440792343801754 0.365233246628837 0.186169351989877 0.48810450024262 0.351547113418639 0.333648114225682 0.442540434290027 0.409664320116444 0.504358549493193 -0.176747372664228
-0.0216224222483954 -0.097138540561668 -9999 -9999 -9999 0.204226941798824 0.366847046312804 0.23690525893813 0.145503080929527 -9999 -9999 -9999 -9999 -9999 -9999 -9999 -9999 -9999 -9999 -9999 -9999 -9999 0.347525618326081 0.379246646396814 0.501160705130498 0.569548053095549 0.59632127179998 0.73993441421841 0.533158860677384 0.469858234694863 0.499846324036134 0.184152407548803 0.0294964422161583 -0.0426517401398159 -0.00733081089226362 0.0464694979804985 0.12454657709751 0.237300613107289 0.203191551266321 0.212845228881598 0.233385513016336 0.431567338465007 0.467403925280972 0.424416632472424 0.638362519101699 0.615609436179238 0.498866768745867 0.49959696399318 0.439374230728414 0.456088757241665 0.501350224747413 0.480366176138157 0.13162163477195
-9999 -9999 -9999 -9999 -9999 -9999 -9999 -9999 -9999 -9999 -9999 -9999 -9999 -9999 -9999 -9999 -9999 -9999 -9999 -9999 -9999 -9999 -9999 0.606324215252559 0.490561391173981 0.521006018056909 0.610768745697194 0.652570935036527 0.513655842337543 0.413824197562213 0.0499549001684827 0.00988935871653385 -0.0122774473232166 0.0707807362722375 0.0768770141923445 0.112538753064736 0.152066418711205 0.135531940050682 0.152465671431345 0.293885888312565 0.235447777383716 0.347410172344281 0.412443850472566 0.711410063583894 0.644794521570187 0.581436422645037 0.554751174589736 0.731954410136638 0.510946454018287 0.518151476355141 0.601471469352244 0.508054482125638 0.297801156479909
-9999 -9999 -9999 -9999 -9999 -9999 -9999 -9999 -9999 -9999 -9999 -9999 -9999 -9999 -9999 -9999 -9999 -9999 -9999 -9999 -9999 -9999 -9999 -9999 0.585964914977234 0.566910282587984 0.426263923300546 0.34135106320215 0.45876843812555 0.382943623678043 0.0015597958350817 -0.0792560588225211 -0.165027833979585 0.234237898085205 0.304344458255669 0.0848481029832202 0.0963458118376377 0.0851206079906861 0.150692709550373 0.198487854739635 0.16565019384408 0.114575501115954 0.263493357723059 0.694917183191134 0.601983187365389 0.501342371185641 0.501834803851557 0.804992269742257 0.782877401615207 0.593465832012653 0.471222264304243 0.418860065338434 0.399162241658621
-9999 -9999 -9999 -9999 -9999 -9999 -9999 -9999 -9999 -9999 -9999 -9999 -9999 -9999 -9999 -9999 -9999 -9999 -9999 -9999 -9999 -9999 -9999 -9999 -9999 0.528096783508112 0.419732521152976 0.335063784836286 0.447699305558888 0.385194076785063 0.130609741278787 -0.212346827220785 0.092684253070872 0.0100524530319805 0.048985805458438 0.0836010848088378 0.0956484023583257 0.318931263242265 0.180825680194479 0.203476243651579 0.224237463282535 0.168997691891598 0.177557932727489 0.615587156095567 0.450851760379911 0.437204415269816 0.494966347876415 0.754959503943704 0.76089930111519 0.717259329347215 0.106758167077003 0.461186558827372 0.431273458892794
-9999 -9999 -9999 -9999 -9999 -9999 -9999 -9999 -9999 -9999 -9999 -9999 -9999 -9999 -9999 -9999 -9999 -9999 -9999 -9999 -9999 -9999 -9999 -9999 -9999 0.768122083196462 0.512750254654723 0.303783045917137 -0.0288674739234376 -0.01083177242699 -0.00521190560485874 -0.0980255485552999 0.214200249897015 0.0468509900427838 0.194624128479676 0.109343307020258 0.203429826496369 0.269755581687385 0.254557243257694 0.157191845632582 0.128477322228238 0.166417160754092 0.151441878493023 0.529363556772254 0.347535278791776 0.399542603001354 0.702792254089645 0.712355535234162 0.681067236050516 0.240848959849046 0.0840001837436146 0.354216546042085 0.248294072309052
-9999 -9999 -9999 -9999 -9999 -9999 -9999 -9999 -9999 -9999 -9999 -9999 -9999 -9999 -9999 -9999 -9999 -9999 -9999 -9999 -9999 -9999 -9999 -9999 -9999 -9999 0.541690161133082 0.0623177997201649 -0.177681368066416 -0.0992239644310382 -0.131781926578399 -0.163921135100552 -0.0648717598085506 0.00225863611935484 0.194469766257733 0.201725517319685 0.370225892916785 0.164206541510325 0.0840558946590517 0.0549077009240859 0.0958145657680296 0.176361890714242 0.216022327731107 0.467696616638534 0.283991371591344 0.392093782825005 0.483437501518998 0.481302605619602 0.189903655414785 0.126052119736672 0.254545359187349 0.179170413529625 0.19511630942812
-9999 -9999 -9999 -9999 -9999 -9999 -9999 -9999 -9999 -9999 -9999 -9999 -9999 -9999 -9999 -9999 -9999 -9999 -9999 -9999 -9999 -9999 -9999 -9999 -9999 -9999 0.608700437415282 0.178788937991566 -0.194979708756889 0.0772089614632374 -0.206436019109457 -0.267076039007868 0.0112842143854097 0.117684995052825 0.258560039303938 0.32752168640508 0.179856871956998 0.161579174127697 0.196019309148254 0.150398717703018 0.0416029091134684 0.14953321965695 0.410476385118762 0.457425630777508 0.39035299477693 0.485480401949878 0.527513787683809 0.313549921312457 -0.0838807551725786 0.104826139923208 -0.205828796573879 0.145695808809023 0.174101908999318
-9999 -9999 -9999 -9999 -9999 -9999 -9999 -9999 -9999 -9999 -9999 -9999 -9999 -9999 -9999 -9999 -9999 -9999 -9999 -9999 -9999 -9999 -9999 -9999 -9999 -9999 0.522080390045529 0.308202867068551 -0.0978766624909757 -0.201190221965798 -0.258040842374069 -0.425499862102814 -0.34779556821942 0.0119509423511426 0.267552451279186 0.33271816622119 0.107896716367167 0.263268595387527 0.322465124750888 0.143845560710231 0.0704635579283053 0.333542548817175 0.380079624422674 0.385219870015432 0.475591348938867 0.463354039366506 0.312604530047431 0.267891023434463 0.201421129019485 0.228823580996949 0.17960514048482 0.149947622701625 -0.196301565905791
-9999 -9999 -9999 -9999 -9999 -9999 -9999 -9999 -9999 -9999 -9999 -9999 -9999 -9999 -9999 -9999 -9999 -9999 -9999 -9999 -9999 -9999 -9999 -9999 -9999 -9999 0.965392466602006 0.388974596054302 0.363878294832013 -0.235394209637284 -0.1122017294083 -0.25590668198771 -0.312120794485156 0.125441055659276 0.267153913434599 0.385909165211123 0.342774246096889 0.140531359176832 0.270372944398943 0.0761681168696435 0.341123685600136 0.287720727900453 0.35718253834277 0.378274641616318 0.49118895879205 0.27734668599812 0.172052584745656 -0.00176319320814144 -0.00604475069975341 0.264930024559597 0.197790200194625 -0.165377236987064 -0.311328502622487
-9999 -9999 -9999 -9999 -9999 -9999 -9999 -9999 -9999 -9999 -9999 -9999 -9999 -9999 -9999 -9999 -9999 -9999 -9999 -9999 -9999 -9999 -9999 -9999 -9999 -9999 -9999 0.548691242840769 -0.00988222364154656 -0.180820954351351 -0.0686467673944395 -0.139211126214529 -0.324998785176367 -0.12177870449769 0.16682172422608 0.142296385796688 0.391500285675434 0.351489415818796 0.164294423969867 0.128323350304103 0.0474353263817913 0.232437382893638 0.297976276335172 0.370207907174327 0.399652047667246 -0.00655316074600587 0.213482351740499 0.0553856077269241 -0.0749267979978101 -0.0527068513491231 -0.186784747177972 -0.118376622969927 -0.143855291044444
-9999 -9999 -9999 -9999 -9999 -9999 -9999 -9999 -9999 -9999 -9999 -9999 -9999 -9999 -9999 -9999 -9999 -9999 -9999 -9999 -9999 -9999 -9999 -9999 -9999 0.963071897446186 0.425867910081338 0.0165789269246472 -0.171114933792108 -0.156004409563569 -0.0728874988864729 -0.242931260965356 -0.457499285943746 -0.230843434922773 0.186471011039899 0.221672181881934 0.259138067032289 0.296644985488443 0.130494989087379 0.0901227726848377 0.234344077595407 0.209539320186703 0.283456082170815 0.347236290900171 0.0496531631398034 0.0279085193037376 0.0948990928214524 -0.0305609110212299 -0.135954744796412 0.0693604480463195 -0.115997066132384 -0.135398957845789 -0.157166473968823
-9999 -9999 -9999 -9999 -9999 -9999 -9999 -9999 -9999 -9999 -9999 -9999 -9999 -9999 -9999 -9999 -9999 -9999 -9999 -9999 -9999 -9999 -9999 -9999 -9999 0.924667438037888 0.0624919533578914 0.245057754681574 0.00260997804070473 -0.176507267236441 -0.229253077325537 -0.211398771881204 -0.366826972873564 -0.0401037344884534 0.283193023177906 0.228776061313149 0.177727432443862 0.26754379016136 0.150147846789163 0.0706731784237848 0.0466182191744136 0.196692510382799 0.169579129336765 0.2564628896056 0.0956021713523225 0.134548235940845 0.112407747309373 -0.0584030537326286 -0.184209242243019 -0.265458097742968 -0.113116834704779 -0.0934351541903276 -0.366688876947147
-9999 -9999 -9999 -9999 -9999 -9999 -9999 -9999 -9999 -9999 -9999 -9999 -9999 -9999 -9999 -9999 -9999 -9999 -9999 -9999 -9999 -9999 -9999 -9999 -9999 -9999 0.160769638930393 -0.0779146983888979 0.0830498421273493 -0.115095135222654 -0.127084438346983 -0.378162938527213 -0.200442050889772 0.0441950787767729 0.180842328594378 0.198239253056723 0.307415636801972 0.274812787271178 0.17041430324838 0.0939169935981934 0.0343198275643053 0.226480483967689 0.178733855679843 0.315094998490075 0.126582250839102 0.131394700541003 -0.0441166991224891 -0.296076827762974 -0.246867537958509 -0.287730962267452 -0.112732341555108 -0.0238164385972488 0.0747808084299886
-9999 -9999 -9999 -9999 -9999 -9999 -9999 -9999 -9999 -9999 -9999 -9999 -9999 -9999 -9999 -9999 -9999 -9999 -9999 -9999 -9999 -9999 -9999 -9999 -9999 -9999 0.162069492376981 -0.283613459409668 -0.00646789008531945 -0.16045884019439 -0.298371059136174 -0.332385399031202 -0.0575865333454044 0.144510038507853 0.191184102302533 0.33498477662245 0.308685613657905 0.294871504456732 0.206398606303577 0.118978560161132 0.0529410095927685 0.250220836495701 0.208096115216531 0.30967071073145 0.330290988850541 0.148559631747626 -0.0633293555525838 -0.23128742892031 -0.314698340935789 -0.220767273064495 0.00258323369874125 -0.0122715288550279 0.201870401497941
-9999 -9999 -9999 -9999 -9999 -9999 -9999 -9999 -9999 -9999 -9999 -9999 -9999 -9999 -9999 -9999 -9999 -9999 -9999 -9999 -9999 -9999 -9999 -9999 -9999 -9999 0.0610269605799771 -0.255787270957362 -0.245875558549004 -0.234079985495167 -0.326038282250549 -0.219042225924202 0.112661206498088 0.0791041115408644 0.0963468257095532 0.349043872045304 0.405736797751836 0.236511191584593 0.114366801070227 0.0248787696492963 0.132345198890993 0.330013654495884 0.116180601732089 0.31535706163767 0.11875552636609 -0.031711978468052 -0.132914732474942 -0.218550897462405 -0.343543889767761 -0.274592062924123 -0.0605335219367531 0.106285847971147 0.412924748029126
-9999 -9999 -9999 -9999 -9999 -9999 -9999 -9999 -9999 -9999 -9999 -9999 -9999 -9999 -9999 -9999 -9999 -9999 -9999 -9999 -9999 -9999 -9999 -9999 -9999 -9999 0.0774972995087531 -0.274957342270565 -0.267483731404225 -0.204957236314688 -0.279761201180401 -0.0590546406193324 0.0766827964026293 0.258954353612883 0.187027620169945 0.287507009292537 0.390395246319875 0.263920227987223 0.139923250717179 0.13380704715814 0.123656704372903 0.328376789249639 0.171198469242469 0.363107661887536 -0.0212515207547461 -0.0344843635509253 -0.0751922185397689 -0.317353677416541 -0.350769806926458 -0.309987163187318 -0.0690615474013125 0.415141861052286 0.231124759372191
