data/pcas/pca_proj_current/PC09.asc
NCOLS 494 
NROWS 529 
XLLCORNER -117.166666666667 
YLLCORNER -55.5 
CELLSIZE 0.166666666666667 
NODATA_value -9999 
[rows 96 to 119 of 529, columns 159 to 211 of 494]
-0.339240169032281 -0.382482669142607 -0.447151993316838 -0.494275126857996 -0.47904475182069 -0.402223106087323 -0.27977837029411 -0.185127691477061 -0.145781045315733 -0.220778191490857 -0.426743653234582 -0.367020917005742 -0.722181420732394 -0.745782090411836 -0.726472092113403 -0.697917716762619 -9999 -9999 -9999 -9999 -9999 -9999 -9999 -9999 -9999 -9999 -9999 -9999 -0.444242451432691 -0.448575345427202 -9999 -9999 -9999 -9999 -9999 -9999 -9999 -9999 -9999 -9999 -9999 -9999 -9999 -9999 -9999 -9999 -9999 -9999 -9999 -9999 -9999 -9999 -9999
-0.341139940378378 -0.348965402568538 -0.391036306877085 -0.362748478118606 -0.299100072379291 -0.206658111459486 -0.0862746594671706 0.0214039845387559 -0.0494679974818615 -0.0652830844903165 0.0470098202237617 -0.558209450625548 -0.646132594246135 -0.690471786534313 -9999 -9999 -9999 -9999 -9999 -9999 -9999 -9999 -9999 -9999 -0.519251904508303 -0.520210713668449 -0.543556105375317 -0.519878983995756 -0.469332672575579 -0.478779360173617 -9999 -9999 -9999 -9999 -9999 -9999 -9999 -9999 -9999 -9999 -9999 -9999 -9999 -9999 -9999 -9999 -9999 -9999 -9999 -9999 -9999 -9999 -9999
-0.328985076434105 -0.31210675147916 -0.324489671336675 -0.23263562464136 -0.144095172638981 -0.0476481065591139 0.0700635063284074 0.164811122699474 0.198790227486366 0.25590995627981 -0.359660873269215 -0.439053195494458 -0.582651703963328 -9999 -9999 -9999 -9999 -9999 -9999 -9999 -9999 -9999 -9999 -9999 -0.512235601466059 -0.523721233631832 -9999 -9999 -9999 -9999 -9999 -9999 -9999 -9999 -9999 -9999 -9999 -9999 -9999 -9999 -9999 -9999 -9999 -9999 -9999 -9999 -9999 -9999 -9999 -9999 -9999 -9999 -9999
-0.277716572419885 -0.254956684316961 -0.230568043734999 -0.121297131822222 -0.0292472002530488 0.0792107190860296 0.174944884837484 0.248581884964999 0.284326177940673 -0.350361905153169 -0.300442693099102 -0.322612566166593 -9999 -9999 -9999 -9999 -9999 -9999 -9999 -9999 -9999 -9999 -0.39623084465918 -9999 -9999 -9999 -9999 -0.360329185083479 -0.377885020881804 -9999 -9999 -9999 -9999 -9999 -9999 -9999 -9999 -9999 -9999 -9999 -9999 -9999 -9999 -9999 -9999 -9999 -9999 -9999 -9999 -9999 -9999 -9999 -9999
-0.239979575482023 -0.25387875800719 -0.189065986165016 -0.043955796366081 0.0911579059569687 0.176903301071268 0.234288099914771 0.242635332579334 0.247252803523222 -0.38278456807963 -0.383742517641424 -0.471150107746049 -0.605009827894235 -0.658853499671785 -9999 -9999 -0.355044086893778 -0.354607117722394 -0.371056239758123 -0.359502353769396 -9999 -9999 -9999 -9999 -9999 -0.457584909261286 -0.539579495717412 -0.498787909942049 -0.42755748161866 -0.517156205725336 -0.605666713850423 -0.680184710374836 -0.698883267688629 -0.63528071114956 -0.661958858077295 -0.718994571808452 -0.757092353539179 -9999 -9999 -9999 -9999 -9999 -9999 -9999 -9999 -9999 -9999 -9999 -9999 -9999 -9999 -9999 -9999
-0.203484259066006 -0.185213701006581 -0.224507206161795 -0.0270538627628392 0.134936776524244 0.21758230091351 0.23127495184537 0.185987261077858 0.113687861589142 0.0471369250880633 -0.513021977492459 -0.579141418491358 -0.626468175489314 -0.678132273539108 -0.636466924226494 -0.478050089721156 -0.503782537683521 -0.430839574586122 -0.433705467311748 -0.491043223272358 -0.408770866275465 -0.407944613968522 -0.483283400817909 -0.55709721678342 -0.562979643927606 -0.475052883671185 -0.570474241646204 -0.469133616557539 -0.450500612573434 -0.528614481724972 -0.53129635603208 -0.506045066740375 -0.476909401554673 -0.701746318679481 -0.717898196433205 -0.737576388882007 -0.695376003529521 -0.695055890875953 -0.619419081553746 -0.586108995635114 -9999 -9999 -9999 -9999 -0.651822766783934 -9999 -9999 -9999 -9999 -9999 -9999 -9999 -9999
-0.251622261848255 -0.294445363655057 -0.279887354836565 -0.0321487857803975 0.154606388075734 0.189706380267426 0.162117669108684 0.0768207996808423 -0.00808884395452236 -0.539239657505516 -0.595598490056894 -0.350099155326322 -0.632876369681365 -0.670185804129559 -0.534827642015056 -0.527690327451492 -0.577912445721792 -0.530457982927214 -0.509861210181057 -0.435335621442895 -0.464272220037782 -0.524201745277241 -0.72337703708192 -0.708681994121237 -0.660022276357608 -0.601020541902075 -0.490214243717366 -0.543816024590514 -0.653664050678698 -0.631260243505681 -0.550607297784501 -0.561824046057434 -0.496874078588993 -0.532686500017297 -0.744013383024783 -0.713329974279319 -0.671092144892176 -0.66177364325047 -0.636306008957683 -0.623875951798194 -0.58395000186582 -9999 -9999 -9999 -9999 -9999 -9999 -9999 -9999 -9999 -9999 -9999 -9999
-0.251677687108709 -0.283514463770086 -0.333127096018864 -0.26911517162525 -0.0405521835572202 0.167405690983732 0.201390668845875 0.049537041916448 -0.155756999414082 -0.330957708799673 -0.370343974016291 -0.443287134025607 -0.468998506367674 -0.47798090655767 -0.475614202190672 -0.438482728988819 -0.39918866672294 -0.423702792901112 -0.461876906129726 -0.59325330776173 -0.641453008897898 -0.613814970550158 -0.573756658940728 -0.581142618903708 -0.598277547577847 -0.598742114887462 -0.646519345744832 -0.679822296010567 -0.691795142787982 -0.630828379375892 -0.611789041634117 -0.605022937461219 -0.498254393717862 -0.450205595157677 -0.388312276183345 -0.670846583863681 -0.634994562033417 -0.62160071681862 -0.589797621880507 -0.584413375015717 -0.605347310612695 -0.64191696403507 -0.635713716250963 -9999 -9999 -9999 -9999 -9999 -9999 -9999 -9999 -9999 -9999
-0.247613703284453 -0.254459672199028 -0.376966641322282 -0.344938013181822 -0.214133954591463 -0.102159480060718 -0.16085231286876 -0.255194925616466 -0.380505770823476 -0.470802795318243 -0.485757051450097 -0.462553266172406 -0.472607943008788 -0.475813451525165 -0.440828897340293 -0.374059592188733 -0.331393385787992 -0.38935714310194 -0.475616205824321 -0.571945286614453 -0.643876944570588 -0.661823905889645 -0.689586084458201 -0.684978263758287 -0.649472515325419 -0.654667379862504 -0.673960333175396 -0.686167933477159 -0.644855346687609 -0.603222445291993 -0.631528598667888 -0.538699757299415 -0.518750149269442 -0.419688317011683 -0.345029358179998 -0.266646657003435 -0.227534166578095 -0.184977329999419 -0.129748895549528 -0.530378706345277 -0.592991701737172 -0.656171775136113 -0.726105628585846 -0.713615265880707 -9999 -9999 -9999 -9999 -9999 -9999 -9999 -9999 -9999
-0.299504001728749 -0.362544056877439 -0.408017967104653 -0.472962952597419 -0.469370175186022 -0.443752696108989 -0.446379051274139 -0.502557701376006 -0.492775690447869 -0.4732647255754 -0.525316792619193 -0.489121432517242 -0.496273393784546 -0.502884250461001 -0.392683577974999 -0.300180642821394 -0.215839211497741 -0.329558007442851 -0.474887838268373 -0.646816292792214 -0.671076201490122 -0.716731264829921 -0.723454877900657 -0.727024969971737 -0.718759272292483 -0.677103437989817 -0.636091366484528 -0.649963768595593 -0.632357117026963 -0.625787567327855 -0.519744525940792 -0.477304807655392 -0.41315092422314 -0.333946099490668 -0.281177034698407 -0.256102878235196 -0.21534554881752 -0.179356599193595 -0.127630245449763 -0.149137075981932 -0.22796603888835 -0.696245047848282 -0.747540022361063 -0.758567303193853 -0.751353578647759 -0.781110365638672 -9999 -9999 -9999 -9999 -9999 -9999 -9999
-0.299215770566419 -0.393533203926004 -0.481034466119127 -0.527692173649092 -0.543316499412406 -0.32448230811098 -0.317389134258895 -0.541561457500809 -0.518654540991913 -0.515510392774198 -0.582935547682814 -0.620326240325768 -0.578381565617741 -0.549244816112352 -0.339380623823046 -0.398894547572051 -0.173288494456844 -0.289464872587401 -0.474485222957732 -0.492553607102183 -0.629974054746345 -0.755370875485673 -0.757734314175124 -0.726045379938845 -0.69552001694527 -0.66056359919239 -0.629278232871858 -0.616777997940258 -0.645647803278913 -0.547383364530906 -0.514749164945835 -0.408094589917979 -0.334311358145791 -0.289162840891153 -0.264178017404678 -0.219893396708982 -0.179026717792704 -0.158268690870552 -0.166462974295339 -0.180733484793003 -0.25152456054052 -0.699868224311624 -0.787019435090903 -0.838204312503288 -0.871403957816106 -0.780068199477398 -9999 -9999 -9999 -9999 -9999 -9999 -9999
-0.351181417811663 -0.418118463373876 -0.473074546453514 -0.512347130801481 -0.457214319017587 -0.493258533727475 -0.295954739508472 -0.546719408058779 -0.558365645172006 -0.605254442532375 -0.62958350313224 -0.623174268684482 -0.61686716000666 -0.568244987044013 -0.374363235388134 -0.236893564338479 -0.402685534009399 -0.380439057217189 -0.451763240547497 -0.60027326465828 -0.649202869042417 -0.749836679290736 -0.770923840960477 -0.766244102172334 -0.724304440876155 -0.680524499790799 -0.637251826042321 -0.583965337565191 -0.505067127489461 -0.519561975352942 -0.428150450601276 -0.350378522454641 -0.305573442848304 -0.269823407673283 -0.209405152779336 -0.183194550607904 -0.158761409200784 -0.163957403872544 -0.174664984772435 -0.224432958090953 -0.547432113505062 -0.652718549664126 -0.728226325628719 -0.775212690983063 -0.929528149301445 -9999 -9999 -9999 -9999 -9999 -9999 -9999 -9999
-0.260824417769927 -0.32765332019761 -0.343065338077547 -0.0922121359900736 -0.171361889074904 -0.218333343541485 -0.260197685035619 -0.257100811504179 -0.548521426202544 -0.597475812191253 -0.642498994326288 -0.66802504543766 -0.626669892682107 -0.628176367765346 -0.490167326017007 -0.357500022098585 -0.513613190322961 -0.49058578537336 -0.47266929001018 -0.605145028493657 -0.694772684279209 -0.765953209661222 -0.806407061945509 -0.788549692790192 -0.743903655606886 -0.685022920665922 -0.586153105054113 -0.56192182612 -0.490988200327299 -0.449474193622775 -0.371668549081173 -0.324654180214778 -0.263777056129303 -0.220290450840185 -0.19392607599149 -0.161000597384382 -0.146877474387723 -0.146981614387591 -0.176772975424142 -0.231763127133343 -0.261689318111127 -0.588438173709639 -0.71069519952854 -0.754238612225189 -0.832653480883927 -9999 -9999 -9999 -9999 -9999 -9999 -9999 -9999
0.185734952748592 -0.166099656176981 0.103374577337266 0.0668667700470962 -0.0518897967547458 -0.159203515655126 -0.192410927669148 -0.147400262434638 -0.201950561037918 -0.555579126511397 -0.633832017448929 -0.650059208893705 -0.645359721473914 -0.585279394151299 -0.558609876971255 -0.477387006841815 -0.472833433336885 -0.515708098816723 -0.534516660397841 -0.750356181903049 -0.708754409125583 -0.771341099130233 -0.805621125625494 -0.792836574968564 -0.763991491610411 -0.67905162702649 -0.635814900290081 -0.539298350847539 -0.422394531338824 -0.379338185660357 -0.372464137944689 -0.292358597641175 -0.229690982690665 -0.193832877079789 -0.189944183604701 -0.151345919941405 -0.115377364683837 -0.124206041377249 -0.145281983615278 -0.205700798055569 -0.255401869965784 -0.576862234236597 -0.681697858297792 -0.798204359762444 -0.856827280893856 -9999 -1.12561052072208 -0.873432999714462 -9999 -9999 -9999 -9999 -9999
0.132543095520081 0.0485380317904482 -0.0244111644551943 0.166264251869739 0.0360137130218603 -0.0499148726101721 -0.055388335163107 -0.0832975038376986 -0.0920113096360935 -0.115588440277222 -0.107004960348855 -0.142077592397069 -0.224574501176996 -0.444869906824375 -0.460674439428868 -0.444275456400829 -0.457549798499952 -0.515221998038293 -0.509631282894417 -0.722460249690365 -0.718603628912172 -0.751523158439116 -0.739091787511289 -0.758448034051625 -0.734881850410688 -0.721940333055759 -0.616598619894495 -0.565001298252928 -0.462814879900175 -0.40950847261515 -0.414359849300318 -0.277528444334528 -0.20343900370343 -0.170718897904883 -0.160127061566715 -0.0864577946870533 -0.0782564080272414 -0.105839928231852 -0.108270055051025 -0.18682420037949 -0.242371252424117 -0.315159220449705 -0.337273473648874 -0.335211111686103 -0.882841554007767 -9999 -9999 -9999 -9999 -9999 -9999 -9999 -9999
0.081896493727136 0.123716271999014 0.0363069557688276 0.288139028537332 0.153252119657262 0.0799066432931934 0.0446152862651252 0.010884765427339 0.00719522586951893 0.0642905990031191 0.0572860974261338 0.101053116513869 0.076368549948973 0.0968000269891438 0.0749832841582916 -0.400541337991577 -0.435097418591009 -0.406526120661623 -0.542317087702318 -0.668648260562048 -0.704314457545702 -0.744219402937758 -0.710008830415271 -0.70207966292382 -0.703875908519134 -0.604378009154671 -0.568584251509084 -0.560389260021843 -0.490699864072236 -0.413383950763932 -0.33670896253019 -0.269078338337884 -0.206305564492994 -0.171760319298796 -0.168395892209404 -0.152208971867387 0.201081085448852 -0.0562927269554059 -0.0905995719973021 -0.146929875333597 -0.232124874718536 -0.270975262448568 -0.301995463306136 -0.347025192699034 -0.699984998310212 -9999 -9999 -9999 -9999 -9999 -9999 -9999 -9999
-0.039590796432375 -0.0453601299873549 -0.0923490850796014 -0.105789086122763 0.339596456950876 0.305323916549743 0.22762532889588 0.123446348490181 0.0446063631687936 0.10369245832643 0.136128393312358 0.0439406480120583 0.0746524088342568 0.115788030173825 0.192306262963968 0.160646955455998 0.0657536827104404 0.0902693172683959 -0.404738636483464 -0.478332422505269 -0.612635259494924 -0.67846121093896 -0.690391450842377 -0.639340749285332 -0.666795265057884 -0.636359315017444 -0.617106204420995 -0.506145519371409 -0.452952440780485 -0.379794006156467 -0.348037232578345 -0.277081953243503 -0.21578942582772 -0.189658959127775 -0.205454403612942 0.126827132060625 0.180895613471304 0.302843632488609 -0.0847528087502083 -0.140508488999612 -0.218678314983811 -0.239852332538016 -0.312640075694758 -0.434117381430589 -9999 -9999 -9999 -9999 -9999 -9999 -9999 -9999 -9999
-9999 -9999 -0.1488102908966 -0.197537939516043 0.279158033777086 0.376104827886909 0.327391763242574 0.211012717069698 0.294440015876166 0.225479632302265 0.153897603225003 0.0670410160760471 0.161125848483952 0.172666866542357 0.219577797968932 0.242706751961245 0.107552246871471 0.171230277593634 0.0688871239764157 0.0125246579928362 -0.15472509781362 -0.52403315410592 -0.614265653437893 -0.422225454204015 -0.621009507164625 -0.613939840594433 -0.539026763716741 -0.489882408236238 -0.466741913231993 -0.383456363046044 -0.345452431149099 -0.280524054864392 -0.223311368380693 -0.204844345906444 0.106924331225279 0.092456546231602 0.140572009159985 0.291682080039072 -0.0555909803662842 -0.0736502671746435 -0.119868886254437 -0.204940119635119 -0.294015731133452 -0.33882788259712 -9999 -9999 -9999 -9999 -9999 -9999 -9999 -9999 -9999
-9999 -9999 -9999 -9999 0.192712450556685 0.292038381790197 0.238704055882629 0.393621237948123 0.371695304011492 0.335634791592093 0.30503363843059 0.16753671847209 0.177549220704608 0.165583196503774 0.185552283204235 0.164916248871935 0.191714994359311 0.0361654656200572 -0.0455283011141434 -0.154241117666362 -0.0462521807272738 -0.172020106339931 -0.28329270893744 -0.61799008012957 -0.565160095386304 -0.519344486829083 -0.507831230191397 -0.464937606280346 -0.421133713620173 -0.399762814668352 -0.309882141285275 -0.253347881747003 -0.235625781588335 -0.174821186601477 0.111044498057531 0.0954398264526313 0.178480822389878 0.282963855070005 0.290182429969585 -0.0720432117023788 -0.131287454279244 -0.197099450250425 -0.295619775616864 -9999 -9999 -9999 -9999 -9999 -9999 -9999 -9999 -9999 -9999
-9999 -9999 -9999 -9999 -9999 -9999 0.308934147948458 0.206171443088488 0.192160834948535 0.194561635702169 0.211373566668037 0.196732524439184 0.224833718159206 0.216069626665392 0.214809861396689 0.192938487624334 0.185510338128561 0.2633421822634 0.0214561063071836 -0.0463428589935599 -0.159797788783292 -0.112528603775388 -0.55792471803978 -0.622383050983794 -0.554047238897334 -0.46853737046599 -0.492453508872082 -0.431891623588905 -0.408257636878783 -0.369980195679881 -0.328158057182735 -0.260465854648584 -0.219704096240366 -0.148075350122185 0.191202504781019 0.188878414979668 0.237142990018926 0.282565124032 0.286405928794482 0.242235811042962 -0.144620731997874 -0.186428102165011 -0.248714325064587 -9999 -9999 -9999 -9999 -9999 -9999 -9999 -9999 -9999 -9999
-9999 -9999 -9999 -9999 -9999 -9999 -9999 -9999 -9999 -9999 0.420442652120713 0.411886116907956 0.441012548125268 0.443568434028988 0.258453967822881 0.247937719223829 0.199883177780472 0.233718183617004 0.175988348388797 -0.0818640081003268 -0.144450841531783 0.0682705863998967 -0.0275296213936764 -0.366060040047633 -0.426673163920325 -0.536465934467723 -0.515101619218311 -0.425538408824727 -0.341645117979598 -0.328380912016724 -0.29865948635301 -0.262106167753312 -0.225153794930196 -0.174700811051126 -0.135121255301151 -0.124996089165825 -0.131136705603337 -0.129091339015607 -0.0983625454985515 -0.0839221238054393 -0.12707301160852 -0.19796771693886 -0.253541344094753 -9999 -9999 -9999 -9999 -9999 -9999 -9999 -9999 -9999 -9999
-9999 -9999 -9999 -9999 -9999 -9999 -9999 -9999 -9999 -9999 -9999 -9999 -9999 -9999 0.262562077360946 -9999 0.269661773751176 0.352746031700467 0.115924842765473 0.0227857643803846 -0.109060371966538 -0.0464081746414382 -0.124999876043265 0.0526722521388314 -0.0745366362483186 -0.513025487981817 -0.549974364257532 -0.499279562703287 -0.380400474532666 -0.331083761311351 -0.349032877748946 -0.313791131389504 -0.330144929546206 -0.237632203507355 -0.21710896287471 -0.14019321115546 -0.138994030054497 -0.186259042837291 -0.187762790599321 -0.167155921700609 -0.117301068089963 -0.176138639624571 -0.234186698016845 -0.389383872109729 -9999 -9999 -9999 -9999 -9999 -9999 -9999 -9999 -9999
-9999 -9999 -9999 -9999 -9999 -9999 -9999 -9999 -9999 -9999 -9999 -9999 -9999 -9999 -9999 -9999 -9999 0.0247299067522004 -0.0605069239304981 0.0893401087643453 0.0419288677436105 -0.0776518261320751 -0.143690502995122 -0.156614478876349 0.0280145913441321 -0.2223326825076 -0.298609992129217 -0.282891086890607 -0.434877843294216 -0.410006395629954 -0.396504782302498 -0.360064466747683 -0.294756810129615 -0.224011841132577 -0.199359627879078 -0.162019860472083 -0.13649603780963 -0.143498915251824 -0.12799087290452 -0.146845755565179 -0.129480671108216 -0.0973871308631782 0.163137584893922 -9999 -9999 -9999 -9999 -9999 -9999 -9999 -9999 -9999 -9999
-9999 -9999 -9999 -9999 -9999 -9999 -9999 -9999 -9999 -9999 -9999 -9999 -9999 -9999 -9999 -9999 -9999 -9999 0.235508733526033 0.0809767420138858 -0.00941346922885899 -0.118856761894076 0.0551287175857034 -0.202420412508473 -0.211902889612617 -0.135613414282145 -0.254106656204307 -0.326619584463505 -0.515784783488046 -0.483114164452213 -0.450935607736185 -0.430678171735576 -0.27793977628608 -0.194656459960834 -0.146373233893802 -0.154133049984196 -0.0942527507539477 -0.0938095422066163 -0.0917545610879387 -0.119676547058984 -0.127788913239972 -0.062483096649377 0.236220752760509 -9999 -9999 -9999 -9999 -9999 -9999 -9999 -9999 -9999 -9999
