data/pcas/pca_proj_current/PC09.asc
NCOLS 494 
NROWS 529 
XLLCORNER -117.166666666667 
YLLCORNER -55.5 
CELLSIZE 0.166666666666667 
NODATA_value -9999 
[rows 336 to 359 of 529, columns 318 to 370 of 494]
-1.43232090226977 -1.38820672521962 -1.45384239521748 -1.48422863183614 -1.45673687219096 -1.44892672047304 -1.44011213383753 -1.42818801343377 -1.41480570287848 -1.40260585363684 -1.37794865136478 -1.36574796124467 -1.34745127623202 -1.32694676371743 -1.30701372697982 -1.30152324513829 -1.24214691764504 -1.2313457781861 -1.23216898491441 -1.22894273474071 -1.22281887525102 -1.22565368471277 -1.21325019133858 -1.19212253134298 -1.1638865503224 -1.14144514597291 -1.1314316841403 -1.14292080683005 -1.12362308211372 -1.10169317373401 -1.10232985542146 -1.05999866874207 -1.05038502191423 -1.05703643057998 -1.03715453124947 -1.04649726422919 -1.06007736009023 -1.08129966640085 -1.09821861116737 -1.11479543315505 -1.11633527569876 -1.08249771717545 -1.07501539547345 -1.06209950855111 -1.05214089043266 -1.04974543007822 -1.06780721267559 -1.06755097284408 -1.05858461972239 -1.07980031306005 -1.08009843330884 -1.06183629850684 -1.05128641469984
-1.42684082334033 -1.45064600401109 -1.46144376042057 -1.46538332159523 -1.46389046971081 -1.45646070784251 -1.442795155196 -1.43266924206153 -1.40989231907055 -1.39056855112746 -1.37503178372537 -1.35965635825542 -1.35135368510458 -1.32879824183237 -1.30819421739159 -1.29578265338348 -1.2946875236262 -1.2473249003219 -1.23266681828993 -1.24003803947621 -1.23700677037518 -1.23747710432509 -1.22173115363892 -1.20555637074378 -1.18239375378578 -1.16425448275288 -1.15222754077325 -1.15170693428434 -1.11990753068304 -1.10989750016461 -1.11516744055001 -1.09046325189889 -1.08991744743175 -1.06891430847872 -1.04325008500982 -1.04321887630898 -1.0681757646568 -1.08202888811137 -1.10290149245964 -1.12188565082956 -1.13142619753496 -1.12076205847169 -1.1048369359053 -1.09613530639252 -1.07177867350402 -1.07538441525414 -1.06677162336397 -1.06992899070556 -1.08226734324079 -1.09136147874168 -1.10397790246841 -1.06210714524922 -1.07124352664571
-1.4455691734753 -1.45936731777971 -1.45354403307697 -1.46346699992293 -1.45372642227489 -1.45638011326334 -1.45386079772418 -1.43690660298378 -1.42319237079653 -1.39526082014755 -1.38546959030024 -1.35667504273377 -1.34338092295701 -1.32617901146163 -1.30078305588658 -1.29293017599892 -1.27392381567044 -1.30686216624072 -1.27423007455147 -1.24601989497675 -1.2455065869017 -1.23530741327926 -1.22800858823354 -1.21220748801849 -1.19925734050016 -1.17503230853938 -1.16670933710196 -1.15866675045866 -1.13036386107565 -1.11966745336698 -1.11922093195323 -1.12347800462621 -1.10305808170809 -1.0843704927483 -1.07101155465134 -1.06284523840913 -1.07407923719456 -1.09098177719497 -1.09979996591269 -1.12088936918473 -1.12995491785458 -1.13258769756035 -1.11072892288042 -1.10495172556234 -1.1098550219761 -1.10647749271511 -1.09218408253049 -1.09115754195066 -1.10313829435834 -1.09841454815758 -1.09667459263782 -1.09899656597516 -1.07471359470891
-1.46020660175382 -1.45100144795084 -1.4591990812364 -1.4688207294055 -1.46052367420211 -1.45025980147655 -1.44373914550089 -1.4551627759622 -1.42850041011648 -1.40448194896888 -1.38610999198442 -1.36538537352593 -1.3467221003149 -1.32347046651132 -1.30423984128918 -1.29501476408818 -1.26906808277088 -1.27127870436856 -1.28499121604419 -1.29106469156193 -1.25586529118263 -1.23825467452196 -1.22890237098385 -1.2194672927394 -1.21641351086737 -1.18788008731712 -1.15824604482494 -1.13318678509625 -1.14100729212425 -1.14435378625954 -1.14254161834562 -1.1407865718887 -1.11603450792223 -1.10630277125536 -1.09162040068748 -1.09381447988282 -1.09897990009131 -1.11584972714885 -1.11741718781441 -1.12068753686043 -1.13172649420815 -1.14269185885602 -1.12164890395187 -1.12177301845083 -1.13298018395715 -1.15436326637905 -1.13341208667848 -1.12206071204361 -1.10711024288581 -1.10885526703122 -1.11146444334454 -1.11697872295435 -1.09450797734194
-1.46896209645651 -1.44434450433808 -1.46464439184584 -1.46176816630981 -1.45846689998543 -1.45462201901822 -1.44247916057115 -1.43979109735573 -1.43829156073524 -1.41343518865541 -1.39376603840728 -1.37840221928674 -1.359772336158 -1.3340423825156 -1.31279760454376 -1.29293565519045 -1.28345191368247 -1.27427413614568 -1.27756485755251 -1.28086843198546 -1.26974781679383 -1.25479107037868 -1.23247881364256 -1.2119092607339 -1.20497244013725 -1.19722880797498 -1.19417071172838 -1.17156575066757 -1.15014471765326 -1.14933770716614 -1.14262013050957 -1.14236295027756 -1.13791102386116 -1.12888755577532 -1.12497359943597 -1.1131232439458 -1.11528166017473 -1.12307989855515 -1.12879180367058 -1.13244565850962 -1.14397107590984 -1.15285802777689 -1.14632145721706 -1.14877725427152 -1.15077132630583 -1.16319393973868 -1.14859506085232 -1.13109955994584 -1.11883833714597 -1.10578255062025 -1.12059465180425 -1.13445297972101 -1.14807215068939
-1.47136278316058 -1.43569578585043 -1.45577391375652 -1.46753529867088 -1.4596847565577 -1.44216746749779 -1.44194093937726 -1.43769305523936 -1.42008122052787 -1.39798328487319 -1.39027939115174 -1.38168618042835 -1.37365709536705 -1.34301269200835 -1.32321068810324 -1.3043824151715 -1.29714508545502 -1.28806214619225 -1.28108070872849 -1.27922218153987 -1.24614863483073 -1.26207315633831 -1.25266752515639 -1.21542881150662 -1.20681440486504 -1.20368751987763 -1.19693951295342 -1.18852566411739 -1.17628863418435 -1.17364898556256 -1.17011245957733 -1.15710144881669 -1.15382992680712 -1.15352770828061 -1.14814491112556 -1.14875844379157 -1.15661040195453 -1.1577262966106 -1.15350808595337 -1.1665151121709 -1.16454790753253 -1.16977825702943 -1.16515692043254 -1.14441748575701 -1.13133293575804 -1.15107193083618 -1.14756880738772 -1.12651357614515 -1.10631491656949 -1.08011634694548 -1.09643308050416 -1.11315915326231 -1.12232607745774
-1.4660007575217 -1.44721058271028 -1.46924727220368 -1.46889604476925 -1.45087919764079 -1.4497229876812 -1.44668961437175 -1.43172553391379 -1.41723333433933 -1.40328524769032 -1.38002086859329 -1.37109980357501 -1.35970937764814 -1.34719342246303 -1.33466247214054 -1.32172573529902 -1.31544474805904 -1.30531568610122 -1.28676164709346 -1.25648271643109 -1.24242723940991 -1.23537016363184 -1.24717935700304 -1.24346479525219 -1.2160849205768 -1.21000056276077 -1.20020094892367 -1.18809981392774 -1.1808137099373 -1.1910589700241 -1.19226442920398 -1.18576640576022 -1.17671270413991 -1.17011611678203 -1.17370040810407 -1.17779489121486 -1.17628829250642 -1.17740335017302 -1.18436422511167 -1.18474768208301 -1.18097142019029 -1.18337368684742 -1.18185660691601 -1.16935827515378 -1.16268460808225 -1.16873098488113 -1.157112185179 -1.13040359004095 -1.10591924471354 -1.09033564761261 -1.07878730495577 -1.06926576372833 -1.07459242081463
-1.47321502817572 -1.46270751847376 -1.46776860144985 -1.47371097819503 -1.47101561910759 -1.46513847599443 -1.45202137920206 -1.43332806723357 -1.41460364298805 -1.40289520631528 -1.38665356832544 -1.36532363985479 -1.36910802726623 -1.35059719582882 -1.33925844907023 -1.33274608316597 -1.33093870062548 -1.32331454578793 -1.3044951992803 -1.27808405660108 -1.24819946142641 -1.23332339642873 -1.22246568067883 -1.22405066322762 -1.22362818243488 -1.22329229900468 -1.19749880449141 -1.18661298208857 -1.17222498374676 -1.18954115559089 -1.20473039290237 -1.20515851214147 -1.19196168232006 -1.18740539102052 -1.19423323874548 -1.20207409618637 -1.21387067444003 -1.21533967534815 -1.2221969928099 -1.20937038779914 -1.19448269161277 -1.20849390793603 -1.20727435178681 -1.19803221167665 -1.18203309052441 -1.1850513531015 -1.17309125486997 -1.13346409214951 -1.09897001395767 -1.08103466386463 -1.07466642941182 -1.04629734683535 -1.04854298159464
-1.50706445957012 -1.47963336236799 -1.4777397301467 -1.4939902801991 -1.47720861966371 -1.46237036905708 -1.4278747281806 -1.4152308620815 -1.4069834902245 -1.40869822018186 -1.38670194909723 -1.3801814019351 -1.36877893435082 -1.35394291256191 -1.3458551807656 -1.34357959604474 -1.34542926584709 -1.33028776353804 -1.30886048772978 -1.26924652595023 -1.249662177782 -1.23282636150868 -1.21701709309402 -1.21713270758824 -1.21126552838371 -1.21469379494544 -1.20831630266458 -1.18871790365891 -1.18891237762817 -1.19305319640506 -1.2143617670156 -1.21970105095571 -1.20941460591969 -1.20543609446484 -1.20992336890401 -1.22572620378139 -1.24783879511587 -1.25930950429985 -1.26174010346547 -1.24831850257725 -1.23964584304902 -1.23268531553029 -1.23199315582542 -1.23942092800268 -1.21638527177247 -1.20062100009069 -1.19576355378034 -1.13830671635203 -1.09780200311843 -1.07477434730375 -1.07265791107039 -1.03451908724838 -1.02220021961529
-1.52898433632519 -1.50813465514427 -1.48853697888711 -1.48032707807639 -1.45678374088261 -1.4458483951185 -1.43501902610765 -1.43499412939808 -1.42348794611827 -1.4121231528619 -1.39249536382201 -1.38848353002707 -1.3827869788531 -1.369856609139 -1.36371893580078 -1.34797679310473 -1.33304319321134 -1.32113689579342 -1.29933609085053 -1.2689920193845 -1.25027408041018 -1.23302986802835 -1.22483648605966 -1.21478525234136 -1.20901480556353 -1.20427719053595 -1.21634656250286 -1.20543855730913 -1.193877492838 -1.1921733584664 -1.20188383050178 -1.20518380405933 -1.20837430475716 -1.22480618697135 -1.2415249603389 -1.2593813416686 -1.29184547827057 -1.27682496162836 -1.27962590856676 -1.28181167267754 -1.27255093303068 -1.27490274982977 -1.24695940472659 -1.27367431781617 -1.25003773684699 -1.21920112155968 -1.192431645541 -1.14714414906771 -1.10564425970347 -1.0729773986483 -1.0421581283797 -1.01038918093184 -1.01210176462087
-1.54954255403166 -1.51718976434431 -1.50583447148694 -1.47964347342043 -1.46504023038037 -1.44959135137883 -1.44896381167196 -1.44120459468713 -1.41990061508296 -1.41164119565264 -1.39785065221987 -1.39583735016567 -1.38468121133479 -1.37672611606917 -1.3635801921523 -1.34936579554437 -1.34193136960693 -1.319526015929 -1.29529449756676 -1.26392963788277 -1.25402799536081 -1.23646753368652 -1.2200105800371 -1.21539633307995 -1.20913242316342 -1.2097038486989 -1.20866934796297 -1.21653962777125 -1.21791567312947 -1.20897453573456 -1.20802463688964 -1.20972729359011 -1.21318256074959 -1.22356134998957 -1.23826187205392 -1.23617453822132 -1.27875566561767 -1.31983686303026 -1.28451608244469 -1.31084682218437 -1.31510248394836 -1.29906931656922 -1.27497490957757 -1.27394428474481 -1.25466636217521 -1.23612667985248 -1.19596180315874 -1.15764447823943 -1.11458175014896 -1.07112628674407 -1.02617545896732 -1.0098694640304 -1.01678861748058
-1.55640432347433 -1.50801389137981 -1.51708370258112 -1.49814011886551 -1.47436275759342 -1.44945194982355 -1.45770456736118 -1.43401991438914 -1.41467828275043 -1.40449430362296 -1.39531442994095 -1.39239586705615 -1.38372875875593 -1.36969820217559 -1.3646079277452 -1.35106625552112 -1.33528492735014 -1.3196488866314 -1.29833708405369 -1.26217253751578 -1.24935191177958 -1.23487753660656 -1.22646877638783 -1.21492836790803 -1.2116152892619 -1.20536050553542 -1.20205156761286 -1.2053065317806 -1.21504598335471 -1.22258139868638 -1.22285401944931 -1.22145708816468 -1.22877145805156 -1.24642979758154 -1.24589314004428 -1.24735997729786 -1.27589166620074 -1.30941456332563 -1.30476321840688 -1.32833814047753 -1.32527548696948 -1.32144300887711 -1.30666445496126 -1.28697553042873 -1.26062342218697 -1.24097493853257 -1.20797378645414 -1.16649657812364 -1.12725878971184 -1.07273666145785 -1.03413623108271 -1.02413499803355 -0.994769596797136
-1.55334296142983 -1.51677211259893 -1.48947265321495 -1.48214338047421 -1.47873835343651 -1.45295691858994 -1.4427170898769 -1.42739504464001 -1.41899238669207 -1.39993299782126 -1.39255271086341 -1.38968434007112 -1.37830299061259 -1.37920532559837 -1.38102690038409 -1.35582255803644 -1.33334503088252 -1.30026460652112 -1.28572716692917 -1.27299186413272 -1.24426611412678 -1.22191419013774 -1.21935427329598 -1.21934557105909 -1.21547311135594 -1.20685007863476 -1.21093279748838 -1.21002339670227 -1.21154683385686 -1.21895731961657 -1.22982628342976 -1.23340363777923 -1.24705727457051 -1.25348569409551 -1.26764648675764 -1.27949114581063 -1.31733815566561 -1.30978149323585 -1.29760001885708 -1.31597812946618 -1.30335405592887 -1.31171425325601 -1.30950676211429 -1.29656786047656 -1.27800764622654 -1.2497043334441 -1.20491817600209 -1.17386943068123 -1.12663838937025 -1.07199380561546 -1.03381056705989 -1.00299979213797 -1.04377158039391
-1.52881982614938 -1.5134883380904 -1.5077255561745 -1.49023953638881 -1.48041387869501 -1.44726217098815 -1.44215327636278 -1.43093610421987 -1.41661304500912 -1.4066420797883 -1.39886811841154 -1.39564587727742 -1.38665938090587 -1.37635907522845 -1.37046236846069 -1.34922782681141 -1.32255878344012 -1.29930404486833 -1.27651026086463 -1.26095353289756 -1.23163708653597 -1.21402342454677 -1.20857475256508 -1.2168846298673 -1.20849791550374 -1.20664215996653 -1.2055714909094 -1.21600992781911 -1.22001992890127 -1.22494646193762 -1.23911876429123 -1.25431358186434 -1.27300378692414 -1.28029288064343 -1.30203767925725 -1.32232577157449 -1.31668911042335 -1.29835322051667 -1.29657667548143 -1.29767259855383 -1.28069119394971 -1.28772091303841 -1.29092454013078 -1.28497178997362 -1.26957420065273 -1.2465295118927 -1.21339009270515 -1.17015769090514 -1.123337412348 -1.07976026935347 -1.02686249113174 -1.00871786632356 -1.01651653898991
-1.52638389033221 -1.50459546154275 -1.49924980032945 -1.49091049411716 -1.478445018338 -1.46157358061575 -1.43970740627103 -1.41897715517385 -1.40826093752363 -1.40035850374306 -1.40543066993046 -1.39214716495784 -1.38448196059288 -1.37575211260827 -1.35757233134277 -1.3390743805459 -1.31977358554214 -1.29229784365908 -1.26917653828351 -1.24125662179993 -1.20695193401794 -1.19510139980425 -1.19493135448252 -1.20000685544727 -1.20896868298798 -1.21381759587523 -1.2117832407068 -1.21817063551969 -1.24653554410677 -1.25128243018618 -1.25175685756778 -1.26407939544731 -1.27675271187184 -1.28846485889393 -1.30845369991283 -1.30968834630228 -1.31041370762276 -1.30165451097031 -1.30413597901809 -1.29153300840464 -1.26889620102263 -1.25505208815054 -1.25728390238573 -1.27165963271696 -1.27837690709492 -1.26411143668935 -1.22384759974848 -1.19148172072377 -1.13260774218411 -1.10070822438778 -1.05780101551341 -1.05889916375089 -1.04799331417976
-1.4921603326686 -1.49871899555043 -1.50297730458404 -1.49181920670246 -1.47891912510826 -1.45755976000665 -1.43784902524298 -1.41451408080328 -1.40550106853582 -1.40453566511755 -1.39332665137783 -1.37101159797659 -1.36139555483515 -1.36875850199666 -1.35601292529517 -1.33985645461153 -1.32062520159177 -1.29216050848943 -1.26811437226864 -1.23306609742811 -1.19551344336759 -1.1711795753957 -1.19714669748622 -1.20425164354225 -1.20886939477972 -1.21276204108739 -1.21702499623654 -1.24001131224016 -1.25448636078469 -1.25537728756907 -1.26549990673535 -1.27199366687087 -1.28602231589289 -1.29798454756089 -1.30445059410361 -1.31129088929526 -1.3110704739682 -1.31434529749263 -1.30622322019237 -1.3009413843504 -1.30260369647843 -1.26506649483113 -1.28476298343707 -1.26973249823767 -1.27511632682926 -1.26236411714747 -1.21981170371429 -1.18532316928548 -1.14607298483628 -1.09410195496774 -1.06053881999343 -1.0091962000221 -1.01011113474303
-1.49231037059092 -1.49525167123686 -1.49945867070953 -1.49190425070466 -1.47301121731295 -1.45067724883751 -1.43699248078374 -1.42150779669793 -1.39633321402613 -1.39821432244112 -1.38469442265653 -1.37671319599761 -1.3629110229606 -1.37269038789488 -1.34997426222638 -1.33316549213093 -1.31158194067258 -1.28372837563109 -1.26805151845028 -1.24508453603981 -1.21165508604616 -1.18510070199276 -1.20357023659661 -1.21626995932324 -1.22742515899789 -1.22744512203745 -1.24945157564721 -1.26396923842621 -1.26776254334883 -1.27596401535805 -1.27794292591369 -1.27549370358038 -1.29051535312209 -1.31380637299117 -1.32003930762183 -1.32672341935667 -1.32771056214827 -1.3253218002412 -1.30974145754492 -1.30422579506133 -1.31114540273554 -1.302903086785 -1.29707732634871 -1.27515813432246 -1.28932607008711 -1.28336557883313 -1.23155081604319 -1.17766856522491 -1.16064639983625 -1.14070043693357 -1.12315713661502 -1.07596542895995 -1.06897100638366
-1.51289351736724 -1.50944611615493 -1.49442386448606 -1.48895695800591 -1.47035022922571 -1.44717469495973 -1.42318578968777 -1.40798801361681 -1.39431393748675 -1.4016910234757 -1.37985104353657 -1.36702893542164 -1.35486977674579 -1.35643713483485 -1.35052870666901 -1.33245498274472 -1.32015328972705 -1.29433308444701 -1.26531045860187 -1.25054253561055 -1.23722254195699 -1.21901309322935 -1.21959508258218 -1.23571767837617 -1.24965615340036 -1.277209085787 -1.26915899888848 -1.27790851304251 -1.27730728085598 -1.2809737544404 -1.29722830054208 -1.30296608078975 -1.30530106448859 -1.31424402884065 -1.33391269575229 -1.34835701729096 -1.35345450815667 -1.33030142175676 -1.32263998216308 -1.33615287108559 -1.35840478908495 -1.33882236837367 -1.30424970886162 -1.30388657043251 -1.3082219163333 -1.30577764599725 -1.25288909646457 -1.20991782528204 -1.18248376787114 -1.17441490812114 -1.17093534753325 -1.16223093516981 -1.1070439500918
-1.5354974197699 -1.51872869093413 -1.50197145054225 -1.49613098867035 -1.47505214135451 -1.44849850783762 -1.42555743129013 -1.39574553561862 -1.37837820404412 -1.39598771381201 -1.38051170443487 -1.37574220423006 -1.3728086617449 -1.3411438970245 -1.33067942378733 -1.33159321457102 -1.30948229457267 -1.29890680123141 -1.28032054725341 -1.26971072795155 -1.25452174939958 -1.25013717769566 -1.24895951355575 -1.25733651359071 -1.26922527131527 -1.3026143518791 -1.30960844647969 -1.3050907776492 -1.29843282168843 -1.30564009465294 -1.32070923409996 -1.32612363078711 -1.33225154276189 -1.34940527345397 -1.35006411886319 -1.37906842672455 -1.36401223486208 -1.36599069924225 -1.35523606197256 -1.36146419232383 -1.37058148309673 -1.37445769420395 -1.347797736469 -1.33083357952298 -1.32080274796381 -1.30076253122067 -1.27599601612702 -1.24457879457103 -1.21029110835681 -1.18379635938533 -1.20117816486788 -1.14052941004173 -1.09926822074756
-1.54198022495232 -1.53006310833458 -1.51327602445846 -1.49921434129254 -1.47516231448636 -1.45752582265363 -1.42474168741857 -1.3982193798687 -1.38320907445747 -1.39794675724123 -1.39192077464921 -1.37888282525067 -1.37699741129372 -1.34387764421893 -1.33077850348582 -1.32712531421246 -1.31612695530637 -1.3092652348251 -1.29241337985667 -1.27965651029982 -1.27341568670481 -1.27792180104184 -1.28245039367633 -1.28518557878408 -1.30513333715216 -1.31710019426761 -1.32834756501148 -1.33447142782859 -1.33557844338645 -1.34184414416391 -1.34689215727287 -1.35170731365069 -1.35176109231759 -1.3620504245141 -1.36965694364388 -1.40598392966526 -1.40204900419292 -1.39328252955192 -1.384674692916 -1.36841357927957 -1.39046771537285 -1.3912682228225 -1.35687112751648 -1.33412557065639 -1.32627525420181 -1.30914626750635 -1.2891921635032 -1.26383263239251 -1.24238023628403 -1.21349943127956 -1.19184023680944 -1.12439852430902 -1.12765555865295
-1.57076864296566 -1.5477994922471 -1.51821444973036 -1.50410600965176 -1.48406024481162 -1.45901282206756 -1.42407439272506 -1.40325899646558 -1.39649415448006 -1.40012047593418 -1.38922074299348 -1.38034551706126 -1.37907691621476 -1.36319914047519 -1.34908986158407 -1.33660902544195 -1.3328430452659 -1.30138928210332 -1.29315634724275 -1.2832737255892 -1.28762222304648 -1.29796342910257 -1.29748872841761 -1.32538674408343 -1.32269341041951 -1.32950948487411 -1.3425065568262 -1.35261536255904 -1.36362921494803 -1.36810728508393 -1.37387386907231 -1.37132716639192 -1.3753212237026 -1.39189592876796 -1.42871588002567 -1.42747453654774 -1.41804260969396 -1.41241996322032 -1.40819866715421 -1.39304635027539 -1.38728487920235 -1.36929226574162 -1.35274519143395 -1.32833676886852 -1.3246719375539 -1.30818589354719 -1.28875771688405 -1.26907738196003 -1.2449371066763 -1.22169748116408 -1.17820855838579 -1.13520454486049 -1.15130987348023
-1.5811320511054 -1.5449024274609 -1.53029950131022 -1.50681720802422 -1.49052938466798 -1.46025576044688 -1.43350816782465 -1.41571312437893 -1.41328109298672 -1.40283986091219 -1.37186067063937 -1.37043834708908 -1.37783503990487 -1.36400994443847 -1.3571274944596 -1.34288207565687 -1.34499077035813 -1.32956025098514 -1.31361373151985 -1.29833851881758 -1.30402368732346 -1.3142236883258 -1.33702477603056 -1.33782690075782 -1.3356064830538 -1.34540604413391 -1.36124504385814 -1.37062594609709 -1.37845930100722 -1.3978296802963 -1.40717679266096 -1.38868255623676 -1.39967480354825 -1.41878911800167 -1.44612866631519 -1.43090956657482 -1.436437230807 -1.43500742212052 -1.44160813071701 -1.41196635385034 -1.38732734846345 -1.35200760217824 -1.31976708366458 -1.29963878972197 -1.30023351813773 -1.31681621713888 -1.29903099144025 -1.27483449547693 -1.24180222117971 -1.19039074570719 -1.17597862205019 -1.18303086931163 -1.19859930233909
-1.59760757339444 -1.55048177700724 -1.53099587443592 -1.52169121676286 -1.49334947818785 -1.48100058003481 -1.45309902921141 -1.44344086242103 -1.4217374685696 -1.40072188440929 -1.40636705845649 -1.40228444829994 -1.38261099535646 -1.35393590772482 -1.3390082122262 -1.34154261317567 -1.35279205603658 -1.33494732125324 -1.32589484852718 -1.32408186249998 -1.32687897865462 -1.33182828233303 -1.35670998980198 -1.34875554603182 -1.35180561350805 -1.3599553455837 -1.38047566583345 -1.38708639961165 -1.40219584589178 -1.41644171198066 -1.42882038631828 -1.4179567707388 -1.42040945891796 -1.45011506697967 -1.4358423277202 -1.44069709829792 -1.43197882269198 -1.43360029535666 -1.42357622881826 -1.38352145447691 -1.37020831096022 -1.36263929806447 -1.32174993416917 -1.29343475497326 -1.28586523926937 -1.30276295142573 -1.3025361145907 -1.28664601997509 -1.240178444704 -1.20665536044872 -1.21968321230847 -1.2451143013571 -1.29540336160064
-1.60084629567148 -1.5713720408797 -1.55685027039272 -1.533122746725 -1.50953176800442 -1.48149039864063 -1.45915975276721 -1.44974344509193 -1.42901687485009 -1.41247690828177 -1.39610563842369 -1.38825879475241 -1.38191427592174 -1.34838666517375 -1.33730053631279 -1.33654789958299 -1.3583939961699 -1.35131991050839 -1.34630710797895 -1.33676695356999 -1.33916336900955 -1.33402058035618 -1.36327550750351 -1.36506414117818 -1.37317473355226 -1.37865703066726 -1.40562496949677 -1.42045513969542 -1.42891130625628 -1.43566568953863 -1.4501307893015 -1.43784146403778 -1.4534769879274 -1.48015815361131 -1.4620955130843 -1.46227833641228 -1.46726740611379 -1.45038693074126 -1.40198171555078 -1.35665541987787 -1.32094148823795 -1.32560431441041 -1.31458642512826 -1.32009094485825 -1.32434311096461 -1.31932234861148 -1.32675985008833 -1.35376225136703 -1.3219351929255 -1.26898908870417 -1.24621242915987 -1.27851715795875 -1.26216400625968
