data/pcas/pca_proj_current/PC10.asc
NCOLS 494 
NROWS 529 
XLLCORNER -117.166666666667 
YLLCORNER -55.5 
CELLSIZE 0.166666666666667 
NODATA_value -9999 
[rows 0 to 23 of 529, columns 159 to 211 of 494]
-1.30533227764853 -1.30149277451342 -1.28978559569871 -1.27723301319902 -1.27205955581691 -1.15881360604149 -1.14959056685853 -1.14309777476909 -1.18585063404062 -1.19151272528665 -1.18495473738541 -1.17271388587744 -1.15814107611095 -1.15276505408315 -1.10094964175379 -1.11176356414653 -1.12117146916061 -1.11794998577463 -1.11694340634577 -1.1211030046315 -1.12857510503328 -1.1385385471334 -1.13980670156523 -1.13138260131371 -1.12985078361474 -1.12964687022025 -1.12617145582585 -1.11067579096057 -1.1000586859978 -1.09325384495239 -1.09561506620825 -1.09937436731918 -1.09966991249958 -1.14461155301051 -1.13423913280886 -1.11303796098284 -1.08685946840501 -1.07706438950513 -1.07364261109695 -1.08511417699131 -1.10627319185084 -1.12189364732961 -1.14142990708435 -1.13544274683708 -1.11089592148086 -1.08938992454597 -1.0710383670566 -1.06818738082798 -1.26157264758413 -1.25121873124393 -1.25186028733553 -1.25237390902955 -1.29312885850028
-1.19531195488831 -1.283756686697 -1.28663733951128 -1.28937056804731 -1.26101878862862 -1.14540698687858 -1.14857486832324 -1.18386739674581 -1.18406564370999 -1.1790083195668 -1.1736034908574 -1.16221854184799 -1.11458360746882 -1.10158005077571 -1.09968616904194 -1.09674641954542 -1.10362770612624 -1.09272337714375 -1.08435286076146 -1.09482269824086 -1.09904500635313 -1.11381074654568 -1.11828793645801 -1.12492536872755 -1.12465808188299 -1.13747953117325 -1.12780400604181 -1.10950803165988 -1.09270403509721 -1.08874502841983 -1.08732134176099 -1.08720105864084 -1.08687138305593 -1.12682822223242 -1.11655497488219 -1.10102174362681 -1.08549817639089 -1.07727231986705 -1.08036114527252 -1.08845894798397 -1.1001876024542 -1.11604032885277 -1.12373135225806 -1.11754086058071 -1.10302531352667 -1.08791521696498 -1.07332301458632 -1.0632919650687 -1.25003605986008 -1.24270227551116 -1.24523687409175 -1.25387316146621 -1.29792979282776
-1.17231532314726 -1.27425002466969 -1.27664001056719 -1.2609036794334 -1.15840130647162 -1.14695569916054 -1.14817771730386 -1.18818237761768 -1.18357757991042 -1.17017291463331 -1.16075174592149 -1.11026987634829 -1.10589176066255 -1.09808250466988 -1.08536966805195 -1.08045249179427 -1.08051426964119 -1.07146302039713 -1.072104636388 -1.07980581746905 -1.08585100693907 -1.09829028477694 -1.10286900409929 -1.10418772373402 -1.10755931158431 -1.10421400260648 -1.10132919699379 -1.09285181205114 -1.08535592671316 -1.0813926693185 -1.08282378157088 -1.07677835919696 -1.11038464437579 -1.10865605962807 -1.09724562917835 -1.08439113639414 -1.08467575278507 -1.08436813862382 -1.09062661563343 -1.08906550851802 -1.08964509167522 -1.09942904805602 -1.10238943760375 -1.09459175636225 -1.09849612420148 -1.08422016732034 -1.070767557358 -1.25244809699375 -1.23986047035541 -1.23291752511774 -1.2374232752314 -1.2501361057779 -1.29940626605197
-1.17316266503745 -1.18263938100668 -1.17428639394457 -1.2536535322222 -1.18506186368632 -1.18639016832422 -1.19569912412675 -1.19437590794557 -1.18879770507899 -1.16686876379868 -1.10820190826444 -1.09001791204522 -1.09381317261301 -1.09424974357679 -1.07492663631879 -1.06254034631414 -1.06108180659646 -1.05384816654998 -1.05527686517649 -1.06545323013889 -1.07771082149435 -1.08055966301223 -1.08403269140967 -1.13025574595169 -1.08687599698287 -1.08739003679697 -1.09028595275992 -1.09602066623838 -1.09275183837529 -1.08756875613975 -1.08014002704276 -1.1124539248544 -1.10157161397356 -1.08846736535392 -1.07613005351212 -1.06049563040477 -1.07064849607564 -1.08683041293408 -1.08448225763293 -1.08766916807694 -1.08785070480444 -1.0870627499598 -1.10479242591932 -1.0974507982047 -1.09574341402295 -1.27345681407874 -1.25613364571021 -1.24121987778556 -1.22936205058924 -1.22036233766121 -1.22407131313087 -1.23729793503896 -1.2926371449767
-1.17407644479782 -1.18595371090728 -1.17102875200121 -1.15024563889209 -1.17627418002141 -1.1814254513501 -1.18407915607993 -1.19435622753536 -1.14579423351173 -1.12708078231815 -1.10723963074059 -1.07819453463373 -1.06330264497486 -1.06404521302384 -1.05820214525758 -1.05783954027154 -1.04872499958149 -1.04633857122533 -1.04795229341677 -1.05267396787515 -1.05941129910924 -1.10335600924611 -1.10495351039049 -1.11319551098594 -1.1124478318071 -1.07419494130744 -1.07841529357304 -1.08699801910768 -1.08858316622124 -1.09058828334943 -1.12112656898804 -1.10963608859715 -1.09991176131063 -1.09525076554469 -1.07494781684764 -1.06764692495615 -1.06997797016682 -1.07616890444598 -1.07841422361012 -1.08043590091656 -1.09147604846477 -1.09332352115905 -1.10409891615963 -1.10253527816602 -1.28237126339023 -1.26464636513524 -1.24216235088263 -1.22315508572322 -1.21201466662908 -1.20366298802206 -1.2065163266417 -1.22227460906912 -1.27801068061992
-1.17093030075992 -1.16576714291632 -1.15447581146624 -1.23526952958516 -1.17807315281111 -1.18518111522477 -1.18993350405879 -1.14977899442239 -1.13950468741774 -1.12114576551598 -1.09619450025796 -1.07159097498349 -1.05907905476228 -1.05376604820799 -1.04985138872475 -1.04797489369305 -1.03950838364436 -1.03748490893399 -1.04635790969194 -1.05425315594911 -1.0924288906456 -1.09773345149387 -1.09552945981335 -1.09620798535954 -1.09411776053152 -1.09620052454143 -1.10786993664481 -1.082634749592 -1.09177970591116 -1.08943253664705 -1.12665232716885 -1.10791825955715 -1.1064967741486 -1.10366401232182 -1.08928680246098 -1.08374378173727 -1.06583819141908 -1.06525404594767 -1.06710040759651 -1.06879437210823 -1.0864067050405 -1.1046957590063 -1.11314715301172 -1.11915058840035 -1.29354088315272 -1.26149823847479 -1.22195853469484 -1.20052435006915 -1.18480263117242 -1.17236838917423 -1.16574070051798 -1.18414330923986 -1.24855910371488
-1.15968798992737 -1.15042114101653 -1.1475583347926 -1.22894825182899 -1.13966649511855 -1.14972320108596 -1.15604802139233 -1.15326479485007 -1.13503611359133 -1.11704364662176 -1.09137337277175 -1.06627410133784 -1.04552363647999 -1.04383075422784 -1.04509918455049 -1.08434110523739 -1.04303815575383 -1.07799519790922 -1.08467582105569 -1.09453488375333 -1.09500712319717 -1.08915101934673 -1.08716181085838 -1.08414205911222 -1.08166537796855 -1.09144168093505 -1.11006134463417 -1.13284199638351 -1.14829782349594 -1.15110683775277 -1.14714705984973 -1.13385412144353 -1.11721501465313 -1.10545973715796 -1.08608484802963 -1.0784909389581 -1.06346999835532 -1.06288219352681 -1.05570227762852 -1.06088486883671 -1.0812893201624 -1.10331135689102 -1.12380248714106 -1.12800727210456 -1.27781140908552 -1.23479153894038 -1.18753578977864 -1.16936086757896 -1.17400673278902 -1.15815607864145 -1.13492118923219 -1.13507568351205 -1.19959125770492
-1.14968622453799 -1.14978654429321 -1.13829102480885 -1.13933040802237 -1.14360983003752 -1.15241851541723 -1.15509268819684 -1.15182113303668 -1.13422411686831 -1.10475729975873 -1.07179187786788 -1.05608978054246 -1.08399211285072 -1.07988090905367 -1.07949975689944 -1.08152563898564 -1.0946836580202 -1.09298809571103 -1.09669034167815 -1.10139030657617 -1.09034276973129 -1.08099846402869 -1.07653003135278 -1.06602518450954 -1.05851604621791 -1.07739432274992 -1.10368681580155 -1.1414177577082 -1.17144418432911 -1.1857636450131 -1.17176402690252 -1.12952577795851 -1.11127751058913 -1.10166822134539 -1.0854617137281 -1.07202697509044 -1.06144872862566 -1.05965586668461 -1.04412189331282 -1.0493832402712 -1.07617545598347 -1.09776564997203 -1.12000425146366 -1.11704114092114 -1.2962272922979 -1.21137309072034 -1.16655573258572 -1.14842784701933 -1.1508298380044 -1.13434126389143 -1.11649123380532 -1.1512515770555 -1.17107534373302
-1.18270304157747 -1.18581123322332 -1.18253338575089 -1.17604647553526 -1.14550899820818 -1.15395396851207 -1.19569912767197 -1.19591421481611 -1.14258209179191 -1.14523178942499 -1.10422652244544 -1.08254170126615 -1.07559514217889 -1.07929322413938 -1.08676708326509 -1.09250384214451 -1.1145377964232 -1.10686071451193 -1.10379277004137 -1.09859660312821 -1.08750336728863 -1.06827432579822 -1.06138223310033 -1.05990132393573 -1.05326493021086 -1.06458567141948 -1.09466003363903 -1.12045356858851 -1.14868138022568 -1.16033055671379 -1.33058378302061 -1.30820790963608 -1.09914059366006 -1.10594359067435 -1.0775757480639 -1.05819709264718 -1.04437845683141 -1.04062740714465 -1.02459549760906 -1.2212704786837 -1.23194390838986 -1.25299071321745 -1.26077412133384 -1.28515852263666 -1.25868289167339 -1.22644310671002 -1.19964871329485 -1.13567887580419 -1.12302039635888 -1.14729331772136 -1.13168408906915 -1.13969366874215 -1.17242527165661
-1.17548620142398 -1.17717974006596 -1.15213496608553 -1.17495812040064 -1.17793471769204 -1.19032760579515 -1.1930849892888 -1.18939189057651 -1.18191012965276 -1.15407733814068 -1.12206259540954 -1.08504989057089 -1.08608815044632 -1.09594573435924 -1.11108337159779 -1.11732104879616 -1.31713440717401 -1.29123840872984 -1.28138948057974 -1.2712692017753 -1.30890631686732 -1.28887117929271 -1.28721103725375 -1.29902967960516 -1.26665133229643 -1.27045292942861 -1.32534854257451 -1.34110203917405 -1.3437317626516 -1.2991534712405 -1.29401827698089 -1.28110448042469 -1.26645131808348 -1.08079267392736 -1.05205469208795 -1.03819713817461 -1.02993477340071 -1.02062258414618 -1.20171978949535 -1.20410529388652 -1.21335902682941 -1.21800610770539 -1.26186233779949 -1.24334327825237 -1.21496147152323 -1.19553046487509 -1.17873270860938 -1.16079617259281 -1.14197270109318 -1.13032894219458 -1.13253453519524 -1.14227681786588 -1.19347450290358
-1.17148156826452 -1.19969714597143 -1.19826944557259 -1.1675485172686 -1.17630061383089 -1.19016879770689 -1.19451422475301 -1.18978880165858 -1.18307331943021 -1.16144314842747 -1.31656181699554 -1.290012447756 -1.28882562906894 -1.34997572041864 -1.36152120180899 -1.36020002694077 -1.37700757234506 -1.33769290416214 -1.33077156179728 -1.31265900114876 -1.30682538005358 -1.28464017178518 -1.30110554698044 -1.30813733791309 -1.3166730641393 -1.3134882479016 -1.31065141003201 -1.31394456312479 -1.3140185629135 -1.30768877581078 -1.26028105902845 -1.24359223176095 -1.2439575636461 -1.22922855563632 -1.26947805713994 -1.25623476212986 -1.25528343841847 -1.20598045442643 -1.19820476484035 -1.19247998910145 -1.19254819263534 -1.18429987737931 -1.22860686460257 -1.22603467534852 -1.1999120278789 -1.18204667509701 -1.1638596971271 -1.14162530521803 -1.1293716067947 -1.1287932694349 -1.1340740972359 -1.15166355278825 -1.22240468427156
-1.17507542404909 -1.16385674919433 -1.19729632274875 -1.20918303338 -1.17291821862788 -1.19113269472605 -1.1907706744986 -1.19316247915344 -1.37128988382533 -1.36221203829068 -1.36006193272034 -1.3964157726886 -1.39110932668263 -1.39464681698288 -1.39871668388149 -1.3893543573758 -1.3979280543669 -1.34716331204182 -1.3391795960319 -1.33954042444502 -1.33647917190151 -1.31901850627169 -1.32797038987644 -1.33023242604725 -1.32923876111058 -1.31142627553961 -1.2943529050045 -1.28800734079696 -1.28906348155464 -1.28710732053416 -1.26957886283111 -1.26040935529696 -1.259716546671 -1.25657128493056 -1.28082129825905 -1.27054824202226 -1.25357352048908 -1.24579647869769 -1.23782736720724 -1.1839213893418 -1.17778208530633 -1.21309747118558 -1.22039439388273 -1.22590723782129 -1.20365521907927 -1.17513117517656 -1.14723420985726 -1.12573050157509 -1.1178559611286 -1.10710323078737 -1.10910589503875 -1.15114793664421 -1.23263854983708
-1.1708297287598 -1.15926065593801 -1.16001396925221 -1.15936874925287 -1.17764235173099 -1.1882145306327 -1.18818195563189 -1.38382318640475 -1.43885910609068 -1.44771784656687 -1.46186028520646 -1.45303774124503 -1.45919794346873 -1.43622240453547 -1.43060447952206 -1.4385601370912 -1.40600957637902 -1.35302189322511 -1.35664131072051 -1.38354059254456 -1.39938052685724 -1.39206837551509 -1.3744945619381 -1.35158962436602 -1.34624576597059 -1.32958229022832 -1.30578079070398 -1.2856737221623 -1.28467663732442 -1.26603015646539 -1.24607404254392 -1.23160179881741 -1.23641700126257 -1.23561191243281 -1.25331058423251 -1.2392799253664 -1.24093834820671 -1.23460013770345 -1.22310719430553 -1.19911247002863 -1.1671321503427 -1.20130572049824 -1.21429268216315 -1.21506727893182 -1.18571815523631 -1.15222277554624 -1.12797618940141 -1.11174598062067 -1.10704136046874 -1.09335524325647 -1.10596902326464 -1.15575542902606 -1.24003947588283
-1.35460660190391 -1.35995825511151 -1.36971607468955 -1.36208769642086 -1.35713882091792 -1.37789338862651 -1.43672906736939 -1.4574757471516 -1.48204239709415 -1.49300269711853 -1.52266662253665 -1.50932986732677 -1.50732043458977 -1.47166830552195 -1.45844188498631 -1.47022899727795 -1.44091739654123 -1.40073558939644 -1.39986907150834 -1.4346082145557 -1.43551557460757 -1.47415759008743 -1.42561323935281 -1.39807213215998 -1.4008330724527 -1.3947320624504 -1.37288143894777 -1.32512015670293 -1.2917231941225 -1.25595231357901 -1.22400097483311 -1.2034985232222 -1.20788938306793 -1.23145247252607 -1.22521617422835 -1.22515506129388 -1.23982468708923 -1.20994088600009 -1.19040067472275 -1.18769918756502 -1.18497814482732 -1.1813833941126 -1.18291808950326 -1.18824794886826 -1.14681431944406 -1.12027841040477 -1.10819210001312 -1.11050703516123 -1.09611040817126 -1.08292974403251 -1.08940161358947 -1.13559883495223 -1.23268442070995
-1.43046205151015 -1.48041767246167 -1.45950891342995 -1.46400994501283 -1.42388886671483 -1.42017491745277 -1.4818031386314 -1.49703728807555 -1.54081022306437 -1.65161942573085 -1.69340618793426 -1.64004107864788 -1.61030758905445 -1.57111294027458 -1.59094156994679 -1.55637610752282 -1.54470115457997 -1.4773218404208 -1.468976620256 -1.50548697254822 -1.50222586317696 -1.56771288523702 -9999 -9999 -9999 -9999 -1.37674377789802 -1.33814046715436 -1.3072455372395 -1.2860129208415 -1.25825293735306 -1.22907464182784 -1.20727017254303 -1.22424192940528 -1.22626574128145 -1.23327677631753 -1.22228907248802 -1.20460697266763 -1.1875946536679 -1.18173611913424 -1.167204104885 -1.13330980722731 -1.11680939558465 -1.12460209484389 -1.10935723747798 -1.07643123807642 -1.08189820841494 -1.07652060017492 -1.09350120238558 -1.08423107178298 -1.06648536861836 -1.10763733974116 -1.18610639702486
-1.45254425788625 -1.4732382045855 -1.49518867593426 -1.49476702145157 -1.48974328087466 -1.51777613890957 -1.54434391795299 -1.59326791788535 -1.64618987249089 -9999 -1.72498373433151 -9999 -9999 -9999 -9999 -9999 -9999 -9999 -9999 -9999 -9999 -9999 -9999 -9999 -9999 -9999 -9999 -9999 -9999 -1.3665716412885 -1.34278764550901 -1.27393461537843 -1.22544740989711 -1.24665851486902 -1.24646852926158 -1.24401281049081 -1.24210632777939 -1.23194675644567 -1.22285667005181 -1.20309241070714 -1.16943876005883 -1.10457971389204 -1.05670348365431 -1.06828893133275 -1.06351707662029 -1.04440097498816 -1.020044749614 -1.02253345656944 -1.03701174270168 -1.04904131271214 -1.05768164036069 -1.09255558219126 -1.15123267130199
-1.48962683811161 -1.46265566759152 -1.47463559810716 -1.44098579273729 -1.49075686758038 -1.51843598165716 -1.56443912402196 -1.59873429202669 -1.66988368566142 -9999 -1.71898845533785 -1.72185732103206 -9999 -9999 -9999 -9999 -9999 -9999 -9999 -9999 -9999 -9999 -9999 -9999 -9999 -9999 -9999 -9999 -9999 -9999 -1.38278009290538 -1.32877970772912 -1.30283223835349 -1.3043555971695 -1.29912975290017 -1.28666201740452 -1.26842653178204 -1.26441778640985 -9999 -9999 -1.18707931696519 -1.12147633720499 -1.06179349642224 -1.05423461381002 -1.04854592842327 -1.02851612115433 -1.00522374720748 -0.990478082733087 -0.986377898439785 -1.00309092310551 -1.0427091232459 -1.08469043954004 -1.12070131610212
-1.43505713760994 -1.46403838129669 -1.54148162695029 -1.51109819960629 -1.54863524268063 -1.58365620176366 -1.58148861356892 -1.61634740603408 -1.66417348530183 -9999 -1.7418904618213 -9999 -9999 -9999 -9999 -9999 -9999 -9999 -9999 -9999 -9999 -9999 -9999 -9999 -9999 -9999 -9999 -9999 -9999 -9999 -9999 -1.48551040663803 -1.3479833656789 -1.34938551589454 -1.34938625727988 -1.3331423650595 -1.39467265775565 -9999 -9999 -9999 -9999 -9999 -1.08210238345544 -1.04374593688396 -1.01750816568548 -0.999710904990574 -0.966940526024269 -0.957941146444077 -0.947426446219956 -0.996232409396647 -1.03742815471076 -1.07603000808461 -1.08696341435011
-1.4332886634215 -1.46052695404132 -1.50785709449156 -1.57723937125653 -1.58562784031279 -1.60465103285644 -1.64214053632228 -1.66014561371158 -9999 -1.70026257924872 -9999 -9999 -9999 -9999 -9999 -9999 -9999 -9999 -9999 -9999 -9999 -9999 -9999 -9999 -9999 -9999 -9999 -9999 -9999 -9999 -9999 -9999 -1.42132614816541 -1.42511507253657 -1.47822772296607 -9999 -9999 -9999 -9999 -9999 -9999 -9999 -9999 -1.06104960139006 -1.01849418021845 -0.975550049596267 -0.945526987215398 -0.921114639931565 -0.935482612173999 -0.987872812211598 -1.03536173293786 -1.07104044266744 -1.0896302674014
-1.55498399098797 -1.57062216681804 -1.55072962281898 -1.62162196126473 -1.62538440334692 -1.64283532067717 -1.59857743381485 -1.62221773281585 -1.65555988302575 -9999 -9999 -9999 -9999 -9999 -9999 -9999 -9999 -9999 -9999 -9999 -9999 -9999 -9999 -9999 -9999 -9999 -9999 -9999 -9999 -9999 -9999 -9999 -9999 -9999 -9999 -9999 -9999 -9999 -9999 -9999 -9999 -9999 -9999 -1.0834350412426 -1.03720808444378 -0.988212555314221 -0.941492833550463 -0.944758643620389 -0.932381044479792 -0.968286311008919 -1.00900355305465 -1.04249525475207 -1.07877247677268
-1.6075086496194 -1.61410290963458 -1.64476839962269 -1.68365723211213 -1.71441048720764 -1.65151815647811 -1.66202289226394 -1.65183413018732 -1.67374347848898 -1.72120374365341 -9999 -9999 -9999 -9999 -9999 -9999 -9999 -9999 -9999 -9999 -9999 -9999 -9999 -9999 -9999 -9999 -9999 -9999 -9999 -9999 -9999 -9999 -9999 -9999 -9999 -9999 -9999 -9999 -9999 -9999 -9999 -9999 -9999 -9999 -9999 -1.01468685880537 -0.977125009604811 -0.972814025108276 -0.937143991136275 -0.939582060157692 -0.987867695721597 -1.0099249238416 -1.06697975778599
-1.72502250125517 -1.74347677785231 -1.68739716275903 -1.70227256962434 -9999 -9999 -9999 -1.68247014001676 -1.71416098345502 -1.73385483736303 -9999 -9999 -9999 -9999 -9999 -9999 -9999 -9999 -9999 -9999 -9999 -9999 -9999 -9999 -9999 -9999 -9999 -9999 -9999 -9999 -9999 -9999 -9999 -9999 -9999 -9999 -9999 -9999 -9999 -9999 -9999 -9999 -9999 -9999 -9999 -1.0566602493584 -1.01019345330934 -1.01468804558413 -0.970460330279599 -0.961061645851226 -0.976965512198438 -0.985273461994089 -1.03813543511365
-9999 -9999 -9999 -9999 -9999 -9999 -9999 -1.75819979124579 -9999 -1.75442098973267 -9999 -9999 -9999 -9999 -9999 -9999 -9999 -9999 -9999 -9999 -9999 -9999 -9999 -9999 -9999 -9999 -9999 -9999 -9999 -9999 -9999 -9999 -9999 -9999 -9999 -9999 -9999 -9999 -9999 -9999 -9999 -9999 -9999 -9999 -9999 -9999 -9999 -1.04373227341028 -0.970114052601247 -0.958549751742893 -0.990602557294663 -0.968705923134604 -1.00042691336919
-9999 -9999 -9999 -9999 -9999 -9999 -9999 -9999 -9999 -9999 -9999 -9999 -9999 -9999 -9999 -9999 -9999 -9999 -9999 -9999 -9999 -9999 -9999 -9999 -9999 -9999 -9999 -9999 -9999 -9999 -9999 -9999 -9999 -9999 -9999 -9999 -9999 -9999 -9999 -9999 -9999 -9999 -9999 -9999 -9999 -9999 -9999 -1.06839115964581 -0.98031726751137 -0.948939762993076 -0.972445254448669 -0.975620470303073 -0.988641901916136
