data/pcas/pca_proj_current/PC10.asc
NCOLS 494 
NROWS 529 
XLLCORNER -117.166666666667 
YLLCORNER -55.5 
CELLSIZE 0.166666666666667 
NODATA_value -9999 
[rows 168 to 191 of 529, columns 371 to 423 of 494]
-0.382095171532976 -0.388537248986383 -0.372374875868076 -0.355885025150558 -0.37525034060762 -0.373019418170279 -0.372310077474481 -0.386117779399767 -0.394287223986045 -0.391822923527425 -0.40530396323361 -0.41406564822391 -0.443117799997198 -0.45302052780716 -0.494193726935467 -0.493500513164696 -0.511885011463193 -0.50918762108977 -0.499248276153642 -0.547358658438214 -0.555621077215074 -0.563784460069089 -9999 -9999 -9999 -9999 -9999 -9999 -9999 -9999 -9999 -9999 -9999 -9999 -9999 -9999 -9999 -9999 -9999 -9999 -9999 -9999 -9999 -9999 -9999 -9999 -9999 -9999 -9999 -9999 -9999 -9999 -9999
-0.386009253896751 -0.382893633920741 -0.358438336342535 -0.36945506450309 -0.382821483682526 -0.372999171230294 -0.38327805100798 -0.389623830767824 -0.406018061895441 -0.400817193959562 -0.418565432907215 -0.455729807436685 -0.463396336978991 -0.475220336151293 -0.499565952654579 -0.511287606250526 -0.515315354935585 -0.519467439602022 -0.526590246337063 -0.539300596152182 -0.55731711168618 -0.549723247785302 -0.594571530699789 -0.557969925510803 -9999 -9999 -9999 -9999 -9999 -9999 -9999 -9999 -9999 -9999 -9999 -9999 -9999 -9999 -9999 -9999 -9999 -9999 -9999 -9999 -9999 -9999 -9999 -9999 -9999 -9999 -9999 -9999 -9999
-0.383567779448313 -0.37583484817671 -0.374077855408156 -0.368758375695235 -0.39156277313058 -0.371733041036687 -0.370036648341448 -0.390826662153922 -0.412164791822655 -0.40787741085387 -0.436646863431002 -0.458336895062231 -0.480835873908267 -0.483197323721729 -0.509332385648937 -0.517665441262442 -0.511224349731774 -0.525287165129823 -0.523655344209515 -0.556370321630515 -0.553978814485392 -0.577213082324227 -0.577489751714522 -0.5980276166224 -0.545049090792632 -9999 -9999 -9999 -9999 -9999 -9999 -9999 -9999 -9999 -9999 -9999 -9999 -9999 -9999 -9999 -9999 -9999 -9999 -9999 -9999 -9999 -9999 -9999 -9999 -9999 -9999 -9999 -9999
-0.386373507593096 -0.368853074216974 -0.357328537309737 -0.367048460085371 -0.391530713679664 -0.387680971562731 -0.405262031396011 -0.432774960975461 -0.423791916397548 -0.403062771318771 -0.439229543834394 -0.455954500373856 -0.462009000585414 -0.509530381437409 -0.509739287153013 -0.518470173527342 -0.521881293366768 -0.541990334067998 -0.535463052902531 -0.54381977679829 -0.558918542298056 -0.569583668990468 -0.602742030106172 -0.588910922104259 -0.574857795522189 -9999 -9999 -9999 -9999 -9999 -9999 -9999 -9999 -9999 -9999 -9999 -9999 -9999 -9999 -9999 -9999 -9999 -9999 -9999 -9999 -9999 -9999 -9999 -9999 -9999 -9999 -9999 -9999
-0.382217743462691 -0.370694449708718 -0.361523050166286 -0.373883651879394 -0.389453560642817 -0.399038598944786 -0.416492934931725 -0.429859929288543 -0.431681235928449 -0.405398190351306 -0.412446886187046 -0.441524127950729 -0.471744790479523 -0.502409876743072 -0.522545240946646 -0.531680607971936 -0.532499463876804 -0.549621120946313 -0.536899656395538 -0.546129923126096 -0.535046145438551 -0.555119726852958 -0.599897943418453 -0.618876110813613 -0.611137852730417 -0.560487700207203 -9999 -9999 -9999 -9999 -9999 -9999 -9999 -9999 -9999 -9999 -9999 -9999 -9999 -9999 -9999 -9999 -9999 -9999 -9999 -9999 -9999 -9999 -9999 -9999 -9999 -9999 -9999
-0.36401295905954 -0.355715373217983 -0.368702306039482 -0.380996306845898 -0.390903567022134 -0.404775333577919 -0.412637127657289 -0.43367154750113 -0.417506820081314 -0.413492328182048 -0.423286638410974 -0.474686852304661 -0.479781665894778 -0.510407927474808 -0.534193037662093 -0.541865869080811 -0.524340524886338 -0.570915002417551 -0.561440983452211 -0.543643841343918 -0.562344381888908 -0.569197716210863 -0.621144360295194 -0.669126996949984 -0.637186795797486 -0.572615096564403 -9999 -9999 -9999 -9999 -9999 -9999 -9999 -9999 -9999 -9999 -9999 -9999 -9999 -9999 -9999 -9999 -9999 -9999 -9999 -9999 -9999 -9999 -9999 -9999 -9999 -9999 -9999
-0.357211010332839 -0.347168321729584 -0.351423000522265 -0.361410038021956 -0.372692853039322 -0.394365148665199 -0.405685592498447 -0.404446586276871 -0.415050472600687 -0.434226040061486 -0.451791836488453 -0.46711076623185 -0.497552835385057 -0.506034682363002 -0.516600906710586 -0.539852822850547 -0.548858422266443 -0.557189972100115 -0.559935881241931 -0.55984545979809 -0.570089930342499 -0.562990981602182 -0.587810063383792 -0.683473785872724 -0.664913816960687 -0.603897205929469 -9999 -9999 -9999 -9999 -9999 -9999 -9999 -9999 -9999 -9999 -9999 -9999 -9999 -9999 -9999 -9999 -9999 -9999 -9999 -9999 -9999 -9999 -9999 -9999 -9999 -9999 -9999
-0.340613889540608 -0.329308031510255 -0.333253850621442 -0.341365993877017 -0.350314756270696 -0.367860499085023 -0.387916687061197 -0.388996984890266 -0.395163083935698 -0.430735908217405 -0.436434217934931 -0.447197179087757 -0.45940555989702 -0.487214778923167 -0.512341377106953 -0.536432418092397 -0.559916445563876 -0.570390730285181 -0.572735575772048 -0.559814502661281 -0.560186474734561 -0.552910362699106 -0.574754364358701 -0.631988116005957 -0.70792474679253 -0.623111258107263 -9999 -9999 -9999 -9999 -9999 -9999 -9999 -9999 -9999 -9999 -9999 -9999 -9999 -9999 -9999 -9999 -9999 -9999 -9999 -9999 -9999 -9999 -9999 -9999 -9999 -9999 -9999
-0.314558149102998 -0.312269750656661 -0.310931897156858 -0.327992799584665 -0.338453146040836 -0.359561634824901 -0.367327810882631 -0.375943676169474 -0.3890137399912 -0.40771668429211 -0.437754146928728 -0.450059189416377 -0.473883369603821 -0.485421519249761 -0.50190912006207 -0.526347495660453 -0.543214318644283 -0.548338756610527 -0.574801196161296 -0.578600781094564 -0.56199637778991 -0.56779965392399 -0.575160434458848 -0.585562948096623 -0.620191853903464 -0.634842860253155 -9999 -9999 -9999 -9999 -9999 -9999 -9999 -9999 -9999 -9999 -9999 -9999 -9999 -9999 -9999 -9999 -9999 -9999 -9999 -9999 -9999 -9999 -9999 -9999 -9999 -9999 -9999
-0.289138016892626 -0.282724573776271 -0.282328874307094 -0.296267128947223 -0.3265089916821 -0.343376590615525 -0.357093423533672 -0.36584955165672 -0.381623591617207 -0.394110345173545 -0.432419383164463 -0.458487172650705 -0.478992834162746 -0.472450832911288 -0.490800514396948 -0.514161065530132 -0.532206496483815 -0.552892277238106 -0.561977283085146 -0.565422749894017 -0.560788970975179 -0.567553755836081 -0.57214969200848 -0.576980278173199 -0.582489947154766 -0.6003026034402 -9999 -9999 -9999 -9999 -9999 -9999 -9999 -9999 -9999 -9999 -9999 -9999 -9999 -9999 -9999 -9999 -9999 -9999 -9999 -9999 -9999 -9999 -9999 -9999 -9999 -9999 -9999
-0.264793038019145 -0.265393751852374 -0.261375618983082 -0.277717287621338 -0.307962787965445 -0.320189840296012 -0.335987802327715 -0.359539869683213 -0.379236320463332 -0.393120535020884 -0.417938461011248 -0.445844590707628 -0.458836577262508 -0.475424721019422 -0.496200778787435 -0.49758706060574 -0.525123523778293 -0.538421710870601 -0.544902461239189 -0.551133079866143 -0.546353374052541 -0.558647508446855 -0.566600471340836 -0.579989179974546 -0.582967055964756 -0.614998831282658 -0.616583340052017 -9999 -9999 -9999 -9999 -9999 -9999 -9999 -9999 -9999 -9999 -9999 -9999 -9999 -9999 -9999 -9999 -9999 -9999 -9999 -9999 -9999 -9999 -9999 -9999 -9999 -9999
-0.264318559052308 -0.25544705220233 -0.237936175725335 -0.25410519391396 -0.280994561463278 -0.30154641132792 -0.323890253836218 -0.342281320535893 -0.363818194935258 -0.367079468140732 -0.396727832029025 -0.41861348458856 -0.440462410714738 -0.462594249196818 -0.476774472884466 -0.487223480699766 -0.506658801622987 -0.514734768858228 -0.524043327639073 -0.531850242206863 -0.540978060447355 -0.561984408350903 -0.563555382059895 -0.562547631477234 -0.576714485938439 -0.601248389665 -0.629987953893615 -9999 -9999 -9999 -9999 -9999 -9999 -9999 -9999 -9999 -9999 -9999 -9999 -9999 -9999 -9999 -9999 -9999 -9999 -9999 -9999 -9999 -9999 -9999 -9999 -9999 -9999
-0.241461417740205 -0.24804999707668 -0.236730711273603 -0.24471408089436 -0.264864791537581 -0.286238970996062 -0.308135917820858 -0.331990976446908 -0.347119054039172 -0.3526046464888 -0.372964818045159 -0.388754728895558 -0.414964885318889 -0.433485127317358 -0.454876159431947 -0.481046941865225 -0.484318996905626 -0.488572053027875 -0.490971793338397 -0.510373151570898 -0.525453575124999 -0.555959750622663 -0.558834199275456 -0.563939944724824 -0.58281710735791 -0.610406177656305 -0.643825594072535 -0.645279018983747 -9999 -9999 -9999 -9999 -9999 -9999 -9999 -9999 -9999 -9999 -9999 -9999 -9999 -9999 -9999 -9999 -9999 -9999 -9999 -9999 -9999 -9999 -9999 -9999 -9999
-0.219960075938914 -0.237813599874347 -0.241650222394178 -0.244951287598941 -0.252862410332909 -0.274419546772518 -0.292381306032468 -0.317378033125787 -0.329172047493532 -0.339868353379015 -0.366128510026157 -0.384137021080145 -0.395163628311343 -0.404491724814935 -0.434737207655928 -0.459869284322898 -0.481830595067598 -0.468302904783649 -0.476634053018668 -0.497539295931344 -0.527320994736316 -0.539273792394596 -0.553369518268857 -0.569461366007671 -0.591447585417955 -0.617766499764567 -0.650372085188773 -0.658662125837187 -9999 -9999 -9999 -9999 -9999 -9999 -9999 -9999 -9999 -9999 -9999 -9999 -9999 -9999 -9999 -9999 -9999 -9999 -9999 -9999 -9999 -9999 -9999 -9999 -9999
-0.220917300128582 -0.232721724992347 -0.243030007258159 -0.248575098247613 -0.259908194837696 -0.272275263155221 -0.282729335537892 -0.300830860759505 -0.32362486509799 -0.345216381209299 -0.360679982659561 -0.374230888997709 -0.380673242913924 -0.396417555540983 -0.430820933847118 -0.450348488713125 -0.465622659099745 -0.47869163782766 -0.468708288776264 -0.505645391002668 -0.51902698324997 -0.532082057964626 -0.540997958884645 -0.569694983815177 -0.591237711328653 -0.624212968442043 -0.659885130165588 -0.665089626410958 -0.631556637015936 -0.62376125790665 -9999 -9999 -9999 -9999 -9999 -9999 -9999 -9999 -9999 -9999 -9999 -9999 -9999 -9999 -9999 -9999 -9999 -9999 -9999 -9999 -9999 -9999 -9999
-0.215510316576908 -0.228679348695163 -0.242533551015328 -0.24556048054785 -0.258931604586145 -0.279322107904973 -0.28690889487022 -0.302796667934321 -0.317369291886183 -0.33187903892877 -0.350824589393809 -0.371607130968445 -0.371001136162459 -0.381986614867211 -0.40712109734306 -0.433936543130061 -0.454940469596707 -0.47108979271152 -0.477611146958338 -0.49413400019322 -0.517347091794629 -0.531505506402943 -0.549809555506983 -0.569115456828234 -0.599288059801381 -0.628736168076419 -0.684353414275682 -0.682954206461807 -0.680421959532516 -0.631954461175485 -9999 -9999 -9999 -9999 -9999 -9999 -9999 -9999 -9999 -9999 -9999 -9999 -9999 -9999 -9999 -9999 -9999 -9999 -9999 -9999 -9999 -9999 -9999
-0.2233302056977 -0.238513339784943 -0.241319890212034 -0.248289011224818 -0.261200842600445 -0.278444148913292 -0.28927255170739 -0.305147717051007 -0.317485682312765 -0.328061314896093 -0.343503730335177 -0.357711431284452 -0.367063277635402 -0.376532047635177 -0.389197129377236 -0.418272163667073 -0.442350641118294 -0.458808319589827 -0.466475934117765 -0.478736861271674 -0.509117267283375 -0.534051334528045 -0.55616634188575 -0.575037489065539 -0.602136711996581 -0.618388390003058 -0.658523971258841 -0.652322207539271 -0.672298745085832 -0.637699931713302 -0.58047121074737 -0.596675081929888 -9999 -9999 -9999 -9999 -9999 -9999 -9999 -9999 -9999 -9999 -9999 -9999 -9999 -9999 -9999 -9999 -9999 -9999 -9999 -9999 -9999
-0.237091346378055 -0.245434727151114 -0.252575948062534 -0.254513363600339 -0.263030984208267 -0.272710815092707 -0.283099559744574 -0.296626051566142 -0.308363996702463 -0.332224453149529 -0.344627667858562 -0.359815042199896 -0.360252355605063 -0.376997507612499 -0.397801690311924 -0.422069739308865 -0.442024237870791 -0.46543201838741 -0.483362592554332 -0.500346944897512 -0.520651595956833 -0.540085136079629 -0.551619453479111 -0.571566525871427 -0.585402117279398 -0.602000584899158 -0.632423603520116 -0.634906829277751 -0.633669767844698 -0.617950444626392 -0.602881226008396 -0.587000228071798 -0.574776942160843 -9999 -9999 -9999 -9999 -9999 -9999 -9999 -9999 -9999 -9999 -9999 -9999 -9999 -9999 -9999 -9999 -9999 -9999 -9999 -9999
-0.248119316019377 -0.251848251995514 -0.255899242215296 -0.257306227572238 -0.269712847266363 -0.273723576904815 -0.287023801891124 -0.30131725379435 -0.31343313879736 -0.338440128015823 -0.351059412352438 -0.360820340931693 -0.373576226435757 -0.384073423429994 -0.398868897696302 -0.428114273373646 -0.451280543337214 -0.472897174387078 -0.481952599787567 -0.502425920591188 -0.515386539034313 -0.527057243788895 -0.541847503107022 -0.563611977399695 -0.57983174364706 -0.585198251928133 -0.614078911772272 -0.605118107979879 -0.601159354885437 -0.592608740604816 -0.587856301203112 -0.576422377227658 -0.559706453666083 -9999 -9999 -9999 -9999 -9999 -9999 -9999 -9999 -9999 -9999 -9999 -9999 -9999 -9999 -9999 -9999 -9999 -9999 -9999 -9999
-0.262051928713457 -0.265946140060153 -0.268807078555572 -0.276303119866707 -0.280599974652659 -0.285203281488516 -0.296158124822526 -0.304872190763799 -0.32197529588915 -0.339633135720016 -0.350250322702822 -0.365578661654928 -0.385248394628574 -0.396889820500617 -0.407209039642002 -0.435102444378902 -0.454022400399919 -0.471337173919278 -0.480605383620603 -0.490230815216204 -0.502316326300284 -0.512483058379896 -0.529586807609996 -0.549777481205838 -0.56197380616975 -0.575780014129279 -0.614133049285978 -0.620947776335952 -0.597546384894167 -0.579540849243655 -0.563629616934137 -0.559023366597467 -0.545099635540765 -9999 -9999 -9999 -9999 -9999 -9999 -9999 -9999 -9999 -9999 -9999 -9999 -9999 -9999 -9999 -9999 -9999 -9999 -9999 -9999
-0.27830723830377 -0.281706190761368 -0.289663331569882 -0.289079673688135 -0.295210873315038 -0.298854387305325 -0.30860606023828 -0.318409300308741 -0.328242749844724 -0.338630723374574 -0.356151018816436 -0.369799949963876 -0.38795323161022 -0.398650257060944 -0.408298021213482 -0.437173933495354 -0.46246661458297 -0.468344414752445 -0.478401183976728 -0.483405063258821 -0.493464452485943 -0.498648381614466 -0.517406574585118 -0.533003036185765 -0.547803916948995 -0.57673294490927 -0.594681123572535 -0.598958744936429 -0.571894168351486 -0.555405064311092 -0.557730841021125 -0.557188761310639 -0.544075871715394 -9999 -9999 -9999 -9999 -9999 -9999 -9999 -9999 -9999 -9999 -9999 -9999 -9999 -9999 -9999 -9999 -9999 -9999 -9999 -9999
-0.295731281290798 -0.295875531925726 -0.300391800014602 -0.300410830817121 -0.299623388482747 -0.304861284096361 -0.317374080092998 -0.327285411345816 -0.35128132064705 -0.353293125721485 -0.358264952932358 -0.365448528704886 -0.3813036972749 -0.397889728623747 -0.411065953600895 -0.437557242055628 -0.457414203060623 -0.464121994273844 -0.4775411180404 -0.479068119155372 -0.485037108268749 -0.494342923421606 -0.504641540684155 -0.514630922585829 -0.539559294373499 -0.563073048187319 -0.552418410790178 -0.543361130627382 -0.536200555604118 -0.537496522108062 -0.517083522774763 -0.530749257513092 -0.535134668406597 -9999 -9999 -9999 -9999 -9999 -9999 -9999 -9999 -9999 -9999 -9999 -9999 -9999 -9999 -9999 -9999 -9999 -9999 -9999 -9999
-0.31246299536741 -0.30858502783647 -0.311447821581822 -0.306929970053171 -0.312195836842393 -0.319438866866008 -0.325707822921307 -0.330543177719307 -0.34775663242119 -0.363022582574379 -0.363030328608887 -0.368457154064046 -0.386631053316292 -0.400353581304966 -0.418524371553451 -0.422951366019676 -0.448762452042345 -0.455925823875911 -0.466855289325225 -0.473880401535974 -0.479304513861115 -0.484792997375077 -0.489722283253988 -0.502976077893985 -0.532629475485082 -0.531341024342482 -0.507660404497834 -0.494759244897456 -0.504179720244346 -0.510591413052055 -0.502041400565014 -0.509257464783339 -0.523166568738289 -9999 -9999 -9999 -9999 -9999 -9999 -9999 -9999 -9999 -9999 -9999 -9999 -9999 -9999 -9999 -9999 -9999 -9999 -9999 -9999
-0.324477271229639 -0.324382716781408 -0.321487108172181 -0.324928858761342 -0.329629809799195 -0.337316376030269 -0.344576221649401 -0.35313178463567 -0.353943743353056 -0.368651071805784 -0.375066375715109 -0.374439013821346 -0.381834819081095 -0.40296764739485 -0.423960539005213 -0.437752718313881 -0.441997927818093 -0.449791442756652 -0.453790956974058 -0.462685574117621 -0.46891277838363 -0.473181570354544 -0.479784614689736 -0.499256941295242 -0.511306870992756 -0.502366411070556 -0.484803955125646 -0.477857139890268 -0.462236651711323 -0.477514861623958 -0.485594368559577 -0.476955078079732 -9999 -9999 -9999 -9999 -9999 -9999 -9999 -9999 -9999 -9999 -9999 -9999 -9999 -9999 -9999 -9999 -9999 -9999 -9999 -9999 -9999
