data/pcas/pca_proj_current/PC10.asc
NCOLS 494 
NROWS 529 
XLLCORNER -117.166666666667 
YLLCORNER -55.5 
CELLSIZE 0.166666666666667 
NODATA_value -9999 
[rows 312 to 335 of 529, columns 424 to 476 of 494]
-0.320869400933846 -0.318963397090587 -0.356990343306291 -0.38282061280174 -0.384888245765156 -0.374744486038703 -0.370853091916908 -0.366513428872732 -0.344203598436124 -0.316585848339929 -0.294889571127957 -0.322346507512628 -0.333438858515331 -0.337878264332782 -0.348238291282275 -0.356937642706211 -0.352230160842441 -0.354365637240041 -0.401563167980493 -0.435883919465634 -0.453694418731524 -0.472720886774467 -0.493544250426208 -0.48453292711392 -0.494716182970345 -0.506555962025135 -0.516381634828908 -0.52898022302773 -0.543239446334219 -0.56892028593963 -0.585756687019977 -0.595807985792238 -0.601785591334448 -0.635403256786476 -0.672552253008519 -0.690300000542137 -0.730616010520683 -0.757364284093086 -0.79110493100727 -0.836326803220143 -0.861172730372117 -9999 -9999 -9999 -9999 -9999 -9999 -9999 -9999 -9999 -9999 -9999 -9999
-0.347123374954653 -0.363036048292044 -0.37955447233864 -0.407106171486521 -0.403550001901753 -0.385191742954756 -0.375138696526873 -0.3572278904899 -0.337698256643932 -0.295753254648836 -0.265762743310227 -0.284457179877392 -0.31431962883459 -0.306994817973342 -0.315680139118308 -0.321436082117186 -0.330981293826454 -0.340469873133226 -0.401920176760754 -0.432839077645996 -0.451830917998737 -0.471544416377237 -0.494010587532907 -0.503062171303894 -0.514240199408952 -0.524074423669052 -0.534616407867076 -0.54236265511202 -0.559794085565788 -0.573389171144385 -0.593576098271217 -0.601776684227331 -0.623814166848979 -0.642447676981253 -0.677097478249151 -0.702932862262902 -0.726111202936123 -0.760169618640018 -0.798644795858841 -0.833470502561829 -0.869389600529572 -9999 -9999 -9999 -9999 -9999 -9999 -9999 -9999 -9999 -9999 -9999 -9999
-0.361230518977516 -0.390703609946795 -0.423462991178555 -0.4444533283923 -0.418619393209014 -0.394537374612165 -0.378374265030749 -0.347601574705249 -0.3277049912027 -0.297675296550312 -0.266589859633611 -0.255565980911491 -0.281086278885674 -0.279794525451889 -0.28363029878714 -0.294551446471032 -0.312119793058732 -0.35385170758537 -0.405470293446045 -0.436671861531254 -0.461849721913001 -0.484195492282669 -0.50241663011459 -0.528426300222989 -0.531097893067549 -0.537167151018598 -0.542438294791356 -0.559030378639317 -0.5727857324633 -0.5825541597209 -0.598122838949 -0.612585589660565 -0.635319436473835 -0.662599375059139 -0.693450584501683 -0.718314883807583 -0.754097856024791 -0.776768218901303 -0.826026569708517 -0.823734318378316 -9999 -9999 -9999 -9999 -9999 -9999 -9999 -9999 -9999 -9999 -9999 -9999 -9999
-0.385361685518077 -0.401802076657205 -0.459159976776934 -0.467656265695376 -0.440458947684261 -0.410542940080896 -0.382512752878134 -0.35308916231492 -0.331362481933987 -0.30863142073809 -0.278817812329418 -0.247213662626857 -0.251401412527519 -0.260691661089944 -0.247110061076012 -0.264424563078389 -0.310723186462524 -0.365257317520859 -0.420872368285947 -0.449518198709253 -0.466465125528578 -0.483091611100224 -0.505385499719214 -0.526385163102302 -0.53161759332642 -0.540999315868752 -0.535191921863637 -0.558200708706086 -0.573808854155294 -0.58989899318711 -0.604610397262367 -0.624227748777053 -0.65037213550182 -0.678163506115728 -0.709922515454325 -0.749290609408557 -0.781060850337947 -0.808231191906687 -0.833461828051803 -9999 -9999 -9999 -9999 -9999 -9999 -9999 -9999 -9999 -9999 -9999 -9999 -9999 -9999
-0.421081601133589 -0.439266185022444 -0.454406688586286 -0.466435281440067 -0.456528774506281 -0.428540178530595 -0.396894479541222 -0.364583121893052 -0.342155360245062 -0.328178062285475 -0.297139161499877 -0.266261908359845 -0.250546107108587 -0.272713112194348 -0.274017964897605 -0.283957672029522 -0.331450421265551 -0.385832012377582 -0.431288004330365 -0.467453755724647 -0.48440342571079 -0.499722068280602 -0.514212948244255 -0.525561999824898 -0.532628499038991 -0.539087644621757 -0.542242126269675 -0.555837596929739 -0.573101720911448 -0.587161002276209 -0.604553956994253 -0.627710323705755 -0.657755685142938 -0.696494828919675 -0.728902344815446 -0.766704217933751 -0.800123278544714 -0.828987838261804 -0.835190081081676 -9999 -9999 -9999 -9999 -9999 -9999 -9999 -9999 -9999 -9999 -9999 -9999 -9999 -9999
-0.410841842043879 -0.445761498840868 -0.457191864417907 -0.468238532853807 -0.458649432927557 -0.449735099107958 -0.418275566780682 -0.372345588340893 -0.362375618847208 -0.350567809614507 -0.328069563806211 -0.284289319327088 -0.271956888856712 -0.293419632199134 -0.311637102900965 -0.302889095485446 -0.361996728424913 -0.391898976580386 -0.465563348245292 -0.497419148668909 -0.515142675209747 -0.530853638680274 -0.52979593979971 -0.538313588880162 -0.539967556396461 -0.535755770556137 -0.543466677928827 -0.553437555335757 -0.56594053549902 -0.581251288292263 -0.612909267672842 -0.642372136786141 -0.662469372010861 -0.69174995042706 -0.732921984537468 -0.779829262270113 -0.819814841099265 -0.841792678816406 -9999 -9999 -9999 -9999 -9999 -9999 -9999 -9999 -9999 -9999 -9999 -9999 -9999 -9999 -9999
-0.41993024729474 -0.434000821223266 -0.446608917002236 -0.449587113597899 -0.450021646438759 -0.44620060182856 -0.420467517947907 -0.390975000523683 -0.380086340088969 -0.365568739315751 -0.330362226416685 -0.317631621059858 -0.290929899470978 -0.30095348342814 -0.327746699975429 -0.348320126815419 -0.37766489629391 -0.416029523858621 -0.484157250420269 -0.518612411907807 -0.540768088442733 -0.552383734331447 -0.553006553742186 -0.551088825019646 -0.54462027321154 -0.541905064541778 -0.546072464521779 -0.547280243929875 -0.567979931754306 -0.582621979749019 -0.619099752304021 -0.654476337866754 -0.674056354623669 -0.708180645958602 -0.754025270935268 -0.804294542621371 -0.836349499194482 -0.837508931817901 -9999 -9999 -9999 -9999 -9999 -9999 -9999 -9999 -9999 -9999 -9999 -9999 -9999 -9999 -9999
-0.425099756903761 -0.436074189208937 -0.451128052091863 -0.439042612196678 -0.454091547780828 -0.452976735383911 -0.422891323999816 -0.393277330355317 -0.366815334164619 -0.353941573777441 -0.317570020567635 -0.319577799527549 -0.310986538528976 -0.314770221412331 -0.364371638917006 -0.395868055881658 -0.416114496349856 -0.446065940990679 -0.505205387909648 -0.52975642506917 -0.562680442414361 -0.582949261265847 -0.573046743033805 -0.553897802249434 -0.539140731310827 -0.547234335148494 -0.544729180828525 -0.543871015106806 -0.5638664383335 -0.605658554121542 -0.635836558403001 -0.685746081500902 -0.69959435430401 -0.731173881478169 -0.791757879520527 -0.833194559414557 -0.851482786057914 -9999 -9999 -9999 -9999 -9999 -9999 -9999 -9999 -9999 -9999 -9999 -9999 -9999 -9999 -9999 -9999
-0.434785915592328 -0.454093528384025 -0.47267963002701 -0.472674874853309 -0.476929160224602 -0.453873826873172 -0.419722415121603 -0.382225341593362 -0.36347312404258 -0.341493152632925 -0.302683920198647 -0.297140003817828 -0.311396350275995 -0.344138481164477 -0.389999903854295 -0.402447444230074 -0.428426848304894 -0.485219056374683 -0.511275991757141 -0.540039678351785 -0.573670271275443 -0.59355377930275 -0.587297612764006 -0.559726444697944 -0.555200208711397 -0.552262340191633 -0.560637816486587 -0.563323144524974 -0.586155094413959 -0.627812613527815 -0.676449801640808 -0.711807246465761 -0.742456105228251 -0.767345089396737 -0.818818488061606 -0.856810486070739 -0.861987110588475 -9999 -9999 -9999 -9999 -9999 -9999 -9999 -9999 -9999 -9999 -9999 -9999 -9999 -9999 -9999 -9999
-0.438605830540758 -0.450167780661201 -0.475375920799802 -0.442145894499531 -0.439310110518918 -0.466656391500942 -0.439367504416349 -0.419348631839977 -0.38504779423131 -0.330933987791105 -0.293451587882119 -0.300437071071235 -0.32633827903643 -0.368027281182941 -0.386452894521297 -0.400451616910338 -0.446724778411142 -0.482218040944294 -0.508485836308237 -0.532367084861625 -0.554861706326944 -0.570427830742743 -0.560125373600928 -0.560598123288544 -0.555459077335732 -0.56122045306066 -0.578196943087526 -0.587441748933608 -0.611761397531275 -0.645454489882148 -0.68715115489171 -0.728997253257387 -0.781992765607849 -0.824842102218467 -0.835827883815867 -0.868623675612352 -9999 -9999 -9999 -9999 -9999 -9999 -9999 -9999 -9999 -9999 -9999 -9999 -9999 -9999 -9999 -9999 -9999
-0.429900680768369 -0.44511949987399 -0.469951779836777 -0.480412602147769 -0.451220619852905 -0.45472746985047 -0.45109621555099 -0.457044860138181 -0.413616588786799 -0.374510466504974 -0.322409945589055 -0.332030610121445 -0.36808629593718 -0.403549899644603 -0.405354301388717 -0.411401622426406 -0.425554665064247 -0.455146426037183 -0.496395994438768 -0.51979029523961 -0.539961799705518 -0.547139757338444 -0.539654024070259 -0.548535964931185 -0.536345519397481 -0.559001027636283 -0.592626104975511 -0.626746366400469 -0.645139541845688 -0.681911308926819 -0.72323060735073 -0.768056035143998 -0.805278630354113 -0.833845207431937 -0.852906438508128 -9999 -9999 -9999 -9999 -9999 -9999 -9999 -9999 -9999 -9999 -9999 -9999 -9999 -9999 -9999 -9999 -9999 -9999
-0.451714550763122 -0.458157812733135 -0.466664660837574 -0.484243613682151 -0.453528846105141 -0.448520108293539 -0.447420313294538 -0.451220582476707 -0.369674339852441 -0.332384299119253 -0.371785451930642 -0.357075633972589 -0.369098928381745 -0.395399585186973 -0.413546788177315 -0.417343575129051 -0.42487227601794 -0.440072936856303 -0.499511012719155 -0.516022392181815 -0.531560067752594 -0.529695734247643 -0.536679761528827 -0.531869561714944 -0.540670612503959 -0.570581089858134 -0.607796375701126 -0.654653398207415 -0.682303116438705 -0.705233632790858 -0.74153668151248 -0.78424785599822 -0.832304445715827 -0.858987937429154 -9999 -9999 -9999 -9999 -9999 -9999 -9999 -9999 -9999 -9999 -9999 -9999 -9999 -9999 -9999 -9999 -9999 -9999 -9999
-0.436340090573279 -0.452649727995426 -0.468385632665731 -0.462191478810782 -0.474853805630949 -0.461018849136258 -0.37668073531276 -0.36226958819014 -0.346615011152208 -0.318661785050051 -0.289972738515516 -0.372611936762173 -0.386905920336187 -0.388704421230837 -0.404278780510575 -0.405108927925761 -0.415362339341036 -0.422861596477574 -0.469621069562216 -0.504387857032812 -0.515818323531341 -0.522646125535824 -0.519900493060406 -0.541272232673488 -0.562879165002357 -0.599662474717943 -0.63682231485913 -0.670660668307163 -0.706041587120324 -0.722538519543998 -0.746972795833658 -0.781701490537702 -0.833597284655142 -0.871268677331555 -9999 -9999 -9999 -9999 -9999 -9999 -9999 -9999 -9999 -9999 -9999 -9999 -9999 -9999 -9999 -9999 -9999 -9999 -9999
-0.419653276987616 -0.424603693031824 -0.437725215372881 -0.463605286472385 -0.459408364346929 -0.392481391168721 -0.370924925545922 -0.341619548491156 -0.31735646185386 -0.282618687120482 -0.28512223788586 -0.292694672149824 -0.408859429129452 -0.405254795531719 -0.418121334045705 -0.420923776942854 -0.461874101241497 -0.478463360306595 -0.486293029741889 -0.513460069618547 -0.512182027009585 -0.51983260678659 -0.527763989682397 -0.534337135129704 -0.567262632842872 -0.615869416133299 -0.666409464609159 -0.694220186081073 -0.71807912587194 -0.732393565420824 -0.752184103759838 -0.782722261086508 -0.821811172397293 -9999 -9999 -9999 -9999 -9999 -9999 -9999 -9999 -9999 -9999 -9999 -9999 -9999 -9999 -9999 -9999 -9999 -9999 -9999 -9999
-0.396798988391662 -0.377376389011378 -0.411024472921895 -0.456583971518225 -0.396131740733268 -0.371328692449223 -0.356949311379142 -0.342609701381236 -0.329109517530298 -0.283976429920151 -0.300885696630251 -0.330385505079498 -0.416713595283457 -0.402099710180903 -0.413348594073598 -0.444856231766718 -0.510603026467283 -0.534777219455079 -0.528704812148526 -0.525602460368462 -0.525849773198394 -0.527432879251029 -0.526922276529748 -0.545030467677488 -0.587064262745023 -0.633186488098969 -0.669768742072389 -0.70574005280358 -0.739952442424757 -0.750597397173666 -0.75232619147606 -0.792719001379337 -0.814684794169132 -9999 -9999 -9999 -9999 -9999 -9999 -9999 -9999 -9999 -9999 -9999 -9999 -9999 -9999 -9999 -9999 -9999 -9999 -9999 -9999
-0.357209330544123 -0.304458377857204 -0.356918980095614 -0.392772497402983 -0.399052165917808 -0.384251630034892 -0.359833500407004 -0.343033699324204 -0.36593709318356 -0.356070124776152 -0.316123921444888 -0.332221650984351 -0.349987621152995 -0.415977342262374 -0.442203986764526 -0.488247174521774 -0.526867390479876 -0.566638946647309 -0.609672220692616 -0.589901327706077 -0.565013554457623 -0.557697379455935 -0.554538335507832 -0.566536598709677 -0.617572649939855 -0.647112097790374 -0.688651582232838 -0.736635300227075 -0.759291364367362 -0.755682711421922 -0.797916788173186 -0.829715036251015 -0.821205852537137 -0.844823542756663 -9999 -9999 -9999 -9999 -9999 -9999 -9999 -9999 -9999 -9999 -9999 -9999 -9999 -9999 -9999 -9999 -9999 -9999 -9999
-0.400323825080125 -0.359531606504903 -0.408144122817753 -0.427125121854329 -0.422201158353153 -0.419906589822505 -0.412934864302084 -0.399578550704257 -0.412016327206482 -0.382154735761418 -0.358192402782296 -0.366549279203123 -0.379892032478546 -0.457406585553514 -0.515782348881177 -0.55559354469685 -0.610086704121092 -0.636448410042578 -0.64073719203703 -0.61340229271236 -0.595808859248543 -0.582474058947734 -0.593820201866777 -0.6213423962232 -0.665078564698798 -0.693220007031267 -0.73526680086898 -0.756943543753504 -0.757834683850886 -0.783384922380852 -0.841992386955816 -0.869973827886366 -0.853371529806639 -0.870846549998901 -9999 -9999 -9999 -9999 -9999 -9999 -9999 -9999 -9999 -9999 -9999 -9999 -9999 -9999 -9999 -9999 -9999 -9999 -9999
-0.411185551956728 -0.420505102115059 -0.452102431822199 -0.465503714840374 -0.465354476096065 -0.465772003734467 -0.472020186546758 -0.471147342508912 -0.446681685533904 -0.434664190505389 -0.40887461772511 -0.421898457370685 -0.494562407222483 -0.522032919277645 -0.550517332176125 -0.579318284122111 -0.623462945447517 -0.646650300007997 -0.635860516165737 -0.608293687931224 -0.589834952719201 -0.595594664008235 -0.613206992932913 -0.654677456331642 -0.704735957360859 -0.739542664991218 -0.769359698633926 -0.766490064651294 -0.775717147770472 -0.810964583982969 -0.844366261372557 -9999 -9999 -9999 -9999 -9999 -9999 -9999 -9999 -9999 -9999 -9999 -9999 -9999 -9999 -9999 -9999 -9999 -9999 -9999 -9999 -9999 -9999
-0.444148057737125 -0.481556445217309 -0.503425065530104 -0.499937813419515 -0.509222984535585 -0.499191609191019 -0.5149563000595 -0.551127911545114 -0.521659202773457 -0.490403588875513 -0.479511379453239 -0.517240874405788 -0.501442019062902 -0.523084333197237 -0.567643893070695 -0.606746263445836 -0.637550674876207 -0.647625587726386 -0.623509584884114 -0.596402331051592 -0.591830863014724 -0.640552124279963 -0.6891975965642 -0.716123029537933 -0.760007741154634 -0.78921841738591 -0.797542870536097 -0.797491798853184 -0.798028921950757 -9999 -9999 -9999 -9999 -9999 -9999 -9999 -9999 -9999 -9999 -9999 -9999 -9999 -9999 -9999 -9999 -9999 -9999 -9999 -9999 -9999 -9999 -9999 -9999
-0.494134422101274 -0.543378071590478 -0.544109362411298 -0.564703978388167 -0.580480007692963 -0.639505733103162 -0.627300539757116 -0.6016974333935 -0.49407073618686 -0.511122982230855 -0.520657384363872 -0.499840028088021 -0.483435606307792 -0.512823724072119 -0.566684261981951 -0.633756110081503 -0.651893039814108 -0.655756126659563 -0.662178214036172 -0.676992972949026 -0.693365349164119 -0.708560500837246 -0.727654175476289 -0.772677681604391 -0.795629282649933 -0.823280874215211 -0.840065149706608 -0.831840254987911 -9999 -9999 -9999 -9999 -9999 -9999 -9999 -9999 -9999 -9999 -9999 -9999 -9999 -9999 -9999 -9999 -9999 -9999 -9999 -9999 -9999 -9999 -9999 -9999 -9999
-0.56871249176184 -0.594960513963605 -0.612743903184108 -0.687697644758338 -0.631659637957661 -0.737048142235352 -0.678712718826935 -0.513156379263951 -0.511548157432315 -0.565438824591676 -0.617319619042072 -0.608893909913899 -0.587424977700503 -0.562173902520223 -0.560773437685139 -0.62509730192435 -0.644827000306266 -0.659516277221099 -0.679330490301077 -0.713321284123142 -0.712169755840022 -0.69705349087419 -0.712837804422529 -0.762430507467503 -0.809837819951922 -0.858866037913677 -0.88492736433985 -0.926621467420996 -1.02661643161357 -9999 -9999 -9999 -9999 -9999 -9999 -9999 -9999 -9999 -9999 -9999 -9999 -9999 -9999 -9999 -9999 -9999 -9999 -9999 -9999 -9999 -9999 -9999 -9999
-0.616069025551605 -0.631405036394356 -0.701296345842601 -0.698562389065177 -0.688896361197225 -0.652023623747163 -0.612160865827832 -0.590267984033156 -0.61138400148964 -0.616397189335919 -0.637150984170932 -0.621875206656069 -0.608149379419772 -0.594685685345512 -0.599197218204274 -0.623268524912513 -0.661516469772348 -0.676641861237208 -0.703994693192115 -0.705264792750228 -0.686942963160719 -0.694727855396222 -0.74240555071246 -0.800254986487864 -0.846970033642728 -0.946780106923571 -0.989669743466494 -0.981191678691814 -9999 -9999 -9999 -9999 -9999 -9999 -9999 -9999 -9999 -9999 -9999 -9999 -9999 -9999 -9999 -9999 -9999 -9999 -9999 -9999 -9999 -9999 -9999 -9999 -9999
-0.667250665270526 -0.673306265670834 -0.692912660962706 -0.699031126553634 -0.687218673848917 -0.685010596332546 -0.683768985853999 -0.675120104855268 -0.629261531136863 -0.645632154268041 -0.666390368944463 -0.658325569722607 -0.673538229786345 -0.654987881939818 -0.643932307838754 -0.662992132945354 -0.703728289796831 -0.714006962146434 -0.728612572187809 -0.743170401235268 -0.751322349461885 -0.717337643157256 -9999 -9999 -9999 -9999 -1.00915066820474 -1.01441751508016 -9999 -9999 -9999 -9999 -9999 -9999 -9999 -9999 -9999 -9999 -9999 -9999 -9999 -9999 -9999 -9999 -9999 -9999 -9999 -9999 -9999 -9999 -9999 -9999 -9999
-0.710691589377777 -0.734831884236964 -0.746351966249552 -0.741022502475027 -0.727355330485397 -0.733745233491004 -0.71446178052981 -0.697864789527041 -0.723745264457617 -0.711903594479255 -0.71764364018717 -0.749618899201382 -0.711676272256853 -0.685375237959541 -0.690527035862259 -9999 -9999 -9999 -9999 -9999 -9999 -9999 -9999 -9999 -9999 -9999 -9999 -9999 -9999 -9999 -9999 -9999 -9999 -9999 -9999 -9999 -9999 -9999 -9999 -9999 -9999 -9999 -9999 -9999 -9999 -9999 -9999 -9999 -9999 -9999 -9999 -9999 -9999
