data/pcas/pca_proj_current/PC10.asc
NCOLS 494 
NROWS 529 
XLLCORNER -117.166666666667 
YLLCORNER -55.5 
CELLSIZE 0.166666666666667 
NODATA_value -9999 
[rows 504 to 527 of 529, columns 265 to 317 of 494]
-1.21535190099668 -1.16837892134588 -1.16068842963122 -1.14437784139582 -1.13595749913337 -1.14336207212059 -1.06393361466984 -1.05364074174191 -1.04733560640815 -1.04906323530217 -1.07185634763367 -1.07511389316455 -1.08079236830141 -1.08771150345333 -1.11452071234401 -1.11276310137978 -1.11573567847553 -1.22901987765838 -1.23021512494823 -1.22295646027444 -1.21743938848913 -1.21239056558099 -1.20180502094509 -1.19275130585781 -1.17902125013662 -9999 -9999 -9999 -9999 -9999 -9999 -9999 -9999 -9999 -9999 -9999 -9999 -9999 -9999 -9999 -9999 -9999 -9999 -9999 -9999 -9999 -9999 -9999 -9999 -9999 -9999 -9999 -9999
-1.20747511484665 -1.15931799599331 -1.10960434533312 -1.13465919248048 -1.1226989064962 -1.13296955898227 -1.14705540109283 -1.10789511088401 -1.10828618549395 -1.11091031944226 -1.05725979884311 -1.05949154986829 -1.062377300032 -1.0675405655373 -1.09414815688963 -1.1211336935701 -1.227730468013 -1.22820400059839 -1.22532237025379 -1.22604048512722 -1.22402542739803 -1.21890889789921 -1.21555025231633 -1.19965924614128 -1.1760189206143 -9999 -9999 -9999 -9999 -9999 -9999 -9999 -9999 -9999 -9999 -9999 -9999 -9999 -9999 -9999 -9999 -9999 -9999 -9999 -9999 -9999 -9999 -9999 -9999 -9999 -9999 -9999 -9999
-1.20590507823937 -1.16954937831638 -1.12832530740761 -1.12168935895424 -1.12094481741678 -1.12673560229954 -1.09892463852474 -1.10885946551938 -1.11894219754978 -1.12487558913419 -1.13619084934661 -1.07307973206252 -1.07888340869311 -1.08090036475775 -1.13299790494216 -1.13185863402964 -1.23557409325307 -1.23759408691944 -1.22890505175724 -1.2236606720606 -1.21819041831923 -1.21184152697862 -1.19833940109976 -1.1718967180977 -1.15075812347915 -1.13081046808242 -9999 -9999 -9999 -9999 -9999 -9999 -9999 -9999 -9999 -9999 -9999 -9999 -9999 -9999 -9999 -9999 -9999 -9999 -9999 -9999 -9999 -9999 -9999 -9999 -9999 -9999 -9999
-1.21432813157752 -1.19845789687589 -1.19270852943999 -1.16607068500017 -1.16418393419603 -1.14653547412363 -1.11984493984482 -1.12108764547377 -1.12412887994936 -1.1357309391667 -1.14067463180616 -1.10644883960544 -1.08636672171773 -1.09133572762724 -1.11989763212218 -1.14368706122232 -1.11513406510533 -1.11473505098607 -1.23718915361329 -1.22847741658108 -1.2168727034605 -1.19604852950186 -1.18164543931908 -1.15601600256571 -1.127081162715 -1.10707280929161 -9999 -9999 -9999 -9999 -9999 -9999 -9999 -9999 -9999 -9999 -9999 -9999 -9999 -9999 -9999 -9999 -9999 -9999 -9999 -9999 -9999 -9999 -9999 -9999 -9999 -9999 -9999
-1.24598815649753 -1.20532646212292 -1.19446126734581 -1.17822441391516 -1.16872766250715 -1.17606404663221 -1.17494467178001 -1.17607134258366 -1.18102205046815 -1.15301486536644 -1.14921996620459 -1.09268948754915 -1.09597480238945 -1.11762511486441 -1.11943496894367 -1.12317380512851 -1.1231579479706 -1.23300599665453 -1.23171112460546 -1.22812548454059 -1.21918021128766 -1.19034588676271 -1.17483743087292 -1.15061753111159 -1.1217698888374 -1.08816584149769 -1.05498200740466 -9999 -9999 -9999 -9999 -9999 -9999 -9999 -9999 -9999 -9999 -9999 -9999 -9999 -9999 -9999 -9999 -9999 -9999 -9999 -9999 -9999 -9999 -9999 -9999 -9999 -9999
-1.2455229976532 -1.24349615984135 -1.21085866420463 -1.21008242620487 -1.21322585634547 -1.21720916210788 -1.19060650009805 -1.19953647732841 -1.19628456440188 -1.16373902178701 -1.1586553879552 -1.10845563043529 -1.1065836774026 -1.13502524150846 -1.1333634727605 -1.2433213683287 -1.12165556599454 -1.232924832327 -1.12276536660122 -1.22556700851301 -1.21492005186676 -1.2020527241587 -1.19135309243475 -1.17638763525464 -1.14618604671403 -1.10197218770696 -1.05882258765489 -1.03369637478701 -9999 -9999 -9999 -9999 -9999 -9999 -9999 -9999 -9999 -9999 -9999 -9999 -9999 -9999 -9999 -9999 -9999 -9999 -9999 -9999 -9999 -9999 -9999 -9999 -9999
-1.26947408135165 -1.24217101013311 -1.24349918292065 -1.22928513111104 -1.23183461623284 -1.20420927588793 -1.20716475550676 -1.21356413289224 -1.18399504814083 -1.17588885969231 -1.2526824535816 -1.26164334006586 -1.13058897148874 -1.1335728687688 -1.14868072554547 -1.24930539513629 -1.13625198091528 -1.1461285057457 -1.25383845773822 -1.23937844980147 -1.21928560075246 -1.24157551841934 -9999 -9999 -9999 -9999 -1.09582046777345 -1.07263673836124 -9999 -9999 -9999 -9999 -9999 -9999 -9999 -9999 -9999 -9999 -9999 -9999 -9999 -9999 -9999 -9999 -9999 -9999 -9999 -9999 -9999 -9999 -9999 -9999 -9999
-1.28841395315761 -1.26030604169703 -1.24077288191339 -1.24160654618039 -1.24039154390542 -1.2189180669047 -1.21413114547356 -1.18638803106725 -1.19152097283397 -1.19169337536371 -1.19368542064014 -1.20772639567418 -1.18118747340969 -1.19432390092906 -1.27712393011576 -1.27306448291348 -1.277696887685 -1.27831530384791 -1.26748269819575 -1.20015642214544 -1.21244596989032 -1.17995232368548 -1.21483400314527 -1.21417544378661 -1.18978075101266 -1.16680957315413 -1.14405963040474 -9999 -9999 -9999 -9999 -9999 -9999 -9999 -9999 -9999 -9999 -9999 -9999 -9999 -9999 -9999 -9999 -9999 -9999 -9999 -9999 -9999 -9999 -9999 -9999 -9999 -9999
-1.3103365178909 -1.30117454442082 -1.27658033451773 -1.26227932959445 -1.2593370550885 -1.2713779741246 -1.24743458158077 -1.24922396578874 -1.22275574098366 -1.22892157152764 -1.24006744455918 -1.23982291744115 -1.25313321950528 -1.20451928608569 -1.19723561893751 -1.23471526883943 -1.24371054163564 -1.22019964668907 -1.23036421302504 -1.20893455787591 -1.20522290146925 -1.18163607867314 -1.21063813450266 -1.19857635671062 -1.18170226001547 -1.16276658385406 -1.1526650805315 -1.14987508583821 -9999 -9999 -9999 -9999 -9999 -9999 -9999 -9999 -9999 -9999 -9999 -9999 -9999 -9999 -9999 -9999 -9999 -9999 -9999 -9999 -9999 -9999 -9999 -9999 -9999
-1.30570975779064 -1.30812047380501 -1.31069378976619 -1.28380050183376 -1.28017520775878 -1.29359181071092 -1.27509287119697 -1.27093171590179 -1.2369049845928 -1.22591114804057 -1.28373329250243 -1.25492976781707 -1.25804933533384 -1.27908777505602 -1.30292015513474 -1.29508515345554 -1.27020490755949 -1.25564596134014 -1.21787875793657 -1.20135641946015 -1.2558925072516 -1.25002978123901 -1.23941223571866 -1.21643431075989 -1.19873781941451 -1.17995643438263 -1.16863937245053 -1.16281376130212 -1.17562487566577 -9999 -9999 -9999 -9999 -9999 -9999 -9999 -9999 -9999 -9999 -9999 -9999 -9999 -9999 -9999 -9999 -9999 -9999 -9999 -9999 -9999 -9999 -9999 -9999
-1.32978581735012 -1.3197877704942 -1.31992828447132 -1.30883784836743 -1.30264996459643 -1.31716827303759 -1.27111551899706 -9999 -1.26844468570048 -1.27460573081988 -1.27039253871707 -1.27094080005361 -1.285283084465 -1.28360111648738 -9999 -1.29469328987233 -1.28854650530443 -1.24670811967376 -1.19530033188963 -1.26498371995577 -1.16856208044429 -1.21027821948458 -1.26631482043184 -1.24132108357133 -1.22345109385829 -1.21145237284723 -1.21172269995783 -1.21170141433213 -1.2143694138928 -9999 -9999 -9999 -9999 -9999 -9999 -9999 -9999 -9999 -9999 -9999 -9999 -9999 -9999 -9999 -9999 -9999 -9999 -9999 -9999 -9999 -9999 -9999 -9999
-1.36040851454323 -1.34627353857037 -1.33476920293803 -1.31801037642479 -1.31732864024863 -1.29541812879394 -1.31040681376093 -1.31089163024266 -1.3097526131474 -1.29179357074125 -1.30333032390121 -1.30058879045473 -1.29232427300796 -9999 -9999 -1.31910618878578 -1.29131065651447 -1.2323271046245 -1.23725316287942 -1.22798461465104 -1.24875063670761 -1.22954202890677 -1.21221674858127 -1.21508536665798 -1.20230363495497 -1.23579342963126 -1.24176209452196 -1.20673158493706 -1.25439590338418 -1.2561682483214 -9999 -9999 -9999 -9999 -9999 -9999 -9999 -9999 -9999 -9999 -9999 -9999 -9999 -9999 -9999 -9999 -9999 -9999 -9999 -9999 -9999 -9999 -9999
-1.37034316836875 -1.36422627518966 -1.34798904557226 -1.32491615786451 -1.32649035189425 -1.32616514591276 -1.32162490498001 -1.32293036497532 -1.3293139186582 -1.32706725644207 -1.3208568570344 -1.29932793726227 -1.29631625801613 -9999 -9999 -1.31088996630614 -1.31524592388162 -1.29078452255332 -1.30703626176981 -1.28314243325163 -1.26625203148829 -1.25880691109703 -1.24083827990822 -1.21690847357408 -1.23021765928067 -1.22631673872758 -1.21946997288776 -1.21734523174494 -1.2141697586482 -1.26687337332814 -9999 -9999 -9999 -9999 -9999 -9999 -9999 -9999 -9999 -9999 -9999 -9999 -9999 -9999 -9999 -9999 -9999 -9999 -9999 -9999 -9999 -9999 -9999
-1.37631731695101 -1.36268624001219 -1.35011053657321 -1.34552840673151 -1.34592893735662 -1.34376591333177 -1.33189290678067 -1.3249511769859 -1.33138255246374 -1.33212505324019 -1.32803570467426 -1.34082007470436 -1.32749613761539 -9999 -1.35205673299019 -1.34856720814444 -9999 -9999 -1.33636096360738 -1.32467647759884 -1.29876681858931 -1.27514101101596 -1.25660895012164 -1.25402902024075 -1.26712411493617 -1.25853764280239 -1.2427846952082 -1.2370854483294 -1.24239951734559 -1.25291525374399 -1.26549153795864 -9999 -9999 -9999 -9999 -9999 -9999 -9999 -9999 -9999 -9999 -9999 -9999 -9999 -9999 -9999 -9999 -9999 -9999 -9999 -9999 -9999 -9999
-1.38026112718211 -1.35277681038234 -1.35685686845481 -1.36495232979395 -1.34918608998833 -1.34408247106766 -1.33850315150694 -1.32592411632866 -1.34666074661556 -1.34665816789274 -1.34878618027263 -1.33853153049882 -1.34065131598425 -1.35314393220773 -1.36792370078172 -1.39168417831141 -1.39706270742517 -1.37138966351606 -1.35105794801573 -1.33224947742662 -1.31546038877657 -1.29811891650767 -1.27830378512728 -1.27854870583357 -1.26982956560123 -1.25828275453753 -1.26349065911375 -1.25899276352761 -1.2629142150461 -1.26573346918636 -1.27652696220826 -1.29643396620438 -1.29862785061557 -9999 -9999 -9999 -9999 -9999 -9999 -9999 -9999 -9999 -9999 -9999 -9999 -9999 -9999 -9999 -9999 -9999 -9999 -9999 -9999
-1.41478089507471 -1.396557622123 -1.39390027530842 -1.3821997137802 -1.35473350470712 -1.34929047599173 -1.34570922363105 -1.33881493840871 -1.34290613206526 -1.34806328697333 -1.33903512515378 -1.337009175418 -1.3545341448856 -1.38309193721306 -1.36723721479949 -1.37179260551182 -1.34245795489828 -1.37571572310644 -1.38464465285308 -1.35063762632615 -1.34576908651098 -1.34806157340181 -1.31539220341089 -1.30118535253894 -1.29559118247222 -1.26412511061358 -1.2807094700187 -1.28135771048944 -1.27698512649029 -1.2754702333348 -1.28373913640283 -1.29644351301312 -1.30637665048175 -1.29965571612227 -9999 -9999 -9999 -9999 -9999 -9999 -9999 -9999 -9999 -9999 -9999 -9999 -9999 -9999 -9999 -9999 -9999 -9999 -9999
-1.44415722146804 -1.42221849792554 -1.41997235662612 -1.38439251396333 -1.36961291776691 -1.35524281568176 -1.3426341079688 -1.33396435845474 -1.35053719650131 -1.3552176718999 -1.34967198630757 -1.34391691721614 -1.35065456241487 -1.3745246581748 -1.3847652618266 -1.36750260317178 -1.37800409477698 -1.37653219819088 -1.37853910681395 -1.36389857446071 -1.34356387871329 -1.33917759872566 -1.34693683321682 -1.35907153596879 -1.33110580337282 -1.30167929556437 -1.29684864076382 -1.31583353801337 -1.30029323811662 -1.29193125470061 -1.31235202893033 -1.32005838219216 -1.304668934556 -1.3123529268866 -1.29450548669644 -1.30383598567184 -9999 -9999 -9999 -9999 -9999 -9999 -9999 -9999 -9999 -9999 -9999 -9999 -9999 -9999 -9999 -9999 -9999
-1.40510721680915 -1.42015501090855 -1.41528861271364 -1.39845340704942 -1.40316830342703 -1.37573758696441 -1.36318980890532 -1.34412843662958 -1.35401252789746 -1.35349141789006 -1.35266454310755 -1.36155311857572 -1.35616150373527 -1.37124835882989 -1.38207461040299 -1.37469250705846 -1.38849865493608 -1.37514368198501 -1.36497497145956 -1.37013638601431 -1.35248698639305 -1.36099229119449 -1.36003941868643 -1.35617860685961 -1.36692660909619 -1.32666780047089 -1.31994893884914 -1.32223176378825 -1.32512500268366 -1.28056412628167 -1.32984585019614 -1.32491544906218 -1.3309668455828 -1.32773323639453 -1.30750425744357 -1.30863948479155 -1.30702961784782 -1.30179327530974 -9999 -9999 -9999 -9999 -9999 -9999 -9999 -9999 -9999 -9999 -9999 -9999 -9999 -9999 -9999
-1.44750068685832 -9999 -1.41910687056451 -1.40442334535542 -1.39908236201271 -1.38470747811708 -1.35391787695293 -1.35287478871853 -1.35706764558095 -1.35664466604224 -1.35553452254202 -1.36657999107575 -1.36163398794246 -1.36791295783884 -1.35763812669143 -1.37216529798088 -1.37617409116235 -1.39145860096717 -1.38699135300701 -1.38087744252957 -1.38955951655162 -1.39191582768129 -1.39598619147304 -1.38023595869107 -1.37999040632982 -1.37495585529156 -1.37323776804039 -1.34267070289068 -1.33693755756165 -1.33627831608286 -1.35323732616184 -1.36756056119034 -1.37115130559309 -1.3320661307252 -1.32841560325291 -1.32055628305967 -1.31841816010272 -1.31014802993913 -1.30583293690211 -1.31058685040376 -9999 -9999 -9999 -9999 -9999 -9999 -9999 -9999 -9999 -9999 -9999 -9999 -9999
-9999 -9999 -9999 -9999 -1.48783434538929 -1.38664307042459 -1.35745945861542 -1.3528641717804 -1.36910846339896 -1.37927096435235 -1.37079895264305 -1.37768579879145 -1.37734271555526 -1.3826802325609 -1.35849175137282 -1.36547938567603 -1.35726862429131 -1.35093974192887 -1.33720290317899 -1.34690807000076 -1.33991736665183 -1.38375991367055 -1.38415558312639 -1.37431310726262 -1.37199135206559 -1.38893561997567 -1.36871580790954 -1.36056387438207 -1.39298778298716 -1.36126103973809 -1.36837541490584 -1.38349681162568 -1.37831519518953 -1.37457679571252 -1.35688971454744 -1.36696479732605 -1.36364921607346 -1.36255346111594 -1.36004055040301 -1.36034441877851 -1.3233570611177 -1.31986788236345 -1.35798062623217 -1.32504379061543 -1.32426108630571 -1.33658272870657 -1.33101499514076 -1.32932837114899 -9999 -9999 -9999 -9999 -9999
-9999 -9999 -9999 -9999 -9999 -1.40182548452946 -1.39125161834822 -1.3586593114102 -1.35876809249215 -1.3713183581788 -1.38631727145971 -1.38872865231855 -1.39497038429821 -1.38849166309059 -1.38857508906183 -1.37760236314207 -1.3624049028648 -1.36674683942247 -1.3575925301243 -1.37404053284184 -1.34458368971203 -1.36510693415549 -1.32189810717521 -1.34681323075877 -1.37711558224183 -1.38859851359456 -1.38799539208812 -1.37711581389371 -1.38519910084573 -1.37661171322117 -1.37519726344128 -1.38068166691944 -1.3717489005869 -1.37344812301969 -1.37193457617295 -1.3744180990363 -1.36959550570149 -1.36310583928811 -1.36149090328982 -1.35724800858495 -1.35359584745581 -1.35442855336178 -1.35569524064051 -1.34698478466241 -1.34112346883563 -1.33009871409592 -1.34322191947658 -1.33111337183706 -9999 -1.31181679396688 -1.32190036618774 -1.32496135973108 -1.3300685939474
-9999 -9999 -9999 -9999 -9999 -9999 -9999 -9999 -9999 -1.36959642074874 -1.37006197803554 -1.37446941424699 -1.36481616662873 -1.38525189080318 -1.37197388788363 -1.36808178112428 -1.3698610757106 -1.35981307934228 -1.38088821906176 -1.38130968122655 -1.37191526981355 -1.37690718495505 -1.35489586453343 -1.35735915970463 -1.37406652730045 -1.38195903822141 -1.35394334973265 -1.36115509804978 -1.37443836855607 -1.36259563550474 -1.36218737498287 -1.38588127072062 -1.39020086321634 -1.36909829473626 -1.39460576767577 -1.37744819477705 -1.38118453107572 -1.37379536826428 -1.3739510295265 -1.36201867671123 -1.34641653275988 -1.34925017045592 -1.34473913017234 -1.33656125687169 -1.33809614159709 -1.34265299241957 -1.36151669424943 -9999 -9999 -1.31309058768624 -1.33062302044502 -1.35267738078199 -1.32889671289625
-9999 -9999 -9999 -9999 -9999 -9999 -9999 -9999 -9999 -9999 -1.39148793562348 -1.38248270785037 -1.38445436727187 -1.38149621003146 -1.37419629854917 -1.37925671379776 -1.365001802902 -1.37808715662293 -1.35934436426116 -1.34406320863437 -1.35401882198995 -1.36609763792301 -1.39083933650538 -1.38524345371897 -1.36543179929021 -1.36135925758929 -1.36234479849278 -1.38761251065365 -1.3760520088939 -1.39305417743074 -1.40117506597334 -1.38839570416218 -1.40164476962248 -1.38899361588239 -1.40057604395756 -1.38997393897999 -1.38056552591372 -1.35570908817008 -1.35142942953492 -1.35611999802153 -1.34207052975045 -9999 -9999 -9999 -9999 -9999 -9999 -9999 -9999 -9999 -9999 -9999 -9999
-9999 -9999 -9999 -9999 -9999 -9999 -9999 -9999 -9999 -9999 -9999 -9999 -9999 -1.37788543379762 -1.37656130796757 -1.38108772684427 -1.35534571009617 -1.36508926693059 -1.39313282314271 -1.35469074031384 -1.34654057760015 -1.37347793346223 -1.38670867330241 -1.38510869988169 -1.38845847073323 -1.37664757735839 -1.35623169639892 -1.37963168734914 -1.36771468815245 -1.32673406851441 -1.37885012173166 -1.33391598229078 -1.33221463256076 -1.35720719625073 -1.37144917889773 -1.36529013448696 -1.35530457998527 -1.37387195581949 -1.34536051748925 -1.34834292460119 -9999 -9999 -9999 -9999 -9999 -9999 -9999 -9999 -9999 -9999 -9999 -9999 -9999
