data/pcas/pca_proj_current/PC11.asc
NCOLS 494 
NROWS 529 
XLLCORNER -117.166666666667 
YLLCORNER -55.5 
CELLSIZE 0.166666666666667 
NODATA_value -9999 
[rows 480 to 503 of 529, columns 265 to 317 of 494]
0.314580646114098 0.298262738730053 0.291228071083319 0.299201171845983 0.321509550146163 0.325364260971742 0.278415832925436 0.282066351147834 0.283006723001297 0.27501013869486 0.270560059617697 0.266912130190507 0.264124829290787 0.254384252005218 0.257071690631909 0.295822705426461 0.313442464551637 0.205651840565777 0.199257341831387 0.206908281091681 0.211815732316771 0.207428640653779 0.198385682039425 0.184826571839911 0.198595717055664 0.204736565566395 0.220016815045212 0.218627398927749 0.222713912456412 0.225369719934412 0.229623284215086 0.211638423302699 0.215965343860086 0.21447435152878 0.217450820595302 0.21783119361298 0.193017685233227 0.191923176632706 0.194061331622883 0.202773364885917 0.208459538311662 0.213491505675795 0.239444141942679 0.241169077602634 -9999 -9999 -9999 -9999 -9999 -9999 -9999 -9999 -9999
0.294522853233455 0.322853450698916 0.323264004371751 0.294623763964105 0.365958365305806 0.319865597689554 0.303210283162148 0.274655311293644 0.270316065027718 0.267180154150849 0.267796069580236 0.286863351424839 0.26200490181171 0.259933986295642 0.268429658806703 0.262976529953747 0.296074698853519 0.311889583869776 0.213371733913216 0.215154625683548 0.213931973519889 0.212793231947672 0.218091522748144 0.20170404463325 0.213665798029966 0.223066509597238 0.226739743041205 0.231672138099953 0.23066899329826 0.234546874673426 0.237825187208849 0.239392628048981 0.214626106384377 0.215301146170741 0.217519699141723 0.193105475179419 0.192725517184802 0.19447210314072 0.197896950817023 0.20019825783356 0.202017198641519 0.203406841099434 0.204576708506119 0.214121796330659 -9999 -9999 -9999 -9999 -9999 -9999 -9999 -9999 -9999
0.304849526599245 0.298298936143868 0.278572086349566 0.271877803827246 0.347875358307173 0.337553667435976 0.335048380447018 0.335737507995622 0.317819352359635 0.314610385092478 0.316174103780136 0.298401545969084 0.298174574610312 0.25990671231229 0.270965366159822 0.269418059615025 0.269899074632227 0.286828167809712 0.323009872504664 0.210635396397614 0.221454354280591 0.220206823242962 0.216207279049184 0.21076621886051 0.216747152388489 0.228107605342724 0.229891397727174 0.233097544762 0.234595407982777 0.235488386889473 0.239451592833171 0.219880830560609 0.21391762958816 0.18651854486042 0.188462900628212 0.190883089372079 0.191522653696647 0.196677034451481 0.197394879988815 0.199331235366245 0.198657611260685 0.200550001194425 0.199930190651428 0.204050863347141 -9999 -9999 -9999 -9999 -9999 -9999 -9999 -9999 -9999
0.298924415452194 0.281318846384275 0.249231552467827 0.261932096979066 0.253578860503222 0.231201954937259 0.312286535058599 0.320334883191572 0.312627647020698 0.314060081055727 0.314704194727318 0.292615033713167 0.30315807942339 0.302976522800114 0.271852646798838 0.276523111150693 0.273254101353714 0.329034812607873 0.319457433462365 0.217315334679749 0.217985129667869 0.213554029913992 0.215396004424064 0.214994421952264 0.229758334490429 0.231047926248979 0.233845583232516 0.241092032486919 0.239578509596249 0.239903211044491 0.220298393417552 0.221331047443547 0.195427129492044 0.195276891714895 0.191944901899161 0.190241931731483 0.193265548832458 0.192625676591781 0.197971468921093 0.196581908837415 0.193472149963747 0.193301084150252 0.197803956631377 0.202477135657281 -9999 -9999 -9999 -9999 -9999 -9999 -9999 -9999 -9999
0.291144409030451 0.295214501245835 0.243421327396254 0.257847445098433 0.244649500076671 0.236889053437942 0.214058077068106 0.210803247204537 0.311904996427067 0.311447015515649 0.31841024599038 0.306849867252033 0.304245158994269 0.311233463880555 0.284531716034338 0.29675597641283 0.297187832778959 0.287944047907282 0.224813154937369 0.215172377587016 0.207738339272241 0.207579001833256 0.220578683718021 0.232060303849387 0.236976438687845 0.238350721051424 0.239802128785514 0.242518800238611 0.243808338600726 0.246954403126898 0.245427998865035 0.220819312300546 0.195986557756818 0.195073181701304 0.198219039887142 0.195386939358645 0.198936607724967 0.195252093166182 0.197203376681754 0.194302905544709 0.18998218184553 0.191113055146575 0.19799491229733 -9999 -9999 -9999 -9999 -9999 -9999 -9999 -9999 -9999 -9999
0.245922528708458 0.294065623482783 0.246668951993297 0.237704566324115 0.300607892714483 0.24532328897296 0.324980248491873 0.31596967774504 0.313920465895343 0.315457804799046 0.319651836974774 0.306232027439195 0.307325043839286 0.282256097680539 0.281484114158356 0.307277255769056 0.29484656841915 0.298076087110433 0.227875484838614 0.222333868770854 0.222963972685628 0.224268541244857 0.225511661678094 0.225354282552552 0.239769116458836 0.223647257006731 0.247496140476807 0.244657199618449 0.231761472422852 0.229581980233513 0.225678996644075 0.196588054977482 0.19694629971743 0.19129289099966 0.192125136922146 0.193258800062114 0.194166945650823 0.192726987990658 0.194432934512418 0.197544007627138 0.197914820150889 0.202041520536408 -9999 -9999 -9999 -9999 -9999 -9999 -9999 -9999 -9999 -9999 -9999
0.295685086262315 0.252190641620884 0.31245383036832 0.250371195351314 0.260880428404444 0.310109653604486 0.299606626957427 0.327174258812826 0.324196713130327 0.31669292797562 0.317166893743516 0.320331671555884 0.273103214676543 0.278580352048122 0.281814368776956 0.279097857010949 0.226422414827157 0.228395921356486 0.30238515994451 0.233773871357015 0.231541490047778 0.230374358361845 0.235615388340515 0.243185203227746 0.225711389458324 0.25300132035266 0.250168958084787 0.249230652375396 0.232527947080562 0.201631298396885 0.199698837877695 0.201002564003356 0.198701214382778 0.193073902829146 0.191678721198171 0.194200881053211 0.193574058656148 0.195627667253152 0.19525740973929 0.203123179084026 -9999 -9999 -9999 -9999 -9999 -9999 -9999 -9999 -9999 -9999 -9999 -9999 -9999
0.253188939570256 0.293927921462488 0.291139970478358 0.257054746329129 0.253993584883084 0.308774586942788 0.246209556695596 0.245662798673883 0.326143344942681 0.317879632789201 0.316765550667888 0.319505376159027 0.320123196434023 0.279315035949966 0.284092055698392 0.278284320949475 0.32984255153519 0.333894550963785 0.324329886134585 0.226087635321065 0.222249532735943 0.222005815039109 0.22509745260674 0.228711806259556 0.23099127448994 0.230101386032046 0.22819941964756 0.229732528391978 0.20041350697963 0.203994559087606 0.202220679975957 0.199429054358357 0.194179284668324 0.196104532009831 0.193453498006137 0.196102050515027 0.193649603790883 0.200319895229885 -9999 -9999 -9999 -9999 -9999 -9999 -9999 -9999 -9999 -9999 -9999 -9999 -9999 -9999 -9999
0.294102000921185 0.291773455799484 0.330030608931934 0.282907724827627 0.256692593598951 0.246874553316271 0.331733066462218 0.32426879085478 0.31761760334453 0.324197344706749 0.297447672123658 0.293407543877343 0.288106733448916 0.282106737770889 0.286971639931761 0.296381392566029 0.301722330425783 0.295221673393274 0.293778902936432 0.303814607531547 0.234987780769631 0.227571533285939 0.23296919224831 0.234070651200162 0.233528022766153 0.198991065125863 0.198403282472368 0.195836621500085 0.199482160861856 0.192772626600861 0.193789584459812 0.193644248812137 0.191623430052455 0.192355533757353 0.194205335413 0.197708723610688 -9999 -9999 -9999 -9999 -9999 -9999 -9999 -9999 -9999 -9999 -9999 -9999 -9999 -9999 -9999 -9999 -9999
0.283722683346667 0.327802116988971 0.324101574841233 0.317551809917249 0.311993711789523 0.338598231698433 0.292925101653093 0.285485751807957 0.294681657521867 0.299530955561455 0.302620160177971 0.299492803167892 0.27744064975925 0.297217711480504 0.333285424004461 0.289866970075445 0.30539077931405 0.296393491115544 0.293938226470208 0.203621289467781 0.231338327479829 0.234987817023001 0.204523158701243 0.200747742220158 0.203979959272452 0.200450197434705 0.198191541061234 0.20059114036538 0.194904635482371 0.192098092026357 0.189783177752067 0.191192209167944 0.193371638436053 0.199355687234347 0.194226565477182 -9999 -9999 -9999 -9999 -9999 -9999 -9999 -9999 -9999 -9999 -9999 -9999 -9999 -9999 -9999 -9999 -9999 -9999
0.272318449607548 0.327089823859844 0.295274668350975 0.314115915419664 0.306114678577742 0.301652781482248 0.29222036584528 0.285119798771094 0.284556338668514 0.293348919144258 0.302695707544534 0.284840287555635 0.284610778712607 0.299479661857466 0.294109239141307 0.297981958173147 0.303127534130675 0.277652471374159 0.304887467935836 0.2079980785684 0.202294511124851 0.203780302453855 0.205436703897986 0.203294401720306 0.203688628525662 0.203130757428027 0.198070192186721 0.195021213936803 0.195027609840733 0.194699942198002 0.198301070360491 0.171160646359967 0.170375113035293 -9999 -9999 -9999 -9999 -9999 -9999 -9999 -9999 -9999 -9999 -9999 -9999 -9999 -9999 -9999 -9999 -9999 -9999 -9999 -9999
0.290037565373762 0.314863069650276 0.31098015524567 0.277266924210649 0.280449031900562 0.267489417265903 0.296531715172507 0.292746632421239 0.28562406253607 0.293747736384988 0.253220948551949 0.287352683673584 0.287838580421961 0.285590966725544 0.262111211656897 0.26512852139896 0.302484240248273 0.275057629488524 0.237119289559865 0.210469926524221 0.209096606900676 0.206972310414579 0.202350063264826 0.203385705467965 0.202122767942088 0.204267795996588 0.196187448383175 0.196244529612636 0.19655892074545 0.192838696936954 0.198375992764418 0.174191801749085 0.202382609138737 -9999 -9999 -9999 -9999 -9999 -9999 -9999 -9999 -9999 -9999 -9999 -9999 -9999 -9999 -9999 -9999 -9999 -9999 -9999 -9999
0.285789038533899 0.279874386800454 0.313630049972033 0.272035363826086 0.256621381144502 0.248421953417642 0.253287016047099 0.260516769719562 0.261375201688387 0.260894553235185 0.247293513982388 0.247567494376657 0.251370750360257 0.259525458648857 0.226701239499587 0.229995825879977 0.272697364214501 0.23095772023108 0.234131788744682 0.233371324721956 0.236528551242217 0.206879221887435 0.21551491578965 0.21232398984184 0.206968580800109 0.20584276243384 0.20398302330851 0.206983980596583 0.173273734558889 0.198293635946164 0.197354794583479 0.170579927317777 0.175631365287316 -9999 -9999 -9999 -9999 -9999 -9999 -9999 -9999 -9999 -9999 -9999 -9999 -9999 -9999 -9999 -9999 -9999 -9999 -9999 -9999
0.296994942076022 0.289941661631003 0.285680778502392 0.279026553191 0.265335306494503 0.251874736200747 0.243878634914743 0.248201049151095 0.255971365349726 0.245646024066435 0.243022570484282 0.221445074117192 0.266721282343647 0.263893309917953 0.224700590640107 0.267403990938146 0.272172796754446 0.277778903458598 0.235537963226804 0.238072147992342 0.239737549182535 0.239679089230632 0.180826501702313 0.243046371565812 0.215833430001148 0.213428602571319 0.213503269935406 0.214784383267024 0.204794591032008 0.162992589676348 0.162564454561866 0.165971884274007 -9999 -9999 -9999 -9999 -9999 -9999 -9999 -9999 -9999 -9999 -9999 -9999 -9999 -9999 -9999 -9999 -9999 -9999 -9999 -9999 -9999
0.278928616901464 0.265830427920401 0.260698268575691 0.264995389343636 0.275773001156955 0.276143423649472 0.249857638380973 0.243187079477287 0.24813717034015 0.250146553328681 0.257619134777938 0.217997424523393 0.215406386625686 0.189405447879894 0.192153311032945 0.195176862380822 0.19904761660299 0.203753871960009 0.204135700541937 0.238737871171322 0.234513810650657 0.24051601965748 0.240259985932101 0.237632526298065 0.236235088319979 0.240768983194502 0.240129234236586 0.209266824435007 0.203148198038277 0.196854039005163 0.159089293169534 0.159225061728959 -9999 -9999 -9999 -9999 -9999 -9999 -9999 -9999 -9999 -9999 -9999 -9999 -9999 -9999 -9999 -9999 -9999 -9999 -9999 -9999 -9999
0.307964554777046 0.248156640053985 0.240236909091262 0.23554029643073 0.231049910443754 0.252735643875535 0.225497508471521 0.219320844660548 0.17417733206906 0.20799032868343 0.216428392826827 0.172772368969002 0.182935751542779 0.186970908082392 0.189453396644938 0.188458403874463 0.195473103893078 0.197346227252238 0.202988081365606 0.203091219942507 0.207583437454287 0.205578327950035 0.276862032646204 0.24554297672373 0.240308071763765 0.241912505496718 0.243293738488214 0.235120952333024 0.187278755022558 0.161287465961319 0.188119750116538 0.16040890388481 -9999 -9999 -9999 -9999 -9999 -9999 -9999 -9999 -9999 -9999 -9999 -9999 -9999 -9999 -9999 -9999 -9999 -9999 -9999 -9999 -9999
0.303677082279464 0.254151421719309 0.247095065101193 0.234316925238176 0.222960740086365 0.228699068442117 0.218402402120222 0.225092656234176 0.226665156765803 0.255394238062502 0.256460052836331 0.222821348131295 0.22087987168445 0.22185197677894 0.224598637922334 0.221680003987395 0.226143249022734 0.233791386583755 0.201005828457858 0.27795795839609 0.249077509192824 0.244952853645025 0.280686674140834 0.246764073200922 0.242790590041023 0.242061406383439 0.239357415395714 0.198928277613534 0.218874454376455 0.160868458374145 0.184586390374547 -9999 -9999 -9999 -9999 -9999 -9999 -9999 -9999 -9999 -9999 -9999 -9999 -9999 -9999 -9999 -9999 -9999 -9999 -9999 -9999 -9999 -9999
0.295412355834755 0.28831154514903 0.286845813840683 0.278659887896178 0.247817252222192 0.246105063977641 0.21582628142113 0.236897215587978 0.250356171737409 0.215407626147517 0.209926959939154 0.221459286095545 0.221861113764361 0.221750372969776 0.231450000262357 0.234959240825456 0.234715868179356 0.202198808289067 0.198214005785007 0.202467315691459 0.203616429514577 0.173498951615679 0.171907045674701 0.170560256368668 0.173835086308006 0.175029813646074 0.296655589672925 0.292729003033197 -9999 -9999 -9999 -9999 -9999 -9999 -9999 -9999 -9999 -9999 -9999 -9999 -9999 -9999 -9999 -9999 -9999 -9999 -9999 -9999 -9999 -9999 -9999 -9999 -9999
0.280863841979683 0.257438978842006 0.242435871510021 0.240440441766245 0.236218988316091 0.219514979008953 0.211228008176075 0.179549683875787 0.180842651444329 0.189685084980112 0.221541667768981 0.193155436002944 0.194908939452132 0.195499341004482 0.199434135821125 0.204317384439454 0.202111091671178 0.202549320804237 0.170402954522843 0.168206413763306 0.169917023674598 0.169662870045429 0.164577500167452 0.297640225636834 0.294975482956951 -9999 -9999 -9999 -9999 -9999 -9999 -9999 -9999 -9999 -9999 -9999 -9999 -9999 -9999 -9999 -9999 -9999 -9999 -9999 -9999 -9999 -9999 -9999 -9999 -9999 -9999 -9999 -9999
0.269164018693442 0.265829110461921 0.268515848257644 0.22413456089707 0.244300224415537 0.250283507533553 0.23842384750675 0.180886796448567 0.188530825648977 0.221745200955183 0.225912303708076 0.199167850160678 0.196735242767357 0.199526094460132 0.201523398930164 0.201339303606529 0.199784594869636 0.173780225992871 0.168891264827871 0.166720895249961 0.169381852404482 0.166386417188265 0.293339966220379 0.288343424204376 -9999 -9999 -9999 -9999 -9999 -9999 -9999 -9999 -9999 -9999 -9999 -9999 -9999 -9999 -9999 -9999 -9999 -9999 -9999 -9999 -9999 -9999 -9999 -9999 -9999 -9999 -9999 -9999 -9999
0.271156638923477 0.27804587873936 0.304809344318022 0.300720179074171 0.306644975078894 0.201370300711292 0.269163450321221 0.192297737548622 0.192587542134125 0.223919335423335 0.221917051637673 0.228505095980211 0.201795430904778 0.205795830483791 0.200521376992334 0.202029329992539 0.170972229049662 0.170147170069614 0.167720469410046 0.171033653774308 0.168851790703404 0.167010151876748 0.283423484994872 0.28000459352321 -9999 -9999 -9999 -9999 -9999 -9999 -9999 -9999 -9999 -9999 -9999 -9999 -9999 -9999 -9999 -9999 -9999 -9999 -9999 -9999 -9999 -9999 -9999 -9999 -9999 -9999 -9999 -9999 -9999
0.28724347005434 0.263430683114716 0.211486864775199 0.205658132883735 0.261810972296715 0.226544799790842 0.19951147529736 0.197194862252807 0.19424515541132 0.196474170292709 0.201465648554174 0.226072000520165 0.235308306093198 0.23370851502834 0.237748231369776 0.235836875901583 0.175088785574677 0.201395623130361 0.197329373776661 0.29203872393605 0.291436891806881 0.283267915764883 0.279724353320097 0.277766317566826 -9999 -9999 -9999 -9999 -9999 -9999 -9999 -9999 -9999 -9999 -9999 -9999 -9999 -9999 -9999 -9999 -9999 -9999 -9999 -9999 -9999 -9999 -9999 -9999 -9999 -9999 -9999 -9999 -9999
0.270655742497172 0.263833220164 0.296166091977452 0.257589400802131 0.261348436567487 0.265777546878865 0.257699892721262 0.195973134346854 0.19804091059118 0.204336398377756 0.228347393653235 0.233912241063497 0.235843678219289 0.231865364752087 0.230586610139217 0.200027521615802 0.203763150564009 0.300979832951489 0.236112451547282 0.288951267149168 0.288113295818778 0.283854217024279 0.27976175118092 0.2780790362473 -9999 -9999 -9999 -9999 -9999 -9999 -9999 -9999 -9999 -9999 -9999 -9999 -9999 -9999 -9999 -9999 -9999 -9999 -9999 -9999 -9999 -9999 -9999 -9999 -9999 -9999 -9999 -9999 -9999
0.297814123057391 0.294720894647341 0.286792356458569 0.257146312173951 0.256980399156741 0.254202087941739 0.196880899078908 0.194514007864584 0.192582435933569 0.201384322363625 0.228696819639453 0.236104077397713 0.231882457110844 0.234489476646445 0.270654366319692 0.199646073027695 0.17654402576464 0.29607685587268 0.293555283382777 0.288718042620253 0.284027355239656 0.278060133664897 0.273302475305965 0.266508348238305 -9999 -9999 -9999 -9999 -9999 -9999 -9999 -9999 -9999 -9999 -9999 -9999 -9999 -9999 -9999 -9999 -9999 -9999 -9999 -9999 -9999 -9999 -9999 -9999 -9999 -9999 -9999 -9999 -9999
