data/pcas/pca_proj_current/PC11.asc
NCOLS 494 
NROWS 529 
XLLCORNER -117.166666666667 
YLLCORNER -55.5 
CELLSIZE 0.166666666666667 
NODATA_value -9999 
[rows 312 to 335 of 529, columns 424 to 476 of 494]
-0.165550314171625 -0.177334822188015 -0.170126334484034 -0.164939771185421 -0.166899880387827 -0.169528661529438 -0.17281404020075 -0.177378722775737 -0.187488192074308 -0.192879856909073 -0.199651016932099 -0.201159934366283 -0.196108419044732 -0.198556013047527 -0.193966375532478 -0.176536005925999 -0.166129535667426 -0.153046495403811 -0.113268242013345 -0.0942766940846598 -0.0866638767216665 -0.0809785497130981 -0.0842926824505978 -0.120220246629895 -0.136334014606321 -0.127967699391054 -0.131626034542063 -0.129910671605002 -0.125344430387395 -0.118050483411046 -0.108944772808417 -0.106539949101544 -0.102242327628774 -0.0785094560126134 -0.0594940388101803 -0.0413870179542162 -0.0173357461239121 -0.00700293259577789 0.0100750132891765 0.0381525640352618 0.0456799818396942 -9999 -9999 -9999 -9999 -9999 -9999 -9999 -9999 -9999 -9999 -9999 -9999
-0.152361294561636 -0.15414380161109 -0.154117824181023 -0.150932271136615 -0.150785143968216 -0.154756380244693 -0.159922474295042 -0.171479039585377 -0.175647417258284 -0.181524254679086 -0.189767066086038 -0.190951948141179 -0.189128962549402 -0.196274839998249 -0.195400322332765 -0.180473341875977 -0.162338872064588 -0.144590144710576 -0.1057030758822 -0.0753937374224538 -0.0736245299515637 -0.0828182027154281 -0.102010216736331 -0.123456295447945 -0.126454897568345 -0.118401397078005 -0.118818313965195 -0.121540787608305 -0.120395443262745 -0.116806351132323 -0.105697128754858 -0.0990143389204188 -0.0837320983806866 -0.0739038220818822 -0.0555556893882749 -0.0379779344463036 -0.0182661716042807 0.00208062815590759 0.0216789771428845 0.0428621018595519 0.0523734886720351 -9999 -9999 -9999 -9999 -9999 -9999 -9999 -9999 -9999 -9999 -9999 -9999
-0.148393464318547 -0.140856131846463 -0.134333355427759 -0.132385540041012 -0.13528136784466 -0.13759113695329 -0.146658538628331 -0.161508641745605 -0.164971436241219 -0.171091521862068 -0.174128693695564 -0.179709777718122 -0.180758351928867 -0.188611621494113 -0.191439372312375 -0.182590325543621 -0.163196563514697 -0.128754066879394 -0.101423969367174 -0.0797233513069111 -0.0793983887855636 -0.0804303916230777 -0.0941110236172462 -0.116182850674183 -0.119089447797482 -0.117540132406748 -0.114007015968509 -0.11447125666055 -0.112088443461225 -0.107554912697964 -0.0971781782281917 -0.0882567725681791 -0.0766822824554052 -0.0597339192958595 -0.039687448386998 -0.0155451992797815 -0.00388747634564401 0.0145949009238935 0.0299214746312941 0.0309640099746011 -9999 -9999 -9999 -9999 -9999 -9999 -9999 -9999 -9999 -9999 -9999 -9999 -9999
-0.143645477132472 -0.135928559285292 -0.115840294412466 -0.117148918921432 -0.124259482325561 -0.12482622839095 -0.13544652390814 -0.153725659388173 -0.160058050419842 -0.163434355090047 -0.165999634507958 -0.169149149224326 -0.171659794911414 -0.183325250249519 -0.196679995416503 -0.188570672862304 -0.160046956031251 -0.127064220434463 -0.100659231966886 -0.0878995219270022 -0.0839868136021358 -0.0870023692970698 -0.106678367727314 -0.11605126461781 -0.114761002970998 -0.11552646936356 -0.1134363300472 -0.111261431911026 -0.109489190563548 -0.101773000880275 -0.0924227017787462 -0.0777840807670716 -0.0650658303074163 -0.0480127558813859 -0.0283584346518735 -0.00404259879689794 0.0127715149607259 0.0273064597466246 0.0381431722149008 -9999 -9999 -9999 -9999 -9999 -9999 -9999 -9999 -9999 -9999 -9999 -9999 -9999 -9999
-0.138009428497513 -0.125751149365485 -0.114280257250507 -0.110571269970064 -0.118093645886027 -0.118997473255853 -0.129637129323194 -0.145837325744033 -0.156309137833626 -0.156984637398952 -0.161450702980468 -0.162691937096012 -0.168767177111058 -0.177251472338261 -0.184904704389061 -0.182103674293991 -0.162074145095107 -0.130999930773845 -0.110516588524206 -0.0940426938867702 -0.0886781093853077 -0.09033945536618 -0.109853319666096 -0.113830028344287 -0.11685213086003 -0.114257684204726 -0.110645156180311 -0.113554129039394 -0.10674337988165 -0.097264129035751 -0.0872545290229665 -0.0747373899330936 -0.0597684622494463 -0.0393680634840012 -0.0168889454070209 0.00665576312809923 0.0281307611362198 0.0435298647766404 0.0438114718028926 -9999 -9999 -9999 -9999 -9999 -9999 -9999 -9999 -9999 -9999 -9999 -9999 -9999 -9999
-0.148994607475278 -0.132069782974985 -0.113763146093248 -0.107987916524192 -0.115202318878834 -0.118744323209854 -0.12714674131334 -0.144156046002708 -0.151308664464293 -0.153615334288815 -0.157949909819584 -0.163926222096793 -0.168088782872793 -0.171652384466845 -0.175392771064113 -0.17953117838354 -0.159782449291775 -0.141149436983139 -0.106988825011509 -0.0972699298626751 -0.0934785277284775 -0.0953910137946479 -0.101474353422896 -0.107578607874743 -0.10750648644326 -0.112864912735398 -0.11154750258674 -0.112007456515515 -0.105150441844468 -0.0965264365349823 -0.0799148598033916 -0.0672741138839461 -0.0542169642729409 -0.0408394003759134 -0.0157364093430288 0.0144915059106201 0.0412551479509662 0.0524175643633158 -9999 -9999 -9999 -9999 -9999 -9999 -9999 -9999 -9999 -9999 -9999 -9999 -9999 -9999 -9999
-0.144053960451103 -0.134273187828835 -0.117261723153427 -0.109595956490038 -0.113847270467106 -0.118884508260887 -0.129552651007932 -0.139611182182804 -0.148095866331362 -0.155903979614259 -0.161874914258875 -0.160569771098328 -0.169334834347676 -0.172800706939492 -0.17564660938794 -0.167295470458459 -0.156987000954408 -0.137044693791323 -0.107452871364658 -0.098716472611815 -0.0907093662392113 -0.0924648520064641 -0.0949321581703311 -0.100502684246412 -0.104261843794023 -0.111383726031213 -0.108539598746973 -0.114843475483094 -0.105198492714635 -0.0968361137555536 -0.0799560724891895 -0.0652869400029248 -0.0540959310629612 -0.035992459638801 -0.0061526209810645 0.0275905020548208 0.0477231141164607 0.0469401407225258 -9999 -9999 -9999 -9999 -9999 -9999 -9999 -9999 -9999 -9999 -9999 -9999 -9999 -9999 -9999
-0.143276326174954 -0.134245099430605 -0.120809405550859 -0.11474569259917 -0.109863151511259 -0.114480021424942 -0.127350131305219 -0.137162057866555 -0.148297804910332 -0.156305288018407 -0.160853877158637 -0.158365936304574 -0.162655339234336 -0.167450485087884 -0.159827826945399 -0.154080727347834 -0.147248215383107 -0.131744530638878 -0.109155589598084 -0.0993878764692679 -0.0864302312380199 -0.0779194989420069 -0.0865199309047213 -0.101892287720107 -0.109057015086824 -0.114093044517864 -0.115827259580111 -0.117655961958115 -0.106386216194792 -0.0876085967999374 -0.0740165160117523 -0.0529701718259643 -0.0428122193492189 -0.0272204050583453 0.0110298598427936 0.0381164571731643 0.0510273377890949 -9999 -9999 -9999 -9999 -9999 -9999 -9999 -9999 -9999 -9999 -9999 -9999 -9999 -9999 -9999 -9999
-0.14187528537442 -0.131916204790805 -0.118914682898218 -0.10896729928736 -0.105783932059941 -0.115661329526133 -0.126143145922091 -0.135542691036042 -0.139017868488713 -0.142495865252219 -0.14927120803006 -0.152477385419389 -0.154637793341744 -0.152171903334962 -0.149467837678304 -0.152165627790896 -0.146273493166437 -0.123556594474211 -0.114218994265117 -0.103675845538762 -0.0887583239131295 -0.0785068327929412 -0.0835949039560235 -0.10695934840091 -0.112250957118076 -0.115511855134551 -0.110185352446973 -0.108086902032736 -0.0967928007182399 -0.0780693963407493 -0.0594892133304978 -0.0435372472995845 -0.026069194238258 -0.0117008938748375 0.0204484643437484 0.0436198372077232 0.0501117713080221 -9999 -9999 -9999 -9999 -9999 -9999 -9999 -9999 -9999 -9999 -9999 -9999 -9999 -9999 -9999 -9999
-0.148132578742601 -0.139042871121923 -0.121176493901428 -0.123745653364241 -0.120991798895221 -0.110456332043894 -0.117606603136629 -0.121267553971192 -0.127746436656188 -0.13140469743117 -0.131021550728606 -0.135626701592343 -0.144216407424591 -0.142654314850653 -0.149198180189105 -0.155206888647169 -0.140509126102334 -0.130980380646349 -0.124674474276703 -0.115503204079354 -0.105522441708751 -0.101626878152201 -0.111538242071315 -0.109528235203864 -0.110340849505598 -0.106080454108335 -0.103641527769667 -0.0963245119028375 -0.083526747560319 -0.0663052858224535 -0.0493173688032842 -0.0321321593803248 -0.0117087379097343 0.0119335329784942 0.025698793757341 0.0457080934043383 -9999 -9999 -9999 -9999 -9999 -9999 -9999 -9999 -9999 -9999 -9999 -9999 -9999 -9999 -9999 -9999 -9999
-0.159618828954695 -0.144188897750848 -0.121991585737383 -0.113122792826077 -0.119175477058979 -0.116226844571188 -0.115359051968618 -0.109884504129395 -0.11910263013128 -0.114329684877686 -0.116184848308889 -0.120695915906883 -0.126466074661216 -0.12962944867624 -0.146108500679559 -0.154186505681825 -0.154942090954783 -0.144564934188158 -0.134475923423205 -0.128891745016516 -0.127102825907261 -0.139503020752966 -0.13534189682714 -0.115596353519446 -0.106943384837814 -0.0947319313457795 -0.089946198778561 -0.083323570648568 -0.0711257336384792 -0.0523578233209476 -0.0336324376959465 -0.0124908616087254 0.00568005123616988 0.0162787808339999 0.0286252103708651 -9999 -9999 -9999 -9999 -9999 -9999 -9999 -9999 -9999 -9999 -9999 -9999 -9999 -9999 -9999 -9999 -9999 -9999
-0.153009427516082 -0.136442381083364 -0.122116374352402 -0.111845504749404 -0.119760287903593 -0.122480799931586 -0.123135225247213 -0.116666305956419 -0.142394031323824 -0.150068933960445 -0.115582113922486 -0.123462307989417 -0.132147349539102 -0.136462060451965 -0.142667283455187 -0.155531942342093 -0.161933406602005 -0.153648063446314 -0.141447826035638 -0.141859938691463 -0.140555736522799 -0.144352645090608 -0.141628115765428 -0.135350353176148 -0.106483672632871 -0.0877062125424901 -0.0780450472526066 -0.0666096723505802 -0.0540954887026506 -0.0407396749715256 -0.0214154462205376 -0.00189816390126074 0.0192157716579255 0.0265827932060612 -9999 -9999 -9999 -9999 -9999 -9999 -9999 -9999 -9999 -9999 -9999 -9999 -9999 -9999 -9999 -9999 -9999 -9999 -9999
-0.15845172090047 -0.133918255426094 -0.115386812156741 -0.110587465788514 -0.107677688391228 -0.118728275319788 -0.155629890459055 -0.155577145455305 -0.158460248726457 -0.160763297476393 -0.165889321808092 -0.130178059399514 -0.1327714901145 -0.142651404581511 -0.146892780984594 -0.160524969233239 -0.159487972307695 -0.149282559595639 -0.150265366427269 -0.141721661295012 -0.139424122044939 -0.135190868401273 -0.145234421121925 -0.143482730195036 -0.100678131547598 -0.0709276469215694 -0.0645379606600192 -0.0605217637237461 -0.0420262549435297 -0.0286017535642022 -0.015562590256772 -0.00283322758040239 0.0141202890680407 0.0282189250585669 -9999 -9999 -9999 -9999 -9999 -9999 -9999 -9999 -9999 -9999 -9999 -9999 -9999 -9999 -9999 -9999 -9999 -9999 -9999
-0.154842041674768 -0.139559036972587 -0.12011115067037 -0.102157014049673 -0.105062176161833 -0.142212475771023 -0.155844556803554 -0.166674060060539 -0.172875303237019 -0.178303568302262 -0.1756975065859 -0.17395236733899 -0.132546842392599 -0.140815302866397 -0.143503459051645 -0.148841866084338 -0.139534971863816 -0.140993993535625 -0.137573960044995 -0.125006541544883 -0.135211204937259 -0.13807261490109 -0.13999054480344 -0.118733255154128 -0.0918203192622085 -0.0646940903534494 -0.0677096049856769 -0.0635651162350044 -0.039628424555628 -0.0227028538037666 -0.00943549896218832 -0.00533081959878201 -0.00666361249237912 -9999 -9999 -9999 -9999 -9999 -9999 -9999 -9999 -9999 -9999 -9999 -9999 -9999 -9999 -9999 -9999 -9999 -9999 -9999 -9999
-0.16312072945624 -0.15888379850773 -0.132130900749533 -0.101512717208476 -0.128413426748645 -0.13979671649154 -0.148993860709087 -0.159651291504589 -0.167465906516233 -0.179116406527768 -0.17291180670082 -0.165699305108411 -0.135465757236416 -0.145460061979712 -0.147762503508156 -0.142298327283713 -0.126710203546222 -0.126152309512629 -0.123940926863102 -0.119698647005468 -0.127935430010473 -0.118971679141259 -0.111811612657917 -0.0973845952498431 -0.0772060656624021 -0.0634314843072357 -0.0677723704097666 -0.0499886921229611 -0.0260917075925726 -0.0167220050585568 -0.0106936210245197 -0.0107855225725246 -0.00734281951995808 -9999 -9999 -9999 -9999 -9999 -9999 -9999 -9999 -9999 -9999 -9999 -9999 -9999 -9999 -9999 -9999 -9999 -9999 -9999 -9999
-0.160705030896259 -0.186346592632691 -0.160785339528394 -0.135733441080197 -0.129509426732142 -0.133698315242433 -0.138704969012063 -0.144074972172833 -0.146146799401871 -0.157238618434627 -0.169961973723684 -0.168174710880412 -0.165337349725237 -0.142695647614984 -0.138367960476498 -0.128648344380369 -0.120498752597902 -0.113372571993711 -0.104263950271121 -0.103450739902872 -0.105982576166376 -0.0950647165578227 -0.0869666601545238 -0.0734365087425379 -0.0519555318616374 -0.0507430608653121 -0.0397399006721812 -0.0233361718994063 -0.0147775115171878 -0.0162051639520273 -0.0104940342986999 -0.00825654386149388 -0.00505629967242838 0.0058485036451299 -9999 -9999 -9999 -9999 -9999 -9999 -9999 -9999 -9999 -9999 -9999 -9999 -9999 -9999 -9999 -9999 -9999 -9999 -9999
-0.139734587344399 -0.158332498461679 -0.14567565020611 -0.131368670801396 -0.130071571335129 -0.129586123621058 -0.126827182736506 -0.131321181632355 -0.133450567979675 -0.147243532088737 -0.159865599304933 -0.158232334583689 -0.156492089022738 -0.128855602577472 -0.123924941752954 -0.112277935452849 -0.0979631512453483 -0.0858888957242954 -0.0811281517477798 -0.0890208763174463 -0.0912572917952628 -0.0754441929733365 -0.0600264184992163 -0.0518085064551839 -0.0355985588454266 -0.0281096416386215 -0.0172102198945465 -0.0111360687184301 -0.0109325495267307 -0.0107070619227727 -0.00977855240911252 0.0138698596186839 0.00787612586010811 0.0155255274446571 -9999 -9999 -9999 -9999 -9999 -9999 -9999 -9999 -9999 -9999 -9999 -9999 -9999 -9999 -9999 -9999 -9999 -9999 -9999
-0.14247943412835 -0.139322166627796 -0.131670768969817 -0.128430215935447 -0.127253628918239 -0.12594692804459 -0.118852467943364 -0.115857389044149 -0.129609538229182 -0.139111260515541 -0.148069119320212 -0.144413750687765 -0.123617059697621 -0.132990227012832 -0.121229761739525 -0.104069905262958 -0.0858525388490237 -0.0722586096486144 -0.0741953319399387 -0.0789047559523146 -0.0726315048487733 -0.0563200543998521 -0.0540841208999918 -0.0443933886016374 -0.0293768963054988 -0.0202265814632074 -0.00863043253829865 -0.00176021017560091 0.00279169910269639 0.00153654618659971 -0.00908933523387168 -9999 -9999 -9999 -9999 -9999 -9999 -9999 -9999 -9999 -9999 -9999 -9999 -9999 -9999 -9999 -9999 -9999 -9999 -9999 -9999 -9999 -9999
-0.12571170768152 -0.0999741512341532 -0.0982287051413064 -0.115129270927388 -0.116490499666021 -0.129352816844325 -0.118220316289335 -0.0981771988351468 -0.108488076318364 -0.125444612622237 -0.139472524162386 -0.124334041390798 -0.137196643368834 -0.135348099097079 -0.122550846682999 -0.0922413218273768 -0.0745470237827388 -0.0705768088598808 -0.0750195686534982 -0.0677142118007277 -0.0666232780880311 -0.052189473692958 -0.064901805258585 -0.0395958913218122 -0.0234056905671025 -0.0118289238547646 -0.00248921547157632 0.00626350060484393 0.0159942658815453 -9999 -9999 -9999 -9999 -9999 -9999 -9999 -9999 -9999 -9999 -9999 -9999 -9999 -9999 -9999 -9999 -9999 -9999 -9999 -9999 -9999 -9999 -9999 -9999
-0.0987158024194357 -0.0664921858143246 -0.0802179755004673 -0.0688888300887074 -0.0699811459910324 -0.0430929662282957 -0.0542112899579701 -0.075710221732268 -0.133835704804036 -0.120885488708025 -0.116575071070113 -0.130520848078323 -0.144198602046569 -0.137126126746991 -0.1174886086352 -0.0816959750724751 -0.0677856664103631 -0.0677370567219762 -0.0723528217974301 -0.0772453506634534 -0.078524058670657 -0.0728237216362517 -0.0699089189258748 -0.0622680918469318 -0.04339618451495 -0.0155922979641274 0.00502243159994498 0.00661837364332651 -9999 -9999 -9999 -9999 -9999 -9999 -9999 -9999 -9999 -9999 -9999 -9999 -9999 -9999 -9999 -9999 -9999 -9999 -9999 -9999 -9999 -9999 -9999 -9999 -9999
-0.0634899684830588 -0.0521386400858175 -0.0401859897350052 0.00167664548524771 -0.0367908651808988 0.0100610988855254 -0.0379312304538675 -0.129134308276127 -0.133711505147662 -0.117420287775797 -0.09474833370458 -0.0907828166738338 -0.1110826118209 -0.120206850322051 -0.118455979397059 -0.090377143905414 -0.0667277162553037 -0.0640422091871238 -0.0653554221336248 -0.061540729264093 -0.0435340921042657 -0.0458394450774651 -0.0438799875577454 -0.0328659216807883 -0.0218599984827494 -0.0144417306717211 0.00417711627076311 0.0243615055472874 0.0752367828908573 -9999 -9999 -9999 -9999 -9999 -9999 -9999 -9999 -9999 -9999 -9999 -9999 -9999 -9999 -9999 -9999 -9999 -9999 -9999 -9999 -9999 -9999 -9999 -9999
-0.0548162596862087 -0.0424665565032813 -0.00148309077960107 -0.012951636089702 -0.0195298507480275 -0.0720945485036641 -0.101803551058749 -0.10179002589897 -0.0964204918759419 -0.111276191062283 -0.0839012591291772 -0.101665979829608 -0.0971151483741917 -0.0980613167436446 -0.0964079653698677 -0.0879479310884519 -0.0573002624390693 -0.0577427121803353 -0.0580347865895137 -0.0408950451889498 -0.045036514983777 -0.0417478238969866 -0.0221182345676718 -0.00713402979910471 0.00304231369665331 0.0331346790538829 0.0452372579892657 0.0398418192708681 -9999 -9999 -9999 -9999 -9999 -9999 -9999 -9999 -9999 -9999 -9999 -9999 -9999 -9999 -9999 -9999 -9999 -9999 -9999 -9999 -9999 -9999 -9999 -9999 -9999
-0.0446640904244759 -0.0356753517122925 -0.0345734378542333 -0.0379139674913023 -0.0500271057592814 -0.0657835108298528 -0.0670354685325645 -0.0588552223023697 -0.0908361702263516 -0.0957903292023436 -0.077974440676404 -0.0724342579921187 -0.0579458584487322 -0.0650909283440364 -0.0667386810560515 -0.0549534425386962 -0.0373899777775391 -0.0434058182034018 -0.0393839311079311 -0.0252510863536539 -0.0164460341035477 -0.0346500652397292 -9999 -9999 -9999 -9999 0.0604129208807769 0.0633104845878965 -9999 -9999 -9999 -9999 -9999 -9999 -9999 -9999 -9999 -9999 -9999 -9999 -9999 -9999 -9999 -9999 -9999 -9999 -9999 -9999 -9999 -9999 -9999 -9999 -9999
-0.029349284029367 -0.0301183320747178 -0.0315564205516372 -0.0259992416977961 -0.0271150218024552 -0.0174597826088529 -0.0362729999736247 -0.0464617943395509 -0.0417320389709794 -0.0617982704320501 -0.0659689579599694 -0.0499680005182066 -0.042028021597639 -0.0501181397298622 -0.0430777037132692 -9999 -9999 -9999 -9999 -9999 -9999 -9999 -9999 -9999 -9999 -9999 -9999 -9999 -9999 -9999 -9999 -9999 -9999 -9999 -9999 -9999 -9999 -9999 -9999 -9999 -9999 -9999 -9999 -9999 -9999 -9999 -9999 -9999 -9999 -9999 -9999 -9999 -9999
