data/pcas/pca_proj_current/PC11.asc
NCOLS 494 
NROWS 529 
XLLCORNER -117.166666666667 
YLLCORNER -55.5 
CELLSIZE 0.166666666666667 
NODATA_value -9999 
[rows 48 to 71 of 529, columns 53 to 105 of 494]
-9999 -0.0425387619643196 -0.0704859277094174 -0.0775064725166192 -0.0909638797924881 -0.0971860312182526 -0.0914887274433771 -0.112440202508563 -0.108068399645524 -0.083187085451593 -0.0163476039284771 -0.0125966816134033 -0.0314014152263615 -0.0946887636479565 -0.122093912155473 -0.125522305959909 -0.129277046981413 -0.138579570536277 -0.131090914561349 -0.140288833204711 -0.132484352626952 -0.0989455081396899 -0.109182922227897 -0.106669548313493 -0.0953268456689096 -0.100093840053173 -0.0943715080385479 -0.0931400532357647 -0.0891490195595761 -0.0846421410701299 -0.0824016892291448 -0.086410794639765 -0.102542495761202 -0.12721448322544 -0.12503618085218 -0.109526856928562 -0.0994677500363967 -0.0831792807914935 -0.0732028700447831 -0.058630823220529 -0.0400352395325467 -0.0222420796440681 -0.0492403447321879 -0.0456969769538578 -0.0682475519599373 -0.0774329106570479 -0.0846644245494219 -0.072375770997624 -0.0761522349960306 -0.102451442532178 -0.0638613617845349 0.0401104033713797 0.116222271977706
-9999 -9999 -9999 -0.030656267089086 -0.0554951631518161 -0.0818367352452252 -0.111462169240327 -0.104908603932031 -0.120049218910705 -0.0436836088195496 -0.025672520736912 -0.0304618853828149 -0.101727107196932 -0.10403015138763 -0.124102812460336 -0.125160092076567 -0.124299957366734 -0.131305479316647 -0.133411556306481 -0.141210510856041 -0.133320990204632 -0.0961229291469556 -0.103000648791813 -0.111191197282963 -0.104796475368539 -0.0980173741589363 -0.105021402825341 -0.102620372308169 -0.0910344647135228 -0.0897999106851084 -0.0942348885123336 -0.0992171008824667 -0.10492349849725 -0.114978298161154 -0.11201531255788 -0.110539395682737 -0.0894540013860952 -0.0836356422722098 -0.0690304615688451 -0.0554450531085089 -0.0381858388055267 -0.0279504996844131 -0.0513856387730329 -0.0685570716122612 -0.082565791641676 -0.0847967069959528 -0.0777285094837334 -0.0788525646547322 -0.081835786562654 -0.113041574961959 -0.108128544926453 -0.0408344281815651 0.0848367059118287
-9999 -9999 -9999 -9999 -0.0368835207480407 -0.0734393217694196 -0.105654843195675 -0.0990174015720577 -0.122418364196673 -0.119037004738852 -0.0441155106176323 -0.0376039628124243 -0.0469920993986523 -0.115081043309182 -0.119131497602051 -0.139055061708322 -0.123049716775705 -0.127111661696716 -0.132696039548986 -0.138200742978491 -0.140908514898753 -0.0966948817293467 -0.0923811911132146 -0.0921981759005797 -0.0944994736412412 -0.104277183702292 -0.111972197797024 -0.107902161752575 -0.101027782651476 -0.0933767917185255 -0.0979457873431442 -0.0968711877020607 -0.0959542041300816 -0.101117698136342 -0.104050378788062 -0.0976408610615258 -0.086417545367941 -0.0753468750437385 -0.0613178280272604 -0.0525648205124991 -0.0534967317418276 -0.0637599254405314 -0.0620788078605865 -0.074083926685208 -0.0755014506920766 -0.0749771332623439 -0.0820960244307827 -0.0941127226982021 -0.100772458705507 -0.0983134475481475 -0.107288677443943 -0.0450109375703169 0.0727628300449203
-9999 -9999 -9999 -9999 -9999 -9999 -0.0851127376212841 -0.0813629215100442 -0.100372477288786 -0.107756401492285 -0.11555364651691 -0.0474705500694799 -0.0461990397590424 -0.0638692279905495 -0.072799289515145 -0.111077615731056 -0.121965083887878 -0.126824061776455 -0.132085744212603 -0.136080091547704 -0.138018260240647 -0.0995167451005181 -0.0858614938704045 -0.0831642511872595 -0.0906935785214005 -0.0921063686026522 -0.093711651179373 -0.0978403135615573 -0.101230290040636 -0.0965319509390485 -0.0978311285073472 -0.0858008175017364 -0.0814923983965397 -0.0846629094844484 -0.0958235465374315 -0.100283516106598 -0.0846430574399966 -0.0726574467673911 -0.0603542942707751 -0.0555283074907762 -0.077665216156634 -0.0714546724658653 -0.0692240613321768 -0.0695628220771018 -0.0585621537263559 -0.0770626464457878 -0.0976882030456285 -0.105801313793105 -0.105025785781391 -0.102250470797518 -0.0916772904892103 -0.0506273492525211 0.0267508756585246
-9999 -9999 -9999 -9999 -9999 -9999 -9999 -0.0827821579167041 -0.10907719802801 -0.0970343722226157 -0.106563508131211 -0.116315736796337 -0.113598741222865 -0.11775898473474 -0.0726501649802684 -0.118342065459677 -0.115349406822895 -0.123004247947544 -0.131724261858553 -0.140515613386845 -0.131579947623822 -0.096152785641479 -0.0882710399022217 -0.0925723032507082 -0.0934692884742483 -0.0999047165537115 -0.100456717339565 -0.0994021275109058 -0.104988154079498 -0.0982811224223838 -0.0940144683142705 -0.0815958620366999 -0.0754601133429165 -0.082349829330167 -0.0914559819265892 -0.0934479542985094 -0.0833005830090703 -0.0800928931943421 -0.0744406951030983 -0.068038622676895 -0.074154816508289 -0.0696468706223201 -0.0728182656367777 -0.0698882660507536 -0.0597008497353801 -0.0774669890317909 -0.0881980760080991 -0.101817869718868 -0.114052460747788 -0.112215452643628 -0.120096041659934 -0.0981036599404326 -0.0840212770661797
-9999 -9999 -9999 -9999 -9999 -9999 -9999 -9999 -0.105012329061745 -0.0876603754890226 -0.107715028399308 -0.122236060856913 -0.125035563567747 -0.132373970683702 -0.0762047977667906 -0.131024032804017 -0.107173832810441 -0.0985842061202189 -0.130137021297318 -0.135473759202197 -0.135107964383201 -0.0968476118653747 -0.110062696001475 -0.107121520854193 -0.101836223711525 -0.113527939923009 -0.110992056526288 -0.105746965936663 -0.110915808607067 -0.109098350043544 -0.0999503124815502 -0.0760508210703041 -0.078762949743723 -0.0777277069648155 -0.0792621067713952 -0.0809370710632842 -0.0862407671343659 -0.0828648679860855 -0.0842818947462862 -0.0801781828623738 -0.076530338382673 -0.0757082390956252 -0.0676442463185158 -0.0783519735399629 -0.0751626616134793 -0.0831700895054746 -0.0864273206916537 -0.110115810468431 -0.124830366220757 -0.12223729644284 -0.105919062787445 -0.107715590053688 -0.0931966568604747
-9999 -9999 -9999 -9999 -9999 -9999 -9999 -9999 -9999 -0.0782822510082353 -0.11155130378571 -0.1201698505056 -0.119892566292477 -0.130826323201587 -0.13918954281079 -0.139041540273485 -0.131625135153786 -0.116921569723478 -0.113112086348118 -0.122665795342327 -0.129280948365614 -0.150935148906018 -0.108480571079107 -0.0699445532668603 -0.1108215506894 -0.113662240809713 -0.113709816050503 -0.116159482645081 -0.113749774260606 -0.105379404309484 -0.0917470737936612 -0.0803203199405624 -0.0848131991526522 -0.07444346532816 -0.0811424528963429 -0.0871066807026946 -0.0876875538937831 -0.0854461833053644 -0.0952699796696908 -0.0925766653543114 -0.092969867408657 -0.0842130695878391 -0.0989583546408048 -0.0954262858286783 -0.0914258005760731 -0.087327644298739 -0.0849749147124359 -0.114299038383225 -0.12757377006021 -0.112276016455729 -0.123824385288855 -0.122290264001521 -0.110687087154145
-9999 -9999 -9999 -9999 -9999 -9999 -9999 -9999 -9999 -9999 -0.127827136778793 -0.120654849026726 -0.117539191286082 -0.13322657073812 -0.150058060192559 -0.0811137595182627 -0.085844388761362 -0.145632381541909 -0.125788439387129 -0.120233514263514 -0.136790251382769 -0.134646078007563 -0.0872611541326824 -0.0783172253162157 -0.107981732939824 -0.114839222950745 -0.121724853269677 -0.120281085881571 -0.113868420621111 -0.102147428858605 -0.0964428350837854 -0.0933514217024825 -0.0883882528566691 -0.0920286502299121 -0.0947867220160714 -0.0921983807023432 -0.0976031253330034 -0.108332873054497 -0.117326124602559 -0.12601689721632 -0.108089952614718 -0.0921441634354356 -0.103182907551634 -0.1032290550998 -0.0981799664268932 -0.0916418879319498 -0.093574370312564 -0.102792639444549 -0.116607286258481 -0.12086644595711 -0.124577212553069 -0.129504538065647 -0.11285586476228
-9999 -9999 -9999 -9999 -9999 -9999 -9999 -9999 -9999 -9999 -9999 -0.150614868807484 -0.127184416223785 -0.133486155778444 -0.144760480425469 -0.159895672007441 -0.168302888509567 -0.152559056271443 -0.0765503137156602 -0.128036380092629 -0.146081513847912 -0.092405809243238 -0.0742533703404842 -0.0769434094539565 -0.116068446201675 -0.122537106682867 -0.117848149338072 -0.118166190008961 -0.117382269530547 -0.112296086073548 -0.111440531017438 -0.0978675661257635 -0.0992374261600339 -0.100400768888988 -0.100060816067861 -0.101695770221328 -0.106643877708699 -0.121717423138796 -0.134588793114995 -0.139097556329397 -0.135314089606992 -0.109914712608579 -0.109170824111791 -0.0976451718138391 -0.0970505591016195 -0.0931222296980661 -0.0838845964336286 -0.0909502815174656 -0.0947230133989665 -0.0993405389132187 -0.125058330994464 -0.115011431549565 -0.111327009848787
-9999 -9999 -9999 -9999 -9999 -9999 -9999 -9999 -9999 -9999 -9999 -0.132739831814634 -0.122016466469607 -0.142444086172459 -0.145008201819081 -0.155217970780271 -0.164731209158059 -0.169597424870565 -0.084763875266646 -0.0936716783055527 -0.0710687878697045 -0.0758811296169801 -0.0748150070008191 -0.0813796489182028 -0.104933152575446 -0.112108089212391 -0.110262321127352 -0.107449109420633 -0.108041095974844 -0.110886507255881 -0.1124447473122 -0.10607412111996 -0.105156207215312 -0.101195613824259 -0.106683731262007 -0.107018224080538 -0.105700637601959 -0.111415660083138 -0.123885076986127 -0.109075384136665 -0.110693582030177 -0.102065400523816 -0.0743742683512911 -0.0701031866331729 -0.0874299437007049 -0.0916870798610856 -0.0817878690378824 -0.0913588261108189 -0.0779271650670452 -0.0830369193643996 -0.11027550657988 -0.093871992188121 -0.121189872534684
-9999 -9999 -9999 -9999 -9999 -9999 -9999 -9999 -9999 -9999 -9999 -9999 -0.164919737233831 -0.125749922298187 -0.159466461230812 -0.163899104523062 -0.164746816313864 -0.191355822237533 -0.118849688500247 -0.0726357406429927 -0.0905335037061406 -0.0988238873254796 -0.0886010288402868 -0.0881242744094051 -0.106578389919874 -0.109362841249597 -0.108902969094145 -0.0994704621980991 -0.104004424593654 -0.111234516456211 -0.111337234288884 -0.10828061875207 -0.107839930357735 -0.10621056056759 -0.111464454674332 -0.111096533857608 -0.1033903106943 -0.0984474616121078 -0.104767989403196 -0.089903266142322 -0.0778604206971427 -0.0765272002331234 -0.0671116413873367 -0.0747834712820943 -0.0764105021835433 -0.080775814006909 -0.0782903779929001 -0.0698249367787613 -0.0666394213453527 -0.0637600718740132 -0.0837277393814557 -0.0769093038688191 -0.100892159159719
-9999 -9999 -9999 -9999 -9999 -9999 -9999 -9999 -9999 -9999 -9999 -9999 -9999 -0.142670477051484 -0.157051464062016 -0.172670807194425 -0.182036305917826 -0.191044278593048 -0.194490543288908 -0.157139138890278 -0.098091699369657 -0.0968217733737275 -0.0975521964557329 -0.119225377619872 -0.0812892239726315 -0.102630659611973 -0.111872705087644 -0.110942954026463 -0.112260147722675 -0.112614815266414 -0.101410628296188 -0.107823952264353 -0.10542769676196 -0.101378711227187 -0.110159693910124 -0.105051861747518 -0.102787148911879 -0.094054372805962 -0.0908981887632745 -0.0824174162044589 -0.0697790091664658 -0.0634367952524091 -0.0428009543948638 -0.0546383150803669 -0.0621906472957501 -0.0820836677713781 -0.0827700343948661 -0.0730381844115442 -0.0597870647860708 -0.0535353421432849 -0.0656210438418992 -0.0857777318415467 -0.103100028158499
-9999 -9999 -9999 -9999 -9999 -9999 -9999 -9999 -9999 -9999 -9999 -9999 -9999 -9999 -9999 -0.168383118175147 -0.188018598367799 -0.189767633750276 -0.196848169150361 -0.180983806229086 -0.100497453882489 -0.105077992206372 -0.113932826184077 -0.122250855203351 -0.104737800706663 -0.107244373647754 -0.105192813740386 -0.119420110355926 -0.115922719040716 -0.10449630426385 -0.10965691423656 -0.11170342081893 -0.105667056959055 -0.101297602467898 -0.101990935915932 -0.101222844896309 -0.0973485006961705 -0.0911257801011258 -0.0879365367509024 -0.0794162148619124 -0.0794542228635553 -0.0571796134261771 -0.049570737182945 -0.0544307179245669 -0.060373770111068 -0.0727686795413702 -0.0767935138552591 -0.0561379054330553 -0.0601319011246972 -0.0513116470378754 -0.0659130626357598 -0.0972087949246601 -0.0990551719851935
-9999 -9999 -9999 -9999 -9999 -9999 -9999 -9999 -9999 -9999 -9999 -9999 -9999 -9999 -9999 -0.15605797360227 -0.183287221073457 -0.178416597955303 -0.193773064413169 -0.187850703453897 -0.11491549154397 -0.100762958548821 -0.120073065497587 -0.125032796295665 -0.0893120341800575 -0.116724579465152 -0.108900068735077 -0.103210050340724 -0.103982785514572 -0.112741177640502 -0.118394876668946 -0.110803538928648 -0.111631358298522 -0.106512533779991 -0.094874066811959 -0.0995808105812337 -0.0918998652355993 -0.101244517347766 -0.102149417044944 -0.0937738229756491 -0.088572822211856 -0.0825783605253338 -0.0621838535781323 -0.0633897371388867 -0.0708104192277039 -0.0773444909378922 -0.0755543161244256 -0.0527849624899814 -0.0711291476865057 -0.0603612598685572 -0.0581052608516552 -0.0703599889253321 -0.0688980019288743
-9999 -9999 -9999 -9999 -9999 -9999 -9999 -9999 -9999 -9999 -9999 -9999 -9999 -9999 -9999 -9999 -0.166072991131554 -0.183769244991876 -0.189226224909728 -0.202749678026746 -0.119602244100733 -0.175315073434069 -0.130178623644905 -0.125707390580808 -0.12502951946905 -0.121071812153308 -0.108050692778656 -0.107759104931338 -0.112428750659498 -0.121726849289466 -0.112932295568517 -0.106670512846383 -0.110614725335803 -0.101382825899262 -0.0956262511573378 -0.0895783033434525 -0.102793775603962 -0.109458540906726 -0.117570827667131 -0.102428116283835 -0.10435217984754 -0.100131975017467 -0.100434840003964 -0.0916006427531433 -0.066452322779984 -0.0642199049402166 -0.0536203461057791 -0.0572741872343507 -0.0654768488847193 -0.0613526515297225 -0.0550535148520543 -0.0590188002473875 -0.0557193595916496
-9999 -9999 -9999 -9999 -9999 -9999 -9999 -9999 -9999 -9999 -9999 -9999 -9999 -9999 -9999 -9999 -0.201383055208509 -0.167808896646541 -0.177721435472515 -0.19337416837918 -0.193917663993919 -0.132027157017015 -0.117584008053089 -0.142616371091121 -0.137841838473694 -0.130187775746066 -0.11171146813388 -0.116236855366357 -0.119308481158188 -0.119810556009774 -0.11725209389303 -0.108889594913018 -0.113902574681502 -0.103981336401334 -0.0965100830190684 -0.0938756656145308 -0.107670312870499 -0.126239547345167 -0.120914848079537 -0.108944034722474 -0.103771063403888 -0.102115324388793 -0.11493904419355 -0.0963794012439112 -0.0669601462095923 -0.0787891948575834 -0.0470178890400659 -0.0489744838651291 -0.0549300409393325 -0.0483269461783573 -0.0523508148515504 -0.0446342046014463 -0.0540311295286391
-9999 -9999 -9999 -9999 -9999 -9999 -9999 -9999 -9999 -9999 -9999 -9999 -9999 -9999 -9999 -9999 -0.188723001281758 -0.188694899297904 -0.178425798030784 -0.181077106681242 -0.209706323159757 -0.112492701712463 -0.115098156790866 -0.142628665676999 -0.130726353022837 -0.119289298630058 -0.120461487811423 -0.127595409679941 -0.129653293680744 -0.121164256623677 -0.110578118710718 -0.10741675283482 -0.116751380461343 -0.12498250290093 -0.119011543700542 -0.116727596840884 -0.118629171226031 -0.113522950034212 -0.11583605852217 -0.109313533675381 -0.118575396444721 -0.115849463602619 -0.127504129198845 -0.106050931881807 -0.0801750976289091 -0.080111913746665 -0.0714091523887124 -0.0497479936495289 -0.0414703854666412 -0.0439660238059831 -0.0443974105903311 -0.0389935715078509 -0.0323531088961335
-9999 -9999 -9999 -9999 -9999 -9999 -9999 -9999 -9999 -0.0557145531388494 -0.0991575231926549 -9999 -9999 -9999 -9999 -9999 -0.197982670428751 -0.243342886294802 -0.180919350341086 -0.190197413855667 -0.208495799086328 -0.186271813160157 -0.112364806005322 -0.14425909598731 -0.141011678815698 -0.129424662832752 -0.123799768673146 -0.127038717828133 -0.119188795268536 -0.116028141305625 -0.109596219836548 -0.108815150334218 -0.123971584021627 -0.111773368998679 -0.122153585431627 -0.128461162305976 -0.130894125800102 -0.11939454846931 -0.110445426148208 -0.104634791954729 -0.105728966948067 -0.107008584781926 -0.11680040458761 -0.082953777392949 -0.0794063093026893 -0.0798472627925602 -0.0982639506037604 -0.0872576418078856 -0.0601273813684418 -0.0293559731285358 -0.0281550801194128 -0.0210786597745685 -0.00668828022249413
-9999 -9999 -9999 -9999 -9999 -9999 -9999 -9999 -9999 -9999 -0.116047912272384 -9999 -9999 -9999 -9999 -9999 -9999 -0.21576199204395 -0.223533236654895 -0.211575494997196 -0.203844513809845 -0.185774491051549 -0.1038054277517 -0.141406905415834 -0.150872114265642 -0.135576658131221 -0.131704588489809 -0.120608262252278 -0.11193811276794 -0.11693288422709 -0.108036478462816 -0.118610608023146 -0.11311354017508 -0.112685975692226 -0.135374215899321 -0.144664206509604 -0.138183180461614 -0.123069030643053 -0.112036271590474 -0.105795598660603 -0.0967546359642055 -0.091937294432531 -0.0655881445481663 -0.089963437977183 -0.0828452431810649 -0.082933600430696 -0.0918335781526594 -0.0756740372685472 -0.0522564510769841 -0.0395822001300115 -0.0349630845931288 -0.0180258250946275 -0.00389323019770771
-9999 -9999 -9999 -9999 -9999 -9999 -9999 -9999 -9999 -9999 -9999 -0.125035352902216 -9999 -9999 -9999 -9999 -9999 -9999 -0.227976937367515 -0.271606227239982 -0.19290732062485 -0.167491853607997 -0.0870868016048139 -0.103392888456045 -0.14616556948067 -0.13963638083871 -0.0782647312907518 -0.123006168154961 -0.126337955322835 -0.118806044279985 -0.108523206128108 -0.116157537602755 -0.10260981432054 -0.11892742875694 -0.128607536729259 -0.139746821324886 -0.128297125850856 -0.117050998951409 -0.111372747098958 -0.0966670714441631 -0.075631701823657 -0.0497614781458204 -0.0640482681141883 -0.0904879853010456 -0.0987348495958487 -0.10943059964119 -0.110144143912157 -0.0715915445853827 -0.0733704341107475 -0.0417450759586733 -0.0462492371649943 -0.0128209868374198 -0.00291535434003132
-9999 -9999 -9999 -9999 -9999 -9999 -9999 -9999 -9999 -9999 -9999 -9999 -0.115218215588713 -9999 -9999 -9999 -9999 -9999 -0.240695345451239 -0.218211833431811 -0.198492258938037 -0.198516415294937 -0.123657918592325 -0.125640131488167 -0.130176771570193 -0.137528571032794 -0.130170148258428 -0.144561172636737 -0.141360934831969 -0.0778996878882947 -0.0669414520564224 -0.114051633773205 -0.115201417855392 -0.12252055086697 -0.124018169330459 -0.123100833652011 -0.121824577863514 -0.111979094813265 -0.107013894586197 -0.0984104938291575 -0.0513630141846311 -0.0534171484458192 -0.0495272370069051 -0.0938386258894566 -0.0995902028415316 -0.110696146345545 -0.117053845556361 -0.0910238911354453 -0.0896610766848926 -0.0858257654494436 -0.0683881888426434 -0.066862488584515 -0.0129228543650224
-9999 -9999 -9999 -9999 -9999 -9999 -9999 -9999 -9999 -9999 -9999 -9999 -9999 -9999 -9999 -9999 -9999 -9999 -0.251417068834738 -0.22706111671511 -0.200412429100157 -0.18174856518395 -0.112792946812822 -0.129877296794001 -0.127403882642405 -0.135964834034911 -0.0811661894817752 -0.0888887259569389 -0.137510646820185 -0.0740325012200218 -0.0704497071856003 -0.121797132625705 -0.125688477956483 -0.127693109858531 -0.124551245016103 -0.12133278098411 -0.117483713946755 -0.108416445120879 -0.103112462452473 -0.104854866384437 -0.0741892073924992 -0.0722022665657969 -0.0470447801207348 -0.0584928146473715 -0.0928276815715261 -0.0868944971827657 -0.0980672808056284 -0.0994166396178695 -0.102183407172915 -0.103240260511706 -0.0907231978099969 -0.0969598681190105 -0.0460974056396868
-9999 -9999 -9999 -9999 -9999 -9999 -9999 -9999 -9999 -9999 -9999 -9999 -9999 -9999 -9999 -9999 -9999 -0.216516811345775 -0.270500364911794 -0.226412453285572 -0.216408465217203 -0.186254374964094 -0.114806006443417 -0.138866489342194 -0.147750595146336 -0.143706356522415 -0.144978422522092 -0.0856609574703029 -0.091458767251952 -0.0850116560241263 -0.0731389496913142 -0.119094490115164 -0.121536329160577 -0.117180404721152 -0.117310533700317 -0.120227694514339 -0.119322294444921 -0.0670525886453297 -0.109568532100046 -0.0583789004959345 -0.0653476210283284 -0.0769306430387826 -0.0819751525925736 -0.0621596872429713 -0.0838289445827698 -0.079647233650336 -0.0845261367445209 -0.0859862398850959 -0.0973086582207352 -0.0956221685030014 -0.0946998970271578 -0.0981681263065339 -0.0741420597801068
-9999 -9999 -9999 -9999 -9999 -9999 -9999 -9999 -9999 -9999 -9999 -9999 -9999 -9999 -9999 -9999 -0.173898084306941 -0.224819308026158 -0.212649517825451 -0.244539330752648 -0.229088296894879 -0.21337383286074 -0.133210967675525 -0.134531661982268 -0.139702459145164 -0.138976602310762 -0.135625353747685 -0.133761079554343 -0.138174097129288 -0.087231493709969 -0.0718717624300163 -0.063812902885819 -0.117585878841264 -0.118034122037337 -0.0631923821106581 -0.115608133222986 -0.066052811174341 -0.0582824706825207 -0.0524933124619507 -0.0573868260213031 -0.0696166465765318 -0.0710032294308816 -0.0840976425882074 -0.0910793568060697 -0.11125289229097 -0.103392893188574 -0.102778710530661 -0.10820522756817 -0.10432986243459 -0.108671993271501 -0.108511283126494 -0.12112371178937 -0.122354214669409
