data/pcas/pca_proj_current/PC11.asc
NCOLS 494 
NROWS 529 
XLLCORNER -117.166666666667 
YLLCORNER -55.5 
CELLSIZE 0.166666666666667 
NODATA_value -9999 
[rows 120 to 143 of 529, columns 265 to 317 of 494]
-9999 -9999 -9999 -9999 -9999 -9999 -9999 -9999 -9999 -9999 -9999 -9999 -9999 -9999 -9999 -9999 -9999 -0.126026818528083 -0.139875757354244 -9999 -9999 -9999 -9999 -9999 -9999 -9999 -9999 -9999 -9999 -9999 -9999 -9999 -9999 -9999 -9999 -9999 -9999 -9999 -9999 -9999 -9999 -9999 -9999 -9999 -9999 -9999 -9999 -9999 -9999 -9999 -9999 -9999 -9999
-9999 -9999 -9999 -9999 -9999 -9999 -0.250249907377224 -0.221429032527683 -0.225448245971535 -0.221014572080393 -0.240791533653419 -9999 -9999 -9999 -9999 -9999 -9999 -0.128464689054346 -0.128915251564139 -9999 -9999 -9999 -9999 -0.102755210462009 -9999 -9999 -9999 -9999 -9999 -9999 -9999 -9999 -9999 -9999 -9999 -9999 -9999 -9999 -9999 -9999 -9999 -9999 -9999 -9999 -9999 -9999 -9999 -9999 -9999 -9999 -9999 -9999 -9999
-9999 -9999 -9999 -9999 -0.227484739052919 -0.246853303752125 -0.228379638505585 -0.223425928082611 -0.18683846965066 -0.182577077383719 -0.187725004311207 -9999 -9999 -9999 -9999 -9999 -9999 -0.142910993102147 -0.162275196196019 -9999 -9999 -9999 -9999 -0.101970500593448 -0.10016184228239 -9999 -9999 -0.0328842988322724 -0.0299373055550496 -9999 -9999 -9999 -9999 -9999 -9999 -9999 -9999 -9999 -9999 -9999 -9999 -9999 -9999 -9999 -9999 -9999 -9999 -9999 -9999 -9999 -9999 -9999 -9999
-9999 -9999 -9999 -9999 -0.217290816528293 -0.221286718355538 -0.228997526820276 -0.222102872112484 -0.195655988319419 -0.18401601518283 -0.16185068355602 -0.231213737848228 -9999 -9999 -9999 -9999 -0.141401205215419 -0.148540672579302 -0.147699634431128 -0.155135697410548 -9999 -9999 -9999 -0.0927530416580624 -0.0981414894464741 -0.109051718535848 -9999 -9999 -0.0323425343006605 -9999 -9999 -9999 -9999 -9999 -9999 -9999 -9999 -9999 -9999 -9999 -9999 -9999 -9999 -9999 -9999 -9999 -9999 -9999 -9999 -9999 -9999 -9999 -9999
-9999 -9999 -9999 -0.24411050065258 -0.228237960781735 -0.216265877587084 -0.208305721441567 -0.216139376880745 -0.227450064142241 -0.242930267340833 -0.241237709600723 -0.259783410020089 -9999 -9999 -9999 -9999 -0.16058092395728 -0.158034231238121 -0.136622923888219 -0.134595063760121 -9999 -9999 -9999 -9999 -9999 -9999 -0.0287780176930661 -9999 -9999 -9999 -9999 -0.06069614055018 -0.0571793047438947 -0.0254156302007869 -9999 -9999 -0.0348451539632073 -0.08893892892493 -0.0864568792731157 -9999 -9999 -0.138541380185272 -9999 -9999 -9999 -9999 -9999 -9999 -9999 -9999 -0.192999769395366 -9999 -9999
-9999 -0.204956988591541 -0.214433678486252 -0.226809023855783 -0.226249778143007 -0.229647672172863 -0.241600319427242 -0.229221072896902 -0.243264112066925 -0.254237689826588 -9999 -9999 -9999 -9999 -9999 -9999 -0.144122543225996 -0.17034266738121 -0.153971963534966 -0.164895526703831 -9999 -9999 -9999 -9999 -9999 -9999 -9999 -9999 -9999 -9999 -9999 -9999 -9999 -9999 -9999 -9999 -0.0660067441937926 -0.0569649257120548 -0.0845800322038821 -9999 -0.0870798711203227 -0.141981389486153 -9999 -9999 -9999 -9999 -9999 -9999 -9999 -9999 -0.224314732848207 -0.160187240031089 -9999
-0.176060318517384 -0.200737247496448 -0.223663517510689 -0.245799905164074 -0.256890266830053 -0.260646523017202 -0.274578957793421 -0.249534133547394 -9999 -9999 -9999 -9999 -9999 -9999 -9999 -9999 -0.163520824622066 -0.175905107892044 -0.188028427920865 -0.16373085964361 -0.151885505789623 -9999 -0.102785887157897 -9999 -9999 -9999 -9999 -9999 -9999 -9999 -9999 -9999 -9999 -9999 -9999 -9999 -9999 -9999 -9999 -9999 -9999 -9999 -9999 -9999 -9999 -9999 -9999 -9999 -9999 -9999 -9999 -9999 -9999
-0.195576101142812 -0.214237334834952 -0.232821055944303 -0.251794444375919 -0.247206756402845 -0.24862336755294 -0.262361625176132 -9999 -9999 -9999 -9999 -9999 -9999 -9999 -9999 -9999 -0.220883893872501 -0.208237304463989 -0.209789776145287 -0.191079070205952 -0.159546708542777 -0.099763282444346 -0.0948015613985742 -0.108532378978981 -0.128114275063294 -0.143583700933282 -0.156210296705763 -9999 -9999 -9999 -9999 -9999 -9999 -9999 -9999 -9999 -9999 -9999 -9999 -9999 -9999 -9999 -9999 -9999 -9999 -9999 -9999 -9999 -9999 -9999 -9999 -9999 -9999
-0.222876196771844 -0.201529346247965 -0.208382891242209 -0.233400405896925 -0.2271031506307 -0.241758060027704 -0.25205481789556 -9999 -9999 -9999 -9999 -9999 -0.256939467799393 -0.257514031714459 -0.235690828609502 -0.215293590153799 -0.21042038687183 -0.195435981081931 -0.17187967561032 -0.179329732868691 -0.138845651830606 -0.10478349056465 -0.123799089418965 -0.136914529381744 -0.146553437144587 -0.138836186038053 -0.141728705932469 -0.158877616107852 -9999 -9999 -9999 -9999 -9999 -9999 -9999 -9999 -9999 -9999 -9999 -9999 -9999 -9999 -9999 -9999 -9999 -9999 -9999 -9999 -9999 -9999 -9999 -9999 -9999
-0.244562030065554 -0.24647312866268 -0.249480097628473 -0.20916062437815 -0.217057711878534 -0.242912774307783 -0.232979420935433 -0.22559618582325 -0.227321707298636 -9999 -0.231209063140398 -0.251130107139105 -0.251863070017051 -0.22947886958605 -0.211270314391727 -0.200311256676776 -0.199581576949373 -0.203695855070852 -0.189098770935612 -0.189158395986387 -0.152024447064875 -0.182841606178568 -0.19603401935021 -0.198835705711816 -0.193246591467021 -0.187301760271727 -0.170415237669382 -0.15565603921386 -0.15531014438555 -9999 -9999 -9999 -9999 -9999 -9999 -9999 -9999 -9999 -9999 -9999 -9999 -9999 -9999 -9999 -9999 -9999 -9999 -9999 -9999 -9999 -9999 -0.235574179136802 -0.252925907494918
-0.297343070302456 -0.2849504460352 -0.242673516171165 -0.215854887342705 -0.235071975192303 -0.252200789828398 -0.243598397889696 -0.241788591567625 -0.215432213065417 -0.201144398283456 -0.251764678177202 -0.269147949405056 -0.254903572346072 -0.245338448755576 -0.230770952386388 -0.215269957394293 -0.210789620837034 -0.217676248011018 -0.221071595200656 -0.227239108172826 -0.183122865978461 -0.19943649819148 -0.216871985079742 -0.207113270859813 -0.223314777815369 -0.237523453132815 -0.215628755988012 -0.182796861945659 -0.166556034926133 -9999 -9999 -9999 -9999 -9999 -9999 -9999 -9999 -9999 -9999 -9999 -9999 -9999 -9999 -9999 -9999 -0.234339751041141 -0.250086194266797 -9999 -9999 -9999 -9999 -0.2362974995218 -0.245017189472285
-0.294766174773914 -0.257160562403003 -0.232379756428648 -0.214576284201331 -0.246295502092889 -0.257363883691522 -0.252464204972652 -0.239411313547002 -0.195828600531609 -0.231894659533569 -0.265747372109606 -0.279873285434578 -0.2609939209413 -0.254549304244225 -0.252021539376124 -0.253125314146612 -0.248117999386802 -0.234092779333599 -0.225545173229679 -0.207572495776116 -0.192590221439273 -0.201657224037135 -0.236636671531003 -0.260224948735177 -0.260341358206642 -0.266331778860143 -0.250602030620608 -0.22210183100303 -0.19536150457151 -9999 -9999 -9999 -9999 -9999 -9999 -9999 -9999 -9999 -9999 -9999 -9999 -9999 -9999 -9999 -9999 -9999 -9999 -9999 -9999 -9999 -9999 -9999 -0.270727642120878
-0.286712533209648 -0.235620379537492 -0.247713622717079 -0.257529468786653 -0.272139669486417 -0.253562436046508 -0.240683630414461 -0.210853091630528 -0.195586183609633 -0.247021056609868 -0.277883965516299 -0.279938584901648 -0.271257092487683 -0.27336164506409 -0.264519477049673 -0.272485927632044 -0.259265549294793 -0.24878848256986 -0.262799416202252 -0.26316320513472 -0.22559265070228 -0.25227694640127 -0.313114697758415 -0.312862303350027 -0.287558064859672 -0.264680275502787 -0.282333931131922 -0.278576307464571 -0.239107038679641 -9999 -9999 -9999 -0.217320695104203 -0.220977587158531 -0.222365552822123 -0.2413317640126 -0.221389779411692 -0.225150432919513 -0.193336466881605 -0.182640957374675 -0.170116940988136 -0.165744577452349 -9999 -9999 -9999 -9999 -9999 -9999 -9999 -9999 -9999 -9999 -0.316115363198322
-0.240153707560375 -0.200297424994735 -0.214672621287947 -0.275814904541315 -0.280882133977739 -0.240146194346756 -0.207643069427171 -0.207301043932785 -0.204662114327176 -0.216771302011407 -0.264558304145294 -0.253743495488277 -0.257276198240906 -0.249939966614857 -0.259772026182422 -0.256902670477054 -0.272652871520869 -0.276024462213673 -0.2683570007989 -0.266850309090054 -0.275972735317151 -0.267152035920424 -0.278282056850776 -0.293687218837591 -0.288687624362063 -0.307940814244566 -0.283586040316682 -0.312756046053161 -0.305640393527911 -0.288720779824346 -0.281380598645753 -0.25062632382958 -0.24645730358962 -0.249340651550676 -0.242569533922839 -0.262381208146101 -0.233249681450383 -0.217326895770766 -0.202001534975145 -0.191963689568924 -0.196518244732669 -0.199703036670046 -0.217037736747898 -9999 -9999 -9999 -9999 -9999 -9999 -9999 -0.24148331115554 -0.311904802641248 -0.308551206396781
-0.210985597009588 -0.242617853168137 -0.253754914713838 -0.309040909621206 -0.274275702085316 -0.246188092861763 -0.232236119687945 -0.219814693587523 -9999 -0.226136209903288 -0.245333410004711 -0.255130849600981 -0.251457802404396 -0.241571736910075 -0.225585777688438 -0.25147998869206 -0.301611782879498 -0.273492843237611 -0.264527365354326 -0.282658770457885 -0.310408670943335 -0.298717793233007 -0.295942530439045 -0.30064085591148 -0.315095632901806 -0.280806197875153 -0.326286584010865 -0.310839291959176 -0.311098192427578 -0.300741458355052 -0.245129668801054 -0.226434352685334 -0.222777697474925 -0.268668632553667 -0.261876203828573 -0.243950869907512 -0.239324377676853 -0.216981469211289 -0.207367137065952 -0.20092611485294 -0.163681339180024 -0.184857306795055 -0.230917874868184 -0.224981087985079 -0.236210333806718 -9999 -9999 -9999 -9999 -0.306153956851228 -0.308232609851441 -0.334498562713001 -0.345467951921481
-0.192449172579589 -0.223320376779367 -0.311195706896244 -0.30726673958439 -0.267230034095036 -0.239710593616144 -0.235404842569481 -9999 -9999 -9999 -0.254679079666991 -0.298165948246376 -0.276699379845616 -0.236357017193982 -0.219159421177645 -0.240189303126943 -0.293469870432285 -0.260684227349242 -0.274575374994749 -0.283254505373853 -0.331428769208685 -0.311468992770003 -0.31930698236406 -0.27103595819857 -0.263230714255669 -0.269173057035743 -0.314053633212681 -0.283621252217622 -0.276288161137847 -0.25867199612009 -0.201981403213292 -0.23996643879636 -0.230805256537046 -0.229334533523446 -0.266524745887799 -0.257986669640027 -0.258560053023675 -0.265184456498316 -0.27360147612741 -0.25138065079298 -0.253807932788167 -0.274258476154769 -0.259275136382199 -0.260488751739808 -0.266768910629745 -0.278569400169292 -0.304411810396795 -0.321297321193712 -0.302878498221804 -0.296211899246118 -0.308482079760756 -0.350082638955484 -0.350644983295756
-0.181684026961028 -0.282865963483833 -0.309370207584398 -0.29077738911965 -0.26471760402276 -0.230317535659679 -9999 -9999 -9999 -9999 -0.268520029421105 -0.294636565150212 -0.301041636617913 -0.250379158384917 -0.28461563242339 -0.287534687854025 -0.286244513166279 -0.290642092149145 -0.289131670503881 -0.3409445793602 -0.340247459016545 -0.310607093484145 -0.323099666114786 -0.279091439384535 -0.258939795844368 -0.261148817823936 -0.273127825368005 -0.25255455553549 -0.254404219922705 -0.245253153233609 -0.232181406074239 -0.237135106605623 -0.239883395265862 -0.219865441615649 -0.211928737604924 -0.228202188753955 -0.248395806052607 -0.296936233596226 -0.324610708915003 -0.346066611992739 -0.343344140868162 -0.32146372288005 -0.326782653851647 -0.329583125868058 -0.308005723824708 -0.282168385787511 -0.271437252522175 -0.264002644681026 -0.278990630007141 -0.308753130561813 -0.311305834619601 -0.338321147495781 -0.345341328080714
-0.227907137208019 -0.308597258282136 -0.29591642219659 -0.273509058684313 -0.234668482548405 -0.240520342412196 -9999 -9999 -9999 -9999 -9999 -0.30558347620532 -0.345316052538862 -0.311942358654075 -0.273601645136266 -0.271594679106371 -0.302191183270682 -0.265775986049062 -0.318551159764038 -0.330873041192072 -0.290839759468969 -0.304861450576027 -0.293540212772083 -0.212777835896433 -0.201513146601672 -0.187860617959677 -0.199279584018286 -0.194874870737743 -0.197412187962207 -0.240502872263865 -0.229228061925568 -0.224390654180019 -0.207028622091539 -0.215271866798421 -0.219230471317664 -0.240076288194424 -0.256261204845282 -0.276659218920518 -0.302191827363477 -0.32369011679133 -0.323851342107815 -0.310008586725602 -0.301074783771284 -0.293485829276872 -0.262217916605738 -0.295568113528157 -0.29023937537011 -0.276686310311196 -0.275107402938478 -0.277857907220456 -0.330088518293998 -0.337787601645131 -0.337954586200878
-0.323118818225721 -0.328106336561212 -0.276373515995188 -0.278996748391571 -0.237938737097826 -0.247034026552874 -0.245304303142149 -9999 -9999 -9999 -9999 -0.350389344621331 -0.373100088396089 -0.367686436338121 -0.310303390141244 -0.283057041382496 -0.287320774598696 -0.268379389953463 -0.34747410918218 -0.306870615376831 -0.305547729357713 -0.286889284355855 -0.187220218847692 -0.204869145754049 -0.223200944831934 -0.187120255402813 -0.184671221718671 -0.186462906311555 -0.193714048946774 -0.186465094635874 -0.172694181545038 -0.174926045534449 -0.179349618033248 -0.184694675824607 -0.190163773050695 -0.195967152891895 -0.25286168836738 -0.271178474210537 -0.298106015970206 -0.315206189300997 -0.313147496469282 -0.30638835069487 -0.30779902906789 -0.305142249194553 -0.294299857726113 -0.291543558944309 -0.28792526217626 -0.291086053905549 -0.287046750894424 -0.290772194842989 -0.294708313878715 -0.332285704263392 -0.328463759308437
-0.32009638416887 -0.354784696503867 -0.288685032596692 -0.26858172001904 -0.305540359633558 -0.257130898746681 -0.237090406822466 -0.218088320278392 -9999 -9999 -9999 -0.349726361569807 -0.386835114930054 -0.343234373225659 -0.285848357325863 -0.282055515333229 -0.291553113786065 -0.304835532048768 -0.344066242686799 -0.313670792333363 -0.293224740468077 -0.224215323647788 -0.147798451856274 -0.167627729023555 -0.205059583107341 -0.194109010078437 -0.19326864176231 -0.193840339385016 -0.181718156130845 -0.179712155365817 -0.176108962135936 -0.178961924252195 -0.181660558299011 -0.187313147298514 -0.19102200184065 -0.203335759794046 -0.209593650920172 -0.268516623948639 -0.301870618858591 -0.308113656583089 -0.307228720330074 -0.308043602720172 -0.301187705103442 -0.240119610086787 -0.245459569631151 -0.241368109742433 -0.230161526315898 -0.286751212133149 -0.283053856735645 -0.291746927424464 -0.296058479951442 -0.292243480929616 -0.284875177309804
-0.361269866719108 -0.307732023580201 -0.259006206268066 -0.272340853868965 -0.294968160447219 -0.295079517609226 -0.254239843196118 -0.190436232006047 -9999 -9999 -0.333487806535635 -0.335363536645263 -0.352641433334587 -0.265715464256129 -0.278554623575578 -0.293304468075214 -0.328674842438646 -0.340487348654727 -0.329616005421085 -0.231618439666207 -0.152057202018705 -0.156198707288216 -0.137066694154585 -0.141920837194951 -0.181265188789025 -0.18211369768852 -0.196899809229489 -0.180622031845762 -0.193848613821125 -0.190438293790308 -0.181578113098181 -0.177576377770333 -0.182434323462215 -0.191167566850078 -0.192846145721207 -0.201576461049868 -0.214305143078988 -0.284363135608126 -0.305145285427733 -0.303942214573953 -0.299202320417109 -0.238729960938354 -0.236098208729281 -0.23001313917978 -0.240108949360799 -0.237861056673248 -0.240738753106821 -0.275363257719705 -0.282046395666647 -0.290102927734293 -0.292688230444618 -0.29571523698562 -0.281956557763674
-0.413033666274977 -0.338032746724984 -0.300452821439122 -0.329004663948809 -0.298168501027732 -0.294337536816008 -0.272007914540653 -0.232575986047944 -0.237515464114523 -0.267635689809436 -0.322942236909811 -0.31024569528486 -0.23778410465249 -0.274479106917526 -0.320196894548452 -0.288400640767127 -0.285632350322737 -0.299699762426441 -0.195912853137818 -0.160209459387439 -0.143432598201207 -0.138000220743171 -0.137408289191004 -0.133761712040272 -0.166931590342356 -0.17830264992688 -0.193430972074152 -0.181787438195817 -0.188682363484501 -0.188929581136179 -0.188109982902656 -0.186368701212737 -0.194572268827907 -0.209424083510174 -0.201367499332048 -0.204699684889891 -0.223300251803828 -0.231285499501982 -0.306096896578521 -0.301257744527911 -0.296375808370235 -0.239769420710102 -0.23107520484654 -0.234536601729415 -0.244335371961511 -0.243203777192686 -0.245018638507826 -0.29060161106997 -0.296319920972861 -0.305031060661185 -0.30403855154592 -0.298527687479542 -0.280666622819528
-0.392844201680473 -0.374672199957407 -0.347710931537345 -0.329584587859812 -0.30897716653563 -0.29002089988246 -0.281768948272098 -0.247913109861459 -0.244277012637691 -0.286643302569853 -0.252052694013866 -0.224493757902067 -0.300479679142067 -0.279875877647232 -0.285171546271816 -0.275689279237869 -0.30539904958346 -0.223798670003255 -0.17322552703347 -0.144947054966259 -0.142394768651994 -0.130702276180964 -0.132113046867409 -0.126671368253035 -0.177607841175859 -0.199441712925011 -0.197011533134757 -0.176204570084215 -0.189965692740445 -0.194413475703712 -0.18025234029305 -0.192805217898377 -0.212324616969336 -0.211295655568539 -0.194673542609548 -0.210895426237261 -0.21866369512355 -0.22986502665907 -0.301663821773737 -0.314292847589524 -0.315237592173816 -0.251238657668686 -0.245334301373837 -0.247011774395843 -0.290017477061463 -0.295509653640449 -0.305662129411008 -0.295896153141192 -0.296340365561703 -0.311009064730223 -0.312548140927295 -0.285220570321085 -0.270122495901426
-0.335843845586285 -0.364672876069167 -0.353062705601047 -0.323141198808818 -0.319594350750562 -0.304866128478126 -0.297796813015092 -0.268698943432833 -0.241510693180428 -0.24055194450236 -0.240935007693189 -0.314028945879866 -0.281116217493508 -0.248192223371352 -0.273794112027935 -0.336824161407315 -0.200647803109185 -0.172996526430615 -0.160297554859016 -0.158575031669243 -0.153307357535369 -0.146542081524436 -0.143118133680402 -0.132255694305791 -0.190107590250697 -0.184575989496998 -0.187003959019531 -0.181016384498482 -0.185616205000108 -0.182968811075702 -0.179727689826159 -0.202107556429548 -0.225970535163568 -0.204195047786341 -0.185940688527287 -0.198430931147765 -0.205647981519334 -0.212566701210479 -0.24086677726778 -0.314900190816851 -0.24307622118022 -0.254092853568458 -0.249362447799686 -0.300809773692943 -0.304899438331138 -0.305099873712374 -0.304407027731261 -0.303845136983577 -0.301826326856357 -0.311187662916808 -0.314447359625839 -0.292956531617957 -0.269848991498123
