data/pcas/pca_proj_current/PC12.asc
NCOLS 494 
NROWS 529 
XLLCORNER -117.166666666667 
YLLCORNER -55.5 
CELLSIZE 0.166666666666667 
NODATA_value -9999 
[rows 0 to 23 of 529, columns 0 to 54 of 494]
0.133276659788164 0.150519912419412 0.141479135862287 0.104846955896296 0.0865966667246821 0.0441430255779487 0.0159913060509986 0.0268374088501355 0.0123038771610358 -0.0038547765781014 -0.0109333132467935 0.0150052857989627 0.00872716191326228 0.0119014371666686 -0.000921201591434828 -0.00812850202719806 -0.00303836256259993 -0.00316016556531618 0.00487908154459427 0.0130803545449295 0.0146243809931383 0.0218627376368509 0.02444727405014 0.0195452101943155 0.0127715939097673 0.0109851412044248 -0.0087446753550614 -0.00482017708859694 -0.00938098621303529 0.00859595058857843 0.0068844258934494 0.0149361175360148 0.021818924133773 0.0280719653807155 0.0117233078915203 0.0079348066387166 -0.0108027104816032 0.00492849770297232 -0.00761243287970448 0.0327802923804528 0.0173173574952079 0.00225502845847492 0.0411103992904601 0.0267598791896143 0.010790480939146 0.04686511187835 0.0566649316347134 0.0481904124776411 0.061701627997885 0.0648098556470807 0.0688065642339344 0.0437098297443117 0.0222322562697982 0.0446664137359238 0.0596221823293021
0.150487818959566 0.159605102318655 0.151597529448801 0.120059920157555 0.08934484329518 0.0598690819703517 0.0332105538801287 0.0111214615769976 0.0618184754550911 0.0339820848429577 -0.0200508052869152 0.00856445900421199 0.00700814543632089 0.0102730909896011 0.00395468642743146 0.0065612031513006 0.0137822275924857 0.0104239054970049 0.00881163438102994 0.0148302427453483 0.0172380734800598 0.0184196438135196 0.0168296133973443 0.0105136928675051 0.00611228304091893 -0.00132279766573629 -0.00167342859587438 -0.00491588731321357 0.00169275083442777 0.0154700371335994 0.0150812138281456 0.0146582812381473 0.0234126572982869 0.00167138413368784 0.00499447467633429 0.0182101641056569 -0.00358599531886972 -0.0132473308713562 -0.0425686369275786 0.00667633624286101 0.0309658422201509 0.0255359077336297 0.0239907912371642 0.0580637971423746 0.043439945715037 0.0445379126025502 0.0598967311075034 0.0644493921456131 0.049596881243385 0.0683678975556822 0.072980955869564 0.0557251107589353 0.043259836524697 0.0467087155444827 0.0500668152235327
0.162563453976755 0.162875358932214 0.144810471603254 0.128339780288542 0.107303092589006 0.0700940025776032 0.0510797074092627 0.0242271694299854 0.0688760908538101 0.0849855193035627 0.0289359310014411 0.0247883851336248 0.0308315094665654 0.00618818455989356 0.0203692774718929 0.0113707397690626 0.0131953007936672 0.0165548441216554 0.0125131889045863 0.0160845326810151 0.0204545663906185 0.0204467646368531 0.0199016709864794 0.0276309729546658 0.0210993567758859 0.00714331338026897 0.0169269819056672 0.0110146309462625 0.0221993254577663 0.0178359771337978 0.0156752833702374 0.028942194133851 0.0294985996902877 0.0338792784380177 0.0263644889903316 0.0300458121667639 0.00586080452029469 0.00769854756566979 0.0127950640048465 -0.017421699830211 0.0234825483250057 0.0447820097867169 0.0391114618967665 0.0644065547657896 0.0600329890456035 0.0139356516597385 0.0509405786776155 0.0736366746293848 0.0716275677070054 0.069665739042379 0.0717479260867215 0.0758264967224894 0.0647902912431614 0.0491001490774792 0.0495539505046165
-9999 0.161226497779623 0.169042076971215 0.1420349555562 0.116387287300379 0.0988242383365383 0.0626005473990443 0.0305157060051979 0.0342327520265985 0.114678124787523 0.0702401895243333 0.0285216419945789 0.0550452381460856 0.0382238554524392 0.0199684382708397 0.0311597935407147 0.0283126513341905 0.0294787074829411 0.0372549122640582 0.0356608261090728 0.0214702594080841 0.0335271176176165 0.0337634539312244 0.0292590300972974 0.036977950513959 0.0163812147823912 0.0190100325620005 0.0149315387210226 0.0334466085651562 0.025395225700114 0.0200547339716214 0.0201257784869602 0.0220167499350968 0.0316406460708923 0.0418835405238178 0.0388988338160788 0.0299884846887801 0.03069664646187 0.0271127987550791 0.0041758476909074 0.0209397999757961 0.0556797942814867 0.0357356096752802 0.070197213221043 0.0708677517001951 0.0472213425507833 0.0185223386917641 0.0289337711204883 0.0762681825182271 0.0670515800480379 0.0665640819314978 0.0708973703686736 0.0701973199177095 0.0484010421292681 0.0491825827056496
-9999 0.171042774389007 0.166165739201339 0.161474500290204 0.123364687826313 0.118695208281904 0.0943471515482033 0.0440093492195881 0.0155504076727272 0.0863133939242535 0.098344340539451 0.0699522203935586 0.0590737190757518 0.0269565725719269 0.00465542517876449 0.0311862512366203 0.0399575685073481 0.0429633087441544 0.0447336882517214 0.0467451128117122 0.0524546901956366 0.0342037961277036 0.0448218191940495 0.0554602628858832 0.0292400607719394 0.0352484323626227 0.0377695643111798 0.0319301796775913 0.0311589481250548 0.0382772628484055 0.0538454606435161 0.0486043471082143 0.047362173401316 -0.00623525537257308 0.0390226920974118 -0.00865670001341734 0.00894767092746274 0.0259289746736826 0.00162237445879998 0.00989030146750525 0.0103007687092268 0.0652032807849389 0.0325402258365276 0.0198779377914329 0.0645236724204675 0.0568979225810531 0.00226006549420565 -0.0349073490430591 0.0568784623712589 0.0601407075577899 0.0625873022171498 0.0737892953760784 0.0404538549445072 0.0470085899292173 0.0424640105534102
-9999 -9999 0.149717967415594 0.176125797211659 0.140990990970769 0.117861413152265 0.0892789480999777 0.0853155549365104 0.0622360829293257 0.0400924962077517 0.0419121330536827 0.0617185257544971 0.0102220815273394 0.00686964911572585 0.00191315112395329 0.0167274880797206 0.029264226758937 0.0429291214103479 0.0472451988930767 0.0491037901113184 0.0550984193174633 0.0517605478587915 0.0459964844877425 0.051381347733481 0.0432488764286403 0.0276925833623556 0.0204319837174538 0.0382868762144418 0.0483795410258324 0.0464098226114555 0.0552829538387435 0.0581127477682468 0.0702869628387052 -5.42353009918006e-05 0.035154384496127 0.0124658884908213 0.0232773221104814 -0.0166570825337983 -0.0262799691899385 0.00790682854890212 -0.00997612641043877 0.0448419234670345 0.0398455679752354 0.019383127906462 0.0544590631512369 0.0377018095928362 -0.0110764913046157 -0.017959207739241 0.0556193165219141 0.0332772593325917 0.057216184717873 0.0666364541641706 0.0640580590830886 0.0440769432890493 0.0433812121558325
-9999 -9999 0.146858790741225 0.154857735085343 0.147744568848032 0.110313809588553 0.0808303317649454 0.0807579387203078 0.0759051039945408 0.0337338317126881 0.0296079226935452 0.0196297681811073 0.00734860304661722 0.0157760818447779 0.00254562231463817 -0.119885747868918 0.0158757064305068 0.0400135477160721 0.0399220768032036 0.0247206543132261 0.0504226691307097 0.0583619408667213 0.0594606933501926 0.0528557082139227 0.0363076743925632 0.0447901924876487 0.0290194329608642 0.033340852342822 0.0433735615871385 0.0443487498026657 0.0337103684888728 0.0506777453752913 0.0726398794860503 0.0225604510983406 0.0154517972908766 0.00689794242454345 0.00715416258592316 -0.00976406657388573 -0.0114806205332301 -0.00965046217104915 -0.0147566480356843 0.0204047773994781 0.0312520215811374 0.00753177480520273 0.0604740650722519 0.0495281689861948 0.00851280748667516 0.0372215815355397 0.0309028654970401 0.0340762429073934 0.0156091450349667 0.0456572086986953 0.0346187305146922 0.0414725533071164 0.0515935096522865
-9999 -9999 -9999 0.189552664279854 0.156302579110218 0.148723135806267 0.119065512381451 0.0657995837578245 0.0720487500858719 0.0452641928161129 0.0308584069972864 -0.00880395576672621 0.0177928578337936 0.0138397630505087 -9999 -9999 -9999 -9999 0.0285015313667958 -9999 -9999 0.0501838420021469 0.065587995721321 0.0529939247806094 0.0511779578173523 0.0588087261799662 0.0521287774226645 0.0388280800636628 0.029459974037758 0.0419336717625151 0.0463556140621586 0.0517851423672425 0.0662739190465003 0.0530011184183569 0.0266080212593313 0.00607839036521662 -0.00451504380948353 0.00829289760161178 -0.0306083908909319 -0.0192783226159915 -0.0448493858598453 -0.0300776129314561 0.00758896556658684 -0.0174376016785607 0.0295383433482941 0.0505476300729043 0.0302886696373972 0.0578056651376005 0.0314671933443453 0.0314050498442519 0.0278139068131279 0.0514162841925199 0.0313486865793117 0.0404636368134517 0.0596343658668526
-9999 -9999 -9999 -9999 0.178049079203044 0.167281150330303 0.153025268100258 0.101516681517342 0.053688109407564 0.0345983840914413 0.0245412499769843 0.0269209558333265 0.0165519160154224 0.0339964372584173 -9999 -9999 -9999 -9999 -9999 -9999 -9999 0.0165700701172433 0.0359292795788185 0.0409781544432533 0.0526329313546112 0.058608113128321 0.058022634002684 0.0413748274822623 0.0499363514072224 0.0387882855491654 0.0513768137080804 0.0393073423559585 0.0590393196740701 0.071359956196998 0.0517445343776068 0.0323539328740653 -0.00170164930871353 -0.013734854008261 -0.0290089881123404 -0.0394765997955774 -0.0395992682638083 -0.0247732797319448 -0.0238820225961421 -0.0180330750056256 0.000395687388395571 0.0264689394238842 0.0187206280566217 0.053516354783575 0.0323103594955625 0.0175095729638917 -0.00118339377784382 0.0492871162271692 0.035876732041713 0.0458344754417597 0.0607805880781566
-9999 -9999 -9999 -9999 -9999 0.178130747351517 0.167149748809505 0.125343268348927 0.0530882806893131 0.0145382653409609 -0.0114887680229686 0.0304659850793422 0.0316881525393743 0.0277476201541016 -0.000178034412444794 -9999 -9999 -9999 -9999 -9999 -9999 -9999 -9999 -9999 0.0420020955086619 0.0605429796819293 0.068010699926521 0.0610945201908947 0.0584443047351366 0.0618683624457034 0.0574786098578152 0.0714181479291504 0.0577353955543694 0.0411056385398163 0.0591774764645117 0.0370847858819605 -0.00568926851032536 -0.0121913184950118 -0.0445472037536643 -0.0363194834260689 -0.0487359227375183 -0.0300421658833373 -0.0261051951772291 -0.0369742794622719 -0.00178062008637381 0.0246511701473248 0.0350560386564703 0.0599002984545167 0.00628277756199747 -0.0150076394443732 0.0126422955070167 0.036730676899374 0.0380193056434449 0.0485300446022554 0.0606022748027757
-9999 -9999 -9999 -9999 0.168305051533662 0.175486650228929 0.179596691384662 0.147581512962716 0.0627706319344662 0.0174664880623636 -0.0250722717458819 0.024139347711202 0.0540484451084986 0.0290196030232931 0.0469509785797501 -9999 -9999 -9999 -9999 -9999 -9999 -9999 -9999 -9999 0.0412659307956325 0.0592024845942148 0.0721102695283378 0.0693616798444809 0.0756899864964397 0.0566089393141996 0.0529432226781005 0.0791674152893176 0.0710320282997527 0.0632138796326218 0.0705297224706188 0.0568181682624469 0.0306062482434269 0.00850100313064761 -0.0258190914723508 -0.026035170173219 -0.0468372676184523 -0.0362578424737701 -0.0270597458813541 -0.0502455078703038 -0.00549710729276776 0.0266772877721981 0.0152239068445083 0.0510015976884647 0.000484376678525411 0.000143520550492937 0.0277414325066154 0.0224816024929656 0.0300190376149391 0.0375113104531204 0.0432077299858531
-9999 -9999 -9999 -9999 -9999 -9999 0.180767626927188 0.15928578998229 0.0775492813331875 0.0416515539382629 0.0255013667799614 0.00823770735862672 0.0629849401959988 0.0380239961230385 0.0626891327768655 -9999 -9999 -9999 -9999 -9999 -9999 -9999 -9999 -9999 0.0448575598597913 0.0629382383265218 0.0707797553898666 0.0606189747036299 0.0904023045251837 0.0958532807951155 0.0923182857187194 0.093439190652527 0.0788561045416435 0.0691780134200333 0.0755306861408476 0.0584835020741148 0.0435101147846493 0.0322744872997746 -0.00252168128192753 -0.0388086415294101 -0.0397889152951443 -0.0298581856503911 -0.0394134900867299 -0.0256539486167735 -0.0183135805705565 0.00749614160058387 0.0122034746196352 2.82083595647409e-05 0.0208579787653228 -0.0243064199303216 -0.00873939308856397 -0.0059187524151606 0.0212049987229537 0.0264072241767441 0.0425093094904105
-9999 -9999 -9999 -9999 -9999 -9999 0.18448652371916 0.191639938330123 0.123022203611134 0.0706696520654089 0.0470561672294421 0.0224297328932003 0.0394835446955585 0.0399335296920075 0.0516919415270332 0.0325561790724205 -9999 -9999 -9999 -9999 -9999 -9999 -9999 -9999 0.03437564015018 0.0552032840186329 0.070366314919493 0.0591908697045406 0.0774816423186175 0.102242490974885 0.103790749789828 0.0958571318959444 0.103151731911889 0.106546624984954 0.0947316729188799 0.0929090945890805 0.0774863499152934 0.0209783383115524 -0.00442001446815465 -0.0323180413008662 -0.0414563181307269 -0.0438909395694254 -0.0392674797366995 -0.0236218111613532 -0.0380081695234976 -0.0129812283357116 -0.0132990745490664 -0.0424677287011418 -0.0416513188944007 -0.0190187713942481 -0.0284466910269151 -0.0380932395724204 -0.0143437432651738 0.014291244547635 0.0371084064495689
-9999 -9999 -9999 -9999 -9999 -9999 0.178356584957215 0.198861241548591 0.160725360606488 0.0857130416437379 0.0634414384712293 0.0548343455775575 0.0420954486931407 0.0522185771304281 0.0242990893074114 0.0331855266394263 -9999 -9999 -9999 -9999 -9999 -9999 -9999 -9999 -9999 0.0331722682763229 0.0578508108877611 0.0716745311002517 0.0680677257490884 0.0967128697953993 0.109836368951727 0.0928296073493053 0.112467445146688 0.123188001512527 0.111106710409435 0.102562866618243 0.0651860347667552 0.0156879671556109 -0.0132978395638185 -0.0320644076637738 -0.0582278453140878 -0.0559318392283246 -0.0358198395672833 -0.0393795831900556 -0.0333101026723374 -0.0401808034063218 -0.0352810404644534 -0.0470647054922618 -0.0541968050690393 -0.0272616766805139 -0.0296829597370249 -0.0384653727251664 -0.0296697569300524 -0.00070926552271533 0.0329979013904674
-9999 -9999 -9999 -9999 -9999 -9999 -9999 -9999 0.17547287962341 0.133761993311292 0.0866513636075411 0.0690757101415117 0.0637152702586797 0.0558124582521498 0.0403863749233059 0.0459059318130062 -9999 -9999 -9999 -9999 -9999 -9999 -9999 -9999 -9999 0.00685229619648164 0.0368130954638315 0.0637919491360031 0.0696529897255569 0.0806786695385167 0.0999963309335591 0.106069092301112 0.103946951452909 0.112389795934955 0.103727838573597 0.0939996649736211 0.0688323934063204 0.0111728891837518 -0.0231283573986444 -0.0454462959038375 -0.0635801014540578 -0.0572737044145497 -0.0723280560595777 -0.060155581709703 -0.0424853493101068 -0.0614282793309684 -0.0474985332847491 -0.0401088228276814 -0.0494393669459947 -0.0446172614298737 -0.0443420525057058 -0.0445214549063484 -0.0227041190602419 -0.00219313925120612 0.0279816540775009
-9999 -9999 -9999 -9999 -9999 -9999 -9999 -9999 0.202499515212397 0.180943521874127 0.134306348823542 0.0922061768035392 0.0814162856661707 0.0717446691830405 0.0434529047645646 0.0683916346217593 -9999 -9999 -9999 -9999 -9999 -9999 -9999 -9999 -9999 -9999 0.0146073239572266 0.0611068854980819 0.0754656202427652 0.094340482886626 0.100936556573613 0.115507751909978 0.119139723158495 0.117451183193675 0.108422943644954 0.100230277538988 0.0713255447489264 0.0228033475410219 -0.0201623900458544 -0.0534415235486947 -0.0750145523918315 -0.0617052330594691 -0.0810223641624789 -0.0723301344367396 -0.0606491265957603 -0.0759896861320584 -0.050467701385885 -0.0415796661243149 -0.0612467108767631 -0.0594539659503801 -0.0519248982558548 -0.044653484960822 -0.0266223724086787 0.0204014608507598 0.0260877683666634
-9999 -9999 -9999 -9999 -9999 -9999 -9999 -9999 0.210230048741356 0.194174349844379 0.172985181329907 0.128847897808695 0.108309379725686 0.0804680223061806 0.0533977651917334 0.0335111952432364 0.166521839521701 -9999 -9999 -9999 -9999 -9999 -9999 -9999 -9999 -9999 0.00948357297707647 0.0569976373350062 0.0785366736907224 0.0967635122430064 0.109756491188287 0.116563494179543 0.117375602764198 0.127283386163376 0.13620119291185 0.112174413333332 0.0829718889725506 0.0616330723811953 -0.0125955432260111 -0.0279600074218196 -0.0723046532096026 -0.0619842725879082 -0.0935095705893099 -0.0982805347279717 -0.0810481209843406 -0.0926300553569879 -0.0814780551421214 -0.0601116700901702 -0.0714686605473291 -0.0700672828779773 -0.0627915187209308 -0.0545409427468204 -0.0377620949538447 -0.0159494979142323 0.0130653909930718
-9999 -9999 -9999 -9999 -9999 -9999 -9999 -9999 0.211542957082379 0.214917120648769 0.187141015881402 0.152721519229375 0.124973103919757 0.0891750466538559 0.074277661407178 0.0415365266576975 0.142908508998282 0.076818628763485 0.152778400419903 -9999 -9999 -9999 -9999 -9999 -9999 -9999 -9999 0.0535267606252268 0.0842749664593113 0.0994336475961088 0.119186099555526 0.119122892067956 0.123062696412134 0.139287717394054 0.136796783877537 0.131340257110308 0.110522719745333 0.0945215787644378 0.0459972251809637 -0.00564929515834334 -0.0463886487839372 -0.0707367306125647 -0.0794065905900154 -0.110660425274724 -0.103142342400052 -0.0822990576777903 -0.104579675444636 -0.0764366926895995 -0.0818913419296055 -0.0719567180795668 -0.0787345717178649 -0.0741003141321229 -0.0696849908341292 -0.0557200164253167 -0.0259062653629946
-9999 -9999 -9999 -9999 -9999 -9999 -9999 -9999 -9999 0.227117289658722 0.18608424679664 0.205851325370905 0.1796242067991 0.138564464591531 0.0966789138064696 0.071863442602641 0.0634691599475377 0.0949839714745958 0.100503131486564 0.0833575676436225 -9999 0.0040930569042219 0.0168844945929497 -9999 -9999 -9999 -9999 0.0470835104852607 0.0660201126872689 0.0983793308584651 0.116555306721274 0.138775504648342 0.141955034867925 0.141245807416008 0.147639613196508 0.148805237877023 0.129936116100588 0.117985903786845 0.0690279056659026 0.037639087566904 0.0284925052527228 -0.0519471867334931 -0.0560133250038808 -0.104567275982907 -0.104653158489846 -0.0840705678781688 -0.112895647560566 -0.104679749392743 -0.0927028288068205 -0.0850631082334197 -0.0827765186044976 -0.0868791593842742 -0.1000548111573 -0.0751346821694776 -0.0578650184851245
-9999 -9999 -9999 -9999 -9999 -9999 -9999 -9999 -9999 -9999 -9999 0.220192977646909 0.22307562479955 0.202523650864207 0.173923454730182 0.0989791771880502 0.079069797895513 0.0826367914567882 0.0391986452844738 0.0526140498230495 0.0470802026032786 0.0076137737912737 0.018055539474963 -9999 -9999 -9999 -9999 -9999 0.0636714081025761 0.0947738953927469 0.114889463730005 0.13149645425751 0.146454615393741 0.149528261920471 0.150638112006234 0.148095201588438 0.139614997750057 0.130843870362354 0.0918426549483075 0.0741298815713335 0.0869593654804843 -4.56036332509013e-05 -0.0695257902379544 -0.0829595842381742 -0.0792551717100992 -0.0839513090582883 -0.1336021199152 -0.0972655141019045 -0.0986138003374936 -0.0865931299438135 -0.0954302881984078 -0.0989073885351199 -0.0952437239367534 -0.0853806858986436 -0.0631117585177328
-9999 -9999 -9999 -9999 -9999 -9999 -9999 -9999 -9999 -9999 -9999 -9999 -9999 0.224050542716115 0.223743515181374 0.163008155566841 0.104330931520969 0.0873759682202983 0.0683444936184775 0.0456173491504061 0.0531840560474999 0.0534557202974889 0.0274735764960513 0.0146812240889842 -9999 -9999 -9999 -9999 0.0544969572591023 0.0634364306942705 0.0990099354252471 0.126792064376634 0.155545869306673 0.164358667446564 0.156241853162832 0.159460535676757 0.153747049002198 0.1179721438556 0.112254276276779 0.102073480897626 0.0943528985209385 0.0363299106384115 -0.0416910805858631 -0.0924348427977282 -0.05192241063111 -0.0774547027360775 -0.114981379007781 -0.0912406517999031 -0.115015947747874 -0.117055393024003 -0.120138510515368 -0.103433864788875 -0.114375370381591 -0.0967776112621019 -0.0603670861971111
-9999 -9999 -9999 -9999 -9999 -9999 -9999 -9999 -9999 -9999 -9999 -9999 -9999 -9999 0.239898270065101 0.212207841819562 0.166881951809215 0.112700793906205 0.116412744455126 0.0739454190138159 0.0551707425718984 0.0281022681514382 -0.0980576262803794 0.0202422241327298 0.0414785718500048 -9999 -9999 0.0183706321389501 0.0753908486458876 0.0797336233723376 0.0949938818427905 0.137479343250366 0.156531195993138 0.159127232442273 0.160728255887392 0.163490967628339 0.163051336795097 0.127161755063489 0.11898806504873 0.113070434186788 0.102096235485608 0.016332253355092 -0.0210098606616914 -0.0793185075780278 -0.077500419008713 -0.0996467606833195 -0.0796490185804131 -0.0746872700106315 -0.133402427488745 -0.147556785141633 -0.121111090119296 -0.122981324487322 -0.115894953546394 -0.0822817436015135 -0.0555792140283268
-9999 -9999 -9999 -9999 -9999 -9999 -9999 -9999 -9999 -9999 -9999 -9999 -9999 -9999 -9999 0.221334069811899 0.20823082274763 0.144553666444419 0.138836407277935 0.0962961755839797 0.0434856368311356 0.0186170427724879 0.0112603200931325 0.00955951585466019 -0.0479184698356172 -9999 -9999 0.0509314729927598 0.0750223157683219 0.0760067646410494 0.083809291449227 0.124260950362837 0.153744956882451 0.15593999560605 0.15800441446279 0.163164984034871 0.143363990487307 0.141663021263034 0.13133557737058 0.115145709514557 0.0888792418736707 0.0536124333700301 -0.00741540515052219 -0.0608023032410414 -0.0684836221884872 -0.0932671597947159 -0.12168099692048 -0.120741955695425 -0.140367960870216 -0.16570716802477 -0.131414247194615 -0.1395490974682 -0.109719693293174 -0.0977529765695951 -0.0492688864232229
-9999 -9999 -9999 -9999 -9999 -9999 -9999 -9999 -9999 -9999 -9999 -9999 -9999 -9999 -9999 -9999 0.204120751556009 0.215770786509771 0.169620374034403 0.104480119329021 0.0612473642748487 0.0342867471877125 0.0250462611923585 0.0236970477192343 -9999 -0.0639291860243243 -9999 0.0230303259101905 0.0728572817708262 0.068340576889609 -9999 0.0973954877399618 0.14296229100179 0.141457210998008 0.155977310862301 0.159272138653548 0.1510147059299 0.138697548157156 0.142475703725409 0.121933219061833 0.0878757831714173 0.0483261560944829 -0.0170990973764789 -0.0388863359882243 -0.0648572735521501 -0.0593784147832208 -0.135914018896577 -0.153578392059485 -0.157476675808299 -0.193074404762195 -0.167792217859908 -0.166279007630071 -0.13197756947845 -0.116851266709917 -0.052954958960043
